30
0.0314514366364 0.0179151897049 0.148705689344 0.0631330997176 0.0991765707177 0.140066530531 0.542098982398 0.023015295127 0.0911559741232 0.0451551332239 0.079223051944 0.106415927512 0.044891801276 0.0125275076286 0.0388241127613 0.0210054402465 0.0466468708745 0.125871369107 0.0210495138202 0.0512444991133 0.0354646018646 0.242072249725 0.0399774891594 0.0589662330248 0.0248608942987 0.0533286406295 0.0157982173188 0.0197813299257 0.169485482474 0.0384738749472 
0.1863274272 0.0159586926185 0.0174854994405 0.0175236329158 -0.00294403635728 0.018550259127 0.0361047883044 0.053567430118 0.0214523027991 0.0115649864822 0.0255376436881 0.0191625048797 0.025992141782 0.0219912645723 0.032327203497 0.0145799736605 0.0200791679739 9.11991046969e-05 0.0162183894834 0.0112460646827 0.0285519798114 0.0360862052478 0.000275262709992 0.0126917975584 0.0515278190077 0.0180031741025 0.0215447344138 0.0587177074012 0.00267063246741 0.0115299128736 
0.0159586926185 0.314677046441 0.0352158620149 0.00686644342312 -0.0159258653087 0.0046715957746 0.0152008666401 0.0137807930769 0.0124574966213 0.00403058237716 0.00769505577087 0.00382609336916 0.010313232338 0.00483535308563 0.0147261817474 0.0111647563484 0.00465065736774 -0.0149559003385 0.0119384805172 0.0249606366239 0.0177196812484 0.000961682068347 0.00554475502443 0.00929863012473 0.010777015052 0.00764841879299 0.0141152566365 0.0143150841509 -0.00123520600928 0.0103362673389 
0.0174854994405 0.0352158620149 0.648732472182 0.0619850377954 0.0217300719495 0.011770661109 0.0159208035461 0.00948104473185 0.0373311515949 0.00928501082338 0.0363230662934 0.0600447749351 0.0117598767403 0.0134832468552 0.00889781306985 0.00602070629433 0.0231260770337 0.0107705569179 0.00806293881603 0.0377334164739 0.00370633902663 0.0492766585259 -0.00551824922319 0.0196762296042 0.0260265431782 0.013457801096 0.0144923436139 0.000543969934542 0.0310912255015 0.00843882198052 
0.0175236329158 0.00686644342312 0.0619850377954 0.470631641002 0.0132974160916 0.0160962152379 0.0058611613966 0.0147653164993 0.0229732817098 8.689757646e-05 0.0371737337212 0.0516710235709 0.0242072874505 0.0244752428025 0.034874007401 0.000978439282093 0.00875388754078 0.0364424914579 0.0147125800677 0.0379021887131 0.00253901709163 0.0632467237552 0.00626417097603 0.0205802416002 0.00320681513129 0.0079743806147 0.0112051371317 0.00412885494436 0.0495567313823 -0.00117520497432 
-0.00294403635728 -0.0159258653087 0.0217300719495 0.0132974160916 0.643583316698 0.0136535161934 -0.00149753751764 0.0140072756399 0.00789306133624 -0.00350685872877 0.00320482863372 -0.0100546207324 0.00444828089144 0.0132923599777 0.00971361223645 0.00826608558614 0.0110907015248 0.00260688429663 -0.00403308847872 -0.00408034711782 0.00929794063197 0.00359335778222 -0.0154393668851 -0.00951305387414 -0.00117061221599 0.00558926384706 0.00113485523195 0.000825395253841 -0.00259069672536 -0.000102117046513 
0.018550259127 0.0046715957746 0.011770661109 0.0160962152379 0.0136535161934 1.45467731748 0.00238191360821 0.0222193911169 0.0617687316726 0.0087153619659 0.0113659133814 0.0342175103504 0.0231790544539 0.00859637350465 0.00953428614457 0.00287384094283 0.0027422783544 0.00590225418995 0.000483553756779 0.0175304598164 0.0145205753281 0.0821639519602 0.00534651663111 0.018550509883 0.0116411391743 0.0143901379523 0.00996046391673 0.0154608693767 0.0275470915902 -0.00187350061582 
0.0361047883044 0.0152008666401 0.0159208035461 0.0058611613966 -0.00149753751764 0.0023819136082 8.19459261494 0.0227173164489 0.0147403849657 -0.00862032098482 0.0183993460655 -0.00689549092209 0.106843195442 -0.00984545510414 0.0178912988753 0.0153074350582 0.0252005459404 -0.00387578663015 0.00164319779358 -0.0106228864837 0.0120925058205 -0.0116531013882 0.000359666382474 -0.00848423858224 0.0261973832604 -0.0182815444172 -0.00841859068376 0.0179165083368 -0.0233638463243 0.0292563442991 
0.053567430118 0.0137807930769 0.00948104473185 0.0147653164993 0.0140072756399 0.0222193911169 0.0227173164489 0.147285828094 0.0143427364258 5.90419219195e-05 0.00326113503682 0.0126308610558 0.0141061447765 0.0201539942561 0.023497028982 0.0123921945192 0.013589354753 -0.00172805788342 0.0125495082891 0.0218032487564 0.0198843380436 0.0273680578859 0.00621096931769 0.0163477307238 0.0277250361627 0.0233081559832 0.0116582597225 0.0324829014441 0.00994373558042 0.00956330342045 
0.0214523027991 0.0124574966213 0.0373311515949 0.0229732817098 0.00789306133623 0.0617687316726 0.0147403849657 0.0143427364258 0.368713711788 0.016023133283 0.0178574481042 0.0372707099133 0.0507226510772 0.00623970873264 0.0276494333237 0.0164126137151 0.026617546343 0.00828485516433 -0.00317816214374 0.0380847203403 0.00206738173052 0.113940566179 -0.00480422165057 0.029447416048 0.022286298272 0.0158243103695 0.0103465238722 0.0143036833699 0.0309155104643 0.0385167570491 
0.0115649864822 0.00403058237716 0.00928501082338 8.68975764612e-05 -0.00350685872878 0.00871536196589 -0.00862032098482 5.90419219226e-05 0.016023133283 0.310982327366 0.0171054621323 0.0200045739559 0.00838580979044 0.0131186223804 0.0109099979116 0.01090141801 -0.00201962561717 0.0158427357626 0.00290835734689 0.00632920683552 0.0217735879117 0.0379839740937 -0.0185878433777 0.00856727867816 0.00298911819563 0.00692265303915 0.00662439779151 0.00581288279819 0.0261476620974 0.0142765870606 
0.0255376436881 0.00769505577087 0.0363230662934 0.0371737337212 0.00320482863372 0.0113659133814 0.0183993460655 0.00326113503682 0.0178574481042 0.0171054621323 0.381105469964 0.0519756821024 0.0178170659278 0.0252233950086 0.0209170371437 -0.00947997294841 0.00248609651914 0.00587674796627 0.0861056879483 0.0251452802314 0.0140643370672 0.028796760636 -0.00939785705638 0.0154517853289 0.0304698111962 0.077568325946 -0.00438432587516 0.00990803860514 0.0189475928637 0.0259142476067 
0.0191625048797 0.00382609336915 0.0600447749351 0.0516710235709 -0.0100546207324 0.0342175103504 -0.00689549092209 0.0126308610558 0.0372707099133 0.0200045739559 0.0519756821024 0.62114031631 0.0282898992677 0.0343509360318 0.021478922454 0.00357652393165 0.00895546970734 0.0322344324359 0.0251325396794 0.0301114477811 0.0178555739406 0.0793659988841 0.0123597213522 0.0254410157765 0.0279663443924 0.0115202260905 0.00460853769026 0.0208591846315 -0.000736430459446 0.00935914450771 
0.025992141782 0.010313232338 0.0117598767403 0.0242072874505 0.00444828089143 0.0231790544539 0.106843195442 0.0141061447765 0.0507226510772 0.00838580979046 0.0178170659278 0.0282898992677 0.326741262573 0.0264208912719 0.0292796621899 0.00924265603977 0.0174219986821 0.0244091697968 0.0206892713483 0.0293091759385 0.00643263681137 0.0641617165849 0.00723271401704 0.0240069110233 0.0284238448522 0.0146681768957 0.0321042067432 0.0100270219736 0.0212688169996 0.0119376357503 
0.0219912645723 0.00483535308565 0.0134832468552 0.0244752428025 0.0132923599777 0.00859637350465 -0.00984545510414 0.0201539942561 0.00623970873263 0.0131186223804 0.0252233950086 0.0343509360318 0.0264208912719 0.306399005205 0.0246776954484 0.0118539586958 0.00865839899178 -0.00670652070294 0.0152998126251 0.0110702899621 0.00519438017656 0.0420842763745 0.0059649592148 0.0125527900392 0.0135984349756 0.0159619872952 0.0113191835505 0.0152335090229 0.0126187740891 0.00593121895117 
0.032327203497 0.0147261817474 0.00889781306985 0.034874007401 0.00971361223645 0.00953428614457 0.0178912988753 0.023497028982 0.0276494333237 0.0109099979116 0.0209170371437 0.021478922454 0.0292796621899 0.0246776954484 0.193555919438 0.013415007238 0.00900977913319 0.014197206749 0.0160398067133 0.0131207030895 0.00293815010898 0.0291518439717 0.00688089838565 0.0147634973767 0.0291073291092 0.0156703240482 0.00902048423283 0.0136033446494 0.0116842757758 0.0143821039685 
0.0145799736605 0.0111647563484 0.00602070629433 0.000978439282092 0.00826608558614 0.00287384094282 0.0153074350582 0.0123921945192 0.016412613715 0.01090141801 -0.00947997294842 0.00357652393165 0.00924265603976 0.0118539586958 0.013415007238 0.134864411609 0.00906201514565 -0.00297679281144 0.00141463393141 -0.00704513575069 0.0100797818201 0.00844310751972 0.00309208558637 -0.000735716304011 0.0133390949766 0.0105685878734 0.0151221685495 0.0078080232736 0.000452412140013 0.00476224539653 
0.0200791679739 0.00465065736775 0.0231260770337 0.00875388754078 0.0110907015248 0.0027422783544 0.0252005459404 0.013589354753 0.026617546343 -0.00201962561717 0.00248609651914 0.00895546970735 0.0174219986821 0.00865839899178 0.00900977913318 0.00906201514565 0.375529461163 -0.0116417229154 0.0103582614506 0.0173198095384 0.0453056122596 0.0130906928222 0.0118845437756 0.00920668105997 0.0274961475386 0.0196568991152 0.00110296759184 0.00981773688226 0.0257073775117 0.0144632119669 
9.11991046949e-05 -0.0149559003385 0.0107705569178 0.0364424914579 0.00260688429664 0.00590225418994 -0.00387578663015 -0.00172805788342 0.00828485516433 0.0158427357626 0.00587674796627 0.0322344324358 0.0244091697968 -0.00670652070294 0.014197206749 -0.00297679281144 -0.0116417229154 0.845259052771 -0.0214167630406 0.010284093793 0.00331599090672 0.0381556853416 -0.00903591344316 -0.00759786366911 0.0183994419143 -0.000769228685902 -0.0109066614932 -0.00249983204101 -0.00288554434524 0.00828223736402 
0.0162183894834 0.0119384805172 0.00806293881603 0.0147125800677 -0.00403308847872 0.000483553756778 0.00164319779358 0.0125495082891 -0.00317816214373 0.0029083573469 0.0861056879483 0.0251325396794 0.0206892713483 0.0152998126251 0.0160398067133 0.00141463393141 0.0103582614506 -0.0214167630406 0.309897592234 0.00375726732402 0.0365379756207 0.0089337038627 0.0698410527728 0.0141365482677 0.0326031197546 0.0117980408026 -0.0060176928178 0.0097567162322 0.0110451349128 0.00273807797906 
0.0112460646827 0.0249606366239 0.0377334164739 0.0379021887131 -0.00408034711782 0.0175304598164 -0.0106228864837 0.0218032487564 0.0380847203403 0.00632920683553 0.0251452802314 0.0301114477811 0.0293091759385 0.0110702899621 0.0131207030895 -0.00704513575069 0.0173198095384 0.010284093793 0.00375726732403 0.274903777694 0.00597838859189 0.0801575018851 -0.00485538372125 0.0286391480535 0.025450115723 0.017740904968 0.00455824615251 -0.000994013422841 0.0226152088006 0.00385527552736 
0.0285519798115 0.0177196812484 0.00370633902663 0.00253901709163 0.00929794063197 0.0145205753281 0.0120925058205 0.0198843380436 0.00206738173052 0.0217735879117 0.0140643370672 0.0178555739406 0.00643263681137 0.00519438017656 0.00293815010901 0.0100797818201 0.0453056122596 0.00331599090672 0.0365379756207 0.00597838859189 0.203833071657 0.0254304936653 0.0220032260538 -0.00779289958981 0.0123792686928 0.0158239130171 0.0278780998172 0.00839302829857 0.0181598624191 0.0170348025323 
0.0360862052478 0.000961682068349 0.0492766585259 0.0632467237552 0.00359335778222 0.0821639519601 -0.0116531013882 0.0273680578859 0.113940566179 0.0379839740937 0.028796760636 0.0793659988841 0.0641617165849 0.0420842763745 0.0291518439717 0.00844310751972 0.0130906928222 0.0381556853416 0.0089337038627 0.0801575018851 0.0254304936653 0.683760906568 -0.00838481649146 0.0485841939702 0.0396137726253 0.0364350137097 0.0164514659409 0.0145950113453 0.053289930522 0.0470843141034 
0.000275262709992 0.00554475502443 -0.0055182492232 0.00626417097603 -0.0154393668851 0.00534651663111 0.000359666382474 0.00621096931769 -0.00480422165057 -0.0185878433777 -0.00939785705638 0.0123597213522 0.00723271401704 0.00596495921481 0.00688089838565 0.00309208558637 0.0118845437755 -0.00903591344316 0.0698410527728 -0.00485538372125 0.0220032260538 -0.00838481649146 0.443914870405 0.0117525213085 0.00263232659824 -0.00724633621758 0.0112372376014 0.0126555380175 -0.0152721773967 0.0064993176519 
0.0126917975584 0.00929863012473 0.0196762296042 0.0205802416002 -0.00951305387414 0.018550509883 -0.00848423858224 0.0163477307238 0.029447416048 0.00856727867816 0.0154517853289 0.0254410157765 0.0240069110233 0.0125527900392 0.0147634973767 -0.000735716304012 0.00920668105997 -0.0075978636691 0.0141365482677 0.0286391480535 -0.00779289958981 0.0485841939702 0.0117525213085 0.404874714828 0.0368974794422 0.00645146120455 0.00455516989407 0.0149828146785 0.00521347424167 0.0313995482135 
0.0515278190077 0.010777015052 0.0260265431782 0.00320681513128 -0.00117061221599 0.0116411391743 0.0261973832604 0.0277250361627 0.022286298272 0.00298911819563 0.0304698111962 0.0279663443924 0.0284238448522 0.0135984349756 0.0291073291092 0.0133390949766 0.0274961475386 0.0183994419143 0.0326031197546 0.025450115723 0.0123792686928 0.0396137726253 0.00263232659824 0.0368974794422 0.223925246474 0.0171301423554 0.00862789010012 0.0286824562877 -0.000110802731903 0.0265307389371 
0.0180031741025 0.00764841879299 0.013457801096 0.0079743806147 0.00558926384706 0.0143901379523 -0.0182815444172 0.0233081559832 0.0158243103695 0.00692265303914 0.077568325946 0.0115202260905 0.0146681768957 0.0159619872952 0.0156703240482 0.0105685878734 0.0196568991152 -0.000769228685902 0.0117980408026 0.017740904968 0.0158239130171 0.0364350137097 -0.00724633621758 0.00645146120455 0.0171301423554 0.263489001415 0.0144774541719 0.0131626135044 0.0145399102774 0.0127128469526 
0.0215447344138 0.0141152566365 0.0144923436139 0.0112051371317 0.00113485523194 0.00996046391672 -0.00841859068376 0.0116582597225 0.0103465238722 0.00662439779151 -0.00438432587516 0.00460853769026 0.0321042067432 0.0113191835505 0.00902048423282 0.0151221685495 0.00110296759184 -0.0109066614932 -0.0060176928178 0.0045582461525 0.0278780998172 0.0164514659409 0.0112372376014 0.00455516989407 0.00862789010013 0.0144774541719 0.23854994225 0.0202543691197 0.00687058487949 0.00165048867383 
0.0587177074012 0.0143150841509 0.000543969934543 0.00412885494436 0.000825395253841 0.0154608693767 0.0179165083368 0.0324829014441 0.0143036833699 0.00581288279819 0.00990803860514 0.0208591846315 0.0100270219736 0.0152335090229 0.0136033446494 0.0078080232736 0.00981773688226 -0.00249983204101 0.0097567162322 -0.000994013422841 0.00839302829857 0.0145950113453 0.0126555380175 0.0149828146785 0.0286824562877 0.0131626135044 0.0202543691197 0.149075724445 0.0159741209515 0.00667527276609 
0.00267063246741 -0.00123520600928 0.0310912255015 0.0495567313823 -0.00259069672536 0.0275470915902 -0.0233638463243 0.00994373558042 0.0309155104643 0.0261476620974 0.0189475928637 -0.00073643045944 0.0212688169996 0.0126187740891 0.0116842757758 0.000452412140013 0.0257073775117 -0.00288554434528 0.0110451349128 0.0226152088006 0.0181598624191 0.053289930522 -0.0152721773967 0.00521347424167 -0.000110802731901 0.0145399102774 0.00687058487949 0.0159741209515 0.678627711041 0.0198604177901 
0.0115299128736 0.0103362673389 0.00843882198052 -0.00117520497432 -0.000102117046513 -0.00187350061582 0.0292563442991 0.00956330342045 0.0385167570491 0.0142765870606 0.0259142476067 0.00935914450771 0.0119376357503 0.00593121895117 0.0143821039685 0.00476224539653 0.0144632119669 0.00828223736402 0.00273807797906 0.00385527552736 0.0170348025323 0.0470843141034 0.0064993176519 0.0313995482135 0.0265307389371 0.0127128469526 0.00165048867383 0.00667527276609 0.0198604177901 0.232249383707 

['WB', 'SVU', 'MU', 'SLR', 'MYL', 'NAV', 'VIA.B', 'C', 'CMI', 'BCR', 'INTU', 'ADSK', 'LEG', 'S', 'ABK', 'PEP', 'CEG', 'CVG', 'HMA', 'TIN', 'PCG', 'ATI', 'HCA', 'VFC', 'SNV', 'ECL', 'HSY', 'USB', 'ADM', 'ABC']