40
0.0131635076039 0.0380825412642 0.0280903462606 0.0211692002509 0.0348883512333 0.0582377086348 0.0533286406295 0.0297343435849 0.0122123060087 0.0266110290159 0.138528932385 0.0253746335001 0.0535662105727 0.0565521495323 0.0988670942005 0.125871369107 0.0682562642732 0.0297209295042 0.0298565853869 0.0374431650663 0.0396471392927 0.0054327763703 0.0910259677787 0.0272696759741 0.0870342926162 0.22311845274 0.0352458247454 0.0716450377603 0.185879968849 0.0533662879029 0.147407151382 0.15717092416 0.0425593974561 0.143584613331 0.0878126089614 0.0429032651101 0.0275926739743 0.0290232005544 0.0726136826411 0.0308834605432 
0.156297699017 0.00659895675526 0.0105708919695 0.0103098966705 0.014589218338 0.0184061081225 0.022817189033 0.00951189989906 0.0100539968576 0.0212442289928 0.00536467963674 0.0111737126838 0.0342107942009 0.00611950305515 0.00312910132652 0.00213160475464 -0.00130766892131 0.00439455619052 0.0241050840201 0.0155484702849 0.0559855436639 0.0106334647346 0.00230258428611 0.0173983427138 0.00864193628722 0.0193476961103 0.00472801615578 0.0114228856411 0.013731346524 0.0170957942621 0.0214914415249 -7.85422376117e-06 0.00654393980585 0.0229948053338 0.00653158893135 0.0131295852359 0.00323546106173 0.0137041804738 0.00352591057674 0.0289393301295 
0.00659895675526 0.244749605022 0.018067680202 0.00214735376337 0.00400752672205 0.0205431396087 0.00567442196054 0.0108489700037 0.00330930739595 0.0108110068188 0.00016212723922 0.0181069705568 0.0110508982323 0.038864304971 0.0475809111114 0.00188750978924 0.0210868667311 0.012829189865 0.00760942922196 0.000896379193308 -0.00326430896055 0.0104419508606 0.0236586565107 0.0104193968079 0.0176431954176 0.0205530391106 0.00361339473361 0.00831816493709 0.0134084908451 0.0178595700056 0.00940164341378 0.0602223212617 0.0106492793508 0.0135655235591 0.0220872801858 0.0289439940492 0.00304086457323 0.00688828099326 0.0402790009624 0.00288527876313 
0.0105708919695 0.018067680202 0.252404585025 0.00744107194574 0.0353393754168 0.0194522054847 0.0190811765551 0.00688647772276 0.0178076648895 0.0164191352619 0.0167499665413 0.00965022436913 0.0284232795168 0.0115666416792 0.0237791377793 -0.000903906761813 0.0210472935238 0.00667329527695 0.0339962523246 0.0343963826329 0.0274897795317 0.00304958337478 0.00957862027928 0.0127709967519 0.00962908575265 0.00734688659842 0.0220300584601 0.0117541011416 0.0172604354006 0.0211287068158 -0.00899223409882 0.0388343379287 0.0376003300906 -0.00709711044137 0.0270873551 0.0203396678291 0.0128325378208 0.0395759060996 0.0342120443068 0.040950782394 
0.0103098966705 0.00214735376337 0.00744107194574 0.209675668891 0.0108800649659 0.0185060583332 0.0139264904426 0.0152296895661 0.00380801512409 0.0218814700784 0.00856346940535 0.0028604173962 0.00527388021098 0.0134866326164 0.0218122458337 -0.00848826141292 0.00612766324486 0.00308431740089 0.0128962041087 0.0127648950284 0.00341665050365 0.00655549074781 0.0092908686338 0.00370998259725 0.0170996744639 0.00940903386442 0.00333006598281 0.00441255883309 -0.00484235197182 0.00154341875855 0.0244147554783 0.013254743473 0.0279523251502 0.0313063093293 0.00499027763144 0.00841649198333 8.46220313588e-05 0.0163064051733 0.00189232408446 0.0143638418793 
0.014589218338 0.00400752672205 0.0353393754168 0.0108800649659 0.312045473128 0.0283075325008 0.0111637467539 0.0102213347871 -0.00302636690742 0.0164905965618 0.0124643133761 0.0171456750349 0.026639189897 0.031778090844 0.00705365064138 0.0112019267682 0.0514763330504 0.00777506255926 0.0223614954466 0.0199352426083 0.018109653069 0.0220300185137 0.0113192683282 0.0299174307774 0.0400067707878 0.0300937983282 0.0237643631233 0.00757719204594 0.0623448599185 0.0129885445537 0.0199217360193 0.032662078912 0.082400194834 0.0414410735125 0.0094784496134 0.0369776737959 0.0206195902331 0.0248143390048 0.0386415351502 0.0208096109324 
0.0184061081225 0.0205431396087 0.0194522054847 0.0185060583332 0.0283075325008 0.460274303141 0.0292096775577 0.00526884241872 0.0100723477971 0.00344743404007 0.0195436388986 0.00532467171259 0.0186608 0.00656114972372 0.00183505241893 -0.0050236659154 0.0188417586717 0.0437870106487 0.0191994154221 0.0163761810466 0.0128660867365 0.0104974349014 0.0254589069996 0.0196227482392 0.0136689072569 0.0597337186648 0.0026707711676 0.00752621265981 0.0137595250712 0.00384222016714 -0.00400681177478 0.0233656146492 0.0117956351615 -0.00865176597439 -0.00613669321846 0.0136402693043 -0.0055995840969 0.0043256204499 0.0109407926118 0.00423369056553 
0.022817189033 0.00567442196054 0.0190811765551 0.0139264904426 0.0111637467539 0.0292096775577 0.263986349063 0.0184179498694 -0.006160902404 0.00552866948897 0.00913305793154 0.0390104750633 0.023459051515 0.0220679919002 0.039213073914 -0.00128209665074 0.0220996531439 0.00240221578757 0.0121656765945 0.00221985720468 0.00737029953031 0.00429196401071 0.00636126682965 0.0156213724966 0.0236713180443 0.0197593132082 0.0093325702425 0.0231915836825 0.035954814286 0.0134945085415 0.0170865218267 0.00972953567582 0.0109955209717 0.00995455973735 0.00646310784754 0.0113818717335 0.0155845532214 0.0162324849036 0.00993052814111 0.0142138352692 
0.00951189989906 0.0108489700037 0.00688647772276 0.0152296895661 0.0102213347871 0.00526884241872 0.0184179498694 0.192421139251 -0.003934739079 0.00123944214385 0.0043498189624 0.0112644900959 0.0108379864261 0.00726023020125 0.0199226755 -0.00588398243403 0.000153535121435 0.0117609675309 0.0123146916861 0.00447523169513 0.00715313571628 0.017766180363 0.00675489465652 0.0146551272043 0.00746267384352 0.000931071238105 -0.00240272888124 -0.0024907292181 0.01148332728 0.000198128278732 0.021860318138 0.00459099558988 0.0269383602573 0.0340264198344 0.00783599741857 0.0128140250255 0.00361823223319 0.0082654193634 0.00681871511127 -0.00056630814188 
0.0100539968576 0.00330930739595 0.0178076648895 0.00380801512409 -0.00302636690741 0.0100723477971 -0.006160902404 -0.003934739079 0.285774503109 0.00657174838911 0.0149371915079 0.0127286475197 0.023819264936 0.000467693199641 0.0236774087391 0.00834913337952 0.0125313938289 0.0172492113046 0.00434268768008 0.0096881814101 0.0272735653978 0.0141043943236 0.0168705340944 0.00974941287237 0.0143580464588 0.0251958294358 0.0151638596364 0.0285790652905 0.0176092281524 0.00348118366794 0.0157695201507 0.0273085990586 -0.00569618133362 0.0144787366469 -0.000733331529858 0.0188924514839 0.0214645727908 0.0145185304633 -0.00406370644234 0.00848861725541 
0.0212442289928 0.0108110068188 0.0164191352619 0.0218814700784 0.0164905965618 0.00344743404007 0.00552866948897 0.00123944214385 0.00657174838911 0.29197437982 -0.00259257093071 0.0212149127384 0.0183744945914 0.00256914513394 0.0376619518327 -0.0166410761635 0.00890400014124 0.0034042913763 0.0204043620919 0.0135431857405 0.0249096008636 0.0156742640164 0.0039778435769 0.00288390512735 0.0209684654599 0.0108739463265 0.015858594127 0.00456600290354 0.00431181625577 0.0064836948317 0.0234267949148 0.000168194362773 0.0240317343517 0.0177208698736 0.010245605564 0.0178890973729 0.00650457478963 0.019270048028 0.0094075971109 0.017934069713 
0.00536467963674 0.00016212723922 0.0167499665413 0.00856346940535 0.0124643133761 0.0195436388986 0.00913305793154 0.0043498189624 0.0149371915079 -0.00259257093071 1.00320180766 0.0106838153551 0.0316745880617 0.0194014668019 0.0269045877196 0.0161566871593 0.015475607313 0.00476524841341 0.00731957662059 0.00713138586015 0.0201419805392 0.0287102869638 0.0270728117592 0.0208779403669 0.0666243878428 0.0526840187602 0.0151419881384 -0.0134137803165 0.00861365729666 0.0369423994955 0.00343663129593 0.0372742009834 0.015072929379 -0.00228875157216 -0.00790551474368 0.0070047148904 0.00372577227727 0.00573060042642 0.0404915822365 0.00623866582994 
0.0111737126838 0.0181069705568 0.00965022436913 0.0028604173962 0.0171456750349 0.00532467171259 0.0390104750633 0.0112644900959 0.0127286475197 0.0212149127384 0.0106838153551 0.283708827612 0.0159790920776 0.0288351889246 0.0206762166829 -0.00250406637297 0.0138006636696 0.00895075127164 0.0212916456544 0.0146097569631 0.00534086061524 0.00209613298473 0.0316025909267 0.0187562710845 0.0274009149596 0.0313576484795 0.0166479232833 0.0223912026548 0.0245023537809 0.00651586562603 0.0229118894034 0.0197984772312 0.0135800337293 0.0133498409652 0.0335677731537 0.0112452481012 0.0293263968405 0.0333207659377 0.0292190459262 0.0117577083029 
0.0342107942009 0.0110508982323 0.0284232795168 0.00527388021098 0.026639189897 0.0186608 0.023459051515 0.0108379864261 0.023819264936 0.0183744945914 0.0316745880617 0.0159790920776 0.222635515902 0.020151969779 0.0188572000751 0.00708069106195 0.013997599975 0.0202374846143 0.0309108120571 0.0133220752536 0.0275627515817 0.0207161831299 0.0150647422911 0.0152549695001 0.0135747828469 0.0228567969488 0.0216986905111 0.00858959465369 0.0372311096824 0.0119323465188 0.0290084913145 0.0311833725176 0.0346901309122 0.0426312473957 0.00278465589621 0.012832859185 0.0135370926361 0.0233583412435 0.0269929908831 0.0202702003039 
0.00611950305515 0.038864304971 0.0115666416792 0.0134866326164 0.031778090844 0.00656114972372 0.0220679919002 0.00726023020125 0.000467693199642 0.00256914513394 0.0194014668019 0.0288351889246 0.020151969779 0.369996525715 0.0523435894144 -0.010815880608 0.0155330767692 0.0101404188923 0.00735667635027 -0.00645560009746 0.018559358074 0.0210889967596 0.0159397897827 0.00454915694984 0.0144730655213 0.0147899917327 0.0194564807985 0.00498827431277 0.0270259763606 -0.0024913575202 0.0186694980576 0.015668907552 0.0199193870797 0.0314988896851 0.0269770362228 0.0140674279707 -0.00503889093668 0.03184490261 -0.00769025041673 0.00785448009077 
0.00312910132652 0.0475809111114 0.0237791377793 0.0218122458337 0.00705365064138 0.00183505241892 0.039213073914 0.0199226755 0.0236774087391 0.0376619518327 0.0269045877196 0.0206762166829 0.0188572000751 0.0523435894144 0.479586212731 0.0243780679627 0.044163533316 5.41133266201e-05 0.00613303754463 0.000255631474505 0.0340864636921 0.0257405842029 0.0145140401895 0.0254715052278 0.0503742589709 0.0731124224364 0.0156242600271 0.0218864301218 0.0547675457231 0.0369343237022 0.0381056611948 0.0670099233035 0.0607656897341 0.0249633366495 0.0782444864325 0.0462181481802 0.00447737230832 0.00327110006072 0.0485456530795 0.0223062309164 
0.00213160475464 0.00188750978924 -0.000903906761813 -0.00848826141292 0.0112019267682 -0.0050236659154 -0.00128209665074 -0.00588398243403 0.00834913337952 -0.0166410761635 0.0161566871593 -0.00250406637297 0.00708069106195 -0.010815880608 0.0243780679627 0.844632580704 0.0209973568139 -0.00190344324767 0.0104201616374 -0.00461782388743 -0.00939243359206 0.000735739240232 0.00295600715384 0.0146534877849 0.0322763265441 0.0242826247417 0.00483772585556 -0.0051463201726 0.0345930544418 0.00819868835317 -0.0131343063656 0.0186708872396 0.0295463139528 -0.00728981456122 0.0238196187642 0.000196545856317 -0.0191522894138 -0.0013423200795 -0.00434558593443 0.000809681898801 
-0.00130766892131 0.0210868667311 0.0210472935238 0.00612766324486 0.0514763330504 0.0188417586717 0.0220996531439 0.000153535121435 0.0125313938289 0.00890400014124 0.015475607313 0.0138006636696 0.013997599975 0.0155330767692 0.044163533316 0.0209973568139 0.369909519693 -0.00244048392273 0.018228205256 0.0209402745961 -0.00872417627261 0.00900064141125 0.00725949677986 0.0217069526617 0.0930764395442 0.0439181974219 0.0198419081196 -0.00401536292512 0.0363077398544 0.016440141507 0.0322464389482 0.0356209616254 0.0218193431344 0.0130712566783 0.0356131278438 0.0219604948821 0.00510811700848 0.00242247521598 0.0409181456284 0.00779593242682 
0.00439455619052 0.012829189865 0.00667329527695 0.00308431740089 0.00777506255926 0.0437870106487 0.00240221578757 0.0117609675309 0.0172492113046 0.0034042913763 0.00476524841341 0.00895075127163 0.0202374846143 0.0101404188923 5.41133266196e-05 -0.00190344324767 -0.00244048392273 0.217120771435 0.0131193600247 0.0178598271947 -0.0058575810252 0.0111440697854 0.0196040937103 0.000167794546025 -0.00428442153672 -0.00452074999492 0.0216116352595 0.00475001750877 0.00595849855661 0.00648784089307 0.00964302012372 0.018869753753 0.00830663864006 -0.0042020229075 -0.00204893659004 0.00635792530615 0.0143010557075 0.022587627472 0.000897028869469 0.0104921375571 
0.0241050840201 0.00760942922196 0.0339962523246 0.0128962041087 0.0223614954466 0.0191994154221 0.0121656765945 0.0123146916861 0.00434268768008 0.0204043620919 0.00731957662059 0.0212916456544 0.0309108120571 0.00735667635027 0.00613303754463 0.0104201616374 0.018228205256 0.0131193600247 0.144708243035 0.0221056428568 0.0188895889971 0.0153783038271 0.0225797838615 0.0145985975854 0.0187508252999 0.00925291424911 0.0153688929992 0.014313487105 0.0243586216324 0.0278483323882 0.00668768730228 0.0187904415565 0.0156975689407 0.0122776325141 0.0121943759052 0.0215855720581 0.0115181582737 0.0230792661614 0.0165555226762 0.0356483609653 
0.0155484702849 0.000896379193308 0.0343963826329 0.0127648950284 0.0199352426083 0.0163761810466 0.00221985720468 0.00447523169513 0.0096881814101 0.0135431857405 0.00713138586015 0.0146097569631 0.0133220752536 -0.00645560009746 0.000255631474505 -0.00461782388743 0.0209402745961 0.0178598271947 0.0221056428568 0.460528990647 -0.00420688977822 0.00788150071456 0.0244197210085 0.0242717013335 0.0210701937835 0.0205013623822 0.00612906960809 -0.00140574118833 0.0464012370739 0.00761257123193 0.00195346703672 0.0143833897547 0.000806377254892 0.0107792880875 0.0364032587478 0.0212834493879 -0.00599088255344 0.00943760569278 0.0389601571456 0.00864960159504 
0.0559855436639 -0.00326430896054 0.0274897795317 0.00341665050365 0.018109653069 0.0128660867365 0.00737029953031 0.00715313571628 0.0272735653978 0.0249096008636 0.0201419805392 0.00534086061524 0.0275627515817 0.018559358074 0.0340864636921 -0.00939243359207 -0.00872417627261 -0.0058575810252 0.0188895889971 -0.00420688977822 0.263761116899 0.00330392158041 0.0068143772252 0.0125767449126 0.0191705366534 0.0117360335559 0.0193663793384 0.0143023584776 0.0265504271724 0.0145779297577 0.0380621434095 0.00153463479956 0.0495018640072 0.0545782491405 -0.000395851423765 0.0258190616037 -0.00307448492285 0.0197901787442 0.0278849929789 0.0231629421525 
0.0106334647346 0.0104419508606 0.00304958337478 0.00655549074781 0.0220300185137 0.0104974349014 0.00429196401071 0.017766180363 0.0141043943236 0.0156742640164 0.0287102869638 0.00209613298473 0.0207161831299 0.0210889967596 0.0257405842029 0.000735739240232 0.00900064141125 0.0111440697854 0.0153783038271 0.00788150071456 0.00330392158041 0.188382432058 0.0157942663337 0.0208600488357 0.0043388744627 -0.00655361031145 0.00722460657455 0.00501177723308 0.0142439011289 0.0111282090093 -0.00144642693079 0.029520747618 0.010397035134 -0.000476999679617 0.0102849250897 0.00989783137109 0.0140933609459 0.0176928297364 0.018587058625 0.0222844969268 
0.00230258428611 0.0236586565107 0.00957862027928 0.0092908686338 0.0113192683282 0.0254589069996 0.00636126682965 0.00675489465652 0.0168705340944 0.0039778435769 0.0270728117592 0.0316025909267 0.0150647422911 0.0159397897827 0.0145140401895 0.00295600715384 0.00725949677986 0.0196040937103 0.0225797838615 0.0244197210085 0.00681437722521 0.0157942663337 0.438898587594 0.00520674148204 0.0218469656747 0.0340646462015 0.00716317376789 0.0134595799389 0.0315726981856 0.0092156601353 0.0179144141105 0.0503158828655 0.0253321203425 0.00508726923305 0.0154944113318 0.0349289700857 0.000607772644494 0.0209674418595 0.0409057888094 0.0146773624314 
0.0173983427138 0.0104193968079 0.0127709967519 0.00370998259725 0.0299174307774 0.0196227482392 0.0156213724966 0.0146551272043 0.00974941287237 0.00288390512735 0.0208779403669 0.0187562710845 0.0152549695001 0.00454915694984 0.0254715052278 0.0146534877849 0.0217069526617 0.000167794546025 0.0145985975854 0.0242717013335 0.0125767449126 0.0208600488357 0.00520674148204 0.142457240795 0.0294123030361 0.0208738414723 0.0176628980232 0.0159519842076 0.032397476073 0.00437034548091 0.0156246216003 0.0213077229033 0.0212618526695 0.0148302857411 0.0261502233245 0.0163033197816 0.00948635191178 0.011371812861 0.0278746168679 0.0122018808986 
0.00864193628722 0.0176431954176 0.00962908575265 0.0170996744639 0.0400067707878 0.0136689072569 0.0236713180443 0.00746267384352 0.0143580464588 0.0209684654599 0.0666243878428 0.0274009149596 0.0135747828469 0.0144730655213 0.0503742589709 0.0322763265441 0.0930764395442 -0.00428442153672 0.0187508252999 0.0210701937835 0.0191705366534 0.0043388744627 0.0218469656747 0.0294123030361 0.358301235601 0.103247516278 0.0223225271152 0.0196255568209 0.0853852993874 0.00485316249089 0.00102342987045 0.0730581421672 0.0158359264763 0.039779861419 0.0383732561477 0.027706689034 0.000829098513797 0.00977059720911 0.0774422009892 0.00884648976698 
0.0193476961103 0.0205530391106 0.00734688659842 0.00940903386442 0.0300937983282 0.0597337186648 0.0197593132082 0.000931071238105 0.0251958294358 0.0108739463265 0.0526840187602 0.0313576484795 0.0228567969488 0.0147899917327 0.0731124224364 0.0242826247417 0.0439181974219 -0.00452074999492 0.00925291424911 0.0205013623822 0.0117360335559 -0.00655361031145 0.0340646462015 0.0208738414723 0.103247516278 0.894905930172 0.0403207893616 0.0101111300379 0.0277760023462 0.0211594154511 0.0379931393961 0.0803779804256 0.0590845658997 0.0778752845337 0.130411789541 0.0499787612992 -0.00613368634682 0.0185848941381 0.014520426857 0.0226687650222 
0.00472801615578 0.00361339473361 0.0220300584601 0.00333006598281 0.0237643631233 0.0026707711676 0.0093325702425 -0.00240272888124 0.0151638596364 0.015858594127 0.0151419881384 0.0166479232833 0.0216986905111 0.0194564807985 0.0156242600271 0.00483772585556 0.0198419081196 0.0216116352595 0.0153688929992 0.00612906960809 0.0193663793384 0.00722460657455 0.00716317376789 0.0176628980232 0.0223225271152 0.0403207893616 0.216716326867 0.0233650925231 0.0244439387925 0.0136337702593 0.0122209787005 0.0210506813461 0.00836683609294 -0.00219761876127 0.0267937428783 0.0292423316662 -8.29588376864e-05 0.0174201961814 0.0148873584179 0.0129325630768 
0.0114228856411 0.00831816493709 0.0117541011416 0.00441255883309 0.00757719204594 0.00752621265981 0.0231915836825 -0.0024907292181 0.0285790652905 0.00456600290354 -0.0134137803165 0.0223912026548 0.00858959465369 0.00498827431278 0.0218864301218 -0.0051463201726 -0.00401536292512 0.00475001750877 0.014313487105 -0.00140574118833 0.0143023584776 0.00501177723308 0.0134595799389 0.0159519842076 0.0196255568209 0.0101111300379 0.0233650925231 0.463679159762 -0.0017734941648 0.0585732672686 0.0148920895913 0.0268239933559 0.0076695551478 0.0434511906629 0.0206332484375 -0.00330609598376 -0.0172419405264 -0.00162754782912 0.0410084646791 0.0046366664068 
0.013731346524 0.0134084908451 0.0172604354006 -0.00484235197182 0.0623448599185 0.0137595250712 0.035954814286 0.01148332728 0.0176092281524 0.00431181625577 0.00861365729666 0.0245023537808 0.0372311096824 0.0270259763606 0.0547675457231 0.0345930544418 0.0363077398544 0.00595849855661 0.0243586216324 0.0464012370739 0.0265504271724 0.0142439011289 0.0315726981856 0.032397476073 0.0853852993874 0.0277760023462 0.0244439387925 -0.0017734941648 0.637734216019 0.00335327608189 0.0765583124386 0.0757102000722 0.0210986498021 0.106344385218 0.0423149922455 0.0503197109632 0.0130894598689 0.0296124190982 0.0691969545556 0.0111644006992 
0.0170957942621 0.0178595700056 0.0211287068158 0.00154341875855 0.0129885445537 0.00384222016714 0.0134945085415 0.000198128278732 0.00348118366794 0.0064836948317 0.0369423994955 0.00651586562603 0.0119323465188 -0.0024913575202 0.0369343237022 0.00819868835317 0.016440141507 0.00648784089307 0.0278483323882 0.00761257123193 0.0145779297577 0.0111282090093 0.0092156601353 0.00437034548091 0.00485316249089 0.0211594154511 0.0136337702593 0.0585732672685 0.00335327608189 0.425851158154 -0.00845086268777 0.0128787595809 0.0410508429018 0.0122775469419 0.0144055482596 0.00738193301341 -0.00419658550785 0.00544395323465 0.00633090721822 0.00953792734506 
0.0214914415249 0.00940164341378 -0.00899223409882 0.0244147554783 0.0199217360193 -0.00400681177478 0.0170865218267 0.021860318138 0.0157695201507 0.0234267949148 0.00343663129593 0.0229118894034 0.0290084913145 0.0186694980576 0.0381056611948 -0.0131343063656 0.0322464389482 0.00964302012372 0.00668768730228 0.00195346703672 0.0380621434095 -0.00144642693079 0.0179144141105 0.0156246216003 0.00102342987045 0.0379931393961 0.0122209787005 0.0148920895913 0.0765583124386 -0.00845086268777 0.535580950838 0.0426531626623 0.026051545658 0.196660064582 0.000230756350477 0.0127989902926 0.00279275954627 -0.0139686424108 0.0552351047276 0.00932627321301 
-7.8542237613e-06 0.0602223212617 0.0388343379287 0.013254743473 0.032662078912 0.0233656146492 0.00972953567582 0.00459099558988 0.0273085990586 0.000168194362773 0.0372742009834 0.0197984772312 0.0311833725176 0.015668907552 0.0670099233035 0.0186708872396 0.0356209616254 0.018869753753 0.0187904415565 0.0143833897547 0.00153463479956 0.029520747618 0.0503158828655 0.0213077229033 0.0730581421672 0.0803779804256 0.0210506813461 0.0268239933559 0.0757102000722 0.0128787595809 0.0426531626623 0.622345311884 0.00782616519842 0.038787370866 0.0556647465311 0.0113090726288 0.00959240652028 0.0144309411963 0.0425317286059 0.0223989352915 
0.00654393980585 0.0106492793508 0.0376003300906 0.0279523251502 0.082400194834 0.0117956351615 0.0109955209717 0.0269383602573 -0.00569618133362 0.0240317343517 0.015072929379 0.0135800337293 0.0346901309122 0.0199193870797 0.0607656897341 0.0295463139528 0.0218193431344 0.00830663864006 0.0156975689407 0.000806377254893 0.0495018640072 0.010397035134 0.0253321203425 0.0212618526695 0.0158359264763 0.0590845658997 0.00836683609293 0.0076695551478 0.0210986498021 0.0410508429018 0.026051545658 0.00782616519842 0.391043233271 0.0318395996057 -0.0132462435652 0.00237509775788 0.00638050913538 0.00905802123284 0.0214203141355 0.0237417939234 
0.0229948053338 0.0135655235591 -0.00709711044137 0.0313063093293 0.0414410735125 -0.00865176597439 0.00995455973735 0.0340264198344 0.0144787366469 0.0177208698736 -0.00228875157216 0.0133498409652 0.0426312473957 0.0314988896851 0.0249633366495 -0.00728981456122 0.0130712566783 -0.0042020229075 0.0122776325141 0.0107792880875 0.0545782491405 -0.000476999679617 0.00508726923305 0.0148302857411 0.039779861419 0.0778752845337 -0.00219761876127 0.0434511906629 0.106344385218 0.0122775469419 0.196660064582 0.038787370866 0.0318395996057 0.537583855481 0.00473476475712 0.0238593106737 -0.00206875212598 0.0140098771417 0.0219428133952 0.00332452799687 
0.00653158893135 0.0220872801858 0.0270873551 0.00499027763144 0.0094784496134 -0.00613669321846 0.00646310784754 0.00783599741857 -0.000733331529858 0.010245605564 -0.00790551474368 0.0335677731537 0.00278465589621 0.0269770362228 0.0782444864325 0.0238196187642 0.0356131278438 -0.00204893659004 0.0121943759052 0.0364032587478 -0.000395851423766 0.0102849250897 0.0154944113318 0.0261502233245 0.0383732561477 0.130411789541 0.0267937428783 0.0206332484375 0.0423149922455 0.0144055482596 0.000230756350478 0.0556647465311 -0.0132462435652 0.00473476475712 0.457147070587 0.0566305940686 0.0315980487916 0.0111686080725 0.0409677271141 0.0310789991856 
0.0131295852359 0.0289439940492 0.0203396678291 0.00841649198333 0.0369776737959 0.0136402693043 0.0113818717335 0.0128140250255 0.0188924514839 0.0178890973729 0.0070047148904 0.0112452481012 0.012832859185 0.0140674279707 0.0462181481802 0.000196545856317 0.0219604948821 0.00635792530614 0.0215855720581 0.0212834493879 0.0258190616037 0.00989783137109 0.0349289700857 0.0163033197816 0.027706689034 0.0499787612992 0.0292423316662 -0.00330609598376 0.0503197109632 0.00738193301341 0.0127989902926 0.0113090726288 0.00237509775788 0.0238593106737 0.0566305940686 0.269815097661 -0.00242627611543 0.0178592573923 0.0581047326015 0.0104823452979 
0.00323546106173 0.00304086457323 0.0128325378208 8.46220313586e-05 0.0206195902331 -0.0055995840969 0.0155845532214 0.00361823223319 0.0214645727908 0.00650457478963 0.00372577227727 0.0293263968405 0.0135370926361 -0.00503889093668 0.00447737230832 -0.0191522894138 0.00510811700848 0.0143010557075 0.0115181582737 -0.00599088255344 -0.00307448492285 0.0140933609459 0.000607772644494 0.00948635191178 0.000829098513798 -0.00613368634682 -8.29588376864e-05 -0.0172419405264 0.0130894598689 -0.00419658550785 0.00279275954627 0.00959240652028 0.00638050913538 -0.00206875212598 0.0315980487916 -0.00242627611543 0.368537904544 -0.00117575076031 0.00787832906881 0.00203434943265 
0.0137041804738 0.00688828099326 0.0395759060996 0.0163064051733 0.0248143390048 0.0043256204499 0.0162324849036 0.0082654193634 0.0145185304633 0.019270048028 0.00573060042642 0.0333207659377 0.0233583412435 0.03184490261 0.00327110006072 -0.0013423200795 0.00242247521598 0.022587627472 0.0230792661614 0.00943760569278 0.0197901787442 0.0176928297364 0.0209674418595 0.011371812861 0.00977059720911 0.0185848941381 0.0174201961814 -0.00162754782912 0.0296124190982 0.00544395323465 -0.0139686424108 0.0144309411963 0.00905802123284 0.0140098771417 0.0111686080725 0.0178592573923 -0.00117575076031 0.24960711666 0.0257297890932 0.0163386602993 
0.00352591057674 0.0402790009624 0.0342120443068 0.00189232408446 0.0386415351502 0.0109407926118 0.00993052814111 0.00681871511127 -0.00406370644234 0.0094075971109 0.0404915822365 0.0292190459262 0.0269929908831 -0.00769025041673 0.0485456530795 -0.00434558593443 0.0409181456284 0.00089702886947 0.0165555226762 0.0389601571456 0.0278849929789 0.018587058625 0.0409057888094 0.0278746168679 0.0774422009892 0.014520426857 0.0148873584179 0.0410084646791 0.0691969545556 0.00633090721822 0.0552351047276 0.0425317286059 0.0214203141355 0.0219428133952 0.0409677271141 0.0581047326015 0.00787832906881 0.0257297890932 0.28012494961 0.0270840187508 
0.0289393301295 0.00288527876313 0.040950782394 0.0143638418793 0.0208096109324 0.00423369056553 0.0142138352692 -0.00056630814188 0.00848861725541 0.017934069713 0.00623866582994 0.0117577083029 0.0202702003039 0.00785448009077 0.0223062309164 0.000809681898801 0.00779593242682 0.0104921375571 0.0356483609653 0.00864960159504 0.0231629421525 0.0222844969268 0.0146773624314 0.0122018808986 0.00884648976698 0.0226687650222 0.0129325630768 0.0046366664068 0.0111644006992 0.00953792734506 0.00932627321301 0.0223989352915 0.0237417939234 0.00332452799687 0.0310789991856 0.0104823452979 0.00203434943265 0.0163386602993 0.0270840187508 0.209772401873 

['AEE', 'EDS', 'FITB', 'RX', 'BDK', 'TSN', 'ECL', 'PBG', 'WPI', 'AMGN', 'SHLD', 'CA', 'ASN', 'XRX', 'TER', 'CVG', 'FDX', 'TAP', 'BAC', 'BMY', 'EIX', 'CCU', 'AW', 'SIAL', 'BNI', 'AMD', 'FII', 'SYMC', 'X', 'NWL', 'SUN', 'GLW', 'BC', 'NOV', 'NVLS', 'COL', 'TRB', 'CB', 'CAT', 'ASO']