60
0.026417897889 0.0396471392927 0.0144645316835 0.039859092222 0.360667625942 0.0235207120966 0.0211692002509 0.119859861498 0.0297343435849 0.045759308444 0.0352458247454 0.0631330997176 0.0270240384822 0.0280903462606 0.0413167922229 0.0128714932266 0.162626926374 0.0255776045185 0.251790956204 0.0997806882374 0.0309081568087 0.0285507317948 0.0722101641432 0.0820701074714 0.0787213758152 0.0715007016099 0.0314738433907 0.147407151382 0.0441448787565 0.0348883512333 0.0594687244428 0.126305303483 0.0354646018646 0.0220144037379 0.125871369107 0.136312174374 0.00361039022472 0.0420146984796 0.0324915821016 0.192324736986 0.166074759161 0.0162851568228 0.040534814632 0.0549811443135 0.0645874353538 0.0254946283421 0.104005811155 0.0240188564254 0.0298565853869 0.153319254475 0.0690415105338 0.0115927538848 0.0297209295042 0.0429032651101 0.0442318588416 0.07971303899 0.0780955523414 0.197480990077 0.0353466838873 0.0629738483482 
0.261562125079 0.00937800540866 0.00599658296813 0.0234138668293 0.015412930099 0.00899795825201 -0.00248661377602 0.0136870475718 0.00722920576373 0.00281407606068 0.0282119747775 0.0234533308343 0.00447981180525 0.0114231423611 0.00706566452468 0.0119444475 0.0373029213923 0.0253661927367 -0.00754137049655 0.0230190754898 0.0163876982601 0.016417716623 0.0451224250254 0.0143788942073 0.0276444475848 0.009715484335 0.0061232527621 0.0241558992407 0.0217750923176 0.025370573101 0.0189861825493 0.0108552571046 -0.00736462810473 0.000157861336022 0.00209616710101 -0.00867746203773 0.0174435254408 -0.00102241808399 0.00948017850996 0.0462521684794 0.0457782133489 0.00286097340792 -0.00216754025768 0.00171723932649 0.0422253372863 0.00197154908496 0.0246324038469 0.0145161043222 0.000594273456092 0.0274565984634 0.0244194554596 0.00624571945431 0.0114454232936 0.0224884256166 0.0261591111101 0.00273588666062 0.0295829298494 0.0275486438843 0.0106914204147 0.014621135373 
0.00937800540866 0.247825284701 0.0144553300563 0.0374761193169 0.021641582489 0.0171458062304 0.00341800145843 0.000677616910988 0.00868583928556 0.0277351327529 0.0147400033951 0.000481360533727 0.00175115782917 0.025979299563 0.0267902708806 -0.00352751827287 0.0309080197739 0.00280850058069 -0.0122309064846 0.0279798545365 0.00730259161054 -0.00124620752268 0.0244376894527 0.00370939702245 0.0460240877077 0.00267101738551 -0.00030649329496 0.0300414992574 0.0410220729052 0.0178258278964 0.0122619305661 0.00865425837852 0.0588426993905 0.0443961590537 -0.00977771553788 0.00338395452919 0.00577812450081 0.0294428714215 0.0100848172169 0.0260258849748 0.012204789346 0.0448218421922 0.00277431771629 0.00907427177635 0.00330460468974 0.0464370303195 0.00394142414116 0.00222608124461 0.0122070876317 0.0107670477994 0.0213889774388 0.0250668140427 -0.00477733674909 0.0204446842634 0.0117689440465 0.0229546010943 0.0248513390359 0.0184884498589 0.0141224369318 0.0273650440738 
0.00599658296812 0.0144553300563 0.284603497371 -0.0137950868401 0.0225377807256 0.0088215799979 0.00488877988239 0.00972684661764 0.00651401817145 -0.000418074602863 -0.000952171455841 0.0308591900691 0.00967676457766 0.0132272971962 0.0167441550915 0.0119637283764 0.0223384813411 0.00383286648988 -0.00190367483508 0.0109364859442 0.00785173719523 0.00210787882121 0.0200069926954 0.00277754070285 0.00664912644612 -0.0148159440559 0.00389353726916 -0.0112591192225 0.0192239325012 0.0211331067264 0.0126302778435 0.00621542796461 0.00320833615193 0.00807580353022 0.00196535185319 0.00656068756083 0.0184117595812 0.00659925919537 0.000597072876115 0.00682535035681 0.0122131830227 0.0121614731899 0.00878338638274 0.0165789545157 0.0124850871373 0.00989458304553 0.0223400670446 0.0109358455456 0.0110452494795 0.00906908265627 0.0194214123937 0.00547122525694 0.000153775851644 0.00762128512918 0.0138212849507 0.00785756137391 0.0202566365021 -0.0121218098995 0.00885400102313 -0.0175649079045 
0.0234138668293 0.0374761193169 -0.0137950868401 0.262956355946 0.0280671960427 0.0173631664786 0.000738575884597 0.0237405686444 -0.00148268605982 0.0210226047629 0.0207521936376 0.0414378426232 0.00582130652724 0.0164683034947 0.00283953249892 -0.00363646188187 0.0209900869229 0.0124535699161 0.0359263116099 0.00646385565151 0.0192746091529 0.0105016662277 0.0418496208171 0.0278281565481 0.023086147076 -0.00173526906588 -0.00171561484124 0.0232404368785 0.0294550261912 0.0332911001419 0.00798407465202 0.0217269128269 0.00575286836118 0.00236282062541 0.00502503494725 -0.00276743390622 0.0110159206771 0.0230360902827 0.00457187155422 0.0461185178272 0.0279753410982 0.00721365192964 -0.00701597794581 -0.00127174325207 0.0205850444443 -0.00413828769022 0.0163098975833 0.00197084942877 0.0200939156061 0.0352878335244 0.027060389499 0.0138260627349 0.0111845612407 0.0171740449782 0.0155426240541 0.0189048425719 0.0300878870438 0.013506769343 0.0175370965365 0.0132413382865 
0.015412930099 0.021641582489 0.0225377807256 0.0280671960427 1.18066081809 0.00422613928503 0.0137631315485 0.0392617228001 0.00820215662197 0.0195691097962 0.0180467853224 0.0807815493804 0.0143352328881 0.0171433409373 0.00703606092166 -0.00172221387483 0.00518135577963 0.00351426410573 0.068359728744 0.0374330263941 -0.000323484695625 -0.0117672807656 0.0423753566969 0.00856827201997 0.0284699402272 0.0243356577725 0.00882559345313 0.0287277948726 0.027113790213 0.0484771963606 0.0220400939719 0.0357747415 -0.00301855032741 0.00656786053166 0.0480759912509 -0.012640613271 -0.00243143696211 0.0107584371012 0.0123300582432 0.0922600944477 0.0483192015937 0.013948449865 0.0235075882794 0.0115673652866 0.0247527588613 0.000800421776338 0.0326391793744 0.0237225271086 -0.00094981312751 0.0409203328359 0.0602988739964 0.000438450745051 0.0218432233315 0.0263176509556 0.0288045169389 0.0232914413611 0.045922621817 0.064897675192 0.00252955747924 0.0145573193808 
0.00899795825201 0.0171458062304 0.0088215799979 0.0173631664786 0.00422613928503 0.212702631487 0.0157549102332 0.0149236541961 0.0436566729511 0.0107822454727 -0.00108169743457 0.00667090512217 0.00961843430965 0.0144087564418 0.0104594323517 0.00830261058172 0.00204993637228 0.0309150799113 0.0157013593201 -0.00452937205288 0.00998799371875 -0.00105393881499 0.0161195994531 0.00718784397869 -0.00165241278971 0.0032049162837 0.0187849570768 0.0132397819595 0.00114847604392 0.00587073358263 0.00392625446955 0.00713017518325 0.0186882184114 0.0135577199339 -0.00164198672491 -0.00291146907429 0.00911291415911 -0.000565189301626 0.000335191387008 0.0222909827863 0.01560628256 0.0111018896566 -0.00256042078566 0.015361911972 0.000686869832707 0.00164162697724 0.0357838016213 0.0134430999187 0.007861120109 0.00848771913758 0.00637595463034 0.00798058823917 -0.000185955527979 0.0151264793522 0.0160256380751 0.0237304629422 0.00871728434432 0.013941992429 0.00357733107345 0.00731453915598 
-0.00248661377602 0.00341800145843 0.00488877988239 0.000738575884603 0.0137631315485 0.0157549102332 0.203657212499 0.0299917723716 0.0148973544264 0.0194527909847 0.00254736322251 0.00638015058772 -0.00277150824308 0.00702210267267 0.00856784598976 0.00455091833657 0.0182676907197 0.00835756720856 -0.0242924446874 0.0101356349006 0.00598437271396 0.0115182263217 0.00525262472376 0.00433590595316 -0.00367221432151 0.00547775683485 0.0103575518257 0.0274372335478 0.0226072414853 0.0137406664485 0.029235291176 0.00597213676514 0.00942254787845 0.00450838577101 -0.0146022525684 -7.4423334161e-05 0.00231883066326 -0.00293869257935 -0.000828827109896 0.0158119104881 -0.00860626307148 0.00950907704326 0.0120911053657 0.00234379692967 0.0176599134185 0.0101782969901 -0.00173608465156 0.0218485060639 0.0110848555807 0.00647538475338 0.00926962998379 0.00964329196497 0.00491088996861 0.00544651460704 0.017422282778 0.00696306383306 0.00913302816607 0.0176522890582 0.00433874071223 -0.000645601875116 
0.0136870475718 0.000677616910989 0.00972684661764 0.0237405686444 0.0392617228001 0.0149236541961 0.0299917723716 0.503286680722 0.00277947605146 -0.00802307265046 0.016987289592 0.0681801110563 -0.00462822104925 -0.00150196772787 0.0148849330784 0.00165610416622 0.00164935020686 -0.00151506613706 0.0303866366858 0.00279453062621 0.0147486540703 0.0184247226327 0.0504384300059 0.0353495240951 0.0063735149318 0.00506396096663 0.0180559541502 0.016817055589 0.00837732535596 0.0213657681424 0.0221980418514 0.0491516689137 -0.00727931488942 0.0161682339801 0.118877606382 -0.0116313552473 0.0267901377127 0.0201559662311 0.00677799385592 0.0365585662595 0.0144686956065 0.00982610850602 -0.0067745578817 0.00817358050579 0.0185552448756 0.0262757840779 0.0260207231754 0.0418403565938 0.0121511602612 0.042298204048 0.0856343054413 0.0185758947113 -0.00686502659774 0.029871856083 0.0375579164507 0.016064889473 -0.0028942363195 0.0176531264308 0.0218988436818 0.0129596543033 
0.00722920576373 0.00868583928555 0.00651401817145 -0.00148268605982 0.00820215662197 0.0436566729511 0.0148973544264 0.00277947605146 0.18503211119 0.0131282027307 -0.00430167096517 0.00637382360374 0.00183046871226 0.00452179058092 0.00615626508438 -0.00641665534384 0.00787582068805 0.0220556909691 0.0107336561575 0.0148597012294 0.0170923947191 0.00778900242966 0.00731739639172 0.00192918309334 0.000171393074312 0.00413195286208 0.00859987242166 0.0211903786402 -0.00364031468991 0.0128960792339 0.0150189592364 0.0298004637803 0.0089597979469 0.00648202332769 -0.00726669435423 -0.000220575397812 0.00838542498541 0.0078041600724 0.00377973721026 0.0145773678868 0.0106277657328 0.00457510982961 0.0126614210455 0.00914253764916 0.00409047714417 0.00138109168687 0.00335932822984 0.0106223694813 0.0107361474609 0.0057392151219 -0.0109829282038 0.0138912536771 0.0110494252969 0.0120319503702 0.00752802351649 0.0173745849254 0.00466608612483 0.0191251812311 0.00404128314379 -0.00207308622688 
0.00281407606068 0.0277351327529 -0.000418074602864 0.0210226047629 0.0195691097962 0.0107822454727 0.0194527909847 -0.00802307265046 0.0131282027307 0.178853151307 0.00236328301085 0.00188962010345 -0.000192436088204 0.00014334498471 0.00428944285372 0.00899835729511 0.0426726594566 0.00741521839731 0.0303790132799 0.000552038781962 0.00502931992694 -0.000758131122174 0.0136200762831 0.014581683264 0.0750124001212 7.56237148065e-05 0.0236282496878 0.0934948229517 0.0165462013713 0.00144933451363 -0.00109360228551 0.0700425844634 0.0241282141562 0.0195488822436 -0.00976400442118 -0.00767026622062 0.0164329743968 0.0255658179896 0.018491662157 0.0629794831498 0.0306132568753 0.0169994131717 0.0138484679635 0.00701818644552 0.00439049394707 0.0189670586295 0.0158823651199 0.00179930024533 0.0141932825427 0.00193565349747 -0.00101598547634 0.00772988543378 -0.000304193188896 0.00859489763038 0.0109922118687 0.00122260495692 -0.00213134679423 0.0145395193547 0.0107629109609 0.0558802354714 
0.0282119747775 0.0147400033951 -0.00095217145584 0.0207521936376 0.0180467853224 -0.00108169743457 0.00254736322251 0.016987289592 -0.00430167096517 0.00236328301085 0.207885165282 0.0268421033317 0.019397920362 0.0162970913059 0.0300222928527 0.000593406643406 -0.00295600757923 0.00695264699692 0.0243068185547 0.0269234368247 0.0249883703364 0.0139255864438 0.00824739483204 0.0182096818424 0.00393615979104 0.0278602272389 0.0161777294401 0.0119856964125 0.0304200076823 0.0173023189906 0.0170013918645 -0.0101523126674 0.0114336265287 0.00880812591435 0.000712612677426 -0.00989858258182 0.0089354473024 0.014793011034 0.0234299103653 0.0186574419052 0.0122580398294 0.0157014039432 -0.00139757585289 0.00812725487025 0.00924169498578 0.00329538986058 0.0103433426018 0.00770460013584 0.0126955640299 0.037536311254 0.0187967284405 0.00266093622854 0.0162157184345 0.0263685755063 0.011069232766 0.00759864455753 0.015463777672 0.000990502445771 0.00790894179023 0.00103762226408 
0.0234533308343 0.000481360533727 0.0308591900691 0.0414378426232 0.0807815493804 0.00667090512217 0.00638015058772 0.0681801110563 0.00637382360374 0.00188962010345 0.0268421033317 0.450093892472 0.0197152264262 0.0322533253968 0.00674795790785 0.0113382689891 0.0188510037161 -0.0104771705644 0.0174909403723 0.0372923753978 0.0152244715563 0.0181643398751 0.0222844885408 0.020535435465 0.0090898591642 0.0220298917337 0.00930657962377 -0.0113397120776 0.00370947232933 0.0190527245125 0.0285504015616 0.0555478243335 0.00399355969658 -0.00271880740149 0.0264089721728 -0.0131467240556 0.0101967081722 0.0200325275525 0.0239545789524 0.0323162162807 0.0546331651887 -0.00152866865172 -0.0164204638256 0.00542199796881 0.00217839460485 0.000914820141783 0.0138161404931 0.0258281702579 0.0120013372441 0.0466669713425 0.0239095838931 0.0116300598708 0.0119958276639 0.0387164485548 0.0411955451788 0.019684916039 0.00933545665069 0.0360496574892 0.0017987346855 0.0107098303529 
0.00447981180525 0.00175115782917 0.00967676457766 0.00582130652725 0.0143352328881 0.00961843430965 -0.00277150824308 -0.00462822104925 0.00183046871225 -0.000192436088205 0.019397920362 0.0197152264262 0.221352808193 0.0371738339593 0.0155296731828 0.0103587730264 0.0235352169653 0.0145865406609 0.02211308771 0.00174187101616 0.0240369322951 0.00136875954648 0.0151599854767 0.0167601156828 -0.00424734289926 0.0063245163692 0.0313449822187 -0.0129426592772 0.0352255456331 0.0121696335316 0.00878949093622 -0.00510593532937 -0.000344062930573 0.0101814180594 -0.0119891176755 -0.00555413842593 0.00357626961068 0.00427900980424 0.00648928412019 0.0113168407097 0.00310968372894 -0.000278321368403 0.00345184204718 0.00524487184698 0.00256929232806 0.00265265425822 0.0210911641406 0.0102914170975 0.0272044983188 0.0292883269154 0.0118665191601 0.0131234598614 0.00241044613444 0.00449607160297 0.0144094403964 0.00517064485273 0.0180927956995 0.00714534582145 0.0302280697666 -0.00220910397584 
0.0114231423611 0.025979299563 0.0132272971962 0.0164683034947 0.0171433409373 0.0144087564418 0.00702210267267 -0.00150196772787 0.00452179058092 0.000143344984709 0.0162970913059 0.0322533253968 0.0371738339593 0.247740571487 0.0146941825111 0.0031935489932 -0.0072876016772 0.0223125594165 0.00819744197634 0.00955109307741 0.0160217439563 0.0104143224554 0.0197304585787 0.0178109696687 -0.00496111808129 0.0127248944648 0.0227567471915 -0.00934414610094 0.0491966718347 0.0350941766285 0.0300836821703 -0.0180925021309 0.00523592834764 0.0124758089896 -0.00413699133344 -0.0044514071108 0.0180965047919 0.0188061688127 0.00612260393567 0.0354024747681 0.0202340000294 0.00615688368864 0.00101641279742 0.010629167836 0.0117005259322 0.0118970988401 0.0189023024992 0.0185028171662 0.0308319996687 0.0227972017206 0.0173948616048 0.00527644771126 0.0079586079197 0.0170708565505 0.0299624397921 0.015997982849 0.0216328684216 0.0253424281679 0.0321792391193 -0.00951930350029 
0.00706566452467 0.0267902708806 0.0167441550915 0.00283953249892 0.00703606092166 0.0104594323517 0.00856784598975 0.0148849330784 0.00615626508438 0.00428944285372 0.0300222928527 0.00674795790785 0.0155296731828 0.0146941825111 0.237143544362 0.00750063933681 0.0236297631038 0.0073963950178 0.0447083458799 0.0370121460608 0.00619468379401 0.00741596379307 0.0101885016172 0.0217860032692 0.00752028804552 0.00304539334349 0.0158497557775 0.00896508306255 0.0364198508701 0.0294475334372 -0.00238091025082 -0.0094534246448 0.0156744101671 0.0104705148792 0.00178813664906 0.000894383980035 0.0159036883111 0.0045118185001 0.0262278702923 0.0274838476527 0.0303579660407 0.0261831875824 -0.000340397583258 0.0247975453348 0.00471835442589 0.00949026051105 0.0113124837411 0.0130310257892 0.0196943995451 0.0297310038045 0.0145928874359 0.0135214051103 0.00298354500168 0.0376521561871 0.0178085494763 0.0392798491402 -0.00426360824623 -0.00212419330562 0.0190140412573 0.0186926588812 
0.0119444475 -0.00352751827287 0.0119637283764 -0.00363646188187 -0.00172221387483 0.00830261058172 0.00455091833657 0.00165610416622 -0.00641665534384 0.00899835729511 0.000593406643406 0.0113382689891 0.0103587730264 0.0031935489932 0.00750063933681 0.221850389422 -0.00939213056023 0.000172150070678 -0.00123359256359 0.0250128776132 0.00609125823369 0.00293338272347 -0.0226819139553 0.0161859495707 0.00662642196504 0.0166047650185 0.0107823634199 -0.00440731970844 -0.00249067978932 0.00293944815205 -0.0122735546692 0.0142168031708 0.00679951431863 0.00623718924442 -0.0117505822736 0.00244917158537 0.00223399626134 0.00461446309812 0.0127832512933 -0.00834886283604 0.00559745569942 0.00820242630406 0.00361995185591 -0.00498921057743 -0.00500856377009 0.00149506567725 0.000487133448368 0.013608380465 0.0139297417429 0.00837773039417 0.00907848578372 0.00728392509837 0.00808984233228 -0.00267717751488 0.0194275117578 0.012107843157 0.00471478720481 0.0177789438686 0.00992721631126 -0.00197099134649 
0.0373029213923 0.0309080197739 0.0223384813411 0.0209900869229 0.00518135577963 0.00204993637228 0.0182676907197 0.00164935020686 0.00787582068805 0.0426726594566 -0.00295600757923 0.0188510037161 0.0235352169653 -0.0072876016772 0.0236297631038 -0.00939213056023 1.11927109795 0.0018058168316 -0.00118843205556 -0.010477978584 0.00279955806555 0.00500279515646 0.0329729178429 0.00990421615978 0.0620622797027 0.0269810609052 -0.00348453542678 0.0511005516967 0.0122145614533 0.0293254495678 -0.00228062746741 0.0670558911601 0.0380566333686 0.0317197776194 0.0197872028243 0.000245640961559 0.00701376644406 0.0505408845127 6.25488790784e-05 0.00745307066381 0.0232116779715 0.0283218312731 0.00626625466986 0.0172533082298 0.0086323905797 0.0369980844877 -0.00291924850125 0.0233987656327 0.0137561539778 0.0265061473138 0.015719962395 0.00802484591909 -0.00878938603774 0.021258884156 0.00538506567344 0.0101194568276 0.00272670865143 0.013670457488 0.00689691614114 0.0154029527604 
0.0253661927367 0.00280850058069 0.00383286648988 0.0124535699161 0.00351426410573 0.0309150799113 0.00835756720856 -0.00151506613706 0.0220556909691 0.00741521839731 0.00695264699692 -0.0104771705644 0.0145865406609 0.0223125594165 0.00739639501779 0.000172150070678 0.0018058168316 0.319138468672 -0.0104429438599 0.00475484081632 0.0148693775228 0.0232254257494 0.00956070958474 0.00744163596961 0.00527063589115 0.0234288074987 0.0155105016037 0.0158974025983 0.0237338514179 0.0130068052039 0.00420137950661 0.00461470381377 -0.00467647986567 0.00064908332381 -0.0179278764574 0.00658179656289 0.00196202471648 0.00873245037952 -0.000821796231196 0.00594935095704 0.0191529053358 0.00566927573991 0.0115256238151 0.0116058717432 -0.00818103365393 0.0128479624436 0.0104506123383 0.023165876604 0.0135822123066 0.0282358085967 0.0216168830131 0.00748337333514 -0.00150464699275 0.00357951929526 0.0270100035485 0.00457157626332 0.0158809496315 -0.00439876823045 0.0142559452902 0.0118107869445 
-0.00754137049655 -0.0122309064846 -0.00190367483508 0.0359263116099 0.068359728744 0.0157013593201 -0.0242924446874 0.0303866366858 0.0107336561575 0.0303790132799 0.0243068185547 0.0174909403724 0.02211308771 0.00819744197634 0.0447083458799 -0.00123359256359 -0.00118843205556 -0.0104429438599 2.05690943465 0.021809064403 0.0112914767182 -0.0016956047068 0.004634307859 0.0267284764177 0.0180847193029 0.0629159740274 0.00249316721558 0.0320562166892 -0.0100699150345 0.00374847407265 -0.0203104072405 0.0200872330912 0.0045250554536 -0.00239228134285 0.00857723614227 -0.0242533404158 0.0790949192741 -0.00177822691617 0.0185314967201 0.0341329029466 0.132286240664 0.0144150291065 0.00552556864513 0.24309242729 -0.00875103111522 0.0335801915315 0.0163154574053 0.0117636967529 -0.00200573947973 0.0312861280917 0.0433701974569 0.00413491371918 0.00839401756706 -0.00358955722085 0.0065923425282 0.0667476407177 0.00884207440863 0.0227672397535 0.00551483287674 0.0292648805109 
0.0230190754898 0.0279798545365 0.0109364859442 0.0064638556515 0.0374330263941 -0.00452937205288 0.0101356349006 0.00279453062621 0.0148597012294 0.000552038781962 0.0269234368247 0.0372923753978 0.00174187101616 0.00955109307741 0.0370121460608 0.0250128776132 -0.010477978584 0.00475484081632 0.021809064403 0.566956767916 0.014634228415 0.018439427613 0.0103064307229 0.0152434680758 -0.0041312303523 0.0141339879445 0.0170600495305 0.0319283643392 0.0219891958524 0.0163015262936 0.0249114869507 0.012951930586 0.0218279026366 0.0211634453228 0.032405168064 -0.0228762322494 0.0116345253097 0.00960910426971 0.0116201251757 0.0222309154539 0.0286892570112 0.0108595471231 0.0143338241597 0.0322053543418 -0.00723933522232 0.0157529988072 0.0139247373237 0.00353997593956 0.000770453631524 0.057654322219 0.0320586861675 0.0197784323877 0.0196565509271 0.0310611997131 0.0252118094689 0.0189008366405 0.0123589342423 -0.00602309453504 0.00744665407707 0.0393110463901 
0.0163876982601 0.00730259161054 0.00785173719523 0.0192746091529 -0.000323484695626 0.00998799371875 0.00598437271396 0.0147486540703 0.0170923947191 0.00502931992694 0.0249883703364 0.0152244715563 0.0240369322951 0.0160217439563 0.00619468379401 0.00609125823369 0.00279955806555 0.0148693775228 0.0112914767182 0.014634228415 0.269112150171 0.0150793044292 0.0237157875175 0.0501306893308 -0.00343244814048 0.00324307100665 0.0131761551092 -0.0186101992766 0.0271957402082 0.051792382792 0.0297352602088 -0.00435398977578 0.000690193571546 0.0108287717039 0.0240669142953 0.00106461896138 0.0293101314154 0.0157779254254 0.0471372624036 -0.00201261932351 0.00311536965528 0.00857997914436 -0.00130118845226 0.00435258011509 0.0518088143074 0.00350191450193 0.036117869218 0.0169340438095 0.0197129344352 0.0385302780122 0.0117969614843 0.0228992207955 0.0066255006369 0.0110665501854 0.0193049137714 0.0195082739659 0.0421647569685 0.0547830688508 0.0246924292769 -0.0154153874788 
0.016417716623 -0.00124620752268 0.00210787882121 0.0105016662277 -0.0117672807656 -0.00105393881499 0.0115182263217 0.0184247226327 0.00778900242966 -0.000758131122173 0.0139255864438 0.0181643398751 0.00136875954648 0.0104143224554 0.00741596379307 0.00293338272347 0.00500279515646 0.0232254257494 -0.0016956047068 0.018439427613 0.0150793044292 0.24510037645 0.0184631185141 0.0322129104837 -0.0019133365922 0.00536437123455 0.0103048657756 0.0169368533404 -0.000391100212928 0.0170010023187 -0.00340397366631 0.0116184985856 -0.00103213962895 -0.00247590808769 0.00842374096503 -0.0142810470502 0.00908769433056 0.0148430708012 0.0171051847024 0.027213396158 0.0272774520281 -0.00133649744337 0.0103299102656 0.00270920738398 0.0288208332339 0.012306340432 0.00504825016549 0.00994817533411 0.00724024837474 0.0251447744406 0.0181109360555 0.0055080175843 -9.18425740283e-05 0.0115031493688 0.0237408814683 0.00629164589144 0.0171564281216 0.00689452047985 0.00981617922558 -0.00487692608697 
0.0451224250254 0.0244376894527 0.0200069926954 0.0418496208171 0.0423753566969 0.0161195994531 0.00525262472376 0.0504384300059 0.00731739639172 0.0136200762831 0.00824739483204 0.0222844885408 0.0151599854767 0.0197304585787 0.0101885016172 -0.0226819139553 0.0329729178429 0.00956070958474 0.004634307859 0.0103064307229 0.0237157875175 0.0184631185141 0.319460601278 0.0125757667885 0.0169615832798 0.00391589173088 0.00158356856605 0.00337757519147 0.0222326537704 0.0148293053165 0.024641327942 0.0335322090175 0.0131345483669 0.00700294735004 -0.00406221070979 -0.00906784371126 0.00404559299679 0.0215201616149 0.0090948324059 0.0500194328837 0.0562212497908 0.00638029630256 -0.00310475574765 0.00612643956453 0.0387088024805 0.0160433088973 0.0256813666981 0.027041797602 0.0177407300359 0.0247315520975 0.0586327981044 0.0154385589304 -0.0131993604586 0.0270590680573 0.0230449348981 0.0153557312031 -0.00856420253055 0.00210845370203 0.00940566122807 0.0152857827728 
0.0143788942073 0.00370939702245 0.00277754070285 0.0278281565481 0.00856827201997 0.00718784397869 0.00433590595316 0.0353495240951 0.00192918309334 0.014581683264 0.0182096818424 0.020535435465 0.0167601156828 0.0178109696687 0.0217860032692 0.0161859495707 0.00990421615978 0.00744163596961 0.0267284764177 0.0152434680758 0.0501306893308 0.0322129104837 0.0125757667885 0.480185545225 0.00710078005728 0.00338779583589 0.0173892947067 -0.00900788298557 0.0216214195815 0.0310010971169 0.00261576975334 0.0131893135421 -0.0124407552586 -0.00336536452231 0.0078662215112 -0.0104571315909 0.0115654009188 0.0228002290974 0.0105335262885 0.0686905224734 0.0238139831326 -0.00781802738524 -0.0115745874764 0.0105852549507 0.0406467961009 -0.00528403000651 0.0347199296004 0.00357088048408 0.0116429088251 0.0296886671699 0.0130477577872 0.0120479207228 0.00980711360844 0.0402149011646 0.01004559227 0.0322963019877 0.0141903406998 0.0227378827363 0.0102794692386 -0.0218827412307 
0.0276444475848 0.0460240877077 0.00664912644612 0.023086147076 0.0284699402272 -0.00165241278971 -0.00367221432151 0.0063735149318 0.000171393074313 0.0750124001212 0.00393615979104 0.0090898591642 -0.00424734289925 -0.00496111808129 0.00752028804552 0.00662642196504 0.0620622797027 0.00527063589115 0.0180847193029 -0.0041312303523 -0.00343244814048 -0.0019133365922 0.0169615832798 0.00710078005728 0.321487797921 -0.00775215672942 0.0206168919488 0.127402924153 0.0134654800526 0.0225529143282 0.00402191704302 0.100210528717 0.0276514221642 0.0219464931031 -0.0218914429338 -0.000601914378023 -0.000789796142772 0.0236383270628 0.00883586952217 0.097234731905 0.0671881740118 0.0174439697456 0.0349662578735 0.00539848574108 0.0178146439127 0.00960858806684 0.0136539174569 0.0128201531884 0.00333818734913 0.00644277296547 0.00735445542796 0.00164314713407 0.00135861723312 0.015332594615 0.0140214732551 0.0139591423702 -0.0106937807411 0.0165226067016 0.0026095190139 0.081566748377 
0.009715484335 0.00267101738551 -0.0148159440559 -0.00173526906588 0.0243356577725 0.0032049162837 0.00547775683485 0.00506396096663 0.00413195286208 7.56237148064e-05 0.0278602272389 0.0220298917337 0.0063245163692 0.0127248944648 0.00304539334349 0.0166047650185 0.0269810609052 0.0234288074987 0.0629159740274 0.0141339879445 0.00324307100665 0.00536437123455 0.00391589173088 0.00338779583589 -0.00775215672942 0.586135911849 0.00230462582085 -0.000790194942891 0.0191377854553 0.0115908856439 0.0224468139621 -0.00266412634195 0.00613803954186 0.0198357944533 0.00650350523704 0.00437122247124 0.0133242789539 0.00682085111652 -0.00221333097121 0.0202724973754 0.0136204448221 -0.00149781254454 0.00420790451171 0.0100106031134 0.0122772258035 0.0150014118285 0.01488647954 0.0109203150948 0.00401440524959 0.0218731075882 0.0188065419416 0.008065778943 0.0288059611174 0.00261020085732 -0.00244070837905 -0.006395513579 0.0157675312751 0.0116022202303 0.00688146812266 -0.000230192142975 
0.0061232527621 -0.000306493294961 0.00389353726916 -0.00171561484124 0.00882559345313 0.0187849570768 0.0103575518257 0.0180559541502 0.00859987242166 0.0236282496878 0.0161777294401 0.00930657962377 0.0313449822187 0.0227567471915 0.0158497557775 0.0107823634199 -0.00348453542678 0.0155105016037 0.00249316721558 0.0170600495305 0.0131761551092 0.0103048657756 0.00158356856605 0.0173892947067 0.0206168919488 0.00230462582085 0.287780972366 0.0295401757357 0.0118808730911 0.0111166474691 0.00249350025158 0.0131332569885 0.0134389251655 -0.00560884776988 -0.00212259143561 -0.00760728879457 0.00404987666132 0.0144825757609 0.00969679636341 0.00833242734142 0.0121747233322 0.0165105274685 -0.0108125072042 0.00634074030112 0.00477586297429 0.00395440399715 0.0200131090154 9.73189594996e-05 0.0246153939325 0.01964036174 0.00440914337719 0.0161692398066 0.0280409183503 0.00365410948549 0.0314370644201 -0.00594309456668 0.0176621174733 0.012964785999 0.0129023295495 -0.00952689098761 
0.0241558992407 0.0300414992574 -0.0112591192225 0.0232404368785 0.0287277948726 0.0132397819595 0.0274372335478 0.016817055589 0.0211903786402 0.0934948229517 0.0119856964125 -0.0113397120776 -0.0129426592772 -0.00934414610094 0.00896508306255 -0.00440731970844 0.0511005516967 0.0158974025983 0.0320562166892 0.0319283643392 -0.0186101992766 0.0169368533404 0.00337757519147 -0.00900788298557 0.127402924153 -0.000790194942891 0.0295401757357 0.509288258839 0.0157180954216 0.0213532918307 0.0345917675647 0.117440619073 0.0162906356636 0.0219018360105 -0.0135526910392 0.00560681347208 0.00100189108717 0.0335550832415 0.00257542319342 0.111180220828 0.0677617719061 0.0191816053457 0.00562641818743 0.00354430869763 0.00346937874329 0.020202922306 0.0276078920732 0.00878914615262 0.00243462430547 0.0188156679744 0.0157248981314 0.0106176252085 0.00894489864821 0.00965858349785 0.0104697371497 0.0282396969205 0.00648917644411 0.0395321217888 0.00812253013406 0.114128830687 
0.0217750923176 0.0410220729052 0.0192239325012 0.0294550261912 0.027113790213 0.00114847604392 0.0226072414853 0.00837732535596 -0.00364031468992 0.0165462013713 0.0304200076822 0.00370947232933 0.0352255456331 0.0491966718347 0.0364198508701 -0.00249067978932 0.0122145614533 0.0237338514179 -0.0100699150345 0.0219891958524 0.0271957402082 -0.000391100212926 0.0222326537704 0.0216214195815 0.0134654800526 0.0191377854553 0.0118808730911 0.0157180954216 0.234972668386 0.0200835948647 0.00820791773474 0.00570139431801 0.0127568377741 0.00544892728711 -0.00767794855288 -0.0103133631579 0.0106145358093 0.0113861690699 0.0126835674506 0.0555396499817 0.0488182381688 0.0143847331552 0.00189679573279 0.0148106286503 0.0179122730374 0.0107064681573 0.0325826123615 0.016195950631 0.0387660252108 0.0425575411004 0.0410920174457 0.0197731407462 0.00409448623815 0.0356451048406 0.0359482747011 0.0153624893184 0.0558267631272 0.0188427133037 0.0360720427887 0.00406169140521 
0.025370573101 0.0178258278964 0.0211331067264 0.0332911001419 0.0484771963606 0.00587073358263 0.0137406664485 0.0213657681424 0.0128960792339 0.00144933451363 0.0173023189906 0.0190527245125 0.0121696335316 0.0350941766285 0.0294475334372 0.00293944815205 0.0293254495678 0.0130068052039 0.00374847407265 0.0163015262936 0.051792382792 0.0170010023187 0.0148293053165 0.0310010971169 0.0225529143282 0.0115908856439 0.0111166474691 0.0213532918307 0.0200835948647 0.309293318312 0.00195430068917 0.00502892859322 0.00213788538895 0.00365914565485 0.00659229188527 -0.0142650262251 0.0142509915727 0.0152704113049 0.0405618957486 0.0506810998988 0.05423801908 0.0208729416552 0.00716211527575 0.00809564098947 0.0286748786166 0.00491014323912 0.0315195895653 0.03895132706 0.0206414255728 0.0310009344759 0.042241742517 0.0171725104986 0.00739164315178 0.0278440313664 0.0132699630534 0.0269822765207 0.015189376648 -0.00062996232462 0.0293589077772 0.0132789808077 
0.0189861825493 0.0122619305661 0.0126302778435 0.00798407465202 0.0220400939719 0.00392625446955 0.029235291176 0.0221980418514 0.0150189592364 -0.00109360228551 0.0170013918645 0.0285504015616 0.00878949093622 0.0300836821703 -0.00238091025082 -0.0122735546692 -0.00228062746741 0.00420137950661 -0.0203104072405 0.0249114869507 0.0297352602088 -0.00340397366631 0.024641327942 0.00261576975334 0.00402191704302 0.0224468139621 0.00249350025158 0.0345917675647 0.00820791773474 0.00195430068917 0.400567634702 0.0166945776635 -0.00575380600287 0.00719579555389 0.0327548909963 -0.0112019444624 0.0205258685265 0.0148665690775 0.0333117812623 0.0235648421848 0.0101142510666 -0.0021462045624 -0.00483214260096 -0.0125162818687 0.0157309955387 0.0152611488639 0.0270385586369 0.0242032451538 0.00911335648205 0.00903545076655 0.0378528403416 0.00259422995351 0.00446162207915 0.0217401388418 0.0276870566849 0.00328425577823 0.0130277600518 0.0245444312915 0.0128987272566 0.0298099729503 
0.0108552571046 0.00865425837852 0.00621542796461 0.0217269128269 0.0357747415 0.00713017518325 0.00597213676514 0.0491516689137 0.0298004637803 0.0700425844634 -0.0101523126674 0.0555478243335 -0.00510593532937 -0.0180925021309 -0.00945342464479 0.0142168031708 0.0670558911601 0.00461470381377 0.0200872330912 0.012951930586 -0.00435398977578 0.0116184985856 0.0335322090175 0.0131893135421 0.100210528717 -0.00266412634195 0.0131332569885 0.117440619073 0.00570139431801 0.00502892859322 0.0166945776635 0.428408174952 0.00577029702908 0.0188342046631 -0.0130171197635 0.0131891655062 -0.00826868255929 0.0420009714758 0.00417922131584 0.109048635682 0.0753826897589 0.0116618088047 -0.00227071855658 -0.00636103695017 -0.00881477779143 0.00943137302614 0.0241649472183 0.00510609260275 0.0122239206512 -0.00348612730662 0.0177179572988 0.00592135265656 -0.000804886812437 0.0132647928697 0.0238727424495 -0.0125635364846 -0.00454262987505 0.018335244936 0.00240797371609 0.0908617534606 
-0.00736462810473 0.0588426993905 0.00320833615193 0.00575286836118 -0.00301855032741 0.0186882184114 0.00942254787845 -0.00727931488942 0.0089597979469 0.0241282141562 0.0114336265287 0.00399355969658 -0.000344062930573 0.00523592834764 0.0156744101671 0.00679951431864 0.0380566333686 -0.00467647986567 0.0045250554536 0.0218279026366 0.000690193571546 -0.00103213962894 0.0131345483669 -0.0124407552586 0.0276514221642 0.00613803954186 0.0134389251655 0.0162906356636 0.0127568377741 0.00213788538895 -0.00575380600287 0.00577029702908 0.185093878986 0.0356623348439 0.00355036491836 -0.0120738401678 0.00467870492331 0.0190909984893 0.0116812015612 0.0122927405004 0.0218463788375 0.0414317138481 0.019416177951 0.00155439673463 -0.00995422791947 0.0365981356836 0.0122506996531 -0.000735191418759 0.0164376559679 0.0157344949961 0.00639713835027 0.00701162052562 0.00828647601383 -0.00149595892245 0.0115843168795 0.00774282255397 0.0239066810137 -0.00588240775117 0.0079184003491 0.0131260130336 
0.000157861336022 0.0443961590537 0.00807580353022 0.00236282062541 0.00656786053166 0.0135577199339 0.00450838577101 0.0161682339801 0.00648202332769 0.0195488822436 0.00880812591435 -0.00271880740149 0.0101814180594 0.0124758089896 0.0104705148792 0.00623718924442 0.0317197776194 0.000649083323809 -0.00239228134286 0.0211634453228 0.0108287717039 -0.00247590808769 0.00700294735004 -0.00336536452231 0.0219464931031 0.0198357944533 -0.00560884776989 0.0219018360105 0.00544892728711 0.00365914565485 0.00719579555389 0.0188342046631 0.0356623348439 0.171541947956 -0.00577147205862 0.000971777050796 0.00400289586566 0.027880458381 0.00341936214438 0.0143441544296 0.00736994439424 0.032664605898 0.0196612656848 0.00270477487846 -0.00464548671748 0.0395336768543 0.0199156009664 0.000529487881499 0.0155119522615 0.011552431548 0.00851803381083 0.0120585642461 0.00538790628643 0.0106011469252 0.0196975784586 0.010440995797 0.013709916026 0.00727223420906 0.010068437497 0.0124881248623 
0.00209616710101 -0.00977771553788 0.00196535185319 0.00502503494725 0.0480759912509 -0.00164198672491 -0.0146022525684 0.118877606382 -0.00726669435423 -0.00976400442118 0.000712612677426 0.0264089721728 -0.0119891176755 -0.00413699133344 0.00178813664906 -0.0117505822736 0.0197872028243 -0.0179278764574 0.00857723614227 0.032405168064 0.0240669142953 0.00842374096503 -0.00406221070979 0.0078662215112 -0.0218914429338 0.00650350523704 -0.00212259143561 -0.0135526910392 -0.00767794855288 0.00659229188527 0.0327548909963 -0.0130171197635 0.00355036491836 -0.00577147205862 0.824031383572 -0.0359985909367 -0.0145493675708 -0.0122592470526 -0.0113612468347 0.0292729817011 0.00851851945071 -0.00702034173032 -0.0122174351182 0.0689708779828 0.0186948839316 -0.00958336246346 0.0345505486436 0.0282167400957 0.00831500635287 0.0128720245539 0.00734606678231 -0.00363249157188 -0.00403344642926 -0.00372480990255 0.010860827038 -0.00697676174409 0.0933016535954 0.0151948592041 0.00333937432424 -0.0101611851084 
-0.00867746203773 0.00338395452919 0.00656068756083 -0.00276743390622 -0.012640613271 -0.00291146907429 -7.44233341611e-05 -0.0116313552473 -0.000220575397812 -0.00767026622062 -0.00989858258182 -0.0131467240556 -0.00555413842593 -0.0044514071108 0.000894383980035 0.00244917158537 0.000245640961558 0.00658179656289 -0.0242533404158 -0.0228762322494 0.00106461896138 -0.0142810470502 -0.00906784371126 -0.0104571315909 -0.000601914378023 0.00437122247124 -0.00760728879457 0.00560681347208 -0.0103133631579 -0.0142650262251 -0.0112019444624 0.0131891655062 -0.0120738401678 0.000971777050796 -0.0359985909367 1.9416482764 0.0117761088148 0.00546955314733 0.0112698397994 -0.00901857688998 -0.0242209763701 0.00438935641156 -0.00607235902707 -0.00622125758158 -0.019125976264 0.00243533939271 -0.0116753656138 -0.00865593488278 -0.00870782133454 -0.0174679312261 -0.00392622373968 -0.00607848704627 0.00158006738876 -0.00633656177238 -0.0121476903936 -0.000985286055536 0.0056930171123 -0.0214872813105 -0.00946751628024 7.38054634781e-05 
0.0174435254408 0.00577812450081 0.0184117595812 0.0110159206771 -0.00243143696211 0.00911291415911 0.00231883066326 0.0267901377127 0.00838542498541 0.0164329743968 0.0089354473024 0.0101967081722 0.00357626961068 0.0180965047919 0.0159036883111 0.00223399626134 0.00701376644406 0.00196202471648 0.0790949192741 0.0116345253097 0.0293101314154 0.00908769433056 0.00404559299679 0.0115654009188 -0.000789796142773 0.0133242789539 0.00404987666132 0.00100189108717 0.0106145358093 0.0142509915727 0.0205258685265 -0.00826868255929 0.00467870492331 0.00400289586566 -0.0145493675708 0.0117761088148 0.200748918532 0.0119877138568 0.0293086150496 0.0171762831222 0.0233377553603 0.00134529131524 0.00441646335533 0.0174113988963 0.0159328117839 0.00475185341841 0.0293602674276 0.0141571979422 0.00333930923613 0.00584960575948 0.00705269023203 0.010132929353 0.00985769873248 0.00923104882713 0.00620783881509 0.0251249150731 -0.00894646136248 0.0242672731407 0.0167619141576 0.00685118512996 
-0.00102241808399 0.0294428714215 0.00659925919537 0.0230360902827 0.0107584371012 -0.000565189301625 -0.00293869257935 0.0201559662311 0.0078041600724 0.0255658179896 0.014793011034 0.0200325275525 0.00427900980424 0.0188061688127 0.00451181850009 0.00461446309812 0.0505408845127 0.00873245037952 -0.00177822691617 0.00960910426971 0.0157779254254 0.0148430708012 0.0215201616149 0.0228002290974 0.0236383270628 0.00682085111652 0.0144825757609 0.0335550832415 0.0113861690699 0.0152704113049 0.0148665690775 0.0420009714758 0.0190909984893 0.027880458381 -0.0122592470526 0.00546955314733 0.0119877138568 0.202907068253 0.00741373158663 0.043924691285 0.0281647147371 0.0163852903154 -0.00125988745355 0.00873074044929 0.0142999031983 0.0173074933949 0.0047513195652 0.016507455175 0.015398793676 0.0169222531658 0.0243201404844 0.00954122983269 0.0151097583173 0.0287864943919 0.0206611125698 0.00578829986185 0.00676638581581 0.0259261990294 0.0117248342662 0.0204266232931 
0.00948017850996 0.0100848172169 0.000597072876115 0.00457187155422 0.0123300582432 0.000335191387009 -0.000828827109898 0.00677799385592 0.00377973721026 0.018491662157 0.0234299103653 0.0239545789524 0.00648928412019 0.00612260393567 0.0262278702923 0.0127832512933 6.25488790786e-05 -0.000821796231195 0.0185314967201 0.0116201251757 0.0471372624036 0.0171051847024 0.0090948324059 0.0105335262885 0.00883586952217 -0.00221333097121 0.00969679636341 0.00257542319342 0.0126835674506 0.0405618957486 0.0333117812623 0.00417922131584 0.0116812015612 0.00341936214438 -0.0113612468347 0.0112698397994 0.0293086150496 0.00741373158663 0.300262097393 -0.0108464031 0.019009478702 0.00987760859687 0.00424610809556 0.00751812857817 0.0245581283535 0.00583002245692 0.0401274628724 0.0107013851854 0.00637250653748 0.0256546741077 0.00824022071121 0.0191598669092 0.00448272196968 0.0172268645702 0.0110257642976 -0.000117576270183 0.0242277200273 0.0287587670774 0.0132390200616 0.0142034356218 
