30
0.018453974145 0.0794924924591 0.0793031051092 0.164482556217 0.0253425298527 0.0545718905582 0.0359279599811 0.0202574279786 0.026417897889 0.0373994541978 0.0472748306646 0.0725669815102 0.116671338284 0.042606905642 0.0787213758152 0.0429032651101 0.0594494044175 0.0486959213786 0.0314514366364 0.0115927538848 0.0355019489908 0.0378384564622 0.103194060275 0.0297343435849 0.199130076205 0.0952892642352 0.0395396308246 0.0788996306534 0.119859861498 0.138528932385 
0.250523554858 0.0198882739802 0.0147716940109 -0.0149447714038 0.0124790934549 0.00961139321179 0.00196861024776 0.0220585559897 -0.00253484578615 0.030592769471 -0.00151978976982 0.0198796609531 -0.00029138705154 0.00657827113526 0.004278976678 0.0110318344662 0.00774749854426 0.00129027082729 0.0182569433019 0.0107238719261 0.00756941060348 0.00257035841923 0.0204657124385 0.0294972192498 0.0142665935214 0.00664024913493 0.0100728593268 0.00284326435523 0.00412878862613 0.00986376952739 
0.0198882739802 0.341745100703 0.0162797115156 -0.0111530982105 0.0176518268481 0.0271509939801 0.0221484105642 0.0258521694833 0.0296056705367 0.0245947159726 0.0282913129114 0.0329766198659 0.0219289852652 0.0275166375539 0.0255061617423 0.0237230052254 0.0271493377303 0.0210637959172 0.0304088868782 0.0266122313981 0.0415039675938 0.00481805964596 0.0312931848428 0.00823254113327 0.0354889854071 0.0540231967864 0.0454251135187 0.0247735398622 0.0286430161228 0.0456379815811 
0.0147716940109 0.0162797115156 0.393571857744 -0.0139340975877 0.0263225865391 0.0147185465998 0.0170734352102 0.0453241852949 0.024962557031 0.0261428435219 -0.017369802067 0.0508620391865 0.0982911732909 0.0374504349978 -0.0140772994896 0.0358007855558 0.0546949780826 0.0619236776812 0.0266567796325 0.0125645113006 0.00887653909362 0.00147466570073 0.0168547175205 -0.00590770915535 0.0407571906516 0.0184099935517 0.0368177381382 0.00710724869814 0.00277336561605 0.00593071104261 
-0.0149447714038 -0.0111530982105 -0.0139340975877 1.89441099179 -0.00496050719511 0.00638845318719 -0.0115007295253 0.058574405446 0.013865111307 0.00431138353069 -0.0110025471571 -0.00395327335698 -0.00238987521113 0.00451109489499 0.0517611498591 0.00773642449604 -0.00199834842807 0.00490126717376 -0.00576595378908 0.0222321941796 0.0183189434644 0.0030260191539 -0.0103806730988 0.00353019485526 0.00884833715705 -0.00849397232262 0.00789960241911 -0.00166957387451 -0.000122079486694 -0.0135837321035 
0.0124790934549 0.0176518268481 0.0263225865391 -0.00496050719511 0.197838535039 0.00469174072819 0.0158643728533 0.0302918744773 0.0127450747841 0.0201389342759 -9.13352234469e-05 0.0362800979991 0.00143897893158 0.0142778835286 0.000129437742347 0.00836812816609 0.0352203628365 0.0305296092766 0.00770417987798 0.016243816506 0.00944795419878 0.0148709049928 0.0199840912998 -0.00456045667332 0.0106322191043 0.000918534478831 0.0216583679702 0.0117685069922 0.0119571625237 0.00453691025585 
0.00961139321179 0.0271509939801 0.0147185465998 0.00638845318719 0.00469174072819 0.291850935453 0.0239764246608 0.0243716915727 0.00553935983744 0.00655319731522 0.00933644479592 0.0227093459224 0.0376400705214 0.0163599558001 0.0357395923941 0.0180508661858 0.0271828025395 0.0227482361223 0.0214279832216 0.0164913387228 -0.00400252514063 0.0128524919964 0.0288322482696 0.0161077544502 0.021207042081 0.0164058473245 -7.86890901328e-05 -0.0124390287329 0.0057233618417 0.0291297651158 
0.00196861024776 0.0221484105642 0.0170734352102 -0.0115007295253 0.0158643728533 0.0239764246608 0.230748952973 0.0240522063094 0.0159436889611 0.00320256631321 0.00261465710464 0.0240659791831 0.0111142219253 0.0487760388138 0.0120200801731 0.0483141832423 0.0305778864318 0.00152051459007 0.00766998429675 0.0116252456801 0.0141069566456 0.00200155151889 0.0160484954784 0.0110226337697 0.011857327433 0.0371889417513 0.0092426059081 0.00368439383476 0.00592487896171 0.0224342960512 
0.0220585559897 0.0258521694833 0.0453241852949 0.058574405446 0.0302918744773 0.0243716915727 0.0240522063094 0.2704304132 0.0265042010088 0.00854235439804 0.00907314595964 0.0294986399056 0.00969868922751 0.0265896099516 0.0245361099521 0.0357124555728 0.0316158438893 0.0234664875291 0.0165711041268 0.0167170384886 0.0358209574625 0.0059733722607 0.0642874238733 0.0102314420373 0.0439543696032 0.0343654765847 0.0297956558183 0.0124195899118 0.0527636851909 0.0178876803931 
-0.00253484578615 0.0296056705367 0.024962557031 0.013865111307 0.0127450747841 0.00553935983744 0.0159436889611 0.0265042010088 0.277336652613 0.0279205630148 -0.000712815009696 0.0360912292399 0.0215103356727 0.0269738409245 0.0404854077639 0.0288813598191 0.0374540155849 0.0188660145133 0.00699873865504 0.0114251220878 0.0228162309701 -0.00321369680883 0.0404053008116 0.0107291106197 0.0186341811693 0.0219795437594 0.016066013031 0.0159227729471 0.022478013946 0.0178055187982 
0.030592769471 0.0245947159726 0.0261428435219 0.00431138353069 0.0201389342759 0.00655319731522 0.00320256631321 0.00854235439804 0.0279205630148 0.323660630309 0.0104531492332 0.0399696609817 0.0235157451547 0.0286424867594 0.00698606379356 0.0123803457122 0.0292975703385 0.0315779611714 0.0228998308206 0.011513226774 0.0198230246681 0.00472851142858 0.031987709286 0.00515194708425 0.022652148251 0.0046230550508 0.0195763420591 0.00874575814819 0.0261681077146 0.0239706399496 
-0.00151978976982 0.0282913129114 -0.017369802067 -0.0110025471571 -9.13352234469e-05 0.00933644479592 0.00261465710464 0.00907314595964 -0.000712815009697 0.0104531492332 0.349715952347 0.0032522945067 -0.0169818807219 0.0323425105399 -0.000288473844901 0.0301816571198 0.0139666156948 0.00890099514874 0.0160627735808 0.0105248099771 0.0076912033287 0.00152070130457 0.0159721588579 0.00934945910882 -0.00717545812324 -0.00634337797101 0.0123302795586 -0.00187616123795 0.0793826520633 -0.000532526889689 
0.0198796609531 0.0329766198659 0.0508620391865 -0.00395327335698 0.0362800979991 0.0227093459224 0.0240659791831 0.0294986399056 0.0360912292399 0.0399696609817 0.0032522945067 0.287960353417 0.0271869996192 0.0276484722343 0.0432717177037 0.0408501631576 0.0550548886601 0.047433499081 0.0401695912052 0.0287234158945 0.0288717048134 0.00434426918553 0.0353019248014 0.0235954241119 0.0597684314205 0.0167779736099 0.0230001667611 0.00794550914709 0.0453127934787 0.0184511369788 
-0.00029138705154 0.0219289852652 0.0982911732909 -0.00238987521113 0.00143897893158 0.0376400705214 0.0111142219253 0.00969868922751 0.0215103356727 0.0235157451547 -0.0169818807219 0.0271869996192 1.06948142619 0.00720109680943 0.0205994991438 0.0148908897245 0.0431077690048 0.0232678834357 0.0194337859276 0.0142867695826 -0.0199942089742 -0.00477251318934 0.0416354880559 0.0146354678786 0.0712141798835 0.00705001617251 0.0160360067197 0.00970059099888 0.0267253080096 0.0188643980025 
0.00657827113526 0.0275166375539 0.0374504349978 0.00451109489499 0.0142778835286 0.0163599558001 0.0487760388138 0.0265896099516 0.0269738409245 0.0286424867594 0.0323425105399 0.0276484722343 0.00720109680943 0.242116182507 0.0248064682581 0.0277970327512 0.0324783816684 0.0353312396592 0.0275444109784 0.0121055548411 0.0174223507755 -0.00413298590563 0.0202988592017 0.00892382433501 0.032532861084 0.0718557905021 0.0296190129836 0.00415534119229 0.0239916272155 0.000945079273064 
0.004278976678 0.0255061617423 -0.0140772994896 0.0517611498591 0.000129437742347 0.0357395923941 0.0120200801731 0.0245361099521 0.0404854077639 0.00698606379356 -0.000288473844901 0.0432717177037 0.0205994991438 0.0248064682581 0.385672115837 0.0230614854057 0.0198662219366 0.0209804455913 0.00877171941344 0.00695361752218 0.0155763224844 0.0346790944387 0.0363252867119 0.00929272766966 0.0907628189002 -0.00954856265522 -0.00921023467204 0.00401159400278 0.0144989167439 0.0113569767166 
0.0110318344662 0.0237230052254 0.0358007855558 0.00773642449604 0.00836812816609 0.0180508661858 0.0483141832423 0.0357124555728 0.0288813598191 0.0123803457122 0.0301816571198 0.0408501631576 0.0148908897245 0.0277970327512 0.0230614854057 0.273901062601 0.0355388726865 0.0334650911832 0.0256708590395 0.0159909651871 0.0121150172539 0.0210237907994 0.0610048083657 0.0102933964697 0.0324401115196 0.0162743783114 0.0270378802295 0.0210351768304 0.0374059210971 0.00611441946112 
0.00774749854426 0.0271493377303 0.0546949780826 -0.00199834842807 0.0352203628365 0.0271828025395 0.0305778864318 0.0316158438893 0.0374540155849 0.0292975703385 0.0139666156948 0.0550548886601 0.0431077690048 0.0324783816684 0.0198662219366 0.0355388726865 0.293341526375 0.0536666953492 0.0575093911582 0.0202367081714 0.0329654731003 0.0150450841639 0.0342214106145 -0.00528833790379 0.035245085988 0.00837776168991 0.0281509468345 0.00576865982836 0.0260634657292 0.0182758178651 
0.00129027082729 0.0210637959172 0.0619236776812 0.00490126717376 0.0305296092766 0.0227482361223 0.00152051459007 0.0234664875291 0.0188660145133 0.0315779611714 0.00890099514874 0.047433499081 0.0232678834357 0.0353312396592 0.0209804455913 0.0334650911832 0.0536666953492 0.202521518743 0.0714635638206 0.0124821220967 0.019942977075 0.0130517469046 0.0393811128991 0.0157807983018 0.0355048956034 0.027251402291 0.0260246652049 0.0133915024312 0.0190561205923 0.0107257509063 
0.0182569433019 0.0304088868782 0.0266567796325 -0.00576595378908 0.00770417987798 0.0214279832216 0.00766998429675 0.0165711041268 0.00699873865504 0.0228998308206 0.0160627735808 0.0401695912052 0.0194337859276 0.0275444109784 0.00877171941344 0.0256708590395 0.0575093911582 0.0714635638206 0.18389382403 0.0193603895091 0.0247099431876 0.0294264046076 0.0322394400995 0.0174726990807 0.0208231507977 0.0172266940802 0.0253666061754 0.0080051141015 -0.000786037962328 0.0143866616802 
0.0107238719261 0.0266122313981 0.0125645113006 0.0222321941796 0.016243816506 0.0164913387228 0.0116252456801 0.0167170384886 0.0114251220878 0.011513226774 0.0105248099771 0.0287234158945 0.0142867695826 0.0121055548411 0.00695361752218 0.0159909651871 0.0202367081714 0.0124821220967 0.0193603895091 0.143639955338 0.00963997169482 0.0267521504386 0.0236716594361 0.0139255312045 0.018538392798 0.00516691381743 0.0157196888274 0.020232770389 0.0234579751656 0.00210208222128 
0.00756941060348 0.0415039675938 0.00887653909362 0.0183189434644 0.00944795419878 -0.00400252514063 0.0141069566456 0.0358209574625 0.0228162309701 0.0198230246681 0.0076912033287 0.0288717048134 -0.0199942089742 0.0174223507755 0.0155763224844 0.0121150172539 0.0329654731003 0.019942977075 0.0247099431876 0.00963997169482 0.31664365547 0.00869714847582 0.0187955561406 0.013259068912 0.00423032522516 0.0239353451498 0.0273492722617 0.00987132349013 0.0195585503025 0.018680679409 
0.00257035841923 0.00481805964596 0.00147466570073 0.0030260191539 0.0148709049928 0.0128524919964 0.00200155151889 0.0059733722607 -0.00321369680883 0.00472851142858 0.00152070130457 0.00434426918553 -0.00477251318934 -0.00413298590563 0.0346790944387 0.0210237907994 0.0150450841639 0.0130517469046 0.0294264046076 0.0267521504386 0.00869714847582 0.47396369547 0.0192655994938 0.0140154677006 0.018090398445 0.0304786608673 -0.00125396525007 0.00237324923752 0.00872633447361 -0.00476564240098 
0.0204657124385 0.0312931848428 0.0168547175205 -0.0103806730988 0.0199840912998 0.0288322482696 0.0160484954784 0.0642874238733 0.0404053008116 0.031987709286 0.0159721588579 0.0353019248014 0.0416354880559 0.0202988592017 0.0363252867119 0.0610048083657 0.0342214106145 0.0393811128991 0.0322394400995 0.0236716594361 0.0187955561406 0.0192655994938 0.567952370086 0.0255287650293 0.0360738360424 0.0109393722263 0.0191372205928 0.0285134863273 0.0210576936948 0.104817982571 
0.0294972192498 0.00823254113327 -0.00590770915535 0.00353019485526 -0.00456045667332 0.0161077544502 0.0110226337697 0.0102314420373 0.0107291106197 0.00515194708425 0.00934945910882 0.0235954241119 0.0146354678786 0.00892382433501 0.00929272766966 0.0102933964697 -0.00528833790379 0.0157807983018 0.0174726990807 0.0139255312045 0.013259068912 0.0140154677006 0.0255287650293 0.193620759653 0.0192042810362 -0.000503907319393 0.00324722663124 0.0127220994537 0.00453179257462 0.00292832930264 
0.0142665935214 0.0354889854071 0.0407571906516 0.00884833715705 0.0106322191043 0.021207042081 0.011857327433 0.0439543696032 0.0186341811693 0.022652148251 -0.00717545812324 0.0597684314205 0.0712141798835 0.032532861084 0.0907628189002 0.0324401115196 0.035245085988 0.0355048956034 0.0208231507977 0.018538392798 0.00423032522516 0.018090398445 0.0360738360424 0.0192042810362 0.631383867872 0.0276383333244 0.00986521174496 0.00921467900642 0.0254640715262 0.0140121065954 
0.00664024913493 0.0540231967864 0.0184099935517 -0.00849397232262 0.000918534478831 0.0164058473245 0.0371889417513 0.0343654765847 0.0219795437594 0.0046230550508 -0.00634337797101 0.0167779736099 0.00705001617251 0.0718557905021 -0.00954856265522 0.0162743783114 0.00837776168991 0.027251402291 0.0172266940802 0.00516691381743 0.0239353451498 0.0304786608673 0.0109393722263 -0.000503907319393 0.0276383333244 0.504954113361 0.00557995241034 0.00990118024089 0.0440450572146 0.0379000585455 
0.0100728593268 0.0454251135187 0.0368177381382 0.00789960241911 0.0216583679702 -7.86890901327e-05 0.0092426059081 0.0297956558183 0.016066013031 0.0195763420591 0.0123302795586 0.0230001667611 0.0160360067197 0.0296190129836 -0.00921023467204 0.0270378802295 0.0281509468345 0.0260246652049 0.0253666061754 0.0157196888274 0.0273492722617 -0.00125396525007 0.0191372205928 0.00324722663124 0.00986521174496 0.00557995241034 0.299653396015 0.00738520620964 0.0225033352885 0.0149011159115 
0.00284326435523 0.0247735398622 0.00710724869814 -0.00166957387451 0.0117685069922 -0.0124390287329 0.00368439383476 0.0124195899118 0.0159227729471 0.00874575814819 -0.00187616123795 0.00794550914709 0.00970059099888 0.00415534119229 0.00401159400278 0.0210351768304 0.00576865982836 0.0133915024312 0.0080051141015 0.020232770389 0.00987132349013 0.00237324923752 0.0285134863273 0.0127220994537 0.00921467900642 0.00990118024089 0.00738520620964 0.759230625186 -0.011089769792 0.00464325043841 
0.00412878862613 0.0286430161228 0.00277336561605 -0.000122079486694 0.0119571625237 0.0057233618417 0.00592487896171 0.0527636851909 0.022478013946 0.0261681077146 0.0793826520633 0.0453127934787 0.0267253080096 0.0239916272155 0.0144989167439 0.0374059210971 0.0260634657292 0.0190561205923 -0.000786037962328 0.0234579751656 0.0195585503025 0.0087263344736 0.0210576936948 0.00453179257462 0.0254640715262 0.0440450572146 0.0225033352885 -0.011089769792 0.532386975692 0.0129436290787 
0.00986376952739 0.0456379815811 0.00593071104261 -0.0135837321035 0.00453691025585 0.0291297651158 0.0224342960512 0.0178876803931 0.0178055187982 0.0239706399496 -0.000532526889689 0.0184511369788 0.0188643980025 0.000945079273064 0.0113569767166 0.00611441946112 0.0182758178651 0.0107257509063 0.0143866616802 0.00210208222128 0.018680679409 -0.00476564240098 0.104817982571 0.00292832930264 0.0140121065954 0.0379000585455 0.0149011159115 0.00464325043841 0.0129436290787 1.00275823969 

['SYY', 'JCP', 'LUV', 'PTV', 'LLY', 'PEG', 'GD', 'APCC', 'MWV', 'GPS', 'DGX', 'BSC', 'RHI', 'UTX', 'COP', 'COL', 'STT', 'JPM', 'WB', 'PBI', 'FISV', 'DJ', 'VMC', 'PBG', 'PD', 'JCI', 'YUM', 'JNY', 'CTXS', 'SHLD']