20
0.0743441041655 0.0335830315084 0.0215013837744 0.0439476996979 0.0672535079153 0.15717092416 0.0192488530763 0.0285158318856 0.0128714932266 0.0441448787565 0.116671338284 0.0435638119902 0.0260517267587 0.0285507317948 0.0631385093148 0.0352458247454 0.0629738483482 0.0220144037379 0.0307440439862 0.0362094771936 
0.400890890363 0.0310034108874 0.0170489644893 0.0136155195701 0.0753066705891 0.0524631367428 0.00493202959199 -0.00862317211201 -0.019563043449 0.0397030771329 0.00527509924061 0.00655112976229 0.0411310849471 0.00584955726819 0.0357756730444 0.031428312793 -0.00681367436975 5.41649815712e-05 0.0190412723121 0.0372838357965 
0.0310034108874 0.305904580838 0.0535899026173 0.00539533320466 0.0402693029497 0.051649589805 0.0073488366099 0.0014918895055 0.0134159337803 0.0369944492357 0.0255184224292 0.00834014206501 0.020576711219 0.0183503119333 0.0604646644901 0.0369408172744 0.00617178883737 0.0130921700838 0.0257102009431 0.0176573709411 
0.0170489644893 0.0535899026173 0.29071067693 0.00658964908341 0.0346233635404 0.0529441329565 0.0246922542862 0.00791803275847 0.00138799331949 0.03789653912 0.00140362345123 0.0263470258831 0.0194447296322 0.0235354168396 0.0284090829095 0.012978610732 0.0201043273646 -0.000765165344914 0.0308249952624 0.0279424687821 
0.0136155195701 0.00539533320466 0.00658964908341 0.195981751619 0.0202443848423 0.0208193084719 0.00946589923978 -0.00545061624624 0.00646075524235 0.00750081050135 -0.00155862076235 0.00933057347493 0.0158349689355 -0.00308126472836 0.0203615517556 0.0147460536585 0.00590752881537 0.0158407144333 0.00950128937923 0.00844373579899 
0.0753066705891 0.0402693029497 0.0346233635404 0.0202443848423 0.349884273085 0.030829419429 0.00877847585022 0.0200792993862 -0.00598545508379 0.0473522653843 0.0247486444586 -0.00113737546276 0.0352101300218 0.0307481024656 0.0281652872888 0.0370243788659 0.017065274932 0.0248786611743 0.0372671572138 0.0448809193678 
0.0524631367428 0.051649589805 0.0529441329565 0.0208193084719 0.030829419429 0.641263087904 0.00546903668026 0.0164624219238 0.00357958043534 0.0439147045711 0.0628424060194 0.0139137422502 0.0366894159663 0.0265287046093 0.0592090874988 0.0268641697992 0.0364928021649 -0.00435433053769 0.0233823566886 0.0409521946483 
0.00493202959199 0.0073488366099 0.0246922542862 0.00946589923978 0.00877847585022 0.00546903668026 0.148166604567 0.013840636857 0.00691903751407 0.018220872019 0.0195766870298 0.0168698528013 0.0140217654747 0.0152132379211 0.00375799468191 0.00229174465903 0.00217342839829 0.010094793395 0.0212453406651 0.0198242752497 
-0.00862317211201 0.0014918895055 0.00791803275847 -0.00545061624624 0.0200792993862 0.0164624219238 0.013840636857 0.205336569387 0.00543046968768 0.040576161564 0.0235870925736 0.024620574946 0.0101054479949 0.0132150338359 0.012455457743 0.0115398096875 0.0523453868766 0.0528241774281 0.0304616119609 0.0107685252832 
-0.019563043449 0.0134159337803 0.00138799331949 0.00646075524235 -0.00598545508379 0.00357958043534 0.00691903751407 0.00543046968768 0.230614897837 0.00480014196431 0.00487928951133 0.0175768058574 0.00402529958575 0.00679609963913 -0.00117227747376 0.00624711778806 -0.00135080076462 0.00948983879535 0.0126314225963 0.0076910282609 
0.0397030771329 0.0369944492357 0.03789653912 0.00750081050135 0.0473522653843 0.0439147045711 0.018220872019 0.040576161564 0.00480014196431 0.256264473492 0.0499488523264 0.0209151189127 0.026872122036 0.00563515661601 0.0245776804285 0.0360084662441 0.0129475540865 0.0162208811624 0.0569882118505 0.0803254502487 
0.00527509924061 0.0255184224292 0.00140362345123 -0.00155862076235 0.0247486444586 0.0628424060194 0.0195766870298 0.0235870925736 0.00487928951133 0.0499488523264 1.07428932926 0.00978360527916 0.0152199140679 0.0627883068555 -0.00109396698093 0.0207881477524 0.0221899945406 0.0197317988854 0.0334653781859 0.0265419760177 
0.00655112976229 0.00834014206501 0.0263470258831 0.00933057347493 -0.00113737546276 0.0139137422502 0.0168698528013 0.024620574946 0.0175768058574 0.0209151189127 0.00978360527916 0.283207819729 0.00767557727239 0.00297031445947 -0.000479556141263 0.0115098334893 0.0109987588926 0.0237799805486 0.032467976353 4.33130344446e-05 
0.0411310849471 0.020576711219 0.0194447296322 0.0158349689355 0.0352101300218 0.0366894159663 0.0140217654747 0.0101054479949 0.00402529958575 0.026872122036 0.0152199140679 0.00767557727239 0.192991247333 0.0138899432652 0.0466150579839 0.0223117106438 0.0320810174434 0.0205104888696 0.034698426786 0.0190264911056 
0.00584955726819 0.0183503119333 0.0235354168396 -0.00308126472836 0.0307481024656 0.0265287046093 0.0152132379211 0.0132150338359 0.00679609963913 0.00563515661601 0.0627883068555 0.00297031445947 0.0138899432652 0.250613585394 0.0164275667958 0.0178125011495 -0.000354563602739 -0.000943322598154 0.0167493968863 0.0119534466158 
0.0357756730444 0.0604646644901 0.0284090829095 0.0203615517556 0.0281652872888 0.0592090874988 0.00375799468191 0.012455457743 -0.00117227747376 0.0245776804285 -0.00109396698093 -0.000479556141263 0.0466150579839 0.0164275667958 0.37724802845 0.0190964912893 0.0172752101895 0.0240839771743 0.0284947582704 0.00142075142375 
0.031428312793 0.0369408172744 0.012978610732 0.0147460536585 0.0370243788659 0.0268641697992 0.00229174465903 0.0115398096875 0.00624711778806 0.0360084662441 0.0207881477524 0.0115098334893 0.0223117106438 0.0178125011495 0.0190964912893 0.218876307869 0.00444171820307 0.0114984306691 0.0432300846153 0.0245283633654 
-0.00681367436975 0.00617178883737 0.0201043273646 0.00590752881537 0.017065274932 0.0364928021649 0.00217342839829 0.0523453868766 -0.00135080076462 0.0129475540865 0.0221899945406 0.0109987588926 0.0320810174434 -0.000354563602739 0.0172752101895 0.00444171820307 0.377941043797 0.0259309394268 0.02323345156 -0.00161694482149 
5.41649815712e-05 0.0130921700838 -0.000765165344913 0.0158407144333 0.0248786611743 -0.00435433053769 0.010094793395 0.0528241774281 0.00948983879535 0.0162208811624 0.0197317988854 0.0237799805486 0.0205104888696 -0.000943322598154 0.0240839771743 0.0114984306691 0.0259309394268 0.189781942491 0.0268606801992 0.0104862241975 
0.0190412723121 0.0257102009431 0.0308249952624 0.00950128937923 0.0372671572138 0.0233823566886 0.0212453406651 0.0304616119609 0.0126314225963 0.0569882118505 0.0334653781859 0.032467976353 0.034698426786 0.0167493968863 0.0284947582704 0.0432300846153 0.02323345156 0.0268606801992 0.246387459625 0.0339437262428 
0.0372838357965 0.0176573709411 0.0279424687821 0.00844373579899 0.0448809193678 0.0409521946483 0.0198242752497 0.0107685252832 0.0076910282609 0.0803254502487 0.0265419760177 4.33130344446e-05 0.0190264911056 0.0119534466158 0.00142075142375 0.0245283633654 -0.00161694482149 0.0104862241975 0.0339437262428 0.258311802061 

['FDO', 'LLTC', 'INTC', 'LH', 'LTD', 'GLW', 'K', 'D', 'MDT', 'MEL', 'RHI', 'MO', 'SEE', 'AT', 'UNP', 'FII', 'MUR', 'PNW', 'PCL', 'BK']