50
0.110783759143 0.0429032651101 0.478952808182 0.0631330997176 0.0395396308246 0.026417897889 0.0223482457603 0.0874158444094 0.0933125666969 0.0348828940045 0.0197813299257 0.0570579479668 0.0425593974561 0.0131635076039 0.22311845274 0.147407151382 0.0394797478448 0.0333203023267 0.0623322546876 0.0793031051092 0.043075945187 0.0533286406295 0.0542920038725 0.0220926651793 0.070265204238 0.0125032911957 0.0128714932266 0.0163484450471 0.0646745186267 0.0672535079153 0.029419367 0.0388241127613 0.116988452624 0.0651633165571 0.0396221554001 0.0635798530397 0.0645874353538 0.0255121646837 0.0613427887106 0.0704019073317 0.0484031048171 0.0522856391002 0.0387981152642 0.542098982398 0.126305303483 0.0135350028622 0.0280903462606 0.0693656588129 0.0852779749864 0.0218855159469 
0.468275742839 0.049132399195 -0.00304998435706 0.0698244908581 0.00452306875476 0.0333035608736 0.0350126074785 0.0777691589132 0.011600814131 0.0332371990042 0.0191362762419 0.0238269472847 0.0575423754588 0.00986903894517 0.0844442616555 0.0505714726575 0.0274309446429 0.00972246980372 0.00436213622127 0.036319354504 0.0360421994833 0.027827618151 0.028274584482 0.0223776070047 0.0207644851577 0.0184217698525 0.0157234812636 0.0168544558228 0.0147643984356 0.0369537175392 0.00323613222042 0.0280163127406 0.0619225107087 0.0233435777793 0.0313128105455 0.0366674589342 0.0243344041323 0.0279708282737 0.0469953356 0.0502877664685 0.0468195175963 0.0470468861556 0.0401639883066 0.00403950195611 0.0370972526128 0.0159038328141 0.0393433505762 0.0113349867441 0.017705766802 -0.00176593821417 
0.049132399195 0.271214799526 -0.00454441831535 0.0411791434853 0.0271331678664 0.0236490135912 0.0139472727733 0.0128614702379 -0.00138391843296 0.0327846659752 0.0132709899973 0.000953743973876 -0.00143450162146 0.0126120048794 0.0530559998912 0.0148514471043 0.00851506326459 0.0230955431022 0.0171492646762 0.0337730853001 0.0236571564536 0.00929988607057 0.0134713026696 0.00972361126546 0.0138259813764 0.00819370353972 -0.00303583962104 0.00854621314346 0.000526734512763 0.00188519973174 0.0169607643941 0.0134020616249 0.0282758525655 0.0186205112766 0.0153086935857 0.0233991248846 0.0149506470099 0.0162818023301 0.0163281954373 0.0399582847327 0.0315767204319 0.0391003892024 0.0259831725615 0.0132817744715 0.0182403161538 0.0140004034695 0.0163460550986 0.014880108876 0.0393050541441 -0.000297556797589 
-0.00304998435706 -0.00454441831535 5.23330166469 0.00647168793635 0.031957616475 -0.0257453943231 -0.00361607548324 -0.00963569531509 0.00475787164879 0.00354022584432 -0.0138836782939 0.0108471239741 -0.0175063962223 -0.00276813920709 0.0327404080864 0.00359649537675 0.00547233361231 -0.00469948961765 0.029905759491 -0.000866550025989 0.00172832610561 -0.00175831836561 -0.0241635340003 0.010848130216 0.00248488441849 -0.0233243519706 0.00431729752357 -0.0182413589104 -0.00535325542017 0.0101226212044 -0.0218223408885 -0.00802987534526 -0.0324522233814 -0.000436481911341 -0.00932522067843 -0.0096382642356 0.0197736822739 0.00371146944191 -0.00245364060337 0.0026003836743 -0.00688114633921 0.0152249940269 -0.00500019152251 -0.0195051790094 0.0228722562983 0.0147004889303 -0.0155453967389 0.210593661795 -0.0216776722163 -0.0125207365568 
0.0698244908581 0.0411791434853 0.00647168793635 0.462696645232 0.0219937845321 0.0265179596091 0.0216285655945 0.01603256905 0.01041616541 0.0364425734267 -0.000828224442257 0.00936584359777 0.0194395905475 -0.00148508525895 0.0535667548977 -0.00626082037892 0.0178566314715 0.0094569904126 0.0229254567066 0.0212467689501 0.0243838732368 0.00469362521266 0.0184807691822 0.000531925932096 0.0178301053942 0.0137866126862 0.0135051089399 0.00766045455063 0.00511890464845 0.0225833041807 -0.00559473459335 0.0289581061599 0.0405940125826 0.00457968636006 0.0043248498069 0.0355615533108 0.00616963373187 0.00703754296652 0.0227404117823 0.0390181934349 0.0212053724269 0.0209329876408 0.0257700142261 0.00413792114463 0.0605094591098 0.0160510852576 0.0301598760439 0.00785381306796 0.00789581278965 -0.00589635047137 
0.00452306875476 0.0271331678664 0.031957616475 0.0219937845321 0.288469533974 0.014691479157 0.00392077173296 0.0096744701259 0.00191655626129 0.0161992659995 0.0173236175794 0.0249640931147 0.0369507970177 0.00360750320949 0.038473409102 -0.00970950554822 0.00298946307063 0.027097921951 0.0152537757812 0.0324309568823 0.0127877843571 0.0106984944001 0.0211353042552 0.00152831567149 -0.000413186849868 0.0379611093747 -0.00510394955761 -0.00334745709372 0.0138889434279 0.0277786977103 0.00626231870601 0.0187925312978 0.0272548136374 -0.0120527566622 0.0154234312001 0.0482079735346 0.0244603163219 0.0117874889016 -0.0114765887105 0.0235945492168 0.00321986247141 0.00580463918779 0.0060125850744 -0.00363061693453 0.00175018101328 0.0117446690116 0.00923598761764 0.028686230961 0.0303524041858 0.00388342740437 
0.0333035608736 0.0236490135912 -0.0257453943231 0.0265179596091 0.014691479157 0.259386385413 0.00633632293018 -0.000225133334419 0.00267559295238 0.029976415899 0.00647050214547 0.00564452668476 0.0145932441743 -0.00641839637761 0.0241119223756 0.0336984012185 0.0153472394878 0.00318422756917 0.00268423957964 0.0201458918175 0.0226197882022 0.0211678996001 0.00733241531661 0.010094564132 0.0125128799608 0.0159095774519 0.0111467009254 0.00910458974558 -0.00959398546163 0.0257573373803 0.0059525859612 0.0111059701478 0.0502387876701 0.000587269494549 0.0212682775303 0.014481984213 0.0452016296682 0.0131794034324 0.00556461351582 0.0324030435801 0.0551358827909 0.0427397220924 0.0178683570738 -0.0070978397832 0.0197171362917 0.0129497586509 0.00879358278094 0.0510828900707 0.00985512042133 0.00159440517788 
0.0350126074785 0.0139472727733 -0.00361607548324 0.0216285655945 0.00392077173296 0.00633632293018 0.204956161313 0.000477790901357 0.00750180393122 0.0137131464894 0.021914591888 0.00303061580283 0.030612683346 0.0233357514918 0.0108185937296 0.00932174261547 0.00771906369827 0.0150694682675 -0.00605642654002 0.0320541729025 0.0255296850397 0.00300038852795 0.00241152634756 0.0195972295593 0.00753851235948 0.0182444998657 0.0118002685323 0.0200091432667 0.0266577725975 0.0190689361326 0.0260784938596 0.0242220333015 0.0230555379086 0.0156334529023 0.0329937545966 0.0339485267638 0.0147942063118 0.0223347067277 0.0191979548237 0.0176569961256 0.0122812470231 0.0146170304795 0.0163054133012 0.0206242489593 -0.00826701060225 0.00112011169438 0.0530708416678 0.0205107201516 0.0101844091844 0.0046079818339 
0.0777691589132 0.0128614702379 -0.00963569531508 0.01603256905 0.00967447012591 -0.000225133334419 0.000477790901359 0.546305667584 0.0041914950333 0.0107736905291 0.000831641833668 0.00124845628898 0.0253946685873 0.0131325593715 0.116975003195 -0.00346772909801 0.0192145894317 0.00411510111891 0.00934127940278 -0.00939780368048 0.0233492329864 0.0189733944097 0.0076941281365 -0.00595297413891 0.00171559697179 0.00468741864109 0.00832518306842 0.017495954503 -0.00774020554325 0.00831155165019 0.00697478091158 0.00888664069708 0.00117826243908 0.00138137218657 0.0134896906613 -0.00217319631627 -0.000537663541512 0.00891003688694 0.0101501115836 0.0232551450208 0.00171247836218 0.00937137236822 0.0167781304167 -0.00556351638725 0.0468059198179 0.00150395071155 -0.0107912439022 0.0165304067624 0.0275553426969 0.00783682530344 
0.011600814131 -0.00138391843296 0.00475787164879 0.01041616541 0.00191655626129 0.00267559295239 0.00750180393123 0.00419149503331 0.998904115479 0.00955517818085 0.00103980434639 0.014492447156 -0.0177060460115 0.00172620329637 0.0169668729435 -0.000928997403093 -0.0159231482595 -0.00378775699899 -0.0105055062066 0.0073513215523 0.014929751248 0.000873389971433 -0.00755987037735 -0.000417508466691 0.00837225035263 -0.00929072809858 0.00612153159344 0.0136558229777 0.00694303296833 -0.00199013182777 0.00391761201573 0.0129618386296 0.0238019222167 -0.00226457304887 -0.00225525119755 0.0192346894262 -0.00789231136781 0.015020516023 -0.000564688834543 0.0124463287151 0.00945160378987 0.0180013899896 0.00999598695934 0.0383469144735 0.00142962180247 0.0021783309458 0.0230990474253 -0.00483563607793 0.0395757540615 -0.00105766165582 
0.0332371990042 0.0327846659752 0.00354022584432 0.0364425734267 0.0161992659995 0.029976415899 0.0137131464894 0.0107736905291 0.00955517818085 0.228654100527 0.00416004958447 0.0197626689047 0.0110821066904 1.2106575947e-05 0.0326252034678 0.018645744388 0.0102067732066 0.00452105986731 0.01496580837 0.0195443964774 0.0200427373109 0.0155077870277 0.0274142894013 0.00403298046466 0.00955998336139 0.0183744185471 0.00306969901246 0.0033382980565 0.00722996125471 0.0111789149586 0.0107073617978 0.0233775199139 0.0283360983341 -0.00671284701954 0.00590039043954 0.00782585671143 0.0168392440903 0.0031499986561 0.0164661142704 0.0227220750536 0.0178205547927 0.0214125300468 0.0232112564858 0.0271550156375 0.0439211442267 0.0268403602301 0.0229122165954 0.00261284255365 -0.00469000161674 0.00608129339647 
0.0191362762419 0.0132709899973 -0.0138836782939 -0.00082822444226 0.0173236175794 0.00647050214547 0.021914591888 0.000831641833667 0.00103980434639 0.00416004958447 0.14282586468 0.0125598396291 0.0107881925521 0.0147889581267 0.00938786014234 0.00797472292171 0.00885217953291 0.0131899353598 0.0105628053453 0.014953618968 0.0248556245521 0.0088884231574 0.00499415335934 0.00410600712172 0.00306806302785 0.0131885963111 0.0131700401103 0.00866373336879 0.0254145934239 0.0120937285857 0.0205218179095 0.00795551046068 0.00764166896441 0.000903398431636 0.0311321456259 0.0259103156858 0.0036955510905 0.0184481327759 0.00161232693492 0.0241166334089 0.0114664023972 0.0154700164351 0.0104520311069 0.0177104183244 -0.0115799816452 0.020917089437 0.0289783265923 0.012843025291 0.0277319115688 -0.000295789831978 
0.0238269472847 0.000953743973876 0.0108471239741 0.00936584359777 0.0249640931147 0.00564452668476 0.00303061580283 0.00124845628898 0.014492447156 0.0197626689047 0.0125598396291 0.328266271448 0.00974948923831 0.00972817537411 0.0171235700565 0.0088795771515 0.0223170767177 0.0255159917421 0.0105219290476 0.0481799142461 0.0167825146367 0.0112467897652 0.0313029066514 0.0117345265292 0.00472184960184 0.00713432864093 0.00711083581182 0.00660454575775 0.00691705917619 0.00614273338836 0.0189979637687 0.0145820507988 0.0175044553556 0.0182172568962 0.0122403699271 0.00690984258873 0.027132218529 0.0165571652687 -0.000327481784982 0.0206797593254 0.00976424101247 0.004500055178 0.0214450457847 0.0433475026619 0.0181361441421 0.00797090304903 0.0206562175655 0.0350108647539 0.00643176077536 0.00725351649833 
0.0575423754588 -0.00143450162146 -0.0175063962223 0.0194395905475 0.0369507970177 0.0145932441743 0.030612683346 0.0253946685873 -0.0177060460115 0.0110821066904 0.0107881925521 0.00974948923831 0.390571538569 0.00878089144842 0.0552335149955 0.0301752488215 0.0107530433871 -0.00453937632002 0.0303880007408 0.0162618369586 0.0124526981076 0.0107086800331 0.0211606574363 0.0106654073272 0.00637052050444 0.0315752718736 0.000169333660273 0.0145986792021 0.00763082242435 0.0423612271721 0.018787079452 0.0288281608309 0.0334618989299 0.0394234821238 0.0159914080023 0.00562081420833 0.0464372790743 0.0193278544632 0.012943571344 0.0238736116481 0.0315439764981 0.00136061309889 0.0344043103933 0.00499594406701 0.00524625295492 0.0257650038014 0.0331801054181 0.0217649550948 0.0448338136953 0.0145278252541 
0.00986903894517 0.0126120048794 -0.00276813920709 -0.00148508525896 0.00360750320949 -0.0064183963776 0.0233357514918 0.0131325593715 0.00172620329637 1.2106575953e-05 0.0147889581267 0.00972817537411 0.00878089144841 0.141511909014 0.0181171784349 0.0177795082413 0.000659377182817 0.0102239231012 0.00261934452465 0.0104875101858 0.0186733937208 0.0239516381114 0.0276311122743 0.0426931268567 0.00514401402902 -0.00350780112546 0.013931886092 0.0495718150814 0.00762812188777 0.0100155763401 0.0436266315278 0.00040360547537 0.00320382360121 0.0456415806001 0.0227481258496 0.00610329854219 -0.00595966256497 0.0200820361497 0.0155572980177 0.0203795568574 -0.00042440539399 0.009932869016 0.0140534818303 0.0163678845588 0.0142266166226 0.0165730042857 0.00946872273836 0.000593509233072 0.00951553152046 0.00323485746387 
0.0844442616555 0.0530559998912 0.0327404080865 0.0535667548977 0.038473409102 0.0241119223756 0.0108185937296 0.116975003195 0.0169668729434 0.0326252034678 0.00938786014234 0.0171235700565 0.0552335149955 0.0181171784349 0.893300065702 0.0326092823539 0.0387610692403 0.00181233748486 0.00600688030857 0.0359286221396 0.0193181948327 0.0218585615404 0.0148645370097 0.0183277018682 -0.0234819492811 0.0261877065032 -0.00208807402037 0.0165959686496 0.00909693353753 0.0722295230648 0.00838835690151 0.00510567192571 0.023730614875 0.003446462081 0.0139384296106 0.052476223046 0.020640636861 0.0144866008921 0.000341824713898 0.0440007069119 0.0381847054561 0.0400571776427 0.0451865753951 0.11327870585 0.0596966927402 0.0305893767687 0.00937520538618 -0.00792961213451 0.0038863347794 -0.000567496243099 
0.0505714726575 0.0148514471043 0.00359649537675 -0.00626082037892 -0.00970950554822 0.0336984012185 0.00932174261547 -0.00346772909798 -0.000928997403102 0.018645744388 0.00797472292171 0.0088795771515 0.0301752488215 0.0177795082413 0.0326092823539 0.537096599165 0.0202149636703 0.0105111657813 0.00829142751253 -0.0163664398897 0.0175051576112 0.0194208186755 0.0226143559422 0.0223949558072 0.0282042172182 -0.0152269741085 -0.00531238370038 0.0232708948649 0.0391178766028 0.0172568158251 0.0206493262258 -0.00176776430387 0.0480681821498 0.053356534075 0.0103944497416 0.00753222152905 0.00951315093485 0.0043318055777 0.0158770912877 0.0392704177945 0.0480386091463 0.0329100742487 0.0212569781008 0.122684957792 0.142185406691 0.015452145231 -0.0110618324313 0.00503553761044 0.0177047905493 0.0131476271427 
0.0274309446429 0.00851506326459 0.00547233361231 0.0178566314715 0.00298946307062 0.0153472394878 0.00771906369827 0.0192145894317 -0.0159231482595 0.0102067732066 0.0088521795329 0.0223170767177 0.0107530433871 0.000659377182829 0.0387610692403 0.0202149636703 0.318266495993 0.0224815983473 -0.00466047006444 0.0398561027916 0.0135790393016 0.0142483003271 0.0108446824864 0.022637777019 0.00296310770497 0.0218057293207 0.0149596542432 0.00961861027951 0.0895686974287 0.0187187666259 0.0032971386224 0.0117966770485 0.0214688795439 0.0269685202531 0.00964620720045 0.0173029469969 0.02860519701 0.00622372373267 0.00384524909364 0.0345439907136 0.0222635218437 0.0305386229629 0.0237661096593 0.0259448255472 0.00903140834761 0.00697599832951 0.00567122611116 -0.00153681457428 0.0247944747731 0.00731784835163 
0.00972246980372 0.0230955431022 -0.00469948961765 0.0094569904126 0.027097921951 0.00318422756916 0.0150694682675 0.00411510111891 -0.00378775699899 0.00452105986731 0.0131899353598 0.0255159917421 -0.00453937632002 0.0102239231012 0.00181233748486 0.0105111657813 0.0224815983473 0.2034840622 0.00648632479914 0.038519936059 0.000324969963773 0.024751658574 -0.00771332928698 0.0142886728016 0.00825997002345 0.0197240353596 0.0156570692563 0.00735772104567 -0.000668742119891 0.0161150230109 0.00896366180231 0.0168663155656 0.00765548088266 0.0165714600341 0.021682640973 0.0133250019996 0.00995554368611 0.0152173856084 0.0118425889018 0.0185629937269 0.0126343221441 0.0113460236761 0.0120102812171 0.0250639014296 0.00300304500303 0.0203823551897 0.0149985754414 0.0127122321771 0.0252400981614 0.00460036753941 
0.00436213622125 0.0171492646762 0.029905759491 0.0229254567065 0.0152537757812 0.00268423957964 -0.00605642654001 0.00934127940278 -0.0105055062066 0.01496580837 0.0105628053453 0.0105219290476 0.0303880007408 0.00261934452465 0.00600688030857 0.00829142751254 -0.00466047006444 0.00648632479914 0.532108503823 -0.00625406749767 0.00532396981911 0.00914452648774 0.0158855176171 -0.0113270118507 0.0138563142965 0.0184855308283 0.00611369164726 0.000168701610003 -0.00462693601932 0.0257662989227 0.00284167925736 0.00794735152971 0.0156017409807 -0.000434280581363 0.0258416824357 0.0021421420725 0.0172221479949 0.0140693009579 -0.00220956884126 0.00972924664547 0.0121830991133 -0.00512478454841 -0.00274405655078 -0.0217870631552 -0.00995443860759 -0.00258173650898 0.0187777982419 0.00561719720504 0.0145262407149 0.0118287590529 
0.036319354504 0.0337730853001 -0.000866550025987 0.0212467689501 0.0324309568823 0.0201458918175 0.0320541729025 -0.00939780368049 0.00735132155229 0.0195443964774 0.014953618968 0.0481799142461 0.0162618369586 0.0104875101858 0.0359286221396 -0.0163664398897 0.0398561027916 0.038519936059 -0.00625406749769 0.399023993786 0.0192482229423 0.0149609609974 0.0201221402804 0.0100266914824 0.0142220496507 0.0334088131986 0.0164727969253 0.0124972465379 0.00895997759679 0.0421975066932 0.00789882190904 0.0173781517976 0.0340308522254 -0.00855358758628 0.0333643859142 0.0156693758914 0.0175130251427 0.0146600842355 0.00154819231179 0.0355477454177 0.0211411107807 0.0165803231657 0.0276764774475 -0.00355121129195 0.00417676374167 0.0182498462232 0.0316806541894 0.026268201575 0.035996864001 0.00968237489709 
0.0360421994833 0.0236571564536 0.00172832610562 0.0243838732368 0.0127877843571 0.0226197882022 0.0255296850397 0.0233492329864 0.014929751248 0.0200427373109 0.0248556245521 0.0167825146367 0.0124526981076 0.0186733937209 0.0193181948327 0.0175051576112 0.0135790393016 0.000324969963777 0.00532396981911 0.0192482229422 0.201969913298 0.00448572106787 0.00916529324989 0.00908111721323 0.0109020940121 0.0173044507418 -0.00178469819368 0.0226469496542 0.0271221936463 0.0210559621931 0.0227030329555 0.0136816562042 0.0243474473857 0.0130124019281 0.0379542846744 0.0385084181939 0.0198895267334 0.0128396098178 0.011739483035 0.0272215166444 0.019610936941 0.00387784655229 0.0107655866006 0.0437582041957 0.0161578443469 0.0207099167593 0.0361799483771 0.0173242517105 -0.0020801343568 0.00756465912955 
0.027827618151 0.00929988607056 -0.00175831836561 0.00469362521266 0.0106984944001 0.0211678996001 0.00300038852794 0.0189733944097 0.000873389971428 0.0155077870277 0.0088884231574 0.0112467897652 0.0107086800331 0.0239516381114 0.0218585615404 0.0194208186755 0.0142483003271 0.024751658574 0.00914452648774 0.0149609609974 0.00448572106788 0.264109844818 0.0111658671401 0.0266430100419 -0.00461309139541 -0.00137787974207 0.0123873451274 0.0042871157929 0.0108718431325 0.0147412667559 -0.00364212508778 0.0142200403636 0.0275250859658 0.0142472720775 0.0227921838786 0.0190167707681 -0.00196255724546 0.00698803542024 0.00123815024 0.0222757221602 0.0318464619221 0.011770073109 0.0229826460572 -0.0190289555896 0.0125989406791 0.0149482094108 0.0172279245207 0.0184877949055 0.0157074575005 0.00434650922253 
0.028274584482 0.0134713026696 -0.0241635340003 0.0184807691822 0.0211353042552 0.00733241531661 0.00241152634756 0.0076941281365 -0.00755987037736 0.0274142894013 0.00499415335935 0.0313029066514 0.0211606574363 0.0276311122743 0.0148645370097 0.0226143559422 0.0108446824864 -0.00771332928698 0.0158855176171 0.0201221402804 0.0091652932499 0.0111658671401 0.277579949429 0.00745065093417 0.00442152223603 -0.00383780896483 0.00651915762737 0.0265338432253 -0.0105028453818 0.00641057000705 0.00668177478587 0.0223988894082 0.0117157225554 0.0144468941675 0.0107778277188 0.021246517954 0.00530839219573 -0.00190410812201 0.00834615258882 0.0276255319215 0.0137575353498 0.0244357338957 0.0256354997953 0.0524594728856 0.0143564302242 0.0134664697443 0.01907156552 0.0029029375182 0.00693598129752 0.0196561840436 
0.0223776070047 0.00972361126546 0.010848130216 0.000531925932101 0.00152831567149 0.010094564132 0.0195972295593 -0.0059529741389 -0.000417508466695 0.00403298046465 0.00410600712172 0.0117345265292 0.0106654073272 0.0426931268567 0.0183277018682 0.0223949558072 0.022637777019 0.0142886728016 -0.0113270118507 0.0100266914824 0.00908111721323 0.0266430100419 0.00745065093418 0.222535461841 0.0291155120789 -0.00703681957254 0.0123479210795 0.0501391667485 0.00763931927227 0.0201757161301 0.0271259337787 0.00266517183703 0.00473984474912 0.0440944609922 0.0153511786483 0.00703464187305 0.00119508404513 -0.000350424573792 0.0128239020484 0.0159603091325 0.00353407906327 0.00042478330915 0.00632993463224 0.00243004254935 0.0181915241314 -0.00147436845259 -0.00724730699752 0.000195024480641 0.0284592554884 0.00391948428822 
0.0207644851577 0.0138259813764 0.00248488441849 0.0178301053942 -0.000413186849863 0.0125128799608 0.00753851235948 0.00171559697179 0.00837225035263 0.0095599833614 0.00306806302785 0.00472184960184 0.00637052050445 0.00514401402902 -0.0234819492811 0.0282042172182 0.00296310770497 0.00825997002345 0.0138563142965 0.0142220496507 0.0109020940121 -0.00461309139541 0.00442152223603 0.0291155120789 0.980929879999 0.00578704730878 -0.00903217853102 0.0173528586139 0.0058631118974 0.0207181812908 -0.00274387017868 0.0171111683204 0.0331736686894 0.0126937160137 0.0109663786899 0.00383182894359 0.0101453782769 0.0106967336007 -0.00166552471423 0.00208497446891 0.0210814090376 0.00339565156995 0.00550558487554 -0.011841874124 0.017260746245 0.0225500305165 0.0139507210217 -0.00571116345098 0.00525669513845 -0.000681453432577 
0.0184217698525 0.00819370353972 -0.0233243519706 0.0137866126861 0.0379611093747 0.0159095774519 0.0182444998657 0.00468741864109 -0.00929072809859 0.0183744185471 0.0131885963111 0.00713432864093 0.0315752718736 -0.00350780112546 0.0261877065032 -0.0152269741085 0.0218057293207 0.0197240353596 0.0184855308282 0.0334088131986 0.0173044507418 -0.00137787974207 -0.00383780896482 -0.00703681957254 0.00578704730877 0.274976688132 -0.00823889944541 3.77213875555e-05 0.0135325808564 0.048102524835 0.00255943197639 0.0231053459634 0.0109297656034 0.00193546201781 0.00727583172961 -0.00776787078462 0.0403697968864 0.0160729024539 0.0134281258735 0.028845436468 0.0170495582585 0.00746689873561 -0.00603704677546 -0.0232063369306 -0.0266778445808 0.0117875413781 0.00619277840238 0.0184923936428 0.0088966427678 0.00600722242363 
0.0157234812636 -0.00303583962104 0.00431729752357 0.0135051089399 -0.00510394955761 0.0111467009254 0.0118002685323 0.00832518306842 0.00612153159344 0.00306969901246 0.0131700401103 0.00711083581182 0.000169333660274 0.0139318860919 -0.00208807402037 -0.00531238370038 0.0149596542432 0.0156570692563 0.00611369164726 0.0164727969253 -0.00178469819368 0.0123873451274 0.00651915762737 0.0123479210795 -0.00903217853102 -0.00823889944541 0.225259135953 0.00992544159254 0.00959753096338 -0.0118545772407 -0.00648085758987 0.00157210218693 0.0076813274415 0.00215589888575 0.0113009515712 -0.00189406370737 -0.00418688054148 0.0056682080558 0.00610022866307 -0.00132804073889 -0.00231497810665 0.00038536038609 0.00160259752697 0.00568796098136 0.0102887941068 0.0193280471495 0.00251997275888 0.00699607686556 0.00907408352943 0.00580611489023 
0.0168544558228 0.00854621314346 -0.0182413589104 0.00766045455063 -0.00334745709372 0.00910458974558 0.0200091432666 0.017495954503 0.0136558229777 0.0033382980565 0.00866373336879 0.00660454575775 0.0145986792021 0.0495718150814 0.0165959686496 0.0232708948649 0.00961861027951 0.00735772104567 0.000168701609992 0.0124972465379 0.0226469496542 0.0042871157929 0.0265338432253 0.0501391667484 0.0173528586139 3.77213875518e-05 0.00992544159254 0.187858979082 -0.00053812231236 0.0189472426047 0.038375418328 0.00808985562767 0.0125021204378 0.0584788022996 0.0104321751148 0.00640236445295 0.00371546512496 0.0104142754322 0.020931064971 0.0223703528699 0.0129286807978 0.00592901526855 0.0190088152838 0.0304148427805 0.0219056382518 0.00843801464332 0.0181500174789 0.00941602143415 0.0225963325404 0.0119130106822 
0.0147643984356 0.000526734512756 -0.00535325542017 0.00511890464842 0.0138889434279 -0.00959398546164 0.0266577725975 -0.00774020554324 0.00694303296833 0.0072299612547 0.0254145934239 0.00691705917618 0.00763082242437 0.00762812188777 0.00909693353754 0.0391178766029 0.0895686974287 -0.000668742119895 -0.00462693601928 0.00895997759677 0.0271221936463 0.0108718431325 -0.0105028453818 0.00763931927228 0.0058631118974 0.0135325808564 0.00959753096338 -0.000538122312354 0.507716155444 0.0147668314898 0.00717508246647 0.0216921221886 0.00609968443935 0.0492743235862 0.01486973366 0.00635543406928 0.00354771377231 0.0188534813296 0.00326023903018 0.00227390494625 0.0151389639181 0.0194414949791 0.0210961335851 0.0369362855725 0.0195548963533 0.0102563527086 0.0139808621873 0.00927868068612 0.0396437904644 0.0115153133659 
0.0369537175392 0.00188519973174 0.0101226212044 0.0225833041807 0.0277786977103 0.0257573373803 0.0190689361326 0.00831155165019 -0.00199013182778 0.0111789149586 0.0120937285857 0.00614273338836 0.0423612271721 0.0100155763401 0.0722295230648 0.0172568158251 0.0187187666259 0.0161150230109 0.0257662989227 0.0421975066932 0.0210559621931 0.0147412667559 0.00641057000705 0.0201757161301 0.0207181812908 0.048102524835 -0.0118545772407 0.0189472426047 0.0147668314898 0.332268228609 0.0144632667635 0.011682364466 0.0423674788612 0.0152556012249 0.0346274780896 0.0474061755145 0.046695519747 0.0112477743963 0.00388926034892 0.0239387442565 0.0310631163969 0.0135091857736 0.0195251811271 -0.00422367761464 0.00646913486399 0.015161863303 0.0245925902091 0.0499666096116 0.0295197357592 0.014180636241 
0.00323613222043 0.0169607643941 -0.0218223408885 -0.00559473459335 0.00626231870601 0.00595258596121 0.0260784938596 0.00697478091159 0.00391761201573 0.0107073617978 0.0205218179095 0.0189979637687 0.018787079452 0.0436266315278 0.00838835690151 0.0206493262258 0.0032971386224 0.00896366180231 0.00284167925734 0.00789882190905 0.0227030329555 -0.00364212508778 0.00668177478587 0.0271259337787 -0.00274387017868 0.00255943197639 -0.00648085758988 0.038375418328 0.00717508246646 0.0144632667635 0.199748782211 0.00658174905493 0.0154775012357 0.0399554270557 0.00689312561711 0.0124688380269 0.00826253968063 0.0197568142543 0.0157362775789 0.0205597828595 0.00167886395685 0.000915441276841 0.018717458307 0.0140672857885 0.015441830359 0.0130102907835 0.0069764514302 0.0140123323368 0.0128953891909 0.0073262517784 
0.0280163127406 0.0134020616249 -0.00802987534526 0.0289581061599 0.0187925312978 0.0111059701478 0.0242220333015 0.00888664069708 0.0129618386296 0.0233775199139 0.00795551046068 0.0145820507988 0.0288281608309 0.000403605475355 0.00510567192571 -0.00176776430386 0.0117966770485 0.0168663155656 0.00794735152971 0.0173781517976 0.0136816562041 0.0142200403636 0.0223988894082 0.00266517183704 0.0171111683204 0.0231053459634 0.00157210218694 0.00808985562768 0.0216921221886 0.011682364466 0.00658174905493 0.179973425557 0.0374409867485 0.004058256849 0.0104523999825 0.0168677446691 0.0315176176746 0.0407003852804 0.0126872782777 0.0294375119971 0.0141649685425 0.0106750514315 0.0121966327799 0.0178260708065 0.00356664755856 0.0159148892032 0.0162642161421 0.0115558382358 0.0249194021965 0.00267504314464 
0.0619225107087 0.0282758525655 -0.0324522233814 0.0405940125826 0.0272548136374 0.0502387876701 0.0230555379086 0.00117826243908 0.0238019222167 0.0283360983341 0.00764166896441 0.0175044553556 0.0334618989299 0.00320382360121 0.023730614875 0.0480681821498 0.0214688795439 0.00765548088266 0.0156017409807 0.0340308522254 0.0243474473857 0.0275250859658 0.0117157225554 0.00473984474912 0.0331736686894 0.0109297656034 0.0076813274415 0.0125021204378 0.00609968443935 0.0423674788612 0.0154775012357 0.0374409867485 0.466218856963 0.0131624997807 0.0118942180821 0.0312943270078 0.023314461502 0.0121497261903 0.00682447918026 0.047676175648 0.0306102797963 0.0352600693751 0.0296806478134 0.0268447492551 0.0543670292773 0.0200137280409 0.00774529875285 0.0442695961642 0.00992956135488 0.00634734634525 
0.0233435777793 0.0186205112766 -0.00043648191134 0.00457968636005 -0.0120527566622 0.000587269494547 0.0156334529023 0.00138137218658 -0.00226457304888 -0.00671284701954 0.000903398431634 0.0182172568962 0.0394234821238 0.0456415806001 0.003446462081 0.053356534075 0.0269685202531 0.0165714600341 -0.000434280581373 -0.00855358758629 0.0130124019281 0.0142472720775 0.0144468941675 0.0440944609922 0.0126937160137 0.00193546201781 0.00215589888575 0.0584788022996 0.0492743235862 0.0152556012249 0.0399554270557 0.004058256849 0.0131624997807 0.235261171757 0.0171931193972 -0.000690902404576 0.01005078052 0.0235271813753 0.0201676018706 0.0242312882683 0.0179153657337 0.00844447939547 0.0157539147094 0.0210116925646 0.0331695762032 0.0100117918914 0.0182781267616 0.0127793981016 0.0277401658412 0.00834822066538 
0.0313128105455 0.0153086935857 -0.00932522067843 0.0043248498069 0.0154234312001 0.0212682775303 0.0329937545966 0.0134896906613 -0.00225525119756 0.00590039043954 0.0311321456259 0.0122403699271 0.0159914080023 0.0227481258496 0.0139384296106 0.0103944497416 0.00964620720045 0.021682640973 0.0258416824357 0.0333643859142 0.0379542846744 0.0227921838787 0.0107778277188 0.0153511786483 0.0109663786899 0.00727583172961 0.0113009515712 0.0104321751148 0.01486973366 0.0346274780896 0.00689312561712 0.0104523999825 0.0118942180821 0.0171931193972 0.171817251242 0.0377952157863 0.0112745054453 0.0152267303686 0.000410483805461 0.0337187754447 0.0251721200804 0.0204660529462 0.0202376618115 0.0151482751585 0.000705708323785 0.0179535082479 0.0503445059455 0.0124749349666 0.0198599094407 0.0116133944609 
0.0366674589342 0.0233991248846 -0.0096382642356 0.0355615533108 0.0482079735346 0.014481984213 0.0339485267638 -0.00217319631628 0.0192346894262 0.00782585671143 0.0259103156858 0.00690984258873 0.00562081420833 0.00610329854219 0.052476223046 0.00753222152906 0.0173029469969 0.0133250019996 0.00214214207251 0.0156693758914 0.0385084181939 0.0190167707681 0.021246517954 0.00703464187305 0.00383182894358 -0.00776787078462 -0.00189406370737 0.00640236445295 0.0063554340693 0.0474061755145 0.0124688380269 0.0168677446691 0.0312943270078 -0.000690902404574 0.0377952157863 0.456903904052 -0.00657949659727 0.0160157291047 0.00356152676135 0.0396979527656 0.0132824781305 0.0360213529734 0.0139801711602 -0.00382955131043 0.00309680092969 0.0131494523467 0.0470750523521 0.0364987242485 0.0219736748997 0.00879406663088 
0.0243344041323 0.0149506470099 0.0197736822739 0.00616963373187 0.0244603163219 0.0452016296682 0.0147942063118 -0.000537663541513 -0.00789231136782 0.0168392440903 0.0036955510905 0.027132218529 0.0464372790743 -0.00595966256496 0.020640636861 0.00951315093485 0.02860519701 0.00995554368611 0.0172221479949 0.0175130251428 0.0198895267334 -0.00196255724546 0.00530839219573 0.00119508404513 0.0101453782769 0.0403697968864 -0.00418688054148 0.00371546512496 0.0035477137723 0.046695519747 0.00826253968063 0.0315176176746 0.023314461502 0.01005078052 0.0112745054453 -0.00657949659727 0.34730483875 0.0137786383865 0.00321742958585 0.0317883963219 0.00997187532927 0.00542091571556 0.0178976920928 -0.0275018150962 -0.00236139462865 0.0182769285686 0.0124929913817 0.0278722527957 0.00857341186646 -0.000696208466889 
0.0279708282737 0.01628180233 0.00371146944191 0.00703754296652 0.0117874889016 0.0131794034324 0.0223347067277 0.00891003688694 0.015020516023 0.0031499986561 0.0184481327759 0.0165571652687 0.0193278544632 0.0200820361497 0.0144866008921 0.0043318055777 0.00622372373268 0.0152173856084 0.0140693009579 0.0146600842355 0.0128396098178 0.00698803542025 -0.00190410812201 -0.000350424573804 0.0106967336007 0.0160729024539 0.00566820805579 0.0104142754322 0.0188534813296 0.0112477743963 0.0197568142543 0.0407003852804 0.0121497261903 0.0235271813753 0.0152267303686 0.0160157291047 0.0137786383865 0.159266435667 0.0211146177509 0.014967853667 0.0185399087325 0.00671041322739 0.0210495978072 0.00542416535958 0.00352215227174 0.0169300954321 0.0219309106397 0.00438576656864 0.0100415822091 0.0114700529958 
0.0469953356 0.0163281954373 -0.00245364060337 0.0227404117823 -0.0114765887105 0.00556461351582 0.0191979548237 0.0101501115836 -0.000564688834547 0.0164661142704 0.00161232693491 -0.000327481784983 0.012943571344 0.0155572980177 0.000341824713898 0.0158770912877 0.00384524909364 0.0118425889018 -0.00220956884126 0.00154819231179 0.011739483035 0.00123815024 0.00834615258882 0.0128239020484 -0.00166552471423 0.0134281258735 0.00610022866307 0.020931064971 0.00326023903018 0.00388926034892 0.0157362775789 0.0126872782777 0.00682447918026 0.0201676018706 0.000410483805459 0.00356152676135 0.00321742958585 0.0211146177509 0.273254902923 0.0194081511265 0.0122137641051 0.0184207599002 -0.0019050019239 0.0141444947972 0.00223240521446 -0.00337793268555 0.0137195621496 0.0064700745447 0.0293398501974 0.00578601033761 
0.0502877664685 0.0399582847327 0.0026003836743 0.0390181934349 0.0235945492168 0.0324030435801 0.0176569961256 0.0232551450208 0.0124463287151 0.0227220750536 0.0241166334089 0.0206797593254 0.0238736116481 0.0203795568574 0.0440007069119 0.0392704177945 0.0345439907136 0.0185629937269 0.00972924664547 0.0355477454177 0.0272215166444 0.0222757221602 0.0276255319215 0.0159603091325 0.0020849744689 0.028845436468 -0.00132804073889 0.0223703528699 0.00227390494626 0.0239387442565 0.0205597828595 0.0294375119971 0.047676175648 0.0242312882683 0.0337187754447 0.0396979527656 0.0317883963219 0.014967853667 0.0194081511265 0.275354254514 0.0351000667689 0.0452431162545 0.0252556422893 0.00970680661031 0.0302679853575 0.0371184037248 0.0416809324109 0.032333843447 0.025679807199 0.00715768005306 
0.0468195175963 0.0315767204319 -0.00688114633921 0.0212053724269 0.00321986247141 0.0551358827909 0.0122812470231 0.00171247836218 0.00945160378986 0.0178205547927 0.0114664023972 0.00976424101248 0.0315439764981 -0.000424405393999 0.0381847054561 0.0480386091463 0.0222635218437 0.0126343221441 0.0121830991133 0.0211411107807 0.019610936941 0.0318464619221 0.0137575353498 0.00353407906327 0.0210814090376 0.0170495582585 -0.00231497810665 0.0129286807978 0.0151389639181 0.0310631163969 0.00167886395685 0.0141649685425 0.0306102797963 0.0179153657337 0.0251721200804 0.0132824781305 0.00997187532927 0.0185399087326 0.0122137641051 0.0351000667689 0.250799719572 0.0520872008594 0.0409862375581 -0.00730597967639 0.0274806603976 0.0180414756156 0.0277399606388 0.013645563222 0.0194719670062 0.00770268932569 
0.0470468861556 0.0391003892024 0.0152249940269 0.0209329876408 0.00580463918779 0.0427397220924 0.0146170304795 0.00937137236822 0.0180013899896 0.0214125300468 0.0154700164351 0.00450005517799 0.00136061309888 0.00993286901601 0.0400571776427 0.0329100742487 0.0305386229629 0.0113460236761 -0.00512478454841 0.0165803231657 0.0038778465523 0.011770073109 0.0244357338957 0.000424783309147 0.00339565156995 0.00746689873561 0.000385360386087 0.00592901526854 0.0194414949791 0.0135091857736 0.000915441276838 0.0106750514315 0.0352600693751 0.00844447939547 0.0204660529462 0.0360213529734 0.00542091571556 0.00671041322738 0.0184207599002 0.0452431162545 0.0520872008594 0.28978388791 0.0337698587641 0.0128115205644 0.0293767930844 0.010786004459 0.0215641537774 0.0161931873887 0.0248975600923 0.00716244388517 
0.0401639883066 0.0259831725615 -0.00500019152251 0.0257700142261 0.0060125850744 0.0178683570738 0.0163054133013 0.0167781304167 0.00999598695934 0.0232112564858 0.0104520311069 0.0214450457847 0.0344043103933 0.0140534818302 0.0451865753951 0.0212569781008 0.0237661096593 0.0120102812171 -0.00274405655078 0.0276764774475 0.0107655866006 0.0229826460572 0.0256354997953 0.00632993463225 0.00550558487553 -0.00603704677546 0.00160259752697 0.0190088152838 0.0210961335851 0.0195251811271 0.018717458307 0.0121966327799 0.0296806478134 0.0157539147094 0.0202376618115 0.0139801711602 0.0178976920928 0.0210495978072 -0.0019050019239 0.0252556422893 0.0409862375581 0.0337698587641 0.223609727568 0.00688020696716 0.023522360412 0.0130249961267 0.0279385025474 0.00505188116411 0.011691895176 0.0156163475685 
0.00403950195611 0.0132817744715 -0.0195051790094 0.00413792114463 -0.00363061693453 -0.0070978397832 0.0206242489593 -0.00556351638725 0.0383469144735 0.0271550156375 0.0177104183244 0.0433475026619 0.00499594406701 0.0163678845588 0.11327870585 0.122684957792 0.0259448255472 0.0250639014296 -0.0217870631552 -0.00355121129195 0.0437582041957 -0.0190289555896 0.0524594728856 0.00243004254935 -0.011841874124 -0.0232063369306 0.00568796098136 0.0304148427805 0.0369362855725 -0.00422367761464 0.0140672857885 0.0178260708065 0.0268447492551 0.0210116925646 0.0151482751585 -0.00382955131043 -0.0275018150962 0.00542416535958 0.0141444947972 0.00970680661031 -0.00730597967639 0.0128115205644 0.00688020696716 8.19233286793 0.094899970512 0.0115948035303 0.00461116165477 -0.00416624771943 -0.0066249832583 0.00603757999351 
0.0370972526128 0.0182403161538 0.0228722562983 0.0605094591098 0.00175018101327 0.0197171362917 -0.00826701060226 0.0468059198179 0.00142962180246 0.0439211442267 -0.0115799816452 0.0181361441421 0.00524625295492 0.0142266166226 0.0596966927402 0.142185406691 0.0090314083476 0.00300304500303 -0.00995443860755 0.00417676374166 0.0161578443469 0.0125989406791 0.0143564302242 0.0181915241314 0.017260746245 -0.0266778445808 0.0102887941068 0.0219056382518 0.0195548963533 0.00646913486399 0.015441830359 0.00356664755856 0.0543670292773 0.0331695762032 0.000705708323782 0.00309680092968 -0.00236139462865 0.00352215227174 0.00223240521446 0.0302679853575 0.0274806603976 0.0293767930844 0.023522360412 0.094899970512 0.451504232439 0.0132374874638 -0.0166388516059 0.0248479840605 -0.0129679795396 0.00507986232141 
0.0159038328141 0.0140004034695 0.0147004889303 0.0160510852576 0.0117446690116 0.0129497586509 0.00112011169438 0.00150395071155 0.00217833094579 0.0268403602301 0.020917089437 0.00797090304903 0.0257650038014 0.0165730042857 0.0305893767687 0.015452145231 0.00697599832951 0.0203823551897 -0.00258173650898 0.0182498462232 0.0207099167593 0.0149482094108 0.0134664697443 -0.0014743684526 0.0225500305165 0.0117875413781 0.0193280471494 0.00843801464331 0.0102563527086 0.015161863303 0.0130102907835 0.0159148892032 0.0200137280409 0.0100117918915 0.0179535082479 0.0131494523467 0.0182769285686 0.016930095432 -0.00337793268555 0.0371184037248 0.0180414756156 0.010786004459 0.0130249961267 0.0115948035303 0.0132374874638 0.197184248458 0.0110456771345 0.0137298237667 0.0281046041896 0.00244064947818 
0.0393433505762 0.0163460550986 -0.0155453967389 0.0301598760439 0.00923598761763 0.00879358278094 0.0530708416678 -0.0107912439022 0.0230990474253 0.0229122165954 0.0289783265923 0.0206562175655 0.0331801054181 0.00946872273836 0.00937520538618 -0.0110618324312 0.00567122611117 0.0149985754414 0.0187777982419 0.0316806541894 0.0361799483771 0.0172279245207 0.01907156552 -0.00724730699752 0.0139507210217 0.00619277840238 0.00251997275889 0.0181500174789 0.0139808621874 0.0245925902091 0.0069764514302 0.0162642161421 0.00774529875284 0.0182781267616 0.0503445059455 0.0470750523521 0.0124929913817 0.0219309106397 0.0137195621496 0.0416809324109 0.0277399606388 0.0215641537774 0.0279385025474 0.00461116165477 -0.0166388516059 0.0110456771345 0.23837715475 0.0234712201196 0.0149724526148 0.00132812477148 
