60
0.0764707668379 0.0387981152642 0.0418020448473 0.100974868985 0.0307440439862 0.146363775453 0.0335319673985 0.0711634289065 0.0297209295042 0.02392892696 0.0525709156995 0.0952881581377 0.0278380444533 0.116792266476 0.0377989606714 0.00361039022472 0.029419367 0.0054327763703 0.0437869579852 0.0202574279786 0.0361599942098 0.022286409141 0.10135047428 0.164482556217 0.066200000993 0.126958151155 0.0487859931196 0.0512444991133 0.0262343191133 0.140066530531 0.169485482474 0.0448147494519 0.0391901687574 0.0396221554001 0.0549811443135 0.119859861498 0.0316848802341 0.0289058353667 0.0248078828137 0.074230100705 0.0466468708745 0.0144645316835 0.0270000307956 0.0128714932266 0.0231877092109 0.0248608942987 0.0420146984796 0.0426672552596 0.0275926739743 0.0280903462606 0.0271794955288 0.0784336943662 0.0406155741598 0.0223482457603 0.0220144037379 0.371102806834 0.0599327976672 0.023795453615 0.239728898705 0.15717092416 
0.448102445622 0.0281763091195 0.0268464845926 0.0266407222866 0.0213493707889 0.0246837390568 0.0210862738231 0.0111079162808 -0.00568652888578 0.0322089865128 0.0479864034964 0.0628746346316 0.00666653754581 0.000418762004555 0.0402630737557 0.0102137755848 0.00424118552531 0.00898153955132 0.0456502229869 0.0180949298486 -0.00782460264622 0.0252465263528 0.0401499622666 0.063260105326 0.00719733320541 0.0132670550365 0.00598926790665 0.031858733676 0.00869292247536 0.0353959902682 0.0176550663512 0.0358590438106 0.0191476768575 0.0249600063861 -0.000205342298405 0.0164540979668 0.0396957676033 0.017509330006 0.011152189074 0.066311747407 0.00433926288878 0.0202806434818 0.0216698282281 0.00633233687102 0.00400376587894 0.0304743653384 0.0118708457596 0.0202737768901 0.00467456051063 0.0114610741901 0.0161951828145 0.00866036835571 0.0205809426249 0.0294367778372 0.0030409629758 0.0414986580171 0.0256299388381 0.00526772441948 0.0518844939088 0.0478157762047 
0.0281763091195 0.215433175512 0.0396644910228 0.00226812864095 0.0226577833661 0.00965757535416 0.0313748659605 0.0121695442587 0.00558355629135 0.0155124316146 0.0203471125315 0.031527061395 0.00131454703531 0.0153588158338 0.0328906363836 0.0109673339738 0.0126430877254 -0.00671219642011 0.00747233362692 0.0226730887312 0.0137925364197 0.00258880414371 0.0403519254087 0.0014923157647 0.0132120173622 0.0192715221911 0.0199137180326 0.022971891144 0.022101884792 0.0223213471019 0.0168210646405 0.0126297926601 0.0322272929679 0.0159540983216 0.0206853333783 0.0304306669779 0.0184450240749 0.00760005406349 0.017361294187 0.02631632027 0.0168192390487 0.0190604996601 0.0307880486673 0.00346942343413 0.009838485974 0.0132657165452 0.00849133452508 0.0242239893624 0.00328373118496 0.0233495657331 0.00181122800429 -0.00505879345091 0.0207527567405 0.0146954913525 0.0125452218094 0.0395539537513 0.010014755228 0.0227845155966 0.0422412548064 0.0195550757119 
0.0268464845926 0.0396644910228 0.24144953888 0.0198092605924 0.0312465731604 0.0128241181248 0.0369267340523 0.0013279769826 -0.00618112195045 0.0157780659712 0.0283095132693 0.0441716313729 0.00400090401347 0.00881512435791 0.0285167158438 0.00696776644911 0.0267555845478 0.00313048373951 0.0120795557272 0.0373034111457 0.0243372337504 0.0115688003944 0.0257998212077 -0.00820832843453 0.0178831693181 0.0262423314392 0.00473653233874 0.0235191350811 0.0158207471084 0.0172910276692 0.0231767463337 0.0136446726429 0.0213469155743 0.0180575757777 -0.01101111763 0.0199947369343 0.016305459032 0.0153656386924 0.0168959833267 0.0494935351525 0.0112354529191 0.00905612621781 0.0331226533577 -0.00217716657862 -0.000579582122515 0.0170870355169 0.0203011987847 0.0204395982864 0.0101558232669 0.0291822750534 0.0102080060092 0.00377221999253 0.0131460271623 0.00846216411403 0.0171528468069 0.0300709860392 0.00944860368542 0.0148899956038 0.0163013017227 0.0440574211051 
0.0266407222866 0.00226812864095 0.0198092605924 0.461333932612 0.012094802127 0.0408091046308 0.0214744723074 0.0226200169108 0.00684499726436 0.0404171842842 0.0546668935067 0.0766122760568 0.0132932193625 0.027802673226 0.0210623804614 0.0196975084449 0.0115500553404 0.00979486528771 0.00976190631244 0.0125003511802 0.00637021511196 -0.00793416903827 0.0285871947003 -0.00432211640125 0.026730817084 0.0110588577514 -0.000277354148394 0.0357482049347 0.011820364038 0.0177883792323 0.0136935341683 0.0375025363578 0.0157282197809 0.000361115087979 0.00158732059672 0.0212839335311 0.0176169965027 0.0147658548578 0.0121422809198 0.0742989578674 0.0044846369376 0.00860036871551 0.032440995769 -0.0040779028562 0.00801021264282 -0.0037232867266 0.0206097620517 0.00880557409209 0.00505964118824 0.00944324071912 0.00432945033214 0.00956159867911 0.00754186515778 0.0128166627702 0.0133169630065 0.0144863925481 0.0183337674586 0.00296614568141 0.0578404251288 0.0132310980989 
0.0213493707889 0.0226577833661 0.0312465731604 0.012094802127 0.21717128628 0.000339504082127 0.0204788838129 0.00721221466047 0.0156149117843 0.0129536656554 0.0164650478431 0.0330278213412 0.0109947004614 0.0119388188037 0.0198175562243 0.0169276860662 0.01820961142 0.0107050886438 0.0215497221686 0.0337521855961 0.0171945570186 0.00609716027618 0.0275051270781 0.0270871093027 0.0299837216368 0.0185880027923 0.0101520348241 0.0188127918584 0.021733694007 0.0394706277251 -0.00170449846361 0.0176564319929 0.0114583566773 0.0265975633123 0.055757980581 0.0227773552037 0.0190997426501 0.0173817190328 0.0150702522936 0.0568112776352 0.00703008441666 0.0117028913086 0.0120578464198 0.00901578996191 0.00598679023652 0.0372977998176 0.0251016613627 0.0390100628975 0.00823283162564 0.0237428139107 0.0117314978913 0.00789662701945 0.0458083029068 0.0220219975057 0.0179470090653 0.0251852022657 -0.00554300330829 0.0141551909466 0.0239068675237 0.0113873253297 
0.0246837390568 0.00965757535416 0.0128241181248 0.0408091046308 0.000339504082126 0.977130271576 0.00432555604073 0.03286093743 0.0147196732132 -0.0061990503138 0.000213712096191 0.00795189915563 0.0102338775382 0.00822620355478 0.0212669263366 -0.000646028050823 0.008414311436 -0.00338951126131 0.0471984958495 0.00627779724268 0.0166825042047 0.00220703674788 0.0355162471132 -0.016142616857 0.0142415286343 0.0367251145168 0.0495252131831 0.0017760582381 -0.0070454387712 0.03465995493 -0.00242917018125 -0.00641629826399 0.0092276691422 -0.00124285757993 0.00574018142744 0.0244035038897 -0.00923566024473 0.00249311735996 0.00896228268327 0.0413417681902 -0.00227370726766 -0.00242011545317 0.00991390218471 -0.00238608667662 -0.0055057879591 0.0080148116144 0.0123096458364 0.00981376102967 0.00429841932489 0.00258265388322 0.013974675545 0.0129362287732 0.0177415165286 0.0152305395997 0.00317851400796 0.0236227867252 0.0339682696724 0.00690512169319 0.0151150356366 -0.00610375599732 
0.0210862738231 0.0313748659605 0.0369267340523 0.0214744723074 0.0204788838129 0.00432555604073 0.203552255417 0.00317079777653 0.000962197313077 0.0273258839222 0.0236249789999 0.0448788485525 0.0101585547492 0.0067699848661 0.0201351254411 0.0215010531515 0.00860943615149 0.0187815035315 0.0157730450891 0.0273753901168 0.00884250921912 4.57106317764e-05 0.0373681083026 0.00220867396747 0.0178667591155 0.0249904150043 0.0191734881797 0.0219950699799 0.00931504355834 0.0322338930997 0.0110812396398 0.00106580848949 0.0178402738903 0.0154057517033 0.0183020178004 0.0316535277074 0.0194766665445 0.0186952270358 0.0139637895926 0.0449171281251 0.0153731499145 0.0165454895496 0.0359093331599 0.00843139002842 0.00597188321909 0.012242319902 0.012784160593 0.014688767996 0.0151415863148 0.0125750515437 0.00761502076282 0.0122794206242 0.0185893606163 0.0011829746701 0.00271549320266 0.0325158975735 0.017012658706 -0.00132652426533 0.0528631337469 0.0393225363413 
0.0111079162808 0.0121695442587 0.0013279769826 0.0226200169108 0.00721221466047 0.03286093743 0.00317079777653 0.622803872373 0.00759629353409 0.00975814805323 0.00627122990151 0.00851782690186 0.0191474543754 0.0219911094049 0.0320545603771 0.0354224783094 -0.00904391922493 -0.00161709153622 0.0323349588147 0.0138527631943 0.00969284750263 -0.000830475944821 -3.01951899677e-05 -0.00795327836568 -0.00627879252847 0.0266411692936 0.0377194547974 0.00397495847516 0.000626514204571 -0.000381800532864 -0.00497596610527 -0.010760800229 -0.00472562877334 -0.000744886550336 0.117603498643 0.0225646080982 0.00930702856924 0.0210657591291 0.00466878645695 0.0173991611595 0.0344321627676 -0.00553230107198 0.00961175379089 0.00101852047065 0.0252193449009 0.00520415486797 0.00520528745011 -0.00182714523124 0.00621990037781 0.00606498490953 0.00386362006867 0.0062468283251 0.0255982129084 0.00350981362824 0.00426229744459 0.0285651745847 -0.000601355413869 0.0197254539099 0.0267174335443 0.0147221880022 
-0.00568652888578 0.00558355629135 -0.00618112195045 0.00684499726436 0.0156149117843 0.0147196732132 0.000962197313077 0.00759629353409 0.217340335924 0.000632145998122 -0.00556323838569 0.022362558763 0.0157333726109 -0.00228581681616 0.0114553454461 0.00682292001221 0.00654907766831 0.0122790368384 0.00436858855475 0.0131965873577 0.0044155679562 0.00976774911896 0.00195192165443 -0.00251389042857 -0.00061386797777 -0.0132898247501 0.00468968683828 0.00194803463717 0.0108310126357 -0.000875270132213 -0.00838481102104 -0.000733269861149 0.0041186449943 0.00610743042905 0.0117313969921 -0.00577592035051 0.00277468545696 -0.00172358299003 0.0174274313412 0.0161133896006 -0.000557496852908 -0.00216174403958 0.00219285315454 0.0121882723603 0.0046169792541 0.00550627974339 0.01338023424 0.0112746278748 0.0125507943485 0.00580208517477 0.00410267251093 0.00191025986345 0.0168636086705 0.0211488972967 0.00397525562914 0.0142685622566 0.029944432955 0.00134972387521 0.00192975425249 0.0181813501734 
0.0322089865128 0.0155124316146 0.0157780659712 0.0404171842842 0.0129536656554 -0.0061990503138 0.0273258839222 0.00975814805323 0.000632145998122 0.236128551025 0.0195647971691 0.0383626328165 0.00643997905365 0.00415336328148 0.0164006488783 0.0226232841066 0.00387432859459 0.015744240612 -0.00766302123032 0.00628680566367 -0.0115708868737 0.016030476055 0.0202873927284 -0.0033288896727 0.0255276995425 0.0080782057561 0.000344597274414 0.00337484786752 0.0082495146331 0.0274735503564 0.000627533678748 0.00638479542725 0.0218791803307 0.0173792054237 0.00441672821965 -0.00528983035727 0.013358718851 0.003250400842 0.0033597807869 0.0278752020911 0.0033202235818 0.00147236551596 0.0245935426165 0.00562128841269 0.00030348424072 0.0153672210814 0.002479062699 0.00770599240958 -0.00010920483521 0.00635689983227 0.0188715614692 0.00435964028253 0.0138058080354 0.0121597507815 0.00331259098749 0.0338236593217 0.00782360827029 -0.00281330650216 0.0556793173526 0.016653937831 
0.0479864034964 0.0203471125315 0.0283095132693 0.0546668935067 0.0164650478431 0.000213712096192 0.0236249789999 0.00627122990151 -0.00556323838569 0.0195647971691 0.314599216055 0.0442575851816 -0.00706565224412 -0.00417565324566 0.0248003459103 0.0125349515964 0.012412375764 0.0102285601297 0.0100253470789 0.0293239080854 0.000451640235126 0.012618664719 0.0275644203615 0.00292937679399 0.0209807813709 0.00302215431734 0.014924979932 0.0264662639023 0.010454873485 0.0226791726595 0.0160879829388 0.0120653394644 0.00112160761655 0.0113235281858 0.0146339082031 0.039348652677 0.0232649147294 0.0281993448901 -0.0041572646078 0.0409906522087 0.00764477545389 0.00831287075245 0.0209334312985 -0.00952752218421 0.00144031499213 0.0228286668358 0.0186722049611 0.0106539563469 -0.0054077783232 0.0246281866078 0.0016899808639 0.000496791275558 0.0136978622712 0.0206672626564 0.00689220607411 0.0175355742427 0.0283351335063 0.00675483821765 0.038647080915 0.0283027298134 
0.0628746346316 0.031527061395 0.0441716313729 0.0766122760568 0.0330278213412 0.00795189915563 0.0448788485525 0.00851782690186 0.022362558763 0.0383626328165 0.0442575851816 0.49233632444 -0.00101636559339 0.0155898919256 0.046829935903 0.02314667427 0.00840310506845 0.0165117930553 0.0276717357012 0.0440319013089 0.0178438329638 0.0250913776709 0.0366482516354 0.0216521197835 0.0067520014726 0.0610330605987 0.0201858149626 0.0327574000617 0.0287724992085 0.0383863164292 0.00543112619917 0.00547802819112 0.0260418484938 0.0396968128719 0.0195218500326 0.0255861008899 0.0275965875891 0.0290011808689 0.0101949043051 0.2498376728 0.0254407149405 0.00126492246287 0.0320701239701 -0.00551696423755 -0.00243981229468 0.0331613060917 0.023323259058 0.056483992814 0.0119383756427 0.0267650095382 0.0217547529274 0.0306695043436 0.0398424722387 0.0252413273009 0.0135540464778 0.00620750621883 0.035715663952 0.0152633103092 0.0832419663861 0.0542098439481 
0.00666653754581 0.00131454703531 0.00400090401347 0.0132932193625 0.0109947004614 0.0102338775382 0.0101585547492 0.0191474543754 0.0157333726109 0.00643997905365 -0.00706565224412 -0.00101636559339 0.180430053025 0.0071037031232 0.000346030814214 0.0207317930841 0.00926015785358 0.0142712715937 0.00984687677264 0.0211366158673 0.0172163102386 -0.000860011489108 0.0147567153868 0.000261452128072 0.0335369568761 -0.00397192814379 0.00784902313484 0.00361412571255 0.0117816308159 0.0150828830378 0.0115938831792 -0.00364597685127 0.00613127465521 0.0149236789769 0.019833681544 0.00264113276384 0.00513037801614 0.0130691298327 0.00518635183066 -0.00341241397807 0.00971720259788 0.0100018894258 0.00848258557685 0.00992028405539 0.00792027303978 0.00872994804444 0.0105872076225 0.00933949577243 0.00354881828517 0.00981161478532 0.0136521008903 0.0179520845794 0.00788636990707 0.00841506293994 0.0165548808529 -0.00476462088806 0.00886498994464 0.00437441981172 0.00212259023364 0.0188485238993 
0.000418762004555 0.0153588158338 0.00881512435791 0.027802673226 0.0119388188037 0.00822620355478 0.0067699848661 0.0219911094049 -0.00228581681616 0.00415336328148 -0.00417565324566 0.0155898919256 0.0071037031232 0.597548211853 0.00720908822411 -0.00138473627607 0.00383386795514 0.00638032780557 -0.00453688603897 0.00690693225574 0.00458261203314 0.0202709167516 0.00227648370906 -0.0168105817543 0.0205268408687 0.00522297922415 0.0268141887219 0.0313966407831 0.0205019341031 0.00263671998506 -0.00700904764588 0.0309193555332 -0.00180021547193 0.0124359537381 0.00640675815564 0.0275666236563 0.0113260613602 0.00906010402465 0.00601503207378 0.0226902022972 -0.00177427462733 0.0192185429428 0.00608407603932 -0.0069794350914 -0.0114825952728 0.0211052155335 0.0172844061343 -0.00301283655917 -0.0181255576179 0.0103025054121 0.0528602944567 0.00996506647976 0.0121205722937 0.0113997839993 -0.000464487655267 0.0108871311077 0.00367440199001 -0.00199184646427 -0.0154623647468 0.0311670008313 
0.0402630737557 0.0328906363836 0.0285167158438 0.0210623804614 0.0198175562243 0.0212669263366 0.0201351254411 0.0320545603771 0.0114553454461 0.0164006488783 0.0248003459103 0.046829935903 0.000346030814214 0.00720908822411 0.313340380343 0.0255307231915 0.00413500371792 0.0132811682236 0.0128863103687 0.0540432264318 0.00404728652283 0.00652753847548 0.0804502280015 0.0110302489315 -0.034364802112 0.00508662264953 0.0229712640319 0.0247853483436 0.0254760015906 0.00439777645953 -0.0082942206463 0.0151859990493 0.0247849441303 0.00890208740964 0.0186823505029 0.0587472416142 0.00146719489577 0.0216825973638 0.0131244276873 0.0367627604209 0.00908954940376 0.0193913649337 0.0192624426338 0.0125619809177 0.00392711828508 0.0202073299878 0.0171624160096 0.0200517434598 -0.00415500926352 0.0268796135714 0.00203526700365 0.00187653522037 0.0149794811768 0.000426101892729 0.00569889426844 0.0608525249408 0.0286123339348 0.00144123212142 0.105487564923 0.0538504266842 
0.0102137755848 0.0109673339738 0.00696776644911 0.0196975084449 0.0169276860662 -0.000646028050823 0.0215010531515 0.0354224783094 0.00682292001221 0.0226232841066 0.0125349515964 0.02314667427 0.0207317930841 -0.00138473627607 0.0255307231915 0.200959367572 0.0122144519523 0.0207305902003 0.00682511397106 0.0157719954817 0.015109957464 0.00563552811236 -0.000804980123834 -0.0121934190202 0.0100618058038 0.00844264375867 0.00604963817745 0.00314265982584 0.0111172854339 0.0116007813142 0.00350457231872 -0.00798542257021 0.00678830801329 0.00692805180078 0.0346709854958 0.0216217395005 0.011342668457 0.0165402133461 0.0159884701849 0.0229936414013 0.00422867222481 0.0146902850667 0.0106862258256 0.00401633682217 0.0169010611477 0.0123445540843 0.00811948941961 -0.000516818010244 0.065468080448 0.0163810509637 0.0150928537521 0.0125139400529 0.0111087811941 0.00687733678365 0.000777995178324 0.000963064717625 0.0251704854938 0.00813588574253 0.0256107355841 -0.00197247782203 
0.00424118552531 0.0126430877254 0.0267555845478 0.0115500553404 0.01820961142 0.008414311436 0.00860943615149 -0.00904391922493 0.00654907766831 0.00387432859459 0.012412375764 0.00840310506845 0.00926015785358 0.00383386795514 0.00413500371792 0.0122144519523 0.192410845398 0.0140442229571 0.00579788353144 0.012360842976 0.0407635110301 0.00777937993252 0.010570145479 -0.0047113947264 0.0319823469806 0.0287787322951 0.0117756835284 -0.00600851120366 0.0122293022736 -0.00515235498844 0.019939684049 0.000741255814084 0.0141874752386 0.00666284525223 0.0118004311566 0.000104110124892 0.0178154510974 0.0210165801909 0.00150762048578 0.0145266163759 0.0492950564011 0.00498415327005 0.00989639543684 -0.00596945302815 -0.00359692389479 0.0106742167187 0.019007183048 0.0206138746438 0.00693083260315 0.00417479570284 0.0137047186343 0.0127126124693 0.0216839218279 0.0222368864272 0.0316404916488 0.0135313720172 0.00314647816211 0.0354565696615 0.0194764051287 0.00205950201056 
0.00898153955132 -0.00671219642011 0.00313048373951 0.00979486528771 0.0107050886438 -0.00338951126131 0.0187815035315 -0.00161709153622 0.0122790368384 0.015744240612 0.0102285601297 0.0165117930553 0.0142712715937 0.00638032780557 0.0132811682236 0.0207305902003 0.0140442229571 0.183982206289 0.0117158128304 0.0185206277516 0.0016245276591 0.0137417128732 0.0256801965043 0.00407633595495 -0.0046590723093 -0.0115829950447 -0.00275241678604 0.0111877541981 0.012222358542 0.000291491542526 0.025015416531 0.00219682409388 0.00339219961547 0.0165799126447 0.00777915532172 -0.000422915165056 0.015689863816 0.0176721573208 0.0129354237914 0.0115816478614 0.0137925172096 0.00652768583391 0.0139004706489 0.0111199365753 0.0214311307921 0.00685272150708 0.00818787274056 0.0172368616401 0.0118048032185 0.00441703754994 0.0101591214259 0.0209211691401 0.00919579814151 0.00503433031552 0.00963162780403 0.0204378720224 0.00391376298164 0.00534867124371 0.0174833579654 0.0246428366139 
0.0456502229869 0.00747233362692 0.0120795557272 0.00976190631244 0.0215497221686 0.0471984958495 0.0157730450891 0.0323349588147 0.00436858855475 -0.00766302123032 0.0100253470789 0.0276717357012 0.00984687677264 -0.00453688603897 0.0128863103687 0.00682511397106 0.00579788353144 0.0117158128304 0.263227864644 0.00622499708959 0.0271536772392 0.00383066710533 0.0181254140498 -0.0187022616282 0.022587290817 0.00378446725468 0.0287055129783 0.021479544984 0.0178699338486 0.00430380932107 0.0218244371575 0.00537863591153 0.0181724151239 0.0171400134758 0.0075427664232 0.0182871473653 0.0143106478787 0.0257499920824 0.0052898674477 0.0147953589419 0.00616953604886 0.00271909813468 0.00457048106604 0.0133238014489 0.000368584015222 0.0125362539295 0.00480868993735 0.0162650340779 0.00894517391824 0.00575911802314 0.00342906302454 0.0537113939426 0.0239819466493 0.01082913174 0.0153861952505 0.0121861768121 0.0308720545568 0.0167596534774 -0.0109242384835 0.00586915923636 
0.0180949298486 0.0226730887312 0.0373034111457 0.0125003511802 0.0337521855961 0.00627779724268 0.0273753901168 0.0138527631943 0.0131965873577 0.00628680566367 0.0293239080854 0.0440319013089 0.0211366158673 0.00690693225574 0.0540432264318 0.0157719954817 0.012360842976 0.0185206277516 0.00622499708959 0.258376661765 0.00486417403623 0.00667767653211 0.0525773215943 0.0565903595327 -0.0104014893682 0.0240149265196 0.00688448814652 0.0280344616808 0.0205938713247 0.0215758503678 -0.00182099905501 0.0141012856833 0.0199387965325 0.0184862299006 0.0208058369965 0.0389942782097 0.0255062898521 0.0162506903547 0.0217023605535 0.0414313985408 0.0101138089632 0.0109824924666 0.0228714193738 0.00850722775672 0.0096900469445 0.0266481805572 0.0138646287781 0.0279021350821 -0.00903286485783 0.0086439639248 0.00304822696078 -0.0186750536858 0.0261470033015 0.0044497670364 0.0187192361929 0.031579265989 0.0136179600091 0.0145220060287 0.0421685736651 0.0306126525769 
-0.00782460264622 0.0137925364197 0.0243372337504 0.00637021511196 0.0171945570186 0.0166825042047 0.00884250921912 0.00969284750263 0.0044155679562 -0.0115708868737 0.000451640235126 0.0178438329638 0.0172163102386 0.00458261203314 0.00404728652283 0.015109957464 0.0407635110301 0.0016245276591 0.0271536772392 0.00486417403623 0.219249013348 0.0082584062833 0.0132714468665 -0.00608476645149 0.0426962625376 0.0383245122022 0.0190799281584 0.0113223772687 0.0134728988371 0.0119835576123 0.0388118385397 0.018408625887 0.00722713988357 0.0166190848714 -0.00288050274636 0.0164965955685 0.012036021544 0.00775243867686 0.00215232059099 0.0191592382301 0.0526680718757 0.00983162212264 0.00723407315631 0.000457655647548 0.0249208591911 0.0155725888632 0.0184542762231 0.0214801173745 -0.00883947029352 0.0138630025364 0.00551066696628 0.00611595164797 0.029713737824 0.0191369697597 0.0437839997123 0.0124681174596 -0.00012223324555 0.0495458644254 0.0216695758356 0.00824390590527 
0.0252465263528 0.00258880414371 0.0115688003944 -0.00793416903827 0.00609716027618 0.00220703674788 4.57106317765e-05 -0.000830475944821 0.00976774911896 0.016030476055 0.012618664719 0.0250913776709 -0.000860011489108 0.0202709167516 0.00652753847548 0.00563552811236 0.00777937993252 0.0137417128732 0.00383066710533 0.00667767653211 0.0082584062833 0.240372187481 0.00876091565011 -0.00736851554427 0.0089440872865 0.00714852463273 0.0107499329139 0.00339681101259 -0.00246132336919 0.0228058588512 -0.0124912315719 0.00607625744905 0.00240034658432 -0.00199328103967 -0.00342678107469 0.00802197059807 0.00743686637853 0.0103829925382 0.000560709811324 0.0229652103005 0.0426078907421 0.00417353190537 -0.00181916040641 -0.000789871368518 0.00665316893723 0.00332521000466 0.00026884898004 0.00263146673672 0.00216480363391 0.00227330052607 0.00875959118565 -0.0049837244018 0.00761633127262 0.00690734761914 -0.0141765808857 0.000679009039444 0.00600250241373 0.00733999821332 0.00159157748635 0.0215313226264 
0.0401499622666 0.0403519254087 0.0257998212077 0.0285871947003 0.0275051270781 0.0355162471132 0.0373681083026 -3.01951899677e-05 0.00195192165443 0.0202873927284 0.0275644203615 0.0366482516354 0.0147567153868 0.00227648370906 0.0804502280015 -0.000804980123834 0.010570145479 0.0256801965043 0.0181254140498 0.0525773215943 0.0132714468665 0.00876091565011 0.566775592482 -0.00735895780238 0.0268377223321 0.0399469563423 0.0168948729361 0.0074102183854 0.0345383462199 0.0330083328142 0.0171177699927 0.00512858713608 0.0194199458365 0.0290445775962 0.0344103408984 0.0436347002245 0.0119320736686 0.0243534434623 0.00848462347031 0.0460356769049 0.0271730004451 0.0255342514368 0.00807662057333 -0.00663208194447 0.00220850620567 0.0175220112449 0.0247350838657 0.0239483395707 -0.00170449817282 0.0423254471015 0.00231637275021 0.00681651434929 0.0210176299554 0.0296802133723 0.00724164483769 0.0316655259655 0.000656792803373 0.00210118168561 0.0860720154095 0.0398702334512 
0.063260105326 0.0014923157647 -0.00820832843453 -0.00432211640125 0.0270871093027 -0.016142616857 0.00220867396747 -0.00795327836568 -0.00251389042857 -0.0033288896727 0.00292937679399 0.0216521197835 0.000261452128072 -0.0168105817543 0.0110302489315 -0.0121934190202 -0.0047113947264 0.00407633595495 -0.0187022616282 0.0565903595327 -0.00608476645149 -0.00736851554427 -0.00735895780238 1.89215922535 -0.0165100665459 0.0255008151527 0.0272320067289 8.12019102376e-05 -0.0105306379512 0.00979974881788 0.00711042833126 -0.00362141307167 -0.0175016799072 -0.00696991266082 0.022942717858 -0.000409890470603 0.0277762341986 0.00963826772911 0.00200431234147 -0.00106215162677 0.0139744834507 -0.00032002320988 0.00903770209179 0.0184899395237 0.0279714168602 0.00724532178356 -0.00204388706073 -0.00765265566743 -0.00276692160041 -0.00860206253781 -0.00910689962531 -0.0286437686028 0.00996881769555 0.0203751191529 0.0061368455426 -0.0114136870723 -0.00499869446889 -0.00568812028982 0.0186916018108 -0.00407038109072 
0.00719733320541 0.0132120173622 0.0178831693181 0.026730817084 0.0299837216368 0.0142415286343 0.0178667591155 -0.00627879252847 -0.00061386797777 0.0255276995425 0.0209807813709 0.0067520014726 0.0335369568761 0.0205268408687 -0.034364802112 0.0100618058038 0.0319823469806 -0.0046590723093 0.022587290817 -0.0104014893682 0.0426962625376 0.0089440872865 0.0268377223321 -0.0165100665459 0.638124338311 0.0413019767811 0.0404076629528 0.00626516544471 0.0237528608207 0.00692665561305 0.0412801154629 0.0147829595668 0.0260359498783 0.0139728425259 0.00300179031468 0.0077337827103 0.00135716039799 0.00502911955647 0.0160377674513 0.0332236234671 -0.0029622828661 0.028526499939 0.026786697156 0.00221807374181 -0.0194108229264 0.0230936400597 0.0104636950511 0.0257310283838 0.0157009927894 0.0477342454487 0.0172085333134 -0.00152608796344 0.0619636619032 0.0364374681761 0.00592302343673 0.0164628508931 0.0195394355553 0.0397757894042 0.0313869181961 -0.0152850169839 
0.0132670550365 0.0192715221911 0.0262423314392 0.0110588577514 0.0185880027923 0.0367251145168 0.0249904150043 0.0266411692936 -0.0132898247501 0.0080782057561 0.00302215431734 0.0610330605987 -0.00397192814379 0.00522297922415 0.00508662264953 0.00844264375867 0.0287787322951 -0.0115829950447 0.00378446725468 0.0240149265196 0.0383245122022 0.00714852463273 0.0399469563423 0.0255008151527 0.0413019767811 0.428544405479 0.0260234339567 0.0273226220361 -0.00207648020904 0.00658401002617 0.0293566471544 -0.00911343666244 0.00339873905426 0.006067598534 0.0204553231043 0.0102011113392 0.0123954433123 -0.00605161418518 0.0185776190441 0.0656947344862 0.0516102289012 -0.00566679890426 0.022323936188 -0.00187367082867 0.00910575350378 -0.0127439429735 0.0484148369107 0.0191167769765 0.00785419473716 -0.0109504232562 0.000611882201561 0.0151609739549 0.0269125819232 0.00634885336312 0.0338586911432 0.0403304224247 0.0334412787074 0.0283688264339 0.0602414064307 0.0269641565693 
0.00598926790665 0.0199137180326 0.00473653233874 -0.000277354148394 0.0101520348241 0.0495252131831 0.0191734881797 0.0377194547974 0.00468968683828 0.000344597274414 0.014924979932 0.0201858149626 0.00784902313484 0.0268141887219 0.0229712640319 0.00604963817745 0.0117756835284 -0.00275241678604 0.0287055129783 0.00688448814652 0.0190799281584 0.0107499329139 0.0168948729361 0.0272320067289 0.0404076629528 0.0260234339567 0.440560259563 0.00817644139219 0.032852262676 0.0354936964483 0.0246203739593 0.0022968773132 0.00161165627082 0.00892546589747 0.0352036854911 -0.00558597422081 0.0173422914523 0.013478523657 0.0314876336018 0.00615175854842 0.0207303615137 0.00389197421052 0.00978689273741 0.0275279406903 0.00196876617095 0.0275032358499 -0.00155428930367 0.00324162256412 0.00661276480721 0.0251394846693 0.0177966121518 0.00311108433884 0.00829158242648 0.0153626097628 0.0179284943483 0.00223095451862 0.0116957567044 0.00985654218108 0.0604696044899 -0.0080352028051 
0.031858733676 0.022971891144 0.0235191350811 0.0357482049347 0.0188127918584 0.0017760582381 0.0219950699799 0.00397495847516 0.00194803463717 0.00337484786752 0.0264662639023 0.0327574000617 0.00361412571255 0.0313966407831 0.0247853483436 0.00314265982584 -0.00600851120366 0.0111877541981 0.021479544984 0.0280344616808 0.0113223772687 0.00339681101259 0.0074102183854 8.12019102376e-05 0.00626516544471 0.0273226220361 0.00817644139219 0.263739353788 0.00843027492463 0.0181213280872 0.0207856984923 0.0025235184204 0.0242963415855 0.0158129332599 0.00330152555777 0.036375289526 0.0124422329221 0.00212465787132 0.0145741410123 0.0437173426283 0.00895238093542 0.0150711848497 0.0213458119614 0.00105878408209 0.0106248370421 0.0164760847348 0.0183344734194 0.00907301294102 0.0108851656376 0.0135117508555 0.00410983807119 0.00769054677821 0.0130142073376 0.0143128374567 0.00319851750534 0.057692604308 0.0140578054631 -0.00465068439358 0.037406134129 0.0365400769139 
0.00869292247537 0.022101884792 0.0158207471084 0.011820364038 0.021733694007 -0.0070454387712 0.00931504355834 0.000626514204571 0.0108310126357 0.0082495146331 0.010454873485 0.0287724992085 0.0117816308159 0.0205019341031 0.0254760015906 0.0111172854339 0.0122293022736 0.012222358542 0.0178699338486 0.0205938713247 0.0134728988371 -0.00246132336919 0.0345383462199 -0.0105306379512 0.0237528608207 -0.00207648020904 0.032852262676 0.00843027492463 0.170669421874 0.00161876084968 0.00162741453423 0.0158434843362 0.0110353111288 0.0445651025617 0.000703672984282 0.00864906153493 0.0207091370103 0.0212434393709 0.00403488263499 0.0276633260926 0.00658074479047 6.22058996422e-05 0.0188269246214 0.0210019086834 0.00635540919221 0.0407672300622 0.00556131978661 0.0172258542939 0.00649308679163 0.045965324344 0.0176705630751 0.00704184334534 0.0139063133903 0.0381001476075 0.00792184352582 -0.00535527033718 0.010156418105 0.0205322556517 0.0199383684089 0.0181979358711 
0.0353959902682 0.0223213471019 0.0172910276692 0.0177883792323 0.0394706277251 0.03465995493 0.0322338930997 -0.000381800532864 -0.000875270132213 0.0274735503564 0.0226791726595 0.0383863164292 0.0150828830378 0.00263671998506 0.00439777645953 0.0116007813142 -0.00515235498844 0.000291491542526 0.00430380932107 0.0215758503678 0.0119835576123 0.0228058588512 0.0330083328142 0.00979974881788 0.00692665561305 0.00658401002617 0.0354936964483 0.0181213280872 0.00161876084968 1.45169196178 0.0280906570185 0.0288531877707 0.010825228206 0.0214530164074 0.0159645623687 -0.00609650243081 0.0218118724964 0.00894135729866 0.017393533403 0.0537023113653 -0.000189896195093 0.0196291127003 -0.039593329698 -0.00979744171561 0.0100944469994 0.00841862682006 0.00650738718701 0.0147959289623 1.45561240664e-06 0.0131724479915 0.00386510701454 0.00822663013784 0.0223008464036 0.00528586995146 0.0081250387848 -0.0104127504821 0.0167021254454 0.0218710840353 0.0331022225817 0.0170652824856 
0.0176550663512 0.0168210646405 0.0231767463337 0.0136935341683 -0.00170449846361 -0.00242917018125 0.0110812396398 -0.00497596610527 -0.00838481102104 0.000627533678748 0.0160879829388 0.00543112619917 0.0115938831792 -0.00700904764588 -0.0082942206463 0.00350457231872 0.019939684049 0.025015416531 0.0218244371575 -0.00182099905501 0.0388118385397 -0.0124912315719 0.0171177699927 0.00711042833126 0.0412801154629 0.0293566471544 0.0246203739593 0.0207856984923 0.00162741453423 0.0280906570185 0.670765915791 0.0332872506331 0.00713207000108 0.00850852109257 0.00234349331672 0.0209252962606 0.0235625616785 0.0470150216728 -0.00178982194546 0.00856784916033 0.0199555583341 0.0222503919725 0.0105563459221 0.00997822764823 0.0069934311419 -0.00383164340948 0.0360490671828 0.00149032526342 0.0107113458434 -0.0017600895448 -0.000683914688405 -0.0196593039276 0.0122389552722 0.00734585627738 0.0244430718523 0.0631312301814 -0.0026072012189 0.0142423559432 0.0326322526523 0.0167843368735 
0.0358590438106 0.0126297926601 0.0136446726429 0.0375025363578 0.0176564319929 -0.00641629826399 0.00106580848949 -0.010760800229 -0.000733269861149 0.00638479542725 0.0120653394644 0.00547802819112 -0.00364597685127 0.0309193555332 0.0151859990493 -0.00798542257021 0.000741255814084 0.00219682409388 0.00537863591153 0.0141012856833 0.018408625887 0.00607625744905 0.00512858713608 -0.00362141307167 0.0147829595668 -0.00911343666244 0.0022968773132 0.0025235184204 0.0158434843362 0.0288531877707 0.0332872506331 0.464015321777 0.00120544971402 0.0199935575549 0.00639523539184 0.0340553166605 0.00648282504724 -0.00264775288981 -0.00522005698311 0.00832169238659 -0.000436831637884 0.00102687084462 -0.00398977063689 0.0328147496737 0.0203780899003 0.0131088709028 0.0125774183026 -0.00516299605717 -0.00490045855712 -0.00057947846176 0.0284240140676 -0.019319029738 0.0137052113986 0.0108117849254 0.00362935805996 0.0339839204025 0.0104023607211 0.004128492408 0.0293160084813 0.0155183593965 
0.0191476768575 0.0322272929679 0.0213469155743 0.0157282197809 0.0114583566773 0.0092276691422 0.0178402738903 -0.00472562877334 0.0041186449943 0.0218791803307 0.00112160761655 0.0260418484938 0.00613127465521 -0.00180021547193 0.0247849441303 0.00678830801329 0.0141874752386 0.00339219961547 0.0181724151239 0.0199387965325 0.00722713988357 0.00240034658432 0.0194199458365 -0.0175016799072 0.0260359498783 0.00339873905426 0.00161165627082 0.0242963415855 0.0110353111288 0.010825228206 0.00713207000108 0.00120544971402 0.197941980572 0.0126369524735 -0.00633879721257 0.0300410342625 0.0156291805289 0.0231698803064 0.00298052494579 0.0173991727858 0.00247612349751 0.00464569402421 0.0112719454146 0.00369256799584 0.00877593513268 0.0166405460706 0.0172077084499 0.00541611874125 0.0030257830392 0.0181732379939 0.00372142264839 0.00146373657653 0.011922383491 0.00865759803267 0.000521668398174 0.0360934700447 0.00773667169054 0.0139496258675 0.0324311118968 0.00957888028503 
0.0249600063861 0.0159540983216 0.0180575757777 0.000361115087978 0.0265975633123 -0.00124285757993 0.0154057517033 -0.000744886550336 0.00610743042905 0.0173792054237 0.0113235281858 0.0396968128719 0.0149236789769 0.0124359537381 0.00890208740964 0.00692805180078 0.00666284525223 0.0165799126447 0.0171400134758 0.0184862299006 0.0166190848714 -0.00199328103967 0.0290445775962 -0.00696991266082 0.0139728425259 0.006067598534 0.00892546589747 0.0158129332599 0.0445651025617 0.0214530164074 0.00850852109257 0.0199935575549 0.0126369524735 0.168595406073 0.00332452497359 0.0233299147064 0.0272235955302 0.0243759484823 0.0124492109069 0.0260439442641 0.00944823716331 0.00243107870836 0.0151441288668 0.0105893162959 0.0105260624363 0.0447506572975 0.0106333450692 0.0211868701624 0.00346994230117 0.050559453604 0.021427080243 0.0108481334196 0.0175818311697 0.0296754460082 0.0173080192419 -0.000975382735161 0.00595095903915 0.0093139369998 0.0233529477155 0.0156903057411 
-0.000205342298405 0.0206853333783 -0.01101111763 0.00158732059672 0.055757980581 0.00574018142744 0.0183020178004 0.117603498643 0.0117313969921 0.00441672821965 0.0146339082031 0.0195218500326 0.019833681544 0.00640675815564 0.0186823505029 0.0346709854958 0.0118004311566 0.00777915532172 0.0075427664232 0.0208058369965 -0.00288050274636 -0.00342678107469 0.0344103408984 0.022942717858 0.00300179031468 0.0204553231043 0.0352036854911 0.00330152555777 0.000703672984282 0.0159645623687 0.00234349331672 0.00639523539184 -0.00633879721257 0.00332452497359 0.421632463166 0.0141305051224 0.00114560353321 0.00508052199865 0.00169248178889 0.0117610758456 0.0160818475718 0.0131258405635 0.0226069024365 -0.00687231904392 0.0198643186719 0.0262818711726 0.000973990904929 0.00789043043993 0.00391361532498 0.00808936609016 0.0112608221853 0.00703935021949 0.0332044076519 0.00310279938048 -0.00401645138247 0.0147398101431 0.0198298995838 -0.00123200756457 0.0455693893513 -0.00172401181214 
0.0164540979668 0.0304306669779 0.0199947369343 0.0212839335311 0.0227773552037 0.0244035038897 0.0316535277074 0.0225646080982 -0.00577592035051 -0.00528983035727 0.039348652677 0.0255861008899 0.00264113276384 0.0275666236563 0.0587472416142 0.0216217395005 0.000104110124892 -0.000422915165056 0.0182871473653 0.0389942782097 0.0164965955685 0.00802197059807 0.0436347002245 -0.000409890470603 0.0077337827103 0.0102011113392 -0.00558597422081 0.036375289526 0.00864906153493 -0.00609650243081 0.0209252962606 0.0340553166605 0.0300410342625 0.0233299147064 0.0141305051224 0.514463096044 0.00357266328209 0.0204625970385 0.0157638217337 0.0266446837304 0.0223521435569 0.00761895520012 0.0324040323343 -0.000183895533256 0.0183853855084 0.0172076500992 0.0166342327899 -0.00461474766007 0.0141376236381 -0.00407998368271 0.0143738782265 0.0179006521939 0.0140055346738 -0.0202220571599 0.0131872033471 0.0401902916776 0.00406593475382 -0.00142352320726 0.101509183587 0.0544408830692 
0.0396957676033 0.0184450240749 0.016305459032 0.0176169965027 0.0190997426501 -0.00923566024473 0.0194766665445 0.00930702856924 0.00277468545696 0.013358718851 0.0232649147294 0.0275965875891 0.00513037801614 0.0113260613602 0.00146719489577 0.011342668457 0.0178154510974 0.015689863816 0.0143106478787 0.0255062898521 0.012036021544 0.00743686637853 0.0119320736686 0.0277762341986 0.00135716039799 0.0123954433123 0.0173422914523 0.0124422329221 0.0207091370103 0.0218118724964 0.0235625616785 0.00648282504724 0.0156291805289 0.0272235955302 0.00114560353321 0.00357266328209 0.159481335007 0.0371582762773 0.0159137733159 0.018906351431 0.00623173406937 0.00167195160659 0.0192177811322 0.00756880160967 0.0143457010403 0.0162610317388 0.0182029919754 0.0114793720862 0.011818360618 0.0244480793549 0.0145650584109 0.00632388378305 0.0129955346074 0.0189586488519 0.00438070355176 0.0235037751617 0.00389743702757 0.019267155747 0.00960004745075 0.0242060154542 
0.017509330006 0.00760005406349 0.0153656386924 0.0147658548578 0.0173817190328 0.00249311735996 0.0186952270358 0.0210657591291 -0.00172358299003 0.003250400842 0.0281993448901 0.0290011808689 0.0130691298327 0.00906010402465 0.0216825973638 0.0165402133461 0.0210165801909 0.0176721573208 0.0257499920824 0.0162506903547 0.00775243867686 0.0103829925382 0.0243534434623 0.00963826772911 0.00502911955647 -0.00605161418518 0.013478523657 0.00212465787132 0.0212434393709 0.00894135729866 0.0470150216728 -0.00264775288981 0.0231698803064 0.0243759484823 0.00508052199865 0.0204625970385 0.0371582762773 0.226736837298 0.016426543812 0.0166889594771 0.00884182135269 0.00824831732065 0.0173884947379 0.00595712444891 0.00831789656572 0.0193407484342 0.0339926408112 0.0127988792664 0.00436372858101 0.017927750601 0.0204971920852 0.00634029711464 0.00874375841531 0.00961646889125 0.0077558092522 0.0337353061225 0.00890254188232 0.0167770732142 0.0480980249239 0.0319917715273 
0.011152189074 0.017361294187 0.0168959833267 0.0121422809198 0.0150702522936 0.00896228268327 0.0139637895926 0.00466878645695 0.0174274313412 0.0033597807869 -0.0041572646078 0.0101949043051 0.00518635183066 0.00601503207378 0.0131244276873 0.0159884701849 0.00150762048578 0.0129354237914 0.0052898674477 0.0217023605535 0.00215232059099 0.000560709811324 0.00848462347031 0.00200431234147 0.0160377674513 0.0185776190441 0.0314876336018 0.0145741410123 0.00403488263499 0.017393533403 -0.00178982194546 -0.00522005698311 0.0029805249458 0.0124492109069 0.00169248178889 0.0157638217337 0.0159137733159 0.016426543812 0.207058273065 0.0243954468796 0.00318234755977 0.00886133897596 0.0158274376896 0.00961971803657 -0.00155890097454 -0.00197337699748 0.0229458280057 0.0112266831922 0.00865903449451 0.0348175747595 0.0161837004968 0.00903605720977 0.0148442193654 0.0107661554782 0.000989052846755 0.0128344944278 -0.00921141843231 -0.000854968816844 0.0215534561102 0.0138081218713 
