40
0.0690415105338 0.0690593134036 0.0331056926512 0.0280903462606 0.0602494739115 0.0384738749472 0.0340091550877 0.128222495688 0.0223320424584 0.192324736986 0.0357981155146 0.0389775871913 0.0296866664977 0.0738036440579 0.0549811443135 0.0412963652708 0.110783759143 0.0246636786654 0.0646745186267 0.066200000993 0.0391901687574 0.061476397973 0.0395396308246 0.0155341374053 0.0128714932266 0.153319254475 0.0682562642732 0.0387981152642 0.0132097716294 0.023795453615 0.0482651065397 0.0206637964956 0.050100863095 0.0271794955288 0.0231907610599 0.0512444991133 0.118355026327 0.101481112582 0.0260517267587 0.138528932385 
0.429925963582 0.0236919355016 0.020022980294 0.0184717334993 0.0387000068405 0.0258314488193 0.0154516451544 0.0750401094401 0.00762547213659 0.0383642986389 0.0238049958511 0.0110744245825 0.019786566346 0.0331918639853 0.029878374234 0.00881253028138 0.0566666734805 0.00434165059015 0.00486836172493 0.00441431821353 0.0371623525065 0.0389127688445 0.0410845315252 0.00858695174867 0.00723828205961 0.0511185427858 0.0303728139251 0.0389835916638 0.0232213842913 0.0063799306664 0.0230020851539 0.0153431798309 0.0251183355911 0.0114094442688 0.0243440098002 0.0358921074812 0.0326989543566 0.0417777804045 0.0250679369068 0.0347382399521 
0.0236919355016 0.429838469185 0.0146253716133 0.024063032619 0.0170965104971 0.0154438347056 0.0143207687862 0.0264370822837 0.00207361298753 0.0254419532897 0.0223803031431 0.0453603776667 0.0189035226826 0.0178485799266 0.0133851587047 0.00876743861112 0.0308363061265 0.015396200945 0.0196367386521 0.00171358279186 0.0164260706903 0.0256236017719 0.0183113940733 0.00634632095957 0.00370360791551 0.0136415842228 0.0313371228481 0.0192925226804 0.0157623956743 0.00728741674789 0.00757341417684 0.0256891403051 0.0231456437115 0.0132216092042 0.00817377977385 0.0152706379022 0.00775770656264 0.0118205223961 -0.00039669672298 0.0189526588236 
0.020022980294 0.0146253716133 0.214645868623 0.0128750763438 0.0155693128058 0.0268718715599 0.0279962667104 0.0231287812838 0.00186227805627 0.0437710437698 0.015484660858 0.0327940262747 0.0336154113897 0.022872048321 0.00631787494939 0.0222386360488 0.0133677993619 0.0145783387552 0.0121214049661 0.01787007752 0.0154983323582 0.0222294487829 0.0138065281282 -0.00246666093235 0.00287011940757 0.00520375652834 0.00595181598798 0.0207940218966 0.00251082500907 0.0525764770262 -0.0041127998086 0.0108055520842 0.0134502480474 0.014118240226 0.00465347900203 0.0154150437637 0.0128206000567 0.0146002705444 0.00858299090952 0.0171369986876 
0.0184717334993 0.024063032619 0.0128750763438 0.248908654511 0.00911484098173 -0.000311071033903 0.0459138924293 0.0360951790454 0.00617157858873 0.0281473608936 0.00917295346236 0.0434656197349 0.0402612316679 0.0175343406317 0.0101508911757 0.00754518484645 0.0409971525828 0.01922929564 0.0119814728163 0.0512455797086 0.0177312192428 0.034849702309 0.0128290267986 -0.000245346590225 0.00307959154377 0.0250980827864 0.0181927431537 0.0259180399004 0.0213990511753 0.0083570948845 -0.00205242940976 0.0210426086831 0.0239510110956 0.013836000643 0.0164291711976 0.0130571758049 0.00817449512378 0.0202210212344 0.0192375371933 0.0154485309034 
0.0387000068405 0.0170965104971 0.0155693128058 0.00911484098173 0.302900678972 -0.000291072505085 0.0113638687671 0.0313449021181 -0.00226762521808 0.0294521860205 0.0120387260474 0.00512154735995 0.0168160693266 0.017543196443 0.0151725760372 0.0133290151187 0.0342348472484 0.0182403268226 0.0107987598894 0.0309419483528 0.0158597258303 0.0292358628473 0.0390235019915 0.00535916420319 0.0168149864892 0.026735197825 0.00983128704784 0.0288912082703 0.00135469389166 0.0153082767502 0.0515696019511 0.0153592421395 0.00548271700525 0.0140528373825 0.0174478926258 0.0222049843015 0.0115242931301 -0.00638129018801 0.0242796454313 0.0311692574837 
0.0258314488193 0.0154438347056 0.0268718715599 -0.000311071033903 -0.000291072505086 0.230818228012 0.0212791400303 0.0212696701432 0.00544333544001 0.0381986845796 6.33721164976e-05 0.0212620548032 0.00849724974155 0.0132661599311 0.0255241078046 -0.00198332826165 0.00931927434131 0.00267570122016 0.00490044732281 0.0334726775648 0.018854810346 0.00622236335034 0.019530168881 0.00716603662812 -0.00237214490257 0.0044292614782 0.0118412068585 0.012898515109 0.0076940385442 0.014231737024 0.00306850045809 0.0048104892328 0.0196588470052 0.0249391206951 0.0034469611518 0.00192400676012 0.0169987377907 0.0167498739012 0.00971310782943 0.0128533074528 
0.0154516451544 0.0143207687862 0.0279962667104 0.0459138924293 0.0113638687671 0.0212791400303 0.207847992065 0.0221005869541 0.0106867750314 0.016916467112 0.0185902812429 0.0307776115202 0.0267182943177 0.0163095869391 -0.00178001390295 0.0198701088031 0.0025737513603 0.0137201783063 0.0125052836642 0.0217245870126 0.00687079162742 0.0245630832372 0.0201816945941 0.0177876966505 -0.000424110590479 0.0292723626416 0.0147449640813 0.0174277475531 0.00684560200538 0.0169377774444 0.0216479891518 0.0125526069477 0.0311720960214 0.0126283742196 0.00942416408504 0.0129108803118 0.0184417925521 0.00405556568969 0.014744000599 0.0134762169709 
0.0750401094401 0.0264370822837 0.0231287812838 0.0360951790454 0.0313449021181 0.0212696701432 0.0221005869541 0.527302370389 0.00557861977286 0.0732600369783 0.0260177114565 0.0066930787798 0.0191337623156 0.0279307068144 0.0461291410232 0.0108926521636 0.0523318748208 0.00447157449596 0.0221980672243 0.0741159228736 0.0188160268403 0.0419576382031 0.0207092471623 0.00923215990941 0.00121150971219 0.0426162113775 0.0391979998661 0.0351084449893 0.0210559690353 0.0250896266879 0.0429846660431 0.0217532764058 0.0296410000185 0.0206385753735 0.0112013820037 0.0264158159403 0.0228616962833 0.0349661885243 0.0247591795271 0.0380981751808 
0.00762547213659 0.00207361298753 0.00186227805627 0.00617157858873 -0.00226762521808 0.00544333544001 0.0106867750314 0.00557861977286 0.204342596699 0.0239281673001 0.00586717263023 0.0108645949811 0.00347919402664 -0.00579973641507 0.0155969420476 0.0125805517554 0.00776330650466 0.00591996279105 0.00573229925757 0.00474088760956 0.00941435019049 0.00156322308348 -0.00255003179603 -0.00248070334513 0.00271827179332 -0.000668253191057 0.0500858935391 0.0113481343257 0.00636943821507 0.0133439226588 -0.00193469678507 0.00295214762139 -0.00370472947779 0.0107723630722 0.00340485558833 0.00450849820593 -0.00579277260845 0.00370440753084 0.00887455331237 -0.0117967946344 
0.0383642986389 0.0254419532897 0.0437710437698 0.0281473608936 0.0294521860205 0.0381986845796 0.016916467112 0.0732600369783 0.0239281673001 0.663816162013 0.0178053239962 0.043245498393 0.0425066988653 0.0439018933256 0.0241391835692 0.00962212665138 0.128585046642 0.0206774246844 0.0369826586396 0.0129018533757 0.0213363369276 0.0702674194705 0.0127955226298 0.0195375057689 -0.00649943463139 0.0556207178553 0.0611048369164 0.0530267960305 0.0249079533137 0.0122440902932 0.0413159511386 0.0191966802096 0.0855610384874 0.0087156874992 0.0315609412289 0.0855892775482 0.0174589700273 0.0273990688845 0.0404335431277 0.0190152484994 
0.0238049958511 0.0223803031431 0.015484660858 0.00917295346236 0.0120387260474 6.33721164975e-05 0.0185902812429 0.0260177114565 0.00586717263024 0.0178053239962 0.255221291162 0.0291465817333 0.0282233688678 0.0190108471591 -0.00267047559639 0.0197201266678 0.000697853471589 0.0176789386538 0.012011584856 0.0245651331432 0.00593003822119 0.0281051732956 0.0263580941265 0.0140398533224 0.0139122740509 0.0200608280479 0.0146459298024 0.0117213037826 0.0122098428908 0.0207190126647 0.0219277231249 0.0112188088453 0.0175111828218 0.0168436142624 0.0267777325902 0.000565232296774 0.0335139464231 -0.00661685608954 0.0169445005058 0.0179102180542 
0.0110744245825 0.0453603776667 0.0327940262747 0.0434656197349 0.00512154735995 0.0212620548032 0.0307776115202 0.0066930787798 0.0108645949811 0.043245498393 0.0291465817333 0.234971678199 0.0354213027254 0.0233450246872 0.0132264298856 0.015821649809 0.0278445264822 0.025267530208 0.0173633100678 -0.0168232830678 0.0232734806564 0.0520216659589 0.0148924425902 0.0153323450761 0.00522175309472 0.035570081686 0.0173571221948 0.0167105704988 0.0147453503535 0.0177766450766 0.00528210904633 0.0301902678702 0.017714253785 0.0141919386254 0.0332073425513 0.0190530095782 0.0260204684265 0.00115917850037 0.0104921386994 0.00641614129992 
0.019786566346 0.0189035226826 0.0336154113897 0.0402612316679 0.0168160693266 0.00849724974155 0.0267182943177 0.0191337623156 0.00347919402664 0.0425066988653 0.0282233688678 0.0354213027254 0.219489239662 0.00969094940622 0.0112609502018 0.0207010294233 0.0334684688993 0.0258536889874 0.0243894707129 0.0149536455442 0.0193810298859 0.0430621409765 0.0233499432543 0.0210281108746 0.01977232213 0.0244115091741 0.0181202099107 0.0269684306657 0.0137204730889 0.0221206006024 0.0357580596023 0.0289150512481 0.0163180088937 0.0186165431221 0.00917702206854 0.0271940260498 0.0269165743724 0.0178668289716 0.0116036518506 0.0170588493558 
0.0331918639853 0.0178485799266 0.022872048321 0.0175343406317 0.017543196443 0.0132661599311 0.0163095869391 0.0279307068144 -0.00579973641507 0.0439018933256 0.0190108471591 0.0233450246872 0.00969094940622 0.355029215421 0.0149546119137 0.0171129422212 0.0424645731864 0.00613235562058 0.00375068166785 0.0179335513951 0.0250334249524 0.0344769920923 0.00174060243879 0.011398594349 0.00480598236488 0.0330343099434 0.0114893303459 0.0419059374034 0.012676498206 0.00673049303184 0.0176151597694 0.00928440388541 0.0190354284746 0.0157382009802 0.019917903774 0.0295656968882 0.0130795073382 -0.00284821331701 0.0371204235824 0.0388422840637 
0.029878374234 0.0133851587047 0.00631787494939 0.0101508911757 0.0151725760372 0.0255241078046 -0.00178001390295 0.0461291410232 0.0155969420476 0.0241391835692 -0.00267047559639 0.0132264298856 0.0112609502018 0.0149546119137 0.444538852817 -0.00283269142668 0.0191658910886 0.000842248587933 0.0155950229665 0.00431666879959 -0.00654624360012 0.0209197533092 0.0539474029403 -0.00182805165835 -0.00343684321577 0.0172112194802 0.00888956356768 0.0256872134641 0.0151203133924 0.00591407283048 0.00166125390608 0.0121713110048 0.0152191798928 0.0124600320759 -0.00293634176893 0.00498719925586 0.00583664875533 0.00349784338291 0.0126264469888 0.00915936181003 
0.00881253028138 0.00876743861112 0.0222386360488 0.00754518484645 0.0133290151187 -0.00198332826165 0.0198701088031 0.0108926521636 0.0125805517554 0.00962212665138 0.0197201266678 0.015821649809 0.0207010294233 0.0171129422212 -0.00283269142668 0.245028494839 0.023592810437 0.0163734051593 0.0379259618664 0.0332941786373 0.00625240503266 0.012473763462 0.00306543212094 0.00336947123841 -0.00400083959313 0.00162061710426 -0.000359999582699 0.0133883377468 0.00498903919592 0.0157849094007 0.0132396818439 0.0222972404119 0.0095555474701 0.0184830842242 0.00760620377646 -0.00656005585401 0.00328404320741 -0.00889679718036 0.00867396388376 0.00620869446319 
0.0566666734805 0.0308363061265 0.0133677993619 0.0409971525828 0.0342348472484 0.00931927434131 0.0025737513603 0.0523318748208 0.00776330650466 0.128585046642 0.000697853471589 0.0278445264822 0.0334684688993 0.0424645731864 0.0191658910886 0.023592810437 0.474550848128 0.0278236844919 0.0152588239791 0.0214249139542 0.0294537220707 0.0480074005685 0.00692140885449 0.00263304167438 0.0170924293284 0.0635013675815 0.0489372167299 0.0416693984133 0.0105647433974 0.00609978913028 0.0529334555884 0.0204428669585 0.0253015879813 0.0132281682839 0.0372254780079 0.0314497448858 0.0178773083683 0.0580468684246 0.0370498527244 0.0275042032401 
0.00434165059015 0.015396200945 0.0145783387552 0.01922929564 0.0182403268226 0.00267570122016 0.0137201783063 0.00447157449596 0.00591996279105 0.0206774246844 0.0176789386538 0.025267530208 0.0258536889874 0.00613235562058 0.000842248587932 0.0163734051593 0.0278236844919 0.132074425843 0.00690570267407 0.00789450625602 0.0240406535342 0.0211898847007 0.00518724020733 0.0155040938739 0.0107800823375 0.0125469778344 0.0136078410567 0.00319971043318 0.0102374509521 0.0186861358876 0.0149030815523 0.0146123285752 0.00739634564608 0.0194948740889 0.017888437525 0.00308496521202 0.0130164876619 -0.00288843619199 0.00165033232462 0.0151054749354 
0.00486836172493 0.0196367386521 0.0121214049661 0.0119814728163 0.0107987598894 0.00490044732281 0.0125052836642 0.0221980672243 0.00573229925757 0.0369826586396 0.012011584856 0.0173633100678 0.0243894707129 0.00375068166785 0.0155950229665 0.0379259618664 0.0152588239791 0.00690570267407 0.516206780808 0.0509559272143 -0.0161881068078 0.0219308319449 0.00840790460124 0.0137513266606 0.0117260882212 0.0140227848473 0.00380885057605 0.0218402974694 -0.00601962946181 0.00732947261663 0.0150887081628 0.0171224013623 0.0344262773963 0.0162966382171 0.0158505609225 0.0168368353913 0.0144726175754 -0.00738965722122 -0.0123167326067 0.00348153214352 
0.00441431821353 0.00171358279186 0.01787007752 0.0512455797086 0.0309419483528 0.0334726775648 0.0217245870126 0.0741159228736 0.00474088760956 0.0129018533757 0.0245651331432 -0.0168232830678 0.0149536455442 0.0179335513952 0.00431666879959 0.0332941786373 0.0214249139542 0.00789450625602 0.0509559272143 0.64271362288 0.0289859577076 -0.00945466985777 0.0289441446472 0.0107633389983 0.00336206390726 0.0140097837292 0.00532015153312 0.0147614253026 -0.0138945537347 0.0441234556417 0.0222022431959 0.0207660664035 0.0690072104488 0.0184885802154 0.0164637533133 0.0105201755013 0.0178730840179 0.0107731260229 0.00885876574841 0.0063045322632 
0.0371623525065 0.0164260706903 0.0154983323582 0.0177312192428 0.0158597258303 0.018854810346 0.00687079162742 0.0188160268403 0.00941435019049 0.0213363369276 0.00593003822119 0.0232734806564 0.0193810298859 0.0250334249524 -0.00654624360012 0.00625240503266 0.0294537220707 0.0240406535342 -0.0161881068078 0.0289859577076 0.19915120158 0.0204712569181 0.014543819952 0.00917502036634 0.00335363441137 0.00774454659022 0.0207741083489 0.0359673950767 0.0114358733913 0.0135934084129 0.0181915156834 0.0167747847882 0.00326984373338 0.00409709298754 0.0239338453927 0.0289260444302 0.0124866519173 0.00018441163287 0.020646377886 0.0144472274715 
0.0389127688445 0.0256236017719 0.0222294487829 0.034849702309 0.0292358628473 0.00622236335034 0.0245630832372 0.0419576382031 0.00156322308348 0.0702674194705 0.0281051732956 0.0520216659589 0.0430621409765 0.0344769920923 0.0209197533092 0.012473763462 0.0480074005685 0.0211898847007 0.0219308319449 -0.00945466985777 0.0204712569181 0.273105564203 0.0104306402569 0.0137754460617 0.00602993367299 0.0849610010764 0.032187726677 0.0275508572295 0.0122434513223 0.0167440677929 0.0284332128297 0.0178481102116 0.0299976256298 0.0203673609063 0.0134363987061 0.0344281271598 0.0300937726398 0.0260760545924 0.032559798826 0.0304194303478 
0.0410845315252 0.0183113940733 0.0138065281282 0.0128290267986 0.0390235019915 0.019530168881 0.0201816945941 0.0207092471623 -0.00255003179603 0.0127955226298 0.0263580941265 0.0148924425902 0.0233499432543 0.00174060243879 0.0539474029403 0.00306543212094 0.00692140885449 0.00518724020733 0.00840790460124 0.0289441446472 0.014543819952 0.0104306402569 0.288967043197 0.0331367595309 -0.00627117597997 0.028219370172 0.014851138167 0.00201217084661 0.0141275149941 -0.00830493688268 0.0483833671974 0.0156696799708 0.0200905616346 0.0208452151628 0.0112485355264 0.00901433432176 0.0371355875234 0.00917319972854 0.0187804389779 0.0115655765175 
0.00858695174867 0.00634632095957 -0.00246666093235 -0.000245346590225 0.00535916420319 0.00716603662812 0.0177876966505 0.00923215990941 -0.00248070334513 0.0195375057689 0.0140398533224 0.0153323450761 0.0210281108746 0.011398594349 -0.00182805165835 0.00336947123841 0.00263304167438 0.0155040938739 0.0137513266606 0.0107633389983 0.00917502036634 0.0137754460617 0.0331367595309 0.185805720041 0.0013512366038 0.0260268695623 0.0174774676506 0.00838283487582 -0.00156944362048 0.00263604675204 0.00721084080226 0.0132694358982 -0.00316379885318 0.00433385473808 -0.00150234628671 -0.00667387082009 0.0213162630206 0.0108936985778 0.0196378953517 -0.00457120351576 
0.00723828205961 0.00370360791551 0.00287011940757 0.00307959154377 0.0168149864892 -0.00237214490257 -0.000424110590479 0.00121150971219 0.00271827179332 -0.00649943463139 0.0139122740509 0.00522175309472 0.01977232213 0.00480598236488 -0.00343684321577 -0.00400083959313 0.0170924293284 0.0107800823375 0.0117260882212 0.00336206390726 0.00335363441137 0.00602993367299 -0.00627117597997 0.0013512366038 0.227643195689 0.0102089284459 -0.00244660104428 0.00354441576177 0.00624556236761 -0.00120354436406 0.00347731288093 0.00360053460233 0.00155111902371 0.0174567503322 0.000720679989114 0.00155952610435 0.0030947059182 0.0246968053268 -8.7246405783e-05 -0.00365590899348 
0.0511185427858 0.0136415842228 0.00520375652834 0.0250980827864 0.026735197825 0.0044292614782 0.0292723626416 0.0426162113775 -0.000668253191057 0.0556207178553 0.0200608280479 0.035570081686 0.0244115091741 0.0330343099434 0.0172112194802 0.00162061710426 0.0635013675815 0.0125469778344 0.0140227848473 0.0140097837292 0.00774454659022 0.0849610010764 0.028219370172 0.0260268695623 0.0102089284459 0.622526813921 0.0399582583326 0.0324595304058 0.0232445544419 0.00904280338588 0.0134479263408 0.0380329267949 0.00843499824354 0.0237604460096 0.0155069222124 0.0369138963474 0.0466672504744 -0.00767746464967 0.0389316926596 0.00910091559363 
0.0303728139251 0.0313371228481 0.00595181598798 0.0181927431537 0.00983128704784 0.0118412068585 0.0147449640813 0.0391979998661 0.0500858935391 0.0611048369164 0.0146459298024 0.0173571221948 0.0181202099107 0.0114893303459 0.00888956356768 -0.000359999582699 0.0489372167299 0.0136078410567 0.00380885057605 0.00532015153312 0.0207741083489 0.032187726677 0.014851138167 0.0174774676506 -0.00244660104428 0.0399582583326 0.373146064715 0.0191972811045 0.0139584142988 -0.0124571858569 0.0165177240376 0.0124278523539 0.0277160211634 0.00945784838174 0.00156928658067 0.032808464684 0.0608440129841 -0.00145452716627 0.0340004315086 0.0176179949502 
0.0389835916638 0.0192925226804 0.0207940218966 0.0259180399004 0.0288912082703 0.012898515109 0.0174277475531 0.0351084449893 0.0113481343257 0.0530267960305 0.0117213037826 0.0167105704988 0.0269684306657 0.0419059374034 0.0256872134641 0.0133883377468 0.0416693984133 0.00319971043318 0.0218402974694 0.0147614253026 0.0359673950767 0.0275508572295 0.00201217084661 0.00838283487582 0.00354441576177 0.0324595304058 0.0191972811045 0.22050806748 0.0200989584733 0.0256071854771 0.0168610111397 0.0117633039512 0.0327675453309 0.00408587849395 0.0078039067451 0.0237541007455 0.0169291485732 0.00903679829271 0.0254890766275 0.0201060048811 
0.0232213842913 0.0157623956743 0.00251082500907 0.0213990511753 0.00135469389166 0.0076940385442 0.00684560200538 0.0210559690353 0.00636943821507 0.0249079533137 0.0122098428908 0.0147453503535 0.0137204730889 0.012676498206 0.0151203133924 0.00498903919592 0.0105647433974 0.0102374509521 -0.00601962946181 -0.0138945537347 0.0114358733913 0.0122434513223 0.0141275149941 -0.00156944362048 0.00624556236761 0.0232445544419 0.0139584142988 0.0200989584733 0.165117903246 0.0070737848678 0.018683755433 0.0202738416659 0.0149800173087 0.0120768052327 0.00363458692185 0.0184511060681 0.0244215447746 0.0181719657621 0.005317515369 0.012993037675 
0.0063799306664 0.00728741674789 0.0525764770262 0.0083570948845 0.0153082767502 0.014231737024 0.0169377774444 0.0250896266879 0.0133439226588 0.0122440902932 0.0207190126647 0.0177766450766 0.0221206006024 0.00673049303184 0.00591407283048 0.0157849094007 0.00609978913028 0.0186861358876 0.00732947261663 0.0441234556417 0.0135934084129 0.0167440677929 -0.00830493688269 0.00263604675204 -0.00120354436406 0.00904280338588 -0.0124571858569 0.0256071854771 0.0070737848678 0.190490626972 0.0161857146176 0.0144769237279 0.0108151875937 0.00836809627031 0.0142994588628 -0.00155014317087 0.0125120957949 0.000396508001512 -9.12782837138e-05 0.00931665827581 
0.0230020851539 0.00757341417684 -0.0041127998086 -0.00205242940976 0.0515696019511 0.00306850045809 0.0216479891518 0.0429846660431 -0.00193469678507 0.0413159511386 0.0219277231249 0.00528210904633 0.0357580596023 0.0176151597694 0.00166125390608 0.0132396818439 0.0529334555884 0.0149030815523 0.0150887081628 0.0222022431959 0.0181915156834 0.0284332128297 0.0483833671974 0.00721084080226 0.00347731288093 0.0134479263408 0.0165177240376 0.0168610111397 0.018683755433 0.0161857146176 0.298392232308 0.0234256438185 0.00456131255607 0.00507307444585 0.0123792448458 0.0197580238626 0.0193700058559 -0.000406774455489 0.0212341974328 0.0396353252319 
0.0153431798309 0.0256891403051 0.0108055520842 0.0210426086831 0.0153592421395 0.0048104892328 0.0125526069477 0.0217532764058 0.00295214762139 0.0191966802096 0.0112188088453 0.0301902678702 0.0289150512481 0.00928440388541 0.0121713110048 0.0222972404119 0.0204428669585 0.0146123285752 0.0171224013623 0.0207660664035 0.0167747847882 0.0178481102116 0.0156696799708 0.0132694358982 0.00360053460233 0.0380329267949 0.0124278523539 0.0117633039512 0.0202738416659 0.0144769237279 0.0234256438185 0.152221090153 0.0150993763254 0.0109172528069 0.0310808970646 0.000102439231828 0.0142098114234 -0.00621758554952 0.00378493310117 0.00456690471972 
0.0251183355911 0.0231456437115 0.0134502480474 0.0239510110956 0.00548271700525 0.0196588470052 0.0311720960214 0.0296410000185 -0.00370472947779 0.0855610384874 0.0175111828218 0.017714253785 0.0163180088937 0.0190354284746 0.0152191798928 0.0095555474701 0.0253015879813 0.00739634564608 0.0344262773963 0.0690072104488 0.00326984373338 0.0299976256298 0.0200905616346 -0.00316379885318 0.00155111902371 0.00843499824354 0.0277160211634 0.0327675453309 0.0149800173087 0.0108151875937 0.00456131255607 0.0150993763254 0.295903406436 0.0138024372439 -5.40547581712e-05 0.0206018971344 0.0111175160731 0.00152843773017 0.0253119689256 0.0110458872949 
0.0114094442688 0.0132216092042 0.014118240226 0.013836000643 0.0140528373825 0.0249391206951 0.0126283742196 0.0206385753735 0.0107723630722 0.0087156874992 0.0168436142624 0.0141919386254 0.0186165431221 0.0157382009802 0.0124600320759 0.0184830842242 0.0132281682839 0.0194948740889 0.0162966382171 0.0184885802154 0.00409709298754 0.0203673609063 0.0208452151628 0.00433385473808 0.0174567503322 0.0237604460096 0.00945784838174 0.00408587849395 0.0120768052327 0.00836809627031 0.00507307444585 0.0109172528069 0.0138024372439 0.234312526751 0.0185329232964 0.00867551248309 0.0179813163306 0.0107298242975 0.00107690052629 0.0228427078056 
0.0243440098002 0.00817377977385 0.00465347900203 0.0164291711976 0.0174478926258 0.0034469611518 0.00942416408504 0.0112013820037 0.00340485558833 0.0315609412289 0.0267777325902 0.0332073425513 0.00917702206854 0.019917903774 -0.00293634176893 0.00760620377646 0.0372254780079 0.017888437525 0.0158505609225 0.0164637533133 0.0239338453927 0.0134363987061 0.0112485355264 -0.00150234628671 0.000720679989114 0.0155069222124 0.00156928658067 0.0078039067451 0.00363458692185 0.0142994588628 0.0123792448458 0.0310808970646 -5.40547581716e-05 0.0185329232964 0.231790673417 -0.000578006686824 0.0186834671757 -0.00426755554237 0.012936911816 0.0132254290215 
0.0358921074812 0.0152706379022 0.0154150437637 0.013057175805 0.0222049843015 0.00192400676012 0.0129108803118 0.0264158159403 0.00450849820593 0.0855892775482 0.000565232296774 0.0190530095782 0.0271940260498 0.0295656968882 0.00498719925586 -0.00656005585401 0.0314497448858 0.00308496521202 0.0168368353913 0.0105201755013 0.0289260444302 0.0344281271598 0.00901433432176 -0.00667387082009 0.00155952610435 0.0369138963474 0.032808464684 0.0237541007455 0.0184511060681 -0.00155014317087 0.0197580238626 0.000102439231829 0.0206018971344 0.00867551248309 -0.000578006686824 0.267998602785 0.0197373097553 0.00485053497057 0.0223827096415 0.0190716189512 
0.0326989543566 0.00775770656264 0.0128206000567 0.00817449512378 0.0115242931301 0.0169987377907 0.0184417925521 0.0228616962833 -0.00579277260845 0.0174589700273 0.0335139464231 0.0260204684265 0.0269165743724 0.0130795073382 0.00583664875533 0.00328404320741 0.0178773083683 0.0130164876619 0.0144726175754 0.0178730840179 0.0124866519173 0.0300937726398 0.0371355875234 0.0213162630206 0.0030947059182 0.0466672504744 0.0608440129841 0.0169291485732 0.0244215447746 0.0125120957949 0.0193700058559 0.0142098114234 0.0111175160731 0.0179813163306 0.0186834671757 0.0197373097553 0.572944567161 0.0126059658709 0.0226599635687 0.0517054573236 
0.0417777804045 0.0118205223961 0.0146002705444 0.0202210212344 -0.00638129018801 0.0167498739012 0.00405556568969 0.0349661885243 0.00370440753084 0.0273990688845 -0.00661685608954 0.00115917850037 0.0178668289716 -0.00284821331701 0.00349784338291 -0.00889679718036 0.0580468684246 -0.00288843619199 -0.00738965722122 0.0107731260229 0.00018441163287 0.0260760545924 0.00917319972854 0.0108936985778 0.0246968053268 -0.00767746464967 -0.00145452716627 0.00903679829271 0.0181719657621 0.000396508001513 -0.000406774455489 -0.00621758554952 0.00152843773017 0.0107298242975 -0.00426755554237 0.00485053497057 0.0126059658709 0.924788591323 0.0107681836058 0.0206434049973 
0.0250679369068 -0.00039669672298 0.00858299090951 0.0192375371933 0.0242796454313 0.00971310782943 0.014744000599 0.0247591795271 0.00887455331237 0.0404335431277 0.0169445005058 0.0104921386994 0.0116036518506 0.0371204235824 0.0126264469888 0.00867396388376 0.0370498527244 0.00165033232462 -0.0123167326067 0.00885876574841 0.020646377886 0.032559798826 0.0187804389779 0.0196378953517 -8.72464057827e-05 0.0389316926596 0.0340004315086 0.0254890766275 0.005317515369 -9.12782837132e-05 0.0212341974328 0.00378493310118 0.0253119689256 0.00107690052629 0.012936911816 0.0223827096415 0.0226599635687 0.0107681836058 0.182947578501 0.0168324010777 
0.0347382399521 0.0189526588236 0.0171369986876 0.0154485309034 0.0311692574837 0.0128533074528 0.0134762169709 0.0380981751808 -0.0117967946344 0.0190152484994 0.0179102180542 0.00641614129992 0.0170588493558 0.0388422840637 0.00915936181003 0.00620869446319 0.0275042032401 0.0151054749354 0.00348153214352 0.0063045322632 0.0144472274715 0.0304194303478 0.0115655765175 -0.00457120351576 -0.00365590899348 0.00910091559363 0.0176179949502 0.0201060048811 0.012993037675 0.00931665827581 0.0396353252319 0.00456690471972 0.0110458872949 0.0228427078056 0.0132254290215 0.0190716189512 0.0517054573236 0.0206434049973 0.0168324010777 1.00411221068 

['A', 'AOC', 'SRE', 'FITB', 'WEN', 'ABC', 'ZION', 'NTAP', 'CAG', 'FCX', 'WAG', 'MET', 'AXP', 'SHW', 'MIL', 'KR', 'FSL.B', 'TMK', 'SNA', 'AVP', 'RTN', 'BEN', 'YUM', 'MDP', 'MDT', 'CC', 'FDX', 'APD', 'IBM', 'ETR', 'MCD', 'AIG', 'BLL', 'WYE', 'ALL', 'TIN', 'DDS', 'CSCO', 'SEE', 'SHLD']