30
0.0522861094618 0.0383245101253 0.067654701563 0.040534814632 0.104903250727 0.0331056926512 0.0487859931196 0.0612619406497 0.116792266476 0.0752984700253 0.0486959213786 0.0621529110589 0.0589662330248 0.0395396308246 0.148705689344 0.0270240384822 0.0442487549982 0.037496284255 0.129241945615 0.0270000307956 0.0793031051092 0.0831725949645 0.080285366307 0.0374431650663 0.105459344027 0.0235207120966 0.123248136701 0.0425593974561 0.0296866664977 0.0389775871913 
0.311385697391 0.0260690137639 0.0049822126802 -0.00650856624993 0.0640124307371 0.00889730859883 0.0158832489407 0.0105486457982 0.0239722165275 0.0278959198539 0.0263960534766 0.0238185226598 0.0175536627091 0.0282519489358 0.0558071244151 0.00713740142663 0.0166884937557 0.0360801464322 0.0156332685272 0.0186180565582 0.0263096516523 0.0586105504387 0.0508023986793 0.0109154105146 0.0412641432139 0.0130916374046 0.0393424450982 0.0524916755118 0.00939718212323 0.0125344964264 
0.0260690137639 0.330534841652 0.0424563497369 -0.00360622988556 0.0224996864103 0.0109909679658 0.0232791078363 0.0394191507192 -0.00519159780111 0.042344258003 0.0216127591748 0.0411028155681 0.0258657517983 0.0293136737105 0.0113960974224 0.0118584136888 0.011392783 0.0370037984813 -0.0148912921485 0.0221150509083 0.0310975617944 0.0496219814133 0.0291875502181 0.0161293482391 0.0100598808721 0.00315069645094 0.0166791157946 0.0389580647653 0.020772901215 0.0198893684768 
0.0049822126802 0.0424563497369 0.383313920793 0.0110894532384 0.0134391336576 0.0278637391834 -0.00364294064491 0.00780781787434 0.0145342429764 0.0156764677114 0.0174720598 0.00156229209383 -0.00160987923922 -0.0113662831496 0.0224511775102 0.0148284269124 0.0186583790609 0.0210729819443 0.023251082258 0.00474791549526 0.0138102766753 0.0136751643536 -0.00748121111309 0.0182977684732 0.0271349713413 0.0163399101051 0.00521759784947 0.0237806322547 0.0281849757533 0.0138265027791 
-0.00650856624993 -0.00360622988556 0.0110894532384 0.535585070684 0.0143063042904 0.0303042082888 0.00649045687103 -0.00195286838351 -0.00329932286867 -0.00559988447353 0.00316740304272 -0.0139009342103 -0.00952834546076 -0.00884611367895 -0.00743101004288 0.00353697127228 -0.000462216790209 0.00617263685454 0.00124794620818 0.00676477444874 -0.00158764631817 0.00948094534764 0.0081458475634 0.00420673115631 0.00650498258815 -0.0015545493337 0.0109275064145 -0.000538147801329 0.0107308314385 -0.00879009423725 
0.0640124307371 0.0224996864103 0.0134391336576 0.0143063042904 0.474409869927 0.0127254303517 0.0202503510615 0.0249971754416 0.0336319285032 0.0381832871505 0.0404349712169 0.0250362117521 0.0210855910862 0.030219294415 0.0173362866878 0.0266126392623 0.030143692513 0.0301904974617 0.0314125780749 0.0439689319669 0.0335499402442 0.0467261807797 0.0581464092166 0.0134403117393 0.0236153860877 0.0250464422538 0.0475437867466 0.0266644314863 0.0350703852972 0.0310793523185 
0.00889730859883 0.0109909679658 0.0278637391834 0.0303042082888 0.0127254303517 0.222052650601 0.0123116375636 0.0199239401819 0.0170814902213 0.0111818379492 0.0372828020865 0.00997034619358 0.0117756507143 0.013490224708 0.0211859767187 0.0098323265766 0.00951637465225 0.00884002554145 0.0327331147695 0.0149994870496 0.0156998285774 0.0178816450344 0.0125919085307 0.0119053130037 0.00959440503326 0.020046313958 0.0240254707484 0.014801836982 0.0376015666537 0.0376625386117 
0.0158832489407 0.0232791078363 -0.00364294064491 0.00649045687103 0.0202503510615 0.0123116375636 0.456047704565 0.0268941346318 0.0261728904535 0.0176314669835 0.0224543935923 0.0210721472857 0.00867561806775 0.0159389963959 0.0255493953888 0.0217464768128 0.00983673994236 0.0191192269114 0.02710157143 0.0122943719641 0.0146258186645 -0.000358126178309 0.00726468689111 0.0133608087769 0.00906788690307 0.0151533743116 0.0346328206313 0.0394224523267 0.0220829400081 0.0202081350838 
0.0105486457982 0.0394191507192 0.00780781787434 -0.00195286838351 0.0249971754416 0.0199239401819 0.0268941346318 0.367473240905 0.0168977989384 0.00157956403389 0.0174699224873 0.0132918837195 0.0093406888206 0.011572010456 0.0424417214304 0.0204966367207 0.0353863887177 0.0314596502903 0.00389513658435 0.00681552233375 0.0162180691624 0.0147460186227 0.024332598374 0.0177066873738 0.0142487688926 0.0060328255987 0.0315854845751 0.0397385737874 0.0126186328962 -0.000620584916589 
0.0239722165275 -0.00519159780111 0.0145342429764 -0.00329932286867 0.0336319285032 0.0170814902213 0.0261728904535 0.0168977989384 0.603633386193 0.0111289772048 0.0211580430745 0.00576551393493 0.0174126841537 0.00289154056964 0.016152698343 0.0129813713863 -6.67389647267e-05 -0.00550684471149 -0.00317221558358 0.0096364850516 0.015723708542 0.012036162763 0.0215582591205 0.0213535597731 0.00592411142035 -0.0100828432548 0.00758858937121 0.0270354116314 0.0192172477671 0.00672543728482 
0.0278959198539 0.042344258003 0.0156764677114 -0.00559988447353 0.0381832871505 0.0111818379492 0.0176314669835 0.00157956403389 0.0111289772048 0.488267949175 0.0334996329378 0.0215823360907 0.0360664003786 0.0166983789876 0.0719491451049 0.0112910501628 0.0211159647921 0.0211872889919 0.0270747614385 0.0294009387968 0.0492013933803 0.0393436373733 0.0238342194297 0.0218887449614 0.0314217551836 0.024592696994 0.0412710557429 0.0244676072561 0.0293209538939 0.0279203640626 
0.0263960534766 0.0216127591748 0.0174720598 0.00316740304272 0.0404349712169 0.0372828020865 0.0224543935923 0.0174699224873 0.0211580430745 0.0334996329378 0.200123934521 0.022210442373 0.031242672766 0.0254080441049 0.0101669547379 0.0313961893543 0.0111885618856 0.0502525845919 0.00420807090078 0.0268621078423 0.0611936429781 0.0229936055926 0.0240821184107 0.0485925966457 0.0288677574002 0.00767773423019 0.0190949785593 0.0178814688748 0.0484086657803 0.0595055062473 
0.0238185226598 0.0411028155681 0.00156229209383 -0.0139009342103 0.0250362117521 0.00997034619358 0.0210721472857 0.0132918837195 0.00576551393493 0.0215823360907 0.022210442373 0.328260373253 0.0312961477281 0.0429216920876 0.0346830075693 0.0222857925492 0.012115924795 0.0102380530423 0.0138892274636 0.0133984167202 0.0487965069136 0.0213028801107 0.0151336978805 0.00843783811944 0.0167704455815 0.00180423104313 0.0278012172952 0.0335702447429 0.0129404746664 0.0140578288846 
0.0175536627091 0.0258657517983 -0.00160987923922 -0.00952834546076 0.0210855910862 0.0117756507143 0.00867561806775 0.0093406888206 0.0174126841537 0.0360664003786 0.031242672766 0.0312961477281 0.402477900075 0.0228987092432 0.0164846930182 0.00891939341916 0.00466574553823 0.0135734507257 0.00685697657494 0.0284605617057 0.0368563372091 0.00761155847455 0.0205854845231 0.0300997662256 0.0374885459731 0.00119426052476 0.0127320710648 0.0119536814842 0.0158347130497 0.0301021710369 
0.0282519489358 0.0293136737105 -0.0113662831496 -0.00884611367895 0.030219294415 0.013490224708 0.0159389963959 0.011572010456 0.00289154056964 0.0166983789876 0.0254080441049 0.0429216920876 0.0228987092432 0.296616666258 0.0211330653599 0.0197246321844 0.00746467883632 0.0159923691608 0.0342927493993 0.018175749282 0.0352941340645 0.0170472068636 0.0233995726437 0.0144062855058 0.0202976547576 0.0102531500626 0.000714566792895 0.0379979028257 0.0276972276062 0.0136292291724 
0.0558071244151 0.0113960974224 0.0224511775102 -0.00743101004288 0.0173362866878 0.0211859767187 0.0255493953888 0.0424417214304 0.016152698343 0.0719491451049 0.0101669547379 0.0346830075693 0.0164846930182 0.0211330653599 0.639966900649 0.0132524831608 0.091239668451 0.00746734172354 0.0189462731357 0.0340498374756 0.0369286703805 0.0267785634054 0.0218372803134 0.00971090021011 0.0345591487019 0.00856746107277 0.042306963283 0.0238858210997 0.0135666772681 0.0240086039577 
0.00713740142663 0.0118584136888 0.0148284269124 0.00353697127228 0.0266126392623 0.00983232657661 0.0217464768128 0.0204966367207 0.0129813713863 0.0112910501628 0.0313961893543 0.0222857925492 0.00891939341916 0.0197246321844 0.0132524831608 0.231332113703 0.0171649190517 0.0140564089598 -0.00541367351014 0.00487893995833 0.0202718052743 0.0242899785732 0.00498592280086 0.00455271923524 0.0170693364448 0.0121475818585 0.00486014055504 0.00908858221697 0.0302153819782 0.0218053902335 
0.0166884937557 0.011392783 0.0186583790609 -0.000462216790209 0.030143692513 0.00951637465225 0.00983673994236 0.0353863887177 -6.67389647265e-05 0.0211159647921 0.0111885618856 0.012115924795 0.00466574553823 0.00746467883632 0.091239668451 0.0171649190517 0.266982926658 0.0137823943431 0.0188867057007 0.0063741861672 0.00945705114895 0.00433893414272 0.00270124546062 0.000516799324503 0.0174478600846 0.0135887786195 0.00482896626978 0.0306796659669 0.0253471980686 0.0203874567984 
0.0360801464322 0.0370037984813 0.0210729819443 0.00617263685454 0.0301904974617 0.00884002554145 0.0191192269114 0.0314596502903 -0.00550684471149 0.0211872889919 0.0502525845919 0.0102380530423 0.0135734507257 0.0159923691608 0.00746734172354 0.0140564089598 0.0137823943431 0.242642846073 0.0192513303364 0.025492927529 0.0188357687552 0.0462213477637 0.028258788182 0.0220911557346 0.00878532959007 0.00533545548314 0.0235546181287 0.0115321401182 0.0248724796423 0.0505877784364 
0.0156332685272 -0.0148912921485 0.023251082258 0.00124794620818 0.0314125780749 0.0327331147695 0.02710157143 0.00389513658435 -0.00317221558358 0.0270747614385 0.00420807090078 0.0138892274636 0.00685697657494 0.0342927493993 0.0189462731357 -0.00541367351014 0.0188867057007 0.0192513303364 0.572177718689 0.0209130021313 0.00976658081535 0.0129522854234 0.0192189250447 0.00847362164125 0.0160873402272 -0.0052370869427 0.0152284445765 0.00538897456287 0.00795559848105 0.0122437288247 
0.0186180565582 0.0221150509083 0.00474791549526 0.00676477444874 0.0439689319669 0.0149994870496 0.0122943719641 0.00681552233375 0.0096364850516 0.0294009387968 0.0268621078423 0.0133984167202 0.0284605617057 0.018175749282 0.0340498374756 0.00487893995833 0.0063741861672 0.025492927529 0.0209130021313 0.223236197449 0.0364729391399 0.0231823599463 0.0212390313164 0.0337983147412 0.0130570026693 0.0199239300877 0.00977812987057 0.0389803159505 0.025760051767 0.0163234875271 
0.0263096516523 0.0310975617944 0.0138102766753 -0.00158764631817 0.0335499402442 0.0156998285774 0.0146258186645 0.0162180691624 0.015723708542 0.0492013933803 0.0611936429781 0.0487965069136 0.0368563372091 0.0352941340645 0.0369286703805 0.0202718052743 0.00945705114895 0.0188357687552 0.00976658081535 0.0364729391399 0.403143502061 -0.009230772422 0.0207112214437 0.017816777724 0.0314802099611 0.00633927790241 0.0156010864355 0.0209275410754 0.0273922930558 0.050504315848 
0.0586105504387 0.0496219814133 0.0136751643536 0.00948094534764 0.0467261807797 0.0178816450344 -0.000358126178309 0.0147460186227 0.012036162763 0.0393436373733 0.0229936055926 0.0213028801107 0.00761155847455 0.0170472068636 0.0267785634054 0.0242899785732 0.00433893414272 0.0462213477637 0.0129522854234 0.0231823599463 -0.009230772422 0.451602369144 0.0315877599603 0.0228185399687 0.00443100482232 0.0192705511469 0.0771861774689 0.0134964548577 0.0185201196505 0.0309333114099 
0.0508023986793 0.0291875502181 -0.00748121111309 0.0081458475634 0.0581464092166 0.0125919085307 0.00726468689111 0.024332598374 0.0215582591205 0.0238342194297 0.0240821184107 0.0151336978805 0.0205854845231 0.0233995726437 0.0218372803134 0.00498592280086 0.00270124546062 0.028258788182 0.0192189250447 0.0212390313164 0.0207112214437 0.0315877599603 0.432494595916 0.0231131153908 0.0806453683689 0.0197969750266 0.0279318074475 0.0185321789358 0.018239222505 0.0165075228968 
0.0109154105146 0.0161293482391 0.0182977684732 0.00420673115631 0.0134403117393 0.0119053130037 0.0133608087769 0.0177066873738 0.0213535597731 0.0218887449614 0.0485925966457 0.00843783811944 0.0300997662256 0.0144062855058 0.00971090021011 0.00455271923524 0.000516799324503 0.0220911557346 0.00847362164125 0.0337983147412 0.017816777724 0.0228185399687 0.0231131153908 0.46255426134 0.0240751060828 0.00625057625172 0.0210467231061 -0.000237501025225 0.013616494976 0.0133119491785 
0.0412641432139 0.0100598808721 0.0271349713413 0.00650498258815 0.0236153860877 0.00959440503326 0.00906788690307 0.0142487688926 0.00592411142035 0.0314217551836 0.0288677574002 0.0167704455815 0.0374885459731 0.0202976547576 0.0345591487019 0.0170693364448 0.0174478600846 0.00878532959007 0.0160873402272 0.0130570026693 0.0314802099611 0.00443100482232 0.0806453683689 0.0240751060828 0.752457629097 0.00665482777492 0.0217989959392 0.0185138041885 0.0417595594275 0.0225136449835 
0.0130916374046 0.00315069645094 0.0163399101051 -0.0015545493337 0.0250464422538 0.020046313958 0.0151533743116 0.0060328255987 -0.0100828432548 0.024592696994 0.00767773423019 0.00180423104313 0.00119426052476 0.0102531500626 0.00856746107277 0.0121475818585 0.0135887786195 0.00533545548314 -0.0052370869427 0.0199239300877 0.00633927790241 0.0192705511469 0.0197969750266 0.00625057625172 0.00665482777492 0.22170391217 0.0218391486311 0.0441977563964 0.0111025423527 0.00797240291912 
0.0393424450982 0.0166791157946 0.00521759784947 0.0109275064145 0.0475437867466 0.0240254707484 0.0346328206313 0.0315854845751 0.00758858937121 0.0412710557429 0.0190949785593 0.0278012172952 0.0127320710648 0.000714566792895 0.042306963283 0.00486014055504 0.00482896626978 0.0235546181287 0.0152284445765 0.00977812987057 0.0156010864355 0.0771861774689 0.0279318074475 0.0210467231061 0.0217989959392 0.0218391486311 0.476098629787 0.0376909622468 0.0388590393293 0.0276864197706 
0.0524916755118 0.0389580647653 0.0237806322547 -0.000538147801329 0.0266644314863 0.014801836982 0.0394224523267 0.0397385737874 0.0270354116314 0.0244676072561 0.0178814688748 0.0335702447429 0.0119536814842 0.0379979028257 0.0238858210997 0.00908858221698 0.0306796659669 0.0115321401182 0.00538897456287 0.0389803159505 0.0209275410754 0.0134964548577 0.0185321789358 -0.000237501025225 0.0185138041885 0.0441977563964 0.0376909622468 0.40216934483 0.0278052606761 -0.00440511791994 
0.00939718212323 0.020772901215 0.0281849757533 0.0107308314385 0.0350703852972 0.0376015666537 0.0220829400081 0.0126186328962 0.0192172477671 0.0293209538939 0.0484086657803 0.0129404746664 0.0158347130497 0.0276972276062 0.0135666772681 0.0302153819782 0.0253471980686 0.0248724796423 0.00795559848105 0.025760051767 0.0273922930558 0.0185201196505 0.018239222505 0.013616494976 0.0417595594275 0.0111025423527 0.0388590393293 0.0278052606761 0.22625116133 0.0409966945793 
0.0125344964264 0.0198893684768 0.0138265027791 -0.00879009423725 0.0310793523185 0.0376625386117 0.0202081350838 -0.000620584916589 0.00672543728482 0.0279203640626 0.0595055062473 0.0140578288846 0.0301021710369 0.0136292291724 0.0240086039577 0.0218053902335 0.0203874567984 0.0505877784364 0.0122437288247 0.0163234875271 0.050504315848 0.0309333114099 0.0165075228968 0.0133119491785 0.0225136449835 0.00797240291912 0.0276864197706 -0.00440511791994 0.0409966945793 0.240919513617 

['ASD', 'BBBY', 'SWY', 'KSE', 'MON', 'SRE', 'BMET', 'QLGC', 'NOVL', 'STJ', 'JPM', 'TJX', 'VFC', 'YUM', 'MU', 'FRE', 'DIS', 'HIG', 'DYN', 'ITW', 'LUV', 'YHOO', 'HPC', 'BMY', 'TEK', 'CCE', 'GILD', 'BC', 'AXP', 'MET']