30
0.0499472002084 0.0352458247454 0.188050706821 0.107116270008 0.0725669815102 0.13159191543 0.208286894217 0.0693656588129 0.242072249725 0.153319254475 0.0313696733512 0.029419367 0.0654803135324 0.0933125666969 0.0664901393557 0.0132097716294 0.0782010317916 0.132143501856 0.127416862275 0.15717092416 0.044891801276 0.0399774891594 0.0155341374053 0.0514292405054 0.123612909007 0.0726136826411 0.0447966226616 0.0572050688987 0.0437869579852 0.0255776045185 
0.36978083945 0.00688415386958 0.0253991503039 0.0215218888641 0.0102021200259 0.00960701513506 0.00915388191411 0.0144214700102 0.0312638930489 0.0514435346656 0.00500387467516 0.0143107920347 0.00505904730681 0.0140345418459 0.0255423607518 0.00249592424877 0.0271291189871 0.0137929653034 -0.0128042851179 0.00511450090247 0.0210352521592 0.011395485197 0.0085155113203 0.0241917529624 0.0208479325879 0.0202792613902 0.00689768736296 0.00937631160864 -0.00440482518137 0.00328011723902 
0.00688415386958 0.218179266052 0.0130570349178 0.0265612028993 0.0397096964299 0.00168864721676 0.0093821881324 0.0172309743158 0.0343423271831 0.0398400684551 0.0142663580459 0.00703025024002 0.0178038865368 -0.000466226901625 0.02575749805 0.0132576671504 0.0169414547556 0.00176226706522 0.0091904344272 0.0203322953009 0.0197695351449 -0.00111780350115 0.00793869684409 0.0391811435797 0.00531635241936 0.0149906690081 0.0262817327781 0.010357750722 0.00547761094149 0.00728014917484 
0.0253991503039 0.0130570349178 1.00837189157 0.0679087187651 0.0432322833246 0.0106951169034 0.0466984977724 0.0121833375272 0.0789685335506 0.0276491665362 0.0133857143528 0.0107341185238 0.0490542713482 0.0187828632324 0.0129547688303 0.0330533946829 0.041090394072 0.0209663640166 0.00381230735032 0.0871499925811 0.0206742253514 -0.000844229430631 -0.00224920936608 0.0194933373656 0.00163367578837 0.0595387217436 0.0463248856789 0.0408894434907 0.0182347839187 0.00911988199642 
0.0215218888641 0.0265612028993 0.0679087187651 0.530140275225 0.0349052888186 0.0814145447577 0.0730169277606 0.029146807192 0.0497612320047 0.0549746681393 0.0195746015365 0.0127132895234 0.0319764788162 0.00160766108524 0.0139028518099 0.014397189126 0.0601498255254 0.0214807457921 0.0171813700149 0.0963627686167 0.0265735751847 -0.0118996592826 0.00181193624836 0.0494452509842 0.00358237885765 0.0323608110325 0.0507370676763 0.0347197319855 -0.00705847585637 0.0259361125005 
0.0102021200259 0.0397096964299 0.0432322833246 0.0349052888186 0.272436897893 0.044016490202 0.0267412273309 0.0287076195346 0.0672951767022 0.0631344362958 0.0178489520246 0.0237778977947 0.0397887133192 0.0205440790062 0.0537828198665 0.022546225942 0.0204228815309 0.0325449147052 0.0311254773236 0.0524446074285 0.0321700906414 0.00779181896103 0.0166384801196 0.0801381178887 0.00165892489934 0.0503014980906 0.0333511643187 0.0298636812581 0.0182067813466 0.0180973832478 
0.00960701513506 0.00168864721676 0.0106951169034 0.0814145447577 0.044016490202 0.475547815648 -0.0138822484014 0.0314853142791 0.0887658883363 0.00396895871889 0.0176538182654 0.022843085859 0.023869417251 0.0128895394326 0.0193895163806 0.00867626187433 0.0329008866212 0.179839083233 0.224296886979 0.0329613997312 0.0382429346313 -0.00731642521209 0.0128489026866 0.0384011524205 0.0691320967561 0.0308930016906 0.0129356695348 0.0394806165056 0.0185088327434 0.00158252355253 
0.00915388191411 0.0093821881324 0.0466984977724 0.0730169277606 0.0267412273309 -0.0138822484014 1.33480108798 0.0275921575979 0.0232969298665 0.0145937879757 -0.00522437752394 0.0191311690732 0.0228963847185 -0.00696665894255 0.0801406093143 0.0140094133318 0.00983564605518 0.00100434343439 -0.0286980497133 0.0320065206498 0.0233147528783 -0.0146359469105 0.00787159962645 0.0027498714905 0.013492321514 0.0225234301639 0.0306122028623 -0.00334658590202 -0.0139408766497 0.0214280269786 
0.0144214700102 0.0172309743158 0.0121833375272 0.029146807192 0.0287076195346 0.0314853142791 0.0275921575979 0.387348809811 0.0353048690217 0.00998067847298 0.0168159194627 0.00768307107744 0.03676179604 -0.00422201704917 0.0364699075587 0.0206786151662 0.0102648653839 0.000778174307691 0.0206437572966 0.0100437253863 0.0130387413952 -0.000130583281763 0.00893188699043 0.0236315138262 0.00318638779068 0.0106457100364 0.0295517165325 0.00836447181249 0.0182371963016 0.0174063245631 
0.0312638930489 0.0343423271831 0.0789685335506 0.0497612320047 0.0672951767022 0.0887658883363 0.0232969298665 0.0353048690217 0.670882466547 0.0895259921431 0.0324888506758 0.0142735503856 0.0356535399591 0.0243822744509 0.0504034550124 0.0256842981032 0.0347610330047 0.0786401504008 0.077218737258 0.0916182907211 0.0531014811589 -0.0109802653898 0.00802901268254 0.0333199668856 0.0511958620612 0.0953211912932 0.0216566498592 0.0356322134164 0.0426633022227 0.0172787356441 
0.0514435346656 0.0398400684551 0.0276491665362 0.0549746681393 0.0631344362958 0.00396895871888 0.0145937879757 0.00998067847298 0.0895259921431 0.615416156816 0.00817523572977 0.00324300128699 0.0393266585924 0.0229879062491 0.094132492827 0.0225779538822 0.0283406607993 0.0096958846777 0.017718064524 0.0550460789444 0.0337451226336 -0.00411189509229 0.027714941294 0.0542967209589 0.0137246880903 0.0395895393196 0.0423477250086 0.0364040038097 0.0168466566206 0.0261351289797 
0.00500387467516 0.0142663580459 0.0133857143528 0.0195746015365 0.0178489520246 0.0176538182654 -0.00522437752394 0.0168159194627 0.0324888506758 0.00817523572977 0.181568834544 0.02378685779 0.0143806976029 -0.00152571518304 0.0335533067518 0.00882097554517 0.00778262321538 0.00292249713191 0.0174122322325 0.0114808826988 0.0132262481283 -0.00233915916541 0.018208873919 0.0269129711938 -0.0130646274132 0.0259888936632 0.0333874217462 0.0139465539688 0.0256300606624 -0.00332576986931 
0.0143107920347 0.00703025024002 0.0107341185238 0.0127132895234 0.0237778977947 0.022843085859 0.0191311690732 0.00768307107744 0.0142735503856 0.00324300128699 0.02378685779 0.213714295231 0.0126171485595 0.00388386385403 0.00956356017349 0.00239598685795 0.0142926618956 0.0205214596509 0.0219934280344 0.00233708345449 0.0144977137967 0.0324169816021 0.00725754310974 0.0247084628278 -0.00350035900699 0.0313474206934 0.00518456451731 0.00546742330396 0.0131593020847 0.00611992605712 
0.00505904730681 0.0178038865368 0.0490542713482 0.0319764788162 0.0397887133192 0.023869417251 0.0228963847185 0.03676179604 0.0356535399591 0.0393266585924 0.0143806976029 0.0126171485595 0.38485272703 0.00531806691901 0.0412567493839 0.0270850401107 0.0300399882886 0.0263059721613 0.0342979560138 0.0213588020509 0.0259436172676 -0.0063882252719 0.0216721665865 0.0130106311589 0.0123727095851 0.040714699742 0.0960945686022 0.0214199592578 0.0374139866963 0.00654442217228 
0.0140345418459 -0.000466226901625 0.0187828632324 0.00160766108524 0.0205440790062 0.0128895394326 -0.00696665894255 -0.00422201704917 0.0243822744509 0.0229879062491 -0.00152571518304 0.00388386385403 0.00531806691901 0.994625922239 0.0259738976456 0.00410808547678 0.00646748761385 0.00874952869395 -0.00326261202061 0.105242048927 0.0131733166475 -0.000945371985657 -0.00846090776909 0.000487737965704 -0.0156470361587 0.018045721917 -0.000275788732102 0.00714181759908 0.0366776833678 0.0117176605165 
0.0255423607518 0.02575749805 0.0129547688303 0.0139028518099 0.0537828198665 0.0193895163806 0.0801406093143 0.0364699075587 0.0504034550124 0.094132492827 0.0335533067518 0.00956356017349 0.0412567493839 0.0259738976456 0.353379487256 0.0185901417735 0.0131036369468 -0.00470653749733 0.0169000494406 0.044201311786 0.0350116523061 0.0190916583177 0.00545101883769 0.0317818923755 -0.0190247140551 0.0384129200233 0.0313257690462 0.0224450058711 0.0464601782808 0.0171368638031 
0.00249592424877 0.0132576671504 0.0330533946829 0.014397189126 0.022546225942 0.00867626187433 0.0140094133318 0.0206786151662 0.0256842981032 0.0225779538822 0.00882097554517 0.00239598685794 0.0270850401107 0.00410808547678 0.0185901417735 0.169960592469 0.0213057012228 0.00140248944201 0.000897720625999 0.00714190896639 0.0115063525285 0.000168228685197 0.000738343490869 0.0133886649863 0.00525017557775 0.0120032094341 0.015190552582 0.0135575608684 0.00407069475498 0.0106634294935 
0.0271291189871 0.0169414547556 0.041090394072 0.0601498255254 0.0204228815309 0.0329008866212 0.00983564605518 0.0102648653839 0.0347610330047 0.0283406607993 0.00778262321538 0.0142926618956 0.0300399882886 0.00646748761385 0.0131036369468 0.0213057012228 0.370569940334 0.03049391401 0.0136095976928 0.0698965461875 0.0100172506428 0.110183550533 0.0082983318478 0.040093358419 0.0165079346346 0.038928214411 0.0301544430445 0.027103455392 0.00920153521638 0.011557886961 
0.0137929653034 0.00176226706522 0.0209663640166 0.0214807457921 0.0325449147052 0.179839083233 0.00100434343439 0.000778174307691 0.0786401504008 0.0096958846777 0.00292249713191 0.0205214596509 0.0263059721613 0.00874952869395 -0.00470653749733 0.00140248944201 0.03049391401 0.444475214886 0.142424945551 0.0270416660918 0.0510077004636 -0.0223312546117 0.0215766112654 0.0208410633067 0.0421554182248 0.0291469931466 -0.000403859453493 0.0219471269606 0.0174162590896 0.0104828155335 
-0.0128042851179 0.0091904344272 0.00381230735032 0.0171813700149 0.0311254773236 0.224296886979 -0.0286980497133 0.0206437572965 0.077218737258 0.017718064524 0.0174122322325 0.0219934280344 0.0342979560138 -0.00326261202061 0.0169000494406 0.000897720626 0.0136095976928 0.142424945551 0.417131165015 0.0343114015799 0.0190064712373 0.00185457237548 0.00833089943183 0.0295662128144 0.0170590167953 0.0363555379068 0.0179606776912 0.0291574137287 0.0217287493799 0.0135874687195 
0.00511450090247 0.0203322953009 0.0871499925811 0.0963627686167 0.0524446074285 0.0329613997312 0.0320065206498 0.0100437253863 0.0916182907211 0.0550460789444 0.0114808826988 0.00233708345449 0.0213588020509 0.105242048927 0.044201311786 0.00714190896639 0.0698965461875 0.0270416660918 0.0343114015799 0.611386610149 0.0444630970803 0.00534311443817 0.0141208878163 0.0480428491104 0.0223927425333 0.0397721910527 0.024750218398 0.0410393234406 0.00388700120054 0.0136226588922 
0.0210352521592 0.0197695351449 0.0206742253514 0.0265735751847 0.0321700906414 0.0382429346313 0.0233147528783 0.0130387413952 0.0531014811589 0.0337451226336 0.0132262481283 0.0144977137967 0.0259436172676 0.0131733166475 0.0350116523061 0.0115063525285 0.0100172506428 0.0510077004636 0.0190064712373 0.0444630970803 0.337915239078 0.00881974175022 0.00371991541675 0.0170745249389 0.0116352451255 0.0416002344553 0.0319695956485 0.0233716558165 0.0126073884391 0.0251359540153 
0.011395485197 -0.00111780350115 -0.000844229430631 -0.0118996592826 0.00779181896103 -0.00731642521209 -0.0146359469105 -0.000130583281763 -0.0109802653898 -0.00411189509229 -0.00233915916541 0.0324169816021 -0.0063882252719 -0.000945371985657 0.0190916583177 0.000168228685196 0.110183550533 -0.0223312546117 0.00185457237548 0.00534311443817 0.00881974175022 0.434029205114 -0.00930046364862 0.0238696864447 -0.00630836028866 0.00232355689804 0.00884941529337 0.000920429593923 0.0207772481111 -0.0107129453039 
0.0085155113203 0.00793869684409 -0.00224920936608 0.00181193624836 0.0166384801196 0.0128489026866 0.00787159962645 0.00893188699043 0.00802901268254 0.027714941294 0.018208873919 0.00725754310974 0.0216721665865 -0.00846090776909 0.00545101883769 0.000738343490869 0.0082983318478 0.0215766112654 0.00833089943183 0.0141208878163 0.00371991541675 -0.00930046364862 0.189339127722 0.0220326598539 0.00065177684812 0.00263632393533 0.0213031354618 0.0116624921723 0.0128191009762 0.0169894737188 
0.0241917529624 0.0391811435797 0.0194933373656 0.0494452509842 0.0801381178887 0.0384011524205 0.0027498714905 0.0236315138262 0.0333199668856 0.0542967209589 0.0269129711938 0.0247084628278 0.0130106311589 0.000487737965704 0.0317818923755 0.0133886649863 0.040093358419 0.0208410633067 0.0295662128144 0.0480428491104 0.0170745249389 0.0238696864447 0.0220326598539 0.195311819624 0.00611926364574 0.036317298492 0.0227726533048 0.0315091624936 0.00759011310975 0.0240677890337 
0.0208479325879 0.00531635241936 0.00163367578837 0.00358237885765 0.00165892489934 0.0691320967561 0.013492321514 0.00318638779068 0.0511958620612 0.0137246880903 -0.0130646274132 -0.00350035900699 0.0123727095851 -0.0156470361587 -0.0190247140551 0.00525017557775 0.0165079346346 0.0421554182248 0.0170590167953 0.0223927425333 0.0116352451255 -0.00630836028866 0.00065177684812 0.00611926364574 1.04241772057 0.0169066155821 0.00909041146111 0.0157951717718 -0.0192898461965 -0.00848337156999 
0.0202792613902 0.0149906690081 0.0595387217436 0.0323608110325 0.0503014980906 0.0308930016906 0.0225234301639 0.0106457100364 0.0953211912932 0.0395895393196 0.0259888936632 0.0313474206934 0.040714699742 0.018045721917 0.0384129200233 0.0120032094341 0.038928214411 0.0291469931466 0.0363555379068 0.0397721910527 0.0416002344553 0.00232355689804 0.00263632393533 0.036317298492 0.0169066155821 0.28968042938 0.03575879655 0.0369045587863 0.0257329216476 0.00306722465195 
0.00689768736296 0.0262817327781 0.0463248856789 0.0507370676763 0.0333511643187 0.0129356695348 0.0306122028623 0.0295517165325 0.0216566498592 0.0423477250086 0.0333874217462 0.00518456451731 0.0960945686022 -0.000275788732102 0.0313257690462 0.015190552582 0.0301544430445 -0.000403859453493 0.0179606776912 0.024750218398 0.0319695956485 0.00884941529337 0.0213031354618 0.0227726533048 0.00909041146111 0.03575879655 0.264532055604 0.0366273400946 0.0309454244303 0.0191005456766 
0.00937631160864 0.010357750722 0.0408894434907 0.0347197319855 0.029863681258 0.0394806165056 -0.00334658590202 0.00836447181249 0.0356322134164 0.0364040038097 0.0139465539688 0.00546742330397 0.0214199592578 0.00714181759908 0.0224450058711 0.0135575608684 0.0271034553919 0.0219471269606 0.0291574137287 0.0410393234406 0.0233716558164 0.000920429593924 0.0116624921723 0.0315091624936 0.0157951717718 0.0369045587863 0.0366273400946 0.258733795132 0.0210548649179 0.0137630103283 
-0.00440482518137 0.00547761094149 0.0182347839187 -0.00705847585637 0.0182067813466 0.0185088327434 -0.0139408766497 0.0182371963016 0.0426633022227 0.0168466566206 0.0256300606624 0.0131593020847 0.0374139866963 0.0366776833678 0.0464601782808 0.00407069475498 0.00920153521638 0.0174162590896 0.0217287493799 0.00388700120054 0.0126073884391 0.0207772481111 0.0128191009762 0.00759011310975 -0.0192898461965 0.0257329216476 0.0309454244303 0.0210548649179 0.275073691157 0.0155594575089 
0.00328011723902 0.00728014917484 0.00911988199642 0.0259361125005 0.0180973832478 0.00158252355253 0.0214280269786 0.0174063245631 0.0172787356441 0.0261351289797 -0.00332576986931 0.00611992605712 0.00654442217228 0.0117176605165 0.0171368638031 0.0106634294935 0.011557886961 0.0104828155335 0.0135874687195 0.0136226588922 0.0251359540153 -0.0107129453039 0.0169894737188 0.0240677890337 -0.00848337156999 0.00306722465195 0.0191005456766 0.0137630103283 0.0155594575089 0.326123257166 

['PFE', 'FII', 'MNST', 'NSM', 'BSC', 'RDC', 'OMX', 'CVS', 'ATI', 'CC', 'NOC', 'CNP', 'HLT', 'GT', 'CFC', 'IBM', 'MOT', 'WFT', 'RIG', 'GLW', 'LEG', 'HCA', 'MDP', 'MER', 'UIS', 'CAT', 'MAR', 'CBE', 'WLP', 'HRB']