100
0.0715007016099 0.0678674292734 0.0582377086348 0.0832698050771 0.029419367 0.0341115490789 0.0265193363437 0.15717092416 0.162626926374 0.0487859931196 0.0726136826411 0.0426672552596 0.080285366307 0.0295384146509 0.0273717205438 0.0533662879029 0.0534443631468 0.0231907610599 0.0378384564622 0.0188066159349 0.129241945615 0.0413167922229 0.0268988212896 0.0324915821016 0.0220926651793 0.0359279599811 0.0161403943775 0.0451551332239 0.0559384191954 0.197480990077 0.065735385914 0.127416862275 0.0448250845436 0.018453974145 0.0484031048171 0.0843714281037 0.0754225878746 0.0206012582373 0.0314514366364 0.066200000993 0.0149217979249 0.265107550494 0.0210495138202 0.026407260569 0.061476397973 0.0613427887106 0.0725669815102 0.0800378705657 0.0395396308246 0.0270240384822 0.0436219100546 0.192324736986 0.0692922129373 0.0791308905459 0.0254158643172 0.0770368317024 0.0447966226616 0.0733521468466 0.0362094771936 0.116792266476 0.0970140476379 0.067654701563 0.0602494739115 0.0635798530397 0.022369934908 0.0440278725419 0.0263662592882 0.0297585566085 0.0782010317916 0.0525709156995 0.0333203023267 0.0654803135324 0.0594494044175 0.0594687244428 0.0316848802341 0.0486664598358 0.0314738433907 0.0330111524363 0.0533286406295 0.0054327763703 0.0612619406497 0.043075945187 0.0253746335001 0.0378808118353 0.0220203869342 0.0248078828137 0.00699576056141 0.037496284255 0.0597278634654 0.0698927007 0.0384738749472 0.0646745186267 0.0389775871913 0.044344522835 0.02392892696 0.0479675113811 0.0442230302855 0.0439476996979 0.0472748306646 0.0766147585819 
0.559359750892 0.145717118768 0.00499601366077 -0.00671712215946 -0.000840445660369 -0.00789449356275 -0.00304470800282 0.0220780677102 0.0239607246001 0.0150675576877 0.0111908510709 0.00533508866052 0.0106224099044 0.014144391233 -0.00601860735229 0.0126043913648 -0.000706863125952 0.00972434271645 -0.0048807898789 0.0185029941056 0.011609774866 0.00264421097754 0.00110766788616 -0.0104588457468 0.0245855705355 -0.00122784406385 0.0127285710835 0.00451183910109 0.0219409995015 -6.85407726425e-05 0.00993308121764 0.0080136502455 -0.0072992658861 -0.00901992315695 0.00251865676386 0.0250345964782 0.021230441104 -0.0161339815086 0.00914747232563 -0.022190890433 0.0293089631676 -0.00590878224976 -0.00280083612033 0.0163184860979 0.0167768738702 0.00486783565157 0.00309246978992 0.00989648787964 -0.0101678899905 0.0109588176785 0.0230693092487 0.0134001811296 0.0111606214373 0.0521387112331 0.0118681149022 0.0769462604223 0.00377868039978 0.00643580502686 0.00996832191529 -0.00814460501908 0.0314601995775 0.0190212226798 0.00246873027381 -0.00732591912685 0.0157580888303 0.00933335881019 0.00842733888885 0.00182801656357 0.0275092882399 0.00539350118081 0.001486620073 0.0113571804883 0.0102591652153 0.0157349079901 0.00349413774443 0.00208060994928 -0.00435543814515 0.000965818752613 -0.00262762915477 0.0138750473714 -0.00794301917024 0.00116363071957 0.00200999618143 0.00136245161819 0.0216985207848 0.0010222265348 0.021963420882 0.00880614452114 -0.00878544252911 0.00380833134636 0.00815692925927 -0.00207707351108 0.0105185850309 0.0122091588499 -0.00275212638667 0.00371152811414 0.000523919296024 0.0160055548386 0.00750834843124 -0.0050957206965 
0.145717118768 0.349028567515 0.00958823377188 0.00448041670645 -0.000453827799571 0.0172231361201 0.0187178366746 0.0287164886006 -0.00336459824737 0.020565387004 0.00779287869089 0.0303972358998 0.0259199091147 0.0143297252632 0.012307150403 0.022478915328 0.0190948628009 0.0132587166355 0.0165386851204 0.0322968081364 0.0127339795225 0.0116703316657 0.00811036427555 0.0466715787597 0.0147481954927 0.0065612565837 0.00550039343571 0.0189008846454 0.0331937823587 0.0584806866991 0.0209943714959 0.015146232671 0.0454032055913 -0.00524479662786 0.0172018281479 0.0195007260809 -0.00483280958653 0.00254286936027 0.0183607434231 0.0261296540837 0.0261930169638 -0.00871468940229 0.0277899307242 0.000258563776509 0.0228415465667 -0.00180809672513 0.0265620997418 0.0144540028446 0.0250922510271 0.000799962479487 0.0107053416293 0.0298190678293 0.0208151189 0.0189404486972 0.0268377971974 0.031335904276 0.0471184147414 0.0120637313449 0.0446170068612 0.0127507704889 0.0322200753129 -0.00279936221199 0.00722340782089 0.0114078620107 0.0104023551591 0.0162980196894 0.0278793213849 0.0188679796931 0.0199386568277 0.0342076438252 0.0129820329946 0.0445621922376 0.0259277206529 0.0165240523303 0.011525266281 0.00814324532674 0.0159009957683 0.038148895619 0.0092569136295 0.0161353097699 0.0202735520763 0.0155516247764 0.0276188369462 0.0140655166803 0.0175828608484 0.0098073885495 0.000823966462358 0.0229533005432 0.0208882814411 -0.00731304777676 0.0158590079949 0.0116393309147 0.0163099944361 0.0257329901067 0.0450379859507 0.0146118724875 0.0227667213043 0.00950151678001 0.0137209558622 0.0237930715763 
0.00499601366077 0.00958823377188 0.451895955841 0.00506751370954 0.00575032248676 -0.00343521296787 0.0311266949258 0.0249233301496 0.0341003851672 -1.47936180448e-05 0.00288342701739 0.011852015091 0.0226981994186 0.00477462556226 0.0289878414541 0.00493138457908 0.0236665932037 0.0131884803494 -0.0093366646055 0.0166786328001 0.00643441857571 0.00277746525001 0.00774486469971 -0.00266548613928 0.018060977874 0.0162914009859 0.0101611835509 -0.000798426223485 0.0171654592836 -0.00446722099854 0.0224721083794 -0.00888074313586 -0.00280137569598 0.00581421084347 0.00126318774779 -0.0135933577332 0.0126885304016 0.00995331311683 0.00663734656305 0.02150337314 0.00494672139448 -0.0167546227384 0.0106030727017 0.0139060239817 0.0200248340237 0.00504553419357 0.0144063982178 0.0224094392462 0.0304921817049 0.0118485164433 0.0154666642786 0.00914940708538 -0.00810536307926 0.00066315703919 0.0223456172851 -0.0168215784787 0.0244953272087 0.0209355114777 0.00445563332183 0.00139643464781 0.00883930423598 0.0116896601355 0.00545311998665 0.0114131239871 0.0135660787912 0.00527468006003 0.0168771171018 0.0242338799094 0.00108906265089 -0.00371238122248 0.0095545981769 0.00910482685311 0.0141536774861 0.00202616228176 0.00457944582922 -0.00483129251375 0.0207919768626 0.00316163167704 0.0266995326942 0.00644411950801 0.00542928363381 0.004883737837 0.00379951545558 0.0221447076211 0.00407906518522 0.0336841684216 0.0147314638428 0.013091631554 -0.00726046931937 -0.00245965807266 -0.015837023908 0.0114096648419 0.021745518095 0.0185213012662 0.0309175099633 0.0171085965208 0.00520988315832 0.00118115480819 -0.0104646946878 0.000327454011405 
-0.00671712215946 0.00448041670645 0.00506751370954 0.359388947579 0.0274131312745 0.00820236857468 0.0118905887323 0.0140740144454 0.0406055504988 0.0126491077553 0.0261196226956 0.00440147660668 -0.00201512793769 -0.00162562804569 0.00562684456922 0.00836042294767 0.024751132248 -0.0112443867453 0.0111012896794 0.013428889828 0.0327793432555 0.00989305814955 0.00173465578457 0.00790771116663 0.0268822251426 0.0170306350722 0.00195657000441 0.0221951460095 0.000331585498589 0.0111767971618 0.00506994342202 0.15004032254 -0.00498315649407 0.0178752188454 0.0303757733734 -0.0125405124935 0.00058706052191 0.0233122948889 0.00371472757873 0.0329708938507 -0.00790683882059 0.00330854286292 0.0117359503089 0.00337581343358 0.0275922090857 0.0276870635825 0.0312566031203 0.0136681091685 -0.00871577069561 -0.0140946615744 0.00529546701348 0.114099292432 0.00224320264278 0.0229525762472 0.00789880595091 0.00967203737279 0.00124350216507 -9.28247826627e-05 -0.0146125342196 0.0142709973115 0.0391257354242 0.0137397072724 0.00654963179299 -0.00455408608432 0.00299004565635 0.0102531434621 0.0144605098144 0.015484695032 0.00282857576515 0.00114120433329 0.000698099227399 0.012066639695 0.0131773591756 -0.00244401667967 0.000106244357784 0.0167799697601 0.00872351702577 -0.00437015705025 0.00296444636679 -0.00612346512282 0.0224986577899 0.0117052568897 0.00590288210899 -0.000608499931692 -0.000602735461355 0.00561266373159 0.0155042716879 -0.0063968627753 0.0302515482072 0.00119457520818 0.0215601594839 0.00681762112321 0.00153382936211 0.0153504353066 0.00587595891223 0.0405897134175 0.020202488901 0.0121453395226 -0.00722924864945 0.0254341404804 
-0.000840445660368 -0.000453827799572 0.00575032248676 0.0274131312745 0.19058602385 0.0110220340129 0.0101152383627 0.000757982232673 0.0424111001179 0.0118121413895 0.0215731274099 0.0270899535456 -0.00404821352203 0.0120585474693 0.0086116402178 0.0119272512883 0.00986406720002 0.0176817654886 0.00926943942226 -0.00724968327743 0.0254286967098 0.0243598622138 0.00287725138677 0.00568583189156 0.0212528822385 0.0153455201526 0.00862758109882 0.00206630441209 0.00461865398222 0.0102852275895 -0.00276413324948 0.0133691304101 0.00427056154589 0.0036557748166 -0.0013275962894 0.00862826960818 0.0117314530639 -0.00171927247808 0.00803468730399 0.0343919485524 -0.00809147507918 -0.0129351141551 0.0121776986807 0.0117458588951 0.0181955945207 0.0114194517442 0.0133518027832 -0.000747150810289 0.0021807810371 0.0011612358108 0.0206187568908 0.00926258823982 0.00589403087504 0.00190041247434 0.00117302408557 0.00442562686021 -0.00113844371377 0.0182867132761 0.00423503555038 0.00318604739933 0.0104869895377 0.0211077081022 0.0085957901691 0.00962223961083 0.00928968843576 0.0102599652864 0.00818960934199 0.0113124914889 0.0142085389377 0.00931686038115 0.00529533026167 0.0110326786333 -0.00331800759919 0.00660585353238 0.0135890753471 0.0178666473133 -0.0062487202055 0.0104765257612 -0.0039520268917 0.0136948116493 0.0139605955472 0.0229880989391 0.00639191320078 0.00998470651677 0.00468637357921 0.00151587794954 0.0382581006149 0.0157967725259 0.00923096980012 0.00367705428953 0.00326238900308 0.00352367811986 0.00880801960892 0.00348923734912 0.00780334228249 0.0129295095164 0.00920392314449 -0.00119829961742 0.0115248689623 -5.53737240226e-05 
-0.00789449356275 0.0172231361201 -0.00343521296787 0.00820236857468 0.0110220340129 0.217086067112 -0.00682752220154 0.0186564975677 0.00586422371146 0.013406190484 0.00121272844962 0.0123120098457 0.012456330441 0.0159149451036 -0.00330072022358 0.000840493913433 -0.00288057900064 -0.0148844853582 0.010634631315 0.00776153463906 0.0144822521233 0.00280695365837 0.00212723415255 0.00586125791729 0.00540013179724 -0.00611257164233 0.00271634481235 -0.000239246037204 0.018620206464 -0.00598205959571 0.00884901903338 0.00137752807019 0.0135210933203 -0.000219065848872 0.0130688926676 0.0161459949716 0.00729695564031 -0.0001530905973 0.00295652995442 0.00074659853718 0.0140002535195 0.00612385670751 0.00479344908194 0.00632769044278 0.0105837897093 0.0125760366076 0.00797761656218 0.0227693838399 0.00300009943326 0.00454774032367 0.0210938178554 0.00723259885413 0.0126768631328 0.00330429520709 0.00761732525609 0.00483972235793 0.00121674474343 -0.00760651416816 -0.00361938886391 0.0276128602736 0.0170818040627 0.00696990920072 0.00645431677505 0.0171903895421 0.00434114372058 -0.00204994417355 0.012605565222 0.00144300850294 0.0118534474549 0.00777041886251 -0.0026179392815 0.00335091461734 0.0126749058875 0.00461337816221 0.0110208140702 0.0250034411579 0.00893646819082 -0.00160158188929 0.00364882841057 0.0117082003278 0.0155075128428 0.0108964595328 0.0141779645729 0.00627303213801 0.0186255399291 0.00262525833091 0.0124935076379 0.00532344435465 0.0122443046833 -0.0054779641624 0.0103139947032 0.0266685491892 0.00923199138597 0.0128925368288 0.0103775400138 -0.000820829500103 0.0209630992229 0.000340014412428 0.00367677539183 0.0128619095394 
-0.00304470800282 0.0187178366746 0.0311266949258 0.0118905887323 0.0101152383627 -0.00682752220154 0.190589383293 0.00908313922708 0.0147618972795 0.0152720627874 0.0132284894173 0.0129637936993 0.020908099734 0.0146641863406 0.0145829644154 0.0103120253508 0.00279085286696 0.0102769662695 -0.00145915611019 0.00752602091245 0.008408670016 0.00584689200699 0.000562976082936 -0.00401251782325 0.0143622742568 0.0110335618475 0.0135451982623 0.00992273215089 0.00679912932341 0.0170633374578 0.00642921020133 0.00717872731474 0.0139517596683 -0.0115825202946 0.00345410732538 -0.00523408808649 0.013891920879 0.015827132888 0.00169274046438 0.00905876314051 0.00997635140011 0.0338650243991 0.00485164280159 0.0145307853411 0.00751205215368 0.00538451452053 0.0153470316849 -0.00359493105906 0.0140549687813 -4.24412078163e-05 0.00978624633817 0.0197901159967 0.0280142757175 9.25420344928e-05 0.007867241862 0.0136744386717 0.0127505125424 0.00568921975128 0.00528657133761 0.0214431422883 0.00631941954435 -0.00190269796539 0.0178358945971 -0.00288590722892 0.0138642933895 0.00197533754976 0.0131307076125 0.0171493622293 -0.00392105849888 0.0146815881229 0.0132627157298 0.00272874436558 0.00359128709373 0.0253620997418 4.29099127636e-05 -0.00626715505221 0.0354661603612 0.0128355873281 0.0135120776453 0.00966615831202 0.0154364146843 0.00770653322716 0.0186932971637 0.00649758706593 0.0154831537006 0.0150496238599 0.0123632826386 -0.00848334904646 0.0121269503172 0.012950860716 -0.00311879732556 0.0253252259369 0.00482723723766 0.0168925242497 0.0119202084641 0.0356040915854 0.00136255254288 0.00484978781628 -0.000253016873314 0.00599430720633 
0.0220780677102 0.0287164886006 0.0249233301496 0.0140740144454 0.000757982232674 0.0186564975677 0.00908313922708 0.606152047845 0.00945980960737 -0.0112122507508 0.0366898576585 0.0191258456506 0.0357045930295 0.0254200838603 0.0180218678532 0.00818950844926 0.0113575874228 0.00330862717332 0.00300911013791 0.0231839238293 0.0215577123445 0.0119609553903 0.00267793961188 0.0023633271766 -0.000878514140561 0.00673384657555 -0.00714710000756 0.00900031249204 0.0385487760897 0.0427873526253 0.00893979313319 0.0253378700482 0.0184993913133 -0.00523393507607 0.0265100638959 0.0363669701889 -0.00175333319628 0.00680330933487 0.0126721462203 -0.0126419575139 0.0378798295194 0.0149429818561 3.55081497693e-05 0.0172538365035 0.052380133319 0.0102041591127 0.0464358148784 0.0610407853635 0.0193060541792 0.0191618353516 0.0273959557259 0.0963759886563 0.0584383435603 -0.00558404162655 0.0148957846343 0.0253252369336 0.0209149582058 -0.0140054639443 0.0222600013088 0.0277441962995 0.0650963882794 0.014714585168 0.0196158600593 0.0339758635806 0.0287898494984 0.0160353876088 0.0184465095814 0.0206288602213 0.0610826289989 0.0251170462214 0.00329430328673 0.0148659966496 0.0269200477998 0.0214975044245 0.0173992790823 0.0160368719537 0.0102433565572 0.0131526840816 0.0067165795356 0.0210816167498 0.020254946863 0.0403037161609 0.0121159357821 0.0135057436184 0.0339281009382 0.00975833237974 -0.00607328278158 0.018735697712 0.0227108679867 0.00298176500174 0.0138311457107 -0.00790270033919 0.0292975769555 0.0283402535122 0.0181410976383 0.0287784354879 0.0201561747834 0.0136182951096 0.00384984362956 0.0610145961143 
0.0239607246001 -0.00336459824737 0.0341003851672 0.0406055504988 0.0424111001179 0.00586422371146 0.0147618972795 0.00945980960737 1.11180465153 0.0106577031448 0.0417255275801 -0.0043033777314 0.0899806213992 -0.00205487243175 0.0177739159189 -0.0108248704616 0.0224855457338 0.0116020478631 0.0131694329576 0.00961994944481 0.0339762737453 0.0201326821762 0.00113909319097 -0.00236687380682 0.0193033538414 0.0180171829327 0.00381030501218 0.00813523343798 0.0127270441667 0.0141528594757 0.00515196981319 0.0909718838809 -0.00264576863642 -0.0104941506121 0.0285142222988 0.0193162864163 -0.0108960188026 0.0099247618931 0.00520881704279 0.00720328249519 -0.0117016463244 -0.0323480830468 0.00669788099878 0.0217398160551 0.0166164602699 0.0117418710871 0.0307931234375 0.0122379036361 -0.000389835094486 0.0232257507262 0.0112387229613 0.00657243558574 0.014481829153 0.00591317011584 0.016884643249 0.0313755784731 -0.0105866145696 0.0152395193252 -0.00185145616039 -0.00969531019431 -0.00466602368114 -0.0145728330203 0.00428033325414 0.00401026690021 0.0316781647795 0.0156591399455 0.0323031513364 0.0138386191531 0.00607884159995 0.0184068955238 0.0105085507807 0.0148075285336 0.00833913301387 -0.00213917162151 0.045894384412 0.0553088212989 -0.0036320285208 0.00982027426965 0.0100134760911 0.0184036697071 0.0235993295561 0.00722055305966 -0.00431361848246 0.00894302506728 -0.0092751568198 0.00146739510507 0.0281134432786 0.0401621538944 0.00788766668081 0.0119006128933 0.0160182657387 -0.000552871511899 -0.00304293635834 0.011814000932 -0.014150794829 0.013867223066 0.0208725792185 0.00996662441197 0.00237629770992 0.00773244300325 
0.0150675576877 0.020565387004 -1.47936180434e-05 0.0126491077553 0.0118121413895 0.013406190484 0.0152720627874 -0.0112122507508 0.0106577031448 0.442824802252 0.0366251132923 0.000544509688881 0.00205051352207 0.0176113901589 0.00860741279398 -0.00822459818538 0.0102094313019 -0.00148453140192 0.015523612412 -0.0026347722415 0.0225743544767 0.0156328628086 0.00792539466512 0.0172432793422 0.00989195691937 0.0073682752682 0.00421695432666 -0.00147568014744 0.0073789383608 0.00535036229711 0.026808800943 0.0132450259747 0.00947029005893 -0.00290646428771 0.0123312966235 0.00861065218317 0.0237501294816 0.00724166814626 0.0177141109785 0.0383681018736 0.0224806684297 0.00336678186642 -0.00217900043571 0.0201036646233 0.0139953202146 0.00944752513245 0.0254953587282 0.008202995123 0.0124011029283 0.0157626432949 0.0082030833368 0.0251961267887 0.00587090777797 0.0186660447112 0.0105945416073 0.0129396645778 0.0211838633782 0.0110882694093 0.00688443129135 0.0222694265441 0.0147150895268 -0.00693482233177 0.00355248044316 0.0349495630804 0.0100840046775 0.0169653893458 0.00493237871533 0.00689511421651 0.00447130992758 0.0109418236295 0.0155371745316 0.0113921333016 0.013524299434 -0.0152419374449 0.0133950298489 0.0304139860074 0.0257981007012 0.0133194242249 0.0055282963842 -0.00622525509541 0.0190804867307 0.000401027312853 0.0164571680591 0.0238757904505 0.00816782436971 0.0298813301958 0.0119163132507 0.00939294021901 0.00352708731028 0.00315478367054 -0.00297350828383 0.0227958261308 0.0140980270893 0.0138281170082 5.00388256193e-05 0.0264595296527 0.0192732232754 0.001680254667 0.000420063435817 0.0175113974859 
0.0111908510709 0.00779287869089 0.00288342701739 0.0261196226956 0.0215731274099 0.00121272844962 0.0132284894173 0.0366898576585 0.0417255275801 0.0366251132923 0.257855896429 0.0100582791506 0.0312778653934 0.021198876684 0.0150243369466 0.00463983892263 0.0273819456669 0.00697541364002 -0.00497063992884 0.0147410788096 0.0283037606633 0.0210530563195 -0.00151196891776 0.0105313790782 0.00992898199007 0.021930798486 0.0110056426915 0.00308844780024 -0.000381502170788 -0.00445352334079 0.0382399280513 0.0208526760774 0.00734524163486 -0.0021615588154 0.0213978935119 0.0128201430965 0.0257778725964 0.0240582997327 0.0194626833193 0.0229591967795 0.0127754497983 0.0214893360384 0.00795967616104 0.0203496619956 0.0382250944223 0.0258439548765 0.0348148051202 0.0546285421543 0.013816885568 0.00812224531372 0.0217028982784 0.0533027240825 0.0275602052816 0.0166134419072 0.0158647864551 0.0219965083204 0.0250754616125 0.0226555579928 0.0128228625027 0.000790146060361 0.0647360747088 0.00759784087243 0.0120957164 0.0294597532397 0.028913824977 0.0113330410398 0.0294391270235 0.0128032903404 0.0330083436733 0.0409805305834 0.0129898846142 0.0321188389464 0.0137921966208 0.0261307154525 0.0128317924396 0.00992718316318 0.0058029824503 0.029460671393 0.00370396106003 0.0105792336312 0.0190715559635 0.0183305356308 0.0229393512211 0.0163056022666 0.0126756787282 0.0127709449643 -0.00147883679679 0.0113947213024 0.0285643634483 0.0609097894272 0.00787083611334 0.0208557001505 0.00961780888863 0.0458047517344 0.0166697656833 0.0165479160846 0.0382794136923 0.00271980404459 0.00901954726827 0.0170425570397 
0.00533508866052 0.0303972358998 0.011852015091 0.00440147660669 0.0270899535456 0.0123120098457 0.0129637936993 0.0191258456506 -0.0043033777314 0.000544509688881 0.0100582791506 0.190290143545 0.00224646807046 0.0160843466246 0.0169414629877 0.00649622467824 0.00688802729491 0.0108936528792 0.0104079904315 0.0103382041439 -0.00515904760947 0.0153143526699 -0.00213827922728 -0.00204455226485 0.0198989230182 0.00326941492037 0.00680319573874 0.0144082829633 0.00804011118421 0.027161237417 0.00788772973813 0.0109525669819 0.00588689788442 0.012176641163 0.0163709860079 0.0125285852908 0.0172084020019 0.00505632930312 0.020861457769 0.0268689334503 0.00887856067645 -0.0192201160904 0.00648976922719 0.017278087113 0.0144602865577 0.00709603049257 0.0168936801188 0.0166808990661 0.00568208269118 0.0131931944702 0.0372095322346 0.0358177799315 0.0246746067158 0.0101103218551 0.00720017728034 0.00252196568927 0.0169499950533 0.0175513865784 0.0198016751374 -0.00591008357357 0.0441421646315 0.00690095948661 0.0218602218252 0.0270510510952 0.0108382371043 -5.41805002116e-05 0.0239905559503 0.016634809605 0.00539884564751 0.00877660569392 0.0160609273696 0.0155635866354 0.0301568965766 -0.00881235575566 0.00746035025767 -5.60097207886e-05 0.00748350623947 0.00535806618482 0.007759161829 0.0108346428767 0.00396996063142 0.0140984145036 -0.00184226341496 0.0183297130614 0.0209168662728 0.0114117889617 0.0214384825819 0.0120631933206 0.0160443568857 0.0117149591751 0.0212426435723 0.00665172018017 0.0167113350603 0.0200697443854 0.00404016146297 0.0162707954258 0.0148781824172 0.00643167303977 0.00286930677448 0.00296147678223 
0.0106224099044 0.0259199091147 0.0226981994186 -0.00201512793769 -0.00404821352203 0.012456330441 0.020908099734 0.0357045930295 0.0899806213992 0.00205051352207 0.0312778653934 0.00224646807046 0.404980719532 0.0153730092669 0.0209087457299 -0.004189185886 0.0458929055332 0.00915461332016 0.0150296446709 0.0262738544629 0.010819783008 0.0128850524561 0.0088592047723 0.00923075992559 0.0079356767291 0.00694781135347 0.00869751985849 0.00665643632175 -0.000644547827155 0.0101516276063 -0.0157336673387 0.0146960621936 0.0033395672544 0.00381783425758 0.0313448838875 0.0226614774022 0.0300298300809 0.0253477322843 0.0168571465786 0.0183151704687 0.00655650476291 0.0143669984267 0.0339770725395 0.014234224305 0.0129039169274 0.0123305226053 0.0159208052615 0.026011611736 0.0167540565147 -0.00417047917788 0.0198269959481 0.0534123998716 0.0661540973865 -0.000221282757445 0.0220430804002 -0.00484965581435 0.0298709146851 0.00873335406824 0.0310889326146 0.0206584601383 0.026085122985 -0.00936607811872 0.031112840128 0.00595155005836 0.0116818098185 0.0186028952082 0.0329166689541 0.0367114120845 0.0182272653966 0.00631325981407 0.0103531342603 0.0255929568317 0.0115436305519 0.0105804202965 0.00526084808974 0.00717882410586 0.000276317143122 0.0112576673903 0.0143015570511 0.0148422138038 0.0140590833817 0.013009982408 0.0120665241499 0.000562795876819 0.01275509738 0.00754989367981 6.53186434758e-05 0.0161442355072 0.0350787303457 0.0220574460446 0.0112406593495 -0.00472639255296 0.00803826806948 0.0214411515205 0.0264400064935 0.0107511741172 0.0189371511175 -0.00685736912264 0.0190111470788 0.0011511952496 
0.014144391233 0.0143297252632 0.00477462556226 -0.00162562804568 0.0120585474693 0.0159149451036 0.0146641863406 0.0254200838603 -0.00205487243175 0.0176113901589 0.021198876684 0.0160843466246 0.0153730092669 0.190892630699 -0.00108022417382 0.00174442948649 -0.00201230623494 0.0153562801546 0.0257006039947 0.00457877933604 0.000909936295547 0.00924106306392 0.00771204177049 0.0177054331781 -0.000891733941511 0.0101010244595 0.00847754019817 0.00474573352551 -0.000887814918862 0.0196169857567 0.0150952091027 0.00513205663488 0.0222197119492 0.00164845327155 0.015156017214 -0.0018008220788 0.0306848365978 0.0177889460506 0.0309328482083 0.0330342546741 0.0112951454866 0.00725865744105 0.00967953410924 0.0374293907178 0.0132608531444 0.00400158133056 0.0189025285995 0.00891084486768 0.0198425018948 0.0202091401234 0.0172996761448 0.0153660724915 0.0129346259396 0.00554973021738 0.0138095300823 -0.0028643701413 0.00878242621509 0.012958190014 0.0294755387359 0.00761029027565 0.0308629924062 0.00657200583052 0.0295835728965 0.0169323575231 0.0136245290964 0.0140361656031 0.0237162548835 0.00807006060625 -0.000865883405592 0.00359823108355 -0.00170302475787 0.0113690140877 0.0195853658696 0.0190818841034 0.00806662105088 0.00214799144047 0.0209837458994 0.00199190887434 0.0134756670149 0.019048913439 -0.00332234443976 0.0337413409709 0.012702833203 0.037078537122 0.0170357885592 0.0254613604757 0.0158069560556 0.0182628644183 0.0111712724156 0.00659359183699 0.00836850715822 0.00577897235604 0.0107737857374 0.0129336163769 0.0125844935083 0.0167994850449 0.00999231156256 0.00720157102062 0.0105575068142 0.0181726048242 
-0.00601860735229 0.012307150403 0.0289878414541 0.00562684456922 0.0086116402178 -0.00330072022358 0.0145829644154 0.0180218678532 0.0177739159189 0.00860741279398 0.0150243369466 0.0169414629877 0.0209087457299 -0.00108022417382 0.223495815872 0.0163412504198 0.0108750115422 0.00229331331252 0.0193482195313 0.00159260192112 0.0111156909231 0.0103883688936 0.0216176496111 0.00180917698379 0.0135544611093 0.015025164793 0.0148845685766 -0.00317389926006 0.00662292345592 -0.00226348563484 0.0150956741911 0.0247138431804 0.0130181115189 0.0161292425017 0.0165224295895 0.0048830107048 0.00385199469126 0.00864250652738 0.000234055653953 0.0212168975552 0.0255027393068 -0.00925494427183 0.00412881383092 -0.0063003217032 0.0182715161279 0.00876372246407 0.00584262587428 0.0158612448419 0.00847496738557 0.0158485728728 0.00645684682962 0.0264746370827 0.0158636456176 0.00760612023918 0.00257905800423 0.0157004757053 0.0244940293459 0.0126249016874 0.0105546957453 0.0062870331047 0.0368095315494 0.0065663418331 0.00316443081602 -0.00216806220422 0.026453775263 0.0155291956509 0.00877102742576 0.00814428223247 0.0093440470921 0.00609859808782 0.0129581645766 0.0193165708898 0.0127293763309 -0.00220357553999 0.0116551478986 0.00762032537372 0.012404877298 0.0217497237011 0.0068434059228 0.000738752294963 0.0151272846807 0.00920842031128 0.0136125058647 0.0115339339927 0.00893272872601 0.0118198179611 0.00379838542494 0.0143475609119 0.0090026819645 0.022036094478 0.00139464507061 0.00301072064878 0.0124393078604 0.0233529894612 0.0156285712021 -0.000684397186546 0.00401803180795 -0.0135880827121 -0.00251666188422 0.0335000482709 
0.0126043913648 0.022478915328 0.00493138457908 0.00836042294767 0.0119272512883 0.000840493913433 0.0103120253508 0.00818950844926 -0.0108248704616 -0.00822459818538 0.00463983892263 0.00649622467824 -0.004189185886 0.00174442948649 0.0163412504198 0.417191958103 0.0128095320242 -0.00240883133841 -0.00508979047479 0.00514599325894 0.0149567092396 0.00997257123866 0.00975173212151 0.019773326193 0.00587013929379 0.001380023509 -0.00124158251125 0.0100235345308 0.0149583710587 -0.00867914883944 -0.0120691387134 -0.00119131749664 0.00615349234233 -0.00852042149002 0.00172107832568 -0.0118378115535 -0.000760872002902 0.00235476977346 0.0170774885761 0.00889549795279 0.0241963126783 -0.00259534255315 0.00117990198205 0.0100203254431 0.00757795426056 0.065227114361 0.0240775556562 0.0330410023321 0.0111096660356 0.00725621965099 0.00613525000729 0.0270796165392 0.0296931638634 0.00478336432285 0.00947266798764 0.00540213575785 0.00920477086467 -0.0135444011802 0.00874984911693 0.0239004565364 -0.00220838226564 0.0157162200011 0.0241476567091 0.00714250629199 0.0068163388552 0.0203888348451 0.00922267196819 -0.00256364154793 -0.00187527680217 0.0102482459729 0.000796164085029 0.00745486608003 0.0151699797073 0.00551938744143 0.0042257350961 0.0284476330325 -0.00285682004936 0.0198828272803 0.012765379953 0.0102558194602 0.020253412076 0.00827745011243 0.0064086609775 0.00745364543805 0.0021516903203 0.0218722844421 0.0147363356665 -0.00548562654868 0.0251204825259 -0.000164493105793 0.012105986167 0.00406569880168 0.0137727007661 -0.00465513927989 -0.00489119619784 -0.00263461814986 0.0124739722137 -0.00173079344331 0.0216295039037 0.0145710809966 
-0.000706863125952 0.0190948628009 0.0236665932037 0.024751132248 0.00986406720002 -0.00288057900064 0.00279085286696 0.0113575874228 0.0224855457338 0.0102094313019 0.0273819456669 0.00688802729491 0.0458929055332 -0.00201230623494 0.0108750115422 0.0128095320242 0.282819860701 0.0115255073968 0.0115591862256 0.0116740422976 0.0165903306932 0.027821504398 0.00792374078599 0.00538721952958 0.00625477003772 0.0249668370044 0.00502136484825 0.00134931509467 0.0130192559223 -0.00604527566267 0.0175193619221 0.0134318420557 0.0157147184598 0.0102483103588 0.0243595601099 0.0119544458414 0.0304683796357 0.0123399674166 0.00771450537218 0.025589497967 0.0186092780208 0.0086796894512 0.00783193079505 0.000510550248265 0.016205175602 0.00396051110203 0.0227427696491 0.0213635339669 0.0190798077716 0.0106571591649 0.0178542860634 0.0283170469194 0.0253760246757 -0.00173185021409 0.024826138798 0.00639732135102 0.0338820885629 0.0290244657753 0.0195345216907 -0.0207619794588 0.027722603744 0.00369069685861 0.0183935928407 0.00780711863672 0.0114174173676 0.0143623209203 0.017815164459 0.0155841580245 0.00025592991261 0.0143700646585 0.014785715985 0.025776882051 0.0134486831265 0.00670274746169 0.0113598361663 0.00578643302635 0.00289490643258 0.0167957765054 0.0182434201239 0.00936256944374 0.0182107950461 -0.00314298680672 0.0111193831058 0.00964759110065 0.0089995065305 0.0109288737507 0.00263503932729 0.00195202411607 0.0721352637341 0.0428207341276 0.0245936902264 -0.0135444538685 0.0176671040185 0.00320521447101 0.00777585970781 0.0132535054661 0.0172374582758 0.0176627737145 0.0168142840816 0.0333418628099 
0.00972434271645 0.0132587166356 0.0131884803494 -0.0112443867453 0.0176817654886 -0.0148844853582 0.0102769662695 0.00330862717332 0.0116020478631 -0.00148453140191 0.00697541364002 0.0108936528792 0.00915461332016 0.0153562801546 0.00229331331252 -0.00240883133841 0.0115255073968 0.197934373825 0.0142863312639 0.00838215348885 0.0107875670531 0.00337592596756 -0.00206664006342 0.0151627498666 0.00447500290643 0.0395546677888 -0.00305633173712 0.0344399536615 0.000889971792494 0.0299163377691 0.0255806415082 -0.00814934847334 0.00501765657146 1.09869047826e-06 0.0203147527932 -0.00995934446569 0.0243071540782 0.00623068941995 0.014730941986 0.0153978145074 -0.000866383788471 0.0201321982085 0.014103090731 0.00669214961453 0.000559433064638 0.00169744557927 0.00779803761472 0.0103431768767 0.00620981131166 0.00159788589857 0.0291787100218 0.0218861474293 0.0133890251164 0.00744757776299 0.00284138657893 -0.00696105702803 0.0153384656618 0.00430627930876 0.00820269346304 -0.0115292184211 0.00903877160911 0.0095449967929 0.0107307178532 0.0179705393259 -0.00563182413345 0.0124791086808 0.00908477409734 0.0100640480653 0.00574075391604 0.0125019113842 0.00225905333976 0.00503623647721 0.0300553863511 0.0142109067207 0.0257518903192 0.00172882142078 -0.00177437563891 0.00717790637026 0.0075817246269 0.00482054206812 0.010374509789 0.0166596706419 -0.000346331742164 0.0192434095501 0.0319807599182 0.00204595023129 0.00482871523093 0.043438671273 0.0551173227995 0.0495325073819 -0.000135624731527 0.012770878256 0.0234022777208 0.00872297195978 0.00968994429968 0.00250948222671 0.00789015446183 0.00545887514922 0.0162125454007 0.00974694182565 
-0.0048807898789 0.0165386851204 -0.0093366646055 0.0111012896794 0.00926943942226 0.010634631315 -0.00145915611019 0.00300911013791 0.0131694329576 0.015523612412 -0.00497063992884 0.0104079904315 0.0150296446709 0.0257006039947 0.0193482195313 -0.00508979047479 0.0115591862256 0.0142863312639 0.459934325344 -0.00946205266222 -0.00921345709846 0.0321104988902 0.0011644016695 0.0120872439676 -0.000268975420674 0.00183508205097 0.0181624282199 -0.00232106869224 -0.00303736072235 0.0144426125933 0.00848006026143 0.0407675113524 -0.00222082166376 0.000995055838532 -0.00519275713582 0.00183156244294 0.000760234891615 0.0104109664555 0.0216638776074 0.0305368273293 0.00218604798898 -0.00374916162472 -0.00497075709899 0.0119476741551 0.00879350568837 0.000177694791277 -0.00164500413891 -0.024665581924 -0.00510466664446 -0.00505805154642 -0.0129057101325 0.029926254231 0.0176330355353 0.012229439296 0.0283351771907 0.00121687968501 -0.005243645631 -0.0105486235745 0.00599322563168 0.016041663106 0.0148830910427 0.00870611235218 0.00427820019647 -0.0101953500233 -0.0130095142896 0.0176996907738 0.0363701333063 0.0217420677441 0.0154557074525 0.0052048970855 0.0148400824556 0.00226502230576 0.00954186210526 0.0122460741885 0.000429177654956 0.00202251669659 -0.00485026985179 -0.000227136557541 -0.00202889015095 0.00745729178987 0.00414043822561 0.0104391719815 -0.00863607127889 0.00524516784695 0.0251711186021 0.00951278698009 0.0103290849317 0.0201539588972 -0.0136133846676 0.0124384957132 0.0115640693051 0.0296556275822 0.0303725591853 0.00882670079118 -0.00432004685122 -0.00414702050842 0.0069705330313 -0.00900612350715 0.00241839245429 -0.00424831187186 
0.0185029941056 0.0322968081364 0.0166786328001 0.013428889828 -0.00724968327743 0.00776153463906 0.00752602091245 0.0231839238293 0.00961994944481 -0.0026347722415 0.0147410788096 0.0103382041439 0.0262738544629 0.00457877933604 0.00159260192112 0.00514599325894 0.0116740422976 0.00838215348885 -0.00946205266222 0.176472832223 -0.000329847961986 0.0135634715308 0.0133854633109 0.016718758218 -0.00141167310167 -0.000795972821036 0.0045435686705 0.0060783600841 0.00648148718248 0.0219441704261 0.00793376485626 -0.00753743265543 0.0297797007217 0.0248677253884 0.00760375415475 0.0122685204102 0.0177747842938 0.00621157094187 0.00816291320725 0.0223126506558 0.0242191033377 0.00406611356306 0.00177265521337 -0.000848523311202 0.0258920608558 0.0219466407188 0.0202926179442 0.0132874156276 0.0146819243323 0.0217208574462 0.00712552872176 0.00370445453521 0.00513573640603 0.00797087880222 0.00445156430282 0.0221328018066 0.00982833443872 0.00610539327238 0.00626822012487 0.007593718331 0.0184297397897 0.00632159578038 0.0260382479822 0.00701109387198 0.0113451798541 -0.000693484129367 0.0146886149975 0.0136480217623 0.0313524416141 0.0234024251019 0.00432848805967 0.0240761908019 0.0176186212142 0.0143846853385 0.0174780575117 0.0121823435087 0.0123799591756 0.0391935423381 0.0126442862009 0.0139950518301 0.00241652545397 0.00956245741604 0.00225852992203 0.0128184699404 0.00109097077721 0.00113488610728 -0.00580279552208 0.00876286864256 0.0165670985161 0.0157812994939 0.00493215405973 -0.00418239492982 0.0103953884744 0.0103836592815 0.0192145542466 0.00761694748431 0.0180258430046 0.0120053270198 0.00381537258934 0.000122578196789 
0.011609774866 0.0127339795225 0.00643441857571 0.0327793432555 0.0254286967098 0.0144822521233 0.008408670016 0.0215577123445 0.0339762737453 0.0225743544767 0.0283037606633 -0.00515904760947 0.010819783008 0.000909936295548 0.0111156909231 0.0149567092396 0.0165903306932 0.0107875670531 -0.00921345709846 -0.000329847961986 0.55547436168 0.0374336539637 0.000609875300066 0.0116396953951 0.034765894979 0.00613489377139 0.00481512663754 0.00267948172852 -0.0112834393062 0.00442804388606 -0.00287010974519 0.0417942683618 -0.00761044696435 -0.00206060024264 0.000581185527481 0.00814301679284 0.00359685399423 0.00299903621983 0.00400433117547 -0.0148658643404 -0.00191015203503 -0.0324994818324 0.00219119562405 -0.000197710027514 0.0175787305989 0.00977574622263 0.0188685967992 0.0191548938024 0.0336257641027 -0.00242807912801 0.000221209696777 0.055213047276 0.00328125415903 0.00288206486866 -0.00861216524466 0.0222045985591 0.00686889973805 0.0293578125475 -0.00266681985415 -0.00305329974513 -0.001255433262 0.019957415149 0.0304639348392 -0.0193173431072 0.0214292788421 0.00223369745777 0.00959980933968 0.00835784576919 0.00522727086869 0.0137798601317 0.0118519365369 0.0180071217592 -0.0085026525424 0.00639473756575 0.00808623717338 0.0275298031864 -0.0109325784069 -0.00682347012954 -0.00189167006759 -0.00363077845292 -0.00286459161276 0.0121386804399 0.0244088831437 0.00404867250442 -0.00489674498772 0.00855750142192 0.0148620323235 0.0120531966231 0.0168902410464 0.00709348637336 0.0176942609285 0.0154591863075 0.0110166363491 0.0203205112757 -0.00268949208356 0.00409840801783 0.0157464042669 0.00519765376457 0.0201281126113 0.0336108610595 
0.00264421097754 0.0116703316657 0.00277746525001 0.00989305814955 0.0243598622138 0.00280695365837 0.00584689200699 0.0119609553903 0.0201326821762 0.0156328628086 0.0210530563195 0.0153143526699 0.0128850524561 0.00924106306392 0.0103883688936 0.00997257123866 0.027821504398 0.00337592596756 0.0321104988902 0.0135634715308 0.0374336539637 0.225334761699 0.0106588475775 0.0205006536627 0.00392667036403 -0.00481697134888 0.0151378758609 -0.00184336994546 0.00625205419202 -0.00961380378943 0.0307861836036 0.0105674299412 0.0100001564997 0.00541802313684 0.00821616008711 -0.00275243818026 -0.00294688851617 0.0186909748153 0.0164060813682 0.0283529505441 0.0243902442195 0.00179697156884 0.0187610552047 0.0239584125091 0.016941401084 0.0149138788602 0.0256815846029 0.0068555596894 0.00563591739499 0.0143616137227 0.00934447590699 0.0245636972969 0.0266895628268 0.00917975945676 0.00591846887395 0.00666185220879 0.0115174154676 0.0250495624956 0.0220106168471 0.00237068251913 0.0189262598064 0.00770467539755 0.00534520739303 0.0228352728181 0.0196638872621 0.0096766272006 0.0112309310449 0.00774419526894 0.0218590057727 0.00239514912412 0.042268286652 0.0155872879839 0.0195928275444 -0.00905712544147 -0.00379542774188 0.0138979891051 0.0105292646664 0.0313176423551 0.00844074465657 0.000274435998865 0.0058861408211 -0.000975517830682 -0.0024020045219 0.014295895354 0.00783192381206 -0.00674052267803 9.3035557568e-05 -0.000345263635312 5.75012917811e-05 0.0228995342144 0.0412909082205 0.0156338958341 0.0218666827838 0.0181380080664 0.010548420175 0.0197107743554 0.0131197160814 0.0117974977161 0.0122390425306 0.00187893788321 
0.00110766788616 0.00811036427555 0.00774486469971 0.00173465578457 0.00287725138677 0.00212723415255 0.000562976082936 0.00267793961188 0.00113909319097 0.00792539466512 -0.00151196891776 -0.00213827922728 0.0088592047723 0.00771204177049 0.0216176496111 0.00975173212151 0.00792374078599 -0.00206664006342 0.0011644016695 0.0133854633109 0.000609875300066 0.0106588475775 0.199759161555 0.00648340802553 0.00507231993382 0.0116134282751 0.0102486517273 -0.00027591052237 0.00684472691664 0.0033174679183 -0.00486802571943 -0.0116522178299 0.00278330698224 0.00640918064352 0.0176754763271 0.017309436981 0.0286213102435 0.010566008661 0.00567659063009 -0.00447281443298 0.0133547373062 -0.0124821806447 -0.00183731294993 0.000956228738089 0.0310065476643 -0.00231747699835 0.0140239560502 0.0107404240842 -0.00453419895634 0.00941896990322 0.0164610018548 0.00806140534202 0.0197791448395 0.0132626634284 0.00442615599377 -0.00192909724143 0.0215938677492 -0.0198643632894 0.00620851381301 -0.0109467851568 0.00383167591756 0.0134625396891 -0.00393323301031 -0.00284397514182 -0.00174573747908 0.0160712367065 0.0164583513917 -0.00177241527018 0.0101763699479 0.0222434751772 -0.00242663223425 0.00172662778392 0.0241827991299 0.0572076003673 0.0150596392154 0.0115409190753 0.00964248078612 0.0148987968822 0.0199198435567 0.00705342366008 0.0110953917177 0.00278783726508 0.037988595634 0.00919700311155 0.00530858779252 0.00600979953146 0.000366532070397 0.00158895789477 -0.0073206366054 -0.00559852913663 -0.0040005778952 -0.0269448256243 0.0128486474433 0.0138603735108 0.00892354220541 0.00829854620243 0.00710402364291 0.00472016281553 0.00348104037451 0.0182273702658 
