30
0.0253746335001 0.093312473985 0.163811268696 0.135299445153 0.138528932385 0.0297209295042 0.0272696759741 0.0299059053764 0.0131635076039 0.0231907610599 0.142835786571 0.0439476996979 0.118814959333 0.0375994121509 0.0414012394119 0.0820701074714 0.0223320424584 0.0514292405054 0.0220926651793 0.0355019489908 0.0335319673985 0.200970993098 0.0459594094694 0.13159191543 0.0373994541978 0.044891801276 0.0304536481296 0.0218855159469 0.0240188564254 0.0766878163077 
0.286691758756 0.0286756174351 -0.00817388344782 0.024238771877 0.0108689631887 0.0115434922922 0.0205202696677 0.0120122606272 0.0128130682507 0.00754236854252 0.0157486256814 0.0134769386844 0.0420528627925 0.0115777138621 0.0111067967799 0.00364834049654 -0.00746442090283 0.0358374007227 0.00899697914023 0.0239863871168 0.0242021977366 0.0169456535937 0.0164449254157 0.0173873455857 0.031755552155 0.00908640030385 0.0242731731751 0.00387908622561 0.0230123476253 0.0582388015951 
0.0286756174351 0.383583807665 0.00972998550031 0.203773282616 -0.00966566152362 -0.00466686742099 0.0100733081271 -0.00471723483616 0.0153008684155 -0.0106746564358 0.00680842613024 0.0132346615999 0.0258897700012 0.013276106647 -0.00161990643254 0.00785802343895 -0.00130542837369 0.0217131225989 0.022389475776 0.0194788355887 0.0247728287003 0.008355940581 0.0243099012758 0.180449839833 0.0335178819147 0.0197468568058 0.00784893946812 0.00487058101534 0.00978087686641 0.00845368760287 
-0.00817388344782 0.00972998550031 1.37157179756 -0.00277884800043 -0.0216990984792 0.000181761315177 -0.00554023203415 -0.00574721934292 -0.00220984898344 0.00599917635151 0.00525004137641 -0.00553509057081 0.00992706383642 0.0214000330948 0.00441835197222 -0.000136977376127 0.000395068220588 0.00442153569195 -0.00941693819195 0.00794416789483 -0.00227946198772 -0.0165927649871 0.0213511632169 0.00362222091632 0.000876372403528 0.0176842539415 0.00986961747732 -0.00660409367339 0.0103119273285 0.00882627965915 
0.024238771877 0.203773282616 -0.00277884800043 0.480591795341 -0.0125566515921 0.00175871628775 0.0138668919618 0.00328036054683 0.0220957586714 0.0112459956494 0.0075411824349 0.00852258574332 0.0405262970275 0.000159347354389 0.0277215640911 0.00956754132422 0.00151722521153 0.0324138254667 0.0275067547992 0.0211105061754 0.0201191230328 0.0126184925228 0.00573978642905 0.232153134068 0.0160543765698 0.0472229462099 0.019989825842 0.0127716300831 0.0181345251046 0.0388578153541 
0.0108689631887 -0.00966566152362 -0.0216990984792 -0.0125566515921 1.00615445703 0.00459747215856 0.0223137624251 0.00891908854813 0.00657833063333 0.0156894793995 0.0385676574761 0.00822437213747 0.0478796809483 0.00900118864683 0.0164279977728 0.0250656520362 -0.0125349834825 0.0182273171588 0.0213427758264 0.0189156652338 0.0265989349294 0.0185879728719 0.0208467990205 0.0167339700637 0.0247447293089 0.0215489240662 0.0103203367055 0.0116335046841 0.0292595758622 0.0360081157172 
0.0115434922922 -0.00466686742099 0.000181761315177 0.00175871628775 0.00459747215856 0.216629711725 0.000144566141885 0.0255349479471 0.0076228348185 0.00907720882937 0.000802225853155 0.00772501334923 0.0052879357815 0.00905708801292 0.00742576179585 0.00859469073833 -0.00675595569246 0.00638203851944 0.00326468462692 0.0159871440178 -0.000646848561955 -0.0137761272541 0.0258663482086 -0.0022360376102 0.0176850021444 0.0571960215915 0.013394859609 0.010571100795 0.00915003198383 0.01027138507 
0.0205202696677 0.0100733081271 -0.00554023203415 0.0138668919618 0.0223137624251 0.000144566141885 0.148131839095 0.0147502324475 0.0213808605977 0.0176450138435 0.0103425023833 0.00214465420597 0.0122672314856 0.0148537290378 0.00936608496304 0.0173278744679 0.0126834791834 0.0247542984966 0.0125897382275 0.0290175686946 0.0362817853575 0.00269190675688 0.014549745265 0.0182657327517 0.0230984901058 0.0204286706187 0.0201942594855 0.00692886532682 0.0253940075503 0.0467546440191 
0.0120122606272 -0.00471723483616 -0.00574721934292 0.00328036054683 0.00891908854813 0.0255349479471 0.0147502324475 0.272402543428 0.0100546290554 0.0490383673876 0.00165054606145 0.0160166246558 -2.6606961159e-05 0.0171727281751 0.0183018852267 0.0132959403603 0.0074799498498 0.0254491774283 0.00870901958916 0.0217596271416 0.0248995713085 0.00995538975163 0.0461100423104 0.0240277739972 0.0287669773761 0.0289368252823 0.0267160361059 0.0211191497829 0.0214357217196 0.0182657140691 
0.0128130682507 0.0153008684155 -0.00220984898344 0.0220957586714 0.00657833063333 0.0076228348185 0.0213808605977 0.0100546290554 0.162303875043 0.0091701237088 0.0160940691749 -0.00548350281997 0.0128935369813 0.012520815415 0.013282657057 -0.0048820340512 0.00745457164674 0.0321146405948 0.0519229129149 0.00601170636752 0.00451760599135 0.0109141381001 0.0129815171465 0.0287524306528 0.013649540333 0.00922217502008 0.0371820246669 0.00837779222661 0.00193161656509 0.00940954086747 
0.00754236854252 -0.0106746564358 0.00599917635151 0.0112459956494 0.0156894793995 0.00907720882937 0.0176450138435 0.0490383673876 0.0091701237088 0.232392395212 0.00641777168756 0.0138860482703 -0.00734165700007 0.0240524036891 0.010804808319 0.0295386675965 0.00414306276077 0.0182978497869 0.0118411716265 0.0123872675391 0.0089254956701 -0.00135393486139 0.0482100661015 0.014124735779 0.0105252533141 0.0156978838657 0.0195776671213 0.00702577775838 0.0196983989908 0.0252099044631 
0.0157486256814 0.00680842613024 0.00525004137641 0.0075411824349 0.0385676574761 0.000802225853155 0.0103425023833 0.00165054606145 0.0160940691749 0.00641777168756 1.25486161903 0.0255467562298 0.00911094143552 -0.00103986245704 0.000831794842029 -0.00247547545668 0.00724806708496 0.00310467285737 0.00930346442653 0.0128127234783 0.00504959560851 -0.0254332364479 0.005262437081 0.00715245489233 0.00574151992434 0.00142157906478 0.00377830336333 0.00794231902539 0.00296098468464 0.017733840339 
0.0134769386844 0.0132346615999 -0.00553509057081 0.00852258574332 0.00822437213747 0.00772501334923 0.00214465420597 0.0160166246558 -0.00548350281997 0.0138860482703 0.0255467562298 0.19118977514 0.0160108091847 0.0139433759416 0.00739648428315 0.00757185772735 0.0063811729759 0.00968145712995 0.00540329379146 0.00368372065677 0.0159321332006 0.0200543010967 0.00316388151876 0.0152110264202 0.017504555019 0.00537929235686 0.00119038127639 0.010074214877 0.0226973681604 0.0169742413056 
0.0420528627925 0.0258897700012 0.00992706383642 0.0405262970275 0.0478796809483 0.0052879357815 0.0122672314856 -2.66069611594e-05 0.0128935369813 -0.00734165700007 0.00911094143552 0.0160108091847 0.507221868171 0.00308141621421 0.021900912911 0.030989120068 0.0104020880141 0.0334786809457 0.0148938468014 0.0149609071377 0.0170439620064 0.0362654758883 0.0128451546321 0.0459294179114 0.0158967893216 0.0135612944753 0.0230635462472 -0.00244156879452 0.016756522699 0.0636193405696 
0.0115777138621 0.013276106647 0.0214000330948 0.000159347354389 0.00900118864683 0.00905708801292 0.0148537290378 0.0171727281751 0.012520815415 0.0240524036891 -0.00103986245704 0.0139433759416 0.00308141621421 0.270999393593 0.0193404460236 0.0058812899082 0.0163915999643 0.0215738029999 0.0144127032792 0.012454120801 0.0146764881439 0.0242023275561 0.0167399315703 0.000485514126466 0.0126712614743 0.0219989641653 0.0245430883087 0.0131981739216 0.00622555469197 0.0111182582053 
0.0111067967799 -0.00161990643254 0.00441835197222 0.0277215640911 0.0164279977728 0.00742576179585 0.00936608496304 0.0183018852267 0.013282657057 0.010804808319 0.000831794842029 0.00739648428315 0.021900912911 0.0193404460236 0.248706099827 0.00709760351406 -0.0012532332544 0.024531231276 0.0130520031933 0.0140783843286 0.0132921988326 0.0135105421585 0.0167795422511 0.0269843053562 0.0217481171773 0.020742662945 0.0389383114158 0.016039337755 0.0230731410038 0.015166316917 
0.00364834049654 0.00785802343895 -0.000136977376127 0.00956754132422 0.0250656520362 0.00859469073833 0.0173278744679 0.0132959403603 -0.0048820340512 0.0295386675965 -0.00247547545668 0.00757185772735 0.030989120068 0.0058812899082 0.00709760351406 0.48954720338 -0.00209955361183 0.0380880903152 -0.00166814291097 0.0181559200773 0.0306797447186 -0.0253332700204 0.0369750024081 0.0395056346257 0.061962993365 0.0220847229927 0.029543176676 0.00473913477371 0.0119692262586 0.0505629640132 
-0.00746442090283 -0.00130542837369 0.000395068220588 0.00151722521153 -0.0125349834825 -0.00675595569246 0.0126834791834 0.0074799498498 0.00745457164674 0.00414306276077 0.00724806708496 0.0063811729759 0.0104020880141 0.0163915999643 -0.0012532332544 -0.00209955361183 0.208697592242 0.0159849199869 0.0101855813678 0.0179408820157 0.0168057448016 0.0177058606438 0.000487243419211 0.00424186372814 0.0151898003101 0.0180902216143 0.0049791837705 0.0112061643018 0.0121629477407 0.00593837768125 
0.0358374007227 0.0217131225989 0.00442153569195 0.0324138254667 0.0182273171588 0.00638203851944 0.0247542984966 0.0254491774283 0.0321146405948 0.0182978497869 0.00310467285737 0.00968145712995 0.0334786809457 0.0215738029999 0.024531231276 0.0380880903152 0.0159849199869 0.216089123472 0.02333471547 0.00810540238367 0.040475252894 0.0328840793253 0.0297753291035 0.0426285563787 0.0296899721655 0.0238525316988 0.0352764248152 0.00973480956472 0.0332303408463 0.0440127080637 
0.00899697914023 0.022389475776 -0.00941693819195 0.0275067547992 0.0213427758264 0.00326468462692 0.0125897382275 0.00870901958916 0.0519229129149 0.0118411716265 0.00930346442653 0.00540329379146 0.0148938468014 0.0144127032792 0.0130520031933 -0.00166814291097 0.0101855813678 0.02333471547 0.235926468433 0.0100593516311 0.0145660163269 0.0202955022487 0.00359112959715 0.0237263460475 0.0133276173495 0.00628178394222 0.0239222081596 0.00404949974782 0.00835794618437 0.00651893892999 
0.0239863871168 0.0194788355887 0.00794416789483 0.0211105061754 0.0189156652338 0.0159871440178 0.0290175686946 0.0217596271416 0.00601170636752 0.0123872675391 0.0128127234783 0.00368372065677 0.0149609071377 0.012454120801 0.0140783843286 0.0181559200773 0.0179408820157 0.00810540238367 0.0100593516311 0.315256752923 0.0307798299337 0.0498440635454 0.0318020703689 0.0204776754066 0.018264017279 0.0167284306992 0.015094824807 0.00175190723811 0.0114499457144 0.0390406570745 
0.0242021977366 0.0247728287003 -0.00227946198772 0.0201191230328 0.0265989349294 -0.000646848561955 0.0362817853575 0.0248995713085 0.00451760599135 0.0089254956701 0.00504959560851 0.0159321332006 0.0170439620064 0.0146764881439 0.0132921988326 0.0306797447186 0.0168057448016 0.040475252894 0.0145660163269 0.0307798299337 0.223927342807 0.0139087290168 0.0431212611936 0.0392262256962 0.0320176245644 0.0386879184882 0.0224358739637 0.0128848515484 0.0371779624143 0.0410463080173 
0.0169456535937 0.008355940581 -0.0165927649871 0.0126184925228 0.0185879728719 -0.0137761272541 0.00269190675688 0.00995538975163 0.0109141381001 -0.00135393486139 -0.0254332364479 0.0200543010967 0.0362654758883 0.0242023275561 0.0135105421585 -0.0253332700204 0.0177058606438 0.0328840793253 0.0202955022487 0.0498440635454 0.0139087290168 0.927280694483 0.0195555105493 0.000292444397138 -0.000137908500186 0.00884279271475 0.02680897818 0.00688590270357 0.0544035040675 0.0183408042391 
0.0164449254157 0.0243099012758 0.0213511632169 0.00573978642905 0.0208467990205 0.0258663482086 0.014549745265 0.0461100423104 0.0129815171465 0.0482100661015 0.005262437081 0.00316388151876 0.0128451546321 0.0167399315703 0.0167795422511 0.0369750024081 0.000487243419211 0.0297753291035 0.00359112959715 0.0318020703689 0.0431212611936 0.0195555105493 0.352529673436 0.0162378761637 0.0121525756365 0.0260565253452 0.0342394371999 0.00484377577214 0.0339261085849 0.0567536817038 
0.0173873455857 0.180449839833 0.00362222091632 0.232153134068 0.0167339700637 -0.0022360376102 0.0182657327517 0.0240277739972 0.0287524306528 0.014124735779 0.00715245489233 0.0152110264202 0.0459294179114 0.000485514126466 0.0269843053562 0.0395056346257 0.00424186372814 0.0426285563787 0.0237263460475 0.0204776754066 0.0392262256962 0.000292444397137 0.0162378761637 0.485650168338 0.0106558195436 0.0429134213522 0.0142075963634 0.00532586452256 0.0264806986408 0.069013823258 
0.031755552155 0.0335178819147 0.000876372403528 0.0160543765698 0.0247447293089 0.0176850021444 0.0230984901058 0.0287669773761 0.013649540333 0.0105252533141 0.00574151992434 0.017504555019 0.0158967893216 0.0126712614743 0.0217481171773 0.061962993365 0.0151898003101 0.0296899721655 0.0133276173495 0.018264017279 0.0320176245644 -0.000137908500186 0.0121525756365 0.0106558195436 0.317364357894 0.0435077775607 0.0287715887341 0.0115125901542 0.0349555752541 0.00894638879238 
0.00908640030385 0.0197468568058 0.0176842539415 0.0472229462099 0.0215489240662 0.0571960215915 0.0204286706187 0.0289368252823 0.00922217502008 0.0156978838657 0.00142157906478 0.00537929235686 0.0135612944753 0.0219989641653 0.020742662945 0.0220847229927 0.0180902216143 0.0238525316988 0.00628178394222 0.0167284306992 0.0386879184882 0.00884279271475 0.0260565253452 0.0429134213522 0.0435077775607 0.33911692045 0.0310267534023 0.00487342580777 0.0365931472558 0.032833062777 
0.0242731731751 0.00784893946812 0.00986961747732 0.019989825842 0.0103203367055 0.013394859609 0.0201942594855 0.0267160361059 0.0371820246669 0.0195776671213 0.00377830336333 0.00119038127639 0.0230635462472 0.0245430883087 0.0389383114158 0.029543176676 0.0049791837705 0.0352764248152 0.0239222081596 0.015094824807 0.0224358739637 0.02680897818 0.0342394371999 0.0142075963634 0.0287715887341 0.0310267534023 0.225690479613 0.0106420885433 0.0220342435618 0.0273718236373 
0.00387908622561 0.00487058101534 -0.00660409367339 0.0127716300831 0.0116335046841 0.010571100795 0.00692886532682 0.0211191497829 0.00837779222661 0.00702577775838 0.00794231902539 0.010074214877 -0.00244156879452 0.0131981739216 0.016039337755 0.00473913477371 0.0112061643018 0.00973480956472 0.00404949974782 0.00175190723811 0.0128848515484 0.00688590270357 0.00484377577214 0.00532586452256 0.0115125901542 0.00487342580777 0.0106420885433 0.166510424035 0.00918794116493 0.00476272465588 
0.0230123476253 0.00978087686641 0.0103119273285 0.0181345251046 0.0292595758622 0.00915003198383 0.0253940075503 0.0214357217196 0.00193161656509 0.0196983989908 0.00296098468464 0.0226973681604 0.016756522699 0.00622555469197 0.0230731410038 0.0119692262586 0.0121629477407 0.0332303408463 0.00835794618437 0.0114499457144 0.0371779624143 0.0544035040675 0.0339261085849 0.0264806986408 0.0349555752541 0.0365931472558 0.0220342435618 0.00918794116493 0.193270691588 0.0399594943632 
0.0582388015951 0.00845368760287 0.00882627965915 0.0388578153541 0.0360081157172 0.01027138507 0.0467546440191 0.0182657140691 0.00940954086747 0.0252099044631 0.017733840339 0.0169742413056 0.0636193405696 0.0111182582053 0.015166316917 0.0505629640132 0.00593837768125 0.0440127080637 0.00651893892999 0.0390406570745 0.0410463080173 0.0183408042391 0.0567536817038 0.069013823258 0.00894638879238 0.032833062777 0.0273718236373 0.00476272465588 0.0399594943632 0.464341765853 

['CA', 'NBR', 'ESRX', 'BJS', 'SHLD', 'TAP', 'SIAL', 'XL', 'AEE', 'ALL', 'THC', 'LH', 'SUNW', 'ACV', 'EOP', 'SBUX', 'CAG', 'MER', 'CMS', 'FISV', 'ETN', 'GM', 'MBI', 'RDC', 'GPS', 'LEG', 'FHN', 'GIS', 'PPG', 'KLAC']