50
0.0206012582373 0.0672535079153 0.022286409141 0.0353466838873 0.0255121646837 0.110625092132 0.0559384191954 0.0441448787565 0.0787213758152 0.0773240107923 0.0766878163077 0.0246645675501 0.0448147494519 0.0434942638749 0.029419367 0.0253746335001 0.0125032911957 0.0512444991133 0.0361599942098 0.0115927538848 0.090319564185 0.005148759701 0.00361039022472 0.0420146984796 0.025657065471 0.039859092222 0.0380288664812 0.0378384564622 0.0285507317948 0.0565521495323 0.0511846892664 0.0486664598358 0.153319254475 0.163811268696 0.0179151897049 0.0791308905459 0.0223482457603 0.0348828940045 0.0215013837744 0.360667625942 0.0522856391002 0.0211692002509 0.0331056926512 0.0276848810082 0.0711634289065 0.0843714281037 0.0831725949645 0.0231877092109 0.0265727047954 0.0256345374975 
0.181831127572 -0.000547268980696 0.00719915310813 0.0106440061049 0.00789327125532 0.0291006131666 0.00177342648114 0.0131137048553 0.0323675697627 0.0302962203459 0.0304261551395 0.0141615932285 0.0113546373085 0.0238646564155 0.0021593760956 0.0246671855757 0.011666150165 0.0155447850318 0.00324499304823 0.0176016400966 0.020485537956 0.00577429263478 0.0117475762161 0.0110827090159 0.0306678513322 0.0218701912852 0.0204106569458 0.0130017540123 0.019511467281 0.00669927447459 0.00804045851875 0.00310884582012 0.0125469328461 0.011993364845 0.014727892039 0.00280722876279 0.0079874832935 0.0369998581874 0.0241745263445 0.0274523154237 0.0409352062006 -0.000166661275941 0.0179596339776 0.00735033779581 0.0017636198201 -0.000638518553912 0.0116743222652 0.0171141128945 0.0180862218341 0.0141541371709 
-0.000547268980697 0.336947749572 0.0112185845923 0.0191094457751 0.0112600871116 0.0378868681089 0.0332849301733 0.0375052674164 -0.0029653641901 0.0553992819066 0.0310557903474 0.0168621841496 0.00283003706851 0.0498675896993 0.0156785910468 0.0164987532367 0.0499248252487 0.0270846131827 0.0137176752723 0.0133249413877 0.028859392528 0.000503187420713 0.0163443910856 0.0108578955929 0.0195502174064 0.00816523907971 0.0315034972389 -0.00321386408282 0.0259772199719 0.0251370154062 0.0086661236594 0.0171312596616 0.0504199952218 -0.0191222498733 0.0165655977218 0.012200994477 0.0203173708094 0.00987496196611 0.026336061086 0.0335790572637 0.016450486421 0.0121205919881 0.0401056734284 0.0282529895716 -0.00791552086929 0.039858703835 0.0191253708413 0.000946310193148 0.0114081664616 0.017095549445 
0.00719915310813 0.0112185845923 0.245296551175 0.00523320994509 -5.67272724998e-06 0.00956067254049 -0.00182917506823 0.0026041779294 0.000522339310684 0.0351090357701 0.00469184908247 0.000781391408264 0.00504929968766 0.00520869905369 0.0106883388237 0.00673569469799 0.0138180567343 0.00634555478725 0.0111370456229 -0.00482685131916 0.00955964623154 0.00556244142276 0.00516051853203 0.000748518121877 0.00287340428488 0.0177608052222 0.0118938251637 -0.00115024472512 0.0183377783932 0.0041354341671 0.00305349637297 0.0103515141636 0.0121522935796 -0.0157800232678 0.00255401133953 0.016502271772 0.00845916135327 0.00752704314464 0.0179709464422 0.00793748495161 -0.0049250440989 0.00189980449072 -0.00269249593158 0.0198984027544 -0.000707680351719 0.012066847626 0.0131863496119 0.00590242176799 -0.00166174222323 0.00613489483649 
0.0106440061049 0.0191094457751 0.00523320994509 0.261516482021 0.00993042009955 0.0142966999543 0.0155961102531 0.0339165926718 0.00451911554183 0.0149908201273 0.0116885475919 0.0436174436943 0.0146827132135 0.0104594810801 0.0226376107709 0.0231181095117 0.012858449682 0.0258084991419 0.0251596454774 0.0156701496789 0.0270016149023 0.00761373003399 0.0161751282987 0.0115401492627 0.0622672961696 0.0165513280878 0.0197825462456 0.00676526387645 0.00934567750964 0.0111631055109 0.00555251927843 2.8832532452e-05 0.0257530317711 0.00497602241229 0.00508480472111 0.00964136047114 0.0201472916013 0.0102631198861 0.0127116022437 0.00341959046375 0.0176736369527 0.00257929633859 0.0137353796305 0.0256659713698 0.0149467245971 -0.0017757693296 0.0120551414275 0.000609456261315 0.0129676797995 0.00567558786239 
0.00789327125532 0.0112600871116 -5.67272725004e-06 0.00993042009955 0.160615112625 0.021938860232 0.00895463070689 0.0226509827371 0.000449590974849 0.0246958000345 0.0194325046063 0.0257461938321 0.00588076141137 0.0161025636211 0.0220704225417 0.00207592627757 0.0164944926077 0.0065674804074 0.00584367785079 0.0110520331054 0.00407020609593 0.00652874683731 0.0218475667324 0.0265747905529 0.0178799337871 0.00576317976115 0.00711180551633 0.00674756870356 0.00275504606993 0.0217610345099 0.00379061571111 0.0218375065678 0.0208959587542 0.00992753198627 0.0215947958688 0.0169195577851 0.0262493527882 0.004055881359 0.0116093889828 0.0184196568136 0.00827144388455 0.0135723392116 0.0159938431315 0.0148112831872 0.000776592869501 0.004922417587 0.0116564857513 0.0149125639009 0.0280337962329 0.00356452531464 
0.0291006131666 0.0378868681089 0.00956067254049 0.0142966999543 0.021938860232 0.572815447625 -0.00458423831878 0.0273003733653 0.0141272627521 0.0454406647428 0.0527590279377 0.00576547870333 0.0123633318986 0.0382829098982 0.0047282101387 0.053257525492 0.0137864907551 0.0166999028367 0.00366550803826 0.0126316816577 0.0443277884217 0.0264752235318 0.0214529255033 0.0103748860859 0.0144265635473 0.0156936682969 0.0176712342567 0.00459640755844 0.010011123893 0.0322989689822 0.0395043791358 0.0312527878024 0.0468336018015 0.0487771805744 0.0153693076793 0.00263539370366 0.00995292125338 0.0323017271338 0.0185018535356 0.0191185497291 0.020848393694 0.0227445289914 0.00606280576896 0.0168920278044 0.0185364209353 0.0359121824841 0.032306365858 0.0146360756126 0.022225609234 0.00466044705245 
0.00177342648114 0.0332849301733 -0.00182917506823 0.0155961102531 0.00895463070689 -0.00458423831878 0.230339620646 0.0144051745533 0.00182784362884 0.0120012675448 0.0178104193199 0.00823441466207 0.0138381143668 0.0356789244758 0.0085984091186 0.0227148452302 0.0305349574507 0.0236355028805 0.00916354485535 0.00221745455095 0.0378157681817 0.0210713300462 0.00469129900791 0.0124179778519 0.017122503899 0.000440822669412 0.011865571762 0.00033284265117 0.0135006617821 0.0335698322123 0.0192001819986 0.0150050296186 0.0309777311099 0.00497933911292 -0.00597785431227 0.0184689813105 0.0171400224217 0.0167483303149 0.00854744383461 0.031901904882 0.0173507217299 0.00469702378585 0.00577321464554 0.0198377480633 0.00211242225797 0.0339284829178 0.00551005619998 0.0081004068583 0.00391006503076 0.0128506782833 
0.0131137048553 0.0375052674164 0.0026041779294 0.0339165926718 0.0226509827371 0.0273003733653 0.0144051745533 0.240416077806 0.0180497353669 0.0467804631886 0.0443219704578 0.0420552757973 0.0112411969354 0.0422682558526 0.0184541234947 0.0139208971626 0.0036518106948 0.0269813909674 0.0237201505224 0.0225123555324 0.0208635998948 0.0135449253858 0.005414335067 0.0128058959884 0.0487262837506 0.0294590703926 0.023237355414 0.0145248119871 0.00132779571257 0.0234714211753 0.0119477293968 0.0253753060182 0.0415297133509 0.00442625116433 0.00453795782328 7.78909929435e-05 0.0436128250611 0.0209781182462 0.0259843392112 0.0285994805863 0.0339065358162 0.0188109684927 0.0425335645344 0.0295992916206 0.00789867940606 0.0464782190696 0.0204430871061 0.00140898994147 0.0274352251194 0.0127687515185 
0.0323675697627 -0.0029653641901 0.000522339310684 0.00451911554183 0.000449590974849 0.0141272627521 0.00182784362884 0.0180497353669 0.381829846528 0.0426419826946 0.0151298327366 0.0113517056557 -0.00360775866732 0.0225915242753 0.0364737286739 0.0076524632126 -0.0223673075664 0.0360421073059 0.0380240912239 0.00725480215547 -0.00363657417029 -0.00623913582848 0.000130526957588 0.0455044670863 0.00680608303882 0.0343405922955 -0.00326199307699 0.0320253675474 0.00345507417172 0.0145584455593 0.0183698065922 0.0184771898683 0.00847166551629 -0.0108584843971 0.00966499258691 0.0161094129762 0.0123730145504 0.0372356196792 0.00613570034881 0.0390189627272 0.0639110301486 0.00727893566859 0.054751918881 0.00508233413546 0.00968629706841 -0.00971816501843 0.0285818221557 0.00452592895046 0.00510575916952 0.0098237497554 
0.0302962203459 0.0553992819066 0.0351090357701 0.0149908201273 0.0246958000345 0.0454406647428 0.0120012675448 0.0467804631886 0.0426419826946 0.461032522092 0.0555737927978 0.0314469470173 0.0178758242428 0.0804277591403 0.015973384439 0.021141944711 0.0386751141314 0.0318251625029 0.0328696241326 0.0216167001746 0.0417522580878 0.0197078506665 0.0249705685221 0.0383158645301 0.0457347393197 0.0668053667162 0.0457227525426 0.0211924335452 0.0322374889128 0.011989025057 0.0240820910011 0.00903141285409 0.0694442696424 0.0064870983846 0.0271423296173 0.0154442644633 0.0411219960425 0.0181074683579 0.0206649346265 0.039382101666 0.0470274273029 0.0121221311278 0.0323083486129 0.0355094445566 0.0205689037469 0.0220075566271 0.0774463715332 -0.0011833253056 0.028390759922 0.00301633882262 
0.0304261551395 0.0310557903474 0.00469184908247 0.0116885475919 0.0194325046063 0.0527590279377 0.0178104193199 0.0443219704578 0.0151298327366 0.0555737927978 0.438405468801 0.0160663603026 0.003787349753 0.0412594575435 0.00116205612761 0.0520575473818 0.00395530100201 0.0327272751788 0.00774013696781 0.0201477419013 0.0191282751259 0.000500179418498 0.0234417734968 0.0249330515895 0.0212819596641 0.0157165678036 0.104143872229 0.0234553897792 0.00878942775161 0.0359606738637 0.0343564965137 0.0183680716942 0.0745124872667 0.00727738904621 0.00302063056788 0.0144063718797 0.000528748665423 0.0374827122805 0.0793849045639 0.078293398044 0.0222646888851 0.0191001010642 0.0156403229485 0.0220083045292 0.0149747953977 0.0343947082264 0.0324787251165 0.0168633606974 0.00316250353588 0.0129563121383 
0.0141615932285 0.0168621841496 0.000781391408264 0.0436174436943 0.0257461938321 0.00576547870333 0.00823441466207 0.0420552757973 0.0113517056557 0.0314469470173 0.0160663603026 0.156774852446 0.00906987623967 0.01959860188 0.0110671117516 0.00702292654869 0.0216206094438 0.011589583127 0.0157103179065 0.0080381339679 0.0177858331038 0.00809805711869 0.00930674220074 0.0145356874124 0.0590241743132 0.0236611814645 0.0176503479953 0.0146817544883 0.0100044583382 0.0148190982611 -0.0127586882049 0.00770214242611 0.0288637341745 0.0123620539056 0.0117960660454 0.00593852005455 0.0398815247127 0.00146699543475 0.0213789946158 0.0176273529914 0.0177834442192 0.0181070157703 0.0153684286298 0.020214239783 0.0125316552371 0.00608240027539 0.0297670557115 0.00115371069177 0.0278134103035 0.0202437382134 
0.0113546373085 0.00283003706851 0.00504929968766 0.0146827132135 0.00588076141137 0.0123633318986 0.0138381143668 0.0112411969354 -0.00360775866732 0.0178758242428 0.003787349753 0.00906987623967 0.467322357182 0.0144087636208 0.000248120697872 0.0155272256992 -0.00487256917867 0.00817450741647 0.0188082916585 0.0127748131745 0.0155288192037 0.0237327172649 -0.00637502385631 0.0132907556717 0.0189325389188 0.0123609233132 0.0146769658841 -0.00190424804011 0.0491689059475 0.0120314161335 0.0299337340787 0.0179430344107 0.0288778716043 0.00924853317179 0.00377889073128 0.00397264675774 0.00911527313562 0.0171992070631 0.00626244914511 0.0231319246112 -0.00984659743598 0.00469163218763 0.0146673608491 0.00151854756416 -0.0115907256427 0.0393849895171 0.0136668668756 0.0205820465266 0.010643551025 0.00542017081178 
0.0238646564155 0.0498675896993 0.00520869905369 0.0104594810801 0.0161025636211 0.0382829098982 0.0356789244758 0.0422682558526 0.0225915242753 0.0804277591403 0.0412594575435 0.01959860188 0.0144087636208 0.292899284562 0.000950590514442 0.0398390699046 0.0294808909769 0.0407942382445 0.0133826905572 0.00778270457856 0.0302129227836 -0.00212116657143 0.0199843162701 0.0154950393293 0.01827058216 0.0298411640104 0.0210638669859 -0.00906081345567 0.0147981828379 0.0130343226886 0.0412396840401 0.0158669904341 0.0336455085955 0.006127012929 0.00419609555533 0.00757422503636 0.00929823483652 0.0366255736133 0.0218313443307 0.0408504289477 0.0341344070859 0.0244926084447 0.0141924326964 0.0147185876951 0.0157697337046 0.0531108096341 0.0301988690147 0.0119508558954 0.023288332126 0.0281555633176 
0.0021593760956 0.0156785910468 0.0106883388237 0.0226376107709 0.0220704225417 0.0047282101387 0.0085984091186 0.0184541234947 0.0364737286739 0.015973384439 0.00116205612762 0.0110671117516 0.000248120697872 0.000950590514442 0.19925948583 0.00716266048629 0.00413305889342 -0.00182543103614 0.0520686819239 0.017679421857 0.00917094516221 0.0107989949297 0.0143989807836 0.0233210607314 0.0157447481218 0.0201598531609 -0.0057068997013 0.00996487042496 -0.000842897814646 -0.00164743879255 0.00288334379566 0.0246763869159 0.00213004398367 -0.00943376892199 0.00453289809971 0.00404194805657 0.0262594957599 0.0076132812658 0.0101153534305 0.00887836865031 5.71998245439e-07 -0.00159095795579 0.0381748821101 0.0146577713659 -0.00242211144395 0.0114826818228 0.0298815233649 -0.00010433693803 0.0237837902016 0.00834939704723 
0.0246671855757 0.0164987532367 0.00673569469799 0.0231181095117 0.00207592627757 0.053257525492 0.0227148452302 0.0139208971626 0.0076524632126 0.021141944711 0.0520575473818 0.00702292654869 0.0155272256992 0.0398390699046 0.00716266048629 0.2802975112 0.0058428344351 0.0116855813357 0.00314773325461 0.0149579494494 0.0204450955388 0.00750317260605 0.0205249475023 0.0185697943767 0.0129370180863 0.00786008887145 0.0067013201585 -0.00764461370223 0.00378363819121 0.0248726209095 0.00966845009582 0.0111676726138 0.0221646767117 -0.00917356649103 0.00210156810283 0.0223957408936 0.0121304428082 0.00459755833351 0.0143616899936 0.0294357334802 0.00685964682079 0.00196486346103 0.010923197072 0.0271616402432 0.00953911431181 0.0109730211275 0.0186444865287 0.0197878624976 0.000987041824714 0.0223954633424 
0.011666150165 0.0499248252487 0.0138180567343 0.012858449682 0.0164944926077 0.0137864907551 0.0305349574507 0.0036518106948 -0.0223673075664 0.0386751141314 0.00395530100201 0.0216206094438 -0.00487256917867 0.0294808909769 0.00413305889342 0.0058428344351 0.278144811326 0.00865765971005 -0.0183395081838 0.0066727740212 0.00921785225052 0.0163889413322 0.0134466632495 0.00545190397111 0.0093723446374 0.020772068912 0.0140748338588 -0.014015638344 0.0088171357789 0.0203799093119 0.0206175246496 0.0210603246964 0.0330212084909 -0.0168295652946 0.00324297730129 -0.000101319461216 0.0190307365619 0.0170788938688 0.00588509391816 -0.0043823604314 0.00460594501467 0.00293754339507 -0.00844587435065 0.0244530226525 -0.00555391766825 0.000565456638416 0.0086200650508 -0.00516150639013 0.0313995881032 0.0149592070797 
0.0155447850318 0.0270846131827 0.00634555478725 0.0258084991419 0.0065674804074 0.0166999028367 0.0236355028805 0.0269813909674 0.0360421073059 0.0318251625029 0.0327272751788 0.011589583127 0.00817450741647 0.0407942382445 -0.00182543103614 0.0116855813357 0.00865765971005 0.266807151155 0.0122345429152 0.00310039583141 0.0170053543683 0.00124155091059 0.00696652817036 0.024392355442 0.00965765492401 0.0208830061342 0.0279645002292 0.000301813260814 0.0121484410544 0.0217788630577 0.032439663467 0.0233083675383 0.0357375506961 -0.00672360825685 0.019712140416 -0.0150559872857 0.0132970116779 0.0183622096941 0.0128287567314 0.0476469863179 0.0570885785927 0.00601601664433 0.0145561012252 0.0193773101643 0.00549051108494 0.00482018023689 -9.15858985437e-05 0.0109156668397 0.00379144061421 0.00665252845984 
0.00324499304823 0.0137176752723 0.0111370456229 0.0251596454774 0.00584367785079 0.00366550803826 0.00916354485535 0.0237201505224 0.0380240912239 0.0328696241326 0.00774013696781 0.0157103179065 0.0188082916585 0.0133826905572 0.0520686819239 0.00314773325461 -0.0183395081838 0.0122345429152 0.234416745615 0.0205017676071 0.00836444085307 0.0124463304995 0.0123210996583 0.0248725173931 0.0172805373133 0.0152766217028 0.00176766705925 0.0140927542853 0.0070224997195 0.0281946916882 0.00341910108353 0.0169050270461 0.0186485932291 0.00552388494097 0.0145350693555 0.00723296938973 0.0225414173956 -0.00449471512141 0.00596212306451 -0.000455673531041 0.0116984591499 0.0178771375928 0.0459746276158 0.019355011957 0.0102030455308 -0.00303044560309 0.0124198244951 0.0249265609784 0.0102795898887 0.0145431210952 
0.0176016400966 0.0133249413877 -0.00482685131916 0.0156701496789 0.0110520331054 0.0126316816577 0.00221745455095 0.0225123555324 0.00725480215547 0.0216167001746 0.0201477419013 0.0080381339679 0.0127748131745 0.00778270457856 0.017679421857 0.0149579494494 0.0066727740212 0.00310039583141 0.0205017676071 0.140170599663 0.0154104802456 0.00834812290762 0.00710146796714 0.0121724990894 0.0175321237681 0.0142676003806 0.017142944015 0.0233042881393 0.00585055280997 0.0165606865079 0.0166515000365 0.0112255576731 0.0118939219984 -0.00503662100924 0.0114660169695 0.0088501550215 0.0120054649848 0.0224074368852 0.0182941680446 0.00246176872887 0.0117488544849 0.00977862115878 0.00441399034123 0.0121155116018 0.00861621861667 0.00712840699835 0.0216786438244 0.00477910100112 0.0158808524158 0.0193631253433 
0.020485537956 0.028859392528 0.00955964623154 0.0270016149023 0.00407020609593 0.0443277884217 0.0378157681817 0.0208635998948 -0.00363657417029 0.0417522580878 0.0191282751259 0.0177858331038 0.0155288192037 0.0302129227836 0.00917094516221 0.0204450955388 0.00921785225052 0.0170053543683 0.00836444085307 0.0154104802456 0.610614893074 0.00936786232746 0.024651947576 0.0116105280628 0.0254378808704 0.0290950015739 0.0155012043102 0.00196918187737 0.00409276036116 0.020393242226 0.0289477960273 0.0135923924699 0.0279247963729 -0.00491568939135 0.00988510164918 0.00943852814156 0.0135257019851 0.00696656152045 0.0181748585434 0.0401161805136 0.0127703218163 0.0163398225769 0.0121921922307 0.0197626759121 0.0195544363744 0.015525912091 0.0281925697099 0.0196312255968 0.00537937688101 0.00689522583031 
0.00577429263478 0.000503187420713 0.00556244142276 0.00761373003399 0.00652874683731 0.0264752235318 0.0210713300462 0.0135449253858 -0.00623913582848 0.0197078506665 0.000500179418498 0.00809805711869 0.0237327172649 -0.00212116657143 0.0107989949297 0.00750317260605 0.0163889413322 0.00124155091059 0.0124463304995 0.00834812290762 0.00936786232746 0.230600406203 0.0147102994671 0.00885889553935 0.00811188870434 0.00759176551912 0.00632304388209 0.017228968284 0.00992144158382 0.0216553608607 -0.00379641179073 -0.00326165703937 0.00782189323911 -0.00645916106483 0.00432312406321 -0.0119541230911 0.0088266221806 0.00706622353032 0.0165750884452 0.00898042748313 -0.00860141328791 0.00553980639374 9.01685688047e-05 0.00871647532838 0.0139275987184 -0.00823885904997 0.0237659932196 0.00577751380692 0.00822352684782 0.0198287077807 
0.0117475762161 0.0163443910856 0.00516051853203 0.0161751282987 0.0218475667324 0.0214529255033 0.00469129900791 0.005414335067 0.000130526957589 0.0249705685221 0.0234417734968 0.00930674220074 -0.00637502385631 0.0199843162701 0.0143989807836 0.0205249475023 0.0134466632495 0.00696652817036 0.0123210996583 0.00710146796714 0.024651947576 0.0147102994671 0.208606091674 0.00915508338603 0.0216758128971 0.0123541682299 0.00911528045446 0.0475042298245 0.00635579374258 -0.00161832462369 0.0152712560563 0.0177278389685 0.0075592635447 -0.00416828096413 0.0164599556817 0.0162481520041 0.00680321083415 0.000952999959479 0.017986143567 0.00208184878436 0.0252317019035 -0.0021264408729 0.00469474376445 0.00981936439514 0.0405573209139 -0.00836907449968 0.0212579453583 0.0175784265181 0.00279486710424 0.0293858978404 
0.0110827090159 0.0108578955929 0.000748518121877 0.0115401492627 0.0265747905529 0.0103748860859 0.0124179778519 0.0128058959884 0.0455044670863 0.0383158645301 0.0249330515895 0.0145356874124 0.0132907556717 0.0154950393293 0.0233210607314 0.0185697943767 0.00545190397111 0.024392355442 0.0248725173931 0.0121724990894 0.0116105280628 0.00885889553935 0.00915508338603 0.214677208015 0.0164935629259 0.026308964636 0.0115837190161 0.017146549778 0.0164412511234 0.0142642580503 -7.09101360096e-05 0.0174379905356 0.0172546566465 -0.00507091946559 0.0146739506708 0.0103465376489 0.0137141413629 0.0162787002795 0.0126389351982 0.0149342201353 0.0224547533824 0.00310685627603 0.0304925786925 0.00292580028555 0.00702330576153 0.006710356548 0.0364399551741 0.00220249484098 0.0353949433345 0.00142158462137 
0.0306678513322 0.0195502174064 0.00287340428488 0.0622672961696 0.0178799337871 0.0144265635473 0.017122503899 0.0487262837506 0.00680608303882 0.0457347393197 0.0212819596641 0.0590241743132 0.0189325389188 0.01827058216 0.0157447481218 0.0129370180863 0.0093723446374 0.00965765492401 0.0172805373133 0.0175321237681 0.0254378808704 0.00811188870434 0.0216758128971 0.0164935629259 0.163621394268 0.00735538872952 0.0211709876326 0.0043634637401 0.00473000228538 0.00954500495785 0.00476397227657 0.00690832621957 0.0287756516377 0.0132021640729 0.0137413798783 0.00954405009266 0.0321698751988 0.0196386947304 0.0166250377618 0.00740212344721 0.0188535918745 0.0281875322945 0.0164398306528 0.0248634525338 0.00224832170352 -0.000146667627144 0.0259711095829 0.00262048789289 0.0376685294728 0.0139459374732 
0.0218701912852 0.00816523907971 0.0177608052222 0.0165513280878 0.00576317976115 0.0156936682969 0.000440822669412 0.0294590703926 0.0343405922955 0.0668053667162 0.0157165678036 0.0236611814645 0.0123609233132 0.0298411640104 0.0201598531609 0.00786008887145 0.020772068912 0.0208830061342 0.0152766217028 0.0142676003806 0.0290950015739 0.00759176551912 0.0123541682299 0.026308964636 0.00735538872952 0.267613710266 0.0209562886517 0.00238330453534 0.0100436466419 0.0137120154586 0.0131656761994 0.0170743381341 0.0354183193624 -0.000645962457011 0.0146163679217 -0.00350754913802 0.0161853190913 0.0254255899442 0.0245020767152 0.0336943973676 0.0158980225958 0.000334217630436 0.0125444004235 0.022574189694 0.0207365710064 0.0183420772671 0.0344840748538 0.019765375558 0.0213928563672 0.00158551343176 
0.0204106569458 0.0315034972389 0.0118938251637 0.0197825462456 0.00711180551633 0.0176712342567 0.011865571762 0.023237355414 -0.00326199307699 0.0457227525426 0.104143872229 0.0176503479953 0.0146769658841 0.0210638669859 -0.0057068997013 0.0067013201585 0.0140748338588 0.0279645002292 0.00176766705925 0.017142944015 0.0155012043102 0.00632304388209 0.00911528045446 0.0115837190161 0.0211709876326 0.0209562886517 0.312832385546 0.0159276492862 0.016242144265 0.00479634687165 0.0125688195701 -0.00104278941091 0.0239349966825 0.00109161954281 -0.000554937643486 0.0140442290526 0.0149840146987 0.0122975945163 0.0507983638787 0.0611289964997 0.0199014495462 0.00439417650595 0.0107707677132 0.0101995237374 0.0205308241215 0.0315052068315 0.0161682421801 0.00775563172341 0.00561296286377 0.00681726479798 
0.0130017540123 -0.00321386408282 -0.00115024472512 0.00676526387645 0.00674756870356 0.00459640755844 0.00033284265117 0.0145248119871 0.0320253675474 0.0211924335452 0.0234553897792 0.0146817544883 -0.00190424804011 -0.00906081345567 0.00996487042496 -0.00764461370223 -0.014015638344 0.000301813260814 0.0140927542853 0.0233042881393 0.00196918187737 0.017228968284 0.0475042298245 0.017146549778 0.00436346374009 0.00238330453534 0.0159276492862 0.466684902141 0.00821943016663 0.0135388376537 -0.00641414946455 0.00235965101779 0.0163698263336 0.0367002793585 0.00788154613801 0.0142919092749 0.0188732052805 0.0190719656412 0.0238966639237 -0.0105748885904 0.000800467882287 0.0132135315533 0.0186149438391 -0.00468205744311 0.00399512922419 0.00300719849183 0.0362298419947 -0.00416136431806 0.0190902485644 0.0116330056702 
0.019511467281 0.0259772199719 0.0183377783932 0.00934567750964 0.00275504606993 0.010011123893 0.0135006617821 0.00132779571257 0.00345507417172 0.0322374889128 0.00878942775161 0.0100044583382 0.0491689059475 0.0147981828379 -0.000842897814646 0.00378363819121 0.0088171357789 0.0121484410544 0.0070224997195 0.00585055280997 0.00409276036116 0.00992144158382 0.00635579374258 0.0164412511234 0.00473000228539 0.0100436466419 0.016242144265 0.00821943016663 0.240546400601 0.0450958537107 0.00820954426617 0.0203495130264 0.0246770151126 -0.00298470771093 -0.00978579484594 0.00896476051771 0.0151903061195 0.00939425161457 0.0180914236694 -0.00973447111557 0.01886254983 0.0131010987926 -6.15087923568e-05 0.00322158612283 0.029275054444 0.0104881633935 0.0214999218441 0.0152605184216 0.00685171634931 0.0055067422514 
0.00669927447459 0.0251370154062 0.0041354341671 0.0111631055109 0.0217610345099 0.0322989689822 0.0335698322123 0.0234714211753 0.0145584455593 0.011989025057 0.0359606738637 0.0148190982611 0.0120314161335 0.0130343226886 -0.00164743879255 0.0248726209095 0.0203799093119 0.0217788630577 0.0281946916882 0.0165606865079 0.020393242226 0.0216553608607 -0.00161832462369 0.0142642580503 0.00954500495785 0.0137120154586 0.00479634687165 0.0135388376537 0.0450958537107 0.351731178779 0.00887875608485 0.00227326375402 0.0281402423469 0.000907917190893 0.00202010053655 0.023052856916 0.0167622461059 0.00792304429147 0.00475562256065 0.0250933154489 0.0178164358697 0.0139261314091 0.00997081491548 0.030035451545 0.106669632422 0.00750344968562 0.000767506680693 0.0197911429441 0.0102027981686 0.00434708818536 
0.00804045851875 0.0086661236594 0.00305349637297 0.00555251927843 0.00379061571111 0.0395043791358 0.0192001819986 0.0119477293968 0.0183698065922 0.0240820910011 0.0343564965137 -0.0127586882049 0.0299337340787 0.0412396840401 0.00288334379566 0.00966845009582 0.0206175246496 0.032439663467 0.00341910108353 0.0166515000365 0.0289477960273 -0.00379641179073 0.0152712560563 -7.09101360097e-05 0.00476397227657 0.0131656761994 0.0125688195701 -0.00641414946455 0.00820954426617 0.00887875608485 0.33385005334 0.0160907504213 0.00380583413439 -0.000193943875186 0.00415541855334 0.000818966668449 0.00265016384639 0.0124418198065 0.0228106544735 0.056954844627 0.0209157964412 0.00249468088993 0.0124851217361 -0.0016776320759 0.0115770258862 0.00608489797581 0.0286002452793 0.0123762812936 -0.000468273892825 0.0120778021161 
0.00310884582012 0.0171312596616 0.0103515141636 2.88325324521e-05 0.0218375065678 0.0312527878024 0.0150050296186 0.0253753060182 0.0184771898683 0.00903141285409 0.0183680716942 0.00770214242611 0.0179430344107 0.0158669904341 0.0246763869159 0.0111676726138 0.0210603246964 0.0233083675383 0.0169050270461 0.0112255576731 0.0135923924699 -0.00326165703937 0.0177278389685 0.0174379905356 0.00690832621957 0.0170743381341 -0.00104278941091 0.00235965101779 0.0203495130264 0.00227326375402 0.0160907504213 0.31473464261 0.0119838317686 0.00187775625492 0.0153859268054 0.00337407497272 0.0162193668023 0.0136398056072 0.0103713567657 -0.0093952800311 0.00130233514234 -0.00244044190294 0.00945024375652 0.0109359790904 0.00489750503717 0.00881100531945 -0.00204270687678 0.00331157059226 0.0136662687084 0.0177673471022 
0.0125469328461 0.0504199952218 0.0121522935796 0.0257530317711 0.0208959587542 0.0468336018015 0.0309777311099 0.0415297133509 0.00847166551629 0.0694442696424 0.0745124872667 0.0288637341745 0.0288778716043 0.0336455085955 0.00213004398367 0.0221646767117 0.0330212084909 0.0357375506961 0.0186485932291 0.0118939219984 0.0279247963729 0.00782189323911 0.0075592635447 0.0172546566465 0.0287756516377 0.0354183193624 0.0239349966825 0.0163698263336 0.0246770151126 0.0281402423469 0.00380583413439 0.0119838317686 0.618378344651 0.0096870838213 0.00212436099655 0.0161229529561 0.0224226813034 0.0270713694413 0.0371179688208 0.0444766972738 0.0381515189281 0.0048540035715 0.00320593887456 0.0456282673007 0.0280175278816 0.0293408842215 0.027181537389 0.0178960736164 0.024783215356 0.0151897254243 
0.011993364845 -0.0191222498733 -0.0157800232678 0.00497602241229 0.00992753198627 0.0487771805744 0.00497933911292 0.00442625116433 -0.0108584843971 0.0064870983846 0.00727738904621 0.0123620539056 0.00924853317179 0.006127012929 -0.00943376892199 -0.00917356649103 -0.0168295652946 -0.00672360825685 0.00552388494097 -0.00503662100924 -0.00491568939135 -0.00645916106483 -0.00416828096413 -0.00507091946559 0.0132021640729 -0.000645962457011 0.00109161954281 0.0367002793585 -0.00298470771093 0.000907917190893 -0.000193943875186 0.00187775625492 0.0096870838213 1.36962977896 -0.00105968854272 -0.00830411278663 0.00377399930194 0.00698839915485 0.00659217368097 -0.0175573086204 0.0152037227734 -0.0177952668968 0.0110838993689 -0.00461984696536 0.00950557251554 0.0257888169655 0.00769602581942 0.00379777874378 0.0016835687697 0.0127552004164 
0.014727892039 0.0165655977218 0.00255401133953 0.00508480472111 0.0215947958688 0.0153693076793 -0.00597785431227 0.00453795782328 0.00966499258692 0.0271423296173 0.00302063056788 0.0117960660454 0.00377889073128 0.00419609555533 0.00453289809971 0.00210156810283 0.00324297730129 0.019712140416 0.0145350693555 0.0114660169695 0.00988510164918 0.00432312406321 0.0164599556817 0.0146739506708 0.0137413798783 0.0146163679217 -0.000554937643486 0.00788154613801 -0.00978579484594 0.00202010053655 0.00415541855334 0.0153859268054 0.00212436099655 -0.00105968854272 0.312410357148 0.00287350920655 0.01382700306 0.003735726875 0.00908808442068 0.0293961269645 0.0118147642924 0.0040208513377 0.0079606121807 0.00994994970781 0.00455742123957 -0.0126386448454 0.0165315964204 0.00590753970496 0.00132144553908 0.00715270795325 
0.00280722876279 0.012200994477 0.016502271772 0.00964136047114 0.0169195577851 0.00263539370366 0.0184689813105 7.78909929435e-05 0.0161094129762 0.0154442644633 0.0144063718797 0.00593852005455 0.00397264675774 0.00757422503636 0.00404194805657 0.0223957408936 -0.000101319461216 -0.0150559872857 0.00723296938973 0.0088501550215 0.00943852814156 -0.0119541230911 0.0162481520041 0.0103465376489 0.00954405009266 -0.00350754913802 0.0140442290526 0.0142919092749 0.00896476051771 0.023052856916 0.00081896666845 0.00337407497272 0.0161229529561 -0.00830411278663 0.00287350920655 0.621063021099 0.0127426049186 0.0098658226241 0.0100447315927 0.0290559713483 0.0139817055648 0.0166522230129 0.00230526079608 0.0316468745462 0.0342405442129 0.016566906719 -0.0028326189774 0.00758166314146 0.00146908889766 0.00308062101757 
0.0079874832935 0.0203173708094 0.00845916135327 0.0201472916013 0.0262493527882 0.00995292125338 0.0171400224217 0.0436128250611 0.0123730145504 0.0411219960425 0.000528748665423 0.0398815247127 0.00911527313562 0.00929823483652 0.0262594957599 0.0121304428082 0.0190307365619 0.0132970116779 0.0225414173956 0.0120054649848 0.0135257019851 0.0088266221806 0.00680321083415 0.0137141413629 0.0321698751988 0.0161853190913 0.0149840146987 0.0188732052805 0.0151903061195 0.0167622461059 0.00265016384639 0.0162193668023 0.0224226813034 0.00377399930194 0.01382700306 0.0127426049186 0.208961264695 0.0150884122296 0.0084467857083 0.0151116772432 0.0152379099706 -0.00431949703138 0.0309427970802 0.0324617106863 0.00217285862252 0.025314501746 -0.00857015153325 0.00349966530779 0.00308291642977 0.0129314278571 
0.0369998581874 0.00987496196611 0.00752704314465 0.0102631198861 0.004055881359 0.0323017271338 0.0167483303149 0.0209781182462 0.0372356196792 0.0181074683579 0.0374827122805 0.00146699543475 0.0171992070631 0.0366255736133 0.0076132812658 0.00459755833351 0.0170788938688 0.0183622096941 -0.00449471512141 0.0224074368852 0.00696656152045 0.00706622353032 0.000952999959479 0.0162787002795 0.0196386947304 0.0254255899442 0.0122975945163 0.0190719656412 0.00939425161457 0.00792304429147 0.0124418198065 0.0136398056072 0.0270713694413 0.00698839915485 0.003735726875 0.0098658226241 0.0150884122296 0.226036315212 0.0194876252752 0.0207659152853 0.0217728831355 -0.00444978329321 0.00291198138788 0.00991911183503 -0.00368680258447 0.0430943778129 0.0443473594838 0.0172861877589 0.0181283161709 0.0125347931542 
0.0241745263445 0.026336061086 0.0179709464422 0.0127116022437 0.0116093889828 0.0185018535356 0.00854744383461 0.0259843392112 0.00613570034881 0.0206649346265 0.0793849045639 0.0213789946158 0.00626244914511 0.0218313443307 0.0101153534305 0.0143616899936 0.00588509391816 0.0128287567314 0.00596212306451 0.0182941680446 0.0181748585434 0.0165750884452 0.017986143567 0.0126389351982 0.0166250377618 0.0245020767152 0.0507983638787 0.0238966639237 0.0180914236694 0.00475562256065 0.0228106544735 0.0103713567657 0.0371179688208 0.00659217368097 0.00908808442068 0.0100447315927 0.0084467857083 0.0194876252752 0.275122557002 0.0327492721169 0.021706538341 0.009534718714 0.0140199210722 0.0165336233632 0.00804745424589 0.00671867505079 0.0258513281807 0.00564064323571 -0.000453440695696 0.0144095963142 
0.0274523154237 0.0335790572637 0.00793748495161 0.00341959046375 0.0184196568136 0.0191185497291 0.031901904882 0.0285994805863 0.0390189627272 0.039382101666 0.078293398044 0.0176273529914 0.0231319246112 0.0408504289477 0.00887836865031 0.0294357334802 -0.0043823604314 0.0476469863179 -0.000455673531041 0.00246176872887 0.0401161805136 0.00898042748313 0.00208184878436 0.0149342201353 0.00740212344721 0.0336943973676 0.0611289964997 -0.0105748885904 -0.00973447111557 0.0250933154489 0.056954844627 -0.0093952800311 0.0444766972738 -0.0175573086204 0.0293961269645 0.0290559713483 0.0151116772432 0.0207659152853 0.0327492721169 1.18747400927 0.0152910355002 0.0133094163178 0.0118571679822 0.0162066277611 0.0188298505656 0.0588032225552 0.00903581678359 0.0220833246713 0.0222812788326 0.00430816099709 
0.0409352062006 0.016450486421 -0.0049250440989 0.0176736369527 0.00827144388455 0.020848393694 0.0173507217299 0.0339065358162 0.0639110301486 0.0470274273029 0.0222646888851 0.0177834442192 -0.00984659743598 0.0341344070859 5.71998245476e-07 0.00685964682079 0.00460594501467 0.0570885785927 0.0116984591499 0.0117488544849 0.0127703218163 -0.00860141328791 0.0252317019035 0.0224547533824 0.0188535918745 0.0158980225958 0.0199014495462 0.000800467882287 0.01886254983 0.0178164358697 0.0209157964412 0.00130233514234 0.0381515189281 0.0152037227734 0.0118147642924 0.0139817055648 0.0152379099706 0.0217728831355 0.021706538341 0.0152910355002 0.289854827594 -0.00312861867309 0.00697223421028 0.0246307182544 0.0126076436608 0.0106815765022 0.017359046693 0.0193945239289 0.0160136038217 0.0114889671145 
-0.000166661275942 0.0121205919881 0.00189980449072 0.00257929633859 0.0135723392116 0.0227445289914 0.00469702378585 0.0188109684927 0.00727893566859 0.0121221311278 0.0191001010642 0.0181070157703 0.00469163218763 0.0244926084447 -0.00159095795579 0.00196486346104 0.00293754339507 0.00601601664433 0.0178771375928 0.00977862115878 0.0163398225769 0.00553980639374 -0.0021264408729 0.00310685627603 0.0281875322945 0.000334217630436 0.00439417650595 0.0132135315533 0.0131010987926 0.0139261314091 0.00249468088993 -0.00244044190294 0.0048540035715 -0.0177952668968 0.0040208513377 0.0166522230129 -0.00431949703138 -0.00444978329321 0.009534718714 0.0133094163178 -0.00312861867309 0.209249731171 0.00952988158211 0.0105745286716 -0.00839833275781 0.0136750874304 0.00896255007974 0.00697295023656 0.01391740923 0.00321630503967 
0.0179596339776 0.0401056734284 -0.00269249593158 0.0137353796305 0.0159938431315 0.00606280576896 0.00577321464554 0.0425335645344 0.054751918881 0.0323083486129 0.0156403229485 0.0153684286298 0.0146673608491 0.0141924326964 0.0381748821101 0.010923197072 -0.00844587435065 0.0145561012252 0.0459746276158 0.00441399034123 0.0121921922307 9.0168568804e-05 0.00469474376445 0.0304925786925 0.0164398306528 0.0125444004235 0.0107707677132 0.0186149438391 -6.15087923571e-05 0.00997081491548 0.0124851217361 0.00945024375652 0.00320593887456 0.0110838993689 0.00796061218069 0.00230526079608 0.0309427970802 0.00291198138788 0.0140199210722 0.0118571679822 0.00697223421028 0.00952988158211 0.207738072802 0.0195154416051 0.00254746199772 0.0115952618403 0.0127354801145 0.00442540804325 0.00389516651208 0.00958510668405 
0.00735033779581 0.0282529895716 0.0198984027544 0.0256659713698 0.0148112831872 0.0168920278044 0.0198377480633 0.0295992916206 0.00508233413546 0.0355094445566 0.0220083045292 0.020214239783 0.00151854756416 0.0147185876951 0.0146577713659 0.0271616402432 0.0244530226525 0.0193773101643 0.019355011957 0.0121155116018 0.0197626759121 0.00871647532838 0.00981936439514 0.00292580028555 0.0248634525338 0.022574189694 0.0101995237374 -0.00468205744311 0.00322158612283 0.030035451545 -0.0016776320759 0.0109359790904 0.0456282673007 -0.00461984696536 0.00994994970781 0.0316468745462 0.0324617106863 0.00991911183503 0.0165336233632 0.0162066277611 0.0246307182544 0.0105745286716 0.0195154416051 0.250138736803 0.0249025271439 0.00462134743695 0.00914977912035 0.00709326749253 0.00753574869343 0.0199729021236 
0.0017636198201 -0.00791552086929 -0.000707680351719 0.0149467245971 0.000776592869501 0.0185364209353 0.00211242225797 0.00789867940606 0.00968629706841 0.0205689037469 0.0149747953977 0.0125316552371 -0.0115907256427 0.0157697337046 -0.00242211144395 0.00953911431181 -0.00555391766825 0.00549051108494 0.0102030455308 0.00861621861667 0.0195544363744 0.0139275987184 0.0405573209139 0.00702330576153 0.00224832170352 0.0207365710064 0.0205308241215 0.00399512922419 0.029275054444 0.106669632422 0.0115770258862 0.00489750503717 0.0280175278816 0.00950557251554 0.00455742123957 0.0342405442129 0.00217285862252 -0.00368680258447 0.00804745424589 0.0188298505656 0.0126076436608 -0.00839833275781 0.00254746199772 0.0249025271439 0.628417881433 -0.00165714661411 0.0122007643817 0.0251958033148 0.00146166593694 0.0165716418779 
-0.000638518553912 0.039858703835 0.012066847626 -0.0017757693296 0.004922417587 0.0359121824841 0.0339284829178 0.0464782190696 -0.00971816501843 0.0220075566271 0.0343947082264 0.00608240027539 0.0393849895171 0.0531108096341 0.0114826818228 0.0109730211275 0.000565456638416 0.00482018023689 -0.00303044560309 0.00712840699835 0.015525912091 -0.00823885904997 -0.00836907449968 0.006710356548 -0.000146667627144 0.0183420772671 0.0315052068315 0.00300719849183 0.0104881633935 0.00750344968562 0.00608489797581 0.00881100531945 0.0293408842215 0.0257888169655 -0.0126386448454 0.016566906719 0.025314501746 0.0430943778129 0.00671867505079 0.0588032225552 0.0106815765022 0.0136750874304 0.0115952618403 0.00462134743695 -0.00165714661411 0.857727043871 0.0292314706158 -0.00431605466886 -0.0223025207407 0.00739854896914 
0.0116743222652 0.0191253708413 0.0131863496119 0.0120551414275 0.0116564857513 0.032306365858 0.00551005619998 0.0204430871061 0.0285818221557 0.0774463715332 0.0324787251165 0.0297670557115 0.0136668668756 0.0301988690147 0.0298815233649 0.0186444865287 0.0086200650508 -9.15858985435e-05 0.0124198244951 0.0216786438244 0.0281925697099 0.0237659932196 0.0212579453583 0.0364399551741 0.0259711095829 0.0344840748538 0.0161682421801 0.0362298419947 0.0214999218441 0.000767506680693 0.0286002452793 -0.00204270687678 0.027181537389 0.00769602581942 0.0165315964204 -0.0028326189774 -0.00857015153325 0.0443473594838 0.0258513281807 0.00903581678359 0.017359046693 0.00896255007974 0.0127354801145 0.00914977912035 0.0122007643817 0.0292314706158 0.447735700559 0.00781896919561 0.0351732964296 0.0097383081973 
