40
0.0354646018646 0.0396221554001 0.0909027791802 0.0340754658053 0.0538205376978 0.0672535079153 0.043075945187 0.0525709156995 0.114001255301 0.0715007016099 0.0692922129373 0.005148759701 0.100974868985 0.0499472002084 0.0383245101253 0.0149217979249 0.192324736986 0.0545718905582 0.0122123060087 0.0261881624723 0.0782010317916 0.050100863095 0.0428749123775 0.0565518641406 0.0765601453803 0.0634276035435 0.0991765707177 0.0304536481296 0.0273717205438 0.0486003975036 0.0707348977441 0.0325349378307 0.0449016594387 0.0540864966038 0.0404531955786 0.0471087328402 0.0466468708745 0.371102806834 0.00361039022472 0.146363775453 
0.200909092078 0.0106941472845 0.0136849390698 0.0231422701651 0.00278367608872 0.0038659887279 0.0124232403833 -0.00117617443739 -0.00102601999555 0.00682464953625 0.0170540913803 0.00300003662018 0.00403329940778 0.00695477368242 0.000234008731475 -0.00533379440114 0.016018009413 0.0531629703698 0.0147546600307 0.00240352308475 0.00400344925204 0.0151518927389 0.0150190787337 0.0185172756286 0.000668015911388 0.0166560712457 0.00717065169601 0.0250164840301 0.00343373383778 0.018159065657 0.0142111861967 0.012739819891 0.00620116509137 0.0150770579205 0.00602625234583 0.0306406253529 0.0410817496595 0.0202689547142 0.0029696197708 0.0160204069054 
0.0106941472845 0.179791313534 0.0144174012013 0.0150759543167 0.0374349399392 0.0407544690483 0.0427430394877 0.017740984726 -0.00543329552275 0.0138697424519 0.0225636322076 0.00456932882731 0.00581364631295 0.00946754661954 0.0184777653353 0.0203343612335 0.0385450256743 0.0205372747166 0.0130053330058 0.0198388546462 0.0305822147864 0.0186276969154 0.0349516964042 0.022291457031 0.0180349215483 0.0186344528073 0.00397429977857 0.0421586351435 0.00715000907014 0.00590952435508 0.0125236031747 0.0290423476096 0.0244383953186 0.0136469030217 0.023711059278 -0.000795083679604 0.0111032977108 -0.00138615607707 0.00847587211999 -0.000204986147839 
0.0136849390698 0.0144174012013 0.496930794946 0.00344476472889 0.0264342748808 0.0199069808299 0.00803764790929 -0.00557447774666 0.0147999116583 0.0128700838786 0.0072650451326 0.0038111871159 0.00222366238799 0.0215728532693 0.00384775797232 0.0052895906649 0.0277737886148 0.054955891084 -3.90068765618e-05 0.0143323158505 0.0357232206241 0.0126264654331 0.0161333849159 0.00460942153622 0.0127063117236 0.00854575259877 -0.00932444208239 0.00568438900722 0.00163426508833 0.0236197597702 -0.00761093679437 -0.000246159027806 0.000846475837864 -0.00329737808278 0.00969700761753 0.0322567515789 0.0191459658554 0.0324727259833 0.00793756687754 0.0246058410725 
0.0231422701651 0.0150759543167 0.00344476472889 0.18506426573 0.0188548667244 -0.00048019569762 0.0147550122127 0.000808540384363 -0.00630730313223 -0.00283332723646 0.00658541674475 0.0253611463643 0.0106926334938 0.00714923981343 0.010009686215 0.000358642969845 0.0147316042875 0.00961747651257 0.0177362589351 0.0073775252454 0.00553136712599 0.0112841019813 0.00577687871094 0.0091362712609 0.00380682119144 0.015250708921 -0.00552128695294 0.00393881999852 0.0174219525171 0.0126175304551 0.0195025970922 0.000185776482665 0.00979743151197 0.00215036906611 0.00381795440193 0.0162256979684 0.0126480879545 0.0108542431783 0.00316085997347 0.00642726202489 
0.00278367608872 0.0374349399392 0.0264342748808 0.0188548667244 0.293971603797 0.0287148991303 0.0408593896718 0.0160391952854 0.0050113571776 0.00809152685143 0.0307596707553 0.0124272565374 0.0169554806291 0.016891459594 0.0322858751143 0.0253514112953 0.0273023400467 0.0166677754901 0.022129022352 0.0183320641296 0.00605003701907 0.00975142142902 0.0445808122978 0.0332336604306 0.00178509600196 0.021240768229 0.00718822009792 0.0580575582476 0.00201394293785 0.0170207841935 0.0252899278469 0.0265877410847 0.0153725673681 0.0179744184028 0.0109814132178 0.00638149098859 0.0400350435943 0.00959306854141 0.0363088987903 0.0155644415637 
0.0038659887279 0.0407544690483 0.0199069808299 -0.00048019569762 0.0287148991303 0.33818558056 0.0276884072573 0.0415624673932 -0.00585744049037 0.05995036341 0.0221666968963 0.00330679954391 0.0557704375802 0.0138134006781 0.0573868323218 0.0453589455162 0.0145264291331 0.0148316085186 -0.000314295003674 0.0211121008144 0.0199154919 0.0297218971454 0.00673569631217 0.0405104032513 0.0224538273731 0.0187748534591 -0.00105790863553 0.0377767227222 0.0303338969534 0.0129490305763 0.00103915072719 0.00360460887221 0.0349971660137 0.00711956538932 0.0231948203423 -0.00699705579176 0.0352161537211 0.0357298054401 0.0109161973007 0.00583139883135 
0.0124232403833 0.0427430394877 0.00803764790929 0.0147550122127 0.0408593896718 0.0276884072573 0.209177232626 0.0239715343754 0.0279939333539 0.00622174089985 0.0297284198535 0.0189491849278 0.0117532423952 0.0163648884889 0.0244795207817 0.00869513287003 0.0353664258948 0.0180780144879 0.0168862119353 0.00438590090227 0.00809454876763 0.0279643784357 0.0197081057193 0.0188212453189 0.0483144328884 0.0183251167698 -0.000517653838066 0.0358656056641 0.0139954262665 0.00606097000085 0.000286525082539 0.0146616884657 0.0181987217104 0.0114481098277 0.0202070979235 0.0103556587541 0.00950569495144 0.00693062194319 0.00353954448769 0.0121886449632 
-0.00117617443739 0.017740984726 -0.00557447774666 0.000808540384364 0.0160391952854 0.0415624673932 0.0239715343754 0.323391078079 -0.00537536734538 0.0106101382005 0.0446948692186 -0.00243459992576 0.0605042300363 0.0112687343794 0.0376641029591 0.0158009287061 0.0480648312649 -0.00582097766195 0.0132358618029 0.0149497079802 0.0245215944784 0.0176569683195 0.0202797438593 0.0246433087178 0.0338626579809 0.0186615294011 -0.0139484907694 0.0240625395696 0.0119414574613 0.0299596850154 0.01045749805 0.00490315875098 0.0152650411039 0.0213702980719 0.026485685704 0.00700658456244 0.0143084457858 0.0187959501209 0.014304014064 0.00419353641316 
-0.00102601999555 -0.00543329552275 0.0147999116583 -0.00630730313223 0.0050113571776 -0.00585744049037 0.0279939333539 -0.00537536734538 1.13753665903 -0.0153817118657 0.00739024832892 -0.00416388476408 0.0107674850747 -0.00925830507652 0.00468893997983 0.0185147766155 0.0367683379958 0.00746070196188 -0.0097072602359 -0.00587925173531 -0.00247501752617 0.00171153393734 -0.00337957670187 -0.00767431011911 0.00205328499528 0.000708682099303 0.00266980408096 0.00139857575737 -0.0157627236622 0.00319696677835 -0.0158321871463 0.0159321720699 -0.0105246442045 -0.00084402510794 0.0313924024112 0.0320796050465 0.0105725727989 0.00177733368824 -0.00376351928502 0.00270932037132 
0.00682464953625 0.0138697424519 0.0128700838786 -0.00283332723646 0.00809152685143 0.05995036341 0.00622174089985 0.0106101382005 -0.0153817118657 0.586459556366 0.0131801603494 0.0174906380776 0.00200249744014 0.0257572375206 -0.00975444006469 0.0338955041604 0.021504939137 0.00619867012727 0.00798833919349 0.000253382112392 0.0333275826341 0.0100480683299 0.0200385148164 0.0255684710671 0.0117160364277 -0.00152593697547 0.000852631755824 0.0115006343856 -0.00312635002151 -0.00160265266377 0.0285611818153 0.00490308675735 0.00814365300737 0.0163495342705 0.00412995948217 -0.0121981896955 0.0150130488673 0.0368732946188 0.0182736891448 -0.0101531229581 
0.0170540913803 0.0225636322076 0.0072650451326 0.00658541674475 0.0307596707553 0.0221666968963 0.0297284198535 0.0446948692186 0.00739024832892 0.0131801603494 0.395003998021 0.022870074603 0.0306376464597 0.0269774422233 0.0310428981752 0.0681667761053 0.052674700877 0.000805966852747 0.0310920843753 0.0233784771957 0.0488011925254 0.0169069233308 0.0335567167624 0.0237497632569 0.0457001315236 0.0299331579318 0.00227551643047 0.0301993365299 0.0242506390353 0.0191247055858 0.0286979615992 0.0121538930055 0.0599718317025 0.0103260763912 0.0128295780852 0.0139972806624 0.0134200192898 0.0780047891896 0.0141339549469 0.0162413772654 
0.00300003662018 0.00456932882731 0.0038111871159 0.0253611463643 0.0124272565374 0.00330679954391 0.0189491849278 -0.00243459992576 -0.00416388476408 0.0174906380776 0.022870074603 0.232979977446 0.00991189526344 0.0032306947681 0.0138337373621 -0.00622872038434 0.0108299793463 0.00642722867873 0.00683202907715 0.0147623145348 0.00340835893652 -0.00105829019251 0.00805182066231 0.0204976476491 0.0105540845179 0.010299331935 0.0033887842431 0.0157145691342 0.0104126727564 0.014347816836 -0.0123870838834 0.0180446971707 -0.00727299313439 -0.0138505548099 -0.00077103193075 -0.0052876580127 0.0132221942286 0.00125402935606 0.0181305238849 0.0207811404453 
0.00403329940778 0.00581364631295 0.00222366238799 0.0106926334938 0.0169554806291 0.0557704375802 0.0117532423952 0.0605042300363 0.0107674850747 0.00200249744014 0.0306376464597 0.00991189526344 0.468013076749 -0.000940940351351 0.0469625649177 0.0106398577183 0.0187077510884 -0.00847675863221 0.010433042203 0.0265994623803 0.032850341365 0.040256066216 0.0102722887875 0.0364766351633 0.0303263083587 0.0164936509429 -0.00294941809349 0.0121407334941 0.0224023461117 -0.0010187661869 -0.00460007919174 0.00928292420333 0.0223453908869 0.012807245763 0.08429709287 0.00582256642734 0.0106702247809 0.0184451393173 0.0230629758132 0.0443520051719 
0.00695477368242 0.00946754661954 0.0215728532693 0.00714923981343 0.016891459594 0.0138134006781 0.0163648884889 0.0112687343794 -0.00925830507652 0.0257572375206 0.0269774422233 0.0032306947681 -0.000940940351351 0.36723444889 0.00259668804814 0.0445790219535 0.00944817837856 -0.00334032476098 0.00806023187193 0.0170362138308 0.0268211793906 0.0189671249497 0.0134452943343 0.0084944494596 0.0284952994831 0.0124108878862 -0.00709281570406 0.0221539987927 0.0110446866028 0.0174435657775 0.00953593861027 -0.00273618027206 0.0366719422031 0.00678251579971 0.0211655859731 0.0046274475775 0.0175707648752 0.00432264313875 0.0242116460729 -0.00352275617012 
0.000234008731476 0.0184777653353 0.00384775797232 0.010009686215 0.0322858751143 0.0573868323218 0.0244795207817 0.0376641029591 0.00468893997983 -0.00975444006469 0.0310428981752 0.013833737362 0.0469625649177 0.00259668804814 0.322053939942 0.0202396231089 0.0159815483427 0.0121372438196 -0.0010199077608 0.024520442382 0.0576359311343 0.00487023136498 0.0368902391607 0.0224833932955 0.0275781413771 0.0330714860799 -0.00254037681717 0.0198027179871 0.00818797524006 0.0108203378289 0.000175961083073 0.00968877223404 0.0178850052445 0.0205162679416 0.0353488341559 0.0100455599504 0.0022484023615 0.0307726519537 0.0456584391278 -0.0378620554588 
-0.00533379440114 0.0203343612335 0.0052895906649 0.000358642969845 0.0253514112953 0.0453589455162 0.00869513287003 0.0158009287061 0.0185147766155 0.0338955041604 0.0681667761053 -0.00622872038434 0.0106398577183 0.0445790219535 0.0202396231089 0.317316866665 0.0281649162508 -0.00152294258869 0.0172183136471 0.027454215847 0.0403779612007 0.0227167063406 0.0180419548418 0.0258327840466 0.0369208341317 0.0144570156559 0.0221180005447 0.0280014697486 0.033780481652 0.0170811730206 0.014856870258 0.0121618079305 0.0299829357605 0.0120518966439 0.00889349273934 0.00280788467799 0.0230184393263 0.0124357819118 0.0254605224772 -0.00224914985107 
0.016018009413 0.0385450256743 0.0277737886148 0.0147316042875 0.0273023400467 0.0145264291331 0.0353664258948 0.0480648312649 0.0367683379958 0.021504939137 0.052674700877 0.0108299793463 0.0187077510884 0.00944817837856 0.0159815483427 0.0281649162508 0.662804329718 0.0332450590291 0.0126017429333 0.0153559684726 0.0384364291341 0.0830892987242 0.042991973521 0.0369125087115 0.0579701679941 0.0593821704106 -0.0119858026916 0.0358299642727 0.0337738784597 0.0212465221931 0.0226233532616 0.0123611933053 0.0761160339517 0.0186922821752 0.0852210986916 0.0854469470808 0.0139206435812 0.122218147214 0.0206793272915 0.0606594526532 
0.0531629703698 0.0205372747166 0.054955891084 0.00961747651257 0.0166677754901 0.0148316085186 0.0180780144879 -0.00582097766195 0.00746070196188 0.00619867012727 0.000805966852747 0.00642722867873 -0.00847675863221 -0.00334032476098 0.0121372438196 -0.00152294258868 0.0332450590291 0.281494213718 0.00891184469322 0.0097713420049 0.0135372117285 0.0117326366821 0.0135398616492 0.030386849046 0.0147123395711 0.0300983699096 -0.00361097185448 0.0228191654176 0.0144093505761 0.00981891455592 0.00649542348072 0.0167443863454 0.0179405112716 0.0178682574409 0.0116499391515 0.033042671495 0.0384891865167 0.0235121991652 0.0100524515912 0.0247385728373 
0.0147546600307 0.0130053330058 -3.90068765618e-05 0.0177362589351 0.022129022352 -0.000314295003674 0.0168862119353 0.0132358618029 -0.0097072602359 0.00798833919349 0.0310920843753 0.00683202907715 0.010433042203 0.00806023187193 -0.0010199077608 0.0172183136471 0.0126017429333 0.00891184469322 0.286386365257 -0.00102859928594 0.0188372080999 -0.00928096289811 0.0142001164685 0.0148437986003 0.0156544342426 0.0185375576221 0.0216998631754 0.00521816570166 0.0187943380399 0.0121236588522 0.0130530068419 0.00807887970566 0.00271898924027 0.0154914574425 0.0159618584313 0.0027874139958 0.0232551425576 0.0267382853307 0.0183280362199 0.0040910754861 
0.00240352308475 0.0198388546462 0.0143323158505 0.0073775252454 0.0183320641296 0.0211121008144 0.00438590090227 0.0149497079802 -0.00587925173531 0.000253382112392 0.0233784771957 0.0147623145348 0.0265994623803 0.0170362138308 0.024520442382 0.027454215847 0.0153559684726 0.00977134200489 -0.00102859928594 0.261000541659 0.00892264731476 0.0205848111835 0.00824107984039 0.0148545362162 0.038530569912 0.00986677648375 0.00193436711383 0.0123412740027 0.0104588359411 -0.00625765967411 0.0166514754038 0.00659156350368 0.013110644672 0.013889122179 0.00109741567568 0.00410749348856 0.0117216709208 0.00166484277805 0.0137645299039 0.0128597331314 
0.00400344925205 0.0305822147864 0.0357232206241 0.00553136712599 0.00605003701907 0.0199154919 0.00809454876763 0.0245215944784 -0.00247501752617 0.0333275826341 0.0488011925254 0.00340835893652 0.032850341365 0.0268211793906 0.0576359311343 0.0403779612007 0.0384364291341 0.0135372117285 0.0188372080999 0.00892264731476 0.384517444643 0.025969736036 0.0403103457397 0.0249703214309 0.0195901768859 0.0315714145094 0.00296762388934 0.0217585875731 0.013656354392 0.00394269745082 0.0101452781613 -0.010323408258 0.0136261077897 0.0255194421685 0.0135023410538 0.00368069754234 0.017553773046 0.0477056141823 0.00706519189794 0.0183221589916 
0.0151518927389 0.0186276969154 0.0126264654331 0.0112841019813 0.00975142142902 0.0297218971454 0.0279643784357 0.0176569683195 0.00171153393734 0.0100480683299 0.0169069233308 -0.00105829019251 0.040256066216 0.0189671249497 0.00487023136498 0.0227167063406 0.0830892987242 0.0117326366821 -0.00928096289811 0.0205848111835 0.025969736036 0.299050297818 0.00605309930753 0.0445872836534 0.0277482594645 0.0209257613656 -0.00600822844007 0.0208514315318 0.0145552859199 0.000519509776084 0.020510021596 0.00171925087983 0.0175355235385 0.0262848708707 0.0248525420916 0.0221200618434 -0.00582832650264 0.0478925585706 0.00889674850114 0.0165536184653 
0.0150190787337 0.0349516964042 0.0161333849159 0.00577687871094 0.0445808122978 0.00673569631217 0.0197081057193 0.0202797438593 -0.00337957670187 0.0200385148164 0.0335567167624 0.00805182066231 0.0102722887875 0.0134452943343 0.0368902391607 0.0180419548418 0.042991973521 0.0135398616492 0.0142001164685 0.00824107984039 0.0403103457397 0.00605309930753 0.255956756562 0.0284968073358 0.0148222726588 0.0345263587682 0.0115883898359 0.0255255145444 0.0156687719252 0.0207495949609 0.0284030888848 0.00521010472575 0.0174797704152 0.0160789806156 0.00887516848338 0.022940829036 0.00881027481637 0.0208423556134 0.0172525229317 0.00790591837019 
0.0185172756286 0.022291457031 0.00460942153622 0.0091362712609 0.0332336604306 0.0405104032513 0.0188212453189 0.0246433087178 -0.00767431011911 0.0255684710671 0.0237497632569 0.0204976476491 0.0364766351633 0.0084944494596 0.0224833932955 0.0258327840466 0.0369125087115 0.030386849046 0.0148437986003 0.0148545362162 0.0249703214309 0.0445872836534 0.0284968073358 0.246133696652 0.0339651042491 0.0206233188976 0.00708218908637 0.0380146057795 0.0193964588155 0.00857733500914 0.00781591662297 0.00982180128348 0.0163801928447 0.0179423053697 0.0123172773231 0.0189906812403 0.0153614332398 0.0203995987286 0.0127283752605 0.0144137313531 
0.000668015911388 0.0180349215483 0.0127063117236 0.00380682119144 0.00178509600196 0.0224538273731 0.0483144328884 0.0338626579809 0.00205328499528 0.0117160364277 0.0457001315236 0.0105540845179 0.0303263083587 0.0284952994831 0.0275781413771 0.0369208341317 0.0579701679941 0.0147123395711 0.0156544342426 0.038530569912 0.0195901768859 0.0277482594645 0.0148222726588 0.0339651042491 0.336003866985 0.0190719930556 0.0184582692328 0.00665819722212 0.0239027889867 0.0200146792389 0.0096045094366 0.0368927572294 0.0269834928848 0.0148538955188 0.0352962535376 0.0282109224762 0.0130744140338 0.0306132780487 0.0118493454834 0.0132765551726 
0.0166560712457 0.0186344528073 0.00854575259877 0.015250708921 0.021240768229 0.0187748534591 0.0183251167698 0.0186615294011 0.000708682099303 -0.00152593697547 0.0299331579318 0.010299331935 0.0164936509429 0.0124108878862 0.0330714860799 0.0144570156559 0.0593821704106 0.0300983699096 0.0185375576221 0.00986677648375 0.0315714145094 0.0209257613656 0.0345263587682 0.0206233188976 0.0190719930556 0.385140159152 -0.00416976523642 0.0180299999004 0.0194539097979 0.00876522346125 0.0195938818251 0.0112136835134 0.0502448407764 0.0167934774583 0.0261569746833 0.0420333664974 0.00811949149149 0.0519068186948 0.0306111484334 0.0233606017813 
0.00717065169601 0.00397429977857 -0.00932444208239 -0.00552128695294 0.00718822009792 -0.00105790863553 -0.000517653838067 -0.0139484907694 0.00266980408096 0.000852631755823 0.00227551643047 0.0033887842431 -0.00294941809349 -0.00709281570406 -0.00254037681717 0.0221180005447 -0.0119858026916 -0.00361097185448 0.0216998631754 0.00193436711383 0.00296762388934 -0.00600822844007 0.0115883898359 0.00708218908637 0.0184582692328 -0.00416976523642 0.640119342861 0.0132613098239 0.00847674467865 0.0290227250392 0.00878056323177 0.00131926788498 -0.0224359552136 0.0278591182009 -0.00240728439238 -0.000431803661957 0.0103317020506 0.0454261434701 0.00135005165388 -0.007974414424 
0.0250164840301 0.0421586351435 0.00568438900722 0.00393881999852 0.0580575582476 0.0377767227222 0.0358656056641 0.0240625395696 0.00139857575737 0.0115006343856 0.0301993365299 0.0157145691342 0.0121407334941 0.0221539987927 0.0198027179871 0.0280014697486 0.0358299642727 0.0228191654176 0.00521816570166 0.0123412740027 0.0217585875731 0.0208514315318 0.0255255145444 0.0380146057795 0.00665819722212 0.0180299999004 0.0132613098239 0.215107974074 0.0139722968971 0.0101972585278 0.015431790028 0.0162482334536 0.0162315569394 0.0217611572386 0.0157787856478 0.00792209903117 0.0128848923707 3.66131621906e-05 0.0204786459617 0.0117250825098 
0.00343373383778 0.00715000907014 0.00163426508833 0.0174219525171 0.00201394293785 0.0303338969534 0.0139954262665 0.0119414574613 -0.0157627236622 -0.00312635002151 0.0242506390353 0.0104126727564 0.0224023461117 0.0110446866028 0.00818797524006 0.033780481652 0.0337738784597 0.0144093505761 0.0187943380399 0.0104588359411 0.013656354392 0.0145552859199 0.0156687719252 0.0193964588155 0.0239027889867 0.0194539097979 0.00847674467865 0.0139722968971 0.236728710748 0.0120550394242 0.0109407271736 0.0278109460654 0.011597075206 0.0179736484399 0.0370253963818 0.0119319477767 0.0139580275483 0.021807940929 0.00278547679977 0.0345347965033 
0.018159065657 0.00590952435508 0.0236197597702 0.0126175304551 0.0170207841935 0.0129490305763 0.00606097000086 0.0299596850154 0.00319696677835 -0.00160265266377 0.0191247055858 0.014347816836 -0.0010187661869 0.0174435657775 0.0108203378289 0.0170811730206 0.0212465221931 0.00981891455592 0.0121236588522 -0.00625765967411 0.00394269745082 0.000519509776084 0.0207495949609 0.00857733500914 0.0200146792389 0.00876522346125 0.0290227250392 0.0101972585278 0.0120550394242 0.393288205321 0.0304739791913 0.020121975803 0.0223587910166 0.0177710745753 0.00374903066118 0.00502930466933 0.0106308783012 0.0822231950202 0.0104342915966 -0.0257479116931 
0.0142111861967 0.0125236031747 -0.00761093679437 0.0195025970922 0.0252899278469 0.00103915072719 0.00028652508254 0.01045749805 -0.0158321871463 0.0285611818153 0.0286979615992 -0.0123870838834 -0.00460007919174 0.00953593861027 0.000175961083073 0.014856870258 0.0226233532616 0.00649542348072 0.0130530068419 0.0166514754038 0.0101452781613 0.020510021596 0.0284030888848 0.00781591662297 0.0096045094366 0.0195938818251 0.00878056323177 0.015431790028 0.0109407271736 0.0304739791913 0.302003369418 0.0104721254032 0.00770143676781 0.0167985221563 0.0108570925818 0.0131118707041 0.0169167119305 0.0319795029221 0.0047547574387 -0.00323547219269 
0.012739819891 0.0290423476096 -0.000246159027807 0.000185776482665 0.0265877410847 0.00360460887221 0.0146616884657 0.00490315875098 0.0159321720699 0.00490308675735 0.0121538930055 0.0180446971707 0.00928292420333 -0.00273618027206 0.00968877223404 0.0121618079305 0.0123611933053 0.0167443863454 0.00807887970566 0.00659156350368 -0.010323408258 0.00171925087983 0.00521010472575 0.00982180128348 0.0368927572294 0.0112136835134 0.00131926788498 0.0162482334536 0.0278109460654 0.020121975803 0.0104721254032 0.295135736232 0.0170252264193 0.00653993954832 0.0144067166701 -0.00879134164407 0.0295091717197 0.0274620028017 0.00109069164253 0.00774852267534 
0.00620116509137 0.0244383953186 0.000846475837864 0.00979743151197 0.0153725673681 0.0349971660137 0.0181987217104 0.0152650411039 -0.0105246442045 0.00814365300737 0.0599718317025 -0.00727299313439 0.0223453908869 0.0366719422031 0.0178850052445 0.0299829357605 0.0761160339517 0.0179405112716 0.00271898924027 0.013110644672 0.0136261077897 0.0175355235385 0.0174797704152 0.0163801928447 0.0269834928848 0.0502448407764 -0.0224359552136 0.0162315569394 0.011597075206 0.0223587910166 0.00770143676781 0.0170252264193 0.319347694074 0.0186838356909 0.0303139351186 0.00400947526235 0.00865944994039 0.0203415841149 0.0192279240762 0.0043034037445 
0.0150770579205 0.0136469030217 -0.00329737808278 0.00215036906611 0.0179744184028 0.00711956538932 0.0114481098277 0.0213702980719 -0.00084402510794 0.0163495342705 0.0103260763912 -0.0138505548099 0.012807245763 0.00678251579971 0.0205162679416 0.0120518966439 0.0186922821752 0.0178682574409 0.0154914574425 0.013889122179 0.0255194421685 0.0262848708707 0.0160789806156 0.0179423053697 0.0148538955188 0.0167934774583 0.0278591182009 0.0217611572386 0.0179736484399 0.0177710745753 0.0167985221563 0.00653993954832 0.0186838356909 0.394356367463 0.0189234295049 0.00436235541698 0.00250585147915 0.00761287006089 0.00889528639992 0.0147798501615 
0.00602625234583 0.023711059278 0.00969700761753 0.00381795440193 0.0109814132178 0.0231948203423 0.0202070979235 0.026485685704 0.0313924024112 0.00412995948217 0.0128295780852 -0.00077103193075 0.08429709287 0.0211655859731 0.0353488341559 0.00889349273934 0.0852210986916 0.0116499391515 0.0159618584313 0.00109741567568 0.0135023410538 0.0248525420916 0.00887516848338 0.0123172773231 0.0352962535376 0.0261569746833 -0.00240728439238 0.0157787856478 0.0370253963818 0.00374903066118 0.0108570925818 0.0144067166701 0.0303139351186 0.0189234295049 0.340775125064 0.0239185976766 0.0142634879592 0.00766853054273 0.0208476302158 0.0127666678025 
0.0306406253529 -0.000795083679604 0.0322567515789 0.0162256979684 0.00638149098858 -0.00699705579176 0.0103556587541 0.00700658456244 0.0320796050465 -0.0121981896955 0.0139972806624 -0.0052876580127 0.00582256642734 0.0046274475775 0.0100455599504 0.00280788467799 0.0854469470808 0.033042671495 0.00278741399579 0.00410749348856 0.00368069754234 0.0221200618434 0.022940829036 0.0189906812403 0.0282109224762 0.0420333664974 -0.000431803661956 0.00792209903117 0.0119319477767 0.00502930466933 0.0131118707041 -0.00879134164407 0.00400947526235 0.00436235541698 0.0239185976766 0.252312961227 0.0355488755071 0.036940627286 0.000176820546082 0.0118496799821 
0.0410817496595 0.0111032977108 0.0191459658554 0.0126480879545 0.0400350435943 0.0352161537211 0.00950569495144 0.0143084457858 0.0105725727989 0.0150130488673 0.0134200192898 0.0132221942286 0.0106702247809 0.0175707648752 0.0022484023615 0.0230184393263 0.0139206435812 0.0384891865167 0.0232551425576 0.0117216709208 0.017553773046 -0.00582832650264 0.00881027481637 0.0153614332398 0.0130744140338 0.00811949149149 0.0103317020506 0.0128848923707 0.0139580275483 0.0106308783012 0.0169167119305 0.0295091717197 0.00865944994039 0.00250585147915 0.0142634879592 0.0355488755071 0.368346104782 0.00407776737484 0.00984202997809 0.00172528610134 
0.0202689547142 -0.00138615607707 0.0324727259833 0.0108542431783 0.00959306854141 0.0357298054401 0.00693062194319 0.0187959501209 0.00177733368824 0.0368732946188 0.0780047891896 0.00125402935605 0.0184451393173 0.00432264313875 0.0307726519537 0.0124357819118 0.122218147214 0.0235121991652 0.0267382853307 0.00166484277805 0.0477056141823 0.0478925585706 0.0208423556134 0.0203995987286 0.0306132780487 0.0519068186948 0.0454261434701 3.66131621906e-05 0.021807940929 0.0822231950202 0.0319795029221 0.0274620028017 0.0203415841149 0.00761287006089 0.00766853054273 0.036940627286 0.00407776737484 1.24054824883 0.001750558956 0.0234900367276 
0.0029696197708 0.00847587211999 0.00793756687754 0.00316085997347 0.0363088987903 0.0109161973007 0.00353954448769 0.014304014064 -0.00376351928502 0.0182736891448 0.0141339549469 0.0181305238849 0.0230629758132 0.0242116460729 0.0456584391278 0.0254605224772 0.0206793272915 0.0100524515912 0.0183280362199 0.0137645299039 0.00706519189794 0.00889674850114 0.0172525229317 0.0127283752605 0.0118493454834 0.0306111484334 0.00135005165388 0.0204786459617 0.00278547679977 0.0104342915966 0.0047547574387 0.00109069164253 0.0192279240762 0.00889528639992 0.0208476302158 0.000176820546082 0.00984202997809 0.001750558956 0.216089565286 0.0038313371215 
0.0160204069054 -0.000204986147839 0.0246058410725 0.00642726202489 0.0155644415637 0.00583139883135 0.0121886449632 0.00419353641316 0.00270932037132 -0.0101531229581 0.0162413772654 0.0207811404453 0.0443520051719 -0.00352275617012 -0.0378620554588 -0.00224914985107 0.0606594526532 0.0247385728373 0.0040910754861 0.0128597331314 0.0183221589916 0.0165536184653 0.00790591837019 0.0144137313531 0.0132765551726 0.0233606017813 -0.007974414424 0.0117250825098 0.0345347965033 -0.0257479116931 -0.00323547219269 0.00774852267534 0.0043034037445 0.0147798501615 0.0127666678025 0.0118496799821 0.00172528610134 0.0234900367276 0.0038313371215 0.979774941081 

['PCG', 'CBSS', 'AES', 'CPB', 'GDW', 'LTD', 'PNC', 'SPLS', 'FRX', 'FSH', 'ALTR', 'WWY', 'ODP', 'PFE', 'BBBY', 'DELL', 'FCX', 'PEG', 'WPI', 'AN', 'MOT', 'BLL', 'CMCSA', 'AIV', 'MOLX', 'ASH', 'MYL', 'FHN', 'TYC', 'PAYX', 'ABI', 'EFX', 'ROH', 'GENZ', 'LPX', 'CVX', 'CEG', 'CIEN', 'GCI', 'HUM']