40
0.0449680709256 0.0115927538848 0.026407260569 0.0764707668379 0.0161403943775 0.0284224966367 0.0297209295042 0.0278380444533 0.041097516798 0.0202574279786 0.005148759701 0.0466468708745 0.044891801276 0.0435638119902 0.0290232005544 0.0711634289065 0.0223482457603 0.0621529110589 0.0852779749864 0.126958151155 0.0788996306534 0.0165000515881 0.0704019073317 0.0692922129373 0.0247746242904 0.0275926739743 0.02736418452 0.0253746335001 0.0206637964956 0.0313696733512 0.0270240384822 0.0784336943662 0.0210495138202 0.0832698050771 0.0933125666969 0.0149217979249 0.0151091702759 0.128222495688 0.125871369107 0.0262343191133 
0.189218635276 0.014703835301 0.0188673483425 0.0215489990738 0.0131594481347 0.00777441759761 0.00207585316037 -0.000840502709587 0.0226209747666 0.017334253821 0.0179891067794 0.0066567010553 0.0158197346106 0.0160499612206 0.00417004980396 -0.0144287169056 0.0154892786525 0.0178529676435 0.0417626381117 0.0121340381335 0.00933732892527 0.0134846062801 0.0256771559567 0.0216915978704 0.0105270679997 0.011144210193 0.01753880125 0.0105152813119 0.0147921879287 0.0473935688138 0.0174508931329 0.0191405496755 0.0163459238439 0.0274962538063 0.0104335509895 0.0105321111177 0.0185532849238 0.0124829468367 -0.0116929348024 0.017156458033 
0.014703835301 0.142792085709 0.009221571456 0.0181577207591 0.015182947201 0.0104548010945 0.000790994788724 0.0147689513334 0.0139802383716 0.0191895827309 0.00975989932471 0.00867260154513 0.0188976463767 0.0137710760117 0.00672600708747 0.00859521951892 0.0114455654451 0.0135428371376 0.0196938737406 0.0165648121695 0.0182238703376 0.00874342161107 0.0162058696999 0.029155833005 0.0138734704696 0.00193632274007 0.0131997883497 0.0146287360137 0.0203020396803 0.00933520839553 0.0130135146899 0.0063642824331 0.0233503273219 0.0160562221771 -0.000844131308215 0.0144707726366 0.00775605128197 0.0304636759237 0.000691299144962 0.0149635111695 
0.0188673483425 0.009221571456 0.201883275401 0.0325196594395 0.00788014356398 0.00641286291379 0.00909494948123 0.0175474652402 0.0206922389061 0.0223217405522 0.0037063516665 0.0120504239348 0.028852478707 0.0211578440274 0.0233398357967 0.000501226634527 0.054814319123 0.0172768080351 0.0210131738439 0.00782710454968 0.0129745070094 0.0236013092145 0.0405747677729 0.0300321221969 0.0179044500185 0.0188083746583 0.0220609414875 0.0099481985722 0.0131334399132 0.0167254257266 0.0310152826055 0.0137390377503 0.0196590918081 0.00703914326616 0.00962012809704 0.0202509861605 0.0217489046317 0.0221767124688 0.0321956807852 0.0381396449665 
0.0215489990738 0.0181577207591 0.0325196594395 0.466608056489 -0.0119089703177 -0.00220122756368 -0.00345819222899 0.0046388642864 0.0218456584188 0.0374564002871 0.0169396537431 0.00984378324236 0.0321627973764 0.0101105326704 0.0208913467773 0.0131514714157 0.0376190509358 0.0550666963034 0.0393561868262 0.0250149082283 0.0177445558431 0.00410508073035 0.0480777020823 0.0330222463153 0.0103433778534 0.00857889413607 0.0207024564231 0.0324439772933 0.0170030368387 0.035388154864 0.0172654987856 0.0123200736975 0.0170117718722 0.0313925652366 0.0125936780264 0.0330451436705 0.00573729993746 0.0356008924396 0.0650500673454 0.0148578316959 
0.0131594481347 0.015182947201 0.00788014356397 -0.0119089703177 0.172791822681 0.00424655348175 0.00621612449804 0.0169377164181 0.0145416689432 0.0143463428248 0.0088940607612 0.00282387761113 0.0137551172271 0.0074575935788 -0.000867782958671 0.00363146287 0.0136144990236 0.0112619597321 0.0139278106135 0.0024592755944 -0.00105063228992 0.00511400692802 -0.00308142278288 0.0110809944344 0.0173455758501 0.00623801445736 0.00579892836262 0.00215970773639 0.0179389916994 0.0055090904969 0.000727650682979 0.0230511390686 -0.00109512136218 0.00438318454604 -0.014821285271 0.0357628930535 0.0116327016781 0.0155855594188 -0.00346341015397 0.0231434085125 
0.00777441759761 0.0104548010945 0.00641286291379 -0.00220122756368 0.00424655348175 0.19503491332 0.000552525165539 0.0108224999089 0.000719850740524 0.00812896729782 0.0194812751519 0.0157239846473 0.00654478172992 0.0223928701824 0.00146372910923 0.016121993476 0.0118352510927 0.00980692276685 0.00326394077925 0.00803885364252 0.0362547586111 0.0146192079847 0.00444628542413 0.0139243806116 0.0282877106303 -0.00414647588824 0.00895978095094 0.00406840657802 0.0117909222234 0.0140708782211 0.00883226085148 0.00485222769242 -0.00449004002327 0.00484159936188 -0.00149309466731 0.00947485383239 0.0105874537249 0.00829009844837 0.000552390032176 0.0158955798459 
0.00207585316037 0.000790994788723 0.00909494948123 -0.00345819222899 0.00621612449804 0.000552525165538 0.216077706776 0.0135130165046 0.00437210161915 0.014908263554 0.00632423943617 0.0013091189906 0.0575117209701 0.00897177819104 0.0194573999458 0.00800249182693 0.0206154439255 0.0124153809783 0.00727537389881 -0.00950991310797 -0.000867860065862 0.00227109713922 0.0139391290518 0.00176848946783 0.00907479892824 0.0127676216391 0.00512010781387 0.0112519239312 0.0185629697806 0.0117737962441 0.0024779941248 0.00402262905804 0.0133294545554 -0.00650773174652 0.000269049011509 -0.000239164421192 0.0128510870144 0.00500004968807 -0.00327755865081 0.0102903286788 
-0.000840502709585 0.0147689513334 0.0175474652402 0.0046388642864 0.0169377164181 0.0108224999089 0.0135130165046 0.182851467798 0.0122060987796 0.0185235538703 0.013276679427 0.00988765925406 0.0158968902817 0.021423774961 0.00721385749019 0.0200521956438 0.00821186628627 0.0237948873988 0.020788319715 -0.000944415292912 0.0133779244576 0.00789800872277 0.00172738896321 0.0104642485938 0.0248225525546 0.00609013004688 0.0167091426867 -0.000249906378727 0.00644466595671 0.0115692637135 0.00359717077176 0.0158210449815 0.0173908065265 -0.00244391613018 0.00340914854837 0.0048878436727 0.0198169496861 0.0165099780384 0.00214350583901 0.0135728640212 
0.0226209747666 0.0139802383716 0.0206922389061 0.0218456584188 0.0145416689432 0.000719850740524 0.00437210161915 0.0122060987796 0.254431115818 0.0217636337464 0.00972966313116 0.00880559421625 0.0205834002544 0.0137233412473 0.0278823605437 0.00634902947105 0.0141912520424 -0.00157316615008 0.0121925589175 0.0376543097516 0.00165905946013 0.0220273534554 0.0432088787404 0.0121669010828 0.0124396094695 -0.00446661452842 0.0149581173227 0.0288257148771 0.0220423035674 0.017425720389 0.0187382840792 0.0215277582743 0.0118409806675 0.0357342895987 0.0298389495264 0.016498735023 0.0175538737556 0.00647662782999 0.000806880086911 0.0335966818375 
0.017334253821 0.0191895827309 0.0223217405522 0.0374564002871 0.0143463428248 0.00812896729782 0.014908263554 0.0185235538703 0.0217636337464 0.281773368304 0.0109332638735 0.0174500701868 0.0304607840609 0.00316184502448 0.022389182635 0.0178470825065 0.00824527716525 0.0186454095585 0.00323696567455 0.034969228561 0.00920019830411 0.018120274065 0.0440194997546 0.0581440647504 0.0216654069346 -0.00687529268886 0.0307179335373 0.035778032365 0.0221844000528 0.0184231374858 0.0186932673251 -0.013806595142 0.0162558863191 0.0145307465793 -0.00977833397954 0.0274115641578 0.0177155584115 0.0404542646421 0.0190370100537 0.0245470937311 
0.0179891067794 0.00975989932471 0.0037063516665 0.0169396537431 0.0088940607612 0.0194812751519 0.00632423943617 0.013276679427 0.00972966313116 0.0109332638735 0.235163250474 0.0125332702246 0.0129913859813 0.00816762034942 0.0171471386658 0.015446672263 0.00876476841717 0.0122898309133 0.0166226812467 -0.00743957251807 0.00668038204432 0.0063066876353 0.0110592750928 0.0212143619284 -0.000897697403022 -0.00430289979066 0.0052124529406 0.0100992111624 0.0182158267889 0.00644336967353 0.00853925820596 0.00973817540528 0.0105609028681 0.00256592208343 -0.00326414578137 -0.00754209595057 0.00090685311561 0.0113758301252 -0.0025307589182 0.00441181028617 
0.0066567010553 0.00867260154513 0.0120504239348 0.00984378324236 0.00282387761113 0.0157239846473 0.0013091189906 0.00988765925406 0.00880559421625 0.0174500701868 0.0125332702246 0.364866676992 0.0106302314976 0.0096278092889 0.0133691635952 0.0352547763889 0.0290045331227 0.0152062971236 0.0200092771393 0.0564280539838 0.0109890390307 0.0417623082587 0.00849037108157 0.0151194577327 0.00707780857005 0.000738145875788 0.0500857883452 0.00490788151281 0.0156206975939 0.00244897402126 0.00679735543852 0.0294975936671 0.00922675221052 0.0362724166573 0.00649306541423 0.0252151794379 0.00845486407864 0.0218269148534 -0.0109043849436 0.0111471589573 
0.0158197346106 0.0188976463767 0.028852478707 0.0321627973764 0.0137551172271 0.00654478172992 0.0575117209701 0.0158968902817 0.0205834002544 0.0304607840609 0.0129913859813 0.0106302314976 0.33240906836 0.0190351938696 0.0199314167885 0.0383670325458 0.0244393275666 0.0382730970427 0.0282831204162 0.0528077250074 0.0213979262759 0.00944025199717 0.0243084223357 0.0354179233853 0.024069946012 0.0135391548807 0.00731596019475 0.00582328664607 0.02258198297 0.010801909154 0.00600005785447 0.026481835888 0.0160546265203 0.0333245538882 0.0174038129518 0.0278743796165 0.0172844499033 0.032041836242 0.0257647224403 0.0154843737051 
0.0160499612206 0.0137710760117 0.0211578440274 0.0101105326704 0.0074575935788 0.0223928701824 0.00897177819104 0.021423774961 0.0137233412473 0.00316184502448 0.00816762034942 0.0096278092889 0.0190351938696 0.276336274195 0.0183045623767 0.00813464575543 0.0219529468256 0.0240883197846 0.0228631688355 0.0162830925507 -0.00574608611579 0.013457048122 0.0183492474534 0.0125837834255 0.00115160422647 0.00225736408946 0.0161467564718 0.00592246100572 0.0173822634896 0.0122436437404 0.00932695173515 0.0146753011318 -0.0168266763998 0.0232568893375 -0.00676095967674 0.0011924430635 0.000715082985566 0.0298786591114 -0.00311863737044 0.00160355695326 
0.00417004980396 0.00672600708747 0.0233398357967 0.0208913467773 -0.000867782958671 0.00146372910923 0.0194573999458 0.00721385749019 0.0278823605437 0.022389182635 0.0171471386658 0.0133691635952 0.0199314167885 0.0183045623767 0.249355482097 0.0247518112302 0.0281672149205 0.015679191733 0.015401378701 0.00737731037191 0.0188196238714 0.0150337564888 0.0258171046025 0.019833864841 0.0239438972343 -0.000261156989062 0.0182245109785 0.033232548742 0.019845067118 0.0123880545656 0.0176261592343 -0.00273895849275 0.0177826626105 -0.00458076890148 0.00207754497757 0.00446832959454 0.0218493245228 0.0248769253646 -0.00184123284816 0.0263838678216 
-0.0144287169056 0.00859521951892 0.000501226634526 0.0131514714157 0.00363146287 0.016121993476 0.00800249182693 0.0200521956438 0.00634902947105 0.0178470825065 0.015446672263 0.0352547763889 0.0383670325458 0.00813464575543 0.0247518112302 0.63676733874 0.00175715538709 0.00430553404178 0.0336885405324 0.0297378512894 0.0128744357248 0.00360233054454 0.0141548827342 0.0077084729023 0.0221334293156 0.00861685369729 0.0144218732427 0.0132960591089 0.0115677509953 -0.0103938077882 0.0216395719136 0.00926293886498 0.00182727746925 0.0060248292076 0.0100169248858 0.0116154158373 0.00645916814067 0.0445468883468 0.00172076438207 0.00162318459107 
0.0154892786525 0.0114455654451 0.054814319123 0.0376190509358 0.0136144990236 0.0118352510927 0.0206154439255 0.00821186628627 0.0141912520424 0.00824527716525 0.00876476841717 0.0290045331227 0.0244393275666 0.0219529468256 0.0281672149205 0.00175715538709 0.209053447179 0.0175863592974 0.0127955333908 0.0146721541873 0.0149985137737 0.0221747120384 0.0238303934784 0.0169729560209 0.0288598086363 0.0100665478998 0.0169662719994 0.00944320732074 0.0220578488632 0.00721349629445 0.0219930972987 0.00613482042814 0.0182378688844 0.00411925373642 0.00817996977068 0.0120803385827 0.0119954757978 0.032513737084 0.00868907737542 0.045953171978 
0.0178529676435 0.0135428371376 0.0172768080351 0.0550666963034 0.0112619597321 0.00980692276685 0.0124153809783 0.0237948873988 -0.00157316615008 0.0186454095585 0.0122898309133 0.0152062971236 0.0382730970427 0.0240883197846 0.015679191733 0.00430553404178 0.0175863592974 0.328772998628 0.0257383776404 0.00219605724423 0.0249839803749 -0.000251096446059 0.0289441623705 0.0167902746774 0.0186899078276 0.0111988008474 0.00198072333695 0.0158725107619 0.0200628712885 0.0130539086053 0.0227239336664 0.00126679180339 0.00922414592129 0.0104485476001 -0.00695932095361 0.0324104181738 0.0109340793278 0.0310228695247 0.0216929133084 0.00888701653137 
0.0417626381117 0.0196938737406 0.0210131738439 0.0393561868262 0.0139278106135 0.00326394077925 0.00727537389881 0.020788319715 0.0121925589175 0.00323696567455 0.0166226812467 0.0200092771393 0.0282831204162 0.0228631688355 0.015401378701 0.0336885405324 0.0127955333908 0.0257383776404 0.398497948154 0.0207299602942 -0.00582420033146 0.0204429018553 0.0297974855399 0.00839241912329 0.0184198699595 0.00625683193702 0.00865056693613 0.0220938890982 0.0177358623379 0.0423223380478 0.0125679454844 0.0637080343294 0.0275734953604 0.00728471529985 0.0344420670225 0.0197708686995 0.0200555275748 0.0283244631297 -0.0147583034474 0.0194155798313 
0.0121340381335 0.0165648121695 0.00782710454968 0.0250149082283 0.0024592755944 0.00803885364252 -0.00950991310797 -0.000944415292912 0.0376543097516 0.034969228561 -0.00743957251807 0.0564280539838 0.0528077250074 0.0162830925507 0.00737731037191 0.0297378512894 0.0146721541873 0.00219605724423 0.0207299602942 0.426262994568 0.0230257755556 0.0286681164627 0.0420328800816 0.0237855442081 0.0190832407852 0.0146895229533 0.0286077270526 0.0144214365026 0.010760682703 0.00670921679176 -0.0125233742859 0.0220065109901 -0.00418543045023 0.144185963208 -0.00850142929068 0.00550659951361 0.0106158455499 0.0486776444173 -0.0201692070731 0.00361110422005 
0.00933732892527 0.0182238703376 0.0129745070094 0.0177445558431 -0.00105063228992 0.0362547586111 -0.000867860065862 0.0133779244576 0.00165905946013 0.00920019830411 0.00668038204432 0.0109890390307 0.0213979262759 -0.00574608611579 0.0188196238714 0.0128744357248 0.0149985137737 0.0249839803749 -0.00582420033146 0.0230257755556 0.756391774719 -0.00210255134674 0.00819201085353 0.0283749679747 0.0157263510907 -0.0101314719874 0.00148667110401 0.0144221670258 -0.00231866078502 0.0087151652023 0.00762061606526 -0.00456509860341 0.00707389909276 0.00197363552555 -0.00361378598944 0.0397534134027 0.0055218594663 0.0064879354782 -0.00986379784547 0.00790809728663 
0.0134846062801 0.00874342161107 0.0236013092145 0.00410508073035 0.00511400692801 0.0146192079847 0.00227109713922 0.00789800872277 0.0220273534554 0.018120274065 0.0063066876353 0.0417623082587 0.00944025199717 0.013457048122 0.0150337564888 0.00360233054454 0.0221747120384 -0.000251096446059 0.0204429018553 0.0286681164627 -0.00210255134674 0.147053944241 0.0141668476281 0.00601723389417 0.0113863800004 -0.00183193281395 0.0462446456869 0.0139346113712 0.0122571431144 0.0104909004216 0.00412804561775 0.00553889571821 0.00849065164971 0.0200999929826 0.00257358875087 0.0057074209849 0.00868629450796 0.0140414108164 0.0145757625544 0.0177922047854 
0.0256771559567 0.0162058696999 0.0405747677729 0.0480777020823 -0.00308142278288 0.00444628542413 0.0139391290518 0.00172738896321 0.0432088787404 0.0440194997546 0.0110592750928 0.00849037108157 0.0243084223357 0.0183492474534 0.0258171046025 0.0141548827342 0.0238303934784 0.0289441623705 0.0297974855399 0.0420328800816 0.00819201085353 0.0141668476281 0.289987828646 0.0442697851084 0.0298353061455 -0.00984056497416 0.0319499494325 0.0236242282334 0.0257100408007 0.0280472741354 0.0284492593838 0.0236858402899 0.0185979662625 0.0486412588416 0.0117977702027 0.0428773585933 0.0184284249621 0.0503619685509 0.00646942748062 0.0338526743973 
0.0216915978704 0.029155833005 0.0300321221969 0.0330222463153 0.0110809944344 0.0139243806116 0.00176848946783 0.0104642485938 0.0121669010828 0.0581440647504 0.0212143619284 0.0151194577327 0.0354179233853 0.0125837834255 0.019833864841 0.0077084729023 0.0169729560209 0.0167902746774 0.00839241912329 0.0237855442081 0.0283749679747 0.00601723389417 0.0442697851084 0.407770892125 0.0221738202615 0.0105004656893 0.0117204583329 0.0357468966501 0.0182739661304 0.0220572447194 0.021388684604 0.0251440603569 0.0159979172101 0.0128835744314 0.0183404076209 0.0698335360537 0.0180647786744 0.0565597194582 0.0201099206661 0.0307346907144 
0.0105270679997 0.0138734704696 0.0179044500185 0.0103433778534 0.0173455758501 0.0282877106303 0.00907479892824 0.0248225525546 0.0124396094695 0.0216654069346 -0.000897697403023 0.00707780857005 0.024069946012 0.00115160422647 0.0239438972343 0.0221334293156 0.0288598086363 0.0186899078276 0.0184198699595 0.0190832407852 0.0157263510907 0.0113863800004 0.0298353061455 0.0221738202615 0.183066454662 -0.00177854408504 0.0139882434042 0.0149535598539 0.0211590056139 0.0110200381222 0.00851060323494 0.00583427976471 0.0105462434466 0.0125836374679 0.019827291643 0.0366118970391 0.0179313019266 0.0442477941364 0.00804045431981 0.0212707865411 
0.011144210193 0.00193632274007 0.0188083746583 0.00857889413607 0.00623801445736 -0.00414647588824 0.0127676216391 0.00609013004688 -0.00446661452842 -0.00687529268886 -0.00430289979066 0.000738145875788 0.0135391548807 0.00225736408946 -0.000261156989062 0.00861685369729 0.0100665478998 0.0111988008474 0.00625683193702 0.0146895229533 -0.0101314719874 -0.00183193281395 -0.00984056497416 0.0105004656893 -0.00177854408504 0.367398966071 0.0117960202708 0.0289275815315 0.0133870069053 0.00324560418393 -0.000225358488341 0.0144366901276 0.00122620768459 -0.00926949893568 -0.00279633129736 0.0411047191287 0.0205204936645 0.014157721596 -0.0185430798978 0.00797295337293 
0.01753880125 0.0131997883497 0.0220609414875 0.0207024564231 0.00579892836262 0.00895978095094 0.00512010781387 0.0167091426867 0.0149581173227 0.0307179335373 0.00521245294061 0.0500857883452 0.00731596019475 0.0161467564718 0.0182245109785 0.0144218732427 0.0169662719994 0.00198072333695 0.00865056693613 0.0286077270526 0.00148667110401 0.0462446456869 0.0319499494325 0.0117204583329 0.0139882434042 0.0117960202708 0.191870666166 -0.00536045152524 0.0160907907063 0.0315346854913 0.00309332369307 0.00962437323908 0.0132814034118 0.0412382502171 -0.0012891308131 0.0139676298107 0.00860469011774 0.030650668511 0.00111078887598 0.0192402203879 
0.0105152813119 0.0146287360137 0.0099481985722 0.0324439772933 0.00215970773639 0.00406840657802 0.0112519239312 -0.000249906378727 0.0288257148771 0.035778032365 0.0100992111624 0.00490788151281 0.00582328664607 0.00592246100572 0.033232548742 0.0132960591089 0.00944320732074 0.0158725107619 0.0220938890982 0.0144214365026 0.0144221670258 0.0139346113712 0.0236242282334 0.0357468966501 0.0149535598539 0.0289275815315 -0.00536045152524 0.286063715359 0.0177831300002 0.0124905025084 0.0114441458856 0.00710527349824 0.0022464881202 0.0150522851163 0.00200345083529 0.0399106611036 0.0106433658433 0.0416497077836 -0.00217378446462 0.0221543495321 
0.0147921879287 0.0203020396803 0.0131334399132 0.0170030368387 0.0179389916994 0.0117909222234 0.0185629697806 0.00644466595671 0.0220423035674 0.0221844000528 0.0182158267889 0.0156206975939 0.02258198297 0.0173822634896 0.019845067118 0.0115677509953 0.0220578488632 0.0200628712885 0.0177358623379 0.010760682703 -0.00231866078502 0.0122571431144 0.0257100408007 0.0182739661304 0.0211590056139 0.0133870069053 0.0160907907063 0.0177831300002 0.154788880323 0.0176542839699 0.0313510030959 0.00104021671079 0.0113899095286 -0.00433084386888 0.00709909152204 0.0119254232325 0.0173044790139 0.0226371508557 -0.00450349677031 0.0212722063588 
0.0473935688138 0.00933520839553 0.0167254257266 0.035388154864 0.0055090904969 0.0140708782211 0.0117737962441 0.0115692637135 0.017425720389 0.0184231374858 0.00644336967353 0.00244897402126 0.010801909154 0.0122436437404 0.0123880545656 -0.0103938077882 0.00721349629445 0.0130539086053 0.0423223380478 0.00670921679176 0.0087151652023 0.0104909004216 0.0280472741354 0.0220572447194 0.0110200381222 0.00324560418393 0.0315346854913 0.0124905025084 0.0176542839699 0.170891193553 0.00865591913318 0.0129193684776 -0.00633760780674 0.0170340815884 -0.00145414615276 0.00888423283559 0.0188314586255 0.0287430899243 -0.0107112008272 0.0226673659113 
0.0174508931329 0.0130135146899 0.0310152826055 0.0172654987856 0.000727650682979 0.00883226085148 0.0024779941248 0.00359717077176 0.0187382840792 0.0186932673251 0.00853925820596 0.00679735543852 0.00600005785447 0.00932695173515 0.0176261592343 0.0216395719136 0.0219930972987 0.0227239336664 0.0125679454844 -0.0125233742859 0.00762061606526 0.00412804561775 0.0284492593838 0.021388684604 0.00851060323494 -0.000225358488341 0.00309332369307 0.0114441458856 0.0313510030959 0.00865591913318 0.225587028365 0.00894333549788 0.00108100653351 -0.010785369825 0.0212274601537 0.00809578958884 0.00978710656836 0.0363922787676 -0.00952861484047 0.0314577022418 
0.0191405496755 0.0063642824331 0.0137390377503 0.0123200736975 0.0230511390686 0.00485222769242 0.00402262905804 0.0158210449815 0.0215277582743 -0.013806595142 0.00973817540528 0.0294975936671 0.0264818358879 0.0146753011318 -0.00273895849275 0.00926293886498 0.00613482042814 0.00126679180339 0.0637080343294 0.0220065109901 -0.00456509860341 0.00553889571821 0.0236858402899 0.0251440603569 0.00583427976471 0.0144366901276 0.00962437323908 0.00710527349824 0.00104021671079 0.0129193684776 0.00894333549788 0.361610304375 0.0137553260998 -0.00803456884269 0.0748810728525 0.0174445371459 0.012301381457 0.013376173451 -0.000873028513425 0.00508230622902 
0.0163459238439 0.0233503273219 0.0196590918081 0.0170117718722 -0.00109512136218 -0.00449004002327 0.0133294545554 0.0173908065265 0.0118409806675 0.0162558863191 0.0105609028681 0.00922675221052 0.0160546265203 -0.0168266763998 0.0177826626105 0.00182727746925 0.0182378688844 0.00922414592129 0.0275734953604 -0.00418543045023 0.00707389909276 0.00849065164971 0.0185979662625 0.0159979172101 0.0105462434466 0.00122620768459 0.0132814034118 0.0022464881202 0.0113899095286 -0.00633760780674 0.00108100653351 0.0137553260998 0.32410891086 0.0118610282483 0.00645877431296 0.0217993745759 0.00412945691884 0.0462875718936 -0.0218545295948 0.00741305233583 
0.0274962538063 0.0160562221771 0.00703914326616 0.0313925652366 0.00438318454604 0.00484159936188 -0.00650773174652 -0.00244391613018 0.0357342895987 0.0145307465793 0.00256592208343 0.0362724166573 0.0333245538882 0.0232568893375 -0.00458076890148 0.0060248292076 0.00411925373642 0.0104485476001 0.00728471529985 0.144185963208 0.00197363552555 0.0200999929826 0.0486412588416 0.0128835744314 0.0125836374679 -0.00926949893568 0.0412382502171 0.0150522851163 -0.00433084386888 0.0170340815884 -0.010785369825 -0.00803456884269 0.0118610282483 0.390409677809 -0.000671882168762 -0.000546028309858 0.0097149724745 0.0507568794469 -0.0102333161458 -0.00501143946512 
0.0104335509895 -0.000844131308215 0.00962012809704 0.0125936780264 -0.014821285271 -0.00149309466731 0.000269049011509 0.00340914854837 0.0298389495264 -0.00977833397954 -0.00326414578137 0.00649306541423 0.0174038129518 -0.00676095967674 0.00207754497757 0.0100169248858 0.00817996977068 -0.00695932095361 0.0344420670225 -0.00850142929068 -0.00361378598944 0.00257358875087 0.0117977702027 0.0183404076209 0.019827291643 -0.00279633129736 -0.0012891308131 0.00200345083529 0.00709909152204 -0.00145414615276 0.0212274601537 0.0748810728525 0.00645877431296 -0.000671882168762 0.997440263016 0.00284239241736 0.00661457307996 0.00982140432333 -0.0126622157955 0.0138936094758 
0.0105321111177 0.0144707726366 0.0202509861605 0.0330451436705 0.0357628930535 0.00947485383239 -0.000239164421192 0.0048878436727 0.016498735023 0.0274115641578 -0.00754209595057 0.0252151794379 0.0278743796165 0.0011924430635 0.00446832959454 0.0116154158373 0.0120803385827 0.0324104181738 0.0197708686995 0.00550659951361 0.0397534134027 0.0057074209849 0.0428773585933 0.0698335360537 0.0366118970391 0.0411047191287 0.0139676298107 0.0399106611036 0.0119254232325 0.00888423283559 0.00809578958884 0.0174445371459 0.0217993745759 -0.000546028309858 0.00284239241736 0.31622095125 0.0139223370889 0.0503195385887 0.00619072262381 0.0226043909724 
0.0185532849238 0.00775605128197 0.0217489046317 0.00573729993746 0.0116327016781 0.0105874537249 0.0128510870144 0.0198169496861 0.0175538737556 0.0177155584115 0.00090685311561 0.00845486407864 0.0172844499033 0.000715082985567 0.0218493245228 0.00645916814067 0.0119954757978 0.0109340793278 0.0200555275748 0.0106158455499 0.0055218594663 0.00868629450796 0.0184284249621 0.0180647786744 0.0179313019266 0.0205204936645 0.00860469011774 0.0106433658433 0.0173044790139 0.0188314586255 0.00978710656836 0.012301381457 0.00412945691884 0.0097149724745 0.00661457307996 0.0139223370889 0.156591430773 0.0223600280773 -0.0100980772104 0.00819654250208 
0.0124829468367 0.0304636759237 0.0221767124688 0.0356008924396 0.0155855594188 0.00829009844837 0.00500004968807 0.0165099780384 0.00647662782999 0.0404542646421 0.0113758301252 0.0218269148534 0.032041836242 0.0298786591114 0.0248769253646 0.0445468883468 0.032513737084 0.0310228695247 0.0283244631297 0.0486776444173 0.0064879354782 0.0140414108164 0.0503619685509 0.0565597194582 0.0442477941364 0.014157721596 0.030650668511 0.0416497077836 0.0226371508557 0.0287430899243 0.0363922787676 0.013376173451 0.0462875718936 0.0507568794469 0.00982140432333 0.0503195385887 0.0223600280773 0.534214281208 0.0148730674666 0.0197386226755 
-0.0116929348024 0.000691299144962 0.0321956807852 0.0650500673454 -0.00346341015397 0.000552390032176 -0.00327755865081 0.00214350583901 0.000806880086911 0.0190370100537 -0.0025307589182 -0.0109043849436 0.0257647224403 -0.00311863737044 -0.00184123284816 0.00172076438207 0.00868907737542 0.0216929133084 -0.0147583034474 -0.0201692070731 -0.00986379784547 0.0145757625544 0.00646942748062 0.0201099206661 0.00804045431981 -0.0185430798978 0.00111078887598 -0.00217378446462 -0.00450349677031 -0.0107112008272 -0.00952861484047 -0.000873028513425 -0.0218545295948 -0.0102333161458 -0.0126622157955 0.00619072262381 -0.0100980772104 0.0148730674666 0.843193458102 0.00581874191753 
0.017156458033 0.0149635111695 0.0381396449665 0.0148578316959 0.0231434085125 0.0158955798459 0.0102903286788 0.0135728640212 0.0335966818375 0.0245470937311 0.00441181028617 0.0111471589573 0.0154843737051 0.00160355695326 0.0263838678216 0.00162318459107 0.045953171978 0.00888701653137 0.0194155798313 0.00361110422005 0.00790809728663 0.0177922047854 0.0338526743973 0.0307346907144 0.0212707865411 0.00797295337293 0.0192402203879 0.0221543495321 0.0212722063588 0.0226673659113 0.0314577022418 0.00508230622902 0.00741305233583 -0.00501143946512 0.0138936094758 0.0226043909724 0.00819654250208 0.0197386226755 0.00581874191753 0.18466945873 

['LMT', 'PBI', 'NCC', 'COH', 'JNJ', 'MKC', 'TAP', 'CL', 'PRU', 'APCC', 'WWY', 'CEG', 'LEG', 'MO', 'CB', 'ACS', 'CMA', 'TJX', 'AET', 'MRO', 'JNY', 'PGN', 'GS', 'ALTR', 'VZ', 'TRB', 'DUK', 'CA', 'AIG', 'NOC', 'FRE', 'MHS', 'HMA', 'APC', 'GT', 'DELL', 'KMB', 'NTAP', 'CVG', 'MI']