30
0.0752984700253 0.0690415105338 0.0535662105727 0.0352458247454 0.0511846892664 0.197480990077 0.275379497042 0.0542920038725 0.0682562642732 0.0420146984796 0.026417897889 0.0441448787565 0.125871369107 0.185879968849 0.0396471392927 0.018453974145 0.0380825412642 0.0270000307956 0.0253425298527 0.0273717205438 0.067654701563 0.0435638119902 0.0678674292734 0.0340754658053 0.0512444991133 0.0357111585815 0.142835786571 0.0289058353667 0.0235207120966 0.0995242847704 
0.480092328064 0.0415968717137 0.016760088316 0.0276562034033 0.0141905043746 0.0237561450314 0.0921871538713 0.0374725116896 0.0164641968576 0.0251069114023 0.0326883830483 0.0285572103824 0.0130316037306 0.0809089362083 0.0112082137748 0.0170247861479 0.0301966714641 0.0341791013485 0.0277541444743 0.0192317772027 0.0184904725432 0.0141287557377 0.0449749098155 0.0111266668971 0.0414922360734 0.0217492637452 -0.0353693427874 0.0258515939591 0.0255654897852 0.0161717100463 
0.0415968717137 0.437812913811 0.038453022 0.0234910592305 0.0313867235222 0.0391098028964 -0.0142139918781 0.0344608488014 0.036666401948 0.0302559364792 0.0298855310608 0.046718473863 0.0212825185935 0.0570752503235 0.0267914932386 0.0168734034543 0.0345305652082 0.0294188539789 0.0329257068449 0.0278212850262 0.0123259348321 0.00652306670424 0.051262786963 -0.0001916306938 0.0373277289196 0.0288898328579 0.0165470190094 0.0396331511815 0.00869193072322 0.0158440876716 
0.016760088316 0.038453022 0.225078849456 0.0205559203452 0.0191881592763 0.0324355254431 -0.00667661496705 0.0271253342901 0.0163572691191 0.01984445219 0.0185279074509 0.0475486327859 0.00700440907355 0.0413060268828 0.0325631289684 0.0114445498582 0.0119433164982 0.0302313384738 0.0277496692588 0.0349575083357 0.0158942763954 0.0228829628672 0.0388178145416 0.0201628676058 0.0123015978278 0.0182982286593 0.0159548391349 0.0223546492038 0.023677766653 0.025368874816 
0.0276562034033 0.0234910592305 0.0205559203452 0.218690137101 0.0193631717947 0.00227550809964 -0.00295129453192 0.0145845604226 0.0237101492458 0.0172426252098 0.0297989837707 0.0364273859752 0.00582975188252 0.0227587484741 0.0185924227324 0.0159336336998 0.00724609686284 0.0121733620279 0.0158904652725 0.0119218773392 0.0138885677236 0.0112074709802 0.0393886336953 0.00280233612226 0.0265425550436 0.0225445540057 0.00743195105953 0.0201713827303 -0.00154112818907 0.00599832403254 
0.0141905043746 0.0313867235222 0.0191881592763 0.0193631717947 0.340543923728 0.0196949692689 -0.0276062731301 0.00358544350075 0.00809787525119 0.00323660618923 0.0192292359761 0.0142878970957 0.0171707077513 0.0527028304829 0.0034637111841 0.0212088261827 0.0122604942891 0.0202766873081 0.00816910243911 0.0283597498715 -0.000746802113153 0.00201780730436 0.0343302336061 0.006280879799 0.0355461543361 0.0153949600088 0.0147188984593 0.0114133537701 0.0198883365723 0.00613878641654 
0.0237561450314 0.0391098028964 0.0324355254431 0.00227550809963 0.0196949692689 0.862897607894 -0.0123245551822 0.00430948650037 0.0046244514883 0.0296721484543 0.0349432126172 0.0207998864253 0.020265338487 0.00406908355708 0.0168757661943 -0.00191548207024 0.0255290108636 0.0133398765227 0.0119509966197 0.0062907841024 0.138056059064 0.018384021884 0.0599351978049 -0.00101250656209 0.0122440183577 0.00717065323028 0.129863442694 0.039998179144 0.0131099543604 0.0188230274469 
0.0921871538713 -0.0142139918781 -0.00667661496705 -0.00295129453192 -0.0276062731301 -0.0123245551822 4.09396754563 0.0259956730306 -0.015788869867 -0.0112207051944 -0.00706422636121 -0.00433803242542 -0.0083606288781 -0.0113756370507 0.0448655506269 0.00128456675389 -0.0174277838927 -0.0171846008688 -0.00718588768151 -0.0108905949823 -0.0187195431032 -0.000802151916335 0.00751061404314 -0.0149611083203 -0.00880394261509 -0.0288170213039 0.00311473756964 -0.0100233500124 -0.00581385490298 -0.0100577161866 
0.0374725116896 0.0344608488014 0.0271253342901 0.0145845604226 0.00358544350075 0.00430948650037 0.0259956730306 0.28283577112 0.0217601653352 0.0119841396076 0.00684732814924 0.0227671902102 0.00415019246838 0.0334027666134 0.0252997654417 0.0152979977605 0.0144861798611 0.0259131972698 0.0189489155578 0.0119176941871 0.009214742353 0.00718119946527 0.0150283258188 0.008453432952 0.013828129277 0.0103215969487 0.00533043563842 0.0175896205474 0.0300088193079 0.0473207687965 
0.0164641968576 0.036666401948 0.0163572691191 0.0237101492459 0.00809787525119 0.0046244514883 -0.015788869867 0.0217601653352 0.385828129407 0.0120053329102 0.0321626322441 0.0293992133973 0.0244027171485 0.0470901404819 -0.00461933367346 0.00900998457817 0.0273175203796 0.0282890093083 0.0167318531201 0.0199627189554 0.001344883732 0.00226080923798 0.0438381351295 0.000543829612942 0.0382708336665 0.0211195817391 0.00490767700082 0.0249679878201 0.0149079353762 0.0354714483351 
0.0251069114023 0.0302559364792 0.01984445219 0.0172426252098 0.00323660618924 0.0296721484543 -0.0112207051944 0.0119841396076 0.0120053329102 0.218754287047 0.00890210546933 0.0191979121259 -0.00873336409952 0.0327921528629 0.0407806202492 2.50358672314e-05 0.0194271746438 0.0191446207261 0.00408725869796 0.0136393572269 0.00728702670586 0.0438084624151 0.020755297594 0.0203451620969 0.0256240041913 0.0189655560617 0.000421981498831 0.0405556208224 0.00508223483407 0.0404545923974 
0.0326883830483 0.0298855310608 0.0185279074509 0.0297989837707 0.0192292359761 0.0349432126172 -0.00706422636121 0.00684732814924 0.0321626322441 0.00890210546932 0.270047825134 0.0300919322509 0.00599038392292 0.0777321650803 0.0148041094932 -0.00167520383744 0.012040874733 0.0172736481229 0.011183931189 0.0128634721357 -0.00207649181991 0.000558400033975 0.0274722759717 0.0126987819314 0.0444388239038 0.0234318246178 -0.0107068502088 0.0206623276233 0.0128460761626 0.0296699482297 
0.0285572103824 0.046718473863 0.0475486327859 0.0364273859751 0.0142878970957 0.0207998864253 -0.00433803242542 0.0227671902102 0.0293992133973 0.019197912126 0.0300919322509 0.259989374717 -0.00027662921657 0.0504058814239 0.050170188307 0.0100613396963 0.0103153247307 0.0346613984209 0.0350153267895 0.0278323358411 0.0193445464655 0.0187974594569 0.0387953911279 0.00570157199212 0.0325595393805 0.0243967318521 0.00753822915115 0.0393725130773 0.00693067277616 0.0215067831729 
0.0130316037306 0.0212825185935 0.00700440907355 0.00582975188252 0.0171707077513 0.020265338487 -0.0083606288781 0.00415019246839 0.0244027171485 -0.00873336409952 0.00599038392292 -0.000276629216568 0.846618823796 0.0352043738908 -0.00793057183293 -0.0107933851842 0.00210040617465 -0.00122522973983 0.00389117202039 -0.00473485085704 0.00589233979885 -0.00169482071147 0.00688503189125 -0.00505977837639 0.010878880144 0.0228149440304 -0.00278638915838 0.00676977282503 0.000857425013851 -0.00682028170373 
0.0809089362083 0.0570752503235 0.0413060268828 0.0227587484741 0.0527028304829 0.00406908355707 -0.0113756370507 0.0334027666134 0.0470901404819 0.0327921528629 0.0777321650803 0.0504058814239 0.0352043738908 0.648742405526 0.0301239472724 0.0186687916066 0.0190898451723 0.0451847042927 0.0208565842146 0.0249264553344 0.0232700744041 0.00542557153988 0.0278692123669 0.030575832422 0.0667229157299 0.0346991561044 0.0157523746058 0.0282284684899 0.0232884727228 0.0726478500494 
0.0112082137748 0.0267914932386 0.0325631289684 0.0185924227324 0.0034637111841 0.0168757661943 0.0448655506269 0.0252997654417 -0.00461933367347 0.0407806202491 0.0148041094932 0.050170188307 -0.00793057183293 0.0301239472724 0.266738004569 0.00697556704893 8.82971882691e-05 0.0215523617909 0.0061057071088 0.0109744002121 0.0326506870843 0.0312759806202 0.0185550901247 0.0199312709469 0.0173584810059 0.020043102388 0.00469636299165 0.0167713890777 0.0217923410776 0.0593452165681 
0.0170247861479 0.0168734034543 0.0114445498582 0.0159336336998 0.0212088261827 -0.00191548207024 0.00128456675389 0.0152979977605 0.00900998457817 2.50358672213e-05 -0.00167520383744 0.0100613396963 -0.0107933851842 0.0186687916066 0.00697556704893 0.250237096451 -0.00599738244194 0.0139480536155 0.0123294237155 0.0177901251934 0.0188874323105 0.00989455267831 -0.0046375916442 0.0160185440811 0.00353315278911 0.0149359292203 0.0176664247815 0.00564705854765 0.0319143602086 0.014119729471 
0.0301966714641 0.0345305652082 0.0119433164982 0.00724609686283 0.0122604942891 0.0255290108636 -0.0174277838927 0.0144861798611 0.0273175203796 0.0194271746438 0.012040874733 0.0103153247307 0.00210040617465 0.0190898451723 8.82971882685e-05 -0.00599738244193 0.255699365629 0.0163181848355 0.0138822273577 0.0287568313177 0.00881471583417 0.000308058646481 0.0225959649178 0.0118561199313 0.0207313625699 0.0123671568936 0.00276267062275 0.0321576123309 0.0144107766532 0.019821682069 
0.0341791013485 0.0294188539789 0.0302313384738 0.0121733620279 0.0202766873081 0.0133398765227 -0.0171846008688 0.0259131972698 0.0282890093083 0.0191446207261 0.0172736481229 0.0346613984209 -0.00122522973983 0.0451847042927 0.0215523617909 0.0139480536155 0.0163181848355 0.224527506263 0.0148565054139 0.0128470260053 0.00520511216186 0.00599502412532 0.0354164500555 0.00765598480151 0.0288710403005 0.0142659387175 0.0119339440734 0.0246672840384 0.0177091094842 0.0203733718384 
0.0277541444743 0.0329257068449 0.0277496692589 0.0158904652725 0.00816910243911 0.0119509966198 -0.00718588768151 0.0189489155578 0.0167318531201 0.00408725869793 0.0111839311889 0.0350153267895 0.00389117202039 0.0208565842146 0.00610570710878 0.0123294237155 0.0138822273577 0.0148565054139 0.197392651631 0.0203878649337 0.025922786001 0.00930426886456 0.0266593216961 0.00993204446628 0.00661300895035 0.0192659983534 -0.00464904746879 0.0103004075662 0.00957156095379 0.00286126612907 
0.0192317772027 0.0278212850262 0.0349575083357 0.0119218773392 0.0283597498715 0.00629078410241 -0.0108905949823 0.0119176941871 0.0199627189554 0.0136393572269 0.0128634721357 0.0278323358411 -0.00473485085704 0.0249264553344 0.0109744002121 0.0177901251934 0.0287568313177 0.0128470260053 0.0203878649338 0.241136385489 0.00757921042337 0.0121611254089 0.0208996655979 0.0169283830583 0.02768931661 0.027482572498 -0.00452810181538 0.0174651209405 0.00674144945045 0.028161229626 
0.0184904725432 0.0123259348321 0.0158942763954 0.0138885677236 -0.000746802113153 0.138056059064 -0.0187195431032 0.009214742353 0.001344883732 0.00728702670586 -0.00207649181991 0.0193445464655 0.00589233979886 0.0232700744041 0.0326506870843 0.0188874323105 0.00881471583417 0.00520511216186 0.025922786001 0.00757921042338 0.362360895673 0.0253928842638 0.00641493265525 0.00703486984325 0.000785940472078 0.00696394167097 -0.00200625579932 0.00345039193345 0.0131108665492 0.0160578258202 
0.0141287557377 0.00652306670424 0.0228829628672 0.0112074709802 0.00201780730436 0.018384021884 -0.000802151916335 0.00718119946528 0.00226080923798 0.0438084624151 0.000558400033979 0.018797459457 -0.00169482071147 0.00542557153987 0.0312759806201 0.0098945526783 0.000308058646475 0.00599502412532 0.00930426886456 0.0121611254089 0.0253928842638 0.279667497072 -0.00855170976383 0.0146759083175 0.0116696079127 0.0124903095523 -0.0035174231157 0.0148739324 0.0184281847732 0.00375180085442 
0.0449749098155 0.051262786963 0.0388178145416 0.0393886336953 0.0343302336061 0.0599351978049 0.00751061404314 0.0150283258188 0.0438381351295 0.020755297594 0.0274722759717 0.0387953911279 0.00688503189125 0.0278692123669 0.0185550901247 -0.0046375916442 0.0225959649178 0.0354164500555 0.0266593216961 0.0208996655979 0.00641493265525 -0.00855170976383 0.394252651895 0.00962881254304 0.0226246359203 0.0627691909628 0.0872635340482 0.0317883696313 0.0171813812473 0.0196868299748 
0.0111266668971 -0.000191630693799 0.0201628676058 0.00280233612227 0.006280879799 -0.0010125065621 -0.0149611083203 0.00845343295199 0.000543829612942 0.020345162097 0.0126987819314 0.00570157199215 -0.00505977837639 0.030575832422 0.0199312709469 0.0160185440811 0.0118561199313 0.00765598480149 0.00993204446625 0.0169283830583 0.00703486984326 0.0146759083175 0.00962881254304 0.186789629141 -0.00639566739462 0.00713747043499 0.00099737474426 0.00187974332327 0.0101192917147 0.0163496570214 
0.0414922360734 0.0373277289196 0.0123015978278 0.0265425550436 0.0355461543361 0.0122440183578 -0.00880394261509 0.013828129277 0.0382708336665 0.0256240041913 0.0444388239038 0.0325595393805 0.010878880144 0.0667229157299 0.0173584810059 0.0035331527891 0.0207313625699 0.0288710403005 0.00661300895034 0.02768931661 0.000785940472082 0.0116696079127 0.0226246359203 -0.00639566739461 0.268866892531 0.0278669162662 -0.02141775168 0.0082792904961 0.00552306414256 0.0384945093198 
0.0217492637452 0.0288898328579 0.0182982286593 0.0225445540057 0.0153949600088 0.00717065323029 -0.0288170213039 0.0103215969487 0.0211195817391 0.0189655560617 0.0234318246178 0.0243967318521 0.0228149440304 0.0346991561044 0.020043102388 0.0149359292203 0.0123671568936 0.0142659387175 0.0192659983534 0.027482572498 0.00696394167097 0.0124903095523 0.0627691909628 0.00713747043499 0.0278669162661 0.301385159104 0.0223915819373 0.0318822035452 0.0161391098864 0.00503027895449 
-0.0353693427874 0.0165470190094 0.0159548391349 0.00743195105953 0.0147188984593 0.129863442694 0.00311473756964 0.00533043563842 0.00490767700082 0.000421981498831 -0.0107068502088 0.00753822915115 -0.00278638915838 0.0157523746058 0.00469636299165 0.0176664247815 0.00276267062275 0.0119339440734 -0.00464904746878 -0.00452810181538 -0.00200625579932 -0.0035174231157 0.0872635340482 0.00099737474426 -0.02141775168 0.0223915819373 1.24498584694 -0.00101544916766 0.0239080301232 0.0105411999045 
0.0258515939591 0.0396331511815 0.0223546492038 0.0201713827303 0.0114133537701 0.039998179144 -0.0100233500124 0.0175896205473 0.0249679878201 0.0405556208224 0.0206623276233 0.0393725130774 0.00676977282503 0.0282284684899 0.0167713890777 0.00564705854763 0.0321576123309 0.0246672840384 0.0103004075662 0.0174651209405 0.00345039193345 0.0148739324 0.0317883696313 0.00187974332329 0.0082792904961 0.0318822035452 -0.00101544916766 0.240789020961 0.00312182617385 0.00786466338163 
0.0255654897852 0.00869193072322 0.023677766653 -0.00154112818905 0.0198883365723 0.0131099543604 -0.00581385490298 0.0300088193079 0.0149079353762 0.0050822348341 0.0128460761626 0.00693067277617 0.000857425013851 0.0232884727228 0.0217923410776 0.0319143602086 0.0144107766532 0.0177091094842 0.00957156095375 0.00674144945047 0.0131108665492 0.0184281847732 0.0171813812473 0.0101192917147 0.00552306414253 0.0161391098864 0.0239080301232 0.00312182617382 0.220009560739 -0.000875911675463 
0.0161717100463 0.0158440876716 0.025368874816 0.00599832403254 0.00613878641655 0.0188230274469 -0.0100577161866 0.0473207687965 0.0354714483351 0.0404545923974 0.0296699482297 0.0215067831729 -0.00682028170373 0.0726478500494 0.0593452165681 0.014119729471 0.019821682069 0.0203733718384 0.00286126612905 0.028161229626 0.0160578258202 0.00375180085443 0.0196868299749 0.0163496570214 0.0384945093198 0.00503027895449 0.0105411999045 0.00786466338162 -0.000875911675462 0.450013916056 

['STJ', 'A', 'ASN', 'FII', 'NCR', 'AAPL', 'RSH', 'ORCL', 'FDX', 'LTR', 'MWV', 'MEL', 'CVG', 'X', 'EIX', 'SYY', 'EDS', 'ITW', 'LLY', 'TYC', 'SWY', 'MO', 'FD', 'CPB', 'TIN', 'HET', 'THC', 'STA', 'CCE', 'WMB']