40
0.0874158444094 0.478952808182 0.00873698993333 0.0672535079153 0.0270240384822 0.107116270008 0.061476397973 0.080285366307 0.025657065471 0.0698927007 0.0459594094694 0.0251604878384 0.0123991351417 0.0253425298527 0.0255776045185 0.0690593134036 0.0404531955786 0.0192488530763 0.0331056926512 0.0244433913508 0.026407260569 0.0414012394119 0.149246593495 0.0988670942005 0.0396221554001 0.0635798530397 0.0335830315084 0.0268988212896 0.116988452624 0.0604038345904 0.0446705301477 0.0191748751409 0.0282353637115 0.0297209295042 0.0271794955288 0.00399952409326 0.0435638119902 0.0299059053764 0.0861911318708 0.121001700606 
0.559223632424 -0.00923098306198 0.00552470431657 0.0144252872423 -0.00351345006959 0.0547444803483 0.0211785975864 0.016276109454 0.0262615113399 0.00470697867519 0.0116288074067 0.00587089943592 0.010564942161 -0.00434501925563 0.00468081595113 0.00274499816852 0.00716555276574 0.00535903413978 0.000132887016436 -0.00160049776851 -0.00273559144017 0.01748727114 0.014927437812 0.0544863266975 0.0121461453697 0.00238533742861 0.0395758773188 0.0168139524046 0.0059485596201 0.00181409955607 0.0191335588502 0.00429383889057 0.0102844666812 -0.0105669626207 0.013127971413 0.0116031057434 0.00778913899038 0.0250715233739 0.0396567271626 0.00870981983768 
-0.00923098306198 5.23670862076 0.000267063816772 0.0111306767124 -0.00721019585728 0.0255346394985 -0.0105692957223 -0.0506367058599 -0.00513439183434 0.0422474034761 -0.0250176629841 -0.00452038558146 -0.0129466596241 0.0082523742079 -0.0205145321521 0.00356081933921 -0.00201301986788 -0.00663479874105 0.00227286877073 0.0133532333093 0.00185007987384 -0.000692081615827 0.0192254639504 0.0277206452411 -0.00954524164445 -0.00920652184021 0.0443055650128 -0.00755499164873 -0.0312572483616 0.0578663622529 0.0540108857468 -0.00906776586438 -0.00529412789899 -0.0144777737251 0.019252114443 0.0334930822544 -0.00627468326313 0.00486881994663 0.00198399770456 0.00701742198511 
0.00552470431657 0.000267063816771 0.111627931757 0.00730593603453 0.00808005647106 0.007127588818 0.00884762974233 0.0156651563269 0.00994062975063 0.0160284181593 0.00986597752451 0.00774791808324 0.00552693808542 0.0150448500288 0.014690859394 0.00648127422423 0.0074435120716 0.0203296483389 0.00976586942223 0.0171153195133 0.020549105917 0.0161858987134 0.00485826002696 0.0157425698058 0.0108134112377 0.0131883931542 0.0099477477046 0.00937674576407 0.0146382324489 0.0122978643597 0.013380459592 0.0162015499608 0.0139548670601 0.00537933636439 0.0116125571143 0.014748099092 0.0193495714729 0.00839182571423 0.0120922436676 0.0176497096944 
0.0144252872423 0.0111306767124 0.00730593603453 0.34591155859 0.0236688628533 0.0500699562921 0.0394541409123 0.0159286436379 0.0203854930894 0.0125313297849 0.0144144376399 0.0257500969861 0.00802283476898 0.0211985369649 0.0259875023456 0.0146244023577 0.0234502350185 0.00557499857711 0.0378458445984 0.00930555681165 0.0197535211435 0.0167990071186 0.0126292896468 0.0463197645157 0.0364477938528 0.0463552167139 0.0274435245874 0.0234389731791 0.0478837985637 0.0308285799222 0.0249307719529 0.0223677908272 0.0346995497913 0.011794996663 0.00846425205488 0.0185597178707 -0.00475591847554 0.0158421581458 0.0142758611859 0.00907859488674 
-0.0035134500696 -0.00721019585728 0.00808005647106 0.0236688628533 0.208989641917 0.0024105905009 0.0298330340454 0.00223447091279 0.0284951296251 0.0137208711824 0.0147151316051 0.0206229847097 0.0171764549081 0.0318991439063 0.00980145338964 0.0248316067332 0.0204842496176 0.00656517863828 0.00268309634 0.0211979230171 0.0243302373991 0.0143288854999 -0.0219346278291 0.0168419450353 0.0225813969764 0.0818934286042 0.0181367127776 0.0123322061283 0.017467197458 0.00768390673491 0.0115623293491 0.0237495390832 0.0169577887356 0.000208890622754 0.00283922635216 0.0149060269016 0.0107789810421 0.00714733051605 0.00523562076261 0.0263941526958 
0.0547444803483 0.0255346394985 0.007127588818 0.0500699562921 0.0024105905009 0.512212624975 0.0450552752441 0.0370751872085 0.0132578235789 0.0392318844922 0.0181520978585 0.0121249681401 0.0123064552464 0.0231565195917 0.0235023718664 0.018086782723 0.0359898463672 0.0147670047505 0.00123261243042 0.00543969772013 0.0113249769776 0.0260892437663 0.059965573619 0.128186488865 0.00757583404268 0.0147467776394 0.119037446819 0.0282915379065 0.0388166546642 0.0528835459134 0.0841850785521 -0.00177657505301 0.02420845414 -0.00136447840027 -0.00265754745506 0.0134832176745 0.00416735241178 0.0237340222313 0.0672502456561 0.014376782671 
0.0211785975864 -0.0105692957223 0.00884762974233 0.0394541409123 0.0298330340454 0.0450552752441 0.275949854876 0.0257417077946 0.032442306206 0.057235412875 0.0415604293255 0.0236804188447 0.0126791387688 0.0234372843707 0.0118194039097 0.0294620795271 0.0312470034964 0.0107354232595 0.0180280246387 0.0159860903972 0.0265474181187 0.021617291974 0.043962287269 0.037513675256 0.0333062269899 0.0372246103632 0.0371046473269 0.034202092396 0.0501329110098 0.0329831670105 0.0332623117639 0.0452970167326 0.0279430625407 0.017006258851 0.0224189716848 0.0250095318408 0.0153843531239 0.016310469536 0.0332324086836 0.0514335749327 
0.016276109454 -0.0506367058599 0.0156651563269 0.0159286436379 0.00223447091278 0.0370751872085 0.0257417077946 0.430896864389 0.020209540856 0.036693117265 0.0250199564976 0.0128239201553 0.0429474558671 0.0113532709705 0.0119085889796 0.0212457131311 0.0198476210065 0.0237862039614 0.0094999159125 0.0176002069059 0.0241253778283 0.0235631119565 0.0268095509553 0.0647607312591 0.0184435072697 0.00865498356284 0.021970429912 0.0105742542664 0.0490413206872 0.0254638144961 0.0192215115109 0.0175333209271 0.0138395280594 -0.000334527697364 0.00589868295974 0.0229000202592 0.00716566505919 0.0173325657037 0.029468718054 0.00653663036428 
0.0262615113399 -0.00513439183434 0.00994062975062 0.0203854930894 0.0284951296251 0.0132578235789 0.032442306206 0.020209540856 0.170884814631 0.0277798503467 0.0235247841341 0.0434691164695 0.0148825094881 0.00896444853366 0.0148242631709 0.0309702213509 0.0198430192336 0.0163088733613 0.0157447870996 0.018483244097 0.050161657291 0.0133565062724 0.00381354929742 0.0291163538436 0.0530643166878 0.0368740177915 0.0035052700773 0.0106684168735 0.0162738975188 0.0114598298545 0.015814975592 0.023885014281 0.0420981674148 0.0147994633789 0.0261999196508 0.0184676015929 0.0233702853538 0.0178114677198 0.0283656736572 0.00946717769815 
0.00470697867519 0.0422474034761 0.0160284181593 0.0125313297849 0.0137208711824 0.0392318844922 0.057235412875 0.036693117265 0.0277798503467 0.444386449925 0.0288373740818 0.0159210476115 0.00377875254625 0.010810409477 0.00597424498819 0.0201416409462 0.0240238083842 0.0130734974277 0.0171206679229 0.0246502487635 0.0298939328046 0.0153778320214 0.0158386129608 0.0381531651439 0.0261159305271 0.0701365516054 0.0187055652201 0.000452674569151 0.0375905624072 0.0295189479462 0.048739415824 0.00990618984394 0.0209765485294 -0.00273678108563 0.0150948213356 0.0219914076406 0.00533755280038 0.0225261945406 0.0142219698242 0.0197833846872 
0.0116288074067 -0.0250176629841 0.00986597752451 0.0144144376399 0.0147151316051 0.0181520978585 0.0415604293255 0.0250199564977 0.0235247841341 0.0288373740818 0.35077097457 0.0133847128002 0.0217979173045 0.0107033832363 0.00204407811111 0.0185236974248 0.0183244410894 0.00188816519839 0.00158662621595 0.0243488037589 0.0210979391145 0.0151056774082 0.0184940183126 0.0236857081284 0.0221005229573 0.0241915864235 0.0137559888153 0.00961842897358 0.0538807917624 0.0287642814174 0.0247668308953 0.0275065473984 0.0260006655892 0.0251804775497 0.0217020724166 0.00588173834323 0.010998059523 0.0467364305255 0.0375579552111 0.0223321653751 
0.00587089943592 -0.00452038558146 0.00774791808324 0.0257500969861 0.0206229847097 0.0121249681401 0.0236804188447 0.0128239201553 0.0434691164695 0.0159210476116 0.0133847128002 0.163264272767 0.0107646123907 0.0138877798804 0.015000181044 0.0147627673462 0.0122349067321 0.0147896009473 0.0267296180517 0.016035150576 0.0471108912405 0.00998716484463 -0.00180595752661 0.00584621458021 0.0376333842281 0.0279977431128 0.00804809026557 0.00257566687502 0.0159589556129 0.005110202838 0.0208719872357 0.0268352832917 0.0437768393895 0.00609822272509 0.0223998101529 0.0188782959248 0.0178957719634 0.0146605034564 0.0094390569914 0.0109759412368 
0.010564942161 -0.0129466596241 0.00552693808542 0.00802283476898 0.0171764549081 0.0123064552464 0.0126791387688 0.0429474558671 0.0148825094881 0.00377875254625 0.0217979173045 0.0107646123907 0.189071057674 0.0132233218653 0.00710588648149 0.00420674265602 0.0190502980384 0.00730628313018 0.016212505923 -0.00195106603613 0.0203051099006 0.0121455345183 0.0177418075197 0.0152678589065 0.0090100242057 0.0181931614617 0.0195151700356 0.0237341533815 0.00766696627842 0.00711805245887 0.0232845863475 0.00918133591999 0.0104744578884 0.00613177134284 0.010754109473 0.00157015188148 0.0148675418153 0.011730882106 0.0168894227327 0.00303751971122 
-0.00434501925563 0.0082523742079 0.0150448500288 0.0211985369649 0.0318991439063 0.0231565195917 0.0234372843707 0.0113532709705 0.00896444853366 0.010810409477 0.0107033832363 0.0138877798804 0.0132233218653 0.192404007117 0.0124863565712 0.0128621175811 0.0143457374065 0.0109284047706 0.00519293001853 0.00793419782124 0.0127852950595 0.0105999785285 0.0150761590111 0.015872200834 0.0198287022674 0.021163794971 0.0239531161502 0.0154407397673 0.0136701302379 0.0169063047992 0.0255863658944 0.0108012724955 0.0120758473202 0.0143615060031 0.0331064446219 0.0180113555576 0.00724076475825 0.003310243552 0.0191863993539 0.0223922362579 
0.00468081595112 -0.0205145321521 0.014690859394 0.0259875023456 0.00980145338964 0.0235023718664 0.0118194039097 0.0119085889796 0.0148242631709 0.00597424498819 0.00204407811111 0.015000181044 0.00710588648149 0.0124863565712 0.322262923951 0.00385650021629 0.0178580281175 0.00975025579413 0.0112666593626 -0.00156351621436 0.00313155680324 0.0253270000086 0.00558779299915 0.01718577419 0.0164527011029 0.0327371443265 0.0216258054077 0.000665898106867 0.0199708737128 0.0178685617608 0.00699469162219 0.0104666339408 0.0207791070519 -0.00102817625782 8.31435470669e-05 0.0162849150213 0.00157209170598 0.0184921334011 0.0120666966784 0.0277865452817 
0.00274499816852 0.00356081933921 0.00648127422423 0.0146244023577 0.0248316067332 0.018086782723 0.0294620795271 0.0212457131311 0.0309702213509 0.0201416409462 0.0185236974248 0.0147627673462 0.00420674265602 0.0128621175811 0.00385650021629 0.433004699277 0.015125065446 0.0065203582787 0.016498349111 0.00781144497634 0.018723131036 0.0017485084159 0.0340133547038 0.0277016230604 0.0256835462245 0.0173295431343 0.00886849508443 0.0108878489907 0.0177399588101 0.0227597401469 0.0147421438426 0.00896599908827 0.0202304822924 0.0144956227154 0.0157216091621 0.007588652024 0.00330591068369 0.0112990660222 0.0173084484962 -0.0049712404723 
0.00716555276574 -0.00201301986788 0.0074435120716 0.0234502350185 0.0204842496176 0.0359898463672 0.0312470034964 0.0198476210065 0.0198430192336 0.0240238083842 0.0183244410894 0.0122349067321 0.0190502980384 0.0143457374065 0.0178580281175 0.015125065446 0.351820532104 0.0078120448194 0.0191315442078 0.038483276339 0.022231642643 0.0160418427777 0.0343251918966 0.0442654428681 0.0214891025692 0.0210349504157 0.0132417751621 0.00688439084367 0.0578953673329 0.0361928810657 0.00901634336184 0.0158306191475 0.00684729852398 -0.000312361065126 0.0238130895182 0.00554318963937 0.00713666510127 0.0107199465743 0.00665313083771 0.0327620372036 
0.00535903413978 -0.00663479874105 0.0203296483389 0.00557499857711 0.00656517863828 0.0147670047506 0.0107354232595 0.0237862039614 0.0163088733613 0.0130734974277 0.00188816519839 0.0147896009473 0.00730628313018 0.0109284047706 0.00975025579413 0.0065203582787 0.00781204481939 0.142542914279 0.00173311879721 0.0118585948652 0.00697351029214 0.0160244823713 0.00327869923536 0.00602593301815 0.0134427283835 0.0127276266192 0.00276940520548 0.00739083227731 0.00867171397654 0.000604934944591 0.00774978878965 0.00848789174118 0.0193233912859 0.012189567705 0.0101434077596 0.0168044006576 0.0148418929246 0.0167766977934 0.00634823579795 0.0104488732086 
0.000132887016433 0.00227286877073 0.00976586942223 0.0378458445984 0.00268309634 0.00123261243042 0.0180280246387 0.0094999159125 0.0157447870996 0.0171206679229 0.00158662621595 0.0267296180517 0.016212505923 0.00519293001853 0.0112666593626 0.016498349111 0.0191315442078 0.00173311879721 0.209581939165 0.00914873980745 0.0251832615577 0.0147832231436 0.0634765102123 0.0177431976816 0.0292366916263 0.0382583597991 0.0179223946484 -0.00159866327581 0.00857690783708 0.00793735704915 0.0139082299019 0.0201352629463 0.0276531402949 0.00798787989554 0.014838092752 0.00690471387026 0.0207878483762 0.0122009607384 0.0341924184537 0.0379093538684 
-0.00160049776851 0.0133532333093 0.0171153195133 0.00930555681165 0.0211979230171 0.00543969772013 0.0159860903972 0.0176002069059 0.018483244097 0.0246502487635 0.0243488037589 0.016035150576 -0.00195106603612 0.00793419782124 -0.00156351621436 0.00781144497634 0.038483276339 0.0118585948652 0.00914873980745 0.184766758995 0.0106880920088 0.0102021190359 0.00589987755345 0.00721809622811 0.00895363220108 0.00531206824536 -7.53340481915e-05 0.000810847944991 0.0228329935191 -0.000519248593284 0.00847727302065 0.0229212377932 0.0126666025107 0.0211258081869 0.0153870544193 0.0065543843636 0.00988525812545 0.0133351804552 0.0104932562782 0.00339435303973 
-0.00273559144017 0.00185007987384 0.020549105917 0.0197535211435 0.0243302373991 0.0113249769776 0.0265474181187 0.0241253778283 0.050161657291 0.0298939328046 0.0210979391145 0.0471108912405 0.0203051099006 0.0127852950595 0.00313155680324 0.018723131036 0.022231642643 0.00697351029213 0.0251832615577 0.0106880920088 0.202243472824 0.0165034484671 0.00983096646194 0.0130386126817 0.0317232704922 0.0270541975791 0.0116192220447 0.0080557137045 0.0217175536009 0.020436601673 0.0168312120572 0.0200251829286 0.039987781621 0.0114651499681 0.0171503872471 0.0232966614584 0.0208257318106 0.0229790990319 0.0181064609772 0.00738082120088 
0.01748727114 -0.000692081615827 0.0161858987134 0.0167990071186 0.0143288854999 0.0260892437663 0.021617291974 0.0235631119565 0.0133565062724 0.0153778320214 0.0151056774082 0.00998716484464 0.0121455345183 0.0105999785285 0.0253270000086 0.0017485084159 0.0160418427777 0.0160244823713 0.0147832231436 0.0102021190359 0.0165034484671 0.247902565272 0.018855241005 0.0118804724198 0.0117472036045 0.0223821139877 0.012601587555 -0.000386046326444 0.0135169741439 0.00969119504612 0.00361097106502 0.00886730638099 0.0262633245769 0.0093524179482 0.0111567174689 0.014140377395 0.0121798811497 0.0176882937195 0.00750040314267 0.0172054840413 
0.014927437812 0.0192254639504 0.00485826002697 0.0126292896468 -0.0219346278291 0.059965573619 0.043962287269 0.0268095509553 0.00381354929742 0.0158386129608 0.0184940183126 -0.00180595752661 0.0177418075197 0.0150761590111 0.00558779299915 0.0340133547038 0.0343251918966 0.00327869923536 0.0634765102123 0.00589987755345 0.00983096646194 0.018855241005 0.568250419188 0.0364671906282 0.00841140694953 -0.0114609638426 -0.00459289303808 0.000808847256439 0.0489747135898 0.0349296080802 0.0137790747698 0.0131695286136 0.00652458017765 -0.0017069166851 0.00758495427738 0.000670700495401 0.0196818032003 0.00149729258167 0.0387623166621 0.171839005892 
0.0544863266975 0.0277206452411 0.0157425698058 0.0463197645157 0.0168419450353 0.128186488865 0.037513675256 0.0647607312591 0.0291163538436 0.0381531651439 0.0236857081284 0.00584621458021 0.0152678589065 0.015872200834 0.01718577419 0.0277016230604 0.0442654428681 0.00602593301815 0.0177431976816 0.00721809622811 0.0130386126817 0.0118804724198 0.0364671906282 0.465325605084 0.029631570834 0.0333867167545 0.0680932126207 0.0170999359996 0.0473390046971 0.0671058819908 0.100595373296 0.00696497800594 0.0143440524482 0.000285693900261 0.0161989464863 0.00984822622672 0.0243464379621 0.0236385780719 0.0408016963791 0.0229826586445 
0.0121461453697 -0.00954524164445 0.0108134112377 0.0364477938528 0.0225813969763 0.00757583404268 0.0333062269899 0.0184435072697 0.0530643166878 0.0261159305271 0.0221005229573 0.0376333842281 0.0090100242057 0.0198287022674 0.0164527011029 0.0256835462245 0.0214891025692 0.0134427283835 0.0292366916263 0.00895363220109 0.0317232704922 0.0117472036045 0.00841140694953 0.029631570834 0.172699974865 0.0328645371854 0.0138549190191 0.0164047482133 0.0138891303887 0.0163270946969 0.00974279126029 0.0191207053881 0.0428969483651 0.00489022723243 0.0225451819166 0.0159707393786 0.00833294668779 0.0194579170267 0.0247278124407 0.0110939754594 
0.0023853374286 -0.00920652184021 0.0131883931542 0.0463552167139 0.0818934286042 0.0147467776394 0.0372246103632 0.00865498356284 0.0368740177915 0.0701365516054 0.0241915864235 0.0279977431128 0.0181931614617 0.021163794971 0.0327371443265 0.0173295431343 0.0210349504157 0.0127276266192 0.0382583597991 0.00531206824536 0.0270541975791 0.0223821139877 -0.0114609638426 0.0333867167545 0.0328645371854 0.448595443988 0.0509240692662 -0.00226880546251 0.032618277885 0.0168752514903 0.0303344891388 0.0329332236806 0.0284062104193 0.00465244852052 0.0185153923385 0.0112499205714 0.0087249627961 0.00938911640757 0.0193481576605 0.0253859777039 
0.0395758773188 0.0443055650128 0.0099477477046 0.0274435245874 0.0181367127776 0.119037446819 0.0371046473269 0.021970429912 0.0035052700773 0.0187055652201 0.0137559888153 0.00804809026556 0.0195151700356 0.0239531161502 0.0216258054077 0.00886849508443 0.0132417751621 0.00276940520549 0.0179223946484 -7.53340481926e-05 0.0116192220447 0.012601587555 -0.00459289303808 0.0680932126207 0.0138549190191 0.0509240692662 0.270230101579 0.021169050827 0.0255412379793 0.0269436351903 0.0567438087541 0.00730148602319 0.0141386657428 0.00361319087499 -0.000506690417822 0.012828338766 0.0057915183054 0.00942559179051 0.035906953917 -0.00255107003178 
0.0168139524046 -0.00755499164873 0.00937674576407 0.0234389731791 0.0123322061283 0.0282915379065 0.034202092396 0.0105742542664 0.0106684168735 0.000452674569151 0.00961842897358 0.00257566687502 0.0237341533815 0.0154407397673 0.000665898106867 0.0108878489907 0.00688439084367 0.00739083227731 -0.0015986632758 0.000810847944992 0.0080557137045 -0.000386046326444 0.000808847256438 0.0170999359996 0.0164047482133 -0.00226880546251 0.021169050827 0.223307717163 0.0134851129738 0.0132339808166 0.0102736955768 0.00940510633163 0.0108904372002 -0.000294829907675 0.00555804616338 0.01451001691 0.00184245137904 -0.00568102583942 0.0217270495823 0.00533349251985 
0.0059485596201 -0.0312572483616 0.0146382324489 0.0478837985637 0.017467197458 0.0388166546642 0.0501329110098 0.0490413206872 0.0162738975188 0.0375905624072 0.0538807917624 0.0159589556129 0.00766696627843 0.0136701302379 0.0199708737128 0.0177399588101 0.0578953673329 0.00867171397653 0.00857690783708 0.0228329935191 0.0217175536009 0.0135169741439 0.0489747135898 0.0473390046971 0.0138891303887 0.032618277885 0.0255412379793 0.0134851129738 0.473621988402 0.046827711123 0.00462232236857 0.012780147186 0.0250004061138 0.012426620485 0.00936804165207 -0.012469870417 0.0104021931879 0.016590353444 0.0196240119429 0.0153678760765 
0.00181409955607 0.0578663622529 0.0122978643597 0.0308285799222 0.00768390673491 0.0528835459135 0.0329831670105 0.0254638144961 0.0114598298545 0.0295189479462 0.0287642814174 0.005110202838 0.00711805245887 0.0169063047992 0.0178685617608 0.0227597401469 0.0361928810657 0.000604934944595 0.00793735704915 -0.000519248593286 0.020436601673 0.00969119504612 0.0349296080802 0.0671058819908 0.0163270946969 0.0168752514903 0.0269436351903 0.0132339808166 0.046827711123 0.273746421962 0.0493262503494 0.0194434005066 0.0161476687896 0.00149393084776 -0.00198555468604 0.0146435388465 0.0034668593421 0.0212843767009 0.0303885744341 0.0238267383272 
0.0191335588502 0.0540108857468 0.013380459592 0.0249307719529 0.0115623293491 0.0841850785521 0.0332623117639 0.0192215115108 0.015814975592 0.048739415824 0.0247668308953 0.0208719872357 0.0232845863475 0.0255863658944 0.00699469162219 0.0147421438426 0.00901634336184 0.00774978878964 0.0139082299019 0.00847727302065 0.0168312120572 0.00361097106502 0.0137790747698 0.100595373296 0.00974279126029 0.0303344891388 0.0567438087541 0.0102736955768 0.00462232236857 0.0493262503494 0.304447344865 0.0206407233442 0.0106348001254 0.0138867459261 0.00312456924045 0.0223239986037 0.011817158581 0.0117294925833 0.0193631671952 0.0275528600215 
0.00429383889057 -0.00906776586438 0.0162015499608 0.0223677908272 0.0237495390832 -0.00177657505301 0.0452970167326 0.0175333209271 0.023885014281 0.00990618984394 0.0275065473984 0.0268352832917 0.00918133591998 0.0108012724955 0.0104666339408 0.00896599908827 0.0158306191475 0.00848789174117 0.0201352629463 0.0229212377932 0.0200251829286 0.008867306381 0.0131695286136 0.00696497800594 0.0191207053881 0.0329332236806 0.00730148602319 0.00940510633163 0.012780147186 0.0194434005066 0.0206407233442 0.177720381198 0.0248029126494 0.0102790376471 0.0121938051244 0.0122149896412 0.0106779188249 0.0252115789364 0.0118425501481 0.0253107345827 
0.0102844666812 -0.00529412789899 0.0139548670601 0.0346995497913 0.0169577887356 0.02420845414 0.0279430625407 0.0138395280594 0.0420981674148 0.0209765485294 0.0260006655892 0.0437768393895 0.0104744578884 0.0120758473202 0.0207791070519 0.0202304822924 0.00684729852398 0.0193233912859 0.0276531402949 0.0126666025107 0.039987781621 0.0262633245769 0.00652458017765 0.0143440524482 0.0428969483651 0.0284062104193 0.0141386657428 0.0108904372002 0.0250004061138 0.0161476687896 0.0106348001254 0.0248029126494 0.133835173449 0.00859530334426 0.0205008811551 0.0177841129827 0.0122698012537 0.0151188756431 0.0135894356856 0.0178397936362 
-0.0105669626207 -0.0144777737251 0.00537933636439 0.011794996663 0.000208890622755 -0.00136447840027 0.017006258851 -0.000334527697362 0.0147994633789 -0.00273678108563 0.0251804775497 0.00609822272509 0.00613177134284 0.0143615060031 -0.00102817625782 0.0144956227154 -0.000312361065126 0.012189567705 0.00798787989554 0.0211258081869 0.0114651499681 0.00935241794819 -0.0017069166851 0.000285693900262 0.00489022723243 0.00465244852052 0.00361319087499 -0.000294829907676 0.012426620485 0.00149393084776 0.0138867459261 0.0102790376471 0.00859530334426 0.220695183669 0.00384179431182 0.013591703374 0.0100675727058 0.0285993634762 -0.00336814476329 0.00653994169645 
0.013127971413 0.019252114443 0.0116125571143 0.00846425205488 0.00283922635216 -0.00265754745506 0.0224189716848 0.00589868295974 0.0261999196508 0.0150948213356 0.0217020724166 0.0223998101529 0.010754109473 0.0331064446218 8.31435470664e-05 0.0157216091621 0.0238130895182 0.0101434077596 0.014838092752 0.0153870544193 0.0171503872471 0.0111567174689 0.00758495427738 0.0161989464863 0.0225451819166 0.0185153923385 -0.000506690417822 0.00555804616338 0.00936804165208 -0.00198555468604 0.00312456924045 0.0121938051244 0.0205008811551 0.00384179431181 0.234104193958 0.0137259967169 0.0181114606366 0.00511317740315 0.0135352997254 0.0106848302157 
0.0116031057434 0.0334930822544 0.014748099092 0.0185597178707 0.0149060269016 0.0134832176745 0.0250095318408 0.0229000202592 0.0184676015929 0.0219914076406 0.00588173834323 0.0188782959248 0.00157015188148 0.0180113555576 0.0162849150213 0.007588652024 0.00554318963937 0.0168044006576 0.00690471387025 0.0065543843636 0.0232966614584 0.014140377395 0.000670700495401 0.00984822622673 0.0159707393786 0.0112499205714 0.012828338766 0.01451001691 -0.012469870417 0.0146435388465 0.0223239986037 0.0122149896413 0.0177841129827 0.013591703374 0.0137259967169 0.173119202101 0.00976927475223 0.014361739205 -0.00114994820438 0.0277894334113 
0.00778913899038 -0.00627468326313 0.0193495714729 -0.00475591847554 0.0107789810421 0.00416735241178 0.0153843531239 0.00716566505919 0.0233702853538 0.00533755280038 0.010998059523 0.0178957719634 0.0148675418153 0.00724076475825 0.00157209170598 0.00330591068369 0.00713666510127 0.0148418929246 0.0207878483762 0.00988525812545 0.0208257318106 0.0121798811497 0.0196818032003 0.0243464379621 0.00833294668778 0.0087249627961 0.0057915183054 0.00184245137904 0.0104021931879 0.0034668593421 0.011817158581 0.0106779188249 0.0122698012537 0.0100675727058 0.0181114606366 0.00976927475223 0.281109899737 0.010007492127 0.00511696910508 -0.00192166084752 
0.0250715233739 0.00486881994663 0.00839182571422 0.0158421581458 0.00714733051605 0.0237340222313 0.016310469536 0.0173325657037 0.0178114677198 0.0225261945406 0.0467364305255 0.0146605034564 0.011730882106 0.003310243552 0.0184921334011 0.0112990660222 0.0107199465743 0.0167766977934 0.0122009607384 0.0133351804552 0.0229790990319 0.0176882937195 0.00149729258167 0.0236385780719 0.0194579170267 0.00938911640757 0.00942559179051 -0.00568102583942 0.016590353444 0.0212843767009 0.0117294925833 0.0252115789364 0.0151188756431 0.0285993634762 0.00511317740315 0.014361739205 0.010007492127 0.274363389014 0.0147213074692 0.0120685717374 
0.0396567271626 0.00198399770456 0.0120922436676 0.0142758611859 0.00523562076261 0.0672502456561 0.0332324086836 0.029468718054 0.0283656736572 0.0142219698242 0.0375579552111 0.0094390569914 0.0168894227327 0.0191863993539 0.0120666966784 0.0173084484962 0.00665313083771 0.00634823579795 0.0341924184537 0.0104932562782 0.0181064609772 0.00750040314267 0.0387623166621 0.0408016963791 0.0247278124407 0.0193481576605 0.035906953917 0.0217270495823 0.0196240119429 0.0303885744341 0.0193631671952 0.0118425501481 0.0135894356856 -0.00336814476329 0.0135352997254 -0.00114994820438 0.00511696910508 0.0147213074692 0.405586674104 0.0343782454119 
0.00870981983767 0.00701742198511 0.0176497096944 0.00907859488674 0.0263941526958 0.0143767826709 0.0514335749327 0.00653663036428 0.00946717769815 0.0197833846872 0.0223321653751 0.0109759412368 0.00303751971122 0.0223922362579 0.0277865452817 -0.0049712404723 0.0327620372037 0.0104488732086 0.0379093538684 0.00339435303974 0.00738082120088 0.0172054840413 0.171839005892 0.0229826586445 0.0110939754595 0.0253859777039 -0.00255107003178 0.00533349251985 0.0153678760765 0.0238267383272 0.0275528600215 0.0253107345827 0.0178397936362 0.00653994169645 0.0106848302157 0.0277894334113 -0.00192166084752 0.0120685717374 0.0343782454119 0.722610826148 

['IGT', 'SBL', 'KO', 'LTD', 'FRE', 'NSM', 'BEN', 'HPC', 'BBT', 'TXT', 'MBI', 'WFC', 'TWX', 'LLY', 'HRB', 'AOC', 'LPX', 'K', 'SRE', 'BUD', 'NCC', 'EOP', 'EOG', 'TER', 'CBSS', 'FNM', 'LLTC', 'ADP', 'FLR', 'ROK', 'AMAT', 'AFL', 'MTB', 'TAP', 'WYE', 'SLE', 'MO', 'XL', 'HPQ', 'EP']