50
0.0396471392927 0.0991765707177 0.140066530531 0.0424048973372 0.0162161188728 0.0272516352802 0.0785675118811 0.0285507317948 0.0373994541978 0.0621529110589 0.107238949757 0.0594687244428 0.123248136701 0.0716450377603 0.0388241127613 0.10135047428 0.0396221554001 0.640104613609 0.0715007016099 0.0629738483482 0.0144645316835 0.126305303483 0.0418020448473 0.0429032651101 0.0395396308246 0.037496284255 0.0211692002509 0.15397042743 0.0678674292734 0.128222495688 0.0952881581377 0.242072249725 0.0782010317916 0.0599327976672 0.0266110290159 0.0340091550877 0.0672535079153 0.0412963652708 0.0270240384822 0.0820701074714 0.265107550494 0.0246645675501 0.0308768641188 0.0770368317024 0.0263662592882 0.0168064994581 0.163811268696 0.0340754658053 0.022286409141 0.110625092132 
0.260863527829 -0.00304906291687 0.0252642548042 0.00977260516024 0.067902851319 0.0190395691226 0.00967091140408 -0.00368618461943 0.00321316527489 0.00237956212032 0.0186679576077 0.0119201933628 0.00930740373468 0.0168738382401 0.0200741519486 0.0174855326574 0.0169385976103 -0.013531819654 -0.000675130902936 0.0309080595667 0.0154792921814 0.0148569269553 0.0355643011304 0.0258135601686 0.00114494669186 0.0215034044504 0.00525497920959 0.0515570413946 0.0172680450407 0.0298497813629 0.0440331974389 0.0243015325661 0.0186090176252 0.00233869101288 0.0234857569273 0.0219234327432 0.0186008388565 0.0117292707181 0.00377208632337 0.0016413250334 -0.019351058397 0.0247022745026 0.00258293645435 0.0199063634052 0.0204683883239 0.00757622937996 -0.00230494110607 0.0157973617603 0.00183252117855 -0.00686866419625 
-0.00304906291686 0.636981722989 0.0119196632513 0.0295444443659 0.00512331132447 0.0180825194718 0.016133102937 0.000368205987049 0.0029597819384 -0.0212396017573 -0.0123353788458 0.0322193816111 -0.00309825538501 0.00347326405288 0.00728237419499 0.0264501154214 0.000110396500842 4.54098144647e-05 0.00304683779966 -0.0234968118646 0.00362474144025 0.00393752060937 -0.014291843939 0.0154655777907 0.0262014063307 0.00453692292502 0.0117788704471 0.0140145360602 -0.0143984299512 0.00257778494478 0.0278567460966 0.000409108869341 0.000531149296407 0.0123577752275 0.0250462576025 -0.00377651903398 -0.00159011868607 0.0140748111999 -0.00123884820955 -0.0270462469348 -0.0135127718673 0.00671930938667 -0.00487316197897 0.0179180726384 -0.00260964498234 0.0107364889963 0.00806695601229 -0.00568249585303 0.00110953380615 0.0357447045919 
0.0252642548042 0.0119196632513 1.45090679187 0.00503873996911 0.00263687955132 0.00736618976639 0.0349044196179 0.0108853386401 0.0172808843062 0.00798901857821 0.0309655562005 0.0385152573166 0.0394975601655 0.00714429695211 0.00668231223747 0.0306343271354 0.0210745698516 0.00516497189967 -0.00291510237306 0.00583195221311 0.0178099183795 -0.013383015087 0.016986848009 0.0349030815928 0.0232722665264 0.00897807684331 0.01342162924 0.0296806954821 0.00663457346053 0.0127068512888 0.0398923924358 0.0788524456525 0.0130216927339 0.0169516219852 0.0189271552469 0.0165796705063 0.0164687647882 0.00467990661903 0.025242457841 0.0107701324086 0.0599375630097 0.00638570925922 0.013877126315 0.00555252090725 0.0238644299694 0.011323374 -0.0026306911757 0.00632645606177 0.0231946299686 0.0184792913965 
0.00977260516024 0.0295444443659 0.00503873996911 0.393544154448 0.00444071107385 0.011564568141 0.016709357033 0.00993102028504 0.038132027274 0.0080291022606 0.0132347776568 0.00268617274421 0.0258339396519 0.0304587633529 0.00354411290807 -0.000252045699802 0.01304779129 -0.00365285815941 0.00551382503613 -0.000881652867105 0.0156218611357 -0.0131044482322 0.00792570852489 0.00448281355383 0.000311438879121 0.00344738335369 0.0161350335547 0.0140440002122 0.00657529509508 0.0333000130477 0.023456932075 0.0386339556907 -0.0148361391052 0.0259327473319 0.0125082205847 0.0074053677602 -0.00933998569195 0.0151746986511 -0.00277525309349 0.0216672877765 0.0113558813666 0.00723502224067 0.00592198553063 0.00715108243664 0.00713675201151 0.00938925168973 -0.00487603748971 -0.000378988101837 0.00909842283115 0.00557430117801 
0.067902851319 0.00512331132447 0.00263687955132 0.00444071107385 0.185980747905 0.00887895198761 0.00268996760352 0.00605842291281 0.0144103134026 0.0097251081117 0.0146136839713 0.018246303088 0.0213867968808 0.0118293767121 0.0120403239754 0.00499539454229 0.0304413673327 -0.0191814299051 0.0125560582108 0.0271679669019 0.0135847364931 0.021165893684 0.0256337359485 0.022916815542 -0.0113101600053 0.0269032507706 0.00296196673916 0.0300008413879 0.00488451799039 0.0156069727542 0.0240361053212 0.00818347916336 0.0144515789989 -0.00833713208869 0.0129998206529 0.0218654870874 0.0202054278019 0.0256778580342 0.00645244304011 -0.00398405867607 -0.0175471223186 0.0236899918884 0.00234029303025 0.00798506820436 0.0124929176014 0.0139670285137 -0.00460319075773 0.00955903601292 0.00018492349192 0.0102203857896 
0.0190395691226 0.0180825194718 0.00736618976639 0.011564568141 0.00887895198761 0.226724921615 0.0113627143011 0.00130458674519 0.00687406974329 0.00185036069669 0.00221533589856 -0.00999068722114 0.00850035523199 0.0174307394816 0.00953573341555 0.00587866313466 0.00850096393627 0.0303538354733 0.000789062728673 0.0173454840047 0.0161861203225 0.0200369077354 0.00268999023967 0.0122427410795 0.0161982324988 0.0104086042344 0.010449457814 -0.00654805842361 0.0212921238482 0.0110322617772 0.00588580688979 0.0136395249729 0.00354636935222 0.00443729911549 0.0130437343279 0.0104970391062 0.00982957684228 0.00499453430199 0.000670768284182 0.00177293593492 0.00529447596545 0.00717392853701 0.00199978063458 0.00755250591136 0.00955727738767 0.0123290534446 0.00511776795406 0.00174012225922 -0.00155538541697 0.0158926753794 
0.00967091140408 0.016133102937 0.0349044196179 0.016709357033 0.00268996760352 0.0113627143011 0.537874363664 0.0120127518116 0.0130620574546 0.00769976520905 0.0226329097534 0.00597427757899 0.0105430578637 0.0134414437797 0.016697240599 0.0317546487534 0.00173566101926 0.0548499420973 0.00579614210873 0.000338072041635 0.0266338892417 0.00501446199595 0.0237141270484 0.0036549490205 0.029134760102 0.00429535300014 0.0223229719342 0.00864317373391 0.0279942033905 0.00554766396391 0.0187540772483 0.018928385213 0.0328026554896 0.0142341541271 0.00359463077767 0.014617451741 0.00937024288893 0.00201385433984 0.00326733167572 -0.0132084957451 0.0132173991097 -0.00446726940416 0.0161880985613 0.00903585936554 0.0127767655407 0.0149264739008 -0.0110890338417 0.00780305242574 0.00735009602773 0.0156463568291 
-0.00368618461943 0.000368205987048 0.0108853386401 0.00993102028504 0.00605842291281 0.00130458674519 0.0120127518116 0.248468687252 0.0143700543684 0.0203318867419 0.0208633556483 -0.00393465395522 0.0102791703525 0.0148748791998 0.00887935713455 0.0148201194798 0.0058150364548 0.0139591009595 0.00257867078187 -0.00390777809727 0.001303580461 0.0105602347111 0.00948764880974 0.0164750576773 -6.03432317803e-05 0.013744426954 0.0114306632301 0.0189395955303 0.0283629924577 0.0191592943329 0.026676531252 0.0162340387918 0.0151570626984 0.0163821708511 0.00966078697444 0.00680220652449 0.02137947875 -0.00659166190933 0.000714996124191 0.032208661257 0.00069600441361 0.0112180775434 0.0110490228254 -0.00429690764631 0.0213929898031 -0.00249461235493 -0.00223065212667 0.0171261849081 0.0175281761213 0.0110234696886 
0.00321316527489 0.0029597819384 0.0172808843062 0.038132027274 0.0144103134026 0.0068740697433 0.0130620574546 0.0143700543684 0.306054775419 0.020081720102 0.0299845866349 0.0113383437495 0.0227331369147 0.0284259548353 0.0173038303707 7.26299393228e-05 0.0121684730069 0.00741305582921 0.00254230144133 0.0101009643156 -0.00357647857931 0.0101950760658 0.0191242438901 0.0100882122595 0.0155414533533 0.0233226913674 0.0172694192598 0.0152998567472 0.0278445922974 0.0305162990725 0.041644460134 0.0317613601877 -0.00267401455858 0.0112069635842 0.0143960342927 0.0158244743463 0.0654807705045 0.0126305220509 0.0184350922118 0.052998230189 0.0178707534211 0.0157811500221 0.0049971781149 0.00276520566322 0.0380088228189 0.00360832205768 0.000441500805861 0.0132466188463 0.015757819829 0.0369201820443 
0.00237956212032 -0.0212396017573 0.00798901857821 0.0080291022606 0.0097251081117 0.00185036069669 0.00769976520906 0.0203318867419 0.020081720102 0.3124872918 0.0301129810866 0.0251331483207 0.0236104502947 0.00103336076697 0.0244472951922 0.0212381608845 0.00785823457966 -0.000430197341651 0.00226267298155 -0.00591556847016 0.0186878245889 -0.00127839208088 -0.00752922531744 0.0202123653235 0.0403748758472 0.00568628617436 -0.0024820362082 -0.00579416914451 0.0589755324409 0.0234414964138 0.0557693211113 0.0329553115289 0.0140168575279 0.0217496508347 0.00315686690409 0.015767160694 0.0692564932031 0.00799464265387 0.0187831372622 0.0413784993014 -0.00188228913412 0.0100062901343 0.0157170658906 0.0153601398618 0.0159773090763 0.0124190616066 -0.00415630014572 0.00154845654506 0.004724189672 0.0358837404156 
0.0186679576077 -0.0123353788458 0.0309655562005 0.0132347776568 0.0146136839713 0.00221533589855 0.0226329097534 0.0208633556483 0.0299845866349 0.0301129810866 0.439159377583 0.0843983194367 0.0260599934087 -0.00788541864413 0.00840622811596 0.060558945975 0.0303631473485 -0.00412090761547 0.0140907995342 0.021984779707 0.0203792412599 0.0263650304024 0.0303912071749 0.00359371902563 0.01409508262 0.0544416712676 0.00791616559592 0.00835427641656 0.036380358444 0.0307992108101 0.0447750658561 0.0856330215626 0.0340098562084 0.0108648541517 -2.00281005337e-05 0.0244295057582 0.0463334892163 0.0151924093374 0.0243635746312 0.0316461252839 -0.00431458623925 0.0290105607229 0.00782528864888 0.0124895829405 0.0267394486005 0.0113953893031 0.00551817208886 0.00363323129452 0.0202832012455 0.15725147441 
0.0119201933628 0.0322193816111 0.0385152573166 0.0026861727442 0.018246303088 -0.00999068722114 0.00597427757899 -0.00393465395522 0.0113383437495 0.0251331483207 0.0843983194367 0.381521110732 0.0196059047549 0.00234918688778 0.00591621115663 0.0219672917196 0.0108958292455 0.00704688377208 0.0190287689558 0.0237721846798 0.0118429068506 0.0140072730263 0.0127919076466 0.0264374984629 -0.000110944454783 0.00790274953915 0.0262530061095 0.0352924767274 0.021026171509 0.0137793239853 0.0233306546304 -0.00579263682886 0.0273650803662 0.0242314297784 0.0164365106126 0.00330885692881 0.0309177091919 0.011114177986 0.00186416619282 -0.00067425651294 0.00444172660121 0.00101315682867 0.0255636065339 0.0123111507475 0.0105946795642 -0.00671665988424 -0.00964760881051 -0.00149316852953 0.00631713007012 0.117033235177 
0.00930740373468 -0.00309825538501 0.0394975601655 0.0258339396519 0.0213867968808 0.00850035523199 0.0105430578637 0.0102791703525 0.0227331369147 0.0236104502947 0.0260599934087 0.0196059047549 0.463532067055 0.0102072064382 0.0244782489232 0.0505628718452 0.00768371930005 -0.0554271402959 -0.00214180549803 0.042925305916 0.0175123797167 0.019646490885 0.0284271907665 0.0371995700679 -8.54831193202e-05 0.0251326027369 -0.000752881606469 0.0594029542372 0.0243670637371 0.0465475557107 0.0283425217708 0.0433771285328 0.0112041609156 0.0341293719122 0.04695740591 0.0205966542349 0.0249808520152 0.0237743114519 0.006570021046 0.031873888339 0.0227093660034 0.0129948257738 0.0125047381631 0.0156207656708 0.0368118114319 0.0380266080554 -0.00457033509265 0.0138472851163 0.00629473694989 0.0206319990499 
0.0168738382401 0.00347326405288 0.00714429695211 0.0304587633529 0.0118293767121 0.0174307394816 0.0134414437797 0.0148748791998 0.0284259548353 0.00103336076697 -0.00788541864413 0.00234918688778 0.0102072064382 0.469213895487 0.000374420240093 0.0181368537445 0.00744996612949 -0.0101644993197 0.00990002970291 -0.00304405835498 0.0115805542442 0.0177267977403 0.0245497115314 -0.000451042092403 0.0200837862442 0.0218980850882 0.00323146787051 0.0270996281439 0.00301852166456 0.0148796001261 0.00874750354916 0.0208154195193 0.0225690444203 0.00264877048767 0.00495842802369 -0.00210702577239 0.00902805647764 -0.00030132996433 0.011337930197 0.00364257553478 0.00335937200856 0.0153875641533 0.00745347611852 0.00771275528277 0.00616129381472 0.0111737701684 -0.0086409013851 0.000561165271241 -0.0021423114767 0.0137916820666 
0.0200741519486 0.007282374195 0.00668231223747 0.00354411290807 0.0120403239754 0.00953573341556 0.016697240599 0.00887935713455 0.0173038303707 0.0244472951922 0.00840622811596 0.00591621115663 0.0244782489232 0.000374420240094 0.179417781733 0.03399332188 0.0109254542805 0.0436802612132 -0.00475365860976 0.00216650156228 0.00736010325755 -0.000685578328631 0.0161114696739 0.0144956066745 0.0177924225114 0.023430781524 0.0105647987701 0.000446720626375 0.033792367346 0.00714033420695 0.0430402653858 0.0272630876491 0.0240483498284 0.031025845596 0.00601060860953 0.0229408508318 0.00686890638393 0.00135500057778 0.00771820411166 0.0150528465143 0.00937339268402 0.0207841699257 0.0108187785705 0.0156970007504 0.0162936958971 0.0109254061333 0.0123144353307 0.0101683019576 0.0203424578735 0.0164365094537 
0.0174855326574 0.0264501154214 0.0306343271354 -0.000252045699798 0.00499539454229 0.00587866313466 0.0317546487534 0.0148201194798 7.2629939316e-05 0.0212381608845 0.060558945975 0.0219672917196 0.0505628718452 0.0181368537445 0.03399332188 0.568749617485 0.0307193612511 0.000769874947074 0.0118062705273 0.0220817907107 0.0253964812809 0.028099179392 0.0316083956008 0.0497248169688 0.0438329631504 0.0274642734258 0.00407477896997 0.0413718532971 0.0325023872572 0.0489042449959 0.0425715970547 0.07531352078 0.0457540356046 0.00212490577136 0.00837766800368 0.0366072807963 0.0591796207582 0.010982458937 0.0221995584818 0.0270368158447 0.0206036931954 0.0269701613432 0.0424478537513 0.0392621892201 0.0289435417845 0.00265654272404 -0.0128542552478 0.015087452869 0.00802420747259 -0.0126118482939 
0.0169385976103 0.000110396500842 0.0210745698516 0.01304779129 0.0304413673327 0.00850096393627 0.00173566101926 0.0058150364548 0.0121684730069 0.00785823457966 0.0303631473485 0.0108958292455 0.00768371930005 0.00744996612949 0.0109254542805 0.0307193612511 0.174856393074 0.00685619073083 0.0139367107805 0.00218218099801 0.00373295157418 -0.000802848657658 0.0186931585007 0.0184787655428 0.0150495876255 0.0234885103004 0.0169645223877 0.00918335968966 0.0200561448729 0.0205398653246 0.0429983811988 0.0250240864142 0.027438423293 0.00855975289497 0.0192951673765 0.0497010450487 0.0317617166831 0.0166936035466 0.0296067929284 0.0195163993764 0.00135006638971 0.0447758790915 0.0152696685329 0.00259485176471 0.0120332016479 0.0226914483977 -0.00485846675294 0.0144760403991 -0.00103977507927 0.0240847086071 
-0.013531819654 4.54098144618e-05 0.00516497189967 -0.00365285815941 -0.0191814299051 0.0303538354733 0.0548499420973 0.0139591009595 0.00741305582921 -0.000430197341652 -0.00412090761547 0.00704688377208 -0.0554271402959 -0.0101644993197 0.0436802612132 0.000769874947074 0.00685619073083 6.86623873198 0.0180185434796 -0.0455034564596 0.0034867072973 0.0573738619094 0.0186826890171 -0.00566297040378 0.0147749080969 0.0487242583337 -0.00550081828928 -0.0493489974061 0.0241550146403 -0.00199907793299 0.0453674842182 -0.0255552350506 0.00722055917848 0.00380845415615 0.0125261606046 2.96903641812e-05 0.0144344344338 0.00481685386881 0.0248258619114 0.00379145608121 -0.0307228465025 0.00785977898179 -0.00674642196733 0.00237283934486 0.00810498000051 0.0106565617481 0.010680734191 0.000161988183938 -0.00585783692068 0.031445251313 
-0.000675130902935 0.00304683779967 -0.00291510237306 0.00551382503613 0.0125560582108 0.000789062728674 0.00579614210873 0.00257867078187 0.00254230144132 0.00226267298155 0.0140907995342 0.0190287689558 -0.00214180549803 0.00990002970291 -0.00475365860976 0.0118062705273 0.0139367107805 0.0180185434796 0.567615026905 0.00320930327057 -0.0128517597968 -0.00263959824224 0.0145533724735 0.00446936229066 -0.0109881353044 0.0119764070998 0.00368018839004 -0.00421534361253 0.143200859316 -0.0040929631811 0.0166695317431 0.0287027585595 0.0319643694818 0.00529406863256 -0.00212024854781 0.00788515113005 0.0531921726863 0.00635209543709 0.0102045373457 -0.00234460013018 -0.00596351285035 0.00437076020846 -0.0131527172258 0.0797893136756 0.0117762857179 0.0160541658303 0.00390560274299 -0.00102528515007 6.07190823485e-05 0.00608820817995 
0.0309080595667 -0.0234968118646 0.00583195221311 -0.000881652867105 0.0271679669019 0.0173454840047 0.000338072041633 -0.00390777809726 0.0101009643156 -0.00591556847015 0.0219847797069 0.0237721846798 0.042925305916 -0.00304405835499 0.00216650156228 0.0220817907107 0.00218218099801 -0.0455034564596 0.00320930327057 0.327738580298 -0.0172448636221 0.108074372761 0.0162806397921 0.00909824731864 -0.019163589542 0.0124135624879 -0.000978028350882 0.130548789869 0.00324806988412 0.0161152796555 0.0259736132038 0.0367500479912 0.000310555692481 0.0160048867565 0.0134252813991 -0.0160285662242 0.0122114661273 0.00333316994783 -0.0016385668284 -0.0217949034184 0.00499849426887 -0.00233061057134 0.0140080212915 0.00910919924024 0.0145201098056 0.00117052553504 -0.00593522601664 0.0127907102137 0.0122040107449 0.0326275764387 
0.0154792921814 0.00362474144025 0.0178099183795 0.0156218611357 0.0135847364931 0.0161861203225 0.0266338892417 0.001303580461 -0.00357647857931 0.0186878245889 0.0203792412599 0.0118429068506 0.0175123797167 0.0115805542443 0.00736010325754 0.0253964812809 0.00373295157417 0.0034867072973 -0.0128517597968 -0.0172448636221 0.286088589232 0.009140992173 0.0159149264056 0.00934959100074 0.0160032037967 0.00597515465288 0.0059524411949 -0.00696605513415 -1.85062089013e-05 0.012725743251 0.00226752983902 0.0251924825444 0.021866803463 0.0172304942646 0.0127900943409 0.0137635881419 0.0253772295217 0.0048989589758 0.0126049349874 0.00297454919509 0.00478293980065 0.00179886759144 0.00957682591715 -0.00327002424841 0.00737369649078 0.00348950232488 -0.00351172539836 0.01052807639 0.0062266220893 -0.0032214403958 
0.0148569269553 0.00393752060936 -0.013383015087 -0.0131044482322 0.021165893684 0.0200369077354 0.00501446199595 0.0105602347111 0.0101950760658 -0.00127839208089 0.0263650304024 0.0140072730263 0.019646490885 0.0177267977403 -0.000685578328633 0.028099179392 -0.000802848657661 0.0573738619094 -0.00263959824224 0.108074372761 0.00914099217299 0.452168946454 0.0167895060311 0.0236439774998 0.00214852606855 0.0170396691449 0.010156279662 0.148506437091 0.0206930116327 0.0427734270465 0.0424731256934 0.0690843815314 0.0188885381305 0.0360733520712 0.0113985243494 -0.00527849840245 0.00257364655905 -0.00161646620283 -0.00663064224829 0.0166714260915 0.0193784722495 0.00736522089604 0.00543885502896 0.0145336782191 0.0123176802737 -0.000450441229839 -0.0060956671747 0.0117470915786 0.00612794813333 0.0282121977683 
0.0355643011304 -0.014291843939 0.016986848009 0.0079257085249 0.0256337359485 0.00268999023967 0.0237141270484 0.00948764880974 0.0191242438901 -0.00752922531744 0.0303912071749 0.0127919076466 0.0284271907665 0.0245497115314 0.0161114696739 0.0316083956008 0.0186931585007 0.0186826890171 0.0145533724735 0.0162806397921 0.0159149264056 0.0167895060311 0.247542191271 0.0169638590195 0.0020603039914 0.0137203790906 0.0185561894252 0.0327494310976 0.0233204901914 0.0338774779608 0.0548340717944 0.0403042429822 0.0180041824238 0.011656683843 0.016839937409 0.0335768029957 0.0247883342354 0.0122046364564 0.0195111341331 0.0301477569762 -0.0158063944344 0.0204475961593 0.00786336845922 0.00683144032783 0.0250453202652 0.0122002318421 0.00281878330359 0.0113345017028 0.01146310388 0.0424549279841 
0.0258135601686 0.0154655777907 0.0349030815928 0.00448281355383 0.022916815542 0.0122427410795 0.0036549490205 0.0164750576773 0.0100882122595 0.0202123653235 0.00359371902563 0.0264374984629 0.0371995700679 -0.000451042092402 0.0144956066745 0.0497248169688 0.0184787655428 -0.00566297040378 0.00446936229066 0.00909824731864 0.00934959100074 0.0236439774998 0.0169638590195 0.268632941139 0.0245671508696 0.0298791509906 0.0105773054968 0.00386661964642 0.0212007754445 0.0236820052328 0.0386349752253 0.0736446241955 0.0153825398709 0.00145114085187 0.0160808733429 0.00617754672613 0.00304790269418 0.00756155660693 0.00639148277532 0.0414987302701 0.0294316693455 0.0161608556301 0.0449580743697 0.00547108667808 0.0149429933322 0.0119681349254 0.00310767571249 0.0131920040835 0.00528399100548 0.0122436684777 
0.00114494669186 0.0262014063307 0.0232722665264 0.000311438879123 -0.0113101600053 0.0161982324988 0.029134760102 -6.03432317809e-05 0.0155414533533 0.0403748758472 0.01409508262 -0.000110944454776 -8.54831193195e-05 0.0200837862442 0.0177924225114 0.0438329631504 0.0150495876255 0.0147749080969 -0.0109881353044 -0.019163589542 0.0160032037967 0.00214852606855 0.00206030399139 0.0245671508696 0.289158450583 0.0146828608267 0.00265932238718 -0.0160516773457 0.0296051921823 0.0260464552445 0.0260643963366 0.0424324632623 0.00523991998319 0.0214203271771 0.0147539425397 0.0177064877993 0.0309292396126 0.00434669701844 0.0161437366378 0.0213991927458 -0.000595566460063 0.0132800941333 0.0248550540601 0.00609738623869 0.025932924608 0.0271985572647 -0.00537107764189 0.0104223325633 0.00806682517196 0.0148612998036 
0.0215034044504 0.00453692292502 0.00897807684331 0.00344738335369 0.0269032507706 0.0104086042344 0.00429535300014 0.013744426954 0.0233226913674 0.00568628617436 0.0544416712676 0.00790274953915 0.0251326027369 0.0218980850882 0.023430781524 0.0274642734258 0.0234885103004 0.0487242583337 0.0119764070998 0.0124135624879 0.00597515465288 0.0170396691449 0.0137203790906 0.0298791509906 0.0146828608267 0.233408456554 0.00673194938048 0.0107724359865 0.0311793598102 0.0247507578636 0.016065869661 0.0264722003772 0.033075389944 0.0359475756167 0.0134444552626 0.018840767507 0.00703165102201 0.0209178775066 0.010521747921 0.0255081806187 0.00192417551133 0.0255556249402 0.0313027708017 0.00143560746111 0.0190775629847 0.007847426411 0.0243384246858 0.00552625169924 0.014966521914 0.0197950152637 
0.00525497920959 0.0117788704471 0.01342162924 0.0161350335547 0.00296196673916 0.010449457814 0.0223229719342 0.0114306632301 0.0172694192598 -0.0024820362082 0.00791616559592 0.0262530061095 -0.000752881606468 0.00323146787051 0.0105647987701 0.00407477896997 0.0169645223877 -0.00550081828928 0.00368018839004 -0.000978028350884 0.0059524411949 0.010156279662 0.0185561894252 0.0105773054968 0.00265932238719 0.00673194938048 0.206748102388 0.0297673698196 0.00867951022584 0.00799036648352 0.00563188605698 0.00264013441501 0.0175918693936 0.00405647311112 0.0224494743537 0.00595402238229 0.0146964569499 0.00356586013902 -0.00218469767832 0.00388179480155 -0.014130536433 0.0216220884219 0.00526854569201 0.00296461173252 0.0184813213162 0.0156256869149 -0.0165040970462 -0.00222300404771 -0.000798217297496 0.020081357913 
0.0515570413946 0.0140145360602 0.0296806954821 0.0140440002122 0.0300008413879 -0.00654805842362 0.00864317373391 0.0189395955303 0.0152998567472 -0.00579416914451 0.00835427641657 0.0352924767274 0.0594029542372 0.0270996281439 0.000446720626371 0.0413718532971 0.00918335968965 -0.0493489974061 -0.00421534361253 0.130548789869 -0.00696605513415 0.148506437091 0.0327494310976 0.00386661964642 -0.0160516773457 0.0107724359865 0.0297673698196 0.580829008694 0.00237093814501 0.0533555590293 0.0661446574059 0.0959534850341 0.0175576054782 0.0192052209982 0.00883982391328 -0.00575025217139 0.0133381831044 0.00197985963343 -0.0125119676374 0.00189555964088 0.00633294954716 0.00305584479215 -0.00560323134383 0.0153680588551 0.0352392440077 0.00680109281111 -0.00651664721994 0.0115422288081 0.0134087653549 0.0022222571772 
0.0172680450407 -0.0143984299512 0.00663457346053 0.00657529509508 0.00488451799039 0.0212921238482 0.0279942033905 0.0283629924577 0.0278445922975 0.0589755324409 0.036380358444 0.021026171509 0.0243670637371 0.00301852166456 0.033792367346 0.0325023872572 0.0200561448729 0.0241550146403 0.143200859316 0.00324806988413 -1.85062089029e-05 0.0206930116327 0.0233204901914 0.0212007754445 0.0296051921823 0.0311793598102 0.00867951022584 0.002370938145 0.363047449746 0.0589547159759 0.055167370347 0.0411400889076 0.0327724648356 0.0190095831125 0.0159831154137 0.00875539596881 0.0740406854505 0.0126946969935 0.00306078371046 0.0600272562712 -0.00914699058139 0.00854871153595 -0.00303282202793 0.0316414166472 0.0352543850207 0.0167950654372 -0.0149878815445 0.00518711556202 0.0185631888414 0.0148335930398 
0.0298497813629 0.00257778494478 0.0127068512888 0.0333000130477 0.0156069727542 0.0110322617772 0.00554766396391 0.0191592943329 0.0305162990725 0.0234414964138 0.0307992108101 0.0137793239853 0.0465475557107 0.0148796001261 0.00714033420695 0.0489042449959 0.0205398653246 -0.00199907793299 -0.0040929631811 0.0161152796555 0.0127257432509 0.0427734270465 0.0338774779608 0.0236820052328 0.0260464552445 0.0247507578636 0.00799036648352 0.0533555590293 0.0589547159759 0.528337261324 0.0588037415954 0.0430091018411 0.0500759626123 0.0333579773447 0.0175493338866 0.0224647292199 0.0315421756496 0.0115403477864 0.0362158963479 0.0470647960516 -0.0154335991937 0.016501509184 0.0433026523412 0.0209574959179 0.0340468802405 0.00959452025053 0.0100714417152 0.0142141252558 0.0110149383808 0.0494502118983 
0.0440331974389 0.0278567460966 0.0398923924358 0.023456932075 0.0240361053212 0.00588580688979 0.0187540772483 0.026676531252 0.041644460134 0.0557693211113 0.0447750658561 0.0233306546304 0.0283425217708 0.00874750354916 0.0430402653858 0.0425715970547 0.0429983811988 0.0453674842182 0.0166695317431 0.0259736132038 0.00226752983901 0.0424731256934 0.0548340717944 0.0386349752253 0.0260643963366 0.016065869661 0.00563188605698 0.0661446574059 0.055167370347 0.0588037415954 0.540911281696 0.0822251937617 0.0582342988171 0.0395700955081 0.0329288890045 0.0289692381966 0.0666187985231 0.0135717609596 0.0178322701869 0.0295091024787 0.0376590381496 0.0386413487772 0.0122651921038 0.0366400407287 0.0818928972631 0.0239437963534 0.0239353686491 0.0189812031654 0.0286075529316 0.0427581962542 
0.0243015325661 0.000409108869336 0.0788524456525 0.0386339556907 0.00818347916336 0.0136395249729 0.018928385213 0.0162340387918 0.0317613601877 0.0329553115289 0.0856330215625 -0.00579263682886 0.0433771285327 0.0208154195193 0.0272630876491 0.07531352078 0.0250240864142 -0.0255552350506 0.0287027585595 0.0367500479912 0.0251924825444 0.0690843815314 0.0403042429822 0.0736446241955 0.0424324632623 0.0264722003772 0.00264013441501 0.0959534850341 0.0411400889076 0.0430091018411 0.0822251937617 0.670481652893 0.0371526302425 0.0413273013206 0.0113560251571 0.0304300894967 0.0238927212636 0.000288721562168 0.0151035492271 0.0334083977694 0.0409576366317 0.0164305852485 0.0453938032328 0.0274395281738 0.0544177376157 0.00433816782233 0.0028251717923 0.00312839970716 0.00186335878862 0.0475061561943 
0.0186090176252 0.000531149296408 0.0130216927339 -0.0148361391052 0.0144515789989 0.00354636935222 0.0328026554896 0.0151570626984 -0.00267401455859 0.0140168575279 0.0340098562084 0.0273650803662 0.0112041609156 0.0225690444203 0.0240483498284 0.0457540356046 0.027438423293 0.00722055917848 0.0319643694818 0.000310555692479 0.021866803463 0.0188885381305 0.0180041824238 0.0153825398709 0.00523991998319 0.033075389944 0.0175918693936 0.0175576054782 0.0327724648356 0.0500759626123 0.0582342988171 0.0371526302425 0.383412259769 0.00510074306815 0.0263975161674 0.0099802623821 0.0171186309845 0.0122882468368 0.00804177011277 0.0145055672254 0.01244287528 0.0111080307159 0.013302553484 0.0284582686739 0.00152516797832 -0.00798382309737 0.00480895316035 0.00571046272029 0.0106071154881 0.0415593676969 
0.00233869101288 0.0123577752275 0.0169516219852 0.0259327473319 -0.00833713208868 0.00443729911549 0.0142341541271 0.0163821708511 0.0112069635841 0.0217496508347 0.0108648541517 0.0242314297784 0.0341293719122 0.00264877048768 0.031025845596 0.00212490577135 0.00855975289497 0.00380845415615 0.00529406863256 0.0160048867565 0.0172304942647 0.0360733520712 0.011656683843 0.00145114085188 0.0214203271771 0.0359475756167 0.00405647311111 0.0192052209982 0.0190095831125 0.0333579773447 0.0395700955081 0.0413273013206 0.00510074306814 0.330375659663 0.00193859000416 0.00513307704482 0.0221435698346 0.0133834143308 -0.00808577352538 0.00405424539368 -0.0202739787238 0.011245566829 0.0132800438784 0.031742843728 -0.00458487844859 -0.0101150315187 0.030607010872 0.00458083502947 0.00521405947656 0.0215957887752 
0.0234857569273 0.0250462576025 0.0189271552469 0.0125082205847 0.0129998206529 0.0130437343279 0.00359463077767 0.00966078697445 0.0143960342927 0.00315686690409 -2.00281005477e-05 0.0164365106126 0.04695740591 0.00495842802369 0.00601060860954 0.00837766800369 0.0192951673765 0.0125261606046 -0.00212024854781 0.0134252813991 0.0127900943409 0.0113985243494 0.016839937409 0.0160808733429 0.0147539425397 0.0134444552626 0.0224494743537 0.00883982391328 0.0159831154137 0.0175493338866 0.0329288890045 0.0113560251571 0.0263975161675 0.00193859000417 0.285281567831 0.0342867705351 0.00431183016837 0.00317496269393 0.00180060300015 0.00877125218999 -0.0152684774545 0.0239989354664 -0.0047669459483 0.0151810340206 0.016797642654 0.00512250199742 -0.00671907109026 0.0149525756136 0.0160336399602 -0.0067748534438 
0.0219234327433 -0.00377651903398 0.0165796705063 0.0074053677602 0.0218654870874 0.0104970391062 0.014617451741 0.00680220652449 0.0158244743463 0.015767160694 0.0244295057582 0.00330885692881 0.0205966542349 -0.00210702577238 0.0229408508318 0.0366072807963 0.0497010450487 2.96903641812e-05 0.00788515113005 -0.0160285662242 0.0137635881419 -0.00527849840245 0.0335768029957 0.00617754672613 0.0177064877993 0.018840767507 0.00595402238229 -0.00575025217139 0.00875539596881 0.0224647292199 0.0289692381966 0.0304300894967 0.0099802623821 0.00513307704481 0.0342867705351 0.198097563907 0.0301895208011 0.0200347986853 0.0204662077767 0.00961384376828 -0.00407475682523 0.0388731258069 0.00908433353754 -0.00904848908489 0.0230711329374 0.0129065422832 0.00578030037506 0.00560383112512 0.00519525922612 0.0132061126641 
0.0186008388565 -0.00159011868607 0.0164687647882 -0.00933998569194 0.0202054278019 0.00982957684227 0.00937024288893 0.02137947875 0.0654807705045 0.0692564932031 0.0463334892163 0.0309177091919 0.0249808520152 0.00902805647764 0.00686890638394 0.0591796207582 0.0317617166831 0.0144344344338 0.0531921726863 0.0122114661273 0.0253772295217 0.00257364655904 0.0247883342354 0.00304790269418 0.0309292396126 0.00703165102201 0.0146964569499 0.0133381831044 0.0740406854505 0.0315421756496 0.0666187985231 0.0238927212636 0.0171186309845 0.0221435698346 0.00431183016837 0.0301895208011 0.317878098774 0.0194374032011 0.0231615748815 0.0229546298445 0.0140194053609 0.0159299900127 0.0187811390993 0.00806628919383 0.0342937448299 0.0127879140469 -0.0184630836976 -0.00436392372656 0.0100107430964 0.0297002902806 
0.0117292707181 0.0140748111999 0.00467990661903 0.0151746986511 0.0256778580342 0.00499453430199 0.00201385433984 -0.00659166190933 0.0126305220509 0.00799464265387 0.0151924093374 0.011114177986 0.0237743114519 -0.000301329964328 0.00135500057778 0.010982458937 0.0166936035466 0.00481685386881 0.00635209543709 0.00333316994783 0.0048989589758 -0.00161646620282 0.0122046364564 0.00756155660693 0.00434669701844 0.0209178775066 0.00356586013902 0.00197985963343 0.0126946969935 0.0115403477864 0.0135717609596 0.000288721562166 0.0122882468368 0.0133834143308 0.00317496269393 0.0200347986853 0.0194374032011 0.248070572133 0.0186344791186 0.023476245287 -0.00758089282899 0.00848002364161 8.12950717084e-05 -0.00456082991809 0.00869659851913 0.00485555455106 -0.0194857779699 0.00853831483552 -0.004513430899 0.0112467213489 
0.00377208632338 -0.00123884820955 0.025242457841 -0.00277525309349 0.00645244304011 0.000670768284175 0.00326733167572 0.000714996124195 0.0184350922118 0.0187831372622 0.0243635746312 0.00186416619282 0.006570021046 0.011337930197 0.00771820411166 0.0221995584818 0.0296067929284 0.0248258619114 0.0102045373457 -0.0016385668284 0.0126049349874 -0.00663064224829 0.0195111341331 0.00639148277533 0.0161437366378 0.010521747921 -0.00218469767832 -0.0125119676374 0.00306078371046 0.0362158963479 0.0178322701869 0.015103549227 0.00804177011277 -0.00808577352538 0.00180060300015 0.0204662077767 0.0231615748815 0.0186344791186 0.222293543774 0.0141193706738 0.0114386993824 0.0358698541671 0.0041370544041 0.00207650521611 0.02166569839 0.00809091383013 0.0180032740778 0.00256139013126 -0.000512085607003 0.0296413916133 
0.0016413250334 -0.0270462469348 0.0107701324086 0.0216672877766 -0.00398405867608 0.00177293593491 -0.0132084957451 0.032208661257 0.052998230189 0.0413784993014 0.0316461252839 -0.000674256512936 0.031873888339 0.00364257553478 0.0150528465143 0.0270368158447 0.0195163993764 0.00379145608121 -0.00234460013018 -0.0217949034184 0.00297454919509 0.0166714260915 0.0301477569762 0.0414987302701 0.0213991927458 0.0255081806187 0.00388179480155 0.00189555964088 0.0600272562712 0.0470647960516 0.0295091024787 0.0334083977694 0.0145055672253 0.00405424539368 0.00877125218999 0.00961384376828 0.0229546298445 0.023476245287 0.0141193706738 0.477221310285 0.0349470582956 0.0276033947468 0.0159525738909 0.0304158892364 0.0309905195253 0.00646423296804 0.000346521023464 0.00913725357243 0.0148345219865 0.0236468326974 
-0.019351058397 -0.0135127718672 0.0599375630097 0.0113558813666 -0.0175471223186 0.00529447596545 0.0132173991097 0.000696004413609 0.0178707534211 -0.00188228913412 -0.00431458623925 0.00444172660121 0.0227093660034 0.00335937200856 0.00937339268402 0.0206036931954 0.00135006638971 -0.0307228465026 -0.00596351285035 0.00499849426887 0.00478293980065 0.0193784722495 -0.0158063944344 0.0294316693455 -0.000595566460064 0.00192417551133 -0.014130536433 0.00633294954716 -0.00914699058139 -0.0154335991937 0.0376590381496 0.0409576366317 0.01244287528 -0.0202739787238 -0.0152684774545 -0.00407475682523 0.0140194053608 -0.00758089282899 0.0114386993824 0.0349470582956 2.98857835746 -0.00521901992235 0.0128052838644 0.00156218302192 0.0177919136158 -0.00611884420818 0.0212407040459 -0.0140091968431 -0.0104078346045 -0.00276158456108 
0.0247022745026 0.00671930938667 0.00638570925922 0.00723502224067 0.0236899918884 0.00717392853701 -0.00446726940416 0.0112180775434 0.0157811500221 0.0100062901343 0.0290105607229 0.00101315682868 0.0129948257738 0.0153875641533 0.0207841699257 0.0269701613432 0.0447758790915 0.00785977898179 0.00437076020846 -0.00233061057134 0.00179886759144 0.00736522089604 0.0204475961593 0.0161608556301 0.0132800941333 0.0255556249402 0.0216220884219 0.00305584479215 0.00854871153595 0.016501509184 0.0386413487772 0.0164305852485 0.0111080307159 0.011245566829 0.0239989354664 0.0388731258069 0.0159299900127 0.00848002364161 0.0358698541671 0.0276033947468 -0.00521901992235 0.165248418393 0.0256697720438 0.00168202085773 0.0290945109873 0.0278849010561 0.0128394112124 0.0164612891352 0.00157039370023 0.00412698690515 
0.00258293645435 -0.00487316197897 0.013877126315 0.00592198553063 0.00234029303025 0.00199978063458 0.0161880985613 0.0110490228254 0.0049971781149 0.0157170658906 0.00782528864888 0.0255636065339 0.0125047381631 0.00745347611852 0.0108187785705 0.0424478537513 0.015269668533 -0.00674642196733 -0.0131527172258 0.0140080212915 0.00957682591715 0.00543885502896 0.00786336845922 0.0449580743697 0.0248550540601 0.0313027708017 0.005268545692 -0.00560323134383 -0.00303282202793 0.0433026523412 0.0122651921038 0.0453938032328 0.013302553484 0.0132800438784 -0.0047669459483 0.00908433353754 0.0187811390993 8.12950717072e-05 0.0041370544041 0.0159525738909 0.0128052838644 0.0256697720438 0.256175371115 -0.00306228928368 0.0147241974635 0.011914214353 0.0017495387331 -0.00621379755966 0.00316008390502 0.00890961810326 
0.0199063634052 0.0179180726384 0.00555252090725 0.00715108243664 0.00798506820436 0.00755250591136 0.00903585936554 -0.00429690764631 0.00276520566322 0.0153601398617 0.0124895829405 0.0123111507475 0.0156207656708 0.00771275528276 0.0156970007504 0.0392621892201 0.00259485176472 0.00237283934486 0.0797893136756 0.00910919924024 -0.0032700242484 0.0145336782191 0.00683144032784 0.00547108667808 0.0060973862387 0.00143560746111 0.00296461173252 0.0153680588551 0.0316414166472 0.0209574959179 0.0366400407287 0.0274395281738 0.0284582686739 0.031742843728 0.0151810340206 -0.00904848908489 0.00806628919384 -0.00456082991808 0.00207650521611 0.0304158892364 0.00156218302192 0.00168202085773 -0.00306228928368 0.333348080025 0.0110721607334 -0.000703837691161 -0.0147885225135 -0.000588431168619 0.00383064726913 -0.00411091010957 
0.0204683883239 -0.00260964498234 0.0238644299694 0.00713675201151 0.0124929176014 0.00955727738767 0.0127767655407 0.0213929898031 0.0380088228189 0.0159773090763 0.0267394486005 0.0105946795642 0.0368118114319 0.00616129381472 0.0162936958971 0.0289435417845 0.0120332016479 0.00810498000051 0.0117762857179 0.0145201098056 0.00737369649078 0.0123176802737 0.0250453202652 0.0149429933322 0.025932924608 0.0190775629847 0.0184813213162 0.0352392440077 0.0352543850206 0.0340468802405 0.0818928972631 0.0544177376157 0.00152516797833 -0.00458487844859 0.016797642654 0.0230711329374 0.0342937448299 0.00869659851913 0.02166569839 0.0309905195253 0.0177919136158 0.0290945109873 0.0147241974635 0.0110721607334 0.22733391185 0.0140554485841 0.00952516983991 0.0255293439432 0.0032187962023 0.0209369105986 
0.00757622937996 0.0107364889963 0.011323374 0.00938925168973 0.0139670285137 0.0123290534446 0.0149264739008 -0.00249461235493 0.00360832205767 0.0124190616066 0.0113953893031 -0.00671665988423 0.0380266080554 0.0111737701684 0.0109254061333 0.00265654272404 0.0226914483977 0.0106565617481 0.0160541658303 0.00117052553504 0.00348950232488 -0.000450441229835 0.0122002318421 0.0119681349254 0.0271985572647 0.007847426411 0.0156256869149 0.0068010928111 0.0167950654372 0.00959452025054 0.0239437963534 0.00433816782233 -0.00798382309737 -0.0101150315187 0.00512250199742 0.0129065422832 0.0127879140469 0.00485555455106 0.00809091383013 0.00646423296804 -0.00611884420818 0.0278849010561 0.011914214353 -0.000703837691164 0.0140554485841 0.212423039388 0.000636612685792 0.0032019343197 0.00401075169024 0.013706715852 
-0.00230494110607 0.00806695601229 -0.00263069117569 -0.00487603748971 -0.00460319075773 0.00511776795406 -0.0110890338417 -0.00223065212667 0.000441500805864 -0.00415630014572 0.00551817208886 -0.00964760881051 -0.00457033509265 -0.0086409013851 0.0123144353307 -0.0128542552478 -0.00485846675294 0.010680734191 0.00390560274299 -0.00593522601664 -0.00351172539836 -0.00609566717471 0.00281878330359 0.00310767571248 -0.00537107764189 0.0243384246858 -0.0165040970462 -0.00651664721995 -0.0149878815446 0.0100714417152 0.0239353686491 0.0028251717923 0.00480895316035 0.030607010872 -0.00671907109026 0.00578030037506 -0.0184630836976 -0.0194857779699 0.0180032740778 0.000346521023463 0.0212407040459 0.0128394112124 0.0017495387331 -0.0147885225135 0.00952516983991 0.000636612685791 1.36950003561 0.00189613381314 -0.0159139055271 0.0491975146236 
