20
0.0272516352802 0.0276848810082 0.0594494044175 0.0307440439862 0.0540864966038 0.0260517267587 0.192324736986 0.0340754658053 0.0448250845436 0.0220926651793 0.0448147494519 0.242072249725 0.0499472002084 0.0192488530763 0.0380825412642 0.065735385914 0.104903250727 0.132143501856 0.0151091702759 0.0572050688987 
0.232875376466 0.014106684587 0.00865467645991 0.0319025749447 0.00619630009524 0.00810117121167 0.0134786810212 0.00281372191675 0.00369645468114 0.0066682309027 0.000974803819214 0.0145431799064 0.0227842236768 0.00894755414065 0.001374705142 0.000226358940437 0.00966253040716 0.0229014642766 0.0157531591948 0.0115948774499 
0.014106684587 0.262732992147 0.032392280202 0.0289531457171 0.0159480738307 0.0243316036115 0.0291351699061 0.00471321193769 0.0250384387559 0.0134996305398 0.00527283575019 0.0535212600265 0.0110914147602 0.0139814420842 0.0249885383114 0.0301896156818 0.0362756022866 0.0092136014083 0.0307073149969 0.0211506951616 
0.00865467645991 0.032392280202 0.302425050295 0.0578294910758 0.0309114892633 0.0282676195325 0.0618488814534 0.0106078325028 0.0502980688473 0.0114040667692 0.026835622383 0.0539150167117 0.024422941599 0.021523931908 0.0210112472821 0.0387601275314 0.0577743968301 0.0192507534194 0.0172677707036 0.0339943808428 
0.0319025749447 0.0289531457171 0.0578294910758 0.242622671902 0.0219025070292 0.0324430681968 0.0537730255724 0.0143082608898 0.033255221195 0.0242947161968 0.0232012642578 0.0418906824463 0.0211546922139 0.0194426942831 0.0101558983927 0.0180105938532 0.0361948766582 0.046672871335 0.020410211678 0.0200951836248 
0.00619630009524 0.0159480738307 0.0309114892633 0.0219025070292 0.396954520213 0.00609782276756 0.014620527033 0.00386667819676 0.0061607500447 0.0206022045032 0.0224935150988 0.049575754557 0.00885031234048 0.00357446582136 -0.00246407108874 0.0277821666052 0.0185321987174 0.0241240804674 0.00732563407176 0.0154127580224 
0.00810117121167 0.0243316036115 0.0282676195325 0.0324430681968 0.00609782276756 0.194000573218 0.0412454347181 0.0092636394811 0.0307401179215 0.0100903653266 0.000473900888192 0.0485355351948 0.0116294321916 0.0106044843769 0.0242993867588 0.00865229839196 0.0478002991873 0.0209243554689 0.0143170592191 0.0238664286805 
0.0134786810212 0.0291351699061 0.0618488814534 0.0537730255724 0.014620527033 0.0412454347181 0.646711914363 0.0170756602573 0.0252445479767 0.0345721471396 0.0273819653453 0.213322037426 0.00984063106231 0.0215666855457 0.0434126539578 0.0387141751714 0.121576051288 0.131923959955 0.0187388264378 0.0599991140959 
0.00281372191675 0.00471321193769 0.0106078325028 0.0143082608898 0.00386667819676 0.00926363948111 0.0170756602573 0.189710248777 0.00934440144957 0.017614458236 0.0164317311771 0.00565826433391 0.00910087160127 0.0329025757168 0.0120108787178 0.00633060716503 0.0115686273774 0.0175474353267 0.00909173429369 0.00955513336954 
0.00369645468114 0.0250384387559 0.0502980688473 0.033255221195 0.0061607500447 0.0307401179215 0.0252445479767 0.00934440144957 0.255738718771 0.00268465957891 0.0149384590165 0.0503897098201 0.00961152201338 0.0155636009715 0.00771490718485 0.0224695469478 0.025842495206 0.00123166552872 0.0210039689367 0.0165757067896 
0.0066682309027 0.0134996305398 0.0114040667692 0.0242947161968 0.0206022045032 0.0100903653266 0.0345721471396 0.017614458236 0.00268465957891 0.241609241056 0.0205779929821 0.0199367753591 -0.00106946974922 0.00724058427385 0.0052427305329 0.0112995581568 0.0172229098868 0.0200187707958 0.0175116715055 0.0285791204012 
0.000974803819214 0.00527283575019 0.026835622383 0.0232012642578 0.0224935150988 0.000473900888192 0.0273819653453 0.0164317311771 0.0149384590165 0.0205779929821 0.475613480908 0.00231333436864 0.00610064906699 0.00717898638456 0.0193898147059 0.0132823514129 0.0225442912049 0.00220326141866 -0.000213145589478 0.0118886346108 
0.0145431799064 0.0535212600265 0.0539150167117 0.0418906824463 0.049575754557 0.0485355351948 0.213322037426 0.00565826433391 0.0503897098201 0.0199367753591 0.00231333436864 0.670626602437 0.0374402810837 0.0116208652784 0.0394994261422 0.0534814952332 0.0677126816228 0.0827835747285 0.0315871524223 0.0418775584312 
0.0227842236768 0.0110914147602 0.024422941599 0.0211546922139 0.00885031234048 0.0116294321916 0.00984063106231 0.00910087160127 0.00961152201338 -0.00106946974922 0.00610064906699 0.0374402810837 0.375119112096 0.00856514013612 0.0193768347678 0.0252568906035 0.0201884375067 0.0128592908393 0.0172533067513 0.0138209304892 
0.00894755414065 0.0139814420842 0.021523931908 0.0194426942831 0.00357446582136 0.0106044843769 0.0215666855457 0.0329025757168 0.0155636009715 0.00724058427385 0.00717898638456 0.0116208652784 0.00856514013612 0.146338637124 0.00604699105337 0.00814266158133 0.0134068751576 0.00748604885797 0.0165304308217 0.0102166702297 
0.001374705142 0.0249885383114 0.0210112472821 0.0101558983927 -0.00246407108874 0.0242993867588 0.0434126539578 0.0120108787178 0.00771490718484 0.0052427305329 0.0193898147059 0.0394994261422 0.0193768347678 0.00604699105337 0.256833733871 0.0371218183347 0.0213855845595 0.00658386344003 0.0197304458058 0.0235325604429 
0.000226358940438 0.0301896156818 0.0387601275314 0.0180105938532 0.0277821666052 0.00865229839196 0.0387141751714 0.00633060716503 0.0224695469478 0.0112995581568 0.0132823514129 0.0534814952332 0.0252568906035 0.00814266158133 0.0371218183347 0.439179517108 0.0138432999779 0.01090592355 0.0272280370165 0.00923195943787 
0.00966253040716 0.0362756022866 0.0577743968301 0.0361948766582 0.0185321987174 0.0478002991873 0.121576051288 0.0115686273774 0.025842495206 0.0172229098868 0.0225442912049 0.0677126816228 0.0201884375067 0.0134068751576 0.0213855845595 0.0138432999779 0.469456579978 0.0471112306994 0.0116745232844 0.0528371986761 
0.0229014642766 0.0092136014083 0.0192507534194 0.046672871335 0.0241240804674 0.0209243554689 0.131923959955 0.0175474353267 0.00123166552872 0.0200187707958 0.00220326141866 0.0827835747285 0.0128592908393 0.00748604885797 0.00658386344003 0.01090592355 0.0471112306994 0.486273307644 0.000826416633637 0.028431813262 
0.0157531591948 0.0307073149969 0.0172677707036 0.020410211678 0.00732563407176 0.0143170592191 0.0187388264378 0.00909173429369 0.0210039689367 0.0175116715055 -0.000213145589478 0.0315871524223 0.0172533067513 0.0165304308217 0.0197304458058 0.0272280370165 0.0116745232844 0.000826416633637 0.160186407219 0.0175064792828 
0.0115948774499 0.0211506951616 0.0339943808428 0.0200951836248 0.0154127580224 0.0238664286805 0.0599991140959 0.00955513336954 0.0165757067896 0.0285791204012 0.0118886346108 0.0418775584312 0.0138209304892 0.0102166702297 0.0235325604429 0.00923195943787 0.0528371986761 0.028431813262 0.0175064792828 0.266663311327 

['OMC', 'COF', 'STT', 'PCL', 'GENZ', 'SEE', 'FCX', 'CPB', 'COST', 'CMS', 'BSX', 'ATI', 'PFE', 'K', 'EDS', 'BDX', 'MON', 'WFT', 'KMB', 'CBE']