40
0.0285507317948 0.0297343435849 0.0911559741232 0.0604038345904 0.0210495138202 0.128222495688 0.0470472683343 0.148169679735 0.0753619397022 0.0282353637115 0.242072249725 0.142835786571 0.0442318588416 0.02392892696 0.0389775871913 0.0268988212896 0.026407260569 0.0377827405953 0.090319564185 0.0256345374975 0.123926899062 0.0436219100546 0.0466521206007 0.0275926739743 0.0621529110589 0.023015295127 0.0188066159349 0.0146510565804 0.0161403943775 0.0523918745475 0.0970140476379 0.0284224966367 0.0549811443135 0.039970875035 0.107238949757 0.0122123060087 0.0669692816613 0.0352458247454 0.169485482474 0.110625092132 
0.248635245603 0.00757998137825 -0.000551479075381 0.00771906585499 0.0279435987907 0.0206032959267 0.0139741911469 0.025911150124 0.00332022825995 0.012545334119 0.0187357743937 0.0108236436133 0.0265652050327 0.0215614458707 -0.00513991569479 0.00699979720977 0.0055929250585 0.0114168676476 0.00601718125982 0.00699813849396 0.0209087822826 0.00604367546633 0.00168578954656 0.00211968584409 0.0225872679527 0.0112687558365 0.00922098366428 0.00141589873382 0.000655682924115 0.00736162504094 0.0343728450572 0.0115832504425 0.00298143649768 0.00562735386222 0.0208650147264 0.00748991001723 0.0215804693915 0.0170439851216 0.030807177953 0.00891109229001 
0.00757998137825 0.193107030302 0.00645728929192 0.0129792361989 0.0147829347636 0.00765911722831 0.0151725096016 0.0052266778158 0.0173243950244 0.0116661432222 0.0177441061418 0.0184616310514 0.0135807336419 0.00348161057538 0.00716714806674 -0.00384101040162 -0.00958320775728 0.0147126359877 0.00779535351986 0.0123196996485 0.0156166811827 0.00235456044026 0.0114567186107 0.00539378679656 -0.00582346793619 0.0170827211346 0.0113644587964 0.00812899239005 -0.00204562930056 0.0233631998764 0.0211772242263 0.0166352025623 0.010801097448 -0.00122985354211 0.010620193543 -0.00506059873438 0.00839128388625 -0.00402030355604 0.00684572342584 0.00769876202033 
-0.000551479075381 0.00645728929192 0.360135676302 0.0356336473217 -0.00588989100619 0.0497043259851 0.0213122614642 0.0102737085587 0.0356051902681 0.0129489037713 0.106861307727 0.00489987033316 0.026736884632 0.0316987497383 0.0262377464403 0.0095758638428 0.0117309071726 0.0262907740364 0.0372505419902 0.0154421622638 0.023642637672 0.0235078391226 0.0108605375277 0.0159304122873 0.0332192718549 0.0104916713136 0.0149579588339 0.0181224592692 0.0135793237713 0.0182857737147 0.0426933874178 0.0227276598185 0.0618881390962 0.036557967025 0.0394693297659 0.00197115764442 0.0360210659401 0.017236585213 0.0288985584381 0.0289341907797 
0.00771906585499 0.0129792361989 0.0356336473217 0.28486119516 0.00473471483631 0.0367314025087 0.0113359757504 0.0230148586228 0.0208495059823 0.0161981268765 0.0652077475817 0.0104240936279 0.010176595202 0.020398815874 0.0189397538491 0.0146766845736 0.0162170869226 0.0193514215458 0.0287034842351 0.010932928359 0.0054763762932 0.0201048795589 0.0145750883474 0.00455261668035 0.012566511115 0.0178249703706 0.00852241731654 0.0100067115977 0.00645467207652 -0.00109535376159 0.0458293765285 0.00870406982309 -0.00319042587712 0.0524993841777 0.0258928387179 -0.000528996573128 0.0313713787438 0.0149969844052 0.042593240619 0.0333748567667 
0.0279435987907 0.0147829347636 -0.00588989100619 0.00473471483631 0.322874099045 0.0428785565647 0.00912092279047 0.0263293656477 -0.000970493169629 0.006089673531 0.00497827049208 0.0231851186015 0.0124228042057 0.00907267714245 0.0162036702768 -0.00135058497456 0.0197976488812 0.00354397976736 0.0112976623551 0.0185838441298 -0.0139644259483 0.0198889117874 0.0263999659482 0.0035811242607 0.0074324215057 0.0103703266082 0.00851438075248 0.00608856645958 0.00165129172977 0.0278408833736 0.0315904833988 -0.00378485819613 5.82355469572e-05 0.00793090108944 -0.00325643435868 0.0116102952323 0.0085934529634 0.0122145161024 0.00988712179683 0.0251325791555 
0.0206032959267 0.00765911722831 0.0497043259851 0.0367314025087 0.0428785565647 0.528369119374 0.0278362972791 0.0568545669197 0.037508252575 0.0157309033479 0.0438632006804 0.0544944834592 0.0379213880289 0.0165601656933 0.00461903473615 0.00881405758119 0.0221924554331 0.0184082131473 0.0534638668498 0.014418532061 -0.00207444149415 0.0441268166242 0.0297036669368 0.0157357847324 0.0259782265488 0.0191813079714 0.0151877999364 0.0156525101998 0.0179148902459 0.0207498583449 0.0792639826473 0.0123162023024 0.0455728824448 0.0224131832297 0.0368768491245 3.75065823226e-05 0.0493873601057 0.0276283850126 0.0133090261886 0.0475241606355 
0.0139741911469 0.0151725096016 0.0213122614642 0.0113359757504 0.00912092279047 0.0278362972791 0.205631768231 0.0147339844628 0.0140537809602 0.0262093225906 0.0198639240664 -0.00530311816881 0.0254838203502 0.00908297257977 0.0111792981756 0.00994984969694 0.0204417016809 0.0182837450907 0.029542458871 0.0156517380626 -0.00446772750275 0.0340982130341 0.0300083003831 0.00916910333788 0.0278743551082 0.0159222287595 0.0204061793795 0.0187229419805 0.00933147850448 0.0333736626472 0.0395738354306 0.0105619482298 0.0258555693303 0.0231877068565 0.0210733163524 0.0209946192492 0.0244198296263 0.0178901292136 0.00464141398214 0.0069281065023 
0.025911150124 0.0052266778158 0.0102737085587 0.0230148586228 0.0263293656477 0.0568545669197 0.0147339844628 0.471404961393 0.0309188996741 0.00898334422192 0.0281284132263 0.0159426845557 0.0249158858175 0.0150617200532 0.0174087959384 0.0235753872618 0.00611551965501 0.0266252972602 0.0323004711508 0.0074315622689 -0.00309800993245 0.0141435215569 0.00556776348805 0.000153532446799 0.0173301475011 0.00668620956452 0.030322347107 0.0078510449106 -0.00373962594184 0.0123214561574 0.0585418019981 0.0021177212754 0.0130823098017 0.0153280506054 -0.00759150354745 0.0268054035536 0.00582750669013 0.00325701728672 0.0142420264361 0.0184687884221 
0.00332022825995 0.0173243950244 0.0356051902681 0.0208495059823 -0.000970493169629 0.037508252575 0.0140537809602 0.0309188996741 0.386073976856 0.00350263124189 0.0816130870482 0.00281717085916 0.0222552900536 0.0070473954072 -0.00261289682221 -0.00646789284186 -0.00794241399188 0.0396949180199 0.00530836714515 0.00799731256957 0.0266376515967 0.00988099791902 0.0382613296964 0.00286794365544 -0.000605637189449 0.0013463674486 0.00124048982589 -0.00674264355006 -0.00728426737268 0.00095434280176 0.0609980162928 0.0057355467444 0.0115995149292 0.0103401826699 0.0121326491201 0.00753242334817 0.00941670240807 0.0121784646331 0.0510673299904 -0.00880840236997 
0.012545334119 0.0116661432222 0.0129489037713 0.0161981268765 0.006089673531 0.0157309033479 0.0262093225906 0.00898334422192 0.00350263124189 0.142515280223 0.0243010852506 0.00290728452794 0.0226376334991 0.014239723883 0.0280429732951 0.00685482787207 0.0420513322737 0.0177772875507 0.0249169930556 0.0204776982527 0.00520140246037 0.0306990612258 0.020404602402 0.0108732592318 0.0234710110195 0.0410780953059 0.0145834403236 0.0190028697251 0.0223668493495 0.0187017770159 0.0471698293144 0.0154330090772 0.00568957021077 0.0119111581694 0.0345977391469 0.00340349884779 0.0177461689592 0.0190120639682 0.00687596764417 0.0154840635434 
0.0187357743937 0.0177441061418 0.106861307727 0.0652077475817 0.00497827049208 0.0438632006804 0.0198639240664 0.0281284132263 0.0816130870482 0.0243010852506 0.672294354235 0.00512761233222 0.0653473309946 0.0230733483516 0.0446885578896 -0.00742800334813 0.0512172363497 0.0196398975913 0.0480715000811 0.0248933185352 0.0279046315258 0.0615079382093 0.0119138804338 0.0115640687496 0.0319715126381 0.0202141179155 0.0327841860447 0.011103917543 0.00356290379547 0.0359468998063 0.0880542595964 -0.0029525452929 0.0491312369497 0.0390267885667 0.0846620341726 0.0219775760452 0.0768066743885 0.0327459641125 0.0496685564483 0.0428386498491 
0.0108236436133 0.0184616310514 0.00489987033316 0.0104240936279 0.0231851186015 0.0544944834592 -0.00530311816881 0.0159426845557 0.00281717085916 0.00290728452794 0.00512761233222 1.25290010287 0.00242473648127 0.00758819125119 0.0341251741197 0.0043722073288 -0.010835871924 0.0170964244918 0.00321619479605 0.00270643895405 -0.0157181618236 0.00537149302598 0.0134952477254 -0.0172582417002 0.0169939115403 0.00361923115047 0.0176860526127 0.00143388367071 -0.00418052245601 -0.00841446222833 0.0259741165366 0.00706198609959 -0.000402684762271 -0.00222339892166 0.0201655122845 0.00426217234161 0.00795995083355 0.00568144914178 -0.00152220836159 0.0250690033715 
0.0265652050327 0.0135807336419 0.026736884632 0.010176595202 0.0124228042057 0.0379213880289 0.0254838203502 0.0249158858175 0.0222552900536 0.0226376334991 0.0653473309946 0.00242473648127 0.239127746431 0.0172185520944 0.026182351752 0.0266970192137 0.0256276964479 0.016417660865 0.0125556304979 0.0114789993166 0.0118884817904 0.0348372364521 0.0265654043646 -0.003952069413 0.00124845416478 0.0214374407024 0.00721709561816 0.0228105239362 0.0196407227669 0.0281776060634 0.0333016163876 0.0122284639137 0.00601562170082 0.036317235727 0.0460724277379 0.0220381753167 0.0285736129841 0.013345560715 0.0243928099563 0.0460445490299 
0.0215614458707 0.00348161057538 0.0316987497383 0.020398815874 0.00907267714245 0.0165601656933 0.00908297257977 0.0150617200532 0.0070473954072 0.014239723883 0.0230733483516 0.00758819125119 0.0172185520944 0.24597929292 0.0108708696782 0.00921026579105 0.0160486507791 0.00362822633383 0.0104592676237 0.00551429874661 0.0063866113432 0.0179501955836 0.00495470993004 0.0030709881244 0.0341939090159 0.0126773508707 0.0293076914502 0.0182921730052 0.00729937885956 -0.00192690284067 0.0425405468459 -0.00422650223008 0.00851824373145 0.0225021487653 0.0370152428197 0.0169744611708 0.0256181995614 0.0139617607929 0.00103876384057 0.0286878987131 
-0.00513991569479 0.00716714806674 0.0262377464403 0.0189397538491 0.0162036702768 0.00461903473615 0.0111792981756 0.0174087959384 -0.00261289682221 0.0280429732951 0.0446885578896 0.0341251741197 0.026182351752 0.0108708696782 0.237377178118 0.013244783438 0.0334960167788 0.018760542655 -0.00354918679276 0.00981677153911 0.044261896184 0.0549611028036 0.02312819879 -0.000529664657772 0.012260108447 0.0279762486118 0.018416882143 0.020966208003 0.0108445046323 0.037035253873 0.0388404026406 0.0111948601328 0.0114245627389 0.0205829230497 0.0211485742407 0.0185391166069 0.0238737855977 0.0181959995509 0.000751264850577 0.0380893771939 
0.00699979720977 -0.00384101040162 0.0095758638428 0.0146766845736 -0.00135058497456 0.00881405758119 0.00994984969694 0.0235753872618 -0.00646789284186 0.00685482787207 -0.00742800334813 0.0043722073288 0.0266970192137 0.00921026579105 0.013244783438 0.200412043721 0.00418215321653 0.00316107750485 0.00848213877835 0.0243293378098 0.0155871448242 0.0200862650305 0.00296071836197 -0.00517860324166 0.0130121530684 0.00165148469348 0.0124745117214 0.0126427796655 0.0122319308013 -0.00362474897592 0.00809362651724 0.0124020584978 0.00299420143108 0.00893462163981 0.076043390957 0.0131562132994 0.000844468882792 0.0171457917663 -0.00507107701317 0.0763569132731 
0.0055929250585 -0.00958320775728 0.0117309071726 0.0162170869226 0.0197976488812 0.0221924554331 0.0204417016809 0.00611551965501 -0.00794241399188 0.0420513322737 0.0512172363497 -0.010835871924 0.0256276964479 0.0160486507791 0.0334960167788 0.00418215321653 0.195298510281 0.0202154517574 0.0226647490087 0.0168069950378 0.0183630452527 0.055077936096 0.0352540659533 0.0164404273361 0.016093449293 0.0356749435415 0.0050624700555 0.00962685324006 0.00656791228715 0.0146114529363 0.0438932598955 0.010591893712 0.0146058381288 0.0198865581769 0.0419000882966 0.00807322359546 0.0200456600816 0.0114254049947 0.0187176636322 0.00442504345702 
0.0114168676476 0.0147126359877 0.0262907740364 0.0193514215458 0.00354397976736 0.0184082131473 0.0182837450907 0.0266252972602 0.0396949180199 0.0177772875507 0.0196398975913 0.0170964244918 0.016417660865 0.00362822633383 0.018760542655 0.00316107750485 0.0202154517574 0.324102814422 0.00482647539929 0.0207444366234 0.00655763232374 0.0179816879372 0.0298586586377 0.0112019017948 0.0609015710635 0.0164167498789 -0.00152005096938 0.0105763911915 0.0121764399095 0.00877315191036 0.037841036319 0.0239436085749 0.0230931309661 0.00433886835964 0.0217057316966 0.00476596083884 0.00416950668772 0.016076546596 0.0189435041116 0.00443862005555 
0.00601718125982 0.00779535351986 0.0372505419902 0.0287034842351 0.0112976623551 0.0534638668498 0.029542458871 0.0323004711508 0.00530836714515 0.0249169930556 0.0480715000811 0.00321619479605 0.0125556304979 0.0104592676237 -0.00354918679276 0.00848213877835 0.0226647490087 0.00482647539929 0.610927387455 0.00676179577822 0.00290538227641 0.0157050324662 0.00615799793279 0.020449033242 0.0212641724146 0.015058726995 0.023755317347 0.0198147493986 0.0212388451875 0.0226509789109 0.0463620981481 0.000545131776663 0.00953038516461 0.0188579157336 0.0255846586289 0.0111931954523 0.0205346618884 0.0100149193275 0.00851098109721 0.0441860303101 
0.00699813849396 0.0123196996485 0.0154421622638 0.010932928359 0.0185838441298 0.014418532061 0.0156517380626 0.0074315622689 0.00799731256957 0.0204776982527 0.0248933185352 0.00270643895405 0.0114789993166 0.00551429874661 0.00981677153911 0.0243293378098 0.0168069950378 0.0207444366234 0.00676179577822 0.178105663089 -0.00393950509693 0.0100080903886 0.00424737721057 0.018842855999 0.0191239064815 0.0131088731508 0.0105937056054 0.017520166961 0.0160054547434 0.0122118517603 0.0152355813878 0.0140246010234 0.0274771144872 0.014013168429 0.013596986587 0.0152662163821 0.0207204016824 0.00395428665989 0.00315109561082 0.00517815441757 
0.0209087822826 0.0156166811827 0.023642637672 0.0054763762932 -0.0139644259483 -0.00207444149415 -0.00446772750275 -0.00309800993245 0.0266376515967 0.00520140246037 0.0279046315258 -0.0157181618236 0.0118884817904 0.0063866113432 0.044261896184 0.0155871448242 0.0183630452527 0.00655763232374 0.00290538227641 -0.00393950509693 0.908490951889 -0.00285683127228 0.0101309740166 0.00763857258855 -0.00402485833841 0.0161895538067 0.00635436737238 0.0113639689122 -0.00228127161758 0.0173750372185 0.0375074882842 -0.00304881065469 0.0104681954794 0.0202873138673 0.0454016794168 0.026356212906 -0.00875986742436 -0.000337649648676 0.0129506583716 0.0130713478426 
0.00604367546633 0.00235456044026 0.0235078391226 0.0201048795589 0.0198889117874 0.0441268166242 0.0340982130341 0.0141435215569 0.00988099791902 0.0306990612258 0.0615079382093 0.00537149302598 0.0348372364521 0.0179501955836 0.0549611028036 0.0200862650305 0.055077936096 0.0179816879372 0.0157050324662 0.0100080903886 -0.00285683127228 0.309565818001 0.028843213793 -0.00102640035118 0.0195297534969 0.0159502404155 0.0180536098741 0.0218227855607 0.0118665321745 -0.000330186799333 0.0330163810806 0.00313011920094 0.00825707530143 0.0372469893083 0.0455584166744 0.0201333474653 0.021712225601 0.0360263635419 0.00995149956244 0.0197602436858 
0.00168578954656 0.0114567186107 0.0108605375277 0.0145750883474 0.0263999659482 0.0297036669368 0.0300083003831 0.00556776348805 0.0382613296964 0.020404602402 0.0119138804338 0.0134952477254 0.0265654043646 0.00495470993004 0.02312819879 0.00296071836197 0.0352540659533 0.0298586586377 0.00615799793279 0.00424737721057 0.0101309740166 0.028843213793 0.259483479429 -0.00828862480886 -0.000187475035389 0.0106627623219 0.00122177930254 0.0167165827421 0.00724380859175 0.0301199918752 0.0187713273618 0.00636083055033 0.00391671018804 0.0143035625219 0.00391721025672 0.0157343507749 0.00403222963335 0.0107018981927 0.0370372037985 -0.000224953007111 
0.00211968584409 0.00539378679656 0.0159304122873 0.00455261668035 0.0035811242607 0.0157357847324 0.00916910333788 0.000153532446799 0.00286794365544 0.0108732592318 0.0115640687496 -0.0172582417002 -0.003952069413 0.0030709881244 -0.000529664657772 -0.00517860324166 0.0164404273361 0.0112019017948 0.020449033242 0.018842855999 0.00763857258855 -0.00102640035118 -0.00828862480886 0.370027640804 0.010322056221 0.0174366266059 -0.00662079374135 0.00930227502779 0.00889791250753 -0.00468376684738 0.011269087429 -0.00470903270614 0.0066771621264 0.00231408713978 0.0145079253757 0.0198899430866 0.00353404301915 -0.00026408316125 0.0110803909515 0.00809124629558 
0.0225872679527 -0.00582346793619 0.0332192718549 0.012566511115 0.0074324215057 0.0259782265488 0.0278743551082 0.0173301475011 -0.000605637189448 0.0234710110195 0.0319715126381 0.0169939115403 0.00124845416478 0.0341939090159 0.012260108447 0.0130121530684 0.016093449293 0.0609015710635 0.0212641724146 0.0191239064815 -0.00402485833841 0.0195297534969 -0.00018747503539 0.010322056221 0.318627694256 -0.00655363799818 0.0411713933306 0.0274132855587 0.00945913945423 0.0190328231757 0.0422903582385 0.00983979589765 0.0108489609572 0.0218080534803 0.034098426221 -0.00065452524099 0.0158952783109 0.0284794713433 0.0256499867357 0.035952704023 
0.0112687558365 0.0170827211346 0.0104916713136 0.0178249703706 0.0103703266082 0.0191813079714 0.0159222287595 0.00668620956452 0.0013463674486 0.0410780953059 0.0202141179155 0.00361923115047 0.0214374407024 0.0126773508707 0.0279762486118 0.00165148469348 0.0356749435415 0.0164167498789 0.015058726995 0.0131088731508 0.0161895538067 0.0159502404155 0.0106627623219 0.0174366266059 -0.00655363799818 0.142703948092 0.0170612560422 0.0226544456693 0.00935953177751 0.0229020151324 0.025976717315 0.0136670690296 0.000497560247089 0.0145493811309 0.0324057644834 0.00613472746678 0.0175042036609 0.00889145259166 0.00699252640448 0.0220414297253 
0.00922098366428 0.0113644587964 0.0149579588339 0.00852241731654 0.00851438075248 0.0151877999364 0.0204061793795 0.030322347107 0.00124048982589 0.0145834403236 0.0327841860447 0.0176860526127 0.00721709561816 0.0293076914502 0.018416882143 0.0124745117214 0.0050624700555 -0.00152005096938 0.023755317347 0.0105937056054 0.00635436737238 0.0180536098741 0.00122177930254 -0.00662079374135 0.0411713933306 0.0170612560422 0.196778031351 0.015956988742 0.0111045782133 0.00473390468831 0.0298407182348 0.00743965543173 -0.00147398114944 0.0140238060597 0.0394040651679 0.00880744793281 0.0271198196795 0.0161616194043 0.01884441459 0.020224862867 
0.00141589873382 0.00812899239005 0.0181224592692 0.0100067115977 0.00608856645958 0.0156525101998 0.0187229419805 0.0078510449106 -0.00674264355006 0.0190028697251 0.011103917543 0.00143388367071 0.0228105239362 0.0182921730052 0.020966208003 0.0126427796655 0.00962685324006 0.0105763911915 0.0198147493986 0.017520166961 0.0113639689122 0.0218227855607 0.0167165827421 0.00930227502779 0.0274132855587 0.0226544456693 0.015956988742 0.15229760181 0.0210139639556 0.013293441579 0.0166359897739 0.00576445821289 0.00771221174453 0.0107842404935 0.0126143051774 0.0127036018241 0.00433227828307 0.0162147851005 0.00066896399591 0.00521043113934 
0.000655682924114 -0.00204562930056 0.0135793237713 0.00645467207652 0.00165129172977 0.0179148902459 0.00933147850449 -0.00373962594184 -0.00728426737268 0.0223668493495 0.00356290379547 -0.00418052245601 0.0196407227669 0.00729937885956 0.0108445046323 0.0122319308013 0.00656791228714 0.0121764399095 0.0212388451875 0.0160054547434 -0.00228127161758 0.0118665321745 0.00724380859175 0.00889791250753 0.00945913945423 0.00935953177751 0.0111045782133 0.0210139639556 0.177569012319 0.00925046637254 0.0119888605405 0.00671465574154 0.00878565514833 0.00897141425194 -0.00250243075908 0.00856512720969 -0.00249071366253 0.0038366299382 0.000288597526156 -0.00481197308748 
0.00736162504095 0.0233631998764 0.0182857737147 -0.00109535376159 0.0278408833736 0.0207498583449 0.0333736626472 0.0123214561574 0.00095434280176 0.0187017770159 0.0359468998063 -0.00841446222833 0.0281776060634 -0.00192690284067 0.037035253873 -0.00362474897592 0.0146114529363 0.00877315191036 0.0226509789109 0.0122118517603 0.0173750372185 -0.000330186799333 0.0301199918752 -0.00468376684738 0.0190328231757 0.0229020151324 0.00473390468831 0.013293441579 0.00925046637254 0.351748200851 0.0312894943655 0.00313456176167 0.0197127127111 0.0238699866854 0.0110719330763 0.00925048299223 0.00476491515953 0.0102293865799 0.0177982462725 -0.00349761355664 
0.0343728450572 0.0211772242263 0.0426933874178 0.0458293765285 0.0315904833988 0.0792639826473 0.0395738354306 0.0585418019981 0.0609980162928 0.0471698293144 0.0880542595964 0.0259741165366 0.0333016163876 0.0425405468459 0.0388404026406 0.00809362651724 0.0438932598955 0.037841036319 0.0463620981481 0.0152355813878 0.0375074882842 0.0330163810806 0.0187713273618 0.011269087429 0.0422903582385 0.025976717315 0.0298407182348 0.0166359897739 0.0119888605405 0.0312894943655 0.575674297053 -0.00134278667727 0.024753260813 0.0399748221204 0.0353413432506 0.0176912109315 0.0723004472769 0.0444468771849 0.0170976211049 0.0520474994451 
0.0115832504425 0.0166352025623 0.0227276598185 0.00870406982309 -0.00378485819613 0.0123162023024 0.0105619482298 0.0021177212754 0.0057355467444 0.0154330090772 -0.0029525452929 0.00706198609959 0.0122284639137 -0.00422650223008 0.0111948601328 0.0124020584978 0.010591893712 0.0239436085749 0.000545131776663 0.0140246010234 -0.00304881065469 0.00313011920094 0.00636083055033 -0.00470903270614 0.00983979589765 0.0136670690296 0.00743965543172 0.00576445821289 0.00671465574154 0.00313456176167 -0.00134278667727 0.19869449184 0.0141715499935 0.00970468841652 0.0121761764581 -0.00308592653086 0.00146092760561 0.00280844717843 0.0206253477517 -0.00653488007097 
0.00298143649768 0.010801097448 0.0618881390962 -0.00319042587712 5.82355469575e-05 0.0455728824448 0.0258555693303 0.0130823098017 0.0115995149292 0.00568957021077 0.0491312369497 -0.000402684762271 0.00601562170082 0.00851824373145 0.0114245627389 0.00299420143108 0.0146058381288 0.0230931309661 0.00953038516461 0.0274771144872 0.0104681954794 0.00825707530143 0.00391671018804 0.0066771621264 0.0108489609572 0.000497560247089 -0.00147398114944 0.00771221174453 0.00878565514833 0.0197127127111 0.024753260813 0.0141715499935 0.441440869132 0.00450465330879 0.0161385975025 0.00982700113777 0.0299001121318 0.0145531936743 0.000518115368651 -0.007084597477 
0.00562735386222 -0.00122985354211 0.036557967025 0.0524993841777 0.00793090108944 0.0224131832297 0.0231877068565 0.0153280506054 0.0103401826699 0.0119111581694 0.0390267885667 -0.00222339892166 0.036317235727 0.0225021487653 0.0205829230497 0.00893462163981 0.0198865581769 0.00433886835964 0.0188579157336 0.014013168429 0.0202873138673 0.0372469893083 0.0143035625219 0.00231408713978 0.0218080534803 0.0145493811309 0.0140238060597 0.0107842404935 0.00897141425194 0.0238699866854 0.0399748221204 0.00970468841652 0.00450465330879 0.192885338983 0.0264142825488 0.0161937275875 0.0203195117235 0.00680721142394 0.0290392693282 0.0165701015684 
0.0208650147264 0.010620193543 0.0394693297659 0.0258928387179 -0.00325643435868 0.0368768491245 0.0210733163524 -0.00759150354745 0.0121326491201 0.0345977391469 0.0846620341726 0.0201655122845 0.0460724277379 0.0370152428197 0.0211485742407 0.076043390957 0.0419000882966 0.0217057316966 0.0255846586289 0.013596986587 0.0454016794168 0.0455584166744 0.00391721025672 0.0145079253757 0.034098426221 0.0324057644834 0.0394040651679 0.0126143051774 -0.00250243075908 0.0110719330763 0.0353413432506 0.0121761764581 0.0161385975025 0.0264142825488 0.442238280336 -0.00397737280758 0.0263589613347 0.012381295218 0.0392056159519 0.159652431501 
0.00748991001723 -0.00506059873438 0.00197115764442 -0.000528996573128 0.0116102952323 3.75065823225e-05 0.0209946192492 0.0268054035536 0.00753242334817 0.00340349884779 0.0219775760452 0.00426217234161 0.0220381753167 0.0169744611708 0.0185391166069 0.0131562132994 0.00807322359546 0.00476596083884 0.0111931954523 0.0152662163821 0.026356212906 0.0201333474653 0.0157343507749 0.0198899430866 -0.000654525240989 0.00613472746678 0.00880744793281 0.0127036018241 0.00856512720969 0.00925048299223 0.0176912109315 -0.00308592653086 0.00982700113777 0.0161937275875 -0.00397737280758 0.286127523185 0.0331655233142 0.0174273562205 0.0174203467267 0.0146978608187 
0.0215804693915 0.00839128388625 0.0360210659401 0.0313713787438 0.0085934529634 0.0493873601057 0.0244198296263 0.00582750669013 0.00941670240807 0.0177461689592 0.0768066743885 0.00795995083355 0.0285736129841 0.0256181995614 0.0238737855977 0.000844468882792 0.0200456600816 0.00416950668772 0.0205346618884 0.0207204016824 -0.00875986742436 0.021712225601 0.00403222963335 0.00353404301915 0.0158952783109 0.0175042036609 0.0271198196795 0.00433227828307 -0.00249071366253 0.00476491515953 0.0723004472769 0.00146092760561 0.0299001121318 0.0203195117235 0.0263589613347 0.0331655233142 0.474254720538 0.0187432945887 0.00701756304019 0.0520556671459 
0.0170439851216 -0.00402030355604 0.017236585213 0.0149969844052 0.0122145161024 0.0276283850126 0.0178901292136 0.00325701728672 0.0121784646331 0.0190120639682 0.0327459641125 0.00568144914178 0.013345560715 0.0139617607929 0.0181959995509 0.0171457917663 0.0114254049947 0.016076546596 0.0100149193275 0.00395428665989 -0.000337649648675 0.0360263635419 0.0107018981927 -0.00026408316125 0.0284794713433 0.00889145259166 0.0161616194043 0.0162147851005 0.0038366299382 0.0102293865799 0.0444468771849 0.00280844717843 0.0145531936743 0.00680721142394 0.012381295218 0.0174273562205 0.0187432945887 0.213729924821 -0.0142615790352 0.0388489712071 
0.030807177953 0.00684572342584 0.0288985584381 0.042593240619 0.00988712179683 0.0133090261886 0.00464141398214 0.0142420264361 0.0510673299904 0.00687596764417 0.0496685564483 -0.00152220836159 0.0243928099563 0.00103876384057 0.000751264850576 -0.00507107701317 0.0187176636322 0.0189435041116 0.00851098109722 0.00315109561082 0.0129506583716 0.00995149956244 0.0370372037985 0.0110803909515 0.0256499867357 0.00699252640448 0.01884441459 0.00066896399591 0.000288597526156 0.0177982462725 0.0170976211049 0.0206253477517 0.000518115368651 0.0290392693282 0.0392056159519 0.0174203467267 0.00701756304019 -0.0142615790352 0.675419680737 -0.00978111349243 
0.00891109229001 0.00769876202033 0.0289341907797 0.0333748567667 0.0251325791555 0.0475241606355 0.0069281065023 0.0184687884221 -0.00880840236997 0.0154840635434 0.0428386498491 0.0250690033715 0.0460445490299 0.0286878987131 0.0380893771939 0.0763569132731 0.00442504345702 0.00443862005555 0.0441860303101 0.00517815441757 0.0130713478426 0.0197602436858 -0.000224953007111 0.00809124629558 0.035952704023 0.0220414297253 0.020224862867 0.00521043113934 -0.00481197308748 -0.00349761355664 0.0520474994451 -0.00653488007097 -0.007084597477 0.0165701015684 0.159652431501 0.0146978608187 0.0520556671459 0.0388489712071 -0.00978111349243 0.552111637766 

['AT', 'PBG', 'CMI', 'ROK', 'HMA', 'NTAP', 'EQR', 'Q', 'APA', 'MTB', 'ATI', 'THC', 'PX', 'LIZ', 'MET', 'ADP', 'NCC', 'PGL', 'DRI', 'PG', 'CSC', 'NTRS', 'EXC', 'TRB', 'TJX', 'C', 'WMT', 'GE', 'JNJ', 'UNH', 'DHI', 'MKC', 'MIL', 'EMR', 'R', 'WPI', 'EK', 'FII', 'ADM', 'JNS']