50
0.0135350028622 0.0501483555771 0.0163484450471 0.143796644659 0.0246645675501 0.0313696733512 0.0535662105727 0.0582377086348 0.040534814632 0.0378384564622 0.169485482474 0.0540864966038 0.0125032911957 0.0424048973372 0.0380288664812 0.107238949757 0.0223482457603 0.251790956204 0.0341115490789 0.0355019489908 0.066200000993 0.0155341374053 0.0514292405054 0.0442487549982 0.093312473985 0.242072249725 0.0396221554001 0.0270240384822 0.0340754658053 0.0785675118811 0.132143501856 0.0218855159469 0.101481112582 0.0395396308246 0.0162851568228 0.0353360638732 0.0180781461794 0.0304536481296 0.0354646018646 0.0850489592031 0.0466468708745 0.0253425298527 0.078059567066 0.0738036440579 0.0248078828137 0.0125275076286 0.100974868985 0.0449680709256 0.128413882411 0.0466521206007 
0.195472583049 0.0235171855621 0.00683904919744 0.0305040599663 0.0233978729486 0.02328269101 0.00681670311129 0.0125501163135 -0.00224733724745 0.0143305747682 0.0091781862495 0.00748294590156 0.0134626072074 0.00537398180197 0.0158669264969 0.0197273623856 0.00152784656141 0.0265388748689 0.0137997110003 0.0326041523275 0.0299589149533 0.00678334457436 0.0182842125749 0.0146705199277 0.0147230865601 0.0154176710313 0.0164987496839 0.00897051334046 0.0116683137402 0.0113147036947 -0.00382044941313 -0.00215520741005 0.00578348026006 0.00930976242222 0.012715773531 0.0224765209834 0.00592421445399 0.0198586887271 0.0131568019091 0.0382335133187 0.00826318927476 0.0122136282912 0.0125677014419 0.00448164187151 0.0142510664781 0.0182608108045 0.0223673516821 0.0159674629493 0.0237693650128 0.00964828344677 
0.0235171855621 0.259313442851 0.00154588983441 0.0343244019338 0.0169277977029 0.0167005323264 0.0414766472518 0.0132696809813 0.00157240341045 0.0197509655249 0.0185527932051 0.0107436656296 0.0176748657095 0.0174491210211 0.0137506691101 0.0331689860867 0.0240728552408 0.0329013848282 0.0347657654589 0.0185543170486 0.0242995274718 0.0144117354863 0.0220132528519 0.016299055767 0.0357223670831 0.074457917303 0.024716128547 0.00703021685668 0.00469777303973 0.0215107678176 0.0319474171466 0.00566926938696 0.0063507395026 0.0335947324066 0.0080544874128 0.0109852409366 0.00697701202906 0.030199104467 0.00016698348222 0.0108958383573 0.00887687794033 0.0133183209649 0.0133840280754 0.0211001337927 0.021595545264 0.0164071115937 0.0196649024077 0.010331581672 0.0117920699995 0.0112202521565 
0.00683904919743 0.00154588983441 0.186910122184 0.0304343001933 0.0163616653408 0.0136635979811 0.0250489172741 0.0167220091899 0.0157387909844 0.0106263272563 0.00821681660506 0.0116424796036 4.37745859596e-05 0.00393009142637 0.0103146592386 0.017617732554 0.0213091575462 -0.00178360489977 0.00284239843408 -0.00112858035012 0.0260256447512 0.0115245070938 0.0290401114891 0.00746659246011 0.0250726363886 0.0108746699159 0.0122638137352 0.0130552843312 0.0110208276935 0.010110469523 0.0158037292236 0.0112762203658 0.0185013718201 -0.00827725674638 0.0497954819109 0.0210684982063 0.00529315099127 0.0198022405935 0.044909650263 0.0206818644507 0.0427350395331 0.00502103442272 -0.00778916541108 0.0156524286759 0.00295804687061 0.0102613547259 0.00290187939934 0.00765888992112 0.0350804507245 0.0548610493701 
0.0305040599663 0.0343244019338 0.0304343001933 0.624401796916 0.0269291624555 0.0361300661353 0.0395581505797 0.0203952934221 0.0047029254645 0.00078514765283 0.0421615104078 0.0362268894743 0.0219861775452 0.00611736648197 0.0517368797381 0.0686074887137 0.0361936944317 0.0449184449054 0.00948556652458 0.0191736103186 -0.00664452219712 0.0295666154376 0.0881572678989 0.0260516146375 0.0560367370764 0.120656124767 0.0454151772697 0.0161344634282 0.0116674130639 0.028391292045 0.0870359931796 -0.00676452697676 0.013072398922 0.043981131885 0.017108976612 0.0463150771541 0.0202638834462 0.0378852480332 0.0126593826043 0.0708764476812 0.0174585477659 0.0272973943478 0.0495284213539 0.0693954958579 0.031752509044 0.0317788078534 0.0409695714219 0.0370733293594 0.0562494005648 0.0157935461735 
0.0233978729486 0.0169277977029 0.0163616653408 0.0269291624555 0.16106537813 0.0147202248666 0.0218141602888 0.010689197199 -0.000310090856174 0.0177775181426 0.0132708513657 0.023761516517 0.0242127390001 0.00588307747912 0.0197067742043 0.0250890693139 0.0365410852167 -0.000125933624383 0.0108523538096 0.0236840829124 0.02956397909 0.0126453804652 0.0206356958428 0.00786745831369 -0.00429298806349 0.0181393583852 0.0436843213285 0.0341646867183 0.0151377821672 -0.00555419641823 -0.000414549318544 0.0073448004907 0.00761696645453 0.0142858909143 0.0185958283865 -0.00237867374005 0.0110124185129 0.0508784520068 0.0110086085136 0.0172755758796 0.0134728338603 0.00831724400537 0.0229276648459 0.00540097336146 0.015757809394 0.0204940332756 9.49709917475e-05 0.0319920939687 0.0138781425024 0.0177770213982 
0.02328269101 0.0167005323264 0.0136635979811 0.0361300661353 0.0147202248666 0.170073337028 0.0136116061335 0.0202222677624 0.00397249768345 -0.0050011292317 0.0130846377853 0.0127672555034 0.00439110004742 0.00536444417107 0.00484548152272 0.0131653737063 0.0058463901512 0.000780044140319 -0.00240531841487 0.00575812448077 0.0486635343063 0.0140184962332 0.019817974059 0.0152271255282 0.00627253278754 0.0337596131633 0.0133322577732 0.011312915941 0.0102911697589 -0.00238407859663 0.00198700461694 0.000965562631412 0.000211746595508 0.0211195054701 0.006599479122 0.0188030493096 0.0126634452631 0.0170035014883 0.0081342481206 -0.00713857413682 0.00566957806481 0.00302183174388 0.00313762291479 0.0179493410145 0.0078619718047 0.00658602311549 -0.00289937783274 0.0468994613362 0.0164539188977 0.0215189393329 
0.00681670311129 0.0414766472518 0.0250489172741 0.0395581505797 0.0218141602888 0.0136116061335 0.208508494634 0.0195908485215 0.00967969839288 0.0193777561658 0.0131183682603 0.0192606173881 -0.00295709759846 0.017184728127 0.0184560110199 0.0327520723273 0.0281265784131 0.0364182587785 0.0104179744913 0.00486810537969 0.0328844073046 0.00565653543131 0.0251923465258 0.00862590664858 -0.000714324233133 0.0329344159355 0.0267595543648 0.0224997436972 0.0156527233571 0.0231716177068 0.0266010924385 0.0148522874356 0.00526908065577 0.0157005892954 0.0270228921203 0.00768977733993 -0.00199229361842 0.0431848259992 0.0181469820334 0.0417084570049 0.0131716737478 0.022967983259 0.0174529458707 0.0208108026832 0.0152354483187 0.0213479641656 0.0236428313121 0.0142105125831 0.0334572313327 0.0336264264511 
0.0125501163135 0.0132696809813 0.0167220091899 0.0203952934221 0.010689197199 0.0202222677624 0.0195908485215 0.459776161521 0.000885731995432 -0.00935749597904 0.006569957181 -0.00915737886274 0.0203349502553 0.0121284455525 -0.0040703426884 0.026053339254 0.0180332394756 -0.0139059973001 -0.00410531273645 0.0469383004381 0.0236224339448 0.00264254665378 0.0186191708859 0.005475270064 0.0231979037419 0.00550005431378 0.0119028086712 0.0155790782974 0.0124418487618 0.0146909524948 0.0124825370141 0.00815917238649 0.00264027240118 0.0335917594133 0.00718736965984 -0.00593943871435 0.012582197641 0.0024162525823 0.016295953255 0.0198534861726 -0.00168187765134 0.0200909948168 0.00545920162508 0.0128797691992 0.0365905803656 0.0060582808141 0.0269478489639 0.0240197830624 -0.00536099910543 -0.00216394151447 
-0.00224733724745 0.00157240341045 0.0157387909844 0.0047029254645 -0.000310090856174 0.00397249768345 0.00967969839288 0.000885731995432 0.532485049561 0.0184317091951 -0.0102158934841 0.00741173157704 0.000224468635085 0.0120396868778 -0.0126227727865 -0.00392499112292 0.000997254376952 0.00672708744606 0.000846236042003 0.0117869380282 0.0268967222495 0.000367475976595 -0.010517249039 -0.00343262186796 -0.00570713214666 -0.00188604200452 0.00167818070241 0.00436592032012 0.00355990746029 0.00252884248373 0.0278927354682 0.0116480532229 -0.00125137282273 -0.0120620022168 0.0176545264043 0.00422173212278 0.00142094490252 -0.00267572562854 0.0208408345926 0.00377889407677 0.0188190560545 -0.0062705562142 -0.00309647469693 -0.0109778649326 0.0151040974782 0.0189431373814 -0.00253438876858 0.0131886216394 0.000311813477932 0.0174669510565 
0.0143305747682 0.0197509655249 0.0106263272563 0.00078514765283 0.0177775181426 -0.0050011292317 0.0193777561658 -0.00935749597904 0.0184317091951 0.464250413177 -0.00581698064991 0.00277517869059 -0.0120021589963 0.0408862166079 0.0189781121393 -0.00972860316638 0.0190308142469 -0.0164007298385 0.00773468493572 0.0076928435462 0.032204531001 0.0104908920413 0.00813988113154 0.0142278602548 0.025308646869 -0.0146351974185 0.0109062707313 -0.000860783909952 0.00979806715205 0.0170631136616 0.0614485961084 0.0032971970547 -0.00111212335316 -0.00145981385266 -0.00170479329681 -0.0124448899538 0.00667863100926 0.0283055369139 0.00357627418037 0.0110517942728 0.00903201675027 0.0133283800055 0.01711763616 0.00346531667913 0.0110634485174 0.00747830486596 0.0157349907449 -0.00139029008261 0.0385578360449 0.014229144754 
0.0091781862495 0.0185527932051 0.00821681660506 0.0421615104078 0.0132708513657 0.0130846377853 0.0131183682603 0.006569957181 -0.0102158934841 -0.00581698064991 0.672128887908 -0.0103229231771 0.0053105698389 0.00539483888206 -0.00486003289419 0.034926310854 0.00573982619786 0.0124190063916 0.0095506376139 -0.00241172531532 0.0429177414233 0.0064486994852 0.0423851980009 0.00906351404669 0.04037667566 0.048662997247 0.00887689703697 0.0219235825084 0.013641215598 -0.00641930604653 0.0585201801958 0.0110395729034 0.0188825295091 -0.00797103543684 0.0161401573275 0.00664267530187 0.00140171818889 0.00615468221134 0.0135022078267 0.00790145730691 0.0194249529832 -0.00556230209811 -0.0223861784422 0.0235816214278 -0.000603599053228 0.0107031302771 0.0142062662636 0.0176102933315 0.0309491330658 0.0344805696773 
0.00748294590156 0.0107436656296 0.0116424796036 0.0362268894743 0.023761516517 0.0127672555034 0.0192606173881 -0.00915737886274 0.00741173157704 0.00277517869059 -0.0103229231771 0.3926023254 -0.00591252857844 0.00611363827157 0.0189939173271 0.0116728837847 0.0254400690895 0.0212451669453 0.00401970530878 0.0145276902687 0.0161293520855 0.00676897513447 0.00899755672389 0.0013073711498 0.00944564625161 0.0429099674085 0.0127498006143 -0.00349385977275 0.00133396142773 0.0155621975413 0.0210195379146 -0.00127841435338 0.00192872382466 0.0138432011929 0.0119612406278 0.011531587574 0.00295281947699 0.01853352009 0.01335633796 0.00583772931584 0.000891523471395 0.0203692161548 0.0157940750567 0.0126196597056 0.00791923480426 0.0113296921806 0.0143903939944 0.00736463917159 0.0106176185613 0.0216540749303 
0.0134626072074 0.0176748657095 4.37745859586e-05 0.0219861775452 0.0242127390001 0.00439110004742 -0.00295709759847 0.0203349502553 0.000224468635085 -0.0120021589963 0.00531056983889 -0.00591252857844 0.283125835175 0.00551567117441 0.0146659134505 0.0241799832367 0.0189734865366 -0.00424586361585 0.0115034045398 -0.00415084050309 0.0159308570331 0.0259394111786 0.02708840523 0.00647243535853 -0.00952245456784 0.0132818328706 0.00941431542641 0.00953928003022 -0.00612160994022 0.00164717220168 -0.0186895477331 0.00603024376946 0.0141819442452 0.0396928714879 -0.00904311376163 0.0220171633969 0.0187043595463 0.0207380748275 -0.00194121370291 0.0146478432175 0.00258353772536 0.00934531131219 0.00620133302562 0.0142795886983 0.00716742215914 0.0060075778454 0.0468453310158 0.0144899800246 -0.0115635777575 0.000622088276794 
0.00537398180197 0.0174491210211 0.00393009142637 0.00611736648197 0.00588307747912 0.00536444417107 0.017184728127 0.0121284455525 0.0120396868778 0.0408862166079 0.00539483888206 0.00611363827157 0.00551567117441 0.386433302351 0.0167234550063 0.00747839191371 0.0142290769547 0.0853875419457 0.0343479283106 0.012042359244 0.0266085340284 -0.00817925709601 0.00929592879274 0.00162896581662 0.0143181509533 0.0316561410765 0.0119828064745 -0.00567772994931 -0.002086295733 0.0133588686037 -0.00710940427773 0.00757877261543 0.0113053978849 -0.00318230426477 0.00639792802738 -0.0027665081887 0.00905042518306 0.012839698945 -0.00742570998646 0.00409051877938 0.0140457976559 0.0155232183439 0.0306162523656 0.0105405880333 0.0150986706273 0.0100443612373 0.0113780300734 0.0082675480346 0.0135778218278 0.000906705417002 
0.0158669264969 0.0137506691101 0.0103146592386 0.0517368797381 0.0197067742043 0.00484548152272 0.0184560110199 -0.0040703426884 -0.0126227727865 0.0189781121393 -0.00486003289419 0.0189939173271 0.0146659134505 0.0167234550063 0.3247725795 0.045213117925 0.0116048051484 0.0321690362339 0.0179612969726 0.021860548452 0.0290878187329 -0.00556128522825 0.0199415407311 0.0248664078104 -0.00199734758653 0.0516060833411 0.024465832932 0.00417366697653 0.0110440568111 0.0183768164687 -0.00139184680281 0.00102684162643 0.0285363599954 0.0222196898856 -0.00466992337178 0.0335025778492 0.00649466672348 0.0320740970639 -0.0102378252004 0.0304564451735 -0.00250178230699 0.0203221792861 0.0178718705461 0.0229124300638 0.0155893698072 0.017836881112 0.00398098831528 0.0124018953559 0.0317287368234 0.00643179946203 
0.0197273623856 0.0331689860867 0.017617732554 0.0686074887137 0.0250890693139 0.0131653737063 0.0327520723273 0.026053339254 -0.00392499112292 -0.00972860316638 0.034926310854 0.0116728837847 0.0241799832367 0.00747839191371 0.045213117925 0.465442674412 0.0253434772124 0.0402019377387 0.0181833927646 0.0175240737445 0.0436650025627 0.0282874249568 0.0327537318371 0.043517684119 -0.00118107432496 0.0844747819461 0.0332436929129 0.0256038767716 0.000108004773876 0.0200426181606 0.0208630504181 0.0120363076415 0.00731077154066 0.0100508720843 0.0151787464932 0.0211045958949 0.00305042373085 0.0407668147619 -0.00170672979271 0.0557428830467 0.026588136111 0.0165539830424 0.0452782840179 0.0480697913235 0.00703687159265 0.00649873592611 0.0326472628146 -0.0040284941509 0.0128606134218 0.0010549170319 
0.00152784656141 0.0240728552408 0.0213091575462 0.0361936944317 0.0365410852167 0.00584639015119 0.0281265784131 0.0180332394756 0.000997254376951 0.0190308142469 0.00573982619786 0.0254400690895 0.0189734865366 0.0142290769547 0.0116048051484 0.0253434772124 0.205228788204 0.000361612215036 0.0215108104107 0.0108910791644 0.041190257195 3.136597453e-05 0.0324648538202 0.013292665408 0.00717636282738 0.033978556584 0.0339126836263 0.022139854956 0.00636215099626 -0.000825616634027 -0.00747155534403 0.0037694994875 0.00458543821253 0.00345670699166 0.0143103015774 -3.84867705478e-05 0.0127361236608 0.0417118234929 0.0180808321342 -0.00266782754981 0.0302814797155 0.0152360664574 0.0125836596661 0.0203959354881 0.0108866207361 0.0154922638136 0.0180032607704 0.0128074749045 -0.0040769170542 0.0098863582434 
0.0265388748689 0.0329013848282 -0.00178360489977 0.0449184449054 -0.000125933624383 0.000780044140319 0.0364182587785 -0.0139059973001 0.00672708744606 -0.0164007298385 0.0124190063916 0.0212451669453 -0.00424586361585 0.0853875419457 0.0321690362339 0.0402019377387 0.000361612215037 2.07079797299 -0.000505765588589 0.0532043845346 -0.00893990611485 -0.00285469219692 0.0169800781337 0.0159651236099 0.015546443229 0.11499683352 -0.00308229252121 0.022496826537 -0.00282825141572 0.0146833988984 0.0408964885841 0.0135822135263 0.0735744712714 0.0486520324595 0.014069736771 0.00931185089816 0.0151028233549 -0.00190387327333 0.00493325480788 0.00810507987579 0.0357539081238 0.0221538148597 0.0129434529855 0.0430806969618 0.00596680387241 0.0164875809491 0.00284939556127 -0.0121571246789 0.101096401299 0.0069057212275 
0.0137997110003 0.0347657654589 0.00284239843408 0.00948556652458 0.0108523538096 -0.00240531841487 0.0104179744913 -0.00410531273646 0.000846236042004 0.00773468493572 0.0095506376139 0.00401970530878 0.0115034045397 0.0343479283106 0.0179612969726 0.0181833927646 0.0215108104107 -0.000505765588589 0.220673652806 0.0175965957318 -0.000462123566074 -0.00329626342707 0.0117451010496 0.0174306479296 0.00830103353272 0.0267391488419 0.0105501970424 0.0101526887434 0.0178323808527 0.0178421787625 0.00617847606909 0.00279451532547 -0.00462139289336 0.00260857832279 0.00342333658114 0.0135686737191 0.0107916190792 0.0241231527032 0.0125389376462 0.00867206804892 0.0274265540498 0.0162474974669 0.0151676110212 -0.0173878684162 0.00544683074514 0.0166222023672 0.0157179531394 -0.00342276331312 0.0104391792077 0.000971904930547 
0.0326041523275 0.0185543170486 -0.00112858035012 0.0191736103186 0.0236840829124 0.00575812448077 0.00486810537969 0.0469383004381 0.0117869380282 0.0076928435462 -0.00241172531532 0.0145276902687 -0.00415084050309 0.012042359244 0.021860548452 0.0175240737445 0.0108910791644 0.0532043845346 0.0175965957318 0.298808370397 0.0121235950792 -0.0171150013454 0.00641840493765 0.022487509711 0.0226865344766 0.023444086954 0.0270400774512 0.0152421242161 0.00458130769086 0.0213638091922 0.0165001464809 0.00147256342418 0.0289327083439 0.0217263257209 0.00947450857879 0.0255283648245 0.00708709917667 0.0151942479255 0.0073963454387 0.00953697474306 0.00414358308034 0.00788007375805 -0.000692957629276 0.0103140497886 0.0130737641025 -0.00726842785628 0.0820194688247 0.00324303686836 0.00247855774809 -0.00140123235773 
0.0299589149533 0.0242995274718 0.0260256447512 -0.00664452219712 0.02956397909 0.0486635343063 0.0328844073046 0.0236224339448 0.0268967222495 0.032204531001 0.0429177414233 0.0161293520855 0.0159308570331 0.0266085340284 0.0290878187329 0.0436650025627 0.041190257195 -0.00893990611485 -0.000462123566073 0.0121235950792 0.638944742399 0.00811760009141 0.0304855033933 0.0135469967926 0.0135981210155 -0.01676369027 0.0149399057548 0.00743324152282 0.0279529911431 -0.00758758191098 0.00631444305727 0.00787849651303 0.00979400033558 0.0327229596481 0.0436965325479 0.00997595213518 0.0211288163915 0.0395071983597 0.00735505618242 0.0131962061865 -0.000229934792747 0.00914293002354 -0.0360627604451 0.0183586776059 0.0167238614398 0.04380720741 0.0281348613358 0.0306161081264 0.0470999787773 0.0203166612951 
0.00678334457436 0.0144117354863 0.0115245070938 0.0295666154376 0.0126453804652 0.0140184962332 0.00565653543131 0.00264254665378 0.000367475976595 0.0104908920413 0.0064486994852 0.00676897513447 0.0259394111786 -0.00817925709601 -0.00556128522825 0.0282874249568 3.13659745278e-05 -0.00285469219692 -0.00329626342707 -0.0171150013454 0.00811760009141 0.181016732641 0.0171147777961 0.00605723523656 0.0126459987332 0.00602340717679 0.00495793575277 0.0191132573642 0.0156658078042 0.0175799085804 0.0184835176832 0.00752589054593 0.0101998160022 0.0342095012943 0.00218844112111 0.0137876095682 0.00801095385181 0.0151759520016 0.0011222235379 -0.00294722510661 0.00685404528781 0.0063174448396 0.00807213068935 0.0103839342762 0.00456265259399 0.00634839176411 -0.00753595011263 0.00389030079943 0.0141360738777 -0.000259616449876 
0.018284212575 0.0220132528519 0.0290401114891 0.0881572678989 0.0206356958428 0.019817974059 0.0251923465258 0.0186191708859 -0.010517249039 0.00813988113154 0.0423851980009 0.00899755672389 0.02708840523 0.00929592879274 0.0199415407311 0.0327537318371 0.0324648538202 0.0169800781337 0.0117451010496 0.00641840493765 0.0304855033933 0.0171147777961 0.193899171803 0.023674151529 0.0229080272553 0.0346530509885 0.0332752791149 0.0296163771389 0.0177665669335 0.0128281961614 0.0162179267685 0.00562168193394 0.0107398566883 0.0139123845145 0.0223035045961 0.037633454107 0.00984013837574 0.0237005656546 0.0141432216782 0.0310385274619 0.0104942379651 0.0208439015365 0.00798123740519 0.0219677625598 0.0181943747096 0.00715036405892 0.0250225794527 0.0135341038217 0.0247770451384 0.0218333976089 
0.0146705199277 0.016299055767 0.00746659246011 0.0260516146375 0.00786745831369 0.0152271255282 0.00862590664858 0.005475270064 -0.00343262186796 0.0142278602548 0.00906351404669 0.0013073711498 0.00647243535853 0.00162896581662 0.0248664078104 0.043517684119 0.013292665408 0.0159651236099 0.0174306479296 0.022487509711 0.0135469967926 0.00605723523656 0.023674151529 0.27506773948 0.00289318306831 0.0134649250185 0.00497325320372 0.0143846277338 0.000211427575069 -0.000631819327853 0.019629832374 0.00357620491306 0.00796457954622 0.00630376374868 0.0141093079998 0.021274498276 -0.0011273152837 0.0141817671394 0.008465258162 0.0216504455844 0.0248551873291 0.0185732735174 0.0150708634744 -0.00369484886341 0.00278479997525 0.0109439921303 0.0286706179693 0.0107412797318 -0.00801323159245 0.0145543738984 
0.0147230865601 0.0357223670831 0.0250726363886 0.0560367370764 -0.00429298806349 0.00627253278754 -0.000714324233132 0.0231979037419 -0.00570713214666 0.025308646869 0.04037667566 0.00944564625161 -0.00952245456784 0.0143181509533 -0.00199734758653 -0.00118107432496 0.00717636282738 0.015546443229 0.00830103353272 0.0226865344766 0.0135981210155 0.0126459987332 0.0229080272553 0.00289318306831 0.409085768394 0.0791745914464 -0.00667360395734 -0.00833094523852 0.0109067705459 -0.00176199300827 0.147432049923 0.00640489885479 0.00122223051664 0.00205294973395 0.0221284254519 -0.009459083917 0.00136363708619 0.00619343332625 0.0260025570121 0.018469976999 0.040024600864 -0.00386553729726 0.0208699442107 0.00418659465459 0.0073677519503 0.0069893847525 0.0127278229396 0.00987888810523 0.134255550514 0.0146194388308 
0.0154176710313 0.074457917303 0.0108746699159 0.120656124767 0.0181393583852 0.0337596131633 0.0329344159355 0.00550005431378 -0.00188604200452 -0.0146351974185 0.048662997247 0.0429099674085 0.0132818328706 0.0316561410765 0.0516060833411 0.0844747819461 0.033978556584 0.11499683352 0.0267391488419 0.023444086954 -0.01676369027 0.00602340717679 0.0346530509885 0.0134649250185 0.0791745914464 0.662256639186 0.0271478484238 0.0154561418734 0.0043663201559 0.0166963997847 0.0719354221396 0.0104311854201 0.0222163383342 0.038117910554 0.00324688471725 0.00755586170594 0.0169545607252 0.0326654120713 0.0225423502957 0.0494286225046 0.000731794411726 0.0230058545344 0.0383951828964 0.057079837738 0.027828672843 0.0363757575565 0.0322850116855 0.0285911794823 0.0897070900631 0.0115136416144 
0.0164987496839 0.024716128547 0.0122638137352 0.0454151772697 0.0436843213285 0.0133322577732 0.0267595543648 0.0119028086712 0.00167818070241 0.0109062707313 0.00887689703697 0.0127498006143 0.00941431542641 0.0119828064745 0.024465832932 0.0332436929129 0.0339126836263 -0.00308229252121 0.0105501970424 0.0270400774512 0.0149399057548 0.00495793575278 0.0332752791149 0.00497325320372 -0.00667360395734 0.0271478484238 0.176194190375 0.0273978640065 0.0114702710098 0.000884665520329 -0.00969814415002 0.0101757787139 -0.00197756915901 0.0161948357804 0.0156523870399 0.0169895521347 0.0148681853729 0.0370163198841 0.00807960667697 0.0301239377259 0.0142571744648 0.0194940482206 0.0159455769002 0.0172498320386 0.0135027906852 0.013732274488 0.00527586343998 0.0127771695324 0.0124985529663 0.0207533317125 
0.00897051334046 0.00703021685667 0.0130552843312 0.0161344634282 0.0341646867183 0.011312915941 0.0224997436972 0.0155790782974 0.00436592032012 -0.000860783909952 0.0219235825084 -0.00349385977275 0.00953928003022 -0.00567772994931 0.00417366697653 0.0256038767716 0.022139854956 0.022496826537 0.0101526887435 0.0152421242161 0.00743324152282 0.0191132573642 0.0296163771389 0.0143846277338 -0.00833094523852 0.0154561418734 0.0273978640065 0.219183506758 -0.00120469262826 0.00273099386556 -0.0156107615762 0.0125652792026 0.0121702752634 0.0156394033765 -0.00345260929471 0.0108676865474 0.0139952328195 0.0236460138591 -0.00164318122593 0.0374939272092 0.00477587263325 0.0340166006894 0.00821131876737 0.0111286582666 0.00984327920245 -0.000313353791143 0.0165897278622 0.0172685065278 -0.0166787853325 0.0178234056415 
0.0116683137402 0.00469777303973 0.0110208276935 0.0116674130639 0.0151377821672 0.0102911697589 0.0156527233571 0.0124418487618 0.00355990746029 0.00979806715205 0.013641215598 0.00133396142773 -0.00612160994022 -0.002086295733 0.0110440568111 0.000108004773876 0.00636215099626 -0.00282825141572 0.0178323808527 0.00458130769087 0.0279529911431 0.0156658078042 0.0177665669335 0.000211427575068 0.0109067705459 0.0043663201559 0.0114702710098 -0.00120469262826 0.18179073392 0.00550565995649 0.0116684422736 0.0203655717016 0.00653661554329 0.00687446979491 0.00621701079656 -0.000117433063758 0.0133762913647 -0.00062307496955 0.022490833012 0.0247886178369 0.0120178322735 0.0078667363828 0.00800742947887 0.00320655874858 0.00915332689107 0.00547893791008 0.0088237252046 0.0109003497467 0.00870664818074 0.00764133895869 
0.0113147036947 0.0215107678176 0.010110469523 0.028391292045 -0.00555419641823 -0.00238407859663 0.0231716177068 0.0146909524948 0.00252884248373 0.0170631136616 -0.00641930604653 0.0155621975413 0.00164717220168 0.0133588686037 0.0183768164687 0.0200426181606 -0.000825616634026 0.0146833988984 0.0178421787625 0.0213638091922 -0.00758758191098 0.0175799085804 0.0128281961614 -0.000631819327853 -0.00176199300827 0.0166963997847 0.000884665520329 0.00273099386556 0.00550565995649 0.536482135221 0.00320080168914 0.00209729609441 0.00700998971459 0.0280639983003 0.0152821053301 0.0276267247757 0.00917689080942 0.00789935681782 0.00399921668512 0.0321062347358 0.00932134315431 0.0198216251124 0.0606515530611 0.0262084316793 -0.000495049254186 0.0221469764332 0.0447112353819 0.0187632230636 0.0114872487159 0.000715114436574 
-0.00382044941313 0.0319474171466 0.0158037292236 0.0870359931796 -0.000414549318547 0.00198700461694 0.0266010924385 0.0124825370141 0.0278927354682 0.0614485961084 0.0585201801958 0.0210195379146 -0.0186895477331 -0.00710940427773 -0.00139184680281 0.0208630504181 -0.00747155534403 0.0408964885841 0.00617847606909 0.0165001464809 0.00631444305727 0.0184835176832 0.0162179267685 0.019629832374 0.147432049923 0.0719354221396 -0.00969814415002 -0.0156107615762 0.0116684422736 0.00320080168914 0.429010869385 -0.00194039631255 0.0184742997804 0.0126078609081 0.0106932703668 0.00219544440022 0.000156964500369 0.0125550725752 0.00722205899391 0.0530448654665 0.0246368561019 -0.00460315848965 0.0293429651804 0.00659872693762 -0.00202201290282 0.0157700220223 0.0295816015125 0.00937159148536 0.169016670881 0.023729734013 
-0.00215520741005 0.00566926938696 0.0112762203658 -0.00676452697676 0.0073448004907 0.000965562631413 0.0148522874356 0.00815917238649 0.0116480532229 0.0032971970547 0.0110395729034 -0.00127841435338 0.00603024376946 0.00757877261543 0.00102684162644 0.0120363076415 0.0037694994875 0.0135822135263 0.00279451532547 0.00147256342418 0.00787849651303 0.00752589054593 0.00562168193394 0.00357620491306 0.00640489885479 0.0104311854201 0.0101757787139 0.0125652792026 0.0203655717016 0.00209729609441 -0.00194039631255 0.157397868733 -0.000215168603366 0.0013208664319 0.010738359783 0.00966532828845 0.0136152405495 0.00937404979125 -0.00024036390014 0.0405677056449 0.0140342874198 0.0153546607755 -0.00183770897222 0.0141680714675 -0.00287943756174 0.0185617634465 0.00499155678586 0.0114034921397 0.00472157868042 2.52112958369e-05 
0.00578348026007 0.0063507395026 0.0185013718201 0.013072398922 0.00761696645453 0.000211746595508 0.00526908065577 0.00264027240118 -0.00125137282273 -0.00111212335316 0.0188825295091 0.00192872382466 0.0141819442452 0.0113053978849 0.0285363599954 0.00731077154066 0.00458543821253 0.0735744712714 -0.00462139289336 0.0289327083439 0.00979400033557 0.0101998160022 0.0107398566883 0.00796457954622 0.00122223051664 0.0222163383342 -0.00197756915901 0.0121702752634 0.00653661554329 0.00700998971459 0.0184742997804 -0.000215168603366 0.923596338558 0.00625940366516 0.00299099448505 0.0204107969936 0.00664694475652 0.00231240761463 0.00804157725627 -0.00358403321702 0.00874435353915 0.0154149580286 0.00340937652066 -0.00304484849514 0.002989008646 0.0368263154483 -0.00654355295691 -0.0116905498744 0.0379861361733 0.00270603014768 
0.00930976242222 0.0335947324066 -0.00827725674638 0.043981131885 0.0142858909143 0.0211195054701 0.0157005892954 0.0335917594133 -0.0120620022168 -0.00145981385266 -0.00797103543684 0.0138432011929 0.0396928714879 -0.00318230426477 0.0222196898856 0.0100508720843 0.00345670699166 0.0486520324595 0.00260857832279 0.0217263257209 0.0327229596481 0.0342095012943 0.0139123845145 0.00630376374868 0.00205294973395 0.038117910554 0.0161948357804 0.0156394033765 0.00687446979491 0.0280639983003 0.0126078609081 0.0013208664319 0.00625940366516 0.286915147373 0.00365292268642 0.0153691268339 0.0125337844902 0.0130976349241 0.00318118810349 0.0277522154358 0.00181251953479 0.0178174955996 0.0166552936151 -0.00392335493617 0.0100651130678 0.0257289784194 0.0317722327063 0.0138720517274 -0.00596277069293 0.00614170348734 
0.012715773531 0.0080544874128 0.0497954819109 0.017108976612 0.0185958283865 0.006599479122 0.0270228921203 0.00718736965984 0.0176545264043 -0.00170479329681 0.0161401573275 0.0119612406278 -0.00904311376163 0.00639792802738 -0.00466992337178 0.0151787464932 0.0143103015774 0.014069736771 0.00342333658114 0.00947450857878 0.0436965325479 0.00218844112111 0.0223035045961 0.0141093079998 0.0221284254519 0.00324688471725 0.0156523870399 -0.00345260929471 0.00621701079655 0.0152821053301 0.0106932703668 0.010738359783 0.00299099448505 0.00365292268642 0.13997384182 0.0166771156815 0.0107187960794 0.00886686392573 0.0438982321096 0.0140983004782 0.0334054937529 0.00099203891659 0.0205275002768 0.0196229662623 -3.20214371238e-05 -0.00101361745379 0.00714165050335 0.0117904947806 0.0224727294583 0.041949836824 
0.0224765209834 0.0109852409366 0.0210684982063 0.0463150771541 -0.00237867374005 0.0188030493096 0.00768977733993 -0.00593943871435 0.00422173212278 -0.0124448899538 0.00664267530187 0.011531587574 0.0220171633969 -0.0027665081887 0.0335025778492 0.0211045958949 -3.84867705474e-05 0.00931185089816 0.0135686737191 0.0255283648245 0.00997595213518 0.0137876095682 0.037633454107 0.021274498276 -0.009459083917 0.00755586170594 0.0169895521347 0.0108676865474 -0.000117433063757 0.0276267247757 0.00219544440022 0.00966532828845 0.0204107969936 0.0153691268339 0.0166771156815 0.308025189228 -0.00997440853489 0.0176068107843 0.017691495671 0.0323447372493 0.0237774461033 -0.00439713883788 0.00370849090548 0.014397727442 0.00782716635001 0.00102747974678 0.0216970382753 0.015278585301 0.0143137647038 0.0220981273875 
0.00592421445399 0.00697701202906 0.00529315099127 0.0202638834462 0.0110124185129 0.0126634452631 -0.00199229361842 0.012582197641 0.00142094490252 0.00667863100926 0.00140171818889 0.00295281947699 0.0187043595463 0.00905042518306 0.00649466672348 0.00305042373085 0.0127361236608 0.0151028233549 0.0107916190792 0.00708709917667 0.0211288163915 0.00801095385181 0.00984013837574 -0.0011273152837 0.00136363708619 0.0169545607252 0.0148681853729 0.0139952328195 0.0133762913647 0.00917689080942 0.000156964500369 0.0136152405495 0.00664694475652 0.0125337844902 0.0107187960794 -0.0099744085349 0.249577048276 0.00919843115704 0.00570725847417 0.00395099753776 -0.00120279932563 0.000473286982734 0.00656641620492 -0.005196805942 0.00413157500971 0.00528435859874 0.0198323845468 0.00663476557788 0.0121542292343 0.00895015237154 
0.0198586887271 0.030199104467 0.0198022405935 0.0378852480332 0.0508784520068 0.0170035014883 0.0431848259992 0.0024162525823 -0.00267572562854 0.0283055369139 0.00615468221134 0.01853352009 0.0207380748275 0.012839698945 0.0320740970639 0.0407668147619 0.0417118234929 -0.00190387327333 0.0241231527032 0.0151942479255 0.0395071983597 0.0151759520016 0.0237005656546 0.0141817671394 0.00619343332625 0.0326654120713 0.0370163198841 0.0236460138591 -0.000623074969547 0.00789935681782 0.0125550725752 0.00937404979126 0.00231240761463 0.0130976349241 0.00886686392573 0.0176068107843 0.00919843115704 0.203883999579 0.0216536665532 0.00853449245835 0.0139192031067 0.0150797507806 0.0250007405292 0.00351557466057 0.0123056087447 0.0157529315499 0.0113266759266 0.0222106570775 0.00881127201963 0.0295213380769 
0.0131568019091 0.000166983482218 0.044909650263 0.0126593826043 0.0110086085136 0.0081342481206 0.0181469820334 0.016295953255 0.0208408345926 0.00357627418037 0.0135022078267 0.01335633796 -0.00194121370291 -0.00742570998646 -0.0102378252004 -0.00170672979272 0.0180808321342 0.00493325480788 0.0125389376462 0.0073963454387 0.00735505618242 0.0011222235379 0.0141432216782 0.00846525816201 0.0260025570121 0.0225423502957 0.00807960667697 -0.00164318122593 0.022490833012 0.00399921668512 0.00722205899391 -0.000240363900146 0.00804157725627 0.00318118810349 0.0438982321096 0.017691495671 0.00570725847417 0.0216536665532 0.192918072344 0.00801223963458 0.0346966550468 0.0034891995152 0.0120107251334 0.00848865938163 -0.00150724133306 0.00313822605283 3.49750707917e-05 0.0138039875619 0.0204140286795 0.047263754576 
0.0382335133187 0.0108958383573 0.0206818644507 0.0708764476812 0.0172755758796 -0.00713857413682 0.0417084570049 0.0198534861726 0.00377889407677 0.0110517942728 0.00790145730691 0.00583772931584 0.0146478432175 0.00409051877938 0.0304564451735 0.0557428830467 -0.00266782754981 0.00810507987579 0.00867206804892 0.00953697474306 0.0131962061865 -0.00294722510661 0.0310385274619 0.0216504455844 0.018469976999 0.0494286225046 0.0301239377259 0.0374939272092 0.0247886178369 0.0321062347358 0.0530448654665 0.0405677056449 -0.00358403321703 0.0277522154358 0.0140983004782 0.0323447372493 0.00395099753776 0.00853449245835 0.00801223963458 0.714101695868 0.0123370217183 0.0233345452857 -0.00239848545091 0.0251559200133 0.002908613801 -0.0158452173445 0.0220089747578 0.00740662802704 0.063537884723 0.00492947949959 
0.00826318927476 0.00887687794033 0.0427350395331 0.0174585477659 0.0134728338603 0.00566957806481 0.0131716737478 -0.00168187765134 0.0188190560545 0.00903201675027 0.0194249529832 0.000891523471395 0.00258353772536 0.0140457976559 -0.00250178230699 0.026588136111 0.0302814797155 0.0357539081238 0.0274265540498 0.00414358308034 -0.000229934792747 0.00685404528781 0.0104942379651 0.0248551873291 0.040024600864 0.000731794411726 0.0142571744648 0.00477587263325 0.0120178322735 0.00932134315431 0.0246368561019 0.0140342874198 0.00874435353915 0.00181251953479 0.0334054937529 0.0237774461033 -0.00120279932563 0.0139192031067 0.0346966550468 0.0123370217183 0.363392279854 0.0193369249032 0.00310391190065 0.0124881755815 0.00687052330897 0.003505437879 0.00930024344327 0.0083447513334 0.0331973804183 0.0350204809026 
0.0122136282912 0.0133183209649 0.00502103442272 0.0272973943478 0.00831724400537 0.00302183174388 0.022967983259 0.0200909948168 -0.0062705562142 0.0133283800055 -0.00556230209811 0.0203692161548 0.00934531131219 0.0155232183439 0.0203221792861 0.0165539830424 0.0152360664574 0.0221538148597 0.0162474974669 0.00788007375805 0.00914293002354 0.00631744483959 0.0208439015365 0.0185732735174 -0.00386553729725 0.0230058545344 0.0194940482206 0.0340166006894 0.00786673638279 0.0198216251124 -0.00460315848965 0.0153546607755 0.0154149580286 0.0178174955996 0.000992038916584 -0.00439713883788 0.000473286982735 0.0150797507806 0.0034891995152 0.0233345452857 0.0193369249032 0.190586281758 0.0213188513172 0.0119553178406 0.0117306798421 0.0184597496245 -0.002577755768 0.00695971796283 0.00657550298412 0.00522690942135 
0.0125677014419 0.0133840280754 -0.00778916541108 0.0495284213539 0.0229276648459 0.00313762291479 0.0174529458707 0.00545920162508 -0.00309647469693 0.01711763616 -0.0223861784422 0.0157940750567 0.00620133302562 0.0306162523656 0.0178718705461 0.0452782840179 0.0125836596661 0.0129434529855 0.0151676110212 -0.000692957629276 -0.0360627604451 0.00807213068935 0.00798123740519 0.0150708634744 0.0208699442107 0.0383951828964 0.0159455769002 0.00821131876737 0.00800742947887 0.0606515530611 0.0293429651804 -0.00183770897222 0.00340937652066 0.0166552936151 0.0205275002768 0.00370849090548 0.00656641620492 0.0250007405292 0.0120107251334 -0.00239848545091 0.00310391190065 0.0213188513172 0.516683646396 0.0108021865126 0.00877310020338 0.0420870053511 0.000681344873819 0.0139670180749 -0.00294292272528 0.00545827882913 
0.00448164187151 0.0211001337927 0.0156524286759 0.0693954958579 0.00540097336146 0.0179493410145 0.0208108026832 0.0128797691992 -0.0109778649326 0.00346531667913 0.0235816214278 0.0126196597056 0.0142795886983 0.0105405880333 0.0229124300638 0.0480697913235 0.0203959354881 0.0430806969618 -0.0173878684162 0.0103140497886 0.0183586776059 0.0103839342762 0.0219677625598 -0.0036948488634 0.00418659465459 0.057079837738 0.0172498320386 0.0111286582666 0.00320655874858 0.0262084316793 0.00659872693762 0.0141680714675 -0.00304484849515 -0.00392335493617 0.0196229662623 0.014397727442 -0.005196805942 0.00351557466057 0.00848865938163 0.0251559200133 0.0124881755815 0.0119553178406 0.0108021865126 0.349314156709 0.0111174231289 0.0162260614204 0.0436283694329 0.023812495302 0.0154945747432 0.0187349051545 
0.0142510664781 0.021595545264 0.00295804687061 0.031752509044 0.015757809394 0.0078619718047 0.0152354483187 0.0365905803656 0.0151040974782 0.0110634485174 -0.000603599053228 0.00791923480426 0.00716742215915 0.0150986706273 0.0155893698072 0.00703687159265 0.0108866207361 0.00596680387241 0.00544683074513 0.0130737641025 0.0167238614398 0.004562652594 0.0181943747096 0.00278479997525 0.0073677519503 0.027828672843 0.0135027906852 0.00984327920245 0.00915332689107 -0.000495049254186 -0.00202201290282 -0.00287943756173 0.00298900864599 0.0100651130678 -3.20214371231e-05 0.00782716635001 0.00413157500971 0.0123056087447 -0.00150724133306 0.002908613801 0.00687052330897 0.0117306798421 0.00877310020338 0.0111174231289 0.212212559847 0.00745688377541 0.0133659162631 0.0112843335189 0.0187999796177 0.0186845942288 
0.0182608108045 0.0164071115937 0.0102613547259 0.0317788078534 0.0204940332756 0.00658602311549 0.0213479641656 0.0060582808141 0.0189431373814 0.00747830486596 0.0107031302771 0.0113296921806 0.0060075778454 0.0100443612373 0.017836881112 0.00649873592611 0.0154922638136 0.0164875809491 0.0166222023672 -0.00726842785629 0.04380720741 0.00634839176411 0.00715036405892 0.0109439921303 0.0069893847525 0.0363757575565 0.013732274488 -0.000313353791144 0.00547893791008 0.0221469764332 0.0157700220223 0.0185617634465 0.0368263154483 0.0257289784194 -0.00101361745379 0.00102747974678 0.00528435859874 0.0157529315499 0.00313822605283 -0.0158452173445 0.003505437879 0.0184597496245 0.0420870053511 0.0162260614204 0.00745688377541 0.29560826315 0.00934144462539 0.0104150398211 0.0261206081979 0.0110274366234 
0.0223673516821 0.0196649024077 0.00290187939934 0.0409695714219 9.49709917472e-05 -0.00289937783274 0.0236428313121 0.0269478489639 -0.00253438876858 0.0157349907449 0.0142062662636 0.0143903939944 0.0468453310158 0.0113780300734 0.00398098831528 0.0326472628146 0.0180032607704 0.00284939556127 0.0157179531394 0.0820194688247 0.0281348613358 -0.00753595011263 0.0250225794527 0.0286706179693 0.0127278229396 0.0322850116855 0.00527586343998 0.0165897278622 0.0088237252046 0.0447112353819 0.0295816015125 0.00499155678586 -0.00654355295691 0.0317722327063 0.00714165050335 0.0216970382753 0.0198323845468 0.0113266759266 3.4975070792e-05 0.0220089747578 0.00930024344327 -0.002577755768 0.000681344873819 0.0436283694329 0.0133659162631 0.00934144462539 0.467820150843 0.00661546709449 0.0466020819911 0.00543246594097 
