20
0.0511846892664 0.0282353637115 0.116988452624 0.0589662330248 0.0375994121509 0.0435638119902 0.0936509155003 0.0340091550877 0.0874158444094 0.0202574279786 0.0267965440056 0.0752984700253 0.0256056876134 0.074230100705 0.116792266476 0.02473804396 0.126302472887 0.0220144037379 0.0304896250645 0.163811268696 
0.343277820772 -0.000698619188913 0.026257018774 0.0221407572279 -0.00727407343884 0.0026422140961 0.0135169535625 -0.0020019326354 0.0304402752069 0.0585764539167 -5.75600282605e-05 0.0154467509031 0.0150817935461 0.0530344356118 0.0250403750738 0.00229173027315 0.0212760461981 0.00527062049783 0.0127874847127 0.00185533530458 
-0.000698619188913 0.146713967092 0.0284200212848 0.0210603285576 0.018059159565 0.0136674785218 0.0364148447651 0.0453441400766 0.0138554904337 0.0251002654045 0.0589444514402 0.0257691433862 0.0177347069577 0.050328893238 0.0188015592082 0.0365308467665 0.0164663299535 0.022071855777 0.0199678466902 0.00464126040965 
0.026257018774 0.0284200212848 0.480133583832 0.0270123803892 0.01327222092 0.011582661411 0.0565541273333 0.012371030346 0.0115148689007 0.03126990908 0.0229136772876 0.0504887288912 0.0134265394276 0.0953172529101 0.0120751072225 0.0136064267555 0.0721689966608 0.0104002898364 0.0212383499059 0.0144491640725 
0.0221407572279 0.0210603285576 0.0270123803892 0.403868008502 0.0162736720276 0.00159741537223 0.0410188061253 0.0326702679582 0.00885263638485 0.0198610430454 0.0158453760674 0.0395162396563 0.0129808894595 0.0475723635594 0.0185147306383 0.00410277974711 0.0385180919459 0.00637147797055 0.0198035626427 -0.0116020643534 
-0.00727407343884 0.018059159565 0.01327222092 0.0162736720276 0.272326597283 0.0171224862936 0.0176495718275 0.0162752856383 0.0152091515723 0.0197763572158 0.0102222404163 0.00588059665889 0.0229687116178 0.0313403713559 -0.00351335506856 0.0172515921416 0.0259125206567 0.0164970052117 0.0118510913234 0.0219498548124 
0.0026422140961 0.0136674785218 0.011582661411 0.00159741537223 0.0171224862936 0.283419471748 0.0264375281268 0.0233436356739 0.00920156894736 0.00760028478271 0.0186610171397 0.0151792416036 0.0036382135833 0.0261034003257 0.00418009874999 0.0214691894626 0.00589906086056 0.0223165902128 0.0174478949314 -0.00661113232343 
0.0135169535625 0.0364148447651 0.0565541273333 0.0410188061253 0.0176495718275 0.0264375281268 0.465025794925 0.0393609634027 0.0288918505452 0.0314856581986 0.0312932816364 0.0437061369657 0.016882436682 0.116762918846 0.0214864700155 0.00725980786656 0.00465889291286 0.00440807735183 0.0108127293161 -0.00841959770775 
-0.0020019326354 0.0453441400766 0.012371030346 0.0326702679582 0.0162752856383 0.0233436356739 0.0393609634027 0.212180195924 0.00850118030776 0.0221630725368 0.0455274132163 0.00050857218383 0.00986883440367 0.0461808397113 0.0117748964668 0.0235989761911 0.00839145879558 0.0300557787048 0.0105615934786 0.00695482636278 
0.0304402752069 0.0138554904337 0.0115148689007 0.00885263638485 0.0152091515723 0.00920156894736 0.0288918505452 0.00850118030776 0.566365472227 0.0319404892776 0.00941828913381 0.0262729629651 0.0103359236503 0.00914885515779 0.00812237061884 0.0203876999596 -0.00498011852787 0.0253041499809 0.0122439554177 0.00924355709172 
0.0585764539167 0.0251002654045 0.03126990908 0.0198610430454 0.0197763572158 0.00760028478271 0.0314856581986 0.0221630725368 0.0319404892776 0.288912368674 0.0197189846257 0.0331874054289 0.0188512249187 0.0673509115591 0.00919878746172 0.0128806288433 0.0319158198115 0.0254618167479 0.00787137381877 -0.0311814553307 
-5.75600282605e-05 0.0589444514402 0.0229136772876 0.0158453760674 0.0102222404163 0.0186610171397 0.0312932816364 0.0455274132163 0.00941828913381 0.0197189846257 0.178633900563 0.0215023341553 0.00909692555294 0.0432735718664 0.00845250692059 0.0292139416572 0.019378688988 0.0125538012989 0.0143219882611 0.0116276591466 
0.0154467509031 0.0257691433862 0.0504887288912 0.0395162396563 0.00588059665889 0.0151792416036 0.0437061369657 0.00050857218383 0.0262729629651 0.0331874054289 0.0215023341553 0.498098021426 0.0328759491367 0.058818075031 0.013837336319 0.00766800833819 0.0430871313749 0.0192161643982 0.0104815478256 0.0108031466505 
0.0150817935461 0.0177347069577 0.0134265394276 0.0129808894595 0.0229687116178 0.0036382135833 0.016882436682 0.00986883440367 0.0103359236503 0.0188512249187 0.00909692555294 0.0328759491367 0.223928890246 0.00828920292784 0.0146197704314 0.00543812641485 0.0113407823825 0.00727770368834 0.00959937282264 0.00511737907682 
0.0530344356118 0.050328893238 0.0953172529101 0.0475723635594 0.0313403713559 0.0261034003257 0.116762918846 0.0461808397113 0.00914885515779 0.0673509115591 0.0432735718664 0.058818075031 0.00828920292784 0.515273840522 0.0278928325651 0.0248539298025 0.0565992580643 0.0294126517555 0.017793128145 0.00172267535 
0.0250403750738 0.0188015592082 0.0120751072225 0.0185147306383 -0.00351335506856 0.00418009874999 0.0214864700155 0.0117748964668 0.00812237061884 0.00919878746172 0.00845250692059 0.013837336319 0.0146197704314 0.0278928325651 0.606400132122 0.0022703869236 0.0121169203101 0.000611200137674 -0.0171424291785 -0.00708825535125 
0.00229173027315 0.0365308467665 0.0136064267555 0.00410277974711 0.0172515921416 0.0214691894626 0.00725980786656 0.0235989761911 0.0203876999596 0.0128806288433 0.0292139416572 0.00766800833819 0.00543812641485 0.0248539298025 0.0022703869236 0.172670998906 0.021793791573 0.0432665253344 0.00634506195962 -0.0134187519777 
0.0212760461981 0.0164663299535 0.0721689966608 0.0385180919459 0.0259125206567 0.00589906086056 0.00465889291286 0.00839145879558 -0.00498011852787 0.0319158198115 0.019378688988 0.0430871313749 0.0113407823825 0.0565992580643 0.0121169203101 0.021793791573 0.531348817743 0.0225668476645 0.0141717681607 0.00605879693122 
0.00527062049783 0.022071855777 0.0104002898364 0.00637147797055 0.0164970052117 0.0223165902128 0.00440807735183 0.0300557787048 0.0253041499809 0.0254618167479 0.0125538012989 0.0192161643982 0.00727770368834 0.0294126517555 0.000611200137674 0.0432665253344 0.0225668476645 0.190854404047 0.00176789874617 -0.00395624530459 
0.0127874847127 0.0199678466902 0.0212383499059 0.0198035626427 0.0118510913234 0.0174478949314 0.0108127293161 0.0105615934786 0.0122439554177 0.00787137381877 0.0143219882611 0.0104815478256 0.00959937282264 0.017793128145 -0.0171424291785 0.00634506195962 0.0141717681607 0.00176789874617 0.216944557251 -0.00896881184424 
0.00185533530458 0.00464126040965 0.0144491640725 -0.0116020643534 0.0219498548124 -0.00661113232343 -0.00841959770775 0.00695482636278 0.00924355709172 -0.0311814553307 0.0116276591466 0.0108031466505 0.00511737907682 0.00172267535 -0.00708825535125 -0.0134187519777 0.00605879693122 -0.00395624530459 -0.00896881184424 1.37165333414 

['NCR', 'MTB', 'FLR', 'VFC', 'ACV', 'MO', 'JWN', 'ZION', 'IGT', 'APCC', 'KEY', 'STJ', 'CLX', 'KBH', 'NOVL', 'XEL', 'NEM', 'PNW', 'HNZ', 'ESRX']