30
0.0316848802341 0.0599327976672 0.0231877092109 0.0690593134036 0.0874158444094 0.07971303899 0.0559384191954 0.0125032911957 0.0471087328402 0.042606905642 0.0448147494519 0.0995242847704 0.0594687244428 0.044891801276 0.0291248595558 0.0690415105338 0.093312473985 0.185879968849 0.067654701563 0.116988452624 0.101481112582 0.023795453615 0.0542920038725 0.0610020106181 0.0335319673985 0.0253746335001 0.0514292405054 0.0333203023267 0.146363775453 0.266244884644 
0.17305322756 0.00536096984975 0.0157982242939 0.036913371544 0.00253983659336 0.0114370819435 0.016583488731 0.0207802745293 0.0235761694195 0.0328504934895 0.0125762713805 0.0145427712693 0.0127333667317 0.0168691254718 0.00989563754271 0.0155713816786 0.00765169109302 0.0486356110233 0.0161218412954 0.0239996476501 0.00864644472301 0.0268032833435 0.0125942648676 0.0180918311407 0.0258547513409 0.0186468285212 0.0381774147283 0.0173082876396 -0.00701294597815 0.0149563368488 
0.00536096984975 0.33575459862 0.0226230392975 0.0166573496605 -0.00487511584974 0.0285395838337 0.00979746319128 0.0125793165097 0.0152307683598 0.00428283514233 0.0137202975259 -0.000629954799296 0.0273981988145 0.0245558722512 0.0131567519988 0.0146964222541 0.0340461858333 0.0615793809687 0.00920032906138 0.0493419281055 0.0155927358624 -0.000577927729447 0.0038742637517 0.0207402849958 0.0201730578173 0.0171898385406 0.0118651898643 0.0152970237278 0.0360316106744 -0.00265198359885 
0.0157982242939 0.0226230392975 0.221765509618 0.0162771232102 0.0169318304165 0.0531700471647 0.00879260588599 -0.0033174850851 -0.000789128294531 0.00665500021663 0.0217974849304 0.00549890680283 0.00584701974741 0.00692416140593 0.00966722089713 0.0155195637099 0.0134243820485 0.018245818561 0.0145239535164 0.0326441908426 0.00137780042929 0.00925103173958 0.00385568492161 0.0200942032866 0.0079134824284 0.0165703041787 0.00667491674779 -0.000401290157769 -0.0070077382546 0.00898954346108 
0.036913371544 0.0166573496605 0.0162771232102 0.429315681771 0.00386886225842 0.0183207027976 0.0160568823344 0.0112606648356 0.0236020001845 0.0235433297391 0.0100259663256 0.0200152732341 0.0181586479377 0.0217612269372 0.0117411289889 0.0267025173918 0.021272825799 0.0463194752095 -0.00905647932441 0.0153308534926 0.0120711305326 0.00928769375405 0.0346115479076 0.0486683617908 0.0254085548406 0.0135925505681 0.0151881613336 0.0159127588308 -0.00865316502134 0.0197899611635 
0.00253983659336 -0.00487511584974 0.0169318304165 0.00386886225842 0.563017841735 -0.000339819355379 0.0161733807118 0.00679763533284 0.00100176105958 0.0198183515035 0.00938077314722 -0.0038519380972 0.013191984661 0.00968982919904 0.0077421172303 0.0574615075923 0.0155881950135 0.00708119814895 0.0236849254676 0.00696699670984 -1.06127936498e-05 0.00714006871058 0.0105938201484 0.0250466981994 0.0237759850313 0.0143921838367 0.0423711415865 0.00294936625561 0.0220140430347 0.0135928135216 
0.0114370819435 0.0285395838337 0.0531700471647 0.0183207027976 -0.000339819355379 0.491706886426 0.0140205655527 0.00553102745642 0.000222258258501 0.0300453959707 0.0154973725592 0.0216798803867 0.00229961993276 0.0327868215285 0.0391496336679 0.0165246391585 0.00645519942218 0.0304404878026 0.0155766254171 0.00868610006639 0.0111771057201 0.0226497497074 0.019007661736 0.0182674025595 0.0333727395644 0.051491125037 0.00980405340785 0.0287848887802 0.0579850161929 0.0211197056809 
0.016583488731 0.00979746319128 0.00879260588599 0.0160568823344 0.0161733807118 0.0140205655527 0.238407824568 0.0349229112872 0.00151670126293 0.0226401171579 0.0199290765206 -0.00248097313021 0.00299325098849 0.0130392305493 0.0108750135777 0.0362005610319 0.0112094059084 0.0306639356732 0.0116925153245 0.0382190949316 0.0122368229045 0.00639691522088 0.0122748252905 0.0106379564676 0.0287585395812 0.0239669088605 0.0285654774028 0.0338731631857 -0.0097267768077 0.0126399004399 
0.0207802745293 0.0125793165097 -0.0033174850851 0.0112606648356 0.00679763533284 0.00553102745642 0.0349229112872 0.289133363299 -0.0162137258217 0.0142106228423 -0.0011683280259 -0.0118966648396 0.03330913208 0.0275840242975 -0.00589541940452 0.0263057428819 -0.0130906367208 0.00729190660326 0.021019718209 0.0164799544124 0.0136434895149 -0.00127142396076 -0.00275412605098 0.00683924003766 0.0272440422541 0.00776144221121 0.0310399188479 0.0206718980019 0.020110505321 -0.00194272765974 
0.0235761694195 0.0152307683598 -0.000789128294532 0.0236020001845 0.00100176105958 0.000222258258501 0.00151670126293 -0.0162137258217 0.24129794742 0.00775205080702 -0.00534897163279 0.0838705661923 0.0022793086816 0.0347653118639 0.010258750825 0.00521448237675 0.0898677362509 0.0611025394659 0.0169402203703 0.0318761092442 0.00996958656643 0.03382420141 0.0163938038394 -0.00120902908169 0.0168389397421 -0.00326515624172 0.0195012408677 0.00388968135222 0.0152800378841 -0.0093601255543 
0.0328504934895 0.00428283514233 0.00665500021663 0.0235433297391 0.0198183515035 0.0300453959707 0.0226401171579 0.0142106228423 0.00775205080702 0.256584771596 0.0166338922967 0.0340740977327 0.0132483759643 0.0176100843262 0.0177029635022 0.0279732169364 0.0136322055639 0.0472030948292 -0.0020982953963 0.0413568107743 -0.0106374890436 0.0221096921919 0.0184261992198 0.0122169114254 0.0256791512486 0.00511791751456 0.0292444977061 0.0219828837256 0.0272225130137 0.0175219321312 
0.0125762713805 0.0137202975259 0.0217974849304 0.0100259663256 0.00938077314722 0.0154973725592 0.0199290765206 -0.0011683280259 -0.00534897163279 0.0166338922967 0.475736824497 0.00824737015282 0.0136892052324 0.00703035662544 0.00563513028336 0.00940100353642 0.00103931598906 0.0115723268813 0.0180458582262 0.0162531324412 -0.00614828448035 0.00704925152057 0.0123278531507 0.0104747685056 0.00824607427959 0.0176150068051 0.0274142873312 0.00387480609317 -0.00358653037444 -0.00571498228079 
0.0145427712693 -0.000629954799298 0.00549890680283 0.0200152732341 -0.0038519380972 0.0216798803867 -0.00248097313021 -0.0118966648396 0.0838705661923 0.0340740977327 0.00824737015282 0.436170829472 0.0249735075144 0.0181316784268 -0.00153129215569 0.0176720464456 0.102521567898 0.064488739158 0.0201357002457 0.0398552624218 0.00871614244635 0.0367689479429 0.0471378087187 0.0281588699113 0.0161259986017 0.0178685624508 0.0254377117249 0.017353483192 0.0157690490353 0.00198837532073 
0.0127333667317 0.0273981988145 0.00584701974741 0.0181586479377 0.013191984661 0.00229961993276 0.00299325098849 0.03330913208 0.0022793086816 0.0132483759643 0.0136892052324 0.0249735075144 0.409385817144 0.0215068777859 0.00209419792541 0.0390882635212 0.0124220185304 0.032946328407 0.0163401503541 0.0273137151598 0.00801418750694 -0.000114687470058 0.00274279433563 0.0241508881037 0.0174683221615 0.0367649971326 0.0256226121239 0.018635856759 -0.00137561593588 0.0423441610236 
0.0168691254718 0.0245558722512 0.00692416140593 0.0217612269372 0.00968982919904 0.0327868215285 0.0130392305493 0.0275840242975 0.0347653118639 0.0176100843262 0.00703035662544 0.0181316784268 0.0215068777859 0.34092177235 0.0327680655038 0.0294824503954 0.0237579361103 0.0530507823446 0.00548756491512 0.0532289388304 -0.0010938794271 0.017038110913 0.0310554841658 0.0178945384047 0.0351290943279 0.00608094756452 0.0214909551329 0.0253962537616 0.0140166539073 0.0336145208585 
0.00989563754271 0.0131567519988 0.00966722089713 0.0117411289889 0.0077421172303 0.0391496336679 0.0108750135777 -0.00589541940452 0.010258750825 0.0177029635022 0.00563513028336 -0.00153129215569 0.00209419792541 0.0327680655038 0.245413413355 0.011191294802 0.0212445309733 0.0172468292311 0.0051242299748 0.013263347536 0.0159605871929 0.0226517184567 0.022796676303 0.0162128121197 0.0165732873452 0.00629826554166 0.0256896896771 0.0304851732036 0.00117316649061 0.00958640862048 
0.0155713816786 0.0146964222541 0.0155195637099 0.0267025173918 0.0574615075923 0.0165246391585 0.0362005610319 0.0263057428819 0.00521448237675 0.0279732169364 0.00940100353642 0.0176720464456 0.0390882635212 0.0294824503954 0.011191294802 0.430399966201 0.0198833626966 0.0564558071188 0.0162458497663 0.0591434722546 0.0454394392063 0.0119360071245 0.0328691375826 0.018385439572 0.0507978106311 0.0867604076256 0.0517796525438 0.013937300427 0.0107484077506 0.0222708802922 
0.00765169109302 0.0340461858333 0.0134243820485 0.021272825799 0.0155881950135 0.00645519942218 0.0112094059084 -0.0130906367208 0.0898677362509 0.0136322055639 0.00103931598906 0.102521567898 0.0124220185304 0.0237579361103 0.0212445309733 0.0198833626966 0.436087878995 0.0808875732356 -0.0107624694684 0.0433628795795 0.00628399710552 0.0113298291814 0.0062326097725 0.0579430317217 0.0239498687592 0.0276906590766 0.0261327894884 0.00613536267177 0.0309018788958 0.0137810410409 
0.0486356110233 0.0615793809687 0.018245818561 0.0463194752095 0.00708119814895 0.0304404878026 0.0306639356732 0.00729190660326 0.0611025394659 0.0472030948292 0.0115723268813 0.064488739158 0.032946328407 0.0530507823446 0.0172468292311 0.0564558071188 0.0808875732356 0.642545672511 0.023597667937 0.0898004328439 0.0222463975231 0.00891785646495 0.0335263283931 0.0385909082728 0.0703578766167 0.0228551609507 0.0379833634925 0.0193634539378 0.0211718986685 0.0486948346533 
0.0161218412954 0.00920032906138 0.0145239535164 -0.00905647932441 0.0236849254676 0.0155766254171 0.0116925153245 0.021019718209 0.0169402203703 -0.0020982953963 0.0180458582262 0.0201357002457 0.0163401503541 0.00548756491512 0.0051242299748 0.0162458497663 -0.0107624694684 0.023597667937 0.385668237871 0.00143089601486 -0.00677534038087 0.0236486082031 0.0103397670597 0.00861982027705 0.0145969510906 0.0235554431645 0.0330508465828 0.0227331837634 -0.0043401111434 -0.00325273231038 
0.0239996476501 0.0493419281055 0.0326441908426 0.0153308534926 0.00696699670984 0.00868610006639 0.0382190949316 0.0164799544124 0.0318761092442 0.0413568107743 0.0162531324412 0.0398552624218 0.0273137151598 0.0532289388304 0.013263347536 0.0591434722546 0.0433628795795 0.0898004328439 0.00143089601486 0.470657733291 -0.000668373571311 -0.00837040330166 0.0152907882089 0.0108568144532 0.037646874156 0.0271331688972 0.0514187825629 0.00896859510603 0.0278344250835 0.0251883784912 
0.00864644472301 0.0155927358624 0.00137780042929 0.0120711305326 -1.06127936507e-05 0.0111771057201 0.0122368229045 0.0136434895149 0.00996958656643 -0.0106374890436 -0.00614828448035 0.00871614244635 0.00801418750694 -0.0010938794271 0.0159605871929 0.0454394392063 0.00628399710552 0.0222463975231 -0.00677534038087 -0.000668373571311 0.927892155358 0.00184634127323 0.0309314397217 0.0172609905616 0.0104405775134 0.00863207920732 0.0132223519446 0.00385616139541 -0.00583589001658 0.00869282239602 
0.0268032833435 -0.000577927729445 0.00925103173957 0.00928769375405 0.00714006871058 0.0226497497074 0.00639691522088 -0.00127142396076 0.03382420141 0.0221096921919 0.00704925152057 0.0367689479429 -0.000114687470058 0.017038110913 0.0226517184567 0.0119360071245 0.0113298291814 0.00891785646495 0.0236486082031 -0.00837040330166 0.00184634127323 0.199412998617 0.0151342866247 0.0022873162277 0.00703920171566 0.0103416258211 0.0247374159914 0.0125996780273 0.0103001156476 -0.00947488639005 
0.0125942648676 0.0038742637517 0.00385568492161 0.0346115479076 0.0105938201484 0.019007661736 0.0122748252905 -0.00275412605098 0.0163938038394 0.0184261992198 0.0123278531507 0.0471378087187 0.00274279433563 0.0310554841658 0.022796676303 0.0328691375826 0.0062326097725 0.0335263283931 0.0103397670597 0.0152907882089 0.0309314397217 0.0151342866247 0.283055449259 0.0154800706388 0.0236636186223 0.0223859435611 0.0352566249091 -0.00428711352761 0.00883421923955 0.00143876531146 
0.0180918311407 0.0207402849958 0.0200942032866 0.0486683617908 0.0250466981994 0.0182674025595 0.0106379564676 0.00683924003766 -0.00120902908169 0.0122169114254 0.0104747685056 0.0281588699113 0.0241508881037 0.0178945384047 0.0162128121197 0.018385439572 0.0579430317217 0.0385909082728 0.00861982027705 0.0108568144532 0.0172609905616 0.0022873162277 0.0154800706388 0.414367883768 0.0087892917013 0.0440559645998 0.0204419418041 -0.00236081838711 0.011410755801 0.080946994449 
0.0258547513409 0.0201730578173 0.0079134824284 0.0254085548406 0.0237759850313 0.0333727395644 0.0287585395812 0.0272440422541 0.0168389397421 0.0256791512486 0.00824607427959 0.0161259986017 0.0174683221615 0.0351290943279 0.0165732873452 0.0507978106311 0.0239498687592 0.0703578766167 0.0145969510906 0.037646874156 0.0104405775134 0.00703920171567 0.0236636186223 0.0087892917013 0.21991134042 0.0183646648611 0.0362048280688 0.0212942241531 0.00778797139552 0.0126536578758 
0.0186468285212 0.0171898385406 0.0165703041787 0.0135925505681 0.0143921838367 0.051491125037 0.0239669088605 0.00776144221121 -0.00326515624171 0.00511791751455 0.0176150068051 0.0178685624508 0.0367649971326 0.00608094756452 0.00629826554166 0.0867604076256 0.0276906590766 0.0228551609507 0.0235554431645 0.0271331688972 0.00863207920732 0.0103416258211 0.0223859435611 0.0440559645998 0.0183646648611 0.272933969797 0.0291508016523 0.00271702672692 0.0259173932449 0.0212928786745 
0.0381774147283 0.0118651898643 0.00667491674779 0.0151881613336 0.0423711415865 0.00980405340785 0.0285654774028 0.0310399188479 0.0195012408677 0.0292444977061 0.0274142873312 0.0254377117249 0.0256226121239 0.0214909551329 0.0256896896771 0.0517796525438 0.0261327894884 0.0379833634925 0.0330508465828 0.0514187825629 0.0132223519446 0.0247374159914 0.0352566249091 0.0204419418041 0.0362048280688 0.0291508016523 0.208045914261 0.0289540492023 0.0193064925416 0.0279263877415 
0.0173082876396 0.0152970237278 -0.000401290157768 0.0159127588308 0.00294936625561 0.0287848887802 0.0338731631857 0.0206718980019 0.00388968135222 0.0219828837256 0.00387480609317 0.017353483192 0.018635856759 0.0253962537616 0.0304851732036 0.013937300427 0.00613536267177 0.0193634539378 0.0227331837634 0.00896859510603 0.00385616139541 0.0125996780273 -0.00428711352761 -0.00236081838711 0.0212942241531 0.00271702672692 0.0289540492023 0.208255803751 0.0149412643856 0.0248689230407 
-0.00701294597815 0.0360316106744 -0.0070077382546 -0.00865316502134 0.0220140430347 0.0579850161929 -0.0097267768077 0.020110505321 0.0152800378841 0.0272225130137 -0.00358653037444 0.0157690490353 -0.00137561593588 0.0140166539073 0.00117316649061 0.0107484077506 0.0309018788958 0.0211718986685 -0.0043401111434 0.0278344250835 -0.00583589001658 0.0103001156476 0.00883421923955 0.011410755801 0.00778797139552 0.0259173932449 0.0193064925416 0.0149412643856 0.981457374565 0.0184608214462 
0.0149563368488 -0.00265198359885 0.00898954346108 0.0197899611635 0.0135928135216 0.0211197056809 0.0126399004399 -0.00194272765974 -0.0093601255543 0.0175219321312 -0.00571498228079 0.00198837532073 0.0423441610236 0.0336145208585 0.00958640862048 0.0222708802922 0.0137810410409 0.0486948346533 -0.00325273231038 0.0251883784912 0.00869282239602 -0.00947488639005 0.00143876531146 0.080946994449 0.0126536578758 0.0212928786745 0.0279263877415 0.0248689230407 0.0184608214462 2.27490579761 

['PFG', 'AGN', 'CZN', 'AOC', 'IGT', 'CI', 'TMO', 'DG', 'CVX', 'UTX', 'BSX', 'WMB', 'PKI', 'LEG', 'MSFT', 'A', 'NBR', 'X', 'SWY', 'FLR', 'CSCO', 'ETR', 'ORCL', 'CMVT', 'ETN', 'CA', 'MER', 'CAH', 'HUM', 'TLAB']