40
0.0793031051092 0.0442487549982 0.10135047428 0.0361599942098 0.0499472002084 0.0526943852585 0.0223320424584 0.0253746335001 0.0599327976672 0.0180781461794 0.0486003975036 0.0271794955288 0.0340754658053 0.0589662330248 0.0135350028622 0.239728898705 0.0261881624723 0.0354646018646 0.146363775453 0.0255776045185 0.0623593213805 0.0324915821016 0.0266110290159 0.0197813299257 0.266244884644 0.0766878163077 0.0441448787565 0.0933125666969 0.0991765707177 0.0144645316835 0.135299445153 0.0297343435849 0.0952892642352 0.0852779749864 0.0388313797841 0.074230100705 0.102128665084 0.0755152896869 0.106366385329 0.0572050688987 
0.401666463685 0.0116167406637 0.0213254173354 0.00544796971632 0.0167761021256 0.0305233903422 0.0109984423991 0.0316883382703 0.0322553740052 0.00359033979773 0.0168339902299 0.0236086844486 -0.00292383824665 0.0384242544798 0.0206496819025 0.0620062263881 0.0202416746774 -0.0108387526975 0.00792665379863 0.0176647349741 0.0287989541796 0.0150616611196 0.0176706195445 0.0184545355079 -0.00174517149219 0.0201088380702 0.07726033302 0.00638288793928 0.00454857265895 0.0253261075688 0.011970590651 -0.00296265273554 0.0212419592391 0.0368489583222 0.00472034347476 0.0431566989156 0.0332633685963 0.01152181541 -0.00721582290283 0.0184998366682 
0.0116167406637 0.27409039545 0.0259700407506 0.0130241250382 0.0152653022904 0.0289832224028 0.00041803996576 0.00721054490222 0.00361962265929 -0.0012740362652 0.023179137858 -0.000391474242645 0.0023473601693 0.00462480238932 0.0200213690376 0.0470239905143 0.0131267616942 0.0100714060451 0.00386387059049 -0.00469895255733 0.026040168942 0.021641903342 -0.00114044533134 0.00918127758239 -0.0101577225903 0.035570833475 0.029564125767 0.000986555170948 0.0145988796309 0.00406773196948 -0.00370141437087 0.0136581933663 -0.0152531473409 0.0103599226941 0.0266780340734 0.00824197117049 0.00568024273357 0.00477947453581 0.0162232574006 0.0306457564534 
0.0213254173354 0.0259700407506 0.558369283629 0.0216909479683 0.0418576457353 0.068048067016 0.00390699488728 0.0359737702629 0.00732124073963 0.0108582158528 0.0281933310584 -8.87368312229e-05 0.0138378971663 0.02650373726 0.0166169953879 0.0849881474104 0.0814061052188 -0.00122196536719 0.0372140378128 0.038774610983 0.0233973725295 0.0126891068221 0.0129119957631 0.0153885949754 0.113743595999 0.0772783944504 0.0352347947319 -0.0077514941715 0.0210885382806 0.0268430661353 0.027495005773 0.0134010222842 0.0293834910735 0.0131356076956 0.0106663380618 0.0518296353712 0.043273276997 -0.0074522363895 0.0361916595555 0.0321333850052 
0.00544796971632 0.0130241250382 0.0216909479683 0.234811645722 0.0175872288465 0.014117235583 0.0203391689403 0.00454003219753 0.00300350502981 0.0100887311319 0.0211369266655 0.00735906626859 0.0198513631102 -0.00622668166492 0.0110066112809 0.0271385558545 0.00034200122094 0.0652856571455 0.0166427037103 0.0200145785967 0.0197830840818 -0.0015911547524 0.0318847642144 0.0195285510763 -0.00932824151494 0.0083618090167 0.0288473921496 0.00676095930197 -0.011703667087 0.0150485563786 0.0253364403379 0.00321364734828 0.000821077409759 0.0343185882891 0.00300223609332 0.0290776061749 -0.0129474698174 0.0132404157549 0.0405020207974 0.0192817165864 
0.0167761021256 0.0152653022904 0.0418576457353 0.0175872288465 0.362598669288 -0.00348061075788 0.0158695959288 0.00389321910799 0.00289903708642 0.00887559979999 0.0162771007646 0.0495641052018 0.00610049713792 0.0299769927944 0.00381538602191 0.0468879921472 0.0123151885311 0.00593351993314 -0.00622468904128 0.0033199102016 0.0195394517806 -0.00148626274236 0.0081026660637 0.0113837538273 0.0176952161911 0.0125321541209 0.0237585559574 0.0145066407756 -0.0091844000139 0.0116077850947 0.00834907186174 -0.00809361329882 0.0106436949653 -0.00239540859832 0.0249474357977 0.0197822664897 0.0104121841512 0.0493556093269 0.0053461118669 0.00795406209558 
0.0305233903422 0.0289832224028 0.068048067016 0.014117235583 -0.00348061075788 0.303089755257 0.00333357666503 0.0183036568529 0.0241306286501 0.0356059788522 0.0140983532219 0.0378409433907 0.020768113823 0.016993272152 0.0191074271567 0.0530166457714 0.0158395118465 0.00799826808655 0.00882346895235 0.0289759812972 0.0372005386746 0.0231448113227 0.0162597836843 0.027510947991 0.0214149756664 0.0343546110475 0.0256271100889 0.00044334421351 0.0130012611595 0.0179613582073 0.0059044818324 0.0154713497881 0.0277923785259 0.0317710188638 0.0371901391506 0.0632176909914 0.0549574383157 0.0165405557772 -0.012065354962 0.0288807492412 
0.0109984423991 0.000418039965759 0.00390699488728 0.0203391689403 0.0158695959288 0.00333357666503 0.200403005053 -0.00749253237425 0.00147035252925 0.00593175589342 0.038798052434 0.00534395260657 0.0135266122664 0.00653159345262 0.00759862049495 0.0191918419776 0.00749267103303 0.0118846659178 -0.0131236461195 0.00371783763058 -0.00435840962779 -0.0148895712685 0.00631832909745 -0.00129921579608 -0.0234272899776 0.00280966892803 0.00739210965822 0.00232058452497 0.0120868438913 0.0191816306696 0.000978415013097 0.011594500692 0.0108170406081 0.0112189372463 -0.00449582703646 0.00316490460965 0.0211051704729 0.0234102569328 -0.0010961951703 0.0177971911505 
0.0316883382703 0.00721054490222 0.0359737702629 0.00454003219753 0.00389321910799 0.0183036568529 -0.00749253237425 0.275665816809 0.0171376277737 0.00442923294273 0.0157658462316 0.002941769044 0.000589327184597 0.0174030199343 0.0136821993846 0.0926806939271 0.0163604280112 0.00190870046649 0.0248472732989 0.0173508653694 0.0100668381794 0.0161425009509 0.0207880244025 0.0122585242372 0.0186225823897 0.0420070728955 0.012727887318 0.000897742299178 0.0149038068868 0.00999296980908 0.0231235000068 0.0117405570344 0.0187678550658 0.0206546963791 0.0104727058576 0.0308630950278 0.0155400162059 -0.00784054018545 0.0105874582835 0.0124713635199 
0.0322553740052 0.00361962265929 0.00732124073963 0.00300350502981 0.00289903708642 0.0241306286501 0.00147035252925 0.0171376277737 0.335766929958 0.0210369977237 0.00326147979313 0.00597125799151 0.00422523136912 0.0137465375474 0.00784254809565 0.0298607040854 0.00729209943094 0.0126064775182 0.0350270738481 0.000545856665867 0.0179106254916 0.0452668682968 0.00258864364597 -0.00176528144083 -0.00247811947692 0.0223970960827 0.00882576518323 0.0177410441599 0.0144877317621 0.0162661070531 0.031668708382 0.0126234529173 0.0166581319146 0.0388915730311 0.0262694108436 0.0353820191758 0.00635600655145 0.0276519336904 0.00664164647385 0.00605998786283 
0.00359033979773 -0.0012740362652 0.0108582158528 0.0100887311319 0.00887559979999 0.0356059788522 0.00593175589342 0.00442923294273 0.0210369977237 0.247253130618 -0.00159624847835 0.0160494901502 0.0124536450872 -0.00242343084539 0.0049269111657 0.0168706911094 0.0078911817854 0.00549196222512 0.0104284315919 0.00211041631125 0.0121840008863 -0.00129270029897 0.000581750429594 0.00839091701447 0.0218947785576 0.0109800660644 0.015704723454 -0.00121785729651 -0.00931666902597 0.0121724768822 -0.00347705331433 0.0102583851318 0.00266622384301 0.0226378877255 0.000354996405829 0.0289926539026 0.00442044382725 0.0198046251411 0.00630338062807 0.00810073836619 
0.0168339902299 0.023179137858 0.0281933310584 0.0211369266655 0.0162771007646 0.0140983532219 0.038798052434 0.0157658462316 0.00326147979313 -0.00159624847835 0.398135528274 0.0111151123014 0.0131962196767 0.00243301351345 0.0334916037904 0.034348613344 -0.00791679783335 0.0201909054608 -0.024625695385 -0.00141909233718 0.00411579977145 0.00533812914975 0.0152970035742 0.000782013241748 0.00516984727531 0.0327055700471 0.0186708351917 -0.00650510891098 0.0317122234197 0.00232666426881 -0.0103321702866 -0.000224031143262 0.0158664469999 0.0130052744267 -0.00474623089737 0.0263824090138 0.017126796956 0.0105339786847 0.0130525644218 0.00406905773335 
0.0236086844486 -0.000391474242645 -8.8736831223e-05 0.00735906626859 0.0495641052018 0.0378409433907 0.00534395260657 0.002941769044 0.00597125799151 0.0160494901502 0.0111151123014 0.223926866143 0.00359498512738 0.00916301786374 0.012646092632 0.034419162491 0.0110250010594 0.01110259718 0.0143918594551 -0.00130342343914 0.00947884774533 -0.00203603536856 0.0173058646658 0.0184747526039 0.0130719261426 0.00108990903397 0.0208102114788 0.00527777066463 0.0233691796454 0.0246431517721 0.000942164751168 -0.00569527856226 0.0190735192819 0.0136124719096 0.0430505995875 0.016788517369 0.0115417417072 0.0299994810767 0.0134964680632 0.0166955532521 
-0.00292383824665 0.0023473601693 0.0138378971663 0.0198513631102 0.00610049713792 0.020768113823 0.0135266122664 0.000589327184597 0.00422523136912 0.0124536450872 0.0131962196767 0.00359498512738 0.184050587832 0.000954513502122 0.0120893529648 0.0215527386644 0.00445797568272 0.0209322678482 0.00549370944204 0.0202830847991 0.000362392385046 0.00122052072424 0.0172590768238 0.0166927920292 0.00360333387977 -0.000633386580344 0.00402784877075 8.19347965045e-06 -0.00733343917309 0.00875938228319 0.0121736613974 0.0136618374456 0.00713558576449 0.0203536594767 0.00955206024579 0.0204438859456 -0.00312680912709 0.00622288890489 0.0162897860117 0.00600949325318 
0.0384242544798 0.00462480238932 0.02650373726 -0.00622668166492 0.0299769927944 0.016993272152 0.00653159345262 0.0174030199343 0.0137465375474 -0.00242343084539 0.00243301351345 0.00916301786374 0.000954513502122 0.40244541779 0.00297270664609 0.0384504526231 0.0122639583121 -0.00474856170601 -0.00334752738317 0.00657125589773 0.0234346490517 0.0298974679306 0.000563121118437 0.0123098579744 0.0137693460452 0.0162587697275 0.0353497358756 -0.00643336940063 -0.012524101572 0.0128501654496 0.0116823520936 0.00597788632641 0.0150361166799 0.0211759017069 0.00817242190792 0.0460987478061 0.00934407775227 0.0138921184924 0.0106099174508 0.00948685044345 
0.0206496819025 0.0200213690376 0.0166169953879 0.0110066112809 0.00381538602191 0.0191074271567 0.00759862049495 0.0136821993846 0.00784254809565 0.0049269111657 0.0334916037904 0.012646092632 0.0120893529648 0.00297270664609 0.191525311398 0.0184759731778 0.0119291485134 0.0147889478898 -0.0226629686044 0.0123282975049 0.0158640382461 0.0177843035578 0.0222522183273 0.0213570310339 0.0371574600687 0.0171563182212 0.0332979538031 0.00213712945062 -0.0161054287612 0.0219959889247 0.0168999294524 0.00990273943278 0.0295240276541 0.0252959821616 0.0295469683021 0.032272377756 0.0177097898034 0.0289135771987 0.0165746917332 0.0164090909996 
0.0620062263881 0.0470239905143 0.0849881474104 0.0271385558545 0.0468879921472 0.0530166457714 0.0191918419776 0.0926806939271 0.0298607040854 0.0168706911094 0.034348613344 0.034419162491 0.0215527386644 0.0384504526231 0.0184759731778 0.86159443725 0.0229719093588 0.0218406575666 0.0165612702355 0.00626645085456 0.058294383829 0.0277448300043 -0.00133532517006 0.00812063874949 0.0857651541835 0.144429575325 0.0335540426278 0.022210830498 0.0206531139307 0.0060129868883 0.0672785168152 -0.00150379712559 0.0241976635392 0.0194340417357 0.119242972785 0.113153929017 0.102810595578 0.0461495916756 0.0506049190647 0.0513709869136 
0.0202416746774 0.0131267616942 0.0814061052188 0.00034200122094 0.0123151885311 0.0158395118465 0.00749267103303 0.0163604280112 0.00729209943094 0.0078911817854 -0.00791679783335 0.0110250010594 0.00445797568272 0.0122639583121 0.0119291485134 0.0229719093588 0.246098200165 0.00299408559562 0.00829684624714 0.00804040734329 0.0183838583047 0.0238859416695 0.0121291984925 0.00807563570868 0.0231560381111 -0.00135442629802 0.00913106511368 0.0288929620682 -0.00124185475205 0.00477620993035 0.0070179780353 0.00516148170266 0.0215844887157 0.0365557170756 0.0331946550656 0.0330365957276 0.00851120252177 0.0143231776946 0.00486395302448 0.0202484860329 
-0.0108387526975 0.0100714060451 -0.00122196536719 0.0652856571455 0.00593351993314 0.00799826808655 0.0118846659178 0.00190870046649 0.0126064775182 0.00549196222512 0.0201909054608 0.01110259718 0.0209322678482 -0.00474856170601 0.0147889478898 0.0218406575666 0.00299408559562 0.199338737053 0.0154758322845 -0.00279902763174 0.00652655295379 0.0133223045253 0.0180440359314 0.0138441096343 -0.00719547421124 -0.00698113545053 0.0230012739111 0.0113010688934 0.00649411096144 0.00761250556704 0.0276916768917 0.0139310050616 0.00508431590975 0.0190628289495 0.0110529282101 0.0192167256367 0.00468793668629 0.00564808310617 0.0330691905616 -0.00527513945686 
0.00792665379863 0.00386387059049 0.0372140378128 0.0166427037103 -0.00622468904128 0.00882346895235 -0.0131236461195 0.0248472732989 0.0350270738481 0.0104284315919 -0.024625695385 0.0143918594551 0.00549370944205 -0.00334752738317 -0.0226629686044 0.0165612702355 0.00829684624714 0.0154758322845 0.978087219033 0.0337806423526 0.0213587843515 0.00701201146451 0.0440369882812 0.0176382169401 0.0175057853999 0.00502840828366 0.0389003364872 0.0177378357908 -0.011435798122 -0.00201627860295 0.0319567074458 0.00807512062831 -0.00356094033151 0.0432005338098 0.00573503349915 0.0401291546885 0.0284234435622 0.0184130886652 0.0119746246669 0.0128083288885 
0.0176647349741 -0.00469895255733 0.038774610983 0.0200145785967 0.0033199102016 0.0289759812972 0.00371783763058 0.0173508653694 0.000545856665867 0.00211041631125 -0.00141909233718 -0.00130342343914 0.0202830847991 0.00657125589773 0.0123282975049 0.00626645085456 0.00804040734329 -0.00279902763174 0.0337806423526 0.321284691605 0.0122479844718 -0.000559089787398 -0.00474820658119 0.0156151300533 0.0229893921386 0.0086499607727 0.0262682315119 0.0120231817134 0.0148553403493 0.00174865286415 0.0138331873845 0.0227230922757 0.00247621549445 0.0167589026317 0.01246883408 0.0320771562981 0.00488316731799 0.00802122006001 0.00105570301888 0.0122248896516 
0.0287989541796 0.026040168942 0.0233973725295 0.0197830840818 0.0195394517806 0.0372005386746 -0.00435840962779 0.0100668381794 0.0179106254916 0.0121840008863 0.00411579977145 0.00947884774533 0.000362392385046 0.0234346490517 0.0158640382461 0.058294383829 0.0183838583047 0.00652655295379 0.0213587843515 0.0122479844718 0.339588455281 0.00776222529911 0.0215567942227 0.0126136316592 0.00601441684527 0.0458101154344 0.0409208124747 0.013382818947 0.0113206123702 0.0140653566957 0.0418299491563 0.0126926608392 0.0149206277347 0.03334764533 0.0322726341356 0.0563629455874 0.0332530025566 0.015056121211 0.0387331478603 0.0349000802657 
0.0150616611196 0.021641903342 0.0126891068221 -0.0015911547524 -0.00148626274236 0.0231448113227 -0.0148895712685 0.0161425009509 0.0452668682967 -0.00129270029897 0.00533812914975 -0.00203603536856 0.00122052072424 0.0298974679306 0.0177843035578 0.0277448300043 0.0238859416695 0.0133223045253 0.00701201146451 -0.000559089787398 0.00776222529911 0.304959962561 0.0127941849451 0.00396495836638 0.00409381550015 0.0356448455489 0.0137023963564 -0.00359253354719 0.0058670991139 0.00377939164507 0.00652781032165 0.00339199588353 0.00646442625493 0.0243649085409 0.0227732781817 0.0604789252523 0.00537116353734 0.0179123007012 0.0133991181896 0.00801160857817 
0.0176706195445 -0.00114044533134 0.0129119957631 0.0318847642144 0.0081026660637 0.0162597836843 0.00631832909745 0.0207880244025 0.00258864364597 0.000581750429595 0.0152970035742 0.0173058646658 0.0172590768238 0.000563121118437 0.0222522183273 -0.00133532517006 0.0121291984925 0.0180440359314 0.0440369882812 -0.00474820658119 0.0215567942227 0.0127941849451 0.284532158794 0.0218537132672 -0.0245398597218 0.0302888836877 0.0147199965008 -0.0128096465325 0.0267527051237 0.0131878144864 0.0196727445982 0.00199060320383 0.0235533572772 0.0181492093934 0.00856651671314 0.0305212541828 0.0205125602369 -0.00161467188554 0.0295479815245 0.00904772199646 
0.0184545355079 0.00918127758239 0.0153885949754 0.0195285510763 0.0113837538273 0.027510947991 -0.00129921579608 0.0122585242372 -0.00176528144083 0.00839091701447 0.000782013241748 0.0184747526039 0.0166927920292 0.0123098579744 0.0213570310339 0.00812063874949 0.00807563570868 0.0138441096343 0.0176382169401 0.0156151300533 0.0126136316592 0.00396495836638 0.0218537132672 0.146580764231 0.0247138394434 0.00347561150684 0.0402744382831 0.00137888433072 -0.000527312624014 -0.000285011024296 -0.00888568432309 0.0112386237727 0.0145425572826 0.0288309286092 0.00583453217091 0.0328093163934 0.00235385935974 0.00994384523961 -0.00619915225597 0.016876933888 
-0.00174517149219 -0.0101577225903 0.113743595999 -0.00932824151494 0.0176952161911 0.0214149756664 -0.0234272899776 0.0186225823897 -0.00247811947692 0.0218947785576 0.00516984727531 0.0130719261426 0.00360333387977 0.0137693460452 0.0371574600687 0.0857651541835 0.0231560381111 -0.00719547421124 0.0175057853999 0.0229893921386 0.00601441684527 0.00409381550015 -0.0245398597218 0.0247138394434 2.27093034796 0.0640845055292 0.0199576773417 0.0262277979414 0.0295322377388 0.0201013792883 0.00757760782301 0.00572817336195 0.00988875149899 0.00805394663136 0.0275455846965 0.0224319194992 0.0248756972352 0.00687391289736 -0.000836400196116 0.00548145458095 
0.0201088380702 0.035570833475 0.0772783944504 0.0083618090167 0.0125321541209 0.0343546110475 0.00280966892803 0.0420070728955 0.0223970960827 0.0109800660644 0.0327055700471 0.00108990903397 -0.000633386580344 0.0162587697275 0.0171563182212 0.144429575325 -0.00135442629802 -0.00698113545053 0.00502840828366 0.0086499607727 0.0458101154344 0.0356448455489 0.0302888836877 0.00347561150684 0.0640845055292 0.435061208742 0.0533987833919 0.015239977212 -0.00331588147458 0.0227977196931 0.0367406553064 0.0503165080674 0.0386402438858 0.00707761605967 0.0120977973205 0.0514698149826 0.0667114753164 0.013634353192 0.01178873128 0.0395417187388 
0.07726033302 0.029564125767 0.0352347947319 0.0288473921496 0.0237585559574 0.0256271100889 0.00739210965822 0.012727887318 0.00882576518323 0.015704723454 0.0186708351917 0.0208102114788 0.00402784877075 0.0353497358756 0.0332979538031 0.0335540426278 0.00913106511368 0.0230012739111 0.0389003364872 0.0262682315119 0.0409208124747 0.0137023963564 0.0147199965008 0.0402744382831 0.0199576773417 0.0533987833919 0.245683126493 0.0148654340831 -0.00298588938056 0.018446222935 0.0220600311616 -0.0047530172345 0.00541761961047 0.0238324365535 0.0191251082976 0.0601909293562 0.0134439217354 -0.00334217159584 0.025714171972 0.0197970197301 
0.00638288793928 0.000986555170948 -0.0077514941715 0.00676095930197 0.0145066407756 0.000443344213511 0.00232058452497 0.000897742299179 0.0177410441599 -0.00121785729651 -0.00650510891098 0.00527777066463 8.19347965058e-06 -0.00643336940063 0.00213712945062 0.022210830498 0.0288929620682 0.0113010688934 0.0177378357908 0.0120231817134 0.013382818947 -0.00359253354719 -0.0128096465325 0.00137888433072 0.0262277979414 0.015239977212 0.0148654340831 0.999487158311 -0.006096967686 0.00994922717585 0.0115095791419 0.0147855190102 0.0070891579638 0.0364472920358 -0.0020147450791 0.0181311611371 0.00521411509694 0.0160636703054 -0.0110787541633 0.0105446506656 
0.00454857265895 0.0145988796309 0.0210885382806 -0.011703667087 -0.0091844000139 0.0130012611595 0.0120868438913 0.0149038068868 0.0144877317621 -0.00931666902597 0.0317122234197 0.0233691796454 -0.00733343917309 -0.012524101572 -0.0161054287612 0.0206531139307 -0.00124185475205 0.00649411096144 -0.011435798122 0.0148553403493 0.0113206123702 0.0058670991139 0.0267527051237 -0.000527312624014 0.0295322377388 -0.00331588147458 -0.00298588938056 -0.006096967686 0.637316598848 0.00410450264587 0.0577213339704 0.00945787159319 -0.014106646763 -0.0057709025947 -0.000504773920557 0.0145320345434 -0.00689696507544 -0.0081109279807 0.0109675451196 -0.000153263376821 
0.0253261075688 0.00406773196948 0.0268430661353 0.0150485563786 0.0116077850947 0.0179613582073 0.0191816306696 0.00999296980908 0.0162661070531 0.0121724768822 0.00232666426881 0.0246431517721 0.00875938228319 0.0128501654496 0.0219959889247 0.0060129868883 0.00477620993035 0.00761250556704 -0.00201627860295 0.00174865286415 0.0140653566957 0.00377939164507 0.0131878144864 -0.000285011024296 0.0201013792883 0.0227977196931 0.018446222935 0.00994922717585 0.00410450264587 0.287036847251 0.00597655605789 0.00510227465656 0.0191684466416 0.0288452927539 -0.00183645976485 0.0101791488434 0.0142905600695 -0.000584617789097 -0.0080598035577 0.00991032695192 
0.011970590651 -0.00370141437088 0.027495005773 0.0253364403379 0.00834907186174 0.0059044818324 0.000978415013096 0.0231235000068 0.031668708382 -0.00347705331433 -0.0103321702866 0.000942164751168 0.0121736613974 0.0116823520936 0.0168999294524 0.0672785168152 0.0070179780353 0.0276916768917 0.0319567074458 0.0138331873845 0.0418299491563 0.00652781032165 0.0196727445982 -0.00888568432309 0.00757760782301 0.0367406553064 0.0220600311616 0.0115095791419 0.0577213339704 0.00597655605789 0.521321113419 0.0177003656023 0.0288414430715 -0.00147565900404 -0.000243213935883 0.0756338887687 0.0527131449119 0.0156988656236 0.193319580992 0.0346083458635 
-0.00296265273554 0.0136581933663 0.0134010222842 0.00321364734828 -0.00809361329882 0.0154713497881 0.011594500692 0.0117405570344 0.0126234529173 0.0102583851318 -0.000224031143262 -0.00569527856226 0.0136618374456 0.00597788632641 0.00990273943278 -0.00150379712559 0.00516148170266 0.0139310050616 0.00807512062831 0.0227230922757 0.0126926608392 0.00339199588353 0.00199060320383 0.0112386237727 0.00572817336195 0.0503165080674 -0.0047530172345 0.0147855190102 0.00945787159319 0.00510227465656 0.0177003656023 0.187314191588 -0.000180063217255 0.0216546222805 -0.01064698157 0.0155067334809 -0.000161377346727 0.0166484135115 0.0139064130035 0.0179314400264 
0.0212419592391 -0.0152531473409 0.0293834910735 0.000821077409759 0.0106436949653 0.0277923785259 0.0108170406081 0.0187678550658 0.0166581319146 0.00266622384301 0.0158664469999 0.0190735192819 0.00713558576449 0.0150361166799 0.0295240276541 0.0241976635392 0.0215844887157 0.00508431590975 -0.00356094033151 0.00247621549445 0.0149206277347 0.00646442625493 0.0235533572772 0.0145425572826 0.00988875149899 0.0386402438858 0.00541761961046 0.0070891579638 -0.014106646763 0.0191684466416 0.0288414430715 -0.000180063217255 0.512578954704 0.00654243851649 -0.0110603569634 0.0349210847693 -0.0121990651103 0.00939194236645 -0.00906438438257 0.0045637588239 
0.0368489583222 0.0103599226941 0.0131356076956 0.0343185882891 -0.00239540859832 0.0317710188638 0.0112189372463 0.0206546963791 0.0388915730311 0.0226378877255 0.0130052744267 0.0136124719096 0.0203536594767 0.0211759017069 0.0252959821616 0.0194340417357 0.0365557170756 0.0190628289495 0.0432005338098 0.0167589026317 0.03334764533 0.0243649085409 0.0181492093934 0.0288309286092 0.00805394663136 0.00707761605967 0.0238324365535 0.0364472920358 -0.0057709025947 0.0288452927539 -0.00147565900404 0.0216546222805 0.00654243851649 0.397525528988 0.0351560340826 0.0306973798211 -0.00156742949322 0.0318622668824 0.0236377154011 0.0271145654776 
0.00472034347476 0.0266780340734 0.0106663380618 0.00300223609332 0.0249474357977 0.0371901391506 -0.00449582703646 0.0104727058576 0.0262694108436 0.000354996405829 -0.00474623089737 0.0430505995875 0.00955206024579 0.00817242190792 0.0295469683021 0.119242972785 0.0331946550656 0.0110529282101 0.00573503349915 0.01246883408 0.0322726341356 0.0227732781817 0.00856651671314 0.00583453217091 0.0275455846965 0.0120977973205 0.0191251082976 -0.0020147450791 -0.000504773920557 -0.00183645976485 -0.000243213935883 -0.01064698157 -0.0110603569634 0.0351560340826 0.389937681332 0.0425470829101 0.0198851007321 0.00968559703967 0.0149393098912 0.0151530488941 
0.0431566989156 0.00824197117049 0.0518296353712 0.0290776061749 0.0197822664897 0.0632176909914 0.00316490460965 0.0308630950278 0.0353820191758 0.0289926539026 0.0263824090138 0.016788517369 0.0204438859456 0.0460987478061 0.032272377756 0.113153929017 0.0330365957276 0.0192167256367 0.0401291546885 0.0320771562981 0.0563629455874 0.0604789252523 0.0305212541828 0.0328093163934 0.0224319194992 0.0514698149826 0.0601909293562 0.0181311611371 0.0145320345434 0.0101791488434 0.0756338887687 0.0155067334809 0.0349210847693 0.0306973798211 0.0425470829101 0.491074811012 0.0862834149415 0.0330201003115 0.0530167030241 0.0486798217136 
0.0332633685963 0.00568024273357 0.043273276997 -0.0129474698174 0.0104121841512 0.0549574383157 0.0211051704729 0.0155400162059 0.00635600655145 0.00442044382725 0.017126796956 0.0115417417072 -0.00312680912709 0.00934407775227 0.0177097898034 0.102810595578 0.00851120252177 0.00468793668629 0.0284234435622 0.00488316731799 0.0332530025566 0.00537116353734 0.0205125602369 0.00235385935974 0.0248756972352 0.0667114753164 0.0134439217354 0.00521411509693 -0.00689696507544 0.0142905600695 0.0527131449119 -0.000161377346727 -0.0121990651103 -0.00156742949322 0.0198851007321 0.0862834149415 0.670820108905 0.00930903532667 0.0299202617536 0.0308130600354 
0.01152181541 0.00477947453581 -0.0074522363895 0.0132404157549 0.0493556093269 0.0165405557772 0.0234102569328 -0.00784054018545 0.0276519336904 0.0198046251411 0.0105339786847 0.0299994810767 0.00622288890489 0.0138921184924 0.0289135771987 0.0461495916756 0.0143231776946 0.00564808310617 0.0184130886652 0.00802122006001 0.015056121211 0.0179123007012 -0.00161467188554 0.00994384523961 0.00687391289736 0.013634353192 -0.00334217159584 0.0160636703054 -0.0081109279807 -0.000584617789097 0.0156988656236 0.0166484135115 0.00939194236645 0.0318622668824 0.00968559703967 0.0330201003115 0.00930903532667 0.796104844008 0.0225198712484 0.00433500351144 
-0.00721582290283 0.0162232574006 0.0361916595555 0.0405020207974 0.0053461118669 -0.012065354962 -0.0010961951703 0.0105874582835 0.00664164647385 0.00630338062807 0.0130525644218 0.0134964680632 0.0162897860117 0.0106099174508 0.0165746917332 0.0506049190647 0.00486395302448 0.0330691905616 0.0119746246669 0.00105570301888 0.0387331478603 0.0133991181896 0.0295479815245 -0.00619915225597 -0.000836400196117 0.01178873128 0.025714171972 -0.0110787541633 0.0109675451196 -0.0080598035577 0.193319580992 0.0139064130035 -0.00906438438256 0.0236377154011 0.0149393098912 0.0530167030241 0.0299202617536 0.0225198712484 0.430508548852 0.0250924297617 
0.0184998366682 0.0306457564534 0.0321333850052 0.0192817165864 0.00795406209558 0.0288807492412 0.0177971911505 0.0124713635199 0.00605998786283 0.00810073836619 0.00406905773335 0.0166955532521 0.00600949325318 0.00948685044345 0.0164090909996 0.0513709869136 0.0202484860329 -0.00527513945686 0.0128083288885 0.0122248896516 0.0349000802657 0.00801160857817 0.00904772199646 0.016876933888 0.00548145458095 0.0395417187388 0.0197970197301 0.0105446506656 -0.000153263376821 0.00991032695192 0.0346083458635 0.0179314400264 0.0045637588239 0.0271145654776 0.0151530488941 0.0486798217136 0.0308130600354 0.00433500351144 0.0250924297617 0.258885033231 

['LUV', 'DIS', 'LSI', 'PPL', 'PFE', 'HOT', 'CAG', 'CA', 'AGN', 'RRD', 'PAYX', 'WYE', 'CPB', 'VFC', 'CTAS', 'NVDA', 'AN', 'PCG', 'HUM', 'HRB', 'DE', 'AZO', 'AMGN', 'USB', 'TLAB', 'KLAC', 'MEL', 'GT', 'MYL', 'IPG', 'BJS', 'PBG', 'JCI', 'AET', 'HAS', 'KBH', 'JBL', 'SYK', 'DVN', 'CBE']