50
0.0362094771936 0.0436219100546 0.242072249725 0.0482651065397 0.0511846892664 0.0435638119902 0.0313696733512 0.0952881581377 0.0610020106181 0.0388313797841 0.00399952409326 0.0634276035435 0.0151091702759 0.0773240107923 0.037496284255 0.153319254475 0.0267221777707 0.0439476996979 0.107116270008 0.0202574279786 0.0707348977441 0.0125032911957 0.0753619397022 0.106415927512 0.0669692816613 0.029419367 0.0613427887106 0.0472748306646 0.0754552666066 0.0449680709256 0.0331056926512 0.0113752176021 0.050100863095 0.0363496030559 0.0501483555771 0.0682562642732 0.0448147494519 0.0733521468466 0.0314514366364 0.0743441041655 0.0843714281037 0.0168064994581 0.0155341374053 0.0384738749472 0.0163484450471 0.239728898705 0.0240188564254 0.0246645675501 0.0522861094618 0.00361039022472 
0.244745936079 0.0568896990797 0.0458664912069 0.0190558017843 0.00652383723765 -0.00301506807057 0.0298292615926 0.0352048165016 0.017169344685 0.00425014221781 0.0124118176865 0.0134431748798 0.0163869206692 0.0254959708733 0.0313486313861 0.0285652173736 0.0180751540038 0.0043770211858 0.0103773738241 0.0155765141724 0.0142341272786 0.0130491362022 -0.0101682294974 0.0282899770816 0.0262636483982 0.00540229613559 -0.00639401863645 -0.00727452721469 0.0156498048605 0.00522668640196 0.0290786525675 0.0104711291861 0.0271579522552 0.0117345227213 0.0317222415601 0.021101726158 0.0265943610724 0.0153005355044 0.0347118811905 0.0281771803013 0.00672003288153 0.00964630112272 0.0144956467379 0.0158752106126 0.00265656188353 0.0260207804525 0.0241866887755 0.0151835925281 0.0215889559587 0.00852069678842 
0.0568896990797 0.294532188781 0.0575923911293 0.012779558448 0.0319845526922 0.0103967922398 0.0191525117439 0.0714368219566 0.01205549176 0.0114533505652 0.0196746763414 0.0198427451204 0.0114654455289 0.0502845139831 0.030212188778 0.0252952021259 0.0277059367344 0.00559812201491 0.0294162428234 0.0253037666835 0.0107170057536 0.00861843730326 -0.000638514531914 0.0399271730676 0.0197272398564 0.0210866095304 0.0104566336143 0.0161888413869 0.0154585670269 0.0303299025849 0.0456956051629 0.0107392559364 0.0340838086317 0.0284405446117 0.0263236025285 0.0150762170424 0.0172775582152 -0.0117686706668 0.0417464162103 0.00743270111112 0.00854775013054 0.0121970377385 -0.0176332832459 0.0157230695501 0.0149120046287 0.0104530978004 0.000655163605506 0.0502660819475 0.0315294058257 0.00388253126997 
0.0458664912069 0.0575923911293 0.653532000543 0.0131356223492 0.0338397160724 0.0151780821259 0.0248130564373 0.0735679760169 0.0488396949169 -0.0015400529927 0.0139615339591 0.056911640126 0.0281512391691 0.0466642292516 0.0251449345872 0.0814027550646 0.00843679021145 0.026133707432 0.0438177674904 0.0594771097835 0.0273239970614 0.00511394518927 0.0779782142118 0.0643890568539 0.0721740727151 0.0120270161215 0.0337267444191 0.00988270113303 0.00792690460609 0.0240845203986 0.0374433666802 0.00829741596826 0.0749534618289 0.0203800280471 0.0700279624648 0.0701849290807 -0.00737447097571 0.0554772466875 0.0189080968571 0.0249280050629 0.103821739422 -0.00168240089587 0.00667232144659 0.0381962628558 0.00643570946365 0.109020291998 0.0488435055701 0.0123428026578 0.0415769824211 0.0200185894484 
0.0190558017843 0.012779558448 0.0131356223492 0.303112770633 0.0222398122306 0.0144638202629 0.0215137149186 0.0344914305594 0.017202971101 0.00888077474581 0.0139681471846 0.036307712256 0.0184821299876 0.0198478098247 0.0243386701454 0.0132391086315 0.0180837708301 0.0091148010467 0.0444015362312 0.0287232938853 0.0131547816524 0.0272619306804 0.021385754014 0.00573383442156 0.0276370043452 0.00704523133365 0.000900328337902 0.0188756176142 0.0181944083301 0.0228719511714 -0.0007108658768 0.027559870075 0.00677411228755 0.00538808168641 0.0206096540175 0.0182090982911 -0.000689844953284 0.0144544431537 0.0140514388153 0.0257207480493 0.0126360724363 0.022738651613 0.00813159616369 0.00224237491314 0.00201097779477 0.025540746128 0.0110507980624 0.0255048143396 0.0187938600609 0.0252942131811 
0.00652383723765 0.0319845526922 0.0338397160724 0.0222398122306 0.329848438679 -0.000514432439766 0.00681282120247 0.0337043976142 0.0246781730974 0.0258498759107 0.00302770898743 0.00666700002387 0.00151292040025 0.0172609292521 0.00231333793581 -4.51266521763e-05 0.00869655998025 0.000448117117018 0.0285554361983 0.0480508519886 0.00452478031311 0.0196625202047 0.00576233168627 0.0296677088231 0.0486821130482 0.000861554494289 0.00836861498623 -0.00419715025328 0.01184089912 0.00359145016253 0.0102638119093 -0.00134539319618 0.0190497301155 0.00519602855853 0.00805925553417 0.00451127792886 0.0295403781109 0.0146669597689 -0.00147758882001 -0.0204134046162 0.00748782514468 0.00555513958336 -0.00539128969952 -0.00153877618683 0.00328098913986 0.0493685158607 0.0102019024631 -0.0123404623331 0.0401949535501 0.0141001453723 
-0.00301506807057 0.0103967922398 0.0151780821259 0.0144638202629 -0.000514432439766 0.258209200722 0.0154406905279 0.00295051824686 0.00012795537662 -0.000392149021304 0.00869401821981 0.0217614071514 -0.00105478282183 0.0175447727048 0.0195780357489 0.00239897538955 0.0227245866919 0.00534738837515 0.00401931250976 0.00459218854482 0.0176146128139 0.0286554716762 0.00612538536624 0.00213210307952 0.000901646265293 0.0232931487426 0.10187147242 0.0117195576653 0.0103713238182 0.0131258916946 0.0158580783003 0.0170783841582 0.0184785597499 0.0113910430917 0.0065331050945 -0.00146858612976 -0.00475075865016 0.0180586362093 0.0208895888959 -0.00440987791354 -0.00894880654505 0.01090055893 0.000311879630876 0.0119531822746 0.0174592040684 0.00487181575169 0.00454932740829 0.020133850014 0.00708118828617 0.0118871030999 
0.0298292615926 0.0191525117439 0.0248130564373 0.0215137149186 0.00681282120247 0.0154406905279 0.170463214274 0.00607963703927 0.0159131679742 0.0104530236984 0.00299485735081 0.00607194127239 0.0205089003165 0.0276623351513 0.00882885835771 0.00842520427037 0.0164697173447 0.0077125388923 0.0170116252364 0.0155152412508 0.00370449619174 0.00161330134994 0.00804609907058 0.0140236731182 0.0125365658338 0.017265381685 0.0098156586615 0.00141290609307 0.0117040943513 0.0507807474801 0.0200713301645 0.00983606149121 0.0149788338053 0.00654195955406 0.0142378555741 0.00976170392127 0.0115773297862 0.0224196128727 0.0199800037369 0.0108992736096 0.0271720859701 0.00870018948923 0.0186759987989 0.0156286724399 0.0135096447028 0.00493500742 0.017351447441 0.0123256998527 0.0145073275976 0.000824786265375 
0.0352048165016 0.0714368219566 0.0735679760169 0.0344914305594 0.0337043976142 0.00295051824686 0.00607963703927 0.491367948433 0.0133843331257 0.0600306511166 0.00272829841987 0.0239201728997 0.0180042165274 0.243747297123 0.0202798590138 0.0505492056439 0.0355929707113 0.021219887196 0.0461948586285 0.0471053259441 0.0300607846864 0.0356839665265 0.050173653183 0.0601590861707 0.0450761631223 0.0109286489431 0.0185886849234 0.0132223341922 0.0571942649299 0.0189354871311 0.0443251977756 0.0352927797303 0.0304184086647 0.0245613813358 0.0491755119721 0.0392655682134 0.00385205953219 0.0197256676007 0.0325688751521 0.0713819996013 0.0273853206784 0.0145575109502 -0.00338145413208 0.0205648129407 0.00864702785511 0.079240892462 0.0126287468958 0.0319745461197 0.0247357116102 0.0257600968679 
0.017169344685 0.01205549176 0.0488396949169 0.017202971101 0.0246781730974 0.00012795537662 0.0159131679742 0.0133843331257 0.419182173819 0.00320525545444 0.00450067484329 0.016620476911 0.0108606723697 0.00521932729427 0.00965244984849 0.0129832969252 0.0150307699013 0.0140147862281 0.0321257038872 0.022723670631 -0.00956256284192 0.00146485732772 0.0225479376432 0.0378514742722 0.0226127527055 0.00432941659915 0.0126449534107 -0.00241257709968 0.0121472363646 0.0143243711846 0.0109657284801 0.000232388222036 0.00431015421459 0.00861927150518 0.00388465384544 0.019929526834 0.0078407936456 0.00113268411421 0.0117601585852 0.0229076144118 0.0200842131012 0.00673240490084 0.00807203346037 -0.000433459424848 0.012501031198 0.0717272546561 0.00968192208158 0.0123492394959 -0.00307254025971 0.023428470705 
0.00425014221781 0.0114533505652 -0.0015400529927 0.00888077474581 0.0258498759107 -0.000392149021304 0.0104530236984 0.0600306511166 0.00320525545444 0.382090620245 0.00295614268856 0.0309784789264 0.0136460661898 0.0519119042927 0.00416735959241 0.0191067795849 0.0071804420833 0.0089733745116 0.00162414719126 0.00664151071335 0.0247220045955 0.0162627080583 0.0130596987017 0.0295468747705 0.0200764063014 0.00712555509767 -0.00325764720018 0.00758652714344 0.0752565006905 0.0148933321829 -0.000597535175197 0.010041760721 0.00906311290531 0.043328470778 -0.00285543234018 0.0135118629903 0.00406787192788 0.0110918074469 0.000751847715778 0.0101651821829 0.0305259721439 0.00375246440098 0.000184332660992 0.0249492449575 0.00253354621028 0.11540275722 0.0153468800991 0.00208494964325 0.01614564766 0.0141921325895 
0.0124118176865 0.0196746763414 0.0139615339591 0.0139681471846 0.00302770898743 0.00869401821981 0.00299485735081 0.00272829841987 0.00450067484329 0.00295614268856 0.177617459954 0.000564626682088 0.00790920453539 0.00601044349543 0.0141484711687 0.0378696063043 0.0130859036972 0.0129626301023 0.0134627145389 0.0118761356719 -0.00122302913492 0.00228558300692 -0.0119013573078 0.00293138304089 0.00752084011065 0.0163225959701 0.00925562707304 0.0114921180458 0.00971654360164 0.0127756016196 0.00997483640239 0.0117284652616 0.000495010061945 0.0160017254321 0.0113275562924 0.0170922321643 -0.000838121779994 0.00367951806286 0.0223026642873 0.0275737862824 0.00118137703964 0.00125802711739 0.0111940434839 0.00416444563837 0.0186820094058 0.0242794977724 0.0126184471049 0.0109257358073 0.0128769571228 0.0178001449422 
0.0134431748798 0.0198427451204 0.056911640126 0.036307712256 0.00666700002387 0.0217614071514 0.00607194127239 0.0239201728997 0.016620476911 0.0309784789264 0.000564626682088 0.380717050851 0.00569440828536 0.0241913874329 0.0180832839541 0.0301784074563 0.0223464024592 -0.00122996758449 0.0362385684795 0.0269180791642 0.0188302341297 -0.00813787281406 0.0378343454797 0.0542412879921 0.0150420436061 0.00797557949204 0.0114449201423 0.000752798881434 0.0494123302026 0.0209206279622 0.0109240972863 0.00974145740372 0.021390534516 0.00133543175871 0.0128612289468 -0.00368808073153 0.0213765641223 0.00460464648364 0.0210882642619 0.0186523914834 0.00984022224833 0.00870616061895 0.0194234300661 0.0133491600265 0.0205815456845 0.0387234659426 0.0229994426207 0.0175767252187 0.0345948175607 0.0290302787212 
0.0163869206692 0.0114654455289 0.0281512391691 0.0184821299876 0.00151292040025 -0.00105478282183 0.0205089003165 0.0180042165274 0.0108606723697 0.0136460661898 0.00790920453539 0.00569440828536 0.1537437567 0.0102077736475 0.0123208588174 0.0175719393121 0.0076479308161 0.0121392561665 0.0113992743309 0.0145784198716 0.00928523416591 0.0132648757971 0.00403508851313 0.00098131381802 0.00417572940267 0.00401155132982 0.0147768140859 0.0101829758573 0.0162707958062 0.0167461457968 0.012315557035 0.0168047406834 0.0130169500154 0.0146401750372 0.00361311313278 0.0215013228347 -0.00183993275492 0.0165167601161 0.00584519871729 0.0132301932323 -0.00960501535172 0.00490835207012 -0.0068914167137 0.0171088928838 0.0102699914039 0.0122557341392 0.012546649565 0.0232771382508 0.0142051086346 0.0120410561932 
0.0254959708733 0.0502845139831 0.0466642292515 0.0198478098247 0.0172609292521 0.0175447727048 0.0276623351513 0.243747297123 0.00521932729427 0.0519119042927 0.00601044349543 0.0241913874329 0.0102077736475 0.400778400816 0.0191688807377 0.0586993307759 0.036493450318 0.00931162460537 0.0391502364731 0.0279074648688 0.00569372485798 0.0281659642849 0.0543721347786 0.0448920041746 0.0465446249269 0.0150498991085 0.020639541424 0.0241719692978 0.0684726616339 0.0151555835344 0.0212095899524 0.0303176839897 0.0377306183871 0.0232469182495 0.0289973409319 0.0308931299145 0.0194455894087 0.037309095258 0.0371354779439 0.0636533071744 0.0210599635082 0.0179141778036 0.00668644461908 0.0118526728301 0.014350983775 0.0898848566046 0.0312545650969 0.0315135735392 0.0388259656902 0.0228199172952 
0.0313486313861 0.030212188778 0.0251449345872 0.0243386701454 0.00231333793581 0.0195780357489 0.00882885835771 0.0202798590138 0.00965244984849 0.00416735959241 0.0141484711687 0.0180832839541 0.0123208588174 0.0191688807377 0.236094947573 0.0256581620959 0.0221154572212 -0.000464676334607 0.0338234317342 0.00991015256806 0.0167554128088 0.00882657557066 0.00724337282567 0.0209685249503 0.0324324438759 0.0210665713035 0.00427647315196 0.0093826423969 0.0141522202607 0.00843005566295 0.00423786199093 0.0175052797121 0.0129420947015 0.0174478620017 0.012875715501 0.0131180503357 0.00337410411547 0.0632783739201 0.0410361541176 0.0139098733089 0.00379168172742 0.00311330706288 0.0241319188711 8.60648757202e-05 0.028930665193 0.0136053368681 0.0182688383759 0.0239011631621 0.0309446030955 0.0246514768817 
0.0285652173736 0.0252952021259 0.0814027550646 0.0132391086315 -4.51266521764e-05 0.00239897538955 0.00842520427037 0.0505492056439 0.0129832969252 0.0191067795849 0.0378696063043 0.0301784074563 0.0175719393121 0.0586993307759 0.0256581620959 0.604096589742 0.0126639374558 0.0130569491447 0.0393642421741 0.0199790647344 0.0153776173282 0.0307201687568 -0.00345039951797 0.0557676441387 0.0373536835234 -0.000123523643241 0.00948796334022 0.00846682080399 0.0435223458607 0.0069852780582 0.000795595858443 0.0104530100235 0.00253876841137 0.0245402600057 0.0240159662315 0.0312119171355 0.0282717868779 0.00781770484102 0.0391995019019 0.0414586965039 0.0280120452793 0.0114540367616 0.0240335137133 -0.00259239545896 0.0297031734884 0.139037300474 0.0294129853718 0.0308818444347 0.0491840229691 0.00563567169668 
0.0180751540038 0.0277059367344 0.00843679021144 0.0180837708301 0.00869655998025 0.0227245866919 0.0164697173447 0.0355929707113 0.0150307699013 0.0071804420833 0.0130859036972 0.0223464024592 0.0076479308161 0.036493450318 0.0221154572212 0.0126639374558 0.17847153589 0.00107559279474 0.0188257526851 0.0261893432827 0.0112902788214 0.00217882078699 0.0318851948726 0.00217999148222 0.0142477720189 0.0361552815033 0.0180167838804 0.00952959190906 0.0178806641579 0.0238221519945 0.0391530037599 0.0114760860257 0.0156852229905 0.00268995429874 0.0201259203208 0.007265338497 0.00311295599501 0.0134179421544 0.0204478830357 0.00183676291438 0.0177151303805 0.0240179812263 0.00152124261715 0.0138181634411 0.0379756840888 0.0301871953172 0.014204723802 0.0276008676607 0.0100109279283 0.0294222476429 
0.0043770211858 0.00559812201491 0.026133707432 0.0091148010467 0.000448117117018 0.00534738837515 0.0077125388923 0.021219887196 0.0140147862281 0.0089733745116 0.0129626301023 -0.00122996758449 0.0121392561665 0.00931162460537 -0.000464676334607 0.0130569491447 0.00107559279474 0.18197138172 0.0143928637731 0.0105685783625 0.00441432931474 0.000613850885283 0.0069697657339 -0.000627209381603 -0.000299393146898 0.000191802513037 0.00958224890694 0.0531035744911 -0.00329150528045 0.0141658340145 0.00316107707916 -0.0141512414833 0.00974663786684 0.00749903063188 0.00226616802735 0.00918701589218 0.00758488305253 0.0248561323325 -0.00236531942662 0.00829921107674 0.0132706435529 0.0083893437558 0.00855405802333 0.0168189198915 0.0054299013849 0.0112609016566 0.015959952452 0.00284782066851 -0.00202062974195 0.00988487467675 
0.0103773738241 0.0294162428234 0.0438177674904 0.0444015362312 0.0285554361983 0.00401931250976 0.0170116252364 0.0461948586285 0.0321257038872 0.00162414719126 0.0134627145389 0.0362385684795 0.0113992743309 0.0391502364731 0.0338234317342 0.0393642421741 0.0188257526851 0.0143928637731 0.523376470616 0.0459873901348 0.00815054536471 0.0156878585673 0.0321912122831 0.0838436761654 0.0257068838314 0.0105126178025 0.0227608963538 0.00126912631848 0.0200678412003 0.0145034854202 0.00388592365284 0.0285597074838 0.0142710161695 0.00651618960543 0.0200570625918 0.0336235331375 0.0278786467567 -0.00391353111218 0.00616357531572 0.0630165399939 0.0112776866466 0.00334596995048 0.000399395416333 -0.000387538414772 0.0243845285847 0.131908909695 0.0261630050826 0.0187996193034 0.0482805737649 0.00661169110076 
0.0155765141724 0.0253037666835 0.0594771097835 0.0287232938853 0.0480508519886 0.00459218854482 0.0155152412508 0.0471053259441 0.022723670631 0.00664151071335 0.0118761356719 0.0269180791642 0.0145784198716 0.0279074648688 0.00991015256806 0.0199790647344 0.0261893432827 0.0105685783625 0.0459873901348 0.266506628781 0.00412972893491 0.00749767377705 0.00657221126325 0.0311197407748 0.0319422200862 0.0145467724398 0.00539902994674 0.0115515819218 0.0445614704969 0.0119340816838 0.0141791490625 0.0172290846348 0.0212499535172 0.0202859241823 0.0591980166753 0.0283295559425 0.014112758439 -0.00615405900939 0.0146950687708 0.00477859557177 0.0107708007713 0.0047377080094 0.012158062182 0.00247629911667 0.0103863126579 0.0419508654387 0.0116195790965 0.0173162939948 0.0276323668571 0.013817557303 
0.0142341272786 0.0107170057536 0.0273239970614 0.0131547816524 0.00452478031311 0.0176146128139 0.00370449619174 0.0300607846864 -0.00956256284192 0.0247220045955 -0.00122302913492 0.0188302341297 0.00928523416591 0.00569372485798 0.0167554128088 0.0153776173282 0.0112902788214 0.00441432931474 0.00815054536471 0.00412972893491 0.303408986145 -0.00343837833941 -0.000982546831186 0.00842652573538 0.00474038202908 0.0122422857589 0.012393638517 0.00228334889989 0.01538714681 -0.00579295466143 0.0168953995656 -0.00161460555131 0.018204622834 -0.000741819646711 0.0117546568386 0.00864024022527 0.0119733757528 0.000994574912387 0.0243169880149 -0.00596819114985 0.0213683742295 0.0157346411601 0.000617958349698 0.0195550967561 0.0103612708217 0.0338702609821 0.00947618412826 0.0149027161725 -0.00311213085299 0.00504807944697 
0.0130491362022 0.00861843730326 0.00511394518927 0.0272619306804 0.0196625202047 0.0286554716762 0.00161330134994 0.0356839665265 0.00146485732772 0.0162627080583 0.00228558300692 -0.00813787281407 0.0132648757971 0.0281659642849 0.00882657557066 0.0307201687568 0.00217882078699 0.000613850885283 0.0156878585673 0.00749767377705 -0.00343837833941 0.277556244311 -0.019552762491 0.0112345021186 0.0284742629252 0.00491174453812 0.00817435818269 -0.00025319240635 0.0181525488196 0.0133360157248 -0.0101610846986 0.0134940860722 0.00767869817767 0.00401677815757 0.013169834832 0.0168479340485 -0.00145483685062 0.00612780864334 0.0191551086976 0.062374231435 0.00142769617657 0.00441235615653 0.0256893017285 0.0210144248305 -0.00153903879308 0.0145546709937 0.007529608427 0.0183838123752 0.023640065761 0.0101057655121 
-0.0101682294974 -0.000638514531915 0.0779782142118 0.021385754014 0.00576233168627 0.00612538536624 0.00804609907058 0.050173653183 0.0225479376432 0.0130596987017 -0.0119013573078 0.0378343454797 0.00403508851313 0.0543721347786 0.00724337282567 -0.00345039951797 0.0318851948726 0.0069697657339 0.0321912122831 0.00657221126324 -0.000982546831186 -0.019552762491 0.378820022884 0.026839366934 0.00610421778628 0.0305515280636 0.0205110349125 0.00879329752012 0.0191358548782 0.0242161515944 0.0400409942283 -0.00235665754913 0.0170517803381 0.00159364232247 0.0226043451178 0.0181305963363 0.00816605616505 0.0106280135315 -0.00313979207024 -0.00416622392779 -0.00754275262422 0.0119093134799 0.0106207025639 0.0191710212231 0.0318611814827 0.0540365468425 0.00908936949678 0.00198261556308 0.0262957412713 -0.00622564922216 
0.0282899770816 0.0399271730676 0.0643890568539 0.00573383442156 0.0296677088231 0.00213210307952 0.0140236731182 0.0601590861707 0.0378514742722 0.0295468747705 0.00293138304089 0.0542412879921 0.00098131381802 0.0448920041746 0.0209685249503 0.0557676441387 0.00217999148222 -0.000627209381602 0.0838436761654 0.0311197407748 0.00842652573538 0.0112345021186 0.026839366934 0.603614647318 2.1596723707e-05 0.00600463664627 -0.00217770861527 0.00442261219532 0.0437114469208 0.000199043625705 0.0100281770839 0.0112941237229 0.017706287857 0.0109729808653 0.0151875838432 0.0329101158253 0.00861917924317 -0.00895026978819 0.0123748013691 0.0105563524318 0.013882746964 0.0173181812227 0.00707571756218 0.00538924809309 0.00931934795338 0.0953174023692 0.034872070974 0.0109927367509 0.0350130488353 0.0197698360921 
0.0262636483982 0.0197272398564 0.0721740727151 0.0276370043452 0.0486821130482 0.000901646265293 0.0125365658338 0.0450761631223 0.0226127527055 0.0200764063014 0.00752084011065 0.0150420436061 0.00417572940267 0.0465446249269 0.0324324438759 0.0373536835234 0.0142477720189 -0.000299393146898 0.0257068838314 0.0319422200862 0.00474038202908 0.0284742629252 0.00610421778628 2.15967237069e-05 0.469060166344 0.000119249738043 0.0129844586777 -0.00527771970908 0.0285172588315 0.00277162983339 -0.00389339411095 0.00505889307879 0.0281902968449 0.00854041612069 0.0139832355468 0.0174819345625 -0.00123308314711 -0.00571273100348 0.022731415298 0.0275937321792 0.0392809315628 0.018820669613 0.0104069776317 0.0151577937321 0.00608521675392 0.0773003277707 0.0142948447127 0.00604562220541 0.036554817312 0.0119593920847 
0.00540229613559 0.0210866095304 0.0120270161215 0.00704523133365 0.00086155449429 0.0232931487426 0.017265381685 0.0109286489431 0.00432941659915 0.00712555509767 0.0163225959701 0.00797557949204 0.00401155132982 0.0150498991085 0.0210665713035 -0.000123523643241 0.0361552815033 0.000191802513037 0.0105126178025 0.0145467724398 0.0122422857589 0.00491174453812 0.0305515280636 0.00600463664627 0.000119249738042 0.202641247166 0.0113119451409 0.0123691375269 0.0180811120477 0.0157762104768 0.0358560104957 0.0128544886197 0.00997215479545 0.0150044928676 0.00922762987574 -0.00637851145439 0.000548002241488 0.0256967412859 0.00968368792501 0.00553736757739 0.0102661448246 0.00624459028993 0.00558222175213 0.00506327387884 0.0438269683483 0.0220134542537 -0.00213603461443 0.0130358103417 0.00419647633666 0.0132933458482 
-0.00639401863645 0.0104566336143 0.0337267444191 0.000900328337903 0.00836861498623 0.10187147242 0.0098156586615 0.0185886849234 0.0126449534107 -0.00325764720018 0.00925562707304 0.0114449201423 0.0147768140859 0.020639541424 0.00427647315196 0.00948796334022 0.0180167838804 0.00958224890694 0.0227608963538 0.00539902994674 0.012393638517 0.00817435818269 0.0205110349125 -0.00217770861527 0.0129844586777 0.0113119451409 0.256901598815 0.0138956573182 0.00631164317222 0.0148076432197 0.0148184834707 0.014261453123 0.0216758507145 0.0140896313196 0.00801766664065 0.00509432380006 -0.0115510763912 0.00607774548756 0.00238665550901 0.0116480667948 0.0083297945236 0.0061588150018 -0.00480520191903 0.00999699754055 0.0218987137447 -0.000482766983279 0.0066448909115 0.00138948172374 0.00853992477441 0.000280401866561 
-0.00727452721469 0.0161888413869 0.00988270113303 0.0188756176142 -0.00419715025328 0.0117195576653 0.00141290609307 0.0132223341922 -0.00241257709968 0.00758652714344 0.0114921180458 0.000752798881434 0.0101829758573 0.0241719692978 0.0093826423969 0.00846682080399 0.00952959190906 0.0531035744911 0.00126912631848 0.0115515819218 0.00228334889989 -0.00025319240635 0.00879329752012 0.00442261219532 -0.00527771970908 0.0123691375269 0.0138956573182 0.34681058482 0.000421945404958 0.0105881019448 0.00116653429786 0.00206109409475 0.00591383808287 0.0295414878283 -0.00149453381636 0.000344663730354 0.0104651908508 0.0273700246404 0.0100015839413 0.0139586969207 0.0151607138916 0.0525517188205 -0.00490865485832 0.00629570673487 0.00498205114199 0.00015971453027 0.0486409009133 0.00437826184942 -0.000882154733332 0.00858328589672 
0.0156498048605 0.0154585670269 0.00792690460609 0.0181944083301 0.01184089912 0.0103713238182 0.0117040943513 0.0571942649299 0.0121472363646 0.0752565006905 0.00971654360164 0.0494123302026 0.0162707958062 0.0684726616339 0.0141522202607 0.0435223458607 0.0178806641579 -0.00329150528045 0.0200678412003 0.0445614704969 0.01538714681 0.0181525488196 0.0191358548782 0.0437114469208 0.0285172588315 0.0180811120477 0.00631164317222 0.000421945404958 0.658265109351 0.00331358989001 0.0201749238758 0.021909124346 0.0142097217145 0.0346196037274 0.014268745117 0.0149499466162 0.0150694934001 0.0309933115754 0.014220596006 0.024847393415 0.00940244726782 0.0169839503064 0.00628599957682 0.00906646660274 0.0152853424497 0.0479608860118 0.0160633863718 0.0132539692598 0.0388409006552 0.00911587244606 
0.00522668640196 0.0303299025849 0.0240845203986 0.0228719511714 0.00359145016253 0.0131258916946 0.0507807474801 0.0189354871311 0.0143243711846 0.0148933321829 0.0127756016196 0.0209206279622 0.0167461457968 0.0151555835344 0.00843005566295 0.0069852780582 0.0238221519945 0.0141658340145 0.0145034854202 0.0119340816838 -0.00579295466143 0.0133360157248 0.0242161515944 0.000199043625705 0.00277162983339 0.0157762104768 0.0148076432197 0.0105881019448 0.00331358989001 0.187063153991 0.00870006111945 0.0205946518896 0.00302565769253 0.00487390380284 0.0106657414364 0.00722064290701 0.0123953490519 0.0243582975272 0.021210847985 0.0136881791985 -0.00184882556243 0.00789515591842 0.00632205918912 0.00101690631965 0.0114058754391 0.0256190934218 0.016083473459 0.0302194024637 0.0161296508922 0.00743419355123 
0.0290786525675 0.0456956051629 0.0374433666802 -0.000710865876799 0.0102638119093 0.0158580783003 0.0200713301645 0.0443251977756 0.0109657284801 -0.000597535175197 0.00997483640239 0.0109240972863 0.012315557035 0.0212095899524 0.00423786199093 0.000795595858443 0.0391530037599 0.00316107707916 0.00388592365284 0.0141791490625 0.0168953995656 -0.0101610846986 0.0400409942283 0.0100281770839 -0.00389339411095 0.0358560104957 0.0148184834707 0.00116653429786 0.0201749238758 0.00870006111945 0.200751722295 0.0144504950926 0.0109793824979 0.00834472976195 0.0200075168527 0.00339832901074 0.0143475628702 0.0187661444543 0.0302052778466 0.00225353334961 0.00996244416832 0.00960740603842 0.00211447944724 0.0249654719046 0.0550494298473 0.0244118402116 -0.0021373675839 0.0137813528469 0.00326605291258 0.00495527325301 
0.0104711291861 0.0107392559364 0.00829741596826 0.027559870075 -0.00134539319618 0.0170783841582 0.00983606149121 0.0352927797303 0.000232388222036 0.010041760721 0.0117284652616 0.00974145740372 0.0168047406834 0.0303176839897 0.0175052797121 0.0104530100235 0.0114760860257 -0.0141512414833 0.0285597074838 0.0172290846348 -0.00161460555131 0.0134940860722 -0.00235665754913 0.0112941237229 0.00505889307879 0.0128544886197 0.014261453123 0.00206109409475 0.021909124346 0.0205946518896 0.0144504950926 0.220017891475 0.00813654354603 0.0224835918926 0.0326071990903 0.00842691756823 0.0252159690976 0.00672427988456 0.00901962378935 0.0207878510694 0.0130079269133 0.00736116590659 -0.000413299592548 0.0249818639688 0.0127375770632 0.0278609424482 0.00964311199424 0.00966448950736 0.0301895171717 0.0176740056445 
0.0271579522552 0.0340838086317 0.0749534618289 0.00677411228755 0.0190497301155 0.0184785597499 0.0149788338053 0.0304184086647 0.00431015421459 0.00906311290531 0.000495010061945 0.021390534516 0.0130169500154 0.0377306183871 0.0129420947015 0.00253876841137 0.0156852229905 0.00974663786684 0.0142710161695 0.0212499535172 0.018204622834 0.00767869817767 0.0170517803381 0.017706287857 0.0281902968449 0.00997215479545 0.0216758507145 0.00591383808287 0.0142097217145 0.00302565769253 0.0109793824979 0.00813654354603 0.29657479337 0.00801429475802 0.0473776259719 0.0239679353211 0.0229699790645 0.0415547519599 0.0111165613657 0.0322113139983 0.0170806151877 0.00379231790594 -0.000137389777336 0.0191249008867 0.0106723245207 0.0235187477086 0.024478271069 0.0174939266517 0.0236180601417 0.00639435219362 
0.0117345227213 0.0284405446117 0.0203800280471 0.00538808168641 0.00519602855853 0.0113910430917 0.00654195955406 0.0245613813358 0.00861927150518 0.043328470778 0.0160017254321 0.00133543175871 0.0146401750372 0.0232469182495 0.0174478620017 0.0245402600057 0.00268995429874 0.00749903063188 0.00651618960543 0.0202859241823 -0.000741819646711 0.00401677815757 0.00159364232247 0.0109729808653 0.00854041612069 0.0150044928676 0.0140896313196 0.0295414878283 0.0346196037274 0.00487390380284 0.00834472976195 0.0224835918926 0.00801429475802 0.304642731081 0.0152772246075 0.0116416244372 0.036840998162 0.0205331649169 0.0105897025267 0.0177035379418 -0.00370095868681 0.0327943761736 0.00343955261596 0.0236159777321 0.00494172720977 0.0535589197542 0.00973120949384 0.0100326701221 0.0048213289163 0.00935120706824 
0.0317222415601 0.0263236025285 0.0700279624648 0.0206096540175 0.00805925553417 0.0065331050945 0.0142378555741 0.0491755119721 0.00388465384544 -0.00285543234018 0.0113275562924 0.0128612289468 0.00361311313278 0.0289973409319 0.012875715501 0.0240159662315 0.0201259203208 0.00226616802736 0.0200570625918 0.0591980166753 0.0117546568386 0.013169834832 0.0226043451178 0.0151875838432 0.0139832355468 0.00922762987573 0.00801766664065 -0.00149453381635 0.014268745117 0.0106657414364 0.0200075168527 0.0326071990903 0.0473776259719 0.0152772246075 0.257092942721 0.0211599185204 0.00484521479929 0.00234848834315 0.0179043404706 0.0225642255127 0.0249903775528 0.0109348198876 0.0181352558802 0.0206398804989 0.00221230585287 0.0330674764907 0.0225142754039 0.0159412976922 0.0189686588077 0.00440482308763 
0.021101726158 0.0150762170424 0.0701849290807 0.0182090982911 0.00451127792886 -0.00146858612976 0.00976170392127 0.0392655682134 0.019929526834 0.0135118629903 0.0170922321643 -0.00368808073153 0.0215013228347 0.0308931299145 0.0131180503357 0.0312119171355 0.007265338497 0.00918701589218 0.0336235331375 0.0283295559425 0.00864024022527 0.0168479340485 0.0181305963363 0.0329101158253 0.0174819345625 -0.00637851145439 0.00509432380006 0.000344663730354 0.0149499466162 0.00722064290701 0.00339832901075 0.00842691756823 0.0239679353211 0.0116416244372 0.0211599185204 0.374028170368 -0.00520212440839 0.0124208932577 0.0174846772231 0.0452662683524 0.0219102862718 0.00984140738907 0.0182177643438 0.00922072828031 0.0105047883437 0.061233553234 0.0196378823133 0.00808678725327 0.0275011364394 -0.0028403464287 
0.0265943610724 0.0172775582152 -0.00737447097571 -0.000689844953284 0.0295403781109 -0.00475075865016 0.0115773297862 0.00385205953219 0.0078407936456 0.00406787192788 -0.000838121779994 0.0213765641223 -0.00183993275492 0.0194455894087 0.00337410411547 0.0282717868779 0.00311295599501 0.00758488305253 0.0278786467567 0.014112758439 0.0119733757528 -0.00145483685062 0.00816605616505 0.00861917924317 -0.00123308314711 0.000548002241488 -0.0115510763912 0.0104651908508 0.0150694934001 0.0123953490519 0.0143475628702 0.0252159690976 0.0229699790645 0.036840998162 0.00484521479929 -0.00520212440839 0.467047300168 0.0150334526065 0.00567140692841 -0.0121846255351 0.0422877014552 0.00191142370281 0.00398175850883 -0.00019375712139 0.00661815431159 0.0298834283608 0.0194318350125 0.0106954058754 0.0240637886171 -0.00694098979819 
0.0153005355044 -0.0117686706668 0.0554772466875 0.0144544431537 0.0146669597689 0.0180586362093 0.0224196128727 0.0197256676007 0.00113268411421 0.0110918074469 0.00367951806286 0.00460464648364 0.0165167601161 0.037309095258 0.0632783739201 0.00781770484102 0.0134179421544 0.0248561323325 -0.00391353111218 -0.00615405900939 0.000994574912386 0.00612780864334 0.0106280135315 -0.00895026978819 -0.00571273100348 0.0256967412859 0.00607774548756 0.0273700246404 0.0309933115754 0.0243582975272 0.0187661444543 0.00672427988456 0.0415547519599 0.0205331649169 0.00234848834315 0.0124208932577 0.0150334526065 0.431387871872 0.048488392336 0.0132391143037 0.00541170371495 0.00633558233936 0.0141027478674 0.0190098673165 0.0193728130956 -0.00879706658699 0.0275734631114 0.017788443646 0.0343674154424 0.0224465801543 
0.0347118811905 0.0417464162103 0.0189080968571 0.0140514388153 -0.00147758882001 0.0208895888959 0.0199800037369 0.0325688751521 0.0117601585852 0.000751847715778 0.0223026642873 0.0210882642619 0.00584519871729 0.0371354779439 0.0410361541176 0.0391995019019 0.0204478830357 -0.00236531942662 0.00616357531572 0.0146950687708 0.0243169880149 0.0191551086976 -0.00313979207024 0.0123748013691 0.022731415298 0.00968368792501 0.00238665550901 0.0100015839413 0.014220596006 0.021210847985 0.0302052778466 0.00901962378935 0.0111165613657 0.0105897025267 0.0179043404706 0.0174846772231 0.00567140692841 0.048488392336 0.173582309591 0.0183924672654 0.0191816038445 0.00791827886207 0.0174237855404 0.00837181082268 0.019097055361 0.0262149519854 0.0231223376034 0.0504931820962 0.00919782976172 0.0150879499663 
0.0281771803013 0.00743270111112 0.0249280050629 0.0257207480493 -0.0204134046162 -0.00440987791354 0.0108992736096 0.0713819996013 0.0229076144118 0.0101651821829 0.0275737862824 0.0186523914834 0.0132301932323 0.0636533071744 0.0139098733089 0.0414586965039 0.00183676291438 0.00829921107674 0.0630165399939 0.00477859557177 -0.00596819114985 0.062374231435 -0.00416622392779 0.0105563524318 0.0275937321792 0.00553736757739 0.0116480667948 0.0139586969207 0.024847393415 0.0136881791985 0.00225353334961 0.0207878510694 0.0322113139983 0.0177035379418 0.0225642255127 0.0452662683524 -0.0121846255351 0.0132391143037 0.0183924672654 0.377198801198 0.012662200479 0.0310485745172 0.0180663394522 0.00286531299229 -0.0051301955665 0.0415957410965 0.0296461697482 0.0188457430468 0.0313695630656 0.00825338190562 
0.00672003288153 0.00854775013054 0.103821739422 0.0126360724363 0.00748782514468 -0.00894880654505 0.0271720859701 0.0273853206784 0.0200842131012 0.0305259721439 0.00118137703964 0.00984022224833 -0.00960501535172 0.0210599635082 0.00379168172742 0.0280120452793 0.0177151303805 0.0132706435529 0.0112776866466 0.0107708007713 0.0213683742295 0.00142769617657 -0.00754275262422 0.013882746964 0.0392809315628 0.0102661448246 0.0083297945236 0.0151607138916 0.00940244726782 -0.00184882556243 0.00996244416832 0.0130079269133 0.0170806151877 -0.00370095868681 0.0249903775528 0.0219102862718 0.0422877014552 0.00541170371495 0.0191816038445 0.012662200479 0.857874328841 0.00900220404396 -0.00396021557032 0.0194095447227 0.00705711109855 0.0258701897595 0.0141117215545 0.00728585862421 -0.00367399652981 -0.009648370401 
0.00964630112272 0.0121970377385 -0.00168240089587 0.022738651613 0.00555513958336 0.01090055893 0.00870018948923 0.0145575109502 0.00673240490084 0.00375246440098 0.00125802711739 0.00870616061895 0.00490835207012 0.0179141778036 0.00311330706288 0.0114540367616 0.0240179812263 0.0083893437558 0.00334596995048 0.0047377080094 0.0157346411601 0.00441235615653 0.0119093134799 0.0173181812227 0.018820669613 0.00624459028993 0.0061588150018 0.0525517188205 0.0169839503064 0.00789515591842 0.00960740603842 0.00736116590659 0.00379231790594 0.0327943761736 0.0109348198876 0.00984140738907 0.00191142370281 0.00633558233936 0.00791827886207 0.0310485745172 0.00900220404396 0.203738750822 0.0115683128088 0.00512941405476 0.00566582033653 0.0104217537281 0.0305827323689 0.0263688911502 0.0159410639749 0.018621719725 
0.0144956467379 -0.0176332832459 0.00667232144659 0.00813159616369 -0.00539128969952 0.000311879630876 0.0186759987989 -0.00338145413208 0.00807203346037 0.000184332660992 0.0111940434839 0.0194234300661 -0.0068914167137 0.00668644461908 0.0241319188711 0.0240335137133 0.00152124261715 0.00855405802333 0.000399395416334 0.012158062182 0.000617958349698 0.0256893017285 0.0106207025639 0.00707571756218 0.0104069776317 0.00558222175213 -0.00480520191903 -0.00490865485832 0.00628599957682 0.00632205918912 0.00211447944724 -0.000413299592548 -0.000137389777336 0.00343955261596 0.0181352558802 0.0182177643438 0.00398175850883 0.0141027478674 0.0174237855404 0.0180663394522 -0.00396021557032 0.0115683128088 0.182301636061 0.00841613007859 0.013906285345 0.0263969515502 0.0138258331916 0.0143743752089 -0.00313426888 0.0194056170163 
0.0158752106126 0.0157230695501 0.0381962628558 0.00224237491314 -0.00153877618683 0.0119531822746 0.0156286724399 0.0205648129407 -0.000433459424848 0.0249492449575 0.00416444563837 0.0133491600265 0.0171088928838 0.0118526728301 8.60648757202e-05 -0.00259239545896 0.0138181634411 0.0168189198915 -0.000387538414772 0.00247629911667 0.0195550967561 0.0210144248305 0.0191710212231 0.00538924809309 0.0151577937321 0.00506327387884 0.00999699754055 0.00629570673487 0.00906646660274 0.00101690631965 0.0249654719046 0.0249818639688 0.0191249008867 0.0236159777321 0.0206398804989 0.00922072828031 -0.00019375712139 0.0190098673165 0.00837181082268 0.00286531299229 0.0194095447227 0.00512941405476 0.00841613007859 0.227498969696 0.00863791436561 0.0377083240056 0.00693564819853 0.00860707179449 0.00151599159002 0.0038114778756 
0.00265656188353 0.0149120046287 0.00643570946365 0.00201097779477 0.00328098913986 0.0174592040684 0.0135096447028 0.00864702785511 0.012501031198 0.00253354621029 0.0186820094058 0.0205815456845 0.0102699914039 0.014350983775 0.028930665193 0.0297031734884 0.0379756840888 0.0054299013849 0.0243845285847 0.0103863126579 0.0103612708217 -0.00153903879308 0.0318611814827 0.00931934795338 0.00608521675392 0.0438269683483 0.0218987137447 0.00498205114199 0.0152853424497 0.0114058754391 0.0550494298473 0.0127375770632 0.0106723245207 0.00494172720977 0.00221230585287 0.0105047883437 0.00661815431159 0.0193728130956 0.019097055361 -0.0051301955665 0.00705711109855 0.00566582033653 0.013906285345 0.00863791436561 0.197844604738 0.0156458437661 0.0145007873713 0.01736799383 0.0189152033505 0.00113327479288 
0.0260207804525 0.0104530978004 0.109020291998 0.025540746128 0.0493685158607 0.00487181575169 0.00493500742 0.079240892462 0.0717272546561 0.11540275722 0.0242794977724 0.0387234659426 0.0122557341392 0.0898848566046 0.0136053368681 0.139037300474 0.0301871953172 0.0112609016566 0.131908909695 0.0419508654387 0.0338702609821 0.0145546709937 0.0540365468425 0.0953174023692 0.0773003277707 0.0220134542537 -0.000482766983279 0.00015971453027 0.0479608860118 0.0256190934218 0.0244118402116 0.0278609424482 0.0235187477086 0.0535589197542 0.0330674764907 0.061233553234 0.0298834283608 -0.00879706658699 0.0262149519854 0.0415957410965 0.0258701897595 0.0104217537281 0.0263969515502 0.0377083240056 0.0156458437661 0.853514167756 0.0469388593415 0.0151393591858 0.0328742680953 0.0297936626368 
0.0241866887755 0.000655163605505 0.0488435055701 0.0110507980624 0.0102019024631 0.0045493274083 0.017351447441 0.0126287468958 0.00968192208158 0.0153468800991 0.0126184471049 0.0229994426207 0.012546649565 0.0312545650969 0.0182688383759 0.0294129853718 0.014204723802 0.015959952452 0.0261630050826 0.0116195790965 0.00947618412826 0.007529608427 0.00908936949678 0.034872070974 0.0142948447127 -0.00213603461442 0.0066448909115 0.0486409009133 0.0160633863718 0.016083473459 -0.00213736758391 0.00964311199424 0.024478271069 0.00973120949384 0.0225142754039 0.0196378823133 0.0194318350125 0.0275734631114 0.0231223376034 0.0296461697482 0.0141117215545 0.0305827323689 0.0138258331916 0.00693564819853 0.0145007873713 0.0469388593415 0.18224248479 0.0110398236713 0.0180377717935 0.0132560228079 
