50
0.0755152896869 0.197480990077 0.022369934908 0.0565521495323 0.147407151382 0.0297585566085 0.0396221554001 0.0254158643172 0.0157982173188 0.0206012582373 0.0988670942005 0.079223051944 0.044891801276 0.0391901687574 0.0168064994581 0.13159191543 0.0896788789081 0.0733521468466 0.0439476996979 0.0123991351417 0.123926899062 0.0256056876134 0.116792266476 0.0380288664812 0.0631330997176 0.0623593213805 0.0180781461794 0.0788996306534 0.022286409141 0.0289058353667 0.0124927962784 0.0220144037379 0.148705689344 0.0471087328402 0.0135350028622 0.0188066159349 0.199130076205 0.0378384564622 0.0442318588416 0.0299059053764 0.042606905642 0.0538734886168 0.0297343435849 0.0184249616408 0.0695535734162 0.0499472002084 0.0726136826411 0.0246645675501 0.0604038345904 0.015652967587 
0.787241446608 -0.00927846336727 0.0307644677456 0.00719106393048 0.0297595117515 0.0169040994795 0.00513507255651 0.00347552787354 0.00803481078319 0.00496437411226 0.00835807494231 0.00672906408034 0.068022679212 -0.00261274217744 0.0254865093756 -0.00116946357958 0.0157550475423 0.0267651703872 0.0189813721704 0.0121345029602 0.00969069684558 0.0111963133695 0.0394434540842 0.00514007263701 -0.00325775956898 0.0111425883395 0.0199601810219 0.0135468109753 -0.00188546043505 0.00663473388232 0.000663532007518 0.00125804529423 0.0305877952322 0.00584543720608 0.0271696232 -0.00603998946697 0.0863602613696 0.00372323576962 0.00851985827218 0.0199978744537 0.0270713503621 0.000621986147176 0.0162648590048 0.00710696829657 0.0060709257453 0.0492376742421 0.0544058547982 0.00767164143443 -0.00586710207208 -0.0176491737078 
-0.00927846336727 0.876431739229 0.0149515942506 0.0135175969858 0.0417369473142 0.012094802482 0.0367182407053 0.0175433232036 0.0083709435497 0.0128091959963 0.0564087495194 -0.00603058845165 -0.000476005777735 0.0150817908163 -0.00736420456821 0.0311352185389 0.0625497178527 0.0101376994239 0.0120211141222 0.00918856938687 -0.00197589748045 -0.00351945058013 0.0253048502255 0.0278089336468 0.0383830617549 0.00374237342573 0.000382128386887 -0.00255376111326 0.0214962722002 0.0371174078445 0.0496206737189 0.00717845587581 0.0241713467411 0.00909306054459 -0.00305609419682 0.0292033698583 0.019281555327 0.0190837726406 0.0286019225192 0.020694121512 0.0131452052004 0.0267474931431 0.01758730858 0.0213008836951 0.00182782898617 0.0105284048942 0.00398550463276 0.023956451374 0.0200536639258 0.0102108318242 
0.0307644677456 0.0149515942506 0.20235854923 0.0150485215523 0.00984325014288 0.0249237208277 0.0179179880769 0.016562933486 0.0164146135457 -0.00121302842154 0.0249348869604 0.0179620106384 0.0242895426987 0.0133290436509 0.0078142820717 0.0196072353926 0.0311444084269 0.0185037576808 0.0101237359648 0.0111391169535 0.0140034911889 0.00572676953287 0.00789342639283 0.0197258224817 0.0300166612472 0.0201463974275 0.0101761254533 0.00662874848176 0.00104314719178 0.0198047042049 0.0178424575647 0.0155483583621 0.0139126637696 -0.000709140545343 0.0217377046147 0.0192875413963 0.0224711787693 -0.0111364811103 0.0170736649961 0.0199883371733 0.0188899731963 0.0269476323353 0.0054134123729 0.026719824143 0.00558223327278 0.0124372742594 0.0384235665512 0.00159133249132 0.0327172206864 0.00859294403001 
0.00719106393048 0.0135175969858 0.0150485215523 0.368703005688 0.0191616712185 0.0128549059312 0.0109766354734 0.0182515384943 0.00206567464934 0.00661350329619 0.048009591869 0.0243499555956 0.0252864030224 0.00396579804274 0.00675494361137 0.021774053158 0.0267123601656 0.0108161333398 0.00860358763928 0.00286772888812 -0.00100438828607 0.0129336506208 -0.00122082345056 0.00581922848206 0.0130413717529 0.00342563599004 0.0137415543595 0.0269327857498 0.00620602971885 0.020314357084 0.0156340859858 0.0166021289879 0.0209458546953 0.013157197361 0.0130846265527 0.013296391762 0.0401556240119 0.0104536663291 0.0206668338851 0.0247428448576 -0.0100644373523 0.0258712106062 0.0075298883607 0.0251152925823 0.0182020911475 -0.00583090084122 -0.0077017778584 0.0194821594255 0.0305077157943 0.0191105892603 
0.0297595117515 0.0417369473142 0.00984325014288 0.0191616712185 0.532668568322 0.0125537784873 0.0135005217336 0.00269934712383 -0.00556753765121 0.0133849861336 0.0321597695173 0.0212335452921 0.0516140583123 0.00241721536123 0.0106792762049 0.16713592969 0.0176522613313 0.0153810430767 -0.00176389836953 0.0156396966072 0.0236373149419 -0.00510834918961 0.0443613927172 0.0199980767383 -0.00624301381776 0.0264719015201 0.0278403420942 0.0198016309337 0.00927093274673 -0.0156195451051 0.0173981905547 0.0262587438031 0.00290348752816 0.102717581863 0.0145950880166 0.0089254686348 0.0718862232255 0.0411447848951 0.0158178633993 -0.0146809254144 0.0127342139652 0.00605770162854 0.0232338217063 0.00934392164713 0.00577435488035 0.0109961097032 0.0528900251955 0.0071518605776 0.0146543148127 0.0155405980002 
0.0169040994795 0.012094802482 0.0249237208277 0.0128549059312 0.0125537784873 0.258924539905 0.0214684685462 0.029621421096 0.00932897565863 0.00792539580975 0.0239755170028 0.025568567301 0.0201725733038 0.0328836372011 0.0145551384062 0.0202288743616 0.00424070438785 0.0316310502773 0.0159163211927 0.0184820171762 0.00397318995029 0.00436604061029 0.00425807255226 0.0155047246109 0.0334186409821 0.0248692424276 -0.000671900830072 0.0161760036343 0.0102024279783 0.0183211124125 0.0119384469193 0.0140768852499 0.0232683740411 0.002639362816 0.0216151732179 0.0268478739901 0.0208212861939 0.0209250609686 0.0341349048602 0.0258910078304 0.0280138901891 0.00648269394059 0.0115908370944 0.0225583143011 0.00564723159902 -0.00351980772143 0.026797707942 0.0191487696654 0.0208145639846 0.0168600660881 
0.00513507255651 0.0367182407053 0.0179179880769 0.0109766354734 0.0135005217336 0.0214684685462 0.180092860185 0.00790569691784 0.0128741622917 0.0245524198451 0.0277783865062 0.0208682025113 0.0131111836648 0.0149784336493 0.0219118730693 0.00432584040177 0.0126233205223 0.00880554602548 0.0135058828855 0.0107954374146 0.00602110649832 0.0161801908918 0.0156662984307 0.0245886870555 0.00587589684134 0.0187627938329 0.0155143472211 0.0154024112697 0.00203655373415 0.0248015999833 0.0163657009016 0.0228463475196 0.018976846604 -0.00012131176738 0.0167462263473 0.0205384201278 0.0095836102731 0.00837192402445 0.0171477415086 0.0206200321182 0.014186039266 0.0175369007527 0.00723804989361 0.0521101349695 0.00959597960921 0.0120795388748 0.0202192464885 0.048347276895 0.0154142854985 0.00703527372454 
0.00347552787354 0.0175433232036 0.016562933486 0.0182515384943 0.00269934712383 0.029621421096 0.00790569691784 0.288504634225 0.0117468015343 0.0231126839063 0.018660874247 0.0351191763031 0.0211083253218 0.0252258835901 0.0115579564345 0.0180196331162 0.0213423148114 0.00984829216143 0.00558415932158 0.00801161105407 0.0328070551712 0.0204032115193 0.00736677687271 0.0085179293764 0.0107766011078 0.0255570604145 0.0085946867461 0.00158126307812 0.0378033478842 0.022216998606 0.00999536707669 0.00450937763717 0.0205307215334 0.0073658069272 0.0264224784849 0.0108841996251 0.0187869505023 0.027972465371 0.0111216992092 0.0192372458642 0.0140121750275 0.0164336546853 0.00214346370638 0.0102271180631 0.00925161759867 0.0207883552887 0.0248312041156 0.0151415115769 0.0367234897673 0.0202176343304 
0.00803481078319 0.0083709435497 0.0164146135457 0.00206567464934 -0.00556753765121 0.00932897565863 0.0128741622917 0.0117468015343 0.235391021068 0.00301969791338 -0.00307209252293 -0.00703239567316 0.0265252244167 0.00964722303281 0.00650474717131 -0.00215910414532 0.00852701208381 0.0106580430126 0.00523333203158 0.0110036390943 -0.00268174611757 0.0137184566754 0.00813473281851 0.00581584626041 0.00650825741507 0.0227989661679 0.0109929506242 0.00326466935574 0.00372536397524 -0.00131904647912 0.00642965735743 0.0220122643092 0.0114654665401 0.0117955905377 0.0127534222821 0.0183030473512 0.00969070104808 -0.00414487902473 0.020059983035 0.00657126574211 0.0118679450016 0.00432422393168 0.0148922319342 0.0116147728472 0.00810051045971 0.0261803241079 0.00791451161828 0.0166447263977 0.00596476145682 0.00232841494951 
0.00496437411226 0.0128091959963 -0.00121302842154 0.00661350329619 0.0133849861336 0.00792539580975 0.0245524198451 0.0231126839063 0.00301969791338 0.180002003284 0.0281955735534 0.0191986808848 0.0226191964854 0.0216826330011 0.0143972136873 0.0421843426417 0.0046709976395 0.0217831556482 0.00439897624049 0.00833393058566 0.0200243818534 0.0063782276108 0.00321025260812 0.01876001271 0.022819447581 0.0192158117703 0.00499538941712 0.0110152985773 0.00678548548529 0.0214629895299 0.0220244266527 0.0005429419564 0.0327640618132 0.0138867078885 0.0214650679229 0.00987896639475 0.0280965885712 0.0108619109174 0.0236730263481 -0.00885780788897 0.0100058232538 0.0148249945325 0.00374369279069 0.0138250751274 0.00275437941419 0.00854693527694 0.0335028503625 0.0178641581744 0.0209321510755 0.0388926580671 
0.00835807494231 0.0564087495194 0.0249348869604 0.048009591869 0.0321597695173 0.0239755170028 0.0277783865062 0.018660874247 -0.00307209252293 0.0281955735534 0.471039970394 0.0354979050833 0.0182912334039 0.0287194869321 0.0165653821214 0.0497983356488 0.0834883558553 -0.00163802375611 0.031865042226 0.0191753963885 0.0246272422227 -0.00129831070395 0.00925602876159 0.0842769171708 0.0281382846532 0.0348773222628 0.0151649710554 0.0471956827848 0.0097306095884 0.0254628387219 0.0119028724836 0.00710188373601 0.0594244420537 0.0159894944382 0.0298084516306 0.00206634972414 0.0717488312825 0.00274732778484 0.0453841811982 0.0222736100579 0.0255825484312 0.0295501899253 0.0166916782385 0.0176466091786 0.0102394838881 0.0108226166168 0.0473289837314 0.0144201336294 0.070892789033 0.0254327901171 
0.00672906408034 -0.00603058845165 0.0179620106384 0.0243499555956 0.0212335452921 0.025568567301 0.0208682025113 0.0351191763031 -0.00703239567316 0.0191986808848 0.0354979050833 0.38739091491 0.0145137082807 0.0492030041425 0.0110330678774 0.0199931996329 0.031642451775 0.0146969280493 0.00782449574967 0.010677143081 0.00892547074 0.0150922834111 0.0106272684071 0.0175853584896 0.0332711481875 0.000442161093842 -0.00433712280893 0.0197241105061 0.0107862774892 0.0276395176605 0.0187853010597 0.0127509009143 0.0318439418287 0.00380078064934 0.0295491065969 0.031291134425 0.0080433503241 0.0177205937766 0.0282604685173 0.0037178610996 0.0201957790571 0.0169214821371 -0.000644404643167 0.0087052950082 0.0223621932771 0.00571720583904 0.0238553854829 0.00901815820201 0.0207932342815 0.0361507848201 
0.068022679212 -0.000476005777735 0.0242895426987 0.0252864030224 0.0516140583123 0.0201725733038 0.0131111836648 0.0211083253218 0.0265252244167 0.0226191964854 0.0182912334039 0.0145137082807 0.327341107022 0.0151854039606 -0.000129820152347 0.0336434395499 0.0321501455367 0.00744127927627 0.00715291005097 0.0156589659122 0.00455326079814 0.0128872981741 0.00920861817202 0.022969450764 0.02111215947 0.0333654770385 0.00584865966721 0.0201467402811 0.0081973222599 0.0219462661011 0.0195804431584 0.0153672194211 0.00621043059929 0.0259424289492 0.0130418862299 0.0188794584994 0.0170649892955 0.0483643296213 0.0314164430148 0.0281832534468 0.0138555536867 0.0278871166186 0.00688465850992 0.0188202302601 0.00932369355817 0.0149000302183 0.0380489952753 0.0146368380311 0.0238276952585 0.0288039769781 
-0.00261274217744 0.0150817908163 0.0133290436509 0.00396579804274 0.00241721536123 0.0328836372011 0.0149784336493 0.0252258835901 0.00964722303281 0.0216826330011 0.0287194869321 0.0492030041425 0.0151854039606 0.193057867989 0.0152667702137 0.0154987037555 0.0283693091615 0.00487061581867 0.0151986307785 0.00618972016611 0.0411485627166 -0.00209259202735 0.000171968113098 -7.87232535235e-05 0.0190485199652 0.0134585435675 0.00948210669338 0.0184678711333 0.00178367598363 0.0190666573175 0.0113024893394 0.00411862951218 0.0272111500718 0.000687880770031 0.0132913744721 0.0148148793682 0.0131498349612 -0.0047917992046 0.0209931625501 0.0144929295415 0.0252786192348 0.0290595487185 0.0100237682995 0.0189305778917 0.00951518771698 -0.00305972702938 0.00954132836708 0.0127253541383 0.00480640850141 0.0234755401791 
0.0254865093756 -0.00736420456821 0.0078142820717 0.00675494361137 0.0106792762049 0.0145551384062 0.0219118730693 0.0115579564345 0.00650474717131 0.0143972136873 0.0165653821214 0.0110330678774 -0.000129820152348 0.0152667702137 0.21135246884 -0.000367272344193 0.010741098523 0.0101873409327 0.0146342835295 -0.000746532775216 -0.0117209011032 0.0207367291172 0.0051171598552 0.0191155331652 0.0128891139765 0.0114591794341 -0.00157563795855 0.00529111686276 0.00619947760873 0.010285285603 0.00977574608924 0.0075569220002 0.0162889047698 0.00371579258409 0.015580927386 -0.00265682509092 -0.00335372393132 0.0112330376444 0.0140521278801 0.00502323142595 0.0305447134489 0.0104808775283 0.000475075203476 0.0202211986843 0.00199521472626 0.0164082262805 0.013321723824 0.027918213458 0.00619708062917 0.0217942198785 
-0.00116946357958 0.0311352185389 0.0196072353926 0.021774053158 0.16713592969 0.0202288743616 0.00432584040177 0.0180196331162 -0.00215910414532 0.0421843426417 0.0497983356488 0.0199931996329 0.0336434395499 0.0154987037555 -0.000367272344193 0.504276700412 0.0503429173897 0.0191306826697 0.0219320969759 0.00965577091242 0.0419264290849 0.00297811363982 -0.00345984924929 0.0254826970465 0.047659034275 0.0419837506031 -0.0058087049881 0.017247450385 0.00963747854735 0.025999771369 0.0110927335502 0.0339991214034 0.0418086787171 0.118830599932 0.0247102786642 0.000177292257744 0.103230349041 0.064346496067 0.0287786584499 0.0135670176592 0.0395396250333 0.0231312406483 0.0243856061192 0.0222280438253 -0.00564278849554 0.00450613822637 0.0255933914366 0.00899582496792 0.0480623646635 0.00803130697004 
0.0157550475423 0.0625497178527 0.0311444084269 0.0267123601656 0.0176522613313 0.00424070438785 0.0126233205223 0.0213423148114 0.00852701208381 0.0046709976395 0.0834883558553 0.031642451775 0.0321501455367 0.0283693091615 0.010741098523 0.0503429173897 0.535682958592 0.00700326445005 -0.00354632236641 0.0209850933424 0.0210979674118 0.00444699159417 0.036940326263 0.0647186296267 0.0924695561808 0.0356456330222 0.0132162864827 -0.00343443263862 0.00141610636938 0.0294222249272 0.033127736486 0.00807066419863 0.0600693771589 -0.00436823279934 0.0118382176779 0.0066750508079 0.0071142460592 -0.00725512146181 0.0424209009488 0.00600494723255 0.0164892748205 0.0490683515918 0.0140866002672 0.0254115067277 0.00252492126381 0.0246083547079 0.0361079068525 0.0241362219649 0.0129061605283 0.0356510201197 
0.0267651703872 0.0101376994239 0.0185037576808 0.0108161333398 0.0153810430767 0.0316310502773 0.00880554602548 0.00984829216143 0.0106580430126 0.0217831556482 -0.00163802375611 0.0146969280493 0.00744127927627 0.00487061581867 0.0101873409327 0.0191306826697 0.00700326445005 0.439968517763 0.0272655146543 0.0132410457797 0.00355162897754 0.00989223515856 0.0120901607225 0.01152873175 -0.0122381398615 0.0395597085345 0.0295680279945 -0.00535834078086 0.00632938523735 0.0153439031596 0.0159237493139 0.0206116797253 -0.0122626483888 0.0104960078641 0.0139958964693 0.00883143412506 0.0562813494755 -0.000199764508721 0.0208433511773 0.0226883401618 0.0199316272959 0.0175817428146 0.0160699169038 0.0218672121404 -0.010373993186 0.00700350310069 0.032024286062 0.0217413857535 -0.000123680246538 0.0140869552638 
0.0189813721704 0.0120211141222 0.0101237359648 0.00860358763928 -0.00176389836953 0.0159163211927 0.0135058828855 0.00558415932158 0.00523333203158 0.00439897624049 0.031865042226 0.00782449574967 0.00715291005097 0.0151986307785 0.0146342835295 0.0219320969759 -0.00354632236642 0.0272655146543 0.185838586888 -0.00828177623383 -0.00182396763628 0.00492665012006 -0.0173348767038 0.0108757969654 0.0027413484553 -0.00406650402359 -0.000264020042612 0.00151780990976 -0.00686555673617 0.0123893588089 0.0091834475217 0.0119072441813 -0.000800822463155 -0.00859181595857 -0.00195172577071 0.0202283365674 0.00989939391121 -0.0114987436041 0.0121027161053 0.0153037594076 0.0144777696163 0.000936801051558 0.00328701950867 0.00115929514805 -0.00873273355254 0.00225980802942 0.011245745865 0.00590911191193 -0.00360675414357 0.00822438619022 
0.0121345029602 0.00918856938687 0.0111391169535 0.00286772888812 0.0156396966072 0.0184820171762 0.0107954374146 0.00801161105407 0.0110036390943 0.00833393058566 0.0191753963885 0.010677143081 0.0156589659122 0.00618972016611 -0.000746532775216 0.00965577091242 0.0209850933424 0.0132410457797 -0.00828177623383 0.191812281002 0.0096602924165 0.0152492597951 0.00712057768167 0.0126811781365 0.0106725066269 0.0264681343061 -0.00130456089789 0.00423853569655 0.00177752955864 0.0120866690949 0.00499145301524 0.00947394040523 0.0119070005469 0.0120682448265 0.00910611984708 0.0144809814702 0.0179816262646 0.0136870616192 0.00774066381133 0.0106588081135 0.00506132154754 0.00880586992136 0.00314088236809 0.0236311695521 0.0107648798555 0.0152385419491 0.0151903337613 0.0235299375658 0.00533379238479 0.00750190377064 
0.00969069684558 -0.00197589748045 0.0140034911889 -0.00100438828607 0.0236373149419 0.00397318995029 0.00602110649832 0.0328070551712 -0.00268174611757 0.0200243818534 0.0246272422227 0.00892547074 0.00455326079814 0.0411485627166 -0.0117209011032 0.0419264290849 0.0210979674118 0.00355162897754 -0.00182396763628 0.0096602924165 0.903973901498 0.00496834776258 -0.00269725654867 0.00483776831359 0.0189155015173 0.0220082336858 0.0110525494827 0.000734921010569 0.00748932921699 0.024404074338 0.0246163211589 0.0137896043783 0.00521448264527 0.0174268694346 0.0213444654539 0.00402697348542 0.0238888711326 0.00816021543958 0.0088632706369 0.0800298129507 -0.00181176862558 0.0196426163872 0.0126002269666 0.0266691111304 0.00982069718653 -0.00511326490173 0.0283147712707 -0.000205458467901 0.000847771754973 0.0213071772101 
0.0111963133695 -0.00351945058013 0.00572676953287 0.0129336506208 -0.00510834918961 0.00436604061029 0.0161801908918 0.0204032115193 0.0137184566754 0.0063782276108 -0.00129831070395 0.0150922834111 0.0128872981741 -0.00209259202735 0.0207367291172 0.00297811363982 0.00444699159417 0.00989223515856 0.00492665012006 0.0152492597951 0.00496834776258 0.21125982699 0.0141362921236 -0.000216320772351 0.0220777880262 0.012573883523 -0.00416695460537 5.89133559175e-05 -0.00514217256156 0.0162566127078 0.0136234525121 0.00618610944166 0.012000163782 0.00702176171502 0.00874118350574 0.00835946905 0.00667778761471 0.00208399528729 0.0065684841371 -0.000194068510853 0.0215813324332 0.041637052192 0.00174588370803 0.00506829527538 0.0189514283375 0.045324523321 0.0138635938399 0.0104515779062 0.0126327424435 0.0112041159146 
0.0394434540842 0.0253048502255 0.00789342639283 -0.00122082345056 0.0443613927172 0.00425807255226 0.0156662984307 0.00736677687271 0.00813473281851 0.00321025260812 0.00925602876159 0.0106272684071 0.00920861817202 0.000171968113098 0.0051171598552 -0.00345984924929 0.036940326263 0.0120901607225 -0.0173348767038 0.00712057768167 -0.00269725654867 0.0141362921236 0.601202956249 0.0150144567981 -0.00163887134751 0.000846524162276 0.0141491999588 -0.000356131851279 0.0211193311657 0.00999573762474 0.00371573022473 -0.00114290466217 0.0161561288597 0.00285212352427 0.00328554238863 0.0117951411834 0.00632450345835 0.0162753842476 0.0266139598504 -0.00388804892725 0.0196468513476 0.012995292268 -0.000709238572822 0.0112204524178 -0.0027844466065 -0.000298385119912 0.00180535461233 0.00512032843384 0.00342378001154 0.00981531822488 
0.00514007263701 0.0278089336468 0.0197258224817 0.00581922848206 0.0199980767383 0.0155047246109 0.0245886870555 0.0085179293764 0.00581584626041 0.01876001271 0.0842769171708 0.0175853584896 0.022969450764 -7.87232535236e-05 0.0191155331652 0.0254826970465 0.0647186296267 0.01152873175 0.0108757969654 0.0126811781365 0.00483776831359 -0.000216320772351 0.0150144567981 0.315407689144 0.0238663475081 0.0205725532019 0.00428973607627 0.0107117865972 0.0148268648195 0.0144453826351 0.0232961979071 0.000382883032402 0.0642725796277 -0.00629259175622 0.0166731031886 0.00770907723696 0.0227500038174 0.0167100985687 0.0164496855043 0.010163087066 0.016726556666 0.0283592981649 0.00682569799946 0.0201004442225 0.0166255614189 0.00816551020981 0.0221731347981 0.0201462885562 0.0294899712872 0.0220822287353 
-0.00325775956898 0.0383830617549 0.0300166612472 0.0130413717529 -0.00624301381776 0.0334186409821 0.00587589684134 0.0107766011078 0.00650825741507 0.022819447581 0.0281382846532 0.0332711481875 0.02111215947 0.0190485199652 0.0128891139765 0.047659034275 0.0924695561808 -0.0122381398615 0.0027413484553 0.0106725066269 0.0189155015173 0.0220777880262 -0.00163887134751 0.0238663475081 0.455988092665 0.0352864034723 0.0155657538577 0.00746088945406 -0.0126870736418 0.0180669410833 -0.000320055415673 -0.000544406985607 0.0531730041449 -0.000831913069128 0.0166904267596 0.0121728175621 0.0387956144304 0.00114933732259 0.0447047616666 0.00711415567001 -0.000348479272441 0.0236976366039 0.00769537790314 0.0111898328864 0.0197687769589 0.0261390808485 0.0635268391038 0.011519821452 0.0278138041683 0.0149743765221 
0.0111425883395 0.00374237342573 0.0201463974275 0.00342563599004 0.0264719015201 0.0248692424276 0.0187627938329 0.0255570604145 0.0227989661679 0.0192158117703 0.0348773222628 0.000442161093842 0.0333654770385 0.0134585435675 0.0114591794341 0.0419837506031 0.0356456330222 0.0395597085345 -0.00406650402359 0.0264681343061 0.0220082336858 0.012573883523 0.000846524162276 0.0205725532019 0.0352864034723 0.332224867742 0.0114847763214 0.000850012355363 0.0158474960301 0.0255407532577 0.0270210288603 -0.00170587956585 0.0381738159681 0.0116251746314 0.0126943288357 0.0286870034955 0.0404727644843 -0.00021667171662 0.0354296568649 0.00885469053982 0.0378171718159 0.0304462807321 0.011028641639 0.0184675191644 -0.00427999792195 0.0183614192315 0.0695064244473 0.0092672964245 0.0281293556496 0.036261004595 
0.0199601810219 0.000382128386887 0.0101761254533 0.0137415543595 0.0278403420942 -0.000671900830072 0.0155143472211 0.0085946867461 0.0109929506242 0.00499538941712 0.0151649710554 -0.00433712280893 0.00584865966721 0.00948210669338 -0.00157563795855 -0.0058087049881 0.0132162864827 0.0295680279945 -0.000264020042612 -0.00130456089789 0.0110525494827 -0.00416695460537 0.0141491999588 0.00428973607627 0.0155657538577 0.0114847763214 0.248170477822 0.00344280317298 -0.00461311707006 0.00485885374063 0.00882898333629 0.00925376581859 0.00927945792107 0.00364976935106 0.00622904407064 0.00626298088059 0.00665888129215 0.0068384879688 0.0104259349257 0.00956999997677 0.00103662233103 0.0131334350444 0.00949205610184 0.0110560120474 -0.00247888833405 0.00928728544425 0.0113326504616 0.0137629969317 0.00999102283323 0.0124006052814 
0.0135468109753 -0.00255376111326 0.00662874848176 0.0269327857498 0.0198016309337 0.0161760036343 0.0154024112697 0.00158126307812 0.00326466935574 0.0110152985773 0.0471956827848 0.0197241105061 0.0201467402811 0.0184678711333 0.00529111686276 0.017247450385 -0.00343443263862 -0.00535834078086 0.00151780990976 0.00423853569655 0.000734921010569 5.89133559175e-05 -0.000356131851278 0.0107117865972 0.00746088945406 0.000850012355363 0.00344280317298 0.75627114548 0.00405908939814 0.00532184072446 0.00128957657777 0.00651223546854 0.021884835445 0.00146886755358 0.0098642701091 0.019594135588 0.00363075773337 0.000243212988001 0.015391839459 0.0141751056873 0.00162242442914 0.0169608537715 0.0111913576598 0.0160749496434 0.0109311698291 0.00626132637147 0.00384801506859 -0.000858476150476 0.0210011594477 0.00491864755269 
-0.00188546043505 0.0214962722002 0.00104314719178 0.00620602971885 0.00927093274673 0.0102024279783 0.00203655373415 0.0378033478842 0.00372536397524 0.00678548548529 0.0097306095884 0.0107862774892 0.0081973222599 0.00178367598363 0.00619947760873 0.00963747854735 0.00141610636938 0.00632938523735 -0.00686555673617 0.00177752955864 0.00748932921699 -0.00514217256156 0.0211193311657 0.0148268648195 -0.0126870736418 0.0158474960301 -0.00461311707006 0.00405908939814 0.245195379649 0.00833614525452 0.00252204385711 -0.00792237090766 -0.00081022027508 0.00194580378024 -0.00190106562541 0.0194714573747 0.00331828492998 -0.0037899850319 0.00248110149767 0.00681883838977 0.0081860400342 0.0198667039838 0.0072509685532 0.00758212394925 0.00521772485701 0.00561795723896 0.00775604183197 0.00422225509771 0.00592506972497 0.00807067272345 
0.00663473388232 0.0371174078445 0.0198047042049 0.020314357084 -0.0156195451051 0.0183211124125 0.0248015999833 0.022216998606 -0.00131904647912 0.0214629895299 0.0254628387219 0.0276395176605 0.0219462661011 0.0190666573175 0.010285285603 0.025999771369 0.0294222249272 0.0153439031596 0.0123893588089 0.0120866690949 0.024404074338 0.0162566127078 0.00999573762474 0.0144453826351 0.0180669410833 0.0255407532577 0.00485885374063 0.00532184072446 0.00833614525452 0.227712191604 0.00692139362189 0.0119051605461 0.0138729080427 0.0162641735663 0.0351655431693 0.0189703289207 0.0207756410011 0.0288155911747 0.0212868686618 0.0349155587108 0.0364856966189 0.0285525680541 0.0117534811086 0.0201311722991 0.0158495863676 0.00809878223 0.0355159362028 0.0210083547358 0.0117500352697 0.0126971230917 
0.000663532007518 0.0496206737189 0.0178424575647 0.0156340859858 0.0173981905547 0.0119384469193 0.0163657009016 0.00999536707669 0.00642965735743 0.0220244266527 0.0119028724836 0.0187853010597 0.0195804431584 0.0113024893394 0.00977574608924 0.0110927335502 0.033127736486 0.0159237493139 0.0091834475217 0.00499145301525 0.0246163211589 0.0136234525121 0.00371573022473 0.0232961979071 -0.000320055415673 0.0270210288603 0.00882898333629 0.00128957657777 0.00252204385711 0.00692139362189 0.175504627493 0.0209479563375 0.00501904045351 0.00493829539506 0.0157090949595 0.023964659936 0.0169611096645 0.00744166800167 0.0183963111536 0.0165250228508 0.011390904021 0.0174338971866 0.0192575053173 0.0133637517709 0.00928324789568 0.0133922719876 0.0286941048386 0.0124493610514 0.0194362420805 0.0147813217777 
0.00125804529423 0.00717845587581 0.0155483583621 0.0166021289879 0.0262587438031 0.0140768852499 0.0228463475196 0.00450937763717 0.0220122643092 0.0005429419564 0.00710188373601 0.0127509009143 0.0153672194211 0.00411862951218 0.0075569220002 0.0339991214034 0.00807066419863 0.0206116797253 0.0119072441813 0.00947394040523 0.0137896043783 0.00618610944166 -0.00114290466217 0.000382883032401 -0.000544406985608 -0.00170587956585 0.00925376581859 0.00651223546854 -0.00792237090766 0.0119051605461 0.0209479563375 0.185946049852 0.00811325947202 0.0307183333985 0.00555637575378 0.00477800789356 0.0100852922441 0.0191451691856 0.0226244165604 0.0109960023127 0.0109015289432 -0.00653971629725 0.00756004746872 0.0230635881486 -0.000429981729065 0.0123438958672 0.0126165531967 0.00635796139157 0.0126978573096 0.00462441552168 
0.0305877952322 0.0241713467411 0.0139126637696 0.0209458546953 0.00290348752816 0.0232683740411 0.018976846604 0.0205307215334 0.0114654665401 0.0327640618132 0.0594244420537 0.0318439418287 0.00621043059929 0.0272111500718 0.0162889047698 0.0418086787171 0.0600693771589 -0.0122626483888 -0.000800822463155 0.0119070005469 0.00521448264527 0.012000163782 0.0161561288597 0.0642725796277 0.0531730041449 0.0381738159681 0.00927945792107 0.021884835445 -0.00081022027508 0.0138729080427 0.00501904045351 0.00811325947202 0.63845310503 0.0139569303962 0.0087665929425 0.0136605210206 0.0160750053342 0.00254112800834 0.0205615277627 0.0126232113012 0.0143084093411 0.0289419979616 0.00863465299786 -0.000750971951971 0.0128315373231 0.0236206606781 0.0332860676321 0.0118833058352 0.0579095449779 0.0121350943601 
0.00584543720608 0.00909306054459 -0.000709140545343 0.013157197361 0.102717581863 0.002639362816 -0.00012131176738 0.0073658069272 0.0117955905377 0.0138867078885 0.0159894944382 0.00380078064934 0.0259424289492 0.000687880770031 0.00371579258409 0.118830599932 -0.00436823279934 0.0104960078641 -0.00859181595857 0.0120682448265 0.0174268694346 0.00702176171502 0.00285212352428 -0.00629259175622 -0.000831913069128 0.0116251746314 0.00364976935106 0.00146886755358 0.00194580378024 0.0162641735663 0.00493829539506 0.0307183333985 0.0139569303962 0.221681249868 0.0201973477418 -4.02685067639e-05 0.0564543034226 0.0259001443308 0.0164705656701 0.0173808081684 0.00544831172338 0.00712837766248 0.00671848335162 0.0158804719111 -0.00499702141594 0.00204839093503 0.0174423510746 0.0161712551184 0.0184954503036 0.00130399520527 
0.0271696232 -0.00305609419682 0.0217377046147 0.0130846265527 0.0145950880166 0.0216151732179 0.0167462263473 0.0264224784849 0.0127534222821 0.0214650679229 0.0298084516306 0.0295491065969 0.0130418862299 0.0132913744721 0.015580927386 0.0247102786642 0.0118382176779 0.0139958964693 -0.00195172577071 0.00910611984708 0.0213444654539 0.00874118350574 0.00328554238863 0.0166731031886 0.0166904267596 0.0126943288357 0.00622904407064 0.0098642701091 -0.00190106562541 0.0351655431693 0.0157090949595 0.00555637575378 0.0087665929425 0.0201973477418 0.192553997632 0.0185144138489 0.0100851539623 0.00979546133504 0.012254968007 0.0211790421398 0.0295364251133 0.0204934625603 0.00566484287523 0.0272792473132 0.0180179418916 0.00650520596122 0.0156419697112 0.0234372060196 0.00757909394786 0.00387661282504 
-0.00603998946697 0.0292033698583 0.0192875413963 0.013296391762 0.0089254686348 0.0268478739901 0.0205384201278 0.0108841996251 0.0183030473512 0.00987896639475 0.00206634972414 0.031291134425 0.0188794584994 0.0148148793682 -0.00265682509092 0.000177292257744 0.0066750508079 0.00883143412506 0.0202283365674 0.0144809814702 0.00402697348542 0.00835946905 0.0117951411834 0.00770907723696 0.0121728175621 0.0286870034955 0.00626298088059 0.019594135588 0.0194714573747 0.0189703289207 0.023964659936 0.00477800789356 0.0136605210206 -4.02685067647e-05 0.0185144138489 0.195500489388 0.0184221268871 -0.00941286001437 0.00718431300244 0.0139831075829 0.0189499244421 0.0268317666211 0.0108199215647 0.0150246912815 0.0102002390124 0.0267926911167 0.0281409617887 0.00874003598768 0.00898740887467 0.0276587344785 
0.0863602613696 0.019281555327 0.0224711787693 0.0401556240119 0.0718862232255 0.0208212861939 0.0095836102731 0.0187869505023 0.00969070104808 0.0280965885712 0.0717488312825 0.0080433503241 0.0170649892955 0.0131498349612 -0.00335372393132 0.103230349041 0.0071142460592 0.0562813494755 0.00989939391121 0.0179816262646 0.0238888711326 0.0066777876147 0.00632450345835 0.0227500038174 0.0387956144304 0.0404727644843 0.00665888129215 0.00363075773337 0.00331828492998 0.0207756410011 0.0169611096645 0.0100852922441 0.0160750053342 0.0564543034226 0.0100851539623 0.0184221268871 0.612598430721 0.0107243578539 0.0379854924674 0.00379833928938 0.025938750299 0.0237849497992 0.0127232296304 0.0220194402899 0.0071919232569 0.0193228284694 0.0565255832011 0.0118942144849 0.0422487317886 0.0352139352491 
0.00372323576962 0.0190837726406 -0.0111364811103 0.0104536663291 0.0411447848951 0.0209250609686 0.00837192402445 0.027972465371 -0.00414487902473 0.0108619109174 0.00274732778484 0.0177205937766 0.0483643296213 -0.0047917992046 0.0112330376444 0.064346496067 -0.00725512146181 -0.000199764508721 -0.0114987436041 0.0136870616192 0.00816021543958 0.00208399528729 0.0162753842476 0.0167100985687 0.00114933732259 -0.00021667171662 0.0068384879688 0.000243212988002 -0.0037899850319 0.0288155911747 0.00744166800167 0.0191451691856 0.00254112800834 0.0259001443308 0.00979546133504 -0.00941286001437 0.0107243578539 0.463678264037 0.00636528391238 0.0163399804277 -0.00500653076023 -0.00938325605252 0.0111251182481 0.0158062776063 0.00883583531454 0.0268196553938 -0.0029501915994 0.0161062067108 0.00100960194201 0.00369266502827 
0.00851985827218 0.0286019225192 0.0170736649961 0.0206668338851 0.0158178633993 0.0341349048602 0.0171477415086 0.0111216992092 0.020059983035 0.0236730263481 0.0453841811982 0.0282604685173 0.0314164430148 0.0209931625501 0.0140521278801 0.0287786584499 0.0424209009488 0.0208433511773 0.0121027161053 0.00774066381133 0.0088632706369 0.0065684841371 0.0266139598504 0.0164496855043 0.0447047616666 0.0354296568649 0.0104259349257 0.015391839459 0.00248110149767 0.0212868686618 0.0183963111536 0.0226244165604 0.0205615277627 0.0164705656701 0.012254968007 0.00718431300244 0.0379854924674 0.00636528391238 0.238234307013 0.0268782586383 0.0188086457908 0.0184390093416 0.009855522187 0.0296699263695 0.0309282069491 0.0132592056924 0.0202963214329 0.0187304466132 0.00757472692657 0.03899910376 
0.0199978744537 0.020694121512 0.0199883371733 0.0247428448576 -0.0146809254144 0.0258910078304 0.0206200321182 0.0192372458642 0.00657126574211 -0.00885780788897 0.0222736100579 0.0037178610996 0.0281832534468 0.0144929295415 0.00502323142595 0.0135670176592 0.00600494723255 0.0226883401618 0.0153037594076 0.0106588081135 0.0800298129507 -0.000194068510854 -0.00388804892725 0.010163087066 0.00711415567001 0.00885469053982 0.00956999997677 0.0141751056873 0.00681883838977 0.0349155587108 0.0165250228508 0.0109960023127 0.0126232113012 0.0173808081684 0.0211790421398 0.0139831075829 0.00379833928938 0.0163399804277 0.0268782586383 0.260430928086 0.0104506011007 0.0162867491484 0.012633814254 0.0143092541377 0.00590009096516 0.00844246591329 0.0232992216971 0.0223062368926 0.0220425481148 0.00732006737901 
0.0270713503621 0.0131452052004 0.0188899731963 -0.0100644373523 0.0127342139652 0.0280138901891 0.014186039266 0.0140121750275 0.0118679450016 0.0100058232538 0.0255825484312 0.0201957790571 0.0138555536867 0.0252786192348 0.0305447134489 0.0395396250333 0.0164892748205 0.0199316272959 0.0144777696163 0.00506132154754 -0.00181176862558 0.0215813324332 0.0196468513476 0.016726556666 -0.000348479272441 0.0378171718159 0.00103662233103 0.00162242442914 0.0081860400342 0.0364856966189 0.011390904021 0.0109015289432 0.0143084093411 0.00544831172338 0.0295364251133 0.0189499244421 0.025938750299 -0.00500653076023 0.0188086457908 0.0104506011007 0.245971923371 0.0183325610217 0.0053996056536 0.0240690346581 0.0100100048761 0.00501788954899 0.0359643951715 0.00790347885 0.0449067744376 0.0297076404699 
0.000621986147177 0.0267474931431 0.0269476323353 0.0258712106062 0.00605770162854 0.00648269394059 0.0175369007527 0.0164336546853 0.00432422393168 0.0148249945325 0.0295501899253 0.0169214821371 0.0278871166186 0.0290595487185 0.0104808775283 0.0231312406483 0.0490683515918 0.0175817428146 0.000936801051558 0.00880586992136 0.0196426163872 0.041637052192 0.012995292268 0.0283592981649 0.0236976366039 0.0304462807321 0.0131334350444 0.0169608537715 0.0198667039838 0.0285525680541 0.0174338971866 -0.00653971629725 0.0289419979616 0.00712837766248 0.0204934625603 0.0268317666211 0.0237849497992 -0.00938325605252 0.0184390093416 0.0162867491484 0.0183325610217 0.376618992916 -0.00256709346339 0.015095847561 0.0167017402264 0.00884481272802 0.025598200042 0.0105567102188 0.0340103041069 0.0150628205401 
0.0162648590048 0.01758730858 0.0054134123729 0.0075298883607 0.0232338217063 0.0115908370944 0.00723804989361 0.00214346370638 0.0148922319342 0.00374369279069 0.0166916782385 -0.000644404643167 0.00688465850992 0.0100237682995 0.000475075203477 0.0243856061192 0.0140866002672 0.0160699169038 0.00328701950867 0.00314088236809 0.0126002269666 0.00174588370804 -0.000709238572822 0.00682569799946 0.00769537790314 0.011028641639 0.00949205610184 0.0111913576598 0.0072509685532 0.0117534811086 0.0192575053173 0.00756004746872 0.00863465299786 0.00671848335162 0.00566484287523 0.0108199215647 0.0127232296304 0.0111251182481 0.009855522187 0.012633814254 0.0053996056536 -0.00256709346339 0.192352001379 0.0045301384335 0.00652929042691 -0.0116359459316 0.0030145500342 0.0100812934182 0.00951351384351 0.00524684794266 
0.00710696829657 0.0213008836951 0.026719824143 0.0251152925823 0.00934392164713 0.0225583143011 0.0521101349695 0.0102271180631 0.0116147728472 0.0138250751274 0.0176466091786 0.0087052950082 0.0188202302601 0.0189305778917 0.0202211986843 0.0222280438253 0.0254115067277 0.0218672121404 0.00115929514805 0.0236311695521 0.0266691111304 0.00506829527538 0.0112204524178 0.0201004442225 0.0111898328864 0.0184675191644 0.0110560120474 0.0160749496434 0.00758212394925 0.0201311722991 0.0133637517709 0.0230635881486 -0.000750971951971 0.0158804719111 0.0272792473132 0.0150246912815 0.0220194402899 0.0158062776063 0.0296699263695 0.0143092541377 0.0240690346581 0.015095847561 0.0045301384335 0.15617025314 0.0209590910162 0.0161118206993 0.0257655163383 0.0689424122109 0.0161249525494 0.00803553686309 
0.0060709257453 0.00182782898617 0.00558223327278 0.0182020911475 0.00577435488035 0.00564723159902 0.00959597960921 0.00925161759867 0.00810051045971 0.00275437941419 0.0102394838881 0.0223621932771 0.00932369355817 0.00951518771698 0.00199521472626 -0.00564278849554 0.00252492126381 -0.010373993186 -0.00873273355254 0.0107648798555 0.00982069718653 0.0189514283375 -0.0027844466065 0.0166255614189 0.0197687769589 -0.00427999792195 -0.00247888833405 0.0109311698291 0.00521772485701 0.0158495863676 0.00928324789568 -0.000429981729065 0.0128315373231 -0.00499702141594 0.0180179418916 0.0102002390124 0.0071919232569 0.00883583531454 0.0309282069491 0.00590009096516 0.0100100048761 0.0167017402264 0.00652929042691 0.0209590910162 0.401308754868 0.00705601398016 0.0104756199857 0.012074571475 0.0147576148929 0.00784131086935 
0.0492376742421 0.0105284048942 0.0124372742594 -0.00583090084122 0.0109961097032 -0.00351980772143 0.0120795388748 0.0207883552887 0.0261803241079 0.00854693527694 0.0108226166168 0.00571720583904 0.0149000302183 -0.00305972702938 0.0164082262805 0.00450613822637 0.0246083547079 0.00700350310069 0.00225980802942 0.0152385419491 -0.00511326490173 0.045324523321 -0.000298385119913 0.00816551020981 0.0261390808485 0.0183614192315 0.00928728544425 0.00626132637147 0.00561795723896 0.00809878223 0.0133922719876 0.0123438958672 0.0236206606781 0.00204839093503 0.00650520596122 0.0267926911167 0.0193228284694 0.0268196553938 0.0132592056924 0.00844246591329 0.00501788954899 0.00884481272802 -0.0116359459316 0.0161118206993 0.00705601398016 0.36470116084 0.0158580723036 0.00809374075743 0.0189450207836 0.0101593076723 
0.0544058547982 0.00398550463276 0.0384235665512 -0.0077017778584 0.0528900251955 0.026797707942 0.0202192464885 0.0248312041156 0.00791451161828 0.0335028503625 0.0473289837314 0.0238553854829 0.0380489952753 0.00954132836708 0.013321723824 0.0255933914366 0.0361079068525 0.032024286062 0.011245745865 0.0151903337613 0.0283147712707 0.0138635938399 0.00180535461233 0.0221731347981 0.0635268391038 0.0695064244473 0.0113326504616 0.00384801506859 0.00775604183197 0.0355159362028 0.0286941048386 0.0126165531967 0.0332860676321 0.0174423510746 0.0156419697112 0.0281409617887 0.0565255832011 -0.0029501915994 0.0202963214329 0.0232992216971 0.0359643951715 0.025598200042 0.0030145500342 0.0257655163383 0.0104756199857 0.0158580723036 0.279959543728 0.0261554912028 0.036789217315 0.0133577776365 
