20
0.0793031051092 0.0522861094618 0.0486664598358 0.0754552666066 0.0501483555771 0.080285366307 0.0770368317024 0.0211692002509 0.0884893451388 0.0784336943662 0.0592302274211 0.371102806834 0.0451551332239 0.0435638119902 0.0377827405953 0.039859092222 0.0910259677787 0.042606905642 0.116792266476 0.0761836706695 
0.416850493914 0.032057147825 0.0215439806593 0.0303203806784 0.0378990061351 0.025617972774 0.0262035680311 0.00771071198361 0.0413267457967 0.00791728435376 0.0126190619278 0.0417859644618 0.0183713838302 0.0180689051832 0.0161403727693 0.00943384033718 0.021073803333 0.0447727849455 0.0165162123111 0.0262435613562 
0.032057147825 0.319156905367 0.0213576347933 0.0494911271836 0.0311559926128 0.0583828784252 0.0104464751953 0.0138250838822 0.0086833225445 0.00700045444422 0.0177040558401 0.0141914813396 0.0552928389196 0.0130355944319 0.0174571536567 0.0298170423717 0.0410165259942 0.0630064166943 0.0219686577443 0.053752545959 
0.0215439806593 0.0213576347933 0.309261811707 0.0109738297652 0.020188708386 0.0162265452063 0.0210378728918 -0.00165585093733 0.0211227955961 0.0186077060788 0.0111916356918 0.0469744258092 0.0171749963621 0.0207477603337 0.0266817864815 0.0195941812896 0.0435294386282 0.00104930816406 0.0658297754479 0.00744796840312 
0.0303203806784 0.0494911271836 0.0109738297652 0.669399631833 0.0232895074123 0.0217217847416 0.00112155835474 0.0196370130412 0.0242388863028 0.0246641835388 0.0556772889002 0.0823529309585 0.0241308149781 0.0114020719 0.0304323838025 0.0401693349897 0.0262658418376 0.0190538233331 0.0162629558844 0.0337810512032 
0.0378990061351 0.0311559926128 0.020188708386 0.0232895074123 0.283732603788 0.0471344079155 0.0183045071054 0.00786967180278 0.0193888211983 0.00969370701961 0.0150569463549 0.0283513278213 -0.000468169550827 0.0106659480369 0.0294474082615 0.0306605654816 0.0337488057357 0.0371820936581 0.010113814303 0.0161769739616 
0.025617972774 0.0583828784252 0.0162265452063 0.0217217847416 0.0471344079155 0.437709896836 0.0056504019944 0.0313531019436 0.0116172594363 0.00842756577288 0.0236195407923 0.0628770396665 0.0109724060304 0.0115662348548 0.0171413498572 0.0116524200617 0.042798829422 0.0218378899797 0.0201729681383 0.0507378941685 
0.0262035680311 0.0104464751953 0.0210378728918 0.00112155835474 0.0183045071054 0.0056504019944 0.347142262659 0.0054576532379 0.0286003289145 -0.00818118177897 0.0267622441464 0.0460089269921 0.038082373103 0.00225707729817 0.0208898625857 0.0158843690277 0.00988284401828 0.00854948077292 -0.00796122802339 0.0256340965695 
0.00771071198361 0.0138250838822 -0.00165585093733 0.0196370130412 0.00786967180278 0.0313531019436 0.0054576532379 0.214751373573 0.00820527333517 0.0128809428784 0.0310195874397 0.00299548630089 0.0125489005539 0.00494744654912 0.0148698343069 0.00491685772724 0.00946940180346 0.0100697197488 0.0105505349498 0.025621470804 
0.0413267457967 0.0086833225445 0.0211227955961 0.0242388863028 0.0193888211983 0.0116172594363 0.0286003289145 0.00820527333517 0.492029636149 0.0289502615999 0.0146538784856 0.0584009991456 0.0206911925881 0.0096215357013 0.00653827200573 0.0147748708703 0.000830256531752 0.0130649501308 0.0185975198038 0.0483067389395 
0.00791728435376 0.00700045444422 0.0186077060788 0.0246641835388 0.00969370701961 0.00842756577288 -0.00818118177897 0.0128809428784 0.0289502615999 0.368648133917 0.0273140322055 0.0598139528492 -0.00141074461516 0.0174675174105 0.00186388838504 0.0122293218473 0.0472186118423 0.0150476026757 0.00918679586084 0.0491367309661 
0.0126190619278 0.0177040558401 0.0111916356918 0.0556772889002 0.0150569463549 0.0236195407923 0.0267622441464 0.0310195874397 0.0146538784856 0.0273140322055 0.345685458401 0.0364279011859 -0.0040363306184 0.0271024687513 0.0120518607695 0.0171618816369 0.0192195683073 0.0156525058414 0.00744857943981 0.0313001774638 
0.0417859644618 0.0141914813396 0.0469744258092 0.0823529309585 0.0283513278213 0.0628770396665 0.0460089269921 0.00299548630089 0.0584009991456 0.0598139528492 0.0364279011859 1.24683348586 0.0285128471712 0.0142308685576 0.0144945728011 0.0371397614852 0.0150771101193 0.0134660325309 0.0117113580094 0.0784101860021 
0.0183713838302 0.0552928389196 0.0171749963621 0.0241308149781 -0.000468169550825 0.0109724060304 0.038082373103 0.0125489005539 0.0206911925881 -0.00141074461516 -0.0040363306184 0.0285128471712 0.300251986723 0.0009311174517 0.015387767745 0.00749564938343 0.0204841312615 0.053669464047 0.0334098715198 0.00888081798572 
0.0180689051832 0.0130355944319 0.0207477603337 0.0114020719 0.0106659480369 0.0115662348548 0.00225707729817 0.00494744654912 0.0096215357013 0.0174675174105 0.0271024687513 0.0142308685576 0.000931117451697 0.275951640774 0.0761456876496 0.0181295371045 -0.000381871334684 0.00276286559789 0.00302446625709 0.002550050052 
0.0161403727693 0.0174571536567 0.0266817864815 0.0304323838025 0.0294474082615 0.0171413498572 0.0208898625857 0.0148698343069 0.00653827200573 0.00186388838504 0.0120518607695 0.0144945728011 0.015387767745 0.0761456876496 0.331334717863 0.0208103878013 0.0064032643909 0.0227372630694 0.00119407150765 0.00999194255944 
0.00943384033718 0.0298170423717 0.0195941812896 0.0401693349897 0.0306605654816 0.0116524200617 0.0158843690277 0.00491685772724 0.0147748708703 0.0122293218473 0.0171618816369 0.0371397614852 0.00749564938343 0.0181295371045 0.0208103878013 0.288625568887 0.0300418486805 0.0311854546298 0.00622153218114 0.0401354065955 
0.021073803333 0.0410165259942 0.0435294386282 0.0262658418376 0.0337488057357 0.042798829422 0.00988284401828 0.00946940180346 0.000830256531751 0.0472186118423 0.0192195683073 0.0150771101193 0.0204841312615 -0.000381871334684 0.0064032643909 0.0300418486805 0.437448561507 0.0315563518078 0.0618956198193 0.0291465049032 
0.0447727849455 0.0630064166943 0.00104930816406 0.0190538233331 0.0371820936581 0.0218378899797 0.00854948077292 0.0100697197488 0.0130649501308 0.0150476026757 0.0156525058414 0.0134660325309 0.0536694640471 0.00276286559789 0.0227372630694 0.0311854546298 0.0315563518078 0.255911036837 0.0181568195969 0.0228799600517 
0.0165162123111 0.0219686577443 0.0658297754479 0.0162629558844 0.010113814303 0.0201729681383 -0.00796122802339 0.0105505349498 0.0185975198038 0.00918679586084 0.00744857943981 0.0117113580094 0.0334098715198 0.00302446625709 0.00119407150765 0.00622153218114 0.0618956198193 0.0181568195969 0.599559145748 0.0162601654087 
0.0262435613562 0.053752545959 0.00744796840312 0.0337810512032 0.0161769739616 0.0507378941685 0.0256340965695 0.025621470804 0.0483067389395 0.0491367309661 0.0313001774638 0.0784101860021 0.00888081798572 0.002550050052 0.00999194255943 0.0401354065955 0.0291465049032 0.0228799600517 0.0162601654087 0.417472536541 

['LUV', 'ASD', 'STZ', 'TIF', 'BMS', 'HPC', 'KG', 'RX', 'BMC', 'MHS', 'TSG', 'CIEN', 'BCR', 'MO', 'PGL', 'CIT', 'AW', 'UTX', 'NOVL', 'TXN']