40
0.140066530531 0.0572050688987 0.0282353637115 0.0388241127613 0.0646745186267 0.0413167922229 0.116792266476 0.0631385093148 0.0297343435849 0.129241945615 0.0424048973372 0.045759308444 0.0486664598358 0.0754552666066 0.135299445153 0.149246593495 0.0487859931196 0.0538205376978 0.0388313797841 0.214537342356 0.0406155741598 0.0375994121509 0.0273717205438 0.0936563270582 0.0211692002509 0.090319564185 0.105459344027 0.00361039022472 0.0378808118353 0.0367752030525 0.0970140476379 0.0131635076039 0.0308834605432 0.0266042550295 0.061476397973 0.0672535079153 0.0870342926162 0.080285366307 0.123248136701 0.039970875035 
1.45289953662 0.00243237449486 0.0137891539359 0.00899716087717 0.0158076417539 0.0136622622623 0.00372611354762 0.0182618683159 0.00701804353161 0.0722733390134 0.00629793690045 0.00416489996997 -0.0134622551858 0.0291103183343 0.00202270920203 0.0214367192929 0.0361247452045 0.0181507743834 0.0182535051962 0.0282471997307 0.0224311138979 0.0122321494209 0.0115217611457 0.0183513556312 0.0135882284767 0.0119944158081 0.0118679687638 0.0115296269605 0.0241642164303 0.00601169207953 0.0448396016207 0.00707095868334 -0.00656261001484 0.0179670644985 0.0388556511668 0.019188516599 0.0341480722642 0.0143961246684 0.0404685105366 0.0365938272941 
0.00243237449486 0.243056856326 0.011092361622 0.0156583632181 0.013873735131 -0.00624848987372 0.00664998704212 0.0300315405587 0.0197806363133 0.010165633058 -0.0037807056743 0.0208304572293 -0.00330963453376 0.019104787283 0.0308783923713 0.0338118832485 0.00307215347902 0.010922139755 0.0209018984923 0.0296681072935 0.0200696676361 0.017591489545 0.0111494893981 0.0186504766372 0.0341935111119 0.0880665096781 0.00916351412621 0.012825182378 0.0191479622287 0.0239039720155 0.0458413643589 0.00444546490987 0.00643690050102 0.0189385000054 0.0238451170358 0.0169216148199 0.039445269253 0.039267297502 0.0288594002671 0.038523412177 
0.0137891539359 0.011092361622 0.134249271773 0.0267474610734 0.0323204142917 0.0211613805147 0.0155751211922 0.00679833344021 0.0101637568387 -0.00226513723717 0.00344822864763 0.0179670223224 0.0011580668077 0.0242476338362 0.00507247641659 0.00131537878402 0.0116332565846 0.0384779884102 0.0179382023365 0.020177821786 0.0325617155859 0.0147912827659 0.00987713253527 0.01896094551 0.0141531310258 0.0236795048404 0.0300752949097 0.0103254816935 0.0295980614492 0.0290307625904 0.0402594333879 0.0279149604792 0.0404276999069 0.0180356569449 0.0328056042986 0.0338789481726 0.0238884452015 0.013618677156 0.0195659665218 0.0126154117212 
0.00899716087717 0.0156583632181 0.0267474610734 0.187911523147 0.0184242544371 0.0192104230701 0.0173342740044 -0.00911866878565 0.022040211748 -0.00177189013177 -0.000532899589376 0.00455928286801 0.0190469761244 0.0168238174672 0.0137001896862 0.0102963710431 0.00440071964731 0.02287900676 0.0258793748683 0.0263219514938 0.0161001180312 0.0159410371003 0.00386870107167 0.0225005159476 0.00872657794465 0.0216345147523 0.00548869861421 0.0202959156703 0.0140422909234 0.0114671534763 0.0417133498573 -0.000134170087672 0.0242498109893 0.014565551449 0.0243460028552 0.0145813612367 0.0142134855033 0.0179849187893 0.0204058447198 0.0246877559768 
0.0158076417539 0.013873735131 0.0323204142917 0.0184242544371 0.510889720737 0.020094994017 0.0172467468227 0.0042642231686 0.00769774427623 0.0143502607194 0.047565508173 0.0185136172387 0.00541735898062 0.00559431042377 0.0591713806816 0.0269870159068 0.0258502256478 0.0372870090693 0.00853277570484 0.0216712677849 0.0243603046638 -0.000387602633891 0.00539666844376 0.0277661728156 0.0133541744058 0.0219817198886 0.0140263411341 0.0245602323065 0.0154155798551 0.0212517666484 0.0223940626785 0.00615980791857 0.0242325426338 -0.00364267200132 0.0150536175153 0.0138806581193 0.0238729663694 -0.00405434095665 0.0269321495077 0.00971385013983 
0.0136622622623 -0.00624848987372 0.0211613805147 0.0192104230701 0.020094994017 0.24744369495 0.00253152322442 0.0144551585148 0.00890526389337 0.0379507524629 0.00894507051756 0.0055170897215 0.0177302782727 0.0267580084386 -0.000965870384802 0.0391271946703 0.0225336855823 0.021068705458 0.0146760315121 0.0181994024799 0.0321626589557 0.0118513855281 0.017321214544 0.00435719205 0.00654121074491 0.0119390968184 -0.00441440910901 0.022423530856 0.0185327686645 0.0280260280628 0.0284755196386 0.0157234440993 0.015711923622 0.0197837241224 0.0258987875008 0.0165514745805 0.0278845562633 0.024906923284 0.0259740744898 0.0193530128807 
0.00372611354762 0.00664998704212 0.0155751211922 0.0173342740044 0.0172467468227 0.00253152322443 0.59403596322 0.0128220068537 -0.000617358553444 -0.00554629962476 0.0979424712889 -0.00248320803094 0.0646021981383 0.0144190155216 0.0157198512108 0.00701404150834 0.0183367020143 0.00672797326756 0.00066225230499 0.0248652994565 0.012024006866 -0.00533695560419 0.00544180587509 0.0173339466614 0.00861986717435 0.00783197774533 0.00461115896786 -0.00464927603539 0.00851060425965 0.0172981463764 0.0208154109804 0.00791594375722 0.00615781632398 0.00695957163545 0.0123902583973 0.00209286693254 0.01129995419 0.0210806064566 0.00653355575227 0.00759790392762 
0.0182618683159 0.0300315405587 0.00679833344021 -0.00911866878565 0.0042642231686 0.0144551585148 0.0128220068537 0.336074432999 -0.00613960482926 0.0110487131862 0.00412960164204 0.0101392187996 0.00229483937433 0.0215457783273 0.0397347508541 0.0218906619022 0.0166835343049 0.018638656583 0.0367014252698 0.0715206667464 0.0193831972572 0.0118436849744 0.0214706473838 0.027099147618 0.0174229509569 0.0187489816662 0.0411385829282 0.00585203818033 0.0197599124783 0.0131601393712 0.0204822462961 0.0142015077425 0.00678660110466 0.0411325162066 0.0370605343539 0.0174859515712 0.153085476195 0.0275225841912 0.0145555012307 0.0187527327196 
0.00701804353161 0.0197806363133 0.0101637568387 0.022040211748 0.00769774427623 0.00890526389337 -0.000617358553444 -0.00613960482926 0.19306455006 -0.00642626193487 0.00709009978784 0.019460538124 0.00314512076916 0.0159991578936 0.0186328394972 0.00805672547799 0.0137667535424 0.00587407692777 -0.0126054826287 0.00528010863646 0.0153654708576 -0.0034730958633 0.00406172693869 0.0257327624521 0.017297672163 0.00646091460848 0.00264230579527 0.0117791583313 0.00357911097276 0.00659426141775 0.0191981617154 0.0115679811072 -0.000266862262349 0.00430661085707 0.012068945338 0.00406393477626 0.00994217181131 0.0147273258076 0.010511416169 -0.00222056924745 
0.0722733390134 0.010165633058 -0.00226513723717 -0.00177189013177 0.0143502607194 0.0379507524629 -0.00554629962476 0.0110487131862 -0.00642626193487 0.563697352069 0.00555283804813 0.00927963041832 0.0350520786086 0.0161976059442 0.0450011240355 0.0378316421038 0.0222707887828 0.00518925177226 0.00386446104712 0.0312428660027 0.012525332763 -0.00452982330553 0.0138209726384 0.0308263858622 0.0169401400105 0.0116945228697 0.0159932843698 0.0195136583679 0.00440204320225 0.00847976881425 0.000368795764141 0.0215920461547 0.00257885540979 0.00232304095069 0.0230371926705 -0.0107549488901 0.0230222952357 0.015029979848 0.00922945105788 0.0212935946313 
0.00629793690045 -0.0037807056743 0.00344822864763 -0.000532899589376 0.047565508173 0.00894507051756 0.0979424712889 0.00412960164204 0.00709009978784 0.00555283804813 0.371216539427 0.00191063556435 0.0376517935126 0.0139785386022 0.0252476517339 0.00717499842067 0.0807871139243 0.0125782435015 0.0177137020141 0.0151226225025 0.0143093897924 0.00957832949077 0.0105008118685 -0.0336352443349 0.0163001383916 0.033186371121 0.0168940405253 0.0284858313871 0.00532403089305 0.0267365696336 0.0322884764567 0.00164392007224 0.0113190497499 -0.0133815307849 0.0125445545836 -0.00911610094441 -0.00369747199431 0.00903540105795 0.0246881884362 0.00739051308203 
0.00416489996997 0.0208304572293 0.0179670223224 0.00455928286801 0.0185136172387 0.0055170897215 -0.00248320803094 0.0101392187996 0.019460538124 0.00927963041832 0.00191063556435 0.202852242046 0.0160485551447 0.0302637374903 0.0928378873853 0.110435861687 0.020997160435 0.0229589611379 0.0135435099772 0.00772058171058 0.0127824641109 0.0121795971303 0.00365996131075 0.00493162114752 0.0185878152291 -0.0040904248983 0.00222901300845 0.0200892318442 0.0130813973859 -0.00676664227 0.0252382576614 0.0177791753153 0.0129786199255 0.0060697067941 0.021743990862 0.00347830217962 0.0162813109075 0.00724181910728 0.0266897071967 0.0052818823203 
-0.0134622551858 -0.00330963453376 0.0011580668077 0.0190469761244 0.00541735898062 0.0177302782727 0.0646021981383 0.00229483937433 0.00314512076916 0.0350520786086 0.0376517935126 0.0160485551447 0.306781136979 0.0115426091384 0.00870667435402 0.0191160649661 0.030127637066 0.0193429287244 0.00720772950848 0.0134226779209 0.00884789994517 -0.00374782262391 0.0121093555402 0.0137274379739 -0.00331841536925 0.0140763148768 0.0028418534729 0.0171298831904 0.019742617562 0.0109686666379 0.00987359974985 0.0209638087759 -0.00160895131177 0.011673700173 0.0342224808984 0.0225860622212 0.0139518181385 0.0186400722926 0.00254450375118 0.0219289332036 
0.0291103183343 0.019104787283 0.0242476338362 0.0168238174672 0.00559431042377 0.0267580084386 0.0144190155216 0.0215457783273 0.0159991578936 0.0161976059442 0.0139785386022 0.0302637374903 0.0115426091384 0.651518534021 0.0133149258648 0.0220193918343 0.0222408683927 0.0182057407604 0.0818498056378 0.0446653068256 0.0333209955812 0.0074980379482 0.00878880606193 0.0192558483841 0.016298261837 0.0355444341265 0.0237364634271 0.00934130262437 0.0107746654021 0.0185192587566 0.129281077432 0.0107269588262 0.0109950181717 0.0174721861341 0.0162875791931 0.0479264959734 0.0284182282956 0.0164916484844 0.0598802953355 0.0333797008233 
0.00202270920203 0.0308783923713 0.00507247641659 0.0137001896862 0.0591713806816 -0.000965870384802 0.0157198512108 0.0397347508541 0.0186328394972 0.0450011240355 0.0252476517339 0.0928378873853 0.00870667435402 0.0133149258648 0.5169840086 0.189960848276 0.024689812685 -0.00633875977445 0.00489618770968 0.0355549838436 0.0290871295641 -0.00776465523128 0.0272320644016 0.0162452598696 0.011919662582 0.011674575467 0.00435749550969 -0.00524877309259 0.0166185845005 -0.0177955636466 0.070234415936 0.0222462873046 -0.00163841755375 -0.011406735707 0.0316085268091 0.0044001214304 0.0443285872109 0.0346859551902 0.0281095279258 0.0359300189104 
0.0214367192929 0.0338118832485 0.00131537878402 0.0102963710431 0.0269870159068 0.0391271946703 0.00701404150834 0.0218906619022 0.00805672547799 0.0378316421038 0.00717499842067 0.110435861687 0.0191160649661 0.0220193918343 0.189960848276 0.54765450542 0.0177171094999 0.0128967318194 0.0228532061577 0.0319691323999 0.030044516073 0.0359443977438 0.032343901078 0.010938894656 0.014083519501 -0.00834311975486 0.000516735287222 0.00336949063372 0.00522738497593 0.00075261944205 0.0721267814023 0.0325215413924 0.00614487455415 -2.61719542911e-05 0.0394080502944 0.00988171092361 0.0334412811716 0.0189695498823 0.0712581925745 0.0148017929896 
0.0361247452045 0.00307215347902 0.0116332565846 0.00440071964731 0.0258502256478 0.0225336855823 0.0183367020143 0.0166835343049 0.0137667535424 0.0222707887828 0.0807871139243 0.020997160435 0.030127637066 0.0222408683927 0.024689812685 0.0177171094999 0.447521694728 0.0205759367667 0.0122560956958 0.0122163951818 0.0138615406326 0.00962820588149 0.0112544748638 -0.00540697292674 0.00946783199631 0.00788713875156 0.00797674905393 0.008368903565 0.0277408751855 0.00284899139429 0.0204915703198 0.00867242048495 0.0167281412441 0.0158636445756 0.0202528192618 0.0227397905175 0.0265716046119 0.00664950365138 0.0286787199559 0.000622966320312 
0.0181507743834 0.010922139755 0.0384779884102 0.02287900676 0.0372870090693 0.021068705458 0.00672797326756 0.018638656583 0.00587407692777 0.00518925177226 0.0125782435015 0.0229589611379 0.0193429287244 0.0182057407604 -0.00633875977445 0.0128967318194 0.0205759367667 0.292320782128 0.00322547029589 0.00937186535241 0.0429301513476 0.0150676211592 0.00367831226516 0.0385087078453 -0.0109227469972 0.0124067301812 0.0032830129692 0.0354848720396 0.0438412081146 0.0189322008716 0.0595640676341 0.0169878173919 0.0405910626808 0.02944468278 0.0423390008137 0.0286923491511 0.0149228001034 0.00671736750626 0.0235432803221 0.0125716132162 
0.0182535051962 0.0209018984923 0.0179382023365 0.0258793748683 0.00853277570484 0.0146760315121 0.00066225230499 0.0367014252698 -0.0126054826287 0.00386446104712 0.0177137020141 0.0135435099772 0.00720772950848 0.0818498056378 0.00489618770968 0.0228532061577 0.0122560956958 0.00322547029589 0.403331115276 0.0105641869021 0.0178292320027 0.014715968213 0.0138626420811 0.0327671790651 0.00290746818262 0.0218819277609 0.019006272953 0.0189737132655 0.00606546606739 0.00705044808487 0.0267546201613 0.00268277540181 0.0235493334849 0.0268091368083 0.0119801486666 0.0303223655662 0.0176013030858 0.0218499479588 0.00809343436898 0.0109882047702 
0.0282471997307 0.0296681072935 0.020177821786 0.0263219514938 0.0216712677849 0.0181994024799 0.0248652994565 0.0715206667464 0.00528010863646 0.0312428660027 0.0151226225025 0.00772058171058 0.0134226779209 0.0446653068256 0.0355549838436 0.0319691323999 0.0122163951818 0.00937186535241 0.0105641869021 0.968461888739 0.027085113114 -0.00342886101401 0.0355514777489 0.0710427794178 0.0101235414475 0.0363270315127 0.0545047170445 0.0213381803135 0.0407443826843 0.0306205068162 0.0852291576343 0.00308457362351 0.0156734441426 0.0370344148136 0.0421466728304 0.0672212138499 0.103064336945 0.0393810196022 0.034951764019 0.037013395282 
0.0224311138979 0.0200696676361 0.0325617155859 0.0161001180312 0.0243603046638 0.0321626589557 0.012024006866 0.0193831972572 0.0153654708576 0.012525332763 0.0143093897924 0.0127824641109 0.00884789994517 0.0333209955812 0.0290871295641 0.030044516073 0.0138615406326 0.0429301513476 0.0178292320027 0.027085113114 0.224380399975 0.0184560487936 0.0183781461 0.0111458747081 0.00633475650597 0.0207141641771 0.0325470985 0.0132139899831 0.0227094101763 0.010224202709 0.0496395790196 0.0280190763891 0.0168215089705 0.0194154939834 0.0250974412721 0.0226783802187 0.013203175372 0.0213031412293 0.0390290121219 0.0223474685081 
0.0122321494209 0.017591489545 0.0147912827659 0.0159410371003 -0.000387602633891 0.0118513855281 -0.00533695560419 0.0118436849744 -0.0034730958633 -0.00452982330553 0.00957832949077 0.0121795971303 -0.00374782262391 0.0074980379482 -0.00776465523128 0.0359443977438 0.00962820588148 0.0150676211592 0.014715968213 -0.00342886101401 0.0184560487936 0.264334083591 0.0258870590322 -0.0209736097432 0.000832591093913 0.0121766900004 0.0210839339681 0.0238794485983 0.015436632004 0.0178984337653 0.0285469178629 0.0116454786506 0.010121815727 0.0106330727555 0.0172744437772 0.0131793348263 -0.000733212012702 0.0268815097056 0.029036520282 0.0162444524116 
0.0115217611457 0.0111494893981 0.00987713253527 0.00386870107167 0.00539666844376 0.017321214544 0.00544180587509 0.0214706473838 0.00406172693869 0.0138209726384 0.0105008118685 0.00365996131075 0.0121093555402 0.00878880606193 0.0272320644016 0.032343901078 0.0112544748638 0.00367831226516 0.0138626420811 0.0355514777489 0.0183781461 0.0258870590322 0.232081448854 -0.00770155347235 0.0156986718723 0.0238953400471 0.0447058835834 0.00345431012131 0.013861493088 0.0103717037888 0.0367377872383 0.0132295061871 0.00633874352937 0.0225501452239 0.0249088133959 0.0239500413398 0.0239668632027 0.0223405226746 0.041118890847 0.0130467112819 
0.0183513556312 0.0186504766372 0.01896094551 0.0225005159476 0.0277661728156 0.00435719205 0.0173339466614 0.027099147618 0.0257327624521 0.0308263858622 -0.0336352443349 0.00493162114752 0.0137274379739 0.0192558483841 0.0162452598696 0.010938894656 -0.00540697292674 0.0385087078453 0.0327671790651 0.0710427794178 0.0111458747081 -0.0209736097432 -0.00770155347235 0.436075399982 0.0155163972963 0.0251225207207 0.0235294304651 0.0220410466876 0.0239117166334 0.0127361355345 0.0367369614654 0.017068295345 0.0143953455 0.0178820496392 0.0076838174686 -0.000792362249516 0.00919090821579 0.0226713300533 -0.00219802136348 0.0248338000841 
0.0135882284767 0.0341935111119 0.0141531310258 0.00872657794465 0.0133541744058 0.00654121074491 0.00861986717435 0.0174229509569 0.017297672163 0.0169401400105 0.0163001383916 0.0185878152291 -0.00331841536925 0.016298261837 0.011919662582 0.014083519501 0.00946783199631 -0.0109227469972 0.00290746818262 0.0101235414475 0.00633475650597 0.000832591093913 0.0156986718723 0.0155163972963 0.207709857461 0.0134982000918 0.0203475893638 -0.00133238179075 0.00150656373371 0.0073180662411 0.0109158584952 0.0115934294595 0.0153913659887 0.00878419769598 -0.00283311825524 0.0176394957275 0.010517644651 0.0264156834853 -0.000184422419871 0.00618438825768 
0.0119944158081 0.0880665096781 0.0236795048404 0.0216345147523 0.0219817198886 0.0119390968184 0.00783197774533 0.0187489816662 0.00646091460848 0.0116945228697 0.033186371121 -0.0040904248983 0.0140763148768 0.0355444341265 0.011674575467 -0.00834311975486 0.00788713875156 0.0124067301812 0.0218819277609 0.0363270315127 0.0207141641771 0.0121766900004 0.0238953400471 0.0251225207207 0.0134982000918 0.607430543229 0.0178716939548 0.025324106808 0.0114210388059 0.0369479280368 0.0457771975693 0.0128476942997 0.0117870431832 0.0164891459153 0.0188214003927 0.0311130308537 0.0257215598052 0.0171461008063 0.00152777312943 0.0171579004569 
0.0118679687638 0.00916351412621 0.0300752949097 0.00548869861421 0.0140263411341 -0.00441440910901 0.00461115896786 0.0411385829282 0.00264230579527 0.0159932843698 0.0168940405253 0.00222901300845 0.0028418534729 0.0237364634271 0.00435749550969 0.000516735287222 0.00797674905393 0.0032830129692 0.019006272953 0.0545047170445 0.0325470985 0.0210839339681 0.0447058835834 0.0235294304651 0.0203475893638 0.0178716939548 0.746940940557 -0.0119519101439 0.0123213119938 0.0345494035562 0.0712957400451 -0.00251901428921 0.0227447419853 0.0166582134106 0.021132113687 0.0245210666179 0.0351178012133 0.0783363750383 0.0178661123086 0.0266181055883 
0.0115296269605 0.012825182378 0.0103254816935 0.0202959156703 0.0245602323065 0.022423530856 -0.00464927603539 0.00585203818033 0.0117791583313 0.0195136583679 0.0284858313871 0.0200892318442 0.0171298831904 0.00934130262437 -0.00524877309259 0.00336949063372 0.008368903565 0.0354848720396 0.0189737132655 0.0213381803135 0.0132139899831 0.0238794485983 0.00345431012131 0.0220410466876 -0.00133238179075 0.025324106808 -0.0119519101439 0.214560841171 0.00177497809418 0.0128171442222 0.0216448162779 0.00281581832373 0.0151471534265 0.00884243034163 0.0235444595023 0.0166255963782 -0.00103812521748 0.0273019408318 0.0241729088809 0.00749355840566 
0.0241642164303 0.0191479622287 0.0295980614492 0.0140422909234 0.0154155798551 0.0185327686645 0.00851060425965 0.0197599124783 0.00357911097276 0.00440204320225 0.00532403089305 0.0130813973859 0.019742617562 0.0107746654021 0.0166185845005 0.00522738497593 0.0277408751855 0.0438412081146 0.00606546606739 0.0407443826843 0.0227094101763 0.015436632004 0.013861493088 0.0239117166334 0.00150656373371 0.0114210388059 0.0123213119938 0.00177497809418 0.192984961449 0.0121719459505 0.0271425991043 0.0150905204682 0.022366010801 0.0182767854988 0.0298454646828 0.0218364468204 0.0334716470719 0.00893312903121 0.0339202496289 0.0171764495627 
0.00601169207953 0.0239039720155 0.0290307625904 0.0114671534763 0.0212517666484 0.0280260280628 0.0172981463764 0.0131601393712 0.00659426141775 0.00847976881425 0.0267365696336 -0.00676664227 0.0109686666379 0.0185192587566 -0.0177955636466 0.00075261944205 0.00284899139429 0.0189322008716 0.00705044808487 0.0306205068162 0.010224202709 0.0178984337653 0.0103717037888 0.0127361355345 0.0073180662411 0.0369479280368 0.0345494035562 0.0128171442222 0.0121719459505 0.252234972049 0.0265144138189 0.00163251270031 0.0188225222098 0.00706200864475 0.0179232819954 0.0135932714681 0.0240936362045 0.00298466382091 0.00908264428848 0.0140735204899 
0.0448396016207 0.0458413643589 0.0402594333879 0.0417133498573 0.0223940626785 0.0284755196386 0.0208154109804 0.0204822462961 0.0191981617154 0.000368795764141 0.0322884764567 0.0252382576614 0.00987359974985 0.129281077432 0.070234415936 0.0721267814023 0.0204915703198 0.0595640676341 0.0267546201613 0.0852291576343 0.0496395790196 0.0285469178629 0.0367377872383 0.0367369614654 0.0109158584952 0.0457771975693 0.0712957400451 0.0216448162779 0.0271425991043 0.0265144138189 0.559819771664 0.00837155033304 0.020720204683 0.0313231396997 0.0614844810261 0.0668297458275 0.0353770562875 0.0347411445414 0.0558917972287 0.0327245252956 
0.00707095868334 0.00444546490987 0.0279149604792 -0.000134170087672 0.00615980791857 0.0157234440993 0.00791594375722 0.0142015077425 0.0115679811072 0.0215920461547 0.00164392007224 0.0177791753153 0.0209638087759 0.0107269588262 0.0222462873046 0.0325215413924 0.00867242048495 0.0169878173919 0.00268277540181 0.00308457362351 0.0280190763891 0.0116454786506 0.0132295061871 0.017068295345 0.0115934294595 0.0128476942997 -0.00251901428921 0.00281581832373 0.0150905204682 0.00163251270031 0.00837155033304 0.162635783492 0.0305075607413 0.0137031729372 0.0223374555923 0.0115092181596 0.0042559671065 0.0119525155163 0.018617899542 0.00678213329993 
-0.00656261001484 0.00643690050102 0.0404276999069 0.0242498109893 0.0242325426338 0.015711923622 0.00615781632398 0.00678660110466 -0.000266862262349 0.00257885540979 0.0113190497499 0.0129786199255 -0.00160895131177 0.0109950181717 -0.00163841755375 0.00614487455415 0.0167281412441 0.0405910626808 0.0235493334849 0.0156734441426 0.0168215089705 0.010121815727 0.00633874352937 0.0143953455 0.0153913659887 0.0117870431832 0.0227447419853 0.0151471534265 0.022366010801 0.0188225222098 0.020720204683 0.0305075607413 0.206224469466 0.0185400207548 0.0333459649842 0.0236896222268 0.0106246873404 0.0240490662496 0.0182001150722 0.0111796629188 
0.0179670644985 0.0189385000054 0.0180356569449 0.014565551449 -0.00364267200132 0.0197837241224 0.00695957163545 0.0411325162066 0.00430661085707 0.00232304095069 -0.0133815307849 0.0060697067941 0.011673700173 0.0174721861341 -0.011406735707 -2.6171954291e-05 0.0158636445756 0.02944468278 0.0268091368083 0.0370344148136 0.0194154939834 0.0106330727555 0.0225501452239 0.0178820496392 0.00878419769598 0.0164891459153 0.0166582134106 0.00884243034163 0.0182767854988 0.00706200864475 0.0313231396997 0.0137031729372 0.0185400207548 0.196663736134 0.0390746747568 0.0280363348658 0.0607815741641 0.020653486973 0.0158072061593 0.0220304409539 
0.0388556511668 0.0238451170358 0.0328056042986 0.0243460028552 0.0150536175153 0.0258987875008 0.0123902583973 0.0370605343539 0.012068945338 0.0230371926705 0.0125445545836 0.021743990862 0.0342224808984 0.0162875791931 0.0316085268091 0.0394080502944 0.0202528192618 0.0423390008137 0.0119801486666 0.0421466728304 0.0250974412721 0.0172744437772 0.0249088133959 0.0076838174686 -0.00283311825524 0.0188214003927 0.021132113687 0.0235444595023 0.0298454646828 0.0179232819954 0.0614844810261 0.0223374555923 0.0333459649842 0.0390746747568 0.283066182975 0.0409120857994 0.0609872615037 0.028822571605 0.0346094468846 0.0213866628478 
0.019188516599 0.0169216148199 0.0338789481726 0.0145813612367 0.0138806581193 0.0165514745805 0.00209286693254 0.0174859515712 0.00406393477626 -0.0107549488901 -0.00911610094441 0.00347830217962 0.0225860622212 0.0479264959734 0.0044001214304 0.00988171092361 0.0227397905175 0.0286923491511 0.0303223655662 0.0672212138499 0.0226783802187 0.0131793348263 0.0239500413398 -0.000792362249516 0.0176394957275 0.0311130308537 0.0245210666179 0.0166255963782 0.0218364468204 0.013593271468 0.0668297458275 0.0115092181596 0.0236896222268 0.0280363348658 0.0409120857994 0.342879589428 0.0296196182736 0.0145541716649 0.0258019507881 0.0237083893074 
0.0341480722642 0.039445269253 0.0238884452015 0.0142134855033 0.0238729663694 0.0278845562633 0.01129995419 0.153085476195 0.00994217181131 0.0230222952357 -0.00369747199431 0.0162813109075 0.0139518181385 0.0284182282956 0.0443285872109 0.0334412811716 0.0265716046119 0.0149228001034 0.0176013030858 0.103064336945 0.013203175372 -0.000733212012702 0.0239668632027 0.00919090821579 0.010517644651 0.0257215598052 0.0351178012133 -0.00103812521748 0.0334716470719 0.0240936362045 0.0353770562875 0.0042559671065 0.0106246873404 0.0607815741641 0.0609872615037 0.0296196182736 0.353433110126 0.0236845648688 0.0325791359679 0.0316027844812 
0.0143961246684 0.039267297502 0.013618677156 0.0179849187893 -0.00405434095665 0.024906923284 0.0210806064566 0.0275225841912 0.0147273258076 0.015029979848 0.00903540105795 0.00724181910728 0.0186400722926 0.0164916484844 0.0346859551902 0.0189695498823 0.00664950365138 0.00671736750626 0.0218499479588 0.0393810196022 0.0213031412293 0.0268815097056 0.0223405226746 0.0226713300533 0.0264156834853 0.0171461008063 0.0783363750383 0.0273019408318 0.00893312903121 0.00298466382091 0.0347411445414 0.0119525155163 0.0240490662496 0.020653486973 0.028822571605 0.0145541716649 0.0236845648688 0.430566991303 0.0261452922158 0.0340908517447 
0.0404685105366 0.0288594002671 0.0195659665218 0.0204058447198 0.0269321495077 0.0259740744898 0.00653355575227 0.0145555012307 0.010511416169 0.00922945105788 0.0246881884362 0.0266897071967 0.00254450375118 0.0598802953355 0.0281095279258 0.0712581925745 0.0286787199559 0.0235432803221 0.00809343436898 0.034951764019 0.0390290121219 0.029036520282 0.041118890847 -0.00219802136348 -0.000184422419871 0.00152777312943 0.0178661123086 0.0241729088809 0.0339202496289 0.00908264428848 0.0558917972287 0.018617899542 0.0182001150722 0.0158072061593 0.0346094468846 0.0258019507881 0.0325791359679 0.0261452922158 0.467344969963 0.0263220297856 
0.0365938272941 0.038523412177 0.0126154117212 0.0246877559768 0.00971385013983 0.0193530128807 0.00759790392762 0.0187527327196 -0.00222056924745 0.0212935946313 0.00739051308203 0.0052818823203 0.0219289332036 0.0333797008233 0.0359300189104 0.0148017929896 0.000622966320312 0.0125716132162 0.0109882047702 0.037013395282 0.0223474685081 0.0162444524116 0.0130467112819 0.0248338000841 0.00618438825768 0.0171579004569 0.0266181055883 0.00749355840566 0.0171764495627 0.0140735204899 0.0327245252956 0.00678213329993 0.0111796629188 0.0220304409539 0.0213866628478 0.0237083893074 0.0316027844812 0.0340908517447 0.0263220297856 0.192724792923 

['NAV', 'CBE', 'MTB', 'ABK', 'SNA', 'MCK', 'NOVL', 'UNP', 'PBG', 'DYN', 'ZMH', 'XOM', 'STZ', 'TIF', 'BJS', 'EOG', 'BMET', 'GDW', 'HAS', 'PMCS', 'SPG', 'ACV', 'TYC', 'AV', 'RX', 'DRI', 'TEK', 'GCI', 'LNC', 'ABT', 'DHI', 'AEE', 'ASO', 'UPS', 'BEN', 'LTD', 'BNI', 'HPC', 'GILD', 'EMR']