60
0.0330111524363 0.0565518641406 0.0244433913508 0.0270240384822 0.15397042743 0.0576577356707 0.0270000307956 0.0218855159469 0.135299445153 0.0426672552596 0.0715007016099 0.0220144037379 0.0297209295042 0.0285158318856 0.0442230302855 0.0299059053764 0.07971303899 0.0375994121509 0.0604038345904 0.0631330997176 0.0446705301477 0.0162161188728 0.0211692002509 0.0180781461794 0.106366385329 0.0794924924591 0.0594687244428 0.275379497042 0.0231877092109 0.0487859931196 0.0439476996979 0.0054327763703 0.005148759701 0.0308834605432 0.478952808182 0.0378384564622 0.0784336943662 0.0843714281037 0.0253746335001 0.0832698050771 0.070265204238 0.0752984700253 0.023015295127 0.0425593974561 0.128222495688 0.0271794955288 0.0359279599811 0.0231907610599 0.0523918745475 0.0214039426083 0.0428749123775 0.208286894217 0.126958151155 0.0253425298527 0.0256345374975 0.0132097716294 0.0441448787565 0.0597278634654 0.0255121646837 0.22311845274 
0.312104737626 0.0178727296606 0.0160046509107 0.0130716696307 0.0209649503428 0.0116882225688 0.0297689588298 0.014649825988 0.00886993078789 0.016703145022 0.00958207269906 0.00243731832526 0.00819589350428 0.0185303437034 0.0378840813956 0.008618945277 0.0217865211276 0.0173427967371 0.00397642206315 0.00847722125361 0.0231736026133 0.00949836977739 -0.00834266018616 0.00943716149848 0.00901652894269 0.0436603099972 0.0174460373554 -0.0276641836696 -0.00600894937698 0.0200462164806 0.0188376546177 0.0103430671875 0.00565436993635 0.0240893243087 0.0160140991997 0.00107181316454 0.021603312052 0.0255385938276 0.0201198829599 -0.00747939754284 0.0147308698966 0.0129362401447 0.0228278866208 0.0317618841644 0.0461947216824 0.0253133526895 0.0268428132849 0.0136150712252 0.023778505403 0.0356063752486 0.0141500858676 0.0246169693141 0.0158004178797 0.0165281264924 0.0146506680498 0.0131654361984 0.0208951750864 0.0307606818496 0.0137266233695 0.0319175437258 
0.0178727296606 0.224387465014 0.00399215091902 0.0173442672346 0.0231041254427 0.082498015833 0.0253551501301 0.012912131691 0.0236273666245 0.070467089689 0.0281221753276 0.0290744686555 0.00729919719423 0.0179151877128 0.0246801234629 0.0132818229249 0.0161943067288 0.0096435040326 0.0176242578276 -0.0117630366394 0.0207312506695 0.0156141979984 0.00256448934854 -0.00900602406075 0.00187403944249 0.0220093303706 0.00647715923425 -0.00490726237426 0.0089792659289 0.0137714840901 0.00363213346087 0.00823175548421 0.0156698114966 0.0131082007337 -0.0109172245111 0.00432907367973 0.00965424883651 0.0226073053677 0.0298941723223 0.0179625797774 0.00980502292074 0.00583144762596 0.012982912763 0.0271583072238 0.0290386832633 0.0150906518895 0.0203608773739 0.0142521783989 0.0370794534756 0.0165631919242 0.0230093274038 0.0268448701781 0.0264920542436 0.0145299679862 0.00627423572751 0.00163552135675 0.0332745008151 0.0225594782996 0.0113421339627 0.0289256560908 
0.0160046509107 0.00399215091902 0.179904095521 0.0203009110526 -0.00715053544162 0.0119382939844 0.0205549140188 0.000215251449344 0.0126620130224 0.00581856634287 0.0183512989377 0.00632661861092 0.0188192784722 0.00791056245165 0.0160232414666 0.0122637857599 0.00336733912724 0.0155890326129 -0.000894484234603 0.0330886869132 0.00463483025645 0.00416698530998 0.0101738903844 0.0130100282385 -0.00580923480392 0.00403391705822 0.00248909972671 0.0118046115286 0.000674427099109 0.00535399751828 0.00382374200105 0.0138554381196 0.00586385654023 0.0183269111056 0.0129086718212 0.0144668781945 0.0113077989636 0.0307063274357 0.0106784037563 -0.00284942541088 -0.0051167918038 0.0182617632899 0.00892673793616 -0.00863796560955 0.010612784537 0.0137191713332 0.0114059031348 0.0108562428345 0.00673367916601 0.0128083243126 0.0171149959307 0.00326332908003 0.00206983947892 0.00619210661538 0.0134772835884 0.0178936799571 0.0203394136515 0.0128696885736 0.0199481141369 -0.00218400096144 
0.0130716696307 0.0173442672346 0.0203009110526 0.222778386842 -0.0103234926305 0.0102266454894 0.00246504952153 0.0176073029549 -0.00459080826722 0.0197463441493 0.00808415260716 0.0088790169132 0.00209166185274 -0.00854680688834 0.016153490075 0.0055686746136 0.00658496416408 0.00840163417971 0.0124554795768 0.0210062649681 0.0120043278797 0.00655751358566 -0.00177529603417 0.0134633127389 -0.00121585911057 0.00432415006596 0.00730402188303 0.00115726886274 -0.00409973300904 0.0225151619859 0.0102738556764 0.0159268934499 0.0096669622294 0.0255966629445 -0.00759952546247 -0.00459790367985 0.0115356720679 0.0103275255984 0.0135090538893 -0.00720947489234 -0.003998240968 0.0111828432321 0.0283444427381 0.00771204513473 0.0361758973486 0.00623150389387 0.0117620862154 0.00756285149067 0.00186585232562 0.00142122152654 0.018071056312 0.0125057341039 -0.00584764582979 0.0333748427598 0.00062280836072 0.0159641960412 0.0372151482551 0.000422625110328 0.0164289151425 0.0135436785527 
0.0209649503428 0.0231041254427 -0.00715053544162 -0.0103234926305 0.57187029421 0.0152806707 0.0146606048383 0.00471224513809 0.121898418604 0.0210565462342 -0.00316272342512 0.0190948658601 0.00357212991673 0.0223137833351 0.0440622817493 0.0012948850586 0.00282621655833 0.00811575485301 0.041569237485 0.0218977316095 0.00981924981446 0.0248554258253 0.026134134401 0.0109472463637 0.12445887468 0.0148215626527 0.0348436586178 -0.0147810392345 0.0190746375321 0.0159058550438 -0.00584418541085 -0.00140484561259 -0.00177584198836 -0.00367395133023 0.0188844593247 0.0288824309125 0.00940662655153 -0.00183356059514 0.00975720847229 0.0996695218799 0.0469319194185 0.0266859003858 0.00804350457194 0.0336140498882 0.0492561458793 -0.00323607417326 0.000968074173071 -0.00780233045415 0.00851916451398 0.0344488200997 0.00353520290831 0.0212525942387 0.154893012777 0.0107385222388 -0.00149852129758 -3.83155736192e-05 0.0123406274383 0.0242125471394 0.00140614614568 0.03030543474 
0.0116882225688 0.082498015833 0.0119382939844 0.0102266454894 0.0152806707 0.224074299175 0.0246334624616 0.00233699204631 0.0137216126799 0.0652512074113 0.0134879276123 0.0262539211393 0.0217823018632 0.014113403884 0.0172550377067 0.0107895749909 0.0269719774819 0.023549888526 0.0193498008201 0.0100009920554 0.0132812448645 0.0247262058422 0.00483315301758 0.00174391752525 0.0126124979209 0.0261622058751 0.00967884471044 -0.00126552084713 0.0163965797594 0.00437372269682 0.0144607229006 0.0131236775103 0.012653487439 0.00874232852658 -0.00784882147706 0.0221469808749 0.0052889263464 0.00957884261931 0.00875008757088 0.00431377505859 -0.00440125262421 0.00589434627197 0.0121631535555 0.0237653267227 0.0345466204381 0.0103473151422 0.0142274249418 0.0171996844884 0.0164730750785 0.037211263827 0.0157335563554 0.033323004928 0.0253757230249 0.0192626512243 0.0186267870039 0.0124436166717 0.0321411910785 0.0124476192556 0.0124226230044 0.0397251449087 
0.0297689588298 0.0253551501301 0.0205549140188 0.00246504952153 0.0146606048383 0.0246334624616 0.208783077641 0.0108602643307 0.0343787000671 0.0262291491181 0.00872845920159 -9.62697158677e-05 0.00310297905574 0.0101178182138 0.0347425993888 0.00976013684287 0.0240351658204 -0.00109072700079 0.0254855787074 0.0355932575925 0.0179315931925 0.00947524338358 0.021638439577 -0.00339003542727 0.00603178410297 0.0204948656141 0.0166880246078 -0.0166379591548 0.000917687943271 0.00927390090118 0.0107549839354 0.0124717302965 0.0159973856489 0.0116802168769 0.00977757098986 0.0115249778364 0.0289959355035 0.00539572671117 0.0196226501727 0.012996871063 0.0171292591394 0.0290259629462 0.0135277634193 0.0314735739237 0.0270441427991 0.0236970410223 0.000288497549618 0.0105131180241 -0.00208684660603 0.0265509591028 0.010660825589 0.0130387537135 0.0247355139298 0.00993296895863 0.0121701435254 0.01881908273 0.0291879729902 0.0322283801811 0.00446721254751 0.0223513601976 
0.014649825988 0.012912131691 0.000215251449346 0.0176073029549 0.00471224513809 0.00233699204631 0.0108602643307 0.157500987701 0.0101324440828 0.00650985020051 0.00490766915151 -0.00222783169183 0.00683657792147 -0.00294872240205 0.000935588680619 0.0200225084897 0.000926582277571 0.0115456345478 0.00202785676914 -0.00552129576964 0.000380730593716 0.00588426728568 0.00537603141383 0.0122532454504 0.00921075657373 0.00249494689318 0.0017619610341 0.0276636813713 0.00468814891877 -0.00101944265168 0.00853340402431 0.0125188977501 0.0179316766523 0.00442517510874 -0.0121236233954 0.00182445083684 0.0065439933345 -0.00508510093728 0.00407112178717 0.00946851606525 -0.00155152265217 0.0055658784439 0.00855241253477 0.0128077013263 0.0062044653209 0.00232273507762 0.0045686481626 0.00256875196405 0.0204200961268 0.00747045434064 0.000315786176647 0.00539810802462 0.00976142261092 0.017723209816 0.0196101063098 0.00708101049647 0.00984317276629 0.00514723293882 0.00941778386937 0.00145429228959 
0.00886993078789 0.0236273666245 0.0126620130224 -0.00459080826722 0.121898418604 0.0137216126799 0.0343787000671 0.0101324440828 0.493900962291 0.020911918405 0.011753905923 0.024849013605 0.0043843358339 0.0369931621279 0.0220030242803 0.00708893295821 0.014918121445 -0.00765382931998 0.0221883099718 0.0353860518545 0.0160389173959 0.0223325588251 0.0129414899227 -0.00559202039039 0.160068976752 9.50745836238e-05 0.0106562530829 -0.0318075294408 0.00697202681568 0.0255715746233 0.0117393042547 0.0145783835441 0.0179850244862 -0.00307981529783 0.00478871438735 0.034429002577 0.0142029003631 -0.0135778265035 0.0295255206489 0.13386802248 0.0191975403533 0.0554569041966 0.0151478828854 0.0101263127217 0.0211528751737 0.00443488197151 0.00929699790039 0.00744398526362 -0.000651366039371 0.050232523695 0.0113446461161 -0.0182498160217 0.110983467928 -0.00690913228935 0.00112074384944 -0.00390862468135 0.0237255524589 0.0306866378722 0.0035715575275 0.0368907493623 
0.016703145022 0.070467089689 0.00581856634288 0.0197463441493 0.0210565462342 0.0652512074113 0.0262291491181 0.00650985020051 0.020911918405 0.190115423183 0.011965942557 0.0235982958165 0.0128890706848 0.012729440662 0.0217194440518 0.0213723647235 0.00771745097449 0.019423728839 0.0134876100214 0.00262252959255 0.00991838430744 0.0230159230548 0.013240314317 0.00228145633221 0.00277771256842 0.0167289811464 -0.00465742932775 -0.00150445890683 -0.000280523942997 0.00403082805727 0.00842658775732 0.0178557486642 0.0101527058796 0.0125714153345 -0.00659944815757 0.0100581798184 0.00768716999083 0.0150003767185 0.00239772747642 0.00749578533774 -0.00230510559062 0.00367113193321 0.0179105391947 0.0209902897696 0.0267497133 0.0056854070272 0.00412808703435 0.017161910608 0.0235540749173 0.0235560612062 0.0230803245205 0.0193387980117 0.0239559837878 0.0160171630876 0.00585275044281 0.0163763806754 0.0431020775586 0.020837668026 0.00765864559442 0.0134544167098 
0.00958207269906 0.0281221753275 0.0183512989377 0.00808415260716 -0.00316272342513 0.0134879276123 0.00872845920159 0.00490766915151 0.011753905923 0.011965942557 0.587159590505 0.0191515096772 0.0280137175445 0.0210483809055 0.00676600935537 0.00818216661706 -0.00266923982328 0.00156873022418 0.0233578561736 0.0222692845203 0.0336007584058 0.0108673845157 0.0033361162735 0.00165809105068 -0.00621831463892 0.00885413317599 0.0210979682437 -0.0195593269969 0.011768965864 0.0177164967505 0.0188193625765 0.0180122876476 0.0140040726692 0.00685014822923 0.00515581836709 -0.000780257962777 -0.00280189443737 0.0277662726551 0.00728989220522 -0.00292868381772 0.0289989378732 0.0318541818644 0.00640934882554 -0.00226335272812 0.00177031577054 -0.00291447416469 -0.000598923839156 0.00976121918017 -0.00277065220816 0.0122219417247 0.0200635549928 0.00651881818452 -0.00995948212585 0.0125544152501 0.00822745542818 0.00624206714641 0.0160814706036 -0.00543116620546 0.0129840774896 -0.00345894535097 
0.00243731832526 0.0290744686555 0.00632661861092 0.0088790169132 0.0190948658601 0.0262539211393 -9.62697158698e-05 -0.00222783169183 0.024849013605 0.0235982958165 0.0191515096772 0.169769841699 0.00020565118198 0.0405528379264 0.0157380292662 0.0125561986182 0.00884723749069 0.0131699405044 0.0127162864157 0.000638983702855 -0.00368886111389 0.046253980649 0.00634691871164 0.00763056646241 0.00828774329365 0.00866673765056 0.00723250917036 0.0161372877939 0.00218794336977 0.0198774022027 0.0134145853911 0.00958923646333 0.0120197391494 0.0181077670272 -0.0240268491024 0.0161565963267 0.00863061180667 0.0117212116704 0.00350588372476 0.0133878651268 -0.001813093552 0.0102975355772 0.0102625930208 0.00530080757757 0.00690742103477 -0.000750052063948 0.0127592163333 0.0066380435274 0.022134565846 -0.00412729893542 0.0124453153263 -0.0103498571102 0.0326658749813 0.00223512452012 0.012678718864 0.000860682119261 0.00533785430581 0.00683718482035 0.0186254988543 0.03230831179 
0.00819589350428 0.00729919719423 0.0188192784722 0.00209166185274 0.00357212991673 0.0217823018632 0.00310297905574 0.00683657792147 0.0043843358339 0.0128890706848 0.0280137175445 0.000205651181981 0.216471526168 0.00552668529603 0.000400891374081 0.0260174402284 -0.00146416085485 0.00803451988089 -0.00125020532092 0.0138019945878 0.00974718043772 0.00340970187893 0.00484706632762 0.00106017928831 -0.0145531885902 0.0181502251795 0.00445018077987 0.0119550577766 0.0056141099411 0.00566436532648 0.00394605300496 0.0105209045325 0.00539194787824 0.00842515153026 -0.0144361098443 -0.00770782503299 0.00574917772472 -0.0061445683174 0.0116504756894 -0.00255731818203 -0.00427369311722 0.0181327194082 0.00488134790187 0.00404015399033 0.0061431007376 0.00406640028934 0.00566111921717 0.00932587146522 0.0178800538174 0.0205334239199 0.0122722888556 0.00343596024511 -0.00290332309295 0.0140277484425 0.0102349371033 0.0121272941577 0.00152238594135 -0.00875234161181 0.00708041970743 -0.00237814952924 
0.0185303437034 0.0179151877128 0.00791056245165 -0.00854680688834 0.0223137833351 0.014113403884 0.0101178182138 -0.00294872240205 0.0369931621279 0.012729440662 0.0210483809055 0.0405528379264 0.00552668529603 0.183929729851 0.0148235703178 0.00551666346087 0.0037686507735 0.0155411985075 0.0117436427394 -0.00228363350289 -0.0064272765087 0.0474263164897 0.0191510090959 0.00334763880224 0.0512378700993 -0.00260489411969 0.00334640434769 0.00022848701931 0.00549942297392 0.0163113762497 -0.0110027025722 0.00271524794127 0.00947887812979 0.0225119146806 -0.00439585474093 0.0118260064886 0.00673048918849 0.00345295692712 -0.00139225969373 0.0414136741301 0.0098429187602 0.0171743643836 0.00961603942049 0.00160850319095 0.0150095794608 0.0104087136 0.0153901016939 0.00355672689516 0.00611986508706 0.00645849169394 0.0149759830953 0.0107176525313 0.0378747379689 0.00629424902457 0.0115248523348 0.00849657606124 0.0290062285501 5.46502145572e-05 0.0102816427646 0.0325343230088 
0.0378840813956 0.0246801234629 0.0160232414666 0.016153490075 0.0440622817493 0.0172550377067 0.0347425993888 0.000935588680619 0.0220030242803 0.0217194440518 0.00676600935537 0.0157380292662 0.000400891374079 0.0148235703178 0.190092168302 0.0165477201247 0.0169697126128 0.0142723209652 0.0352183316776 0.0430404089334 0.0112450821535 0.018355989489 0.00376087181812 0.00370211415812 0.0228241639241 0.0264829018531 0.0266637875083 -0.0173278700043 0.00786617976531 0.0254384690644 0.00122460251212 0.0103629474749 0.00872019167386 0.0117608911903 -0.00431709738698 0.00884513989133 0.0188572510767 0.0194927087927 0.0261494494598 0.0205927576196 0.0110478306828 0.0272069695406 0.0188029025872 0.0222314558683 0.0319540667523 0.0154555330554 0.0250140413969 0.0162708758606 0.019583770215 0.0241807977661 0.022161475496 0.0193608460562 0.0189945650544 0.0171939553169 0.0083353590824 0.0193321862562 0.0238389246349 0.0349221160485 0.0296444662241 0.0305348508854 
0.008618945277 0.0132818229249 0.0122637857599 0.0055686746136 0.0012948850586 0.0107895749909 0.00976013684287 0.0200225084897 0.00708893295821 0.0213723647235 0.00818216661706 0.0125561986182 0.0260174402284 0.00551666346087 0.0165477201247 0.263247523905 0.00991992302863 0.0153172123931 0.0193621556222 0.00842893426536 0.0125511586526 0.00729356125526 0.00599565188456 0.00927987908148 -0.00442650449935 0.0367744591 -0.00116426471102 0.0130090307874 -0.0084508834151 0.0231633971568 0.0161094756226 0.0161396588196 0.00315796347391 0.0177310240333 0.00473408214323 0.0191361140915 0.00690301421983 0.00491162766564 0.0100521830094 -0.00427275470687 0.0168785735445 0.0343349373648 0.00949659735827 0.0452344722072 0.0241724976687 0.00101398960365 0.0161694080302 0.0455484673213 0.029967043274 0.0101621267048 0.0251708734526 0.0117091558223 -0.00263283925123 0.000684652715042 0.0006017837639 0.0117555781867 0.0292194812431 0.016784319644 0.0296735821123 0.00523831875238 
0.0217865211276 0.0161943067288 0.00336733912724 0.00658496416408 0.00282621655834 0.0269719774819 0.0240351658204 0.000926582277572 0.014918121445 0.00771745097449 -0.00266923982326 0.00884723749069 -0.00146416085485 0.0037686507735 0.0169697126128 0.00991992302863 0.481334482876 0.0098390293806 0.0204846345293 0.0250174143249 -9.42396408427e-05 -0.0085995761468 0.00583864133283 0.021528110218 0.0261383713971 0.0217958996211 0.00289807138879 -0.00371599513827 0.0524883602223 0.0428827877146 0.0214794162173 0.0278459486136 0.0203433176294 0.0072411946447 -0.00123660824971 0.00635604848478 0.0358838053842 0.0090617360492 0.0511081912429 0.0131379629639 0.00151444884934 0.00493470504692 0.00353702441759 0.02880367458 0.0316957544765 0.000190915921178 0.00970231725153 0.00137374272571 0.0775615161934 0.0243972476336 0.0201606270745 -0.0156095626469 0.0133722449061 0.0119552111493 0.0585631358817 0.0131691549876 0.0201681247116 0.00654219726415 0.00634779855955 0.0116470301801 
0.0173427967371 0.0096435040326 0.0155890326129 0.00840163417971 0.00811575485301 0.023549888526 -0.00109072700079 0.0115456345478 -0.00765382931998 0.019423728839 0.00156873022418 0.0131699405044 0.00803451988089 0.0155411985075 0.0142723209652 0.0153172123931 0.0098390293806 0.265976287125 0.0160276299714 0.0183046359801 0.00501468916732 0.00690492381294 0.000191771502513 0.00806776318511 0.0170945000659 0.0133439063842 0.0106341061227 -0.0131885380131 0.00534908545644 0.00858418413004 0.0118761127121 0.0122455192214 0.016092174994 0.00914141085996 -0.00409029233302 0.0133910721249 0.00541308521763 0.00410446534222 0.0105001428497 0.00718746805934 0.011647573207 0.00379815570493 0.00492358455765 0.020291297827 0.0160347092247 0.0212451434207 0.00855156938275 0.0204922109271 0.012488301836 0.00692736945977 0.00890676649511 -0.00495237272668 0.0176762978617 0.0161823763178 0.0255734869091 0.010087374624 0.0108390679838 0.00247900393759 0.0127836159455 0.000345144367627 
0.00397642206315 0.0176242578276 -0.000894484234603 0.0124554795768 0.041569237485 0.0193498008201 0.0254855787074 0.00202785676914 0.0221883099718 0.0134876100214 0.0233578561736 0.0127162864157 -0.00125020532092 0.0117436427394 0.0352183316776 0.0193621556222 0.0204846345294 0.0160276299714 0.266187791981 0.0264357040047 0.0551624262843 0.0159568091009 0.0160557468922 0.0124881720241 0.0104100621336 0.0321305478768 0.0253069808324 -0.0134925406339 0.00570916981469 0.00216599296741 -0.00626927635038 0.0271038122307 0.0062096329862 0.00200972901685 0.0571319784562 0.00285296906332 0.010422792413 0.0290924193802 0.00688302557121 0.022895554073 0.0163987884564 0.0356322590974 0.0172857813781 0.0406732685917 0.0288353675542 -0.00255218171555 0.0248053703866 0.00766439652703 0.00170455192165 0.0479247178421 0.0160308158759 -0.00593466457201 0.0102312135261 0.0161670374865 0.0133169297463 0.0177001231131 0.0311075309484 0.0410844088512 0.0161633124146 0.0470398186645 
0.00847722125361 -0.0117630366394 0.0330886869132 0.0210062649681 0.0218977316095 0.0100009920554 0.0355932575925 -0.00552129576964 0.0353860518545 0.00262252959255 0.0222692845203 0.000638983702854 0.0138019945878 -0.0022836335029 0.0430404089334 0.00842893426536 0.0250174143249 0.0183046359801 0.0264357040047 0.461503976223 0.0299513728491 0.00502873295325 0.00539317220104 0.0149375153306 0.0144962791338 0.0265622656107 0.0305529997476 -0.0172127078813 0.00847574422792 0.00105608495411 -0.00104595336746 0.0128397888298 0.000681520580736 0.00814371777517 0.00501243910473 0.000751828239307 -0.0110521355909 0.0339915294679 0.0227957051182 0.00938442656713 0.0181672738045 0.074208466388 0.0106140843387 0.0202796484906 0.0490401537938 0.0100765743686 0.00572092236999 0.0119891095955 -0.00116311628645 0.0334318073669 0.018031409045 0.0206114616096 0.0115839152881 0.0161859939147 0.0100615541475 0.0266993314636 0.00765118576005 0.0210465222835 0.00815385468192 0.0564803306826 
0.0231736026133 0.0207312506695 0.00463483025645 0.0120043278797 0.00981924981446 0.0132812448645 0.0179315931925 0.000380730593715 0.0160389173959 0.00991838430744 0.0336007584058 -0.00368886111389 0.00974718043772 -0.0064272765087 0.0112450821535 0.0125511586526 -9.42396408416e-05 0.00501468916732 0.0551624262843 0.0299513728491 0.314220513335 0.0186991468338 0.009094692197 0.00116841568313 6.62788608367e-06 0.0269105702968 0.026279475691 -0.0163958754845 0.0084531691422 0.0235498046941 0.0212795472349 0.0245799908692 -0.00230933074055 0.0202596791716 0.0539020959018 0.01347767019 0.0139179114789 0.0143738210765 0.0227030431175 0.0149554411548 0.0122890414252 0.0331275148921 0.0233025636083 0.00979507675789 0.0531939162952 -0.00015534279721 0.0165538979689 0.0179367644616 -0.0143975936139 0.0166118054013 0.0438381413208 0.0323222949582 0.00112672799456 0.026516771777 0.00802691515955 0.0307827306256 0.035261435029 0.0240420828572 0.0150466819815 0.0612422571283 
0.00949836977739 0.0156141979984 0.00416698530997 0.00655751358566 0.0248554258253 0.0247262058422 0.00947524338359 0.00588426728568 0.0223325588251 0.0230159230548 0.0108673845157 0.046253980649 0.00340970187894 0.0474263164897 0.018355989489 0.00729356125526 -0.0085995761468 0.00690492381294 0.0159568091009 0.00502873295325 0.0186991468338 0.184024272394 0.00209750939104 0.00661828159222 0.0320267161085 0.00630811510311 0.0190212466595 0.014668036954 7.42985834724e-05 0.0123297685922 -0.00139227151611 0.00283361647468 -0.00340246764774 0.0141219765946 -0.0126616705728 0.0152718854448 0.0095254793304 0.010728771829 0.000668033808219 0.0220801907706 0.004871622286 0.0107734356123 0.0139834213847 0.00957598479019 0.0140691417298 0.00275574743273 0.0136604782416 0.0155994233968 0.015226355438 0.00673885959532 0.0159925656105 0.0280315915607 0.0346279669243 -0.0044840505242 -0.000377954200815 0.00650527660512 0.0287597314595 0.0109944996569 0.0290212849984 0.0184635472626 
-0.00834266018616 0.00256448934854 0.0101738903844 -0.00177529603417 0.026134134401 0.00483315301758 0.021638439577 0.00537603141383 0.0129414899227 0.013240314317 0.0033361162735 0.00634691871164 0.00484706632762 0.0191510090959 0.00376087181812 0.00599565188456 0.00583864133283 0.000191771502513 0.0160557468922 0.00539317220104 0.009094692197 0.00209750939104 0.207679842272 -0.00816883417534 0.00777339608681 0.0143022629504 0.0281861761321 0.00286132861234 0.00583823103957 0.0109185762051 0.00865542154333 0.0057678463063 0.00381380543543 0.0129685658841 0.00306337916987 0.00858682462839 0.0114835443984 0.0140491397866 0.00332814142695 -0.00386412512517 0.00813330140003 0.00799822976798 0.0103573374173 0.0275619763416 0.00746389679628 0.0119333193156 -0.00415702423656 0.00872691155627 0.00316083114302 0.0163396144733 0.000161197246023 0.00485445487011 0.0122420562351 -0.00192473751274 0.00216064734888 0.0120601224465 0.0203254968712 0.00644160460661 0.0131169706124 0.0112234290166 
0.00943716149848 -0.00900602406075 0.0130100282385 0.0134633127389 0.0109472463637 0.00174391752525 -0.00339003542727 0.0122532454504 -0.00559202039039 0.00228145633221 0.00165809105068 0.00763056646241 0.00106017928831 0.00334763880224 0.00370211415812 0.00927987908148 0.021528110218 0.00806776318511 0.0124881720241 0.0149375153306 0.00116841568313 0.00661828159222 -0.00816883417534 0.245980185754 0.00386624576467 0.0156815115497 0.00752551671899 0.00418794439874 0.0158893035215 0.0188057641496 -0.000754252112071 0.0042145171596 -0.000635623995028 0.00838688376786 -0.0223984608231 0.00406602190885 0.00890310632159 -0.00349417887448 0.0071765125326 0.0146464157094 -0.00572492513983 0.0119640761698 0.0218236792926 0.0155169426602 0.00292119947481 0.0209378891378 0.0100440649575 0.00997563513947 0.0135509822262 0.00675664937922 0.00376626056157 0.00023692276574 0.00896923385713 -0.000199033488625 0.00743018903532 -0.00374417142966 0.018455481046 0.00016389836983 0.0218958031783 0.0156960659868 
0.00901652894269 0.00187403944249 -0.00580923480392 -0.00121585911057 0.12445887468 0.0126124979209 0.00603178410297 0.00921075657373 0.160068976752 0.00277771256843 -0.00621831463891 0.00828774329366 -0.0145531885902 0.0512378700993 0.0228241639241 -0.00442650449935 0.0261383713971 0.0170945000659 0.0104100621336 0.0144962791338 6.62788608536e-06 0.0320267161085 0.00777339608681 0.00386624576467 0.377130532713 0.0217310298274 0.00345879325952 -0.0103993220701 0.0145826953115 0.00822670347312 0.0148376718537 0.00385611011729 -0.00280478582524 0.00504329782005 0.0564064180972 0.0145979414836 0.0142663096085 0.00179237698076 0.0066467843828 0.155082746132 0.0447591479995 0.00938003296994 0.00189264540712 0.0177417174422 0.0311274027801 0.00987290970611 0.0200984187809 -0.0024983211694 0.00437546744823 0.030545078345 0.00653712060745 -0.00500591811415 0.115240484851 0.0211391746871 0.00451965784579 0.0128807921884 0.0224869311181 0.0387183106572 0.00684937047969 0.0379288098874 
0.0436603099972 0.0220093303706 0.00403391705822 0.00432415006596 0.0148215626527 0.0261622058751 0.0204948656141 0.00249494689318 9.50745836224e-05 0.0167289811464 0.00885413317598 0.00866673765056 0.0181502251795 -0.00260489411969 0.0264829018531 0.0367744591 0.0217958996211 0.0133439063842 0.0321305478768 0.0265622656107 0.0269105702968 0.00630811510312 0.0143022629504 0.0156815115497 0.0217310298274 0.321650049132 0.0260064690821 0.0222511711766 0.00922503985391 0.00773616383213 0.0115805427921 0.031008683035 0.00459669841527 0.0260196864927 0.067872219399 0.00347331077361 0.0250740916306 0.0343304982969 0.0290807402411 0.0198993624172 -0.00147154465867 0.0231447019297 0.0114639956179 0.0445604192339 0.0513503972482 0.00611355106094 0.0178806630498 0.0256147527907 0.0322602960396 0.00589962933352 0.0356300762027 0.015456425613 0.0286604896993 0.0102048653557 0.015441990476 0.0187161260999 0.0191125355511 0.0561956193534 0.0184785871523 0.042500731104 
0.0174460373554 0.00647715923425 0.00248909972671 0.00730402188303 0.0348436586178 0.00967884471044 0.0166880246078 0.0017619610341 0.0106562530829 -0.00465742932775 0.0210979682437 0.00723250917036 0.00445018077987 0.00334640434769 0.0266637875083 -0.00116426471102 0.00289807138879 0.0106341061227 0.0253069808324 0.0305529997476 0.026279475691 0.0190212466595 0.0281861761321 0.00752551671899 0.00345879325952 0.0260064690821 0.400830983695 0.00350980834324 0.00388034530386 -0.0113129754264 0.0139664594992 0.0109991427928 0.0222568587083 0.0117863741678 -0.0202387143049 0.0109748464662 -0.000289044867618 0.0154566177013 0.0399448788523 -0.00356379891442 0.0173741993474 -0.000580490289817 0.0111644132175 0.0230465543721 0.0167488197451 -0.00131606721686 0.0118244657634 0.0187592272337 -0.00665017886491 0.032115224017 -0.00461666653199 0.0404369548974 0.014525614837 0.00889852494221 0.00711067588158 0.0177749577481 0.010633480259 0.0237322042434 0.0188284963787 0.0506236891853 
-0.0276641836696 -0.00490726237427 0.0118046115286 0.00115726886274 -0.0147810392345 -0.00126552084713 -0.0166379591548 0.0276636813713 -0.0318075294408 -0.00150445890683 -0.0195593269969 0.0161372877939 0.0119550577766 0.00022848701931 -0.0173278700043 0.0130090307874 -0.00371599513827 -0.0131885380131 -0.0134925406339 -0.0172127078813 -0.0163958754845 0.014668036954 0.00286132861234 0.00418794439874 -0.0103993220701 0.0222511711766 0.00350980834324 4.09352420318 0.0110199665208 -0.00405725483979 -0.00706630154071 -0.0079581994145 -0.00245332286875 -0.00076968612461 -0.0174493572639 -0.0116668658463 0.0130490245542 -0.0153176875858 -0.000585039220662 -0.027640388757 0.00741427448369 0.0929828992238 -0.00204198005196 0.00677163311914 -0.0370119080031 0.00551568571627 -0.00788974625667 0.00648282033206 0.0151059616192 0.00305635420005 -0.00198075671958 0.00348952425617 -0.0013629045731 -0.00726462002803 0.00309356745677 -0.0179708537701 -0.00387955975329 -0.00312396695862 -0.00631707093311 -0.0101645920472 
-0.00600894937698 0.0089792659289 0.00067442709911 -0.00409973300904 0.0190746375321 0.0163965797594 0.000917687943269 0.00468814891877 0.00697202681568 -0.000280523942996 0.011768965864 0.00218794336977 0.0056141099411 0.00549942297392 0.00786617976531 -0.0084508834151 0.0524883602223 0.00534908545644 0.00570916981469 0.00847574422792 0.0084531691422 7.42985834715e-05 0.00583823103957 0.0158893035215 0.0145826953115 0.00922503985391 0.00388034530386 0.0110199665208 0.216603076001 0.00214654920384 0.0131793107585 0.0202947943245 0.00313264977434 0.0150209123 -0.00158925606884 -0.00390658560531 -0.0102665493358 -0.00132577386885 0.0193209715089 0.0289244294895 0.00689892867636 0.0194996803773 0.00772250062577 0.00925819874111 0.00601932286517 0.00333399494517 0.00279029493608 0.0176540922838 -0.00849000986941 0.0166408336809 0.0193269374858 0.00122161908442 0.00591135151879 0.00944690330452 0.0214163768715 0.00611707595188 0.00246707244224 0.02004603187 0.013824693689 0.0191081728765 
0.0200462164806 0.0137714840901 0.00535399751828 0.0225151619859 0.0159058550438 0.00437372269682 0.00927390090118 -0.00101944265168 0.0255715746233 0.00403082805727 0.0177164967505 0.0198774022027 0.00566436532648 0.0163113762497 0.0254384690644 0.0231633971568 0.0428827877146 0.00858418413004 0.00216599296741 0.00105608495411 0.0235498046941 0.0123297685922 0.0109185762051 0.0188057641496 0.00822670347312 0.00773616383213 -0.0113129754264 -0.00405725483979 0.00214654920384 0.449203160112 0.00172829985333 -0.00460901046165 -0.0193026100869 0.0137821170987 0.0187346204279 0.0159701721633 -0.00106611099565 0.0120782920588 0.0187719718225 0.0118920229951 0.0201973170209 0.0184643322651 0.0241624201268 0.0387891297558 0.0193525587877 0.0212507145154 0.0102030588822 0.00205814101055 0.0251022723984 0.013148391017 0.0347787650172 0.00553926317001 0.0286790933459 0.0113718930402 0.0207123115498 0.0090932690044 0.0187692384264 0.00596494083776 0.0145259202987 0.00719178582907 
0.0188376546177 0.00363213346087 0.00382374200105 0.0102738556764 -0.00584418541085 0.0144607229006 0.0107549839354 0.00853340402431 0.0117393042547 0.00842658775732 0.0188193625765 0.0134145853911 0.00394605300496 -0.0110027025722 0.00122460251212 0.0161094756226 0.0214794162173 0.0118761127121 -0.00626927635038 -0.00104595336746 0.0212795472349 -0.00139227151611 0.00865542154333 -0.000754252112071 0.0148376718537 0.0115805427921 0.0139664594992 -0.00706630154071 0.0131793107585 0.00172829985333 0.185427401563 0.00888001161314 0.0152672944913 -0.00203450561413 0.00468286154018 -0.0125244199748 0.0166139906669 0.0160618836498 0.0108231512387 0.0116446820952 -0.00648996740893 0.0137182863951 0.00115516709271 0.00872477232472 0.0143639596831 0.00644907949035 0.0130258075411 0.00939101331908 0.0148276187478 0.00799559577376 -0.00213275260605 0.00610875884288 0.00358075715514 0.00144516654195 0.0114569964164 0.00580715371649 -0.000518136989044 0.00622479162359 0.00678900373997 0.00882201746116 
0.0103430671875 0.00823175548421 0.0138554381196 0.0159268934499 -0.00140484561259 0.0131236775103 0.0124717302965 0.0125188977501 0.0145783835441 0.0178557486642 0.0180122876476 0.00958923646333 0.0105209045325 0.00271524794127 0.0103629474749 0.0161396588196 0.0278459486136 0.0122455192214 0.0271038122307 0.0128397888298 0.0245799908692 0.00283361647468 0.0057678463063 0.0042145171596 0.00385611011729 0.031008683035 0.0109991427928 -0.0079581994145 0.0202947943245 -0.00460901046165 0.00888001161314 0.180533709466 0.0130860437235 0.0195313793487 0.00643660113313 0.0107194891909 0.0210787912689 -0.00052279764494 -0.00117082567977 -0.00243420763277 0.00867920651021 0.0210635116957 0.0174352628641 0.00805966561546 0.00651448733094 0.0105220367184 -0.000773278639528 0.00399439440756 0.0120795806822 0.00193349990627 0.026468925582 0.0080501021939 -0.0068914602211 0.00922857158105 0.0190501308206 0.0148073710013 -0.00132065064407 0.018356442864 0.0142012697071 -0.00491372011148 
0.00565436993636 0.0156698114966 0.00586385654023 0.0096669622294 -0.00177584198836 0.012653487439 0.0159973856489 0.0179316766523 0.0179850244862 0.0101527058796 0.0140040726692 0.0120197391494 0.00539194787824 0.00947887812978 0.00872019167386 0.00315796347391 0.0203433176294 0.016092174994 0.0062096329862 0.000681520580736 -0.00230933074055 -0.00340246764774 0.00381380543543 -0.000635623995029 -0.00280478582525 0.00459669841527 0.0222568587083 -0.00245332286875 0.00313264977434 -0.0193026100869 0.0152672944913 0.0130860437236 0.223388370305 0.0111505754164 -0.00105530792014 0.0181212501422 0.00837799774829 -0.00665795210669 0.00591532280586 -0.00165787481057 -0.00555132599259 0.0397472894864 0.0102681680749 0.0194271156295 0.00802715707864 0.0107329984815 0.0266297157903 0.0334077190295 0.00194993643427 0.00471224921739 0.00891825988723 -0.00997381626442 -0.00907277604602 0.00623818558761 0.0163802264146 0.00242864612021 0.0103775063435 0.0228557323269 0.00470313955724 0.00669135352726 
0.0240893243087 0.0131082007337 0.0183269111056 0.0255966629445 -0.00367395133023 0.00874232852658 0.0116802168769 0.00442517510874 -0.00307981529783 0.0125714153345 0.00685014822923 0.0181077670272 0.00842515153026 0.0225119146806 0.0117608911903 0.0177310240333 0.0072411946447 0.00914141085996 0.00200972901685 0.00814371777517 0.0202596791716 0.0141219765946 0.0129685658841 0.00838688376786 0.00504329782005 0.0260196864927 0.0117863741678 -0.000769686124609 0.0150209123 0.0137821170987 -0.00203450561413 0.0195313793487 0.0111505754164 0.204549063521 -0.00145091293504 0.0211262167079 0.0131410941184 0.0226714701797 0.0126110307225 0.010712635128 0.0270413663246 0.0179193485401 0.022234190886 0.0215215393642 0.0201472948402 0.0124160049539 0.00597643175819 0.0202549050693 0.0164347448032 0.00553447673754 0.0167274326425 0.0169843642138 0.00759503428754 0.0167038523519 0.011368927811 0.000356000429945 0.0359189860275 0.00228260342023 0.0162655277124 0.0232030682569 
0.0160140991997 -0.0109172245111 0.0129086718212 -0.00759952546247 0.0188844593247 -0.00784882147706 0.00977757098986 -0.0121236233954 0.00478871438735 -0.00659944815757 0.00515581836709 -0.0240268491024 -0.0144361098443 -0.00439585474093 -0.00431709738698 0.00473408214323 -0.00123660824971 -0.00409029233302 0.0571319784562 0.00501243910473 0.0539020959018 -0.0126616705728 0.00306337916987 -0.0223984608231 0.0564064180972 0.067872219399 -0.0202387143049 -0.0174493572639 -0.00158925606884 0.0187346204279 0.00468286154018 0.00643660113313 -0.00105530792014 -0.00145091293504 5.23545423424 -0.0200166626006 0.0300478513628 0.0383280811824 0.0527785093459 0.0231745230335 0.000928116609389 -0.0150043799294 -0.000896570013926 -0.0183868171004 0.00414266100926 0.0190427888675 -0.00446415845241 -0.000288888642321 -0.0348913177896 -0.00525607626417 -0.0429579735742 0.00649859970302 0.0298883524788 0.00784419021293 -0.00187805040257 0.034809498783 0.00892271484155 0.0355359110282 0.00305325416411 0.0295207565599 
0.00107181316454 0.00432907367973 0.0144668781945 -0.00459790367985 0.0288824309125 0.0221469808749 0.0115249778364 0.00182445083684 0.034429002577 0.0100581798184 -0.000780257962762 0.0161565963267 -0.00770782503299 0.0118260064886 0.00884513989133 0.0191361140915 0.00635604848478 0.0133910721249 0.00285296906332 0.000751828239308 0.01347767019 0.0152718854448 0.00858682462839 0.00406602190885 0.0145979414836 0.00347331077361 0.0109748464662 -0.0116668658463 -0.00390658560531 0.0159701721633 -0.0125244199748 0.0107194891909 0.0181212501422 0.0211262167079 -0.0200166626006 0.464427879171 0.0246014722399 0.00291564521515 -0.00795959891497 0.00429307602897 -0.000351153797939 0.00685447387994 0.0187589317479 0.0102294791392 0.0139963121157 0.0212626943883 -0.000141420923259 0.015625532089 -0.000425099759438 -0.000731502245381 0.00464569730294 -0.006504637728 0.0662789535396 0.0119819106215 0.0123126043274 -0.0117963631472 0.0132621604888 -0.0127472782595 0.00693037075854 0.0305342885739 
0.021603312052 0.00965424883651 0.0113077989636 0.0115356720679 0.00940662655153 0.0052889263464 0.0289959355035 0.0065439933345 0.0142029003631 0.00768716999083 -0.00280189443737 0.00863061180667 0.00574917772472 0.00673048918849 0.0188572510767 0.00690301421983 0.0358838053842 0.00541308521763 0.010422792413 -0.0110521355909 0.0139179114789 0.0095254793304 0.0114835443984 0.00890310632159 0.0142663096085 0.0250740916306 -0.000289044867618 0.0130490245542 -0.0102665493358 -0.00106611099565 0.0166139906669 0.0210787912689 0.00837799774829 0.0131410941184 0.0300478513628 0.0246014722399 0.365985357336 0.00504053452385 0.00300807158656 -0.00970532417794 0.00524232640661 -0.00416022365613 0.02652665621 0.00748998416894 0.0126282014629 0.0267607459862 0.00159456811501 0.000523579965709 0.0477970536009 0.0120644895577 -0.00159900877846 -0.0162800934375 0.0157312721748 0.0130322669354 0.00903746277722 0.00819627614624 0.0163884957158 -0.00527206861063 0.00517732792896 0.018138938838 
0.0255385938276 0.0226073053677 0.0307063274357 0.0103275255984 -0.00183356059514 0.0095788426193 0.00539572671117 -0.00508510093728 -0.0135778265035 0.0150003767185 0.0277662726551 0.0117212116704 -0.0061445683174 0.00345295692712 0.0194927087927 0.00491162766564 0.0090617360492 0.00410446534222 0.0290924193802 0.0339915294679 0.0143738210765 0.010728771829 0.0140491397866 -0.00349417887448 0.00179237698076 0.0343304982969 0.0154566177013 -0.0153176875858 -0.00132577386885 0.0120782920588 0.0160618836498 -0.00052279764494 -0.00665795210669 0.0226714701797 0.0383280811824 0.00291564521515 0.00504053452385 0.860608736958 0.0120317469845 -0.00855161736314 0.0080004936633 0.0129779936841 0.00769516024643 0.000702325856042 -0.00188621633675 0.000797922934838 0.0129212165325 -0.00774148432914 0.0132953148354 0.01141981848 0.00675237372349 0.0349403098927 0.0182818666394 0.0070968782207 0.007727232229 -0.00152212306577 0.0486398135336 0.0140359708665 0.00463897815903 0.0597685722879 
0.0201198829599 0.0298941723223 0.0106784037563 0.0135090538893 0.00975720847229 0.00875008757088 0.0196226501727 0.00407112178717 0.0295255206489 0.00239772747642 0.00728989220521 0.00350588372477 0.0116504756894 -0.00139225969373 0.0261494494598 0.0100521830094 0.0511081912429 0.0105001428497 0.00688302557121 0.0227957051182 0.0227030431175 0.000668033808218 0.00332814142695 0.0071765125326 0.0066467843828 0.0290807402411 0.0399448788523 -0.000585039220661 0.0193209715089 0.0187719718225 0.0108231512387 -0.00117082567977 0.00591532280586 0.0126110307225 0.0527785093459 -0.00795959891497 0.00300807158656 0.0120317469845 0.275331352637 0.00348739103703 0.00209121496792 0.0353775689998 0.0232986970294 0.00879405181973 0.0374032019842 0.00469826808086 0.00250847989754 0.00160586873821 0.0034884104599 0.0142598329398 0.0105805151646 0.0157883300131 0.0111271630811 0.0103658705602 0.0195626873101 0.00469157526734 0.0154728044155 0.014345708442 0.00380673120925 0.0317425208237 
