60
0.192324736986 0.0131635076039 0.114457978761 0.0231907610599 0.0910259677787 0.106415927512 0.0309081568087 0.037496284255 0.0629738483482 0.0420146984796 0.0592302274211 0.044891801276 0.0911559741232 0.153319254475 0.148169679735 0.0631385093148 0.0597094198611 0.078059567066 0.0427797721554 0.140066530531 0.0153161335694 0.067654701563 0.0466468708745 0.0594494044175 0.0572050688987 0.0664901393557 0.0297209295042 0.166074759161 0.0155341374053 0.0952892642352 0.0353466838873 0.0426672552596 0.0692922129373 0.0690593134036 0.0584548507687 0.266244884644 0.185879968849 0.0528259349661 0.0448250845436 0.116792266476 0.116988452624 0.0373994541978 0.0266110290159 0.0590558874601 0.0952881581377 0.0220203869342 0.0256056876134 0.251790956204 0.022286409141 0.239728898705 0.0308834605432 0.0271794955288 0.0752984700253 0.0754552666066 0.0533286406295 0.0260517267587 0.158041803894 0.0378808118353 0.0442230302855 0.0341115490789 
0.628700861172 0.0164424881051 0.104117110223 0.0283951370208 0.0065095541282 0.0557646290271 -0.00519084457819 0.0354848371368 0.0922310498033 0.0510018705506 0.0238538658413 0.0169663642499 0.0838352209712 0.0507742180578 0.0270970187961 0.0243656009012 0.00943273888068 0.0241620466668 0.0476433484713 0.0176027096266 0.0180250995912 0.0137480598106 0.0059967753317 0.0540542363262 0.0527740789172 0.0293536446828 0.00217392418061 0.145473771727 0.0150740513138 0.0328718533817 0.00777179160813 0.0402635299817 0.047838864775 0.0194077533259 0.0366386528511 0.035636147526 0.122988012134 0.0292103690155 0.0238562550291 0.0212489599726 0.0968857552535 0.0253583969293 0.02500959195 -0.019345529569 0.0448743921238 0.0208549545069 0.0104142166849 0.0321187041946 0.00608822427486 0.0574424112708 0.00732546300085 0.00856165370464 0.0478492744419 -0.00172500933987 0.0201738177814 0.0349196273296 0.0269210794905 0.0283768007486 0.0363163011377 0.0136408729263 
0.0164424881051 0.14648311225 0.0194435158394 0.00291024251949 0.000563997290882 0.000165992167659 0.00399802718368 0.0142862575553 0.0199717417253 0.0226623241138 0.00146202857932 0.00440145777991 0.000625598167967 0.0186902033369 0.012588513494 0.0114175128438 0.00879227563346 -0.000399313618361 0.021984694217 0.005369808614 0.0504389564114 0.0223068814179 0.0439963915307 0.0111854181888 0.0013584198527 0.0148501786775 0.00649156416772 0.00767522949853 0.00814413588852 0.00444967914609 0.0177499150235 0.0268362284085 0.0116885064103 0.00937555657557 0.0330188124084 0.00329402719996 0.0125622170021 0.00486084308238 0.00755851905837 0.00899123827759 0.000226262631638 0.00533184661732 0.0198380167741 0.0179620650093 0.00159906847198 0.00934362860308 0.00900006444158 -0.00265132288175 0.00339264373186 0.0142068453661 0.0237022297342 0.00603403899797 0.00643257585757 0.00715135080626 0.0218037117152 0.00881934509984 0.0128610845085 0.0091386811393 0.0140191555101 0.00677039059925 
0.104117110223 0.0194435158394 0.400522609587 -0.00870140485994 0.011529208173 0.0268609185536 -0.0160705865036 0.00325557292937 0.132560567941 0.0348821022382 0.00470029201155 0.0107555544529 0.0161912711626 -0.00567064583435 0.0425207848832 0.00439464856211 -0.00431586889764 0.00548116396134 0.0260231908211 0.00915475540666 0.0152125258601 0.0119321708381 0.0445457308564 0.00414180059755 0.0130235188136 -0.0073010362219 -0.011914859729 0.0582262544092 0.00486258228523 0.000464469408989 -0.00285193444542 0.00736733327849 -0.00197854338048 0.0142072293595 0.0218351152988 -0.0138911499135 0.0705523663875 -0.0149288980726 -0.00887568454971 0.0169683138448 0.0341391388843 0.00411741345124 0.0279443622617 0.00811750156705 0.0579448585978 -0.00644300870913 -0.00420937489976 0.0202764084225 0.0217586696529 0.0269852122504 -0.00688882634393 0.00270808578726 0.0201734561748 0.0426256684245 -0.000562892028098 0.0124860803287 0.00716338598213 -0.00131250746569 0.0218331431931 -0.000754584470228 
0.0283951370208 0.00291024251949 -0.00870140485994 0.201469007234 0.0103509779921 0.00366153571205 0.0163390729311 0.0423683552733 -0.000530628937774 0.0118989263972 0.0115921180562 0.0079209149597 0.00668282575763 0.010990674186 -0.00364683806575 0.00279106791482 -0.00125065907788 0.00453481793819 0.0290007155831 -0.00346488692361 0.00540102813182 0.0180588691045 0.00888575344458 0.0350754041419 0.0127757821434 0.0118276760196 0.010031040258 0.0149079338684 -0.00249842353256 0.0490185143146 0.00728233276877 0.0129602559283 0.0187793935605 0.00639601425766 0.0134004682755 0.0675764675561 0.000530558469487 0.0669077299081 0.00817215169089 -0.0106134062093 0.012900093617 0.00578166962189 -0.0141056535963 0.0272470028882 0.020638293348 0.03111429456 0.0149764658441 -0.00248501775441 -4.49752343904e-06 0.00526709119575 0.0147435928464 0.0157852659796 0.0168328187065 0.00781116791552 0.0087762395435 0.00895687221522 -0.00383935152914 0.0240234822087 0.0120536610026 -0.0104545460604 
0.0065095541282 0.000563997290881 0.011529208173 0.0103509779921 0.419121481205 0.0118470398731 0.00513776995363 0.00742800595428 -0.0113181635017 0.0019788290613 0.010385669171 0.0413095015424 0.0112062121373 0.021970499018 0.0292506146923 0.0137748934556 0.00419657375976 0.0545747397967 0.0199603853093 0.0208174886561 0.00298101435634 0.00292650143409 0.0106137106844 0.0149867692299 0.00613565593827 0.0138730934991 0.0205343791327 0.0261675984873 0.0105291579319 0.0193953390936 0.00582668385937 0.000221593568723 0.00214603504788 0.0262540079777 0.00691052478617 0.0287849069792 0.0268601864222 0.0267431652265 0.0167761308958 0.0625065690873 0.0131396214101 0.0174690594598 0.000881987981468 -0.000324125384535 0.0569507552719 0.0134437568972 0.00874262610456 0.00507759027598 0.0128985120709 0.046713579914 0.00953390033159 0.0404618142094 0.00421397425113 0.018063207363 0.00301146468547 0.0160304555431 0.0779575380193 0.0207420589336 0.0226222654011 0.01957344101 
0.0557646290271 0.000165992167659 0.0268609185536 0.00366153571205 0.0118470398731 0.598490672824 0.00720897923525 0.0186905522404 0.0215132345224 0.0240814788633 0.0168034131576 0.0106982715623 0.0188484168969 0.0529097590054 0.0203288399456 0.0226273535221 0.0469194449244 0.0127801733296 0.0288032590132 0.0266330295196 0.00245553975004 0.0199700638284 -0.00119021210795 0.0239675846118 0.0124199850816 0.0294758580388 0.00997273077047 0.0256635288774 0.00499788128172 -0.000902040249506 0.0170335081081 0.0212835552113 0.0925643772822 0.0232977511217 0.0176335216444 -0.000774441222158 0.0508390064257 0.0106695919507 0.0298965987057 0.0170282372595 0.0401257132726 0.0166467384138 -0.00123447572267 -0.000416599802869 0.0577770629287 0.0285941091029 0.00805653725269 0.0435583385944 -0.00471953363258 0.0939814541389 0.00117657785113 0.0206456011614 0.0343131224108 0.0400826907422 0.00403475664788 0.0256649910214 0.0259448953501 0.00110468165783 0.0373241913611 0.0279189987483 
-0.00519084457819 0.00399802718368 -0.0160705865036 0.0163390729311 0.00513776995363 0.00720897923525 0.270784546475 0.0204773963598 -0.0185073776312 0.0180901408833 0.0181897546505 0.0109479484244 0.0242529331956 0.0378531440254 0.0164079202248 0.0156858790653 0.00847894116854 -0.00740279756324 0.0211995234096 0.00848475832642 0.00997193885938 0.0264155342968 -0.00454836665118 0.0217954324943 0.0337794772425 0.0312474049934 0.00155085816495 -0.00559782102848 0.0196688780291 0.00827986904589 0.0259748602597 0.00436157704291 0.0198681364929 0.0280327375518 0.0137610202221 -0.00719752477002 0.0234615095808 0.023791126809 0.0671568960681 0.0147567591823 0.0431631954857 0.0290270064395 0.0223683157572 -0.00755868690932 0.0568089998682 0.0322642581365 0.00513771964233 0.0110423491658 0.0163091600688 0.00595862919645 0.0207654075939 0.0127515972586 0.022401089205 0.0104056096845 0.00886982007452 0.022564388601 0.0103701193081 0.021669985745 0.0287331879599 0.0114301768341 
0.0354848371368 0.0142862575553 0.00325557292937 0.0423683552733 0.00742800595428 0.0186905522404 0.0204773963598 0.225803586605 0.0094365918138 0.0264912215254 0.01511550051 0.0171815078809 0.00843960465869 0.0210873337057 0.0103245633517 0.016780833155 -0.00517046618486 0.00325999177267 0.0168572515513 0.00724805764368 0.0206209796422 0.0193873400969 0.0229204350451 0.0311269684605 0.0135547083488 0.0374718538005 0.00529531793151 0.0183622540745 0.0232676190106 0.0261617415706 0.01631599558 0.0169743639601 0.0274367406331 0.0285235210121 0.00441329577467 0.0429402058935 0.0180408624728 0.0539160997761 0.0137602360209 -0.00673573090371 0.0273467597971 0.0215457223053 0.0140538029434 0.020088482224 0.0158545098458 0.0310331685211 0.00746460571869 -0.00350666773672 0.014133508597 0.0101973116779 0.0302549334496 0.0100748812361 0.017395819397 0.0125627480249 0.00580093142106 0.0123401957201 -0.00465701016989 0.0309178113483 0.0203260329914 0.00918720970061 
0.0922310498033 0.0199717417253 0.132560567941 -0.000530628937774 -0.0113181635017 0.0215132345224 -0.0185073776312 0.0094365918138 0.330765763701 0.0244501811342 0.00188684342209 0.0204156754727 0.00936367612628 -0.0138468126469 0.035024602875 0.00785009054223 -0.00408210001554 -0.00408236844588 0.0168982974859 0.00579517622577 0.0130484365374 0.00921316549906 0.0282810895678 -0.0108009902631 0.0109087856546 0.000901335414726 -0.00884896928984 0.0291853920369 0.0129489760306 -0.00172721880792 0.0214928246469 -0.001131060275 0.0169013865136 -0.00217506288953 0.00812328681234 0.00426911971466 0.0406952764255 -0.0142088383407 -0.0174854769694 -0.012128066962 0.0138408050625 0.00803187914881 0.00687762934389 0.00736349068886 0.0236542781362 0.00364480218788 -0.00717930731211 0.0287996940667 0.00976980131733 0.0276126650506 0.00482849140415 -0.00542188913242 -0.00266294636765 0.0412780035315 0.00465579467492 0.0222902758557 -0.0146766982476 0.00210011786166 0.0223093915833 0.00459525715883 
0.0510018705506 0.0226623241138 0.0348821022382 0.0118989263972 0.0019788290613 0.0240814788633 0.0180901408833 0.0264912215254 0.0244501811342 0.202765816773 0.00157414117279 0.0207687560694 0.000644390453244 0.0127949515059 0.0230891394459 0.00294070834006 0.00844888888451 0.00468563390759 0.0252578570023 0.00477498526584 0.0294159745118 0.00899766139924 0.0313873087043 0.0099369705898 0.0203192977299 0.020698485227 0.0133604151425 0.0273300369721 0.00480684209972 0.0172739211166 0.00871876166689 0.0126705912286 0.0212438420783 0.0274876418915 0.0187473558686 0.0407711216143 0.0168623584775 0.0154801713599 0.0080550869602 0.017770330558 -0.0116083613079 0.00953567233216 0.0216749347616 0.0218835201258 0.024377747512 0.00806240672736 0.00704613924704 -0.00109321187135 -0.00289515819309 0.0291754358909 0.0125985047343 0.0062861361382 0.0169756273356 0.0170530698149 0.0137304512833 0.00432524482594 -0.00484233105769 0.0193079727645 0.0195540247494 0.00810596556872 
0.0238538658413 0.00146202857932 0.00470029201155 0.0115921180562 0.010385669171 0.0168034131576 0.0181897546505 0.01511550051 0.00188684342209 0.00157414117279 0.334780939827 0.019341755894 0.0126530640169 0.00358986267796 0.00428708013814 0.0173582912818 0.0133153776678 0.0387965520579 0.0196763967531 0.0239094510697 0.00619719380061 0.0108747691053 0.0231965342583 0.00710881221933 0.0123677302244 0.0240745598329 0.0146313779811 0.00833840069636 0.000966956964156 -0.00250639173086 0.0168251859114 0.014803958738 0.0266813311056 0.00594611055518 0.020886954684 0.0189840421267 0.0161058984287 0.0129029325186 0.0146178081784 0.00473415947093 0.0221824683374 0.034071555708 0.0223596100732 -0.00381403167464 0.0392264851766 0.0121052180133 0.00937759521477 0.0360462411417 0.0136263651174 0.0196585918284 0.00595024365206 0.00775600939764 -0.00280376958785 0.0486781925829 0.0121482941698 0.0155347346328 0.0145253739206 0.0086503753419 6.36719406741e-05 0.00900923392978 
0.0169663642499 0.00440145777991 0.0107555544529 0.0079209149597 0.0413095015424 0.0106982715623 0.0109479484244 0.0171815078809 0.0204156754727 0.0207687560694 0.019341755894 0.318810972395 0.0345724266256 0.0248408004196 -0.000614869133452 0.0255145300862 0.0288128678092 0.0167476839968 0.0319341949296 0.0167496089103 0.00759274447488 -0.000942256332931 0.0111350739714 0.0267081018185 0.018240750667 0.0263913640057 0.0565485402883 0.0388610013418 0.0025542043478 0.00167309855292 0.0148871095506 0.0192602903467 0.0246634367913 0.0162922698154 0.0202846974258 0.0293140376169 0.0400699763369 0.0157037950817 0.00471800427927 0.00886876509224 0.0428671565643 0.0323050138753 -0.000290761467951 0.0213778354306 0.0533943224204 0.00876748981407 0.00965181581291 0.0531214817318 0.0041145947214 0.0453121557862 0.0132525288944 0.0128680215376 0.00826374807258 0.0228369075114 0.0018677966217 0.0130828442574 0.0237486147634 0.0174300590145 0.0227908577952 0.00508209743635 
0.0838352209712 0.000625598167966 0.0161912711626 0.00668282575763 0.0112062121373 0.0188484168969 0.0242529331956 0.00843960465869 0.00936367612628 0.000644390453244 0.0126530640169 0.0345724266256 0.334009449856 0.0194139246676 0.00485617846442 0.0382107359626 0.00457890990325 -0.00514152352623 0.0315662985602 0.0567995793747 -0.00268518624063 0.00472789619304 0.0156157134443 0.0124405380775 0.0372801859804 0.0254068468244 -0.00442460592128 0.0405026765636 0.00101890637008 0.0247646419803 0.0161117623622 0.016847911584 0.0135575217845 0.0232254409033 0.017097527187 0.0171857763411 0.0442917167493 0.0191980812132 0.0176994197217 0.00252827970695 0.0274325856469 0.0309916215281 0.0161629716313 0.00458898866883 0.0496432977139 0.0268661454526 0.000711503813233 0.129214637308 0.00356906199831 0.0690601393691 0.00870230259412 0.0189610733029 0.0142073254015 0.0390828105685 0.00864626483058 0.0256145996808 0.016573311069 0.0168275572307 0.0273486729105 0.0171501594476 
0.0507742180578 0.0186902033369 -0.00567064583435 0.010990674186 0.021970499018 0.0529097590054 0.0378531440254 0.0210873337057 -0.0138468126469 0.0127949515059 0.00358986267796 0.0248408004196 0.0194139246676 0.581271265394 0.00806447827379 0.0258663894817 0.0176065683877 0.00384464601582 0.0122627690448 0.141718152154 0.00943324642202 0.0129786148023 0.0152807556514 0.0317115455679 0.0316291439311 0.0813306307206 0.00630072626655 0.0111234178282 0.0235333560937 0.00990664400441 0.0259526764206 0.0109832712082 0.0249605230667 0.0066714513942 0.0247304676844 0.0530202940571 0.0141538345267 0.00155163081854 0.0250529009737 0.000676827519689 0.0698898397603 0.0252627898993 -0.0117033871827 0.00580627992966 0.0507854506336 0.0248329622171 0.0251045645699 0.0273621153837 0.00873785913316 0.137507140325 0.0207944162976 0.0152613811898 0.0713564702689 0.0392127014487 0.0223504659976 0.0350335723648 0.00213667769903 0.0295122682304 0.0440077083139 0.0079452405551 
0.0270970187961 0.012588513494 0.0425207848832 -0.00364683806575 0.0292506146923 0.0203288399456 0.0164079202248 0.0103245633517 0.035024602875 0.0230891394459 0.00428708013814 -0.000614869133452 0.00485617846442 0.00806447827379 0.463755043643 0.0141069867729 -0.0174665216003 0.0249982982711 0.00267444794554 0.0158135699236 0.0197293957504 0.0266530359027 0.0234429231818 0.0132083615521 0.0192015486347 0.00599194650788 0.00647641589554 0.0287424170555 0.00651276817263 0.0131567721701 0.00781340009549 -0.00145785640993 0.00791384567633 0.0141369050689 0.0207653368332 0.0431674751138 0.0200229393367 -0.00248172941504 0.0139217136391 -0.015835240634 0.0301993570066 0.0214319285897 0.0268192517101 0.00145194138392 0.0305887628192 0.0129190849819 -0.00588267442171 0.00415994338733 0.00872377368987 0.0432314360678 0.0150851964391 0.00845616371187 0.00328098736709 0.04721883812 0.00748853111972 0.0136024312475 0.0425052227912 0.00702077029671 0.0201096339333 0.0238721562754 
0.0243656009012 0.0114175128438 0.00439464856211 0.00279106791482 0.0137748934556 0.0226273535221 0.0156858790653 0.016780833155 0.00785009054223 0.00294070834006 0.0173582912818 0.0255145300862 0.0382107359626 0.0258663894817 0.0141069867729 0.358077203993 0.011120176932 0.0192850894632 0.0299081168049 0.0154692920426 0.010575448674 6.75793656789e-05 0.0178845746847 0.0328392681619 0.0308578353592 0.00284644128421 -0.0128620674847 0.0295261869869 0.00194152275245 0.0214263636757 0.00692561682982 0.0149244611411 0.0376962409684 0.00971202930145 0.0178910356545 0.0196969194211 0.0338687640151 8.64521496271e-05 0.00994189236787 0.0149134239837 0.0420108871535 0.00399017842923 0.0160543177085 0.00501031650034 0.0293226399803 0.013368889451 0.011619947304 0.0268673557151 0.000580474563138 0.0858556782502 0.00245460401849 0.00982163270675 -0.0142915524406 0.0201600091838 0.0210266677623 0.0349342553317 0.01709302003 0.0233674029579 0.0152771855203 0.0125661860572 
0.00943273888068 0.00879227563346 -0.00431586889764 -0.00125065907788 0.00419657375976 0.0469194449244 0.00847894116855 -0.00517046618486 -0.00408210001554 0.00844888888451 0.0133153776678 0.0288128678092 0.00457890990325 0.0176065683877 -0.0174665216003 0.011120176932 0.383303650709 0.00860341698603 0.00665639119723 0.0178701101219 0.00966364740764 0.0200198738357 0.000117507898965 0.00696824299275 0.0022528680277 0.0192762787938 -0.00169470389049 -0.000939716935154 0.0125889552779 0.10355096522 0.0110392070014 0.017968808421 0.0147573682506 0.000751440524536 0.024290726066 0.0221145053071 0.0237364781766 0.00922728350198 0.00610937769158 0.00817692861281 0.00243423221177 0.016479156356 0.0280446158978 0.0213178931478 0.0500161808493 0.012424733324 0.00180481833194 -0.00963590010879 0.00239389595079 0.0335681137386 0.0138163072637 0.00590348424583 0.0112833429407 0.0400849067883 0.00494077764633 0.00614927711473 0.0187171301752 0.0124545863336 0.0086724246114 0.00428422138633 
0.0241620466668 -0.000399313618361 0.00548116396134 0.00453481793819 0.0545747397967 0.0127801733296 -0.00740279756324 0.00325999177267 -0.00408236844588 0.00468563390759 0.0387965520579 0.0167476839968 -0.00514152352623 0.00384464601582 0.0249982982711 0.0192850894632 0.00860341698603 0.450182176959 0.00398075892482 0.0130812025695 -0.000803992869287 0.00922008612226 0.000262330982852 0.0298796894305 -0.0054069965742 0.0278188783075 -0.00178571419105 0.04539398887 0.00805200335025 0.000726992463983 -0.000743905183895 -0.0025405907553 0.0154862627678 0.022471362322 0.0152536818393 0.00195358693041 0.0118684247259 0.000639865439066 0.00708251328229 -0.00764764175958 0.00779431101587 0.0251809285363 0.0192067840495 0.00707926814937 0.035233509568 0.0182759114686 0.00782153490661 0.00612688719645 0.000701094880521 0.101724955049 0.0210807623003 0.00801023695567 0.02256037728 0.00749933478244 0.015328885188 0.0113143283467 0.241134683632 0.0209988124657 0.00959631709519 0.0175483302416 
0.0476433484713 0.021984694217 0.0260231908211 0.0290007155831 0.0199603853093 0.0288032590132 0.0211995234096 0.0168572515513 0.0168982974859 0.0252578570023 0.0196763967531 0.0319341949296 0.0315662985602 0.0122627690448 0.00267444794554 0.0299081168049 0.00665639119723 0.00398075892482 0.264397264528 0.0252651730014 0.0126141376541 0.0105419955968 0.00330074265867 0.0216687541482 0.0145710672787 0.0261687987691 0.000829478537665 0.0576253122458 0.0111364877082 0.037863517867 0.0228699679244 0.0173401418747 0.0267996438135 0.00888031420289 0.0307167353374 0.0137568027676 0.0600294925449 0.0167308583215 0.0160087901638 0.0149729396675 0.0289067552704 0.0327384740318 0.0155044316839 0.0113408179153 0.0136006730913 0.0233321756747 0.0142298663177 -0.0397451864659 0.0107689310313 0.0296184055435 0.0145649816786 0.0165215146612 0.0138748286742 0.0169979001927 0.0113809804723 0.0275031171345 0.00580532043123 0.0121091535366 0.0281451529039 -0.0146924712435 
0.0176027096266 0.005369808614 0.00915475540666 -0.00346488692361 0.0208174886561 0.0266330295196 0.00848475832642 0.00724805764368 0.00579517622577 0.00477498526584 0.0239094510697 0.0167496089103 0.0567995793747 0.141718152154 0.0158135699236 0.0154692920426 0.0178701101219 0.0130812025695 0.0252651730014 1.44365349364 0.0283576166742 0.00235107110032 -0.00110008956583 0.0222705446714 -0.000151225987258 0.0591160313558 -0.00175382555427 0.0500304085009 0.0083999303713 0.0158436254021 0.00476458841575 0.0124571698692 0.00575561524497 0.0231712591322 0.0148394160615 0.0137883056486 0.0643878437146 0.00218489375186 0.00519980871643 0.00150515634747 0.0234246321047 0.0144063484603 0.0198689164724 0.0125273610664 0.0345338770177 0.010770481589 0.00952044847327 0.0395066789266 0.0227202431183 0.0217538062628 -0.00885687834021 0.00200808099077 -0.00831627321858 0.0267499739867 0.0108929822652 0.00866823185038 -0.00972376640991 0.0203948305928 0.0197471205957 0.0265395989129 
0.0180250995912 0.0504389564114 0.0152125258601 0.00540102813182 0.00298101435634 0.00245553975004 0.00997193885938 0.0206209796422 0.0130484365374 0.0294159745118 0.00619719380061 0.00759274447488 -0.00268518624063 0.00943324642202 0.0197293957504 0.010575448674 0.00966364740764 -0.000803992869287 0.0126141376541 0.0283576166742 0.132638798616 0.020560892298 0.035400741819 0.0185317232376 0.00534975215311 0.0118925339441 -0.00155535522859 0.0113970551007 0.00394241988315 0.00859946427105 0.00781176339708 0.025899988111 0.00732820405417 0.00912433879663 0.0243177902437 -0.00656926444644 0.0137141903026 0.00725113141523 0.00496997175842 0.010903385505 0.00423709818419 0.00345302676153 0.0126625843118 0.0159098905031 0.00423320202482 0.0038647006776 0.000324344129958 0.00590501689746 -0.00171988691048 0.00639100141125 0.0185335433917 0.0084539843085 0.0184383062977 0.013188625485 0.00250714459244 0.00841755510808 0.0201283164406 0.0148436113883 0.0139427649595 0.00756188937902 
0.0137480598106 0.0223068814179 0.0119321708381 0.0180588691045 0.00292650143409 0.0199700638284 0.0264155342968 0.0193873400969 0.00921316549906 0.00899766139924 0.0108747691053 -0.000942256332931 0.00472789619304 0.0129786148023 0.0266530359027 6.75793656786e-05 0.0200198738357 0.00922008612226 0.0105419955968 0.00235107110032 0.020560892298 0.377905808577 0.0114847904846 0.0104050610368 0.0031565775583 0.0227116137641 0.0131251919114 -0.00144310560162 8.42646457199e-05 -0.0251117386011 0.00855129251585 0.0141668451865 0.00218712157749 -0.012964226978 0.0159932789063 -0.00509591884477 0.0212246706369 0.0207417962513 0.00849355721671 0.0118966545211 -0.00549941125587 0.00509891494739 0.0141200082752 0.00973073402469 0.00803442557819 -0.000861604151068 0.00430370448747 0.0154846223389 0.00567960941153 0.0105687745832 0.00943685025108 0.0338928874363 0.0153076173166 0.0335751081164 -0.00773970096 0.00495936174087 0.0253143411509 0.0203596097128 0.0246749611691 0.0041332136466 
0.0059967753317 0.0439963915307 0.0445457308564 0.00888575344458 0.0106137106844 -0.00119021210794 -0.00454836665118 0.0229204350451 0.0282810895678 0.0313873087043 0.0231965342583 0.0111350739714 0.0156157134443 0.0152807556514 0.0234429231818 0.0178845746847 0.000117507898965 0.000262330982851 0.00330074265867 -0.00110008956583 0.035400741819 0.0114847904846 0.359084003156 0.0072759821046 0.0300333748767 0.0142962227574 -0.00167645124278 -0.00925958288565 0.00712563595668 -0.00176666971185 0.0150565313798 0.0113381087598 0.0132050725678 0.0137419409654 0.0106315046573 -0.00715837728585 3.69512944829e-05 0.0134471815195 0.00368087985996 -0.00214073435264 0.00605983053108 0.0301136625962 0.000302499955375 -0.000411641732127 0.0352842102001 0.00716186655394 0.000385764015133 0.0369664479461 0.0395380065889 0.00960569604368 0.0182033627968 0.00135736959391 0.0106835573798 0.0185043380908 0.0140396538284 0.0254783564229 0.00951123673747 0.0153787079375 0.0152210930624 0.0280107991306 
0.0540542363262 0.0111854181888 0.00414180059755 0.0350754041419 0.0149867692299 0.0239675846118 0.0217954324943 0.0311269684605 -0.0108009902631 0.0099369705898 0.00710881221933 0.0267081018185 0.0124405380775 0.0317115455679 0.0132083615521 0.0328392681619 0.00696824299275 0.0298796894305 0.0216687541482 0.0222705446714 0.0185317232376 0.0104050610368 0.00727598210461 0.269502791644 0.0170832780451 0.0387291168807 0.00535558606359 0.0359825503591 0.00330721345345 0.00521099850136 0.0277455146847 0.0345099118714 0.0394744191715 0.0364083695272 0.0396458621695 0.0273699804433 0.0288126826349 0.0468225640837 0.0372723086364 0.0109244915437 0.0193769944449 0.0182434009642 0.0171536969945 0.00702768008423 0.0730399298117 0.0159540508422 0.0149038915432 -0.0132251161007 -0.00196109388873 0.0345081043065 0.036268347698 0.0261285099034 0.0350386730858 0.0234317024096 0.0219467395447 0.0198642337574 0.0407406713162 0.0302036286353 0.0212377943496 0.0185551641731 
0.0527740789172 0.00135841985271 0.0130235188136 0.0127757821434 0.00613565593827 0.0124199850816 0.0337794772425 0.0135547083488 0.0109087856546 0.0203192977299 0.0123677302244 0.018240750667 0.0372801859804 0.0316291439311 0.0192015486347 0.0308578353592 0.0022528680277 -0.0054069965742 0.0145710672787 -0.000151225987258 0.00534975215311 0.0031565775583 0.0300333748767 0.0170832780451 0.248145347992 0.0149956638272 0.00322254079511 0.0235639055724 0.0112115257082 -0.000206183133427 0.0125993757676 0.00824837320311 0.0324776723498 0.0159591864767 0.0134894706158 0.00386603037767 0.0271648380896 0.0253724821327 0.00624278134969 0.00475353974166 0.0281470075257 0.0159541349663 0.00823803107565 0.00419783775005 0.0445370337688 0.0102259985057 0.00930760375043 0.00418124527826 0.0024546249327 0.0456408945757 0.000818928324799 0.0148166680774 0.020827987226 0.0205890300321 0.0264601507646 0.0116512674075 0.0379304094627 0.0123416814597 0.0110737637825 0.00473108281286 
0.0293536446828 0.0148501786775 -0.0073010362219 0.0118276760196 0.0138730934991 0.0294758580388 0.0312474049934 0.0374718538005 0.000901335414726 0.020698485227 0.0240745598329 0.0263913640057 0.0254068468244 0.0813306307206 0.00599194650788 0.00284644128421 0.0192762787938 0.0278188783075 0.0261687987691 0.0591160313558 0.0118925339441 0.0227116137641 0.0142962227574 0.0387291168807 0.0149956638272 0.344445367474 0.0180726146228 0.0243743422359 0.000590698764387 0.0156895071815 0.0199289608349 0.0344946103364 0.0182342075951 0.0244601254325 0.0344984212094 0.0272717384234 0.0211080852063 0.020059037948 0.0446825736123 0.0112281557482 0.018348086295 0.0308238902592 0.0204438154334 0.02968577088 0.0628392739635 0.0297856226385 0.000856573703287 -0.0167013456428 0.0131654308015 0.048699898679 0.015497466751 0.0207395800846 0.0108727662466 0.0216738666551 0.00880863834191 0.00501065083441 0.0208228774226 0.0340580693237 0.0399152897348 0.00947660022696 
0.00217392418061 0.00649156416772 -0.011914859729 0.010031040258 0.0205343791327 0.00997273077047 0.00155085816495 0.00529531793151 -0.00884896928984 0.0133604151425 0.0146313779811 0.0565485402883 -0.00442460592128 0.00630072626655 0.00647641589554 -0.0128620674847 -0.00169470389049 -0.00178571419105 0.000829478537662 -0.00175382555427 -0.00155535522859 0.0131251919114 -0.00167645124278 0.00535558606358 0.0032225407951 0.0180726146228 0.211064931597 -0.00244961654944 0.0026856016556 0.00745089366021 0.0163233986106 0.0115995673367 0.0011394848474 0.0123299435121 0.0092147005587 -0.00540183239059 0.00495760783279 0.00607099879374 0.0143431422282 -0.00356272144101 0.0092547534508 0.0166465201436 0.00251223085778 0.0189637058997 0.0196164070298 0.0217402820557 0.0135198306953 0.0103709116207 0.0087690355688 0.00131119756282 0.00423536958712 -0.000532958183582 0.0221407109993 0.00728104484015 0.00554889497151 -0.00185892415971 -0.00297498417292 -0.000949879151855 -0.00208697040811 0.00463009418063 
0.145473771727 0.00767522949853 0.0582262544092 0.0149079338684 0.0261675984873 0.0256635288774 -0.00559782102848 0.0183622540745 0.0291853920369 0.0273300369721 0.00833840069635 0.0388610013418 0.0405026765636 0.0111234178281 0.0287424170555 0.0295261869869 -0.000939716935155 0.04539398887 0.0576253122458 0.0500304085009 0.0113970551007 -0.00144310560162 -0.00925958288565 0.0359825503591 0.0235639055724 0.0243743422359 -0.00244961654944 0.433030287592 0.0132385135592 0.00325654087629 0.0204014851295 0.0262014277525 0.0203781637078 0.0383487262288 0.0241986233555 0.0597674130442 0.185537272077 0.0216013134577 0.0296750969527 0.0182214616256 0.0494819141391 0.0334187834692 0.00880364747864 0.00306229477674 0.0603213769308 0.0207672846618 0.00229341010435 0.130007589483 -0.00626779348743 0.085389769009 0.010615855513 0.00723012836766 0.0451022352881 0.0116537985793 0.0370863616757 0.0223939465147 0.0413063876119 0.028948477533 0.0331272214724 -0.00346804382379 
0.0150740513138 0.00814413588852 0.00486258228523 -0.00249842353256 0.0105291579319 0.00499788128172 0.0196688780291 0.0232676190106 0.0129489760306 0.00480684209971 0.000966956964156 0.0025542043478 0.00101890637008 0.0235333560937 0.00651276817263 0.00194152275245 0.0125889552779 0.00805200335025 0.0111364877082 0.0083999303713 0.00394241988315 8.42646457194e-05 0.00712563595669 0.00330721345345 0.0112115257082 0.000590698764388 0.0026856016556 0.0132385135592 0.184735775125 0.0102926868353 0.00554343168296 0.00303268974846 0.00307724434954 0.00501097825248 0.0042915950283 -0.00328071048709 0.00626712121906 0.00599540487025 0.0272404591274 -0.000118699147231 0.00900947063062 0.0166552182363 0.0040634290144 0.0122697166853 -0.00646671328087 0.0132016496068 -0.00209088276804 -0.00281116397921 0.0140741393166 0.026449797851 0.0171646818074 0.00467850777095 0.00274705528232 0.00533277041744 0.00278994779479 0.0152750043818 0.00375989241413 0.00910550143623 0.01698814633 -0.00536197558501 
0.0328718533817 0.00444967914609 0.000464469408989 0.0490185143146 0.0193953390936 -0.000902040249507 0.00827986904589 0.0261617415706 -0.00172721880792 0.0172739211166 -0.00250639173086 0.00167309855292 0.0247646419803 0.00990664400441 0.0131567721701 0.0214263636757 0.10355096522 0.000726992463983 0.037863517867 0.0158436254021 0.00859946427105 -0.0251117386011 -0.00176666971185 0.00521099850136 -0.000206183133426 0.0156895071815 0.00745089366022 0.00325654087629 0.0102926868353 0.497977120551 0.0028042187377 0.0138795192355 0.0220523931197 0.0168433089374 0.00221284468211 0.00699930157054 0.0249158554125 0.0190438994308 0.00366568324267 -0.00185397278677 0.0132567554257 0.00250258698372 0.0196944612116 -0.00159052676667 0.0237104324388 0.0199491403377 0.0143307445883 0.00527424458406 0.00314008700391 0.0190010013806 0.0112303098275 0.0169351057191 0.0296927803801 0.000929083790245 0.0103873038078 0.0194565337859 -0.00163997972939 0.0156863827493 0.0234710656735 -0.00602851365014 
0.00777179160813 0.0177499150235 -0.00285193444542 0.00728233276877 0.00582668385937 0.0170335081081 0.0259748602597 0.01631599558 0.0214928246469 0.00871876166689 0.0168251859114 0.0148871095506 0.0161117623622 0.0259526764206 0.00781340009549 0.00692561682982 0.0110392070014 -0.000743905183895 0.0228699679244 0.00476458841575 0.00781176339708 0.00855129251585 0.0150565313798 0.0277455146847 0.0125993757676 0.0199289608349 0.0163233986106 0.0204014851295 0.00554343168296 0.0028042187377 0.253085999332 0.0111575110544 0.0133950558765 0.0131759030512 0.0166755685917 0.0182505611551 -0.000513372354466 0.0278814422662 0.0162625347792 0.00381765726845 0.00658247274503 0.00873187107677 0.00907548330005 0.0290927044066 0.023110553667 0.0118985054929 0.0122701722187 0.00490778858675 0.00558069755265 0.0170319258141 0.0853150647704 0.0133959741207 0.0096802028919 0.003863167423 0.0108491065944 0.00817471648125 0.0421997306689 0.0162107233328 0.00954168727584 0.00605090245957 
0.0402635299817 0.0268362284085 0.00736733327848 0.0129602559283 0.000221593568723 0.0212835552113 0.00436157704291 0.0169743639601 -0.001131060275 0.0126705912286 0.014803958738 0.0192602903467 0.016847911584 0.0109832712082 -0.00145785640993 0.0149244611411 0.017968808421 -0.0025405907553 0.0173401418747 0.0124571698692 0.025899988111 0.0141668451865 0.0113381087598 0.0345099118715 0.00824837320311 0.0344946103364 0.0115995673367 0.0262014277525 0.00303268974846 0.0138795192355 0.0111575110544 0.186733266129 0.0266539521182 0.00914402234022 0.0778286861136 0.00693480034395 0.0163028708306 0.0161618756355 0.0100476217715 -0.0027984108805 0.0210731476454 0.0141753743659 0.0081665600937 0.0300731651848 0.0583934472193 0.0246790364339 0.00186647846983 0.00731762061443 0.00357719595769 0.0158410116912 0.00874511382541 0.0057162452598 -0.000175787456143 0.0231081018373 0.00842913890642 0.00879850846079 -0.00521439010902 0.0190654088873 0.0157291381634 0.0136228455668 
0.047838864775 0.0116885064103 -0.00197854338048 0.0187793935605 0.00214603504788 0.0925643772822 0.0198681364929 0.0274367406331 0.0169013865136 0.0212438420783 0.0266813311056 0.0246634367913 0.0135575217845 0.0249605230667 0.00791384567633 0.0376962409684 0.0147573682506 0.0154862627678 0.0267996438135 0.00575561524497 0.00732820405417 0.00218712157749 0.0132050725678 0.0394744191715 0.0324776723498 0.0182342075951 0.0011394848474 0.0203781637078 0.00307724434954 0.0220523931197 0.0133950558765 0.0266539521182 0.383581201494 0.00419884915155 0.0134564671019 0.0597913899374 0.0337452261629 0.0166286683401 0.00316032495618 0.0127381174224 0.0109757512623 0.00803439925393 0.0332698480605 0.0105993439954 0.0483076504589 0.0163064797558 0.012018112056 0.0361800748473 0.00643474109007 0.0887262134561 0.0257449090852 -0.00708879550567 0.0309441577476 0.0233172879765 0.0215959574003 0.0225215510123 0.0309338854155 0.00922170991564 0.0334647243426 0.0167567883174 
0.0194077533259 0.00937555657557 0.0142072293595 0.00639601425766 0.0262540079777 0.0232977511217 0.0280327375518 0.0285235210121 -0.00217506288953 0.0274876418915 0.00594611055518 0.0162922698154 0.0232254409033 0.0066714513942 0.0141369050689 0.00971202930145 0.000751440524536 0.022471362322 0.00888031420289 0.0231712591322 0.00912433879663 -0.012964226978 0.0137419409654 0.0364083695272 0.0159591864767 0.0244601254325 0.0123299435121 0.0383487262288 0.00501097825248 0.0168433089374 0.0131759030512 0.00914402234022 0.00419884915155 0.42240143289 -0.00886491623002 0.0178307027978 0.0411487196741 0.0151036176127 0.0231069212377 0.0148667792182 0.00693158637613 0.00291191015554 0.0232007333792 -0.00180967985178 0.0353082998564 0.0149828871553 -0.00520989291395 -0.00331793753002 0.0153555673026 0.026172513128 0.0227191283129 0.0113668243412 0.0206542535893 0.0245347745467 -0.00963683734624 -0.00214608244191 0.00280819323658 0.0168491559558 0.0158710523095 0.0212104692639 
0.0366386528511 0.0330188124084 0.0218351152988 0.0134004682755 0.00691052478617 0.0176335216444 0.0137610202221 0.00441329577467 0.00812328681234 0.0187473558686 0.020886954684 0.0202846974258 0.017097527187 0.0247304676844 0.0207653368332 0.0178910356545 0.024290726066 0.0152536818393 0.0307167353374 0.0148394160615 0.0243177902437 0.0159932789063 0.0106315046573 0.0396458621695 0.0134894706158 0.0344984212094 0.00921470055869 0.0241986233555 0.00429159502829 0.00221284468211 0.0166755685917 0.0778286861136 0.0134564671019 -0.00886491623002 0.223182868512 0.0102632151094 0.0203839203791 0.0220292912631 0.0211049927945 0.00387678850126 0.0124278582212 0.01634351621 0.0188962363188 0.0472518712169 0.0376679686472 0.0115002002628 0.0125506824755 0.0441261582208 0.00973826848216 0.041235759004 0.0128047520685 0.0133088689448 0.01357738876 0.0376901086892 0.0274316109434 0.0131176015593 0.00286959186806 0.0284230789442 0.0204312641022 0.00469923870453 
0.035636147526 0.00329402719996 -0.0138911499135 0.0675764675561 0.0287849069792 -0.000774441222158 -0.00719752477002 0.0429402058935 0.00426911971466 0.0407711216143 0.0189840421267 0.0293140376169 0.0171857763411 0.0530202940571 0.0431674751138 0.0196969194211 0.0221145053071 0.00195358693041 0.0137568027676 0.0137883056486 -0.00656926444644 -0.00509591884477 -0.00715837728585 0.0273699804433 0.00386603037767 0.0272717384234 -0.00540183239059 0.0597674130442 -0.00328071048709 0.00699930157054 0.0182505611551 0.00693480034395 0.0597913899374 0.0178307027978 0.0102632151094 2.26964066547 0.0425232749045 0.0247428876964 0.00624100687289 -0.00165807458508 0.0196245465647 -6.33178052767e-05 -0.0247789759847 -0.0110225597748 0.0115565591162 0.0254907512346 0.0124560571174 0.00307474267016 0.00167841654018 0.0842712855945 0.0193364591343 0.0125435823056 -0.00229740035682 0.0181063044979 0.00172972139052 0.00428513570797 -0.00639982118959 0.0187316171417 0.0341125754588 -0.00229763908455 
0.122988012134 0.0125622170021 0.0705523663875 0.000530558469487 0.0268601864222 0.0508390064257 0.0234615095808 0.0180408624728 0.0406952764255 0.0168623584775 0.0161058984287 0.0400699763369 0.0442917167493 0.0141538345267 0.0200229393367 0.0338687640151 0.0237364781766 0.0118684247259 0.0600294925449 0.0643878437146 0.0137141903026 0.0212246706369 3.69512944835e-05 0.0288126826349 0.0271648380896 0.0211080852063 0.00495760783279 0.185537272077 0.00626712121906 0.0249158554125 -0.000513372354466 0.0163028708306 0.0337452261629 0.0411487196741 0.0203839203791 0.0425232749045 0.59948683882 0.0135866709686 0.0219839491452 0.0155963745449 0.0733571717694 0.00521723121732 0.000509655150459 0.00822608154155 0.0523287558261 0.0168366389608 0.0106778241342 0.0754157069071 -0.00498990565591 0.0552756418964 0.00911189150457 -0.00986091760763 0.069258559463 0.0101568211438 0.0284061561294 0.0252874210396 0.00606513092986 0.0221301895156 0.0349593152709 0.0111634889337 
0.0292103690155 0.00486084308238 -0.0149288980726 0.0669077299081 0.0267431652265 0.0106695919507 0.023791126809 0.0539160997761 -0.0142088383407 0.0154801713599 0.0129029325186 0.0157037950817 0.0191980812132 0.00155163081854 -0.00248172941504 8.64521496265e-05 0.00922728350198 0.000639865439066 0.0167308583215 0.00218489375186 0.00725113141523 0.0207417962513 0.0134471815195 0.0468225640837 0.0253724821327 0.020059037948 0.00607099879374 0.0216013134577 0.00599540487025 0.0190438994308 0.0278814422662 0.0161618756355 0.0166286683401 0.0151036176127 0.0220292912631 0.0247428876964 0.0135866709686 0.272087576992 0.018843358889 0.015659455438 0.005937565776 0.017614479129 0.0136112475989 0.0183865160217 0.0236084947725 0.046057851294 0.00855913432112 0.0110960533951 -0.00480958091538 0.00720364595527 0.0224515529308 0.00832620769625 0.0295888952623 0.018870859405 0.0136127963258 0.0162996117882 0.0171681404643 0.0231919303106 0.0141170181755 0.00621346041565 
0.0238562550291 0.00755851905837 -0.00887568454971 0.00817215169089 0.0167761308958 0.0298965987057 0.0671568960681 0.0137602360209 -0.0174854769694 0.0080550869602 0.0146178081784 0.00471800427927 0.0176994197217 0.0250529009737 0.0139217136391 0.00994189236787 0.00610937769158 0.00708251328229 0.0160087901638 0.00519980871643 0.00496997175842 0.00849355721671 0.00368087985996 0.0372723086364 0.00624278134969 0.0446825736123 0.0143431422282 0.0296750969527 0.0272404591274 0.00366568324267 0.0162625347792 0.0100476217715 0.00316032495618 0.0231069212377 0.0211049927945 0.00624100687289 0.0219839491452 0.018843358889 0.233891844007 0.01477442133 0.0216361646963 0.0266853300207 0.00862049758108 0.0122250179782 0.0343794478121 0.0156028796655 0.00905856179181 -0.00193235390036 0.012822088048 0.00294453744619 0.0108233513623 0.0127241769819 0.0113380004973 0.018017174663 -0.00333428861683 0.025712771952 -0.00107170593878 0.0127988824862 0.0150763321185 0.0128405409582 
