30
0.0268988212896 0.118355026327 0.0448250845436 0.127416862275 0.0739523233915 0.039859092222 0.025657065471 0.119859861498 0.0335319673985 0.0291248595558 0.0754225878746 0.023795453615 0.0128714932266 0.121001700606 0.0168064994581 0.0210054402465 0.0263662592882 0.0149217979249 0.0206637964956 0.0700025840065 0.0523918745475 0.0594494044175 0.199130076205 0.214537342356 0.118814959333 0.0248078828137 0.0357981155146 0.0722101641432 0.0610020106181 0.110783759143 
0.224412574544 0.00358496013453 0.00697147175193 -0.00769093717347 0.00159553352668 0.0154140590062 0.00939083488647 0.0211174921493 0.00825509998792 0.0233159525957 0.0332201273477 0.00780465033353 0.0132924692484 0.00726479223655 0.000408440424565 0.00217732224873 0.0197820996854 0.0236262577666 0.00815869991734 0.00460140459789 -0.00545731699878 0.0323621260833 0.00721951009625 0.0163440197853 0.00698666166906 0.00849881760503 0.0083833062066 0.0138048222485 0.0100514816129 0.0257170725739 
0.00358496013453 0.573611348991 0.036482742948 0.00959076677171 0.045864084325 0.0241884300115 0.0203856419259 0.0222385695338 0.0193750904667 0.0133684091863 0.0136546246889 0.0117877117227 0.00242107772869 -0.00147705946553 0.0135912684362 0.0117113903786 0.031240685937 0.0309260985792 0.0162880766061 0.0336405913677 0.0195590136741 0.0320337497491 0.01599070744 0.0656071281704 0.036096408876 0.00747321609483 0.0342015734684 0.0371703125983 0.0352359808405 0.0147043462781 
0.00697147175193 0.036482742948 0.248073843877 -0.00593730499233 0.00719943715772 0.0286072351756 0.0262815817933 0.0146990157312 0.02052507782 0.022729358014 0.019635039636 0.00540936106836 0.011888648947 0.0190104977921 0.0128551846023 0.0153053230243 0.0320655151589 0.0152769481306 0.0204781908846 0.00970780723468 0.0342210025137 0.0443431362922 0.0176149746317 0.0290480579953 0.0198155943792 0.0253591178786 0.0379524907314 0.0216135458686 0.0146933716876 0.0150576991929 
-0.00769093717347 0.00959076677171 -0.00593730499233 0.47454807867 0.0234757954143 0.0502526918361 0.00987712683796 0.0293764684294 0.0285077895723 0.0103642981141 -0.00135495415047 0.0326486435323 0.00497845189728 0.104212466918 0.0105527248334 -0.0070684115693 0.0321049534722 0.010392352107 0.0154418697391 0.00674800844127 0.00476334281993 0.0120719784171 0.101956943281 0.0415192975166 0.0242007295508 0.0152020423951 0.0105748117503 0.0181651955299 0.049549713178 0.0462770815669 
0.00159553352668 0.045864084325 0.00719943715772 0.0234757954143 0.495380713483 0.0297027549162 0.00465259277779 0.0493757497237 0.0307653361754 0.0283788029387 -0.00206339249405 0.0150190918178 0.00616016249416 0.0236411825554 0.00741685157211 0.00430586015857 0.0246660340593 0.0150040888994 0.0140727882211 0.0425078191945 0.0036471548735 0.0150868494681 0.0648169310397 0.0870999575484 0.0518097619 0.0209563286552 0.0161673661158 0.0449086332395 0.0444945457138 0.0460276753491 
0.0154140590062 0.0241884300115 0.0286072351756 0.0502526918361 0.0297027549162 0.273782333568 0.016333900974 0.027130350128 0.0320437870036 0.0109956627115 0.0328756021764 0.015992283084 -0.00462075362577 0.0283863113145 0.00786211833997 0.00933052360577 0.03722548329 0.00665130258663 0.0125366008388 0.0107594917546 0.00436701941183 0.0489502053036 0.0219833666469 0.0381633607463 0.0181050076765 0.018757284528 0.0133796184563 0.0441828413483 0.0121764907879 0.0230550057842 
0.00939083488647 0.0203856419259 0.0262815817933 0.00987712683796 0.00465259277779 0.016333900974 0.183978282784 0.0369915618254 0.0211922073487 0.0228059005297 0.0202994404071 0.0185756158456 0.0128060452596 0.0127729266327 0.0354748637936 0.0115683170775 0.0335056416946 0.0217419411074 0.0288572092286 0.0132287715324 0.0284079251101 0.0659963984698 0.00957997472856 0.00693529131769 0.0168455199215 0.017945521713 0.0289673197823 0.0195857002819 0.0179156347125 0.0487802505183 
0.0211174921493 0.0222385695338 0.0146990157312 0.0293764684294 0.0493757497237 0.027130350128 0.0369915618254 0.520545889818 0.0362141087453 0.0177110658432 0.0352418377152 -0.000473565453211 -0.00131893777471 0.0325014281956 0.04283132584 -0.00671429408024 0.00289282441741 0.0206407247497 0.00810155221954 0.0194992381225 0.0123321057254 0.0183615587927 0.0131971888219 0.0862847634688 0.0266945401743 0.0133979048391 0.0084923266676 0.0528974541272 0.0418889103801 0.0882076219197 
0.00825509998792 0.0193750904667 0.02052507782 0.0285077895723 0.0307653361754 0.0320437870036 0.0211922073487 0.0362141087453 0.211876330714 0.0164782940841 0.0144186901387 0.00368444240384 0.0091540641299 0.0172768367061 0.0122822358441 0.00219773178824 0.0542135176093 0.023465904803 0.0185659700167 0.00193718021068 0.0210096456017 0.0336599429282 0.0540780812281 0.0631124811121 0.00664505385453 0.0191856206351 0.0189653207954 0.0543100549265 0.00742774161343 0.0435847536433 
0.0233159525957 0.0133684091863 0.022729358014 0.0103642981141 0.0283788029387 0.0109956627115 0.0228059005297 0.0177110658432 0.0164782940841 0.24585684227 0.00388991394365 0.0203856843673 0.0184515722776 0.0214655979478 0.00910011416938 0.0123559219771 0.0181173699238 0.00196748287622 0.0134050136506 0.0218185819118 0.0139399665005 0.0217740959073 0.0312008498486 0.0132431520101 -0.0028473568227 0.00401676835201 0.0132715156346 0.00587422662819 0.0163041774534 0.00576680458377 
0.0332201273477 0.0136546246889 0.019635039636 -0.00135495415047 -0.00206339249405 0.0328756021764 0.0202994404071 0.0352418377152 0.0144186901387 0.00388991394365 0.494866450571 -0.00184426300322 0.0214255956715 0.0149721343782 0.0116680999216 0.0121767714825 0.0138771021938 0.00584436501149 0.0287873110279 0.0151224287145 0.0269637359665 0.0285556909611 0.0378518385829 0.0284136176826 0.011426555775 0.011874939968 0.0290692982535 0.00907893938412 0.021542910052 0.0353838997699 
0.00780465033354 0.0117877117227 0.00540936106836 0.0326486435323 0.0150190918178 0.015992283084 0.0185756158456 -0.000473565453211 0.00368444240384 0.0203856843673 -0.00184426300322 0.195477356526 -0.000838425421431 0.044617871462 0.0138113629322 0.0145692686732 0.0203214473766 0.00476591714431 0.0180285297454 0.020410284755 0.0333210864477 0.0262308832865 0.00898550460859 0.00268130361187 0.0208723991509 0.00306493815479 0.0226756603496 0.0128980349045 -0.000840496878386 0.00954523204629 
0.0132924692484 0.00242107772869 0.011888648947 0.00497845189728 0.00616016249416 -0.00462075362577 0.0128060452596 -0.00131893777471 0.0091540641299 0.0184515722776 0.0214255956715 -0.000838425421431 0.226277392317 0.00181358278808 0.00621127631371 0.00520272218343 -0.00273738047144 0.019721228147 0.000963968128566 0.00435976344886 0.0170406834839 0.00528499769753 0.00109800499635 0.00739937590322 0.00497345582482 0.0111376636803 0.0115559163142 -0.0225219668773 0.0107576004604 0.0161472309711 
0.00726479223655 -0.00147705946553 0.0190104977921 0.104212466918 0.0236411825554 0.0283863113145 0.0127729266327 0.0325014281956 0.0172768367061 0.0214655979478 0.0149721343782 0.044617871462 0.00181358278808 0.736831519997 0.0134750567038 0.0153455788686 0.0305664808418 0.012397290905 0.014808647375 0.00956405369701 -0.00638294227469 0.0155922641439 0.0533915149876 -0.00150766428448 0.0383855173768 0.0138086130184 0.0203800490337 0.0152510700446 0.0167669459042 0.00177761010878 
0.000408440424565 0.0135912684362 0.0128551846023 0.0105527248334 0.00741685157211 0.00786211833997 0.0354748637936 0.04283132584 0.0122822358441 0.00910011416938 0.0116680999216 0.0138113629322 0.00621127631371 0.0134750567038 0.214459503026 0.0113599612043 0.0191393570374 0.0101310945325 0.013178527204 0.0195379397408 0.0113290586805 0.0150804251827 -0.000510427394632 0.000617427468348 0.00888179035264 0.0104273228904 0.0128032309523 0.00536710364168 0.00569437027728 0.0321500045414 
0.00217732224873 0.0117113903786 0.0153053230243 -0.0070684115693 0.00430586015857 0.00933052360577 0.0115683170775 -0.00671429408024 0.00219773178824 0.0123559219771 0.0121767714825 0.0145692686732 0.00520272218343 0.0153455788686 0.0113599612043 0.134137358313 0.00496351255162 -0.00175984869166 0.0208078917301 0.00864390552043 0.00941474307676 0.0133808559588 0.0034999973722 0.00673556785801 -0.00452167222907 0.012060149843 0.00932685367919 -0.00112349273779 0.0099608634966 0.00496812895586 
0.0197820996854 0.031240685937 0.0320655151589 0.0321049534722 0.0246660340593 0.03722548329 0.0335056416946 0.00289282441741 0.0542135176093 0.0181173699238 0.0138771021938 0.0203214473766 -0.00273738047144 0.0305664808418 0.0191393570374 0.00496351255162 0.239299084227 0.0356043699595 0.0211185368046 0.0184974002175 0.0186217684243 0.0421040882705 0.0475326979469 0.0296917916636 0.0258952195874 0.0187731752842 0.0331697855781 0.0394326659057 0.00507980989006 0.0359741640002 
0.0236262577666 0.0309260985792 0.0152769481306 0.010392352107 0.0150040888994 0.00665130258663 0.0217419411074 0.0206407247497 0.023465904803 0.00196748287622 0.00584436501149 0.00476591714431 0.019721228147 0.012397290905 0.0101310945325 -0.00175984869166 0.0356043699595 0.319465171246 0.0170775122763 0.0219584889009 0.0178764547442 0.0332781092323 0.0151013901876 0.0854236712487 0.0507526954909 0.0178081444114 0.0330763915141 0.0124284751528 0.0235602837135 0.0542368153755 
0.00815869991734 0.0162880766061 0.0204781908846 0.0154418697391 0.0140727882211 0.0125366008388 0.0288572092286 0.00810155221954 0.0185659700167 0.0134050136506 0.0287873110279 0.0180285297454 0.000963968128566 0.014808647375 0.013178527204 0.0208078917301 0.0211185368046 0.0170775122763 0.16152257776 0.0187923859277 0.0219967787291 0.0260955693126 0.0146346544879 0.0128152221214 0.00241340083463 0.020815487108 0.0147307871979 0.0139450605399 0.0200934870784 0.0256905367937 
0.00460140459789 0.0336405913677 0.00970780723468 0.00674800844127 0.0425078191945 0.0107594917546 0.0132287715324 0.0194992381225 0.00193718021068 0.0218185819118 0.0151224287145 0.020410284755 0.00435976344886 0.00956405369701 0.0195379397408 0.00864390552043 0.0184974002175 0.0219584889009 0.0187923859277 0.327324924301 0.00211371591986 0.0128894146573 0.007757972895 0.0231192819726 0.0171472763787 0.00402113595765 0.0069910391943 0.015406289401 0.0183453064669 0.0177759730491 
-0.00545731699878 0.0195590136741 0.0342210025137 0.00476334281993 0.0036471548735 0.00436701941183 0.0284079251101 0.0123321057254 0.0210096456017 0.0139399665005 0.0269637359665 0.0333210864477 0.0170406834839 -0.00638294227469 0.0113290586805 0.00941474307676 0.0186217684243 0.0178764547442 0.0219967787291 0.00211371591986 0.356039613572 0.0219494140158 0.0322255631607 0.0242687323917 0.00469057622228 0.0034596477103 0.0271608892554 0.0137558899026 -0.000820131159624 0.0197064879998 
0.0323621260833 0.0320337497491 0.0443431362922 0.0120719784171 0.0150868494681 0.0489502053036 0.0659963984698 0.0183615587927 0.0336599429282 0.0217740959073 0.0285556909611 0.0262308832865 0.00528499769753 0.0155922641439 0.0150804251827 0.0133808559588 0.0421040882705 0.0332781092323 0.0260955693126 0.0128894146573 0.0219494140158 0.29310226015 0.0353128268913 0.0186152090907 0.0292027318295 0.0214960962592 0.0417829541989 0.0534506053861 0.00990856155562 0.0552908622041 
0.00721951009625 0.01599070744 0.0176149746317 0.101956943281 0.0648169310397 0.0219833666469 0.00957997472856 0.0131971888219 0.0540780812281 0.0312008498486 0.0378518385829 0.00898550460859 0.00109800499635 0.0533915149876 -0.000510427394632 0.0034999973722 0.0475326979469 0.0151013901876 0.0146346544879 0.007757972895 0.0322255631607 0.0353128268913 0.6226196924 0.0432000773279 0.0314890679307 0.00843608310051 0.00390855194732 0.0614996792024 0.0106168800982 0.0877071957823 
0.0163440197853 0.0656071281704 0.0290480579953 0.0415192975166 0.0870999575484 0.0381633607463 0.00693529131769 0.0862847634688 0.0631124811121 0.0132431520101 0.0284136176826 0.00268130361187 0.00739937590322 -0.00150766428448 0.000617427468348 0.00673556785801 0.0296917916636 0.0854236712487 0.0128152221214 0.0231192819726 0.0242687323917 0.0186152090907 0.0432000773279 0.961112256233 0.117796630275 0.0192720869087 0.0185587667704 0.0484154509345 0.0560046853426 0.116389531603 
0.00698666166906 0.036096408876 0.0198155943792 0.0242007295508 0.0518097619 0.0181050076765 0.0168455199215 0.0266945401743 0.00664505385453 -0.0028473568227 0.011426555775 0.0208723991509 0.00497345582482 0.0383855173768 0.00888179035264 -0.00452167222907 0.0258952195874 0.0507526954909 0.00241340083463 0.0171472763787 0.00469057622228 0.0292027318295 0.0314890679307 0.117796630275 0.494572947549 0.0174918672343 0.0021204802749 0.0260466256501 0.0338980311145 0.0469850521312 
0.00849881760503 0.00747321609483 0.0253591178786 0.0152020423951 0.0209563286552 0.018757284528 0.017945521713 0.0133979048391 0.0191856206351 0.00401676835201 0.011874939968 0.00306493815479 0.0111376636803 0.0138086130184 0.0104273228904 0.012060149843 0.0187731752842 0.0178081444114 0.020815487108 0.00402113595765 0.0034596477103 0.0214960962592 0.00843608310051 0.0192720869087 0.0174918672343 0.214976723308 0.0108809370427 0.0182936472383 0.0173364828193 0.0296185698057 
0.0083833062066 0.0342015734684 0.0379524907314 0.0105748117503 0.0161673661158 0.0133796184563 0.0289673197823 0.0084923266676 0.0189653207954 0.0132715156346 0.0290692982535 0.0226756603496 0.0115559163142 0.0203800490337 0.0128032309523 0.00932685367919 0.0331697855781 0.0330763915141 0.0147307871979 0.0069910391943 0.0271608892554 0.0417829541989 0.00390855194732 0.0185587667704 0.0021204802749 0.0108809370427 0.255243901044 0.0284879014467 0.0145908075338 0.00247252845895 
0.0138048222485 0.0371703125983 0.0216135458686 0.0181651955299 0.0449086332395 0.0441828413483 0.0195857002819 0.0528974541272 0.0543100549265 0.00587422662819 0.00907893938412 0.0128980349045 -0.0225219668773 0.0152510700446 0.00536710364168 -0.00112349273779 0.0394326659057 0.0124284751528 0.0139450605399 0.015406289401 0.0137558899026 0.0534506053861 0.0614996792024 0.0484154509345 0.0260466256501 0.0182936472383 0.0284879014467 0.32653258715 0.00953695325157 0.041455823873 
0.0100514816129 0.0352359808405 0.0146933716876 0.049549713178 0.0444945457138 0.0121764907879 0.0179156347125 0.0418889103801 0.00742774161343 0.0163041774534 0.021542910052 -0.000840496878386 0.0107576004604 0.0167669459042 0.00569437027728 0.0099608634966 0.00507980989006 0.0235602837135 0.0200934870784 0.0183453064669 -0.000820131159623 0.00990856155562 0.0106168800982 0.0560046853426 0.0338980311145 0.0173364828193 0.0145908075338 0.00953695325157 0.419988132913 0.0356471982453 
0.0257170725739 0.0147043462781 0.0150576991929 0.0462770815669 0.0460276753491 0.0230550057842 0.0487802505183 0.0882076219197 0.0435847536433 0.00576680458377 0.0353838997699 0.00954523204629 0.0161472309711 0.00177761010878 0.0321500045414 0.00496812895586 0.0359741640002 0.0542368153755 0.0256905367937 0.0177759730491 0.0197064879998 0.0552908622041 0.0877071957823 0.116389531603 0.0469850521312 0.0296185698057 0.00247252845895 0.041455823873 0.0356471982453 0.474696223168 

['ADP', 'DDS', 'COST', 'RIG', 'LU', 'CIT', 'BBT', 'CTXS', 'ETN', 'MSFT', 'HSP', 'ETR', 'MDT', 'EP', 'SLM', 'PEP', 'MAS', 'DELL', 'AIG', 'MRK', 'UNH', 'STT', 'PD', 'PMCS', 'SUNW', 'MMM', 'WAG', 'CSX', 'CMVT', 'FSL.B']