40
0.0704019073317 0.0936563270582 0.044891801276 0.0265727047954 0.0184249616408 0.135299445153 0.0440278725419 0.101481112582 0.0739523233915 0.0307440439862 0.0290232005544 0.275379497042 0.0253746335001 0.143796644659 0.103528049483 0.0054327763703 0.0231907610599 0.123612909007 0.0436219100546 0.0262343191133 0.0820701074714 0.371102806834 0.0285158318856 0.0125032911957 0.0794924924591 0.0146510565804 0.0482651065397 0.0753619397022 0.0861911318708 0.0651633165571 0.0501755430095 0.0206637964956 0.0314738433907 0.023015295127 0.0220144037379 0.0459594094694 0.0380288664812 0.0215013837744 0.0395396308246 0.0470472683343 
0.275675033725 0.0347528887243 0.0195104336529 0.0288567139242 0.0351687776519 0.0373435171203 0.0246322380816 0.0143538029627 0.0368755775662 0.039195245334 0.0187502674339 -0.00917842494463 0.021740606563 0.100503244342 0.0346567520387 0.0172702306965 0.0152429064889 0.0189458823318 0.0417575366989 0.026678300587 0.0467240851383 0.0188383738997 0.0257241608768 0.0298673646235 0.0352971229628 0.0150290447488 0.0307137709776 0.0313905321501 0.0224974097628 0.0267802102665 0.0295409658258 0.0192266147736 0.00895341397691 0.032228819018 0.014382121218 0.0434503415926 0.0226573978933 0.0191743653465 0.0222637411144 0.0235835303185 
0.0347528887243 0.44099932773 0.00795149036664 0.0199838433998 0.00595964177123 0.0132413334242 0.00711640287224 0.0064176618694 0.0269886704655 0.0136559693026 0.010688644789 -0.0174188324442 0.0269030292414 0.0553568449316 0.0148410541235 0.0157448853127 0.0180776014369 0.00394833859411 0.0187301720291 0.0148305114825 0.0189190493367 0.0625985082914 0.00376969422274 0.0133794734435 0.0235987764322 0.016658960374 -0.000671428739091 -0.0090321655439 0.0336498648781 0.0155883783475 -0.00975154748365 0.0214445495455 0.00626428964154 0.0139143722857 0.00271034082923 0.0118234194539 0.0174508771446 0.0203928223368 0.0120787470523 0.00888461088091 
0.0195104336529 0.00795149036664 0.33426681148 0.00683513165193 0.0182221676026 0.0372049323003 0.026376343943 -0.00440167742526 0.0349177781837 0.0247232852084 0.0220774011569 -0.0138095664247 0.00803696378164 0.0605543402489 0.065136843885 0.00767712388096 0.0134445151649 0.0130800936415 0.0322656680374 0.0148017091779 0.0185992239366 0.0385760180942 0.0172391853438 0.0259272953406 0.025380311552 0.0118524749204 0.00495121918485 0.0104418761506 0.0122130400854 0.0209403611747 0.00130179848539 0.022390852843 0.0148591564583 0.0140040988113 0.0160569522615 0.0254409857546 0.0247992822304 0.0211606008765 0.0312700351125 0.0240133601139 
0.0288567139242 0.0199838433998 0.00683513165193 0.203132670147 0.0268272439616 0.0214168113164 0.00914151602544 0.0145684143231 0.00602738074661 0.0129172858332 0.0294396331984 -0.000559088267559 0.000367470748743 0.031881472123 0.0167726042661 0.0217675189158 0.0459941082821 -0.00545425156107 0.0294105960759 0.0164585974555 0.0134230352485 0.0215090806092 0.0113950257898 0.0307643151173 0.0143332229441 0.0134770627674 0.0239740663653 0.00335816832538 0.00985997713681 0.0145491812612 0.00215168521597 0.0229519949163 -0.000789006157164 0.0148182440791 0.0104893406237 0.0236033276802 0.0047834444977 -0.000482583249658 0.024192134564 0.00589335114756 
0.0351687776519 0.00595964177123 0.0182221676026 0.0268272439616 0.15626123423 0.0184690571931 0.0283619867575 0.0048927689579 0.010316429051 0.0438255976362 0.024265260468 -0.000797878877574 0.00882328428653 0.0400318109186 0.0193915305384 0.0130528856542 0.00975922054447 0.00136874907037 0.0620796955104 0.0473454997253 0.0187009326577 -0.00518221000797 0.0168883071299 0.00886611534826 0.0220834663032 0.0168649403275 0.0207785548485 0.000492761290379 0.0213743807965 0.021821501344 0.0108914015936 0.0244796466458 0.0175760447702 0.0371407674361 0.022211574969 0.0300044687838 0.0216306081139 0.0197259069111 0.0114971503052 0.0255088260947 
0.0373435171203 0.0132413334242 0.0372049323003 0.0214168113164 0.0184690571931 0.506148420606 0.0067390019924 0.000395049284516 0.0195242111605 0.0252352242892 0.00657309118518 -0.0299078509262 0.0316387466999 0.0832757935442 0.147963797578 0.00978865770407 0.00308034383922 0.0653097885392 0.022336221749 0.00057183970824 0.0110257121022 0.101038483731 0.0451178363269 -0.0179596354763 -0.000427780978978 -0.0034782359053 0.00713472041509 0.149851992729 0.0178850784284 0.0324807043192 0.0534241541688 0.00718644610343 0.029325799483 0.0144637862136 0.0252953932602 0.00513781332349 0.0125426261604 0.00989114958453 0.00515222374957 0.0137358090241 
0.0246322380816 0.00711640287224 0.026376343943 0.00914151602544 0.0283619867575 0.0067390019924 0.231333133436 -0.0102308763726 0.00082481686198 0.0260191552442 0.00584382318912 -0.00610787446158 0.0243801427161 0.0142093505998 0.00145260123477 0.00200378917261 0.0141702713899 -0.00160043185534 0.0180319101979 0.0260527591382 0.0166066616826 0.0283334178812 0.0124552592811 0.0188365373211 0.00751004457119 0.0104260112186 0.0391347178703 0.0259420331348 0.0222504944395 0.0108216810386 0.0296258638545 0.0189921020282 0.00188150894062 0.015503861847 0.00858132699097 0.0297790506167 0.0195978126095 0.0217550535544 0.0211196372786 0.022318539288 
0.0143538029627 0.0064176618694 -0.00440167742526 0.0145684143231 0.0048927689579 0.000395049284522 -0.0102308763726 0.923340697185 0.0494568388434 0.0139071774838 0.0130279765235 -0.0142713049656 0.00983663382217 0.0109918085982 0.0118609355972 -0.00678919470498 -0.00439568305762 0.0103164822872 0.0130955810435 0.00770889752798 0.000615871958307 0.0715476865019 0.017644763101 0.0120458689239 0.0304585361188 0.013072751126 -0.000200657234415 0.000708859724639 0.0366263607532 0.0170373566227 0.0106997653894 -0.00660010807846 0.00398591336014 0.00137833400423 0.00818047796221 0.00116983684804 0.0270119118122 0.0248672260177 0.00818659348547 0.0061360989999 
0.0368755775662 0.0269886704655 0.0349177781837 0.00602738074661 0.010316429051 0.0195242111605 0.000824816861981 0.0494568388434 0.494279717252 0.0235479356206 -0.0116447676349 -0.00660036976802 0.023655115169 0.0692466359467 0.00271214678455 0.0145770330921 0.0117801031903 0.00975262226674 0.0182250966296 0.00955817640822 0.038399646913 0.115354607109 0.013650548943 0.00511037446955 0.0165716024815 0.0100684816323 0.0146342166503 0.0299805735723 0.0272800499167 0.0129105433847 0.0086172274456 0.0140071177405 0.0110328210339 0.0162737736728 0.00839401429972 0.00311322544727 0.0265555576108 0.0242303281609 0.0346215111617 0.0171529908936 
0.039195245334 0.0136559693026 0.0247232852084 0.0129172858332 0.0438255976362 0.0252352242892 0.0260191552442 0.0139071774838 0.0235479356206 0.232320814825 0.0327202990056 -0.0082201756233 0.00977046606217 0.0458955918583 0.0209567221314 0.0115053757892 0.0114494711799 0.0187741333811 0.0457882553884 0.0241213915562 0.0174737570022 0.0224865546854 0.0240579603001 0.0116711458694 0.0223542046219 0.0181863268929 0.0146600849574 0.0106471585619 0.0264055475406 0.0111758916737 0.00838699162047 0.0194696651788 0.0196551364079 0.027886691978 0.0223422797714 0.0176668661047 0.0220671577328 0.0210963215091 0.0297318803906 0.0544830126998 
0.0187502674339 0.010688644789 0.0220774011569 0.0294396331984 0.024265260468 0.00657309118518 0.00584382318912 0.0130279765235 -0.0116447676349 0.0327202990056 0.24433605342 0.0105778874519 0.0341406762314 0.0581789104992 0.00111049625311 0.0138538883872 0.00641457772979 -0.00587780274764 0.0280859650983 0.0226329450917 0.0128257687965 0.0124287606659 0.0174782423813 0.0148334081159 0.0135828467741 0.00737607949324 0.0126090408137 -0.00942580381964 0.00755495814069 0.00576725817804 0.0234999872059 0.0200067570831 0.00426984917756 0.0199331287416 0.0114981003814 0.0414231190243 0.00772720282741 0.0121827215478 0.00602760442574 0.00888835062339 
-0.00917842494463 -0.0174188324442 -0.0138095664247 -0.000559088267559 -0.000797878877574 -0.0299078509262 -0.00610787446158 -0.0142713049656 -0.00660036976802 -0.0082201756233 0.0105778874519 4.09490300763 -0.000307664861153 -0.0167164960731 -0.0118513076261 -0.00704976724571 0.00728394297907 -0.0193817252605 -0.00355455297724 0.00456224406577 -0.0348446987285 -0.0476192652939 0.000427539107799 0.00742572826085 0.0227156104965 -0.00216599406439 -0.0124149769889 -0.0111954121584 -0.00693581641811 0.00228873854756 -0.00355380912508 -0.00457081209257 0.00323467457949 -0.001746831329 0.0163945795847 -0.0013670884795 -0.0101833683464 -0.011215968209 -0.00604938635385 -0.00711561049 
0.021740606563 0.0269030292414 0.00803696378164 0.000367470748743 0.00882328428653 0.0316387466999 0.0243801427161 0.00983663382217 0.023655115169 0.00977046606217 0.0341406762314 -0.000307664861153 0.28593567809 0.0533662883366 0.00476500425456 0.00106446343564 0.00382721703258 -0.00157664223888 0.00132743762899 0.0236746413538 0.000645755547566 0.00732582428206 -0.000799632083792 0.00935672454289 0.040169196799 0.0160421945889 0.028571514672 0.00832373435552 0.0186032789449 0.0057024145326 0.0149792333863 0.0172443774932 0.0263610667209 0.0209277114303 0.00396344584116 0.012782367595 0.014168246702 0.0190567629343 0.0118119999063 0.0188977744915 
0.100503244342 0.0553568449316 0.0605543402489 0.031881472123 0.0400318109186 0.0832757935442 0.0142093505998 0.0109918085982 0.0692466359467 0.0458955918583 0.0581789104992 -0.0167164960731 0.0533662883366 0.629750087356 0.0358560005535 0.0268321932309 0.0317751466001 0.0086783038757 0.0486134049724 0.0339021685732 0.0594613072858 0.0722054696363 0.0260806928581 0.0201491622575 0.0270741259831 0.0172485172407 0.0248575913215 0.0464615138118 0.0912041326456 0.00591089119676 0.0313041075949 0.0285968914333 0.0263952996757 0.0319595736539 0.0146107757735 0.0453622336616 0.0520391302885 0.0386499933017 0.0467082505478 0.0240424671091 
0.0346567520387 0.0148410541235 0.065136843885 0.0167726042661 0.0193915305384 0.147963797578 0.00145260123477 0.0118609355972 0.00271214678455 0.0209567221314 0.00111049625311 -0.0118513076261 0.00476500425456 0.0358560005535 0.403971742261 0.00418267235367 -0.00149187968095 0.034587359096 0.00470819837006 0.00901832720472 -0.00627254109904 0.0395595627248 0.0462173368982 -0.024763737321 0.0290233668529 -0.00719896330429 0.00192243257252 0.13196545619 0.0111590817583 0.0471824861109 0.00173399182305 0.00917642327852 0.0313915143049 0.0146837188695 0.0307619238461 -0.0127248527667 -0.000378600801985 0.00221778351937 -0.0124526113969 0.0211180384964 
0.0172702306965 0.0157448853127 0.00767712388096 0.0217675189158 0.0130528856542 0.00978865770407 0.00200378917261 -0.00678919470498 0.0145770330921 0.0115053757892 0.0138538883872 -0.00704976724571 0.00106446343564 0.0268321932309 0.00418267235367 0.184896708336 0.00493882655075 0.00430454727527 0.00301612362512 0.013025478839 0.0187765942583 0.0212697464136 0.00306591364016 0.0114925400965 0.0329099727623 0.0220483820784 0.027433822118 -0.0060726189267 -0.00388505536181 0.00596303992421 0.0294572199344 0.0142115974524 0.00334108224845 0.0172489584584 0.0107458978147 0.0268321876377 -0.00122270581199 0.0262433415252 0.0111792461389 0.0138977595159 
0.0152429064889 0.0180776014369 0.0134445151649 0.0459941082821 0.00975922054447 0.00308034383922 0.0141702713899 -0.00439568305761 0.0117801031903 0.0114494711799 0.00641457772979 0.00728394297907 0.00382721703258 0.0317751466001 -0.00149187968095 0.00493882655075 0.224798187081 -0.0179810414532 0.0433612367338 0.0176628111356 0.0245958511586 0.017478970502 0.00377562916777 0.00803620334345 0.0300857033724 0.0170260655708 0.0119945584375 0.0177632964178 0.00152746255344 0.00962959431621 0.00852525433976 0.0284453448958 -0.00266590122637 0.0159396019416 0.0119527967775 0.0440782255812 0.00511099789388 0.0183745335348 0.00829876047237 0.0185245660785 
0.0189458823318 0.00394833859411 0.0130800936415 -0.00545425156107 0.00136874907037 0.0653097885392 -0.00160043185534 0.0103164822872 0.00975262226673 0.0187741333811 -0.00587780274764 -0.0193817252605 -0.00157664223888 0.0086783038757 0.034587359096 0.00430454727527 -0.0179810414532 1.04372502285 -0.013307864227 -0.0132491633176 0.0167376433589 0.0146884011603 -0.00394498388209 0.00215431923959 -0.00390425011146 -0.00152952681488 0.00464315583979 0.0311232088602 0.00829778972971 0.00552331644421 0.00604214705525 0.00575995175074 -0.00266576077436 0.00523265819847 0.00730990076485 0.00431956610606 0.0151725206123 0.0181749944116 0.0218501954193 0.00260201514988 
0.0417575366989 0.0187301720291 0.0322656680374 0.0294105960759 0.0620796955104 0.022336221749 0.0180319101979 0.0130955810435 0.0182250966296 0.0457882553884 0.0280859650983 -0.00355455297724 0.00132743762899 0.0486134049724 0.00470819837006 0.00301612362512 0.0433612367338 -0.013307864227 0.302714416756 0.0569638804021 0.0278538977537 0.0454976956681 0.0358515681898 0.0115145079105 0.0210191303751 0.0191837416072 0.0142239550492 0.00692817390065 0.0459229292218 0.0135418775353 0.0184819080989 0.0133463912063 0.0304704212517 0.0140995957074 0.0119497097314 0.0153914067706 0.0316887506093 0.024672991703 0.00182386720439 0.033055213791 
0.026678300587 0.0148305114825 0.0148017091779 0.0164585974555 0.0473454997253 0.000571839708241 0.0260527591382 0.00770889752798 0.00955817640822 0.0241213915562 0.0226329450917 0.00456224406577 0.0236746413538 0.0339021685732 0.00901832720472 0.013025478839 0.0176628111356 -0.0132491633176 0.0569638804021 0.179552064287 0.0237676522864 -0.00567836847586 0.0114043342062 0.0073190409139 0.0170384057211 0.0188692107703 0.0204030591454 -0.00443883377803 0.0162815942606 0.0163449508254 0.00922979710934 0.0200398456027 0.0158492673455 0.0298315363174 0.0128992199151 0.0316883286771 0.023430101664 0.0118021639485 0.0187058515058 0.0101312307417 
0.0467240851383 0.0189190493367 0.0185992239366 0.0134230352485 0.0187009326577 0.0110257121022 0.0166066616826 0.000615871958309 0.038399646913 0.0174737570022 0.0128257687965 -0.0348446987285 0.000645755547566 0.0594613072858 -0.00627254109904 0.0187765942583 0.0245958511586 0.0167376433589 0.0278538977537 0.0237676522864 0.483338058437 0.0268470415816 0.000658410092505 0.0342245194959 0.0375685829577 0.0172226865374 0.0440713234623 -0.0013853483119 0.00985187154067 0.00589370388138 0.0361406054427 0.0161123216776 0.0164722402703 0.00506113295806 -0.00396348354816 0.0292576217158 0.0253428706467 0.0283243822902 0.0181397773164 0.0173464055014 
0.0188383738997 0.0625985082914 0.0385760180942 0.0215090806092 -0.00518221000797 0.101038483731 0.0283334178812 0.0715476865019 0.115354607109 0.0224865546854 0.0124287606659 -0.0476192652939 0.00732582428206 0.0722054696363 0.0395595627248 0.0212697464136 0.017478970502 0.0146884011603 0.0454976956681 -0.00567836847586 0.0268470415816 1.23584303318 0.00986497737485 0.011751001903 0.0423951082118 0.0148080777893 0.0299466411391 0.0368393749234 0.0454648990089 0.0404761092332 0.0391335889818 0.0122081849316 0.00788516450508 -0.00212115260653 0.00818675501686 0.025411186212 0.0436478285051 0.0227064139463 -0.00112869176423 0.0195172763668 
0.0257241608768 0.00376969422274 0.0172391853438 0.0113950257898 0.0168883071299 0.0451178363269 0.0124552592811 0.017644763101 0.013650548943 0.0240579603001 0.0174782423813 0.0004275391078 -0.000799632083792 0.0260806928581 0.0462173368982 0.00306591364015 0.00377562916777 -0.00394498388209 0.0358515681898 0.0114043342062 0.000658410092504 0.00986497737485 0.191119926778 0.00508373630136 0.00021679653716 0.0071154146865 0.00849904906235 0.0385376193379 0.028632946703 0.050464976944 0.00523199320393 0.00694049209807 0.00787577244137 0.00898607761996 0.0431909466317 0.00214352510354 -0.00848985836356 0.00488683551799 -6.62975524107e-05 0.0115629669711 
0.0298673646235 0.0133794734435 0.0259272953406 0.0307643151173 0.00886611534826 -0.0179596354763 0.0188365373211 0.0120458689239 0.00511037446954 0.0116711458694 0.0148334081159 0.00742572826085 0.00935672454289 0.0201491622575 -0.024763737321 0.0114925400965 0.00803620334345 0.00215431923959 0.0115145079105 0.0073190409139 0.0342245194959 0.011751001903 0.00508373630136 0.284842053587 0.0252716008087 0.0157547223055 0.0260743398336 -0.00763231378332 0.00947956073093 0.00269038069657 0.0108636447945 0.00587794501468 0.00783404183711 0.0122804307604 -0.000356847989721 0.0295340059064 0.0128930864645 0.00518141328499 0.0367750461596 0.0105495423208 
0.0352971229628 0.0235987764322 0.025380311552 0.0143332229441 0.0220834663032 -0.000427780978976 0.00751004457119 0.0304585361188 0.0165716024815 0.0223542046219 0.0135828467741 0.0227156104965 0.040169196799 0.0270741259831 0.0290233668529 0.0329099727623 0.0300857033724 -0.00390425011146 0.0210191303751 0.0170384057211 0.0375685829577 0.0423951082118 0.000216796537161 0.0252716008087 0.334914406948 0.0230306207951 0.0570881234046 0.0382704296345 0.0397554553936 0.00854794677218 0.0144521733774 0.0153043237158 0.0202286017479 0.0150475601727 0.0117514165456 0.0429866125428 0.024927950574 0.0240790927377 0.0425229015897 0.0211508991688 
0.0150290447488 0.016658960374 0.0118524749204 0.0134770627674 0.0168649403275 -0.0034782359053 0.0104260112186 0.013072751126 0.0100684816323 0.0181863268929 0.00737607949324 -0.00216599406439 0.0160421945889 0.0172485172407 -0.00719896330429 0.0220483820784 0.0170260655708 -0.00152952681488 0.0191837416072 0.0188692107703 0.0172226865374 0.0148080777893 0.0071154146865 0.0157547223055 0.0230306207951 0.150243995733 0.00887516767718 -0.00294343369274 0.0144869966265 0.00647581740761 0.0231231361438 0.0237546997417 0.0131763295744 0.0201447387819 0.00610522770313 0.016882242308 0.00796435698857 0.0173359029417 0.0221103593747 0.0196794018535 
0.0307137709776 -0.00067142873909 0.00495121918485 0.0239740663653 0.0207785548485 0.00713472041509 0.0391347178703 -0.000200657234414 0.0146342166503 0.0146600849574 0.0126090408137 -0.0124149769889 0.028571514672 0.0248575913215 0.00192243257252 0.027433822118 0.0119945584375 0.00464315583979 0.0142239550492 0.0204030591454 0.0440713234623 0.0299466411391 0.00849904906235 0.0260743398336 0.0570881234046 0.00887516767718 0.300110718159 0.023937004987 0.0181450272375 0.00550058003313 0.0167586782932 0.0221848646434 0.0262597946725 0.00894192973636 0.0033608616053 0.02549315381 0.0209046845899 0.0259806852893 0.0458923330612 0.0129433759226 
0.0313905321501 -0.0090321655439 0.0104418761506 0.00335816832538 0.000492761290379 0.149851992729 0.0259420331348 0.000708859724636 0.0299805735723 0.0106471585619 -0.00942580381964 -0.0111954121584 0.00832373435552 0.0464615138118 0.13196545619 -0.0060726189267 0.0177632964178 0.0311232088602 0.00692817390065 -0.00443883377803 -0.0013853483119 0.0368393749234 0.0385376193379 -0.00763231378333 0.0382704296345 -0.00294343369274 0.023937004987 0.340232675591 0.0330209656802 0.0393830204828 0.0142467205223 -0.0017230956109 0.0142612035349 -0.00536483703576 0.0123669823668 0.0293846629318 0.0042123921975 0.0242294799973 -0.00805483625928 0.00950000854784 
0.0224974097628 0.0336498648781 0.0122130400854 0.00985997713681 0.0213743807965 0.0178850784284 0.0222504944395 0.0366263607532 0.0272800499167 0.0264055475406 0.00755495814069 -0.00693581641811 0.0186032789449 0.0912041326456 0.0111590817583 -0.00388505536181 0.00152746255344 0.00829778972972 0.0459229292218 0.0162815942606 0.00985187154067 0.0454648990089 0.028632946703 0.00947956073093 0.0397554553936 0.0144869966265 0.0181450272375 0.0330209656802 0.397805294425 0.026683446213 0.0285940259877 0.0015986888793 0.0237689324691 -0.000475276177364 0.0095771210263 0.0339229713082 0.0432648816282 0.0182280842634 0.0208640002726 0.00636563217751 
0.0267802102665 0.0155883783475 0.0209403611747 0.0145491812612 0.021821501344 0.0324807043192 0.0108216810386 0.0170373566227 0.0129105433847 0.0111758916737 0.00576725817804 0.00228873854756 0.0057024145326 0.00591089119676 0.0471824861109 0.00596303992421 0.00962959431621 0.00552331644421 0.0135418775353 0.0163449508254 0.00589370388138 0.0404761092332 0.050464976944 0.00269038069657 0.00854794677218 0.00647581740761 0.00550058003313 0.0393830204828 0.026683446213 0.24791151819 0.0225954395712 0.0144071714852 0.00913107592079 0.0256120214875 0.0563058639457 0.015769054324 0.00797317492869 0.0178312444942 -0.0114772308745 0.0215582501816 
0.0295409658258 -0.00975154748365 0.00130179848539 0.00215168521597 0.0108914015936 0.0534241541688 0.0296258638545 0.0106997653894 0.0086172274456 0.00838699162047 0.0234999872059 -0.00355380912508 0.0149792333863 0.0313041075949 0.00173399182305 0.0294572199344 0.00852525433976 0.00604214705525 0.0184819080989 0.00922979710934 0.0361406054427 0.0391335889818 0.00523199320393 0.0108636447945 0.0144521733774 0.0231231361438 0.0167586782932 0.0142467205223 0.0285940259877 0.0225954395712 0.317584372263 0.0123049794186 5.08846962539e-05 0.0149265481426 0.0188142283831 0.0154447175573 0.0205973365991 0.0069800763097 0.0192882868407 0.0188740540208 
0.0192266147736 0.0214445495455 0.022390852843 0.0229519949163 0.0244796466458 0.00718644610343 0.0189921020282 -0.00660010807846 0.0140071177405 0.0194696651788 0.0200067570831 -0.00457081209257 0.0172443774932 0.0285968914333 0.00917642327852 0.0142115974524 0.0284453448958 0.00575995175074 0.0133463912063 0.0200398456027 0.0161123216776 0.0122081849316 0.00694049209807 0.00587794501468 0.0153043237158 0.0237546997417 0.0221848646434 -0.0017230956109 0.0015986888793 0.0144071714852 0.0123049794186 0.151364903575 0.0288015438157 0.0226229386117 0.0135738137585 0.0300614227274 0.00522756331331 0.0207318499398 0.0160842848534 0.0212256549181 
0.00895341397691 0.00626428964154 0.0148591564583 -0.000789006157164 0.0175760447702 0.029325799483 0.00188150894062 0.00398591336014 0.0110328210339 0.0196551364079 0.00426984917756 0.00323467457949 0.0263610667209 0.0263952996757 0.0313915143049 0.00334108224845 -0.00266590122637 -0.00266576077436 0.0304704212517 0.0158492673455 0.0164722402703 0.00788516450508 0.00787577244137 0.00783404183711 0.0202286017479 0.0131763295744 0.0262597946725 0.0142612035349 0.0237689324691 0.00913107592079 5.08846962541e-05 0.0288015438157 0.288193037877 0.0223602849484 -0.00350646262923 0.0292850192088 0.0163820955883 0.0333514192312 0.00392407213892 0.0100732454183 
0.032228819018 0.0139143722857 0.0140040988113 0.0148182440791 0.0371407674361 0.0144637862136 0.015503861847 0.00137833400423 0.0162737736728 0.027886691978 0.0199331287416 -0.001746831329 0.0209277114303 0.0319595736539 0.0146837188695 0.0172489584584 0.0159396019416 0.00523265819847 0.0140995957074 0.0298315363174 0.00506113295806 -0.00212115260653 0.00898607761996 0.0122804307604 0.0150475601727 0.0201447387819 0.00894192973636 -0.00536483703576 -0.000475276177365 0.0256120214875 0.0149265481426 0.0226229386117 0.0223602849484 0.142452155109 0.0110912092981 0.0161073853326 0.0111108639597 0.0262158867315 0.00894160510617 0.0139113851287 
0.014382121218 0.00271034082923 0.0160569522615 0.0104893406237 0.022211574969 0.0252953932602 0.00858132699097 0.00818047796221 0.00839401429972 0.0223422797714 0.0114981003814 0.0163945795847 0.00396344584116 0.0146107757735 0.0307619238461 0.0107458978147 0.0119527967775 0.00730990076485 0.0119497097314 0.0128992199151 -0.00396348354816 0.00818675501686 0.0431909466317 -0.000356847989721 0.0117514165456 0.00610522770313 0.00336086160529 0.0123669823668 0.0095771210263 0.0563058639457 0.0188142283831 0.0135738137585 -0.00350646262923 0.0110912092981 0.180005899303 0.0124434868464 0.00486897674221 -0.00521038502124 0.0103572306603 0.0188283755637 
0.0434503415926 0.0118234194539 0.0254409857546 0.0236033276802 0.0300044687838 0.00513781332349 0.0297790506167 0.00116983684804 0.00311322544727 0.0176668661047 0.0414231190243 -0.0013670884795 0.012782367595 0.0453622336616 -0.0127248527667 0.0268321876377 0.0440782255812 0.00431956610606 0.0153914067706 0.0316883286771 0.0292576217158 0.025411186212 0.00214352510354 0.0295340059064 0.0429866125428 0.016882242308 0.02549315381 0.0293846629318 0.0339229713082 0.015769054324 0.0154447175573 0.0300614227274 0.0292850192088 0.0161073853326 0.0124434868464 0.34483707987 0.0218586240634 0.0261127746659 0.0224775907336 0.0263869675094 
0.0226573978933 0.0174508771446 0.0247992822304 0.0047834444977 0.0216306081139 0.0125426261604 0.0195978126095 0.0270119118122 0.0265555576108 0.0220671577328 0.00772720282741 -0.0101833683464 0.014168246702 0.0520391302885 -0.000378600801984 -0.00122270581199 0.00511099789388 0.0151725206123 0.0316887506093 0.023430101664 0.0253428706467 0.0436478285051 -0.00848985836356 0.0128930864645 0.024927950574 0.00796435698857 0.0209046845899 0.0042123921975 0.0432648816282 0.00797317492869 0.0205973365991 0.00522756331331 0.0163820955883 0.0111108639597 0.0048689767422 0.0218586240634 0.327074131331 0.0604666657078 0.0222085151947 0.0227462670635 
0.0191743653465 0.0203928223368 0.0211606008765 -0.000482583249658 0.0197259069111 0.00989114958453 0.0217550535544 0.0248672260177 0.0242303281609 0.0210963215091 0.0121827215478 -0.011215968209 0.0190567629343 0.0386499933017 0.00221778351937 0.0262433415252 0.0183745335348 0.0181749944116 0.024672991703 0.0118021639485 0.0283243822902 0.0227064139463 0.00488683551799 0.00518141328499 0.0240790927377 0.0173359029417 0.0259806852893 0.0242294799973 0.0182280842634 0.0178312444942 0.0069800763097 0.0207318499398 0.0333514192312 0.0262158867315 -0.00521038502124 0.0261127746659 0.0604666657078 0.280561484875 0.0182011410365 0.0252325891571 
0.0222637411144 0.0120787470523 0.0312700351125 0.024192134564 0.0114971503052 0.00515222374957 0.0211196372786 0.00818659348548 0.0346215111617 0.0297318803906 0.00602760442574 -0.00604938635385 0.0118119999063 0.0467082505478 -0.0124526113969 0.0111792461389 0.00829876047237 0.0218501954193 0.00182386720439 0.0187058515058 0.0181397773164 -0.00112869176423 -6.62975524106e-05 0.0367750461596 0.0425229015897 0.0221103593747 0.0458923330612 -0.00805483625928 0.0208640002726 -0.0114772308745 0.0192882868407 0.0160842848534 0.00392407213892 0.00894160510617 0.0103572306603 0.0224775907336 0.0222085151947 0.0182011410365 0.291119837859 0.0179911460848 
0.0235835303185 0.00888461088092 0.0240133601139 0.00589335114756 0.0255088260947 0.0137358090241 0.022318539288 0.0061360989999 0.0171529908936 0.0544830126998 0.00888835062339 -0.00711561049 0.0188977744915 0.0240424671091 0.0211180384964 0.0138977595159 0.0185245660785 0.00260201514988 0.033055213791 0.0101312307417 0.0173464055014 0.0195172763668 0.0115629669711 0.0105495423208 0.0211508991688 0.0196794018535 0.0129433759226 0.00950000854785 0.00636563217751 0.0215582501816 0.0188740540208 0.0212256549181 0.0100732454183 0.0139113851287 0.0188283755637 0.0263869675094 0.0227462670635 0.0252325891571 0.0179911460848 0.207684019343 

['GS', 'AV', 'LEG', 'SAFC', 'HBAN', 'BJS', 'WMI', 'CSCO', 'LU', 'PCL', 'CB', 'RSH', 'CA', 'ET', 'OXY', 'CCU', 'ALL', 'UIS', 'NTRS', 'MI', 'SBUX', 'CIEN', 'D', 'DG', 'JCP', 'GE', 'MCD', 'APA', 'HPQ', 'AYE', 'MHP', 'AIG', 'MMC', 'C', 'PNW', 'MBI', 'ADI', 'INTC', 'YUM', 'EQR']