20
0.0396471392927 0.0308768641188 0.0373994541978 0.0428749123775 0.185879968849 0.133882810383 0.0437869579852 0.0316848802341 0.0153161335694 0.0380288664812 0.266244884644 0.0522861094618 0.114457978761 0.0664901393557 0.0246645675501 0.0448147494519 0.104903250727 0.0388241127613 0.107116270008 0.0533286406295 
0.274137342765 0.00756165124703 0.00977117466678 0.0257979113857 0.0307954213944 0.0369472312658 0.0235810159442 0.0262893244144 0.0537569262863 0.00851276365269 -0.00121863715286 0.0204132872853 0.0589922434501 0.0330258037538 0.0299254835141 0.0208554942066 0.00680717254783 0.0228793766625 0.0254376179052 0.0130553380871 
0.00756165124703 0.246130206847 0.0120696989983 0.0228666900357 0.0395142818474 0.0102377852854 0.0238445927374 0.0176638902301 0.00541832166409 0.0171472166747 0.109687360964 0.0173763698973 -0.00333414847459 0.0208372218099 0.0241747019596 -0.000921862508807 0.015135382812 0.0119822780591 0.037556676011 0.0328851674501 
0.00977117466678 0.0120696989983 0.326604222745 0.00193953071812 0.0219412681277 0.0287800569451 0.0227122998001 0.0201352691122 0.0134425820729 0.0240762447292 0.00338700458964 0.0360653030853 0.0138448274389 0.0492505973849 0.0236422260603 0.0218316716325 0.0398463118099 0.0240700332944 0.0111033929011 0.0257246053419 
0.0257979113857 0.0228666900357 0.00193953071812 0.265594847282 0.022991386788 0.0225502284177 0.0235222267762 0.0204662455682 0.0239029746518 0.0269118816666 0.0387377260639 0.00831250463138 0.0138438098512 0.0362141035502 0.0391742137167 0.0282866357279 0.0304929654312 0.0271823738292 0.0453636981978 0.00395120089225 
0.0307954213944 0.0395142818474 0.0219412681277 0.022991386788 0.654141856794 0.0829893824037 0.0452370244678 0.0528662161318 0.0224833722513 0.0492919712908 0.0481488812644 0.0472415062702 0.0907188000617 0.0380020332312 0.0135093554801 0.013324270751 0.0711772461994 0.0283279183013 0.0389715278912 0.0389164838751 
0.0369472312658 0.0102377852854 0.0287800569451 0.0225502284177 0.0829893824037 0.481270397786 0.0138895105265 0.0252367217335 0.0183612338688 0.0276392267815 0.0500900352986 0.033569566544 0.148524036705 0.00858773465402 0.00761390037379 -0.0149581564955 0.063161092044 0.00961962929954 0.073479373334 0.0151918299142 
0.0235810159442 0.0238445927374 0.0227122998001 0.0235222267762 0.0452370244678 0.0138895105265 0.280028088122 0.0145389012283 0.021627421814 0.0141264015756 0.0310232410507 0.0165463696132 0.0125166006594 0.047045253716 0.0270043868513 0.00843476791784 0.01834948595 0.0155333152768 -0.00826730100197 0.0271526024239 
0.0262893244144 0.0176638902301 0.0201352691122 0.0204662455682 0.0528662161318 0.0252367217335 0.0145389012283 0.175539734721 0.0196635856133 0.0141860177277 0.0142206202477 0.0309287968742 0.00621427544971 0.0342231874094 0.0355251069324 0.013384437209 0.026274177379 0.0288892666823 0.00924363266506 0.0227252563249 
0.0537569262863 0.00541832166409 0.0134425820729 0.0239029746518 0.0224833722513 0.0183612338688 0.021627421814 0.0196635856133 0.151407664057 0.00249728312482 -0.0048932983345 0.0117049415961 0.0206815607446 0.0232051294987 0.0255334473185 0.019175726842 0.00313460961506 0.00561155392239 0.0133275636221 0.0109875325488 
0.00851276365269 0.0171472166747 0.0240762447292 0.0269118816666 0.0492919712908 0.0276392267815 0.0141264015756 0.0141860177277 0.00249728312482 0.314578885229 0.0383851033535 0.0501764387028 -0.00357959972421 0.0391301227653 0.0232116058341 0.0168070926721 0.0242827340976 0.00980303100404 0.128679369714 0.0169916242419 
-0.00121863715286 0.109687360964 0.00338700458964 0.0387377260639 0.0481488812644 0.0500900352986 0.0310232410507 0.0142206202477 -0.0048932983345 0.0383851033535 2.27292353903 0.0215128517196 -0.0126404075881 0.0315652209268 0.0205094059647 -0.00546795869949 0.018208947105 0.0178056172753 0.0544720837388 0.00369875048241 
0.0204132872853 0.0173763698973 0.0360653030853 0.00831250463138 0.0472415062702 0.033569566544 0.0165463696132 0.0309287968742 0.0117049415961 0.0501764387028 0.0215128517196 0.319979887273 0.0234259039055 0.0429238018479 0.0146832019295 0.0284243394887 0.0663546500282 0.0271983353612 0.0557864440815 0.026580752671 
0.0589922434501 -0.00333414847459 0.0138448274389 0.0138438098512 0.0907188000617 0.148524036705 0.0125166006594 0.00621427544971 0.0206815607446 -0.00357959972421 -0.0126404075881 0.0234259039055 0.423678833381 0.00207705304171 0.00564571265746 0.00907144758908 0.0303062565846 0.00563828775564 0.0353398702254 0.00691654823451 
0.0330258037538 0.0208372218099 0.0492505973849 0.0362141035502 0.0380020332312 0.00858773465402 0.047045253716 0.0342231874094 0.0232051294987 0.0391301227653 0.0315652209268 0.0429238018479 0.00207705304171 0.375297827736 0.059136530991 -0.00563815094865 0.0406059328899 0.0394650476488 0.0280063241124 0.017582928255 
0.0299254835141 0.0241747019596 0.0236422260603 0.0391742137167 0.0135093554801 0.00761390037379 0.0270043868513 0.0355251069324 0.0255334473185 0.0232116058341 0.0205094059647 0.0146832019295 0.00564571265746 0.059136530991 0.176619959167 0.013064216597 0.0381089969818 0.0243409670281 0.023458518909 0.0130974615395 
0.0208554942066 -0.000921862508807 0.0218316716325 0.0282866357279 0.013324270751 -0.0149581564955 0.00843476791784 0.013384437209 0.019175726842 0.0168070926721 -0.00546795869949 0.0284243394887 0.00907144758908 -0.00563815094865 0.013064216597 0.474369811356 0.0234272581893 0.008416526719 0.0331845891393 0.00918757000193 
0.00680717254783 0.015135382812 0.0398463118099 0.0304929654312 0.0711772461994 0.063161092044 0.01834948595 0.026274177379 0.00313460961506 0.0242827340976 0.018208947105 0.0663546500282 0.0303062565846 0.0406059328899 0.0381089969818 0.0234272581893 0.476352244815 0.0315641055732 0.0702093796386 0.0285670563803 
0.0228793766625 0.0119822780591 0.0240700332944 0.0271823738292 0.0283279183013 0.00961962929954 0.0155333152768 0.0288892666823 0.00561155392239 0.00980303100404 0.0178056172753 0.0271983353612 0.00563828775564 0.0394650476488 0.0243409670281 0.008416526719 0.0315641055732 0.197731287027 0.0169594719959 0.0164639413373 
0.0254376179052 0.037556676011 0.0111033929011 0.0453636981978 0.0389715278912 0.073479373334 -0.00826730100197 0.00924363266506 0.0133275636221 0.128679369714 0.0544720837388 0.0557864440815 0.0353398702254 0.0280063241124 0.023458518909 0.0331845891393 0.0702093796386 0.0169594719959 0.535968836324 0.0235347125349 
0.0130553380871 0.0328851674501 0.0257246053419 0.00395120089225 0.0389164838751 0.0151918299142 0.0271526024239 0.0227252563249 0.0109875325488 0.0169916242419 0.00369875048241 0.026580752671 0.00691654823451 0.017582928255 0.0130974615395 0.00918757000193 0.0285670563803 0.0164639413373 0.0235347125349 0.271468361428 

['EIX', 'FDC', 'GPS', 'CMCSA', 'X', 'SLB', 'WLP', 'PFG', 'SO', 'ADI', 'TLAB', 'ASD', 'XTO', 'CFC', 'STI', 'BSX', 'MON', 'ABK', 'NSM', 'ECL']