20
0.0313696733512 0.0265193363437 0.114457978761 0.0765601453803 0.0285507317948 0.043075945187 0.0535662105727 0.0223482457603 0.0843714281037 0.0850489592031 0.026407260569 0.070265204238 0.0766878163077 0.0210495138202 0.0911559741232 0.0794924924591 0.0695535734162 0.00361039022472 0.0428749123775 0.0383245101253 
0.189981055227 0.0230685661712 0.0138513711526 0.020677391381 0.00165877456674 0.0121313689134 0.0251494209769 0.0172602240949 0.0304806425386 -0.000412605553412 0.0255111693781 0.0140266119975 0.0275335352992 0.00398727073264 0.0283633103201 0.0169270527522 -0.000671675563316 0.00652648437826 0.0103511184804 0.0156965739186 
0.0230685661712 0.217440392411 0.023231496029 0.0198971200186 0.0101600960977 0.016156968707 0.025651544142 0.0133064679223 -0.000926701941945 0.00129774941873 0.0259595266516 0.00207668771235 0.0322462587786 0.0105712208769 0.0345504726828 0.0188344576849 0.0113581252747 0.0104620078449 0.0161285216703 0.0194342218776 
0.0138513711526 0.023231496029 0.454940580145 0.0441352577101 0.0105476688252 0.011371983691 0.0330449958256 0.00537049066956 0.0040128307085 0.0466326184413 0.00868153651916 0.0250136959939 0.0167291666854 -0.00364056266031 0.037788534328 0.0301356861771 -0.0023194997089 -0.00447587404548 0.0151284707156 0.0242968546404 
0.020677391381 0.0198971200186 0.0441352577101 0.348210543442 0.0140168952117 0.0530170653503 0.0283493513704 0.00790039167287 0.0137134944644 0.0323754506555 0.0226092758179 0.0157286657926 0.0509121035655 0.0117476333586 0.059668544714 0.0244401722335 0.0218659265802 0.0147905301179 0.0201929899968 0.0335530798724 
0.00165877456674 0.0101600960977 0.0105476688252 0.0140168952117 0.249675646992 0.0186325792061 0.0255067896855 0.0158765081509 0.0148204005088 0.0173344489783 0.0104972954093 -0.00129350240508 0.0174810549434 0.0287489874585 0.00624328445338 0.0186838696788 0.0573765848629 0.0100191308495 0.0219469510276 0.0316661569494 
0.0121313689134 0.016156968707 0.011371983691 0.0530170653503 0.0186325792061 0.218924252402 0.02878891655 0.0403624212093 0.0222367777533 0.0314307160111 0.0390768955217 0.013507210538 0.0359566808415 0.0134843447408 0.0256871479368 0.0239655451441 0.0073051885324 0.007553520538 0.0230747825446 0.0265424048657 
0.0251494209769 0.025651544142 0.0330449958256 0.0283493513704 0.0255067896855 0.02878891655 0.226106292501 0.0393746867662 0.0124965789471 0.0504196993735 0.0397194761392 0.00188738615657 0.0291004861129 0.0174046317419 0.0303419403814 0.0320900783693 0.0428610615632 0.0302206650974 0.0378307029342 0.023174165819 
0.0172602240949 0.0133064679223 0.00537049066956 0.00790039167287 0.0158765081509 0.0403624212093 0.0393746867662 0.21910848915 0.0287983443526 0.00287353098087 0.0633419053201 0.0101653766508 0.0126381910164 0.0222891458227 0.0192128837422 0.0124532017194 0.0165060284157 0.00963201924011 0.0362012557922 0.033791584649 
0.0304806425386 -0.000926701941945 0.0040128307085 0.0137134944644 0.0148204005088 0.0222367777533 0.0124965789471 0.0287983443526 0.866741341318 0.0240305409065 0.0271676074787 0.0082007171273 0.0449785387457 -0.0112445507475 0.0301044551522 0.0397460206789 0.0040715791942 -0.00781070756111 0.00812579842452 0.0147699192514 
-0.000412605553412 0.00129774941873 0.0466326184413 0.0323754506555 0.0173344489783 0.0314307160111 0.0504196993735 0.00287353098087 0.0240305409065 0.727444858824 0.0153485165659 0.0125391371998 0.0587211494874 0.0181127002114 0.0389728052801 0.0120300777883 0.00959867549924 0.0138778403525 0.0421268770931 0.0260498176501 
0.0255111693781 0.0259595266516 0.00868153651916 0.0226092758179 0.0104972954093 0.0390768955217 0.0397194761392 0.0633419053201 0.0271676074787 0.0153485165659 0.21232646698 0.0281964809456 0.021192336605 0.0232480022049 0.0264123773352 0.0141990991181 0.00831536633122 0.0303822467868 0.0273733709609 0.0194167155936 
0.0140266119975 0.00207668771235 0.0250136959939 0.0157286657926 -0.00129350240508 0.013507210538 0.00188738615657 0.0101653766508 0.0082007171273 0.0125391371998 0.0281964809456 0.983935954944 0.0117029229959 -0.000922943824842 0.00995920674436 0.00339709869182 0.0131695501144 0.00187118948531 0.0040211302111 -0.00230344872031 
0.0275335352992 0.0322462587786 0.0167291666854 0.0509121035655 0.0174810549434 0.0359566808415 0.0291004861129 0.0126381910164 0.0449785387457 0.0587211494874 0.021192336605 0.0117029229959 0.473877560372 0.0192531119274 0.05100123396 0.0713385853945 0.0148683552259 0.0298260378847 0.0462891730714 0.0271068129661 
0.00398727073264 0.0105712208769 -0.00364056266031 0.0117476333586 0.0287489874585 0.0134843447408 0.0174046317419 0.0222891458227 -0.0112445507475 0.0181127002114 0.0232480022049 -0.000922943824842 0.0192531119274 0.329586489389 -0.00251415689322 0.0272801267504 0.0156196523161 0.0141384032003 0.0162323088412 0.0297156002581 
0.0283633103201 0.0345504726828 0.037788534328 0.059668544714 0.00624328445338 0.0256871479368 0.0303419403814 0.0192128837422 0.0301044551522 0.0389728052801 0.0264123773352 0.00995920674436 0.05100123396 -0.00251415689322 0.382738143341 0.0518567661184 0.0101200769926 0.0494803620985 0.0296927720119 0.0244080785197 
0.0169270527522 0.0188344576849 0.0301356861771 0.0244401722335 0.0186838696788 0.0239655451441 0.0320900783693 0.0124532017194 0.0397460206789 0.0120300777883 0.0141990991181 0.00339709869182 0.0713385853945 0.0272801267504 0.0518567661184 0.345610437017 0.0139845250831 0.0251320995909 0.0348793858368 0.0690098459375 
-0.000671675563316 0.0113581252747 -0.0023194997089 0.0218659265802 0.0573765848629 0.0073051885324 0.0428610615632 0.0165060284157 0.0040715791942 0.00959867549924 0.00831536633122 0.0131695501144 0.0148683552259 0.0156196523161 0.0101200769926 0.0139845250831 0.399755445495 0.00159008854835 0.0248039787484 0.0105775448822 
0.00652648437826 0.0104620078449 -0.00447587404548 0.0147905301179 0.0100191308495 0.007553520538 0.0302206650974 0.00963201924011 -0.00781070756111 0.0138778403525 0.0303822467868 0.00187118948531 0.0298260378847 0.0141384032003 0.0494803620985 0.0251320995909 0.00159008854835 0.218811223253 0.0205559488737 0.0479917248085 
0.0103511184804 0.0161285216703 0.0151284707156 0.0201929899968 0.0219469510276 0.0230747825446 0.0378307029342 0.0362012557922 0.00812579842452 0.0421268770931 0.0273733709609 0.0040211302111 0.0462891730714 0.0162323088412 0.0296927720119 0.0348793858368 0.0248039787484 0.0205559488737 0.264201586875 0.0384302402616 
0.0156965739186 0.0194342218776 0.0242968546404 0.0335530798724 0.0316661569494 0.0265424048657 0.023174165819 0.033791584649 0.0147699192514 0.0260498176501 0.0194167155936 -0.00230344872031 0.0271068129661 0.0297156002581 0.0244080785197 0.0690098459375 0.0105775448822 0.0479917248085 0.0384302402616 0.334453008567 

['NOC', 'IFF', 'XTO', 'MOLX', 'AT', 'PNC', 'ASN', 'CMA', 'WAT', 'EBAY', 'NCC', 'NFB', 'KLAC', 'HMA', 'CMI', 'JCP', 'BLS', 'GCI', 'CMCSA', 'BBBY']