20
0.026417897889 0.0800378705657 0.0707348977441 0.123926899062 0.107116270008 0.0439476996979 0.118814959333 0.065735385914 0.0525709156995 0.0265727047954 0.0223320424584 0.148169679735 0.0248078828137 0.0197813299257 0.0280903462606 0.0933125666969 0.093312473985 0.107238949757 0.0412963652708 0.188050706821 
0.278934908721 0.0443951765128 -0.00234966547197 0.0096878131105 0.0389389534734 0.00595533938101 0.0218581745444 0.00154801129377 0.0280947558023 0.0291558673217 0.00761572213492 0.0272913755187 0.0601377684793 0.0143783388167 0.0193823565944 0.0016752294696 0.0287334387759 0.0394640893788 0.00565317929537 0.0304161980082 
0.0443951765128 0.371613106654 0.0307848300493 0.025578998252 0.068432458544 0.00111599889126 0.028322588192 0.0479784673434 0.0263207057781 0.0137981108238 0.00961776980273 0.0247361332764 0.0206120642126 0.000835031720418 0.0151821980374 0.0441785360855 0.00672954984756 0.0518553851755 0.0059142267037 0.0489712782715 
-0.00234966547197 0.0307848300493 0.29136870174 0.0386444107845 0.0140420578628 0.0108882535077 -0.000113163764775 0.00980865356372 0.0119832677356 0.00908064963745 0.00607024167075 0.0181766650452 0.00431946647825 0.0103421469369 0.0177151200021 0.106569397469 0.0131210123568 0.0125788213897 0.00017243896731 0.0311566233209 
0.0096878131105 0.025578998252 0.0386444107845 0.907062577729 -0.00504032566066 0.00036410041993 0.0234308229151 0.0126001533778 0.0214820824233 0.0196391923489 -0.000657939730175 -0.00415636405842 -0.00537175525579 0.00267521363579 0.0181613645225 -0.0120469168346 0.0283916953562 0.0469114178277 0.00944492788886 0.0850231566509 
0.0389389534734 0.068432458544 0.0140420578628 -0.00504032566066 0.547598766285 0.0162947083872 0.0634861830429 0.0482845024936 0.0456913912326 0.0160925682612 0.0124692709765 0.0304443291648 0.0281133390574 0.00917823562792 0.0323303042621 0.00500746250113 0.0342354918119 0.0709494932106 0.00793583484634 0.0792946237726 
0.00595533938101 0.00111599889126 0.0108882535077 0.00036410041993 0.0162947083872 0.19439627952 0.0180401683497 0.0196471430348 0.0104653161013 0.0100175158252 0.00956117278987 0.0291953666565 0.00706151664472 0.00662897224731 0.0105843628855 -0.00859190816331 0.0171535364049 0.0209603185367 0.00786450586795 -0.00234319078546 
0.0218581745444 0.028322588192 -0.000113163764775 0.0234308229151 0.0634861830429 0.0180401683497 0.511744558997 0.0472099146593 0.0283440672422 0.0146395961224 0.00999246977139 0.0126591239643 0.0223505818929 0.0113979648889 0.0282034406384 0.0233565023013 0.0392155952297 0.0297980732709 0.00977400102947 0.0269333883263 
0.00154801129377 0.0479784673434 0.00980865356372 0.0126001533778 0.0482845024936 0.0196471430348 0.0472099146593 0.438503322673 0.0263852457535 0.0101501983956 -0.00576235791638 0.0301684705279 0.00915548079692 0.021886221218 0.0378529940609 0.0125529718466 0.00553438187935 0.0332021848294 0.00481190284772 0.00696144710808 
0.0280947558023 0.0263207057781 0.0119832677356 0.0214820824233 0.0456913912326 0.0104653161013 0.0283440672422 0.0263852457535 0.332702916705 0.0279397597265 0.00298160687347 0.0265071638341 0.00221878146639 0.0141806390098 0.0348013490088 0.0167460023492 0.0336467418534 0.0565226081919 0.00971500593384 0.0366169902058 
0.0291558673217 0.0137981108238 0.00908064963745 0.0196391923489 0.0160925682612 0.0100175158252 0.0146395961224 0.0101501983956 0.0279397597265 0.219911449026 0.00754157976473 0.0016364424976 0.00852537368003 0.043853895174 0.0178524299995 0.0102268473967 0.0172951671565 0.0296881298853 0.010407824734 0.010360248288 
0.00761572213492 0.00961776980273 0.00607024167075 -0.000657939730175 0.0124692709765 0.00956117278987 0.00999246977139 -0.00576235791638 0.00298160687347 0.00754157976473 0.21217875696 -0.00847131665183 0.000380922707276 0.000310280359 0.0102479336726 0.00190402802873 0.00316258214947 0.0222586686057 0.014094066256 0.0152250052095 
0.0272913755187 0.0247361332764 0.0181766650452 -0.00415636405842 0.0304443291648 0.0291953666565 0.0126591239643 0.0301684705279 0.0265071638341 0.0016364424976 -0.00847131665183 0.479060757314 0.00558024958253 0.0108485199299 0.0101534196713 0.00488303051603 0.0433432098876 0.00336090192957 0.006488188013 0.0568304104967 
0.0601377684793 0.0206120642126 0.00431946647825 -0.00537175525579 0.0281133390574 0.00706151664472 0.0223505818929 0.00915548079692 0.00221878146639 0.00852537368003 0.000380922707277 0.00558024958253 0.211352835696 0.0169686745629 0.0428194375353 0.00629610421532 0.016617449297 0.0112140276996 0.0172872845847 0.0207981736675 
0.0143783388167 0.000835031720418 0.0103421469369 0.00267521363579 0.00917823562792 0.00662897224731 0.0113979648889 0.021886221218 0.0141806390098 0.043853895174 0.000310280359 0.0108485199299 0.0169686745629 0.157147452543 0.042472754605 0.0020514054717 -0.00190739732206 0.0291970516164 0.0194977516151 0.01020833964 
0.0193823565944 0.0151821980374 0.0177151200021 0.0181613645225 0.0323303042621 0.0105843628855 0.0282034406384 0.0378529940609 0.0348013490088 0.0178524299995 0.0102479336726 0.0101534196713 0.0428194375353 0.042472754605 0.260581779555 0.0223211694641 -0.0154522724641 0.0603413780245 0.0176210168463 0.0156883534294 
0.0016752294696 0.0441785360855 0.106569397469 -0.0120469168346 0.00500746250113 -0.00859190816331 0.0233565023013 0.0125529718466 0.0167460023492 0.0102268473967 0.00190402802873 0.00488303051603 0.00629610421532 0.0020514054717 0.0223211694641 0.994639534913 0.0150528930195 0.0213388505406 -0.0132495418494 0.0229066798203 
0.0287334387759 0.00672954984756 0.0131210123568 0.0283916953562 0.0342354918119 0.0171535364049 0.0392155952297 0.00553438187935 0.0336467418534 0.0172951671565 0.00316258214947 0.0433432098876 0.016617449297 -0.00190739732206 -0.0154522724641 0.0150528930195 0.467930500742 0.0159200993316 -0.00267351879164 0.00918223563233 
0.0394640893788 0.0518553851755 0.0125788213897 0.0469114178277 0.0709494932106 0.0209603185367 0.0297980732709 0.0332021848294 0.0565226081919 0.0296881298853 0.0222586686057 0.00336090192958 0.0112140276996 0.0291970516164 0.0603413780245 0.0213388505406 0.0159200993316 0.484545498149 0.0244338081918 0.0350864438758 
0.00565317929537 0.0059142267037 0.00017243896731 0.00944492788886 0.00793583484634 0.00786450586794 0.00977400102947 0.00481190284772 0.00971500593384 0.010407824734 0.014094066256 0.006488188013 0.0172872845847 0.0194977516151 0.0176210168463 -0.0132495418494 -0.00267351879164 0.0244338081918 0.256731037431 0.00233128752708 
0.0304161980082 0.0489712782715 0.0311566233209 0.0850231566509 0.0792946237726 -0.00234319078546 0.0269333883263 0.00696144710808 0.0366169902058 0.010360248288 0.0152250052095 0.0568304104967 0.0207981736675 0.01020833964 0.0156883534294 0.0229066798203 0.00918223563233 0.0350864438758 0.00233128752708 1.01492462005 

['MWV', 'NSC', 'ABI', 'CSC', 'NSM', 'LH', 'SUNW', 'BDX', 'SPLS', 'SAFC', 'CAG', 'Q', 'MMM', 'USB', 'FITB', 'GT', 'NBR', 'R', 'KR', 'MNST']