20
0.0285507317948 0.00699576056141 0.0261881624723 0.0752984700253 0.0447966226616 0.0355019489908 0.0223320424584 0.114457978761 0.0466468708745 0.0449016594387 0.0533662879029 0.0780955523414 0.0788996306534 0.0399774891594 0.0362094771936 0.0528259349661 0.0755152896869 0.023795453615 0.106366385329 0.0589662330248 
0.257158610154 0.00679328476681 0.00169697497358 0.0319223034615 0.0283222065778 0.00747555394099 0.0020469486075 0.011329626035 0.0153782304829 0.0234847985495 0.0224998927973 0.0238467310104 0.00359112859079 -0.0112122751917 0.0137398177772 0.022926249806 0.00140425770528 -0.00106443867902 0.00835213243673 0.00724472298206 
0.00679328476681 0.153045177366 0.00340527701602 0.0145834482576 0.0150449092194 0.00930455430982 0.00891166760865 0.0155831206377 0.0470031397723 0.0088443120296 0.0169071087052 0.0226133853629 -0.0017328976027 0.019218814526 0.00925165890428 0.0126877028338 0.00730270271372 0.0489059718185 0.0189560986496 0.00663433242667 
0.00169697497358 0.00340527701602 0.267821663194 0.0168618978911 0.0310005214781 0.022045467346 0.0058359294615 0.013516791605 0.0151504283064 0.0192216767181 0.0104179278526 0.00932262690894 0.0116377473256 0.00420557312652 0.036019532967 0.0222996796076 0.0165192311126 0.0064022191563 0.0108991824454 0.017329348504 
0.0319223034615 0.0145834482576 0.0168618978911 0.500618734535 0.0367290386834 0.0170804723914 0.0107173367267 0.032295735133 0.0126900343519 0.0270779237711 0.02747871286 0.0161668592985 0.00708680610998 0.00885367476017 0.0534298905326 0.0399926578916 0.0316147540753 0.00386029921399 0.0255004130967 0.0411764309434 
0.0283222065778 0.0150449092194 0.0310005214781 0.0367290386834 0.288316119015 0.0397967785028 0.0101870701819 0.00901175358859 0.00653613654993 0.0428591903398 0.0164919113367 0.0313133550506 0.0374634296356 0.0090695253804 0.0406817776297 0.0448535914735 0.02573325733 0.0250324008194 0.00929471190477 0.0492473469729 
0.00747555394099 0.00930455430982 0.022045467346 0.0170804723914 0.0397967785028 0.321123312233 0.0179650160763 0.0118206602831 0.00860941548066 0.0265154759411 0.00218750000281 0.0204388510325 0.00963715469755 0.000606378040416 0.0195585409681 0.0390688080246 0.0401060404043 0.011106485252 0.0236519885402 0.0180130997366 
0.0020469486075 0.00891166760865 0.0058359294615 0.0107173367267 0.0101870701819 0.0179650160763 0.211429513951 0.00929919009458 0.0126121428261 0.00471502668054 -0.00650432937644 0.00885770889229 0.0111931691367 -0.00431292871483 0.00666278368956 0.0107022070657 0.0236743181766 0.0111447669095 -0.00037826731956 0.0056749712937 
0.011329626035 0.0155831206377 0.013516791605 0.032295735133 0.00901175358859 0.0118206602831 0.00929919009458 0.402740618594 0.042649589097 0.0305911372125 -0.00645934036621 0.0103390958147 0.01332175757 0.00124682853929 0.00366390639354 -0.00971333921931 0.0295414025244 0.0275494314457 0.219647209511 0.0143637863778 
0.0153782304829 0.0470031397723 0.0151504283064 0.0126900343519 0.00653613654993 0.00860941548066 0.0126121428261 0.042649589097 0.370406964871 0.0126076732931 0.0266150483562 0.00546761861843 0.0141041522993 0.0104570915097 0.00903907800702 0.0198331734274 0.0351184560034 0.0427596686763 0.0499568310736 0.0090547253615 
0.0234847985495 0.0088443120296 0.0192216767181 0.0270779237711 0.0428591903398 0.0265154759411 0.00471502668054 0.0305911372125 0.0126076732931 0.338744918678 0.0231089393645 0.0368654371358 0.0318904165724 -0.000637052784013 0.0384188744199 0.0212268340725 0.00775740311974 0.00473376282473 0.0306949157852 0.0125246334744 
0.0224998927973 0.0169071087052 0.0104179278526 0.02747871286 0.0164919113367 0.00218750000281 -0.00650432937644 -0.00645934036621 0.0266150483562 0.0231089393645 0.435336375203 0.0128014006751 0.00117809934896 -0.00210341410455 0.0145800898066 0.0104666542125 -0.0069665160778 0.0145767617384 0.0158151639114 0.0153464728555 
0.0238467310104 0.0226133853629 0.00932262690894 0.0161668592985 0.0313133550506 0.0204388510325 0.00885770889229 0.0103390958147 0.00546761861843 0.0368654371358 0.0128014006751 0.582102388144 0.0117103825157 0.00759394835199 0.0226817134139 0.0184825414912 -0.00106672065684 0.00952533610654 0.0081384230772 0.025782841132 
0.00359112859079 -0.0017328976027 0.0116377473256 0.00708680610998 0.0374634296356 0.00963715469755 0.0111931691367 0.01332175757 0.0141041522993 0.0318904165724 0.00117809934896 0.0117103825157 0.7590721345 0.00400031667408 0.0127568987444 -0.00159603749472 0.0147074650379 -0.00785631294682 0.0108564816978 0.0236032644919 
-0.0112122751917 0.019218814526 0.00420557312652 0.00885367476017 0.0090695253804 0.000606378040416 -0.00431292871483 0.00124682853929 0.0104570915097 -0.000637052784012 -0.00210341410455 0.00759394835199 0.00400031667408 0.45012826747 0.000459441992777 0.0232518323992 -0.00392579248938 0.0180521461755 0.0124384229621 0.0111855760715 
0.0137398177772 0.00925165890428 0.036019532967 0.0534298905326 0.0406817776297 0.0195585409681 0.00666278368956 0.00366390639354 0.00903907800702 0.0384188744199 0.0145800898066 0.0226817134139 0.0127568987444 0.000459441992777 0.263851585259 0.0392799565199 0.0106757590612 0.0157407187791 0.0082026365353 0.0500917877868 
0.022926249806 0.0126877028338 0.0222996796076 0.0399926578916 0.0448535914735 0.0390688080246 0.0107022070657 -0.00971333921931 0.0198331734274 0.0212268340725 0.0104666542125 0.0184825414912 -0.00159603749472 0.0232518323992 0.0392799565199 0.299930630375 0.0165134078607 0.0197469448172 0.00518554519577 0.018105544433 
0.00140425770528 0.00730270271372 0.0165192311126 0.0316147540753 0.02573325733 0.0401060404043 0.0236743181766 0.0295414025244 0.0351184560034 0.00775740311974 -0.0069665160778 -0.00106672065684 0.0147074650379 -0.00392579248938 0.0106757590612 0.0165134078607 0.799969760242 0.0210045912835 0.022080487595 0.0161864721251 
-0.00106443867902 0.0489059718185 0.0064022191563 0.00386029921399 0.0250324008194 0.011106485252 0.0111447669095 0.0275494314457 0.0427596686763 0.00473376282473 0.0145767617384 0.00952533610654 -0.00785631294682 0.0180521461755 0.0157407187791 0.0197469448172 0.0210045912835 0.19705934945 0.0298814129571 0.00364572413215 
0.00835213243673 0.0189560986496 0.0108991824454 0.0255004130967 0.00929471190477 0.0236519885402 -0.00037826731956 0.219647209511 0.0499568310736 0.0306949157852 0.0158151639114 0.0081384230772 0.0108564816978 0.0124384229621 0.0082026365353 0.00518554519577 0.022080487595 0.0298814129571 0.43010167186 0.0140429816084 
0.00724472298206 0.00663433242667 0.017329348504 0.0411764309434 0.0492473469729 0.0180130997366 0.0056749712937 0.0143637863778 0.0090547253615 0.0125246334744 0.0153464728555 0.025782841132 0.0236032644919 0.0111855760715 0.0500917877868 0.018105544433 0.0161864721251 0.00364572413215 0.0140429816084 0.405840284214 

['AT', 'DTE', 'AN', 'STJ', 'MAR', 'FISV', 'CAG', 'XTO', 'CEG', 'ROH', 'NWL', 'LXK', 'JNY', 'HCA', 'BK', 'ACE', 'SYK', 'ETR', 'DVN', 'VFC']