40
0.0247746242904 0.0333203023267 0.0629738483482 0.0291248595558 0.0285995604788 0.0752984700253 0.0634276035435 0.0115927538848 0.0354646018646 0.042606905642 0.0313696733512 0.0533662879029 0.0754225878746 0.0162851568228 0.0852779749864 0.0690415105338 0.0715007016099 0.140066530531 0.0206637964956 0.0700025840065 0.0843714281037 0.0418020448473 0.164482556217 0.0708595176859 0.0970140476379 0.0308834605432 0.0448250845436 0.0451551332239 0.0435638119902 0.0623593213805 0.005148759701 0.0669692816613 0.0399774891594 0.0363496030559 0.0153161335694 0.0179151897049 0.0210495138202 0.239728898705 0.121001700606 0.0716450377603 
0.189533058253 0.0171923813852 0.00783217352655 0.0234319320016 0.0210850240235 0.0139091908587 0.00176843135937 0.0153028279175 0.00435941582667 0.00493564949376 0.0160920306697 0.0106759428235 0.0192288634388 0.0199997546555 0.0201758759452 0.0163624856285 0.0131704712026 0.0153344121806 0.0231129238509 0.0266030960299 0.00325319395263 0.019538814958 0.0207371647659 0.00925308099205 0.015829422455 0.0158423534052 0.018264274484 0.00450532195088 0.00592182073912 0.0237042562421 0.00105647437506 0.0235258775058 0.00130355463868 0.0194833990727 0.0109160909427 0.00405931208528 0.0132773612463 0.0513563333103 0.0177672483221 0.0113126999297 
0.0171923813852 0.204687439589 0.00378342236652 0.0273466413239 0.0232028163029 0.000244193637268 0.000591826377627 0.0112038181275 0.00830665649826 0.0183685453925 0.01687785474 0.00410811659499 0.00937463861355 0.00366739797527 0.0217713327737 0.0119337812325 0.00543709659003 0.0203025785696 0.0106795516496 0.0123401164664 0.0147792587357 0.00786754697793 -0.00249613984702 0.0161562773321 0.0482043730302 0.0101903616162 0.0153032087775 0.000554938843727 0.00866365195651 0.0159402011519 0.00760182154359 0.0258019083959 0.00246280622007 0.0315105444282 0.0160125552449 0.0227355965767 0.0140841902596 0.0228545375039 0.0159647494959 0.00921985519102 
0.00783217352655 0.00378342236652 0.363467847547 0.0111194830511 -0.0152219293717 0.00148546624433 0.0506672031794 0.00782044347348 0.0186491966374 0.00775260652923 0.0039175230907 0.0029772470612 0.00273474467082 0.0213828500202 -0.00526960834947 0.0192339546758 0.000423265703136 0.00834893846444 -0.00871449525634 0.00677950377514 -0.0248502526278 0.0236738049772 0.0403440890759 0.00863724291839 0.0408249521068 0.00644354147833 -0.0160342136218 0.00458295446331 0.00916433978937 0.0287262089405 -0.00180814408592 0.0137320614675 0.00862549051373 0.0019859969122 0.0176092461459 0.0136491262567 -0.000383153395614 0.033520824258 0.0821599967102 -0.00167860670604 
0.0234319320016 0.0273466413239 0.0111194830511 0.242387093074 0.00553239772164 0.023086458929 0.00803617060549 0.0106090223902 0.00697570740062 0.016507354062 0.0130202324704 -9.86817765913e-05 0.00517570595056 0.0146690727178 0.0231853465939 0.00927716171562 -0.00329000794326 0.0115176656031 0.0125196985045 0.0207957462582 -0.00144807264994 0.010326662599 -0.000574209015071 -0.0122673244959 0.0370802618176 0.0251411699153 0.0235713918821 -0.000465335012496 0.0218310191109 0.000972793913306 0.00330614852154 0.00836884608301 -0.0105234225263 0.0214257196248 0.0127607779548 0.0034878363634 -0.00572291495743 0.0318388146277 0.0200455452186 0.00737365416013 
0.0210850240235 0.0232028163029 -0.0152219293717 0.00553239772163 0.276208466238 0.0160776452528 0.0156759626202 0.00986511782569 -0.00413463179222 0.0199357225337 0.00948047110443 -0.00264969736159 0.0333641914581 0.000890114536903 0.0306418023476 0.0295455226015 -0.00529218938013 0.00653729818566 0.0270037537065 0.000697185797231 -0.00890605069356 0.0231227699087 -0.00753998121386 0.0231506195676 0.0532485828442 0.0346597300062 0.0402475466799 0.0124797036693 0.00143268618608 0.0265794108225 0.000132784737858 0.0256445032462 0.0128410254501 0.0321000347072 0.00893606594082 0.00486466546514 0.0418354208044 0.0143975579201 0.000543955854029 0.00460985919769 
0.0139091908587 0.000244193637268 0.00148546624433 0.023086458929 0.0160776452528 0.485152092376 0.0448361441793 0.0141095748068 0.0018625929625 0.0217498012515 0.0215061171218 0.0202155374429 0.0492300620395 0.0124595618137 0.00879364328044 0.0367655083812 0.0277485928119 -0.00208781041097 0.0189695931443 0.00107672318326 0.0116947466232 0.0144313012559 0.00496090221235 0.0250688621076 0.0627981393985 0.0148314126247 0.0161754002484 0.018674967499 0.0118192484729 0.00750274799361 0.0380502311095 0.0500127671388 0.00775683570157 0.0155365594098 0.0198565544857 0.0122697251221 0.0224333098727 0.0826183748634 0.0317611080384 0.0250208438787 
0.00176843135937 0.000591826377627 0.0506672031794 0.00803617060549 0.0156759626202 0.0448361441793 0.383523361191 0.0265506408846 0.0156150884031 0.0167176312433 0.0109582711332 0.0193494596215 0.0233573723303 0.0167466595345 0.0163012954334 0.0164623276677 -0.00117455273214 0.0524272710528 0.0149803583031 0.0075218342846 0.0151309782198 0.0560119849698 -0.0222448182534 0.0244402145086 0.0350873483709 0.0166337557806 0.0190833199752 0.0199980020783 0.0226216832594 0.025908711039 0.00528442656906 0.016407587465 -0.00530731982591 0.00599522301512 0.014993742079 0.0300606258507 0.0263487688706 0.0534200094249 0.011983352603 0.0372702273368 
0.0153028279175 0.0112038181275 0.00782044347348 0.0106090223902 0.00986511782569 0.0141095748068 0.0265506408846 0.138270857323 0.00802221060024 0.0113397920229 0.012672702125 0.0109121499596 0.0106070425336 0.0114393654677 0.0194621507123 0.027560079086 0.00609629454069 0.00420643982559 0.0191812629789 -0.00147932682373 0.0081942515979 0.0178143553244 0.0220962496583 0.0116489881094 0.0204821668603 0.0186780491183 0.0184305248382 -0.00329832636036 0.0152685878547 0.0058261735993 0.00988130670058 0.016650866872 0.00708238637595 0.0135730482996 0.00884789567443 0.00920178711234 0.0207523356787 0.0395239233211 0.0222082674524 0.0202686243373 
0.00435941582667 0.00830665649826 0.0186491966374 0.00697570740062 -0.00413463179222 0.0018625929625 0.0156150884031 0.00802221060024 0.192513819756 0.000349338365037 0.0119037956315 0.00947365181818 -0.00341599733107 0.0470709748061 0.0146593558048 0.00511552362995 0.00574941814232 0.0136464324868 0.0162436738026 0.00980619188764 0.0175381043926 0.01378419737 -0.0109607318541 0.0263303841016 0.0161179778981 0.0157488507302 0.00188736238117 0.0210395870346 0.0156462093741 0.00878586119834 0.00120901190132 0.0132877278549 0.0194062787303 0.00433477673061 0.0438665155632 0.0134475167645 0.035254757667 0.018134925146 0.0560094487216 0.00886072569318 
0.00493564949376 0.0183685453925 0.00775260652923 0.016507354062 0.0199357225337 0.0217498012515 0.0167176312433 0.0113397920229 0.000349338365036 0.242400458087 0.0398056327176 0.00804817697642 0.0214730079586 0.00950118247825 0.0254379149858 0.0235268684081 0.0263532581318 0.0215298321292 0.0137585194092 0.0122517358959 0.0535739417782 0.025273027703 0.00450210000343 0.00194842559941 0.0341251710358 0.0154597914573 0.0225704838588 0.0550233543575 8.22055045736e-05 0.0429177713112 0.0356386353036 0.0230048343257 0.00574486700407 0.0255342602243 0.00712798319812 0.00173087352838 0.0036532533629 0.0335525768696 0.0340028355869 0.0115904270602 
0.0160920306697 0.01687785474 0.0039175230907 0.0130202324704 0.00948047110443 0.0215061171218 0.0109582711332 0.012672702125 0.0119037956315 0.0398056327176 0.176518901719 0.00413361398021 0.0151540678709 0.0118526582603 0.041905976646 0.0220661149647 0.0175731214091 0.00625759342235 0.0177268555662 0.00643300863063 0.0273429059417 0.0203071731725 -0.011135238975 0.00339319599922 0.0222648549442 0.0166901152943 0.0177379077838 0.00355690397189 0.017010373179 0.0268324443135 0.00515945158744 0.012596946805 -0.000482573327816 0.00655120993756 0.0145195155543 0.0216434927445 -0.00148237221195 0.0100592246023 0.0111244120949 0.0064104852087 
0.0106759428235 0.00410811659499 0.0029772470612 -9.86817765916e-05 -0.00264969736159 0.0202155374429 0.0193494596215 0.0109121499596 0.00947365181818 0.00804817697642 0.00413361398021 0.423823979339 0.00383238151698 0.0129477198946 1.62000050796e-05 0.0186673746794 0.0138966620105 -0.000723085484889 0.0185965792303 0.0127797453224 -0.00554070883892 0.0142805902191 0.00209459429332 0.00157469133328 0.00161615285129 0.0108328562233 0.0150654971535 0.0117461289539 0.0642560019083 0.00934144804725 0.00568811568695 0.00534395137769 -0.00461064655117 0.01192700551 0.0198604280638 0.0262503939812 0.00130072893605 0.0474302423086 0.012608908922 0.0572145282491 
0.0192288634388 0.00937463861355 0.00273474467082 0.00517570595056 0.0333641914581 0.0492300620395 0.0233573723303 0.0106070425336 -0.00341599733107 0.0214730079586 0.0151540678709 0.00383238151698 0.488215181978 -0.00270716609468 0.00892337426722 0.0153637804621 0.0217663623045 0.026368575138 0.0260363583508 0.0143084186419 -0.00375352363319 0.00743238150105 0.00661277575372 0.0634861369484 0.051758155047 0.0157267347401 0.0207911232049 0.04250468167 0.0162848729539 0.0377286659539 0.0226119185701 0.00681990463203 0.00899896456344 0.0152035554642 0.00801937084423 0.0117049945994 -0.00176329745894 0.00762244077057 0.0122970535748 0.00846124830789 
0.0199997546555 0.00366739797527 0.0213828500202 0.0146690727178 0.000890114536905 0.0124595618137 0.0167466595345 0.0114393654677 0.0470709748061 0.00950118247825 0.0118526582603 0.0129477198946 -0.00270716609468 0.152864741612 0.0271361047444 0.0118597176575 -0.00139752444351 0.0105230474578 0.00822455996279 0.0017578573297 0.0174969685016 0.0196656092494 -0.00290194361404 0.0102406246678 0.0162448910759 0.0191631250154 -0.00212253036391 0.0104068102525 0.0228086403564 0.00901811210046 0.00380192641693 0.000462297583371 0.00680064364876 0.0121644180279 0.0488750066412 0.0183002742878 0.0075700799535 0.0284869584883 0.0380067541898 0.0113369911071 
0.0201758759452 0.0217713327737 -0.00526960834947 0.0231853465939 0.0306418023476 0.00879364328044 0.0163012954334 0.0194621507123 0.0146593558048 0.0254379149858 0.041905976646 1.62000050794e-05 0.00892337426723 0.0271361047444 0.394855230121 0.0104362500183 0.00525317550143 0.03468007937 0.0161080024401 0.0101476936161 0.0281538147588 0.0236056136597 -0.0217356602993 0.0792221483355 0.033495294132 0.0134515351674 0.0312284787904 0.00664467070992 0.0253110809727 0.0350230537244 0.0169712182408 0.0176584834307 0.00635594147874 0.0282617671047 0.0169099540927 0.0346389000128 0.02626665658 0.0257656244031 0.0221407344377 -0.00726274848902 
0.0163624856285 0.0119337812325 0.0192339546758 0.00927716171562 0.0295455226015 0.0367655083812 0.0164623276677 0.027560079086 0.00511552362995 0.0235268684081 0.0220661149647 0.0186673746794 0.0153637804621 0.0118597176575 0.0104362500183 0.424697425457 0.0197491454536 0.0383549708382 0.0188717127039 0.00093202326652 0.0183728675509 0.0439108272503 0.0100474924757 0.00861542257928 0.0354612169487 0.0247899056814 0.0189937647395 0.0298787857707 0.00675309966735 0.0294527952439 0.00465890793864 0.033213302773 0.00870796065308 0.0208278972732 0.0181690760985 0.0083831778124 0.00985619707918 0.152669159125 0.00154982753799 0.00120926239396 
0.0131704712026 0.00543709659003 0.000423265703136 -0.00329000794326 -0.00529218938013 0.0277485928119 -0.00117455273214 0.00609629454069 0.00574941814232 0.0263532581318 0.0175731214091 0.0138966620105 0.0217663623045 -0.00139752444351 0.00525317550143 0.0197491454536 0.589481037286 -0.00343492172749 0.015608814866 0.0143827119983 0.0280534167712 0.0161559791172 -0.00269023668968 -0.00222396293381 0.0330706698281 0.00820330308749 0.00263509645596 0.00810542801341 -0.00622696094897 0.013456330693 0.0131579966686 0.0149117856702 -0.00590576624264 0.0123368500644 0.00778361157421 0.01248372425 0.00322058033458 0.0466870848466 0.0242235191026 0.00713267762345 
0.0153344121806 0.0203025785696 0.00834893846444 0.0115176656031 0.00653729818566 -0.00208781041097 0.0524272710528 0.00420643982559 0.0136464324868 0.0215298321292 0.00625759342235 -0.000723085484889 0.026368575138 0.0105230474578 0.03468007937 0.0383549708382 -0.00343492172749 1.45321863909 0.018491767426 0.0115137866534 0.0559794217681 0.0178254981484 0.0111944140764 -0.00034718297512 0.0461131533043 -0.00612067684079 0.0104486964098 0.00757200979094 0.00378597717344 0.0235905542106 0.00299132387291 0.0603843794844 0.00471672568096 0.00962962171676 0.0292217382515 0.00297527596243 -0.000483556297463 0.0348638890064 -0.00309567415567 0.00807499676686 
0.0231129238509 0.0106795516496 -0.00871449525634 0.0125196985045 0.0270037537065 0.0189695931443 0.0149803583031 0.0191812629789 0.0162436738026 0.0137585194092 0.0177268555662 0.0185965792303 0.0260363583508 0.00822455996279 0.0161080024401 0.0188717127039 0.015608814866 0.018491767426 0.154793710302 0.018393863962 0.0104191866822 0.0094003073234 0.00551587885957 0.00906897523402 0.0223406641968 0.0210156724488 0.0192025637275 -0.00188735686223 0.0173964680057 0.021428697175 0.017835527043 0.0253491244935 0.00703469539118 0.0139806951299 0.0152069530228 0.0264784182414 0.00973754658772 0.0200967360826 0.014639357539 0.0151311789081 
0.0266030960299 0.0123401164664 0.00677950377514 0.0207957462582 0.000697185797231 0.00107672318326 0.0075218342846 -0.00147932682373 0.00980619188764 0.0122517358959 0.00643300863063 0.0127797453224 0.0143084186419 0.0017578573297 0.0101476936161 0.00093202326652 0.0143827119983 0.0115137866534 0.018393863962 0.321785093194 0.000959483917974 0.00468616523647 -0.000740483250544 0.00909787262934 0.0160414543827 0.00477625276566 0.012461710785 0.00615816621326 0.00873621034582 0.0173192210003 0.0041381645098 0.0243105713155 0.00354413320642 0.0758733016975 0.00623964249899 -0.00344380415521 0.00228508051153 0.0393141263943 0.00905088231922 0.0198539608327 
0.00325319395263 0.0147792587357 -0.0248502526278 -0.00144807264994 -0.00890605069356 0.0116947466232 0.0151309782198 0.0081942515979 0.0175381043926 0.0535739417782 0.0273429059417 -0.00554070883892 -0.00375352363319 0.0174969685016 0.0281538147588 0.0183728675509 0.0280534167712 0.0559794217681 0.0104191866822 0.000959483917974 0.859661201547 0.0270647674109 0.0263035504434 0.0263198253834 0.0377038688197 0.0262875948489 0.0135919147091 0.00974790156843 -0.00769835128024 0.0403012140299 -0.00781007512039 0.0419752979256 0.00238486691511 2.53084122039e-05 0.0146643446373 -0.01292257156 -0.0129063348149 0.0357068738212 -0.00981533993999 -0.0264195017486 
0.019538814958 0.00786754697793 0.0236738049772 0.010326662599 0.0231227699087 0.0144313012559 0.0560119849698 0.0178143553244 0.01378419737 0.025273027703 0.0203071731725 0.0142805902191 0.00743238150105 0.0196656092494 0.0236056136597 0.0439108272503 0.0161559791172 0.0178254981484 0.0094003073234 0.00468616523647 0.0270647674109 0.25368651502 -0.00663823922357 0.0124317592338 0.0692622072668 0.00858492169903 0.0254433501723 0.00773201657244 0.0168149201159 0.0336435718155 0.0064696980486 0.0243134494545 0.000534853860406 0.0118803843467 0.0136116469444 0.0103250252964 0.0295937738282 0.0242642598077 0.0178496547207 0.0238864688156 
0.0207371647659 -0.00249613984702 0.0403440890759 -0.000574209015071 -0.00753998121386 0.00496090221235 -0.0222448182534 0.0220962496583 -0.0109607318541 0.00450210000343 -0.011135238975 0.00209459429332 0.00661277575372 -0.00290194361404 -0.0217356602993 0.0100474924757 -0.00269023668968 0.0111944140764 0.00551587885957 -0.000740483250544 0.0263035504434 -0.00663823922357 1.89481059331 -0.0171869676216 -0.00376972268221 -0.00422695402867 0.000394261149129 -0.00932132195578 0.00958795291157 0.00699945456778 -0.00771861695279 -0.00364814861258 -0.0122351675423 -0.00594767501306 0.00785363846968 0.00426553677657 -0.0042772134581 0.021345538107 0.0274608047107 0.0120750010574 
0.00925308099205 0.0161562773321 0.00863724291839 -0.0122673244959 0.0231506195676 0.0250688621076 0.0244402145086 0.0116489881094 0.0263303841016 0.00194842559941 0.00339319599922 0.00157469133328 0.0634861369484 0.0102406246678 0.0792221483355 0.00861542257928 -0.00222396293381 -0.00034718297512 0.00906897523402 0.00909787262934 0.0263198253834 0.0124317592338 -0.0171869676216 0.394021761197 0.0226000387624 0.0139385637717 0.00663382578591 0.0049247939219 0.00786229634758 0.0211792923133 0.0109395196705 -0.0194239930396 0.0046362002493 0.00388684850543 0.00508076569104 -0.000283374727753 0.0255884068994 -0.00739013672936 0.00949499672808 0.00832596388899 
0.015829422455 0.0482043730302 0.0408249521068 0.0370802618176 0.0532485828442 0.0627981393985 0.0350873483709 0.0204821668603 0.0161179778981 0.0341251710358 0.0222648549442 0.00161615285129 0.051758155047 0.0162448910759 0.033495294132 0.0354612169487 0.0330706698281 0.0461131533043 0.0223406641968 0.0160414543827 0.0377038688197 0.0692622072668 -0.00376972268221 0.0226000387624 0.57611698397 0.0231200609365 0.0359926247679 0.0219488821391 0.0212038343322 0.0512371040655 0.02652728017 0.071461537655 -0.00663505052771 0.0136451756181 0.0131135195227 0.0134127435593 0.0316979330483 0.120231729306 0.0589499236851 0.030112198852 
0.0158423534052 0.0101903616162 0.00644354147833 0.0251411699153 0.0346597300062 0.0148314126247 0.0166337557806 0.0186780491183 0.0157488507302 0.0154597914573 0.0166901152943 0.0108328562233 0.0157267347401 0.0191631250154 0.0134515351674 0.0247899056814 0.00820330308749 -0.00612067684079 0.0210156724488 0.00477625276566 0.0262875948489 0.00858492169903 -0.00422695402867 0.0139385637717 0.0231200609365 0.210102058999 0.0181070248801 0.00881001397531 0.0116639724909 0.0112681129256 0.0125990164411 0.0108496513207 0.00533885009001 0.0260701510095 0.0206746981782 0.0221485600928 0.0171043089872 0.0376316659708 0.0130273219988 0.00644233343086 
0.018264274484 0.0153032087775 -0.0160342136218 0.0235713918821 0.0402475466799 0.0161754002484 0.0190833199752 0.0184305248382 0.00188736238117 0.0225704838588 0.0177379077838 0.0150654971535 0.0207911232049 -0.00212253036391 0.0312284787904 0.0189937647395 0.00263509645596 0.0104486964098 0.0192025637275 0.012461710785 0.0135919147091 0.0254433501723 0.000394261149129 0.0066338257859 0.0359926247679 0.0181070248801 0.252383855046 0.00583824339917 0.00522858571264 0.0164043242698 0.0162762576285 0.0295562551045 -0.00358658237596 0.0160442875666 0.00916106438559 0.0189836933605 0.0098144821574 0.0120912120763 0.0194903136771 -0.00184815598186 
0.00450532195088 0.000554938843728 0.00458295446331 -0.000465335012495 0.0124797036693 0.018674967499 0.0199980020783 -0.00329832636036 0.0210395870346 0.0550233543575 0.00355690397189 0.0117461289539 0.04250468167 0.0104068102525 0.00664467070992 0.0298787857707 0.00810542801341 0.00757200979094 -0.00188735686223 0.00615816621326 0.00974790156843 0.00773201657244 -0.00932132195578 0.0049247939219 0.0219488821391 0.00881001397531 0.00583824339917 0.301976271964 0.00133489338266 -0.00375490771361 0.0242043012984 0.0253803014152 -0.0214393439116 0.0144927059848 0.00903453894806 0.00105538647785 0.000459991578983 0.0170537732405 0.0115194325712 0.0115998637971 
0.00592182073912 0.00866365195651 0.00916433978937 0.0218310191109 0.00143268618608 0.0118192484729 0.0226216832594 0.0152685878547 0.0156462093741 8.2205504574e-05 0.017010373179 0.0642560019083 0.0162848729539 0.0228086403564 0.0253110809727 0.00675309966735 -0.00622696094897 0.00378597717344 0.0173964680057 0.00873621034582 -0.00769835128024 0.0168149201159 0.00958795291157 0.00786229634758 0.0212038343322 0.0116639724909 0.00522858571264 0.00133489338266 0.2701626617 0.0212222580616 0.0107228376876 0.00369792197125 0.0307881104345 0.0126029049318 0.0208038455407 0.0169611528916 -0.0182600443929 0.0021957517246 -0.00149175804765 7.72287691167e-05 
0.0237042562421 0.0159402011519 0.0287262089405 0.000972793913307 0.0265794108225 0.00750274799361 0.025908711039 0.0058261735993 0.00878586119834 0.0429177713112 0.0268324443135 0.00934144804725 0.0377286659539 0.00901811210046 0.0350230537244 0.0294527952439 0.013456330693 0.0235905542106 0.021428697175 0.0173192210003 0.0403012140299 0.0336435718155 0.00699945456778 0.0211792923133 0.0512371040655 0.0112681129256 0.0164043242698 -0.00375490771361 0.0212222580616 0.341670672896 -0.00775696918466 0.0369634873197 -0.0133149269061 0.0149569741805 0.00463374811488 0.00769158744848 -0.0140823357569 0.0690143528569 0.021704182176 0.0132963433188 
0.00105647437506 0.00760182154359 -0.00180814408592 0.00330614852154 0.000132784737858 0.0380502311095 0.00528442656906 0.00988130670058 0.00120901190132 0.0356386353036 0.00515945158744 0.00568811568695 0.0226119185701 0.00380192641693 0.0169712182408 0.00465890793864 0.0131579966686 0.00299132387291 0.017835527043 0.0041381645098 -0.00781007512039 0.0064696980486 -0.00771861695279 0.0109395196705 0.02652728017 0.0125990164411 0.0162762576285 0.0242043012984 0.0107228376876 -0.00775696918466 0.2296638396 0.0089019865184 0.000927693183779 0.00241553346752 0.0119701410439 0.00309510348793 0.00936833868844 0.00789344451677 0.0154252361032 0.0145122250689 
0.0235258775058 0.0258019083959 0.0137320614675 0.00836884608301 0.0256445032462 0.0500127671388 0.016407587465 0.016650866872 0.0132877278549 0.0230048343257 0.012596946805 0.00534395137769 0.00681990463203 0.000462297583371 0.0176584834307 0.033213302773 0.0149117856702 0.0603843794844 0.0253491244935 0.0243105713155 0.0419752979256 0.0243134494545 -0.00364814861258 -0.0194239930396 0.071461537655 0.0108496513207 0.0295562551045 0.0253803014152 0.00369792197125 0.0369634873197 0.0089019865184 0.471907519544 -0.0112633554803 0.00881703051805 0.00344951073795 0.0131059129503 0.0105972588524 0.083713998547 -0.00333737830364 0.0108363858851 
0.00130355463868 0.00246280622007 0.00862549051373 -0.0105234225263 0.0128410254501 0.00775683570157 -0.00530731982591 0.00708238637595 0.0194062787303 0.00574486700407 -0.000482573327816 -0.00461064655117 0.00899896456344 0.00680064364876 0.00635594147874 0.00870796065308 -0.00590576624264 0.00471672568096 0.00703469539118 0.00354413320642 0.00238486691511 0.000534853860406 -0.0122351675423 0.0046362002493 -0.0066350505277 0.00533885009001 -0.00358658237596 -0.0214393439116 0.0307881104345 -0.0133149269061 0.000927693183779 -0.0112633554803 0.442610815427 0.0170162099162 0.0168478559067 0.00549756209196 0.0678761153708 0.012221797934 0.0109332741178 0.00316913466686 
0.0194833990727 0.0315105444282 0.0019859969122 0.0214257196248 0.0321000347072 0.0155365594098 0.00599522301512 0.0135730482996 0.00433477673061 0.0255342602243 0.00655120993756 0.01192700551 0.0152035554642 0.0121644180279 0.0282617671047 0.0208278972732 0.0123368500644 0.00962962171676 0.0139806951299 0.0758733016975 2.53084122037e-05 0.0118803843467 -0.00594767501306 0.00388684850543 0.0136451756181 0.0260701510095 0.0160442875666 0.0144927059848 0.0126029049318 0.0149569741805 0.00241553346752 0.00881703051805 0.0170162099162 0.303213589992 0.00416712172641 0.00296029727635 0.0159836727176 0.059191183222 0.0139269447659 0.000673406534151 
0.0109160909427 0.0160125552449 0.0176092461459 0.0127607779548 0.00893606594082 0.0198565544857 0.014993742079 0.00884789567443 0.0438665155632 0.00712798319812 0.0145195155543 0.0198604280638 0.00801937084423 0.0488750066412 0.0169099540927 0.0181690760985 0.00778361157421 0.0292217382515 0.0152069530228 0.00623964249899 0.0146643446373 0.0136116469444 0.00785363846968 0.00508076569104 0.0131135195227 0.0206746981782 0.00916106438559 0.00903453894806 0.0208038455407 0.00463374811488 0.0119701410439 0.00344951073795 0.0168478559067 0.00416712172641 0.13795447604 0.015990382718 0.0104376860103 0.00841448220259 0.025141376774 0.00793636466759 
0.00405931208528 0.0227355965767 0.0136491262567 0.0034878363634 0.00486466546514 0.0122697251221 0.0300606258507 0.00920178711234 0.0134475167645 0.00173087352838 0.0216434927445 0.0262503939812 0.0117049945994 0.0183002742878 0.0346389000128 0.0083831778124 0.01248372425 0.00297527596243 0.0264784182414 -0.00344380415521 -0.01292257156 0.0103250252964 0.00426553677657 -0.000283374727753 0.0134127435593 0.0221485600928 0.0189836933605 0.00105538647785 0.0169611528916 0.00769158744848 0.00309510348793 0.0131059129503 0.00549756209196 0.00296029727635 0.015990382718 0.309694319652 0.00997641419378 0.00403249908249 0.00198697750501 -0.00862147140654 
0.0132773612463 0.0140841902596 -0.000383153395615 -0.00572291495743 0.0418354208044 0.0224333098727 0.0263487688706 0.0207523356787 0.035254757667 0.00365325336289 -0.00148237221195 0.00130072893605 -0.00176329745894 0.0075700799535 0.02626665658 0.00985619707918 0.00322058033458 -0.000483556297463 0.00973754658772 0.00228508051153 -0.0129063348149 0.0295937738282 -0.0042772134581 0.0255884068994 0.0316979330483 0.0171043089872 0.0098144821574 0.000459991578984 -0.0182600443929 -0.0140823357569 0.00936833868844 0.0105972588524 0.0678761153708 0.0159836727176 0.0104376860103 0.00997641419378 0.312341230211 0.0393746465678 0.0174439264533 0.00967106450042 
0.0513563333103 0.0228545375039 0.033520824258 0.0318388146277 0.0143975579201 0.0826183748634 0.0534200094249 0.0395239233211 0.018134925146 0.0335525768696 0.0100592246023 0.0474302423086 0.00762244077057 0.0284869584883 0.0257656244031 0.152669159125 0.0466870848466 0.0348638890064 0.0200967360826 0.0393141263943 0.0357068738212 0.0242642598077 0.021345538107 -0.00739013672936 0.120231729306 0.0376316659708 0.0120912120763 0.0170537732405 0.0021957517246 0.0690143528569 0.00789344451677 0.083713998547 0.012221797934 0.059191183222 0.00841448220259 0.00403249908249 0.0393746465678 0.878549206305 0.0380007288244 0.0507630510492 
0.0177672483221 0.0159647494959 0.0821599967102 0.0200455452186 0.00054395585403 0.0317611080384 0.011983352603 0.0222082674524 0.0560094487216 0.0340028355869 0.0111244120949 0.012608908922 0.0122970535748 0.0380067541898 0.0221407344377 0.00154982753799 0.0242235191026 -0.00309567415567 0.014639357539 0.00905088231922 -0.00981533993999 0.0178496547207 0.0274608047107 0.00949499672808 0.0589499236851 0.0130273219988 0.0194903136771 0.0115194325712 -0.00149175804765 0.021704182176 0.0154252361032 -0.00333737830364 0.0109332741178 0.0139269447659 0.025141376774 0.00198697750501 0.0174439264533 0.0380007288244 0.7358457065 0.00876050316444 
0.0113126999297 0.00921985519102 -0.00167860670604 0.00737365416013 0.00460985919769 0.0250208438787 0.0372702273368 0.0202686243373 0.00886072569318 0.0115904270602 0.0064104852087 0.0572145282491 0.00846124830789 0.0113369911071 -0.00726274848902 0.00120926239396 0.00713267762345 0.00807499676686 0.0151311789081 0.0198539608327 -0.0264195017486 0.0238864688156 0.0120750010574 0.00832596388899 0.030112198852 0.00644233343086 -0.00184815598186 0.0115998637971 7.72287691165e-05 0.0132963433188 0.0145122250689 0.0108363858851 0.00316913466686 0.000673406534151 0.00793636466759 -0.00862147140654 0.00967106450042 0.0507630510492 0.00876050316444 0.464364999972 

['VZ', 'CAH', 'MUR', 'MSFT', 'PGR', 'STJ', 'ASH', 'PBI', 'PCG', 'UTX', 'NOC', 'NWL', 'HSP', 'AEP', 'AET', 'A', 'FSH', 'NAV', 'AIG', 'MRK', 'WAT', 'GWW', 'PTV', 'CMX', 'DHI', 'ASO', 'COST', 'BCR', 'MO', 'DE', 'WWY', 'EK', 'HCA', 'SGP', 'SO', 'SVU', 'HMA', 'NVDA', 'EP', 'SYMC']