60
0.0218855159469 0.093312473985 0.0439476996979 0.026417897889 0.0272696759741 0.0780955523414 0.0295384146509 0.0335319673985 0.02736418452 0.0635798530397 0.0128714932266 0.199130076205 0.0240188564254 0.102128665084 0.0192488530763 0.0690593134036 0.0997806882374 0.0486664598358 0.050100863095 0.0361599942098 0.0362094771936 0.0623322546876 0.0413167922229 0.0909027791802 0.0289058353667 0.0396471392927 0.0363496030559 0.0163484450471 0.0265193363437 0.0559384191954 0.022369934908 0.061476397973 0.0307440439862 0.110625092132 0.0267965440056 0.0784336943662 0.200970993098 0.0316848802341 0.103194060275 0.146363775453 0.0429032651101 0.040534814632 0.0231907610599 0.0599327976672 0.0634276035435 0.0280903462606 0.0533662879029 0.0347696809731 0.0414012394119 0.106366385329 0.07971303899 0.0542920038725 0.0374431650663 0.0265727047954 0.0440278725419 0.0831725949645 0.0733521468466 0.123248136701 0.0597094198611 0.0253746335001 
0.159186350417 0.00255438361291 0.0103185753323 0.00249021177256 0.00359820551632 0.00180006219458 0.00781147565502 0.0106849762425 0.00630084335185 0.00786263976799 0.00340211922296 0.00857114848377 0.00445810668668 0.0104725491071 0.0289817076644 0.00640336321405 0.0078641223948 0.00745040434652 0.0108418441768 0.0099883711159 0.0100023621484 0.0109800200595 0.0102805771622 0.00597921352135 -0.00677194324974 -0.00633681015731 0.00942992797973 0.0122087533361 0.0131128230128 0.00879934848593 0.00126758368156 0.00504011010423 0.0123233522348 0.00495552633459 -0.00349458083488 0.00767693220677 0.00548853466429 0.00770878779542 0.00350747793398 0.0179990134789 -0.00519288465901 0.0107953342559 0.00849443134186 0.0005758407293 0.00978483609996 0.00132825197501 0.0130592046236 0.00249849352301 0.0116209106778 0.00794534783836 0.00164948798184 0.0182618117863 0.0117261341624 0.00235853055576 0.0123779986661 0.0047669730864 0.0075383144235 0.00916097078271 -0.00586948069328 0.000878023073712 
0.00255438361291 0.415810036082 0.0139726730495 0.0174293869425 0.000954732631447 -0.00691062449569 0.000122444419216 0.0185142624523 0.0357479797899 0.00155933718304 0.0163284276167 0.0951433654069 0.00740749099231 0.036246673682 0.00322531324253 0.0227538678331 0.0336019853935 0.00564696729263 0.0122991553417 0.00685214449007 0.0114413266406 -0.0072868371121 0.00919613191838 0.0124769850043 0.0265544773673 0.0286741843154 0.00255705899186 0.0257542613502 0.0235544624307 0.00931869454776 0.00505425143485 0.0156346158377 0.0170293605534 0.0238555749303 0.000783484315669 -0.00319939007459 0.00884699427286 0.00650675669622 0.0278954071275 0.0273610105697 0.018395032144 -0.00499316744497 -0.0149640456126 0.0393725824051 0.0239521662355 -0.0190676580417 0.00180019893386 0.02299998019 0.00432968744886 0.167274942956 0.0011898119454 0.00890185629453 0.0072108734226 0.0052319284423 0.0117472379415 0.0389492670732 0.0141567114353 0.0128906001819 0.00739028969812 0.0266329261317 
0.0103185753323 0.0139726730495 0.187494368993 0.00253218844572 0.00263310390538 0.0122583436315 0.0114668170918 0.0151751735848 0.00355981482877 0.0209374507741 0.00122814257019 0.00956918687446 0.020062469383 0.00665642272886 0.00423889202224 0.00365811998069 0.000260265770444 0.00137576628272 0.0105745540492 0.00347060117588 0.002838791675 0.00797413308164 0.0134230001273 0.0112006893463 0.00870145137131 0.00476729467383 0.0104182195527 0.00479515609003 0.00470894129334 0.00861084525406 0.010278756621 0.00827462826243 0.00558466761962 0.00914347842307 -0.00807622357296 0.0145959993025 0.0183236245915 0.00743439386326 -0.00395060475067 0.00732013787742 0.0111194673347 0.00406470904675 0.0126908912177 0.00554417241787 0.000556798695251 0.00703355852274 0.000523759932117 0.0105922155668 0.00690694237348 0.0103584704062 0.0220143321958 -0.0133860943199 0.00853163387542 0.00401520321585 -0.010212499777 0.00497315070432 0.0224469626108 0.00348085314176 -0.00678735794709 0.0142541481192 
0.00249021177256 0.0174293869425 0.00253218844572 0.270641156108 0.0112738052707 0.0305910997114 0.0319489799207 0.0264096708955 0.000917595730515 0.0160951203981 0.00820302338052 0.0158077260587 0.0233432659871 0.0175564623426 0.00327807560195 0.0261943657995 0.0176943324544 0.0207574168005 0.030957568919 -0.00384648954651 0.0250859503947 0.00419142962019 0.00735344408108 0.0108714660863 0.0137243872439 0.0134674210734 0.01454281324 0.00836945248934 0.00743404619167 0.0117041450201 0.0219961538403 0.0299312567032 0.0282146267583 0.0302694473313 0.00466688508666 -0.00137836454374 0.00641967943555 0.0244846176525 0.0367807319219 0.00666559973553 0.0267813110735 -0.00224810601865 0.0128572892149 0.0103363991485 0.0123179464799 0.00930827085072 0.00537033284328 0.0168111652 0.0169778969917 0.021968796445 0.00642392837288 0.00617111207672 0.0180003230399 0.0194634800556 0.0162914058014 0.0355183813673 -0.00451898372518 0.0104134948605 0.0107194500527 0.00426665770335 
0.00359820551632 0.000954732631447 0.00263310390538 0.0112738052707 0.136838565681 0.0127848527945 0.00404165439071 0.0272241755836 0.0171345247869 0.0260010408496 -0.00231982045311 0.0331541988413 0.0216276475856 0.0179711284137 0.0133251378132 0.00955349584407 0.0220618992811 0.000704691323696 0.0130725239877 0.00679749062221 0.017280658637 0.0081920322623 0.0102697303182 0.0113887767627 0.0207839757219 0.0115511705855 0.00833469109313 0.00586180421441 0.00242335794529 0.0080098917929 0.0137009388014 0.0232171111837 0.0176489758429 0.0147745106973 0.0108773983709 0.000495650284148 0.00174768850132 0.0161266137568 0.0287524559391 0.00284149834888 0.0137443701226 -0.00252163448254 0.00843185180326 0.0112333812732 0.0157837063705 0.0104750622013 0.0084104405706 0.00730683579944 0.00411137342758 0.0159424580217 0.016029454116 0.0122916874199 0.0236258327112 0.0134556494209 0.0214746941433 0.0335399994105 0.00586271478619 0.0338865104895 0.0101462802565 0.0177042915964 
0.00180006219458 -0.00691062449569 0.0122583436315 0.0305910997114 0.0127848527945 0.566028005068 0.00886785727533 0.0137973997666 0.012822952912 0.0179534401741 0.00165070007878 0.0405602102982 0.0116400650703 0.0431679611238 0.00130220609733 0.0110930276764 0.0169902220903 0.0235796790518 0.0251662213247 -0.00246836947333 0.0140281376406 0.00486466760096 -0.000256635334491 -0.000537239466716 0.00835651944616 0.0282372668155 0.0100124887737 0.00996323716882 0.0141212571938 0.0249494433305 0.021883300605 0.0293988526474 0.0220860493383 0.0547272732392 0.0176284659539 0.00929194026874 0.0606430200056 0.0413979729082 0.0195434538568 0.0110361809742 0.00593716665619 0.00924064118862 -0.00443311028125 0.0148450570065 0.015296131337 0.0227457750598 0.00656085985868 0.0286108678067 0.0128784045742 -0.000199656242656 0.00193393670143 0.00231860795245 -0.0222838485233 -0.0143602945246 0.00896967650177 0.0333062501925 0.0083490395999 0.0150956672795 -0.000871904120504 0.00385230355254 
0.00781147565502 0.000122444419217 0.0114668170918 0.0319489799207 0.00404165439071 0.00886785727533 0.207033670547 0.0178245992494 0.0233902393491 0.0247329463083 -0.000527556179616 0.0109785082855 0.0163079771774 0.0141390508637 0.00904619576223 0.0186989771948 0.0150699120985 0.00475088016241 0.0195345933167 0.0158013576446 0.0352278100693 0.0108619678474 0.0118190533749 0.00902776280306 0.0180602033276 0.0106396667004 0.0208715844429 0.00999265471751 0.0179184937562 0.00361070918174 0.013745980114 0.0197432107801 0.023549907764 0.022240079413 0.037345678934 0.014654601258 -0.00310468865444 0.0147083087703 0.0218620997205 -0.0012936628107 0.0118256436643 0.000126741636798 0.0214999944207 0.00209062729293 0.0248579163626 0.0400465305469 0.00477556560004 0.0111205776662 0.0108071211457 -0.00473165048733 0.00288238481209 0.0169169327248 0.0211867178503 0.018518214613 0.0200013485609 0.0257936950807 0.0196597096815 0.0330793058228 0.0137574510694 0.0214166954207 
0.0106849762425 0.0185142624523 0.0151751735848 0.0264096708955 0.0272241755836 0.0137973997666 0.0178245992494 0.206859534295 0.0123587146438 0.0180312987002 0.00292371811792 0.0524903134647 0.032541083876 0.0174594653813 -0.0042443796837 0.0208273718118 0.0192011405439 0.00973675658181 0.0303863400356 0.00846875765292 0.00628924853228 -0.0125338100224 0.0192467114372 0.0186874702503 0.0203021245966 0.00670556495703 0.0107856390503 -0.00118794400955 0.024006672713 0.0252861441787 0.0330893817913 0.0330956143451 0.0228277191908 0.0238818253111 0.0178269994868 0.0130021496371 0.0127149703265 0.0221375108215 0.0385402392774 0.00320119820972 0.0237275069747 0.0105054140824 0.0043164092352 0.0226796187692 0.0282540783238 0.0171963770777 0.00458456910416 0.0371138992205 0.0102048251712 0.0178029590027 0.0261728059724 0.0202970211321 0.0182172333209 0.0096557943007 0.0268597083803 0.0317265889745 0.00942908919417 0.0259637429207 0.0195383166385 0.0158868292958 
0.00630084335184 0.0357479797899 0.00355981482877 0.000917595730515 0.0171345247869 0.012822952912 0.0233902393491 0.0123587146438 0.187361207001 0.00822229469569 -0.00265102439503 0.0137538685864 0.00792427787919 0.0196273821369 0.013527811038 0.0265624694783 0.00978216195737 0.00773128921293 0.00667348281495 0.0416720284037 0.0106275062149 0.00136847748426 0.0064690612559 0.0199040957845 0.0156242712565 0.0363231462817 0.00499132309425 0.042637320029 0.0131773955585 0.0184879374797 0.0137431190305 0.0134197475966 0.0208034038492 0.0211364472456 0.0177375614364 0.00708729228191 0.00449033981604 0.0152919158254 0.0166299716372 0.0171234402566 0.0192782169022 0.0202817206363 0.0084432026318 0.0131274581239 0.0107947709648 0.00636202449197 0.013055337746 0.00793265833726 0.00518021438316 0.0328995146173 0.00758248797296 0.0110846753524 0.0174572620191 0.00755535977974 0.0144220519005 0.019096039034 0.00972104480529 0.0315165073826 0.00139526498701 -0.00878980235454 
0.00786263976799 0.00155933718304 0.0209374507741 0.0160951203981 0.0260010408496 0.0179534401741 0.0247329463083 0.0180312987002 0.00822229469569 0.454781419074 -0.00406122905486 -0.0054354337062 0.0259335009382 0.0182704585593 0.0114334621959 0.0174105931845 -0.0119402594665 -0.011132814487 0.00895528209901 -0.00450327762026 0.0352299249677 0.00201047899247 0.0275311580743 0.00528570741506 0.0353121737299 0.01301086524 0.00932849920327 0.0046182257995 0.00116338993789 0.0120412519296 0.018610432842 0.0418915701114 0.0434058007276 0.0454122275394 0.0318458259313 0.00446809251152 0.0481072405118 0.0161200144959 0.0347421898139 0.0234253725354 0.0241487486517 -0.00524356384803 0.0212619096693 0.00710407744224 0.00654003534994 0.0475583108826 0.0061913412556 0.018458806359 0.0226128911156 0.00373717265125 0.0234133457717 0.0193043496452 0.0287856188435 0.0121796195697 0.00568850919179 0.0297000622406 0.0194131859815 0.0371675885444 0.00918925109044 0.0197015694376 
0.00340211922296 0.0163284276167 0.00122814257018 0.00820302338052 -0.00231982045311 0.00165070007878 -0.000527556179616 0.00292371811792 -0.00265102439503 -0.00406122905486 0.22048982241 -0.00139376585456 0.00773995385436 0.00547347385595 0.00440963133841 0.00294189827554 0.0234621879128 0.00877151715727 -0.00301852263169 -0.000843369111163 0.00184988295246 0.0028967482873 0.00718645217371 0.00679296721911 0.00341671385445 -0.0041000415684 0.029801961734 0.0109991644861 0.0136294326092 0.0167446339116 -0.00249461454963 0.0040826051639 0.00392378795926 -0.000288295078312 0.00619333431168 0.00221043561476 0.0266574309702 0.00975920278575 -0.0051995316908 -0.00409102687246 -0.00449063532696 0.00437104660824 0.000854052747127 -0.00418556211025 0.0140375785793 0.00340091779697 -0.00524081638662 0.00437431647414 -0.00815501217175 -0.00585683600895 0.0106940121804 0.0053273500759 0.0226107606821 -0.00461011816542 -0.000653552520912 0.0180720037817 0.0120038027015 0.0128547790005 0.011331219707 0.0229403089228 
0.00857114848377 0.0951433654069 0.00956918687446 0.0158077260587 0.0331541988413 0.0405602102982 0.0109785082855 0.0524903134647 0.0137538685864 -0.0054354337062 -0.00139376585456 0.610163742946 0.0255721954553 0.0470793004263 0.0130974473633 0.00892221736885 0.00226727219955 -0.00217444751655 0.0581837085266 0.0139459665732 0.0455161996941 -0.0255691856655 0.0308863808382 0.0117617203099 0.0185152144502 0.00664634712142 -0.00773708680959 0.0180831423675 0.00623723564977 0.0341254989046 0.0239241575657 0.0591420233148 0.0160713760317 0.0142038967632 0.0104939211418 0.00467458998291 0.0308382765659 0.0332379373779 0.0311404828149 0.0568188894935 0.025322610013 0.00621002183761 0.0163001887205 0.0354163272541 0.0466901078797 0.0104055683783 0.00181064281856 0.0321659365124 0.00505577102057 0.0788904549424 0.0314289381172 0.0287895854212 0.00894099005967 0.0203967511978 -0.00755838821584 0.0107356080764 0.0521502649432 0.0548900855464 0.0080464073153 0.0196518237497 
0.00445810668668 0.00740749099231 0.020062469383 0.0233432659871 0.0216276475856 0.0116400650703 0.0163079771774 0.032541083876 0.00792427787919 0.0259335009382 0.00773995385436 0.0255721954553 0.182805133004 0.0339816176287 0.00753989329756 0.00624372551121 0.00476356113007 0.0109896528777 0.0244347161786 0.00202474882473 0.0207696252813 0.014839828785 0.013069394543 0.00202398937082 0.0252571498356 -0.00070738365108 0.0147193870571 0.0131175481107 0.0203073703082 0.0219148603593 0.0093034762598 0.0180136837382 0.0163614488689 0.0265788771873 0.0248039908041 0.0249276218629 0.052809373384 0.0150198972664 0.0248713955749 0.0191658679579 0.0208650593139 0.00028354963247 0.0166170960503 0.0154208413014 0.0249066799892 0.0174117599094 0.0143770007918 0.0142437864761 0.0194608903088 0.0166014188865 0.023999603281 0.0119432127495 0.00378117769648 0.0173157884169 0.016843124393 0.000822405773884 0.0266651714093 0.017390279052 -0.00229987599189 0.0170438915329 
0.0104725491071 0.036246673682 0.00665642272886 0.0175564623426 0.0179711284137 0.0431679611238 0.0141390508637 0.0174594653813 0.0196273821369 0.0182704585593 0.00547347385595 0.0470793004263 0.0339816176287 0.680154744599 -0.000411592835088 0.00796054610776 0.0314235662254 -0.00496182954188 0.0182003352087 -0.0101693974618 0.0303107775216 0.0116392896951 -0.00377887617409 0.00920593686663 0.0108464989556 0.00630685701066 0.0158873231114 0.000718523327448 0.020909544422 0.0108568664867 0.0243485482346 0.0148878405068 0.00900939771115 0.0345083761284 0.0132872793232 -0.00193039210774 0.000842368893893 0.00384125676906 0.0246642737511 0.0279162784358 0.0222289769955 -0.000796423763607 -0.000912158038101 0.00781286174189 0.0331432848016 0.0201401407897 0.0143813503435 0.0133402611061 0.0237182047761 0.0330141001712 0.0336709675159 -0.00226424614991 0.0236980280564 0.00628128949876 0.0103890302217 0.0474432492574 -0.00652004857538 0.0379192510126 0.0225885518464 0.0222466310067 
0.0289817076644 0.00322531324253 0.00423889202224 0.00327807560195 0.0133251378132 0.00130220609733 0.00904619576223 -0.00424437968369 0.013527811038 0.0114334621959 0.00440963133841 0.0130974473633 0.00753989329756 -0.000411592835088 0.136333546123 0.00415862942371 0.00673636868397 -0.00314174120504 0.0153356581518 0.0157579901876 0.0111945250712 0.0167678582156 0.00546571094256 0.00186439364102 0.010037626155 0.0063471750615 0.00980173744884 0.0070804695918 0.00231290967129 0.00517485703965 0.00160828738793 0.00922535341498 0.0136940085003 -0.00153374738292 0.0144621661563 0.00431990851468 0.0147313315929 0.00909621068596 0.0188930112098 0.0101409674073 0.0133623835423 0.0050565376689 0.0165700492958 0.0112095523648 0.0061096669157 0.0129184467002 0.00997511905 0.00479032097379 0.0144319051029 0.00325118623369 0.0156405755555 0.0128109964536 0.00850101436679 0.00434266274554 0.0185969535243 0.0177055963889 0.0137962442634 0.00227236080286 0.0061140551432 0.00684141134291 
0.00640336321405 0.0227538678331 0.00365811998069 0.0261943657995 0.00955349584407 0.0110930276764 0.0186989771948 0.0208273718118 0.0265624694783 0.0174105931845 0.00294189827554 0.00892221736885 0.00624372551121 0.00796054610777 0.00415862942371 0.422912535718 0.0129889160886 0.00200192698023 0.02294276883 -0.000413366377506 0.0334325919151 -0.00409046685986 -0.00221952461522 0.0119147633804 0.0145694908574 0.00700190289828 0.00950999270512 0.0148831065835 0.011051189798 0.0137718707575 0.0147284486102 0.0233482684442 0.0216059903291 0.0178438343193 0.0174113316061 0.012277934445 -0.0196251985712 0.0343536298956 0.0130298250842 -0.00903077885947 0.0241870146437 0.00786111251209 0.00490944186626 0.0176676512105 0.0199512895842 0.0250346897467 0.00584906245883 0.0140548042507 -0.0013100115881 0.0258352142028 0.0193064364305 0.0317450696138 0.0136643802021 0.0300167623881 0.0295181234987 0.0437061611998 -0.0219829478366 0.0292172790411 0.00356479427169 0.0139270802333 
0.0078641223948 0.0336019853935 0.000260265770444 0.0176943324544 0.0220618992811 0.0169902220903 0.0150699120985 0.0192011405439 0.00978216195737 -0.0119402594665 0.0234621879128 0.00226727219955 0.00476356113007 0.0314235662254 0.00673636868397 0.0129889160886 0.550978512166 0.0225429901012 0.0120273807242 0.0214236902698 0.00738028891638 0.00853005434712 0.035989472809 0.00882976634821 0.00486242712648 0.0246383002821 0.0126572857095 0.0139996395079 0.0101500151988 0.00640644137368 0.0310171326238 0.0223598464114 0.054613305248 0.0135498702784 0.0154230349526 0.00802944694466 -0.00529124880159 0.0123392767758 0.146211702342 0.019972356382 0.0251175814104 0.0144911096245 0.00990572604515 0.0135369150953 0.0116738525938 0.00857901231248 0.00296618636033 0.0017125067116 0.00723548724944 0.00680775470561 0.0135855675328 0.00576472662673 0.0217468073374 0.00776424571601 0.0136318764931 0.0240749930467 0.00862908892882 0.0660139444535 0.0348106580265 0.0256283826935 
0.00745040434652 0.00564696729263 0.00137576628272 0.0207574168005 0.000704691323697 0.0235796790518 0.00475088016241 0.00973675658181 0.00773128921293 -0.011132814487 0.00877151715727 -0.00217444751655 0.0109896528777 -0.00496182954188 -0.00314174120504 0.00200192698023 0.0225429901012 0.308458176062 0.00625051175319 0.0162975725986 0.00987297749855 0.011740577247 0.0163083202181 -0.00208249352376 0.0230746814201 0.0156107241135 0.0110036636814 0.00409012458187 0.000172124285737 0.0133215044705 0.00926687826136 0.030535207828 0.0311640991919 0.0282763906963 0.0069176372204 0.0196227510092 -0.00358408564759 0.0214471604341 0.0118904151662 0.00353638446977 0.0182023617167 -0.0281794333123 0.00419859899358 0.0264250403414 0.03700540124 -7.10878024861e-05 0.0344494536527 0.0158546925177 0.00362568219963 0.0100053196615 0.0170372289104 0.00929265966687 0.0157109792887 0.012784881643 0.0166946567277 -0.0021301552122 0.00749915954883 0.00307382252523 0.00296007561331 0.00999510544961 
0.0108418441768 0.0122991553417 0.0105745540492 0.030957568919 0.0130725239877 0.0251662213247 0.0195345933167 0.0303863400356 0.00667348281495 0.00895528209901 -0.00301852263169 0.0581837085266 0.0244347161786 0.0182003352087 0.0153356581518 0.02294276883 0.0120273807242 0.00625051175319 0.296761135039 0.0180796947328 0.029552161644 0.00366218486162 0.0137100565568 0.0126891027616 0.00490293934096 0.0236506866939 0.0114918398933 0.0027121512519 0.0159858242616 0.0262252923281 0.0217011482728 0.0234937954296 0.0260003913618 0.0283725977075 0.023469467073 0.00687041039516 0.0163283680497 0.00937591658896 -0.000720029845763 0.0151469310438 0.00460888497114 -0.0013355199435 0.00236784552315 0.00388272327093 0.0202532706298 0.0299426064516 0.00834557816796 0.014696473888 0.0356678441198 0.0375440874998 0.027815330226 0.0153916812741 0.00690154059561 0.0127973790612 0.0302244199782 0.0140597006467 0.0408062962614 0.0199991410867 0.00651928139238 0.00684020205595 
0.0099883711159 0.00685214449007 0.00347060117588 -0.00384648954651 0.00679749062221 -0.00246836947333 0.0158013576446 0.00846875765292 0.0416720284037 -0.00450327762026 -0.000843369111163 0.0139459665732 0.00202474882473 -0.0101693974618 0.0157579901876 -0.000413366377506 0.0214236902698 0.0162975725986 0.0180796947328 0.220215129576 0.00331041451706 -0.00466091491432 0.0243192521763 0.026839826338 0.0113594642193 0.0584004998201 0.0157296452952 0.0568661900033 0.00874623750931 0.00652624088044 0.0160968496969 0.0377090179326 0.0122504749102 0.00538119428601 0.0203179870955 0.000423630704021 0.0202757653192 0.0149965147632 0.0344054443963 0.0153015923619 0.00457809438106 0.0144777914427 -0.0011892481177 0.00110555722043 0.0112133482333 0.0168179780467 0.0159859734108 0.00900237059817 0.0226256809616 0.0377584911003 0.0233303150109 0.0198312278016 0.0178121635335 0.00991929700891 0.0163091516496 0.0122230334096 0.0380645939484 0.020728904294 -0.00665982946333 0.00118253015981 
0.0100023621484 0.0114413266406 0.002838791675 0.0250859503947 0.017280658637 0.0140281376406 0.0352278100693 0.00628924853228 0.0106275062149 0.0352299249677 0.00184988295246 0.0455161996941 0.0207696252812 0.0303107775216 0.0111945250712 0.0334325919151 0.00738028891638 0.00987297749855 0.029552161644 0.00331041451706 0.241872564008 0.0207319142244 0.0276204126035 -0.0020767068865 0.021280516548 -0.00074129184933 0.0146379231925 0.00288200037907 0.0105522774986 0.0201577676127 0.0200628203222 0.0314015200312 0.0199032893315 0.0336560870528 0.0367534809369 0.00458442463941 -0.00438153236645 0.0166973054716 0.0271327761899 0.00220096827946 0.0252176139382 0.0134962897771 0.0240098092713 0.0229029505395 0.0140680032898 0.0314024636545 0.0123982505082 0.0174900934206 0.0235358689251 -0.00698465139603 0.0166173058198 0.0217779456928 0.0182614205348 0.0164221448499 0.0120941370127 -0.0102439760328 0.0169010882042 0.0173408859866 0.0209298826375 0.0186941173219 
0.0109800200595 -0.0072868371121 0.00797413308164 0.00419142962019 0.0081920322623 0.00486466760096 0.0108619678474 -0.0125338100224 0.00136847748426 0.00201047899247 0.0028967482873 -0.0255691856655 0.014839828785 0.0116392896951 0.0167678582156 -0.00409046685986 0.00853005434712 0.011740577247 0.00366218486162 -0.00466091491432 0.0207319142244 0.532946745271 0.00375758651319 0.0119767047518 -0.00391789087779 0.00254035851326 0.00417240512799 -0.000986828390351 0.00919909833376 0.0166491110926 0.00190091067855 -0.00635615447472 -0.00469476130719 0.00434944593335 0.00551749406249 -0.0112591411176 0.000661427765126 0.0149951945739 0.0136648329914 0.00222579992453 0.0155813939498 -0.00647105032604 0.0192653415283 0.0183994843658 0.0141465712668 0.0195875067681 -0.0106641395932 0.0160888092841 -0.00229214019776 0.00528071535954 0.0127012062496 0.0152807380336 0.0218590431587 0.00462620795497 0.0222062783211 0.0101436690488 0.00447709641175 0.0150326696106 0.0107288789876 0.00742925432705 
0.0102805771622 0.00919613191838 0.0134230001273 0.00735344408108 0.0102697303182 -0.000256635334491 0.0118190533749 0.0192467114372 0.0064690612559 0.0275311580743 0.00718645217371 0.0308863808382 0.013069394543 -0.00377887617409 0.00546571094256 -0.00221952461522 0.035989472809 0.0163083202181 0.0137100565568 0.0243192521763 0.0276204126035 0.00375758651319 0.232134213498 0.0234808707509 0.0254813913662 0.0243458797663 0.0360250710117 0.0150571954371 0.00548537174749 0.00949147795882 0.0213244217787 0.0211763455445 0.0276756174912 0.0171480109317 0.0213431398081 0.0403947795386 -0.00497725432394 0.000809120276062 0.0214749346167 0.036853456309 0.0338985300338 -0.000365684429275 0.00463178502833 0.0129507345384 0.00516795774174 0.0133198317008 0.0162477458327 0.0181425205018 0.0127514136559 0.0219116765865 0.0403141698153 0.0147859653737 0.00919628123851 0.00448512558666 0.0127223612748 0.000977197895084 0.0212972455628 0.0240053212708 0.0407381073823 -0.00416396747462 
0.00597921352135 0.0124769850043 0.0112006893463 0.0108714660863 0.0113887767627 -0.000537239466716 0.00902776280306 0.0186874702503 0.0199040957845 0.00528570741506 0.00679296721911 0.0117617203099 0.00202398937082 0.00920593686663 0.00186439364102 0.0119147633804 0.00882976634821 -0.00208249352376 0.0126891027616 0.026839826338 -0.0020767068865 0.0119767047518 0.0234808707509 0.498187214141 0.00546911642588 0.0155904886939 0.00363770998017 0.0168315429956 0.0145543709189 0.0115279813346 0.00640647559711 0.0106506823358 0.0146771054874 0.0109078364503 0.00989739375017 0.0322749084809 0.0066343340276 -0.00380768163772 0.0237197084542 0.0231756673932 0.0056525015757 0.00926194083716 0.000467124768173 -0.0110451628287 0.00948973723034 -0.00251249350148 0.013639929601 -0.00320492504197 -0.00210141221183 0.0288558651035 0.00842477551211 0.00627383601519 0.00234919004181 0.0257164439072 -0.0100451317853 0.0196455626054 0.0358387781925 0.00579100293281 0.00596713632169 0.00669016023345 
-0.00677194324974 0.0265544773673 0.00870145137131 0.0137243872439 0.0207839757219 0.00835651944616 0.0180602033276 0.0203021245966 0.0156242712565 0.0353121737299 0.00341671385445 0.0185152144502 0.0252571498356 0.0108464989556 0.010037626155 0.0145694908574 0.00486242712648 0.0230746814201 0.00490293934096 0.0113594642193 0.021280516548 -0.00391789087779 0.0254813913662 0.00546911642588 0.219070031952 0.00862097525349 0.0270102107785 0.00865172168688 0.00721656679132 0.0218231644102 0.0206293287491 0.0497161966037 0.0133589915431 0.0204699030702 0.0157358485034 0.00527005654189 0.016605566502 0.0335320141332 0.00561841150542 0.00126390973807 0.035643892738 -0.00217743856864 0.0507947909746 0.00781315377701 0.0122324441654 0.0195132470078 6.14661320717e-06 0.0179384947421 0.0140438469847 0.0151180920281 0.00757934752993 0.0141610569937 0.0127382171757 0.0503656526194 0.0134894164117 0.0491406575819 0.0167132514454 0.000800724257398 0.00838639066243 0.0199549151457 
-0.00633681015731 0.0286741843154 0.00476729467383 0.0134674210734 0.0115511705855 0.0282372668155 0.0106396667004 0.00670556495703 0.0363231462817 0.01301086524 -0.0041000415684 0.00664634712142 -0.000707383651079 0.00630685701066 0.0063471750615 0.00700190289828 0.0246383002821 0.0156107241135 0.0236506866939 0.0584004998201 -0.000741291849332 0.00254035851326 0.0243458797663 0.0155904886939 0.00862097525349 0.253792368692 0.00952631443705 0.0585185077857 0.0040984860044 0.00110489692956 0.0114551133798 0.020138472698 0.0291320923859 -0.00860731871354 0.0231029533395 0.0157549147194 0.00203323029825 0.0194946866565 0.0219194814429 0.00421267215212 0.0196556525356 0.00650940858649 0.016498428052 0.00561089044134 0.0278393058697 0.0279340565572 0.015276269883 0.0139696897105 0.0134523298165 0.0576570522632 0.0222575971144 0.0272503224945 -0.00596047258324 0.0191694295126 0.0147693044496 0.0144651217258 0.0264546340157 0.0087910722312 0.0205958591413 0.00823733245887 
0.00942992797974 0.00255705899186 0.0104182195527 0.01454281324 0.00833469109313 0.0100124887737 0.0208715844429 0.0107856390503 0.00499132309425 0.00932849920327 0.029801961734 -0.00773708680958 0.0147193870571 0.0158873231114 0.00980173744884 0.00950999270512 0.0126572857095 0.0110036636814 0.0114918398933 0.0157296452952 0.0146379231925 0.00417240512799 0.0360250710117 0.00363770998017 0.0270102107785 0.00952631443705 0.309758632349 0.00288760467881 0.0170106149789 0.0137015118168 0.0180716324677 0.0157456062417 0.0199771287906 0.0207047737562 0.014727226918 0.0176193507846 0.0247847779732 0.00903904549837 0.0263993814823 -0.000812317632541 0.015950609045 -0.00331147202202 0.00889955724315 0.00542009361958 0.00414500850627 0.0257327334249 0.0130696970797 0.00639813241747 0.00739353728336 0.0258891711636 0.00677106929941 -0.00511911636836 0.0294911553166 0.0148028657474 -0.00293874299604 0.015046817882 0.0214586955199 0.0157028592663 0.0211815743072 -0.00371039861438 
0.0122087533361 0.0257542613502 0.00479515609003 0.00836945248934 0.00586180421441 0.00996323716882 0.00999265471751 -0.00118794400955 0.042637320029 0.0046182257995 0.0109991644861 0.0180831423675 0.0131175481107 0.000718523327448 0.0070804695918 0.0148831065835 0.0139996395079 0.00409012458187 0.0027121512519 0.0568661900033 0.00288200037908 -0.000986828390352 0.0150571954371 0.0168315429956 0.00865172168688 0.0585185077857 0.00288760467881 0.189277898791 0.00960258462501 0.00870623017333 0.01010629981 0.028728277963 0.0214503535067 0.0170333359867 0.014737721463 0.0146072798405 0.0140470992581 0.00906275522524 0.0112926505455 0.0144940737669 0.00636675196286 0.0169802204523 0.00946801906615 0.00453917043437 0.0162146286301 0.0186701526813 0.0136026897711 0.0162209419297 0.0146743259828 0.026445499332 -0.00746484389207 0.0262429593795 0.0105895043406 0.00959302720671 0.00977310622335 0.0179972014163 0.0177340986961 0.025723416861 0.00670141467361 0.00394572877957 
0.0131128230128 0.0235544624307 0.00470894129334 0.00743404619167 0.00242335794529 0.0141212571938 0.0179184937562 0.024006672713 0.0131773955585 0.00116338993789 0.0136294326092 0.00623723564977 0.0203073703082 0.020909544422 0.00231290967129 0.011051189798 0.0101500151988 0.000172124285737 0.0159858242616 0.00874623750931 0.0105522774986 0.00919909833376 0.00548537174749 0.0145543709189 0.00721656679132 0.0040984860044 0.0170106149789 0.00960258462501 0.207677461583 0.00904648904262 0.0176429143629 0.012503726625 0.0216905210657 0.00604842541246 0.0118927446175 0.00500721969112 0.00303162585919 0.00356991988865 0.00978292488137 0.00759634539018 0.0184260042201 0.0195794882006 0.0178896710664 0.000978416568723 0.0142460230812 0.0216464077569 0.0124909943042 0.0167355067675 0.0130622853296 0.014385277588 0.0118318213455 0.0208064562853 0.0140486546133 0.0116130529778 -0.000127575581143 0.00637777111021 0.0135105427687 0.0264345184347 0.0154563332826 0.0217729476111 
0.00879934848593 0.00931869454776 0.00861084525406 0.0117041450201 0.00800989179291 0.0249494433305 0.00361070918174 0.0252861441787 0.0184879374797 0.0120412519296 0.0167446339116 0.0341254989046 0.0219148603593 0.0108568664867 0.00517485703965 0.0137718707575 0.00640644137368 0.0133215044705 0.0262252923281 0.00652624088044 0.0201577676127 0.0166491110926 0.00949147795882 0.0115279813346 0.0218231644102 0.00110489692956 0.0137015118168 0.00870623017333 0.00904648904262 0.231256878012 0.0288203048117 0.0272431041388 0.0201185064579 -0.00331354010425 0.0132316369828 0.0213589368117 0.0241536226619 0.0119795461561 0.0160139988162 -0.0115812829683 0.0114222899969 0.00230155014266 0.00641499886847 0.0105574269699 -0.00347267970242 0.00713702132818 0.018338317705 0.0215454017469 0.0125338109763 -0.00349211161289 0.0104032428364 0.00668853004126 0.00872937478519 0.00389311997064 0.0349334590454 0.00254878703243 -0.00828331799531 0.0252786425673 0.00514444519819 0.0245509139447 
0.00126758368156 0.00505425143485 0.010278756621 0.0219961538403 0.0137009388014 0.021883300605 0.013745980114 0.0330893817913 0.0137431190305 0.018610432842 -0.00249461454963 0.0239241575657 0.0093034762598 0.0243485482346 0.00160828738793 0.0147284486102 0.0310171326238 0.00926687826136 0.0217011482728 0.0160968496969 0.0200628203222 0.00190091067855 0.0213244217787 0.00640647559711 0.0206293287491 0.0114551133798 0.0180716324677 0.01010629981 0.0176429143629 0.0288203048117 0.200590062876 0.028950312709 0.0150059916807 0.0275477337787 0.00547789187086 0.0130378070314 0.0128522005616 0.0122035790821 0.0104183775175 0.0106166377378 0.0163740194181 0.00120211918987 -0.00405160627742 0.0114863894953 0.00691604205382 0.0225953411224 0.0111148893781 0.0253489686434 0.00710922790445 0.0032130505612 0.0124409072391 0.0170312412143 0.0233555781211 0.0105180185966 0.0212716548137 0.0167460926445 0.0185344430488 0.0266490840283 0.0176121749803 0.0229400954402 
0.00504011010423 0.0156346158377 0.00827462826243 0.0299312567032 0.0232171111837 0.0293988526474 0.0197432107801 0.0330956143451 0.0134197475966 0.0418915701114 0.0040826051639 0.0591420233148 0.0180136837382 0.0148878405068 0.00922535341498 0.0233482684442 0.0223598464114 0.030535207828 0.0234937954296 0.0377090179326 0.0314015200312 -0.00635615447472 0.0211763455445 0.0106506823358 0.0497161966037 0.020138472698 0.0157456062417 0.028728277963 0.012503726625 0.0272431041388 0.028950312709 0.269758539681 0.0353736854783 0.0618148574416 0.0245471513514 0.018845499558 0.018195431769 0.0247632063412 0.0359722352885 0.00334710042241 0.0348222591635 -0.00422257520293 0.00947880116806 0.0214954932009 0.0233278675946 0.0328907697692 0.0132848060377 0.0274345977943 0.0214328814956 0.0203590927036 0.0136951805644 0.0334822226553 0.0118298772913 0.0222089538148 0.0146973999386 0.0448948217226 0.0127791199499 0.0310388905417 0.00846761361224 0.0404163891605 
0.0123233522348 0.0170293605534 0.00558466761962 0.0282146267583 0.0176489758429 0.0220860493383 0.023549907764 0.0228277191908 0.0208034038492 0.0434058007276 0.00392378795927 0.0160713760317 0.0163614488689 0.00900939771115 0.0136940085003 0.0216059903291 0.054613305248 0.0311640991919 0.0260003913618 0.0122504749102 0.0199032893315 -0.00469476130719 0.0276756174912 0.0146771054874 0.0133589915431 0.0291320923859 0.0199771287906 0.0214503535068 0.0216905210657 0.0201185064579 0.0150059916807 0.0353736854783 0.219740585257 0.0313704044279 0.0316140119776 0.00300067264163 0.0121488695513 0.0205982491467 0.0465500795107 0.000302868092205 0.0137376322761 0.00751491929171 0.0123779931324 -0.00232635671344 0.0248063744674 0.0250020796635 0.00561473612168 0.00882938350034 0.0384568440426 0.0159893460916 0.0176541292395 0.0235595240542 0.0249305069231 0.0154597358083 0.0219434051815 0.0151883726242 0.0181511094985 0.0306316168764 0.0294304094481 0.00336730885069 
0.00495552633459 0.0238555749303 0.00914347842307 0.0302694473313 0.0147745106973 0.0547272732392 0.022240079413 0.0238818253111 0.0211364472456 0.0454122275394 -0.000288295078311 0.0142038967632 0.0265788771873 0.0345083761284 -0.00153374738292 0.0178438343193 0.0135498702784 0.0282763906963 0.0283725977075 0.00538119428601 0.0336560870528 0.00434944593335 0.0171480109317 0.0109078364503 0.0204699030702 -0.00860731871354 0.0207047737562 0.0170333359867 0.00604842541246 -0.00331354010425 0.0275477337787 0.0618148574416 0.0313704044279 0.568042988532 0.0122242494329 0.0208940487067 0.00185794692766 0.0220529904497 0.0300156933265 -0.000981414205975 0.00704855972967 -0.00439632326261 0.0104816783016 0.0267079263396 0.063525408268 0.0390377978668 -0.00944058220166 0.0315344935683 -0.0164383932699 -0.00082543001577 0.0194911915341 0.00914580191345 0.0221069636998 0.0216549461958 0.0192608982678 0.0305462103755 -0.011443328598 0.0172453550478 0.0407017386387 0.0540374486395 
-0.00349458083488 0.000783484315668 -0.00807622357296 0.00466688508666 0.0108773983709 0.0176284659539 0.037345678934 0.0178269994868 0.0177375614364 0.0318458259313 0.00619333431168 0.0104939211418 0.0248039908041 0.0132872793232 0.0144621661563 0.0174113316061 0.0154230349526 0.0069176372204 0.023469467073 0.0203179870955 0.0367534809369 0.00551749406249 0.0213431398081 0.00989739375017 0.0157358485034 0.0231029533395 0.014727226918 0.014737721463 0.0118927446175 0.0132316369828 0.00547789187086 0.0245471513514 0.0316140119776 0.0122242494329 0.165110350186 0.00381888191304 0.0168925185413 0.0163801396838 0.0216733917123 0.00449811303924 0.00970325460412 0.00128463909308 0.00573287404348 0.0120313301379 0.0123411618895 0.0348097575913 0.0180645825832 0.00070278341255 0.00747328310572 -0.00265075703084 0.00330577177682 0.00334262143922 0.0113504508748 0.0206078844784 0.0208963026879 0.0131330713962 0.0254447019199 0.0124841765673 0.0161654646367 0.0155733730852 
0.00767693220677 -0.00319939007459 0.0145959993025 -0.00137836454374 0.000495650284148 0.00929194026874 0.014654601258 0.0130021496371 0.00708729228191 0.00446809251152 0.00221043561476 0.00467458998291 0.0249276218629 -0.00193039210774 0.00431990851468 0.012277934445 0.00802944694466 0.0196227510092 0.00687041039516 0.000423630704021 0.00458442463941 -0.0112591411176 0.0403947795386 0.0322749084809 0.00527005654189 0.0157549147194 0.0176193507846 0.0146072798405 0.00500721969112 0.0213589368117 0.0130378070314 0.018845499558 0.00300067264163 0.0208940487067 0.00381888191304 0.363772603167 0.00378665206644 0.00638378537305 0.0208723659942 0.01150110868 0.0237232567807 -0.000820103354444 0.000257983666018 -0.00152726020097 0.0101332111531 0.00531485584902 0.00184773064496 0.017062300208 0.0110823007441 0.0165161249015 0.032570742035 0.0199099558243 0.00794773963003 0.0161152001618 0.0281240718115 0.00414317811604 0.0568105503314 -0.0128075574441 0.0196078419559 0.00270546364365 
0.00548853466429 0.00884699427286 0.0183236245915 0.00641967943555 0.00174768850132 0.0606430200056 -0.00310468865444 0.0127149703265 0.00449033981604 0.0481072405118 0.0266574309702 0.0308382765659 0.052809373384 0.000842368893892 0.0147313315929 -0.0196251985712 -0.00529124880159 -0.00358408564759 0.0163283680497 0.0202757653192 -0.00438153236645 0.000661427765126 -0.00497725432394 0.0066343340276 0.016605566502 0.00203323029825 0.0247847779732 0.0140470992581 0.00303162585919 0.0241536226619 0.0128522005616 0.018195431769 0.0121488695513 0.00185794692766 0.0168925185413 0.00378665206644 0.923555121681 0.0221681781652 0.00282400915703 0.0067657180416 -0.00647916542637 -0.00493431462719 -0.00290479866399 -0.00805052007646 0.00750486212879 0.00992445340374 0.0574503123065 0.0221587109288 0.0127197425063 -0.00451686967484 0.0040796349701 0.00892373747682 0.0071337356178 0.0115805049766 0.00906465119047 0.0212552718233 0.00641369034765 -0.008642516518 -0.00376396208105 0.0176002509544 
0.00770878779542 0.00650675669622 0.00743439386326 0.0244846176525 0.0161266137568 0.0413979729082 0.0147083087703 0.0221375108215 0.0152919158254 0.0161200144959 0.00975920278575 0.0332379373779 0.0150198972664 0.00384125676906 0.00909621068596 0.0343536298956 0.0123392767758 0.0214471604341 0.00937591658896 0.0149965147632 0.0166973054716 0.0149951945739 0.000809120276062 -0.00380768163772 0.0335320141332 0.0194946866565 0.00903904549837 0.00906275522524 0.00356991988865 0.0119795461561 0.0122035790821 0.0247632063412 0.0205982491467 0.0220529904497 0.0163801396838 0.00638378537305 0.0221681781652 0.154921221975 0.00907254529527 -0.00920651138649 0.022764156559 -0.0019905370713 0.0277302901688 0.00470166070018 -0.00123256776282 0.0252333893725 0.00599382904796 0.0132528515696 0.0155659495219 0.0233664476389 0.0110012052552 0.0100019662478 0.0024704971412 0.0421514089492 0.0136227573921 0.0232155663764 0.000500160463974 0.0016643555657 0.018646183553 0.0153538221691 
0.00350747793398 0.0278954071275 -0.00395060475067 0.0367807319219 0.0287524559391 0.0195434538568 0.0218620997205 0.0385402392774 0.0166299716372 0.0347421898139 -0.0051995316908 0.0311404828149 0.0248713955749 0.0246642737511 0.0188930112098 0.0130298250842 0.146211702342 0.0118904151662 -0.000720029845763 0.0344054443963 0.0271327761899 0.0136648329914 0.0214749346167 0.0237197084542 0.00561841150542 0.0219194814429 0.0263993814823 0.0112926505455 0.00978292488137 0.0160139988162 0.0104183775175 0.0359722352885 0.0465500795107 0.0300156933265 0.0216733917123 0.0208723659942 0.00282400915703 0.00907254529527 0.547781880152 0.00685013231373 0.0508753244441 0.00425310545185 0.0157663193868 0.0114590901668 0.0574948660964 0.0159742181047 0.0139528121201 0.0626821405108 0.0128598952928 0.0251038145606 0.0454567061067 0.0101347818102 0.0302503730545 -0.000553328246512 0.0224950134685 0.0226279781372 0.0311046408316 0.0353023544459 0.0347095420231 0.0241669388683 
