20
0.0678674292734 0.0499472002084 0.0766878163077 0.0722101641432 0.0197813299257 0.0700025840065 0.0272516352802 0.0271794955288 0.0215013837744 0.0383245101253 0.0512444991133 0.0362094771936 0.0155341374053 0.112290577846 0.0253425298527 0.0479675113811 0.0396221554001 0.0210054402465 0.101481112582 0.0123991351417 
0.409339518022 0.0198454134383 0.055200975804 0.0418792847178 0.016899431269 0.0303076927656 0.0205673996958 0.0240128185449 0.0374690457805 0.0530932170359 0.0242097340182 0.0614746297952 0.0198101606859 0.0453633745851 0.0265794002594 0.0325408863685 0.0291638805108 0.00530023357071 0.0453657041071 0.0134523596124 
0.0198454134383 0.355149436228 0.0213456172103 0.0110735425507 0.0151348630672 0.107789596562 0.0216599156626 0.0460989990283 0.0153303295168 0.00879287937868 0.0199074847538 0.0165423337639 0.00909034955181 0.00397815902924 0.0502840826637 0.0091944495825 0.012279187837 0.00389663466499 0.0273570413159 0.0179250204829 
0.055200975804 0.0213456172103 0.468540887113 0.0537686239806 0.0117477305779 0.0254765250405 0.0124457301548 0.0064552009711 0.092472149405 0.0312202336733 0.0460542622306 0.0439250442673 0.00232604388367 0.0751201625575 0.0330003071033 0.0115223279321 0.0358112877197 0.0145003035947 0.0264803463119 0.01982042213 
0.0418792847178 0.0110735425507 0.0537686239806 0.344729851579 0.0123835214007 0.0206144607336 0.00595517941878 0.0231362441063 0.0347433902363 0.0346387184848 0.0503189524918 0.0199145381916 0.0141180766153 0.0560814022186 0.0158870013375 0.0213167445454 0.0265169529755 0.000894646216279 -0.00536037199617 0.0148120380395 
0.016899431269 0.0151348630672 0.0117477305779 0.0123835214007 0.156512446523 -0.000989536088778 0.0125726696159 0.022895247227 0.0128760907589 0.0337502323313 -0.000594319739564 0.0341149343267 0.0188349422807 0.00676297994445 0.00845051276291 0.012080786651 0.0459108403525 0.011086756981 0.00697280162708 0.00899583650076 
0.0303076927656 0.107789596562 0.0254765250405 0.0206144607336 -0.000989536088777 0.312933258792 0.00753969536128 0.0442259596694 0.0127244177699 0.00105609544487 0.00148420375954 0.0126748516622 0.00501121930707 0.0178756827685 0.0212947322735 0.0140205131594 0.0134256225108 0.0101083718211 0.0224044438669 0.0117802598706 
0.0205673996958 0.0216599156626 0.0124457301548 0.00595517941878 0.0125726696159 0.00753969536128 0.231791922293 0.00803326264518 0.0121843134425 0.0260007527712 0.00598822584965 0.021897362632 -0.00330509201694 0.0138502624104 0.00479248751939 0.0205127758431 0.00889965739459 0.00813649566597 0.00413888022181 0.0212137010535 
0.0240128185449 0.0460989990283 0.0064552009711 0.0231362441063 0.022895247227 0.0442259596694 0.00803326264518 0.233613745923 0.0181738144005 0.0113702135022 0.0121470111003 0.0208892810941 0.00697033005672 0.0112682759477 0.0294556929504 0.00895821883008 0.0293979140019 0.00751583100628 0.0107181689015 0.0111457839224 
0.0374690457805 0.0153303295168 0.092472149405 0.0347433902363 0.0128760907589 0.0127244177699 0.0121843134425 0.0181738144005 0.282708333795 0.0209541091719 0.0204262447291 0.0227705002471 0.0139788216365 0.0286094268835 0.033285851314 0.0155111336215 0.0258708398481 0.0203052197289 0.0262289221943 0.0305939603531 
0.0530932170359 0.00879287937868 0.0312202336733 0.0346387184848 0.0337502323313 0.00105609544487 0.0260007527712 0.0113702135022 0.0209541091719 0.342397527963 0.0280879577204 0.0240638723452 0.0158285296989 0.031595991688 0.0136658287905 0.0307414882182 0.0276032185947 0.00619172500572 0.0114261618998 0.0190065376641 
0.0242097340182 0.0199074847538 0.0460542622306 0.0503189524918 -0.000594319739564 0.00148420375954 0.00598822584965 0.0121470111003 0.0204262447291 0.0280879577204 0.280330361634 0.0389597983628 -0.00116070825682 0.0523881998966 0.0109034404267 0.0510980105997 0.0249500473485 -0.00644623873526 0.00832480560512 0.0149167498155 
0.0614746297952 0.0165423337639 0.0439250442673 0.0199145381916 0.0341149343267 0.0126748516622 0.021897362632 0.0208892810941 0.0227705002471 0.0240638723452 0.0389597983628 0.258092256758 0.0185204734565 0.0187494930651 0.0232823993893 0.0331838713429 0.0501724899929 0.00577091116514 0.00797595725196 0.0164389293289 
0.0198101606859 0.00909034955181 0.00232604388367 0.0141180766153 0.0188349422807 0.00501121930707 -0.00330509201694 0.00697033005672 0.0139788216365 0.0158285296989 -0.00116070825682 0.0185204734565 0.193446757573 0.0310324004244 0.00999167153075 0.00573956479461 0.0101660141423 0.00611315319489 0.0102933963691 0.0114360607429 
0.0453633745851 0.00397815902924 0.0751201625575 0.0560814022186 0.00676297994445 0.0178756827685 0.0138502624104 0.0112682759477 0.0286094268835 0.031595991688 0.0523881998966 0.0187494930651 0.0310324004244 0.511882500172 0.00759699575775 0.0604230064882 0.0143062181481 -0.00334526404136 0.030057792752 0.0145272819234 
0.0265794002594 0.0502840826637 0.0330003071033 0.0158870013375 0.00845051276291 0.0212947322735 0.00479248751939 0.0294556929504 0.033285851314 0.0136658287905 0.0109034404267 0.0232823993893 0.00999167153075 0.00759699575775 0.194542898977 0.019304102637 0.0257355945733 0.0176354073529 0.0157904752046 0.0155062053495 
0.0325408863685 0.0091944495825 0.0115223279321 0.0213167445454 0.012080786651 0.0140205131594 0.0205127758431 0.00895821883008 0.0155111336215 0.0307414882182 0.0510980105997 0.0331838713429 0.00573956479461 0.0604230064882 0.019304102637 0.348266327402 0.0285822401148 0.0137813500383 -0.00119667649493 0.0330329251751 
0.0291638805108 0.012279187837 0.0358112877197 0.0265169529755 0.0459108403525 0.0134256225108 0.00889965739459 0.0293979140019 0.0258708398481 0.0276032185947 0.0249500473485 0.0501724899929 0.0101660141423 0.0143062181481 0.0257355945733 0.0285822401148 0.19237157202 0.0204780055357 -0.000882018076168 0.0164750599946 
0.00530023357071 0.00389663466499 0.0145003035947 0.000894646216279 0.011086756981 0.0101083718211 0.00813649566597 0.00751583100628 0.0203052197289 0.00619172500572 -0.00644623873526 0.00577091116514 0.00611315319489 -0.00334526404136 0.0176354073529 0.0137813500383 0.0204780055357 0.136476656877 -0.00464777506104 0.0103883280472 
0.0453657041071 0.0273570413159 0.0264803463119 -0.00536037199617 0.00697280162708 0.0224044438669 0.00413888022181 0.0107181689015 0.0262289221943 0.0114261618998 0.00832480560512 0.00797595725196 0.0102933963691 0.030057792752 0.0157904752046 -0.00119667649493 -0.000882018076168 -0.00464777506104 0.927624443437 -0.00172783343037 
0.0134523596124 0.0179250204829 0.01982042213 0.0148120380395 0.00899583650076 0.0117802598706 0.0212137010535 0.0111457839224 0.0305939603531 0.0190065376641 0.0149167498155 0.0164389293289 0.0114360607429 0.0145272819234 0.0155062053495 0.0330329251751 0.0164750599946 0.0103883280472 -0.00172783343037 0.196699760479 

['FD', 'PFE', 'KLAC', 'CSX', 'USB', 'MRK', 'OMC', 'WYE', 'INTC', 'BBBY', 'TIN', 'BK', 'MDP', 'NE', 'LLY', 'SWK', 'CBSS', 'PEP', 'CSCO', 'TWX']