60
0.0952892642352 0.0378808118353 0.0784336943662 0.0878126089614 0.0396221554001 0.0739523233915 0.0391901687574 0.090319564185 0.0373994541978 0.0693656588129 0.199130076205 0.0698927007 0.0220203869342 0.0341115490789 0.0151091702759 0.0355019489908 0.0130713531851 0.023015295127 0.123612909007 0.0210054402465 0.0970140476379 0.0231877092109 0.112290577846 0.039970875035 0.0335830315084 0.0191748751409 0.0254946283421 0.0549811443135 0.0704019073317 0.0412963652708 0.0629738483482 0.0054327763703 0.0466468708745 0.0534443631468 0.0831725949645 0.0316848802341 0.0437869579852 0.110783759143 0.0785675118811 0.078059567066 0.0484031048171 0.0896788789081 0.192324736986 0.0690415105338 0.0314514366364 0.166074759161 0.0692922129373 0.0131635076039 0.0753619397022 0.0253746335001 0.0512444991133 0.0197813299257 0.0297585566085 0.0725669815102 0.0248078828137 0.0766878163077 0.066200000993 0.116988452624 0.079223051944 0.0206012582373 
0.503097571935 0.0157562378298 0.00414134001532 0.0226164713143 0.0204985944006 0.0112366144958 0.025192948689 0.00595315628295 0.00438152755 -0.00430567915584 0.0239930327453 0.0146686519536 0.0188621136213 -0.00609637123843 -0.00274727163314 0.0188963519281 0.00170892924992 0.0107913452794 -0.0157671014288 0.00120657427852 0.0258956391578 -0.000851355068631 0.0213587172868 0.0155155288005 0.00715761270565 0.015213617044 0.0129487014118 -0.00142250637393 0.0128575560105 0.0101613457525 -0.00635548638559 0.00336884432614 -0.00289535759276 0.0186489934382 0.0713066857784 0.0140841830594 0.000172110397509 0.00582963589578 0.060538854606 -0.00244396149999 0.0204900458959 0.0293097263233 0.0304302262367 0.0161291565491 0.0145151688563 0.00255104783724 0.0123869238641 0.00333105122116 0.020344953992 0.0148002420797 0.00731794129568 0.00994878545553 0.017139894419 0.0115583426359 0.00750005831975 0.029282419123 0.00980188160429 0.00926804738692 0.0217267336908 0.0209848365386 
0.0157562378298 0.187086417612 0.00423737857602 0.00888215599319 0.0218727246612 0.0201259494271 0.0163345984814 0.00727339362723 0.0246599796905 0.00870235199867 0.0118739087373 0.0198452130343 0.0217859545891 0.00932645475452 0.00290996973188 0.00501999501099 0.0135105153801 0.0230345693083 0.00473529001782 0.005054140952 0.0243106616316 0.0121287051975 0.00727738404651 0.0150884856042 0.0150584994304 0.0224974610238 0.0163314123589 0.00397585581615 0.0214278297574 0.0162337132264 -0.000970872492804 0.00376051619639 0.0138009951656 0.0123981374516 0.0223131524365 0.0200874644215 0.0161790357072 0.0226529705659 0.000617936857785 0.0233484843471 0.0296600913229 0.029887051151 0.0260752438144 0.032202423174 0.0369917021813 0.0308023098018 0.00405011311169 0.0110865125695 0.00653864995415 0.0154794207619 0.0172623344251 0.018085785994 0.0189531009199 0.0227540355053 0.0213307223901 0.0102565216639 0.00982067423888 0.00960695353885 0.00359526554729 0.0234750999917 
0.00414134001532 0.00423737857602 0.36122339748 -0.00668299640739 0.00657726691004 0.0454979338856 0.000260967357097 0.0388858583231 0.0223612136346 0.0300293109577 0.00445108852904 0.0184677611491 0.00434414415348 0.00670166724884 0.0104797679817 0.0201034534637 0.00591626852803 0.0235786287788 -0.0210713734179 0.0105494576263 0.0131662497464 -0.0106538623962 0.0190455985186 0.019824135593 0.00895340434136 0.017922263491 0.0105816806551 0.00648881348589 0.0169931172521 0.0177168805649 0.00974560363788 0.0183340695055 0.0257139364977 0.0149232458694 -0.00385221438635 0.00399873153595 0.051209522815 0.0288556758764 0.00650796385961 0.0042281298274 0.00699716342154 -0.0108291252568 0.00145407450352 0.0178680697978 0.0222086490193 -0.00415152910083 0.0185116071509 0.00374162650212 0.00391559965671 0.000690570350466 0.0115339404382 0.00848142291916 0.0185073517928 0.0168325229736 0.00856599252837 0.0147748823735 -0.00334747767711 -0.00251344985133 0.00310141607984 0.0261935371113 
0.0226164713143 0.00888215599319 -0.00668299640739 0.443693015668 0.000940174197008 0.0297655164633 -0.00120606679224 0.0102750454789 0.00627002911506 0.0337285535447 0.0192926759208 0.0824887326897 0.00607644240309 0.0146617585411 0.00890158680968 0.0156084295791 0.00291354919517 0.0119058983975 0.0101566074381 -0.00482388054866 0.0143722173204 0.009700629053 0.0527970880762 0.00787655700691 0.0745858186572 0.00172859376083 0.00541887844494 0.00719366700427 0.0284200198493 0.0083892019975 -0.0188682227175 0.00634756835831 0.00264581611503 0.0140681828709 0.0191815314635 0.00842127831928 -0.00534637635003 0.0397522193519 0.00190964832484 0.0152236688319 0.0176608896941 0.0867333658185 0.0116381275178 0.0318079123533 0.0198306243877 0.0407373324909 0.085230961791 0.0047935285727 -0.00151515950965 0.024898878097 0.0192558624242 0.00308316825458 0.0273222852474 0.0300753138346 0.0196191251838 0.111941554271 0.0131934123961 0.0233018222628 0.000807215099586 -0.00507037480091 
0.0204985944006 0.0218727246612 0.00657726691004 0.000940174197008 0.175491074965 0.000959847011769 0.0107510212084 0.0124133324216 0.0126417020728 0.0113046634859 -0.00201335601424 0.0222848504282 0.0151623457018 0.0145074062683 0.0134558821053 0.0199013473913 0.0241860253315 0.0165829022611 -0.00893837791881 0.0167986764284 0.0338208403757 0.00846898539732 0.00265722925535 0.00851060171272 0.014193633384 0.0210664248609 0.0124565286242 0.0066857455983 0.0307745966643 0.0171352013734 0.00207997288815 0.0139284777703 0.0119022830039 0.00926585529778 0.0139833087295 0.0268729663803 0.0156688648001 0.0286958241883 -0.000268210021125 0.0135656382658 0.0241410462785 0.00950766757855 0.0326724914612 0.023808177008 0.0318984117973 0.0218611735466 0.0185774911595 0.0207114085438 -0.0113299158892 0.0140800707588 0.0152441365465 0.0317670369015 0.0174628972678 0.0343257716926 0.012559197081 0.022634727253 0.0179077903281 0.0100638816053 0.0135809607992 0.0188278079121 
0.0112366144958 0.0201259494271 0.0454979338856 0.0297655164633 0.000959847011769 0.493926630904 0.0110354569085 0.0249560833827 0.0076053848445 0.0177510643178 0.0545190200264 0.0386713781416 0.00674380489605 0.0315400749208 -0.00235157767442 0.0185318187057 0.00911810916489 0.00830855243407 0.0087238451382 0.00216698535444 0.0352792185645 0.00972069878092 0.0170378891749 0.00776700400893 0.024324130485 0.00748251826007 0.025996286591 0.0365675856742 0.0265801296826 0.00213289369308 0.0102741969749 0.0110228790477 0.00723459062663 0.0157419234786 0.0237399579995 0.00532680463231 0.00706423089315 0.0417363328008 0.0347512835847 0.0174919847466 0.00421880255381 0.0334356372128 0.0442697126885 0.0517659771258 0.00990672505504 0.0491769267828 0.0420245038794 0.00996684187645 0.0236185700126 0.0131937086019 0.0205860642532 -0.00394471106192 0.0148808255441 0.0396227820857 0.0194487504906 0.020734399974 0.0131570281617 0.00418004639297 0.0106730589801 0.00970050095988 
0.025192948689 0.0163345984814 0.000260967357096 -0.00120606679224 0.0107510212084 0.0110354569085 0.190798824864 0.0124782994774 0.0141746877108 0.0119392818389 0.00464725644952 0.0268619285671 0.010838654949 -0.00765402105533 0.0152270725308 0.00235711118341 0.00681753597663 -0.00321170785739 -0.0149050438818 0.00293181192038 0.0161553533419 0.00825560022693 0.0205411846042 0.0171316841927 0.00936185344712 0.020970181482 0.0078968311716 -0.00773195641658 0.0169543887305 0.00787599239761 0.0046483801858 0.00210879228353 0.0024269405912 0.0290877861801 0.000835245200838 0.0132753399751 0.0141302927554 0.023074307975 0.0143765791928 0.0121260581281 0.0191316047151 0.0272072689131 0.0148914271271 0.0311732393542 0.00968755358715 0.0311774588425 0.0233669610302 0.0147585631896 0.00572414858507 0.0176711458081 0.0222016401836 0.00841446480624 0.0310906209321 0.00891141617166 0.00327947302506 0.0207044598256 0.0261931755648 0.0115034857974 0.0438983050936 0.0187915744141 
0.00595315628295 0.00727339362723 0.0388858583231 0.0102750454789 0.0124133324216 0.0249560833827 0.0124782994774 0.605400571199 0.0318720529508 0.00995037554434 0.010624190332 0.016271869519 0.025960893078 0.00110151246226 0.020529718208 -0.00262754608054 0.0194971959672 0.0113794593369 0.0224717773627 0.00828893323536 0.0411678706187 0.01547766337 0.0272059514626 0.0159069244669 0.004199907984 0.0190400734124 0.0111063269795 0.00890257685137 0.0157658858241 0.0042572573714 -0.00956333356676 0.0253470064376 0.022965676576 0.0214031232905 0.0246595200579 0.00694640562512 0.00514325156859 0.0388163211913 0.043285284779 0.0241834114576 0.0122520802226 0.0241498522538 0.035676232231 0.0285728944342 0.0186237340685 0.0338099588803 0.00914408803549 0.00668216985994 -0.00254567530705 0.0194546149712 0.0134235813487 0.00887159270598 0.0133636161765 0.035163685719 0.00755555867744 0.0180813101081 0.0421012982504 0.0392263151205 0.0134406821297 0.0152843584427 
0.00438152755 0.0246599796905 0.0223612136346 0.00627002911506 0.0126417020728 0.0076053848445 0.0141746877108 0.0318720529508 0.311124926582 0.0395670710232 0.0101965198528 0.00919633314477 0.0133113636886 0.0176681396939 0.0198678547681 0.0138744818748 0.00802636439466 0.021800737405 0.0106236297224 0.0114176045915 0.044132547395 -0.00845294084184 0.00357248834943 0.017067742674 0.000753772539653 0.02231958341 -0.000754403189237 0.0151736832901 0.0211586041585 0.0125619477985 0.00774176778477 0.00892921718575 0.0320581424 0.021352994715 0.0261001076043 0.0095003023157 0.0151138637236 0.027440394217 0.0110747802543 0.0288687814262 0.0299265617918 -0.00288495033887 0.0261894818442 0.0151689370234 0.0166279587519 0.0339810375003 0.0134234378869 0.00723183120619 0.0125241043831 0.0246371190515 0.0159801663778 0.0119938248159 0.0144490786175 0.0290416163109 0.0053340320421 0.00186459440031 0.0251655496124 0.0151131438212 0.0150734748883 0.000450194158134 
-0.00430567915584 0.00870235199867 0.0300293109577 0.0337285535447 0.0113046634859 0.0177510643178 0.0119392818389 0.00995037554434 0.0395670710232 0.379142960526 0.00861938124684 0.0200642349349 0.0174192287837 0.0140690903685 0.0122680660656 0.0212990636971 0.000231900710318 0.00794356156244 0.00329133264215 0.0100757628216 0.0318034539811 0.00761010039704 0.0254805424493 0.00372850329132 0.0370687147791 0.015823575091 0.00461294332301 0.00797157544587 0.02850183352 0.0137741029456 0.00498908446407 0.021128410782 0.0114378178445 0.0184903987015 0.00642905549042 0.0236843815753 0.0150488714033 0.00448561096165 0.00999901059755 0.00130769607653 0.010028837293 0.00776874694827 0.00937038694788 0.01872763108 0.0103292211218 0.013444103387 0.0077828626567 -0.00338781302274 0.00205973948797 0.0279781804152 0.00446333527489 0.00694174034356 0.0140133552171 0.0212756061665 0.0197844917118 0.0324378451519 0.0237598291934 0.0311171434648 0.0191483789092 0.00643891099392 
0.0239930327453 0.0118739087373 0.00445108852904 0.0192926759208 -0.00201335601424 0.0545190200264 0.00464725644952 0.010624190332 0.0101965198528 0.00861938124684 0.573946851022 0.0177203670291 0.00455168717626 0.00453964322865 0.0117029747803 -0.000399582498416 0.0205543141747 0.0170975497671 0.00940196869573 0.00183884535191 0.054638907437 0.005073745858 0.0620529550413 0.0306262835113 0.016237826616 0.00851656291712 0.0119127682223 0.041567651361 0.0487394392104 0.0100587902355 0.038277852999 0.00738194252215 0.000258705312243 0.0107742674286 0.00155429565158 0.0225969010587 0.0342971835945 0.0635923840907 -0.00170818031041 0.0168321497266 0.0258091751798 0.00111549690602 0.201635318131 0.0243942414915 0.0172602186776 0.150405593822 0.0274818569018 0.00686532660401 0.0533613811682 0.0238569773668 0.0376818806442 0.00525225359044 0.0160073049496 0.0373116996462 0.00361028536212 0.0327000820267 -0.000436122685519 0.049516440327 0.000745819980314 0.0231388413066 
0.0146686519536 0.0198452130343 0.0184677611491 0.0824887326897 0.0222848504282 0.0386713781416 0.0268619285671 0.016271869519 0.00919633314477 0.0200642349349 0.0177203670291 0.430079319947 0.0203942971156 -0.00288724600239 0.0144293907068 0.0262635751668 -0.00113015596167 0.0191035574548 -0.0121816182385 0.000516491413088 0.0339211570587 0.00847899517877 0.0152926690854 0.0111621149446 0.0159711812384 0.00804668394932 -0.00440005606324 0.00131257445657 0.0405478492914 0.00295281103414 0.0173468478547 0.0109088735566 0.00757234538111 0.0507918868433 0.0254734997435 0.0236447459124 0.0317583654804 0.0368456692613 0.0143214001649 0.00919862465934 0.00777006097412 0.0317378494814 0.0644023062553 0.0217358490934 0.032077234075 0.0455282292088 0.0236563276158 0.00696765568528 -0.00260233279899 0.0186454167923 0.0172863503118 0.014958334463 0.045650054974 0.0312413463331 -0.00451855955502 0.0379926454412 0.0103589475914 0.0226483895582 0.0308235572961 0.0275439514759 
0.0188621136213 0.0217859545891 0.00434414415348 0.00607644240309 0.0151623457018 0.00674380489605 0.010838654949 0.025960893078 0.0133113636886 0.0174192287837 0.00455168717626 0.0203942971156 0.216257267009 0.019930609809 0.0110824665328 0.0160566892587 0.00426502920051 0.0195805310087 0.0043114659861 0.00843844154854 0.0438846391406 0.020850129296 0.0132869366216 0.02245241461 0.00432093539219 0.0362493595408 0.000208697652722 0.00421688608706 0.0244255533722 0.00950511814524 -0.00327278343203 0.0308957341983 0.00537002300315 0.0115772631043 0.0323817087113 0.0180525889496 0.0140888683054 0.0147396127947 0.0243662562793 0.0218008953105 0.0253534215347 0.0415297099029 0.020002444668 0.0320300324252 0.0239849550309 0.0243950108496 0.0148616107467 0.00845803788281 0.0129885239044 0.017112229619 0.0237264561658 0.0147190366315 0.0257500755042 0.0217376636002 0.00932299113622 0.0326136823584 0.0117869357482 0.0226448469158 0.0097922232186 0.0211133231873 
-0.00609637123843 0.00932645475452 0.00670166724884 0.0146617585411 0.0145074062683 0.0315400749208 -0.00765402105533 0.00110151246226 0.0176681396939 0.0140690903685 0.00453964322865 -0.00288724600239 0.019930609809 0.217786163703 0.00389986313814 0.0161819722645 0.00542610292004 0.00906041753672 0.0397127742484 0.0152968825832 0.0196087950924 0.0251461221302 -0.000265539104868 0.0197220505406 0.0281423480316 0.00639454520568 0.0182840926081 0.00330885559368 0.0142806421782 0.0138121292154 0.00255529964338 0.0100055972651 0.0262979267116 -0.00211019211116 -0.0057726265883 0.0114699149494 0.00315870869385 0.00697083529988 0.0133737750028 0.0130369035751 0.0172708207469 -0.000122819953118 0.0148711231465 0.00277536933394 0.00819674674834 -0.0024269560498 0.015521468589 0.0059730618587 0.000719817852963 0.0147780518205 0.0112411906682 0.00232399580923 0.00306877894642 0.0102825163328 0.0039733645345 0.0165548951097 0.00425523896478 0.0173622487444 0.0182819523344 -0.00213081823371 
-0.00274727163314 0.00290996973188 0.0104797679817 0.00890158680968 0.0134558821053 -0.00235157767442 0.0152270725308 0.020529718208 0.0198678547681 0.0122680660656 0.0117029747803 0.0144293907068 0.0110824665328 0.00389986313814 0.152549359285 0.0213084613097 0.0158528433146 0.0123949031507 -0.0176824977451 0.00767819701758 0.0207547928384 0.00559446568594 -0.000933594409157 0.0138776165771 0.00511713225495 0.0185233970772 0.0131996904267 0.00772367430112 0.012254926774 0.000952155248568 0.00236586660216 0.0149688050988 0.00645922342567 0.0173789992454 -0.00379352280663 0.0056072781221 0.00815522720378 0.0159555584425 -0.000202602191884 0.00145145902279 0.0182704649474 0.0109117986543 0.0146226354172 0.00418354280014 0.00478265513997 0.0093846590967 0.0130746069059 0.0106285718189 0.0075113108607 0.0114057276447 0.0168984045147 0.0110646129301 0.0126524851036 0.00947948869383 0.0149470929638 0.00976945042412 0.0228633292749 0.0150083055867 0.00837379722143 0.0126706744293 
0.0188963519281 0.00501999501099 0.0201034534637 0.0156084295791 0.0199013473913 0.0185318187057 0.00235711118341 -0.00262754608054 0.0138744818748 0.0212990636971 -0.000399582498416 0.0262635751668 0.0160566892587 0.0161819722645 0.0213084613097 0.307148614567 0.00425237691073 0.00798657184108 0.019524389618 0.015854059634 0.0349477650536 -0.00400391814375 0.0149878066089 0.0107443552666 0.0063701524533 0.0169245934064 0.00554308488526 0.0165921780544 0.0158778953948 0.0151750659088 -0.00220643690096 0.016225217833 0.00412924361857 0.00615908628889 0.0528059920667 0.0189903486853 -3.53882815759e-05 0.0108868538919 0.0204591570717 -0.00334613809709 0.00980765309254 0.0308276423746 0.00433885484006 0.00169934971998 0.0181243870499 0.0039525780042 0.0166717532215 0.00310242174706 0.00659600002108 0.0230547515702 0.0240468302842 0.0134340695561 0.0262785992311 0.0190801527817 0.0107408725833 0.030517012414 0.0135834624889 0.00869942598221 0.0218644361674 0.013082099266 
0.00170892924992 0.0135105153801 0.00591626852803 0.00291354919517 0.0241860253315 0.00911810916489 0.00681753597663 0.0194971959672 0.00802636439466 0.000231900710318 0.0205543141747 -0.00113015596167 0.00426502920051 0.00542610292004 0.0158528433146 0.00425237691073 0.129806856607 0.0144354222607 -0.00476003035775 0.0104661843065 0.0169729576716 0.010802744992 0.00839432400275 -0.00179865839376 0.00359900855644 0.0104545062918 0.0386973016701 0.00372235273545 0.0174772353049 0.0140222340473 0.0119902849668 0.00728651350715 0.0368823292362 -0.000109876564137 0.0153158418272 0.0125768682205 0.0171417117473 0.0109678886693 0.00958694761332 0.00180173487828 0.00444091800563 0.0132207686656 0.0217414093033 -0.00092786823995 0.0206526318602 0.0195447237467 0.00506063188829 0.0532763844238 0.0166643383745 0.00484983603518 -0.00155326911163 0.0161193542272 0.0099282307015 0.0161680112703 0.00438071525217 -0.00206485421647 0.0198758244633 0.0053560695731 0.0102138652351 -0.00110196081546 
0.0107913452794 0.0230345693083 0.0235786287788 0.0119058983975 0.0165829022611 0.00830855243407 -0.00321170785739 0.0113794593369 0.021800737405 0.00794356156244 0.0170975497671 0.0191035574548 0.0195805310087 0.00906041753672 0.0123949031507 0.00798657184108 0.0144354222607 0.135354359925 0.00542297091678 0.0104010270008 0.0206940328308 0.0046366774354 0.00213344845264 0.0115629486156 0.0131714507496 0.0175722895148 0.00789652696988 -0.000883316752304 0.0266860832036 0.0216963031308 0.00975687467842 0.0150637812214 0.0100319103471 0.00442854689138 0.0156004334493 0.017801259851 0.0235710865122 0.0167798026611 0.0041577425 0.0167180261346 0.00863516672286 0.00692622243727 0.0200817917201 0.0101033268316 0.0442386603896 0.0188730601247 0.0134924006349 0.01134768239 -0.00562770324681 0.0184853876673 0.0122957241497 0.025348895934 0.00314117387977 0.0232059295906 0.0124843317858 0.0171022322558 0.0185724279948 0.0114483870404 -0.000648121510808 0.0140789907886 
-0.0157671014288 0.00473529001782 -0.0210713734179 0.0101566074381 -0.00893837791881 0.0087238451382 -0.0149050438818 0.0224717773627 0.0106236297224 0.00329133264215 0.00940196869574 -0.0121816182385 0.0043114659861 0.0397127742484 -0.0176824977451 0.019524389618 -0.00476003035775 0.00542297091678 1.04019636455 0.00358499271311 -0.00407483434437 0.0325948057038 0.0373208583919 0.0115004652259 0.00243227015139 -0.00533898457854 -0.00435981214352 0.0214258093177 0.0188806734812 -0.00910298899073 0.0262720957642 0.00316027823301 0.00854813832622 0.00275651804526 0.00401423050036 0.0287485235483 -0.0170307097979 0.0164819522956 0.0270229032531 0.0228982940941 -0.00290341893439 0.0298632512991 0.0124753915723 0.0263866922583 -0.00795584106838 0.019773245072 -0.0193097808768 0.00120100943636 0.0339283168726 -0.00647764827751 -0.00281533315939 -0.000525282225745 0.000437592843538 0.0028289627541 0.00908491371699 0.0199399489827 -0.0117770083584 0.0079281361397 -0.000734255552213 0.0457298775161 
0.00120657427852 0.005054140952 0.0105494576263 -0.00482388054866 0.0167986764284 0.00216698535444 0.00293181192038 0.00828893323536 0.0114176045915 0.0100757628216 0.00183884535191 0.000516491413088 0.00843844154854 0.0152968825832 0.00767819701758 0.015854059634 0.0104661843065 0.0104010270008 0.00358499271311 0.128519286381 -0.0065257174718 0.0100120018672 -0.00494433287082 0.00189583209524 0.00596315398362 0.00613993698319 0.00289392496467 0.0149700378695 -0.00217584296974 0.0062991504838 -0.00609817210457 0.00703280154936 0.00750127241323 0.00385093723777 0.0142480387625 0.00770780849691 0.00517020611871 -0.00190013157497 0.00506323406374 0.00618699785568 0.00279099270355 0.00698958288338 0.0118939998058 -0.00623225021054 0.0128109531411 0.00433177439272 0.00976786074502 0.0131814510016 -0.00328552467556 -0.00798125848353 -0.00997866336301 0.00447896828143 0.00326359848754 0.0130034398445 0.010477488382 0.0140758582929 0.00975954151112 0.00157768545519 -0.0112323821448 0.0098573895336 
0.0258956391578 0.0243106616316 0.0131662497464 0.0143722173204 0.0338208403757 0.0352792185645 0.0161553533419 0.0411678706187 0.044132547395 0.0318034539811 0.054638907437 0.0339211570587 0.0438846391406 0.0196087950924 0.0207547928384 0.0349477650536 0.0169729576716 0.0206940328308 -0.00407483434437 -0.0065257174718 0.560943133845 0.000426673371764 0.0582049596565 0.0341145497086 0.0320176635602 0.0192536092368 0.0075964800831 0.0235409917919 0.0739305420986 0.0117648209196 0.0282089037839 0.00904627714769 0.0337280286177 0.0281048101096 0.0645255189075 0.01898423006 0.0248668775763 0.0543215950425 0.0174735794857 0.0479471457193 0.0308028199752 0.058943824451 0.0435177389755 0.0273978297445 0.0382355167795 0.0674153824018 0.0287001436698 0.00571957588341 0.0474423049204 0.0338235463026 0.0325588073096 0.0270575513398 0.0339455584081 0.0528516421275 0.00671932707857 0.0522695376208 0.0409648627956 0.0871910653588 0.0453395069372 0.0149645192383 
-0.000851355068631 0.0121287051975 -0.0106538623962 0.009700629053 0.00846898539732 0.00972069878092 0.00825560022693 0.01547766337 -0.00845294084184 0.00761010039704 0.005073745858 0.00847899517877 0.020850129296 0.0251461221302 0.00559446568594 -0.00400391814375 0.010802744992 0.0046366774354 0.0325948057038 0.0100120018671 0.000426673371764 0.198943937423 0.0126720190502 -0.00457426851802 0.00465973862056 -0.00496466152735 0.0127317616135 0.0240038884316 0.00270918971035 0.000283375444703 0.0052263011569 0.018274784561 0.0217967265837 -0.00236036553289 0.00481941693349 0.00749283601589 0.00189437498853 0.0217796677595 0.0623024825444 0.0645597771985 0.0151888755269 0.00886835190266 0.0202245580748 0.00860570893042 0.000224284962158 0.0226748735984 -0.00800362315488 0.00357605293519 0.0220658908002 0.0119978312583 0.00648314302798 -0.000359516899843 -0.00670188640905 0.015058216135 -0.00437994843281 0.0136722461397 -0.0152713084591 0.0257704135013 0.00937912384991 0.0137937453744 
0.0213587172868 0.00727738404651 0.0190455985186 0.0527970880762 0.00265722925535 0.0170378891749 0.0205411846042 0.0272059514626 0.00357248834943 0.0254805424493 0.0620529550413 0.0152926690854 0.0132869366216 -0.000265539104867 -0.000933594409157 0.0149878066089 0.00839432400275 0.00213344845264 0.0373208583919 -0.00494433287082 0.0582049596565 0.0126720190502 0.440732921682 0.00792229569079 0.0108905703075 0.00843086422048 0.00914562427562 -0.0108597245627 0.0338359877099 -0.00186562096857 0.111013847612 0.00115712752312 0.0359923320515 0.0285141752611 0.0573387497281 0.0151701275735 0.0166843770296 0.0360128192225 -0.00905794203791 0.0169819535964 0.0236570486132 0.0303301547461 0.11456762376 0.040400090437 0.00798139756186 0.0843904067733 0.0119270438291 0.0201280254459 0.139230975689 0.0302379225702 0.0266782488653 0.00147232783262 0.0235849816892 0.0329161119678 0.0143018171165 0.0458656386384 -0.0017459113714 0.0523290665025 0.0223589356381 0.0354672026421 
0.0155155288005 0.0150884856042 0.019824135593 0.00787655700691 0.00851060171272 0.00776700400893 0.0171316841927 0.0159069244669 0.017067742674 0.00372850329132 0.0306262835113 0.0111621149446 0.02245241461 0.0197220505406 0.0138776165771 0.0107443552666 -0.00179865839376 0.0115629486156 0.0115004652259 0.00189583209524 0.0341145497086 -0.00457426851802 0.00792229569079 0.188540969293 0.0125065245394 0.0194685186571 0.0161457322551 0.00344252896803 0.023408829375 0.00812049333809 0.00339084698511 0.00666875785871 0.011971022574 0.0375529703413 0.0161715686123 0.0194946029433 0.00929077442207 0.0389452693127 0.0109393910794 0.0048064138408 0.0238128591248 0.0180381085023 0.0364487822599 0.0310927932122 0.0153582885582 0.0289602580969 0.0419292885058 0.00539212359664 0.00466932547303 0.00817736190647 0.0193465106979 0.0125403715323 0.0158682222885 0.0073043041968 0.00954707132468 0.0222950910955 0.00838105845192 0.0279366382889 0.0216017882709 0.010513498347 
0.00715761270565 0.0150584994304 0.00895340434136 0.0745858186572 0.014193633384 0.024324130485 0.00936185344712 0.004199907984 0.000753772539654 0.0370687147791 0.016237826616 0.0159711812384 0.00432093539219 0.0281423480316 0.00511713225495 0.0063701524533 0.00359900855644 0.0131714507496 0.00243227015139 0.00596315398362 0.0320176635602 0.00465973862056 0.0108905703075 0.0125065245394 0.26636511815 0.00819780663432 0.0121322166247 0.0190181731514 0.0262981602231 0.00661896084329 0.00715090575863 0.00724564179961 0.00538588778782 0.0107024438836 0.00719506138666 -0.00047292229243 -0.00876812142882 0.0435463400231 0.0198706326868 0.00974899211918 0.0160377694046 0.0846316707101 0.00783045174632 0.0288360496902 0.00525298526723 0.00870095229222 0.0768259590006 0.00793161003581 -0.0165567362875 0.0147884948814 0.0233874645486 -0.000391612205251 0.00702299813036 0.0277864797547 0.0181208959003 0.0873991592956 -0.0104989198116 0.0178993827187 0.0102823419865 0.0103780005527 
0.015213617044 0.0224974610238 0.017922263491 0.00172859376083 0.0210664248609 0.00748251826007 0.020970181482 0.0190400734124 0.02231958341 0.015823575091 0.00851656291712 0.00804668394932 0.0362493595408 0.00639454520568 0.0185233970772 0.0169245934064 0.0104545062918 0.0175722895148 -0.00533898457854 0.00613993698319 0.0192536092368 -0.00496466152735 0.00843086422048 0.0194685186571 0.00819780663432 0.174127015141 0.00991480801039 0.00933280861733 0.0276544600107 0.000896564603644 -0.0042712784308 0.0161572065152 0.0120914309646 0.00915183224096 0.0180617508002 0.026943693228 0.0146792613477 0.0223050797132 0.00785297991412 -0.014775696325 0.0141603482765 0.0147014407998 0.0147229146207 0.0150685358883 0.0278057799583 0.00749306425643 -0.00311122166427 0.027016652437 0.00296564378987 0.00739432783772 0.00682333046135 0.0169886790561 0.0180666075757 0.0301291649312 0.00499942983782 0.00730914847727 0.0077088486052 0.0102363020982 0.00960342377796 0.0109850224166 
0.0129487014118 0.0163314123589 0.0105816806551 0.00541887844494 0.0124565286242 0.025996286591 0.0078968311716 0.0111063269795 -0.000754403189237 0.00461294332301 0.0119127682223 -0.00440005606324 0.000208697652723 0.0182840926081 0.0131996904267 0.00554308488526 0.0386973016701 0.00789652696988 -0.00435981214352 0.00289392496468 0.0075964800831 0.0127317616135 0.00914562427562 0.0161457322551 0.0121322166247 0.00991480801039 0.184987903238 0.0152788610257 0.0188061700902 0.0184980108139 0.0212129944256 0.00193284045361 0.0651222756334 -0.00856947955301 0.0119088915583 0.0203739228534 0.014208655089 0.0199328869339 0.0142318911862 -0.000470339766893 0.000419396222362 0.0173773960064 0.0150201229169 0.0101792309544 0.0160845460536 -0.00461412446638 0.00715006915827 0.0440536700791 0.0176622114495 0.00350562998916 0.000175523356503 0.00717143931822 -0.00443973250309 0.0161353323691 -0.00589012688401 -0.00447171534904 0.0309546499006 -0.00100912958677 0.00705226386963 0.00474185035389 
-0.00142250637393 0.00397585581615 0.00648881348589 0.00719366700427 0.0066857455983 0.0365675856742 -0.00773195641658 0.00890257685137 0.0151736832901 0.00797157544587 0.041567651361 0.00131257445657 0.00421688608706 0.00330885559368 0.00772367430112 0.0165921780544 0.00372235273545 -0.000883316752304 0.0214258093177 0.0149700378695 0.0235409917919 0.0240038884316 -0.0108597245627 0.00344252896803 0.0190181731514 0.00933280861733 0.0152788610257 0.437806555163 0.0155274545732 -0.00161883625017 0.0144268075716 0.00824905610342 0.0236553334752 0.00524056234591 -0.0106286767616 0.00307791256071 0.0118675931492 0.009730331061 0.0130000245749 0.0192460186619 -0.00550332709779 0.0301828893806 0.0121567092524 0.0300529988545 0.010388250028 0.0658920755822 0.0221353439874 -0.0068125789414 0.0124975432934 -0.00994033579355 -0.00027660002942 0.00608192227278 0.00956665046583 0.0146450490291 0.00492559313307 0.0327659564955 0.0079145310962 0.0175120461934 0.00388344977249 -0.00262677586277 
0.0128575560105 0.0214278297574 0.0169931172521 0.0284200198493 0.0307745966643 0.0265801296826 0.0169543887305 0.0157658858241 0.0211586041585 0.02850183352 0.0487394392104 0.0405478492914 0.0244255533722 0.0142806421782 0.012254926774 0.0158778953948 0.0174772353049 0.0266860832036 0.0188806734812 -0.00217584296974 0.0739305420986 0.00270918971034 0.0338359877099 0.023408829375 0.0262981602231 0.0276544600107 0.0188061700902 0.0155274545732 0.260078850617 0.00923247459246 0.0154378721663 0.0156646833973 0.00552980379812 0.022515945825 0.0410464516113 0.0210369198082 0.00656453657627 0.0417721898088 0.00910264633403 0.00670875376881 0.0318922249289 0.0210258194783 0.0637825326917 0.0245192833411 0.0255700074562 0.0357670934177 0.0251902129007 0.0178270683528 0.023233381419 0.0143570328735 0.0209855913557 0.0208008318456 0.0392608459787 0.0750905862597 0.0223809789546 0.0280704347832 0.016166281768 0.0344782233226 0.0185998646077 0.027208847991 
0.0101613457525 0.0162337132264 0.0177168805649 0.0083892019975 0.0171352013734 0.00213289369308 0.00787599239761 0.0042572573714 0.0125619477985 0.0137741029456 0.0100587902355 0.00295281103414 0.00950511814524 0.0138121292154 0.000952155248567 0.0151750659088 0.0140222340473 0.0216963031308 -0.00910298899073 0.0062991504838 0.0117648209196 0.000283375444703 -0.00186562096857 0.00812049333809 0.00661896084329 0.000896564603644 0.0184980108139 -0.00161883625017 0.00923247459246 0.244328737312 0.00266253862589 0.005989303662 0.013280067998 -0.00431111793263 0.0136465771903 0.00801799982002 0.0238047409705 0.0247279580349 0.00430377130868 0.00189576130401 0.0123775166579 -0.00257295296582 0.0113652681122 0.0112116012063 0.0190428825641 0.00847471555245 -0.00803406766111 0.0134256284162 0.00805819106663 0.00239770464492 -0.00609662146684 0.00754761551889 0.0211707156595 0.0136555303071 0.0112947704301 -0.00552693333647 0.0342191853303 -0.0170962274029 0.0024930608186 0.00712971429452 
-0.00635548638559 -0.000970872492804 0.00974560363788 -0.0188682227175 0.00207997288815 0.0102741969749 0.0046483801858 -0.00956333356676 0.00774176778477 0.00498908446407 0.038277852999 0.0173468478547 -0.00327278343203 0.00255529964338 0.00236586660216 -0.00220643690096 0.0119902849668 0.00975687467842 0.0262720957642 -0.00609817210457 0.0282089037839 0.0052263011569 0.111013847612 0.00339084698511 0.00715090575863 -0.0042712784308 0.0212129944256 0.0144268075716 0.0154378721663 0.00266253862589 0.330619965417 0.00368318102622 0.0292492309601 0.00282859188169 0.0156222822884 0.00263045449738 -0.0017029580049 0.0109192394867 -0.0020418706746 -0.0105252699509 0.0283217058486 -0.00441634782403 0.083764755855 0.00904968212385 -0.000874256271486 0.0295106239566 0.0217311258759 0.020477850117 0.105408480901 0.0143726294182 0.0290801182664 -0.01419147659 -0.00975202588759 0.00794413642003 0.00249914544002 0.00523386475315 -0.00130661207012 0.0141311483856 0.0143131814404 0.00796092178594 
0.00336884432614 0.0037605161964 0.0183340695055 0.00634756835831 0.0139284777703 0.0110228790477 0.00210879228353 0.0253470064376 0.00892921718575 0.021128410782 0.00738194252215 0.0109088735566 0.0308957341983 0.0100055972651 0.0149688050988 0.016225217833 0.00728651350715 0.0150637812214 0.00316027823301 0.00703280154936 0.00904627714769 0.018274784561 0.00115712752312 0.00666875785871 0.00724564179961 0.0161572065152 0.00193284045361 0.00824905610342 0.0156646833973 0.005989303662 0.00368318102622 0.182685802425 0.0138962907972 0.0154606109013 0.0303425154814 0.0143550418628 0.0087496041017 0.0202678093039 0.00919831952916 0.0188644791159 0.000325952044192 0.00668143346528 0.024329695872 0.00927460725963 0.0117078186482 0.00502472235671 0.0249050836422 0.00758855729589 -0.00683137513549 -0.00165973027572 0.00923479653116 0.00859173349746 0.00987808525492 0.00709573999464 0.00822183262313 0.00311504178539 -0.005000844437 0.0216979938578 0.0108540764772 0.0121861579378 
-0.00289535759276 0.0138009951656 0.0257139364977 0.00264581611503 0.0119022830039 0.00723459062663 0.0024269405912 0.022965676576 0.0320581424 0.0114378178445 0.000258705312243 0.00757234538111 0.00537002300315 0.0262979267116 0.00645922342567 0.00412924361857 0.0368823292362 0.0100319103471 0.00854813832622 0.00750127241323 0.0337280286177 0.0217967265837 0.0359923320515 0.011971022574 0.00538588778782 0.0120914309646 0.0651222756334 0.0236553334752 0.00552980379812 0.013280067998 0.0292492309601 0.0138962907972 0.358946248214 0.0215939656686 0.00990098182333 0.00878891618723 0.0103877338448 0.0273411158055 0.00640029555199 0.00190081765276 0.00670518451399 0.017568563981 0.00440026929847 0.0139324016786 0.014768733209 -0.00637768202008 0.0115761135202 0.040601033206 0.0373742270939 0.0023499669324 0.0113335959919 0.00693238340869 0.0153921559859 0.00796612120422 0.00561126410913 0.00514061695618 0.00106412192501 0.00579840751434 -0.00220477169847 0.00457121028231 
0.0186489934382 0.0123981374516 0.0149232458694 0.0140681828709 0.00926585529778 0.0157419234786 0.0290877861801 0.0214031232905 0.021352994715 0.0184903987015 0.0107742674286 0.0507918868433 0.0115772631043 -0.00211019211116 0.0173789992454 0.00615908628889 -0.000109876564137 0.00442854689138 0.00275651804526 0.00385093723777 0.0281048101096 -0.00236036553289 0.0285141752611 0.0375529703413 0.0107024438836 0.00915183224096 -0.00856947955301 0.00524056234591 0.022515945825 -0.00431111793263 0.00282859188169 0.0154606109013 0.0215939656686 0.299058082783 0.0110461671311 0.0162179020305 0.0193685153678 0.00386737087335 -0.00602123708024 0.00998189686831 0.0269701877054 0.0129485652861 0.0315602272076 0.0262185021804 0.0116953610514 0.0318327456932 0.0286756098023 0.00820141080343 0.0276429987095 0.0131655633333 0.0361116983329 0.00528114166706 0.0264260317513 0.0286344375909 0.0104160570095 0.0393254706193 0.0291983252521 0.0303624482686 0.0262018673883 0.0155559947758 
0.0713066857784 0.0223131524365 -0.00385221438635 0.0191815314635 0.0139833087295 0.0237399579995 0.000835245200838 0.0246595200579 0.0261001076043 0.00642905549042 0.00155429565158 0.0254734997435 0.0323817087113 -0.0057726265883 -0.00379352280663 0.0528059920667 0.0153158418272 0.0156004334493 0.00401423050036 0.0142480387625 0.0645255189075 0.00481941693349 0.0573387497281 0.0161715686123 0.00719506138666 0.0180617508002 0.0119088915583 -0.0106286767616 0.0410464516113 0.0136465771903 0.0156222822884 0.0303425154814 0.00990098182333 0.0110461671311 0.435400375344 0.0218811816371 0.0144358428547 0.0205423323557 0.0129592920643 0.0157962181849 0.0238214263595 0.0194362697932 0.0461502357137 0.0164910228006 0.0228307810832 0.0336973689976 0.0351068830641 0.0117923002406 0.034665336591 0.00996522285008 -0.00993722230632 0.0230997913305 0.0257278671527 0.0361918120799 0.0265334137821 0.0229738914435 0.00660811417695 0.0257329305877 0.0345771022569 0.00618351785232 
0.0140841830594 0.0200874644215 0.00399873153595 0.00842127831928 0.0268729663803 0.0053268046323 0.0132753399752 0.00694640562512 0.0095003023157 0.0236843815753 0.0225969010587 0.0236447459124 0.0180525889496 0.0114699149494 0.0056072781221 0.0189903486853 0.0125768682205 0.017801259851 0.0287485235483 0.00770780849691 0.01898423006 0.00749283601589 0.0151701275735 0.0194946029433 -0.000472922292431 0.026943693228 0.0203739228534 0.00307791256071 0.0210369198082 0.00801799982002 0.00263045449738 0.0143550418628 0.00878891618723 0.0162179020305 0.0218811816371 0.161152481252 0.0123932185935 0.0300992529897 0.0145630308259 0.0156109972826 0.0206967990453 0.0117497077317 0.0320875893025 0.00790948396075 0.0210391818149 0.0243430837935 0.0103916168074 0.0120323790863 0.00590354437639 0.0118117876451 0.0111899608487 0.0185281575419 0.0147352708331 0.0345390972611 0.0153309675937 0.0131442648137 0.00384787855992 0.0149241677069 0.0132590730127 0.0138421506533 
0.000172110397509 0.0161790357072 0.051209522815 -0.00534637635003 0.0156688648001 0.00706423089315 0.0141302927554 0.00514325156859 0.0151138637236 0.0150488714033 0.0342971835945 0.0317583654804 0.0140888683054 0.00315870869385 0.00815522720378 -3.53882815761e-05 0.0171417117473 0.0235710865122 -0.0170307097979 0.00517020611871 0.0248668775763 0.00189437498853 0.0166843770296 0.00929077442207 -0.00876812142882 0.0146792613477 0.014208655089 0.0118675931492 0.00656453657627 0.0238047409705 -0.0017029580049 0.0087496041017 0.0103877338448 0.0193685153678 0.0144358428547 0.0123932185935 0.269103303109 0.00807036285111 -0.00944303368797 0.0146360723886 0.00620831122584 0.0108524079865 0.0245363133396 0.0044536573945 0.0282465368208 0.0326533481853 0.0201197802965 0.0047768272263 -0.0043396024953 0.00854197216951 0.01951583427 0.0160397118947 0.0283388882374 0.0130753348138 0.00584109826592 0.00707676274573 0.0242592279654 0.00316625545271 0.0223536900032 0.0102424393272 
0.00582963589578 0.0226529705659 0.0288556758764 0.0397522193519 0.0286958241883 0.0417363328008 0.023074307975 0.0388163211913 0.027440394217 0.00448561096165 0.0635923840907 0.0368456692613 0.0147396127947 0.00697083529988 0.0159555584425 0.0108868538919 0.0109678886693 0.0167798026611 0.0164819522956 -0.00190013157497 0.0543215950425 0.0217796677595 0.0360128192225 0.0389452693127 0.0435463400231 0.0223050797132 0.0199328869339 0.009730331061 0.0417721898088 0.0247279580349 0.0109192394867 0.0202678093039 0.0273411158055 0.00386737087335 0.0205423323557 0.0300992529897 0.00807036285111 0.450744189699 0.0203343728478 0.00745999144763 0.042034289073 0.0713595436218 0.112295459852 0.0429504833327 0.00729344190748 0.0367904690831 0.089844202678 0.0081477503708 0.00985313406458 0.0122170253665 0.0212728947948 0.0183843944369 0.0250172722486 0.036467812827 0.0221342553596 0.0991779813431 0.0228615793041 0.0488234604222 0.0309859569893 0.0325795110206 
0.060538854606 0.000617936857786 0.00650796385961 0.00190964832484 -0.000268210021125 0.0347512835847 0.0143765791928 0.043285284779 0.0110747802543 0.00999901059755 -0.00170818031041 0.0143214001649 0.0243662562793 0.0133737750028 -0.000202602191884 0.0204591570717 0.00958694761332 0.0041577425 0.0270229032531 0.00506323406374 0.0174735794857 0.0623024825444 -0.00905794203791 0.0109393910794 0.0198706326868 0.00785297991412 0.0142318911862 0.0130000245749 0.00910264633403 0.00430377130868 -0.0020418706746 0.00919831952916 0.00640029555199 -0.00602123708024 0.0129592920643 0.0145630308259 -0.00944303368797 0.0203343728478 0.525759089065 0.05608545329 0.0181982006995 0.0525792084062 -0.00196751676582 0.0222257325204 0.00416293554794 0.00353338569872 0.0432812768587 0.00212066881767 0.0111207771886 0.0252120758052 0.0264524180363 -0.00027501337213 0.00458407938753 0.00626589942303 -0.00236250456904 0.013321291622 -0.00572787198717 0.0315466478248 0.024332577941 0.00788876229469 
