60
0.0542920038725 0.0690415105338 0.0391901687574 0.0162161188728 0.0534443631468 0.0584548507687 0.22311845274 0.0707348977441 0.114457978761 0.0995242847704 0.0991765707177 0.0911559741232 0.0765601453803 0.0695535734162 0.0514292405054 0.0396471392927 0.0285158318856 0.0314738433907 0.0387981152642 0.0599327976672 0.0597094198611 0.0324915821016 0.0275926739743 0.149246593495 0.0613427887106 0.0764707668379 0.118814959333 0.043075945187 0.0184249616408 0.0378384564622 0.0285995604788 0.148705689344 0.0526943852585 0.116671338284 0.146363775453 0.0850489592031 0.197480990077 0.0746691414478 0.0852779749864 0.0128714932266 0.101481112582 0.0549811443135 0.0412963652708 0.0394797478448 0.0669692816613 0.044344522835 0.0399774891594 0.0426672552596 0.0330111524363 0.162626926374 0.148169679735 0.0309081568087 0.0800378705657 0.0459594094694 0.0054327763703 0.0787213758152 0.022286409141 0.0153161335694 0.0308768641188 0.0361599942098 
0.275664931566 0.0279798426717 0.0222993730753 0.0157537597701 0.00504230434346 0.0139629647834 0.0152611639997 0.00735050878977 0.0112837962639 0.0400332324267 -0.00764472975195 0.0163731467502 0.0139573435314 0.0132810429789 0.0288752693512 0.0214606594602 0.0179851744071 0.028652468394 0.0212626571572 0.00405023813899 0.0116614358148 0.00127566135509 0.00350114356914 0.0372493944015 0.00997950853469 -0.0075009717721 0.0186034043168 0.00969479487901 0.0102234932464 0.0207477041172 0.0130395869439 0.0280409989395 0.0137347803743 0.0193672152098 0.00873952899859 0.0248272060864 0.00129897259432 0.0296998222813 0.00423492857521 0.00541414411047 0.0283790028742 0.0165489813395 0.00443846230286 0.00898771731405 0.026457854657 0.0148221316082 -0.00157930929615 0.0221027532393 0.00030997176799 0.00271974116774 -0.00582040184792 0.00812940580601 0.0158062012298 0.00437165364554 0.0160733490052 0.00385359021935 0.00622375709239 0.0106793473435 0.0125823874056 0.0173039701035 
0.0279798426717 0.417089257232 0.0342611238836 0.00277410353931 0.029188140396 0.025682968512 0.0698303794426 0.013825364945 0.0142361435419 0.00851889730206 -0.00101238798635 0.0500765550137 0.0486282693268 0.00675924288215 0.0436010987285 0.0198982713679 0.0165405100764 0.00362005542761 0.0326865308661 0.0154466726823 0.0363569740096 0.00956518077613 0.0329554417979 0.0232407163455 -0.0184609969452 0.0364314352608 0.0497740837019 0.0136714583407 0.0156438254893 -0.0119993691048 0.0246295307929 0.0407487279772 0.0312151351635 0.0336066874638 0.0105789715744 0.0158761329631 0.0345726572725 0.0358490941778 0.00515432202268 0.00603660737837 0.0409605145408 0.0308853464945 0.00824560755887 0.0243655886321 0.0326421639458 0.0378730380735 0.00815022927713 0.0187284323003 0.0247216005338 0.0158537199647 0.0214569893254 0.0118956986912 0.0622472296915 0.00889902700419 0.0126912977482 0.00772778554543 0.0120028479121 0.0137064308753 0.0410097499402 0.00610988264892 
0.0222993730753 0.0342611238836 0.193218845884 0.0152374038788 0.034935555282 0.0220356231712 0.0170012973172 0.00526576310106 0.0125167598178 0.0212282054236 0.0240738515917 0.0159805385792 0.0204239323251 0.0101847380704 0.0117936151177 0.0128226153209 0.00666954104809 0.00138765739658 0.033644170347 0.00908681238655 0.012933029575 0.0142618583342 0.00360492572726 0.00744971244368 0.0111667172905 0.0190127798321 0.0169411666442 0.00456621484757 0.0167896211423 -0.0026310781034 0.0159783712416 0.0264858827601 0.0260905300291 0.00012571693701 0.0107199012028 0.00635220733244 0.0144359555103 0.0208652449866 0.0332906685802 0.00022529644651 0.000566820013974 -0.00924515373748 0.00565610044769 -0.0124439091731 0.00917597638137 0.0155577242461 -0.000285394965544 0.00445319014401 0.0300608845339 0.000918053047609 0.00183516506623 0.024253781597 0.0227969673871 0.0153397413135 0.00249759755102 -0.0010037255903 -0.000975791653004 0.00690233517223 0.020357149953 0.0100230250145 
0.0157537597701 0.00277410353931 0.0152374038788 0.172099628927 0.00339633467625 0.0225166458935 0.0188202393466 0.0159784175798 0.0194712705617 0.0348750936743 0.00423619819661 -0.00492991790381 0.00206484222557 0.00075640346724 0.0186045539366 0.0555037430379 0.0384925040505 0.00669182849677 0.0139927696954 -0.00608680273331 0.0182855481585 0.0106717688171 0.0102992832502 0.0417316426645 0.0165679247903 7.54858309747e-05 0.00608614804885 0.0158367649991 0.0293104980286 0.0148183884991 0.00701960043742 0.0381528680444 0.0150154896969 0.0175412950383 -0.0072098277636 0.00251464988956 -0.000562415729052 0.00237773514863 0.0134896129432 0.00698896275367 0.00163143339371 -0.00237911986348 0.024952503148 0.00856347484175 -0.00294263510333 0.0117797876525 0.0198577562051 0.0246661438728 0.00600200866196 0.0283660646864 0.0304112189437 0.00719846386052 0.00561074358472 0.00949691881418 0.000783856744332 0.0333102830214 0.00133880361446 0.0328134852245 0.00394751320919 0.0299251802932 
0.00504230434346 0.029188140396 0.034935555282 0.00339633467625 0.301861004099 0.00576856849071 0.0370552408272 0.0291414552624 0.0213352563448 0.0183620734819 -0.00496743514254 0.0388718791914 0.0243755648659 0.00870961474709 0.0165553999247 0.0176003582723 -0.000234302398191 0.00734388763697 0.0247004372308 -0.00102043621921 0.00633447924399 0.0131669732887 -0.00140618760531 0.0343194503114 0.0113155648312 0.0369702053069 0.0119022282339 -8.03717817147e-06 0.00518180725448 0.012234786681 0.0205074292027 0.0314210954278 0.0293585604118 0.00828950809285 0.0259327712516 0.00866451197306 -0.00703916251208 0.00253473599539 0.0362211301418 0.00421474576833 -0.000966946077638 0.00398427381136 -0.0054687040481 0.0263096445437 0.0137061574083 0.0135440017698 -0.000710238584229 0.0177273812088 0.0297166095497 0.0277571701844 0.0177336621959 0.0195613644505 0.0269335733435 0.0189907788537 0.0156830698515 0.0190679166623 0.0154913438823 -0.0035074393581 0.0327435139734 0.00597208781032 
0.0139629647834 0.025682968512 0.0220356231712 0.0225166458935 0.00576856849071 0.226288088427 0.0150837610721 0.0183464759728 0.022372021364 0.0227619831744 -0.0029061455586 0.026355901035 0.0159386007945 0.0300116623368 0.0280950387547 0.028855343804 0.0194757500584 0.0085789364572 0.0285517060777 -0.00647357198012 0.0275817200544 0.00640329113852 0.0100466295235 0.0172751675716 0.000759649858206 0.0229183130146 0.0234743436725 0.0320049876308 0.0320007491321 0.00347960260694 0.0269555955597 0.0283892601301 0.0555742917729 0.0298273376294 0.0218336741942 0.0350338905086 0.007796664038 0.00754308235009 0.0159896479322 0.00920301777331 0.0029035316641 0.0310078561751 0.0114590876845 0.0255283380926 0.0150843039501 0.0238353245481 0.00290051213842 0.0793966167756 0.0143537556179 0.00273009675867 0.0210459641003 0.0136937364528 0.015943429008 0.01231890343 0.0066411677204 0.0165576447185 0.00816082061699 0.0236478707023 0.00830219496186 0.0320575093733 
0.0152611639997 0.0698303794426 0.0170012973172 0.0188202393466 0.0370552408272 0.0150837610721 0.892718804627 0.00342010535497 0.0124094707117 -0.00154549881783 0.00353206245536 0.0281039862955 0.0508445133289 0.0292949152983 0.0566683989369 0.00945779902666 0.031735069204 0.00360730419281 0.0397423126255 -0.000661825216135 0.0299460641874 0.0240302495711 -0.00631769783299 0.0497440830231 0.00191292679289 0.0339652188675 0.0444054741507 0.0232813810637 0.0158292299448 0.0320661214786 -0.0353213459915 0.0869287209567 0.0314546307117 0.0640622596927 0.0268038568867 0.0797568162311 0.0768789126946 0.0321118989799 0.00284264053144 -0.00299952064917 0.0266216812142 0.0159847785659 0.00772341053034 0.037586488118 0.0320833690565 0.0406375629908 -0.00169501953806 0.00885069595341 0.0275880359533 0.0156207736622 0.0713183112138 0.0361269575903 0.081566673081 0.0279676662718 -0.00809826941961 0.00445249980415 -0.0079519583482 0.0242209522208 0.0332792196555 0.0199716217634 
0.00735050878977 0.013825364945 0.00526576310106 0.0159784175798 0.0291414552624 0.0183464759728 0.00342010535497 0.296859891238 -0.00110838931284 0.00505767054106 0.00994138349477 0.0294638537238 0.00764732942091 -0.00463449882017 0.00348025383456 0.015218228901 0.00257868617754 0.0103619819701 0.016031205107 0.0354009468484 -0.0158440426477 0.0162634400792 0.00101055357471 0.0221109747268 0.0146483763747 0.00393235914201 -0.00181369234885 0.00149076987649 0.0186492410125 0.000496381000205 0.014128142528 0.0321716139551 0.0170626347774 -0.00408864454007 -0.00377977910574 0.00739897738684 0.0132502351735 0.0233445234022 0.00768295340857 0.0149597084254 0.00669245459101 0.041065667201 -0.00788049636921 0.00719580714832 0.00492556725346 0.0143938984704 -0.0109558963982 0.00120472259904 0.0156195012999 -0.0105840242602 0.0121570878641 -0.00949544547193 0.0338564065078 0.00780838487419 0.0103707013706 0.00285775939358 -0.00488966177528 0.0139614352271 0.000141725481779 0.0106959006572 
0.0112837962639 0.0142361435419 0.0125167598178 0.0194712705617 0.0213352563448 0.022372021364 0.0124094707117 -0.00110838931284 0.35705314789 0.122893801561 0.0380244591526 0.0250659398201 0.030926733566 -0.00565192765676 0.0151743340914 0.0368427030492 0.0276366950697 0.0216392488273 0.0222821599281 0.00945509244522 -0.00277091189247 -0.00762832826147 -0.0141451627393 0.190129050542 0.0221654836686 0.0312379959852 0.014605403282 0.000122535307296 0.00579125578664 0.015110231144 0.00331573650535 0.012084130914 0.000283044012382 0.0321149569151 0.0157797378345 0.0403088548916 0.0174869440333 0.0178378813042 0.0103710819758 0.0104824870032 0.0101168910989 0.00749674267731 0.00224704690837 0.0150345561038 -0.0149142053094 0.0192216081204 -0.00199168511889 0.00432950326871 0.00628066438102 0.0447978970941 0.0468040877663 -0.0183577986043 -0.0130964398067 -0.00417571480559 -0.00672942924791 0.130925502357 0.0248808106422 0.00792612596867 -0.00608362548817 0.0202215514728 
0.0400332324267 0.00851889730206 0.0212282054236 0.0348750936743 0.0183620734819 0.0227619831744 -0.00154549881783 0.00505767054106 0.122893801561 0.39490433163 0.017923776696 0.0150965401954 0.0192742842353 -0.0116460951005 0.0176895728938 0.0330032923312 0.0390566701017 0.00596336972585 0.0111548326115 0.00288187399246 0.0135839775305 0.0251941275607 0.0258405099226 0.15875086662 0.00533329267305 0.0183749875677 0.0286327220812 0.0142523410014 0.0100733447712 -0.00832724388014 0.000664217296782 0.028883378588 0.0128746097005 0.0283602404624 0.0153541386526 0.0293138808939 0.0145531596486 0.0168529208009 0.00546968658897 -0.0034172024764 0.00314022250188 0.0143957703976 -0.00326651585827 0.0117244754699 0.00962488631618 0.026109785349 0.0022041656634 0.0199279899515 0.0148702837292 0.0390520833924 0.0202797956841 0.000879238781391 0.0137457453291 -0.0197481634196 0.000805601785065 0.0808280237172 0.0247102984723 0.00949346511927 0.0131360861687 0.0336960454455 
-0.00764472975195 -0.00101238798635 0.0240738515917 0.00423619819661 -0.00496743514254 -0.0029061455586 0.00353206245536 0.00994138349477 0.0380244591526 0.017923776696 0.635428989629 0.00478564797965 0.0155716130327 0.0453073740194 0.00253296989576 -0.00105999272906 0.00910048200822 0.0505273520454 0.0213430715143 0.0149495371057 0.0028847849201 0.00549494827339 0.00237320175881 0.00616017392353 0.00582204944958 -0.012845346962 0.0335336897783 -0.00164490294141 0.0131309076147 -0.00144044767402 0.0021424990521 0.0181758472832 0.0153692902687 -0.0258070861732 -0.0093065993083 0.000591175381319 -0.0124376397864 0.00984048734467 -0.0045905554482 -0.00243132156079 -0.0117096215718 0.00349905096116 0.0128409823669 -0.00705832046808 -0.0021732026932 0.00742645543943 -0.0139812610292 -0.00556412706036 -0.000367539128202 -0.00920833055519 0.00128073220573 -0.00230329829259 -0.00607401677181 0.0210655336402 -0.0018724516685 -0.0141857835371 0.000859159885941 0.000811262644049 -0.00216942997576 -0.00865466177915 
0.0163731467502 0.0500765550137 0.0159805385792 -0.00492991790381 0.0388718791914 0.026355901035 0.0281039862955 0.0294638537238 0.0250659398201 0.0150965401954 0.00478564797965 0.359896843211 0.0457629169528 0.00121956206426 0.0285457809272 0.01551279505 0.00667606700069 0.0129242097843 0.0317920275885 0.00895257281913 0.0105067274902 0.00581817747009 0.0163926504312 0.038611191249 0.0210039897016 0.0229387119348 0.0170335905512 0.0190025402091 0.0179053076421 0.00355700751318 0.0119814848239 0.0325532417618 0.022361295443 0.00342097033952 0.030911395349 0.0301202090269 0.00155838761112 0.0231723148782 0.0334986363816 0.00325077603321 0.00160004072394 0.0632560581444 0.0179971907868 0.0233112362511 0.0394228958802 0.0647141735687 -0.00502470613717 0.0202432122274 0.0340239726059 0.00204401240233 0.0103204100174 0.0246730663463 0.0426217479563 0.0277379752538 0.0255718760451 0.0235646365362 0.00610735553562 0.000256417161084 0.0162592962068 0.0102373537754 
0.0139573435314 0.0486282693268 0.0204239323251 0.00206484222557 0.0243755648659 0.0159386007945 0.0508445133289 0.00764732942091 0.030926733566 0.0192742842353 0.0155716130327 0.0457629169528 0.324257157424 0.0163046720974 0.0268082756053 0.00329732382837 0.00349341164242 0.0101637455264 0.0260672820667 0.0328906834851 0.00701299293684 0.0132892850683 0.00288283347347 0.0165391456811 0.0173728222242 0.0155767335796 0.0344806631258 0.0461553216493 0.0157612083269 -0.0191030434232 0.0183047248986 0.0305304196076 0.0363028860161 0.0551242384046 0.0111918878771 0.0234826874818 0.0147042752364 0.0273259113713 0.0290503486526 -0.0059626077742 0.00300241136069 0.0154578401437 0.0148928362016 0.0134851794663 0.0128122024906 0.0323639366659 -0.0153013739575 0.0116951529846 0.0118464260246 0.0316715403506 -0.00403345634965 0.0175052651775 0.0409057627752 0.0180406847826 0.00917056183786 0.0402307549448 0.00421394638953 0.00988190146992 0.00210136170069 0.0143882132698 
0.0132810429789 0.00675924288215 0.0101847380704 0.00075640346724 0.00870961474709 0.0300116623368 0.0292949152983 -0.00463449882017 -0.00565192765676 -0.0116460951005 0.0453073740194 0.00121956206426 0.0163046720974 0.388790652111 0.0160691395273 -0.00625718828105 -0.0019062406327 0.00956587569023 0.0103983155321 0.0100061770087 -0.00887441261962 0.00156244286598 -0.00254545979501 -0.000677317768777 -0.00274607320402 0.0120047887016 0.0232768963491 0.00497196391488 0.0181348047004 0.0104025183869 0.0068123136539 0.00909720761516 0.0100115762438 0.0342588608063 0.00398628650711 0.00558660056942 0.000218476281067 0.0162476347396 0.00168248538564 0.015690912774 0.000739167872015 0.0545783736955 0.00103563067325 0.0104594215628 0.019853467344 0.00511165264431 0.00391282163576 0.0187504242185 0.0129350535268 -0.00510735745929 0.0555159746229 -0.00380348594439 0.0143171698311 0.0116060325221 0.0137286531549 -0.00155038820933 0.00444223127897 -0.00112031858951 0.0187360326226 -0.00331442278176 
0.0288752693512 0.0436010987285 0.0117936151177 0.0186045539366 0.0165553999247 0.0280950387547 0.0566683989369 0.00348025383456 0.0151743340914 0.0176895728938 0.00253296989576 0.0285457809272 0.0268082756053 0.0160691395273 0.194178634026 0.0170339891556 0.020925527115 0.0196925894051 0.0242035660234 0.0133648060581 0.0156992262223 0.00631092312352 -0.000466948157161 0.0264018361182 0.00685072788839 0.0293520462098 0.024167404415 0.0306969008895 0.0302433281148 0.00353068459483 0.0189329229395 0.0179657042529 0.0224350857437 0.0151837171145 0.0176323547716 0.0313140090442 0.0290644684413 0.0147789930339 0.0115568020852 0.0124768167586 0.00980194367064 0.00820271771929 0.0137009492877 0.0102475327138 0.0300724136001 0.0266757828605 0.0219753483536 0.0128759671546 0.0285771155718 0.0389086820991 0.00430987078872 0.0327592049463 0.0341428938286 0.0219571043787 0.0136773122788 0.0178345055833 0.00906305559231 0.0257093895033 0.0249852398837 0.0296737734954 
0.0214606594602 0.0198982713679 0.0128226153209 0.0555037430379 0.0176003582723 0.028855343804 0.00945779902666 0.015218228901 0.0368427030492 0.0330032923312 -0.00105999272906 0.01551279505 0.00329732382837 -0.00625718828105 0.0170339891556 0.243812344991 0.0452935229368 -0.000830320618363 0.0151269848731 0.00348335200715 0.0171997301543 0.0111237584041 -0.00497924570293 0.0575002536996 0.0171551751711 0.0170043387446 0.0288382355739 0.0305186500369 0.0289299621312 0.0152196854322 0.0070389896285 0.0248942435574 0.00960484864899 0.0182308519212 0.00696944783232 -0.00445473454192 0.0101307968848 0.0107390547412 0.0339292840537 -0.0060880330015 0.0241219701065 0.00276621479363 0.00702271111053 0.00265588253308 0.0144760170115 0.0170828241225 0.0363286935988 0.0290964686607 0.0147062408501 0.0316260539579 0.0107036518783 0.00621009891367 0.00348816700493 0.00942940470149 0.00281237200128 0.0345400828285 0.00101555413619 0.0388648126837 0.00114872215383 0.0513385601914 
0.0179851744071 0.0165405100764 0.00666954104809 0.0384925040505 -0.00023430239819 0.0194757500584 0.031735069204 0.00257868617754 0.0276366950697 0.0390566701017 0.00910048200822 0.00667606700069 0.00349341164242 -0.0019062406327 0.020925527115 0.0452935229368 0.176741540315 0.0116319015265 0.00384632131496 0.00903545549136 0.013132966326 -0.00507564714643 -0.00871666533182 0.0571647108139 0.0186442685034 0.0035106749988 0.000954090218841 0.00993046284954 0.0166952878907 0.0125363855664 0.00192785056701 0.0108634620595 -0.00323872789139 0.0198749426837 -0.00410594445684 -0.00210377064604 0.0128722177286 0.0143706301064 0.00580379596623 0.00323147203287 0.0159900729777 0.00591170280518 0.0101531926678 -0.000881720700507 0.00439311163235 0.0228643691567 0.0106057814377 0.0122178331302 0.0151293428799 0.0322695154668 0.0130671744153 0.00625174099078 0.000949570506863 0.00406542194219 0.00384246856245 0.0407508569581 0.0133847248184 0.0319351644221 -0.00312394964284 0.0478120384926 
0.028652468394 0.00362005542761 0.00138765739658 0.00669182849677 0.00734388763697 0.0085789364572 0.00360730419281 0.0103619819701 0.0216392488273 0.00596336972585 0.0505273520454 0.0129242097843 0.0101637455264 0.00956587569023 0.0196925894051 -0.000830320618363 0.0116319015265 0.280957621413 0.0199116475103 -0.00177743808815 0.019102895219 0.00793393616542 -0.00118791564174 -0.00186294318935 0.0163297893757 0.0286221933716 0.0265000255602 0.0204553969622 0.0189754387289 -0.0010946770747 0.018588421865 0.0057620555364 0.00601338823263 -0.0107460834934 0.00825001820587 0.0263919940311 0.0144429630474 0.0135868666645 -0.00409371608165 0.0115635046918 0.00467483455589 0.003033511468 0.0212938677791 0.0160921214604 0.0380656442686 0.0138365644209 -0.0152925099965 0.0107969284841 0.0352440752063 -0.00193918486661 0.0130556837471 0.00978883235763 -0.00216061265978 0.0286161960394 0.00390527155679 0.0216847336285 -0.000932187096606 0.0102319591122 -0.00349757081961 0.00778987367857 
0.0212626571572 0.0326865308661 0.033644170347 0.0139927696954 0.0247004372308 0.0285517060777 0.0397423126255 0.016031205107 0.0222821599281 0.0111548326115 0.0213430715143 0.0317920275885 0.0260672820667 0.0103983155321 0.0242035660234 0.0151269848731 0.00384632131496 0.0199116475103 0.213068336104 0.0109789792027 0.000229661466637 0.00623418473673 0.0046322612383 0.0339798766442 0.000306385967239 0.0329802010989 0.017032361627 0.0108899816628 0.024868494383 0.00520930771575 0.0112187554115 0.0512326392288 0.0289688327766 0.0245810685785 0.012125103131 0.00942180580164 0.0239894577276 0.0265453188955 0.00895421413176 0.00238474387723 0.00895169868547 0.0238928605439 0.0160787940814 0.0225183083107 0.0125271892927 0.0397398948445 -0.00962168151143 0.026077096564 0.00177091778113 0.0105455184391 0.0157956965545 0.0135051601066 0.030714483346 0.0128877239602 -0.0057267931853 0.0198139515985 0.00564867469192 0.0127800691632 0.009286504633 0.0170320444788 
0.00405023813899 0.0154466726823 0.00908681238655 -0.00608680273331 -0.00102043621921 -0.00647357198012 -0.000661825216135 0.0354009468484 0.00945509244522 0.00288187399246 0.0149495371057 0.00895257281913 0.0328906834851 0.0100061770087 0.0133648060581 0.00348335200715 0.00903545549136 -0.00177743808815 0.0109789792027 0.326108960922 -0.000535333572644 0.038511421987 0.0197185502207 0.0228557107821 0.00671145632287 0.0305830109363 -0.0113116940545 0.00818723402088 0.00722937098063 0.0288009971557 0.0156990855432 -0.000620379611559 0.0217093595371 0.00628640063885 0.0364772220809 0.00418959389465 0.016099643455 0.0387155237579 0.0393572069802 -0.00305774158729 0.0139639357663 0.0182100987435 0.012367337368 0.0126147762789 0.0321535734762 0.0182538171169 -0.00293609614702 0.00278994608058 0.00726332157613 -0.00289039395209 0.0326114888683 0.0131574174288 0.00666529551963 0.0573662138689 0.000340975502277 0.0174933260275 0.0065217532987 0.00920241833501 0.0138556357507 0.00358445301537 
0.0116614358148 0.0363569740096 0.012933029575 0.0182855481585 0.00633447924399 0.0275817200544 0.0299460641874 -0.0158440426477 -0.00277091189247 0.0135839775305 0.0028847849201 0.0105067274902 0.00701299293684 -0.00887441261962 0.0156992262223 0.0171997301543 0.013132966326 0.019102895219 0.000229661466637 -0.000535333572644 0.395518824206 0.0127444204321 -0.00352767643902 -0.00400786873238 0.00532695301574 0.0207196122033 0.0248364093818 0.00667386708812 0.0132187945434 0.0514711780791 0.0185915517529 0.0304162085293 0.0186059577505 0.00200027057514 0.0156917373967 0.00781167414852 0.0256217916982 0.0111880706952 0.00576099895929 0.0103968663369 0.0187105630225 -0.000991511774375 0.0121218600145 0.0380987832273 0.0267869825277 0.0182928246191 -0.00348242213753 0.0223409748263 0.0323864388249 0.00662481223342 -0.0117047515717 0.00615573870344 -0.00818779283581 0.0107262828335 0.00767022702181 0.000350912313245 0.00295770180002 0.0098166925372 -0.000411731885729 -0.00824727093971 
0.00127566135509 0.00956518077613 0.0142618583342 0.0106717688171 0.0131669732887 0.00640329113852 0.0240302495711 0.0162634400792 -0.00762832826147 0.0251941275607 0.00549494827339 0.00581817747009 0.0132892850683 0.00156244286598 0.00631092312352 0.0111237584041 -0.00507564714643 0.00793393616542 0.00623418473673 0.038511421987 0.0127444204321 0.294290893538 0.0308054851876 0.0260127608173 0.00887864626087 0.0321758170972 0.00767318992121 0.00441897397139 0.0111183711116 0.011623737467 0.0153965983373 0.00138007072472 0.0163975469534 0.0074725088562 0.00801210748152 -0.00457414114617 0.0257369125782 0.0520771261453 0.0208569340001 0.0131145386754 -0.000103627269956 0.00876296349876 0.00205115276111 -0.0013130740059 0.0260173182085 0.0100134705111 -0.00814329007979 0.00743020513204 0.0402527098212 0.0003219030553 0.0182908829733 0.0448911360684 0.00347860014132 0.0550336482944 0.00893143144634 0.00726455474952 0.0112507307447 0.00573793265943 0.00571270457936 -0.00259482685924 
0.00350114356914 0.0329554417979 0.00360492572726 0.0102992832502 -0.00140618760531 0.0100466295235 -0.00631769783299 0.00101055357471 -0.0141451627393 0.0258405099226 0.00237320175881 0.0163926504312 0.00288283347347 -0.00254545979501 -0.000466948157161 -0.00497924570293 -0.00871666533182 -0.00118791564174 0.0046322612383 0.0197185502207 -0.00352767643902 0.0308054851876 0.363787495517 -0.00618448738122 -0.0179103925949 0.00530843440302 0.0107387441443 0.00244086141807 0.00945344351358 0.0407311904904 0.0144103339836 0.00237970917598 0.0084217445975 -0.00734932564804 0.00505400817423 -0.00799655815712 0.0145364539651 0.00688580694699 0.00656492382186 0.00184790607476 0.00929532123774 0.00602805533733 0.00343704998348 0.0150389066526 0.00159938910271 0.0155695165745 -0.00560172705047 0.00815077200102 0.00778647508972 0.00555852046904 0.00103068160952 0.0155363031296 -0.00325346141943 0.0230600278847 0.0119682962097 0.000154885321299 0.000562524014992 -0.00801455420394 0.0038522760742 -0.00155568057984 
0.0372493944015 0.0232407163455 0.00744971244368 0.0417316426645 0.0343194503114 0.0172751675716 0.0497440830231 0.0221109747268 0.190129050542 0.15875086662 0.00616017392353 0.038611191249 0.0165391456811 -0.000677317768777 0.0264018361182 0.0575002536996 0.0571647108139 -0.00186294318935 0.0339798766442 0.0228557107821 -0.00400786873238 0.0260127608173 -0.00618448738122 0.503580166663 0.0233220446473 -0.0019509061106 0.0563452993385 0.00786517105671 0.0104972068866 0.0745329176268 -0.00673038850563 0.0081083691094 -0.00366203481149 0.0155913126804 0.0172487087111 0.0177336459539 0.0326147880811 0.00513755473521 0.0160345651406 -0.000375564783181 0.0192560408588 -0.000412867019577 0.0185962277256 0.0294097624475 0.0192189419314 0.0303310751394 0.0064727836824 0.0218800981012 0.02822688615 0.0522113357937 0.0294757345318 -0.00216244235466 0.0139747948219 0.0251669048409 0.00479655120102 0.136455218886 0.00692183365932 0.0203882408351 -0.00127643532051 0.0377278110414 
0.00997950853469 -0.0184609969452 0.0111667172905 0.0165679247903 0.0113155648312 0.000759649858205 0.00191292679289 0.0146483763747 0.0221654836686 0.00533329267305 0.00582204944958 0.0210039897016 0.0173728222242 -0.00274607320402 0.00685072788839 0.0171551751711 0.0186442685034 0.0163297893757 0.000306385967238 0.00671145632286 0.00532695301574 0.00887864626087 -0.0179103925949 0.0233220446473 0.269480373401 0.00794912207101 0.0110692944401 0.0162299534722 0.00985042426271 0.000272390840548 -0.0142792785404 0.00209889956284 0.000187097704984 0.00750529045969 0.0189645015655 0.00173561723892 0.0296767718117 -0.0090891822547 0.0256477075562 0.00741463902221 0.0141206548106 0.0172294486729 0.0121022240775 0.00605586655771 0.0155029766741 0.00824842705636 0.0308654860519 0.0128405630071 0.00838550285101 0.012866961379 0.00851980014037 0.0106120507066 0.00161656756313 0.016657125936 0.0126630418019 0.00476596106197 0.0137467047946 0.0166467046681 -0.00572199795513 0.0240084444171 
-0.0075009717721 0.0364314352608 0.0190127798321 7.54858309745e-05 0.0369702053069 0.0229183130146 0.0339652188675 0.00393235914201 0.0312379959852 0.0183749875677 -0.012845346962 0.0229387119348 0.0155767335796 0.0120047887016 0.0293520462098 0.0170043387446 0.0035106749988 0.0286221933716 0.0329802010989 0.0305830109363 0.0207196122033 0.0321758170972 0.00530843440302 -0.0019509061106 0.00794912207101 0.452220183316 0.0324778513371 0.024780298824 0.028243523465 -0.00482983820771 0.025514391747 0.0249042760594 0.0421250237908 0.0532135561865 0.0266058314491 0.0573934137538 0.0275235832028 0.0101162045043 0.0303654701329 0.00553943451185 0.0129647017319 0.00409982673829 -0.0071377318837 0.0274652096696 0.0583539592001 0.0311031381194 0.00688790244356 0.0214864592473 0.0393916763783 0.0154973320216 0.0211389015549 0.0602864574304 0.0220245185522 0.0170761807471 0.0106471238835 0.0225393279226 0.0236599071061 0.00728249210764 0.0277886640038 -0.00873853849811 
0.0186034043168 0.0497740837019 0.0169411666442 0.00608614804885 0.0119022282339 0.0234743436725 0.0444054741507 -0.00181369234885 0.014605403282 0.0286327220812 0.0335336897783 0.0170335905512 0.0344806631258 0.0232768963491 0.024167404415 0.0288382355739 0.000954090218841 0.0265000255602 0.017032361627 -0.0113116940545 0.0248364093818 0.00767318992121 0.0107387441443 0.0563452993385 0.0110692944401 0.0324778513371 0.498066269512 0.0115190455864 0.00970926996111 0.00312385726676 0.0117756543441 0.0326098520889 0.020731992019 0.0125007822401 0.0148418532529 0.0254717710937 0.0352009576819 0.0186346317505 0.0138252886327 0.00388923721941 0.0242510394162 0.0110687129117 0.00142877915488 0.0298660813631 0.027531128211 0.0419174731504 0.0120361471664 0.0197846083711 0.000531365802856 0.0134424500947 0.00467181674733 0.0126665444667 0.0227296851944 0.00524846426024 0.0141886376141 0.00432752671822 0.0130748879844 0.00467503429831 0.0113948738889 0.0159483656681 
0.00969479487901 0.0136714583407 0.00456621484757 0.0158367649991 -8.0371781714e-06 0.0320049876308 0.0232813810637 0.00149076987649 0.000122535307296 0.0142523410014 -0.00164490294141 0.0190025402091 0.0461553216493 0.00497196391488 0.0306969008895 0.0305186500369 0.00993046284954 0.0204553969622 0.0108899816628 0.00818723402088 0.00667386708812 0.00441897397139 0.00244086141807 0.00786517105671 0.0162299534722 0.024780298824 0.0115190455864 0.204503300942 0.0359578091717 0.0157352364693 0.028266306709 0.0118193363882 0.017399769953 0.0276936077667 0.0123673654825 0.0246196650374 0.0131995707845 0.0190337272785 -0.00454304369192 7.16298707311e-05 0.0075758197758 -0.00517834718157 0.0157824023555 0.0163168624014 0.0343135744384 0.0217943970436 -0.00228788798288 0.0199041383401 0.0178398563168 0.00922634670428 0.0104884146073 0.0257523878313 0.012258301496 0.0176046769812 0.00585904311264 0.0176685847503 0.00565484602645 0.0137253413028 0.0281196343213 0.020817610575 
0.0102234932464 0.0156438254893 0.0167896211423 0.0293104980286 0.00518180725448 0.0320007491321 0.0158292299448 0.0186492410125 0.00579125578664 0.0100733447712 0.0131309076147 0.0179053076421 0.0157612083269 0.0181348047004 0.0302433281148 0.0289299621312 0.0166952878907 0.0189754387289 0.024868494383 0.00722937098063 0.0132187945434 0.0111183711116 0.00945344351358 0.0104972068866 0.00985042426271 0.028243523465 0.00970926996111 0.0359578091717 0.158538129979 0.0177926850073 0.0354671622215 -0.00146407134952 0.0281988485143 0.0304129338034 0.0171324328617 0.0201279397189 0.0199170914081 0.031258516031 0.0180205126825 0.0044971751604 0.00437542427055 0.00760367285283 0.0157448129189 0.0197661634533 0.0120359479905 0.025031337642 0.000898955978138 0.02600852618 0.0266448979445 0.00415326504813 0.00555587805578 0.0234145234312 0.0127831518809 0.0260446641894 0.0136061516089 0.0164236947744 0.00326785372822 0.0201472807143 0.0193936226204 0.0258881216776 
0.0207477041172 -0.0119993691048 -0.0026310781034 0.0148183884991 0.012234786681 0.00347960260694 0.0320661214786 0.000496381000206 0.015110231144 -0.00832724388014 -0.00144044767402 0.00355700751318 -0.0191030434232 0.0104025183869 0.00353068459483 0.0152196854322 0.0125363855664 -0.0010946770747 0.00520930771575 0.0288009971557 0.0514711780791 0.011623737467 0.0407311904904 0.0745329176268 0.000272390840548 -0.00482983820771 0.00312385726676 0.0157352364693 0.0177926850073 0.460304065693 -0.00304023705488 0.0028488506595 -0.00464830978068 -0.00567854351536 -0.0069484409293 0.0130046527373 0.0148032957334 0.020218168849 0.0106779855527 -0.00365839724398 -0.00342586528872 0.0117194682146 0.00512839549148 0.0104584442115 0.0158540918709 0.00927183484606 0.0109214757737 0.0121864611123 -0.000236168483216 0.0136417632353 -0.00454599962555 0.0093657258312 -0.0207977225786 0.0258444007923 0.00961741696039 0.0233227452658 -0.00116963133416 0.0116578468291 5.74862337004e-06 0.0147235965285 
0.0130395869439 0.0246295307929 0.0159783712416 0.00701960043742 0.0205074292027 0.0269555955597 -0.0353213459915 0.014128142528 0.00331573650535 0.000664217296782 0.0021424990521 0.0119814848239 0.0183047248986 0.0068123136539 0.0189329229395 0.0070389896285 0.00192785056701 0.018588421865 0.0112187554115 0.0156990855432 0.0185915517529 0.0153965983373 0.0144103339836 -0.00673038850563 -0.0142792785404 0.025514391747 0.0117756543441 0.028266306709 0.0354671622215 -0.00304023705488 0.264345081458 -0.00805828915262 0.0261866667763 0.038418028842 0.00910268660519 0.0217962914144 0.0330687881385 0.0114932972904 0.0273906090084 0.0132745072815 0.00458207450789 -0.00938089700409 0.0110162211088 0.019006049478 0.0211643354692 0.0212045394716 0.0104342665398 0.0140507748297 0.0213928385494 0.00187822555159 -0.00623310642594 0.0546202982287 0.0147256967778 0.0550403454589 0.0105128678885 0.0026370037576 0.0121465830226 0.00529688557997 0.0318880428302 0.0121302704721 
0.0280409989395 0.0407487279772 0.0264858827601 0.0381528680444 0.0314210954278 0.0283892601301 0.0869287209567 0.0321716139551 0.012084130914 0.028883378588 0.0181758472832 0.0325532417618 0.0305304196076 0.00909720761516 0.0179657042529 0.0248942435574 0.0108634620595 0.0057620555364 0.0512326392288 -0.000620379611558 0.0304162085293 0.00138007072472 0.00237970917598 0.0081083691094 0.00209889956284 0.0249042760594 0.0326098520889 0.0118193363882 -0.00146407134952 0.0028488506595 -0.00805828915262 0.635203885621 0.0343026269304 0.0225345732969 -0.0363174084856 0.0527173028505 0.025198932868 0.0271594447625 -0.00016558258438 0.0135519186432 0.0235704158394 0.0128266445719 0.0122239730962 0.0243012555981 0.00522932608621 0.0211299669787 -0.00968786970446 0.0141712949632 0.00687064863495 -0.00196877848135 0.0349672165602 0.00399325712938 0.0294707703298 0.0242822531364 0.017039858459 0.00163775118696 -0.000670966084442 0.00341176812449 0.00510980652303 0.00414457018744 
0.0137347803743 0.0312151351635 0.0260905300291 0.0150154896969 0.0293585604118 0.0555742917729 0.0314546307117 0.0170626347774 0.000283044012382 0.0128746097005 0.0153692902687 0.022361295443 0.0363028860161 0.0100115762438 0.0224350857437 0.00960484864899 -0.00323872789139 0.00601338823263 0.0289688327766 0.0217093595371 0.0186059577505 0.0163975469534 0.0084217445975 -0.00366203481149 0.000187097704984 0.0421250237908 0.020731992019 0.017399769953 0.0281988485143 -0.00464830978068 0.0261866667763 0.0343026269304 0.298971241519 0.0164529249741 0.0131873535418 0.0363925713105 0.0336487402578 0.0330123177579 0.0282961828735 -0.00052528544197 0.012692439362 0.0128465751224 0.00644485673514 0.0246088821712 0.0527702687778 0.0285095934086 -0.00642863026246 0.0345424713565 0.0353881926399 0.0105861375978 0.0253453679611 0.0346073423087 0.00546926955825 0.0357741133946 0.0404415040173 0.00588197135109 0.0215482269435 0.0100572089896 0.0240860546219 0.00999383191524 
0.0193672152098 0.0336066874638 0.00012571693701 0.0175412950383 0.00828950809285 0.0298273376294 0.0640622596927 -0.00408864454007 0.0321149569151 0.0283602404624 -0.0258070861732 0.00342097033952 0.0551242384046 0.0342588608063 0.0151837171145 0.0182308519212 0.0198749426837 -0.0107460834934 0.0245810685785 0.00628640063885 0.00200027057514 0.0074725088562 -0.00734932564804 0.0155913126804 0.00750529045969 0.0532135561865 0.0125007822401 0.0276936077667 0.0304129338034 -0.00567854351536 0.038418028842 0.0225345732969 0.0164529249741 1.06753259833 -0.0073213933751 0.0140019983097 -0.0079251967133 0.0208164467923 0.0448836915122 0.0037317527028 0.00986351880233 -0.00481631742945 0.000807168886471 0.0231835204194 0.0258180101039 -0.00149292494463 -0.0123490618522 0.0124987014353 0.0138884709512 0.0295262893203 0.020208976435 0.000450996549395 0.0113600799632 0.0142522231113 -0.000457716004061 0.0144948749877 0.0108489305362 0.0212297432707 0.0154044871852 0.0252678848417 
0.00873952899859 0.0105789715744 0.0107199012028 -0.0072098277636 0.0259327712516 0.0218336741942 0.0268038568867 -0.00377977910574 0.0157797378345 0.0153541386526 -0.0093065993083 0.030911395349 0.0111918878771 0.00398628650711 0.0176323547716 0.00696944783232 -0.00410594445684 0.00825001820587 0.012125103131 0.0364772220809 0.0156917373967 0.00801210748152 0.00505400817423 0.0172487087111 0.0189645015655 0.0266058314491 0.0148418532529 0.0123673654825 0.0171324328617 -0.0069484409293 0.00910268660519 -0.0363174084856 0.0131873535418 -0.0073213933751 0.979806991007 0.00463204486859 -0.00774775919388 0.0107450045457 0.0436019353326 -0.00196708633416 -0.00685741085169 0.00987924726553 0.0136377237963 0.0214745892285 -0.00718049747736 0.0145698266146 0.00349010343859 0.0108990150505 -0.0107460339632 0.0105667870035 0.00270851254208 0.0152045807752 -0.000679817286292 0.00470281719442 -0.00456192570331 0.0257024523639 0.00316079306648 0.0132234690027 0.00191468353445 0.0173387783475 
0.0248272060864 0.0158761329631 0.00635220733244 0.00251464988956 0.00866451197306 0.0350338905086 0.0797568162311 0.00739897738684 0.0403088548916 0.0293138808939 0.000591175381318 0.0301202090269 0.0234826874818 0.00558660056942 0.0313140090442 -0.00445473454192 -0.00210377064604 0.0263919940311 0.00942180580164 0.00418959389465 0.00781167414852 -0.00457414114617 -0.00799655815712 0.0177336459539 0.00173561723892 0.0573934137538 0.0254717710937 0.0246196650374 0.0201279397189 0.0130046527373 0.0217962914144 0.0527173028505 0.0363925713105 0.0140019983097 0.00463204486859 0.71538259809 0.00390589374412 0.0100272888771 0.00831590928333 0.010526697292 -0.00316847075446 0.0111043320205 0.0385268622585 0.00641773959964 0.0104538992902 0.0107739387906 0.00694010054234 0.0377014981209 0.0390918528118 0.0115122762324 0.00782778901029 0.0205561521353 0.0289762721438 0.0291422358189 0.0194902744815 0.0203238065324 0.0059150374425 0.00938975402898 0.0148728048842 0.0140293627815 
0.00129897259432 0.0345726572725 0.0144359555103 -0.000562415729051 -0.00703916251208 0.007796664038 0.0768789126946 0.0132502351735 0.0174869440333 0.0145531596486 -0.0124376397864 0.00155838761112 0.0147042752364 0.000218476281067 0.0290644684413 0.0101307968848 0.0128722177286 0.0144429630474 0.0239894577276 0.016099643455 0.0256217916982 0.0257369125782 0.0145364539651 0.0326147880811 0.0296767718117 0.0275235832028 0.0352009576819 0.0131995707845 0.0199170914081 0.0148032957334 0.0330687881385 0.025198932868 0.0336487402578 -0.0079251967133 -0.00774775919388 0.00390589374412 0.859720507627 0.0314629222671 0.00778306420459 0.0159662130502 0.00482544167066 0.0089941479654 0.0103880482612 0.0216137296427 0.0217712600114 0.0202605919452 0.158852894635 0.0345165172042 0.0255172272196 0.0135994830623 0.0106459734141 0.0505936002401 -0.0118985979639 0.0407559494268 0.00866259605861 0.0213489172969 0.0198699255707 0.0110214796814 0.00920975294684 -0.000641701653981 
0.0296998222813 0.0358490941778 0.0208652449866 0.00237773514863 0.00253473599539 0.00754308235009 0.0321118989799 0.0233445234022 0.0178378813042 0.0168529208009 0.00984048734467 0.0231723148782 0.0273259113713 0.0162476347396 0.0147789930339 0.0107390547412 0.0143706301064 0.0135868666645 0.0265453188955 0.0387155237579 0.0111880706952 0.0520771261453 0.00688580694699 0.00513755473521 -0.0090891822547 0.0101162045043 0.0186346317505 0.0190337272785 0.031258516031 0.020218168849 0.0114932972904 0.0271594447625 0.0330123177579 0.0208164467923 0.0107450045457 0.0100272888771 0.0314629222671 0.485326455386 0.00378905596669 0.0156377444388 0.0283671312034 0.0155985135647 -0.0039200102089 -0.000340388864521 0.0316266079053 0.0274128125709 -0.00579501965837 -0.0026975662438 0.0233330873008 0.0120969395546 0.0299472853285 0.0239800140836 0.0224521292391 0.106865811868 0.0280591409707 0.0160306960334 0.00852240515174 0.00908866870742 0.0318556090364 0.0042802319982 
0.00423492857521 0.00515432202268 0.0332906685802 0.0134896129432 0.0362211301418 0.0159896479322 0.00284264053144 0.00768295340857 0.0103710819758 0.00546968658897 -0.0045905554482 0.0334986363816 0.0290503486526 0.00168248538564 0.0115568020852 0.0339292840537 0.00580379596623 -0.00409371608165 0.00895421413176 0.0393572069802 0.00576099895929 0.0208569340001 0.00656492382186 0.0160345651406 0.0256477075562 0.0303654701329 0.0138252886327 -0.00454304369192 0.0180205126825 0.0106779855527 0.0273906090084 -0.00016558258438 0.0282961828735 0.0448836915122 0.0436019353326 0.00831590928333 0.00778306420459 0.00378905596669 0.393537948975 0.00919761303166 0.0201823708641 0.0146176308979 0.0245648041513 0.0241422796373 0.0153094143444 0.0364885286039 0.00732019555646 0.0244389414997 0.0408391822568 0.00954840302457 0.00485707559009 0.0393740999884 -0.00103296455348 0.0215129549506 0.0197333039708 0.00916791043732 0.00153096421256 0.0159326291294 0.0108307356834 0.0311099588871 
