60
0.0285158318856 0.0831725949645 0.0933125666969 0.146363775453 0.188050706821 0.0362094771936 0.0248078828137 0.0434942638749 0.0528259349661 0.0472748306646 0.019144788815 0.0267965440056 0.0682562642732 0.070265204238 0.066200000993 0.132143501856 0.0499472002084 0.093312473985 0.02392892696 0.0700025840065 0.0354646018646 0.0590558874601 0.0820701074714 0.0347696809731 0.125871369107 0.0542920038725 0.0297343435849 0.0395572708053 0.0589662330248 0.0308834605432 0.02473804396 0.106366385329 0.129241945615 0.0280903462606 0.0752984700253 0.0725669815102 0.0436219100546 0.208286894217 0.00699576056141 0.0621529110589 0.0746691414478 0.0135350028622 0.15397042743 0.0664901393557 0.0613427887106 0.0359279599811 0.0784336943662 0.0761836706695 0.0308768641188 0.0594687244428 0.116671338284 0.0635798530397 0.0878126089614 0.0766147585819 0.162626926374 0.0282353637115 0.0707348977441 0.0406155741598 0.133327922328 0.0380825412642 
0.183379959734 0.00543470429997 -0.00935140276216 -0.00569237903213 0.00554934208258 0.00505847908515 0.0104287972424 0.0148952727863 0.00878270974246 0.00255099354938 0.018839373819 0.0124765638083 -0.00306967009248 0.00940464628289 0.0111931416233 0.034289049299 0.0100348183612 0.0287482695841 -0.00347034451704 0.00130683185233 0.0417413144005 0.00900213209831 0.000724910011957 0.00915162437906 -0.00446784651865 0.0228117429799 0.00379629335259 0.00369119024127 0.00864785687253 0.0221252406423 0.0340915528361 0.0524748039691 0.0242280672495 0.00475465149339 0.0148538592476 0.0264744861978 0.0370760346733 0.00885050444482 0.0376594647865 0.00691807907483 0.0132120860102 0.00488346821301 0.0289883299574 0.0073966950591 0.0213048839525 0.0163054485932 0.00489763944839 0.00708820240773 -0.00336730086354 0.00624002733786 0.0214942503142 -0.0113326584247 -0.0055039769629 0.0071137127058 0.0327386180377 0.0191840724344 0.00319027263605 0.017657606272 0.0172254515332 -0.00174736967507 
0.00543470429997 0.44025315202 0.0215064675308 0.00518203978244 0.0603401683773 -0.00714125184176 0.0269959588852 0.0303855660097 0.0401459769925 0.00513410731221 0.0212904443333 0.0136548402602 0.00726008723746 -0.0106181446402 0.00769002668846 0.0418485448221 0.00156392731045 0.0361940884075 0.0271893757091 -0.000879020112345 0.0190671306105 0.018719119283 0.0384502708457 -0.00816201609571 0.00631498287901 0.0195761072982 0.00813660990008 0.0304811726316 0.00370605154328 0.024569994906 0.0201765815574 0.0307223094523 0.00758471648363 0.0125193756501 0.0335230256637 0.0393325369462 0.0200037078988 0.00915567613302 0.0104302696469 0.0175086369207 0.018755487907 0.0458397656199 0.0220122929478 0.0208228742433 0.02107682311 0.0454430691298 -0.00118283941479 0.0269029539202 0.0160909556195 0.0140329786008 0.0205716809651 0.0321193863093 0.0206680901901 0.036120219509 -0.00411465883449 0.0202735544488 0.0133725886816 0.0263774310159 0.0449076087824 0.0218172461838 
-0.00935140276216 0.0215064675308 0.984575414414 0.0174266722503 0.0195497018241 0.0095308237826 0.00477261067071 0.0153468682265 0.00715943988486 0.00268995090206 -0.0037266142799 0.0125772638035 0.00439154357132 0.00756190700142 -0.0210649038252 0.011723688209 0.0142026757444 0.0148629574407 -0.0274781264931 -0.00888683714109 0.00806865609681 -0.0193995497339 0.000644413536614 0.011250594566 -0.0123474864686 -0.0101328835796 0.0135201333027 0.019714754778 -0.00684950123927 0.0046363974745 -0.00872156822699 -0.0121752133191 0.0040072841609 0.0214284988454 0.0157257448729 0.0215246338544 0.0172764035853 -0.0084906880667 -0.00205515274135 -0.00552158300669 0.00791291119423 -0.000550152050793 0.000178735183046 0.0276929738589 -0.00177934350641 0.007145788171 0.07559010805 -0.00145378460387 0.00265762534508 -0.00429225018695 -0.000127548908418 0.0175049760323 0.00798191992061 -0.00208767457182 0.00989202436767 0.00692879036502 0.105994515751 0.0196608886504 0.00305266749099 0.10358181008 
-0.00569237903213 0.00518203978244 0.0174266722503 0.965914690356 -0.00602088980668 0.00867561687023 0.0102888947446 0.0259823550054 0.00113418301061 0.0243722146902 0.00587444493191 0.00599390499519 0.0129377608858 -0.00429367112355 0.0203402949422 0.0179971857969 -0.00647851092873 0.0295972264353 -0.00312122367897 0.00563669740386 0.0144123617465 0.00637580627573 0.027364607016 0.027126230618 -0.0197545666266 0.00651491016732 0.00960103553812 0.00747537944275 -0.00193551036851 0.00500756590764 0.0122104937159 0.00849616438716 0.173080594355 0.00655810842479 -0.0122287458122 0.00801685640577 -0.00630864990682 -0.0230602118201 0.00370870929658 0.00763412410579 0.011476649246 -0.0194074344582 0.0208708723218 0.020301067778 0.0181844186798 0.0098621448246 0.00822009181792 0.0222063875752 0.00281377280289 -2.01457102328e-05 -0.00424308489073 0.0276631471157 0.00611085937907 0.00296445733995 0.0079909805314 0.011183325684 -0.00686705464182 0.019313733555 0.0035167124645 0.0286646641212 
0.00554934208258 0.0603401683773 0.0195497018241 -0.00602088980668 1.00434805112 0.0235314707937 0.0159912334626 0.0587449838365 0.026749450206 0.0165537031242 0.0205690877948 0.0110662159781 0.0100166865624 0.0139817619063 0.00479768400209 0.0202398691042 0.0270042366824 0.001932777916 0.0205442118433 0.00927103170876 0.00240248807659 0.00420106766886 0.015252984564 0.0553550716056 0.0254632689258 0.0235183075308 0.00345338195801 0.0248717420794 0.0231078164934 0.00597798065 -0.00350934105913 0.0186719469654 0.01186182912 0.00692576273223 0.0438582527812 0.0420508581973 0.0201868432251 0.0468113086186 -0.00230927919762 -0.000862096190144 0.0236751070522 0.00858027839963 0.0106287650378 0.0118070248677 0.0178912594261 0.0140750598873 3.83969836829e-05 0.045807723218 0.0310781731083 0.0205077168451 0.0813678773424 0.0277201873007 0.0530719582439 0.0409532963666 0.00574783430234 0.00941532276549 0.0288139493466 0.0255673152169 0.0447190793065 0.0518044590097 
0.00505847908515 -0.00714125184176 0.0095308237826 0.00867561687023 0.0235314707937 0.236211468106 0.00415527906609 0.0308910859886 0.0246812966369 -0.00834559481282 0.0328656253313 0.0329773672123 0.0229908722395 0.028154099878 0.0229260098662 0.0115902632283 0.0127621786796 0.0168885969344 0.0095013995019 0.011588220483 -0.00170971172133 0.00194835718071 0.0267596042242 0.0246697172909 0.00912982841306 0.019564171797 0.0108593836534 0.0130591551041 0.0418138029552 0.0197439095731 0.00577827747482 -0.00282505649331 -7.5233527249e-05 0.0254798468825 0.0431679098592 0.0236786789131 0.0553063882738 0.0186723623735 0.00511105610808 0.034235669279 0.0320521788237 0.012904983203 0.00379742028036 0.0447785909702 -0.00775680071151 0.00274646768467 0.00726002648493 0.0238656151772 0.0151202430975 0.0206494796634 0.0221595543798 0.0308079004247 0.0175570318306 0.00610322086007 0.000524862715186 0.0243241275242 0.0138177835263 0.0278797197271 -0.0106228797239 0.00652649318608 
0.0104287972424 0.0269959588852 0.00477261067071 0.0102888947446 0.0159912334626 0.00415527906609 0.20915122778 0.0188473656519 0.0110756629214 0.00767036342743 0.0112074933847 0.00723621811289 0.0197929105438 -0.00064641128785 0.0159496871327 0.00238861691931 0.0140285830954 0.011931836202 0.00542082633735 0.00298548828926 -0.00193048149256 0.0111567393865 0.009420106666 0.00925388184817 -0.00655219392459 0.0107218893214 0.0104338973018 0.00730637294263 -0.00154718214401 0.004154744158 0.00292337447411 0.00788869115327 0.00881748356736 0.0355427315823 0.000626132076626 0.0185014818676 0.0165780501964 -0.00454294467634 0.00604933004674 0.00805282919917 -0.000535012011094 0.0141227822828 0.00953513505115 0.0311595723142 0.016758528996 0.00700351580321 0.00839684898124 0.0155349531058 0.00489194477834 0.00263463189193 0.00477001967971 0.00631056398818 0.0246438766731 0.0252479163048 0.00431793409312 0.00811433901029 -0.000159896335753 0.0150424656267 0.0208816479367 0.00870689806364 
0.0148952727863 0.0303855660097 0.0153468682265 0.0259823550054 0.0587449838365 0.0308910859886 0.0188473656519 0.296337224871 0.0284342755302 0.016566822142 0.0305045919651 0.0127879073334 0.0384367726081 0.000299496523511 0.00130661623893 0.0243574987534 0.00967601624722 0.0084939293087 0.0382809018914 0.00625328859225 -0.0083739714985 -0.000531985446425 0.0233522089652 0.0302051740256 0.0188657810857 0.0172929318257 0.0113868414487 -0.000961082364467 0.0363579204496 0.00790606791367 0.00356102942652 0.0217426038765 0.0136566238676 0.0232697058098 0.0159071623395 0.0352841773524 0.0443649673487 0.043061104147 -0.00276669993474 0.0266605363475 0.0283104414313 0.0273369677656 0.0379277220682 0.0383961117881 0.0171868953645 0.00909506893399 0.0123339350536 0.0379128007341 0.000716133243101 0.0374089376447 0.0195916846316 0.0167176652371 0.0164246790857 0.0482960621192 0.0279255934951 0.0195740012951 0.0153276720157 0.0228119495784 0.0242552078464 0.0201572457002 
0.00878270974246 0.0401459769925 0.00715943988486 0.00113418301061 0.026749450206 0.0246812966369 0.0110756629214 0.0284342755302 0.279417855917 0.0069258919383 0.0115800873883 0.0123172406017 0.00383682809005 0.0328958219907 0.0290615045915 0.00878781824004 -0.00340271425922 -0.00141112829605 0.00843919297718 0.00629797005621 0.00848413412593 0.0200188162335 0.0186406947329 0.0260781539133 -0.00865315132434 0.00256596081507 0.0134753584065 0.00583967457755 0.012745548852 0.0253416624592 0.0131047821758 -0.0112723703274 0.0102881235976 0.0318111424637 0.0307397023677 0.0218473562661 0.0392357455451 0.0117810362493 0.00678336960758 0.012397871142 0.0311448833349 0.0074035671701 -0.00661382045046 0.0177285747625 0.00808210118183 0.011662022231 0.0114429283141 0.0247279766738 0.0186639621577 0.0211136870971 0.0510292564199 0.0243090561719 0.0144386105861 0.0319509700253 0.0217239543481 0.0185060389785 0.00358410128291 0.0189198426731 0.0169750990967 0.00126570092257 
0.00255099354938 0.00513410731221 0.00268995090206 0.0243722146902 0.0165537031242 -0.00834559481282 0.00767036342743 0.016566822142 0.0069258919383 0.351893716699 0.00935994851548 0.00287228918642 0.00300624206979 -0.00267021043192 0.0130526601046 -0.000692923682864 0.00907938300928 -0.00994366684632 0.000965981858044 0.0152890201863 0.00629306115446 0.00778592538852 0.0202149782641 0.0182086557541 0.00230692778551 -0.0073449726476 0.0094889685184 0.0175597229123 0.0129910759324 0.0127170811834 0.009891942688 0.00042175434203 0.0149878121667 -0.00379637958882 0.0141675310411 0.00213456005172 0.0162728459097 0.00415200642885 0.0136485912161 0.0161973504537 0.00635339867174 -0.00174923282084 -0.0146053700066 0.00586585976965 0.0164116409479 0.00128159936661 0.0320936844705 0.034216442775 0.0226293819268 0.000946326725805 -0.0189953015643 0.0176747288721 -0.0138033170838 -0.00758435646343 0.00520828667331 0.0102474004122 0.00358856060187 0.0158522336872 0.000119026799976 0.0168194285371 
0.018839373819 0.0212904443333 -0.0037266142799 0.00587444493191 0.0205690877948 0.0328656253313 0.0112074933847 0.0305045919651 0.0115800873883 0.00935994851548 0.217304647576 0.0157222326242 0.0250449202194 0.00730536532257 0.0336937622701 0.00625536597922 0.011343481541 0.0102788889705 0.0504727300679 0.0153068654035 0.00989344291574 0.0242429946708 0.0190450673641 0.0166056602057 0.0328746665479 0.0179208745463 -0.00693931845474 0.000865071114904 0.0134331306778 0.0197036862217 0.0102316242658 0.0143455838156 -0.0021295348819 0.0111945953932 0.0225501862836 0.0370941863587 0.0327061842263 0.0114556938227 0.00969427092558 0.0416923485761 0.0215764770453 0.020898519855 0.00970929835864 0.0466016484171 0.00559706946838 0.0129935951146 0.0215899035902 0.0102455021006 0.0261480028289 0.0266581716474 0.0179756302207 0.0204789626647 0.013075645866 0.0216736479792 0.0048620855137 0.0263332206074 0.0196345357422 0.0260438684049 0.00495080708448 0.0112364145607 
0.0124765638083 0.0136548402602 0.0125772638035 0.00599390499519 0.0110662159781 0.0329773672123 0.00723621811289 0.0127879073334 0.0123172406017 0.00287228918642 0.0157222326242 0.160358450994 0.014210273013 0.0218185975694 0.0258449020584 0.011459495207 0.0129247075776 0.00357447166722 0.00423029667506 0.00567796936303 0.0171878320087 0.015493720307 0.0166616691534 0.00397779359152 0.00463085163056 0.00391107863078 0.00410454189835 0.00639723826178 0.0102446053888 0.0398516561476 0.0203370973199 -0.00327141354413 0.0149180107927 0.0266963534348 0.014325531436 0.0331966132939 0.0299032772555 0.0399790597797 0.0104460653738 0.0146689644814 0.0220443012932 0.0130676815762 0.00467406270835 0.0358124355094 0.00761806266366 -0.00514479614847 0.00582234207327 0.00656753899857 0.0134610159979 0.0164329621304 0.0124544925285 0.0311345028322 0.0102435224347 0.0134325689995 0.00389516615704 0.0444978574592 0.0116591289817 0.0141295430357 0.00946295813481 0.00796702524535 
-0.00306967009248 0.00726008723746 0.00439154357132 0.0129377608858 0.0100166865624 0.0229908722395 0.0197929105438 0.0384367726081 0.00383682809005 0.00300624206979 0.0250449202194 0.014210273013 0.375816191677 0.00610942759806 0.00267600535424 0.020824844444 0.0187785094266 0.00846504530284 0.0252692558238 0.0117849239876 -0.0054966089638 0.00404904230586 0.0373164065629 0.0189381666153 0.0228148873834 0.0203439033045 -0.00019126336093 0.0113103504163 0.0147596386242 0.00570984161863 -0.000806703957224 0.0194915873513 0.00321079984471 0.0165888718922 0.0136724615854 0.0400576416355 0.0146559600658 0.0244163494284 -0.00181892597975 0.0283240898271 0.0100170520323 0.0244559588808 0.0301151638975 0.0363226877914 0.00441014298181 0.00878772821139 0.0210568727097 0.0193114278622 0.0114157943691 0.023229574224 0.0144805690065 0.0260050562844 0.0408312789171 0.0480180828592 0.0229064306601 0.0147569283816 0.00843331341937 0.0155371052651 0.0246663458613 0.0231774299279 
0.00940464628289 -0.0106181446402 0.00756190700142 -0.00429367112355 0.0139817619063 0.028154099878 -0.00064641128785 0.000299496523511 0.0328958219907 -0.00267021043192 0.00730536532257 0.0218185975694 0.00610942759806 0.977178099077 0.0370009632817 0.00811816813348 -0.00335008079701 0.0203458245045 0.0148975184308 0.0149571660302 0.00556399989047 0.00462805895164 -0.00726043156687 -0.00471358485072 0.0043607062307 0.00244199932495 0.00948409222402 0.00364089654274 0.00762678867227 0.0235893383177 0.0179392455402 0.0467488749294 -0.0240987402137 0.0115055341002 -0.000408141629251 0.00131484941856 0.0121891147951 0.00361027715584 0.0133465721035 0.00113146506913 0.0291121944556 0.020111661343 0.0491838591423 0.018782013295 -0.00204425740761 0.0105643492183 0.00460746651839 0.00667216179498 0.0133465516105 0.015987405007 0.0236488016873 0.00131468129434 0.00541595067279 0.0095989129686 -0.00699149453565 0.0171498832014 0.00815486030688 -0.00306886254824 0.0151410798683 0.0213103386723 
0.0111931416233 0.00769002668846 -0.0210649038252 0.0203402949422 0.00479768400209 0.0229260098662 0.0159496871327 0.00130661623893 0.0290615045915 0.0130526601046 0.0336937622701 0.0258449020584 0.00267600535424 0.0370009632817 0.639597243842 0.0106222796632 0.0373125503352 0.0142008240683 0.0239058976614 0.0215813688908 0.00916563288669 0.034905696452 0.0279217378803 0.00542348814787 0.00664057055106 0.0184640478038 0.0151575391376 -0.00188097477098 0.0257961009541 0.0255982629954 0.0106829791395 0.0404253905163 -0.0102798559013 0.0474336729441 -0.0082139672584 0.0258417874132 0.00536013975195 0.0239750270674 0.0156928338169 0.0377989820694 0.0148043668793 0.0322790407226 -0.00325732668857 0.0625352244703 0.00713369964896 0.00649472056926 -0.00107488934715 0.0131603336069 0.00919435089396 -0.0064166732254 0.0156179625758 0.0218467628463 0.00861297613965 -0.0274708794948 0.011017388333 0.0290776784187 -0.00395524262282 0.0619528463855 0.0203260081833 -0.000596087230434 
0.034289049299 0.0418485448221 0.011723688209 0.0179971857969 0.0202398691042 0.0115902632283 0.00238861691931 0.0243574987534 0.00878781824004 -0.000692923682864 0.00625536597922 0.011459495207 0.020824844444 0.00811816813348 0.0106222796632 0.446569925368 0.00936480028911 0.147022826988 0.0124291761231 0.0174069670874 0.00730946097615 0.0106021577097 0.0168723656587 0.0221385425826 0.00887280974869 0.0253858911445 0.0281223646325 -0.00387710995261 0.00812520409489 0.00422272326683 0.00907223379035 0.124693862819 0.0308947112226 -0.0150172387211 0.0468038882391 0.0302574925853 0.0144099658747 -0.00205947491875 -0.00491096800075 0.0101453049135 0.0247326165212 0.00291800187117 0.106463970636 -0.000532624678435 0.00445292402914 0.0164797778964 -0.012951914155 0.0280211498573 0.0072920421246 0.00388818458057 0.00486555830051 0.00458986844398 0.0207909299685 0.020738169946 0.0630904255331 6.45619187496e-05 0.00993847584558 0.0291186754113 0.0114518086437 0.00203358080633 
0.0100348183612 0.00156392731045 0.0142026757444 -0.00647851092873 0.0270042366824 0.0127621786796 0.0140285830954 0.00967601624722 -0.00340271425922 0.00907938300929 0.011343481541 0.0129247075776 0.0187785094266 -0.00335008079701 0.0373125503352 0.00936480028911 0.347064024753 0.0180603612387 0.00928326604781 0.108964776468 0.00575645242941 0.0214510244811 0.0190951913973 0.0155648006716 -0.0305022048204 0.00436892347541 -0.0128709729317 -0.00756246801643 0.0265915343709 0.0157035890165 0.000570858365886 0.00128009606147 0.00578155653032 0.0177002649454 0.0204891297301 0.00507252771605 0.0241504793309 0.00814575872305 0.00476678426433 0.0236479772328 -0.0127689084475 0.00993758363456 0.0143559141831 0.020779175611 0.0282283339259 -0.00157356943748 0.0109436644285 0.00351893636756 -0.0100975995106 -0.00416795167623 -0.0165871161299 0.0253935946792 0.020444444925 0.0249484022158 0.00382217212597 0.0141255981115 0.009760479244 0.0143720657991 0.00960451509475 0.0141983093065 
0.0287482695841 0.0361940884075 0.0148629574407 0.0295972264353 0.001932777916 0.0168885969344 0.011931836202 0.0084939293087 -0.00141112829605 -0.00994366684632 0.0102788889705 0.00357447166722 0.00846504530284 0.0203458245045 0.0142008240683 0.147022826988 0.0180603612387 0.395066779785 0.00748430498453 0.00783916385085 0.0233011965044 -0.000102160533067 0.00974670531127 0.0230714201694 -0.00211941932421 0.00751110188478 0.00940112333107 0.00739323237644 0.0326257471012 -0.00443444711571 0.00884869515936 0.144883822033 0.023230476704 -0.0111024701561 0.0415305406749 0.0262210816159 -0.0193594567786 -0.0131921793465 0.0105351439966 0.000736422486041 0.0212350431875 0.0176533588833 0.110925909735 -0.00781692066756 0.00896229453727 -0.00621189132549 -0.00318107090579 0.0258630025093 -0.00109421449865 0.0150034243076 0.0164868561128 0.00388910060336 0.013909511612 0.00729823237386 0.0477688313502 0.0058588681298 0.00816574060004 0.00696624029122 0.0296864669537 0.0144890994572 
-0.00347034451704 0.0271893757091 -0.0274781264931 -0.00312122367897 0.0205442118433 0.0095013995019 0.00542082633735 0.0382809018914 0.00843919297718 0.000965981858044 0.0504727300679 0.00423029667506 0.0252692558238 0.0148975184308 0.0239058976614 0.0124291761231 0.00928326604781 0.00748430498453 0.23776861966 0.0149868759163 -0.00211386178728 0.0148604434344 0.00895820837397 0.0214315434344 0.00863412981811 -0.00178661759174 0.00379004943636 0.0123539691183 0.0365911993986 0.0112878237 0.00105165792737 0.00538030227945 0.00202568419263 0.00895078652182 0.0128573184032 0.0194246158409 0.0179840496845 -0.00380339434454 -0.00461706610441 0.0346607456608 0.0133082667426 0.0080788329846 0.0063082823336 0.015048258492 -0.000150611531601 0.00467844019966 0.0107648464767 0.0252823788554 0.000121130862291 0.0337503881418 0.0180983357544 0.0179693455856 0.00735374639389 0.0156981907644 -0.00956678798509 0.014469762986 0.000442179283221 0.016991550988 0.00998498822662 0.0115332532973 
0.00130683185233 -0.000879020112346 -0.00888683714109 0.00563669740386 0.00927103170876 0.011588220483 0.00298548828926 0.00625328859225 0.00629797005621 0.0152890201863 0.0153068654035 0.00567796936303 0.0117849239876 0.0149571660302 0.0215813688908 0.0174069670874 0.108964776468 0.00783916385085 0.0149868759163 0.308363786679 0.00979142962093 0.00679466396598 -0.0075958886904 0.0271513273111 0.00659635785963 -0.000435892989001 0.0147862374295 0.0107653371795 0.0066102076581 0.00266922523418 0.002264808409 0.0140776430583 0.00396195970408 0.0122208226177 0.00192865764308 0.0204887828102 0.0162525033933 0.0212417384858 0.00115567293742 0.0166009833609 7.90335725594e-05 -0.00124426013766 0.0184956423715 0.00977157678268 0.0126841430606 0.00471558172576 0.014609535127 0.0147401657338 -0.000714843393001 -0.00218597641601 -0.0195417909364 0.0154288820876 0.00914130894206 0.0286134611257 0.015486994327 0.0120460614397 -0.00105376215636 0.0137477421288 -0.00368071315848 0.0132761903941 
0.0417413144005 0.0190671306105 0.00806865609681 0.0144123617465 0.00240248807659 -0.00170971172133 -0.00193048149256 -0.0083739714985 0.00848413412593 0.00629306115446 0.00989344291574 0.0171878320087 -0.0054966089638 0.00556399989047 0.00916563288669 0.00730946097615 0.00575645242941 0.0233011965044 -0.00211386178728 0.00979142962093 0.188576723527 0.00849207088041 -0.0155778040641 0.003257924778 0.00376219365469 0.0155922142568 0.00772467393019 0.0136452681372 -0.00750548925319 0.015483747872 0.0452164902013 0.0263409146466 0.0219071306298 0.00537790238615 0.00374101512512 0.0209194175171 0.0188654862239 -0.00554994297275 0.0380995645199 -0.00125151869873 -6.59609838489e-05 0.0142633551306 0.0237414339763 0.0182237403494 0.00718128007164 0.00669654146929 0.0211654636627 0.007070071099 0.00163702195498 -0.00352635970854 0.0134494018442 0.00945274637423 -0.00299619502209 -0.000938122033073 0.0389897399601 0.0177128555996 0.0178933681575 0.0126269723842 0.0284049125947 0.00566903607606 
0.00900213209831 0.0187191192829 -0.0193995497339 0.00637580627573 0.00420106766886 0.00194835718071 0.0111567393865 -0.000531985446425 0.0200188162335 0.00778592538852 0.0242429946708 0.015493720307 0.00404904230586 0.00462805895164 0.034905696452 0.0106021577097 0.0214510244811 -0.000102160533067 0.0148604434344 0.00679466396598 0.00849207088041 0.719909604119 0.0126043005968 0.0108091406735 0.022966797683 0.00419013806637 0.0058265260667 0.0137180267327 0.0256228649007 0.022120399878 0.0184368579686 0.000542455692516 -0.00373962123265 0.0176927492384 0.028770318469 0.00682048129952 0.0144976350365 -0.0173468528143 0.0182548693579 0.0189030132347 0.00210838843413 0.00506689817794 -0.014486770659 0.0300273536255 0.0149643399308 0.018307033666 0.0167893419606 -0.00598854130824 -0.00711275458777 -0.00120395829198 -0.00544137333552 -0.00350697906154 0.00842566108977 0.0180674237001 0.0200766633926 0.0238335757412 0.0122549340622 0.0317370129942 0.00168948709475 0.0199897258626 
0.000724910011956 0.0384502708457 0.000644413536614 0.027364607016 0.015252984564 0.0267596042242 0.009420106666 0.0233522089652 0.0186406947329 0.0202149782641 0.0190450673641 0.0166616691534 0.0373164065629 -0.00726043156687 0.0279217378803 0.0168723656587 0.0190951913973 0.00974670531127 0.00895820837397 -0.0075958886904 -0.0155778040641 0.0126043005968 0.482143916328 0.0097475890548 0.014534852552 -0.00224018410998 0.0035939524299 0.0114628636493 0.00976110952949 0.0129770262859 -0.00772477772191 0.0123816542849 -0.00214465589995 0.017703894326 0.0166577737326 0.0373948864474 0.0279419762176 -0.0237201267046 0.006759588844 0.0493098985763 0.0180083776882 0.0256647996683 0.00347321586476 0.0297276959632 0.000922128086238 0.0301120257949 0.0120600726673 0.0326130891434 0.0153571373088 0.00241987316777 0.0280115840723 0.0288917244144 0.0382051575777 0.0277218913457 0.00954347631378 0.0187276851878 -0.00509156647943 0.0213273684187 0.0101490329169 0.013867645376 
0.00915162437906 -0.00816201609571 0.011250594566 0.027126230618 0.0553550716056 0.0246697172909 0.00925388184817 0.0302051740256 0.0260781539133 0.0182086557541 0.0166056602057 0.00397779359152 0.0189381666153 -0.00471358485072 0.00542348814787 0.0221385425826 0.0155648006716 0.0230714201694 0.0214315434344 0.0271513273111 0.003257924778 0.0108091406735 0.0097475890548 0.216323158761 0.00266277270819 0.00897017220465 0.0135845155871 0.0028647256091 -0.000241231893985 0.00801573100896 0.006724354882 0.0203194287317 0.0212468194286 0.0222136887316 0.013208167053 0.0274784155473 0.028218902252 -0.00848487361748 0.0095518783013 0.00876104741585 0.00675448723842 0.0141056427837 0.0253440202564 0.0181971204513 0.0129183930555 0.0337085632628 0.0141640729407 0.0264576927697 0.0219409630639 0.0269125206968 0.0150767194104 0.0202791437042 0.0346381170628 0.0292437174226 0.0234542032048 0.0085716082476 0.00339623213344 0.0114922161435 0.0530076667599 0.0265566909077 
-0.00446784651865 0.00631498287901 -0.0123474864686 -0.0197545666266 0.0254632689258 0.00912982841306 -0.00655219392459 0.0188657810857 -0.00865315132434 0.00230692778551 0.0328746665479 0.00463085163056 0.0228148873834 0.0043607062307 0.00664057055106 0.00887280974869 -0.0305022048204 -0.00211941932421 0.00863412981811 0.00659635785963 0.00376219365469 0.022966797683 0.014534852552 0.00266277270819 0.842955123428 0.00268503781797 -0.00607473437487 0.00252706173737 -0.00821558080736 -0.000722305641861 -0.00292954828606 -0.0144515484711 0.00619650249895 -0.00256040621323 0.0125067517738 0.00201308052251 0.00854354651878 0.0347479410519 0.00208104803515 0.0184285160942 0.0226231434175 0.0024584492744 -0.0104980700885 -0.00745194966578 0.00536454443896 -0.00136852722022 -0.00276164099442 0.00563736544076 0.00753070976576 0.0330843578372 0.0122214707637 0.00565567282598 0.0234770786112 0.00934665698168 0.0179609785372 0.00338281777096 0.00630112972163 0.00123417081531 0.00699566348559 0.00180719626234 
0.0228117429799 0.0195761072982 -0.0101328835796 0.00651491016732 0.0235183075308 0.019564171797 0.0107218893214 0.0172929318257 0.00256596081507 -0.0073449726476 0.0179208745463 0.00391107863078 0.0203439033045 0.00244199932495 0.0184640478038 0.0253858911445 0.00436892347541 0.00751110188478 -0.00178661759174 -0.000435892989001 0.0155922142568 0.00419013806637 -0.00224018410998 0.00897017220465 0.00268503781797 0.280006838433 0.0133551432507 0.0089413556491 0.0099761658441 0.0214342724832 0.011524144176 0.0138837977389 0.0202598686428 0.0177160991147 0.0373491798693 0.0333596756835 0.0208395787738 0.00831513158031 0.00553919305352 -0.00174662165948 0.027145931152 0.0108761916792 0.0157167221919 0.0227895765226 0.00922512091806 0.0102999760431 0.0209202148552 0.0312828670185 0.0114372270646 0.00252736958191 0.0180777260654 0.0188367466052 0.0175140850096 0.00572883811512 0.00341502935515 0.00211629119095 0.00883887007699 0.0205911710536 -0.000402842711974 0.0130252998293 
0.00379629335259 0.00813660990008 0.0135201333027 0.00960103553812 0.00345338195801 0.0108593836534 0.0104338973018 0.0113868414487 0.0134753584065 0.0094889685184 -0.00693931845474 0.00410454189836 -0.00019126336093 0.00948409222402 0.0151575391376 0.0281223646325 -0.0128709729317 0.00940112333107 0.00379004943636 0.0147862374295 0.00772467393018 0.0058265260667 0.0035939524299 0.0135845155871 -0.00607473437487 0.0133551432507 0.189286168845 0.00363592788245 0.00362084009325 -0.00200879591145 0.00541949873961 0.00449905151572 -0.00837254648541 0.00294114937853 0.0035101413795 0.0194339574268 -0.00288783128017 -0.00287692304314 0.0121254549838 -0.00148733378551 0.0152069351283 0.00858092688594 0.0273060578868 0.0144903370863 0.0145650921925 0.00867298006968 0.0121076057195 1.35731946831e-06 0.00496260105902 0.0168155629363 0.0127870244572 0.0152322093225 0.00578830369618 -0.000158981782118 0.00802810793806 0.0111628908599 0.00959895317669 0.0108607257258 0.00650238926233 0.00652857673986 
0.00369119024127 0.0304811726316 0.019714754778 0.00747537944275 0.0248717420794 0.0130591551041 0.00730637294263 -0.000961082364467 0.00583967457755 0.0175597229123 0.000865071114903 0.00639723826178 0.0113103504163 0.00364089654274 -0.00188097477098 -0.00387710995261 -0.00756246801643 0.00739323237644 0.0123539691183 0.0107653371795 0.0136452681372 0.0137180267327 0.0114628636493 0.0028647256091 0.00252706173737 0.0089413556491 0.00363592788246 0.168254064268 0.00389520240685 0.0108929295928 0.0092758253847 0.00273526404173 0.0179153216263 0.0126815998743 0.022171365398 0.00568407085973 0.00404589158256 0.0101925106654 0.00404993293412 0.0127344185929 -0.0039766040462 0.00571643249349 0.00834562907227 0.00514656001563 0.0084528125882 0.0190989655678 0.0204556733847 0.0116278062094 0.0104335051618 -0.013535190618 0.0356815075293 0.0122108303757 0.00257816876552 0.0243236938371 -0.00818200683679 0.0147159574481 0.00639335314868 0.0209261881269 0.0206760700938 0.00775749871085 
0.00864785687253 0.00370605154328 -0.00684950123927 -0.00193551036851 0.0231078164934 0.0418138029552 -0.00154718214401 0.0363579204496 0.012745548852 0.0129910759324 0.0134331306778 0.0102446053888 0.0147596386242 0.00762678867227 0.0257961009541 0.00812520409489 0.0265915343709 0.0326257471012 0.0365911993986 0.0066102076581 -0.00750548925319 0.0256228649007 0.00976110952949 -0.000241231893985 -0.00821558080736 0.0099761658441 0.00362084009325 0.00389520240685 0.39667724557 0.0135253960922 0.00316272090636 0.00653979438729 0.00817635130821 0.0210708788937 0.0350118798425 0.0277495388771 0.031319937756 0.00982162231309 0.00551265682045 0.027890778834 0.000742232698802 0.00356481585275 0.00474117594991 0.0248121840632 0.0178898221962 0.00560762263064 0.00242290620702 0.00462828306906 0.00809681756771 0.026674999299 -0.00571400041185 0.0235405884324 0.0131456361587 0.0144094249106 0.00106824135031 0.016498714408 0.00896567957376 0.0132752523262 0.00359611593147 0.00958309913683 
0.0221252406423 0.024569994906 0.0046363974745 0.00500756590764 0.00597798065 0.0197439095731 0.004154744158 0.00790606791367 0.0253416624592 0.0127170811834 0.0197036862217 0.0398516561476 0.00570984161863 0.0235893383177 0.0255982629954 0.00422272326683 0.0157035890165 -0.00443444711571 0.0112878237 0.00266922523418 0.015483747872 0.022120399878 0.0129770262859 0.00801573100896 -0.000722305641861 0.0214342724832 -0.00200879591145 0.0108929295928 0.0135253960922 0.196518017006 0.0213312429762 0.00503230882332 0.000283021329011 0.0308575918837 0.0137989916314 0.0193010397787 0.0255140492472 0.0145888434338 0.0130690022828 0.0115348279269 0.0359825822674 0.0123865682918 0.00160362677555 0.0113629359417 0.0139319146623 0.00389166703046 0.0144643581072 0.0133388470018 0.0188411126023 0.0112522104176 -0.00245029977207 0.0215238080054 0.0285754787383 0.0252708901078 0.00077697003798 0.0346352705704 0.0159955483261 0.0143420682117 0.0155074744867 8.53887789176e-05 
0.0340915528361 0.0201765815574 -0.00872156822699 0.0122104937159 -0.00350934105913 0.00577827747482 0.0029233744741 0.00356102942652 0.0131047821758 0.009891942688 0.0102316242658 0.0203370973199 -0.000806703957224 0.0179392455402 0.0106829791395 0.00907223379035 0.000570858365887 0.00884869515936 0.00105165792737 0.002264808409 0.0452164902013 0.0184368579686 -0.00772477772191 0.006724354882 -0.00292954828606 0.011524144176 0.00541949873961 0.0092758253847 0.00316272090636 0.0213312429762 0.156072482154 0.0212083329401 0.0119344761756 0.0164109194167 0.00407178524975 0.0146359645265 0.0176504923408 0.0289400917508 0.030605758915 -0.000649093962036 0.0155763831338 0.00917622009867 0.00925850771057 0.0147564666361 0.0152801715819 0.00205875367565 0.0102714151496 -0.00493225429099 0.00742758833063 0.0114685850032 0.0187559608285 0.00340596770302 0.0154916618948 0.00478498002566 0.0112470678759 0.0257778753501 0.00764091414155 0.0235310224105 0.0144244709184 0.00391945698392 
0.0524748039691 0.0307223094523 -0.0121752133191 0.00849616438716 0.0186719469654 -0.00282505649331 0.00788869115327 0.0217426038765 -0.0112723703274 0.00042175434203 0.0143455838156 -0.00327141354413 0.0194915873513 0.0467488749294 0.0404253905163 0.124693862819 0.00128009606147 0.144883822033 0.00538030227945 0.0140776430583 0.0263409146466 0.000542455692515 0.0123816542849 0.0203194287317 -0.0144515484711 0.0138837977389 0.00449905151572 0.00273526404173 0.00653979438729 0.00503230882332 0.0212083329401 0.398141372945 0.0441214290218 -0.0168107108151 0.00991022968781 0.0272988077218 0.0240947094747 -0.00696735872694 0.0119086255588 0.00660823258638 0.014110926965 0.010967866458 0.141225731147 -0.00493638626637 0.0231706051147 0.0212092455571 0.0175048351112 0.0213061244566 0.0069683789903 0.00503143976296 0.0198954539384 0.00676366327519 0.00570692859693 0.0470084504089 0.0684520256603 0.00487899110204 0.0056303784632 0.0187044556154 0.012552177711 0.000464030286091 
0.0242280672495 0.00758471648363 0.0040072841609 0.173080594355 0.01186182912 -7.52335272491e-05 0.00881748356736 0.0136566238676 0.0102881235976 0.0149878121667 -0.0021295348819 0.0149180107927 0.00321079984471 -0.0240987402137 -0.0102798559013 0.0308947112226 0.00578155653032 0.023230476704 0.00202568419263 0.00396195970408 0.0219071306298 -0.00373962123265 -0.00214465589995 0.0212468194286 0.00619650249895 0.0202598686428 -0.00837254648542 0.0179153216263 0.00817635130821 0.000283021329011 0.0119344761756 0.0441214290218 0.536576418252 -0.00367944495688 0.0282760264712 0.0236594101886 0.00611186994408 0.0140774543705 0.0172293187576 0.0139497852302 0.00077100106364 0.0021448741199 0.0288450994822 0.00039231069464 0.0102269963095 0.00675059024209 0.0473539536333 0.00599431751232 0.00693040791429 0.00896501810993 -0.0090612631233 -0.0191281282454 -0.000703699387194 0.0395303476955 0.0372571024839 -0.00349265180833 0.0295210867545 0.0132788854563 0.0252973887596 0.0109698399575 
0.00475465149339 0.0125193756501 0.0214284988454 0.00655810842479 0.00692576273223 0.0254798468825 0.0355427315823 0.0232697058098 0.0318111424637 -0.00379637958882 0.0111945953932 0.0266963534348 0.0165888718922 0.0115055341002 0.0474336729441 -0.0150172387211 0.0177002649454 -0.0111024701561 0.00895078652182 0.0122208226177 0.00537790238615 0.0176927492384 0.017703894326 0.0222136887316 -0.00256040621323 0.0177160991147 0.00294114937853 0.0126815998743 0.0210708788937 0.0308575918837 0.0164109194167 -0.0168107108151 -0.00367944495688 0.229668232909 0.0241433706982 0.0434779264928 0.0656085781434 0.0437674731624 0.00689993180373 0.0133185029329 0.0176958333732 0.00639793868172 -0.00321472258945 0.0450776459438 0.0163110796115 0.00740918554971 0.00482747134974 0.0178830913393 0.0166702804672 0.0291460097342 0.0148398184422 0.0442680193252 0.0191039918462 0.0165600500224 -0.00517376827346 0.0357020498751 0.00835669220837 0.0122914123634 0.0164863792649 0.0135738164445 
0.0148538592476 0.0335230256637 0.0157257448729 -0.0122287458122 0.0438582527812 0.0431679098592 0.000626132076626 0.0159071623395 0.0307397023677 0.0141675310411 0.0225501862836 0.014325531436 0.0136724615854 -0.000408141629252 -0.0082139672584 0.0468038882391 0.0204891297301 0.0415305406749 0.0128573184032 0.00192865764308 0.00374101512512 0.028770318469 0.0166577737326 0.013208167053 0.0125067517738 0.0373491798693 0.0035101413795 0.022171365398 0.0350118798425 0.0137989916314 0.00407178524975 0.00991022968781 0.0282760264712 0.0241433706982 0.480557296889 0.0653691427516 0.0216341532121 -0.0160488692331 0.0114126970782 0.0280176268606 0.0589469659385 0.00575316290144 0.0266391479023 0.0204592194786 0.00148058654443 0.0203709340044 -0.00668662367762 0.0342496470061 0.0200754724419 0.00427265005398 0.0122250823214 0.0154407752794 0.0213467449677 0.0199951906713 0.0123434092405 0.0209866229835 0.0111258927381 0.0117459118468 0.00320658950077 0.0218035184885 
0.0264744861978 0.0393325369462 0.0215246338544 0.00801685640577 0.0420508581973 0.0236786789131 0.0185014818676 0.0352841773524 0.0218473562661 0.00213456005172 0.0370941863587 0.0331966132939 0.0400576416355 0.00131484941856 0.0258417874132 0.0302574925853 0.00507252771605 0.0262210816159 0.0194246158409 0.0204887828102 0.0209194175171 0.00682048129952 0.0373948864474 0.0274784155473 0.00201308052251 0.0333596756835 0.0194339574268 0.00568407085973 0.0277495388771 0.0193010397787 0.0146359645265 0.0272988077218 0.0236594101886 0.0434779264928 0.0653691427516 0.265876821999 0.0309261453845 0.0233016075728 0.00491506137549 0.0220470692859 0.0249141748247 0.0252649001933 0.0284494793718 0.0500488736548 0.00265965127803 0.015020866026 0.0177355624657 0.0159954807063 0.0292305970277 0.00522378714366 0.0231831696264 0.0344323970696 0.0362555451901 0.0396020452977 0.0342579815296 0.0302528095796 0.014329312444 0.03288975263 0.0283124563442 0.019361551394 
0.0370760346733 0.0200037078988 0.0172764035853 -0.00630864990682 0.0201868432251 0.0553063882738 0.0165780501964 0.0443649673487 0.0392357455451 0.0162728459097 0.0327061842263 0.0299032772555 0.0146559600658 0.0121891147951 0.00536013975195 0.0144099658747 0.0241504793309 -0.0193594567786 0.0179840496845 0.0162525033933 0.0188654862239 0.0144976350365 0.0279419762176 0.028218902252 0.00854354651878 0.0208395787738 -0.00288783128017 0.00404589158256 0.031319937756 0.0255140492472 0.0176504923408 0.0240947094747 0.00611186994408 0.0656085781434 0.0216341532121 0.0309261453845 0.294547654518 0.0270463421759 0.00828836872998 0.0154251401179 0.0198958337582 0.0217255455943 0.00704570475776 0.034231760174 0.0124166425231 0.0382759888777 0.000468677103626 0.0327726165494 0.0222942137865 0.0155747725672 0.0342478595933 0.0439100921293 0.0254442109403 0.00961749926033 0.0163317914435 0.0196370025335 0.0110578564456 0.0330464229727 0.000936136855965 0.00614377469463 
0.00885050444482 0.00915567613302 -0.0084906880667 -0.0230602118201 0.0468113086186 0.0186723623735 -0.00454294467634 0.043061104147 0.0117810362493 0.00415200642885 0.0114556938227 0.0399790597797 0.0244163494284 0.00361027715584 0.0239750270674 -0.00205947491875 0.00814575872305 -0.0131921793465 -0.00380339434454 0.0212417384858 -0.00554994297275 -0.0173468528143 -0.0237201267046 -0.00848487361748 0.0347479410519 0.00831513158031 -0.00287692304314 0.0101925106654 0.00982162231309 0.0145888434338 0.0289400917508 -0.00696735872694 0.0140774543705 0.0437674731624 -0.0160488692331 0.0233016075728 0.0270463421759 1.32780071864 0.0220815814089 0.0740890065789 0.0296315260079 0.0237600334308 0.0181605740975 0.0763005903362 -0.00297526548056 0.0123879307583 -0.0197300233881 0.0302113891795 0.0210916226279 0.0382994937563 0.0111643741984 0.0141184792304 0.00980164882051 0.0329576942248 0.00792661081444 0.0431345317394 0.0685008827586 0.0123522999248 0.00114205909037 0.00415620076602 
0.0376594647865 0.0104302696469 -0.00205515274135 0.00370870929658 -0.00230927919762 0.00511105610808 0.00604933004674 -0.00276669993474 0.00678336960758 0.0136485912161 0.00969427092558 0.0104460653738 -0.00181892597975 0.0133465721035 0.0156928338169 -0.00491096800075 0.00476678426433 0.0105351439966 -0.00461706610441 0.00115567293742 0.0380995645199 0.0182548693579 0.006759588844 0.0095518783013 0.00208104803515 0.00553919305352 0.0121254549838 0.00404993293412 0.00551265682045 0.0130690022828 0.030605758915 0.0119086255588 0.0172293187576 0.00689993180373 0.0114126970782 0.00491506137549 0.00828836872998 0.0220815814089 0.139155665034 -0.00270048619627 0.0229067192943 0.00804900560156 0.0159243527721 0.00409183902731 0.0147918206717 0.0158972176053 0.00115604133075 0.00306631847175 -0.00487152875334 0.013061685555 0.000827826381346 0.00174304744467 -0.00567007755585 0.000307618298004 0.0310364938104 0.022171377076 0.0127239041295 0.0313315217244 0.0147195056856 0.00146883226487 
