100
0.0396221554001 0.142835786571 0.0910259677787 0.0565518641406 0.138528932385 0.103194060275 0.0251604878384 0.0592302274211 0.0153161335694 0.0426672552596 0.0246645675501 0.023015295127 0.0357981155146 0.080285366307 0.0128714932266 0.0180781461794 0.0446705301477 0.132143501856 0.0695535734162 0.0125032911957 0.0384738749472 0.0331056926512 0.0299059053764 0.0335830315084 0.0540864966038 0.0162851568228 0.101481112582 0.13159191543 0.0353360638732 0.0054327763703 0.0220926651793 0.0314514366364 0.0420146984796 0.129241945615 0.0391901687574 0.0896788789081 0.100974868985 0.0220203869342 0.0248608942987 0.0752984700253 0.0604038345904 0.061476397973 0.0542920038725 0.242072249725 0.0678674292734 0.026407260569 0.0256345374975 0.0428749123775 0.023795453615 0.0700025840065 0.015652967587 0.0761836706695 0.127416862275 0.037496284255 0.0125275076286 0.0482651065397 0.0997806882374 0.185879968849 0.192324736986 0.0843714281037 0.039970875035 0.0442487549982 0.0773240107923 0.0669692816613 0.0282353637115 0.0355019489908 0.0235207120966 0.0722101641432 0.0395572708053 0.147407151382 0.0418020448473 0.0794924924591 0.126305303483 0.0594687244428 0.040534814632 0.0425593974561 0.0522861094618 0.0314738433907 0.104903250727 0.0254158643172 0.0404531955786 0.0361599942098 0.00361039022472 0.0307440439862 0.128413882411 0.0787213758152 0.146363775453 0.0690415105338 0.0373994541978 0.169485482474 0.0155341374053 0.02392892696 0.163811268696 0.0634276035435 0.0406155741598 0.0396471392927 0.0340754658053 0.0610020106181 0.0255776045185 0.0995242847704 
0.161339754777 0.000354233652578 0.0117161641854 0.0156475359475 0.0117034089017 0.020067116022 0.03203815915 -0.00136552300737 0.0150262550165 0.0175208160073 0.0390664472341 0.0128274608363 0.0141693426566 0.0132708661553 0.00796049066432 0.00905597986056 0.00616420351736 -0.0120891129267 0.00324425025501 0.00549759903288 0.0193641078435 0.026009440658 0.011515891254 0.00926066376789 0.0102074410971 0.00833698386957 -0.00469378543613 0.00154289793517 0.0187946519409 0.0105419252481 0.0112339794141 0.021224127577 0.00817936337886 -0.0001139870013 0.0120131024185 0.00934087036272 -9.41154532852e-05 0.0131946128147 0.0426563442824 0.0282796582459 0.0123272830553 0.028712436728 0.00768437712762 0.0185381903883 0.0164084603375 0.02668947393 0.00920713851244 0.0271551294054 0.00714995106595 0.00763638756832 0.00237899572295 0.00749242943 -0.00107471128757 0.0196084967065 0.00747825796382 0.0260352324497 0.0107045828216 0.0090709931677 0.0297567897087 0.00478514128895 0.00597988470836 0.00292304016166 0.0329447007645 0.00699860156695 0.0374972632327 0.0202944168806 0.017611950328 0.0114799557269 0.00656404717829 0.00796903046322 0.0177810608446 0.0119216422122 -0.00203100429523 0.0150929116808 0.000609983253221 0.0146202183446 0.00357528977083 0.0213468857317 0.014939856448 0.00246239598733 0.0158441768801 0.0124636849286 0.00366861461544 0.0242810860211 0.00445769357791 0.00398632029025 -0.00280667994459 0.0227916912895 0.011282842176 0.00795896213128 0.00204613244071 0.0137638397309 -0.00536171560617 0.0163967490901 0.0127526548026 0.00981712352529 0.010268805247 0.0114327843413 0.0143836204337 0.00636517565318 
0.000354233652578 1.24427808925 0.00188376647588 -0.00700025090483 0.0330980828072 0.0129433002947 -0.00752287079596 -0.00394785114969 0.0147087568777 0.0356953994923 -0.00202942227403 0.00235810299531 0.00750851243941 0.00391684366346 -0.0179636632092 0.0199326734508 0.0291578187686 -0.00562143372045 -0.00162629296443 0.00457446060062 0.00749936204071 0.00254765228788 -0.00348292500029 0.0206045212871 0.0246471374565 0.00109370943978 -0.00435209388277 -0.000214349173688 0.0508578946565 0.00196122960877 0.00718859585598 0.00450437847592 -0.00137523082676 0.0128413873266 -0.00195209539523 0.0365079347136 0.0211262494612 0.0153080079066 -0.00299956530593 -0.0370574353919 0.00766952532602 0.000938742038254 0.00301309932956 0.00093617005841 0.0864066402476 -0.0123267588245 0.00172816224941 0.0187371147886 0.0108848355488 -0.00770799102433 0.000995970475756 0.0302993294071 -0.00394767465933 0.0204076645972 0.00685473333538 0.0084840350694 0.0105407476448 0.0111269670589 0.00568471323826 0.0025083978692 -0.0048545739115 0.00468393340969 0.0222725194448 0.00430997442797 0.000137363937596 0.00691974812082 0.0246709196774 0.00909846704727 -0.000892683599671 0.00105406497292 0.000541339095647 0.0278233969002 0.00210225968384 0.0266883423424 0.0128079303647 0.0320196963452 0.00600011585276 0.0158674480448 -0.0189526116912 -0.00705983758632 -0.0105318996018 0.00222039536782 0.00595578115895 0.00215077001159 0.0256028746203 0.00927657505733 -0.0012756934386 0.0120037009586 0.00128249441361 -0.00165224522853 0.00613984447526 0.0051939863784 0.00655579686328 0.00294745086991 0.0133794365216 0.00138331413997 -0.000223143839544 0.0547781872717 -0.00118414476817 0.00632652324984 
0.0117161641854 0.00188376647588 0.428476438374 -0.000774222047955 0.0242385677249 0.0351698716264 0.010487223962 0.0111531815794 0.00719745833581 -0.0018183737552 0.00635728075945 0.00525957469114 0.0201277514849 0.0331110699708 -0.0018164199236 0.00813317574029 0.0171089453995 0.0166118606948 0.0272600485347 0.00869723608827 0.0114701303225 0.00730730405544 0.0194960485799 0.0053428780422 0.0234087462005 0.00678464877875 0.0104919380132 0.00694168853664 0.00211940421959 0.0116726653129 0.00886324600265 0.0109000405185 0.00133603856042 0.0295078957451 0.00312873154297 1.83554084196e-05 0.0301645580804 0.0174338605601 0.0159629656723 0.00432128500265 0.0144910141369 0.0161693993227 0.00136215680171 0.0281804051587 0.0204422085303 0.0082765264758 0.0108796883586 0.0298488607304 -0.00322020898912 0.000618948825916 0.0199832081188 0.0197851801646 0.00545644902705 0.00419258314793 0.0301996853396 0.00350374998803 0.00597224958238 0.0229897997587 0.000251193460832 0.0105747667374 0.0186114540888 0.0139482153813 0.048331562629 0.0169225739991 0.00805492054673 0.00956234825042 0.00332305868295 0.0241655772676 -0.00325047625156 0.0138484043825 0.0158681298184 0.0127399996324 -0.001160533998 0.00565392787229 -0.002417492595 0.0169002881842 0.0347576166885 0.00850370115772 0.0381453988678 0.0278051831042 0.0239752589348 -0.00247106886226 0.0015311825047 0.00613741494765 0.00238180698835 0.00335264709627 0.0142253546274 0.0194361041352 0.0203384300715 -0.00285910218813 0.0123383303744 0.013792088789 0.0179322897074 0.00170965463368 0.000172412692551 0.00184878227884 0.0105833833973 0.0105936174356 0.00734621531613 0.00212051400654 
0.0156475359475 -0.00700025090483 -0.000774222047954 0.211143656105 0.0286637675067 0.0369323769373 0.00826739266885 0.0153613045733 0.0182845646046 0.0661789444715 0.0155738841015 0.0075931606504 0.0070982238801 0.00670341590908 0.00381368359184 -0.0149527973719 0.0160601406987 0.0116524666636 0.0366708501586 0.0105363307185 0.00689592242146 0.0281009398705 0.008622646501 0.0063023844183 0.0128787921074 0.0161379235555 0.00343115910291 0.023883921857 0.00951736664879 0.00352172952095 0.0303642861975 0.0186715786332 0.00751014416569 0.000769820004873 0.0116790782882 0.011095025457 0.0306321411711 0.00640243005198 0.0155701749171 -0.00027321950227 0.0119044223202 0.0316518197222 0.0176007047659 0.0229151812988 0.0349626087222 0.0195468903295 0.00455863890524 0.0230190324079 0.0271145872465 0.00738868248335 0.0162887823855 0.00973393236755 0.00484046129688 0.00205809087782 0.00554678667812 0.00266666105569 0.0188377127137 0.0169760138915 0.0185280908738 0.0190383799769 0.0147527716131 0.00765840120692 0.0281568271921 0.0074676152951 0.0212471320717 0.0106770720684 0.00797346207155 0.0245927278515 0.0221991549197 0.0286010276451 0.018667878802 0.015229958359 0.000649983991235 0.00501469111871 0.0131391995572 0.0227314790167 0.0288436804487 0.00716652015098 0.0151963192641 0.0126961141901 0.00334263639808 0.0291538733763 0.0130149863443 0.0364670244019 0.0276655288404 0.00746877512721 0.0106729550969 0.0212493789803 0.0027966101296 0.0117503661871 0.00325053305188 0.0160661539472 0.005844154966 0.0103157784361 0.0660097898467 0.00736804075371 0.00295521336137 0.00819813669714 0.0163475667768 0.00570397059259 
0.0117034089017 0.0330980828072 0.0242385677249 0.0286637675067 0.992265412052 0.101013040671 0.00256377747562 -0.002492554807 0.0142860434942 0.0267730433057 0.00789765020657 0.00163344684759 0.0139651212028 -0.000934372110944 -0.0011576120191 0.0017570715045 0.0176502372629 -0.00745709946981 -0.00106295793475 0.0274271075676 0.0116220996269 0.0138201112685 0.00389016004151 0.018939137763 -0.000612924444106 0.0198219135384 0.0199151893001 0.00722972872457 0.0060805298052 0.0256955384327 0.018845010473 0.0075648820107 0.0125943922303 -0.00545088207372 0.0129373347684 0.0270624008162 0.0303921345498 0.0124335473108 0.000630403085908 -0.00662969615593 -0.00573389161254 0.0263441224165 0.0177881998226 0.00664899984313 0.0259569396275 0.0013967523427 0.00212597394663 0.0233091731415 0.00675612222341 0.0209420092237 0.0244171361567 0.00774708585429 -0.00179309323248 0.00989835422027 -0.0095446834294 0.0366189098119 -0.00464760952454 0.00523073277164 0.0178944127668 0.0180385804325 -0.00833566126237 0.00996952396685 0.0506045163735 0.0168578611851 0.0170463509428 0.0115693692625 -0.00206707351388 0.0574056672114 0.010521385179 -0.00342206619101 0.00795078849643 0.0389943301626 -0.000140362899471 0.0172704607659 -0.00636858421554 0.0110512870692 0.00463590927284 0.0107222930579 0.00525300750873 -0.000866252151864 0.0174594608096 0.0144784178582 0.0152516481624 0.0140699204997 -0.00207627237809 0.0107282412231 0.00135444047909 0.0305653382234 0.0186504650256 -0.019503305418 -0.00493778203642 0.0241298177826 -0.0220137130647 0.0125531188446 0.0339788585949 0.0139429995644 0.000576231973895 0.0220344658894 -0.0150172658948 0.0061860168777 
0.020067116022 0.0129433002947 0.0351698716264 0.0369323769373 0.101013040671 0.51963780216 0.0150771524415 0.0352814271996 0.00554380236791 0.0285498397998 0.00396710125602 0.0150249670347 0.0161893411186 0.0811838473182 -0.000521731918309 0.0342633369683 0.0409935051101 0.00869238291627 0.00309152988772 0.00479576114533 0.0126523229955 0.0163911473312 0.014187172625 0.0116319484797 0.00734492070923 0.00138124170146 -0.00730207377353 0.0475744831481 -0.00483117600626 0.0201757710519 0.00200934388764 0.0237273301866 0.0163784456877 -0.0128881278738 0.00517144784436 0.0156040861818 0.014125809682 0.00966636821906 0.0217600376883 0.0164343315784 0.0505912697235 0.0254916464377 0.00371776046843 0.043436432115 0.00887148867024 0.0181098902095 0.00942689768749 0.0205651239129 -0.00709744419785 0.00897903334401 0.0194705138729 0.034063398083 0.024407277447 0.0106489951305 0.0250010494258 0.0219336189052 0.143827102102 0.0239220640097 0.0370012435736 0.0144742966966 0.0328920404551 0.0153801043711 0.0569074238582 0.00749807992194 0.0153237251801 0.00760939674081 0.022796479136 0.0282105629678 -0.000758565671034 0.0514055522607 0.0311342108108 0.0155656380008 0.0141740610165 0.035059064666 0.00392002739498 0.00728099113307 0.0495447384191 0.00137871826701 0.0282373347034 0.00868589503601 0.0313198983959 0.0295459809082 0.0138751715941 0.0400304196219 0.0284056807832 0.0152478389845 0.00882993161319 0.0353142139289 0.0199537864556 0.000271609126007 -0.000867998619478 0.0165166249098 -0.00256026958435 0.0462075884036 0.0297102847731 0.0163659994244 -0.00649142089674 0.0182866591436 -0.00580503013192 0.0419617410617 
0.03203815915 -0.00752287079596 0.010487223962 0.00826739266885 0.00256377747562 0.0150771524415 0.144486970118 0.00764347942936 0.00822982937897 0.018574058889 0.0381472498644 0.0306774581581 0.0150798225113 0.00874932776992 0.0146075571271 0.00695778339175 0.0164879351309 -0.00386304796268 0.0113913403994 0.0089368205331 0.0041744360113 0.0254431138119 0.00898267407501 0.00588577221686 0.00719916494741 0.0125242206274 -0.0118463075619 0.00276285483507 -0.00488124880285 0.00690886322957 0.00268559587784 0.047639906792 0.0104286557686 -0.00281224703357 0.00269492728316 0.0162268334646 0.00336513487039 0.0103670663187 0.0409434742291 0.0201048716374 0.00182819010739 0.0169858473167 0.00726120156937 0.0266358799356 0.00787632153204 0.0384578630774 0.0174769868984 0.0222987562363 0.00882768994571 0.00438616932132 0.0144858577005 -0.00323867197189 -0.00142879885777 0.0248156454468 0.013713114266 0.0148267945784 0.0127372405422 -0.000269272135738 0.0137391828614 0.00435326148718 0.013382611925 0.00685877024036 0.0169611669218 0.00647657240121 0.0343100042208 0.0129294569742 0.000678398595904 0.00430511687753 0.0156589837977 0.00632133039935 0.0137046687158 0.00876641764822 0.00217602830503 0.00608397285556 -0.000250173893326 0.0121999126165 0.00123312027776 0.0204562454445 0.0129475190931 0.00890989001529 0.0103961449166 0.0106332470714 0.00434228688539 0.014116238967 -0.00185036203763 -0.000405898706019 0.00797426662642 -0.00645431345592 0.021621301087 0.00219098912174 0.0196287884302 0.00648088208462 0.00543337168949 0.00653132951027 0.00903387791246 0.00713881987604 0.00553654994645 0.0102138167972 0.0118236403973 -0.00529217142018 
-0.00136552300737 -0.00394785114969 0.0111531815794 0.0153613045733 -0.002492554807 0.0352814271995 0.00764347942936 0.323070551934 0.00296359356811 0.0117979142015 0.0197651488748 0.0199730019645 0.016913738624 0.0135689242031 -0.00179339509591 0.00297308916677 0.0220922631947 0.0106005632526 0.0086838705141 0.00772133928331 -0.00229459695647 0.014940045644 0.0194370285052 0.0185662926728 0.013258880131 0.0108977149254 0.00100145322197 -0.00408625612054 0.018363606396 0.0237877094916 0.00946403343235 0.0176686943829 0.0026724399309 0.0271940999438 0.00076686410919 0.0153111957136 -0.00134649352526 0.0114692215044 0.0218993363313 -0.00527151413691 0.0127683216848 0.0109229503237 -8.09821623793e-05 0.0383226965269 0.00858033375377 0.0202736957099 0.0255074825657 -0.000497395168162 0.00923833221716 0.0148425311381 0.0045697829784 0.023788794883 -0.00401225832248 0.012919606934 0.0115780168845 0.0220393058473 0.0447321734607 0.0129955734455 0.0160736669181 0.0120199718368 0.0107019844427 0.00292778765782 0.0297765768637 0.0132756129384 0.00747235518885 0.00252649201033 -0.00483849091971 0.0191527164367 -0.00395182544872 0.00144222450603 0.0109665157598 0.00144100082263 -0.010316642499 0.00115950250523 0.0339397843727 0.00952311741598 0.00159547409655 -0.00595950347535 0.0166424500463 0.0117580517078 0.0225894018693 0.00746034816145 0.0288557055126 0.016578788191 0.0154330103496 -0.0104985755587 0.0410544644489 0.0148121921097 0.0379964874717 -0.0199614180557 -0.00390232929239 0.00345703649854 -0.00406414145834 0.0362563347122 0.0140471309955 0.0134306533889 0.00517463224993 -0.000502041882197 0.00450103502968 0.00954380385264 
0.0150262550165 0.0147087568777 0.00719745833581 0.0182845646046 0.0142860434942 0.00554380236791 0.00822982937897 0.00296359356811 0.121707936745 0.0168676223447 0.0134766577041 0.0133512922122 0.0165090497993 -0.000381095476899 0.00979754815732 0.00243159922318 -0.00373473924183 0.00178887598282 0.00143066925126 -0.00190732710423 0.0105907999571 0.0294067137456 0.0100412226814 0.00666179217043 0.0030510100151 0.0371289678591 -0.00165052396036 0.0147899286739 0.0152249122441 0.00299167874636 0.0244398478877 0.0131416026933 0.0282458840972 0.0135725906925 0.00349887848782 0.0144486346911 -0.00619041294792 0.00634141195764 0.0102683978222 0.0190175742934 0.000541389200744 0.0127077096751 0.00782580587514 -0.000640847780922 0.000307742340798 0.0199705894027 0.00522650592428 0.0130657031727 0.0349179301375 0.0035465869139 0.00188318121641 -0.00157314818204 0.013186104114 0.0177277015171 0.0100983565506 -0.0021675226835 0.0100864533102 0.0109985231686 0.0134395303292 0.0137227774796 0.00693063056381 0.0101363916862 0.000808578259683 0.00396334199904 0.0132557243261 0.0025797154813 0.00879904295355 0.00581439347867 -0.00166868808983 0.0132272395084 0.00493339275605 -0.000474224075855 0.0154807411413 0.0020769628707 0.00743685107746 0.00946283644725 0.00585589068532 0.0046495674677 -0.00572522827275 0.00769860464896 0.00972194766724 0.0335801177793 0.00235409408274 0.0187236127857 0.00858536279187 0.0148187837302 0.0112655820876 0.0123396350584 0.00618427570038 0.0051837696748 0.00583557100838 0.0016446837046 -0.00132532322615 0.0115517763564 0.0144294466301 0.0336136735774 0.008633726792 -0.000861854515425 0.00188380344508 0.00713013626462 
0.0175208160073 0.0356953994923 -0.0018183737552 0.0661789444715 0.0267730433057 0.0285498397998 0.018574058889 0.0117979142015 0.0168676223447 0.169786772055 0.019215966993 0.00891732254563 0.0225923935698 0.00180882753084 -0.00475182256427 -0.00775272706918 -0.000167360357173 0.00564034025021 0.0120500424588 0.00181567047364 0.0177897578131 0.0220099758222 0.0168902843587 0.00852221937437 0.0110524286854 0.0159962260069 0.00861141429621 0.0153761043572 0.00156634483769 0.0126190235552 0.00879171904317 0.019202241715 0.0120490881071 -0.00864732127723 0.00497368059882 0.0204997118228 0.00642219830797 0.0218415381617 0.0197027095316 0.00150696186569 0.0095087763561 0.011504619371 0.0184471973366 0.0345870000108 0.0231319191418 0.0169818199785 0.00163857907601 0.0166451453365 0.0277193932431 0.00783209353921 0.0046031890865 0.0116438193165 0.00484985852448 0.0174217277707 -0.00925818006744 0.00495694310713 0.00820257515938 0.0121797937118 0.0313493573498 0.0101597773483 0.0152358499852 0.00620516820541 0.032082263158 0.018155492457 0.0143892885241 0.00862494038789 0.0137452436884 0.0170677418955 0.00822061906177 0.00612769567746 0.018634136027 0.00873202011372 0.00185315499902 -0.00710500615058 0.00545810770915 0.0127048345865 0.00580936825982 0.00604845180636 0.0213557273843 0.00981103748234 0.00632749287172 0.0168123389387 -0.00184191512737 0.0320981620374 0.0157128496015 0.00519840341444 0.00865869361921 0.015211375013 0.0130314892229 -0.00157581883232 -0.00035489150329 0.00586761398652 -0.00230455394643 0.0182745098807 0.064304861583 0.0252477949338 0.00975562578161 0.0140766130883 0.0217969189102 0.0177816828552 
0.0390664472341 -0.00202942227403 0.00635728075945 0.0155738841015 0.00789765020657 0.00396710125602 0.0381472498644 0.0197651488748 0.0134766577041 0.019215966993 0.145868582301 0.02653487394 0.0246543381856 0.0120899136848 0.00750875390685 0.00636800252923 0.00903848317684 -0.00413359564865 0.00746409211701 0.020509089429 0.00624776917091 0.00978479073038 0.0132574473428 0.00835125071838 0.0206052665422 0.0103726411916 0.00641643232885 0.00325512648029 -0.00114957122404 0.0107221671724 0.00167822269929 0.039753599044 0.0108805524463 -0.00576147926993 0.0117188012978 0.0204104825489 -0.00708032280672 0.0180742971292 0.0198508454822 0.00449959958205 0.00190833798897 0.0243676192369 0.00276593876688 0.00729568520155 0.00349626538681 0.0352182866647 0.0149796219347 0.0234913250246 0.0191063682521 -0.00205141363762 -0.00118491171852 0.0111625236628 0.0120371343184 0.01748806259 0.0147343665459 0.021172552466 0.00732032979955 0.00510838005495 0.020807688241 0.00590220996039 0.00383061177781 0.00808052159865 0.0303203116295 0.00454119208356 0.0429010207411 0.0142527281884 0.00426827637612 0.0103314848105 0.014756683338 0.00271614652577 0.018897569994 0.0187626231544 0.00594978763907 0.000106208806477 -0.000627958269978 0.0226872160916 0.0100009280888 0.00919531068877 0.0238088243927 0.0109600781516 0.0168849452038 0.00871448784504 0.00730046130434 0.0261135782236 0.00578446238071 0.00970413470272 0.0154429474014 -0.00494343848107 0.0117271435539 0.0127920598252 0.0106924089379 0.00580673819403 0.0130778443319 0.012612197774 0.0129267616367 0.0182816412019 0.0119044063906 0.00866930345753 0.00750381515734 0.0023515008927 
0.0128274608363 0.00235810299531 0.00525957469114 0.0075931606504 0.00163344684759 0.0150249670347 0.0306774581581 0.0199730019645 0.0133512922122 0.00891732254563 0.02653487394 0.125955310636 0.0140235657143 0.0035540716205 0.00571053237762 0.015984490571 0.0202604288015 0.0020351569162 0.0125995255106 0.00898043074801 0.00657397594789 0.00960261483432 0.0052025020001 0.0106795528721 0.00460130567529 0.00389727509076 0.000167239366839 0.0056538256699 -0.00322815623139 0.0129335081642 0.00756912553935 0.0376101136329 0.0109676551871 0.00301111977793 -0.00123340671362 0.00555764953798 0.00896775976156 0.015821417139 0.0125296948621 0.0086347184375 0.0120894943793 0.0243969316494 0.0085650085782 0.0116780692699 0.00442337731359 0.0239828595961 0.00893934514444 0.00830510831878 0.00992815700314 0.0120609083004 0.0151337231108 0.0024015600004 0.00747574138645 0.0407794431121 0.0114397654774 0.00286683586441 0.0114055284256 0.0193066352856 0.0207460201948 0.00364115879788 0.00910606395503 0.014915997065 0.0148921575255 0.0112570813114 0.0293655305371 0.00604465163509 0.0120753771904 0.0114169398744 0.00229995058286 0.0069704583847 0.0105776642335 0.00796848239892 0.00581129197328 0.00774931680958 -0.004852530169 0.00498115969335 0.00404498401142 0.0210725283843 0.0110502828366 5.87562273287e-05 0.00991434933868 0.00780612354746 0.0119940897673 0.0207123962693 0.00176074524541 -0.000330150881741 0.00315427121956 0.0124654280827 0.019808736253 0.00468833868571 0.0166877848358 0.0105281187925 0.00304470807364 0.00825589167495 0.014511092374 0.0101163990665 0.0081133568336 0.0149467947397 0.0156421372932 -0.00271104372068 
0.0141693426566 0.00750851243941 0.0201277514849 0.0070982238801 0.0139651212028 0.0161893411186 0.0150798225113 0.016913738624 0.0165090497993 0.0225923935698 0.0246543381856 0.0140235657143 0.240620471655 0.00309953540929 0.0110606379462 0.00697501869689 0.00503589855437 -0.00250213502999 0.00526237183094 0.0198546231626 -0.000469344104374 0.01096989726 0.00504856501629 0.0184219957895 0.0157090917068 0.0058731181535 -0.00856866695067 0.0152732668672 0.0145078585778 0.0130145060385 0.00663287818933 0.0233022041651 0.0172324888863 -0.0113033174047 0.00492143455162 -0.0060459587457 0.0139002298192 0.0112414052142 0.00506489080305 0.0120439160095 0.00659212059225 0.0189310414812 -0.00271485854692 -0.00274738842769 0.0286792204061 0.00881838314506 0.0191810938699 0.0111682154263 0.0175823910416 0.00513621043568 0.0129082743054 -0.00194153096109 -0.00148606218627 0.0141364284518 0.011949454361 0.0155755479201 0.0100359189941 0.00184056589117 0.0092059870132 0.0201489136376 0.00856267848248 0.0148113084859 0.0278375808574 0.0028793493316 0.0133141094004 0.018672948499 0.00550304402496 0.0210168581226 -0.00465111763491 0.00935488078299 0.00492611014163 0.0247631991352 0.0098426792061 0.0118392734743 0.0029226667316 0.00245795595151 0.0281418064522 0.00114308866348 0.0337879865717 0.0188807679325 0.0105226963958 0.0122144871383 0.012758557992 0.012575444551 0.00224725117326 0.0161897860206 0.0088237849389 0.0199129959404 0.0378739035122 0.00725193777763 0.013489071839 0.0108832435375 -0.00341069977956 -0.000282488026318 0.00420898823995 0.00521471247095 0.015286111373 0.0117402039669 0.0204647344097 0.0284227145968 
0.0132708661553 0.00391684366346 0.0331110699708 0.00670341590908 -0.000934372110944 0.0811838473182 0.00874932776992 0.0135689242031 -0.000381095476899 0.00180882753084 0.0120899136848 0.0035540716205 0.00309953540929 0.409011996873 -0.00586769435359 0.00235059100028 0.00942562135816 0.0073384045049 0.00574122114971 0.00583696457329 0.0107221914151 0.00414338646267 0.00762126087227 0.0167413718797 0.000921078623412 -0.00071165721517 0.0128829816925 0.0111050372198 0.0149201339912 0.0161325939688 0.00782189302795 0.0141595192515 0.00992987947881 0.0111828349142 0.0268079738743 0.0247478466898 0.0193466709444 0.0119624321474 0.0123748969925 0.0139316351572 0.0048381979416 0.0134972850884 0.0141856769965 0.04215632892 0.0232558846518 0.0134099369786 0.0134651084797 0.00540340027458 -0.00206630315432 0.0031733769894 0.0274206304373 0.0349865463839 0.0139071804043 0.0175443553413 0.0163734617834 0.0204388416088 0.0150372444307 0.0392098042923 0.0415018364128 0.0201659332898 0.0221522623225 -0.00447306014636 0.0222958989573 0.0420701665189 0.00782618248473 0.00205202329327 0.0103492616815 0.0261442287985 0.0175108635966 0.00852532132211 0.0225820653848 0.0215433495425 0.0174196899029 0.00916577728333 0.00727435453118 0.00745923122019 0.0376606528343 0.00154059835386 0.0420392354934 0.0256542478163 0.00510954440274 0.0348249476429 0.0165129574844 0.0127146816944 0.0231599998463 0.00831575157195 0.00582013664492 0.0443374737201 0.0214784931139 0.0613390265248 0.011832928489 0.0228228585046 -0.00348454474544 0.020306998919 0.013470994685 0.000583830491835 0.0193577955982 0.0261833414806 0.0103634159773 -0.00659669888903 
0.00796049066432 -0.0179636632092 -0.0018164199236 0.00381368359184 -0.0011576120191 -0.000521731918309 0.0146075571271 -0.00179339509591 0.00979754815732 -0.00475182256427 0.00750875390685 0.00571053237762 0.0110606379462 -0.00586769435359 0.208253646623 -0.00194768329673 0.0177692647294 -0.00119029832826 0.00822393755535 -0.00745283397337 -0.00418063117731 -0.000613356234275 -0.00165858445326 0.00542036700535 0.00615710960116 0.00827856270244 0.0237639589257 0.0101083658089 0.000416169146474 0.00879753752794 0.0118995758796 0.00860514971352 -0.000101348544465 -0.0074295027265 0.00380485371911 0.00182474191673 -0.00196689626381 0.00239147557578 -0.00508475710593 0.0675312118194 -0.00789741546222 0.000533191900899 0.00204886322316 0.00879819456581 0.00541708080704 0.00694315520893 0.00271144196437 0.00782247744557 -0.00228293923268 0.00428720162546 -0.00731194152215 0.0056888175995 -0.00112981311108 0.00898595940894 0.0196777039294 0.00145659502126 0.0235513705086 0.00616997330669 -0.0125938823005 0.00333128964626 0.00183804240475 -0.00502820703593 -0.00605577946833 -0.00606098980249 0.00894806056903 0.0152329240138 0.00729507740977 -0.0203806201848 0.000651104000769 -0.00295894232542 -0.00300347112489 0.0189538687794 0.00949733580535 -0.00954879321707 0.00459881473929 -0.0011344732394 -0.00733549094085 0.00871617032832 0.0166867583849 0.0130354894613 0.000793953674249 0.00380831913152 -0.000265841528644 0.00605542084661 -0.00121858524102 0.00305227327738 1.32677430658e-05 0.00756371176506 -0.000130457769157 0.00898472745395 0.000110593262831 0.00354465344968 0.00396410965069 0.00844583465573 -0.00132659931787 -0.00356339387689 0.0048253196439 0.00922357628125 0.000241736400333 0.000506301699437 
0.00905597986056 0.0199326734508 0.00813317574029 -0.0149527973719 0.0017570715045 0.0342633369683 0.00695778339174 0.00297308916677 0.00243159922318 -0.00775272706918 0.00636800252923 0.015984490571 0.00697501869689 0.00235059100028 -0.00194768329673 0.237628813919 -0.00503825282681 -0.0015706112252 -0.00441070211466 0.0155971461671 0.00484031713922 0.0082222257643 0.00664431727052 -0.000424013121192 0.000399969938862 0.00872486869104 0.00717903198349 -0.00630920366765 -0.0105620835338 0.00070143922622 0.00137711526446 0.0226669733854 0.0153620130322 -0.0026015876608 0.00771377018164 0.0123632033813 0.0147403779597 0.0147715498277 0.0143696476124 0.0118396790623 0.00629166461583 0.00763697539972 -0.00132457883559 0.00785954663832 0.00289179037874 0.0132375612903 0.00558387117902 0.00364467303438 0.0106304961867 -0.0050229205774 0.00693911398797 -0.00180374667298 -0.00347979586014 0.0127972106704 0.00281052854619 -0.0076692309856 0.0140054658319 0.0195257553394 0.0212649799254 -0.007113525172 0.00741878259756 -0.00247304841598 0.0201165612093 0.00485664588352 0.00742044698046 0.00628080614728 0.0108956080702 0.00752577504893 0.00921254447245 0.0251067154514 0.00140606724542 0.0103616946142 -0.00806811680989 -0.000699137596181 0.00197707492441 0.0127401524737 0.0133198052196 0.0108467734335 0.0176968704235 0.00459168985385 0.0120737150528 0.00780045717957 0.0254562777293 0.00938945889104 0.008444140936 -0.00464969147142 0.0113648118131 -0.0020341246793 -0.00143625345011 0.000715299955747 0.00568111127484 0.0108051233971 -0.00192293969301 0.0071714484402 -0.00264625196449 0.0135191231588 0.0124082883781 0.00469896016725 0.00218842843541 -0.00194772317705 
0.00616420351736 0.0291578187686 0.0171089453995 0.0160601406987 0.0176502372629 0.0409935051101 0.0164879351309 0.0220922631947 -0.00373473924183 -0.000167360357173 0.00903848317684 0.0202604288015 0.00503589855437 0.00942562135816 0.0177692647294 -0.00503825282681 0.299135132638 0.00566789591918 0.0130112369603 -0.00678932113554 0.000190725419951 0.0137719686511 0.00738115225914 0.0622584186598 0.00472831517453 0.00376028263058 0.0246128690878 0.0248661946427 0.0168900643515 0.0183322193408 3.51671785858e-05 0.020948961259 0.0173604665459 0.0246984886823 0.00391476780258 0.0446740683988 -0.00103532601661 0.0150935096825 0.011990589273 0.0253805017177 0.0531148801362 0.0277883678576 0.0172002541865 0.0432513076326 0.0256547718722 0.0126765611617 0.00461923431435 0.0321709554862 0.00945928694497 0.00932491468422 0.00528913630328 0.0681135737554 0.0091874699065 0.00586295634665 0.000368408341516 0.0257168789814 0.0190406120832 0.00213035233009 0.0344826757352 0.0147177045308 0.0175677503451 0.0436907929948 0.0182990297699 0.0385985279763 0.00559654940329 0.0223585706792 0.00846304722747 0.0273215075211 0.0161270814994 -0.00287808713588 0.00983856433988 0.022823287134 0.00135610768785 0.0235445354025 -0.00503816430765 0.00713960703935 0.0237537745677 0.0155356104672 0.00543635929018 0.0019442054587 0.00465031873019 -0.00227375326248 0.0158678274089 0.00554922655426 0.00558259511962 -0.00403554623999 -0.00763717000778 0.0231498447948 0.0167572299799 0.00252917096492 -0.00215028066751 0.00427271118097 0.00100359671536 0.0315626345823 0.00411987371032 0.00347453361321 -0.00306088207788 0.0247186886961 0.00907498263793 -0.00565090404574 
-0.0120891129267 -0.00562143372045 0.0166118606948 0.0116524666636 -0.00745709946981 0.00869238291627 -0.00386304796268 0.0106005632526 0.00178887598282 0.00564034025021 -0.00413359564865 0.0020351569162 -0.00250213502999 0.0073384045049 -0.00119029832827 -0.0015706112252 0.00566789591918 0.390203345963 0.00217725459528 -0.0115265080515 0.0246582221423 0.015819060259 -0.00169535742573 -0.0134317268941 0.0183628071041 0.00647803175453 0.0143569491568 0.134950573945 -0.000598826689477 0.00968597868894 0.00505275109865 -0.000109952432978 0.0225767113462 0.0224294056901 0.00488860503076 0.00867410272625 0.0250588970986 0.0153552293563 0.00966065643187 0.0408736910445 0.00404323869756 0.011707290717 0.0205130638066 0.0505689327715 0.0185685240891 -0.00777218958487 0.0115706074163 0.0153144615772 0.0104925107323 0.0109972143518 0.00536662045821 0.0140634733976 0.0997139793164 0.0123888379412 0.0144659744564 -0.00246637109155 0.017574811797 0.0602506434036 0.0809226970039 -0.0138709317428 0.00597072732205 0.0218685246801 0.0341324888413 0.031825187077 -0.00459851404656 0.0113202262134 -0.00356761964372 0.0227104070157 -0.00233104386743 0.0720413895891 -0.00451798225156 0.0146796144518 0.147877881298 -0.00545602595209 0.0241784045101 -0.0330483305777 0.0202423363295 0.00157238868697 0.036789631346 0.00834889554214 0.0196313361839 0.0177674568161 0.00890205964899 0.0420335864107 0.128677452123 0.0760881280384 0.0126657772228 0.0180210923638 0.00432803336427 0.0448085827284 0.0198366286334 0.00936009894092 -9.13667719995e-05 0.0232242004062 0.0122012243123 0.0168793817801 0.00786715262962 0.0319754724349 0.00588567179578 0.0488410295588 
0.00324425025501 -0.00162629296443 0.0272600485347 0.0366708501586 -0.00106295793475 0.00309152988772 0.0113913403994 0.0086838705141 0.00143066925126 0.0120500424588 0.00746409211701 0.0125995255106 0.00526237183094 0.00574122114971 0.00822393755535 -0.00441070211466 0.0130112369603 0.00217725459528 0.386112838864 -0.00478065545838 0.00283078686844 0.000890033303103 -0.00285346781557 0.00687386499239 0.0135318547823 -0.00110552368336 -0.000549739489669 -0.00833496412747 0.00470229162819 0.00991016443439 -0.0108398041348 0.00470926286292 0.00712768853861 -0.0182827888303 0.00922311737618 -0.00435869070562 0.0295343936161 0.011159290234 0.0151627025593 0.0249881796089 0.0109087009764 0.00787756563868 0.0103615239709 0.0196732323819 0.00667999761353 0.0021326414735 0.015302695394 0.0176492073887 -0.000272821364044 0.0109600105101 0.00079099254704 0.0251534526401 -0.00318754289261 0.0147347188397 0.0707111687896 -0.00192300611273 0.00647539945053 0.0129294227253 0.00642191851004 -0.00117665780495 0.00606639023398 -0.00365762057367 0.0193995719711 0.018703059016 0.00556658382097 0.00796890434299 0.0114994544876 0.00645178934053 0.0046920865998 0.000890033175447 -0.000184214894536 0.00697284110164 0.00717363495901 0.0022880386043 0.00543848536407 0.00837377461908 0.00217477077824 0.00989900065497 0.0228966893061 0.00524244188549 0.0102828925728 -0.00378942761066 -0.0041548415861 0.0132848522815 -0.0112647462427 -0.00463441730481 0.00365047788999 0.0103906159425 0.00124539089644 0.0124443285516 -0.0117123771186 0.00752560457403 0.00013662023294 0.00516439210451 0.0299761234837 -0.00570211317233 0.00805224323316 0.0195811766259 0.0289823878988 -0.00883525285605 
0.00549759903288 0.00457446060062 0.00869723608827 0.0105363307185 0.0274271075676 0.00479576114533 0.0089368205331 0.00772133928331 -0.00190732710423 0.00181567047364 0.020509089429 0.00898043074801 0.0198546231626 0.00583696457329 -0.00745283397337 0.0155971461671 -0.00678932113554 -0.0115265080515 -0.00478065545838 0.263541487012 0.0213013000782 -0.00554317329017 0.00814517195285 0.00317693481973 -0.00982532611763 -0.00508216211261 0.0115693210342 -0.0212310834628 0.0224661542955 0.00912956366119 -0.00627750733746 0.0169968825843 0.00849290615467 0.0136690054046 -0.00206710857914 0.0184143872003 0.0369101321548 0.010889223479 0.00558655950469 0.00484621005954 0.0290739405997 0.019099286487 -0.00742097702025 0.0110387899061 0.045818734289 0.0236189711902 0.0132907936865 0.0103339668585 -0.00406394481705 0.00176779458285 0.0109072009388 -0.00348100710702 -0.00680593404917 0.00718430420855 0.00390721180014 0.0251459271439 0.00759520421549 0.00723956572565 -0.0113713046342 -0.00248946745584 0.016999854439 0.00187852360656 0.0367788106294 0.0271679925717 0.0186003092101 -0.00521517987974 -0.00671449261524 0.0252426046559 0.00868996816902 -0.0130458522316 0.00754300512062 0.0166270778783 -0.0227671986402 0.0266855120071 0.000644114159594 0.0329528684891 0.0228546313648 0.00654171067532 0.0183721286521 0.0320396111476 0.0035890747827 -0.0173434112663 0.00407141120982 0.0126593547995 -0.00669817970945 -0.0113254035897 0.0161295900663 0.0159396526953 0.00761122301906 0.00708655080898 0.0245365470314 0.0113954211079 -0.0160637937534 -0.00299524107084 -0.00654165106904 0.00224986651889 -0.00596675092886 0.00317950428435 -0.00555217695525 -0.0100096332936 
0.0193641078435 0.00749936204071 0.0114701303225 0.00689592242146 0.0116220996269 0.0126523229955 0.0041744360113 -0.00229459695647 0.0105907999571 0.0177897578131 0.00624776917091 0.00657397594789 -0.000469344104374 0.0107221914151 -0.00418063117731 0.00484031713922 0.000190725419951 0.0246582221423 0.00283078686844 0.0213013000782 0.219074166383 0.0235099409682 0.00831314426965 0.0024210104796 0.0115559646386 0.0079718917219 0.0157067114513 0.0155044559682 -0.00155321993289 0.0070788888188 0.00982639467128 0.00692735171254 0.00931867003879 0.0122387426237 0.0168174271298 -0.00603740777719 0.0013896112932 0.00909539193553 0.0233698389566 0.00167399593679 0.00571820429421 -0.00160462573562 0.00439644683361 0.0315087254007 0.0154886305949 0.00996951837208 0.0110196796899 -0.00468776248585 0.0105029802858 0.0179009527694 0.0018835056703 -0.000403453405661 0.0104993793966 -0.00155604309611 -0.000762000178165 -0.00126466810823 0.0185961814739 0.0244799244765 0.0207924442066 0.017346734821 0.0113013757077 0.00527489410352 0.0100290685922 0.012753945918 0.00879478012708 -0.0183654409702 0.00937114319051 0.00959363040512 0.0072719175185 0.0153561037292 0.00382483151554 0.0205441864109 -0.00692809907245 -0.00281604018736 -0.00796947712116 0.0116474190691 -0.00513156953005 0.00348987838868 0.0236998680219 0.00693294642019 0.00517483212043 3.95408440597e-05 0.00366701458234 0.0125449300468 0.0274951723562 0.00220227541935 0.0175642732269 0.0229124153086 0.00292486242813 0.0144929272025 0.00365189120035 0.0192964686513 0.0204949908644 0.00804592532183 0.0127417886968 0.0110401033287 0.00755155105784 -0.00367741530371 -0.00949832517975 0.010805107099 
0.026009440658 0.00254765228788 0.00730730405544 0.0281009398705 0.0138201112685 0.0163911473312 0.0254431138119 0.014940045644 0.0294067137456 0.0220099758222 0.00978479073038 0.00960261483432 0.01096989726 0.00414338646267 -0.000613356234275 0.0082222257643 0.0137719686511 0.015819060259 0.000890033303103 -0.00554317329017 0.0235099409682 0.183124053407 0.00884016966115 0.0136444161134 0.01310101324 0.0241051414878 0.0125643356423 0.020573076827 0.00376234042914 0.00221819923659 0.0347001229798 0.0220608236008 0.0200831790041 0.0244359422117 0.0127037936663 0.0169676141933 0.0094343814588 0.000110481155715 0.0268988538449 0.0058039023676 0.00521765157402 0.00771744894111 0.0109103233078 0.0272475540468 0.0113354673262 0.0138547565223 0.00577849630743 0.0107579159873 0.0346249006444 0.0121101756869 0.00974918803047 0.00492341369705 0.0221351377419 0.00150465686989 0.00615565933875 -0.00362217742953 0.00363488847233 0.0268328145693 0.0206518770507 0.00797432743393 0.00423844835035 0.00436201527851 0.0202518092075 -0.00980059020954 0.0196222082642 0.0123576639315 0.0139991716999 0.0111454389711 -0.000355781362447 0.0301374364096 0.00927566326098 -0.000309099394343 0.0187146982158 0.00832656449564 0.0243116047427 0.00159636081085 0.0015179458255 0.0101760193286 0.000931978203002 0.0153511589255 0.0106906484122 0.0334279316386 0.000951943719911 0.0220133928464 0.0210096142185 0.0347002482293 -0.00620076879218 0.0131803020138 0.0142198742704 -0.0151089008044 -0.00105660839555 0.00125237587821 0.0108615633444 0.00296652659918 0.0196140207727 0.0482428121066 0.0134547783396 0.00542700065042 0.0100118335321 0.0286311763316 
0.011515891254 -0.00348292500029 0.0194960485799 0.008622646501 0.00389016004151 0.014187172625 0.00898267407501 0.0194370285052 0.0100412226814 0.0168902843587 0.0132574473428 0.0052025020001 0.00504856501629 0.00762126087227 -0.00165858445326 0.00664431727052 0.00738115225914 -0.00169535742573 -0.00285346781557 0.00814517195285 0.00831314426965 0.00884016966115 0.256193010464 0.0065195755585 0.0142437645802 0.00738599351611 -0.000309825718805 0.0155625845323 0.0112049109452 0.0116587857911 0.00209268808943 0.00931998267284 0.0173461972472 0.00982363883507 0.0173895094557 0.000866519156719 0.0152339177368 0.0290171995911 0.014953427908 0.0301855243798 0.0119229982967 0.00903642126837 0.0219367054872 0.00832056349813 0.020572239888 0.0167658523127 -0.00252622138327 0.0226000778854 0.00403345085084 0.0108968956176 -0.00052653626068 0.0253067403463 -0.00128764257209 0.0397033577023 0.0198013996008 0.0143567284673 0.0132948964545 0.00949476697092 0.00415744495647 0.00247025196609 0.0185736262288 0.0106695153782 0.032374929751 0.022806627096 0.00875158181506 0.0148429974383 0.0180187803474 0.0137369113044 0.0145378677726 -0.0145625899856 0.0225110885234 0.0331801350236 -0.00354112132449 -0.00370496075013 0.00573145375721 0.0371612443594 0.0226814818638 0.0130221669012 0.0207843873388 0.0158779105419 0.00341032363737 0.000575199739589 0.0117154895303 0.00283490440973 0.00867698540957 0.0113689769096 0.0137173178262 0.00642617092673 0.0201983790693 0.017086427235 -0.0151840599331 0.00235982605756 -0.00498212442698 -0.00224662308986 0.0209067062775 0.01038815581 0.00879860798801 0.00907297820438 0.0145440325108 -0.0113060881409 
