40
0.0333203023267 0.0743289823458 0.0995242847704 0.0278380444533 0.0693656588129 0.0525709156995 0.0223320424584 0.143584613331 0.0482651065397 0.0472748306646 0.0420146984796 0.0514292405054 0.0284224966367 0.0215013837744 0.140066530531 0.090319564185 0.0282353637115 0.102128665084 0.0161403943775 0.133327922328 0.0646745186267 0.0132097716294 0.107238949757 0.0271794955288 0.0700025840065 0.0715007016099 0.0297585566085 0.110625092132 0.0991765707177 0.0621529110589 0.125871369107 0.0291248595558 0.0130713531851 0.0309081568087 0.0153161335694 0.0272696759741 0.0909027791802 0.0235207120966 0.0267221777707 0.0352458247454 
0.200705196385 0.0265237249185 0.0160504923016 0.0318638937041 0.00964311934789 0.011454947023 0.00946336646565 0.00686826232075 0.0148744217713 -0.00312313113636 0.0134661304663 0.0186285918471 0.0134864689484 0.0178741529836 0.0207194128667 0.0382199046517 0.017392391986 0.00921793986076 0.0221929543915 0.016608702144 0.0058155325011 0.0137971875654 -0.00249709308921 0.0241097798819 0.0138206433453 0.00593970766901 0.0274963571241 0.0166430176346 0.0100767894691 0.022985697694 0.0188339513797 0.024821593653 0.013737096531 0.012615503534 0.0131305199693 0.0092794592937 0.0221317271417 0.0116604920184 0.0162167335688 0.0274702891511 
0.0265237249185 0.305166387926 0.0399276980499 0.00643842657772 0.0391871698265 0.046385126348 0.00916082850763 0.0577503855467 0.0355978097989 0.0101022779293 0.0343221475341 0.0971112306093 0.00651829647107 0.0460838096547 0.0579407710448 0.0344236269607 0.0444420970251 0.0434408617004 0.00272361775137 0.0138298955976 0.0134410511101 0.0228508798943 0.0502650533333 0.044865218123 0.0268821444738 0.0183065759114 0.036906431172 0.0650990192842 -0.00459262118186 0.0450664297395 0.00783389110315 0.0245936526154 0.0197462370541 0.041339916739 0.0199998743597 0.0430466927953 0.0196332167833 0.00991268706012 0.0329014193168 0.0560301998809 
0.0160504923016 0.0399276980499 0.435428722889 0.00496029489762 0.0447133503106 0.0096172638752 0.0135414423382 0.141921010717 0.0125449155686 0.00139831145925 0.0330538240842 0.0257755949656 0.00502165796668 0.0155163952965 0.0136374150375 -0.0032325528842 -0.000631865994163 0.0216127488213 -0.0037225558971 0.0347059554438 0.00792481712582 0.0150577153351 0.023977162278 0.00270803624561 0.0145743540544 0.00505771523473 0.00576954271131 0.00456091452231 0.017577707935 0.000893152753249 -0.00542746372834 -0.0012204405906 0.0263852480278 -0.00209426853913 0.0171150854908 0.0238497095335 0.0305462980141 0.00346915109612 0.0435723589343 0.00840338512648 
0.0318638937041 0.00643842657772 0.00496029489762 0.181260950269 0.0126682097281 -0.00699044482876 0.0243213092118 -0.00907148391106 0.0125602543872 0.00363748404294 0.0147515171458 0.0171089656956 0.0124860149294 0.00863614988684 0.0154712885928 0.00373378489765 0.0120317634206 0.00315965193795 0.0171483430625 0.0223029132814 0.00214236380089 0.0131186801552 0.0113500068104 0.0149650167736 0.00616837299136 0.0114030086573 0.00729066348807 0.00631425409753 -0.02093475221 0.0227174131136 0.00117657391834 0.0200731433941 0.0111427687918 0.0195935535347 0.00908774676877 0.0116546506161 0.0199464097603 0.00579751432412 0.00932621170488 0.0128693117779 
0.00964311934789 0.0391871698265 0.0447133503106 0.0126682097281 0.381704140211 0.0171609780519 0.00276284334995 0.00180365850056 0.0564639835704 -0.00421535259994 0.0133533776791 0.0203881376751 0.00622684115779 0.0330402488374 0.0038173396588 0.014754503319 0.0185766092734 0.0159789146298 0.00595786791432 0.0310026575574 0.00668392515011 0.0198870152995 0.0223759651008 0.0229181847588 0.0156590839261 0.0150261207388 0.0176955622572 0.00203927533816 0.0172262880241 0.0205473739844 0.00487488147553 0.00823498635544 0.00206745478213 0.0440654892013 -0.00161705812767 0.00389041641244 0.00280971518578 0.0100945428816 0.0128420952341 0.0149047431011 
0.011454947023 0.046385126348 0.00961726387521 -0.00699044482876 0.0171609780519 0.318890175946 0.0014296235807 0.0192692767196 0.00935758054399 0.0123008192596 0.025274078022 0.0250977052135 -0.00358145569525 0.0222812854787 0.0249681178494 0.0105411189122 0.0230892247218 0.0649226777957 0.000848393292817 0.026465913101 0.0114656289389 0.0125320252256 0.047567284181 0.00445084644275 0.0144672352079 0.012915186218 0.0391122618639 0.0355185122274 -0.0137866781129 0.037015987259 0.0317883310925 0.0115982757792 0.00283323798725 0.0493676863413 0.00795022773715 0.0341032144865 -0.0064716959139 0.000239920793346 0.0107053545911 0.0131084744376 
0.00946336646565 0.00916082850763 0.0135414423382 0.0243213092118 0.00276284334995 0.0014296235807 0.204778421391 0.00386244116553 -0.00472293452703 0.00523077942402 -0.0122794701401 0.0133060925094 0.0242664485101 0.0101361273826 0.000427863722991 0.00914569303943 0.00333235203333 0.0209737178179 0.00223851320786 0.00384111112684 0.00486871806898 0.00577412592777 0.0218560169832 0.00667292201446 0.00841517150663 0.012260553724 0.00438218258219 -0.0016582380619 0.0118822554374 -0.0130197996174 6.26496644448e-05 0.0144955430257 0.0107896224207 0.0127108866725 0.0107774384372 0.0121306426531 0.0176705880672 0.00292557388593 0.00553025892777 -0.00177264980555 
0.00686826232075 0.0577503855467 0.141921010717 -0.00907148391106 0.00180365850056 0.0192692767196 0.00386244116553 0.561061368989 0.0137134489963 -0.0154952177842 0.0590067545665 0.0334603645736 0.00230564592261 0.0199611200155 0.0141520594526 0.0238821292033 0.0128173665611 0.0584007111571 0.0100296434543 0.0137008484113 0.0730782972651 0.00277660572578 0.00864555401322 -0.00144783069529 0.01042240878 0.00178455615699 0.0368193998524 0.0333490865588 0.0201790807993 0.000841453272751 -0.00552156553481 0.0315969801175 0.0226565693093 -0.00956408821862 0.0295812562231 0.0190069448478 0.0428954311201 0.0142244250111 0.054280495029 0.00400601399856 
0.0148744217713 0.0355978097989 0.0125449155686 0.0125602543872 0.0564639835704 0.00935758054399 -0.00472293452703 0.0137134489963 0.302030827952 0.0204891511121 0.0220622243654 0.0303196754546 0.00102544101695 0.0292459700611 0.00951636855393 0.0348672915685 0.0118088819647 0.0320303710935 0.0130555272995 0.0279855469259 0.0175543928972 0.017523590352 0.0264795649021 0.00401571512328 0.0101968683037 -0.00601216432429 0.0279422886674 0.0244958706685 0.00856174533391 0.0205284786656 -0.0153442619846 0.00854600889344 0.0039598709638 0.0382366892281 0.00367093277819 0.0239440145843 0.03066509122 0.0257078271599 0.0237041449285 0.0169473202972 
-0.00312313113636 0.0101022779293 0.00139831145925 0.00363748404294 -0.00421535259994 0.0123008192596 0.00523077942402 -0.0154952177842 0.0204891511121 0.358155142412 0.00330160978487 0.00646146909205 0.0141063397475 0.00693984016456 -0.00038200520219 0.0363822495656 0.0115032878639 0.00630965962401 0.0066766218498 0.00179901872897 -0.000867827994217 0.00855049948115 0.0187850942579 0.0131955228374 0.0165349638418 0.011674547556 0.0150711794945 0.000721089835148 -0.00622249526751 0.0164521477923 0.00170954523513 0.00370812848341 0.0112963334717 0.0104395001167 0.000286799588495 0.00408418140552 0.010169907049 0.018691005493 0.0166401662827 0.00396865605443 
0.0134661304663 0.0343221475341 0.0330538240842 0.0147515171458 0.0133533776791 0.025274078022 -0.0122794701401 0.0590067545665 0.0220622243654 0.00330160978487 0.216455166362 0.0325696467211 0.014415689752 0.0156337263349 0.00720621943917 0.0115072647194 0.0127033972688 0.0188090996735 0.0136843986597 0.0128512711786 0.0232166752495 0.00781807500913 0.0168060252302 0.0116351864298 0.00906179912174 0.00919374960636 0.0215566939327 0.0116645370081 0.00654775042085 0.0115303492444 -0.00920649037528 0.00786147503013 0.019550720514 0.0142864179852 0.0329434569982 0.0193482423469 0.0177088681225 0.00536662517509 0.0312203576355 0.0154671501843 
0.0186285918471 0.0971112306093 0.0257755949656 0.0171089656956 0.0203881376751 0.0250977052135 0.0133060925094 0.0334603645736 0.0303196754546 0.00646146909205 0.0325696467211 0.193339460526 0.0151382048682 0.0186164167215 0.0311650849588 0.0330586885029 0.0321640246063 0.0291966104054 0.00940754986499 0.0105036275652 0.00318235937978 0.0120064620434 0.0343592805712 0.0234444465158 0.0124614841219 0.0113674612204 0.0250746990874 0.0481183550672 0.00234189366735 0.0199548690759 0.0144913314503 0.018522422127 0.0204079917195 0.0332041034306 0.0314852993571 0.0142354025829 0.0209224109079 0.0134244570549 0.0255464947464 0.0335301759449 
0.0134864689484 0.00651829647107 0.00502165796668 0.0124860149294 0.00622684115779 -0.00358145569525 0.0242664485101 0.00230564592261 0.00102544101695 0.0141063397475 0.014415689752 0.0151382048682 0.197492558906 0.0259167243153 -0.00174527472816 -0.0014437984734 0.0142859741881 0.00860864906495 0.00583839328658 0.00115386934988 -0.00646774620312 0.00466362650341 0.0153685895591 0.0110656166722 0.00267227091131 0.0130345300829 0.00432299351656 -0.00721328517481 0.0103765200626 0.0136478771811 -0.000906426449825 0.00838938394711 0.0180551490552 0.00794462521332 0.0159319420693 0.00279933023225 0.0148905489689 0.0133906479085 0.00978501005507 -0.000544562672257 
0.0178741529836 0.0460838096547 0.0155163952965 0.00863614988684 0.0330402488374 0.0222812854787 0.0101361273826 0.0199611200155 0.0292459700611 0.00693984016456 0.0156337263349 0.0186164167215 0.0259167243153 0.28665488807 0.0235190585104 0.0203415495801 0.0216823376197 0.0203072204148 0.00796264368108 0.0175961162235 0.0149974440429 0.0290760452067 0.0316510883398 0.014882918188 0.0133792028687 0.0184747797558 0.0109297453984 0.0219741429977 0.00598970695263 0.0151042763518 0.0168726980343 0.0292150528767 0.00471210487354 0.0202751173134 0.00456517115356 0.0309775961641 -0.00820652192119 0.0190529746336 0.0198658589681 0.0102797903381 
0.0207194128667 0.0579407710448 0.0136374150375 0.0154712885928 0.0038173396588 0.0249681178494 0.000427863722991 0.0141520594526 0.00951636855393 -0.00038200520219 0.00720621943917 0.0311650849588 -0.00174527472816 0.0235190585104 1.45539828058 0.0118020590721 0.0139614277836 0.0296457894727 0.00756072390147 0.00416718595556 0.0177545457885 0.0153876690041 0.0357205122998 0.00417763556442 0.0119288810913 -0.00234231844253 0.0170711845056 0.0206460517052 0.0134474592919 0.0103149268633 0.00608146172607 0.0112432808693 0.0186899357306 0.012896537243 0.0290570929639 0.0136103494284 0.0345243139831 -0.000275843782437 0.0128720855548 0.0175571642995 
0.0382199046517 0.0344236269607 -0.0032325528842 0.00373378489765 0.014754503319 0.0105411189122 0.00914569303943 0.0238821292033 0.0348672915685 0.0363822495656 0.0115072647194 0.0330586885029 -0.0014437984734 0.0203415495801 0.0118020590721 0.610421832479 0.0238270167745 0.0523427454688 0.0195957366228 0.0305607422961 0.0258088231892 0.0194407447705 0.0277511347877 0.0236333651633 0.021143459117 0.0101943510672 0.0160626372406 0.0452949038523 0.00791920444159 0.0228532046287 0.00943872688452 0.0188784252618 0.0234647130131 0.0180577908887 0.0107279462978 0.0175609103184 0.0226413954457 0.011875850255 0.00732432777032 0.00985689690113 
0.017392391986 0.0444420970251 -0.000631865994162 0.0120317634206 0.0185766092734 0.0230892247218 0.00333235203333 0.0128173665611 0.0118088819647 0.0115032878639 0.0127033972688 0.0321640246063 0.0142859741881 0.0216823376197 0.0139614277836 0.0238270167745 0.143347653201 0.0176264304361 0.0222878585084 0.00614407392997 0.0401867166573 0.00719242104581 0.035519863192 0.0198912700217 0.013404126538 0.0217804701179 0.0247890190558 0.0186788049768 -0.00217187053213 0.0233078627655 0.00292418961228 0.0135665932313 0.0278787629939 0.0250747568797 0.0215248589967 0.0169387966428 0.0136731711897 0.0104132022594 0.032755706062 0.0191084586445 
0.00921793986076 0.0434408617004 0.0216127488213 0.00315965193795 0.0159789146298 0.0649226777957 0.0209737178179 0.0584007111571 0.0320303710935 0.00630965962401 0.0188090996735 0.0291966104054 0.00860864906495 0.0203072204148 0.0296457894727 0.0523427454688 0.0176264304361 0.682354691595 0.0075768428904 0.0168713113365 0.0126135314845 0.0154352805589 0.0243677977608 0.0160090346508 0.00996842704049 0.00911869163145 0.0208588429844 0.0354087326782 -0.00232919940474 0.0180880010929 0.0332889103193 -0.00200516666781 -0.00367644857487 0.0167851809532 -0.001625915849 0.0198808836141 0.00726689309528 0.00822666795546 0.00343990628717 0.0195486400185 
0.0221929543915 0.00272361775137 -0.0037225558971 0.0171483430625 0.00595786791432 0.000848393292816 0.00223851320786 0.0100296434543 0.0130555272995 0.0066766218498 0.0136843986597 0.00940754986499 0.00583839328658 0.00796264368108 0.00756072390147 0.0195957366228 0.0222878585084 0.0075768428904 0.176380828152 0.00688338240091 0.00934209904647 0.018182768072 -0.000181864365292 0.0182367317125 0.0168154062661 0.0158881960266 0.00332718682127 -0.00324460455284 0.00238393973395 0.0106932929955 -0.00435219686776 0.018288465136 0.00270395964649 0.00595889409861 0.00683245855215 0.0122700724667 0.00982668111243 0.00441919727994 0.0105426738485 0.00334639935097 
0.016608702144 0.0138298955976 0.0347059554438 0.0223029132814 0.0310026575574 0.0264659131009 0.00384111112684 0.0137008484113 0.0279855469259 0.00179901872897 0.0128512711786 0.0105036275652 0.00115386934988 0.0175961162235 0.00416718595556 0.0305607422961 0.00614407392997 0.0168713113365 0.00688338240091 0.829092678883 0.0175260172821 0.00975656740199 0.00529756243824 0.00122036983204 -0.00168424898922 0.0181214813302 0.0480496932571 0.0355673430171 0.0161028447859 0.0206843186233 0.00764073472051 -0.00262116228852 0.00878965411975 0.0498808223664 0.00215272895369 0.0103183822874 0.0343216323537 -0.00399225798914 0.0266549732557 0.0259741294474 
0.0058155325011 0.0134410511101 0.00792481712582 0.00214236380089 0.00668392515011 0.0114656289389 0.00486871806898 0.0730782972651 0.0175543928972 -0.000867827994217 0.0232166752495 0.00318235937978 -0.00646774620312 0.0149974440429 0.0177545457885 0.0258088231892 0.0401867166573 0.0126135314845 0.00934209904647 0.0175260172821 0.509016932373 -0.00263634015185 0.0478674766563 0.0183076745265 0.00868081334647 0.000714104725995 -0.004148800527 -0.0239424283805 0.0725744898021 0.0094936425956 0.00727417788421 -0.0196793705613 0.0210724847381 0.0141610481565 0.0153436204596 0.000521195728625 0.013932846928 -0.000104202325659 0.0169314510316 -0.0131238752341 
0.0137971875654 0.0228508798943 0.0150577153351 0.0131186801552 0.0198870152995 0.0125320252256 0.00577412592777 0.00277660572578 0.017523590352 0.00855049948115 0.00781807500913 0.0120064620434 0.00466362650341 0.0290760452067 0.0153876690041 0.0194407447705 0.00719242104581 0.0154352805589 0.018182768072 0.00975656740199 -0.00263634015185 0.168596993314 0.0162822363118 0.0130151082533 0.0098409982811 0.0107435448567 0.0122136832847 0.0258347781797 0.00281543970158 0.00904812702515 -0.00398242293913 0.0179735567503 -0.00149643916604 0.00507152084994 -6.74574201427e-05 0.0165556016936 -0.00109058137963 0.0134228576301 -0.00368856228387 0.0123399827042 
-0.00249709308921 0.0502650533333 0.023977162278 0.0113500068104 0.0223759651008 0.047567284181 0.0218560169832 0.00864555401322 0.0264795649021 0.0187850942579 0.0168060252302 0.0343592805712 0.0153685895591 0.0316510883398 0.0357205122998 0.0277511347877 0.035519863192 0.0243677977608 -0.000181864365291 0.00529756243824 0.0478674766563 0.0162822363118 0.452266743994 0.00603177117988 0.0337394627145 0.0212352201249 0.0179455717431 0.168731169703 -0.0123332312113 0.0371756434597 0.0491574147492 0.0164510518504 0.0141453844192 0.039252426883 0.0128366717998 0.0353381344735 0.02590709912 0.0109429683568 0.0201153287419 0.016264681904 
0.0241097798819 0.044865218123 0.00270803624561 0.0149650167736 0.0229181847588 0.00445084644275 0.00667292201446 -0.00144783069529 0.00401571512328 0.0131955228374 0.0116351864298 0.0234444465158 0.0110656166722 0.014882918188 0.00417763556442 0.0236333651633 0.0198912700217 0.0160090346508 0.0182367317125 0.00122036983204 0.0183076745265 0.0130151082533 0.00603177117988 0.229034102767 0.0480876976253 -0.00322526972933 0.0117795130715 -7.77360001438e-06 0.0216070187921 0.0197625188897 0.00528404123142 0.01422338518 0.00873562464632 0.0175967112222 0.0103752280898 0.00784542818523 0.012469472061 0.00686047312989 0.0146214722001 0.00297407887687 
0.0138206433453 0.0268821444738 0.0145743540544 0.00616837299136 0.0156590839261 0.0144672352079 0.00841517150663 0.01042240878 0.0101968683037 0.0165349638418 0.00906179912174 0.0124614841219 0.00267227091131 0.0133792028687 0.0119288810913 0.021143459117 0.013404126538 0.00996842704049 0.0168154062661 -0.00168424898922 0.00868081334647 0.0098409982811 0.0337394627145 0.0480876976253 0.325127584236 0.016129059753 0.00688374759849 0.00827101516153 0.0272727518364 0.0206258549167 0.00269440209246 0.0213491920605 0.00304182257086 -0.0123123445224 0.0052541902936 0.00167042575928 -0.00705024152497 0.0120935022942 0.0150812338478 0.0094399877064 
0.00593970766901 0.0183065759114 0.00505771523473 0.0114030086573 0.0150261207388 0.012915186218 0.012260553724 0.00178455615699 -0.00601216432429 0.011674547556 0.00919374960636 0.0113674612204 0.0130345300829 0.0184747797558 -0.00234231844253 0.0101943510672 0.0217804701179 0.00911869163144 0.0158881960266 0.0181214813302 0.000714104725995 0.0107435448567 0.0212352201249 -0.00322526972933 0.016129059753 0.592129298171 0.00687703069712 0.0087329518317 0.00309224626161 0.0125662354933 0.00952648180267 -0.00238369775985 0.0214349761851 0.00484372416886 0.00733014119536 0.00981423779951 0.014556122224 0.00546115439647 0.0194066593474 0.0308766998897 
0.0274963571241 0.036906431172 0.00576954271131 0.00729066348807 0.0176955622572 0.0391122618639 0.00438218258219 0.0368193998524 0.0279422886674 0.0150711794945 0.0215566939327 0.0250746990874 0.00432299351656 0.0109297453984 0.0170711845056 0.0160626372406 0.0247890190558 0.0208588429844 0.00332718682127 0.0480496932571 -0.004148800527 0.0122136832847 0.0179455717431 0.0117795130715 0.00688374759849 0.00687703069712 0.255498778309 0.0219819573804 0.00521041649785 0.0252709469424 0.00954289159214 0.022266554388 0.0114373457386 0.0617894481797 0.00962954344004 0.0190815564409 -0.00426580309338 0.0308067502946 0.0205299664319 0.0240057088672 
0.0166430176346 0.0650990192842 0.00456091452231 0.00631425409753 0.00203927533816 0.0355185122274 -0.0016582380619 0.0333490865588 0.0244958706685 0.000721089835148 0.0116645370081 0.0481183550672 -0.00721328517481 0.0219741429977 0.0206460517052 0.0452949038523 0.0186788049768 0.0354087326782 -0.00324460455284 0.0355673430171 -0.0239424283805 0.0258347781797 0.168731169703 -7.77360001428e-06 0.00827101516153 0.0087329518317 0.0219819573804 0.556438028134 0.0397963556067 0.0372707882361 0.0113056871275 0.0114839890204 0.000896585177014 0.0148233850694 0.00475947948704 0.0149284032498 0.00658049449125 0.00384249715564 0.0113726427543 0.0380216418411 
0.0100767894691 -0.00459262118186 0.017577707935 -0.02093475221 0.0172262880241 -0.0137866781129 0.0118822554374 0.0201790807993 0.00856174533391 -0.00622249526751 0.00654775042085 0.00234189366735 0.0103765200626 0.00598970695263 0.0134474592919 0.00791920444159 -0.00217187053213 -0.00232919940474 0.00238393973395 0.0161028447859 0.0725744898021 0.00281543970158 -0.0123332312113 0.0216070187921 0.0272727518364 0.00309224626161 0.00521041649785 0.0397963556067 0.636187048433 -0.0192377744486 0.00350789835748 0.00609298424645 0.00107620852312 -0.0013031159876 -0.00163138891232 -0.0184675887267 -0.0105809138096 0.00401388556737 -0.00222598166866 0.00735329062439 
0.022985697694 0.0450664297395 0.000893152753249 0.0227174131136 0.0205473739844 0.037015987259 -0.0130197996174 0.000841453272751 0.0205284786656 0.0164521477923 0.0115303492444 0.0199548690759 0.0136478771811 0.0151042763518 0.0103149268633 0.0228532046287 0.0233078627655 0.0180880010929 0.0106932929955 0.0206843186233 0.0094936425956 0.00904812702515 0.0371756434597 0.0197625188897 0.0206258549167 0.0125662354933 0.0252709469424 0.0372707882361 -0.0192377744486 0.324912133586 0.0196320152375 0.0182392524475 0.00227962000538 0.0468957295902 -0.0033649249373 0.00854186559948 0.0139876261118 0.00327387764358 0.0125570568809 0.0281833399505 
0.0188339513797 0.00783389110315 -0.00542746372834 0.00117657391834 0.00487488147553 0.0317883310925 6.26496644449e-05 -0.00552156553481 -0.0153442619846 0.00170954523513 -0.00920649037528 0.0144913314503 -0.000906426449825 0.0168726980343 0.00608146172607 0.00943872688452 0.00292418961228 0.0332889103193 -0.00435219686776 0.00764073472051 0.00727417788421 -0.00398242293913 0.0491574147492 0.00528404123142 0.00269440209246 0.00952648180267 0.00954289159214 0.0113056871275 0.00350789835748 0.0196320152375 0.844440182097 -0.00100112618902 -0.00949664023618 0.0263546485366 0.002032572309 0.0145615549398 -0.0166852385106 0.0012975084844 0.00507849217801 0.00411555449976 
0.024821593653 0.0245936526154 -0.0012204405906 0.0200731433941 0.00823498635544 0.0115982757792 0.0144955430257 0.0315969801175 0.00854600889344 0.00370812848341 0.00786147503013 0.018522422127 0.00838938394711 0.0292150528767 0.0112432808693 0.0188784252618 0.0135665932313 -0.00200516666781 0.018288465136 -0.00262116228852 -0.0196793705613 0.0179735567503 0.0164510518504 0.01422338518 0.0213491920605 -0.00238369775985 0.022266554388 0.0114839890204 0.00609298424645 0.0182392524475 -0.00100112618902 0.241623961785 0.0190688151359 0.0137552939179 0.0111672196346 0.00980119573085 0.0124072245895 0.0227863233382 0.0215849180263 0.015103043928 
0.013737096531 0.0197462370541 0.0263852480278 0.0111427687918 0.00206745478213 0.00283323798725 0.0107896224207 0.0226565693093 0.0039598709638 0.0112963334717 0.019550720514 0.0204079917195 0.0180551490552 0.00471210487354 0.0186899357306 0.0234647130131 0.0278787629939 -0.00367644857487 0.00270395964649 0.00878965411975 0.0210724847381 -0.00149643916604 0.0141453844192 0.00873562464632 0.00304182257086 0.0214349761851 0.0114373457386 0.000896585177014 0.00107620852312 0.00227962000538 -0.00949664023618 0.0190688151359 0.133193732987 0.00815869229811 0.0620171892824 0.0146056209919 0.0018042840732 0.0159061236819 0.0343144711334 0.00441631556504 
0.012615503534 0.041339916739 -0.00209426853913 0.0195935535347 0.0440654892013 0.0493676863413 0.0127108866725 -0.00956408821862 0.0382366892281 0.0104395001167 0.0142864179852 0.0332041034306 0.00794462521331 0.0202751173134 0.012896537243 0.0180577908887 0.0250747568797 0.0167851809532 0.00595889409861 0.0498808223664 0.0141610481565 0.00507152084994 0.039252426883 0.0175967112222 -0.0123123445224 0.00484372416886 0.0617894481797 0.0148233850694 -0.0013031159876 0.0468957295902 0.0263546485366 0.0137552939179 0.00815869229811 0.276738475566 0.0127270174258 0.0216019309501 0.00876334930613 0.0127183413403 0.0163599018435 0.0231137800394 
0.0131305199693 0.0199998743597 0.0171150854908 0.00908774676877 -0.00161705812767 0.00795022773715 0.0107774384372 0.0295812562231 0.00367093277819 0.000286799588495 0.0329434569982 0.0314852993571 0.0159319420693 0.00456517115356 0.0290570929639 0.0107279462978 0.0215248589967 -0.001625915849 0.00683245855215 0.00215272895369 0.0153436204596 -6.74574201426e-05 0.0128366717998 0.0103752280898 0.0052541902936 0.00733014119536 0.00962954344004 0.00475947948704 -0.00163138891232 -0.0033649249373 0.002032572309 0.0111672196346 0.0620171892824 0.0127270174258 0.135899732805 0.00663641493662 0.0100036649555 0.0149756752678 0.0339984774667 0.00950200415349 
0.00927945929369 0.0430466927953 0.0238497095335 0.0116546506161 0.00389041641244 0.0341032144865 0.0121306426531 0.0190069448478 0.0239440145843 0.00408418140552 0.0193482423469 0.0142354025829 0.00279933023225 0.0309775961641 0.0136103494284 0.0175609103184 0.0169387966428 0.0198808836141 0.0122700724667 0.0103183822874 0.000521195728626 0.0165556016936 0.0353381344735 0.00784542818523 0.00167042575928 0.00981423779951 0.0190815564409 0.0149284032498 -0.0184675887267 0.00854186559948 0.0145615549398 0.00980119573085 0.0146056209919 0.0216019309501 0.00663641493662 0.142414449304 0.0102907589601 0.0122356421371 0.0220340009885 0.0169229669319 
0.0221317271417 0.0196332167833 0.0305462980141 0.0199464097603 0.00280971518578 -0.0064716959139 0.0176705880672 0.0428954311201 0.03066509122 0.010169907049 0.0177088681225 0.0209224109079 0.0148905489689 -0.00820652192119 0.0345243139831 0.0226413954457 0.0136731711897 0.00726689309528 0.00982668111243 0.0343216323537 0.013932846928 -0.00109058137963 0.02590709912 0.012469472061 -0.00705024152497 0.014556122224 -0.00426580309338 0.00658049449125 -0.0105809138096 0.0139876261118 -0.0166852385106 0.0124072245895 0.0018042840732 0.00876334930613 0.0100036649555 0.0102907589601 0.497070714599 0.000852796251798 0.00694454611366 0.0146429598665 
0.0116604920184 0.00991268706012 0.00346915109612 0.00579751432413 0.0100945428816 0.000239920793346 0.00292557388593 0.0142244250111 0.0257078271599 0.018691005493 0.00536662517509 0.0134244570549 0.0133906479085 0.0190529746336 -0.000275843782437 0.011875850255 0.0104132022594 0.00822666795546 0.00441919727994 -0.00399225798914 -0.000104202325659 0.0134228576301 0.0109429683568 0.00686047312989 0.0120935022942 0.00546115439647 0.0308067502946 0.00384249715564 0.00401388556737 0.00327387764358 0.0012975084844 0.0227863233382 0.0159061236819 0.0127183413403 0.0149756752678 0.0122356421371 0.000852796251798 0.224213415742 0.0181824498029 0.00170959168511 
0.0162167335688 0.0329014193168 0.0435723589343 0.00932621170488 0.0128420952341 0.0107053545911 0.00553025892777 0.054280495029 0.0237041449285 0.0166401662827 0.0312203576355 0.0255464947464 0.00978501005507 0.0198658589681 0.0128720855548 0.00732432777032 0.032755706062 0.00343990628717 0.0105426738485 0.0266549732557 0.0169314510316 -0.00368856228387 0.0201153287419 0.0146214722001 0.0150812338478 0.0194066593474 0.0205299664319 0.0113726427543 -0.00222598166866 0.0125570568809 0.00507849217801 0.0215849180263 0.0343144711334 0.0163599018435 0.0339984774667 0.0220340009885 0.00694454611366 0.0181824498029 0.183833465077 0.0129060613156 
0.0274702891511 0.0560301998809 0.00840338512648 0.0128693117779 0.0149047431011 0.0131084744376 -0.00177264980555 0.00400601399856 0.0169473202972 0.00396865605443 0.0154671501843 0.0335301759449 -0.000544562672259 0.0102797903381 0.0175571642995 0.00985689690113 0.0191084586445 0.0195486400185 0.00334639935097 0.0259741294474 -0.0131238752341 0.0123399827042 0.016264681904 0.00297407887687 0.0094399877064 0.0308766998897 0.0240057088672 0.0380216418411 0.00735329062439 0.0281833399505 0.00411555449976 0.015103043928 0.00441631556504 0.0231137800394 0.00950200415349 0.0169229669319 0.0146429598665 0.00170959168511 0.0129060613157 0.210603934161 

['CAH', 'LEH', 'WMB', 'CL', 'CVS', 'SPLS', 'CAG', 'NOV', 'MCD', 'DGX', 'LTR', 'MER', 'MKC', 'INTC', 'NAV', 'DRI', 'MTB', 'JBL', 'JNJ', 'ADCT', 'SNA', 'IBM', 'R', 'WYE', 'MRK', 'FSH', 'LLL', 'JNS', 'MYL', 'TJX', 'CVG', 'MSFT', 'ED', 'TGT', 'SO', 'SIAL', 'AES', 'CCE', 'GAS', 'FII']