60
0.114457978761 0.0672535079153 0.0635798530397 0.114001255301 0.0936563270582 0.169485482474 0.242072249725 0.0211692002509 0.129241945615 0.0191748751409 0.0180781461794 0.158041803894 0.0313696733512 0.029419367 0.0418020448473 0.0623322546876 0.080285366307 0.103194060275 0.0265193363437 0.0131635076039 0.0347696809731 0.0215013837744 0.0251604878384 0.0708595176859 0.0754225878746 0.0384738749472 0.0538734886168 0.022369934908 0.0428749123775 0.0363496030559 0.0878126089614 0.214537342356 0.164482556217 0.0739523233915 0.0254158643172 0.0290232005544 0.0246636786654 0.060830846045 0.00873698993333 0.138528932385 0.0206637964956 0.0442487549982 0.0486664598358 0.0441448787565 0.148705689344 0.0785675118811 0.0399774891594 0.0716450377603 0.0754552666066 0.0304896250645 0.00422555400052 0.118814959333 0.0125032911957 0.0261881624723 0.125871369107 0.103528049483 0.0331056926512 0.0449016594387 0.0523918745475 0.0761836706695 
0.405606034462 0.0141391515055 -0.00195534256579 0.00512301551104 -0.00462518686449 0.0364230071252 0.0839597343672 0.0149184767744 0.0256403498312 -0.00509169966775 0.00930879968858 0.0114763252675 0.00758024869817 0.0275046119193 0.0311420441478 -0.00492970806601 0.00256794519759 0.0379960622006 0.0165978018132 0.0195346132005 0.0179602589523 0.0133185186478 -0.0081727921993 0.00424623885835 0.0162689093456 0.0180708888791 0.0104378392191 0.00976001328266 0.00983168419553 0.0103485401443 -0.0142711619877 0.00937199524904 0.0579918531733 0.0227066090101 0.0232693175273 0.00781756127491 -0.00216577068822 0.00480520054185 -0.00016249566018 0.00280351755848 -0.00778928089319 -0.00427848640152 8.2858488586e-05 0.00802464626606 0.0120671449927 -0.00759364089199 0.0039760668947 -0.00377534146942 0.0459439896906 -0.000728598498984 -0.00539050259677 0.0259969281677 -0.0228394117896 0.00629400829127 -0.0133059066294 0.160169118709 0.041749303914 0.023314940868 0.00940840317248 0.0290045416792 
0.0141391515055 0.324102877511 0.044540244536 -0.00547410707019 -0.00246324542594 0.0127093810269 0.0258156299038 0.014259003863 -0.00996186729181 0.0210348344871 0.0107202297551 -0.00793396207396 0.0156497775354 0.0126262098845 0.0289268657267 0.0286168335944 0.0131479315222 0.0236573748041 0.011004159293 0.00924437188222 0.0248747981004 0.0251541791495 0.0259813263943 -0.00581144070974 0.00451429225187 0.0103805053079 0.0361300839574 0.0257552629886 0.00331798488572 0.0220890480763 0.0269980356753 0.0586189299696 0.00802022974193 -0.00104658381706 0.0110615833581 0.0175078924846 0.0104965823319 0.0426979241835 0.00596157417578 0.0929026770991 0.0138517597703 0.0274923657675 0.0149778791018 0.0441672717642 0.0191774755984 0.00941059902063 0.00284666190194 0.00581627600982 0.0495393097134 0.011770595907 0.0182145125761 0.0174787667405 0.0501399128142 0.0161938859784 0.0155069153441 0.00416167225802 0.0334931972609 0.0272280863723 0.0130052571292 0.0236745188714 
-0.00195534256579 0.044540244536 0.450834263857 -0.0134899548797 0.00121810128022 0.0144929776298 0.0679485118751 -0.00997119249664 -0.0212126656699 0.0363525533026 0.0123728964632 0.00734452265775 0.018297724029 0.0103405259599 0.0197289854943 0.00433564261116 0.00623252500066 0.0268013268131 0.00050784248652 0.00489196336573 0.0160213325492 0.0275229039071 0.0343474326689 -0.000484636333836 0.0234464322948 0.00476743389091 0.0105220547936 0.0157324302446 0.0238007580121 0.0102089838564 0.0413888672544 0.0590191287303 -0.00380742242819 0.0220342268614 -0.00483237221749 0.0224078333887 0.011412036682 0.0401362388596 0.0150577687104 0.0160068914746 0.0298186747889 0.020666893193 -0.0109908176559 0.0282726388318 0.00362362150913 0.0286497938529 0.0170576231913 0.0277292561883 0.0215036430072 0.0150757631 0.00180467094452 0.0456291918947 -0.0050320074485 0.020133898008 0.00446120188014 -0.00147981714346 0.036615332785 0.0220925716027 0.0152079811059 0.0174529757791 
0.00512301551104 -0.00547410707019 -0.0134899548797 1.13681798333 -0.0110114182712 0.0106986708959 -0.0114746342679 -0.0019908822595 0.0183308340095 -0.0106071751039 0.00597621829215 -0.00656180365967 0.00211184665042 0.0202890401654 0.0149195708133 -0.00809883301087 -0.00964955013335 0.00111167045054 0.00360076242938 0.000585288108764 -0.00904329768035 0.0148556330257 -0.000209453646527 0.0160234665389 0.00530579012278 0.0175113144815 0.00174637546461 -0.00925247995997 -0.00269409385101 0.00900253263908 0.010988647291 0.0401525593975 -0.0192488038067 -0.00202588101516 0.0167529129475 0.00437303333887 0.00478950774234 0.00166711300528 -0.00549915508075 -0.0145592622312 -0.00532621459045 -0.00642464354686 -0.00584490481307 0.00596830888243 0.00639832490175 -0.0121587616178 0.0205696979546 -0.00167794407717 -0.00875424084806 -0.00121497070295 0.00225183561704 0.0116696505933 0.0010249664065 -0.00641219574227 -0.0114546948078 0.0116000823718 -0.000835212024812 -0.00884193259651 -0.00134409650626 0.0356211630589 
-0.00462518686449 -0.00246324542593 0.00121810128022 -0.0110114182712 0.433468768663 0.03792986487 0.00808203200755 0.01420903863 0.0303685186373 0.013719306843 0.0133080461143 0.00111778005778 -0.0022511062141 0.00183383730822 0.031493462762 0.00278285721446 0.0175761068411 0.0230952279457 0.0255607678816 0.0144326755354 0.0195333233939 0.0142588013189 0.0275615173633 0.0199114712432 0.0148492271012 0.00110820704134 0.00854669079746 0.0200700181709 0.0272138462257 0.00518507816388 0.0353969420357 0.0654895350837 -0.0042666556935 0.0265184971973 0.0173518405073 0.0129423827827 0.015523103663 -0.00194758879114 0.0053403888257 0.0251251553131 0.0215527921383 0.0114825249523 0.00839912230063 0.0201089663029 0.0356614957818 0.0141029538532 -0.01031134647 0.0194618381771 0.0182565482719 0.020749820951 0.00621167271992 0.0445797899267 0.0107133235641 -0.00106875887729 0.0264268489721 0.0147734312689 0.00725730679173 0.00540555270467 0.00071705440057 0.0084177971013 
0.0364230071252 0.0127093810269 0.0144929776298 0.0106986708959 0.03792986487 0.669052162228 0.050498745176 -0.00581486607835 0.00352067005679 0.00616932077632 0.00169261629019 -0.00588234492192 0.0165851963349 0.0231584817143 0.0237160900065 0.00745786019627 0.0666059980944 0.00589142155619 0.00676887850643 0.018182818495 0.0158995247601 0.00315374752321 0.0013375237655 0.0357544012958 0.0308251834983 0.0156493240179 0.0117485354132 0.0183669518922 0.0145883777065 0.00420420850825 -0.00173837122654 -0.00762859673158 0.00558221898355 0.0194696273237 0.00106990273586 0.0123905552666 0.000315493808924 0.0133949174984 0.0102682275756 -0.0167404331074 0.0107136072389 0.00863534180429 0.034860720785 -0.00246740126603 0.0321410127936 -0.00657354610485 -0.0158228035709 0.0387772151167 -0.00110292098968 0.0297875824561 0.0272520289779 0.0116065623873 0.00683053413981 0.00275545210942 -0.00249835806393 0.0510028256972 -0.0116782919973 0.0103719903727 0.0170828340908 -0.00973096319143 
0.0839597343672 0.0258156299038 0.0679485118751 -0.0114746342679 0.00808203200755 0.050498745176 0.656043087007 0.00334359305243 0.0710868686112 0.0277536293455 0.0130906903421 0.0159236673271 0.0286220953658 0.00933613058191 0.0365423071507 -0.00584870753386 0.0567610370439 0.0570850288515 0.0271570113412 -0.00213469505748 0.0440299703325 0.0343453887952 0.0309115880326 0.00292851155378 0.034829049306 0.0425694125014 0.0545958139436 0.031124784729 0.0273590481822 0.0229749020315 0.090849514739 0.120777530618 0.0488690551936 0.0691146951671 0.0220629343978 0.0165566753364 0.0128707975866 0.0435216325836 0.0175207897353 0.00780523559041 0.00869528613331 0.00700416884588 0.0198876600133 0.0688616634952 0.0358021843628 0.011085569653 -0.0115265111699 0.0129834527228 0.00594224919446 0.023950235701 0.0430282505902 0.0467915893037 0.00884378113756 0.0138501981326 0.0368722329829 0.0640768724026 0.030306355103 0.0609303414798 0.0382115344956 0.0267461269949 
0.0149184767744 0.014259003863 -0.00997119249664 -0.0019908822595 0.01420903863 -0.00581486607835 0.00334359305243 0.201250457336 0.018821066538 0.00588511405028 -0.00891985741842 0.00993695233166 0.00493883458577 -0.00280150267731 0.0211826076197 0.0361572469189 0.0266246161477 0.0155618948183 0.0173253560921 0.011155370517 0.00534344411872 0.00963658360178 0.0183820069326 0.00417753246497 0.0148192263524 0.00694966923676 0.00232016559789 0.008323725316 -0.000556063495219 0.0154558714068 0.00564962909943 0.00983222250611 -0.0211722258669 -0.0106944892572 -0.00501128730391 0.0139821936022 0.0133046537182 0.00650728875095 -0.00172743428621 0.00667739845689 0.00383422290168 0.0110163173642 -0.00328980331642 0.0186259848757 -0.0050516208023 0.0220050227572 -0.00511609488769 0.00459813377281 0.0129462965502 0.0133594140488 -0.00279755449052 0.0184832065717 0.00454402857509 0.0103629433888 -0.00841388021705 0.023426393517 0.00583255800115 0.0122887423684 0.00423847101505 0.0218858327597 
0.0256403498312 -0.00996186729181 -0.0212126656699 0.0183308340095 0.0303685186373 0.00352067005678 0.0710868686112 0.018821066538 0.559525960026 0.0151039253215 0.000979226555659 0.00694765855267 0.0111606916338 0.0281784226434 0.0102446078926 0.00341182942689 0.0156208173836 -0.0072201374202 0.00760388226905 0.0198914904506 0.0255659874646 0.0195679222216 -0.00262648972049 0.023083183643 0.00451034881886 0.0165932859949 -0.0203949011311 0.0219991699228 0.00115680677391 -0.00668766186272 -0.00777124094875 0.0266640026963 0.00206132977002 0.0533291610201 -0.00864899833145 -0.00499904282984 0.00324521069833 0.0100324246608 0.00279613312207 -0.00380846160334 0.0156893484855 0.0184510301735 0.031787791235 0.0228492684592 0.0168065800931 0.00910387276085 0.0274485128355 0.0338160102572 0.0186711454823 0.00581877590892 0.0153644453177 0.0157352857057 0.0163856115876 0.00406857118975 0.00238514043902 0.0163966268947 0.0244468712921 -0.000845290328583 0.0147884387659 0.00930209725107 
-0.00509169966775 0.0210348344871 0.0363525533026 -0.0106071751039 0.013719306843 0.00616932077632 0.0277536293455 0.00588511405028 0.0151039253215 0.171852711738 0.00260066637585 0.00345350904717 0.0158758542367 0.0144580111473 0.0280356379734 0.00440590011631 0.0143598046937 0.00816104343426 0.00496810159406 0.0247856852395 0.0161131209993 0.0154937819664 0.0260506933546 0.0247611429023 0.0125143013813 0.00106843607223 0.0083991286574 0.0190402468335 0.0201443073473 0.0152260136272 -0.00053888438023 0.00115987504081 0.000684124808515 0.00949103309413 0.0191769768921 0.0176464363128 0.0286215350298 0.0384503448498 0.0136299382713 0.00652144215291 0.0202379566693 0.0143843771471 0.0260082110857 0.0201076860995 0.00554674121495 0.00832114029812 0.00616557519015 0.0203781473621 0.000708236348958 0.00320056528544 0.0102914126653 0.00931138943389 0.0172940693309 0.0176424351581 0.00582750790204 0.010948837162 0.0177904827469 0.00903433903555 0.011980270486 0.00233957039288 
0.00930879968858 0.0107202297551 0.0123728964632 0.00597621829216 0.0133080461143 0.00169261629019 0.0130906903421 -0.00891985741841 0.000979226555659 0.00260066637585 0.247230014802 0.0107020904367 0.0106595977722 0.00720748593133 0.00705593982601 0.007727697161 0.00567061778502 0.0373577147638 0.016554167619 0.00793674931885 0.0149794981832 0.0112577846814 0.0122974904879 0.00363379603896 0.00174085974123 0.00799835622946 0.0112243831232 0.0119716969928 0.00627905650938 0.00262090114088 0.0119681776963 0.0105552681557 -0.00182959374157 0.00585538902943 0.00606730295758 -0.00160376988096 0.0166219527417 0.000648248310516 0.00433587003957 0.00243216369023 0.00488885037352 -0.00318376263419 0.00941163711479 0.0131147678631 0.00682588666778 0.00827685793807 0.00222668909824 -0.00537172163557 0.00674257658633 0.00801213743946 0.0135869531344 -0.00171448419292 0.0200375773573 0.00795238915667 -0.00952064410757 0.00234448027818 0.0090299889254 0.0125214597291 0.0162722669774 0.00210302461254 
0.0114763252675 -0.00793396207396 0.00734452265775 -0.00656180365967 0.00111778005778 -0.00588234492192 0.0159236673271 0.00993695233166 0.00694765855267 0.00345350904717 0.0107020904367 1.03172211366 0.001470173933 0.00393877429898 0.0239410898019 -0.00227232160093 0.0264611670504 0.0122040390219 0.0225271616125 0.0136687149929 0.00960981780564 0.0137968578911 0.0170142503444 0.0079788021203 0.00546085650132 0.00226118286589 0.0163955170473 0.0114775046977 0.0362385198386 0.00439290641692 0.0107004191632 -0.00526290175372 0.00235852540945 0.0348742585323 -0.00124860187396 0.0117028189722 -0.000146839655089 0.0149471013036 0.00522042152487 -0.00892971101993 0.00590560182862 0.0268704147601 0.0337169251429 0.0398388749846 0.0246558859142 0.0699938012007 0.00379464346666 0.00872637242076 0.0126186652513 0.0195704917336 -0.0134672188195 0.0250477389789 0.00354316515645 0.0115811916992 0.0127679635208 0.00279907980067 0.00483038120446 0.00327545179118 0.0303844782582 0.0146103514704 
0.00758024869817 0.0156497775354 0.018297724029 0.00211184665042 -0.0022511062141 0.0165851963349 0.0286220953658 0.00493883458577 0.0111606916338 0.0158758542367 0.0106595977722 0.001470173933 0.174646772749 0.0152063690793 0.0179271655551 0.00313699725742 0.0200873314085 0.0177643124208 0.0184623588831 0.0230808047952 0.0215865982695 0.0078692509898 0.010090037435 0.00522186019527 0.0134711809207 0.0137952557179 0.0138100134541 0.0149378045816 0.000898145692978 0.00570482485714 0.0153788226267 0.00297984030475 -0.0107286714483 0.00917570705194 0.0177679153366 0.00978240192491 0.0160227368906 0.0295037661581 0.0128122099625 0.0204158367862 0.0162060602678 0.0106764885411 -4.76583197174e-05 0.0255515639116 0.0168098467332 -0.00392763688068 -0.00156337350973 -0.000915683451788 0.00980824882075 -0.0037622022182 0.0130625967656 0.00830837231282 0.00552086788849 0.0141433259407 -0.0107368810025 0.00172145967581 0.0192603880861 0.00733154510001 0.0267848517596 0.0153874098325 
0.0275046119193 0.0126262098845 0.0103405259599 0.0202890401654 0.00183383730822 0.0231584817143 0.00933613058191 -0.00280150267731 0.0281784226434 0.0144580111473 0.00720748593133 0.00393877429898 0.0152063690793 0.196087168718 0.0279183800994 0.00232391639398 0.00209319753835 0.0148587646641 0.0108176692901 0.0439716019847 0.0192854345593 0.00760099412537 0.0115992648483 0.00190033599265 0.0130504977568 0.00366287675617 0.00946226616496 0.0131540520335 0.0272502409525 0.0145549186839 0.00746309368571 0.00517846338271 -0.0045689023131 0.0147901849799 0.00316306421176 0.0122032643861 0.0106560938736 0.0117086270963 0.0141981711113 0.00874726891952 0.00949300683783 0.0127352690537 0.0207868188283 0.0165927734103 0.00824851966117 -0.00303021540645 0.0295802387794 0.0201814540404 0.0156032610731 0.0105913744552 0.00826727380682 -0.00628100279557 0.00466903623926 0.00949355530569 -0.00977306977952 0.022719515193 0.0367660676291 -0.000113885761928 0.0168335569759 0.00826639077451 
0.0311420441478 0.0289268657267 0.0197289854943 0.0149195708133 0.031493462762 0.0237160900065 0.0365423071507 0.0211826076197 0.0102446078926 0.0280356379734 0.007055939826 0.0239410898019 0.0179271655551 0.0279183800994 0.241750408094 -0.034633318305 0.0320023635254 0.0354973881247 -0.00143093173988 0.0218914922224 0.0231914869668 0.00617574487133 0.0154056789994 0.0110287531825 0.00369523223474 0.00668880014655 0.0267987095146 0.0316424414362 0.0115889924229 0.00676214706232 0.0099197309274 0.0391446261016 -0.00730377673104 0.00461820904059 0.0260329937405 0.0122138689542 0.0134371078704 0.0167094836403 0.00672731280851 0.0103828249836 0.00875393188932 0.00502286580739 0.0236073993522 0.0488011235451 0.0277339289176 0.0206806547214 0.00133142824901 0.0185690037496 0.0403681708091 0.00188572140536 0.0148027189243 0.0142626738495 0.00957026676009 0.00663575013673 0.00428420499702 0.0178062235657 0.0144714480618 0.0303407082474 0.0149412136511 0.0280872559031 
-0.00492970806601 0.0286168335944 0.00433564261116 -0.00809883301087 0.00278285721446 0.00745786019627 -0.00584870753385 0.0361572469189 0.00341182942689 0.00440590011631 0.007727697161 -0.00227232160093 0.00313699725742 0.00232391639398 -0.034633318305 0.532266535986 0.0221304715619 0.0112690612986 0.00809227093788 0.00186588820018 0.0170325692485 0.00832894104355 0.0186933826981 -0.00446987883442 0.0114608052326 2.92122104773e-06 0.0129819354645 0.00244656450891 0.0149304686829 0.00394066182728 0.000803161465757 -0.00104229993437 -0.000647803447258 0.00164443100605 0.00277648792822 -0.00427529364751 0.00863907606991 0.00167914379179 0.00314067256511 -0.00190393218493 0.00881142932712 0.0156883111725 0.0129507645507 0.00756237264057 0.0249063812911 0.00593689951586 -0.00924748464747 0.00638773548088 0.0203142935275 0.00941532258596 0.000220942916257 0.0137535847569 0.0198168007923 0.0088958578453 0.00900437573546 -0.00733194982844 0.00834932688915 0.00540810529449 0.00089366397285 1.09155694093e-05 
0.00256794519759 0.0131479315222 0.00623252500066 -0.00964955013335 0.0175761068411 0.0666059980944 0.0567610370439 0.0266246161477 0.0156208173836 0.0143598046937 0.00567061778502 0.0264611670504 0.0200873314085 0.00209319753835 0.0320023635254 0.0221304715619 0.417607040115 0.0889491958669 0.0255558349617 0.00960668931832 0.0344277511935 0.0277549220002 0.0095728870527 0.0231581081244 0.030086506727 0.0156505155348 0.00322315036429 0.0204916165763 0.006902983773 0.00607685063871 0.0347896847701 0.0333358784553 0.00353884210869 0.0172180479863 0.0308425293533 0.0319455463666 0.00965788283486 0.0154011172784 0.0148263384994 0.00412252173157 0.0176343061122 -0.00171089731883 0.0122061104451 0.0226881616221 0.0100168853421 0.0168797550572 -0.00829777036476 0.0102408325818 0.00611827431648 0.0150891572608 0.00588963520451 0.00411930656543 0.0114027786241 0.0145247249807 0.00882711821128 0.00304501684251 0.00818829532996 0.0323684558391 0.0181763294823 0.045032743391 
0.0379960622006 0.0236573748041 0.0268013268131 0.00111167045055 0.0230952279457 0.00589142155619 0.0570850288515 0.0155618948183 -0.00722013742021 0.00816104343426 0.0373577147638 0.0122040390219 0.0177643124208 0.0148587646641 0.0354973881247 0.0112690612986 0.0889491958669 0.511792091543 0.0071049438607 0.0162327533526 0.0617731385043 0.015431198391 0.0162056509959 0.0199007602812 0.0316496184067 0.0169044944613 0.0238673607337 0.00782442122626 0.0240304732082 0.0180908562506 0.0233534007698 0.0534213297651 -0.00926085713892 0.0242014336253 0.0124425157441 0.0179885267932 0.00398081770989 0.0218955746333 0.00416394714487 0.099780869454 0.0125057187364 0.0145757042576 0.0124408382362 0.0304263936117 0.070156387864 0.0224655610874 0.00129970613488 0.0118642447925 0.211721283548 0.0131111277765 0.0197868763459 0.0166548626655 0.00323531165769 0.0251298928533 0.000985804667541 0.0270302708478 0.0192332965743 0.040904565587 0.0276616976255 0.0331164762166 
0.0165978018132 0.011004159293 0.000507842486521 0.00360076242938 0.0255607678816 0.00676887850643 0.0271570113412 0.0173253560921 0.00760388226905 0.00496810159406 0.016554167619 0.0225271616125 0.0184623588831 0.0108176692901 -0.00143093173988 0.00809227093788 0.0255558349617 0.0071049438607 0.20405810347 0.0108979723795 0.0155668588074 0.0120956957062 0.0152781059062 -0.00476196223366 0.0172092079866 -0.00196320856715 0.0261828193247 0.0183015216184 0.00989303963133 0.0184218831781 0.0202177649112 0.0159511682467 -0.0101414670811 0.00631405387181 0.0120827500565 0.00876493180264 0.00894010746869 0.00651250363161 0.00998547854279 0.00996261473407 0.015481226371 -0.00175062836023 -0.000891509936068 0.0114197658025 0.0244211505762 0.0118219299786 -0.00538296294113 0.0248498040826 0.00302449557669 0.0133057627965 0.00821101446613 0.0255747692421 0.00201153174663 0.0103059778947 0.0064635767343 0.0216841811041 0.0111155006487 0.0171435531652 -0.00272339375398 0.0272488015935 
0.0195346132005 0.00924437188222 0.00489196336573 0.000585288108764 0.0144326755354 0.018182818495 -0.00213469505748 0.011155370517 0.0198914904506 0.0247856852395 0.00793674931885 0.0136687149929 0.0230808047952 0.0439716019847 0.0218914922224 0.00186588820018 0.00960668931832 0.0162327533526 0.0108979723795 0.149362718122 0.00358567589409 0.00470759454304 0.0139603692546 0.00617895454393 0.00534472243333 0.0137228705644 0.00126848202579 0.00915532596483 0.0165409526883 0.0033474563592 0.011379281815 0.00297560519222 0.00462867060409 0.0120357004673 0.00679054022885 0.0147544741299 0.0205751068444 0.0137987675959 0.0126278154424 0.00434983870319 0.0125822326786 0.0101108001647 0.0169263296441 0.0191565651958 -0.00153116680443 0.0045038729231 0.0188917875427 0.0072262853971 0.00859599709625 0.00364459029709 0.00791973618889 0.0110651152075 -0.00645714006191 0.00166538785137 0.00261487232375 0.0268925925252 0.0503306888205 0.00833172032439 0.0140044037142 0.00111405628284 
0.0179602589523 0.0248747981004 0.0160213325492 -0.00904329768035 0.0195333233939 0.0158995247601 0.0440299703325 0.00534344411872 0.0255659874646 0.0161131209993 0.0149794981832 0.00960981780564 0.0215865982695 0.0192854345593 0.0231914869668 0.0170325692485 0.0344277511935 0.0617731385043 0.0155668588074 0.00358567589409 0.22229633046 0.0121707892245 0.00394495781919 0.00605971932237 0.022974399785 0.00850984424116 0.00536950952819 0.0239679995018 0.00835812902261 0.00788274283219 0.0347325344885 0.0316450181394 0.00454234311977 0.02118854532 0.0111014218772 0.0131238215355 0.00788801212656 0.0267612566541 0.00964182790884 0.00108894045203 0.0202194583309 0.0169732157836 0.014548918723 0.0221989081662 0.00942007170334 0.0187159884732 -0.00929804421138 0.0148615629164 0.00684397311514 0.00710295144486 0.0179635765897 0.0126759394153 -0.00144864564908 0.0238506936945 0.00254637145033 0.0171176356455 0.019357235103 0.0123503334155 0.0158671462002 0.031380523806 
0.0133185186478 0.0251541791495 0.0275229039071 0.0148556330257 0.0142588013189 0.00315374752321 0.0343453887952 0.00963658360178 0.0195679222216 0.0154937819664 0.0112577846814 0.0137968578911 0.0078692509898 0.00760099412537 0.00617574487133 0.00832894104355 0.0277549220002 0.015431198391 0.0120956957062 0.00470759454304 0.0121707892245 0.275026959053 0.0165004881619 0.0139730623695 0.0240187432649 0.00619578119757 0.00625725331592 0.0179805661024 0.0322969498654 0.0125036656116 0.03447459641 0.0379124196454 0.00804317280075 0.0203877321146 0.0292030947282 0.0104087728142 0.00994640457104 0.011469738282 0.0213324654561 0.02158871629 0.0221401565288 0.0105491042004 0.00805253083054 0.0247705010907 0.0473312206436 0.012919592012 -0.0272127148356 0.00548147612157 0.0215793859943 0.0225773344765 0.0188580194928 0.0288761433605 0.00446040999232 0.0107819298205 0.0151694076842 0.0020483187572 0.0090746475371 0.02736378172 -0.00357758737513 0.038257780442 
-0.0081727921993 0.0259813263943 0.0343474326689 -0.000209453646527 0.0275615173633 0.00133752376549 0.0309115880326 0.0183820069326 -0.00262648972049 0.0260506933546 0.0122974904879 0.0170142503444 0.010090037435 0.0115992648483 0.0154056789994 0.0186933826981 0.0095728870527 0.0162056509959 0.0152781059062 0.0139603692546 0.00394495781919 0.0165004881619 0.162740868221 0.0196628636653 0.00753333948183 0.00424626604694 0.013103984115 0.0072642019198 0.0267934995469 0.0193697045852 0.0208617976282 -0.00614895305261 0.0027293773483 0.00548448748957 0.0148042898628 0.0133095124429 0.0201287314407 0.0272439256176 0.0115723302562 0.00452978409036 0.0225367472001 0.00525012342593 0.00880479062946 0.0347289139616 0.00733102292538 -0.0178669724516 0.00522680608834 0.00557554242318 0.0210071800901 0.016558359734 0.00530182474949 0.00257390220507 0.012974366656 0.024496215958 -0.0020842239586 0.00957397570465 0.0283523790272 0.0140298657738 0.0207131167937 0.00160894181259 
0.00424623885836 -0.00581144070974 -0.000484636333836 0.0160234665389 0.0199114712432 0.0357544012958 0.00292851155378 0.00417753246497 0.023083183643 0.0247611429023 0.00363379603896 0.0079788021203 0.00522186019527 0.00190033599265 0.0110287531825 -0.00446987883442 0.0231581081244 0.0199007602812 -0.00476196223366 0.00617895454393 0.00605971932237 0.0139730623695 0.0196628636653 0.393195594866 0.0613207609482 0.0228511006362 0.00406254521722 0.00983966577325 0.0134747987686 0.00410483192646 -0.0147844639602 0.0208931968028 -0.0170385584326 0.00291235585777 0.0109286622131 0.0102374537851 0.0112845935581 0.0158098935845 0.0106720585 -0.00612501228488 0.00613511497254 0.000301540019035 0.0324356871829 0.0216107335777 -0.011279682106 -0.00666045729737 0.00655891045116 0.00221997522016 0.00242774140072 0.0157609435871 0.0117631757853 0.00616963465587 -0.00124361809131 0.0189091173608 -0.00751464007035 0.00556651583648 0.00533680337666 0.00171813713809 0.0638385854033 0.016213810671 
0.0162689093456 0.00451429225187 0.0234464322948 0.00530579012278 0.0148492271012 0.0308251834983 0.034829049306 0.0148192263524 0.00451034881886 0.0125143013813 0.00174085974123 0.00546085650132 0.0134711809207 0.0130504977568 0.00369523223474 0.0114608052326 0.030086506727 0.0316496184067 0.0172092079866 0.00534472243333 0.022974399785 0.0240187432649 0.00753333948183 0.0613207609482 0.486218752967 0.00912105760655 0.0239779931798 -0.00131798172367 0.0306011880845 0.013241863852 0.00280327966417 0.0232085212846 0.00593705170189 -0.00245475087786 0.0224020523429 0.0302569981307 0.0073765966254 0.0182348610917 0.0220262081764 0.00306733069913 0.0242878534108 0.0360057321824 0.0167192572456 0.0237362626881 0.0115475465793 0.0309677513374 0.00847555653598 0.00489369744079 0.0279290097566 0.00643138267197 0.008304545856 0.00734015244443 0.00975027222372 0.00237015957073 -0.00677465086483 -0.0130286289366 -0.00607171993394 0.0177306198051 0.0192776695131 0.0138296032464 
0.0180708888791 0.0103805053079 0.00476743389091 0.0175113144815 0.00110820704134 0.0156493240179 0.0425694125014 0.00694966923676 0.0165932859949 0.00106843607223 0.00799835622946 0.00226118286589 0.0137952557179 0.00366287675617 0.00668880014655 2.92122104759e-06 0.0156505155348 0.0169044944613 -0.00196320856715 0.0137228705644 0.00850984424116 0.00619578119757 0.00424626604694 0.0228511006362 0.00912105760655 0.226616897137 0.0110900007839 0.0236369213272 -0.00238225956517 0.0262571941074 -0.0029746296247 0.00830901680241 -0.0158655697509 0.0200170200186 0.00807168008111 0.00835815334548 0.00179021958489 0.0174128353776 0.00434902221268 0.0130730097028 0.00523357325776 0.00728520786208 0.0139237525423 0.0287761485938 0.00711090978476 0.00696633067767 0.00266611162064 -0.00338643950762 0.00705914204681 -0.000710634412487 0.014707365311 0.00505960010967 0.0218622546072 0.0205591501366 0.0092953476838 0.0267431361869 0.0258985328182 -0.00403462656276 0.016477239947 0.00338093249799 
0.0104378392191 0.0361300839574 0.0105220547936 0.00174637546461 0.00854669079746 0.0117485354132 0.0545958139436 0.00232016559789 -0.0203949011311 0.0083991286574 0.0112243831232 0.0163955170473 0.0138100134541 0.00946226616496 0.0267987095146 0.0129819354645 0.00322315036429 0.0238673607337 0.0261828193247 0.00126848202579 0.00536950952819 0.00625725331592 0.013103984115 0.00406254521722 0.0239779931798 0.0110900007839 0.371973914931 0.0288196324116 0.00723451171516 0.0244471575135 0.0109821554355 0.0511270462573 0.0109955266595 0.0134227940554 0.0163733893948 0.0208309738711 0.00593572895365 0.0286520155321 0.00343484921343 0.00581726930232 0.0110702610763 0.0213519541787 0.0106908703785 0.0150511010062 0.0282609309796 0.00573515879735 -0.00534248702279 0.000448505281998 0.0116252585275 0.027337349893 0.011029113431 0.0296869506794 0.0477664052498 0.00914748420724 0.0358106534094 0.00214823114103 -0.00815975270734 0.034505575842 0.0322190911734 0.030677412817 
0.00976001328266 0.0257552629886 0.0157324302446 -0.00925247995997 0.0200700181709 0.0183669518922 0.031124784729 0.008323725316 0.0219991699228 0.0190402468335 0.0119716969928 0.0114775046977 0.0149378045816 0.0131540520335 0.0316424414362 0.00244656450891 0.0204916165763 0.00782442122626 0.0183015216184 0.00915532596483 0.0239679995018 0.0179805661024 0.0072642019198 0.00983966577325 -0.00131798172367 0.0236369213272 0.0288196324116 0.19869932223 0.0025408089894 0.0172426064912 0.0252907733243 0.043899472825 -0.0020106036033 0.0291712480674 0.0159722929274 0.0197040229544 0.0111318153577 0.0292643892442 0.012540539669 0.00532045329189 0.0133927711664 0.0210616720011 0.00902540787939 0.0178387346982 0.0102952062907 0.0138944694112 0.000365441464656 0.0213915443068 0.0299410880022 0.00656536648453 -0.00596557406158 0.0161014937821 0.00441975097596 0.0173831885018 0.00788296450649 -0.00293547834234 0.0122251689435 0.0156451350149 0.00836554440977 0.00940355911204 
0.00983168419553 0.00331798488572 0.0238007580121 -0.00269409385101 0.0272138462257 0.0145883777065 0.0273590481822 -0.000556063495219 0.00115680677391 0.0201443073473 0.00627905650938 0.0362385198386 0.000898145692978 0.0272502409525 0.0115889924229 0.0149304686829 0.006902983773 0.0240304732082 0.00989303963133 0.0165409526883 0.00835812902261 0.0322969498654 0.0267934995469 0.0134747987686 0.0306011880845 -0.00238225956517 0.00723451171516 0.0025408089894 0.245276416973 0.0149036271506 0.0199653310957 0.0242371542689 0.010301430079 0.0164820870565 0.0154614387027 0.00982574510085 0.0272535701039 0.0421668186303 0.0121513063537 0.0300414427104 0.0174606979696 0.0156398781488 0.0199627785041 0.0355128227565 0.0105668127653 0.0096204874121 0.00379055981246 0.0591098772249 -0.00103857417807 0.00447685120524 0.0127955356602 -0.00359688631049 0.0130691592107 0.00877387789237 0.00917096812931 0.0277492457174 0.0134312232306 0.0165731671473 0.0360589681266 0.0174285435694 
0.0103485401443 0.0220890480763 0.0102089838564 0.00900253263908 0.00518507816388 0.00420420850825 0.0229749020315 0.0154558714068 -0.00668766186272 0.0152260136272 0.00262090114088 0.00439290641692 0.00570482485714 0.0145549186839 0.00676214706232 0.00394066182728 0.00607685063871 0.0180908562506 0.0184218831781 0.0033474563592 0.00788274283219 0.0125036656116 0.0193697045852 0.00410483192646 0.013241863852 0.0262571941074 0.0244471575135 0.0172426064912 0.0149036271506 0.310379482183 0.0113969731474 0.00907889071879 -0.00517338178429 0.044407196098 0.0113895557004 0.00662339730174 0.00868259614097 0.0167863947442 0.0197742141914 0.0145389572119 0.0162925489021 0.00864188750628 0.0136848343029 0.0230223098329 0.0154572372677 0.0221291796026 0.0185661459398 0.00149267330391 0.0374535301986 0.00986278867445 0.0116708990561 0.0164257729237 0.0061336853742 0.00820182239876 -0.00380413998829 -0.00347847259165 0.00915813803884 0.00784590883702 0.0204906693494 0.0163815006052 
-0.0142711619877 0.0269980356753 0.0413888672544 0.010988647291 0.0353969420357 -0.00173837122654 0.090849514739 0.00564962909943 -0.00777124094875 -0.00053888438023 0.0119681776963 0.0107004191632 0.0153788226267 0.00746309368571 0.0099197309274 0.000803161465757 0.0347896847701 0.0233534007698 0.0202177649112 0.011379281815 0.0347325344885 0.03447459641 0.0208617976282 -0.0147844639602 0.00280327966417 -0.0029746296247 0.0109821554355 0.0252907733243 0.0199653310957 0.0113969731474 0.465295274143 0.0668096353387 -0.00183713083124 0.0332389242655 0.00933768312137 0.0108597783071 0.00555818765114 0.0402805366411 0.00677217436152 -0.00745973789854 0.0117791675466 0.0194155667959 -0.00150190568841 0.0229864740467 0.0587790553502 0.00454087822476 -0.00891134378977 0.0153293439225 -0.0021168451984 -0.0101057438515 0.00812434203789 0.0227406286657 0.0133353304098 0.00998832869023 0.0221019241565 -0.00167931143014 0.00633773763051 0.0241753265083 -0.00994542940733 0.0646237089672 
0.00937199524904 0.0586189299696 0.0590191287303 0.0401525593975 0.0654895350837 -0.00762859673158 0.120777530618 0.00983222250611 0.0266640026963 0.00115987504081 0.0105552681557 -0.00526290175372 0.00297984030475 0.00517846338271 0.0391446261016 -0.00104229993437 0.0333358784553 0.0534213297651 0.0159511682467 0.00297560519222 0.0316450181394 0.0379124196454 -0.00614895305261 0.0208931968028 0.0232085212846 0.00830901680241 0.0511270462573 0.043899472825 0.0242371542689 0.00907889071879 0.0668096353387 0.939033825964 -0.0014261715004 0.0819247506505 0.058452370332 0.0108894690767 0.00994700958337 0.0189726408538 -0.000160996799281 0.0922403744119 0.00882478282941 0.0290157146092 0.0139779135785 0.012390675176 0.0659201323728 0.0932339212629 0.00505949108711 0.0228304833792 0.0380907624858 0.000775795121193 0.0054987795022 0.106815683852 0.0350244846939 0.0320490610065 0.0124453433406 0.0157045441185 0.0367102172909 0.0391800060563 0.02381605373 0.124259411773 
0.0579918531733 0.00802022974193 -0.00380742242819 -0.0192488038067 -0.0042666556935 0.00558221898355 0.0488690551936 -0.0211722258669 0.00206132977002 0.000684124808515 -0.00182959374157 0.00235852540945 -0.0107286714483 -0.0045689023131 -0.00730377673104 -0.000647803447258 0.00353884210869 -0.00926085713892 -0.0101414670811 0.00462867060409 0.00454234311977 0.00804317280075 0.0027293773483 -0.0170385584326 0.00593705170189 -0.0158655697509 0.0109955266595 -0.0020106036033 0.010301430079 -0.00517338178429 -0.00183713083124 -0.0014261715004 1.8928958984 -0.00771746931961 0.0209423192887 -0.00566210156146 -0.00880487100598 0.000636697569373 0.0055059964796 -0.013423345392 0.00596528719484 0.0159511396978 0.0113060686099 -0.00342682308173 0.0170383440569 0.0130036683787 -0.0108317710576 0.0118586947613 -0.0118591529016 -0.00249792789106 0.00658538161266 -0.0102519298678 -0.00512091898668 -0.00275921768655 0.0316415598725 0.0412993094356 0.00538567425841 -0.00801543043926 -0.0146841727701 -0.0327730972162 
0.0227066090101 -0.00104658381706 0.0220342268614 -0.00202588101516 0.0265184971973 0.0194696273237 0.0691146951671 -0.0106944892572 0.0533291610201 0.00949103309413 0.00585538902943 0.0348742585323 0.00917570705194 0.0147901849799 0.00461820904059 0.00164443100605 0.0172180479863 0.0242014336253 0.00631405387181 0.0120357004673 0.02118854532 0.0203877321146 0.00548448748957 0.00291235585777 -0.00245475087786 0.0200170200186 0.0134227940554 0.0291712480674 0.0164820870565 0.044407196098 0.0332389242655 0.0819247506505 -0.00771746931961 0.49217017111 0.0132528987553 -0.00870799936643 0.0054716216679 0.0242103920215 0.0224152008639 0.040150539099 0.0137192114636 0.00421393265012 0.00474595439834 0.00755351148959 0.0287179563069 0.0283282752522 0.0147151061951 0.00607880199401 0.0276425946826 0.0114661953589 0.0167608554243 0.0479613532988 0.00494433887443 0.0140333362122 0.0126287415249 0.00524092801083 0.0221909373519 0.0127739569696 0.0014496572099 0.0391196191281 
0.0232693175273 0.0110615833581 -0.00483237221749 0.0167529129475 0.0173518405073 0.00106990273586 0.0220629343978 -0.00501128730391 -0.00864899833145 0.0191769768921 0.00606730295758 -0.00124860187396 0.0177679153366 0.00316306421176 0.0260329937405 0.00277648792822 0.0308425293533 0.0124425157441 0.0120827500565 0.00679054022885 0.0111014218772 0.0292030947282 0.0148042898628 0.0109286622131 0.0224020523429 0.00807168008111 0.0163733893948 0.0159722929274 0.0154614387027 0.0113895557004 0.00933768312137 0.058452370332 0.0209423192887 0.0132528987553 0.287937331353 0.0152090656633 0.0142175543381 0.0270955797757 0.0103261712553 -0.000307410528071 0.0139361734128 0.00957489444364 -0.000878179954919 0.0158855094039 0.0179826444267 0.0121934938277 0.00563547395951 0.00993540710232 0.0207901959498 0.00365762373761 0.013929165361 0.0234205154746 0.037517712658 0.0168428311255 -0.00222031745512 0.00755739786672 0.0133882304972 0.0110419167479 0.0161569263548 0.019646423971 
0.00781756127491 0.0175078924846 0.0224078333887 0.00437303333887 0.0129423827827 0.0123905552666 0.0165566753364 0.0139821936022 -0.00499904282984 0.0176464363128 -0.00160376988096 0.0117028189722 0.00978240192491 0.0122032643861 0.0122138689542 -0.00427529364751 0.0319455463666 0.0179885267932 0.00876493180264 0.0147544741299 0.0131238215355 0.0104087728142 0.0133095124429 0.0102374537851 0.0302569981307 0.00835815334548 0.0208309738711 0.0197040229544 0.00982574510085 0.00662339730174 0.0108597783071 0.0108894690767 -0.00566210156146 -0.00870799936643 0.0152090656633 0.249191727975 0.0196129399899 0.0230948936813 -0.00353542649385 0.0053642869502 0.0218286034954 0.012370314533 0.0166913811747 0.0314409307716 0.016576519451 -0.00208766507348 0.00917633540554 -0.00447987217036 0.0105656314232 0.00354295877929 0.0197411136046 0.0049851561439 0.0183053475083 0.00932255684787 -0.00325493632792 -0.00141765642541 0.011188414588 0.0238697477845 0.00842225973551 0.0196995665842 
-0.00216577068822 0.0104965823319 0.011412036682 0.00478950774234 0.015523103663 0.000315493808924 0.0128707975866 0.0133046537182 0.00324521069833 0.0286215350298 0.0166219527417 -0.000146839655089 0.0160227368906 0.0106560938736 0.0134371078704 0.00863907606991 0.00965788283486 0.00398081770989 0.00894010746869 0.0205751068444 0.00788801212656 0.00994640457104 0.0201287314407 0.0112845935581 0.0073765966254 0.00179021958489 0.00593572895365 0.0111318153577 0.0272535701039 0.00868259614097 0.00555818765114 0.00994700958337 -0.00880487100598 0.0054716216679 0.0142175543381 0.0196129399899 0.127266476137 0.00783880057137 0.0134330570694 0.0154661246881 0.0156085356177 0.00714226569632 0.00730016811768 0.0190078016456 -0.0062112633891 0.0122555211852 0.0292288325573 0.0100755701987 0.00337904556687 0.00991049891136 0.0150569028694 0.00783731056608 0.0102674223342 0.00940883878971 -0.012914295039 0.0146861915448 0.0110937018937 0.0153029084815 0.0111690629437 0.0138615953798 
0.00480520054185 0.0426979241835 0.0401362388596 0.00166711300528 -0.00194758879114 0.0133949174984 0.0435216325836 0.00650728875095 0.0100324246608 0.0384503448498 0.000648248310517 0.0149471013036 0.0295037661581 0.0117086270963 0.0167094836403 0.00167914379179 0.0154011172784 0.0218955746333 0.00651250363161 0.0137987675959 0.0267612566541 0.011469738282 0.0272439256176 0.0158098935845 0.0182348610917 0.0174128353776 0.0286520155321 0.0292643892442 0.0421668186303 0.0167863947442 0.0402805366411 0.0189726408538 0.000636697569373 0.0242103920215 0.0270955797757 0.0230948936813 0.00783880057137 0.281977285189 0.00747666862984 0.0125657328151 0.0253400164154 0.00386280154943 0.0274239749906 0.0486436299136 0.0120120727732 0.0220383231586 0.00331059696505 0.067977645074 0.01665777428 0.0106634314446 0.0280287146788 0.0290421470337 0.020869496396 0.00574265660539 0.00910329746714 0.00503798835993 0.0184748708635 0.0316538835168 0.0069548625634 0.0103093526854 
-0.00016249566018 0.00596157417578 0.0150577687104 -0.00549915508075 0.0053403888257 0.0102682275756 0.0175207897353 -0.00172743428621 0.00279613312207 0.0136299382713 0.00433587003957 0.00522042152487 0.0128122099625 0.0141981711113 0.00672731280851 0.00314067256511 0.0148263384994 0.00416394714487 0.00998547854279 0.0126278154424 0.00964182790884 0.0213324654561 0.0115723302562 0.0106720585 0.0220262081764 0.00434902221268 0.00343484921343 0.012540539669 0.0121513063537 0.0197742141914 0.00677217436152 -0.000160996799281 0.0055059964796 0.0224152008639 0.0103261712553 -0.00353542649385 0.0134330570694 0.00747666862984 0.102696567143 0.00249002307928 0.0151272104279 0.013076228399 0.00948410917069 0.0107183919243 0.0165339469261 0.0271035271246 0.00321533959136 0.0055323740454 0.0221091651225 0.0112115718584 0.0109441016331 0.000789318058838 0.00626234265019 0.003712783237 0.0206622443128 0.00968450549087 0.00974052491364 0.00881704504462 0.00549177583214 0.00596480294713 
