30
0.0896788789081 0.0289058353667 0.0218855159469 0.132143501856 0.0414012394119 0.0248608942987 0.0162161188728 0.0435638119902 0.0884893451388 0.0413167922229 0.0501483555771 0.045759308444 0.166074759161 0.0715007016099 0.0716450377603 0.0424048973372 0.074230100705 0.0700025840065 0.110783759143 0.0664901393557 0.0151091702759 0.0191748751409 0.0298565853869 0.0054327763703 0.0157982173188 0.0231877092109 0.0466521206007 0.0623593213805 0.0184249616408 0.112290577846 
0.552128897812 0.033108272846 0.00558107352679 0.0164575044428 0.0201969442964 0.0251207055073 0.00992627386526 0.0103059341242 0.0758885527286 0.0154569890416 0.0277097503971 -0.00108429386074 0.0366953961257 0.0266912985858 0.0384234147083 0.00745299912143 0.0665338551959 0.00867047961856 0.0926711608127 0.0369429915515 0.0127834640007 0.0161231677866 0.0201996034858 0.0121456723721 0.0104520237287 0.0170161306671 0.0187259973412 0.0433561176331 0.0256798214688 0.0387219979058 
0.033108272846 0.237956912811 -0.00390418574871 0.0234197524194 0.0136337873301 0.023870774856 0.0117735677358 0.0124092556867 0.0330937247757 0.0249175860011 0.024453827957 0.00888176807384 0.0301516314518 0.0179302377356 0.0236061092574 0.00645004010893 0.0248682256442 0.00747088465283 0.0282304165042 0.030265713945 0.0175918485294 0.0337137187273 0.0255163786063 0.024767322465 0.00181185664325 0.0124411684979 0.0277737460372 0.0307865275454 0.0255463503197 0.0440786998354 
0.00558107352679 -0.00390418574871 0.165684109088 0.00200616820307 0.0149858818056 0.0128295289985 0.00747359292118 0.00580757946287 0.00529652791369 0.0114233121198 0.00802408477153 0.0099144799573 0.0225030875716 0.00378919755103 0.0067237672895 0.00949530922269 0.00966537061199 0.00438697931492 0.000396126402445 0.0155436265535 0.014175497465 0.00225351400091 0.00639772629385 0.0146156973926 0.0197827943804 0.00670984535744 0.00209087150237 0.00719373786047 0.00834896499591 0.00176034097569 
0.0164575044428 0.0234197524194 0.00200616820307 0.454242598272 0.0178219681326 0.0074442719714 0.0196700882199 0.00218858629992 0.0210444136349 0.0141995959704 0.0341232223852 0.0777514267901 0.0914565594033 0.0107195515308 0.00815366760445 0.00568071114868 0.0591544906135 0.0174388683476 0.0212990737198 -0.00602554125753 0.00143925286071 0.00803830117908 0.0150062920352 0.0124394947648 -0.00412478439666 0.0276283212199 0.0283043416491 0.0454522321727 0.00216685307726 0.19046140512 
0.0201969442964 0.0136337873301 0.0149858818056 0.0178219681326 0.246476119245 0.0211732115003 0.0138143377192 0.00992545046292 0.0416594435335 0.0133098784815 0.0198845531675 0.00692906681707 0.0236685383496 0.0100722096599 0.00788395673951 0.00867964029484 0.0291358580598 0.00797058991058 0.00574925906075 0.0326541704359 0.0129655693473 0.00998426902104 0.0130866830304 0.0150584597487 0.0150123447698 0.00111314696643 0.0223642275738 0.022165494689 0.0234663501949 0.0179806927534 
0.0251207055073 0.023870774856 0.0128295289985 0.0074442719714 0.0211732115003 0.222172833129 0.0257056193954 -0.0025719703965 0.0204305394043 0.0411988707192 0.0319290595771 -0.000778467558397 0.0291762184265 0.0183812470829 0.0141232764981 0.0153604472767 0.0494759605721 0.018233701008 0.0320609941704 0.0455447521758 0.00901280336473 0.0277026489609 0.0371087119548 0.0101702242194 0.00567805104134 0.00836226156135 0.0187188138261 0.0148531453502 0.0390656172608 0.0122587398507 
0.00992627386526 0.0117735677358 0.00747359292118 0.0196700882199 0.0138143377192 0.0257056193954 0.198444636892 0.0209203277048 -0.00199790377322 0.016807952851 0.0128920508482 0.0301999371525 0.0144622110496 0.0124358318688 0.0133470275846 0.00518803181485 0.0257047774654 0.00375238399174 0.0273301701704 0.0216429949716 0.011586081272 0.0112896199995 0.0243118160143 0.00251003600505 0.0190892563287 0.00181868286534 0.0492103255264 0.0108443079059 0.029644759255 0.0375259909543 
0.0103059341242 0.0124092556867 0.00580757946287 0.00218858629992 0.00992545046292 -0.0025719703965 0.0209203277048 0.272699945129 0.00742762334712 0.0145614851769 0.00869733448613 0.0203450646626 0.0109298387035 -0.00619831453441 0.00511255552766 0.0170662135746 0.0215697837527 0.00899263711394 0.02573635808 0.0357969527587 0.000423443443159 0.0103441528841 0.0179254792816 0.00310022712029 0.0574757134988 0.0092151419548 0.0426811573108 0.0170077295617 0.0077415906494 0.00656597918935 
0.0758885527286 0.0330937247757 0.00529652791369 0.0210444136349 0.0416594435335 0.0204305394043 -0.00199790377322 0.00742762334712 0.483254735841 0.0281842606806 0.00986500012622 -0.000934726483972 0.0295937101712 0.0188322361754 0.0385790308448 0.0145692894594 0.0256253003116 0.0346932387428 0.0497868747082 0.0367867543385 0.0157094083095 0.0164095240585 -0.000451219969687 0.0126965021544 -0.00622323754747 0.00577935480473 0.00216934933412 0.00386491076664 0.0112789650385 0.0302935016247 
0.0154569890416 0.0249175860011 0.0114233121198 0.0141995959704 0.0133098784815 0.0411988707192 0.016807952851 0.0145614851769 0.0281842606806 0.250388491392 0.0307898599854 0.00783434837012 0.0407428554734 0.0057529673903 0.00264330106304 0.0128358849987 0.0373270265054 0.0178339428477 0.020102966326 0.0400864887815 0.0181390884876 0.0166305630313 0.0185795780596 0.00861872532775 0.0107001003968 0.0156288589945 0.0224021402486 0.0223020923899 0.0250160357338 0.0185461948132 
0.0277097503971 0.024453827957 0.00802408477153 0.0341232223852 0.0198845531675 0.0319290595771 0.0128920508482 0.00869733448613 0.00986500012622 0.0307898599854 0.270029221704 0.0113530627018 0.0553049619591 0.0108802384298 0.0249513910724 0.0257288703524 0.0545622551988 0.0148582508164 0.0362662930385 0.0156246520131 0.00851734168829 0.0274223764149 0.0215997098299 0.0152349572806 -0.00742401567261 0.0176970358015 0.012332250105 0.0350497254842 0.0280609401213 0.0341671558748 
-0.00108429386074 0.00888176807384 0.0099144799573 0.0777514267901 0.00692906681707 -0.000778467558396 0.0301999371525 0.0203450646626 -0.000934726483972 0.00783434837012 0.0113530627018 0.214996450877 0.0460723939866 0.00102753698186 0.0035467845076 0.0100327952958 0.0371975985811 0.0156414566789 0.0188716827546 0.0190193429402 0.0128974191905 0.0106377118433 0.0135501289009 0.00472939261402 0.0112561544747 0.00386277808628 0.0303220967285 0.0092702909585 0.0186349252626 0.0977568687887 
0.0366953961257 0.0301516314518 0.0225030875716 0.0914565594033 0.0236685383496 0.0291762184265 0.0144622110496 0.0109298387035 0.0295937101712 0.0407428554734 0.0553049619591 0.0460723939866 0.511421376319 0.0205715115984 0.0174112979151 0.0255018315636 0.0832829949423 0.0226419279687 0.0675429346153 0.0363435428345 0.015990791337 0.0127724144637 0.0326278601014 0.0121208296021 0.0101990871738 0.03093670264 0.0201801592356 0.0555287817842 0.0361915096338 0.10089753276 
0.0266912985858 0.0179302377356 0.00378919755103 0.0107195515308 0.0100722096599 0.0183812470829 0.0124358318688 -0.00619831453441 0.0188322361754 0.0057529673903 0.0108802384298 0.00102753698186 0.0205715115984 0.592118251454 0.00743648795481 0.00366816845025 0.0259182942598 0.0151131094755 0.0302243534368 -0.00312360571327 0.024697096233 0.0101814566074 0.00431933091541 0.0201707354918 0.00673704503092 0.0112467247137 0.00641406835911 0.0157700505756 0.0182088082221 0.0104587337262 
0.0384234147083 0.0236061092574 0.0067237672895 0.00815366760445 0.00788395673951 0.0141232764981 0.0133470275846 0.00511255552766 0.0385790308448 0.00264330106304 0.0249513910724 0.0035467845076 0.0174112979151 0.00743648795481 0.468327070499 0.0307327430145 0.0198418597889 0.0187782166396 0.0294944690951 0.00301132170237 4.29029067178e-05 0.0268634652018 0.0141477304704 0.00355802327329 -0.00810957516646 0.00544433139971 0.00545865609371 0.0120199006983 0.0115133485885 0.0224944844316 
0.00745299912143 0.00645004010893 0.00949530922269 0.00568071114868 0.00867964029484 0.0153604472767 0.00518803181485 0.0170662135746 0.0145692894594 0.0128358849987 0.0257288703524 0.0100327952958 0.0255018315636 0.00366816845025 0.0307327430145 0.399479007241 0.0351153080113 0.0264737309551 0.0174441566993 0.00388147143637 0.0199076775199 -0.0086344117074 0.00816583752499 -0.000929649672557 0.0105690426616 0.000380751230015 0.00289225125801 0.00886821611335 0.017336566291 -0.00774627340395 
0.0665338551959 0.0248682256442 0.00966537061199 0.0591544906135 0.0291358580598 0.0494759605721 0.0257047774654 0.0215697837527 0.0256253003116 0.0373270265054 0.0545622551988 0.0371975985811 0.0832829949423 0.0259182942598 0.0198418597889 0.0351153080113 0.507009963684 0.025272642549 0.0682507349127 0.0970009106391 0.0200493815833 0.0267502811303 0.0304079629123 0.0183079142207 0.013544342035 0.00729477188076 0.0128490224576 0.064469837059 0.0505858009611 0.073961404628 
0.00867047961856 0.00747088465283 0.00438697931492 0.0174388683476 0.00797058991058 0.018233701008 0.00375238399174 0.00899263711394 0.0346932387428 0.0178339428477 0.0148582508164 0.0156414566789 0.0226419279687 0.0151131094755 0.0187782166396 0.0264737309551 0.025272642549 0.329343099139 0.0197906581125 0.0144558166809 0.0150231048601 0.00828927806064 0.0161119325419 0.00944030845056 -0.000408960933111 0.0090746954456 0.00792248536634 0.0181684479192 0.0121274969346 0.00985667088416 
0.0926711608127 0.0282304165042 0.000396126402445 0.0212990737198 0.00574925906075 0.0320609941704 0.0273301701704 0.02573635808 0.0497868747082 0.020102966326 0.0362662930385 0.0188716827546 0.0675429346153 0.0302243534368 0.0294944690951 0.0174441566993 0.0682507349127 0.0197906581125 0.490253116715 0.0358577579853 0.0227899448861 0.027519818546 0.0236030259728 0.0290423648065 0.0240409220647 0.0269062700317 0.0174588864669 0.0505607685413 0.0379963880322 0.0590463551633 
0.0369429915515 0.030265713945 0.0155436265535 -0.00602554125753 0.0326541704359 0.0455447521758 0.0216429949716 0.0357969527587 0.0367867543385 0.0400864887815 0.0156246520131 0.0190193429402 0.0363435428345 -0.00312360571327 0.00301132170237 0.00388147143637 0.0970009106391 0.0144558166809 0.0358577579853 0.362059482682 0.0277439748268 0.031970693541 0.0412114625995 0.0151483210357 0.0287717638203 0.0112337260948 0.0346925440162 0.0379058602232 0.0448200711983 0.00839092444341 
0.0127834640007 0.0175918485294 0.014175497465 0.00143925286071 0.0129655693473 0.00901280336473 0.011586081272 0.000423443443159 0.0157094083095 0.0181390884876 0.00851734168829 0.0128974191905 0.015990791337 0.024697096233 4.29029067178e-05 0.0199076775199 0.0200493815833 0.0150231048601 0.0227899448861 0.0277439748268 0.157037063446 0.0213123644694 0.0146491577424 0.0158956726648 0.0129836404889 0.00387426930363 0.0234397235506 0.0166040963639 0.0221386867076 0.00381926466582 
0.0161231677866 0.0337137187273 0.00225351400091 0.00803830117908 0.00998426902104 0.0277026489609 0.0112896199995 0.0103441528841 0.0164095240585 0.0166305630313 0.0274223764149 0.0106377118433 0.0127724144637 0.0101814566074 0.0268634652018 -0.0086344117074 0.0267502811303 0.00828927806064 0.027519818546 0.031970693541 0.0213123644694 0.182536475627 0.0341000861415 0.0208610674911 0.0105158713723 -0.00443939652336 0.0245453300021 0.00744097690354 0.0333556779954 0.00981306821749 
0.0201996034858 0.0255163786063 0.00639772629385 0.0150062920352 0.0130866830304 0.0371087119548 0.0243118160143 0.0179254792816 -0.000451219969687 0.0185795780596 0.0215997098299 0.0135501289009 0.0326278601014 0.00431933091541 0.0141477304704 0.00816583752499 0.0304079629123 0.0161119325419 0.0236030259728 0.0412114625995 0.0146491577424 0.0341000861415 0.141717339666 0.0161709771645 0.0135130094106 0.00533056849905 0.0173843611276 0.0214628469164 0.0449658374784 0.00735997171903 
0.0121456723721 0.024767322465 0.0146156973926 0.0124394947648 0.0150584597487 0.0101702242194 0.00251003600505 0.00310022712029 0.0126965021544 0.00861872532775 0.0152349572806 0.00472939261402 0.0121208296021 0.0201707354918 0.00355802327329 -0.000929649672557 0.0183079142207 0.00944030845056 0.0290423648065 0.0151483210357 0.0158956726648 0.0208610674911 0.0161709771645 0.192546865116 0.0128452573344 0.0229712540928 0.0087868568091 0.0250510604902 0.01498743448 0.00557947166521 
0.0104520237287 0.00181185664325 0.0197827943804 -0.00412478439666 0.0150123447698 0.00567805104134 0.0190892563287 0.0574757134988 -0.00622323754747 0.0107001003968 -0.00742401567262 0.0112561544747 0.0101990871738 0.00673704503092 -0.00810957516646 0.0105690426616 0.013544342035 -0.000408960933111 0.0240409220647 0.0287717638203 0.0129836404889 0.0105158713723 0.0135130094106 0.0128452573344 0.228384742055 -0.0108959597282 0.0395634153773 0.0255656249816 0.0114989463717 -0.0059155676244 
0.0170161306671 0.0124411684979 0.00670984535744 0.0276283212199 0.00111314696643 0.00836226156135 0.00181868286534 0.0092151419548 0.00577935480473 0.0156288589945 0.0176970358015 0.00386277808628 0.03093670264 0.0112467247137 0.00544433139971 0.000380751230015 0.00729477188076 0.0090746954456 0.0269062700317 0.0112337260948 0.00387426930363 -0.00443939652336 0.00533056849905 0.0229712540928 -0.0108959597282 0.227778804412 0.00833636924216 0.0110852995652 -0.000556787914782 0.0167455846848 
0.0187259973412 0.0277737460372 0.00209087150237 0.0283043416491 0.0223642275738 0.0187188138261 0.0492103255264 0.0426811573108 0.00216934933412 0.0224021402486 0.012332250105 0.0303220967285 0.0201801592356 0.00641406835911 0.00545865609371 0.00289225125801 0.0128490224576 0.00792248536634 0.0174588864669 0.0346925440162 0.0234397235506 0.0245453300021 0.0173843611276 0.0087868568091 0.0395634153773 0.00833636924216 0.254189657118 0.00206146215595 0.0296499622543 0.0350330082066 
0.0433561176331 0.0307865275454 0.00719373786047 0.0454522321727 0.022165494689 0.0148531453502 0.0108443079059 0.0170077295617 0.00386491076664 0.0223020923899 0.0350497254842 0.00927029095849 0.0555287817842 0.0157700505756 0.0120199006983 0.00886821611335 0.064469837059 0.0181684479192 0.0505607685413 0.0379058602232 0.0166040963639 0.00744097690354 0.0214628469164 0.0250510604902 0.0255656249816 0.0110852995652 0.00206146215595 0.344269194372 0.0192172507142 0.0301874679072 
0.0256798214688 0.0255463503197 0.00834896499591 0.00216685307726 0.0234663501949 0.0390656172608 0.029644759255 0.0077415906494 0.0112789650385 0.0250160357338 0.0280609401213 0.0186349252626 0.0361915096338 0.0182088082221 0.0115133485885 0.017336566291 0.0505858009611 0.0121274969346 0.0379963880322 0.0448200711983 0.0221386867076 0.0333556779954 0.0449658374784 0.01498743448 0.0114989463717 -0.000556787914782 0.0296499622543 0.0192172507142 0.164404364707 0.0219674932971 
0.0387219979058 0.0440786998354 0.00176034097569 0.19046140512 0.0179806927534 0.0122587398507 0.0375259909543 0.00656597918935 0.0302935016247 0.0185461948132 0.0341671558748 0.0977568687887 0.10089753276 0.0104587337262 0.0224944844316 -0.00774627340395 0.073961404628 0.00985667088416 0.0590463551633 0.00839092444341 0.00381926466582 0.00981306821749 0.00735997171903 0.00557947166521 -0.0059155676244 0.0167455846848 0.0350330082066 0.0301874679072 0.0219674932971 0.455785478257 

['XLNX', 'STA', 'GIS', 'WFT', 'EOP', 'SNV', 'NI', 'MO', 'BMC', 'MCK', 'BMS', 'XOM', 'NUE', 'FSH', 'SYMC', 'ZMH', 'KBH', 'MRK', 'FSL.B', 'CFC', 'KMB', 'AFL', 'BAC', 'CCU', 'HSY', 'CZN', 'EXC', 'DE', 'HBAN', 'NE']