30
0.0354646018646 0.148705689344 0.078059567066 0.0594687244428 0.045759308444 0.0308834605432 0.023795453615 0.0270240384822 0.0253425298527 0.0502759777883 0.041097516798 0.0486959213786 0.0298565853869 0.0155341374053 0.0146510565804 0.060830846045 0.0220926651793 0.0435638119902 0.0265193363437 0.0162851568228 0.0715007016099 0.107116270008 0.0570579479668 0.0545934085328 0.0629738483482 0.199130076205 0.066200000993 0.132143501856 0.0565518641406 0.0282353637115 
0.197323904438 0.00533314444378 0.0115458983241 -0.000777777111908 0.0318882834205 0.0169908400465 0.0507646509545 0.00122160738965 0.00597783934762 0.0195958782921 0.0184215138956 0.0171850431252 0.0163840584368 0.00285660876353 0.00305508084544 0.0138711826022 0.0436788972954 0.0123430138278 0.00295335537175 0.0475684629369 0.0068078174579 -0.0106252808925 0.00477089553664 0.0184962948981 0.0191561777536 0.0242340432763 0.00896074040587 0.0140731502403 0.0154455448783 0.0190815968682 
0.00533314444378 0.645724835343 0.0304177881571 0.045257185023 0.00729013790447 0.00477511433414 0.0181454392071 0.0169721078023 0.019601081277 0.0145822460104 0.0333606416512 0.0135701612962 0.0171516160907 0.00307651130533 0.015977500535 0.0182426299666 0.0184351298913 0.0154220529967 0.0286670162604 0.0110590935043 0.0136653885099 0.0962913696905 0.0136452515604 0.0618774349517 -0.000961356149317 0.0226355201112 0.0017471156577 0.0350630139162 0.0278576887373 0.0135341867476 
0.0115458983241 0.0304177881571 0.526756971112 0.0193575172048 0.00989990004401 0.0277604385454 0.00646467719889 0.00820692668218 0.0265137002317 0.0164735847635 0.0170806804225 0.0180088253237 0.0188202444275 0.0116742025582 0.0103251573952 0.0218068037172 -0.000646744355607 0.00791214082496 0.020351339186 0.0196234805191 0.000406443228632 0.024368278405 0.0117365056333 0.0214706784674 -0.00557387897431 0.030692640047 -0.0337326680682 0.0316385849835 0.0168209174484 0.018471736905 
-0.000777777111908 0.045257185023 0.0193575172048 0.41014522216 0.00354379964647 0.0151157288656 -0.00103033909176 0.00876966771923 0.00950358065393 0.0142017959188 0.0103421792582 0.0330899817429 0.0122258731244 0.0180716310072 0.0256271605699 0.0103627755423 -0.00437876228752 0.00408409734532 0.0267458258651 0.000298039269881 0.0226261337597 0.0530458847133 -0.0011393074266 0.0304469456047 0.0367715907112 0.0085894491057 -0.00108508813213 0.00693139226111 0.0114672001407 0.0146089945479 
0.0318882834205 0.00729013790447 0.00989990004401 0.00354379964647 0.210791681691 0.0114857754563 0.0234089833252 0.00168649937166 0.00792584522058 0.0101074256926 0.0345598595423 0.0148299682179 0.0139902894974 0.00139523527128 0.0150674615198 0.00763718790053 0.0146522428381 0.0207191309014 0.0125867212777 0.0233383708394 0.000823699935121 0.0280582931351 0.0202023520512 0.0358526549825 0.0799573824771 0.0585557481042 0.0044676575798 0.0867458729099 0.0171327912752 0.0168663654296 
0.0169908400465 0.00477511433414 0.0277604385454 0.0151157288656 0.0114857754563 0.208691796774 0.0188398669408 0.0263815127293 0.0201492847582 0.0263181974596 0.0249456368525 0.031409663195 0.031035863072 0.0189993177733 0.0107318885048 0.024173813654 0.0115154534155 0.0106848457333 0.0175585313972 0.0163888410656 0.0108917456869 0.0253817374323 0.00643853309515 0.0244300847268 0.00650918020707 0.00111882560408 0.0313668069315 0.00366497091262 0.0147326565158 0.0426966931422 
0.0507646509545 0.0181454392071 0.00646467719889 -0.00103033909176 0.0234089833252 0.0188398669408 0.182710256568 0.00982246838375 0.00201091894643 0.0146388341475 0.0273540968969 0.0149456619207 0.0221524963128 0.000578458387271 0.00709592803941 0.00834094105688 0.0407811901308 0.0206370539945 0.00601381455316 0.0436285891506 0.00239435303036 0.0113635153159 0.0106414336578 0.00769492224571 0.0124095031227 0.0103857241071 0.0432215065148 0.0185029233404 0.0353102874138 0.0159202798598 
0.00122160738965 0.0169721078023 0.00820692668218 0.00876966771923 0.00168649937166 0.0263815127293 0.00982246838375 0.229007680092 0.0356512558313 0.00533067300694 0.0196262452545 0.0311155072947 0.0287148151263 0.0185104710353 0.0259131020482 0.0236543769796 0.00451616261483 0.0122999808731 0.00789487585195 0.00224713034079 0.00996005340742 0.00751624124434 0.026925755681 0.0187249787842 -0.00368563955577 0.0041103590795 0.0104539514681 -0.0139482729518 0.0196348768567 0.0258779259457 
0.00597783934762 0.019601081277 0.0265137002317 0.00950358065393 0.00792584522058 0.0201492847582 0.00201091894643 0.0356512558313 0.198312730973 0.00540855301964 0.0110178566763 0.0307543067299 0.0143106305946 0.00811000067049 0.0238496553711 0.0190413707754 0.00365173767744 0.00926458048445 0.00598256018786 0.00257876888599 0.0150985195221 0.0304767668057 0.0189106606387 0.0244144184762 0.0100578302969 0.0105827072806 0.0116760876584 -0.00133610654881 0.0193245438183 0.0150833171198 
0.0195958782921 0.0145822460104 0.0164735847635 0.0142017959188 0.0101074256926 0.0263181974596 0.0146388341475 0.00533067300694 0.00540855301964 0.27092216517 0.0111459891034 0.0142155831515 0.0175277036611 0.0063040543017 0.00528504983671 0.0402277419883 0.0171973157974 0.025499354708 0.0112549473264 0.0293811911282 0.00805724521081 0.0200975680255 0.018507667133 0.0182184179162 0.00849384527686 0.0185440387189 0.0369843726475 0.0148635995396 0.0229619838229 0.0193484383663 
0.0184215138956 0.0333606416512 0.0170806804225 0.0103421792582 0.0345598595423 0.0249456368525 0.0273540968969 0.0196262452545 0.0110178566763 0.0111459891034 0.255901172414 0.0351233808559 0.0278814293726 0.01381044972 0.0150984156822 0.0380786540584 0.0183830494714 0.0144316954089 0.00176719872786 0.0148237705766 0.0144083424727 0.00574129005664 0.0159447196656 0.0112884327868 0.0311710434523 0.0290582837002 -0.00424668664961 0.0321245169229 0.0158848973738 0.0323718949947 
0.0171850431252 0.0135701612962 0.0180088253237 0.0330899817429 0.0148299682179 0.031409663195 0.0149456619207 0.0311155072947 0.0307543067299 0.0142155831515 0.0351233808559 0.208265681924 0.0624423985305 0.0194100255607 0.0216228011264 0.0539602439218 0.00817083357314 0.0153519673922 0.0222749494639 0.010632551625 0.0256573816887 0.0298494955159 0.0225146463719 0.0334713725132 0.00924076868912 0.0385217042966 0.026063697462 0.0198082884806 0.0269937178916 0.0551049162481 
0.0163840584368 0.0171516160907 0.0188202444275 0.0122258731244 0.0139902894974 0.031035863072 0.0221524963128 0.0287148151263 0.0143106305946 0.0175277036611 0.0278814293726 0.0624423985305 0.133006526167 0.0152175521775 0.0191502423402 0.0404469256473 0.00492374778041 0.0192704518172 0.0251913459153 0.0163052001316 0.00440489140614 0.00709225197486 0.0130977693312 0.0123746859035 -0.0063491857863 0.024682290008 0.0288254642105 0.0170801890506 0.0278084415601 0.0381328851925 
0.00285660876353 0.00307651130533 0.0116742025582 0.0180716310072 0.00139523527128 0.0189993177733 0.000578458387271 0.0185104710353 0.00811000067049 0.0063040543017 0.01381044972 0.0194100255607 0.0152175521775 0.189996704804 0.0194473892612 0.019577749142 0.00236670058318 0.00133175972253 0.00131521949886 0.0048091616762 0.00248319384193 0.00653608824881 0.00524590186097 -0.00242307458576 0.0117469021214 0.0192914335633 0.0121658356221 0.0236760456257 0.0043468350569 0.0223846227004 
0.00305508084544 0.015977500535 0.0103251573952 0.0256271605699 0.0150674615198 0.0107318885048 0.00709592803941 0.0259131020482 0.0238496553711 0.00528504983671 0.0150984156822 0.0216228011264 0.0191502423402 0.0194473892612 0.154491432604 0.0225015404644 0.00597770520889 0.00888379974611 0.0159718508425 0.00416674192291 0.0113232548795 0.017672552111 0.0108613161047 0.0236542336931 -0.00422764396025 0.013396243287 0.023395360767 -0.00238997732067 0.0191425879611 0.019372731568 
0.0138711826022 0.0182426299666 0.0218068037172 0.0103627755423 0.00763718790053 0.024173813654 0.00834094105688 0.0236543769796 0.0190413707754 0.0402277419883 0.0380786540584 0.0539602439218 0.0404469256473 0.019577749142 0.0225015404644 0.300807203369 0.011705844813 0.00701642804559 0.0132442000489 0.0113503859543 0.0261146232661 0.0430221088267 0.028583396751 0.0403628029846 0.00208156829901 0.0498063307579 0.0180047908833 0.0285364372491 0.0293317055859 0.0300516072109 
0.0436788972954 0.0184351298913 -0.000646744355608 -0.00437876228752 0.0146522428381 0.0115154534155 0.0407811901308 0.00451616261483 0.00365173767744 0.0171973157974 0.0183830494714 0.00817083357314 0.00492374778041 0.00236670058318 0.00597770520889 0.011705844813 0.22801434639 0.0202149949849 0.0190552631108 0.0373841607234 0.0289246067941 -0.00232103120756 0.011050673601 0.0270898296921 0.0194819196474 0.0141971424714 0.0283655976925 0.0185664819393 0.0357574267828 0.0114064480217 
0.0123430138278 0.0154220529967 0.00791214082496 0.00408409734532 0.0207191309014 0.0106848457333 0.0206370539945 0.0122999808731 0.00926458048445 0.025499354708 0.0144316954089 0.0153519673922 0.0192704518172 0.00133175972253 0.00888379974611 0.00701642804559 0.0202149949849 0.280811662713 0.00489040237237 0.0198097551824 -0.005225854851 0.00620477316272 0.0128720766169 0.010683358742 0.00911072291222 0.0220105682735 0.0291396942484 0.00187447919361 0.00936907330619 0.0128110820247 
0.00295335537175 0.0286670162604 0.020351339186 0.0267458258651 0.0125867212777 0.0175585313972 0.00601381455316 0.00789487585195 0.00598256018786 0.0112549473264 0.00176719872786 0.0222749494639 0.0251913459153 0.00131521949886 0.0159718508425 0.0132442000489 0.0190552631108 0.00489040237237 0.214519106613 0.0150032121432 0.00189904400724 0.0319235794896 0.00959589967634 0.0238621415203 -0.00201997390414 0.0137230883765 0.0158482223465 0.0236917825564 0.018458180885 0.0170379213355 
0.0475684629369 0.0110590935043 0.0196234805191 0.000298039269881 0.0233383708394 0.0163888410656 0.0436285891506 0.00224713034079 0.00257876888599 0.0293811911282 0.0148237705766 0.010632551625 0.0163052001316 0.0048091616762 0.00416674192291 0.0113503859543 0.0373841607234 0.0198097551824 0.0150032121432 0.148649494534 0.00111890476007 0.0164905648056 0.0126084916496 0.0251499170664 0.021588618829 0.0182579238214 0.0440711527148 0.015843511192 0.0241728496347 0.0185840421446 
0.0068078174579 0.0136653885099 0.000406443228632 0.0226261337597 0.000823699935121 0.0108917456869 0.00239435303036 0.00996005340742 0.0150985195221 0.00805724521081 0.0144083424727 0.0256573816887 0.00440489140614 0.00248319384193 0.0113232548795 0.0261146232661 0.0289246067941 -0.005225854851 0.00189904400724 0.00111890476007 0.592201594305 0.014758789832 0.0146015075164 0.01423626779 0.00070672063168 0.016561609042 -0.0153971942214 0.0138627160723 0.0292243084198 0.0231653557387 
-0.0106252808925 0.0962913696905 0.024368278405 0.0530458847133 0.0280582931351 0.0253817374323 0.0113635153159 0.00751624124434 0.0304767668057 0.0200975680255 0.00574129005664 0.0298494955159 0.00709225197486 0.00653608824881 0.017672552111 0.0430221088267 -0.00232103120756 0.00620477316272 0.0319235794896 0.0164905648056 0.014758789832 0.544684157276 0.0280347481004 0.064396778916 0.0239159614639 0.0620911456506 0.0299926720362 0.0312618253367 0.0411934815331 0.0274570787314 
0.00477089553664 0.0136452515604 0.0117365056333 -0.0011393074266 0.0202023520512 0.00643853309515 0.0106414336578 0.026925755681 0.0189106606387 0.018507667133 0.0159447196656 0.0225146463719 0.0130977693312 0.00524590186097 0.0108613161047 0.028583396751 0.011050673601 0.0128720766169 0.00959589967634 0.0126084916496 0.0146015075164 0.0280347481004 0.336136581799 0.0296257082351 0.0044842168276 0.0407938241675 0.0332894554866 0.0234568214893 0.0145202166681 0.0114516470471 
0.0184962948981 0.0618774349517 0.0214706784674 0.0304469456047 0.0358526549825 0.0244300847268 0.00769492224571 0.0187249787842 0.0244144184762 0.0182184179162 0.0112884327868 0.0334713725132 0.0123746859035 -0.00242307458576 0.0236542336931 0.0403628029846 0.0270898296921 0.010683358742 0.0238621415203 0.0251499170664 0.01423626779 0.064396778916 0.0296257082351 0.276557265625 0.032911746409 0.0662887045847 0.0248729534711 0.0484890156923 0.0483544776855 0.0238654041334 
0.0191561777536 -0.000961356149317 -0.00557387897431 0.0367715907112 0.0799573824771 0.00650918020707 0.0124095031227 -0.00368563955577 0.0100578302969 0.00849384527686 0.0311710434523 0.00924076868912 -0.0063491857863 0.0117469021214 -0.00422764396025 0.00208156829901 0.0194819196474 0.00911072291222 -0.00201997390414 0.021588618829 0.00070672063168 0.0239159614639 0.0044842168276 0.032911746409 0.35463518716 0.0585221536273 0.00220576670401 0.0968084403958 0.0105446675968 -0.00185836742394 
0.0242340432763 0.0226355201112 0.030692640047 0.0085894491057 0.0585557481042 0.00111882560408 0.0103857241071 0.0041103590795 0.0105827072806 0.0185440387189 0.0290582837002 0.0385217042966 0.024682290008 0.0192914335633 0.013396243287 0.0498063307579 0.0141971424714 0.0220105682735 0.0137230883765 0.0182579238214 0.016561609042 0.0620911456506 0.0407938241675 0.0662887045847 0.0585221536273 0.629666644836 0.00772584206964 0.0853662077943 0.0204659534601 0.0176469699882 
0.00896074040587 0.0017471156577 -0.0337326680682 -0.00108508813213 0.0044676575798 0.0313668069315 0.0432215065148 0.0104539514681 0.0116760876584 0.0369843726475 -0.00424668664961 0.026063697462 0.0288254642105 0.0121658356221 0.023395360767 0.0180047908833 0.0283655976925 0.0291396942484 0.0158482223465 0.0440711527148 -0.0153971942214 0.0299926720362 0.0332894554866 0.0248729534711 0.00220576670401 0.00772584206964 0.650547835284 0.0164847068252 0.0377109600124 0.0382159989649 
0.0140731502403 0.0350630139162 0.0316385849835 0.00693139226111 0.0867458729099 0.00366497091262 0.0185029233404 -0.0139482729518 -0.00133610654881 0.0148635995396 0.0321245169229 0.0198082884806 0.0170801890506 0.0236760456257 -0.00238997732067 0.0285364372491 0.0185664819393 0.00187447919361 0.0236917825564 0.015843511192 0.0138627160723 0.0312618253367 0.0234568214893 0.0484890156923 0.0968084403958 0.0853662077943 0.0164847068252 0.482023570509 0.0253746685775 -9.30872504919e-05 
0.0154455448783 0.0278576887373 0.0168209174484 0.0114672001407 0.0171327912752 0.0147326565158 0.0353102874138 0.0196348768567 0.0193245438183 0.0229619838229 0.0158848973738 0.0269937178916 0.0278084415601 0.0043468350569 0.0191425879611 0.0293317055859 0.0357574267828 0.00936907330619 0.018458180885 0.0241728496347 0.0292243084198 0.0411934815331 0.0145202166681 0.0483544776855 0.0105446675968 0.0204659534601 0.0377109600124 0.0253746685775 0.250447894971 0.0357511724966 
0.0190815968682 0.0135341867476 0.018471736905 0.0146089945479 0.0168663654296 0.0426966931422 0.0159202798598 0.0258779259457 0.0150833171198 0.0193484383663 0.0323718949947 0.0551049162481 0.0381328851925 0.0223846227004 0.019372731568 0.0300516072109 0.0114064480217 0.0128110820247 0.0170379213355 0.0185840421446 0.0231653557387 0.0274570787314 0.0114516470471 0.0238654041334 -0.00185836742394 0.0176469699882 0.0382159989649 -9.30872504919e-05 0.0357511724966 0.138993856406 

['PCG', 'MU', 'MCO', 'PKI', 'XOM', 'ASO', 'ETR', 'FRE', 'LLY', 'UST', 'PRU', 'JPM', 'BAC', 'MDP', 'GE', 'TROW', 'CMS', 'MO', 'IFF', 'AEP', 'FSH', 'NSM', 'BF.B', 'PH', 'MUR', 'PD', 'AVP', 'WFT', 'AIV', 'MTB']