30
0.0570579479668 0.00699576056141 0.0613427887106 0.0231877092109 0.015652967587 0.0604038345904 0.0522861094618 0.0448147494519 0.0115927538848 0.0752984700253 0.0446705301477 0.023795453615 0.208286894217 0.0353360638732 0.0610020106181 0.0435638119902 0.0290232005544 0.132143501856 0.0253746335001 0.0479675113811 0.123248136701 0.0766878163077 0.0135350028622 0.0565518641406 0.0429032651101 0.0335346879574 0.0988670942005 0.123926899062 0.0285507317948 0.005148759701 
0.33842731244 0.00743260141041 8.01270684174e-05 -0.00895438259567 0.0323341158355 0.0126461530316 0.0152865030384 -0.000360105763394 0.00694151871846 0.00928952524198 0.0114987528017 0.0161129172277 -0.00600877606017 0.017615115264 0.0120802181795 0.0169185776203 0.0180403271732 0.028205383345 0.0195976717321 0.019933707368 0.00378453635751 0.0378481802919 0.0155063131594 0.0194993921973 0.00765570473436 0.0108939848787 0.0384369251536 0.0144051260568 0.00690990721886 0.00518235683878 
0.00743260141041 0.153642065855 0.0143048132902 0.0114107949529 -0.00254862628914 0.0121175373997 0.0105228898282 0.0171400624883 0.0141729134616 0.0124035466522 0.0118166548938 0.0492753640763 0.0234521701779 0.0168377195973 0.0106377275046 0.0137104767472 0.0132026494547 0.00525576594873 -0.00160972255366 0.0108107921603 0.0226010417062 -0.000357462034324 0.0101608507891 0.0249576993964 0.0126700771178 0.0187505707384 0.010862235308 0.00616157578705 0.00462795799762 0.00466321108809 
8.01270684174e-05 0.0143048132902 0.259340068098 0.0126175810855 0.00296064262928 0.0151924932398 0.0128877038795 -0.00994833519591 0.0131464585418 0.00320460773309 0.0183702898701 0.0147297731119 0.000552774119771 0.0180176176152 0.0133336400236 0.102926412272 0.0220685374889 0.0133602189147 -0.013761901623 0.0154911979939 0.0243697112984 0.00821259994568 -0.00155011452051 0.00905375661593 0.0200558593701 0.0267600289412 0.0310533673034 0.0102516193976 -0.00291794615449 -0.000762425368751 
-0.00895438259567 0.0114107949529 0.0126175810855 0.226476326498 0.0131625238271 0.0100468408843 0.00801354177353 0.0212662027219 0.00546851574253 0.0212510043125 0.00654320985526 0.00831650822042 0.00211740051646 0.00892133549871 0.0201667969205 0.00640116514457 0.00845612603988 0.0321106819772 0.0233611581883 0.00992685643035 0.00827051455031 0.0168975930367 0.00270015935443 0.0115330851077 0.00222235201559 0.00547671063472 0.0308682223695 -0.00389933865493 0.0176346380133 0.00711494884798 
0.0323341158355 -0.00254862628914 0.00296064262928 0.0131625238271 0.232730590254 0.0219516132624 0.0415210103459 0.00758502092628 0.0148048041939 0.0181512483332 0.0124908401112 0.00299655649698 0.0201358324032 0.0209082782892 0.0309711560154 0.00576802072379 0.0292963796224 0.0138881831546 0.0251884281536 0.0200854238559 0.0167166082446 0.0310831013036 0.00889272840898 0.0262017546834 0.0155586466545 0.00952428116507 0.0313922569515 0.0240355398212 0.0233825068073 0.014616490301 
0.0126461530316 0.0121175373997 0.0151924932398 0.0100468408843 0.0219516132624 0.282177500014 0.0458266623357 0.00568350384844 0.0197865024637 0.0401762348053 0.0540117311106 0.00759007013251 -0.0017138951251 0.0163201756587 -0.000616256709941 0.000649921304729 0.0139638498142 0.0299757704386 0.0170035532926 0.0231679916788 0.0443049832339 0.0563768079807 0.0152998023439 0.025306289489 0.0398448342592 0.00515941909334 0.0749723214464 0.00558563794662 0.00933379480015 0.00994167938896 
0.0152865030384 0.0105228898282 0.0128877038795 0.00801354177353 0.0415210103459 0.0458266623357 0.317953952058 0.0258528171498 0.0222065239431 0.0322625922335 0.030366127339 0.00206425525255 0.00792635186566 0.00615556126193 -0.000457889699572 0.00993197632514 0.00808860324566 0.0307811887079 0.00912127501432 0.0457330207787 0.0417923671139 0.0467556187501 0.0238233366243 0.0403055979673 0.0417026236553 0.00143938317496 0.0438593575602 0.0066991649674 0.0306279849778 0.0421453635024 
-0.000360105763394 0.0171400624883 -0.00994833519591 0.0212662027219 0.00758502092628 0.00568350384844 0.0258528171498 0.467284806682 0.0139086229867 0.0654285825725 -0.000527677849498 0.00648143460157 -0.00279493815419 0.031474156629 0.00787887766807 -0.00525291449381 0.00574433777856 -0.000418220239936 0.0152337189556 0.00256978314478 0.0220066511948 0.00817613930334 0.0186583814346 0.00870079491051 0.0161531317251 0.020309308714 0.0109274215616 0.025445590374 0.0481568995081 0.0199894020212 
0.00694151871846 0.0141729134616 0.0131464585418 0.00546851574253 0.0148048041939 0.0197865024637 0.0222065239431 0.0139086229867 0.145634593613 0.0185952928984 0.0237936380917 0.0155474273221 0.000406831364856 0.0171257084158 0.00900498593559 0.0151085503768 0.0121478341514 0.0224214664501 0.0160661438986 0.022799111772 0.0154114073566 0.0184040665506 0.0207744556249 0.0160052698678 0.0184089923203 0.0116127568296 0.0304482824796 0.000603859197499 0.00969389842678 0.0096997275874 
0.00928952524198 0.0124035466522 0.00320460773309 0.0212510043125 0.0181512483332 0.0401762348053 0.0322625922335 0.0654285825725 0.0185952928984 0.48845111431 0.0331223094689 0.00177604444631 -0.00827284497866 0.0069420302312 0.0299734358557 0.0154162508497 0.0276514925901 0.0548395260244 0.0334666678065 0.029419653366 0.0414456463752 0.0576489895949 0.00971884075137 0.00910760097141 0.0281352609271 0.0302948263316 0.0194179536963 0.0173697910018 0.0245730575996 0.0396079264672 
0.0114987528017 0.0118166548938 0.0183702898701 0.00654320985526 0.0124908401112 0.0540117311106 0.030366127339 -0.000527677849498 0.0237936380917 0.0331223094689 0.306686093571 0.010344860718 0.0355454778953 0.0199106174858 0.0312907781379 0.00975779632325 0.00704308495155 0.010859435506 0.0253782212887 0.00703524066087 0.0315764176234 0.114905682815 0.0219714218728 0.0207428569438 0.0417331102169 0.011168575553 0.0998672476565 0.00208497114364 0.00535340134691 0.00302315373293 
0.0161129172277 0.0492753640763 0.0147297731119 0.00831650822042 0.00299655649698 0.00759007013251 0.00206425525255 0.00648143460157 0.0155474273221 0.00177604444631 0.010344860718 0.194607614386 0.0231164842924 0.0199587324083 -0.000725381182299 0.0242644541137 0.0123585939886 0.0257243752344 0.00951035234265 0.0160849589295 0.0276777510037 0.0101653391403 0.0180149760489 0.0409243909456 0.00874087040786 0.017040108499 0.00789107591668 0.000399920411221 -0.00248507939033 0.0118574105909 
-0.00600877606017 0.0234521701779 0.000552774119771 0.00211740051646 0.0201358324032 -0.0017138951251 0.00792635186566 -0.00279493815419 0.000406831364856 -0.00827284497866 0.0355454778953 0.0231164842924 1.34010967098 0.0110361340419 0.0173397052973 0.0117993522883 0.00721055042698 8.65724150929e-05 0.0179012060278 0.0141905081835 0.0110010228427 0.0177786647308 0.0284881267661 0.0311455903352 0.0135439017125 0.00155051616793 0.0420614689627 -0.0148757087299 0.00513501895977 -0.00804421605953 
0.017615115264 0.0168377195973 0.0180176176152 0.00892133549871 0.0209082782892 0.0163201756587 0.00615556126193 0.031474156629 0.0171257084158 0.0069420302312 0.0199106174858 0.0199587324083 0.0110361340419 0.313472973968 0.0192350324881 0.0131359765796 0.0181460932982 0.00593822588125 0.027390923247 0.0266420921743 -0.00127909427537 0.0279215774217 0.0261704609483 0.0149849517187 0.0155093504178 0.0225715844524 0.0555165464668 0.00939390453369 0.00708565048587 0.0117091588607 
0.0120802181795 0.0106377275046 0.0133336400236 0.0201667969205 0.0309711560154 -0.000616256709941 -0.000457889699572 0.00787887766807 0.00900498593559 0.0299734358557 0.0312907781379 -0.000725381182299 0.0173397052973 0.0192350324881 0.420442545312 -0.0016475773419 0.0108455597335 0.0458535595229 0.0449020647345 0.0407753966692 0.0292680399252 0.0416076827483 0.00753175540337 0.0145914105387 0.0384146155798 0.00939276334081 0.0411773612916 0.00882376768213 0.0147498861243 -0.00582449297314 
0.0169185776203 0.0137104767472 0.102926412272 0.00640116514457 0.00576802072379 0.000649921304729 0.00993197632514 -0.00525291449381 0.0151085503768 0.0154162508497 0.00975779632325 0.0242644541137 0.0117993522883 0.0131359765796 -0.0016475773419 0.264599261247 0.0183841879904 0.00540948175481 0.0118130752912 0.00745137213617 0.0174344054286 0.00824559161619 0.00653579099316 0.011978519168 0.0110342404242 0.0188608851913 0.0219168837168 -0.000298357441006 0.00379419706938 0.0114140291527 
0.0180403271732 0.0132026494547 0.0220685374889 0.00845612603988 0.0292963796224 0.0139638498142 0.00808860324566 0.00574433777856 0.0121478341514 0.0276514925901 0.00704308495155 0.0123585939886 0.00721055042698 0.0181460932982 0.0108455597335 0.0183841879904 0.257278068989 0.0131701036777 0.0355776256279 0.0147804217647 0.00406073130183 0.0192366919946 0.0111194549062 0.00963521041356 0.025985728196 0.0177793359384 0.00573555334124 0.0212367766232 0.0173755215597 0.0190860095305 
0.028205383345 0.00525576594873 0.0133602189147 0.0321106819772 0.0138881831546 0.0299757704386 0.0307811887079 -0.000418220239936 0.0224214664501 0.0548395260244 0.010859435506 0.0257243752344 8.65724150928e-05 0.00593822588125 0.0458535595229 0.00540948175481 0.0131701036777 0.497842079281 0.0127522207352 0.0428633845332 0.0271234039119 0.0450879901359 0.00958372784637 0.0273314250362 0.0379473674931 0.000613683182415 0.00983641353323 0.0543891366643 0.0130274134824 0.0142437994194 
0.0195976717321 -0.00160972255366 -0.013761901623 0.0233611581883 0.0251884281535 0.0170035532926 0.00912127501432 0.0152337189556 0.0160661438986 0.0334666678065 0.0253782212887 0.00951035234265 0.0179012060278 0.027390923247 0.0449020647345 0.0118130752912 0.0355776256279 0.0127522207352 0.281647332145 0.0326987296462 0.0281558977257 0.0547921328014 0.0129927967066 0.0277728045242 0.0156238666478 0.00711374484892 0.0174722608551 0.0353678993052 0.0051865083818 0.00992669866337 
0.019933707368 0.0108107921603 0.0154911979939 0.00992685643035 0.0200854238559 0.0231679916788 0.0457330207787 0.00256978314478 0.022799111772 0.029419653366 0.00703524066087 0.0160849589295 0.0141905081835 0.0266420921743 0.0407753966692 0.00745137213617 0.0147804217647 0.0428633845332 0.0326987296462 0.344111322899 0.0386685697111 0.00249845332245 0.0223807908235 0.0397962309201 0.0080362814216 0.00202249732548 0.0355296298729 0.00296345922997 0.0154527190075 0.00111023957539 
0.00378453635751 0.0226010417062 0.0243697112984 0.00827051455031 0.0167166082446 0.0443049832339 0.0417923671139 0.0220066511948 0.0154114073566 0.0414456463752 0.0315764176234 0.0276777510037 0.0110010228427 -0.00127909427537 0.0292680399252 0.0174344054286 0.00406073130183 0.0271234039119 0.0281558977257 0.0386685697111 0.477017075647 0.0556332507877 0.0323923806941 0.031483338349 0.0408269600486 0.0210307879137 0.0369162478381 0.0335206251913 0.0124816323495 0.019908666671 
0.0378481802919 -0.000357462034324 0.00821259994568 0.0168975930367 0.0310831013036 0.0563768079807 0.0467556187501 0.00817613930334 0.0184040665506 0.0576489895949 0.114905682815 0.0101653391403 0.0177786647308 0.0279215774217 0.0416076827483 0.00824559161619 0.0192366919946 0.0450879901359 0.0547921328014 0.00249845332245 0.0556332507877 0.434243485751 0.0217269861233 0.0336852480479 0.0511351111615 0.0188874358519 0.141560464537 0.00629169036831 0.0126565455076 0.00180908895271 
0.0155063131593 0.0101608507891 -0.00155011452051 0.00270015935443 0.00889272840898 0.0152998023439 0.0238233366243 0.0186583814346 0.0207744556249 0.00971884075137 0.0219714218728 0.0180149760489 0.0284881267661 0.0261704609483 0.00753175540337 0.00653579099316 0.0111194549062 0.00958372784637 0.0129927967066 0.0223807908235 0.0323923806941 0.0217269861233 0.20477091689 0.0241535251222 0.0213653938335 0.0129504612679 0.0308788500054 0.0269644643316 0.00933690954605 0.0122924262965 
0.0194993921973 0.0249576993964 0.00905375661593 0.0115330851077 0.0262017546834 0.025306289489 0.0403055979673 0.00870079491051 0.0160052698678 0.00910760097141 0.0207428569438 0.0409243909456 0.0311455903352 0.0149849517187 0.0145914105387 0.011978519168 0.00963521041356 0.0273314250362 0.0277728045242 0.0397962309201 0.031483338349 0.0336852480479 0.0241535251222 0.254893449423 0.0146303505674 0.0248670454001 0.0209553459188 0.0222924180158 0.0137501119428 0.0197345588248 
0.00765570473436 0.0126700771178 0.0200558593701 0.00222235201559 0.0155586466545 0.0398448342592 0.0417026236553 0.0161531317251 0.0184089923203 0.0281352609271 0.0417331102169 0.00874087040786 0.0135439017125 0.0155093504178 0.0384146155798 0.0110342404242 0.025985728196 0.0379473674931 0.0156238666478 0.0080362814216 0.0408269600486 0.0511351111615 0.0213653938335 0.0146303505674 0.279586762427 0.0146742190411 0.0463939390531 -0.00508291227977 0.0181541519709 0.00969107023693 
0.0108939848787 0.0187505707384 0.0267600289412 0.00547671063472 0.00952428116507 0.00515941909335 0.00143938317496 0.020309308714 0.0116127568296 0.0302948263316 0.011168575553 0.017040108499 0.00155051616793 0.0225715844524 0.00939276334081 0.0188608851913 0.0177793359384 0.000613683182415 0.00711374484892 0.00202249732548 0.0210307879137 0.0188874358519 0.0129504612679 0.0248670454001 0.0146742190411 0.238381675481 0.0221306343206 -0.0172051574706 0.0112859319105 0.0158390684849 
0.0384369251536 0.010862235308 0.0310533673034 0.0308682223695 0.0313922569515 0.0749723214464 0.0438593575602 0.0109274215616 0.0304482824796 0.0194179536963 0.0998672476565 0.00789107591668 0.0420614689627 0.0555165464668 0.0411773612916 0.0219168837168 0.00573555334124 0.00983641353323 0.0174722608551 0.0355296298729 0.0369162478381 0.141560464537 0.0308788500054 0.0209553459188 0.0463939390531 0.0221306343206 0.471034199676 0.0325726943877 0.0237169802184 -0.00298180837623 
0.0144051260568 0.00616157578705 0.0102516193976 -0.00389933865493 0.0240355398212 0.00558563794662 0.0066991649674 0.025445590374 0.000603859197499 0.0173697910018 0.00208497114364 0.000399920411221 -0.0148757087299 0.00939390453369 0.00882376768213 -0.000298357441006 0.0212367766232 0.0543891366643 0.0353678993052 0.00296345922997 0.0335206251913 0.00629169036831 0.0269644643316 0.0222924180158 -0.00508291227977 -0.0172051574706 0.0325726943877 0.908928558772 0.0194726699993 -0.010382022415 
0.00690990721886 0.00462795799762 -0.00291794615449 0.0176346380133 0.0233825068073 0.00933379480015 0.0306279849778 0.0481568995081 0.00969389842678 0.0245730575996 0.00535340134691 -0.00248507939033 0.00513501895977 0.00708565048587 0.0147498861243 0.00379419706938 0.0173755215597 0.0130274134824 0.0051865083818 0.0154527190075 0.0124816323495 0.0126565455076 0.00933690954605 0.0137501119428 0.0181541519709 0.0112859319105 0.0237169802184 0.0194726699993 0.250703231977 0.0113739893945 
0.00518235683878 0.00466321108809 -0.000762425368751 0.00711494884798 0.014616490301 0.00994167938896 0.0421453635024 0.0199894020212 0.0096997275874 0.0396079264672 0.00302315373293 0.0118574105909 -0.00804421605953 0.0117091588607 -0.00582449297314 0.0114140291527 0.0190860095305 0.0142437994194 0.00992669866337 0.00111023957539 0.019908666671 0.00180908895272 0.0122924262965 0.0197345588248 0.00969107023693 0.0158390684849 -0.00298180837623 -0.010382022415 0.0113739893945 0.230474553897 

['BF.B', 'DTE', 'RAI', 'CZN', 'DOW', 'ROK', 'ASD', 'BSX', 'PBI', 'STJ', 'AMAT', 'ETR', 'OMX', 'EMC', 'CMVT', 'MO', 'CB', 'WFT', 'CA', 'SWK', 'GILD', 'KLAC', 'CTAS', 'AIV', 'COL', 'BAX', 'TER', 'CSC', 'AT', 'WWY']