30
0.0135350028622 0.0395572708053 0.0380825412642 0.0439476996979 0.0482651065397 0.0352458247454 0.153319254475 0.0355019489908 0.0206012582373 0.0442487549982 0.0330111524363 0.0995242847704 0.0341115490789 0.0383245101253 0.0335346879574 0.018453974145 0.0399774891594 0.00873698993333 0.0559549201136 0.07971303899 0.0487859931196 0.0285995604788 0.0970140476379 0.00399952409326 0.02473804396 0.0363496030559 0.112290577846 0.0265727047954 0.0223482457603 0.0282353637115 
0.195983843743 0.00988637464002 0.013584436468 -7.08650400684e-05 0.0170993323033 0.010373955205 0.0240927801394 0.0310974291615 0.0220005572641 0.017360134035 0.032652466678 0.0185437296811 0.0157708587297 0.0391073368735 0.0135940534219 0.0250588353212 -0.00684522802873 0.0127823609974 0.0381411311423 0.0172026318296 0.0205290517578 0.0195288784889 0.0403396471659 0.00902335033263 0.0155103967477 0.0179601353928 0.0256433995086 0.0195178009391 0.00386427702857 0.0214652696624 
0.00988637464002 0.181115105453 0.0188508211846 0.0203471465259 0.0112864989948 0.01570947472 0.0299699247662 0.0124508562006 0.00711369120725 0.0084259630789 0.00843355556487 -0.001979767949 -0.00284808297031 0.00524022240622 0.0106631439316 0.00512883316452 0.0104814582372 0.0139757690797 0.0249512897168 0.0142613385647 -0.00386652568935 0.00631915634208 0.018248171023 0.0218176773516 0.0136478023411 0.00612209030108 0.0082277069564 0.0124994449382 0.00282512622058 0.0196662329787 
0.013584436468 0.0188508211846 0.257049633104 0.0111716738131 0.0216060813661 0.00548863928272 0.0361822183981 0.0190113663534 0.0247812018328 0.00505929704054 0.0100720279992 0.0198253726171 0.00822768645518 0.0133917093873 0.0111797735497 -0.0073421777054 0.00158955907185 0.0117732617005 0.0200358080158 0.0267766191949 0.0153782589258 0.0158075014748 0.0432058758906 0.012083056623 0.0020615795744 0.000792329611787 0.0191755483951 0.00666343759677 0.0159446222846 0.0109632767705 
-7.08650400684e-05 0.0203471465259 0.0111716738131 0.191960271256 0.0100810637102 0.0116575385072 0.0148141227883 0.00555936768886 0.00482983900579 -0.00229476332751 0.0206586031758 -0.00283657226314 0.00172010854424 0.0065640859248 0.0229096615791 0.00258294920214 0.0088940183631 0.000228812193197 0.0146299717792 0.0261825830559 0.00213081432002 0.00105071310231 0.0209036697452 0.0126413166568 0.0088021824061 0.0127689287677 0.0176739898529 0.00747799809197 0.00511173732306 0.00489973035819 
0.0170993323033 0.0112864989948 0.0216060813661 0.0100810637102 0.307503444138 0.018745662049 0.017005680317 0.0120725585042 0.0291697416463 0.0265406077411 0.0407337968453 0.0143416473542 0.00370498911645 0.0482445195418 0.0241080697417 0.015302658639 -0.00951893381446 0.0105823915337 0.0358465743615 0.0288365578232 0.00589369025712 0.0442556847525 0.0374801206023 0.0165255974209 0.00891733409562 0.00812632031451 0.0290740619244 0.0258948758005 0.00463130972216 0.014438883098 
0.010373955205 0.01570947472 0.00548863928272 0.0116575385072 0.018745662049 0.217189683792 0.0417622100721 0.0211575710138 0.00941351645645 0.0214445615117 0.0307032373626 0.00728946530816 0.01491297683 0.0258227853405 0.00912560683929 0.0128643761721 -0.00096305424543 0.000236213747476 0.0315553835442 0.0117059956097 0.0190827022529 0.0170622860273 0.0461775032607 0.0169980888441 0.0103757586394 0.0179478759985 0.0160755781794 0.0134437508287 0.0171447246266 0.0169718853478 
0.0240927801394 0.0299699247662 0.0361822183981 0.0148141227883 0.017005680317 0.0417622100721 0.625107633332 0.00681304486381 0.0183073887772 0.0309427776866 0.0454074207794 0.0164150161159 0.0169878026246 0.039354095096 0.010903943008 0.018999088938 -0.00329130082972 0.012149189051 0.0560401634906 0.0146608389094 0.0376627066199 0.041335837905 0.104836667247 0.0419720267331 0.00863975605672 0.0339293242396 0.0207550044987 0.0282003613813 0.025196767366 0.0360023219186 
0.0310974291615 0.0124508562006 0.0190113663534 0.00555936768886 0.0120725585042 0.0211575710138 0.00681304486381 0.313384415503 0.0139659863575 0.024757080561 0.0217903273822 0.0156622184635 0.0169039707978 0.0266832394667 -5.559088984e-05 0.00605591893241 0.00101993868197 0.0160815503904 0.0633232004788 0.0200343181874 0.0245555035507 0.0112465399034 0.0422312628733 0.0156808637193 0.00463642633239 0.0230187840974 0.0188095655694 0.0166346864202 0.0111825737514 0.0155283352853 
0.0220005572641 0.00711369120725 0.0247812018328 0.00482983900579 0.0291697416463 0.00941351645645 0.0183073887772 0.0139659863575 0.190572003277 0.014790447629 0.0174122094295 0.0187987435281 0.0050143805733 0.0206316580286 0.0259134319311 0.00730319578682 -0.00351540040882 0.0122347479333 0.0437835845973 0.0215192016523 0.0130313078881 0.0152340941083 0.0249899251105 0.013653083592 0.00197608782532 0.0174131410346 0.0520746409085 0.0202646903773 0.0142164142046 0.023328965629 
0.017360134035 0.0084259630789 0.00505929704054 -0.00229476332751 0.0265406077411 0.0214445615117 0.0309427776866 0.024757080561 0.014790447629 0.280984987951 0.0155249631375 0.00203080848748 0.0211061497624 0.0101201103922 0.00130911454822 0.0191481572109 0.00621525293435 0.0167496465433 0.0337450442317 0.0115867764375 0.0119713629455 0.00423615961131 0.00839687063057 0.0102542008586 -0.000193659548158 0.0107816836101 0.0198174677314 0.0201583878187 0.0185211014597 0.0188726505371 
0.032652466678 0.00843355556487 0.0100720279992 0.0206586031758 0.0407337968453 0.0307032373626 0.0454074207794 0.0217903273822 0.0174122094295 0.0155249631375 0.313930022652 0.0194863222551 0.00415106849337 0.0604797872559 0.0156198755179 0.00606507856815 -0.00318679232554 0.0204638552537 0.0358251589658 0.0235962244664 0.0212592234779 0.023912376835 0.0775013403504 0.0166301401888 0.0112679745023 0.0225805867212 0.0171023272513 0.010079289506 0.0210048591706 0.0267381051892 
0.0185437296811 -0.001979767949 0.0198253726171 -0.00283657226314 0.0143416473542 0.00728946530816 0.0164150161159 0.0156622184635 0.0187987435281 0.00203080848748 0.0194863222551 0.444763355439 0.00473755396667 0.0176787598217 0.00800092412129 0.0137403639849 0.00610773405684 0.00429172625105 0.0255875288212 0.0221858269475 0.00732036325808 0.000726717915391 0.0764162072129 0.00557345509985 0.0276120804456 0.0183213883627 0.121853967861 0.0133033280342 0.00492809964641 -0.000283589121135 
0.0157708587297 -0.00284808297031 0.00822768645518 0.00172010854424 0.00370498911644 0.01491297683 0.0169878026246 0.0169039707978 0.0050143805733 0.0211061497624 0.00415106849337 0.00473755396667 0.230702627758 0.013411582553 0.00786465503225 0.00251082570658 -0.00882790217674 0.00504238291012 0.0310142332254 0.00739232317672 0.0169290931664 -0.00628627792292 0.0252523620533 0.013060004457 0.0081070202627 0.0178690661445 0.00716451884698 0.00684144905492 0.0275338242527 0.0156478321456 
0.0391073368735 0.00524022240622 0.0133917093873 0.0065640859248 0.0482445195418 0.0258227853405 0.039354095096 0.0266832394667 0.0206316580286 0.0101201103922 0.0604797872559 0.0176787598217 0.013411582553 0.323714754112 0.0077002414332 0.0119804283582 0.0389773668505 0.00705909680944 0.0284457216192 0.030901323124 0.0192522467374 0.0517401933433 0.0654940447527 0.00753544035635 0.00612039785682 0.0137960400725 0.0273913665359 0.0204169429918 0.0241753433844 0.0178596963675 
0.0135940534219 0.0106631439316 0.0111797735497 0.0229096615791 0.0241080697417 0.00912560683929 0.010903943008 -5.55908898399e-05 0.0259134319311 0.00130911454822 0.0156198755179 0.00800092412129 0.00786465503225 0.0077002414332 0.235720293157 0.00561220369088 0.0570684491485 0.0136896483 0.00950057126474 -0.00482117614161 0.00750911850394 0.00303814810929 0.0177158147241 0.0121203113996 0.0200193756055 0.0222319664702 0.0154162835596 0.00727096638989 0.0211625470264 0.0136433539669 
0.0250588353212 0.00512883316452 -0.0073421777054 0.00258294920214 0.015302658639 0.0128643761721 0.018999088938 0.00605591893241 0.00730319578682 0.0191481572109 0.00606507856815 0.0137403639849 0.00251082570658 0.0119804283582 0.00561220369088 0.25173833361 0.00639002584397 0.0122325453821 0.0163700251287 0.0246752841619 -0.0023675816357 0.0195579108929 0.0235318687714 0.0124168991202 -0.00196101141859 0.00795294998771 0.011166197318 0.00241790763261 0.00410711750611 0.0103056830206 
-0.00684522802873 0.0104814582372 0.00158955907185 0.0088940183631 -0.00951893381446 -0.00096305424543 -0.00329130082972 0.00101993868197 -0.00351540040882 0.00621525293435 -0.00318679232554 0.00610773405684 -0.00882790217674 0.0389773668505 0.0570684491485 0.00639002584397 0.440191661172 5.45445159621e-06 -0.00511080724844 0.00961945571075 -0.000503175676595 0.0117273532695 -0.00712816601082 0.00800253526473 0.0183042661777 0.016646798423 -0.00766170793207 0.0153546188389 0.0653661401592 0.00220472343022 
0.0127823609974 0.0139757690797 0.0117732617005 0.000228812193197 0.0105823915337 0.000236213747476 0.012149189051 0.0160815503904 0.0122347479333 0.0167496465433 0.0204638552537 0.00429172625105 0.00504238291012 0.00705909680944 0.0136896483 0.0122325453821 5.45445159618e-06 0.114446835993 0.02574797994 0.011192185965 0.0182044843097 0.003116357734 0.0120034058183 0.0174962746557 0.0100251718921 0.0231055589873 0.00905258044612 0.0135450537759 0.0200558628812 0.0177035411104 
0.0381411311423 0.0249512897168 0.0200358080158 0.0146299717792 0.0358465743615 0.0315553835442 0.0560401634906 0.0633232004788 0.0437835845973 0.0337450442317 0.0358251589658 0.0255875288212 0.0310142332254 0.0284457216192 0.00950057126474 0.0163700251287 -0.00511080724844 0.02574797994 0.269729859811 0.0296799103062 0.0432326200701 0.0177598996997 0.0462158017556 0.0136863471258 0.00935158481943 0.0259838243829 0.0400417624202 0.0165618726914 0.0303637963603 0.0330441200649 
0.0172026318296 0.0142613385647 0.0267766191949 0.0261825830559 0.0288365578232 0.0117059956097 0.0146608389094 0.0200343181874 0.0215192016523 0.0115867764375 0.0235962244664 0.0221858269475 0.00739232317672 0.030901323124 -0.00482117614161 0.0246752841619 0.00961945571075 0.011192185965 0.0296799103062 0.498880546556 0.0454599008102 0.0116838696813 0.0351688122021 0.0124973441177 0.0241768007644 0.01061087736 0.018378504556 0.00184709461194 0.0149996657081 0.0106159635912 
0.0205290517578 -0.00386652568935 0.0153782589258 0.00213081432002 0.00589369025712 0.0190827022529 0.0376627066199 0.0245555035507 0.0130313078881 0.0119713629455 0.0212592234779 0.00732036325808 0.0169290931664 0.0192522467374 0.00750911850394 -0.0023675816357 -0.000503175676595 0.0182044843097 0.0432326200701 0.0454599008102 0.455194227426 0.0139590072345 0.0250093432377 0.0176710028767 0.0202424381048 0.021771861638 0.0207037402731 0.00396246454256 0.0238619339024 0.0115337865639 
0.0195288784889 0.00631915634208 0.0158075014748 0.00105071310231 0.0442556847525 0.0170622860273 0.041335837905 0.0112465399034 0.0152340941083 0.00423615961131 0.023912376835 0.000726717915391 -0.00628627792292 0.0517401933433 0.00303814810929 0.0195579108929 0.0117273532695 0.003116357734 0.0177598996997 0.0116838696813 0.0139590072345 0.276764817369 0.0510765748425 0.00287713633347 0.010348482129 0.0333818235113 -0.00254131465204 0.0445347919235 0.0271516797144 0.0373179876395 
0.0403396471659 0.018248171023 0.0432058758906 0.0209036697452 0.0374801206023 0.0461775032607 0.104836667247 0.0422312628733 0.0249899251105 0.00839687063057 0.0775013403504 0.0764162072129 0.0252523620533 0.0654940447527 0.0177158147241 0.0235318687714 -0.00712816601082 0.0120034058183 0.0462158017556 0.0351688122021 0.0250093432377 0.0510765748425 0.580297176326 0.0130319857747 0.016724621416 0.0177571453471 0.0846263600862 0.0206370672264 0.0479884104976 0.0492945007094 
0.00902335033263 0.0218176773516 0.012083056623 0.0126413166568 0.0165255974209 0.0169980888441 0.0419720267331 0.0156808637193 0.013653083592 0.0102542008586 0.0166301401888 0.00557345509985 0.013060004457 0.00753544035635 0.0121203113996 0.0124168991202 0.00800253526473 0.0174962746557 0.0136863471258 0.0124973441177 0.0176710028767 0.00287713633347 0.0130319857747 0.180549479626 0.0171043017733 0.0171889497329 -0.00298718522861 0.0134406487037 0.0199044881752 0.021313936072 
0.0155103967477 0.0136478023411 0.0020615795744 0.0088021824061 0.00891733409562 0.0103757586394 0.00863975605672 0.00463642633239 0.00197608782532 -0.000193659548159 0.0112679745023 0.0276120804456 0.0081070202627 0.00612039785682 0.0200193756055 -0.00196101141859 0.0183042661777 0.0100251718921 0.00935158481943 0.0241768007644 0.0202424381048 0.010348482129 0.016724621416 0.0171043017733 0.17252331151 0.00957326646749 0.0247498579971 0.0121542157311 0.0313014940788 0.0381188251536 
0.0179601353928 0.00612209030108 0.000792329611787 0.0127689287677 0.00812632031451 0.0179478759985 0.0339293242396 0.0230187840974 0.0174131410346 0.0107816836101 0.0225805867212 0.0183213883627 0.0178690661445 0.0137960400725 0.0222319664702 0.00795294998771 0.016646798423 0.0231055589873 0.0259838243829 0.01061087736 0.021771861638 0.0333818235113 0.0177571453471 0.0171889497329 0.00957326646749 0.315910068169 0.0164241317322 0.0147416336507 0.0198013037539 0.0264194056068 
0.0256433995086 0.0082277069564 0.0191755483951 0.0176739898529 0.0290740619244 0.0160755781794 0.0207550044987 0.0188095655694 0.0520746409085 0.0198174677314 0.0171023272513 0.121853967861 0.00716451884698 0.0273913665359 0.0154162835596 0.011166197318 -0.00766170793207 0.00905258044612 0.0400417624202 0.018378504556 0.0207037402731 -0.00254131465204 0.0846263600862 -0.00298718522861 0.0247498579971 0.0164241317322 0.49963726816 0.0360234779512 -0.0059376571238 0.0155388345851 
0.0195178009391 0.0124994449382 0.00666343759677 0.00747799809197 0.0258948758005 0.0134437508287 0.0282003613813 0.0166346864202 0.0202646903773 0.0201583878187 0.010079289506 0.0133033280342 0.00684144905492 0.0204169429918 0.00727096638989 0.00241790763261 0.0153546188389 0.0135450537759 0.0165618726914 0.00184709461194 0.00396246454256 0.0445347919235 0.0206370672264 0.0134406487037 0.0121542157311 0.0147416336507 0.0360234779512 0.212751840152 0.00727968759251 0.0272304778281 
0.00386427702857 0.00282512622058 0.0159446222846 0.00511173732306 0.00463130972216 0.0171447246266 0.025196767366 0.0111825737514 0.0142164142046 0.0185211014597 0.0210048591706 0.00492809964641 0.0275338242527 0.0241753433844 0.0211625470264 0.00410711750611 0.0653661401592 0.0200558628812 0.0303637963603 0.0149996657081 0.0238619339024 0.0271516797144 0.0479884104976 0.0199044881752 0.0313014940788 0.0198013037539 -0.0059376571238 0.00727968759251 0.206420314643 0.0535187267616 
0.0214652696624 0.0196662329787 0.0109632767705 0.00489973035819 0.014438883098 0.0169718853478 0.0360023219186 0.0155283352853 0.023328965629 0.0188726505371 0.0267381051892 -0.000283589121135 0.0156478321456 0.0178596963675 0.0136433539669 0.0103056830206 0.00220472343022 0.0177035411104 0.0330441200649 0.0106159635912 0.0115337865639 0.0373179876395 0.0492945007094 0.021313936072 0.0381188251536 0.0264194056068 0.0155388345851 0.0272304778281 0.0535187267616 0.141131840289 

['CTAS', 'HCR', 'EDS', 'LH', 'MCD', 'FII', 'CC', 'FISV', 'DD', 'DIS', 'LOW', 'WMB', 'CTL', 'BBBY', 'BAX', 'SYY', 'HCA', 'KO', 'PCAR', 'CI', 'BMET', 'PGR', 'DHI', 'SLE', 'XEL', 'SGP', 'NE', 'SAFC', 'CMA', 'MTB']