60
0.0253425298527 0.0831725949645 0.0850489592031 0.185879968849 0.123612909007 0.0793031051092 0.136312174374 0.0123991351417 0.00361039022472 0.044344522835 0.0265193363437 0.0255776045185 0.0278380444533 0.0752984700253 0.07971303899 0.0353360638732 0.0528259349661 0.0610020106181 0.02736418452 0.360667625942 0.0472748306646 0.0441448787565 0.0263662592882 0.0163484450471 0.0352458247454 0.149246593495 0.0970140476379 0.128413882411 0.0698927007 0.214537342356 0.126305303483 0.106415927512 0.118355026327 0.0466521206007 0.164482556217 0.0514292405054 0.0988670942005 0.022369934908 0.13159191543 0.0780955523414 0.0255121646837 0.0486003975036 0.116671338284 0.080285366307 0.0545718905582 0.023015295127 0.0765601453803 0.02392892696 0.0800378705657 0.0764707668379 0.0739523233915 0.042606905642 0.0646745186267 0.0247746242904 0.143584613331 0.127416862275 0.026417897889 0.103194060275 0.0501755430095 0.0576577356707 
0.187291400681 0.00579122163834 0.0247864782876 0.0150641961587 0.0107200883238 0.0240770568286 -0.0123076120951 0.011342772922 0.0234999953054 0.0266913831493 0.00183974933507 0.0102690024814 0.0207166666539 0.0268756734576 0.00961050978873 -0.00700794199887 0.00721566323443 0.011354226175 0.00724850810497 0.0151510910669 -0.00236421417322 0.029626158231 0.0147710777423 0.00409102057003 0.0122241737713 0.0218635530934 0.01000022573 0.00458970908245 0.0107142966639 0.0177800726266 -0.00689063433199 0.0171050013906 0.0264156789586 0.0052457476489 -0.00841785550377 0.0189533326655 0.0195057610611 0.00751324223548 0.000400291367821 0.00680330443591 0.0104176868757 0.00495915187038 -8.05891604045e-05 0.00752605805859 0.00226774101555 0.0203306583114 0.00681030293713 0.00321028330293 0.00652453851556 0.00739354395275 0.0348881767925 0.0121803465142 0.0133499446251 0.0193192194069 -0.00495133150198 -0.0101227707791 0.00550690830092 0.0154159615184 0.00306329472243 0.0192492542279 
0.00579122163834 0.431176884133 0.0924029495307 0.0260984319891 0.00121910930695 -0.0158236035388 -0.0161903275552 0.0061537085401 0.024876444252 0.0127777473438 0.0111446823479 -0.000291359785344 0.00906331682519 0.0317874743299 -0.0109010624519 0.0088638570422 0.041884800614 0.0142318680174 0.0202127206605 -0.00228583540457 0.00401089321288 0.0176893051595 0.0196562984327 0.0147142499876 0.0165033022192 0.0405845711977 0.0620682817486 0.0159484935188 0.0313223225201 0.0438417397027 0.0318283010765 0.0271859327166 0.0107814417065 0.0136514789505 -0.00055922948832 0.0261301749193 0.0306285540003 0.0122820741387 0.0398578141398 0.028211100802 0.0103187805298 0.0186657247851 0.0232576545163 0.0254459586751 0.0173100886793 0.0188930448402 0.0123491494443 0.0239640075688 -0.0102563905572 0.0296804987529 0.0227795913691 0.066083856455 0.0174091007015 0.00769822355873 0.0366641446365 0.0277391856462 0.0307845360974 0.0152504812867 -0.000916150451216 0.0234858781549 
0.0247864782876 0.0924029495307 0.699737391055 0.0836208283767 0.00531146551574 -0.00193007458075 -0.00179267564163 0.0172999321339 0.0074934091704 0.00581374602376 -0.00733751764285 0.0301645791191 -0.00418678201085 0.0271100158559 -0.00532377508139 0.0309085965942 0.0122723940585 0.0599033510738 0.00581924347376 0.0432160131922 -0.00437568816285 0.0140522388382 0.0371885260538 0.0199903971484 0.0143272701601 0.0035817098751 0.046616353316 0.0488737608111 0.03508084375 0.0866459032432 0.0232094891425 0.0212289483134 0.0102584413033 0.00262160314802 -0.0186172223641 0.0293057923083 0.0151588154811 0.0034660826493 0.0568421057953 0.00689440320723 0.00955340759689 0.0143269858715 0.0105318165003 0.0141291551747 0.0144324872588 0.00807820822031 0.0169585304037 0.0138156769431 0.027280121525 0.0465173967886 0.00384687810676 0.00932657813765 0.00267494064398 0.00866023660527 0.0473831656042 0.0317047413942 0.0199371752957 0.0248251730549 -0.0133306588289 0.024653090072 
0.0150641961587 0.0260984319891 0.0836208283767 0.601918733903 0.0228206411499 0.0301106473147 -0.0183860899571 0.0152553203765 0.0225496403435 0.0321003001622 0.00738795341195 0.0138970293738 0.00674361706684 0.0697730151858 0.0252184200022 0.0089207846196 0.0102799281655 0.025181462429 0.00332281500773 0.0657250447325 -0.0049025194063 0.0303947856552 0.036608950317 0.0103382420541 0.0172646734021 0.0700280234795 0.0552664841341 0.059266752269 0.0516264298788 0.0506996483802 0.0635091758636 0.0474713953194 -0.00271642182636 0.0208192318625 -0.0120899610655 0.0213411691766 0.0346643249246 0.0414777561421 0.0756333956324 0.107542061613 0.0116196546315 0.00673302217316 0.0237072574778 0.046294653091 0.0243623330428 0.0196191598211 0.0359893975299 0.0160942804605 0.0528174579342 0.0896673250739 0.0269351131183 0.0323038497733 0.0450858493401 0.0201906509491 0.0731204316807 0.0771619821153 0.0652411164091 0.0261953683823 0.0280742378052 0.0213073400483 
0.0107200883238 0.00121910930695 0.00531146551575 0.0228206411499 0.733770196648 -0.012876867977 0.000801964348507 0.00191358861389 -0.00635879589644 -0.00234193782094 -0.00444581935349 -0.00923905841217 0.00308128649766 -0.0247298616797 -0.00450270811017 0.023281694299 0.000432027207203 -0.00585432598929 0.00819166071954 0.0214809142963 -0.0077130829768 -0.00852704243451 0.00951440309801 0.0125476703238 -0.00150865731228 0.0343781901936 -0.00564300967662 -0.00371592447174 -0.0210977767031 0.0517037953094 0.0425510890301 0.01240610704 0.0118105366397 0.0116311114959 0.733246698064 0.00862866574646 0.0414573554355 0.0104008171417 0.0570016248536 0.0503347712634 0.00795817843034 -0.00293218390936 -0.0101881654821 0.0165620360011 0.00424294439685 0.000673925280399 0.0114134076041 0.00918350757137 0.0271094264732 0.065255661838 0.0151630686003 -0.00226564722262 -0.000310373890669 0.0170761054973 0.00143987800415 0.0096638165352 0.0125777750675 -0.00307292012269 -0.00720362907244 0.00346252752463 
0.0240770568286 -0.0158236035388 -0.00193007458075 0.0301106473147 -0.012876867977 0.378638068738 -0.0040274572316 0.0238761345056 -0.0050835426949 0.0423271422489 0.0166916347147 0.00822809505967 0.0226835316013 0.0463916657009 0.019415789118 0.00965848421224 0.0296737238156 0.0116779716263 0.00202843615204 0.0578618525063 -0.0225118862129 0.0652005945259 0.0132023766295 0.0091491770845 0.0220588385494 -0.0136419781149 0.0405772263896 0.000639882381565 0.0243020414211 0.0451766044129 -0.00432488780683 0.03352487226 0.0269585704012 0.0292894785255 -0.00975616947691 0.0261906319507 0.0113445325061 0.0180619388931 0.00128625707705 0.016214767476 0.012941989679 0.0138511408386 0.0908898609377 0.0147040976052 0.00963235253641 0.00782549231051 0.0325956678608 0.023938993539 0.0251691362812 0.0408435553068 0.00545001716791 0.0366629746548 0.00920494578648 0.0274428320697 0.0202685972172 -0.000498807357502 0.0173240075969 0.00491796153094 0.0343555838963 0.0182907462855 
-0.0123076120951 -0.0161903275552 -0.00179267564163 -0.0183860899571 0.000801964348508 -0.0040274572316 1.94136520801 -0.00662249527183 0.0115302968946 0.000963665392293 -0.00478357744073 0.00714556094589 -0.00582183248894 -0.0118359971499 -0.00181908428929 -0.00919653453018 -0.0170013902627 -0.00311044289672 0.0111865818081 -0.0140711241723 -0.00838045483232 -0.0106729786328 0.0107392217856 -0.00849583891403 -0.00998476432494 0.0169431240387 -0.00907502130542 6.27635184298e-05 -0.00048740237137 -0.0181369403884 0.0116207007331 -0.00387725826025 -0.0060223286089 -0.00386951276543 7.500198926e-05 -0.00925119570395 0.0383528065857 -0.00751563666696 -0.0030835682541 0.00482367452171 -0.00350673903028 -0.0236549623526 -0.00983296644881 -0.0142454935826 -0.00558209444561 -0.00766353907327 -0.0173274294305 -0.0281526436099 -0.0152513632458 -0.0182006471293 -0.00526638646961 0.00519319992002 -0.00752343216565 -0.0119154268925 0.01406707579 -0.00507345754851 -0.00913317092183 -0.014699809447 -0.0122364719792 -0.00457020091667 
0.011342772922 0.0061537085401 0.0172999321339 0.0152553203765 0.00191358861389 0.0238761345056 -0.00662249527183 0.18490631401 0.0131031200407 0.0177008818421 0.0080306120066 0.00885331465394 0.00972439036059 0.0104031908915 0.0263711004133 0.00960392865134 0.0170817541639 0.00695802453639 0.0121175636642 0.00929068969941 0.000904756353088 0.0214279168101 0.017399461512 0.00265301886651 0.0193620985085 0.00922607629559 0.00203743183326 0.0170760815437 6.92858711071e-05 0.0191796790449 0.00579300596091 0.0100158652551 0.0101975019711 0.0136267854766 -0.00211660687855 0.00943755360855 0.0145315861115 0.00943515668518 0.00666743696499 0.0102523381321 0.00957387671088 0.0172888251941 -0.00191127315656 0.0393517419121 0.0100846280182 0.013699772222 0.00566000929216 -0.00492049956361 0.00620435694326 0.00468983944223 0.00241846490751 0.00335081795589 0.00459269123912 0.013664239075 0.0067084909605 0.0136847593131 -0.00983369760252 0.026496109083 0.0114630509445 0.0122646385519 
0.0234999953054 0.024876444252 0.0074934091704 0.0225496403435 -0.00635879589645 -0.0050835426949 0.0115302968946 0.0131031200407 0.21018990762 0.0266798038057 0.00806840394381 -2.94514606491e-05 0.0225390408958 0.0148154777128 0.0318355608062 0.00370143616334 0.0180827956683 0.0204739986355 0.00789548141655 -0.00126233781842 0.00974197610989 0.00837725074145 0.0183188053326 0.00453235187188 0.0143165779633 0.00337564776773 0.0180068938323 0.0266351251881 0.0071325893087 0.0153449476489 -0.00480806770762 0.0218339479817 0.013025404623 0.00801367773624 -0.00808419136719 0.0101195495421 0.0146585988299 0.00294271672082 -0.00105145549723 -0.0135037528782 0.0224649898338 0.00919815543668 -0.0133508470399 0.0206328814709 0.00867251909991 0.0138166002782 0.00980242872491 0.0244174884338 0.00185064106973 0.0129752693714 0.0128911566823 -0.00156985711396 0.0270221021343 0.0083804594557 -0.00853579086326 0.00391246153917 0.0132137997283 0.0200497524231 0.0183649351665 0.0148934100286 
0.0266913831493 0.0127777473438 0.00581374602376 0.0321003001622 -0.00234193782094 0.0423271422489 0.000963665392293 0.0177008818421 0.0266798038057 0.181610456261 0.0184043535749 0.00180231503038 0.0188332999398 0.0132796709533 0.0356379663051 0.0145730853442 0.0289376133516 0.00894391544109 0.0146709902963 0.0334978850146 0.0195412548173 0.0391296540354 0.034186633844 0.0107985735536 0.0132752236481 0.0277053802614 0.0481829530183 0.023894292632 0.0229643369694 0.0445882508796 0.0211774889043 0.02255178048 0.0130015194944 0.00927359201315 0.000930540661608 0.0259474734687 0.0364583941028 0.0290635956394 0.0310768226465 0.0256152243871 0.00531196295118 0.0150412975568 -0.00686639104718 0.0242230623607 0.0137394639983 0.0170937029819 0.0278216040643 0.0213915339085 0.0430516717417 0.0170932280674 0.0301620864603 0.0315812693622 0.0391053555894 0.0163517151969 0.0362776666861 0.0148794866618 0.0162684357212 0.0445457607183 0.011706848182 0.018547937276 
0.00183974933507 0.0111446823479 -0.00733751764285 0.00738795341195 -0.00444581935349 0.0166916347147 -0.00478357744073 0.0080306120066 0.00806840394381 0.0184043535749 0.202670319664 0.0290438854103 0.000395361794511 0.0187503846849 0.0117930579449 -0.000416023837615 0.0128941565103 0.0482384931196 0.0156550967098 0.0250969903356 0.000840404625708 0.0150850169565 0.0208974586772 0.0116627803162 0.00808868440765 0.0102193859588 0.0117694908448 0.00587829197154 0.0165281936148 0.0198469825556 0.00193162444051 0.00520245749929 0.0169332729188 0.0126908576571 -0.00818197590718 0.0210427043746 0.0180514604953 0.019553746614 0.0161053582781 0.0118054715825 0.00381754592906 0.00074221446741 -0.00911701620943 0.0260868239022 0.0134296405807 0.00139873442123 0.0123030129318 0.0168157837627 0.00102649147608 -0.00738628465192 0.00452745274248 0.0176290690958 0.0264933318846 0.0152247291676 0.0129652314664 0.0101981991466 0.00736319827104 0.00964382602582 0.0100034758939 0.0161088263384 
0.0102690024814 -0.000291359785344 0.0301645791191 0.0138970293738 -0.00923905841217 0.00822809505967 0.00714556094589 0.00885331465394 -2.94514606492e-05 0.00180231503038 0.0290438854103 0.307150438897 0.00110365215635 0.0116544721807 0.00294681751857 0.00371458950765 0.00325774644244 0.00328939352868 0.00289555139532 -0.00363987116688 0.00441562687293 0.0242670895333 0.0153752532203 0.0104968619423 0.00278882755426 0.00461351776788 0.0296289581176 0.0122398400849 0.00472542990318 0.0197907859127 0.00423996499955 -0.0230020909086 0.0682956900876 -0.00254703380528 -0.00525773675247 0.01929701016 0.0201713429693 0.0186307729048 -0.00612862163361 0.011419663238 0.0181041473139 -0.00795982396183 0.0496248411404 0.0112306501971 -0.00347303082758 0.0194384729762 0.0213062226062 0.00982992054174 -0.00081925514028 0.0101732209582 0.0433577086041 0.00325056036181 0.00572269499949 0.0194116767565 0.0112852037452 0.00891785199014 0.022554850492 -0.00510286353714 0.00393212384704 0.00791087955005 
0.0207166666539 0.00906331682519 -0.00418678201085 0.00674361706684 0.00308128649766 0.0226835316013 -0.00582183248894 0.00972439036059 0.0225390408958 0.0188332999398 0.000395361794511 0.00110365215635 0.177945735975 0.000715177597255 0.0253890761314 0.0179769492104 0.00885828267279 -0.0036316021662 0.0183435252927 0.010420737553 0.00194961487648 0.0094091410801 -0.00271495024661 0.00520294708051 0.0135811429333 0.00779542301387 -0.00142712806113 0.00140051777754 -0.00639185235032 -0.00697789090849 0.000401687479327 0.0085428463197 0.00920683179733 0.0149962600699 -0.000245845615336 0.0161532311313 0.0106607655098 0.022082433169 -0.0114864490422 -0.00297863828054 0.0145402003842 0.00913126931632 -0.000733912563163 0.0211171691852 0.0148560790734 0.010355653946 0.00946677031692 0.00494348609977 0.00774318000484 0.00703079463389 0.0181040667745 0.0185680255396 -0.00157181146826 0.0253277439106 -0.00622759610244 -0.00816454272478 0.0105967302291 -0.00018737623605 -0.00556005312472 0.0228324324919 
0.0268756734576 0.0317874743299 0.0271100158559 0.0697730151858 -0.0247298616797 0.0463916657009 -0.0118359971499 0.0104031908915 0.0148154777128 0.0132796709533 0.0187503846849 0.0116544721807 0.000715177597255 0.475268392421 0.00676277115054 0.0051835520062 0.0312372215905 0.0227046466867 0.0189760212231 0.0122468055447 0.0142834692441 0.0202281124555 0.0076019080649 0.0183246825033 0.0232411517652 0.00747158791455 0.0557671239708 0.00682253597974 0.0220991282664 0.0227226823839 0.0430739586349 0.0369750499984 0.032542354978 0.00496068995761 0.0118880997985 0.0434486515429 0.0178282903473 0.0147944725957 0.0152523050657 -0.00125230879724 0.0148969826306 -0.000729321505365 0.00609989237594 0.0212332814868 0.0138960919761 0.012765497327 0.0271384740923 0.00896204015939 -0.0216187355787 0.0495636376193 0.0245409604884 0.0174194575922 -0.00610111860486 0.0127182107895 0.027506263539 0.021793892835 0.026975984374 0.0159404050982 0.0678121464833 0.00276822388638 
0.00961050978873 -0.0109010624519 -0.00532377508139 0.0252184200022 -0.00450270811017 0.019415789118 -0.00181908428929 0.0263711004133 0.0318355608062 0.0356379663051 0.0117930579449 0.00294681751857 0.0253890761314 0.00676277115054 0.489211602113 -0.00170680380001 0.0171033765082 0.0169512368356 0.0102566023934 0.0198503668049 0.010088454962 0.0152372676669 0.0163095892378 -0.00382362775071 0.00946200608157 0.0147501539878 0.0258437763587 0.00944525961826 0.0321013682927 0.0420438574975 -0.00634239091741 -0.00808452038093 -0.00192852727861 0.010235326874 -0.0138104669845 0.00773179904103 0.0211291585401 0.0136277550451 0.0167033172719 0.000324825850324 0.00577288841187 0.0186291426396 0.0128020912835 0.023129978915 0.0151284451315 0.00901869766823 0.0462490460121 0.00264261697907 0.00908068832422 0.0179483850611 0.0349708209863 0.028089685869 0.00185228303964 0.0253692424858 0.0114292207323 0.0125447638702 0.00480604832199 0.0421743718222 0.0320581236753 0.0255888281734 
-0.00700794199887 0.0088638570422 0.0309085965942 0.0089207846196 0.023281694299 0.00965848421225 -0.00919653453018 0.00960392865134 0.00370143616334 0.0145730853442 -0.000416023837615 0.00371458950766 0.0179769492104 0.0051835520062 -0.00170680380001 0.301008352133 0.00930217443437 0.0170377622011 0.00873370706591 0.0208431405308 0.0329702861217 0.0295952327441 -0.000528155904968 0.0206435056298 0.0114666986948 0.0105365943138 0.0139017502954 0.00493785469559 -0.00324900676816 0.0399656582253 0.00871668727862 0.0173915588842 0.0364839326493 0.0199898286784 -0.0107378344408 0.0368706990116 0.0467210955205 0.029788185789 -0.000613093984272 0.0207976474578 0.00557618801847 0.0324203250088 0.0143436155138 0.0150786696165 0.0159453477087 -0.000971978042836 0.0223601462238 0.00159194913677 0.0194021734428 0.0271921343234 0.0138201218671 0.0195717450599 0.00170173927984 0.0156982363941 0.0118632803529 0.00962830894762 -0.0107066604159 -0.00339236241 -0.00249639784601 0.0153391809338 
0.00721566323444 0.041884800614 0.0122723940585 0.0102799281655 0.000432027207204 0.0296737238156 -0.0170013902627 0.0170817541639 0.0180827956683 0.0289376133516 0.0128941565103 0.00325774644244 0.00885828267279 0.0312372215905 0.0171033765082 0.00930217443437 0.279896788228 0.00446528531547 0.0072178125234 0.0524115492227 0.0107042856758 0.0283843531736 0.0149393653505 0.01362670844 0.0154049123992 -0.0151814724144 0.0226168191003 -0.0034687041706 0.0315737257663 0.0170634732517 0.00998348456197 0.00721219982969 0.00768413084837 0.0172158257989 -0.00138609754765 0.0249239047269 0.00137549419044 0.023919939288 0.0112555364253 0.00739188909063 0.0364240700301 0.00378384551628 0.0512461941851 0.0102495154474 0.00782663782307 0.0209003172957 0.0103259382677 0.010115112734 0.0118548698065 0.0151323417284 0.00910333908852 0.0228612413233 0.0340062514224 0.0128664653839 0.0118633621082 -0.00808721677345 0.0179999087717 0.00310311038912 0.0119144705712 0.0132345446937 
0.011354226175 0.0142318680174 0.0599033510738 0.025181462429 -0.00585432598929 0.0116779716263 -0.00311044289672 0.00695802453639 0.0204739986355 0.00894391544109 0.0482384931196 0.00328939352868 -0.0036316021662 0.0227046466867 0.0169512368356 0.0170377622011 0.00446528531547 0.404954184811 0.00953010959298 0.0284355618891 -0.00434479096364 -0.0029544774377 -0.00316106366879 0.00834877616375 0.00782944875759 0.00337642927373 0.00763936108475 0.0215409528763 0.0510052765061 0.0481588872428 0.0215927031042 0.0350055025568 0.0354388328482 -0.00121194100704 0.0032424881919 0.0158907156961 0.0337219216228 -0.00947875945322 0.0201714978352 0.0101766261904 0.000226186812193 -0.0058323992437 -0.00220923567036 0.0298165562102 0.00683015941319 0.0143095347437 0.0213463485959 -0.00269410513854 0.00344683925772 0.0203047119047 0.0410332136992 0.00700494677915 0.0454768875405 0.0213962234712 0.02702371661 0.0357159818145 0.01647839304 0.0157367057437 0.0169781604955 0.0164525677205 
0.00724850810497 0.0202127206605 0.00581924347376 0.00332281500773 0.00819166071954 0.00202843615204 0.0111865818081 0.0121175636642 0.00789548141655 0.0146709902963 0.0156550967098 0.00289555139532 0.0183435252927 0.0189760212231 0.0102566023934 0.00873370706591 0.0072178125234 0.00953010959298 0.187758175719 0.00457832410776 0.00640247697403 0.0132575903551 0.00488552404671 0.0452417659174 0.00480828006339 0.0308230723736 0.0229190142513 0.0312396981856 0.00727151616537 0.00253590301981 0.024435783324 0.00858474151068 0.0058911744846 0.0370990453464 0.0237133437413 0.0286657587146 0.0213365678462 0.0160396733794 0.0226201397444 0.0140291265475 0.00651008926367 0.00711289892682 0.00973922968405 0.0109161337589 0.0350380974232 0.0188316752564 0.0121966177201 0.00315423167849 0.00916151335743 0.0128213412215 0.0116560763435 0.0150228594035 0.0201392070256 0.0150834701498 0.0224876108221 0.0277150490866 0.00325677165513 0.0171182504066 0.0129103391442 0.0207735334175 
0.0151510910669 -0.00228583540457 0.0432160131922 0.0657250447325 0.0214809142963 0.0578618525063 -0.0140711241723 0.00929068969941 -0.00126233781842 0.0334978850146 0.0250969903356 -0.00363987116688 0.010420737553 0.0122468055447 0.0198503668049 0.0208431405308 0.0524115492227 0.0284355618891 0.00457832410776 1.16752736279 0.0118158994047 0.0199003568512 0.0242480492397 -0.00428868472874 0.0166181141675 0.0266254160775 0.0211137403724 0.0667702041316 0.0555953648226 0.145840682412 0.0260809974542 0.0508864116652 0.0145660471053 0.00765108347818 -0.00223141181865 0.0185047400799 0.0776819954841 0.000542585275758 0.071646786719 0.0406629572755 0.0151016711211 0.0100317766867 0.0705100215113 0.0232261465188 0.00887805218657 0.000902244600338 0.0280354507787 0.0248793791348 0.0600919744639 0.0343730112169 0.0499190108008 0.0260120373116 0.00714973358742 0.018004611912 0.0435901971173 0.0362501610031 0.0102653281103 0.0572222456955 0.0200714680228 0.0342831653273 
-0.00236421417322 0.00401089321288 -0.00437568816285 -0.0049025194063 -0.0077130829768 -0.0225118862129 -0.00838045483232 0.000904756353089 0.00974197610989 0.0195412548173 0.000840404625708 0.00441562687293 0.00194961487648 0.0142834692441 0.010088454962 0.0329702861217 0.0107042856758 -0.00434479096364 0.00640247697403 0.0118158994047 0.351097819595 0.0102768778131 0.00484996852795 0.00890065151227 0.00313376307146 0.00627670784404 0.00621719829833 0.00319198295856 0.016653540053 0.00848976321361 -0.0139280046453 0.00522972016728 0.0167566225142 0.0110191448738 -0.00901096458383 0.00584846773317 0.0529679973838 8.96416014474e-05 -0.00676007952424 0.00267338864024 0.00689499104623 0.00445027140282 -0.019201989499 0.0191375732486 0.00694338839868 0.00478252619608 0.0148997102979 0.00108264865011 -0.00700718184671 0.0253834074985 0.00294962191811 0.0305883863037 -0.000978368088613 0.00500548337878 -0.0140997588164 0.000548492191705 -0.000511127905438 0.0119064488496 0.00368662364821 0.0108278187247 
0.029626158231 0.0176893051595 0.0140522388382 0.0303947856552 -0.00852704243451 0.0652005945259 -0.0106729786328 0.0214279168101 0.00837725074145 0.0391296540354 0.0150850169565 0.0242670895333 0.0094091410801 0.0202281124555 0.0152372676669 0.0295952327441 0.0283843531736 -0.0029544774377 0.0132575903551 0.0199003568512 0.0102768778131 0.231759965605 0.0325559657153 0.017345961014 0.0288925679381 0.0361932147667 0.0320582265492 0.00669314658866 0.0386425457679 0.0132906640565 0.0046801493371 0.0303573816548 0.0194556940068 0.0231462204197 -0.0011077086067 0.0281213973986 0.0413959538481 0.0144551561701 0.0137009688852 0.0492978762486 0.0217999852557 0.010559429262 0.0364588944143 0.0207695464659 0.0255779890016 0.0269125901906 0.0259971044442 0.0113767696488 0.0213666118436 0.0490196891624 0.00373570309918 0.0313092856978 0.0148443566623 0.0207188523985 0.0164418826442 -0.00161076089902 0.0218168084523 0.0311545368021 0.0142143564189 0.0341662511862 
0.0147710777423 0.0196562984327 0.0371885260538 0.036608950317 0.00951440309801 0.0132023766295 0.0107392217856 0.017399461512 0.0183188053326 0.034186633844 0.0208974586772 0.0153752532203 -0.00271495024661 0.0076019080649 0.0163095892378 -0.000528155904966 0.0149393653505 -0.00316106366879 0.00488552404671 0.0242480492397 0.00484996852795 0.0325559657153 0.220010388178 0.0196884575051 0.0233591393558 0.0219097211702 0.0873713371507 0.0207008778344 0.0140750496163 0.0195980195222 0.00296687009435 0.01187687355 0.0290082512376 0.0147742294463 0.00875853480441 0.0285958425045 0.0178575660644 0.0258900019508 0.0191025093009 0.00762914046494 0.00998220919864 0.0169883612516 0.0102647909117 0.0417452410178 0.0176589653313 0.0266497547247 0.0112317910978 0.0290020313388 0.0251837423475 0.0272695282741 0.0201183144877 0.0275705872864 0.0169777055056 0.00868280439533 0.026229141235 0.0184121713251 0.0247041581225 0.0326104445485 0.0182089246704 0.0272874151796 
0.00409102057003 0.0147142499876 0.0199903971484 0.0103382420541 0.0125476703238 0.0091491770845 -0.00849583891403 0.00265301886651 0.00453235187188 0.0107985735536 0.0116627803162 0.0104968619423 0.00520294708052 0.0183246825033 -0.00382362775071 0.0206435056298 0.01362670844 0.00834877616375 0.0452417659174 -0.00428868472874 0.00890065151227 0.017345961014 0.0196884575051 0.189963808089 0.013117582177 0.0402261602408 0.011450920167 0.025579349715 0.00579832549601 0.011725156917 0.008777309787 0.00468616703469 0.0133791412114 0.0500705067305 -0.0104914048201 0.0268137407843 0.011361757649 0.00949895720835 0.0279609559159 0.0123582866158 0.0117701225498 0.0170914865451 0.0281665462022 0.0133095696356 0.0431530292748 0.0140792585313 0.00312580644706 0.000552283844408 0.00291512849443 -0.0049984891855 0.0172104240781 0.00520888344057 0.000704159779565 0.00892531028251 0.0262490672628 0.0216202283567 0.00607936356961 0.0123224493689 0.0157580502818 0.0212483794064 
0.0122241737713 0.0165033022192 0.0143272701601 0.0172646734021 -0.00150865731228 0.0220588385495 -0.00998476432494 0.0193620985085 0.0143165779633 0.0132752236481 0.00808868440765 0.00278882755425 0.0135811429333 0.0232411517652 0.00946200608157 0.0114666986948 0.0154049123992 0.00782944875759 0.00480828006339 0.0166181141675 0.00313376307147 0.0288925679381 0.0233591393558 0.013117582177 0.210330007304 0.0122954735501 0.0417040481093 0.00597927009793 0.0113904823699 0.01881781103 -0.0123291241612 0.0175786183901 0.0150272597587 0.00479122518648 0.00970609659351 0.0358485793386 0.0139265425877 0.0235255124623 -0.00153277963908 0.0145534296694 0.0090558901343 0.012661553138 0.0164010455713 0.00164320815636 0.0113428930012 0.00819817706698 0.0100037257778 0.0129942123573 0.0161730106425 0.0171793278029 0.0152332227643 0.0118257954099 -0.0163864328968 0.0126130859267 -0.000263946264432 0.00777916167899 0.0230179722493 0.0161345414627 0.00170523186093 0.0155432944678 
0.0218635530935 0.0405845711977 0.0035817098751 0.0700280234795 0.0343781901936 -0.0136419781149 0.0169431240387 0.00922607629559 0.00337564776773 0.0277053802614 0.0102193859588 0.00461351776788 0.00779542301387 0.00747158791455 0.0147501539878 0.0105365943138 -0.0151814724144 0.00337642927373 0.0308230723736 0.0266254160775 0.00627670784404 0.0361932147667 0.0219097211702 0.0402261602408 0.0122954735501 0.508457731461 0.0561597158487 0.126324174874 0.00844212322566 0.0247665760431 0.0948739563052 0.0270361217956 0.00888951162855 0.0341372908123 0.0618620078449 0.0274704670704 0.0222259035054 0.0142913074162 0.139382311385 0.00416860435898 0.0150603943012 0.0193722202862 0.0120409326685 0.014069957452 0.0289174638242 0.0022528863333 0.00711688977942 0.00828707908649 0.00976422591335 -0.0163514821376 0.0255559028812 0.0237656919927 0.0257455561367 0.0118497091834 0.154006018931 0.128776892736 0.0227221899636 0.0135628308195 0.0171846566436 0.0165518413414 
0.01000022573 0.0620682817486 0.046616353316 0.0552664841341 -0.00564300967662 0.0405772263896 -0.00907502130542 0.00203743183326 0.0180068938323 0.0481829530183 0.0117694908448 0.0296289581176 -0.00142712806113 0.0557671239708 0.0258437763587 0.0139017502954 0.0226168191003 0.00763936108475 0.0229190142513 0.0211137403724 0.00621719829832 0.0320582265492 0.0873713371507 0.011450920167 0.0417040481093 0.0561597158487 0.547404733638 0.0658198829426 0.0348092673969 0.0758428177607 0.0280308337893 0.0488738142107 0.029486071417 0.0107057525983 -0.00371992304013 0.0412912260071 0.0255000623307 0.058114041213 0.0587972340402 0.0153006712991 0.0183082028616 0.0238070838619 0.0379210516683 0.0256142032201 0.00824101492041 0.0226899731759 0.0378803114115 0.0376004084203 0.0102852875457 0.069599108194 0.0297998884155 0.026467223678 0.0251724448358 0.0121808531619 0.0770100244165 0.0428512507996 0.037118764437 0.100600554799 0.0450295885778 0.0459647591701 
0.00458970908245 0.0159484935188 0.0488737608111 0.059266752269 -0.00371592447174 0.000639882381565 6.27635184302e-05 0.0170760815437 0.0266351251881 0.023894292632 0.00587829197154 0.0122398400849 0.00140051777754 0.00682253597974 0.00944525961826 0.00493785469559 -0.0034687041706 0.0215409528763 0.0312396981856 0.0667702041316 0.00319198295856 0.00669314658866 0.0207008778344 0.025579349715 0.00597927009793 0.126324174874 0.0658198829426 0.392093389331 0.014368833771 0.0335809829282 0.135852998115 0.0299851279012 0.0285754385412 0.0227653302531 -0.0312694929981 0.0140783104645 0.0224218381425 0.0092206568623 0.134755801357 0.00921610852566 0.00464425507852 0.0132639202173 0.0112399201585 0.0258966957581 0.0224844361667 0.0029517896808 0.0528213377712 0.0100298093318 0.0134564011064 0.0146557294292 0.0314955328487 0.0190421352414 0.0220371283975 0.0209689623064 0.144993975831 0.139440774043 0.0207829753002 0.0272686380582 0.00362844270086 0.0212564268066 
0.0107142966639 0.0313223225201 0.03508084375 0.0516264298788 -0.0210977767031 0.0243020414211 -0.00048740237137 6.92858711064e-05 0.0071325893087 0.0229643369694 0.0165281936148 0.00472542990318 -0.00639185235032 0.0220991282664 0.0321013682927 -0.00324900676816 0.0315737257663 0.0510052765061 0.00727151616537 0.0555953648226 0.016653540053 0.0386425457679 0.0140750496163 0.00579832549601 0.0113904823699 0.00844212322566 0.0348092673969 0.014368833771 0.432699147207 0.0083100406617 0.00621832645843 0.0104577274249 0.00211569352851 0.00352157995213 0.00701119637472 0.0256244099658 0.0367897181963 0.0213423314428 0.0104267600043 -0.00018862562255 0.0219263815808 -0.000626569025381 0.0136880366256 0.0250384925355 0.0118304648635 0.0234914280076 0.00744653798616 0.0156120105516 0.0585347340858 0.0493941337871 0.0399935169313 0.0268632510599 -0.0040579035406 0.019990252422 0.017481643486 0.0177169686721 0.0102640064594 0.062571467048 0.0357512268763 0.0152725166986 
0.0177800726266 0.0438417397027 0.0866459032432 0.0506996483802 0.0517037953094 0.0451766044129 -0.0181369403884 0.0191796790449 0.0153449476489 0.0445882508796 0.0198469825556 0.0197907859127 -0.00697789090849 0.0227226823839 0.0420438574975 0.0399656582253 0.0170634732517 0.0481588872428 0.00253590301981 0.145840682412 0.00848976321361 0.0132906640565 0.0195980195222 0.011725156917 0.01881781103 0.0247665760431 0.0758428177607 0.0335809829282 0.0083100406617 0.938365451522 0.00397092703506 0.128933360209 0.0647036169938 -0.00896208887321 -0.0156111666183 0.0134685825426 0.101171762725 0.0457141907794 0.0439424829067 0.0290112228356 0.00392123760734 0.0261456365897 0.00250254253977 0.0291839298381 -0.00421523780176 -0.00117398888489 0.0509044866273 0.0213909330719 0.0535142268272 0.0534318442419 0.0774319198146 -0.00550497371532 0.0233172331837 0.0268787698353 0.00571382881795 0.0271040797908 0.0312485967857 0.0557431641061 0.0184542245319 0.0275644490262 
-0.00689063433199 0.0318283010765 0.0232094891425 0.0635091758636 0.0425510890301 -0.00432488780683 0.0116207007331 0.00579300596091 -0.00480806770762 0.0211774889043 0.0019316244405 0.00423996499955 0.000401687479328 0.0430739586349 -0.00634239091741 0.00871668727862 0.00998348456196 0.0215927031042 0.024435783324 0.0260809974542 -0.0139280046453 0.0046801493371 0.00296687009435 0.00877730978701 -0.0123291241612 0.0948739563052 0.0280308337893 0.135852998115 0.00621832645843 0.00397092703506 0.374865222266 0.0245849791733 0.0143827133516 0.0111589620887 0.0619680664649 0.0252672237961 0.0270230810457 0.0062601000606 0.173931390637 -0.0111731784363 -0.003071447389 -0.011351485343 0.0134306063447 0.0211339535578 0.00382163780932 0.00633117561643 0.0433857197345 0.00476157969319 0.0344316844594 0.0200706685487 -0.00376987772342 0.00618185953875 0.00561747427495 0.000974442735106 0.150500963783 0.119346568428 0.00905795505801 0.0151133295068 0.0164701683546 0.00610075487624 
0.0171050013906 0.0271859327166 0.0212289483134 0.0474713953194 0.01240610704 0.03352487226 -0.00387725826025 0.0100158652551 0.0218339479817 0.02255178048 0.00520245749929 -0.0230020909086 0.0085428463197 0.0369750499984 -0.00808452038093 0.0173915588842 0.00721219982969 0.0350055025568 0.00858474151068 0.0508864116652 0.00522972016728 0.0303573816548 0.01187687355 0.00468616703469 0.0175786183901 0.0270361217956 0.0488738142107 0.0299851279012 0.0104577274249 0.128933360209 0.0245849791733 0.588902310139 -0.0161319086669 0.00673827252812 0.00144593419621 0.0192995732426 0.0667997624192 0.00620665552154 0.0313756851956 0.0219679690902 0.0046407629969 0.0174031931925 0.0924573046478 0.0204467626951 -0.000743570331928 0.00980646131866 0.0395890979103 0.0343746558311 0.00537721978994 0.0239594830896 0.0430752261491 0.0132620955195 -0.00375836150317 0.0194797645284 0.0171003284475 0.0397393763841 0.041841943096 0.0336941710356 0.0583967923096 0.02118825416 
0.0264156789586 0.0107814417065 0.0102584413033 -0.00271642182636 0.0118105366397 0.0269585704012 -0.0060223286089 0.0101975019711 0.013025404623 0.0130015194944 0.0169332729188 0.0682956900876 0.00920683179733 0.032542354978 -0.00192852727861 0.0364839326493 0.00768413084837 0.0354388328482 0.0058911744846 0.0145660471053 0.0167566225142 0.0194556940068 0.0290082512376 0.0133791412114 0.0150272597587 0.00888951162855 0.029486071417 0.0285754385412 0.00211569352851 0.0647036169938 0.0143827133516 -0.0161319086669 0.563845331115 0.0176997021026 -0.0203010565887 0.00875484441189 0.00260965539441 0.0110421910121 0.0204770517193 0.0311688272741 0.022823724971 0.0103386932102 0.00782854199301 0.0107763386879 0.0120401491036 0.015699169351 0.0149175669578 0.0381401802933 0.0347542571566 0.0465812878795 0.042501120789 0.0214998474569 0.0114741791094 0.0118542408867 0.00393864444391 0.00112284759891 0.0262840186744 0.0202296976965 0.010886497483 0.00878348919936 
0.0052457476489 0.0136514789505 0.00262160314802 0.0208192318625 0.0116311114959 0.0292894785255 -0.00386951276543 0.0136267854766 0.00801367773624 0.00927359201315 0.0126908576571 -0.00254703380528 0.0149962600699 0.00496068995761 0.010235326874 0.0199898286784 0.0172158257989 -0.00121194100704 0.0370990453464 0.00765108347818 0.0110191448738 0.0231462204197 0.0147742294463 0.0500705067305 0.00479122518648 0.0341372908123 0.0107057525983 0.0227653302531 0.00352157995213 -0.00896208887321 0.0111589620887 0.00673827252812 0.0176997021026 0.209526066946 -0.00247669270005 0.01751503274 0.0106542565346 0.0120340533984 0.0350009213734 0.00161569070005 0.0219966808939 0.00584793687841 0.0316953098507 0.00963107491503 0.140224526856 0.0097605867445 0.0195087284514 0.00294846758445 0.00691539500783 0.0121176854306 0.00240729266741 0.0037562410339 0.00472042433314 0.00594931834694 0.0265798694844 0.0295604111009 -0.000914435072148 0.0140914135552 0.0117046283618 0.0250511454053 
-0.00841785550377 -0.00055922948832 -0.0186172223641 -0.0120899610655 0.733246698064 -0.00975616947691 7.50019892588e-05 -0.00211660687855 -0.00808419136719 0.000930540661608 -0.00818197590718 -0.00525773675247 -0.000245845615336 0.0118880997985 -0.0138104669845 -0.0107378344408 -0.00138609754765 0.0032424881919 0.0237133437413 -0.00223141181865 -0.00901096458383 -0.0011077086067 0.00875853480441 -0.0104914048201 0.00970609659351 0.0618620078449 -0.00371992304013 -0.0312694929981 0.00701119637472 -0.0156111666183 0.0619680664649 0.00144593419621 -0.0203010565887 -0.00247669270005 1.74304464056 -0.00378556429417 0.0296345135453 -0.00536642888253 0.0453988769972 -0.0304006074644 -0.00954256067142 0.00928862431671 -0.00202844806589 -0.00244029780712 0.00444437628934 0.00694366860137 -0.0160906265681 -0.00511955858511 0.0185776355309 0.0503508666329 -0.0131604387904 0.00513133341908 -0.0158305777196 0.0174234717164 0.0263783712655 0.0206511581341 0.010618186063 -0.0111732313727 0.0237491906339 0.00704993859004 
0.0189533326655 0.0261301749193 0.0293057923083 0.0213411691766 0.00862866574646 0.0261906319507 -0.00925119570395 0.00943755360855 0.0101195495421 0.0259474734687 0.0210427043746 0.01929701016 0.0161532311313 0.0434486515429 0.00773179904103 0.0368706990116 0.0249239047269 0.0158907156961 0.0286657587146 0.0185047400799 0.00584846773317 0.0281213973986 0.0285958425045 0.0268137407843 0.0358485793386 0.0274704670704 0.0412912260071 0.0140783104645 0.0256244099658 0.0134685825426 0.0252672237961 0.0192995732426 0.00875484441189 0.01751503274 -0.00378556429417 0.19398034315 0.0304053349526 0.027612916406 0.0281879514681 0.023654991885 0.0104715392153 0.0183451908812 0.0128504686339 0.0132688963481 0.0222210299355 0.0360616418136 0.0265559443683 0.0146056054257 0.0393255319033 0.0228509282136 0.026799305538 0.0174032174875 -0.00202209124447 0.0187621349117 0.0157567195752 0.0219735847189 0.021065387026 0.00779875087893 0.00964889413617 0.0199681675643 
0.0195057610611 0.0306285540003 0.0151588154811 0.0346643249246 0.0414573554355 0.0113445325061 0.0383528065857 0.0145315861115 0.0146585988299 0.0364583941028 0.0180514604953 0.0201713429693 0.0106607655098 0.0178282903473 0.0211291585401 0.0467210955205 0.00137549419044 0.0337219216228 0.0213365678462 0.0776819954841 0.0529679973838 0.0413959538481 0.0178575660644 0.011361757649 0.0139265425877 0.0222259035054 0.0255000623307 0.0224218381425 0.0367897181963 0.101171762725 0.0270230810457 0.0667997624192 0.00260965539441 0.0106542565346 0.0296345135453 0.0304053349526 0.456329383097 0.0234982921233 0.0472036822546 0.0656550484685 0.0165965149355 0.0540586937137 0.0358264677083 0.0519749880079 0.00823878516849 0.0201447005561 0.0346277153664 0.0232368828759 0.0349730871666 0.0454772746512 0.0503332998277 0.0198668338572 0.00857788141047 0.013999202508 0.0125272429812 0.0162400850645 0.0252550673913 0.0614624829265 0.0063164662338 0.0179489514354 
0.00751324223548 0.0122820741387 0.0034660826493 0.0414777561421 0.0104008171417 0.0180619388931 -0.00751563666696 0.00943515668518 0.00294271672082 0.0290635956394 0.019553746614 0.0186307729048 0.022082433169 0.0147944725957 0.0136277550451 0.029788185789 0.023919939288 -0.00947875945322 0.0160396733794 0.000542585275758 8.96416014477e-05 0.0144551561701 0.0258900019508 0.00949895720835 0.0235255124623 0.0142913074162 0.058114041213 0.0092206568623 0.0213423314428 0.0457141907794 0.0062601000606 0.00620665552154 0.0110421910121 0.0120340533984 -0.00536642888253 0.027612916406 0.0234982921233 0.19214571953 0.0153702289561 0.017224757621 0.0173203499805 0.011060723202 0.000320906643609 0.0191985668445 0.00663473987556 0.0162488337981 0.0256217612283 0.0116576726163 0.0113574904031 0.00674743047724 0.0274800278718 0.0185106422212 0.00934368099938 0.0124378679665 0.00444997674719 0.00120043579741 0.0165087090964 0.0105164248807 -0.00249019722154 0.0146567518041 
0.00040029136782 0.0398578141398 0.0568421057953 0.0756333956324 0.0570016248536 0.00128625707705 -0.0030835682541 0.00666743696499 -0.00105145549723 0.0310768226465 0.0161053582781 -0.00612862163361 -0.0114864490422 0.0152523050657 0.0167033172719 -0.000613093984271 0.0112555364253 0.0201714978352 0.0226201397444 0.071646786719 -0.00676007952424 0.0137009688852 0.0191025093009 0.0279609559159 -0.00153277963908 0.139382311385 0.0587972340402 0.134755801357 0.0104267600043 0.0439424829067 0.173931390637 0.0313756851956 0.0204770517193 0.0350009213734 0.0453988769972 0.0281879514681 0.0472036822546 0.0153702289561 0.400793266614 0.0117103858204 0.0102872316635 -0.00822670745192 0.0191290058155 0.0141207011504 0.0343356519924 0.00617772580378 0.0500046344337 0.00201734661354 0.00820219748071 0.0238218985151 0.0275076016518 0.0288107381457 0.0219480804499 0.00263256059814 0.191768734893 0.170445986908 0.0141922930102 0.0487831134505 0.0240877827853 0.0164882224651 
