40
0.0267965440056 0.0782010317916 0.0631385093148 0.0447966226616 0.0592302274211 0.0373994541978 0.0672535079153 0.116671338284 0.0363496030559 0.041097516798 0.074230100705 0.169485482474 0.0348828940045 0.0357981155146 0.0268988212896 0.0448147494519 0.0486959213786 0.133882810383 0.0184249616408 0.0604038345904 0.542098982398 0.0884893451388 0.0466468708745 0.0610020106181 0.128222495688 0.0733521468466 0.0426672552596 0.0276848810082 0.066200000993 0.0896788789081 0.0387981152642 0.0192488530763 0.023015295127 0.0314738433907 0.0263662592882 0.0244433913508 0.149246593495 0.0247746242904 0.143584613331 0.0933125666969 
0.16455581165 0.00673215244883 0.0105785932645 0.0170923301289 0.0223728110427 0.0150664474914 0.0300180611422 0.0135869278483 0.0155169644953 0.0274355004157 0.03196944128 0.00601405234271 0.00789134870161 0.0171285218792 0.0119322226578 0.0213391582703 0.0448771951473 0.0189964691396 0.0499698162092 0.00811281414905 0.0341956059157 0.0122165560131 0.0078406752061 0.00245324043154 0.0153519633877 0.0235315562748 0.0130789538975 0.0289677162629 0.028632180001 0.0170591302936 0.0130942499296 0.0139338465731 0.027779251432 0.0173501289344 0.0277732208825 0.00760000944082 -0.00880268983223 0.0158739628288 0.00207535149737 0.0133162521395 
0.00673215244885 0.385793606218 0.0560802129941 0.0346500192466 0.0255263508742 -0.00231294668174 0.0267834204015 0.00456816908103 0.0180965067096 0.0188470040962 0.0471693871469 0.0245053312845 0.00981686090803 0.014953284608 0.0155443211186 0.0195076432033 0.0245612475306 0.0136519259157 0.02334855119 0.0232550115155 0.0317101640284 0.03410284593 0.0121591991176 0.0331664692738 0.048638942407 -0.000404835060124 0.0135351131877 0.0217949554334 0.00321154151234 0.0355286643996 0.0198703502514 -0.00918940218427 0.00698938479914 -0.00183420457058 0.00242367370989 0.0246568886867 0.0385004294607 0.0287691927436 0.0231326076933 0.0107231858721 
0.0105785932645 0.0560802129941 0.366020698412 0.010364897894 0.0245405317664 0.0113564442079 0.0233956665751 -0.00525209530183 0.0184109917111 0.011161387323 0.0318697750599 0.0278008601401 0.0238705583375 0.0229286301991 0.0222079875168 0.00509488832617 0.00988617614614 0.0633335818596 0.00900672617341 0.025510381523 -0.00833479764876 0.0270151681141 0.0165054318187 0.0194794182405 0.0468869460556 0.00303470741451 0.0207246100684 0.0201907946739 0.00661176990652 0.0421332154767 0.0429078083062 0.00043920202452 0.00506714030067 0.00457593729687 0.0351347821374 0.00753705817913 0.0258207655371 0.014579785791 0.0160506577979 0.00828096612004 
0.0170923301289 0.0346500192466 0.010364897894 0.271605765821 0.00428591739078 0.0286956974358 0.0418321694701 0.0279875960957 0.0211468994232 0.0198316431048 0.0624401251139 0.0177732499643 0.00816197699901 0.0301495708451 0.0226256605886 0.0071881616991 0.0234701664694 0.0144721768499 0.0213892131724 0.0456490378326 0.00837588698156 0.0369712722493 -0.00121629470306 0.035038021622 0.0311759101731 0.0293248028463 0.024950452251 0.0205844504152 0.0243364178144 0.0321747848518 0.0301720150087 0.028706035188 0.00960205471862 0.0228543741883 0.0376838244118 0.0103474594137 0.00634571050161 0.0209173480301 -0.0121439247342 0.0021813301535 
0.0223728110427 0.0255263508742 0.0245405317664 0.00428591739079 0.340713307057 0.0404451765755 0.0129478998484 0.0155599546247 0.0071870522768 0.0194501412364 0.0443857591154 -0.0175008020309 0.00208731281612 0.0174089725694 0.0100891569747 -0.00625721115931 0.00575614233342 0.0153106346287 0.0226086446436 0.0232300588286 0.0277126917842 0.0135104253773 0.0243034455314 0.00590450645203 0.00441587697825 0.018563154954 0.0165421418038 0.0225926515035 0.0215795520646 0.023714516104 0.0116385921184 0.0115456638464 0.022805096768 -0.00343018082518 0.0380861387039 0.00802429564834 0.00402750468462 0.0066072462427 0.00867042978655 0.0144065925145 
0.0150664474914 -0.00231294668173 0.0113564442079 0.0286956974358 0.0404451765755 0.307837078622 0.0651886828238 0.0209383539572 0.0146297298359 0.0207336961529 0.047195475234 0.00552729029899 0.00910347402667 0.0366485150187 0.0185874813407 0.0176596190909 0.0243863478424 0.0205824529126 0.0190865623489 0.0105751119121 0.00388632042877 0.00857922942935 0.0278258382034 0.0264992934624 0.032265690415 0.0259018189662 0.0157271774504 0.0209326381522 0.0208007401041 -0.0036908330212 0.0190501977896 0.0234767716256 0.0202033359977 0.0153822441169 0.0389381583131 0.0195039380609 0.0211777202068 0.0194933480563 0.0184029836742 0.00634784645533 
0.0300180611422 0.0267834204015 0.0233956665751 0.0418321694701 0.0129478998484 0.0651886828238 0.338625513472 0.0200663119171 0.0242679594975 0.00936083850461 0.0788450286488 0.00780664152055 0.0167132030949 0.0316355195565 0.0215421095932 0.00486479315417 0.0239254941143 0.0125387230634 0.0238263416659 0.0352932075432 -0.00514524096419 0.00213820212331 0.0299462009195 0.0156711226914 0.0351887324083 0.0166659228551 0.0207635249155 0.0280127917152 0.0377373858551 0.0380777690797 0.0186181943231 0.00196379886738 0.0171206879232 0.0132802710074 0.0384928090523 0.0084096136245 0.0094569683065 0.0193194638427 0.00413790444251 -0.00251245780559 
0.0135869278483 0.00456816908103 -0.00525209530183 0.0279875960956 0.0155599546247 0.0209383539572 0.0200663119171 1.06863147326 0.00286119763757 0.0161517564821 0.0472783464204 0.00912159339254 0.0121994444343 0.0110143081468 0.005831120338 0.00945316202487 0.0244580075485 0.00676294622989 0.0308238892279 0.0247754006046 -0.019208517806 0.0330520200681 0.0454748316512 7.69808440305e-05 0.0440117242964 0.00733259401064 0.0133989029228 0.0481494015243 0.0128649525132 0.0595561009973 0.025654842734 0.0172594680417 0.00794258850871 -0.0127977434852 0.015244415035 0.00652592394572 0.0189605943428 0.025192139112 0.0822304745059 0.00202584229405 
0.0155169644953 0.0180965067096 0.0184109917111 0.0211468994232 0.0071870522768 0.0146297298359 0.0242679594975 0.00286119763757 0.31334549429 0.0189285238223 0.0230253858499 0.00107421437752 0.00640076049759 0.0172407829076 0.00555447489945 0.0354903418649 0.0312736548879 0.0152733616233 0.0204779269382 0.00521179030436 -0.00133147722448 0.0306067861784 0.0102619327949 0.00902098769315 0.031206023023 0.0192266270005 0.0200415386165 0.0104882212624 0.0156454878595 0.00438778563888 0.0146218839684 0.00993015046652 0.0139266797109 0.0233077915125 0.0163023061874 0.0161684674321 0.0150185523044 0.0216019180675 0.00381823217774 -0.00917970410221 
0.0274355004157 0.0188470040962 0.011161387323 0.0198316431048 0.0194501412364 0.0207336961529 0.00936083850462 0.0161517564821 0.0189285238223 0.246429252866 0.0239273243843 0.0219403734623 0.0104489966281 0.0347439179347 0.0189165765952 0.0130706638798 0.0320948875738 0.02958063958 0.0304526366252 0.0251472177983 0.0553913845573 0.036312142904 0.00660814755394 0.0100065274042 0.00293166945414 0.00860024446756 0.0202548186383 0.00780036449279 -0.00659824012594 0.00892195253253 0.0078988472498 0.00808047815445 0.0223298340415 0.0171630941059 0.0229432746654 0.019675833649 0.0382439214356 0.00990005452389 0.0178869050173 0.0285520312165 
0.03196944128 0.047169387147 0.0318697750599 0.0624401251139 0.0443857591154 0.047195475234 0.0788450286488 0.0472783464205 0.0230253858499 0.0239273243843 0.48498196272 0.00698230378296 0.0265388253063 0.0342285909478 0.0251385683601 0.0136469738364 0.0504309862387 0.0448198707641 0.0437250360203 0.041189466655 0.066679190119 0.0242464886646 0.0460185963852 0.0144500643885 0.0642281306073 0.0270562942965 0.0493986567987 0.0477921231919 0.0304697157532 0.0624415270917 0.0336755930275 0.000640389298481 0.0272099789191 0.01919728369 0.0909908787644 0.0192203849556 0.0842842469533 0.0152634391461 0.0844641481402 0.0166971555468 
0.00601405234271 0.0245053312845 0.0278008601401 0.0177732499643 -0.0175008020309 0.00552729029898 0.00780664152054 0.00912159339252 0.00107421437752 0.0219403734623 0.00698230378294 0.672304345346 0.00613379431362 0.0101773220503 -0.00398991127105 0.036639050992 0.0214916113195 0.0434618035876 0.00533261459464 0.0433222187423 -0.0263536045954 0.0493870339926 0.0231290102801 0.038070906668 0.00881504845165 0.0119310356186 0.00425944501066 -0.000444479426888 0.0430677028406 0.00995831158506 0.0188878885232 0.00262122436965 0.0092179720767 -0.00146909941672 0.025456349979 0.0165148828524 0.0423322301996 0.0182039950193 0.046649538268 -0.0172455412339 
0.00789134870162 0.00981686090803 0.0238705583375 0.008161976999 0.00208731281613 0.00910347402667 0.0167132030949 0.0121994444343 0.00640076049759 0.010448996628 0.0265388253063 0.00613379431362 0.233339710947 0.015476345914 0.0116560356934 0.0227551488576 0.0186104438006 0.0448013162173 0.0115904567038 0.0474135030481 0.0258657161439 0.0285735713312 -1.88240142688e-05 0.0210776517041 0.0195875128758 -0.0173120289531 0.00547760778679 0.0121773658247 0.00461923910373 0.0330875849455 0.0257289436026 0.0178614040915 0.0157678861776 0.006152198624 0.014540487527 0.0184672677171 0.0323558734876 0.0212549129926 0.0213799764485 0.00925848339709 
0.0171285218792 0.014953284608 0.0229286301991 0.0301495708451 0.0174089725694 0.0366485150187 0.0316355195566 0.0110143081468 0.0172407829076 0.0347439179347 0.0342285909478 0.0101773220503 0.015476345914 0.250131271037 0.00772906817918 0.014703415614 0.0230597745176 0.008044293687 0.0211723869271 0.0149907346808 0.0387149762553 -0.000502930933665 0.0140201648113 0.0157799200085 0.0228646192668 0.0307247726619 0.0214477747434 0.0198276947617 0.0216518520044 -0.00202950443529 0.00983051730236 0.0223439261148 0.0140995717363 0.00385143126583 0.0242436707978 0.0179540650723 0.0103918065084 0.00342331720742 0.000988770570985 -0.00412383170642 
0.0119322226578 0.0155443211186 0.0222079875168 0.0226256605886 0.0100891569747 0.0185874813407 0.0215421095931 0.005831120338 0.00555447489944 0.0189165765952 0.0251385683601 -0.00398991127105 0.0116560356934 0.00772906817919 0.219593812421 0.00653620724438 0.00586763996832 0.00854054485564 0.0174226062199 0.0130709859654 0.0118868288245 0.013411828324 0.0103152482711 0.00790002625404 0.0113164148139 -0.021633249089 -0.0041159630944 0.012886275339 -0.00382435082343 0.0161971658295 0.0346217489067 0.00720448426358 0.00805406694142 0.0111045382831 0.0139236646993 -0.00285720957171 0.0012241263164 0.0233139158191 -0.016446005004 0.0207259049394 
0.0213391582703 0.0195076432033 0.00509488832617 0.0071881616991 -0.00625721115932 0.0176596190909 0.00486479315417 0.00945316202487 0.0354903418649 0.0130706638798 0.0136469738364 0.036639050992 0.0227551488576 0.014703415614 0.00653620724438 0.467740851245 0.0134214265115 -0.0178190773595 0.0191167699829 0.00584680949474 -0.0023520925054 0.0119801980368 -0.00143483090985 0.00404181527923 0.05140403255 0.0141868673152 -0.00434733006635 0.00212643519638 0.0117230138266 0.0212853394303 0.0151949898185 0.00536512254464 -0.0012604486465 0.0397215835202 0.00236216687377 0.0077366121945 0.00510783385351 0.0193765244784 0.0126952231803 -0.0091958588676 
0.0448771951474 0.0245612475306 0.00988617614613 0.0234701664694 0.00575614233343 0.0243863478424 0.0239254941143 0.0244580075486 0.0312736548879 0.0320948875738 0.0504309862387 0.0214916113195 0.0186104438006 0.0230597745176 0.00586763996834 0.0134214265115 0.200617265867 0.0234310582088 0.0471916027888 0.0286693247823 0.0140206128911 0.00501475118685 0.0139640847073 0.0230983582515 0.0342241395463 0.0396460341316 0.0189299505887 0.0417518811416 0.0177500353214 0.0322090093133 0.0235541892276 0.0159345805777 0.0502089039054 0.0262034415791 0.0200546445999 0.0220917770687 0.00621021924143 0.0205251567481 0.0196082562299 0.0169906028715 
0.0189964691396 0.0136519259157 0.0633335818596 0.0144721768499 0.0153106346287 0.0205824529126 0.0125387230634 0.00676294622987 0.0152733616233 0.02958063958 0.0448198707642 0.0434618035876 0.0448013162173 0.008044293687 0.00854054485564 -0.0178190773595 0.0234310582088 0.446704441398 0.0100217565753 0.0293059334601 0.132993440629 0.0141788844852 0.0294720963666 0.0168899590524 0.0341524179478 0.010769620393 0.0104964610374 0.00941259257282 0.0224871360051 0.0207451539194 0.0254179160647 0.00661115459376 0.00168043157605 0.0100020378299 0.0233353162631 -0.000534769731857 0.126301082752 0.0111672617265 0.160724194928 0.0123519940303 
0.0499698162092 0.02334855119 0.00900672617341 0.0213892131724 0.0226086446436 0.0190865623489 0.0238263416659 0.0308238892279 0.0204779269382 0.0304526366252 0.0437250360203 0.00533261459464 0.0115904567038 0.0211723869271 0.0174226062199 0.0191167699829 0.0471916027887 0.0100217565753 0.1564877615 0.0152718271665 0.027857852707 0.00822712423855 0.0190352132191 0.00878553132421 0.0283881923105 0.0167219467023 0.0284142661821 0.0235380611512 0.0374882078054 0.0242672216062 0.0259442241988 0.00622458761794 0.0334493800092 0.0190025141552 0.0187383341137 0.0181066678937 0.0118075422066 0.025384205329 0.0130278803484 0.0124034612255 
0.00811281414905 0.0232550115155 0.025510381523 0.0456490378326 0.0232300588286 0.0105751119121 0.0352932075432 0.0247754006046 0.00521179030436 0.0251472177983 0.041189466655 0.0433222187424 0.0474135030481 0.0149907346808 0.0130709859654 0.00584680949474 0.0286693247823 0.0293059334601 0.0152718271665 0.285211518748 0.010343397123 0.0212491871616 0.00992548257846 5.56111186326e-05 0.0375755848183 -0.000156380487752 0.0172832668975 0.0176024647606 0.00487525456322 0.0236212982091 0.0302725482195 -0.00135520991822 0.0187578746112 -0.000410020562512 0.0328181526074 0.00319624569908 0.0319828968266 0.0122904203321 0.0258668708987 0.00570937852211 
0.0341956059157 0.0317101640285 -0.00833479764876 0.00837588698156 0.0277126917842 0.00388632042877 -0.00514524096419 -0.019208517806 -0.00133147722448 0.0553913845573 0.066679190119 -0.0263536045954 0.0258657161439 0.0387149762553 0.0118868288245 -0.0023520925054 0.0140206128911 0.132993440629 0.027857852707 0.010343397123 8.18803561396 0.0367164221475 0.0224440376717 -0.00177534484343 0.0476399486802 -0.0198651410723 0.0488226151594 0.00677479986447 -0.0139413842153 0.0285333822694 0.0058402552288 0.0156895873009 0.0217573993928 0.00332844534077 0.0562803504235 0.0230683992129 0.18517830813 0.0106367241926 0.213132052283 0.0375440712743 
0.0122165560131 0.03410284593 0.0270151681141 0.0369712722493 0.0135104253773 0.00857922942935 0.00213820212331 0.0330520200681 0.0306067861784 0.036312142904 0.0242464886646 0.0493870339926 0.0285735713312 -0.00050293093367 0.013411828324 0.0119801980368 0.00501475118685 0.0141788844852 0.00822712423856 0.0212491871616 0.0367164221475 0.474954697872 -0.00684192159633 0.0528760843773 0.0462633150895 0.0385214761488 0.0213640513973 0.0169346569753 0.017075913108 0.0728862143881 -0.00459925659534 0.0125770324631 0.00106552000199 0.00760522346586 -0.00502210017257 0.0144459354266 -0.000112750728328 0.0427571296727 0.0206470928499 -0.00128878384211 
0.0078406752061 0.0121591991176 0.0165054318187 -0.00121629470306 0.0243034455314 0.0278258382034 0.0299462009195 0.0454748316512 0.0102619327949 0.00660814755394 0.0460185963852 0.0231290102801 -1.88240142642e-05 0.0140201648113 0.0103152482711 -0.00143483090984 0.0139640847073 0.0294720963666 0.0190352132191 0.00992548257846 0.0224440376717 -0.00684192159633 0.36421263621 0.000685174112894 0.020816091079 0.0119243081569 0.010483258273 0.0213092416318 0.000887124051875 0.0175667218106 0.0162897113771 0.0165980789514 0.00975916236034 0.00556664359225 0.00413214572991 0.00287201044403 0.0617604737382 0.00882329219612 0.0270514417834 0.0064311047719 
0.00245324043154 0.0331664692738 0.0194794182405 0.035038021622 0.00590450645203 0.0264992934624 0.0156711226914 7.69808440315e-05 0.00902098769314 0.0100065274042 0.0144500643885 0.038070906668 0.0210776517041 0.0157799200085 0.00790002625403 0.00404181527922 0.0230983582515 0.0168899590524 0.00878553132421 5.56111186287e-05 -0.00177534484343 0.0528760843773 0.00068517411289 0.41377476914 0.018899947583 -0.00193795679768 0.0190640204024 0.0270798135748 -0.00501402527834 0.0660171578524 0.0255178544017 0.00148176050836 0.0182405755198 0.0522554991687 0.00425996814888 0.0112852596753 0.0152350613484 0.0195884559171 0.0445132598064 0.0100994874202 
0.0153519633877 0.048638942407 0.0468869460556 0.0311759101731 0.00441587697826 0.032265690415 0.0351887324083 0.0440117242964 0.031206023023 0.00293166945414 0.0642281306073 0.00881504845163 0.0195875128758 0.0228646192668 0.0113164148139 0.05140403255 0.0342241395463 0.0341524179478 0.0283881923105 0.0375755848183 0.0476399486802 0.0462633150895 0.020816091079 0.018899947583 0.525321724291 0.0307771611879 0.0239085063264 0.00550807935698 0.0722458907383 0.050614094947 0.0381818887709 0.00690682774979 0.0169499648676 0.0275031795502 0.034021359157 0.00780464679483 0.0388535089767 0.038689396401 0.0465067150536 0.00930415970403 
0.0235315562748 -0.000404835060126 0.00303470741451 0.0293248028463 0.018563154954 0.0259018189662 0.0166659228551 0.00733259401064 0.0192266270005 0.00860024446757 0.0270562942965 0.0119310356186 -0.0173120289531 0.0307247726619 -0.021633249089 0.0141868673152 0.0396460341316 0.010769620393 0.0167219467023 -0.000156380487751 -0.0198651410723 0.0385214761488 0.0119243081569 -0.00193795679769 0.0307771611879 0.431047366723 0.0210759197923 0.0287772263304 0.0900734450884 0.00618832781811 0.00671915122282 0.015236155302 0.0416149116597 -0.00235141869948 0.0145940992418 0.00301746006322 0.0295308804914 0.00354119339222 0.0344426023751 0.00457931215596 
0.0130789538975 0.0135351131877 0.0207246100684 0.024950452251 0.0165421418038 0.0157271774504 0.0207635249155 0.0133989029228 0.0200415386165 0.0202548186383 0.0493986567987 0.00425944501065 0.00547760778677 0.0214477747434 -0.00411596309441 -0.00434733006635 0.0189299505887 0.0104964610374 0.0284142661822 0.0172832668975 0.0488226151594 0.0213640513973 0.010483258273 0.0190640204024 0.0239085063264 0.0210759197923 0.204316215721 0.0363660227592 0.0309582363819 0.0282317275289 0.0302824670147 0.0153770968013 0.0128670782196 0.0111574795318 0.0257113235559 0.00600207634868 0.017631720146 0.0137098270037 0.0172983866816 0.00790351431932 
0.0289677162629 0.0217949554334 0.0201907946739 0.0205844504152 0.0225926515035 0.0209326381522 0.0280127917152 0.0481494015244 0.0104882212624 0.00780036449278 0.0477921231919 -0.000444479426881 0.0121773658247 0.0198276947616 0.0128862753391 0.00212643519638 0.0417518811416 0.00941259257282 0.0235380611512 0.0176024647606 0.00677479986447 0.0169346569753 0.0213092416318 0.0270798135748 0.00550807935698 0.0287772263304 0.0363660227592 0.247533624431 0.0134000109232 0.0159448000381 0.026118182374 0.00664463384917 0.0284577034149 0.0243250117939 0.0271629531477 0.0140653170402 -0.00464155446691 0.0220388796437 0.00830813706858 0.00848254882772 
0.028632180001 0.00321154151234 0.00661176990651 0.0243364178144 0.0215795520646 0.0208007401041 0.0377373858551 0.0128649525132 0.0156454878595 -0.00659824012595 0.0304697157532 0.0430677028405 0.00461923910373 0.0216518520044 -0.00382435082343 0.0117230138266 0.0177500353214 0.0224871360051 0.0374882078054 0.00487525456321 -0.0139413842153 0.017075913108 0.000887124051874 -0.00501402527834 0.0722458907383 0.0900734450884 0.0309582363819 0.0134000109232 0.640832810471 0.00322802789467 0.0160525281547 0.0201311136768 0.0141371068075 0.0125740560208 0.0299837189177 0.00410546139164 0.0178970272045 0.0425944726893 0.0364257564805 -0.0205442069361 
0.0170591302936 0.0355286643996 0.0421332154767 0.0321747848518 0.023714516104 -0.0036908330212 0.0380777690797 0.0595561009973 0.00438778563887 0.00892195253253 0.0624415270917 0.00995831158502 0.0330875849455 -0.00202950443529 0.0161971658295 0.0212853394303 0.0322090093133 0.0207451539194 0.0242672216062 0.0236212982091 0.0285333822694 0.0728862143881 0.0175667218106 0.0660171578524 0.050614094947 0.00618832781811 0.0282317275289 0.0159448000381 0.00322802789467 0.547262340803 0.0378767598851 0.0158171859273 0.0117727913759 0.0307441801352 0.0268330279426 0.0145639442736 -0.00286149251503 0.0239894948149 0.0350473587283 0.0118822421672 
0.0130942499296 0.0198703502514 0.0429078083062 0.0301720150088 0.0116385921184 0.0190501977896 0.0186181943231 0.025654842734 0.0146218839684 0.0078988472498 0.0336755930274 0.0188878885232 0.0257289436026 0.00983051730236 0.0346217489067 0.0151949898185 0.0235541892276 0.0254179160647 0.0259442241988 0.0302725482195 0.0058402552288 -0.00459925659533 0.0162897113771 0.0255178544017 0.0381818887709 0.00671915122282 0.0302824670147 0.026118182374 0.0160525281547 0.0378767598851 0.222929904648 0.0121788890909 0.0190658924684 0.0184073526773 0.0284770812927 0.00572082982136 0.0413991421579 0.025237452379 0.0171856020864 0.00945309422706 
0.0139338465731 -0.00918940218428 0.00043920202452 0.028706035188 0.0115456638464 0.0234767716256 0.00196379886738 0.0172594680417 0.00993015046652 0.00808047815446 0.000640389298483 0.00262122436965 0.0178614040915 0.0223439261148 0.00720448426356 0.00536512254464 0.0159345805777 0.00661115459376 0.00622458761794 -0.00135520991822 0.0156895873009 0.0125770324631 0.0165980789514 0.00148176050836 0.00690682774979 0.015236155302 0.0153770968013 0.00664463384917 0.0201311136768 0.0158171859273 0.0121788890909 0.137060641223 0.0155119758811 0.00824353960035 0.0147977361274 0.0129683795997 -0.00321763543099 0.0170406047629 0.0122186172892 0.000793487911836 
0.027779251432 0.00698938479914 0.00506714030067 0.00960205471862 0.022805096768 0.0202033359977 0.0171206879232 0.00794258850872 0.0139266797109 0.0223298340415 0.0272099789191 0.00921797207671 0.0157678861776 0.0140995717363 0.00805406694143 -0.00126044864649 0.0502089039054 0.00168043157605 0.0334493800092 0.0187578746112 0.0217573993928 0.00106552000199 0.00975916236033 0.0182405755198 0.0169499648676 0.0416149116597 0.0128670782196 0.0284577034149 0.0141371068075 0.0117727913759 0.0190658924684 0.0155119758811 0.135516258659 0.0225054104133 0.0232343697732 0.00993864492185 0.00322761363247 0.0134908416114 0.00935311711811 0.00623056865228 
0.0173501289344 -0.00183420457058 0.00457593729687 0.0228543741883 -0.00343018082519 0.0153822441169 0.0132802710074 -0.0127977434852 0.0233077915125 0.0171630941059 0.01919728369 -0.00146909941672 0.006152198624 0.00385143126585 0.0111045382831 0.0397215835202 0.0262034415791 0.0100020378299 0.0190025141552 -0.000410020562506 0.00332844534077 0.00760522346585 0.00556664359225 0.0522554991687 0.0275031795502 -0.00235141869948 0.0111574795318 0.0243250117939 0.0125740560208 0.0307441801352 0.0184073526773 0.00824353960035 0.0225054104133 0.284898747901 0.0158789159985 0.018011753173 0.00647713026188 0.0200051971391 0.028502347165 0.0105401765689 
0.0277732208825 0.00242367370989 0.0351347821374 0.0376838244118 0.0380861387039 0.0389381583131 0.0384928090523 0.015244415035 0.0163023061874 0.0229432746654 0.0909908787644 0.025456349979 0.014540487527 0.0242436707978 0.0139236646993 0.00236216687377 0.0200546445999 0.0233353162631 0.0187383341137 0.0328181526074 0.0562803504235 -0.00502210017257 0.00413214572991 0.00425996814888 0.034021359157 0.0145940992418 0.0257113235559 0.0271629531477 0.0299837189177 0.0268330279426 0.0284770812927 0.0147977361274 0.0232343697732 0.0158789159985 0.221962456587 0.00788033952738 0.0192982714884 0.00811547624126 0.0242105918697 0.0183797484816 
0.00760000944081 0.0246568886867 0.00753705817913 0.0103474594137 0.00802429564834 0.0195039380609 0.00840961362451 0.00652592394572 0.0161684674321 0.019675833649 0.0192203849556 0.0165148828524 0.0184672677171 0.0179540650723 -0.00285720957173 0.0077366121945 0.0220917770687 -0.000534769731854 0.0181066678937 0.00319624569908 0.0230683992129 0.0144459354266 0.00287201044402 0.0112852596753 0.00780464679483 0.00301746006322 0.00600207634867 0.0140653170402 0.00410546139163 0.0145639442736 0.00572082982137 0.0129683795997 0.00993864492185 0.018011753173 0.00788033952739 0.189049491155 0.000987392880675 0.00968341188845 -0.00123612598994 0.00522128646877 
-0.00880268983223 0.0385004294607 0.0258207655371 0.00634571050162 0.00402750468462 0.0211777202068 0.00945696830651 0.0189605943428 0.0150185523044 0.0382439214356 0.0842842469534 0.0423322301996 0.0323558734875 0.0103918065084 0.00122412631641 0.00510783385352 0.00621021924143 0.126301082752 0.0118075422066 0.0319828968266 0.18517830813 -0.000112750728332 0.0617604737382 0.0152350613484 0.0388535089767 0.0295308804914 0.017631720146 -0.00464155446691 0.0178970272045 -0.00286149251503 0.0413991421579 -0.00321763543098 0.00322761363248 0.00647713026189 0.0192982714884 0.00098739288068 0.521200552231 0.0157767090002 0.167298427864 0.000983928593761 
0.0158739628288 0.0287691927436 0.014579785791 0.0209173480301 0.00660724624271 0.0194933480563 0.0193194638427 0.025192139112 0.0216019180675 0.00990005452395 0.0152634391461 0.0182039950193 0.0212549129926 0.00342331720743 0.023313915819 0.0193765244784 0.0205251567481 0.0111672617264 0.025384205329 0.0122904203321 0.0106367241926 0.0427571296727 0.00882329219612 0.0195884559171 0.038689396401 0.00354119339221 0.0137098270036 0.0220388796438 0.0425944726893 0.0239894948149 0.0252374523791 0.0170406047629 0.0134908416114 0.0200051971391 0.00811547624122 0.00968341188839 0.0157767090002 0.177509719101 0.00914498048726 0.0200872551828 
0.00207535149738 0.0231326076933 0.016050657798 -0.0121439247342 0.00867042978655 0.0184029836742 0.00413790444252 0.0822304745059 0.00381823217774 0.0178869050173 0.0844641481402 0.046649538268 0.0213799764485 0.000988770570999 -0.016446005004 0.0126952231803 0.0196082562299 0.160724194928 0.0130278803484 0.0258668708987 0.213132052283 0.0206470928499 0.0270514417834 0.0445132598064 0.0465067150536 0.0344426023751 0.0172983866816 0.00830813706859 0.0364257564805 0.0350473587283 0.0171856020864 0.0122186172892 0.00935311711811 0.028502347165 0.0242105918697 -0.00123612598993 0.167298427864 0.00914498048726 0.484212362704 0.0104333828003 
0.0133162521395 0.0107231858721 0.00828096612004 0.00218133015349 0.0144065925145 0.00634784645533 -0.0025124578056 0.00202584229405 -0.00917970410221 0.0285520312165 0.0166971555468 -0.0172455412339 0.00925848339709 -0.00412383170643 0.0207259049394 -0.00919585886761 0.0169906028715 0.0123519940304 0.0124034612255 0.00570937852211 0.0375440712743 -0.00128878384211 0.00643110477191 0.0100994874202 0.00930415970402 0.00457931215595 0.00790351431932 0.00848254882771 -0.0205442069361 0.0118822421672 0.00945309422705 0.000793487911834 0.00623056865228 0.0105401765689 0.0183797484816 0.00522128646877 0.000983928593785 0.0200872551828 0.0104333828003 0.999540424218 

['KEY', 'MOT', 'UNP', 'MAR', 'TSG', 'GPS', 'LTD', 'RHI', 'SGP', 'PRU', 'KBH', 'ADM', 'AVY', 'WAG', 'ADP', 'BSX', 'JPM', 'SLB', 'HBAN', 'ROK', 'VIA.B', 'BMC', 'CEG', 'CMVT', 'NTAP', 'CVH', 'VNO', 'COF', 'AVP', 'XLNX', 'APD', 'K', 'C', 'MMC', 'MAS', 'BUD', 'EOG', 'VZ', 'NOV', 'GT']