40
0.00873698993333 0.0299059053764 0.0266110290159 0.0690593134036 0.0330111524363 0.162626926374 0.0692922129373 0.0251604878384 0.126302472887 0.0380288664812 0.0752984700253 0.0523918745475 0.0599327976672 0.0761836706695 0.0307440439862 0.103194060275 0.0218855159469 0.0297209295042 0.0700025840065 0.0991765707177 0.0296866664977 0.0682562642732 0.0540864966038 0.0773240107923 0.044344522835 0.0441448787565 0.0412963652708 0.125871369107 0.0952892642352 0.0442487549982 0.0268988212896 0.040534814632 0.0395396308246 0.0832698050771 0.0499472002084 0.0429032651101 0.0255776045185 0.0335346879574 0.0831725949645 0.0704019073317 
0.108833387683 0.00945171902324 0.00987303795569 0.0049764176757 0.0169492882236 0.0133365221755 0.0159997860594 0.0121697685774 0.00521047847447 0.0147753770583 0.0128255651879 0.00715366747668 0.0035063416172 0.00529816191636 0.0270368885411 0.0132579906657 0.0131912548308 0.00707814298155 0.0211641676829 0.0064408821121 0.0241046684113 0.00555991033276 0.00693507536446 0.00222525227725 0.00953191963018 0.0119097010525 0.00732969605724 0.0199830466243 0.0147678916881 0.0169774612638 0.00771015947423 0.0103622822611 0.0155025182278 0.0101213728495 0.0154261863508 0.00624270183841 0.0168274811359 0.0123002235266 0.0167102255513 0.0135584755897 
0.00945171902324 0.268480280428 0.0224929714373 0.00828629152383 0.00929811953577 0.0193590911288 0.0161151931829 0.0152332496035 -0.00568357109715 0.00875001604193 0.0344817270233 0.0344553819957 0.0378427888227 0.0334519228964 0.0112186946996 0.0200684605063 0.0222679664518 0.0269207095788 0.0153618457401 -0.00795938100166 0.0140997818142 -0.0012058277674 0.0132959652098 0.0406415658123 0.0150333685582 0.0313437318364 0.00864131006065 -0.0017766491915 0.0228248038044 0.0183214581872 -0.00530097351409 0.00621456301146 0.0137767960014 -0.0060274260683 0.00602219341054 0.0176571469913 0.0182499199351 0.0011280398199 0.032059770428 0.0164224336621 
0.00987303795569 0.0224929714373 0.284954691372 0.0225090953071 0.0270992943763 0.00171294859464 0.027126448982 0.0237599935087 0.0128618176191 0.0160674141402 -0.000917288048227 0.0177674611164 0.00232586946389 0.0249719410792 0.0164747070539 0.00885567122211 -0.000141666624825 0.00132400969482 0.0293780233989 0.024625396192 0.0284921212153 0.00683850604017 0.0381605281096 0.030271631425 0.0156226543099 0.0135924968919 0.00507341532502 -0.0188470745398 0.0223599314009 -0.000501575689362 0.0087627619426 0.0268095636472 0.0138555573326 0.0205245821516 0.000368451084934 0.0139711690615 -0.00659374932614 0.019921937993 0.0168404144961 0.013256397732 
0.0049764176757 0.00828629152383 0.0225090953071 0.429754055204 0.0235766904681 0.00764944823918 0.00664291480517 0.0152590378459 0.0245248379006 0.00904349548735 0.0232771020883 0.00881988928526 0.0160016395138 0.0262955454365 0.0246682207412 0.0148753620609 0.00825108043927 0.0130933291924 0.00865325264911 0.0155210905726 0.0207463938314 0.032087357264 0.0100036951709 0.039131473851 0.0190899746921 0.0262378067467 0.0100913760588 0.0101638408796 0.0156461209665 0.00559310914908 0.0110444062768 0.00921191860789 0.0178793264126 0.0180100329578 -0.00299178824071 0.0268473084059 0.00276095508343 0.00667710146092 0.0457888057287 0.0233010916297 
0.0169492882236 0.00929811953577 0.0270992943763 0.0235766904681 0.311971791332 0.0158693472541 0.0225677806891 0.0239760888849 -0.0101703201929 0.0142978200997 0.00920160857966 0.0261547302956 0.011191056966 0.0290677431492 0.0306557856988 0.0407203567989 0.0160975840273 0.0079315221066 0.00951997606859 -0.00133983241891 0.0363010989033 0.0335694166952 0.0145341895559 0.0643525843095 0.0332875073581 0.0216186582204 0.0265768358418 0.0422377519061 0.0234240747441 0.01421637166 0.0198501380081 -0.00618466695273 0.0240116639035 0.00257904133853 0.0117520853721 0.0252122697431 0.0155974906756 0.0128342058467 0.0237745510642 0.0472983151303 
0.0133365221755 0.0193590911288 0.00171294859464 0.00764944823918 0.0158693472541 1.12929320645 0.0222536170883 0.0033830874475 0.0241375591441 -0.0135703350998 0.0158409526636 -0.00632392159762 -0.000567775530189 0.00695848913261 0.00624176877344 0.0225032084124 -0.00102691103567 -0.00681636462461 0.0167680164245 -0.00917666944978 0.00768571448359 0.0236637299951 -0.00427841744585 0.0148409328307 0.0199692979074 0.017363621838 -0.00596525841626 0.0185610582453 0.0174303024016 0.0128680151088 0.00356182711476 0.00824411988578 0.00473710208149 0.0514201473723 0.00450467459359 0.0245859693211 0.00507342373281 0.00737244612676 -0.00047457275289 0.0299072006661 
0.0159997860594 0.0161151931829 0.027126448982 0.00664291480517 0.0225677806891 0.0222536170883 0.37847003659 0.00888898902573 0.0208507201098 0.0799143886762 0.0370481560141 -0.00117414579516 0.0101067167436 0.128505236736 0.0198296535463 0.065683992144 0.00996878958213 0.00426398404915 0.015842667208 0.00209536994161 0.0298567147941 0.0493197270777 0.0078369145735 0.0404478085199 0.0467366489831 0.0440287538754 -0.00514325214822 0.0137146011788 0.0221406228236 0.0366570986189 0.0263115402554 0.00288288588331 0.0080481911249 0.00504809463983 0.0313620749665 0.0515059987411 0.0240943941364 0.00380584669956 0.0404926332173 0.0342303858636 
0.0121697685774 0.0152332496035 0.0237599935087 0.0152590378459 0.0239760888849 0.0033830874475 0.00888898902573 0.174752246235 0.0127779943685 0.00500265783568 0.02416279378 0.0239039231182 0.00849742281921 0.000185583267688 0.0237420203087 0.0217604710353 0.00902267276753 0.00815177668672 0.00561408698411 -0.00179545359875 0.0407937072315 0.0230134603989 0.00997019651981 0.0245094308784 0.0223442031686 0.0429919150133 0.0133296698436 0.000224086613228 0.0185954429373 0.0108418680434 0.0040239115809 0.000523337855333 0.0122514668322 -0.00161735632734 0.0214574514936 0.0104675580478 0.0172131308839 0.00928264194764 0.00987927182888 0.0254441836318 
0.00521047847447 -0.00568357109715 0.0128618176191 0.0245248379006 -0.0101703201929 0.0241375591441 0.0208507201098 0.0127779943685 0.520663872824 0.015635837362 0.038618455087 0.00923983982318 0.0331877540176 0.0249120470296 0.024537565505 0.0305188838971 0.0151381633933 0.0152163175194 0.00765285376881 -0.0133661623906 0.0248788887222 0.0357334510581 0.00159839207371 0.0262702490879 0.039286580633 0.0274612999148 0.00240064254846 -0.00210093383666 0.0124072739447 -0.00271088562743 -0.0133574885413 0.00727103130705 -0.000639596633424 0.0966498314149 0.00301775099094 0.0233417011093 0.00140458659444 0.00275521099178 0.0556466512809 0.03543198962 
0.0147753770583 0.00875001604193 0.0160674141402 0.00904349548735 0.0142978200997 -0.0135703350998 0.0799143886762 0.00500265783568 0.015635837362 0.297747902239 0.0122337302849 0.0301611795367 0.00554753823348 0.0809538531986 0.0147967369242 0.0381023062893 0.00642933751062 0.00917865839744 0.0106472859681 0.000375875329758 0.013985812556 0.027016802983 0.0223077478171 0.0486159730342 0.0250118349466 0.0291336483007 0.0161422064118 0.114266269683 0.00708894872479 0.0238086712223 0.0148532149195 -0.0114420050243 0.0205789690905 0.0132406801511 0.0154634681314 0.0284594494198 0.00889339525603 0.0161660276515 0.0162276485722 0.0208554988529 
0.0128255651879 0.0344817270233 -0.000917288048227 0.0232771020883 0.00920160857966 0.0158409526636 0.0370481560141 0.02416279378 0.038618455087 0.0122337302849 0.489605011391 0.0224201258075 0.0483361911614 0.0351784783394 0.0193654082316 0.0229813340752 0.0118663918234 0.0203787609452 0.000644119713406 0.0100385905301 0.0296742909566 0.0129581491437 0.0158340337344 0.0493040622182 0.0176354660889 0.0255444926422 0.0089308219401 0.0142526523166 0.0306132250464 0.0270858358495 0.0151582076599 -0.0070729948244 0.019536293859 0.0363618539635 0.0218182980662 0.0278057955233 0.0178576332615 0.0301306442227 0.0362459070415 0.0344591378768 
0.00715366747668 0.0344553819957 0.0177674611164 0.00881988928526 0.0261547302956 -0.00632392159762 -0.00117414579516 0.0239039231182 0.00923983982318 0.0301611795367 0.0224201258075 0.35071609772 0.0397402359955 -0.00326890116339 0.0293755155473 0.032614946969 0.0222992558105 0.0159524218142 0.0037965643358 -0.00351279653482 0.000292765236208 0.0102845511785 0.0230149992393 0.0291043434306 0.0231068527475 0.0217557533845 0.0232981479541 -0.0156752149002 -0.00173862075594 0.00405569079918 -0.00264611021237 -0.00862762469035 0.0236883281914 -0.00367336121685 0.00105379180335 0.0280253291508 0.00416858193694 0.00888752595204 0.0055375946378 0.0201499397339 
0.0035063416172 0.0378427888227 0.00232586946389 0.0160016395138 0.011191056966 -0.000567775530189 0.0101067167436 0.00849742281921 0.0331877540176 0.00554753823348 0.0483361911614 0.0397402359955 0.334914291712 0.0252404900248 -0.00178326169374 0.0136803843989 0.00211936920847 0.0274248141104 0.0171352987551 0.014122805085 0.0133458023294 0.0218575558948 0.0221919006978 0.053755706553 0.0195225903307 0.0100439621094 0.0121174006522 0.00594257972907 0.0162371015567 0.00480850417938 0.00634973294811 -0.00153206004745 0.0204941997781 0.0171425615866 0.0025155904215 0.00274186997334 0.000657126627522 -0.000638382218884 0.00156102215258 0.0174371018691 
0.00529816191636 0.0334519228964 0.0249719410792 0.0262955454365 0.0290677431492 0.00695848913261 0.128505236736 0.000185583267688 0.0249120470296 0.0809538531986 0.0351784783394 -0.00326890116339 0.0252404900248 0.394413527412 0.0139189001076 0.042800767377 -0.000768574614603 0.00216880852001 0.0149331169615 0.0162141639584 0.0172789564639 0.0219104850298 0.0207431382287 0.0563177836708 0.0272481770667 0.0291488123142 0.00360372497971 0.00148086393195 0.0131168421457 0.0224595500565 0.0125120535114 -0.000965661307757 0.0309694225586 0.0203181389618 0.0024272409295 0.0252519976134 0.00416318787933 0.029077054933 0.0297623057914 0.0303891793835 
0.0270368885411 0.0112186946996 0.0164747070539 0.0246682207412 0.0306557856988 0.00624176877344 0.0198296535463 0.0237420203087 0.024537565505 0.0147967369242 0.0193654082316 0.0293755155473 -0.00178326169374 0.0139189001076 0.230055553672 0.0578256398357 0.0147044217717 0.0179318165757 0.00734045035737 -0.00246717075841 0.0380987881036 0.0100769301643 0.0189531612583 0.0450448254652 0.0302465068875 0.0492674184729 0.0240349721996 0.0362700023002 0.0155564261653 0.0177880507535 0.0175533354755 0.0086118821193 0.0302349376942 0.0301532940775 0.0194937371579 0.0181629500492 0.0212439142688 0.0198161027988 0.0207698260363 0.0390430383278 
0.0132579906657 0.0200684605063 0.00885567122211 0.0148753620609 0.0407203567989 0.0225032084124 0.065683992144 0.0217604710353 0.0305188838971 0.0381023062893 0.0229813340752 0.032614946969 0.0136803843989 0.042800767377 0.0578256398357 0.568837938478 0.00668291405112 0.0012212909554 0.00954199689703 0.00251859628371 0.0149866768965 0.0379067535797 0.0184522336412 0.0788789887634 0.0538737496832 0.0351906039513 0.00434234986952 0.00218585168755 0.0129751812168 0.0217869579119 0.00905553162504 0.00877665119967 0.0174759861236 0.0296792666357 0.0220738657351 0.05657675683 -0.000436165314676 0.0137391741472 0.0251492551516 0.0357504467734 
0.0131912548308 0.0222679664518 -0.000141666624825 0.00825108043927 0.0160975840273 -0.00102691103567 0.00996878958213 0.00902267276753 0.0151381633933 0.00642933751062 0.0118663918234 0.0222992558105 0.00211936920847 -0.000768574614603 0.0147044217717 0.00668291405112 0.16198302748 0.00873193168709 0.00336661626694 0.000394525109544 0.0119306655255 0.000295655794356 -0.00264486850793 -0.0073593116454 0.0128827466802 0.00992325014468 0.0101890463331 -0.00949265148435 -0.00525422282851 0.00424880117699 0.00668983534142 0.0119933083523 0.00473398565935 0.0103050215237 0.0106084569773 -0.001899646185 0.0193534283236 0.00187302521174 0.00832098448269 0.00837134286185 
0.00707814298155 0.0269207095788 0.00132400969482 0.0130933291924 0.0079315221066 -0.00681636462461 0.00426398404915 0.00815177668672 0.0152163175194 0.00917865839744 0.0203787609452 0.0159524218142 0.0274248141104 0.00216880852001 0.0179318165757 0.0012212909554 0.00873193168709 0.220385976826 -0.00436383952131 0.0056725057309 0.0144857854993 -0.00313598351906 0.0101867000703 0.017527936841 0.00391786039371 0.00206351176721 0.0153297902856 -0.00430059906927 0.00730848090958 0.00598371486421 0.000880358446038 -0.000956513604464 0.0170969351513 -0.00952960684238 0.00555664203919 0.00506197487931 -0.00190463059388 0.00213120859889 0.000867296814253 0.0115292500538 
0.0211641676829 0.0153618457401 0.0293780233989 0.00865325264911 0.00951997606859 0.0167680164245 0.015842667208 0.00561408698411 0.00765285376881 0.0106472859681 0.000644119713406 0.0037965643358 0.0171352987551 0.0149331169615 0.00734045035737 0.00954199689703 0.00336661626694 -0.00436383952131 0.308981538904 0.0284039678605 0.0170509829033 0.0126573573595 0.0118568298771 0.0250666828516 0.0143684100197 0.0144752245596 0.00334177964891 0.00762716140435 0.00366657073938 -0.000318430708774 0.00576194764376 0.00672886260352 0.00232980116639 0.0282436338313 0.112345719086 0.0105358536709 0.0233298864711 0.00289570789696 -0.00286806937436 0.0216992121444 
0.0064408821121 -0.00795938100166 0.024625396192 0.0155210905726 -0.00133983241891 -0.00917666944978 0.00209536994161 -0.00179545359875 -0.0133661623906 0.000375875329758 0.0100385905301 -0.00351279653482 0.014122805085 0.0162141639584 -0.00246717075841 0.00251859628371 0.000394525109544 0.0056725057309 0.0284039678605 0.640751648868 0.0238868152929 -0.00482571189964 0.0254621007872 0.00875104980296 0.00996124103291 -0.00302428238431 0.0133893204442 0.00307425876559 -0.0109667812894 0.0140644773884 0.00846429228587 -0.0130366702513 0.0250282272672 0.004221710701 -0.00957433517352 0.0152129249123 0.014651734064 -0.0054938452181 -0.00241592784621 0.00807544923672 
0.0241046684113 0.0140997818142 0.0284921212153 0.0207463938314 0.0363010989033 0.00768571448359 0.0298567147941 0.0407937072315 0.0248788887222 0.013985812556 0.0296742909566 0.000292765236208 0.0133458023294 0.0172789564639 0.0380987881036 0.0149866768965 0.0119306655255 0.0144857854993 0.0170509829033 0.0238868152929 0.221182002627 0.0206662233508 0.0231757510173 0.0294131962873 0.0333719970803 0.0425824797688 0.0239664103286 0.000385354469528 0.0058675034384 0.0232694160079 0.0211485375373 0.0107594199131 0.0264251959043 0.0121542874585 0.000435173420594 0.0194166357374 0.0244473443402 0.0282441095209 0.0158351457373 0.043798353475 
0.00555991033276 -0.0012058277674 0.00683850604017 0.032087357264 0.0335694166952 0.0236637299951 0.0493197270777 0.0230134603989 0.0357334510581 0.027016802983 0.0129581491437 0.0102845511785 0.0218575558948 0.0219104850298 0.0100769301643 0.0379067535797 0.000295655794356 -0.00313598351906 0.0126573573595 -0.00482571189964 0.0206662233508 0.378674387636 0.00842998612027 0.0412696502049 0.035090966623 0.0219559106638 0.000846593682303 0.022399795436 0.0446086804836 0.018126357238 0.0196300129645 -0.00116358463448 0.0181818125133 0.0195662844378 0.0204189296814 0.0248755249238 0.0167181629805 0.0132511184961 0.00661191796516 0.0421521214721 
0.00693507536446 0.0132959652098 0.0381605281096 0.0100036951709 0.0145341895559 -0.00427841744585 0.0078369145735 0.00997019651981 0.00159839207371 0.0223077478171 0.0158340337344 0.0230149992393 0.0221919006978 0.0207431382287 0.0189531612583 0.0184522336412 -0.00264486850793 0.0101867000703 0.0118568298771 0.0254621007872 0.0231757510173 0.00842998612027 0.392219568644 0.0274725653587 0.0202318147002 0.029440290608 0.000332371691835 -0.0112961049987 -0.0110648684016 0.00113537255403 0.0135112637002 0.00870128485422 0.0140667058857 0.00788144451879 0.00696768078304 0.020521536408 0.0094598351327 0.0107471000482 0.015436650259 0.0307642815937 
0.00222525227725 0.0406415658123 0.030271631425 0.039131473851 0.0643525843095 0.0148409328307 0.0404478085199 0.0245094308784 0.0262702490879 0.0486159730342 0.0493040622182 0.0291043434306 0.053755706553 0.0563177836708 0.0450448254652 0.0788789887634 -0.00735931164541 0.017527936841 0.0250666828516 0.00875104980296 0.0294131962873 0.0412696502049 0.0274725653587 0.463868286978 0.0575611779892 0.0519859608711 0.0159558287397 0.00862892644607 0.0224448857271 0.0129618963049 0.012360522696 0.000244735679221 0.0353524823563 0.0458480124498 0.0140068971525 0.0298389723132 0.046421015801 0.0160261727177 0.0800569536648 0.0805627395238 
0.00953191963018 0.0150333685582 0.0156226543099 0.0190899746921 0.0332875073581 0.0199692979074 0.0467366489831 0.0223442031686 0.039286580633 0.0250118349466 0.0176354660889 0.0231068527475 0.0195225903307 0.0272481770667 0.0302465068875 0.0538737496832 0.0128827466802 0.00391786039371 0.0143684100197 0.00996124103291 0.0333719970803 0.035090966623 0.0202318147002 0.0575611779892 0.205545678466 0.0470638005489 0.01193762553 -0.000214834970404 0.0257648684934 0.0126088627139 0.0200946051786 0.00405518274568 0.0204289423881 0.0235373718288 0.0296039018373 0.0245410323591 0.00378690415369 0.00778109503011 0.0172947324591 0.0447975084519 
0.0119097010525 0.0313437318364 0.0135924968919 0.0262378067467 0.0216186582204 0.017363621838 0.0440287538754 0.0429919150133 0.0274612999148 0.0291336483007 0.0255444926422 0.0217557533845 0.0100439621094 0.0291488123142 0.0492674184729 0.0351906039513 0.00992325014468 0.00206351176721 0.0144752245596 -0.00302428238431 0.0425824797688 0.0219559106638 0.029440290608 0.0519859608711 0.0470638005489 0.250274278124 0.0104635603248 -0.00160745388793 0.0043176579456 0.027422887187 0.0218941696556 0.00358252727988 0.0172087310703 0.0126254347643 0.0237205505237 0.0388553010488 0.0264436583337 0.0126184159481 0.0230610867051 0.042059798886 
0.00732969605724 0.00864131006065 0.00507341532502 0.0100913760588 0.0265768358418 -0.00596525841626 -0.00514325214822 0.0133296698436 0.00240064254846 0.0161422064118 0.0089308219401 0.0232981479541 0.0121174006522 0.00360372497971 0.0240349721996 0.00434234986952 0.0101890463331 0.0153297902856 0.00334177964891 0.0133893204442 0.0239664103286 0.000846593682303 0.000332371691835 0.0159558287397 0.01193762553 0.0104635603248 0.249438388097 0.00137054568508 0.0117967115449 0.0236682498255 -0.00212443208141 0.00437147991156 0.00240298257618 0.00188900872888 0.0146358692562 0.00820375263108 0.011182172824 0.0170176938608 0.016773513534 0.0117931797796 
0.0199830466243 -0.0017766491915 -0.0188470745398 0.0101638408796 0.0422377519061 0.0185610582453 0.0137146011788 0.000224086613228 -0.00210093383666 0.114266269683 0.0142526523166 -0.0156752149002 0.00594257972907 0.00148086393195 0.0362700023002 0.00218585168755 -0.00949265148435 -0.00430059906927 0.00762716140435 0.00307425876559 0.000385354469528 0.022399795436 -0.0112961049987 0.00862892644607 -0.000214834970404 -0.00160745388793 0.00137054568508 0.836331313618 0.0214447859312 0.000282921403659 0.0100597395176 -0.0103022686023 0.0251246060524 -0.0130165006327 -0.0312125581964 -0.00011395813882 -0.0191952620422 -0.0059591905314 0.00627946174128 0.00403125819779 
0.0147678916881 0.0228248038044 0.0223599314009 0.0156461209665 0.0234240747441 0.0174303024016 0.0221406228236 0.0185954429373 0.0124072739447 0.00708894872479 0.0306132250464 -0.00173862075594 0.0162371015567 0.0131168421457 0.0155564261653 0.0129751812168 -0.00525422282851 0.00730848090958 0.00366657073938 -0.0109667812894 0.0058675034384 0.0446086804836 -0.0110648684016 0.0224448857271 0.0257648684934 0.0043176579456 0.0117967115449 0.0214447859312 0.507456452257 -0.0169393498813 0.0078697838108 0.00674363501991 0.00942667219199 0.00257169305891 0.0120547316836 0.020583981882 0.00272296441821 0.0243713692344 0.0761114237154 0.0182813689768 
0.0169774612638 0.0183214581872 -0.000501575689362 0.00559310914908 0.01421637166 0.0128680151088 0.0366570986189 0.0108418680434 -0.00271088562743 0.0238086712223 0.0270858358495 0.00405569079918 0.00480850417938 0.0224595500565 0.0177880507535 0.0217869579119 0.00424880117699 0.0059837148642 -0.000318430708774 0.0140644773884 0.0232694160079 0.018126357238 0.00113537255403 0.0129618963049 0.0126088627139 0.027422887187 0.0236682498255 0.000282921403659 -0.0169393498813 0.276694472801 0.0300923056185 -0.00100628346416 0.0107688469591 0.0131872625805 0.0160486222761 0.0170221157746 -0.00551161918053 1.16713968971e-05 0.00673767747909 0.0214066986414 
0.00771015947423 -0.00530097351409 0.0087627619426 0.0110444062768 0.0198501380081 0.00356182711476 0.0263115402554 0.0040239115809 -0.0133574885413 0.0148532149195 0.0151582076599 -0.00264611021237 0.00634973294811 0.0125120535114 0.0175533354755 0.00905553162504 0.00668983534142 0.000880358446038 0.00576194764376 0.00846429228588 0.0211485375373 0.0196300129645 0.0135112637002 0.012360522696 0.0200946051786 0.0218941696556 -0.00212443208141 0.0100597395176 0.0078697838108 0.0300923056185 0.224802122421 -0.00153473835928 -0.00413725267575 0.00160784806028 0.00602828134193 -0.00357200028334 0.00298111475004 0.000735177485414 0.0144866196137 0.0109096094316 
0.0103622822611 0.00621456301146 0.0268095636472 0.00921191860789 -0.00618466695273 0.00824411988578 0.00288288588331 0.000523337855333 0.00727103130704 -0.0114420050243 -0.0070729948244 -0.00862762469035 -0.00153206004745 -0.000965661307757 0.0086118821193 0.00877665119967 0.0119933083523 -0.000956513604464 0.00672886260352 -0.0130366702513 0.0107594199131 -0.00116358463448 0.00870128485422 0.000244735679221 0.00405518274568 0.00358252727988 0.00437147991156 -0.0103022686023 0.00674363501991 -0.00100628346416 -0.00153473835928 0.535000115757 -0.00930605108071 0.0190460042438 0.00962313525815 -0.00239905206086 0.0132740923513 0.000143190965742 0.00809699172375 -0.00137509678779 
0.0155025182278 0.0137767960014 0.0138555573326 0.0178793264126 0.0240116639035 0.00473710208149 0.0080481911249 0.0122514668322 -0.000639596633424 0.0205789690905 0.019536293859 0.0236883281914 0.0204941997781 0.0309694225586 0.0302349376942 0.0174759861236 0.00473398565935 0.0170969351513 0.00232980116639 0.0250282272672 0.0264251959043 0.0181818125133 0.0140667058857 0.0353524823563 0.0204289423881 0.0172087310703 0.00240298257618 0.0251246060524 0.00942667219199 0.0107688469591 -0.00413725267575 -0.00930605108071 0.298728193399 -0.00688163662289 0.0149097146063 0.0280617467298 0.0214006660317 -0.00147944859815 0.0163183316124 0.0257454493191 
0.0101213728495 -0.0060274260683 0.0205245821516 0.0180100329578 0.00257904133853 0.0514201473723 0.00504809463983 -0.00161735632734 0.0966498314149 0.0132406801511 0.0363618539635 -0.00367336121685 0.0171425615866 0.0203181389618 0.0301532940775 0.0296792666357 0.0103050215237 -0.00952960684238 0.0282436338313 0.004221710701 0.0121542874585 0.0195662844378 0.00788144451879 0.0458480124498 0.0235373718288 0.0126254347643 0.00188900872888 -0.0130165006327 0.00257169305891 0.0131872625805 0.00160784806028 0.0190460042438 -0.00688163662289 0.403359432954 0.0105561591616 0.0288023061908 0.000201117175641 0.00919736792265 0.0273625337179 0.0449249224311 
0.0154261863508 0.00602219341054 0.000368451084934 -0.00299178824071 0.0117520853721 0.00450467459359 0.0313620749665 0.0214574514936 0.00301775099094 0.0154634681314 0.0218182980662 0.00105379180335 0.0025155904215 0.0024272409295 0.0194937371579 0.0220738657351 0.0106084569773 0.00555664203919 0.112345719086 -0.00957433517352 0.000435173420594 0.0204189296814 0.00696768078304 0.0140068971525 0.0296039018373 0.0237205505237 0.0146358692562 -0.0312125581964 0.0120547316836 0.0160486222761 0.00602828134193 0.00962313525815 0.0149097146063 0.0105561591616 0.353826187052 0.0137312730908 -0.00134428177278 0.0135331971859 0.0051989652168 0.0194672660413 
0.00624270183841 0.0176571469913 0.0139711690615 0.0268473084059 0.0252122697431 0.0245859693211 0.0515059987411 0.0104675580478 0.0233417011093 0.0284594494198 0.0278057955233 0.0280253291508 0.00274186997334 0.0252519976134 0.0181629500492 0.05657675683 -0.001899646185 0.00506197487931 0.0105358536709 0.0152129249123 0.0194166357374 0.0248755249238 0.020521536408 0.0298389723132 0.0245410323591 0.0388553010488 0.00820375263108 -0.00011395813882 0.020583981882 0.0170221157746 -0.00357200028334 -0.00239905206086 0.0280617467298 0.0288023061908 0.0137312730908 0.274986131892 0.00500117345431 0.0146187337063 0.0169872505177 0.0434601737455 
0.0168274811359 0.0182499199351 -0.00659374932614 0.00276095508343 0.0155974906756 0.00507342373281 0.0240943941364 0.0172131308839 0.00140458659444 0.00889339525603 0.0178576332615 0.00416858193694 0.000657126627522 0.00416318787933 0.0212439142688 -0.000436165314676 0.0193534283236 -0.00190463059388 0.0233298864711 0.014651734064 0.0244473443402 0.0167181629805 0.0094598351327 0.046421015801 0.00378690415369 0.0264436583337 0.011182172824 -0.0191952620422 0.00272296441821 -0.00551161918053 0.00298111475004 0.0132740923513 0.0214006660317 0.000201117175641 -0.00134428177278 0.00500117345431 0.321895639351 0.00347610713425 0.00551605132942 0.0214249599934 
0.0123002235266 0.0011280398199 0.019921937993 0.00667710146092 0.0128342058467 0.00737244612676 0.00380584669956 0.00928264194764 0.00275521099178 0.0161660276515 0.0301306442227 0.00888752595204 -0.000638382218884 0.029077054933 0.0198161027988 0.0137391741472 0.00187302521174 0.00213120859889 0.00289570789696 -0.0054938452181 0.0282441095209 0.0132511184961 0.0107471000482 0.0160261727177 0.00778109503011 0.0126184159481 0.0170176938608 -0.0059591905314 0.0243713692344 1.16713968969e-05 0.000735177485414 0.000143190965742 -0.00147944859815 0.00919736792265 0.0135331971859 0.0146187337063 0.00347610713425 0.239672150014 0.00859043602663 0.0138737114266 
0.0167102255513 0.032059770428 0.0168404144961 0.0457888057287 0.0237745510642 -0.00047457275289 0.0404926332173 0.00987927182888 0.0556466512809 0.0162276485722 0.0362459070415 0.0055375946378 0.00156102215258 0.0297623057914 0.0207698260363 0.0251492551516 0.00832098448269 0.000867296814253 -0.00286806937436 -0.00241592784621 0.0158351457373 0.00661191796516 0.015436650259 0.0800569536648 0.0172947324591 0.0230610867051 0.016773513534 0.00627946174128 0.0761114237154 0.00673767747909 0.0144866196137 0.00809699172375 0.0163183316124 0.0273625337179 0.0051989652168 0.0169872505177 0.00551605132942 0.00859043602663 0.445567816673 0.0506188076219 
0.0135584755897 0.0164224336621 0.013256397732 0.0233010916297 0.0472983151303 0.0299072006661 0.0342303858636 0.0254441836318 0.03543198962 0.0208554988529 0.0344591378768 0.0201499397339 0.0174371018691 0.0303891793835 0.0390430383278 0.0357504467734 0.00837134286185 0.0115292500538 0.0216992121444 0.00807544923672 0.043798353475 0.0421521214721 0.0307642815937 0.0805627395238 0.0447975084519 0.042059798886 0.0117931797796 0.00403125819779 0.0182813689768 0.0214066986414 0.0109096094316 -0.00137509678779 0.0257454493191 0.0449249224311 0.0194672660413 0.0434601737455 0.0214249599934 0.0138737114266 0.0506188076219 0.277674465415 

['KO', 'XL', 'AMGN', 'AOC', 'LOW', 'TXU', 'ALTR', 'WFC', 'NEM', 'ADI', 'STJ', 'UNH', 'AGN', 'TXN', 'PCL', 'VMC', 'GIS', 'TAP', 'MRK', 'MYL', 'AXP', 'FDX', 'GENZ', 'CTX', 'DOV', 'MEL', 'KR', 'CVG', 'JCI', 'DIS', 'ADP', 'KSE', 'YUM', 'APC', 'PFE', 'COL', 'HRB', 'BAX', 'YHOO', 'GS']