50
0.0612619406497 0.0375994121509 0.0353360638732 0.22311845274 0.118814959333 0.0678674292734 0.0576577356707 0.0268988212896 0.0754225878746 0.107238949757 0.0125032911957 0.0788996306534 0.0502759777883 0.0135350028622 0.0380288664812 0.090319564185 0.074230100705 0.0437869579852 0.015652967587 0.0486959213786 0.0248608942987 0.0297585566085 0.0267221777707 0.112290577846 0.0482651065397 0.005148759701 0.0794924924591 0.0340754658053 0.208286894217 0.0161403943775 0.0296866664977 0.0113752176021 0.026407260569 0.148705689344 0.0693656588129 0.126958151155 0.0275926739743 0.0878126089614 0.0210054402465 0.0773240107923 0.146363775453 0.0357111585815 0.0538734886168 0.0377989606714 0.0715007016099 0.0753619397022 0.061476397973 0.0291248595558 0.018453974145 0.0936563270582 
0.349049226615 0.00826020093023 0.0340830227743 0.0935135179898 0.032140324982 0.0210501767805 0.0199121990226 0.00764533204247 0.0330215116067 0.0132982542757 0.0107549052293 -0.00220916703572 0.00205582954029 0.0102902871761 0.0276397519534 0.0206139484649 0.0197533409629 0.0233109468759 0.00712301462824 0.0106794711812 0.0180379367977 0.0158412011677 0.00558011362648 0.0404006364392 0.0171480596447 -0.00920855395068 0.0278551363935 0.00647043152527 0.00704566187248 0.00290452501111 0.00803020697624 0.00925143078907 0.00627658557198 0.0304327542984 0.0227010756184 0.0103672106508 0.000874553437533 0.0463802844416 0.0143708866063 0.020203412076 0.00113576180238 0.0184409809296 0.0148551254043 0.0287892218954 -0.00221501366328 0.0155347427746 0.00224577064431 0.0019497157216 -0.00218889721838 0.0348298856854 
0.00826020093023 0.26454561887 0.0106140990474 -0.00154346708982 -0.000366832588782 0.0108318384028 0.0234714230807 0.0162252828402 0.0151636576248 0.01011921291 0.0156110695656 0.012361176376 0.0148744105813 0.00562669204003 0.0191849357761 0.0109641578115 0.0174239351447 0.0101697791198 0.0175858182978 0.0108816312821 0.00988962325564 0.0142094474882 0.0179123639508 -0.00510220135411 0.0136059221915 0.0153922567565 0.0115262037092 0.0310087477177 -0.00418017007096 0.0076851135856 0.0177810073865 0.00907201215843 0.0201204612469 0.00671380346064 0.0221434529233 0.0188474004781 0.0123136141864 0.0152484344179 0.00632562721769 0.025248073656 0.0112142379262 0.0134932014715 0.00789799226518 0.00239359336841 0.00202448821953 0.0166520155385 0.016918698572 0.00939060483388 0.0134720991251 -0.0196496297103 
0.0340830227743 0.0106140990474 0.305931156094 0.0450952584175 0.0415758277066 0.0331040227656 0.0132442028921 0.0110683679314 0.00703876059988 0.0191731174359 0.0187992718618 -0.0111240690562 0.015506776776 0.0240656466748 0.0251127930776 0.0132611768431 0.00427371801797 0.00820676342757 0.0139801932606 0.00631795716623 0.0151074089427 0.0154967369447 0.0191960203407 0.0158394939018 0.0228510044532 0.00871386544935 0.0291517030171 0.0016823020093 0.00778586964031 0.00466133550577 0.0107410395561 0.00393298054449 -0.0063662198149 0.0364905927039 0.0229401619961 0.00744280118124 -0.00187624603403 0.00575144113881 0.000807688847559 0.0156488038491 0.0214245875432 0.00988406230457 0.0182961788665 0.01703789456 0.00894340787516 -0.00317020215543 0.0289712854069 0.0061656965374 0.0100822768666 0.0177490027556 
0.0935135179898 -0.00154346708982 0.0450952584175 0.887596512261 0.0424769817634 0.0211792223361 0.0364171043665 0.0288617481144 0.0325515148716 0.0744201659319 0.0203882333231 0.0557175599945 0.0266096835463 0.0271108792699 0.0640055783879 0.0257587823393 0.0641957998984 -0.00464602578665 0.0370006703407 0.0157296687845 0.0351542058757 0.0283474858593 0.0214186094495 0.0558003876337 0.0227981722973 0.00544727490872 0.0375947269711 -0.00199326856581 0.0292401992507 0.0021634032042 0.0238007135953 0.0212014420635 0.000651577258361 0.082337741684 -0.0075688296083 0.0281518753445 -0.00801448173724 0.12212409993 -0.0114097567002 0.039355095457 0.0238786006052 0.0295516652393 0.0234754977465 0.083167023913 -0.00459806107994 0.0161992688115 0.0560853232446 0.00541511410154 0.0111352312974 0.0492410671742 
0.032140324982 -0.000366832588782 0.0415758277066 0.0424769817634 0.498486036225 0.0497315034883 0.0246192804496 0.00656479636844 0.00839659258716 0.0199718438037 0.00792393659674 -0.00668824845259 -0.00439892147201 0.00791444983314 0.0434477134207 0.0152664997115 0.03149589683 0.00397101793102 0.0319504197239 0.022340648482 0.0182510674097 0.00812513166191 0.00579307735609 0.0264289218356 0.0143366779339 0.00897244259535 0.00925099816972 0.00408952990615 -0.00567559117301 0.00267303470146 0.0116572955167 0.0107907299322 0.0244595326889 0.0313861496182 0.0304968763416 0.0220453898336 0.0104768103983 0.0232800915093 -0.00382198031076 0.0233066858783 0.0137588822976 0.0208450359144 0.029363976247 0.0552709430376 0.00251969250135 0.0329657765831 0.0311441730015 -0.0015472710344 0.0134467977297 0.0499968289953 
0.0210501767805 0.0108318384028 0.0331040227656 0.0211792223361 0.0497315034883 0.359024455428 0.0243103385104 0.00771970269698 0.00204872963444 0.0363456850638 0.0464436489266 0.0346760569226 0.0132011570696 0.0100631832108 0.0260875989831 0.0305827936188 0.0351276170852 0.00661014646353 0.0237714504695 0.0278124821252 0.032945154099 0.0250690587266 0.0233766050146 0.0337854254804 0.0322132084144 0.0198109919927 0.068893659791 0.00561439833814 0.0280914866603 0.00796876339556 0.022420065251 0.030067378586 0.00257722309289 0.0140533304455 0.0512187675105 0.0172561984993 0.0288577261589 0.0173835113531 0.00518599344326 0.0510686174063 0.00920945530048 0.047064987343 0.055018857696 0.0282329731924 0.146538921023 0.00957660405047 0.0304134958669 0.0125369224644 -0.00296950642702 0.00381819949081 
0.0199121990226 0.0234714230807 0.0132442028921 0.0364171043665 0.0246192804496 0.0243103385104 0.239038626516 0.013167207164 0.0283947455791 0.0201854729113 0.00891072015206 0.0070822109238 0.0233588079351 0.0160319180629 0.0260538311129 0.0254911027975 0.0472442026669 0.0164836927534 0.0167125842983 0.0120620012082 0.0155933052049 0.01826299858 0.0312076678584 0.018362057005 0.0136150008373 0.0159429808433 0.0239304085806 0.0123116587429 0.0317823077503 0.0166748221772 0.0277338261771 0.025556106996 0.0155288287132 0.0387572242321 0.0136080348537 0.0278572149655 0.00933107824972 -0.00620851909384 0.00885861312063 0.0415314832228 0.00221823191212 0.00737838378473 0.0247542234975 0.0177850742638 0.0130339693457 0.00643001505559 0.020944261379 0.0204098201027 0.00591849782107 0.00123755089592 
0.00764533204247 0.0162252828402 0.0110683679314 0.0288617481144 0.00656479636844 0.00771970269698 0.013167207164 0.2046247552 0.0291122256387 0.0806272378205 0.00647432170594 0.0186007073434 0.0116294098814 0.0112030124868 0.00646669365054 0.00748335574318 0.0206705716319 -0.0130352677662 0.0206984250782 -0.000258130381635 0.0109633612823 -0.000274416864978 0.00627249879082 0.0033413052605 0.00269241354174 0.0217550644907 0.0183637654689 0.00201620789571 0.0225947106025 0.0109810224675 0.0128280779322 0.00939002985377 -0.000586084173536 0.0136290313422 -0.00167248794493 -0.00937636028001 -0.00386535050626 0.0105777444633 0.000375932765427 0.0038126130098 0.00145062466858 0.000795868751403 0.0121477273304 0.0164004277045 0.00419426315989 -0.010807718449 0.0286922420672 0.022905870788 0.010149362839 0.000245927784543 
0.0330215116067 0.0151636576248 0.00703876059988 0.0325515148716 0.00839659258716 0.00204872963444 0.0283947455791 0.0291122256387 0.489442005031 0.0230798583402 0.00344908247573 -0.000455001010012 -0.00150310139006 0.0234935481855 0.0223449242163 0.00723488076954 0.0355170572511 0.0212021424013 0.0343195672621 0.0169801806524 0.0206938321687 0.0191294454231 0.0116564488157 -0.00384661112127 0.0133026583975 0.0240734970775 0.0146961715443 0.0168400373599 0.0212659174118 0.0126173737871 0.0276155592294 0.0132990419461 0.0252136669473 0.0149645851295 0.00592504938235 -0.00632784428693 -0.0038947257927 -0.000816056541427 0.0114964411954 0.0247616071609 0.0222771000058 0.0337609991584 0.0227719402946 0.016441872806 0.0226070296273 0.00635530475788 0.0342186214344 0.00345123512538 0.0123017262608 0.0136973948625 
0.0132982542757 0.01011921291 0.0191731174359 0.0744201659319 0.0199718438037 0.0363456850638 0.0201854729113 0.0806272378205 0.0230798583402 0.460957022735 0.0182145610059 0.0418705866946 0.0269353078287 0.0168863866243 0.0393194096459 0.0261879539457 0.0485083125003 0.0107582741808 0.0409670574966 0.0309121210392 0.0325377653143 0.012825018166 0.0127136685574 0.0299182696947 0.0215580099343 0.0255753287135 0.027831283078 0.00253057231392 0.042697455933 -0.00530984755875 0.0420103841409 0.0016267371037 0.0407553385408 0.0327511534054 0.0166164086163 0.0174654875999 0.0147770092577 0.0384300592605 0.0104194782963 0.0477483330927 0.00875858951487 0.0134119099385 0.0351440204226 0.0241520760226 0.0172625099974 0.0098456759623 0.0581959025189 0.0115068184562 0.00490754676093 0.0335347704999 
0.0107549052293 0.0156110695656 0.0187992718618 0.0203882333231 0.00792393659674 0.0464436489266 0.00891072015206 0.00647432170594 0.00344908247573 0.0182145610059 0.270864149024 -0.0054508214707 0.00493425940657 0.0096129748861 0.00712152556738 0.00571942981957 0.052088396428 0.0055984433328 0.0147470340953 0.0141608760019 0.00324889527499 -0.00288989622226 0.0048832683585 -0.0204583920705 0.0247756531403 0.0148206336871 0.0225438966771 -0.00643498829307 0.0449837060893 -0.00237612997446 0.0112252472937 0.0110257205759 0.0239932333866 0.00777688464522 0.00459227290032 -0.035880683944 0.00719614167118 0.0107461217614 -0.00272073898406 0.0338673573557 0.0176159182804 0.0422112753289 0.0426448774355 0.00159125586412 0.0122288098466 -0.00999498331756 0.0184205920365 -0.00776385983706 0.00720076258282 0.00583806240683 
-0.00220916703572 0.012361176376 -0.0111240690562 0.0557175599945 -0.00668824845259 0.0346760569226 0.0070822109238 0.0186007073434 -0.000455001010013 0.0418705866946 -0.0054508214707 0.753735053071 0.0125664453204 0.0115646969763 0.00879601261233 0.0101990194593 0.0218797785906 -0.0129638827503 0.00324651098411 0.0115431743884 0.0031794749278 0.0157506872068 -0.0104886989733 0.00560786277841 0.0288797650186 0.00609164390274 0.0183891222303 -0.00394816625674 -0.00340745127452 0.000634145707317 0.00163996315484 0.00432301634569 0.0144871588848 0.0218312218206 0.00633845666788 0.0221627790421 -0.00929114119864 0.00443113368984 -0.00540337397987 0.0147603677522 0.00686694748834 0.00700487975609 0.0155784980274 0.0252556574479 -0.0089938878271 -0.000100071675843 0.00641176805463 0.00173684386533 0.00238773319117 -0.0122986150278 
0.00205582954029 0.0148744105813 0.015506776776 0.0266096835463 -0.00439892147201 0.0132011570696 0.0233588079351 0.0116294098814 -0.00150310139006 0.0269353078287 0.00493425940658 0.0125664453204 0.266293156572 -0.00154353308899 0.00888618366996 0.0311636988337 0.030952295759 0.010791500936 -0.000560038845983 0.0121963612586 0.0324925944686 0.0211646577576 0.0301743798843 0.0209844938079 0.00735831250073 0.00338894893252 0.0107086784936 -0.000853541650545 0.00561154689642 0.00482938769516 0.0189668034065 0.0322098325186 0.0184384292854 0.0102421228168 0.00145304279235 0.0183177727297 -0.00289929922815 0.0168718460702 0.0110948375345 0.0153021243998 0.00485481145521 0.0113996007791 0.0193443711323 0.00293504713824 0.00580361612168 0.00742274741858 0.0254301811529 0.0206127886948 -0.00704378354793 -0.00518806303451 
0.0102902871761 0.00562669204003 0.0240656466748 0.0271108792699 0.00791444983314 0.0100631832108 0.0160319180629 0.0112030124868 0.0234935481855 0.0168863866243 0.0096129748861 0.0115646969763 -0.00154353308899 0.191777027852 0.0125899301258 0.0115212306924 0.0178298524773 0.018681788061 0.00333474329384 0.0244974660036 0.0109415111365 0.0216445540982 0.0174972721949 0.021084064388 0.0149242783138 0.0104302918809 0.0196392172258 0.0124017031492 0.0250946848405 0.00775668043199 0.0250005757948 0.0122219593589 0.0110998588473 0.00585874489455 0.0153218075403 0.0100366209897 0.00874729497645 0.0113535998733 0.00802227800189 0.0482206399737 -0.0216798472239 0.0182763216928 0.0189836200431 0.0202521594192 0.00753682107313 0.0161141185413 0.0276390804654 0.0211434418276 0.0256755451462 0.00636163616037 
0.0276397519534 0.0191849357761 0.0251127930776 0.0640055783879 0.0434477134207 0.0260875989831 0.0260538311129 0.00646669365054 0.0223449242163 0.0393194096459 0.00712152556738 0.00879601261233 0.00888618366996 0.0125899301258 0.307602833639 0.0130040784079 0.0317286950247 0.0123290654319 0.0184505871178 0.0124827818607 0.0182504457343 0.00964979087793 0.00532049181971 0.0228098118505 0.0169171875153 0.00308324907098 0.0138348098647 0.0105988308881 0.0253164710385 0.00602208561831 0.00738801360431 0.0175034189093 0.0206966116993 0.0580669552459 0.0198664137489 0.0138511274945 0.00467454470363 0.065799035246 0.00938056932325 0.0423452482304 0.00586656818038 0.0121384615995 0.0238015755271 0.0755850961946 0.00760039909404 0.00086165481669 0.0151449959873 0.0052818767718 0.0080747659344 0.00659942410551 
0.0206139484649 0.0109641578115 0.0132611768431 0.0257587823393 0.0152664997115 0.0305827936188 0.0254911027975 0.00748335574318 0.00723488076954 0.0261879539457 0.00571942981957 0.0101990194593 0.0311636988337 0.0115212306924 0.0130040784079 0.608325885992 0.0564898324922 0.00829679063274 0.0158366449842 0.0230111882479 0.0179133430907 0.0134366947457 0.00447051690426 0.0326206638687 0.0323138196096 0.00976574139252 0.0210164000054 0.00388516809535 0.0148537896663 0.0192208826222 0.0331530005897 0.0360149375004 0.0218775708916 0.0289241274526 0.00938947698724 -0.00486745064412 0.0204217596185 0.00940598832044 0.00939534746593 0.0361790891598 0.00906625632003 0.0415502724445 0.0298832258666 0.0247355066816 0.00633568260256 0.0035952370322 0.0133565746992 0.0178031317839 0.0131931369582 0.0232447116681 
0.0197533409629 0.0174239351447 0.00427371801797 0.0641957998984 0.03149589683 0.0351276170852 0.0472442026669 0.0206705716319 0.0355170572511 0.0485083125003 0.052088396428 0.0218797785906 0.030952295759 0.0178298524773 0.0317286950247 0.0564898324922 0.448765573033 0.0200915017174 0.0286947302824 0.0417394554327 0.0360878843277 0.0368903553222 0.0297323913252 0.0611281620767 0.0377319401287 0.0244398248003 0.032123020336 0.0166338171541 0.0638637877953 0.00893422949458 0.0463375387695 0.0277790187003 0.0336430935739 0.0288699280294 0.0251297817352 0.0739732716859 0.0122892110414 0.0209443240546 0.00155398460617 0.217911305062 0.0417223857521 0.0234514119142 0.0409907272014 0.0427398663986 0.0234835875732 0.0529207182351 0.060828546689 0.0327189698358 0.0307888356876 0.0192871415394 
0.0233109468759 0.0101697791198 0.00820676342757 -0.00464602578665 0.00397101793102 0.00661014646353 0.0164836927534 -0.0130352677662 0.0212021424013 0.0107582741808 0.0055984433328 -0.0129638827503 0.010791500936 0.018681788061 0.0123290654319 0.00829679063274 0.0200915017174 0.273018210018 0.010499930933 0.0322110123653 0.0187330224311 0.0294275075357 0.0179530483412 0.0213899410868 0.0177314031105 0.0112469733243 0.0122586820169 0.0133068258876 -0.0135200749371 0.00880608540615 0.00814427510014 0.00968476630493 0.0275955493948 0.00133103055237 0.0161226979016 0.00930169551005 0.010811456299 -0.00189478215222 0.00583152139073 0.0255331028223 0.04907701045 0.0411448616432 0.00624139490345 0.0144458292304 0.00210674697149 -0.00208616017269 0.0319858607062 0.00031772365671 0.0144071550122 -0.00700714794932 
0.00712301462824 0.0175858182978 0.0139801932606 0.0370006703407 0.0319504197239 0.0237714504695 0.0167125842983 0.0206984250782 0.0343195672621 0.0409670574966 0.0147470340953 0.00324651098411 -0.000560038845983 0.00333474329384 0.0184505871178 0.0158366449842 0.0286947302824 0.010499930933 0.222860723172 0.0282130035794 0.0142721451812 0.0153591548901 0.0151412368074 0.00797515287049 0.0146312703558 0.0105055453884 0.031733657657 0.00731677909777 0.0132933786682 -0.0035321377898 0.00644701744376 -0.00598140216825 0.0174247708703 0.0120858498878 0.0152136716972 0.0154985170481 0.00686729417013 0.00834409822049 1.32569331459e-05 0.0199568018659 0.0207553926899 0.0354634089741 0.0148127008338 0.021785829945 -0.00111567300797 0.00734573574091 0.0227367965821 -0.00145195822069 0.0123565843517 0.0271106833388 
0.0106794711812 0.0108816312821 0.00631795716623 0.0157296687845 0.022340648482 0.0278124821252 0.0120620012082 -0.000258130381635 0.0169801806524 0.0309121210392 0.0141608760019 0.0115431743884 0.0121963612586 0.0244974660036 0.0124827818607 0.0230111882479 0.0417394554327 0.0322110123653 0.0282130035794 0.199601342569 0.047397041423 0.014524109551 0.0238456292476 0.0275440365224 0.0186517411938 0.0102204586033 0.0149784031129 0.00271470578952 0.041516997582 0.0146857406984 0.0457449384754 0.0155967608957 0.0444198274683 0.00729713861753 0.0176814285256 0.0106685409209 0.00364292614588 0.0314783846351 0.00477843198862 0.0384686913834 0.0115096875941 0.0244385645614 0.023843566913 0.0338196653554 0.0210928271544 0.00147865369115 0.0441630197291 0.0213061642695 0.00500869702543 0.0285307490191 
0.0180379367977 0.00988962325564 0.0151074089427 0.0351542058757 0.0182510674097 0.032945154099 0.0155933052049 0.0109633612823 0.0206938321687 0.0325377653143 0.00324889527499 0.0031794749278 0.0324925944686 0.0109415111365 0.0182504457343 0.0179133430907 0.0360878843277 0.0187330224311 0.0142721451812 0.047397041423 0.208519900993 0.0158839279216 0.0264948067112 0.0123166345414 0.00806876218161 0.00657471640926 0.0065112146304 0.00812486530333 0.0509812463954 0.0116315254959 0.0128008695829 0.0147641808996 0.0443708334815 0.0149419734969 0.00961408222941 -0.0046882058921 0.00468671849999 0.0339576123899 0.0137081412186 0.0397033085776 0.00952409585427 0.00429424699817 0.0134798681484 0.0197815550178 0.0128977402121 -0.00500807547663 0.0301795169124 0.0289944336559 0.00560545384805 0.0169315628358 
0.0158412011677 0.0142094474882 0.0154967369447 0.0283474858593 0.00812513166191 0.0250690587266 0.01826299858 -0.000274416864978 0.0191294454231 0.012825018166 -0.00288989622226 0.0157506872068 0.0211646577576 0.0216445540982 0.00964979087793 0.0134366947457 0.0368903553222 0.0294275075357 0.0153591548901 0.014524109551 0.0158839279216 0.256140341788 0.0182912133742 0.0252261424723 0.0239132092935 0.00987028478754 0.0440219066615 -0.00222593202959 0.0064276972262 0.00153320117553 0.0187310592678 0.0110930075523 0.0221956914858 0.0232175570971 0.0146428146335 0.0132263712441 0.00608537604912 0.0292380154185 0.00356973274706 0.0409423386257 0.0263181573411 0.0365287594677 0.00440994400474 0.0206699804978 0.00379108121195 0.0154034440067 0.0315668507753 0.0216252016606 0.0189006989391 0.00195372773494 
0.00558011362648 0.0179123639508 0.0191960203407 0.0214186094495 0.00579307735609 0.0233766050146 0.0312076678584 0.00627249879082 0.0116564488157 0.0127136685574 0.0048832683585 -0.0104886989733 0.0301743798843 0.0174972721949 0.00532049181971 0.00447051690426 0.0297323913252 0.0179530483412 0.0151412368074 0.0238456292476 0.0264948067112 0.0182912133742 0.179783903557 0.0393969491882 0.0229231262975 0.003955450899 0.00572521523861 0.0111490753355 0.00312364284343 0.0100060941609 0.0266290973318 0.0135624856604 0.0338068068377 0.0185298847652 0.0107272699618 0.0532391386275 0.0151522973103 0.0165227584209 0.0153761774568 0.0370346308816 0.00242620446465 0.0090643150408 0.00522711675015 0.00702236496081 0.0165169275794 0.0232486138788 0.0283394144114 0.0166107753438 0.00531287962488 0.0103762777441 
0.0404006364392 -0.00510220135411 0.0158394939018 0.0558003876337 0.0264289218356 0.0337854254804 0.018362057005 0.0033413052605 -0.00384661112127 0.0299182696947 -0.0204583920705 0.00560786277841 0.0209844938079 0.021084064388 0.0228098118505 0.0326206638687 0.0611281620767 0.0213899410868 0.00797515287049 0.0275440365224 0.0123166345414 0.0252261424723 0.0393969491882 0.454315569325 0.0208679915782 0.00116644895151 0.0375196534091 0.0101687727593 -0.0215882250957 0.00618721814256 0.00425480526435 -0.0117535011193 -0.00818907294186 0.0264300681029 0.0273328483522 0.140030540421 0.00557062163904 0.0512130032971 -0.00633218754707 0.0569284531059 0.0125774890209 0.0212387231769 0.0357414181222 0.0444169388655 0.013433115146 0.149238416268 0.0471404213561 0.0175027108613 0.00626042496784 0.0337717651487 
0.0171480596447 0.0136059221915 0.0228510044532 0.0227981722973 0.0143366779339 0.0322132084144 0.0136150008373 0.00269241354174 0.0133026583975 0.0215580099343 0.0247756531403 0.0288797650186 0.00735831250073 0.0149242783138 0.0169171875153 0.0323138196096 0.0377319401287 0.0177314031105 0.0146312703558 0.0186517411938 0.00806876218161 0.0239132092935 0.0229231262975 0.0208679915782 0.296641039776 0.00498248978874 0.0499602489972 0.00706637167453 0.0221095322287 0.0126885714362 0.0320983476243 0.0227707479591 0.00442674299802 0.00477743315562 0.0507874167413 0.000551694658758 0.0155060529469 0.00652648095528 0.004909038181 0.0198545242549 0.0151254707547 0.0322013683806 0.0202322075381 0.0302621977582 -0.0102780308874 0.0205971081513 0.0270039727141 0.00921813012797 0.0146618007471 -0.000997469239445 
-0.00920855395068 0.0153922567565 0.00871386544935 0.00544727490872 0.00897244259535 0.0198109919927 0.0159429808433 0.0217550644907 0.0240734970775 0.0255753287135 0.0148206336871 0.00609164390274 0.00338894893252 0.0104302918809 0.00308324907097 0.00976574139252 0.0244398248003 0.0112469733243 0.0105055453884 0.0102204586033 0.00657471640926 0.00987028478754 0.003955450899 0.00116644895151 0.00498248978874 0.230227690525 0.00469866534935 0.0237980391467 -0.0122050449492 0.00791220793194 -0.00161299593145 0.0168957935652 0.00263208496301 0.00789741506407 0.0104343778324 -0.0100621282295 -0.00621136879503 0.00629789599806 0.0101194723186 0.0130148868258 0.0187673063854 0.00985189432752 -0.000849958825933 0.00492192725188 0.0121546968789 0.0129053686979 0.00513448866326 0.00436669432096 0.00285163050949 0.00737658957428 
0.0278551363935 0.0115262037092 0.0291517030171 0.0375947269711 0.00925099816972 0.068893659791 0.0239304085806 0.0183637654689 0.0146961715443 0.027831283078 0.0225438966771 0.0183891222303 0.0107086784936 0.0196392172258 0.0138348098647 0.0210164000054 0.032123020336 0.0122586820169 0.031733657657 0.0149784031129 0.0065112146304 0.0440219066615 0.00572521523861 0.0375196534091 0.0499602489972 0.00469866534935 0.324990042068 0.0100925478067 0.0139894732531 0.0189144680464 0.0194613678259 0.0298208635272 0.00854850420653 0.0181419225381 0.044084474604 0.0268541928074 0.0108448945164 0.0242009003275 0.009706253891 0.0384080999861 0.00609787920628 0.0534102803239 0.0222191431821 0.0468190007425 1.22705199515e-05 0.0294301789946 0.0222513728258 0.0105669414179 0.0179787259134 0.0218670406575 
0.00647043152527 0.0310087477177 0.0016823020093 -0.00199326856581 0.00408952990615 0.00561439833814 0.0123116587429 0.00201620789571 0.0168400373599 0.00253057231392 -0.00643498829307 -0.00394816625674 -0.000853541650545 0.0124017031492 0.0105988308881 0.00388516809535 0.0166338171541 0.0133068258876 0.00731677909777 0.00271470578952 0.00812486530333 -0.00222593202959 0.0111490753355 0.0101687727593 0.00706637167453 0.0237980391467 0.0100925478067 0.18256533943 0.00527013840769 0.00479286268869 0.0178645210934 0.013527069843 0.00531012174704 0.002717207688 0.00655410488874 0.0181435390043 0.00176252870144 -0.0139803094448 0.0108067653774 0.0191159696564 0.00612929813029 0.00467168687974 0.0144456200259 0.00613428084666 -0.00265822066729 0.0133433259019 0.00741325723533 0.0150052731552 0.013939052905 0.00914104539501 
0.00704566187248 -0.00418017007096 0.00778586964031 0.0292401992507 -0.00567559117301 0.0280914866603 0.0317823077503 0.0225947106025 0.0212659174118 0.042697455933 0.0449837060893 -0.00340745127452 0.00561154689642 0.0250946848405 0.0253164710385 0.0148537896663 0.0638637877953 -0.0135200749371 0.0132933786682 0.041516997582 0.0509812463954 0.0064276972262 0.00312364284343 -0.0215882250957 0.0221095322287 -0.0122050449492 0.0139894732531 0.00527013840769 1.32558276086 0.0075482099321 0.0499041649284 0.0138980899937 0.0469821711167 0.051532947788 0.0276447119163 -0.0212139060682 0.00225131092276 0.00883316794181 -0.00250009072796 0.0135908478306 -0.0221345147771 0.0218230248811 0.0308507300345 -0.00175572439344 0.00431188445094 -0.00131918875614 -0.0231564107995 0.000880689998634 -0.0203649802087 0.12649167828 
0.00290452501111 0.0076851135856 0.00466133550577 0.0021634032042 0.00267303470146 0.00796876339556 0.0166748221772 0.0109810224675 0.0126173737871 -0.00530984755875 -0.00237612997446 0.000634145707317 0.00482938769516 0.00775668043199 0.00602208561831 0.0192208826222 0.00893422949458 0.00880608540615 -0.0035321377898 0.0146857406984 0.0116315254959 0.00153320117553 0.0100060941609 0.00618721814256 0.0126885714362 0.00791220793194 0.0189144680464 0.00479286268869 0.0075482099321 0.176199393616 0.0186533332125 0.00715046575034 0.00732717131808 0.0015325362044 0.00345930041337 0.00597681548877 0.00783238957977 0.016839129131 0.0112474187399 0.0120584253572 0.0111361982626 0.00918866734435 0.0086202895609 0.00106071114284 0.0154068166401 -0.0108758664623 -0.00331041235874 0.018691143206 0.00741605302928 0.0126769174974 
0.00803020697624 0.0177810073865 0.0107410395561 0.0238007135953 0.0116572955167 0.022420065251 0.0277338261771 0.0128280779322 0.0276155592294 0.0420103841409 0.0112252472937 0.00163996315484 0.0189668034065 0.0250005757948 0.00738801360431 0.0331530005897 0.0463375387695 0.00814427510014 0.00644701744376 0.0457449384754 0.0128008695829 0.0187310592678 0.0266290973318 0.00425480526435 0.0320983476243 -0.00161299593145 0.0194613678259 0.0178645210934 0.0499041649284 0.0186533332125 0.213279923281 0.00785220817958 0.0300919279143 0.0115192247367 0.0189277573588 0.0263905572689 0.0154272240203 0.00767293820084 0.0224749677238 0.0199474961817 0.00403918880722 0.0225020292462 0.010737120542 0.0261291736373 0.0093588582811 0.0239165205163 0.0476857605053 0.0150997426528 0.0143842145229 0.00864491449069 
0.00925143078907 0.00907201215843 0.00393298054449 0.0212014420635 0.0107907299322 0.030067378586 0.025556106996 0.00939002985377 0.0132990419461 0.0016267371037 0.0110257205759 0.00432301634569 0.0322098325186 0.0122219593589 0.0175034189093 0.0360149375004 0.0277790187003 0.00968476630493 -0.00598140216825 0.0155967608957 0.0147641808996 0.0110930075523 0.0135624856604 -0.0117535011193 0.0227707479591 0.0168957935652 0.0298208635272 0.013527069843 0.0138980899937 0.00715046575034 0.00785220817958 0.214713021821 0.0127259636897 0.0252221243579 0.0331697674087 0.0162129223873 0.000489289701595 0.0132550705255 0.000459810934555 0.0336060215419 0.0128586939785 0.016339235669 0.0295397598508 0.0174302050491 0.00809172713747 0.00415320976493 0.0362102309125 -0.00507095190845 0.00670366146974 0.0167923975831 
0.00627658557198 0.0201204612469 -0.0063662198149 0.000651577258361 0.0244595326889 0.00257722309289 0.0155288287132 -0.000586084173536 0.0252136669473 0.0407553385408 0.0239932333866 0.0144871588848 0.0184384292854 0.0110998588473 0.0206966116993 0.0218775708916 0.0336430935739 0.0275955493948 0.0174247708703 0.0444198274683 0.0443708334815 0.0221956914858 0.0338068068377 -0.00818907294186 0.00442674299802 0.00263208496301 0.00854850420653 0.00531012174704 0.0469821711167 0.00732717131808 0.0300919279143 0.0127259636897 0.195077561255 0.0158530148156 0.0144697937138 0.0134506404723 0.0153993789724 0.0193812073084 0.00268603519189 0.0326543542107 0.00884769038982 0.0120584316606 0.0157877122387 0.0111620715478 0.0207183451713 0.00161086866582 0.0302003895311 0.013073182506 0.00348151708829 0.020185143048 
0.0304327542984 0.00671380346064 0.0364905927039 0.082337741684 0.0313861496182 0.0140533304455 0.0387572242321 0.0136290313422 0.0149645851295 0.0327511534054 0.00777688464522 0.0218312218206 0.0102421228168 0.00585874489455 0.0580669552459 0.0289241274526 0.0288699280294 0.00133103055237 0.0120858498878 0.00729713861753 0.0149419734969 0.0232175570971 0.0185298847652 0.0264300681029 0.00477743315562 0.00789741506407 0.0181419225381 0.002717207688 0.051532947788 0.0015325362044 0.0115192247367 0.0252221243579 0.0158530148156 0.635266863409 0.0172140137172 0.0140666743731 0.00219716601199 0.0562145261576 0.00634758341292 0.031475112866 -0.0366325957831 0.00708309538054 0.028738285582 0.0601838144064 0.0127096106875 0.0106616465071 0.0192938189092 0.00435421726764 0.0165833370655 0.032150870981 
0.0227010756184 0.0221434529233 0.0229401619961 -0.0075688296083 0.0304968763416 0.0512187675105 0.0136080348537 -0.00167248794493 0.00592504938235 0.0166164086163 0.00459227290032 0.00633845666788 0.00145304279235 0.0153218075403 0.0198664137489 0.00938947698724 0.0251297817352 0.0161226979016 0.0152136716972 0.0176814285256 0.00961408222941 0.0146428146335 0.0107272699618 0.0273328483522 0.0507874167413 0.0104343778324 0.044084474604 0.00655410488874 0.0276447119163 0.00345930041337 0.0189277573588 0.0331697674087 0.0144697937138 0.0172140137172 0.373483747743 0.0136794628188 0.00119742073385 0.0394495356341 0.0102508795377 0.0140390896497 -0.00381368615515 0.0357062885965 0.0392157962109 0.0269971663791 0.00752163243886 0.000567670618188 0.0103224273115 0.00781303765211 0.000355969776158 -0.0177990264025 
0.0103672106508 0.0188474004781 0.00744280118124 0.0281518753445 0.0220453898336 0.0172561984993 0.0278572149655 -0.00937636028001 -0.00632784428693 0.0174654875999 -0.035880683944 0.0221627790421 0.0183177727297 0.0100366209897 0.0138511274945 -0.00486745064412 0.0739732716859 0.00930169551005 0.0154985170481 0.0106685409209 -0.0046882058921 0.0132263712441 0.0532391386275 0.140030540421 0.000551694658758 -0.0100621282295 0.0268541928074 0.0181435390043 -0.0212139060682 0.00597681548877 0.0263905572689 0.0162129223873 0.0134506404723 0.0140666743731 0.0136794628188 0.403572790049 0.0115497925191 -0.000235621600987 0.0036868749804 0.054828156088 0.0395051955804 -0.00529075112624 -0.0131401944437 0.0095105494906 -0.0116212612491 0.130048551317 0.0160189348011 0.0230427335911 0.00722942303504 0.0136106405854 
0.000874553437532 0.0123136141864 -0.00187624603403 -0.00801448173724 0.0104768103983 0.0288577261589 0.00933107824972 -0.00386535050626 -0.0038947257927 0.0147770092577 0.00719614167118 -0.00929114119864 -0.00289929922815 0.00874729497645 0.00467454470363 0.0204217596185 0.0122892110414 0.010811456299 0.00686729417013 0.00364292614588 0.00468671849999 0.00608537604912 0.0151522973103 0.00557062163904 0.0155060529469 -0.00621136879503 0.0108448945164 0.00176252870144 0.00225131092276 0.00783238957977 0.0154272240203 0.000489289701595 0.0153993789724 0.00219716601199 0.00119742073385 0.0115497925191 0.368549407285 0.0298094609787 -0.00708506928333 0.00964109366788 0.00470776281077 0.00937611929552 0.00126178187596 -0.00185906938314 0.0154807076933 0.000657884044791 -0.00117855428019 -0.00301794369697 -0.00010643252152 -0.00360147168531 
0.0463802844416 0.0152484344179 0.00575144113881 0.12212409993 0.0232800915093 0.0173835113531 -0.00620851909384 0.0105777444633 -0.000816056541427 0.0384300592605 0.0107461217614 0.00443113368984 0.0168718460702 0.0113535998733 0.065799035246 0.00940598832044 0.0209443240546 -0.00189478215223 0.00834409822049 0.0314783846351 0.0339576123899 0.0292380154185 0.0165227584209 0.0512130032971 0.00652648095528 0.00629789599806 0.0242009003275 -0.0139803094448 0.00883316794181 0.016839129131 0.00767293820084 0.0132550705255 0.0193812073084 0.0562145261576 0.0394495356341 -0.000235621600988 0.0298094609787 0.45608213146 0.000161692338863 0.0227098698014 0.00543517882399 0.0173227002396 0.0103307789661 0.0657369967613 0.0109756134269 0.000250799390891 0.0410358065007 0.016634385734 0.00163291902912 0.0301180843458 
0.0143708866063 0.00632562721769 0.000807688847559 -0.0114097567002 -0.00382198031076 0.00518599344326 0.00885861312063 0.000375932765427 0.0114964411954 0.0104194782963 -0.00272073898406 -0.00540337397987 0.0110948375345 0.00802227800189 0.00938056932325 0.00939534746593 0.00155398460617 0.00583152139073 1.32569331459e-05 0.00477843198862 0.0137081412186 0.00356973274706 0.0153761774568 -0.00633218754707 0.004909038181 0.0101194723186 0.009706253891 0.0108067653774 -0.00250009072796 0.0112474187399 0.0224749677238 0.000459810934555 0.00268603519189 0.00634758341292 0.0102508795377 0.0036868749804 -0.00708506928333 0.000161692338863 0.132438421768 0.00333864509379 0.00436036613721 0.00384756328322 0.0105063530382 0.00145808367995 -0.00372778720273 -0.00226183753693 0.00450059435812 0.0126543630389 0.00594171925848 0.00726458336028 
0.020203412076 0.025248073656 0.0156488038491 0.039355095457 0.0233066858783 0.0510686174063 0.0415314832228 0.0038126130098 0.0247616071609 0.0477483330927 0.0338673573557 0.0147603677522 0.0153021243998 0.0482206399737 0.0423452482304 0.0361790891598 0.217911305062 0.0255331028223 0.0199568018659 0.0384686913834 0.0397033085776 0.0409423386257 0.0370346308816 0.0569284531059 0.0198545242549 0.0130148868258 0.0384080999861 0.0191159696564 0.0135908478306 0.0120584253572 0.0199474961817 0.0336060215419 0.0326543542107 0.031475112866 0.0140390896497 0.054828156088 0.00964109366788 0.0227098698014 0.00333864509379 0.426297932387 0.0278804902769 0.0173214064585 0.0273032754423 0.0438295103927 0.0156042640438 0.049527449046 0.0430356331652 0.0357435164203 0.010760250597 0.0272343788757 
0.00113576180238 0.0112142379262 0.0214245875432 0.0238786006052 0.0137588822976 0.00920945530049 0.00221823191212 0.00145062466858 0.0222771000058 0.00875858951487 0.0176159182804 0.00686694748834 0.00485481145521 -0.0216798472239 0.00586656818038 0.00906625632003 0.0417223857521 0.04907701045 0.0207553926899 0.0115096875941 0.00952409585427 0.0263181573411 0.00242620446465 0.0125774890209 0.0151254707547 0.0187673063854 0.00609787920628 0.00612929813029 -0.0221345147771 0.0111361982626 0.00403918880722 0.0128586939785 0.00884769038982 -0.0366325957831 -0.00381368615515 0.0395051955804 0.00470776281077 0.00543517882399 0.00436036613721 0.0278804902769 0.978659726813 0.0438961034238 0.00829963914196 0.0253941205382 -0.0100640244734 0.0189410538523 0.00392906842009 0.00142017817883 0.00376324216902 0.00125323957774 
0.0184409809296 0.0134932014715 0.00988406230457 0.0295516652393 0.0208450359144 0.047064987343 0.00737838378473 0.000795868751403 0.0337609991584 0.0134119099385 0.0422112753289 0.00700487975609 0.0113996007791 0.0182763216928 0.0121384615995 0.0415502724445 0.0234514119142 0.0411448616432 0.0354634089741 0.0244385645614 0.00429424699817 0.0365287594677 0.0090643150408 0.0212387231769 0.0322013683806 0.00985189432752 0.0534102803239 0.00467168687974 0.0218230248811 0.00918866734435 0.0225020292462 0.016339235669 0.0120584316606 0.00708309538054 0.0357062885965 -0.00529075112624 0.00937611929552 0.0173227002396 0.00384756328322 0.0173214064585 0.0438961034238 0.280687829444 0.0259207453439 0.0147949181204 0.0243185618886 0.0104199168555 0.0206483418826 0.0106075379505 0.00944054680154 0.024940819026 
0.0148551254043 0.00789799226518 0.0182961788665 0.0234754977465 0.029363976247 0.055018857696 0.0247542234975 0.0121477273304 0.0227719402946 0.0351440204226 0.0426448774355 0.0155784980274 0.0193443711323 0.0189836200431 0.0238015755271 0.0298832258666 0.0409907272014 0.00624139490345 0.0148127008338 0.023843566913 0.0134798681484 0.00440994400474 0.00522711675015 0.0357414181222 0.0202322075381 -0.000849958825933 0.0222191431821 0.0144456200259 0.0308507300345 0.0086202895609 0.010737120542 0.0295397598508 0.0157877122387 0.028738285582 0.0392157962109 -0.0131401944437 0.00126178187596 0.0103307789661 0.0105063530382 0.0273032754423 0.00829963914196 0.0259207453439 0.371756629779 0.0399314556226 0.00491550832906 0.0108208178385 0.0239805646765 -0.00176277930471 0.00575652014088 0.00504792100568 
0.0287892218954 0.00239359336841 0.01703789456 0.083167023913 0.0552709430376 0.0282329731924 0.0177850742638 0.0164004277045 0.016441872806 0.0241520760226 0.00159125586412 0.0252556574479 0.00293504713824 0.0202521594192 0.0755850961946 0.0247355066816 0.0427398663986 0.0144458292304 0.021785829945 0.0338196653554 0.0197815550178 0.0206699804978 0.00702236496081 0.0444169388655 0.0302621977582 0.00492192725188 0.0468190007425 0.00613428084666 -0.00175572439344 0.00106071114284 0.0261291736373 0.0174302050491 0.0111620715478 0.0601838144064 0.0269971663791 0.0095105494906 -0.00185906938314 0.0657369967613 0.00145808367995 0.0438295103927 0.0253941205382 0.0147949181204 0.0399314556226 0.317120550397 0.0169472291027 0.00611407072212 0.0543105582199 0.00515871875024 -0.000202853780776 0.0350023155275 
-0.00221501366328 0.00202448821953 0.00894340787516 -0.00459806107994 0.00251969250135 0.146538921023 0.0130339693457 0.00419426315989 0.0226070296273 0.0172625099974 0.0122288098466 -0.0089938878271 0.00580361612168 0.00753682107313 0.00760039909404 0.00633568260256 0.0234835875732 0.00210674697149 -0.00111567300797 0.0210928271544 0.0128977402121 0.00379108121195 0.0165169275794 0.013433115146 -0.0102780308874 0.0121546968789 1.22705199514e-05 -0.00265822066729 0.00431188445094 0.0154068166401 0.0093588582811 0.00809172713747 0.0207183451713 0.0127096106875 0.00752163243886 -0.0116212612491 0.0154807076933 0.0109756134269 -0.00372778720273 0.0156042640438 -0.0100640244734 0.0243185618886 0.00491550832906 0.0169472291027 0.573631589473 -0.00278264523138 0.0203024780996 -0.00296549668178 -0.00807352417475 0.00135475086654 
0.0155347427746 0.0166520155385 -0.00317020215543 0.0161992688115 0.0329657765831 0.00957660405047 0.00643001505559 -0.010807718449 0.00635530475788 0.0098456759623 -0.00999498331756 -0.000100071675844 0.00742274741858 0.0161141185413 0.00086165481669 0.0035952370322 0.0529207182351 -0.00208616017269 0.00734573574091 0.00147865369115 -0.00500807547663 0.0154034440067 0.0232486138788 0.149238416268 0.0205971081513 0.0129053686979 0.0294301789946 0.0133433259019 -0.00131918875614 -0.0108758664623 0.0239165205163 0.00415320976493 0.00161086866582 0.0106616465071 0.000567670618188 0.130048551317 0.000657884044791 0.000250799390891 -0.00226183753693 0.049527449046 0.0189410538523 0.0104199168555 0.0108208178385 0.00611407072212 -0.00278264523138 0.34641978543 0.0242906001977 0.0150162870321 0.012117403852 -0.00879949794991 
0.00224577064431 0.016918698572 0.0289712854069 0.0560853232446 0.0311441730015 0.0304134958669 0.020944261379 0.0286922420672 0.0342186214344 0.0581959025189 0.0184205920365 0.00641176805463 0.0254301811529 0.0276390804654 0.0151449959873 0.0133565746992 0.060828546689 0.0319858607062 0.0227367965821 0.0441630197291 0.0301795169124 0.0315668507753 0.0283394144114 0.0471404213561 0.0270039727141 0.00513448866326 0.0222513728258 0.00741325723533 -0.0231564107995 -0.00331041235874 0.0476857605053 0.0362102309125 0.0302003895311 0.0192938189092 0.0103224273115 0.0160189348011 -0.00117855428019 0.0410358065007 0.00450059435812 0.0430356331652 0.00392906842009 0.0206483418826 0.0239805646765 0.0543105582199 0.0203024780996 0.0242906001977 0.26927054502 0.0118899065047 0.00509179053348 0.00988356107417 
