40
0.0246636786654 0.162626926374 0.0206012582373 0.0599327976672 0.079223051944 0.070265204238 0.0357111585815 0.102128665084 0.023015295127 0.037496284255 0.110625092132 0.0149217979249 0.197480990077 0.0843714281037 0.0248608942987 0.0791308905459 0.0263662592882 0.0651633165571 0.0353360638732 0.0146510565804 0.0347696809731 0.0442318588416 0.153319254475 0.13159191543 0.275379497042 0.0128714932266 0.0124927962784 0.169485482474 0.0246645675501 0.0308834605432 0.0354646018646 0.0210495138202 0.0125275076286 0.0374431650663 0.185879968849 0.0486003975036 0.0448147494519 0.0253746335001 0.147407151382 0.0672535079153 
0.133923530238 0.00661668171796 0.0141738579837 0.00408989516953 0.0125070527072 -8.40338937031e-05 0.0158962348846 0.00393501885823 0.0237140777171 0.019041140881 0.00657302415296 -0.00110624808193 0.0379203292979 0.0087458919335 0.0178830309245 0.00831048697745 0.0152526048837 0.00868538107072 0.0132694885311 0.0218350794888 0.0123629550843 0.0144602261788 0.0131388851922 0.0112640827332 0.0126617468313 0.00811737371802 0.00990085153722 -0.000145603000961 0.0296025527049 0.018344066382 0.0126207231837 0.0129081236147 0.0158007862521 0.00675685012339 0.0152498679227 0.00911088338824 0.0078979861821 0.00861394486135 0.0015515378163 0.0141049891377 
0.00661668171796 1.09882707003 0.0141608170251 -0.00291883768092 0.0048048380605 -0.00968433548936 0.0145097720712 -0.0112004586859 0.0079380937262 0.0410049150147 0.00165309058865 -0.00660379462606 0.0161502744293 0.0198993250542 0.00358696064807 0.00633356483879 0.0338410851204 0.042342376125 0.0184003195417 0.00166112240208 0.0241063679211 0.00399587170563 0.0231012260685 0.064510334853 0.00731455940141 -0.0103349014716 -0.00063321555964 0.243552679204 0.00420600565578 3.14565985893e-05 0.0402023375721 0.00993705282995 -0.00722907721539 0.00157528425017 0.039717861103 0.016270685012 -0.00350360623581 0.0013303530436 0.0563063953923 -0.00166955388242 
0.0141738579837 0.0141608170251 0.184965838798 0.0052286704217 0.022908836939 0.0236917177622 0.017879009801 0.0180420921859 0.0178206799416 0.0225978458693 0.0307353782355 0.02880064719 0.0125934562754 -0.00357349222672 0.0111596506843 0.000938184296807 0.0278258346035 0.00589087476171 0.01050485486 0.0181629142457 0.0216229973301 0.0221370258976 0.0163017142915 0.0441130983217 -0.00985704378263 0.00840608393151 0.0246118070738 0.00909771517096 0.01973638813 0.0184253208424 -0.000603300779644 0.00617393170596 0.0208851707877 0.0133778756452 0.0449597216255 0.00952424296092 0.0122393203944 0.0230984560674 0.0146802428082 0.00110089303308 
0.00408989516953 -0.00291883768092 0.0052286704217 0.335133380452 0.0247116238604 0.00438322867631 0.0285872294329 0.00779027653517 0.0149972185717 0.0346552507176 0.0259346534893 -0.00156843730692 0.0184658049109 0.0150842126075 0.0116836523013 0.0120312730735 -0.00186606866562 0.0120402563805 -0.00141065503302 0.0112017668272 0.0124850517069 0.0170556249945 0.0179553840973 0.039445536936 -0.0076674427971 -0.00562573636997 0.00229228670458 -0.00116039211918 0.00900873387749 0.0153661844586 0.0110492979571 0.00819325145783 0.0335669032063 0.0291760881019 0.0617336396595 0.00219900657353 0.0115808010426 0.0191708519561 0.0200747881908 0.0252268826696 
0.0125070527072 0.0048048380605 0.022908836939 0.0247116238604 0.378984451342 0.00444311035663 0.0231408199176 0.0111246525011 0.000458624307848 0.0113558812932 0.0248666709893 0.0288617942517 -0.00562242262354 0.010493364094 0.028260124146 0.0111514303589 0.0317791258779 0.0139957164971 0.0331719067332 0.0111359437937 0.0127918463945 0.028563001349 0.0390276627967 0.0216285859029 -0.0587764045572 0.0133244288764 0.0205792409869 0.018673970721 0.00982221015447 0.013004869895 0.0128150755674 0.0856096969935 0.0211249050273 0.00737972800886 0.0346734535979 0.0288070697596 0.0295128697238 0.0240889294149 0.0186230709358 0.0361655754579 
-8.40338937032e-05 -0.00968433548936 0.0236917177622 0.00438322867631 0.00444311035663 0.979602121753 0.0105538137045 0.0201232374427 0.00663874635994 0.0163899715759 0.00527837984945 0.0164876633145 0.0459034619554 0.00784929189639 0.0155327551721 0.00258671885023 -0.0175413155989 0.0127742576098 0.00453623248715 0.00842062547661 -0.000793924019382 0.0120114601859 0.013496423059 0.0370739262088 0.0067781691628 -0.010666949191 -0.00343023839986 0.0426223755797 0.0185799993365 0.0252791705795 0.00916395096062 -0.00474078404364 0.0147351666115 0.0144760819106 -0.0090590622806 -0.00194273444968 0.0110021943297 0.00133319829817 0.026302856206 0.0207806937463 
0.0158962348846 0.0145097720712 0.017879009801 0.0285872294329 0.0231408199176 0.0105538137045 0.294132183103 0.0381538781316 0.0191504527613 0.040092298564 0.00506064280332 0.0116215987366 0.00882526440586 0.00830810499894 0.00896936973181 0.00605852988516 0.0329508446409 0.0191502584608 0.0196527676019 0.018265801332 0.0276380267526 0.0274219783182 0.0399139679799 0.0114212796311 -0.0283537557412 0.00159642865844 0.0143581142301 0.00694893960442 0.0259468189182 0.0263746036419 0.00993378641517 0.0275197043641 0.0342420251485 0.0195655538587 0.0347892899585 0.0176573386246 0.0179750611165 0.0203596161902 -0.0174393713786 0.0365375206144 
0.00393501885823 -0.0112004586859 0.0180420921859 0.00779027653517 0.0111246525011 0.0201232374427 0.0381538781316 0.682589274669 0.0148382306778 0.00667204834394 0.0354747772127 0.0358019428034 0.0243570331727 0.0302492970303 0.00524807994312 0.00169961691475 0.0318203961563 -0.00498950623279 0.0263686448443 0.00674308432181 0.0141845301416 0.0353700060901 0.0428590273751 0.0567412956906 -0.0119003650425 0.00620314737011 0.00901073236512 0.0172346870853 0.00321935980335 0.00679602148164 0.0044102979517 0.00668453901344 0.00801889582186 0.0237901726048 0.0525320203601 0.0197356807558 0.0141547735187 0.0236713045582 0.0434731694137 0.0316186450711 
0.0237140777171 0.00793809372619 0.0178206799416 0.0149972185717 0.000458624307849 0.00663874635994 0.0191504527613 0.0148382306778 0.139256140417 0.0444670171797 0.0239598143908 0.0195992875037 0.0106520258057 0.00545754212756 0.0243290797941 0.0104640863178 0.024987277626 0.020934389382 -0.00140219961606 0.0178309948366 0.0119745344499 0.0214189448087 0.034315443706 0.00790014638619 -0.00173483788462 0.0056977659388 0.0163617082322 0.00597438444918 0.037491055879 0.0181866237613 0.0190430110485 0.00925517165209 0.0147539903236 0.0210546223212 0.0241052090606 0.00562427455699 0.000784763641351 0.0208408497798 0.0108989156126 0.0192389729361 
0.019041140881 0.0410049150147 0.0225978458693 0.0346552507176 0.0113558812932 0.0163899715759 0.040092298564 0.00667204834394 0.0444670171797 0.232090285957 0.0304733465495 0.0204225985344 0.0564850577772 0.000664601882642 0.0198342606699 0.0110755908994 0.0169817705858 0.0352916921399 0.0297340875048 0.0226616125915 0.0188905286755 0.0305296887657 0.0267170287743 0.0216230298395 -0.00698963566966 0.0070394818767 0.0143121543202 0.0169875030417 0.0258403562117 0.0346582541721 0.0148100610907 0.0170474764886 0.0194208375318 0.0223886430928 0.0251782453058 0.0163713731734 0.00159848271957 0.00755308746345 0.00428199263295 0.014278107011 
0.00657302415296 0.00165309058865 0.0307353782355 0.0259346534893 0.0248666709893 0.00527837984945 0.00506064280332 0.0354747772127 0.0239598143908 0.0304733465495 0.577234824884 0.035610046135 0.0274482997547 0.0343578888959 0.0397625072046 0.00249606023827 0.0231376258056 0.00109847037342 0.0192457945201 0.00790031589404 0.0337060519839 0.0491751299388 0.05135543377 0.0357587098045 -0.009774290173 0.00140723518432 0.00539909713712 -0.00796331792461 0.0101855546412 0.0200126087155 0.00207367317308 0.0232924323175 2.4297841082e-05 0.0235095585124 0.0501916157877 0.0189036262118 0.0146186980524 0.0535869783372 0.0208060184308 0.0384595349791 
-0.00110624808193 -0.00660379462606 0.02880064719 -0.00156843730692 0.0288617942517 0.0164876633145 0.0116215987366 0.0358019428034 0.0195992875037 0.0204225985344 0.035610046135 0.309768887006 0.0373989020298 0.0112359149476 0.0452453575195 0.087052901409 0.033442401224 0.00894210118002 0.0286589755553 0.019374742623 0.0187808828385 0.0241136689902 0.0366391500634 0.0204940604591 -0.00480494909826 0.0173943611371 0.0151823202542 0.00260753096446 0.0039057185487 0.0232660272297 -0.00385251208531 0.019550219332 0.0252714384211 0.0219925140435 0.0152945221229 0.0165786172569 0.0223356697123 0.0362910500887 0.0185135918621 0.0447324582548 
0.0379203292979 0.0161502744293 0.0125934562754 0.0184658049109 -0.00562242262354 0.0459034619554 0.00882526440586 0.0243570331727 0.0106520258057 0.0564850577772 0.0274482997547 0.0373989020298 0.87750354163 0.0160686928447 0.0170960365888 0.00200465635944 0.0144241037685 0.0111056193295 0.0260100698404 0.00860657022851 -0.00313946518874 0.0314192118928 0.0346330414789 0.0359820480722 -0.0126843437083 0.0173566990779 0.0516965163836 -0.000264853183242 0.0249162673316 0.0154870662218 -0.0072781101713 0.0277330504504 -0.00107113886576 0.00868977511981 0.00392481691485 -0.00649728776054 0.0212177914763 0.0365369990751 0.0408277626026 0.0275558828924 
0.0087458919335 0.0198993250542 -0.00357349222672 0.0150842126075 0.010493364094 0.00784929189639 0.00830810499894 0.0302492970303 0.00545754212756 0.000664601882642 0.0343578888959 0.0112359149476 0.0160686928447 0.850563897945 0.0210077168762 0.0188878107254 0.0126584147511 0.00429325377604 0.0419273075208 -0.00459094727114 0.0249302249599 0.0339320933406 0.0309592806189 0.00646518121442 -0.0151015011535 0.00376150802789 0.00649612539107 0.0124966091314 0.0069405005045 0.023573595213 0.0152307344201 -0.0153258730366 0.00695909376293 -0.0127710090937 0.149557450243 0.0181391065686 0.0412509980283 0.0107267873898 -0.00128415638634 0.042014133319 
0.0178830309245 0.00358696064807 0.0111596506843 0.0116836523013 0.028260124146 0.0155327551721 0.00896936973181 0.00524807994312 0.0243290797941 0.0198342606699 0.0397625072046 0.0452453575195 0.0170960365888 0.0210077168762 0.217877554564 0.000902347429887 0.0325415608868 0.0122236401546 0.0170953132369 0.0179309073644 0.0229155482154 0.0270631994121 0.0341392182473 0.0223464660796 0.00553096375141 -0.00136507459893 0.0209569626499 -0.00242351484509 0.0357243513436 0.0470905072986 0.0134546983371 0.0278728544048 0.0103961135672 0.0169651289444 0.0182237162371 0.0126708515711 0.013374594098 0.0125765337231 -0.0024820024852 0.0418613934027 
0.00831048697745 0.00633356483878 0.000938184296807 0.0120312730735 0.0111514303589 0.00258671885023 0.00605852988516 0.00169961691475 0.0104640863178 0.0110755908994 0.00249606023827 0.087052901409 0.00200465635944 0.0188878107254 0.000902347429888 0.617692912647 0.00814746019259 0.0123127338293 0.0123693240689 0.0153282735923 0.00699028970289 0.00164705142715 0.0170789850353 0.0298133717881 -0.00333814737456 0.00835476611379 0.0105500218522 0.0154119254494 0.00827071639909 0.00413558931067 -0.00828846094549 0.00292715763583 0.0292561680698 0.0129566518325 -0.00669175510989 0.0197699723987 0.00104178723455 0.0214597593602 0.0148872498575 0.0109952284733 
0.0152526048837 0.0338410851204 0.0278258346035 -0.00186606866562 0.0317791258779 -0.0175413155989 0.0329508446409 0.0318203961563 0.024987277626 0.0169817705858 0.0231376258056 0.033442401224 0.0144241037685 0.0126584147511 0.0325415608868 0.00814746019259 0.231957146591 0.0218622237981 0.0022411973187 0.0243494076814 0.0203574225423 0.0278894283668 0.0571347062265 0.0339954533023 -0.0187250162335 -0.00424198082599 0.0259781278592 0.0136292376091 0.0337182035054 0.0317206133424 0.0146487616861 0.0122030420713 0.0135583701342 0.00814021513935 0.0502682439045 0.0207897534068 0.00191344183899 0.0177743894542 0.0422046819667 0.046536613265 
0.00868538107072 0.042342376125 0.00589087476171 0.0120402563805 0.0139957164971 0.0127742576098 0.0191502584608 -0.00498950623279 0.020934389382 0.0352916921399 0.00109847037342 0.00894210118003 0.0111056193295 0.00429325377604 0.0122236401546 0.0123127338293 0.0218622237981 0.24533789772 0.0168903879168 0.00576193717731 0.0209410676733 0.0149958196997 0.0197615999278 0.0465098656612 0.00149806180506 0.00494383487485 0.0183455141403 0.0323406346579 0.0140523946012 0.0175637495524 0.0647357987342 0.0249973293586 0.0219253871623 0.00223902232385 0.0207356205693 0.0118787339211 0.0129652353039 0.0032157303291 0.056516284794 0.0190062981228 
0.0132694885311 0.0184003195417 0.01050485486 -0.00141065503302 0.0331719067332 0.00453623248715 0.0196527676019 0.0263686448443 -0.00140219961606 0.0297340875048 0.0192457945201 0.0286589755553 0.0260100698404 0.0419273075208 0.0170953132369 0.0123693240689 0.0022411973187 0.0168903879168 0.310153772149 0.0121007070592 0.0150352777651 0.0180126993021 0.0149005310732 0.0122552751028 0.0155518147524 -0.00294509167819 0.0171780564895 0.00396347248866 0.00265663339454 0.0149990844387 0.0183521531876 0.00300795714746 0.000392430395277 0.00161682607192 0.0154639209072 0.0373080730385 0.0270189163653 0.0260331161997 0.011213346297 0.0277600182387 
0.0218350794888 0.00166112240208 0.0181629142457 0.0112017668272 0.0111359437937 0.00842062547661 0.018265801332 0.00674308432181 0.0178309948366 0.0226616125915 0.00790031589404 0.019374742623 0.00860657022851 -0.00459094727114 0.0179309073644 0.0153282735923 0.0243494076814 0.00576193717731 0.0121007070592 0.15079498651 0.0275476777626 0.0206817511169 0.0267803228559 0.00668177278093 -0.00215683349806 0.0211062652167 0.0169457277235 0.000518262314182 0.0211342355675 0.00749474072466 0.0030636251336 0.00522791438621 0.0187037751695 0.0162299991203 0.00862188260851 0.0115637996154 0.00420325128922 0.0142128866396 -0.00682345100937 0.0156789418106 
0.0123629550843 0.0241063679211 0.0216229973301 0.0124850517069 0.0127918463945 -0.000793924019382 0.0276380267526 0.0141845301416 0.0119745344499 0.0188905286755 0.0337060519839 0.0187808828385 -0.00313946518874 0.0249302249599 0.0229155482154 0.0069902897029 0.0203574225423 0.0209410676733 0.0150352777651 0.0275476777626 0.233688153936 0.043866154085 0.0335352934995 0.0283939590092 -0.0185030152131 0.00305417791128 0.0218261931153 0.0140307397027 0.00451892620915 0.00872238996245 0.00585280394995 0.00273186448753 0.00778045066766 0.0267099454737 0.0456627623222 0.00533978805289 0.0141855694373 0.0186262529653 0.0288414412343 0.0278950015775 
0.0144602261788 0.00399587170563 0.0221370258976 0.0170556249945 0.028563001349 0.0120114601859 0.0274219783182 0.0353700060901 0.0214189448087 0.0305296887657 0.0491751299388 0.0241136689902 0.0314192118928 0.0339320933406 0.0270631994121 0.00164705142715 0.0278894283668 0.0149958196997 0.0180126993021 0.0206817511169 0.043866154085 0.24012928666 0.0250446057872 0.0319436461845 -0.0088187044561 0.0170041452259 0.0220287949531 0.0270396508578 0.0215221203662 0.0247150870201 0.0127410324539 0.0110605018858 0.0206771348531 0.02449136242 0.0522388057164 0.0325959152716 0.0189262232652 0.0179509683485 0.0178402764124 0.0136826508557 
0.0131388851922 0.0231012260685 0.0163017142915 0.0179553840973 0.0390276627967 0.013496423059 0.0399139679799 0.0428590273751 0.034315443706 0.0267170287743 0.05135543377 0.0366391500634 0.0346330414789 0.0309592806189 0.0341392182473 0.0170789850353 0.0571347062265 0.0197615999278 0.0149005310732 0.0267803228559 0.0335352934995 0.0250446057872 0.624961079232 0.00731920776887 -0.00251995676371 0.00727751826011 0.0193667433672 0.0437679212269 0.0346747772041 0.0232511041929 0.0144043974301 0.0162010682867 0.0248868418639 0.0285446973257 0.0347356811942 0.0257523784319 0.0281572807112 0.0254947730223 0.0207204413132 0.0541573307835 
0.0112640827332 0.064510334853 0.0441130983217 0.039445536936 0.0216285859029 0.0370739262088 0.0114212796311 0.0567412956906 0.00790014638619 0.0216230298395 0.0357587098045 0.0204940604591 0.0359820480722 0.00646518121442 0.0223464660796 0.0298133717881 0.0339954533023 0.0465098656612 0.0122552751028 0.00668177278093 0.0283939590092 0.0319436461845 0.00731920776887 0.519309334399 -0.0217991981578 0.00947489472702 0.0163591089659 0.0578955505737 0.013503582673 0.00687879895683 0.0266695481275 0.00574115839387 0.0268414755699 0.00681312979121 0.114639881825 0.00150537175141 0.0108180826908 0.0211886174704 0.170420158597 0.0105119720046 
0.0126617468313 0.00731455940141 -0.00985704378263 -0.0076674427971 -0.0587764045572 0.0067781691628 -0.0283537557412 -0.0119003650425 -0.00173483788462 -0.00698963566965 -0.009774290173 -0.00480494909826 -0.0126843437083 -0.0151015011535 0.00553096375141 -0.00333814737456 -0.0187250162335 0.00149806180506 0.0155518147524 -0.00215683349806 -0.0185030152131 -0.0088187044561 -0.00251995676371 -0.0217991981578 4.09470708747 0.00366319414746 -0.00612162173182 0.0151137245045 0.00143195632914 -6.96153013865e-05 0.0153451086907 0.0296742978315 -0.00771858072634 -0.00118594540362 -0.00901712773032 -0.0104331623739 0.0285283955549 0.000129751772847 -0.0106630237659 0.00219644855021 
0.00811737371802 -0.0103349014716 0.00840608393151 -0.00562573636997 0.0133244288764 -0.010666949191 0.00159642865844 0.00620314737011 0.0056977659388 0.0070394818767 0.00140723518432 0.0173943611371 0.0173566990779 0.00376150802789 -0.00136507459893 0.00835476611379 -0.00424198082599 0.00494383487485 -0.00294509167819 0.0211062652167 0.00305417791128 0.0170041452259 0.00727751826011 0.00947489472702 0.00366319414746 0.22153372847 -0.00594003440601 0.0135988552503 0.00936319842637 0.014990500259 0.00894273018499 -0.00632155460676 0.0190440052467 0.0246173383532 0.00817520201932 -0.00185364311426 0.0302019287697 0.0226061319648 -0.00428656389469 -0.0119296080968 
0.00990085153722 -0.000633215559641 0.0246118070738 0.00229228670458 0.0205792409869 -0.00343023839986 0.0143581142301 0.00901073236512 0.0163617082322 0.0143121543202 0.00539909713712 0.0151823202542 0.0516965163836 0.00649612539107 0.0209569626499 0.0105500218522 0.0259781278592 0.0183455141403 0.0171780564895 0.0169457277235 0.0218261931153 0.0220287949531 0.0193667433672 0.0163591089659 -0.00612162173182 -0.00594003440601 0.181113710153 0.0131244340206 0.0144936831473 0.0118806452998 0.00571403093882 -0.00373870130269 0.0273155392676 0.0101264742634 0.019885915279 0.00541873263783 0.00444483708642 0.0196071309002 0.0204876352105 0.0313181121853 
-0.000145603000961 0.243552679204 0.00909771517096 -0.00116039211918 0.018673970721 0.0426223755797 0.00694893960442 0.0172346870853 0.00597438444918 0.0169875030417 -0.00796331792461 0.00260753096446 -0.00026485318324 0.0124966091314 -0.00242351484509 0.0154119254494 0.0136292376091 0.0323406346579 0.00396347248866 0.000518262314182 0.0140307397027 0.0270396508578 0.0437679212269 0.0578955505737 0.0151137245045 0.0135988552503 0.0131244340206 0.630961766119 0.0147509503091 0.00334329794058 0.00322446196128 0.00614327034605 0.0123494803588 -0.00374910224852 0.0522113409335 0.0042588379586 0.0373023107686 0.000459453705055 0.0146869002375 0.0110401421385 
0.0296025527049 0.00420600565578 0.01973638813 0.00900873387749 0.00982221015447 0.0185799993365 0.0259468189182 0.00321935980335 0.037491055879 0.0258403562117 0.0101855546412 0.00390571854871 0.0249162673316 0.0069405005045 0.0357243513436 0.00827071639909 0.0337182035054 0.0140523946012 0.00265663339454 0.0211342355675 0.00451892620915 0.0215221203662 0.0346747772041 0.013503582673 0.00143195632914 0.00936319842638 0.0144936831473 0.0147509503091 0.173805155396 0.0475043959807 0.0155834530002 0.00375144756775 0.0203562308652 0.00480318942765 0.014179297567 0.0123793832847 0.0101902829185 0.0102959768537 0.0106273983371 0.0242301094527 
0.018344066382 3.14565985885e-05 0.0184253208424 0.0153661844586 0.013004869895 0.0252791705795 0.0263746036419 0.00679602148164 0.0181866237613 0.0346582541721 0.0200126087155 0.0232660272297 0.0154870662218 0.023573595213 0.0470905072986 0.00413558931067 0.0317206133424 0.0175637495524 0.0149990844387 0.00749474072466 0.00872238996245 0.0247150870201 0.0232511041929 0.00687879895682 -6.96153013866e-05 0.014990500259 0.0118806452998 0.00334329794058 0.0475043959807 0.20133448785 0.0165791856523 0.0163133356824 0.0254001185955 0.00996010574637 0.00853355125326 0.00494866707505 0.00819743383188 0.0107461910564 0.00966138514586 0.0204470739613 
0.0126207231837 0.0402023375721 -0.000603300779637 0.0110492979571 0.0128150755674 0.00916395096062 0.00993378641517 0.0044102979517 0.0190430110485 0.0148100610907 0.00207367317308 -0.00385251208531 -0.0072781101713 0.0152307344202 0.0134546983371 -0.00828846094549 0.0146487616861 0.0647357987342 0.0183521531876 0.0030636251336 0.00585280394995 0.0127410324539 0.0144043974301 0.0266695481275 0.0153451086907 0.00894273018499 0.00571403093881 0.00322446196128 0.0155834530002 0.0165791856523 0.195182201458 0.0362734492777 0.00365548669145 0.00988204239651 0.0249684702118 0.0199404871457 0.00201097086683 0.00265031035106 0.022516808663 0.00136461284305 
0.0129081236147 0.00993705282995 0.00617393170596 0.00819325145782 0.0856096969935 -0.00474078404364 0.0275197043641 0.00668453901344 0.00925517165209 0.0170474764886 0.0232924323175 0.019550219332 0.0277330504504 -0.0153258730366 0.0278728544048 0.00292715763584 0.0122030420713 0.0249973293586 0.00300795714746 0.00522791438621 0.00273186448753 0.0110605018858 0.0162010682867 0.00574115839386 0.0296742978315 -0.00632155460676 -0.00373870130269 0.00614327034605 0.00375144756775 0.0163133356824 0.0362734492777 0.310616908055 0.0142838319284 0.00996426334693 0.00926385679624 0.000838242938625 0.0393894669089 0.000473864974471 0.0111943372839 0.0212991555077 
0.0158007862521 -0.00722907721539 0.0208851707877 0.0335669032063 0.0211249050273 0.0147351666115 0.0342420251485 0.00801889582186 0.0147539903236 0.0194208375318 2.42978410822e-05 0.0252714384211 -0.00107113886576 0.00695909376293 0.0103961135672 0.0292561680698 0.0135583701342 0.0219253871623 0.000392430395277 0.0187037751695 0.00778045066766 0.0206771348531 0.0248868418639 0.0268414755699 -0.00771858072634 0.0190440052467 0.0273155392676 0.0123494803588 0.0203562308652 0.0254001185955 0.00365548669144 0.0142838319284 0.298964577198 -0.000936440461257 0.0244654455484 0.00463359669331 0.0338545133531 0.0119121646711 0.00981641623461 0.00461286353016 
0.00675685012339 0.00157528425017 0.0133778756452 0.0291760881019 0.00737972800886 0.0144760819106 0.0195655538587 0.0237901726048 0.0210546223212 0.0223886430928 0.0235095585124 0.0219925140435 0.00868977511981 -0.0127710090937 0.0169651289444 0.0129566518325 0.00814021513935 0.00223902232385 0.00161682607192 0.0162299991203 0.0267099454737 0.02449136242 0.0285446973257 0.00681312979121 -0.00118594540362 0.0246173383532 0.0101264742634 -0.00374910224852 0.00480318942765 0.00996010574637 0.00988204239651 0.00996426334693 -0.000936440461256 0.461391500653 0.0510761290202 -0.00210741946535 -0.00985059279984 0.0138282526121 0.00279654620802 0.0168576115617 
0.0152498679227 0.039717861103 0.0449597216255 0.0617336396595 0.0346734535979 -0.0090590622806 0.0347892899585 0.0525320203601 0.0241052090606 0.0251782453058 0.0501916157877 0.0152945221229 0.00392481691485 0.149557450243 0.0182237162371 -0.00669175510989 0.0502682439045 0.0207356205693 0.0154639209072 0.00862188260851 0.0456627623222 0.0522388057164 0.0347356811942 0.114639881825 -0.00901712773032 0.00817520201933 0.019885915279 0.0522113409335 0.014179297567 0.00853355125326 0.0249684702118 0.00926385679624 0.0244654455484 0.0510761290202 0.62628327654 0.0127958236323 0.0024091383346 0.0266906165491 0.0793684817323 0.0253235353976 
0.00911088338824 0.016270685012 0.00952424296093 0.00219900657353 0.0288070697596 -0.00194273444968 0.0176573386246 0.0197356807558 0.00562427455699 0.0163713731734 0.0189036262118 0.0165786172569 -0.00649728776054 0.0181391065686 0.0126708515711 0.0197699723986 0.0207897534068 0.0118787339211 0.0373080730385 0.0115637996154 0.00533978805289 0.0325959152716 0.0257523784319 0.00150537175141 -0.0104331623739 -0.00185364311426 0.00541873263783 0.0042588379586 0.0123793832847 0.00494866707506 0.0199404871457 0.000838242938618 0.00463359669331 -0.00210741946535 0.0127958236323 0.402435179289 0.0101185016163 0.0166253296454 -0.00118646971669 0.0125253135791 
0.0078979861821 -0.00350360623581 0.0122393203944 0.0115808010426 0.0295128697238 0.0110021943297 0.0179750611165 0.0141547735187 0.000784763641351 0.00159848271957 0.0146186980524 0.0223356697123 0.0212177914763 0.0412509980283 0.013374594098 0.00104178723455 0.00191344183899 0.0129652353039 0.0270189163653 0.00420325128922 0.0141855694373 0.0189262232652 0.0281572807112 0.0108180826908 0.0285283955549 0.0302019287697 0.00444483708642 0.0373023107686 0.0101902829185 0.00819743383189 0.00201097086683 0.0393894669089 0.0338545133531 -0.00985059279984 0.0024091383346 0.0101185016163 0.465812257348 0.014048318054 0.0159499542434 0.00324216706576 
0.00861394486135 0.0013303530436 0.0230984560674 0.0191708519561 0.0240889294149 0.00133319829817 0.0203596161902 0.0236713045582 0.0208408497798 0.00755308746345 0.0535869783372 0.0362910500887 0.0365369990751 0.0107267873898 0.0125765337231 0.0214597593602 0.0177743894542 0.0032157303291 0.0260331161997 0.0142128866396 0.0186262529653 0.0179509683485 0.0254947730223 0.0211886174704 0.000129751772847 0.0226061319648 0.0196071309002 0.000459453705054 0.0102959768537 0.0107461910564 0.00265031035106 0.00047386497447 0.0119121646711 0.0138282526121 0.0266906165491 0.0166253296454 0.014048318054 0.283665971133 0.0221271982572 0.0194291494153 
0.0015515378163 0.0563063953923 0.0146802428082 0.0200747881908 0.0186230709358 0.026302856206 -0.0174393713786 0.0434731694137 0.0108989156126 0.00428199263295 0.0208060184308 0.0185135918621 0.0408277626026 -0.00128415638634 -0.0024820024852 0.0148872498575 0.0422046819667 0.056516284794 0.011213346297 -0.00682345100937 0.0288414412343 0.0178402764124 0.0207204413132 0.170420158597 -0.0106630237659 -0.00428656389469 0.0204876352105 0.0146869002375 0.0106273983371 0.00966138514586 0.022516808663 0.0111943372839 0.00981641623461 0.00279654620802 0.0793684817323 -0.00118646971669 0.0159499542434 0.0221271982572 0.542527978094 0.0182801588624 
0.0141049891377 -0.00166955388243 0.00110089303308 0.0252268826696 0.0361655754579 0.0207806937464 0.0365375206144 0.0316186450711 0.0192389729361 0.014278107011 0.0384595349791 0.0447324582548 0.0275558828924 0.0420141333189 0.0418613934027 0.0109952284733 0.046536613265 0.0190062981228 0.0277600182387 0.0156789418106 0.0278950015775 0.0136826508557 0.0541573307835 0.0105119720046 0.00219644855021 -0.0119296080968 0.0313181121853 0.0110401421385 0.0242301094527 0.0204470739613 0.00136461284305 0.0212991555077 0.00461286353016 0.0168576115617 0.0253235353976 0.0125253135791 0.00324216706576 0.0194291494153 0.0182801588624 0.344747948859 

['TMK', 'TXU', 'DD', 'AGN', 'INTU', 'NFB', 'HET', 'JBL', 'C', 'HIG', 'JNS', 'DELL', 'AAPL', 'WAT', 'SNV', 'UVN', 'MAS', 'AYE', 'EMC', 'GE', 'HON', 'PX', 'CC', 'RDC', 'RSH', 'MDT', 'GPC', 'ADM', 'STI', 'ASO', 'PCG', 'HMA', 'S', 'BMY', 'X', 'PAYX', 'BSX', 'CA', 'SUN', 'LTD']