30
0.0206637964956 0.0535662105727 0.00361039022472 0.0952881581377 0.266244884644 0.044344522835 0.0698927007 0.0282353637115 0.0151091702759 0.0499472002084 0.0761836706695 0.0599327976672 0.0780955523414 0.0471087328402 0.0210495138202 0.0251604878384 0.042606905642 0.135299445153 0.0394797478448 0.0256345374975 0.0248078828137 0.0896788789081 0.136312174374 0.123926899062 0.0733521468466 0.0180781461794 0.0738036440579 0.0383245101253 0.0380288664812 0.0428749123775 
0.160208182171 0.0270903269133 0.0161178656483 0.0251722059109 0.0200019339103 0.0135208842595 0.0149997684811 0.0288287353187 0.0208394609297 0.0199846449823 0.0173682177224 0.0231343886669 0.00732838110322 0.0170050083595 0.0121129241568 0.0262044844742 0.0192070439804 0.00926061911851 0.0165170825923 0.0228943076583 0.0217524501541 0.0180348102582 -0.0101754909614 0.018576066226 0.0110074723605 0.00578816487507 0.0115798158387 0.0165475653504 0.00687197229681 0.0223141147534 
0.0270903269133 0.221908419214 0.0263580228047 0.0612713863471 -0.00233797755503 0.0373819746242 0.029662311787 0.0327706503686 0.015803916078 0.0215199225615 0.0243735955931 0.0110389831892 0.024567930807 0.0140819496854 0.0152970669034 0.0238854136511 0.0242228194514 0.0332568467581 0.0259696146124 0.0150173637722 0.0175128309045 0.0303367047257 -0.00203490669953 0.0166941540765 0.0382388442585 0.000497743434563 0.0273510103515 0.0202604292623 0.0212699448787 0.0380028722728 
0.0161178656483 0.0263580228047 0.214089356435 0.0300619490702 0.0138738901311 0.0312534024708 0.00721485321539 0.0124806587334 0.0105289176978 0.0256362320612 0.0224274874003 0.0267235876905 -0.00552008381717 0.00249591770617 0.0114184744704 0.00762710253448 0.00411952018106 -0.00352915492262 0.00943595511794 0.0315169217601 0.0170482620707 0.00854732257472 0.0107126940836 0.0233838435352 0.0229363149967 0.0282816875748 0.0159084857106 0.0446782928327 0.0122461436916 0.0191924086495 
0.0251722059109 0.0612713863471 0.0300619490702 0.558420171444 0.012851102675 0.0747349829624 0.0441945904109 0.0412660413886 0.0248143626097 0.0322646995251 0.059360292453 0.0423807768548 0.0491917297871 0.0382706437399 0.044099716091 0.028239416849 0.044540829299 0.0827060175316 0.0238279223223 0.0207633696178 0.0183579432344 0.0717093580219 -0.0104968824295 0.0471520893781 0.0246201397324 0.0222751426965 0.0480801765113 0.0620938788575 0.0518944274851 0.0324465243764 
0.0200019339103 -0.00233797755503 0.0138738901311 0.012851102675 2.2500248915 0.00491881893023 0.333360844631 0.0190163735395 0.0112178924968 0.0205162533847 0.0247458673868 -0.00314099463999 0.00137747030995 -0.00972946903117 0.0266464842185 0.0144789545311 0.0130378885744 0.00795461988161 0.00705728024934 0.0140713902523 0.00335688465752 0.0703144480248 -0.0129572394157 0.0342357009222 0.00717547755567 0.0204696805687 0.0587792775422 0.0511640084531 0.0347920014901 0.0361770266937 
0.0135208842595 0.0373819746242 0.0312534024708 0.0747349829624 0.00491881893023 0.204831879091 0.0449124899386 0.0205056654271 0.0256074449908 0.0315545350066 0.0340050367355 0.0200145953054 0.0359816754959 0.021512549811 0.0135865217437 0.0250855743578 0.041112206763 0.0409147682385 0.0421893422979 0.019055267857 0.021647535232 0.0390769366424 -0.00058856001831 0.0141508811054 0.0396124656657 0.017450787212 0.0309344389735 0.0130869333408 0.0250690772724 0.0251376485102 
0.0149997684811 0.029662311787 0.00721485321539 0.0441945904109 0.333360844631 0.0449124899386 0.310871719634 0.022380747516 0.0190057192052 -0.00241733489283 0.0257783900771 0.00907329972635 0.0163133882609 0.00632519200656 0.0168980069511 0.0184836223254 0.0398080121932 0.0271856157201 0.0320251859278 0.0147390733121 0.00442636315401 0.027247905825 -0.000967339276963 0.00995501419789 0.0183413424242 0.0188234976923 0.0471237454567 0.0258896704711 0.0426223205396 0.0262610692434 
0.0288287353187 0.0327706503686 0.0124806587334 0.0412660413886 0.0190163735395 0.0205056654271 0.022380747516 0.146529615644 0.0200965308823 0.0180870167404 0.0219893194864 0.0124040636591 0.0243553872574 0.0106653283819 0.00501148264037 0.0551193664065 0.0184060147246 0.00585000904248 0.0261309999972 0.0209049501662 0.0104308751018 0.0274496764001 -0.011210227329 0.00437909124904 0.0305816823828 0.0165474491036 0.0101531079688 0.0220936732488 0.0190979288208 0.0320183482618 
0.0208394609297 0.015803916078 0.0105289176978 0.0248143626097 0.0112178924968 0.0256074449908 0.0190057192052 0.0200965308823 0.160432595902 0.0158778913661 0.00806543825565 0.00239302943214 -0.00294821740608 0.00996977046955 0.00683883560293 0.0144357713269 0.0128538217357 0.0103891363532 0.015636583122 0.0223344502278 0.0158275834094 0.013425592443 0.0103453221431 0.0112214058563 0.0199157321073 0.00643668617448 0.00949570341079 0.0133866358913 0.0172300600361 0.00905890327245 
0.0199846449823 0.0215199225615 0.0256362320612 0.0322646995251 0.0205162533847 0.0315545350066 -0.00241733489283 0.0180870167404 0.0158778913661 0.371649390419 0.00689156221605 0.00463615980757 0.00282374556635 0.00465052883552 0.00395154594308 0.0197415871093 0.00922019411776 0.0108148517294 0.0158620899148 0.0317888892747 0.0165150221687 0.0260042414538 -0.0132730269707 -0.00440216245059 0.00614663672383 0.00980002190179 0.0116704922704 0.00347913841396 0.0118166144038 0.015956073118 
0.0173682177224 0.0243735955931 0.0224274874003 0.059360292453 0.0247458673868 0.0340050367355 0.0257783900771 0.0219893194864 0.00806543825565 0.00689156221605 0.40610668989 0.0275322907481 0.0190376728108 0.0186044334995 0.010989130653 0.00274696724852 0.0179290183292 0.0698152261103 0.0100954903746 0.0119571701396 0.0166694526208 0.0879322483293 -0.00684733119078 0.0155703845687 -0.00459981262931 0.00612383140111 0.0274591396939 0.0440758426426 0.0850981248603 0.0176315880727 
0.0231343886669 0.0110389831892 0.0267235876905 0.0423807768548 -0.00314099463999 0.0200145953054 0.00907329972635 0.0124040636591 0.00239302943214 0.00463615980757 0.0275322907481 0.329611356615 0.0167360137196 0.013877920444 0.0149211361779 0.00949856395578 0.00730227007244 0.0325314095837 0.0115184496462 0.0203481718566 -0.00235336193913 0.00858936712625 -0.0158390137896 0.0959865579768 0.0326365040449 0.0208126748905 0.002842549119 0.0110341725175 0.0105273862231 0.0198904773588 
0.00732838110322 0.024567930807 -0.00552008381717 0.0491917297871 0.00137747030995 0.0359816754959 0.0163133882609 0.0243553872574 -0.00294821740608 0.00282374556635 0.0190376728108 0.0167360137196 0.577295367121 0.00473132875909 -0.00185704174386 0.00549338801837 0.0488531641735 0.0113313971218 0.0107770183709 0.0094015390761 0.0075175770943 0.0174881815114 0.0024530590549 0.00416661560065 0.00953835394403 -0.00441240908479 0.0255608451288 0.0109526491831 0.038261512183 0.0240844353722 
0.0170050083595 0.0140819496854 0.00249591770617 0.0382706437399 -0.00972946903117 0.021512549811 0.00632519200656 0.0106653283819 0.00996977046955 0.00465052883552 0.0186044334995 0.013877920444 0.00473132875909 0.248270654198 0.0111810377644 0.00500509667206 0.00949198795431 0.126293921745 0.0188082075055 0.00887617652838 0.0159492862555 -0.00201046478225 -0.00760790539854 0.0228003928731 0.0141885220104 0.0093892122319 0.0135126589766 0.00812443576061 0.00233463118899 0.0308274159953 
0.0121129241568 0.0152970669034 0.0114184744704 0.044099716091 0.0266464842185 0.0135865217437 0.0168980069511 0.00501148264037 0.00683883560293 0.00395154594308 0.010989130653 0.0149211361779 -0.00185704174386 0.0111810377644 0.32613724754 0.0257231328795 0.00327886163964 -0.00284047672526 0.0120839114627 0.0166723466996 0.00250808098815 0.0102284894554 -0.00837555468374 -0.0170461816642 0.0301389034605 0.00738658244732 0.0187081779809 0.0267219459486 0.00494662005003 0.0152689597559 
0.0262044844742 0.0238854136511 0.00762710253448 0.028239416849 0.0144789545311 0.0250855743578 0.0184836223254 0.0551193664065 0.0144357713269 0.0197415871093 0.00274696724852 0.00949856395578 0.00549338801837 0.00500509667206 0.0257231328795 0.172153017981 0.0186483717245 0.00142458885632 0.0334903991911 0.0217649494729 0.0133058440222 0.0208647279623 -0.011741998108 0.00995504712536 0.0277420690323 0.0133509788132 0.0147745819778 0.0203637726301 0.00454050291519 0.0314480910163 
0.0192070439804 0.0242228194514 0.00411952018106 0.044540829299 0.0130378885744 0.041112206763 0.0398080121932 0.0184060147246 0.0128538217357 0.00922019411776 0.0179290183292 0.00730227007244 0.0488531641735 0.00949198795431 0.00327886163964 0.0186483717245 0.255598937818 0.0387634968989 0.0203720310879 0.0223381261392 0.013468042424 0.0191587112111 0.00365247192216 0.00159517640971 0.0228069083423 0.00292300087766 0.0268157750743 0.0219727784006 0.0194603338382 0.0170710388256 
0.00926061911851 0.0332568467581 -0.00352915492261 0.0827060175316 0.00795461988161 0.0409147682385 0.0271856157201 0.00585000904248 0.0103891363532 0.0108148517294 0.0698152261103 0.0325314095837 0.0113313971218 0.126293921745 -0.00284047672526 0.00142458885632 0.0387634968989 0.547805939077 0.0196937577425 0.00292668990861 0.0172996994555 0.0417718829358 0.0124363215553 0.0165941552953 0.0203901771098 -0.00174038252342 0.0164141408388 0.0134526888532 0.0106630810754 0.00925560556141 
0.0165170825923 0.0259696146124 0.00943595511794 0.0238279223223 0.00705728024934 0.0421893422979 0.0320251859278 0.0261309999972 0.015636583122 0.0158620899148 0.0100954903746 0.0115184496462 0.0107770183709 0.0188082075055 0.0120839114627 0.0334903991911 0.0203720310879 0.0196937577425 0.331229233366 0.00234123267363 0.0270675215399 0.0259449436366 0.00110022971045 0.0180285428649 0.0604939825138 0.0114166238738 0.0272855083559 0.0209887193778 0.0281574080203 0.00849772393226 
0.0228943076583 0.0150173637722 0.0315169217601 0.0207633696178 0.0140713902523 0.019055267857 0.0147390733121 0.0209049501662 0.0223344502278 0.0317888892747 0.0119571701396 0.0203481718566 0.0094015390761 0.00887617652838 0.0166723466996 0.0217649494729 0.0223381261392 0.00292668990861 0.00234123267363 0.179247308006 0.00409023831269 0.00812812056151 -0.0106112907729 -0.00516600192819 0.0133286991551 0.00845501131867 -0.00030150511664 0.0179651637294 0.00864112891257 0.00988347711123 
0.0217524501541 0.0175128309045 0.0170482620707 0.0183579432344 0.00335688465752 0.021647535232 0.00442636315401 0.0104308751018 0.0158275834094 0.0165150221687 0.0166694526208 -0.00235336193913 0.0075175770943 0.0159492862555 0.00250808098815 0.0133058440222 0.013468042424 0.0172996994555 0.0270675215399 0.00409023831269 0.210889618109 0.033748894054 -0.0020053936653 -0.00612140414838 0.00031155872616 0.00698764845891 0.0116485240271 0.0496287620148 0.014145523291 0.0231610041245 
0.0180348102582 0.0303367047257 0.00854732257472 0.0717093580219 0.0703144480248 0.0390769366424 0.027247905825 0.0274496764001 0.013425592443 0.0260042414538 0.0879322483293 0.00858936712625 0.0174881815114 -0.00201046478225 0.0102284894554 0.0208647279623 0.0191587112111 0.0417718829358 0.0259449436366 0.00812812056151 0.033748894054 0.547820898308 -0.0158783786597 0.0229134108465 0.00555180351228 0.0162751707366 0.0494840284436 0.0282096714592 0.0691728919734 0.0304555635703 
-0.0101754909614 -0.00203490669953 0.0107126940836 -0.0104968824295 -0.0129572394157 -0.00058856001831 -0.000967339276964 -0.011210227329 0.0103453221431 -0.0132730269707 -0.00684733119078 -0.0158390137896 0.0024530590549 -0.00760790539854 -0.00837555468374 -0.011741998108 0.00365247192216 0.0124363215553 0.00110022971045 -0.0106112907729 -0.0020053936653 -0.0158783786597 1.94289696403 -0.00942488003786 -0.00256180175901 -0.00651228749427 -0.017843893625 -0.00724738245284 0.00165895799282 -0.00312071682511 
0.018576066226 0.0166941540765 0.0233838435352 0.0471520893781 0.0342357009222 0.0141508811054 0.00995501419789 0.00437909124904 0.0112214058563 -0.00440216245059 0.0155703845687 0.0959865579768 0.00416661560065 0.0228003928731 -0.0170461816642 0.00995504712536 0.00159517640971 0.0165941552953 0.0180285428649 -0.00516600192819 -0.00612140414838 0.0229134108465 -0.00942488003785 0.905039337813 0.00418841983866 0.0107222651382 0.0257683028345 0.0161287021192 0.00575051959023 0.0236370365817 
0.0110074723605 0.0382388442585 0.0229363149967 0.0246201397324 0.00717547755567 0.0396124656657 0.0183413424242 0.0305816823828 0.0199157321073 0.00614663672383 -0.00459981262931 0.0326365040449 0.00953835394403 0.0141885220104 0.0301389034605 0.0277420690323 0.0228069083423 0.0203901771098 0.0604939825138 0.0133286991551 0.000311558726161 0.00555180351228 -0.00256180175901 0.00418841983866 0.441059500799 0.0284910109173 0.0215709803622 0.0191326024447 0.0105140152681 0.0167441904203 
0.00578816487507 0.000497743434563 0.0282816875748 0.0222751426965 0.0204696805687 0.017450787212 0.0188234976923 0.0165474491036 0.00643668617448 0.00980002190179 0.00612383140111 0.0208126748905 -0.00441240908479 0.0093892122319 0.00738658244732 0.0133509788132 0.00292300087766 -0.00174038252342 0.0114166238738 0.00845501131867 0.00698764845891 0.0162751707366 -0.00651228749427 0.0107222651382 0.0284910109173 0.249379371816 -0.00491437061165 0.00372710778178 0.00623869528281 0.00729301308536 
0.0115798158387 0.0273510103515 0.0159084857106 0.0480801765113 0.0587792775422 0.0309344389735 0.0471237454567 0.0101531079688 0.00949570341079 0.0116704922704 0.0274591396939 0.002842549119 0.0255608451288 0.0135126589766 0.0187081779809 0.0147745819778 0.0268157750743 0.0164141408388 0.0272855083559 -0.00030150511664 0.0116485240271 0.0494840284436 -0.017843893625 0.0257683028345 0.0215709803622 -0.00491437061165 0.354945503244 0.0311020487249 0.0198417735311 0.0163959725402 
0.0165475653504 0.0202604292623 0.0446782928327 0.0620938788575 0.0511640084531 0.0130869333408 0.0258896704711 0.0220936732488 0.0133866358913 0.00347913841396 0.0440758426426 0.0110341725175 0.0109526491831 0.00812443576061 0.0267219459486 0.0203637726301 0.0219727784006 0.0134526888532 0.0209887193778 0.0179651637294 0.0496287620148 0.0282096714592 -0.00724738245284 0.0161287021192 0.0191326024447 0.00372710778178 0.0311020487249 0.327913625927 0.0238700929128 0.0351457116966 
0.00687197229681 0.0212699448787 0.0122461436916 0.0518944274851 0.0347920014901 0.0250690772724 0.0426223205396 0.0190979288208 0.0172300600361 0.0118166144038 0.0850981248603 0.0105273862231 0.038261512183 0.00233463118899 0.00494662005003 0.00454050291519 0.0194603338382 0.0106630810754 0.0281574080203 0.00864112891257 0.014145523291 0.0691728919734 0.00165895799282 0.00575051959023 0.0105140152681 0.00623869528281 0.0198417735311 0.0238700929128 0.321284369564 0.027135525698 
0.0223141147534 0.0380028722728 0.0191924086495 0.0324465243764 0.0361770266937 0.0251376485102 0.0262610692434 0.0320183482618 0.00905890327245 0.015956073118 0.0176315880727 0.0198904773588 0.0240844353722 0.0308274159953 0.0152689597559 0.0314480910163 0.0170710388256 0.00925560556141 0.00849772393226 0.00988347711123 0.0231610041245 0.0304555635703 -0.00312071682511 0.0236370365817 0.0167441904203 0.00729301308536 0.0163959725402 0.0351457116966 0.027135525698 0.261188925108 

['AIG', 'ASN', 'GCI', 'PHM', 'TLAB', 'DOV', 'TXT', 'MTB', 'KMB', 'PFE', 'TXN', 'AGN', 'LXK', 'CVX', 'HMA', 'WFC', 'UTX', 'BJS', 'ITT', 'PG', 'MMM', 'XLNX', 'KMI', 'CSC', 'CVH', 'RRD', 'SHW', 'BBBY', 'ADI', 'CMCSA']