40
0.0594687244428 0.0363496030559 0.0442230302855 0.0634276035435 0.0289058353667 0.0794924924591 0.371102806834 0.0254158643172 0.214537342356 0.0479675113811 0.15717092416 0.0787213758152 0.0132097716294 0.074230100705 0.0784336943662 0.0335346879574 0.0559384191954 0.0395396308246 0.0534443631468 0.0482651065397 0.041097516798 0.0153161335694 0.132143501856 0.0165000515881 0.0206012582373 0.116671338284 0.153319254475 0.0380288664812 0.107238949757 0.0255121646837 0.133327922328 0.118355026327 0.0936509155003 0.0909027791802 0.0785675118811 0.110625092132 0.0852779749864 0.0590558874601 0.0874158444094 0.0299059053764 
0.383171788405 -0.00285431859272 0.0259250583317 0.00064554200483 0.00135116070422 0.0242428729613 0.0469746813475 0.016033820853 0.0344302758678 0.00928203982214 0.0187680447242 0.00971147878464 0.0136150223146 0.0332480366553 -0.00655519869155 0.0157335210361 0.00362102422898 -0.00365733568824 0.0163980173111 -0.00888532909583 0.000707466967847 0.00616589534316 0.00185156134796 0.0116598006703 0.0131988254033 -0.000153488505009 0.00346502424353 0.0318110654122 0.0798560412355 0.0181100230512 0.0310464847603 0.0259538736496 0.0459518373042 0.00845508740647 0.00351870875119 0.119507638894 -0.00171413877856 -0.00415555338411 0.00843107180988 0.00235741026071 
-0.00285431859272 0.304095379639 0.0131147201696 0.00357235154478 0.0279359635581 0.0300663788095 0.0219254883439 0.00899524086092 0.0101388998941 0.0293665835463 0.0101088727693 0.0125994673325 0.0104923328747 0.0239766556952 0.0152216521248 0.0209318709318 0.0121508941064 0.0150984340264 0.0224298276759 0.00171912087316 0.0140987372715 0.00443955710432 0.00488486182306 0.00887766186452 0.0139320159323 0.00175839026174 0.0291100062744 0.0172061246789 0.00764492587748 0.0159973560182 0.00842069919074 0.0285315849579 0.032114719575 0.00160543858475 0.0210737789231 0.0208318474426 0.0251213012647 0.0725899457726 0.0337027742918 0.00245261791836 
0.0259250583317 0.0131147201696 0.198590198965 0.0317565819842 0.0257912094199 0.0251276421034 0.0295945781745 0.0341767706404 0.0361634835074 0.0161415226258 0.0265968700353 0.023195723271 0.0209312281686 0.0517844081852 0.0130478358388 0.0146001744895 0.017841234347 0.0106441879584 0.0288228879615 0.0110967922527 0.0170610346065 0.0196372708221 0.0304103584966 0.0174904373331 0.018917461475 0.0257446508505 0.0527403457506 0.0118823408465 0.0301473784583 0.0317242939046 0.0122647024525 0.0215482006338 0.0324302029334 0.00599280228968 0.00690875467375 0.0276253623246 0.0247201668712 0.000365213611794 0.00558314853875 0.0175203780749 
0.00064554200483 0.00357235154478 0.0317565819842 0.380978981901 0.0126422181186 0.0389730179164 0.0516236702836 0.0221658764289 0.0169565548672 0.0263005578086 0.0231510975082 0.0450411075587 0.0337160000182 0.0447835076962 0.00768809802913 0.0195566480879 -0.00335235222315 0.00606522069138 0.0241305673609 0.0357617797414 0.00702108660915 0.0203326040635 0.045819595995 0.000482067262442 0.0211280073291 0.0342009771805 0.0347477632037 0.0283540470074 0.0243908701154 0.0191076748495 -0.013719814287 0.00619985386583 0.011651140273 0.0116065546696 0.0185845290493 0.0632865764528 0.0177361489717 0.0111150396878 0.00684571231613 0.00776415642796 
0.00135116070422 0.0279359635581 0.0257912094199 0.0126422181186 0.231220236764 0.0196205333044 0.0321108491149 0.0274779677967 0.0112330441622 0.0169933973646 0.0352650318256 0.00306767964297 0.00772276468949 0.0195913178799 0.00486523418843 0.00581614662702 0.018575702198 0.0116774795694 0.0335349691323 0.0150591972213 0.0426549312464 0.0133079874752 0.031292007389 0.0167701806645 0.0247185297781 0.0179195236188 0.0325854742204 0.0199769133275 0.0328426725039 0.0233521301381 0.0252081173923 0.0157783730069 0.0292543920809 0.00552128863275 0.0145417366747 0.0229569718172 0.0182665128735 0.00356455551036 0.00446881653279 0.0416212006868 
0.0242428729613 0.0300663788095 0.0251276421034 0.0389730179164 0.0196205333044 0.321038955899 0.033326397341 0.0270159250904 0.0857207788633 0.0167427142843 0.0292701639112 0.0173328380503 0.0167074755512 0.033638857147 0.0173595886594 0.0181143735189 0.0149235661176 0.0298612783157 0.0257817860203 0.0558225693474 0.0334780382464 0.00209267103671 0.0197528453341 -0.00145044614029 0.0173728253961 0.0177349748993 0.0354490216621 0.0160636239638 0.025382015149 0.0174406548629 0.0198683928987 0.0672264593481 0.0508278454334 0.020692997082 0.00800401472957 0.0101236349 0.0440725273757 0.0138005488816 0.0100194970005 0.0372947728591 
0.0469746813475 0.0219254883439 0.0295945781745 0.0516236702836 0.0321108491149 0.033326397341 1.23603131499 0.0120208822701 0.121413962335 0.0294867164164 0.0843620945174 0.0444389957554 0.0144526754679 0.00250103637893 0.0573650991187 0.00839278196665 0.0245403954398 -0.0057446625867 0.0472047611339 0.0274643132425 0.017474595022 0.00576947233849 0.0551550340658 0.019377322663 0.0247797393623 0.0437816526247 0.0388012523764 0.0405154184533 0.0457980503663 0.0262370845133 0.0352025355099 0.0277372199036 0.0484294193267 0.0317842387273 0.0547636958479 0.015592564053 0.0165299226336 -0.0097972280367 0.0187409661165 0.01719900213 
0.016033820853 0.00899524086092 0.0341767706404 0.0221658764289 0.0274779677967 0.0270159250904 0.0120208822701 0.289502648448 0.0595181825858 0.0184394782 0.0126976841271 0.000966674869565 0.00747912425511 0.0407598456159 0.0113375242764 0.0152219598873 0.0184420277397 0.0266266656114 0.032868168162 0.0113137104864 0.0123690310185 0.00832371112025 0.0141822037112 0.000645805753674 0.0262754319283 0.0224497861933 0.0279290356112 0.00772086349716 0.00592616240035 0.0111268226663 0.0158746480092 0.0105928767449 0.02152381018 0.00127034066486 0.0117891903704 0.0154942039241 0.0165532795041 0.015878235911 0.00943242848198 0.0204752034582 
0.0344302758678 0.0101388998941 0.0361634835074 0.0169565548672 0.0112330441622 0.0857207788633 0.121413962335 0.0595181825858 0.941212882983 0.0370954324549 0.152478666688 0.0412489098269 0.0254829929553 0.0849270911065 0.0405322644086 -0.0028185555729 0.0326545417685 0.0499818393957 0.00383082668847 0.0120810219348 0.0163001215263 0.0130193370713 0.0143268485875 0.00677898466978 0.0215323555496 0.00894310640667 0.0415126515597 0.0685788948948 0.0833148307771 0.00178270497184 0.0237923190831 0.0541470804702 0.105982319434 0.0217286487043 0.0927989271138 0.0534366051645 0.0196270890205 -0.00101478354666 0.0292646542416 0.0344152929158 
0.00928203982214 0.0293665835463 0.0161415226258 0.0263005578086 0.0169933973646 0.0167427142843 0.0294867164164 0.0184394782 0.0370954324549 0.337358427516 0.0286037706824 0.0350262175153 0.00803697032312 0.0445908764257 0.0100707677793 0.00160583743283 0.0241646709445 0.0117505242818 0.0168965573937 0.0230593572642 0.0129885232974 0.00545169599639 0.0355175256137 0.0189173532743 0.00641455630664 0.0323138404581 0.0260385100982 0.0146501704059 0.0194915618903 0.00463778963449 0.0416455764492 0.0131663582699 0.0384411110256 0.00263922429562 0.00938006329109 0.021927428517 0.0295561212228 0.0236206124355 0.00296571325801 0.0266719645796 
0.0187680447242 0.0101088727693 0.0265968700353 0.0231510975082 0.0352650318256 0.0292701639112 0.0843620945174 0.0126976841271 0.152478666688 0.0286037706824 0.609278521611 0.0157536168054 0.00577123010077 0.0497609704605 0.0437267940658 0.0195541966557 0.0429062035741 0.014149825914 0.0180278475291 0.012856478204 0.0255997225434 0.00616693070509 0.0345299425869 0.00301116059335 0.013071554121 0.0549703808008 0.0559358540045 0.0466212602432 0.0206613023778 0.00882995642409 0.0377652399663 0.0360787957502 0.0606188675051 0.00614939742068 0.013390279512 0.0603815544454 0.00371714890151 -0.0183818173677 0.0224289642973 0.0331533987981 
0.00971147878464 0.0125994673325 0.023195723271 0.0450411075587 0.00306767964297 0.0173328380503 0.0444389957554 0.000966674869565 0.0412489098269 0.0350262175153 0.0157536168054 0.367117075142 0.00569215446023 0.0533831102244 -0.000651625794378 0.00697368536854 -0.00105936661189 -0.011574192891 0.0240393756909 0.00718648538911 0.0417308184686 0.0301203584817 0.136348702938 0.0294118348422 0.0339270150226 0.0199107133175 0.00669160769061 -0.00401209857729 0.0156516685265 0.00337451273252 -0.0113343568714 -5.25175668007e-05 0.0147468505482 0.00660016337107 -0.0215704930064 0.00687675017296 0.015878609986 -0.00237966251099 -0.00499571286559 0.0108879828346 
0.0136150223146 0.0104923328747 0.0209312281686 0.0337160000182 0.00772276468949 0.0167074755512 0.0144526754679 0.00747912425511 0.0254829929553 0.00803697032312 0.00577123010077 0.00569215446023 0.165823201223 0.011394666692 0.00614239073138 -0.00126881561443 0.0101291637096 0.0110853607791 0.016867568538 0.0154280602653 0.0207380939848 -0.00368723100942 -0.000190295350188 -2.39769132095e-05 0.0155533975128 0.0162393682007 0.0206469759488 0.00941127718403 0.010758896204 0.0098997542142 0.00993999115696 0.022660239947 0.0209762524312 -0.00114730926863 0.0126504721581 0.0223318016134 0.0120755533527 0.00871571097911 0.00191346319813 0.0133212717769 
0.0332480366553 0.0239766556952 0.0517844081852 0.0447835076962 0.0195913178799 0.033638857147 0.00250103637893 0.0407598456159 0.0849270911065 0.0445908764257 0.0497609704605 0.0533831102244 0.011394666692 0.489938807821 0.0237153447443 0.014849425592 0.0378975716739 0.0245761040865 0.0450329161291 0.0433094224572 0.0279577362183 0.0114476803342 0.0658647891772 0.0216643838074 0.033110498319 0.0488294930685 0.0939119149603 0.0444948381414 0.056978732354 0.0204670315173 0.0730442578255 0.0217146740336 0.0955136397237 0.0283452027931 0.0165510524209 0.0525877564926 0.032760631119 0.00799002682586 -0.000988787489543 0.0297550243543 
-0.00655519869155 0.0152216521248 0.0130478358388 0.00768809802913 0.00486523418843 0.0173595886594 0.0573650991187 0.0113375242764 0.0405322644086 0.0100707677793 0.0437267940658 -0.000651625794378 0.00614239073138 0.0237153447443 0.357772577554 0.0244928245803 0.0142560643748 0.0412948971157 0.0122786294353 0.0229200810107 0.0207356553052 0.00972154125668 -0.0122996149414 0.00632889605494 0.0232483693564 0.013643875962 0.00548923479335 0.00341295655683 -0.00399321418551 0.00298944257582 0.0115747016495 -0.0108688370235 0.0214097355446 0.0303848100623 0.000769634175932 0.0194568108777 0.0648769515452 0.0154343930199 0.0165397489764 0.0029438427236 
0.0157335210361 0.0209318709318 0.0146001744895 0.0195566480879 0.00581614662702 0.0181143735189 0.00839278196665 0.0152219598873 -0.0028185555729 0.00160583743283 0.0195541966557 0.00697368536854 -0.00126881561443 0.014849425592 0.0244928245803 0.234880626198 0.00951946097777 -0.0012534859705 0.009051457355 0.0177305499525 0.0154414099332 0.0234636630672 -0.00345755871994 0.0204511749568 0.0222791750055 0.0120409312447 0.00851037739149 0.015677634903 0.00660721431252 -0.00302130893226 0.0106477955175 0.0135795172519 -0.00558545728615 0.0177552404613 0.00810498426063 0.00809837971702 0.008968759835 0.00994257855232 0.0476527742956 0.00313240248047 
0.00362102422898 0.0121508941064 0.017841234347 -0.00335235222315 0.018575702198 0.0149235661176 0.0245403954398 0.0184420277397 0.0326545417685 0.0241646709445 0.0429062035741 -0.00105936661189 0.0101291637096 0.0378975716739 0.0142560643748 0.00951946097777 0.232708230664 0.0229937262037 0.0183144943575 0.0288873169883 0.0183334590475 0.00523771308163 0.0082730271307 0.00646806033687 -0.000436353921473 0.0262252074582 0.0290437516186 0.0100562083172 0.0266338667872 0.00980577835053 0.01429736351 0.0282749079845 0.0173168347623 0.00705449755186 0.0248684064829 -0.00574270427855 0.0113106491859 -0.00666394172618 0.0135461722781 0.00594122336736 
-0.00365733568824 0.0150984340264 0.0106441879584 0.00606522069138 0.0116774795694 0.0298612783157 -0.0057446625867 0.0266266656114 0.0499818393957 0.0117505242818 0.014149825914 -0.011574192891 0.0110853607791 0.0245761040865 0.0412948971157 -0.0012534859705 0.0229937262037 0.28203516288 0.0282731306834 0.0432798007149 0.00404582170683 0.00323800362086 0.0170735719744 0.00446371848449 0.0109428256356 0.0144546593409 0.0215394616146 0.0208018679708 0.01489151289 0.0120658157624 0.0340352143695 0.0320195257994 0.0771361564474 0.0127040890101 0.0243105005793 0.0131624964076 0.0235403352086 0.021950605456 0.00706750030944 0.0100636769181 
0.0163980173111 0.0224298276759 0.0288228879615 0.0241305673609 0.0335349691323 0.0257817860203 0.0472047611339 0.032868168162 0.00383082668847 0.0168965573937 0.0180278475291 0.0240393756909 0.016867568538 0.0450329161291 0.0122786294353 0.009051457355 0.0183144943575 0.0282731306834 0.303966596826 0.0371558412294 0.0139633718891 0.00152146827642 0.0284750188985 -0.00135473946089 0.0219079062697 0.00821773276867 0.050413840383 0.0188101920549 0.00323932151692 0.0118141265579 0.00601403502957 0.0110130729688 0.0274666012329 0.0058740645574 -0.00450138767674 0.00107512717789 0.0379871719591 0.00154120488347 0.0181494110335 0.0308852314836 
-0.00888532909583 0.00171912087316 0.0110967922527 0.0357617797414 0.0150591972213 0.0558225693474 0.0274643132425 0.0113137104864 0.0120810219348 0.0230593572642 0.012856478204 0.00718648538911 0.0154280602653 0.0433094224572 0.0229200810107 0.0177305499525 0.0288873169883 0.0432798007149 0.0371558412294 0.298049673234 0.0242254103593 0.00468765550277 0.00344613716316 0.00675934530727 0.0278837474631 0.0109889437764 0.0111838280411 0.0212715109285 0.0229735636076 0.0155896488195 0.0287927081473 0.0179564414247 0.0341131028225 0.0266266211916 0.0103467939072 0.0263019300455 0.0134697666751 0.00719325412416 0.0293737984346 0.0219165713836 
0.000707466967847 0.0140987372715 0.0170610346065 0.00702108660915 0.0426549312464 0.0334780382464 0.017474595022 0.0123690310185 0.0163001215263 0.0129885232974 0.0255997225434 0.0417308184686 0.0207380939848 0.0279577362183 0.0207356553052 0.0154414099332 0.0183334590475 0.00404582170683 0.0139633718891 0.0242254103593 0.248756170468 0.0193350244143 0.0297894156207 0.0222366818414 0.0235882609941 0.0134779920933 0.0192056066804 0.00557426299256 0.0331631474075 0.0252361805087 0.00598626554775 0.0225587981991 0.0240946219318 0.0138384359073 0.0055515460452 0.0322179116877 0.0120532200166 0.0311345257939 -0.0115146478719 0.00653812239978 
0.00616589534316 0.00443955710432 0.0196372708221 0.0203326040635 0.0133079874752 0.00209267103671 0.00576947233849 0.00832371112025 0.0130193370713 0.00545169599639 0.00616693070509 0.0301203584817 -0.00368723100942 0.0114476803342 0.00972154125668 0.0234636630672 0.00523771308163 0.00323800362086 0.00152146827642 0.00468765550277 0.0193350244143 0.143627152316 0.0130466677406 0.0567607208848 0.00230248163959 0.0246646537397 0.0169995577802 0.00210768635976 0.0122834017632 0.0149606213856 0.0034978919174 0.0174745758471 0.00123806935551 0.0120475262025 0.0197756705958 0.00183685614588 0.0191206998424 0.0204509139302 0.0107769406397 0.0145934732451 
0.00185156134796 0.00488486182306 0.0304103584966 0.045819595995 0.031292007389 0.0197528453341 0.0551550340658 0.0141822037112 0.0143268485875 0.0355175256137 0.0345299425869 0.136348702938 -0.000190295350188 0.0658647891772 -0.0122996149414 -0.00345755871994 0.0082730271307 0.0170735719744 0.0284750188985 0.00344613716316 0.0297894156207 0.0130466677406 0.477417569385 0.0162946220709 0.024594577551 0.00757429045948 0.00649716675257 0.00516762545797 0.0217308753887 0.00139854785668 0.0136263005494 0.0144767092551 0.0292906647999 0.0212266830934 0.00950492192421 0.0239322427472 0.000893119280098 0.0115687456064 0.0383169188787 -0.00043509113396 
0.0116598006703 0.00887766186452 0.0174904373331 0.000482067262442 0.0167701806645 -0.00145044614029 0.019377322663 0.000645805753674 0.00677898466978 0.0189173532743 0.00301116059334 0.0294118348422 -2.39769132096e-05 0.0216643838074 0.00632889605494 0.0204511749568 0.00646806033687 0.00446371848449 -0.00135473946089 0.00675934530727 0.0222366818414 0.0567607208848 0.0162946220709 0.146809022035 0.00691750881988 0.00865583728769 0.011338652045 0.00892694845415 0.0247073315723 0.0179874770306 0.00902122546972 0.020695745085 -0.00179044970852 0.0149644934047 0.00983138118044 -0.00459304053926 0.0200514246559 0.0115924198053 0.0129734900875 0.00897504673929 
0.0131988254033 0.0139320159323 0.018917461475 0.0211280073291 0.0247185297781 0.0173728253961 0.0247797393623 0.0262754319283 0.0215323555496 0.00641455630664 0.013071554121 0.0339270150226 0.0155533975128 0.033110498319 0.0232483693564 0.0222791750055 -0.000436353921473 0.0109428256356 0.0219079062697 0.0278837474631 0.0235882609941 0.00230248163959 0.024594577551 0.00691750881988 0.185918535647 0.00506677257627 0.0141805382953 0.0247025706347 0.0353967114337 0.00752737844672 0.00958354375973 0.0149898757123 0.00978623530863 0.0051142816694 0.0121192242468 0.0246243744303 0.0244616269116 0.0118161235658 0.0103942780347 -0.00279585970666 
-0.000153488505009 0.00175839026174 0.0257446508505 0.0342009771805 0.0179195236188 0.0177349748993 0.0437816526247 0.0224497861933 0.00894310640668 0.0323138404581 0.0549703808008 0.0199107133175 0.0162393682007 0.0488294930685 0.013643875962 0.0120409312447 0.0262252074582 0.0144546593409 0.00821773276867 0.0109889437764 0.0134779920933 0.0246646537397 0.00757429045948 0.00865583728769 0.00506677257627 1.07059569299 0.0519472991565 0.0256009981655 0.0154602542456 0.0135224530371 0.0172845426191 0.0089386290756 0.0322372679595 -0.00414037744901 -0.00204762522546 0.0452922268449 0.0444936614538 -0.00400128712315 -0.000711292183735 0.0180513260623 
0.00346502424353 0.0291100062744 0.0527403457506 0.0347477632037 0.0325854742204 0.0354490216621 0.0388012523764 0.0279290356112 0.0415126515597 0.0260385100982 0.0559358540045 0.00669160769061 0.0206469759488 0.0939119149603 0.00548923479335 0.00851037739149 0.0290437516186 0.0215394616146 0.050413840383 0.0111838280411 0.0192056066804 0.0169995577802 0.00649716675257 0.011338652045 0.0141805382953 0.0519472991565 0.616401871116 0.0288528463374 0.0417753823711 0.0207514736113 0.0210686151933 0.0429299265898 0.0672465106928 0.0014313050942 0.018862589256 0.0455315916707 0.0263539729681 0.00993275362671 0.0184904327878 0.0123051734069 
0.0318110654122 0.0172061246789 0.0118823408465 0.0283540470074 0.0199769133275 0.0160636239638 0.0405154184533 0.00772086349716 0.0685788948948 0.0146501704059 0.0466212602432 -0.00401209857729 0.00941127718403 0.0444948381414 0.00341295655683 0.015677634903 0.0100562083172 0.0208018679708 0.0188101920549 0.0212715109285 0.00557426299256 0.00210768635976 0.00516762545797 0.00892694845415 0.0247025706347 0.0256009981655 0.0288528463374 0.324371213895 0.0430610724391 0.00822071158919 -0.00194385938792 0.0226093513008 0.0370804642716 0.00679402429986 0.0119917814943 0.00940619666384 0.00304202475076 0.0182874189791 0.0279510466311 0.00797672872083 
0.0798560412355 0.00764492587748 0.0301473784583 0.0243908701154 0.0328426725039 0.025382015149 0.0457980503663 0.00592616240035 0.0833148307771 0.0194915618903 0.0206613023778 0.0156516685265 0.010758896204 0.056978732354 -0.00399321418551 0.00660721431252 0.0266338667872 0.01489151289 0.00323932151692 0.0229735636076 0.0331631474075 0.0122834017632 0.0217308753887 0.0247073315723 0.0353967114337 0.0154602542456 0.0417753823711 0.0430610724391 0.442316507034 0.0240926360523 0.00313269058502 0.04948477137 0.0319140208031 0.0192849864684 0.0114699146868 0.157718761451 0.0198535405309 0.00916583148365 0.0541052787234 0.00163732410424 
0.0181100230512 0.0159973560182 0.0317242939046 0.0191076748495 0.0233521301381 0.0174406548629 0.0262370845133 0.0111268226663 0.00178270497184 0.00463778963449 0.00882995642409 0.00337451273252 0.0098997542142 0.0204670315173 0.00298944257582 -0.00302130893226 0.00980577835053 0.0120658157624 0.0118141265579 0.0155896488195 0.0252361805087 0.0149606213856 0.00139854785668 0.0179874770306 0.00752737844672 0.0135224530371 0.0207514736113 0.00822071158919 0.0240926360523 0.15953252858 0.00720930844519 0.0202041489624 0.00902439755775 0.00872191492648 0.0145586445481 0.0179074906255 0.0127963400284 0.0414069255792 0.00969370517904 0.0337603552382 
0.0310464847603 0.00842069919074 0.0122647024525 -0.013719814287 0.0252081173923 0.0198683928987 0.0352025355099 0.0158746480092 0.0237923190831 0.0416455764492 0.0377652399663 -0.0113343568714 0.00993999115696 0.0730442578255 0.0115747016495 0.0106477955175 0.01429736351 0.0340352143695 0.00601403502957 0.0287927081473 0.00598626554775 0.0034978919174 0.0136263005494 0.00902122546972 0.00958354375973 0.0172845426191 0.0210686151933 -0.00194385938792 0.00313269058502 0.00720930844519 0.827593856033 0.00730912958931 0.006067818894 0.033703721157 0.0100243733872 0.0319094431012 0.011824558094 0.00339185696104 -0.00405384700441 0.0129451961037 
0.0259538736496 0.0285315849579 0.0215482006338 0.00619985386583 0.0157783730069 0.0672264593481 0.0277372199036 0.0105928767449 0.0541470804702 0.0131663582699 0.0360787957502 -5.25175668006e-05 0.022660239947 0.0217146740336 -0.0108688370235 0.0135795172519 0.0282749079845 0.0320195257994 0.0110130729688 0.0179564414247 0.0225587981991 0.0174745758471 0.0144767092551 0.020695745085 0.0149898757123 0.0089386290756 0.0429299265898 0.0226093513008 0.04948477137 0.0202041489624 0.00730912958931 0.55960894353 0.0434521020465 0.0269222785547 0.102046034428 -0.0128485120048 0.0278021977016 0.00896945798413 0.00341685359699 0.00984188659036 
0.0459518373042 0.032114719575 0.0324302029334 0.011651140273 0.0292543920809 0.0508278454334 0.0484294193267 0.02152381018 0.105982319434 0.0384411110256 0.0606188675051 0.0147468505482 0.0209762524312 0.0955136397237 0.0214097355446 -0.00558545728615 0.0173168347623 0.0771361564474 0.0274666012329 0.0341131028225 0.0240946219318 0.00123806935551 0.0292906647999 -0.00179044970852 0.00978623530863 0.0322372679595 0.0672465106928 0.0370804642716 0.0319140208031 0.00902439755775 0.006067818894 0.0434521020465 0.430047755528 0.0114688282636 0.0174216435653 0.0164670576755 0.0264724847457 0.00817670413578 0.0190575547631 0.02994566778 
0.00845508740647 0.00160543858475 0.00599280228968 0.0116065546696 0.00552128863275 0.020692997082 0.0317842387273 0.00127034066486 0.0217286487043 0.00263922429562 0.00614939742068 0.00660016337107 -0.00114730926863 0.0283452027931 0.0303848100623 0.0177552404613 0.00705449755186 0.0127040890101 0.0058740645574 0.0266266211916 0.0138384359073 0.0120475262025 0.0212266830934 0.0149644934047 0.0051142816694 -0.00414037744901 0.0014313050942 0.00679402429986 0.0192849864684 0.00872191492648 0.033703721157 0.0269222785547 0.0114688282636 0.496027358014 -0.00461800786926 0.00583465420285 0.0227133068569 0.0162461696993 0.0610347858578 -0.0022163768442 
0.00351870875119 0.0210737789231 0.00690875467375 0.0185845290493 0.0145417366747 0.00800401472957 0.0547636958479 0.0117891903704 0.0927989271138 0.00938006329109 0.013390279512 -0.0215704930064 0.0126504721581 0.0165510524209 0.000769634175931 0.00810498426063 0.0248684064829 0.0243105005793 -0.00450138767674 0.0103467939072 0.0055515460452 0.0197756705958 0.00950492192421 0.00983138118044 0.0121192242468 -0.00204762522546 0.018862589256 0.0119917814943 0.0114699146868 0.0145586445481 0.0100243733872 0.102046034428 0.0174216435653 -0.00461800786926 0.524854805925 0.0168564106973 0.0204548761131 -0.00218825875882 0.0112582025676 0.010692061794 
0.119507638894 0.0208318474426 0.0276253623246 0.0632865764528 0.0229569718172 0.0101236349 0.015592564053 0.0154942039241 0.0534366051645 0.021927428517 0.0603815544454 0.00687675017296 0.0223318016134 0.0525877564926 0.0194568108777 0.00809837971702 -0.00574270427855 0.0131624964076 0.00107512717789 0.0263019300455 0.0322179116877 0.00183685614588 0.0239322427472 -0.00459304053926 0.0246243744303 0.0452922268449 0.0455315916707 0.00940619666384 0.157718761451 0.0179074906255 0.0319094431012 -0.0128485120048 0.0164670576755 0.00583465420285 0.0168564106973 0.541491065876 0.00293644769984 0.0440887840601 0.0132829000835 -0.0139371561806 
-0.00171413877856 0.0251213012647 0.0247201668712 0.0177361489717 0.0182665128735 0.0440725273757 0.0165299226336 0.0165532795041 0.0196270890205 0.0295561212228 0.00371714890151 0.015878609986 0.0120755533527 0.032760631119 0.0648769515452 0.008968759835 0.0113106491859 0.0235403352086 0.0379871719591 0.0134697666751 0.0120532200166 0.0191206998424 0.000893119280098 0.0200514246559 0.0244616269116 0.0444936614538 0.0263539729681 0.00304202475076 0.0198535405309 0.0127963400284 0.011824558094 0.0278021977016 0.0264724847457 0.0227133068569 0.0204548761131 0.00293644769984 0.398777570468 0.016950663731 0.0236247473318 0.0190070818133 
-0.00415555338411 0.0725899457726 0.000365213611794 0.0111150396878 0.00356455551036 0.0138005488816 -0.0097972280367 0.015878235911 -0.00101478354666 0.0236206124355 -0.0183818173677 -0.00237966251099 0.00871571097911 0.00799002682586 0.0154343930199 0.00994257855232 -0.00666394172618 0.021950605456 0.00154120488347 0.00719325412416 0.0311345257939 0.0204509139302 0.0115687456064 0.0115924198053 0.0118161235658 -0.00400128712315 0.00993275362671 0.0182874189791 0.00916583148365 0.0414069255792 0.00339185696104 0.00896945798413 0.00817670413578 0.0162461696993 -0.00218825875882 0.0440887840601 0.016950663731 0.719172120167 0.00170881023943 0.0293203876592 
0.00843107180988 0.0337027742918 0.00558314853875 0.00684571231613 0.00446881653279 0.0100194970005 0.0187409661165 0.00943242848198 0.0292646542416 0.00296571325801 0.0224289642973 -0.00499571286559 0.00191346319813 -0.000988787489543 0.0165397489764 0.0476527742956 0.0135461722781 0.00706750030944 0.0181494110335 0.0293737984346 -0.0115146478719 0.0107769406397 0.0383169188787 0.0129734900875 0.0103942780347 -0.000711292183735 0.0184904327878 0.0279510466311 0.0541052787234 0.00969370517904 -0.00405384700441 0.00341685359699 0.0190575547631 0.0610347858578 0.0112582025676 0.0132829000835 0.0236247473318 0.00170881023943 0.554687162675 0.0261502844693 
0.00235741026071 0.00245261791836 0.0175203780749 0.00776415642796 0.0416212006868 0.0372947728591 0.01719900213 0.0204752034582 0.0344152929158 0.0266719645796 0.0331533987981 0.0108879828346 0.0133212717769 0.0297550243543 0.0029438427236 0.00313240248047 0.00594122336736 0.0100636769181 0.0308852314836 0.0219165713836 0.00653812239978 0.0145934732451 -0.00043509113396 0.00897504673929 -0.00279585970666 0.0180513260623 0.0123051734069 0.00797672872083 0.00163732410424 0.0337603552382 0.0129451961037 0.00984188659036 0.02994566778 -0.0022163768442 0.010692061794 -0.0139371561806 0.0190070818133 0.0293203876592 0.0261502844693 0.268025964131 

['PKI', 'SGP', 'DHR', 'ASH', 'STA', 'JCP', 'CIEN', 'CCL', 'PMCS', 'SWK', 'GLW', 'COP', 'IBM', 'KBH', 'MHS', 'BAX', 'TMO', 'YUM', 'BA', 'MCD', 'PRU', 'SO', 'WFT', 'PGN', 'DD', 'RHI', 'CC', 'ADI', 'R', 'CINF', 'ADCT', 'DDS', 'JWN', 'AES', 'F', 'JNS', 'AET', 'BOL', 'IGT', 'XL']