30
0.0995242847704 0.0418020448473 0.0123991351417 0.106415927512 0.0262343191133 0.0335830315084 0.074230100705 0.0220203869342 0.478952808182 0.0784336943662 0.0163484450471 0.0357111585815 0.0669692816613 0.121001700606 0.0484031048171 0.123248136701 0.0285995604788 0.0394797478448 0.0435638119902 0.192324736986 0.0377989606714 0.0610020106181 0.126958151155 0.0256345374975 0.060830846045 0.0733521468466 0.107116270008 0.158041803894 0.0623322546876 0.0220926651793 
0.412608588499 0.0405440181788 0.0140276467852 0.0291250087128 -0.00377081705276 0.0026163288364 0.0689165889843 -0.00454173441816 0.0794290038041 0.0109982590047 0.0384146150846 0.00291222882114 0.00829834136481 0.107737798736 0.0181130916281 0.0259645776247 0.00610250830808 0.0112902382828 0.000544096129533 0.0799326957625 0.0150404700038 0.0275708093853 0.127745635494 0.0014789195391 0.0107000852378 0.0190683884936 0.0240544266946 0.0144651574232 -0.00436652235493 0.0217198397643 
0.0405440181788 0.250125612283 0.00887408758581 0.0478208356995 0.0281151574903 0.0211955611236 0.0618240495936 0.0321564911841 -0.00146130659192 0.00620051527084 0.0169888612729 0.0151965169605 0.0268019135019 0.0123663663271 0.0317386701838 0.0277442463181 0.0275321327501 0.0238605155798 0.0153460321493 0.0567059815632 0.0302498559006 -0.0031315045793 0.0240770811215 -0.000377160394843 0.0236914739129 0.0115150171019 0.0319451636456 0.0224233830253 -0.0309390580839 0.0271365346589 
0.0140276467852 0.00887408758583 0.187497286491 0.00978802923383 0.0133562116723 0.0259338918698 0.023072207033 0.0113420764306 -0.0135610102941 0.00706331779602 0.00596747773532 0.0268722333619 0.00364843171562 0.00415341777714 0.0060627678033 0.0114599382883 0.0215505951593 0.0142509286855 0.0148888725646 0.0201055782131 0.0129311176643 0.0128356225655 0.0127933841199 0.0125021810757 0.0153692811498 0.011220995866 0.0151335183475 0.058021108109 0.00258455240996 0.0175133293744 
0.0291250087129 0.0478208356995 0.00978802923383 0.606743002704 0.0120412202327 0.0504896937194 0.0664302450396 0.034591313623 -0.0271206940363 0.0746919968543 0.00831777865609 0.0289863278774 0.00999946537244 0.00365436079215 0.0309869049354 0.000743549696163 0.0157525336554 0.031475025942 -0.000288234736998 0.068266440137 0.0751481847056 0.0435857238427 0.0241563710444 0.000785666373145 0.038524878379 -0.010549314472 0.0862733407241 0.0326166912431 0.00494289208428 0.0174518776091 
-0.00377081705275 0.0281151574903 0.0133562116723 0.0120412202327 0.187666021641 0.0301211289072 0.0364456144872 0.0252048786713 -0.00572614653017 0.00983318800917 0.0183947685061 0.0140493458726 0.0198822409943 0.024408047407 0.020795753907 0.0241491350004 0.0500082567781 0.0113761076716 0.00744197455089 0.0210822662542 0.0259935787997 0.0176390908639 0.00207920144937 0.0216251234888 0.0326252215244 0.0262579169664 0.011210071904 0.0154012981956 0.0355444514911 0.00405182525322 
0.0026163288364 0.0211955611236 0.0259338918697 0.0504896937194 0.0301211289072 0.267906405865 0.0339056655525 0.00994851665086 0.0444116218801 0.00991120697665 0.0115453014525 0.00644494120754 0.0192534431757 0.00162920187949 0.0194745480009 0.0263374702603 0.00194317223059 0.0194368509476 0.0108368105396 0.0113569943364 0.109291216393 0.0187179234607 -0.00274142439869 0.00541394138495 0.0453363171512 -0.00932403580746 0.120318151002 0.00993344875046 0.00439715202697 0.00467704604728 
0.0689165889843 0.0618240495936 0.023072207033 0.0664302450396 0.0364456144872 0.0339056655525 0.500311632191 0.0526542380983 -0.0135888362864 0.0280616287691 0.0168025074807 0.0372328312579 0.0634459660957 0.0649074329266 0.0476625467238 0.0496684191649 0.0498868651207 0.0526181642315 0.0248496494214 0.0788999783357 0.0503827167313 0.0178988710624 0.0741568177557 0.0221203835102 0.0460858233783 0.0279650426144 0.0690489476441 0.0295258027967 0.0306178851477 0.0175655885511 
-0.00454173441816 0.0321564911841 0.0113420764307 0.034591313623 0.0252048786713 0.00994851665087 0.0526542380983 0.22467516257 -0.000869630683907 0.00880499152193 0.0150537074435 0.039096357014 0.0375392781088 0.0177699556818 0.0334032769446 0.0332665682859 0.0382738230679 0.0035144016957 0.00574464102681 0.0287634598575 0.0342671138516 0.0290416036569 0.00562234285322 0.0144825726765 0.0258745650984 0.0207690766938 0.0248051344191 0.0297041911484 0.0213715730619 -0.0123141200491 
0.0794290038041 -0.00146130659192 -0.0135610102941 -0.0271206940363 -0.00572614653017 0.0444116218801 -0.0135888362864 -0.000869630683907 5.23639809622 0.0306146951551 -0.0198585150527 0.0406679727846 -0.0124172981263 0.00591346544702 -0.00775099812232 0.0676630535202 -0.0156588479672 0.00440139513698 -0.006262481538 -0.00506673394695 0.0250741168005 0.0356313337443 0.0299894184881 -0.00154267982902 0.00108731458939 -0.00553171448321 0.0261224514708 -0.0255582723522 0.0296346514797 0.00996514054934 
0.0109982590047 0.00620051527084 0.00706331779602 0.0746919968543 0.00983318800917 0.00991120697665 0.0280616287691 0.00880499152193 0.0306146951551 0.361506009634 0.0156725013908 0.0439036682081 -0.0181298490343 0.0333095819286 0.0117892165989 -0.0104893326124 0.00283042115846 0.00725362720328 0.0157025199811 0.00584672311313 0.00248524312423 0.00611067617529 0.0166534334268 0.0143132337549 0.0117315614167 0.0600974477758 0.0145369514225 0.00831621093726 -0.00875424025699 0.0252291427256 
0.0384146150846 0.0169888612729 0.00596747773532 0.00831777865609 0.0183947685061 0.0115453014525 0.0168025074807 0.0150537074435 -0.0198585150527 0.0156725013908 0.200832735038 0.0182457210217 0.00529588472415 0.0415425445381 0.0127059681825 0.0297371394281 0.0154719224472 0.00865335759541 0.0246070984337 0.0285162086055 0.0139925296308 0.0119316961972 0.0354069416894 -0.00237282544181 0.0190817668593 0.0173993072554 0.025650880613 0.00827199031307 0.00307429310721 0.0565777516933 
0.00291222882114 0.0151965169605 0.0268722333619 0.0289863278774 0.0140493458726 0.00644494120753 0.0372328312579 0.039096357014 0.0406679727846 0.0439036682081 0.0182457210217 0.291890869812 0.0472958444287 0.00475838692123 0.011453308281 0.0172399532433 0.041091183388 0.0321804939228 0.00968086104933 0.0161087003064 0.0257644938282 0.0259721450637 -0.003816956475 0.0171723878839 0.024401741031 0.051132783901 0.0183418496503 0.0322494715914 0.0222469970474 0.0142311974378 
0.00829834136481 0.0268019135019 0.00364843171562 0.00999946537244 0.0198822409943 0.0192534431757 0.0634459660957 0.0375392781088 -0.0124172981263 -0.0181298490343 0.00529588472415 0.0472958444287 0.479402446173 -0.00303251315977 0.0265973969832 0.0451905293301 0.0274381127228 0.0103001297458 0.00268737698385 0.0471351831021 0.050411858828 0.0285537237054 0.0368952306893 0.0222513984433 0.0363304166981 -0.000433545922773 0.0325373505881 0.0198330193924 0.0202563811451 0.00112437887663 
0.107737798736 0.0123663663271 0.00415341777714 0.00365436079212 0.024408047407 0.00162920187948 0.0649074329266 0.0177699556818 0.00591346544702 0.0333095819286 0.0415425445381 0.00475838692123 -0.00303251315977 0.729774222979 0.0245286344383 0.0312572247095 -0.000193782879002 0.00220168248217 -0.00225076203201 0.0614546460313 0.0113991747765 0.0167646019046 0.0609143949865 0.0113268051691 0.0217699841305 0.049985193351 0.0196424642407 0.0132950743268 -0.00739081114872 0.0413817736001 
0.0181130916281 0.0317386701838 0.0060627678033 0.0309869049354 0.020795753907 0.0194745480009 0.0476625467238 0.0334032769446 -0.00775099812232 0.0117892165989 0.0127059681825 0.011453308281 0.0265973969832 0.0245286344383 0.264741469049 0.0335740896977 0.0108364749545 0.0240243932497 0.0211468310425 0.0658670645801 0.0275933162161 0.0199087195112 0.0240893113103 0.0105124235337 0.0338752102131 0.0115510879787 0.0503823517057 0.0101013425319 0.0175698597966 0.00699594512617 
0.0259645776247 0.0277442463181 0.0114599382883 0.000743549696167 0.0241491350004 0.0263374702603 0.0496684191649 0.0332665682859 0.0676630535202 -0.0104893326124 0.0297371394281 0.0172399532433 0.0451905293301 0.0312572247095 0.0335740896977 0.46202309732 0.00140596824247 0.0457903028255 0.0158128418562 0.0915362061879 0.0371021420785 0.0251867629374 0.047435996009 0.0303668376099 0.0218549535767 0.0383924486382 0.0539333087411 0.0116856972526 0.0165138560277 0.0210378746609 
0.00610250830808 0.0275321327501 0.0215505951593 0.0157525336554 0.0500082567781 0.00194317223059 0.0498868651207 0.0382738230679 -0.0156588479672 0.00283042115847 0.0154719224472 0.041091183388 0.0274381127228 -0.000193782879001 0.0108364749545 0.00140596824247 0.28111234096 0.0205579593135 0.00203008020099 0.0174244690872 0.0089723525664 -0.000207846200943 -0.0088251991439 0.0184621234395 0.0297696468058 0.0395018897184 -0.00505734014272 0.00940562050876 0.0141403322381 0.00222342822837 
0.0112902382828 0.0238605155798 0.0142509286855 0.031475025942 0.0113761076716 0.0194368509476 0.0526181642315 0.0035144016957 0.00440139513698 0.00725362720328 0.00865335759541 0.0321804939228 0.0103001297458 0.00220168248217 0.0240243932497 0.0457903028255 0.0205579593135 0.324740087746 0.0176728876901 0.0506979759089 0.00553115250912 0.00228647667552 0.020249089043 -0.00146928410725 0.0176053599133 0.0607351488571 0.0361330488743 0.0400153352081 -0.00321544246763 0.0207898666416 
0.000544096129533 0.0153460321493 0.0148888725646 -0.000288234736997 0.00744197455089 0.0108368105396 0.0248496494214 0.00574464102681 -0.006262481538 0.0157025199811 0.0246070984337 0.00968086104933 0.00268737698385 -0.00225076203201 0.0211468310425 0.0158128418562 0.00203008020099 0.0176728876901 0.280584215248 0.0308330197478 -0.00102071083149 0.00194639097633 0.0192511258522 0.0152736387383 0.00921919165129 0.0208369771587 0.0044253939841 0.0178197583889 -0.0115472183886 0.0200197322301 
0.0799326957625 0.0567059815632 0.0201055782131 0.068266440137 0.0210822662542 0.0113569943364 0.0788999783357 0.0287634598575 -0.00506673394695 0.00584672311313 0.0285162086055 0.0161087003064 0.0471351831021 0.0614546460313 0.0658670645801 0.0915362061879 0.0174244690872 0.0506979759089 0.0308330197478 0.662423219042 0.0663006807221 0.0363915945863 0.115158250621 0.0200099799959 0.0500622879634 0.0324866480945 0.0806615002371 0.0336369244249 -0.00876722184944 0.0304800408953 
0.0150404700038 0.0302498559006 0.0129311176643 0.0751481847056 0.0259935787997 0.109291216393 0.0503827167313 0.0342671138516 0.0250741168005 0.00248524312424 0.0139925296308 0.0257644938282 0.050411858828 0.0113991747765 0.0275933162161 0.0371021420785 0.0089723525664 0.00553115250912 -0.00102071083149 0.0663006807221 0.311924944923 0.0405607557644 0.00993647585238 0.00494924001446 0.0417381353201 0.0142634566614 0.115339715718 0.0339177854955 0.0130457093492 8.24972234866e-05 
0.0275708093853 -0.00313150457931 0.0128356225655 0.0435857238427 0.0176390908639 0.0187179234607 0.0178988710624 0.0290416036569 0.0356313337443 0.00611067617529 0.0119316961972 0.0259721450637 0.0285537237054 0.0167646019046 0.0199087195112 0.0251867629374 -0.000207846200943 0.00228647667552 0.00194639097633 0.0363915945863 0.0405607557644 0.422513471309 0.0142955897993 0.0166447551213 0.0237389990883 0.00144338328792 0.0355909275624 0.0129219796525 0.0228001984775 0.0144128076972 
0.127745635494 0.0240770811215 0.0127933841199 0.0241563710444 0.00207920144937 -0.0027414243987 0.0741568177557 0.00562234285322 0.0299894184881 0.0166534334268 0.0354069416894 -0.003816956475 0.0368952306893 0.0609143949865 0.0240893113103 0.047435996009 -0.0088251991439 0.020249089043 0.0192511258522 0.115158250621 0.00993647585238 0.0142955897993 0.416092875506 0.0124365482776 0.00890031069478 0.0223983857052 0.0260224033204 -0.0143819325373 -0.0134956399371 0.0224528492108 
0.0014789195391 -0.000377160394839 0.0125021810757 0.000785666373146 0.0216251234888 0.00541394138494 0.0221203835102 0.0144825726765 -0.00154267982902 0.0143132337549 -0.00237282544182 0.0171723878839 0.0222513984433 0.0113268051691 0.0105124235337 0.0303668376099 0.0184621234395 -0.00146928410726 0.0152736387383 0.0200099799959 0.00494924001447 0.0166447551213 0.0124365482776 0.177243435712 0.0153914252655 0.0127298437362 0.0174548223918 0.0531124306152 0.00847866603778 0.00448061249398 
0.0107000852378 0.0236914739129 0.0153692811498 0.038524878379 0.0326252215244 0.0453363171512 0.0460858233783 0.0258745650984 0.00108731458939 0.0117315614167 0.0190817668593 0.024401741031 0.0363304166981 0.0217699841305 0.0338752102131 0.0218549535767 0.0297696468058 0.0176053599133 0.00921919165129 0.0500622879634 0.0417381353201 0.0237389990883 0.00890031069478 0.0153914252655 0.303375548115 0.00437924382931 0.0297468043172 0.014399305135 0.00423194674929 0.0136976407532 
0.0190683884936 0.0115150171019 0.011220995866 -0.010549314472 0.0262579169664 -0.00932403580746 0.0279650426144 0.0207690766938 -0.00553171448321 0.0600974477758 0.0173993072554 0.051132783901 -0.000433545922774 0.049985193351 0.0115510879787 0.0383924486382 0.0395018897184 0.0607351488571 0.0208369771587 0.0324866480945 0.0142634566614 0.00144338328792 0.0223983857052 0.0127298437362 0.00437924382931 0.434020890585 -0.00344928407143 0.0225561401625 0.00550395584083 0.0235219833127 
0.0240544266946 0.0319451636456 0.0151335183475 0.0862733407241 0.011210071904 0.120318151002 0.0690489476442 0.0248051344192 0.0261224514708 0.0145369514225 0.025650880613 0.0183418496503 0.0325373505881 0.0196424642407 0.0503823517057 0.0539333087411 -0.00505734014272 0.0361330488743 0.0044253939841 0.0806615002371 0.115339715718 0.0355909275624 0.0260224033204 0.0174548223918 0.0297468043172 -0.00344928407143 0.517636978687 0.0227245401775 -0.00212179702964 -0.00577560458071 
0.0144651574232 0.0224233830253 0.058021108109 0.0326166912431 0.0154012981956 0.00993344875047 0.0295258027967 0.0297041911484 -0.0255582723522 0.00831621093726 0.00827199031306 0.0322494715914 0.0198330193924 0.0132950743268 0.0101013425319 0.0116856972526 0.00940562050877 0.0400153352081 0.0178197583889 0.0336369244249 0.0339177854956 0.0129219796525 -0.0143819325373 0.0531124306152 0.014399305135 0.0225561401625 0.0227245401775 1.03178387695 -0.000988745175461 0.0207803967812 
-0.00436652235493 -0.0309390580839 0.00258455240996 0.00494289208428 0.0355444514911 0.00439715202697 0.0306178851477 0.0213715730619 0.0296346514797 -0.00875424025699 0.00307429310721 0.0222469970474 0.0202563811451 -0.00739081114872 0.0175698597966 0.0165138560277 0.0141403322381 -0.00321544246763 -0.0115472183886 -0.00876722184944 0.0130457093492 0.0228001984775 -0.0134956399371 0.00847866603778 0.00423194674929 0.00550395584083 -0.00212179702964 -0.000988745175464 0.533014181399 -0.00684187046418 
0.0217198397643 0.0271365346589 0.0175133293744 0.0174518776091 0.00405182525321 0.00467704604729 0.0175655885511 -0.0123141200491 0.00996514054934 0.0252291427256 0.0565777516933 0.0142311974378 0.00112437887663 0.0413817736001 0.00699594512617 0.0210378746609 0.00222342822836 0.0207898666416 0.0200197322301 0.0304800408953 8.24972234833e-05 0.0144128076972 0.0224528492108 0.00448061249398 0.0136976407532 0.0235219833127 -0.00577560458071 0.0207803967812 -0.00684187046418 0.227589744882 

['WMB', 'GWW', 'TWX', 'ADSK', 'MI', 'LLTC', 'KBH', 'MTG', 'SBL', 'MHS', 'TE', 'HET', 'EK', 'EP', 'IP', 'GILD', 'PGR', 'ITT', 'MO', 'FCX', 'MXIM', 'CMVT', 'MRO', 'PG', 'TROW', 'CVH', 'NSM', 'ADBE', 'MAT', 'CMS']