100
0.133882810383 0.103194060275 0.067654701563 0.0188066159349 0.0357111585815 0.0459594094694 0.0394797478448 0.0254158643172 0.0314514366364 0.112290577846 0.0309081568087 0.039970875035 0.045759308444 0.103528049483 0.0144645316835 0.0597094198611 0.0831725949645 0.0765601453803 0.0316848802341 0.0704019073317 0.0435638119902 0.0296866664977 0.0698927007 0.0180781461794 0.0716450377603 0.0538734886168 0.0163484450471 0.0428749123775 0.0582377086348 0.0420146984796 0.169485482474 0.0820701074714 0.02392892696 0.200970993098 0.0788996306534 0.0700025840065 0.0470472683343 0.0220203869342 0.0449680709256 0.0388313797841 0.251790956204 0.0780955523414 0.371102806834 0.0884893451388 0.105459344027 0.116671338284 0.148705689344 0.00361039022472 0.079223051944 0.0235207120966 0.0466468708745 0.0448250845436 0.078059567066 0.0151091702759 0.0909027791802 0.025657065471 0.0755152896869 0.242072249725 0.0265193363437 0.0584548507687 0.0911559741232 0.0124927962784 0.138528932385 0.0335346879574 0.040534814632 0.0669692816613 0.360667625942 0.0299059053764 0.0590558874601 0.039859092222 0.0597278634654 0.123248136701 0.0265727047954 0.00873698993333 0.0451551332239 0.0314738433907 0.0165000515881 0.0522856391002 0.0290232005544 0.118814959333 0.0711634289065 0.080285366307 0.0272696759741 0.126958151155 0.0861911318708 0.0168064994581 0.101481112582 0.0708595176859 0.0594494044175 0.0162161188728 0.123926899062 0.0354646018646 0.00399952409326 0.0206637964956 0.0123991351417 0.0266042550295 0.114457978761 0.005148759701 0.0631330997176 0.02736418452 
0.430177133154 0.0227655813469 -0.0154757681766 0.0103855995846 0.00396468645283 0.00991288235985 0.0110186224696 -0.00212676997277 0.00169526639102 0.157845566689 0.00427781280958 0.0160844214988 0.0581939183804 0.0845677845559 -0.00632482959874 0.0141983356925 0.0431103507501 0.0598809390767 0.0160324111889 0.0191767361941 -0.00676360272893 0.00629719350033 0.0346869876012 -0.00144701867102 0.0152471851288 0.0127315089999 0.0187387928871 0.015813290169 0.00317450672127 0.0394023614893 0.0282486236873 0.0241669267622 -0.00114546775087 0.00708990216033 0.0145117258667 0.0192633549168 0.0157750225969 0.0101973696497 0.0159444262334 0.0135150570303 0.0387183453907 -0.00216629441615 0.0445718396452 0.0129513730165 -0.00335293626899 -6.99190818398e-05 0.00947478746649 0.00425617370501 0.0136107841211 0.00510257088389 0.0291304938808 0.00526222406668 0.00736101793995 -4.18315791824e-05 0.0366919914125 0.00238183237355 0.00197535147806 0.0551584319029 0.00548552989216 0.0223637826005 0.0236025128143 0.00992456857527 -0.00664024779067 0.00670665721907 0.0074673434008 0.0264862603381 0.0426306630308 -0.00267078729211 0.000576765663465 0.0259756492306 0.0319659653334 0.0222210903864 0.0196431166497 0.00708627856133 0.0371928573439 0.00395566724448 0.0148306614519 0.0152398165175 0.0114582870263 0.01622935807 0.00384632877447 0.0293354143483 0.00535296650522 0.10599476386 0.00973570840511 0.00782153765994 -0.00177668605579 -0.00537891318022 0.0292401985017 0.0140379656606 0.0061257478458 -0.00629434117217 -0.00578830163879 0.00155992676521 0.00633434377826 0.00877916823084 0.107235914057 0.00586482085869 0.0129605442769 0.0281937327751 
0.0227655813469 0.53440983934 0.0200379336829 0.00287507917884 0.0082738274137 0.0105040019238 0.0213475355433 0.0109810341822 0.0250425923522 0.0342297503609 0.00379416033278 0.039830820082 0.0184849526459 0.0188906992381 0.0167307992354 0.0319003880949 0.0160250688784 0.0241611058298 0.00216804283086 0.0260593082528 0.00598339446864 0.00388281766472 0.060223601015 0.0360645044846 0.0157926355552 0.0202523727457 0.00588981725905 0.018551080449 0.014035034197 0.0158631283591 -0.000618768366589 0.0208748548718 0.0179879580852 -0.00344584406657 0.0248838010546 0.00286312381414 0.031019196757 0.0106487569797 0.00746891572571 0.0511270952988 0.00683436666258 0.0128307550791 0.0364756615227 0.00688736540307 0.0352606577967 0.0310201891548 0.0719954611622 0.0186805315515 0.0289594496405 0.0194375164025 0.0579443546897 0.011651900819 0.0233640470521 0.0133343791033 0.0195945748158 0.0225686895053 0.00274622789992 0.0462483212354 0.00430545098293 0.0345720052168 0.0375235332702 0.038981552686 0.0990777111865 0.0111754954744 0.00350922932073 0.0113791423093 0.0539415735777 0.0129056316254 -0.0131701463085 0.0202570568793 0.0461854462525 0.0370406862719 -0.00693871540208 0.01009522291 0.0106714114905 0.00507660438228 0.0124512981653 0.0113731869136 0.0184281744791 0.0169316329239 -0.00103471241252 0.0814945986897 0.022671705035 0.0465407510828 0.0182184788144 0.00457073746657 -0.00712185900459 0.0206081413659 0.0195266457337 0.0186097110832 0.0329562543273 0.0140908674792 0.0064355164439 0.00952617804345 0.0253860504096 0.0172728597485 0.0317577477398 0.00540254170787 0.0211161700137 0.011587536114 
-0.0154757681766 0.0200379336829 0.3718103816 0.0146531592348 -0.00185381744496 0.00884232619532 0.0200443203276 0.00989771724195 0.00689170858751 -0.0109216520863 0.0278801537309 -0.000634674312618 0.0148555181989 0.00983881832026 0.00159530382164 0.013809438373 0.0127098672944 0.00333907760649 0.0132835216621 0.00425704126189 0.0208274972169 0.0231636178548 0.00733879278788 0.00741529949135 -0.000424001054509 0.00110278420213 0.0173220458391 0.0331855797262 0.0109534115119 0.0115139370406 -0.0244231027484 0.00368992010525 0.000777440700633 0.00116297093947 0.00102804637824 0.0196901835386 0.0122671895399 -0.000374570364795 0.00776213876433 0.00513333839949 0.0155857078723 -0.0118255610769 0.025161221437 0.00765243060659 0.0238272296637 -0.013731650297 0.0184816205026 0.0018177930887 -0.00554518736642 0.00993524320414 0.011400595659 0.0100164875663 0.0145856068851 0.0140623650349 0.0116363821974 0.0130962095692 0.00767337841725 0.0110263262246 -0.00343075566342 0.0179929560178 0.00263309098009 0.0122096773836 0.00186895671959 0.0475348965863 0.00886821041919 0.00551844235429 0.0111267865193 0.0198325045373 0.00845074601703 0.00480193217319 0.00275416021381 0.00093072593352 0.0120477062403 0.0124021750168 0.000825328261969 0.0122384276097 0.0241798668732 -0.00543580968038 0.0248524248791 0.00330691714335 -0.00452068343416 -0.00891972309952 0.00818077879322 0.00740726750016 0.00496138913952 -0.00742667391431 -0.0106243034719 -0.000103228425998 0.0093881981891 0.0210344708503 0.00312589099442 0.0119038263132 0.00571982066605 0.0111293831573 0.0134255663186 0.000784125166961 0.0180258171028 0.00689565027367 0.0141918746052 0.012041488019 
0.0103855995846 0.00287507917884 0.0146531592348 0.182689869171 0.0214306593693 0.0132453803607 0.0152148453856 0.00830908636181 0.0100672735326 0.0029043635332 0.0385586528838 0.0119695704605 0.00447952555677 -0.00400385492943 -5.0232458293e-05 0.00411774463967 0.0273119991108 0.0106633465302 0.0150592186639 0.0281826813141 0.00492940251073 0.00762701125101 0.0171048161346 0.00390857103728 0.00848245478959 0.0209542986005 0.00700325550761 0.00359901896038 0.0133225115675 0.00194330236659 0.0154664806973 0.0208007177529 0.0233155678216 0.0156753592149 0.016948623152 0.0161402820595 0.0125521560083 0.0060165161862 0.00723627837102 0.0107030245845 -0.00788069903155 0.0175244069771 -0.00436666591768 0.0128010431521 0.00755648090524 0.01245878579 0.0120948925287 0.00637358060073 0.0221031862471 0.0118886863531 0.0108443943651 0.0297064153094 0.00204027241983 0.0068307008481 0.011388112844 0.000799394839793 0.000792477542962 0.0312086034656 0.00617309287841 0.0166076978912 0.0114804132721 0.0234549634554 0.0258331253601 0.00446835253053 -0.00642786682391 0.0225198982238 0.0049555506259 0.00508417874785 0.0244043057249 0.00372573706557 0.0158965374516 -0.00291630030468 0.00901533562699 0.00818778742183 0.00656941031051 0.0121963998381 0.00686623614045 0.00723793326489 0.0167664410186 0.0045385479366 -0.00125978623276 0.0270679254396 0.0159411052982 -0.00645504307185 0.00963471850091 -0.00576508009779 0.00290842742216 0.00019218101356 0.0184619402544 0.00441827345665 0.00336118112552 -0.00826086259919 0.0113822747364 0.01368843433 0.0106228275546 0.0165227202674 0.00862885562923 0.00568126428193 0.00601009301896 -0.00250129442131 
0.00396468645283 0.0082738274137 -0.00185381744496 0.0214306593693 0.27524034178 0.0285791296974 0.0257189295763 0.0223528220399 0.0189741254094 0.0218274260779 0.0435831644668 0.0137919025149 -0.000427220651271 0.003444663694 0.0165995428936 0.0241297479216 0.008480076761 0.00250003202778 0.00465360800928 0.0129857153173 0.00498588534601 0.0222647438973 0.0274672135748 0.0157772999487 0.00224862854269 0.0258735775993 0.0133661041752 0.0197344396245 0.014973760846 0.00822995269139 0.00400213381902 0.0253063132906 0.003827458617 0.00253788875632 0.00820085107708 0.0227751971853 0.0198463440465 0.0250325043071 0.0194438531773 0.0236948518297 0.0223660291051 -0.00256510323509 0.019206444821 0.0134428580062 0.0387687148128 0.0135051212509 -0.000345591425481 0.018238443721 0.0204207682944 0.00869514499659 0.00147100984386 0.0336216739726 0.028981153579 0.00602529859367 0.00925025082771 0.00591629073353 0.00692199066842 0.0285740815308 0.012120393252 0.0165697824876 0.0155872054361 0.00881915985153 0.00393587226366 0.0049199945253 -0.00567277480382 0.0308166957897 0.0281472139389 0.0341891263512 0.0324658763855 0.0258309328994 0.0222315036658 0.00855303892313 0.0170717234807 0.00861991091772 0.00728701625314 0.00938643810765 0.00415314222557 -0.000179320045656 0.00502024187891 0.0178569260821 0.00612541433505 0.0228087805803 0.0103153005189 -0.00576205014538 0.0131335580976 0.011343100276 0.00377992533138 0.027437408055 0.00642675916651 0.00840807260013 0.00108607524719 0.0137418776913 0.0133277416008 0.0141500123371 0.0203999720015 0.0177409615046 -0.012017220323 0.00465973525763 0.036697569842 0.00255336328875 
0.00991288235985 0.0105040019238 0.00884232619532 0.0132453803607 0.0285791296974 0.321132259833 0.00496176367487 0.034353031897 0.0294428605055 0.0117399771589 0.0459707034755 0.00459102590765 0.00689869301208 -0.0132614986433 0.00477695411506 0.00704570338892 0.014211177 0.0168172530873 0.0268989776277 0.0344456495961 0.00626958279821 0.0274832749373 0.0176804950683 0.0174043032745 -0.00889691827261 0.0184108914532 0.00160320710216 0.0314534919183 0.00665196999499 0.0151955476292 -0.00734510735916 0.0243809205317 0.0252358815745 0.0133979640945 0.0251713970785 0.00242110537909 0.0232567859017 0.0661772286795 0.00778386791365 0.0253837311972 -0.00540377561097 0.0207578576685 0.0180682890946 0.00217884026145 0.0088458750941 0.00649555212348 0.0194271240219 0.0358086054085 0.0275306150749 0.00808009190608 0.0114526898002 0.0183146507334 0.0202760630199 0.00945942867474 0.00163575755153 0.0144403861647 0.0315665006107 0.00995046482293 0.00784689701552 0.000810067918279 0.020081124544 0.00505537928743 0.0127506151718 0.01660798863 0.00289013781818 0.0448143041494 0.0413793216237 0.0355379638685 0.0222321166017 0.011527988787 0.0298516753186 0.0289848884785 0.0248799115736 0.0062053090564 0.00203116907468 0.0217751951456 0.0065665377279 0.0148253529982 0.0350222577971 0.00175632209805 0.00752314315529 0.0155672731508 0.00651408026875 0.0118091445033 0.0298578062792 0.019446732113 0.000372017810605 0.021348587649 0.0171647248482 0.00422185357088 0.00286357930515 -0.000416719280342 -0.00328524796994 0.0226262941233 0.014572669767 0.0129602160715 -0.00434929868776 -0.00335583010615 0.0414805887048 0.0219619762805 
0.0110186224696 0.0213475355433 0.0200443203276 0.0152148453856 0.0257189295763 0.00496176367487 0.312966567316 0.00568781454842 0.0318281839875 0.016390867848 0.00166948578611 0.0194027227493 0.0124417748691 0.00165579905773 0.0158877037423 0.03432215396 0.0158003407955 0.00971472451466 0.00199171734225 0.0224341039805 0.0179563278219 0.00877457763268 0.0132699931413 0.00883887467121 0.00557134506736 0.0246011782366 0.0052634142419 0.00581399093289 0.018716360517 0.0148106026811 0.0207908360885 0.0291781120707 0.00759971728639 0.00870922314216 0.00227337725301 -0.000618622067884 0.0233886969378 -0.00013629284528 0.000191558665396 0.00665704312398 -0.0121615082997 0.00279671330248 0.00765314589057 0.00647943334902 0.0303999800534 0.0216817325878 0.0201752469809 0.0127387511359 -0.000178971073619 0.01731692202 0.0097080564257 0.0132148193347 0.0190778948562 0.014059202732 0.0098561607232 0.00930151428373 -0.0156626894877 0.056936247339 0.00414968756825 0.0203823413921 0.0216294476518 0.0152402694529 0.00390099767012 -0.00542467577428 0.00265651486623 0.000116784863034 0.037687161733 0.00228709375124 0.0107456208364 0.017489723975 0.0201159749594 0.0406764069487 0.00734255345886 0.0068657934768 0.0123769958817 0.0150096536711 0.00449893348169 0.0209842388373 0.0032609173932 0.0246352861533 -0.00866259154075 0.0204678959968 0.0249279072482 0.021547003457 -0.00784311194655 -0.00240865693948 -0.00225225713885 0.018830023978 0.00722424967649 0.0040696532846 0.0154297036689 0.0105561456887 0.0291856422452 0.010564726802 0.0140555515186 0.0152913809536 0.0111730585838 0.0103403689979 0.00795093655385 0.00271164346355 
-0.00212676997276 0.0109810341822 0.00989771724195 0.00830908636181 0.0223528220399 0.034353031897 0.00568781454842 0.278496093669 0.0104249668361 0.0268545175984 0.032628051888 0.0214603378788 0.00387870894632 0.00749675380646 0.0146496912581 0.0142323857268 0.00182316060663 0.012912969291 0.0100954989538 0.0273848128546 0.00729527921946 0.0199607137946 0.00899357574435 0.00427795029864 0.0101569203355 0.0111716554336 0.00247042447774 0.0132581826112 0.0251443650672 0.00663636930874 -0.00216487748908 0.0254588624575 0.00917806103814 0.00803038566377 0.00178596614338 0.00245576333661 0.00674203486084 0.0169862428276 0.00228930497993 0.0122045435088 0.00471367869985 -0.0164712309191 0.0117118659293 0.00706482467326 0.0321337345011 0.0181838227527 0.0176529259306 0.0190810853098 0.0301810618129 0.00839246912868 0.00265089310128 0.0221807381387 0.0164252477987 0.00628653684957 0.00136651716899 0.00422728090567 -0.00100399039981 0.019640791932 0.00501849841166 0.00406067221736 0.025408335452 0.0102447877841 1.24054258728e-05 0.0115706506786 -0.000954516367517 0.00798462965329 0.00848603045415 0.0163126291258 0.0113455469411 0.0150920728654 0.0235943013641 0.0232559566587 0.00290284622377 0.00857543482134 -0.00561481866658 0.0102970244086 -0.00200101501494 0.0119589763617 0.0109634289851 0.0238849229384 0.0117799183101 0.0247776396998 0.00829908105969 -0.00322877479107 0.0494568723608 0.00942079574264 0.0047744024224 0.0124606635415 0.0150470854267 -0.000120945161089 0.0314903879539 -0.00302225734714 0.00237248998553 0.00848878322848 0.00438376318756 0.010645865758 0.023191738052 0.0131392377226 0.00480092243531 0.0063412505566 
0.00169526639103 0.0250425923522 0.00689170858751 0.0100672735326 0.0189741254094 0.0294428605055 0.0318281839875 0.0104249668361 0.163727177967 0.00588523821945 0.0197083682479 0.0128111817648 0.0170575118183 0.0152006940809 0.00785238676627 0.0128035893562 0.0216649279782 0.0054467309058 0.0149180896859 0.0209136612913 0.0165730527517 0.0355638797707 0.0312943048296 0.0245373610266 0.00447996384814 0.00617225748646 0.0183743283199 0.0291059681969 0.00804353362453 0.0211798909752 -0.00586138429205 0.0135012867551 0.0101470734723 0.00202990748299 0.00737954349659 0.0082261543176 0.0188656687208 0.0215645537495 0.0186871543451 -0.00144170678849 0.0119695502727 0.0136891350423 0.00308228021578 0.0143786721299 0.00992325402311 0.0156982310765 0.00761152138586 0.00694601979053 0.0174228309702 0.00235309149915 0.00898729806699 0.0219076916839 0.0103553715062 0.00299543885021 0.0111775295035 0.0511363401778 0.0154987759979 0.0212649150852 0.00365735042572 0.0284008506327 0.00693058354011 0.0191522680822 0.0100116960135 -0.00685798516444 0.00739355196258 0.0202809044185 0.00162088407929 0.0134213147286 0.0032312143531 0.01192410646 0.00230654174113 0.00839799481044 0.0261181573228 0.00684330376051 0.00578628864149 0.0146717349428 0.018000751611 0.012317953685 0.0150626728619 0.0124170551678 0.00638589739267 0.0136149563198 0.00838721104198 0.00808687843516 0.00876120757528 0.00702023002009 0.00116226670752 0.0265959192777 0.0452182956245 0.0193630530213 -0.000531407715738 0.0208762125965 0.0152857909765 0.0186446159271 0.0149919175867 0.0224553886091 -0.00700971924886 0.00950466888892 0.0074920516218 0.0158910153055 
0.157845566689 0.0342297503609 -0.0109216520863 0.0029043635332 0.0218274260779 0.0117399771589 0.016390867848 0.0268545175984 0.00588523821945 0.403342635212 0.00351522501848 0.00523906723128 0.0686292397276 0.127203992958 -0.00401403779239 0.0220019237677 0.0606601054978 0.0435633702313 0.0177520243509 0.0346710014458 -0.000579290854 -0.000490187148802 0.0153920351119 -0.0037479969398 0.0186296815475 0.0271434791037 0.0215901701771 0.0138931465175 -0.00963216311004 0.0486946357115 0.0281569490055 0.0185414518805 0.00142237013376 -0.0131601328713 0.00851219791548 0.00255136539113 0.0100073868623 0.0157169919353 0.0119910047549 0.0172640730326 0.00682424119632 -0.00591999330871 0.0739969949765 0.0218033693953 0.00780115152982 0.0274091160054 0.0198050465576 0.00742076103359 0.0251482292118 -0.00248664375539 0.0252705949615 0.00550552179189 0.0211542931768 0.000975230359691 0.0315541166599 0.0145728206804 -0.0127006529375 0.0870901669568 0.00869204342242 0.0146222171807 0.012170355694 0.00626865878236 -0.0116571248358 0.00814321130291 0.00878537480565 0.0114507141131 0.0392120498147 0.00560265922306 0.0187899224792 0.0322465264576 0.0343054644403 0.0202097158951 0.021078499327 0.00218121134769 0.0144137001742 0.0105822744217 0.0109441457024 0.0259217786758 0.0118202161079 0.0177657104367 0.000747679612432 0.00791230408973 0.0151992608108 0.103163425974 0.055687546079 -0.00321995221596 0.0196332341391 0.00180844999177 0.00701475957558 0.0213540659316 0.0305653961493 0.00853459000247 -0.0045433862037 0.00264158707669 0.00392341273661 0.0195594337668 0.119473336545 -0.000730111019615 0.0408950832999 0.0317505992351 
0.00427781280958 0.00379416033278 0.0278801537309 0.0385586528838 0.0435831644668 0.0459707034755 0.00166948578611 0.032628051888 0.0197083682479 0.00351522501848 0.256920668502 0.0119590647568 -0.0020404565044 -0.0182341624953 0.00671949979644 0.0094386164823 0.040529841179 0.0173359954687 0.0220536210351 0.0356726987804 0.0197673747451 0.0158372458717 0.00200825559943 0.00572696589724 0.0116639187162 0.0212189483313 0.00799304352028 0.0132880587081 0.0143878967858 0.00856990872448 0.01468033547 0.0417297763119 0.0353584549361 -0.000479640258817 0.0120904850562 -0.0146525247316 0.011598054431 0.0264377765375 0.0245821200151 0.00312525917004 0.0118885290183 0.0459536515704 0.00147588018601 0.0167600130719 0.0107419811131 0.00178213517974 0.00170809935671 0.0245301403247 0.0190636718279 0.00835181146351 0.00159801589237 0.0593266002625 -0.00727016222748 0.013104594026 0.00753828478234 0.0267298610064 0.00238660099322 0.00556135874 0.0167056985138 0.00940773255069 0.0187032907944 0.0192112266419 0.0220398940652 0.00614621434882 -5.49206704507e-05 0.0048308439392 -0.00102023950282 0.0250462519141 -0.0131558492179 0.0137521400657 0.0157781139286 0.01750153138 0.021103659566 -0.0017481214072 0.00277356114739 0.00946287423028 0.00451191799786 0.00593622271515 0.0219385097568 0.0126154828119 -0.00575008453619 0.0114609534924 0.0207297653035 -0.00362559229402 0.0108430606905 0.00211023029156 -0.00602540117915 0.0190628052292 0.0219426933675 0.00161459544247 0.000439154399138 -0.00384097469206 0.0174489705091 0.0268134591605 0.010951294041 0.0308232796834 -0.0108353589826 0.0125835986383 0.012928790372 0.0111723617015 
0.0160844214988 0.039830820082 -0.000634674312617 0.0119695704605 0.0137919025149 0.00459102590765 0.0194027227493 0.0214603378788 0.0128111817648 0.00523906723128 0.0119590647568 0.17493026848 0.00485489049463 0.00272946156386 0.00798630493105 0.011767107074 0.0150242625584 0.0305088676843 0.0166057683804 0.0205862329305 0.00543576193657 0.0205822689502 0.0046278987724 0.00790222413486 0.0100506877317 0.00963739388168 0.00399407414141 0.00785565334507 0.0186540404048 0.0126316832322 0.0224439691204 0.00830286927388 0.0192369621288 0.00479130413456 0.00542827843932 -0.00231155517078 0.0164672430119 0.0200230111821 0.00727823263758 0.00629906228793 0.0130286594614 0.0081184575001 0.0413570864135 -0.00106393530281 0.0236736797904 0.0225104316432 0.0260119776486 0.0056755327349 0.0217744465667 0.00417984872146 0.0120432305102 0.0108924959908 0.00591180606157 0.0143853044346 0.00197209012988 0.0160394287629 0.00250088861081 0.0314005523056 0.00631323639636 0.0135457363119 0.0286265070732 0.00951425454926 -0.0117285445953 0.00709596508823 -0.0104500087865 0.0168579360401 0.0407602846839 0.0204879582644 0.00774079753496 0.00210026587298 0.0305291272269 0.0173961597407 0.0258913247851 0.0122814985954 0.00923329340937 0.00344824728625 0.000487954382701 0.0260103060574 -0.000702285028005 0.0173647446729 0.00341459292337 0.0201672019763 0.0100918402999 -0.00824632526386 0.0131650810433 0.0130884735517 -0.000342881084409 0.0115463479519 0.0281241883277 0.00925865411053 0.0155863041016 -0.00171937414677 0.00150981014682 0.021992627996 -0.00432188368333 0.0188032344351 0.013839323776 0.0122315532428 0.00789944683557 0.00947826944448 
0.0581939183804 0.0184849526459 0.0148555181989 0.00447952555677 -0.000427220651272 0.00689869301208 0.0124417748691 0.00387870894632 0.0170575118183 0.0686292397276 -0.0020404565044 0.00485489049463 0.169338090109 0.0847302924187 -0.00268828416837 -0.0101316902828 0.0161608094962 0.00570122064875 0.0141737927964 0.0226340915565 0.0143668421381 0.0185513520278 -0.00478448072759 0.0101011678115 -0.00176864443899 -0.00095890489928 0.0164765723079 0.0133256793985 0.00848004388326 0.0189018878171 0.0192460322132 0.0135354468535 0.00318902022695 -0.00577822981228 0.00793351903936 0.00584529268721 0.00116078543536 -0.00293325596828 0.00806318661319 0.00836292856777 0.0253018000915 -0.00263451511564 0.0150374947505 -0.00263691952236 0.000382889151274 0.0118665180822 0.00380220971225 0.013418123424 0.00195835885372 0.00967902268056 0.0189532568865 -0.0009877282591 0.00893072299241 0.00863503420598 0.0150519126315 0.0105019230106 0.0236815984752 0.0324800915242 0.00317502902886 0.0030986860154 0.00934037079427 0.00226623713886 0.00619988088324 0.00860318781359 0.0108224540163 0.0113076834624 0.0153730077938 0.0121943962327 0.0110237508345 0.0119933952565 0.0155438535602 0.0171805184734 0.0115530675621 0.00393682098894 0.011160511103 0.0169235899174 0.0156160155176 0.0214475171763 -0.00698733146857 0.0185353034754 -0.000322124354509 0.00133070173389 0.00411101416686 0.0920814181013 0.00492001674193 0.00268459807085 0.00437285491569 0.00372805610377 0.0133254082179 0.0137821161683 0.0142157039553 0.0244996295325 0.00103509712947 0.0102862233778 0.018540324629 0.000876338536281 0.0627725001007 0.00572709723308 -7.30598765964e-06 0.0172841261639 
0.0845677845559 0.0188906992381 0.00983881832026 -0.00400385492944 0.00344466369401 -0.0132614986433 0.00165579905773 0.00749675380646 0.0152006940809 0.127203992958 -0.0182341624953 0.00272946156386 0.0847302924187 0.367906224812 -0.0111718803598 0.0206453465509 0.0294288930713 0.00621398919584 0.00544461302013 0.0207846356957 0.0142469973382 0.0169368972897 0.00197897241397 0.000595735683108 0.00839143495611 0.00051273537983 0.022821549485 0.0215055964386 0.013538435777 0.0301862487098 0.0447372758344 -0.00929438569265 0.00679529623075 0.00271049078248 0.00710799855447 0.0217811559351 0.0171964445972 0.014751723587 0.00713669312203 0.010862321753 0.00620157795506 -0.00473705091528 0.0347655618998 -0.0205077520163 0.00732424303825 0.0100632768844 0.0122854852059 -0.00355338659783 -0.00637362818425 0.0085174415805 0.0175560315428 -0.0100519072666 0.0121715313982 -0.00486841186611 0.0185610915016 0.0015287785226 0.0158728214839 0.0496047757196 0.0171268263952 0.0159444911185 0.00649875151641 0.00654536810735 0.00934047534345 0.0040186459497 0.0250040989599 0.00650754233249 0.0131834775192 -9.98542870473e-05 -0.00873489933998 0.0252714927183 -0.0108616917093 0.0315374572804 0.00907925860962 0.00465291203537 -0.00485269590967 0.0304162709423 0.0161772935025 0.0301219135914 -0.00494718381144 0.016171901333 0.0168890588647 -0.00209681793987 0.0122370096749 0.134034467772 0.00410704768062 0.0116457271737 0.00823460286808 0.00497219787103 0.0141385869334 0.0304303515419 0.0168599193385 0.0284970237263 -0.00861797151811 0.00883079004707 0.00342796392353 -0.0170920414354 0.119333164737 -0.00940786111741 0.00185746014064 0.0197083403948 
-0.00632482959874 0.0167307992354 0.00159530382164 -5.02324582942e-05 0.0165995428936 0.00477695411506 0.0158877037424 0.0146496912581 0.00785238676627 -0.00401403779239 0.00671949979644 0.00798630493105 -0.00268828416837 -0.0111718803598 0.268757757255 0.00409627755201 0.00921918413582 0.00638674138412 0.00320072615747 0.00338220807004 0.0161891989693 0.00411824104075 0.0231207338012 0.0112770188468 0.00723121146882 0.00817904733543 0.0147359403934 0.0152042561187 0.0118142468792 0.00214017745714 0.0213603214313 -0.000880426971148 0.00493041152614 0.00555072930203 -0.0216054055452 0.00632572117614 0.00811031918028 0.00349082803535 0.00882120026153 -0.00552251971192 -0.00694879353092 0.0183218584383 0.0393201860067 0.0131358919276 -8.10923135561e-05 0.0160810156139 0.0302831835437 0.0155423581355 0.0026411013066 0.0085716400512 0.0162803321118 0.000215952486453 0.00273124062529 0.00440969453461 0.00454799691836 0.000609065856369 0.00791187447541 0.0164629685393 0.0141372554758 0.00377972317721 0.0265956451896 0.00800844332138 0.0187393708712 0.010118096119 0.00944213040175 -0.00673605243751 0.0133762423176 -0.00313850788865 -0.0130475256448 -0.0124786935814 0.00738906361217 0.0115420097209 -0.00475858154418 0.00501314926464 0.0178721296851 0.00261294981234 0.00182388965193 -0.00355384114853 -0.00375368104337 0.0344650871998 -0.00362281447495 0.00781421164043 0.0122607876359 0.000537453112717 0.00890697177548 0.00437839445295 0.0551734423915 0.0169056070878 0.00580531653141 0.00322508442835 0.0250142831405 0.000827718218069 0.021996199217 0.00504157773835 0.00504470172653 0.00940448333822 -0.000737304981402 0.00498729249547 0.023457296832 0.000704754828543 
0.0141983356925 0.0319003880949 0.013809438373 0.00411774463967 0.0241297479216 0.00704570338892 0.03432215396 0.0142323857268 0.0128035893562 0.0220019237677 0.0094386164823 0.011767107074 -0.0101316902828 0.0206453465509 0.00409627755201 0.389590224043 0.0264634233888 0.00325135053039 0.0153597538654 0.0107919533935 0.0019681611553 0.00714027998375 0.0172842251051 0.000224199643037 -0.00562489525656 0.0107943789557 0.00494192433943 -0.0128450888047 0.00849632272913 0.0106429562031 -0.00214651059702 0.0164727472531 0.0105089367778 -0.00722768901288 0.00866879922823 0.0089536104374 0.0141697049405 0.0146257122749 -0.0042150921199 0.00950693646377 -0.00956973877547 -0.000632695284365 -0.00831771084512 0.0136094237237 0.050362385592 -0.00352674610511 0.0259977821059 0.00291164828957 0.0185610086461 0.0100612035107 -0.00205993004411 0.0029543817504 0.0122416522935 -0.00946254422264 0.00582858885394 0.0155568482855 -0.000296383522467 0.00828704050401 0.0108714747159 0.0219566905837 0.0114535925556 0.0211046077711 0.0113964600741 0.0346390572396 0.000197472034115 0.0231420142098 0.046994235873 0.00924978170982 0.0188390191722 0.00235269257086 0.00387988642322 0.000831226830952 0.00925934074897 0.00911072395189 -0.00873358623251 0.0192783125959 0.0146924437327 0.0086452294526 0.0197995882994 0.0237816251751 0.00619416441816 0.0120394003612 0.00774873651186 -5.83477522666e-05 0.00200051596545 0.00251521571574 0.0185744901615 -0.0019120087359 0.005885852616 0.0191471560918 -0.00899413089645 0.00137439136033 0.016710194135 0.000207615894792 0.00865454902716 0.0170987767674 -0.0051358836344 0.0183915377156 0.006757161305 -0.00122039996004 
0.0431103507501 0.0160250688784 0.0127098672944 0.0273119991108 0.008480076761 0.014211177 0.0158003407955 0.00182316060663 0.0216649279782 0.0606601054978 0.040529841179 0.0150242625584 0.0161608094962 0.0294288930713 0.00921918413582 0.0264634233888 0.425492609142 0.0113749284324 0.0198691389931 0.0391385321929 0.0256166999965 0.00663571952193 0.0259191106668 -0.0021770299282 0.0110793747961 0.00748298789525 0.0153834073094 0.0221314314356 0.0138769459083 0.0261343689641 -0.00900785644881 0.033876642948 0.0216595422422 0.0191203866981 0.0111074873895 -0.00667122370345 0.0179206813943 0.0312168443143 0.0178547868247 0.0225943947872 0.0093805312862 0.0332673514032 -0.00741766722771 0.00957011009579 -0.00144414110756 0.0209262571882 0.0202840621761 0.0206098381797 0.034987884823 0.012339426636 0.00821459231275 0.0189911958786 0.0167059361214 -0.00268534114552 0.019268483149 0.0228117597453 -0.0116898830614 0.00532865537049 0.00580343591718 0.0185642690482 0.0244865092064 0.00864346959915 -0.00298249889726 0.00598901454594 0.00792477365773 0.0209039324631 0.000371837931737 0.026280700175 0.013567893314 0.0335769255736 0.0477998378266 0.0672827584823 0.0330193293523 0.0116735895191 0.0424244934217 0.0184133449591 0.00150411907683 0.0106169266981 -0.00272356703698 0.00771597417701 0.0100098233233 0.0256977125064 0.0299057087201 0.0113333714182 -0.026991929439 0.0166300288676 0.00901331896758 0.00374303486799 0.0326761629052 0.00598061555646 0.0172040645895 0.0182276143815 0.00364266209581 0.0160810565701 0.000816773221977 0.015539331698 0.0130938954236 0.0174026137086 0.041578115632 0.0177741622406 
0.0598809390767 0.0241611058298 0.00333907760649 0.0106633465302 0.00250003202778 0.0168172530873 0.00971472451466 0.012912969291 0.0054467309058 0.0435633702313 0.0173359954687 0.0305088676843 0.00570122064875 0.00621398919584 0.00638674138412 0.00325135053039 0.0113749284324 0.313785190275 0.0130950903856 0.0250954728208 0.00128415324279 0.0184884092368 0.0022958233068 0.00849450564944 0.0163154826096 0.0328425847008 0.00679129373287 0.00876869825681 0.0124190513596 0.0132326619059 0.0172969914653 0.00635813609155 0.00419533582771 0.0130616320573 0.0171691274699 0.010688946869 0.00953478417225 0.0186018016132 0.0275982001003 0.022731325329 0.0391810255123 0.0090232610949 0.0198971771496 0.0301976929753 0.020572314741 0.0508649001062 0.0258609795693 0.00266480388645 0.00781632141825 0.016307896544 0.00360416991374 0.0121139687259 0.0312131760811 0.00789730491015 0.00853416404606 0.0141790085769 0.0144867059216 0.0597963373393 0.00950912277776 0.00960293412092 0.0314961379702 0.0180080489417 0.010559096411 0.00650959953715 0.0106767937951 0.0099668404829 0.0312059256554 0.0110547383627 -0.00423303708393 0.0281242380226 0.0109701811636 0.00860757589775 0.0190179526067 0.00100280815597 0.0151328744824 0.00985190430129 0.00300020036093 0.0279372646008 0.00837284642925 0.029943346127 0.0281072841669 0.0237803679705 0.0213356152139 0.0178499202497 0.0360577100908 0.00844254143997 -0.00178400323644 0.01265938303 0.0149198744758 0.00140561775097 0.0437248261999 -0.000495349653382 0.0102267039935 0.00934821372936 0.00730817500715 0.0328545997461 0.018283611562 0.00903841669405 0.0184586541651 0.0115818471304 
0.0160324111889 0.00216804283086 0.0132835216621 0.0150592186639 0.00465360800928 0.0268989776277 0.00199171734225 0.0100954989538 0.0149180896859 0.0177520243509 0.0220536210351 0.0166057683804 0.0141737927964 0.00544461302013 0.00320072615747 0.0153597538654 0.0198691389931 0.0130950903856 0.147663748681 0.0226813994567 0.00479347677957 0.0261692796554 0.0233155871662 0.00780963279581 0.00703242537887 0.0103431697937 0.00808117630023 0.00564075053228 0.00699827148583 0.0121649571126 0.0216159137079 0.0140615175016 0.0109542931188 0.0205193453251 -0.00157294864089 0.000304958382406 0.0107891551513 0.0152787917614 0.0124941178849 -0.000726347463932 0.00252405246662 0.0381404725876 0.0167491663368 0.00455674031266 0.015588147973 0.0297771767943 0.0278102899487 0.0143180658992 0.0106132248525 0.00911961162784 0.00582579133807 0.0154043946672 0.0196913253667 0.0058393657621 -0.00618627869492 0.0215988170213 0.00771315191003 0.0295802824624 0.000698615540744 0.00807644916121 0.0108632024718 0.0138905709331 0.00979556819365 0.00203452284547 -0.00339493534329 0.00984314501923 0.0125240944642 0.0167311285184 0.0115139492801 0.0234115075777 0.0145954161036 -0.00338234030585 0.0385355986951 0.0136600656242 0.00245231355399 0.00513989961255 0.0165982015933 0.0123132054302 0.0227282223595 0.00184500579937 -0.00122502535837 0.00810504681019 0.0128293431751 0.0114200410756 -0.00164480321 0.00915185024639 0.00608057859193 0.0106239144411 0.0284349099985 0.013225029394 7.34806970967e-05 0.00849437030824 0.00470692235723 0.0145324715946 0.00712298207904 0.0156574720083 0.00139156354024 0.00110940143296 0.0049717837047 0.0128594412608 
0.0191767361941 0.0260593082528 0.00425704126189 0.0281826813141 0.0129857153173 0.0344456495961 0.0224341039805 0.0273848128546 0.0209136612913 0.0346710014458 0.0356726987804 0.0205862329305 0.0226340915565 0.0207846356957 0.00338220807004 0.0107919533935 0.0391385321929 0.0250954728208 0.0226813994567 0.251803748963 0.0149143838961 0.0300027033887 0.0412054393384 0.00711946868534 0.0271163537228 0.036913498996 0.01848616388 0.0337659990224 0.0143981210037 0.0257894399442 0.0293353911423 0.0392016818745 0.0207978599933 0.0169679673328 0.005057311612 0.0152071069441 0.0134499967832 0.0215513480287 0.0151934028222 0.0276586191439 0.0255510671776 0.0168827069957 0.0112903675887 0.00331968639984 0.0387860798269 0.0186235663829 0.0124224130794 0.00831419844815 0.0138818879083 0.00869099783492 0.000528878923382 0.0315645348432 0.00696753769526 0.0104092096898 0.0181589597925 0.0272701317878 0.00168169455121 0.0507568472377 0.0185726816926 0.0242159953717 0.0308782262092 0.007894177306 0.0130669479829 0.0135687211486 -0.003137677185 0.0384062817985 0.0277353378988 0.00492822611762 0.00132069084797 0.0304973068149 0.016865183853 0.0332082723576 0.0196334189027 0.00715569316389 0.00494884305665 0.0033775105435 0.00690418432969 0.0308528287399 0.0180949336031 0.0416110691456 0.00508322629087 0.02285179433 0.0168933672413 0.0227635871253 0.0193451649945 0.0130776916275 0.0109523786936 0.0108420612933 0.0388307765392 0.0155019396784 0.0361598903024 0.0231563703407 0.0224952274664 0.0121134854722 0.0148518626816 0.0239590046536 0.032986176847 0.00267287015702 0.0271094999805 0.0215042246117 
-0.00676360272893 0.00598339446864 0.0208274972169 0.00492940251073 0.00498588534601 0.00626958279821 0.0179563278219 0.00729527921946 0.0165730527517 -0.000579290854 0.0197673747451 0.00543576193657 0.0143668421381 0.0142469973382 0.0161891989693 0.0019681611553 0.0256166999965 0.00128415324279 0.00479347677957 0.0149143838961 0.268548065563 0.0158437322588 0.00280186854668 0.0118327985542 0.00350093452772 0.0104512901538 0.0165294271295 0.00698338874447 0.00977738865876 0.0414734677088 0.00518432395589 -0.00448682850826 -0.00191500356919 0.0252105248733 -0.00720978288458 0.00894489847985 0.0129074447893 0.000443646335266 0.0143004946841 4.70261197535e-05 0.00552912677203 -0.00237858556647 0.0114559464849 0.00548655759626 -0.00345805830557 0.00541142956316 0.011564946528 0.00947008071262 -0.0126877723995 0.0124593997821 0.00543976329576 0.00344043776015 0.00469109209559 0.000578010764003 -0.000554256361178 0.018813784172 0.0217959080248 0.0125813088418 -0.000831117640711 0.00844999606596 0.000545091201654 0.00795715229211 0.00721698359325 0.0183347749427 -0.000263858390891 0.00101323705796 0.00354570838508 0.00588768775128 0.0185300475843 0.0128112473676 0.00615372622811 0.0106073124784 0.00684374389989 0.0144973041195 -0.00286684757202 0.0023486378999 0.00738532788798 0.00806207678952 0.0190269837954 -0.00378749165987 0.007638727485 0.0070874330407 0.000666275363432 0.0130644436162 0.0048768573411 0.0074509820377 0.00308111376059 0.00607040826621 0.00181269268833 0.017760199741 -0.00590616027988 0.00821997539437 0.00433531040883 0.0131411169725 0.011710969228 0.00682005581211 0.0213302318376 0.00875165577378 -0.00617008579517 0.0123390492455 
0.00629719350033 0.00388281766472 0.0231636178548 0.00762701125101 0.0222647438973 0.0274832749373 0.00877457763268 0.0199607137946 0.0355638797707 -0.000490187148802 0.0158372458717 0.0205822689502 0.0185513520278 0.0169368972897 0.00411824104075 0.00714027998375 0.00663571952193 0.0184884092368 0.0261692796554 0.0300027033887 0.0158437322588 0.189958261667 0.0146967392282 0.0119887459241 0.010421681482 0.0144033072313 0.00809072464533 0.0282997200741 0.0120095062499 0.0172165639797 -0.0108989218078 0.00776524046787 0.00121025264747 0.0320660187307 0.00207461763608 0.00476270350263 0.0299602432529 0.0303212397028 0.0135930248687 -0.00390902361057 0.00505132586995 0.0466153705215 0.0157725441686 0.000660049311352 0.0348743608864 0.00547435164322 0.00927894016437 0.00882070863746 -0.00547681960874 0.00369269237384 0.0312752352049 0.0107891153169 0.00272406666976 0.0244370675257 0.00406031843496 0.0251330946142 -0.00301259747841 0.0326110826228 0.0289873514259 0.0229491018904 0.0279466124403 0.00750258434655 0.0160801456536 0.0242344555958 0.00643363276988 0.0276530948301 0.0147170803649 -0.0031616064499 0.0131750709663 0.0172078197591 0.0021237590929 0.0290927307316 0.0042659541438 0.0167910741877 -0.00136866861859 0.0325065860478 0.0168744213531 0.0170522666859 0.015473145376 0.00417873180659 0.00993379419128 0.00973094897542 0.00963368491699 0.0147622581061 0.0139153129506 0.024151597425 0.0186503951953 0.00822726147924 0.027470501165 0.0241810960376 0.0449013055993 0.0021277734198 0.0154450229869 0.0218357973086 0.0239604790735 0.0183939683756 0.0154709386274 0.00368575307837 0.0173105176046 0.0220493278208 
0.0346869876012 0.060223601015 0.00733879278788 0.0171048161346 0.0274672135748 0.0176804950683 0.0132699931413 0.00899357574435 0.0312943048296 0.0153920351119 0.00200825559943 0.0046278987724 -0.00478448072759 0.00197897241397 0.0231207338012 0.0172842251051 0.0259191106668 0.0022958233068 0.0233155871662 0.0412054393384 0.00280186854668 0.0146967392282 0.418543503468 0.0196065540576 0.0212520851942 3.27683680252e-05 0.00431182932203 0.0297825324932 0.000720058640646 0.0243625384475 0.0254731404835 0.036219625823 0.0127802221047 -0.00255484412062 0.0131178347026 0.0225186118008 0.0139160022952 0.0161912382986 0.0393489051488 0.0180237967132 -0.0096375987951 0.00162937392184 0.0381543625672 0.066194319633 0.0181648660306 0.0110011762646 0.0327527111713 0.00434004206858 0.0318607061998 0.0146752007155 0.00619057841812 0.0163408869021 0.00906524692488 0.015014052618 -0.00957358333192 0.0248105443593 -0.000735791527525 0.0728199272989 0.0121831672243 0.0200059291732 0.0100581805919 0.0165159828283 0.00852025318245 -0.00214289367724 0.0186247655445 0.0350244342883 0.0530268518403 0.0129727702236 -0.00396174671961 0.00659330762626 0.0378822479433 0.033301460901 0.0155552967539 0.0141236890733 -0.00937626737329 -0.00103962114167 0.0069295210693 0.050882527479 0.00576875193751 0.00721235710018 0.00616674942386 0.0174322962387 0.0224788266369 0.00857146598237 0.00652968952012 0.006561870005 -0.0125411234937 0.00285942396836 0.0346508265222 0.00485535629491 0.0120454987281 -0.00862718481048 0.0206567530873 0.00968833785685 -0.00117834646264 -0.00154683365934 0.00413860124177 0.0172841743157 0.0367114657078 0.00470694956532 
