20
0.142835786571 0.0304536481296 0.0523918745475 0.0298565853869 0.0590558874601 0.0418020448473 0.00422555400052 0.0254158643172 0.0267965440056 0.0314514366364 0.0357981155146 0.0188066159349 0.0377827405953 0.0692922129373 0.0266110290159 0.251790956204 0.0439476996979 0.0295384146509 0.0375994121509 0.114457978761 
1.25478337054 0.00365264473021 -0.00596399427646 0.00180272417493 -0.0112725741261 0.00558037385823 0.0123229272362 -0.00217640459161 -0.00238311052425 0.00925644215613 0.0123448327613 0.0201712601488 0.0191010939803 0.0390218375866 0.00557976604523 0.0274145379946 0.0249156848944 0.00597389966558 -0.00118340756036 -0.0192536213845 
0.00365264473021 0.215923258186 0.0304255724452 0.0374867261022 0.0311494031825 0.043193131868 0.0367721035817 0.0287226865116 0.0500564410137 0.0564463652234 0.0236357464309 0.0176342928964 0.0232153078605 0.039042605068 0.025594499021 0.00346335022303 0.00363387162563 0.0510854407054 0.0231454532062 0.0130225147888 
-0.00596399427646 0.0304255724452 0.358295430573 0.0204946320638 0.0340801048054 0.0251539324235 -0.00431977794804 0.0190982115679 0.0201548255251 0.0445212867008 0.0285064859978 0.00961306919632 0.0128409354931 0.00578019155596 0.0179498276061 0.00946269750176 0.0202328213742 0.0157134118523 0.0169083908823 0.0147196296231 
0.00180272417493 0.0374867261022 0.0204946320638 0.14759281996 0.0131806049948 0.0234722134916 0.0133050326204 0.0172724337478 0.04584775759 0.0578912800856 0.0272335909486 0.0161815984525 0.0201693738645 0.0252076110548 0.0208684419535 0.00398721324125 -0.00171748983301 0.0376018798976 0.0101997842838 0.00776847072513 
-0.0112725741261 0.0311494031825 0.0340801048054 0.0131806049948 0.723846005742 0.0062482662001 0.015325234251 0.0148164406192 0.0165012567339 0.00632543116186 0.038966949785 0.0261727149708 0.0152472433213 0.0132740942479 0.034593271313 0.0169303930895 0.00915183735523 0.0311489074042 0.0177944485945 0.00606365323346 
0.00558037385823 0.043193131868 0.0251539324235 0.0234722134916 0.0062482662001 0.270103010395 0.022256572463 0.0354242546473 0.0141986346141 0.0285186766096 0.0194343723901 0.0205335080247 0.0275677509624 0.0479602335032 0.0222552587975 -0.000791201867583 0.000280359756427 0.030900252731 0.00769017726551 0.0431378307323 
0.0123229272362 0.0367721035817 -0.00431977794804 0.0133050326204 0.015325234251 0.022256572463 0.283895800761 0.0185546448288 0.0243935035821 0.0137865015144 0.00822419452183 0.0246531001743 0.0145092795756 0.0192072595005 0.0194100267691 -0.00499329159879 0.0127218312519 0.0299856236402 0.03119446352 0.00864476701906 
-0.00217640459161 0.0287226865116 0.0190982115679 0.0172724337478 0.0148164406192 0.0354242546473 0.0185546448288 0.303215558309 0.0118241155084 0.0184337016597 0.0270771607995 0.0215703016913 0.0102720826285 0.0320808897601 0.0228652956831 0.0110933943111 0.00658336278886 0.0259598911177 0.0222917749163 0.0274481167388 
-0.00238311052425 0.0500564410137 0.0201548255251 0.04584775759 0.0165012567339 0.0141986346141 0.0243935035821 0.0118241155084 0.175588389961 0.0545590287937 0.0258508280305 0.0137432323192 0.0193747499208 0.0301313451148 0.0160973240799 -0.00523064482805 -0.000122318567586 0.0419372214331 0.00969213603309 0.00656624381234 
0.00925644215613 0.0564463652234 0.0445212867008 0.0578912800856 0.00632543116186 0.0285186766096 0.0137865015144 0.0184337016597 0.0545590287937 0.186234591727 0.0337992206484 0.0250740595767 0.0297980290784 0.0304501606597 0.0151032327467 0.0191356827845 0.00536269766513 0.0462811102336 0.0148890150802 0.00473013062114 
0.0123448327613 0.0236357464309 0.0285064859978 0.0272335909486 0.038966949785 0.0194343723901 0.00822419452183 0.0270771607995 0.0258508280305 0.0337992206484 0.259500442685 0.031133369314 0.0299035334432 0.0215629230041 0.0269832011004 -0.000380207447134 0.0101229673783 0.0234050216747 0.0193140433017 0.0158614955429 
0.0201712601488 0.0176342928964 0.00961306919632 0.0161815984525 0.0261727149708 0.0205335080247 0.0246531001743 0.0215703016913 0.0137432323192 0.0250740595767 0.031133369314 0.21164848887 0.00713906572732 0.0302157181025 0.00170448011617 -0.00280542455914 0.021006647305 0.017245152723 0.0155172346261 0.0113687210439 
0.0191010939803 0.0232153078605 0.0128409354931 0.0201693738645 0.0152472433213 0.0275677509624 0.0145092795756 0.0102720826285 0.0193747499208 0.0297980290784 0.0299035334432 0.00713906572732 0.332203245352 0.0168456798469 0.025428150368 0.0480964880703 0.0129648759431 0.0179938136875 0.0135883493995 0.0454058304682 
0.0390218375866 0.039042605068 0.00578019155596 0.0252076110548 0.0132740942479 0.0479602335032 0.0192072595005 0.0320808897601 0.0301313451148 0.0304501606597 0.0215629230041 0.0302157181025 0.0168456798469 0.421949816472 0.0333937985527 0.0463556187373 0.0178811829239 0.0323035476895 0.0207390045648 0.0187143919546 
0.00557976604523 0.025594499021 0.0179498276061 0.0208684419535 0.034593271313 0.0222552587975 0.0194100267691 0.0228652956831 0.0160973240799 0.0151032327467 0.0269832011004 0.00170448011617 0.025428150368 0.0333937985527 0.291684091298 -0.00222663757489 0.0141683887583 0.0155604762158 0.030445373301 0.0333512851614 
0.0274145379946 0.00346335022303 0.00946269750176 0.00398721324125 0.0169303930895 -0.000791201867583 -0.00499329159879 0.0110933943111 -0.00523064482805 0.0191356827845 -0.000380207447134 -0.00280542455914 0.0480964880703 0.0463556187373 -0.00222663757489 2.08298433516 0.025796205646 0.0128180903122 0.00584202001357 0.0314159149359 
0.0249156848944 0.00363387162563 0.0202328213742 -0.00171748983301 0.00915183735523 0.000280359756428 0.0127218312519 0.00658336278886 -0.000122318567584 0.00536269766514 0.0101229673783 0.021006647305 0.0129648759431 0.0178811829239 0.0141683887583 0.025796205646 0.193383861533 0.0139667631272 0.0136059620061 0.0108231296034 
0.00597389966558 0.0510854407054 0.0157134118523 0.0376018798976 0.0311489074042 0.030900252731 0.0299856236402 0.0259598911177 0.0419372214331 0.0462811102336 0.0234050216747 0.017245152723 0.0179938136875 0.0323035476895 0.0155604762158 0.0128180903122 0.0139667631272 0.215940174241 0.0233852396497 0.00877814247698 
-0.00118340756036 0.0231454532062 0.0169083908823 0.0101997842838 0.0177944485945 0.00769017726551 0.03119446352 0.0222917749163 0.00969213603309 0.0148890150802 0.0193140433017 0.0155172346261 0.0135883493995 0.0207390045648 0.030445373301 0.00584202001357 0.0136059620061 0.0233852396497 0.271581241776 0.0152325797443 
-0.0192536213845 0.0130225147888 0.0147196296231 0.00776847072513 0.00606365323345 0.0431378307323 0.00864476701906 0.0274481167388 0.00656624381234 0.00473013062114 0.0158614955429 0.0113687210439 0.0454058304682 0.0187143919546 0.0333512851614 0.0314159149359 0.0108231296034 0.00877814247698 0.0152325797443 0.45656392956 

['THC', 'FHN', 'UNH', 'BAC', 'BOL', 'GWW', 'NYT', 'CCL', 'KEY', 'WB', 'WAG', 'WMT', 'PGL', 'ALTR', 'AMGN', 'BRCM', 'LH', 'WM', 'ACV', 'XTO']