20
0.188050706821 0.025657065471 0.0380825412642 0.107238949757 0.239728898705 0.022286409141 0.0486664598358 0.148705689344 0.0355019489908 0.0298565853869 0.0348828940045 0.0282353637115 0.0297209295042 0.0132097716294 0.0910259677787 0.0165000515881 0.0672535079153 0.0162851568228 0.0743289823458 0.0179151897049 
1.01333240961 0.0156093794707 0.0558878435489 0.0335745046516 0.0959525794209 0.0425351584389 -0.000474939233658 0.0585407934117 0.0397963022222 0.0114764866506 0.0414334593061 0.0151179118685 0.00229855452508 0.0350082179689 0.0460782208067 -0.00261423136675 0.0248925752627 -0.00741294186708 0.0519938259602 0.00448857499889 
0.0156093794707 0.193666957139 0.0195763331489 0.0341867055584 0.0274700768593 0.00545708346144 0.0108202131532 0.0157413333292 0.0286378865625 0.0455827149037 0.0254631804771 0.0567464266899 0.0166544672432 0.0193977506444 0.0170665004819 0.0269898409849 0.0280392330905 0.017586165562 0.0490847136303 0.0167567516837 
0.0558878435489 0.0195763331489 0.252179697331 0.0223769875384 0.05430731247 -0.000695295319027 -0.00159166364014 0.0296061757904 0.0165888058129 0.00794323130415 0.0211328962551 0.0103870277091 0.0156082938295 0.0130534309202 0.0259764294213 0.00385677921908 0.0164286376509 0.00899464233308 0.0335598817576 0.0106114301297 
0.0335745046516 0.0341867055584 0.0223769875384 0.484720145455 0.0725893136196 0.0247465859917 0.0210557248553 0.0436736280342 0.023367832232 0.0321657644496 0.0446835789812 0.0394555186942 0.00343158056357 0.0204214072366 0.0169727641298 0.0254118276688 0.062777472455 0.0212199359706 0.0608726458734 0.00401136934355 
0.0959525794209 0.0274700768593 0.05430731247 0.0725893136196 0.895242110418 0.00445280421499 0.0222247264646 0.0880463838521 0.0238446099091 0.0330309765134 0.0530201795501 0.0444737961345 0.00603970785839 0.0251478104023 0.0634772363859 0.0219327671278 0.0722079911308 0.0326410363794 0.128730549526 0.00593688574075 
0.0425351584389 0.00545708346144 -0.000695295319028 0.0247465859917 0.00445280421499 0.247296441792 0.0110390141079 -0.000623752350703 -0.00374221640692 0.00867700164682 0.00827464702068 0.00514941572605 0.0103367191454 0.00150259435988 0.0153313140433 0.00894977817494 0.0166325682049 0.00249709926607 0.0275611656595 0.00496400896201 
-0.000474939233659 0.0108202131532 -0.00159166364014 0.0210557248553 0.0222247264646 0.0110390141079 0.318224275917 0.0181090899338 0.00449279374093 0.012972673625 0.0178087689161 0.00422545641683 0.020122776029 0.0166492644578 0.0491162709027 0.0170157921765 0.0224860395238 0.0205773494593 0.0338325345758 0.0165972418739 
0.0585407934117 0.0157413333292 0.0296061757904 0.0436736280342 0.0880463838521 -0.000623752350703 0.0181090899338 0.646595452312 0.0453405522266 0.0153356166445 0.0323783701671 0.0119063726847 0.005800629713 0.0230777329426 0.0327804226781 0.015004087128 0.0269742551219 0.0126180588255 0.0332283301336 0.0343379949448 
0.0397963022222 0.0286378865625 0.0165888058129 0.023367832232 0.0238446099091 -0.00374221640692 0.00449279374093 0.0453405522266 0.318565985823 0.0190630822187 0.0269718648648 0.0189793789475 0.015637152486 0.0185007940896 0.0176975874212 0.00646325295779 0.0296469285877 0.0138929123961 0.0298641745265 0.0134024146324 
0.0114764866506 0.0455827149037 0.00794323130415 0.0321657644496 0.0330309765134 0.00867700164682 0.012972673625 0.0153356166445 0.0190630822187 0.146280606719 0.0179522121046 0.0462965909178 0.0170346455746 0.00976793444987 0.0243139361345 0.0254691039282 0.0175955844983 0.021534453397 0.0527110737553 0.00791563094009 
0.0414334593061 0.0254631804771 0.0211328962551 0.0446835789812 0.0530201795501 0.00827464702068 0.0178087689161 0.0323783701671 0.0269718648648 0.0179522121046 0.24002633704 0.0118543903005 0.00383576537286 0.0121916189719 0.0166838317628 0.00270695743542 0.0142675004537 0.00283859580613 0.0386108641429 0.0063395909539 
0.0151179118685 0.0567464266899 0.0103870277091 0.0394555186942 0.0444737961345 0.00514941572605 0.00422545641683 0.0119063726847 0.0189793789475 0.0462965909178 0.0118543903005 0.145742950772 0.0126544918452 0.00807963028262 0.0164630112697 0.0266036011739 0.0400168832426 0.0240239833065 0.0476359294706 0.0230641858668 
0.00229855452508 0.0166544672432 0.0156082938295 0.00343158056357 0.00603970785839 0.0103367191454 0.020122776029 0.005800629713 0.015637152486 0.0170346455746 0.00383576537286 0.0126544918452 0.22488331741 0.0143801472514 0.0223572280095 0.00327039722121 0.0125573243819 0.00379161604883 0.00987978574402 0.00959314407936 
0.0350082179689 0.0193977506444 0.0130534309202 0.0204214072366 0.0251478104023 0.00150259435988 0.0166492644578 0.0230777329426 0.0185007940896 0.00976793444987 0.0121916189719 0.00807963028262 0.0143801472514 0.17238427446 0.00735402270808 0.000194030998343 0.0169582301726 0.0019290437025 0.0268321579655 0.0136939358959 
0.0460782208067 0.0170665004819 0.0259764294213 0.0169727641298 0.0634772363859 0.0153313140433 0.0491162709027 0.0327804226781 0.0176975874212 0.0243139361345 0.0166838317628 0.0164630112697 0.0223572280095 0.00735402270808 0.440650839729 0.00736545576742 0.00382843496146 0.00774971197894 0.0405423160603 -0.00386558648113 
-0.00261423136675 0.0269898409849 0.00385677921908 0.0254118276688 0.0219327671278 0.00894977817494 0.0170157921765 0.015004087128 0.00646325295779 0.0254691039282 0.00270695743542 0.0266036011739 0.00327039722121 0.000194030998343 0.00736545576742 0.155617299563 0.0171723813269 0.0510088489696 0.0248717840785 0.0161317902021 
0.0248925752627 0.0280392330905 0.0164286376509 0.062777472455 0.0722079911308 0.0166325682049 0.0224860395238 0.0269742551219 0.0296469285877 0.0175955844983 0.0142675004537 0.0400168832426 0.0125573243819 0.0169582301726 0.00382843496146 0.0171723813269 0.352595695427 0.0152974405444 0.0577873145112 0.0178736634794 
-0.00741294186708 0.017586165562 0.00899464233308 0.0212199359706 0.0326410363794 0.00249709926607 0.0205773494593 0.0126180588255 0.0138929123961 0.021534453397 0.00283859580613 0.0240239833065 0.00379161604883 0.0019290437025 0.00774971197894 0.0510088489696 0.0152974405444 0.1678397117 0.0301455414328 0.0210727934631 
0.0519938259602 0.0490847136303 0.0335598817576 0.0608726458734 0.128730549526 0.0275611656595 0.0338325345758 0.0332283301336 0.0298641745265 0.0527110737553 0.0386108641429 0.0476359294706 0.00987978574402 0.0268321579655 0.0405423160603 0.0248717840785 0.0577873145112 0.0301455414328 0.322936226315 0.0206018245239 
0.00448857499889 0.0167567516837 0.0106114301297 0.00401136934355 0.00593688574075 0.00496400896201 0.0165972418739 0.0343379949448 0.0134024146324 0.00791563094009 0.0063395909539 0.0230641858668 0.00959314407936 0.0136939358959 -0.00386558648113 0.0161317902021 0.0178736634794 0.0210727934631 0.0206018245239 0.315603477015 

['MNST', 'BBT', 'EDS', 'R', 'NVDA', 'NKE', 'STZ', 'MU', 'FISV', 'BAC', 'AVY', 'MTB', 'TAP', 'IBM', 'AW', 'PGN', 'LTD', 'AEP', 'LEH', 'SVU']