50
0.0538205376978 0.0304536481296 0.0262343191133 0.0135350028622 0.0538734886168 0.0528259349661 0.143584613331 0.0296866664977 0.0202574279786 0.0590558874601 0.0664901393557 0.0367752030525 0.0210495138202 0.0355019489908 0.0123991351417 0.0654803135324 0.0766147585819 0.0375994121509 0.0396221554001 0.0933125666969 0.0884893451388 0.040534814632 0.0753619397022 0.0231907610599 0.0441448787565 0.0936563270582 0.103194060275 0.0324915821016 0.067654701563 0.265107550494 0.0716450377603 0.0466468708745 0.0206012582373 0.0739523233915 0.142835786571 0.0184249616408 0.0669692816613 0.0594687244428 0.0635798530397 0.0314514366364 0.106415927512 0.0870342926162 0.07971303899 0.0253746335001 0.0770368317024 0.0988670942005 0.128222495688 0.200970993098 0.0623593213805 0.0442230302855 
0.275719586707 0.0491041471714 0.0301370723599 0.0208606601953 0.00539902495151 0.0252297060319 0.00696674568543 0.0306619035719 0.0073643434143 0.0228408642006 0.0910859117527 0.0157466034111 0.00730094363022 0.00769229284859 0.0142860425572 0.0256151730403 0.0204486872546 0.0126006407146 0.0303452987185 0.0183157043344 0.0324579062298 -0.00414214714795 0.00541196371901 0.0368656587519 0.0457172207276 0.0310387728636 0.0342325649734 0.0329961730429 0.0142712756777 0.011891183347 0.00442913065759 0.0398853065459 0.00743316411541 0.0150833393233 -5.20697002403e-05 0.0326281891705 0.0193612383274 0.0132758721139 0.0318118387261 0.0358316537688 0.00645928294902 0.0140496637513 0.0101830867139 0.00850623951305 -0.00265411605977 0.0172303975123 0.0180996546572 -0.0108623397817 0.0221751142343 0.0266937437998 
0.0491041471714 0.198547879505 0.0377666091534 0.0172114809861 0.0300900764144 0.027004226161 0.0165692152698 0.0230393947976 0.0227191124393 0.0319991585269 0.0409810187518 0.00984525572377 0.0109080546554 0.00845012294879 0.0229634913205 -0.00354680273361 0.0141619484225 0.0196076245796 0.0334805883631 0.0200471288018 0.0144077321269 -0.00131383868528 0.00791952430544 0.00756388576562 0.0496791622705 0.0230042744308 0.0160168146587 0.0139735813924 0.018078591793 -0.00716834943488 0.0104977431884 0.0116975681061 0.00432627186505 0.000254726534574 0.00158525216866 0.0499397334557 0.0290846410869 0.0095014094208 0.0272319025437 0.0452950280755 0.0221236440727 0.00905446009131 0.0114110967549 0.0191734915653 0.0129132074325 0.0086735536316 0.0277427109125 0.0280342175245 0.0219997595254 0.0212519434901 
0.0301370723599 0.0377666091534 0.169691444034 0.0208762338779 0.0097196974089 0.0244523409967 -0.000741337100922 0.0329108162647 0.0175362027847 0.0282007440769 0.0309372877509 0.018686486429 0.00554723479002 0.0173432203153 0.0050801602739 0.00471819007448 0.0124745680541 0.0107741398394 0.0438160499377 0.0131009699693 0.0125414613621 0.00399348371327 -0.00280593970659 0.0147013621716 0.0368426276053 0.0105798053016 0.0238347496101 0.00968778228034 0.0138505329809 0.00563644032019 0.0162136734218 0.00852863799134 0.0202166865256 0.0050116937823 0.0119137518076 0.040739216301 0.0169154039486 0.00963112902588 0.0458767096399 0.0377204908116 0.00982339468861 0.0176767658319 0.00871156508549 0.0199568181461 0.0104108842228 0.012841751349 0.0142330764049 -0.00101586524019 0.0159600411987 0.0231719313411 
0.0208606601952 0.0172114809861 0.0208762338779 0.192946694797 0.0218736201024 0.0101240743408 0.0181258208318 0.025230524845 0.0227068391656 0.00562056016365 0.00839476644323 0.0114204261324 0.0108004971923 0.0309912496274 0.00887366809373 0.0178038028215 0.0241782597799 0.00569190155245 0.0134003020889 0.00199863918756 0.0191166957497 -0.000688854865987 0.0164977873388 0.0194075600945 0.0237603167279 0.00647185010701 0.0152773875992 0.0147857199487 -0.00318377158401 0.00695695757607 0.0212650430399 0.00629083969568 0.0197512023541 0.028140793162 0.00897962984485 0.0257917328215 0.017767370737 0.0116938305279 0.00706084278836 0.0274564667892 0.0157567269892 0.0273697388165 0.0152004330592 0.00622093601092 0.00811313690376 0.0239871808623 0.0139822129499 0.0160202248503 0.0111289067065 0.0268426550087 
0.00539902495151 0.0300900764144 0.0097196974089 0.0218736201024 0.383371402076 0.00702647514855 0.00871164356451 0.0170262194606 0.0235351009128 0.0128620785165 0.0258994989146 0.00704308864134 0.0115967153382 0.000447590545735 0.00914831055484 0.0274329806035 0.0161113549306 0.0108619135438 0.0190703795669 0.00650340410007 0.0128367509575 -0.0027529836917 0.0116015412996 0.0128480047704 0.0184884843635 0.00927049219671 0.0239870270837 0.0150061922686 0.00319797256362 0.0178786956405 0.00255015265288 0.0082294747225 0.0177414308424 0.0149323791695 0.00357420658294 0.0170781839474 0.0344255152554 0.0294409613989 0.0152701706044 0.00817745267579 0.0085533411463 0.0384566509511 0.0229435600505 0.0155262421841 0.0181844319422 0.0376802950203 0.0279248175079 -0.00277880700385 0.0343248419427 0.0246667439465 
0.0252297060319 0.027004226161 0.0244523409967 0.0101240743408 0.00702647514855 0.277951660242 0.0198166240988 0.0227491613475 0.0180729771968 0.0197827807731 0.0208586931043 0.0216069420146 0.0164178544747 0.031011111757 0.0142890658636 0.0122780715872 0.0344562564963 0.0262282843112 0.0276914563792 0.00843170993572 0.0269838551204 -0.00638976178929 -0.00845258680265 0.0757061453932 0.0281819004181 0.0302928320492 0.00648686072808 0.00281887677574 0.0193308396493 -0.00222267289993 0.00357869352218 0.0132272242861 0.0150008597895 0.00808144791219 0.011306961293 0.0178780870162 0.0371951574808 0.0185260675566 0.0240818023162 0.0192235503961 0.0140547799953 0.00738129172141 0.0178276468329 0.00814875266109 0.0227574645471 0.00388477581159 0.0205602980031 0.0191501627186 0.012807116555 0.0157613205014 
0.00696674568543 0.0165692152698 -0.000741337100921 0.0181258208318 0.00871164356451 0.0198166240988 0.552116642972 0.01397848448 0.0360182856279 0.00296668809602 0.0147467935824 -0.013906633099 0.00951331619136 0.0160425829752 0.00993272079267 0.00429616463342 0.0212822238779 0.00301000347912 0.00879717223174 0.0156842749922 0.0326011537006 0.0319315452243 0.167025459509 0.000285263091973 0.0270260223892 0.0330391881481 0.0778519958448 0.000962040043706 0.00496401364394 0.0195263881423 0.0418561959588 0.0395212468238 0.0206696927921 0.0237178033216 -0.00196187697088 0.0278157719347 0.0191070925848 0.01197453068 -0.0083391557617 0.018301371605 0.0354408138274 0.0408961039236 0.0122294781407 0.0141154545025 0.015600195056 0.0282907067292 0.0609450176794 0.00644367781656 0.0423890856916 0.0434274302033 
0.0306619035719 0.0230393947976 0.0329108162647 0.0252305248449 0.0170262194606 0.0227491613475 0.01397848448 0.21108898447 0.027258902126 0.0202270848263 0.0350075092993 0.018934767434 -0.0112630872939 0.0175908061222 0.0253875464167 0.0202832442712 0.0222296204088 0.0181497065229 0.0283147499756 0.00119238870447 0.00442409242115 0.0105208033294 0.0244798431101 0.00471742344714 0.0380339125815 0.0137322447207 0.00900253969167 0.026664069367 0.0278458668083 0.00968843418503 0.0135275092921 0.0289403634809 0.0223158927477 0.0146470224436 -0.00799395206741 0.036094696142 0.0339577404147 0.0235820675619 0.0364507511881 0.0350478475871 0.0175926583064 0.017672143624 -0.00141128361704 0.0218056034611 0.0241323177614 0.0297563793703 0.0179710483015 0.0347922040967 0.0291076182911 0.0150185149639 
0.00736434341431 0.0227191124393 0.0175362027847 0.0227068391656 0.0235351009128 0.0180729771968 0.0360182856279 0.027258902126 0.262330835303 0.00973626526737 0.00567435271687 0.0104999888491 0.0109373830584 0.0276282357947 0.0167933586952 0.0380875331558 0.0562497734451 0.0106647592778 0.0188893840174 -0.0124058458212 0.0443641888161 0.00584347155913 0.0107286184534 0.0114953327325 0.0198682682732 0.0230277981034 0.0524241282724 0.00115430443968 0.0139002548975 0.0140661064045 0.0155246451571 0.0136588177812 0.0199940055253 0.0161794043629 0.0311366509439 0.0209555113674 0.0360505815026 0.0299524025778 0.0318235435576 0.00805261833501 0.0345527489827 0.035557242388 0.0307409892112 0.0196406557393 0.028707528963 0.0456097892062 0.0291488005406 0.0165534518267 0.0256101560381 0.0292468646486 
0.0228408642006 0.0319991585269 0.0282007440769 0.00562056016365 0.0128620785165 0.0197827807731 0.00296668809602 0.0202270848263 0.00973626526737 0.722426716877 0.0311783470984 0.0235225796172 0.0106689060199 0.00902230809382 0.0135044523441 0.0144792240531 0.0173290628953 0.0179979567567 0.0115398121678 -0.0168035861934 0.0170059974377 0.0165425439648 0.0113556792327 0.0258397395788 -0.00276781626625 -0.00664897502899 -0.00724559908467 0.00864831943797 0.0108448591453 -0.0095965738733 -0.000565580754381 0.00174017321556 0.0135530750177 0.0267788299987 -0.0119331566093 0.0251838128504 0.0134815734156 0.000200868999897 -0.00125628842123 0.00653194806314 0.00377054370586 0.00430873293411 0.00362972666786 -0.0101290130192 0.00161531173755 -0.0087831396793 0.0131115720816 -5.76463726358e-05 -0.0119475043121 0.00111134365008 
0.0910859117527 0.0409810187518 0.0309372877509 0.00839476644323 0.0258994989146 0.0208586931043 0.0147467935824 0.0350075092993 0.00567435271687 0.0311783470984 0.342126820367 0.0176509596935 0.00705597299355 0.00185055695295 0.016273669034 0.0370723274405 0.0401708392251 0.0116619430828 0.0269492654238 0.0290148752474 0.0284278985036 0.000837464761441 0.0113663043647 0.0121263937721 0.043615233633 0.0434984366594 0.0346018729387 0.040376555784 0.0234544123374 -0.00986092453154 0.000671184969934 0.00867617231617 0.0161305214581 0.0169946807855 0.00233165446871 0.03621727609 0.035425695539 -0.00625828176205 0.0462214948352 0.0537895763172 0.0353989417573 0.0203909833723 0.0322753218995 0.0153294818443 0.00279482346953 0.0247404840042 0.0589270452487 -0.0140788446237 0.0319793592794 0.0441144010292 
0.0157466034111 0.00984525572377 0.018686486429 0.0114204261324 0.00704308864134 0.0216069420146 -0.013906633099 0.018934767434 0.0104999888491 0.0235225796172 0.0176509596935 0.25301737391 0.0103824381364 -5.23943020881e-05 0.000254465307203 0.0137931797598 0.0153940551132 0.0176293164236 0.0245350505444 -0.00397945099259 0.0162585628709 -0.00233841726573 -0.00889196364364 0.00730212065369 0.0266773506058 0.0144335121799 0.016899582974 0.00947672430806 0.023509231313 0.00939596343716 0.0143686480098 0.00342212491502 0.0162326659164 0.0147326470343 0.00578073439496 0.0284313718815 0.00663179862984 0.00509712377532 0.0177810618752 0.028148524446 0.0101717429083 0.0288384478165 0.00590122931129 -0.00445900037946 0.0111428054538 0.0175068159734 0.00989096442127 0.0323176105463 -0.000927806420465 0.00767643644323 
0.00730094363022 0.0109080546554 0.00554723479002 0.0108004971923 0.0115967153382 0.0164178544747 0.00951331619136 -0.0112630872939 0.0109373830584 0.0106689060199 0.00705597299355 0.0103824381364 0.320747048837 0.0126114742345 0.0092141412012 0.00347210265312 0.00835905718525 0.0170877211746 0.0183394427458 0.00787328120125 0.00509169353665 -0.00128225030353 -0.00251596231284 0.0165003484149 0.0133743042521 0.0244050472745 0.016359776637 0.0119910400387 0.0336059899154 -0.00378493990937 0.0121730025057 0.00939147625279 0.0085507273376 0.00881462228361 0.0232435089472 0.00908391067768 0.00989510441175 0.00444805987401 0.0076990266569 0.0154498527031 0.0239485710435 0.00871153819201 0.0293223186552 -0.00107190025211 6.62797947135e-05 0.00821537322873 0.0408689760665 0.0248839865006 -0.0154943082257 0.0320282658264 
0.00769229284859 0.00845012294879 0.0173432203153 0.0309912496274 0.000447590545735 0.031011111757 0.0160425829752 0.0175908061222 0.0276282357947 0.00902230809382 0.00185055695295 -5.23943020864e-05 0.0126114742345 0.309151167097 0.00430748772684 0.0178015748794 0.023858121745 0.0101247192672 0.0189711341193 0.0130817332696 0.0246790346217 0.0113132040564 0.00873065953745 0.00683811378079 0.0116689991409 0.0141941369804 0.0115036032459 0.0124703308837 0.0197471653622 0.0070423565933 0.00664870903897 0.00464351286979 0.0114049189713 0.0162427387558 0.010190579564 0.0200523121044 0.00655913260622 0.0155302167831 0.0288740004625 0.0201233140598 0.0352720676031 0.0212215530314 0.0182611576737 0.0179963306422 0.00314174914187 0.0267595659009 0.0131402278606 0.0484046808176 0.0247146508637 0.0156880173246 
0.0142860425572 0.0229634913205 0.0050801602739 0.00887366809372 0.00914831055484 0.0142890658636 0.00993272079267 0.0253875464167 0.0167933586952 0.0135044523441 0.016273669034 0.000254465307214 0.0092141412012 0.00430748772684 0.185435352531 0.0116647936299 0.00456131499447 0.0114966103631 0.00649291108166 0.00665206521813 0.00716819577157 -0.000316321318783 0.0175738761444 0.00286739183374 0.020517833938 0.00212150010033 0.0270482443015 0.0160044479851 0.0158899648777 -0.0100244667276 0.0140911984346 0.00972271418794 0.0053548915564 0.00431129312668 0.0132257437663 0.0190587639888 -0.000546024911925 0.0108268509709 0.0157033592888 0.0175065507782 0.00945362215826 0.00929425948095 0.0263824973093 0.0154260238628 0.0188093010506 0.0172564600908 0.0267809498561 0.0124919101745 0.0257427027133 -0.00154762757344 
0.0256151730403 -0.00354680273361 0.00471819007448 0.0178038028215 0.0274329806035 0.0122780715872 0.00429616463342 0.0202832442712 0.0380875331558 0.0144792240531 0.0370723274405 0.0137931797598 0.00347210265312 0.0178015748794 0.0116647936299 0.386323096213 0.0628499150072 -0.0018515260626 0.0122299516431 0.00806724301826 0.0132767076269 -0.00742032992634 0.0190627687921 0.0129946902773 0.0170781409421 0.0263669810822 0.0561260064954 0.0298038187356 0.00206591763409 -0.013849091178 0.00838298413727 0.0135739662012 0.0186803421699 0.0261747658405 0.00426877687253 0.0172227311064 0.0395525862876 0.0100059589474 0.0189126199359 0.0180511042145 0.0310389890382 0.0323906581892 0.0436131604049 0.0200693702061 0.00626467761527 0.0430779916406 0.0235961035552 0.0211149414814 0.0363981265378 0.0341236507248 
0.0204486872546 0.0141619484225 0.0124745680541 0.0241782597799 0.0161113549306 0.0344562564963 0.0212822238779 0.0222296204088 0.0562497734451 0.0173290628953 0.0401708392251 0.0153940551132 0.00835905718525 0.023858121745 0.00456131499447 0.0628499150072 0.46695838961 0.015860657073 0.00927001726795 0.00146940067693 0.0746843480755 0.00529887654665 0.0183915484012 0.0140782113187 0.0346246504773 0.0308409120205 0.0139791416816 0.0141746859368 0.00811721263594 -0.00771633546635 0.0136256467849 0.00999990871409 0.0193571299024 0.0336078528983 -0.00200270143207 0.0123903560027 0.0202858856061 0.00284114947851 0.0114112310927 0.0151494351708 0.0427183380018 0.0722779209916 0.00716362932483 0.066629738833 0.0231009945228 0.0651983405499 0.0626003557426 -0.00795949697733 0.0193411918812 0.0191050773008 
0.0126006407146 0.0196076245796 0.0107741398394 0.00569190155245 0.0108619135438 0.0262282843112 0.00301000347912 0.0181497065229 0.0106647592778 0.0179979567567 0.0116619430828 0.0176293164236 0.0170877211746 0.0101247192672 0.0114966103631 -0.0018515260626 0.015860657073 0.26440007097 0.0133642154804 0.0147356814544 0.0239704983705 0.00588771988246 0.0193250480893 0.0196563497061 0.00880515919831 -0.0252969900962 0.0141322526024 -0.00108054123652 0.00368594929321 -0.0109234180236 0.00289099507405 0.0268690189049 0.0113509958935 0.00610308078348 -0.0028558156863 0.0115004897805 0.023615870321 0.0122820183671 0.00365431199156 0.0111654937875 0.0110495570835 -0.00173339987526 0.0128051846795 0.00696097799838 0.00150126414099 0.0181298799171 0.0173309336424 0.0234528002848 0.00741454479545 0.017763592271 
0.0303452987185 0.0334805883631 0.0438160499377 0.0134003020889 0.0190703795669 0.0276914563792 0.00879717223174 0.0283147499756 0.0188893840174 0.0115398121678 0.0269492654238 0.0245350505444 0.0183394427458 0.0189711341193 0.00649291108166 0.0122299516431 0.00927001726795 0.0133642154804 0.171697184207 -0.0030770719604 0.00413535339558 0.00202748036181 -0.00528011246964 0.015180438338 0.0473095859498 0.0141338794278 0.0261476546555 0.010929519697 0.0242896193999 0.00164429908345 0.00466373923486 0.0104367424628 0.0206879360491 0.00413578282143 0.00205886460195 0.0410789020276 0.0107683407316 0.0129747011237 0.0346608424551 0.0270461224913 0.0144996512018 0.0195476796018 0.00644133636562 0.0170374047604 0.00656241606033 0.0283669392535 0.0203930608477 0.0140410904479 0.0132064885873 0.0225135907093 
0.0183157043344 0.0200471288018 0.0131009699693 0.00199863918756 0.00650340410007 0.00843170993572 0.0156842749922 0.00119238870447 -0.0124058458212 -0.0168035861934 0.0290148752474 -0.00397945099259 0.00787328120125 0.0130817332696 0.00665206521813 0.00806724301826 0.00146940067693 0.0147356814544 -0.0030770719604 0.999416497911 -0.000727207413327 0.0210390384541 -0.0100700020035 0.013256107843 0.0126107230745 -0.000551827885891 0.0162778367099 -0.00373745628938 -0.0131693875506 0.0235083871324 -0.00190264550412 0.00680105060193 0.0066451183914 0.00300355164925 -0.00142622290761 0.0122037331967 -0.00236402248001 -0.0042982436476 0.0183620370507 0.0176646170047 0.00664035869599 0.0132345707403 0.0144286502651 0.0019831440742 -0.0103305749572 0.00606977038112 0.00909426951392 0.00274410210139 0.0125272881849 0.0172322511579 
0.0324579062298 0.0144077321269 0.0125414613621 0.0191166957497 0.0128367509575 0.0269838551204 0.0326011537006 0.00442409242115 0.0443641888161 0.0170059974377 0.0284278985036 0.0162585628709 0.00509169353666 0.0246790346217 0.00716819577157 0.0132767076269 0.0746843480755 0.0239704983705 0.00413535339558 -0.000727207413327 0.473671021147 -0.00887502028696 -0.0149454570883 0.0115847206106 0.0215255568994 0.0282548053602 0.0131133143809 -0.00482682516032 0.00499145789686 0.0224521704104 0.0380812270539 -0.00533909952561 0.0108116349787 0.0456377074022 0.0366638629257 0.00892275014251 0.021612836641 0.0104149441308 0.0106609899817 0.0134610963277 0.0262266996811 0.020279417275 0.0385393502424 0.0397497623946 0.0269254485315 0.026400007719 0.041462881175 -0.00477252101192 0.00229266498979 0.0137121630576 
-0.00414214714795 -0.00131383868528 0.00399348371327 -0.000688854865987 -0.0027529836917 -0.00638976178929 0.0319315452243 0.0105208033294 0.00584347155913 0.0165425439648 0.00083746476144 -0.00233841726573 -0.00128225030353 0.0113132040564 -0.000316321318784 -0.00742032992634 0.00529887654665 0.00588771988246 0.00202748036181 0.0210390384541 -0.00887502028696 0.53369397183 0.00856987410284 0.0043987756055 0.00389162947697 0.0037764831741 0.00612680325726 0.00519881353671 0.0117075123457 -0.00746171608135 -0.00242054296023 0.0202229138609 0.00298030459724 -0.013364786611 0.0139967771256 0.00857209379019 0.00359639002419 -0.0052067630246 -0.00371241102546 0.00839939013589 -0.0123358543942 -0.00670429079105 0.00573828092888 -0.000892946529073 -0.00206976949295 -0.00324310630998 -0.00756282742001 -0.00398981310178 0.0194563127264 0.00983246867027 
0.00541196371901 0.00791952430544 -0.00280593970659 0.0164977873388 0.0116015412996 -0.00845258680265 0.167025459509 0.0244798431101 0.0107286184534 0.0113556792327 0.0113663043647 -0.00889196364364 -0.00251596231284 0.00873065953745 0.0175738761444 0.0190627687921 0.0183915484012 0.0193250480893 -0.00528011246964 -0.0100700020035 -0.0149454570883 0.00856987410284 0.3595788057 0.0207340943392 0.00774909936485 -0.00707161399424 0.014147606957 0.0245252092704 0.00791612558668 0.018553567333 0.00337852648699 0.0397781927044 0.0360503480143 0.0289167330531 0.00421481822407 0.00282810539021 0.0124110990189 -0.00503818462025 -0.000634312118938 -0.00126455792744 0.0332854720449 0.0334270106482 0.0144512212643 0.0112192708684 0.0251369174503 0.0211691461404 0.0311761213549 0.00223361678966 0.0177991051482 0.028316354392 
0.0368656587519 0.00756388576562 0.0147013621716 0.0194075600945 0.0128480047704 0.0757061453932 0.000285263091973 0.00471742344714 0.0114953327325 0.0258397395788 0.0121263937721 0.00730212065369 0.0165003484149 0.00683811378078 0.00286739183374 0.0129946902773 0.0140782113187 0.0196563497061 0.015180438338 0.013256107843 0.0115847206106 0.0043987756055 0.0207340943392 0.219294592247 0.0281313492919 0.0162923035953 0.0157977565467 0.0160541655204 0.0145711987847 0.0212100930221 0.0028625569214 0.00356452189686 0.0137157183562 0.0112170283111 0.00403253108417 0.0112358669457 0.0217583946716 0.0193755684754 0.0218805932862 0.0233638638517 0.0030052330019 0.0065347581527 0.000518787755566 0.00226975991091 -0.00079004975687 0.0145324397331 0.0100176450164 -0.00241346182071 0.00555093950089 0.0177943617266 
0.0457172207276 0.0496791622705 0.0368426276053 0.0237603167279 0.0184884843635 0.0281819004181 0.0270260223892 0.0380339125815 0.0198682682732 -0.00276781626625 0.043615233633 0.0266773506058 0.0133743042521 0.0116689991409 0.020517833938 0.0170781409421 0.0346246504773 0.00880515919831 0.0473095859498 0.0126107230745 0.0215255568994 0.00389162947697 0.00774909936486 0.0281313492919 0.239141029794 0.01282508416 0.0320366242314 0.00810977755992 0.0162136658739 0.00999190991985 0.0169460400747 0.0169918147695 0.0127819152845 0.00993768994853 0.00673086817761 0.0475059392807 0.0192605222731 0.00946926533327 0.0260212719028 0.0426199456105 0.0340227210901 0.0330061665049 0.0164434935242 0.0120829621469 -0.00449917134012 0.0462906791519 0.0364988523308 -0.000834697998883 0.0405299576578 0.0213023256573 
0.0310387728636 0.0230042744308 0.0105798053016 0.00647185010701 0.00927049219671 0.0302928320492 0.0330391881481 0.0137322447207 0.0230277981034 -0.00664897502899 0.0434984366594 0.0144335121799 0.0244050472745 0.0141941369804 0.00212150010033 0.0263669810822 0.0308409120205 -0.0252969900962 0.0141338794278 -0.00055182788589 0.0282548053602 0.0037764831741 -0.00707161399424 0.0162923035953 0.01282508416 0.434834085722 0.0233123241274 -0.00600482039109 0.00013991514179 0.00766624137557 0.0217427067497 0.00213444878276 0.0105423661426 0.0303027924405 0.00376277855435 0.000861294360747 0.0176397389455 0.0464637649742 0.000399513184127 0.0297898107024 0.0227715611453 0.0116366939257 0.000409739300532 0.0213314478123 0.00795746376324 0.0450747092999 0.0351729328699 -0.00441871710463 0.02709644661 0.0248633725255 
0.0342325649734 0.0160168146587 0.0238347496101 0.0152773875992 0.0239870270837 0.00648686072808 0.0778519958448 0.00900253969167 0.0524241282724 -0.00724559908467 0.0346018729387 0.016899582974 0.016359776637 0.0115036032459 0.0270482443016 0.0561260064954 0.0139791416816 0.0141322526024 0.0261476546555 0.0162778367099 0.0131133143809 0.00612680325727 0.014147606957 0.0157977565467 0.0320366242314 0.0233123241274 0.556624625305 0.0253402602807 0.0232003707754 0.038164165529 0.0125331191361 0.0584522558358 0.0359880235248 0.0294178539119 0.0160716493717 0.0100049465303 0.0193850092748 0.0393100087131 0.0298639587545 0.0261171925656 0.0427290923 0.0476106140119 0.0441983472418 0.0235968376179 0.0015497207375 0.066623279549 0.0290276911284 0.00201451875767 0.0671689320797 0.0383106764872 
0.0329961730429 0.0139735813924 0.00968778228034 0.0147857199487 0.0150061922686 0.00281887677574 0.000962040043706 0.026664069367 0.00115430443968 0.00864831943797 0.040376555784 0.00947672430806 0.0119910400387 0.0124703308837 0.0160044479851 0.0298038187356 0.0141746859368 -0.00108054123652 0.010929519697 -0.00373745628938 -0.00482682516032 0.00519881353671 0.0245252092704 0.0160541655204 0.00810977755992 -0.00600482039109 0.0253402602807 0.297983623164 4.61043173725e-05 0.00325640530848 -0.0209687079444 0.0230026664439 0.0138950015944 0.00664315406974 0.021036109957 0.0123129767052 0.0290235109755 0.0299836784541 0.00679203340884 0.00702990068284 0.0486621525212 0.0173115303233 0.000826321711432 0.0162678042215 0.0105285564391 0.0144535772096 0.0530852615371 0.0117332229359 0.00756401191251 0.0223478045324 
0.0142712756777 0.018078591793 0.0138505329809 -0.00318377158401 0.00319797256362 0.0193308396493 0.00496401364394 0.0278458668083 0.0139002548975 0.0108448591453 0.0234544123374 0.023509231313 0.0336059899154 0.0197471653622 0.0158899648777 0.0020659176341 0.00811721263594 0.00368594929321 0.0242896193999 -0.0131693875506 0.00499145789686 0.0117075123457 0.00791612558668 0.0145711987847 0.0162136658739 0.000139915141791 0.0232003707754 4.61043173743e-05 0.3815756887 -0.0102393150066 0.000303829790488 0.0126534298219 -0.000117477089634 0.0177684789032 0.00620476536893 0.0171164000747 0.00337528878144 0.0145469101946 0.00770378162552 0.00932750259175 0.0224410561319 -0.00301660920916 0.01280475376 0.0219016384189 0.00840191616481 0.00270590253113 0.0186515113711 0.00205387104658 -0.0055044612463 0.0234870711533 
0.011891183347 -0.00716834943488 0.00563644032019 0.00695695757607 0.0178786956405 -0.00222267289993 0.0195263881423 0.00968843418503 0.0140661064045 -0.0095965738733 -0.00986092453154 0.00939596343716 -0.00378493990937 0.0070423565933 -0.0100244667276 -0.013849091178 -0.00771633546635 -0.0109234180236 0.00164429908345 0.0235083871324 0.0224521704104 -0.00746171608135 0.018553567333 0.0212100930221 0.00999190991985 0.00766624137557 0.038164165529 0.00325640530848 -0.0102393150066 2.98993196542 0.0033750986478 -0.0193745218609 0.004741097637 0.0218572435845 -0.00656658930511 -0.00256820446344 -0.000924185567744 0.00426048091409 0.0222035233401 0.00701794817395 -0.00808598816661 -0.010691719745 0.00920965354197 0.00313532014311 0.00204733938373 0.0150231574572 -0.0140963855393 0.00328265484993 0.00791937194275 -0.00390311615468 
0.00442913065759 0.0104977431884 0.0162136734218 0.0212650430399 0.00255015265288 0.00357869352218 0.0418561959588 0.0135275092921 0.0155246451571 -0.00056558075438 0.000671184969936 0.0143686480098 0.0121730025057 0.00664870903897 0.0140911984346 0.00838298413727 0.0136256467849 0.00289099507405 0.00466373923486 -0.00190264550412 0.0380812270539 -0.00242054296023 0.00337852648699 0.0028625569214 0.0169460400747 0.0217427067497 0.0125331191361 -0.0209687079444 0.000303829790486 0.0033750986478 0.466338718981 0.02133986115 -0.00163844624329 0.00832764676942 0.0033166393976 0.0109215434738 0.012009140111 -0.00102795808216 0.0317409317883 0.00642049693074 0.010200145705 0.0181355914839 0.0111167407102 0.0208310466036 0.00700852275468 0.0217609355087 0.0123644041788 -0.00409502600471 0.0105614858852 0.0308754105927 
0.0398853065459 0.0116975681061 0.00852863799134 0.00629083969568 0.00822947472249 0.0132272242861 0.0395212468238 0.0289403634809 0.0136588177812 0.00174017321556 0.00867617231618 0.00342212491502 0.00939147625279 0.00464351286979 0.00972271418795 0.0135739662012 0.00999990871409 0.0268690189049 0.0104367424628 0.00680105060193 -0.00533909952561 0.0202229138609 0.0397781927044 0.00356452189685 0.0169918147695 0.00213444878276 0.0584522558358 0.0230026664439 0.0126534298219 -0.0193745218609 0.02133986115 0.363905981895 0.00251898946292 0.0119441160795 -0.014378004729 0.0194300041999 0.0100723445031 0.0205886112015 0.00470178022191 0.0146140475589 0.000542792417673 0.0116093154967 0.0100206506671 0.00243391730183 0.0199676330932 0.0200957230099 0.0224977591815 0.0207551011109 0.00203838803796 0.012601885971 
0.00743316411541 0.00432627186505 0.0202166865256 0.0197512023541 0.0177414308424 0.0150008597895 0.0206696927921 0.0223158927477 0.0199940055253 0.0135530750177 0.0161305214581 0.0162326659164 0.0085507273376 0.0114049189713 0.0053548915564 0.0186803421699 0.0193571299024 0.0113509958935 0.0206879360491 0.0066451183914 0.0108116349787 0.00298030459724 0.0360503480143 0.0137157183562 0.0127819152845 0.0105423661426 0.0359880235248 0.0138950015944 -0.000117477089633 0.004741097637 -0.00163844624329 0.00251898946292 0.184285990085 0.0134385479128 0.00396868411943 0.0140380272148 -0.00136650774891 0.0152677556321 0.0196982624207 0.0161758623486 0.0198417666938 0.0464883881742 0.016522543975 0.0229319969785 0.00488292994821 0.0299214325767 0.010409645193 0.0111393866927 0.0237861631931 0.0148839558924 
0.0150833393233 0.000254726534575 0.0050116937823 0.028140793162 0.0149323791695 0.00808144791219 0.0237178033216 0.0146470224436 0.0161794043629 0.0267788299987 0.0169946807855 0.0147326470343 0.00881462228361 0.0162427387558 0.00431129312668 0.0261747658405 0.0336078528983 0.00610308078348 0.00413578282143 0.00300355164925 0.0456377074022 -0.013364786611 0.0289167330531 0.0112170283111 0.00993768994853 0.0303027924405 0.0294178539119 0.00664315406974 0.0177684789032 0.0218572435845 0.00832764676942 0.0119441160795 0.0134385479128 0.497532536223 0.0361653822151 0.00580814278067 0.0424846206719 0.00260451021246 0.0252972884788 0.0130312783792 0.0496844091982 0.0459644088414 0.038000504025 0.0144367146746 0.0249608024275 0.0595588621883 0.0514403735599 0.0337269092957 0.0157896935703 0.0190890587887 
-5.20697002406e-05 0.00158525216866 0.0119137518076 0.00897962984485 0.00357420658294 0.011306961293 -0.00196187697088 -0.00799395206741 0.0311366509439 -0.0119331566093 0.0023316544687 0.00578073439496 0.0232435089472 0.010190579564 0.0132257437663 0.00426877687253 -0.00200270143207 -0.0028558156863 0.00205886460195 -0.00142622290762 0.0366638629257 0.0139967771256 0.00421481822407 0.00403253108417 0.00673086817761 0.00376277855435 0.0160716493717 0.021036109957 0.00620476536893 -0.00656658930511 0.0033166393976 -0.014378004729 0.00396868411943 0.0361653822151 1.25077939346 -0.005663120652 0.0079191990167 0.0289641482051 0.0239901349992 0.00730057811658 0.024752338323 -0.0166226861911 0.00142503329392 0.0127181215729 -0.00530489029733 0.0385251427539 0.0526644238748 -0.0260379088587 -0.0111770516811 0.0254398533755 
0.0326281891705 0.0499397334557 0.040739216301 0.0257917328215 0.0170781839474 0.0178780870162 0.0278157719347 0.036094696142 0.0209555113674 0.0251838128504 0.0362172760901 0.0284313718815 0.00908391067768 0.0200523121044 0.0190587639888 0.0172227311064 0.0123903560027 0.0115004897805 0.0410789020276 0.0122037331967 0.00892275014251 0.00857209379019 0.00282810539021 0.0112358669457 0.0475059392807 0.000861294360747 0.0100049465303 0.0123129767052 0.0171164000747 -0.00256820446344 0.0109215434738 0.0194300041999 0.0140380272148 0.00580814278067 -0.005663120652 0.147462676239 0.0138858560523 0.0133278033385 0.0397751595864 0.0405851503596 0.0127637668095 0.0200332817312 0.0173725926366 0.00508961551097 0.00388888666358 0.0215620687405 0.0314924931367 0.0122476797563 0.0162578404886 0.0159418569822 
0.0193612383274 0.0290846410869 0.0169154039486 0.017767370737 0.0344255152554 0.0371951574808 0.0191070925848 0.0339577404147 0.0360505815026 0.0134815734156 0.035425695539 0.00663179862984 0.00989510441175 0.00655913260622 -0.000546024911925 0.0395525862876 0.0202858856061 0.023615870321 0.0107683407316 -0.00236402248001 0.0216128366411 0.00359639002419 0.0124110990189 0.0217583946716 0.0192605222731 0.0176397389455 0.0193850092748 0.0290235109755 0.00337528878144 -0.000924185567744 0.012009140111 0.0100723445031 -0.00136650774891 0.0424846206719 0.0079191990167 0.0138858560523 0.477593317586 0.0250715203159 0.018945604508 0.0208573289579 0.00841577415361 0.0307578244554 0.0226864862486 0.0220351115364 0.0133483536225 0.0327058589073 0.0484776303614 0.0152256209546 0.0379548059742 0.0173069806674 
0.0132758721139 0.0095014094208 0.00963112902588 0.0116938305279 0.0294409613989 0.0185260675566 0.0119745306799 0.0235820675619 0.0299524025778 0.000200868999896 -0.00625828176205 0.00509712377532 0.00444805987402 0.0155302167831 0.0108268509709 0.0100059589474 0.00284114947851 0.0122820183671 0.0129747011237 -0.0042982436476 0.0104149441308 -0.0052067630246 -0.00503818462025 0.0193755684755 0.00946926533327 0.0464637649742 0.0393100087131 0.0299836784541 0.0145469101946 0.00426048091409 -0.00102795808216 0.0205886112015 0.0152677556321 0.00260451021246 0.0289641482051 0.0133278033385 0.0250715203159 0.402484415613 0.0139367431098 0.00711823108847 0.031406692497 0.0365238863471 -0.000201800857679 0.0365182617301 0.0145398184764 0.0269193250612 0.0163495745162 -0.00895743130769 0.0260809487406 0.026532049462 
0.0318118387261 0.0272319025437 0.0458767096399 0.00706084278836 0.0152701706044 0.0240818023162 -0.0083391557617 0.0364507511881 0.0318235435576 -0.00125628842123 0.0462214948352 0.0177810618752 0.0076990266569 0.0288740004625 0.0157033592888 0.0189126199359 0.0114112310927 0.00365431199156 0.0346608424551 0.0183620370507 0.0106609899817 -0.00371241102546 -0.000634312118937 0.0218805932862 0.0260212719028 0.000399513184125 0.0298639587545 0.00679203340884 0.00770378162552 0.0222035233401 0.0317409317883 0.00470178022191 0.0196982624207 0.0252972884788 0.0239901349992 0.0397751595864 0.018945604508 0.0139367431098 0.455003004561 0.0267197660536 0.0280776699086 0.0166227347587 0.0231797823294 0.018984805211 0.00694181805153 0.032620012903 0.038029832322 0.0482460604106 0.0202200330242 0.024808630782 
0.0358316537688 0.0452950280755 0.0377204908116 0.0274564667892 0.00817745267579 0.0192235503961 0.018301371605 0.0350478475871 0.00805261833501 0.00653194806314 0.0537895763172 0.028148524446 0.0154498527031 0.0201233140598 0.0175065507782 0.0180511042145 0.0151494351708 0.0111654937875 0.0270461224913 0.0176646170047 0.0134610963277 0.0083993901359 -0.00126455792743 0.0233638638517 0.0426199456105 0.0297898107024 0.0261171925656 0.00702990068284 0.00932750259174 0.00701794817395 0.00642049693074 0.0146140475589 0.0161758623486 0.0130312783792 0.00730057811658 0.0405851503596 0.0208573289579 0.00711823108847 0.0267197660536 0.172265566736 0.0129557397214 0.0205802532926 0.0153531539757 0.00825756144023 0.0037637734144 0.010359820109 0.0256045136703 0.00464954710586 0.0253325544914 0.0172243893782 
0.00645928294901 0.0221236440727 0.00982339468861 0.0157567269892 0.00855334114629 0.0140547799953 0.0354408138274 0.0175926583064 0.0345527489827 0.00377054370586 0.0353989417573 0.0101717429083 0.0239485710435 0.0352720676031 0.00945362215826 0.0310389890382 0.0427183380018 0.0110495570835 0.0144996512018 0.006640358696 0.0262266996811 -0.0123358543942 0.0332854720449 0.0030052330019 0.0340227210901 0.0227715611453 0.0427290923 0.0486621525212 0.0224410561319 -0.00808598816661 0.0102001457049 0.000542792417672 0.0198417666938 0.0496844091982 0.024752338323 0.0127637668095 0.00841577415361 0.031406692497 0.0280776699086 0.0129557397214 0.610461011353 0.0335986181352 -0.00299599951983 0.0253626266319 0.0129529142659 0.0804965504089 0.0600676092215 -0.0246847318435 0.0285568194423 0.0425108735518 
0.0140496637513 0.00905446009131 0.0176767658319 0.0273697388165 0.0384566509511 0.00738129172141 0.0408961039236 0.017672143624 0.035557242388 0.00430873293411 0.0203909833723 0.0288384478165 0.00871153819201 0.0212215530314 0.00929425948095 0.0323906581892 0.0722779209916 -0.00173339987526 0.0195476796018 0.0132345707403 0.020279417275 -0.00670429079105 0.0334270106482 0.0065347581527 0.0330061665049 0.0116366939257 0.0476106140119 0.0173115303233 -0.00301660920916 -0.010691719745 0.0181355914839 0.0116093154967 0.0464883881742 0.0459644088414 -0.0166226861911 0.0200332817312 0.0307578244554 0.0365238863471 0.0166227347587 0.0205802532926 0.0335986181352 0.383376494855 0.0219674765771 0.0241964107301 0.0198510482932 0.0552916321134 0.032419996464 0.0253908022342 0.0524129699296 0.0343469683232 
0.0101830867139 0.0114110967549 0.00871156508549 0.0152004330592 0.0229435600505 0.0178276468329 0.0122294781407 -0.00141128361704 0.0307409892112 0.00362972666786 0.0322753218995 0.00590122931129 0.0293223186552 0.0182611576737 0.0263824973093 0.0436131604049 0.00716362932483 0.0128051846795 0.00644133636562 0.0144286502651 0.0385393502424 0.00573828092888 0.0144512212643 0.000518787755565 0.0164434935242 0.000409739300532 0.0441983472418 0.000826321711433 0.01280475376 0.00920965354197 0.0111167407102 0.0100206506671 0.016522543975 0.038000504025 0.00142503329392 0.0173725926366 0.0226864862486 -0.000201800857679 0.0231797823294 0.0153531539757 -0.00299599951983 0.0219674765771 0.490353646682 0.0493581174493 -0.00244644302849 0.0238404850036 0.0304319148695 0.00178142925648 0.0320304393516 0.0161899544365 
0.00850623951305 0.0191734915653 0.0199568181461 0.00622093601093 0.0155262421841 0.00814875266109 0.0141154545025 0.0218056034611 0.0196406557393 -0.0101290130192 0.0153294818443 -0.00445900037946 -0.00107190025211 0.0179963306422 0.0154260238627 0.0200693702061 0.066629738833 0.00696097799838 0.0170374047604 0.0019831440742 0.0397497623946 -0.000892946529073 0.0112192708684 0.00226975991091 0.0120829621469 0.0213314478123 0.0235968376179 0.0162678042215 0.0219016384189 0.00313532014311 0.0208310466036 0.00243391730184 0.0229319969785 0.0144367146746 0.0127181215729 0.00508961551097 0.0220351115364 0.0365182617301 0.018984805211 0.00825756144023 0.0253626266319 0.0241964107301 0.0493581174493 0.273379413145 0.00663380897707 0.0142373376325 0.0323093470327 0.019768953365 0.0104834889588 0.0213925510381 
-0.00265411605977 0.0129132074325 0.0104108842228 0.00811313690376 0.0181844319422 0.0227574645471 0.015600195056 0.0241323177614 0.028707528963 0.00161531173755 0.00279482346954 0.0111428054538 6.62797947091e-05 0.00314174914187 0.0188093010506 0.00626467761528 0.0231009945228 0.00150126414099 0.00656241606033 -0.0103305749572 0.0269254485315 -0.00206976949295 0.0251369174503 -0.000790049756872 -0.00449917134011 0.00795746376324 0.0015497207375 0.0105285564391 0.00840191616482 0.00204733938373 0.00700852275468 0.0199676330932 0.00488292994821 0.0249608024275 -0.00530489029733 0.00388888666358 0.0133483536225 0.0145398184764 0.00694181805153 0.0037637734144 0.0129529142659 0.0198510482932 -0.00244644302849 0.00663380897708 0.345657235632 0.0100058521132 0.0222553394943 0.0178276164388 0.0222310004166 0.0103089893597 
0.0172303975123 0.0086735536316 0.012841751349 0.0239871808623 0.0376802950203 0.00388477581158 0.0282907067292 0.0297563793703 0.0456097892062 -0.0087831396793 0.0247404840042 0.0175068159734 0.00821537322873 0.0267595659009 0.0172564600908 0.0430779916406 0.0651983405499 0.0181298799171 0.0283669392535 0.00606977038112 0.026400007719 -0.00324310630998 0.0211691461404 0.0145324397331 0.0462906791519 0.0450747092999 0.066623279549 0.0144535772096 0.00270590253114 0.0150231574572 0.0217609355087 0.0200957230099 0.0299214325767 0.0595588621883 0.0385251427539 0.0215620687405 0.0327058589074 0.0269193250612 0.032620012903 0.010359820109 0.0804965504089 0.0552916321134 0.0238404850036 0.0142373376325 0.0100058521132 0.479293180386 0.0451116749491 0.0298905996008 0.0335600542307 0.0256932958054 
0.0180996546572 0.0277427109125 0.0142330764049 0.0139822129499 0.0279248175079 0.0205602980031 0.0609450176794 0.0179710483015 0.0291488005405 0.0131115720816 0.0589270452487 0.00989096442127 0.0408689760665 0.0131402278606 0.0267809498561 0.0235961035552 0.0626003557426 0.0173309336424 0.0203930608477 0.00909426951393 0.041462881175 -0.00756282742001 0.0311761213549 0.0100176450164 0.0364988523308 0.0351729328699 0.0290276911284 0.0530852615371 0.0186515113711 -0.0140963855393 0.0123644041788 0.0224977591815 0.010409645193 0.0514403735599 0.0526644238748 0.0314924931367 0.0484776303614 0.0163495745162 0.038029832322 0.0256045136703 0.0600676092215 0.032419996464 0.0304319148695 0.0323093470327 0.0222553394943 0.0451116749491 0.521169675162 0.0163942132402 0.0175168716326 0.0300801844659 
