30
0.0451551332239 0.129241945615 0.0261881624723 0.022369934908 0.0268988212896 0.0378808118353 0.0384738749472 0.042606905642 0.0246636786654 0.070265204238 0.0646745186267 0.0275926739743 0.0738036440579 0.0307440439862 0.0253425298527 0.0448250845436 0.0367752030525 0.0123991351417 0.119859861498 0.0502759777883 0.0394797478448 0.0545718905582 0.0248078828137 0.158041803894 0.0896788789081 0.0589662330248 0.0753619397022 0.0565518641406 0.0361599942098 0.0113752176021 
0.305230112537 0.0070527605735 0.00404185461197 0.00499405603986 0.00219731391195 0.018861014155 0.0127651127682 0.0538068135932 -0.00465672509372 0.00987149012712 0.00531606227293 0.00168700792544 -0.00479252700719 0.0109091879899 0.00593965249049 0.00962332438283 0.0090614027221 0.00254564852375 0.0111581606459 0.0134167813102 0.0183403179839 0.0146194847137 0.00373316785728 0.00813095966836 0.0324632225292 0.00786253288641 0.0462491858589 0.0208033936036 0.00920542917954 0.0175882773503 
0.0070527605735 0.571480574108 0.00612450303547 0.0267703206413 0.00391425542636 0.00901837787005 0.0229904907954 0.0244572745645 0.00783374834919 -0.0237577922111 0.0193364806377 0.0230581270756 0.0187168485941 0.00543983558742 0.0140997062032 -0.00186854056581 0.0107913480675 0.0134123486628 0.0427918412622 -0.0088206361199 0.00936314912116 0.0205305344445 0.0114784001392 0.00907579335253 0.00664500212448 0.00963983959496 0.0387890143419 0.00819000499752 0.0300460625721 0.0112653522995 
0.00404185461197 0.00612450303547 0.265134000048 0.0236569780008 0.00272319307322 0.00838344533903 0.0222081675534 0.0167381066866 0.0148175131856 0.00654837366307 0.0252588188982 0.0142900268972 0.0127256147715 0.0210793639977 0.0140254627119 0.0133734794008 0.014768569774 0.0116579106716 0.0181878711183 0.0090431905851 0.0253062405885 0.00944436350926 0.00762202755113 0.0123853024542 0.0158685574129 0.0187608108312 0.0220753959881 0.0191314736198 0.00232445465191 0.01220511719 
0.00499405603986 0.0267703206413 0.0236569780008 0.209902269217 0.00694108752991 0.0237737763837 0.0247693386492 0.0250502348274 0.0143792339309 0.00801394495865 0.0120139369665 -0.000345078844733 0.0286374855774 0.0242042012964 0.0129202617633 0.021333943473 0.0170454060425 0.0124462095973 0.0384025554376 0.011813744616 0.0304120100786 0.00884022556322 0.0214091270061 0.0123202278359 0.0399369898398 0.0261403273293 0.00967522623117 0.0294253887208 0.0201307043167 0.0270972350583 
0.00219731391195 0.00391425542636 0.00272319307322 0.00694108752991 0.219277402318 0.0174182528278 -0.000766858466512 0.0064060099262 0.0104261321658 0.00065783778503 -0.0267353825176 -0.00104449097869 0.0243254600496 0.0181954687691 0.01941456539 0.0127193331534 -0.00291955215549 0.01864972717 0.0235266077067 0.0166039881454 -0.00153461896187 -0.00471981428099 0.0132815573451 0.0598914140145 0.0209823829508 0.00784355569912 -0.00687333376937 0.0168199008374 0.00838716211556 0.0133696264082 
0.018861014155 0.00901837787005 0.00838344533903 0.0237737763837 0.0174182528278 0.202979273469 0.015233029635 0.0240072608455 0.0306187547106 0.00850984025728 0.0215265363207 0.0138835514946 0.0242969819413 0.0323531432123 0.0171996586406 0.0255587437273 0.0155353937548 0.00872992133105 0.0226272963329 0.0148643629487 0.0277358750408 0.0206372563177 0.0265027288919 0.0189692210384 0.0377450615448 0.00696321080145 0.013362789857 0.0153172488965 0.0217474272194 0.0142114845488 
0.0127651127682 0.0229904907954 0.0222081675534 0.0247693386492 -0.000766858466512 0.015233029635 0.233437845843 0.0198674302461 0.0040206897754 0.01392824485 0.00840767972029 -0.0101149963699 0.0158386288856 0.0231383002469 0.0120214389775 0.0108660546839 0.0223722632464 0.0165648973288 0.0145207403675 0.0147672939433 0.00585855598952 0.030923351298 -0.00597199526362 0.0025387647022 0.00170497471006 0.0321030235767 0.0242940528957 0.0171465314315 0.00441700604442 0.0259781726999 
0.0538068135932 0.0244572745645 0.0167381066866 0.0250502348274 0.0064060099262 0.0240072608455 0.0198674302461 0.250659655323 0.015092796691 0.0109917736592 0.0072632110441 7.08821354125e-05 0.0281006313473 0.0227132883705 0.0162309693417 0.0273238915125 0.0257957656332 0.0046561269292 0.0271728631504 0.0166889735977 0.0197873917931 0.0158959170285 0.014547478715 0.0300877181799 0.0226838015878 0.033172326575 0.0527327947564 0.0398137106911 0.00756250574481 0.0211999655228 
-0.00465672509372 0.00783374834919 0.0148175131856 0.0143792339309 0.0104261321658 0.0306187547106 0.0040206897754 0.015092796691 0.141185391373 0.00208157385865 0.0102555729834 0.00313772041758 0.0108465839789 0.0200054726654 0.00969968035984 0.025530321988 0.0221100117461 0.0198982218663 0.00525652586906 0.0150585234823 0.0038555814559 0.0224593743893 0.016866505927 0.000422471902021 0.0154609436444 0.00635557966648 0.0103878694413 0.0114987111503 0.0172058152242 0.00732606634506 
0.00987149012712 -0.0237577922111 0.00654837366307 0.00801394495865 0.00065783778503 0.00850984025728 0.01392824485 0.0109917736592 0.00208157385865 0.981238799239 0.00665257675049 0.00710538437259 0.00558733110311 0.00968171866381 0.00632638128716 0.01212463149 0.0323189664768 0.0012922813615 0.064868111484 -0.00154985457909 0.00272040165122 0.00116737375935 0.000754265445658 0.0114696176686 0.0143607316292 0.0106173413752 0.0217837883732 0.0104361939979 0.0149038837 0.00651310454468 
0.00531606227293 0.0193364806377 0.0252588188982 0.0120139369665 -0.0267353825176 0.0215265363207 0.00840767972029 0.0072632110441 0.0102555729834 0.00665257675049 0.513289945449 0.0363290693605 0.00542372244089 0.0157228045785 0.0151042881322 0.0102848471673 0.0244724227372 0.00708293184935 0.0080088151055 0.00203320845689 0.0907738324337 0.00868736709248 0.0195394683635 0.0121521265769 0.0260404194807 -0.00585256473509 0.0272084981699 0.0173822358591 0.0206595301554 0.0070157181836 
0.00168700792544 0.0230581270756 0.0142900268972 -0.000345078844733 -0.00104449097869 0.0138835514946 -0.0101149963699 7.08821354125e-05 0.00313772041758 0.00710538437259 0.0363290693605 0.370476059613 0.000293803960389 0.0119342259653 0.0127499959981 0.0121817856209 0.0096833182797 0.00305866314776 0.0172710101197 0.00110265187773 0.0122253119562 -0.00718332598515 0.0114565496749 0.00298032104654 -0.00406782613297 0.00919293789668 0.00407921845631 0.0105769685812 -0.00323195054032 0.00484206158993 
-0.00479252700719 0.0187168485941 0.0127256147715 0.0286374855774 0.0243254600496 0.0242969819413 0.0158386288856 0.0281006313473 0.0108465839789 0.00558733110311 0.00542372244089 0.000293803960388 0.359606615999 0.0246090879571 0.0138304295588 0.0240216175234 0.0209211160126 0.0266032418088 0.0382783967926 0.00312874573099 0.02929389746 0.0134373334256 0.0124491297892 0.0218674884857 0.0568237568668 0.0370397876698 0.0215215582548 0.0386341342059 0.0205508313472 0.0161979971522 
0.0109091879899 0.00543983558742 0.0210793639977 0.0242042012964 0.0181954687691 0.0323531432123 0.0231383002469 0.0227132883705 0.0200054726654 0.00968171866381 0.0157228045785 0.0119342259653 0.0246090879572 0.240186678191 0.025779906878 0.0327196117389 0.0218428634252 0.0153370677482 0.0288626814669 0.0424220822455 0.0302172839139 0.0374641742003 0.0220394228876 0.0210029410438 0.0435460469555 0.0224728061986 0.020603072097 0.0567522520005 0.0217035413616 0.0248540313305 
0.00593965249049 0.0140997062032 0.0140254627119 0.0129202617633 0.01941456539 0.0171996586406 0.0120214389775 0.0162309693417 0.00969968035984 0.00632638128716 0.0151042881322 0.0127499959981 0.0138304295588 0.025779906878 0.200483121197 0.0158484177199 0.0312092603585 0.0148673211964 0.00978426035721 0.00505593693562 0.0167414953326 0.00353524145762 0.0148506263721 0.0225585739259 0.0257723433622 0.0176302363245 0.00204891473815 0.0193231628051 0.0150104595699 0.0191697035254 
0.00962332438283 -0.00186854056581 0.0133734794008 0.021333943473 0.0127193331534 0.0255587437273 0.0108660546839 0.0273238915125 0.025530321988 0.01212463149 0.0102848471673 0.0121817856209 0.0240216175234 0.0327196117389 0.0158484177199 0.256570836687 0.0270413084243 0.0109523027362 0.0204808997653 0.0123679480425 0.0243989977729 0.0233744248754 0.0282678568489 0.00358552174302 0.0106228324754 0.027765673415 -0.00479095423875 0.0250858696667 0.0125232440204 0.0134068417449 
0.0090614027221 0.0107913480675 0.014768569774 0.0170454060425 -0.00291955215549 0.0155353937548 0.0223722632464 0.0257957656332 0.0221100117461 0.0323189664768 0.0244724227372 0.0096833182797 0.0209211160126 0.0218428634252 0.0312092603585 0.0270413084243 0.256790932057 0.00450770153874 0.019491527812 0.0072494639144 0.0218843981744 0.00381715871706 0.00602127622625 0.00568380455246 0.0287825996319 0.0233308230084 -0.0143247485464 0.0200979246324 0.00669237267984 0.00879173047835 
0.00254564852375 0.0134123486628 0.0116579106716 0.0124462095973 0.01864972717 0.00872992133105 0.0165648973288 0.0046561269292 0.0198982218663 0.0012922813615 0.00708293184935 0.00305866314776 0.0266032418088 0.0153370677482 0.0148673211964 0.0109523027362 0.00450770153874 0.186572665703 0.0120447651397 0.020255396712 0.0160185014019 0.0116090802924 0.00558070908904 0.0590539257635 0.0257033155759 0.00418464909489 0.0200771027809 0.0152095090879 0.0205590977734 0.0218283760245 
0.0111581606459 0.0427918412622 0.0181878711183 0.0384025554376 0.0235266077067 0.0226272963329 0.0145207403675 0.0271728631504 0.00525652586906 0.064868111484 0.0080088151055 0.0172710101197 0.0382783967926 0.0288626814669 0.00978426035721 0.0204808997653 0.019491527812 0.0120447651397 0.532294787191 0.0209869644788 0.0247808759097 0.00554214626025 0.0183455825533 0.0351624506419 0.0662205617189 0.0063130282461 0.0267889672647 0.0143464532493 0.0199260612808 0.0129430803785 
0.0134167813102 -0.0088206361199 0.0090431905851 0.011813744616 0.0166039881454 0.0148643629487 0.0147672939433 0.0166889735977 0.0150585234823 -0.00154985457909 0.00203320845689 0.00110265187773 0.00312874573099 0.0424220822455 0.00505593693562 0.0123679480425 0.0072494639144 0.020255396712 0.0209869644788 0.271160213765 0.0198107055737 0.0271623420505 0.00916561030646 0.0193987013178 0.0177950529091 0.0315920707785 0.0137305375912 0.0235239608321 0.0303224042628 0.0338778190324 
0.0183403179839 0.00936314912116 0.0253062405885 0.0304120100786 -0.00153461896187 0.0277358750408 0.00585855598952 0.0197873917931 0.0038555814559 0.00272040165122 0.0907738324337 0.0122253119562 0.02929389746 0.0302172839139 0.0167414953326 0.0243989977729 0.0218843981744 0.0160185014019 0.0247808759097 0.0198107055737 0.323465040707 0.0109326199252 0.0253805382852 0.0419673107944 0.025630688279 0.00728865215173 0.015671235291 0.0281150607039 0.0154127334962 0.0240418761427 
0.0146194847137 0.0205305344445 0.00944436350926 0.00884022556322 -0.00471981428099 0.0206372563177 0.030923351298 0.0158959170285 0.0224593743893 0.00116737375935 0.00868736709248 -0.00718332598515 0.0134373334256 0.0374641742003 0.00353524145762 0.0233744248754 0.00381715871706 0.0116090802924 0.00554214626025 0.0271623420505 0.0109326199252 0.287424639638 0.0167199125589 0.0222081947093 0.0160116227918 0.00417874826398 0.0372163485386 0.0277161398193 0.0626979097995 0.0204116233263 
0.00373316785728 0.0114784001392 0.00762202755113 0.0214091270061 0.0132815573451 0.0265027288919 -0.00597199526362 0.014547478715 0.016866505927 0.000754265445658 0.0195394683635 0.0114565496749 0.0124491297892 0.0220394228876 0.0148506263721 0.0282678568489 0.00602127622625 0.00558070908904 0.0183455825533 0.00916561030646 0.0253805382852 0.0167199125589 0.214564108186 -0.00349227931629 0.0360069950521 0.00442021550003 0.0146382801604 0.0101059717093 0.00464264110478 0.0149505059272 
0.00813095966836 0.00907579335253 0.0123853024542 0.0123202278359 0.0598914140145 0.0189692210384 0.0025387647022 0.0300877181799 0.000422471902021 0.0114696176686 0.0121521265769 0.00298032104654 0.0218674884857 0.0210029410438 0.0225585739259 0.00358552174302 0.00568380455246 0.0590539257635 0.0351624506419 0.0193987013178 0.0419673107944 0.0222081947093 -0.00349227931629 1.03342605719 0.0138238328524 0.00244680164125 0.0129094391519 0.0186871232642 0.0210125263655 0.00587773420268 
0.0324632225292 0.00664500212448 0.0158685574129 0.0399369898398 0.0209823829508 0.0377450615448 0.00170497471006 0.0226838015878 0.0154609436444 0.0143607316292 0.0260404194807 -0.00406782613297 0.0568237568668 0.0435460469555 0.0257723433622 0.0106228324754 0.0287825996319 0.0257033155759 0.0662205617189 0.0177950529091 0.025630688279 0.0160116227918 0.0360069950521 0.0138238328524 0.560878913579 0.0166292684522 0.00402980089973 0.0258393197046 0.0130810498216 0.0372796400184 
0.00786253288641 0.00963983959496 0.0187608108312 0.0261403273293 0.00784355569912 0.00696321080145 0.0321030235767 0.033172326575 0.00635557966648 0.0106173413752 -0.00585256473509 0.00919293789668 0.0370397876698 0.0224728061986 0.0176302363245 0.027765673415 0.0233308230084 0.00418464909489 0.0063130282461 0.0315920707785 0.00728865215173 0.00417874826398 0.00442021550003 0.00244680164125 0.0166292684522 0.40704114754 0.00249027622811 0.0178328261344 -0.00439500862654 0.0160533464852 
0.0462491858589 0.0387890143419 0.0220753959881 0.00967522623117 -0.00687333376937 0.013362789857 0.0242940528957 0.0527327947564 0.0103878694413 0.0217837883732 0.0272084981699 0.00407921845631 0.0215215582548 0.020603072097 0.00204891473815 -0.00479095423875 -0.0143247485464 0.0200771027809 0.0267889672647 0.0137305375912 0.015671235291 0.0372163485386 0.0146382801604 0.0129094391519 0.00402980089973 0.00249027622811 0.395563843333 0.0277172875018 0.0354580692268 0.00415063717863 
0.0208033936036 0.00819000499752 0.0191314736198 0.0294253887208 0.0168199008374 0.0153172488965 0.0171465314315 0.0398137106911 0.0114987111503 0.0104361939979 0.0173822358591 0.0105769685812 0.0386341342059 0.0567522520005 0.0193231628051 0.0250858696667 0.0200979246324 0.0152095090879 0.0143464532493 0.0235239608321 0.0281150607039 0.0277161398193 0.0101059717093 0.0186871232642 0.0258393197046 0.0178328261344 0.0277172875018 0.25149472626 0.0442011743374 0.0245154874358 
0.00920542917954 0.0300460625721 0.00232445465191 0.0201307043167 0.00838716211556 0.0217474272194 0.00441700604442 0.00756250574481 0.0172058152242 0.0149038837 0.0206595301554 -0.00323195054032 0.0205508313472 0.0217035413616 0.0150104595699 0.0125232440204 0.00669237267985 0.0205590977734 0.0199260612808 0.0303224042628 0.0154127334962 0.0626979097995 0.00464264110478 0.0210125263655 0.0130810498216 -0.00439500862654 0.0354580692268 0.0442011743374 0.239013286251 0.0250666364122 
0.0175882773503 0.0112653522995 0.01220511719 0.0270972350583 0.0133696264082 0.0142114845488 0.0259781726999 0.0211999655228 0.00732606634506 0.00651310454468 0.0070157181836 0.00484206158993 0.0161979971522 0.0248540313305 0.0191697035254 0.0134068417449 0.00879173047835 0.0218283760245 0.0129430803785 0.0338778190324 0.0240418761427 0.0204116233263 0.0149505059272 0.00587773420268 0.0372796400184 0.0160533464852 0.00415063717863 0.0245154874358 0.0250666364122 0.227995228684 

['BCR', 'DYN', 'AN', 'PLL', 'ADP', 'LNC', 'ABC', 'UTX', 'TMK', 'NFB', 'SNA', 'TRB', 'SHW', 'PCL', 'LLY', 'COST', 'ABT', 'TWX', 'CTXS', 'UST', 'ITT', 'PEG', 'MMM', 'ADBE', 'XLNX', 'VFC', 'APA', 'AIV', 'PPL', 'FO']