40
0.0270240384822 0.0700025840065 0.0787213758152 0.0754225878746 0.090319564185 0.0235207120966 0.0396471392927 0.078059567066 0.0179151897049 0.0602494739115 0.0911559741232 0.0380288664812 0.0820701074714 0.0522856391002 0.0180781461794 0.0909027791802 0.0308768641188 0.0383245101253 0.0267965440056 0.0716450377603 0.0746691414478 0.0428749123775 0.041097516798 0.0800378705657 0.199130076205 0.0231907610599 0.0162851568228 0.22311845274 0.0295384146509 0.0635798530397 0.0785675118811 0.132143501856 0.0690415105338 0.0482651065397 0.15397042743 0.114457978761 0.045759308444 0.00361039022472 0.0192488530763 0.0377989606714 
0.217599728079 0.00597747359655 -0.00240720030755 0.00893803601721 0.0204117409416 0.0114743775634 0.00616838527718 0.00616724923008 0.00364925606967 0.0194229111556 0.0206809500426 0.00240095217997 0.0168595295548 0.0195377263263 0.0131607781026 0.0100556275475 0.000526383673575 0.0122672715611 0.0206111671452 0.0073562020456 0.016003428217 0.0215988787515 0.0191360981386 0.0117839398168 0.0032442717405 0.00792896636351 0.00308682000913 0.0129154973919 0.0265504557663 0.0883797899782 0.00084159183174 -0.0138126080734 0.0151698002591 0.0117118909812 -0.00879894056762 -0.000227840025162 0.00399516264598 0.00610534742196 0.0110104768372 0.0170590816311 
0.00597747359655 0.325151113646 0.0368936652968 0.013954530574 0.0243984045612 0.0104467965778 0.0142339099072 0.00823837402541 -0.00544024375421 0.0159415194821 0.0277567801505 0.0160090287948 -0.00349194880625 0.0171396554894 -0.000750102115556 -0.00508114538295 -0.00125565440607 -0.00180289956376 0.0103992139362 0.0184467568018 -0.0043761265858 0.0273759217789 0.0291131662442 0.0142316225124 0.00487048045288 0.0115640338405 0.00223057968143 -0.0147414868372 0.0122248774729 0.0181701314164 0.0346142043074 0.0159312462124 0.0050211001567 0.00966061583003 0.0175123454487 0.00652471686457 0.0110582361459 0.0129269324102 0.00684652183124 0.0218183397945 
-0.00240720030755 0.0368936652968 0.323112395689 0.00470572623562 0.0010611861108 0.00283240436349 0.0468327526627 0.00744492011567 0.0110387297229 -0.0142317726562 0.0200946072228 -0.00497789751766 0.011735211413 0.0593928763849 0.00263888056658 0.000766536795837 0.00213799467828 0.0162694503518 0.00127134843837 0.00379179556359 0.0132733967492 0.0240454632642 0.0328287611317 0.0155833688241 0.0651775380233 -0.000831961904618 0.0252134588797 0.00931849232437 0.0057024544866 0.0195539219208 -0.0184675213216 0.108395493899 0.0160777989657 0.00821464166772 0.124910419245 0.128938471973 0.0832961269362 0.00547772798452 -0.00067487020319 0.0138442635218 
0.00893803601721 0.013954530574 0.00470572623562 0.492565741859 0.00985135821825 0.0144131668248 -0.00677182106518 0.0139707940569 0.0108884239986 0.01654809116 0.0455425749632 0.0238019833629 0.017820297723 0.0173922210265 0.00311141909825 0.00203121021758 0.0104058252019 0.0271441366659 0.016677301342 0.00829832548015 0.014589422287 0.0323532786258 0.0093792315451 0.00900421528597 0.0332011815393 0.0335449950938 -0.00260455437328 0.0377379040207 0.037630855963 0.0232635613763 0.0298023491323 0.01526341095 0.01097736575 0.0141717762735 0.017092494724 0.0138515637405 0.000633403032906 0.00605775225588 0.0289460070958 0.0177968279984 
0.0204117409416 0.0243984045612 0.0010611861108 0.00985135821825 0.611438409051 0.0108199545355 0.0190303128406 0.0254375286005 0.0105299812835 0.0199251300674 0.0398720056721 0.0182483659751 0.0396609418208 0.0138261695833 0.011578340754 0.0243840685126 0.0268278952658 0.0229657244032 0.0295266805613 0.007888319239 0.0355754833894 0.0168019342346 -0.00528990622985 0.00575890059022 0.0219350974393 0.00400175849386 0.0168428506811 0.0319426454094 0.0187369901194 0.0059785975687 0.0455816294093 0.0169795525289 0.0346417991044 0.0348537201951 -0.00843744655976 0.00801336526587 -0.00435544915948 0.0231915767471 0.0163858353323 0.0290661537798 
0.0114743775634 0.0104467965778 0.00283240436349 0.0144131668248 0.0108199545355 0.220739470399 0.0205311250098 0.015839384242 0.0232576337775 0.0064447248092 0.0208508711846 0.0124608185701 0.0107289145616 0.0157186196715 0.0154110646699 -0.00130147429897 0.00105143535485 0.0055411195725 0.00623757623805 -0.0065226569146 0.00264115525684 0.007286226445 0.00305205225924 0.00286223514733 0.0211041339166 0.00666218636291 0.0149023280571 -0.000126072577863 0.00780930934764 0.0173411589341 0.0331824698058 5.9759836134e-05 0.0120941134703 0.0257676069676 0.0192831784692 0.00768206683954 0.0163705896679 0.0111586039277 0.0114005334344 0.0161680954402 
0.00616838527718 0.0142339099072 0.0468327526627 -0.00677182106518 0.0190303128406 0.0205311250098 0.265465688038 0.0202091762843 0.0166647544789 0.0185037500869 0.0207570544772 0.00974972472669 0.00442737857547 -0.0106136623474 0.0162708521292 0.0179450602138 0.00500630714681 0.0202564259798 0.0299891116021 0.0174334760692 0.0104289193759 0.023792086252 0.0288221530474 0.00734307291474 0.00843757032059 0.0192169384348 0.0549003649558 0.0168896392655 0.0159278498598 0.0142387224444 0.00769807624889 0.0206971498012 0.0272236609822 0.00979275322296 0.0487394905897 0.0452953339787 0.0286677569587 0.00496885888163 0.0124861928147 0.00644585574729 
0.00616724923008 0.00823837402541 0.00744492011567 0.0139707940569 0.0254375286005 0.015839384242 0.0202091762843 0.512601433562 0.01374533055 0.0134840088561 0.00452906579389 0.0155111655678 0.025855219635 0.015800700127 0.00483946073942 -0.000823962382788 0.0201906338549 0.0125981005699 0.0191578220319 0.01214960236 0.111289614963 0.0195542393014 0.0137512055249 0.013937266508 0.0244394647902 0.000140861016501 0.0133133719401 0.0190596239937 0.0127144025433 0.0103958605539 0.0591822434763 0.0264766973394 0.0268435935416 0.00713270611549 0.00799457451341 0.00951189247983 0.00767750755729 0.0216566518547 0.014274818307 0.0289855790084 
0.00364925606967 -0.00544024375421 0.0110387297229 0.0108884239986 0.0105299812835 0.0232576337775 0.0166647544789 0.01374533055 0.311545072278 0.00731841372851 0.00566099538121 0.000165804223569 0.00939826341519 0.0104088898626 0.00853139006107 0.000550683063861 0.0013491427658 0.00692194117006 0.0287969786625 -0.00675442213185 -0.000686432239473 0.00235608326993 0.0166924335455 0.00937533976744 0.0249506915879 0.0138885272816 0.0185983992767 0.014563128301 0.006854332399 0.00544097905199 0.0368377927078 0.0127569775353 0.00565855964799 0.00773348314708 0.0147435902035 0.0017141438106 0.00900561686136 0.0176529489791 0.0114281401628 0.0136695700113 
0.0194229111556 0.0159415194821 -0.0142317726562 0.01654809116 0.0199251300674 0.0064447248092 0.0185037500869 0.0134840088561 0.00731841372851 0.302684118598 0.0248209920219 0.0147840699416 0.0274340081263 0.021914203741 0.00869955413797 0.00800070082114 0.0250348832254 0.0423961782957 0.00697629820379 0.00961246027468 0.00949971960194 0.0157114997729 0.00894592980185 0.00335924199971 0.0316904583978 0.0177489462175 0.0233832785133 0.0272194720671 0.0364005456936 0.0184401220479 0.0172916572575 0.0202575035768 0.0412714151008 0.054748352242 0.0111155743384 0.025357114033 0.00356614184862 0.0207698691151 0.00581074760929 0.0143377961585 
0.0206809500426 0.0277567801505 0.0200946072228 0.0455425749632 0.0398720056721 0.0208508711846 0.0207570544772 0.00452906579389 0.00566099538121 0.0248209920219 0.366150308684 0.0175962836248 0.0266343887308 0.0462360530024 0.0189898972806 0.0301742494289 0.0145025478931 0.0196894074798 0.0102754355978 0.0145183586765 0.0252221257074 0.0216844331316 0.0201192698487 0.0446569019692 0.0741292424349 0.0084975049554 0.00865889421711 0.0314734456768 0.0203489532789 0.026452592836 0.0261811534071 0.0265316510608 0.0563389990052 0.0322126390963 0.0334074409862 0.0214195869886 0.0187533795427 0.0428586368085 0.00867729299358 0.0333153028691 
0.00240095217997 0.0160090287948 -0.00497789751766 0.0238019833629 0.0182483659751 0.0124608185701 0.00974972472669 0.0155111655678 0.000165804223569 0.0147840699416 0.0175962836248 0.318766884511 0.0275483907514 0.0168886379486 0.00585548103995 0.0102853081227 0.0171707118305 0.0265447833426 0.0144061738726 0.0148955179134 0.0277130390824 0.0262275730102 0.00688480403855 0.0257110002707 0.0270635567042 0.00566710693494 -0.00225424324348 0.0759501829355 0.0219517311039 0.0450411663164 0.0165243259335 0.00132762622866 0.0333331083605 0.0188303691632 0.0369783921567 -0.00147541003358 0.010982187428 0.0106833997545 0.00960531350179 0.0838993518834 
0.0168595295548 -0.00349194880625 0.011735211413 0.017820297723 0.0396609418208 0.0107289145616 0.00442737857547 0.025855219635 0.0093982634152 0.0274340081263 0.0266343887308 0.0275483907514 0.48834265675 0.0235612228379 0.015196019025 0.0171536803794 0.0153697061137 0.0352225382281 0.0164686745058 0.00430997568473 0.017560331265 0.00651099076082 0.0187386876378 0.0179429911945 0.026292071557 0.0277402296599 -0.00771171707546 0.0374002188077 0.0297132081725 0.0335556241877 -0.0143822789403 0.0187291343381 0.0168142737774 0.0457901496493 0.00445147983877 -0.00597446314393 0.013922256018 0.0137848366335 0.0140869648197 0.0306394237904 
0.0195377263263 0.0171396554894 0.0593928763849 0.0173922210265 0.0138261695833 0.0157186196715 -0.0106136623474 0.015800700127 0.0104088898626 0.021914203741 0.0462360530024 0.0168886379486 0.0235612228379 0.282238066896 0.00597314323614 0.00386098719236 0.0316044396526 0.0153654133994 0.0205284074009 0.00404764023165 0.0124783449699 0.0172289573218 0.0264634543941 0.0527688280798 0.0785025360528 0.00688313875346 0.00823842438075 0.0423846602281 0.0317627042687 0.0372090066058 0.00859228537684 0.0301312783305 0.0173986190343 0.023802957165 0.0149717573895 0.0211905080305 0.0212195975352 0.0209294743159 -0.00329335445507 0.0327783498546 
0.0131607781026 -0.000750102115556 0.00263888056658 0.00311141909825 0.011578340754 0.0154110646699 0.0162708521292 0.00483946073942 0.00853139006107 0.00869955413797 0.0189898972806 0.00585548103995 0.015196019025 0.00597314323614 0.243740341268 0.0595365131214 0.00834747415622 0.00519102777156 0.0173075917441 -0.00364267050594 0.00877797612016 0.00764120014419 0.00154533836577 0.00493570023194 0.0101879388009 0.0123924486142 0.00773064439275 0.0139806083028 0.0163981969646 0.0125667148972 0.00849191707601 -0.00057260114371 0.000533500927913 -0.00550544289087 0.00929899334839 0.0076340474892 0.0111653984794 0.0292625380973 0.00593610102 0.00757654263587 
0.0100556275475 -0.00508114538295 0.000766536795837 0.00203121021758 0.0243840685126 -0.00130147429897 0.0179450602138 -0.000823962382789 0.000550683063861 0.00800070082114 0.0301742494289 0.0102853081227 0.0171536803794 0.00386098719236 0.0595365131214 0.496822182004 -0.00378743297348 0.00415161343063 0.0103153952779 0.00586817368581 -0.0112844616804 0.0203411755931 0.0156792593369 0.0057876746503 0.0130907697923 0.000906912784695 0.0190864842622 0.03683507849 0.00956642437608 0.00558320223675 0.000555537396923 0.0198626357027 0.0217202441228 0.0318586159279 0.0204787275033 0.0253673714821 0.0239098343267 0.00629188574959 0.00285352043449 -0.00592037199639 
0.000526383673575 -0.00125565440607 0.00213799467828 0.0104058252019 0.0268278952658 0.00105143535485 0.00500630714681 0.0201906338549 0.0013491427658 0.0250348832254 0.0145025478931 0.0171707118305 0.0153697061137 0.0316044396526 0.00834747415622 -0.00378743297348 0.256991079675 0.0243050401929 0.0161740160958 0.00368465480639 0.0293786066318 0.0233565493668 0.0192518604443 0.0248403881216 0.0185296351222 0.0324087582544 -8.65079819796e-05 0.0328048899089 0.0130493373752 0.0348949300717 0.0100162803064 0.00435323386446 0.0439598398337 0.0138528248324 0.00494615532809 -0.00434008936579 -0.000648175716369 0.00300282000586 0.00987806504558 0.0335399368542 
0.0122672715611 -0.00180289956376 0.0162694503518 0.0271441366659 0.0229657244032 0.0055411195725 0.0202564259798 0.0125981005699 0.00692194117006 0.0423961782957 0.0196894074798 0.0265447833426 0.0352225382281 0.0153654133994 0.00519102777156 0.00415161343063 0.0243050401929 0.329297623632 0.0172968409844 0.0191031826108 0.0436394605314 0.0349606846129 0.020963780133 0.0119155575127 0.00904334602424 0.0233816279829 0.00292044144728 0.0276249802677 0.0343596805391 0.0186993607201 0.0160019209919 0.00935404266809 0.0190971657908 0.0460034519905 0.0101724659584 0.0231105170025 0.00874662622294 0.044040636519 -0.000164223609412 0.0343893527507 
0.0206111671452 0.0103992139362 0.00127134843837 0.016677301342 0.0295266805613 0.00623757623805 0.0299891116021 0.0191578220319 0.0287969786625 0.00697629820379 0.0102754355978 0.0144061738726 0.0164686745058 0.0205284074009 0.0173075917441 0.0103153952779 0.0161740160958 0.0172968409844 0.174145160849 0.00682581042685 0.0249264126077 0.0255352459956 0.0330951639752 0.0122111390347 0.0143138351505 0.00859848844086 0.0174165721892 0.0207387084226 0.0438931663579 0.0350303995862 0.00298706870787 0.00880548279194 0.0206683405474 0.0170456819793 0.0069743086464 -0.000965619677847 0.00673554211483 0.0122609433824 0.0172973523042 0.0106384016431 
0.0073562020456 0.0184467568018 0.00379179556359 0.00829832548015 0.007888319239 -0.0065226569146 0.0174334760692 0.01214960236 -0.00675442213185 0.00961246027468 0.0145183586765 0.0148955179134 0.00430997568473 0.00404764023165 -0.00364267050594 0.00586817368581 0.00368465480639 0.0191031826108 0.00682581042685 0.465123317953 0.012237458648 0.0613070095068 0.011588368529 0.0386035342614 0.0237972293199 0.00238028325593 0.0124250109238 0.011355447811 -0.00117000164535 0.0314217856384 0.0114735812305 0.00975289971022 0.003542729635 0.0154304322841 0.0311673523619 -0.00464516382926 0.00133938109826 0.00738346201789 -0.000232707442227 0.0385646040342 
0.016003428217 -0.0043761265858 0.0132733967492 0.014589422287 0.0355754833894 0.00264115525684 0.0104289193759 0.111289614963 -0.000686432239473 0.00949971960194 0.0252221257074 0.0277130390824 0.017560331265 0.0124783449699 0.00877797612016 -0.0112844616804 0.0293786066318 0.0436394605314 0.0249264126077 0.012237458648 0.488985204533 0.0358658967146 0.0257591830479 0.0217769599707 0.0419728575204 0.0176754460027 0.0197618270028 0.0361609139519 0.0230525191188 0.0294598798313 0.0278970054897 0.023993671283 0.0383789818517 0.0243878476606 0.0184056241002 0.0126485765951 0.0189993971059 0.0260185737409 0.000704403867352 0.037353789826 
0.0215988787515 0.0273759217789 0.0240454632642 0.0323532786258 0.0168019342346 0.007286226445 0.023792086252 0.0195542393014 0.00235608326993 0.0157114997729 0.0216844331316 0.0262275730102 0.00651099076083 0.0172289573218 0.00764120014419 0.0203411755931 0.0233565493668 0.0349606846129 0.0255352459956 0.0613070095068 0.0358658967146 0.252275484807 0.00964293316158 0.023436153445 0.0287974417611 0.0191599299696 0.0166875864124 0.00680691293207 0.0192305151536 0.0240859871624 0.00925869435511 0.0190121101528 0.0100840202072 0.0258519530653 0.000351590705919 0.00792287251194 0.0191383647436 0.0168218168981 0.0152467560114 0.0381837700455 
0.0191360981386 0.0291131662442 0.0328287611317 0.0093792315451 -0.00528990622985 0.00305205225924 0.0288221530474 0.0137512055249 0.0166924335455 0.00894592980185 0.0201192698487 0.00688480403855 0.0187386876378 0.0264634543941 0.00154533836577 0.0156792593369 0.0192518604443 0.020963780133 0.0330951639752 0.011588368529 0.0257591830479 0.00964293316158 0.254135211804 0.018217312711 0.0243435850268 0.0197981348571 0.0154160277335 0.0148967586207 0.0152902809645 0.0305269933651 0.00784008435788 0.0269351208825 0.0144209321787 0.0271273363026 0.0249002477656 0.0206260614553 0.0303158487307 0.00841421928095 0.0115879972272 0.014117407367 
0.0117839398168 0.0142316225124 0.0155833688241 0.00900421528597 0.00575890059022 0.00286223514733 0.00734307291474 0.013937266508 0.00937533976744 0.00335924199971 0.0446569019692 0.0257110002707 0.0179429911945 0.0527688280798 0.00493570023194 0.0057876746503 0.0248403881216 0.0119155575127 0.0122111390347 0.0386035342614 0.0217769599707 0.023436153445 0.018217312711 0.359595642834 0.0566280011721 0.0172774550762 0.00079312679768 0.084423315799 0.0126562089103 0.00898900555968 0.0419806662633 0.00966634007426 0.0664985499634 0.0200559532773 0.00943123314075 -0.0116273559408 0.00749704631973 -0.00310470328856 0.00408125536761 0.0319844784873 
0.0032442717405 0.00487048045288 0.0651775380233 0.0332011815393 0.0219350974393 0.0211041339166 0.00843757032059 0.0244394647902 0.0249506915879 0.0316904583978 0.0741292424349 0.0270635567042 0.026292071557 0.0785025360528 0.0101879388009 0.0130907697923 0.0185296351222 0.00904334602424 0.0143138351505 0.0237972293199 0.0419728575204 0.0287974417611 0.0243435850268 0.0566280011721 0.612657611706 0.0157577571879 0.0170931160553 0.0173698733651 0.00946579632851 -0.00107339348248 -0.00112138286724 0.0711804606924 0.034918699756 0.00985850899432 0.0675077534012 0.0933755481501 0.049424377877 0.025970670682 0.0155703808437 0.051198632802 
0.00792896636351 0.0115640338405 -0.000831961904619 0.0335449950938 0.00400175849386 0.00666218636291 0.0192169384348 0.000140861016501 0.0138885272816 0.0177489462175 0.0084975049554 0.00566710693494 0.0277402296599 0.00688313875346 0.0123924486142 0.000906912784694 0.0324087582544 0.0233816279829 0.00859848844086 0.00238028325593 0.0176754460027 0.0191599299696 0.0197981348571 0.0172774550762 0.0157577571879 0.232877683229 0.00480631830746 0.0135721483518 0.0247013613335 0.0237616948073 0.0124796977722 0.0148874603959 0.0251106498644 0.0143071736992 -0.00436443616311 -0.0108488396476 0.0142729024311 0.0120441061263 0.0192284567967 0.00869188316052 
0.00308682000913 0.00223057968143 0.0252134588797 -0.00260455437328 0.0168428506811 0.0149023280571 0.0549003649558 0.0133133719401 0.0185983992767 0.0233832785133 0.00865889421711 -0.00225424324348 -0.00771171707546 0.00823842438075 0.00773064439275 0.0190864842622 -8.65079819797e-05 0.00292044144728 0.0174165721892 0.0124250109238 0.0197618270028 0.0166875864124 0.0154160277335 0.00079312679768 0.0170931160553 0.00480631830746 0.157739833946 0.0259837743562 0.0149967424233 0.00964043197747 0.015186713867 0.0106489273876 0.0120511390018 0.0139465340901 0.0133462538686 0.0340768709687 0.0222749308501 0.00372106208006 0.0153640955681 0.00420357396961 
0.0129154973919 -0.0147414868372 0.00931849232437 0.0377379040207 0.0319426454094 -0.000126072577863 0.0168896392655 0.0190596239937 0.014563128301 0.0272194720671 0.0314734456768 0.0759501829355 0.0374002188077 0.0423846602281 0.0139806083028 0.03683507849 0.0328048899089 0.0276249802677 0.0207387084226 0.011355447811 0.0361609139519 0.00680691293207 0.0148967586207 0.084423315799 0.0173698733651 0.0135721483518 0.0259837743562 0.905727139179 0.00574740104449 0.0503969369871 0.0350198012116 0.0563802305319 0.0766910928043 0.0263143369515 0.038858130744 0.01800412666 0.020343420611 0.00939479465135 0.00341531269007 0.096090309333 
0.0265504557663 0.0122248774729 0.0057024544866 0.037630855963 0.0187369901194 0.00780930934764 0.0159278498598 0.0127144025433 0.006854332399 0.0364005456936 0.0203489532789 0.0219517311039 0.0297132081725 0.0317627042687 0.0163981969646 0.00956642437608 0.0130493373752 0.0343596805391 0.0438931663579 -0.00117000164535 0.0230525191188 0.0192305151536 0.0152902809645 0.0126562089103 0.00946579632851 0.0247013613335 0.0149967424233 0.00574740104449 0.211023584724 0.0268782602858 0.0103299407709 -0.000623511393817 0.0385603413882 0.0142405475741 0.0189758529056 0.00174230207702 0.0192550406731 0.0245070169454 0.0116586738333 0.00838372952878 
0.0883797899782 0.0181701314164 0.0195539219208 0.0232635613763 0.0059785975687 0.0173411589341 0.0142387224444 0.0103958605539 0.00544097905199 0.0184401220479 0.026452592836 0.0450411663164 0.0335556241877 0.0372090066058 0.0125667148972 0.00558320223675 0.0348949300717 0.0186993607201 0.0350303995862 0.0314217856384 0.0294598798313 0.0240859871624 0.0305269933651 0.00898900555968 -0.00107339348248 0.0237616948073 0.00964043197747 0.0503969369871 0.0268782602858 0.453982168578 0.0339272160257 0.00428683874739 0.0265483359566 0.0182192513683 -0.00083420823079 0.00431804361689 0.00576607927987 0.00238332891237 0.0142541531077 0.0410150115509 
0.00084159183174 0.0346142043074 -0.0184675213216 0.0298023491323 0.0455816294093 0.0331824698058 0.00769807624889 0.0591822434763 0.0368377927078 0.0172916572575 0.0261811534071 0.0165243259335 -0.0143822789403 0.00859228537684 0.00849191707601 0.000555537396923 0.0100162803064 0.0160019209919 0.00298706870787 0.0114735812305 0.0278970054897 0.00925869435511 0.00784008435788 0.0419806662633 -0.00112138286724 0.0124796977722 0.015186713867 0.0350198012116 0.0103299407709 0.0339272160257 0.533336867701 0.0101065590725 0.0280052500349 0.0105183887749 0.0110896900637 -0.00333209061131 -0.000777299367578 0.0174775677586 0.0122717327751 0.00884905083726 
-0.0138126080734 0.0159312462124 0.108395493899 0.01526341095 0.0169795525289 5.97598361343e-05 0.0206971498012 0.0264766973394 0.0127569775353 0.0202575035768 0.0265316510608 0.00132762622866 0.0187291343381 0.0301312783305 -0.00057260114371 0.0198626357027 0.00435323386446 0.00935404266809 0.00880548279194 0.00975289971022 0.023993671283 0.0190121101528 0.0269351208825 0.00966634007426 0.0711804606924 0.0148874603959 0.0106489273876 0.0563802305319 -0.000623511393818 0.00428683874739 0.0101065590725 0.459043196921 0.0272397236082 0.00594621708001 0.104377274192 0.114710835077 0.0685190424585 0.0145434487191 0.0100853185255 0.0308406598311 
0.015169800259 0.0050211001567 0.0160777989657 0.01097736575 0.0346417991044 0.0120941134703 0.0272236609822 0.0268435935416 0.00565855964799 0.0412714151008 0.0563389990052 0.0333331083605 0.0168142737774 0.0173986190343 0.000533500927913 0.0217202441228 0.0439598398337 0.0190971657908 0.0206683405474 0.003542729635 0.0383789818517 0.0100840202072 0.0144209321787 0.0664985499634 0.034918699756 0.0251106498644 0.0120511390018 0.0766910928043 0.0385603413882 0.0265483359566 0.0280052500349 0.0272397236082 0.430092010987 0.0257074778112 0.0121201481247 0.0183988254093 -0.00057348944516 0.0128295625728 0.00443364824568 0.0562563158672 
0.0117118909812 0.00966061583003 0.00821464166772 0.0141717762735 0.0348537201951 0.0257676069676 0.00979275322296 0.00713270611549 0.00773348314708 0.054748352242 0.0322126390963 0.0188303691632 0.0457901496493 0.023802957165 -0.00550544289087 0.0318586159279 0.0138528248324 0.0460034519905 0.0170456819793 0.0154304322841 0.0243878476606 0.0258519530653 0.0271273363026 0.0200559532773 0.00985850899432 0.0143071736992 0.0139465340901 0.0263143369515 0.0142405475741 0.0182192513683 0.0105183887749 0.00594621708001 0.0257074778112 0.299837638333 0.00167822437529 0.0134108741089 0.0142302412821 0.0233264831272 0.0196015198858 0.0335313521486 
-0.00879894056762 0.0175123454487 0.124910419245 0.017092494724 -0.00843744655976 0.0192831784692 0.0487394905897 0.00799457451342 0.0147435902035 0.0111155743384 0.0334074409862 0.0369783921567 0.00445147983877 0.0149717573895 0.00929899334839 0.0204787275033 0.00494615532809 0.0101724659584 0.0069743086464 0.0311673523619 0.0184056241002 0.000351590705919 0.0249002477656 0.00943123314075 0.0675077534012 -0.00436443616311 0.0133462538686 0.038858130744 0.0189758529056 -0.00083420823079 0.0110896900637 0.104377274192 0.0121201481247 0.00167822437529 0.581948472792 0.160734775821 0.0762080283333 -0.00690298112343 0.00438545834205 0.0263051044652 
-0.000227840025162 0.00652471686457 0.128938471973 0.0138515637405 0.00801336526587 0.00768206683954 0.0452953339787 0.00951189247983 0.0017141438106 0.025357114033 0.0214195869886 -0.00147541003358 -0.00597446314393 0.0211905080305 0.0076340474892 0.0253673714821 -0.00434008936579 0.0231105170025 -0.000965619677846 -0.00464516382926 0.0126485765951 0.00792287251195 0.0206260614553 -0.0116273559408 0.0933755481501 -0.0108488396476 0.0340768709687 0.01800412666 0.00174230207702 0.00431804361689 -0.00333209061131 0.114710835077 0.0183988254093 0.0134108741089 0.160734775821 0.372557194244 0.0760416983931 -0.0102123767855 0.000562435285382 0.00685003991089 
0.00399516264598 0.0110582361459 0.0832961269362 0.000633403032906 -0.00435544915948 0.0163705896679 0.0286677569587 0.00767750755729 0.00900561686136 0.00356614184862 0.0187533795427 0.010982187428 0.013922256018 0.0212195975352 0.0111653984794 0.0239098343267 -0.000648175716369 0.00874662622294 0.00673554211483 0.00133938109826 0.0189993971059 0.0191383647436 0.0303158487307 0.00749704631973 0.049424377877 0.0142729024311 0.0222749308501 0.020343420611 0.0192550406731 0.00576607927987 -0.000777299367577 0.0685190424585 -0.00057348944516 0.0142302412821 0.0762080283333 0.0760416983931 0.193081101094 0.0180833520632 0.00667673716535 0.00732173546928 
0.00610534742196 0.0129269324102 0.00547772798452 0.00605775225588 0.0231915767471 0.0111586039277 0.00496885888163 0.0216566518547 0.0176529489791 0.0207698691151 0.0428586368085 0.0106833997545 0.0137848366335 0.0209294743159 0.0292625380973 0.00629188574959 0.00300282000586 0.044040636519 0.0122609433824 0.00738346201789 0.0260185737409 0.0168218168981 0.00841421928095 -0.00310470328856 0.025970670682 0.0120441061263 0.00372106208006 0.00939479465135 0.0245070169454 0.00238332891237 0.0174775677586 0.0145434487191 0.0128295625728 0.0233264831272 -0.00690298112343 -0.0102123767855 0.0180833520632 0.211506234668 0.00996485489463 0.0245946232184 
0.0110104768372 0.00684652183124 -0.00067487020319 0.0289460070958 0.0163858353323 0.0114005334344 0.0124861928147 0.014274818307 0.0114281401628 0.00581074760929 0.00867729299358 0.00960531350179 0.0140869648197 -0.00329335445507 0.00593610102001 0.00285352043449 0.00987806504558 -0.000164223609412 0.0172973523042 -0.000232707442227 0.000704403867352 0.0152467560114 0.0115879972272 0.00408125536761 0.0155703808437 0.0192284567967 0.0153640955681 0.00341531269007 0.0116586738333 0.0142541531077 0.0122717327751 0.0100853185255 0.00443364824568 0.0196015198858 0.00438545834205 0.000562435285382 0.00667673716535 0.00996485489463 0.142308484393 0.00868437986209 
0.0170590816311 0.0218183397945 0.0138442635218 0.0177968279984 0.0290661537798 0.0161680954402 0.00644585574729 0.0289855790084 0.0136695700113 0.0143377961585 0.0333153028691 0.0838993518834 0.0306394237904 0.0327783498546 0.00757654263587 -0.00592037199639 0.0335399368542 0.0343893527507 0.0106384016431 0.0385646040342 0.037353789826 0.0381837700455 0.014117407367 0.0319844784873 0.051198632802 0.00869188316052 0.00420357396961 0.096090309333 0.00838372952878 0.0410150115509 0.00884905083726 0.0308406598311 0.0562563158672 0.0335313521486 0.0263051044652 0.00685003991089 0.00732173546928 0.0245946232184 0.00868437986209 0.327642198996 

['FRE', 'MRK', 'COP', 'HSP', 'DRI', 'CCE', 'EIX', 'MCO', 'SVU', 'WEN', 'CMI', 'ADI', 'SBUX', 'AA', 'RRD', 'AES', 'FDC', 'BBBY', 'KEY', 'SYMC', 'ERTS', 'CMCSA', 'PRU', 'NSC', 'PD', 'ALL', 'AEP', 'AMD', 'WM', 'FNM', 'F', 'WFT', 'A', 'MCD', 'VLO', 'XTO', 'XOM', 'GCI', 'K', 'MXIM']