20
0.0739523233915 0.0367752030525 0.133327922328 0.0348883512333 0.0396471392927 0.106366385329 0.275379497042 0.22311845274 0.0235207120966 0.00873698993333 0.0285158318856 0.136312174374 0.0501755430095 0.0698927007 0.0861911318708 0.148705689344 0.0168064994581 0.119859861498 0.158041803894 0.0988670942005 
0.505079311531 0.0186785379703 0.0214066244312 0.0273342293949 0.0351556155284 0.0318716135651 -0.00812340023561 0.0714404588045 0.0211759191919 0.0252189871063 0.0136808799738 -0.00732547321949 0.0139276295435 0.0482697431021 0.030620819009 0.0336626371797 0.00912841315715 0.0520118749627 0.0343347903629 0.0671094127257 
0.0186785379703 0.264480010587 0.00505786751454 0.0213217249245 0.00136821012446 -0.0046431713599 0.00149396637635 0.0208575900203 0.00152431657288 0.0175208035913 0.00394370496106 -0.000885336218964 0.0258440582682 0.0400430835614 0.019736994064 0.0177180675534 0.0207383983492 0.0202780251627 0.00691256343786 0.0245054902726 
0.0214066244312 0.00505786751454 0.834071738311 0.0223401288165 0.0286180772115 0.0171462667924 -0.026110194707 0.0532406975872 -0.00164389531541 0.00261140630636 0.0197488428641 -0.0216973985115 0.00940117555158 0.0179438500513 0.0360809725723 0.00191617911744 0.00151547830702 -0.00625938864396 0.0175535238471 0.0155860749714 
0.0273342293949 0.0213217249245 0.0223401288165 0.339954697199 0.0304206956669 0.0421899004816 -0.0170354538916 0.0400932915114 0.0156474435944 0.016999652353 0.015916013339 -0.0161414586188 0.0317838807302 0.0405289783786 0.038608305179 0.0155690191788 0.0215469785697 0.0308006698295 0.0184948775414 0.0242014347781 
0.0351556155284 0.00136821012445 0.0286180772115 0.0304206956669 0.265107175878 0.0646901729458 0.04526292732 0.014331623513 0.0214731672626 0.0114041403691 0.0655468238675 0.00258911388745 0.0112636102089 0.0112312943033 0.0467294912262 0.0287648920239 0.0123164649549 0.00102144853942 0.0250618936157 0.0394595393092 
0.0318716135651 -0.0046431713599 0.0171462667924 0.0421899004816 0.0646901729458 0.470193156129 -0.0127710139912 0.0460273509451 0.00689974723995 0.0041435516597 0.0678100518363 0.00801692000471 0.0290186388759 0.0277261626009 0.0400051752916 0.0216902643734 0.00696775228902 0.022872442483 0.011307284493 0.0317361795823 
-0.00812340023561 0.00149396637635 -0.026110194707 -0.0170354538916 0.04526292732 -0.0127710139912 4.09519740087 -0.00946310883584 -0.00519028061726 -0.00215127076066 -0.000410858923373 -0.0118901688154 -0.00422459607699 -0.0142045954506 -0.00734997609103 -0.0237235331246 0.00276843775266 -0.0262012644118 -0.0142288359512 -0.0153550851321 
0.0714404588045 0.0208575900203 0.0532406975872 0.0400932915114 0.014331623513 0.0460273509451 -0.00946310883584 0.906944957918 -0.000140498166299 0.00905974261398 0.0369103477669 -0.00837457547687 0.016169548407 0.0496989112665 0.0513197053865 0.0943560588327 -0.0106117664722 0.12186479078 0.0360616011595 0.0822834933665 
0.0211759191919 0.00152431657288 -0.00164389531541 0.0156474435944 0.0214731672626 0.00689974723995 -0.00519028061726 -0.000140498166299 0.223232757666 0.0224735722779 0.0150285455411 -0.00428925871344 0.0219293221713 0.020326995587 0.00869261335412 0.00977096165622 0.00988242950327 0.0171617595536 0.0163777767616 0.0509373697212 
0.0252189871063 0.0175208035913 0.00261140630636 0.016999652353 0.0114041403691 0.0041435516597 -0.00215127076066 0.00905974261398 0.0224735722779 0.118215930185 0.0105798064754 -0.0145253209445 0.00875248055216 0.0203033728835 0.0131896528105 0.0208044862342 0.0236916175233 0.0129017588421 0.0082278147977 0.020534128493 
0.0136808799738 0.00394370496106 0.0197488428641 0.015916013339 0.0655468238675 0.0678100518363 -0.000410858923373 0.0369103477669 0.0150285455411 0.0105798064754 0.200482859495 0.00131683292184 0.013013495764 0.00226047196645 0.0295473785565 0.0145096535292 0.0121778793893 0.0042903323647 0.00979361743506 0.00434804089476 
-0.00732547321949 -0.000885336218965 -0.0216973985115 -0.0161414586188 0.00258911388745 0.00801692000471 -0.0118901688154 -0.00837457547688 -0.00428925871344 -0.0145253209445 0.00131683292184 1.94261574518 -0.0137683539361 -0.00291111890179 -0.0108279274631 -0.0152493972298 -0.0143033896276 -0.0154984166083 -0.0114113083722 0.0347850715915 
0.0139276295435 0.0258440582682 0.00940117555158 0.0317838807302 0.0112636102089 0.0290186388759 -0.00422459607699 0.016169548407 0.0219293221713 0.00875248055216 0.013013495764 -0.0137683539361 0.32781724981 0.0459009699318 0.0329100717761 0.0317337386302 0.00321001635545 0.00951772447876 0.0213030740825 0.022018410911 
0.0482697431021 0.0400430835614 0.0179438500513 0.0405289783786 0.0112312943033 0.0277261626009 -0.0142045954506 0.0496989112665 0.020326995587 0.0203033728835 0.00226047196645 -0.00291111890179 0.0459009699318 0.455730233501 0.0163742549376 0.0462498438355 0.0147514586998 0.0263396498164 0.00378058199803 0.0502912926624 
0.030620819009 0.019736994064 0.0360809725723 0.038608305179 0.0467294912262 0.0400051752916 -0.00734997609103 0.0513197053865 0.00869261335412 0.0131896528105 0.0295473785565 -0.0108279274631 0.0329100717761 0.0163742549376 0.403862280745 0.0483466831684 0.0157609228906 0.0746500660103 0.0306130536691 0.049636354639 
0.0336626371797 0.0177180675534 0.00191617911743 0.0155690191788 0.0287648920239 0.0216902643734 -0.0237235331246 0.0943560588327 0.00977096165622 0.0208044862342 0.0145096535292 -0.0152493972298 0.0317337386302 0.0462498438355 0.0483466831684 0.644527256549 0.0214570323352 0.0263292743814 0.0268304394154 0.0702940059657 
0.00912841315715 0.0207383983492 0.00151547830702 0.0215469785697 0.0123164649549 0.00696775228902 0.00276843775266 -0.0106117664722 0.00988242950327 0.0236916175233 0.0121778793893 -0.0143033896276 0.00321001635545 0.0147514586998 0.0157609228906 0.0214570323352 0.217445999638 0.048310278919 0.00744459672373 0.0219088054019 
0.0520118749627 0.0202780251627 -0.00625938864396 0.0308006698295 0.00102144853942 0.022872442483 -0.0262012644118 0.12186479078 0.0171617595536 0.0129017588421 0.0042903323647 -0.0154984166083 0.00951772447876 0.0263396498164 0.0746500660103 0.0263292743814 0.048310278919 0.519119621209 0.0339289904837 0.068667820784 
0.0343347903629 0.00691256343786 0.0175535238471 0.0184948775414 0.0250618936157 0.011307284493 -0.0142288359512 0.0360616011595 0.0163777767616 0.0082278147977 0.00979361743506 -0.0114113083722 0.0213030740825 0.00378058199803 0.0306130536691 0.0268304394154 0.00744459672373 0.0339289904837 1.03688638817 0.0208835446144 
0.0671094127257 0.0245054902726 0.0155860749714 0.0242014347781 0.0394595393092 0.0317361795823 -0.0153550851321 0.0822834933665 0.0509373697212 0.020534128493 0.00434804089476 0.0347850715915 0.022018410911 0.0502912926624 0.049636354639 0.0702940059657 0.0219088054019 0.068667820784 0.0208835446144 0.495348166436 

['LU', 'ABT', 'ADCT', 'BDK', 'EIX', 'DVN', 'RSH', 'AMD', 'CCE', 'KO', 'D', 'KMI', 'MHP', 'TXT', 'HPQ', 'MU', 'SLM', 'CTXS', 'ADBE', 'TER']