20
0.0331056926512 0.123612909007 0.0125032911957 0.0304896250645 0.0952892642352 0.0933125666969 0.0265727047954 0.0743289823458 0.0540864966038 0.0253425298527 0.0210054402465 0.101481112582 0.0316848802341 0.125871369107 0.185879968849 0.041097516798 0.110783759143 0.0784336943662 0.0427797721554 0.0367752030525 
0.22643368548 0.00771668597502 -0.00492216221262 -0.00134024313197 0.0131151699661 0.0109791781008 0.00944469333036 0.0382167216999 0.0223037486056 0.0135162196078 0.0145220973634 0.0164046410016 0.0212306195121 -0.00990839046529 0.0477469559072 0.0350708833304 0.0211357952718 0.0235017598231 0.0397895269735 0.0117507663521 
0.00771668597502 1.04658953639 0.000409776094648 -0.00192008264433 -0.0128939965761 -0.0126325400484 -0.00428071792401 0.0127531638167 0.00999645254782 0.00360152448392 0.00541598221176 0.0111715133905 0.0306893823545 0.0287864840979 0.0273432687749 -0.00572550432314 0.0216583852431 -0.0186299631535 -0.0112367341771 0.0174322172764 
-0.00492216221262 0.000409776094648 0.292868981327 0.0062866605075 0.00827865671567 -0.0100954463951 0.0347135220778 0.043469515455 -0.00426734711988 0.0110783095452 0.00157345370132 0.0130367131354 0.0182991440693 0.0278689671739 0.00984813256614 0.00103305664923 0.0261990562067 0.00465716881903 0.0165826968239 0.0316468537675 
-0.00134024313197 -0.00192008264433 0.0062866605075 0.216718833725 0.0116290920131 -0.000814830802227 0.0194272534905 0.0235575823212 -0.00135105256299 0.00778123258115 0.020632225976 -0.0029794547127 0.0132379621018 0.00966198875737 0.00304357514887 0.00945390498604 0.0298910945606 0.0150806240073 0.0171693466716 0.0183762976295 
0.0131151699661 -0.0128939965761 0.00827865671567 0.0116290920131 0.51641023748 0.00745755639347 0.0281043214405 0.026950219369 -0.00817743837218 0.00575094797352 0.00387014627865 0.00941323722774 0.0199191734756 0.0224598189118 0.0349313790597 0.0234096345108 0.0210851865508 0.00475672322345 0.0433855667786 0.0243553489162 
0.0109791781008 -0.0126325400484 -0.0100954463951 -0.000814830802227 0.00745755639347 0.998351523667 0.0102443503907 0.0263010509524 -0.00911611567724 0.00385299165519 0.0188250268046 9.5765527467e-05 -0.0038486574593 -0.0123578696599 0.018629336232 0.0295211968193 0.0128581597585 0.0757428526368 0.0143863170196 -0.00384867003688 
0.00944469333036 -0.00428071792401 0.0347135220778 0.0194272534905 0.0281043214405 0.0102443503907 0.212023448783 0.0371270844517 0.0152338265761 0.00794317427291 0.00292787229677 0.015552171084 0.0488115381109 0.00225423501001 0.0127111326374 0.0292535663227 0.02950639093 0.0177470170958 0.0297891033878 0.0161587052509 
0.0382167216999 0.0127531638167 0.043469515455 0.0235575823212 0.026950219369 0.0263010509524 0.0371270844517 0.344265927787 0.0416364518326 0.0446411195384 0.000968007515307 0.00814849152707 0.0412674818573 0.0111145222383 0.0665726310761 0.0522892234285 0.077732677178 0.0318415485866 0.048531452814 0.0375995174795 
0.0223037486056 0.00999645254782 -0.00426734711988 -0.00135105256299 -0.00817743837218 -0.00911611567724 0.0152338265761 0.0416364518326 0.397079100961 0.0216791883055 0.00159697386686 0.00337717981778 0.0104377317214 -0.0106523355067 0.0362616478686 0.0259155469849 0.0332375851999 0.01384604771 0.0160810297271 0.0206332595964 
0.0135162196078 0.00360152448392 0.0110783095452 0.00778123258115 0.00575094797352 0.00385299165519 0.00794317427291 0.0446411195384 0.0216791883055 0.200780475037 0.0222321894669 0.0170101266342 0.0184523323855 0.00449861401417 0.0264417427584 0.0096935280586 0.0345553805804 0.0138841846671 0.00804153667105 0.0336631838673 
0.0145220973634 0.00541598221176 0.00157345370132 0.020632225976 0.00387014627865 0.0188250268046 0.00292787229677 0.000968007515307 0.00159697386686 0.0222321894669 0.136107905301 -0.00439787452786 0.0137589560736 -0.00303504221939 0.00464669011693 0.0167213403607 0.00544412363623 0.0106192175973 0.0109750256373 0.00070988704991 
0.0164046410016 0.0111715133905 0.0130367131354 -0.0029794547127 0.00941323722774 9.5765527467e-05 0.015552171084 0.00814849152707 0.00337717981778 0.0170101266342 -0.00439787452786 0.927859364867 0.0066635662259 0.000483806905764 0.0228395832277 0.016033519845 0.0614333213644 0.00998474408488 0.00181869695309 0.00547242025328 
0.0212306195121 0.0306893823545 0.0182991440693 0.0132379621018 0.0199191734756 -0.0038486574593 0.0488115381109 0.0412674818573 0.0104377317214 0.0184523323855 0.0137589560736 0.0066635662259 0.167367293675 0.00898417050585 0.0527658733849 0.0448147130009 0.042342030482 0.008782368221 0.0284236319166 0.0127788645264 
-0.00990839046529 0.0287864840979 0.0278689671739 0.00966198875737 0.0224598189118 -0.0123578696599 0.00225423501001 0.0111145222383 -0.0106523355067 0.00449861401417 -0.00303504221939 0.000483806905765 0.00898417050585 0.846042261738 0.0347858091742 -0.00104434452951 0.0293885111271 -0.00277613417176 0.0245322704572 0.00193639417725 
0.0477469559072 0.0273432687749 0.00984813256614 0.00304357514887 0.0349313790597 0.018629336232 0.0127111326374 0.0665726310761 0.0362616478686 0.0264417427584 0.00464669011693 0.0228395832277 0.0527658733849 0.0347858091742 0.663024606831 0.0406937984751 0.0755332784823 0.0188524524218 0.0799826274632 0.00309197606371 
0.0350708833304 -0.00572550432314 0.00103305664923 0.00945390498604 0.0234096345108 0.0295211968193 0.0292535663227 0.0522892234285 0.0259155469849 0.0096935280586 0.0167213403607 0.016033519845 0.0448147130009 -0.00104434452951 0.0406937984751 0.257539165801 0.031685443565 0.0202254671047 0.0223135390259 0.0200440463037 
0.0211357952718 0.0216583852431 0.0261990562067 0.0298910945606 0.0210851865508 0.0128581597585 0.02950639093 0.077732677178 0.0332375851999 0.0345553805804 0.00544412363623 0.0614333213644 0.042342030482 0.0293885111271 0.0755332784823 0.031685443565 0.500786151331 0.0347948504604 0.0610421652981 0.0275110953637 
0.0235017598231 -0.0186299631535 0.00465716881903 0.0150806240073 0.00475672322345 0.0757428526368 0.0177470170958 0.0318415485866 0.01384604771 0.0138841846671 0.0106192175973 0.00998474408488 0.008782368221 -0.00277613417176 0.0188524524218 0.0202254671047 0.0347948504604 0.368442771384 0.0280483106942 0.0226209089692 
0.0397895269735 -0.0112367341771 0.0165826968239 0.0171693466716 0.0433855667786 0.0143863170196 0.0297891033878 0.048531452814 0.0160810297271 0.00804153667105 0.0109750256373 0.00181869695309 0.0284236319166 0.0245322704572 0.0799826274632 0.0223135390259 0.0610421652981 0.0280483106942 0.287348192942 0.0154216043166 
0.0117507663521 0.0174322172764 0.0316468537675 0.0183762976295 0.0243553489162 -0.00384867003688 0.0161587052509 0.0375995174795 0.0206332595964 0.0336631838673 0.00070988704991 0.00547242025328 0.0127788645264 0.00193639417725 0.00309197606371 0.0200440463037 0.0275110953637 0.0226209089692 0.0154216043166 0.261326180549 

['SRE', 'UIS', 'DG', 'HNZ', 'JCI', 'GT', 'SAFC', 'LEH', 'GENZ', 'LLY', 'PEP', 'CSCO', 'PFG', 'CVG', 'X', 'PRU', 'FSL.B', 'MHS', 'EMN', 'ABT']