60
0.0525709156995 0.0426672552596 0.0146510565804 0.0267221777707 0.0743289823458 0.0486003975036 0.136312174374 0.0128714932266 0.0722101641432 0.0479675113811 0.0589662330248 0.0870342926162 0.041097516798 0.0843714281037 0.0151091702759 0.0447966226616 0.116671338284 0.0384738749472 0.0248608942987 0.208286894217 0.251790956204 0.163811268696 0.0261881624723 0.029419367 0.0335319673985 0.0754225878746 0.0235207120966 0.0285158318856 0.0113752176021 0.0782010317916 0.0487859931196 0.114457978761 0.0698927007 0.0377989606714 0.0290232005544 0.0348883512333 0.0331056926512 0.0549811443135 0.0144645316835 0.239728898705 0.02473804396 0.147407151382 0.0223482457603 0.0265727047954 0.0373994541978 0.022286409141 0.005148759701 0.0124927962784 0.199130076205 0.0651633165571 0.107238949757 0.0248078828137 0.15397042743 0.0690415105338 0.128222495688 0.0449680709256 0.0538205376978 0.0412963652708 0.0442318588416 0.142835786571 
0.315738548771 0.0128198409598 0.00687494456332 0.00808871053437 0.0409997124833 0.020767801667 -0.0136444352679 -0.00677739469874 0.0331814853731 0.023007923042 0.00810299371865 0.0267314656684 0.0102493879289 0.0431020883713 0.0064469779467 0.0291504885878 0.0261122556377 0.00566762982975 0.021163235952 0.0376417326838 0.0218941535796 -0.00119150641393 0.0133861884665 0.0126263558398 0.0245077148416 0.00837036168187 -0.00227562600296 0.00778282394145 0.00850969104682 0.0217641454146 0.0106387386033 0.0104473625823 0.0444181551104 0.0293649447064 0.0299498235118 0.0387698491834 0.00121188123445 0.0115184808146 0.00676072775213 0.0407773481838 -0.000914525811796 -0.00103635136113 0.0181819446046 0.0207964551173 0.0243792697581 0.0136761693516 -0.00512055682763 0.00908791543308 0.0253337796614 9.76671705624e-05 0.0376388288867 -0.000368271421482 0.00701201343657 0.0163018500628 0.0166527361273 0.00221953116003 0.0102384982919 0.00391065948383 0.0278145549172 0.025773031884 
0.0128198409598 0.201122651998 0.0182590378405 0.0281250629519 0.0245339595387 0.00173202115661 0.00447296827309 -0.00422561864156 0.0233037748807 0.0183750487678 0.0180507804004 0.0169058341438 0.0218374492761 0.0131131187807 0.00949836537232 0.0242562190938 0.0142099549107 0.0209192760753 0.0255293744666 0.0178146293107 0.00819713664714 -0.00204712782539 0.0133191489036 0.02317878296 0.0178788871312 0.0207266974221 0.0163180335012 0.0114283538214 0.014637513569 0.0130938262654 0.000166311378471 0.00867075530188 0.0136122517096 0.0194770532002 0.000686294665956 0.0168463792763 0.0327666028491 0.0120366980503 0.00608813196893 0.0168677833298 0.0128132986904 0.0156627405072 0.0274929647513 0.00601475190746 0.0163675156627 0.00502613253574 0.0121133063963 0.0252602935179 0.0139504154893 0.0182451629298 0.0208069431757 0.0131463514109 0.0201444418477 0.0180605621274 0.022837525145 0.0170603481648 0.0336452711173 0.00744353658522 0.0318031126316 0.0362422825232 
0.00687494456332 0.0182590378405 0.145822386034 0.00955293614703 0.0159395562571 0.00922151892945 -0.00431416187628 0.0215692264487 0.00795627464101 0.0159009960289 0.0107659600691 0.0238639230473 0.010084410185 -0.00573449520981 0.0161909968874 0.0197266503601 0.00659310972915 0.0100476008629 0.0116858873838 0.0118161518528 0.00230095528179 0.00622761961081 0.0121398676215 0.00941945442338 0.0185568610056 0.0256550018768 0.00783048812432 0.00465716065096 0.00885404878361 0.0113991789942 0.0163592683883 -0.0113690637281 0.0172944820614 0.013179642357 0.00814662472646 0.00651976059864 0.00412706090649 0.0089113677421 0.0136285989754 0.0183497678083 0.00785290494666 -0.00464319349665 0.0127043269808 0.0152767969602 0.0104848053218 0.00681846069879 0.0112290633945 0.0136866116335 0.0104327618212 0.00546766034756 0.00965987234296 0.0230194473444 -0.00370127847567 0.0212628099431 0.0121090002095 0.0106198676529 0.0277294758203 0.0118835393709 0.0147173817476 0.000283366424204 
0.00808871053437 0.0281250629519 0.00955293614703 0.17486603795 0.025403504464 0.00192455198281 0.00273301081884 0.00512400029975 0.00642506624706 0.0109739993179 0.00581726166354 0.01176828765 0.025842791657 0.0172503042753 0.00596500452641 0.0161187550806 0.00947446110301 0.00989419954449 0.025040272792 0.0021035077581 0.00724349497385 0.00922358539395 0.0018257186936 0.0321758108735 0.0108695306961 0.0105164054586 0.013627588577 0.0421399263813 0.0135786160141 0.0042453179311 0.00584663550759 0.0340461410554 0.0140868720288 0.0117641201199 0.0137373273751 0.0238254824688 0.033614648955 0.00949680561101 0.0144230485948 0.0297236321952 0.0267165644669 0.0256959125989 0.025139971449 0.0269490818219 0.0142692186959 0.0174172241231 0.00169929562079 0.017608106137 0.0217223371696 0.0365310889951 0.0119689407496 0.0170178329848 0.0148516876609 0.0178731253328 0.0233431816343 0.0232698215427 0.0328781231886 0.0129839849347 0.0177734599527 0.00717323537157 
0.0409997124833 0.0245339595387 0.0159395562571 0.025403504464 0.293753109435 0.0224248018121 -0.00980930286265 0.000772079385713 0.0302762100041 0.029708789798 0.0354858838203 0.0568917751851 0.0406265695568 0.00845748056383 0.0167643134868 0.0296465198979 0.025693980087 0.0103607062871 0.0405257358904 0.0457792727089 0.0100959099381 0.00841772337541 0.0193837766447 0.0163717576121 0.0350791387438 0.0334804464299 0.00670850301652 0.0259885062464 0.0165817821453 0.0382919312024 0.0206119183048 0.0315118783538 0.0533009472677 0.0323891424508 0.0138743915768 0.0408331312005 0.0192440473795 0.0108437046734 0.0201288049688 0.106397191786 0.0146263572568 0.0285133687864 0.0257719026311 0.0280053808594 0.0416539331333 0.022390986227 0.00528058684664 0.0139777943136 0.0349322329162 0.024505487118 0.0432058379165 0.0293858876961 0.0259185402794 0.0485173688207 0.0658449415818 0.0336434837936 0.0353228972329 0.0121304199034 0.0292263156786 0.000116835977687 
0.020767801667 0.00173202115661 0.00922151892945 0.00192455198281 0.0224248018121 0.395792597096 -0.0217723122717 -8.06361176736e-06 0.0180753016616 0.0219195030827 -0.000804480576631 0.0257313295521 0.0157294880972 0.0161906516971 0.00790682396499 0.0130229328462 0.0150094057939 0.00565282806284 0.00692730396944 0.028706812703 0.0325517102101 0.00016951649103 -0.00794752767531 0.0125587339268 0.0121170689336 0.0227531685258 0.00745812013527 0.0204445493015 0.0158193450141 0.0025736821148 -0.00120555905355 0.0149618975252 -0.000120801458473 0.0219215639649 0.012586482085 0.00569610976408 0.00745910033867 0.0108116300764 0.00173326942297 0.0292728212721 0.000174454454666 -0.0127810335498 0.00364343754553 0.0186011350193 0.0103537926781 0.00318979404039 0.00917504227084 0.00169262877462 0.0390188096834 0.0087278864586 0.0344691012745 -0.000152126340259 0.0149764874404 0.0153058673332 0.0142411517743 0.000262617405615 0.0148981658967 -0.00175907922459 0.024609216641 0.00118335710936 
-0.0136444352679 0.0044729682731 -0.00431416187628 0.00273301081884 -0.00980930286265 -0.0217723122717 1.94185590121 0.00193451499927 -0.00849157969596 -0.010159584931 -0.00994899486483 -0.0136137833831 -0.00224920142013 -0.00952719046982 0.0115275758275 -0.0104141678758 -0.00998266612244 -0.0156471719469 -0.00680914191135 -0.00725043274802 -0.0232156443718 -0.0163894360792 -0.00442326728814 -0.00646854113841 -0.0109080547342 -0.00493316476262 -0.00281944774415 0.00204109360875 -0.0127699852498 -0.000119617845523 0.00689095193974 0.0074233356994 -0.00104844847428 -0.00876540852347 -0.0159591030604 -0.0132334296943 -0.00128010035006 -0.00703436122977 0.00692748011908 -0.0141116810634 0.00338230268109 0.00426173938158 -0.00527524684499 -0.0136961990866 -0.0147819619844 -0.00961321052606 -0.00485121583719 -0.014314077132 -0.0221010264161 -0.00125102867564 -0.0106415439576 -0.00145076870737 0.00803041678723 -0.00355419920092 -0.0180115509051 0.0115671219088 0.0039970169612 -0.0095412133428 -0.0120894316686 -0.0162167384575 
-0.00677739469874 -0.00422561864156 0.0215692264487 0.00512400029975 0.00077207938571 -8.0636117673e-06 0.00193451499927 0.219658811279 -0.0226212258103 0.010139645748 0.00305616088327 -0.00749905021493 0.0225930811178 0.00639784751771 0.00896359377208 0.0150282532169 0.00289103521998 -0.00264672232889 0.00325901779559 -0.0246413412183 -0.00017559079435 0.00354475010104 0.000419817310567 -0.00585289376427 0.00901658490496 0.0196625962582 0.00513388803818 0.00372371639971 0.00224354662341 0.00972187735724 0.0289740153142 0.00934022647063 0.00527311923677 0.0114570672298 0.000247178953368 0.00510506327853 0.00214827912917 -0.00625954183318 0.0115460075257 0.0119979439582 0.00645334552611 -0.00689079653071 0.0142236207105 -0.00103771280994 -0.00276949601671 -0.00366476766717 0.0122792163189 0.00222418462816 0.00148045211275 0.00605396808214 -0.00923845602372 0.00819765634469 0.00391089635402 0.00994638202163 0.00184178756153 0.00324085552025 0.00319724531426 -0.00143770285187 0.0209192750523 -0.0194380362128 
0.0331814853731 0.0233037748807 0.00795627464101 0.00642506624706 0.0302762100041 0.0180753016616 -0.00849157969596 -0.0226212258103 0.302803362265 0.009231178846 0.00810969070175 0.109541333042 0.0206294849159 -0.0164693920087 0.00651724679662 0.0179618686811 0.0180948909061 0.0119378116895 0.015207294486 0.0209401789678 0.00137295624856 0.00818024767161 0.000587925059522 0.00881029210691 0.0489157333718 0.00571088793899 0.0190850555041 0.0103123200385 0.0194800587685 0.026515725054 0.0215715972827 0.00602062488779 0.045198280593 0.0300695918094 -0.00364050811332 0.0142996356817 0.0171619945259 0.00608675469962 0.0145299655933 0.0683004744997 0.00708246838335 0.00883503873833 0.00331445374168 0.036363360029 0.0116409897482 -0.00744072110793 0.00780347069085 0.0140837281304 0.0552287476883 0.0249185351676 0.0447146767229 0.0169702390544 0.0162360901212 0.0527845843422 0.0198189212452 0.0116121534273 0.0217249340494 0.00697369253631 0.0190947034468 0.0120159981997 
0.023007923042 0.0183750487678 0.0159009960289 0.0109739993179 0.029708789798 0.0219195030827 -0.010159584931 0.010139645748 0.009231178846 0.331093143338 0.00671791100499 0.0214675892385 0.0139594859083 0.0140380955815 0.0232375725534 0.027397721956 0.0318771048194 0.0019180885795 0.0206219494621 0.0085883287738 0.0266681803398 -0.00224076436345 0.0122804362163 0.0135354866849 0.0349363630033 0.0176453013382 0.0048597143165 0.00806322028612 0.0141306381034 0.0150500439384 0.0273804683084 0.0417763946999 -0.00783522172871 0.0113610977736 0.00431206516838 0.0502691008051 0.00491827305485 0.0130761458179 0.0117178349761 0.0256627560751 0.0181270186416 0.0326074518349 0.0117077847267 0.0162702765547 0.0253744724101 0.0101980904584 0.00246697130744 0.0109464806655 0.0263977715352 0.0146061956803 0.0152311773079 0.0182433342257 0.0221749756835 0.0270982742711 0.0326532796472 0.0262149458695 0.0302745707739 0.00788629063418 0.034028725708 0.0107303192486 
0.00810299371865 0.0180507804004 0.0107659600691 0.00581726166354 0.0354858838203 -0.000804480576631 -0.00994899486483 0.00305616088326 0.00810969070175 0.00671791100499 0.389795017069 0.0206120285001 0.00672172145238 0.0175073313348 0.0155293048535 0.0409799615525 -0.00787061379927 0.0270007250416 0.0292978528407 0.00924056242477 -0.00454345327448 -0.0126565203873 0.0112209020286 0.0078529400281 0.0190889246257 0.00848714805815 -0.00163420513014 0.0107761529713 0.00900459358347 0.0169053861877 0.00734524622667 0.0104166563168 0.0201051722454 0.040105616938 0.00911120294595 0.0902803668715 0.00824354033522 -0.000542974077077 0.00841961934416 0.0322134080812 0.00240971788167 0.00224582921375 0.0199404621391 0.00516901361494 0.0106363460223 0.00583469724607 -0.00602036221207 0.0138312036208 0.0210305690287 -0.0109605119 0.022869931062 -0.0026920384487 0.00539721749029 0.0329084515632 0.0185241080018 0.0112610704866 0.00970840500077 0.00495112312921 0.00620518032849 0.00274097138982 
0.0267314656684 0.0169058341438 0.0238639230473 0.01176828765 0.0568917751851 0.0257313295521 -0.0136137833831 -0.00749905021492 0.109541333042 0.0214675892385 0.0206120285001 0.35365668618 0.0170246866149 0.0761435496559 0.00437809857703 0.0137062077667 0.0197257224761 0.0137668824129 0.023593330849 -0.0020436983352 0.0266342545137 -0.000249662177189 0.0140875677458 0.00468097543276 0.0435977509949 0.0220942530326 -0.000273121326084 0.0122218373534 0.0144765714152 0.0334519362164 0.0216163185094 0.0145633487877 0.0298184738784 0.0433893852503 0.00497846203419 0.0412342296649 0.0136357426228 -0.0044835350183 0.028347081537 0.0982139743379 0.0152024696928 0.000393416392218 0.00712769828484 0.0173604592486 0.0183049341251 0.00951948621492 -0.0135845853045 0.0148881161661 0.0633883499926 0.00457429155328 0.0653570701863 0.0101153833126 0.0322730947523 0.0466858771612 0.0242097231256 0.014402409541 0.013769517097 0.0096865683325 0.0260383109222 -0.0183347977668 
0.0102493879289 0.0218374492761 0.010084410185 0.025842791657 0.0406265695568 0.0157294880972 -0.00224920142013 0.0225930811178 0.0206294849159 0.0139594859083 0.00672172145238 0.0170246866149 0.246534946787 0.0155360821747 0.0149259464226 0.0212179537065 0.0129788069906 0.0142716900461 0.0163604652607 0.0014888967957 -0.00574230615113 0.0303060595281 0.00958519495466 0.0115272976596 0.0132813108766 0.00574302484864 0.00213381238456 0.0303501937384 0.013580949783 0.017052901331 0.0164510533305 0.0206817760537 0.0335416700685 0.0161304729431 0.0244018233262 0.00770190299121 0.025367882623 0.00129768707243 -0.00427262368385 0.013759971991 0.011949001207 0.033886534498 0.0103163038861 0.0266791452236 0.0208917387788 0.00957841628606 0.00739967615726 0.0129251863845 0.0231857019941 0.013254746572 0.0334990326874 0.0163498006851 0.0238999673899 0.0114286801138 0.00386370434005 0.020293709113 0.0202840516477 0.00341145131155 -0.0025591443768 -0.00390651358607 
0.0431020883713 0.0131131187807 -0.00573449520981 0.0172503042753 0.00845748056383 0.0161906516971 -0.00952719046982 0.00639784751771 -0.0164693920087 0.0140380955815 0.0175073313348 0.0761435496559 0.0155360821747 0.855743599302 -0.00715571353696 0.0104168094172 0.018457582848 0.0210408576762 0.0183896463832 0.0345951992278 0.0221014619122 0.0262742387607 -0.000789947579939 0.00899932026122 0.0201410280617 -0.0055550645835 0.00600428013735 0.00315634594197 0.0121850609022 0.029438180337 0.00923779328757 -0.000774480622873 0.0172572315538 0.0235727515218 -0.00958803466006 0.0131897345003 0.0115271902822 0.0158477499737 0.0220595200213 0.0280499673805 0.00386333161097 0.00662906688662 0.0234846712272 -0.02095320653 0.014010936692 0.0116502117224 -0.00627811586674 0.00645461898282 0.040548216461 0.00625630846448 0.0750519910335 -0.00559428204006 -0.0047220410167 0.0153006452904 -0.00364480907139 0.000983689500983 0.00265899635851 -0.000734981014368 0.036097993699 0.00523969628382 
0.0064469779467 0.00949836537232 0.0161909968874 0.00596500452641 0.0167643134868 0.00790682396499 0.0115275758275 0.00896359377208 0.00651724679662 0.0232375725534 0.0155293048535 0.00437809857703 0.0149259464226 -0.00715571353696 0.151941199892 0.0133955640481 0.00573434903326 0.0177538498068 0.00483065064767 0.0147235491624 0.00633365469785 0.00921496021064 0.0150159768649 0.00141429998968 0.0124509502225 0.024387848021 0.0131207366952 0.00876936073047 0.0153559556974 0.00437348727566 0.0160758505024 -0.00448747977105 0.0159512181222 0.00836321364687 0.0224888190008 0.0158519021144 0.0120314572126 0.00477873228473 0.00660900808454 0.0134164623523 0.0172120349047 0.0147287953833 0.00895115858086 0.0131931665027 0.02080845248 0.00342948676984 0.0008035802507 0.0124208999406 0.0138159265133 0.00704816890539 0.00488534110251 0.0129291326161 0.000960716385843 0.0036341911839 0.0210792050138 0.0158686136228 0.0111362884679 0.00250360828784 0.0134745191842 0.00367271265564 
0.0291504885878 0.0242562190938 0.0197266503601 0.0161187550806 0.0296465198979 0.0130229328462 -0.0104141678758 0.0150282532169 0.0179618686811 0.027397721956 0.0409799615525 0.0137062077667 0.0212179537065 0.0104168094172 0.0133955640481 0.263731055558 0.0271166950828 0.0104771546864 0.00295631895308 0.0302565693834 0.0268812161803 -0.00176339300886 0.0225329668792 -0.000454880053191 0.0267892086442 0.044370509401 0.0304522128614 0.000772357210717 0.0179514319859 0.0306180635174 0.019803262784 0.00466376501937 0.0387407737943 0.0339766035247 0.0183688300974 0.0402530253202 0.00549072976904 0.0141871444211 0.0223048521935 0.0544154678189 0.0143432441534 -0.00143691676356 0.00581330566566 0.0257800344872 0.0296930528682 0.0156626529846 0.0181324174908 0.0182268591501 0.0108168365591 -0.00487923020704 0.0148675523397 0.0144052361755 -0.0016202747657 0.0173332030525 0.0251723179088 0.0249297053277 0.0279407651424 0.0064508413412 0.0237296162505 0.0285511325906 
0.0261122556377 0.0142099549107 0.00659310972915 0.00947446110301 0.025693980087 0.0150094057939 -0.00998266612244 0.00289103521998 0.0180948909061 0.0318771048194 -0.00787061379927 0.0197257224761 0.0129788069906 0.018457582848 0.00573434903326 0.0271166950828 1.06787724976 0.00160877301843 0.00501965116067 0.0141346034716 -0.0325461280282 -0.00331805721058 -0.0179001067885 -0.0155292691059 0.0022905950875 0.031123794409 0.00774732708955 0.0204172431505 0.0201173840211 0.00141323133507 0.008692874068 0.0274043081599 0.0179509519376 0.031863117747 0.0346399847354 0.0350194958842 0.00516180076482 -0.000244904663603 0.0172508569872 0.0310733415825 0.0186253209259 0.0329236783793 0.016174455377 0.0135974580874 0.0212809099183 0.00989840127712 0.0277464379271 0.0193660707805 0.0701668191485 0.0145834671999 0.0139333992747 0.00688777911412 0.0333090528899 0.0353305436098 0.0450312414173 -0.00374505815503 0.0214395511209 0.00178309083589 0.0302723250426 -0.0209562914461 
0.00566762982975 0.0209192760753 0.0100476008629 0.00989419954449 0.0103607062871 0.00565282806284 -0.0156471719469 -0.00264672232888 0.0119378116895 0.0019180885795 0.0270007250416 0.0137668824129 0.0142716900461 0.0210408576762 0.0177538498068 0.0104771546864 0.00160877301843 0.225288122876 0.0215350426555 0.0200066829182 0.0282969770346 0.0191101229741 0.0162973745623 0.00322862560662 0.00540936256559 0.0100122527882 0.0111361316692 0.0081041667687 0.0218709839288 0.0103242202683 -0.00241370803599 0.0202333509833 0.0173307521811 0.000304525011815 0.00941721710248 0.0203804292135 0.0233606086374 0.0161497648791 0.0129679698824 0.0335107416094 0.00758986254008 0.0203962845446 0.00726817831392 0.00889508572655 0.00350345662876 0.00106542467662 0.00538249739676 0.0188775753349 0.0235475496396 0.0107143161188 -0.00109370406808 -0.00816589225473 0.0098948477553 0.0191298300408 0.0182567949503 0.00263206547366 0.0109234987769 0.000189266700273 -0.00301056565913 0.00669171627555 
0.021163235952 0.0255293744666 0.0116858873838 0.0250402727919 0.0405257358904 0.00692730396944 -0.00680914191135 0.00325901779559 0.015207294486 0.0206219494621 0.0292978528407 0.023593330849 0.0163604652607 0.0183896463832 0.00483065064767 0.00295631895308 0.00501965116067 0.0215350426555 0.203917151283 0.051276105453 0.00170775458301 0.00694561654524 0.0236074614502 0.00832497949643 0.0123053141058 0.0200373718005 0.00624797394152 0.016938358142 0.013279806256 0.00995486608482 0.0306743099889 -0.00532677579038 0.0238773828586 0.0276307093406 0.0278324861841 0.0225736797649 0.0349912261807 0.032993238592 0.00832196902996 0.0376867708125 0.0126507563754 -0.000462043712974 0.0369322757576 0.014696559439 0.0295935256185 0.00470025181802 0.0104195606202 0.0149681305108 0.00998820198071 0.00791989933226 0.0311836625679 0.000792702555578 -0.00649324793913 0.0169918642759 0.0247553265672 0.0116173787135 0.0318325393239 0.0185953874186 0.020630266254 -0.00251570687881 
0.0376417326838 0.0178146293107 0.0118161518528 0.0021035077581 0.0457792727089 0.028706812703 -0.00725043274802 -0.0246413412183 0.0209401789678 0.0085883287738 0.00924056242477 -0.0020436983352 0.0014888967957 0.0345951992278 0.0147235491624 0.0302565693834 0.0141346034716 0.0200066829182 0.051276105453 1.33086976296 0.0293308783376 -0.0349333339088 0.00897929210581 0.0143463852865 0.0118079627641 0.0219242202586 -0.0323029979511 0.00916606162075 0.0153823521347 0.00677216139353 0.00289366306583 -0.0175322790478 0.0147004435507 0.000334965932404 0.000504760386494 0.0253759942903 0.0116407139649 0.0102533929409 0.0225396029999 0.0565150203215 0.0287663175824 0.0213500077282 0.0435261063423 0.01673877431 -0.0149469031393 0.010242143586 -0.0108288118002 0.0179033856106 -0.0264335768619 -0.00311548230355 0.0452580777362 -0.00297579931643 0.0176368117883 0.0115173090311 0.00611396491829 0.00530984603384 0.0645890366725 -0.0023913611939 0.0199752384072 -0.00508696903653 
0.0218941535796 0.00819713664714 0.00230095528179 0.00724349497385 0.0100959099381 0.0325517102101 -0.0232156443718 -0.00017559079435 0.00137295624856 0.0266681803398 -0.00454345327448 0.0266342545137 -0.00574230615113 0.0221014619122 0.00633365469785 0.0268812161803 -0.0325461280282 0.0282969770346 0.00170775458301 0.0293308783376 2.0568421259 0.0224164207929 0.0054993480016 0.0231796816015 0.0385109517345 0.0191704312736 0.0159282777681 -0.000425877142912 0.0192999097925 -0.00219329404398 0.0740918253186 0.0226509849655 -0.00708106101063 0.0636389713711 -0.00615068770613 0.00452430882575 0.0111556006132 0.242293686874 -0.00359646966322 0.0951706679088 0.0114694562708 0.0312023165011 -0.000717707054333 -0.00641269047511 0.0210405639903 -0.00548848698551 0.00432006133531 0.00490002515922 0.11968191996 0.00387456002583 0.0395496025427 0.00578725086956 0.0193471888425 0.040025052241 0.0811234611093 -0.0112942274928 0.00724038227317 -0.000306397276657 0.00372457378664 0.0229936537701 
-0.00119150641393 -0.00204712782539 0.00622761961081 0.00922358539395 0.00841772337541 0.00016951649103 -0.0163894360792 0.00354475010105 0.00818024767161 -0.00224076436345 -0.0126565203873 -0.00024966217719 0.0303060595281 0.0262742387607 0.00921496021064 -0.00176339300886 -0.00331805721058 0.0191101229741 0.00694561654524 -0.0349333339088 0.0224164207929 1.36965202359 0.0301480220748 -0.00919957282138 -0.00327246526946 -0.00738325207959 -0.0131743784294 -0.00948368997679 0.00349037936756 0.00515131200623 0.0101069144027 -0.015146964087 -0.00572028462244 -0.00541947253927 0.00178434894212 0.00459751491655 0.0115311204435 0.0139020508847 -0.00418267298896 0.00509871765971 -0.0132651894724 -0.00159164535275 0.00504802198755 0.0023013484279 -0.000652238415574 -0.0155290566977 -0.00532460358429 -0.00163018479541 -0.00380330029912 -0.00524107344951 0.00730677617621 0.00352832251484 -0.00667241908198 -0.000423764805876 0.00899557022855 0.00704985352884 0.0111723189695 -0.0194532301801 0.0143218454363 0.00462532481664 
0.0133861884665 0.0133191489036 0.0121398676215 0.00182571869361 0.0193837766447 -0.00794752767531 -0.00442326728814 0.000419817310566 0.000587925059522 0.0122804362163 0.0112209020286 0.0140875677458 0.00958519495466 -0.000789947579939 0.0150159768649 0.0225329668792 -0.0179001067885 0.0162973745623 0.0236074614502 0.00897929210581 0.0054993480016 0.0301480220748 0.253382684473 0.00687574920117 0.0266935640505 0.00459365198001 0.0101779086735 -0.00677834529118 0.0087443549371 0.00685898612045 0.011043157399 0.00902291713689 0.0291443817901 0.00916014474453 0.00770101581445 0.0178426144866 0.00999611156769 0.00554535432128 0.00716326438381 0.0265165780429 -8.17853897864e-05 0.00827866873695 0.00455909614693 0.00943480537004 0.012560456557 -0.00126401343034 0.0132821381277 0.0375233812501 0.0119515790431 0.0192904732646 0.0250519774146 0.0054010012396 0.0132600310197 0.0180488898432 0.0202758156389 0.013733033461 0.0151457823623 0.0158291365374 0.00277274101305 0.019924669957 
0.0126263558398 0.02317878296 0.00941945442338 0.0321758108735 0.0163717576121 0.0125587339268 -0.00646854113841 -0.00585289376427 0.00881029210691 0.0135354866849 0.0078529400281 0.00468097543276 0.0115272976596 0.00899932026122 0.00141429998968 -0.000454880053189 -0.0155292691059 0.00322862560662 0.00832497949643 0.0143463852865 0.0231796816015 -0.00919957282138 0.00687574920117 0.195612037263 0.00780871481678 0.013666423983 0.00258234732274 0.0321190288245 0.0115595347929 0.0132626072741 0.0119977923448 0.0270657972202 0.0069518877773 0.000470263561732 0.0107768840188 0.0153114686679 0.0338069045887 0.00382835620592 0.0088462607989 0.0152940149372 0.0278586812882 0.016946902582 0.0212917620894 0.0234964592427 0.00399210638276 0.00888937530816 0.0111097061807 0.0136895329375 -0.000261800181941 0.0393653356659 0.0113188757961 0.00143890871709 0.00579389072343 0.0156523497994 0.0204747335132 0.0166549022268 0.0118806150025 0.0201093372865 0.0254323048342 0.00799479164194 
0.0245077148416 0.0178788871312 0.0185568610056 0.0108695306961 0.0350791387438 0.0121170689336 -0.0109080547342 0.00901658490496 0.0489157333718 0.0349363630033 0.0190889246257 0.0435977509949 0.0132813108766 0.0201410280617 0.0124509502225 0.0267892086442 0.0022905950875 0.00540936256559 0.0123053141058 0.0118079627641 0.0385109517345 -0.00327246526946 0.0266935640505 0.00780871481678 0.19889115653 0.00876366980933 0.0198127369692 0.00493400089642 0.0162068686845 0.0167229392698 0.0133671082165 0.0129529461836 0.0185425843168 0.0239909190819 0.00959159603503 0.0451091864614 0.00369236953156 0.0103895812775 0.0173499380417 0.0492042239033 -0.00199910333885 0.0235097671614 0.00174614347957 0.00884849559638 0.0248469319411 0.0043860085686 -0.00136170790026 0.0170257778016 0.0451608037365 0.0117520196243 0.0339972817987 0.0146691458407 0.0144237440615 0.0356517127705 0.0317440614436 0.0136934247899 0.0156124031854 0.015526763185 0.0366053925632 -0.00026227530232 
0.00837036168187 0.0207266974221 0.0256550018768 0.0105164054586 0.0334804464299 0.0227531685258 -0.00493316476262 0.0196625962582 0.00571088793899 0.0176453013382 0.00848714805814 0.0220942530326 0.00574302484864 -0.0055550645835 0.024387848021 0.044370509401 0.031123794409 0.0100122527882 0.0200373718005 0.0219242202586 0.0191704312736 -0.00738325207959 0.00459365198001 0.013666423983 0.00876366980933 0.484944842066 0.0138958959943 -0.00457232485005 0.0132307964185 0.0181787108419 0.0266768819229 0.0113469605204 0.0237531498378 0.0207929267206 0.0289052374174 0.024574671938 -0.00779999537495 0.00880277030326 0.0147591209298 0.00218095580345 0.00574836863981 -0.00425351712113 0.0250550803988 0.0106405487773 0.0230107683941 0.010677497571 0.025079572747 0.0219474392078 0.0305377035835 0.00150763932441 0.0227762419731 0.0089767562713 0.0200386100551 0.0125778170451 -0.00815568163478 0.00637307776065 0.048960805257 0.00958944076425 0.043874658011 -0.0169740770826 
-0.00227562600296 0.0163180335012 0.00783048812432 0.013627588577 0.00670850301652 0.00745812013527 -0.00281944774415 0.00513388803818 0.0190850555041 0.0048597143165 -0.00163420513014 -0.000273121326085 0.00213381238457 0.00600428013735 0.0131207366952 0.0304522128614 0.00774732708955 0.0111361316692 0.00624797394152 -0.0323029979511 0.0159282777681 -0.0131743784294 0.0101779086735 0.00258234732274 0.0198127369692 0.0138958959943 0.215142836649 0.00717305603438 0.0120364194502 0.00456594878142 0.00912265325896 0.00369240974086 0.0157736775545 0.0116592464358 0.00335493646198 0.00840589098248 0.012839795488 0.0159215859685 0.00840834355339 0.0114680570119 0.0114108138861 0.0159504430438 0.00911814076288 0.00285481083233 0.0133238047096 -0.00156895472612 0.00756521200588 0.01480836492 0.0138036293139 0.0216897119482 0.00690531555198 0.0167014965299 0.0144514318933 0.00769865640714 0.0146808979642 0.0210541834912 -0.000500893361001 0.0110742357934 0.0204276548842 0.0220817579115 
0.00778282394145 0.0114283538214 0.00465716065096 0.0421399263813 0.0259885062464 0.0204445493015 0.00204109360875 0.00372371639971 0.0103123200385 0.00806322028612 0.0107761529713 0.0122218373534 0.0303501937384 0.00315634594197 0.00876936073047 0.000772357210716 0.0204172431505 0.0081041667687 0.016938358142 0.00916606162075 -0.000425877142912 -0.00948368997679 -0.00677834529118 0.0321190288245 0.00493400089643 -0.00457232485004 0.00717305603438 0.183902328275 0.015149864194 0.0120989247335 0.0171096373556 0.0411290827377 -0.00611931055856 0.00370078049726 0.0145428579033 0.00660954422672 0.0404511042376 0.00781227870627 -2.46198157273e-05 0.00480159345363 0.0328132506586 0.0459975413921 0.0223259860195 0.0104971180225 0.00355314635775 0.00989155543494 0.0114421678049 -0.000682573159668 0.0218597048715 0.044974592223 0.00475098745188 0.00765021623233 0.0248177301731 0.0183698017673 0.0142285950141 0.0110104293545 0.00417943715172 0.00834408249255 0.0174544779562 0.00343867191501 
0.00850969104682 0.014637513569 0.00885404878361 0.0135786160141 0.0165817821453 0.0158193450141 -0.0127699852498 0.00224354662341 0.0194800587685 0.0141306381034 0.00900459358347 0.0144765714152 0.013580949783 0.0121850609022 0.0153559556974 0.0179514319859 0.0201173840211 0.0218709839288 0.013279806256 0.0153823521347 0.0192999097925 0.00349037936756 0.0087443549371 0.0115595347929 0.0162068686845 0.0132307964185 0.0120364194502 0.015149864194 0.220941158758 0.0120314605945 0.00321371777379 -0.0101276228466 0.00949038344459 0.0274546426225 0.0146519368505 0.0344262726768 0.0142227015303 0.0220058562996 0.00897177788797 0.0263826350908 0.000275687191235 0.00289581853268 0.0193174866342 0.00456541182341 0.0288445448446 0.0141196782081 0.019289019925 0.0233773373964 -0.0033034936217 0.0144951821065 0.00372804961239 0.013264590254 0.00697102776881 0.0138538175299 0.0143420726734 0.0204206667352 0.0127839125408 0.00526281283734 0.0106676390751 -0.000958708948709 
0.0217641454146 0.0130938262654 0.0113991789942 0.0042453179311 0.0382919312024 0.0025736821148 -0.000119617845522 0.00972187735724 0.026515725054 0.0150500439384 0.0169053861877 0.0334519362164 0.017052901331 0.029438180337 0.00437348727566 0.0306180635174 0.00141323133507 0.0103242202683 0.00995486608482 0.00677216139353 -0.00219329404398 0.00515131200623 0.00685898612045 0.0132626072741 0.0167229392698 0.0181787108419 0.00456594878142 0.0120989247335 0.0120314605945 0.379838941837 0.00262385536305 0.0138449007717 0.0240738950906 0.0387283422076 0.0296148757083 0.00272446239346 0.0116325111908 0.00015365598187 0.0194170666107 0.0744546353461 0.0178599851832 0.0351892837619 0.0375455526994 0.0231071734176 -0.00358684519689 0.0114201708145 0.0019375688601 0.022658819553 0.0259834590657 0.0185740338383 0.03409980911 0.020778098837 0.0109356864551 0.0387638251256 0.0437163255852 0.00473006064445 0.00656435879958 0.0119187332292 0.0222011871085 -0.00475708400849 
0.0106387386033 0.00016631137847 0.0163592683883 0.00584663550759 0.0206119183048 -0.00120555905355 0.00689095193974 0.0289740153142 0.0215715972827 0.0273804683084 0.00734524622667 0.0216163185094 0.0164510533305 0.00923779328757 0.0160758505024 0.019803262784 0.008692874068 -0.00241370803599 0.0306743099889 0.00289366306583 0.0740918253186 0.0101069144027 0.011043157399 0.0119977923448 0.0133671082165 0.0266768819229 0.00912265325896 0.0171096373556 0.00321371777379 0.00262385536305 0.440600447588 0.015869383734 0.0102783349247 0.0155751360922 0.00125201459467 0.0158302747288 0.00625957975891 0.0256346104801 0.00610740092794 0.055116497764 0.0152324683459 0.0337690931743 0.0207906536167 0.00418655316879 0.0213405322734 0.0124725841037 -0.0195090138947 0.00357205317729 0.0132079593445 0.0216246459315 0.0138568305612 0.0302253416804 0.0100772335748 -0.0102923143741 0.00915299080877 0.0133611954611 0.0190153533364 0.00847620063084 0.0253321542082 0.0418737955113 
0.0104473625823 0.00867075530188 -0.0113690637281 0.0340461410554 0.0315118783538 0.0149618975252 0.0074233356994 0.00934022647064 0.00602062488779 0.0417763946999 0.0104166563168 0.0145633487877 0.0206817760537 -0.000774480622873 -0.00448747977105 0.00466376501937 0.0274043081599 0.0202333509833 -0.00532677579038 -0.0175322790478 0.0226509849655 -0.015146964087 0.00902291713689 0.0270657972202 0.0129529461836 0.0113469605204 0.00369240974086 0.0411290827377 -0.0101276228466 0.0138449007717 0.015869383734 0.376882583124 0.00602974618663 0.00507829303348 0.00611051654063 0.0183389307092 0.0380987720366 0.00133016214459 0.00374864221251 0.0203087187071 0.0101325446344 0.155509106921 -0.00571643379899 0.00414528301549 0.00765665243628 0.0240898111627 0.00723626262785 0.0012238008516 0.0937333144865 0.0378829286917 0.0147058354646 -0.00097282990909 0.155679389527 0.0142605502254 0.0184758146973 0.0117381109233 -0.00265360899171 0.00801875397626 0.0292530031594 -0.0265389032636 
0.0444181551104 0.0136122517096 0.0172944820614 0.0140868720287 0.0533009472677 -0.000120801458473 -0.00104844847428 0.00527311923677 0.045198280593 -0.00783522172871 0.0201051722454 0.0298184738783 0.0335416700685 0.0172572315538 0.0159512181222 0.0387407737943 0.0179509519376 0.0173307521811 0.0238773828586 0.0147004435507 -0.00708106101063 -0.00572028462244 0.0291443817901 0.00695188777731 0.0185425843168 0.0237531498378 0.0157736775545 -0.00611931055856 0.00949038344459 0.0240738950906 0.0102783349247 0.00602974618663 0.437827391437 0.048254473331 0.00777421952854 0.0254214135911 0.0148934486472 0.00887456497675 0.0232232917909 0.0472839369614 0.00847345745231 0.0205906926128 0.0293791242298 0.0182058354467 0.00860964822843 0.00310354223427 0.0189909772481 0.0174923581649 0.0308217020839 0.00532241627594 0.0249082949707 -0.000413155739165 0.0270182629499 0.0252735795437 0.0182272291402 0.046798468623 0.0499754692432 0.00335708855171 0.0340983186777 0.00773917869653 
0.0293649447064 0.0194770532002 0.013179642357 0.0117641201199 0.0323891424508 0.0219215639649 -0.00876540852347 0.0114570672298 0.0300695918094 0.0113610977736 0.040105616938 0.0433893852503 0.0161304729431 0.0235727515218 0.00836321364687 0.0339766035247 0.031863117747 0.000304525011815 0.0276307093406 0.000334965932404 0.0636389713711 -0.00541947253927 0.00916014474453 0.000470263561731 0.0239909190819 0.0207929267206 0.0116592464358 0.00370078049726 0.0274546426225 0.0387283422076 0.0155751360922 0.00507829303348 0.048254473331 0.325313261327 0.00381552045467 -0.0104967358826 0.0139687189676 0.0112173841228 0.0196310234667 0.104258361786 -0.00411124517548 0.0138653498462 -3.21134525124e-05 -6.91296287393e-05 0.00903294570822 0.00899127490819 0.00776772942907 0.00719913775123 0.0400901220463 0.00849016350854 0.0293895183649 0.016103765482 0.0218290338052 0.0428980482538 0.0489758378061 0.00416633722778 0.0131236423758 -0.00278683169282 0.0408050695998 0.0231364387207 
0.0299498235118 0.000686294665956 0.00814662472646 0.0137373273751 0.0138743915768 0.012586482085 -0.0159591030604 0.000247178953368 -0.00364050811332 0.00431206516838 0.00911120294595 0.00497846203419 0.0244018233262 -0.00958803466006 0.0224888190008 0.0183688300974 0.0346399847354 0.00941721710248 0.0278324861841 0.000504760386494 -0.00615068770613 0.00178434894212 0.00770101581445 0.0107768840188 0.00959159603503 0.0289052374174 0.00335493646198 0.0145428579033 0.0146519368505 0.0296148757083 0.00125201459467 0.00611051654063 0.00777421952854 0.00381552045467 0.227645790611 0.0190813894874 0.0118796995548 0.0266861690097 -0.00440148618346 0.0143455565794 0.0193376200406 -0.0139048863203 0.0265261106959 0.0286724795257 0.0220237955972 0.00695905732351 0.00998245440422 0.00839944176537 0.0221651530049 0.00138701778499 0.092762954518 0.000535889958061 0.000979770626987 0.0171847921451 0.0222278918453 0.00688000459065 0.0109291117517 0.0102992478848 0.0191519435851 0.0100456107952 
0.0387698491834 0.0168463792763 0.00651976059864 0.0238254824688 0.0408331312005 0.00569610976408 -0.0132334296943 0.00510506327853 0.0142996356817 0.0502691008051 0.0902803668715 0.0412342296649 0.00770190299121 0.0131897345003 0.0158519021144 0.0402530253202 0.0350194958842 0.0203804292135 0.0225736797649 0.0253759942903 0.00452430882575 0.00459751491655 0.0178426144866 0.0153114686679 0.0451091864614 0.024574671938 0.00840589098248 0.00660954422672 0.0344262726768 0.00272446239346 0.0158302747288 0.0183389307092 0.0254214135911 -0.0104967358826 0.0190813894874 0.297557378135 0.00505762713264 0.00983335580701 0.0179403694914 0.0373587313713 0.00705078860122 0.0225940053015 0.028282893623 0.0171984130014 0.0251117942332 0.00186471714521 0.00307421594059 0.0275620288406 0.0352871578335 0.014347983832 0.0294269578608 0.0210658552475 0.0143175056131 0.0383471493691 0.0500519443687 0.0308908421462 0.0111282488534 0.00385814040594 0.0105671690282 0.00583199528831 
0.00121188123445 0.0327666028491 0.00412706090649 0.033614648955 0.0192440473795 0.00745910033867 -0.00128010035006 0.00214827912917 0.0171619945259 0.00491827305485 0.00824354033522 0.0136357426228 0.025367882623 0.0115271902822 0.0120314572126 0.00549072976904 0.00516180076482 0.0233606086374 0.0349912261807 0.0116407139649 0.0111556006132 0.0115311204435 0.00999611156769 0.0338069045887 0.00369236953156 -0.00779999537495 0.012839795488 0.0404511042376 0.0142227015303 0.0116325111908 0.00625957975891 0.0380987720366 0.0148934486472 0.0139687189676 0.0118796995548 0.00505762713264 0.199138118862 0.00138794415749 0.0139126183141 0.0178075541454 0.0343952832963 0.0329302280168 0.0292235802117 0.00349069936679 0.016729546119 -0.00574572500092 -0.0010418372796 0.016919088266 0.0188696911664 0.0389388575485 0.00615455822578 0.0118392621032 0.0379806678881 0.0174942089214 0.0181207390959 0.0100696437435 0.0195787841716 0.0215061225659 0.0160143905154 0.00272813892287 
0.0115184808146 0.0120366980503 0.0089113677421 0.00949680561101 0.0108437046734 0.0108116300764 -0.00703436122977 -0.00625954183318 0.00608675469962 0.0130761458179 -0.000542974077077 -0.0044835350183 0.00129768707243 0.0158477499737 0.00477873228473 0.0141871444211 -0.000244904663603 0.0161497648791 0.032993238592 0.0102533929409 0.242293686874 0.0139020508847 0.00554535432128 0.00382835620592 0.0103895812775 0.00880277030326 0.0159215859685 0.00781227870627 0.0220058562996 0.00015365598187 0.0256346104801 0.00133016214459 0.00887456497675 0.0112173841228 0.0266861690097 0.00983335580701 0.00138794415749 0.374818666444 0.0182628857695 0.0345925390518 0.00871939283184 0.00113703118762 0.0067272249933 -0.00106519264441 0.00918474295644 -0.000572237140452 -0.000723336788375 0.00546439960255 0.026513298657 0.00261662964132 0.00303563712878 0.00473589315255 0.0150780444769 0.0227387086618 0.0276718879011 -0.00651234097195 0.0148453724449 -0.000988880723036 0.00810198884907 -0.00562847784768 
0.00676072775213 0.00608813196893 0.0136285989754 0.0144230485948 0.0201288049688 0.00173326942297 0.00692748011908 0.0115460075257 0.0145299655933 0.0117178349761 0.00841961934416 0.028347081537 -0.00427262368385 0.0220595200213 0.00660900808454 0.0223048521935 0.0172508569872 0.0129679698824 0.00832196902996 0.0225396029999 -0.00359646966322 -0.00418267298896 0.00716326438381 0.0088462607989 0.0173499380417 0.0147591209298 0.00840834355339 -2.46198157275e-05 0.00897177788797 0.0194170666107 0.00610740092794 0.00374864221251 0.0232232917909 0.0196310234667 -0.00440148618346 0.0179403694914 0.0139126183141 0.0182628857695 0.283828554538 0.00265748606707 -0.00836797856342 -0.0134668848688 0.00161694142346 -0.00323876659602 -0.00368289941666 0.00452942619198 0.00517718498991 0.00806143507736 0.0168512291534 0.0170109506165 0.0159885916822 0.00968286212385 -0.00518902806949 0.0178463724444 0.0112117923424 0.00791442428127 0.0168762180734 0.00472928198702 0.0101503527232 0.00672429502036 
