60
0.0340754658053 0.0282353637115 0.0486959213786 0.0202574279786 0.0852779749864 0.0380288664812 0.0437869579852 0.114457978761 0.197480990077 0.123248136701 0.0388241127613 0.0651633165571 0.126305303483 0.0132097716294 0.0725669815102 0.0353466838873 0.026417897889 0.13159191543 0.0843714281037 0.0373994541978 0.478952808182 0.0752984700253 0.0395396308246 0.0135350028622 0.060830846045 0.0501483555771 0.0429032651101 0.266244884644 0.0389775871913 0.0764707668379 0.0631330997176 0.022286409141 0.116671338284 0.163811268696 0.0192488530763 0.0251604878384 0.022369934908 0.0298565853869 0.044891801276 0.0425593974561 0.0439476996979 0.0487859931196 0.0297343435849 0.0254946283421 0.0265193363437 0.0231907610599 0.0325349378307 0.037496284255 0.0582377086348 0.0318751717172 0.043075945187 0.07971303899 0.0333203023267 0.0470472683343 0.0309081568087 0.208286894217 0.0347696809731 0.133882810383 0.0522856391002 0.0936563270582 
0.182197068645 0.00917200925684 0.000266482715416 0.00300880073694 0.0209685958709 0.0097791849806 0.0113305708735 0.0183654075005 -0.00226386606749 0.0128521852728 0.00793435855869 0.0150104023868 0.00834944524495 0.00494283943258 0.0143879028987 -0.00323752293064 0.0110923535936 0.0122931023823 0.000350992959658 0.00742644185792 -0.000711827376217 0.00676093299211 0.0080685402646 0.0126041700163 0.0141337199935 0.00572238533891 0.00942137354094 0.00270200858443 0.00877451921668 -0.0028993226727 0.0148412788157 0.00236655884531 0.00770031268906 0.000698832965425 0.0296518119448 0.00944669393001 0.0167175459467 0.00647966499676 0.00566823930446 0.0158835210089 0.00573283610733 -0.00965212051986 0.0107213548151 0.00882180875745 -0.000836792267379 0.00340734177988 -0.00161786249854 0.00253554225155 0.0126908821729 0.0182101356634 0.0128343388964 0.000957693570097 -0.0032478038927 0.0156854893584 0.00496157335015 0.00493420058795 0.00868630321092 0.00220771312711 0.00613303652856 0.00624615191008 
0.00917200925684 0.126284909557 0.0420795516982 0.0128029828792 0.0240820904824 0.0175273151403 0.0122161205382 0.00510092044608 0.02464260104 0.0204106805409 0.0237122171235 0.0241763585268 -0.00263019061592 0.00216726849073 0.0305973485074 0.0267588215659 0.00868598526841 0.0115290496124 0.0138042100919 0.0115216185966 -0.00563108084311 0.0192038335388 0.016288011764 0.0151253357985 0.0245269932864 0.0223752266408 0.0101214711665 0.0192079675876 0.0152145413117 0.0173259996084 0.0059284176329 0.00215935081297 0.0174182985749 0.00244723331319 0.0156557771113 0.039297249612 0.00564263533769 0.028732754629 0.0126392582677 0.0244324402819 0.00494229372774 0.00816099224464 0.007724980117 0.0202711148944 0.0114822894135 0.0115808123528 0.0131817559137 0.0246217471919 0.0135123952868 0.0181967338807 0.0359969132096 0.00566063713329 0.016552897888 0.0226788460416 0.0209309092851 0.0440597662284 0.00846269659579 0.00268925781502 0.0181716493882 0.0131460102742 
0.000266482715427 0.0420795516982 0.1812826788 0.0188522963561 0.0310575197796 0.0183098861313 0.0204847873412 0.00806937832114 0.0353294863505 0.0114343462609 0.0113786411635 0.0211776446174 0.0176032653404 0.0203901495141 0.0351714048101 0.0240703879454 0.0147740420283 0.0199650207284 -0.000196278178997 0.0254888477444 -0.00325505290363 0.0326021421037 0.0236341690339 0.0205785623894 0.0411256247165 0.028641909559 0.0196631904195 0.0460838167967 0.0482831524803 0.0348078072038 0.00574365472816 0.00603894061547 0.0223889363292 0.0113422011993 0.00886543467111 0.0485558389698 0.0158875844283 0.0508571535318 0.0112731660274 0.011227669299 -0.00118440933932 0.0153758142282 0.00912645984798 0.00904502060502 0.0164223772998 0.0175138593947 0.0229326356292 0.0358911784441 0.0152442667448 0.0195719981731 0.0144889026499 0.00936859055127 0.0256771550869 0.0184721108803 0.00912259842417 0.0437221023796 0.0134519689236 0.0186831219147 0.0289809276168 0.0272544140219 
0.00300880073694 0.0128029828792 0.0188522963561 0.265830673571 -0.00357019092209 0.0321707186197 0.00638939845805 0.0127259093834 0.0192950711445 0.0280956716621 0.0191203485334 0.0038855187343 0.019190549279 0.0288440630185 0.0214742163079 0.0102189731493 0.0235749091814 0.0466198537571 0.0127281556888 0.00338678840094 0.0166252133907 0.025290247285 0.0247823649005 0.0255773344583 0.0202555011358 0.0621044051801 0.0289040497115 0.0407532261342 0.0225368953904 0.022978425666 0.029349872886 0.00862814246876 0.0106171189032 -0.0330466630735 0.0125210296851 0.0116565188138 0.0319170907437 0.0175265903427 0.0207095344475 0.0143995489217 0.00891779673123 0.00722277148664 0.00810845178867 0.0173278413481 0.0180787404228 0.0100913118875 0.00850021899888 0.00743428242435 0.0153865255401 0.0222407202745 0.0132115790365 0.0373259414967 0.021094932332 0.020033529183 0.0147298920993 0.0206328274855 0.0237765198614 0.0336685911826 0.0323342693027 0.0238236020021 
0.0209685958709 0.0240820904824 0.0310575197796 -0.00357019092209 0.360762698901 0.00411933311389 0.0922289782402 0.0157093820065 0.0109459356037 0.045001961642 0.0229072670735 0.0265119573436 -0.0142511272922 0.0143245819469 0.0167566637459 0.0157206883045 0.00958078421401 0.00906855064179 0.0248541023028 0.0192552756554 -0.0213330052465 0.00501778723033 0.02375358078 0.0206129425898 0.00555347848879 0.00419640490477 0.032992551226 0.00399379813475 0.0302321821977 0.0269541479791 0.00441007579081 0.0048080548444 0.0391934174681 0.0597411218228 0.0114140747417 0.0126816309479 0.010642908961 0.00857665287544 0.0224496179503 0.0428782378086 0.0272682945445 0.0156614736103 0.0134102776787 0.0182896894252 0.00494293386767 0.00999499550711 0.0337069889508 0.0183963028657 0.0198723757036 0.0154568656754 -0.00292275781948 0.123828533088 0.0203534863256 0.0189639063493 0.0388118596599 -0.00728964256545 0.0271099980609 0.00541276958557 0.0177396006346 -0.0124010906202 
0.0097791849806 0.0175273151403 0.0183098861313 0.0321707186197 0.00411933311389 0.325426046035 0.00948246893419 -0.00676093321752 0.0332528022099 0.0242183404295 0.00509899201789 0.00684359133077 0.00890132404415 0.00965827584795 0.0250291522489 0.0206630563977 0.0201113597834 0.0284265513595 0.0317801964768 0.0181637124705 0.0287158165383 0.0165125377524 0.0232485432131 0.0141501795329 0.0222441753869 0.0153960835221 0.0250766646584 0.0377493339817 0.00664380117271 0.0330221239222 0.0269956378457 0.0133381901699 0.025206605386 0.00282723484609 0.00700736469184 0.000946409254867 0.0212571771518 0.00446641979959 0.0230207527725 0.043197683668 0.0102562978714 0.0156706301174 0.00948044513097 0.00416932479353 0.00646504491707 0.000885119560262 0.00581401606391 0.0114666823495 -0.00599733851075 -0.00242149827198 0.0274651040229 -0.000265421320802 0.011422449424 0.0229979271945 0.00399592523985 0.0262832215833 0.0122142041667 0.0294865806707 0.0191670433826 0.0175628917419 
0.0113305708735 0.0122161205382 0.0204847873412 0.00638939845805 0.0922289782402 0.00948246893419 0.244156990581 0.00775713923343 0.010005520564 0.0117730260256 0.00823575971124 0.0291836147442 0.00435164906591 0.00270839466893 0.0112097166703 0.0281826391107 0.00608431677794 0.0218662005939 0.0196292632003 0.0146476465009 -0.019568417655 0.0133290805713 0.014192984077 0.00675605835754 0.00234146345839 0.0111217274092 0.0262384177269 0.0285465487228 0.00748598219464 0.0374612859066 0.0104130132767 0.00395003409432 0.0504777510988 0.0494769646496 0.0109689214047 0.0121663831255 0.00601701040145 0.0147086109121 0.00333444894638 -0.00474731869488 0.0176272103027 0.0293307656836 0.0191134303074 0.0103272349982 -0.00452814265744 0.0171090836934 0.0174826757716 0.0349598839993 0.00816431089095 0.00584259695763 0.0125312050433 0.0461950159347 0.00621933836906 0.0257393944925 0.0288953831246 -0.0126109015705 0.00419697684853 0.00600935144306 0.00805688906303 -0.00523453736997 
0.0183654075005 0.00510092044608 0.00806937832114 0.0127259093834 0.0157093820065 -0.00676093321752 0.00775713923343 0.386493944643 0.019154150412 0.0438182486734 0.00409368468359 0.0482970073679 0.11320037983 0.00908027258393 0.0233216758607 -0.00117802743822 0.0240762394513 0.157660266421 0.00119965728145 0.00977631314063 0.00559444143268 0.0222980122408 -0.00874631146358 0.0130274336493 -0.00086665582404 0.0298045731822 0.0148400949123 -0.0127449680676 -0.00498219993825 0.0242947119213 -0.00298408671848 0.0262030455365 0.0352886797103 -0.0162588550503 -0.00234273814155 -0.00122498898296 0.00685271508833 0.0010285542777 0.00938468013079 0.0275601962234 0.00512019425799 0.0197256991876 0.0122911839379 0.0192683452967 0.0187348364007 -0.0131771710602 -0.0169767077116 0.000181957083693 -0.00968139514909 0.0203351159123 0.00218719758393 0.0193263591864 0.0047880320324 0.011312909589 -0.0166642113461 -0.0116596076181 0.0190625280673 0.115369004342 0.0274353986232 -0.00700341791323 
-0.00226386606749 0.02464260104 0.0353294863505 0.0192950711445 0.0109459356037 0.0332528022099 0.010005520564 0.019154150412 0.874534187013 0.0191131025564 0.0204111334628 0.0100161809481 0.0210832559022 0.0242125103508 0.0226011796973 0.0119047918975 0.0292894830843 0.0315847800628 0.0129214542 0.00846194607222 0.0363378954011 0.0155075493498 -0.0197952496341 -0.00513407278029 0.018582328258 0.00858236649806 0.00798893902411 -0.0112973150266 0.0383947389442 0.0282353035482 0.0388792760415 0.0203523549628 -0.00568483812747 -0.0159450896582 0.00165802910718 0.0232048797496 0.0146638845132 0.00911215568369 0.00111180103076 0.0411452414134 0.0119231498861 0.00780234520128 0.0186442196444 0.00798344337549 0.0188651780489 0.0340393980264 -0.015804399584 0.0562338717315 -0.000773244599039 0.00499215498949 0.0132636683949 0.0101458247453 0.00537288228538 0.00827155580534 0.0537746142507 0.0200431181867 -0.00352041177068 0.0117237459422 0.015607257283 0.0462207510598 
0.0128521852728 0.0204106805409 0.0114343462609 0.0280956716621 0.045001961642 0.0242183404295 0.0117730260256 0.0438182486734 0.0191131025564 0.462982542639 0.0185739701735 0.0238466283249 0.00975470963263 0.0109423310238 0.0214054717197 0.0148009372372 0.0124508822412 0.0533988109674 0.0293447895175 0.0228670551116 0.0675379906875 0.0415028971831 -0.0048520144743 0.0222287275528 0.0179327183772 0.0233455972043 0.032308991038 0.0328827176586 0.0223991952283 0.0213063775503 0.0272582193048 0.00759129989888 0.0306165897548 -0.00696761978924 0.00555887395951 0.0126614303887 0.0303384967414 0.011790813856 0.0199339223367 0.0314815214179 0.00159545787872 0.0277091748976 0.0104289739985 0.0208568442592 0.0288124338724 0.0261851847178 0.00911877957304 0.0194151441929 0.0100041986788 0.0055669920966 0.0216209746477 0.0277433943378 0.0130775826864 0.0256683726745 0.0189596069818 0.0097152819451 0.0209901785301 0.0327042886683 0.0425143373247 -0.00317671496595 
0.00793435855869 0.0237122171235 0.0113786411635 0.0191203485334 0.0229072670734 0.00509899201789 0.00823575971124 0.00409368468359 0.0204111334628 0.0185739701735 0.179306461531 0.00619107915667 -0.000792931293293 0.0175150061493 0.0263282588905 0.016177082743 0.0124326144943 0.01820065686 0.00425979937201 0.0150781826884 -0.00873272854998 0.0316866010704 0.0179951565971 0.0143603277775 0.0133515206962 0.0222020203661 0.00921102068903 0.0152655504249 0.0260410248141 0.0193303205983 0.0261493986132 0.0225317598521 0.00242547708506 0.011998828463 0.00176428031388 0.0112980701168 0.00528873075785 0.0169352106206 0.0254972353677 0.0298634027387 0.00349515993024 0.000299037795306 0.0184297821555 0.000950542318162 0.0116488603696 0.0208218589158 0.00264239302088 0.0241117624681 0.0118127090225 -0.000705684966843 0.0154083100053 0.00479514604829 0.0163322571354 0.00522823319568 0.0336284691549 0.0150623444022 0.0143525829268 0.00408106354516 0.0100221279317 0.021908445799 
0.0150104023868 0.0241763585268 0.0211776446174 0.0038855187343 0.0265119573436 0.00684359133077 0.0291836147442 0.0482970073679 0.0100161809481 0.0238466283249 0.00619107915667 0.242034106514 0.0260388792243 -0.00355104858355 0.0238963467244 0.0140868273065 0.000465985738135 0.0418747231214 0.00855449166817 0.0107627239708 -0.00110047353553 0.0056724549131 -0.0152781022631 0.00728337212673 0.00331608831078 0.00527662359252 0.0143788466387 0.0019829189297 0.00532457738532 0.00083326926184 0.00189481904577 0.002383562163 0.0139191940427 -0.0072296738815 0.0115924468972 0.0144119541627 0.0116481419845 0.0133599096539 0.0192566797287 0.0395678067538 0.00621763191417 0.0216812052302 0.0145389577917 0.0522321269517 0.0136132474501 0.00622540087267 0.0099877692107 0.0365217770073 0.00908496145237 0.0454936113712 0.0167835299585 0.0012921839741 0.0167064827342 0.0172495793564 0.0012441368133 -0.00327456100046 0.0195102640213 0.023322305194 0.00802576016882 0.0163695815173 
0.00834944524495 -0.00263019061592 0.0176032653404 0.019190549279 -0.0142511272922 0.00890132404415 0.00435164906591 0.11320037983 0.0210832559022 0.00975470963263 -0.000792931293294 0.0260388792243 0.399941515721 0.00116601717981 0.0277529448804 0.00252921091691 0.01532251783 0.209770686444 -0.00899769720079 0.00878848206534 0.0203961270568 0.0451517754246 -0.00114001324062 0.0119229121375 0.0241317022653 0.0206058377078 0.0137784312164 0.0150911430616 0.00756402530138 0.0278571828763 0.0551135056175 0.00551910200623 0.0231441334085 -0.00595116402277 0.0115364994567 0.000861180126915 0.00703423946434 0.0130163767525 0.0316332972879 -0.00185893542953 0.00371002934092 0.00239166512204 0.0279942994196 0.0151710688363 0.00138912163871 -0.00658468733769 0.00160100653818 0.0184896740582 0.0187037715969 0.0112026793048 0.0141871490551 -0.00537767596934 0.000283842196886 0.00596002295308 -0.0099852206802 -0.00332864934033 0.0187644148028 0.162171669344 0.0236012349675 0.01156310071 
0.00494283943258 0.00216726849073 0.0203901495141 0.0288440630185 0.0143245819469 0.00965827584795 0.00270839466893 0.00908027258393 0.0242125103508 0.0109423310238 0.0175150061493 -0.00355104858355 0.00116601717981 0.158476605784 0.0186188955174 0.00342317019108 0.0133433784428 -0.000792443351277 -0.00199008745196 0.0125314359437 0.0353621089416 0.0183099945242 0.0114384285184 0.0175564219563 0.0148014616405 0.0147370785827 0.0149994237183 0.00336606612484 0.0149135666302 0.0121487280058 0.0262895158742 0.000291680168501 0.0167242962732 0.000308657754629 0.0140803182883 0.0056146430888 0.0109698048281 0.0033320869182 0.00972954413139 -0.000972827052245 0.00938277178606 0.00828346420282 0.00475097015628 0.00246753077146 0.00454500547691 0.00108048395275 0.0101576141989 0.00587895375691 0.00709100620938 0.00737176822795 -0.00265981460566 0.0105592142363 0.0145364322143 0.0110126848319 0.00380137794889 0.0131415139274 0.0220235148519 -0.00384216309454 0.00753740592002 0.0285827315807 
0.0143879028987 0.0305973485074 0.0351714048101 0.0214742163079 0.0167566637458 0.0250291522489 0.0112097166703 0.0233216758607 0.0226011796973 0.0214054717197 0.0263282588905 0.0238963467244 0.0277529448804 0.0186188955174 0.267477348703 0.0188237404389 0.0278611186313 0.040454921418 0.0123722086937 0.0293007613769 0.00999025582095 0.0632617086639 0.0151404394262 0.0229267956356 0.0596122578285 0.0161805707716 0.0295361683786 0.0338549624959 0.0236338351122 0.0419392842293 0.0485237640228 0.0117753049015 0.0254920374084 0.00956328409759 0.0137058922083 0.0279067196524 0.0291665189827 0.0270882228139 0.0282694013308 0.028936777753 0.00807556052239 0.0299669183584 0.0163189652835 0.0154471710616 0.0171962260068 0.0111268406129 0.0197753423566 0.0172554152681 0.0173700393526 0.027797012233 0.0378985928169 0.0280827561175 0.0109850106926 0.0257681155627 0.034521898199 0.025347530319 0.0264042542083 0.016782512361 0.034444647635 0.0357255711875 
-0.00323752293065 0.0267588215659 0.0240703879454 0.0102189731493 0.0157206883045 0.0206630563977 0.0281826391107 -0.00117802743822 0.0119047918975 0.0148009372372 0.016177082743 0.0140868273065 0.00252921091691 0.00342317019108 0.0188237404389 0.265449957253 0.0112881347123 0.00339643441955 -0.00518496206794 0.0106669665936 -0.00834856871183 0.0105195528806 0.0161031735009 0.00800601574809 0.0261079618567 0.00899720858889 0.00781669787738 0.0169941945086 0.0172242741455 0.0239309187242 0.00427922386203 0.00448387086191 0.0210786547163 0.00340441777144 0.013058564425 0.0296872320779 0.0150204595962 0.0254030371628 0.0178218030314 0.0057952531229 0.00316464748369 0.0162963267065 0.00158774514628 0.0117694959456 0.0156518288129 0.0109165227012 0.0105373069802 0.0161297399991 0.00778878860206 0.0139991971507 0.0367231970054 0.0109197801245 0.0184368769391 0.0212597876611 0.0259780801886 0.00866252753682 0.00878744566389 0.0174849867719 0.0181252161647 0.00152252764304 
0.0110923535936 0.00868598526841 0.0147740420283 0.0235749091814 0.00958078421401 0.0201113597834 0.00608431677794 0.0240762394513 0.0292894830843 0.0124508822412 0.0124326144943 0.000465985738136 0.01532251783 0.0133433784428 0.0278611186313 0.0112881347123 0.266612705171 0.0260376686056 0.0263931169207 0.0223188717828 -0.0253623543377 0.0311770021731 0.0151190049377 0.0124690892118 0.0260094312658 0.0404941483935 0.0260516054949 0.00707265094389 0.0171987252369 0.0440046473162 0.0237703343647 0.00493220520413 0.0216494749926 -0.00215217543917 0.00338554133907 0.00752750001693 0.0202231607793 -0.000640640210529 0.0156540921519 0.0172017811009 0.0013861386287 0.0246244881082 0.00612729916096 0.00128976574398 0.00741856041183 0.0178869965209 -0.00766678798478 0.00864541329176 0.00678911320605 0.00565274892288 0.0227978758947 0.00413085786794 0.00284590818482 0.00839127963703 0.0163002642563 0.00502043782259 0.0192441585448 0.0204916708081 0.0455583976905 0.00160237934919 
0.0122931023823 0.0115290496124 0.0199650207284 0.0466198537571 0.00906855064179 0.0284265513595 0.0218662005939 0.157660266421 0.0315847800628 0.0533988109674 0.01820065686 0.0418747231214 0.209770686444 -0.000792443351277 0.040454921418 0.00339643441954 0.0260376686056 0.452365579574 0.0162931139319 0.00702467186749 0.07387951334 0.023774007199 0.00414837264104 0.0249192081938 0.0184779119325 0.0273876354409 0.0259192814163 0.00234279316006 0.0225635496551 0.0355542239712 0.0396855271805 0.000266666375855 0.0331556588932 0.00514847416939 0.00613739008697 0.00573237629621 0.0175702659909 0.00824401249765 0.0387219691027 0.0485070618048 0.0159846528801 0.00426122243185 0.0194883043703 0.0188636534889 0.0190359920624 0.00772841728848 0.00273385946573 0.0182387502189 -0.00721045432519 0.0241874400745 0.0134632748905 0.017054950874 0.0111456428356 0.0207842976381 -0.00443789095539 -0.0186119031415 0.0217935440442 0.174145240091 0.0415512494215 0.044402387994 
0.000350992959658 0.0138042100919 -0.000196278178997 0.0127281556888 0.0248541023028 0.0317801964768 0.0196292632003 0.00119965728145 0.0129214542 0.0293447895175 0.00425979937201 0.00855449166817 -0.00899769720079 -0.00199008745196 0.0123722086937 -0.00518496206794 0.0263931169207 0.0162931139319 0.840154883371 0.0114695841113 0.0375995338608 0.00413652480391 0.00165866251755 0.0412063449394 0.0196653595872 0.0224496586537 0.0112241544061 0.0118062052833 0.0188212775493 0.190578071122 0.030341768271 0.00945561871464 0.0147259702015 0.025493054071 0.00128347573001 0.00625652495158 0.027384641752 0.0138999937326 0.0159113330176 -0.00227310961851 0.0146205173253 0.00975646586935 0.00639853570408 -0.00130631051172 -0.000324118575896 -0.00807679719113 -0.00114611522713 0.00172318524969 -0.00978641963511 0.0172726896164 0.0180423110561 0.0046694922074 0.0120294266911 0.00714286688716 0.043702054791 0.033936284663 0.0277878401465 -0.0131862577945 0.00685476174919 -0.0159746249371 
0.00742644185792 0.0115216185966 0.0254888477444 0.00338678840094 0.0192552756554 0.0181637124705 0.0146476465009 0.00977631314063 0.00846194607222 0.0228670551116 0.0150781826884 0.0107627239708 0.00878848206534 0.0125314359437 0.0293007613769 0.0106669665936 0.0223188717828 0.00702467186749 0.0114695841113 0.308007323025 0.00901443112929 0.0053532517881 0.0114465498331 0.0120871273114 0.0467470627839 0.0197414357329 0.00815933220718 -0.000451273068051 0.0296235521812 0.0248106704712 0.0210425135316 0.018425529314 0.0205695956662 -0.00154399856667 0.0243341952316 0.0257829799501 0.0334271161191 0.0138232400909 0.0312353807637 0.0338084263874 0.0176992073119 0.0201797621099 0.000452162505049 0.00397772465907 0.0173813816541 0.00668448823497 0.0139879771372 0.0205038027875 0.0515655830812 0.00827512056157 0.0100889528891 0.0225382335398 0.0057985775234 0.0205530585196 0.0286172200937 -0.0118983394042 0.0215617448267 0.0247169451483 0.017774028518 0.00365827832804 
-0.000711827376217 -0.0056310808431 -0.00325505290363 0.0166252133907 -0.0213330052465 0.0287158165383 -0.019568417655 0.00559444143268 0.0363378954011 0.0675379906875 -0.00873272854998 -0.00110047353553 0.0203961270568 0.0353621089416 0.00999025582095 -0.00834856871183 -0.0253623543377 0.07387951334 0.0375995338608 0.00901443112929 5.23610467748 -0.0147984213343 0.0325851953848 0.0138499350076 0.00042077400745 -0.00963002837206 -0.00545707483934 0.00209152097772 -0.0161040537032 0.0528334344922 0.0049482101874 0.0212838948133 0.0110489512083 -0.0197187393142 -0.00690672150111 -0.00458981821916 -0.00314696993234 -0.00356876746712 -0.00240341840998 -0.0185587245941 0.00506686420403 0.0189042671364 -0.01629827175 -0.0119489676369 -0.00865108774404 -0.000121112998676 0.00267155475939 -0.00470140520994 0.00952827264034 -0.0128796962521 0.0010310405351 -0.000596018919648 -0.00507091911477 -0.0179822349895 -0.00441225309524 0.00638961168895 0.0211347340628 0.00103392680959 0.0140142211142 -0.0094353367572 
0.00676093299211 0.0192038335388 0.0326021421037 0.025290247285 0.00501778723031 0.0165125377524 0.0133290805713 0.0222980122408 0.0155075493498 0.0415028971831 0.0316866010704 0.0056724549131 0.0451517754246 0.0183099945242 0.0632617086639 0.0105195528806 0.0311770021731 0.023774007199 0.00413652480392 0.00535325178811 -0.0147984213343 0.480750176762 0.0179335596351 0.00416832274215 0.0436722284084 0.00717884888727 0.0268703405138 -0.00249982895237 0.028329825274 0.0588205543434 0.0716922945625 0.0047149497423 0.0122603814684 0.00807447391916 0.00806285947394 0.0226009840229 0.0163678834465 0.0270974848344 0.0115683499841 0.0237766642979 0.0160006443399 0.0170754328087 0.00125097403832 0.00284591883123 0.0199856457435 0.0219697005732 0.0217700022186 0.0186466463631 0.0192935873184 0.00951624602795 0.0184937989945 0.00811809330461 0.0007677429535 0.0118344804181 0.0199887537681 -0.0130777332395 0.0142390180456 0.0113741569217 0.0121941629385 -0.00471969020161 
0.0080685402646 0.016288011764 0.0236341690339 0.0247823649005 0.02375358078 0.0232485432131 0.014192984077 -0.00874631146358 -0.0197952496341 -0.0048520144743 0.0179951565971 -0.0152781022631 -0.00114001324062 0.0114384285184 0.0151404394262 0.0161031735009 0.0151190049377 0.00414837264104 0.00165866251755 0.0114465498331 0.0325851953848 0.0179335596351 0.286593932717 0.00751179460611 0.0180544523816 0.0351484899068 0.0233567806368 0.0138751405439 0.0125190873517 0.0395397643757 0.0213129037393 0.00744237075228 0.0136596693623 -0.00643580047301 0.00887245956362 0.00846076055949 0.0194629464131 0.0187741169283 0.0214998304013 0.0368805243915 0.00655623880758 0.0135199131195 0.000298694477569 0.00235555979805 0.0163956306643 0.00882802647456 0.0125623089103 0.018058186449 0.0308466321792 -0.000121743899732 0.0119937502668 0.037145178803 0.0220901447298 0.0165080412188 0.0407520109953 0.0173044377389 0.00872048572186 0.00880209463592 0.00304286144533 0.0131021377304 
0.0126041700163 0.0151253357985 0.0205785623894 0.0255773344583 0.0206129425898 0.0141501795329 0.00675605835754 0.0130274336493 -0.00513407278029 0.0222287275528 0.0143603277775 0.00728337212673 0.0119229121375 0.0175564219563 0.0229267956356 0.00800601574809 0.0124690892118 0.0249192081938 0.0412063449394 0.0120871273114 0.0138499350076 0.00416832274215 0.00751179460611 0.186756936876 0.0198345044068 0.020253607261 0.00298512851522 0.0351528793325 0.0236385354447 0.0235676306114 0.0104569334088 -0.00377561891304 0.0270796266097 0.00124153836015 0.00875750948487 0.00715095571714 0.0208513179247 0.0107012234124 0.00975087118203 0.0261347153526 -0.00267578049324 0.0182571912309 0.00479672210005 0.0129547378016 0.00502134542389 0.0176447721711 0.0126679976884 0.0206047543023 0.0134048929228 0.0103789479989 0.0157262184428 0.0142964316136 0.0154261903345 0.0108470725926 0.0344593564268 0.0244275840755 0.00230048556032 0.0125740671227 0.00709544104342 0.00799665949175 
0.0141337199935 0.0245269932864 0.0411256247165 0.0202555011358 0.00555347848878 0.0222441753869 0.00234146345839 -0.000866655824039 0.018582328258 0.0179327183772 0.0133515206962 0.00331608831078 0.0241317022653 0.0148014616405 0.0596122578285 0.0261079618567 0.0260094312658 0.0184779119325 0.0196653595872 0.0467470627839 0.00042077400745 0.0436722284084 0.0180544523816 0.0198345044068 0.27996784922 0.0339204534866 0.0185915460511 0.0430397360796 0.0330694670164 0.0452601532358 0.0332293293451 0.0124803076905 0.0212541853044 0.0115365917766 0.00453769808659 0.0206975744033 0.0276838888365 0.0328268270418 0.0143958465741 0.000577208891668 0.00974300420761 0.0393755058661 -0.00343410119169 0.0127676683641 0.00867586201565 0.00858498603769 0.0247288225985 0.0242818572369 0.0292810767513 0.00964211117009 0.0292638849535 -0.00124279488837 0.0187834230856 0.0163538095067 0.029669422624 0.00041485701163 0.0231589646258 0.0176970576 0.0222384911313 0.00193274740919 
0.00572238533891 0.0223752266408 0.028641909559 0.0621044051801 0.00419640490478 0.0153960835221 0.0111217274092 0.0298045731822 0.00858236649806 0.0233455972043 0.0222020203661 0.00527662359252 0.0206058377078 0.0147370785827 0.0161805707716 0.00899720858889 0.0404941483935 0.0273876354409 0.0224496586537 0.0197414357329 -0.00963002837206 0.00717884888727 0.0351484899068 0.020253607261 0.0339204534866 0.252060881301 0.0218397812443 -0.0138864337518 0.0186299774899 0.0538303597478 0.0204246361648 -0.000674601929934 -0.00213129502193 0.0137018944884 0.000922282992145 0.0205069603863 0.0252290321301 0.017164456184 0.0382896052338 0.0263645558092 0.00377575409081 0.0243257845241 0.0069123801685 0.00230425244245 0.00560411056659 0.00251058181639 0.00833663623316 0.0127348058603 0.0111545778797 0.00993531281665 0.00669135574533 0.0203835078623 0.0221052161133 0.0282203803475 0.0134279711309 0.00924970268164 0.0182158277985 0.0398807548441 0.0358562356179 0.00423022565193 
0.00942137354094 0.0101214711665 0.0196631904195 0.0289040497115 0.032992551226 0.0250766646584 0.0262384177269 0.0148400949123 0.00798893902411 0.032308991038 0.00921102068903 0.0143788466387 0.0137784312164 0.0149994237183 0.0295361683786 0.00781669787738 0.0260516054949 0.0259192814163 0.0112241544061 0.00815933220718 -0.00545707483934 0.0268703405138 0.0233567806368 0.00298512851522 0.0185915460511 0.0218397812443 0.232099195308 0.149628338663 0.0204758841393 0.0346995963116 0.0293483880638 0.00688229279191 0.0120917748854 -4.43298503974e-05 0.0118632461494 0.00534738694666 0.0177599514059 0.0158149913853 0.0221077934999 0.0136032770194 0.00751577795478 0.0134862857511 0.00784239038786 0.00939323812895 0.019018868835 0.0187928461987 0.0140084360155 0.0162230827883 0.0108729689162 0.0135559757109 0.0192746929393 0.0185147958121 0.0152440823297 0.00794704535324 0.0145341973489 0.0112571263796 0.0479612405537 0.0239764774982 0.0284977331631 0.009165758965 
0.00270200858443 0.0192079675876 0.0460838167967 0.0407532261342 0.00399379813475 0.0377493339817 0.0285465487228 -0.0127449680676 -0.0112973150266 0.0328827176586 0.0152655504249 0.0019829189297 0.0150911430616 0.00336606612484 0.0338549624959 0.0169941945086 0.00707265094389 0.00234279316006 0.0118062052833 -0.000451273068051 0.00209152097773 -0.00249982895237 0.0138751405439 0.0351528793325 0.0430397360796 -0.0138864337518 0.149628338663 2.26367937946 0.0493477837467 0.0160084514583 0.0723590968825 0.00150112727293 0.015034575179 0.00385506194721 0.00738415636171 0.0148247494758 0.00847984603142 0.00892225358445 0.0293926845758 -0.0458317382237 0.00995548526098 0.0243488943819 0.00552758023883 -0.00893594368483 0.00853447362661 0.0668677069622 0.0127218303858 0.0419385486353 0.0123946067752 0.0013718097898 0.025388533121 0.018442670136 0.0212765229148 0.00370858330807 -0.00736175268835 0.0120202216505 0.0682769282468 0.0474193824438 0.0600906066188 0.0418200656603 
0.00877451921668 0.0152145413117 0.0482831524803 0.0225368953904 0.0302321821977 0.00664380117271 0.00748598219464 -0.00498219993825 0.0383947389442 0.0223991952283 0.0260410248141 0.00532457738532 0.00756402530138 0.0149135666302 0.0236338351122 0.0172242741455 0.0171987252369 0.0225635496551 0.0188212775493 0.0296235521812 -0.0161040537032 0.028329825274 0.0125190873517 0.0236385354447 0.0330694670164 0.0186299774899 0.0204758841393 0.0493477837467 0.222627561582 0.0191667623755 0.0146412101028 -0.00510844003854 0.0149359686377 0.0522010391386 0.0127342321677 0.0207511436117 0.0195067476667 0.0271567627561 0.0266107969327 -0.0105861483311 0.00335752752195 0.0143629633279 0.00487663374169 0.0111904568871 0.00478163514344 0.0228081881047 0.0114974737412 0.0355176332516 0.0195589351488 0.0266818553457 0.0205234006578 0.00850535607341 0.0252946648565 0.00878736644922 0.0211993549654 0.0278040960621 0.0105308246618 0.00916110246341 0.0269545181916 0.0152914972236 
-0.0028993226727 0.0173259996084 0.0348078072038 0.022978425666 0.0269541479791 0.0330221239222 0.0374612859066 0.0242947119213 0.0282353035482 0.0213063775503 0.0193303205983 0.000833269261839 0.0278571828763 0.0121487280058 0.0419392842293 0.0239309187242 0.0440046473162 0.0355542239712 0.190578071122 0.0248106704712 0.0528334344922 0.0588205543434 0.0395397643757 0.0235676306114 0.0452601532358 0.0538303597478 0.0346995963116 0.0160084514583 0.0191667623755 0.404589413011 0.0369214699999 0.0225446509038 0.0499445365545 0.00297568112986 0.0096250177793 0.0109824839841 0.0108857399827 0.0087863724114 0.0274660758844 0.0172322632035 0.00952217715326 0.00284465587586 0.011953828538 -0.00478501632726 -0.00257754013358 0.0123691543396 0.0263541754796 0.0164620414342 -0.0161583654412 0.00593014515523 0.018251182263 0.0174474129357 0.0187776710443 0.025116263681 0.0536525752384 0.049002818681 0.0227310758046 0.0292750211327 0.0228661652274 -0.00462444024941 
0.0148412788157 0.0059284176329 0.00574365472816 0.029349872886 0.0044100757908 0.0269956378457 0.0104130132767 -0.00298408671848 0.0388792760415 0.0272582193048 0.0261493986132 0.00189481904577 0.0551135056175 0.0262895158742 0.0485237640228 0.00427922386203 0.0237703343647 0.0396855271805 0.030341768271 0.0210425135316 0.0049482101874 0.0716922945625 0.0213129037393 0.0104569334088 0.0332293293451 0.0204246361648 0.0293483880638 0.0723590968825 0.0146412101028 0.0369214699999 0.452589968777 -0.0146444306684 0.0145613996267 0.0064622501727 0.0102592871763 -0.00339367107499 0.0285005529251 0.0111286872841 0.0160703304968 0.0247944386533 -0.00263305665417 -0.00107289622906 0.00288476019383 0.00114962123386 0.00263423532678 0.00306359993422 0.00199292375355 0.0114062027834 0.0091683797271 0.00940354678544 0.0241936360348 0.0229777313352 0.00670197829256 -0.00783813635987 0.0150589830347 0.0177893810737 0.0390466848586 0.00976558496268 0.0197017575928 0.0522652639563 
0.00236655884531 0.00215935081297 0.00603894061547 0.00862814246876 0.0048080548444 0.0133381901699 0.00395003409432 0.0262030455365 0.0203523549628 0.00759129989888 0.0225317598521 0.002383562163 0.00551910200622 0.000291680168501 0.0117753049015 0.00448387086191 0.00493220520413 0.000266666375855 0.00945561871464 0.018425529314 0.0212838948133 0.0047149497423 0.00744237075228 -0.00377561891304 0.0124803076905 -0.000674601929934 0.00688229279191 0.00150112727293 -0.00510844003854 0.0225446509038 -0.0146444306684 0.243356067557 0.0111941075595 -0.0153656837963 0.00720200698737 0.00108378028058 0.000994671842063 0.0079685252881 0.00701629710965 0.00355339159357 -0.00893647587723 0.0086232751617 0.00562466938394 0.00462204699542 0.00389588316701 -0.00273699754983 0.000345964060621 0.0160985072986 0.00135674353749 0.00488059235393 0.00548855975599 0.00414992986066 0.00882768541625 0.0105792991363 0.0188108486157 0.0117716136411 0.00994977498112 0.0118719161186 -0.00410234731354 -0.00303773060279 
0.00770031268906 0.0174182985749 0.0223889363292 0.0106171189032 0.0391934174681 0.025206605386 0.0504777510988 0.0352886797103 -0.00568483812747 0.0306165897548 0.00242547708506 0.0139191940427 0.0231441334084 0.0167242962732 0.0254920374084 0.0210786547163 0.0216494749926 0.0331556588932 0.0147259702015 0.0205695956662 0.0110489512083 0.0122603814684 0.0136596693623 0.0270796266097 0.0212541853044 -0.00213129502193 0.0120917748854 0.015034575179 0.0149359686377 0.0499445365545 0.0145613996267 0.0111941075595 1.06186840563 -0.00796687117433 0.0146036607419 0.00455994167623 0.00323288466261 0.00610558258169 0.0186118588393 0.0251276319429 -0.00622253678604 0.00581150427976 0.0116786905447 0.007219317799 -0.005235470301 0.0215366450808 0.140515752701 0.0258218458208 0.00381339747946 -0.00170549786418 0.0290625592026 0.0111797059948 0.00225151652531 0.0316083787841 0.000606031519317 0.0154475586232 0.0177521995466 0.00598175733897 0.0165468678325 5.34079866342e-05 
0.000698832965425 0.00244723331319 0.0113422011993 -0.0330466630735 0.0597411218228 0.00282723484609 0.0494769646496 -0.0162588550503 -0.0159450896582 -0.00696761978924 0.011998828463 -0.0072296738815 -0.00595116402277 0.000308657754629 0.00956328409759 0.00340441777144 -0.00215217543917 0.00514847416939 0.025493054071 -0.00154399856667 -0.0197187393142 0.00807447391916 -0.00643580047301 0.00124153836015 0.0115365917766 0.0137018944884 -4.43298503972e-05 0.00385506194721 0.0522010391386 0.00297568112986 0.00646225017269 -0.0153656837963 -0.00796687117433 1.36593143047 -0.00145985721751 0.00511790463779 0.00120426499411 0.00841639938326 0.0173476397502 -0.0170550194068 -0.00759578224347 0.00907938391691 0.0133574266189 -0.00255182587317 -0.017652070761 0.00488290424091 0.026119201147 0.0223997211566 -0.017640970974 0.00760278314341 0.00504733908819 0.0262976519379 -0.00612770526654 -0.00393387423416 -0.00631898994514 -0.032065718339 0.00558012534747 0.0123676049292 0.0138696432784 -0.0226563764458 
0.0296518119448 0.0156557771113 0.00886543467111 0.0125210296851 0.0114140747417 0.00700736469184 0.0109689214047 -0.00234273814155 0.00165802910718 0.00555887395951 0.00176428031388 0.0115924468972 0.0115364994567 0.0140803182883 0.0137058922083 0.013058564425 0.00338554133907 0.00613739008696 0.00128347573001 0.0243341952316 -0.00690672150111 0.00806285947394 0.00887245956362 0.00875750948487 0.00453769808659 0.000922282992146 0.0118632461494 0.00738415636171 0.0127342321677 0.0096250177793 0.0102592871763 0.00720200698737 0.0146036607419 -0.00145985721751 0.132326538351 0.0108017133005 -0.000287394702087 0.0150497135797 0.00221759154598 0.0133180502186 0.00359289031984 0.00332184410104 0.024321598792 0.00584991282019 0.0036800697327 0.0161001935344 0.0169921960772 0.0199160397999 0.0152751635092 0.0116241297734 0.0133630622796 0.0164204458506 0.00808231216145 0.0205962104623 -0.00231258465423 0.0131429425168 0.0034118635335 0.00651475229804 -0.00305216235886 -0.00185401062409 
0.00944669393001 0.039297249612 0.0485558389698 0.0116565188138 0.0126816309479 0.000946409254866 0.0121663831255 -0.00122498898296 0.0232048797496 0.0126614303887 0.0112980701168 0.0144119541627 0.000861180126916 0.0056146430888 0.0279067196524 0.0296872320779 0.00752750001693 0.00573237629621 0.00625652495159 0.0257829799501 -0.00458981821916 0.0226009840229 0.00846076055949 0.00715095571714 0.0206975744033 0.0205069603863 0.00534738694666 0.0148247494758 0.0207511436117 0.0109824839841 -0.00339367107499 0.00108378028058 0.00455994167623 0.00511790463779 0.0108017133005 0.155279154773 0.0043241388184 0.0440524386514 0.0117515448797 0.0137927349788 -0.00276624625584 0.0199130266604 0.00800678222409 0.00804332462204 0.00896820124966 0.00493656483477 0.0227813639557 0.0242196736569 0.0119340679608 0.0177550159187 0.0317559398178 0.00789579303712 0.0214918997144 0.0161522923191 0.0137877876243 0.0293720767026 0.0072087004934 -0.00455647790711 0.0185310928841 0.021572632126 
0.0167175459467 0.00564263533769 0.0158875844283 0.0319170907437 0.010642908961 0.0212571771518 0.00601701040144 0.00685271508833 0.0146638845132 0.0303384967414 0.00528873075785 0.0116481419845 0.00703423946434 0.0109698048281 0.0291665189827 0.0150204595962 0.0202231607793 0.0175702659909 0.027384641752 0.0334271161191 -0.00314696993234 0.0163678834465 0.0194629464131 0.0208513179247 0.0276838888365 0.0252290321301 0.0177599514059 0.00847984603142 0.0195067476667 0.0108857399827 0.0285005529251 0.000994671842064 0.00323288466261 0.00120426499411 -0.000287394702088 0.0043241388184 0.200404635545 0.0131243199271 0.0218858559136 0.0286330667868 0.0106879754051 0.0107894991632 0.00489018140497 0.0109062961887 0.0161200389123 -0.00303249700966 0.000171542113779 0.0155294498211 0.0139897688571 0.0139064674271 0.0132662659283 0.0144142604674 0.0209474363393 0.0148807175568 0.0194475259441 -0.000103778179256 0.0254627589444 0.00622346280219 0.0186602981959 0.0275550660406 
0.00647966499676 0.028732754629 0.0508571535318 0.0175265903427 0.00857665287544 0.00446641979959 0.0147086109121 0.0010285542777 0.00911215568369 0.011790813856 0.0169352106206 0.0133599096539 0.0130163767525 0.0033320869182 0.0270882228139 0.0254030371628 -0.000640640210529 0.00824401249765 0.0138999937326 0.0138232400909 -0.00356876746712 0.0270974848344 0.0187741169283 0.0107012234124 0.0328268270418 0.017164456184 0.0158149913853 0.00892225358445 0.0271567627561 0.0087863724114 0.0111286872841 0.0079685252881 0.00610558258169 0.00841639938326 0.0150497135797 0.0440524386514 0.0131243199271 0.121249598445 0.0178758397097 0.0134377768983 -0.00859011780534 0.017022326077 0.00884888154738 0.0160976996547 0.0200418763068 0.0129512624715 0.01639176673 0.0237701255235 0.0139484327917 0.0195304286601 0.0273558380004 0.0125765816764 0.00976926951079 0.0199201217503 0.0152230727477 0.0331061028672 0.00608306005288 0.00808003894633 0.0201741502331 0.00945161945973 
0.00566823930446 0.0126392582677 0.0112731660274 0.0207095344475 0.0224496179503 0.0230207527725 0.00333444894638 0.00938468013079 0.00111180103076 0.0199339223367 0.0254972353677 0.0192566797287 0.0316332972879 0.00972954413139 0.0282694013308 0.0178218030314 0.0156540921519 0.0387219691027 0.0159113330176 0.0312353807637 -0.00240341840998 0.0115683499841 0.0214998304013 0.00975087118203 0.0143958465741 0.0382896052338 0.0221077934999 0.0293926845758 0.0266107969327 0.0274660758844 0.0160703304968 0.00701629710965 0.0186118588393 0.0173476397502 0.00221759154598 0.0117515448797 0.0218858559136 0.0178758397096 0.314760346267 0.031206361493 0.00385387603186 0.0381343313895 0.00683250770647 0.00896617661416 0.0368734255802 0.00933198286713 0.0173245472606 0.0153471917861 0.104737793715 0.0110265832441 0.0163447075957 0.0243861122176 0.0182744061046 0.0211063018031 0.0103121198625 0.0249210915363 0.0200517710762 0.0312344575083 0.0382461367064 0.00816723944089 
