20
0.0413167922229 0.0440278725419 0.0348883512333 0.0155341374053 0.0426672552596 0.0540864966038 0.0486003975036 0.148705689344 0.0298565853869 0.0202574279786 0.026417897889 0.0210495138202 0.121001700606 0.0738036440579 0.0367752030525 0.239728898705 0.070265204238 0.0284224966367 0.043075945187 0.169485482474 
0.248018166723 0.0184808370378 0.0399223789265 0.0162740734393 0.0257050499419 0.0243388574474 0.0340437774692 0.00531973438376 0.0245162913924 0.0193298163646 0.0125953481267 0.0233270065177 0.0401403560134 0.045947033582 0.031907049234 0.0596505838307 -0.00810295828826 0.0201980564863 0.0104571929487 0.0169263534372 
0.0184808370378 0.238748362023 0.0497968277701 0.0119557744203 0.0151818906953 0.00876444662971 0.0061494130617 0.0444772963843 0.0255610342734 0.00845036336192 0.0219706330292 -0.000533449966751 0.00926540677541 0.0173892846089 0.014178417739 0.0440989544464 0.0201750043222 0.0176114966063 0.0147802785702 0.0226675008963 
0.0399223789265 0.0497968277701 0.334700493928 0.0149401822105 0.0331659973726 0.0192275148534 0.015149745745 0.0157447719652 0.0317905922016 0.030215026168 0.0414881166382 0.010461720121 0.000131894866761 0.0323780905607 0.0168813396174 0.0597389850916 0.01263801289 0.00939655972201 0.0344133836599 0.0359227446825 
0.0162740734393 0.0119557744203 0.0149401822105 0.192838612826 0.00503020739932 0.00619047995918 0.00728874434097 0.00198215128241 0.0204324082387 0.0141356685348 0.00239576693208 0.00506326163996 0.00932052392692 0.0107430993285 0.0263673654184 0.0312580961194 0.00453772852511 -0.00735200255773 0.0125920180126 0.0104643246228 
0.0257050499419 0.0151818906953 0.0331659973726 0.00503020739932 0.221375659062 0.0221884022738 0.00823588957277 0.0224465129343 0.0334073759007 0.0416058749925 0.0214912938319 0.0153828367525 0.0232469598102 0.0316781168862 0.0244990706259 0.0306672957174 1.33481804931e-05 0.0125605989021 0.0337752974557 0.00675567204293 
0.0243388574474 0.00876444662971 0.0192275148534 0.00619047995918 0.0221884022738 0.395272738104 0.0179545700477 0.0201662646702 0.0147186696079 0.0187644393356 0.00226444844015 0.0144263443358 0.0254339225323 0.0149419058697 0.0193111983038 0.0646275392804 0.0095415161604 0.000417884178924 0.0135433640455 -0.00793725608884 
0.0340437774692 0.0061494130617 0.015149745745 0.00728874434097 0.00823588957277 0.0179545700477 0.403961091812 0.0314152174822 0.00987747205771 0.0325492455891 0.00757980260561 0.00429906450648 0.0185373277542 0.0203021729898 -0.0125039957403 0.0397944764148 -0.00170233419539 0.0343001167158 0.00990248456067 0.00757910910209 
0.00531973438376 0.0444772963843 0.0157447719652 0.00198215128241 0.0224465129343 0.0201662646702 0.0314152174822 0.648667747944 0.0164819960333 0.0495159239544 0.0315935917713 0.00843480461392 0.0259434370887 0.0286461587372 0.0195352658148 0.0917061750949 0.0197896677963 0.0226467263103 0.0164249829332 0.0310466274918 
0.0245162913924 0.0255610342734 0.0317905922016 0.0204324082387 0.0334073759007 0.0147186696079 0.00987747205771 0.0164819960333 0.15424513666 0.0276603053999 0.00992300509306 0.010859444873 0.0163445421287 0.0208675088498 0.0303287144175 0.0364155695833 0.0106646232693 0.0148606698064 0.0430825309 0.00687683563741 
0.0193298163646 0.00845036336192 0.030215026168 0.0141356685348 0.0416058749925 0.0187644393356 0.0325492455891 0.0495159239544 0.0276603053999 0.289514951832 0.0359885251688 0.0179256089675 0.0313310564142 0.0431239316615 0.0187330073067 0.0625022226397 0.00679484297203 0.0109608060825 0.0236901446689 0.00314121890757 
0.0125953481267 0.0219706330292 0.0414881166382 0.00239576693208 0.0214912938319 0.00226444844015 0.00757980260561 0.0315935917713 0.00992300509306 0.0359885251688 0.283829280816 0.00680975229387 0.0243313168739 0.0308271827041 0.0122730856292 0.0436613546702 0.01451397302 0.000392898827331 0.0321968151644 0.0339737392581 
0.0233270065177 -0.000533449966751 0.010461720121 0.00506326163996 0.0153828367525 0.0144263443358 0.00429906450648 0.00843480461392 0.010859444873 0.0179256089675 0.00680975229387 0.330733885025 0.0216333058915 0.0201656417109 0.0156289190986 0.0432937801835 -0.00193883014467 -0.00302356490045 0.0149134659855 0.0104224694058 
0.0401403560134 0.00926540677541 0.000131894866761 0.00932052392692 0.0232469598102 0.0254339225323 0.0185373277542 0.0259434370887 0.0163445421287 0.0313310564142 0.0243313168739 0.0216333058915 0.745511543475 0.0182055669098 -0.0052722765013 0.0433037889182 0.0171420110104 0.0186697697553 0.0224230946528 0.0429419517119 
0.045947033582 0.0173892846089 0.0323780905607 0.0107430993285 0.0316781168862 0.0149419058697 0.0203021729898 0.0286461587372 0.0208675088498 0.0431239316615 0.0308271827041 0.0201656417109 0.0182055669098 0.360413664622 0.021755942997 0.0672517779384 0.00657651364212 -0.004782658537 0.0134069107881 0.0286436092421 
0.031907049234 0.014178417739 0.0168813396174 0.0263673654184 0.0244990706259 0.0193111983038 -0.0125039957403 0.0195352658148 0.0303287144175 0.0187330073067 0.0122730856292 0.0156289190986 -0.0052722765013 0.021755942997 0.260148363387 0.0312854728946 0.0330519185224 -0.00314749150236 0.0167262036905 0.0106910792879 
0.0596505838307 0.0440989544464 0.0597389850916 0.0312580961194 0.0306672957174 0.0646275392804 0.0397944764148 0.0917061750949 0.0364155695833 0.0625022226397 0.0436613546702 0.0432937801835 0.0433037889182 0.0672517779384 0.0312854728946 0.903584213631 0.0236404490106 0.0111447955575 0.0467038146243 0.0392449832411 
-0.00810295828826 0.0201750043222 0.01263801289 0.00453772852511 1.33481804931e-05 0.0095415161604 -0.00170233419539 0.0197896677963 0.0106646232693 0.00679484297203 0.01451397302 -0.00193883014467 0.0171420110104 0.00657651364212 0.0330519185224 0.0236404490106 0.982639193754 0.00877316711977 0.0130750723249 0.0404053042573 
0.0201980564863 0.0176114966063 0.00939655972201 -0.00735200255773 0.0125605989021 0.000417884178924 0.0343001167158 0.0226467263103 0.0148606698064 0.0109608060825 0.000392898827331 -0.00302356490045 0.0186697697553 -0.004782658537 -0.00314749150236 0.0111447955575 0.00877316711977 0.198938439499 0.0140465522071 0.0212274095343 
0.0104571929487 0.0147802785702 0.0344133836599 0.0125920180126 0.0337752974557 0.0135433640455 0.00990248456067 0.0164249829332 0.0430825309 0.0236901446689 0.0321968151644 0.0149134659855 0.0224230946528 0.0134069107881 0.0167262036905 0.0467038146243 0.0130750723249 0.0140465522071 0.225194220578 0.00812617720149 
0.0169263534372 0.0226675008963 0.0359227446825 0.0104643246228 0.00675567204293 -0.00793725608884 0.00757910910209 0.0310466274918 0.00687683563741 0.00314121890757 0.0339737392581 0.0104224694058 0.0429419517119 0.0286436092421 0.0106910792879 0.0392449832411 0.0404053042573 0.0212274095343 0.00812617720149 0.680181518911 

['MCK', 'WMI', 'BDK', 'MDP', 'VNO', 'GENZ', 'PAYX', 'MU', 'BAC', 'APCC', 'MWV', 'HMA', 'EP', 'SHW', 'ABT', 'NVDA', 'NFB', 'MKC', 'PNC', 'ADM']