20
0.0559384191954 0.0690593134036 0.107238949757 0.0589662330248 0.0383245101253 0.0698927007 0.025657065471 0.0179151897049 0.0534443631468 0.0584548507687 0.0565521495323 0.0766147585819 0.00361039022472 0.127416862275 0.123926899062 0.0448250845436 0.0528259349661 0.0184249616408 0.116792266476 0.0610020106181 
0.242435600838 0.0170645649997 0.0313891179487 0.0342214614953 0.0174248905049 0.0248551571064 0.0206155759141 -0.00434887080428 0.0258941644651 0.0250718544137 0.039008581439 0.0331753025862 0.00709615179734 0.000730966825891 0.00799203246445 0.0224392476463 0.0266939497367 0.0172730190105 0.0149398983253 0.0111117082538 
0.0170645649997 0.43000370526 0.0218616112295 0.0221073449994 0.0197781047455 0.0204045185616 0.0337189022573 0.00755590674627 0.0146046216691 -0.00120261609969 0.0349447909483 0.0329835431123 0.016606041183 0.0473875400254 0.024171232432 0.0307522497002 0.0223090566914 0.0271269208596 0.0183798251817 0.0490321204947 
0.0313891179487 0.0218616112295 0.489984880948 0.0342451500317 0.0244766813797 0.0400101990591 0.0350607804444 0.00565531242789 0.0115387507933 0.0412363043923 0.0207434386931 0.050863363004 0.0322542894041 0.0268654301467 0.0480054619655 0.035008374389 0.0383317565979 0.0429238840446 0.0102378898329 0.0291580327478 
0.0342214614953 0.0221073449994 0.0342451500317 0.407722884593 0.0285527037861 0.0301432016831 0.0201605967785 0.0102704637125 0.0285267037496 0.0158555458637 0.021331471692 0.0177216211716 0.00694114823239 0.010078848983 0.005371945132 0.0238633459519 0.016658193777 0.0176987783229 0.0208895926149 0.00141701746257 
0.0174248905049 0.0197781047455 0.0244766813797 0.0285527037861 0.334731943583 0.042265220617 0.0315925227155 0.00737927739054 0.0290671054922 0.031970251291 0.0277878940268 0.0353400018948 0.0465032131754 0.0202236835237 0.0189246872659 0.0595359955098 0.0244659285564 0.0290427490449 -0.00125633875993 0.0305394817865 
0.0248551571064 0.0204045185616 0.0400101990591 0.0301432016831 0.042265220617 0.452575220526 0.0337900245791 0.00975123698131 0.0628612673283 0.0362052609986 0.00845763343714 0.0361669201571 0.011093008521 0.0315614893318 0.0176708018601 0.0280494576521 0.0383651334779 0.0293335170626 0.0069183073189 0.0577164903689 
0.0206155759141 0.0337189022573 0.0350607804444 0.0201605967785 0.0315925227155 0.0337900245791 0.190623078968 0.0169174056106 0.0205739405292 0.032618973144 0.0141848952648 0.0266396746812 0.0233676842933 0.0117654125998 0.0200613365085 0.0284476969062 0.0352864980271 0.0694969165548 0.00764169164436 0.0169859714841 
-0.00434887080429 0.00755590674627 0.00565531242789 0.0102704637125 0.00737927739054 0.00975123698131 0.0169174056106 0.316429400762 0.0165772353 0.0261186461656 0.00451630048507 0.005767186336 0.0203837785688 0.0225713684347 0.00909350774873 0.0213020141462 0.0212496026105 0.0198440366796 0.00224747331871 -0.00274368314369 
0.0258941644651 0.0146046216691 0.0115387507933 0.0285267037496 0.0290671054922 0.0628612673283 0.0205739405292 0.0165772353 0.316957015472 0.0192336275086 0.0105696909668 0.0482556777923 0.0140429495584 0.0327555013222 0.0222982778284 0.0266837040426 0.0241284567803 0.0132752898918 -0.0142991226066 0.0142158861184 
0.0250718544137 -0.00120261609969 0.0412363043923 0.0158555458637 0.031970251291 0.0362052609986 0.032618973144 0.0261186461656 0.0192336275086 0.262428345692 0.014500339448 0.0246042923337 0.0208427593025 0.0373820377825 0.00990028012919 0.0294204810367 0.0324403467389 0.0501395950817 0.00964576024666 0.0212596337895 
0.039008581439 0.0349447909483 0.0207434386931 0.021331471692 0.0277878940268 0.00845763343714 0.0141848952648 0.00451630048507 0.0105696909668 0.014500339448 0.375893363773 0.0399306053093 0.00993379414739 0.0350775973529 0.00346618604343 0.024916659204 0.0345122627226 0.028763699779 0.00120576333475 0.0092086504839 
0.0331753025862 0.0329835431123 0.050863363004 0.0177216211716 0.0353400018948 0.0361669201571 0.0266396746812 0.005767186336 0.0482556777923 0.0246042923337 0.0399306053093 0.49278107871 0.01887687646 0.0420821427214 0.00404755126538 0.0274233102189 0.0407444687681 0.0223449218318 -0.00186498818343 0.0620013053778 
0.00709615179734 0.016606041183 0.0322542894041 0.00694114823239 0.0465032131754 0.011093008521 0.0233676842933 0.0203837785688 0.0140429495584 0.0208427593025 0.00993379414739 0.01887687646 0.221656111992 0.00857237533555 0.0253039969455 0.0272115743305 0.0182506635003 0.0149114066121 0.00157805210506 0.0248705244938 
0.000730966825891 0.0473875400254 0.0268654301467 0.010078848983 0.0202236835237 0.0315614893318 0.0117654125998 0.0225713684347 0.0327555013222 0.0373820377825 0.0350775973529 0.0420821427214 0.00857237533555 0.496952515124 0.0298997217169 -0.00265210708396 0.00106896164436 0.0280614298737 0.013946932263 0.0500543192412 
0.00799203246445 0.024171232432 0.0480054619655 0.005371945132 0.0189246872659 0.0176708018601 0.0200613365085 0.00909350774873 0.0222982778284 0.00990028012919 0.00346618604343 0.00404755126538 0.0253039969455 0.0298997217169 0.911144031231 0.00549117673969 0.00325679906118 0.0286340351127 -0.00118702272385 0.00988139700476 
0.0224392476463 0.0307522497002 0.035008374389 0.0238633459519 0.0595359955098 0.0280494576521 0.0284476969062 0.0213020141462 0.0266837040426 0.0294204810367 0.024916659204 0.0274233102189 0.0272115743305 -0.00265210708396 0.00549117673969 0.248790742404 0.0250155286511 0.0268619613679 0.0216615121998 0.0126424470519 
0.0266939497367 0.0223090566914 0.0383317565979 0.016658193777 0.0244659285564 0.0383651334779 0.0352864980271 0.0212496026105 0.0241284567803 0.0324403467389 0.0345122627226 0.0407444687681 0.0182506635003 0.00106896164436 0.00325679906118 0.0250155286511 0.295685141174 0.0277410716588 0.0212854162956 0.00737242563931 
0.0172730190105 0.0271269208596 0.0429238840446 0.0176987783229 0.0290427490449 0.0293335170626 0.0694969165548 0.0198440366796 0.0132752898918 0.0501395950817 0.028763699779 0.0223449218318 0.0149114066121 0.0280614298737 0.0286340351127 0.0268619613679 0.0277410716588 0.171694314044 0.0150286458978 0.0102172953202 
0.0149398983253 0.0183798251817 0.0102378898329 0.0208895926149 -0.00125633875993 0.0069183073189 0.00764169164436 0.00224747331871 -0.0142991226066 0.00964576024666 0.00120576333475 -0.00186498818343 0.00157805210506 0.013946932263 -0.00118702272385 0.0216615121998 0.0212854162956 0.0150286458978 0.605979684102 0.0405784174136 
0.0111117082538 0.0490321204947 0.0291580327478 0.00141701746257 0.0305394817865 0.0577164903689 0.0169859714841 -0.00274368314369 0.0142158861184 0.0212596337895 0.0092086504839 0.0620013053778 0.0248705244938 0.0500543192412 0.00988139700476 0.0126424470519 0.00737242563931 0.0102172953202 0.0405784174136 0.419411043646 

['TMO', 'AOC', 'R', 'VFC', 'BBBY', 'TXT', 'BBT', 'SVU', 'BA', 'PLD', 'XRX', 'QCOM', 'GCI', 'RIG', 'CSC', 'COST', 'ACE', 'HBAN', 'NOVL', 'CMVT']