20
0.0512444991133 0.15397042743 0.0787213758152 0.0722101641432 0.0770368317024 0.0157982173188 0.0054327763703 0.0427797721554 0.0698927007 0.0766878163077 0.0247746242904 0.0704019073317 0.0271794955288 0.02392892696 0.0261881624723 0.0442230302855 0.163811268696 0.0487859931196 0.0565518641406 0.371102806834 
0.277964521075 0.037492820608 0.0349467464372 0.042033717626 0.0137495067827 0.00608506936116 0.0161494876627 0.0357163082876 0.030135187147 0.043693569274 0.0208640133608 0.0395956053912 0.0112050256666 0.0126771400757 0.000981234035363 0.0264349481934 -0.00695863272425 0.0132815914695 0.0202268790151 0.0608371647554 
0.037492820608 0.611518622836 0.15445961559 0.0200475032003 0.0207611840632 0.0177174199509 -0.00138310923489 0.0298470020165 0.0289955747217 0.0481176302163 0.00972659555945 0.0376712082432 -0.00010737908398 0.00806160193488 0.0195793260101 0.0531695549718 -0.00816548197419 0.022217730772 0.0296877040903 0.056082303303 
0.0349467464372 0.15445961559 0.371368126493 0.0301729154227 0.00872531614071 0.00276672291163 0.00663467040073 0.0360932747961 0.0168647511933 0.0146201137756 0.0134284907785 0.0403535351824 0.0112077932634 0.00296269977363 -0.00191504644521 0.0215921331224 -0.00936891880551 0.0307741785856 0.0227972980729 0.0471750955869 
0.042033717626 0.0200475032003 0.0301729154227 0.332294968017 0.0228751075402 -0.00375724601067 0.0146242073772 0.0516390695916 0.0517378306733 0.0491833119284 0.0248979353584 0.0507938032805 0.0197520548326 0.0326128857542 0.0108231873916 0.027086367854 0.00689282538784 0.0280279528242 0.0354722529833 0.0740646727965 
0.0137495067827 0.0207611840632 0.00872531614071 0.0228751075402 0.346309734148 -0.0022660013633 0.0288274247113 0.0114059113103 0.00475674787581 0.0284100706591 0.0125920883107 0.040765307674 0.0129842668752 0.00799963350965 0.0183095703808 0.00850060806795 -0.0157235107239 0.0186116907046 0.0281288274474 0.0458928909102 
0.00608506936116 0.0177174199509 0.00276672291163 -0.00375724601067 -0.0022660013633 0.242530749978 0.0154190233314 0.0121329015422 0.0021796188596 0.0111361913394 0.00592069991155 0.0317282687128 0.0172438316637 0.0149598977254 0.00749798348254 0.015357597465 -0.00544626341825 0.00595321780728 0.0176732742578 0.00661103740239 
0.0161494876627 -0.00138310923489 0.00663467040073 0.0146242073772 0.0288274247113 0.0154190233314 0.196397136961 0.0147489119243 0.0197240532669 0.0181782243744 0.00702719368761 0.0259850844378 0.0147323138298 0.0191767855472 0.0120976956621 0.0185001782929 -0.00448041329978 0.00158067160729 0.014897573954 0.023790528657 
0.0357163082876 0.0298470020165 0.0360932747961 0.0516390695916 0.0114059113103 0.0121329015422 0.0147489119243 0.28838781429 0.0420671610626 0.01887718173 0.0324686622027 0.0487401596524 0.0220409302668 0.0295252859013 0.0385281518045 0.0414681015531 0.00281248449714 6.76714589732e-05 0.0456233975038 0.0409607091397 
0.030135187147 0.0289955747217 0.0168647511933 0.0517378306733 0.00475674787581 0.0021796188596 0.0197240532669 0.0420671610626 0.451341228608 0.0635997936242 0.0232183942195 0.0566895997968 0.0184702499968 0.018909960973 0.03553288844 0.0449130721451 -0.00561862776124 0.0165933867089 0.0257802473223 0.0510860990131 
0.043693569274 0.0481176302163 0.0146201137756 0.0491833119284 0.0284100706591 0.0111361913394 0.0181782243744 0.01887718173 0.0635997936242 0.473852027481 0.0207400809127 0.057463679712 0.00928793485115 0.0267018018068 0.0146314948201 0.0385494327998 0.00882944419962 0.0305936681292 0.0379395851728 0.0648111308198 
0.0208640133608 0.00972659555945 0.0134284907785 0.0248979353584 0.0125920883107 0.00592069991155 0.00702719368761 0.0324686622027 0.0232183942195 0.0207400809127 0.19379070301 0.0336448563289 0.0206012494636 0.0202649884904 0.00986617229968 0.0272726684544 0.0184543272683 0.0274162553533 0.0380603232235 0.0374748453432 
0.0395956053912 0.0376712082432 0.0403535351824 0.0507938032805 0.040765307674 0.0317282687128 0.0259850844378 0.0487401596524 0.0566895997968 0.057463679712 0.0336448563289 0.29153977792 0.0343315250058 0.0355415785238 0.0230785179869 0.0617773647377 0.00622903291491 0.0281518867008 0.0399606527751 0.0253176488208 
0.0112050256666 -0.00010737908398 0.0112077932634 0.0197520548326 0.0129842668752 0.0172438316637 0.0147323138298 0.0220409302668 0.0184702499968 0.00928793485115 0.0206012494636 0.0343315250058 0.240184855467 0.0238787704554 0.0153362044341 0.0199271541335 0.00362261975742 0.0253333391544 0.0160818630742 0.00895132246267 
0.0126771400757 0.00806160193488 0.00296269977363 0.0326128857542 0.00799963350965 0.0149598977254 0.0191767855472 0.0295252859013 0.018909960973 0.0267018018068 0.0202649884904 0.0355415785238 0.0238787704554 0.249831635822 0.0253239226817 0.0278419518864 -0.0389144266048 0.00773350659133 0.0261079265406 0.0362140859406 
0.000981234035363 0.0195793260101 -0.00191504644521 0.0108231873916 0.0183095703808 0.00749798348254 0.0120976956621 0.0385281518045 0.03553288844 0.0146314948201 0.00986617229968 0.0230785179869 0.0153362044341 0.0253239226817 0.26233202009 0.0350360396024 0.0307000314683 0.0169141150724 0.0194559772652 0.00175001777264 
0.0264349481934 0.0531695549718 0.0215921331224 0.027086367854 0.00850060806795 0.015357597465 0.0185001782929 0.0414681015531 0.0449130721451 0.0385494327998 0.0272726684544 0.0617773647377 0.0199271541335 0.0278419518864 0.0350360396024 0.206132611894 0.0112068537777 0.0312359747979 0.0335146526925 0.035891116795 
-0.00695863272425 -0.00816548197419 -0.00936891880551 0.00689282538784 -0.0157235107239 -0.00544626341825 -0.00448041329978 0.00281248449714 -0.00561862776124 0.00882944419962 0.0184543272683 0.00622903291491 0.00362261975742 -0.0389144266048 0.0307000314683 0.0112068537777 1.37080141205 0.0113197615732 0.00556482255582 0.0353919756414 
0.0132815914695 0.022217730772 0.0307741785856 0.0280279528242 0.0186116907046 0.00595321780728 0.00158067160729 6.76714589733e-05 0.0165933867089 0.0305936681292 0.0274162553533 0.0281518867008 0.0253333391544 0.00773350659133 0.0169141150724 0.0312359747979 0.0113197615732 0.459583596601 0.0200663421503 0.00376559539258 
0.0202268790151 0.0296877040903 0.0227972980729 0.0354722529833 0.0281288274474 0.0176732742578 0.014897573954 0.0456233975038 0.0257802473223 0.0379395851728 0.0380603232235 0.0399606527751 0.0160818630742 0.0261079265406 0.0194559772652 0.0335146526925 0.00556482255582 0.0200663421503 0.257776511746 0.0226496754101 
0.0608371647554 0.056082303303 0.0471750955869 0.0740646727965 0.0458928909102 0.00661103740239 0.023790528657 0.0409607091397 0.0510860990131 0.0648111308198 0.0374748453432 0.0253176488208 0.00895132246267 0.0362140859406 0.00175001777264 0.035891116795 0.0353919756414 0.00376559539258 0.0226496754101 1.24810172593 

['TIN', 'VLO', 'COP', 'CSX', 'KG', 'HSY', 'CCU', 'EMN', 'TXT', 'KLAC', 'VZ', 'GS', 'WYE', 'LIZ', 'AN', 'DHR', 'ESRX', 'BMET', 'AIV', 'CIEN']