50
0.0874158444094 0.023795453615 0.0128714932266 0.0525709156995 0.0383245101253 0.0820701074714 0.0265193363437 0.0910259677787 0.153319254475 0.0188066159349 0.0324915821016 0.0690593134036 0.045915457725 0.0341115490789 0.0325349378307 0.074230100705 0.0436219100546 0.0471087328402 0.0997806882374 0.110625092132 0.0304536481296 0.0363496030559 0.0394797478448 0.0651633165571 0.0988670942005 0.0163484450471 0.0263662592882 0.15397042743 0.0570579479668 0.107238949757 0.0692922129373 0.037496284255 0.0297209295042 0.0486959213786 0.0512444991133 0.199130076205 0.065735385914 0.0280903462606 0.0162851568228 0.0631385093148 0.0594494044175 0.0435638119902 0.0348883512333 0.0314514366364 0.0313696733512 0.0533286406295 0.067654701563 0.239728898705 0.106366385329 0.0340091550877 
0.546338100736 0.00462368779267 0.00812335228161 0.0129838140507 0.0154620128562 0.0227621621435 0.000608882631841 -0.00109494709419 0.0131977164934 0.0198635793406 0.000701529010616 0.00317960752207 -0.0100032633301 0.00683284778235 0.0517424392254 0.0013929388555 -0.0125795851451 -0.00100214891518 -0.00147549061607 0.0112900085236 0.0037662236307 0.0313451232248 0.0158434958853 -0.00118074151583 0.0559385514795 0.0189245384528 -0.00672076087005 -0.00397407922756 -0.00139585164399 0.0512483699693 0.0296698391729 0.0213351877878 -0.00843185013645 0.00563534185051 0.0171986464457 -0.00509185137017 0.00112850872826 -0.0105354873802 0.0157757575867 0.103024877656 0.00609515338288 0.00819523670189 0.00319879366085 0.00370728353231 0.00767667148367 0.0166558730321 0.0258920042235 0.0450242396025 0.0124530285673 0.00465209390246 
0.00462368779267 0.180035863736 -0.00192788015867 0.0108250690612 0.00575620480783 -0.00189536012903 0.00704380609696 -0.00250427944852 0.00556178749158 -0.00503360068651 0.0116803761499 0.00810215329699 0.0087686484273 0.00878201216118 0.0177133501994 0.0122112180039 0.0199673182572 0.0299478736074 -0.00485428833404 -0.00331254256521 0.0286868251121 0.00756444059872 -0.0014466204845 0.0507982133635 0.00480727391285 0.0451009549248 0.0210690260048 0.00105210244802 0.00873029162088 0.0127004574266 0.00850656117109 0.00876571076975 0.00328531018194 0.0113302787011 -0.00539143104249 0.00723851628951 0.0193738381966 0.00767136401802 0.0465086207734 0.00423044177986 0.0196039619957 0.0207197058721 0.0104177771921 0.0208385818397 0.0218933828289 0.0102926865109 0.0208101992729 0.0117907174156 0.0264728350532 0.0136363058392 
0.00812335228161 -0.00192788015867 0.222416363223 -0.0111711491448 0.0173018991412 0.0148404943297 0.0153782372753 -0.00129301728045 0.00600916512658 0.00974946925761 0.0127225733919 0.00475619643756 -0.00329078531682 -0.011550320218 0.00836805653172 0.00226378708452 -0.00735069581801 -0.00116392479195 0.0243019841115 0.00558279132856 -0.000843824649818 0.0298763605928 0.0133233638984 0.00312870381555 -0.00428265908916 0.0105849178413 -0.0039172698581 -0.00108265754689 0.00849107832363 -0.0119474220671 0.0180641268213 0.00679927288467 0.00920842361395 0.0114634348024 0.00101829450577 0.00313027149187 0.0113738929797 0.00266240616285 0.0082607812499 -0.0059440811048 0.00677715454605 0.0152163233106 0.00326870585271 0.0100544458289 0.00305153580951 0.0135899372553 0.011067078452 0.00739377871404 -0.000565555093372 -0.00293771257141 
0.0129838140507 0.0108250690612 -0.0111711491448 0.318874337851 0.0350035692027 0.0235252785437 0.0176986041354 0.0179526286984 0.0343174540639 0.0260825973193 0.0173591207108 0.0130904309066 0.0205708070851 0.00677886526963 -0.000904794518041 0.0493958841015 0.0298615721721 0.00822761965356 0.0228017718726 0.0334796723819 0.0161528568957 0.0110519245702 0.00683363973832 -2.73148562125e-05 0.0351774051271 -0.00254913656531 0.0164367882408 0.00148349206203 0.0194040368806 0.0396997219313 0.0359137395832 0.0195269332894 -0.00612898122821 0.0186725337734 0.0276911553812 0.0300385366549 0.0183049728507 0.0227263401264 0.00541260583884 0.0196506605771 0.0242734650412 -0.00695318112508 0.0386074941412 0.0119894112425 -0.0020332523814 0.0113293014592 0.0054647665583 0.0399486860325 0.0122861594428 0.00273319826131 
0.0154620128562 0.00575620480783 0.0173018991412 0.0350035692027 0.324671791032 0.0318923283079 0.0156954037995 0.0146258795935 0.0325219939228 0.0292082820819 0.0437550190393 0.0178232469981 0.0121402220442 0.00889483669635 0.00247894242301 0.0644763482023 0.0178008566979 0.0105749696617 0.00996716333704 0.0159377972761 0.0145549082641 0.0125585947042 0.0130774779248 -0.00427857767797 0.0318323010709 0.0074059098575 0.0205448095781 0.00792898640128 0.0173580989865 0.0119732675179 0.0251211463882 0.0360554716742 0.00962280103149 0.0146755756163 0.0185952969968 0.0080751597068 0.0215839617373 0.0105161357119 0.0038656340745 0.0113064137729 0.0198542735485 0.00829754449268 0.0332968345293 0.0273787892266 0.00656795885119 0.0127521797203 0.0399254743501 0.0371968827693 0.000553277617395 0.0173300270993 
0.0227621621435 -0.00189536012903 0.0148404943297 0.0235252785437 0.0318923283079 0.483948314643 0.0147256237776 0.0209044161362 0.0288098548254 0.0267618829201 0.00905666295935 0.0236485771222 0.023020159058 0.0368065336502 0.0060362471957 0.0297203238291 0.0249024669017 0.0065216697557 0.0138416030285 0.0212449879238 0.0189185528286 0.0203653533984 0.0319038751043 0.00246982068735 0.0359308122254 0.00414020899363 0.0340602104392 -0.00153725857345 0.0137702298856 0.0312281405531 0.01299501315 0.0223657204994 0.00863535198234 0.0284356067343 0.00429654072972 0.0215748098395 0.0426338342794 0.0147532979966 -0.00990379471519 0.00757512102967 0.036463790224 -0.000591144252086 0.0331015888796 0.0154808410509 0.0188672088176 0.00364357608247 0.00409349153307 0.027788673989 0.0137030111007 0.00937847594547 
0.000608882631841 0.00704380609696 0.0153782372753 0.0176986041354 0.0156954037995 0.0147256237776 0.209682376243 0.0214246823998 0.0146169858674 0.0110568776039 -0.00164426176173 0.0126967926788 0.0136661447411 -0.00514424141249 0.00131836341546 0.0218875231408 0.0136723153232 0.00780512003338 0.0116451477576 0.007253416705 0.00945682159026 0.0167860089711 0.00922573341219 0.0143080276229 0.0185706951099 0.0121654238467 0.0185024639165 0.0100624083476 0.00737222370254 0.00615500915834 0.0299977534633 0.00121411859191 0.0289943855038 0.0181156949267 0.0189512256876 0.00886146464737 0.0093661289245 0.022410719753 0.0152956028647 0.0208548638982 0.00700201053662 0.00377794492606 0.00822660461577 0.00662266908392 0.0172922266922 0.0150880611999 0.00172754417971 0.0228125042093 0.0198815320211 -0.00305389311722 
-0.00109494709419 -0.00250427944852 -0.00129301728045 0.0179526286984 0.0146258795935 0.0209044161362 0.0214246823998 0.438736160865 0.0224533153698 0.0105905885567 0.00961301033971 0.031894046175 0.0135576204305 0.0230067576942 0.0183402876475 0.04843051953 0.0192037960694 0.0115728590202 0.0125563723682 0.021759018296 0.0102033695232 0.0140927950161 0.0115887714148 0.0145906569068 0.0166085930949 -0.00499883617939 0.03019183279 0.00393283172751 -0.000157096877706 0.0103359858219 0.00591487472566 0.00947934026576 0.0210532591307 0.0268305346402 0.0173348742638 0.0194648962795 0.00315796646583 0.00902773196643 0.0066433832233 0.0198507367675 0.0244497342719 -0.000549714397302 0.0109832009184 0.0148098993208 0.00258814209081 0.00590918984789 0.00896993142132 0.0573138818965 0.00805788873488 0.00447174667993 
0.0131977164934 0.00556178749157 0.00600916512658 0.0343174540639 0.0325219939228 0.0288098548254 0.0146169858674 0.0224533153698 0.602671890069 0.0350541850631 0.0218390570259 0.011246591842 0.0350005089055 0.0120920558399 0.0342951537771 0.0813362592429 0.0249668956874 -0.0135255377908 0.0498149766275 0.0404951230497 0.0391390467128 0.0249031675604 0.0560499541868 0.0144931171747 0.0299228665041 0.0276887940735 0.0420379189531 0.0244655956833 0.00799026233231 0.0347516726299 0.0257774856036 0.0217673978624 0.00761649804336 0.0295720484478 0.0316414301755 0.0453827805329 0.0448400560347 0.0176763351401 0.0043377222842 0.0262038298039 0.0333112802493 0.00123595000048 0.0291171677805 0.0350525082263 0.00755559027418 0.0233624543175 0.0140073285858 0.137586591665 -0.00832293507893 0.02130664623 
0.0198635793406 -0.00503360068651 0.00974946925761 0.0260825973193 0.0292082820819 0.0267618829201 0.0110568776039 0.0105905885567 0.0350541850631 0.194755162395 0.0209746400062 0.00792085446336 0.00894475606642 0.00840807732401 -0.00203215224279 0.0324393994311 0.0151359386392 -0.000136361463807 -0.00251283697783 0.0221770442999 0.00723478257512 0.0268505929697 0.0152347764976 0.00951877189324 0.00110525879717 0.00959801523752 0.0192162620653 0.00508152085739 0.0114582218011 0.0341568192233 0.0141983972618 0.0089592120181 0.00112849064551 0.0126046730453 0.00316663997514 0.0136163347265 0.0104552758236 0.00907791077627 0.00379384231122 0.0299428893631 0.0210753353139 0.00965673267264 0.023101528732 0.012046461363 0.0127306312089 0.0140641003406 0.0143299331775 0.0285921923293 0.00324114978777 0.00952627154031 
0.000701529010616 0.0116803761499 0.0127225733919 0.0173591207108 0.0437550190393 0.00905666295935 -0.00164426176173 0.00961301033971 0.0218390570259 0.0209746400062 0.298115462109 0.00421551771657 0.0347400069227 0.009427828502 0.00321331276622 0.0550296791525 -0.000570582813762 0.00755287823653 0.0108022240259 0.0179455367084 0.0125723948803 0.00886742970656 -0.00524518074259 0.014985490787 0.0131377001659 0.00217054216362 0.0223791242193 -0.00342180675482 0.0274722658642 0.0254809714063 0.0610067929644 0.000915125682523 0.005229184233 0.00743228658428 0.0118275078834 0.0139416183943 0.0137198206985 0.00341491462288 0.00907214861753 0.00602819412461 0.0153170670918 -0.000690741256978 0.0363830365948 0.00821732134059 0.0105032904694 0.00183971161841 0.00441451488151 0.0233229079589 0.0125328441682 0.0121061308267 
0.00317960752207 0.00810215329699 0.00475619643756 0.0130904309066 0.0178232469981 0.0236485771222 0.0126967926788 0.031894046175 0.011246591842 0.00792085446336 0.00421551771657 0.425228898217 0.0170402432544 0.0226883766064 -0.00159254248027 0.0242569306696 0.0336902694193 0.0233287742245 0.0154762841142 0.0212672736932 0.00351571101832 0.00659541406983 0.00604746203218 -0.0248747299354 0.0276757303706 0.0187861433569 0.022075609129 0.0157335873487 0.0324064364655 0.0133645412425 0.00459490459434 0.0323048816523 0.0124149599785 0.0233028609964 0.011082171724 0.0078196450423 0.0199623178948 0.024388235697 0.00782281219299 0.0120021511376 0.0366041069038 0.00363379276179 0.0263363942671 0.0112292577379 0.0183261772659 -0.00770919441373 -0.0109876797102 0.0294532750814 0.0293147757567 0.0155137543195 
-0.0100032633301 0.0087686484273 -0.00329078531682 0.0205708070851 0.0121402220442 0.023020159058 0.0136661447411 0.0135576204305 0.0350005089055 0.00894475606642 0.0347400069227 0.0170402432544 0.322104914076 0.0102245392639 0.00702969671669 0.0350645523834 0.0090755047813 0.0164545384281 0.0240780312292 0.0268476681248 0.0114906951785 0.000914650663684 0.000131997518312 0.0123110840703 0.015200281014 0.00549261955935 0.00738775796671 0.0080341885155 0.00386270759923 0.00788285733939 0.0262049691814 0.03521526344 0.0181704841874 0.0272848675929 0.00708238494791 0.0261256970475 0.0347781739116 0.010316293862 0.00626931216511 0.0183487895097 0.0109106511771 0.00509451284287 0.0358829936172 0.0280460244124 0.00863949941629 0.00133556740612 0.00339878040585 0.0506989392564 -0.00125414584842 0.00902387388989 
0.00683284778235 0.00878201216118 -0.011550320218 0.00677886526963 0.00889483669635 0.0368065336502 -0.00514424141249 0.0230067576942 0.0120920558399 0.00840807732401 0.009427828502 0.0226883766064 0.0102245392639 0.224966779784 0.00229610381281 0.00945675394771 0.0197656035649 0.0120385553741 0.0123079328248 0.00920228897354 0.0265146697932 0.0148303188379 0.0037953654986 0.0141031841775 0.018758725883 0.00188059428498 0.0122854653027 0.0123788385467 0.0150401131669 0.0158383116532 0.0146652713464 0.00577380109262 0.0057096476334 0.00208487413257 0.0126725929079 0.00405297290471 0.00624614106993 0.00775447657666 0.00408445374437 0.0144217702464 0.0128933579009 0.00976113287318 0.00583646089049 0.00570002873824 -0.00631409873632 0.00617014777896 0.00547646437818 0.020980621417 0.00692708373239 0.0135139353108 
0.0517424392254 0.0177133501994 0.00836805653172 -0.000904794518041 0.00247894242301 0.0060362471957 0.00131836341546 0.0183402876475 0.0342951537771 -0.00203215224279 0.00321331276622 -0.00159254248027 0.00702969671669 0.00229610381281 0.28276178924 0.0227659738958 0.0125680473697 -0.00230518452565 0.00212181608349 0.0285587946186 0.00898264033645 0.0209001762381 0.0115800337465 0.00977089283901 0.0403291726032 0.0126405869016 0.00649864188377 -0.0067367405405 0.0326237661732 -0.0207482945608 0.00479171058112 0.018302774523 0.00482362766289 0.0251765395475 0.0123275147968 0.0177174150258 0.0175783104271 0.00832902325768 0.00497661349379 -0.0118541013641 0.0287691449316 0.00468508446566 0.0192305708184 0.0201172100688 0.000540698324397 0.0258216827956 -0.0168744338087 0.0273462563588 -0.00746323291612 0.0246919830068 
0.0013929388555 0.0122112180039 0.00226378708452 0.0493958841015 0.0644763482023 0.0297203238291 0.0218875231408 0.04843051953 0.0813362592429 0.0324393994311 0.0550296791525 0.0242569306696 0.0350645523834 0.00945675394771 0.0227659738958 0.475410407054 0.0539784809668 0.0218109861989 0.0555733930557 0.0539707256839 0.0373482092053 0.016217967468 0.041318448989 0.0194235359776 0.0472527014673 0.0160032082724 0.0839061823989 0.0912423306733 0.0067375881367 0.0500587929329 0.0344396789563 0.0150316350567 0.0192987061222 0.0438041594524 0.0428676195221 0.0414865868794 0.0084086905942 0.031106227907 0.0155786338394 0.0247261328751 0.051151320494 0.0230306714809 0.0487828005065 0.0394390371854 0.0181682774889 0.0174498028173 0.0154852253506 0.106041834709 0.0519690087076 0.0352490816114 
-0.0125795851451 0.0199673182572 -0.00735069581801 0.0298615721721 0.0178008566979 0.0249024669017 0.0136723153232 0.0192037960694 0.0249668956874 0.0151359386392 -0.000570582813762 0.0336902694193 0.0090755047813 0.0197656035649 0.0125680473697 0.0539784809668 0.280330017228 0.0132801151444 0.0104035074776 0.0186125003356 0.0400903528649 0.0284687687603 -0.00786121324248 0.0132739298934 0.02970880439 0.0142668201561 0.0255577781443 0.00410396202901 0.0169901060062 0.0389038300817 0.04832266972 0.0190957894878 0.0124450496926 0.0357657194955 0.0299105306768 0.0220548826822 0.0263582674032 0.0582964252911 0.0190565224291 0.012216238607 0.12297914961 0.010155587815 0.0191219713859 0.0318496512907 0.0184299276663 0.00700092473237 0.0329001746742 0.013302924259 0.0161610431977 0.034231369312 
-0.00100214891518 0.0299478736074 -0.00116392479195 0.00822761965356 0.0105749696617 0.0065216697557 0.00780512003338 0.0115728590202 -0.0135255377908 -0.000136361463807 0.00755287823653 0.0233287742245 0.0164545384281 0.0120385553741 -0.00230518452565 0.0218109861989 0.0132801151444 0.226903115726 -0.00616123676092 -0.00156254437422 0.00831233355125 0.000111376477111 0.0099566136361 0.036619057014 0.0170398591743 0.0211871058228 0.017898785668 0.0912881263185 0.0141393822976 -0.00277257315771 0.017014484832 0.0203890627485 8.62644023801e-05 0.0175289943324 0.018283858882 0.0587920622821 -0.0087896031172 -0.00680529898948 0.0186327576541 0.0159613507711 0.0196806304047 0.0165829902032 0.00429742949404 0.0126695517429 0.00143046633494 -0.00185195849831 0.00951157086838 0.0104139444118 0.107378458321 -0.00542281220343 
-0.00147549061607 -0.00485428833404 0.0243019841115 0.0228017718726 0.00996716333704 0.0138416030285 0.0116451477576 0.0125563723682 0.0498149766275 -0.00251283697783 0.0108022240259 0.0154762841142 0.0240780312292 0.0123079328248 0.00212181608349 0.0555733930557 0.0104035074776 -0.00616123676092 0.558231096677 0.0155053696439 0.0227302348852 0.0146420568104 0.0157520037396 0.0180043665267 0.0290375071239 0.0155833505981 0.0199505159404 0.124853953574 -0.0115111067624 0.00667966733618 0.0377341205654 0.0107167771014 0.0204138635732 0.0102097450811 0.0164098225333 0.000931654148153 0.0196136062308 0.00831162458099 0.01264005477 0.0288888988392 0.019388160906 0.0122294725522 0.0171904597305 0.0152789154004 0.010833420701 0.0281870841242 0.0180962117407 0.0562304276262 0.000378006791458 0.0133213590106 
0.0112900085236 -0.00331254256521 0.00558279132856 0.0334796723819 0.0159377972761 0.0212449879238 0.007253416705 0.021759018296 0.0404951230497 0.0221770442999 0.0179455367084 0.0212672736932 0.0268476681248 0.00920228897354 0.0285587946186 0.0539707256839 0.0186125003356 -0.00156254437422 0.0155053696439 0.556881357948 0.0219166041985 0.0179080249938 -0.00940342030687 -0.00180481708445 0.0274896005457 0.0172872339452 0.0175179292568 0.00824916878139 0.0132696415366 0.162206731517 0.0190474799805 0.0234461555618 0.0192769655584 0.0302603439425 0.0153347665308 0.0118420751026 0.00586194466185 0.0344267609776 0.0114972543457 0.0130824250471 0.0292761850313 0.00189988643504 0.0143000263055 0.0114919326316 0.0176852725599 0.0335720026383 0.000335463345287 0.0696995134786 0.00475810840172 0.00998231559837 
0.0037662236307 0.0286868251121 -0.000843824649818 0.0161528568957 0.0145549082641 0.0189185528286 0.00945682159026 0.0102033695232 0.0391390467128 0.00723478257512 0.0125723948803 0.00351571101832 0.0114906951785 0.0265146697932 0.00898264033645 0.0373482092053 0.0400903528649 0.00831233355125 0.0227302348852 0.0219166041985 0.202224115603 0.0191686446868 0.0148248885752 0.0167626924635 0.00652567758643 0.0204720645624 0.0261791242643 0.00118654674295 0.0140617523372 0.0367026595646 0.02376174252 0.0265330716859 0.0128515673712 0.0405997101741 0.0190903519081 0.012448634401 0.00789122409105 0.0422258833592 0.00997733502005 -0.00352353741908 0.0345902415336 0.0112162750988 0.0299300119579 0.043752943535 0.017407339447 0.00797359763248 0.018713797397 0.0346068357476 0.0131650010217 0.0420076697844 
0.0313451232248 0.00756444059872 0.0298763605928 0.0110519245702 0.0125585947042 0.0203653533984 0.0167860089711 0.0140927950161 0.0249031675604 0.0268505929697 0.00886742970656 0.00659541406983 0.000914650663684 0.0148303188379 0.0209001762381 0.016217967468 0.0284687687603 0.000111376477111 0.0146420568104 0.0179080249938 0.0191686446868 0.307918599843 0.00935957298712 0.0130842900995 0.0100436920609 0.00169672001186 0.0114200771981 0.011234778421 0.00349046841759 0.00627501284337 0.0055344652584 0.0161836953004 0.0108271471075 0.0278306881886 0.00315619733766 -0.00785245648601 0.0195023921567 0.0252277521479 0.0100591760221 0.0124090558038 0.0195403929492 0.0124232373564 0.0083202679966 0.00813511720591 0.00739858590079 0.00793492453201 0.0194862763671 0.0558841199284 0.023927405293 0.0104732917753 
0.0158434958853 -0.0014466204845 0.0133233638984 0.00683363973832 0.0130774779248 0.0319038751043 0.00922573341219 0.0115887714148 0.0560499541868 0.0152347764976 -0.00524518074259 0.00604746203218 0.000131997518312 0.0037953654986 0.0115800337465 0.041318448989 -0.00786121324248 0.0099566136361 0.0157520037396 -0.00940342030687 0.0148248885752 0.00935957298712 0.311445899152 0.0251774416738 0.00591490421742 0.00478392718369 0.0212935970691 0.023534878867 0.0203840372159 0.0199723068189 0.0166394984006 0.0373913384253 0.00944609070907 0.0274216285422 0.0304729711236 0.0661976494717 0.019504404981 0.00354020338423 0.0058837138723 0.0228910467475 0.0105697417396 0.0188382045552 0.0225159310067 0.0285502479942 -0.00275667492176 0.0117638293442 0.018597008401 0.0792234132509 0.0184514575142 0.0230600210011 
-0.00118074151583 0.0507982133635 0.00312870381555 -2.73148562125e-05 -0.00427857767797 0.00246982068735 0.0143080276229 0.0145906569068 0.0144931171747 0.00951877189324 0.014985490787 -0.0248747299354 0.0123110840703 0.0141031841775 0.00977089283901 0.0194235359776 0.0132739298934 0.036619057014 0.0180043665267 -0.00180481708445 0.0167626924635 0.0130842900995 0.0251774416738 0.232659548111 0.0300296763006 0.0585233298806 0.017233906294 0.0529565889488 0.0153020091543 0.0164473097786 0.0243616584228 0.0358520127706 -0.00487334061365 0.0177293094677 -0.00975684088104 0.031662494699 0.0082896029718 0.0168746154046 0.0407429196196 0.02028819145 0.00834388182917 0.0234247739068 0.012727183883 0.0198452823184 0.00837853442953 0.0122649014497 0.023827483986 0.026699109108 0.0389785808015 0.0283313612072 
0.0559385514795 0.00480727391285 -0.00428265908916 0.0351774051271 0.0318323010709 0.0359308122254 0.0185706951099 0.0166085930949 0.0299228665041 0.00110525879717 0.0131377001659 0.0276757303706 0.015200281014 0.018758725883 0.0403291726032 0.0472527014673 0.02970880439 0.0170398591743 0.0290375071239 0.0274896005457 0.00652567758643 0.0100436920609 0.00591490421742 0.0300296763006 0.473579917717 0.0125436166329 0.0177774853474 0.0516308758473 0.0299298757054 0.035963418025 0.113578075326 0.0213538654496 -1.77386730887e-05 0.0213490831428 0.0292942765415 0.0712422688105 0.0392580358149 0.0198977165482 0.00635186873291 0.0368016228865 0.0269369043909 0.0223911690645 0.00929561662084 0.0127224088575 0.0220477719266 0.0348175662914 0.00451516501004 0.0812480102943 0.0163858087151 0.0309715941441 
0.0189245384528 0.0451009549248 0.0105849178413 -0.00254913656531 0.0074059098575 0.00414020899363 0.0121654238467 -0.00499883617939 0.0276887940735 0.00959801523752 0.00217054216362 0.0187861433569 0.00549261955935 0.00188059428498 0.0126405869016 0.0160032082724 0.0142668201561 0.0211871058228 0.0155833505981 0.0172872339452 0.0204720645624 0.00169672001186 0.00478392718369 0.0585233298806 0.0125436166329 0.191014362674 0.0192050677589 0.0289222687123 0.00783189910309 0.0124386428656 0.0124357494934 0.0252650061893 0.00517976198337 0.0115628792531 0.011487474235 0.0166769589189 0.00581729840223 0.0194200250676 0.0534281841525 0.0120369545421 0.00732599503179 0.0177115398057 0.0150714510184 0.0172205372956 0.0141510010677 0.00371716192456 0.0171963380956 0.0133897970171 0.0294621217096 0.0108140449692 
-0.00672076087005 0.0210690260048 -0.0039172698581 0.0164367882408 0.0205448095781 0.0340602104392 0.0185024639165 0.03019183279 0.0420379189531 0.0192162620653 0.0223791242193 0.022075609129 0.00738775796671 0.0122854653027 0.00649864188377 0.0839061823989 0.0255577781443 0.017898785668 0.0199505159404 0.0175179292568 0.0261791242643 0.0114200771981 0.0212935970691 0.017233906294 0.0177774853474 0.0192050677589 0.220381979519 0.0302012066361 0.00916715018899 0.0231975940847 0.0239471243601 0.0152262162407 0.00441984488587 0.0127022665553 0.0249520883697 0.0420444139543 0.0109137918539 0.0165001816798 0.00821595313492 0.0270058065565 0.0289088185797 0.00407281602186 0.0331058452585 0.0353707388386 0.0121748434411 0.0225944655509 0.00493079426715 0.0644438867759 0.013147905491 0.0225202628646 
-0.00397407922756 0.00105210244802 -0.00108265754689 0.00148349206203 0.00792898640128 -0.00153725857345 0.0100624083476 0.00393283172751 0.0244655956833 0.00508152085739 -0.00342180675482 0.0157335873487 0.0080341885155 0.0123788385467 -0.0067367405405 0.0912423306733 0.00410396202901 0.0912881263185 0.124853953574 0.00824916878139 0.00118654674295 0.011234778421 0.023534878867 0.0529565889488 0.0516308758473 0.0289222687123 0.0302012066361 0.579384452004 0.000979565819633 0.0167411375783 0.0114971693721 0.00798484138932 -0.000441982999149 0.0124166689281 0.0284568643446 0.0733341525754 0.0156510936556 -0.0069791213004 0.013712259184 0.00835737097105 -0.000723739875998 0.00510954803238 0.0158624655195 0.0029734573613 -0.00438651329175 0.0204259043164 0.0223138211022 0.0675017902594 0.152759618347 -0.00617787950728 
-0.00139585164399 0.00873029162088 0.00849107832363 0.0194040368806 0.0173580989865 0.0137702298856 0.00737222370254 -0.000157096877706 0.00799026233231 0.0114582218011 0.0274722658642 0.0324064364655 0.00386270759923 0.0150401131669 0.0326237661732 0.0067375881367 0.0169901060062 0.0141393822976 -0.0115111067624 0.0132696415366 0.0140617523372 0.00349046841759 0.0203840372159 0.0153020091543 0.0299298757054 0.00783189910309 0.00916715018899 0.000979565819633 0.329052596597 0.0170206010336 0.0368848239155 0.0240768944009 0.00532786797018 0.0166792430015 0.015601799801 0.0354396252199 0.0148207391523 0.0192262734905 0.0129282866275 0.00403366256099 0.0141910438338 0.0116965427418 0.0273217859677 0.00441464309546 0.00915504202458 0.0102951059401 0.0127335726841 0.0307341829321 0.0219742505779 0.0151562877345 
0.0512483699693 0.0127004574266 -0.0119474220671 0.0396997219313 0.0119732675179 0.0312281405531 0.00615500915834 0.0103359858219 0.0347516726299 0.0341568192233 0.0254809714063 0.0133645412425 0.00788285733939 0.0158383116532 -0.0207482945608 0.0500587929329 0.0389038300817 -0.00277257315771 0.00667966733618 0.162206731517 0.0367026595646 0.00627501284337 0.0199723068189 0.0164473097786 0.035963418025 0.0124386428656 0.0231975940847 0.0167411375783 0.0170206010336 0.436516290706 0.0483614706929 0.0482965488847 0.00104214359133 0.0270088147996 0.0202454406234 0.0648183851948 0.0245782472305 0.044704272313 0.0149435896223 0.0688747498598 0.0470109775312 0.0120215535772 0.0319262863241 0.0240182733145 0.00760903809711 0.0174959588563 0.00136367265981 0.0516236252586 0.0109698823172 0.0255085832509 
0.0296698391729 0.00850656117109 0.0180641268213 0.0359137395832 0.0251211463882 0.01299501315 0.0299977534633 0.00591487472566 0.0257774856036 0.0141983972618 0.0610067929644 0.00459490459434 0.0262049691815 0.0146652713464 0.00479171058112 0.0344396789563 0.04832266972 0.017014484832 0.0377341205654 0.0190474799805 0.02376174252 0.0055344652584 0.0166394984006 0.0243616584228 0.113578075326 0.0124357494934 0.0239471243601 0.0114971693721 0.0368848239155 0.0483614706929 0.377654957178 0.0270005940999 0.0028750641651 0.0242365892464 0.0281821783712 0.030775014837 0.0289695140686 0.030923795387 0.00749163690219 0.0333739768849 0.0352911149114 0.00945782082739 0.0112988258387 0.0141680740579 0.0170597098524 0.0184605810908 0.00272217807618 0.0948655569783 0.010822036349 0.010131353306 
0.0213351877878 0.00876571076975 0.00679927288467 0.0195269332894 0.0360554716742 0.0223657204994 0.00121411859191 0.00947934026576 0.0217673978624 0.0089592120181 0.000915125682523 0.0323048816523 0.03521526344 0.00577380109262 0.018302774523 0.0150316350567 0.0190957894878 0.0203890627485 0.0107167771014 0.0234461555618 0.0265330716859 0.0161836953004 0.0373913384253 0.0358520127706 0.0213538654496 0.0252650061893 0.0152262162407 0.00798484138932 0.0240768944009 0.0482965488847 0.0270005940999 0.229148429401 0.00918308890184 0.0384599151297 0.00567186804938 0.0341789905336 0.0300278014102 0.0196021883514 0.0104653408178 0.0120052274533 0.0330185474175 0.0174382809654 0.0227582881408 0.037023523729 0.00909956433957 0.00651447523688 0.0177037549605 0.00824167220134 0.00396836487994 0.0104156362733 
-0.00843185013645 0.00328531018194 0.00920842361395 -0.00612898122821 0.00962280103149 0.00863535198234 0.0289943855038 0.0210532591307 0.00761649804336 0.00112849064551 0.005229184233 0.0124149599785 0.0181704841874 0.0057096476334 0.00482362766289 0.0192987061222 0.0124450496926 8.626440238e-05 0.0204138635732 0.0192769655584 0.0128515673712 0.0108271471075 0.00944609070907 -0.00487334061365 -1.77386730887e-05 0.00517976198337 0.00441984488587 -0.000441982999149 0.00532786797018 0.00104214359133 0.0028750641651 0.00918308890184 0.219363215996 0.0135677271635 0.00430801573044 -0.00204471698373 0.00139648985673 0.00548933455429 0.00456930526445 -0.0102264834567 0.00742844645392 0.010489448758 0.00861826275534 0.00463737718251 0.0109920065335 0.00454226258552 0.012455980155 0.00287340322207 -0.0163657429577 0.000991166662159 
0.00563534185051 0.0113302787011 0.0114634348024 0.0186725337734 0.0146755756163 0.0284356067343 0.0181156949267 0.0268305346402 0.0295720484478 0.0126046730453 0.00743228658428 0.0233028609964 0.0272848675929 0.00208487413257 0.0251765395475 0.0438041594524 0.0357657194955 0.0175289943324 0.0102097450811 0.0302603439425 0.0405997101741 0.0278306881886 0.0274216285422 0.0177293094677 0.0213490831428 0.0115628792531 0.0127022665553 0.0124166689281 0.0166792430015 0.0270088147996 0.0242365892464 0.0384599151297 0.0135677271635 0.191496187793 0.021517040085 0.0302306391367 0.0409728066139 0.0319173271305 0.00945653399756 0.00533716484731 0.0395012523807 0.010425752319 0.0240123367259 0.0590490309393 0.0288292613191 0.0150016166475 0.0175538959765 0.0397962667201 0.000127268606361 0.0274706326734 
0.0171986464457 -0.00539143104249 0.00101829450577 0.0276911553812 0.0185952969968 0.00429654072972 0.0189512256876 0.0173348742638 0.0316414301755 0.00316663997514 0.0118275078834 0.011082171724 0.00708238494791 0.0126725929079 0.0123275147968 0.0428676195221 0.0299105306768 0.018283858882 0.0164098225333 0.0153347665308 0.0190903519081 0.00315619733766 0.0304729711236 -0.00975684088104 0.0292942765415 0.011487474235 0.0249520883697 0.0284568643446 0.015601799801 0.0202454406234 0.0281821783712 0.00567186804938 0.00430801573044 0.021517040085 0.262759993363 0.0490695861362 0.00531088876523 0.0146667360659 0.00557964112705 0.0343753087334 0.0288180945397 0.00764301178791 0.0465886394829 -0.00105370526963 0.0266697574028 0.0118633410282 0.000388403946681 0.0343226675711 0.048416650964 0.010691772235 
-0.00509185137017 0.00723851628951 0.00313027149187 0.0300385366549 0.0080751597068 0.0215748098395 0.00886146464737 0.0194648962795 0.0453827805329 0.0136163347265 0.0139416183943 0.0078196450423 0.0261256970475 0.00405297290471 0.0177174150258 0.0414865868794 0.0220548826822 0.0587920622821 0.000931654148153 0.0118420751026 0.012448634401 -0.00785245648601 0.0661976494717 0.031662494699 0.0712422688105 0.0166769589189 0.0420444139543 0.0733341525754 0.0354396252199 0.0648183851948 0.030775014837 0.0341789905336 -0.00204471698373 0.0302306391367 0.0490695861362 0.614235473451 0.0201942029258 0.00569580127255 0.0151963517973 0.0396191436919 0.0270656327353 0.0179806649135 0.0363518420467 0.0153241781978 0.0168544927169 0.00978153559455 0.0101622678094 0.0462538130546 0.0799229959138 0.00541683872209 
0.00112850872826 0.0193738381966 0.0113738929797 0.0183049728507 0.0215839617373 0.0426338342794 0.0093661289245 0.00315796646583 0.0448400560347 0.0104552758236 0.0137198206985 0.0199623178948 0.0347781739116 0.00624614106993 0.0175783104271 0.0084086905942 0.0263582674032 -0.0087896031172 0.0196136062308 0.00586194466185 0.00789122409105 0.0195023921567 0.019504404981 0.0082896029718 0.0392580358149 0.00581729840223 0.0109137918539 0.0156510936556 0.0148207391523 0.0245782472305 0.0289695140686 0.0300278014102 0.00139648985673 0.0409728066139 0.00531088876523 0.0201942029258 0.427530900288 0.0287909149575 -0.00421634873067 0.0116739404567 0.0244161188185 -0.00104477918873 0.0118788878324 0.0265558373987 0.0335707967278 0.00643903745229 0.00150909470934 0.0372151661493 0.0228705454378 0.0185102476889 
-0.0105354873802 0.00767136401802 0.00266240616285 0.0227263401264 0.0105161357119 0.0147532979966 0.022410719753 0.00902773196643 0.0176763351401 0.00907791077627 0.00341491462288 0.024388235697 0.010316293862 0.00775447657666 0.00832902325768 0.031106227907 0.0582964252911 -0.00680529898948 0.00831162458099 0.0344267609776 0.0422258833592 0.0252277521479 0.00354020338423 0.0168746154046 0.0198977165482 0.0194200250676 0.0165001816798 -0.0069791213004 0.0192262734905 0.044704272313 0.030923795387 0.0196021883514 0.00548933455428 0.0319173271305 0.0146667360659 0.00569580127255 0.0287909149575 0.236749523291 0.0022527517326 0.00612874506681 0.0489945740089 0.0205912788028 0.033134909241 0.0384731848736 0.0160154099634 0.0157098395039 0.0155592585705 0.0267003242566 -0.0235024348655 0.034468903675 
0.0157757575867 0.0465086207734 0.0082607812499 0.00541260583884 0.0038656340745 -0.00990379471519 0.0152956028647 0.0066433832233 0.0043377222842 0.00379384231122 0.00907214861753 0.00782281219299 0.00626931216511 0.00408445374437 0.00497661349379 0.0155786338394 0.0190565224291 0.0186327576541 0.01264005477 0.0114972543457 0.00997733502005 0.0100591760221 0.0058837138723 0.0407429196196 0.00635186873291 0.0534281841525 0.00821595313492 0.013712259184 0.0129282866275 0.0149435896223 0.00749163690219 0.0104653408178 0.00456930526445 0.00945653399756 0.00557964112705 0.0151963517973 -0.00421634873067 0.0022527517326 0.147305933887 0.00711804697743 0.0175751991689 0.0198884515574 0.0205697480844 0.0198961376419 0.0113145558299 0.0092789261111 0.00709193884221 0.0259313539703 0.0367002963613 0.0164844858545 
0.103024877656 0.00423044177986 -0.0059440811048 0.0196506605771 0.0113064137729 0.00757512102967 0.0208548638982 0.0198507367675 0.0262038298039 0.0299428893631 0.00602819412461 0.0120021511376 0.0183487895097 0.0144217702464 -0.0118541013641 0.0247261328751 0.012216238607 0.0159613507711 0.0288888988392 0.0130824250471 -0.00352353741908 0.0124090558038 0.0228910467475 0.02028819145 0.0368016228865 0.0120369545421 0.0270058065565 0.00835737097105 0.00403366256099 0.0688747498598 0.0333739768849 0.0120052274533 -0.0102264834567 0.00533716484731 0.0343753087334 0.0396191436919 0.0116739404567 0.00612874506681 0.00711804697743 0.344657431639 0.0344034600462 -0.00538535932393 0.0141290540436 0.00245125528316 0.0170341894681 0.0211388635775 -0.00172265338633 0.0873454207271 0.0190132339954 0.00679133465822 
0.00609515338288 0.0196039619957 0.00677715454605 0.0242734650412 0.0198542735485 0.036463790224 0.00700201053662 0.0244497342719 0.0333112802493 0.0210753353139 0.0153170670918 0.0366041069038 0.0109106511771 0.0128933579009 0.0287691449316 0.051151320494 0.12297914961 0.0196806304047 0.019388160906 0.0292761850313 0.0345902415336 0.0195403929492 0.0105697417396 0.00834388182917 0.0269369043909 0.00732599503179 0.0289088185797 -0.000723739875998 0.0141910438338 0.0470109775312 0.0352911149114 0.0330185474175 0.00742844645392 0.0395012523807 0.0288180945397 0.0270656327353 0.0244161188185 0.0489945740089 0.0175751991689 0.0344034600462 0.255785649758 0.00335866482821 0.0320251341354 0.0424413218319 0.0176234814539 0.0250169953824 0.0122817303007 0.0415358883704 0.0178092527919 0.0431431301985 
0.00819523670189 0.0207197058721 0.0152163233106 -0.00695318112508 0.00829754449268 -0.000591144252086 0.00377794492606 -0.000549714397302 0.00123595000048 0.00965673267264 -0.000690741256978 0.00363379276179 0.00509451284287 0.00976113287318 0.00468508446566 0.0230306714809 0.010155587815 0.0165829902032 0.0122294725522 0.00189988643504 0.0112162750988 0.0124232373564 0.0188382045552 0.0234247739068 0.0223911690645 0.0177115398057 0.00407281602186 0.00510954803238 0.0116965427418 0.0120215535772 0.00945782082739 0.0174382809654 0.010489448758 0.010425752319 0.00764301178791 0.0179806649135 -0.00104477918873 0.0205912788028 0.0198884515574 -0.00538535932393 0.00335866482821 0.276942472661 0.00856914727462 0.019324602661 0.0164020390431 0.0069882116349 0.0248532990305 0.00105251929231 0.0130508701409 0.0191570527993 
0.00319879366085 0.0104177771921 0.00326870585271 0.0386074941412 0.0332968345293 0.0331015888796 0.00822660461577 0.0109832009184 0.0291171677805 0.023101528732 0.0363830365948 0.0263363942671 0.0358829936172 0.00583646089049 0.0192305708184 0.0487828005065 0.0191219713859 0.00429742949404 0.0171904597305 0.0143000263055 0.0299300119579 0.0083202679966 0.0225159310067 0.012727183883 0.00929561662084 0.0150714510184 0.0331058452585 0.0158624655195 0.0273217859677 0.0319262863241 0.0112988258387 0.0227582881408 0.00861826275534 0.0240123367259 0.0465886394829 0.0363518420467 0.0118788878324 0.033134909241 0.0205697480844 0.0141290540436 0.0320251341354 0.00856914727462 0.315009410259 0.0180407329749 0.0371223104094 0.0121277309867 0.00222259184906 0.0428584537364 0.0345237647814 0.0188447491792 
0.00370728353231 0.0208385818397 0.0100544458289 0.0119894112425 0.0273787892266 0.0154808410509 0.00662266908392 0.0148098993208 0.0350525082263 0.012046461363 0.00821732134059 0.0112292577379 0.0280460244124 0.00570002873824 0.0201172100688 0.0394390371854 0.0318496512907 0.0126695517429 0.0152789154004 0.0114919326316 0.043752943535 0.00813511720591 0.0285502479942 0.0198452823184 0.0127224088575 0.0172205372956 0.0353707388386 0.0029734573613 0.00441464309546 0.0240182733145 0.0141680740579 0.037023523729 0.00463737718251 0.0590490309393 -0.00105370526963 0.0153241781978 0.0265558373987 0.0384731848736 0.0198961376419 0.00245125528316 0.0424413218319 0.019324602661 0.0180407329749 0.167723515248 0.0218013771184 0.0129193263136 0.0100436773991 0.0216235334623 -0.00304948988726 0.0339576698622 
0.00767667148367 0.0218933828289 0.00305153580951 -0.0020332523814 0.00656795885119 0.0188672088176 0.0172922266922 0.00258814209081 0.00755559027418 0.0127306312089 0.0105032904694 0.0183261772659 0.00863949941629 -0.00631409873632 0.000540698324397 0.0181682774889 0.0184299276663 0.00143046633494 0.010833420701 0.0176852725599 0.017407339447 0.00739858590079 -0.00275667492176 0.00837853442953 0.0220477719266 0.0141510010677 0.0121748434411 -0.00438651329175 0.00915504202458 0.00760903809711 0.0170597098524 0.00909956433957 0.0109920065335 0.0288292613191 0.0266697574028 0.0168544927169 0.0335707967278 0.0160154099634 0.0113145558299 0.0170341894681 0.0176234814539 0.0164020390431 0.0371223104094 0.0218013771184 0.174159990119 0.0219937082898 0.00296495032946 0.00741024529284 0.0142425777876 0.0124757434248 
0.0166558730321 0.0102926865109 0.0135899372553 0.0113293014592 0.0127521797203 0.00364357608247 0.0150880611999 0.00590918984789 0.0233624543175 0.0140641003406 0.00183971161841 -0.00770919441373 0.00133556740612 0.00617014777896 0.0258216827956 0.0174498028173 0.00700092473237 -0.00185195849831 0.0281870841242 0.0335720026383 0.00797359763248 0.00793492453201 0.0117638293442 0.0122649014497 0.0348175662914 0.00371716192456 0.0225944655509 0.0204259043164 0.0102951059401 0.0174959588563 0.0184605810908 0.00651447523688 0.00454226258552 0.0150016166475 0.0118633410282 0.00978153559455 0.00643903745229 0.0157098395039 0.0092789261111 0.0211388635775 0.0250169953824 0.0069882116349 0.0121277309867 0.0129193263136 0.0219937082898 0.263535071439 -0.00511859926274 0.0344473194736 0.0125119677194 0.0109639698519 
0.0258920042235 0.0208101992729 0.011067078452 0.0054647665583 0.0399254743501 0.00409349153307 0.00172754417971 0.00896993142132 0.0140073285858 0.0143299331775 0.00441451488151 -0.0109876797102 0.00339878040585 0.00547646437818 -0.0168744338087 0.0154852253506 0.0329001746742 0.00951157086838 0.0180962117407 0.000335463345287 0.018713797397 0.0194862763671 0.018597008401 0.023827483986 0.00451516501004 0.0171963380956 0.00493079426715 0.0223138211022 0.0127335726841 0.00136367265981 0.00272217807618 0.0177037549605 0.012455980155 0.0175538959765 0.000388403946681 0.0101622678094 0.00150909470934 0.0155592585705 0.00709193884221 -0.00172265338633 0.0122817303007 0.0248532990305 0.00222259184906 0.0100436773991 0.00296495032946 -0.00511859926274 0.381426249146 0.0134935839147 0.0121016393447 0.0111266410359 
0.0450242396025 0.0117907174156 0.00739377871404 0.0399486860325 0.0371968827693 0.027788673989 0.0228125042093 0.0573138818965 0.137586591665 0.0285921923293 0.0233229079589 0.0294532750814 0.0506989392564 0.020980621417 0.0273462563588 0.106041834709 0.013302924259 0.0104139444118 0.0562304276262 0.0696995134786 0.0346068357476 0.0558841199284 0.0792234132509 0.026699109108 0.0812480102943 0.0133897970171 0.0644438867759 0.0675017902594 0.0307341829321 0.0516236252586 0.0948655569783 0.00824167220134 0.00287340322208 0.0397962667201 0.0343226675711 0.0462538130546 0.0372151661493 0.0267003242566 0.0259313539703 0.0873454207271 0.0415358883704 0.00105251929231 0.0428584537364 0.0216235334623 0.00741024529284 0.0344473194736 0.0134935839147 0.863304568259 0.0504489166274 0.00964230642489 
