50
0.02392892696 0.123248136701 0.0220926651793 0.199130076205 0.0331056926512 0.0240188564254 0.0743441041655 0.0936509155003 0.0115927538848 0.114001255301 0.0144645316835 0.0179151897049 0.0254158643172 0.0308768641188 0.0197813299257 0.0874158444094 0.0420146984796 0.0247746242904 0.0470472683343 0.103528049483 0.0852779749864 0.0296866664977 0.100974868985 0.132143501856 0.0646745186267 0.0357111585815 0.0428749123775 0.0388241127613 0.0766147585819 0.00361039022472 0.478952808182 0.0631385093148 0.0499472002084 0.0202574279786 0.106366385329 0.0124927962784 0.0132097716294 0.02473804396 0.197480990077 0.0354646018646 0.0447966226616 0.0297585566085 0.0459594094694 0.118814959333 0.018453974145 0.0374431650663 0.10135047428 0.0377989606714 0.22311845274 0.126302472887 
0.245857353128 0.0128512047318 0.000827535334648 0.00849983702583 0.0050295728694 0.0298622197888 0.0269096960226 0.0370716681327 0.00778333006465 -0.000432616093594 0.00467349961237 0.00598510837918 0.0121267311038 0.00282981903361 0.00676186692607 -0.00480742325789 0.00529466307376 0.0165273849379 0.0123458937535 0.00897745050915 0.0113489323752 0.0079441518554 0.0412702524367 0.00989872514347 -0.00097322684794 0.00872253281661 0.00166495279507 0.023069733315 0.0163008241202 0.0222641422389 0.00607728909946 0.0236235249503 0.011824594017 0.0111912455177 0.0101040327305 0.0170312333745 0.00777677679141 0.003484538138 0.0144525278245 -0.0021728877292 0.0275022495076 0.0249493257211 0.0327123923846 0.0118659721919 0.0085796287152 0.00528088585187 0.0225392650898 0.0235526756969 0.0168935095177 -0.00438539751982 
0.0128512047318 0.459076065981 0.0199279869505 0.0485293094091 0.0139816592046 0.0171400453517 0.0313110863717 0.0165436319525 0.0131145742494 -0.00369820869109 0.0136314468896 0.00947907277902 0.0266511846539 0.0126573500304 0.0123768930942 0.0153139262606 0.0178531033455 0.0161689567944 0.0252479389186 0.0327132837387 0.0464561979635 0.0311102013468 0.0185517788115 0.0098913694754 0.0262507203323 0.00828396874865 0.00743154409287 0.0164305754718 0.033583593197 0.0218801304658 0.0660696146917 0.0141339568708 0.0142947411836 0.0281199631605 0.0476015895405 0.0175263468716 0.00926255443585 0.0284976924362 0.014649496992 0.00747432963981 0.0290441262409 0.0460781571735 0.0380856694302 0.0233528794994 0.000983861402078 0.0172589795856 0.0458998229424 0.0361508905538 0.0390342559079 0.0797136890617 
0.000827535334648 0.0199279869505 0.228218865626 0.0112775196683 0.0453020686747 0.0115869281544 -0.00907314988257 0.000381985164827 0.00819151997619 -0.00123238294034 0.00207722198171 0.0106564556229 0.00413669017015 0.000657772433513 0.0029861974363 -0.00152988384316 0.0245124485173 0.0153248693121 0.0253314190348 0.0118816057736 0.0275188756062 0.0177502525307 0.0113607571839 0.0145237344944 0.00767002628066 0.0144104911675 0.00584437151303 0.00287255675514 -0.000775123674384 0.00049050009064 0.0101322755391 -0.00282813263679 -0.0019824582664 0.0157668697994 0.0299846395868 0.00511388234929 0.00346986259736 0.0303790239693 0.0167476047781 0.0448065305071 0.00327983709304 0.0177104779493 0.00234671920319 0.0128941415961 0.0005606570898 0.00727258522603 0.00279095545702 -0.000117786858829 0.0191885767659 0.0184609187067 
0.00849983702583 0.0485293094091 0.0112775196683 0.611956792532 0.0197507743202 0.0299956104123 0.0184899237066 0.017467420836 0.0134126328084 0.0094596374706 0.0203594926902 0.0238244349895 0.0193488367546 0.0182973914562 0.00581990340211 -0.00213479267221 0.0156436703331 0.0264200531098 0.0122198546128 0.0639432970429 0.0153952038264 0.0250827917971 0.0182412131129 0.0706295834666 0.0565249160012 0.0245381474969 0.0277851707057 0.0114519511828 0.032151980561 0.02569397089 0.00783878360954 0.045739475552 0.0195753400395 0.0356425030224 0.0734574512757 0.0180072312004 0.0182637780414 0.00883066927625 0.0182847918594 0.0209494006882 0.0172366338146 0.022758934822 0.0243682119222 0.0258945050561 0.0126142619672 0.00514539505506 0.0630080058157 0.047515292488 0.0149133012079 0.115336443444 
0.00502957286941 0.0139816592046 0.0453020686747 0.0197507743202 0.203196720173 -0.000318736669034 0.00465767274518 0.0257302978121 0.00434857293534 -0.000823110417027 0.0126060321756 0.00728491464794 0.0156904028307 0.00122452702833 0.0175870266974 -0.000726868754877 0.0256210165628 0.0158103851269 0.0233442650875 0.0462684021862 0.00909026866389 0.0339224759067 0.0122308482943 0.0236835163371 0.00550356906741 0.0122907169628 0.0175485152188 0.00773334434437 -0.00886985529973 0.00693302978185 0.00203759584881 0.00760868491202 0.0123183955173 0.0159600704895 0.0337543731282 0.0215202110085 0.00537430137784 0.0377339369579 0.00912952829385 0.0460310882939 0.00172896175076 0.013110715658 0.00555608622695 0.0328303332326 0.00850170563772 0.0106096782837 0.0296665785152 0.0141390063941 0.0229315139144 0.0264978544187 
0.0298622197888 0.0171400453517 0.0115869281544 0.0299956104123 -0.000318736669034 0.188800381654 0.0331659705617 0.0279340490442 0.00780838463327 0.00214655477033 0.0128776139289 0.0260120211743 0.00796393269957 0.0249900601946 0.0180469267437 0.0401909086384 0.0187848852179 0.0223269110203 0.0110721400824 0.0154564695697 0.036306232197 0.0216847536304 0.0218949629347 0.0139653189709 0.00681166519233 0.0283629680901 0.0113182351347 0.0264619559302 0.0239311711952 0.013235844961 -0.00856401251016 0.026032104774 0.0125068405252 0.0147031091394 0.0184428086093 0.0237357321251 0.0135113934873 0.00553083875641 0.00990834643639 0.00131218542613 0.023650355436 0.0118548211784 0.0276926807129 0.0153033001501 0.00340476595323 0.00647152999976 0.0168981259309 0.0257014998629 0.0129496650584 0.0122625859156 
0.0269096960226 0.0313110863717 -0.00907314988257 0.0184899237066 0.00465767274519 0.0331659705617 0.381707536902 0.0791119772412 0.0190248687267 0.00331575028235 0.010398484028 0.0118161368784 0.00943957776637 0.0174406339905 0.0156533250161 0.0185475791298 0.00797877016553 0.0114720703494 0.0147336186302 -0.00360874632839 0.00736301110145 0.0228807998421 0.0560913662382 -0.0134564804653 0.0128457164061 0.0417330697371 0.00961977257846 0.0295959861295 0.0274462274092 0.00732768414024 0.0550544641674 0.0294585808145 0.0091793670716 0.00835841477193 -0.00950982699223 0.0308565419123 0.00507938344376 0.000388230994055 0.0390392824156 -0.00780659353308 0.0459113575629 0.0324886184204 0.0283517693921 0.0168968562944 0.00416684029088 0.00726423727787 0.0331311696245 0.0260656470737 0.0292176861236 0.00317620751554 
0.0370716681327 0.0165436319525 0.000381985164828 0.017467420836 0.0257302978121 0.0279340490442 0.0791119772412 0.444657444119 0.0151286403082 -0.00572087839183 0.0202061699155 0.00150917096162 0.0298781414319 0.0382904757865 0.0138857798656 0.0145873171271 0.0294726800826 0.0169995163289 0.0361028190159 0.00434445269515 0.0313082285109 0.0322929536901 0.0577612458174 0.0363254907074 0.0107885161302 0.0577976925685 0.0226304772338 0.0269827466371 0.0245651608332 0.0255352266316 0.0457061244644 0.022179154843 0.0212326992186 0.0183051751206 0.0167710302747 0.030197548866 0.021496713125 0.00591530615551 0.0449383702948 -0.0073304816051 0.0494487665103 0.0241274033049 0.0141358293852 0.0501929806066 0.00162928728803 0.0182593468904 0.0475620765476 0.0322493947666 0.0461438112497 0.00297946117231 
0.00778333006465 0.0131145742494 0.00819151997619 0.0134126328084 0.00434857293534 0.00780838463327 0.0190248687267 0.0151286403082 0.14145776617 0.00238399320483 0.00481060138209 0.00813192733613 0.00734872619942 0.0213826928232 0.0201022881293 0.0142158443029 0.0115695621008 0.0147534858459 0.0159222050048 0.0241710806745 0.0176524268248 0.0131659235928 0.00966738707091 0.015498366987 0.00504512491216 0.0124067617567 0.0167841212872 0.0103864874135 0.019728321729 0.0125382228651 -0.00977487141202 0.00916860019171 0.00619771516107 0.0159991816482 0.0110058398058 0.0175377126632 0.0158887808854 0.00713206018187 0.00757669652139 0.0128974016228 0.0167954593772 0.0210923709164 0.00416479841926 0.0143809368412 0.00891299242729 0.00840149330356 0.0189358686291 0.0189943196376 0.0139753497338 0.00738929189732 
-0.000432616093594 -0.00369820869109 -0.00123238294034 0.00945963747059 -0.000823110417028 0.00214655477033 0.00331575028235 -0.00572087839183 0.00238399320483 1.13781839132 -0.00548797753855 -0.00509500700559 0.0174697384909 0.0309650181565 0.00627528345531 0.00671448503519 0.0120115781011 0.00789200978693 -0.0112366380955 0.00792102294923 0.00325354120463 0.0106026982179 0.011871119768 0.00663327284475 -0.00835721100005 0.00222255401392 -0.00329845099947 -0.00855777748113 0.0121408498787 -0.00360715554158 -0.00510550508464 -0.00488298842173 -0.00862995176617 -0.00412472094356 0.0382066205266 0.0110860973016 -0.00808609796668 0.00692776019955 -0.00999899618558 -0.00109661956395 -0.00699337676343 0.0119056152821 0.0153449865758 0.0138155096591 -0.0121603169883 0.000422635177378 -0.00751520437884 0.00871187723672 -0.01186720328 0.0220627709321 
0.00467349961237 0.0136314468896 0.00207722198171 0.0203594926902 0.0126060321756 0.0128776139289 0.010398484028 0.0202061699155 0.00481060138209 -0.00548797753855 0.273379798283 0.00317737064845 0.0128945473856 0.00640132828094 0.00141437262267 0.00974878222395 0.00827403495693 0.0118901359818 0.00850857075163 -0.00792032135007 0.0284419460608 0.0112433255759 0.00655311109798 0.0015545668166 0.00309146200326 0.00901912151231 0.0211539743358 0.00685891526442 0.00616060644612 0.015195166568 0.0198141191638 0.024001076677 0.00602334907974 0.007128717327 -0.00763957104211 0.0109486816738 0.00678408250827 -0.00529606744195 -0.0145997033471 0.00831498238774 0.0211825517905 0.00338809017987 0.00623197689414 0.0361578900974 0.00269836134204 0.0831202136414 0.023102213366 0.0130998650747 0.0224940786731 -0.0046190840809 
0.00598510837918 0.00947907277902 0.0106564556229 0.0238244349895 0.00728491464794 0.0260120211743 0.0118161368784 0.00150917096162 0.00813192733613 -0.00509500700558 0.00317737064845 0.306492206942 0.00446534521408 0.0019752815975 0.00923068848448 0.00831108757657 0.012447210348 0.00291397667525 0.0186091277918 0.024161333145 0.029196661409 0.00306507538178 0.0223166058101 0.0118945588721 -0.0035927486287 0.0220487371401 -0.00312513294342 0.00716814588309 0.000269231929539 0.0152174847043 -0.00294973643068 0.0112822549952 -0.00421897767555 0.0124066447015 0.00573045027073 0.0127721430569 0.0111692485072 0.0201948686933 0.0288331033037 0.0136035611414 0.0182455634438 0.0375674760278 0.0171618942472 -0.0177977390907 0.0108559939696 -0.000384290308507 0.00271533003796 0.0118601013299 0.0122326319305 -0.000112630635647 
0.0121267311038 0.0266511846539 0.00413669017015 0.0193488367546 0.0156904028307 0.00796393269958 0.00943957776637 0.0298781414319 0.00734872619942 0.0174697384909 0.0128945473856 0.00446534521408 0.291117391902 0.0127264595073 0.010985359236 0.0040749318042 0.00981162476614 0.0166602668333 0.00982460156735 0.00986260624289 0.017933705744 0.0246197220225 0.014881833208 0.0109010846295 -0.00419674268902 0.0271617074655 0.0142480795357 0.0211965276661 0.0157876528674 0.020290158539 0.00253009203355 0.0197273478701 0.0209594791755 0.0260757083117 0.015334120538 0.0134885000421 0.00895344123248 0.00353864576013 0.0143642061736 -0.00364538294298 0.0349801163159 0.0266376557784 0.0395384239275 0.0270536504831 0.0061320005421 0.0160903725802 0.00841748853076 0.0287283118652 0.0310890570447 0.0026652572813 
0.0028298190336 0.0126573500304 0.00065777243351 0.0182973914562 0.00122452702833 0.0249900601946 0.0174406339905 0.0382904757865 0.0213826928232 0.0309650181565 0.00640132828093 0.0019752815975 0.0127264595073 0.256143639457 0.0181771421472 0.00419191598644 0.0113449863082 0.0169570632137 0.00619443397391 -0.0147058755329 0.0115099980941 0.0190090312968 -0.0101984973983 0.00560723265852 0.00655729925132 0.0152418612771 0.022754951659 0.00980924854367 0.0333272220245 0.00658082617185 0.00672884883311 0.013618323903 -0.0127506949181 0.0152745323227 0.006045687155 0.00665017786399 0.0127932352509 0.00913673463737 0.00960981731992 0.00503462620207 0.0198281303173 0.0133331142705 0.0156214419923 0.00781371568986 0.0141044955327 0.0211366041011 0.0413053917886 0.0317264217065 0.033806848655 0.0114512107297 
0.00676186692607 0.0123768930942 0.0029861974363 0.00581990340211 0.0175870266974 0.0180469267437 0.0156533250161 0.0138857798656 0.0201022881293 0.00627528345531 0.00141437262267 0.00923068848448 0.010985359236 0.0181771421472 0.143166757623 -0.001090017391 0.0188520137094 0.0139642235105 0.0236897440326 0.0117583028136 0.0282821076553 0.0266863388167 0.00608420872621 -0.0120652700595 0.0262606208707 0.0100023376545 0.0258472515332 0.00968726901048 0.0222414384912 0.0105971478657 -0.0151606346242 0.000985883558094 0.012773423992 0.0118653424393 -0.0105789660579 0.0184364061782 0.00509824814767 0.01812508437 0.0258591083135 0.0094502449776 0.0224982243652 0.0159653727221 0.00886322320853 0.00669543379771 0.00412211701263 0.0101969963995 0.014826694606 -0.00369342128736 0.0113815058666 0.00823275196629 
-0.00480742325789 0.0153139262606 -0.00152988384316 -0.00213479267221 -0.000726868754876 0.0401909086384 0.0185475791298 0.0145873171271 0.0142158443029 0.00671448503518 0.00974878222395 0.00831108757657 0.0040749318042 0.00419191598644 -0.001090017391 0.542061529268 0.00691558480386 0.00804192380027 0.0141888955541 -0.00708134162287 0.0247687873296 0.00589423987197 0.00673525832082 0.0337883486182 -0.00881202512807 0.0190260695307 0.0101453204959 0.00958081039168 0.0125675684426 -0.0012472095598 -0.0107665535338 0.0964255127293 0.0327894297251 0.0195470314584 0.00828292109715 0.00416573055975 -0.000958086662196 0.0202612064832 0.0331344834457 -0.00970726651704 0.0251237617149 0.00874849699013 0.00557066810863 0.0184433910895 -0.00215851135452 0.00309452569138 0.0205942607594 0.0216589045742 0.110999342674 -0.0108985514586 
0.00529466307376 0.0178531033455 0.0245124485173 0.0156436703331 0.0256210165628 0.0187848852179 0.00797877016553 0.0294726800826 0.0115695621008 0.0120115781011 0.00827403495693 0.012447210348 0.00981162476614 0.0113449863082 0.0188520137094 0.00691558480386 0.212799779479 0.0107060654207 0.00507306068651 0.0404089957179 0.0127485542961 0.0218428392205 0.0236647232706 0.0403198933617 0.0194041747492 0.0119354206783 0.0132598966954 0.014608451356 0.0209827132098 0.010868001262 -0.000741454691834 0.00457081715624 0.00333157882834 0.0180641888542 0.0468089870011 0.00910090129614 0.00374684590233 0.01609975404 0.0244221352758 0.0227605515715 0.0148184282778 0.0175894544944 0.0178564847606 0.0142209252743 -0.00200758745893 0.00814977336204 0.024526872524 0.0182705222926 0.0286189995087 0.0153814884016 
0.0165273849379 0.0161689567944 0.0153248693121 0.0264200531098 0.0158103851269 0.0223269110203 0.0114720703494 0.0169995163289 0.0147534858459 0.00789200978693 0.0118901359818 0.00291397667525 0.0166602668333 0.0169570632137 0.0139642235105 0.00804192380027 0.0107060654207 0.181102700921 0.0277003856616 -0.00522242536124 0.017578521222 0.0241777726497 0.0195146596786 0.0150367998679 0.00805459745911 0.00527251741624 0.0229049909176 0.0149081841424 0.021397256537 0.00738817198162 -0.0212616499012 0.0130098633637 0.0328487711891 0.0159136328335 0.0163362266683 0.00748504943675 0.0114525987933 0.0131642961185 0.00962368131329 0.00601828437678 0.0230969144179 0.00812347500683 0.0187003646041 0.01724906175 -0.0013273352244 0.0235871516252 0.0440922356143 0.0132589469853 0.0233610149767 0.0165392050256 
0.0123458937534 0.0252479389186 0.0253314190348 0.0122198546128 0.0233442650875 0.0110721400824 0.0147336186302 0.0361028190159 0.0159222050048 -0.0112366380955 0.00850857075163 0.0186091277918 0.00982460156735 0.00619443397391 0.0236897440326 0.0141888955541 0.00507306068651 0.0277003856616 0.20373390319 0.0177945956958 0.0225971211615 0.0337135160749 0.00924299360297 0.0221588130776 0.0225951645271 0.0209066380163 0.0256871334245 0.00226261155542 0.0180365491731 0.0129222633033 -0.0190061800495 0.0163133811657 0.0097025457276 0.0205703612445 0.00853572025263 0.0151100301978 0.00895417067632 0.020524143221 0.00496773457557 0.00872921206468 0.0353271766544 0.015897856533 0.0262175408758 0.0195089487486 0.013302456985 0.0169907300017 0.0184505323757 0.00789659580954 0.0162234215944 0.0161816821229 
0.00897745050915 0.0327132837387 0.0118816057736 0.0639432970429 0.0462684021862 0.0154564695697 -0.0036087463284 0.00434445269515 0.0241710806745 0.00792102294924 -0.00792032135007 0.024161333145 0.00986260624289 -0.0147058755329 0.0117583028136 -0.00708134162287 0.0404089957179 -0.00522242536124 0.0177945956958 0.397507183883 0.00575159659705 0.0228703289366 0.0096924445635 0.121236190185 0.0268431960653 -0.00018880419459 0.0279215719642 0.00782889666307 0.00352676386627 -0.00567795422119 0.0145239490025 0.00627559403031 0.0187017515015 0.00546253196763 0.140403634528 0.00840027512661 -0.00316528109964 0.0206321163959 0.030359589809 0.031912223443 0.00292967904878 0.0117426357024 -0.0120325552094 0.0163324149333 0.0101189457421 0.0124675821035 0.0193281529436 0.00430402482288 0.0175215605836 0.109321397269 
0.0113489323752 0.0464561979635 0.0275188756062 0.0153952038264 0.0090902686639 0.036306232197 0.00736301110145 0.0313082285109 0.0176524268248 0.00325354120463 0.0284419460608 0.029196661409 0.017933705744 0.0115099980941 0.0282821076553 0.0247687873296 0.0127485542961 0.017578521222 0.0225971211615 0.00575159659705 0.394616052972 0.00522148140197 0.034797498111 -0.00264513703994 0.0395761421344 0.0522226709039 0.00883448706804 0.0227230049741 0.00224077294661 0.0158949071646 -0.0222261790724 0.0137980202918 0.000319475098412 -0.00117105581789 0.0224947690204 0.0209465064524 0.0151800796206 0.0216646936461 0.00862625415427 0.0178906147946 0.0402696009528 0.0504286039877 0.0190501726468 0.0150931389918 0.0169076841404 0.0174348830068 0.0125281395781 0.0129665464247 0.00250714145273 0.0128944941403 
0.0079441518554 0.0311102013468 0.0177502525307 0.0250827917971 0.0339224759067 0.0216847536304 0.0228807998421 0.0322929536901 0.0131659235928 0.0106026982179 0.0112433255759 0.00306507538178 0.0246197220225 0.0190090312968 0.0266863388167 0.00589423987197 0.0218428392205 0.0241777726497 0.0337135160749 0.0228703289366 0.00522148140197 0.221807445301 0.0267481318536 0.00813517240754 0.0240189014317 0.0224854396475 0.034735378384 0.0132460962157 0.0284396216982 0.00918753393259 -0.00569071166786 0.00721974625831 0.00185570181507 0.029800746285 0.00736828610478 0.0102020679331 0.0169185603928 0.0248948678133 0.0177992786883 0.0115618810201 0.0142208065265 0.0183577273712 0.0362723786955 0.00743131206938 0.0152376947224 0.0143930502634 0.0393952545989 0.0207372294205 0.0255241278372 0.018330253504 
0.0412702524367 0.0185517788115 0.0113607571839 0.0182412131129 0.0122308482943 0.0218949629347 0.0560913662382 0.0577612458174 0.00966738707091 0.011871119768 0.00655311109797 0.0223166058101 0.014881833208 -0.0101984973983 0.00608420872621 0.00673525832082 0.0236647232706 0.0195146596786 0.00924299360297 0.0096924445635 0.034797498111 0.0267481318536 0.466921498734 0.035712541433 -0.00291808319571 0.0314583344662 0.00581121200843 0.0357480320158 0.00876013017495 0.0196124675233 -0.00169482918982 0.0326489826013 -0.00190114378221 0.016594327283 0.00480913232401 0.0285219273041 0.0210189919207 -0.00194808295315 0.0331687946773 0.00418722118619 0.0312607834187 0.0288979321445 0.0504830726882 0.0238672496906 0.00760404496255 0.00751667338287 0.0285089223512 0.0242523150613 0.0426719556059 0.00631266410761 
0.00989872514347 0.0098913694754 0.0145237344944 0.0706295834666 0.0236835163371 0.0139653189709 -0.0134564804653 0.0363254907074 0.015498366987 0.00663327284476 0.00155456681659 0.0118945588721 0.0109010846295 0.00560723265853 -0.0120652700595 0.0337883486182 0.0403198933617 0.0150367998679 0.0221588130776 0.121236190185 -0.00264513703995 0.00813517240754 0.035712541433 0.450650078913 0.0320866569831 0.0150896960368 0.0179642221558 0.0194091480706 0.0225235895228 0.0138337260734 -0.00478170562024 0.0319644146432 0.00695434874573 0.0346981087261 0.136875471992 0.0105097718745 -0.00140241101954 0.00451576510131 -0.00971382104242 0.00879429167727 0.00209116372221 0.0265476521848 0.0184401675593 0.0262801394439 -0.00724477816182 0.0133429957125 0.0127569877519 0.0300610743581 0.0500101955406 0.092207020634 
-0.000973226847939 0.0262507203323 0.00767002628066 0.0565249160012 0.00550356906741 0.00681166519233 0.0128457164061 0.0107885161302 0.00504512491216 -0.00835721100005 0.00309146200326 -0.0035927486287 -0.00419674268902 0.00655729925132 0.0262606208707 -0.00881202512807 0.0194041747492 0.00805459745911 0.0225951645271 0.0268431960653 0.0395761421344 0.0240189014317 -0.0029180831957 0.0320866569831 0.509849127159 0.0269693466623 0.0187875098715 0.0193430415951 0.0162360241879 0.0254226592481 -0.00703119701017 0.0105146522601 0.0221967252397 -0.00718119597086 0.0398544877794 -0.000728934479188 -0.00768342931845 0.0273763857205 0.0224581892231 0.0296642020754 0.000208558966494 -0.00849783684548 0.0258905084923 0.0335023040444 -0.00247625900292 0.00622440118407 0.0207838878382 0.00620878873156 0.0101021185724 0.0210970381055 
0.00872253281661 0.00828396874864 0.0144104911675 0.0245381474969 0.0122907169628 0.0283629680901 0.0417330697371 0.0577976925685 0.0124067617567 0.00222255401392 0.00901912151231 0.0220487371401 0.0271617074655 0.0152418612771 0.0100023376545 0.0190260695307 0.0119354206783 0.00527251741624 0.0209066380163 -0.000188804194593 0.0522226709039 0.0224854396475 0.0314583344662 0.0150896960368 0.0269693466623 0.278048983337 0.0242176745958 0.0195906655729 0.0261744640968 0.0210823111229 0.0387784279301 0.0128203439317 0.0056115579246 0.0173237244027 -0.00648578066344 0.0074056238991 0.0118185387871 0.013528997088 0.00095972690821 0.0143638055909 0.0689629208545 0.0330555788383 0.0385532086005 0.0162332354763 0.0113194607825 0.0182951099847 0.0221995685393 0.0148268054387 0.0304385770803 0.00966223496612 
0.00166495279507 0.00743154409287 0.00584437151303 0.0277851707057 0.0175485152188 0.0113182351347 0.00961977257846 0.0226304772338 0.0167841212872 -0.00329845099947 0.0211539743358 -0.00312513294342 0.0142480795357 0.022754951659 0.0258472515332 0.0101453204959 0.0132598966954 0.0229049909176 0.0256871334245 0.0279215719642 0.00883448706804 0.034735378384 0.00581121200843 0.0179642221558 0.0187875098715 0.0242176745958 0.249275778859 0.0163112436209 0.0302785328887 0.017528529037 -0.0439317462597 0.0182076390296 0.0146519322695 0.0252513737666 0.00317200318818 0.0182449905632 0.0207674031412 0.0207543585975 0.0305611457987 0.0161557350972 0.0424236011782 0.00923035295913 0.0308799486941 0.00175005608273 0.000296308875072 0.00322233573854 0.0406407038352 0.039899089462 0.00368178429752 0.00830125705015 
0.023069733315 0.0164305754718 0.00287255675514 0.0114519511828 0.00773334434438 0.0264619559302 0.0295959861295 0.0269827466371 0.0103864874135 -0.00855777748113 0.00685891526443 0.00716814588309 0.0211965276661 0.00980924854367 0.00968726901048 0.00958081039168 0.014608451356 0.0149081841424 0.00226261155542 0.00782889666307 0.0227230049741 0.0132460962157 0.0357480320158 0.0194091480706 0.0193430415951 0.0195906655729 0.0163112436209 0.170849960229 0.0164947481059 0.0139529727108 -0.00986840210861 -0.00960000200212 0.0078242665139 0.0212281651471 0.00321111804046 0.0123335955136 0.0201913288525 0.00602549900704 0.0187509018809 0.0077027221183 0.0226351299544 0.0123123523917 0.0776438188943 0.0207290611049 0.00294501353954 0.00866424060504 0.0309169575472 0.00823087113185 0.00518380158773 0.0150114172836 
0.0163008241202 0.033583593197 -0.000775123674383 0.032151980561 -0.00886985529973 0.0239311711952 0.0274462274092 0.0245651608332 0.019728321729 0.0121408498787 0.00616060644611 0.000269231929538 0.0157876528674 0.0333272220245 0.0222414384912 0.0125675684426 0.0209827132098 0.021397256537 0.0180365491731 0.00352676386627 0.00224077294661 0.0284396216982 0.00876013017496 0.0225235895228 0.0162360241879 0.0261744640968 0.0302785328887 0.0164947481059 0.388537698189 0.0164789979537 0.26984082968 0.044383851426 0.0170502026375 0.0572648420214 0.0290090192254 0.00983591087435 0.0419069430799 0.0160626032763 0.0368790553822 0.0105208145887 0.0325596419732 0.0236109395523 0.0284738781493 0.0431713802637 0.0237403881489 0.015475736925 0.0485247247927 0.0761120816302 0.0736585157756 0.0134345962251 
0.0222641422389 0.0218801304658 0.00049050009064 0.02569397089 0.00693302978185 0.013235844961 0.00732768414024 0.0255352266316 0.0125382228651 -0.00360715554158 0.015195166568 0.0152174847043 0.020290158539 0.00658082617186 0.0105971478657 -0.0012472095598 0.010868001262 0.00738817198162 0.0129222633033 -0.00567795422119 0.0158949071646 0.00918753393259 0.0196124675233 0.0138337260734 0.0254226592481 0.0210823111229 0.017528529037 0.0139529727108 0.0164789979537 0.214214102688 -0.00221507257245 0.00178972340163 0.026268054031 0.0142747097362 -0.00346154126531 0.0149262878998 0.00411907788622 0.0146077189079 0.0230589151229 0.00163586397329 0.0174444357967 0.0161709844951 0.0365182961664 0.00766342318881 0.00888217932249 0.00563860069204 -0.0019876741391 0.0243256540665 0.00758620306805 0.00920782367784 
0.00607728909946 0.0660696146917 0.0101322755391 0.00783878360954 0.00203759584881 -0.00856401251016 0.0550544641674 0.0457061244644 -0.00977487141202 -0.00510550508464 0.0198141191638 -0.00294973643068 0.00253009203355 0.00672884883311 -0.0151606346242 -0.0107665535338 -0.000741454691834 -0.0212616499012 -0.0190061800495 0.0145239490025 -0.0222261790724 -0.00569071166786 -0.00169482918982 -0.00478170562024 -0.00703119701017 0.0387784279301 -0.0439317462597 -0.00986840210861 0.26984082968 -0.00221507257245 5.228361285 0.00685635109208 0.0157090921614 0.0138319142306 0.0564606831844 -0.00199745225659 0.0328887835006 -0.0155634987216 0.0337685021642 -0.0139236451329 0.0296330704885 -0.0105572700657 -0.0272690452274 0.0871185999556 -0.00997046683757 0.00661013972817 0.021997068568 0.0203851669002 0.0257779438438 -0.0280431973697 
0.0236235249503 0.0141339568708 -0.00282813263679 0.045739475552 0.00760868491202 0.026032104774 0.0294585808145 0.022179154843 0.00916860019171 -0.00488298842173 0.024001076677 0.0112822549952 0.0197273478701 0.013618323903 0.000985883558094 0.0964255127293 0.00457081715624 0.0130098633637 0.0163133811657 0.00627559403031 0.0137980202918 0.0072197462583 0.0326489826013 0.0319644146432 0.0105146522601 0.0128203439317 0.0182076390296 -0.00960000200212 0.044383851426 0.00178972340162 0.00685635109208 0.345868943364 0.0200430504654 0.0381277371376 0.0206259715482 0.0162981826293 0.00951473611341 0.010397271313 -0.0144403958074 0.00796937990659 0.00523294149992 0.0135120534949 0.0156984645902 0.0342259890861 0.00838415232203 0.022178016786 0.0247414927713 0.0245060366255 0.103677500676 0.00848285308273 
0.011824594017 0.0142947411836 -0.0019824582664 0.0195753400395 0.0123183955173 0.0125068405252 0.0091793670716 0.0212326992186 0.00619771516107 -0.00862995176617 0.00602334907974 -0.00421897767555 0.0209594791755 -0.0127506949181 0.012773423992 0.0327894297251 0.00333157882834 0.0328487711891 0.0097025457276 0.0187017515015 0.000319475098413 0.00185570181507 -0.00190114378221 0.00695434874573 0.0221967252397 0.0056115579246 0.0146519322695 0.0078242665139 0.0170502026375 0.026268054031 0.0157090921614 0.0200430504654 0.365475006113 0.0236448880715 0.00404891391601 0.0129341779556 0.00153085685441 -0.000989947288101 0.00736171072306 0.00885323697075 0.00322564221657 -0.00142121634804 0.012459116866 0.0275198003614 0.00786169419941 0.0361883326339 0.0380082937029 0.0172202926254 0.0196295049836 0.000724830175356 
0.0111912455177 0.0281199631605 0.0157668697994 0.0356425030224 0.0159600704895 0.0147031091394 0.00835841477193 0.0183051751206 0.0159991816482 -0.00412472094356 0.00712871732702 0.0124066447015 0.0260757083117 0.0152745323227 0.0118653424393 0.0195470314584 0.0180641888542 0.0159136328335 0.0205703612445 0.00546253196763 -0.00117105581789 0.029800746285 0.016594327283 0.0346981087262 -0.00718119597085 0.0173237244027 0.0252513737666 0.0212281651471 0.0572648420214 0.0142747097362 0.0138319142306 0.0381277371376 0.0236448880715 0.268224661081 0.0120295772963 0.0277935858798 0.0242899263519 0.00997722028569 0.0156766526444 0.00505207150845 0.028011174157 0.0298211908476 0.0163757148058 0.0326308032137 0.0192659223543 0.0287655035498 0.0497758936861 0.0560006466862 0.035625837291 0.0229112439364 
0.0101040327305 0.0476015895405 0.0299846395868 0.0734574512757 0.0337543731282 0.0184428086093 -0.00950982699223 0.0167710302747 0.0110058398058 0.0382066205266 -0.00763957104211 0.00573045027073 0.015334120538 0.006045687155 -0.0105789660579 0.00828292109715 0.0468089870011 0.0163362266683 0.00853572025263 0.140403634528 0.0224947690204 0.00736828610478 0.00480913232401 0.136875471992 0.0398544877794 -0.00648578066345 0.00317200318818 0.00321111804046 0.0290090192254 -0.00346154126531 0.0564606831844 0.0206259715482 0.00404891391601 0.0120295772963 0.410327478454 0.00330777773871 0.0115556746283 0.0195497459275 0.0196641924115 0.0315048080981 0.00189126229875 0.0146626170332 -0.00142894343169 0.0207060297891 0.0252161341628 -0.00911078422373 0.0301362181044 -0.00442474173041 0.0401610697655 0.078179844446 
0.0170312333745 0.0175263468716 0.00511388234929 0.0180072312004 0.0215202110085 0.0237357321251 0.0308565419123 0.030197548866 0.0175377126632 0.0110860973016 0.0109486816738 0.0127721430569 0.0134885000421 0.00665017786398 0.0184364061782 0.00416573055975 0.00910090129614 0.00748504943675 0.0151100301978 0.00840027512661 0.0209465064524 0.0102020679331 0.0285219273041 0.0105097718745 -0.000728934479188 0.0074056238991 0.0182449905632 0.0123335955136 0.00983591087435 0.0149262878998 -0.00199745225659 0.0162981826293 0.0129341779556 0.0277935858798 0.00330777773871 0.176210840202 0.0123493470292 0.00527010271321 0.0482121188928 0.0076340113739 0.0203007759221 0.00697873319528 0.00285348151021 0.00632156714963 0.00681988706364 0.00725418358056 0.035897201841 0.00222102656746 0.0217184685577 0.00666346448219 
0.00777677679141 0.00926255443585 0.00346986259736 0.0182637780414 0.00537430137784 0.0135113934873 0.00507938344376 0.021496713125 0.0158887808854 -0.00808609796668 0.00678408250828 0.0111692485072 0.00895344123248 0.0127932352509 0.00509824814767 -0.000958086662195 0.00374684590233 0.0114525987933 0.00895417067633 -0.00316528109964 0.0151800796206 0.0169185603928 0.0210189919207 -0.00140241101954 -0.00768342931845 0.0118185387871 0.0207674031412 0.0201913288525 0.0419069430799 0.00411907788622 0.0328887835006 0.00951473611341 0.00153085685441 0.0242899263519 0.0115556746283 0.0123493470292 0.157873119828 0.00228902939886 0.0219752659569 0.00109695044082 0.0102286782558 0.00806476775124 0.000919116975057 0.0170498686808 0.015383577777 0.0153632044423 0.0102870645639 0.0297421002459 0.0089693151913 0.00595690869935 
0.00348453813799 0.0284976924362 0.0303790239693 0.00883066927625 0.0377339369579 0.00553083875641 0.000388230994054 0.00591530615551 0.00713206018187 0.00692776019955 -0.00529606744195 0.0201948686933 0.00353864576013 0.00913673463737 0.01812508437 0.0202612064832 0.01609975404 0.0131642961185 0.020524143221 0.0206321163959 0.0216646936461 0.0248948678133 -0.00194808295315 0.00451576510131 0.0273763857205 0.013528997088 0.0207543585975 0.00602549900704 0.0160626032763 0.0146077189079 -0.0155634987216 0.010397271313 -0.000989947288101 0.00997722028569 0.0195497459275 0.00527010271321 0.00228902939886 0.156329441597 0.0169894944819 0.046484989186 0.0153037422121 0.00827972191639 0.00603719367171 0.00584772747298 -0.00456676832528 0.0112448620898 0.00901213398736 -0.00247363950985 -0.00167529001471 0.0111917835179 
0.0144525278245 0.014649496992 0.0167476047781 0.0182847918594 0.00912952829385 0.00990834643639 0.0390392824156 0.0449383702948 0.00757669652139 -0.0099989961856 -0.0145997033471 0.0288331033037 0.0143642061736 0.00960981731992 0.0258591083135 0.0331344834457 0.0244221352758 0.00962368131329 0.00496773457557 0.030359589809 0.00862625415426 0.0177992786883 0.0331687946773 -0.00971382104242 0.0224581892232 0.00095972690821 0.0305611457987 0.0187509018809 0.0368790553822 0.0230589151229 0.0337685021642 -0.0144403958074 0.00736171072306 0.0156766526444 0.0196641924115 0.0482121188928 0.0219752659569 0.0169894944819 0.872510983232 -0.00542450436217 0.0318283921666 0.00923783826545 0.0454860029937 0.033928757828 -0.00130183597956 0.00914429254278 0.0358792696128 0.0431982478655 0.0724436711029 0.0243252659807 
-0.0021728877292 0.00747432963982 0.0448065305071 0.0209494006882 0.0460310882939 0.00131218542613 -0.00780659353308 -0.0073304816051 0.0128974016228 -0.00109661956395 0.00831498238773 0.0136035611414 -0.00364538294299 0.00503462620207 0.0094502449776 -0.00970726651704 0.0227605515715 0.00601828437678 0.00872921206468 0.031912223443 0.0178906147946 0.0115618810201 0.00418722118619 0.00879429167727 0.0296642020754 0.014363805591 0.0161557350972 0.0077027221183 0.0105208145887 0.00163586397329 -0.0139236451329 0.00796937990659 0.00885323697075 0.00505207150845 0.0315048080981 0.0076340113739 0.00109695044082 0.046484989186 -0.00542450436217 0.193131244387 0.00838236179666 0.0169571925432 0.00363052918945 0.0150399713754 0.020212007444 0.00900851820677 -0.00340665089197 -0.00307829598311 -9.40076535575e-05 0.0095928611813 
0.0275022495076 0.0290441262409 0.00327983709304 0.0172366338146 0.00172896175076 0.023650355436 0.0459113575629 0.0494487665103 0.0167954593772 -0.00699337676343 0.0211825517905 0.0182455634438 0.0349801163159 0.0198281303173 0.0224982243652 0.0251237617149 0.0148184282778 0.0230969144179 0.0353271766544 0.00292967904878 0.0402696009528 0.0142208065265 0.0312607834187 0.00209116372221 0.000208558966495 0.0689629208545 0.0424236011782 0.0226351299544 0.0325596419732 0.0174444357967 0.0296330704885 0.00523294149992 0.00322564221657 0.028011174157 0.00189126229875 0.0203007759221 0.0102286782558 0.0153037422121 0.0318283921666 0.00838236179665 0.257116557561 0.0384731229294 0.031775581135 0.00820616153089 0.0084589880969 0.0152656105155 0.0449813137271 0.0314273944674 0.0244098945538 0.00808351637218 
0.0249493257211 0.0460781571735 0.0177104779493 0.022758934822 0.013110715658 0.0118548211784 0.0324886184204 0.0241274033049 0.0210923709164 0.0119056152821 0.00338809017986 0.0375674760278 0.0266376557784 0.0133331142705 0.0159653727221 0.00874849699013 0.0175894544944 0.00812347500683 0.015897856533 0.0117426357024 0.0504286039877 0.0183577273712 0.0288979321445 0.0265476521848 -0.00849783684548 0.0330555788383 0.00923035295913 0.0123123523917 0.0236109395522 0.0161709844951 -0.0105572700657 0.0135120534949 -0.00142121634804 0.0298211908476 0.0146626170332 0.00697873319527 0.00806476775124 0.00827972191639 0.00923783826545 0.0169571925432 0.0384731229294 0.250134000215 0.027691348223 0.00880627248841 0.0186636104816 0.0163892629236 0.023038887449 0.0223173976645 0.0320111081015 -0.00298176408813 
0.0327123923846 0.0380856694302 0.00234671920319 0.0243682119222 0.00555608622695 0.0276926807129 0.0283517693921 0.0141358293852 0.00416479841926 0.0153449865758 0.00623197689414 0.0171618942472 0.0395384239275 0.0156214419923 0.00886322320853 0.00557066810863 0.0178564847606 0.0187003646041 0.0262175408758 -0.0120325552094 0.0190501726468 0.0362723786955 0.0504830726882 0.0184401675593 0.0258905084923 0.0385532086005 0.0308799486941 0.0776438188943 0.0284738781493 0.0365182961664 -0.0272690452274 0.0156984645902 0.012459116866 0.0163757148058 -0.00142894343169 0.00285348151021 0.000919116975056 0.00603719367171 0.0454860029937 0.00363052918945 0.031775581135 0.027691348223 0.334329082729 0.00697832776668 0.0131164137148 0.00304065285717 0.0322672546774 0.0202331243765 0.0299082596737 0.00763191386783 
0.0118659721919 0.0233528794994 0.0128941415961 0.0258945050561 0.0328303332326 0.0153033001501 0.0168968562944 0.0501929806066 0.0143809368412 0.0138155096591 0.0361578900974 -0.0177977390907 0.0270536504831 0.00781371568985 0.00669543379771 0.0184433910895 0.0142209252743 0.01724906175 0.0195089487486 0.0163324149333 0.0150931389918 0.00743131206938 0.0238672496906 0.0262801394439 0.0335023040444 0.0162332354763 0.00175005608273 0.0207290611049 0.0431713802637 0.00766342318881 0.0871185999556 0.0342259890861 0.0275198003614 0.0326308032137 0.0207060297891 0.00632156714964 0.0170498686808 0.00584772747298 0.033928757828 0.0150399713754 0.00820616153089 0.0088062724884 0.00697832776668 0.488636510913 0.0155553732047 0.0123173398624 0.0645961130061 0.0527546735828 0.0401578637298 0.029060867584 
0.0085796287152 0.000983861402079 0.000560657089801 0.0126142619672 0.00850170563772 0.00340476595323 0.00416684029087 0.00162928728803 0.00891299242729 -0.0121603169883 0.00269836134204 0.0108559939696 0.0061320005421 0.0141044955327 0.00412211701263 -0.00215851135452 -0.00200758745893 -0.0013273352244 0.013302456985 0.0101189457421 0.0169076841404 0.0152376947224 0.00760404496255 -0.00724477816182 -0.00247625900292 0.0113194607825 0.000296308875072 0.00294501353954 0.0237403881489 0.0088821793225 -0.00997046683757 0.00838415232203 0.00786169419941 0.0192659223543 0.0252161341628 0.00681988706364 0.015383577777 -0.00456676832527 -0.00130183597956 0.020212007444 0.0084589880969 0.0186636104816 0.0131164137148 0.0155553732047 0.2496293241 0.0139684078962 0.00791309076855 0.00202080446226 0.0128265578735 0.00446169349868 
0.00528088585186 0.0172589795856 0.00727258522603 0.00514539505506 0.0106096782837 0.00647152999976 0.00726423727787 0.0182593468904 0.00840149330356 0.000422635177378 0.0831202136414 -0.000384290308508 0.0160903725802 0.0211366041011 0.0101969963995 0.00309452569138 0.00814977336204 0.0235871516252 0.0169907300017 0.0124675821035 0.0174348830068 0.0143930502634 0.00751667338286 0.0133429957125 0.00622440118408 0.0182951099847 0.00322233573854 0.00866424060504 0.015475736925 0.00563860069204 0.00661013972817 0.022178016786 0.0361883326339 0.0287655035498 -0.00911078422372 0.00725418358056 0.0153632044423 0.0112448620898 0.00914429254278 0.00900851820677 0.0152656105155 0.0163892629236 0.00304065285717 0.0123173398624 0.0139684078962 0.455639643188 0.00698359687999 0.0264190357725 0.0193743138047 0.0196834060189 
0.0225392650898 0.0458998229424 0.00279095545702 0.0630080058157 0.0296665785152 0.0168981259309 0.0331311696245 0.0475620765476 0.0189358686291 -0.00751520437884 0.023102213366 0.00271533003797 0.00841748853076 0.0413053917886 0.014826694606 0.0205942607594 0.024526872524 0.0440922356143 0.0184505323757 0.0193281529436 0.0125281395781 0.0393952545989 0.0285089223512 0.0127569877519 0.0207838878382 0.0221995685393 0.0406407038352 0.0309169575472 0.0485247247927 -0.0019876741391 0.021997068568 0.0247414927713 0.0380082937029 0.0497758936861 0.0301362181044 0.035897201841 0.0102870645639 0.00901213398736 0.0358792696128 -0.00340665089197 0.0449813137272 0.023038887449 0.0322672546774 0.0645961130061 0.00791309076855 0.00698359687999 0.562822097698 0.0763722041931 0.0767543078888 0.00844951932216 
