40
0.0399774891594 0.0997806882374 0.0466468708745 0.0359279599811 0.0330111524363 0.0125275076286 0.02736418452 0.0746691414478 0.106366385329 0.0559384191954 0.0482651065397 0.0451551332239 0.0247746242904 0.0511846892664 0.0604038345904 0.0646745186267 0.10135047428 0.0711634289065 0.0414012394119 0.0374431650663 0.0341115490789 0.0545934085328 0.104005811155 0.0231877092109 0.0448250845436 0.0191748751409 0.0602494739115 0.0357981155146 0.0144645316835 0.0263662592882 0.00422555400052 0.0394797478448 0.0525709156995 0.123612909007 0.0276848810082 0.0265727047954 0.0437869579852 0.0254946283421 0.116988452624 0.0545718905582 
0.44822512111 -0.00157526848662 0.00929774005335 0.0103725656018 0.00200292623639 0.00784128582629 0.0156490632267 -0.000232038017104 0.0122816061797 -0.010061713394 -0.00538473842606 -0.0201106666459 0.00313400428495 0.000558303330803 -0.00392928030056 0.00700961447411 -0.00582094813273 -0.00912544240142 0.00315152180732 0.0104395005828 -0.0059174404706 -0.00376510583641 -0.00336078132217 0.0093473812473 -0.00220242326645 0.00993793282004 -0.000390795516132 0.00566066392233 0.000939546964812 -0.00605044726549 0.00545341950938 0.00423714372245 -0.00872139675899 -0.0064671406843 0.0139174415244 0.0160596199318 0.0198816948205 0.020858258815 -0.00983873872152 0.0196141131417 
-0.00157526848662 0.573074350244 0.00709285166665 0.0167466164397 0.031606266855 0.0194026540951 0.0141864495307 0.0291542558292 0.0147313647587 0.00689358874546 0.0110344510007 0.0161912884672 0.0187182522729 0.020885093678 0.024585906603 0.00828144909258 0.0193037596113 0.00972794136824 0.0120166322712 0.027685434249 0.0128022623955 0.02892169619 0.0173428400904 0.00420191455961 0.0114816952693 0.00381166085525 0.026867631927 0.0147868747037 0.0101416204412 0.0273292135456 0.0173155194946 0.0243264530334 0.0234180046485 0.0469641723153 0.0141263675039 0.00739210944168 0.0249722893187 0.0178193903106 0.0698558509498 0.0269231291862 
0.00929774005335 0.00709285166665 0.360523831056 0.00737332934764 0.0127157850923 0.00289294581115 0.0473209384816 -8.57486799727e-05 0.0521385375567 0.00416854820856 0.0203087365693 -0.00672651995522 0.00623968913787 0.00310351174916 0.0125861355648 0.0128012669069 0.0317045705874 0.0367360138655 -0.0131358811044 0.0316518987678 0.0264209200169 0.0195676565776 0.0226181228587 0.0213351823579 0.00471557042806 0.0149700014097 0.0143053941221 0.0165538250691 0.0143618875309 0.0129611063733 0.00622435881026 0.0104084251763 0.0136241680221 0.00933128855541 0.0250526635289 0.00881183439394 0.00939795504702 0.0645328528443 0.00782779210541 0.0345689398682 
0.0103725656018 0.0167466164397 0.00737332934764 0.229153102101 0.0271024834023 0.000642322602617 0.0149372178764 0.0200562610304 0.0243573763112 0.016851588051 0.0145198240563 0.039676897915 0.0103509839494 0.0114922780016 0.0263893489385 -0.0209785382758 0.0197774511625 -0.00417269744175 0.0126334721396 0.00876555998613 -0.00300647318064 0.0337125835515 0.0296491643267 0.00890862429808 0.0210938457353 0.014225301383 0.0278709875905 0.0111471148849 0.0181848251612 0.00673449360876 0.00624894565203 0.00467965030078 0.0134128685588 -0.0127141211931 -0.00496718917454 0.0228724300415 0.0116526559586 0.00750757203142 0.025026519837 0.0219180113998 
0.00200292623639 0.031606266855 0.0127157850923 0.0271024834022 0.3102512924 0.030207900413 0.0101208693687 0.0253503819011 0.0138777093598 0.0314364067546 0.0386332561569 0.0155505928752 0.0180109019424 0.0169668547941 0.00795677923607 0.0132203916727 0.0260460722538 0.00552900846608 0.0174312008081 0.0145873814973 0.00419857460731 0.018071077811 0.054058030384 -0.00479800692835 0.051210456731 0.0248432612065 0.0298712384068 0.0426063347956 0.00316345658013 0.0466247771727 0.0207158183139 0.0282512364239 0.0328114279058 -0.00514052392084 0.0162456931137 0.00830859285019 0.0283724206755 0.0105059644466 0.0446066797517 0.0143546898247 
0.00784128582629 0.0194026540951 0.00289294581115 0.000642322602617 0.030207900413 0.29830227417 0.00629865508652 0.0357855950709 0.0135135469151 0.0127997244442 0.0254329413638 0.0110137144514 0.0410800168461 -0.00563675909797 0.0224006750251 0.014331263563 0.0258696991143 0.0337030621708 0.012691174879 0.000675812336769 0.0153781771452 0.0182780425131 0.0120672167539 0.0270475965487 0.0225874644443 0.0134391964586 0.0229839837852 0.014576956091 0.00924096750591 0.0103682988251 0.0200207318401 0.0153475968013 0.00456278211638 0.0159394940011 0.00944834493652 0.00248939630629 0.020326863087 0.00456271150578 0.0339108844272 0.00493487391529 
0.0156490632267 0.0141864495307 0.0473209384816 0.0149372178764 0.0101208693687 0.00629865508652 0.189963917179 0.0378699839248 0.0405017251365 0.0159444505137 0.0200572211465 0.0100137339277 0.0138461457878 0.0147130665827 0.0113196167507 0.0217714191751 0.0120397823438 0.0140596368063 0.0102772752539 0.0198996467725 0.0136804646097 0.0179794550342 0.0135388912688 0.00631458322285 0.00852202739277 0.0165514937225 0.0170404357076 0.0245234229131 -0.00133585170693 0.0100170441721 0.00972734983461 0.00567498032246 0.0103082373355 0.0236306994185 0.0158794254095 0.0105008270393 0.0138709015822 0.0457983861176 0.0257698638644 0.0429556071971 
-0.000232038017104 0.0291542558292 -8.57486799724e-05 0.0200562610304 0.0253503819011 0.0357855950709 0.0378699839248 0.49947954507 0.0174632441498 0.0358579795016 0.0245600616252 0.0117689429423 0.0245679973189 0.0286099674436 0.0273441763974 0.00387725664022 0.0694977064134 0.0177134664426 -0.000681014041675 -0.00795315978865 0.00518135808239 0.0310190296444 0.035076003611 0.0304379087596 0.0129779214369 0.011765376944 0.012451455413 0.0234504449861 0.00462587780216 0.0253120772106 0.0184215168735 0.00150000494463 0.0315580446041 -0.0118994804791 0.0196126191203 -0.00103293367403 -0.00141738939189 0.0170841703806 0.047366761078 0.0123730788855 
0.0122816061797 0.0147313647587 0.0521385375567 0.0243573763112 0.0138777093598 0.0135135469151 0.0405017251365 0.0174632441498 0.464658857888 0.000195473979695 0.0174164940433 0.0252618369029 0.0162586359741 0.0289710885452 0.0288461076816 0.0483467610176 0.0346365372588 0.00116758725999 0.0209243315672 -0.00445611134355 0.00806998725761 0.0536771295168 0.00508762755445 0.0207333606932 -0.00534749341364 -0.00419591443522 0.0178938549044 0.0180911949101 -0.00845515851043 0.0263359008722 0.0247611852443 0.0273854597761 0.0150119091612 0.0315923373339 -0.00691468112281 0.0120607983533 0.0104368378638 0.02740385973 0.0430353439211 0.0405099245851 
-0.010061713394 0.00689358874546 0.00416854820856 0.016851588051 0.0314364067546 0.0127997244442 0.0159444505137 0.0358579795016 0.000195473979695 0.232902032882 0.027348347257 0.0163597313159 0.0282363077675 0.0199096041142 0.0330253276471 0.00286517007468 0.0355688593647 0.00619157980966 0.0119800372694 0.00975290076121 0.0217592468184 0.0163439879413 0.0274281636754 0.00859308587859 0.0179329071222 0.0192792308256 0.0174395982748 0.0155757442655 0.0172073460568 0.0170174625411 0.00891305953923 0.0281865418953 0.00842532584256 -0.00150545319984 0.0218080396024 0.0030402027278 0.00237098617698 0.012024419364 0.0335130041948 0.0123097728821 
-0.00538473842606 0.0110344510007 0.0203087365693 0.0145198240563 0.0386332561569 0.0254329413638 0.0200572211465 0.0245600616252 0.0174164940433 0.027348347257 0.303557517593 0.00628217843469 0.00610295648292 0.0222512363491 0.0316000035139 0.0156785254194 0.0392305439906 0.0014656215659 0.00991776254376 0.00245070368389 -0.000385218515952 0.0318886192283 0.0200556023346 0.00956977655268 0.020223203241 0.0181807022688 0.0545278902208 0.0211918533675 0.0073414382946 0.0367637448925 0.0179417154033 0.00876804614486 0.00908244579841 0.00443359453256 0.0141792971222 0.0261127955535 0.0189865345725 0.00685801109142 0.03316022998 0.0155920535936 
-0.0201106666459 0.0161912884672 -0.00672651995522 0.039676897915 0.0155505928752 0.0110137144514 0.0100137339277 0.0117689429423 0.0252618369029 0.0163597313159 0.00628217843469 0.307134181883 0.0019818723478 -0.0040719217427 0.0170112673801 0.00711791504442 0.0146423106974 0.00392399406126 0.0174305050827 0.0068854958523 0.00320835560872 0.0164717961234 0.0141401746606 0.0208244530659 0.00711056699275 0.00885743755704 0.0189950350109 0.0106675007254 0.0188620016767 0.0126415381361 -0.00572557445079 0.0171331955367 -0.00487268968111 -0.00338264110406 0.0139443168405 0.00972957569859 0.00161328626169 0.00367685463185 0.0132892635403 0.0146964761878 
0.00313400428495 0.0187182522729 0.00623968913787 0.0103509839494 0.0180109019424 0.0410800168461 0.0138461457878 0.0245679973189 0.0162586359741 0.0282363077675 0.00610295648292 0.0019818723478 0.181065796243 0.0137509141867 0.00912046013644 0.0117500206814 0.0496386901139 0.0247867803611 0.0243686735767 0.0264829097716 0.00980015701928 0.0261977680159 0.0102814912031 0.0203849537259 0.0164992113806 0.0101343004656 0.00159829862835 0.0076991005249 0.01425087536 0.010900259842 0.0112380664595 0.0171160640244 0.0236427061399 0.0236070097819 0.0282472502187 0.0213129331539 0.00245134985378 0.0285319905922 0.0149151565292 0.00521956108731 
0.000558303330803 0.020885093678 0.00310351174916 0.0114922780016 0.0169668547941 -0.00563675909797 0.0147130665827 0.0286099674436 0.0289710885452 0.0199096041142 0.0222512363491 -0.0040719217427 0.0137509141867 0.339227343886 0.0225966279772 0.0236901852373 0.0289128189454 0.0145808952684 0.00706471964345 0.0058680974308 0.0159339991005 0.0503163618656 0.0402192659264 0.0169982227598 0.0202411871391 5.00011421348e-05 0.0141846365883 0.0116715403647 0.00704968041555 0.016473393505 0.00175167509579 0.00782025906554 0.0243665451431 0.0101807928801 0.00053752131826 0.00120099360392 0.00552984121877 0.000535457444398 0.0193342000707 -0.0102451052635 
-0.00392928030056 0.024585906603 0.0125861355648 0.0263893489385 0.00795677923607 0.0224006750251 0.0113196167507 0.0273441763974 0.0288461076816 0.0330253276471 0.0316000035139 0.0170112673801 0.00912046013644 0.0225966279772 0.279200261131 -0.0130099025322 0.0722351361664 -0.00189386555634 0.00924042411701 0.0184095510247 0.0161148112597 0.0489326551212 0.0432510535853 0.00878888835093 0.00704689347423 0.0169484705918 0.00844161290502 0.0175258167077 0.0127507311148 0.033624905913 0.0281864747419 0.0224584121633 0.0233274812968 0.0405999098758 0.020735849332 0.0231142248925 0.00365902703524 0.00620545329543 0.0427756074956 0.00889519496357 
0.00700961447411 0.00828144909258 0.0128012669069 -0.0209785382758 0.0132203916727 0.014331263563 0.0217714191751 0.00387725664022 0.0483467610176 0.00286517007468 0.0156785254194 0.00711791504442 0.0117500206814 0.0236901852373 -0.0130099025322 0.508046447037 0.0254184986219 0.00203229455143 0.0197360961829 0.00747661331481 0.0277657945428 0.0120543304995 0.00991603295093 0.0105850892518 0.00720998271637 -0.00165106926532 0.0119218703318 0.0133340407786 0.00467711626585 0.0182920273352 0.0107842817739 0.0898377642777 0.00902852328024 -0.00521604314861 0.0156248043396 0.020766497885 0.0663368510587 0.0129471077743 0.00906478412982 0.00614587858892 
-0.00582094813273 0.0193037596113 0.0317045705874 0.0197774511625 0.0260460722538 0.0258696991143 0.0120397823438 0.0694977064134 0.0346365372588 0.0355688593647 0.0392305439906 0.0146423106974 0.0496386901139 0.0289128189454 0.0722351361664 0.0254184986219 0.578517732561 0.0090309214562 0.0288642609181 0.0134091947204 -0.000658474836007 0.0537448176152 0.0273060926063 0.00360704918087 0.0162837511532 0.0225326770122 0.0198651218947 0.0120059503673 0.0290693666412 0.034952047404 0.0217806670156 0.0476310862267 0.0368098921979 0.0167441048907 0.0296158296777 0.00758403382864 0.0219741980874 0.0198776651787 0.030960241888 0.00377813539671 
-0.00912544240142 0.00972794136824 0.0367360138655 -0.00417269744174 0.00552900846608 0.0337030621708 0.0140596368063 0.0177134664426 0.00116758725999 0.00619157980966 0.0014656215659 0.00392399406126 0.0247867803611 0.0145808952684 -0.00189386555634 0.00203229455143 0.0090309214562 0.6378856816 0.0109346039535 0.012392896754 0.00764414088076 0.00661406614295 0.022608782006 0.0283379646759 0.00478108143546 0.00956561035552 0.031091399514 0.00477740951795 -0.00259837926635 0.00566733060492 -0.00425586872646 -0.008552872976 0.0110320611222 -0.00143720257374 0.0286456970811 0.00321038579821 0.0357427934978 0.0153281954655 0.015567328074 0.0214889721796 
0.00315152180732 0.0120166322712 -0.0131358811044 0.0126334721396 0.0174312008081 0.012691174879 0.0102772752539 -0.000681014041675 0.0209243315672 0.0119800372694 0.00991776254376 0.0174305050827 0.0243686735767 0.00706471964345 0.00924042411701 0.0197360961829 0.0288642609181 0.0109346039535 0.246451584613 0.00462217850406 0.00523765038028 0.0288355204632 0.0194381811555 0.00244822863797 0.020054137779 0.0112026831569 0.0056228975413 0.0199160034413 0.00364535475505 0.0275459553527 0.0116444319905 0.018972476918 0.0234756312739 -0.00310474088205 0.0172835949252 0.0119682998105 0.0190468779857 0.0160519771728 0.01275267784 0.0206098529484 
0.0104395005828 0.027685434249 0.0316518987678 0.00876555998613 0.0145873814973 0.000675812336769 0.0198996467725 -0.00795315978865 -0.00445611134355 0.00975290076121 0.00245070368389 0.0068854958523 0.0264829097716 0.0058680974308 0.0184095510247 0.00747661331481 0.0134091947204 0.012392896754 0.00462217850406 0.456918987816 0.0125139223567 0.0186169673939 0.0148105631244 0.00780466976579 0.00832649200325 0.00402811837764 0.0160791813569 0.009496497814 0.0838058640727 0.0109753698495 -0.0108181959111 0.0160373268378 0.0167825147583 0.00200990739902 0.0363988888229 -0.00338996834001 0.00844955394491 0.0206282995167 0.0180897710965 0.0189848488646 
-0.0059174404706 0.0128022623955 0.0264209200169 -0.00300647318064 0.00419857460731 0.0153781771452 0.0136804646097 0.00518135808239 0.00806998725761 0.0217592468184 -0.000385218515952 0.00320835560872 0.00980015701928 0.0159339991005 0.0161148112597 0.0277657945428 -0.000658474836007 0.00764414088076 0.00523765038028 0.0125139223567 0.223179399347 0.00674279455165 0.0204556777278 0.026166408958 0.0174798045511 0.00957648431819 0.0124559097951 0.00669682856766 0.0190428431022 0.0187170761849 0.0228304876521 0.00533161939799 0.0110369001733 0.0390737542326 0.00854880521011 0.00514097190425 0.00136559913665 0.0205539019761 0.0179495464056 0.00127105515774 
-0.00376510583641 0.02892169619 0.0195676565776 0.0337125835515 0.018071077811 0.0182780425131 0.0179794550342 0.0310190296444 0.0536771295168 0.0163439879413 0.0318886192283 0.0164717961234 0.0261977680159 0.0503163618656 0.0489326551212 0.0120543304995 0.0537448176152 0.00661406614295 0.0288355204632 0.0186169673939 0.00674279455165 0.265363916159 0.0691806626959 0.00362900123724 0.0111355040242 0.0398231928535 0.0294225102097 0.00715947297813 0.0249477296101 0.0406024700789 0.0270940474801 0.0372207637711 0.0453999381443 0.0131699511557 0.016993189478 0.0259062972091 0.0207957230369 0.00903757211432 0.0503868208922 0.0185024091066 
-0.00336078132217 0.0173428400904 0.0226181228587 0.0296491643267 0.054058030384 0.0120672167539 0.0135388912688 0.035076003611 0.00508762755445 0.0274281636754 0.0200556023346 0.0141401746606 0.0102814912031 0.0402192659264 0.0432510535853 0.00991603295093 0.0273060926063 0.022608782006 0.0194381811555 0.0148105631244 0.0204556777278 0.0691806626959 0.526912370871 0.0010583950306 0.0434609947504 0.0399255538467 0.0165875663216 0.0340753751663 0.0218909309081 0.029034156203 0.012823842058 0.0382434885111 0.0268150605915 -0.00356306793111 0.028607697627 0.0129557750416 0.0166829483432 0.0141844692227 0.0362675225098 0.0259612026025 
0.0093473812473 0.00420191455961 0.0213351823579 0.00890862429808 -0.00479800692835 0.0270475965487 0.00631458322285 0.0304379087596 0.0207333606932 0.00859308587859 0.00956977655268 0.0208244530659 0.0203849537259 0.0169982227598 0.00878888835093 0.0105850892518 0.00360704918087 0.0283379646759 0.00244822863797 0.00780466976579 0.026166408958 0.00362900123724 0.0010583950306 0.219559381593 0.00156164941544 -0.0025307063888 0.0065959890018 -0.00447418537729 0.00867860311572 0.007357713324 0.00950636043762 0.00606267638115 0.00520118916743 0.0368642781816 0.011952310971 0.00557196604624 0.000154852067192 0.0124130021909 0.031724881967 0.0078594791271 
-0.00220242326645 0.0114816952693 0.00471557042806 0.0210938457353 0.051210456731 0.0225874644443 0.00852202739277 0.0129779214369 -0.00534749341364 0.0179329071222 0.020223203241 0.00711056699275 0.0164992113806 0.0202411871391 0.00704689347423 0.00720998271637 0.0162837511532 0.00478108143546 0.020054137779 0.00832649200325 0.0174798045511 0.0111355040242 0.0434609947504 0.00156164941544 0.242715284677 0.0221553005298 0.0272706304271 0.0374207034504 0.00273575459489 0.0283668259911 0.031910564259 0.0212173716484 0.0355167248436 0.00257340305233 0.0215632564578 0.0209662106155 0.0221883071586 -0.00977623751142 0.0271815784326 0.0215210558377 
0.00993793282004 0.00381166085525 0.0149700014097 0.014225301383 0.0248432612065 0.0134391964586 0.0165514937225 0.011765376944 -0.00419591443522 0.0192792308256 0.0181807022688 0.00885743755704 0.0101343004656 5.00011421349e-05 0.0169484705918 -0.00165106926532 0.0225326770122 0.00956561035552 0.0112026831569 0.00402811837764 0.00957648431819 0.0398231928535 0.0399255538467 -0.0025307063888 0.0221553005298 0.182147501836 0.0266928982451 0.0143053661133 -0.00223702596781 0.0183723721593 0.0142278062772 0.00238381396488 0.0134783678858 -0.00412026117592 0.0218817836185 0.0329156613189 0.018111240765 0.0144622738268 0.0143027809234 0.0193773489209 
-0.000390795516132 0.026867631927 0.0143053941221 0.0278709875905 0.0298712384068 0.0229839837852 0.0170404357076 0.012451455413 0.0178938549044 0.0174395982748 0.0545278902208 0.0189950350109 0.00159829862835 0.0141846365883 0.00844161290502 0.0119218703318 0.0198651218947 0.031091399514 0.0056228975413 0.0160791813569 0.0124559097951 0.0294225102097 0.0165875663216 0.0065959890018 0.0272706304271 0.0266928982451 0.302498346827 0.0115794378551 0.00816258883118 0.0384222584548 0.0185715118825 0.0139310964439 0.0303824306032 0.0137551607121 0.0184863630028 0.0221020292243 0.0147720644269 0.0100805011797 0.0324077307105 0.0254697022697 
0.00566066392233 0.0147868747037 0.0165538250691 0.0111471148849 0.0426063347956 0.014576956091 0.0245234229131 0.0234504449861 0.0180911949101 0.0155757442655 0.0211918533675 0.0106675007254 0.0076991005249 0.0116715403647 0.0175258167077 0.0133340407786 0.0120059503673 0.00477740951795 0.0199160034413 0.009496497814 0.00669682856766 0.00715947297813 0.0340753751663 -0.00447418537729 0.0374207034504 0.0143053661133 0.0115794378551 0.255581163797 -0.000741760351588 0.031343273557 0.00470314510325 0.00669807786077 0.0153160118656 0.000190227958166 0.0246936907125 0.0227387796569 0.0228235451681 0.0124504560034 0.0219612059676 0.0155638686121 
0.000939546964812 0.0101416204412 0.0143618875309 0.0181848251612 0.00316345658013 0.00924096750591 -0.00133585170693 0.00462587780216 -0.00845515851043 0.0172073460568 0.0073414382946 0.0188620016767 0.01425087536 0.00704968041555 0.0127507311148 0.00467711626585 0.0290693666412 -0.00259837926635 0.00364535475505 0.0838058640727 0.0190428431022 0.0249477296101 0.0218909309081 0.00867860311572 0.00273575459489 -0.00223702596781 0.00816258883118 -0.000741760351588 0.278428547479 0.00695028197962 0.0104358072651 0.0205123517906 0.013261078796 0.00290667890156 0.00915712718947 0.00173934223828 0.00673642522098 0.00764097228117 0.00294228576757 0.018218232613 
-0.00605044726549 0.0273292135456 0.0129611063733 0.00673449360876 0.0466247771727 0.0103682988251 0.0100170441721 0.0253120772106 0.0263359008722 0.0170174625411 0.0367637448925 0.0126415381361 0.010900259842 0.016473393505 0.033624905913 0.0182920273352 0.034952047404 0.00566733060492 0.0275459553527 0.0109753698495 0.0187170761849 0.0406024700789 0.029034156203 0.007357713324 0.0283668259911 0.0183723721593 0.0384222584548 0.031343273557 0.00695028197962 0.237786862359 0.018525764099 0.0349272740538 0.025077988812 0.0147850973252 0.0338200142567 0.0314063219906 0.0168464831006 0.00954143031532 0.0484390739755 0.0219884673857 
0.00545341950938 0.0173155194946 0.00622435881026 0.00624894565203 0.0207158183139 0.0200207318401 0.00972734983461 0.0184215168735 0.0247611852443 0.00891305953923 0.0179417154033 -0.00572557445079 0.0112380664595 0.00175167509579 0.0281864747419 0.0107842817739 0.0217806670156 -0.00425586872646 0.0116444319905 -0.0108181959111 0.0228304876521 0.0270940474801 0.012823842058 0.00950636043762 0.031910564259 0.0142278062772 0.0185715118825 0.00470314510325 0.0104358072651 0.018525764099 0.278220700115 0.00333088102162 0.0294145530842 0.00880627164505 0.0158526167444 0.00997097913691 0.0195829219809 0.0101838489676 0.0252895046325 0.0054383772436 
0.00423714372245 0.0243264530334 0.0104084251763 0.00467965030078 0.0282512364239 0.0153475968013 0.00567498032246 0.00150000494463 0.0273854597761 0.0281865418953 0.00876804614486 0.0171331955367 0.0171160640244 0.00782025906554 0.0224584121633 0.0898377642777 0.0476310862267 -0.008552872976 0.018972476918 0.0160373268378 0.00533161939799 0.0372207637711 0.0382434885111 0.00606267638115 0.0212173716484 0.00238381396488 0.0139310964439 0.00669807786077 0.0205123517906 0.0349272740538 0.00333088102162 0.320529317457 0.0137895660793 -0.00294028447801 0.024233117933 0.0126286252339 0.024482240145 -0.0017363421547 0.0204593103804 0.0112700615052 
-0.00872139675899 0.0234180046485 0.0136241680221 0.0134128685588 0.0328114279058 0.00456278211638 0.0103082373355 0.0315580446041 0.0150119091612 0.00842532584256 0.00908244579841 -0.00487268968111 0.0236427061399 0.0243665451431 0.0233274812968 0.00902852328024 0.0368098921979 0.0110320611222 0.0234756312739 0.0167825147583 0.0110369001733 0.0453999381443 0.0268150605915 0.00520118916743 0.0355167248436 0.0134783678858 0.0303824306032 0.0153160118656 0.013261078796 0.025077988812 0.0294145530842 0.0137895660793 0.327271026983 0.00790286675073 0.0109595862229 0.0259550828458 0.015421653897 0.00231855162881 0.0455885669347 -0.00854369348901 
-0.0064671406843 0.0469641723153 0.00933128855541 -0.0127141211931 -0.00514052392084 0.0159394940011 0.0236306994185 -0.0118994804791 0.0315923373339 -0.00150545319984 0.00443359453256 -0.00338264110406 0.0236070097819 0.0101807928801 0.0405999098758 -0.00521604314861 0.0167441048907 -0.00143720257374 -0.00310474088205 0.00200990739902 0.0390737542326 0.0131699511557 -0.00356306793111 0.0368642781816 0.00257340305233 -0.00412026117592 0.0137551607121 0.000190227958166 0.00290667890156 0.0147850973252 0.00880627164505 -0.00294028447801 0.00790286675073 1.04322819596 -0.0176632408827 -0.00517720680988 -0.0179926098208 -0.00479824926532 0.0104749118849 0.00791547076587 
0.0139174415244 0.0141263675039 0.0250526635289 -0.00496718917454 0.0162456931137 0.00944834493652 0.0158794254095 0.0196126191203 -0.00691468112281 0.0218080396024 0.0141792971222 0.0139443168405 0.0282472502187 0.00053752131826 0.020735849332 0.0156248043396 0.0296158296777 0.0286456970811 0.0172835949252 0.0363988888229 0.00854880521011 0.016993189478 0.028607697627 0.011952310971 0.0215632564578 0.0218817836185 0.0184863630028 0.0246936907125 0.00915712718947 0.0338200142567 0.0158526167444 0.024233117933 0.0109595862229 -0.0176632408827 0.255387927299 0.0113289252222 0.0253140073816 -0.000969324527831 0.0379137054974 0.0168598340776 
0.0160596199318 0.00739210944168 0.00881183439394 0.0228724300415 0.00830859285019 0.00248939630629 0.0105008270393 -0.00103293367403 0.0120607983533 0.0030402027278 0.0261127955535 0.00972957569859 0.0213129331539 0.00120099360392 0.0231142248925 0.020766497885 0.00758403382864 0.00321038579821 0.0119682998105 -0.00338996834001 0.00514097190425 0.0259062972091 0.0129557750416 0.00557196604624 0.0209662106155 0.0329156613189 0.0221020292243 0.0227387796569 0.00173934223828 0.0314063219906 0.00997097913691 0.0126286252339 0.0259550828458 -0.00517720680988 0.0113289252222 0.211240570234 0.0162089689322 0.0245893483827 0.0131744714943 0.0190064085022 
0.0198816948205 0.0249722893187 0.00939795504702 0.0116526559586 0.0283724206755 0.020326863087 0.0138709015822 -0.00141738939189 0.0104368378638 0.00237098617698 0.0189865345725 0.00161328626169 0.00245134985378 0.00552984121877 0.00365902703524 0.0663368510587 0.0219741980874 0.0357427934978 0.0190468779857 0.00844955394491 0.00136559913665 0.0207957230369 0.0166829483432 0.000154852067192 0.0221883071586 0.018111240765 0.0147720644269 0.0228235451681 0.00673642522098 0.0168464831006 0.0195829219809 0.024482240145 0.015421653897 -0.0179926098208 0.0253140073816 0.0162089689322 0.271621622463 0.0121121178891 0.00748545321063 0.0266254905558 
0.020858258815 0.0178193903106 0.0645328528443 0.00750757203142 0.0105059644466 0.00456271150578 0.0457983861176 0.0170841703806 0.02740385973 0.012024419364 0.00685801109142 0.00367685463185 0.0285319905922 0.000535457444398 0.00620545329543 0.0129471077743 0.0198776651787 0.0153281954655 0.0160519771728 0.0206282995167 0.0205539019761 0.00903757211432 0.0141844692227 0.0124130021909 -0.00977623751142 0.0144622738268 0.0100805011797 0.0124504560034 0.00764097228117 0.00954143031532 0.0101838489676 -0.0017363421547 0.00231855162881 -0.00479824926532 -0.000969324527832 0.0245893483827 0.0121121178891 0.190087446121 -0.000598118988876 0.0354750646055 
-0.00983873872152 0.0698558509498 0.00782779210541 0.025026519837 0.0446066797517 0.0339108844272 0.0257698638644 0.047366761078 0.0430353439211 0.0335130041948 0.03316022998 0.0132892635403 0.0149151565292 0.0193342000707 0.0427756074956 0.00906478412982 0.030960241888 0.015567328074 0.01275267784 0.0180897710965 0.0179495464056 0.0503868208922 0.0362675225098 0.031724881967 0.0271815784326 0.0143027809234 0.0324077307105 0.0219612059676 0.00294228576757 0.0484390739755 0.0252895046325 0.0204593103804 0.0455885669347 0.0104749118849 0.0379137054974 0.0131744714943 0.00748545321063 -0.000598118988876 0.470082276265 0.0103740699593 
0.0196141131417 0.0269231291862 0.0345689398682 0.0219180113998 0.0143546898247 0.00493487391529 0.0429556071971 0.0123730788855 0.0405099245851 0.0123097728821 0.0155920535936 0.0146964761878 0.00521956108731 -0.0102451052635 0.00889519496357 0.00614587858892 0.00377813539671 0.0214889721796 0.0206098529484 0.0189848488646 0.00127105515774 0.0185024091066 0.0259612026025 0.0078594791271 0.0215210558377 0.0193773489209 0.0254697022697 0.0155638686121 0.018218232613 0.0219884673857 0.0054383772436 0.0112700615052 -0.00854369348901 0.00791547076587 0.0168598340776 0.0190064085022 0.0266254905558 0.0354750646055 0.0103740699593 0.284640455795 

['HCA', 'MEDI', 'CEG', 'GD', 'LOW', 'S', 'DUK', 'ERTS', 'DVN', 'TMO', 'MCD', 'BCR', 'VZ', 'NCR', 'ROK', 'SNA', 'LSI', 'ACS', 'EOP', 'BMY', 'CTL', 'PH', 'BBY', 'CZN', 'COST', 'AFL', 'WEN', 'WAG', 'IPG', 'MAS', 'NYT', 'ITT', 'SPLS', 'UIS', 'COF', 'SAFC', 'WLP', 'FPL', 'FLR', 'PEG']