30
0.015652967587 0.0559549201136 0.0220203869342 0.107238949757 0.15397042743 0.0251604878384 0.0314514366364 0.0378384564622 0.105459344027 0.0391901687574 0.106366385329 0.158041803894 0.0791308905459 0.143796644659 0.0427797721554 0.0333203023267 0.0523918745475 0.0645874353538 0.0770368317024 0.090319564185 0.019144788815 0.0267221777707 0.0304536481296 0.0316848802341 0.138528932385 0.0396221554001 0.128222495688 0.0162851568228 0.0380288664812 0.0340754658053 
0.21951433191 0.0314000445244 0.0306346397731 0.0435856226922 0.0108449788678 0.0164052104873 0.0155312074839 0.00513785504886 0.0118186711992 0.025989490326 0.0162917546188 0.0217735274846 -0.00143527422883 0.0482846335538 0.075780091978 0.0093081392105 0.0152014634051 0.0240375951022 -0.00833673193961 0.0128526894909 0.0265584087481 0.0102246405693 0.0157135047127 0.014811966854 0.0285313560593 0.00311158106616 0.0268729143882 0.00166063188027 0.025281847102 0.00873325127893 
0.0314000445244 0.271427513332 0.0363137458844 0.0530470284131 0.0314452114757 0.0187090363213 0.0219080461564 0.0114757044537 0.032955606644 0.0305657628128 0.0254868420784 0.0209770275507 0.0208273952881 0.0650181528054 0.0442072759472 0.0219044826258 0.00695802230709 0.023126772393 0.0186247539913 0.0211321891533 0.0335942987607 0.0293784908199 0.0347539393779 0.0312330884816 0.0303234857558 0.0318036555055 0.0447741764431 0.0229014951818 0.0401609217737 0.0126874700667 
0.0306346397731 0.0363137458844 0.230754554266 0.0299158611233 -0.00175619684333 0.0207130050317 0.0291944949142 0.0302574018995 0.0211400987018 0.0180362908755 0.00681136120055 0.0281397512417 0.00919741646765 0.0505076058925 0.0250808388502 0.0111778462295 0.0277750730096 0.0205660691119 0.0275391969698 0.0279301879476 0.0285330908548 0.0128302198426 0.0225020247002 0.0259736154591 0.0186770603443 0.0229102370519 0.0150607684685 0.00719795738954 0.0160537525576 0.00687750096754 
0.0435856226922 0.0530470284131 0.0299158611233 0.476136646164 0.0234354048349 0.0199336590806 0.0306364481845 -0.0102584927556 0.039656210761 0.0227221115255 0.0166983582179 0.0327543017036 0.0422687534383 0.0754319550183 0.0523696075506 0.00215144600394 0.0101469262709 0.0277708702947 0.0142571531525 0.0270682725744 0.0305453517706 0.0177295769276 0.0423825145638 0.0369612223238 0.028113380997 0.0364864793388 0.0384135155549 0.0187333334556 0.049435768996 0.00326872521775 
0.0108449788678 0.0314452114757 -0.00175619684333 0.0234354048349 0.609328237674 0.0113085762551 0.00988748711956 0.0402195695047 0.000397257864277 -0.00667312382823 0.165277014608 -0.0109952860438 0.0049303203298 0.0549959940777 0.0312995615009 0.0108929229359 0.0100287072035 0.00149860641149 0.0208544534504 -0.00669048171317 0.0106321105877 0.0227829932439 0.00739302949286 0.0104953814034 0.0159631016617 0.0123156718432 0.0608328074636 0.0204421517394 0.0356339503591 0.0142752812309 
0.0164052104873 0.0187090363213 0.0207130050317 0.0199336590806 0.0113085762551 0.166682966382 0.0612766630922 0.0113124763405 0.0154468030358 0.00258900989641 -0.00540745631934 0.0139829872633 0.00276948286829 0.0287585030778 0.0150059094154 0.0241377916392 0.0213829052498 0.0171123796206 -0.00565323227671 0.0119831988196 0.0286346791557 0.0262660897802 0.0421147654433 0.0167265481444 0.00455726807069 0.0451641754675 0.0219397841075 0.0166886826517 0.00216150722406 0.0099931384536 
0.0155312074839 0.0219080461564 0.0291944949142 0.0306364481845 0.00988748711956 0.0612766630922 0.181805574695 0.0267225354301 0.0162061277418 0.0142160054401 -0.00161016762841 0.0178410589398 0.0149450911982 0.040829611903 0.0187885533855 0.0208798692472 0.0401361191077 0.0222797294845 0.00428385036378 0.0195239213994 0.0313072161252 0.0233978693418 0.0503481960918 0.0273455921794 0.01426739905 0.0338813164406 0.0310705826685 0.0228387942588 0.0165463796632 0.0147444473012 
0.00513785504886 0.0114757044537 0.0302574018995 -0.0102584927556 0.0402195695047 0.0113124763405 0.0267225354301 0.468451253237 -0.00367553849576 -0.00287502458118 0.0231031991422 0.0243996275386 0.0154064140777 0.00154821408178 0.00873798610584 0.016347889008 0.000213222067802 0.00318982347035 0.00253496338648 -0.000941105819049 0.0142356263255 0.0640896498227 0.0282855354946 0.00286990029201 -0.00493598545388 0.00841092620818 0.0175369351209 -0.000543792950365 0.0176898552603 0.0126391386215 
0.0118186711992 0.032955606644 0.0211400987018 0.039656210761 0.000397257864277 0.0154468030358 0.0162061277418 -0.00367553849576 0.753698608445 0.0178464018588 -0.00331647190924 0.0194690811157 0.0161354468283 0.0667567571819 0.00955241987663 0.0208195486714 -0.00447877056388 0.0355959605158 0.0149579538877 0.0179607791965 0.0234862841305 0.0226415873727 0.0338496569158 0.0196289041836 0.0415374237912 0.019631310752 0.0417853401472 -0.00767115918306 0.0291997604478 0.0141085810415 
0.025989490326 0.0305657628128 0.0180362908755 0.0227221115255 -0.00667312382823 0.00258900989641 0.0142160054401 -0.00287502458118 0.0178464018588 0.20351099915 0.0183677277235 0.00678347857092 -0.0027864220369 0.0452508157853 0.0369389515196 0.0181494263483 0.0228390832135 0.00444712416006 0.0185311233632 0.0151103434166 0.0365404923128 0.0230575315133 0.0135715682987 0.0143601966881 0.0149455962519 0.0167871555392 0.0224250008471 0.011664409657 0.00787907230676 0.0117157214338 
0.0162917546188 0.0254868420784 0.00681136120055 0.0166983582179 0.165277014608 -0.00540745631934 -0.00161016762841 0.0231031991422 -0.00331647190924 0.0183677277235 0.445777945874 0.0123035357298 0.00998220475022 0.0600450049221 0.033152516677 0.00917055443177 0.00289633094658 0.00605038176135 0.0258278636989 0.0124624187942 0.0163997761828 0.0427679733243 0.0135607809667 0.024269005691 0.00246234420413 0.00197256740344 0.0409375648046 0.0424219567732 0.00170842550191 0.0178912832917 
0.0217735274846 0.0209770275507 0.0281397512417 0.0327543017036 -0.0109952860438 0.0139829872633 0.0178410589398 0.0243996275386 0.0194690811157 0.00678347857092 0.0123035357298 1.01916289018 -0.0108855845125 0.0341841392877 0.00561780720936 0.0170407444328 0.0273283904718 0.00705910863677 1.43671556033e-06 0.181418825887 0.0044524650904 0.00963231179808 0.0208822137548 0.0105116701721 -0.0109530261782 0.0151828536464 0.0565726882954 0.0267556886423 0.00541888932459 -0.00684698835367 
-0.00143527422883 0.0208273952881 0.00919741646765 0.0422687534383 0.0049303203298 0.00276948286829 0.0149450911982 0.0154064140777 0.0161354468283 -0.0027864220369 0.00998220475022 -0.0108855845125 0.622913235306 0.0342547390464 0.0141216855056 0.00183008413198 -0.00164821197728 0.0148845009418 0.0208201059792 0.0117723560475 0.0132351164781 -0.000476994908334 0.0152764398714 0.0127120058491 -0.000348915664243 0.00313121767172 0.0238479360057 0.00315456677709 0.0140060297412 0.00278952526459 
0.0482846335538 0.0650181528054 0.0505076058925 0.0754319550183 0.0549959940777 0.0287585030778 0.040829611903 0.00154821408178 0.0667567571819 0.0452508157853 0.0600450049221 0.0341841392877 0.0342547390464 0.642396279335 0.0674488483874 0.0142117366785 0.0321051858304 0.0450436468351 0.0354406133941 0.0561873972266 0.0418220407534 0.0358341659224 0.0366146389633 0.0556424551461 0.0268717215864 0.0468894555233 0.0803516149034 0.0192944899273 0.0546666646099 0.0133447693854 
0.075780091978 0.0442072759472 0.0250808388502 0.0523696075506 0.0312995615009 0.0150059094154 0.0187885533855 0.00873798610584 0.00955241987663 0.0369389515196 0.033152516677 0.00561780720936 0.0141216855056 0.0674488483874 0.274399965862 0.00474351819759 0.0189052115995 0.022148745715 0.0109776609881 0.029652294145 0.0314259886764 0.0380414069749 0.0221150879615 0.0235836450261 0.0272841979192 0.0183674607591 0.027012423597 0.0255007545809 0.0205771485298 0.0106818493207 
0.0093081392105 0.0219044826258 0.0111778462295 0.00215144600394 0.0108929229359 0.0241377916392 0.0208798692472 0.016347889008 0.0208195486714 0.0181494263483 0.00917055443177 0.0170407444328 0.00183008413198 0.0142117366785 0.00474351819759 0.208046447397 0.0194771261923 0.00801443768432 0.0114699780199 0.0386739314984 0.0283692486347 0.0158491908368 0.0181047373736 0.0178167153251 0.0342268241693 0.0249070386433 0.0182683240454 0.00588493414047 0.0128123012325 -0.00162708541957 
0.0152014634051 0.00695802230709 0.0277750730096 0.0101469262709 0.0100287072035 0.0213829052498 0.0401361191077 0.000213222067802 -0.00447877056388 0.0228390832135 0.00289633094658 0.0273283904718 -0.00164821197728 0.0321051858304 0.0189052115995 0.0194771261923 0.355147779889 0.0137615520638 -0.00923292464478 0.0190449924338 0.0255816555436 0.0165939843229 0.0279680977714 -0.00367396171549 0.00158927909783 0.017279863492 0.0206049491335 0.0207972786877 0.0268212353637 0.015381878823 
0.0240375951022 0.023126772393 0.0205660691119 0.0277708702947 0.00149860641149 0.0171123796206 0.0222797294845 0.00318982347035 0.0355959605158 0.00444712416006 0.00605038176135 0.00705910863677 0.0148845009418 0.0450436468351 0.022148745715 0.00801443768432 0.0137615520638 0.356704028316 0.0121591898429 0.0346675349084 0.0244921957038 -0.000221707007412 0.0168234905055 0.0180756698718 0.0295803051371 0.0113042090132 0.0395262488277 -0.00278508047453 0.0143794716315 0.0048119224342 
-0.00833673193961 0.0186247539913 0.0275391969698 0.0142571531525 0.0208544534504 -0.00565323227671 0.00428385036378 0.00253496338648 0.0149579538877 0.0185311233632 0.0258278636989 1.43671556017e-06 0.0208201059792 0.0354406133941 0.0109776609881 0.0114699780199 -0.00923292464478 0.0121591898429 0.346914000884 0.0303274780731 0.0175776569872 0.0106808381417 0.0125040762315 0.015033949778 0.0266153290017 0.00536180308606 0.0226559995538 0.00755113490942 0.0153843314442 0.000408172162155 
0.0128526894909 0.0211321891533 0.0279301879476 0.0270682725744 -0.00669048171317 0.0119831988196 0.0195239213994 -0.000941105819049 0.0179607791965 0.0151103434166 0.0124624187942 0.181418825887 0.0117723560475 0.0561873972266 0.029652294145 0.0386739314984 0.0190449924338 0.0346675349084 0.0303274780731 0.586704013761 0.0269174011457 0.00748556379789 0.021789933653 0.0105114120281 0.0170191223276 0.0134498735523 0.0496484295757 0.0114614445665 0.0194908944486 0.00885189287509 
0.0265584087481 0.0335942987607 0.0285330908548 0.0305453517706 0.0106321105877 0.0286346791557 0.0313072161252 0.0142356263255 0.0234862841305 0.0365404923128 0.0163997761828 0.0044524650904 0.0132351164781 0.0418220407534 0.0314259886764 0.0283692486347 0.0255816555436 0.0244921957038 0.0175776569872 0.0269174011457 0.22855814215 0.0218341505128 0.0346663198117 0.0243698387098 0.0363106218147 0.0269210881919 0.0478818427277 0.0100437195945 0.0222362571221 0.00288464472577 
0.0102246405693 0.0293784908199 0.0128302198426 0.0177295769276 0.0227829932439 0.0262660897802 0.0233978693418 0.0640896498227 0.0226415873727 0.0230575315133 0.0427679733243 0.00963231179808 -0.000476994908334 0.0358341659224 0.0380414069749 0.0158491908368 0.0165939843229 -0.000221707007412 0.0106808381417 0.00748556379789 0.0218341505128 0.177122149178 0.0368793325178 0.0262866978542 0.0309167542874 0.0271381999569 0.0278517499653 0.0388507849768 0.0108251909888 0.0111703370843 
0.0157135047127 0.0347539393779 0.0225020247002 0.0423825145638 0.00739302949286 0.0421147654433 0.0503481960918 0.0282855354946 0.0338496569158 0.0135715682987 0.0135607809667 0.0208822137548 0.0152764398714 0.0366146389633 0.0221150879615 0.0181047373736 0.0279680977714 0.0168234905055 0.0125040762315 0.021789933653 0.0346663198117 0.0368793325178 0.21043696689 0.0283652230043 0.00729400803087 0.0396696927215 0.0313919981178 0.0158089890881 0.0334167770606 0.00364943772868 
0.014811966854 0.0312330884816 0.0259736154591 0.0369612223238 0.0104953814034 0.0167265481444 0.0273455921794 0.00286990029201 0.0196289041836 0.0143601966881 0.024269005691 0.0105116701721 0.0127120058491 0.0556424551461 0.0235836450261 0.0178167153251 -0.00367396171549 0.0180756698718 0.015033949778 0.0105114120281 0.0243698387098 0.0262866978542 0.0283652230043 0.169018366918 0.0107440753383 0.0303736678127 0.0044568702327 0.0115532019095 0.0116164925849 0.0185929270674 
0.0285313560593 0.0303234857558 0.0186770603443 0.028113380997 0.0159631016617 0.00455726807069 0.01426739905 -0.00493598545388 0.0415374237912 0.0149455962519 0.00246234420413 -0.0109530261782 -0.000348915664243 0.0268717215864 0.0272841979192 0.0342268241693 0.00158927909783 0.0295803051371 0.0266153290017 0.0170191223276 0.0363106218147 0.0309167542874 0.00729400803087 0.0107440753383 1.00521233307 0.0168427030436 0.0404831546438 0.0222785210869 0.0127683975297 0.00133680288582 
0.00311158106616 0.0318036555055 0.0229102370519 0.0364864793388 0.0123156718432 0.0451641754675 0.0338813164406 0.00841092620818 0.019631310752 0.0167871555392 0.00197256740344 0.0151828536464 0.00313121767172 0.0468894555233 0.0183674607591 0.0249070386433 0.017279863492 0.0113042090132 0.00536180308606 0.0134498735523 0.0269210881919 0.0271381999569 0.0396696927215 0.0303736678127 0.0168427030436 0.182289943481 0.0228739302081 0.0174945013814 0.0277025137423 0.014709154006 
0.0268729143882 0.0447741764431 0.0150607684685 0.0384135155549 0.0608328074636 0.0219397841075 0.0310705826685 0.0175369351209 0.0417853401472 0.0224250008471 0.0409375648046 0.0565726882954 0.0238479360057 0.0803516149034 0.027012423597 0.0182683240454 0.0206049491335 0.0395262488277 0.0226559995538 0.0496484295757 0.0478818427277 0.0278517499653 0.0313919981178 0.0044568702327 0.0404831546438 0.0228739302081 0.53246345326 0.0267778510473 0.0463617922361 0.0161221941195 
0.00166063188027 0.0229014951818 0.00719795738954 0.0187333334556 0.0204421517394 0.0166886826517 0.0228387942588 -0.000543792950365 -0.00767115918306 0.011664409657 0.0424219567732 0.0267556886423 0.00315456677709 0.0192944899273 0.0255007545809 0.00588493414047 0.0207972786877 -0.00278508047453 0.00755113490942 0.0114614445665 0.0100437195945 0.0388507849768 0.0158089890881 0.0115532019095 0.0222785210869 0.0174945013814 0.0267778510473 0.160966011177 -0.00317219366507 0.0155248249472 
0.025281847102 0.0401609217737 0.0160537525576 0.049435768996 0.0356339503591 0.00216150722406 0.0165463796632 0.0176898552603 0.0291997604478 0.00787907230676 0.00170842550191 0.00541888932459 0.0140060297412 0.0546666646099 0.0205771485298 0.0128123012325 0.0268212353637 0.0143794716315 0.0153843314442 0.0194908944486 0.0222362571221 0.0108251909888 0.0334167770606 0.0116164925849 0.0127683975297 0.0277025137423 0.0463617922361 -0.00317219366507 0.331635645608 0.0103907179279 
0.00873325127893 0.0126874700667 0.00687750096754 0.00326872521775 0.0142752812309 0.0099931384536 0.0147444473012 0.0126391386215 0.0141085810415 0.0117157214338 0.0178912832917 -0.00684698835367 0.00278952526459 0.0133447693854 0.0106818493207 -0.00162708541957 0.015381878823 0.0048119224342 0.000408172162155 0.00885189287509 0.00288464472578 0.0111703370843 0.00364943772868 0.0185929270674 0.00133680288582 0.014709154006 0.0161221941195 0.0155248249472 0.0103907179279 0.189090949552 

['DOW', 'PCAR', 'MTG', 'R', 'VLO', 'WFC', 'WB', 'DJ', 'TEK', 'RTN', 'DVN', 'ADBE', 'UVN', 'ET', 'EMN', 'CAH', 'UNH', 'KSS', 'KG', 'DRI', 'HD', 'GAS', 'FHN', 'PFG', 'SHLD', 'CBSS', 'NTAP', 'AEP', 'ADI', 'CPB']