20
0.0314514366364 0.0263662592882 0.118355026327 0.0191748751409 0.0533662879029 0.0933125666969 0.0265193363437 0.0153161335694 0.0715007016099 0.0486664598358 0.0878126089614 0.0396471392927 0.026417897889 0.0784336943662 0.0512444991133 0.0362094771936 0.02392892696 0.0448147494519 0.0486959213786 0.0270000307956 
0.189880681177 0.0501081226819 0.0259650844936 0.0365439106357 0.0156840840382 0.0190797773512 0.0124929053027 0.0282015551488 0.0149515296253 0.0110102216393 0.0309852835768 0.0366800846116 0.0115563517731 0.0271061741086 0.00833243491749 0.0423823107027 0.0189686029672 0.0103253087629 0.0758977904506 0.0222745920399 
0.0501081226819 0.25070270831 0.0369315317269 0.0246125984786 0.0152729523686 0.0199852640428 0.0281387641625 0.00872152832712 0.0174202253585 0.00886560193715 0.0261688352831 0.0337576125362 0.0421647045874 0.0259043112236 0.0415956913513 0.0356182710907 0.0411144833788 0.00606388195908 0.031479122388 0.0461546236854 
0.0259650844936 0.0369315317269 0.580902330895 0.00369238366682 0.0238915304443 0.0108287837536 0.0238534142731 0.0228708466312 0.039839170385 0.0145073516893 0.0224999257159 0.0194822524121 0.0335466350093 -0.0006807478983 0.0242913075831 0.0249108800469 0.0439692277956 0.0269373778439 0.023697058727 0.0205007546999 
0.0365439106357 0.0246125984786 0.00369238366682 0.187836687587 0.0146145832018 0.0276763117696 0.0111563065627 0.0225650379903 0.0120376695878 0.0322548901563 0.00923639150957 0.0277788083408 0.0140096941319 0.0204296323947 0.0142875443695 0.0262114585367 0.0208354092555 0.0130325923668 0.0361052184828 0.025866576482 
0.0156840840382 0.0152729523686 0.0238915304443 0.0146145832018 0.432087837408 0.0199876169563 0.0128228442465 0.021262335605 0.014327294888 0.0331196520829 0.0196760781172 0.0180980720091 0.00489852181255 0.00152979926084 0.033673800213 0.00965540585539 0.000975717361471 0.0248097355207 0.0300263366202 0.0157206854433 
0.0190797773512 0.0199852640428 0.0108287837536 0.0276763117696 0.0199876169563 0.997967470896 -0.00868709282324 0.00104860214098 0.0127777373866 -0.000809159285035 0.0117305949478 -0.00380536213582 0.00360205385674 0.076311928526 0.00610260866392 0.0124029101723 -0.0263507573517 -0.00814587492629 0.0160186036663 0.0219219529991 
0.0124929053027 0.0281387641625 0.0238534142731 0.0111563065627 0.0128228442465 -0.00868709282324 0.218125802866 0.0115737248598 0.00219741903781 0.00319355886156 0.0319350113789 0.014401663905 0.0119241891562 0.012139941166 0.0259902340637 0.0170710234947 0.0192715670668 0.0270546561868 0.0258316074274 0.0184688739056 
0.0282015551488 0.00872152832712 0.0228708466312 0.0225650379903 0.021262335605 0.00104860214098 0.0115737248598 0.151552549528 0.00881730817339 0.0189821908289 0.00553458897471 0.0579115230166 0.000984343120764 0.0121437705224 0.0119688234688 0.00970585779462 0.0031718665438 0.0179501968839 0.0277111545105 0.00421668677762 
0.0149515296253 0.0174202253585 0.039839170385 0.0120376695878 0.014327294888 0.0127777373866 0.00219741903781 0.00881730817339 0.593049313589 0.00779584450456 0.0152987181075 0.00445579145317 0.0129953295793 -0.00281907491134 0.0163726096759 0.0184812470572 0.00825871732109 0.0285119185838 0.0264650226552 0.0127906700453 
0.0110102216393 0.00886560193715 0.0145073516893 0.0322548901563 0.0331196520829 -0.000809159285035 0.00319355886156 0.0189821908289 0.00779584450456 0.319339514995 0.00361382452465 0.0204458062243 0.0267783878856 0.0245645821507 0.0242908951272 0.013191579002 0.0074632441827 0.0197229357662 0.0206454477948 0.0262006927962 
0.0309852835768 0.0261688352831 0.0224999257159 0.00923639150957 0.0196760781172 0.0117305949478 0.0319350113789 0.00553458897471 0.0152987181075 0.00361382452465 0.494303062304 0.00614456676876 0.0429337154254 0.00211856244427 0.0350955445878 0.0293297407622 0.0193293431247 0.00688396497599 0.0441570720271 0.0122126235254 
0.0366800846116 0.0337576125362 0.0194822524121 0.0277788083408 0.0180980720091 -0.00380536213582 0.014401663905 0.0579115230166 0.00445579145317 0.0204458062243 0.00614456676876 0.281133732137 0.0220895115427 0.0243861564913 0.0231932746745 0.00577529134823 0.0057577308289 0.0211212920622 0.0174069292826 0.0266792531779 
0.0115563517731 0.0421647045874 0.0335466350093 0.0140096941319 0.00489852181255 0.00360205385674 0.0119241891562 0.000984343120764 0.0129953295793 0.0267783878856 0.0429337154254 0.0220895115427 0.280765936091 0.00448406476589 0.0549405492003 0.03141948022 0.0295926736306 0.0176232042439 0.0254305861796 0.0239225918972 
0.0271061741086 0.0259043112236 -0.0006807478983 0.0204296323947 0.00152979926084 0.076311928526 0.012139941166 0.0121437705224 -0.00281907491134 0.0245645821507 0.00211856244427 0.0243861564913 0.00448406476589 0.368789338631 0.0177334973978 0.00788065780821 0.0140564302998 -0.0149842687683 0.0333251185556 0.0291996259278 
0.00833243491749 0.0415956913513 0.0242913075831 0.0142875443695 0.033673800213 0.00610260866392 0.0259902340637 0.0119688234688 0.0163726096759 0.0242908951272 0.0350955445878 0.0231932746745 0.0549405492003 0.0177334973978 0.281353835666 0.0371506910767 0.0155419825538 0.0112324184282 0.0300711224384 0.0347215164632 
0.0423823107027 0.0356182710907 0.0249108800469 0.0262114585367 0.00965540585539 0.0124029101723 0.0170710234947 0.00970585779462 0.0184812470572 0.013191579002 0.0293297407622 0.00577529134823 0.03141948022 0.00788065780821 0.0371506910767 0.255034434534 0.0209673248263 0.0290228433829 0.0794161543667 0.039913943716 
0.0189686029672 0.0411144833788 0.0439692277956 0.0208354092555 0.000975717361471 -0.0263507573517 0.0192715670668 0.0031718665438 0.00825871732109 0.0074632441827 0.0193293431247 0.0057577308289 0.0295926736306 0.0140564302998 0.0155419825538 0.0209673248263 0.252784729634 0.013114961767 0.02087891666 0.035382772096 
0.0103253087629 0.00606388195908 0.0269373778439 0.0130325923668 0.0248097355207 -0.00814587492629 0.0270546561868 0.0179501968839 0.0285119185838 0.0197229357662 0.00688396497599 0.0211212920622 0.0176232042439 -0.0149842687683 0.0112324184282 0.0290228433829 0.013114961767 0.473787661632 0.0186421781936 0.000856782936812 
0.0758977904506 0.031479122388 0.023697058727 0.0361052184828 0.0300263366202 0.0160186036663 0.0258316074274 0.0277111545105 0.0264650226552 0.0206454477948 0.0441570720271 0.0174069292826 0.0254305861796 0.0333251185556 0.0300711224384 0.0794161543667 0.02087891666 0.0186421781936 0.206907171101 0.0324116193234 
0.0222745920399 0.0461546236854 0.0205007546999 0.025866576482 0.0157206854433 0.0219219529991 0.0184688739056 0.00421668677762 0.0127906700453 0.0262006927962 0.0122126235254 0.0266792531779 0.0239225918972 0.0291996259278 0.0347215164632 0.039913943716 0.035382772096 0.000856782936812 0.0324116193234 0.227898168869 

['WB', 'MAS', 'DDS', 'AFL', 'NWL', 'GT', 'IFF', 'SO', 'FSH', 'STZ', 'NVLS', 'EIX', 'MWV', 'MHS', 'TIN', 'BK', 'LIZ', 'BSX', 'JPM', 'ITW']