40
0.0533662879029 0.360667625942 0.0690593134036 0.0738036440579 0.0414012394119 0.0545934085328 0.0299059053764 0.239728898705 0.0285507317948 0.0282353637115 0.00361039022472 0.371102806834 0.0278380444533 0.0442230302855 0.162626926374 0.0590558874601 0.0165000515881 0.164482556217 0.0613427887106 0.0168064994581 0.037496284255 0.0375994121509 0.0309081568087 0.265107550494 0.0202574279786 0.214537342356 0.0210054402465 0.0380825412642 0.0211692002509 0.0266042550295 0.0479675113811 0.0820701074714 0.197480990077 0.0570579479668 0.148169679735 0.0163484450471 0.0832698050771 0.0788996306534 0.0162161188728 0.0682562642732 
0.425571421854 -0.00920153302766 0.00525342524438 0.0264391095824 0.0135135197892 0.000703502460949 -0.000612609963292 0.0502001972792 0.0203903117279 0.0169382344889 -0.00181111955488 0.0143381250292 0.0117678396257 0.014995472511 -0.00849212326964 -0.00144699755487 0.0113856020975 0.00242701422266 0.0660909265468 0.0251500232649 -0.00128272135039 0.0130062255577 0.0141281217127 -0.00229323326193 0.0101090073287 0.0137546789996 -0.000333242112584 0.0174468209989 0.00401374023046 0.0243912295356 0.00198411847269 0.0124039760703 -0.00464737944588 0.00613620208877 -0.000507819704756 0.0141194491228 0.0115596415311 -0.000706587868234 0.0242127389957 0.0135814594437 
-0.00920153302766 1.16786259542 -0.014469609299 0.0180145297388 0.0214484470744 0.0601201494061 0.030868085529 0.114719877917 -0.0108715925067 0.0144361671762 -0.000800879175286 0.176018658632 0.0111939517834 0.0139888536678 0.0071172285126 0.00782468820562 0.00357122959806 0.00340477083809 0.0076054488779 0.00621409793642 0.0107598950138 0.0329385732898 0.0021631287007 0.0184354792449 0.0613672663903 0.145194471106 0.0124534856032 0.0234105322646 0.0137576931418 0.0303582391339 0.0244733702976 0.00945323723403 0.0655543254654 0.0354535591478 0.0165927128619 0.000205937056229 0.0306256020019 0.0266677470692 0.00401380130775 0.0322054887896 
0.00525342524438 -0.014469609299 0.428661421203 0.0206674227142 0.00147300174428 0.0177722392861 0.0112055045217 0.0338400126455 0.015007991076 0.0204465037984 0.0154361414008 0.0152883079369 -0.00163789048323 0.020633484282 0.00623819148184 -0.00129349806088 0.00945254658353 0.0238948203562 0.00566252814211 0.012683253725 0.0320468507238 0.0108797089274 0.0289699251134 0.0213492805606 0.0251335364366 0.0216872226923 0.00821689262691 0.0111218671479 0.00835824294171 0.017794465089 0.0213270717997 0.0261168213012 0.0397454614129 0.0347123406167 0.0188095069476 0.0175774931616 0.0204930209607 0.00960705428809 0.00788548967188 0.0315162013018 
0.0264391095824 0.0180145297388 0.0206674227142 0.354595063092 0.0259510771782 0.0465468507652 0.0068616810702 0.0626080640081 0.0174069950438 0.0108965298142 0.013984497433 0.0252685908687 0.00238180127786 0.0280014323251 0.00996843146271 0.00241433453188 0.0185532145643 -0.0381826120482 0.0164439969288 -0.00111482541751 0.0168005637169 0.0189737730431 0.0177549075223 -0.00116667422978 0.0430206759126 0.038063676159 -0.00433576307076 0.0219171757525 0.000455242584061 0.0126173583219 0.0178727700252 0.0158875072488 0.0303304423683 0.00301675011552 0.0117625162607 0.0162424031289 0.0140675934601 0.0170239956282 0.0170128883369 0.0127962085256 
0.0135135197892 0.0214484470744 0.00147300174428 0.0259510771782 0.246226481931 0.028522511069 0.017076059568 0.0228602790208 0.0192424770328 0.0286568056072 0.00949809494856 0.0114231096661 0.00749418398103 0.0224958569432 0.0263978306235 0.0136728722815 0.0137290059715 -0.00553540523228 0.00755803599084 0.0092846222018 0.0108971402683 0.0177004033886 0.0192825525405 -0.00687760839014 0.0107994629111 0.00765462319136 0.0131927721633 -0.00278323140129 0.00511747898651 0.0120516146882 0.0313749220553 0.00722809112115 0.0159685136822 0.0216831084855 0.00595996876312 0.0159707060492 0.0120342925726 0.00543830965584 0.0118441350607 0.00285925494726 
0.000703502460949 0.0601201494061 0.0177722392861 0.0465468507652 0.028522511069 0.264356702659 0.0337283003736 0.0642348204434 0.00414383797724 0.0208405003124 0.0241131693564 0.0601986845216 0.0139619214666 0.0386197971641 0.0330573166704 0.0172089874723 0.0070508749693 0.00338227208974 0.00952784194469 0.0191506083461 0.0207250781375 0.0111245729335 0.0272702134742 0.00531101384691 0.0524364019103 0.0546202975546 0.00145072523585 0.0238943423709 0.0225453465127 0.0270834597325 0.0458149217835 0.0225519526181 0.0088021888406 0.0220177426576 0.0205456277617 0.0186808801015 0.0556223094715 0.00889277753949 0.0172065483618 0.0299605937975 
-0.000612609963292 0.030868085529 0.0112055045217 0.0068616810702 0.017076059568 0.0337283003736 0.271185003583 0.00756176619171 0.0105496417243 0.0180841570049 0.0159255274591 0.0176792221657 0.00602582736265 0.0184206726279 0.0163032355856 0.0266848278916 0.00779662794234 -0.0127251700004 0.018595477824 0.00370207291818 0.0429968754044 0.0175173742345 0.0354337040762 -0.00271471371073 0.0209910384005 0.0366574917422 0.0105957777211 0.020432495163 0.00853448776882 0.00603086680853 0.0277645162046 0.0132237404762 0.0156819640422 0.0152976469093 0.00934682330378 0.0191981290294 -0.00652348457714 0.0158317323202 0.010638771265 -0.00201108273683 
0.0502001972792 0.114719877917 0.0338400126455 0.0626080640081 0.0228602790208 0.0642348204434 0.00756176619171 0.883579183117 0.0340443380337 0.0437593635195 0.0356138895754 0.0375078863786 0.00624972330845 0.0497569787875 0.0182075080724 0.0289052227384 0.0202343430334 0.0219056703407 0.00192375152442 0.0173661973045 0.0192362854999 0.0241936864718 0.012859307046 0.0107235788663 0.0501852726071 0.126142416018 0.00666464881719 0.0499454850049 0.0135218631696 0.0577600981276 0.0360788012881 0.03670672958 0.0475445019151 0.0311256515432 0.052796223397 0.0209257427406 0.0534773539622 0.0577570532799 0.00542827480289 0.0676482752098 
0.0203903117279 -0.0108715925067 0.015007991076 0.0174069950438 0.0192424770328 0.00414383797724 0.0105496417243 0.0340443380337 0.249761333224 0.0121111847095 0.0089262238712 0.0197585038447 -0.00422176556516 0.0221092498364 0.00656715804723 0.0117978968276 0.00110664944431 0.00500611997003 -0.00536678938311 -0.0016905381765 0.0177440098119 0.00261928383467 0.0193729257474 0.001559881063 0.0124115917003 0.0185662514285 0.00350803996658 0.0198511616183 0.0144677313993 0.00982235823727 0.0142466189486 0.0350246681252 0.00731786128631 0.00293598791254 0.026585963104 0.00778917568523 0.00622768227074 0.00258861157409 0.00323473032593 0.0184518633642 
0.0169382344889 0.0144361671762 0.0204465037984 0.0108965298142 0.0286568056072 0.0208405003124 0.0180841570049 0.0437593635195 0.0121111847095 0.147033994702 0.011806082754 0.00528712934785 0.0149288333303 0.025654731474 0.00504771631166 0.0261115084208 0.0248687378798 -5.25645647697e-05 0.00106646307287 0.0254154309403 0.035502750442 0.0160757369761 0.0303318030226 0.00401297117463 0.0170882193075 0.0210935800448 0.0194454383093 0.00945048081596 0.0166015247412 0.0218736729418 0.019875825006 0.0218558714176 0.0247078438257 0.0100949457746 0.00928264808635 0.0237373714286 0.00830603520711 0.00276539999976 0.0316876585781 0.0173487920486 
-0.00181111955488 -0.000800879175286 0.0154361414008 0.013984497433 0.00949809494856 0.0241131693564 0.0159255274591 0.0356138895754 0.0089262238712 0.011806082754 0.218523493351 0.00382854234329 0.0233886406448 0.011044005871 0.00702711621199 0.0194736702575 0.00737144141388 -0.0110001695196 0.00309739189827 0.0229191733596 0.0264504799005 0.0240202836628 0.0319426167248 0.00359001846419 0.0203715352528 0.0186305264163 0.00627655873405 0.0076174567556 -0.000654315263726 0.00907986275441 0.0156095581297 0.0168342545598 0.0241139244112 0.0148567471761 0.0108700554113 0.00322997986964 0.00623459164922 0.0182837860246 -0.000812124587056 -0.00111337808644 
0.0143381250292 0.176018658632 0.0152883079369 0.0252685908687 0.0114231096661 0.0601986845216 0.0176792221657 0.0375078863786 0.0197585038447 0.00528712934785 0.00382854234329 1.2301135706 -0.00181596713674 0.0324667084109 0.0379935877025 -0.0106704364327 0.0197132663822 -0.0112859821712 0.00592426637743 0.00276969683838 0.0320489548026 0.00163096774354 0.0074547185301 0.0227089779244 0.0278217455176 0.122069605129 -0.00232638640346 0.0333123886106 0.00273832588083 0.00304901976679 0.0316901613571 0.0308015079651 -0.0290766328368 0.0486115410835 0.0695915689946 0.0272873224301 0.0582423645994 -0.00512374167826 0.0345795132589 0.0439982265056 
0.0117678396257 0.0111939517834 -0.00163789048323 0.00238180127786 0.00749418398104 0.0139619214666 0.00602582736265 0.00624972330845 -0.00422176556516 0.0149288333303 0.0233886406448 -0.00181596713674 0.184663493785 0.0161688771835 0.0166868132087 0.0068826095917 0.0110009892309 7.88608456767e-05 0.0246588451915 0.0124303291533 0.0118193797426 0.0305754063097 0.0243961278777 0.00666456742797 0.0213503226405 -0.0028412455644 0.0171801376983 2.82074428045e-06 0.00278924952763 0.0149427880892 0.00734187916678 0.00359417445302 0.00354762626101 0.0174503682759 -0.00392684681722 0.00706871511616 -0.00285087891735 0.014770723427 0.00556823421271 0.0109178958116 
0.014995472511 0.0139888536678 0.020633484282 0.0280014323251 0.0224958569432 0.0386197971641 0.0184206726279 0.0497569787875 0.0221092498364 0.025654731474 0.011044005871 0.0324667084109 0.0161688771835 0.200610861956 0.0260255412808 -0.000101630056247 0.0121338552207 -0.00423885168846 0.0139911822091 0.0131515552925 0.0300874220252 0.0195721371685 0.0313012251419 -0.00250531276425 0.0406964829455 0.0377042698403 0.00872184032141 0.0240081843842 0.00857448204523 0.0204847412623 0.0177287488523 0.0252766408271 0.0343184215808 0.0168160213329 0.0239529315102 0.0227319503292 0.0314442635521 0.0127972600359 0.0242797742804 0.0365348361064 
-0.00849212326964 0.0071172285126 0.00623819148184 0.00996843146271 0.0263978306235 0.0330573166704 0.0163032355856 0.0182075080724 0.00656715804723 0.00504771631166 0.00702711621199 0.0379935877025 0.0166868132087 0.0260255412808 1.12606190777 0.0190887716917 0.0228681986995 0.00250400226906 0.0148658668271 -0.00295102950857 0.0420671123309 0.00390207965875 0.00275633548014 -0.0312208506113 -0.0121131404759 0.00263555578544 -0.00235921622407 0.00490105813911 0.0193512369524 0.00965987468444 0.018887487954 0.0111299611692 0.0156148237159 0.0440611476168 0.0177179111866 0.0282035956072 0.0489760725612 -0.00842901004683 0.0311192862461 0.0236407958224 
-0.00144699755487 0.00782468820561 -0.00129349806089 0.00241433453187 0.0136728722815 0.0172089874723 0.0266848278916 0.0289052227384 0.0117978968276 0.0261115084208 0.0194736702575 -0.0106704364327 0.0068826095917 -0.000101630056249 0.0190887716917 0.723105211252 0.00981082667042 0.00697822280296 0.018265393572 0.0327304244306 0.0214663898139 0.0181692297924 -0.00474404095967 -0.0092080367935 0.00913550266376 -0.00198214965612 0.0202204981104 0.0178298223813 0.00594416111203 0.0153873360714 0.0231897920379 0.0174138532085 -0.00599213077297 0.0186531084801 0.00252071892421 0.0291149111584 0.0108806987002 0.00399042057377 0.0144407332805 0.00544148265295 
0.0113856020975 0.00357122959806 0.00945254658353 0.0185532145643 0.0137290059715 0.0070508749693 0.00779662794234 0.0202343430334 0.00110664944431 0.0248687378798 0.00737144141388 0.0197132663822 0.0110009892309 0.0121338552207 0.0228681986995 0.00981082667042 0.144694462221 0.00425011554932 0.00851483675214 0.0156918929983 0.0181140959132 0.00598604471907 0.00841593115295 -0.0107325294166 0.0208190181554 0.0074812423057 0.00561690242683 0.000777635299586 0.00859281482844 0.0186243470931 0.0155051243357 0.00111137670656 0.00951780118844 0.00751381481919 0.0129413418861 0.0506187047559 0.0209635049346 -0.000306682253271 0.0486301208562 0.00342985860125 
0.00242701422266 0.00340477083809 0.0238948203562 -0.0381826120482 -0.00553540523228 0.00338227208974 -0.0127251700004 0.0219056703407 0.00500611997003 -5.25645647697e-05 -0.0110001695196 -0.0112859821712 7.88608456769e-05 -0.00423885168846 0.00250400226906 0.00697822280296 0.00425011554932 1.89435695962 0.0114448042126 0.00270749701395 0.000832739289228 0.00732388399005 -0.00942048389623 0.00753943607013 0.0588944376611 -0.00165052008714 0.00213101610614 -0.000669178036499 -0.0217871789607 6.27960466516e-05 -0.00642142229566 0.00883733506818 -0.00900236213153 0.000805201984599 0.000328836162385 -0.00412764771426 0.0330245725735 -0.001707270702 0.00712741251776 0.0127356009598 
0.0660909265468 0.0076054488779 0.00566252814211 0.0164439969288 0.00755803599084 0.00952784194469 0.018595477824 0.00192375152442 -0.00536678938311 0.00106646307287 0.00309739189827 0.00592426637743 0.0246588451915 0.0139911822091 0.0148658668271 0.018265393572 0.00851483675214 0.0114448042126 0.268573408298 0.00885026854337 0.00623765053541 0.0158296458649 0.010748695587 -0.0030522598836 0.00776467890322 0.0260201902134 0.0187599307434 0.0108891198755 0.00827523653506 0.00367959057791 0.0121769957422 0.00375447555143 0.0322290884643 -0.00163874684546 0.00920837626852 0.0218544228151 0.0337772559393 0.000206931465543 0.0161354202516 0.00730226432384 
0.0251500232649 0.00621409793642 0.012683253725 -0.00111482541751 0.0092846222018 0.0191506083461 0.00370207291818 0.0173661973045 -0.0016905381765 0.0254154309403 0.0229191733596 0.00276969683838 0.0124303291533 0.0131515552925 -0.00295102950857 0.0327304244306 0.0156918929983 0.00270749701395 0.00885026854337 0.214948596068 0.0108360264691 0.00587642439143 0.00896981635213 -0.00532285408814 0.0111196363278 0.00376651954044 0.00893236310327 0.0139029415215 0.0175545298164 0.00474141178631 0.0140863929654 0.00960137533508 -0.00541597278777 0.0273035521609 0.0115044998631 0.0054475937453 0.00403730065121 0.00714737043247 0.0142891423428 0.0132021671182 
-0.00128272135039 0.0107598950138 0.0320468507238 0.0168005637169 0.0108971402683 0.0207250781375 0.0429968754044 0.0192362854999 0.0177440098119 0.035502750442 0.0264504799005 0.0320489548026 0.0118193797426 0.0300874220252 0.0420671123309 0.0214663898139 0.0181140959132 0.000832739289228 0.00623765053541 0.0108360264691 0.237937362845 0.0218166419682 0.0216555980012 0.00312615359835 0.0130123268043 0.0338777720672 0.00676517151835 0.013215836287 0.00530886596603 0.0112755253124 0.015760673139 0.0289927011252 0.0556131464451 0.0250696715752 0.0130346992465 0.0278543782334 -0.00173523838726 0.0106314644026 0.0231387608709 0.0145026775884 
0.0130062255577 0.0329385732898 0.0108797089274 0.0189737730431 0.0177004033886 0.0111245729335 0.0175173742345 0.0241936864718 0.00261928383467 0.0160757369761 0.0240202836628 0.00163096774354 0.0305754063097 0.0195721371685 0.00390207965875 0.0181692297924 0.00598604471907 0.00732388399005 0.0158296458649 0.00587642439143 0.0218166419682 0.267934735747 0.0110440447115 -0.0103631186279 0.0119256946098 -0.00561637850335 0.00622109165396 0.0183365244937 0.00315996430325 0.0107491899082 0.0109804746408 0.00524050669518 0.00609953241274 0.00154857419388 -0.00949019759732 0.0147209720444 0.0103102937057 0.0119219505081 0.0107886220712 0.00511279496163 
0.0141281217127 0.0021631287007 0.0289699251134 0.0177549075223 0.0192825525405 0.0272702134742 0.0354337040762 0.012859307046 0.0193729257474 0.0303318030226 0.0319426167248 0.0074547185301 0.0243961278777 0.0313012251419 0.00275633548014 -0.00474404095967 0.00841593115295 -0.00942048389623 0.010748695587 0.00896981635213 0.0216555980012 0.0110440447115 0.283787991965 -0.0110838014923 0.0162119994276 0.0270184699068 -0.00238219323746 0.0115694684556 0.00688311269871 0.0410001686445 0.0321058453131 0.0557203200839 0.0547601387654 0.019363507225 0.019395952245 0.0101564518108 -0.0124228918952 0.0156861198144 0.0067351473916 0.0330029625751 
-0.00229323326193 0.0184354792449 0.0213492805606 -0.00116667422978 -0.00687760839014 0.00531101384691 -0.00271471371073 0.0107235788663 0.001559881063 0.00401297117463 0.00359001846419 0.0227089779244 0.00666456742797 -0.00250531276425 -0.0312208506113 -0.0092080367935 -0.0107325294166 0.00753943607013 -0.0030522598836 -0.00532285408814 0.00312615359835 -0.0103631186279 -0.0110838014923 2.99020322053 0.014612382844 0.00800996296386 0.00356039663498 0.00344541374059 -0.0132422876057 -0.0212443526405 0.00102304588817 0.0363520914271 -0.0113462853321 -0.0142893468659 0.000625570883132 -0.017522508576 0.00430043856308 0.00792130273582 -0.0162465867882 -0.00680600939776 
0.0101090073287 0.0613672663903 0.0251335364366 0.0430206759126 0.0107994629111 0.0524364019103 0.0209910384005 0.0501852726071 0.0124115917003 0.0170882193075 0.0203715352528 0.0278217455176 0.0213503226405 0.0406964829455 -0.0121131404759 0.00913550266376 0.0208190181554 0.0588944376611 0.00776467890322 0.0111196363278 0.0130123268043 0.0119256946098 0.0162119994276 0.014612382844 0.270047266489 0.047288607926 0.00719879418426 0.0153303389266 0.0203267595884 0.0304061549074 0.0250039372087 0.0249856243557 0.0177671598937 0.00524530710024 0.00837159828629 0.0119048283769 0.0132273683661 0.00962214402708 0.0218591276203 0.028733853818 
0.0137546789996 0.145194471106 0.0216872226923 0.038063676159 0.00765462319136 0.0546202975546 0.0366574917422 0.126142416018 0.0185662514284 0.0210935800448 0.0186305264163 0.122069605129 -0.0028412455644 0.0377042698403 0.00263555578544 -0.00198214965612 0.00748124230569 -0.00165052008714 0.0260201902134 0.00376651954044 0.0338777720672 -0.00561637850335 0.0270184699068 0.00800996296386 0.047288607926 0.948654503002 0.00342932359065 0.0532130448043 0.0118508210002 0.0373081083904 0.042039253448 0.0426525391224 0.118039295117 0.0509504880084 0.0581399107461 0.0118072329131 0.00316512396969 0.0187653486575 0.010785132042 0.0585293666422 
-0.000333242112585 0.0124534856032 0.00821689262691 -0.00433576307076 0.0131927721633 0.00145072523585 0.0105957777211 0.00666464881719 0.00350803996658 0.0194454383093 0.00627655873405 -0.00232638640346 0.0171801376983 0.00872184032141 -0.00235921622407 0.0202204981104 0.00561690242683 0.00213101610614 0.0187599307434 0.00893236310327 0.00676517151835 0.00622109165396 -0.00238219323746 0.00356039663498 0.00719879418426 0.00342932359065 0.13310354889 0.00281933502113 -0.00254207845305 0.00551836546196 0.0099062908916 0.0129690329363 0.00494009960095 0.0117917974606 0.000739849667803 0.00397189199441 0.00182670850549 -0.00584577570748 0.0129620262627 0.00305544065719 
0.0174468209989 0.0234105322646 0.0111218671479 0.0219171757525 -0.00278323140128 0.0238943423709 0.020432495163 0.0499454850049 0.0198511616183 0.00945048081596 0.0076174567556 0.0333123886106 2.82074427966e-06 0.0240081843842 0.00490105813911 0.0178298223813 0.000777635299586 -0.000669178036499 0.0108891198755 0.0139029415215 0.013215836287 0.0183365244937 0.0115694684556 0.00344541374059 0.0153303389266 0.0532130448043 0.00281933502113 0.246476629339 0.0042501727544 0.00130469556976 -0.00696939904331 0.0132709360858 0.0211523905039 0.0194652012966 0.0255493107208 0.0158623540713 0.00614692402849 0.0148039055738 -0.00579257320878 0.0209709071731 
0.00401374023046 0.0137576931418 0.00835824294171 0.000455242584061 0.00511747898651 0.0225453465127 0.00853448776882 0.0135218631696 0.0144677313993 0.0166015247412 -0.000654315263727 0.00273832588083 0.00278924952763 0.00857448204523 0.0193512369524 0.00594416111203 0.00859281482844 -0.0217871789607 0.00827523653506 0.0175545298164 0.00530886596603 0.00315996430325 0.00688311269871 -0.0132422876057 0.0203267595884 0.0118508210002 -0.00254207845305 0.0042501727544 0.213547354087 0.00837078857045 0.0136300996678 0.00575612792335 0.0184050144541 0.00132844729244 0.0071392666208 0.0134793928106 0.00538245072843 0.000513443046319 0.00700801110288 0.00809891671749 
0.0243912295356 0.0303582391339 0.017794465089 0.0126173583219 0.0120516146882 0.0270834597325 0.00603086680853 0.0577600981275 0.00982235823727 0.0218736729418 0.00907986275441 0.00304901976679 0.0149427880892 0.0204847412623 0.00965987468444 0.0153873360714 0.0186243470931 6.27960466516e-05 0.00367959057791 0.00474141178632 0.0112755253124 0.0107491899082 0.0410001686445 -0.0212443526405 0.0304061549074 0.0373081083904 0.00551836546196 0.00130469556976 0.00837078857045 0.191457321295 0.0292044703824 0.0114068502969 0.0033652853967 0.0105055790022 0.00181443373166 0.00939229179266 0.00191793679329 0.00186831965376 0.0133232915838 0.077799897826 
0.00198411847269 0.0244733702976 0.0213270717997 0.0178727700252 0.0313749220553 0.0458149217835 0.0277645162046 0.0360788012881 0.0142466189486 0.019875825006 0.0156095581297 0.0316901613571 0.00734187916678 0.0177287488523 0.018887487954 0.0231897920379 0.0155051243358 -0.00642142229566 0.0121769957422 0.0140863929654 0.015760673139 0.0109804746408 0.0321058453131 0.00102304588817 0.0250039372087 0.042039253448 0.0099062908916 -0.00696939904331 0.0136300996678 0.0292044703824 0.339779940481 0.0153364045245 0.0149731035862 0.0120955554884 0.00355903131901 0.0197092252721 0.0496590639632 0.00439569072981 0.0156720945369 0.0219186959916 
0.0124039760703 0.00945323723403 0.0261168213012 0.0158875072488 0.00722809112115 0.0225519526181 0.0132237404763 0.03670672958 0.0350246681252 0.0218558714176 0.0168342545598 0.0308015079651 0.00359417445302 0.0252766408271 0.0111299611692 0.0174138532086 0.00111137670656 0.00883733506818 0.00375447555143 0.00960137533508 0.0289927011252 0.00524050669518 0.0557203200839 0.0363520914271 0.0249856243557 0.0426525391224 0.0129690329363 0.0132709360858 0.00575612792335 0.0114068502969 0.0153364045245 0.488636622005 0.0242097030731 0.0153697813485 0.0101209817667 0.00581791334748 0.00422594684593 0.00268708598742 -0.00122822653 0.0391746550837 
-0.00464737944588 0.0655543254654 0.0397454614129 0.0303304423683 0.0159685136822 0.0088021888406 0.0156819640422 0.0475445019151 0.00731786128631 0.0247078438257 0.0241139244112 -0.0290766328368 0.00354762626101 0.0343184215808 0.0156148237159 -0.00599213077297 0.00951780118844 -0.00900236213153 0.0322290884643 -0.00541597278777 0.0556131464451 0.00609953241274 0.0547601387654 -0.0113462853321 0.0177671598937 0.118039295117 0.00494009960095 0.0211523905039 0.0184050144541 0.0033652853967 0.0149731035862 0.0242097030731 0.870257694815 0.0083984383958 0.0136642495207 0.0113385883946 0.0189485705292 -0.00346607495474 0.00783671306425 -0.00203691244221 
0.00613620208877 0.0354535591478 0.0347123406167 0.00301675011552 0.0216831084855 0.0220177426576 0.0152976469093 0.0311256515432 0.00293598791254 0.0100949457746 0.0148567471761 0.0486115410835 0.0174503682759 0.0168160213329 0.0440611476168 0.0186531084801 0.00751381481919 0.000805201984599 -0.00163874684546 0.0273035521609 0.0250696715752 0.00154857419388 0.019363507225 -0.0142893468659 0.00524530710024 0.0509504880084 0.0117917974606 0.0194652012966 0.00132844729244 0.0105055790022 0.0120955554884 0.0153697813485 0.0083984383958 0.326841238403 0.00703080833796 0.0079066667535 0.00712381147666 -0.00691593906425 0.00781111706265 0.0162263479145 
-0.000507819704757 0.0165927128619 0.0188095069476 0.0117625162607 0.00595996876312 0.0205456277617 0.00934682330378 0.052796223397 0.026585963104 0.00928264808635 0.0108700554113 0.0695915689946 -0.00392684681722 0.0239529315102 0.0177179111866 0.00252071892421 0.0129413418861 0.000328836162385 0.00920837626852 0.0115044998631 0.0130346992465 -0.00949019759732 0.019395952245 0.000625570883132 0.00837159828629 0.0581399107461 0.000739849667803 0.0255493107208 0.0071392666208 0.00181443373166 0.00355903131901 0.0101209817667 0.0136642495207 0.00703080833796 0.468971665178 0.0184816798422 0.0493934282358 0.00472817902567 0.0336312811153 0.0102188986914 
0.0141194491228 0.000205937056229 0.0175774931616 0.0162424031289 0.0159707060492 0.0186808801015 0.0191981290294 0.0209257427406 0.00778917568523 0.0237373714286 0.00322997986964 0.0272873224301 0.00706871511617 0.0227319503292 0.0282035956072 0.0291149111584 0.0506187047559 -0.00412764771426 0.0218544228151 0.0054475937453 0.0278543782334 0.0147209720444 0.0101564518108 -0.017522508576 0.0119048283769 0.0118072329131 0.00397189199441 0.0158623540713 0.0134793928106 0.00939229179266 0.0197092252721 0.00581791334748 0.0113385883946 0.0079066667535 0.0184816798422 0.196452978105 0.0427248217096 -0.000105895274197 0.0489298436839 0.00650665537184 
0.0115596415311 0.0306256020019 0.0204930209607 0.0140675934601 0.0120342925726 0.0556223094715 -0.00652348457714 0.0534773539622 0.00622768227074 0.00830603520711 0.00623459164922 0.0582423645994 -0.00285087891735 0.0314442635521 0.0489760725612 0.0108806987002 0.0209635049346 0.0330245725735 0.0337772559393 0.00403730065121 -0.00173523838726 0.0103102937057 -0.0124228918952 0.00430043856308 0.0132273683661 0.00316512396969 0.00182670850549 0.00614692402849 0.00538245072843 0.00191793679329 0.0496590639632 0.00422594684593 0.0189485705292 0.00712381147666 0.0493934282358 0.0427248217096 0.402386737466 0.0045104025707 0.0319342146088 0.0191058084308 
-0.000706587868235 0.0266677470692 0.00960705428809 0.0170239956282 0.00543830965584 0.00889277753949 0.0158317323202 0.0577570532799 0.00258861157409 0.00276539999976 0.0182837860246 -0.00512374167826 0.014770723427 0.0127972600359 -0.00842901004682 0.00399042057377 -0.000306682253272 -0.001707270702 0.000206931465542 0.00714737043247 0.0106314644026 0.0119219505081 0.0156861198144 0.00792130273582 0.00962214402708 0.0187653486575 -0.00584577570748 0.0148039055738 0.000513443046319 0.00186831965375 0.00439569072981 0.00268708598742 -0.00346607495474 -0.00691593906425 0.00472817902567 -0.000105895274198 0.0045104025707 0.757357404932 -0.00268895083652 -0.000839190429125 
0.0242127389957 0.00401380130775 0.00788548967188 0.0170128883369 0.0118441350607 0.0172065483618 0.010638771265 0.00542827480289 0.00323473032593 0.0316876585781 -0.000812124587056 0.0345795132589 0.00556823421271 0.0242797742804 0.0311192862461 0.0144407332805 0.0486301208562 0.00712741251776 0.0161354202516 0.0142891423428 0.0231387608709 0.0107886220712 0.0067351473916 -0.0162465867882 0.0218591276203 0.010785132042 0.0129620262627 -0.00579257320878 0.00700801110288 0.0133232915838 0.0156720945369 -0.00122822653 0.00783671306425 0.00781111706265 0.0336312811153 0.0489298436839 0.0319342146088 -0.00268895083652 0.189305663902 0.00792422988438 
0.0135814594437 0.0322054887896 0.0315162013018 0.0127962085256 0.00285925494726 0.0299605937975 -0.00201108273683 0.0676482752098 0.0184518633642 0.0173487920486 -0.00111337808644 0.0439982265056 0.0109178958116 0.0365348361064 0.0236407958224 0.00544148265295 0.00342985860125 0.0127356009598 0.00730226432384 0.0132021671182 0.0145026775884 0.00511279496163 0.0330029625751 -0.00680600939776 0.028733853818 0.0585293666422 0.00305544065719 0.0209709071731 0.00809891671749 0.077799897826 0.0219186959916 0.0391746550837 -0.00203691244221 0.0162263479145 0.0102188986914 0.00650665537184 0.0191058084308 -0.000839190429123 0.00792422988438 0.370585009565 

['NWL', 'JDSU', 'AOC', 'SHW', 'EOP', 'PH', 'XL', 'NVDA', 'AT', 'MTB', 'GCI', 'CIEN', 'CL', 'DHR', 'TXU', 'BOL', 'PGN', 'PTV', 'RAI', 'SLM', 'HIG', 'ACV', 'TGT', 'ANDW', 'APCC', 'PMCS', 'PEP', 'EDS', 'RX', 'UPS', 'SWK', 'SBUX', 'AAPL', 'BF.B', 'Q', 'TE', 'APC', 'JNY', 'NI', 'FDX']