60
0.110783759143 0.0788996306534 0.0589662330248 0.15397042743 0.0348883512333 0.0755152896869 0.0613427887106 0.0377827405953 0.0210495138202 0.0612619406497 0.0782010317916 0.0335346879574 0.0308768641188 0.0545718905582 0.050100863095 0.080285366307 0.0426672552596 0.197480990077 0.005148759701 0.0211692002509 0.0378384564622 0.079223051944 0.0223482457603 0.0472748306646 0.0435638119902 0.0135350028622 0.0466521206007 0.0289058353667 0.0267221777707 0.0447966226616 0.0501755430095 0.0594687244428 0.00361039022472 0.0266042550295 0.0255121646837 0.123612909007 0.0180781461794 0.0434942638749 0.149246593495 0.0693656588129 0.0793031051092 0.0787213758152 0.0754552666066 0.0459594094694 0.0248608942987 0.106415927512 0.103194060275 0.0936509155003 0.116671338284 0.143796644659 0.0664901393557 0.0512444991133 0.0355019489908 0.0621529110589 0.0256345374975 0.0313696733512 0.074230100705 0.0952892642352 0.045759308444 0.0359279599811 
0.441817174891 0.0564919059217 0.0248766011482 0.0662958005778 0.0414256827599 -0.0026391757839 0.0424057021675 0.00677225930127 0.00112803636683 0.0417809356504 0.0670214804245 0.0498372356225 0.0292037054426 0.011789966036 0.0230907445255 0.0506334616692 0.00964531219682 0.0954374467587 0.000623666931194 0.0335148234538 -0.00264353141973 0.0229367152525 0.0298414755007 0.0649476629345 0.0206209241968 0.0148386568808 0.00962589485756 0.0191859964142 0.0232148988649 0.0420836671157 0.0217499518718 0.0327576100044 0.013534240041 0.018549452017 0.025616270891 0.0189069442466 0.0174033129118 0.0466928767213 0.0236185368617 0.00857210887924 0.0244668840696 0.0183497444164 0.0347370200854 0.0533790809491 0.0208472979058 0.0758339569391 0.0695294192888 0.00718544545454 0.0649724298934 0.106501206356 0.0209244373603 0.0310252623749 0.0136502137201 0.0192624805382 0.0118947230521 0.0190873074169 0.0418624868865 0.0145669864109 0.00793083864677 0.0218854281228 
0.0564919059217 0.754732919752 0.0213152558174 0.0163738009727 0.00310118710644 0.0130270355566 -0.00178881098608 0.00253506647894 0.00755946658878 0.000285230054995 -8.50614842015e-05 0.0025781992647 0.00462384154866 -0.0120071301763 -0.00202756000097 0.0103883252015 0.000150482558369 -0.00428897404701 0.00572586400762 -0.00264361351656 0.00137025760807 0.0201951035324 0.0167681388296 -0.00595988338711 -0.00338632622036 0.0107204528559 -0.0077257248905 0.00722013257769 -0.00945697052848 0.0333158732902 0.00588548791025 0.017818542796 0.0183396215441 0.00286309374621 0.0118938323887 -0.00732572526104 0.00232412405958 0.0102922912618 0.0112249141401 0.00869301531935 0.0049270780762 0.001704820399 0.018452986925 0.0263606515897 0.00478335829258 -0.00792142156127 0.0211273958194 0.00445688425763 0.0073986727249 0.00560095644019 -0.00928318355801 0.00265225116478 0.0073002002638 0.0234492998173 -0.00162478443484 0.00872432224205 0.0229218205362 0.00884002953109 0.0102554298027 0.00163379096498 
0.0248766011482 0.0213152558174 0.388296223871 0.000426476003205 0.0888388207999 0.0134103471714 0.0213527255273 -0.0021212049971 0.0122843820234 0.00297369822787 0.0187492409754 -0.00550719860376 0.00365108063643 0.00292183224414 0.00886884564858 0.0173201982089 0.0179927733529 0.00166300206318 -0.00783571669764 0.00983650721945 -0.00564198383289 0.00553679442122 0.0174911421768 0.0120025186058 -0.00115199395368 -0.00218623725675 -0.00164903417587 0.0139020194023 0.00832585222073 0.0356872292531 0.0233155658052 0.0243945389226 0.000417822633401 0.008721517174 0.00665571903037 0.0124318314024 -0.00498651011446 0.0278708749453 0.00697321975077 0.0139097072959 0.0320585353977 0.00253972324946 0.0255052029504 0.0147016182217 0.0269909494716 0.0187865079271 0.0211821262348 0.0288136833515 -0.0102273427734 0.0300626507487 0.0203356879961 0.0202615943111 0.00969490335481 0.0232897603326 0.00863875736829 0.0172980988917 0.0358147077575 0.0137778512207 -0.00215887451841 0.00386675803085 
0.0662958005778 0.0163738009727 0.000426476003205 0.542748808739 0.014624861804 0.0241328031196 0.0178741769008 0.0230801544788 0.00187661183985 0.0355157295286 0.0038526662832 0.00358677182604 -0.000528569355051 0.02609013223 0.00958611148572 0.00672917777265 0.0151504658873 0.0459134839246 -0.00408626752168 0.0256906048617 0.0336594857578 0.0143381605213 -0.00550172376424 -0.0196162092901 0.00473217649512 -0.00099847158621 0.0170990749545 -0.0149192799623 0.00915966727995 -0.0138016757394 0.00855638344296 0.0286945182985 -0.0148819925317 -0.0032252233141 -0.00104495462072 0.0426013332506 0.00777616017275 0.0253756117879 0.15186074363 -0.0015135218333 -0.0175603648677 0.130817507279 0.169604005221 -0.0217223613909 -0.0130361937221 0.0318907492718 0.116018457137 0.0286262653546 0.0330173338054 0.043933791434 0.0113687240664 0.0305870592762 0.000681753340064 -0.0117007226562 -0.00379680627694 -0.00665807081709 0.0768942590978 0.00371341571062 0.0783696437605 0.0047485677165 
0.0414256827599 0.00310118710644 0.0888388207999 0.014624861804 0.295455266693 0.0168345788534 -0.00511414922784 0.00200824556722 0.00160374733746 0.0099672537805 0.00517025280684 0.015883546782 0.0175107313059 0.0106647216575 0.041541682949 0.0213010170734 0.0146341308907 -0.000541755551581 0.00352529190608 0.0129591431688 0.0239648154084 0.0161879041209 0.0289998586777 0.00614457347591 0.006901916732 0.0296142069945 0.0207546800201 0.0247265982894 0.0192141381883 0.0388362694069 0.0133071394082 -0.000459918515643 0.0148940791226 0.0353731234454 0.0107265153565 -0.00384310116371 0.0152633941449 0.0313546886428 0.0196711030823 0.00394854877752 0.043251824096 0.0314265695553 0.0359927702306 0.0487870355034 0.0198428363423 0.0193220904257 0.0106363489736 0.0251654279135 0.0317560698917 0.0500931201943 0.0492476892933 0.0434605877353 0.00985547980574 0.0265107452231 0.00201879814546 0.0323879308317 0.0434885958122 0.0103160923618 0.00372456095773 0.0114143657691 
-0.0026391757839 0.0130270355566 0.0134103471714 0.0241328031196 0.0168345788534 0.790960284615 0.0212800129915 0.0461557773663 0.00262437643147 0.00266074535669 -0.0190292104675 0.00620166028708 6.8910517808e-05 0.00674385418995 0.0191967101451 0.010472923875 0.00939797842495 -0.00990374656242 0.00643599892133 -0.00759090292806 0.00343505295542 0.00488143895206 0.0144514581451 0.00131268943791 0.0172993663395 0.0261306902063 0.010876388874 0.00772514714821 0.00524638975724 0.0208347380432 0.0175690878125 -0.0321520854979 0.0716535315712 0.00226446532458 0.00737251779735 0.015583185175 0.0181399297858 0.0306854695871 0.00841468108525 0.00795595933569 0.0125585575475 0.0234722737072 0.0177958324085 0.0220791153735 0.0152272800145 0.00763354177717 0.00392500869536 0.0140954376174 -0.00369554159571 0.0334671207205 8.08724403075e-05 0.00398869244037 0.0363100125281 0.0194373694032 0.0230894803746 0.00561479929034 0.0307052665689 0.00816792295105 0.0316007750993 -0.000893863108628 
0.0424057021675 -0.00178881098608 0.0213527255273 0.0178741769008 -0.00511414922784 0.0212800129915 0.24822806084 0.0297146789756 -0.00771834889395 0.0169788644865 0.0164052501982 0.0190354456068 -0.0100718068223 0.0316755281908 0.0217424799876 0.0136800521419 0.00766112821512 0.0270034240183 0.000618859666167 0.00274386354245 0.000339298165406 -0.00585019401433 0.0163575080068 0.0121902050657 0.0964733689911 -0.00232376930861 0.0354868811311 0.00115216157802 0.0120254093818 0.00827779762368 -0.00610883503091 0.00667678605132 -0.00348193936377 0.00514694127634 0.0180904500336 0.0125471211734 0.00539211667895 0.0154108847825 0.0246901624733 0.00531054783151 -0.000204656958152 0.00299343052922 -0.00124483529291 0.00842671237572 -0.00152513527076 -0.00346218550618 0.0161187359197 -0.00799841590046 0.00562411194162 0.0112555867613 0.0241885790794 0.00711559081847 0.00963715423542 0.0156763397089 0.0113728024063 0.0116437057971 0.0118911047617 0.0067391608135 0.012085839145 -0.00223530072938 
0.00677225930127 0.00253506647894 -0.0021212049971 0.0230801544788 0.00200824556722 0.0461557773663 0.0297146789756 0.305970269062 0.00573758060044 0.0163563146479 0.023837550666 0.00153231969691 -0.00784763079856 0.019074367476 -0.00359443186691 0.0103029080274 0.0188458956651 0.016494180426 -0.00128612425264 0.0120866110553 0.00911338459274 -0.000584368244022 0.0225368174471 0.00519711687074 0.0663802193701 0.00790846279681 0.0166783437894 0.0126932584908 0.0428994457179 0.00236513700774 0.00693323399141 0.00492162889482 0.0201871604089 0.00424122417872 0.0186691908858 0.0136505499806 0.0149998966475 0.00377928454608 0.0384252458614 0.0109010186118 0.0116638384463 0.0348960208119 0.0173772767667 0.0063846870114 0.0165457276329 -0.0042859763803 0.0171385987893 0.0288116729867 0.00809734093927 0.00611781648863 0.0124174873698 -0.00146738328952 0.00649767765716 0.0598673030986 0.0183140063328 0.00960378185425 0.0351367689963 0.0166406188571 0.0403936419128 0.0333098827456 
0.00112803636683 0.00755946658878 0.0122843820234 0.00187661183985 0.00160374733746 0.00262437643147 -0.00771834889395 0.00573758060044 0.30769941511 0.0175377792271 0.0400887693083 0.0177043047489 0.0108457510873 0.0183443402548 0.00398909858204 0.0307254202422 0.00734320384652 0.0216487873501 0.00889621153054 0.0200932081917 -0.00599362752408 0.0772423954788 0.0161393662971 0.0101270084972 -0.0145735425848 0.00994462711808 0.0262163146503 0.0213768792916 0.00805075952844 0.00605911197868 0.00697559079838 0.0024692098564 0.00984949145528 0.00429353563155 0.0145422228555 0.00173479708494 0.00926713100675 -0.0078927718689 0.00337935655933 0.0172417215202 0.0187268050711 -0.00475934170962 0.00345608900696 0.0123088506595 0.0229145068828 0.0193498102054 0.0142155299874 0.00392722868043 -0.0031168703473 0.058596256279 0.00920012691092 -0.00109981940958 0.0141810631505 0.00439531035581 0.0167474921895 -0.0104519992465 0.00785907000477 -0.0062026895391 0.00401249484639 0.0103369811519 
0.0417809356504 0.000285230054995 0.00297369822787 0.0355157295286 0.0099672537805 0.00266074535669 0.0169788644865 0.0163563146479 0.0175377792271 0.360020220308 0.0446481792719 -0.000777218657543 0.00754497341084 0.00988165678397 0.0129937091158 0.0169613599828 0.00992199605548 0.0163378530817 -0.00389587332436 0.0148938292996 0.00345975429666 0.0134144506343 0.00516980016214 0.0143254895501 0.00431867878141 0.0135899847942 0.0116218735777 0.0255714867379 0.00709307742448 0.0184193666597 0.0142451970641 0.00574727732056 0.00734513470592 0.0127838660166 0.0097208887934 0.0326633834442 0.00950477760946 0.0124260513536 0.0156452105217 0.025061249632 0.0109266991734 0.0123793055907 0.0275303354273 0.0352777267778 0.0240893796432 0.0244807648347 0.0260082918888 0.0336499315957 0.00215193135217 0.0177425604942 0.00685292932962 0.0211720243445 0.0127357655874 0.00867884522392 0.00806230746524 0.00393674117526 0.0191125511572 -0.00555932076961 0.00671412357516 0.0143610825455 
0.0670214804245 -8.50614842014e-05 0.0187492409754 0.0038526662832 0.00517025280684 -0.0190292104675 0.0164052501982 0.023837550666 0.0400887693083 0.0446481792719 0.351690525904 0.0368522603547 0.00819726036779 0.0134758437421 0.026756773798 0.0202043430784 0.00767460703894 0.127800680817 0.00184041919178 0.0113648611799 0.0140071055023 0.0329036213495 0.0281059333198 0.00823087075629 0.00526420979323 0.0105039886241 0.00943414624562 0.0241007923995 0.00434789374805 0.0222301771244 0.0338071379035 0.0243090796911 0.00628705784821 0.0144063758046 0.0172609668196 0.0180098805824 -0.00137885722968 0.0180079948526 0.0379241848315 -0.000749698956955 0.0251278790688 0.0147162609883 0.0123422550341 0.0346068870215 0.00686723173382 0.0601908388284 0.0230494980982 0.0460328945192 -0.00101715037954 0.0379059150455 0.00458165159168 -0.000252268122633 0.0127543360812 0.0103712103368 0.00450814525141 0.00261928523052 0.0369731969523 -0.0200077105731 0.00604324495566 0.0153673066799 
0.0498372356225 0.0025781992647 -0.00550719860376 0.00358677182604 0.015883546782 0.00620166028708 0.0190354456068 0.00153231969691 0.0177043047489 -0.000777218657543 0.0368522603547 0.221228036704 0.00691979215703 0.0291079056009 0.0203183282354 -0.0026211206059 0.0112207862925 0.0297307168508 0.0153147479474 0.00867217833132 0.0249744451137 0.0166841054162 0.0195768096278 0.0433245978324 0.0178455899012 0.00915909726115 0.0222449814495 -0.00166943478632 0.0100789948372 0.00928850855964 0.0119502937415 0.0122263611223 -0.00510310490649 -0.000876552062672 -0.0106754675553 -0.0017079854721 0.010275656399 0.00172610372291 0.00407533703089 0.0147509894113 -0.002490932116 0.000469055339663 0.0189099300746 0.0152682044817 0.00994109635747 0.00954599221953 0.00562504887808 -0.00908625666212 0.0091434038507 0.0237743172694 0.0188254468117 0.00892718551036 -0.00282173068782 0.000705405185618 0.00103151623281 0.00836204393745 0.00455236796822 0.0261926611006 0.00939481970946 0.00286350459423 
0.0292037054426 0.00462384154866 0.00365108063643 -0.000528569355051 0.0175107313059 6.8910517808e-05 -0.0100718068223 -0.00784763079856 0.0108457510873 0.00754497341084 0.00819726036779 0.00691979215703 0.259257140283 0.00781925682516 0.000618781297017 0.0159496941363 0.00627318351942 0.0102637855535 0.00497069241612 0.00328539002664 -0.001490414583 0.02234086664 0.0172533811114 0.0215596203683 0.0067774230952 0.0195616239091 0.0065252662774 0.0322198672829 0.00242972005979 0.0197616492404 0.0157030469992 0.0205794345045 0.00572164163286 0.00926957999783 0.00160946005553 0.00917325760994 0.00575004515246 0.00386861640838 0.00128829646657 0.0130270759467 0.0155625695016 0.00159052763076 0.00291026908032 0.0133971616946 0.0121452122679 0.0171876584071 0.0286072517613 0.0346462429066 0.0142692943581 0.0419999969767 0.0189337134333 0.0206680245689 0.00708895506773 0.0141439376708 0.00395876908929 0.0140793737902 0.014893272333 0.00406904777326 0.00143334113559 0.0207414191997 
0.011789966036 -0.0120071301763 0.00292183224414 0.02609013223 0.0106647216575 0.00674385418995 0.0316755281908 0.019074367476 0.0183443402548 0.00988165678397 0.0134758437421 0.0291079056009 0.00781925682516 0.246225410714 0.0104060088765 0.00880403341682 0.0153972805101 0.00429454186014 0.00433672998362 -0.00357371172099 0.00352916559619 0.00639545687851 0.00788921952854 0.00563044241687 0.0386807320012 0.00905584194211 0.138839506227 0.0214565203608 0.0357496962281 0.0137758473383 0.00726926971149 -0.0022229440161 0.00962196144193 0.00846701545936 0.00766918001567 0.00616761511022 0.0237845300238 -0.00247924792961 0.0376641595213 0.0204336681865 0.0126044992798 0.0219671004985 0.0205909048406 0.00582155234088 0.0104708283974 -0.000665272546566 0.0245573774946 0.00351271923074 0.0348726302437 0.0089275107632 0.0287164159438 -0.000538910494872 -0.00370326832888 -0.00352580272393 0.00654810961442 0.0187193523373 0.0106453184394 0.0190259981923 0.0218988329829 0.0182672787212 
0.0230907445255 -0.00202756000097 0.00886884564858 0.00958611148572 0.041541682949 0.0191967101451 0.0217424799876 -0.00359443186691 0.00398909858204 0.0129937091158 0.026756773798 0.0203183282354 0.000618781297017 0.0104060088765 0.297582803937 0.0163379767126 0.0298659266342 -0.00100829462126 -0.00623441900448 0.00467946722452 0.00961691408702 0.0189994814323 0.0184299466356 0.00953677389436 0.017715157953 0.0176007623176 0.0115802964621 0.00471466413653 0.0132652680979 0.00867807214409 0.0167269226063 0.0334115927209 0.00564555390373 0.0169979546168 0.0154186884941 0.0239969203882 0.0148576759331 0.0518331974191 0.0295540578561 0.0072464665715 0.0375930495558 0.0259595771923 0.0147374267174 0.0151725514444 0.0134646173745 0.0152322821087 -0.00268854418008 0.0135319237593 0.0170914303714 0.0454311266397 0.0296253948736 0.0196558532111 0.0124301313054 0.0329798390487 0.0114652207392 0.0168276309511 0.0300585012888 0.00901158807765 0.0209488351777 0.00496966474132 
0.0506334616692 0.0103883252015 0.0173201982089 0.00672917777265 0.0213010170734 0.010472923875 0.0136800521419 0.0103029080274 0.0307254202422 0.0169613599828 0.0202043430784 -0.0026211206059 0.0159496941363 0.00880403341682 0.0163379767126 0.424357552121 0.00662056826993 0.0116207625713 0.0169368818822 0.0255164688125 0.0177146607443 0.038877818938 -0.000617121249818 0.0152810588034 0.00679214784429 0.00771856272596 0.0107817913164 0.0296278286983 0.0206786762468 0.0326585711729 0.00470314890859 0.012433509619 0.0206279342183 0.0202188391009 0.00717245879586 0.0161404074422 0.00628395144142 0.0375077973937 0.0196402175323 -0.000795986406475 0.0133314870082 0.0177609309932 0.0044365029716 0.0214944255774 0.0158262001131 0.0251124139764 0.0875669180053 0.0277398204605 0.0283125869018 0.0383015130565 0.012921891009 0.0234272705887 0.00253605935468 0.00943298691885 0.0169528859519 0.0222486929227 0.0231330038934 0.0165233897737 0.00593989394215 0.0139362663756 
0.00964531219682 0.000150482558369 0.0179927733529 0.0151504658873 0.0146341308907 0.00939797842495 0.00766112821512 0.0188458956651 0.00734320384652 0.00992199605548 0.00767460703894 0.0112207862925 0.00627318351942 0.0153972805101 0.0298659266342 0.00662056826993 0.202162264678 0.0292944961912 0.0168553747107 0.0134230316186 0.00945310772842 0.0204191046878 0.0300390128831 0.00450382947941 0.00645413670223 0.0120035360472 0.0253233999809 0.0118284267611 0.0283770821597 0.0245862453168 0.00224133879879 -0.00839392783668 0.00196916113049 0.0187260913261 0.0100590614343 -0.00594115170162 -0.00469116530824 0.0209269760381 0.0227958336 0.00728014479248 0.0207239955597 0.0146104085621 0.0166055836699 0.00795676694676 0.0256872758488 0.0243916196608 0.0367864937992 0.0276347856623 0.0104862702805 0.0275381350398 0.0350072783682 0.00746821336324 0.0143089720583 0.00950627573837 0.00552082950117 0.0205349975172 0.0444103619775 0.0144704266318 0.00932682454677 0.00583433422708 
0.0954374467587 -0.00428897404701 0.00166300206318 0.0459134839246 -0.000541755551581 -0.00990374656242 0.0270034240183 0.016494180426 0.0216487873501 0.0163378530817 0.127800680817 0.0297307168508 0.0102637855535 0.00429454186014 -0.00100829462126 0.0116207625713 0.0292944961912 0.860586800086 0.000669635437282 0.0149755662302 0.0151980421153 -0.0102053973595 0.0525542452719 0.00181516834026 0.0135025045237 -0.00294831638438 0.00844051727387 0.0358610038396 0.00977426724228 0.0348767166222 -0.00732985888518 0.0231424070878 0.0241639916131 0.00445970881306 0.00878478145364 -0.0212918195513 -0.000176604678342 0.0220851646577 0.0290685110266 0.0342806926601 0.0140872654449 0.0150485677335 -0.00119292039086 0.0400716533024 0.0146837673126 0.0511825448114 0.00445462140036 0.0429249821808 -0.0116167261478 0.0285322849033 0.0381241790218 0.00330595914188 0.0124207212756 -4.67677081815e-05 0.0133466903753 0.00692712895779 0.0508010983778 -0.000656693180981 0.0146843309057 -0.00363003515641 
0.000623666931194 0.00572586400762 -0.00783571669764 -0.00408626752168 0.00352529190608 0.00643599892133 0.000618859666167 -0.00128612425264 0.00889621153054 -0.00389587332436 0.00184041919178 0.0153147479474 0.00497069241612 0.00433672998362 -0.00623441900448 0.0169368818822 0.0168553747107 0.000669635437282 0.221681351228 0.00367772393695 0.0159407953466 0.0188393100653 0.0105858040608 0.00530244263512 0.0138902321794 0.00632937367618 -0.00124142018291 0.00687076777466 0.000158790796806 0.017962802013 0.051611975494 0.0238782608931 0.0147058366192 -0.00661241004572 0.00698887148297 -0.0122890634213 -0.000360641466148 -0.00165051892012 0.0118068316467 0.0121367438384 0.00660799749297 -0.00881721736057 0.0115509010871 0.00190886251618 0.0049343897491 -0.00182568046933 0.00494088439203 -0.0067133090714 0.0263042982605 0.0161838745044 0.000299371501308 -0.00209068166107 -0.00926612419658 0.0116039732488 0.0212642169767 0.0061039212608 0.0264827450844 0.0303606378685 0.00406518224973 0.0278089334333 
0.0335148234538 -0.00264361351656 0.00983650721945 0.0256906048617 0.0129591431688 -0.00759090292806 0.00274386354245 0.0120866110553 0.0200932081917 0.0148938292996 0.0113648611799 0.00867217833132 0.00328539002664 -0.00357371172099 0.00467946722452 0.0255164688125 0.0134230316186 0.0149755662302 0.00367772393695 0.198868475733 0.00878652603231 0.0250228213869 -0.00294800226667 0.042869114133 0.00501797556876 0.0063304077294 0.00321518457401 -0.00325875161657 0.0118503414373 -0.00372668135195 0.00316911686608 0.0275217637543 -0.00129714059692 0.00947353473391 0.0128611145535 -0.0155724360603 -0.00785823573547 0.0218024987536 0.0119522065928 0.00304834824384 0.000568795439904 -0.00296687400621 0.0117903750383 0.00655234995853 0.0176669141248 0.00102032364408 0.00974508925744 0.00136572299619 0.0173804383123 0.00988286075658 0.000913721826936 0.00243883966683 0.00294056677381 -0.00340608366671 0.00210635653854 0.00648285749632 0.0100011682325 0.0175190861921 0.0193478720804 -0.0078134488156 
-0.00264353141973 0.00137025760807 -0.00564198383289 0.0336594857578 0.0239648154084 0.00343505295542 0.000339298165406 0.00911338459274 -0.00599362752408 0.00345975429666 0.0140071055023 0.0249744451137 -0.001490414583 0.00352916559619 0.00961691408702 0.0177146607443 0.00945310772842 0.0151980421153 0.0159407953466 0.00878652603231 0.458873309473 0.0170126753384 0.017070422053 -0.000655480640855 -0.0023185311289 0.00978812280565 0.00995056600286 0.0277260740207 0.0577397945349 -0.00043347433318 0.0143821869666 0.00979088119459 0.0459111424753 -0.0056939902024 0.00493794976436 -0.00588490179412 0.00536515343045 -0.0119318584456 0.0677825640571 -0.00356861475225 0.00181725200901 0.016883601915 0.00104835880871 0.02762213514 0.0229375556434 -0.00225945429241 0.0125728729336 0.00836278300975 -0.00681417212716 -0.00430242313976 0.0211531700345 -0.00600978003898 0.00558051099569 -0.00794509301678 0.0111977094957 -0.00896612752971 0.0157563354626 0.0275535206957 0.0253664576664 -0.00265701223919 
0.0229367152525 0.0201951035324 0.00553679442122 0.0143381605213 0.0161879041209 0.00488143895206 -0.00585019401433 -0.000584368244021 0.0772423954788 0.0134144506343 0.0329036213495 0.0166841054162 0.02234086664 0.00639545687851 0.0189994814323 0.038877818938 0.0204191046878 -0.0102053973595 0.0188393100653 0.0250228213869 0.0170126753384 0.368474088739 -0.00133167906602 0.0309664781234 -0.0070515832773 0.0228734961574 0.0110657424135 0.0195276833368 0.0133019706647 0.0237804414766 0.0333897170872 0.00968856267494 0.0112857223464 0.0219241220921 0.00579289573666 0.0002577460436 -0.00728795736757 0.0223715038997 0.0185835129681 0.0177537864361 0.0472710314294 -0.00548998632844 0.028521055879 0.0298588438685 0.018629634696 0.0383322518582 0.0288992879819 0.0157509485207 0.0434875434155 0.059935667938 0.00841451774297 0.0147128690132 0.0234615601401 0.0296435777742 0.0113103773317 0.0263562105387 0.0300379073118 0.0230971184705 -0.000270511961589 0.0179981492888 
0.0298414755007 0.0167681388296 0.0174911421768 -0.00550172376424 0.0289998586777 0.0144514581451 0.0163575080068 0.0225368174471 0.0161393662971 0.00516980016214 0.0281059333198 0.0195768096278 0.0172533811114 0.00788921952854 0.0184299466356 -0.000617121249818 0.0300390128831 0.0525542452719 0.0105858040608 -0.00294800226667 0.017070422053 -0.00133167906602 0.196340934356 -0.00284938786872 0.0166493675325 0.00173292506533 0.0083576754421 0.00659072363543 0.0295555188024 0.00399140041872 0.0231275405362 0.00836770648323 -0.000347553572636 0.0031182081624 0.0239849994033 0.017624829544 0.00997348838658 0.00713533664204 -0.00191560817477 0.0153627784616 0.0265356194604 0.0150093727933 0.0196592286973 0.016639924082 0.0433242809858 0.00294396837285 0.0156356826263 0.0049142283385 0.0159868051461 0.029718948741 0.0468722399414 0.0119338977602 0.014027028465 0.0143056689736 0.00955680702043 0.00759832777163 0.0369658861358 -0.019918126857 0.00912131351 0.00568352113671 
0.0649476629345 -0.00595988338711 0.0120025186058 -0.0196162092901 0.00614457347591 0.00131268943791 0.0121902050657 0.00519711687074 0.0101270084972 0.0143254895501 0.00823087075629 0.0433245978324 0.0215596203683 0.00563044241687 0.00953677389436 0.0152810588034 0.00450382947941 0.00181516834026 0.00530244263512 0.042869114133 -0.000655480640854 0.0309664781234 -0.00284938786872 0.345271772329 0.012068535809 -0.00372895697966 0.00920938464631 0.0124727168353 0.0112783944252 0.0119910746936 0.00188773300896 -0.00416642540858 0.00943079462968 -0.00465884317099 0.00542216654963 -0.00920353660835 0.00464042396856 0.0154869951707 0.00235044862719 -0.0042083343601 -0.0223961737811 0.00411640242115 0.00245661618621 0.00836011337319 0.0149639647548 0.00281442006475 0.012539083397 0.0127849373735 -0.0200954404071 0.00385264398304 0.00668285375897 -0.0111132212883 0.00788873066437 0.0156526899094 0.0105998367449 0.00300751802379 0.011600560198 -0.00371422989639 -0.0028724615251 0.0020209170587 
0.0206209241968 -0.00338632622036 -0.00115199395368 0.00473217649512 0.006901916732 0.0172993663395 0.0964733689911 0.0663802193701 -0.0145735425848 0.00431867878141 0.00526420979323 0.0178455899012 0.0067774230952 0.0386807320012 0.017715157953 0.00679214784429 0.00645413670223 0.0135025045237 0.0138902321794 0.00501797556876 -0.0023185311289 -0.0070515832773 0.0166493675325 0.012068535809 0.24816639288 0.00361990209191 0.0328064001561 0.0106392771381 0.0175341633983 -0.00107177436513 0.000449536566282 -8.24546088012e-05 0.0104847261594 0.00384720397861 0.0128272368284 0.00277369830217 0.00874219318974 0.00512082504048 0.00540156813337 -0.000873692425747 0.0127789361776 0.00926707026456 0.00772849507641 0.00730702701076 -0.00430155495123 -0.000116654704016 0.00505169092371 0.025560826356 0.00570302902022 0.00239332018856 0.0338136283227 0.00802653910579 0.000885722515093 0.0157181125561 0.00913357115387 0.0116469532207 0.0157288720086 -0.00194008781202 0.0125982468658 0.0184143716121 
0.0148386568808 0.0107204528559 -0.00218623725675 -0.00099847158621 0.0296142069945 0.0261306902063 -0.00232376930861 0.00790846279681 0.00994462711808 0.0135899847942 0.0105039886241 0.00915909726115 0.0195616239091 0.00905584194211 0.0176007623176 0.00771856272596 0.0120035360472 -0.00294831638438 0.00632937367618 0.0063304077294 0.00978812280565 0.0228734961574 0.00173292506533 -0.00372895697966 0.00361990209191 0.189167056383 0.00345117480503 0.0351067710418 0.0166115492829 0.0174299811499 0.0185525019662 0.0129449777314 0.0134455765239 0.0237754917687 0.0113935050255 0.0164006373515 0.00441914209307 0.0201754927976 0.0175551018827 0.0152630147216 0.0105891214842 0.00868451639693 0.0311351545583 0.0255198421263 0.0131609554898 0.0127107625943 0.0118456268369 0.0137219960599 0.0284416333895 0.0234075849101 0.0109627609228 0.00895251694051 0.0302383702875 0.0105402869544 0.0102641427358 0.0229077153392 0.0255733269915 0.0254507037393 0.0187592658827 0.0155730859087 
0.00962589485756 -0.0077257248905 -0.00164903417587 0.0170990749545 0.0207546800201 0.010876388874 0.0354868811311 0.0166783437894 0.0262163146503 0.0116218735777 0.00943414624561 0.0222449814495 0.0065252662774 0.138839506227 0.0115802964621 0.0107817913164 0.0253233999809 0.00844051727387 -0.00124142018291 0.00321518457401 0.00995056600286 0.0110657424135 0.0083576754421 0.00920938464631 0.0328064001561 0.00345117480503 0.208123299773 0.0239539388934 0.0429408653501 0.00683939002344 0.0128925739449 0.00255793820939 0.00691718108707 0.0162422134665 0.0198840378844 0.00829431387525 0.00126022211301 0.00465543715736 0.0420395982314 0.0121532464265 0.0270455485779 0.0239601211816 0.0318710495464 0.00627602508799 0.0174698643557 0.00477382895989 0.00855655074665 0.0052532512017 0.0353001046241 0.0135798049325 0.0273327366214 0.000742268241556 -0.0012490298431 -0.000106938454115 0.000897800576822 0.0214453998176 0.0046893827839 0.008270050139 0.0215118637835 0.0190654919334 
0.0191859964142 0.00722013257769 0.0139020194023 -0.0149192799623 0.0247265982894 0.00772514714821 0.00115216157802 0.0126932584908 0.0213768792916 0.0255714867379 0.0241007923995 -0.00166943478632 0.0322198672829 0.0214565203608 0.00471466413653 0.0296278286983 0.0118284267611 0.0358610038396 0.00687076777466 -0.00325875161657 0.0277260740207 0.0195276833368 0.00659072363543 0.0124727168353 0.0106392771381 0.0351067710418 0.0239539388934 0.21998210775 0.0247002063948 0.0137573702959 0.0105416373331 0.0033641682773 0.011500596093 0.0196345088549 0.0224986371631 0.00719037555626 0.00164455547624 0.012574507416 0.0109328914216 0.00645671990478 0.0288131683136 0.00938181225472 -0.00018868066888 0.0325711463683 0.0133858375104 -0.000204334725769 0.00885239133397 0.0273422784572 0.0183490127589 0.0644845318942 0.0235380956092 0.00432244662476 0.0340017302026 0.00998667768534 0.0107730693351 0.00715832510957 0.0197216408946 0.0326883365041 0.015486320057 0.0269384521513 
0.0232148988649 -0.00945697052848 0.00832585222073 0.00915966727995 0.0192141381883 0.00524638975724 0.0120254093818 0.0428994457179 0.00805075952844 0.00709307742448 0.00434789374805 0.0100789948372 0.00242972005979 0.0357496962281 0.0132652680979 0.0206786762468 0.0283770821597 0.00977426724228 0.000158790796806 0.0118503414373 0.0577397945349 0.0133019706647 0.0295555188024 0.0112783944252 0.0175341633983 0.0166115492829 0.0429408653501 0.0247002063948 0.16258956724 0.0157394001882 0.00861841218011 0.00205143241317 0.0244037877149 0.0162610745323 0.0153680820913 0.00012897583892 0.00686947882723 0.0152656131858 0.0448984071893 0.0127619788124 0.00132569901496 0.0322186449355 0.013952874389 0.00882877846121 0.0234539231814 0.00344652256077 0.0263209319856 0.00529538747568 0.00958926310174 0.0326808699862 0.0226839666245 0.0150252106276 0.0124951856272 0.00758288518505 0.0143179110487 0.0187169881466 0.0332532521904 0.011957647405 0.0285679609573 0.0173666938167 
0.0420836671157 0.0333158732902 0.0356872292531 -0.0138016757394 0.0388362694069 0.0208347380432 0.00827779762368 0.00236513700773 0.00605911197868 0.0184193666597 0.0222301771244 0.00928850855964 0.0197616492404 0.0137758473383 0.00867807214409 0.0326585711729 0.0245862453168 0.0348767166222 0.017962802013 -0.00372668135195 -0.00043347433318 0.0237804414766 0.00399140041872 0.0119910746936 -0.00107177436513 0.0174299811499 0.00683939002344 0.0137573702959 0.0157394001882 0.257787028812 0.0349598822082 0.00449327884504 0.0133515753913 0.0160552833954 0.0184740037766 0.010616322036 0.0215216648582 0.0345999097435 0.00444437990127 0.0229771382614 0.00745337160909 0.00337377088182 0.0317261851739 0.0287942694224 0.00271168821769 0.02759072055 0.0459669462399 0.0498205723879 0.0234955842125 0.0395599272053 0.0295456204608 0.0214266052377 0.030015608504 0.0386810112558 0.0152608403039 0.0246412987199 0.0461282012324 0.012886407607 -0.000520958714835 0.0237860267947 
0.0217499518718 0.00588548791025 0.0233155658052 0.00855638344296 0.0133071394082 0.0175690878125 -0.00610883503091 0.00693323399141 0.00697559079838 0.0142451970641 0.0338071379035 0.0119502937415 0.0157030469992 0.00726926971149 0.0167269226063 0.00470314890859 0.00224133879879 -0.00732985888518 0.051611975494 0.00316911686608 0.0143821869666 0.0333897170872 0.0231275405362 0.00188773300896 0.000449536566281 0.0185525019662 0.0128925739449 0.0105416373331 0.00861841218011 0.0349598822082 0.302694538226 0.00693384472546 0.0164567379692 -0.020368373274 0.0194515630952 0.00757476916987 0.00306093893269 0.0050478652509 0.0122004706651 0.021593619608 0.036913291843 0.0344673862227 0.0129898864547 0.0113782745166 0.0182042946612 0.0578969280042 0.0323200285519 0.0155609855267 0.0399654131737 0.0219818079409 0.00981563192585 0.0255212957972 0.001044696345 0.00934818438034 0.00698043492349 0.0217935763012 0.0400156477208 -0.000597171249904 0.00772971383039 0.0107911623008 
0.0327576100044 0.017818542796 0.0243945389226 0.0286945182985 -0.000459918515643 -0.0321520854979 0.00667678605132 0.00492162889482 0.0024692098564 0.00574727732056 0.0243090796911 0.0122263611223 0.0205794345045 -0.0022229440161 0.0334115927209 0.012433509619 -0.00839392783668 0.0231424070878 0.0238782608931 0.0275217637543 0.00979088119459 0.00968856267494 0.00836770648323 -0.00416642540858 -8.24546088012e-05 0.0129449777314 0.00255793820939 0.0033641682773 0.00205143241317 0.00449327884504 0.00693384472546 0.397819162622 0.0198187797565 0.0128672444567 0.0174654842575 0.000904386753546 0.00582909717726 0.0360164332109 0.0217312073841 -0.0081278037377 0.0249286491818 0.0046021291851 0.0269380811851 0.0199646784991 0.0231671356367 0.028187519921 0.0354827003425 0.0425438248382 -0.00100319186199 0.0404506097507 -0.0058449881034 0.0164828862533 0.0155590347795 0.0240725977802 0.00772431097755 0.0115405415376 0.0276562246186 0.0251819850896 -0.00028477040215 0.0120142199269 
0.013534240041 0.0183396215441 0.000417822633401 -0.0148819925317 0.0148940791226 0.0716535315712 -0.00348193936377 0.0201871604089 0.00984949145528 0.00734513470592 0.00628705784821 -0.00510310490649 0.00572164163286 0.00962196144193 0.00564555390373 0.0206279342183 0.00196916113049 0.0241639916131 0.0147058366192 -0.00129714059692 0.0459111424753 0.0112857223464 -0.000347553572636 0.00943079462968 0.0104847261594 0.0134455765239 0.00691718108707 0.011500596093 0.0244037877149 0.0133515753913 0.0164567379692 0.0198187797565 0.193779257018 0.00801679950499 0.0158161406197 -0.00930612841856 0.0241683121924 0.015304527037 0.00168550848548 0.0253324822622 -0.0101066338075 0.00339602418589 0.0101829671441 0.0331548913312 0.00785938038317 0.0222558433118 0.020606743722 0.022095815351 -0.0138902810172 0.0196664265026 0.022145438837 0.00920225910693 0.0123012522308 0.0189316237178 0.024647999714 -0.00220334584187 0.0215559101337 0.00464727703173 0.00982637235457 0.00977800715606 
0.018549452017 0.00286309374621 0.008721517174 -0.0032252233141 0.0353731234454 0.00226446532458 0.00514694127634 0.00424122417872 0.00429353563155 0.0127838660166 0.0144063758046 -0.000876552062672 0.00926957999783 0.00846701545936 0.0169979546168 0.0202188391009 0.0187260913261 0.00445970881306 -0.00661241004572 0.00947353473391 -0.0056939902024 0.0219241220921 0.0031182081624 -0.00465884317099 0.00384720397861 0.0237754917687 0.0162422134665 0.0196345088549 0.0162610745323 0.0160552833954 -0.020368373274 0.0128672444567 0.00801679950499 0.201965771786 0.0129715424722 0.0107620369809 0.0051183150186 0.0370489718015 -0.00191098390932 0.0175526116645 0.0292839477693 0.00841119223426 0.0188093690419 0.016894426603 0.0184839789519 0.019052454993 0.0206209849103 0.0297977991566 0.000355042212532 0.0332970220583 0.0303813681987 0.0129174996454 0.00455084436006 0.019555153496 0.00263613514984 0.00410366200696 0.0354649682227 0.0207277872253 0.00466319678455 0.00384085321286 
0.025616270891 0.0118938323887 0.00665571903037 -0.00104495462072 0.0107265153565 0.00737251779735 0.0180904500336 0.0186691908858 0.0145422228555 0.0097208887934 0.0172609668196 -0.0106754675553 0.00160946005553 0.00766918001567 0.0154186884941 0.00717245879586 0.0100590614343 0.00878478145364 0.00698887148297 0.0128611145535 0.00493794976436 0.00579289573666 0.0239849994033 0.00542216654963 0.0128272368284 0.0113935050255 0.0198840378844 0.0224986371631 0.0153680820913 0.0184740037766 0.0194515630952 0.0174654842575 0.0158161406197 0.0129715424722 0.150654283445 0.000147443025601 0.0211926529616 0.0146966487286 0.0154091115561 0.00511246802015 0.00864186957567 0.000152589270543 0.0324622592685 0.0534435016915 0.0243302513776 0.000135155998548 0.00630741966775 0.0106221399582 0.013199821436 0.0166573896678 0.0301113653013 0.00666263307626 0.0115666359238 0.00923411654836 0.00055883825003 0.00893037593724 0.00591415647249 0.0107994758497 0.0113675716879 0.00911985437895 
0.0189069442466 -0.00732572526104 0.0124318314024 0.0426013332506 -0.00384310116371 0.015583185175 0.0125471211734 0.0136505499806 0.00173479708494 0.0326633834442 0.0180098805824 -0.0017079854721 0.00917325760994 0.00616761511022 0.0239969203882 0.0161404074422 -0.00594115170162 -0.0212918195513 -0.0122890634213 -0.0155724360603 -0.00588490179412 0.0002577460436 0.017624829544 -0.00920353660835 0.00277369830218 0.0164006373515 0.00829431387525 0.00719037555626 0.00012897583892 0.010616322036 0.00757476916987 0.000904386753547 -0.00930612841856 0.0107620369809 0.000147443025601 1.04160444579 -0.00362067748079 0.0236304092031 0.0581534380381 0.00473904732542 -0.0124190586052 0.0373411308029 0.0135152537382 0.00416870448429 0.00411394706944 0.0164956868184 -0.00723474957037 0.00165498011444 -0.00727025720404 0.0113746062856 -0.0169229243211 -0.00168118673542 0.0172995101795 0.0131897012452 0.0100033965065 -0.0122110442196 -0.00476044963687 -0.0122059389175 0.00383656182745 -0.0132344233222 
0.0174033129118 0.00232412405958 -0.00498651011446 0.00777616017275 0.0152633941449 0.0181399297858 0.00539211667895 0.0149998966475 0.00926713100675 0.00950477760946 -0.00137885722968 0.010275656399 0.00575004515246 0.0237845300238 0.0148576759331 0.00628395144142 -0.00469116530824 -0.000176604678342 -0.000360641466148 -0.00785823573547 0.00536515343045 -0.00728795736757 0.00997348838658 0.00464042396856 0.00874219318974 0.00441914209307 0.00126022211301 0.00164455547624 0.00686947882723 0.0215216648582 0.00306093893269 0.00582909717726 0.0241683121924 0.0051183150186 0.0211926529616 -0.00362067748079 0.24245254883 0.00649570616213 -0.0143999372977 -0.00209048067715 0.0036522242065 0.00269029247044 0.00412224857306 0.0181104757286 0.0144479278479 0.00659097646165 0.0354689935808 -0.00682279380015 -0.000514827297831 0.0154969503129 0.0173576334293 0.0126735992037 0.00858128537438 0.0128560780818 0.00713849723539 0.011145336475 0.0271799514749 0.00191735948676 0.0146592464803 0.00689086050281 
0.0466928767213 0.0102922912618 0.0278708749453 0.0253756117879 0.0313546886428 0.0306854695871 0.0154108847825 0.00377928454608 -0.0078927718689 0.0124260513536 0.0180079948526 0.00172610372291 0.00386861640838 -0.00247924792961 0.0518331974191 0.0375077973937 0.0209269760381 0.0220851646577 -0.00165051892012 0.0218024987536 -0.0119318584456 0.0223715038997 0.00713533664204 0.0154869951707 0.00512082504048 0.0201754927976 0.00465543715736 0.012574507416 0.0152656131858 0.0345999097435 0.0050478652509 0.0360164332109 0.015304527037 0.0370489718015 0.0146966487286 0.0236304092031 0.00649570616213 0.284559009321 0.0191190489628 0.0327452746399 0.0336272095472 0.0149878266825 0.0317965247975 0.0160809706246 0.0115969600196 0.0292741227591 0.0368863842445 0.0333099883058 0.0201153936824 0.039527080949 0.0362728476266 0.0366664851215 0.0534567968757 0.019337970609 0.0266967308883 0.00285652951366 0.0920387987812 0.029386638035 0.0146497195387 0.0146245633869 
0.0236185368617 0.0112249141401 0.00697321975077 0.15186074363 0.0196711030823 0.00841468108525 0.0246901624733 0.0384252458614 0.00337935655933 0.0156452105217 0.0379241848315 0.00407533703089 0.00128829646657 0.0376641595213 0.0295540578561 0.0196402175323 0.0227958336 0.0290685110266 0.0118068316467 0.0119522065928 0.0677825640571 0.0185835129681 -0.00191560817477 0.00235044862719 0.00540156813337 0.0175551018827 0.0420395982314 0.0109328914216 0.0448984071893 0.00444437990127 0.0122004706651 0.0217312073841 0.00168550848548 -0.00191098390932 0.0154091115561 0.0581534380381 -0.0143999372977 0.0191190489628 0.532626018866 -0.000570511913364 -0.00802852687027 0.144305629721 0.00473562490316 0.0173403579354 0.00372378059176 0.0333966272505 0.013789943191 0.0154398318768 0.0170940750083 0.0366736826715 0.0163551303167 0.0367521722635 0.0174978440962 0.00416354424083 0.00779866206632 0.0112257914723 0.0903695886505 0.00337421998327 0.100924755655 0.0229060271801 
