30
0.0754552666066 0.0623593213805 0.0348828940045 0.192324736986 0.0486664598358 0.0459594094694 0.019144788815 0.0549811443135 0.0231907610599 0.0267221777707 0.0253425298527 0.00699576056141 0.0909027791802 0.026417897889 0.0404531955786 0.136312174374 0.107238949757 0.0525709156995 0.079223051944 0.0511846892664 0.0406155741598 0.0874158444094 0.026407260569 0.0220926651793 0.0484031048171 0.0514292405054 0.0448250845436 0.066200000993 0.0395396308246 0.0522856391002 
0.66927634638 0.0332645470102 0.00142017855413 0.0184397182707 0.0141811607164 0.00947408014493 0.0452917023132 0.0161818461883 0.0113617185527 0.0231569771657 0.030977432158 0.018623452087 0.0126230899987 0.0449323055978 0.0544956493798 3.57449944941e-06 0.0226608356213 0.028423780913 0.0388265357461 0.0182128719389 0.041309125306 0.0150089694851 0.0266557655671 0.0156488879234 0.0304306508789 0.0196389946688 0.021630208513 0.046798712876 0.025562286268 -0.000597674146118 
0.0332645470102 0.340796482399 0.0276303523669 0.0794139440658 0.000314732130564 0.0308911297711 0.0147227371752 0.0120605117372 0.00486007804944 0.0231127324848 0.0170834232061 0.00827744844274 -0.00184045336729 0.0309613073822 0.0409969305078 -0.018808927221 0.0536042672804 0.0350323601532 0.00673654698897 0.0418852140293 0.0241044721656 -0.0031864108289 0.0290524233009 0.0155762451859 0.0268488544872 0.0233941908307 0.0123778737003 0.038632164408 0.0210480331116 0.0379793096989 
0.00142017855413 0.0276303523669 0.236498238577 0.0646793194873 0.0150705991634 0.018979797191 0.0173342807598 0.00390337776478 0.0274174548663 0.0170152756223 0.00945388811397 0.00187225300467 -0.00647427431779 0.0310130079792 0.0220960758232 -0.00511665209898 0.0406199623779 0.0225440585906 0.0252325372867 0.0138944232339 0.00950121511848 0.017732535493 0.012460866699 0.00366355165669 0.0211076749548 0.0254174205165 0.0114008955431 0.00272500170528 0.0212410588856 0.0192580586357 
0.0184397182707 0.0794139440658 0.0646793194873 0.669186526565 0.0208686970903 0.0291331066306 0.0237584607067 0.0279110853965 0.0324309452508 0.045982222709 0.0201449182388 0.0151207882158 0.0366484820051 0.0527266367037 0.0800630208289 -0.010589351808 0.0736604711895 0.0457105360648 0.0250698766562 0.062582215176 0.0557797335317 -0.000691520500574 0.0368431226415 0.0369195879274 0.0666684746859 0.0684687828708 0.0263033248007 0.0162430647485 0.016356154668 0.111341540086 
0.0141811607164 0.000314732130565 0.0150705991634 0.0208686970903 0.316681014097 0.0198290023101 0.0183680398643 0.0238289943183 0.00486363661496 0.0128038392185 0.00835354106926 0.0184457558195 0.000193687086404 0.0210530542396 0.0159935857974 -0.0168243894098 0.0192689980009 0.0182920070384 0.0229882231227 0.015807676083 0.0110595291077 0.0030407568148 0.0140385134756 0.0113726828595 0.0279972025323 0.0339749519466 0.0306142561923 -0.0128295703059 0.00435612359374 0.000570375085522 
0.00947408014493 0.0308911297711 0.018979797191 0.0291331066306 0.0198290023101 0.356371820078 0.0229791265199 0.01578589879 0.0494158148682 0.0182570646002 0.014975767637 0.0135764108278 0.00452234557207 0.0155339637126 0.0211445494369 -0.0118825046752 0.0248838394343 0.0352381736793 0.040379185241 0.0165240906905 0.0222656802557 0.0132373335686 0.0245737332415 0.00256783917549 0.0238812946983 0.0291319112057 0.0327747592945 0.0356137062789 0.0287610290796 0.0202845364271 
0.0452917023132 0.0147227371752 0.0173342807598 0.0237584607067 0.0183680398643 0.0229791265199 0.229163508887 0.0100141707022 0.0154559194359 0.0278828740507 0.0214367865771 0.0084549134812 0.0122048271549 0.0289005219288 0.0204249322248 -0.0148965407427 0.0320597353302 0.040369645875 0.0286547364995 0.0106611545505 0.0294316858784 0.00590166410501 0.0379997637912 0.00683568209042 0.0335250030789 0.0421012357754 0.0487749717893 0.0371879581351 0.0220164901964 0.0203759414769 
0.0161818461883 0.0120605117372 0.00390337776478 0.0279110853965 0.0238289943183 0.01578589879 0.0100141707022 0.444169721698 -0.00260242187684 0.013198149735 0.0269072936189 0.00176157837019 -0.0152213650002 -0.000262576229053 0.0412513381797 -0.00949433004286 0.0166390085028 0.0176593729197 0.00749064712933 0.0195286488985 0.0431166715977 0.0209169726079 0.018387478208 -0.00919510521406 0.000244007366568 0.0112348075024 0.00190975376679 0.00609436785857 0.0550588009752 0.0110953916895 
0.0113617185527 0.00486007804944 0.0274174548663 0.0324309452508 0.00486363661496 0.0494158148682 0.0154559194359 -0.00260242187684 0.23413183723 0.0205808566011 0.00879848714964 0.00837315370557 0.00128033234086 0.0143838069154 0.00679855309564 -0.00321941711291 0.0194070478498 0.0196109512214 0.0157646496996 0.00869059836205 0.0275753898262 0.00196284527656 0.0181516488381 0.00828779013266 0.0319983920922 0.0137276877124 0.0132645393892 0.0151358161488 0.0134159534314 0.00467110814705 
0.0231569771657 0.0231127324848 0.0170152756223 0.045982222709 0.0128038392185 0.0182570646002 0.0278828740507 0.013198149735 0.0205808566011 0.190779840909 0.0137501453669 0.0458656488023 0.0125382098453 0.00940905149519 0.023067090563 0.00194510021163 0.0164802606289 0.0101987130031 0.0201900195056 0.00951326918989 0.0363448582523 0.0139250975032 0.0312615576396 0.0253520075022 0.0160907849555 0.0278962503947 0.0147091456715 0.0355574164783 0.00106389353615 0.0218786747993 
0.030977432158 0.0170834232061 0.00945388811397 0.0201449182388 0.00835354106926 0.014975767637 0.0214367865771 0.0269072936189 0.00879848714964 0.0137501453669 0.199831545984 0.00165639960008 -0.00408825680989 0.00860310078976 0.0143446458725 -0.0119579279802 0.0239874394103 0.00384349796863 0.011126568186 0.00860129536781 0.0180359179209 -0.00191647218622 0.0163279288365 0.00540893031555 0.0292840807922 0.0255888487863 0.013921796105 0.00800090186429 0.022989812281 0.0145148214169 
0.018623452087 0.00827744844274 0.00187225300468 0.0151207882158 0.0184457558195 0.0135764108278 0.0084549134812 0.00176157837019 0.00837315370557 0.0458656488023 0.00165639960008 0.150731126777 0.00770469138265 0.00302081851866 0.00164639331132 -0.00746787150214 0.00790571180786 0.00529690803164 0.00446068139245 0.00457226590533 0.0276575588664 0.0158461005485 0.0270276191727 0.0445437992517 0.00333934314057 0.0174423155548 0.0100111064187 0.0168692844766 -0.00676111427557 0.00162210795639 
0.0126230899987 -0.00184045336729 -0.00647427431779 0.0366484820051 0.000193687086403 0.00452234557207 0.0122048271549 -0.0152213650002 0.00128033234086 0.0125382098453 -0.00408825680988 0.00770469138265 0.499438047657 0.0107887504598 0.0117993924606 0.00686397442321 0.0242378451657 -0.00510767964428 0.0184508571683 -0.00109016023693 0.0214316204972 0.0634778265011 0.00693194836053 0.0236030508947 0.0149600328906 0.0231729020804 0.00332262515328 0.0149019062766 0.021006274079 0.0039826625279 
0.0449323055978 0.0309613073822 0.0310130079792 0.0527266367037 0.0210530542396 0.0155339637126 0.0289005219288 -0.000262576229053 0.0143838069154 0.00940905149519 0.00860310078976 0.00302081851866 0.0107887504598 0.265360706549 0.053775630759 -0.00907540794 0.0274609847814 0.0191280457482 0.0266523246617 0.0180087968025 0.0104455474116 0.00388659293027 0.0176781621984 0.00776284153891 0.0571809274631 0.0227787747256 0.031140970399 0.0220856637233 0.0163808618818 0.0400026919151 
0.0544956493798 0.0409969305078 0.0220960758232 0.0800630208289 0.0159935857974 0.0211445494369 0.0204249322248 0.0412513381797 0.00679855309564 0.023067090563 0.0143446458725 0.00164639331132 0.0117993924606 0.053775630759 0.34324643705 -0.00711386133288 0.0328284379034 0.0286755689014 0.0270363565029 0.0364025769759 0.0155059727469 0.00691257876624 0.0180225404493 0.00471008469802 0.029986679678 0.0281487444678 0.0184696178974 -0.00260809174586 0.00650994039089 0.0348163939875 
3.57449944866e-06 -0.018808927221 -0.00511665209898 -0.010589351808 -0.0168243894098 -0.0118825046752 -0.0148965407427 -0.00949433004286 -0.00321941711291 0.00194510021163 -0.0119579279802 -0.00746787150214 0.00686397442321 -0.00907540794 -0.00711386133288 1.94258028712 -0.0132201016174 -0.0151666676001 0.00721777076275 -0.0208375466612 0.00887801193597 -0.00348504229686 -0.00772447515983 0.00813528474792 -0.0166229038008 -0.00925161352259 -0.0135558863226 0.0134692195271 -0.0106699601343 -0.0141324553992 
0.0226608356213 0.0536042672804 0.0406199623779 0.0736604711895 0.0192689980009 0.0248838394343 0.0320597353302 0.0166390085028 0.0194070478498 0.0164802606289 0.0239874394103 0.00790571180787 0.0242378451657 0.0274609847814 0.0328284379034 -0.0132201016174 0.475595215831 0.0511048768062 0.0257925387215 0.0217685386206 0.0310967494236 0.0561546927527 0.0450350926735 0.00163825130825 0.0393291114193 0.0368285934405 0.0277379696298 0.0410586688662 0.0191138279997 0.0462337693291 
0.028423780913 0.0350323601532 0.0225440585906 0.0457105360648 0.0182920070384 0.0352381736793 0.040369645875 0.0176593729197 0.0196109512214 0.0101987130031 0.00384349796863 0.00529690803164 -0.00510767964428 0.0191280457482 0.0286755689014 -0.0151666676001 0.0511048768062 0.32717484541 0.0261610493433 0.0231529651529 0.0179053722933 0.015982743732 0.0212127148068 0.00963667487942 0.0119051286075 0.028689867369 0.0336805239477 0.0211833416109 0.0230077658819 0.0151258544214 
0.0388265357461 0.00673654698898 0.0252325372867 0.0250698766562 0.0229882231227 0.040379185241 0.0286547364995 0.00749064712933 0.0157646496996 0.0201900195056 0.011126568186 0.00446068139245 0.0184508571683 0.0266523246617 0.0270363565029 0.00721777076275 0.0257925387215 0.0261610493433 0.394509641392 0.0258510620639 0.0214099693839 0.0344818871032 0.0126268089475 0.0204632865129 0.0334694279901 0.0193316035812 0.0209889070068 0.0233993349208 0.02324582871 0.00892104535614 
0.0182128719389 0.0418852140293 0.0138944232339 0.062582215176 0.015807676083 0.0165240906905 0.0106611545505 0.0195286488985 0.00869059836205 0.00951326918989 0.00860129536781 0.00457226590532 -0.00109016023693 0.0180087968025 0.0364025769759 -0.0208375466612 0.0217685386206 0.0231529651529 0.0258510620639 0.338221921126 0.0175121416441 0.0289032802133 0.00403423072617 0.0164613040604 0.00694836707114 0.0119060323617 0.0173444694848 -0.00304391854679 0.0194336966037 0.0156147902671 
0.041309125306 0.0241044721656 0.00950121511848 0.0557797335317 0.0110595291077 0.0222656802557 0.0294316858784 0.0431166715977 0.0275753898262 0.0363448582523 0.0180359179209 0.0276575588664 0.0214316204972 0.0104455474116 0.0155059727469 0.00887801193597 0.0310967494236 0.0179053722933 0.0214099693839 0.0175121416441 0.218593542666 0.026196216755 0.0272241405048 0.033099850034 0.025188892526 0.0280660351662 0.0251253505075 0.063557393424 0.0192870812972 0.0248948049971 
0.0150089694851 -0.0031864108289 0.017732535493 -0.000691520500575 0.0030407568148 0.0132373335686 0.00590166410501 0.0209169726079 0.00196284527656 0.0139250975032 -0.00191647218622 0.0158461005485 0.0634778265011 0.00388659293027 0.00691257876624 -0.00348504229686 0.0561546927527 0.015982743732 0.0344818871032 0.0289032802133 0.026196216755 0.558451805487 -0.0037510953635 -0.00152824028836 0.00950333932215 0.0431666815753 0.0229037815188 0.00858321396692 0.0099540300513 0.0165751461069 
0.0266557655671 0.0290524233009 0.012460866699 0.0368431226415 0.0140385134756 0.0245737332415 0.0379997637912 0.018387478208 0.0181516488381 0.0312615576396 0.0163279288365 0.0270276191727 0.00693194836053 0.0176781621984 0.0180225404493 -0.00772447515983 0.0450350926735 0.0212127148068 0.0126268089475 0.00403423072617 0.0272241405048 -0.0037510953635 0.20960178795 0.0200723395515 0.0178879300827 0.0337959164123 0.0281942011719 0.0212124172234 0.0132250574576 0.0259010269915 
0.0156488879234 0.0155762451859 0.00366355165669 0.0369195879274 0.0113726828595 0.00256783917549 0.00683568209042 -0.00919510521406 0.00828779013266 0.0253520075022 0.00540893031555 0.0445437992517 0.0236030508947 0.00776284153891 0.00471008469802 0.00813528474792 0.00163825130825 0.00963667487942 0.0204632865129 0.0164613040604 0.033099850034 -0.00152824028836 0.0200723395515 0.234291695542 0.00779911221131 0.0238340483287 0.000766717903164 0.0289009222746 0.00153652024426 0.00197851307004 
0.0304306508789 0.0268488544872 0.0211076749548 0.0666684746859 0.0279972025323 0.0238812946983 0.0335250030789 0.000244007366568 0.0319983920922 0.0160907849554 0.0292840807922 0.00333934314058 0.0149600328906 0.0571809274631 0.029986679678 -0.0166229038008 0.0393291114193 0.0119051286075 0.0334694279901 0.00694836707114 0.025188892526 0.00950333932215 0.0178879300827 0.00779911221131 0.258690991924 0.0348057583247 0.00636759806436 0.0134670923309 0.00715122965573 0.0543284960847 
0.0196389946688 0.0233941908307 0.0254174205165 0.0684687828708 0.0339749519466 0.0291319112057 0.0421012357754 0.0112348075024 0.0137276877124 0.0278962503947 0.0255888487863 0.0174423155548 0.0231729020804 0.0227787747256 0.0281487444678 -0.00925161352258 0.0368285934405 0.028689867369 0.0193316035812 0.0119060323617 0.0280660351662 0.0431666815753 0.0337959164123 0.0238340483287 0.0348057583247 0.206864105531 0.0213881079093 0.0332960274775 0.0228918083791 0.0346925301088 
0.021630208513 0.0123778737003 0.0114008955431 0.0263033248007 0.0306142561923 0.0327747592945 0.0487749717893 0.00190975376679 0.0132645393892 0.0147091456715 0.013921796105 0.0100111064187 0.00332262515328 0.031140970399 0.0184696178974 -0.0135558863226 0.0277379696298 0.0336805239477 0.0209889070068 0.0173444694848 0.0251253505075 0.0229037815188 0.0281942011719 0.000766717903164 0.00636759806436 0.0213881079093 0.246850055816 0.0170600313832 0.0354140660348 0.0289187522394 
0.046798712876 0.038632164408 0.00272500170528 0.0162430647485 -0.0128295703059 0.0356137062789 0.0371879581351 0.00609436785857 0.0151358161488 0.0355574164783 0.00800090186429 0.0168692844766 0.0149019062766 0.0220856637233 -0.00260809174586 0.0134692195271 0.0410586688662 0.0211833416109 0.0233993349208 -0.00304391854679 0.063557393424 0.00858321396692 0.0212124172234 0.0289009222746 0.0134670923309 0.0332960274775 0.0170600313832 0.648977092961 0.030194474544 0.00984336227426 
0.025562286268 0.0210480331116 0.0212410588856 0.016356154668 0.00435612359374 0.0287610290796 0.0220164901964 0.0550588009752 0.0134159534314 0.00106389353615 0.022989812281 -0.00676111427557 0.021006274079 0.0163808618818 0.00650994039089 -0.0106699601343 0.0191138279997 0.0230077658819 0.02324582871 0.0194336966037 0.0192870812972 0.0099540300513 0.0132250574576 0.00153652024426 0.00715122965573 0.0228918083791 0.0354140660348 0.030194474544 0.298990616175 0.00958723411922 
-0.000597674146117 0.0379793096989 0.0192580586357 0.111341540086 0.000570375085522 0.0202845364271 0.0203759414769 0.0110953916895 0.00467110814705 0.0218786747993 0.0145148214169 0.00162210795639 0.0039826625279 0.0400026919151 0.0348163939875 -0.0141324553992 0.0462337693291 0.0151258544214 0.00892104535614 0.0156147902671 0.0248948049971 0.0165751461069 0.0259010269915 0.00197851307004 0.0543284960847 0.0346925301088 0.0289187522394 0.00984336227426 0.00958723411922 0.2842808213 

['TIF', 'DE', 'AVY', 'FCX', 'STZ', 'MBI', 'HD', 'MIL', 'ALL', 'GAS', 'LLY', 'DTE', 'AES', 'MWV', 'LPX', 'KMI', 'R', 'SPLS', 'INTU', 'NCR', 'SPG', 'IGT', 'NCC', 'CMS', 'IP', 'MER', 'COST', 'AVP', 'YUM', 'AA']