60
0.123926899062 0.040534814632 0.114001255301 0.0570579479668 0.0672535079153 0.0188066159349 0.060830846045 0.0377989606714 0.136312174374 0.371102806834 0.0272516352802 0.0254158643172 0.0278380444533 0.0399774891594 0.0654803135324 0.0251604878384 0.103194060275 0.0355019489908 0.0782010317916 0.146363775453 0.0248078828137 0.0594687244428 0.0406155741598 0.044891801276 0.0352458247454 0.0690593134036 0.0214039426083 0.0223320424584 0.110783759143 0.0260517267587 0.0635798530397 0.126302472887 0.0565521495323 0.0265193363437 0.0314738433907 0.0623593213805 0.0780955523414 0.188050706821 0.029419367 0.0307440439862 0.0623322546876 0.13159191543 0.0348828940045 0.0449680709256 0.123248136701 0.0331056926512 0.0441448787565 0.0991765707177 0.0715007016099 0.0831725949645 0.0304536481296 0.104005811155 0.0335319673985 0.166074759161 0.103528049483 0.0266042550295 0.0459594094694 0.0592302274211 0.0340754658053 0.061476397973 
0.899046269702 0.00469521586863 0.00720310403408 0.0116335300428 0.0257781650394 0.00276175262251 0.0251049749716 0.0315905358684 -0.00828138575225 0.00403537448743 -0.000925222423352 0.0324096856756 -0.00795599410747 -0.0130160210149 -0.000486855990433 0.00762655091618 0.0250231783548 -0.0035180827009 0.00707563011508 -0.00814642875679 -0.00837540620137 0.0300207099113 -0.00138236191641 0.00456819999453 -0.00575363194805 0.0181857141932 0.00381630508106 -0.00210710645273 0.0066103729191 0.00697831822068 0.0643059246715 0.000444235814986 -0.00148684439725 0.00995154817791 0.000119953750266 0.0159675617925 -0.00168323379778 0.0780952321456 0.026672066407 0.0164230488915 0.00583702000096 0.0404518043888 0.021338461368 0.00391631126189 0.024729010895 0.0171912324359 -0.00689328754854 0.0167559528674 0.00560104899166 0.0126385575173 0.0054261876365 0.00179254115275 0.0108580719471 0.065716122202 0.0199472286454 0.0243778162224 0.00489766661361 0.0156649752663 0.00334306331224 0.0459218216681 
0.00469521586863 0.530977902199 -0.00161435143628 -0.00285749406225 -0.00187797881333 -0.00839581751756 0.00126519489484 -0.0155438661333 -0.00574632990162 0.0110714127573 -0.00586379771266 -0.00424739428119 0.00290033765567 -7.36392576279e-05 -0.00763343964864 0.000473814555383 0.00286723506219 0.0104312906833 -0.0130932920017 0.0109059882807 0.0135749799692 -0.00433102357471 0.0210254338557 -7.72163053254e-05 -0.00157448824509 0.0084024877527 -0.00159712413947 -0.00021518137627 -0.0124665751851 0.00902106765412 -0.00637758304606 0.00388398078663 0.00805674616729 0.0212318251703 -0.0100603734577 0.0158106462025 0.00869631134621 0.0202339916125 0.0165494518186 0.00642276860053 -0.0057965448018 0.0110157041035 0.00625670316989 0.0134858242541 0.0068557461827 0.0268163575334 0.000337325070248 -0.0133404075489 0.00499206406556 0.00501964236809 -0.00207656755603 -0.00139068732053 0.00951339729714 -0.00587658198589 0.0298412464825 0.00441530691897 0.00423458181428 0.0343779636995 0.00320103361674 -0.00529030760891 
0.00720310403408 -0.00161435143628 1.13772779904 -0.00274722637806 -0.00384870376484 -0.0150817179271 0.000607009031869 0.00811946989496 -0.0116431516025 0.00264953727121 -0.00598309721316 0.0176621896827 -0.00696723001212 0.021733181513 -0.00882342548513 -0.00115640738958 -0.00211386023872 0.00492038571817 -0.00376408393222 0.00327049298919 -0.00268957557948 0.00338077679943 -0.00586817439873 0.00702402248802 -0.0142048087608 0.0040211139667 0.019621501102 -0.00240479469082 0.010016292911 -0.00481119240171 -0.013288316046 0.0236255258077 0.00349282598352 0.00395801267973 -0.000142054744318 -0.00844786905596 -0.012983517954 0.0198436859903 0.021019384707 -0.0149450402557 -0.00867456475916 0.00231915009085 0.00652451976545 0.0159344857159 -0.00354576389045 0.000164473719985 0.00644662967419 0.00166699233365 -0.0157792016995 0.00314502039238 0.00233410327391 -0.00319543366952 -0.00676374677186 0.0205163277722 0.00947693164845 -0.00402989005131 0.0151149422633 0.0165353433749 -0.00640021444684 0.00467562277076 
0.0116335300428 -0.00285749406225 -0.00274722637806 0.325968761619 0.00768047612979 0.0122940719504 0.0223881714111 0.0113163670866 0.00957772450095 0.0518639524751 0.0190859107171 0.025442848557 0.0154197354398 -0.00474101576533 0.000660163584344 0.0159493493169 -0.0197260430532 0.0309890789192 0.012808466455 -0.00072467976229 0.00559937992628 -0.00701453949754 0.00937012671894 0.012662378875 0.00126971666847 0.0304010286141 -0.00266499551477 0.00492393424925 0.0199093497477 0.00971575706163 0.00876222554891 0.0126388308781 0.0294954780705 0.00735510017933 0.00909532976102 0.0324767647782 0.0143891379566 0.00848522181314 0.0205262840243 0.012295386265 0.012194668273 0.029719749162 0.015614720569 0.00728889102152 -0.0038768552739 0.0130550925335 0.0251520202959 0.000681191859376 0.0099757852222 0.00595539795137 0.0149311058422 0.0186439324394 0.0165380376134 0.0275385046792 0.00768089437952 0.0127572896626 0.0226167656602 0.0149007337731 0.00142595010307 0.0219641894375 
0.0257781650394 -0.00187797881333 -0.00384870376485 0.00768047612979 0.329542120623 0.0400665598338 0.0339463284298 0.0226652002639 -0.00345245238633 0.0282067604915 0.00876859178222 0.010034454693 0.00804698948966 0.000775327221968 0.0250691130141 0.0232961997904 0.0367843950001 0.0252450446685 0.0169616193278 0.00392839112616 0.00720406980042 0.0339127348458 0.0195160231178 0.027694543463 0.0282467568962 0.0127423159943 0.0253870509065 -0.00244615317943 0.0349817715949 0.0247219328904 0.0446323802013 -0.00409773614066 0.0256018494858 0.0086307375001 0.0112966210248 0.0232322033142 0.0381144697266 0.0149406406729 0.0127541266256 0.0206681217518 0.0262345250025 0.00339608787243 0.00867921244816 0.0186848690756 0.0260421898755 0.0314394517854 0.0350918211212 -0.00245719295676 0.0573227303687 0.0166182567634 0.0289641806144 0.0699145737182 0.0230441709395 0.0121911049661 0.00811546985578 0.0268721331923 0.00617684785081 0.0116938501147 -0.00209332043097 0.0273382495414 
0.00276175262251 -0.00839581751756 -0.0150817179271 0.0122940719504 0.0400665598338 0.187915692663 0.0179058602726 0.000477094466752 -0.0191597656277 -0.00236796528603 -0.000765310886548 0.0109608739509 0.0118103481803 0.00133924709154 0.0266157128231 0.00515056719258 0.00578147684322 0.00583915421464 0.0355752686626 0.00528345388768 0.00352879934785 0.0195997025575 0.0193467544325 0.0141937053184 0.00915883865411 0.00680156842486 0.00876825562644 -0.00143279456054 0.0247296818971 0.0240887897086 0.0114877979231 -0.00197708867099 0.0109869116785 0.0131439372625 0.0177219374687 0.0260646816084 0.0187390621298 0.0141365020196 -0.0045179819399 0.0231266127589 0.0165242742597 0.000947551257695 0.0100529295539 0.0155600776238 0.000451001907005 0.00771558480126 0.0122570978091 -0.0138066939351 0.0216298378426 0.0308525440823 0.00553031581904 0.0344263669154 0.0230182640973 0.0211699294467 -0.00326563402124 0.0187270346943 0.0182730098776 0.0127398239161 0.0120071298494 0.0309200967301 
0.0251049749716 0.00126519489484 0.000607009031869 0.0223881714111 0.0339463284298 0.0179058602726 0.274713700544 0.0327079119855 -0.0105027831068 0.0258770400601 0.0239846299968 0.0196104423699 0.00611269156785 0.00234843947948 0.0187419404591 0.0257552493941 0.0152436976422 0.0261414048601 0.0214035682046 0.00646098335161 0.0146555668055 0.000960644923772 0.0168945289578 0.0194644334971 0.034201677876 0.0173623511797 0.0220306789491 0.00112190381154 0.0288170097064 0.0161347120789 0.038313485491 0.0127064325835 0.0156049241703 0.00861968327894 0.0218896765826 0.0159525633506 0.0321907605542 0.0445496581808 0.0134321508663 0.0212397701102 0.00280806378673 0.0164338338553 0.0157504205926 0.027360900178 0.0146405347564 0.0176772996227 0.0428344951067 0.00176379336642 0.020488649323 0.0268071387097 0.0298940877461 0.0429148746109 0.0174884154549 0.0286390839742 7.64675470005e-05 0.0235855674071 0.0246702630313 0.0130164198598 0.0133103283099 0.0939162315887 
0.0315905358684 -0.0155438661333 0.00811946989496 0.0113163670866 0.0226652002639 0.000477094466753 0.0327079119855 0.323255386513 -0.00848467357149 0.056755490902 0.00803529635612 0.0266010325433 -0.000240769449186 -0.0168513259307 0.0444026478143 0.00785849437131 0.0350070359294 0.0209129292948 0.0382809176991 0.0243816309777 0.0119687326991 0.0317523354294 0.0114280690144 0.0146902739035 0.0325710925284 0.0135981417984 0.0245453978766 -0.00175781036847 0.0843980236027 0.017096564844 0.040489738678 0.0273551395189 0.0217503200763 0.014903324535 0.0292189825596 0.020792666509 0.016171622191 0.0541826097034 0.00297453872692 0.0142852939933 0.0125356850978 0.0384928476537 0.0282697225331 -0.00261704461969 0.033644999162 0.00958148168984 0.0289254008058 0.00350968833281 0.0122574763756 0.0226589342446 0.0153724098214 0.0451289063263 0.0237211555084 0.0431058078624 -0.000546581323005 0.031140072886 0.0171332509676 0.0126741399915 0.00418984263398 0.0475173366701 
-0.00828138575225 -0.00574632990162 -0.0116431516025 0.00957772450095 -0.00345245238633 -0.0191597656277 -0.0105027831068 -0.00848467357149 1.94199322781 -0.0219107168 -0.000710671891498 0.00227260252468 -0.0055067587378 0.00347287890859 -0.0104702120027 -0.0110282417523 -0.0126808007319 -0.0146882391447 -0.000261588654437 -0.000966433857253 -0.000919096606629 -0.010061123366 0.0100927805584 -0.00834542290776 -0.009827296835 -0.0192334064903 -0.00276880123644 -0.00846774307686 -0.00376120904662 -0.00618278159031 -0.00346574073781 -0.00264634968423 -0.0186878353913 -0.00384655290515 -0.00697315429818 -0.0175458437881 0.00538375786487 -0.0172873187405 -0.00656159227384 0.00384489552244 0.00201202828062 0.000990456380312 -0.00426817724004 0.0121341467541 -0.00684741919633 -0.000876940270847 -0.00961191848948 -0.00270583756707 0.00388745724282 -0.0145526846092 -0.0102294020352 -0.0118870483834 -0.010880514829 -0.0242533202551 0.00732244340221 -0.00928476629884 -0.0108586799583 -0.00125199610623 -0.00757372729766 -0.0145711004067 
0.00403537448743 0.0110714127573 0.00264953727121 0.0518639524751 0.0282067604915 -0.00236796528603 0.0258770400601 0.056755490902 -0.0219107168 1.23530322685 0.00668020138185 0.013313740272 -0.00240356242534 0.00656556569183 0.0162207914359 -0.00650170971376 0.0454877724441 0.0259244039326 0.0431959393414 0.0227076386226 0.0103950141523 0.0454812820764 0.0223309095727 0.0359952103213 0.020446574111 0.00909451348814 0.0342651154945 0.00896504929346 0.0619093126661 0.0273081561688 -0.0151002858927 0.0383482803912 0.0240271167649 0.0130299912072 0.00723974527137 0.0273128103548 0.0830861780718 0.0396282483457 0.0125809697169 0.0196081082227 -0.0137787708148 0.0926630103081 0.0197623535551 0.0106087389775 0.0324414828344 0.0165693228776 0.0257149403019 0.0442990005689 0.0338075126693 -0.00572551991689 -0.00414936623133 0.078925825012 0.0301566890675 0.0342616279751 0.0393993575279 0.00480565530669 0.0210400892057 0.0348960225439 0.0120127184496 0.0408104126036 
-0.000925222423352 -0.00586379771266 -0.00598309721316 0.0190859107171 0.00876859178222 -0.000765310886548 0.0239846299968 0.00803529635612 -0.000710671891498 0.00668020138185 0.218650172915 0.00636650676018 0.0180306025808 0.000224068603261 0.00925893220434 0.00662709819535 -0.0038962967095 0.0245363172328 0.0015383747796 -0.00162081971791 0.018358415131 -0.0090362886158 0.0177323712732 0.00630448033477 0.0131161203911 0.00426082444088 0.00244577836314 0.00667663711418 0.0076268275223 0.00619461092535 -0.000758967994512 0.0106398315238 0.0119720533594 0.00812268048817 0.0171615182619 0.0148395216324 0.0194294246837 0.0280098213496 -0.000354547663947 0.0253537261437 -0.000591554215006 0.0213515989358 0.0430481825174 -0.00558437115171 0.00420379453934 0.0122801581554 0.00718841953826 0.0185226784726 0.00111292732478 -0.0102692194614 0.0131628768851 0.0129733476225 -0.00282243397154 0.00652284038738 0.0130259833307 0.0109451980627 0.00744151026416 0.00773601181497 0.00046803398312 0.00217605772578 
0.0324096856756 -0.00424739428119 0.0176621896827 0.025442848557 0.010034454693 0.0109608739509 0.0196104423699 0.0266010325433 0.00227260252468 0.013313740272 0.00636650676018 0.285953215781 0.00860928712974 0.00565632589479 0.0316654605501 0.0121693495698 0.0109737926913 0.0100269795051 0.0169650929594 0.00332430493986 0.00832491705116 0.0139794973189 0.00849065219685 0.0196394048812 0.00724212855484 0.0145228460434 0.0204506657026 0.00760200914177 0.0222527620746 0.0139804572302 -0.00507555721541 -0.00105387041594 0.0168354757342 0.012014089567 0.0139558542805 0.0235196309163 -0.0140667349743 0.0327320803488 0.000236603238594 0.0148815782592 0.000133864061202 0.0193172808963 0.0145228408195 0.00577788011321 0.0275892920002 0.0165144812002 0.0158856621792 -0.0123517993953 0.0162460195073 0.00489442260404 0.0243189080457 0.0423922663413 0.031952754933 0.0131445114647 0.00749841219274 0.0113105956148 0.0405237357236 0.0128350515895 0.00812971406705 0.0271698486943 
-0.00795599410747 0.00290033765567 -0.00696723001212 0.0154197354398 0.00804698948966 0.0118103481803 0.00611269156785 -0.000240769449186 -0.0055067587378 -0.00240356242534 0.0180306025808 0.00860928712974 0.180606733933 0.00966181017551 0.00599946531742 0.0213295503758 0.00102555260697 0.0279287260022 0.00937040686884 0.0121030838091 0.00656594818 0.0107119127243 0.0149976061937 0.0215276421924 0.0145473696222 -0.00206875104756 -0.00447505455715 0.023724484785 0.0143915439051 -0.000136225871102 -0.00419662268659 0.000202490109724 0.00332971734258 0.00191352324489 0.00714269824394 0.00946211829119 -0.00211013467795 0.00338629996113 0.0151029483606 0.0140989040951 -0.00479572700543 -0.0100120786759 0.00870977455181 0.00580974753596 0.0155925733237 0.00586942441866 0.0130739916659 -0.0205608137663 0.0105258464803 0.00485650589789 0.0112388753421 0.00344564452554 0.00860061041092 0.0231511501115 -0.0150742405814 0.0124361898432 0.0119154868388 0.007891153546 0.00886585706184 0.0108847239664 
-0.0130160210149 -7.36392576277e-05 0.021733181513 -0.00474101576533 0.000775327221968 0.00133924709154 0.00234843947948 -0.0168513259307 0.00347287890859 0.00656556569183 0.00022406860326 0.00565632589479 0.00966181017551 0.429836933694 -0.00427647039563 0.00637142517834 -0.00188843566567 -0.000405948139157 0.107280318945 0.00299704034755 0.00622039148401 0.0033040585993 0.00699408875214 0.00764112019497 0.0013144788158 -0.00448907681086 -0.00916524421062 -0.00370111631343 0.0548538796224 -0.00266055527853 0.0161687470723 -0.0118100362438 -0.000960912645075 -0.00363209140133 -0.0107693813366 -0.0126972777826 0.00604359619484 -0.00135939880009 0.0317630658527 -0.00703171979734 -0.0112947271155 -0.0120123692758 -0.00490762640478 0.0172846611557 0.0015411689688 0.0161350516797 -0.0015168755563 -0.0157710081791 -0.00840189268775 0.0144732668577 0.00285140990787 -0.00833309713208 -0.0138553499326 -0.0105605619347 0.00697405497705 -0.00684442302757 0.0119275213335 -0.00470669556903 -0.00308513884466 0.00785113547781 
-0.000486855990433 -0.00763343964864 -0.00882342548513 0.000660163584344 0.0250691130141 0.0266157128231 0.0187419404591 0.0444026478143 -0.0104702120027 0.0162207914359 0.00925893220434 0.0316654605501 0.00599946531742 -0.00427647039563 0.388501932227 0.0104964116532 0.0507480847441 0.0193728748881 0.0258850907975 0.0111665992343 0.0038227648529 0.00900254718596 0.0258877954563 0.0251971664517 0.0152106550391 0.00927594573759 0.0243384239604 0.00207151818595 0.0291604763636 0.0249189167695 0.0202443223815 0.00631631102029 0.0241167023554 0.00502756341783 0.0178235434023 0.0334941621392 0.00766616340734 0.0448753011773 0.0130865639049 0.0138388969741 0.010049558941 0.0256330624892 0.00850845005201 0.0149041338216 0.00971048785898 0.0103572161501 0.0169866089937 0.00597711222577 0.0160962591076 0.0261196901576 -0.00319825423829 0.0510144723685 0.0283117932771 0.0457042763686 0.00735433765515 0.0164740251875 0.035653500259 0.00477738535607 0.0115879025823 0.0221362949854 
0.00762655091618 0.000473814555382 -0.00115640738958 0.0159493493169 0.0232961997904 0.00515056719258 0.0257552493941 0.00785849437131 -0.0110282417523 -0.00650170971376 0.00662709819535 0.0121693495698 0.0213295503758 0.00637142517834 0.0104964116532 0.167759580657 0.0225416858148 0.0161656044775 0.00270001823986 0.00874315467137 0.0118898189343 0.00732746928563 0.0164904913958 0.0142211252605 0.00992588988253 0.0135825330163 0.00333580083363 0.00193850336296 0.0169236577723 0.0113235317006 0.0315309626941 0.0123140801118 0.0118504586788 0.014590798008 0.0262081787056 0.0144544038455 4.11161552906e-05 -0.00535196996363 0.0127889287785 0.0200506402248 0.0188603097504 -0.00175187194684 0.00851736817651 0.00723889380159 0.0104621172887 0.0244343354346 0.0380224115703 -0.000786360220292 0.00262199710677 0.00805282467467 0.0446048713271 0.0165361103626 0.0146432595849 0.0160435284312 0.00792558904675 0.0185528522458 0.0129095461503 0.0126757237683 0.0099663924347 0.0234867108968 
0.0250231783548 0.00286723506219 -0.00211386023872 -0.0197260430532 0.0367843950001 0.00578147684322 0.0152436976422 0.0350070359294 -0.0126808007319 0.0454877724441 -0.0038962967095 0.0109737926913 0.00102555260697 -0.00188843566567 0.0507480847441 0.0225416858148 0.541826089866 0.0121866006301 0.0174608576584 0.0120513897059 0.00885770368269 0.0369326839165 0.0370143102782 0.0279954471992 0.0161038381941 0.0119938946559 0.0402254692887 0.00928098921204 0.0731428901758 0.0418633951831 0.0259069436082 0.0186010210409 0.0231140369692 0.00966518338821 0.00673349669801 0.0568972304646 0.011259270955 0.141878167515 0.0172973023358 0.0516803807128 0.016002606012 0.061944097514 -0.00743567222904 0.0135821024562 0.0370514974979 0.0226705506414 0.0314811778722 0.000371684671884 -0.00103132020812 0.015634703023 0.0113812909345 0.0538966885306 0.0319493098955 0.0352424797766 0.02808147202 0.0186164100121 0.0166401387277 0.041011706564 -0.00103670467059 0.0272845443402 
-0.0035180827009 0.0104312906833 0.00492038571817 0.0309890789192 0.0252450446685 0.00583915421464 0.0261414048601 0.0209129292948 -0.0146882391447 0.0259244039326 0.0245363172328 0.0100269795051 0.0279287260023 -0.000405948139157 0.0193728748881 0.0161656044775 0.0121866006301 0.304226362842 0.0129888184574 0.00705070296404 0.0114290610072 0.0155380261126 0.0134679831249 0.0140122500227 0.0171103495285 0.0250409475392 0.0113856571382 0.0173740789162 0.0117616811148 -0.00105733882171 0.0319444689504 -0.00270662899654 -0.0058284075307 0.0113759747802 0.0260745087626 0.0201590894011 0.00858391260791 0.0340651695555 0.0170612153346 0.0173085612462 -0.000903373639974 0.0207111951112 0.0199808869324 6.67622298955e-05 0.00473017079904 0.0162985876013 0.0110690898559 0.0207808330732 0.00937858217544 0.0543863475036 0.0102652947797 -0.00649143270942 0.0261603531907 0.00262817910327 -0.00358854617788 0.00391952612209 0.0275876322395 0.00289079854052 0.00196139472123 0.0194494328816 
0.00707563011508 -0.0130932920017 -0.00376408393222 0.012808466455 0.0169616193278 0.0355752686626 0.0214035682046 0.0382809176991 -0.000261588654438 0.0431959393414 0.0015383747796 0.0169650929594 0.00937040686884 0.107280318945 0.0258850907975 0.00270001823986 0.0174608576584 0.0129888184574 0.363828417148 0.0178486049727 0.019045401515 0.0284865875515 0.0175878152502 0.0074238243899 0.0108671225006 0.0108328861197 0.0101168890534 0.000415473113587 0.0722417401949 0.0200156292978 0.0168549680207 0.00955668570256 0.0019698756726 0.00145484574609 -0.000238571032505 0.0144806214347 0.0218175160284 0.0406955020129 0.0122128219097 0.018161538487 0.0146880380656 0.0317704148862 0.0054448794616 0.000963697715481 0.00366343856507 0.0127812808286 0.0242772230574 0.00470413529638 0.0329959290239 0.0398842371962 0.0179186375805 0.0389420610717 0.0201030573417 0.016450253562 0.0139664037844 0.0119621373501 0.0409502833627 0.0199075033953 0.00507535168176 0.0304254651526 
-0.00814642875679 0.0109059882807 0.00327049298919 -0.00072467976229 0.00392839112616 0.00528345388768 0.00646098335161 0.0243816309777 -0.000966433857253 0.0227076386226 -0.00162081971791 0.00332430493986 0.0121030838091 0.00299704034755 0.0111665992343 0.00874315467137 0.0120513897059 0.00705070296404 0.0178486049727 0.98034951466 0.0107052207775 -0.000922485260215 0.0188927964267 0.0126044249033 0.00552489413553 -0.00953117385868 0.0185399296833 -0.0142870413199 0.00171084015518 0.0122811529028 0.024038217886 0.0463261459532 -0.000275255714212 0.0103113881703 0.0083067319669 0.0232658079635 0.0109552144158 -0.00800505331014 0.00968979036339 0.00155241612579 0.00305897115461 0.0253555719695 0.00253909040495 0.0191024875138 0.0300429826792 -0.000286418773415 0.0393378257499 -0.00899349865663 -0.0106886881428 0.00269253256189 0.0104879478055 0.0007800960311 0.00692518026433 0.0140137410919 0.0071841758187 0.00354855588356 0.00482056724703 0.0457966810617 0.00704348842123 0.00626323642671 
-0.00837540620137 0.0135749799692 -0.00268957557948 0.00559937992628 0.00720406980042 0.00352879934784 0.0146555668055 0.0119687326991 -0.000919096606629 0.0103950141523 0.018358415131 0.00832491705116 0.00656594818 0.00622039148401 0.0038227648529 0.0118898189343 0.00885770368269 0.0114290610072 0.019045401515 0.0107052207775 0.205692032563 0.00131046796984 0.0126118172201 0.0458105514143 0.00490417594667 0.0121963068913 0.0235432057989 -0.000634593951151 0.0257394215551 0.00795486167198 0.00795688347351 0.0102161304082 0.00436800033052 0.018352212541 0.0158058839135 0.00783301857923 0.000962665429109 0.0152841239116 0.00190401065982 0.0156313256633 -0.00101678898155 0.017199703721 0.0127900523001 0.0124755849473 0.000712156914875 0.00899315304039 0.0081183249034 -0.0031537242606 -0.00101437865397 0.0271079967233 0.0110813026267 0.0235394729772 0.0150582313668 0.00907931229294 0.0162536051051 0.0260411813329 0.00945625485659 0.0148486042075 0.0088300549632 0.0163212419373 
0.0300207099113 -0.00433102357471 0.00338077679943 -0.00701453949754 0.0339127348458 0.0195997025575 0.000960644923772 0.0317523354294 -0.010061123366 0.0454812820764 -0.0090362886158 0.0139794973189 0.0107119127243 0.0033040585993 0.00900254718596 0.00732746928563 0.0369326839165 0.0155380261126 0.0284865875515 -0.000922485260215 0.00131046796984 0.400343814011 -0.0121084762834 0.0164299341398 0.0142078622725 0.0161078066665 0.0299372360074 0.00880000894306 0.0340567555303 0.031334652758 0.0132281442039 0.00525031358959 0.0174195666539 0.0225753697721 -0.00122884992814 0.0234178834043 0.0125235825798 0.0164834734228 0.00536119004249 0.00856767851443 0.0242823802132 0.0286427138036 0.0170373701662 -9.81784696557e-05 0.019542723305 0.00866431016852 0.0103469166701 0.0329085492557 0.0174580336874 0.0123876144737 0.0112843902514 0.0243047342163 0.0114616675452 0.0031692348098 -4.13509607868e-05 0.0134370645816 0.0191641511816 -0.000362843086015 -0.00226605077343 0.0169603503424 
-0.00138236191641 0.0210254338557 -0.00586817439873 0.00937012671894 0.0195160231178 0.0193467544325 0.0168945289578 0.0114280690144 0.0100927805584 0.0223309095727 0.0177323712732 0.00849065219685 0.0149976061937 0.00699408875214 0.0258877954563 0.0164904913958 0.0370143102782 0.0134679831249 0.0175878152502 0.0188927964267 0.0126118172201 -0.0121084762834 0.213611160532 0.0270907505492 0.0128070461486 -0.00309247203845 0.0261916828625 0.00349856014478 0.0210760657739 0.014397006834 0.0401225064611 0.0109260792617 0.00940393059798 0.0134359821655 0.0102472118289 0.0178568455249 0.00877496551005 0.0214731316852 0.0284629632268 0.0498282258474 -0.00077849780934 0.0302669449636 0.00281593201201 0.015911101689 0.0386595674158 0.0282284520367 0.0319921584699 -0.00265856570642 0.0172722155733 0.0265805120614 0.0412150734437 0.016566931884 0.0188076881021 0.0414351310666 0.0218232829831 0.0182133965453 0.0199141903166 0.0154019435569 0.0184104130005 0.0200581807488 
0.00456819999453 -7.72163053255e-05 0.00702402248802 0.012662378875 0.027694543463 0.0141937053184 0.0194644334971 0.0146902739035 -0.00834542290776 0.0359952103213 0.00630448033477 0.0196394048812 0.0215276421924 0.00764112019497 0.0251971664517 0.0142211252605 0.0279954471992 0.0140122500227 0.0074238243899 0.0126044249033 0.0458105514143 0.0164299341398 0.0270907505492 0.324871972614 0.0138744063193 0.0170548681008 0.0261646403214 0.0144434676157 0.0279385879228 0.0146790838868 0.0124812204342 0.0391825363032 0.0227607404615 0.0398183841728 0.0114747550494 0.0269125672256 0.0236245587553 0.0181808631446 0.00865800194302 0.0185406592914 0.00409631917238 0.0246758912593 0.0265840723195 0.0119205598109 0.0163710639279 0.0161062784805 0.0168595925463 0.000903628924257 0.0193579931464 0.00993303166079 0.0233006074045 0.0266127349557 0.0241994979651 0.0471311158165 0.0589681656164 0.0247575665039 0.0218478821832 0.0249834267668 0.0060040491575 0.0200772661083 
-0.00575363194805 -0.00157448824509 -0.0142048087608 0.00126971666847 0.0282467568962 0.00915883865411 0.034201677876 0.0325710925284 -0.009827296835 0.020446574111 0.0131161203911 0.00724212855484 0.0145473696222 0.0013144788158 0.0152106550391 0.00992588988253 0.0161038381941 0.0171103495285 0.0108671225006 0.00552489413553 0.00490417594667 0.0142078622725 0.0128070461486 0.0138744063193 0.203131481793 0.00303513302973 0.0329174504905 -0.00207595732807 0.0107276116401 0.0162462901352 0.0310964157879 0.010634670396 0.0169915523883 0.00608742736581 0.0130463057159 0.0101613740678 0.0126985495516 0.0089708502385 0.00164954562757 0.0330909790238 0.00400948346878 -0.00227598768 0.0135872154523 0.0109362830229 0.0110020725766 0.020392338937 0.0253082755476 0.00441517547229 0.0263557178185 0.018069232767 0.0124777090623 0.00623192929814 0.0126092960917 0.0163086924937 -0.00618715873842 0.0223945163912 0.0265307605468 0.0160921102225 0.000836920083298 0.0473073100911 
0.0181857141932 0.0084024877527 0.0040211139667 0.0304010286141 0.0127423159943 0.00680156842486 0.0173623511797 0.0135981417984 -0.0192334064903 0.00909451348814 0.00426082444088 0.0145228460434 -0.00206875104756 -0.00448907681086 0.00927594573758 0.0135825330163 0.0119938946559 0.0250409475392 0.0108328861197 -0.00953117385868 0.0121963068913 0.0161078066665 -0.00309247203845 0.0170548681008 0.00303513302973 0.422625858448 0.0199790274293 0.00186195497558 0.025548751829 -0.0015223860963 0.0157687972664 0.0178269647282 0.0318352941195 0.00838641168389 0.0420657432651 0.0125433931651 0.00709959961744 0.0126629920873 0.0132602060293 0.0211841066941 -0.00228340969879 0.0404096461848 0.0370316405105 0.0144062844503 0.02617361789 0.0117348260738 0.0240794673569 0.0136571145195 -0.00660472059274 0.0405806160807 0.00588255955831 0.0108978944405 0.020372896514 0.0384456903934 0.0182750368409 0.0155772132912 0.0134345703304 0.0082782894705 0.0103992599653 0.0210546171875 
0.00381630508106 -0.00159712413947 0.019621501102 -0.00266499551477 0.0253870509065 0.00876825562645 0.0220306789491 0.0245453978766 -0.00276880123644 0.0342651154945 0.00244577836314 0.0204506657026 -0.00447505455715 -0.00916524421062 0.0243384239604 0.00333580083363 0.0402254692887 0.0113856571382 0.0101168890534 0.0185399296833 0.0235432057989 0.0299372360074 0.0261916828625 0.0261646403214 0.0329174504905 0.0199790274293 0.210118826283 -0.00583821526764 0.0468466051189 0.0213067627192 0.00838769255096 0.0299907208899 0.013267333106 0.0164050477437 0.00927739968808 0.0201054422015 0.00518663486522 0.0127640497443 0.00403473177448 0.0257821883669 0.012014492071 0.0412843364644 0.0206192626326 0.0175759030541 0.0148105655678 0.010006104819 0.0209810650774 0.0260134547321 0.00910549839673 0.00716818798907 0.00874791419052 0.00764196699371 0.0191868544567 0.0592060943754 0.00973315245975 0.0141296233496 0.0177986284649 0.00764431579933 0.000919512606927 0.025968037844 
-0.00210710645273 -0.00021518137627 -0.00240479469082 0.00492393424925 -0.00244615317943 -0.00143279456054 0.00112190381154 -0.00175781036847 -0.00846774307686 0.00896504929346 0.00667663711418 0.00760200914177 0.023724484785 -0.00370111631343 0.00207151818595 0.00193850336296 0.00928098921204 0.0173740789162 0.000415473113588 -0.0142870413199 -0.000634593951153 0.00880000894306 0.00349856014478 0.0144434676157 -0.00207595732807 0.00186195497558 -0.00583821526763 0.203956352598 0.0108239595066 0.0102487283151 0.000330274317522 0.0217857349273 0.00643347605791 -0.000947751313167 0.00053767304578 -0.00767853404288 0.00604826819091 0.0115910169211 0.0152358972095 0.00517795522728 -0.00125769094094 -0.00228538798588 0.0072365768655 -0.00367771260941 0.00562186925863 0.00168583929731 0.00525242575899 0.0125484762564 0.0117124240849 0.00264758762028 0.00613849701844 -0.0151264141972 0.0141687903705 0.0239289172565 0.000906198507595 0.0139423813248 -0.00128943249542 0.0149002274719 0.0148423321313 0.00302350992662 
0.0066103729191 -0.0124665751851 0.010016292911 0.0199093497477 0.0349817715949 0.0247296818971 0.0288170097064 0.0843980236027 -0.00376120904662 0.0619093126661 0.0076268275223 0.0222527620746 0.0143915439051 0.0548538796224 0.0291604763636 0.0169236577723 0.0731428901758 0.0117616811148 0.0722417401949 0.00171084015518 0.0257394215551 0.0340567555303 0.0210760657739 0.0279385879228 0.0107276116401 0.025548751829 0.0468466051189 0.0108239595066 0.45897433208 0.0320163429689 0.0357764075665 0.0249655837459 0.0536504910824 0.0202999028228 0.0134965537981 0.0367340616669 0.0277281975635 0.0495287915271 0.000648356802772 0.0282454584532 0.00584375944078 0.055392924105 0.0341958551298 0.0251897032808 0.0592677806381 0.00807651035854 0.0360900192392 0.00168953257865 0.0260522116075 0.021154778331 0.0169979683957 0.0378399579125 0.0386124588654 0.0515112204948 0.0121772761363 0.0143029102742 0.0572824566475 0.037896696571 -0.000802400582756 0.040163436792 
0.00697831822068 0.00902106765412 -0.00481119240171 0.00971575706163 0.0247219328904 0.0240887897086 0.0161347120789 0.017096564844 -0.00618278159031 0.0273081561688 0.00619461092535 0.0139804572302 -0.000136225871101 -0.00266055527853 0.0249189167695 0.0113235317006 0.0418633951831 -0.00105733882171 0.0200156292978 0.0122811529028 0.00795486167198 0.031334652758 0.014397006834 0.0146790838868 0.0162462901352 -0.0015223860963 0.0213067627192 0.0102487283151 0.0320163429689 0.175312781452 0.0175256156111 0.00335180944029 0.0141479580611 0.00857173157256 -0.016476244297 0.0139253140797 0.00666379334352 0.0176917877974 0.020447997576 0.0199047006128 0.0150627190752 0.0200503019435 0.0296999313541 0.0155009104376 0.0151921427531 0.00287642886529 0.0140253444882 -0.0153872010135 0.00802250024806 0.0101783155569 0.012508766371 0.0353420286872 0.028744417543 0.0335412356745 0.00103467433837 0.0172236584001 0.00607854958843 0.0144628447563 0.00499446225733 0.0302084881786 
0.0643059246715 -0.00637758304606 -0.013288316046 0.00876222554891 0.0446323802013 0.0114877979231 0.038313485491 0.040489738678 -0.00346574073781 -0.0151002858927 -0.000758967994512 -0.00507555721541 -0.00419662268659 0.0161687470723 0.0202443223815 0.0315309626941 0.0259069436082 0.0319444689504 0.0168549680207 0.024038217886 0.00795688347351 0.0132281442039 0.0401225064611 0.0124812204342 0.0310964157879 0.0157687972664 0.00838769255096 0.000330274317523 0.0357764075665 0.0175256156111 0.451297938844 0.00823668489847 -0.00158954064645 0.0010692166514 0.027756774095 0.0184499218052 0.0182943726436 0.0229693731893 0.00497337873781 0.0394291428516 0.00180500176262 0.00863353662344 0.00631842584782 0.0215691056256 0.0321437058839 0.0367631404717 0.0276603079904 0.0045473863282 -0.00564301822331 0.0264681153758 0.0282878179134 0.0225475912856 0.016820457343 0.0177049464509 -0.00186746338303 0.0250363580878 0.0235844022747 0.0268632094365 0.0103714536194 0.0343752671489 
0.000444235814986 0.00388398078663 0.0236255258077 0.0126388308781 -0.00409773614066 -0.00197708867099 0.0127064325835 0.0273551395189 -0.00264634968423 0.0383482803912 0.0106398315238 -0.00105387041594 0.000202490109724 -0.0118100362438 0.00631631102029 0.0123140801118 0.0186010210409 -0.00270662899654 0.00955668570256 0.0463261459532 0.0102161304082 0.00525031358959 0.0109260792617 0.0391825363032 0.010634670396 0.0178269647282 0.0299907208899 0.0217857349273 0.0249655837459 0.00335180944029 0.00823668489847 0.494568407224 0.00671682633879 0.00398590173526 0.0120298221427 0.0322814835146 -0.00800080400205 0.0199690439205 -0.00867148428026 0.0156387603192 -0.0137333668063 0.104191328573 0.0165228289368 0.00958649102552 0.0730156058381 0.0279329659804 0.0199281810002 -0.0163303168586 0.0333083543985 0.046231681113 0.00667060948811 0.0240721600104 0.0170859081475 0.0762675348533 0.110923134582 0.00477827057249 0.00867965421818 0.00921361634901 0.00633834718787 0.0270381997543 
-0.00148684439725 0.00805674616729 0.00349282598352 0.0294954780705 0.0256018494858 0.0109869116785 0.0156049241703 0.0217503200763 -0.0186878353913 0.0240271167649 0.0119720533594 0.0168354757342 0.00332971734258 -0.000960912645075 0.0241167023554 0.0118504586788 0.0231140369692 -0.0058284075307 0.0019698756726 -0.000275255714212 0.00436800033052 0.0174195666539 0.00940393059798 0.0227607404615 0.0169915523883 0.0318352941195 0.013267333106 0.00643347605791 0.0536504910824 0.0141479580611 -0.00158954064645 0.00671682633879 0.367450681049 0.00360883859594 0.0138228671542 -0.00264871151761 0.00905635318312 0.0213382999117 -0.00176116017673 0.0107718234746 0.0179192861586 0.0222401438241 0.0029172178017 0.00859788700024 0.0277578842496 0.00826358750361 0.0237241819098 -0.00881566735596 0.0103172931588 -0.000371981112131 0.0149932052208 0.00442474160747 0.00863950286148 0.0367035168055 0.0157196984885 -0.0053844632781 0.013655944177 0.0147852512487 0.0117374832098 0.0209561808864 
0.00995154817791 0.0212318251703 0.00395801267973 0.00735510017933 0.0086307375001 0.0131439372625 0.00861968327894 0.014903324535 -0.00384655290515 0.0130299912072 0.00812268048817 0.012014089567 0.00191352324489 -0.00363209140133 0.00502756341783 0.014590798008 0.00966518338821 0.0113759747802 0.00145484574609 0.0103113881703 0.018352212541 0.0225753697721 0.0134359821655 0.0398183841728 0.00608742736581 0.00838641168389 0.0164050477437 -0.000947751313166 0.0202999028228 0.00857173157256 0.0010692166514 0.00398590173526 0.00360883859594 0.201957004581 0.0377270293716 0.0266819608112 0.0106162600007 0.00408985727677 0.0115058301601 0.0226625585559 0.0110013068173 0.0116853856421 0.00976905004235 0.00738687085978 0.02733449795 0.00995775950185 0.0155387942438 0.0389689963227 2.88683937386e-05 0.00968465564386 0.00775729904562 0.0147044565258 0.0247831508189 0.0165513290696 0.0167803582006 -0.00444468193789 0.0122708348822 -0.000122461024402 0.000715282921418 0.0115124944171 
0.000119953750266 -0.0100603734577 -0.000142054744318 0.00909532976101 0.0112966210248 0.0177219374687 0.0218896765826 0.0292189825596 -0.00697315429818 0.00723974527137 0.0171615182619 0.0139558542805 0.00714269824394 -0.0107693813366 0.0178235434023 0.0262081787056 0.00673349669801 0.0260745087626 -0.000238571032505 0.0083067319669 0.0158058839135 -0.00122884992814 0.0102472118289 0.0114747550494 0.0130463057159 0.0420657432651 0.00927739968808 0.000537673045778 0.0134965537981 -0.016476244297 0.027756774095 0.0120298221427 0.0138228671542 0.0377270293716 0.278187059585 0.0103978463636 0.0163228899832 0.00572370829472 -0.00409528320511 0.017650426433 -0.000643637700525 0.0124812534638 0.00137787912536 0.00198889136049 0.0203268259965 0.00879088081441 0.010284497772 0.0510801489786 0.00229874156785 0.0160047524604 0.00731754532338 0.0180886484995 0.00445163600007 0.00599731761788 0.0358729046199 0.0143041886246 0.0265692119233 -0.00593963012115 0.00459311292902 0.0229424075199 
0.0159675617925 0.0158106462025 -0.00844786905596 0.0324767647782 0.0232322033142 0.0260646816084 0.0159525633506 0.020792666509 -0.0175458437881 0.0273128103548 0.0148395216324 0.0235196309163 0.00946211829119 -0.0126972777826 0.0334941621392 0.0144544038455 0.0568972304646 0.0201590894011 0.0144806214347 0.0232658079635 0.00783301857923 0.0234178834043 0.0178568455249 0.0269125672256 0.0101613740678 0.0125433931651 0.0201054422015 -0.00767853404288 0.0367340616669 0.0139253140797 0.0184499218052 0.0322814835146 -0.00264871151761 0.0266819608112 0.0103978463636 0.322521214221 0.0381561567527 0.0835667750563 0.00923571122847 0.00668312605901 0.00710466639254 0.0381401389491 0.0181464248348 0.00468178030316 0.0205146994047 0.0140952026743 0.0335393658819 0.0129168038291 0.0117910725655 0.0134366546257 0.0180543307674 0.0283369101838 0.0357132942046 0.0435126452558 0.0163728102932 0.038057796545 0.0211770557265 0.0298872767101 0.000433374741125 0.0206190071595 
-0.00168323379778 0.00869631134621 -0.012983517954 0.0143891379566 0.0381144697266 0.0187390621298 0.0321907605542 0.016171622191 0.00538375786487 0.0830861780718 0.0194294246837 -0.0140667349743 -0.00211013467795 0.00604359619484 0.00766616340734 4.11161552906e-05 0.011259270955 0.00858391260791 0.0218175160284 0.0109552144158 0.000962665429109 0.0125235825798 0.00877496551005 0.0236245587553 0.0126985495516 0.00709959961744 0.00518663486522 0.00604826819091 0.0277281975635 0.00666379334352 0.0182943726436 -0.00800080400205 0.00905635318312 0.0106162600007 0.0163228899832 0.0381561567527 0.56069936118 0.0459437535073 0.00797502010839 0.017990119372 0.00345143980757 0.011186046928 0.0358446472223 -0.00181451950489 0.0129918279954 0.0119060213123 0.0528753662703 -0.00907540285159 0.0126983667347 0.0309255138654 0.0351798300362 0.0161390522831 0.00983962523319 0.0567688366705 -0.00658221263925 0.0194378581845 0.0258505022733 -0.00012641101318 0.00588123490232 0.0238759669615 
0.0780952321456 0.0202339916125 0.0198436859903 0.00848522181314 0.0149406406729 0.0141365020196 0.0445496581808 0.0541826097034 -0.0172873187405 0.0396282483457 0.0280098213496 0.0327320803488 0.00338629996113 -0.00135939880009 0.0448753011773 -0.00535196996363 0.141878167515 0.0340651695555 0.0406955020129 -0.00800505331014 0.0152841239116 0.0164834734228 0.0214731316852 0.0181808631446 0.0089708502385 0.0126629920873 0.0127640497443 0.0115910169211 0.0495287915271 0.0176917877974 0.0229693731893 0.0199690439205 0.0213382999117 0.00408985727677 0.00572370829472 0.0835667750563 0.0459437535073 0.992772758008 0.00601602284668 0.0120482658067 -0.00530801082762 0.000113605348708 0.036711529889 0.00752367772294 0.0251081946589 0.00199916816866 0.0232841435839 1.93906377559e-05 0.0123415468689 0.0592934466258 0.0252281625971 0.0114609305835 0.0359662891794 0.0483250179552 -0.0151235682995 0.0125766100451 0.0109206059709 0.0216393615459 0.0114008683195 0.0490676907755 
0.026672066407 0.0165494518186 0.021019384707 0.0205262840243 0.0127541266256 -0.0045179819399 0.0134321508663 0.00297453872692 -0.00656159227384 0.0125809697169 -0.000354547663948 0.000236603238594 0.0151029483606 0.0317630658527 0.0130865639049 0.0127889287785 0.0172973023358 0.0170612153346 0.0122128219097 0.00968979036339 0.00190401065982 0.00536119004249 0.0284629632268 0.00865800194302 0.00164954562756 0.0132602060293 0.00403473177448 0.0152358972095 0.000648356802772 0.020447997576 0.00497337873781 -0.00867148428026 -0.00176116017673 0.0115058301601 -0.00409528320511 0.00923571122847 0.00797502010839 0.00601602284668 0.198448224619 0.0213486191413 0.00116594867936 0.0184072686931 0.00494597100091 0.0172259647096 0.0224666985711 0.0394148897749 0.0193200390749 -0.00263320690426 0.00195897291361 0.0258235824547 0.0157268346698 0.00225028332292 0.0113968593121 0.00261368503304 0.0295253687803 0.0109152580327 0.0130285713802 0.0153965942079 0.0190951167749 0.0168114338375 
