50
0.0565518641406 0.0582377086348 0.0997806882374 0.0353466838873 0.0700025840065 0.103194060275 0.0297209295042 0.0470472683343 0.0682562642732 0.0787213758152 0.0296866664977 0.0523918745475 0.0707348977441 0.106366385329 0.0645874353538 0.0162851568228 0.360667625942 0.0146510565804 0.0780955523414 0.0254946283421 0.0449680709256 0.0434942638749 0.0538734886168 0.0584548507687 0.0253746335001 0.0535662105727 0.043075945187 0.0247746242904 0.136312174374 0.126305303483 0.00422555400052 0.0304896250645 0.0436219100546 0.0800378705657 0.0340754658053 0.0357111585815 0.045759308444 0.0604038345904 0.0988670942005 0.242072249725 0.110783759143 0.0396471392927 0.0896788789081 0.074230100705 0.0276848810082 0.0261881624723 0.023015295127 0.0191748751409 0.0448250845436 0.0333203023267 
0.214241388446 0.00741429501787 0.0197405747112 0.0217213673575 0.0116834908212 0.0396915270578 0.0066543724893 0.0814712945158 0.010440151343 0.0161021911407 0.0269688570425 0.0325858529314 0.00600973071935 0.00370029089132 0.0214450065855 0.0216458800412 0.0248684386944 0.00920544044253 0.0187814287816 0.0199120446432 0.0234812592315 0.0299266876104 0.0178594669766 0.0758845624881 0.0235917961032 0.0713720168312 0.0136899648787 0.0264978031014 -0.00141905388486 0.0121441166708 0.0104393870091 -0.00566607351955 0.0265978352456 0.0146827375928 0.00408728160773 0.00469845819729 0.0172160792147 0.0181317589174 0.0161477124589 0.0295495083376 0.0148796927987 0.0192516514417 0.0147580757845 0.0489646323298 0.0171760812053 0.0141846551168 0.00789631324319 0.0178058782007 0.0146332311803 0.0170750873524 
0.00741429501788 0.460330421401 0.0258918176676 0.00779541268543 -0.00461072051862 0.013466862756 0.0431726289473 0.00793469678418 0.020910183965 0.0167926213831 0.01530511337 0.0219447876413 -0.00365667478894 0.00610896797702 0.020284659141 0.00836273047078 -0.00783487705614 0.0102289515781 -0.00339630573036 -0.00611396818931 0.024379489509 0.0136015553964 -0.0010345329834 0.0213843556348 0.00562894516237 0.0166827947817 0.00580940391328 0.018861457635 -0.0136063073758 0.0131426850639 0.00361678346439 0.0208788427053 0.0187526972189 0.0253391839748 0.013797391076 0.0181659986321 0.00668219871775 0.0245803389469 0.00309942567843 0.000420904603895 0.029313696171 0.00972707905863 0.00793995054062 0.0159650969259 0.0372299047472 0.000504922339829 0.013577072818 0.0207538476455 0.00180648610506 0.0138968006376 
0.0197405747112 0.0258918176676 0.551531124713 0.00662752242259 -0.0105063053311 0.144305487808 0.0213540829966 0.016431453286 0.0108329806383 -0.00113595719847 -0.00120562219737 0.025781226597 0.0385371992214 0.0152791271474 -0.00724037904434 0.0120179738865 0.0311670219374 0.0144760425638 0.0153213088982 0.0154316875588 0.00430058437959 0.0236155458733 0.0110384833541 0.0256527016082 0.0248327932911 0.0166680041974 0.0121434329014 0.0162998508954 -0.0231671805602 0.012000293303 0.0169696527834 0.00214719138661 0.00714650169304 0.0220992477175 0.0119791531035 0.0113157820227 -0.000120065365175 0.0187583702406 0.0243682420622 0.0248198881804 0.0243155652389 0.0259752960551 0.0686519835589 0.056688690433 0.0062997956619 0.013337650939 0.014186161616 -0.000184575648761 0.0121826614143 0.0358698654179 
0.0217213673575 0.00779541268543 0.00662752242259 0.266044483159 0.00621276691482 0.0161732597225 0.0153003251423 0.0189013797896 0.0138088231673 0.00383863340413 0.0267078154383 0.0327659853125 0.00139683920504 0.011512889381 0.0144496837737 0.00679592490345 0.00149663361871 0.0157152510225 0.00712340350452 0.0125374347251 0.0298993858576 0.012473321282 0.0166955987268 0.0133168488913 0.0236299829197 0.0213278925824 0.0405909199428 0.0147313100009 -0.0100361936885 0.00325412224763 0.00714049964773 0.0128501050773 0.0290694979821 0.00214530272115 -0.00345141054971 0.0288691305202 0.0110023081787 0.0123500605593 0.0113528320783 0.0112485319164 0.011078807629 0.0136508128835 0.0169257056365 0.0189437100076 0.0261174356384 0.00932344347441 0.0207121980617 0.0192060422212 0.015164176938 0.0207325075866 
0.0116834908212 -0.00461072051862 -0.0105063053311 0.00621276691482 0.325193501139 0.0100277405348 -0.00357784226272 0.00638734950518 0.0136054637836 0.0361817722881 0.0116590869226 0.00179599394244 -0.000482003385728 0.0143320322513 0.0106509533981 3.39472673996e-05 0.00817310741812 0.0111124686429 0.00987646487951 0.0119446943552 0.0071568267611 0.00456598065637 -0.00374720243235 0.0143110896853 0.00968871992924 0.0176658022043 0.0130858944536 0.0274501603441 -0.0302861012412 -0.00181301024914 0.0215237246438 0.00282021177082 0.0141097969821 0.0111583214521 0.0123367861181 0.0271611804608 0.00933781778029 0.00657676501793 0.0112541084845 0.0234628010226 0.0186293120908 0.0112287689668 0.00993276300277 0.0231017196455 0.0191578472987 0.0135995165175 0.0119053448679 0.00677688055585 0.00788385128181 0.0161062073259 
0.0396915270578 0.013466862756 0.144305487808 0.0161732597225 0.0100277405348 0.542231263601 -0.00309709725987 0.0348829893652 0.0322986824101 0.0262005751827 0.0106564184071 0.0280147667255 -0.0016336201005 0.0225997719349 0.0108200104361 0.00606335787428 0.0612292040408 0.021746114591 0.0132724377889 0.00446655899052 0.0128678169696 0.0370064179477 0.020059913934 0.0339918325102 0.0221092527249 0.0385527444617 0.00550369322095 0.00504493681106 -0.0142136613065 0.0253279272579 0.0174225731505 0.0121204133339 0.0178023104009 0.0314182725478 -0.000812719024153 0.0127185805428 0.0271848849618 0.046710106023 0.0630886714272 0.0482427594452 0.0749504463093 0.02205618392 0.0178671427982 0.0907074030578 0.0290881390022 0.0332519806137 0.0175852004556 0.00777058687384 0.0121661986537 0.0303716997181 
0.0066543724893 0.0431726289473 0.0213540829966 0.0153003251423 -0.00357784226272 -0.00309709725987 0.21360506565 0.0136880952192 -0.00358598508823 0.00175001586801 0.0136148219829 0.0154557752114 0.00442994935524 -0.0177849537696 0.0111687470932 0.00428725495468 0.0232901241529 0.00539621553143 -0.00961223837988 -0.00189552642595 0.000500251653667 -0.0140417873576 0.00666864566339 0.00627287059182 0.0114746366488 0.0181112764357 0.0113246409721 0.0103215378914 0.00179441158472 0.00114001603829 0.00694203376492 0.000877767430749 0.0134620388345 -0.0175605447642 0.0049041385562 0.0187340437738 0.00396262523464 -0.00100600585275 -0.000822662651118 0.01174535541 0.00876399662805 -0.00706085687018 0.00371830421233 0.0209554515905 0.0205717005184 -0.00133682444191 0.00354456040422 0.0114018550733 0.0160754681927 0.0020995518022 
0.0814712945158 0.00793469678418 0.016431453286 0.0189013797896 0.00638734950518 0.0348829893652 0.0136880952192 0.17163210189 0.00391444606421 0.00756801199508 0.0303568610407 0.02595342759 0.011519272985 0.0119871598023 0.0128509131139 0.0176772472792 0.0169715639488 0.014975433274 0.0124644660867 0.0157599769509 0.0134606988525 0.0161439066378 0.0201845705674 0.070100456737 0.0137743681668 0.0737109061758 0.0171012867047 0.0239548831021 0.0083804952401 0.00827010024156 0.00901791903248 0.011109795572 0.0279737277882 0.00853003680133 0.0159744728274 0.0268404152106 0.00783952684476 0.00907309615672 0.00798436591483 0.0189046881891 0.0150550883284 0.00967899729799 0.00247361846795 0.025947455154 0.0182456703407 0.0038086449659 0.00983184019931 0.0120869050195 0.0134536057058 0.00948872762232 
0.010440151343 0.020910183965 0.0108329806383 0.0138088231673 0.0136054637836 0.0322986824101 -0.00358598508823 0.00391444606421 0.370809048815 0.0128356299528 0.0172112388833 0.00674744193731 0.00649144670943 0.0180015309262 0.0166876259062 0.0108488337329 0.031948612378 0.0176065846773 0.0102430744087 0.00484479743124 0.00549870653059 0.0305470042446 0.0184642630103 0.0122798845591 0.0143855485916 0.00933351971337 0.0239543069393 0.0135316096344 0.00489659271353 0.0203961839868 0.00336314442978 -0.00925140033023 0.0104703648415 0.0603095949299 -0.000693348665531 0.0149807010038 0.00396853519545 0.0217683735227 0.0403856098433 0.0692497248657 0.0414955307541 -0.0104452209261 0.0411355438084 0.0444556603159 0.0114254057639 0.0292640965681 0.0156932905068 0.0112528794803 0.0430479694682 0.0169707538304 
0.0161021911407 0.0167926213831 -0.00113595719847 0.00383863340413 0.0361817722881 0.0262005751827 0.00175001586801 0.00756801199508 0.0128356299528 0.335218240042 0.0215764383522 0.0135169070914 0.00542974363162 0.136248962851 0.0155789614478 0.0237073589082 0.0307452109128 -0.00215024040119 -0.0121432359578 0.0144205480746 0.0106567047815 0.0115763372673 0.0177737161615 0.0160313290725 0.00331909134403 0.0216543480925 0.0178370160745 0.00587694862272 -0.000995930755511 0.114264538618 0.0198801814727 -0.00711154848624 0.0176185196885 0.00568661865961 0.0221015096587 0.00509939968214 0.087024151805 0.0307021466791 0.0212653012984 0.0785208110581 0.0206745156597 0.0457240271046 -0.00795410964533 0.0406634663414 0.0039103623541 -0.00557521260313 0.00154522484069 -0.00533081582123 -0.00676357177903 -0.00444680615651 
0.0269688570425 0.01530511337 -0.00120562219737 0.0267078154383 0.0116590869226 0.0106564184071 0.0136148219829 0.0303568610407 0.0172112388833 0.0215764383522 0.212066722009 -0.00255045488633 0.0263806790851 0.00937970308374 0.0110404611047 0.0138857806402 0.0157144778342 0.0268067241127 0.0479206059753 0.0188100513117 0.0150259958676 0.0257820567261 0.0153635885724 0.0206552416826 0.0239060452476 0.0205312798847 0.0317288395907 0.0221136008167 -0.00244794996948 0.00876598786048 0.0209830047552 0.0147207560508 0.0309798321451 0.00831531863819 0.0155408262023 0.0235149317591 0.0198075299791 0.00652016902534 0.0264330821246 0.0333848590333 0.031409622824 0.0123139883826 0.0240018607837 0.0484679589592 0.0358767326984 0.0154718385231 0.0348090700444 0.0348926981984 0.0146651898827 0.0248948883964 
0.0325858529314 0.0219447876413 0.025781226597 0.0327659853125 0.00179599394244 0.0280147667255 0.0154557752114 0.02595342759 0.00674744193731 0.0135169070914 -0.00255045488633 0.344873844602 0.0292122508417 -0.00110912445441 0.0108494063465 0.0180529053929 0.0122724315924 0.0113405483448 -0.00609858262093 0.0150932390556 0.0276302015552 0.00901874252195 0.0290384679035 0.0282751330263 0.005056981953 0.0232866532701 0.00118974492774 0.00937004597132 0.0105987070185 -0.00433090733259 -0.010503552722 0.00241536886836 -0.00105198472087 -0.00479593155016 0.0135554058098 0.0410984880753 -0.00607656394764 -0.00470243757003 0.0169214518317 0.0384969772005 0.0189791599044 0.023520870904 -0.0110980762634 0.0183288228717 0.0223992726416 0.00973318254542 0.0223378643145 0.0128287739117 0.0321166886433 0.0148077419164 
0.00600973071935 -0.00365667478894 0.0385371992214 0.00139683920504 -0.000482003385728 -0.0016336201005 0.00442994935524 0.011519272985 0.00649144670943 0.00542974363162 0.0263806790851 0.0292122508417 0.298282456384 0.00414702419856 -0.018335715473 0.00286523859458 0.0205967466423 0.0126473296671 0.0226860718875 0.0170620940179 -0.00581336763498 0.0169421365952 0.00348882857053 0.0154845658769 -0.00406242968356 0.00286009356982 -0.00238930700446 0.025275885417 -0.0224561339594 0.00799044982754 -0.00588220624893 0.000146545760628 0.0119268146968 0.0308840890274 0.0191194935962 0.0135434431295 0.0153848585632 0.00693415428058 0.034042154207 0.0248982801354 0.0101116420113 0.0133385137834 0.0242807545715 0.00853418688077 0.011181440123 0.0150187456455 0.0125226512786 0.0168787998408 0.00117017315746 0.0109051332671 
0.00370029089132 0.00610896797702 0.0152791271474 0.011512889381 0.0143320322513 0.0225997719349 -0.0177849537696 0.0119871598023 0.0180015309262 0.136248962851 0.00937970308374 -0.00110912445441 0.00414702419856 0.414358417301 0.0044973550226 0.0375511900057 0.0283457496319 -0.00122293757715 -0.00120765456142 0.026955127323 0.0219452778062 0.0166140964386 0.0126730563633 0.0206226296667 0.0155744477605 0.00844894648269 -0.00119346820789 0.0156663680397 0.00905433338538 0.14008434025 0.0155997870394 0.00414026495101 0.0119324946892 0.00393017244162 0.0130104293112 0.0012862796597 0.0899174041687 0.0173167870501 0.019973068201 0.0903494788335 0.0130564595041 0.0563058206811 0.00323438008108 0.0524700588247 -0.0107917837705 0.00881279015649 0.00291030697459 -0.00663801958135 -0.000406278714976 0.00583744841583 
0.0214450065855 0.020284659141 -0.00724037904434 0.0144496837737 0.0106509533981 0.0108200104361 0.0111687470932 0.0128509131139 0.0166876259062 0.0155789614478 0.0110404611047 0.0108494063465 -0.018335715473 0.0044973550226 0.351327976033 -0.00112599058845 0.0248337512579 0.0164555157964 0.0270785727606 -0.00387158043329 -0.00114313545227 0.0273311450704 0.0329156325194 0.0168716704621 0.00367026825687 0.00848057568649 0.0155857540103 0.014620077448 -0.0193755820166 -0.00744284226956 0.0217560203818 0.00304415100312 0.0274126732022 0.0229290024599 0.00485557684925 0.0437316294841 0.00405916559537 0.0181226665856 0.0128271101253 0.0308385089086 0.023553164656 0.00293490966808 0.00343852236389 0.0323375669784 0.0138665527722 0.000630512281047 0.00412169789571 0.0154253434858 0.0432243980251 0.0074436538311 
0.0216458800412 0.00836273047078 0.0120179738865 0.00679592490345 3.39472673998e-05 0.00606335787428 0.00428725495468 0.0176772472792 0.0108488337329 0.0237073589082 0.0138857806402 0.0180529053929 0.00286523859458 0.0375511900057 -0.00112599058845 0.150086628271 0.0138065369497 0.00384757950457 0.0162587916904 0.0445711021704 0.0150204899714 -0.0017062430033 0.00816772333315 0.0317481588722 0.00785716990471 0.0260923810752 0.0132862883738 0.0151219001179 0.00370283644957 0.0123987638614 -0.00630241033516 0.0111598611718 0.0175787557869 0.0041673366752 0.0106519488461 0.00967357742363 0.0226198231415 -0.00704904477145 0.00917556928646 0.00100801057705 0.012259681109 0.0485538228996 0.00801460036694 0.0174968428368 0.00585141952534 0.0172730437464 0.0103877445698 0.0147850944236 -0.00122523901092 0.00550258616046 
0.0248684386944 -0.00783487705614 0.0311670219374 0.00149663361871 0.00817310741812 0.0612292040407 0.0232901241529 0.0169715639488 0.031948612378 0.0307452109128 0.0157144778342 0.0122724315924 0.0205967466423 0.0283457496319 0.0248337512579 0.0138065369497 1.17787016244 0.0230191018076 0.0460453233664 -0.000650648429268 0.00981559731747 0.0334509003454 0.0225511442616 0.035081684626 0.0273606540806 0.0250510848109 0.022294334472 0.0210627664936 -0.0145955726769 0.0375793057286 6.8693797851e-05 0.0195622949272 0.0337697389972 0.0637535843296 -0.00569416325188 0.0331985033149 0.0205985025631 0.0595835574524 0.0809953543856 0.0685264451329 0.0910416711357 0.0188883072152 0.107873743681 0.0427899514545 0.012601322686 0.00949112194228 0.000215500574649 -0.00197518665521 -0.000620965200717 0.0075818185914 
0.00920544044253 0.0102289515781 0.0144760425638 0.0157152510225 0.0111124686429 0.021746114591 0.00539621553143 0.014975433274 0.0176065846773 -0.00215024040119 0.0268067241127 0.0113405483448 0.0126473296671 -0.00122293757715 0.0164555157964 0.00384757950457 0.0230191018076 0.145615378918 -0.00162955013655 0.00818344060693 0.0132116139867 0.0145918396055 0.0117825304226 0.0178581505243 0.0140249484891 0.0173615470542 0.005087206473 0.00899824415913 -0.00384645393814 -0.00720508524362 0.00616128057674 0.00783954492629 0.0176830972878 0.0221470887481 0.0120371405053 0.0142287109263 0.0161093106116 0.00401213703392 0.008718040902 0.00571256786783 0.0130933288318 0.00498227928294 0.0213695251324 0.0126621303622 0.0204761468572 0.0131582465892 0.0180996924725 0.0107448608029 0.0343517112296 0.0203147582301 
0.0187814287816 -0.00339630573036 0.0153213088982 0.00712340350452 0.00987646487951 0.0132724377889 -0.00961223837988 0.0124644660867 0.0102430744087 -0.0121432359578 0.0479206059753 -0.00609858262093 0.0226860718875 -0.00120765456142 0.0270785727606 0.0162587916904 0.0460453233664 -0.00162955013655 0.562435149155 0.00153210423072 0.000304553992952 0.0431501747735 -0.001668716698 0.0178968339215 0.00688975869445 0.0191602739851 0.0264002586201 0.0076476882704 0.00349423705139 -0.00530722829798 0.0466978981139 -0.00118251914592 0.0286272996637 0.00707802845177 0.0079902508958 0.00309654898014 -0.0030263086995 0.0171581806215 0.0730950152277 0.0799415216185 0.0262427348541 0.0232739112647 0.0045851405367 0.0348015204456 0.00891467149817 0.00220158740746 0.00728676517232 0.00701404366316 0.0174845509848 0.00630120349713 
0.0199120446432 -0.0061139681893 0.0154316875588 0.0125374347251 0.0119446943552 0.00446655899051 -0.00189552642595 0.0157599769509 0.00484479743124 0.0144205480746 0.0188100513117 0.0150932390556 0.0170620940179 0.026955127323 -0.00387158043329 0.0445711021704 -0.000650648429268 0.00818344060693 0.00153210423072 0.195834419865 0.01081478959 0.00308446067309 9.58546706746e-05 0.017022904872 0.00422306153455 0.0157596803199 0.0122797160912 0.0269778614264 0.00209005186561 0.0137139999782 0.00878094390546 0.011883035745 0.0119725542873 0.0107767263892 0.00861169306651 0.00236534374851 0.0252286949174 0.00932507961483 0.0055909322625 -0.00680119765008 0.0259330222582 0.04899016112 0.0207561780896 0.00608460609341 0.00519541042708 0.00140255177092 0.0106079326902 0.0140632511751 -0.00499317847089 0.0109544467167 
0.0234812592315 0.024379489509 0.00430058437959 0.0298993858576 0.0071568267611 0.0128678169696 0.000500251653667 0.0134606988525 0.00549870653059 0.0106567047815 0.0150259958676 0.0276302015552 -0.00581336763498 0.0219452778062 -0.00114313545227 0.0150204899714 0.00981559731747 0.0132116139867 0.000304553992952 0.01081478959 0.191012678991 0.00984909575361 0.0118333022317 0.0130142576423 0.0115507096733 0.0100620226044 0.0189676296379 0.00749598750571 0.0112735403563 0.00569147278832 0.0190337117068 0.00411183745195 0.0279696981682 0.0120736767525 0.0138792733175 0.0221287538356 0.00950515113192 0.0251676432197 0.0103655226432 0.0229691402229 0.0254121212827 0.0215517126075 0.00567116738381 0.0213645619189 0.00842226862081 0.0177745341266 0.0142949289692 0.0212223565983 0.018298149319 0.0076640022114 
0.0299266876104 0.0136015553964 0.0236155458733 0.012473321282 0.00456598065637 0.0370064179477 -0.0140417873576 0.0161439066378 0.0305470042446 0.0115763372673 0.0257820567261 0.00901874252195 0.0169421365952 0.0166140964386 0.0273311450704 -0.0017062430033 0.0334509003454 0.0145918396055 0.0431501747735 0.00308446067309 0.00984909575361 0.285296022848 0.030330777903 0.0144501307497 0.0402030984552 0.0151858309097 0.0146152793242 0.022472434126 -0.0176917459413 0.0358987114175 0.012880150668 0.00266425968611 0.0401116753762 0.0453122687424 0.0114508087457 0.0143175675646 0.0120475390662 0.0388229579332 0.042782062927 0.074860780702 0.0417042022286 0.000197254165354 0.0483139481616 0.0936320855711 0.0104330921546 0.0266030266096 0.00759693127846 0.019336900287 0.0289965752404 0.0237477220639 
0.0178594669766 -0.0010345329834 0.0110384833541 0.0166955987268 -0.00374720243235 0.020059913934 0.00666864566339 0.0201845705674 0.0184642630103 0.0177737161615 0.0153635885724 0.0290384679035 0.00348882857053 0.0126730563633 0.0329156325194 0.00816772333315 0.0225511442616 0.0117825304226 -0.001668716698 9.58546706745e-05 0.0118333022317 0.030330777903 0.375521997511 0.0163253125303 0.0153314452022 0.0119347160476 0.00884155854701 0.0229249047171 -0.0182572486543 0.00677896319858 0.0113371227838 0.026540718133 0.005388689413 0.012104631483 0.0145806254182 0.0300994482283 0.00139162191035 0.0329669276853 0.0304720483086 0.050052995105 0.0522033382414 -0.00201478292969 0.0494619978633 0.0441143998388 0.0198624072836 0.0102447507089 -0.00531897858044 0.00780699758756 0.0233018836711 0.011318942458 
0.0758845624881 0.0213843556348 0.0256527016082 0.0133168488913 0.0143110896853 0.0339918325102 0.00627287059182 0.070100456737 0.0122798845591 0.0160313290725 0.0206552416826 0.0282751330263 0.0154845658769 0.0206226296667 0.0168716704621 0.0317481588722 0.035081684626 0.0178581505243 0.0178968339215 0.017022904872 0.0130142576423 0.0144501307497 0.0163253125303 0.214294348832 0.011828087954 0.0768663768442 0.0308136513605 0.0201992594257 -0.000321685138254 0.0183993980608 0.0140198904867 0.0109866955684 0.0360763242742 0.0144527059882 0.0100565083587 0.0236286082684 0.0101729858851 0.00137597404048 0.0156499811786 0.0221419845086 0.0108273144965 0.0280075898501 0.0356533026334 0.0478772277609 0.0213092599465 0.00210401564848 0.0211449756061 0.0224874566818 0.0198787877825 0.0244010734133 
0.0235917961032 0.00562894516237 0.0248327932911 0.0236299829197 0.00968871992924 0.0221092527249 0.0114746366488 0.0137743681668 0.0143855485916 0.00331909134403 0.0239060452476 0.005056981953 -0.00406242968356 0.0155744477605 0.00367026825687 0.00785716990471 0.0273606540806 0.0140249484891 0.00688975869445 0.00422306153455 0.0115507096733 0.0402030984552 0.0153314452022 0.011828087954 0.2855656631 0.0132600223521 0.00610211939296 0.0154935530756 -0.0187706676488 0.0225570874464 0.0111237383002 -0.000930341808224 -0.00174677411459 0.0217842650268 0.00259616198377 0.0176990157622 0.00194775853437 0.0130701560004 0.0225078272933 0.0140174374929 0.0182814791921 0.00684630939699 0.0334337799857 0.036502434759 0.0287560073205 0.0201544409968 0.0217531574086 0.00892615440249 0.00164764753303 -1.0265530739e-05 
0.0713720168312 0.0166827947817 0.0166680041974 0.0213278925824 0.0176658022043 0.0385527444617 0.0181112764357 0.0737109061758 0.00933351971337 0.0216543480925 0.0205312798847 0.0232866532701 0.00286009356982 0.00844894648269 0.00848057568649 0.0260923810752 0.0250510848109 0.0173615470542 0.0191602739851 0.0157596803199 0.0100620226044 0.0151858309097 0.0119347160476 0.0768663768442 0.0132600223521 0.186223477972 0.0149554909299 0.0204973111511 -0.000938147988498 0.0196516786391 0.0124020100865 0.012423777005 0.0318560829823 0.00715534959594 0.0165232059358 0.00925154043767 0.0096583080393 0.0120345956473 0.0131089755621 0.0337615097406 0.019571734266 0.0225747828112 0.0268396624659 0.0486262071745 0.011539978586 0.0139594748235 0.0215960427853 0.0282934731289 0.0196737663769 0.0191358955525 
0.0136899648787 0.00580940391328 0.0121434329014 0.0405909199428 0.0130858944536 0.00550369322095 0.0113246409721 0.0171012867047 0.0239543069393 0.0178370160745 0.0317288395907 0.00118974492774 -0.00238930700446 -0.00119346820789 0.0155857540103 0.0132862883738 0.022294334472 0.005087206473 0.0264002586201 0.0122797160912 0.0189676296379 0.0146152793242 0.00884155854701 0.0308136513605 0.00610211939296 0.0149554909299 0.204764757568 0.0168500824261 -0.00416376894409 0.0238969207431 0.0132022825971 0.0137384798252 0.0398213923918 0.0149432244829 0.0148448155756 0.0145197582605 0.0177750778983 0.00370135337477 0.00816276667682 0.0243246438807 0.0401435340799 0.0287144910052 0.022589912815 0.0327686367015 0.0300352132914 0.0071497400017 0.0189350105488 0.0245047886122 0.0283945662146 0.00087517060203 
0.0264978031014 0.018861457635 0.0162998508954 0.0147313100009 0.0274501603441 0.00504493681106 0.0103215378914 0.0239548831021 0.0135316096344 0.00587694862272 0.0221136008167 0.00937004597132 0.025275885417 0.0156663680397 0.014620077448 0.0151219001179 0.0210627664936 0.00899824415913 0.0076476882704 0.0269778614264 0.00749598750571 0.022472434126 0.0229249047171 0.0201992594257 0.0154935530756 0.0204973111511 0.0168500824261 0.182196045751 -0.0115936316389 0.00444307640582 0.00913932456427 0.00723988882848 0.0249586808601 0.0170528126884 0.0112300284335 0.00598628187601 0.00252682935084 0.00956474244144 0.0192327698052 0.0358891251025 0.0298082642637 0.0105684929606 0.0222941096259 0.0133681925944 0.0202261854744 0.0076673691954 0.0135027259059 0.00227585810682 0.0131675152006 0.0145676645273 
-0.00141905388486 -0.0136063073758 -0.0231671805602 -0.0100361936885 -0.0302861012412 -0.0142136613065 0.00179441158472 0.0083804952401 0.00489659271353 -0.000995930755511 -0.00244794996948 0.0105987070185 -0.0224561339594 0.00905433338538 -0.0193755820166 0.00370283644957 -0.0145955726769 -0.00384645393814 0.00349423705139 0.00209005186561 0.0112735403563 -0.0176917459413 -0.0182572486543 -0.000321685138254 -0.0187706676488 -0.000938147988498 -0.00416376894409 -0.0115936316389 1.9413195038 0.011985125725 -0.000217958726753 -0.0143503158054 -0.0158252516153 -0.0145057243762 -0.00801161046639 -0.00395989889061 -0.00768968770481 0.000518763331108 0.0374210054301 -0.0301434833152 -0.00583681491497 0.00302259815596 -0.014298326181 -0.00480213116564 -0.00640605447824 -0.00495138416491 -0.00759927490674 -0.0102568427151 -0.0136095545559 -0.00804372113749 
0.0121441166708 0.0131426850639 0.012000293303 0.00325412224763 -0.00181301024914 0.0253279272579 0.00114001603829 0.00827010024156 0.0203961839868 0.114264538618 0.00876598786048 -0.00433090733259 0.00799044982754 0.14008434025 -0.00744284226956 0.0123987638614 0.0375793057286 -0.00720508524362 -0.00530722829798 0.0137139999782 0.00569147278832 0.0358987114175 0.00677896319858 0.0183993980608 0.0225570874464 0.0196516786391 0.0238969207431 0.00444307640582 0.011985125725 0.44945110537 0.0206537370906 0.0106944052237 -0.000226116194364 0.0299758931212 0.00784578145934 -0.00272567907778 0.0806589993413 0.0306257145888 0.0319696407357 0.0580932412483 0.0411716497899 0.0070582367698 0.0202226732072 0.0454763464346 0.00358459447067 -0.00370034040323 0.00755608307754 0.0145429472512 -0.0118992088035 0.00151823079566 
0.0104393870091 0.00361678346439 0.0169696527834 0.00714049964773 0.0215237246438 0.0174225731505 0.00694203376492 0.00901791903248 0.00336314442978 0.0198801814727 0.0209830047552 -0.010503552722 -0.00588220624893 0.0155997870394 0.0217560203818 -0.00630241033516 6.86937978509e-05 0.00616128057674 0.0466978981139 0.00878094390546 0.0190337117068 0.012880150668 0.0113371227838 0.0140198904867 0.0111237383002 0.0124020100865 0.0132022825971 0.00913932456427 -0.000217958726753 0.0206537370906 0.270448462761 -0.00177418553643 0.0099308332466 0.0123183157036 0.0168942405755 0.0296628321819 0.0224047434199 0.0222903036462 0.013196847742 0.0367888145336 0.0334450924787 0.0236734452937 -0.000562010620658 0.0198219303584 0.00921041067945 0.0109352810149 0.0159625822853 0.0107009751233 0.0299024394665 0.00879069799483 
-0.00566607351955 0.0208788427053 0.00214719138661 0.0128501050773 0.00282021177082 0.0121204133339 0.000877767430749 0.011109795572 -0.00925140033023 -0.00711154848624 0.0147207560508 0.00241536886836 0.000146545760628 0.00414026495101 0.00304415100312 0.0111598611718 0.0195622949272 0.00783954492629 -0.00118251914592 0.011883035745 0.00411183745195 0.00266425968611 0.026540718133 0.0109866955684 -0.000930341808224 0.012423777005 0.0137384798252 0.00723988882848 -0.0143503158054 0.0106944052237 -0.00177418553643 0.209372369816 0.000940407633463 -0.00336280509786 0.0106726039552 0.0265876749864 -0.000330339414228 0.0212234727072 0.0124026036724 0.0240019973108 0.0205089995248 0.0060234955914 0.00198691787038 0.0122862360444 0.0106302358676 0.00141083902279 0.0223566923509 0.00371590943936 -0.000664797207415 0.00495775010749 
0.0265978352456 0.0187526972189 0.00714650169304 0.0290694979821 0.0141097969821 0.0178023104009 0.0134620388345 0.0279737277882 0.0104703648415 0.0176185196885 0.0309798321451 -0.00105198472087 0.0119268146968 0.0119324946892 0.0274126732022 0.0175787557869 0.0337697389972 0.0176830972878 0.0286272996637 0.0119725542873 0.0279696981682 0.0401116753762 0.005388689413 0.0360763242742 -0.00174677411459 0.0318560829823 0.0398213923918 0.0249586808601 -0.0158252516153 -0.000226116194365 0.0099308332466 0.000940407633463 0.30118071839 0.0367355525784 -0.00157806464643 0.00273286362577 0.0121068548466 0.0136798627121 0.0267128244336 0.0526086843434 0.0514970229147 0.0452387612242 0.0360541478998 0.0527440846288 0.0256200732935 0.0108038636025 0.0154964950429 0.0312781068423 0.0323271057964 0.0137843507598 
0.0146827375928 0.0253391839748 0.0220992477175 0.00214530272115 0.0111583214521 0.0314182725478 -0.0175605447642 0.00853003680133 0.0603095949299 0.00568661865961 0.00831531863819 -0.00479593155016 0.0308840890274 0.00393017244162 0.0229290024599 0.0041673366752 0.0637535843296 0.0221470887481 0.00707802845177 0.0107767263892 0.0120736767525 0.0453122687424 0.012104631483 0.0144527059882 0.0217842650268 0.00715534959594 0.0149432244829 0.0170528126884 -0.0145057243762 0.0299758931212 0.0123183157036 -0.00336280509786 0.0367355525784 0.357678528048 0.00741286274915 0.0147742834064 0.00219131748355 0.0342357816909 0.0368211953251 0.0745319677488 0.0315904235745 0.00271907003151 0.0377804801349 0.00677226039654 0.0169118413668 -0.00242606110827 0.00702593574335 0.0103027816596 0.0144858138524 0.0183074911836 
0.00408728160773 0.013797391076 0.0119791531035 -0.00345141054971 0.0123367861181 -0.000812719024153 0.0049041385562 0.0159744728274 -0.000693348665531 0.0221015096587 0.0155408262023 0.0135554058098 0.0191194935962 0.0130104293112 0.00485557684925 0.0106519488461 -0.00569416325188 0.0120371405053 0.0079902508958 0.00861169306651 0.0138792733175 0.0114508087457 0.0145806254182 0.0100565083587 0.00259616198377 0.0165232059358 0.0148448155756 0.0112300284335 -0.00801161046639 0.00784578145934 0.0168942405755 0.0106726039552 -0.00157806464643 0.00741286274915 0.183033200891 0.00352835431279 0.0189066904091 0.00111773160113 0.00792878679732 7.31575549533e-05 -1.69676450252e-05 0.0137596911424 0.00694115664046 0.021038654231 -0.000112404069794 0.00736031316838 0.00992462433667 0.00610587512366 0.00524317981343 -0.00444626523179 
0.00469845819729 0.0181659986321 0.0113157820227 0.0288691305202 0.0271611804608 0.0127185805428 0.0187340437738 0.0268404152106 0.0149807010038 0.00509939968214 0.0235149317591 0.0410984880753 0.0135434431295 0.0012862796597 0.0437316294841 0.00967357742363 0.0331985033149 0.0142287109263 0.00309654898014 0.00236534374851 0.0221287538356 0.0143175675646 0.0300994482283 0.0236286082684 0.0176990157622 0.00925154043767 0.0145197582605 0.00598628187601 -0.00395989889061 -0.00272567907778 0.0296628321819 0.0265876749864 0.00273286362577 0.0147742834064 0.00352835431279 0.288757110805 0.00364883549981 0.0182996129537 0.0369359064926 0.0337216979854 0.00897445624285 0.0132774580996 0.0359291078901 0.0301122347666 0.0323675325796 0.0204731856806 0.0193491719852 0.0228139804988 0.0405347384706 0.0117128094285 
0.0172160792147 0.00668219871775 -0.000120065365175 0.0110023081788 0.00933781778029 0.0271848849618 0.00396262523464 0.00783952684476 0.00396853519545 0.087024151805 0.0198075299791 -0.00607656394764 0.0153848585632 0.0899174041687 0.00405916559537 0.0226198231415 0.0205985025631 0.0161093106116 -0.0030263086995 0.0252286949174 0.00950515113192 0.0120475390662 0.00139162191035 0.0101729858851 0.00194775853437 0.0096583080393 0.0177750778983 0.00252682935084 -0.00768968770481 0.0806589993413 0.0224047434199 -0.000330339414228 0.0121068548466 0.00219131748355 0.0189066904091 0.00364883549981 0.193823709241 0.0144354435224 0.0158050813587 0.041882045006 0.0116812530472 0.0276852355476 -0.00298240698592 0.0305195567732 0.00301374426211 0.0105768906674 0.0158937359696 0.00899381215597 0.00538106647817 0.010622429961 
0.0181317589174 0.0245803389469 0.0187583702406 0.0123500605593 0.00657676501793 0.046710106023 -0.00100600585275 0.00907309615672 0.0217683735227 0.0307021466791 0.00652016902534 -0.00470243757003 0.00693415428058 0.0173167870501 0.0181226665856 -0.00704904477145 0.0595835574524 0.00401213703392 0.0171581806215 0.00932507961483 0.0251676432197 0.0388229579332 0.0329669276853 0.00137597404048 0.0130701560004 0.0120345956473 0.00370135337477 0.00956474244144 0.000518763331108 0.0306257145888 0.0222903036462 0.0212234727072 0.0136798627121 0.0342357816909 0.00111773160113 0.0182996129537 0.0144354435224 0.266522448454 0.0645830583169 0.0524668741648 0.0729725963299 0.00934424676034 0.00745662091019 0.0346547739408 0.013042039734 0.0238549707409 0.0169656097991 0.0185640593316 0.00833162594548 0.0103457472591 
0.0161477124589 0.00309942567843 0.0243682420622 0.0113528320783 0.0112541084845 0.0630886714272 -0.000822662651118 0.00798436591483 0.0403856098433 0.0212653012984 0.0264330821246 0.0169214518317 0.034042154207 0.019973068201 0.0128271101253 0.00917556928646 0.0809953543856 0.008718040902 0.0730950152277 0.0055909322625 0.0103655226432 0.042782062927 0.0304720483086 0.0156499811786 0.0225078272933 0.0131089755621 0.00816276667682 0.0192327698052 0.0374210054301 0.0319696407357 0.0131968477419 0.0124026036724 0.0267128244336 0.0368211953251 0.00792878679732 0.0369359064926 0.0158050813587 0.0645830583169 0.466339053479 0.0664522043723 0.109913914581 0.0305629671779 0.0792358229349 0.0431851058419 0.0134716979702 0.0147056731897 0.0187447467411 0.00597309593587 0.013053272589 0.0149630330225 
0.0295495083376 0.000420904603895 0.0248198881804 0.0112485319164 0.0234628010226 0.0482427594452 0.01174535541 0.0189046881891 0.0692497248657 0.0785208110581 0.0333848590333 0.0384969772005 0.0248982801354 0.0903494788335 0.0308385089086 0.00100801057705 0.0685264451329 0.00571256786783 0.0799415216185 -0.00680119765008 0.0229691402229 0.074860780702 0.050052995105 0.0221419845086 0.0140174374929 0.0337615097406 0.0243246438807 0.0358891251025 -0.0301434833152 0.0580932412483 0.0367888145336 0.0240019973108 0.0526086843434 0.0745319677488 7.31575549532e-05 0.0337216979854 0.041882045006 0.0524668741648 0.0664522043723 0.656748190532 0.0739251601338 0.0194260867904 0.066969187957 0.0834902128344 0.0476449199211 0.0154509110384 0.0193276214641 0.0267147004156 0.0409800389257 0.0253172177294 
0.0148796927987 0.029313696171 0.0243155652389 0.011078807629 0.0186293120908 0.0749504463093 0.00876399662805 0.0150550883284 0.0414955307541 0.0206745156597 0.031409622824 0.0189791599044 0.0101116420113 0.0130564595041 0.023553164656 0.012259681109 0.0910416711357 0.0130933288318 0.0262427348541 0.0259330222582 0.0254121212827 0.0417042022286 0.0522033382414 0.0108273144965 0.0182814791921 0.019571734266 0.0401435340799 0.0298082642637 -0.00583681491497 0.0411716497899 0.0334450924787 0.0205089995248 0.0514970229147 0.0315904235745 -1.69676450252e-05 0.00897445624285 0.0116812530472 0.0729725963299 0.109913914581 0.0739251601338 0.458521051396 0.0207159237913 0.0760561052667 0.050205457909 0.0263278517434 0.0182330159668 0.0220860022243 0.0230802108979 0.0111996179153 0.00333824422807 
0.0192516514417 0.00972707905863 0.0259752960551 0.0136508128835 0.0112287689668 0.02205618392 -0.00706085687018 0.00967899729799 -0.0104452209261 0.0457240271046 0.0123139883826 0.023520870904 0.0133385137834 0.0563058206811 0.00293490966808 0.0485538228996 0.0188883072152 0.00498227928294 0.0232739112647 0.04899016112 0.0215517126075 0.000197254165354 -0.00201478292969 0.0280075898501 0.00684630939699 0.0225747828112 0.0287144910052 0.0105684929606 0.00302259815596 0.0070582367698 0.0236734452937 0.0060234955914 0.0452387612242 0.00271907003151 0.0137596911424 0.0132774580996 0.0276852355476 0.00934424676034 0.0305629671779 0.0194260867904 0.0207159237913 0.2553475869 0.0134603814401 0.0395314568683 0.0103008123251 0.00321883668179 0.0115084715178 0.0229456012869 0.00507769945693 0.00340878732409 
0.0147580757845 0.00793995054062 0.0686519835589 0.0169257056365 0.00993276300277 0.0178671427982 0.00371830421233 0.00247361846795 0.0411355438084 -0.00795410964533 0.0240018607837 -0.0110980762634 0.0242807545715 0.00323438008108 0.00343852236389 0.00801460036694 0.107873743681 0.0213695251324 0.0045851405367 0.0207561780896 0.00567116738381 0.0483139481616 0.0494619978633 0.0356533026334 0.0334337799857 0.0268396624659 0.022589912815 0.0222941096259 -0.014298326181 0.0202226732072 -0.000562010620658 0.00198691787038 0.0360541478998 0.0377804801349 0.00694115664046 0.0359291078901 -0.00298240698592 0.00745662091019 0.0792358229349 0.066969187957 0.0760561052667 0.0134603814401 0.531582653499 0.0542699576067 0.0158255014126 0.00839038175737 0.0107212258409 0.0154668597885 0.00291325339495 0.00759265596929 
0.0489646323298 0.0159650969259 0.056688690433 0.0189437100076 0.0231017196455 0.0907074030578 0.0209554515905 0.025947455154 0.0444556603159 0.0406634663414 0.0484679589592 0.0183288228717 0.00853418688077 0.0524700588247 0.0323375669784 0.0174968428368 0.0427899514545 0.0126621303622 0.0348015204456 0.00608460609341 0.0213645619189 0.0936320855711 0.0441143998388 0.0478772277609 0.036502434759 0.0486262071745 0.0327686367015 0.0133681925944 -0.00480213116564 0.0454763464346 0.0198219303584 0.0122862360444 0.0527440846288 0.00677226039654 0.021038654231 0.0301122347666 0.0305195567732 0.0346547739408 0.0431851058419 0.0834902128344 0.050205457909 0.0395314568683 0.0542699576067 0.484730949065 0.0472220116551 0.0339511566797 0.0284942271149 0.0187821944568 0.0394625916813 0.0362794447959 
0.0171760812053 0.0372299047472 0.0062997956619 0.0261174356384 0.0191578472987 0.0290881390022 0.0205717005184 0.0182456703407 0.0114254057639 0.0039103623541 0.0358767326984 0.0223992726416 0.011181440123 -0.0107917837705 0.0138665527722 0.00585141952534 0.012601322686 0.0204761468572 0.00891467149817 0.00519541042708 0.00842226862081 0.0104330921546 0.0198624072836 0.0213092599465 0.0287560073205 0.011539978586 0.0300352132914 0.0202261854744 -0.00640605447824 0.00358459447067 0.00921041067945 0.0106302358676 0.0256200732935 0.0169118413668 -0.000112404069794 0.0323675325796 0.00301374426211 0.013042039734 0.0134716979702 0.0476449199211 0.0263278517434 0.0103008123251 0.0158255014126 0.0472220116551 0.24665937997 0.00742756402276 0.0298458982538 0.0136601967657 0.0152100443623 0.0079771829823 
0.0141846551168 0.000504922339829 0.013337650939 0.00932344347441 0.0135995165175 0.0332519806137 -0.00133682444191 0.0038086449659 0.0292640965681 -0.00557521260313 0.0154718385231 0.00973318254542 0.0150187456455 0.00881279015649 0.000630512281047 0.0172730437464 0.00949112194228 0.0131582465892 0.00220158740746 0.00140255177092 0.0177745341266 0.0266030266096 0.0102447507089 0.00210401564848 0.0201544409968 0.0139594748235 0.0071497400017 0.0076673691954 -0.00495138416491 -0.00370034040323 0.0109352810149 0.00141083902279 0.0108038636025 -0.00242606110827 0.00736031316838 0.0204731856806 0.0105768906674 0.0238549707409 0.0147056731897 0.0154509110384 0.0182330159668 0.00321883668179 0.00839038175737 0.0339511566797 0.00742756402276 0.258790004118 0.0142933254471 0.0171737570886 0.00673842054288 0.0206361269271 
0.00789631324319 0.013577072818 0.014186161616 0.0207121980617 0.0119053448679 0.0175852004556 0.00354456040422 0.00983184019931 0.0156932905068 0.00154522484069 0.0348090700444 0.0223378643145 0.0125226512786 0.00291030697459 0.00412169789571 0.0103877445698 0.000215500574649 0.0180996924725 0.00728676517232 0.0106079326902 0.0142949289692 0.00759693127846 -0.00531897858044 0.0211449756061 0.0217531574086 0.0215960427853 0.0189350105488 0.0135027259059 -0.00759927490674 0.00755608307754 0.0159625822853 0.0223566923509 0.0154964950429 0.00702593574335 0.00992462433667 0.0193491719852 0.0158937359696 0.0169656097991 0.0187447467411 0.0193276214641 0.0220860022243 0.0115084715178 0.0107212258409 0.0284942271149 0.0298458982538 0.0142933254471 0.142627895837 0.0180657342394 0.0152972390938 0.00876870384329 
