40
0.133882810383 0.166074759161 0.0223482457603 0.110783759143 0.019144788815 0.0646745186267 0.22311845274 0.0161403943775 0.00399952409326 0.0153161335694 0.0374431650663 0.0246645675501 0.0314514366364 0.0131635076039 0.093312473985 0.050100863095 0.0373994541978 0.0936563270582 0.067654701563 0.00699576056141 0.0486664598358 0.070265204238 0.0597094198611 0.0570579479668 0.0442230302855 0.0297209295042 0.0654803135324 0.0307440439862 0.0318751717172 0.0271794955288 0.185879968849 0.0565518641406 0.0592302274211 0.0766878163077 0.0511846892664 0.061476397973 0.0330111524363 0.0391901687574 0.0206012582373 0.0773240107923 
0.471595999054 0.0861945667147 -0.012501376344 0.0490848038728 0.00818374145085 0.0256063082287 0.0545435017646 0.00550028303807 -0.00497405888553 0.0127655213718 0.00131978349044 0.0061802738869 0.00840417062792 0.0175378736657 0.152194265008 0.0228266510241 0.0172895666044 0.0241956236457 -0.00817079709204 0.00808075759319 0.0165530171742 -0.00277601285949 0.0141880355299 0.0332240814865 0.0248842298251 -0.00391335467222 0.0153688557736 0.0284800118498 0.0172099310775 0.00975752011741 0.0683330944122 0.0262999340724 0.0176612331324 0.0566910274991 0.0185139999082 0.0284633620859 0.0105145577339 0.0155494311013 0.0284256908607 0.052117115649 
0.0861945667147 0.475350006664 0.0184502708596 0.0569020640575 0.0380348206866 0.0319002137301 0.0415887091095 0.012494651084 0.00367920011477 0.0163966562234 0.0230397321766 0.0197602231678 0.022910245378 0.0101096496185 0.067066068698 0.0532107298695 0.0391433565173 0.0143475158572 0.00314352414433 -9.43597622056e-05 0.0144990447267 -0.00180095863405 -0.000591986561974 0.0272572376534 0.0393112124909 0.000752625231266 0.0451754250227 0.0420311270163 0.00463034473706 0.0133235279554 0.205568784142 0.0286897399646 0.0201917372775 0.0351968094245 0.0342782101949 0.0448256972799 0.0190130789796 0.0324064652926 0.0389244586367 0.0703146914373 
-0.012501376344 0.0184502708596 0.20317080741 0.0395994084242 0.0257247974356 0.0260215363308 0.014711853185 0.00905436410932 0.0210198225485 0.0149861486306 0.0172738439624 0.0408627181182 0.0346729477729 0.0190441324664 0.00882018363401 0.0232356171531 0.0138594818226 0.00920887441878 0.0631256004257 0.0196118597661 0.0152222432883 0.00673136885362 0.0085382259364 0.00907957714333 0.0221819082154 0.0206374410143 0.00722959464516 0.0248872802126 0.0289786661039 0.0143453575991 0.0229950308269 0.0199593263685 0.00837418933442 0.00343109450064 0.0011889155038 0.015880561693 0.0162459514952 0.00939407295489 0.00790768327261 0.0420590738119 
0.0490848038728 0.0569020640575 0.0395994084242 0.472529153276 0.0105487260161 0.0137503547018 0.0867440490824 0.0149334663929 0.000773339406842 0.0113639223307 0.037198700779 0.0241603445598 0.0144625184563 0.0110473904254 0.0221622409276 0.029244807421 0.028325916906 0.0283833357099 0.0518254563023 0.0246720703251 0.0217328364809 0.0233479774035 0.016266082654 0.0209847555837 0.0418649029721 0.00819232646836 0.0345676708112 0.0315208891257 0.0129573976453 0.0124593647122 0.0546769038044 0.0188919142208 0.0424311517287 0.113914590267 0.0323559462201 0.0495922377286 0.0253805851201 0.0295802913308 0.0407903845683 0.0622611178199 
0.00818374145085 0.0380348206866 0.0257247974356 0.0105487260161 0.209366567478 0.00754167893987 0.0329486697159 0.0179166430338 0.0105987755841 0.00823845197142 0.017668177407 0.0143102616446 0.0314169714276 0.0124166971974 0.00344888639364 0.00994207962182 0.0373201146454 0.0122664577938 0.0152875748021 0.00945335550559 0.014267263551 0.0109817765618 0.0128696039479 0.0257889740468 0.0216679329592 0.00376376835494 0.0163238979858 0.028477563781 0.00818628650615 0.0208485394496 0.0331203660782 0.0343511798544 0.0220660335971 0.0150101568302 0.0082531575972 0.0365667645991 0.0903225870109 0.0340184033667 0.0224187962981 0.0670642839273 
0.0256063082287 0.0319002137301 0.0260215363308 0.0137503547018 0.00754167893987 0.512441332651 0.00974705919377 0.00952952008969 0.000165634827115 0.014842152301 0.00494758302774 0.0308799519436 0.0511669434716 0.00792379547262 0.0500617370627 0.0337676649551 0.0240739462368 0.0300928701907 -0.000125562248752 0.00240039808123 0.00858463585058 0.005331793689 0.004922002772 0.00764241979371 0.00406076935088 0.00817683509337 -0.0038022193383 0.00977033147756 0.00798545046398 0.0168991064866 0.0467289069614 0.0144324650117 0.0107950422627 0.00142312873813 0.0216879087993 0.0179188134497 0.0149350632056 -0.0178789910274 0.0144129881867 0.0255124260183 
0.0545435017646 0.0415887091095 0.014711853185 0.0867440490824 0.0329486697159 0.00974705919377 0.905002682036 0.00385202458075 0.0143283175541 0.0294358044032 0.0216828935141 0.00763398192329 0.0126081477457 0.0184319854698 0.0445852990211 0.022681160759 0.0316107807657 0.0566099420449 0.0022246010225 0.0090529396783 0.0107780343454 -0.0224431082647 0.0302782143139 0.018158026263 0.030200933273 -0.00399868645495 0.0427169673745 0.0449403170984 -2.13721767776e-05 -0.00227527031577 0.0319469805449 0.028481095232 0.0188912404965 0.119457646673 0.0382660215872 0.0621462717237 0.0312875902065 0.0192552631013 0.0106869649141 0.048009351405 
0.00550028303807 0.012494651084 0.00905436410932 0.0149334663929 0.0179166430338 0.00952952008969 0.00385202458075 0.175753688425 0.0101948247582 0.00692979826636 0.011140089129 0.0243319577539 0.0142240431496 0.00149463093303 -0.00229256150507 0.00923355307455 0.00104386242673 0.0115856701702 0.0168321249736 0.00284612269998 -0.00717823974413 0.00206036044657 0.0106443583726 0.0142245072592 0.00598133331967 0.00857488274058 0.0022598903793 0.0208255276099 0.0128586148991 0.0182842053553 -0.0161780464834 0.00743060594772 0.0128195525824 0.0102997273689 -0.00396199890599 -0.00413516228559 0.0122583551406 0.00570069466634 0.0135512885819 0.012126384857 
-0.00497405888553 0.00367920011477 0.0210198225485 0.000773339406842 0.0105987755841 0.000165634827115 0.0143283175541 0.0101948247582 0.180082217257 0.0097813755232 0.0217770500163 0.0119863818746 0.022400469096 0.0149064948471 -0.0080583365884 0.0032316273668 0.0233890939106 0.0109841035893 0.00806629649411 0.0114405812654 0.00536549002924 0.00136642210683 0.019263938673 0.00222177960401 0.0105822353189 0.0109317505568 0.0188557951594 0.0109506141694 0.0158965680863 0.0146613502099 0.0144717789936 0.0205881398261 0.0109404858624 0.0240585211462 0.00228842370819 0.0284480183159 0.0159146160333 0.00494929561625 0.0142181915305 0.00863456354157 
0.0127655213718 0.0163966562234 0.0149861486306 0.0113639223307 0.00823845197142 0.014842152301 0.0294358044032 0.00692979826636 0.0097813755232 0.134368394997 0.000857885982805 0.0176383272375 0.0222874360607 0.0484471168359 0.0204683016569 0.00237443758196 0.00565631645507 0.00420345689402 0.0221873875283 0.0433317656724 0.0141116014107 0.00514975332759 0.0102579426879 0.0154415642707 0.01419964285 -0.000831097184961 0.00387512682887 0.0239499151684 0.0411121795017 0.00887092235228 0.0171298610355 0.0246061072628 0.00712859519381 -0.00269108077016 -0.00506742768683 0.0176399941042 0.00712380921165 0.00708882521311 0.00287689689364 0.0106969111368 
0.00131978349044 0.0230397321766 0.0172738439624 0.037198700779 0.017668177407 0.00494758302774 0.0216828935141 0.011140089129 0.0217770500163 0.000857885982805 0.460112954818 0.00249616566059 0.0163184169031 0.0147254759354 0.0066608226291 0.00486784317903 0.0185556303457 0.012232267697 0.0141981046655 0.00392157233316 0.0132312526436 0.0143754791515 0.000174991931317 -0.00781528790509 0.016652258881 0.0170339353561 0.0413277785791 0.0269644855392 0.00308948034502 0.0337037444518 0.0471592157645 0.0120162258851 0.00607405352608 0.0215572837989 0.00108924561512 0.0145543035903 0.00944641150295 -0.00609723869202 0.0128873164824 0.00621842836836 
0.0061802738869 0.0197602231678 0.0408627181182 0.0241603445598 0.0143102616446 0.0308799519436 0.00763398192329 0.0243319577539 0.0119863818746 0.0176383272375 0.00249616566059 0.166502328491 0.0498695579818 0.0195920349575 -0.00377097085949 0.0185434125411 0.0170714722901 0.0192720300236 0.00926573202322 0.0181033464422 0.00537693114287 0.019328577091 0.0131315957545 0.0162517778394 0.0111144371599 0.00565423253984 0.0128347983476 0.0333266824401 0.023057829553 0.0222299746302 0.00988920947724 0.0198127224703 0.0222745200912 0.0217295789168 -0.0101317069038 0.0329113426057 0.0198994644457 0.0130023370801 0.0166984419523 0.0390997320262 
0.00840417062792 0.022910245378 0.0346729477729 0.0144625184563 0.0314169714276 0.0511669434716 0.0126081477457 0.0142240431496 0.022400469096 0.0222874360607 0.0163184169031 0.0498695579818 0.178480686758 0.022471665208 -0.00914214348732 0.0160504326709 0.0182391823279 0.0331012611087 0.00890494705388 0.0129047962168 0.00504309058905 0.0220993735861 0.0156124463197 0.00946674837166 0.0241922777506 0.00665582425475 0.0218968000436 0.0218012457183 0.0272986787112 0.0206051408987 0.0170524497986 0.0269106433332 0.0248187208868 0.0257773479174 -0.000607780660584 0.037765377553 0.0189131442842 0.0149056806103 0.0168972591693 0.0442089670998 
0.0175378736657 0.0101096496185 0.0190441324664 0.0110473904254 0.0124166971974 0.00792379547262 0.0184319854698 0.00149463093303 0.0149064948471 0.0484471168359 0.0147254759354 0.0195920349575 0.022471665208 0.148504907381 0.0206816937417 0.00567345536188 0.00819023737075 0.0139828343214 0.0218040631008 0.0471246512402 0.0175716004811 0.00458793008469 0.00898344503322 0.0110126555481 0.0147826263923 0.00429348447867 0.00495064354738 0.0230929982802 0.0432089624157 0.004754511638 0.01158515188 0.0250822815723 0.00237540254543 0.00590084693535 0.00393603512648 0.0210163727509 -0.00161566270589 0.0192828380303 0.00625381296224 0.00828484817456 
0.152194265008 0.067066068698 0.00882018363401 0.0221622409276 0.00344888639364 0.0500617370627 0.0445852990211 -0.00229256150507 -0.0080583365884 0.0204683016569 0.0066608226291 -0.00377097085949 -0.00914214348732 0.0206816937417 0.425647852119 0.0130232494564 0.0272012775448 0.00428124359103 -0.00793968683264 0.0153317976821 0.00361118927318 0.0302081530868 0.0053386262877 0.0154343783408 0.0285143243208 -0.00322318458826 0.00321077837642 0.0136058753455 0.0151884599029 0.00687053037195 0.0758350783667 0.00158586977201 -0.00885051464903 0.0085496397043 0.0211603462617 0.0187905161083 0.00360662161049 0.00529526752527 0.0214369930375 0.0485848912375 
0.0228266510241 0.0532107298695 0.0232356171531 0.029244807421 0.00994207962183 0.0337676649551 0.022681160759 0.00923355307455 0.0032316273668 0.00237443758196 0.00486784317903 0.0185434125411 0.0160504326709 0.00567345536188 0.0130232494564 0.30250842338 0.0124570022454 0.00545906361282 0.000819445084163 0.00262110467406 0.00639961536797 0.0129979713913 0.0051838725389 0.0208942999943 0.022377986777 0.0105713855135 0.0105692742466 0.0281252812187 -0.00396776484296 0.0171193000366 0.0671767428935 0.0460532466112 0.0180631391237 0.0104789833771 0.0202042477539 0.0279318005096 0.0132353510266 0.00525767836208 0.0239464018364 0.0443128132173 
0.0172895666044 0.0391433565173 0.0138594818226 0.028325916906 0.0373201146454 0.0240739462368 0.0316107807657 0.00104386242673 0.0233890939106 0.00565631645507 0.0185556303457 0.0170714722901 0.0182391823279 0.00819023737075 0.0272012775448 0.0124570022454 0.312366907471 -0.000925306428813 0.00823944874429 0.00518814053995 0.025238503087 0.00787236952538 0.018361218866 0.0260965646902 0.0261384106991 0.019134759492 0.0338735950098 0.0254000881089 0.00776691735595 0.0211727453617 0.00732085556526 0.0099976172457 0.0410488176396 0.00107483164713 0.0123405671482 0.0412450927651 0.0344093522683 0.0165983139821 0.00345731537441 0.0401854690995 
0.0241956236457 0.0143475158572 0.00920887441878 0.0283833357099 0.0122664577938 0.0300928701907 0.0566099420449 0.0115856701702 0.0109841035893 0.00420345689402 0.012232267697 0.0192720300236 0.0331012611087 0.0139828343214 0.00428124359103 0.00545906361282 -0.000925306428813 0.440452651165 0.0038131911282 0.0103036912312 0.012639588478 0.0157893432269 0.0265160000395 0.0130305203881 0.0324530840086 0.00166196533227 0.0294722498421 0.0133123231265 0.0259972032853 0.00848287653661 0.00275774812763 0.00416681833608 0.00364763654106 0.058764179127 0.0163265767279 0.00408664843358 0.0039307388802 0.0251547489723 0.0105144824404 0.0271395291176 
-0.00817079709204 0.00314352414433 0.0631256004257 0.0518254563023 0.0152875748021 -0.000125562248752 0.0022246010225 0.0168321249736 0.00806629649411 0.0221873875283 0.0141981046655 0.00926573202322 0.00890494705388 0.0218040631008 -0.00793968683264 0.000819445084164 0.00823944874429 0.0038131911282 0.376070960283 0.0219931605557 0.0124701838623 0.0254318583178 0.0172230274154 0.0108976933985 0.0227471722057 0.00973274302907 0.00244894545614 0.0269594583997 0.00867503669591 0.0337754725896 0.0223332046289 0.0162024864535 0.0122179255882 -0.00126965427792 0.00232661224336 0.0200315776032 0.0154785452134 0.0080492153747 -0.00117519550976 0.0102799234471 
0.00808075759319 -9.43597622052e-05 0.0196118597661 0.0246720703251 0.00945335550559 0.00240039808123 0.0090529396783 0.00284612269998 0.0114405812654 0.0433317656724 0.00392157233316 0.0181033464422 0.0129047962168 0.0471246512402 0.0153317976821 0.00262110467406 0.00518814053995 0.0103036912312 0.0219931605557 0.140447056408 0.0137468976757 0.0144090238163 0.0127565920732 0.00178277964687 0.0107478575725 0.0131693995714 0.00568765636807 0.00957879257054 0.0469825101929 0.00110166588647 0.0153591923043 0.0228187291503 0.00726279966557 0.000436235536363 0.00653585344376 -0.000260766970264 0.0108217014652 0.012314271717 0.00212245245159 0.00200820809772 
0.0165530171742 0.0144990447267 0.0152222432883 0.0217328364809 0.014267263551 0.00858463585058 0.0107780343454 -0.00717823974413 0.00536549002924 0.0141116014107 0.0132312526436 0.00537693114287 0.00504309058905 0.0175716004811 0.00361118927318 0.00639961536798 0.025238503087 0.012639588478 0.0124701838623 0.0137468976757 0.312872302705 -0.00237306261561 0.00182778270896 0.0277329393969 0.0219651517736 0.0190847498266 0.0268778464298 0.0290969751684 0.0243687277018 0.0295082080916 0.0240974354404 0.00727834341321 0.00911731024386 0.0134808473209 0.0144826781096 0.0289343062305 0.0294817847473 0.00379342753222 0.00184517224603 0.0074755005069 
-0.00277601285949 -0.00180095863405 0.00673136885362 0.0233479774035 0.0109817765618 0.005331793689 -0.0224431082647 0.00206036044657 0.00136642210683 0.00514975332759 0.0143754791515 0.019328577091 0.0220993735861 0.00458793008469 0.0302081530868 0.0129979713913 0.00787236952538 0.0157893432269 0.0254318583178 0.0144090238163 -0.00237306261561 0.98182525393 -0.00737330605783 0.00541072846526 0.0143988026569 -0.00409975555362 -0.000672340612789 0.00996768270332 0.011563291931 0.00579672865377 -0.00590244344218 0.010532601766 0.00435080727523 0.0109464687205 0.00375468615788 0.016057760048 0.0159232687958 0.0152465911888 0.0242276900109 0.0121319842649 
0.0141880355299 -0.000591986561974 0.0085382259364 0.016266082654 0.0128696039479 0.004922002772 0.0302782143139 0.0106443583726 0.019263938673 0.0102579426879 0.000174991931316 0.0131315957545 0.0156124463197 0.00898344503322 0.0053386262877 0.0051838725389 0.018361218866 0.0265160000395 0.0172230274154 0.0127565920732 0.00182778270896 -0.00737330605783 0.402723644266 0.0211728907488 0.0146627630479 0.00272808881555 0.0141360572803 0.0306892819641 0.00399490273435 0.0110595012882 0.0266568707094 0.0161616955932 0.0156518531182 0.0239049140775 0.0176431154635 0.00865251267888 0.0296555454611 0.0116808819942 0.0187586318948 0.0449238684914 
0.0332240814865 0.0272572376534 0.00907957714333 0.0209847555837 0.0257889740468 0.00764241979371 0.018158026263 0.0142245072592 0.00222177960401 0.0154415642707 -0.0078152879051 0.0162517778394 0.00946674837166 0.0110126555481 0.0154343783408 0.0208942999943 0.0260965646902 0.0130305203881 0.0108976933985 0.00178277964687 0.0277329393969 0.00541072846526 0.0211728907488 0.333676523367 0.0188260831118 0.0047188795521 0.0021843802701 0.0120512247603 0.0120283437577 0.0145195689712 0.0297746809115 0.0145164183662 0.0152111495114 0.0367142261056 0.00847575576567 0.0258000640916 0.00858633059145 0.0106053177443 0.0140356883782 -0.000995790932554 
0.0248842298251 0.0393112124909 0.0221819082154 0.0418649029721 0.0216679329592 0.00406076935088 0.030200933273 0.00598133331967 0.0105822353189 0.01419964285 0.016652258881 0.0111144371599 0.0241922777506 0.0147826263923 0.0285143243208 0.022377986777 0.0261384106991 0.0324530840086 0.0227471722057 0.0107478575725 0.0219651517736 0.0143988026569 0.0146627630479 0.0188260831118 0.194275413177 0.000332920899805 0.0351011821706 0.0189663184039 0.0195297675455 0.0130559568158 0.0432123033558 0.0262814766726 0.00594505170343 0.0239759244056 0.0119079830576 0.0611403943733 0.0376174563288 0.0192262936117 0.0162533540032 0.0476936479677 
-0.00391335467222 0.000752625231265 0.0206374410143 0.00819232646836 0.00376376835494 0.00817683509337 -0.00399868645495 0.00857488274058 0.0109317505568 -0.000831097184962 0.0170339353561 0.00565423253984 0.00665582425474 0.00429348447866 -0.00322318458826 0.0105713855135 0.019134759492 0.00166196533227 0.00973274302907 0.0131693995714 0.0190847498266 -0.00409975555362 0.00272808881555 0.0047188795521 0.000332920899805 0.222489593351 0.00883996101292 0.0157490055852 -1.0445833047e-06 0.001248088095 0.00589955642272 0.0103315218654 0.0154303149747 0.0123190550758 -0.0025777185117 0.0169527271227 0.00613682861233 0.00583693997604 0.00483668233926 0.0194052117464 
0.0153688557736 0.0451754250227 0.00722959464516 0.0345676708112 0.0163238979858 -0.0038022193383 0.0427169673745 0.0022598903793 0.0188557951594 0.00387512682887 0.0413277785791 0.0128347983476 0.0218968000436 0.00495064354738 0.00321077837642 0.0105692742466 0.0338735950098 0.0294722498421 0.00244894545614 0.00568765636807 0.0268778464298 -0.000672340612789 0.0141360572803 0.0021843802701 0.0351011821706 0.00883996101292 0.391009962028 0.0153194564694 0.00284382361707 0.0305955727026 0.0420309050276 0.0301434606342 0.00705443971145 0.0474991955789 0.0449992317954 0.0257175565214 0.0391593590378 0.015877643533 0.0223421805921 0.0476371780495 
0.0284800118498 0.0420311270163 0.0248872802126 0.0315208891257 0.028477563781 0.00977033147756 0.0449403170984 0.0208255276099 0.0109506141694 0.0239499151684 0.0269644855392 0.0333266824401 0.0218012457183 0.0230929982802 0.0136058753455 0.0281252812187 0.0254000881089 0.0133123231265 0.0269594583997 0.00957879257054 0.0290969751684 0.00996768270332 0.0306892819641 0.0120512247603 0.0189663184039 0.0157490055852 0.0153194564694 0.227811880237 0.0202700508802 0.00902743897268 0.0308828174126 0.048836886147 0.024193129576 0.0205673335051 0.0185186806452 0.0361321723043 0.0309383267951 0.0109001916347 0.0217061984175 0.0415875480808 
0.0172099310775 0.00463034473706 0.0289786661039 0.0129573976453 0.00818628650615 0.00798545046398 -2.13721767777e-05 0.0128586148991 0.0158965680863 0.0411121795017 0.00308948034502 0.023057829553 0.0272986787112 0.0432089624157 0.0151884599029 -0.00396776484296 0.00776691735595 0.0259972032853 0.00867503669591 0.0469825101929 0.0243687277018 0.011563291931 0.00399490273435 0.0120283437577 0.0195297675455 -1.04458330436e-06 0.00284382361707 0.0202700508802 0.180167563836 0.0165659559401 0.0154661776614 0.0241450751822 0.0211755942642 0.00377781200914 0.00687440442345 0.0205876670497 0.0114223994136 0.0121771719294 0.00939506282 0.0155733971936 
0.00975752011741 0.0133235279554 0.0143453575991 0.0124593647122 0.0208485394496 0.0168991064866 -0.00227527031577 0.0182842053553 0.0146613502099 0.00887092235228 0.0337037444518 0.0222299746302 0.0206051408987 0.004754511638 0.00687053037195 0.0171193000366 0.0211727453617 0.00848287653661 0.0337754725896 0.00110166588647 0.0295082080916 0.00579672865377 0.0110595012882 0.0145195689712 0.0130559568158 0.001248088095 0.0305955727026 0.00902743897268 0.0165659559401 0.229405849511 -0.00810263252553 0.0104346775446 0.00934223599038 0.00501448842173 0.00671281793438 0.0200752249417 0.0214475643246 0.00695256167337 0.0122113759718 0.0306190778795 
0.0683330944122 0.205568784142 0.0229950308269 0.0546769038044 0.0331203660781 0.0467289069614 0.0319469805449 -0.0161780464834 0.0144717789936 0.0171298610355 0.0471592157645 0.00988920947724 0.0170524497986 0.01158515188 0.0758350783667 0.0671767428935 0.00732085556526 0.00275774812763 0.0223332046289 0.0153591923043 0.0240974354404 -0.00590244344218 0.0266568707094 0.0297746809115 0.0432123033558 0.00589955642272 0.0420309050276 0.0308828174126 0.0154661776614 -0.00810263252553 0.615888096433 0.0254392497912 0.021620787756 0.0491608353872 0.0450345212146 0.0407821534333 0.0261343368287 0.0372677987006 0.0360337977957 0.0565828304052 
0.0262999340724 0.0286897399646 0.0199593263685 0.0188919142208 0.0343511798544 0.0144324650117 0.028481095232 0.00743060594772 0.0205881398261 0.0246061072628 0.0120162258851 0.0198127224703 0.0269106433332 0.0250822815723 0.00158586977201 0.0460532466112 0.0099976172457 0.00416681833608 0.0162024864535 0.0228187291503 0.00727834341321 0.010532601766 0.0161616955932 0.0145164183662 0.0262814766726 0.0103315218654 0.0301434606342 0.048836886147 0.0241450751822 0.0104346775446 0.0254392497912 0.244462297344 0.0201732654522 0.0288839261821 0.0116235546979 0.0368563249163 0.0151508506179 0.0161016713514 0.00839807995098 0.0432689375308 
0.0176612331324 0.0201917372775 0.00837418933442 0.0424311517287 0.0220660335971 0.0107950422627 0.0188912404965 0.0128195525824 0.0109404858624 0.00712859519381 0.00607405352608 0.0222745200912 0.0248187208868 0.00237540254543 -0.00885051464903 0.0180631391237 0.0410488176396 0.00364763654106 0.0122179255882 0.00726279966557 0.00911731024386 0.00435080727523 0.0156518531182 0.0152111495114 0.00594505170343 0.0154303149747 0.00705443971146 0.024193129576 0.0211755942642 0.00934223599038 0.021620787756 0.0201732654522 0.342931092645 0.0312947281376 0.00686950239293 0.0146805957452 0.0171880581553 0.00299776493877 0.00520682770342 0.037013926046 
0.0566910274991 0.0351968094245 0.00343109450064 0.113914590267 0.0150101568302 0.00142312873813 0.119457646673 0.0102997273689 0.0240585211462 -0.00269108077016 0.0215572837989 0.0217295789168 0.0257773479174 0.00590084693535 0.0085496397043 0.0104789833771 0.00107483164713 0.058764179127 -0.00126965427792 0.000436235536363 0.0134808473209 0.0109464687205 0.0239049140775 0.0367142261056 0.0239759244056 0.0123190550758 0.0474991955789 0.0205673335051 0.00377781200914 0.00501448842173 0.0491608353872 0.0288839261821 0.0312947281376 0.438304057123 0.0335336166123 0.0557327316688 0.0312738229316 0.025282712743 0.0306998221285 0.0569031319752 
0.0185139999082 0.0342782101949 0.0011889155038 0.0323559462201 0.0082531575972 0.0216879087993 0.0382660215872 -0.00396199890599 0.00228842370819 -0.00506742768683 0.00108924561512 -0.0101317069038 -0.000607780660584 0.00393603512648 0.0211603462617 0.0202042477539 0.0123405671482 0.0163265767279 0.00232661224336 0.00653585344376 0.0144826781096 0.00375468615788 0.0176431154635 0.00847575576567 0.0119079830576 -0.0025777185117 0.0449992317954 0.0185186806452 0.00687440442345 0.00671281793438 0.0450345212146 0.0116235546979 0.00686950239293 0.0335336166123 0.338014044169 0.0173831617658 0.0160605718373 0.0101855854717 0.00912106985853 0.0239466533726 
0.0284633620859 0.0448256972799 0.015880561693 0.0495922377286 0.0365667645991 0.0179188134497 0.0621462717237 -0.00413516228558 0.0284480183159 0.0176399941042 0.0145543035903 0.0329113426057 0.037765377553 0.0210163727509 0.0187905161083 0.0279318005096 0.0412450927651 0.00408664843358 0.0200315776032 -0.000260766970264 0.0289343062305 0.016057760048 0.00865251267888 0.0258000640916 0.0611403943733 0.0169527271227 0.0257175565214 0.0361321723043 0.0205876670497 0.0200752249417 0.0407821534333 0.0368563249163 0.0146805957452 0.0557327316688 0.0173831617658 0.275671236752 0.0365263286623 0.0173576519104 0.0245283335576 0.0505931739575 
0.0105145577339 0.0190130789796 0.0162459514952 0.0253805851201 0.0903225870109 0.0149350632056 0.0312875902065 0.0122583551406 0.0159146160333 0.00712380921165 0.00944641150295 0.0198994644457 0.0189131442842 -0.00161566270589 0.00360662161049 0.0132353510266 0.0344093522683 0.0039307388802 0.0154785452134 0.0108217014652 0.0294817847473 0.0159232687958 0.0296555454611 0.00858633059145 0.0376174563288 0.00613682861233 0.0391593590378 0.0309383267951 0.0114223994136 0.0214475643246 0.0261343368287 0.0151508506179 0.0171880581553 0.0312738229316 0.0160605718373 0.0365263286623 0.30516501125 0.0298145116383 0.0134905355652 0.060249120879 
0.0155494311013 0.0324064652926 0.00939407295489 0.0295802913308 0.0340184033667 -0.0178789910274 0.0192552631013 0.00570069466634 0.00494929561625 0.00708882521311 -0.00609723869202 0.0130023370801 0.0149056806103 0.0192828380303 0.00529526752527 0.00525767836208 0.0165983139821 0.0251547489723 0.00804921537469 0.012314271717 0.00379342753222 0.0152465911888 0.0116808819942 0.0106053177443 0.0192262936117 0.00583693997604 0.015877643533 0.0109001916347 0.0121771719294 0.00695256167337 0.0372677987006 0.0161016713514 0.00299776493877 0.025282712743 0.0101855854717 0.0173576519104 0.0298145116383 0.20185993068 0.023358585328 0.0274506233107 
0.0284256908607 0.0389244586367 0.00790768327261 0.0407903845683 0.0224187962981 0.0144129881867 0.0106869649141 0.0135512885819 0.0142181915305 0.00287689689364 0.0128873164824 0.0166984419523 0.0168972591693 0.00625381296224 0.0214369930375 0.0239464018364 0.00345731537441 0.0105144824404 -0.00117519550976 0.00212245245159 0.00184517224603 0.0242276900109 0.0187586318948 0.0140356883782 0.0162533540032 0.00483668233926 0.0223421805921 0.0217061984175 0.00939506282 0.0122113759718 0.0360337977957 0.00839807995098 0.00520682770342 0.0306998221285 0.00912106985853 0.0245283335576 0.0134905355652 0.023358585328 0.185784181831 0.0289978945939 
0.052117115649 0.0703146914373 0.0420590738119 0.0622611178199 0.0670642839273 0.0255124260183 0.048009351405 0.012126384857 0.00863456354157 0.0106969111368 0.00621842836836 0.0390997320262 0.0442089670998 0.00828484817456 0.0485848912375 0.0443128132173 0.0401854690995 0.0271395291176 0.0102799234471 0.00200820809772 0.0074755005069 0.0121319842649 0.0449238684914 -0.000995790932554 0.0476936479677 0.0194052117464 0.0476371780495 0.0415875480808 0.0155733971936 0.0306190778795 0.0565828304052 0.0432689375308 0.037013926046 0.0569031319752 0.0239466533726 0.0505931739575 0.060249120879 0.0274506233107 0.0289978945939 0.46718960972 

['SLB', 'NUE', 'CMA', 'FSL.B', 'HD', 'SNA', 'AMD', 'JNJ', 'SLE', 'SO', 'BMY', 'STI', 'WB', 'AEE', 'NBR', 'BLL', 'GPS', 'AV', 'SWY', 'DTE', 'STZ', 'NFB', 'CPWR', 'BF.B', 'DHR', 'TAP', 'HLT', 'PCL', 'FE', 'WYE', 'X', 'AIV', 'TSG', 'KLAC', 'NCR', 'BEN', 'LOW', 'RTN', 'DD', 'CTX']