60
0.103194060275 0.0289058353667 0.116792266476 0.0352458247454 0.169485482474 0.112290577846 0.0131635076039 0.044891801276 0.126302472887 0.0715007016099 0.0151091702759 0.146363775453 0.0384738749472 0.0246636786654 0.143584613331 0.0739523233915 0.0501755430095 0.0280903462606 0.0135350028622 0.0355019489908 0.0215013837744 0.0220144037379 0.0486664598358 0.0800378705657 0.0559384191954 0.0335319673985 0.0602494739115 0.0424048973372 0.0374431650663 0.0755152896869 0.0267221777707 0.0253746335001 0.0266110290159 0.0623322546876 0.0970140476379 0.0631330997176 0.039859092222 0.0290232005544 0.0184249616408 0.0123991351417 0.0576577356707 0.0378808118353 0.0831725949645 0.00873698993333 0.02392892696 0.0664901393557 0.0146510565804 0.0538205376978 0.0273717205438 0.0565518641406 0.0202574279786 0.0716450377603 0.0270000307956 0.0113752176021 0.0380825412642 0.129241945615 0.0698927007 0.0654803135324 0.0240188564254 0.018453974145 
0.555983866607 0.00196021451747 -0.000401308886139 0.0160073404888 0.00640785614469 0.0362077673044 0.013398986536 0.0297680649536 0.0221723143946 0.000839985972187 0.0130529617275 0.0121890520793 0.0177116130591 0.00591556674479 0.0713803513708 0.0298290173351 0.0320682853715 0.0165300236936 0.0138972809262 0.0117227371489 0.0227115969969 0.0255179363239 0.0167092289135 0.0355355537944 0.00935562160536 0.0358491429834 0.0164758610634 0.0148034266763 0.0294003027155 0.00264972920997 0.0268145901472 0.0228314458268 0.00680183631641 0.0159077726032 0.1025336354 0.0240768453126 0.0256311026751 0.0196084943898 0.00842455161504 0.0293272627824 0.0355434328513 0.0185413415871 0.0182212414782 0.0109630025008 0.0257604711084 0.0301574364182 0.0221122869389 0.0330755678036 0.0136561649152 0.0427489369951 0.0512408243863 0.0111214105346 0.0320535579513 0.033984763809 0.0225420422999 -0.00334587043901 0.0642216854215 0.053575865976 0.0222641074561 0.0161415283888 
0.00196021451747 0.220662263019 0.00853672809958 0.0166252890544 0.0450376430413 0.0405866064329 0.00929941857799 0.0197157073098 0.00769911859267 0.0156161262041 0.0139439433635 0.00507856509821 0.00366020860321 0.0177876271699 0.0188853006927 0.00907470107595 0.00896283750335 0.0197420545067 0.033167911556 0.0283585931622 0.0280350009153 0.00938973158402 0.0197644620079 0.018957922294 0.0197697899124 0.017913695242 0.0120882903766 0.00271295081461 0.0122872639555 0.00766858465203 0.0256422534142 0.0171329967951 -0.00395636503265 -0.00182905122126 0.0181967382031 0.0130595631987 0.0198236890592 0.0344651253878 0.0179449079227 0.0123786239063 0.0111587994897 0.0282990032625 0.0494514634208 0.010139241454 0.00634310683807 0.0230778622248 0.020468823268 0.0242737934975 0.00881870582291 0.00973057738241 0.0161980399875 0.0202057038167 0.0150646452927 0.0154924401298 0.0242705947154 6.99076824829e-05 0.0469592208276 0.0165664932128 0.0244954502114 0.00140061324225 
-0.000401308886139 0.00853672809958 0.592809678318 0.0056539349758 -0.00718258983559 -0.00780551312012 0.00891134432644 0.00760662620423 0.0129594235133 -0.007914677341 0.00910067241018 0.0104991939996 0.00178247236334 0.00448958021201 0.01264505502 0.017503941612 -0.00711716118234 0.0121897250315 0.00252705374056 0.0243371421749 0.0177139169269 -0.00112933912713 0.0654074325673 0.0148846997285 0.011452721662 0.00632438794129 0.0282583587823 0.0964488437769 0.0195028047378 0.0299055841296 0.00643426949367 0.00565693032695 0.00545043820376 0.00798796666627 0.0222857200183 -0.00214533761575 0.00560491440669 0.00508996476714 0.00917711965341 0.00704414657935 -0.00158563007086 0.0096898202299 0.0120087300678 0.00826150675323 0.00460087668404 0.00989956551191 -0.00540122718732 0.00674090148831 0.00458343306341 0.00335420295062 0.00614299535933 0.00413183489251 0.00711258834476 0.00828318423853 0.00946607643029 -0.0072072678379 0.00388492812876 0.0033049530764 0.0112768168995 0.00287735235437 
0.0160073404888 0.0166252890544 0.0056539349758 0.209178218884 -0.0174434727458 0.0129310772722 0.00262657460505 0.0153105711211 0.0133878499399 0.0285983602855 0.0211743911893 0.00512420492059 0.023415952773 0.00628487888198 -0.00433276470146 0.0189762195515 0.00565126375006 0.0178324565686 0.00852116968816 0.0199038409141 0.00687525947916 0.00864234969772 0.0232689751166 0.0167118250631 0.013189505685 0.0116962325661 0.0160686537118 -0.00575119623249 0.00275429731425 0.00942669357884 0.0121508986082 0.0141003109249 0.0113927018809 0.00455223079563 0.0416612690114 0.0275903739328 0.0208752174131 0.0155175793785 0.0219748043461 0.0171793939017 0.0147627233278 0.0168284956801 0.0162377623027 -0.00071393973795 0.0141474028186 0.0237691799833 0.0106446216116 0.00904423189136 0.00731312600921 0.020653900759 0.0224270230442 0.0229706231592 0.00532712088736 0.0176401401731 0.00215457606946 0.00505784605255 0.0122163975689 0.0143073572576 0.00933119756358 0.0123195309532 
0.00640785614469 0.0450376430413 -0.00718258983559 -0.0174434727458 0.670625148624 0.0398769400816 0.0166528722124 0.0129586633919 0.0296291332 0.0324530877862 0.0113032979766 -0.00238846002544 0.0169489992116 -0.0019978747831 0.0420860543376 0.015776285146 0.0206309192768 -0.00154718008367 0.00759434604121 -0.00286706637745 0.00317115422317 0.0269967969334 0.0359018870259 0.024135840473 0.0183126232285 0.0129629251691 0.00123496230287 0.00390752582089 -0.00582302720448 0.0184727535886 0.0291922051912 -0.0024866028875 0.00183792518728 0.00878734331924 0.0136913569608 0.0471275162265 0.00932342406369 0.0137382031457 0.00264554487834 0.00286012660628 0.0040057985969 0.0368588246714 -0.000391424908172 0.0109125683616 0.00294152657603 0.0171876941029 -0.00269730200284 0.0273379197756 0.0058682278378 0.014806030616 -0.0019258864163 0.0386607498654 0.00783329985729 0.000370101109158 0.0274646052343 0.00543999544649 0.033291885856 0.0109391935836 0.0281314250414 -0.0195774945943 
0.0362077673044 0.0405866064329 -0.00780551312012 0.0129310772722 0.0398769400816 0.442170985275 0.0190345695126 0.0301087954292 0.0854690568121 0.0099131017473 0.00559295788543 0.00808857466513 0.0183086514064 0.0152217554006 0.215667108513 0.0273772868075 0.024070457322 -0.0153428186392 0.0187447137582 0.0123602593512 0.0245470436739 0.0203788428719 0.0224872482236 0.0264112921127 -0.00478065625973 0.0326980424677 0.0146713172624 -0.00423351209969 0.00562672603406 -0.00643387230161 0.0358118818644 0.0395772941289 0.0197748172672 -0.00742387022835 0.0595235255923 0.0407456907078 0.0496490195063 0.0114421416727 0.0202870641489 0.00645384489548 0.0160280813702 0.0107407759519 0.058203866399 0.00221380095173 0.0089466758927 0.00259750537747 -0.00096156790541 0.00915284582326 0.0240980333029 0.0146494849236 0.0358858874253 0.0143873717123 0.0209064641491 -0.00601622270509 0.0106378992941 0.0420159283674 0.0248088051072 0.0321362858186 0.0296235101247 0.00235048953985 
0.013398986536 0.00929941857799 0.00891134432644 0.00262657460505 0.0166528722124 0.0190345695126 0.149870944712 0.00251498914705 0.0140849248403 0.00804112084678 0.0123962107096 0.00156463662829 0.0115165769775 0.0242303393636 0.0204574749858 0.0116890472895 0.0118073776657 0.0109961632905 0.0124084882577 0.0054882904846 -9.37653795448e-05 0.0516568858421 0.0186615178043 0.00573484432657 0.0045814603535 -0.00119901600189 0.0129878960236 0.000815478270249 0.0127103127999 0.000958075917426 0.037319447947 0.0112172630118 0.0181401421203 0.00182163624861 0.00529060252408 -0.00415910820678 0.00675519405242 0.0130545390543 0.0261954232036 0.0169282634856 0.0187270094166 0.0125041430131 0.0136352174599 0.0116520306558 -0.00125907678365 0.0185823064407 0.00615773054162 0.0132158820524 0.0114162680887 0.0244717076677 0.0162314354127 0.0102976441925 0.00185452143131 0.012056682124 0.00239100162914 0.0233500051438 0.00658411797102 0.00213044489995 2.75018205953e-05 0.0154488246446 
0.0297680649536 0.0197157073099 0.00760662620423 0.0153105711211 0.0129586633919 0.0301087954292 0.00251498914705 0.324411760021 0.0468238726438 0.020007276567 0.015532990763 0.0123154991721 0.00978597957536 0.0113523432677 0.0363562597292 0.0302922611192 -0.0024337936482 0.0275576667836 0.015581266129 0.0112838797296 0.0148107196669 0.0161943663659 0.0139012820175 0.0156056936491 0.00818256494022 0.024282350102 0.0186837550056 0.0290592012641 0.0149720256445 0.0631805133002 0.0285758990172 0.00602429511643 -0.00166285771225 0.00455945736414 0.0327704841289 0.0155854196566 0.0261658956056 0.0193362930838 0.0135929509863 0.0179567435573 0.0294528242884 0.0215728625094 0.0122593393093 0.0179991150481 0.0353289878525 0.0330124091792 0.00509103955597 0.0128894996593 0.0412034639188 0.0127484745829 0.0228234074721 0.0011971039287 0.0347332363185 0.0231059970713 0.0119398977729 0.0062090086628 0.0118306344979 0.0242508423101 0.0308310359621 -0.00472218668341 
0.0221723143946 0.00769911859267 0.0129594235133 0.0133878499399 0.0296291332 0.0854690568121 0.0140849248403 0.0468238726438 0.503649130504 0.0317698146027 0.0106134473087 0.0466235797453 0.0233733433911 0.010509233054 0.128487902953 0.0135939704198 0.0139114610311 0.00219335441603 -0.0015144883804 -0.00306796755927 0.0176830929097 0.0133922298252 -0.00729696511435 0.0133800901449 0.0181389980956 0.0237395947501 -0.00099024034034 -0.0063625518438 0.0169001550583 0.0111082285706 0.0189394913248 -0.0168795052846 0.00922861715446 -0.0141871243898 0.0356742238991 0.0298652768914 0.0108985447996 -0.00259617003742 0.0121004834812 0.00296079569076 0.0116175952087 0.0183047762956 0.0497084266511 0.00265461553736 -0.00532412600243 0.0186876740696 0.0150597275004 0.0181827557276 0.0315165626668 0.0044192622082 0.0230868681214 -0.0208245034826 0.0021294200761 -0.00230057864244 0.0184064115536 0.01350119177 0.0208489875225 0.0099414130145 0.0124400518244 0.00261494411003 
0.000839985972187 0.0156161262041 -0.007914677341 0.0285983602855 0.0324530877862 0.0099131017473 0.00804112084678 0.020007276567 0.0317698146027 0.586479624213 0.0231865106646 -0.0128459644823 0.00987474878578 0.0106368822681 -0.00692938390664 0.0130070256927 0.0303348643251 0.0135662515201 0.00544679208005 0.00930862408656 0.0159542176441 0.0158080542518 0.00510886868301 0.00948728750584 0.0261052870254 0.0186704559062 0.00396179800848 0.00108672802266 0.018307350353 0.0201716884776 0.0162583853379 0.00843524586996 -0.00145808447292 0.00783142535992 0.0343683600708 0.0205308623753 -0.000111748943722 0.00137102255305 0.0169668928947 0.00227434261051 0.0117860738545 0.0019418662718 -0.00293076399503 0.00802850452278 0.00447990250415 -0.00699443799528 0.00830332576445 0.0084789270891 -0.00397604045904 0.0258255857118 0.0107244944071 0.00713708146774 0.00640851523158 0.0100742861514 0.0180680328456 0.0179963685505 0.000986626716693 0.015792216304 0.00980405466934 -0.00916161835063 
0.0130529617275 0.0139439433635 0.00910067241018 0.0211743911893 0.0113032979766 0.00559295788543 0.0123962107096 0.015532990763 0.0106134473087 0.0231865106646 0.150373243566 0.0143223680378 0.0171673732684 0.00233631963869 0.000813223054402 -0.00100078812076 0.00303937846779 0.016584413403 0.00795709158417 0.0196922911956 0.0163086082962 0.00864935070469 0.00433818134781 0.00415385678152 0.0154550976703 0.011838695978 0.011417763309 0.0154769065858 0.0133920971291 0.00849534031273 0.00395395198994 0.0101462723613 0.0223226200111 -0.00571799285566 0.0189341911601 -0.0015055233042 0.00723505986729 0.0193347066815 0.0196121375365 0.00774843997253 0.00563311645486 0.00200187928844 -0.00272358606637 0.00667522559188 0.0109995114573 0.024501041407 0.0170166649991 0.0118401084543 0.00833408899548 0.0151298319904 0.0126296291503 6.37813869658e-05 0.0126990631867 0.0137940906942 0.0173257100188 -0.00739795929869 0.0162483124699 0.00632581687705 0.0133482014522 0.00708281650714 
0.0121890520793 0.00507856509821 0.0104991939996 0.00512420492059 -0.00238846002544 0.00808857466513 0.00156463662829 0.0123154991721 0.0466235797453 -0.0128459644823 0.0143223680378 0.964907657782 0.0180714044078 0.00100725572328 0.0213969270919 0.00680615538517 0.0221933935629 0.00416603961542 -0.0207982857459 0.00551340622607 -0.00266388593676 0.00321947684426 -9.44254019962e-05 -0.00301257191911 -0.0106208474122 0.00524349993601 0.00265197368978 0.0113000384551 0.00273262756598 0.0138131037803 0.000951755233683 0.0243336281185 0.0418608778859 0.00259936543119 0.0255236497421 0.0339701550166 0.0121419705618 0.00627515477458 0.0190220506349 0.0187184547814 0.00382865167798 0.000201527402959 0.00243670898111 0.00755128256063 -0.00440553259346 0.0175562811601 0.00514308818111 0.0132474012951 0.0323436822804 0.0157557601756 0.00558239433136 0.0179945166922 0.00755744344031 0.0111126732366 0.0277292249944 0.171971776493 0.00377314427011 0.00695132396652 0.0221232144764 0.00462727509607 
0.0177116130591 0.00366020860321 0.00178247236334 0.023415952773 0.0169489992116 0.0183086514064 0.0115165769775 0.00978597957536 0.0233733433911 0.00987474878578 0.0171673732684 0.0180714044078 0.226054257199 0.00344831099906 0.0189486329401 0.0188640495914 0.0137423978483 0.00389183314693 0.0072670606595 -0.0184932628433 0.00540694314047 0.0114743272188 0.0161827276327 0.0212074840888 0.0178280443073 0.00938905559754 -0.00141352561097 0.00520284572969 0.0169032297885 0.0339001100142 0.0120259616381 -0.00174655702507 0.0248493684784 -0.000157305424538 0.0153801971453 -0.00402462118694 0.0202860689892 0.00977631533501 0.014118529118 0.0119279746663 0.0101126747308 0.00853008555976 0.00504027188177 0.00501334867723 0.0228311029838 0.0146051783577 0.00790516256358 0.00996192618398 0.0034922547614 0.0126717007731 0.00424268900656 -0.00691645799571 0.0174530968668 0.0230208065309 -0.00432635282472 0.0173918362195 0.0216368326975 -0.00847446522211 0.0103160791309 0.0026284193813 
0.00591556674479 0.0177876271699 0.00448958021201 0.00628487888198 -0.0019978747831 0.0152217554006 0.0242303393636 0.0113523432677 0.010509233054 0.0106368822681 0.00233631963869 0.00100725572328 0.00344831099906 0.129465500285 -0.00531633964114 0.00463803350004 -0.00073866628084 0.016167582071 0.0149257043196 0.0085783080363 0.00534540421101 0.00435970129106 0.00813921531286 0.0117355910027 0.00965340583564 0.017008334491 0.0175698890915 -0.0122386280196 0.00284394624205 -0.000957482604884 0.009719519777 0.00591062289289 0.0149494425612 0.00802388221845 0.00975804136654 0.0162099210687 0.0138244354189 0.0190470798426 0.0251069691961 0.0128272043502 0.00686459128132 0.0206231071299 0.0184926446856 0.011603838289 0.00787009036828 0.0288896312044 0.0171754257725 0.0219583829783 0.0062555046455 0.00829359930344 0.00795299770947 0.0137743355358 0.0072396093167 0.00191983903981 0.00665983028727 0.00549091075094 0.0122147415185 0.0104221655573 0.0175307278868 0.00702148425348 
0.0713803513708 0.0188853006927 0.01264505502 -0.00433276470146 0.0420860543376 0.215667108513 0.0204574749858 0.0363562597292 0.128487902953 -0.00692938390664 0.000813223054403 0.0213969270919 0.0189486329401 -0.00531633964114 0.515481803042 0.0228248309884 0.0130581477202 -0.00666959448863 0.0153242146247 0.0155217519521 0.0105789551515 0.0284498043958 0.00635954068441 -0.00212536240246 0.0040287370156 0.0147159838683 0.0168088311405 0.0102383114363 0.00745924531001 0.0159680708942 0.0459344279492 0.0106675527038 0.0142906918155 0.00293713097198 0.0966889533818 0.0174044813462 0.0172646084138 0.00947919587468 0.0186768352755 0.0133454511211 0.0294017693649 0.00766986890667 0.0425278414399 0.00840399651452 -0.00605530408258 0.0144482548736 -0.00429062877407 0.00100396336124 0.0179567305392 0.0322953275175 0.0285733084895 0.0429519435746 0.0280907514145 0.00576910695471 0.00766417237821 0.0265608466681 0.0207064282615 -0.00137031492275 0.00566514165575 0.0332544424265 
0.0298290173351 0.00907470107595 0.017503941612 0.0189762195515 0.015776285146 0.0273772868075 0.0116890472895 0.0302922611192 0.0135939704198 0.0130070256927 -0.00100078812076 0.00680615538517 0.0188640495914 0.00463803350004 0.0228248309884 0.49892302737 0.0108188374317 0.0164599295107 0.027413566117 0.0156291452892 0.0230287351987 0.00558660949918 0.00347589805858 0.0469093457296 0.0234259976375 0.0301008379134 0.0094595177172 0.0177447807972 0.0235673195057 0.0598773334314 0.0123688227515 0.0196505679717 0.0133887111638 -0.00110932933624 0.0372776703425 0.032853133893 0.0260153072819 -0.00848198067727 0.00442025684186 0.00532916673876 0.0164175072466 0.0222371695426 0.0263552371104 0.0215011863775 0.0140244465046 0.0205768839495 0.00938390376125 0.0116398875334 0.00387758303601 0.0130035725613 0.0210597063973 0.0056796658843 0.0140512888704 0.0196447411811 0.0177692558664 0.0552353269675 0.0422745240551 0.0270988858186 0.0184696816925 0.0132941139824 
0.0320682853715 0.00896283750335 -0.00711716118234 0.00565126375006 0.0206309192768 0.024070457322 0.0118073776657 -0.0024337936482 0.0139114610311 0.0303348643251 0.00303937846779 0.0221933935629 0.0137423978483 -0.00073866628084 0.0130581477202 0.0108188374317 0.312148239008 0.0101870994013 0.0225924030708 0.000937538113989 0.00885390948643 0.0187605002512 0.00340918106732 0.00552759132243 0.0377367730418 0.0118034313094 0.0220809111626 0.0201735365317 -0.00687692047411 0.017130320701 0.0105212767394 0.0103709802734 0.0273291540961 0.00158814552928 0.0484355979399 0.00665302961474 -0.0029510919979 0.0219616920474 0.00865639090563 0.0113623070007 0.0112800087562 0.00894489386854 0.00183873278094 0.00464644918886 0.016310455256 0.0129687962095 0.0197956051944 0.00535954056764 0.0067024224686 0.0163498383745 0.00788562375532 0.00159791142347 0.0344930315016 0.0148081645243 0.0174793415771 -0.0189811381743 0.0404574210081 0.0327276794455 0.026842765678 0.00697281131564 
0.0165300236936 0.0197420545067 0.0121897250315 0.0178324565686 -0.00154718008367 -0.0153428186392 0.0109961632905 0.0275576667836 0.00219335441603 0.0135662515201 0.016584413403 0.00416603961542 0.00389183314693 0.016167582071 -0.00666959448863 0.0164599295107 0.0101870994013 0.243736067243 0.00979054890456 0.0122697666745 0.030945653855 0.0133403769121 0.0015829024902 0.0119379864021 0.00839565352036 0.018014431057 0.00806067863984 0.0145354644975 0.0299209272773 0.0132895735008 0.0150446140688 0.00988676421286 0.0150220124684 0.0198988757707 0.0245838226891 0.0326109054993 0.0187753003937 0.0379285472736 0.0472115479659 -0.000186262011099 0.0210520466101 0.0241416707999 0.0148444172524 0.010693165005 0.00960275128864 0.0555587512414 0.0134368279398 0.0430302429496 0.0195338764666 0.0194626616459 0.0132901884123 0.0119560969549 0.0224870024032 0.0113402864456 0.0165823732538 -0.00514164464422 0.0278267103343 -0.00723860877389 0.0207119432704 0.0164154445689 
0.0138972809262 0.033167911556 0.00252705374056 0.00852116968816 0.00759434604121 0.0187447137582 0.0124084882577 0.015581266129 -0.0015144883804 0.00544679208005 0.00795709158417 -0.0207982857459 0.0072670606595 0.0149257043196 0.0153242146247 0.027413566117 0.0225924030708 0.00979054890456 0.187147006564 0.0272248837525 0.011127182817 0.00495184247625 0.0049810740001 0.0205970923339 0.0142198543021 0.0196121192987 0.0133961426877 0.00436516720336 0.0046250709219 0.0254692592239 0.0148434484568 0.0093509324232 0.017779606349 -5.42819944349e-05 0.034126232098 0.0110426692109 0.0248403109784 0.00265969791466 0.027191892697 0.00871935657478 0.0142106691457 0.0169468468653 0.0413951969361 0.00861332938088 0.00702875038692 0.00888461232641 0.0140028484254 0.0206950178612 0.00796782956134 0.0158567367786 0.0248237876537 0.0201850171244 0.0155573764116 0.0088604159172 0.00936005932746 -0.000322390251082 0.0225548347193 0.0177115176998 0.00622428970892 0.0244120836486 
0.0117227371489 0.0283585931622 0.0243371421749 0.0199038409141 -0.00286706637745 0.0123602593512 0.0054882904846 0.0112838797296 -0.00306796755927 0.00930862408656 0.0196922911956 0.00551340622607 -0.0184932628433 0.0085783080363 0.0155217519521 0.0156291452892 0.000937538113988 0.0122697666745 0.0272248837525 0.302492590667 0.0260641242115 0.0021957868847 0.00173503299591 0.0115562725808 0.0151301657861 0.0232083724063 -0.000102994904137 0.0106822025736 0.010677955975 0.0373331887215 0.0113996514252 0.020509347381 0.0327727733634 -0.00310383113845 0.0319299468899 0.0503564461079 0.000943715619703 0.00321571985636 0.0205493221155 0.00524392703169 0.0126796255638 0.00526934969671 0.0528945045842 0.0135181032149 0.0186021875777 0.00293118766979 0.00705251714351 0.00557271283659 0.0059494630368 0.0165898719111 0.0287943894195 0.00326045704432 0.0291463072077 0.0103600737818 0.0106626411912 0.000383308573407 0.0277566859867 0.0144059104951 0.0133083656022 0.0022130714476 
0.0227115969969 0.0280350009153 0.0177139169269 0.00687525947916 0.00317115422317 0.0245470436739 -9.37653795446e-05 0.0148107196669 0.0176830929097 0.0159542176441 0.0163086082962 -0.00266388593676 0.00540694314047 0.00534540421101 0.0105789551515 0.0230287351987 0.00885390948643 0.030945653855 0.011127182817 0.0260641242115 0.279721426982 -0.00837224920981 0.00556054844311 0.0268368769746 0.0073989273692 0.0164107399922 0.0135622631715 0.0242951597716 0.0114486528026 0.0169158929036 0.0146416746509 0.0152472186079 0.0172494508024 0.010350778047 0.021456687199 0.0178742439672 0.0221975750441 0.0109045135164 0.0145498091585 0.0257347104044 0.0238277227007 0.0185760114128 0.0244072030374 0.0212772560707 0.00547022351797 0.0315429046498 0.0133441773748 0.0323213965019 0.0225573979317 0.0192778373771 0.0363234275069 0.0073560085264 0.00950878084421 0.0131177006954 0.0126224810594 0.0217297538822 0.0259184854334 0.0219370116305 0.0185194966101 0.0120600252337 
0.0255179363239 0.00938973158402 -0.00112933912712 0.00864234969772 0.0269967969334 0.0203788428719 0.0516568858421 0.0161943663659 0.0133922298252 0.0158080542518 0.00864935070469 0.00321947684426 0.0114743272188 0.00435970129106 0.0284498043958 0.00558660949918 0.0187605002512 0.0133403769121 0.00495184247625 0.0021957868847 -0.00837224920981 0.174952337444 0.0103855607078 0.000464526756633 0.0138491146494 0.00619630540757 0.0146649501948 0.00999141535613 0.0111829581055 -0.000301378601389 0.0363227982738 -0.00136047253023 0.0108265991773 -0.00380853189066 0.0120998424148 -0.00112831433553 0.00276084730957 0.0110612500759 0.019050951666 0.00535464053203 0.0283664474938 0.0143375516038 0.0118823306565 0.00308670456647 0.00171528314449 -0.00346322009602 0.00465853291485 0.00812951715586 0.00735117556561 0.0310897474976 0.0184969877509 0.00667293810082 -0.00238282392483 0.00981433821792 0.000527482180428 0.0225541175762 -0.00248176230924 0.00802434703884 0.00148491841875 0.00523229382919 
0.0167092289135 0.0197644620079 0.0654074325673 0.0232689751166 0.0359018870259 0.0224872482236 0.0186615178043 0.0139012820175 -0.00729696511435 0.00510886868301 0.00433818134781 -9.44254019965e-05 0.0161827276327 0.00813921531286 0.00635954068441 0.00347589805858 0.00340918106732 0.0015829024902 0.0049810740001 0.00173503299591 0.00556054844311 0.0103855607078 0.302091072592 0.0159698352513 0.0120864170797 0.00812618319534 0.0314647686196 0.0395048168598 0.0128120793097 0.00990943887118 0.00602803775525 0.00816269674332 -0.0126661286887 0.0117967908878 0.00587567670053 0.0155591493815 0.0121804756872 0.0165387524857 0.00340923556088 0.0115599469603 0.0109682214104 0.0149597024959 -0.00132868073082 0.0109657126167 0.00235982037265 0.0216669348771 0.00571311967344 0.017017118134 0.0111578515404 0.00883955053499 0.00794883141385 0.0133164545269 0.0176042413577 0.0260155847062 -0.00459091983787 0.0347205943497 0.00419609359413 0.0272837747224 0.00862802186365 -0.00185996740966 
0.0355355537944 0.018957922294 0.0148846997285 0.0167118250631 0.024135840473 0.0264112921127 0.00573484432657 0.0156056936491 0.0133800901449 0.00948728750584 0.00415385678152 -0.00301257191911 0.0212074840888 0.0117355910027 -0.00212536240246 0.0469093457296 0.00552759132243 0.0119379864021 0.0205970923339 0.0115562725808 0.0268368769746 0.000464526756633 0.0159698352513 0.361118507018 0.0236966560699 0.0430740739724 0.00508350504605 -0.0132439710449 0.0292257136011 -0.00353547916888 0.00558338723622 0.0204147499719 0.000658730147675 0.00391301275264 0.0126606463859 0.0379796689313 0.0310745767946 -0.00859772669493 0.0140838121691 0.00745225324155 0.00929017885242 0.0287687795006 -0.0107622882664 0.00785816097612 0.0130300238096 0.0158341929356 0.0217834191624 0.0166486628418 0.0218499091918 0.0188398571481 0.0333819054543 0.0367813680372 0.0309200295565 0.0265407884666 0.0394104365822 0.0210520729209 0.0538176671273 0.0150049834558 0.0266480027987 -0.0066063731718 
0.00935562160536 0.0197697899124 0.011452721662 0.013189505685 0.0183126232285 -0.00478065625973 0.0045814603535 0.00818256494022 0.0181389980956 0.0261052870254 0.0154550976703 -0.0106208474122 0.0178280443073 0.00965340583564 0.0040287370156 0.0234259976375 0.0377367730418 0.00839565352036 0.0142198543021 0.0151301657861 0.0073989273692 0.0138491146494 0.0120864170797 0.0236966560699 0.228487200708 0.0235345782913 0.0168128745695 0.00440965352239 0.00765581129592 0.00258270366342 0.00513873575016 0.0244844843446 -0.00249162498385 0.0165640058155 0.0381010840635 0.0167866384014 0.00330104174996 -0.00296778659816 0.0132551033632 0.0206560707495 0.0149667054071 0.0113225118174 0.00117033314885 0.0144060021833 0.0168069208251 0.0201063972103 0.0237324971898 -0.00311645129596 0.0137980788701 0.0245551225758 0.0212955038809 0.000648782350432 0.0147633345065 0.0283027434062 0.0259061753973 -0.00241252120441 0.0155160132979 0.0152591975903 0.0202014728315 -0.00144606701431 
0.0358491429834 0.017913695242 0.00632438794129 0.0116962325661 0.0129629251691 0.0326980424677 -0.00119901600189 0.024282350102 0.0237395947501 0.0186704559062 0.011838695978 0.00524349993601 0.00938905559754 0.017008334491 0.0147159838683 0.0301008379134 0.0118034313094 0.018014431057 0.0196121192987 0.0232083724063 0.0164107399922 0.00619630540757 0.00812618319534 0.0430740739724 0.0235345782913 0.205026068367 0.0265877228175 0.00758193803396 0.0161118856796 0.0247557034236 0.00936682045737 0.015872997616 0.00729081866088 -0.0129627536196 0.054052968525 0.0260995720298 0.0277961827043 0.00903818297224 0.0144844955132 0.0219328484167 0.0180793547391 0.0212010238661 0.0277596434741 0.0136903153578 0.0316601597332 0.034520751711 0.0160360820013 0.00856919452443 0.0115383226002 0.0132787464773 0.0296218039151 0.00786341263969 0.0336996628259 0.0124176398425 0.0211796492071 0.0163926267507 0.0162401140136 0.028119422549 0.0293172749727 0.0126122122244 
0.0164758610634 0.0120882903766 0.0282583587823 0.0160686537118 0.00123496230287 0.0146713172624 0.0129878960236 0.0186837550056 -0.00099024034034 0.00396179800848 0.011417763309 0.00265197368978 -0.00141352561097 0.0175698890915 0.0168088311405 0.0094595177172 0.0220809111626 0.00806067863984 0.0133961426877 -0.000102994904137 0.0135622631715 0.0146649501948 0.0314647686196 0.00508350504605 0.0168128745695 0.0265877228175 0.298781600941 0.00487264587356 0.0107908302356 0.0130828750073 0.0208519595085 0.0282643971844 0.00489591066409 0.0114302474586 0.0567533782102 0.014284583578 0.0093300973581 0.0266837189076 0.0096321668517 0.0120064864461 0.0219769065158 0.0113660293125 0.0355325014401 0.00922767262546 0.0147790991486 0.0296399907489 0.00475730365953 0.00882636893749 0.0070389819723 0.0199398441814 0.0414175260035 0.00535158979268 0.0168506039944 0.0127343708503 0.00632114626595 0.0343181767982 0.0276066930775 0.0178020395132 0.0121640176211 0.0149039173662 
0.0148034266763 0.00271295081461 0.0964488437769 -0.00575119623249 0.00390752582089 -0.00423351209969 0.000815478270249 0.0290592012641 -0.0063625518438 0.00108672802266 0.0154769065858 0.0113000384551 0.00520284572969 -0.0122386280196 0.0102383114363 0.0177447807972 0.0201735365317 0.0145354644975 0.00436516720336 0.0106822025736 0.0242951597716 0.00999141535613 0.0395048168598 -0.0132439710449 0.00440965352239 0.00758193803396 0.00487264587356 0.361551829714 0.0138775568119 0.127657966505 0.0115707523966 0.0156444835578 0.0144069640436 0.00689382403678 0.0292944516604 -0.00340354562572 0.0105749501427 0.00378380739361 0.0160204726421 0.00526523257348 0.0145006743321 0.00815226413252 -0.0117854960056 0.00756854511591 0.0117323147271 0.000357471033722 0.0100717724389 0.012034944508 0.0126283223677 0.0114192738495 0.00469166770571 0.0292458683163 0.0179730349069 0.0151815297156 0.00582992886693 0.00196728675087 0.00232159410141 -0.00112606419346 -0.00222898698238 0.00759502391501 
0.0294003027155 0.0122872639555 0.0195028047378 0.00275429731425 -0.00582302720448 0.00562672603406 0.0127103127999 0.0149720256445 0.0169001550583 0.018307350353 0.0133920971291 0.00273262756598 0.0169032297885 0.00284394624205 0.00745924531001 0.0235673195057 -0.00687692047411 0.0299209272773 0.0046250709219 0.010677955975 0.0114486528026 0.0111829581055 0.0128120793097 0.0292257136011 0.00765581129592 0.0161118856796 0.0107908302356 0.0138775568119 0.456915761415 0.0215482316082 0.0083725379918 0.0125212101096 0.0113074367877 0.0223338767952 0.0150403078274 0.0291694124496 0.00373642812304 0.0103012512357 0.0173085255236 0.00779738156062 0.0123875638188 0.00376874355207 0.0198392567582 0.00370691227544 0.000842472260962 0.0198496877686 0.0126180160826 0.018522351582 0.0175769001666 0.00907425509149 0.0242591706418 -0.00336330687782 0.0300808696006 -0.000294336084645 -0.00218069387777 0.00531770898306 0.036944676196 0.0390237323804 0.00388185495113 0.00999260073051 
0.00264972920997 0.00766858465203 0.0299055841296 0.00942669357884 0.0184727535886 -0.00643387230161 0.000958075917426 0.0631805133002 0.0111082285706 0.0201716884776 0.00849534031273 0.0138131037803 0.0339001100142 -0.000957482604884 0.0159680708942 0.0598773334314 0.017130320701 0.0132895735008 0.0254692592239 0.0373331887215 0.0169158929036 -0.000301378601389 0.00990943887118 -0.00353547916888 0.00258270366342 0.0247557034236 0.0130828750073 0.127657966505 0.0215482316082 0.779791699701 0.00639934025363 -0.00992382445618 -0.00675407751012 0.0124746668853 0.0412653749616 -0.00427989273781 0.023029151277 0.000395189232026 0.00586363604915 0.0125628828109 0.0213949807587 0.00350630261674 -0.00608441625054 0.0175862261299 0.0190813304334 -0.000291382429782 0.00685847546912 0.013039230046 0.00467735659088 0.0208363756783 0.014680576191 0.0139758321803 0.0250509205275 0.00959222545162 0.0142967198015 0.0407568429407 -0.00785078782599 0.0205016122653 0.00821678455082 0.0144147260339 
0.0268145901472 0.0256422534142 0.00643426949367 0.0121508986082 0.0291922051912 0.0358118818644 0.037319447947 0.0285758990172 0.0189394913248 0.0162583853379 0.00395395198994 0.000951755233683 0.0120259616381 0.009719519777 0.0459344279492 0.0123688227515 0.0105212767394 0.0150446140688 0.0148434484568 0.0113996514252 0.0146416746509 0.0363227982738 0.00602803775525 0.00558338723622 0.00513873575016 0.00936682045737 0.0208519595085 0.0115707523966 0.0083725379918 0.00639934025363 0.175710696257 0.0103762281246 0.0239694241336 0.000374531457288 0.0259604730203 0.000490284356118 0.018515750754 0.0122421456352 0.0367146995067 0.00794893832086 0.0270422002642 0.0105335028983 0.0186029621301 0.0199212216932 0.00376516065998 0.029114182795 0.00945063207131 0.0284204536086 0.0193739897502 0.018438789983 0.0222140864832 -0.00050408436411 0.0111802573685 0.0138250399819 0.0083462436343 0.0137875266436 0.0127553467487 0.00832402083632 0.0136822107545 0.00280738840595 
0.0228314458268 0.0171329967951 0.00565693032695 0.0141003109249 -0.0024866028875 0.0395772941289 0.0112172630118 0.00602429511643 -0.0168795052846 0.00843524586996 0.0101462723613 0.0243336281185 -0.00174655702507 0.00591062289289 0.0106675527038 0.0196505679717 0.0103709802734 0.00988676421286 0.0093509324232 0.020509347381 0.0152472186079 -0.00136047253023 0.00816269674332 0.0204147499719 0.0244844843446 0.015872997616 0.0282643971844 0.0156444835578 0.0125212101096 -0.00992382445618 0.0103762281246 0.279599349528 0.0167710917044 0.00787896268058 0.03855483285 0.0213079640193 0.00483539699823 0.0321890530905 0.00384638622407 0.016356962075 0.00862484545391 0.0227489337477 0.0134579164215 0.00329730245328 0.0164236985524 0.018716622988 0.0118618600729 0.0103463034361 0.0166402642217 0.0250171181712 0.026912287788 0.0199205499645 0.0187843558568 0.00225065201412 0.0166059688162 0.0226580906478 0.0207294612142 0.0233104887268 0.0189502660671 0.0148038863995 
0.00680183631641 -0.00395636503265 0.00545043820376 0.0113927018809 0.00183792518728 0.0197748172672 0.0181401421203 -0.00166285771225 0.00922861715446 -0.00145808447292 0.0223226200111 0.0418608778859 0.0248493684784 0.0149494425612 0.0142906918155 0.0133887111638 0.0273291540961 0.0150220124684 0.017779606349 0.0327727733634 0.0172494508024 0.0108265991773 -0.0126661286887 0.000658730147675 -0.00249162498385 0.00729081866088 0.00489591066409 0.0144069640436 0.0113074367877 -0.00675407751012 0.0239694241336 0.0167710917044 0.280733055735 0.0157471827703 0.0320743053489 -0.00171128145545 0.00874503910319 0.015628449197 0.0185888846378 0.027201998069 0.0165028832906 0.0108375648018 0.0157524786603 0.0108392422596 0.0081757458104 0.0184152726785 0.0219212500064 0.0155489649404 0.0234980285465 0.00657874030432 0.0143470908011 0.00270624700845 -0.000504171991452 0.024738532125 0.00936864864379 0.0106468054057 -0.0159859906947 0.0191095147881 2.20523444902e-05 0.0137911543889 
0.0159077726032 -0.00182905122126 0.00798796666627 0.00455223079563 0.00878734331924 -0.00742387022835 0.00182163624861 0.00455945736414 -0.0141871243898 0.00783142535992 -0.00571799285566 0.00259936543119 -0.000157305424538 0.00802388221845 0.00293713097198 -0.00110932933624 0.00158814552928 0.0198988757707 -5.4281994435e-05 -0.00310383113845 0.010350778047 -0.00380853189066 0.0117967908878 0.00391301275264 0.0165640058155 -0.0129627536196 0.0114302474586 0.00689382403678 0.0223338767952 0.0124746668853 0.000374531457288 0.00787896268058 0.0157471827703 0.53389987572 0.0144428414416 0.0217991769392 0.0132040455811 -0.00381999009895 0.00092806266311 -0.000375721878497 0.00206742490571 0.00664352809138 0.0115403758054 0.00419049517301 0.0111583792266 0.0084983786754 0.0146267248282 0.00172288093948 0.00725731436613 -0.00816785163409 0.00642970292145 0.0074134825115 -0.00860235289666 -0.00245976926056 0.000288936222547 0.00297910297531 0.00258796335536 0.00985059887064 0.0158887926525 0.0376759357193 
0.1025336354 0.0181967382031 0.0222857200183 0.0416612690114 0.0136913569608 0.0595235255923 0.00529060252408 0.0327704841289 0.0356742238991 0.0343683600708 0.0189341911601 0.0255236497421 0.0153801971453 0.00975804136654 0.0966889533818 0.0372776703425 0.0484355979399 0.0245838226891 0.034126232098 0.0319299468899 0.021456687199 0.0120998424148 0.00587567670053 0.0126606463859 0.0381010840635 0.054052968525 0.0567533782102 0.0292944516604 0.0150403078274 0.0412653749616 0.0259604730203 0.03855483285 0.0320743053489 0.0144428414416 0.553052158116 0.0526789176715 0.0379684883313 0.0295330358882 0.0367505596049 0.000442487105748 0.0445204300692 0.0247253891129 0.065882510654 0.00340630254273 0.0395510049461 0.0815898697149 0.00701111815845 0.0515859089803 0.0362961246913 0.0445373313333 0.0397185749753 0.0253341320382 0.034154431316 0.0328056581577 0.0350309486956 -0.000859563940745 0.0326310656517 0.0470176645509 0.0263594703721 0.0154894745117 
0.0240768453126 0.0130595631987 -0.00214533761575 0.0275903739328 0.0471275162265 0.0407456907078 -0.00415910820678 0.0155854196566 0.0298652768914 0.0205308623753 -0.0015055233042 0.0339701550166 -0.00402462118694 0.0162099210687 0.0174044813462 0.032853133893 0.00665302961474 0.0326109054993 0.0110426692109 0.0503564461079 0.0178742439672 -0.00112831433553 0.0155591493815 0.0379796689313 0.0167866384014 0.0260995720298 0.014284583578 -0.00340354562572 0.0291694124496 -0.00427989273781 0.000490284356118 0.0213079640193 -0.00171128145545 0.0217991769392 0.0526789176715 0.45346030815 0.0395322889737 0.0186711394574 0.00863843501558 0.012085436729 0.00899688485485 0.0222097641457 0.0347986676325 0.00583058030321 0.0254161177887 0.0108377750839 0.0216251871109 0.011634870083 0.0192254122106 -0.0178697208361 0.0293529546136 0.0202815440993 0.0321587466041 0.0136318659586 0.0334435648518 0.025110820865 0.0394568554358 0.0598954878358 0.0279761412115 0.0210977279278 
0.0256311026751 0.0198236890592 0.00560491440669 0.0208752174131 0.00932342406369 0.0496490195063 0.00675519405242 0.0261658956056 0.0108985447996 -0.000111748943721 0.00723505986729 0.0121419705618 0.0202860689892 0.0138244354189 0.0172646084138 0.0260153072819 -0.0029510919979 0.0187753003937 0.0248403109784 0.000943715619703 0.0221975750441 0.00276084730957 0.0121804756872 0.0310745767946 0.00330104174996 0.0277961827043 0.0093300973581 0.0105749501427 0.00373642812304 0.023029151277 0.018515750754 0.00483539699823 0.00874503910319 0.0132040455811 0.0379684883313 0.0395322889737 0.265684532961 0.0167942427934 0.0271874443123 0.00955215785335 0.0201325236532 0.0228527407621 0.0346711869348 -0.0022717647588 0.0154422521331 0.0245934660261 0.0115920464635 0.0182174116599 0.0176969166517 0.0117635397791 0.0117065996623 0.00459494552597 0.0162671955589 0.0140901718286 -0.000386016120163 0.0379044619721 0.0121069120401 0.0401683744898 0.00519305754274 0.0117439680492 
0.0196084943898 0.0344651253878 0.00508996476714 0.0155175793785 0.0137382031457 0.0114421416727 0.0130545390543 0.0193362930838 -0.00259617003742 0.00137102255305 0.0193347066815 0.00627515477458 0.00977631533501 0.0190470798426 0.00947919587468 -0.00848198067726 0.0219616920474 0.0379285472736 0.00265969791466 0.00321571985636 0.0109045135164 0.0110612500759 0.0165387524857 -0.00859772669493 -0.00296778659816 0.00903818297224 0.0266837189076 0.00378380739361 0.0103012512357 0.000395189232026 0.0122421456352 0.0321890530905 0.015628449197 -0.00381999009895 0.0295330358882 0.0186711394574 0.0167942427934 0.244572124985 0.027317650138 0.0208527916509 0.00757190424377 0.0233854127834 0.00141300177342 -0.00178104711195 0.0241061447862 0.0185645650734 0.00894292254044 0.011596272904 0.014422749056 0.00122002421615 0.0224573108873 -0.003304239438 0.0172544377677 0.0140798808878 0.00723942883817 -0.00436345390875 0.008935050131 0.0142279149007 0.0162948309305 0.00515136509483 
0.00842455161504 0.0179449079227 0.00917711965341 0.0219748043461 0.00264554487834 0.0202870641489 0.0261954232036 0.0135929509863 0.0121004834812 0.0169668928947 0.0196121375365 0.0190220506349 0.014118529118 0.0251069691961 0.0186768352755 0.00442025684186 0.00865639090563 0.0472115479659 0.027191892697 0.0205493221155 0.0145498091585 0.019050951666 0.00340923556088 0.0140838121691 0.0132551033632 0.0144844955132 0.0096321668517 0.0160204726421 0.0173085255236 0.00586363604915 0.0367146995067 0.00384638622407 0.0185888846378 0.00092806266311 0.0367505596049 0.00863843501558 0.0271874443123 0.027317650138 0.154398863207 0.0236819874576 0.0265661780425 0.0266187722484 0.0251347258822 0.0152135734396 0.0139777410857 0.0394668246879 0.0118655918883 0.0357924897536 0.0107499487714 0.0314920139503 0.020693472619 0.0115725196914 0.00850323716545 0.00897146593797 0.00716390237893 -0.00485948860156 0.0214885289704 0.0157135384771 0.0142683950534 0.00594334642561 
