20
0.0331056926512 0.0324915821016 0.118814959333 0.185879968849 0.0466521206007 0.106366385329 0.043075945187 0.00361039022472 0.0157982173188 0.0746691414478 0.143584613331 0.0436219100546 0.208286894217 0.0651633165571 0.0359279599811 0.0970140476379 0.0272696759741 0.0211692002509 0.107238949757 0.0770368317024 
0.212053385816 0.00798700908813 0.0347775912311 0.0395107652922 0.0386814058785 0.0376127814693 0.0238095468571 0.00932955277895 0.0153242413371 0.0110036435112 0.0446238044162 0.0541313837324 0.0154792615545 0.0493575160803 0.00787055888253 0.0353729133566 0.0132668313396 0.0090455587041 0.0128296157388 0.00919163705096 
0.00798700908813 0.305941738647 0.0109237641604 0.0224772379981 0.0144422279232 0.0164517900309 0.00817529985925 0.0342539091138 0.0062420158662 0.0595833777186 0.00114234399109 0.0109431378327 0.0244951521856 0.0173775885032 0.00397656379092 0.0711445551608 0.00950183144039 0.00183331152297 0.0332008139042 0.00915889078227 
0.0347775912311 0.0109237641604 0.512309017517 0.0439613502924 0.0272383284305 0.0313264962319 0.0181020264162 0.0142612438141 0.0197488430198 0.0242966532702 0.0357272156889 0.0340580335992 0.00191129575169 0.0320412128766 0.0190924672831 0.04414232574 0.0136090922866 0.0234193465084 0.0318514891182 0.0175092596898 
0.0395107652922 0.0224772379981 0.0439613502924 0.649647890299 0.0292292716172 0.0846370317472 0.0269736467422 0.0281829881153 0.0250304047583 0.0253449359377 0.10696356747 0.0463705809636 -0.00788884642165 0.022632551766 0.0302930684686 0.0884361458756 0.0389609879197 -0.000743434204707 0.0908013908649 0.00730380030012 
0.0386814058785 0.0144422279232 0.0272383284305 0.0292292716172 0.255842514861 0.0295458444181 0.0230048474703 0.0109906575206 0.0426139073877 0.0130121532699 0.0461838644853 0.0298230770993 0.0164573503351 0.0622147589725 0.0254996015689 0.0181915510663 0.0110309294996 0.0044986970856 0.00517648612396 0.0115303968833 
0.0376127814693 0.0164517900309 0.0313264962319 0.0846370317472 0.0295458444181 0.432344092416 0.00394889411308 -0.000603087087228 0.00397786480663 0.016008032503 0.191935089153 0.017021158655 -0.00310692925488 0.0452317692339 0.0260845307355 0.0370179086488 0.0207361671205 0.00897878414895 0.0182858568442 0.0279719394379 
0.0238095468571 0.00817529985925 0.0181020264162 0.0269736467422 0.0230048474703 0.00394889411308 0.218950695548 0.0104016466198 0.0165551167052 0.0248855263657 0.0294464620764 0.0517942456489 0.0250336341079 0.0205117074629 0.0209443754829 0.0449830707646 0.0226543908189 0.0125238465359 0.0491558438172 0.00298551719766 
0.00932955277895 0.0342539091138 0.0142612438141 0.0281829881153 0.0109906575206 -0.000603087087228 0.0104016466198 0.224895367939 0.00394749784636 0.0314523929871 -5.32636716119e-05 0.0112902252855 0.00465706879026 0.0196235050429 0.0160824296956 0.0281221781044 0.0217253882414 0.0032751366972 0.0320592486661 0.0186056227921 
0.0153242413371 0.0062420158662 0.0197488430198 0.0250304047583 0.0426139073877 0.00397786480663 0.0165551167052 0.00394749784636 0.23647274125 -0.0141022395788 0.00303825328191 0.019527118187 -0.00382719268426 0.0210985215361 0.0124990091158 0.0295355992047 0.0167356498412 0.0168252575978 0.00408526996734 0.000284863173813 
0.0110036435112 0.0595833777186 0.0242966532702 0.0253449359377 0.0130121532699 0.016008032503 0.0248855263657 0.0314523929871 -0.0141022395788 0.502055328313 0.0299525456861 0.0305236245869 0.0342085614793 0.0141324627604 0.0242837940463 0.072098229387 0.0330754846064 0.0186007770735 0.0356387083545 0.0479178561091 
0.0446238044162 0.00114234399109 0.0357272156889 0.10696356747 0.0461838644853 0.191935089153 0.0294464620764 -5.32636716122e-05 0.00303825328191 0.0299525456861 0.540797675357 0.0146220785636 -0.0118827860635 0.0492049663247 0.00867294739903 0.11163126329 0.0150802980575 0.0363654548748 0.00890718137199 0.0167326481711 
0.0541313837324 0.0109431378327 0.0340580335992 0.0463705809636 0.0298230770993 0.017021158655 0.0517942456489 0.0112902252855 0.019527118187 0.0305236245869 0.0146220785636 0.320007016431 0.0339525688903 0.0178886436473 0.0448229206756 0.0440176716873 0.026351705983 0.0109527730463 0.054726604379 0.016030139183 
0.0154792615545 0.0244951521856 0.00191129575169 -0.00788884642165 0.0164573503351 -0.00310692925488 0.0250336341079 0.00465706879026 -0.00382719268426 0.0342085614793 -0.0118827860635 0.0339525688903 1.33911882918 0.000492350224259 0.0147075679278 0.0595478566558 0.0201006815776 0.00712665585731 0.0512682231857 0.00732789690012 
0.0493575160803 0.0173775885032 0.0320412128766 0.022632551766 0.0622147589725 0.0452317692339 0.0205117074629 0.0196235050429 0.0210985215361 0.0141324627604 0.0492049663247 0.0178886436473 0.000492350224259 0.253263705638 0.00825194469199 0.0273003812364 0.00751515620765 0.0165405741558 0.0266328733967 0.0187329078427 
0.00787055888253 0.00397656379092 0.0190924672831 0.0302930684686 0.0254996015689 0.0260845307355 0.0209443754829 0.0160824296956 0.0124990091158 0.0242837940463 0.00867294739903 0.0448229206756 0.0147075679278 0.00825194469199 0.240218627707 0.0153922520279 0.0173122452501 -0.000826053876449 0.0155082068715 0.0170055116697 
0.0353729133566 0.0711445551608 0.04414232574 0.0884361458756 0.0181915510663 0.0370179086488 0.0449830707646 0.0281221781044 0.0295355992047 0.072098229387 0.11163126329 0.0440176716873 0.0595478566558 0.0273003812364 0.0153922520279 0.586653187784 0.046055917765 0.0174510830409 0.0497677266318 0.0297115345604 
0.0132668313396 0.00950183144039 0.0136090922866 0.0389609879197 0.0110309294996 0.0207361671205 0.0226543908189 0.0217253882414 0.0167356498412 0.0330754846064 0.0150802980575 0.026351705983 0.0201006815776 0.00751515620765 0.0173122452501 0.046055917765 0.150665001371 0.008299801705 0.0383432589315 0.00110765101233 
0.0090455587041 0.00183331152297 0.0234193465084 -0.000743434204707 0.0044986970856 0.00897878414895 0.0125238465359 0.0032751366972 0.0168252575978 0.0186007770735 0.0363654548748 0.0109527730463 0.00712665585731 0.0165405741558 -0.000826053876449 0.0174510830409 0.008299801705 0.21532884979 0.019022233532 0.00462348709217 
0.0128296157388 0.0332008139042 0.0318514891182 0.0908013908649 0.00517648612397 0.0182858568442 0.0491558438172 0.0320592486661 0.00408526996734 0.0356387083545 0.00890718137199 0.054726604379 0.0512682231857 0.0266328733967 0.0155082068715 0.0497677266318 0.0383432589315 0.019022233532 0.483346665921 0.0197076295357 
0.00919163705096 0.00915889078227 0.0175092596898 0.00730380030012 0.0115303968833 0.0279719394379 0.00298551719766 0.0186056227921 0.000284863173813 0.0479178561091 0.0167326481711 0.016030139183 0.00732789690012 0.0187329078427 0.0170055116697 0.0297115345604 0.00110765101233 0.00462348709217 0.0197076295357 0.349682582425 

['SRE', 'AZO', 'SUNW', 'X', 'EXC', 'DVN', 'PNC', 'GCI', 'HSY', 'ERTS', 'NOV', 'NTRS', 'OMX', 'AYE', 'GD', 'DHI', 'SIAL', 'RX', 'R', 'KG']