20
0.0936563270582 0.0248608942987 0.0739523233915 0.0766878163077 0.0296866664977 0.0412963652708 0.018453974145 0.0426672552596 0.0764707668379 0.0188066159349 0.143584613331 0.0260517267587 0.0285158318856 0.0254158643172 0.105459344027 0.0054327763703 0.0570579479668 0.044891801276 0.0512444991133 0.0753619397022 
0.446098684474 0.0326935298361 0.0375608618747 0.0675520624307 0.0209257178306 -0.000247970955537 0.0134599883912 0.0143540321305 9.90880089565e-05 0.00671422504649 0.0409480248566 0.0205028274295 0.00622646857916 0.0236695106885 0.0266727930342 0.019854292353 0.0145625980769 0.0140490979182 0.0205718233271 -0.00674214979964 
0.0326935298361 0.230827504892 0.0120447627962 0.0412871019229 0.0290650748279 0.0257401251837 0.0053203049868 0.0383084628211 0.0433240275484 0.0309793109601 0.0152688459706 0.030261616265 0.0268094296382 0.0220650369471 0.0232728775119 0.0128923466893 0.014866882253 0.0355650954038 0.0247290375685 -0.0042960075876 
0.0375608618747 0.0120447627962 0.512954818515 0.0434410914578 0.0210142862728 0.00962116025173 0.0172397927014 0.0298667978649 0.054967118365 0.0143006593948 0.0292410973869 0.0103224124931 0.0169956720313 0.0192916526782 0.0276107016509 0.0185837493858 0.017856190375 0.041064141615 0.0329521385069 0.033700535118 
0.0675520624307 0.0412871019229 0.0434410914578 0.470047268496 0.0397912972686 0.000455542825035 0.0157451509621 0.0250744512593 0.057501977985 0.0246848594007 0.0490374016615 0.0374185724973 0.00825951141091 0.0297884480533 0.0617878364525 0.0170142676967 0.0409361121056 0.034241602868 0.0420441134357 0.0313399542855 
0.0209257178306 0.0290650748279 0.0210142862728 0.0397912972686 0.23526352621 0.0301371831673 0.0169494952205 0.0380378998079 0.041689111332 0.0191975349074 0.0180711224189 0.0189399850721 0.0273673482665 0.028643395576 0.0431064127971 0.0205103770923 0.0311356276659 0.0226253108367 0.0321797744584 0.0271835173305 
-0.000247970955537 0.0257401251837 0.00962116025173 0.000455542825035 0.0301371831673 0.254542826679 0.0184716422092 0.0178993129425 0.00194043215819 0.0204720401918 0.00503946574616 0.0115485540139 0.0167929669366 0.0118804165006 0.00568077412099 0.00893993709397 0.01267102451 0.00410837683833 -0.00116832435571 0.0107498639088 
0.0134599883912 0.0053203049868 0.0172397927014 0.0157451509621 0.0169494952205 0.0184716422092 0.252272700765 0.014996238143 -0.00120634488982 0.0285238345366 0.0342448813527 0.0194894195872 -0.00117865208173 0.00903879364759 0.0139120930291 0.0135386064778 0.000913964786508 0.00204987475582 0.00333105280864 0.0101055608317 
0.0143540321305 0.0383084628211 0.0298667978649 0.0250744512593 0.0380378998078 0.0178993129425 0.014996238143 0.218618397362 0.0301387610551 0.0200700673912 0.0379084850602 0.017416295005 0.0215978427314 0.0173448960888 0.0306626276201 0.0223428893939 0.0189226513224 0.0319134443001 0.0149325117845 0.0149619143656 
9.90880089566e-05 0.0433240275484 0.054967118365 0.057501977985 0.041689111332 0.00194043215819 -0.00120634488982 0.0301387610551 0.473006660785 0.0371574465651 0.0467605608276 0.0404175069702 0.00445784419414 0.0263498024137 0.0382929888026 0.0172605393524 0.0131546238796 0.0361859636211 0.0432826320884 0.0206196445324 
0.00671422504649 0.0309793109601 0.0143006593948 0.0246848594007 0.0191975349074 0.0204720401918 0.0285238345366 0.0200700673912 0.0371574465651 0.207827246536 0.00935718799872 0.0333235876968 0.00971901600958 0.018308656513 0.0177017797787 0.023965652148 0.0165468533614 0.0233468319838 0.0127845054646 0.0048910423276 
0.0409480248566 0.0152688459706 0.0292410973869 0.0490374016615 0.0180711224189 0.00503946574616 0.0342448813527 0.0379084850602 0.0467605608276 0.00935718799872 0.562837774099 0.0226601248111 0.0618659080335 0.00999785572731 -0.00418602457647 0.000672904168957 0.0251931856798 0.0503465196528 0.0488823213486 0.167123915896 
0.0205028274295 0.030261616265 0.0103224124931 0.0374185724973 0.0189399850721 0.0115485540139 0.0194894195872 0.017416295005 0.0404175069702 0.0333235876968 0.0226601248111 0.196776680896 0.0112028061839 0.0214132327498 0.0190180904826 0.0235267763429 0.0129099559123 0.0266485738536 0.0312603565035 0.0208026511154 
0.00622646857916 0.0268094296382 0.0169956720313 0.00825951141091 0.0273673482665 0.0167929669366 -0.00117865208173 0.0215978427314 0.00445784419414 0.00971901600958 0.0618659080335 0.0112028061839 0.206927551069 0.0150246139855 0.00644084942602 0.00551762423512 0.0112285254607 0.0238750253414 0.0241378083595 0.0458214078921 
0.0236695106885 0.0220650369471 0.0192916526782 0.0297884480533 0.028643395576 0.0118804165006 0.00903879364759 0.0173448960888 0.0263498024137 0.018308656513 0.00999785572731 0.0214132327498 0.0150246139855 0.299896329154 0.0384162314355 0.0234630248958 0.0295260400756 0.0282472438746 0.027909760323 0.0282861065233 
0.0266727930342 0.0232728775119 0.0276107016509 0.0617878364525 0.0431064127971 0.00568077412099 0.0139120930291 0.0306626276201 0.0382929888026 0.0177017797787 -0.00418602457647 0.0190180904826 0.00644084942602 0.0384162314355 0.756180796567 0.00986570815129 0.0192553317185 0.0288978370306 0.0388342376285 0.00370155738674 
0.019854292353 0.0128923466893 0.0185837493858 0.0170142676967 0.0205103770923 0.00893993709397 0.0135386064778 0.0223428893939 0.0172605393524 0.023965652148 0.000672904168957 0.0235267763429 0.00551762423512 0.0234630248958 0.00986570815129 0.195917790473 0.0198283498866 0.0131318380779 0.0165058057744 0.00142331957312 
0.0145625980769 0.014866882253 0.017856190375 0.0409361121056 0.0311356276659 0.01267102451 0.000913964786508 0.0189226513224 0.0131546238796 0.0165468533614 0.0251931856798 0.0129099559123 0.0112285254607 0.0295260400756 0.0192553317185 0.0198283498866 0.339254887442 0.0208550680518 0.0219276834596 0.0195721130227 
0.0140490979182 0.0355650954038 0.041064141615 0.034241602868 0.0226253108367 0.00410837683833 0.00204987475582 0.0319134443001 0.0361859636211 0.0233468319838 0.0503465196528 0.0266485738536 0.0238750253414 0.0282472438746 0.0288978370306 0.0131318380779 0.0208550680518 0.347119843095 0.0271171722308 0.0234903069105 
0.0205718233271 0.0247290375685 0.0329521385069 0.0420441134357 0.0321797744584 -0.00116832435571 0.00333105280864 0.0149325117845 0.0432826320884 0.0127845054646 0.0488823213486 0.0312603565035 0.0241378083595 0.027909760323 0.0388342376285 0.0165058057744 0.0219276834596 0.0271171722308 0.279084598359 0.0274384790202 
-0.00674214979964 -0.0042960075876 0.033700535118 0.0313399542855 0.0271835173305 0.0107498639088 0.0101055608317 0.0149619143656 0.0206196445324 0.0048910423276 0.167123915896 0.0208026511154 0.0458214078921 0.0282861065233 0.00370155738674 0.00142331957312 0.0195721130227 0.0234903069105 0.0274384790202 0.367912657982 

['AV', 'SNV', 'LU', 'KLAC', 'AXP', 'KR', 'SYY', 'VNO', 'COH', 'WMT', 'NOV', 'SEE', 'D', 'CCL', 'TEK', 'CCU', 'BF.B', 'LEG', 'TIN', 'APA']