50
0.0352458247454 0.0395396308246 0.0623322546876 0.042606905642 0.128413882411 0.142835786571 0.0125275076286 0.0210054402465 0.045915457725 0.0878126089614 0.0782010317916 0.0297343435849 0.0613427887106 0.0149217979249 0.0231877092109 0.0831725949645 0.0540864966038 0.026417897889 0.0304536481296 0.044891801276 0.0131635076039 0.103194060275 0.039859092222 0.185879968849 0.07971303899 0.0522856391002 0.0484031048171 0.0466521206007 0.0130713531851 0.0572050688987 0.0439476996979 0.0788996306534 0.10135047428 0.0192488530763 0.019144788815 0.0297585566085 0.0347696809731 0.0570579479668 0.0449016594387 0.0295384146509 0.0267221777707 0.0220144037379 0.0333203023267 0.0246636786654 0.542098982398 0.0708595176859 0.0383245101253 0.0621529110589 0.0693656588129 0.0565521495323 
0.212907353288 0.0128104329128 0.0027379923317 0.0151901105868 0.00499213938087 0.00682421878905 0.0185946564435 0.00151354030131 0.0228514612248 0.0307674790376 0.0142869491211 -0.00313055096833 0.00575015306033 0.029191415892 0.00716902546093 0.0205236006002 0.0273746330946 0.0241300988515 0.0201540037056 0.0178970114211 0.0076928041959 0.0185731864842 0.0253952785905 0.0212297535696 0.00919285161323 0.01094767266 0.0242849023114 0.00762282189736 0.00406209140548 0.011172404874 0.0112770026177 0.00221112209899 0.00206646558895 0.00226980208545 0.0209580044115 0.0242763871149 0.0103440567012 0.00515956080841 0.0177779067066 0.00988182629324 0.0133948198454 0.00990970480905 0.0288048027766 0.0112486025768 -0.00247435233719 0.000668913229899 0.0236934530027 0.0290152168206 0.0142283651201 0.0164771965942 
0.0128104329128 0.290339303079 0.017181593998 0.0279819012687 0.00246820538 0.0164401584378 0.02613126347 0.00904832456305 0.0249851588532 0.00938965948881 0.00591906847537 -0.00126259679343 -0.0149312872147 0.00892799643819 0.00207910243982 0.0161279873418 0.0140408420637 0.0133852513321 0.0145742342187 0.0300411206551 0.00147384688527 0.0147552421586 0.0105092624057 0.030285125505 0.0385536580342 0.00288412180349 0.00277206066021 0.00466013996422 -0.00141647783395 0.0172013197522 0.00524144766196 0.00522161719706 0.0472949020384 0.011101011489 0.0187841978246 0.0350155438902 0.0099750168225 0.0278789832108 0.00449317874178 0.0245458260669 -0.000674059792735 0.00899233696445 0.0230786294209 0.00605149390413 -0.00442795620471 0.0110711376967 0.0218784938662 0.0435503993242 0.0369968820857 0.00101526163454 
0.0027379923317 0.017181593998 0.533282141585 0.0138997618536 -0.0148656756244 0.0129782075965 0.00687664582011 0.00639934408294 -0.000379155927795 0.00128960390126 0.0151413508964 0.0152493103473 -0.00228665450407 0.00405710827739 0.0121911457071 0.0114257928169 -0.00348689837254 0.0031309164928 0.019023785301 0.0057167425663 0.00259183330778 0.0149809816939 0.0135316506452 0.000117296435073 0.0121678856202 -0.00480629178857 0.0144503533782 -0.0040721122436 0.00327744245898 0.0150353804639 0.00490808420298 -0.0144762493135 0.000236068371502 0.0167870282801 0.00806753893766 0.0209403160104 0.0161831975707 0.0111353710223 0.00579358335984 0.0120731245675 0.00149069556482 -0.00374504369378 0.00470566330808 0.00758020484105 -0.0220647491428 -0.00687949370982 0.00103776603204 0.0377124832682 0.0142819503865 0.0180391765737 
0.0151901105868 0.0279819012687 0.0138997618536 0.245625458827 0.0264723471019 0.000747138220466 0.00796510403334 0.00263774705958 0.0113843925027 0.0335308722961 0.0010534325003 0.00581066885417 -0.00200844562075 0.014577938634 0.0065737867178 0.0663176829563 0.00311451320971 0.022101991317 0.0207023568521 0.0141933242609 0.00825000508403 0.0152432207506 0.0181500562791 0.0420169887896 0.0303259218668 0.0204457951118 0.0243623016161 0.0128566555396 0.0148742040194 0.042762827574 0.0141147400702 0.00235773145428 0.015634555098 0.016110181697 0.0198185150922 0.0251923159843 0.022203902577 0.0139714743997 0.0204584855858 0.0156379765398 0.0163972928792 0.0102220288812 0.0208922854856 0.0100215229792 0.0122271535725 0.00455104541004 0.0154475163956 0.0139453823735 0.0163334546465 -0.0108613998236 
0.00499213938087 0.00246820538 -0.0148656756244 0.0264723471019 0.481545214794 0.0273632073108 0.0305591710047 -0.00309239643601 0.0324088836372 0.0205679332829 0.0232890782468 0.0315521699763 0.010771460353 0.0138467303663 0.0259659542578 0.0334827635407 0.0149656573468 0.0267182305582 0.00670047574779 0.0278512286668 0.0248857253221 0.0499182954723 0.046493267719 0.0968978204552 0.0143821399843 0.0253025153891 0.0435044447046 0.0353807392852 0.0229250576308 0.0337828568574 0.0162356378529 0.0186904672217 0.0391241647287 -0.00137348090634 0.0109714222625 0.0158928759982 0.0243848775979 0.0316908888233 0.00779276616224 0.00418179354608 0.0329081452674 0.0186926055747 0.00885543561872 -0.00100281787594 0.106101373206 -0.00156020100703 0.0256735090648 0.010586865944 0.0303560456419 0.00714571313225 
0.00682421878905 0.0164401584378 0.0129782075965 0.000747138220466 0.0273632073108 1.25296305616 0.00864970562779 0.0106040655954 0.0124101842174 0.00753679404784 -0.00263493096413 0.017746988633 0.0122853683234 0.00156501666154 -0.000135964648613 0.00283604618613 0.0253095926872 -0.00851249019129 0.00192570779608 -0.000819966476082 0.0140757665166 0.0173401506456 -0.0111539441202 0.0123074932248 0.00316502435874 0.00920930626312 -0.0180150824303 0.0114729422382 0.00573697261401 0.00488768780368 0.0248845438506 -0.00738342960542 -0.00269966912307 0.0166289884024 -0.00158166076309 0.0376389056279 0.00366942650636 -0.0158307685242 0.022541995568 0.00425689246267 0.0070551786201 0.0242417144868 0.010115556975 0.00512026841243 0.0127065558604 -0.0100982420054 0.0208569075688 0.0183691185943 0.00746625806452 0.00638032919408 
0.0185946564435 0.02613126347 0.00687664582011 0.00796510403334 0.0305591710047 0.00864970562779 0.296345439798 0.0101228790124 0.0222419140055 0.00298532538333 0.0233560573184 0.0167633549721 0.00881361667139 0.0252208208783 0.0280462303629 -0.0085196377912 0.0145648864669 0.0153813684953 0.0199775935929 0.0214286541012 0.00276150784273 0.0288034692253 0.0108296410359 0.02022503867 0.0265119589532 0.0141607352514 0.00603896879003 0.0118448529043 0.00926484870083 0.00369801502421 -0.011865978701 0.024522900187 0.0244999867647 0.0120281165488 0.0174037902011 -0.000193189050148 0.00523549931184 0.0272287061227 0.0240498097756 0.00635230435185 0.0197610044143 0.0077720591966 0.00557566188667 0.0149213410956 -0.0111070269074 0.00367194350588 0.0395162037433 -0.000468162827365 0.0118454031402 0.0176965267089 
0.00151354030131 0.00904832456305 0.00639934408294 0.00263774705958 -0.00309239643601 0.0106040655954 0.0101228790124 0.129951755924 0.00346056424126 -0.00239357402239 0.000697837429429 0.0162883742078 0.0163894943964 -0.00305563015203 0.0111248971204 0.0134858125554 -0.00153662542391 -0.00114363934263 0.016003507962 0.00879437914722 0.0100482990355 -0.00283150819923 0.00842753302669 0.00156576516723 0.0075577735247 -0.00262376873332 0.00422996101486 0.00704754240307 0.010388814485 -0.00279053374201 -0.00190374439766 -0.00563263530949 0.0155415464722 0.0202005224936 0.0032954652245 0.00111789730861 0.0154441172258 0.0100295211352 0.00570698914785 0.00819976888165 0.00807182744568 0.00246377216996 0.00880051066717 0.00366649402791 0.0149637418392 0.0173156985769 0.00302515543739 0.0032722710065 0.0102398006832 0.00522890308963 
0.0228514612248 0.0249851588532 -0.000379155927792 0.0113843925027 0.0324088836372 0.0124101842174 0.0222419140055 0.00346056424126 0.325621787373 0.0342694927537 0.0231446989008 0.010104901482 -0.00170515980297 0.00391417886311 0.0200260733761 0.0248449612676 0.00902810141146 0.00374379588885 0.0153122770218 0.0215792010979 0.0134333207176 0.0449589594547 0.0105442004078 0.032802171282 0.00279283887553 0.00456140325834 0.0279737274801 0.0115924463485 0.0159772091892 0.00527172175852 -0.00647199286683 0.00241716261303 0.0379339609932 0.00555185357505 0.00658713621836 0.0238738882159 0.0164425608682 0.00840246237156 0.00904022835482 0.0160606071341 0.0097191039828 0.00801477952074 0.013552328835 0.0189203572383 0.0233484890032 0.0223796519326 0.0163511405496 0.0128291135888 0.000169113330021 0.0104789815531 
0.0307674790376 0.00938965948882 0.00128960390127 0.0335308722961 0.0205679332829 0.00753679404784 0.00298532538334 -0.00239357402239 0.0342694927537 0.476035632139 0.029927740147 0.0059644928814 0.0147878011531 0.0444288002651 0.012632931914 0.0241916956429 0.0168330812072 0.0308131785151 0.0264874331332 0.0272798543181 0.00786466707614 0.0238175110083 0.0137399442802 0.0422902929249 0.00230239566129 0.0257170535904 0.0211145117158 -0.00745101803874 0.00179681963223 0.0117658767224 0.00379072098273 0.00716564903965 0.0784786873804 -0.00117774953467 0.0136363087832 0.031113556352 0.0363419617161 0.0155288947373 0.0274813421041 0.00960915363049 0.0196679701748 0.00300351123554 0.00995703721328 0.00290260835524 0.0183290170935 -0.0159469643143 0.0305606008813 0.0143773960408 0.0369568379131 0.0244806897418 
0.0142869491211 0.00591906847537 0.0151413508965 0.0010534325003 0.0232890782468 -0.00263493096413 0.0233560573184 0.000697837429429 0.0231446989008 0.0299277401469 0.384909296841 0.0045644040956 0.0204024765221 0.0402548271651 0.0300572240335 0.0428110315947 0.0241232066136 0.0268417618149 0.0189822144348 0.0092302474182 0.0215744875506 0.0268242505335 0.0117600265647 0.0263265465381 0.0293198122561 0.026664870713 0.0186684462047 0.0119186649457 0.00744336051875 0.0311338872806 0.015074749853 0.000253926129064 0.0474265002878 -0.0102383103143 0.0235926094845 0.0188230062492 0.0114680642979 0.0179045994915 0.0133090185455 0.00631829978711 0.00574210615943 0.0265538560681 0.0103258961109 0.0212722907656 0.0327676077181 0.0124948165403 0.0542121463759 0.017742586319 0.00498618210922 0.00216194237352 
-0.00313055096833 -0.00126259679343 0.0152493103473 0.00581066885417 0.0315521699763 0.017746988633 0.0167633549721 0.0162883742078 0.010104901482 0.0059644928814 0.00456440409559 0.1893022094 0.0121975459422 -0.0026569573369 0.00691803779806 0.0101118456402 0.00446421904501 0.00966706366872 0.00777063108187 0.0106621793453 0.00726954458387 0.0221730334452 -0.000870788982632 0.0128470056844 0.0178587740578 -0.00462246925421 -0.00392334302136 0.00817633058241 0.00757652584972 0.0187519460281 0.00410893670487 0.0126722932202 0.0141115157571 0.0235201570529 -0.00356985901143 0.0107680734071 0.0130592978679 0.0106270715335 0.000265112861428 0.0113189672888 0.00864515494213 0.00737158689819 0.003453326795 0.0105348353453 0.0042420177754 0.0175326101122 0.0129603731144 -0.00445392830764 0.00781713947217 0.00795341299822 
0.00575015306033 -0.0149312872147 -0.00228665450407 -0.00200844562076 0.010771460353 0.0122853683234 0.00881361667139 0.0163894943964 -0.00170515980296 0.0147878011531 0.0204024765221 0.0121975459422 0.272062639404 0.0124640957302 0.0103958268482 0.0208560444018 0.00837641899377 0.00629662454611 0.00413194825347 0.0270315158832 0.0112738103239 0.015201215242 0.00902880319354 0.0104454998657 0.00534414312232 0.0153273627471 0.0116554256735 0.0432097894796 0.0171671569558 0.0144326942753 0.010893442071 -0.00258189252865 0.0306869753343 0.0131649299952 0.00453609619396 0.017556133327 0.0133717631142 0.000660344510717 0.0188448617835 0.00297527655983 0.0174295455083 0.0131740504729 0.00958847023552 0.0132098540931 0.0131961521925 0.00292563696887 0.00556876575149 0.0173386760883 0.00383961963687 0.00738932434987 
0.029191415892 0.00892799643819 0.0040571082774 0.014577938634 0.0138467303663 0.00156501666154 0.0252208208783 -0.00305563015203 0.00391417886311 0.0444288002651 0.0402548271651 -0.0026569573369 0.0124640957302 0.317365758886 0.0183375754012 0.00584481009234 0.0122219481848 0.0133923034968 0.0261872735729 0.021717049176 0.00824342938952 0.0358276777801 0.00797400692156 0.0109008454935 0.0250242206144 0.0186290277561 0.0265004924274 -7.02807793351e-05 0.00733644182933 0.0169135802737 0.00757338995708 0.0379130715134 0.0614311998168 -0.00421752820221 0.0399442961008 -0.00149880177352 0.0153057508186 0.0185591054231 0.0288247142527 0.0172903139438 0.00324277579879 0.00230298761828 0.0280119697826 0.00263776378939 0.0335749029238 0.0167887016293 0.0174834912632 0.0312734184669 0.0150030721303 0.0274998482031 
0.00716902546093 0.00207910243981 0.0121911457071 0.0065737867178 0.0259659542578 -0.000135964648613 0.0280462303629 0.0111248971204 0.0200260733761 0.012632931914 0.0300572240334 0.00691803779806 0.0103958268482 0.0183375754012 0.217273224838 0.0097964042304 -0.00435035125527 0.00555608116253 0.00851901368338 0.00723339168201 0.00502486081187 0.0140954471274 0.0187903328706 0.0187749175974 0.0507087319489 0.0155645789192 0.0148575205358 0.00564333995923 0.0111853118719 0.0123022107387 0.0140183301563 -0.00129540293181 -0.000183945004375 0.00682260131489 -0.00465765992117 -0.00724854757849 0.012566207795 -0.0107459072686 0.00484839164856 0.0109027994359 0.0023697780859 0.00324057746943 -0.00107795326026 0.00633675752036 -0.00909266327593 0.00743370982822 -0.000935737376866 -0.00376588130299 0.00695651965503 0.0254990070324 
0.0205236006003 0.0161279873418 0.0114257928169 0.0663176829563 0.0334827635407 0.00283604618613 -0.00851963779121 0.0134858125554 0.0248449612676 0.0241916956429 0.0428110315947 0.0101118456402 0.0208560444018 0.00584481009234 0.0097964042304 0.442467080667 0.0123867477785 0.0345053291461 0.0209917307352 0.00785160903142 0.0152109447154 0.0260949801774 0.0383852533635 0.0437139444755 -0.00914658550268 0.0131265705969 0.0297727948146 0.013218937961 0.01797146435 0.0351268365064 0.00545188107035 0.0159656977602 0.0331191087215 0.0171514271949 0.0207162883816 0.0293218792568 0.00146073499844 0.0068231787407 0.0346516206981 0.0245925138574 0.0152853974235 0.00854021234574 -0.00443759322185 0.0213789710578 0.0791019163946 0.00803346260636 0.0441804202272 0.0197771632007 0.0102847422415 0.00163042560324 
0.0273746330946 0.0140408420637 -0.00348689837253 0.00311451320971 0.0149656573468 0.0253095926872 0.0145648864669 -0.00153662542391 0.00902810141146 0.0168330812072 0.0241232066136 0.00446421904501 0.00837641899377 0.0122219481848 -0.00435035125527 0.0123867477785 0.391315544493 -0.00392501027161 0.0208208289549 0.0068280041049 0.0172169009487 0.0163593175732 0.0166456436513 0.0298071938262 0.030607682958 0.0128231477307 0.0125329604807 0.0186566069199 0.0162663315747 0.0119035735829 0.0110132379734 -0.0140396543795 0.020970252194 0.000392072160631 0.0144486281975 0.0249386581218 0.0097363994633 -0.014919860756 0.0164644190681 0.0158917456984 0.0102624609838 0.0077848109785 0.0148698510089 0.0112472714711 0.0188141475234 0.00112504064156 0.0152083771872 0.0209399877955 0.0177229614653 0.00491290576604 
0.0241300988515 0.0133852513321 0.0031309164928 0.022101991317 0.0267182305582 -0.00851249019129 0.0153813684953 -0.00114363934263 0.00374379588885 0.0308131785151 0.0268417618149 0.00966706366872 0.00629662454611 0.0133923034968 0.00555608116253 0.0345053291461 -0.0039250102716 0.255132013644 0.0197941090897 0.0169384737745 -0.00533182068498 0.0365981262334 0.0275525628149 0.0726829635258 0.00334592638568 0.0378204285508 0.0525872141455 0.00256306204706 0.000135154841625 0.0144530589653 0.00133140686851 0.0121019460794 0.00460886499642 0.00646543457107 0.0267002395614 0.0100569889623 0.0178546075283 0.0060189556189 0.0240508659231 0.0298048972197 0.0100027066782 0.00347532248097 0.00365029142661 0.00150481843618 -0.00768319669552 -0.00234238371733 0.061049342214 0.0231235541795 0.0342199029135 0.0172716776494 
0.0201540037056 0.0145742342188 0.019023785301 0.0207023568521 0.00670047574779 0.00192570779608 0.0199775935929 0.016003507962 0.0153122770218 0.0264874331332 0.0189822144348 0.00777063108187 0.00413194825347 0.0261872735729 0.00851901368338 0.0209917307352 0.0208208289549 0.0197941090897 0.211919602363 0.0200643181795 0.0291536294781 0.0156625961763 0.0185463940762 0.0188883896586 0.0120622601206 0.0179867626887 0.0203028817166 0.0301883301718 0.0207570079498 0.0084759942885 -0.000213852073903 0.0209969209149 0.0402905663874 0.0145526404782 0.0365708067137 0.0219791790379 0.0133933715123 0.0168851440623 0.0113585527754 0.0509511035032 0.0349753461199 0.0130914945112 0.0178796035739 0.016985429869 0.0370957906028 0.0169252617675 0.0155984111985 0.0165422196202 0.0106582748881 0.0101731897767 
0.0178970114211 0.0300411206551 0.0057167425663 0.0141933242609 0.0278512286668 -0.000819966476082 0.0214286541012 0.00879437914722 0.0215792010979 0.0272798543181 0.0092302474182 0.0106621793453 0.0270315158832 0.021717049176 0.00723339168201 0.00785160903142 0.0068280041049 0.0169384737745 0.0200643181795 0.320501681696 0.00552978728392 0.0329093978675 0.029903545941 0.0497541385685 0.0289283279097 0.039636032775 0.0252551190656 0.00954431647073 0.00500121210367 0.0232895705237 0.00518500206431 0.0222051294346 0.0263949266782 0.0066480195314 0.0275704425858 0.015016836475 0.0261007928125 0.0116944073861 0.00973669512078 0.0200588040582 0.0179243239958 0.0107474851427 0.0165279629582 0.0123658709363 0.105344889331 0.0202638678184 0.0199427248935 0.039595427541 0.00994721503526 0.0206074595094 
0.0076928041959 0.00147384688527 0.00259183330778 0.00825000508403 0.0248857253221 0.0140757665166 0.00276150784273 0.0100482990355 0.0134333207176 0.00786466707614 0.0215744875506 0.00726954458387 0.0112738103239 0.00824342938952 0.00502486081187 0.0152109447154 0.0172169009487 -0.00533182068498 0.0291536294781 0.00552978728392 0.141188269676 0.0159300925492 0.00846702392703 0.0120142590272 0.00522229677826 0.008589578185 0.00160054517196 0.056772041372 0.0504317631783 0.0052650429078 -0.00795402438624 -0.00237805982583 0.00873030043496 0.0138957066116 0.0157040740658 0.0100769782648 0.00911277281196 0.0135654829546 0.00758729019498 0.0121843178212 0.0366079932615 0.0476206685068 0.00799591569692 0.024077196266 0.0157354213292 0.00924346291321 -0.00169341718982 -0.00343386551498 0.000132849981063 0.00446334186689 
0.0185731864842 0.0147552421586 0.0149809816939 0.0152432207506 0.0499182954723 0.0173401506456 0.0288034692253 -0.00283150819923 0.0449589594547 0.0238175110082 0.0268242505335 0.0221730334452 0.015201215242 0.0358276777801 0.0140954471274 0.0260949801774 0.0163593175732 0.0365981262334 0.0156625961763 0.0329093978676 0.0159300925492 0.56505075472 0.0294933045857 0.0420532912106 0.0467209353696 0.0193652335934 0.0319230613497 0.0179593328046 0.00782367041868 0.0364355785317 -0.00520999359242 0.0241112094904 0.0632452460617 0.0205025307734 0.0253182051457 0.0458897801966 0.0606169077735 -0.015268510273 0.0430971122442 0.0245460619233 0.0318907722095 0.0259871109362 0.0389817408906 0.00553449716747 0.0129705790129 0.0205604484796 0.0246562372702 0.0209483292744 0.0132746479154 0.0247315393883 
0.0253952785905 0.0105092624057 0.0135316506452 0.0181500562791 0.046493267719 -0.0111539441202 0.0108296410359 0.00842753302669 0.0105442004078 0.0137399442802 0.0117600265647 -0.00087078898263 0.00902880319353 0.00797400692156 0.0187903328706 0.0383852533635 0.0166456436513 0.0275525628149 0.0185463940762 0.029903545941 0.00846702392703 0.0294933045857 0.275264527736 0.035956291696 0.0240967379889 0.0176342151243 0.0317623741852 0.0185651701154 0.00665356029804 0.0195875161832 -0.00024106434742 0.00365810669934 0.0198666418953 0.0139501496019 0.0228566208256 0.0241110756707 0.0222202346623 0.0141078926195 0.00941846278266 0.0210975866441 0.0193930366534 0.00346323711119 0.00608549915948 0.0186927588443 0.0195518116024 0.00617792491125 0.0188829652215 0.0091148261405 0.00953464751979 0.0159051737023 
0.0212297535696 0.030285125505 0.00011729643505 0.0420169887896 0.0968978204552 0.0123074932248 0.02022503867 0.00156576516723 0.032802171282 0.0422902929249 0.0263265465381 0.0128470056844 0.0104454998657 0.0109008454935 0.0187749175974 0.0437139444755 0.0298071938262 0.0726829635258 0.0188883896586 0.0497541385685 0.0120142590272 0.0420532912106 0.035956291696 0.638009705436 0.0270736760866 0.0837079181774 0.0614101188197 0.0257775510993 0.0190342890738 0.0322776030405 0.00363262740269 0.00288084433338 0.0428907443682 0.00930422410463 0.0355099801845 0.0432079774937 0.0460115581523 0.0324992417754 0.0607427247306 0.0162065137998 0.0306828809161 0.0193715011958 0.0176067198346 0.0109853650395 0.0355817408398 0.0164991346572 0.0279802722428 -0.000147076987293 0.0238264868133 0.0242657607412 
0.00919285161323 0.0385536580342 0.0121678856202 0.0303259218668 0.0143821399843 0.00316502435875 0.0265119589532 0.0075577735247 0.00279283887552 0.00230239566128 0.0293198122561 0.0178587740578 0.00534414312232 0.0250242206144 0.0507087319489 -0.00914658550268 0.030607682958 0.00334592638569 0.0120622601206 0.0289283279097 0.00522229677826 0.0467209353696 0.0240967379889 0.0270736760866 0.488302234681 0.034966161477 0.0131038255801 0.0103589481097 0.0107923684851 0.00843627668123 0.0235360854916 -0.000769296017333 0.0327413182558 0.0173771276493 0.00759112308559 0.0262683684231 0.0171842830703 0.00647868263561 0.00615192491849 0.00295748630006 0.0120355087515 0.0104648021141 0.0249240153124 0.00269289604345 0.00119917902312 0.0422591950695 0.0297294133684 0.00462026479636 0.0254326432945 0.0273079398443 
0.01094767266 0.00288412180348 -0.00480629178857 0.0204457951118 0.0253025153891 0.00920930626312 0.0141607352514 -0.00262376873332 0.00456140325834 0.0257170535904 0.026664870713 -0.00462246925421 0.0153273627471 0.0186290277561 0.0155645789192 0.0131265705969 0.0128231477307 0.0378204285508 0.0179867626887 0.039636032775 0.008589578185 0.0193652335934 0.0176342151243 0.0837079181774 0.034966161477 0.282629512061 0.0506708921194 0.00969521497211 0.0109937294854 0.0373537540559 0.00990970179512 0.00817699549112 0.0445886540225 -0.0037862116887 0.0144424759153 0.018797623462 0.0217161598985 0.00546978123507 0.0528447802736 0.0255219887936 0.0191522078966 0.00141316024048 0.00932543589105 0.0231678011654 0.0125430044266 0.00959074867414 0.00902967643113 0.0114737010184 0.019205652374 0.0144843753349 
0.0242849023114 0.00277206066021 0.0144503533782 0.0243623016161 0.0435044447046 -0.0180150824303 0.00603896879003 0.00422996101486 0.0279737274801 0.0211145117158 0.0186684462047 -0.00392334302136 0.0116554256735 0.0265004924274 0.0148575205358 0.0297727948146 0.0125329604807 0.0525872141455 0.0203028817166 0.0252551190656 0.00160054517196 0.0319230613497 0.0317623741852 0.0614101188198 0.0131038255801 0.0506708921194 0.24901314967 0.0179556769628 0.00367747081396 0.0184781207487 0.0210397712294 0.0177751252053 0.0227263152372 0.0172648655228 0.0294505230527 0.00296806429286 0.0221752912343 0.0101473358678 0.0457098064643 0.0193391782737 0.0152822413492 0.0145595778182 0.0109257835833 0.00568111326777 -0.00769866004392 0.0157787193029 0.0151711954162 0.0278145719537 0.0103725439945 0.0349850175451 
0.00762282189736 0.00466013996422 -0.00407211224361 0.0128566555396 0.0353807392852 0.0114729422382 0.0118448529043 0.00704754240307 0.0115924463485 -0.00745101803874 0.0119186649457 0.00817633058241 0.0432097894796 -7.0280779336e-05 0.00564333995923 0.013218937961 0.0186566069199 0.00256306204706 0.0301883301718 0.00954431647073 0.056772041372 0.0179593328046 0.0185651701154 0.0257775510993 0.0103589481097 0.00969521497212 0.0179556769628 0.242753690651 0.0377049404912 0.00701856026714 0.00677193852532 -0.00924488237129 0.0049650497083 0.0128882349463 0.019200634475 0.0180149711641 0.013445401314 0.013024958812 0.0120913917824 0.00315682901094 0.0407687886627 0.0543342528737 0.0197999265274 0.0180992091141 0.0415566630316 0.0126708096964 0.00682662448863 0.00285931290842 0.0197195001341 0.019522028587 
0.00406209140548 -0.00141647783394 0.00327744245898 0.0148742040194 0.0229250576308 0.00573697261401 0.00926484870083 0.010388814485 0.0159772091892 0.00179681963223 0.00744336051875 0.00757652584972 0.0171671569558 0.00733644182933 0.0111853118719 0.01797146435 0.0162663315747 0.000135154841624 0.0207570079498 0.00500121210367 0.0504317631783 0.00782367041868 0.00665356029804 0.0190342890738 0.0107923684851 0.0109937294854 0.00367747081396 0.0377049404912 0.132745415413 0.0178449332054 0.00154863244275 0.00371753012681 0.0100504521662 0.0208593457107 0.0094789738221 0.00874028694727 0.000963976839299 0.0107389198112 0.00165140208439 0.0203560689803 0.0331070684434 0.0371597010947 0.0148656010006 0.016170709773 0.00956893868332 0.0106052893791 0.00319829605702 0.00198799116022 0.000805769887248 0.016267892378 
0.011172404874 0.0172013197522 0.0150353804639 0.042762827574 0.0337828568574 0.00488768780368 0.00369801502422 -0.00279053374201 0.00527172175852 0.0117658767224 0.0311338872806 0.0187519460281 0.0144326942753 0.0169135802737 0.0123022107387 0.0351268365064 0.0119035735829 0.0144530589653 0.00847599428849 0.0232895705237 0.0052650429078 0.0364355785317 0.0195875161832 0.0322776030405 0.00843627668123 0.0373537540559 0.0184781207487 0.00701856026714 0.0178449332054 0.25722646915 0.0263980021886 0.015834688505 0.0335159445836 0.00712749647299 0.0178780181749 0.0234622041981 0.019214065094 0.00751980453388 0.0273123530176 0.0116293269242 0.0206624255442 0.00685088828269 0.00986059344962 0.0109308771637 0.0127865302711 0.0197978894436 0.0115858206111 0.0187699812582 0.00640941146561 0.0197119960407 
0.0112770026177 0.00524144766196 0.00490808420298 0.0141147400702 0.0162356378529 0.0248845438506 -0.011865978701 -0.00190374439766 -0.00647199286683 0.00379072098273 0.015074749853 0.00410893670487 0.010893442071 0.00757338995708 0.0140183301563 0.00545188107035 0.0110132379734 0.00133140686851 -0.000213852073904 0.00518500206431 -0.00795402438624 -0.00520999359242 -0.000241064347421 0.00363262740269 0.0235360854916 0.00990970179512 0.0210397712294 0.00677193852532 0.00154863244275 0.0263980021886 0.184885781773 0.00307244096558 0.00661448159578 0.00635030497944 0.0207817734193 0.0144876159083 0.0133812598749 0.00642356790534 0.00264744676149 0.0109412287167 0.005115837954 0.0125812673923 0.0143395857579 0.00562078237128 -0.00577599868165 0.0182366265095 0.00547310656081 0.0277485898156 0.00769639001302 0.00657213608814 
0.00221112209899 0.00522161719706 -0.0144762493135 0.00235773145429 0.0186904672217 -0.00738342960543 0.024522900187 -0.00563263530949 0.00241716261303 0.00716564903966 0.000253926129065 0.0126722932202 -0.00258189252865 0.0379130715134 -0.00129540293181 0.0159656977602 -0.0140396543795 0.0121019460794 0.0209969209149 0.0222051294346 -0.00237805982583 0.0241112094904 0.00365810669934 0.00288084433343 -0.000769296017341 0.00817699549113 0.0177751252054 -0.00924488237128 0.00371753012682 0.015834688505 0.00307244096558 0.754531889109 0.0433073341038 0.000459672099607 0.0162821118025 0.018628287047 0.0096379093966 -0.00669876675144 0.0279982836681 0.000890565279973 -0.00816275486273 0.00918255585618 0.00431550194337 0.00486402941837 -0.0126325257841 -0.0114965539967 0.0136539743773 0.0243380874478 0.0072805707069 0.0283322061778 
0.00206646558895 0.0472949020384 0.00023606837153 0.015634555098 0.0391241647287 -0.00269966912307 0.0244999867647 0.0155415464722 0.0379339609932 0.0784786873804 0.0474265002878 0.0141115157571 0.0306869753343 0.0614311998168 -0.000183945004372 0.0331191087215 0.020970252194 0.00460886499642 0.0402905663874 0.0263949266782 0.00873030043496 0.0632452460617 0.0198666418953 0.0428907443681 0.0327413182558 0.0445886540225 0.0227263152372 0.0049650497083 0.0100504521662 0.0335159445836 0.00661448159578 0.0433073341038 0.56774914368 0.0209491185977 0.0171604613383 0.0221901533842 0.048713827727 0.00187213628274 0.0561575141604 0.0310365524483 0.0108657834622 0.0103013804635 0.00722531673123 0.0174994115526 0.0236682030617 -0.00876509091973 0.0199678538772 0.0256980985402 0.0405237374337 0.0305776695392 
0.00226980208545 0.011101011489 0.0167870282801 0.016110181697 -0.00137348090634 0.0166289884024 0.0120281165488 0.0202005224936 0.00555185357505 -0.00117774953467 -0.0102383103143 0.0235201570529 0.0131649299952 -0.00421752820221 0.00682260131489 0.0171514271949 0.000392072160631 0.00646543457107 0.0145526404782 0.00664801953141 0.0138957066116 0.0205025307734 0.0139501496019 0.00930422410463 0.0173771276493 -0.0037862116887 0.0172648655228 0.0128882349463 0.0208593457107 0.00712749647299 0.00635030497944 0.000459672099608 0.0209491185977 0.135920208275 0.000795630545847 0.0023377591748 0.00503888216831 0.00867610720795 0.01004301039 0.00941328544229 0.01640848563 0.000631234190233 0.00881043795653 0.00678187959261 0.0159116255923 0.00888598895164 -0.000552054904605 0.0074969573616 0.0140355202657 0.00805843933183 
0.0209580044115 0.0187841978246 0.00806753893766 0.0198185150922 0.0109714222625 -0.00158166076309 0.0174037902011 0.0032954652245 0.00658713621835 0.0136363087832 0.0235926094845 -0.00356985901143 0.00453609619396 0.0399442961008 -0.00465765992117 0.0207162883816 0.0144486281975 0.0267002395614 0.0365708067137 0.0275704425858 0.0157040740658 0.0253182051456 0.0228566208256 0.0355099801846 0.00759112308559 0.0144424759153 0.0294505230527 0.019200634475 0.00947897382211 0.0178780181749 0.0207817734193 0.0162821118025 0.0171604613383 0.000795630545847 0.224940025623 0.0357987851625 0.0189407099716 0.0227570843804 0.0238785993033 0.0293381321201 0.0218629633592 0.00117655665002 0.0262407138242 0.0128353972424 0.0270062301633 0.00645502861205 0.0364986234708 0.0438041795077 0.0205926877024 0.0146816312571 
0.0242763871149 0.0350155438902 0.0209403160104 0.0251923159843 0.0158928759982 0.0376389056279 -0.000193189050146 0.00111789730861 0.0238738882159 0.031113556352 0.0188230062492 0.0107680734071 0.017556133327 -0.00149880177352 -0.00724854757849 0.0293218792568 0.0249386581218 0.0100569889623 0.0219791790379 0.015016836475 0.0100769782648 0.0458897801966 0.0241110756707 0.0432079774937 0.0262683684231 0.018797623462 0.00296806429286 0.0180149711641 0.00874028694727 0.0234622041981 0.0144876159083 0.018628287047 0.0221901533842 0.0023377591748 0.0357987851625 0.250560491086 0.0302180026426 0.013049137301 0.0136948600731 0.0122844520548 0.0161860468767 0.00786549569239 0.0221625052767 0.0146569137316 0.0209763515027 0.012194224978 0.0268314288079 0.0241818526149 0.0150221202048 0.0109462400699 
0.0103440567012 0.00997501682251 0.0161831975707 0.022203902577 0.0243848775979 0.00366942650636 0.00523549931184 0.0154441172258 0.0164425608682 0.0363419617161 0.0114680642979 0.0130592978679 0.0133717631142 0.0153057508186 0.012566207795 0.00146073499844 0.0097363994633 0.0178546075283 0.0133933715123 0.0261007928125 0.00911277281196 0.0606169077735 0.0222202346623 0.0460115581523 0.0171842830703 0.0217161598985 0.0221752912343 0.013445401314 0.0009639768393 0.019214065094 0.0133812598749 0.0096379093966 0.048713827727 0.00503888216831 0.0189407099716 0.0302180026426 0.227026224087 0.0171958240947 0.0133763251185 0.0117703152771 0.0142651245504 0.0205034378924 0.0191424870051 0.0101386815521 0.0052556790003 0.0101147212425 -0.00234319758089 0.00770796389586 0.0215812784685 0.0242769513565 
0.00515956080841 0.0278789832108 0.0111353710223 0.0139714743997 0.0316908888233 -0.0158307685242 0.0272287061227 0.0100295211352 0.00840246237155 0.0155288947373 0.0179045994915 0.0106270715335 0.000660344510711 0.0185591054231 -0.0107459072686 0.0068231787407 -0.014919860756 0.00601895561891 0.0168851440623 0.0116944073861 0.0135654829546 -0.015268510273 0.0141078926195 0.0324992417754 0.00647868263561 0.00546978123507 0.0101473358678 0.013024958812 0.0107389198112 0.00751980453388 0.00642356790534 -0.00669876675144 0.00187213628274 0.00867610720795 0.0227570843804 0.013049137301 0.0171958240947 0.328749243973 0.0208373161312 0.0125505568925 0.0126355021641 0.0059804284209 0.0283920680998 0.00496536493832 0.0430177041162 0.027263196103 0.0181023282703 0.0116370247458 0.0349134196012 0.0293101833898 
0.0177779067066 0.00449317874178 0.00579358335984 0.0204584855858 0.00779276616223 0.022541995568 0.0240498097756 0.00570698914785 0.00904022835482 0.0274813421041 0.0133090185455 0.000265112861427 0.0188448617835 0.0288247142527 0.00484839164856 0.0346516206981 0.0164644190681 0.0240508659231 0.0113585527754 0.00973669512078 0.00758729019498 0.0430971122442 0.00941846278267 0.0607427247306 0.00615192491849 0.0528447802736 0.0457098064643 0.0120913917824 0.00165140208439 0.0273123530176 0.00264744676149 0.0279982836681 0.0561575141604 0.01004301039 0.0238785993033 0.0136948600731 0.0133763251185 0.0208373161312 0.313974468744 0.048233068685 0.0186249724102 0.00613659822855 -0.00610782272556 0.0128038270902 0.0139122426633 0.00211837433044 0.0149738247855 0.00692749059484 -0.00371814895392 0.0281029271384 
0.00988182629324 0.0245458260669 0.0120731245675 0.0156379765398 0.00418179354608 0.00425689246267 0.00635230435186 0.00819976888165 0.0160606071341 0.00960915363049 0.00631829978711 0.0113189672888 0.00297527655983 0.0172903139438 0.0109027994359 0.0245925138574 0.0158917456984 0.0298048972197 0.0509511035032 0.0200588040582 0.0121843178212 0.0245460619233 0.0210975866441 0.0162065137998 0.00295748630006 0.0255219887936 0.0193391782737 0.00315682901094 0.0203560689803 0.0116293269242 0.0109412287167 0.000890565279973 0.0310365524483 0.00941328544229 0.0293381321201 0.0122844520548 0.0117703152771 0.0125505568925 0.048233068685 0.205403612505 0.0198431060685 0.0106450881356 0.0047008845413 0.0202182264675 0.0330998525008 0.0280056083076 0.0321557759368 0.0210256729922 0.0174076119162 0.0142789186901 
0.0133948198454 -0.000674059792733 0.00149069556482 0.0163972928792 0.0329081452674 0.0070551786201 0.0197610044144 0.00807182744568 0.0097191039828 0.0196679701748 0.00574210615943 0.00864515494213 0.0174295455083 0.00324277579879 0.0023697780859 0.0152853974235 0.0102624609838 0.0100027066782 0.0349753461199 0.0179243239958 0.0366079932615 0.0318907722095 0.0193930366534 0.0306828809161 0.0120355087515 0.0191522078966 0.0152822413492 0.0407687886627 0.0331070684434 0.0206624255442 0.005115837954 -0.00816275486273 0.0108657834622 0.01640848563 0.0218629633592 0.0161860468767 0.0142651245504 0.0126355021641 0.0186249724102 0.0198431060685 0.163689934129 0.0308131372538 0.0109776279972 0.010825858815 0.0862233905247 0.0160738927319 0.0252649495577 0.0155122304485 0.0137177181523 0.0149024239527 
0.00990970480905 0.00899233696445 -0.00374504369378 0.0102220288812 0.0186926055747 0.0242417144868 0.0077720591966 0.00246377216996 0.00801477952074 0.00300351123554 0.0265538560681 0.00737158689819 0.0131740504729 0.00230298761828 0.00324057746943 0.00854021234574 0.0077848109785 0.00347532248097 0.0130914945112 0.0107474851427 0.0476206685068 0.0259871109362 0.00346323711119 0.0193715011958 0.0104648021141 0.00141316024048 0.0145595778182 0.0543342528737 0.0371597010947 0.00685088828269 0.0125812673923 0.00918255585618 0.0103013804635 0.000631234190233 0.00117655665002 0.00786549569239 0.0205034378924 0.0059804284209 0.00613659822856 0.0106450881356 0.0308131372538 0.170310802686 0.00942424402705 0.000673653638611 0.0413477985392 0.00623830036734 0.0032857707199 0.00874339669009 -0.0042771516025 0.0144370309566 
0.0288048027766 0.0230786294209 0.00470566330809 0.0208922854856 0.00885543561873 0.010115556975 0.00557566188667 0.00880051066717 0.013552328835 0.00995703721328 0.0103258961109 0.003453326795 0.00958847023552 0.0280119697826 -0.00107795326026 -0.00443759322185 0.0148698510089 0.00365029142662 0.0178796035739 0.0165279629582 0.00799591569692 0.0389817408906 0.00608549915948 0.0176067198346 0.0249240153124 0.00932543589105 0.0109257835833 0.0197999265274 0.0148656010006 0.00986059344962 0.0143395857579 0.00431550194337 0.00722531673122 0.00881043795653 0.0262407138242 0.0221625052767 0.0191424870051 0.0283920680998 -0.00610782272556 0.0047008845413 0.0109776279972 0.00942424402705 0.201101364379 0.0121586133911 0.0241797578239 0.0129665847926 0.00494997413467 0.0229618903888 0.00927686836 0.0137141609578 
0.0112486025768 0.00605149390413 0.00758020484105 0.0100215229792 -0.00100281787594 0.00512026841243 0.0149213410956 0.00366649402791 0.0189203572383 0.00290260835523 0.0212722907656 0.0105348353453 0.0132098540931 0.00263776378939 0.00633675752036 0.0213789710578 0.0112472714711 0.00150481843618 0.016985429869 0.0123658709363 0.024077196266 0.00553449716747 0.0186927588443 0.0109853650395 0.00269289604345 0.0231678011654 0.00568111326777 0.0180992091141 0.016170709773 0.0109308771637 0.00562078237129 0.00486402941837 0.0174994115526 0.00678187959261 0.0128353972424 0.0146569137316 0.0101386815521 0.00496536493832 0.0128038270902 0.0202182264675 0.010825858815 0.000673653638611 0.0121586133911 0.133797705871 0.00378677007499 0.0138662688238 0.0244980724703 0.00179363103668 0.0169521628273 0.00693548911662 
-0.00247435233719 -0.00442795620471 -0.0220647491428 0.0122271535725 0.106101373206 0.0127065558604 -0.0111070269074 0.0149637418392 0.0233484890032 0.0183290170935 0.0327676077181 0.0042420177754 0.0131961521925 0.0335749029238 -0.00909266327593 0.0791019163946 0.0188141475234 -0.00768319669552 0.0370957906028 0.105344889331 0.0157354213292 0.0129705790129 0.0195518116024 0.0355817408398 0.00119917902312 0.0125430044266 -0.00769866004392 0.0415566630316 0.00956893868332 0.0127865302711 -0.00577599868165 -0.0126325257841 0.0236682030617 0.0159116255923 0.0270062301633 0.0209763515027 0.0052556790003 0.0430177041162 0.0139122426633 0.0330998525008 0.0862233905247 0.0413477985392 0.0241797578239 0.00378677007499 8.19240015918 0.00104636408829 0.00853904492083 -0.00652626679271 -0.00565220782008 0.0229091700191 
0.000668913229898 0.0110711376967 -0.00687949370983 0.00455104541004 -0.00156020100703 -0.0100982420054 0.00367194350588 0.0173156985769 0.0223796519326 -0.0159469643143 0.0124948165403 0.0175326101122 0.00292563696887 0.0167887016293 0.00743370982822 0.00803346260637 0.00112504064156 -0.00234238371733 0.0169252617675 0.0202638678184 0.0092434629132 0.0205604484796 0.00617792491125 0.0164991346572 0.0422591950695 0.00959074867414 0.0157787193029 0.0126708096964 0.0106052893791 0.0197978894436 0.0182366265095 -0.0114965539967 -0.00876509091973 0.00888598895164 0.00645502861205 0.012194224978 0.0101147212425 0.027263196103 0.00211837433044 0.0280056083076 0.0160738927319 0.00623830036734 0.0129665847926 0.0138662688238 0.00104636408828 0.403012427997 0.00906536175203 0.0105421414603 0.00819415752077 0.0246674849769 
0.0236934530027 0.0218784938662 0.00103776603204 0.0154475163956 0.0256735090648 0.0208569075688 0.0395162037433 0.00302515543738 0.0163511405496 0.0305606008813 0.0542121463759 0.0129603731144 0.00556876575149 0.0174834912632 -0.000935737376866 0.0441804202272 0.0152083771872 0.061049342214 0.0155984111985 0.0199427248935 -0.00169341718982 0.0246562372702 0.0188829652215 0.0279802722428 0.0297294133684 0.00902967643113 0.0151711954162 0.00682662448863 0.00319829605702 0.0115858206111 0.00547310656081 0.0136539743773 0.0199678538772 -0.000552054904605 0.0364986234708 0.0268314288079 -0.00234319758089 0.0181023282703 0.0149738247855 0.0321557759368 0.0252649495577 0.00328577071991 0.00494997413467 0.0244980724703 0.00853904492083 0.00906536175203 0.315364316665 0.0369000511883 0.0667965629206 0.0220875890955 
