50
0.0275926739743 0.0646745186267 0.0367752030525 0.0188066159349 0.079223051944 0.0131635076039 0.0612619406497 0.0997806882374 0.019144788815 0.0265727047954 0.0716450377603 0.0324915821016 0.0256056876134 0.0523918745475 0.105459344027 0.0700025840065 0.0284224966367 0.0347696809731 0.0373994541978 0.0621529110589 0.0308768641188 0.0406155741598 0.0396471392927 0.116792266476 0.0231907610599 0.0214039426083 0.104903250727 0.0613427887106 0.15397042743 0.029419367 0.0590558874601 0.0380825412642 0.0514292405054 0.0597278634654 0.0353466838873 0.0420146984796 0.0363496030559 0.0470472683343 0.0761836706695 0.0389775871913 0.142835786571 0.0770368317024 0.0654803135324 0.0754225878746 0.018453974145 0.0440278725419 0.143584613331 0.127416862275 0.0664901393557 0.0220144037379 
0.365203615219 0.0387321741395 0.0101823595583 -0.00660023673603 0.0201323583617 0.00327288317883 0.00183708459664 -0.00255161042044 0.0158853333033 0.00252718289256 -0.0155681952725 0.0348188652228 0.0220440024502 -0.00765681665754 -0.00976152514574 -0.000647750594328 -0.00261836059684 -0.00522948227404 0.0107774415788 0.0103097708512 0.00590547175556 0.00542709700247 -0.00288171786269 -0.0199620018998 0.0141395538675 0.00336787767637 0.0117114511886 -0.0184089002305 -0.00451626437072 0.0109134713117 0.0179194425321 0.00422244451505 0.00390057294621 0.00459945375252 0.0087017817676 0.0136680413579 -0.00563699523001 0.00901483287326 0.00473509944242 0.00043443978468 -0.0170687840846 0.00914973809285 0.00459482053844 -0.00313269057914 0.000749947037715 0.00993177163097 -0.00198452297928 -0.00298650841938 0.0219184244637 -0.00106200409213 
0.0387321741395 0.507705392831 0.0239870138126 -0.00300651164784 0.00734364681629 0.00719431920976 0.0576690428092 0.00619394529742 0.00765161334827 0.0177345062056 0.0239800816035 0.000120239110473 -0.0049524563658 0.0407631599098 0.0157317148493 0.00939259627742 -0.00528247300951 -6.82503783493e-05 0.0244300680618 0.00416691253407 0.00740065042914 0.0237650762792 0.012162918034 0.0230641947272 0.0149906462734 0.0186840912014 0.015246361749 0.00365218271378 0.0051549926478 0.00500179217651 0.0285223342496 -0.00245619417089 -0.00325448558356 -0.000490360280794 0.0256427177412 0.0170748938045 0.0193979040648 0.0199218292976 0.00973832053595 0.0152692241423 0.0172808973668 0.0155464303083 -0.00213356491477 -0.00348534838756 -0.00420923446877 0.0010851651699 0.0696515148241 0.0271425630619 0.040698143284 0.00476081269855 
0.0101823595583 0.0239870138126 0.252313490076 0.0137158191122 0.017840294757 0.000915920437982 0.0144586855179 0.0175637285292 0.0217234118422 0.014153066351 0.0149023844592 0.00875063215672 0.0124853083689 0.0155604652459 0.0347851060958 0.0163475078455 -0.00656514443089 0.00271409064724 0.000153728054169 0.0196725377066 0.0250074818507 0.0125491851008 -0.00151966594401 0.0206428355642 0.00936802124824 0.00771912090286 0.0249379745186 0.00287995679535 -0.00303005964037 0.00377120031679 0.019327920356 0.0107759845762 0.025546487543 0.00954669658632 0.016381197595 0.0115793999348 0.0359778909475 0.0147018054002 -0.00207316949926 0.0238620384939 0.00616598156089 0.0107740144916 0.0168815553523 0.000989279022249 0.0143230357033 0.0135305916177 -0.011208889788 -0.0161618174442 0.0198777429274 0.00611136614986 
-0.00660023673603 -0.00300651164784 0.0137158191122 0.188098572855 0.030467534877 0.00648920298493 0.0110126802424 -0.000792523285904 0.0490182364473 0.0181640614085 0.0109190908335 0.0222701816397 0.0100253837953 0.00168250809329 0.0128255664726 0.0102162282374 0.00520548084842 0.0127266415922 0.0352648180108 0.0378560646692 0.00834500828357 0.0144117174317 0.00398112674221 0.00921678116028 0.0112200958135 0.0069843019479 0.0297620918156 0.0229172571204 0.0079075575919 -0.00590659864881 0.0226245286647 0.0139936419135 0.0243213654557 0.019771820966 0.00182984646324 0.00637704128755 0.0237033323725 0.0171210229604 0.00447926653025 0.0164627822783 0.0197707148776 0.0279633736586 0.0299933996498 0.0199812399432 0.022900273481 0.00551704149083 0.00762358834736 -0.00129655258306 0.0239665486336 0.00388063157956 
0.0201323583617 0.00734364681629 0.017840294757 0.030467534877 0.387430782698 0.0250566818365 0.0168243919318 0.0599763451468 0.0244826978448 0.0181770292321 -0.00315008489576 0.0263100771705 0.0145202374398 0.0168605119528 0.0163111250202 0.00765298301387 0.00650385004129 0.0149340619711 0.0179452846632 0.0329447356012 0.0280514405969 0.0197631013192 0.00700073346 0.0118341900174 0.011666870645 0.0238268503133 0.021518788481 -0.00721738696506 0.00957903396947 0.00243348854627 -0.01291063457 0.0210661244424 0.0178253132543 0.0371432935925 0.0103940921604 0.0177767406854 0.0241695520126 0.0250292865742 0.0415997153633 0.0161902417245 0.0100074645479 0.0125479656473 0.0233482161134 0.00366771671821 0.0139308134007 0.0146540893558 0.0199483551454 0.0204195976896 0.0157556278714 0.0111281039748 
0.00327288317883 0.00719431920976 0.000915920437982 0.00648920298493 0.0250566818365 0.144129396009 0.0082205378579 0.0211858131112 0.0116154461132 0.0044530417133 0.0106385927539 0.00271852907709 0.0113342245622 0.00840256319685 -0.00134486998132 0.0069376060999 0.0107152071671 0.00846964718772 0.008903763974 -0.00716080366424 0.01174382543 0.0220565679362 0.0470497783492 0.0103827133562 0.00248080844819 -0.00684624205339 0.00567137753796 0.0154442537739 0.00800163737937 0.0421799297214 0.019295873085 0.00268357997899 0.0252341195179 -0.000507011750215 0.0213278359744 0.024142909237 0.00356802492271 0.0209965676688 -0.000357663532572 0.0253578174136 0.0146424388461 0.00515667539359 0.00576196198158 0.00597171613463 0.0152803143985 0.010805599367 0.0194184916655 0.0255068801961 0.0190401456032 0.048801907297 
0.00183708459664 0.0576690428092 0.0144586855179 0.0110126802424 0.0168243919318 0.0082205378579 0.357982522459 0.0316135363517 0.0101280203706 0.00501913583221 0.0048588167779 0.0196958206445 -0.00114973713269 0.0369985444297 0.0135086294632 0.00195677395998 0.0107813907997 0.0221744515034 0.0131755726182 0.0130652134442 0.00998786748108 0.0229640815955 0.00829934778793 0.0157586643163 0.0110211195886 0.0189669751519 0.0179394210104 0.0180015995948 0.0339649223344 0.0153204682148 0.0108210116434 0.0264123242084 0.0338784201476 0.0140098253095 0.0130918863465 0.018127532771 0.0241543271992 0.0157781128107 0.0390342392264 -0.0044405295237 0.0103137327109 0.0167679754499 0.0165090503318 0.0330314346882 -7.39300902284e-05 0.0135125745267 0.0365847868153 0.011252437668 0.0044827588879 0.0163502546849 
-0.00255161042044 0.00619394529742 0.0175637285292 -0.000792523285904 0.0599763451468 0.0211858131112 0.0316135363517 0.558627030294 0.0281578146673 0.00759395528618 0.0263712972401 0.0151267873114 0.0140679594097 0.0268315968016 0.0119362146842 -0.0115248706379 0.0123451345653 0.0119684838165 0.00609343296853 0.0204438454119 0.0168528054619 0.0179320282392 0.023859643525 -0.0213012868068 0.0103407774129 0.0330675456653 0.0127836828181 0.00618310943106 0.124736016521 0.0101977200252 0.0120834656327 0.016197179574 0.015842875404 0.0244227845206 0.0113886977556 0.0057659519195 0.0171498422754 0.0203674631616 0.020346585836 0.02035725998 0.0117426695968 -0.000999129686755 -0.00185931231789 0.0409204471034 0.0157072478169 0.0195120963857 0.0495775242455 -0.00390253279589 0.0166269149087 0.0183150624504 
0.0158853333033 0.00765161334827 0.0217234118422 0.0490182364473 0.0244826978448 0.0116154461132 0.0101280203706 0.0281578146673 0.220991340515 0.0131229097728 0.00723621704316 0.0361706393896 0.010272950078 0.0198388177529 0.0243604495985 0.0139810766303 -0.0125852553629 0.0195157698228 0.0387738840787 0.0423500499115 0.0288829604605 0.0254041165998 0.018922359604 0.0193112138099 0.0106969551929 0.0232075774624 0.0248230940313 0.00601166773588 0.00537523846471 0.0162669272642 0.0242718555902 0.0116334301807 0.0383156060201 0.0169179763846 0.0184933779848 0.00802011768057 0.0169892857909 0.0176146199934 0.0171552287836 0.022977992134 -0.000947854267492 0.0179698565315 0.0197558493061 0.0266978660075 0.00988126993796 0.0175323573029 0.0251779003545 0.00648651002366 0.0485360965192 0.00621724141938 
0.00252718289256 0.0177345062056 0.014153066351 0.0181640614085 0.0181770292321 0.0044530417133 0.00501913583221 0.00759395528618 0.0131229097728 0.204535207936 0.0192767292969 -0.00690197922427 0.00405533352003 0.00807635163642 0.0227840706324 0.0108535756461 0.0128013198802 0.00146267054233 0.00397557034971 0.0215929013041 0.0150808709257 0.00697439426804 0.0189994071565 0.00552426357633 0.0478890782154 0.0145873938366 0.0373210023927 0.00665097582309 -0.00620931623277 0.023385476433 0.006182980188 0.00396745848816 0.0219100203602 0.00609140987212 0.0175356839015 0.0321581828214 0.0139188504643 0.00536473243753 0.0204243384437 0.0261026166761 -0.0030629452711 0.0106157799346 0.00909199667651 0.0129250773607 0.00499062167125 0.0115989653631 0.0153800556382 0.0238448338181 0.0153432987562 0.0110907076444 
-0.0155681952725 0.0239800816035 0.0149023844592 0.0109190908335 -0.00315008489576 0.0106385927539 0.0048588167779 0.0263712972401 0.00723621704316 0.0192767292969 0.465685056528 -0.0196844896353 0.0111843533425 0.010800715206 -0.000729818869261 0.0210534661043 -0.0032475327935 0.0189536780021 0.0275970443711 0.000544262703091 0.00651426253602 0.00605257634063 0.0137535859957 0.00556888309223 -0.00113187936228 0.0118918615423 0.030183081117 0.000249270072159 0.0191308409 0.0243691428189 -0.00206118694948 0.0110124023045 0.023218879492 0.0270914470347 0.0113809706972 0.0295137258734 0.000414614242357 0.00684758320466 0.0228451874103 0.015440747988 0.00519662516337 0.00668371086884 0.0102801213702 0.00771925591073 -0.00765646992122 0.00198869947854 0.0382406477748 0.00434890839597 0.0040154759457 0.00587284781827 
0.0348188652228 0.000120239110474 0.00875063215672 0.0222701816397 0.0263100771705 0.00271852907709 0.0196958206445 0.0151267873114 0.0361706393896 -0.00690197922427 -0.0196844896353 0.298241488283 0.00559014064677 0.0164018416285 0.0125722223734 0.00557401244326 -0.00610774064363 0.0126944820756 0.025645542882 0.0412229799658 0.00664474848016 0.0106058301203 0.0120039669695 0.0155133524755 0.0154221976081 0.00317297165721 -0.00299661096545 0.00858269568083 0.000955867481572 0.00987216712996 0.00650019119698 0.014881016073 0.0075958415592 0.0251099877888 0.0183134534418 0.00777959217815 0.00690339846475 0.00533526292173 0.0440453169732 0.00361439217453 0.0224707631581 0.0113973493009 0.0320367261429 0.000345414188481 0.0140762432846 0.0374522027168 0.00564393873759 0.0220198106156 0.0445619243892 0.00529203782985 
0.0220440024502 -0.0049524563658 0.0124853083689 0.0100253837953 0.0145202374398 0.0113342245622 -0.00114973713269 0.0140679594097 0.010272950078 0.00405533352003 0.0111843533425 0.00559014064677 0.213977678872 0.0139861541973 0.0293864779752 0.0353755865599 0.0123665915098 0.006814271212 0.0234531992658 0.0184684335803 0.00829437065438 0.00640851951495 -0.00485005162596 0.0138984205975 0.0182435487762 0.00661023689102 0.00756392713938 0.00267277312578 -0.00414963043244 0.000172748203634 0.0174735736482 0.0237825069814 0.0145403240158 0.00869379758596 0.013410345618 0.00766597279937 0.0229221675718 0.0125062285804 0.00519047274771 0.000222959303529 -0.00756606212553 0.00219968193909 0.00598052770684 0.010676937987 0.000120959961994 0.0140577226344 0.00513202883285 0.00454497098921 0.00500309592158 0.00728088318416 
-0.00765681665754 0.0407631599098 0.0155604652459 0.00168250809329 0.0168605119528 0.00840256319685 0.0369985444297 0.0268315968016 0.0198388177529 0.00807635163642 0.010800715206 0.0164018416285 0.0139861541973 0.34414602936 -0.00786396789714 0.00101278277963 0.000318958727621 0.0163694428246 0.0206706977751 0.0161555753057 0.0144735905278 0.037190234209 0.021905716166 0.0044331465985 0.0118917861602 0.0108542771806 0.0112697908329 0.00253300980002 0.0018521109711 0.0138150559508 0.029725971202 0.0221144407898 0.00419041291392 0.0119694416362 0.0300940324063 0.0159800069461 0.0165570966833 0.0270169308343 -0.00220832641472 0.034204541251 -0.00827792093556 -0.0112842488844 0.0247952581169 0.0208940378142 0.00491400316183 0.0129159780132 0.0181506980725 -0.000804692266326 0.0466179519052 0.0244557421197 
-0.00976152514574 0.0157317148493 0.0347851060958 0.0128255664726 0.0163111250202 -0.00134486998132 0.0135086294632 0.0119362146842 0.0243604495985 0.0227840706324 -0.000729818869261 0.0125722223734 0.0293864779752 -0.00786396789714 0.750449271788 0.0647462699654 0.0053817594136 0.0302015854218 0.00686860159768 0.0152655320571 0.00642174991502 0.034147030766 0.00362043448852 0.007298348476 0.0129487119238 0.0253567956567 0.0243883141267 0.0104495090974 0.000312793015879 -0.0127189004491 0.0528947371278 0.030518682935 0.0277237445285 0.00561512120054 0.0119214020729 0.0114862610121 0.0269855868566 0.0298112042387 0.0306147718957 0.0243318632606 0.00912828120024 0.0153395067761 0.02772813543 0.0160539519037 0.0125344219989 0.0185180585887 -0.00469325496136 0.00588043128542 0.0355969249889 0.00223891032115 
-0.000647750594327 0.00939259627742 0.0163475078455 0.0102162282374 0.00765298301387 0.0069376060999 0.00195677395998 -0.0115248706379 0.0139810766303 0.0108535756461 0.0210534661043 0.00557401244326 0.0353755865599 0.00101278277963 0.0647462699654 0.313271758737 0.00288536438159 0.0269138630781 0.00513345957344 0.0174789211082 -0.000243984804988 0.0125104755048 0.0153717232683 0.00701934718302 0.00891682987455 0.0113886002126 0.0190289076732 0.0161589365905 0.0241542226606 0.00825466912804 0.0018292803643 0.0103338877789 0.010176173043 -0.00315602835852 0.00685487035721 0.00450103784323 0.0757746712362 0.00510314253668 0.0124911265947 0.0100610167376 -0.00414174669207 0.0197650906623 0.0222120999122 0.0125942782519 -0.00548317983027 0.00226694511514 0.00692976468459 0.00576348927387 0.0136260981596 0.00723729842326 
-0.00261836059684 -0.00528247300951 -0.00656514443089 0.00520548084842 0.00650385004129 0.0107152071671 0.0107813907997 0.0123451345653 -0.0125852553629 0.0128013198802 -0.0032475327935 -0.00610774064363 0.0123665915098 0.000318958727621 0.0053817594136 0.00288536438159 0.196582763728 0.0109587066967 0.00315859719379 0.012152106372 0.00288802472674 0.0110612688455 0.0089121126801 0.00447380271182 0.00732719085544 0.00827196198183 -0.00232643410584 0.02277991609 0.00629155578995 0.0152501808044 0.0227184868526 0.0179278301906 0.0136791119202 0.00295184837566 0.00942288663478 0.0109497165143 0.00844262529189 0.00816759680468 0.00855712510489 0.00774641819809 0.00707159332536 -0.00110990190956 0.00832588998832 0.0134484904214 0.00534628457374 0.0164694331352 -8.44548861278e-05 -0.000658145374341 0.0189908437587 0.0150653622578 
-0.00522948227404 -6.82503783494e-05 0.00271409064724 0.0127266415922 0.0149340619711 0.00846964718772 0.0221744515034 0.0119684838165 0.0195157698228 0.00146267054233 0.0189536780021 0.0126944820756 0.006814271212 0.0163694428246 0.0302015854218 0.0269138630781 0.0109587066967 0.230063127918 0.025326962438 0.0099907005775 0.0266936446044 0.0116162099031 0.0144288730525 -0.00818044792025 0.0230014441344 0.0253219453306 0.0357296579775 0.0150986132936 0.0227609795098 0.0217888112275 0.00926842773931 0.0324746392038 0.018849075057 0.0426782859735 0.011171775476 0.0163517998929 0.00582896856271 0.000886785252562 0.0342108438474 0.019577849407 0.00427742523913 0.0209850639498 0.0283505810014 0.0225387656522 0.00223017745462 0.0238970088646 0.0166900997654 0.030590649444 0.0176326812261 0.0214980341641 
0.0107774415788 0.0244300680618 0.000153728054169 0.0352648180108 0.0179452846632 0.008903763974 0.0131755726182 0.00609343296853 0.0387738840787 0.00397557034971 0.0275970443711 0.025645542882 0.0234531992658 0.0206706977751 0.00686860159768 0.00513345957344 0.00315859719379 0.025326962438 0.313157606209 0.0279076833669 0.00461082709894 0.0281414350141 0.00476137276368 0.0256622369628 0.00612553211658 0.0191538487061 0.0308399721383 0.00791476523045 0.0182201977078 0.0064855634627 0.0090598066487 0.00124111395848 0.0256873878738 0.0253158169594 0.0162909028871 0.0136874905662 0.0164018739202 0.0189373307595 0.0150208756719 0.033163502173 0.00495392820895 0.00292304063302 0.0330260155955 0.0229783752469 0.0283707813495 0.020285908208 0.0182222687047 0.0132058104602 0.0362814536519 -9.02177515131e-05 
0.0103097708512 0.00416691253407 0.0196725377066 0.0378560646692 0.0329447356012 -0.00716080366424 0.0130652134442 0.0204438454119 0.0423500499115 0.0215929013041 0.000544262703091 0.0412229799658 0.0184684335803 0.0161555753057 0.0152655320571 0.0174789211082 0.012152106372 0.0099907005775 0.0279076833669 0.324322901185 0.0185273759061 0.0156800473852 0.00520225129964 0.00623850722793 0.0062365166337 0.0228938562648 0.0255189189465 0.0174780311903 -0.00312751140384 0.0100794278429 0.0173885529236 0.000700360807392 0.0269527713031 0.0210400516187 0.013217218356 0.0122964463183 0.0316490912548 0.0297765634072 0.00992608015997 0.0151395967023 0.0194475924151 0.0179021492503 0.0286068347124 0.0102093848306 0.00051775465205 0.0123490081809 0.00141686982079 -0.00688228868742 0.0146226341216 0.00764096678635 
0.00590547175556 0.00740065042914 0.0250074818507 0.00834500828357 0.0280514405969 0.01174382543 0.00998786748108 0.0168528054619 0.0288829604605 0.0150808709257 0.00651426253602 0.00664474848016 0.00829437065438 0.0144735905278 0.00642174991502 -0.000243984804987 0.00288802472674 0.0266936446044 0.00461082709894 0.0185273759061 0.25930085505 0.00649646667485 0.00471732804823 0.00272697628487 0.0320583239653 0.0344336074439 0.0144774685217 -0.00872426024644 0.00329585539211 0.0100532855031 -0.00768879122023 0.0165955888024 0.0309796180306 0.0150825188755 0.0428793108431 0.0136805902172 -0.00171719474165 0.00775952863722 0.0223883425421 0.0172495257594 0.0139423026026 -0.00299766543005 0.0192643370014 0.0111925281664 0.0145073373953 0.00523261122099 0.000421119071641 0.00461676334128 0.0206855170522 -0.00644745372896 
0.00542709700247 0.0237650762792 0.0125491851008 0.0144117174317 0.0197631013192 0.0220565679362 0.0229640815955 0.0179320282392 0.0254041165998 0.00697439426804 0.00605257634063 0.0106058301203 0.00640851951495 0.037190234209 0.034147030766 0.0125104755048 0.0110612688455 0.0116162099031 0.0281414350141 0.0156800473852 0.00649646667485 0.205963523715 0.0309906315683 0.0129066873837 0.0212213591937 0.0230203284181 0.0462672914224 0.0126883893022 0.0252795445624 0.0260577976712 0.0277473532677 0.00445158462555 0.0287251091692 0.0233146624492 0.016682150841 0.0149044322809 0.0125023228028 0.0802101057684 0.02469779666 0.00744609639684 0.0195891276548 0.00960812582058 0.0245180625529 0.0385947086293 0.00578151307819 0.019221567842 0.0396007705316 0.0143157600951 0.0384740770746 0.0209155626264 
-0.00288171786269 0.012162918034 -0.00151966594401 0.00398112674221 0.00700073346 0.0470497783492 0.00829934778793 0.023859643525 0.018922359604 0.0189994071565 0.0137535859957 0.0120039669695 -0.00485005162596 0.021905716166 0.00362043448852 0.0153717232683 0.0089121126801 0.0144288730525 0.00476137276368 0.00520225129964 0.00471732804823 0.0309906315683 0.259719192683 -0.00323096249961 0.0140590961668 0.00996815568558 0.00239523005058 0.0228235472923 0.0501826969997 0.0500639784519 0.0103491468138 -0.00330153191247 0.0295408261197 0.0124954242497 0.0172825713738 0.0298326353116 0.0119065513526 0.0146966986683 0.0173302022778 0.0234114946048 0.00407462863128 0.0201460856719 0.0153148291303 -0.00968305881269 0.00750281277842 0.0207307387343 0.0429059910801 0.0323700346635 0.0265270027057 0.0481147158087 
-0.0199620018998 0.0230641947272 0.0206428355642 0.00921678116028 0.0118341900174 0.0103827133562 0.0157586643163 -0.0213012868068 0.0193112138099 0.00552426357633 0.00556888309223 0.0155133524755 0.0138984205975 0.0044331465985 0.007298348476 0.00701934718302 0.00447380271182 -0.00818044792025 0.0256622369628 0.00623850722793 0.00272697628487 0.0129066873837 -0.00323096249961 0.602238753519 -0.00936030990441 0.0219805238841 0.0330864739772 -0.00301128319853 0.0217245802031 0.00597570267671 -0.00366733969316 0.00944702044735 0.03186167157 0.00728431985457 0.00548503391459 0.0165721899928 0.0111437369553 0.00121963577836 0.0162454753715 0.00816572947005 -0.00455298647372 -0.00794136647665 0.0026115715467 0.00878135335331 0.00455738933841 0.0123173201934 0.00655750780552 0.00778646319819 0.0110373260996 -7.55408398829e-05 
0.0141395538675 0.0149906462734 0.00936802124824 0.0112200958135 0.011666870645 0.00248080844819 0.0110211195886 0.0103407774129 0.0106969551929 0.0478890782154 -0.00113187936228 0.0154221976081 0.0182435487762 0.0118917861602 0.0129487119238 0.00891682987455 0.00732719085544 0.0230014441344 0.00612553211658 0.0062365166337 0.0320583239653 0.0212213591937 0.0140590961668 -0.00936030990441 0.217310159992 0.0107187227026 0.0264506054803 0.000585274996691 -0.00830176183624 0.0166808077086 0.0237789966341 0.0159110735308 0.010876106919 0.0624219945727 0.0117775454647 0.0180403563991 0.00335379312354 0.0162384258967 0.0303908223548 0.0334940226065 0.0060977568574 -0.00367773300765 0.00912841593293 0.0295217552994 0.000749984803051 0.0138177464031 0.00473566984427 -0.00192942625479 0.0163231608263 0.00975072699742 
0.00336787767637 0.0186840912014 0.00771912090286 0.0069843019479 0.0238268503133 -0.0068462420534 0.0189669751519 0.0330675456653 0.0232075774624 0.0145873938366 0.0118918615423 0.00317297165721 0.00661023689102 0.0108542771806 0.0253567956567 0.0113886002126 0.00827196198183 0.0253219453306 0.0191538487061 0.0228938562648 0.0344336074439 0.0230203284181 0.00996815568558 0.0219805238841 0.0107187227026 0.21832821453 0.0394457567767 0.0132308077195 0.0346067996401 0.00154186379906 0.00141284397573 0.0123610503662 0.0313144553777 0.033060782237 0.0116810684424 0.0122983689828 0.0117754165152 0.0165785201678 0.0314989183856 0.0188072262207 -0.00261970276806 0.0156526330782 0.0295635646325 0.0249870776045 0.0167005652898 0.0243030319087 0.0524363640678 0.0332020659061 0.0200824106958 0.00297756399674 
0.0117114511886 0.015246361749 0.0249379745186 0.0297620918156 0.021518788481 0.00567137753796 0.0179394210104 0.0127836828181 0.0248230940313 0.0373210023927 0.030183081117 -0.00299661096545 0.00756392713938 0.0112697908329 0.0243883141267 0.0190289076732 -0.00232643410584 0.0357296579775 0.0308399721383 0.0255189189465 0.0144774685217 0.0462672914224 0.00239523005058 0.0330864739772 0.0264506054803 0.0394457567767 0.467745341271 0.00839043565996 0.0481422446927 0.0040066140553 0.00430425680138 0.0212165550449 0.0411232735524 0.0178469778159 0.00907825530288 0.0370826858719 0.0281268847295 0.0204346140299 0.0479522139846 0.0312057374691 -0.0148099696551 0.03450100137 0.0539045955201 0.0469328319443 0.0213738227362 0.0283012265989 0.0391756491476 0.0283167317268 0.032401845492 0.0119451275098 
-0.0184089002305 0.00365218271378 0.00287995679535 0.0229172571204 -0.00721738696506 0.0154442537739 0.0180015995948 0.00618310943106 0.00601166773588 0.00665097582309 0.000249270072159 0.00858269568083 0.00267277312578 0.00253300980002 0.0104495090974 0.0161589365905 0.02277991609 0.0150986132936 0.00791476523045 0.0174780311903 -0.00872426024644 0.0126883893022 0.0228235472923 -0.00301128319853 0.000585274996691 0.0132308077195 0.00839043565996 0.272957021794 0.02064119506 0.0147172680584 0.0148436609586 0.0122786733898 0.00652504106088 0.0173664619563 0.0090933123088 0.0332238806942 0.0101129610534 0.00751015395135 0.00828332034482 0.0171478827816 0.0128223126661 0.0119196410395 -0.00110578211281 0.0144229975274 0.00540481006776 -0.00691795664223 0.0172299207933 0.00886283055349 0.0318504416674 0.0154529865019 
-0.00451626437072 0.0051549926478 -0.00303005964037 0.0079075575919 0.00957903396947 0.00800163737937 0.0339649223344 0.124736016521 0.00537523846471 -0.00620931623277 0.0191308409 0.000955867481572 -0.00414963043244 0.0018521109711 0.000312793015879 0.0241542226606 0.00629155578995 0.0227609795098 0.0182201977078 -0.00312751140384 0.00329585539211 0.0252795445624 0.0501826969997 0.0217245802031 -0.00830176183624 0.0346067996401 0.0481422446927 0.02064119506 0.561493527064 0.00843430760076 -0.0163249183969 0.0219076149249 0.00958625995408 0.0276419911094 -0.00821193392667 0.0351091255486 0.0171333069771 0.00807686078715 0.0422974976726 -0.00118790766078 0.027127930248 0.0180057180549 0.00238907363974 0.0156682918731 0.0113866544175 0.000822774394457 0.216353443275 0.133654718998 0.0199213940361 0.0174855645553 
0.0109134713117 0.00500179217651 0.00377120031679 -0.0059065986488 0.00243348854627 0.0421799297214 0.0153204682148 0.0101977200252 0.0162669272642 0.023385476433 0.0243691428189 0.00987216712996 0.000172748203634 0.0138150559508 -0.0127189004491 0.00825466912804 0.0152501808044 0.0217888112275 0.0064855634627 0.0100794278429 0.0100532855031 0.0260577976712 0.0500639784519 0.00597570267671 0.0166808077086 0.00154186379906 0.0040066140553 0.0147172680584 0.00843430760076 0.195033559072 0.0356792693842 0.00191272824937 0.0183667401722 0.00953075999779 0.0200812059677 0.0193942615586 0.0138518131871 0.0196973327519 0.00861262180747 0.00789517107745 0.0106683716902 0.00875541574443 0.0122135301533 0.0136677576093 0.00234839747086 0.017317630161 0.0246073113371 0.0181128731989 0.00425362054561 0.0323931680779 
0.0179194425321 0.0285223342496 0.019327920356 0.0226245286647 -0.01291063457 0.019295873085 0.0108210116434 0.0120834656327 0.0242718555902 0.006182980188 -0.00206118694948 0.00650019119698 0.0174735736482 0.029725971202 0.0528947371278 0.0018292803643 0.0227184868526 0.00926842773931 0.0090598066487 0.0173885529236 -0.00768879122023 0.0277473532677 0.0103491468138 -0.00366733969316 0.0237789966341 0.00141284397573 0.00430425680138 0.0148436609586 -0.0163249183969 0.0356792693842 0.714580643789 0.0171225586892 0.00619853459058 0.0104361239084 0.0274091130744 0.0216691084935 0.0707566702797 0.0262524583669 -0.00566313499166 -0.00364206255058 -0.0114499361284 -5.39752682594e-05 0.00990532077004 0.0241195398091 0.0294868611112 0.00286830294881 -0.000714616037012 0.0165717823481 0.0263523246474 0.0154918175339 
0.00422244451505 -0.00245619417089 0.0107759845762 0.0139936419135 0.0210661244424 0.00268357997899 0.0264123242084 0.016197179574 0.0116334301807 0.00396745848816 0.0110124023045 0.014881016073 0.0237825069814 0.0221144407898 0.030518682935 0.0103338877789 0.0179278301906 0.0324746392038 0.00124111395848 0.000700360807391 0.0165955888024 0.00445158462555 -0.00330153191247 0.00944702044735 0.0159110735308 0.0123610503662 0.0212165550449 0.0122786733898 0.0219076149249 0.00191272824937 0.0171225586892 0.248440881118 0.0261947898698 0.0221897252186 0.00727671267568 0.0144528021346 -0.00445263808879 0.00355448650417 0.0368136496686 0.032378616241 0.00355773029199 0.00308877279593 0.00459298601351 0.0114996199101 -0.00750142406184 0.0277166070865 0.0108174878545 0.00893875992231 0.018171905093 -9.68266134616e-05 
0.00390057294621 -0.00325448558356 0.025546487543 0.0243213654557 0.0178253132543 0.0252341195179 0.0338784201476 0.015842875404 0.0383156060201 0.0219100203602 0.023218879492 0.0075958415592 0.0145403240158 0.00419041291392 0.0277237445285 0.010176173043 0.0136791119202 0.018849075057 0.0256873878738 0.0269527713031 0.0309796180306 0.0287251091692 0.0295408261197 0.03186167157 0.010876106919 0.0313144553777 0.0411232735524 0.00652504106088 0.00958625995408 0.0183667401722 0.00619853459058 0.0261947898698 0.204077488831 0.0117039512746 0.0246929011633 0.0281875773494 0.0197577873765 0.0180444960633 0.026673595736 0.0264617760029 0.00213620591533 0.0186194993525 0.0160557244969 0.0315335915387 0.00656290462489 0.0208644595201 0.0294951847385 0.038768586639 0.0361063335816 0.021217165695 
0.00459945375252 -0.000490360280793 0.00954669658632 0.019771820966 0.0371432935925 -0.000507011750215 0.0140098253095 0.0244227845206 0.0169179763846 0.00609140987212 0.0270914470347 0.0251099877888 0.00869379758596 0.0119694416362 0.00561512120054 -0.00315602835852 0.00295184837566 0.0426782859735 0.0253158169594 0.0210400516187 0.0150825188755 0.0233146624492 0.0124954242497 0.00728431985457 0.0624219945727 0.033060782237 0.0178469778159 0.0173664619563 0.0276419911094 0.00953075999779 0.0104361239084 0.0221897252186 0.0117039512746 0.396965142763 0.00432168233582 0.0175458520726 0.0356580165809 0.0217480040008 0.0261488700633 0.0112692814859 -0.00463373628172 0.0198163708792 0.0320097405517 0.0333911239032 0.0163292765932 0.00488674264455 0.0348654660029 0.0293563931867 0.0222016663707 0.00574272449197 
0.0087017817676 0.0256427177412 0.016381197595 0.00182984646324 0.0103940921604 0.0213278359744 0.0130918863465 0.0113886977556 0.0184933779848 0.0175356839015 0.0113809706972 0.0183134534418 0.013410345618 0.0300940324063 0.0119214020729 0.00685487035721 0.00942288663478 0.011171775476 0.0162909028871 0.013217218356 0.0428793108431 0.016682150841 0.0172825713738 0.00548503391459 0.0117775454647 0.0116810684424 0.00907825530288 0.0090933123088 -0.00821193392667 0.0200812059677 0.0274091130744 0.00727671267568 0.0246929011633 0.00432168233582 0.267503494699 0.0120819735593 0.0271712840947 0.0249830962791 0.0118823359462 0.0255994524264 0.00108380444758 0.00390315981815 -0.00485147561681 0.0154846214636 0.000644254145041 0.0133969570035 -0.00444079171857 0.0182143984095 0.0266495434052 0.0108358762316 
0.0136680413579 0.0170748938045 0.0115793999348 0.00637704128755 0.0177767406854 0.024142909237 0.018127532771 0.0057659519195 0.00802011768057 0.0321581828214 0.0295137258734 0.00777959217815 0.00766597279937 0.0159800069461 0.0114862610121 0.00450103784323 0.0109497165143 0.0163517998929 0.0136874905662 0.0122964463183 0.0136805902172 0.0149044322809 0.0298326353116 0.0165721899928 0.0180403563991 0.0122983689828 0.0370826858719 0.0332238806942 0.0351091255486 0.0193942615586 0.0216691084935 0.0144528021346 0.0281875773494 0.0175458520726 0.0120819735593 0.201700106763 0.00514716334915 0.00308043079639 0.0327082106008 0.0300148838331 0.000967721065011 0.0171838617745 0.00980440412188 -0.00901891095889 -0.00480688599235 0.00646844452345 0.0437899031738 0.0532584952546 0.0270538014931 0.0287957629808 
-0.00563699523001 0.0193979040648 0.0359778909475 0.0237033323725 0.0241695520126 0.00356802492271 0.0241543271992 0.0171498422754 0.0169892857909 0.0139188504643 0.000414614242357 0.00690339846475 0.0229221675718 0.0165570966833 0.0269855868566 0.0757746712362 0.00844262529189 0.00582896856271 0.0164018739202 0.0316490912548 -0.00171719474165 0.0125023228028 0.0119065513526 0.0111437369553 0.00335379312354 0.0117754165152 0.0281268847295 0.0101129610534 0.0171333069771 0.0138518131871 0.0707566702797 -0.00445263808879 0.0197577873765 0.0356580165809 0.0271712840947 0.00514716334915 0.29361266015 0.0170822442965 0.0218305499177 0.00532307428376 0.000679168277564 0.0152628470626 0.0173272770206 0.00998629855823 0.00514645867595 -0.00154540818573 0.00550259372246 -0.00943390331616 0.00887478352049 0.00204031261654 
0.00901483287326 0.0199218292976 0.0147018054002 0.0171210229604 0.0250292865742 0.0209965676688 0.0157781128107 0.0203674631616 0.0176146199934 0.00536473243753 0.00684758320466 0.00533526292173 0.0125062285804 0.0270169308343 0.0298112042387 0.00510314253668 0.00816759680468 0.000886785252562 0.0189373307595 0.0297765634072 0.00775952863722 0.0802101057684 0.0146966986683 0.00121963577836 0.0162384258967 0.0165785201678 0.0204346140299 0.00751015395135 0.00807686078715 0.0196973327519 0.0262524583669 0.00355448650417 0.0180444960633 0.0217480040008 0.0249830962791 0.00308043079639 0.0170822442965 0.191378429324 0.0120266307831 0.0120042506353 -0.00458974979049 0.0179371408493 0.0262590647389 0.0219940456702 0.00969030760808 0.0223150245839 0.0349867262146 0.0102869136652 0.0311908078028 0.0156846986681 
0.00473509944242 0.00973832053595 -0.00207316949926 0.00447926653025 0.0415997153633 -0.000357663532572 0.0390342392264 0.020346585836 0.0171552287836 0.0204243384437 0.0228451874103 0.0440453169732 0.00519047274771 -0.00220832641472 0.0306147718957 0.0124911265947 0.00855712510489 0.0342108438474 0.0150208756719 0.00992608015997 0.0223883425421 0.02469779666 0.0173302022778 0.0162454753715 0.0303908223548 0.0314989183856 0.0479522139846 0.00828332034482 0.0422974976726 0.00861262180747 -0.00566313499166 0.0368136496686 0.026673595736 0.0261488700633 0.0118823359462 0.0327082106008 0.0218305499177 0.0120266307831 0.409480442767 0.00764381624052 0.0385110281291 0.0223112517003 0.0408768617513 0.015965152008 -0.00061677610274 0.0319235780927 0.0397320188794 0.0436597673185 0.0160531066686 0.00142964274138 
0.00043443978468 0.0152692241423 0.0238620384939 0.0164627822783 0.0161902417245 0.0253578174136 -0.0044405295237 0.02035725998 0.022977992134 0.0261026166761 0.015440747988 0.00361439217453 0.000222959303529 0.034204541251 0.0243318632606 0.0100610167376 0.00774641819809 0.019577849407 0.033163502173 0.0151395967023 0.0172495257594 0.00744609639684 0.0234114946048 0.00816572947005 0.0334940226065 0.0188072262207 0.0312057374691 0.0171478827816 -0.00118790766078 0.00789517107745 -0.00364206255058 0.032378616241 0.0264617760029 0.0112692814859 0.0255994524264 0.0300148838331 0.00532307428376 0.0120042506353 0.00764381624052 0.241822950248 0.0349062083599 0.0163642558274 0.024687000281 0.0186925345821 0.00323368958215 0.00778089442147 0.023210003876 0.00655412802202 0.0443563729164 0.0156585270274 
-0.0170687840846 0.0172808973668 0.00616598156089 0.0197707148776 0.0100074645479 0.0146424388461 0.0103137327109 0.0117426695968 -0.000947854267492 -0.0030629452711 0.00519662516337 0.0224707631581 -0.00756606212553 -0.00827792093556 0.00912828120024 -0.00414174669207 0.00707159332536 0.00427742523913 0.00495392820895 0.0194475924151 0.0139423026026 0.0195891276548 0.00407462863128 -0.00455298647372 0.0060977568574 -0.00261970276806 -0.0148099696551 0.0128223126661 0.027127930248 0.0106683716902 -0.0114499361284 0.00355773029199 0.00213620591533 -0.00463373628172 0.00108380444758 0.000967721065011 0.000679168277564 -0.00458974979049 0.0385110281291 0.0349062083599 1.25307558705 -0.00442562431269 0.00687151127537 -0.0145475258919 0.01750024908 0.0113178297292 -0.00310205426879 0.0015394929223 0.00541035718241 0.0252999261409 
0.00914973809285 0.0155464303083 0.0107740144916 0.0279633736586 0.0125479656473 0.00515667539359 0.0167679754499 -0.000999129686755 0.0179698565315 0.0106157799346 0.00668371086884 0.0113973493009 0.00219968193909 -0.0112842488844 0.0153395067761 0.0197650906623 -0.00110990190956 0.0209850639498 0.00292304063302 0.0179021492503 -0.00299766543005 0.00960812582058 0.0201460856719 -0.00794136647665 -0.00367773300765 0.0156526330782 0.03450100137 0.0119196410395 0.0180057180549 0.00875541574443 -5.39752682593e-05 0.00308877279593 0.0186194993525 0.0198163708792 0.00390315981815 0.0171838617745 0.0152628470626 0.0179371408493 0.0223112517003 0.0163642558274 -0.00442562431269 0.345099500747 0.00525817379077 0.00763790939678 0.00616163129948 0.00287717213242 0.00987013848524 0.025802055752 0.00149754693805 0.0107780218158 
0.00459482053844 -0.00213356491477 0.0168815553523 0.0299933996498 0.0233482161134 0.00576196198158 0.0165090503318 -0.00185931231789 0.0197558493061 0.00909199667651 0.0102801213702 0.0320367261429 0.00598052770684 0.0247952581169 0.02772813543 0.0222120999122 0.00832588998832 0.0283505810014 0.0330260155955 0.0286068347124 0.0192643370014 0.0245180625529 0.0153148291303 0.0026115715467 0.00912841593293 0.0295635646325 0.0539045955201 -0.00110578211281 0.00238907363974 0.0122135301533 0.00990532077004 0.00459298601351 0.0160557244969 0.0320097405517 -0.00485147561681 0.00980440412188 0.0173272770206 0.0262590647389 0.0408768617513 0.024687000281 0.00687151127537 0.00525817379077 0.392442079574 0.0439061472044 0.00281207858656 0.0229456397587 0.00497997154403 0.0453785250682 0.0441335789548 0.0108263344109 
-0.00313269057914 -0.00348534838756 0.000989279022249 0.0199812399432 0.00366771671821 0.00597171613463 0.0330314346882 0.0409204471034 0.0266978660075 0.0129250773607 0.00771925591073 0.000345414188481 0.010676937987 0.0208940378142 0.0160539519037 0.0125942782519 0.0134484904214 0.0225387656522 0.0229783752469 0.0102093848306 0.0111925281664 0.0385947086293 -0.00968305881269 0.00878135335331 0.0295217552994 0.0249870776045 0.0469328319443 0.0144229975274 0.0156682918731 0.0136677576093 0.0241195398091 0.0114996199101 0.0315335915387 0.0333911239032 0.0154846214636 -0.00901891095889 0.00998629855823 0.0219940456702 0.015965152008 0.0186925345821 -0.0145475258919 0.00763790939678 0.0439061472044 0.487299635124 0.0118121088977 0.0101429874742 0.00946670232266 -0.001677104967 0.0395739608867 0.00210626282571 
0.000749947037715 -0.00420923446877 0.0143230357033 0.022900273481 0.0139308134007 0.0152803143985 -7.39300902284e-05 0.0157072478169 0.00988126993796 0.00499062167125 -0.00765646992122 0.0140762432846 0.000120959961994 0.00491400316183 0.0125344219989 -0.00548317983027 0.00534628457374 0.00223017745462 0.0283707813495 0.00051775465205 0.0145073373953 0.00578151307819 0.00750281277842 0.00455738933841 0.000749984803051 0.0167005652898 0.0213738227362 0.00540481006776 0.0113866544175 0.00234839747086 0.0294868611112 -0.00750142406184 0.00656290462489 0.0163292765932 0.000644254145041 -0.00480688599235 0.00514645867595 0.00969030760808 -0.00061677610274 0.00323368958215 0.01750024908 0.00616163129948 0.00281207858656 0.0118121088977 0.24647249066 0.00638870777235 0.031723060274 0.00866195505602 0.0190687029683 0.00240149372429 
0.00993177163097 0.0010851651699 0.0135305916177 0.00551704149083 0.0146540893558 0.010805599367 0.0135125745267 0.0195120963857 0.0175323573029 0.0115989653631 0.00198869947854 0.0374522027168 0.0140577226344 0.0129159780132 0.0185180585887 0.00226694511514 0.0164694331352 0.0238970088646 0.020285908208 0.0123490081809 0.00523261122099 0.019221567842 0.0207307387343 0.0123173201934 0.0138177464031 0.0243030319087 0.0283012265989 -0.00691795664223 0.000822774394458 0.017317630161 0.00286830294881 0.0277166070865 0.0208644595201 0.00488674264455 0.0133969570035 0.00646844452345 -0.00154540818573 0.0223150245839 0.0319235780927 0.00778089442147 0.0113178297292 0.00287717213242 0.0229456397587 0.0101429874742 0.00638870777235 0.230360124802 0.0175099117959 0.00998190397623 0.0450533027297 0.00702763103258 
-0.00198452297928 0.0696515148241 -0.011208889788 0.00762358834736 0.0199483551454 0.0194184916655 0.0365847868153 0.0495775242455 0.0251779003545 0.0153800556382 0.0382406477748 0.00564393873759 0.00513202883285 0.0181506980725 -0.00469325496136 0.00692976468459 -8.44548861279e-05 0.0166900997654 0.0182222687047 0.00141686982079 0.000421119071641 0.0396007705316 0.0429059910801 0.00655750780552 0.00473566984427 0.0524363640678 0.0391756491476 0.0172299207933 0.216353443275 0.0246073113371 -0.000714616037012 0.0108174878545 0.0294951847385 0.0348654660029 -0.00444079171857 0.0437899031738 0.00550259372246 0.0349867262146 0.0397320188794 0.023210003876 -0.00310205426879 0.00987013848524 0.00497997154403 0.00946670232266 0.031723060274 0.0175099117959 0.497889401602 0.196714012261 0.0127715111272 0.0292623908775 
