40
0.0215013837744 0.037496284255 0.149246593495 0.114457978761 0.0602494739115 0.0472748306646 0.00361039022472 0.026417897889 0.0678674292734 0.0669692816613 0.275379497042 0.0396221554001 0.0708595176859 0.0911559741232 0.0434942638749 0.0125032911957 0.265107550494 0.163811268696 0.0289058353667 0.0429032651101 0.061476397973 0.0335346879574 0.0155341374053 0.110625092132 0.0256345374975 0.0275926739743 0.266244884644 0.129241945615 0.044891801276 0.0471087328402 0.0565521495323 0.0284224966367 0.0538734886168 0.0235207120966 0.148705689344 0.0970140476379 0.0435638119902 0.116988452624 0.0404531955786 0.126305303483 
0.2829456278 0.0180111440995 0.0171223250471 0.0119767039832 0.0167187841419 0.00527850262954 0.0161943387093 0.0116649121282 0.0382006610629 0.0299365040377 -0.0114329281788 0.0234990544532 0.0166415515491 0.0387729255983 0.022520374607 0.00604298838171 0.000560660874735 0.0052402277128 0.0307593896713 0.0194438276173 0.0206740041246 0.01427273959 0.0130533449223 0.0227921817883 0.0142505822789 0.0216298466706 0.0289110885756 0.0186958648408 0.0178344190435 0.00702351812068 0.00789636381909 0.0232890702604 0.00908413303473 0.0166629372759 0.0549725511984 0.0283544618858 0.0217484123162 0.0178128956488 0.031785427938 0.0139614795224 
0.0180111440995 0.23552645707 0.0165574519143 0.00247823122614 0.0169159314663 0.00781359689403 0.0237466824345 0.0117535022153 0.0346384323919 0.0283421902069 -0.00685632954862 0.0279901731546 0.0438997712834 0.0108435611781 0.0142730813637 0.0120619927664 -0.0012802190433 0.0190253633486 0.0558684393395 0.0190658643768 0.0413267547566 0.0177896361405 0.0243750124458 0.0275379553689 0.0100817896542 0.0245342019794 0.0453567852348 0.0170320475462 0.0155661384209 0.0238622043671 0.0213394381126 0.0125465048041 0.0203687270587 0.00355038214944 0.00927083377995 0.0245968632467 0.0228826698067 0.0311790789038 0.00721855195679 0.0203633906831 
0.0171223250471 0.0165574519143 0.532967835813 0.200689845341 0.0357702699927 0.0052462746943 0.00776271165586 0.025580417155 0.0270850979223 0.0211635510101 -0.023539785997 0.00690544470758 0.00808532515237 0.0396359777949 0.0198840645102 -0.0208774589602 0.00666465176951 0.00897257017581 0.0113204504977 0.0396300407708 0.0424704859853 0.00966930099408 0.00152365926082 0.0192275596115 0.0132511872081 0.00032340775135 -0.00392124206552 0.0389627052104 0.0475411992588 0.104549317222 0.00876596613971 -0.00121110086818 0.00298573962877 0.00198105462768 0.0149950657469 0.0712998467479 0.0110281214573 0.0277381605309 0.023580548855 0.136043862552 
0.0119767039832 0.00247823122614 0.200689845341 0.372858713474 0.0157177855867 -0.000321032616317 -0.00437382876741 0.0239592491412 -0.0123170896173 -0.0130905001705 -0.0224876474078 0.00740169172575 0.00739922897426 0.026062555674 0.0181992361064 -0.0210760001404 0.00860078847652 -0.0176974958899 0.00462980364929 0.0130573200854 0.0179548515453 0.00453990837656 0.0104037935268 0.0099187184836 0.000778471355368 -0.0119382848401 -0.0113899827044 0.0235319029503 0.00538617852109 0.0898046903942 0.0222454904914 0.00226731582185 0.013334296756 0.0127501886573 0.0140333775857 0.0696156875177 0.0262364984998 0.0414532036102 0.0263809446003 0.125135843934 
0.0167187841419 0.0169159314663 0.0357702699927 0.0157177855867 0.301770341922 6.92766909975e-05 0.022338867933 0.0171532565755 0.0173036087814 0.0207131080327 -0.00520031911472 0.0174064568644 0.00799574619535 0.024444376263 0.0203531999417 0.0246443460663 -0.00110799779027 -0.0275081137414 0.0180362982301 0.0320082885961 0.027346570412 0.0103495142875 0.00401979331863 0.031441871898 0.0221410515331 0.00755293143402 0.014352309787 0.0316839286849 0.0179032375308 -0.0045233978186 0.0321192003483 -0.00525389390828 0.012080744029 0.00877274618948 0.0117551072784 0.0609482331439 0.0312635308676 0.0327116577884 0.0110690674295 0.00342767560546 
0.00527850262954 0.00781359689402 0.0052462746943 -0.000321032616316 6.92766909976e-05 0.352746244991 0.0112594952499 0.00109104176243 0.0211647982838 -0.0052924609921 0.00145888488006 0.0162175731576 0.034285159581 0.00216539108413 0.0212211703647 0.00136163717517 0.00815733695521 0.0135715349322 0.00941241754221 0.0249429395249 0.00513318274848 0.0467829838944 -0.0027621065924 0.00368556411584 0.0112382317937 0.00374993397217 0.03444755714 0.0210724724106 -0.000929109946765 -0.00748012406078 -0.00922507326097 0.0140854055901 0.0135615462616 0.0182262900967 -0.000727680713052 0.00713789563587 0.0146583675428 0.0152463004684 -0.00646428499933 -0.0158579023335 
0.0161943387093 0.0237466824345 0.00776271165586 -0.00437382876741 0.022338867933 0.0112594952499 0.206817628831 0.0141057130416 0.0355133534621 0.00919911564398 0.00487461756154 0.00847856182507 0.0111498620476 0.0418825047658 0.0161687823532 0.00684083183792 0.00262915158466 -0.00457202664972 0.0164265636305 0.00560028522954 0.0204541028697 0.00287492147821 0.019250391021 0.0228428573857 0.0297487167213 0.064562750366 0.0150924644367 0.0159923139442 0.0181955238244 0.00572174224479 0.00663362895515 0.00717093139971 0.00628827602003 0.0144106594129 0.0156564266418 0.0223940181101 0.0136823045438 0.00639688847201 0.0222194014761 -0.00433291276442 
0.0116649121282 0.0117535022153 0.025580417155 0.0239592491411 0.0171532565755 0.00109104176243 0.0141057130416 0.267522372304 0.0227258797852 0.0394523929786 -0.00627262394083 0.0226799357523 0.00296123108654 0.0314839652737 0.0322511862472 0.0211117289754 0.0196064051118 -0.00171698948305 0.020045103474 0.0297569053596 0.02909067008 0.00911929328616 0.000895899874561 0.0308195839175 0.00639668269935 0.00453288584842 0.0066612652182 0.00285819343037 0.015085799566 0.0144850765583 0.0174670524838 0.000907142064461 0.0204321382029 0.0113668962565 0.027086380077 0.042746816642 -0.00267880250981 0.0511920419921 0.0534167015436 0.0145730158549 
0.0382006610629 0.0346384323919 0.0270850979223 -0.0123170896173 0.0173036087814 0.0211647982838 0.0355133534621 0.0227258797852 0.394818146923 0.0635637038248 0.00773062098393 0.026714120346 -0.00185373030538 0.0213690216504 0.0403014722043 0.0487752660208 -0.00624312782967 -0.0150175977071 0.034295609793 0.0271592991012 0.0399048416802 0.00273970221427 0.0145661618448 0.0188627748026 0.0155180269012 0.0282492027392 -0.0153085489874 0.0183240437801 0.0436302816295 0.00177035093438 0.0296274048369 0.0136479744717 0.0599427331168 0.0201370466225 0.0217756758242 0.052389908172 -0.0127170908253 0.0516336291484 0.0134414901333 0.0223399853473 
0.0299365040377 0.0283421902069 0.0211635510101 -0.0130905001705 0.0207131080327 -0.0052924609921 0.00919911564398 0.0394523929786 0.0635637038248 0.466888233345 -0.00646094204771 0.00989620309562 -0.0120891045487 0.0387361871407 0.0393416563822 0.0264789320168 -0.00563462681402 -0.0221134099919 0.00670699902925 0.0300575282108 0.0369690640479 0.0123262936312 0.0104652327339 0.0535196359007 0.020324806413 0.00309408906774 0.070644753575 -0.00106479995089 0.0439485538827 0.00888587295321 0.0280489534867 -0.000506429373 0.0296884325333 0.0207798570183 0.00552910547569 0.0717735614144 0.00248374300625 0.0405506519107 0.0314858722904 0.0114566849099 
-0.0114329281788 -0.00685632954862 -0.023539785997 -0.0224876474078 -0.00520031911472 0.00145888488006 0.00487461756154 -0.00627262394083 0.00773062098393 -0.00646094204771 4.09504944281 -0.00282446978318 0.0247226567891 -0.0105371876148 -0.0206702690491 0.00657355185249 -0.024422381927 -0.0131588194496 -0.00926146225205 -0.00738739893316 -0.017073653977 -0.00750676896137 0.00082318560182 -0.00961171969759 0.00349367116475 0.00157222766195 -0.0277276638345 -0.0169313301439 -0.0141381224567 -0.0023665570399 0.0101519885045 -0.00396086480206 0.00291318561996 -0.00505433043865 -0.0234169723337 0.0148644274782 -0.00025496346606 -0.0079516355056 -0.00417599673628 -0.0208316616484 
0.0234990544532 0.0279901731546 0.00690544470758 0.00740169172575 0.0174064568644 0.0162175731576 0.00847856182507 0.0226799357523 0.026714120346 0.00989620309562 -0.00282446978318 0.18826752683 0.0189976033515 0.0127428862522 0.0298810560899 0.0094069449235 0.00111813414967 -0.0076868367676 0.0278021359621 0.0208649289941 0.0422004840833 0.0359042734294 0.00913927992981 0.0279260893575 0.0169798120885 0.00544812175019 0.0126809017142 0.000842928315775 0.0144675924703 0.00460887588164 0.0116834597453 0.00948706307736 0.017332511573 0.0228374714849 0.0208553285731 0.0410049514324 0.0106076663382 0.0127289290037 0.0236687225404 -0.00203463583831 
0.0166415515491 0.0438997712834 0.00808532515237 0.00739922897426 0.00799574619535 0.034285159581 0.0111498620476 0.00296123108654 -0.00185373030538 -0.0120891045487 0.0247226567891 0.0189976033515 0.348267721569 0.00447063184105 0.0128329398051 0.0053571121863 0.00760861878551 0.198720277457 0.0356921743589 0.0154432262339 0.0194793819036 0.0147524220924 0.0135805948779 0.00743963963257 0.0129604595769 0.0109834503383 -0.0180386044809 0.0278937546229 0.0212682331609 0.0169056043091 0.0297105669211 0.00561639050547 0.00812550239846 0.0106918451904 -0.0096010325932 0.0287194578786 0.0104204216958 -0.00468852341532 -0.0174233607964 0.0121984756438 
0.0387729255983 0.0108435611781 0.0396359777949 0.026062555674 0.024444376263 0.00216539108413 0.0418825047658 0.0314839652737 0.0213690216504 0.0387361871407 -0.0105371876148 0.0127428862522 0.00447063184105 0.361145641223 0.0669897071466 0.0160662283925 0.0249427661562 0.0180961946921 0.0216028393449 0.0302611679942 0.0441457641657 -0.000273796941587 0.00705067228837 0.0286486517225 0.0151640027193 0.0147860711019 0.0172612022166 0.060590523656 0.0460592150756 0.00973580866134 0.0208277649085 0.0234839262309 0.0269259381246 0.0246805710085 0.0325371508925 0.0426371958669 0.005787429551 0.0410600018537 0.0670906398659 0.0129239380325 
0.022520374607 0.0142730813637 0.0198840645102 0.0181992361064 0.0203531999417 0.0212211703647 0.0161687823532 0.0322511862472 0.0403014722043 0.0393416563822 -0.0206702690491 0.0298810560899 0.0128329398051 0.0669897071466 0.290359512713 0.0312345014079 0.00325862796521 0.00453328399817 0.0166995718595 0.0300636443109 0.0383972942895 0.00429705450893 -0.00709507695292 0.0415044415132 0.0280322294352 0.00357512862694 -0.0113687394745 0.0174723235531 0.0218579012562 0.00880488851977 0.015410755146 0.0016281314537 0.0330597506741 0.0213792643563 0.0435658699629 0.0892886070063 0.0096525611469 0.0478451263155 0.0758603163581 0.0375732564081 
0.00604298838171 0.0120619927664 -0.0208774589602 -0.0210760001404 0.0246443460663 0.00136163717517 0.00684083183792 0.0211117289754 0.0487752660208 0.0264789320168 0.00657355185249 0.0094069449235 0.0053571121863 0.0160662283925 0.0312345014079 0.275658319723 -0.0115711419659 -0.0172435073458 0.00971688196186 0.012092554235 0.0203237194043 -0.00885898064682 0.0260488273042 0.0135483458246 0.0133670729258 0.00612283232187 -0.00136480200211 0.0144073284685 0.0211839650299 -0.00942286065434 0.0181730801673 0.00191741065858 0.0450736152522 -0.0049762500783 0.0102126593718 0.0529889911874 0.0288558786985 0.00819374555643 0.00569771253613 -0.0275651368784 
0.000560660874735 -0.0012802190433 0.00666465176951 0.00860078847652 -0.00110799779027 0.00815733695521 0.00262915158466 0.0196064051118 -0.00624312782967 -0.00563462681402 -0.024422381927 0.00111813414967 0.00760861878551 0.0249427661562 0.0032586279652 -0.0115711419659 2.97966917372 0.0203070237101 0.00954625766572 0.0203798702145 0.00575104383379 0.00586584544447 -0.0155906290458 -0.00272951098115 -0.000229117016233 -0.0115651213054 0.251018065382 -0.0313875882466 0.00565661072598 0.0207456627126 -0.00941137316462 -0.00717172078664 0.0178122644475 -0.0119746669496 -0.00539604620649 0.0159463675832 -0.00996774879203 -0.00813411291982 -0.00400389090033 0.0176376479979 
0.0052402277128 0.0190253633486 0.00897257017581 -0.0176974958899 -0.0275081137414 0.0135715349322 -0.00457202664972 -0.00171698948305 -0.0150175977071 -0.0221134099919 -0.0131588194496 -0.0076868367676 0.198720277457 0.0180961946921 0.00453328399817 -0.0172435073458 0.0203070237101 1.35500899685 0.0227819922109 0.000807985268185 0.0281858464497 0.00373598457594 -0.0126660117815 0.0484156748926 0.0117881557837 0.000388872842525 0.0044017049297 -0.0061851082544 0.0151636457321 -0.00593593762121 -0.0012653741741 -0.00385884207615 -0.00582436965829 -0.0128640682344 0.00128975805042 0.00382651272639 -0.00790745423664 0.0138832005859 0.00344352392011 -0.00790999923406 
0.0307593896713 0.0558684393395 0.0113204504977 0.00462980364929 0.0180362982301 0.00941241754221 0.0164265636305 0.020045103474 0.034295609793 0.00670699902925 -0.00926146225205 0.0278021359621 0.0356921743589 0.0216028393449 0.0166995718595 0.00971688196186 0.00954625766572 0.0227819922109 0.224594342066 0.0264387681127 0.049048044152 0.00631999091362 0.00328605865769 0.0231992826618 0.0108226374309 0.00620322167125 0.064646910481 0.00317208224961 0.019926273468 0.016264330321 0.0203335393596 0.00858811088574 0.0329595145681 0.00180562511163 0.017734810191 0.0260435560515 0.0141054541093 0.0126176680264 0.0133706023869 0.027729080984 
0.0194438276173 0.0190658643768 0.0396300407708 0.0130573200854 0.0320082885961 0.0249429395249 0.00560028522954 0.0297569053596 0.0271592991012 0.0300575282108 -0.00738739893316 0.0208649289942 0.0154432262339 0.0302611679942 0.0300636443109 0.012092554235 0.0203798702145 0.000807985268185 0.0264387681127 0.236339086981 0.0238588919612 0.0194154603953 0.0135144608385 0.0100828733408 0.0129521153916 0.000263417002609 0.152273231919 0.0325381147753 0.0263078517258 0.0104320805334 0.01613210544 0.0108818269336 0.0310453929357 0.0142806291984 0.0405708054433 0.0234036782345 0.0113473308525 0.027724611368 0.00857721557247 0.0167059647326 
0.0206740041246 0.0413267547566 0.0424704859853 0.0179548515453 0.027346570412 0.00513318274848 0.0204541028697 0.02909067008 0.0399048416802 0.0369690640479 -0.017073653977 0.0422004840833 0.0194793819036 0.0441457641657 0.0383972942895 0.0203237194043 0.00575104383379 0.0281858464497 0.049048044152 0.0238588919612 0.274355181347 0.0152934945069 0.0184305315819 0.0630473154298 0.00650901709279 -0.000162291331366 0.0669751545856 0.0264938023251 0.0225217880268 0.0204701141504 0.0235020265816 0.00281567570614 0.0277227414591 0.0157032128456 0.0240639991456 0.0595702407333 0.0168106411751 0.043719441895 0.0278778606538 0.0263879807996 
0.01427273959 0.0177896361405 0.00966930099408 0.00453990837656 0.0103495142875 0.0467829838944 0.00287492147821 0.00911929328616 0.00273970221427 0.0123262936312 -0.00750676896137 0.0359042734294 0.0147524220924 -0.000273796941587 0.00429705450893 -0.00885898064682 0.00586584544447 0.00373598457594 0.00631999091362 0.0194154603953 0.0152934945069 0.236298375508 0.00420591814555 0.0117907247703 0.0041794133396 -0.000488690779777 -0.0079473426882 0.00820957214631 0.00549847329995 0.0146846542191 0.0150395263481 0.0144688178164 0.00711172642112 0.0261455990949 0.0136399280988 0.0176451650358 0.0224451332694 0.00881130435616 0.0117559120789 0.00431049272058 
0.0130533449223 0.0243750124458 0.00152365926082 0.0104037935268 0.00401979331863 -0.0027621065924 0.019250391021 0.000895899874561 0.0145661618448 0.0104652327339 0.00082318560182 0.00913927992981 0.0135805948779 0.00705067228837 -0.00709507695292 0.0260488273042 -0.0155906290458 -0.0126660117815 0.00328605865769 0.0135144608385 0.0184305315819 0.00420591814555 0.184598384659 0.0284296655695 0.00129561339717 0.0200750937593 -0.000603001567307 0.0154567718114 0.00467358158199 -0.00513586936678 0.00320882857962 -0.00691038506063 0.0143987543342 0.0126578478626 0.00264658628528 0.0195294629424 0.000256350638109 0.0147088594767 -0.0167103731007 0.0180067071771 
0.0227921817883 0.0275379553689 0.0192275596115 0.0099187184836 0.031441871898 0.00368556411584 0.0228428573857 0.0308195839175 0.0188627748026 0.0535196359007 -0.00961171969759 0.0279260893575 0.00743963963257 0.0286486517225 0.0415044415132 0.0135483458246 -0.00272951098115 0.0484156748926 0.0231992826618 0.0100828733408 0.0630473154298 0.0117907247703 0.0284296655695 0.575281296136 0.00637975084866 0.00698889761803 0.013312190166 0.0202673680101 0.0338479806177 -0.0100155391858 0.0345282279517 -0.00474846737567 0.037101054794 0.00188369881568 0.0273050458421 0.0512661241442 0.00291473034771 0.0407075566717 0.0256154924707 0.0319760640606 
0.0142505822789 0.0100817896542 0.0132511872081 0.000778471355367 0.0221410515331 0.0112382317937 0.0297487167213 0.00639668269935 0.0155180269012 0.020324806413 0.00349367116475 0.0169798120885 0.0129604595769 0.0151640027193 0.0280322294352 0.0133670729258 -0.000229117016233 0.0117881557837 0.0108226374309 0.0129521153916 0.00650901709279 0.0041794133396 0.00129561339717 0.00637975084866 0.17880930377 0.0167864689191 0.0151401664173 0.00111090968703 0.0207058009925 0.00761228183931 0.00868307134052 0.0157443043977 0.0161236680974 0.00265596064448 0.0159067968973 0.013494962872 0.0134329758388 0.0270967719442 0.0136517840956 -0.00439068633422 
0.0216298466706 0.0245342019794 0.000323407751349 -0.0119382848401 0.00755293143402 0.00374993397217 0.064562750366 0.00453288584842 0.0282492027392 0.00309408906774 0.00157222766195 0.00544812175019 0.0109834503383 0.0147860711019 0.00357512862694 0.00612283232187 -0.0115651213054 0.000388872842525 0.00620322167125 0.00026341700261 -0.000162291331366 -0.000488690779777 0.0200750937593 0.00698889761803 0.0167864689191 0.363966154503 -0.00894735083 0.0201222598213 0.0127191276989 -0.00267525194597 -0.00449803491365 -0.00548452284246 0.00232600860066 -0.00229771214412 0.0020111559015 0.0121471826564 0.00211477722042 0.0116031556357 -0.00339359323678 0.00564615116853 
0.0289110885756 0.0453567852348 -0.00392124206552 -0.0113899827044 0.014352309787 0.03444755714 0.0150924644367 0.0066612652182 -0.0153085489874 0.070644753575 -0.0277276638345 0.0126809017142 -0.0180386044809 0.0172612022166 -0.0113687394745 -0.00136480200211 0.251018065382 0.0044017049297 0.064646910481 0.152273231919 0.0669751545856 -0.0079473426882 -0.000603001567307 0.013312190166 0.0151401664173 -0.00894735083 2.25418066291 -0.0177102031767 0.0316130867779 -0.0117964480312 0.0040396077847 0.00311655591629 0.004867200294 0.0122187702473 0.0233355287766 0.0319304428754 -4.6805232512e-05 0.0240355346587 0.0202811040186 0.0183368493488 
0.0186958648408 0.0170320475462 0.0389627052104 0.0235319029503 0.0316839286849 0.0210724724106 0.0159923139442 0.00285819343037 0.0183240437801 -0.00106479995089 -0.0169313301439 0.000842928315775 0.0278937546229 0.060590523656 0.0174723235531 0.0144073284685 -0.0313875882466 -0.0061851082544 0.00317208224961 0.0325381147753 0.0264938023251 0.00820957214631 0.0154567718114 0.0202673680101 0.00111090968703 0.0201222598213 -0.0177102031767 0.565344019695 0.0106495147934 0.0229240768487 0.00680760626588 0.00396209193677 -0.0183166765775 -0.00694582682398 0.020437853529 0.00449989652034 0.020679352371 0.00469592088734 0.00998318880738 0.0217092364492 
0.0178344190435 0.0155661384209 0.0475411992587 0.00538617852109 0.0179032375308 -0.000929109946765 0.0181955238244 0.015085799566 0.0436302816295 0.0439485538827 -0.0141381224567 0.0144675924703 0.0212682331609 0.0460592150756 0.0218579012562 0.0211839650299 0.00565661072599 0.0151636457321 0.019926273468 0.0263078517258 0.0225217880268 0.00549847329995 0.00467358158199 0.0338479806177 0.0207058009925 0.0127191276989 0.0316130867779 0.0106495147934 0.332726546805 0.0303923579443 0.0244627271084 0.0090975442383 0.0250172431717 0.019416839991 0.00983266929533 0.0397012959988 0.0240087213036 0.0460124595103 0.0247626220091 0.0321506067276 
0.00702351812068 0.0238622043671 0.104549317222 0.0898046903942 -0.0045233978186 -0.00748012406078 0.00572174224479 0.0144850765583 0.00177035093438 0.00888587295321 -0.0023665570399 0.00460887588164 0.0169056043091 0.00973580866134 0.00880488851976 -0.00942286065434 0.0207456627126 -0.00593593762121 0.016264330321 0.0104320805334 0.0204701141504 0.0146846542191 -0.00513586936677 -0.0100155391858 0.00761228183931 -0.00267525194597 -0.0117964480312 0.0229240768487 0.0303923579443 0.220081927166 0.0171363440871 0.0109185899959 0.00977237658258 0.00890962063518 0.0139559660807 0.0215946763624 0.0185580309336 0.0302034599856 0.0222044688599 0.0930886372746 
0.00789636381909 0.0213394381126 0.00876596613971 0.0222454904914 0.0321192003483 -0.00922507326097 0.00663362895515 0.0174670524838 0.0296274048369 0.0280489534867 0.0101519885045 0.0116834597453 0.0297105669211 0.0208277649085 0.015410755146 0.0181730801673 -0.00941137316462 -0.0012653741741 0.0203335393596 0.01613210544 0.0235020265816 0.0150395263481 0.00320882857962 0.0345282279517 0.00868307134052 -0.00449803491365 0.0040396077847 0.00680760626588 0.0244627271084 0.0171363440871 0.370792743711 0.0303422481713 0.0256182541798 0.016650673871 0.0237117930704 0.0249357936948 -0.00280532403592 0.0151357806427 0.0290433825899 0.0150825438352 
0.0232890702604 0.0125465048041 -0.00121110086818 0.00226731582185 -0.00525389390828 0.0140854055901 0.00717093139971 0.000907142064461 0.0136479744717 -0.000506429373 -0.00396086480206 0.00948706307736 0.00561639050547 0.0234839262309 0.0016281314537 0.00191741065858 -0.00717172078664 -0.00385884207615 0.00858811088575 0.0108818269336 0.00281567570614 0.0144688178164 -0.00691038506063 -0.00474846737567 0.0157443043977 -0.00548452284246 0.00311655591629 0.00396209193677 0.0090975442383 0.0109185899959 0.0303422481713 0.19684873224 0.00743141267819 0.0114701232141 0.022087456769 0.000296359826886 0.0230168343792 0.00560810897475 0.00388200057046 0.00512144021339 
0.00908413303473 0.0203687270587 0.00298573962877 0.013334296756 0.012080744029 0.0135615462616 0.00628827602003 0.0204321382029 0.0599427331168 0.0296884325333 0.00291318561996 0.017332511573 0.00812550239846 0.0269259381246 0.0330597506741 0.0450736152522 0.0178122644475 -0.00582436965829 0.0329595145681 0.0310453929357 0.0277227414591 0.00711172642112 0.0143987543342 0.037101054794 0.0161236680974 0.00232600860066 0.004867200294 -0.0183166765775 0.0250172431717 0.00977237658258 0.0256182541798 0.00743141267819 0.376433784129 0.00160517222438 0.0346094772841 0.0484567696162 0.00904089405987 0.0361941715288 0.0159048565949 0.0102896679346 
0.0166629372759 0.00355038214944 0.00198105462768 0.0127501886573 0.00877274618948 0.0182262900967 0.0144106594129 0.0113668962565 0.0201370466225 0.0207798570183 -0.00505433043865 0.0228374714849 0.0106918451904 0.0246805710085 0.0213792643563 -0.0049762500783 -0.0119746669496 -0.0128640682344 0.00180562511162 0.0142806291984 0.0157032128456 0.0261455990949 0.0126578478626 0.00188369881568 0.00265596064448 -0.00229771214412 0.0122187702473 -0.00694582682398 0.019416839991 0.00890962063518 0.016650673871 0.0114701232141 0.00160517222438 0.220571815839 0.0105007245068 0.00454231179364 0.0177343334202 0.0191015735997 0.00325008953741 0.0135414374284 
0.0549725511984 0.00927083377995 0.0149950657469 0.0140333775857 0.0117551072784 -0.000727680713053 0.0156564266418 0.027086380077 0.0217756758242 0.00552910547569 -0.0234169723337 0.0208553285731 -0.0096010325932 0.0325371508925 0.0435658699629 0.0102126593718 -0.00539604620649 0.00128975805042 0.017734810191 0.0405708054433 0.0240639991456 0.0136399280988 0.00264658628528 0.0273050458421 0.0159067968973 0.0020111559015 0.0233355287766 0.020437853529 0.00983266929532 0.0139559660807 0.0237117930704 0.022087456769 0.0346094772841 0.0105007245068 0.647320699931 0.0516063457658 0.0135053092255 0.0342321916327 0.0308466327435 0.0219661418219 
0.0283544618858 0.0245968632467 0.0712998467479 0.0696156875177 0.0609482331439 0.00713789563587 0.0223940181101 0.042746816642 0.052389908172 0.0717735614144 0.0148644274782 0.0410049514324 0.0287194578786 0.0426371958669 0.0892886070063 0.0529889911874 0.0159463675832 0.00382651272639 0.0260435560515 0.0234036782345 0.0595702407333 0.0176451650358 0.0195294629424 0.0512661241442 0.013494962872 0.0121471826564 0.0319304428754 0.00449989652034 0.0397012959988 0.0215946763624 0.0249357936948 0.000296359826886 0.0484567696162 0.00454231179364 0.0516063457658 0.569634645314 0.0162850097782 0.0927772411841 0.0439138872936 0.0466133363539 
0.0217484123162 0.0228826698067 0.0110281214573 0.0262364984998 0.0312635308676 0.0146583675428 0.0136823045438 -0.00267880250981 -0.0127170908253 0.00248374300625 -0.00025496346606 0.0106076663382 0.0104204216958 0.005787429551 0.0096525611469 0.0288558786985 -0.00996774879203 -0.00790745423664 0.0141054541093 0.0113473308525 0.0168106411751 0.0224451332694 0.000256350638109 0.00291473034771 0.0134329758388 0.00211477722042 -4.68052325119e-05 0.020679352371 0.0240087213036 0.0185580309336 -0.00280532403592 0.0230168343792 0.00904089405987 0.0177343334202 0.0135053092255 0.0162850097782 0.275794877099 0.00817230003682 0.00825805486678 -0.00550987959365 
0.0178128956488 0.0311790789038 0.0277381605309 0.0414532036102 0.0327116577884 0.0152463004684 0.00639688847201 0.0511920419921 0.0516336291484 0.0405506519107 -0.0079516355056 0.0127289290037 -0.00468852341532 0.0410600018537 0.0478451263155 0.00819374555643 -0.00813411291982 0.0138832005859 0.0126176680264 0.027724611368 0.043719441895 0.00881130435616 0.0147088594767 0.0407075566717 0.0270967719442 0.0116031556357 0.0240355346587 0.00469592088734 0.0460124595103 0.0302034599856 0.0151357806427 0.00560810897475 0.0361941715288 0.0191015735997 0.0342321916327 0.0927772411841 0.00817230003682 0.462244247564 0.0481327669716 0.0501770932162 
0.031785427938 0.00721855195679 0.023580548855 0.0263809446003 0.0110690674295 -0.00646428499933 0.0222194014761 0.0534167015436 0.0134414901333 0.0314858722904 -0.00417599673628 0.0236687225404 -0.0174233607964 0.0670906398659 0.0758603163581 0.00569771253614 -0.00400389090033 0.00344352392011 0.0133706023869 0.00857721557247 0.0278778606538 0.0117559120789 -0.0167103731007 0.0256154924707 0.0136517840956 -0.00339359323678 0.0202811040186 0.00998318880738 0.0247626220091 0.0222044688599 0.0290433825899 0.00388200057046 0.0159048565949 0.00325008953741 0.0308466327435 0.0439138872936 0.00825805486678 0.0481327669716 0.33628304211 0.04853527489 
0.0139614795224 0.0203633906831 0.136043862552 0.125135843934 0.00342767560546 -0.0158579023335 -0.00433291276442 0.0145730158549 0.0223399853473 0.0114566849099 -0.0208316616484 -0.00203463583831 0.0121984756438 0.0129239380325 0.0375732564081 -0.0275651368784 0.0176376479979 -0.00790999923407 0.027729080984 0.0167059647326 0.0263879807996 0.00431049272058 0.0180067071771 0.0319760640606 -0.00439068633422 0.00564615116853 0.0183368493488 0.0217092364492 0.0321506067276 0.0930886372746 0.0150825438352 0.00512144021339 0.0102896679346 0.0135414374284 0.0219661418219 0.0466133363539 -0.00550987959365 0.0501770932162 0.04853527489 0.445775678492 

['INTC', 'HIG', 'EOG', 'XTO', 'WEN', 'DGX', 'GCI', 'MWV', 'FD', 'EK', 'RSH', 'CBSS', 'CMX', 'CMI', 'IR', 'DG', 'ANDW', 'ESRX', 'STA', 'COL', 'BEN', 'BAX', 'MDP', 'JNS', 'PG', 'TRB', 'TLAB', 'DYN', 'LEG', 'CVX', 'XRX', 'MKC', 'WHR', 'CCE', 'MU', 'DHI', 'MO', 'FLR', 'LPX', 'BHI']