40
0.0991765707177 0.0265727047954 0.116671338284 0.0733521468466 0.044344522835 0.0223482457603 0.0285507317948 0.0276848810082 0.0240188564254 0.0380825412642 0.360667625942 0.0253425298527 0.0743441041655 0.0123991351417 0.0406155741598 0.0248078828137 0.079223051944 0.0631330997176 0.0831725949645 0.019144788815 0.0267965440056 0.0832698050771 0.128413882411 0.0439476996979 0.0484031048171 0.0214039426083 0.0708595176859 0.0499472002084 0.0395396308246 0.138528932385 0.126305303483 0.0244433913508 0.0202574279786 0.0754225878746 0.265107550494 0.251790956204 0.143584613331 0.0449016594387 0.0936563270582 0.0335346879574 
0.64025728398 0.00421911118441 -0.0257448685946 -0.00912133364801 0.0104581315817 0.00667251913433 0.00121869521897 0.0153787322878 -0.00321340838744 -0.00422958994951 -0.00550014409901 0.00630460102316 0.00148575186301 0.0143484735844 -0.002292145301 -0.00216426015512 0.00323100711651 0.013165195346 -0.00209853784498 0.00479181660746 0.00527584705399 0.00226004019751 0.00362094865748 0.00229800007887 -0.0130094218237 0.0301506277235 0.0192948570838 -0.00649907578434 0.028311459619 0.00792367920652 0.000112947423042 0.00213123758772 -0.0127198347393 0.0183399729877 -0.0130589178548 0.00068348662783 0.0289525675228 -0.0213968302916 0.0259357340408 -0.00310893487101 
0.00421911118441 0.210737699839 0.0147887445964 0.0214340588717 0.0179863704737 0.00883664661001 0.00967955509867 0.00863949653369 0.0195167259713 0.0030698671289 0.0188168322847 0.00761693337575 0.0371815532827 0.0154159177777 0.0101592295459 0.00380709927612 0.0166873799439 0.00151438616298 0.0387008673008 0.0133127292804 0.0230174718469 0.00681166554254 0.0128907331811 0.00599031168552 0.0223297666889 0.0168747241774 0.0163566811659 0.0164045928001 0.0258757114986 0.0033570062548 0.0176304155083 0.0175599905366 0.0199789706961 0.010941733608 0.0138238324158 -0.00664152490341 0.0125484656888 0.0109351808431 0.0229012948589 0.00870044871221 
-0.0257448685946 0.0147887445964 1.06653576562 0.00898052039216 0.00142835757226 0.0183012018878 0.0609011145728 0.0496827297135 0.0203640225966 0.0282490035084 0.0790126295842 0.00360977960722 0.000894252591301 0.00319483234409 0.0269293311795 0.00690715702234 0.048707901197 0.0136900816581 0.025634836294 0.0204592323841 0.0148352906038 0.0205210753657 0.0193058709005 -0.00330675256118 0.0332310423176 0.025593053212 0.0242767736025 -0.0142730744893 0.0196737035421 0.0169972817389 0.017475583143 0.00549625104196 0.0101161515624 0.0321808755785 -0.0148189118054 -0.0288311580744 0.0772534014217 0.0219762701171 -0.000742189023369 0.0108516424758 
-0.00912133364801 0.0214340588717 0.00898052039216 0.437282816101 0.0406621565408 0.024764650646 0.00460838961792 0.02946086001 0.0299501914814 0.0130101698392 0.028540145432 0.000852468760596 0.0143556304202 0.014087771571 0.0365921700638 0.00126042552347 0.0113707669373 -0.00965350137392 0.00388630343448 0.0251987563787 0.0268635377272 0.00761775022628 0.0294750584323 0.0249837727646 0.00934162406735 0.0150137550643 0.0658698377226 0.00711691131545 0.031908013866 0.0214165577999 -0.00789560942785 0.00283043995464 -0.00361788436641 0.0138258259896 0.0105678975587 0.0289214584747 0.0331695020183 -0.00214419021624 0.00183896639738 0.0147415331447 
0.0104581315817 0.0179863704737 0.00142835757226 0.0406621565408 0.198455218783 0.0168345460505 0.00230551595716 0.0296830380005 0.0270335480016 0.0186780566999 0.0420982286968 0.0305614120272 0.0223180539996 0.0256657077933 0.0224220280617 0.0189884448784 0.0380013646822 0.0222858566891 0.0218689651329 0.0369775280498 0.0290185402441 0.0143169577956 0.0313802272886 0.0101789966485 0.0271182742244 0.0353694098055 0.0195264975274 0.0242564420037 0.0160118307046 0.0196845271798 0.0270153626438 0.0216933543855 0.0517994884666 0.0204021912735 0.00493002707519 0.0586492193567 0.0478701935528 0.0400919876092 0.0239446751582 0.00995816323828 
0.00667251913433 0.00883664661001 0.0183012018878 0.024764650646 0.0168345460505 0.213461754482 0.0179329530195 0.0358324338614 0.00971975341367 0.0137448650182 0.0144170934207 0.019472097874 0.0257176722084 0.0212920514818 0.0405752295527 0.0161305687027 0.00544451290411 0.0271015214057 -0.00281666905871 0.0304604153323 0.0498252804331 0.0133142587029 -0.00121346884044 0.00578444716244 0.0180134067925 0.0135090135609 0.012637739694 0.0277865460943 0.00763629748394 0.0138378092856 -0.00387795392705 0.0192679198322 0.0140007967153 0.026926508022 0.00733634998905 0.00182730390713 0.0123098379007 0.00217691673307 0.0117128673864 0.0282700715172 
0.00121869521897 0.00967955509867 0.0609011145728 0.00460838961792 0.00230551595716 0.0179329530195 0.243432804304 0.00490935035271 0.0145868666219 0.0207696552137 -0.0129865694651 0.00177551356606 0.00405597761604 0.00494363641921 0.0193789463917 0.0028405216403 0.0401249960555 0.0223703521098 0.0215939292733 0.0217838965766 0.00449188612055 0.00373684798812 0.0174497658979 -0.00553607861694 0.0139513672441 0.0305432223252 0.00637985459774 -0.00171055253177 0.0050122212652 0.0268667529659 0.0118334055076 0.000812217129862 0.0141207888852 0.0128364244375 0.00168963238233 0.00150191716039 0.00835572565711 0.0181677256081 0.00205413227429 0.0100688813486 
0.0153787322878 0.00863949653369 0.0496827297135 0.02946086001 0.0296830380005 0.0358324338614 0.00490935035271 0.252865497311 0.0279634985494 0.0235495806595 0.0147101316831 0.0195275056963 0.0394916727957 0.00907422668917 0.0231541117726 0.0214206656765 0.0141637661246 -0.00418994865209 0.0113018453783 0.0254431013524 0.0340016055306 0.00625350680839 0.0138713065107 0.0074681343355 0.0176304477227 0.0209603486698 0.0123556512669 0.0110854580739 0.006669552901 0.0223226072705 0.00573023843439 0.0165158414778 0.0175535483376 0.0402251481095 -0.000834870453091 0.00470476311813 0.00999187424157 0.0170920309509 0.0131804960203 0.00231190378478 
-0.00321340838744 0.0195167259713 0.0203640225966 0.0299501914814 0.0270335480016 0.00971975341367 0.0145868666219 0.0279634985494 0.191860306076 0.0226770816866 0.0255131467022 0.00114184435487 0.0323853150153 0.00566707105022 0.0218609379047 0.0194687983996 0.0242289333254 0.034881356676 0.00503012929165 0.0257843786416 0.0299083916546 0.0109779872529 0.0204765723572 0.0224738506118 0.0288670307319 0.0263335292973 0.020530047712 0.0132163888236 0.0279016644297 0.0268251697621 0.0137438988394 0.00826034053593 0.017365614326 0.0223786796876 0.00692982359467 0.0149508557052 0.00769929913751 0.0344372305273 0.0225166550935 0.0129916378493 
-0.00422958994951 0.0030698671289 0.0282490035084 0.0130101698392 0.0186780566999 0.0137448650182 0.0207696552137 0.0235495806595 0.0226770816866 0.247343610445 0.0301637055562 0.0121129393116 0.0203917855213 0.0120619469206 0.00168372897283 0.0101440321802 0.0181504514747 0.0370678954864 0.0295125094593 0.0133450987613 0.0101146476075 0.00681611750446 0.0134189340909 0.00977461388373 0.0233762489302 0.0115845519968 0.0516986139513 0.0161730145438 0.00673167816019 0.00126616970439 0.0126412016706 -0.00145865185993 0.0195757877923 0.00794334454654 0.00273715075542 0.0243392977598 0.0087940585418 0.0267737603751 0.0132058339916 0.00814696254172 
-0.005500144099 0.0188168322847 0.0790126295842 0.028540145432 0.0420982286968 0.0144170934207 -0.0129865694651 0.0147101316831 0.0255131467022 0.0301637055562 1.18028042063 0.0194326555305 0.0435819506289 0.014142151141 0.0387897636291 0.013803228 0.02501447842 0.084218654186 0.00613047506368 0.00635760640346 0.000169318018389 0.0256578733873 0.0754653884464 0.0117591404195 0.038392620238 0.0442518382525 -0.0172946806613 0.00573415077677 0.0145864709455 0.0788533630122 0.0337593696139 0.00551865371946 0.0620997063411 0.0396449814097 0.0180685640506 0.0689614172283 0.0534127837619 0.0335498173253 0.0561685210664 0.0100734027317 
0.00630460102316 0.00761693337575 0.00360977960722 0.000852468760597 0.0305614120272 0.019472097874 0.00177551356606 0.0195275056963 0.00114184435487 0.0121129393116 0.0194326555305 0.191246382213 0.00916823733888 0.0137749595453 0.0174891906325 0.0114161909393 0.00907111552267 0.0186872117038 0.0127660665046 0.023317286404 0.0210339147509 0.00523037218392 0.00933311015653 0.00496328052554 0.0323177004775 0.00636744735301 0.00249143991824 0.0500904727091 0.0230280429185 0.0036983312613 -0.00753730668508 0.0107171732082 0.028045756007 0.00513858147971 -0.00898977793646 0.0229886138721 0.000119500408235 0.0247886094825 0.0023713834261 0.00947694777474 
0.00148575186301 0.0371815532827 0.000894252591301 0.0143556304202 0.0223180539996 0.0257176722084 0.00405597761604 0.0394916727957 0.0323853150153 0.0203917855213 0.0435819506289 0.00916823733888 0.393505790225 0.00215544230883 0.0276656497669 0.0152695945089 0.0150474707965 0.0399771023169 0.0317642883124 0.0488569246639 0.0285534292948 0.00085588870985 0.0144353805939 0.0108389154297 0.0313470369955 0.0140970181155 0.0212901973307 0.0107311533842 0.0421223195456 0.0141964085304 -0.00525924535228 0.0086080481719 0.0139332913753 0.0310420210067 0.00221341572657 1.4206909581e-05 -0.0034862979168 0.0446673130971 0.0381990276169 0.00716095641886 
0.0143484735844 0.0154159177777 0.00319483234409 0.014087771571 0.0256657077933 0.0212920514818 0.00494363641921 0.00907422668917 0.00566707105022 0.0120619469206 0.014142151141 0.0137749595453 0.00215544230883 0.193240052544 0.0129022374128 0.00481244498221 0.0123688327314 0.0146389706752 0.0102424707339 0.0117250044952 0.0179787941661 0.0151686448635 0.0208854164148 -0.00977765506608 0.00891687317817 0.00257430065887 0.0051680067165 0.0162622676124 0.0269578800767 0.00279522070104 0.00652671919559 0.000765860588311 0.0236080062889 0.0214875877134 -0.00986877501249 0.0170612736968 0.0110980606247 0.00703063151639 0.00468745134631 0.00432168645835 
-0.002292145301 0.0101592295459 0.0269293311795 0.0365921700638 0.0224220280617 0.0405752295527 0.0193789463917 0.0231541117726 0.0218609379047 0.00168372897283 0.0387897636291 0.0174891906325 0.0276656497669 0.0129022374128 0.217526166258 0.0158146722377 0.0200142832436 0.00154595691384 0.034478294649 0.0293718692617 0.0238418215424 0.0206988584664 0.0334259728399 0.00696654888645 0.0191789589649 0.0221744403408 0.0194065946711 0.0180842605067 0.0191961706926 0.0386431157901 0.0109854098687 0.0102412622808 0.0312629024689 0.0389359851892 0.00272926240135 0.0515573060635 0.0405101079457 0.0282149024854 0.0110940605752 0.0180047047515 
-0.00216426015512 0.00380709927612 0.00690715702234 0.00126042552347 0.0189884448784 0.0161305687027 0.0028405216403 0.0214206656765 0.0194687983996 0.0101440321802 0.013803228 0.0114161909393 0.0152695945089 0.00481244498221 0.0158146722377 0.213761561278 0.00632455039478 0.0144322738776 0.0308144178705 0.0112615955246 0.00726688138928 0.00920275178062 0.0162632266444 0.00348960056342 0.0224908567783 0.0239656608369 0.00545110389199 0.0162965354466 0.0145894911959 0.0160408758704 0.00641540426432 0.00963666779284 0.0226000796334 0.00886635854183 -0.00330053590533 0.00657143264409 0.0157601036315 0.0190150853208 0.0159860430032 0.0141070606307 
0.00323100711651 0.0166873799439 0.048707901197 0.0113707669373 0.0380013646822 0.00544451290411 0.0401249960555 0.0141637661246 0.0242289333254 0.0181504514747 0.02501447842 0.00907111552267 0.0150474707965 0.0123688327314 0.0200142832436 0.00632455039478 0.388650021515 0.0324028755351 0.0416671348405 0.0278193875 0.00817995870944 -0.00218780367151 0.0257346070132 0.00870690078142 0.0297390676831 0.0232549188885 0.0130294550911 0.00878361385588 0.0221605614921 0.0354090970668 0.0201744839408 0.0232491297481 0.0358151485024 0.00244256398893 -0.0115256346001 0.00742056051662 0.0168820202264 0.0231791271125 0.0161758968222 0.0246570424721 
0.013165195346 0.00151438616298 0.0136900816581 -0.00965350137392 0.0222858566891 0.0271015214057 0.0223703521098 -0.00418994865209 0.034881356676 0.0370678954864 0.084218654186 0.0186872117038 0.0399771023169 0.0146389706752 0.00154595691384 0.0144322738776 0.0324028755352 0.459702492126 0.0436183148306 0.0129445307551 0.0148993514659 0.0115933237682 0.0175247128755 0.00174110825316 0.0223041038476 0.0351436182602 0.00138981286554 0.0279300196247 0.0242977299376 0.0289630794483 0.0591249535851 0.0346183254299 0.0321309897695 0.00759955196765 0.00973191086247 0.0212837470167 0.0169057274499 0.0309814289192 0.0514431303801 0.00438497729146 
-0.00209853784498 0.0387008673008 0.025634836294 0.00388630343448 0.0218689651329 -0.00281666905871 0.0215939292733 0.0113018453783 0.00503012929165 0.0295125094593 0.00613047506368 0.0127660665046 0.0317642883124 0.0102424707339 0.034478294649 0.0308144178705 0.0416671348405 0.0436183148306 0.452480341709 0.0269738097605 0.0194487099314 0.0222717572945 0.0348229474712 0.00659833638385 0.0308144851338 0.00957060866076 0.00382380320982 0.00329903927211 0.0181086689959 0.000875956200769 0.0372058093964 0.0279892736468 0.0255438639001 0.0289638879882 0.0125316494255 0.0095029367042 0.0539354753775 0.0384088343455 0.0283234993428 0.0117679057787 
0.00479181660746 0.0133127292804 0.0204592323841 0.0251987563787 0.0369775280498 0.0304604153323 0.0217838965766 0.0254431013524 0.0257843786416 0.0133450987613 0.00635760640346 0.023317286404 0.0488569246639 0.0117250044952 0.0293718692617 0.0112615955246 0.0278193875 0.0129445307551 0.0269738097605 0.231482769673 0.0236373803292 0.0104728890723 0.0192280239151 0.0208948153921 0.0311723148839 0.0255757872115 0.00360093742733 0.0168897692669 0.0241859262611 0.0387080726603 0.00136120703174 0.0184270901445 0.013268203815 0.0291700869104 0.00581880754195 0.00258143548342 0.0239977076135 0.0257326335219 0.0135962323245 0.0121903107043 
0.00527584705399 0.0230174718469 0.0148352906038 0.0268635377272 0.0290185402441 0.0498252804331 0.00449188612055 0.0340016055306 0.0299083916546 0.0101146476075 0.000169318018389 0.0210339147509 0.0285534292948 0.0179787941661 0.0238418215424 0.00726688138928 0.00817995870944 0.0148993514659 0.0194487099314 0.0236373803292 0.174089416386 -0.00683601166695 0.0203863594024 -0.00498203281174 0.0197394163236 0.0156120989586 0.0154594427187 0.0162305844279 0.017736019144 0.000237480053216 0.00501242523389 0.0103483761701 0.0172110699684 0.0130082156587 -0.000290169981074 -0.00833830717294 0.0129245143622 0.0208059106947 0.0191408960462 0.00744864799335 
0.00226004019751 0.00681166554254 0.0205210753657 0.00761775022628 0.0143169577956 0.0133142587029 0.00373684798812 0.00625350680839 0.0109779872529 0.00681611750446 0.0256578733873 0.00523037218392 0.00085588870985 0.0151686448635 0.0206988584664 0.00920275178062 -0.00218780367151 0.0115933237682 0.0222717572945 0.0104728890723 -0.00683601166695 0.357004406288 0.136871434768 0.0113580268454 0.0341702963388 0.029526535158 -0.0022207223814 0.0138452345391 -0.00505380361456 0.0101121830999 0.121295654253 -0.00543022343353 0.00911326782759 0.00520343366652 0.00103172853984 0.0411806636264 0.138976274257 0.0232312251601 0.00752333805389 0.00987797981311 
0.00362094865748 0.0128907331811 0.0193058709005 0.0294750584323 0.0313802272886 -0.00121346884044 0.0174497658979 0.0138713065107 0.0204765723572 0.0134189340909 0.0754653884464 0.00933311015653 0.0144353805939 0.0208854164148 0.0334259728399 0.0162632266444 0.0257346070132 0.0175247128755 0.0348229474712 0.0192280239151 0.0203863594024 0.136871434768 0.418599336013 0.0101886764748 0.036696625123 0.0275414509641 -0.00164712815443 0.00693579144736 0.00470400078135 0.00174656283706 0.157720297599 -0.00537942304704 0.0200078784195 0.0207545864317 0.0253816872379 0.103777376006 0.18028084364 0.0123270013553 0.00361523249155 0.00978807147128 
0.00229800007887 0.00599031168551 -0.00330675256118 0.0249837727646 0.0101789966485 0.00578444716244 -0.00553607861694 0.0074681343355 0.0224738506118 0.00977461388373 0.0117591404195 0.00496328052554 0.0108389154297 -0.00977765506608 0.00696654888645 0.00348960056342 0.00870690078142 0.00174110825316 0.00659833638385 0.0208948153921 -0.00498203281174 0.0113580268454 0.0101886764748 0.187989658136 0.0194958068627 0.00667904509973 0.0151186039101 -0.0002309581463 0.0070787650553 0.0085323626473 0.00525709632661 0.00611823156204 0.0119880725106 0.0294887217972 0.00897744027166 0.0241866194954 0.0030543899918 0.00309582424657 0.00186734723701 0.0228059760599 
-0.0130094218237 0.0223297666889 0.0332310423176 0.00934162406735 0.0271182742244 0.0180134067925 0.0139513672441 0.0176304477227 0.0288670307319 0.0233762489302 0.038392620238 0.0323177004775 0.0313470369955 0.00891687317817 0.0191789589649 0.0224908567783 0.0297390676831 0.0223041038476 0.0308144851338 0.0311723148839 0.0197394163236 0.0341702963388 0.036696625123 0.0194958068627 0.254801448486 0.0567088506945 0.0149970181028 0.00138002761828 0.00611433486709 0.0263750592381 0.0233964066976 0.0108859564691 0.004579978771 0.0281531985287 0.0314515953308 0.0147328910741 0.0233391399391 0.0497380476719 0.0153170764507 0.0164648991126 
0.0301506277235 0.0168747241774 0.025593053212 0.0150137550643 0.0353694098055 0.0135090135609 0.0305432223252 0.0209603486698 0.0263335292973 0.0115845519968 0.0442518382525 0.00636744735301 0.0140970181155 0.00257430065887 0.0221744403408 0.0239656608369 0.0232549188885 0.0351436182602 0.00957060866076 0.0255757872115 0.0156120989586 0.029526535158 0.0275414509641 0.00667904509973 0.0567088506945 0.213083706447 0.00406862241548 0.0150857835687 0.0110311688036 0.0213757797117 0.0226159437543 0.0118816690913 0.0413508576683 0.0261430180836 0.0142421832675 0.0240750964244 0.0534600284814 0.0211577636857 0.00421380616009 0.0114762986521 
0.0192948570838 0.0163566811659 0.0242767736025 0.0658698377226 0.0195264975274 0.012637739694 0.00637985459774 0.0123556512669 0.020530047712 0.0516986139513 -0.0172946806613 0.00249143991824 0.0212901973307 0.0051680067165 0.0194065946711 0.00545110389199 0.0130294550911 0.00138981286554 0.00382380320982 0.00360093742733 0.0154594427187 -0.0022207223814 -0.00164712815443 0.0151186039101 0.0149970181028 0.00406862241548 0.39407129181 0.00284898773266 0.0113623130828 -0.00438287967377 0.0133844291114 0.0215387334991 -0.0184803582215 0.0628059223179 0.00721217228678 -0.00143996257698 0.0124042904206 0.00279936600043 0.0237090924951 0.0168516918198 
-0.00649907578434 0.0164045928001 -0.0142730744893 0.00711691131545 0.0242564420037 0.0277865460943 -0.00171055253177 0.0110854580739 0.0132163888236 0.0161730145438 0.00573415077677 0.0500904727091 0.0107311533842 0.0162622676124 0.0180842605067 0.0162965354466 0.00878361385588 0.0279300196247 0.00329903927211 0.0168897692669 0.0162305844279 0.0138452345391 0.00693579144736 -0.0002309581463 0.00138002761828 0.0150857835687 0.00284898773266 0.363371992721 0.00766121629681 -0.00994676475153 0.00421025292679 0.017811687333 0.0243575105508 0.0110185423099 0.00779202706792 0.0594636358016 0.0048589480732 0.0388561155777 0.000162058192279 0.0141892746444 
0.028311459619 0.0258757114986 0.0196737035421 0.031908013866 0.0160118307046 0.00763629748394 0.0050122212652 0.006669552901 0.0279016644297 0.00673167816019 0.0145864709455 0.0230280429185 0.0421223195456 0.0269578800767 0.0191961706926 0.0145894911959 0.0221605614921 0.0242977299376 0.0181086689959 0.0241859262611 0.017736019144 -0.00505380361456 0.00470400078136 0.0070787650553 0.0061143348671 0.0110311688036 0.0113623130828 0.00766121629681 0.296176028457 0.0137259177437 0.00248604405462 0.00808880017869 0.0330393532386 0.0100207649011 0.000587966208133 0.0497580957704 -0.00133828716825 0.00799325902359 0.0103707475106 0.00174480176717 
0.00792367920652 0.0033570062548 0.0169972817389 0.0214165577999 0.0196845271798 0.0138378092856 0.0268667529659 0.0223226072705 0.0268251697621 0.00126616970439 0.0788533630122 0.0036983312613 0.0141964085304 0.00279522070104 0.0386431157901 0.0160408758704 0.0354090970668 0.0289630794483 0.000875956200769 0.0387080726603 0.000237480053216 0.0101121830999 0.00174656283706 0.0085323626473 0.0263750592381 0.0213757797117 -0.00438287967378 -0.00994676475153 0.0137259177437 1.00309274084 0.00161788362848 0.00588124503173 0.0178467836888 0.00202016618411 -0.0183589773552 0.0226566389718 -0.0030951611371 0.0234733712903 0.0267103826564 0.00122986209452 
0.000112947423042 0.0176304155083 0.017475583143 -0.00789560942785 0.0270153626438 -0.00387795392704 0.0118334055076 0.00573023843439 0.0137438988394 0.0126412016706 0.0337593696139 -0.00753730668508 -0.00525924535228 0.00652671919559 0.0109854098687 0.00641540426432 0.0201744839408 0.0591249535851 0.0372058093964 0.00136120703174 0.00501242523389 0.121295654253 0.157720297599 0.00525709632661 0.0233964066976 0.0226159437543 0.0133844291114 0.00421025292679 0.00248604405462 0.00161788362848 0.416652769743 0.0165051180661 0.0291858570426 0.0106917035854 0.0172323501377 0.0171582175446 0.185138747621 0.0138518090071 0.0146608402601 0.00225577323392 
0.00213123758772 0.0175599905366 0.00549625104196 0.00283043995464 0.0216933543855 0.0192679198323 0.000812217129862 0.0165158414778 0.00826034053592 -0.00145865185993 0.00551865371946 0.0107171732082 0.0086080481719 0.000765860588311 0.0102412622808 0.00963666779284 0.0232491297481 0.0346183254299 0.0279892736468 0.0184270901445 0.0103483761701 -0.00543022343353 -0.00537942304704 0.00611823156204 0.0108859564691 0.0118816690913 0.0215387334991 0.017811687333 0.00808880017869 0.00588124503173 0.0165051180661 0.18559903834 0.0100797543799 0.0297907631025 0.0103653611055 -0.0093409597344 0.00556481708776 0.00836078171207 0.00447919559871 -0.00325372252322 
-0.0127198347393 0.0199789706961 0.0101161515624 -0.00361788436641 0.0517994884666 0.0140007967153 0.0141207888852 0.0175535483376 0.017365614326 0.0195757877923 0.0620997063411 0.028045756007 0.0139332913753 0.0236080062889 0.0312629024689 0.0226000796334 0.0358151485024 0.0321309897695 0.0255438639001 0.013268203815 0.0172110699684 0.00911326782759 0.0200078784195 0.0119880725106 0.004579978771 0.0413508576683 -0.0184803582215 0.0243575105508 0.0330393532386 0.0178467836888 0.0291858570426 0.0100797543799 0.272917643832 0.0279817953462 0.0140453213192 0.0426444343304 0.0356282708106 0.0256992647733 0.028831877226 0.0204540848733 
0.0183399729877 0.010941733608 0.0321808755785 0.0138258259896 0.0204021912735 0.026926508022 0.0128364244375 0.0402251481095 0.0223786796876 0.00794334454654 0.0396449814097 0.00513858147971 0.0310420210067 0.0214875877134 0.0389359851892 0.00886635854183 0.00244256398893 0.00759955196765 0.0289638879882 0.0291700869104 0.0130082156587 0.00520343366652 0.0207545864317 0.0294887217972 0.0281531985287 0.0261430180836 0.0628059223179 0.0110185423099 0.0100207649011 0.00202016618411 0.0106917035854 0.0297907631025 0.0279817953462 0.486446178858 -0.0137116452822 0.0197370031506 0.00436049708416 0.0173390818039 0.0148551024593 0.016341272399 
-0.0130589178548 0.0138238324158 -0.0148189118054 0.0105678975587 0.00493002707519 0.00733634998905 0.00168963238233 -0.000834870453091 0.00692982359467 0.00273715075542 0.0180685640506 -0.00898977793646 0.00221341572657 -0.00986877501249 0.00272926240135 -0.00330053590533 -0.0115256346001 0.00973191086247 0.0125316494255 0.00581880754195 -0.000290169981074 0.00103172853984 0.0253816872379 0.00897744027166 0.0314515953308 0.0142421832675 0.00721217228678 0.00779202706792 0.000587966208133 -0.0183589773552 0.0172323501377 0.0103653611055 0.0140453213192 -0.0137116452822 2.99034875324 0.012735103649 0.0183616620286 0.00210104060629 0.0076193897262 0.0049011828748 
0.00068348662783 -0.00664152490341 -0.0288311580744 0.0289214584747 0.0586492193567 0.00182730390713 0.00150191716039 0.00470476311813 0.0149508557052 0.0243392977598 0.0689614172283 0.0229886138721 1.42069095814e-05 0.0170612736968 0.0515573060635 0.00657143264409 0.00742056051662 0.0212837470167 0.0095029367042 0.00258143548342 -0.00833830717294 0.0411806636264 0.103777376006 0.0241866194954 0.0147328910741 0.0240750964244 -0.00143996257698 0.0594636358016 0.0497580957704 0.0226566389718 0.0171582175446 -0.0093409597344 0.0426444343304 0.0197370031506 0.012735103649 2.07531851261 0.0217820747445 0.00712473114172 0.0351906239478 -0.00798443101816 
0.0289525675229 0.0125484656888 0.0772534014217 0.0331695020183 0.0478701935528 0.0123098379007 0.00835572565712 0.00999187424157 0.00769929913751 0.0087940585418 0.0534127837619 0.000119500408235 -0.0034862979168 0.0110980606247 0.0405101079457 0.0157601036315 0.0168820202264 0.0169057274499 0.0539354753775 0.0239977076135 0.0129245143622 0.138976274257 0.18028084364 0.0030543899918 0.0233391399391 0.0534600284814 0.0124042904206 0.0048589480732 -0.00133828716825 -0.0030951611371 0.185138747621 0.00556481708776 0.0356282708106 0.00436049708417 0.0183616620286 0.0217820747445 0.501796128651 0.0130835084146 0.0347623072046 0.0149449480122 
-0.0213968302916 0.0109351808431 0.0219762701171 -0.00214419021624 0.0400919876092 0.00217691673307 0.0181677256081 0.0170920309509 0.0344372305273 0.0267737603751 0.0335498173253 0.0247886094825 0.0446673130971 0.00703063151639 0.0282149024854 0.0190150853208 0.0231791271125 0.0309814289192 0.0384088343455 0.0257326335219 0.0208059106947 0.0232312251601 0.0123270013553 0.00309582424657 0.0497380476719 0.0211577636857 0.00279936600043 0.0388561155777 0.00799325902359 0.0234733712903 0.0138518090071 0.00836078171207 0.0256992647733 0.0173390818039 0.00210104060629 0.00712473114172 0.0130835084146 0.323147365615 0.0100289760234 0.0146694803861 
0.0259357340408 0.0229012948589 -0.00074218902337 0.00183896639738 0.0239446751582 0.0117128673864 0.00205413227429 0.0131804960203 0.0225166550935 0.0132058339916 0.0561685210664 0.0023713834261 0.0381990276169 0.00468745134631 0.0110940605752 0.0159860430032 0.0161758968222 0.0514431303801 0.0283234993428 0.0135962323245 0.0191408960462 0.00752333805389 0.00361523249155 0.00186734723701 0.0153170764507 0.00421380616009 0.0237090924951 0.000162058192279 0.0103707475106 0.0267103826564 0.0146608402601 0.00447919559871 0.028831877226 0.0148551024593 0.0076193897262 0.0351906239478 0.0347623072046 0.0100289760234 0.440312299883 -0.00826920516638 
-0.00310893487101 0.0087004487122 0.0108516424758 0.0147415331447 0.00995816323828 0.0282700715172 0.0100688813486 0.00231190378478 0.0129916378493 0.00814696254172 0.0100734027317 0.00947694777474 0.00716095641887 0.00432168645835 0.0180047047515 0.0141070606307 0.0246570424721 0.00438497729146 0.0117679057787 0.0121903107043 0.00744864799335 0.00987797981311 0.00978807147128 0.0228059760599 0.0164648991126 0.0114762986521 0.0168516918198 0.0141892746444 0.00174480176717 0.00122986209452 0.00225577323392 -0.00325372252322 0.0204540848733 0.016341272399 0.0049011828748 -0.00798443101816 0.0149449480122 0.0146694803861 -0.00826920516639 0.240866077432 

['MYL', 'SAFC', 'RHI', 'CVH', 'DOV', 'CMA', 'AT', 'COF', 'PPG', 'EDS', 'JDSU', 'LLY', 'FDO', 'TWX', 'SPG', 'MMM', 'INTU', 'SLR', 'YHOO', 'HD', 'KEY', 'APC', 'HAL', 'LH', 'IP', 'WY', 'CMX', 'PFE', 'YUM', 'SHLD', 'BHI', 'BUD', 'APCC', 'HSP', 'ANDW', 'BRCM', 'NOV', 'ROH', 'AV', 'BAX']