20
0.005148759701 0.0466468708745 0.0621529110589 0.0437869579852 0.0162851568228 0.0314738433907 0.0634276035435 0.0261881624723 0.0331056926512 0.0130713531851 0.0782010317916 0.110783759143 0.0299059053764 0.0612619406497 0.0755152896869 0.123612909007 0.0275926739743 0.0220926651793 0.0380825412642 0.0991765707177 
0.24039301442 0.0149410496423 0.0180278371463 0.0151964299198 0.00742539388505 -0.00397754401562 0.0135259088865 0.015382644903 0.00328940652401 0.0131165822579 0.00704980488982 0.0118012393351 0.0140711695996 -0.00235780950192 0.00829225279057 -0.0124684746291 -0.00373226632327 0.00469363280079 0.0129854454674 0.00452730334917 
0.0149410496423 0.370312308075 0.0166607066078 0.0136772583405 0.0382697341721 0.00461583151606 0.0121739739996 0.0126566201769 0.0513109256603 0.038975074111 0.017107556476 0.0350138381336 0.0103122858987 0.0302086141024 0.035530722015 0.0113699305782 0.00446643173232 0.0392645194715 0.00972780757904 0.010086125753 
0.0180278371463 0.0166607066078 0.339407742982 0.0220685504892 0.0123803765633 0.0169599333697 0.0178441419228 0.0389996287415 0.015417244724 0.00473250882207 0.0262930194187 0.0370868900403 0.0240282343167 0.019419238994 0.0277544942272 0.0141515195158 0.0133910654255 -0.00559152662694 0.00510671217653 -0.0179006330276 
0.0151964299198 0.0136772583405 0.0220685504892 0.286703286419 0.0192393739261 0.00616112400382 0.0181329104719 0.0283316481547 0.0137556889717 0.0225229864527 0.014361098789 0.0243925713777 0.0224937819679 0.0242509520431 0.020282075787 -0.0174656818745 0.0135967457971 0.0235213081605 0.0282636929179 0.00538803323104 
0.00742539388505 0.0382697341721 0.0123803765633 0.0192393739261 0.160357663846 0.0181372194692 0.0249906524741 0.0170161149321 0.0400193074207 0.0470879826792 0.0171677880668 0.0167013461534 0.013752972238 0.018180101501 0.0195720800488 0.00271999367617 0.000480667311854 0.0422776245927 0.00608718672356 0.0100342012755 
-0.00397754401562 0.00461583151606 0.0169599333697 0.00616112400382 0.0181372194692 0.293887973716 0.0189756395264 0.0130385696373 0.0186703954154 0.0148764019073 0.00455252173317 0.0261927728779 0.0218195913207 0.0435511196894 0.0220704372311 -0.000172437481823 0.000874210466113 0.00440298719317 0.023296654175 0.0518633818949 
0.0135259088865 0.0121739739996 0.0178441419228 0.0181329104719 0.0249906524741 0.0189756395264 0.401614397462 0.0148805469512 0.0228949605938 0.0129197871191 0.0395398834976 0.0666916002454 0.0131902422944 0.0199422391097 0.017224997601 -0.00169085044293 0.0157921353149 0.0227789883014 0.0273256461627 -0.00381394596029 
0.015382644903 0.0126566201769 0.0389996287415 0.0283316481547 0.0170161149321 0.0130385696373 0.0148805469512 0.265690789349 0.0186349228933 0.005622056151 0.014566373291 0.0300628388499 0.0270894014869 0.00917744289954 0.0164494931217 0.00286031630918 0.015685224883 0.00218435650533 0.0180491258399 0.00223703229629 
0.00328940652401 0.0513109256603 0.015417244724 0.0137556889717 0.0400193074207 0.0186703954154 0.0228949605938 0.0186349228933 0.219539022445 0.0474781255068 0.0233600904133 0.0235006090368 0.0152092851107 0.0161515940388 0.0193785377539 0.00729916386194 -0.00491687051894 0.0488452460993 0.0158292406348 0.0107685738438 
0.0131165822579 0.038975074111 0.00473250882207 0.0225229864527 0.0470879826792 0.0148764019073 0.0129197871191 0.005622056151 0.0474781255068 0.140074901777 0.0133197831365 0.0228294450394 0.0162290196745 0.0110495973512 0.0231721833523 -0.00338030046398 0.00399203208349 0.0416893543778 0.0093449020873 0.00163410218809 
0.00704980488982 0.017107556476 0.0262930194187 0.014361098789 0.0171677880668 0.00455252173317 0.0395398834976 0.014566373291 0.0233600904133 0.0133197831365 0.392083900738 0.0944798748268 0.0291390569045 0.0529913632266 -0.0146148156632 0.0200302549125 0.0104779964147 0.0151115812067 0.0378288206802 0.00396780498868 
0.0118012393351 0.0350138381336 0.0370868900403 0.0243925713777 0.0167013461534 0.0261927728779 0.0666916002454 0.0300628388499 0.0235006090368 0.0228294450394 0.0944798748268 0.503947318217 0.0358006888503 0.0539699102987 0.00616387860145 0.0220224333771 0.00637413578205 0.0284006572791 0.0524775443314 0.00581051938351 
0.0140711695996 0.0103122858987 0.0240282343167 0.0224937819679 0.013752972238 0.0218195913207 0.0131902422944 0.0270894014869 0.0152092851107 0.0162290196745 0.0291390569045 0.0358006888503 0.280960567458 0.0359754052016 0.0241578347981 -0.0119520525594 0.00329539684112 0.00936782463051 0.0233534649717 -0.00616015617651 
-0.00235780950192 0.0302086141024 0.019419238994 0.0242509520431 0.018180101501 0.0435511196894 0.0199422391097 0.00917744289954 0.0161515940388 0.0110495973512 0.0529913632266 0.0539699102987 0.0359754052016 0.363652880728 0.00606384161261 0.0360291614652 0.00391004223226 0.018105983876 0.0280230381236 0.0411379798355 
0.00829225279057 0.035530722015 0.0277544942272 0.020282075787 0.0195720800488 0.0220704372311 0.017224997601 0.0164494931217 0.0193785377539 0.0231721833523 -0.0146148156632 0.00616387860145 0.0241578347981 0.00606384161261 0.800642905661 0.0189188815632 0.0228596106261 0.00955634554621 0.0186720505912 -0.00715286160298 
-0.0124684746291 0.0113699305782 0.0141515195158 -0.0174656818745 0.00271999367617 -0.000172437481823 -0.00169085044293 0.00286031630918 0.00729916386194 -0.00338030046398 0.0200302549125 0.0220224333771 -0.0119520525594 0.0360291614652 0.0189188815632 1.0470736579 -0.000252536734009 0.00569764101029 0.00256998637184 -0.00484399394887 
-0.00373226632327 0.00446643173232 0.0133910654255 0.0135967457971 0.000480667311854 0.000874210466113 0.0157921353149 0.015685224883 -0.00491687051894 0.00399203208349 0.0104779964147 0.00637413578205 0.00329539684112 0.00391004223226 0.0228596106261 -0.000252536734009 0.373443731847 -0.00193448020952 0.00417941095117 0.00363110528899 
0.00469363280079 0.0392645194715 -0.00559152662694 0.0235213081605 0.0422776245927 0.00440298719317 0.0227789883014 0.00218435650533 0.0488452460993 0.0416893543778 0.0151115812067 0.0284006572791 0.00936782463051 0.018105983876 0.00955634554621 0.00569764101029 -0.00193448020952 0.232356263612 0.00471949440185 0.00437477771385 
0.0129854454674 0.00972780757904 0.00510671217653 0.0282636929179 0.00608718672356 0.023296654175 0.0273256461627 0.0180491258399 0.0158292406348 0.0093449020873 0.0378288206802 0.0524775443314 0.0233534649717 0.0280230381236 0.0186720505912 0.00256998637184 0.00417941095117 0.00471949440185 0.256895065844 -0.00574307662424 
0.00452730334917 0.010086125753 -0.0179006330276 0.00538803323104 0.0100342012755 0.0518633818949 -0.00381394596029 0.00223703229629 0.0107685738438 0.00163410218809 0.00396780498868 0.00581051938351 -0.00616015617651 0.0411379798355 -0.00715286160298 -0.00484399394887 0.00363110528899 0.00437477771385 -0.00574307662424 0.641368032 

['WWY', 'CEG', 'TJX', 'WLP', 'AEP', 'MMC', 'ASH', 'AN', 'SRE', 'ED', 'MOT', 'FSL.B', 'XL', 'QLGC', 'SYK', 'UIS', 'TRB', 'CMS', 'EDS', 'MYL']