50
0.0296866664977 0.0716450377603 0.0576577356707 0.13159191543 0.0436219100546 0.0210054402465 0.0357981155146 0.0223482457603 0.0348828940045 0.0441448787565 0.0331056926512 0.0773240107923 0.0700025840065 0.112290577846 0.143796644659 0.070265204238 0.0501755430095 0.0132097716294 0.0248078828137 0.110783759143 0.208286894217 0.0589662330248 0.0612619406497 0.080285366307 0.0538734886168 0.039859092222 0.0704019073317 0.0669692816613 0.0367752030525 0.0765601453803 0.022369934908 0.0278380444533 0.0522856391002 0.0471087328402 0.065735385914 0.0870342926162 0.0635798530397 0.0272696759741 0.0255776045185 0.0970140476379 0.163811268696 0.0501483555771 0.22311845274 0.266244884644 0.066200000993 0.0672535079153 0.0304536481296 0.0428749123775 0.0540864966038 0.0285995604788 
0.215775645708 0.0067493432328 0.0252864941716 0.0148400116326 0.0276344007581 0.0215233690388 0.0275199285941 0.0276986610417 0.0207855451288 0.0314113551844 0.0314114262201 0.0177492458836 0.0115030877064 0.00786610590459 0.0263278808626 0.00402054012867 0.0119125403876 0.0138098393351 0.0159586617705 0.0306888753672 0.0479877688313 0.0116019700282 0.00621568714245 0.0156835950277 0.0112990270384 0.0159381201366 0.0380595752197 0.0315480027281 0.019016379588 0.0210926519898 0.019155532115 0.011781691639 0.0251315851495 0.0207259322053 0.0134583642862 0.0181067438161 0.0366757762431 0.0107389276992 0.019051312989 0.033650473015 -0.0100229990499 0.0222981724055 0.0241971280075 0.0099715840787 0.012806874571 0.023964252341 0.026413131984 0.0320309027533 0.0186442683729 0.0186589762788 
0.0067493432328 0.462479705746 0.0177076740335 0.00950795186563 0.00969674155244 -0.00637598579504 0.0103325581133 0.00689809803601 0.00678286920117 0.0134736159206 0.0131832109518 0.0110391857567 0.0167126750194 0.0178351615091 0.0522546481041 -0.0129473671342 0.00164634154015 0.017558953864 0.00776543563237 0.0247308200205 0.0253370407468 -0.00864741333409 0.00531701153381 0.0120701204109 -0.00212159677852 0.00396904959718 0.0243137442959 0.00604167023803 0.00931949506127 0.0180051248785 0.0230996983193 0.00453433412619 0.00166344066461 0.00789003382347 -0.00367315839657 0.0139666339428 0.0258547138046 0.0103544397445 0.00128980573578 0.025450777312 -0.00885864768735 0.0229215717815 0.00832433988432 0.0234899583201 0.0128203453685 0.00393657199857 0.00725997682818 0.0581401281473 0.0132233973339 0.0001576019868 
0.0252864941716 0.0177076740335 0.238152545936 0.0241909975216 0.033577354556 0.00888498252197 0.0239052412642 0.0204195707142 0.00956574577222 0.0298292238441 0.0234956384056 0.0383230952313 0.0140157233655 0.015779147301 0.0281592378878 -0.00555475865198 0.0147019528777 0.0121994828387 0.0192883668293 0.0314228792183 0.0293972395628 0.00320068984591 0.0176918700985 0.00799302045948 0.0253443036403 0.0156911339045 0.00667359697231 0.0248757093356 0.00881679598376 0.020890889313 0.0117324000788 0.0227454268353 0.029638919947 0.00422274398264 0.0038102761065 0.0117864693145 0.0205173992081 0.0180570006337 0.00290517529079 0.0429968285687 -0.0036076611811 0.0246896491796 0.0369642567524 0.00405486770587 0.0306126625698 0.0339883823023 0.0259924007088 0.0177025516907 0.0243108732455 0.00998088478775 
0.0148400116326 0.00950795186563 0.0241909975216 0.473009546167 0.00564868920609 0.00621973258714 0.00992794820059 0.000795641277868 0.0422833503188 0.0139022138842 0.0415405879709 0.0526832146227 0.0166969221153 0.241488723921 0.0670633413552 0.0347558592544 0.0254377701868 0.00283800610284 0.017771739536 0.0516059965198 -0.0148938037221 -0.000830744817198 0.0438703920381 0.0267742639252 0.0142522593876 0.0269904588426 0.0498074362552 0.0180937286672 -0.0140895268734 0.0530165938135 0.0155936726406 -0.0102365099647 0.04000860861 0.118513913859 0.0326354111969 0.0433933502346 0.00927954591136 0.00472203884377 -0.00139106685093 0.0799184277284 0.0035936521885 0.0297419892059 0.0729911816011 4.03728209508e-05 0.0282143616258 0.00261329368952 0.00690520188917 0.0156308191234 0.0127914209376 -0.00663480921873 
0.0276344007581 0.00969674155244 0.033577354556 0.00564868920609 0.285097462635 0.0107382113919 0.0189051150386 0.0457862419978 0.0124688822984 0.099909275778 0.0444481487462 0.0584857926624 0.010176356067 0.00530610657208 0.0388637870224 0.0133371234843 0.0141170482888 0.0195795269962 0.0143179933472 0.0503623125374 0.0263539381037 0.0280948263528 0.0137618599981 0.0273385142909 0.00548128286996 0.0321565477126 0.0291733683177 0.0172446547763 0.0233215696889 0.0110253671256 0.0162071791661 0.0100410796507 0.0308435230988 0.0144818703463 0.0147895893245 0.0208422595569 0.0377845228724 0.0149606052203 0.0076246109111 0.0152130510319 0.0105942623368 0.0271013690164 0.0186479578736 0.0491280051355 0.00829509134995 0.0250405453514 0.0404149789572 0.033434591727 0.0167662832486 0.021647398637 
0.0215233690388 -0.00637598579504 0.00888498252197 0.00621973258714 0.0107382113919 0.12926174527 0.0111875110221 0.0138229096073 0.00768701206787 0.0100107734765 0.0100411393353 0.00578363454589 0.00820384070082 -0.00607065342611 0.00142321236853 0.00371016930046 0.00114735883321 0.0125423720166 0.0106825122715 0.00212843384952 -0.00232516596615 -0.0024943067609 0.0122921453358 0.00905773511732 0.0122302732841 0.0115047866592 0.000748114769676 0.00682539453693 -0.000721714040125 0.00655732936962 0.00577974563161 0.0164672393489 -0.00459910319588 0.00039238462827 0.00643475121398 -0.00147912788788 0.0164307651095 0.00527051633721 0.00764056082277 -0.00594651880258 0.0200426395738 0.00533386089048 -0.00981111716655 -0.00412086397237 0.00745885431514 0.00231964409079 0.0169097707104 0.01113347297 -0.000863809151774 -0.00244774417418 
0.0275199285941 0.0103325581133 0.0239052412642 0.00992794820059 0.0189051150386 0.0111875110221 0.252756440029 0.00803865359017 0.0128912567498 0.0270660806 0.0124352624395 0.0297353542005 0.00539769764077 0.0191031066803 0.0134785205663 0.00497822987554 0.0168947707962 0.0102654894062 0.00909827876117 -0.00612531711025 -0.00241696856491 0.00565100022885 0.0166477102624 0.0104749312198 0.0231331019599 0.0124666066977 0.0251520530636 0.005320742232 0.0276000052908 0.0118895827727 0.00858350762287 0.0186928448596 0.0201426874365 0.0131030720751 0.0187812674421 0.0136958115068 0.0126690525043 0.0149036810769 0.0199157725822 0.0341028659831 -0.00358078635914 0.00797927718177 0.0163067116537 0.0203833293611 0.0218746973272 0.0334334380764 0.0198417832852 0.0140852476772 0.0140936457867 0.0110173517817 
0.0276986610417 0.00689809803601 0.0204195707142 0.000795641277868 0.0457862419978 0.0138229096073 0.00803865359017 0.198861591932 0.0116659964717 0.034857724302 0.0291903361755 0.0285183741801 0.0145056340218 -0.016043493857 0.0323435087559 0.00605591394017 0.0265649833938 0.00428306240063 0.0128303392987 0.0364288129663 0.0416509668509 0.0182388338594 0.00626936466898 -0.00190489398814 0.0029439114407 0.0171894610762 0.0148077452354 0.00978243066989 0.00605672357614 -0.00103853512655 0.00437810251981 0.0116494556772 0.0125573887348 0.0118623724011 0.0106150483785 0.0101214041759 0.0277193328457 -0.00625608318096 0.00604258549452 0.0339369344868 0.00436461772607 0.0237857970247 0.0111119468593 0.0197319582753 0.0399259651271 0.013679673342 0.039024074915 0.0212243762538 0.0199595915242 0.0190423026056 
0.0207855451288 0.00678286920117 0.00956574577222 0.0422833503188 0.0124688822984 0.00768701206787 0.0128912567498 0.0116659964717 0.217562867008 0.0198733763601 -0.00150786290566 0.0187777722568 0.0121006872233 0.035765074736 0.0652514532073 0.00836703947004 -0.00553321024297 0.00962364511111 0.0149019033403 0.0282635134738 0.0195206725155 0.0132886713981 0.0110998013077 0.0156514699623 0.009863101454 0.0187413233903 0.0155770848323 0.0227763794027 0.0118923509975 0.0232281323464 0.00930418750166 0.00802505136963 0.0132972576398 0.00679045917499 0.011098141012 0.0476086103014 0.00228425990821 0.00935307440517 0.00503582906143 0.00759931591879 0.0086609190997 0.0634257734783 0.0302372121173 0.0321353167858 0.00132752404731 0.00824592622018 0.00946433666682 0.00417220268485 0.0045046237512 0.0139587849138 
0.0314113551844 0.0134736159206 0.0298292238441 0.0139022138842 0.099909275778 0.0100107734765 0.0270660806 0.034857724302 0.0198733763601 0.224149865796 0.0350000057342 0.0398169519451 0.00970787569589 0.0232474864314 0.0446591824544 0.00713499910151 0.0208023151033 0.017688723784 0.00743504367257 0.0322825538219 0.0450212792274 0.0281434583494 0.0152112690959 0.0279006352693 0.0125821419408 0.0240406142841 0.0333610982079 0.0150598898244 0.0208696638757 0.0273413048731 0.0180878209032 0.0128807689334 0.0260139301416 0.0171439310343 0.038299535578 0.0262460832306 0.023067230497 0.0142447510646 0.0213326790517 0.0284938163163 0.00653540706461 0.0225268121478 0.0266852788596 0.0119921230603 0.00251622716453 0.0333362577636 0.045690218593 0.0276380724345 0.0219574731876 0.03434002527 
0.0314114262201 0.0131832109518 0.0234956384056 0.0415405879709 0.0444481487462 0.0100411393353 0.0124352624395 0.0291903361755 -0.00150786290566 0.0350000057342 0.207322708217 0.0219023375924 0.016584565509 0.031511630838 0.0248789364834 0.0080712012475 0.00290202513492 0.000592587161978 0.00992866121259 0.00747139817668 0.0103629405951 0.00712887986239 0.00927568695394 0.00931674739708 -0.00914748212915 0.0101675445147 0.00998675118331 -0.00377009266823 0.00393808473695 0.00388311998606 0.01562543809 0.00620957880127 0.00393095615079 0.0341205149874 0.0124220809136 0.0141221697728 0.0352842519282 0.0100474117407 0.0105384594947 0.0270185072052 0.0110742020737 0.0189598041127 0.0207371648971 0.00293172030797 0.0175254397814 0.0329889222751 0.0195125007288 0.013145943559 0.0158597442741 0.00508945644012 
0.0177492458836 0.0110391857567 0.0383230952313 0.0526832146227 0.0584857926624 0.00578363454589 0.0297353542005 0.0285183741801 0.0187777722568 0.0398169519451 0.0219023375924 0.403457127383 0.0219294867453 0.0545446586039 0.0763745140219 0.00577323369881 0.0317152297553 0.0189134441786 0.0170627764808 0.0493416695721 0.0129275305766 0.0292767034733 0.0163123870521 0.0306791747328 0.0204300497966 0.0651626525991 0.061026456516 0.0409520713145 0.0184936848652 0.0256174510453 0.0363686787147 -0.00814870710606 0.039012503849 0.0253998352647 0.00376588069182 0.0355914244475 0.034618790265 0.0214191338736 0.0357689344145 0.235655247592 0.00706465442186 0.0296613128106 0.0407650999089 0.0258075216837 0.0588256294484 0.044861881943 0.0347979352174 0.0275508979758 0.0201654375651 0.0409879381959 
0.0115030877064 0.0167126750194 0.0140157233655 0.0166969221153 0.010176356067 0.00820384070082 0.00539769764077 0.0145056340218 0.0121006872233 0.00970787569589 0.016584565509 0.0219294867453 0.322993889892 0.00900030000341 0.0268953672147 0.0125154441938 0.00705507513538 0.00896468454358 0.00273549569847 0.0154979973875 0.0198172122025 0.00804647391339 0.00684150810153 0.00630618466106 -0.00375685393928 0.00970949168764 0.0181154067759 0.0208285218684 0.0177803399741 0.0167437929014 0.00384636900881 0.00493437680474 0.0138336250748 0.00687810875397 0.0416317859766 0.00966591039584 0.0117879530788 -0.0022185402835 0.0193861786717 0.00821876317287 0.00330585892627 0.012975413744 -0.0196784610948 0.0281913653172 0.0228676262719 0.0195170325789 0.0148717737323 0.0231479555462 0.00992486473397 -0.00385628071564 
0.00786610590459 0.0178351615091 0.015779147301 0.241488723921 0.00530610657208 -0.00607065342611 0.0191031066803 -0.016043493857 0.035765074736 0.0232474864314 0.031511630838 0.0545446586039 0.00900030000341 0.418906396595 0.107816498759 0.0332676067253 0.0150453446834 0.00400912249798 0.0139017195161 0.0387519798442 -0.020635187292 0.00723168918289 0.0382202206371 0.0173116220699 0.0280175088284 0.0402636004416 0.0326594024944 0.0148840164026 0.000618843113403 0.0418474758259 0.00345458742178 -0.00176317050916 0.0278620947678 0.0943311068601 0.016130259096 0.0469217548965 -0.00040184986353 0.0230755578917 0.00484499292846 0.0571240428679 -0.00989170316373 0.0307189914862 0.0515813010708 0.0155956762663 -0.000257052947701 0.00622082599336 0.0149167291087 0.0195540611713 0.0236357038792 -0.00535593533524 
0.0263278808626 0.0522546481041 0.0281592378878 0.0670633413552 0.0388637870224 0.00142321236853 0.0134785205663 0.0323435087559 0.0652514532073 0.0446591824544 0.0248789364834 0.0763745140219 0.0268953672147 0.107816498759 0.603215547263 0.0190251614052 0.0285954074323 0.0206685326475 0.0247445819336 0.0970813899169 0.009989985806 0.0329905634004 0.0130927451978 0.0402253412395 0.060408681581 0.0633789041192 0.0823868047507 0.0633809559972 0.0183055447245 0.0767651456022 0.0434103481116 0.0112011992245 0.038600027335 0.0277146401949 0.0336870583366 0.0929720543981 0.0518288456475 0.0290760978207 0.0229066842057 0.0610788429726 0.0183371359028 0.0284824933817 0.0485224270009 0.0831189379999 -0.0100691629624 0.0391757668136 0.033485857425 0.0270612853294 0.0327250647554 0.0394259685395 
0.00402054012867 -0.0129473671342 -0.00555475865198 0.0347558592544 0.0133371234843 0.00371016930046 0.00497822987554 0.00605591394017 0.00836703947004 0.00713499910151 0.0080712012475 0.00577323369881 0.0125154441938 0.0332676067253 0.0190251614052 0.979013356944 0.014748626473 0.0107992438879 -0.00061996451223 0.0205712759224 0.00597066360158 0.00707272159365 0.00784094167916 -0.00138303605307 0.011979721659 0.00175472131204 0.000582417126708 -0.00668974062399 0.0315058021549 0.0123721919811 0.00789853974376 0.00472949328867 0.00175367655471 0.02188671078 0.0195201003802 0.0133451280337 0.00137354258575 0.00460427972806 -0.00631112783074 0.0184164399864 0.0133537975655 0.00594484832881 -0.0257902576523 0.0208752369309 0.038199427996 0.0211040141024 0.0408166254806 0.000335644056991 0.00723119467099 0.0162550455797 
0.0119125403876 0.00164634154015 0.0147019528777 0.0254377701868 0.0141170482888 0.00114735883321 0.0168947707962 0.0265649833938 -0.00553321024297 0.0208023151033 0.00290202513492 0.0317152297553 0.00705507513538 0.0150453446834 0.0285954074323 0.014748626473 0.318269869515 0.0157338989542 -0.00591752041545 0.0263209599712 -0.00890978528447 0.0219004457848 0.0170426645833 0.0116960371375 0.0226716742447 -0.00580131835154 0.0236597617025 0.00887181051679 0.0195360901946 0.0224042825636 -0.00248555605674 -0.0052568049226 0.0130591253901 0.0113264351027 0.0288244666083 0.0214657548799 0.00416918398 0.0183692938648 0.00295399437521 0.0482088572274 -9.15012228952e-05 0.0212410986895 0.0104695304816 0.0208791000324 0.0118249806124 0.00830554293634 0.0189357022849 0.0203211250699 0.00895357272346 0.0118756673918 
0.0138098393351 0.017558953864 0.0121994828387 0.00283800610284 0.0195795269962 0.0125423720166 0.0102654894062 0.00428306240063 0.00962364511111 0.017688723784 0.000592587161979 0.0189134441786 0.00896468454358 0.00400912249798 0.0206685326475 0.0107992438879 0.0157338989542 0.164075298647 0.0148242712511 0.00991896339118 0.013365635089 0.0158423483 0.00971417515053 0.0174362724387 0.00954419610924 0.0158701721642 0.0201840983347 0.0069232518029 0.00813068664178 0.00630461025235 0.0128805243566 0.0155348315132 0.00458683838521 0.00855656244379 0.0320779777432 0.014919041141 0.0177952055317 0.0126562471486 0.00912064770826 0.00786046890701 -0.00013725903782 0.0132857921567 0.0133494083558 0.00114302706822 -0.0152651405809 0.0120220619897 -0.000526666954175 0.0154978445743 0.0110686646758 0.00687183009541 
0.0159586617705 0.00776543563237 0.0192883668293 0.017771739536 0.0143179933472 0.0106825122715 0.00909827876117 0.0128303392987 0.0149019033403 0.00743504367257 0.00992866121259 0.0170627764808 0.00273549569847 0.0139017195161 0.0247445819336 -0.00061996451223 -0.00591752041545 0.0148242712511 0.210639903353 0.0251952261748 -0.00381850046213 -0.00139869842768 0.0176135259602 0.0101129903633 0.0136491205656 0.016070828281 0.0226272774555 0.0119317584525 0.00581077683239 0.0117506176156 0.0166031010945 0.00580282214916 0.0289301689929 0.0089481178671 0.00758686388541 0.00815980736791 0.00590339229985 0.00825685821243 0.0175635429778 0.00756948104062 0.00358185424086 0.0175949767056 0.0131699417751 0.00155812486378 0.0170863106746 0.00876001622233 0.011675003902 0.0220011337507 0.00563897998939 0.0154587644062 
0.0306888753672 0.0247308200205 0.0314228792183 0.0516059965198 0.0503623125374 0.00212843384952 -0.00612531711025 0.0364288129663 0.0282635134738 0.0322825538219 0.00747139817668 0.0493416695721 0.0154979973875 0.0387519798442 0.0970813899169 0.0205712759224 0.0263209599712 0.00991896339118 0.0251952261748 0.46528310006 0.018427231143 0.0265251391808 0.0396960803113 0.0553772501705 0.0510408710126 0.0122617040157 0.0413629743592 0.0531200986199 0.0174872836365 0.0576006350457 0.0239641030408 0.0147204980352 0.0400734330177 0.0142744547708 0.0338034307837 0.0376201943869 0.028747822674 0.0391644966312 0.00538705425787 0.0509595039103 0.0111389094335 0.0241743358045 0.0828822582268 0.040582784762 0.0174446811942 0.0350138842347 0.012691753179 0.0276721485722 0.0214160076272 0.0118087768115 
0.0479877688313 0.0253370407468 0.0293972395628 -0.0148938037221 0.0263539381037 -0.00232516596615 -0.00241696856491 0.0416509668509 0.0195206725155 0.0450212792274 0.0103629405951 0.0129275305766 0.0198172122025 -0.020635187292 0.009989985806 0.00597066360159 -0.00890978528447 0.013365635089 -0.00381850046213 0.018427231143 1.33036384053 0.0091775840945 0.010225989389 -0.00292209773735 0.0337410868688 0.0298874221242 0.0144822660287 0.0415275733841 0.0272354803427 0.00182085993671 -0.00128631497564 0.00625730463361 -0.0233052970682 -0.00185692086538 0.0201885380358 0.00278237073374 0.012436330413 0.017245469505 0.0192165098943 0.0516088026393 -0.0325809847213 0.00660027071057 0.0328760648266 0.00964243028921 0.0231874032243 0.064460185911 0.0435810908776 0.0601702788214 0.0410905720282 0.0169742726704 
0.0116019700282 -0.00864741333409 0.00320068984591 -0.000830744817198 0.0280948263528 -0.0024943067609 0.00565100022885 0.0182388338594 0.0132886713981 0.0281434583494 0.0071288798624 0.0292767034733 0.00804647391339 0.00723168918289 0.0329905634004 0.00707272159365 0.0219004457848 0.0158423483 -0.00139869842768 0.0265251391808 0.0091775840945 0.396414910508 0.00667803291122 0.0185715774388 0.0239002158697 -0.0021773048588 0.0278515504675 0.0141424778946 0.0171202467107 0.0209312288389 0.016218749553 0.0128583449008 0.0164820652218 -0.00584564128515 0.0160192726127 0.0262395058335 0.0207597026562 0.0307592776262 0.00179391439708 0.0482325586922 -0.0124373677085 0.0303825691977 -0.00172387300502 0.0103460192375 0.0257921864732 0.0369084188002 0.00976158294913 0.0158072800931 0.000885215498381 0.0109773033275 
0.00621568714245 0.00531701153381 0.0176918700985 0.0438703920381 0.0137618599981 0.0122921453358 0.0166477102624 0.00626936466898 0.0110998013077 0.0152112690959 0.00927568695394 0.0163123870521 0.00684150810153 0.0382202206371 0.0130927451978 0.00784094167916 0.0170426645833 0.00971417515053 0.0176135259602 0.0396960803113 0.010225989389 0.00667803291122 0.350052755478 0.0187037143174 0.0166486807656 0.00719843833449 0.0171211665741 0.0084983482341 0.0135613908405 0.0233614828973 0.0195730980533 0.00686232895294 2.24770314403e-05 -0.000384264725946 -7.03628160313e-05 0.0258096853933 0.016925474738 0.00220389278476 0.00300500937643 0.0206010075406 0.0366491470349 0.0177808623316 0.0992362601818 0.00133540409699 0.030463069029 0.0243006467324 0.0144294023666 0.0208678923684 0.0220415755971 0.0164882607987 
0.0156835950277 0.0120701204109 0.00799302045948 0.0267742639252 0.0273385142909 0.00905773511732 0.0104749312198 -0.00190489398814 0.0156514699623 0.0279006352693 0.00931674739708 0.0306791747328 0.00630618466106 0.0173116220699 0.0402253412395 -0.00138303605307 0.0116960371375 0.0174362724387 0.0101129903633 0.0553772501705 -0.00292209773735 0.0185715774388 0.0187037143174 0.431973275066 0.00377459898129 0.00336681967213 0.0329570563392 0.0466615125684 0.00482006410806 0.0298865267511 0.0199868546172 0.0208604986334 0.0299657992322 0.00779662335473 -0.0125284505477 0.0233116375968 0.00595504504257 0.0180160230504 0.0107850751806 0.033769896858 -0.00437189784305 0.0378036947697 0.0275938438553 0.0333566654056 0.0220767493297 0.0132472993535 0.0202916144134 0.0106482730044 0.00221229650169 0.0211276164503 
0.0112990270384 -0.00212159677852 0.0253443036403 0.0142522593876 0.00548128286996 0.0122302732841 0.0231331019599 0.0029439114407 0.009863101454 0.0125821419408 -0.00914748212915 0.0204300497966 -0.00375685393928 0.0280175088284 0.060408681581 0.011979721659 0.0226716742447 0.00954419610924 0.0136491205656 0.0510408710126 0.0337410868688 0.0239002158697 0.0166486807656 0.00377459898129 0.372019645343 0.0113641702943 0.0393129204729 0.0279486206169 0.00172087221548 0.0311708536344 0.024768486457 0.00626039579121 0.0290738272343 0.0034777863387 0.010356536815 0.0298757481129 0.0107085790486 0.0134427259921 0.0191940380171 0.0427999890817 -0.00406535282438 0.0231254717489 0.0258070726327 0.00349067686341 0.030114093855 0.0323621849756 0.0217696607054 0.00559513439065 -0.00650878376376 0.0319418688651 
0.0159381201366 0.00396904959718 0.0156911339045 0.0269904588426 0.0321565477126 0.0115047866592 0.0124666066977 0.0171894610762 0.0187413233903 0.0240406142841 0.0101675445147 0.0651626525991 0.00970949168764 0.0402636004416 0.0633789041192 0.00175472131204 -0.00580131835154 0.0158701721642 0.016070828281 0.0122617040157 0.0298874221242 -0.0021773048588 0.00719843833449 0.00336681967213 0.0113641702943 0.261699261804 0.0335672745042 0.022425651779 0.00683270684434 0.0314218032831 0.00993689089991 -0.00195419410211 0.0135255200148 0.0249876655561 0.0112460107696 0.0448645067655 0.00442574134446 0.0218666322294 0.0060859211911 0.0273211292588 -0.000145575398248 0.0127872559261 0.0411456442685 0.00568483877336 0.00636753467938 0.00594614149662 0.013027863962 0.0157291772354 0.0106447134207 0.019514385966 
0.0380595752197 0.0243137442959 0.00667359697231 0.0498074362552 0.0291733683177 0.000748114769676 0.0251520530636 0.0148077452354 0.0155770848323 0.0333610982079 0.00998675118331 0.061026456516 0.0181154067759 0.0326594024944 0.0823868047507 0.000582417126707 0.0236597617025 0.0201840983347 0.0226272774555 0.0413629743592 0.0144822660287 0.0278515504675 0.0171211665741 0.0329570563392 0.0393129204729 0.0335672745042 0.259487385739 0.035583785084 0.0132555843259 0.024736860754 0.0358176484416 0.0055191962894 0.0358940444846 0.0225797864004 0.0248325588959 0.0275948308763 0.0305668124072 0.0201673282693 0.0126918672907 0.0649235035288 0.00544332248304 0.0202218015104 0.0389986224008 0.0450420103136 0.0153426549422 0.0234051182163 0.0265139009001 0.0359357362642 0.0248010007156 0.0241804783626 
0.0315480027281 0.00604167023803 0.0248757093356 0.0180937286672 0.0172446547763 0.00682539453693 0.005320742232 0.00978243066989 0.0227763794027 0.0150598898244 -0.00377009266823 0.0409520713145 0.0208285218684 0.0148840164026 0.0633809559972 -0.00668974062399 0.00887181051679 0.0069232518029 0.0119317584525 0.0531200986199 0.0415275733841 0.0141424778946 0.0084983482341 0.0466615125684 0.0279486206169 0.022425651779 0.035583785084 0.468302908133 0.00146627541132 0.0113752274923 0.0266861699782 0.00703990842501 0.0235288597206 0.00436255433996 0.0173693149552 0.0250405106841 0.0119304349261 0.00475254327682 0.0178758834587 0.0658741263844 -0.0217069986472 0.0191194570966 0.0275269821503 0.065814960738 0.0263217697152 0.0116817942561 0.0257987062506 -0.00178181836085 0.0126090025306 0.0198680048471 
0.019016379588 0.00931949506127 0.00881679598376 -0.0140895268734 0.0233215696889 -0.000721714040125 0.0276000052908 0.00605672357614 0.0118923509975 0.0208696638757 0.00393808473695 0.0184936848652 0.0177803399741 0.000618843113404 0.0183055447245 0.0315058021549 0.0195360901946 0.00813068664178 0.00581077683239 0.0174872836365 0.0272354803427 0.0171202467107 0.0135613908405 0.00482006410806 0.00172087221548 0.00683270684434 0.0132555843259 0.00146627541132 0.248336591363 0.00213972766234 0.0149170882899 0.0310826079429 0.00922328304108 -0.00448087121635 0.0270618487652 0.0231898398361 0.0158559089883 0.00239465765421 0.00908271108749 0.0268900348774 -0.00573624737774 0.0319132939284 0.0164950731441 0.0362514686804 0.0134729774498 0.00814597232037 0.00712895716875 0.0189505463929 0.0123051361945 0.0194223528248 
0.0210926519898 0.0180051248785 0.020890889313 0.0530165938135 0.0110253671256 0.00655732936962 0.0118895827727 -0.00103853512655 0.0232281323464 0.0273413048731 0.00388311998606 0.0256174510453 0.0167437929014 0.0418474758259 0.0767651456022 0.0123721919811 0.0224042825636 0.00630461025235 0.0117506176156 0.0576006350457 0.00182085993671 0.0209312288389 0.0233614828973 0.0298865267511 0.0311708536344 0.0314218032831 0.024736860754 0.0113752274923 0.00213972766234 0.323296023413 0.0252647557236 0.0142773211452 0.0308473082699 0.0165433938234 0.00770277554337 0.0543248713831 0.021703102936 0.0206433994369 0.0242723039996 0.0405401781074 0.00492325794742 0.0110460464835 0.0476972435161 0.0025914495483 0.000430716279733 0.015792422352 0.00309653450537 0.0131354806277 0.0104312313507 0.0192261052507 
0.019155532115 0.0230996983193 0.0117324000788 0.0155936726406 0.0162071791661 0.00577974563161 0.00858350762287 0.00437810251981 0.00930418750166 0.0180878209032 0.01562543809 0.0363686787147 0.00384636900881 0.00345458742178 0.0434103481116 0.00789853974376 -0.00248555605674 0.0128805243566 0.0166031010945 0.0239641030408 -0.00128631497564 0.016218749553 0.0195730980533 0.0199868546172 0.024768486457 0.00993689089991 0.0358176484416 0.0266861699782 0.0149170882899 0.0252647557236 0.197770087378 0.0236766729449 0.015681097033 -0.00081811143181 0.00384038220645 0.0154408125419 0.0141885392375 0.0146581700309 0.0184410315378 0.0539672981923 0.00128477588131 0.0252142459902 0.0270188307203 0.00781536579391 0.0164954003035 0.0220612197423 0.0109311902633 0.00142479652431 0.0155809646386 0.00726748282993 
0.011781691639 0.00453433412619 0.0227454268353 -0.0102365099647 0.0100410796507 0.0164672393489 0.0186928448596 0.0116494556772 0.00802505136963 0.0128807689334 0.00620957880127 -0.00814870710606 0.00493437680474 -0.00176317050916 0.0112011992245 0.00472949328867 -0.0052568049226 0.0155348315132 0.00580282214916 0.0147204980352 0.00625730463361 0.0128583449008 0.00686232895294 0.0208604986334 0.00626039579121 -0.00195419410211 0.0055191962894 0.00703990842501 0.0310826079429 0.0142773211452 0.0236766729449 0.179311418266 0.00806824701941 -0.00126533067638 -0.00112247883336 0.00912999086276 -0.00230214227639 0.0133323838043 1.46949973525e-05 -0.000656232418892 0.00919589132077 0.0256612926047 -0.00546205470216 -0.0114073295727 0.0338667048166 0.0074501351777 0.0101444091353 0.00949972989296 0.017980866837 0.013152190242 
0.0251315851495 0.0016634406646 0.029638919947 0.04000860861 0.0308435230988 -0.00459910319588 0.0201426874365 0.0125573887348 0.0132972576398 0.0260139301416 0.00393095615079 0.039012503849 0.0138336250748 0.0278620947678 0.038600027335 0.00175367655471 0.0130591253901 0.00458683838521 0.0289301689929 0.0400734330177 -0.0233052970682 0.0164820652218 2.24770314405e-05 0.0299657992322 0.0290738272343 0.0135255200148 0.0358940444846 0.0235288597206 0.00922328304108 0.0308473082699 0.015681097033 0.00806824701941 0.281047698647 0.0244694146099 0.0292600539794 0.0430329721387 0.0279367320264 0.0145305357876 0.0252034150236 0.0203079438275 0.0152677911168 0.0335735002575 0.0344736183419 0.0566522904152 0.00683117023878 0.0139216397831 0.0159847292336 0.0170692551855 0.014202071802 0.00319980127144 
0.0207259322053 0.00789003382347 0.00422274398264 0.118513913859 0.0144818703463 0.000392384628269 0.0131030720751 0.0118623724011 0.00679045917499 0.0171439310343 0.0341205149874 0.0253998352647 0.00687810875397 0.0943311068601 0.0277146401949 0.02188671078 0.0113264351027 0.00855656244379 0.0089481178671 0.0142744547708 -0.00185692086538 -0.00584564128515 -0.000384264725946 0.00779662335473 0.0034777863387 0.0249876655561 0.0225797864004 0.00436255433996 -0.00448087121635 0.0165433938234 -0.00081811143181 -0.00126533067638 0.0244694146099 0.226989253767 -0.00607547347156 0.0095074401899 -0.00148986415186 0.0121307019071 0.018106298187 0.018674090218 -0.00452824650492 0.0231696091426 -0.00128467302982 -0.0106167079516 0.0105435230569 -0.00937181270657 0.00280757794204 0.0228360649842 -0.000686686576761 0.00113146153177 
0.0134583642862 -0.00367315839657 0.0038102761065 0.0326354111969 0.0147895893245 0.00643475121398 0.0187812674421 0.0106150483785 0.011098141012 0.038299535578 0.0124220809136 0.00376588069182 0.0416317859766 0.016130259096 0.0336870583366 0.0195201003802 0.0288244666083 0.0320779777432 0.00758686388541 0.0338034307837 0.0201885380358 0.0160192726127 -7.03628160316e-05 -0.0125284505477 0.010356536815 0.0112460107696 0.0248325588959 0.0173693149552 0.0270618487652 0.00770277554337 0.00384038220645 -0.00112247883336 0.0292600539794 -0.00607547347156 0.35747491938 0.0308714452711 0.0163110170459 0.015982152749 -0.00925616657664 0.0243026277378 0.00235033564811 -0.00363704945836 0.0223557563511 0.243125575701 0.0182594339298 0.0125429051009 0.0135681626491 -7.73699203885e-05 0.0235189254523 0.00968561232926 
0.0181067438161 0.0139666339428 0.0117864693145 0.0433933502346 0.0208422595569 -0.00147912788788 0.0136958115068 0.0101214041759 0.0476086103014 0.0262460832306 0.0141221697728 0.0355914244475 0.00966591039584 0.0469217548965 0.0929720543981 0.0133451280337 0.0214657548799 0.014919041141 0.00815980736791 0.0376201943869 0.00278237073374 0.0262395058335 0.0258096853933 0.0233116375968 0.0298757481129 0.0448645067655 0.0275948308763 0.0250405106841 0.0231898398361 0.0543248713831 0.0154408125419 0.00912999086276 0.0430329721387 0.0095074401899 0.0308714452711 0.367378011633 0.00940517054965 0.0316198591208 -0.00768180583753 0.029572501182 0.00142529689876 0.0514097733429 0.104234650551 0.0245806680123 0.0112250916997 0.0272033515685 0.00393919629528 0.0178610234332 0.00824139866315 0.0275321974437 
0.0366757762431 0.0258547138046 0.0205173992081 0.00927954591136 0.0377845228724 0.0164307651095 0.0126690525043 0.0277193328457 0.0022842599082 0.023067230497 0.0352842519282 0.034618790265 0.0117879530788 -0.00040184986353 0.0518288456475 0.00137354258575 0.00416918398 0.0177952055317 0.00590339229985 0.028747822674 0.012436330413 0.0207597026562 0.016925474738 0.00595504504257 0.0107085790486 0.00442574134446 0.0305668124072 0.0119304349261 0.0158559089883 0.021703102936 0.0141885392375 -0.00230214227639 0.0279367320264 -0.00148986415186 0.0163110170459 0.00940517054965 0.448079610773 0.023662656022 0.0297936145826 0.0412271084054 0.0156038179872 0.0182901476854 0.0436191687576 0.0932281341063 0.0246393081661 0.0430020786334 0.0273063687457 0.0194855929268 0.0170440368484 0.024915633847 
0.0107389276992 0.0103544397445 0.0180570006337 0.00472203884377 0.0149606052203 0.00527051633721 0.0149036810769 -0.00625608318096 0.00935307440517 0.0142447510646 0.0100474117407 0.0214191338736 -0.0022185402835 0.0230755578917 0.0290760978207 0.00460427972806 0.0183692938648 0.0126562471486 0.00825685821243 0.0391644966312 0.017245469505 0.0307592776262 0.00220389278476 0.0180160230504 0.0134427259921 0.0218666322294 0.0201673282693 0.00475254327682 0.00239465765421 0.0206433994369 0.0146581700309 0.0133323838043 0.0145305357876 0.0121307019071 0.015982152749 0.0316198591208 0.023662656022 0.135273211929 -0.00133690074658 0.0328697324813 -0.00499290013194 0.00744870182158 0.0201525289503 0.0166729061357 0.0192316871671 0.0227697232774 0.012503479485 0.0197675722527 0.0137524343446 0.00755880684421 
0.019051312989 0.00128980573578 0.0029051752908 -0.00139106685093 0.0076246109111 0.00764056082277 0.0199157725822 0.00604258549452 0.00503582906143 0.0213326790517 0.0105384594947 0.0357689344145 0.0193861786717 0.00484499292846 0.0229066842057 -0.00631112783074 0.00295399437521 0.00912064770826 0.0175635429778 0.00538705425787 0.0192165098943 0.00179391439708 0.00300500937643 0.0107850751806 0.0191940380171 0.0060859211911 0.0126918672907 0.0178758834587 0.00908271108749 0.0242723039996 0.0184410315378 1.46949973527e-05 0.0252034150236 0.018106298187 -0.00925616657664 -0.00768180583753 0.0297936145826 -0.00133690074658 0.31804755899 0.0226656731394 0.000286779698799 0.0194962985251 0.0086983175864 0.0229196020823 0.0170835092973 0.0225951108141 0.0207977140087 0.0133428070949 0.00708446677918 0.017254673807 
0.033650473015 0.025450777312 0.0429968285687 0.0799184277284 0.0152130510319 -0.00594651880258 0.0341028659831 0.0339369344868 0.00759931591879 0.0284938163163 0.0270185072052 0.235655247592 0.00821876317287 0.0571240428679 0.0610788429726 0.0184164399864 0.0482088572274 0.00786046890701 0.00756948104062 0.0509595039103 0.0516088026393 0.0482325586922 0.0206010075406 0.033769896858 0.0427999890817 0.0273211292588 0.0649235035288 0.0658741263844 0.0268900348774 0.0405401781074 0.0539672981923 -0.000656232418892 0.0203079438275 0.018674090218 0.0243026277378 0.029572501182 0.0412271084054 0.0328697324813 0.0226656731394 0.521297662696 0.00780186187381 0.0328811337461 0.0546643790093 0.0239542153785 0.028079994489 0.0584415914156 0.0343715289863 0.0155281616444 0.0323373866137 0.0419238349615 
-0.0100229990499 -0.00885864768735 -0.0036076611811 0.0035936521885 0.0105942623368 0.0200426395738 -0.00358078635914 0.00436461772607 0.0086609190997 0.00653540706461 0.0110742020737 0.00706465442186 0.00330585892627 -0.00989170316373 0.0183371359028 0.0133537975655 -9.15012228951e-05 -0.00013725903782 0.00358185424086 0.0111389094335 -0.0325809847213 -0.0124373677085 0.0366491470349 -0.00437189784305 -0.00406535282438 -0.000145575398248 0.00544332248304 -0.0217069986472 -0.00573624737774 0.00492325794742 0.00128477588131 0.00919589132077 0.0152677911168 -0.00452824650492 0.00235033564811 0.00142529689876 0.0156038179872 -0.00499290013194 0.000286779698799 0.00780186187381 1.37021364092 0.0144843970526 -0.0139034812478 0.00570807104607 -0.00831761035447 -0.0177992257748 0.010100680108 -0.00428733677943 -0.00555581056573 0.00765194017875 
0.0222981724055 0.0229215717815 0.0246896491796 0.0297419892059 0.0271013690164 0.00533386089048 0.00797927718177 0.0237857970247 0.0634257734783 0.0225268121478 0.0189598041127 0.0296613128106 0.012975413744 0.0307189914862 0.0284824933817 0.00594484832881 0.0212410986895 0.0132857921567 0.0175949767056 0.0241743358045 0.00660027071057 0.0303825691977 0.0177808623316 0.0378036947697 0.0231254717489 0.0127872559261 0.0202218015104 0.0191194570966 0.0319132939284 0.0110460464835 0.0252142459902 0.0256612926047 0.0335735002575 0.0231696091426 -0.00363704945836 0.0514097733429 0.0182901476854 0.00744870182158 0.0194962985251 0.0328811337461 0.0144843970526 0.251207323696 0.0188836011143 -0.013522677494 0.0216065004478 0.0261282672306 0.0309297596668 0.0270185289277 0.0111154711434 0.00478504082767 
0.0241971280075 0.00832433988432 0.0369642567524 0.0729911816011 0.0186479578736 -0.00981111716655 0.0163067116537 0.0111119468593 0.0302372121173 0.0266852788596 0.0207371648971 0.0407650999089 -0.0196784610948 0.0515813010708 0.0485224270009 -0.0257902576523 0.0104695304816 0.0133494083558 0.0131699417751 0.0828822582268 0.0328760648266 -0.00172387300502 0.0992362601818 0.0275938438553 0.0258070726327 0.0411456442685 0.0389986224008 0.0275269821503 0.0164950731441 0.0476972435161 0.0270188307203 -0.00546205470216 0.0344736183419 -0.00128467302982 0.0223557563511 0.104234650551 0.0436191687576 0.0201525289503 0.0086983175864 0.0546643790093 -0.0139034812478 0.0188836011143 0.891290956842 0.0968875668761 0.000298453734905 0.0689523378239 0.0217630728866 0.00358134770636 0.0120057727954 -0.0342860748934 
0.0099715840787 0.0234899583202 0.00405486770587 4.0372820951e-05 0.0491280051355 -0.00412086397237 0.0203833293611 0.0197319582753 0.0321353167858 0.0119921230603 0.00293172030797 0.0258075216837 0.0281913653172 0.0155956762663 0.0831189379999 0.0208752369309 0.0208791000324 0.00114302706822 0.00155812486378 0.040582784762 0.00964243028921 0.0103460192375 0.00133540409699 0.0333566654056 0.00349067686341 0.00568483877336 0.0450420103136 0.065814960738 0.0362514686804 0.0025914495483 0.00781536579391 -0.0114073295727 0.0566522904152 -0.0106167079516 0.243125575701 0.0245806680123 0.0932281341063 0.0166729061357 0.0229196020823 0.0239542153785 0.00570807104607 -0.013522677494 0.0968875668761 2.25456618075 0.010283988423 0.00165867918453 0.00890016888507 0.036957999738 0.00759548466365 0.00849929669773 
0.012806874571 0.0128203453685 0.0306126625698 0.0282143616258 0.00829509134995 0.00745885431514 0.0218746973272 0.0399259651271 0.00132752404731 0.00251622716453 0.0175254397814 0.0588256294484 0.0228676262719 -0.000257052947701 -0.0100691629624 0.038199427996 0.0118249806124 -0.0152651405809 0.0170863106746 0.0174446811942 0.0231874032243 0.0257921864732 0.030463069029 0.0220767493297 0.030114093855 0.00636753467938 0.0153426549422 0.0263217697152 0.0134729774498 0.000430716279733 0.0164954003035 0.0338667048166 0.00683117023878 0.0105435230569 0.0182594339298 0.0112250916997 0.0246393081661 0.0192316871671 0.0170835092973 0.028079994489 -0.00831761035448 0.0216065004478 0.000298453734907 0.010283988423 0.644690024159 0.0352428551441 0.0364448706436 0.0177325388 0.0121025743226 0.0473617438949 
0.023964252341 0.00393657199857 0.0339883823023 0.00261329368952 0.0250405453514 0.00231964409079 0.0334334380764 0.013679673342 0.00824592622018 0.0333362577636 0.0329889222751 0.044861881943 0.0195170325789 0.00622082599336 0.0391757668136 0.0211040141024 0.00830554293634 0.0120220619897 0.00876001622233 0.0350138842347 0.064460185911 0.0369084188002 0.0243006467324 0.0132472993535 0.0323621849756 0.00594614149662 0.0234051182163 0.0116817942561 0.00814597232037 0.015792422352 0.0220612197423 0.0074501351777 0.0139216397831 -0.00937181270657 0.0125429051009 0.0272033515685 0.0430020786334 0.0227697232774 0.0225951108141 0.0584415914156 -0.0177992257748 0.0261282672306 0.0689523378239 0.00165867918453 0.0352428551441 0.328346930909 0.0235455162053 0.00139880434204 -0.000590529158251 0.0259272231586 
0.026413131984 0.00725997682818 0.0259924007088 0.00690520188917 0.0404149789572 0.0169097707104 0.0198417832852 0.039024074915 0.00946433666682 0.045690218593 0.0195125007288 0.0347979352174 0.0148717737323 0.0149167291087 0.033485857425 0.0408166254806 0.0189357022849 -0.000526666954175 0.011675003902 0.012691753179 0.0435810908776 0.00976158294913 0.0144294023666 0.0202916144134 0.0217696607054 0.013027863962 0.0265139009001 0.0257987062506 0.00712895716875 0.00309653450537 0.0109311902633 0.0101444091353 0.0159847292336 0.00280757794204 0.0135681626491 0.00393919629528 0.0273063687457 0.012503479485 0.0207977140087 0.0343715289863 0.010100680108 0.0309297596668 0.0217630728866 0.00890016888507 0.0364448706436 0.0235455162053 0.200648140391 0.0216830227698 0.0140796329775 0.036387705101 
0.0320309027533 0.0581401281473 0.0177025516907 0.0156308191234 0.033434591727 0.01113347297 0.0140852476772 0.0212243762538 0.00417220268485 0.0276380724345 0.013145943559 0.0275508979758 0.0231479555462 0.0195540611713 0.0270612853294 0.000335644056991 0.0203211250699 0.0154978445743 0.0220011337507 0.0276721485722 0.0601702788214 0.0158072800931 0.0208678923684 0.0106482730044 0.00559513439065 0.0157291772354 0.0359357362642 -0.00178181836085 0.0189505463929 0.0131354806277 0.00142479652431 0.00949972989296 0.0170692551855 0.0228360649842 -7.73699203885e-05 0.0178610234332 0.0194855929268 0.0197675722527 0.0133428070949 0.0155281616444 -0.00428733677943 0.0270185289277 0.00358134770636 0.036957999738 0.0177325388 0.00139880434204 0.0216830227698 0.244828402663 0.0104193170897 0.0128484405783 
