30
0.0704019073317 0.0471087328402 0.0396221554001 0.140066530531 0.090319564185 0.0501755430095 0.0793031051092 0.118814959333 0.0711634289065 0.149246593495 0.0206637964956 0.070265204238 0.0254158643172 0.0716450377603 0.0646745186267 0.0522861094618 0.0442487549982 0.0755152896869 0.0533286406295 0.0255776045185 0.148705689344 0.0512444991133 0.0347696809731 0.066200000993 0.0266110290159 0.0538205376978 0.0511846892664 0.0296866664977 0.0151091702759 0.107116270008 
0.282706343224 0.0313804259905 0.0449188304786 0.0714710711507 0.0272095403407 0.0316277020127 0.0406514608629 0.0509394308495 0.0125255476242 0.0592266790634 0.0266315565771 0.0034697932837 0.0399857101248 0.0352277257996 0.00212949848139 0.0419273496916 0.0203593114727 0.0203490517924 0.0273350719407 0.0233560760929 0.0233816379694 0.0344703721391 0.032672406197 0.0224665980189 0.0158797746382 0.0356455393527 0.0205330236904 0.0480586964889 0.0167822843423 0.0494382883211 
0.0313804259905 0.244692248089 0.00401350544933 0.00466194174639 -0.00611228117399 0.0153002157172 -0.00657010456925 0.00288787542806 0.0027882397529 0.131728082217 0.0173282643813 0.023375429358 0.00759582752887 0.0158548042005 0.0278000566812 0.016122159864 0.0123790878178 0.0115287817364 0.00252823549762 0.0202352562136 0.0148825222617 0.0253576466547 0.0133820979321 0.0100355538942 0.0162076257079 0.00863358127738 0.0102669909928 0.0207154794802 0.00957218980852 0.0190985350223 
0.0449188304786 0.00401350544933 0.189767306606 0.0226841342503 0.016569576653 0.0131470211721 0.0398973254665 0.0134230638613 -0.0013617909539 0.00879250660618 0.0259858551127 0.0121091324853 0.0106947054637 0.00675247105268 0.0169527887455 0.015028735916 0.0093783970589 0.00971813707108 0.0299176971843 0.0210027498503 0.0230880753389 0.0198000163072 0.011152314648 0.0205191103109 0.0236366648535 0.0458978644695 0.009540122973 0.0403086353106 0.0170914399463 0.0160964868492 
0.0714710711507 0.00466194174639 0.0226841342503 1.45446117761 0.0119495709892 0.00578932544648 0.0196071610913 0.0367010554576 2.42812474743e-05 0.0225099928592 0.0186713307794 0.00570214656987 0.00964657927282 0.00673744125141 0.0172002364222 0.0587858294007 0.0226720518722 0.0161957401004 0.0135269341668 0.00504690940216 0.0103894841493 0.0185762955572 0.0306018690062 0.00917064209265 0.020226063209 0.0193402263562 0.000574375812603 0.0229079301824 0.0109456866279 0.0298486746684 
0.0272095403407 -0.00611228117399 0.016569576653 0.0119495709892 0.612317551663 0.0218539095747 0.0434829707808 0.0192913214769 0.0178389740416 -0.00361722461309 0.013929819364 0.00896066480483 0.0131660128626 0.00675276644669 0.0242388005464 0.0518073463531 0.0107866913316 0.0285861279736 0.0373471789788 0.0238838357077 0.0318558452608 0.0195231731554 0.0272308853976 0.0424295039278 0.00935538943455 0.0154250510488 0.031333557112 0.0388610091559 0.0220698968278 0.0218165255486 
0.0316277020127 0.0153002157172 0.0131470211721 0.00578932544648 0.0218539095747 0.32130929752 0.0435440852206 0.0280258571556 0.0280635085169 0.0212593031901 0.0136485230016 0.0163840114111 0.0355233659738 0.00306859439561 0.0146684602063 0.0180491400389 0.00931561647334 0.0157132479003 0.00955649945716 0.00417709835499 0.0275721971304 0.0286573555589 0.0271085410444 0.0144072387179 0.0269776666057 0.0129796964433 0.0132134995015 0.0119927428646 0.00761951413842 0.0352229614926 
0.0406514608629 -0.00657010456925 0.0398973254665 0.0196071610913 0.0434829707808 0.0435440852206 0.399842534403 0.0461581330614 0.061132873824 -0.00703853706353 0.0188050368436 0.0142969010472 0.0449222780651 0.0304123585721 0.0103347220848 0.0241145481175 0.00979517753661 0.00166084515565 0.014191684803 0.0156619174884 0.0383840318974 0.0531583538573 0.0269893715755 0.0303144037103 0.0156001567694 0.0213469948518 0.0260231865223 0.0294307397029 0.0273604084573 0.0138326032887 
0.0509394308495 0.00288787542806 0.0134230638613 0.0367010554576 0.0192913214769 0.0280258571556 0.0461581330614 0.501941399576 -0.00195402717759 0.0619238393991 0.00497524797134 0.00069547725505 0.0291903003581 0.0152959367069 0.0360448357401 0.0249305899443 0.0146769172472 -0.0143508034933 0.0378166664662 0.0209653081687 0.0357364731751 0.0240272151823 0.0180058724528 -0.00121577157169 0.0204390154633 0.00806833396803 0.0433969998138 0.0118778485552 0.0178912143553 0.057084428482 
0.0125255476242 0.0027882397529 -0.0013617909539 2.42812474737e-05 0.0178389740416 0.0280635085169 0.061132873824 -0.00195402717759 0.595900100051 0.00486768369087 0.0148046128217 -0.00508330719297 0.0139925143838 0.00589194034853 -0.00138263656998 0.0205486828795 0.00784039630258 0.23297056623 0.0168809005956 0.0237257917756 0.00857207322439 0.00689423389452 0.011831158942 -0.0112170279766 0.00459523651866 0.00682408328902 0.00846617394379 0.00860268308769 0.00535181483923 0.0184955958292 
0.0592266790634 0.131728082217 0.00879250660618 0.0225099928592 -0.00361722461309 0.0212593031901 -0.00703853706353 0.0619238393991 0.00486768369087 0.578369647297 0.00873783410336 0.0330465719913 0.0320132008326 -0.00652804595436 0.0366267808433 0.0298782330469 0.0155840499684 0.0175079604444 0.0100424945509 0.00691714053666 0.0165731032532 0.042142852975 0.0358314638534 0.0228131802566 0.0363968250567 0.0163196072545 0.0151587059451 0.0279454499378 0.0106285579725 0.0587545882314 
0.0266315565771 0.0173282643813 0.0259858551127 0.0186713307794 0.013929819364 0.0136485230016 0.0188050368436 0.00497524797134 0.0148046128217 0.00873783410336 0.158790521076 0.015020624147 0.016564310289 0.0161950997451 0.0190257375087 0.0187869121676 0.0280613639303 0.00644081923219 0.00801055815814 0.0180032555751 0.0169535598533 0.00253866118939 0.0280593734922 0.0226813683005 0.0128236595801 0.0334533369289 -0.00192455750391 0.0328911015868 0.020048163622 0.00479655713731 
0.0034697932837 0.023375429358 0.0121091324853 0.00570214656986 0.00896066480483 0.0163840114111 0.0142969010472 0.00069547725505 -0.00508330719297 0.0330465719913 0.015020624147 0.980551062704 0.0221931077601 -0.0115148768312 0.00392615051922 0.000638335734293 0.0178811862301 0.0454411808033 -0.00208971869126 -0.00495302549449 0.0196079841013 0.034355694353 -0.000863055908259 0.0389750830578 0.00145766187279 0.0173516624326 0.00174445702665 0.00449349188295 0.0194239922699 0.00191021113306 
0.0399857101248 0.00759582752887 0.0106947054637 0.00964657927282 0.0131660128626 0.0355233659738 0.0449222780651 0.0291903003581 0.0139925143838 0.0320132008326 0.016564310289 0.0221931077601 0.295639310301 0.0139369661528 -0.00300329007394 0.0232740972473 0.0108894044281 0.0050555182549 0.00629347398878 0.00930152948488 0.0235560648667 0.0233820262241 0.0135608061088 0.0178441372136 0.0214762080744 0.0229457268789 0.0176192852954 0.0277526677717 0.0101110987177 0.0181155915116 
0.0352277257996 0.0158548042005 0.00675247105268 0.00673744125141 0.00675276644669 0.00306859439561 0.0304123585721 0.0152959367069 0.00589194034853 -0.00652804595436 0.0161950997451 -0.0115148768312 0.0139369661528 0.469549791352 0.0259027631342 0.016202678432 0.0150059150558 0.0195265136917 0.0231521322628 0.00537872677705 0.0242425664379 0.00930209182243 0.0218848811337 0.0130953540503 0.00576383575695 0.00766644466879 -0.00756236598895 0.0143891329357 0.00119062777513 0.0333914938478 
0.00212949848139 0.0278000566812 0.0169527887455 0.0172002364222 0.0242388005464 0.0146684602063 0.0103347220848 0.0360448357401 -0.00138263656998 0.0366267808433 0.0190257375087 0.00392615051922 -0.00300329007394 0.0259027631342 0.515289677574 0.0190702706754 0.0151212773773 0.030282231701 0.00972045875412 0.00746805404268 0.00966397252041 0.0149930569437 -0.00172670501926 0.0516597591284 0.0171094748717 0.0423042194181 0.0233100101947 0.0252552289558 0.00702277089827 0.019222149382 
0.0419273496916 0.016122159864 0.015028735916 0.0587858294007 0.0518073463531 0.0180491400389 0.0241145481175 0.0249305899443 0.0205486828795 0.0298782330469 0.0187869121676 0.000638335734293 0.0232740972473 0.016202678432 0.0190702706754 0.314455219521 0.0144033058608 0.0022198631132 0.0249033302306 0.0095120315643 0.0553272887356 0.02146160875 0.0357011634083 0.0336594495967 0.00343337905873 0.0263946617296 0.0435220387384 0.0092523008631 0.0193826220006 0.054876712165 
0.0203593114727 0.0123790878178 0.0093783970589 0.0226720518722 0.0107866913316 0.00931561647334 0.00979517753661 0.0146769172472 0.00784039630258 0.0155840499684 0.0280613639303 0.0178811862301 0.0108894044281 0.0150059150558 0.0151212773773 0.0144033058608 0.267876599704 0.00220509879326 0.0149607241418 -0.00541002070158 0.0913992634108 0.0117483310647 0.0201001308376 0.01750514597 -0.0018906113821 0.00429560325889 0.0197539915508 0.0259285360737 0.00686625119927 0.0280867740166 
0.0203490517924 0.0115287817364 0.00971813707108 0.0161957401004 0.0285861279736 0.0157132479003 0.00166084515565 -0.0143508034933 0.23297056623 0.0175079604444 0.00644081923219 0.0454411808033 0.0050555182549 0.0195265136917 0.030282231701 0.0022198631132 0.00220509879326 0.76406518189 -0.00217939868389 0.00431239955655 0.0328780610241 0.00658479459244 0.0147012662885 0.04182311076 -0.00178497640519 0.017130262294 0.02238649222 0.00756537454649 0.0131684472942 0.000270608802658 
0.0273350719407 0.00252823549762 0.0299176971843 0.0135269341668 0.0373471789788 0.00955649945716 0.014191684803 0.0378166664662 0.0168809005956 0.0100424945509 0.00801055815814 -0.00208971869126 0.00629347398878 0.0231521322628 0.00972045875412 0.0249033302306 0.0149607241418 -0.00217939868389 0.268980610672 0.0165603725179 0.0109094198437 0.0183181958548 0.0229473513336 0.0178540855512 0.00738179408279 0.0140865890245 0.0141066421577 0.0126989615496 0.0117161398657 0.0202296680579 
0.0233560760929 0.0202352562136 0.0210027498503 0.00504690940216 0.0238838357077 0.00417709835499 0.0156619174884 0.0209653081687 0.0237257917756 0.00691714053666 0.0180032555751 -0.00495302549449 0.00930152948488 0.00537872677705 0.00746805404268 0.0095120315643 -0.00541002070158 0.00431239955655 0.0165603725179 0.324945835325 0.0129825168589 0.0137350277763 0.00506614788369 0.0217819111495 -0.00388409884612 0.0253453089332 -0.000887357684871 0.026422350866 0.0126878310455 0.0281009554083 
0.0233816379694 0.0148825222617 0.0230880753389 0.0103894841493 0.0318558452608 0.0275721971304 0.0383840318974 0.0357364731751 0.00857207322439 0.0165731032532 0.0169535598533 0.0196079841013 0.0235560648667 0.0242425664379 0.00966397252041 0.0553272887356 0.0913992634108 0.0328780610241 0.0109094198437 0.0129825168589 0.638399340201 0.0347090839399 0.0184247206494 -0.00197444276489 0.0104207052507 0.0147409472367 0.0408950456901 0.0149444725563 -0.00385712352918 0.0939652893224 
0.0344703721391 0.0253576466547 0.0198000163072 0.0185762955572 0.0195231731554 0.0286573555589 0.0531583538573 0.0240272151823 0.00689423389452 0.042142852975 0.00253866118939 0.034355694353 0.0233820262241 0.00930209182243 0.0149930569437 0.02146160875 0.0117483310647 0.00658479459244 0.0183181958548 0.0137350277763 0.0347090839399 0.27265195298 0.0263479489364 0.00866776868894 0.00953128402964 0.0163849751622 0.0349482014983 0.0290284668945 0.0206441246759 0.046809035224 
0.032672406197 0.0133820979321 0.011152314648 0.0306018690062 0.0272308853976 0.0271085410444 0.0269893715755 0.0180058724528 0.011831158942 0.0358314638534 0.0280593734922 -0.000863055908259 0.0135608061088 0.0218848811337 -0.00172670501926 0.0357011634083 0.0201001308376 0.0147012662885 0.0229473513336 0.00506614788369 0.0184247206494 0.0263479489364 0.237408180978 0.00783323796726 0.0221649173842 0.0223104554547 0.0304044388681 0.0306018567497 0.0135062669894 0.0392664619845 
0.0224665980189 0.0100355538942 0.0205191103109 0.00917064209265 0.0424295039278 0.0144072387179 0.0303144037103 -0.00121577157169 -0.0112170279766 0.0228131802566 0.0226813683005 0.0389750830578 0.0178441372136 0.0130953540503 0.0516597591284 0.0336594495967 0.01750514597 0.04182311076 0.0178540855512 0.0217819111495 -0.00197444276489 0.00866776868894 0.00783323796726 0.650938708628 0.0389248356806 0.0219199346698 -0.00215421049525 0.0167423934128 0.0238204056916 0.0287920653872 
0.0158797746382 0.0162076257079 0.0236366648535 0.020226063209 0.00935538943455 0.0269776666057 0.0156001567694 0.0204390154633 0.00459523651866 0.0363968250567 0.0128236595801 0.00145766187279 0.0214762080744 0.00576383575695 0.0171094748717 0.00343337905873 -0.0018906113821 -0.00178497640519 0.00738179408279 -0.00388409884612 0.0104207052507 0.00953128402964 0.0221649173842 0.0389248356806 0.290664756192 0.0200419059921 0.00745288470596 0.0316764992461 0.0239362214824 0.0225801888851 
0.0356455393527 0.00863358127738 0.0458978644695 0.0193402263562 0.0154250510488 0.0129796964433 0.0213469948518 0.00806833396803 0.00682408328902 0.0163196072545 0.0334533369289 0.0173516624326 0.0229457268789 0.00766644466879 0.0423042194181 0.0263946617296 0.00429560325888 0.017130262294 0.0140865890245 0.0253453089332 0.0147409472367 0.0163849751622 0.0223104554547 0.0219199346698 0.0200419059921 0.306860710896 -0.00832687096692 0.044040455914 0.0186644707819 0.0234924372873 
0.0205330236904 0.0102669909928 0.009540122973 0.000574375812603 0.031333557112 0.0132134995015 0.0260231865223 0.0433969998138 0.00846617394379 0.0151587059451 -0.00192455750391 0.00174445702665 0.0176192852954 -0.00756236598895 0.0233100101947 0.0435220387384 0.0197539915508 0.02238649222 0.0141066421577 -0.000887357684871 0.0408950456901 0.0349482014983 0.0304044388681 -0.00215421049525 0.00745288470596 -0.00832687096692 0.337883633358 0.0189086170404 0.00195291543512 0.0341819520321 
0.0480586964889 0.0207154794802 0.0403086353106 0.0229079301824 0.0388610091559 0.0119927428646 0.0294307397029 0.0118778485552 0.00860268308769 0.0279454499378 0.0328911015868 0.00449349188295 0.0277526677717 0.0143891329357 0.0252552289558 0.0092523008631 0.0259285360737 0.00756537454649 0.0126989615496 0.026422350866 0.0149444725563 0.0290284668945 0.0306018567497 0.0167423934128 0.0316764992461 0.044040455914 0.0189086170404 0.226345686341 0.0275153862361 0.0287390337345 
0.0167822843423 0.00957218980852 0.0170914399463 0.0109456866279 0.0220698968278 0.00761951413842 0.0273604084573 0.0178912143553 0.00535181483923 0.0106285579725 0.020048163622 0.0194239922699 0.0101110987177 0.00119062777513 0.00702277089827 0.0193826220006 0.00686625119927 0.0131684472942 0.0117161398657 0.0126878310455 -0.00385712352918 0.0206441246759 0.0135062669894 0.0238204056916 0.0239362214824 0.0186644707819 0.00195291543512 0.0275153862361 0.15697810655 0.0163127790464 
0.0494382883211 0.0190985350223 0.0160964868492 0.0298486746684 0.0218165255486 0.0352229614926 0.0138326032887 0.057084428482 0.0184955958292 0.0587545882314 0.00479655713731 0.00191021113306 0.0181155915116 0.0333914938478 0.019222149382 0.054876712165 0.0280867740166 0.000270608802658 0.0202296680579 0.0281009554083 0.0939652893224 0.046809035224 0.0392664619845 0.0287920653872 0.0225801888851 0.0234924372873 0.0341819520321 0.0287390337345 0.0163127790464 0.542560745086 

['GS', 'CVX', 'CBSS', 'NAV', 'DRI', 'MHP', 'LUV', 'SUNW', 'ACS', 'EOG', 'AIG', 'NFB', 'CCL', 'SYMC', 'SNA', 'ASD', 'DIS', 'SYK', 'ECL', 'HRB', 'MU', 'TIN', 'HON', 'AVP', 'AMGN', 'GDW', 'NCR', 'AXP', 'KMB', 'NSM']