30
0.0246645675501 0.0240188564254 0.066200000993 0.0535662105727 0.0446705301477 0.100974868985 0.0206012582373 0.0354646018646 0.0353466838873 0.0314738433907 0.136312174374 0.101481112582 0.045915457725 0.0347696809731 0.0223320424584 0.0800378705657 0.0273717205438 0.0794924924591 0.0970140476379 0.00873698993333 0.0669692816613 0.0534443631468 0.147407151382 0.0270000307956 0.0429032651101 0.0210054402465 0.0297585566085 0.0479675113811 0.0265193363437 0.0565518641406 
0.176488786496 0.0159826261879 0.0361910115627 0.0280948137895 0.0181407104689 -0.000345056424242 0.0206195633232 0.0181857114589 0.0556466862981 0.0193166284026 -0.0088638742655 0.00853981493064 0.0177037591116 0.00633788543431 0.0038913115653 0.0121179389138 0.0144460587355 0.0267235664878 0.0508362588503 0.0140348251846 0.00730331952139 0.00748492865597 0.008364937494 0.020269713561 0.0224926968833 0.0194778351325 0.0214850614494 0.0144504265844 0.0124659924556 0.0237273102486 
0.0159826261879 0.198261440248 0.0322167134313 0.021729679246 0.0190819548155 0.0274057823043 0.0384278633651 0.00270276220526 0.0228839992359 0.00304126658638 -0.0100866959825 0.012071855204 0.0158068618935 0.0224794779732 0.0152661769759 0.032881550436 0.0141098899246 0.0347798518435 0.036225744261 0.0193856896673 0.0196008661835 0.0269763620501 0.0163006971927 0.0379481693505 0.0233955387263 -0.00105663383301 0.0187489801746 0.0240537328274 0.0233904473768 0.0167807238953 
0.0361910115627 0.0322167134313 0.651894574466 0.0350827655056 -0.0133191269762 0.0291751328422 0.0189180424505 0.0134703446323 0.0180201764511 0.0136477404103 0.0141236786995 0.0121183059689 -0.000765026075938 0.00653666965046 0.00434818067119 0.00507806763637 0.0256495472922 0.028584247818 0.0425197503368 0.0200647764117 0.0300057704395 0.0306640941683 0.00450334386951 0.0293488022559 0.0223447751547 0.00906214472545 0.0165584386241 0.0404567692793 0.0134034345043 0.0354903262782 
0.0280948137895 0.021729679246 0.0350827655056 0.209560035846 0.0150765184372 0.0194749257347 0.0202226267683 0.0243218368634 0.0243894427697 0.00945427837625 -0.00129209004513 0.00841420406369 0.0200546368156 0.017134020738 0.0085138237292 0.0143322445761 0.0329250143518 0.0255310146453 0.0594289773435 0.0245957541119 0.0256979795457 0.0174897994016 0.0329443517479 0.026680670197 0.0131705001234 0.0138387647184 0.0235021444011 0.0330865480892 0.0199642518905 0.0929856915578 
0.0181407104689 0.0190819548155 -0.0133191269762 0.0150765184372 0.334376117639 0.00960281195789 0.0265403547142 0.00575192454041 0.0139486846647 0.024094709267 -0.00672395523803 0.0320846462428 0.0154388001185 0.0380690602097 -0.00838691327436 0.0321043259712 0.028667395165 0.041901312878 0.0331409351826 0.0193877089848 0.0464570327149 0.0322278608062 0.00789735863455 0.029141848243 0.0490436020476 0.00963228018434 0.0246355405733 0.0103709162731 0.02426007347 0.0270263268371 
-0.000345056424241 0.0274057823043 0.0291751328422 0.0194749257347 0.00960281195789 0.474147043388 0.022211197536 0.00143093873168 0.0220715997342 0.00609452960633 -0.00428227706612 -0.00406711057648 0.0283956019782 0.0393507471224 -0.0047089791447 0.0370175374903 0.0224479190564 0.0463647969386 0.080071214244 0.0128901316965 0.0382076079399 0.016695083034 0.0303438442157 0.035564974509 0.0142188804226 0.01075757848 0.0350751855639 0.00409224992634 0.0162502172962 0.0359399355541 
0.0206195633232 0.0384278633651 0.0189180424505 0.0202226267683 0.0265403547142 0.022211197536 0.189261915719 0.0054211274526 0.0154085026017 0.00821513593015 -0.00406867064488 0.0159478974094 0.0203606876587 0.0199607130243 -0.0019036636914 0.043059827371 0.0159790607403 0.024386953019 0.0283569992682 0.0130583519579 -0.00219920260578 0.021466327713 0.0261965247731 0.0291071162087 0.0357198737531 0.0109178249703 0.0123365868837 0.0100833761011 0.0194335890081 0.01132855744 
0.0181857114589 0.00270276220526 0.0134703446323 0.0243218368634 0.00575192454041 0.00143093873168 0.0054211274526 0.214068717674 0.00889174169638 0.014406474017 -0.0117032333694 0.00917064155475 0.016581516349 0.0125824655219 0.0150250869545 0.00592171546208 0.00687095772524 0.000593127009452 0.0207235990659 0.0126472911056 0.0115147399489 0.00555935314608 0.031399676141 0.00381384471482 0.00337171166211 0.0117705982658 0.0196261217766 0.0163974775491 0.00247608260128 0.0198290031186 
0.0556466862981 0.022883999236 0.0180201764511 0.0243894427697 0.0139486846647 0.0220715997342 0.0154085026017 0.00889174169638 0.261079808913 0.0146164983187 -0.00990759061423 0.00865034283684 0.0283283505215 0.0108287949409 0.00754418164319 0.00516646367418 -0.00495042908022 0.0228582285497 0.0193789072357 0.0111877862289 0.0105838951687 0.015315552602 0.00860834681637 0.0109153079371 0.0167702583944 0.00688199519751 0.0166845260628 0.0840778467859 0.0118117389763 0.0266255588798 
0.0193166284026 0.00304126658638 0.0136477404103 0.00945427837625 0.024094709267 0.00609452960633 0.00821513593015 0.014406474017 0.0146164983187 0.292370231315 -0.00771612653817 0.00463766457464 0.00968845466483 0.00303682907155 0.0011531172339 0.00305578073134 0.0181871221366 0.0249541221966 0.0294455495658 0.011225793604 0.0384573975579 0.00822236352045 0.0294373861177 0.00895614480839 0.0049391501016 0.0186068093878 0.0134215261488 0.0278514862983 0.0405678628361 0.0113823658343 
-0.0088638742655 -0.0100866959825 0.0141236786995 -0.00129209004513 -0.00672395523803 -0.00428227706612 -0.00406867064488 -0.0117032333694 -0.00990759061423 -0.00771612653817 1.94277364698 -0.0183582163287 -0.00579447526618 -0.000150747893966 -0.00888329170695 -0.0157225694323 -0.00926513280833 -0.013132183368 -0.0104490012647 -0.0139646593393 -0.0224123560637 -0.0102969878656 0.00494393167184 -0.0121826088022 -0.00730877873731 -0.00395088267184 0.0013241551868 -0.0112937367346 -0.00451311711778 -0.00183022305285 
0.00853981493064 0.012071855204 0.0121183059689 0.00841420406369 0.0320846462428 -0.00406711057648 0.0159478974094 0.00917064155475 0.00865034283684 0.00463766457464 -0.0183582163287 0.926015307807 0.0542235860013 -0.000449134916313 0.00478130441666 -0.00477850025088 0.0336796479473 0.0328212524479 -0.00227661893732 0.00976646692636 0.0332979276337 0.00223120525271 0.0175337696647 -0.00103483640164 0.00406770428065 -0.00547344551022 -0.0178028417876 -0.00107649117564 0.00357547082679 0.00931807773142 
0.0177037591116 0.0158068618935 -0.000765026075938 0.0200546368156 0.0154388001185 0.0283956019782 0.0203606876587 0.016581516349 0.0283283505215 0.00968845466483 -0.00579447526618 0.0542235860013 0.321273090081 0.0168049169307 0.00174500323962 0.0322771075846 0.00457501051464 0.0300369095792 0.0626734159651 0.00866422081498 0.0481542279229 0.0161754852923 0.0126016754843 0.0121171324591 0.0493672556865 0.00791474925013 0.0254151784938 0.00348162961176 0.0143905377909 0.00933263132633 
0.00633788543431 0.0224794779732 0.00653666965046 0.017134020738 0.0380690602097 0.0393507471224 0.0199607130243 0.0125824655219 0.0108287949409 0.00303682907155 -0.000150747893966 -0.000449134916314 0.0168049169307 0.22876709945 0.00454871911404 0.0423292721868 0.0364531965663 0.0186120053447 0.0265542256943 0.0137839612693 0.0310485339981 0.0436910978261 0.0333141589634 0.0216804537572 0.0618745200859 0.0166178252764 0.0317627750784 0.0253421832317 0.0183803147799 0.00917245629713 
0.0038913115653 0.0152661769759 0.00434818067119 0.0085138237292 -0.00838691327436 -0.0047089791447 -0.00190366369139 0.0150250869545 0.00754418164319 0.0011531172339 -0.00888329170695 0.00478130441666 0.00174500323962 0.00454871911404 0.211294991046 0.0122119384643 -0.00100530246185 0.00586610429036 0.01309640679 0.0137937541111 -0.00177890115133 0.00464567400124 0.0133266908152 0.011027172323 0.000141290995936 0.00501827334421 0.00679034191083 0.018031624596 0.000334599040992 0.00349470847735 
0.0121179389138 0.032881550436 0.00507806763637 0.0143322445761 0.0321043259712 0.0370175374903 0.043059827371 0.00592171546208 0.00516646367418 0.00305578073134 -0.0157225694323 -0.00477850025088 0.0322771075846 0.0423292721868 0.0122119384643 0.374969783688 0.025591994919 0.0170762696981 0.0210440865085 0.0126049911383 0.0506840263051 0.0329599257104 0.00871742157014 0.0380204900865 0.0409314515023 -0.00605656681547 0.00823080827974 0.00858377651463 0.00302335235169 0.0243329281358 
0.0144460587355 0.0141098899246 0.0256495472922 0.0329250143518 0.028667395165 0.0224479190564 0.0159790607403 0.00687095772524 -0.00495042908021 0.0181871221366 -0.00926513280833 0.0336796479473 0.00457501051464 0.0364531965663 -0.00100530246185 0.025591994919 0.236306015181 0.034067026492 0.0459908469043 0.0082701799387 0.0218530440007 0.0202597614588 0.0172134912918 0.0101906781362 0.0231394795082 0.00851626536227 0.0167127359167 0.00841590773039 0.0172695014508 0.0172823164547 
0.0267235664878 0.0347798518435 0.028584247818 0.0255310146453 0.041901312878 0.0463647969386 0.024386953019 0.000593127009452 0.0228582285497 0.0249541221966 -0.013132183368 0.0328212524479 0.0300369095792 0.0186120053447 0.00586610429036 0.0170762696981 0.034067026492 0.343554608946 0.0415861757008 0.000750414643322 0.0300621227787 0.0341270728566 0.0250581682381 0.0267747745521 0.0213827953648 0.00932247627957 0.0516528270374 0.0265168377057 0.0137079123114 0.025855111486 
0.0508362588503 0.036225744261 0.0425197503368 0.0594289773435 0.0331409351826 0.080071214244 0.0283569992682 0.0207235990659 0.0193789072357 0.0294455495658 -0.0104490012647 -0.00227661893732 0.0626734159651 0.0265542256943 0.01309640679 0.0210440865085 0.0459908469043 0.0415861757008 0.58339207889 0.0113209327481 0.0769200607501 0.0438759793778 0.0901322359275 0.0480756848207 0.0304914368557 -0.00579080707313 0.0434824716728 0.0468150943246 0.0147363419372 0.0556785763019 
0.0140348251846 0.0193856896673 0.0200647764117 0.0245957541119 0.0193877089848 0.0128901316965 0.0130583519579 0.0126472911056 0.0111877862289 0.011225793604 -0.0139646593393 0.00976646692636 0.00866422081498 0.0137839612693 0.0137937541111 0.0126049911383 0.0082701799387 0.000750414643322 0.0113209327481 0.112926866003 0.0140390514763 0.0107635338348 0.00191364960896 0.0123968251565 0.00737127315211 0.0239241562825 0.0125397422127 0.0175608810694 0.00988151811 0.019233117342 
0.00730331952139 0.0196008661835 0.0300057704395 0.0256979795457 0.0464570327149 0.0382076079399 -0.00219920260578 0.0115147399489 0.0105838951687 0.0384573975579 -0.0224123560637 0.0332979276337 0.0481542279229 0.0310485339981 -0.00177890115133 0.0506840263051 0.0218530440007 0.0300621227787 0.0769200607501 0.0140390514763 0.475167478055 0.012526872307 0.035830860956 0.0170598623499 0.0388821905085 0.0051134900536 0.0308868494415 0.0245863670858 0.0284008977751 0.0139382501194 
0.00748492865597 0.0269763620501 0.0306640941683 0.0174897994016 0.0322278608062 0.016695083034 0.021466327713 0.00555935314608 0.015315552602 0.00822236352045 -0.0102969878656 0.00223120525271 0.0161754852923 0.0436910978261 0.00464567400124 0.0329599257104 0.0202597614588 0.0341270728566 0.0438759793778 0.0107635338348 0.012526872307 0.306009475532 0.00911340610764 0.0249338750437 0.0827106691463 0.00449445822375 0.0303715676979 0.0224412017746 0.00953893323533 0.014597384692 
0.008364937494 0.0163006971927 0.00450334386951 0.0329443517479 0.00789735863455 0.0303438442157 0.0261965247731 0.031399676141 0.00860834681637 0.0294373861177 0.00494393167184 0.0175337696647 0.0126016754843 0.0333141589634 0.0133266908152 0.00871742157014 0.0172134912918 0.0250581682381 0.0901322359275 0.00191364960896 0.035830860956 0.00911340610764 0.571260698805 0.0272485819973 0.0216560604947 0.00408427780164 0.0117638310811 0.0436090775616 0.0259448132108 0.0379328963885 
0.020269713561 0.0379481693505 0.0293488022559 0.026680670197 0.029141848243 0.035564974509 0.0291071162087 0.00381384471482 0.0109153079371 0.00895614480839 -0.0121826088022 -0.00103483640164 0.0121171324591 0.0216804537572 0.011027172323 0.0380204900865 0.0101906781362 0.0267747745521 0.0480756848207 0.0123968251565 0.0170598623499 0.0249338750437 0.0272485819973 0.220377748528 0.0149519336406 0.00572846279124 0.020098469107 0.0320570598689 0.0107638647266 0.0270878976309 
0.0224926968833 0.0233955387263 0.0223447751547 0.0131705001234 0.0490436020476 0.0142188804226 0.0357198737531 0.00337171166212 0.0167702583944 0.0049391501016 -0.00730877873731 0.00406770428065 0.0493672556865 0.0618745200859 0.000141290995937 0.0409314515023 0.0231394795082 0.0213827953648 0.0304914368557 0.00737127315211 0.0388821905085 0.0827106691463 0.0216560604947 0.0149519336406 0.263026064201 -0.00220765827028 0.054866612494 0.00595589024587 0.0209332893422 0.0125228759853 
0.0194778351325 -0.00105663383301 0.00906214472545 0.0138387647184 0.00963228018434 0.01075757848 0.0109178249703 0.0117705982658 0.00688199519751 0.0186068093878 -0.00395088267184 -0.00547344551022 0.00791474925013 0.0166178252764 0.00501827334421 -0.00605656681547 0.00851626536227 0.00932247627957 -0.00579080707313 0.0239241562825 0.0051134900536 0.00449445822375 0.00408427780164 0.00572846279124 -0.00220765827028 0.133021630963 0.00186398109688 0.00843678275416 0.0138256951471 0.00806571196686 
0.0214850614494 0.0187489801746 0.0165584386241 0.0235021444011 0.0246355405733 0.0350751855639 0.0123365868837 0.0196261217766 0.0166845260628 0.0134215261488 0.0013241551868 -0.0178028417876 0.0254151784938 0.0317627750784 0.00679034191083 0.00823080827974 0.0167127359167 0.0516528270374 0.0434824716728 0.0125397422127 0.0308868494415 0.0303715676979 0.0117638310811 0.020098469107 0.054866612494 0.00186398109688 0.257596683831 0.0302059535277 0.0222912826314 0.0305827473172 
0.0144504265844 0.0240537328274 0.0404567692793 0.0330865480892 0.0103709162731 0.00409224992634 0.0100833761011 0.0163974775491 0.0840778467859 0.0278514862983 -0.0112937367346 -0.00107649117564 0.00348162961176 0.0253421832317 0.018031624596 0.00858377651463 0.00841590773039 0.0265168377057 0.0468150943246 0.0175608810694 0.0245863670858 0.0224412017746 0.0436090775616 0.0320570598689 0.00595589024587 0.00843678275416 0.0302059535277 0.332516912829 0.0446186609098 0.0314346779565 
0.0124659924556 0.0233904473768 0.0134034345043 0.0199642518905 0.02426007347 0.0162502172962 0.0194335890081 0.00247608260128 0.0118117389763 0.0405678628361 -0.00451311711778 0.00357547082679 0.0143905377909 0.0183803147799 0.000334599040991 0.00302335235169 0.0172695014508 0.0137079123114 0.0147363419372 0.00988151811 0.0284008977751 0.00953893323533 0.0259448132108 0.0107638647266 0.0209332893422 0.0138256951471 0.0222912826314 0.0446186609098 0.208398519278 0.0167385769539 
0.0237273102486 0.0167807238953 0.0354903262782 0.0929856915578 0.0270263268371 0.0359399355541 0.01132855744 0.0198290031186 0.0266255588798 0.0113823658343 -0.00183022305285 0.00931807773142 0.00933263132633 0.00917245629713 0.00349470847735 0.0243329281358 0.0172823164547 0.025855111486 0.0556785763019 0.019233117342 0.0139382501194 0.014597384692 0.0379328963885 0.0270878976309 0.0125228759853 0.00806571196686 0.0305827473172 0.0314346779565 0.0167385769539 0.238791432523 

['STI', 'PPG', 'AVP', 'ASN', 'AMAT', 'ODP', 'DD', 'PCG', 'RF', 'MMC', 'KMI', 'CSCO', 'UNM', 'HON', 'CAG', 'NSC', 'TYC', 'JCP', 'DHI', 'KO', 'EK', 'BA', 'SUN', 'ITW', 'COL', 'PEP', 'LLL', 'SWK', 'IFF', 'AIV']