30
0.0884893451388 0.0314514366364 0.0820701074714 0.0254946283421 0.0387981152642 0.0253746335001 0.114001255301 0.0260517267587 0.0298565853869 0.0436219100546 0.0690415105338 0.0395572708053 0.0256056876134 0.0794924924591 0.0340754658053 0.0634276035435 0.0770368317024 0.0590558874601 0.0484031048171 0.0291248595558 0.114457978761 0.478952808182 0.0545718905582 0.0248078828137 0.0131635076039 0.0448147494519 0.0270240384822 0.0262343191133 0.0180781461794 0.0289058353667 
0.483414855354 0.0225819312868 0.0465418868032 0.00529715565839 0.00405107045771 0.0457714949231 0.0170220480606 0.0170437592813 0.00232013810223 0.0240924660446 0.0409182582478 0.0161484449245 0.00901713562545 0.041085254772 0.00960948758078 0.0198901203467 0.0302717453918 0.0191618760274 0.0217099872687 0.0110679474885 -0.0055253660582 0.0780780320677 0.00811848801678 0.0127580194531 0.00594342320543 0.0174125720087 0.0146450992505 0.0187345594145 0.00726342004923 0.0367285384565 
0.0225819312869 0.187121100401 0.025078138258 0.023236245584 0.0215212606387 0.0153002161878 0.0057834462472 0.0163544301535 0.0583880209748 0.046884701964 0.0230339817905 0.0206820737212 0.00943012213023 0.0359366311086 0.0154940828039 0.0273806907648 0.00534422632129 0.00823007099738 0.0144525901078 0.0167074765674 0.00316076022107 -0.00962190247615 0.0196908601282 0.0181618536645 0.0256126863083 0.00769273890763 0.0311178117321 0.0489743253492 0.028896354448 0.0359915089552 
0.0465418868032 0.025078138258 0.488150543886 -0.00351488522706 0.0162901262145 0.00183534406776 0.00443244559159 0.020070132937 0.0173026941296 0.0345987899622 0.0219374475687 0.0145827728037 0.0674661718133 0.0404807280298 0.0114246782131 0.0172977109261 0.0330233360108 0.0156894417053 0.0288714334836 0.0217187147332 0.00148487158703 0.0215030023316 -0.00037173703873 0.0162796243173 -0.00489067872379 0.0310201075412 0.0191702400664 0.0266747679459 0.0171856002971 0.0299294577936 
0.00529715565839 0.023236245584 -0.00351488522706 0.203906993426 0.0185604563577 0.00660689835388 0.00861800362159 0.0158085797762 0.0212152698621 0.0163009559152 0.015015204915 0.00414949089799 0.0102439547132 0.000143139241675 0.0129400885934 0.0023274951444 0.0184180468795 0.0115517733213 0.00410209991448 0.0162584353654 0.0279403658737 -0.011584214099 0.040276019686 0.0014225415095 0.0505326091875 0.0091469534459 0.00349625272222 0.0185905992202 0.00132509829389 0.0153904356313 
0.00405107045772 0.0215212606387 0.0162901262145 0.0185604563577 0.226179842904 0.0314595165861 -0.00245490301903 0.0321698015675 0.0279227011263 0.0574636672746 0.0473936354839 0.00548092738959 0.000336623427322 0.0362010197929 0.00746419992145 0.0510306316719 0.00837729276879 0.0164075052392 0.0462698231124 0.0184116768204 0.0365379056877 -0.00554911003412 0.019563412329 0.022115973406 0.014266662659 0.0180045112061 0.0164933553377 0.0256514617318 0.00887263018619 0.0161612822543 
0.0457714949231 0.0153002161878 0.00183534406776 0.00660689835388 0.0314595165861 0.274320005884 -0.00183834567729 0.0191740609985 0.0259986831841 0.00339815929301 0.0897318272087 0.00139677910634 0.0215929985628 0.0335220447999 0.00416326617321 0.0161364511592 0.0119873769101 -0.0109431059709 0.0296497113935 0.010996272692 0.0216819019349 0.0527871631728 0.00349437068325 0.00661758333023 0.0146580763304 0.0179113702435 0.0161886962011 0.0265201994092 0.0100140094536 0.0214301897871 
0.0170220480606 0.0057834462472 0.00443244559159 0.00861800362159 -0.00245490301903 -0.00183834567729 1.13908893543 -0.00674730926928 0.0108009249589 0.00558564125982 0.0219590388391 0.00561548231411 -0.0105902640586 0.0149641336018 -0.00686548791522 0.000970725431931 -0.00238842745683 -0.00539389067498 0.0349061992712 0.006644306875 0.0056953220941 -0.00477706718471 0.00820947321673 -0.00288891817916 0.000892840202406 0.000396434182108 -0.0127204716067 0.00181016985616 0.00529374733189 0.00416972687775 
0.0170437592813 0.0163544301535 0.020070132937 0.0158085797762 0.0321698015675 0.0191740609985 -0.00674730926928 0.194284869692 0.0135070161339 0.0195789062791 0.0356721450518 0.0110772107755 0.000413490496519 0.0368546566493 0.0068724060053 0.0308780098773 0.0108652939737 0.00364231889028 0.0500423870144 0.012479776241 0.0246782771334 -0.0123611911525 0.0121598169651 0.0133584637453 0.0164262413219 0.000206737230814 0.0146963573495 0.009216527886 0.0122400068002 0.021381634379 
0.00232013810223 0.0583880209748 0.0173026941296 0.0212152698622 0.0279227011263 0.0259986831841 0.0108009249589 0.0135070161339 0.141987817248 0.0293237454241 0.0237410520643 0.0111111000111 0.0137355641693 0.0110397438074 0.0100827594306 0.0135083483572 0.00604205298551 0.0145480041876 0.0110959684531 0.0238419692708 0.00507665526962 -0.0033326421228 0.0210464243563 0.0180104952312 0.0241275989532 0.0232111357678 0.0282750870358 0.0391395148797 0.0123148561455 0.0278427276335 
0.0240924660446 0.046884701964 0.0345987899622 0.0163009559152 0.0574636672746 0.00339815929301 0.00558564125982 0.0195789062791 0.0293237454241 0.313538880729 0.038675241805 0.00964320338357 0.0112950156824 0.0289223189812 0.00139250742441 0.0267592052314 0.0162123009129 0.0163160324517 0.0521710365536 0.0211009337306 0.0142403256036 -0.0286298627341 0.0290619053149 0.0211871047339 0.021857090325 0.0217197570714 0.0391801044098 0.0594798996408 0.012963507403 0.0340147050362 
0.0409182582478 0.0230339817905 0.0219374475688 0.015015204915 0.0473936354839 0.0897318272087 0.021959038839 0.0356721450518 0.0237410520643 0.038675241805 0.437966389385 0.00902586060962 0.029577369797 0.0423781604959 0.00193478909912 0.023656427859 0.0197360478478 0.0305129784553 0.0461487480461 0.0129298706385 0.0222555016061 0.00643719893947 0.0199946921824 0.0285996012585 0.0197982684119 0.00930814964072 0.0158842504262 0.0216898257839 0.00359571756893 0.0423243971181 
0.0161484449245 0.0206820737212 0.0145827728037 0.00414949089799 0.00548092738958 0.00139677910634 0.00561548231411 0.0110772107755 0.0111111000111 0.00964320338357 0.00902586060962 0.184174920955 0.00323673010516 0.0131696121741 0.0146781836373 0.0166027641693 0.00615089297469 0.0148794449608 0.0258002516607 0.0198726088831 0.0052132919945 -0.00203413628362 0.00627163570989 0.0117675932313 0.00811550259733 0.015979190969 0.00993692072743 0.00820111610649 0.0106036260519 0.0134282519623 
0.00901713562545 0.00943012213023 0.0674661718133 0.0102439547132 0.000336623427322 0.0215929985628 -0.0105902640586 0.000413490496519 0.0137355641693 0.0112950156824 0.029577369797 0.00323673010516 0.212798971911 0.0123889486826 0.00636883912345 0.00305747945901 0.00114739127656 0.0220007081529 0.0168085906879 0.00846392221756 -0.00324465320315 0.00130188383789 0.00997020194645 0.000207357161625 0.0113698301469 0.0214426346055 0.0111404664269 0.00930417394222 -0.00344774789046 0.0184154145733 
0.041085254772 0.0359366311086 0.0404807280298 0.000143139241677 0.0362010197928 0.0335220447999 0.0149641336018 0.0368546566493 0.0110397438075 0.0289223189812 0.0423781604959 0.0131696121741 0.0123889486826 0.3414595981 0.0128506063029 0.0438126169683 0.0156433450332 0.0169602528265 0.0258152558475 0.0177050896722 0.027542818497 0.0685191187243 0.0259197713852 0.019272029652 0.010709123561 0.0258536440399 0.00811356942372 0.0230599688775 0.0163035560465 0.0302863565117 
0.00960948758078 0.0154940828039 0.0114246782131 0.0129400885934 0.00746419992144 0.0041632661732 -0.00686548791522 0.0068724060053 0.0100827594305 0.00139250742441 0.00193478909912 0.0146781836373 0.00636883912346 0.0128506063029 0.188055382896 0.017323778177 0.000807443638288 0.00513132226817 0.0205817417666 0.0167956299177 0.0204362845658 -0.000885899996423 0.0109388624645 0.0114995315451 0.0206708181339 0.0159325537384 0.0032358761844 0.0104602601309 0.0140435959331 0.00151281824521 
0.0198901203467 0.0273806907648 0.0172977109261 0.0023274951444 0.0510306316719 0.0161364511593 0.000970725431928 0.0308780098773 0.0135083483572 0.0267592052314 0.023656427859 0.0166027641693 0.00305747945901 0.0438126169683 0.017323778177 0.392698908602 0.00633279354601 0.0123742065733 0.047181838833 0.0101619967608 0.0582015886123 0.00278093050517 0.0331310417386 0.0198919337857 0.0162768996756 0.024495195242 0.0121742233677 0.0142250800117 0.0129582244458 0.0185172658876 
0.0302717453918 0.00534422632129 0.0330233360108 0.0184180468795 0.00837729276879 0.0119873769101 -0.00238842745683 0.0108652939737 0.00604205298551 0.0162123009129 0.0197360478478 0.00615089297469 0.00114739127656 0.0156433450332 0.000807443638289 0.00633279354601 0.351424063965 0.00280408666549 0.011098785859 0.0178095117902 0.0209595596932 -0.000357985523069 0.0104286647677 0.00188920613705 0.00800085113975 0.00750515495709 0.0024049812936 0.0113092568159 0.0153138105992 0.0135712341881 
0.0191618760274 0.00823007099739 0.0156894417053 0.0115517733213 0.0164075052393 -0.0109431059709 -0.00539389067498 0.00364231889028 0.0145480041876 0.0163160324517 0.0305129784553 0.0148794449608 0.0220007081529 0.0169602528265 0.00513132226818 0.0123742065733 0.00280408666549 0.725484398768 0.011671240439 0.00442390043767 0.00744149784372 -0.00763572336846 0.0148152034933 0.013368501373 0.0222272450711 0.00415140448737 0.0181090035792 0.0289714800013 0.0123213902545 0.00577766955053 
0.0217099872687 0.0144525901078 0.0288714334836 0.00410209991448 0.0462698231124 0.0296497113935 0.0349061992712 0.0500423870144 0.0110959684531 0.0521710365536 0.0461487480461 0.0258002516607 0.0168085906879 0.0258152558475 0.0205817417666 0.047181838833 0.011098785859 0.011671240439 0.261368084483 0.00956396557745 0.0415068910745 -0.00723684793263 0.0213058366245 0.0263438226453 0.000150474254176 0.00344400635068 0.0154981041601 0.0213931110802 0.0150256443026 0.0334723991495 
0.0110679474885 0.0167074765674 0.0217187147332 0.0162584353654 0.0184116768204 0.010996272692 0.006644306875 0.012479776241 0.0238419692708 0.0211009337305 0.0129298706385 0.019872608883 0.00846392221756 0.0177050896722 0.0167956299177 0.0101619967608 0.0178095117902 0.00442390043767 0.00956396557745 0.249862959986 0.0181761637272 -0.00868996307768 0.0139422632931 0.0062730311161 0.0115514192651 0.00433317359111 0.0196174420828 0.0123525569262 0.00756781909993 0.0154957231354 
-0.00552536605819 0.00316076022107 0.00148487158704 0.0279403658737 0.0365379056878 0.0216819019349 0.0056953220941 0.0246782771334 0.00507665526962 0.0142403256036 0.0222555016061 0.0052132919945 -0.00324465320315 0.027542818497 0.0204362845658 0.0582015886123 0.0209595596932 0.00744149784369 0.0415068910745 0.0181761637272 0.451060308591 0.00843305995034 0.0405464168924 0.00643145454675 0.0257490365141 0.00818480755693 -0.00652771165898 -0.00453025211203 0.00981059486451 0.0115355441608 
0.0780780320677 -0.00962190247615 0.0215030023316 -0.011584214099 -0.00554911003412 0.0527871631728 -0.0047770671847 -0.0123611911525 -0.0033326421228 -0.0286298627341 0.00643719893947 -0.00203413628362 0.00130188383789 0.0685191187243 -0.000885899996423 0.00278093050517 -0.000357985523069 -0.00763572336846 -0.00723684793263 -0.00868996307768 0.00843305995034 5.23694297258 0.026242202935 0.00820928378657 -0.00336699254466 0.00540111008564 -0.00721581416415 -0.00541528185848 -0.0221927533293 -0.00378598068913 
0.00811848801679 0.0196908601283 -0.000371737038724 0.040276019686 0.0195634123291 0.00349437068325 0.00820947321673 0.0121598169651 0.0210464243563 0.0290619053149 0.0199946921824 0.00627163570989 0.00997020194644 0.0259197713852 0.0109388624645 0.0331310417386 0.0104286647678 0.0148152034933 0.0213058366245 0.0139422632931 0.0405464168924 0.026242202935 0.284674462013 0.0153306257538 0.0605484864304 -0.00575266024725 0.0205015360488 0.00724097514273 0.024400687075 0.0260920266454 
0.0127580194531 0.0181618536645 0.0162796243173 0.00142254150952 0.022115973406 0.00661758333022 -0.00288891817916 0.0133584637453 0.0180104952312 0.0211871047339 0.0285996012585 0.0117675932313 0.000207357161635 0.019272029652 0.0114995315452 0.0198919337857 0.00188920613705 0.013368501373 0.0263438226453 0.00627303111608 0.00643145454674 0.00820928378657 0.0153306257538 0.218045849965 0.00419055744852 -0.00284880936995 0.0106538384057 0.0109537870631 0.00586144346125 0.0195049884886 
0.00594342320544 0.0256126863082 -0.00489067872379 0.0505326091875 0.014266662659 0.0146580763304 0.000892840202402 0.0164262413219 0.0241275989534 0.021857090325 0.0197982684119 0.00811550259733 0.0113698301469 0.0107091235611 0.0206708181339 0.0162768996756 0.00800085113974 0.0222272450711 0.000150474254185 0.0115514192651 0.0257490365141 -0.00336699254466 0.0605484864304 0.0041905574485 0.1523400616 0.00986404681973 0.00504433697758 0.0225882063799 0.00631990019084 0.0147811677811 
0.0174125720087 0.00769273890763 0.0310201075412 0.0091469534459 0.0180045112061 0.0179113702435 0.000396434182108 0.000206737230811 0.0232111357678 0.0217197570714 0.00930814964072 0.015979190969 0.0214426346055 0.0258536440399 0.0159325537384 0.024495195242 0.00750515495709 0.00415140448738 0.00344400635068 0.00433317359111 0.00818480755692 0.00540111008564 -0.00575266024725 -0.00284880936995 0.00986404681974 0.474109708946 0.0103632298581 0.017562581592 0.00562011303518 0.00382225703548 
0.0146450992505 0.0311178117321 0.0191702400664 0.00349625272222 0.0164933553377 0.0161886962011 -0.0127204716067 0.0146963573495 0.0282750870358 0.0391801044097 0.0158842504262 0.00993692072743 0.0111404664269 0.00811356942372 0.0032358761844 0.0121742233677 0.0024049812936 0.0181090035792 0.0154981041601 0.0196174420828 -0.00652771165898 -0.00721581416415 0.0205015360488 0.0106538384057 0.00504433697758 0.0103632298581 0.229253780713 0.0300499381393 0.0126426845058 0.0271226609866 
0.0187345594145 0.0489743253492 0.0266747679459 0.0185905992202 0.0256514617318 0.0265201994092 0.00181016985615 0.009216527886 0.0391395148797 0.0594798996408 0.0216898257839 0.00820111610649 0.00930417394223 0.0230599688775 0.0104602601309 0.0142250800117 0.0113092568159 0.0289714800013 0.0213931110802 0.0123525569262 -0.00453025211204 -0.00541528185848 0.00724097514272 0.0109537870631 0.0225882063799 0.017562581592 0.0300499381393 0.183469387064 0.018683575515 0.0234427069057 
0.00726342004923 0.028896354448 0.0171856002971 0.00132509829389 0.00887263018619 0.0100140094536 0.00529374733189 0.0122400068002 0.0123148561455 0.012963507403 0.00359571756893 0.0106036260519 -0.00344774789046 0.0163035560465 0.0140435959331 0.0129582244458 0.0153138105992 0.0123213902545 0.0150256443026 0.00756781909993 0.00981059486451 -0.0221927533293 0.024400687075 0.00586144346125 0.00631990019083 0.00562011303518 0.0126426845058 0.018683575515 0.249673104836 0.00344868131191 
0.0367285384565 0.0359915089552 0.0299294577936 0.0153904356313 0.0161612822543 0.0214301897871 0.00416972687775 0.021381634379 0.0278427276335 0.0340147050362 0.0423243971181 0.0134282519623 0.0184154145733 0.0302863565117 0.0015128182452 0.0185172658876 0.0135712341881 0.00577766955053 0.0334723991495 0.0154957231354 0.0115355441608 -0.00378598068913 0.0260920266454 0.0195049884886 0.0147811677811 0.00382225703548 0.0271226609866 0.0234427069057 0.00344868131191 0.241516736742 

['BMC', 'WB', 'SBUX', 'FPL', 'APD', 'CA', 'FRX', 'SEE', 'BAC', 'NTRS', 'A', 'HCR', 'CLX', 'JCP', 'CPB', 'ASH', 'KG', 'BOL', 'IP', 'MSFT', 'XTO', 'SBL', 'PEG', 'MMM', 'AEE', 'BSX', 'FRE', 'MI', 'RRD', 'STA']