20
0.0131635076039 0.0449016594387 0.0612619406497 0.143796644659 0.0244433913508 0.090319564185 0.0124927962784 0.0146510565804 0.158041803894 0.0428749123775 0.0482651065397 0.0773240107923 0.0355019489908 0.0291248595558 0.00873698993333 0.0377989606714 0.0997806882374 0.0254158643172 0.00399952409326 0.0318751717172 
0.167326423574 0.0124343595166 0.0132548994552 0.0225241364505 0.00947301720157 0.0102969921707 0.0202758070748 0.00973214969643 0.0147751199292 0.0239909384521 0.0108493000942 0.0162582760944 0.00608004735363 0.0141391392652 0.0145435774127 0.00350826709584 0.0258324247543 0.0115026080888 0.0182774468716 0.0570304521047 
0.0124343595166 0.332825350063 0.0139913210524 0.0670668790651 0.013457324366 0.00752830183552 0.0256077008426 0.0104473224195 0.00505836091294 0.0236760358261 0.0484876594993 0.0247487885151 0.0231009184257 0.00594154748195 0.0138199645781 0.0546605595877 0.035902829463 0.017569288042 0.0222282580583 0.0119716171876 
0.0132548994552 0.0139913210524 0.370561124562 0.0306081463345 0.0063856170414 0.0275959818643 0.0134923594979 0.015776966765 0.00591322360038 0.023013152823 0.0259387887967 0.0327911217851 0.0197004365286 0.00393000190891 0.00907293417071 0.050982641051 0.0387820514943 0.0281333245025 -0.00144503578126 0.0289315573099 
0.0225241364505 0.0670668790651 0.0306081463345 0.657300632794 0.0181862516259 0.060819413142 0.022185588408 0.0244876155685 0.0386582595539 0.0426208923757 0.0337491502615 0.113499055943 0.0270859631865 0.0210804580285 0.0204447880866 0.102308306 0.0434027299676 0.0418288703313 0.0216360838872 0.0380866867982 
0.00947301720157 0.013457324366 0.0063856170414 0.0181862516259 0.184795264467 0.0156287356462 0.0109210883698 0.0189598996238 0.000732898435442 0.0165320158224 0.00751254196198 0.0263061573412 0.0672197498454 0.00665960968666 0.0195635919227 0.00957819844903 -0.00461669445104 0.012321609871 0.00880230905372 0.0192374197728 
0.0102969921707 0.00752830183552 0.0275959818643 0.060819413142 0.0156287356462 0.588294785667 0.0267827122157 0.0211353353805 0.183265559729 0.0127425493536 0.0365938424479 0.052311828625 0.00129895573299 0.0172468094941 0.0150338058036 0.0265590651152 0.0173973054605 0.0150949817317 0.0425277247404 0.00807627561426 
0.0202758070748 0.0256077008426 0.0134923594979 0.022185588408 0.0109210883698 0.0267827122157 0.190265743387 0.0196429068353 0.00378715693161 0.0251363473287 0.0135335645768 0.0529787208446 0.0129120467204 0.0114046090887 0.0170577690086 0.0160120524694 0.0316782358011 0.0174959444812 0.00958873428953 0.010217261082 
0.00973214969643 0.0104473224195 0.015776966765 0.0244876155685 0.0189598996238 0.0211353353805 0.0196429068353 0.157938572605 0.00394099010775 0.0261899999504 0.0172756412668 0.0212782159777 0.0121768122415 0.0181482421993 0.0177866867069 0.0186021506183 0.0215320396664 0.0151166926886 0.0265764708527 0.0178942863175 
0.0147751199292 0.00505836091294 0.00591322360038 0.0386582595539 0.000732898435442 0.183265559729 0.00378715693161 0.00394099010775 1.02129834299 0.0372873480899 0.0265372716254 -0.000843538359556 0.0134189647146 0.0214638711704 0.00644962329151 0.0357895481882 0.00535105041539 -0.000630320553015 0.0321520028857 0.00611445322288 
0.0239909384521 0.0236760358261 0.023013152823 0.0426208923757 0.0165320158224 0.0127425493536 0.0251363473287 0.0261899999504 0.0372873480899 0.264118101626 0.0319851181786 0.0411577320534 0.0328563178084 0.0157924356661 0.0178821683127 0.0431212842126 0.0041386349917 0.0200862513122 0.0168577492732 0.0295480848073 
0.0108493000942 0.0484876594993 0.0259387887967 0.0337491502615 0.00751254196198 0.0365938424479 0.0135335645768 0.0172756412668 0.0265372716254 0.0319851181786 0.313757733091 0.039108354777 0.0167462282249 0.0124280869524 0.012538686006 0.0386541364707 0.0150866051945 0.0196141646242 0.014395541985 0.00521288478349 
0.0162582760944 0.0247487885151 0.0327911217851 0.113499055943 0.0263061573412 0.052311828625 0.0529787208446 0.0212782159777 -0.000843538359555 0.0411577320534 0.039108354777 0.488415481349 0.0414274465637 0.0469451084242 0.00832435997981 0.0608679110002 0.0570232761402 0.0541927014023 0.0136725465967 0.0215183025777 
0.00608004735363 0.0231009184257 0.0197004365286 0.0270859631865 0.0672197498454 0.00129895573299 0.0129120467204 0.0121768122415 0.0134189647146 0.0328563178084 0.0167462282249 0.0414274465637 0.314388552854 0.0268567767982 0.0169166399307 0.0282624012581 0.0278143647153 0.0131759624732 0.0173706362919 0.0150017552732 
0.0141391392652 0.00594154748195 0.00393000190891 0.0210804580285 0.00665960968666 0.0172468094941 0.0114046090887 0.0181482421993 0.0214638711704 0.0157924356661 0.0124280869524 0.0469451084242 0.0268567767982 0.246990206368 0.0258027808594 0.00685219010132 0.0196652072921 0.0316015065994 0.00750504686463 0.0136217263524 
0.0145435774127 0.0138199645781 0.00907293417071 0.0204447880866 0.0195635919227 0.0150338058036 0.0170577690086 0.0177866867069 0.00644962329151 0.0178821683127 0.012538686006 0.00832435997981 0.0169166399307 0.0258027808594 0.115251607982 0.013241696106 0.0236599704261 0.013617521894 0.0186343193913 0.0194663528356 
0.00350826709584 0.0546605595877 0.050982641051 0.102308306 0.00957819844903 0.0265590651152 0.0160120524694 0.0186021506183 0.0357895481882 0.0431212842126 0.0386541364707 0.0608679110002 0.0282624012581 0.00685219010131 0.013241696106 0.346342177079 0.0343706799157 0.0366480184584 0.0185431768827 0.00936870042204 
0.0258324247543 0.035902829463 0.0387820514943 0.0434027299676 -0.00461669445104 0.0173973054605 0.0316782358011 0.0215320396664 0.00535105041539 0.0041386349917 0.0150866051945 0.0570232761402 0.0278143647153 0.0196652072921 0.0236599704261 0.0343706799157 0.577795639591 0.0247729520463 0.0114116676116 0.014417309856 
0.0115026080888 0.017569288042 0.0281333245025 0.0418288703313 0.012321609871 0.0150949817317 0.0174959444812 0.0151166926886 -0.000630320553015 0.0200862513122 0.0196141646242 0.0541927014023 0.0131759624732 0.0316015065994 0.013617521894 0.0366480184584 0.0247729520463 0.299388902144 0.0101165723587 -0.00223667646105 
0.0182774468716 0.0222282580583 -0.00144503578126 0.0216360838872 0.00880230905372 0.0425277247404 0.00958873428953 0.0265764708527 0.0321520028857 0.0168577492732 0.014395541985 0.0136725465967 0.0173706362919 0.00750504686463 0.0186343193913 0.0185431768827 0.0114116676116 0.0101165723587 0.180650253663 0.019482700053 
0.0570304521047 0.0119716171876 0.0289315573099 0.0380866867982 0.0192374197728 0.00807627561426 0.010217261082 0.0178942863175 0.00611445322288 0.0295480848073 0.00521288478349 0.0215183025777 0.0150017552732 0.0136217263524 0.0194663528356 0.00936870042204 0.014417309856 -0.00223667646105 0.019482700053 0.193282400629 

['AEE', 'ROH', 'QLGC', 'ET', 'BUD', 'DRI', 'GPC', 'GE', 'ADBE', 'CMCSA', 'MCD', 'CTX', 'FISV', 'MSFT', 'KO', 'MXIM', 'MEDI', 'CCL', 'SLE', 'FE']