30
0.044891801276 0.0273717205438 0.197480990077 0.0459594094694 0.0299059053764 0.0682562642732 0.153319254475 0.0486003975036 0.0704019073317 0.0256345374975 0.0540864966038 0.0782010317916 0.0584548507687 0.0197813299257 0.0278380444533 0.0761836706695 0.0800378705657 0.360667625942 0.103528049483 0.043075945187 0.018453974145 0.0395572708053 0.0787213758152 0.0272516352802 0.0347696809731 0.0522861094618 0.0394797478448 0.0335346879574 0.0788996306534 0.019144788815 
0.33543841574 0.0434761201247 0.00168913100702 0.028870519934 0.0304370152331 0.0450164044654 0.0401663029132 0.0102839727239 0.02284671894 0.0247671962576 0.00961124891377 0.0178482709535 0.0330649280574 0.0126638909758 0.024709224366 0.0317359492702 0.019707728434 0.0179022200625 0.0675341504545 0.021018690079 0.000432718891912 0.00942788085002 0.0358826722942 0.0136795852723 0.0289936014322 0.0305229757167 0.0204650022724 0.00553591196931 0.0221239852125 0.0352125123799 
0.0434761201247 0.236575393381 0.00419899344603 0.0136725033288 0.0219447228685 0.0160295234919 0.0291010758761 0.0120096505437 0.0180024279691 0.007019503839 0.0175105150047 0.014442029489 0.0268101266409 0.00524039081552 0.00494298738327 0.0423706518165 0.0252602842287 0.0232733917438 0.0263033320441 0.0127164643275 0.018257697958 0.0112448591841 0.0127123195002 0.0065369678039 0.0342024145906 0.0320736377562 0.0230165958309 0.0104908858242 0.0176482298647 0.0171168654564 
0.00168913100702 0.00419899344603 0.87032334723 0.0449503290744 0.0188018939548 0.00352744706018 0.0344274095857 -0.0060085993314 0.0249031007848 0.0171961523423 0.028262247597 0.133646842381 0.00963245032363 0.0279800887759 0.00435850071366 0.0655242602612 -0.00997602463787 0.0660011717381 0.0317020415897 0.0160054245467 0.000145789072797 0.00444020409846 0.0204869148287 -0.000875072518643 -0.00314815901848 0.00320653860006 0.0245953900823 0.033082831105 -0.00125042901781 0.0321584420224 
0.028870519934 0.0136725033288 0.0449503290744 0.35018233984 0.0462118858331 0.0194053471353 0.047781299419 0.0147423199982 0.0477530762533 0.0218403082186 0.0310812642838 0.0417198146632 0.0131721330165 0.0158093772232 0.0125565900728 0.0318895717042 0.0256651426641 0.0463288703606 -0.00497983435556 0.0254939810434 0.0148408248812 0.00344983180188 -0.00536888191284 0.0124807914039 0.0147080147332 0.0264772194804 0.00867068758049 0.0212853657059 0.029870448114 0.0229496716445 
0.0304370152331 0.0219447228685 0.0188018939548 0.0462118858331 0.274012508129 -0.00178954014076 0.0152515654515 0.0203301489635 0.0186330091037 0.00449764996581 0.0142250628307 0.0231753824141 0.0281195574302 0.0149509997651 0.00838002483472 0.0299935533686 0.00807799246231 0.0312733217744 -0.00109527629197 0.0204417972295 0.00611587475171 0.017585147184 0.0125336775356 0.0055743360774 0.0290064158863 0.0322947035509 0.00972952599664 0.00260272745421 0.0142209203317 0.0179601625955 
0.0450164044654 0.0160295234919 0.00352744706018 0.0194053471353 -0.00178954014076 0.380006376025 0.0419961120605 0.0347179873152 0.0442836140518 0.0129904301435 0.00762012404623 0.023502446479 0.0159211772988 0.00685095771128 0.00948834105983 0.0288369613239 0.0675851825756 0.0391361924385 -0.000316631016759 0.0268766529757 0.00848680206579 0.0135953455232 0.0233491812891 0.00870095506125 0.0223234338768 0.0334276402727 0.023808280247 0.016727250422 0.000875565802723 0.0330883891031 
0.0401663029132 0.0291010758761 0.0344274095857 0.047781299419 0.0152515654515 0.0419961120605 0.622537280965 0.02507811006 0.0745164403746 0.0186802298975 0.0479029993559 0.0298443870169 0.035670509449 0.0154421621953 0.0121129611158 0.0143052865479 0.0411238930111 0.0457932390672 -0.00683494751918 0.0389424396109 0.0194467498236 0.02879442483 0.0124527683358 -0.00326847231654 0.0335581561314 0.0570325638425 0.0682331278042 0.0101715308126 0.0125992429849 0.0498698665371 
0.0102839727239 0.0120096505437 -0.0060085993314 0.0147423199982 0.0203301489635 0.0347179873152 0.02507811006 0.403333482126 0.031352512501 0.0115039100433 0.0181253224266 0.0085732145435 0.00771079176465 0.0027758722237 0.0142821416019 0.0222870753762 0.0401729447847 0.0168886736569 -0.00244676347936 0.00713873643407 0.0145917377463 0.0156469648824 0.00572284258093 0.00961042676987 0.00478261907353 0.00743914220612 0.0117964173313 7.18201720228e-05 0.00753505864009 0.0240328098708 
0.02284671894 0.0180024279691 0.0249031007848 0.0477530762533 0.0186330091037 0.0442836140518 0.0745164403746 0.031352512501 0.283052620636 0.0040252809673 0.029659041241 0.0473607164491 0.0392639857651 0.0306972770604 0.00646393632516 0.0352389242257 0.0411713593655 0.0365501557286 0.0424904630191 0.0361706039586 0.0165583743296 0.0146970731861 0.038262792235 0.0176500895565 0.0351694326221 0.0463984297001 0.0329961505433 0.016404549319 0.00974830605768 0.0504891433705 
0.0247671962576 0.007019503839 0.0171961523423 0.0218403082186 0.00449764996581 0.0129904301435 0.0186802298975 0.0115039100433 0.0040252809673 0.181994222398 0.0129151582094 0.00801195796184 0.0103038525035 0.0156567333871 0.0432852736311 0.0127567350078 0.020088850832 0.00385580369873 0.0110826271924 0.0147747510585 -0.000838374247053 0.00632708881114 0.0101442640283 0.0180066889981 0.0154026941446 0.0194895925018 0.00429730391239 0.00496309374626 -0.000207895026399 0.0152869483589 
0.00961124891377 0.0175105150047 0.028262247597 0.0310812642838 0.0142250628307 0.00762012404623 0.0479029993559 0.0181253224266 0.029659041241 0.0129151582094 0.392262809543 0.0205655080632 0.0332801462184 0.0130948560289 0.0196819884993 0.0221118999381 -0.00126944143766 0.0224401316136 0.0162047846712 0.00960169304414 0.015082908275 0.00561288407179 0.0243987851322 0.00514714743735 0.0119334390142 -0.00316296635321 0.0109344964885 0.00983971639286 -0.0130744805889 0.015991876644 
0.0178482709535 0.014442029489 0.133646842381 0.0417198146632 0.0231753824141 0.023502446479 0.0298443870169 0.0085732145435 0.0473607164491 0.00801195796184 0.0205655080632 0.369101580608 0.0335365482035 0.0173383106996 0.0119594726218 0.0524579290708 0.0376409818749 0.0485681334109 0.012278340239 0.00666561984329 0.00514161148842 0.00769020062184 0.0227694577827 0.0055937391908 0.0145761528263 -0.00269300911977 0.0160979177011 0.0398895275943 0.00338143237025 0.0247060959219 
0.0330649280574 0.0268101266409 0.00963245032363 0.0131721330165 0.0281195574302 0.0159211772988 0.035670509449 0.00771079176465 0.0392639857651 0.0103038525035 0.0332801462184 0.0335365482035 0.251454969468 0.0347669274806 0.0165653140695 0.0226317030408 0.0221481933114 0.0404320730628 0.0292295208413 0.0382293385143 0.0229306619736 0.0229380428077 0.0235546512057 0.0211161086315 0.0124416552683 0.0294060156438 0.0290107872897 0.016819116038 -0.000650135069512 0.0377393435357 
0.0126638909758 0.00524039081552 0.0279800887759 0.0158093772232 0.0149509997651 0.00685095771128 0.0154421621953 0.0027758722237 0.0306972770604 0.0156567333871 0.0130948560289 0.0173383106996 0.0347669274806 0.15302346228 0.018595672473 0.0089842203526 0.00214194047013 0.000477209042305 0.0111100416363 0.0333572864689 0.00607118447946 0.0155230083271 -0.00222441759843 0.013444362499 0.0067649325055 0.0102545075079 0.0147031681604 0.010625145116 0.00778932372445 0.0271873449264 
0.024709224366 0.00494298738327 0.00435850071366 0.0125565900728 0.00838002483472 0.00948834105983 0.0121129611158 0.0142821416019 0.00646393632517 0.0432852736311 0.0196819884993 0.0119594726218 0.0165653140695 0.018595672473 0.184396765166 -0.00601899546842 0.0121576829171 0.0111022242263 -0.0148039014438 0.00995378028473 0.0172877440992 0.0159870759483 0.00175911435668 0.0190853312119 0.00181052464803 0.00762191587433 0.00517498260007 0.0143275435807 0.0153515664864 0.00489559175116 
0.0317359492702 0.0423706518165 0.0655242602612 0.0318895717042 0.0299935533686 0.0288369613239 0.0143052865479 0.0222870753762 0.0352389242257 0.0127567350078 0.0221118999381 0.0524579290708 0.0226317030408 0.0089842203526 -0.00601899546842 0.406740696443 0.0178572457976 0.096225095361 0.0263072630071 0.02642423349 0.00187356913335 0.0214211225155 0.0211554999687 0.00224049969127 0.0353397298592 0.0506345800858 0.00611644017018 0.0266932296531 0.0221402153707 0.0179671381078 
0.019707728434 0.0252602842287 -0.00997602463787 0.0256651426641 0.00807799246231 0.0675851825756 0.0411238930111 0.0401729447847 0.0411713593655 0.020088850832 -0.00126944143766 0.0376409818749 0.0221481933114 0.00214194047013 0.0121576829171 0.0178572457976 0.368079837725 0.0715554646428 -0.0051201065955 0.0199288131971 -0.00479831977518 -0.010194026813 0.0190101689795 0.0116324523657 0.0424757961492 0.0143641315777 0.0255160331607 -0.006676261046 -0.00913441774522 0.0133833241604 
0.0179022200625 0.0232733917438 0.0660011717381 0.0463288703606 0.0312733217744 0.0391361924385 0.0457932390672 0.0168886736569 0.0365501557286 0.00385580369873 0.0224401316136 0.0485681334109 0.0404320730628 0.000477209042305 0.0111022242263 0.096225095361 0.0715554646428 1.1868221882 0.0259700961883 0.0255723989765 0.00949646504937 0.00626381771476 0.0362193495939 0.0192390519472 0.0615566033042 0.0333134232018 0.0432353852477 0.00832783394087 0.0283131388347 0.00816518614313 
0.0675341504545 0.0263033320441 0.0317020415897 -0.00497983435556 -0.00109527629197 -0.000316631016759 -0.00683494751918 -0.00244676347936 0.0424904630191 0.0110826271924 0.0162047846712 0.012278340239 0.0292295208413 0.0111100416363 -0.0148039014438 0.0263072630071 -0.0051201065955 0.0259700961883 0.427201530578 0.0211599188424 0.015165537788 -0.00273384596992 0.162610714481 0.0159666517156 0.0215358219128 0.00368433161594 0.0162710175673 0.0106531254252 0.0122060778982 0.025109650137 
0.021018690079 0.0127164643275 0.0160054245467 0.0254939810434 0.0204417972295 0.0268766529757 0.0389424396109 0.00713873643407 0.0361706039586 0.0147747510585 0.00960169304414 0.00666561984329 0.0382293385143 0.0333572864689 0.00995378028473 0.02642423349 0.0199288131971 0.0255723989765 0.0211599188424 0.21841319631 -0.000717201457618 0.0127429890626 0.0223293511163 0.0116584679988 0.0122874046419 0.0257083694465 0.0173172898963 0.0196333839325 -0.00218930939096 0.0239720056678 
0.000432718891911 0.018257697958 0.000145789072797 0.0148408248812 0.00611587475171 0.00848680206579 0.0194467498236 0.0145917377463 0.0165583743296 -0.000838374247053 0.015082908275 0.00514161148842 0.0229306619736 0.00607118447946 0.0172877440992 0.00187356913335 -0.00479831977518 0.00949646504937 0.015165537788 -0.000717201457618 0.253175466793 0.00448159712545 0.0023597497948 -0.00724560546188 0.00565207758262 0.0210466168096 0.0144495267678 0.00636172389528 0.00294153851599 0.0171636893259 
0.00942788085002 0.0112448591841 0.00444020409846 0.00344983180188 0.017585147184 0.0135953455232 0.02879442483 0.0156469648824 0.0146970731861 0.00632708881114 0.00561288407179 0.00769020062184 0.0229380428077 0.0155230083271 0.0159870759483 0.0214211225155 -0.010194026813 0.00626381771476 -0.00273384596992 0.0127429890626 0.00448159712545 0.178950085245 0.00289313067174 -0.0115548120076 0.0112277807529 0.0275336956546 0.032930133166 0.0125411848807 0.00449473832432 0.00441218509489 
0.0358826722942 0.0127123195002 0.0204869148287 -0.00536888191284 0.0125336775356 0.0233491812891 0.0124527683358 0.00572284258093 0.038262792235 0.0101442640283 0.0243987851322 0.0227694577827 0.0235546512057 -0.00222441759843 0.00175911435668 0.0211554999687 0.0190101689795 0.0362193495939 0.162610714481 0.0223293511163 0.0023597497948 0.00289313067174 0.367995933811 0.0117376524186 0.0228249397629 0.0205584552969 0.019279308158 0.00520564294784 0.00317995122016 0.00268996169522 
0.0136795852723 0.0065369678039 -0.000875072518643 0.0124807914039 0.0055743360774 0.00870095506125 -0.00326847231654 0.00961042676987 0.0176500895565 0.0180066889981 0.00514714743735 0.0055937391908 0.0211161086315 0.013444362499 0.0190853312119 0.00224049969127 0.0116324523657 0.0192390519472 0.0159666517156 0.0116584679988 -0.00724560546188 -0.0115548120076 0.0117376524186 0.231202014393 0.0220325120537 0.00673961152729 0.00367597186078 0.00858073565957 0.00445109573518 0.00950923374954 
0.0289936014322 0.0342024145906 -0.00314815901848 0.0147080147332 0.0290064158863 0.0223234338768 0.0335581561314 0.00478261907353 0.0351694326221 0.0154026941446 0.0119334390142 0.0145761528263 0.0124416552683 0.0067649325055 0.00181052464803 0.0353397298592 0.0424757961492 0.0615566033042 0.0215358219128 0.0122874046419 0.00565207758262 0.0112277807529 0.0228249397629 0.0220325120537 0.233164083518 0.0365272391044 0.0188843278354 0.00344463264117 0.0113119735699 0.0248429749898 
0.0305229757167 0.0320736377562 0.00320653860006 0.0264772194804 0.0322947035509 0.0334276402727 0.0570325638425 0.00743914220612 0.0463984297001 0.0194895925018 -0.00316296635321 -0.00269300911977 0.0294060156438 0.0102545075079 0.00762191587433 0.0506345800858 0.0143641315777 0.0333134232018 0.00368433161594 0.0257083694465 0.0210466168096 0.0275336956546 0.0205584552969 0.00673961152729 0.0365272391044 0.319083446781 0.0391650160998 0.00577222228108 0.0325177529677 0.0290435799843 
0.0204650022724 0.0230165958309 0.0245953900823 0.00867068758049 0.00972952599664 0.023808280247 0.0682331278042 0.0117964173313 0.0329961505433 0.00429730391239 0.0109344964885 0.0160979177011 0.0290107872897 0.0147031681604 0.00517498260007 0.00611644017018 0.0255160331607 0.0432353852477 0.0162710175673 0.0173172898963 0.0144495267678 0.032930133166 0.019279308158 0.00367597186078 0.0188843278354 0.0391650160998 0.330085034707 0.00250632727521 0.00475451529856 0.0192774942329 
0.00553591196931 0.0104908858242 0.033082831105 0.0212853657059 0.00260272745421 0.016727250422 0.0101715308126 7.18201720228e-05 0.016404549319 0.00496309374626 0.00983971639286 0.0398895275943 0.016819116038 0.010625145116 0.0143275435807 0.0266932296531 -0.006676261046 0.00832783394087 0.0106531254252 0.0196333839325 0.00636172389528 0.0125411848807 0.00520564294784 0.00858073565957 0.00344463264117 0.00577222228108 0.00250632727521 0.240416600261 0.00405832725862 0.0134249959354 
0.0221239852125 0.0176482298647 -0.00125042901781 0.029870448114 0.0142209203317 0.000875565802722 0.0125992429849 0.00753505864009 0.00974830605768 -0.000207895026399 -0.0130744805889 0.00338143237025 -0.000650135069512 0.00778932372445 0.0153515664864 0.0221402153707 -0.00913441774522 0.0283131388347 0.0122060778982 -0.00218930939096 0.00294153851599 0.00449473832432 0.00317995122016 0.00445109573518 0.0113119735699 0.0325177529677 0.00475451529856 0.00405832725862 0.758143865399 0.0199522444509 
0.0352125123799 0.0171168654564 0.0321584420224 0.0229496716445 0.0179601625955 0.0330883891031 0.0498698665371 0.0240328098708 0.0504891433705 0.0152869483589 0.015991876644 0.0247060959219 0.0377393435357 0.0271873449264 0.00489559175116 0.0179671381078 0.0133833241604 0.00816518614313 0.025109650137 0.0239720056678 0.0171636893259 0.00441218509489 0.00268996169522 0.00950923374954 0.0248429749898 0.0290435799843 0.0192774942329 0.0134249959354 0.0199522444509 0.235200809591 

['LEG', 'TYC', 'AAPL', 'MBI', 'XL', 'FDX', 'CC', 'PAYX', 'GS', 'PG', 'GENZ', 'MOT', 'PLD', 'USB', 'CL', 'TXN', 'NSC', 'JDSU', 'OXY', 'PNC', 'SYY', 'HCR', 'COP', 'OMC', 'HON', 'ASD', 'ITT', 'BAX', 'JNY', 'HD']