20
0.0693656588129 0.0253746335001 0.0533662879029 0.158041803894 0.026417897889 0.0584548507687 0.065735385914 0.0282353637115 0.0669692816613 0.0256056876134 0.040534814632 0.0413167922229 0.078059567066 0.0162851568228 0.0384738749472 0.163811268696 0.0231877092109 0.074230100705 0.188050706821 0.0479675113811 
0.383074547767 0.0336764399955 0.0264582366898 0.0178001423247 0.0461990633886 0.0169611043148 0.0838778139479 0.0203197493584 0.0184806452697 0.0187554243807 -0.0065447726809 0.0193080609703 0.00217360282554 0.00464065513663 0.00853625055126 -0.00770001522373 0.00896260010078 0.0371548820206 0.0162809334692 0.01778634291 
0.0336764399955 0.278774014618 0.00848081147821 0.0683853003093 0.0122506061616 0.0189937991083 0.0341042411812 0.0244208427869 0.0258982829172 0.0196205812782 -0.00172566037597 0.00230570595934 0.066065640282 0.00945271022477 0.000444306745367 -0.00764027853449 0.0139450440499 0.0464162530178 0.0384325923041 0.0310406325879 
0.0264582366898 0.00848081147821 0.432575929966 0.0198039059105 0.00722445971236 0.0265245556026 -0.00630349918729 0.0198074165903 0.00978700433979 0.0197747109234 0.0031038993426 0.0144966909567 0.00505579082037 0.0190915671226 0.0156077584005 0.0174540705476 0.0119285279325 0.0161553017104 0.0497919259895 0.00371247029457 
0.0178001423247 0.0683853003093 0.0198039059105 1.00383565229 -0.00789923691488 0.00806077155838 0.00487901529725 0.0156272349772 0.0168922438812 0.0289451029008 -0.000819659865334 0.0358700687564 0.245991240409 0.0271951243969 -0.000841444411141 -0.012085138012 0.0503493079005 0.027448246447 0.0339786836996 0.0433645045019 
0.0461990633886 0.0122506061616 0.00722445971236 -0.00789923691488 0.280339213353 0.0229052667363 0.00070718052391 0.017989891967 0.0500217075602 0.014070798487 -0.00170307158451 0.0153271268554 0.0107761072609 0.0106552852517 0.0112174972847 0.000228791221122 0.0143499594914 0.0643470860479 0.0321954782908 0.0371018226283 
0.0169611043148 0.0189937991083 0.0265245556026 0.00806077155838 0.0229052667363 0.254003371573 0.0222271912712 0.0454691163908 0.0240207035545 0.0198304579278 0.0234987008303 0.0378110312716 0.0214977822094 0.0450311958171 0.0295771266482 -0.00274219130693 0.0129674513569 0.0709776335913 0.0335270165565 0.044121446004 
0.0838778139479 0.0341042411812 -0.00630349918729 0.00487901529725 0.00070718052391 0.0222271912712 0.435857858425 0.0259570005199 0.0406535677866 0.0150828561076 0.000280554714409 0.0425156366523 0.0151266980137 0.00286680672501 0.0223128235752 0.00352661737023 0.0095367068915 0.0290482123283 0.0101288567019 0.00400381195143 
0.0203197493584 0.0244208427869 0.0198074165903 0.0156272349772 0.017989891967 0.0454691163908 0.0259570005199 0.160182440938 0.0251352959229 0.0171612976578 0.0126036866757 0.0251460229462 0.0119086574493 0.0274486387371 0.0166142321257 0.00406154339449 0.0101831158355 0.0554020348303 0.0167160565997 0.0248904196814 
0.0184806452697 0.0258982829172 0.00978700433979 0.0168922438812 0.0500217075602 0.0240207035545 0.0406535677866 0.0251352959229 0.486463885559 0.00945581989418 0.00306476747291 0.0112932867181 0.0364706023526 0.00610985127042 0.0223008476749 -0.0214224448152 0.0198572677442 0.071581111408 0.0399860873855 0.0291174103967 
0.0187554243807 0.0196205812782 0.0197747109234 0.0289451029008 0.014070798487 0.0198304579278 0.0150828561076 0.0171612976578 0.00945581989418 0.223431827883 0.0132718549899 0.0124472552769 0.00989598231796 0.0067217415915 0.00773528473156 0.00498599220412 0.00913354554289 0.0104445915845 0.0155970660725 0.0105425154427 
-0.0065447726809 -0.00172566037597 0.0031038993426 -0.000819659865334 -0.00170307158451 0.0234987008303 0.000280554714409 0.0126036866757 0.00306476747291 0.0132718549899 0.536078047592 0.00133272806386 -0.00265430069651 0.0215393815301 -0.00568972112175 -0.000289971320225 0.00302818905254 0.00369598468848 0.0207763739391 0.00219901088125 
0.0193080609703 0.00230570595934 0.0144966909567 0.0358700687564 0.0153271268554 0.0378110312716 0.0425156366523 0.0251460229462 0.0112932867181 0.0124472552769 0.00133272806386 0.249826514425 0.0119438911047 0.0329607716282 0.0524410087849 0.0221298006688 0.0138764501608 0.0473589881678 0.0254189527494 0.0277815206396 
0.00217360282554 0.066065640282 0.00505579082037 0.245991240409 0.0107761072609 0.0214977822094 0.0151266980137 0.0119086574493 0.0364706023526 0.00989598231796 -0.00265430069651 0.0119438911047 0.460957439727 0.00931583553942 0.0204917018306 0.0238245692495 0.0612094582807 0.0535337856615 0.0214709108387 0.0165933036675 
0.00464065513663 0.00945271022477 0.0190915671226 0.0271951243969 0.0106552852517 0.0450311958171 0.00286680672501 0.0274486387371 0.00610985127042 0.0067217415915 0.0215393815301 0.0329607716282 0.00931583553942 0.168803615907 0.0150590485684 0.00866576647163 0.0139699006674 0.0296465474673 -0.00769382608914 0.0214788570635 
0.00853625055126 0.000444306745367 0.0156077584005 -0.000841444411141 0.0112174972847 0.0295771266482 0.0223128235752 0.0166142321257 0.0223008476749 0.00773528473156 -0.00568972112175 0.0524410087849 0.0204917018306 0.0150590485684 0.235271334229 0.0189248666115 0.0138665980545 0.0292231183779 0.0161995422081 0.0100886772842 
-0.00770001522373 -0.00764027853449 0.0174540705476 -0.012085138012 0.000228791221122 -0.00274219130693 0.00352661737023 0.00406154339449 -0.0214224448152 0.00498599220412 -0.000289971320225 0.0221298006688 0.0238245692495 0.00866576647163 0.0189248666115 1.3716250069 0.00386445484667 0.000529426523695 0.0140502557684 -0.000895913217768 
0.00896260010078 0.0139450440499 0.0119285279325 0.0503493079005 0.0143499594914 0.0129674513569 0.0095367068915 0.0101831158355 0.0198572677442 0.00913354554289 0.00302818905254 0.0138764501608 0.0612094582807 0.0139699006674 0.0138665980545 0.00386445484667 0.220194300624 0.00891766223449 0.0129545719351 0.0100279166069 
0.0371548820206 0.0464162530178 0.0161553017104 0.027448246447 0.0643470860479 0.0709776335913 0.0290482123283 0.0554020348303 0.071581111408 0.0104445915845 0.00369598468848 0.0473589881678 0.0535337856615 0.0296465474673 0.0292231183779 0.000529426523695 0.00891766223449 0.527312047587 0.0618808939817 0.0611517067611 
0.0162809334692 0.0384325923041 0.0497919259895 0.0339786836996 0.0321954782908 0.0335270165565 0.0101288567019 0.0167160565997 0.0399860873855 0.0155970660725 0.0207763739391 0.0254189527494 0.0214709108387 -0.00769382608914 0.0161995422081 0.0140502557684 0.0129545719351 0.0618808939817 1.01961244943 0.0278372498746 
0.01778634291 0.0310406325879 0.00371247029457 0.0433645045019 0.0371018226283 0.044121446004 0.00400381195143 0.0248904196814 0.0291174103967 0.0105425154427 0.00219901088125 0.0277815206396 0.0165933036675 0.0214788570635 0.0100886772842 -0.000895913217768 0.0100279166069 0.0611517067611 0.0278372498746 0.347267303104 

['CVS', 'CA', 'NWL', 'ADBE', 'MWV', 'PLD', 'BDX', 'MTB', 'EK', 'CLX', 'KSE', 'MCK', 'MCO', 'AEP', 'ABC', 'ESRX', 'CZN', 'KBH', 'MNST', 'SWK']