20
0.0155341374053 0.039859092222 0.0487859931196 0.0646745186267 0.026417897889 0.0331056926512 0.0131635076039 0.0406155741598 0.112290577846 0.0165000515881 0.114457978761 0.0132097716294 0.0153161335694 0.0752984700253 0.128222495688 0.0542920038725 0.0526943852585 0.0163484450471 0.0248078828137 0.00699576056141 
0.192943078496 0.00693771524006 0.00894021668444 0.0147080617336 0.00254614273612 8.67941339134e-05 0.0116462728313 0.00776729648634 0.0305309648006 0.00978762500116 0.00338972245046 0.00417765057286 0.00723653410056 0.0104873071884 0.0126606246255 0.0108905288306 0.0357600433203 0.0148260920566 0.00579461490386 -0.000454193608894 
0.00693771524006 0.28131977747 0.00705742034262 0.0203545939967 0.03591995936 0.0183457678003 0.0113419024298 0.0254199623319 0.0552978677837 0.0189212405177 0.034196951077 0.0231799413647 0.00986870036537 0.0354635414147 0.0406596404782 0.0228039694941 0.0527707363702 0.00841527231539 0.021243950316 0.00210971643586 
0.00894021668444 0.00705742034262 0.459437673161 0.0344839807389 0.0293132893681 0.0127341450065 0.0110175203031 0.0199609029922 0.0172171112906 0.0196818366465 0.0233426989474 0.0136927161562 0.0136238491926 0.0231601130202 0.0284198305924 0.0208366810586 0.0183967329112 0.0133185910369 0.0344453809622 0.0155707160251 
0.0147080617336 0.0203545939967 0.0344839807389 0.521364241508 -0.00547898104359 0.0136751109923 0.0106343851001 0.03351964071 0.0289601330651 0.0212977396683 0.0341336782904 -0.00316282409519 0.017507523098 0.00406433788997 0.0283790534002 -0.00598301446163 0.0231977574657 0.00531978368895 0.0228036858173 0.00364548077586 
0.00254614273612 0.03591995936 0.0293132893681 -0.00547898104359 0.2784862539 0.0176732393901 -0.0047491085893 0.0227425341759 0.0455546705317 0.000265912315967 0.0289015291779 0.0167868031807 0.000661516802644 0.0422959139789 0.0218685836848 0.0113630167052 0.0440822118553 0.0136839132933 0.05950562179 0.00614030985128 
8.67941339133e-05 0.0183457678003 0.0127341450065 0.0136751109923 0.0176732393901 0.211645816957 0.0463258659816 0.0375281467111 0.0366957100064 0.0382166001619 0.0467015976636 0.00970833265663 0.0374759726694 0.014114766813 0.0277122557193 0.0207321228938 0.0188418919319 0.047044023681 0.0151758064062 0.0333228604426 
0.0116462728313 0.0113419024298 0.0110175203031 0.0106343851001 -0.0047491085893 0.0463258659816 0.145434552481 0.0235045278108 0.0236602426248 0.0438848886838 0.018877036455 0.00530090832421 0.0453591074721 0.012011795768 0.0188949858565 0.0280450377904 0.0200017744533 0.0499409949566 0.00603043840362 0.0452009717059 
0.00776729648634 0.0254199623319 0.0199609029922 0.03351964071 0.0227425341759 0.0375281467111 0.0235045278108 0.232955692463 0.0285313665203 0.0295945332204 0.0278751734656 0.0207890803041 0.0242565982818 0.0203996778365 0.0561407315217 0.0267350202272 0.058220952875 0.0327060989595 0.0202360851665 0.0268579234897 
0.0305309648006 0.0552978677837 0.0172171112906 0.0289601330651 0.0455546705317 0.0366957100064 0.0236602426248 0.0285313665203 0.483279619046 0.0215584223072 0.16940049511 0.0102927016181 0.0213879656628 0.0541324175398 0.0731645028987 0.0281933394471 0.0162082302438 0.035002316322 0.0250052560621 0.00940847072074 
0.00978762500116 0.0189212405177 0.0196818366465 0.0212977396683 0.000265912315967 0.0382166001619 0.0438848886838 0.0295945332204 0.0215584223072 0.137325557059 0.0179675142644 0.00156624356119 0.0440672973803 0.00069602923679 0.0164995207484 0.0144477529234 0.0192341456707 0.0454217087941 0.00374516410454 0.0431124618332 
0.00338972245046 0.034196951077 0.0233426989474 0.0341336782904 0.0289015291779 0.0467015976636 0.018877036455 0.0278751734656 0.16940049511 0.0179675142644 0.421538056896 0.00620998774861 0.0166132568259 0.023306343915 0.0270887772154 0.0227623370171 0.00317595493158 0.0357793001695 -0.000814978099339 0.0149178119398 
0.00417765057286 0.0231799413647 0.0136927161562 -0.00316282409519 0.0167868031807 0.00970833265663 0.00530090832421 0.0207890803041 0.0102927016181 0.00156624356119 0.00620998774861 0.176532279799 3.84294070845e-05 0.0244768653501 0.0292357250268 0.0156204394237 0.0224445774683 0.00599146647237 0.0180080189766 0.000621803126941 
0.00723653410056 0.00986870036537 0.0136238491926 0.017507523098 0.000661516802644 0.0374759726694 0.0453591074721 0.0242565982818 0.0213879656628 0.0440672973803 0.0166132568259 3.84294070845e-05 0.134222361909 0.022644529036 0.0262741762278 0.0135474011948 0.0149673219607 0.0468204342201 0.00293491084932 0.0398775749307 
0.0104873071884 0.0354635414147 0.0231601130202 0.00406433788997 0.0422959139789 0.014114766813 0.012011795768 0.0203996778365 0.0541324175398 0.00069602923679 0.023306343915 0.0244768653501 0.022644529036 0.499932729772 0.0449626857432 0.044568173743 0.0331197142324 0.0224985577217 0.00360932651105 0.0132501128581 
0.0126606246255 0.0406596404782 0.0284198305924 0.0283790534002 0.0218685836848 0.0277122557193 0.0188949858565 0.0561407315217 0.0731645028987 0.0164995207484 0.0270887772154 0.0292357250268 0.0262741762278 0.0449626857432 0.547169148798 0.035161283525 0.0526480297461 0.0232074580429 0.0245989186346 0.0170121478388 
0.0108905288306 0.0228039694941 0.0208366810586 -0.00598301446163 0.0113630167052 0.0207321228938 0.0280450377904 0.0267350202272 0.0281933394471 0.0144477529234 0.0227623370171 0.0156204394237 0.0135474011948 0.044568173743 0.035161283525 0.288311822785 0.0215876951913 0.0291370559319 0.0151681011581 0.00387689612435 
0.0357600433203 0.0527707363702 0.0183967329112 0.0231977574657 0.0440822118553 0.0188418919319 0.0200017744533 0.058220952875 0.0162082302438 0.0192341456707 0.00317595493158 0.0224445774683 0.0149673219607 0.0331197142324 0.0526480297461 0.0215876951913 0.326611363419 0.0148066253082 0.0291288128276 0.0198381661342 
0.0148260920566 0.00841527231539 0.0133185910369 0.00531978368895 0.0136839132933 0.047044023681 0.0499409949566 0.0327060989595 0.035002316322 0.0454217087941 0.0357793001695 0.00599146647237 0.0468204342201 0.0224985577217 0.0232074580429 0.0291370559319 0.0148066253082 0.194472438038 0.00704108032304 0.0406323621253 
0.00579461490386 0.021243950316 0.0344453809622 0.0228036858173 0.05950562179 0.0151758064062 0.00603043840362 0.0202360851665 0.0250052560621 0.00374516410454 -0.000814978099339 0.0180080189766 0.00293491084932 0.00360932651105 0.0245989186346 0.0151681011581 0.0291288128276 0.00704108032304 0.210756124875 0.00633114003723 
-0.000454193608894 0.00210971643586 0.0155707160251 0.00364548077586 0.00614030985128 0.0333228604426 0.0452009717059 0.0268579234897 0.00940847072074 0.0431124618332 0.0149178119398 0.000621803126941 0.0398775749307 0.0132501128581 0.0170121478388 0.00387689612435 0.0198381661342 0.0406323621253 0.00633114003723 0.142767613948 

['MDP', 'CIT', 'BMET', 'SNA', 'MWV', 'SRE', 'AEE', 'SPG', 'NE', 'PGN', 'XTO', 'IBM', 'SO', 'STJ', 'NTAP', 'ORCL', 'HOT', 'TE', 'MMM', 'DTE']