30
0.0265193363437 0.0165000515881 0.104903250727 0.0559384191954 0.066200000993 0.0754552666066 0.0220926651793 0.0324915821016 0.0414012394119 0.0347696809731 0.0831725949645 0.0206012582373 0.0424048973372 0.0399774891594 0.163811268696 0.0413167922229 0.0545718905582 0.275379497042 0.0128714932266 0.005148759701 0.0502759777883 0.0215013837744 0.0682562642732 0.0528259349661 0.153319254475 0.116671338284 0.0211692002509 0.0472748306646 0.0440278725419 0.023795453615 
0.212035436546 0.00723723451041 0.0362861548422 0.0127586118428 0.0140324967301 0.00816884979389 0.0167527964893 0.00529946053255 0.0187278337855 0.0246089559468 0.0175033260895 0.0233936292293 0.0422560252935 -0.00506548513275 -0.0186474198057 0.011277355322 0.0185587898137 -0.000376840494375 0.0153929544234 0.00667168775676 0.0129081295436 0.0196327466897 0.0213829405439 0.017026616054 0.0222901731618 -0.00389754530485 0.0209589677147 0.00298727752334 0.00826178732638 0.00956129259088 
0.0072372345104 0.148698706561 0.00357845681441 0.00952706541587 0.0222873326874 0.027703992556 0.0326839858144 0.00396879455712 0.0151761326069 0.0153908013286 0.0120167666516 0.0127254264183 0.0116809939119 0.021897178284 -0.0016939193867 0.0175201386687 0.0452714513219 0.00185487240974 -0.000832333815079 0.00697784122014 0.0227344316799 0.00981980467293 0.0131214201517 0.00913477215841 0.012957250251 0.00900347858453 0.0121008139392 0.00629148959246 0.0119342426096 0.0455107145937 
0.0362861548422 0.00357845681441 0.47728787809 0.0476930617973 0.0394702364352 0.0317444259147 0.0191689787282 0.00118318400593 0.0347931090902 0.0421287429287 0.0542764198575 0.0295271984872 0.0256063434848 0.000881274086548 0.014288624397 0.0302412843787 0.00529974406681 -0.0178794066428 0.0131948475055 0.0144692534216 0.0261355989082 0.0343780230818 0.0419834039351 0.0397911258453 0.0630870953792 0.02918609914 0.0440000722875 -0.00267497442173 0.0268825020464 0.00841334166666 
0.0127586118428 0.00952706541586 0.0476930617973 0.238021551945 0.0124824195441 0.0247612377581 0.0189290528196 0.0191256083169 0.0148867539055 0.024540320466 0.00678885057277 0.00219690614638 0.00757685890522 -0.0102570212945 0.0028069056387 0.0132980810158 0.0148262538365 -0.0150774149356 0.0173314772737 0.017925570121 0.0177039651363 0.0118552155846 0.0257873721019 0.0280067032862 0.0355612318248 0.0276202944471 0.00371665726714 0.0161672206782 0.0362231017183 0.000803005528344 
0.0140324967301 0.0222873326874 0.0394702364352 0.0124824195441 0.647741711614 0.0471240500828 0.0271103173832 0.0251288011005 0.0423010864361 0.00606272170832 0.0121352314013 0.0188514686571 0.0257227068585 0.0137390104565 -0.0101893242433 0.0372355353116 0.0181414395212 0.00126907309421 0.00217276454797 -0.00088809811709 0.0364399952772 0.0262296023907 0.0069822337058 0.0305221586515 0.0113913704605 0.0161191214681 0.00856160229199 0.0151848650009 0.0726625544666 0.0431109954082 
0.00816884979389 0.027703992556 0.0317444259147 0.0247612377581 0.0471240500828 0.670408673823 0.0142337942326 0.0402155934554 0.030901451162 0.0253599541677 0.0260981610667 0.0203885441645 0.0207523260882 -0.00241853714729 -0.00356522910259 0.0317647043582 0.0325525321935 -0.00383465442855 0.0265156616755 0.0106615545608 0.0103092575783 0.0283606647402 0.0224729101342 0.0214347885286 0.0549835693918 0.0320282317511 0.0201182345241 0.00464082289246 0.0376154975171 -0.00464819504228 
0.0167527964893 0.0326839858144 0.0191689787282 0.0189290528195 0.0271103173832 0.0142337942326 0.228101005191 0.00417470186205 0.0104935371266 0.0190425266389 0.0187776976669 0.00334626467971 0.00785947231084 0.0317658909703 -0.0102297660712 0.00797643181801 0.0495179437373 0.00809963625757 0.0117168741064 0.000505978221511 0.0166098344224 0.0025111938785 0.00459144867246 0.0109213102438 0.0383042263402 0.0137378718762 0.00498354568484 0.0141794400713 0.0155832170098 0.0432862369726 
0.00529946053255 0.00396879455711 0.00118318400593 0.0191256083169 0.0251288011005 0.0402155934554 0.00417470186205 0.310698060827 -0.0025507237928 0.0171230000393 0.0178328107882 0.0195418961231 0.0113338431061 -0.00136585991043 -0.00623129797921 0.0276107555603 0.0103758498856 0.00295426616884 0.0131838682589 0.00577748246735 0.033414224159 0.0169116563217 0.0289560308406 0.00967621112119 0.0321867811712 0.00929868614983 0.00228486107163 0.0102521822982 0.0413809858514 0.0152493825664 
0.0187278337855 0.0151761326069 0.0347931090902 0.0148867539055 0.0423010864361 0.030901451162 0.0104935371266 -0.0025507237928 0.247602068487 -0.00256534700591 0.0255003750919 0.0107610613216 0.00873313813625 0.00187419285731 0.00439086139081 0.017393616696 0.0197460213413 -0.00268923521956 -0.00783411414839 0.01489048107 0.00881831487696 0.0206803550004 0.00805854081435 0.0194186279252 0.0231311878926 0.0140450823806 0.00513780215698 0.00632993657304 0.0113541509102 0.0252670611076 
0.0246089559468 0.0153908013286 0.0421287429287 0.024540320466 0.00606272170832 0.0253599541677 0.0190425266389 0.0171230000393 -0.00256534700591 0.24186754842 0.0100337396087 0.0280737533883 0.00871461924604 -0.00709716659569 0.00609357428419 0.0281975272164 0.0167437834581 -0.0188655641315 0.00360482194597 0.00913664439515 0.0304708963067 0.0222472129077 0.0281441511844 0.0339746693 0.0372666301108 0.0216173656322 0.0103430511736 0.021593234152 0.0254125289866 0.0103112572928 
0.0175033260895 0.0120167666516 0.0542764198575 0.00678885057277 0.0121352314013 0.0260981610667 0.0187776976669 0.0178328107882 0.0255003750919 0.0100337396087 0.462418485559 0.022597947744 -0.00812206397331 0.0177325830687 0.00902481147712 0.00681917761002 0.0274935010248 -0.0171628941258 0.0204384916305 0.0261526683045 0.00962786515983 0.035794856053 0.0196993667338 0.0465214782034 0.0372585140618 0.0289308611289 0.0117390792643 0.00915074963984 0.0118572214728 0.0160373350777 
0.0233936292293 0.0127254264182 0.0295271984872 0.00219690614637 0.0188514686571 0.0203885441645 0.00334626467974 0.0195418961231 0.0107610613217 0.0280737533883 0.022597947744 0.194200517263 0.000204630100472 0.0017241585758 0.0115832236973 0.0247697340321 0.019217249792 -0.0103512150493 0.0123950539169 0.00751746828722 0.00154101236203 0.0315209017044 0.0490211787641 0.0189792880653 0.0206985822208 0.00882029524283 0.000494519180485 0.0235064507773 0.0277029173584 0.00630400659937 
0.0422560252935 0.0116809939119 0.0256063434847 0.00757685890522 0.0257227068585 0.0207523260882 0.00785947231084 0.0113338431061 0.00873313813625 0.00871461924605 -0.00812206397331 0.000204630100474 0.399440354208 0.00205750814201 -0.00415515413692 0.0137912907721 0.00730770549888 -0.00457336546019 0.0192142306474 0.0160969447265 0.00586502383316 0.0292364185416 0.00564662232626 0.0187188526084 0.0157307299809 -0.00286630018739 0.0164544920488 -0.00583846942412 0.00843190395628 0.00507614670093 
-0.00506548513275 0.021897178284 0.000881274086551 -0.0102570212945 0.0137390104565 -0.00241853714729 0.0317658909702 -0.00136585991043 0.00187419285731 -0.00709716659569 0.0177325830687 0.00172415857579 0.00205750814201 0.446594175013 -0.000558116000846 0.0115201295883 0.0177956162627 0.0154656435839 0.00441780261047 0.00305766773557 0.0103082554082 -0.0242727407539 -0.0153713299548 0.0252943917225 0.00125643891312 -0.0120989977394 -0.00422758085987 0.0115397014362 -0.0138482212119 0.0155116412641 
-0.0186474198057 -0.0016939193867 0.014288624397 0.0028069056387 -0.0101893242433 -0.00356522910259 -0.0102297660712 -0.00623129797921 0.00439086139081 0.00609357428419 0.00902481147712 0.0115832236973 -0.00415515413692 -0.000558116000846 1.37023807131 0.0222712293491 0.00131849440159 -0.0124366573128 0.0047123647125 -0.00636921090345 -0.0107507200029 0.00624418115578 0.00849032791691 0.00522949180493 0.0104002123345 -0.00507381396051 -0.0173259804508 0.0177795671796 0.061264161445 0.00325166102959 
0.011277355322 0.0175201386687 0.0302412843787 0.0132980810158 0.0372355353116 0.0317647043582 0.00797643181801 0.0276107555603 0.017393616696 0.0281975272164 0.00681917761002 0.0247697340321 0.013791290772 0.0115201295883 0.0222712293491 0.250276802683 0.0282458588414 0.019831201975 0.00737247425098 0.0111344600842 0.017135287712 0.0336166107481 0.0396667793559 0.0170588401964 0.0366998265009 0.00481525208191 0.00706280412481 0.0165657564181 0.00911791952254 0.0245366775994 
0.0185587898137 0.0452714513219 0.00529974406681 0.0148262538365 0.0181414395212 0.0325525321935 0.0495179437373 0.0103758498856 0.0197460213413 0.0167437834581 0.0274935010248 0.0192172497919 0.00730770549888 0.0177956162627 0.00131849440159 0.0282458588414 0.28229981168 0.00562607131748 0.0176709205046 0.00447257409346 0.0293796571595 0.00548706953424 -0.00917933823726 0.0109682034492 0.0131219640292 0.0395345880411 -7.78247296239e-05 0.00815729218134 0.00679831760376 0.0622498255858 
-0.000376840494375 0.00185487240974 -0.0178794066428 -0.0150774149356 0.00126907309421 -0.00383465442855 0.00809963625757 0.00295426616884 -0.00268923521956 -0.0188655641315 -0.0171628941258 -0.0103512150493 -0.00457336546019 0.0154656435839 -0.0124366573128 0.019831201975 0.00562607131748 4.0954075579 0.00360961749512 -0.00146424251514 0.0034211376354 -0.0120220543105 -0.015680819281 0.00528369550679 -0.00268697694451 -0.0293258203587 0.00313687553568 0.00101954961308 -0.00624639679047 0.0124131292953 
0.0153929544234 -0.000832333815072 0.0131948475055 0.0173314772737 0.00217276454797 0.0265156616755 0.0117168741064 0.0131838682589 -0.0078341141484 0.00360482194597 0.0204384916305 0.0123950539169 0.0192142306474 0.00441780261047 0.0047123647125 0.00737247425098 0.0176709205046 0.00360961749512 0.226156704864 0.00952556416026 -0.00376277456117 -0.00317778114697 -0.00347668132627 0.0117044148478 0.00821792709345 0.00344203490966 0.00319949290948 0.001306534903 -0.00309005908843 -0.00237820405452 
0.00667168775676 0.00697784122014 0.0144692534216 0.017925570121 -0.000888098117091 0.0106615545608 0.000505978221514 0.00577748246735 0.01489048107 0.00913664439515 0.0261526683045 0.00751746828721 0.0160969447265 0.00305766773557 -0.00636921090345 0.0111344600842 0.00447257409346 -0.00146424251514 0.00952556416026 0.234981935222 0.00566119293888 0.0166878186438 -0.00055110227787 0.0241874773783 0.0103650382388 0.0274579707621 0.0043485330848 0.00667689578859 0.0235131247372 0.0113814970694 
0.0129081295436 0.0227344316799 0.0261355989082 0.0177039651363 0.0364399952772 0.0103092575783 0.0166098344224 0.033414224159 0.00881831487696 0.0304708963067 0.00962786515983 0.00154101236203 0.00586502383316 0.0103082554082 -0.0107507200029 0.017135287712 0.0293796571595 0.0034211376354 -0.00376277456117 0.00566119293888 0.271817814768 0.0125307651838 0.0227848914123 0.0124796933326 0.0329235186771 0.0129862244802 0.00228906762855 0.00376076629152 0.0217737482409 0.0172823677978 
0.0196327466897 0.00981980467293 0.0343780230818 0.0118552155846 0.0262296023907 0.0283606647402 0.0025111938785 0.0169116563217 0.0206803550004 0.0222472129077 0.035794856053 0.0315209017044 0.0292364185416 -0.0242727407539 0.00624418115578 0.0336166107481 0.00548706953424 -0.0120220543105 -0.00317778114697 0.0166878186438 0.0125307651838 0.288017287081 0.0397067760076 0.0288254167215 0.0476384920746 0.00110292273976 0.0114814655844 0.00810126712792 0.0212585639831 0.0164102616999 
0.0213829405439 0.0131214201517 0.0419834039351 0.0257873721019 0.0069822337058 0.0224729101342 0.00459144867245 0.0289560308406 0.00805854081435 0.0281441511844 0.0196993667337 0.0490211787641 0.00564662232625 -0.0153713299548 0.00849032791691 0.0396667793559 -0.00917933823727 -0.015680819281 -0.00347668132627 -0.000551102277871 0.0227848914123 0.0397067760076 0.386347543256 0.0106769992687 0.0479679546156 0.0214510649462 0.0103917250452 0.00433979543286 0.0221257002734 -0.00655369585191 
0.017026616054 0.00913477215842 0.0397911258453 0.0280067032862 0.0305221586515 0.0214347885286 0.0109213102438 0.00967621112119 0.0194186279252 0.0339746693 0.0465214782034 0.0189792880653 0.0187188526084 0.0252943917225 0.00522949180493 0.0170588401964 0.0109682034492 0.00528369550679 0.0117044148478 0.0241874773783 0.0124796933326 0.0288254167215 0.0106769992687 0.291618496183 0.0108917437844 0.0567513106215 0.0181788819801 0.0105230068908 0.0155568540827 0.0119626671914 
0.0222901731618 0.012957250251 0.0630870953792 0.0355612318248 0.0113913704605 0.0549835693918 0.0383042263402 0.0321867811712 0.0231311878926 0.0372666301108 0.0372585140618 0.0206985822208 0.0157307299809 0.00125643891312 0.0104002123345 0.0366998265009 0.0131219640292 -0.00268697694451 0.00821792709345 0.0103650382388 0.0329235186771 0.0476384920746 0.0479679546156 0.0108917437844 0.630716609769 0.0595867598257 0.00761369522837 0.0139445665885 0.0273093325752 0.00862068780563 
-0.00389754530485 0.00900347858453 0.02918609914 0.0276202944471 0.0161191214681 0.0320282317511 0.0137378718762 0.00929868614983 0.0140450823806 0.0216173656322 0.0289308611289 0.00882029524283 -0.00286630018739 -0.0120989977394 -0.00507381396051 0.00481525208191 0.0395345880411 -0.0293258203587 0.00344203490966 0.0274579707621 0.0129862244802 0.00110292273976 0.0214510649462 0.0567513106215 0.0595867598257 1.07322803855 0.0196892116617 -0.0177913189452 0.0341077696411 0.0296553466215 
0.0209589677147 0.0121008139392 0.0440000722875 0.00371665726713 0.00856160229199 0.0201182345241 0.00498354568485 0.00228486107162 0.00513780215698 0.0103430511736 0.0117390792643 0.000494519180467 0.0164544920488 -0.00422758085987 -0.0173259804508 0.00706280412481 -7.78247296137e-05 0.00313687553568 0.00319949290948 0.0043485330848 0.00228906762855 0.0114814655844 0.0103917250452 0.0181788819801 0.00761369522837 0.0196892116617 0.2071186982 0.0487003691791 0.00539322177414 0.0104630930424 
0.00298727752334 0.00629148959247 -0.00267497442172 0.0161672206782 0.0151848650009 0.00464082289246 0.0141794400713 0.0102521822982 0.00632993657304 0.021593234152 0.00915074963984 0.0235064507773 -0.00583846942412 0.0115397014362 0.0177795671796 0.0165657564181 0.00815729218133 0.00101954961308 0.001306534903 0.00667689578859 0.00376076629152 0.00810126712791 0.00433979543286 0.0105230068908 0.0139445665885 -0.0177913189452 0.0487003691791 0.35720754719 0.00427725339343 0.00824046648494 
0.00826178732639 0.0119342426096 0.0268825020464 0.0362231017183 0.0726625544666 0.0376154975171 0.0155832170098 0.0413809858514 0.0113541509102 0.0254125289866 0.0118572214728 0.0277029173584 0.00843190395628 -0.0138482212119 0.061264161445 0.00911791952253 0.00679831760374 -0.00624639679047 -0.00309005908842 0.0235131247372 0.0217737482409 0.0212585639831 0.0221257002734 0.0155568540827 0.0273093325752 0.0341077696411 0.00539322177412 0.00427725339344 0.214969867571 0.0181171105958 
0.00956129259087 0.0455107145937 0.00841334166666 0.000803005528363 0.0431109954082 -0.00464819504228 0.0432862369726 0.0152493825664 0.0252670611076 0.0103112572928 0.0160373350777 0.00630400659942 0.00507614670093 0.0155116412641 0.00325166102959 0.0245366775994 0.0622498255857 0.0124131292953 -0.00237820405453 0.0113814970694 0.0172823677978 0.0164102616999 -0.00655369585191 0.0119626671914 0.00862068780563 0.0296553466215 0.0104630930424 0.00824046648493 0.0181171105957 0.181444709374 

['IFF', 'PGN', 'MON', 'TMO', 'AVP', 'TIF', 'CMS', 'AZO', 'EOP', 'HON', 'YHOO', 'DD', 'ZMH', 'HCA', 'ESRX', 'MCK', 'PEG', 'RSH', 'MDT', 'WWY', 'UST', 'INTC', 'FDX', 'ACE', 'CC', 'RHI', 'RX', 'DGX', 'WMI', 'ETR']