40
0.0565518641406 0.0690415105338 0.0340091550877 0.0420146984796 0.0406155741598 0.0884893451388 0.0733521468466 0.0330111524363 0.093312473985 0.00699576056141 0.0766147585819 0.148169679735 0.022286409141 0.0383245101253 0.0297209295042 0.0933125666969 0.0318751717172 0.640104613609 0.10135047428 0.0528259349661 0.018453974145 0.0448250845436 0.0446705301477 0.0707348977441 0.118814959333 0.078059567066 0.0545934085328 0.023795453615 0.0128714932266 0.026407260569 0.0285158318856 0.0299059053764 0.0124927962784 0.0282353637115 0.0635798530397 0.0291248595558 0.208286894217 0.019144788815 0.0314738433907 0.0335346879574 
0.23621844586 0.0291942818468 0.0216402678469 0.0173452418435 0.0833260771918 0.0188651751849 0.0277272262653 0.0167159258937 0.00857662132151 0.0182761517616 0.00636494247173 0.0176406160731 0.0130328944333 0.0233538572339 0.0110634141438 0.0247871171955 0.0184148171565 0.00438261499734 0.0435974307 0.0145089966502 0.00369383637853 0.0189664705718 0.0198608111279 0.00332090009442 0.0286488286147 0.0157102860447 0.0432479306674 0.0338988964627 0.00310185522539 0.0236413069451 0.021726593165 0.0129520459418 0.0294152010599 0.026999551012 0.0202458233016 0.0199024746788 0.027365199865 0.0351567070565 0.0106803435154 0.0209775204178 
0.0291942818468 0.434582744463 0.0162580434902 0.0283626397803 0.0180923364678 0.0344206492704 0.00850766205792 0.0292821780789 0.0252707519523 0.00262190744608 0.0672701504536 0.0270454077342 0.0133829004061 0.020869419633 0.00643469245476 0.0114195876322 0.00990803406741 0.00406434314944 0.0688919266547 0.0229325326005 0.0144680290273 0.013188627422 0.0334108951019 0.0168590474241 0.0546453631806 0.0320880395217 0.0605548900242 0.00591536694615 0.00541768461188 0.0173908280041 0.0207983634707 0.0149126856042 0.023853732171 0.0222854447097 0.0269929981647 0.0102663872987 0.0148247030549 0.0498469201213 0.00225319996275 0.0115506542812 
0.0216402678469 0.0162580434902 0.205165371215 0.0141817258681 0.0152318982077 0.0130750002182 0.0140255734741 0.0246103279597 -0.0156974269945 0.0108380174907 0.0179261022865 0.0166582914565 0.00698080093654 0.0188595918986 0.00168630363343 0.00673886054367 0.00974752823661 0.000601551615294 0.0363385696721 0.024331097975 0.00390213156301 0.0232214245034 0.00701247264921 0.0050406494217 0.0105166661098 0.0141419961647 0.013467438689 0.0173695843952 -0.00303290033213 0.0408287276406 0.0196684248728 0.0153160372469 0.0201401570931 0.0399311627003 0.0341178746802 0.0339985350239 0.0203105365374 0.0228688916102 0.0198730755395 0.0181602297792 
0.0173452418435 0.0283626397803 0.0141817258681 0.214579140052 0.0177318764368 0.0326672312093 0.0243659378891 0.0104898011748 0.0631753392689 0.017991531178 0.0186915493353 0.0281392017296 0.00192687590555 0.0243064573816 0.0139289286165 0.00188091776372 0.0288386735007 0.00482475994239 0.0256463370797 0.0214532079837 -0.00224044972204 0.0127374741679 0.0212217125246 0.0128693289355 0.0182569624449 0.00645695302995 0.0296559590587 0.0211233131387 0.00109641829491 0.0152105476185 0.0275785749246 0.020944804053 0.0126737511018 0.0134344579925 0.0175744571276 0.00761343524575 0.0124416446108 0.0100692289829 0.0120614514244 0.00789707097145 
0.0833260771918 0.0180923364678 0.0152318982077 0.0177318764368 0.211255474412 0.0299427905034 0.0368708123644 0.0205923689808 0.0182868048338 0.0238128374985 0.0135071738972 0.0235345001507 0.011091100728 0.0249438835421 0.0201831814057 0.0185264813871 0.0287197195157 -0.014679181308 0.0222612169768 0.0229091482962 0.0128798690504 0.0225376537165 0.0108702062904 0.00890964567393 0.0190653598754 0.000717233081241 0.0467748176577 0.0333995117859 -0.00333821546387 0.0237774974091 0.0193283785399 0.026852336051 0.0225016133133 0.0328530360592 0.0439426468608 0.0308702861032 0.0137607578949 0.0274621165589 0.0117988236376 0.0159002254408 
0.0188651751849 0.0344206492704 0.0130750002182 0.0326672312093 0.0299427905034 0.478443213155 0.0384746012789 0.0188713563366 0.00576432522633 -0.000942692585237 0.079571729137 0.00435520848745 -0.00749702319431 0.0312300689614 0.00279386964963 0.00101795292497 0.0100209810924 -0.00980771897439 0.0604095171705 0.0296402559161 0.00901694773463 0.0158997041618 0.0327625650982 -0.00458390414796 0.015212219943 0.021176492558 0.0413825014471 -0.000252113893496 0.0182804111178 0.00843886761086 0.00617126844428 0.0286517435989 0.0122696184563 0.00990823782113 0.0113558389601 0.00773087871731 0.0430058262651 0.0080066960166 0.0100059530805 0.0172240340946 
0.0277272262653 0.00850766205792 0.0140255734741 0.0243659378891 0.0368708123644 0.0384746012789 0.440343152954 0.0437084170857 0.0233321543041 0.0149192771469 -0.0162710530561 0.0210265296467 0.00704375863201 0.0164849008731 0.0156407528218 0.00124868192913 0.0124109758178 -0.00566682499878 0.0231648204265 0.0260408435369 0.0196692483261 0.0240052840775 -0.00548191992011 0.00912505945862 0.0129142045314 0.0121510090036 0.0174522879843 0.0286263407295 0.00792277117824 0.0288449552597 0.00382884968772 0.0199724445143 0.0171518053706 0.0319104882274 0.0197742940176 -0.0064463274292 -0.0216491361735 0.0223400183206 -0.00102752491697 0.0152051074483 
0.0167159258937 0.0292821780789 0.0246103279597 0.0104898011748 0.0205923689808 0.0188713563366 0.0437084170857 0.303034086867 0.00851736313656 0.0085038417021 0.0375236910347 0.0284659973196 0.0129484183981 0.0613385070433 0.00555856984086 -0.00030703522036 0.0114883973549 0.00332449703784 0.0235317377952 0.0128938712523 0.00689934155003 0.0510038326229 0.0242541223156 0.0150292824153 0.00451470964237 0.0151436436687 0.0251942146296 0.00378094559252 0.0202320024518 0.0195629433469 0.018362035385 0.00779458198819 0.0317632081438 0.0217784850316 0.0266798560155 0.0215169298827 0.0249267453791 0.0903398223794 0.0354206359756 0.0138443181233 
0.0085766213215 0.0252707519523 -0.0156974269945 0.0631753392689 0.0182868048338 0.00576432522633 0.0233321543041 0.00851736313656 0.457781091789 0.0143714473802 0.0164774984119 0.0383738235504 0.00868291183975 0.0196649819605 -0.00513203173716 0.0148359447863 0.0150258702681 -0.0123509774989 0.0306198725545 0.00231547380169 0.0168771530362 -0.00659948525193 0.00917126526716 0.0101807668951 0.0344717121502 0.0215630592383 0.0377529159033 0.0137516903566 0.0146691919287 -0.00147865124742 0.048371373752 -0.00169194091616 0.00793063622425 0.00648674548227 0.00182707100309 0.0250211344624 -0.0135101085186 0.0121372427712 0.0368364059417 -0.00310741050385 
0.0182761517616 0.00262190744609 0.0108380174907 0.017991531178 0.0238128374985 -0.000942692585239 0.0149192771469 0.0085038417021 0.0143714473802 0.141735772565 -0.00193503321929 0.021779532107 0.00308230439651 0.00296286472372 0.0115457151648 -0.00240097189882 0.0458273919261 -0.00306227223306 0.00280465256241 0.00845335331155 0.00651335945746 0.0102771594347 0.0138828100021 0.0119418476583 0.00529958031629 -0.00214268663426 0.00934148139772 0.0410130745101 0.0150131510797 0.0203262796761 0.0386154764521 0.013431025353 0.0102585583998 0.0216959162532 0.000685905204742 0.00978647524479 0.0213023383011 0.00511008878037 0.00583132167069 0.0182815444676 
0.00636494247173 0.0672701504536 0.0179261022865 0.0186915493353 0.0135071738972 0.079571729137 -0.016271053056 0.0375236910347 0.0164774984119 -0.00193503321929 0.474620639128 0.0274157939509 0.0189279939441 0.0293135029755 0.0179803688219 0.000145552556592 0.00530617560033 0.00416354331799 0.0557849362464 0.0386816046101 0.0187423614473 0.0240611968042 0.0681816675764 0.0215402294008 0.0713306880189 0.0265413992413 0.0473361212362 0.0221691141426 0.0102793957545 0.0117865306518 0.0108067028937 0.0166391996241 0.0113228861153 0.0209776866491 0.0111510929953 0.0113663649236 0.0348577512176 0.0218539512714 0.02943068986 0.0125614227965 
0.0176406160731 0.0270454077342 0.0166582914565 0.0281392017296 0.0235345001507 0.00435520848744 0.0210265296467 0.0284659973196 0.0383738235504 0.021779532107 0.0274157939509 0.475131008217 0.0127002656718 0.0292213705028 0.00467326143373 0.00534734799613 0.0171914890448 0.0230409950629 0.0110920238844 -0.00116697736156 0.00778465358536 0.0144751389882 0.0263941785617 0.0145174720067 0.00881146965764 0.041784571276 0.0273140401277 0.00424103588012 0.0024582566149 0.00596462441539 0.0207412508684 0.0105939989387 0.0179860021225 0.00796481066415 0.00273693299396 0.00334592462652 0.00862079344816 0.0289911635998 0.0104939178494 0.00928950792816 
0.0130328944333 0.0133829004061 0.00698080093651 0.00192687590557 0.011091100728 -0.00749702319431 0.00704375863201 0.0129484183981 0.00868291183973 0.00308230439652 0.0189279939441 0.0127002656718 0.248968538671 0.0169137450937 0.00943778278896 -0.00736203458179 0.00384282407222 -0.00542382113388 0.0113645585598 -0.00180516693561 -0.00333472092479 0.0161985066008 0.00283086876604 -0.00326884656053 0.014456099725 -0.000250252940253 0.00253161698646 0.0080281733291 -0.00128496456297 0.00664355291103 0.0142655599212 0.00855253215943 0.00497811367614 0.00396050117469 0.0055359535695 -0.0024098522322 0.012041675302 0.0155288375068 0.0017037203998 0.00842720803737 
0.0233538572339 0.020869419633 0.0188595918986 0.0243064573816 0.0249438835421 0.0312300689614 0.0164849008731 0.0613385070433 0.0196649819605 0.00296286472371 0.0293135029755 0.0292213705028 0.0169137450937 0.328589620938 0.00967895404782 -0.00084939094994 -0.00536190820126 0.0104658151795 0.0235107852966 0.0213307567489 0.0161503482124 0.0556606087116 0.0181500657885 -0.000936403804875 0.0244391460206 0.0203164445324 0.0163599686166 0.00565566166634 0.0170518581758 0.0133712503828 0.00442090316396 0.0346097983808 0.0195268087908 0.0198909259381 0.021228898145 0.00556582035245 0.0320228537346 0.0347688001787 0.0144949735045 0.0133357160669 
0.0110634141438 0.00643469245476 0.00168630363342 0.0139289286165 0.0201831814057 0.00279386964963 0.0156407528218 0.00555856984086 -0.00513203173717 0.0115457151648 0.0179803688219 0.00467326143373 0.00943778278895 0.00967895404782 0.221248142879 0.000774184412783 0.000430632970587 0.0140075890838 0.00190275818242 0.00932986728775 -0.00700597627756 0.0155256563849 0.00975672698335 0.00302066783596 0.00262720762044 0.00284090158036 7.12605828884e-05 -0.000943924685441 0.0110445110197 0.0121824216571 0.00445628852844 0.0274436774095 -0.00303295007713 0.010098709163 0.00611110900776 0.00448478775782 0.0039705146616 0.00541413287562 0.0288247493395 0.00233070642432 
0.0247871171955 0.0114195876322 0.00673886054367 0.00188091776371 0.0185264813871 0.00101795292497 0.00124868192912 -0.000307035220366 0.0148359447863 -0.00240097189882 0.000145552556595 0.00534734799611 -0.00736203458179 -0.000849390949945 0.000774184412782 0.994735941077 0.0117756268552 0.016476043032 -0.007392235494 0.00934179073695 -0.00119869124332 0.0048141230855 0.0120581662054 0.10898332072 0.0235200359819 0.0140890596791 0.0258159759893 0.00385316148465 0.00429243357293 0.00960624673051 -0.0100177655981 -0.00191621690303 0.00226423019185 0.00895205315013 0.0210099163678 1.35063165871e-05 -0.00793039412528 -0.00328901784975 0.0102602090839 0.00109387025512 
0.0184148171565 0.00990803406741 0.00974752823662 0.0288386735007 0.0287197195157 0.0100209810924 0.0124109758178 0.0114883973549 0.0150258702681 0.0458273919261 0.00530617560034 0.0171914890448 0.00384282407219 -0.00536190820125 0.000430632970578 0.0117756268552 0.179427115816 0.00914881666069 0.012622276214 0.0144295494765 0.0037534865784 0.0103551510975 0.00296770641343 0.0157803610226 0.0155899750194 0.00856770176258 0.0228006246865 0.038088481966 0.00567937548885 0.0320371762966 0.0479538443967 0.00979642260027 0.0069132552134 0.0183038574611 0.0152383505105 0.00825922302903 0.0367239774022 0.00949070351816 0.0135527234167 0.0171257473913 
0.00438261499734 0.00406434314944 0.000601551615294 0.00482475994239 -0.014679181308 -0.00980771897439 -0.00566682499878 0.00332449703784 -0.0123509774989 -0.00306227223306 0.00416354331799 0.0230409950629 -0.00542382113388 0.0104658151795 0.0140075890838 0.016476043032 0.00914881666069 6.86762247727 0.000814174366003 0.0466291904281 -0.00304559946433 0.00369584041039 0.00603013646461 0.000225204238508 0.00681615616726 -0.0514396774115 0.0143904789865 -0.011880582177 0.0197749213998 0.0049582646814 0.00458494987568 0.0106674245091 -8.77372159333e-05 0.00842713041633 -0.0064458356035 0.00440731397866 0.0150258832343 0.0136083912097 0.0197525621313 -0.0169470321713 
0.0435974307 0.0688919266547 0.0363385696721 0.0256463370797 0.0222612169768 0.0604095171705 0.0231648204265 0.0235317377952 0.0306198725545 0.00280465256242 0.0557849362464 0.0110920238844 0.0113645585598 0.0235107852966 0.00190275818242 -0.00739223549402 0.012622276214 0.000814174366003 0.565181701118 0.0134930659052 0.00996469023397 0.0133865815018 0.0617524076926 0.02614532211 0.0704115222727 0.0159891267819 0.0539396889628 0.00299034764204 -0.00655943721854 0.0331891932905 0.0082360929668 0.0367321953213 0.0379721818292 0.0340401649966 0.0989565214515 0.0122137047466 0.0598769950027 0.0159643006013 0.0316568168583 0.00824328676249 
0.0145089966502 0.0229325326005 0.024331097975 0.0214532079837 0.0229091482962 0.0296402559161 0.0260408435369 0.0128938712523 0.00231547380169 0.00845335331155 0.0386816046101 -0.00116697736156 -0.00180516693559 0.0213307567489 0.00932986728776 0.00934179073695 0.0144295494765 0.0466291904281 0.0134930659052 0.285337128981 0.0171225760282 0.0253966445186 0.0222032413273 0.00310436910094 0.000751820169045 0.0150574041876 0.0232698459218 0.0127202758669 0.0106995615679 0.0252500288265 0.0147722015263 0.0669054994274 0.0183013404449 0.0249586450669 0.0319006705723 0.0110459964869 0.0141301529128 0.0156528002154 0.00386399079703 0.0169384174656 
0.00369383637852 0.0144680290273 0.00390213156301 -0.00224044972203 0.0128798690504 0.00901694773463 0.0196692483261 0.00689934155002 0.0168771530362 0.00651335945747 0.0187423614473 0.00778465358536 -0.00333472092482 0.0161503482124 -0.00700597627756 -0.00119869124332 0.00375348657841 -0.00304559946433 0.00996469023397 0.0171225760282 0.251336038395 0.0089897707923 0.00937468065141 -0.00207568147594 0.0133747727917 0.0152251728923 0.0186428268122 0.0123143538979 0.0213559698853 0.00367490362012 8.50066202121e-05 0.00498078239071 0.00662453066356 0.0123480666233 0.0117935123815 0.0127710856609 -0.0166455939591 0.0157705583935 0.000954817957076 0.00453806018968 
0.0189664705718 0.013188627422 0.0232214245034 0.0127374741679 0.0225376537165 0.0158997041618 0.0240052840775 0.0510038326229 -0.00659948525193 0.0102771594347 0.0240611968042 0.0144751389882 0.0161985066008 0.0556606087116 0.0155256563849 0.0048141230855 0.0103551510975 0.00369584041039 0.0133865815018 0.0253966445186 0.0089897707923 0.243065118417 0.0248283473597 0.00229206231478 0.0219918522897 0.00936151425101 0.0173077223536 0.00691725731158 0.00728870420904 0.0282720333788 -0.00335321298503 0.0246403026834 0.0129582029993 0.0187528629722 0.0202080975928 0.0223359919812 -0.00393390797392 0.0439113455779 0.0144633338212 0.00256876127526 
0.0198608111279 0.0334108951019 0.00701247264921 0.0212217125246 0.0108702062904 0.0327625650982 -0.00548191992011 0.0242541223156 0.00917126526716 0.0138828100021 0.0681816675764 0.0263941785617 0.00283086876605 0.0181500657885 0.00975672698335 0.0120581662054 0.00296770641343 0.00603013646461 0.0617524076926 0.0222032413273 0.00937468065142 0.0248283473597 0.326627314979 0.0350255482059 0.0275989870844 0.0178261762536 0.0451873217234 0.00979746491613 0.0160098038154 0.0153642858377 -0.000665323704467 0.0129692223016 0.0152745228977 0.0112265571848 0.0349615386864 0.0181554519041 0.0318498006773 0.0245104349447 0.0194445421924 0.017139582974 
0.00332090009443 0.0168590474241 0.0050406494217 0.0128693289355 0.00890964567393 -0.00458390414796 0.00912505945862 0.0150292824153 0.0101807668951 0.0119418476583 0.0215402294008 0.0145174720067 -0.00326884656055 -0.000936403804868 0.00302066783596 0.10898332072 0.0157803610226 0.000225204238508 0.02614532211 0.00310436910094 -0.00207568147595 0.00229206231478 0.0350255482059 0.277887414254 -0.0027372603998 0.0174945343323 0.013155738444 0.00958650283896 0.0175419504814 0.0149787684306 0.0062007019154 0.0187129740621 0.00944816563174 0.0106645623858 -0.0044025638432 0.0347964658729 0.070004234186 0.0191977661489 0.00851460417211 -0.00749968215481 
0.0286488286147 0.0546453631806 0.0105166661098 0.0182569624449 0.0190653598754 0.015212219943 0.0129142045314 0.00451470964237 0.0344717121502 0.00529958031629 0.0713306880189 0.00881146965765 0.014456099725 0.0244391460206 0.00262720762044 0.0235200359819 0.0155899750195 0.00681615616726 0.0704115222727 0.000751820169047 0.0133747727917 0.0219918522897 0.0275989870844 -0.0027372603998 0.50092290018 0.0279689304431 0.0273282222388 0.0193072697401 0.00465701666772 0.022427170811 0.0106695867426 -0.0043935227595 0.012175901719 0.0193803548526 0.0503883142774 -0.00217814196124 -0.00174511036824 0.0116678495029 0.0252504509278 0.001580960403 
0.0157102860447 0.0320880395217 0.0141419961647 0.00645695302995 0.00071723308124 0.021176492558 0.0121510090036 0.0151436436687 0.0215630592383 -0.00214268663426 0.0265413992413 0.041784571276 -0.000250252940255 0.0203164445324 0.00284090158036 0.0140890596792 0.00856770176258 -0.0514396774115 0.0159891267819 0.0150574041876 0.0152251728923 0.00936151425101 0.0178261762536 0.0174945343323 0.0279689304431 0.523995646701 0.0217107436639 0.00510104820956 0.0111386191117 0.0183199916057 -0.000742593893071 0.000867239101668 0.00808577637291 0.0179554720237 0.0150332634578 0.0241294293262 -0.00154321499087 0.0122935941953 0.0253256186871 -0.00258071468346 
0.0432479306674 0.0605548900242 0.013467438689 0.0296559590588 0.0467748176577 0.0413825014471 0.0174522879843 0.0251942146296 0.0377529159033 0.00934148139771 0.0473361212362 0.0273140401277 0.00253161698644 0.0163599686166 7.12605828851e-05 0.0258159759893 0.0228006246865 0.0143904789865 0.0539396889628 0.0232698459218 0.0186428268122 0.0173077223536 0.0451873217234 0.013155738444 0.0273282222388 0.0217107436639 0.275408941384 0.00874387070297 0.00296340701405 0.0390301775316 0.0315228280081 0.0350846982209 0.0180659254839 0.0178522236556 0.0153397120014 0.0146428284985 0.00952228176215 0.0349512255162 0.004770391288 0.0155401695767 
0.0338988964627 0.00591536694615 0.0173695843952 0.0211233131387 0.0333995117859 -0.000252113893499 0.0286263407295 0.00378094559252 0.0137516903566 0.0410130745101 0.0221691141426 0.00424103588013 0.00802817332909 0.00565566166634 -0.000943924685447 0.00385316148465 0.038088481966 -0.011880582177 0.00299034764203 0.0127202758669 0.0123143538978 0.00691725731157 0.00979746491613 0.00958650283896 0.0193072697401 0.00510104820956 0.00874387070297 0.185833430108 -0.00217575772705 0.016964178458 0.0433153704938 0.0115474969608 0.0113424192985 0.014592373301 0.0106211359086 0.0188958558612 0.0213297599972 0.00638861083582 0.00674345955803 0.0158988214332 
0.00310185522539 0.00541768461188 -0.00303290033213 0.00109641829492 -0.00333821546387 0.0182804111178 0.00792277117824 0.0202320024518 0.0146691919287 0.0150131510797 0.0102793957545 0.0024582566149 -0.00128496456298 0.0170518581758 0.0110445110197 0.00429243357294 0.00567937548886 0.0197749213998 -0.00655943721854 0.0106995615679 0.0213559698853 0.00728870420904 0.0160098038154 0.0175419504814 0.00465701666772 0.0111386191117 0.00296340701406 -0.00217575772705 0.221890364434 0.00853948079393 0.00164256857088 0.00110501203987 -0.00222388588179 0.0120160154134 -0.00153023538996 0.0153395850832 -0.0258726075251 0.0157050828259 0.00978024252296 0.0175698831363 
0.0236413069451 0.0173908280041 0.0408287276406 0.0152105476185 0.0237774974091 0.00843886761086 0.0288449552597 0.0195629433468 -0.00147865124742 0.0203262796761 0.0117865306518 0.00596462441539 0.00664355291101 0.0133712503828 0.0121824216571 0.00960624673051 0.0320371762966 0.0049582646814 0.0331891932905 0.0252500288265 0.00367490362011 0.0282720333788 0.0153642858377 0.0149787684306 0.022427170811 0.0183199916057 0.0390301775316 0.016964178458 0.00853948079393 0.198607245207 0.0238182199489 0.0195230049282 0.00909062968206 0.0369471145132 0.031249114495 0.0100630240759 0.0497891391183 0.0365141426904 0.0211764392021 0.0191562343963 
0.021726593165 0.0207983634707 0.0196684248728 0.0275785749246 0.0193283785399 0.00617126844428 0.00382884968772 0.018362035385 0.048371373752 0.0386154764521 0.0108067028937 0.0207412508684 0.0142655599212 0.00442090316397 0.00445628852844 -0.0100177655981 0.0479538443967 0.00458494987568 0.0082360929668 0.0147722015263 8.50066202013e-05 -0.00335321298503 -0.000665323704468 0.0062007019154 0.0106695867426 -0.000742593893071 0.0315228280081 0.0433153704938 0.00164256857087 0.0238182199489 0.195142355378 0.00268687569424 0.00411473343374 0.0201019234963 -0.0112710749276 0.0114604120941 0.00845935800777 0.0183197995909 0.0108328959356 0.0116682388943 
0.0129520459418 0.0149126856042 0.0153160372469 0.020944804053 0.026852336051 0.0286517435989 0.0199724445143 0.00779458198818 -0.00169194091616 0.013431025353 0.0166391996241 0.0105939989387 0.00855253215943 0.0346097983809 0.0274436774095 -0.00191621690303 0.00979642260027 0.0106674245091 0.0367321953213 0.0669054994274 0.00498078239072 0.0246403026834 0.0129692223016 0.0187129740621 -0.00439352275951 0.00086723910167 0.0350846982209 0.0115474969608 0.00110501203987 0.0195230049282 0.00268687569425 0.266153567501 0.0193226563915 0.0143376658563 0.00925641875921 0.0214523294481 0.0102575201978 0.0138403341335 0.0184644031351 0.00161700520499 
0.0294152010599 0.023853732171 0.0201401570931 0.0126737511018 0.0225016133133 0.0122696184563 0.0171518053706 0.0317632081438 0.00793063622425 0.0102585583998 0.0113228861153 0.0179860021225 0.00497811367616 0.0195268087908 -0.00303295007713 0.00226423019185 0.00691325521341 -8.77372159332e-05 0.0379721818292 0.0183013404449 0.00662453066356 0.0129582029993 0.0152745228977 0.00944816563174 0.012175901719 0.00808577637291 0.0180659254839 0.0113424192985 -0.00222388588178 0.00909062968206 0.00411473343374 0.0193226563915 0.185679774113 0.0230255688349 0.0189179742089 0.0104375457645 0.017854016227 0.0287358730233 0.00391710608847 0.00326675526986 
0.0269995510121 0.0222854447097 0.0399311627003 0.0134344579925 0.0328530360592 0.00990823782113 0.0319104882274 0.0217784850316 0.00648674548227 0.0216959162532 0.0209776866491 0.00796481066415 0.00396050117468 0.0198909259381 0.010098709163 0.00895205315013 0.0183038574611 0.00842713041633 0.0340401649966 0.0249586450669 0.0123480666233 0.0187528629722 0.0112265571848 0.0106645623858 0.0193803548526 0.0179554720237 0.0178522236556 0.014592373301 0.0120160154134 0.0369471145132 0.0201019234963 0.0143376658563 0.0230255688348 0.136305185871 0.033853858699 0.0110880248321 0.0455666762486 0.0298245737171 0.0158810502377 0.0137546330312 
0.0202458233016 0.0269929981647 0.0341178746802 0.0175744571276 0.0439426468608 0.0113558389601 0.0197742940176 0.0266798560155 0.00182707100309 0.000685905204743 0.0111510929953 0.00273693299396 0.00553595356949 0.021228898145 0.00611110900776 0.0210099163678 0.0152383505105 -0.0064458356035 0.0989565214515 0.0319006705723 0.0117935123815 0.0202080975928 0.0349615386864 -0.0044025638432 0.0503883142774 0.0150332634578 0.0153397120014 0.0106211359087 -0.00153023538996 0.031249114495 -0.0112710749276 0.00925641875921 0.0189179742089 0.033853858699 0.456184706812 0.0233716775135 0.016020783498 0.0255971328448 0.0284269231017 0.000814616107994 
0.0199024746788 0.0102663872987 0.0339985350239 0.00761343524574 0.0308702861032 0.00773087871732 -0.0064463274292 0.0215169298827 0.0250211344624 0.00978647524479 0.0113663649235 0.00334592462652 -0.00240985223216 0.00556582035243 0.00448478775783 1.35063165904e-05 0.00825922302903 0.00440731397866 0.0122137047466 0.0110459964869 0.012771085661 0.0223359919812 0.0181554519041 0.0347964658729 -0.00217814196124 0.0241294293262 0.0146428284985 0.0188958558612 0.0153395850833 0.0100630240759 0.0114604120941 0.0214523294481 0.0104375457645 0.0110880248321 0.0233716775135 0.241149434932 0.000743736717362 0.0195571320036 0.0136458083241 0.0181697389451 
0.027365199865 0.0148247030549 0.0203105365374 0.0124416446108 0.0137607578949 0.0430058262651 -0.0216491361735 0.024926745379 -0.0135101085186 0.0213023383011 0.0348577512176 0.00862079344815 0.012041675302 0.0320228537346 0.00397051466161 -0.00793039412528 0.0367239774022 0.0150258832343 0.0598769950027 0.0141301529128 -0.0166455939591 -0.00393390797392 0.0318498006773 0.070004234186 -0.00174511036824 -0.00154321499087 0.00952228176215 0.0213297599972 -0.0258726075251 0.0497891391183 0.00845935800777 0.0102575201978 0.017854016227 0.0455666762486 0.016020783498 0.00074373671736 1.3335018229 0.0161390846658 -0.00538808710672 0.000526882485667 
0.0351567070565 0.0498469201213 0.0228688916102 0.0100692289829 0.0274621165589 0.0080066960166 0.0223400183206 0.0903398223794 0.0121372427712 0.00511008878039 0.0218539512714 0.0289911635998 0.0155288375068 0.0347688001787 0.00541413287562 -0.00328901784974 0.00949070351817 0.0136083912097 0.0159643006013 0.0156528002154 0.0157705583935 0.0439113455779 0.0245104349447 0.0191977661489 0.0116678495028 0.0122935941953 0.0349512255162 0.00638861083582 0.0157050828259 0.0365141426904 0.0183197995909 0.0138403341335 0.0287358730233 0.0298245737171 0.0255971328448 0.0195571320036 0.0161390846658 0.213491796289 0.0144855504465 0.0119219684506 
0.0106803435154 0.00225319996275 0.0198730755395 0.0120614514244 0.0117988236376 0.0100059530805 -0.00102752491697 0.0354206359756 0.0368364059417 0.00583132167069 0.02943068986 0.0104939178494 0.00170372039979 0.0144949735045 0.0288247493395 0.0102602090839 0.0135527234167 0.0197525621313 0.0316568168583 0.00386399079703 0.00095481795707 0.0144633338212 0.0194445421924 0.00851460417211 0.0252504509278 0.0253256186871 0.004770391288 0.00674345955803 0.00978024252296 0.0211764392021 0.0108328959356 0.0184644031351 0.00391710608847 0.0158810502377 0.0284269231017 0.0136458083241 -0.00538808710672 0.0144855504465 0.288174300374 0.0128038618223 
0.0209775204178 0.0115506542812 0.0181602297792 0.00789707097144 0.0159002254408 0.0172240340946 0.0152051074483 0.0138443181233 -0.00310741050385 0.0182815444676 0.0125614227965 0.00928950792816 0.00842720803741 0.0133357160669 0.00233070642433 0.00109387025512 0.0171257473913 -0.0169470321713 0.00824328676249 0.0169384174656 0.00453806018969 0.00256876127526 0.017139582974 -0.00749968215482 0.001580960403 -0.00258071468346 0.0155401695767 0.0158988214332 0.0175698831363 0.0191562343963 0.0116682388943 0.001617005205 0.00326675526986 0.0137546330312 0.000814616107992 0.0181697389451 0.000526882485668 0.0119219684506 0.0128038618223 0.241007120667 

['AIV', 'A', 'ZION', 'LTR', 'SPG', 'BMC', 'CVH', 'LOW', 'NBR', 'DTE', 'QCOM', 'Q', 'NKE', 'BBBY', 'TAP', 'GT', 'FE', 'SANM', 'LSI', 'ACE', 'SYY', 'COST', 'AMAT', 'ABI', 'SUNW', 'MCO', 'PH', 'ETR', 'MDT', 'NCC', 'D', 'XL', 'GPC', 'MTB', 'FNM', 'MSFT', 'OMX', 'HD', 'MMC', 'BAX']