50
0.153319254475 0.023795453615 0.0377989606714 0.0282353637115 0.0621529110589 0.037496284255 0.0874158444094 0.0425593974561 0.22311845274 0.0218855159469 0.128413882411 0.00399952409326 0.104903250727 0.360667625942 0.0215013837744 0.019144788815 0.045915457725 0.188050706821 0.0434942638749 0.0634276035435 0.0501755430095 0.106366385329 0.0285158318856 0.0540864966038 0.0766878163077 0.0746691414478 0.0743441041655 0.0380825412642 0.251790956204 0.133327922328 0.0722101641432 0.0362094771936 0.0690415105338 0.0135350028622 0.061476397973 0.0388241127613 0.147407151382 0.039970875035 0.0545718905582 0.0733521468466 0.0773240107923 0.0692922129373 0.0341115490789 0.0502759777883 0.0850489592031 0.0265193363437 0.275379497042 0.118355026327 0.0290232005544 0.126302472887 
0.609793342543 0.00501532224722 0.0232415164844 0.0290374525075 0.0261544972998 0.023121272383 0.0114504447977 0.0195341010914 0.0730842463728 -0.00474825240195 0.0105961251999 0.0373536920695 0.0491983531136 0.0356876967913 0.0359861096691 0.0409024966361 0.0332061674107 0.0214232308298 0.0307673612563 0.034740399371 0.0351703498038 -0.00683067888269 0.0195688048746 0.0437031659877 0.0648847134683 0.0282312577858 0.0433241063103 0.027916632859 0.0297827883984 0.0202447043143 0.0203709277939 0.0277457484086 0.0421647943628 0.0191868395892 0.0771971507087 0.0247282436412 0.0157616783345 0.0429863227634 0.00981331353117 0.00893494044205 0.0640047468121 0.0231472605335 0.0129351098614 0.0257067840989 0.0203006659844 0.0141224124452 -0.0018942096172 0.0428971131086 0.0124666235909 0.0233537492796 
0.00501532224722 0.182847827088 -0.00383504921197 0.0210985655785 0.00222932762699 0.0158433029733 0.00419369886546 0.0286792683973 0.0058390206985 0.00978352575178 0.0252897843141 0.0176592906581 0.00638883867481 0.013946311579 0.0114241505059 0.00741177833783 0.00572541929521 -0.00485632973874 -0.0101773537797 0.0111347687354 0.00574387791085 0.025966296446 0.0460002797984 0.0215465332071 0.00870172672835 0.00927795233583 -0.00270659308475 0.00633483284367 0.014681614259 0.00408568285024 0.0141801771295 0.00951706872443 0.00468779704872 0.0153916108977 0.0132803561274 0.00189627966476 -0.000824939332568 0.00591559057714 0.0632145262629 0.0252053850621 0.0167491229794 0.0139561798571 0.0122961014213 0.0184550849666 0.013260627873 0.00693366716358 0.0126874408574 0.00962634582283 0.00688567864045 0.00470096068947 
0.0232415164844 -0.00383504921197 0.298391896077 0.00649562406485 0.00457831211885 0.0177319781058 0.0227838360211 0.000701023126434 0.0823139131391 0.0031400187603 0.017508713378 0.0148098726292 0.0195488932204 0.0520878542984 0.0320059595337 0.0111598477185 0.01513886404 0.0472498982947 0.0254767183371 0.0506103404593 0.0235474338446 -0.00191867031039 0.00280009294302 0.0112925555323 0.109325754702 0.0331044173472 0.0269620407409 0.0339343877465 0.0631877140318 0.0145797262203 0.0315537411024 0.027573360429 0.0412419739157 0.0177504286071 0.0514847203487 0.0109908767711 0.0143440921043 0.0249863518444 0.0104019405501 0.0081737489448 0.0450785623428 0.0967190974406 0.0224520307113 0.00160724705135 0.00525576963491 0.0116391075672 -0.00921162615112 0.034621434193 0.00111832732223 0.0360938806825 
0.0290374525075 0.0210985655785 0.00649562406485 0.13972534046 0.0194412257062 0.028997938631 0.00793638805532 0.0269259430026 0.0200546428853 0.00969863371626 -0.00290632715268 0.0202877038267 0.0202769464316 0.0107250284677 0.0196430785382 0.0260772242625 0.0147871008369 0.00867909400086 0.0165554077296 0.0171194322473 0.0144732733917 -7.6523328247e-05 0.0196750968132 0.0226621297542 0.0208491538078 0.0137750688763 0.0273288901902 0.00716388677019 0.00280729717825 0.00474183279635 0.018252478456 0.0286025808328 0.0190361995777 0.0197639682052 0.0282769159155 0.0232086984777 0.0168005571081 0.0109811078628 0.0138891366422 0.0302152882483 0.0354399041734 0.0158373584159 0.0154796686695 0.0192694926952 0.0193249682693 0.0142986349089 0.00707021646415 0.018641807394 0.0218010061149 0.0152826088919 
0.0261544972998 0.00222932762699 0.00457831211885 0.0194412257062 0.320835607462 0.00717317288049 0.0138650103703 0.0293048662119 0.0190501218149 0.00911428692658 0.00397588311453 0.00660146209026 0.022598432003 -0.00292687407914 0.0166432569934 0.0391990275032 0.0100259944358 0.000223223331876 0.0239892891851 0.00938673792582 0.0169179995419 0.0034318660538 0.0066037393796 0.0189531823963 0.0139489476134 0.00160933680273 0.061358930191 0.00104474875921 0.0185370322153 0.0221824168135 0.0087104960532 0.0344024900454 0.0245731078288 0.0142782524146 0.0216742534664 0.0235482356737 0.0111808005395 0.0237099708858 -0.00196898441652 0.0166960841007 0.0420784136631 0.0116649562292 0.0082306039266 0.0163146575841 0.0131256557744 0.00646217640697 0.0231426636666 0.0426872518549 0.0134886458265 0.00964404961834 
0.023121272383 0.0158433029733 0.0177319781058 0.028997938631 0.00717317288049 0.232558773778 0.0208704737465 0.00516366058837 0.030262606063 0.00583738679981 0.0148648201697 0.0154525191947 0.0291556427988 0.00943766921075 0.0216139884887 0.013339120709 0.0336168756536 0.0238407831848 0.0109192739519 0.0214346686029 0.0149487636546 0.00302814085716 0.0160180656764 -0.00365448044538 0.00990783848111 0.00865896959553 0.0164963980381 0.00984259315473 -0.00477669468418 0.0121185376736 0.0263362197585 0.0313572353763 0.0230046734737 0.0231997030273 0.043273158805 0.0273114022339 0.00677147414725 0.0180976264822 0.0166108892969 0.0667842744978 0.0184185993823 0.0270637140997 0.00955503626522 0.00562158600493 0.0100868763751 0.00165707950449 -0.00668373136355 0.0182455801169 0.0318950036973 0.030757746081 
0.0114504447977 0.00419369886546 0.0227838360211 0.00793638805532 0.0138650103703 0.0208704737465 0.549289896292 0.0283008915475 0.113915264414 0.00749179467083 0.0250091072572 0.0098127233899 0.0135450784786 0.0138964116734 -0.00385431401531 0.00149638221279 -0.0165560433077 0.0155613229094 0.0136854537763 0.00578983199165 0.0146643932671 0.00721243109697 0.000699545840526 0.00911916876027 0.029836142847 -0.00140567305949 0.0204664485694 0.00447680198936 0.00856796827261 -0.00735370417685 0.0279333271383 -0.0100968970901 0.049048890278 0.0012646021059 0.0159196621745 0.0105032869803 -0.00093930867299 0.0107663071646 0.00999143447129 0.0125804102127 0.00514131665312 0.0256847021025 0.00657223670524 0.0113298629509 0.029956331811 0.0020751790268 -0.00760776151439 0.00504768865719 0.0123991452123 -0.00979366620963 
0.0195341010914 0.0286792683973 0.000701023126433 0.0269259430026 0.0293048662119 0.00516366058837 0.0283008915475 0.386948076637 0.0496038617106 0.0161199606966 0.0266432367244 0.00378775474707 0.0195636044577 0.0838187571334 0.0351202743619 0.0313267061413 0.00719798817821 0.00908035097025 0.0265797749127 0.0383888913362 0.0186939873543 0.015113833156 0.00709054991292 0.00068864412289 0.0105029498827 0.0288210484376 0.0523171850422 0.00855823287882 0.0111679039454 0.0373956207285 0.0145763263536 0.0232416951836 0.0186694322461 0.0232960270519 -0.0117967397137 0.0297287448623 0.0257659837359 0.0177380001154 0.0143837676311 0.0398239712732 0.0473338846759 0.0226264155879 -0.00282447500045 0.019766128555 0.00793018629559 0.0184152039255 0.00745866883363 0.0021952901701 0.00851078582145 -0.000183671644853 
0.0730842463728 0.0058390206985 0.0823139131391 0.0200546428853 0.0190501218149 0.030262606063 0.113915264414 0.0496038617106 0.881710605674 -0.00272741248321 0.0239706531673 0.0117024654333 0.0368591295866 0.127044641694 0.00695487103276 0.0300068796401 0.0424220468991 0.0440309992142 0.0330197238855 0.0108852312847 0.00743990578477 0.0413448267336 0.0330050275038 0.0109132711275 0.104348921216 0.0258479415983 0.0259769970447 0.0158406063371 0.0475910554696 0.0434968020648 0.0324560164898 0.00987813717751 0.0629503768387 0.0239199154532 0.0531662876083 0.00108220436859 0.0344475237336 0.0183239226235 0.00422740680828 -0.0160056660076 0.0386043054457 0.0637760554112 0.0178554610704 0.0239193313617 0.0739222252779 0.0076858318749 -0.00879989642259 0.0217895020385 0.0142421606914 0.0177291159366 
-0.00474825240195 0.00978352575178 0.0031400187603 0.00969863371626 0.00911428692658 0.00583738679981 0.00749179467082 0.0161199606966 -0.00272741248321 0.155817273384 0.00147211768453 0.00657422467812 0.00104840541317 0.00574264918968 0.0138249034144 0.0122735246404 -0.00335863221992 0.00709195526201 0.0206516820187 0.00964512706049 0.0111150445648 0.00820487299859 0.000113159957814 -0.00174276792556 -0.000144909228016 0.0041295321971 -0.000769607829375 0.00698848192506 0.0145151417321 -0.000808603983787 0.0037891631268 0.0121973080693 -0.00304952728974 0.000365194866991 0.00880022421979 0.0028283147365 0.011636020204 0.00908940020035 0.00322349975816 0.00955188636873 -0.00894869502602 0.00620409570987 0.00628284869225 0.00990827139288 0.0419884213198 0.0168893229065 0.0279418413587 0.00297066601951 0.00924357070586 0.0128460014478 
0.0105961251999 0.0252897843141 0.017508713378 -0.00290632715268 0.00397588311453 0.0148648201697 0.0250091072572 0.0266432367244 0.0239706531673 0.00147211768452 0.424502212679 -0.00593300759591 0.0296123227149 0.0718462536964 0.0241206459542 0.0132211843056 0.028413827188 0.026344958321 0.0172455840493 0.0441977243724 0.0063250637599 0.149975656078 0.0301115656305 0.0116949470738 0.0423841374031 0.0309839996061 0.00459545695743 0.00795491748355 0.102152109785 0.023819218451 0.025642890377 0.00150508900854 0.0171699186533 0.0178564857824 0.0348206109868 0.00829728397165 0.161022168741 0.0116977957391 0.0296127188384 0.0237249947485 0.0638127037747 0.00826875621751 0.00905353618663 0.0237970673232 0.0593242413643 0.00601770579282 -0.0160616106406 0.0317859886938 0.00909494006643 0.0962287653298 
0.0373536920695 0.0176592906581 0.0148098726292 0.0202877038267 0.00660146209026 0.0154525191947 0.0098127233899 0.00378775474707 0.0117024654333 0.00657422467811 -0.00593300759591 0.173306562971 0.00511355441791 -0.00542444946911 0.0283510831182 0.0108563008499 0.00219192207073 0.00941805159448 0.00402019556133 0.00301784696883 0.0153109832127 0.00518331320878 0.00818836462913 0.0172884871524 0.0177962733384 -0.00912325308963 0.0281079770992 0.0111928244136 0.0058499675999 0.00987950283318 0.017320201663 0.0144971631601 0.00927033464496 0.00999916641192 0.0240043517181 0.00318509222701 -0.0176225714295 0.00903685360191 0.0230745054227 0.00644809944155 0.0059376660004 0.0051618534753 0.0105752700818 0.00913893423836 0.00978121194236 0.0092592049607 0.00293066093023 0.033188757017 0.00614709157295 -0.00187117898511 
0.0491983531136 0.00638883867481 0.0195488932204 0.0202769464316 0.022598432003 0.0291556427988 0.0135450784786 0.0195636044577 0.0368591295866 0.00104840541317 0.0296123227149 0.00511355441791 0.46232742336 0.0524647288442 0.0241825886275 0.0222021746841 0.0136626982867 0.0574991585868 0.0443848375088 0.024082269746 0.038017267118 0.0259430480956 0.012554197391 0.0110679879197 0.039771265675 0.0364522164709 0.0268162035213 0.0129944321662 0.0370763954077 0.00773913952544 0.0279501828423 0.0296446251429 0.0235796450996 0.0204613292827 0.0292569686885 0.0221520379725 0.0498941041076 0.0364245616019 0.00183331017043 0.0145404061209 0.0547231777101 0.0252507492959 0.0078566307763 0.0212677406148 0.0449612669277 0.0329165187073 -0.0168390958426 0.00397347767668 0.0141988901633 0.0443968570595 
0.0356876967913 0.013946311579 0.0520878542984 0.0107250284677 -0.00292687407914 0.00943766921075 0.0138964116734 0.0838187571334 0.127044641694 0.00574264918968 0.0718462536964 -0.00542444946911 0.0524647288442 1.17155578761 0.0255592695236 0.00200650664011 0.027883871228 0.0516655228924 0.033888885661 0.0380205105579 0.0224855357384 0.0237338037827 -0.00372617473584 0.0199769205316 0.0618566891194 0.0626442353502 0.037559996903 0.0243443486808 0.0646735152254 0.0477011442891 0.0377565623901 0.0221529168375 0.0551606984784 0.0174438214261 0.0131068823341 0.0158054336779 0.0256172392939 0.0435428178309 0.0116577618469 0.0272474472934 0.0263719140403 0.0673972637992 -0.0110695578049 0.0250339558741 0.0482296040667 0.0237545275223 -0.0231443102591 0.01792091643 0.00778141898999 0.020616875516 
0.0359861096691 0.0114241505059 0.0320059595337 0.0196430785382 0.0166432569934 0.0216139884887 -0.00385431401531 0.0351202743619 0.00695487103276 0.0138249034144 0.0241206459542 0.0283510831182 0.0241825886275 0.0255592695236 0.269347102107 0.0154155124666 0.021180231175 0.0482688230648 0.0181442265796 0.0116139049737 0.00282966346343 0.0173728294251 0.00282575452305 0.00311147227813 0.0737807478733 0.0244916850874 0.00551339808652 0.00581167780368 0.0342897592602 0.0137139971392 0.0244891928986 0.0163052658145 0.0343566881906 0.0126100045343 0.013594428598 0.0136830174362 0.00162262674121 0.00812803427891 0.00191892574662 -0.00283395861227 0.0202312897689 0.0431543246423 0.00388824265174 0.00677555065071 0.0292363750618 0.0155542821486 -0.0113846043976 0.0220609158916 0.010782437723 0.015254524945 
0.0409024966361 0.00741177833783 0.0111598477185 0.0260772242625 0.0391990275032 0.013339120709 0.00149638221279 0.0313267061413 0.0300068796401 0.0122735246404 0.0132211843056 0.0108563008499 0.0222021746841 0.00200650664011 0.0154155124666 0.217085034445 -0.00206995326187 0.0198711468023 0.0258122140165 0.0205511944281 0.018650939012 0.0107715852292 0.0181356237242 0.0105985274435 0.0109155580482 0.0232352009809 0.0395456578652 0.00892467385299 0.000932701362477 0.00300424070967 0.0179070243915 0.0349029104214 0.0456417054218 0.0203505460079 0.0373923479621 0.0157525873282 0.0166233361283 0.0198849747333 0.0171047701385 0.0251038968192 0.0641075008486 0.0123724217923 -0.00374064947643 0.00773250563306 0.0232316170155 0.0227510939158 0.00307263167357 0.0312907364608 0.0219367700985 -0.00683590937506 
0.0332061674107 0.00572541929522 0.01513886404 0.0147871008369 0.0100259944358 0.0336168756536 -0.0165560433077 0.00719798817821 0.0424220468991 -0.00335863221992 0.028413827188 0.00219192207072 0.0136626982867 0.027883871228 0.021180231175 -0.00206995326187 0.307223893247 0.0346176764219 0.00244426492082 0.00132274493773 0.0043778752937 -0.00694627426953 0.012720339108 0.00421239666729 0.042452877683 0.0760031054661 0.0148449083173 0.0211840990961 0.0285830589411 0.017933604505 0.0164880543054 0.0100972925413 0.0409453331822 0.018666808273 0.0232764938322 0.0354899189734 0.00831508930389 0.0119586604394 0.0202591506071 0.00492326726034 0.0446485714654 0.0131819906523 0.00957269346631 0.0319510000518 0.0137002011999 0.0123869675725 -0.00713831070464 0.0105764782565 0.0269563498769 0.024799725374 
0.0214232308298 -0.00485632973874 0.0472498982947 0.00867909400086 0.000223223331877 0.0238407831848 0.0155613229094 0.00908035097025 0.0440309992142 0.00709195526201 0.026344958321 0.00941805159448 0.0574991585868 0.0516655228924 0.0482688230648 0.0198711468023 0.0346176764219 0.99932391706 0.0547937782547 0.0470270218794 0.0112986473971 0.01581175946 0.00589587642969 0.0257054909474 0.0707003683228 0.0186287499391 0.0203028009109 0.0496652684205 0.0422928462655 0.0448616357867 0.0186691166708 0.0204179824003 0.0720441299128 0.00832395227761 0.0516454627542 0.0111735362606 -0.000515768558286 0.0375282075686 -0.0174700278816 0.0146531867197 0.0292407548608 0.081883611745 0.0166981106208 0.0159027298138 0.0371506055445 0.00259261868809 -0.0260387339428 0.0100897599672 0.0384632235796 0.0200402135732 
0.0307673612563 -0.0101773537797 0.0254767183371 0.0165554077296 0.0239892891851 0.0109192739519 0.0136854537763 0.0265797749127 0.0330197238855 0.0206516820187 0.0172455840493 0.00402019556133 0.0443848375088 0.033888885661 0.0181442265796 0.0258122140165 0.00244426492082 0.0547937782547 0.290186103463 0.0275886262171 0.00708604253489 0.0175534803325 0.0169854020476 0.024825666616 0.0339188586804 0.0258136185286 0.0567202962554 0.0191004295526 0.0457676715464 0.0212310249208 0.0475669558893 0.0319717564755 0.0318263813031 0.0203675911122 0.0319502459283 0.0220282857394 0.0433282076878 0.0414377515206 0.00348908440768 0.00437784645952 0.0749268277135 0.0223719539349 0.0228123538243 0.00697839786721 0.0256049630402 0.0158533503266 -0.0197805400191 0.0262025518461 0.0136560687053 0.0109302623757 
0.034740399371 0.0111347687354 0.0506103404593 0.0171194322473 0.00938673792582 0.0214346686029 0.00578983199165 0.0383888913362 0.0108852312847 0.00964512706049 0.0441977243724 0.00301784696883 0.024082269746 0.0380205105579 0.0116139049737 0.0205511944281 0.00132274493773 0.0470270218794 0.0275886262171 0.378435846304 0.026428078122 0.0484445373347 0.00333451386901 0.0135956673069 0.0378670263956 0.00541873011489 0.017848019017 0.0173494931328 0.0243249170872 -0.014631632712 0.0091947569334 0.0134122303583 0.0118094218429 0.015644165771 0.0251194965285 0.0251085494664 0.0518918336167 0.0226328976849 0.0331974870969 0.00400469413629 0.0253345816028 0.0227363629602 0.00491799676418 0.0119984339303 0.0230446009731 0.013748219188 -0.0017947376417 0.00563159303398 0.0194305921435 0.0239566429855 
0.0351703498038 0.00574387791085 0.0235474338446 0.0144732733917 0.0169179995419 0.0149487636546 0.0146643932671 0.0186939873543 0.00743990578477 0.0111150445648 0.0063250637599 0.0153109832127 0.038017267118 0.0224855357384 0.00282966346343 0.018650939012 0.0043778752937 0.0112986473971 0.00708604253489 0.026428078122 0.313665013042 0.0249467686768 0.00750810692897 0.00673874862974 0.0151862987789 0.0590237873847 -0.00440066556997 0.017626016777 0.0108494065718 0.00358708511099 0.0217685556594 0.023855933589 0.0103039901527 0.0202240067072 0.00551611342395 0.0122763153037 0.00885723034064 0.0146482716866 0.0124467473474 0.0182455613134 0.0382328047637 0.0415368810322 0.0117621292193 0.00741074039377 -0.00892766406322 0.00850199798358 -0.0044186693402 0.00937294405498 0.0208835094565 0.0134644066259 
-0.00683067888269 0.025966296446 -0.00191867031039 -7.65233282468e-05 0.0034318660538 0.00302814085716 0.00721243109697 0.015113833156 0.0413448267336 0.00820487299859 0.149975656078 0.00518331320878 0.0259430480956 0.0237338037827 0.0173728294251 0.0107715852292 -0.00694627426953 0.01581175946 0.0175534803325 0.0484445373347 0.0249467686768 0.411592655974 0.0536127811352 0.0198863662139 0.00882920664599 0.00903270112433 -0.011756815229 0.00176391408098 0.0116316254873 0.0138652290663 0.0254607132338 -0.00239631978191 0.0217551310188 0.0126326439309 0.0194656922021 0.00605223470512 0.152976204242 0.0170488812127 0.030015435906 0.0231082619253 0.0448093573628 0.0112845688291 0.00892057792484 0.004176848127 0.0164840908318 0.0166970518443 -0.0116182571504 0.0180042308317 0.00304004697996 0.0826767923892 
0.0195688048746 0.0460002797984 0.00280009294302 0.0196750968132 0.0066037393796 0.0160180656764 0.000699545840527 0.00709054991292 0.0330050275038 0.000113159957814 0.0301115656305 0.00818836462913 0.012554197391 -0.00372617473584 0.00282575452305 0.0181356237242 0.012720339108 0.00589587642969 0.0169854020476 0.00333451386901 0.00750810692897 0.0536127811352 0.187821832606 0.010952743917 0.000916600578794 0.010808348104 -0.0158715063192 -0.00505997145963 0.000388454339988 0.0180134755471 0.0120801281551 0.0057611931354 0.0168106080242 0.00678232687608 0.0295929569297 0.00727945787655 0.0453132268321 0.00955943481624 0.0393646190739 0.00308097728833 0.018361775345 0.00319871195146 0.00810369576495 0.0175293955155 -0.00351830152638 0.00584323412257 0.000131369230664 0.0137938842318 0.0166994152063 0.0379394639684 
0.0437031659877 0.0215465332071 0.0112925555323 0.0226621297542 0.0189531823963 -0.00365448044538 0.00911916876027 0.00068864412289 0.0109132711275 -0.00174276792556 0.0116949470738 0.0172884871524 0.0110679879197 0.0199769205316 0.00311147227813 0.0105985274435 0.00421239666729 0.0257054909474 0.024825666616 0.0135956673069 0.00673874862974 0.0198863662139 0.010952743917 0.387786631364 0.0164087574515 0.0498073278312 0.0290045564867 -0.00835950907007 0.0214868285516 -0.00493227258437 -0.00991915744323 0.0215337550647 0.0123373643752 0.00472850513171 0.0273162462691 0.0115501450343 0.0127435791888 0.00777708613037 0.0165935623095 0.0214967001253 0.0243329617056 0.00526588033616 0.00481409565899 -0.00165548289419 0.00618634656654 0.0120729469291 -0.00776936246262 0.00813702139404 0.01745714763 -0.00133857251321 
0.0648847134683 0.00870172672834 0.109325754702 0.0208491538078 0.0139489476134 0.00990783848111 0.029836142847 0.0105029498827 0.104348921216 -0.000144909228017 0.0423841374031 0.0177962733384 0.039771265675 0.0618566891194 0.0737807478733 0.0109155580482 0.042452877683 0.0707003683228 0.0339188586804 0.0378670263956 0.0151862987789 0.00882920664599 0.000916600578794 0.0164087574515 0.408410534826 0.0426712332637 0.0298296983902 0.0248752151113 0.0540506011726 -0.00466006580449 0.0321588988568 0.0301523561336 0.045457647296 0.0100884348511 0.039602313745 0.0207974434672 0.0245371012058 0.019502268031 0.0105215363343 -0.0144906555511 0.0459486875013 0.10978194899 0.018057835959 0.0104001565764 0.0399273719078 0.0201106278592 -0.00822435245355 0.0211192534204 0.00836556950309 0.0192831786727 
0.0282312577858 0.00927795233583 0.0331044173472 0.0137750688763 0.00160933680273 0.00865896959553 -0.00140567305949 0.0288210484376 0.0258479415983 0.00412953219709 0.0309839996061 -0.00912325308963 0.0364522164709 0.0626442353502 0.0244916850874 0.0232352009809 0.0760031054661 0.0186287499391 0.0258136185286 0.00541873011489 0.0590237873847 0.00903270112433 0.010808348104 0.0498073278312 0.0426712332637 0.484154115525 -0.00264190078089 0.0188335220588 0.0168090670603 0.030114500405 0.0154568973456 0.0333564068521 0.0323892034831 0.0231351434037 0.0375009161143 0.0337453554502 0.0284268748189 3.84361432265e-05 0.00754564721919 0.00617941794558 0.0432857857634 0.0379086437851 0.00268339577403 0.0256175517351 0.00739666697903 0.0111640483214 0.00855135259401 -0.00510870932559 0.0207620024859 0.0127253714349 
0.0433241063103 -0.00270659308475 0.0269620407409 0.0273288901902 0.061358930191 0.0164963980381 0.0204664485694 0.0523171850422 0.0259769970447 -0.000769607829373 0.00459545695743 0.0281079770992 0.0268162035213 0.037559996903 0.00551339808652 0.0395456578652 0.0148449083173 0.0203028009109 0.0567202962554 0.017848019017 -0.00440066556997 -0.011756815229 -0.0158715063192 0.0290045564867 0.0298296983902 -0.00264190078089 0.378457052252 0.0176844390618 -0.0024361874526 0.0284095429215 0.0367114386778 0.0262109884811 0.00386072514803 0.0108304446365 0.0212328691658 0.0255162807551 0.00713947882235 0.0142997841139 -0.00645863906158 0.0130005725382 0.0722465173598 0.0204574821805 0.010289544327 0.0133816507166 0.0196675592463 0.0115100411098 -0.0197093354378 0.0376109259737 0.00876129402709 -0.00224833286085 
0.027916632859 0.00633483284367 0.0339343877465 0.00716388677019 0.00104474875921 0.00984259315473 0.00447680198936 0.00855823287882 0.0158406063371 0.00698848192506 0.00795491748355 0.0111928244136 0.0129944321662 0.0243443486808 0.00581167780368 0.00892467385299 0.0211840990961 0.0496652684205 0.0191004295526 0.0173494931328 0.017626016777 0.00176391408098 -0.00505997145963 -0.00835950907007 0.0248752151113 0.0188335220588 0.0176844390618 0.243631769678 0.0210246199439 0.0102171375067 0.0312612787925 0.00662474373482 0.0229468095376 0.00736237831816 0.0355380103859 0.00678253393626 0.00955759025501 0.00748799453552 0.00472989429944 0.0157394010413 0.0251370919588 0.0350216648105 0.00419211896304 -0.00352433582673 0.0131515854192 0.00781076790098 -0.0163509853438 0.00845892328229 0.00531979615075 0.0210372423598 
0.0297827883984 0.014681614259 0.0631877140318 0.00280729717825 0.0185370322153 -0.00477669468418 0.00856796827261 0.0111679039454 0.0475910554696 0.0145151417321 0.102152109785 0.0058499675999 0.0370763954077 0.0646735152254 0.0342897592602 0.000932701362476 0.0285830589411 0.0422928462655 0.0457676715464 0.0243249170872 0.0108494065718 0.0116316254873 0.000388454339988 0.0214868285516 0.0540506011726 0.0168090670603 -0.0024361874526 0.0210246199439 2.07447944479 0.000367347639209 0.0043023448117 -0.0012246344524 0.0423228862647 0.0253257932589 0.0183552527872 -0.0016196305853 0.0296946961252 0.0132834179502 0.00365984009637 0.0301764633113 0.0338298619508 0.0335519306515 0.00141741804663 -0.0178860435312 0.00796738747488 0.00911377547458 -0.0239569161206 0.0132407740171 -0.00222458925783 0.0104716224829 
0.0202447043143 0.00408568285024 0.0145797262203 0.00474183279635 0.0221824168135 0.0121185376736 -0.00735370417685 0.0373956207285 0.0434968020648 -0.000808603983787 0.023819218451 0.00987950283318 0.00773913952544 0.0477011442891 0.0137139971392 0.00300424070967 0.017933604505 0.0448616357867 0.0212310249208 -0.014631632712 0.00358708511099 0.0138652290663 0.0180134755471 -0.00493227258437 -0.00466006580449 0.030114500405 0.0284095429215 0.0102171375067 0.000367347639209 0.824552052934 0.0208735874759 -0.0115426076172 0.0111277170141 0.019651796165 0.0122948889639 0.0177538162544 -0.00466291693458 0.00976524893118 0.021383286245 0.0128952009746 0.0621522076651 0.0284515002905 0.0191388086556 0.0495073203601 0.0189426633831 0.0212952845682 -0.0255670355135 0.00633550405443 0.0065975545232 0.00436688629151 
0.0203709277939 0.0141801771295 0.0315537411024 0.018252478456 0.0087104960532 0.0263362197585 0.0279333271383 0.0145763263536 0.0324560164898 0.0037891631268 0.025642890377 0.017320201663 0.0279501828423 0.0377565623901 0.0244891928986 0.0179070243915 0.0164880543054 0.0186691166708 0.0475669558893 0.0091947569334 0.0217685556594 0.0254607132338 0.0120801281551 -0.00991915744323 0.0321588988568 0.0154568973456 0.0367114386778 0.0312612787925 0.0043023448117 0.0208735874759 0.324606394151 0.0103733810021 0.0588867603986 0.0249138289771 0.041198350324 0.012041811238 0.00951941324004 0.0267955877989 0.00209775439438 0.0127713575576 0.036361889294 0.0238738616584 0.017562033842 0.012658206439 0.035882396168 0.00955285143479 -0.0149767269031 0.0351189986361 0.00420908486983 0.0158003352298 
0.0277457484086 0.00951706872443 0.027573360429 0.0286025808328 0.0344024900454 0.0313572353763 -0.0100968970901 0.0232416951836 0.00987813717751 0.0121973080693 0.00150508900854 0.0144971631601 0.0296446251429 0.0221529168375 0.0163052658145 0.0349029104214 0.0100972925413 0.0204179824003 0.0319717564755 0.0134122303583 0.023855933589 -0.00239631978191 0.0057611931354 0.0215337550647 0.0301523561336 0.0333564068521 0.0262109884811 0.00662474373482 -0.0012246344524 -0.0115426076172 0.0103733810021 0.245958335748 0.0332300952532 0.0139261242427 0.0318536631689 0.0155045656533 0.00439653586707 0.0276233876708 0.00107505637753 0.0171855588704 0.0300678806503 0.0181134160748 0.00319082908794 0.0202588783545 0.00849986043548 0.0126798076531 -0.00758162962162 0.0183155268423 0.036245298446 0.0316297673894 
0.0421647943628 0.00468779704872 0.0412419739157 0.0190361995777 0.0245731078288 0.0230046734737 0.049048890278 0.0186694322461 0.0629503768387 -0.00304952728974 0.0171699186533 0.00927033464496 0.0235796450996 0.0551606984784 0.0343566881906 0.0456417054218 0.0409453331822 0.0720441299128 0.0318263813031 0.0118094218429 0.0103039901527 0.0217551310188 0.0168106080242 0.0123373643752 0.045457647296 0.0323892034831 0.00386072514803 0.0229468095376 0.0423228862647 0.0111277170141 0.0588867603986 0.0332300952532 0.41693416534 0.00963904893188 0.0299269413734 0.00702696159366 0.0188045532901 0.0281533491971 0.0223213096111 0.00553507334478 0.0333333385568 0.0513156349511 0.00648902132445 0.0131244229918 0.0143447789464 0.0187267471902 -0.0123509706941 0.0294838891026 0.0167713123833 -0.00478860864681 
0.0191868395892 0.0153916108977 0.0177504286071 0.0197639682052 0.0142782524146 0.0231997030273 0.0012646021059 0.0232960270519 0.0239199154532 0.000365194866992 0.0178564857824 0.00999916641192 0.0204613292827 0.0174438214261 0.0126100045343 0.0203505460079 0.018666808273 0.00832395227761 0.0203675911122 0.015644165771 0.0202240067072 0.0126326439309 0.00678232687608 0.00472850513171 0.0100884348511 0.0231351434037 0.0108304446365 0.00736237831816 0.0253257932589 0.019651796165 0.0249138289771 0.0139261242427 0.00963904893188 0.193549526283 0.0261511087852 0.0138871264524 0.0114548639507 0.0114107672233 0.0108591214839 0.0119459406425 0.0407110704376 0.0174874394895 0.0144380173689 -0.00298869502419 0.0359940157714 0.00473148865857 -0.0100166027734 0.0124522520649 0.0025512810628 -0.00355527540349 
0.0771971507087 0.0132803561274 0.0514847203487 0.0282769159155 0.0216742534664 0.043273158805 0.0159196621745 -0.0117967397137 0.0531662876083 0.00880022421979 0.0348206109868 0.0240043517181 0.0292569686885 0.0131068823341 0.013594428598 0.0373923479621 0.0232764938322 0.0516454627542 0.0319502459283 0.0251194965285 0.00551611342395 0.0194656922021 0.0295929569297 0.0273162462691 0.039602313745 0.0375009161143 0.0212328691658 0.0355380103859 0.0183552527872 0.0122948889639 0.041198350324 0.0318536631689 0.0299269413734 0.0261511087852 0.262677033354 0.0177738945977 0.0223833371665 0.0149844098039 0.0244810483206 0.016452451984 0.0441974035686 0.0255774397023 0.0144891068929 0.0269920634252 0.0343025188141 0.0135915022726 -0.0172475308406 0.026394418914 0.0331148993783 0.0283287598703 
0.0247282436412 0.00189627966477 0.0109908767711 0.0232086984777 0.0235482356737 0.0273114022339 0.0105032869803 0.0297287448623 0.00108220436859 0.00282831473651 0.00829728397165 0.00318509222701 0.0221520379725 0.0158054336779 0.0136830174361 0.0157525873282 0.0354899189734 0.0111735362606 0.0220282857394 0.0251085494664 0.0122763153037 0.00605223470512 0.00727945787655 0.0115501450343 0.0207974434672 0.0337453554502 0.0255162807551 0.00678253393626 -0.0016196305853 0.0177538162544 0.012041811238 0.0155045656533 0.00702696159366 0.0138871264524 0.0177738945977 0.17898838487 -0.00449842848733 0.0217094150247 -0.0012433023669 0.0115681451263 0.0430197421706 0.0107037778059 0.0163486154903 0.00805679575846 0.0151256542119 0.0148358698825 0.0115781168539 0.0150035975837 0.0279520300167 0.0160800280555 
0.0157616783345 -0.000824939332569 0.0143440921043 0.0168005571081 0.0111808005395 0.00677147414725 -0.000939308672989 0.0257659837359 0.0344475237336 0.011636020204 0.161022168741 -0.0176225714295 0.0498941041076 0.0256172392939 0.00162262674121 0.0166233361283 0.00831508930389 -0.000515768558285 0.0433282076878 0.0518918336167 0.00885723034064 0.152976204242 0.0453132268321 0.0127435791888 0.0245371012058 0.0284268748189 0.00713947882235 0.00955759025501 0.0296946961252 -0.00466291693457 0.00951941324004 0.00439653586707 0.0188045532901 0.0114548639507 0.0223833371665 -0.00449842848734 0.514795134038 0.00347858359718 0.0239500027388 0.0152745078113 0.0462387021132 0.0180234751728 0.0207125623335 0.00060460132921 0.0423199581392 0.024808624754 -0.0100786711917 -0.00340815801054 -0.0119951616674 0.105710930303 
0.0429863227634 0.00591559057714 0.0249863518444 0.0109811078628 0.0237099708858 0.0180976264822 0.0107663071646 0.0177380001154 0.0183239226235 0.00908940020035 0.0116977957391 0.00903685360192 0.0364245616019 0.0435428178309 0.00812803427891 0.0198849747333 0.0119586604394 0.0375282075686 0.0414377515206 0.0226328976849 0.0146482716866 0.0170488812127 0.00955943481624 0.00777708613037 0.019502268031 3.84361432271e-05 0.0142997841139 0.00748799453552 0.0132834179502 0.00976524893118 0.0267955877989 0.0276233876708 0.0281533491971 0.0114107672233 0.0149844098039 0.0217094150247 0.00347858359718 0.186340035841 0.0177440047297 0.0151479297198 0.0290352308193 0.0404448265457 0.0212214526119 0.0121542911965 0.00688379983718 0.0108954204432 -0.0163151996829 0.00433625728584 0.00157164232536 0.0109755374589 
0.00981331353117 0.0632145262629 0.0104019405501 0.0138891366422 -0.00196898441652 0.0166108892969 0.00999143447129 0.0143837676311 0.00422740680828 0.00322349975816 0.0296127188384 0.0230745054227 0.00183331017043 0.0116577618469 0.00191892574662 0.0171047701385 0.0202591506071 -0.0174700278816 0.00348908440768 0.0331974870969 0.0124467473474 0.030015435906 0.0393646190739 0.0165935623095 0.0105215363343 0.00754564721919 -0.00645863906158 0.00472989429944 0.00365984009637 0.021383286245 0.00209775439438 0.00107505637753 0.0223213096111 0.0108591214839 0.0244810483206 -0.0012433023669 0.0239500027388 0.0177440047297 0.280944240341 0.0207159318645 0.0197180567871 0.00102550710311 0.0032973853842 0.0270680370646 0.0190284152649 0.0147204870266 0.006005172312 0.0128495438831 0.0188824454394 0.0206741881695 
0.00893494044205 0.0252053850621 0.0081737489448 0.0302152882483 0.0166960841007 0.0667842744978 0.0125804102127 0.0398239712732 -0.0160056660076 0.00955188636874 0.0237249947485 0.00644809944155 0.0145404061209 0.0272474472934 -0.00283395861227 0.0251038968192 0.00492326726034 0.0146531867197 0.00437784645952 0.00400469413629 0.0182455613134 0.0231082619253 0.00308097728833 0.0214967001253 -0.0144906555511 0.00617941794558 0.0130005725382 0.0157394010413 0.0301764633113 0.0128952009746 0.0127713575576 0.0171855588704 0.00553507334478 0.0119459406425 0.016452451984 0.0115681451263 0.0152745078113 0.0151479297198 0.0207159318645 0.437973976572 0.036904853674 0.0145194900823 -0.000948354935873 0.00845123600125 0.00196604218333 0.0152959218523 -0.00323576812511 0.0174374978367 0.00754355771275 0.0203524953359 
0.0640047468121 0.0167491229794 0.0450785623428 0.0354399041734 0.0420784136631 0.0184185993823 0.00514131665312 0.0473338846759 0.0386043054457 -0.00894869502602 0.0638127037747 0.0059376660004 0.0547231777101 0.0263719140403 0.0202312897689 0.0641075008486 0.0446485714654 0.0292407548608 0.0749268277135 0.0253345816028 0.0382328047637 0.0448093573628 0.018361775345 0.0243329617056 0.0459486875013 0.0432857857634 0.0722465173598 0.0251370919588 0.0338298619508 0.0621522076651 0.036361889294 0.0300678806503 0.0333333385568 0.0407110704376 0.0441974035686 0.0430197421706 0.0462387021132 0.0290352308193 0.0197180567871 0.036904853674 0.451252812504 0.0350532149323 0.0157098347569 0.0163636941376 0.0398303914078 0.0129801934528 0.0124908577599 0.0337586806268 0.034297378166 0.0205640740786 
0.0231472605335 0.0139561798571 0.0967190974406 0.0158373584159 0.0116649562292 0.0270637140997 0.0256847021025 0.0226264155879 0.0637760554112 0.00620409570987 0.00826875621751 0.0051618534753 0.0252507492959 0.0673972637992 0.0431543246423 0.0123724217923 0.0131819906523 0.081883611745 0.0223719539349 0.0227363629602 0.0415368810322 0.0112845688291 0.00319871195146 0.00526588033616 0.10978194899 0.0379086437851 0.0204574821805 0.0350216648105 0.0335519306515 0.0284515002905 0.0238738616584 0.0181134160748 0.0513156349511 0.0174874394895 0.0255774397023 0.0107037778059 0.0180234751728 0.0404448265457 0.00102550710311 0.0145194900823 0.0350532149323 0.357990593936 0.0117087931356 0.0254267350385 0.0235110239395 0.027273091554 -0.0104530501319 0.0709714552536 0.0145818687451 0.017446769833 
0.0129351098614 0.0122961014213 0.0224520307113 0.0154796686695 0.0082306039266 0.00955503626522 0.00657223670524 -0.00282447500045 0.0178554610704 0.00628284869225 0.00905353618663 0.0105752700818 0.0078566307763 -0.0110695578049 0.00388824265174 -0.00374064947643 0.00957269346631 0.0166981106208 0.0228123538243 0.00491799676418 0.0117621292193 0.00892057792484 0.00810369576495 0.00481409565899 0.018057835959 0.00268339577403 0.010289544327 0.00419211896304 0.00141741804663 0.0191388086556 0.017562033842 0.00319082908794 0.00648902132445 0.0144380173689 0.0144891068929 0.0163486154903 0.0207125623335 0.0212214526119 0.0032973853842 -0.000948354935873 0.0157098347569 0.0117087931356 0.225385226437 0.0197077859564 0.00890266274307 -0.00359798008599 0.0021423576855 0.0301766669969 0.0115655028931 -0.0112282471012 
0.0257067840989 0.0184550849666 0.00160724705135 0.0192694926952 0.0163146575841 0.00562158600493 0.0113298629509 0.019766128555 0.0239193313617 0.00990827139288 0.0237970673232 0.00913893423836 0.0212677406148 0.0250339558741 0.00677555065071 0.00773250563306 0.0319510000518 0.0159027298138 0.00697839786721 0.0119984339303 0.00741074039377 0.004176848127 0.0175293955155 -0.00165548289419 0.0104001565764 0.0256175517351 0.0133816507166 -0.00352433582673 -0.0178860435312 0.0495073203601 0.012658206439 0.0202588783545 0.0131244229918 -0.00298869502419 0.0269920634252 0.00805679575846 0.00060460132921 0.0121542911965 0.0270680370646 0.00845123600125 0.0163636941376 0.0254267350385 0.0197077859564 0.262757084648 0.00618876587556 0.00828692247034 0.00382422441438 0.0141482626814 0.0194567953615 0.00509189695561 
0.0203006659844 0.013260627873 0.00525576963491 0.0193249682693 0.0131256557744 0.0100868763751 0.0299563318109 0.00793018629559 0.0739222252779 0.0419884213198 0.0593242413643 0.00978121194236 0.0449612669277 0.0482296040667 0.0292363750618 0.0232316170155 0.0137002011999 0.0371506055445 0.0256049630402 0.0230446009731 -0.00892766406321 0.0164840908318 -0.00351830152638 0.00618634656654 0.0399273719078 0.00739666697904 0.0196675592463 0.0131515854192 0.00796738747488 0.0189426633831 0.035882396168 0.00849986043548 0.0143447789464 0.0359940157714 0.0343025188141 0.0151256542119 0.0423199581392 0.00688379983718 0.0190284152649 0.00196604218333 0.0398303914078 0.0235110239395 0.00890266274307 0.00618876587556 0.714197663203 -0.00399203101647 -0.00251322614697 0.0162412933141 0.00580838870141 0.0408192316506 
0.0141224124452 0.00693366716358 0.0116391075672 0.0142986349089 0.00646217640697 0.00165707950449 0.0020751790268 0.0184152039255 0.0076858318749 0.0168893229065 0.00601770579282 0.00925920496069 0.0329165187073 0.0237545275223 0.0155542821486 0.0227510939158 0.0123869675725 0.00259261868809 0.0158533503266 0.013748219188 0.00850199798358 0.0166970518443 0.00584323412257 0.0120729469291 0.0201106278592 0.0111640483214 0.0115100411098 0.00781076790098 0.00911377547458 0.0212952845682 0.00955285143479 0.0126798076531 0.0187267471902 0.00473148865857 0.0135915022726 0.0148358698825 0.024808624754 0.0108954204432 0.0147204870266 0.0152959218523 0.0129801934528 0.027273091554 -0.00359798008599 0.00828692247034 -0.00399203101647 0.210246816625 3.31164696085e-05 0.0192824678551 0.0106907518667 0.00710451987606 
-0.0018942096172 0.0126874408574 -0.00921162615112 0.00707021646415 0.0231426636666 -0.00668373136355 -0.00760776151439 0.00745866883363 -0.0087998964226 0.0279418413587 -0.0160616106406 0.00293066093023 -0.0168390958426 -0.0231443102591 -0.0113846043976 0.00307263167357 -0.00713831070464 -0.0260387339428 -0.0197805400191 -0.0017947376417 -0.0044186693402 -0.0116182571504 0.000131369230664 -0.00776936246262 -0.00822435245355 0.00855135259401 -0.0197093354378 -0.0163509853438 -0.0239569161206 -0.0255670355135 -0.0149767269031 -0.00758162962162 -0.0123509706941 -0.0100166027734 -0.0172475308406 0.0115781168539 -0.0100786711917 -0.0163151996829 0.006005172312 -0.00323576812511 0.0124908577599 -0.0104530501319 0.0021423576855 0.00382422441438 -0.00251322614697 3.31164696085e-05 4.09484383504 0.00821923845568 0.0103554849034 -0.00971702985642 
0.0428971131086 0.00962634582283 0.034621434193 0.018641807394 0.0426872518549 0.0182455801169 0.00504768865719 0.0021952901701 0.0217895020385 0.00297066601951 0.0317859886938 0.033188757017 0.00397347767668 0.01792091643 0.0220609158916 0.0312907364608 0.0105764782565 0.0100897599672 0.0262025518461 0.00563159303398 0.00937294405498 0.0180042308317 0.0137938842318 0.00813702139404 0.0211192534204 -0.00510870932559 0.0376109259737 0.00845892328229 0.0132407740171 0.00633550405443 0.0351189986361 0.0183155268423 0.0294838891026 0.0124522520649 0.026394418914 0.0150035975837 -0.00340815801054 0.00433625728584 0.0128495438831 0.0174374978367 0.0337586806268 0.0709714552536 0.0301766669969 0.0141482626814 0.0162412933142 0.0192824678551 0.00821923845568 0.569038358206 0.0104535008949 0.0135754666262 
