60
0.0359279599811 0.0820701074714 0.126305303483 0.0304536481296 0.148169679735 0.0770368317024 0.0695535734162 0.0631330997176 0.0534443631468 0.0335830315084 0.0878126089614 0.0733521468466 0.045915457725 0.0629738483482 0.0297585566085 0.0424048973372 0.0470472683343 0.0210495138202 0.0387981152642 0.197480990077 0.0654803135324 0.0791308905459 0.169485482474 0.0362094771936 0.103528049483 0.0324915821016 0.050100863095 0.070265204238 0.0374431650663 0.126958151155 0.0289058353667 0.0726136826411 0.136312174374 0.0911559741232 0.0128714932266 0.0852779749864 0.0123991351417 0.0357981155146 0.0296866664977 0.0361599942098 0.0572050688987 0.188050706821 0.0487859931196 0.0672535079153 0.0384738749472 0.0704019073317 0.067654701563 0.0755152896869 0.0265193363437 0.360667625942 0.029419367 0.101481112582 0.074230100705 0.0214039426083 0.0132097716294 0.478952808182 0.0754552666066 0.0715007016099 0.0348883512333 0.019144788815 
0.2258309152 0.0323988267551 0.0101601253165 0.00893555820216 0.0293919101181 0.0118048626746 0.0124807278042 0.00261352901849 0.0365285724882 0.0096745665493 0.0268161980944 -0.00952552997277 0.00632766025271 0.00525767547829 0.0382565348216 -0.0076979860985 0.00585723169584 0.0122719784141 0.01684705508 -0.00248710379165 0.0104653182246 -0.00746375793026 0.0140104327399 0.00371885897925 -0.00046890358065 -0.000209522258127 0.00490998237866 0.0108230936743 0.00649269439862 0.00913811847562 0.0291767758731 0.0311081339488 0.0179577190094 0.0155330919847 0.0105170063359 -0.00264666698519 -0.00410535812467 0.0120834533831 0.00523824858446 0.0174464229641 0.00481375265521 0.012515105851 0.00880925996382 0.0215468421583 0.0111344108422 0.0181286325112 0.012469966843 3.65727957065e-05 0.014482876265 0.0331741619622 0.0189417980388 -0.00326325135059 0.0174564234144 0.012755160293 0.00694488256266 -0.0044702148119 0.00912362315425 -0.000952373732615 0.0123078866678 0.0124415935053 
0.0323988267551 0.482240079677 0.0168581163208 0.0218778232502 0.00804365680775 0.0280221439945 0.0174333054812 0.0236207670325 0.0337553246968 0.0138179476742 0.0387826914808 0.0216910234719 0.0232919075369 -0.0189054505458 0.0171826408466 0.0206823060511 0.0163734271868 0.01842090671 0.0085374167505 0.0248015625469 0.0291927684972 0.00559840740054 0.0148419461488 0.0259264772614 -0.00766524233178 0.0072811445883 0.0229248967721 -0.00822020337879 0.0016611811945 -0.00113136962489 0.0227713049965 0.0189261937183 -0.011174541363 0.0200966503363 0.0128308780488 0.0262805311552 0.00772264127634 0.0281236269738 0.00771442825969 0.014567734326 0.0323470552292 0.0128874126654 0.0169031435682 0.0306923617087 0.0127053869973 0.0473339212836 0.0032891636303 0.0202907417849 0.0126719252816 0.00527026133848 -0.000325418820181 0.00314890377308 0.029755386235 0.015375464872 0.0045168704662 0.0214476979861 0.0237190120481 0.00044091005991 0.0330824447381 0.018288964493 
0.0101601253165 0.0168581163208 0.441873172886 0.00370804002839 0.0391474818117 0.01374746399 0.00258684035462 0.0546149980761 0.0211901191876 0.0187069285525 0.0280932046154 -0.00131165372971 0.0109101559244 0.101067640529 0.016828745006 -0.00803643467044 0.00928760817335 0.0166495222063 0.0215925814348 0.0211396371532 0.0243572394812 0.0134504735473 0.066310171111 0.00296546566899 0.134906184955 -0.00275909754886 0.0218463727426 0.0133180986196 0.00748991609865 0.110038303743 0.0258291134165 0.0177797097066 0.0130295432762 0.0175214731473 0.0108499179797 -0.0178475471377 0.00934953277359 0.0127319634823 0.0100076872634 0.016261564566 0.0326929922625 0.0162423652937 0.00246016833449 0.0060368307104 0.00350077541424 0.022233440925 -0.00812417014775 0.00700676088755 0.00353929266615 0.0342367891865 0.00981116226609 0.00356946007962 0.0443975860398 0.0333441507999 -0.000110025289053 0.0203761414971 0.0146618161826 -0.00326530980257 0.0056637461187 -0.00323710988822 
0.00893555820216 0.0218778232502 0.00370804002839 0.208561604329 0.006154630435 0.00818737567072 0.0162808901895 0.0044804354721 0.0075619415006 0.0226978174084 0.0272741767306 0.0205032153789 0.0157405735624 0.0103824062619 0.0208567217846 0.0125733331319 0.0320365273291 0.0132510135553 0.0206327599244 0.0139517102993 0.00138755952199 0.0191419222541 0.00688816116103 0.0387733877153 0.00273662086491 0.012241069065 0.0179932449283 0.0401064378975 0.0141515391548 0.00600334502536 0.0260121592724 0.0130764851804 -0.0101353640082 0.0139204362463 -0.000535868639453 0.0152490692346 0.0248546093553 0.0217157697139 0.0320833776039 0.0315078747552 0.00795826794201 0.0240637616035 0.0246879197958 0.0308773402105 0.01541215555 0.0305667050747 0.0192499615279 0.0034186488844 0.00749759139399 0.00447457624464 0.0142033610201 0.00216568626436 0.04487004395 0.00682963910064 0.00560715156301 -0.0202854703204 0.010389493406 0.00939065930533 0.0335893512145 0.0320889963616 
0.0293919101181 0.00804365680775 0.0391474818117 0.006154630435 0.462207974795 0.00491406848563 0.0562674447946 0.0203483426776 0.012050027992 0.0176098562405 0.0121498199162 0.0206399294819 0.0433434456082 0.0354542964797 0.00937477120621 0.00531365202099 0.0103319914861 0.0265069434384 0.0187057363357 0.011022571366 0.0278020616872 0.00326355519559 0.0131126462806 0.0116605413721 0.0207671638303 0.017306681491 -0.0133862701134 0.00150963883554 0.00829200814896 0.0338219550016 0.000559477715355 0.0197073459141 -0.0156397759091 0.007838449603 0.0034547958013 0.00438659984206 0.00182053209056 0.0120705405651 -0.00197091695987 0.0234428193003 0.0199342529588 0.0479890569011 0.00467999557621 0.0296437300871 0.012108773483 0.0155066085431 0.0266843449224 -0.00543542461189 0.00776218984415 0.0207499957359 0.00256423466525 0.0153938732024 0.0426747694284 0.00405625257361 0.00630386422036 0.00138510799881 0.0476901003828 0.0032314306078 0.00507239732361 0.0258497652058 
0.0118048626746 0.0280221439945 0.01374746399 0.00818737567072 0.00491406848563 0.327315250852 0.0100271225397 0.0178736535621 0.00794068565983 0.00176861592429 0.00355675164852 0.0106957528659 0.0210279975008 0.00955473069886 0.0144064448199 0.00696401237582 0.013344104877 -0.000664074142439 -0.00330540570443 0.0250725770204 0.00286731627174 0.0164030120284 0.0205523707418 -0.00225211670032 0.00245828407715 0.00942367763844 0.01002240601 -0.000296230199907 -0.00879039549866 0.0155990036055 0.00374379038832 0.021353527403 -0.00899918315642 0.0315492071459 0.0138347441666 -0.0100809606953 0.017929313384 -0.0139120749985 0.0211077088706 0.0193118734025 0.0212425238021 -0.00144513300254 0.0130367467738 0.0118608225647 0.0217863017131 0.029933537618 0.00371544890533 0.0112919150411 0.0121976119327 0.0604081390485 0.00679952298161 0.00301770367239 0.0245145289198 0.00956462913434 0.00179427408942 -0.0022112574656 -0.00587477805439 0.0804336585111 0.0193147455409 0.0153635324351 
0.0124807278042 0.0174333054812 0.00258684035461 0.0162808901895 0.0562674447946 0.0100271225397 0.392867572265 0.0166881258941 0.00469240236728 0.0100240379829 0.0153979158065 -0.0144486502988 0.0160362943007 -0.00709032764104 0.00239928404808 0.0167995509546 0.0464727911767 0.0157056400529 0.0113059588106 -0.00024720541554 0.0149390984231 0.00579313380312 0.0122597955354 0.0132320736621 0.000747837132047 0.00219575419587 0.0133754794787 0.0107607287723 0.0165429777631 -0.0103532420113 0.013539449094 0.00290425147978 -0.0130745916427 0.00398199548365 0.0122305604158 0.00331469803146 0.00790692066079 0.00847431023742 0.0163980223614 -0.00692329860574 0.00016989576531 0.0184392657199 0.0153983646717 0.00843837757733 0.00150225524981 0.0166357461912 0.000548810120915 0.00277001936231 0.00635357507585 0.00369179086202 3.76284734295e-05 -0.000586084659917 0.0176361225116 0.0327344090961 0.011109773338 -0.0201060098468 0.00535148900614 0.00664273537666 0.0026533826505 0.0127956981379 
0.00261352901849 0.0236207670325 0.0546149980761 0.00448043547209 0.0203483426776 0.0178736535621 0.0166881258941 0.450537138662 0.0181000984775 0.0369644357112 0.0259883150619 -0.0129734589668 0.039333601992 0.00910903037699 0.0299347050777 -0.00234671003175 -0.0106754039467 0.0131251436714 0.0212382623696 0.0331100982661 0.0578555981221 0.0229209917415 0.0434337857102 0.0169679148823 0.00125925898 0.0213873981991 0.00741427600671 0.0159462348229 0.0302415107696 0.00432826254521 0.0164114647688 0.0568374366743 -0.0132366201504 0.0149915362459 0.0119997750462 0.00811179079882 0.00722303824172 0.00476639312369 0.0208440778503 -0.00462133415905 0.0296385432812 0.0512351769228 0.00135614086152 0.020249458787 -0.00228121009275 0.033138795141 0.0118525336791 -0.00178712494007 0.00315437605956 0.0800525629149 -0.00803938150128 0.0336622661705 0.0360657970279 0.0285197151255 0.0239710866953 0.00231622212054 0.0179376128187 0.0177832369219 0.023282706853 0.00730664417373 
0.0365285724882 0.0337553246968 0.0211901191876 0.0075619415006 0.012050027992 0.00794068565983 0.00469240236728 0.0181000984775 0.281113132343 0.00810744068406 0.0164474685324 0.0251133118457 0.0111277961835 0.011253705291 0.0222773155648 -0.00499721355283 0.00790599052407 0.0128614106531 0.0217632157526 -0.00982302551322 0.0284888457027 -0.00108497824981 0.0249507705125 0.024781504361 0.000669758022758 0.0121171471699 0.00783392264956 0.0100238204298 0.00970715583116 0.00974603938321 0.0299673824307 0.0279532365057 -0.00897763487935 0.0271128299616 0.00442448474301 0.0366194223501 0.00382598865501 0.0274707905342 0.011363884458 0.00178563942786 0.0231081665602 0.116812830356 0.0154470930774 0.0213946278915 0.0306094084466 0.0194701068683 0.00431722847041 0.00628124398164 0.00977550361175 0.0363526588723 0.0137226956123 -0.000976353030596 0.037784404292 0.0329223552077 0.00914964514858 0.0164311401685 0.0128148813326 -0.000500447340089 0.0212689535975 0.0223438574545 
0.00967456654929 0.0138179476742 0.0187069285525 0.0226978174084 0.0176098562405 0.00176861592429 0.0100240379829 0.0369644357112 0.00810744068406 0.285746735468 0.0920360735557 -0.0114073908687 -0.00147760239001 0.00411595808982 0.00947514621488 0.0136769258108 0.00950383669728 0.00710046459615 0.0339141559646 0.0330132627834 0.0227683352356 0.026457906581 -0.00846662762133 0.0108119077931 -0.00802967314974 0.0166249303326 0.0135053621914 0.00916868948419 0.00476804234289 -0.00396783827339 0.0148117399948 0.0148676595066 -0.011809876576 0.0195260622073 0.00736213062027 -0.00809264156563 0.0194085926578 0.0161941990136 0.0160751971479 0.0117752024817 0.0127289863283 0.041794349927 0.0147364189805 0.0335763687578 0.00660837774754 0.0319903792132 -0.000312384100779 0.00267813339565 0.00991215199659 0.0447870140117 0.00653066739245 0.0190421477694 0.0312209402641 0.0199956403684 0.0165860673413 0.0422495398476 0.0162864940608 0.0159844876392 0.00491714271482 0.0103513414001 
0.0268161980944 0.0387826914808 0.0280932046154 0.0272741767306 0.0121498199162 0.00355675164852 0.0153979158065 0.0259883150619 0.0164474685324 0.0920360735557 0.464604528368 0.0040108674771 0.0296319458906 -0.0114427095143 0.0313121982142 0.0324487052371 0.00143646194897 0.00260392416227 0.0238710118996 0.0363903298289 0.0220828051565 0.010052598492 -0.00345902584401 0.0199332765406 -0.00230344129747 0.0338761203941 0.009862234423 0.00520447722224 0.0360054078359 0.00562192013298 0.0378473192862 0.0431185666769 0.015427383595 0.0217684474946 0.00733727202379 0.00736958142012 0.0156790664507 0.0122408345303 0.00622763689026 0.0053482293086 0.0115700332712 0.0526073444337 0.0285671164873 0.0245107162239 -0.00114966760098 0.0331058215397 -0.00290726428618 -0.000793641337739 0.0223184870912 0.058491730839 0.00619872736358 0.0195251496834 0.0236597530287 0.0177702252679 -0.00244510722571 0.0351901128036 -0.00336753884238 0.0101163359719 0.00992790995468 0.0151340552941 
-0.00952552997277 0.0216910234719 -0.00131165372971 0.0205032153789 0.0206399294819 0.0106957528659 -0.0144486502988 -0.0129734589668 0.0251133118457 -0.0114073908687 0.0040108674771 0.424694259167 0.00449665218505 0.00303455280781 0.0227465771223 0.00795190851221 0.0198699329454 0.0276434040536 0.0021874320036 0.00668943848374 0.0110440319309 -0.000627599623488 0.0103280611209 0.0131258533777 0.00827708148575 0.0160402581498 0.0404357905651 0.00383239669709 -0.00142299729844 0.0197310902322 0.0150630567254 0.0303091285382 -0.00146396916978 0.0122992069002 0.0108572838312 0.11186424329 0.00814978318585 0.0246250098363 0.0216776764551 0.0374133976552 0.0162302571853 0.0132008247685 0.0145267206672 0.0145458196624 0.0131721238482 0.00957884501955 0.0203507618736 0.0260534962468 0.0143923192188 0.0291401431385 0.0220971847537 -0.00195751765 0.0228249813059 0.0132983672767 -0.00874555489579 -0.00490500943443 0.0244670376177 0.00418439655694 0.0288321999582 0.0194714697795 
0.00632766025271 0.0232919075369 0.0109101559244 0.0157405735624 0.0433434456082 0.0210279975008 0.0160362943007 0.039333601992 0.0111277961835 -0.00147760239001 0.0296319458906 0.00449665218505 0.31274279639 0.00799418544391 0.0239977526639 0.00994099650667 0.0148376613116 0.0130320330247 0.0113767295415 0.0174415054204 0.0214783733361 0.00389053126349 -0.00961225818594 0.0147240945644 0.00140589099242 0.0356436039837 -0.00955822096734 0.00328846808289 0.00815912473041 0.0100743478109 0.0432110095022 0.0262576656862 -0.00547019277677 0.0148106915506 -0.00495148121775 0.00978668311614 0.0189685551347 -0.0021780664659 0.0249074467026 -0.00278068399371 0.00219257323866 0.0358217784338 0.00663018402109 -0.00170346913026 0.022046569097 0.0339437857593 -0.000769609089665 0.0231213338867 0.0132010118707 0.0346468092591 0.00780321099779 0.0523048580559 0.0358997784044 0.014614133696 -0.000668122566311 -0.00451339703059 0.00732415092221 0.00736712006811 0.0367481953274 0.000914143415006 
0.00525767547829 -0.0189054505458 0.101067640529 0.0103824062619 0.0354542964797 0.00955473069887 -0.00709032764104 0.00910903037699 0.011253705291 0.00411595808982 -0.0114427095143 0.0030345528078 0.00799418544391 0.331449339874 -0.0083640173307 -0.000222401486543 0.00200150723758 0.0016969053595 0.0152446509408 0.00529649073859 0.00630092214699 -0.00561539612843 -0.000273563722534 -0.0038279248306 0.0967753713349 0.0111571436777 0.00657039593369 0.00854319368184 -0.00278423986337 0.107455162726 0.00290791977021 0.0153587438026 -0.000220830630045 0.0182535210008 -0.00364019394992 -0.00584166985424 0.0134621539653 0.00424068172459 0.00969402489787 0.0207868253727 0.0101123390305 0.0154091952182 0.00423030906251 0.011345425093 0.00790483640221 0.0237663417509 0.00981355982629 0.020040723004 -0.00308232198971 0.0139612900471 0.0176132958533 0.0198916971508 0.0295242527108 0.0171200758036 0.00543075908166 0.0210256960982 0.0366945307752 0.00273381730471 0.0123960565631 0.00897782806983 
0.0382565348216 0.0171826408466 0.016828745006 0.0208567217846 0.00937477120621 0.0144064448199 0.00239928404808 0.0299347050777 0.0222773155648 0.00947514621488 0.0313121982142 0.0227465771223 0.0239977526639 -0.0083640173307 0.247520320854 0.0130453391945 0.0162044626382 0.0090914022359 0.0104120030599 0.00967400465875 0.0214152947424 -0.0031066452689 0.028435029274 0.0185403095401 0.011451245807 0.0277161162496 0.00807475253622 0.00094675938464 0.011940867377 0.0169531116573 0.0144084082091 0.0151128994412 0.00146997400117 0.0245980896762 0.0109511787782 0.0497939172575 0.0106944982416 0.00718015708477 0.0163542225964 0.0139596380294 0.0208278681808 0.038508159335 0.00721349032124 0.0182535091691 0.01352444996 0.039525659842 0.0141097365458 0.0139286771069 0.0219905275207 0.00465210679976 0.0129747768781 -0.0192846570261 0.0363082244337 0.0117459473428 0.0105813682828 -0.00817999313435 0.0259073044868 0.00302544494096 0.0358924021484 0.0304078956737 
-0.0076979860985 0.0206823060511 -0.00803643467044 0.0125733331319 0.00531365202099 0.00696401237582 0.0167995509546 -0.00234671003175 -0.00499721355283 0.0136769258108 0.0324487052371 0.00795190851221 0.00994099650667 -0.000222401486541 0.0130453391945 0.369364632718 0.00758963621246 -0.00746735192964 0.0199094804029 0.00650880691917 0.00115407291003 0.00896082985368 0.00458273446156 0.0154144656829 -0.00457958243486 0.0040462833692 0.00655396269641 0.00993622011476 0.0143425327353 0.00774939985091 0.00435682475524 0.00567430006356 -0.00280847075102 0.022384054635 0.0154482597437 0.0154503163572 0.00856722828147 -0.00198626982292 0.00799409641939 0.00620230332394 0.00293494398376 -0.00697438072386 0.071398818236 -0.0054540911657 0.00762911201173 -0.00416484594388 0.00273918541735 0.12613282322 0.0409537599876 -0.0028463254343 0.00625827087288 0.0144372121834 0.0319692940217 0.0153669213407 -0.00217955670152 -0.0074340327162 0.018533007258 0.00015929377914 0.0069297052845 0.00746303450668 
0.00585723169583 0.0163734271868 0.00928760817336 0.0320365273291 0.0103319914861 0.013344104877 0.0464727911767 -0.0106754039467 0.00790599052407 0.00950383669728 0.00143646194897 0.0198699329454 0.0148376613116 0.00200150723759 0.0162044626382 0.00758963621246 0.194208359176 0.00920738627119 0.0269947840038 0.00644060360337 0.0282198890137 0.00119713223865 0.00414455828831 0.0292341107437 0.019185250185 0.00774608351971 0.0333580678801 -0.00292320485442 0.014705787689 0.0120543173435 0.00707227144415 0.0128753925479 0.00896916421909 0.0136530957253 0.00688792184036 0.021405797813 0.0112036177776 0.0174993475885 0.0310463446768 0.0303101878244 0.0256427971139 0.0302787493382 0.00300189782106 0.0189358097582 0.0163854015664 0.0182004046878 0.0162905272285 0.0259587626734 0.0139316519081 0.0210084492588 0.0194653756229 0.00741385807056 0.0283230927957 0.0160186325257 0.0066437415577 -0.0178930309606 0.0313724512889 0.018432670139 0.0160483661809 0.0185312339286 
0.0122719784141 0.01842090671 0.0166495222063 0.0132510135553 0.0265069434384 -0.000664074142439 0.0157056400529 0.0131251436714 0.0128614106531 0.00710046459615 0.00260392416227 0.0276434040536 0.0130320330247 0.0016969053595 0.0090914022359 -0.00746735192964 0.00920738627119 0.32101013363 0.0121742265685 0.0226754950681 0.0044242587078 0.00508009682148 0.00579523640853 0.0252529104453 0.00341492529235 0.0143522162299 0.0073068783628 -0.00462743585772 0.00858095402093 -0.00268279974452 0.0298825668942 0.0149706833276 -0.00786631175746 -0.00714627465985 -0.00187396731869 0.0243234503315 0.0106887087517 0.0192568868503 -0.0122273058598 0.0303211270935 0.0063480613866 0.00241118073188 4.03203226395e-05 0.0227557790572 0.00534742567738 0.0182380254082 0.0330334111264 0.00446101809082 0.0101559034833 -0.000460077762382 0.0116982274935 0.00506396532666 0.0109739264462 -0.00229920850499 0.0149754482329 -0.00677076313355 0.00762963996325 0.00227560024776 0.00459053854367 -0.00358540954211 
0.01684705508 0.0085374167505 0.0215925814348 0.0206327599244 0.0187057363357 -0.00330540570443 0.0113059588106 0.0212382623696 0.0217632157526 0.0339141559646 0.0238710118996 0.0021874320036 0.0113767295415 0.0152446509408 0.0104120030599 0.0199094804029 0.0269947840038 0.0121742265685 0.217450878652 0.0219998417877 0.0260602759418 -0.000221118476953 0.0162061758428 0.0308346616211 0.0194614862213 0.0074178424856 0.032326932159 0.00239705839913 0.0193370304114 0.0194269358227 0.0101565675864 0.0191054059259 -0.0153574319764 0.0304930664918 0.00213450596635 0.0113473234565 0.00594109849324 0.00921011801418 0.0268908975965 0.0188283066812 0.0254845636646 0.0328619152384 0.0213955457207 0.0195338932124 0.0140748074612 0.022482445349 0.00649208305211 0.0257535590053 0.0265764662925 0.0468719708776 0.0150429610129 0.00795725131904 0.0320402427629 0.0318275595303 0.0193968289239 -0.00724890609926 -0.00654672465531 0.00236794123023 0.0150743860022 0.0235182788059 
-0.00248710379165 0.0248015625469 0.0211396371532 0.0139517102993 0.011022571366 0.0250725770204 -0.000247205415541 0.0331100982661 -0.00982302551322 0.0330132627834 0.0363903298289 0.00668943848374 0.0174415054204 0.00529649073859 0.00967400465875 0.00650880691917 0.00644060360337 0.0226754950681 0.0219998417877 0.864279287728 0.0237495577913 0.00014043480555 0.00169022172557 0.0354837981738 0.0309523732306 0.027888634528 0.00195765048553 0.0447870731206 0.00531179966816 0.00364077264018 0.0361428476021 0.00192929744634 -0.0215895327226 0.00283831203327 0.0159598149301 0.0130143269383 0.00588866516473 0.0161708748259 0.0152944597571 0.00272451984448 0.0224570642779 0.0341923897577 0.00942414615397 0.0218635172162 -0.0086103925544 0.0228537283224 0.13658120767 -0.012024187638 0.0184297924706 0.0619544212745 0.0143851343934 0.00604956443435 0.0590956383009 0.0125230052213 0.0231600881877 0.0346959331844 0.000472587028084 0.00912150233827 0.00143883423039 0.0269360614458 
0.0104653182246 0.0291927684972 0.0243572394812 0.00138755952199 0.0278020616872 0.00286731627174 0.0149390984231 0.0578555981221 0.0284888457027 0.0227683352356 0.0220828051565 0.0110440319309 0.0214783733361 0.00630092214699 0.0214152947424 0.00115407291003 0.0282198890137 0.0044242587078 0.0260602759418 0.0237495577913 0.382530014415 0.00410199630633 0.0100911275346 0.0236073009941 0.00843309239938 0.0277297302724 0.0104352173408 -0.00449106646008 0.0394500185078 0.00536995430586 0.0173706906866 0.0363729462833 -0.0113615542946 0.0148947909734 0.00136582574427 0.032172883435 0.0125197318629 0.0141333649355 0.0210187951921 -0.00132595211215 0.0215299017575 0.0463703025927 0.0157415323569 0.0241014500322 -0.0081802021571 0.0259018577266 0.000624574923175 0.021056085357 0.00592370861351 0.0319690692435 0.014383839049 0.00569865176796 0.0580408114598 0.0232944618212 0.0213641876873 0.0577740581189 0.0149719127039 0.0165476608631 0.0199406918226 0.0179834330974 
-0.00746375793026 0.00559840740055 0.0134504735473 0.0191419222541 0.00326355519558 0.0164030120284 0.00579313380312 0.0229209917415 -0.00108497824981 0.026457906581 0.0100525984921 -0.000627599623487 0.00389053126349 -0.00561539612843 -0.0031066452689 0.00896082985368 0.00119713223865 0.00508009682148 -0.000221118476952 0.000140434805551 0.00410199630633 0.605267141144 0.0125310768994 0.00991657101221 0.00580639151713 0.0163552727045 0.0123238619348 0.00186947044615 0.00976876507998 0.0221110831142 0.00304572844231 0.0199901005816 -0.00895399756954 -0.00644748635481 0.00714743547466 0.000447800087898 0.0102435806878 0.00191943060411 0.0185892218941 0.0103162291814 0.00349146914405 0.0188060487847 0.0196252125464 0.00735632564465 -0.00249766911144 0.00690752680314 -0.00866914221576 0.0242945337112 0.00488765563439 0.0135169078356 0.00648110582496 0.0712275081004 0.0234034853741 -0.00235068749004 0.00909369691554 0.112676360903 -0.00607629263105 0.0542473597554 0.0143266339648 0.0153474129531 
0.0140104327399 0.0148419461488 0.066310171111 0.00688816116103 0.0131126462806 0.0205523707418 0.0122597955354 0.0434337857102 0.0249507705125 -0.00846662762133 -0.00345902584401 0.0103280611209 -0.00961225818594 -0.000273563722535 0.028435029274 0.00458273446156 0.00414455828831 0.00579523640853 0.0162061758428 0.00169022172556 0.0100911275346 0.0125310768994 0.664464640375 0.0107721307025 0.0442840522223 0.00735071105909 0.0131310159268 0.0387559597201 -0.00812818511006 0.0197098004841 0.0457746711737 0.0557282926624 -0.0256747688765 0.0275710407908 0.00987157354399 0.0388183439588 0.00316879676276 0.00640918572606 -0.00642128994813 0.0419492100449 0.0291431016009 -0.0169980712007 0.0214124967341 0.00452429085467 0.0144022249525 0.0343368372279 -0.0227602666377 0.0117138663174 0.0072369345749 0.0324975720302 0.022087337164 0.0192858055168 0.000586522415234 0.0165346576621 0.010194014769 -0.00458908621936 -0.0046487290898 0.0332534823478 0.0258552300521 0.0170647273692 
0.00371885897925 0.0259264772614 0.00296546566899 0.0387733877153 0.0116605413721 -0.00225211670032 0.0132320736621 0.0169679148823 0.024781504361 0.0108119077931 0.0199332765406 0.0131258533777 0.0147240945644 -0.0038279248306 0.0185403095401 0.0154144656829 0.0292341107437 0.0252529104453 0.0308346616211 0.0354837981738 0.0236073009941 0.00991657101221 0.0107721307025 0.244583471545 0.0032004196279 0.0127182875063 0.0312251676284 0.02814440235 0.0195839441929 -0.00148490854569 0.0195231583636 0.0208566903235 -0.00219246557303 0.0162961597652 -0.000436446953355 0.0221745377356 0.0100445839673 0.0217655692004 0.0346845918361 -0.00105397840937 0.00422674327044 0.0201124840525 0.0115647477778 0.0330547988566 0.0174215689989 0.0262047754996 0.000102702762189 0.00275949433613 0.00949549990932 0.0246950404812 0.00278550278856 0.00685192973836 0.0310931704392 0.0156824135715 0.022755727367 -0.0124962208078 0.0163832665386 0.0149163019164 0.0365176170056 0.0326078358157 
-0.00046890358065 -0.00766524233178 0.134906184955 0.00273662086491 0.0207671638303 0.00245828407715 0.000747837132048 0.00125925898 0.000669758022759 -0.00802967314974 -0.00230344129747 0.00827708148575 0.00140589099242 0.0967753713349 0.011451245807 -0.00457958243486 0.019185250185 0.00341492529235 0.0194614862213 0.0309523732306 0.00843309239938 0.00580639151714 0.0442840522223 0.0032004196279 0.394777233968 0.00239007584156 0.0221020937155 0.0185099560563 0.00942709232589 0.153313408737 0.0135204243861 0.0222247436224 0.00620157794899 0.00956310722425 0.00882129351136 0.00635773153845 0.00647417705032 0.00923229863408 0.022047419248 0.0272442809764 0.0192630918119 -0.0116473848031 0.0145586937798 0.0038034430057 0.0243417256483 0.0303169035928 0.00813249578882 0.0146316748152 0.0245810312048 0.017400749691 0.0209473425025 0.00994938385897 0.0421607080979 0.0135789958548 0.00149129719067 0.0137818899665 0.0231509765191 -0.00142894642333 0.033181568869 0.0175165623078 
-0.000209522258127 0.0072811445883 -0.00275909754886 0.012241069065 0.017306681491 0.00942367763844 0.00219575419587 0.0213873981991 0.0121171471699 0.0166249303326 0.0338761203941 0.0160402581498 0.0356436039837 0.0111571436777 0.0277161162496 0.0040462833692 0.00774608351971 0.0143522162299 0.0074178424856 0.027888634528 0.0277297302724 0.0163552727045 0.00735071105909 0.0127182875063 0.00239007584156 0.296485988398 0.00357937512835 0.00934006111477 -0.00168710425003 0.0153942119093 0.00870470254944 0.0113547141978 0.0109658202055 0.0031272123216 0.0119759910884 0.0199197528432 0.0176909348955 0.0211618161261 0.0277920549144 -0.00555685919412 0.00552037572012 0.00199401729584 0.0159997337545 0.0390116134851 0.00356046510384 0.0076177915696 -0.00153978292114 0.0168727641156 -0.000700179350641 0.00621112286046 0.00785967412939 -0.000552330824704 0.0513148652705 0.000141496733641 0.0015552464913 0.0209546262753 0.0323949224208 -0.00514674442568 0.0372485758878 0.0325552400485 
0.00490998237866 0.0229248967721 0.0218463727426 0.0179932449283 -0.0133862701134 0.01002240601 0.0133754794787 0.00741427600671 0.00783392264956 0.0135053621914 0.00986223442299 0.0404357905651 -0.00955822096734 0.00657039593369 0.00807475253622 0.00655396269641 0.0333580678801 0.0073068783628 0.032326932159 0.00195765048553 0.0104352173408 0.0123238619348 0.0131310159268 0.0312251676284 0.0221020937155 0.00357937512835 0.296869332306 0.00934539092158 0.00384167332553 0.0279075289079 0.00836815591767 0.0401568503655 -0.00382945228272 0.0458797613911 -0.000387681034417 0.0198291124617 0.00608314660595 0.0153812185036 0.01581861893 0.0207322679689 0.0145434660536 0.0108466353476 0.0154085455268 0.0263660557447 0.0222991551009 0.0241972193289 0.00504006223323 0.0120953355304 0.0149857682077 0.0552361774603 0.00671044653404 0.00263733352191 0.0333335656769 0.0318978634478 0.0141607950275 0.00315555487271 0.0111975646728 0.0103105643154 0.0418286964111 0.00976975669791 
0.0108230936743 -0.00822020337879 0.0133180986196 0.0401064378975 0.00150963883554 -0.000296230199907 0.0107607287723 0.0159462348229 0.0100238204298 0.00916868948419 0.00520447722224 0.00383239669709 0.00328846808289 0.00854319368184 0.00094675938464 0.00993622011477 -0.00292320485442 -0.00462743585772 0.00239705839913 0.0447870731206 -0.00449106646008 0.00186947044616 0.0387559597201 0.02814440235 0.0185099560563 0.00934006111477 0.00934539092158 0.977901993869 0.0118682140247 0.0190655882882 0.0179840997159 0.0057794562775 -0.000575313611783 0.00171324784 -0.0100813879529 0.00366164244717 -0.000836706019962 0.0052014768206 0.00304247813047 0.0114182957023 0.00938894757143 0.0140576089593 0.0171142524459 0.0177978653238 0.0116344045877 -0.000120943724348 0.0216603656146 0.0430562722367 -0.000169111175706 0.00541867142935 -0.00454189515706 -0.00529054749924 0.0157860283073 0.0288797300567 0.00835484514558 0.00148639647858 0.0221965409546 0.0263460750208 0.00810364913952 0.00731313983125 
0.00649269439862 0.0016611811945 0.00748991609865 0.0141515391548 0.00829200814896 -0.00879039549866 0.0165429777631 0.0302415107696 0.00970715583116 0.00476804234289 0.0360054078359 -0.00142299729844 0.00815912473041 -0.00278423986337 0.011940867377 0.0143425327353 0.014705787689 0.00858095402093 0.0193370304114 0.00531179966816 0.0394500185078 0.00976876507998 -0.00812818511006 0.0195839441929 0.00942709232589 -0.00168710425003 0.00384167332553 0.0118682140247 0.457978351192 0.0072930449271 0.0127867597763 0.0357681708416 -0.009082700383 0.0182424098803 0.0238030684583 0.0174886757606 0.00785722146126 0.00401997837166 0.0114075092641 0.0186087869603 0.0127324655094 0.0161992384926 0.00720433464148 0.0128544788718 0.0177268820163 0.0274236086767 0.0170885290747 0.0203328998996 0.0145743140513 0.0034386964434 0.00306196766423 0.008830058403 0.02193211605 0.0177497631903 0.0138584942966 0.00764585869338 0.0187831006208 0.0174618231337 0.0194936148373 0.0138587732234 
0.00913811847563 -0.00113136962489 0.110038303743 0.00600334502536 0.0338219550016 0.0155990036055 -0.0103532420113 0.00432826254521 0.00974603938321 -0.00396783827339 0.00562192013298 0.0197310902322 0.0100743478109 0.107455162726 0.0169531116573 0.00774939985091 0.0120543173435 -0.00268279974452 0.0194269358227 0.00364077264018 0.00536995430586 0.0221110831142 0.0197098004841 -0.00148490854569 0.153313408737 0.0153942119093 0.0279075289079 0.0190655882882 0.0072930449271 0.383180362496 -0.00237657962654 0.03471162642 0.00333451231821 0.0358828311342 -0.00810447899013 0.0191995569959 0.00566415819591 0.0091336260184 0.0183554632277 0.0402914308195 0.0248282867405 0.0080893246788 0.0275708505818 -0.00209940555731 0.0293766030539 0.0300201600463 0.00962955955337 0.0429929632169 0.00791716469722 0.0521771833917 0.0292127781458 0.0263474272516 0.0694116752358 0.0220129903905 -0.0102272552863 0.0290770357331 0.0455423339583 -0.015891976221 0.0254709149995 0.0134197755015 
0.0291767758731 0.0227713049965 0.0258291134165 0.0260121592724 0.000559477715355 0.00374379038832 0.013539449094 0.0164114647688 0.0299673824307 0.0148117399948 0.0378473192862 0.0150630567254 0.0432110095022 0.00290791977021 0.0144084082091 0.00435682475524 0.00707227144415 0.0298825668942 0.0101565675864 0.0361428476021 0.0173706906866 0.0030457284423 0.0457746711737 0.0195231583636 0.0135204243861 0.00870470254944 0.00836815591767 0.0179840997159 0.0127867597763 -0.00237657962654 0.226630381223 0.0290378468093 -0.00847436359745 0.0186805074704 0.00586663542026 0.0164251343059 0.0100372425827 0.0132121530418 0.0236512015118 0.00847140835955 0.01368334458 0.0271436113401 0.0156841625517 0.0190206585412 0.00378674063756 0.0264196437345 0.00333501309763 0.00616559649682 0.00604420070211 0.0152346756006 0.0221898588786 -0.0040767423273 0.0199293470402 0.0127759484283 0.00915329273229 -0.00393309659672 -0.000726616179736 0.0162279275848 0.0278440470183 0.0223241639271 
0.0311081339488 0.0189261937183 0.0177797097066 0.0130764851804 0.0197073459141 0.021353527403 0.00290425147978 0.0568374366743 0.0279532365057 0.0148676595066 0.0431185666769 0.0303091285382 0.0262576656862 0.0153587438026 0.0151128994412 0.00567430006356 0.0128753925479 0.0149706833276 0.0191054059259 0.00192929744634 0.0363729462833 0.0199901005816 0.0557282926624 0.0208566903235 0.0222247436224 0.0113547141978 0.0401568503655 0.0057794562775 0.0357681708416 0.03471162642 0.0290378468093 0.26441791613 -0.0173842686836 0.0635025888092 -0.00828828063737 0.00797257015706 0.0104183364194 0.0188400397508 0.0173471578721 0.0148414060184 0.0292636762196 0.0562933272413 0.0375597494835 0.0153170072861 0.0130686282304 0.0471219425053 0.0102154550719 0.0497072386271 0.0171611087367 0.0418594256171 0.0217046763849 -0.00800440474106 0.0683410831663 0.0311962661078 0.00940538966869 -0.00288891628456 0.0529385894886 0.0102095638407 0.0270119392355 0.0254139932108 
0.0179577190094 -0.011174541363 0.0130295432762 -0.0101353640082 -0.0156397759091 -0.00899918315642 -0.0130745916427 -0.0132366201504 -0.00897763487935 -0.011809876576 0.015427383595 -0.00146396916978 -0.00547019277677 -0.000220830630045 0.00146997400117 -0.00280847075102 0.00896916421909 -0.00786631175746 -0.0153574319764 -0.0215895327226 -0.0113615542946 -0.00895399756954 -0.0256747688765 -0.00219246557303 0.00620157794899 0.0109658202055 -0.00382945228272 -0.000575313611783 -0.009082700383 0.00333451231821 -0.00847436359745 -0.0173842686836 1.94175675099 -0.0153202394303 0.00261199678114 0.00271011941888 -0.00599949682281 -0.0178928093665 -0.00230988219448 -0.00627190935096 -0.00656866369425 -0.0181692384664 0.00640502741841 -0.00429965047543 -0.0162463117181 -0.00759453155961 -0.00618603643308 -0.0133456171572 -0.00419022599492 -0.0139836965534 -0.00618215132916 -0.017911984636 -0.00472201869687 -0.00330869409226 -0.00456414136205 0.00635195256817 0.000618339892543 0.0044815410608 -0.0144990249446 -0.0141565587197 
0.0155330919847 0.0200966503363 0.0175214731473 0.0139204362463 0.007838449603 0.0315492071459 0.00398199548365 0.0149915362459 0.0271128299616 0.0195260622073 0.0217684474946 0.0122992069002 0.0148106915506 0.0182535210008 0.0245980896762 0.022384054635 0.0136530957253 -0.00714627465985 0.0304930664918 0.00283831203327 0.0148947909734 -0.00644748635481 0.0275710407908 0.0162961597652 0.00956310722425 0.0031272123216 0.0458797613911 0.00171324784 0.0182424098803 0.0358828311342 0.0186805074704 0.0635025888092 -0.0153202394303 0.343319324138 0.00221509777722 0.0335173346611 0.0207717213732 0.0183198506386 0.0312815128737 0.00363771882103 0.0387872622303 0.0758795304328 0.0302432028804 0.0267375850857 0.0296231405541 0.0366180200846 0.00643417622382 0.105872732132 0.026022265265 0.0309818230621 0.014580259385 0.00168122155049 0.0479438979351 0.0258452552753 0.0104856844041 0.0115656534795 0.037242490508 0.00245122523701 0.0344805361888 0.0222702844876 
0.0105170063359 0.0128308780488 0.0108499179797 -0.000535868639451 0.0034547958013 0.0138347441666 0.0122305604158 0.0119997750462 0.00442448474301 0.00736213062027 0.00733727202379 0.0108572838312 -0.00495148121775 -0.00364019394992 0.0109511787782 0.0154482597437 0.00688792184036 -0.00187396731869 0.00213450596634 0.0159598149301 0.00136582574427 0.00714743547466 0.00987157354399 -0.000436446953354 0.00882129351136 0.0119759910884 -0.000387681034418 -0.0100813879529 0.0238030684583 -0.00810447899013 0.00586663542026 -0.00828828063737 0.00261199678114 0.00221509777722 0.218230348156 0.0071820978327 0.00500383712211 0.00983233390266 0.0180103389339 -0.00022425037674 0.00495367569828 -0.00445035131636 0.025952049821 -0.0194455380488 -0.00476342606376 -0.00427926590563 0.0104926970429 -0.000103468678168 0.013721480057 -0.0047033588705 -0.00707693402267 0.025374762829 0.000218179496391 0.00277015049861 0.00257951686891 0.00393632407985 0.0277929873182 0.0138477867409 0.00286729243426 0.0185972342921 
-0.00264666698519 0.0262805311552 -0.0178475471377 0.0152490692346 0.00438659984206 -0.0100809606953 0.00331469803147 0.00811179079882 0.0366194223501 -0.00809264156563 0.00736958142012 0.11186424329 0.00978668311614 -0.00584166985424 0.0497939172575 0.0154503163572 0.021405797813 0.0243234503315 0.0113473234565 0.0130143269383 0.032172883435 0.000447800087896 0.0388183439588 0.0221745377356 0.00635773153845 0.0199197528432 0.0198291124617 0.00366164244717 0.0174886757606 0.0191995569959 0.0164251343059 0.00797257015706 0.00271011941888 0.0335173346611 0.0071820978327 0.378866447354 0.020851538453 0.0344304600896 0.00433395084795 0.0290733401047 0.023948535848 -0.00604391275194 0.0211321109669 0.028072443271 0.0369453497712 0.0243772674557 0.00129203450485 0.0252130265478 0.00163306095035 0.00506364074573 0.00738232055265 0.0210847831459 0.0266376678221 0.0192972979416 0.0172173277243 -0.0214953567851 0.0264832198573 0.00381864485 0.0397097266885 0.0212703565551 
-0.00410535812466 0.00772264127634 0.00934953277358 0.0248546093553 0.00182053209056 0.017929313384 0.00790692066078 0.00722303824172 0.003825988655 0.0194085926578 0.0156790664507 0.00814978318585 0.0189685551347 0.0134621539653 0.0106944982416 0.00856722828147 0.0112036177776 0.0106887087517 0.00594109849323 0.00588866516473 0.0125197318629 0.0102435806878 0.00316879676276 0.0100445839674 0.00647417705033 0.0176909348955 0.00608314660594 -0.000836706019962 0.00785722146126 0.00566415819591 0.0100372425827 0.0104183364194 -0.00599949682281 0.0207717213732 0.00500383712211 0.020851538453 0.179289382819 0.0127504596838 0.0238665705498 0.0164984022665 0.00908657142981 0.0650288954442 0.00959926135581 0.00540948994426 0.0134855094981 0.0133679594586 0.0171590191909 0.010014895444 0.00959685209708 0.0137076030346 0.00890594269938 -0.00488201145965 0.0164110759907 0.00213078672126 0.00831230436175 -0.0138298738338 0.00562960254638 7.45709106514e-05 0.0139718883752 0.00219174990219 
0.0120834533831 0.0281236269738 0.0127319634823 0.0217157697139 0.0120705405651 -0.0139120749985 0.00847431023742 0.00476639312369 0.0274707905342 0.0161941990136 0.0122408345303 0.0246250098363 -0.0021780664659 0.00424068172459 0.00718015708477 -0.00198626982292 0.0174993475885 0.0192568868503 0.00921011801418 0.0161708748259 0.0141333649355 0.00191943060411 0.00640918572606 0.0217655692004 0.00923229863408 0.0211618161261 0.0153812185036 0.0052014768206 0.00401997837166 0.0091336260184 0.0132121530418 0.0188400397508 -0.0178928093665 0.0183198506386 0.00983233390266 0.0344304600896 0.0127504596837 0.246124964168 0.0277645312675 0.0140890072124 0.0145905163531 0.00582504427633 0.0157257147432 0.0273755421665 -0.00221171190325 0.0262517439629 0.0157228817369 0.00255371280336 0.0149001055502 0.00770981315204 0.0239596793286 -0.00603707785518 0.0328074362943 0.00227529463177 0.00833256648118 0.0331659933662 0.0310675435079 0.00692074212974 0.00289735585703 0.0376668443585 
0.00523824858446 0.00771442825969 0.0100076872634 0.0320833776039 -0.00197091695987 0.0211077088706 0.0163980223614 0.0208440778503 0.011363884458 0.0160751971479 0.00622763689026 0.0216776764551 0.0249074467026 0.00969402489787 0.0163542225964 0.00799409641939 0.0310463446768 -0.0122273058598 0.0268908975965 0.0152944597571 0.0210187951921 0.0185892218941 -0.00642128994813 0.0346845918361 0.022047419248 0.0277920549144 0.01581861893 0.00304247813047 0.0114075092641 0.0183554632277 0.0236512015118 0.0173471578721 -0.00230988219448 0.0312815128737 0.0180103389339 0.00433395084795 0.0238665705498 0.0277645312675 0.213578316452 0.0149975023355 0.0270008123037 0.0311865807983 0.0199090200063 0.030101273538 0.00930634468086 0.0397424545697 0.0297282409928 0.000134215179798 0.0328198902876 0.016844019475 0.0227847405324 0.0180693337619 0.0473210150209 0.00913281004919 0.0173895845698 -0.00449588792369 0.00655168178078 0.00768495969217 0.016745646166 0.0252976468281 
