30
0.0420146984796 0.0459594094694 0.0645874353538 0.135299445153 0.0936509155003 0.0788996306534 0.0448147494519 0.0690593134036 0.0260517267587 0.0594687244428 0.0449016594387 0.0784336943662 0.0522861094618 0.0330111524363 0.037496284255 0.126302472887 0.119859861498 0.0678674292734 0.0253425298527 0.0354646018646 0.0308834605432 0.00873698993333 0.093312473985 0.102128665084 0.0570579479668 0.0761836706695 0.0384738749472 0.112290577846 0.025657065471 0.146363775453 
0.21228843239 0.020163141596 0.0154665630968 0.0435009690207 0.0293970218358 0.0147684791115 0.0151866159657 0.0280438569544 0.00765714023581 0.0174384933017 0.0115305407872 0.0174075366061 0.0239557140463 0.0119807639918 0.0343760959685 0.017958807974 0.018797943389 0.0153162696874 0.00560585331799 0.0269320709644 0.0192732931895 0.00925398965782 0.044763279205 0.016856865046 0.0247146709826 0.0289591097611 0.0150298631797 0.0593572803863 0.0229409567833 0.0143451682904 
0.020163141596 0.356738026549 0.0297265982925 0.00423423405998 0.0221765777391 0.0287024628486 0.0170228090797 0.0177785761853 0.0143111609567 0.0248342862164 0.0151147292019 0.0059615194732 0.0265909314469 0.0262988642471 0.0412070013764 0.0121541724125 0.0286829488987 0.0507348597971 0.0142434674946 0.00483550784534 0.0369786995349 0.0144955135182 0.0211836611072 0.0225011146521 0.0268316191986 0.0350772276598 0.0179946946501 0.0173969080409 0.030037689256 0.00692298313774 
0.0154665630968 0.0297265982925 0.35043111751 -0.00898999632947 0.0691467489833 0.00453545089628 0.0160925060808 0.0207470745685 0.0268617160737 0.0173257814303 0.00679571071571 -0.00117564574371 0.0493578762595 0.0345510246404 0.0122959246705 -0.000443375294032 0.0232003958614 0.0556123939155 0.0117044485192 -0.00743123239712 0.0108865898424 0.00290068225038 -0.000405667932175 0.00923684434996 0.0276050394893 0.0162111776462 0.00616264083661 0.0178394703155 0.0158191747719 0.00786167888257 
0.0435009690207 0.00423423405998 -0.00898999632947 0.484099450893 0.0257931294448 0.0061034576465 0.00738292416132 0.033442258546 0.0179633706455 0.0108274111206 0.0196728805192 0.0116758925335 0.0301494863009 0.0129663734742 0.0170156619983 0.106038046481 0.0271868923314 0.0143731781076 -0.00128991112687 0.026145053625 -0.000594599814512 0.0138976802437 0.206686629695 0.0537322782399 0.0336476835533 0.0615803629435 0.0160416634702 0.181533867998 0.00999972197893 0.0295685123819 
0.0293970218358 0.0221765777391 0.0691467489833 0.0257931294448 0.452841533075 0.00525957214575 0.00324799856638 0.029514119059 0.0314224352514 0.0498227838722 0.020503759723 0.031660115087 0.034262780265 0.0671734122437 0.0239375103236 0.00170052466698 0.0363999681683 0.0817204793382 0.0225222395623 -0.00824275316673 0.0193106958146 0.018179472969 0.0188794871046 0.0434334953638 0.0347475124698 0.0597456383746 0.0261216558206 0.046302820183 0.0367076471043 0.012987445894 
0.0147684791115 0.0287024628486 0.00453545089628 0.0061034576465 0.00525957214575 0.756186923108 0.000635503025853 0.00845957552354 0.00884034149717 0.0194941545086 0.0304296864626 -0.0032815694571 0.0323096768126 0.0115720185035 0.00879899595598 -0.00712065874017 -0.0162078972508 0.034105547324 0.0106437081743 -0.00460640032187 0.00465304833978 0.00413436985048 0.0295337483207 0.0428868976334 -0.00631691432968 0.0213391358775 -0.00349509780919 0.00871930739799 0.0029636297625 0.00762098479887 
0.0151866159657 0.0170228090797 0.0160925060808 0.00738292416132 0.00324799856638 0.000635503025853 0.47199464589 0.00813002270505 -0.00137936338111 0.0108011618742 0.00739619767188 -0.0180706782075 0.0261509682282 0.0209431543231 0.00481657143073 0.00271478466229 0.0364542358871 0.0375457529774 0.00617436510517 0.00897670904339 0.0123096603985 0.00893017302132 -0.00104661887763 0.0146402028291 -0.00174241267802 0.0403181451926 0.00372830186278 0.0140456826516 0.0215858012488 -0.00405550773623 
0.0280438569544 0.0177785761853 0.0207470745685 0.033442258546 0.029514119059 0.00845957552354 0.00813002270505 0.42959610018 0.000940648078278 0.0185314444644 0.0272615801454 0.00900617022673 0.0161302609644 0.026063981643 0.032310334555 0.02374477572 0.0118793464967 0.0218852527238 0.0144332280548 0.00319717760324 0.0256486166367 0.00607721597183 0.0178998993886 0.0111240257384 0.0310809395404 0.0222510620965 0.0169935546408 0.0437576859156 0.0327457545255 -0.00836283507563 
0.00765714023581 0.0143111609567 0.0268617160737 0.0179633706455 0.0314224352514 0.00884034149717 -0.00137936338111 0.000940648078278 0.19047313238 0.0364182159157 0.0323995817353 0.0206046132945 0.0479423337854 0.0273330289756 0.0196395844767 0.00878280370711 0.0266580642138 0.0257004535775 0.0106609731243 0.00717902473689 0.0105327731996 0.00603804989319 0.0159697306437 0.0264862290255 0.0109305674687 0.0112464200118 0.0135960196733 0.0340649365026 0.0202571485418 0.0132588056789 
0.0174384933017 0.0248342862164 0.0173257814303 0.0108274111206 0.0498227838722 0.0194941545086 0.0108011618742 0.0185314444644 0.0364182159157 0.410315808128 0.0187327155552 -0.00129938589236 0.0334380422568 0.0181927224538 0.0164646325248 0.0105193880639 0.0307474893267 0.0226268840423 0.0109009113698 -0.000882908894645 0.0134558867843 0.00658709617568 0.0151537294866 0.0130572752014 -0.00473933739909 0.0308408771221 0.00277358069066 0.0201204985901 0.0200980563654 -0.000371317516994 
0.0115305407872 0.0151147292019 0.00679571071571 0.0196728805192 0.020503759723 0.0304296864626 0.00739619767188 0.0272615801454 0.0323995817353 0.0187327155552 0.330026437836 0.00911844921039 0.0444067113465 0.0233849340505 0.0225687425166 0.0290447704743 0.0486714736457 0.02078092662 0.0297096479549 0.0119320813736 0.0231327938836 0.0139685437136 4.74920901849e-05 0.0468511087063 0.0186452165583 0.0294136157911 0.00423991145496 0.0202566923128 0.0227186300845 0.00600412851178 
0.0174075366061 0.0059615194732 -0.00117564574371 0.0116758925335 0.031660115087 -0.0032815694571 -0.0180706782075 0.00900617022673 0.0206046132945 -0.00129938589236 0.00911844921039 0.364192925255 0.00695327497983 0.0240729469075 0.0344515841545 -0.00763304769101 0.0185851291017 0.000452519470903 0.0133978735037 0.0284936207675 0.0124859383506 0.012872841204 -0.00172337481229 -0.00243398008224 0.0721395969935 0.0489597067748 0.0218526101733 0.0177887586388 0.026031247361 0.0169163615455 
0.0239557140463 0.0265909314469 0.0493578762595 0.0301494863009 0.034262780265 0.0323096768126 0.0261509682282 0.0161302609644 0.0479423337854 0.0334380422568 0.0444067113465 0.00695327497983 0.317853456121 0.0357577497595 0.0364405593882 0.0289712777676 0.031883856417 0.0288615895292 0.0221364999733 0.0134994213714 0.0123188947191 0.0195572081577 0.00689306919488 0.0138473984414 0.0102019726943 0.0443986382332 0.00542912339721 0.0270893170218 0.0149531322066 0.0223394007591 
0.0119807639918 0.0262988642471 0.0345510246404 0.0129663734742 0.0671734122437 0.0115720185035 0.0209431543231 0.026063981643 0.0273330289756 0.0181927224538 0.0233849340505 0.0240729469075 0.0357577497595 0.317466597369 0.0179787162552 -0.00625848032152 0.0332059326313 0.0523078776434 0.0211444994957 0.0198211347158 0.0258589172021 0.0210425629394 0.00984395108517 0.0167288018114 0.00839794915989 0.0269181963951 0.0298129160805 0.0166340795509 0.0352270847179 -0.00622039806933 
0.0343760959685 0.0412070013764 0.0122959246705 0.0170156619983 0.0239375103236 0.00879899595598 0.00481657143073 0.032310334555 0.0196395844767 0.0164646325248 0.0225687425166 0.0344515841545 0.0364405593882 0.0179787162552 0.243946363604 0.0343519985926 0.0262871100459 0.0356363721657 0.0118986720405 0.0232527035682 0.0384557043151 0.0140878466456 0.0112141672617 0.0072738587872 0.0259189972027 0.0238532529572 0.00122675418723 0.0209310064085 0.0336375483134 0.00962305891585 
0.017958807974 0.0121541724125 -0.000443375294032 0.106038046481 0.00170052466698 -0.00712065874017 0.00271478466229 0.02374477572 0.00878280370711 0.0105193880639 0.0290447704743 -0.00763304769101 0.0289712777676 -0.00625848032152 0.0343519985926 0.510908771682 -0.00352141562864 0.0437624697013 0.0145186354281 0.0159621282998 0.00732938233042 0.00761490103341 0.0801213078488 0.036023572209 0.0150875913462 0.0191884074196 0.028211015012 0.0899461360536 0.00982626058313 0.0469692514791 
0.018797943389 0.0286829488987 0.0232003958614 0.0271868923314 0.0363999681683 -0.0162078972508 0.0364542358871 0.0118793464967 0.0266580642138 0.0307474893267 0.0486714736457 0.0185851291017 0.031883856417 0.0332059326313 0.0262871100459 -0.00352141562864 0.523494156603 0.0215162243594 0.00900025319711 -0.00740464864302 0.0189091068515 0.0151960116965 0.0133600397231 0.0828701788859 0.0157071013048 0.0563694419865 0.0143603234254 0.0697031682014 0.0383375735499 0.0260596614175 
0.0153162696874 0.0507348597971 0.0556123939155 0.0143731781076 0.0817204793382 0.034105547324 0.0375457529774 0.0218852527238 0.0257004535775 0.0226268840423 0.02078092662 0.000452519470903 0.0288615895292 0.0523078776434 0.0356363721657 0.0437624697013 0.0215162243594 0.39913337659 0.0271748969811 0.00240942617343 0.0162907193464 0.00933660345373 0.0182835016139 0.0261121461633 0.0161897255639 0.0447718103564 0.0236911969088 0.0370663373019 0.0217463109679 0.0111349870967 
0.00560585331799 0.0142434674946 0.0117044485192 -0.00128991112687 0.0225222395623 0.0106437081743 0.00617436510517 0.0144332280548 0.0106609731243 0.0109009113698 0.0297096479549 0.0133978735037 0.0221364999733 0.0211444994957 0.0118986720405 0.0145186354281 0.00900025319711 0.0271748969811 0.201802118437 0.00717477544642 0.0222620270991 0.0204967764341 0.000134792999183 0.0145345600331 0.0191241525634 0.0181818126793 0.0130817553682 0.00758026905723 0.0177054365937 0.00180387692137 
0.0269320709644 0.00483550784534 -0.00743123239712 0.026145053625 -0.00824275316673 -0.00460640032187 0.00897670904339 0.00319717760324 0.00717902473689 -0.000882908894645 0.0119320813736 0.0284936207675 0.0134994213714 0.0198211347158 0.0232527035682 0.0159621282998 -0.00740464864302 0.00240942617343 0.00717477544642 0.210110991975 0.0221958199755 0.0149114510386 0.0285947750679 0.00663761010467 0.00502402389332 0.00694811650333 0.0178760209981 0.0176942177448 0.0184632858067 0.0167282513021 
0.0192732931895 0.0369786995349 0.0108865898424 -0.000594599814512 0.0193106958146 0.00465304833978 0.0123096603985 0.0256486166367 0.0105327731996 0.0134558867843 0.0231327938836 0.0124859383506 0.0123188947191 0.0258589172021 0.0384557043151 0.00732938233042 0.0189091068515 0.0162907193464 0.0222620270991 0.0221958199755 0.208173320886 0.0156035929669 -0.00130201690093 0.00934720022232 0.0051910496314 0.0199848091769 0.0134524676999 0.0131257766215 0.0599741446038 0.00535757993528 
0.00925398965782 0.0144955135182 0.00290068225038 0.0138976802437 0.018179472969 0.00413436985048 0.00893017302132 0.00607721597183 0.00603804989319 0.00658709617568 0.0139685437136 0.012872841204 0.0195572081577 0.0210425629394 0.0140878466456 0.00761490103341 0.0151960116965 0.00933660345373 0.0204967764341 0.0149114510386 0.0156035929669 0.118478482959 0.0020231375829 0.00045369141722 0.0182092359544 0.00570355939064 0.00833262300701 0.00406986613559 0.0181830311691 0.00884443266461 
0.044763279205 0.0211836611072 -0.000405667932175 0.206686629695 0.0188794871046 0.0295337483207 -0.00104661887763 0.0178998993886 0.0159697306437 0.0151537294866 4.74920901849e-05 -0.00172337481229 0.00689306919488 0.00984395108517 0.0112141672617 0.0801213078488 0.0133600397231 0.0182835016139 0.000134792999183 0.0285947750679 -0.00130201690093 0.0020231375829 0.385049328277 0.0333605139208 0.0130472548101 0.0149629959551 0.0135496734451 0.149103342244 -0.00493000354886 0.028414643715 
0.016856865046 0.0225011146521 0.00923684434996 0.0537322782399 0.0434334953638 0.0428868976334 0.0146402028291 0.0111240257384 0.0264862290255 0.0130572752014 0.0468511087063 -0.00243398008224 0.0138473984414 0.0167288018114 0.0072738587872 0.036023572209 0.0828701788859 0.0261121461633 0.0145345600331 0.00663761010467 0.00934720022232 0.00045369141722 0.0333605139208 0.679499473237 -0.00156962507063 0.062825099118 0.00305712674338 0.029170562528 0.00684220145474 0.0295946478324 
0.0247146709826 0.0268316191986 0.0276050394893 0.0336476835533 0.0347475124698 -0.00631691432968 -0.00174241267802 0.0310809395404 0.0109305674687 -0.00473933739909 0.0186452165583 0.0721395969935 0.0102019726943 0.00839794915989 0.0259189972027 0.0150875913462 0.0157071013048 0.0161897255639 0.0191241525634 0.00502402389332 0.0051910496314 0.0182092359544 0.0130472548101 -0.00156962507062 0.323555120973 0.0621106340392 0.0135384313943 0.0290101272972 0.0103990319467 -0.000754380439869 
0.0289591097611 0.0350772276598 0.0162111776462 0.0615803629435 0.0597456383746 0.0213391358775 0.0403181451926 0.0222510620965 0.0112464200118 0.0308408771221 0.0294136157911 0.0489597067748 0.0443986382332 0.0269181963951 0.0238532529572 0.0191884074196 0.0563694419865 0.0447718103564 0.0181818126793 0.00694811650333 0.0199848091769 0.00570355939064 0.0149629959551 0.062825099118 0.0621106340392 0.400967385846 0.00362727169957 0.051522012982 0.0189068270983 0.021285577873 
0.0150298631797 0.0179946946501 0.00616264083661 0.0160416634702 0.0261216558206 -0.00349509780919 0.00372830186278 0.0169935546408 0.0135960196733 0.00277358069066 0.00423991145496 0.0218526101733 0.00542912339721 0.0298129160805 0.00122675418723 0.028211015012 0.0143603234254 0.0236911969088 0.0130817553682 0.0178760209981 0.0134524676999 0.00833262300701 0.0135496734451 0.00305712674338 0.0135384313943 0.00362727169957 0.236968439065 0.0188094047082 0.0101426519442 0.021089836942 
0.0593572803863 0.0173969080409 0.0178394703155 0.181533867998 0.046302820183 0.00871930739799 0.0140456826516 0.0437576859156 0.0340649365026 0.0201204985901 0.0202566923128 0.0177887586388 0.0270893170218 0.0166340795509 0.0209310064085 0.0899461360536 0.0697031682014 0.0370663373019 0.00758026905723 0.0176942177448 0.0131257766215 0.00406986613559 0.149103342244 0.029170562528 0.0290101272972 0.051522012982 0.0188094047082 0.443977668474 0.0160121519709 0.011215619665 
0.0229409567833 0.030037689256 0.0158191747719 0.00999972197893 0.0367076471043 0.0029636297625 0.0215858012488 0.0327457545255 0.0202571485418 0.0200980563654 0.0227186300845 0.026031247361 0.0149531322066 0.0352270847179 0.0336375483134 0.00982626058313 0.0383375735499 0.0217463109679 0.0177054365937 0.0184632858067 0.0599741446038 0.0181830311691 -0.00493000354886 0.00684220145474 0.0103990319467 0.0189068270983 0.0101426519442 0.0160121519709 0.189127109509 0.0106594147971 
0.0143451682904 0.00692298313774 0.00786167888257 0.0295685123819 0.012987445894 0.00762098479887 -0.00405550773623 -0.00836283507563 0.0132588056789 -0.000371317516994 0.00600412851178 0.0169163615455 0.0223394007591 -0.00622039806933 0.00962305891585 0.0469692514791 0.0260596614175 0.0111349870967 0.00180387692137 0.0167282513021 0.00535757993528 0.00884443266461 0.028414643715 0.0295946478324 -0.000754380439869 0.021285577873 0.021089836942 0.011215619665 0.0106594147971 0.982847828558 

['LTR', 'MBI', 'KSS', 'BJS', 'JWN', 'JNY', 'BSX', 'AOC', 'SEE', 'PKI', 'ROH', 'MHS', 'ASD', 'LOW', 'HIG', 'NEM', 'CTXS', 'FD', 'LLY', 'PCG', 'ASO', 'KO', 'NBR', 'JBL', 'BF.B', 'TXN', 'ABC', 'NE', 'BBT', 'HUM']