40
0.0559384191954 0.0331056926512 0.0426672552596 0.0161403943775 0.0399774891594 0.07971303899 0.0645874353538 0.0383245101253 0.0380825412642 0.019144788815 0.0296866664977 0.0276848810082 0.0542920038725 0.022286409141 0.0211692002509 0.153319254475 0.0449680709256 0.00361039022472 0.0123991351417 0.0375994121509 0.114001255301 0.0486664598358 0.265107550494 0.0788996306534 0.0672535079153 0.0791308905459 0.0523918745475 0.0753619397022 0.0308834605432 0.0610020106181 0.0377989606714 0.140066530531 0.0764707668379 0.0253425298527 0.00873698993333 0.0214039426083 0.0354646018646 0.242072249725 0.050100863095 0.0290232005544 
0.235365896051 0.00538125060412 0.0155848600626 0.0119318428895 -0.0109728679574 0.0114372862671 0.0222952975296 0.0118632175845 0.0292626360689 0.0180592587505 0.0318794581143 0.0197436409938 0.0112571316653 -0.00136124275608 0.00609080881934 0.0322554407364 0.0138018919601 0.00445224779126 0.02068435146 0.00473901975406 -0.00158488863688 0.0148413189831 0.00254931249655 0.00175038167391 0.0349207824784 0.0179061983788 0.00995499605207 0.00669854566552 0.0110028831919 0.00740034227718 0.0249138195536 0.0117590291323 0.0444876559908 0.0148261983543 0.0148753291396 0.019735512876 -0.00373521045198 0.0291454580112 0.0283675509841 0.000711646723229 
0.00538125060412 0.2123994963 0.0378536414288 0.00554541748212 0.016000006332 0.0032737871516 -0.00138533181286 0.00702985821158 0.0122490754494 0.0202770535983 0.034787626342 0.0181283063959 0.0199829111559 -0.00291709718674 0.009579843117 0.00424503540614 0.0122531893003 0.00849976100711 0.015552242959 0.0129984962482 -0.000922896538471 0.0118697366398 0.000664553252703 -0.00287864189418 0.0411529917478 0.00388323042431 0.0155025306865 0.0462346618463 0.0265479812595 0.0115865196688 0.0166807776717 0.00936450688906 0.0130959364893 0.00966947952628 0.0111907647117 0.0165036397417 0.051296674162 0.0420070155738 0.0164492006165 0.0138903150444 
0.0155848600626 0.0378536414288 0.208991418716 0.0134959407259 0.0028739633418 0.00756124792268 0.0138364841342 0.0156674682337 0.00458161975272 0.0254296784865 0.0300475344245 0.0377761950227 0.0268553608134 0.00596022522745 0.013619152963 0.0190901433235 0.0199507370575 0.0059832528056 0.0144816352515 0.0212455933036 -0.00160100124932 0.000915021300896 -0.018164601006 0.00105377786939 0.0237435229218 0.0101094535215 0.0287333810139 0.0155719060973 0.0157795430012 0.021784541123 0.0239168345371 0.015638946581 0.0225541815833 0.0165003716655 0.0171358061343 0.0245574663789 0.0225274588381 0.0434332216387 0.0298713352761 0.00726230905202 
0.0119318428895 0.00554541748212 0.0134959407259 0.17245949655 0.00961864304773 0.0228363007675 0.000750598910135 0.0113296024204 0.00188469472553 0.0205192149925 0.020099988071 0.0116364851185 0.00949376707466 -0.00779444788351 0.0200215593985 0.00438339803216 0.0143778284156 0.010228288485 0.00950324993444 0.00916367654849 0.00261310876011 -0.0043585719622 -0.00271347363674 0.00105098104007 0.00178414569118 0.0360486931956 0.00906329026333 -0.00729119970995 0.017729604856 0.00207307579725 0.00415413993338 0.00738875769955 -0.0126939088469 0.0224563539166 0.0166913944799 0.0115141521908 -0.00711792117345 0.00615299001828 0.00781417213269 0.000226155402571 
-0.0109728679574 0.016000006332 0.0028739633418 0.00961864304773 0.447072089834 0.00942490155496 -0.00251739407576 0.0396864555857 0.00277313038443 -0.0021627711906 -0.00105367269923 0.012736460523 -0.00226813382088 0.00839776418308 -0.00391266208068 -0.0012733596489 0.0162057167265 -0.00582317758187 -0.000631797034608 0.0102462615482 0.0217581748302 0.00425405879717 0.00731749050258 0.00389101752056 0.000528996217392 -0.00540355124608 0.00857967376829 0.00255007653029 0.00486636830716 0.00388520840581 -0.00965685784877 0.00427856003266 0.00908013663747 0.0136322267243 0.00363034587469 -0.00944882989831 0.0235590166811 -0.0113482206099 0.00189284721637 0.00948291586618 
0.0114372862671 0.0032737871516 0.00756124792268 0.0228363007675 0.00942490155496 0.49041256345 0.0139076366075 0.0291068071403 0.0227439274661 0.00797374423023 0.00118517495196 0.0229054931656 0.0198099094544 0.00363650784575 0.00692949206222 0.00996965589534 0.0347740242595 0.032575565815 0.0291227150457 0.0134833018153 -0.00487066779112 0.0176744028708 0.00913320282319 0.000909472797388 0.00690271771088 0.0131757994978 0.076360150934 0.0120669813509 0.0113160781397 0.0190173898305 0.0204851186648 0.0265964691978 0.0180429531792 0.0131098229364 0.00994426493734 0.0233110856742 0.0103947064748 0.0619236648517 0.0324248225036 0.00666045087707 
0.0222952975296 -0.00138533181286 0.0138364841342 0.000750598910135 -0.00251739407576 0.0139076366075 0.351167926615 0.0549504864464 0.0176352370741 0.0229484945974 0.0132201637863 0.014513645419 0.00193937421208 0.02439196516 0.0188227718044 0.0374878143421 0.00190661568626 0.0147456610873 0.0150901093475 0.00705668111023 -0.00141403076911 0.0347906751067 0.00143080408955 0.00476703213006 0.0471175380044 0.0149029264172 0.0101908963072 0.00729553251749 0.0114449886852 0.017392818342 0.0202253996834 0.00764676646398 0.0386751560061 0.0112907005462 0.00289370041389 0.0100937325635 -0.0113962598776 0.0353167089712 0.027269446754 0.0132434100998 
0.0118632175845 0.00702985821158 0.0156674682337 0.0113296024204 0.0396864555857 0.0291068071403 0.0549504864464 0.3221638416 0.0126439652128 0.0382047280237 0.0176456022864 0.0153816281176 0.0254594275172 0.0139010962236 0.00320306090151 0.0393213331353 0.0216935089896 0.0456491164816 0.0145497841817 0.0120477547447 0.00490671727495 0.0191477949639 0.0121687084534 0.0144982324385 0.0508792264853 0.00699803005928 0.0249808261525 0.00973174315305 0.0191494307894 0.0264896155093 0.0351641913154 0.0130703585757 0.0583099775711 0.00473203709814 0.00679547755216 0.0345632287555 -0.000947153852003 0.0274391505438 0.0063750220543 0.0205281367959 
0.0292626360689 0.0122490754494 0.00458161975272 0.00188469472553 0.00277313038443 0.0227439274661 0.0176352370741 0.0126439652128 0.251229251616 0.0118635713585 0.00550659485072 0.0203532661335 0.0126949236373 0.00045796800194 0.00509045550495 0.0325611284662 0.0223948458335 0.00795556652157 0.0100354217158 0.0171414366868 0.00698884006755 -0.00310480524257 0.00266967657574 0.0160772991727 0.0140212323452 0.0225429306336 0.0196516056399 0.0168431093852 0.00340563243126 0.0213131167886 0.0492538364384 0.0159997052458 0.0120800790315 0.0113356259617 0.0106920958502 0.0113176101527 0.00931743378826 0.037083562797 0.0120499010863 0.0105508858646 
0.0180592587505 0.0202770535983 0.0254296784865 0.0205192149925 -0.0021627711906 0.00797374423023 0.0229484945974 0.0382047280237 0.0118635713585 0.228828494482 0.0335805152244 0.0223037316924 0.0223584560618 0.0147015612845 0.00401398480849 0.0464719495242 0.0266464639816 0.0148533389137 0.00773929825091 0.0153536213637 0.00453413498782 0.019921035619 0.00553192986155 0.0186505560998 0.0511831775115 0.0138436116342 0.0240733068224 0.0119103813109 0.0259645445364 0.0113850997253 0.0147880733091 0.0229481013061 0.0362420420956 0.0198559688348 0.0185312748463 0.0231216613759 0.0115814680957 0.0401933012654 0.0159510916463 0.0274632503322 
0.0318794581143 0.034787626342 0.0300475344245 0.020099988071 -0.00105367269923 0.00118517495196 0.0132201637863 0.0176456022864 0.00550659485072 0.0335805152244 0.222822591523 0.0415175231894 0.0268603447635 0.0108598762789 0.00948875139096 0.0252596285028 0.021255346683 0.0120297124487 0.03070692752 0.0219134379538 0.010657438572 0.0238712060919 0.00933821811949 0.00490385699667 0.0315026506786 0.0180587278793 0.00113768595219 0.0234492785698 0.0293095521855 0.0270144396762 0.0282877011638 0.0220799927259 0.032059779132 0.0249873968662 0.0261649972754 0.0112461006176 0.01290532232 0.0415885187993 0.0220150828916 0.0258674950587 
0.0197436409938 0.0181283063959 0.0377761950227 0.0116364851185 0.012736460523 0.0229054931656 0.014513645419 0.0153816281176 0.0203532661335 0.0223037316924 0.0415175231894 0.250693965592 0.0165724463411 0.0211995172844 0.010902850704 0.0475160575536 0.0121046053314 0.0123802245104 0.00489957055512 0.00404903632637 0.00190344015403 0.0112771817448 -0.00173500124886 0.0184420846153 0.0298329919966 0.0324366771725 0.0246192054433 0.000140774941049 0.0158893807836 0.0253348592368 0.0179725070286 0.0150286314393 0.0286936247444 0.0135652081871 0.00926906641392 0.0171403967726 0.00916124127393 0.0482768759957 0.0142662572033 0.0192404130993 
0.0112571316653 0.0199829111559 0.0268553608134 0.00949376707466 -0.00226813382088 0.0198099094544 0.00193937421208 0.0254594275172 0.0126949236373 0.0223584560618 0.0268603447635 0.0165724463411 0.28413940747 0.00816183714171 0.0145011374438 0.0109909171636 0.00928843045201 0.0067993926712 0.0121281597261 -0.00673285369865 0.0179818278256 0.0120215384854 0.000436047543212 -0.00774001112246 0.00740611959805 0.0170417912807 0.00685398562522 0.0287575029985 0.0227384444612 0.0154098615791 0.0448287976245 0.00781778199249 -0.00523640692551 0.0188153530677 0.0184053244869 0.0119847425503 0.0190476572337 0.0339209179194 0.0206369717835 0.0121240693808 
-0.00136124275608 -0.00291709718674 0.00596022522745 -0.00779444788351 0.00839776418308 0.00363650784575 0.02439196516 0.0139010962236 0.000457968001941 0.0147015612845 0.0108598762789 0.0211995172844 0.00816183714171 0.245014462251 0.00232678440665 0.0112243695651 -0.00233537644055 0.00558728751246 0.000452540403748 0.00924464759458 0.000461298725256 0.0104454004309 -0.0100875075211 0.00371015251882 0.0131426586851 0.0164930086196 0.00863934392336 0.0289873523396 0.00683835728964 0.00354896726253 0.00820445641447 0.0233315478745 0.0255786102107 0.00948693003589 0.00994844858781 0.00216040771883 -0.00259550860851 0.00455034775125 -0.00596784266007 0.0119975812556 
0.00609080881934 0.009579843117 0.013619152963 0.0200215593985 -0.00391266208068 0.00692949206222 0.0188227718044 0.00320306090151 0.00509045550495 0.00401398480849 0.00948875139096 0.010902850704 0.0145011374438 0.00232678440665 0.213006416951 0.00708551204381 0.0105271325542 0.000560820490676 0.0165303766381 0.00183387841139 -0.00243635313282 -0.00112820660093 -0.0141344933217 0.000151118514924 0.0177062224708 0.016126206381 0.00419801465907 0.0135204665519 0.0172398470635 0.0180909279346 0.00456847239361 0.0147855913849 0.0106789178525 0.000165161609131 7.36949959539e-05 0.0237700249361 0.0114724244698 0.00472689630916 0.00888002869816 0.0156856418173 
0.0322554407364 0.00424503540613 0.0190901433235 0.00438339803216 -0.0012733596489 0.00996965589534 0.0374878143421 0.0393213331353 0.0325611284662 0.0464719495242 0.0252596285028 0.0475160575536 0.0109909171636 0.0112243695651 0.00708551204381 0.610529842936 0.0116171282231 0.0101597228215 0.0088820332509 0.0137717001945 -0.00333499255971 0.0158522506077 0.000136616193409 0.0106430035365 0.0540620626049 0.0183585265781 0.0242639263499 0.0064303635024 0.0321836103027 0.0205244312448 0.0437881792458 0.143190055702 0.0451688742666 0.022976623196 0.0117643990938 0.0436008994584 0.0176405920771 0.0886959115132 0.0103858978281 0.0191370172793 
0.0138018919601 0.0122531893003 0.0199507370575 0.0143778284156 0.0162057167265 0.0347740242595 0.00190661568626 0.0216935089896 0.0223948458335 0.0266464639816 0.021255346683 0.0121046053314 0.00928843045201 -0.00233537644055 0.0105271325542 0.0116171282231 0.194265929644 0.0110268460978 0.00646901146354 0.0153911899318 0.0156041555557 0.00812211917348 -0.0156085940462 0.0100779273712 0.0230244628938 -0.0024264158432 0.0274742364794 0.0288208114624 0.0173310445564 0.0172570321662 0.00392481152989 0.00507216523012 0.0200823552014 0.00711735298222 0.0127664858048 0.0221562393612 0.0178870469556 0.026245103123 0.00680124781081 0.00690737246625 
0.00445224779126 0.00849976100711 0.0059832528056 0.010228288485 -0.00582317758187 0.032575565815 0.0147456610873 0.0456491164816 0.00795556652157 0.0148533389137 0.0120297124487 0.0123802245104 0.0067993926712 0.00558728751246 0.000560820490676 0.0101597228215 0.0110268460978 0.217533386105 0.0147237937119 0.0237540769292 -0.00349251506216 0.0185799592031 0.00260413781846 0.0187489400409 0.0139028319375 0.0168167624722 0.00699540489613 0.00183611979934 0.0196739019383 0.0224611203185 0.0265670092657 0.0121371062523 0.00841133988029 0.0248393813693 0.0167148172909 0.0052763344575 0.00462910966028 0.0217235021899 0.0101009084484 0.0177851626517 
0.02068435146 0.015552242959 0.0144816352515 0.00950324993444 -0.000631797034608 0.0291227150457 0.0150901093475 0.0145497841817 0.0100354217158 0.00773929825091 0.03070692752 0.00489957055512 0.0121281597261 0.000452540403748 0.0165303766381 0.0088820332509 0.00646901146354 0.0147237937119 0.191348630378 0.0126998192242 -0.00137856036201 0.0141934677926 -0.00988436665675 0.00576676009942 0.00820357670601 0.00843024387314 0.014346378348 0.0194896127481 0.0191110761517 0.01159590741 0.0176143456532 0.0133263283092 0.00941862877133 0.0142490652703 0.00702096726729 0.00347883582476 0.0120334221778 0.0175210564816 0.00849078956847 0.024560621616 
0.00473901975406 0.0129984962482 0.0212455933036 0.00916367654849 0.0102462615482 0.0134833018153 0.00705668111023 0.0120477547447 0.0171414366868 0.0153536213637 0.0219134379538 0.00404903632637 -0.00673285369865 0.00924464759458 0.00183387841139 0.0137717001945 0.0153911899318 0.0237540769292 0.0126998192242 0.269626686312 -0.00635160400518 -0.0042600933981 -0.0107357985771 0.012786243057 0.0138208259494 0.00342881868126 0.0137671114329 0.0176801236168 0.0135725226121 0.00736227059312 0.005805186751 0.0116093509979 0.0173698825266 0.0186295618561 0.0111190864153 0.00859910122995 0.0215558204771 0.0194385958686 0.0164091831016 0.0192839679873 
-0.00158488863688 -0.000922896538471 -0.00160100124932 0.00261310876011 0.0217581748302 -0.00487066779112 -0.00141403076911 0.00490671727495 0.00698884006755 0.00453413498782 0.010657438572 0.00190344015403 0.0179818278256 0.000461298725256 -0.00243635313282 -0.00333499255971 0.0156041555557 -0.00349251506216 -0.00137856036201 -0.00635160400518 1.1367708774 -0.00525031020748 -0.0170874114568 -0.0188305510596 -0.00568332318621 -0.00106139238586 -0.00060529485672 0.0132115967894 0.0726037557899 0.00487955664055 0.00861199559741 -0.00784969614299 -0.0118828889494 0.00265727417954 -0.00698120263933 0.0215137637532 -0.00123546611303 -0.00804233233077 0.00430403794452 0.00375974130681 
0.0148413189831 0.0118697366398 0.000915021300896 -0.0043585719622 0.00425405879717 0.0176744028708 0.0347906751067 0.0191477949639 -0.00310480524257 0.019921035619 0.0238712060919 0.0112771817448 0.0120215384854 0.0104454004309 -0.00112820660093 0.0158522506077 0.00812211917348 0.0185799592031 0.0141934677926 -0.0042600933981 -0.00525031020748 0.316507658792 0.000817020932546 -0.00324185234485 0.0180577863362 0.00284445555079 0.0178895762463 0.0120236524847 0.00107741844448 0.0126952452735 0.0227636127169 -0.012853424703 0.0138174855219 0.00967710837145 0.0133571479414 0.0210851909283 0.0267535837316 0.024148382348 0.00764203532361 0.0193941065769 
0.00254931249655 0.000664553252703 -0.018164601006 -0.00271347363674 0.00731749050258 0.00913320282319 0.00143080408955 0.0121687084534 0.00266967657574 0.00553192986155 0.00933821811949 -0.00173500124886 0.000436047543212 -0.0100875075211 -0.0141344933217 0.000136616193409 -0.0156085940462 0.00260413781846 -0.00988436665675 -0.0107357985771 -0.0170874114568 0.000817020932546 2.98908974031 0.00759456501991 0.0145379623066 0.0029061727139 -0.00727955198854 0.0176094245748 0.00234239850395 0.0650099914794 0.00640782054327 0.0607669126424 -0.00225258294903 -0.00911024319825 -0.000401167040693 0.0139058060292 -0.0176817134295 0.0427963619962 -0.00270530162428 -0.0138618576567 
0.00175038167391 -0.00287864189418 0.00105377786939 0.00105098104007 0.00389101752056 0.00090947279739 0.00476703213006 0.0144982324385 0.0160772991727 0.0186505560998 0.00490385699667 0.0184420846153 -0.00774001112245 0.00371015251882 0.000151118514924 0.0106430035365 0.0100779273712 0.0187489400409 0.00576676009942 0.012786243057 -0.0188305510596 -0.00324185234485 0.00759456501991 0.75802317863 0.0324706553079 -0.000418002277058 0.00343206346847 0.00595962480255 0.00608719183594 0.0194885922046 0.0316618835271 0.0144574957701 0.0165815822928 0.0103182943815 0.00392658013055 0.0070202383982 -0.00274931967197 0.00103889301058 0.000943586349109 0.0200619170399 
0.0349207824784 0.0411529917478 0.0237435229218 0.00178414569119 0.000528996217392 0.00690271771088 0.0471175380044 0.0508792264853 0.0140212323452 0.0511831775115 0.0315026506786 0.0298329919966 0.00740611959805 0.0131426586851 0.0177062224708 0.0540620626049 0.0230244628938 0.0139028319375 0.00820357670601 0.0138208259494 -0.00568332318621 0.0180577863362 0.0145379623066 0.0324706553079 0.33933120523 0.0117297448444 0.0083683974404 0.00560307378581 0.0245968748201 0.0126154707079 0.0336268819738 0.0163823634378 0.0648160809813 0.0231842912075 0.0073549196872 0.0250543330078 0.00451341013028 0.0269738053707 0.0330906892273 0.0197253522881 
0.0179061983788 0.00388323042431 0.0101094535215 0.0360486931956 -0.00540355124608 0.0131757994978 0.0149029264172 0.00699803005928 0.0225429306336 0.0138436116342 0.0180587278793 0.0324366771725 0.0170417912807 0.0164930086196 0.016126206381 0.0183585265781 -0.0024264158432 0.0168167624722 0.00843024387314 0.00342881868126 -0.00106139238586 0.00284445555079 0.0029061727139 -0.000418002277047 0.0117297448444 0.621145575406 -0.00383618377566 0.0107923284663 0.00475522568002 0.0207501598681 0.0428399563702 0.00554365039362 0.0118481843549 0.00662614576406 0.00619518672085 -0.0012153551158 -0.00559189854634 -0.00483850519473 0.0155445947327 0.00859244700436 
0.00995499605207 0.0155025306865 0.0287333810139 0.00906329026333 0.00857967376829 0.076360150934 0.0101908963072 0.0249808261525 0.0196516056399 0.0240733068224 0.00113768595219 0.0246192054433 0.00685398562522 0.00863934392336 0.00419801465907 0.0242639263499 0.0274742364794 0.00699540489613 0.014346378348 0.0137671114329 -0.00060529485672 0.0178895762463 -0.00727955198854 0.00343206346847 0.0083683974404 -0.00383618377566 0.344968484605 0.00286666274985 0.0208817068916 -0.00375334445473 0.0216270527682 0.0545700437241 0.0233781014681 -0.0022848407005 0.00403988462568 0.00858699452974 0.0141069658866 0.0299328834828 0.0199580824829 0.0102343333893 
0.00669854566552 0.0462346618463 0.0155719060973 -0.00729119970995 0.00255007653029 0.0120669813509 0.00729553251749 0.00973174315305 0.0168431093852 0.0119103813109 0.0234492785698 0.000140774941049 0.0287575029985 0.0289873523396 0.0135204665519 0.0064303635024 0.0288208114624 0.00183611979934 0.0194896127481 0.0176801236168 0.0132115967894 0.0120236524847 0.0176094245748 0.00595962480254 0.00560307378581 0.0107923284663 0.00286666274985 0.391399024974 0.00050851226439 0.0247750271748 0.0139678673085 0.0190912604578 0.0182008164499 -0.00113088806306 -0.00267246084996 0.03157395723 0.0289609065687 0.0836112063222 0.0231399499553 -0.00875648380527 
0.0110028831919 0.0265479812595 0.0157795430012 0.017729604856 0.00486636830716 0.0113160781397 0.0114449886852 0.0191494307894 0.00340563243126 0.0259645445364 0.0293095521855 0.0158893807836 0.0227384444612 0.00683835728964 0.0172398470635 0.0321836103027 0.0173310445564 0.0196739019383 0.0191110761517 0.0135725226121 0.0726037557899 0.00107741844448 0.00234239850395 0.00608719183594 0.0245968748201 0.00475522568002 0.0208817068916 0.00050851226439 0.19865321945 0.0093000282467 0.0274121921247 -0.00734842040661 0.0242422040156 0.0202099013103 0.0175766518777 0.00387928527481 0.0220767625639 0.00934412653587 0.00786470207744 0.0205571640009 
0.00740034227718 0.0115865196688 0.021784541123 0.00207307579725 0.00388520840581 0.0190173898305 0.017392818342 0.0264896155093 0.0213131167886 0.0113850997253 0.0270144396762 0.0253348592368 0.0154098615791 0.00354896726253 0.0180909279346 0.0205244312448 0.0172570321662 0.0224611203185 0.01159590741 0.00736227059312 0.00487955664055 0.0126952452735 0.0650099914794 0.0194885922046 0.0126154707079 0.0207501598681 -0.00375334445473 0.0247750271748 0.0093000282467 0.417978375275 0.0436802246064 0.00825381662724 0.0292198708625 0.0158140551682 0.00381400999767 0.0301892213234 -0.000611820723712 0.0512769217205 0.00605906485174 0.012158843449 
0.0249138195536 0.0166807776717 0.0239168345371 0.00415413993338 -0.00965685784877 0.0204851186648 0.0202253996834 0.0351641913154 0.0492538364384 0.0147880733091 0.0282877011638 0.0179725070286 0.0448287976245 0.00820445641447 0.00456847239361 0.0437881792458 0.00392481152989 0.0265670092657 0.0176143456532 0.005805186751 0.00861199559741 0.0227636127169 0.00640782054327 0.0316618835271 0.0336268819738 0.0428399563702 0.0216270527682 0.0139678673085 0.0274121921247 0.0436802246064 0.343629114653 0.0031344602949 0.0488907541001 0.0386122785618 0.0111173622326 0.0384307499024 -0.0052513379897 0.0748007941493 0.00682953023263 0.00861896851933 
0.0117590291323 0.00936450688906 0.015638946581 0.00738875769955 0.00427856003266 0.0265964691978 0.00764676646398 0.0130703585757 0.0159997052458 0.0229481013061 0.0220799927259 0.0150286314393 0.00781778199249 0.0233315478745 0.0147855913849 0.143190055702 0.00507216523012 0.0121371062523 0.0133263283092 0.0116093509979 -0.00784969614298 -0.012853424703 0.0607669126424 0.0144574957701 0.0163823634378 0.00554365039362 0.0545700437241 0.0190912604578 -0.00734842040661 0.00825381662724 0.0031344602949 1.44606496912 0.0342804503665 0.0214497208642 0.0091510667459 0.0297806736968 0.0140454407744 0.0763641577017 0.00554364331971 0.0102255264789 
0.0444876559908 0.0130959364893 0.0225541815833 -0.0126939088469 0.00908013663747 0.0180429531792 0.0386751560061 0.0583099775711 0.0120800790315 0.0362420420956 0.032059779132 0.0286936247444 -0.00523640692551 0.0255786102107 0.0106789178525 0.0451688742666 0.0200823552014 0.00841133988029 0.00941862877133 0.0173698825266 -0.0118828889494 0.0138174855219 -0.00225258294903 0.0165815822928 0.0648160809813 0.0118481843549 0.0233781014681 0.0182008164499 0.0242422040156 0.0292198708625 0.0488907541001 0.0342804503665 0.453623966754 0.0127068904107 0.0117033026547 0.032779799151 0.00405758361858 0.109694158581 0.0224839592172 0.019386482852 
0.0148261983543 0.00966947952628 0.0165003716655 0.0224563539166 0.0136322267243 0.0131098229364 0.0112907005462 0.00473203709814 0.0113356259617 0.0198559688348 0.0249873968662 0.0135652081871 0.0188153530677 0.00948693003589 0.000165161609131 0.022976623196 0.00711735298222 0.0248393813693 0.0142490652703 0.0186295618561 0.00265727417954 0.00967710837145 -0.00911024319825 0.0103182943815 0.0231842912075 0.00662614576406 -0.0022848407005 -0.00113088806306 0.0202099013103 0.0158140551682 0.0386122785618 0.0214497208642 0.0127068904107 0.194641387612 0.0153438272858 0.0080759876712 0.0037116279594 0.0241076974482 0.0136702060254 0.00725408472159 
0.0148753291396 0.0111907647117 0.0171358061343 0.0166913944799 0.00363034587469 0.00994426493734 0.00289370041389 0.00679547755216 0.0106920958502 0.0185312748463 0.0261649972754 0.00926906641392 0.0184053244869 0.00994844858781 7.36949959532e-05 0.0117643990938 0.0127664858048 0.0167148172909 0.0070209672673 0.0111190864153 -0.00698120263933 0.0133571479414 -0.000401167040693 0.00392658013055 0.0073549196872 0.00619518672085 0.00403988462568 -0.00267246084996 0.0175766518777 0.00381400999767 0.0111173622326 0.0091510667459 0.0117033026547 0.0153438272858 0.113852603375 0.0109084927912 0.0130419430558 0.0208784285845 0.0115217875434 -0.00114778182913 
0.019735512876 0.0165036397416 0.0245574663789 0.0115141521908 -0.00944882989831 0.0233110856742 0.0100937325635 0.0345632287555 0.0113176101527 0.0231216613759 0.0112461006176 0.0171403967726 0.0119847425503 0.00216040771883 0.0237700249361 0.0436008994584 0.0221562393612 0.0052763344575 0.00347883582476 0.00859910122995 0.0215137637532 0.0210851909283 0.0139058060292 0.0070202383982 0.0250543330078 -0.0012153551158 0.00858699452974 0.03157395723 0.00387928527481 0.0301892213234 0.0384307499024 0.0297806736968 0.032779799151 0.0080759876712 0.0109084927912 0.217065256007 -0.000781678999034 0.0752914979229 0.0376041273384 0.0302718182844 
-0.00373521045198 0.0512966741621 0.0225274588381 -0.00711792117344 0.0235590166811 0.0103947064748 -0.0113962598776 -0.000947153852003 0.00931743378826 0.0115814680957 0.01290532232 0.00916124127393 0.0190476572337 -0.00259550860851 0.0114724244698 0.0176405920771 0.0178870469556 0.00462910966028 0.0120334221778 0.0215558204771 -0.00123546611303 0.0267535837316 -0.0176817134295 -0.00274931967197 0.00451341013028 -0.00559189854634 0.0141069658866 0.0289609065687 0.0220767625639 -0.000611820723712 -0.00525133798969 0.0140454407744 0.00405758361858 0.0037116279594 0.0130419430558 -0.000781678999036 0.202630977468 0.0221701461455 0.0162836883129 0.0108937621176 
0.0291454580112 0.0420070155738 0.0434332216387 0.00615299001828 -0.0113482206099 0.0619236648517 0.0353167089712 0.0274391505438 0.037083562797 0.0401933012654 0.0415885187993 0.0482768759957 0.0339209179194 0.00455034775125 0.00472689630916 0.0886959115132 0.026245103123 0.0217235021899 0.0175210564816 0.0194385958686 -0.00804233233076 0.024148382348 0.0427963619962 0.00103889301057 0.0269738053707 -0.00483850519473 0.0299328834828 0.0836112063222 0.00934412653587 0.0512769217205 0.0748007941493 0.0763641577017 0.109694158581 0.0241076974482 0.0208784285845 0.0752914979229 0.0221701461455 0.670902233126 0.0863534076007 0.020515096646 
0.0283675509841 0.0164492006165 0.0298713352761 0.00781417213269 0.00189284721637 0.0324248225036 0.027269446754 0.0063750220543 0.0120499010863 0.0159510916463 0.0220150828916 0.0142662572033 0.0206369717835 -0.00596784266007 0.00888002869816 0.0103858978281 0.00680124781081 0.0101009084484 0.00849078956847 0.0164091831016 0.00430403794452 0.00764203532361 -0.00270530162428 0.000943586349108 0.0330906892273 0.0155445947327 0.0199580824829 0.0231399499553 0.00786470207744 0.00605906485174 0.00682953023263 0.00554364331971 0.0224839592172 0.0136702060254 0.0115217875434 0.0376041273384 0.0162836883129 0.0863534076007 0.305476118286 0.0269574192375 
0.000711646723229 0.0138903150444 0.00726230905202 0.000226155402571 0.00948291586618 0.00666045087707 0.0132434100998 0.0205281367959 0.0105508858646 0.0274632503322 0.0258674950587 0.0192404130993 0.0121240693808 0.0119975812556 0.0156856418173 0.0191370172793 0.00690737246625 0.0177851626517 0.024560621616 0.0192839679873 0.00375974130681 0.0193941065769 -0.0138618576567 0.0200619170399 0.0197253522881 0.00859244700436 0.0102343333893 -0.00875648380527 0.0205571640009 0.012158843449 0.00861896851933 0.0102255264789 0.019386482852 0.00725408472159 -0.00114778182913 0.0302718182844 0.0108937621176 0.020515096646 0.0269574192375 0.254244150619 

['TMO', 'SRE', 'VNO', 'JNJ', 'HCA', 'CI', 'KSS', 'BBBY', 'EDS', 'HD', 'AXP', 'COF', 'ORCL', 'NKE', 'RX', 'CC', 'LMT', 'GCI', 'TWX', 'ACV', 'FRX', 'STZ', 'ANDW', 'JNY', 'LTD', 'UVN', 'UNH', 'APA', 'ASO', 'CMVT', 'MXIM', 'NAV', 'COH', 'LLY', 'KO', 'WY', 'PCG', 'ATI', 'BLL', 'CB']