30
0.199130076205 0.163811268696 0.0202574279786 0.0610020106181 0.0388241127613 0.0412963652708 0.0272696759741 0.0743289823458 0.0330111524363 0.0437869579852 0.0210495138202 0.0123991351417 0.0192488530763 0.0268988212896 0.118355026327 0.0690593134036 0.0298565853869 0.143796644659 0.0597278634654 0.102128665084 0.0738036440579 0.0395396308246 0.0304896250645 0.0832698050771 0.041097516798 0.043075945187 0.0184249616408 0.0429032651101 0.0716450377603 0.251790956204 
0.616811305149 -0.0030576570226 0.0375678601254 0.0113790320242 0.0186842984323 0.0125440861917 0.0331375780941 0.0424378366056 0.00400059318943 0.0412591769483 0.00229792846263 0.0191874432874 0.0138088441102 0.00750107492339 0.0190847237709 0.0130134294534 0.0232133129748 0.0938312685226 0.0361336643466 0.0482950902533 0.0409951816229 0.00341390202507 0.0234589470469 0.0996807766778 0.029989584764 0.010558525537 0.0268337770885 0.0288544349192 0.0204946054784 0.122662495967 
-0.0030576570226 1.36931989491 -0.0325381565881 0.00126474215319 0.0131981962626 -0.019942253511 -0.00493664280967 0.00810794374071 -0.00738271466663 0.0547887882113 0.00273194754644 0.00942787902406 -0.000283875517103 0.0221264725145 -0.00426124912425 0.00755376985653 0.00953802046507 0.0186828859394 -0.0346100405003 -0.00629679639049 0.00327187172715 -0.0059034308457 -0.00956265711122 -0.011150252129 0.0304781362669 0.00510784060254 0.00945164071623 0.00330411474217 -0.00899851819065 0.0242202212251 
0.0375678601254 -0.0325381565881 0.277924811379 0.0244052406728 0.0249972682924 0.00504210697339 0.0347848321021 0.0356647954756 0.0261648893168 0.00727637722532 0.0146147293127 0.0216983128989 0.0141536526938 0.023708420652 0.0232623409946 0.0242977060254 0.0205855918029 0.0676549267815 0.0286906039187 0.0314549936963 0.034645766441 0.0280018306591 0.00525625979908 0.0122631599814 0.0218472912418 0.0177357848446 0.0279344303407 0.0392153013445 0.0183766776672 0.044823890713 
0.0113790320242 0.00126474215319 0.0244052406728 0.42075376208 0.0122794248957 0.013727797082 0.00979385536678 0.0208410165971 0.0245244292528 0.00868859859975 -0.000610783661036 0.0109665732891 0.00426552302079 0.00989972626371 0.0392630565488 0.0481825351638 0.0130631008218 0.0608156157449 0.02075139708 0.0402004034483 0.023263044579 0.016565249534 0.00198891191377 0.0223686873414 0.0106007092213 0.018308550212 0.00866098754147 0.0358129998496 0.0322657866518 0.01123890936 
0.0186842984323 0.0131981962626 0.0249972682924 0.0122794248957 0.194855373729 0.00438960040259 0.0132932157766 0.03309418627 0.0172082004168 0.0145876184664 0.0161617360964 0.00868800980517 0.00850168182248 0.00142534363762 0.0196562019849 0.0278267416444 0.0234014939972 0.0453173521445 0.0181800277748 0.0200894769032 0.00366115337914 0.0239981666849 0.00767799781721 0.00515166478868 0.0117060393405 0.020011299492 0.0248482383265 0.0154365710268 -0.00173537904674 -2.5251271143e-05 
0.0125440861917 -0.019942253511 0.00504210697339 0.013727797082 0.00438960040259 0.250728635762 0.0152253070835 0.0144783816483 0.0275073188498 0.0285351529989 0.0157566796689 0.0176853645847 0.0158102166943 -0.000160873831688 0.00430015551285 0.0109526826154 0.0149765693966 0.019596919386 0.0034601310069 -0.00126261328083 0.01766893947 0.00491159207501 0.0074992459798 0.000267917429304 0.00515507802296 0.0196296321221 0.0214498276191 0.00516915278972 -0.000292004774123 0.000645985944281 
0.0331375780941 -0.00493664280967 0.0347848321021 0.00979385536678 0.0132932157766 0.0152253070835 0.146230653774 0.0441762117617 0.017205384237 0.00756558682232 0.0083165338899 0.00518010675454 0.0168732964763 0.0178870109322 0.0120900059943 0.0151358174092 0.0127874712786 0.0351776124808 0.018056427702 0.021092132253 0.0289110715506 0.00836448852201 0.00804672538874 0.0175891274962 0.0121153907175 0.0217018643694 0.0202411848014 0.0175513065179 0.0145425256769 0.0180010280173 
0.0424378366056 0.00810794374071 0.0356647954756 0.0208410165971 0.03309418627 0.0144783816483 0.0441762117617 0.316242682772 0.0552478775782 0.00704936605482 0.0200901911744 0.0184161769402 0.0140236208329 0.0245924274834 0.0317418088948 0.023816132705 0.0476609185178 0.120041264258 0.0288003075549 0.0479904402643 0.0402330914605 0.0358308988928 0.019782314641 0.0568111537604 0.0419162220598 0.047150532865 0.0454325819694 0.050248566208 0.0275307583833 0.0165075832766 
0.00400059318943 -0.00738271466663 0.0261648893168 0.0245244292528 0.0172082004168 0.0275073188498 0.017205384237 0.0552478775782 0.318469059449 0.0339363643923 0.00186314339811 0.0101347111205 0.00221190355331 0.0225922763433 0.0426039045655 0.0259703053479 0.018001905574 0.0440667645817 0.0371561366999 0.0172738391142 0.0481668101484 0.0277432191857 0.00960668635637 0.00186909703875 0.0320570597113 0.0217610081117 0.0350939302633 0.0233004533624 0.00649903169635 0.0103728719651 
0.0412591769483 0.0547887882113 0.00727637722532 0.00868859859975 0.0145876184664 0.0285351529989 0.00756558682232 0.00704936605482 0.0339363643923 0.27191527012 0.0283837454318 0.0102199464387 0.0190114305965 -0.0140922630185 0.0291284118314 0.00538829813621 0.0184952814657 0.0456014990337 0.010576050776 0.000545349335498 0.0195944860938 0.0196052619204 0.017273542 0.00893481017824 0.00795453546506 0.0160786102278 0.0253267612223 0.0364866796747 0.00319128962714 0.0113543543334 
0.00229792846263 0.00273194754644 0.0146147293127 -0.000610783661036 0.0161617360964 0.0157566796689 0.0083165338899 0.0200901911744 0.00186314339811 0.0283837454318 0.326376492173 0.0118468449168 0.0108698629939 0.001338561528 0.00686270017293 0.00765532104013 0.00568401144329 0.0642108415117 0.00967428300336 0.00699634171931 0.0182107623334 0.00673759909988 0.00717554841906 0.00942645298764 0.0103416085152 0.00929047489042 0.0126785215641 0.0144845998681 0.0116545507572 0.00103080820291 
0.0191874432874 0.00942787902406 0.0216983128989 0.0109665732891 0.00868800980517 0.0176853645847 0.00518010675454 0.0184161769402 0.0101347111205 0.0102199464387 0.0118468449168 0.191484271307 0.00749520583461 0.0249833207137 0.0129559800017 0.004288387872 0.0191522023066 0.0174836075802 0.0154242771929 0.00230420684346 0.0257978646296 0.0269437710618 0.0106458769367 0.0157589736931 0.0174944833809 0.00360564285479 0.0275490110861 0.0221601033315 0.0143408441916 0.0178525881758 
0.0138088441102 -0.000283875517103 0.0141536526938 0.00426552302079 0.00850168182248 0.0158102166943 0.0168732964763 0.0140236208329 0.00221190355331 0.0190114305965 0.0108698629939 0.00749520583461 0.144211249833 0.00942916270748 0.0129579344008 0.00636474469468 0.0213999881567 0.014773350696 0.0099378987259 0.00193255436133 0.0083820256045 0.0126689205364 0.0263813826727 0.00621923884296 0.0110169012898 0.0184937019832 0.0130635052274 0.0147331788538 0.00085241548545 0.00565009738345 
0.00750107492339 0.0221264725145 0.023708420652 0.00989972626371 0.00142534363762 -0.000160873831687 0.0178870109322 0.0245924274834 0.0225922763433 -0.0140922630185 0.001338561528 0.0249833207137 0.00942916270748 0.224763466373 0.00613248641275 0.010839098894 0.0123501705758 0.0222794303876 0.00180630113224 0.0201448295749 0.0227454185548 -0.00323122351585 0.00685683445652 -0.00125723649706 0.0194326437782 0.00725967727831 0.0200632838731 -0.00379129175846 0.00833655165804 0.00793811427175 
0.0190847237709 -0.00426124912425 0.0232623409946 0.0392630565488 0.0196562019849 0.00430015551285 0.0120900059943 0.0317418088948 0.0426039045655 0.0291284118314 0.00686270017293 0.0129559800017 0.0129579344008 0.00613248641275 0.578821338182 0.0106635555845 0.0120396206926 0.0345678899736 0.041063176968 0.0207041735194 0.0157090458128 0.0406158525533 -0.00159946988758 0.00392405243718 0.0286323607899 0.0248220624089 0.0197868388554 0.00769176824013 -0.0121644993484 0.0167559047072 
0.0130134294534 0.00755376985653 0.0242977060254 0.0481825351638 0.0278267416444 0.0109526826154 0.0151358174092 0.023816132705 0.0259703053479 0.00538829813621 0.00765532104013 0.004288387872 0.00636474469468 0.010839098894 0.0106635555845 0.430330789076 0.0189152443545 0.0566976743504 0.00801546714114 0.0111988277001 0.0180609643517 0.0194606412077 0.0016009713962 0.0206931738722 0.0219437295886 0.0284994443828 0.0259150889369 0.0246680576449 0.013254374016 0.000484839216478 
0.0232133129748 0.00953802046507 0.0205855918029 0.0130631008218 0.0234014939972 0.0149765693966 0.0127874712786 0.0476609185178 0.018001905574 0.0184952814657 0.00568401144329 0.0191522023066 0.0213999881567 0.0123501705758 0.0120396206926 0.0189152443545 0.14099736604 0.0455043424072 0.00696430387271 0.0126871199599 0.0165080719834 0.0229926223822 0.0197801834232 0.00118451113395 0.0268245059701 0.0315957361621 0.0474263248725 0.0151879820921 0.013486835209 0.000617466204641 
0.0938312685226 0.0186828859394 0.0676549267815 0.0608156157449 0.0453173521445 0.019596919386 0.0351776124808 0.120041264258 0.0440667645817 0.0456014990337 0.0642108415117 0.0174836075802 0.014773350696 0.0222794303876 0.0345678899736 0.0566976743504 0.0455043424072 0.624601580818 0.0711759087099 0.0560956594466 0.0686978326608 0.0456932891297 0.0201532428948 0.0595363938664 0.0460594120371 0.0574107447279 0.0381736863926 0.0726995264624 0.0567042960951 0.0492224591235 
0.0361336643466 -0.0346100405003 0.0286906039187 0.02075139708 0.0181800277748 0.0034601310069 0.018056427702 0.0288003075549 0.0371561366999 0.010576050776 0.00967428300336 0.0154242771929 0.0099378987259 0.00180630113224 0.041063176968 0.00801546714114 0.00696430387271 0.0711759087099 0.400928809911 0.0118509095537 0.0227635167502 0.0137683351831 0.0116623364558 0.0385053909476 0.0125585534939 -0.00181379715482 -0.00818002745702 0.0566547651822 0.0266399606807 0.0150789746362 
0.0482950902533 -0.00629679639049 0.0314549936963 0.0402004034483 0.0200894769032 -0.00126261328083 0.021092132253 0.0479904402643 0.0172738391142 0.000545349335499 0.00699634171931 0.00230420684346 0.00193255436134 0.0201448295749 0.0207041735194 0.0111988277001 0.0126871199599 0.0560956594466 0.0118509095537 0.685360513082 0.0323754353788 0.0179370925525 0.00351401783969 0.014147756888 0.00780693794883 0.0114759789397 0.0263269337703 0.0243633383934 0.015688639986 0.0570673057802 
0.0409951816229 0.00327187172715 0.034645766441 0.023263044579 0.00366115337914 0.01766893947 0.0289110715506 0.0402330914605 0.0481668101484 0.0195944860938 0.0182107623334 0.0257978646296 0.0083820256045 0.0227454185548 0.0157090458128 0.0180609643517 0.0165080719834 0.0686978326608 0.0227635167502 0.0323754353788 0.351499063213 -0.000681746948244 0.00410141884851 0.009340872394 0.00922587378034 0.00825785362961 0.01838288274 0.0467301821848 -0.00497497407259 0.044632272694 
0.00341390202507 -0.0059034308457 0.0280018306591 0.016565249534 0.0239981666849 0.00491159207501 0.00836448852201 0.0358308988928 0.0277432191857 0.0196052619204 0.00673759909988 0.0269437710618 0.0126689205364 -0.00323122351585 0.0406158525533 0.0194606412077 0.0229926223822 0.0456932891297 0.0137683351831 0.0179370925525 -0.000681746948244 0.29625327615 0.0145157038867 -0.0105188962814 0.010131642606 0.0141236125611 0.0149777936052 0.0278168215863 0.0161009642036 0.0502930673116 
0.0234589470469 -0.00956265711122 0.00525625979908 0.00198891191377 0.00767799781721 0.0074992459798 0.00804672538874 0.019782314641 0.00960668635637 0.017273542 0.00717554841906 0.0106458769367 0.0263813826727 0.00685683445652 -0.00159946988758 0.0016009713962 0.0197801834232 0.0201532428948 0.0116623364558 0.00351401783969 0.00410141884851 0.0145157038867 0.215494578599 -0.00349044982217 0.00894403287412 0.0154090004965 0.00549134033109 0.0123489397144 0.00427668763042 0.00280914050974 
0.0996807766778 -0.011150252129 0.0122631599814 0.0223686873414 0.00515166478868 0.000267917429304 0.0175891274962 0.0568111537604 0.00186909703875 0.00893481017824 0.00942645298764 0.0157589736931 0.00621923884296 -0.00125723649706 0.00392405243718 0.0206931738722 0.00118451113395 0.0595363938664 0.0385053909476 0.014147756888 0.009340872394 -0.0105188962814 -0.00349044982217 0.404270233951 0.0370302667957 0.0171687566167 0.0134157598995 0.0256654830809 0.0112739287417 0.0436588134773 
0.029989584764 0.0304781362669 0.0218472912418 0.0106007092213 0.0117060393405 0.00515507802296 0.0121153907175 0.0419162220598 0.0320570597113 0.00795453546506 0.0103416085152 0.0174944833809 0.0110169012898 0.0194326437782 0.0286323607899 0.0219437295886 0.0268245059701 0.0460594120371 0.0125585534939 0.00780693794882 0.00922587378034 0.010131642606 0.00894403287412 0.0370302667957 0.254787599899 0.0289872357272 0.0328901251069 0.0214769004176 0.0126550780248 -0.00458253753416 
0.010558525537 0.00510784060254 0.0177357848446 0.018308550212 0.020011299492 0.0196296321221 0.0217018643694 0.047150532865 0.0217610081117 0.0160786102278 0.00929047489042 0.00360564285479 0.0184937019832 0.00725967727831 0.0248220624089 0.0284994443828 0.0315957361621 0.0574107447279 -0.00181379715482 0.0114759789397 0.00825785362961 0.0141236125611 0.0154090004965 0.0171687566167 0.0289872357272 0.213755069111 0.0426206488416 0.0257770132532 0.0128844817755 0.00015561685303 
0.0268337770885 0.00945164071623 0.0279344303407 0.00866098754147 0.0248482383265 0.0214498276191 0.0202411848014 0.0454325819694 0.0350939302633 0.0253267612223 0.0126785215641 0.0275490110861 0.0130635052274 0.0200632838731 0.0197868388554 0.0259150889369 0.0474263248725 0.0381736863926 -0.00818002745702 0.0263269337703 0.01838288274 0.0149777936052 0.00549134033109 0.0134157598995 0.0328901251069 0.0426206488416 0.169924420193 0.0196736732684 0.0147310865878 0.00192247166694 
0.0288544349192 0.00330411474217 0.0392153013445 0.0358129998496 0.0154365710268 0.00516915278972 0.0175513065179 0.050248566208 0.0233004533624 0.0364866796747 0.0144845998681 0.0221601033315 0.0147331788538 -0.00379129175846 0.00769176824013 0.0246680576449 0.0151879820921 0.0726995264624 0.0566547651822 0.0243633383934 0.0467301821848 0.0278168215863 0.0123489397144 0.0256654830809 0.0214769004176 0.0257770132532 0.0196736732684 0.270055954679 -0.00433646024397 -0.00146153019446 
0.0204946054784 -0.00899851819065 0.0183766776672 0.0322657866518 -0.00173537904674 -0.000292004774123 0.0145425256769 0.0275307583833 0.00649903169635 0.00319128962714 0.0116545507572 0.0143408441916 0.00085241548545 0.00833655165804 -0.0121644993484 0.013254374016 0.013486835209 0.0567042960951 0.0266399606807 0.015688639986 -0.00497497407259 0.0161009642036 0.00427668763042 0.0112739287417 0.0126550780248 0.0128844817755 0.0147310865878 -0.00433646024397 0.467397617143 0.0373875067476 
0.122662495967 0.0242202212251 0.044823890713 0.01123890936 -2.52512711431e-05 0.000645985944281 0.0180010280173 0.0165075832766 0.0103728719651 0.0113543543334 0.00103080820291 0.0178525881758 0.00565009738345 0.00793811427175 0.0167559047072 0.000484839216478 0.000617466204641 0.0492224591235 0.0150789746362 0.0570673057802 0.044632272694 0.0502930673116 0.00280914050974 0.0436588134773 -0.00458253753416 0.00015561685303 0.00192247166694 -0.00146153019446 0.0373875067476 2.07696477727 

['PD', 'ESRX', 'APCC', 'CMVT', 'ABK', 'KR', 'SIAL', 'LEH', 'LOW', 'WLP', 'HMA', 'TWX', 'K', 'ADP', 'DDS', 'AOC', 'BAC', 'ET', 'GR', 'JBL', 'SHW', 'YUM', 'HNZ', 'APC', 'PRU', 'PNC', 'HBAN', 'COL', 'SYMC', 'BRCM']