20
0.0514292405054 0.112290577846 0.0428749123775 0.0682562642732 0.0486664598358 0.0387981152642 0.0285507317948 0.0353466838873 0.22311845274 0.0466468708745 0.0414012394119 0.0700025840065 0.0623322546876 0.037496284255 0.0267221777707 0.0743289823458 0.0297343435849 0.026417897889 0.0318751717172 0.0437869579852 
0.202357324984 0.0418960695967 0.0219639227404 0.0318507307406 0.0332267959922 0.034122772086 0.0218156119327 0.0276924568883 0.0661324222346 0.0144955946642 0.0259072177351 0.018017628757 0.0157715113121 0.032062999139 0.0311501342713 0.105768291428 0.00246329333831 0.0292874471104 0.0254125434846 0.0121383273681 
0.0418960695967 0.507606610429 0.0261269175272 0.0440205899176 0.0219377188112 0.0394926746304 0.0160536868849 0.0163855979309 0.0704606283207 0.0420882664194 0.022730791281 0.0176164341451 -0.00669780810457 0.029008521779 0.0522459603943 0.0708526817416 0.0244649870255 0.0455995385084 0.0207768097824 0.0238413027365 
0.0219639227404 0.0261269175272 0.266825932662 0.014345660407 0.0272915525941 0.0341526601396 0.0243441117501 0.0241527785398 0.0137981779781 0.0115787471606 0.0178618044649 0.0304155943563 0.0149991714551 0.0362594140278 0.0225686836483 0.0509840086173 0.0219289402514 0.0202744789537 0.0295233275951 0.0235095951283 
0.0318507307406 0.0440205899176 0.014345660407 0.387438781895 0.00268163723624 0.0285655866838 0.0236716786837 0.0172399016688 0.0577356328413 0.00862079615375 0.00555258572262 0.0202615103062 0.00708791377011 0.0182499893713 0.00966597881776 0.0633118831674 0.00293191430878 0.035957506839 0.00841045401446 0.0248033139045 
0.0332267959922 0.0219377188112 0.0272915525941 0.00268163723624 0.318185132731 0.0194028990587 0.0206781435867 0.00294808379112 0.0159363350705 0.0207151900029 0.0043260810279 0.0281710616373 0.0131136874387 0.0146306240784 0.0101387005037 0.0303802012222 0.00205462058532 0.0245276483246 0.0274923132664 0.0192262122013 
0.034122772086 0.0394926746304 0.0341526601396 0.0285655866838 0.0194028990587 0.237541901131 0.0173901094785 0.0150227089307 0.0532082749608 0.0231671425746 0.0183943240787 0.0197858639655 0.00094933561654 0.0218162188678 0.0289386583817 0.0489680564455 0.0206653284541 0.0278145004461 0.0118713627904 0.0164844537344 
0.0218156119327 0.0160536868849 0.0243441117501 0.0236716786837 0.0206781435867 0.0173901094785 0.254365508935 0.0113484204885 0.013426642559 0.0126050145229 0.0193529274167 0.00626423297066 0.0176645008415 0.0193008549825 0.0205000557385 0.024049310146 0.00867310503932 0.0250191149009 -0.00350250909659 0.0208254270383 
0.0276924568883 0.0163855979309 0.0241527785398 0.0172399016688 0.00294808379112 0.0150227089307 0.0113484204885 0.274560158285 0.0152827255356 0.0189797152719 0.0199148666933 0.0113014087249 0.0360886908796 0.0272707151062 0.0302278815128 0.0388702244531 0.0035072758185 0.0170774931712 0.0167825662742 0.0369584904517 
0.0661324222346 0.0704606283207 0.0137981779781 0.0577356328413 0.0159363350705 0.0532082749608 0.013426642559 0.0152827255356 0.918160993785 0.0448372449574 0.0321354701839 -0.0116326319666 0.00905444703618 0.0386676828409 0.0272837555563 0.0897343112675 0.00577380895581 0.0281238876882 0.00195408981452 0.000264790060653 
0.0144955946642 0.0420882664194 0.0115787471606 0.00862079615375 0.0207151900029 0.0231671425746 0.0126050145229 0.0189797152719 0.0448372449574 0.37062970473 -0.0105416432594 0.00346553897358 0.0104468135883 0.0255844345681 0.0382410692471 0.0247449915876 0.0124284385427 0.00332874651649 0.0552897034816 0.0147249234705 
0.0259072177351 0.022730791281 0.0178618044649 0.00555258572262 0.0043260810279 0.0183943240787 0.0193529274167 0.0199148666933 0.0321354701839 -0.0105416432594 0.250919929009 0.0132279973006 -0.00063470702551 0.0155755803523 0.026572549877 0.0276941380795 0.0182958453434 0.0209829886828 0.0214829269308 0.0255110865966 
0.018017628757 0.0176164341451 0.0304155943563 0.0202615103062 0.0281710616373 0.0197858639655 0.00626423297066 0.0113014087249 -0.0116326319666 0.00346553897358 0.0132279973006 0.331858004458 0.00465586964384 0.00993224034542 0.0182642318128 0.0344984461602 0.0123768586814 0.00635386583678 0.0135137222535 0.000972955813185 
0.0157715113121 -0.00669780810457 0.0149991714551 0.00708791377011 0.0131136874387 0.00094933561654 0.0176645008415 0.0360886908796 0.00905444703618 0.0104468135883 -0.00063470702551 0.00465586964384 0.5372865806 0.00458890934243 0.000863343877866 0.0110160002709 0.0162592112182 0.0070777371593 -0.00308226935982 0.00676721585784 
0.032062999139 0.029008521779 0.0362594140278 0.0182499893713 0.0146306240784 0.0218162188678 0.0193008549825 0.0272707151062 0.0386676828409 0.0255844345681 0.0155755803523 0.00993224034542 0.00458890934243 0.252091186182 0.0264528117134 0.0410104935937 0.00739503765543 0.0177001545511 0.0251526697347 0.0486618863619 
0.0311501342713 0.0522459603943 0.0225686836483 0.00966597881776 0.0101387005037 0.0289386583817 0.0205000557385 0.0302278815128 0.0272837555563 0.0382410692471 0.026572549877 0.0182642318128 0.000863343877866 0.0264528117134 0.192313997885 0.0382534155042 0.0123509111715 0.0152810435125 0.0447225693398 0.0215923582942 
0.105768291428 0.0708526817416 0.0509840086173 0.0633118831674 0.0303802012222 0.0489680564455 0.024049310146 0.0388702244531 0.0897343112675 0.0247449915876 0.0276941380795 0.0344984461602 0.0110160002709 0.0410104935937 0.0382534155042 0.320271714282 0.0170363907259 0.0540965406075 0.0283126611828 0.0170157371818 
0.00246329333831 0.0244649870255 0.0219289402514 0.00293191430878 0.00205462058532 0.0206653284541 0.00867310503932 0.0035072758185 0.00577380895581 0.0124284385427 0.0182958453434 0.0123768586814 0.0162592112182 0.00739503765543 0.0123509111715 0.0170363907259 0.196512598431 0.0105628388358 0.00979139832616 0.0273544471543 
0.0292874471104 0.0455995385084 0.0202744789537 0.035957506839 0.0245276483246 0.0278145004461 0.0250191149009 0.0170774931712 0.0281238876882 0.00332874651649 0.0209829886828 0.00635386583678 0.0070777371593 0.0177001545511 0.0152810435125 0.0540965406075 0.0105628388358 0.282287035191 0.0109967706576 0.0152496839658 
0.0254125434846 0.0207768097824 0.0295233275951 0.00841045401446 0.0274923132664 0.0118713627904 -0.00350250909659 0.0167825662742 0.00195408981452 0.0552897034816 0.0214829269308 0.0135137222535 -0.00308226935982 0.0251526697347 0.0447225693398 0.0283126611828 0.00979139832616 0.0109967706576 0.189857956589 0.0122357810848 
0.0121383273681 0.0238413027365 0.0235095951283 0.0248033139045 0.0192262122013 0.0164844537344 0.0208254270383 0.0369584904517 0.000264790060653 0.0147249234705 0.0255110865966 0.000972955813185 0.00676721585784 0.0486618863619 0.0215923582942 0.0170157371818 0.0273544471543 0.0152496839658 0.0122357810848 0.282885530599 

['MER', 'NE', 'CMCSA', 'FDX', 'STZ', 'APD', 'AT', 'RF', 'AMD', 'CEG', 'EOP', 'MRK', 'MAT', 'HIG', 'GAS', 'LEH', 'PBG', 'MWV', 'FE', 'WLP']