40
0.114001255301 0.066200000993 0.0952881581377 0.0590558874601 0.00873698993333 0.0692922129373 0.022286409141 0.0284224966367 0.074230100705 0.251790956204 0.0442318588416 0.0267221777707 0.0255776045185 0.0297209295042 0.0347696809731 0.371102806834 0.118814959333 0.10135047428 0.116792266476 0.0441448787565 0.0646745186267 0.0220144037379 0.0861911318708 0.0629738483482 0.0576577356707 0.147407151382 0.0248608942987 0.0896788789081 0.0780955523414 0.0210054402465 0.0584548507687 0.0378384564622 0.0318751717172 0.0314738433907 0.118355026327 0.0545934085328 0.050100863095 0.0843714281037 0.0672535079153 0.0708595176859 
1.13855321295 -0.00600324430068 -0.00441525598967 -0.00412449450826 -0.00598506688659 0.00796813694704 0.000484074470679 -0.000811198699392 -0.00795605492133 0.00750473077743 0.00449058013253 0.0244404405597 0.0140937289668 -0.00251057709464 -0.00839339465031 0.00226941969099 0.0139003528844 -0.00620035341795 -0.00161053296411 0.00716604469136 -0.00745382668216 -0.00970710930924 -0.00247130679152 0.0371943790048 -0.00282990112255 0.0241068793319 -0.000840283876201 0.00490784963405 -0.0126616711869 -0.00530300369569 -0.00657844013705 0.0105448189171 0.00574489586997 -0.000133638286453 0.000676900950282 0.00287808900682 0.00443038851085 -0.00226993690043 -0.00433909180551 0.0178958738697 
-0.00600324430068 0.645039670687 0.0101117100763 0.0369295764844 0.0173411799893 0.0100351319088 0.00845431607449 0.0267809640302 0.0372524190737 -0.00777059378777 0.0179309763489 0.0343914518974 0.0184266050968 -0.000726255932608 0.00757483147628 0.0164791608077 -0.00449759233831 0.0281540493714 0.0224761994199 0.0051977796357 0.0508579339969 0.0122265947741 0.0462991311982 0.00122502708252 0.0294925753571 0.00107147982277 0.0242575227516 0.0029280847331 -0.000728386713533 0.00579374941353 0.0534439745874 0.0336726859686 0.0104659041655 0.0116169160337 0.0167870332748 0.0193210026362 0.0687738697001 -0.00619214743571 0.0401397146781 0.00323401253418 
-0.00441525598967 0.0101117100763 0.502768421969 0.000635480866262 0.00722362927557 0.051058504754 0.0267225748372 -0.00914377099135 0.258881530586 0.047577916506 0.0379233885905 0.0390259919393 0.037045244932 0.0236844463037 0.0261616350924 0.00549653812391 0.0471754754273 0.0384805565784 0.0142659460763 0.0541452647531 0.0242501690859 0.0158775507442 0.0470475756617 0.0246662462321 0.0453803084958 0.0599112305335 0.0368342244753 0.0608871622876 0.0371171780091 0.00235903174011 0.0388549651138 0.0282626003781 0.0211348221129 0.0255116020148 0.0282292910054 0.0586463746215 0.0417482859694 0.0257104512875 0.065532537691 0.0244508882598 
-0.00412449450826 0.0369295764844 0.000635480866263 0.721020559889 0.0315822347101 0.0126469210638 -0.0035864066796 0.0227677986569 0.00864732551366 0.0147988011096 0.0212658114489 0.0214250415161 0.0169569434191 0.0220225574167 0.0116516222659 -0.0108998673615 -0.0100303710579 0.0149255891557 -0.00278851013914 -0.00272949489879 0.0304530686226 0.0163960787869 0.00532225845551 0.00944924360656 0.0154868029931 -0.0104968988939 0.0173112251995 0.0118280304488 0.00297341239376 0.0190847345446 0.0491929917036 0.000489257861411 0.0253401825088 0.0189608968419 0.00806052873404 0.0191812883714 -0.0118972074263 0.0158161956346 0.0178357896566 0.0119124175119 
-0.00598506688659 0.0173411799893 0.00722362927557 0.0315822347101 0.107659818805 0.0133541567164 0.00956570010236 0.016060314644 0.0104733137822 0.0201728491225 0.0205614502163 0.0196947559089 0.0154683304563 0.00604603056991 0.0116312639973 0.0166684496203 0.00375160776799 0.015114853704 0.00984847754701 0.0127207039205 0.00666691571603 0.00263984444863 0.0100482761673 0.00140998026888 0.0163552316318 -0.000147368472614 0.012323938307 0.0113530228652 0.0120465764917 0.0181815211816 0.0186143154223 0.015144275599 0.0148436690223 0.00816449480682 0.00926427913654 0.0123920761493 0.00864106001351 0.00892842865933 0.00628273099279 0.00958377954327 
0.00796813694704 0.0100351319088 0.051058504754 0.0126469210638 0.0133541567164 0.374619756544 0.00293741464453 0.0149771220993 0.039359334706 0.0378613132758 0.0355780985479 0.0231989566541 0.0100037528562 0.00143419548115 0.0334919329752 0.0738439161205 0.0600315177431 0.0863087556775 0.00703997760667 0.0422931984722 0.0143172269654 0.0140738819363 0.0335617512754 0.0177514577526 0.0306718116513 0.0118285052755 0.024374290029 0.108811304974 0.0441143717032 0.00600441895114 0.0121112981946 0.0199245822008 0.00119897996462 0.0201403542267 0.0724412317844 0.0377433614163 0.014017129828 0.0127390679767 0.0125898394686 0.0319019301354 
0.000484074470679 0.00845431607449 0.0267225748372 -0.0035864066796 0.00956570010236 0.00293741464453 0.245571973171 -0.00235817906308 0.026817097872 -0.00489386752249 0.000124112284555 0.0204112961041 0.0103453971302 0.011015336808 0.0102328086534 0.000515498901218 0.0134178022495 0.0101360970072 0.0213413978874 0.00130904940211 0.0041369721088 -0.0122288286403 0.0194092659061 0.0163151490876 0.0084805664892 0.00548718225247 0.00637941488651 0.00146759192791 0.00725356065216 0.00262594814732 0.00992372314041 -0.00351177043383 0.00430860699779 -0.000231795045362 0.021170372161 0.000468109903672 -0.00764764180849 0.0123094361136 0.0121138047281 0.00580082499115 
-0.000811198699392 0.0267809640302 -0.00914377099135 0.0227677986569 0.016060314644 0.0149771220993 -0.00235817906308 0.196485920173 0.00414505842593 0.00899155277181 0.00864691450811 0.00668244560487 0.0164140627718 0.00136607687972 0.0124745883963 0.00959083006893 -0.000324566621542 0.0134564065912 0.00322888227273 0.0117872906114 -0.00892913535824 0.0169099952133 0.00265817545925 0.00253977187444 0.0112770852976 -0.00460293551843 0.0133905261664 0.0115896182274 0.000658840957658 0.00716381691635 0.00677624942088 0.0155193522633 0.0188593630812 0.0198236506724 -0.00046261086735 -0.00148495230407 0.015792566543 0.00539982499267 0.0120222846107 0.00546332036314 
-0.00795605492133 0.0372524190737 0.258881530586 0.00864732551366 0.0104733137822 0.039359334706 0.026817097872 0.00414505842593 0.442453360327 0.0401770973281 0.0374173709374 0.0324820112015 0.0241315780436 0.0179226169463 0.0378292916531 0.0123155360787 0.0260088274245 0.0522078912017 0.0212943617461 0.0499938660872 0.0266900873591 0.0187673176777 0.047838900993 0.0355849066992 0.0471187381393 0.0907593742806 0.0434348191488 0.0533311420208 0.0324916146551 -0.00127693626101 0.050647788154 0.0201746385837 0.0110996814777 0.0157550432255 0.0259869540671 0.0612663613838 0.0300179517436 0.0265329889431 0.0722694281491 0.0188167587387 
0.00750473077743 -0.00777059378777 0.047577916506 0.0147988011096 0.0201728491225 0.0378613132758 -0.00489386752249 0.00899155277181 0.0401770973281 2.07786889777 0.00681457221383 0.00929664233619 -0.00918883651815 0.010370515414 0.0211016297985 0.050546781355 0.00481368005151 0.00975062862487 0.0234028715383 -0.00706070894323 0.0346118336138 -0.00127088025436 0.0169442233619 0.0319212101459 0.0337675015084 0.0346996714947 0.00824964177781 0.0901712267065 0.00878509213313 0.016597245401 0.0456768167904 -0.0149652589555 0.00490344136377 0.00243293874804 0.0163614967706 0.0465156677512 0.0130260459976 0.0261613479325 0.00849536271018 -0.00301963168649 
0.00449058013253 0.0179309763489 0.0379233885905 0.0212658114489 0.0205614502163 0.0355780985479 0.000124112284555 0.00864691450811 0.0374173709374 0.00681457221383 0.237708779359 0.0192489832239 0.0242182187976 0.0152622599275 0.0438389053719 0.0361763973958 0.0229899998725 0.0317143498928 0.0248408259087 0.0338578028192 0.029863234909 0.0199313128698 0.0286205003416 0.0149837825838 0.028466889772 0.0134733097089 0.023670902355 0.0443204289847 0.015782928243 0.0133431772062 0.0332716435825 0.00782638555972 0.0142046075071 0.0281888968136 0.0233163349858 0.0416621182714 0.0272937476506 0.0360871674975 0.00971769985038 0.0253190467186 
0.0244404405597 0.0343914518974 0.0390259919393 0.0214250415161 0.0196947559089 0.0231989566541 0.0204112961041 0.00668244560487 0.0324820112015 0.00929664233619 0.0192489832239 0.172620589549 0.00876977474852 0.00620968558483 0.0143224055905 0.0202591625412 0.00604078481011 0.0102000558895 0.00507783038163 0.0309315728924 0.0121626405346 0.0408427165382 0.00950405139741 0.0265284081703 0.0241054791472 0.0282357294348 0.0226916795525 0.0183539890277 0.0179237691084 0.00955802444485 0.0312422871798 0.0605194231191 0.0384709542283 0.00881135001375 0.0128912743008 0.026330256697 0.013593463903 0.0123063144544 0.0268539914341 0.0120311521944 
0.0140937289668 0.0184266050968 0.037045244932 0.0169569434191 0.0154683304563 0.0100037528562 0.0103453971302 0.0164140627718 0.0241315780436 -0.00918883651815 0.0242182187976 0.00876977474852 0.314068434606 -0.00188632217583 0.00146005075737 0.00181707045613 0.0136711600127 0.0371046994905 0.00563598772568 0.0245069581521 0.00631265400687 0.000983815143078 0.0071732896126 0.00808622686875 0.00525282624525 0.0158241741614 0.00318124808369 0.0217041020626 0.0185003405974 0.0066653615107 0.0253536713543 -0.0117902331859 0.0014081556047 0.0117888178586 0.0710893274266 0.000595275383606 0.0123614064371 -0.00796013655174 0.0201747659386 0.000262151185235 
-0.00251057709464 -0.000726255932608 0.0236844463037 0.0220225574167 0.00604603056991 0.00143419548115 0.011015336808 0.00136607687972 0.0179226169463 0.010370515414 0.0152622599275 0.00620968558483 -0.00188632217583 0.220918897648 0.00560719238898 0.0161205275467 0.00190782799273 0.00374382414903 -0.00162435138492 0.0063576943433 0.00530612923914 0.00447707699925 -0.00623927465024 -0.0135876872195 0.0227461629837 0.00705888200092 0.00919214940753 0.00534120250141 -0.00814127679266 0.00496922101615 0.0093271533759 -0.00755047721815 0.00185498884942 0.0295787308398 0.00631472510725 -0.000972112368 0.011333103997 -0.00592600386941 0.00878382253535 0.0076542215429 
-0.00839339465031 0.00757483147628 0.0261616350924 0.0116516222659 0.0116312639973 0.0334919329752 0.0102328086534 0.0124745883963 0.0378292916531 0.0211016297985 0.0438389053719 0.0143224055905 0.00146005075737 0.00560719238898 0.230691936005 0.0347204326595 0.0163761906686 0.0489877550028 -0.00840119941879 0.0264432075914 -0.00282908986328 0.0186874537859 0.0245533614545 0.0226091728306 0.00785337567421 0.0261837470605 0.0205693818022 0.0162220878326 0.018780076124 0.014065045396 0.00810106644842 0.00117341745032 0.0194669728607 0.00166834210369 0.0180492060098 0.0469200124304 0.0145212967141 0.0241863259885 0.0229647651035 0.00861588648355 
0.00226941969099 0.0164791608077 0.00549653812391 -0.0108998673615 0.0166684496203 0.0738439161205 0.000515498901217 0.00959083006893 0.0123155360787 0.050546781355 0.0361763973958 0.0202591625412 0.00181707045613 0.0161205275467 0.0347204326595 1.2410108448 0.0562359262424 0.0298315511154 0.0115486062207 0.0282163732897 0.0255776055225 0.00826016223481 0.0491115445982 0.0650435372643 0.0185586191098 0.0411999267537 0.00952808479453 0.0380362919249 0.0780984685727 -0.00373334016975 0.0191115640409 0.0110247353563 0.0158401020325 0.00928565995157 0.0332341638904 0.0638421797101 0.0479029580311 0.0567237940214 0.0339028981069 0.0554113721124 
0.0139003528844 -0.00449759233831 0.0471754754273 -0.0100303710579 0.00375160776799 0.0600315177431 0.0134178022495 -0.000324566621541 0.0260088274245 0.00481368005151 0.0229899998725 0.00604078481011 0.0136711600127 0.00190782799273 0.0163761906686 0.0562359262424 0.494532997357 0.0648761717166 0.02837874517 0.0235019256628 0.032999506291 0.010498414629 0.0461630692391 0.00182924031544 0.0213504699961 0.0265294989391 0.0174833323019 0.0765439646795 0.00684132254468 -0.00651912186054 0.0275300274599 0.00547658305145 0.0127179121851 0.0225914826464 0.0375496949231 0.0206729716216 0.0275444702775 0.00734555510181 0.023824396977 0.00366128114307 
-0.00620035341795 0.0281540493714 0.0384805565784 0.0149255891557 0.015114853704 0.0863087556775 0.0101360970072 0.0134564065912 0.0522078912017 0.00975062862487 0.0317143498928 0.0102000558895 0.0371046994905 0.00374382414903 0.0489877550028 0.0298315511154 0.0648761717166 0.565136833788 -0.00136356203544 0.0311012204079 0.0214679163558 0.0090652749005 0.0512874927373 0.0218390864127 0.0271162347295 0.0509658859583 0.0228653637136 0.0963991668908 0.037479722111 0.0146139094129 0.0201846146478 0.000234595630047 0.0119534232019 0.0295458123873 0.0310388775717 0.0486608404173 0.0234003304914 0.0235436983578 0.0587318145234 -0.00931222674836 
-0.00161053296411 0.0224761994199 0.0142659460763 -0.00278851013914 0.00984847754701 0.00703997760667 0.0213413978874 0.00322888227273 0.0212943617461 0.0234028715383 0.0248408259087 0.00507783038163 0.00563598772568 -0.00162435138492 -0.00840119941879 0.0115486062207 0.02837874517 -0.00136356203544 0.600117363011 0.00680236269407 0.0179486819693 -0.00070407779041 0.0173954806227 -0.0146947634049 -0.00155979822236 0.0441154111068 0.0233188262408 0.0351933695282 0.0239386917246 0.0116760060499 0.00271900406074 0.015380576134 -0.000407427005139 0.0351194853368 0.00937566413082 0.00241752665295 0.00964114242585 0.0205876899356 0.000913901788785 -0.0119788147195 
0.00716604469135 0.0051977796357 0.0541452647531 -0.00272949489879 0.0127207039205 0.0422931984722 0.00130904940211 0.0117872906114 0.0499938660872 -0.00706070894323 0.0338578028192 0.0309315728924 0.0245069581521 0.0063576943433 0.0264432075914 0.0282163732897 0.0235019256628 0.0311012204079 0.00680236269407 0.241074389732 0.014198070839 0.00601749380887 0.0381121991388 0.00753666513428 0.0335288021241 0.015349812673 0.0586980159047 0.0247379405272 0.045609916451 0.0101193485694 0.0499891559708 0.01518284248 0.0280997193665 0.0128729055982 0.0199824087881 0.0530888028478 0.0298015519661 0.0380349267508 0.0383317347575 0.0190955876463 
-0.00745382668216 0.0508579339969 0.0242501690859 0.0304530686226 0.00666691571603 0.0143172269654 0.0041369721088 -0.00892913535824 0.0266900873591 0.0346118336138 0.029863234909 0.0121626405346 0.00631265400687 0.00530612923914 -0.00282908986328 0.0255776055225 0.032999506291 0.0214679163558 0.0179486819693 0.014198070839 0.510254095716 0.00626373546586 -0.000455858975705 -0.00344538329702 0.0146234108374 0.0413772362792 0.0114736579425 0.0159774921052 0.0154062374373 0.0131240860579 0.0167977361834 0.0284377624338 0.00844786524854 0.0353789425103 0.0102722283327 0.0064270964935 0.0320966918382 0.021124018758 0.011312592707 0.0476406875031 
-0.00970710930924 0.0122265947741 0.0158775507442 0.0163960787869 0.00263984444863 0.0140738819363 -0.0122288286403 0.0169099952133 0.0187673176777 -0.00127088025436 0.0199313128698 0.0408427165382 0.000983815143078 0.00447707699925 0.0186874537859 0.00826016223481 0.010498414629 0.0090652749005 -0.00070407779041 0.00601749380887 0.00626373546586 0.181262772828 0.00956552045009 0.0205481610212 0.0315954391145 0.0303451575092 0.0171212026627 0.0048909198805 0.0100652874227 0.00438744150551 0.0144457910328 0.0180631668281 0.0453266224251 -0.00381912873899 0.0176186924572 0.0166402305094 0.00795462024066 0.00888383323675 0.0167250023128 0.00670049640483 
-0.00247130679152 0.0462991311982 0.0470475756617 0.00532225845551 0.0100482761673 0.0335617512754 0.0194092659061 0.00265817545925 0.047838900993 0.0169442233619 0.0286205003416 0.00950405139741 0.0071732896126 -0.00623927465024 0.0245533614545 0.0491115445982 0.0461630692391 0.0512874927373 0.0173954806227 0.0381121991388 -0.000455858975705 0.00956552045009 0.397811371327 0.00830887854058 0.0143440266305 0.041809184409 0.031230620126 0.040220689726 0.0330723007795 0.00630504450319 0.0173312283213 -0.00648948013893 0.0179155875693 0.0231453267036 0.0221436602037 0.049425785394 0.0203260935818 -0.00411676275384 0.0066163502896 0.00597577231056 
0.0371943790048 0.00122502708252 0.0246662462321 0.00944924360656 0.00140998026888 0.0177514577526 0.0163151490876 0.00253977187444 0.0355849066992 0.0319212101459 0.0149837825838 0.0265284081703 0.00808622686875 -0.0135876872195 0.0226091728306 0.0650435372643 0.00182924031544 0.0218390864127 -0.0146947634049 0.00753666513428 -0.00344538329702 0.0205481610212 0.00830887854058 0.339961438072 0.00581413443161 0.143429710435 -0.000398401965332 -0.00703810066073 0.00449144994966 -0.0082209869713 0.0135382861797 0.0160024293484 0.0154989741166 -0.00460753359061 0.0104815288985 0.0269132340409 0.00673276931788 -0.0305092168701 0.0106287103233 0.00086577690272 
-0.00282990112255 0.0294925753571 0.0453803084958 0.0154868029931 0.0163552316318 0.0306718116513 0.0084805664892 0.0112770852976 0.0471187381393 0.0337675015084 0.028466889772 0.0241054791472 0.00525282624525 0.0227461629837 0.00785337567421 0.0185586191098 0.0213504699961 0.0271162347295 -0.00155979822236 0.0335288021241 0.0146234108374 0.0315954391145 0.0143440266305 0.00581413443161 0.230169025542 0.0305301595642 0.0151859554563 0.0266446895302 0.0117645511451 0.00536199218111 0.0798179658165 0.023650493694 0.0137694593581 0.00338951828101 0.00876079738337 0.0292444043151 0.0334269029359 0.00802301011151 0.0389931217293 -0.00301164398884 
0.0241068793319 0.00107147982277 0.0599112305335 -0.0104968988939 -0.000147368472614 0.0118285052755 0.00548718225247 -0.00460293551843 0.0907593742806 0.0346996714947 0.0134733097089 0.0282357294348 0.0158241741614 0.00705888200092 0.0261837470605 0.0411999267537 0.0265294989391 0.0509658859583 0.0441154111068 0.015349812673 0.0413772362792 0.0303451575092 0.041809184409 0.143429710435 0.0305301595642 0.540504686542 -0.00704531888817 0.0133729754095 -0.000269664867613 0.00388021521125 0.0212755278464 0.0504935465793 0.0194740953181 0.0296643225839 -0.000706657382032 0.044212827142 0.0363184518474 0.00794420116272 0.0093293687157 0.00310285384036 
-0.000840283876201 0.0242575227516 0.0368342244753 0.0173112251995 0.012323938307 0.024374290029 0.00637941488651 0.0133905261664 0.0434348191488 0.00824964177781 0.023670902355 0.0226916795525 0.00318124808369 0.00919214940753 0.0205693818022 0.00952808479453 0.0174833323019 0.0228653637136 0.0233188262408 0.0586980159047 0.0114736579425 0.0171212026627 0.031230620126 -0.000398401965332 0.0151859554563 -0.00704531888817 0.216392358709 0.020217017591 0.0180882442866 0.00719692251365 0.0303355022851 0.0232539584404 0.031024636663 0.0215235991149 0.0154160396588 0.0181300776242 0.0186061657298 0.0168850599115 0.0417079703725 0.0207960824719 
0.00490784963405 0.0029280847331 0.0608871622876 0.0118280304488 0.0113530228652 0.108811304974 0.00146759192791 0.0115896182274 0.0533311420208 0.0901712267065 0.0443204289847 0.0183539890277 0.0217041020626 0.00534120250141 0.0162220878326 0.0380362919249 0.0765439646795 0.0963991668908 0.0351933695282 0.0247379405272 0.0159774921052 0.0048909198805 0.040220689726 -0.00703810066073 0.0266446895302 0.0133729754095 0.020217017591 0.529488895276 0.0061408426128 0.00357640294246 0.0323654696811 -0.00295222759276 0.0300802215074 0.0274025170046 0.00868376863019 0.0399406167195 0.020516476452 0.00818413477973 0.0312612901481 -0.0096869158759 
-0.0126616711869 -0.000728386713533 0.0371171780091 0.00297341239376 0.0120465764917 0.0441143717032 0.00725356065216 0.000658840957658 0.0324916146551 0.00878509213313 0.015782928243 0.0179237691084 0.0185003405974 -0.00814127679266 0.018780076124 0.0780984685727 0.00684132254468 0.037479722111 0.0239386917246 0.045609916451 0.0154062374373 0.0100652874227 0.0330723007795 0.00449144994966 0.0117645511451 -0.000269664867614 0.0180882442866 0.0061408426128 0.475370826741 0.0176466135637 0.0218584600512 -0.0107246938668 0.00846797535026 0.0129073716211 0.0237709592726 0.0336177250203 0.021062610867 0.310353863979 0.0304929252844 0.0213832708195 
-0.00530300369569 0.00579374941353 0.00235903174011 0.0190847345446 0.0181815211816 0.00600441895114 0.00262594814732 0.00716381691635 -0.00127693626101 0.016597245401 0.0133431772062 0.00955802444485 0.0066653615107 0.00496922101615 0.014065045396 -0.00373334016975 -0.00651912186054 0.0146139094129 0.0116760060499 0.0101193485694 0.0131240860579 0.00438744150551 0.00630504450319 -0.00822098697129 0.00536199218111 0.00388021521125 0.00719692251365 0.00357640294246 0.0176466135637 0.128320988565 0.0163874175945 0.0118842438537 0.0130116107893 0.0158748979205 0.0102172039771 -0.00344490771157 0.0141374220338 0.00752981627351 -2.34214961092e-05 0.0168683893796 
-0.00657844013705 0.0534439745874 0.0388549651138 0.0491929917036 0.0186143154223 0.0121112981946 0.00992372314041 0.00677624942088 0.050647788154 0.0456768167904 0.0332716435825 0.0312422871798 0.0253536713543 0.0093271533759 0.00810106644842 0.0191115640409 0.0275300274599 0.0201846146478 0.00271900406074 0.0499891559708 0.0167977361834 0.0144457910328 0.0173312283213 0.0135382861797 0.0798179658165 0.0212755278464 0.0303355022851 0.0323654696811 0.0218584600512 0.0163874175945 0.222773261885 -7.65637867641e-05 0.0312603922293 0.00808267984987 0.0180387708279 0.0386124282173 0.0277807089146 -0.00154285843477 0.0197239137439 0.0206419816955 
0.0105448189171 0.0336726859686 0.0282626003781 0.000489257861411 0.015144275599 0.0199245822008 -0.00351177043383 0.0155193522633 0.0201746385837 -0.0149652589555 0.00782638555972 0.0605194231191 -0.0117902331859 -0.00755047721815 0.00117341745032 0.0110247353563 0.00547658305145 0.000234595630047 0.015380576134 0.01518284248 0.0284377624338 0.0180631668281 -0.00648948013893 0.0160024293484 0.023650493694 0.0504935465793 0.0232539584404 -0.00295222759276 -0.0107246938668 0.0118842438537 -7.65637867642e-05 0.465402120398 0.0085729286296 -0.00249408132061 0.0190986586297 0.00271185195889 0.00690559154492 0.00494832370855 -0.00784837194429 0.0142786949944 
0.00574489586997 0.0104659041655 0.0211348221129 0.0253401825088 0.0148436690223 0.00119897996462 0.00430860699779 0.0188593630812 0.0110996814777 0.00490344136377 0.0142046075071 0.0384709542283 0.0014081556047 0.00185498884942 0.0194669728607 0.0158401020325 0.0127179121851 0.0119534232019 -0.000407427005138 0.0280997193665 0.00844786524854 0.0453266224251 0.0179155875693 0.0154989741166 0.0137694593581 0.0194740953181 0.031024636663 0.0300802215074 0.00846797535026 0.0130116107893 0.0312603922293 0.0085729286296 0.183349260533 0.0124453157617 0.0120974840811 0.0191656405577 -0.00766590396575 0.0151152655333 0.00212599060801 0.0198382213114 
-0.000133638286453 0.0116169160337 0.0255116020148 0.0189608968419 0.00816449480682 0.0201403542267 -0.000231795045359 0.0198236506724 0.0157550432255 0.00243293874804 0.0281888968136 0.00881135001375 0.0117888178586 0.0295787308398 0.00166834210369 0.00928565995158 0.0225914826464 0.0295458123873 0.0351194853368 0.0128729055982 0.0353789425103 -0.00381912873899 0.0231453267036 -0.00460753359061 0.00338951828101 0.0296643225839 0.0215235991149 0.0274025170046 0.0129073716211 0.0158748979205 0.00808267984987 -0.00249408132061 0.0124453157617 0.286992191548 0.0235239966166 0.00529051045098 0.00606383924589 0.00933803159444 0.0126184697104 0.0124864339689 
0.000676900950282 0.0167870332748 0.0282292910054 0.00806052873404 0.00926427913654 0.0724412317844 0.021170372161 -0.00046261086735 0.0259869540671 0.0163614967706 0.0233163349858 0.0128912743008 0.0710893274266 0.00631472510725 0.0180492060098 0.0332341638904 0.0375496949231 0.0310388775717 0.00937566413082 0.0199824087881 0.0102722283327 0.0176186924572 0.0221436602037 0.0104815288985 0.00876079738337 -0.000706657382032 0.0154160396588 0.00868376863019 0.0237709592726 0.0102172039771 0.0180387708279 0.0190986586297 0.0120974840811 0.0235239966166 0.569091983059 0.00577417743829 0.011035130162 0.0404658006434 0.0524706622264 0.00997065443634 
0.00287808900682 0.0193210026362 0.0586463746215 0.0191812883714 0.0123920761493 0.0377433614163 0.000468109903671 -0.00148495230407 0.0612663613838 0.0465156677512 0.0416621182714 0.026330256697 0.000595275383606 -0.000972112368 0.0469200124304 0.0638421797101 0.0206729716216 0.0486608404173 0.00241752665295 0.0530888028478 0.0064270964935 0.0166402305094 0.049425785394 0.0269132340409 0.0292444043151 0.044212827142 0.0181300776242 0.0399406167195 0.0336177250203 -0.00344490771157 0.0386124282173 0.00271185195889 0.0191656405577 0.00529051045098 0.00577417743829 0.257181962509 0.0485869247831 0.028460382259 0.0228939208613 0.0187328296875 
0.00443038851085 0.0687738697001 0.0417482859694 -0.0118972074263 0.00864106001351 0.014017129828 -0.00764764180849 0.015792566543 0.0300179517436 0.0130260459976 0.0272937476506 0.013593463903 0.0123614064371 0.011333103997 0.0145212967141 0.0479029580311 0.0275444702775 0.0234003304914 0.00964114242585 0.0298015519661 0.0320966918382 0.00795462024066 0.0203260935818 0.00673276931787 0.0334269029359 0.0363184518474 0.0186061657298 0.020516476452 0.021062610867 0.0141374220338 0.0277807089146 0.00690559154492 -0.00766590396575 0.0060638392459 0.011035130162 0.0485869247831 0.297427893296 0.017891962099 0.0234137588813 0.0145939482738 
-0.00226993690043 -0.00619214743571 0.0257104512875 0.0158161956346 0.00892842865933 0.0127390679767 0.0123094361136 0.00539982499267 0.0265329889431 0.0261613479325 0.0360871674975 0.0123063144544 -0.00796013655174 -0.00592600386941 0.0241863259885 0.0567237940214 0.00734555510181 0.0235436983578 0.0205876899356 0.0380349267508 0.021124018758 0.00888383323675 -0.00411676275384 -0.0305092168701 0.00802301011151 0.00794420116272 0.0168850599115 0.00818413477973 0.310353863979 0.00752981627351 -0.00154285843477 0.00494832370855 0.0151152655333 0.00933803159444 0.0404658006434 0.028460382259 0.017891962099 0.804241356275 0.0361117617378 0.0175500530468 
-0.00433909180551 0.0401397146781 0.065532537691 0.0178357896566 0.00628273099279 0.0125898394686 0.0121138047281 0.0120222846107 0.0722694281491 0.00849536271018 0.00971769985038 0.0268539914341 0.0201747659386 0.00878382253536 0.0229647651035 0.0339028981069 0.023824396977 0.0587318145234 0.000913901788784 0.0383317347575 0.011312592707 0.0167250023128 0.00661635028959 0.0106287103233 0.0389931217293 0.0093293687157 0.0417079703725 0.0312612901481 0.0304929252844 -2.34214961089e-05 0.0197239137439 -0.00784837194429 0.00212599060801 0.0126184697104 0.0524706622264 0.0228939208613 0.0234137588813 0.0361117617378 0.334923128684 -0.00887510597084 
0.0178958738697 0.00323401253418 0.0244508882598 0.0119124175119 0.00958377954327 0.0319019301354 0.00580082499115 0.00546332036314 0.0188167587387 -0.00301963168649 0.0253190467186 0.0120311521944 0.000262151185235 0.0076542215429 0.00861588648355 0.0554113721124 0.00366128114307 -0.00931222674836 -0.0119788147195 0.0190955876463 0.0476406875031 0.00670049640483 0.00597577231056 0.00086577690272 -0.00301164398884 0.00310285384036 0.0207960824719 -0.0096869158759 0.0213832708195 0.0168683893796 0.0206419816955 0.0142786949944 0.0198382213114 0.0124864339689 0.00997065443634 0.0187328296875 0.0145939482738 0.0175500530468 -0.00887510597084 0.39984053528 

['FRX', 'AVP', 'PHM', 'BOL', 'KO', 'ALTR', 'NKE', 'MKC', 'KBH', 'BRCM', 'PX', 'GAS', 'HRB', 'TAP', 'HON', 'CIEN', 'SUNW', 'LSI', 'NOVL', 'MEL', 'SNA', 'PNW', 'HPQ', 'MUR', 'PSA', 'SUN', 'SNV', 'XLNX', 'LXK', 'PEP', 'PLD', 'DJ', 'FE', 'MMC', 'DDS', 'PH', 'BLL', 'WAT', 'LTD', 'CMX']