60
0.0538205376978 0.0383245101253 0.0896788789081 0.0179151897049 0.0272516352802 0.0335346879574 0.110783759143 0.0314514366364 0.0253746335001 0.0325349378307 0.0429032651101 0.0442487549982 0.106415927512 0.0246645675501 0.0447966226616 0.015652967587 0.065735385914 0.0418020448473 0.164482556217 0.0486664598358 0.0437869579852 0.0424048973372 0.0629738483482 0.0528259349661 0.0631385093148 0.019144788815 0.0191748751409 0.0874158444094 0.188050706821 0.169485482474 0.0155341374053 0.0784336943662 0.148705689344 0.200970993098 0.121001700606 0.0850489592031 0.129241945615 0.0522856391002 0.0412963652708 0.022286409141 0.0773240107923 0.0664901393557 0.0449680709256 0.128413882411 0.0180781461794 0.0672535079153 0.0707348977441 0.0223482457603 0.0651633165571 0.0218855159469 0.0791308905459 0.0354646018646 0.0188066159349 0.0253425298527 0.0852779749864 0.0151091702759 0.0540864966038 0.0420146984796 0.0678674292734 0.0936563270582 
0.274555557533 0.023702175033 0.0269442221051 0.00410532919415 0.00293704340473 0.00791725888272 -0.00319492699632 0.0397566025415 0.00810647082351 0.0214788478867 0.00632796772452 -0.000542398667211 0.00768954656402 0.0450718922584 0.0272880130226 0.0140844187392 0.0403790849055 0.0155762238451 -0.00412083855658 0.0163983697045 0.0415860501576 0.0170268013078 0.0136843157 0.0313679570617 0.017255537671 0.020411536384 0.0121459694292 0.014613507736 0.0206497803581 0.0256756667076 0.0277492962425 0.00619485843094 0.00957099781957 -0.0103289334749 0.0404740086883 0.0192523402839 0.00322399041086 0.0324235277399 0.016407081946 0.0140000374569 0.0361741675962 0.0907390786433 0.0121728546656 0.00847123706404 0.0196930203404 0.0281012385009 0.0229695537809 0.0396520802117 0.0139443739626 0.0109648349692 0.0111954659042 0.000892863504454 0.0142955929526 0.012879983658 0.00990582279254 0.0124015143461 0.0110514089193 0.0196429603534 0.00845861383858 0.0310690799439 
0.023702175033 0.321042860541 0.027737686913 0.00440683070391 0.0229937432736 0.00861943534378 0.03178742111 0.0253830969778 0.0217259976102 0.000768488037617 0.0223276988163 0.00871394267721 0.0566925741706 0.0217801464034 0.0381805307422 0.0140286657475 0.0196525662122 0.0106318105717 0.00556619715009 0.018978910064 0.0212530440464 0.00576136453725 -0.00362909007954 0.0193316879164 0.0111400955946 0.0319903816132 0.01294516958 0.013675166874 0.0270251732483 0.00781908276731 0.0106557558093 0.0130504522864 0.00816410135557 -0.00120538323491 0.00670933346524 0.0174881443057 -0.0144869668719 0.0127075848914 0.0118010021524 0.0137879617685 0.04807562586 0.0379744686352 0.0185227936977 0.0309736194271 0.00130429734799 0.0477413523891 -0.000338850832631 0.0223043342474 -0.00211868375071 0.0104547990821 0.00398929809881 -0.00322697725912 0.0271396910567 0.00521589378876 0.0188644207265 0.00786070023197 0.0147729874258 0.019461267638 0.0377556450222 0.00525014883665 
0.0269442221051 0.027737686913 0.534907880994 -0.00396856153539 0.0186180387253 -0.00763325001952 0.082585701557 0.0194894793916 0.0329143736702 0.00544322675173 0.0377248534985 0.0190612793327 0.05316171183 0.0204547843315 0.0278126643059 0.0342085110047 0.0179626042419 0.0250293375114 0.0128763280328 0.0156987079055 0.0124730420087 0.0103198871651 -0.00300326031391 0.0246948347133 0.0370948689699 0.00799293661136 0.0139426757056 0.0120493394308 0.0390166001154 0.00713785078583 -0.00313703085718 -0.00845539082404 0.0586464662286 0.0349094428912 -0.00338528699637 0.0441004642902 0.00113727886799 0.011191819543 -0.00527729533181 0.00105427160987 0.0426013314414 0.0304107107294 0.00766182726501 0.0266699388822 0.0140737138066 0.0337565755847 0.0280886939861 0.0219254832776 0.00712013806052 0.00520000487482 0.0356759350278 0.00374715623552 0.00440482837195 0.0195606583808 -0.00260859653795 0.0127904537925 0.0394522070483 0.0274341901782 0.0328749968231 0.104149418834 
0.00410532919415 0.00440683070391 -0.00396856153539 0.303267392204 -0.00626992228266 0.00862022840274 0.0192323439488 0.00907571969306 -0.000948965652849 -0.00248046986162 0.000591294595733 0.0259857842005 4.82656655257e-05 0.011128788249 0.0206243836755 0.0128020436259 0.00311030847243 0.00626840718018 0.00418932054106 0.0147988376292 -0.00604014926412 -0.00450792687375 0.0135313787236 0.0154817864653 0.00811915985817 0.00296737528196 0.0143199051645 0.004379273826 0.000244171459303 -0.00852296793499 0.0119473271167 0.00310200641156 0.0287412971347 0.0539210892141 -0.000579574898271 0.00275716037173 0.0109743658515 0.00984557306664 0.025264983197 0.00171717983454 0.0225190583912 0.0159552597269 0.013861726086 0.0136745669454 0.00848463923715 0.00916492329608 0.0111645985199 0.00937486069371 0.00941480887373 0.00386901436753 0.00417860636982 0.012823117948 0.0116592657407 -0.00205049415917 0.0341182658555 0.00641286790017 0.00305042683505 0.0143906217633 0.0211237566133 0.0207351824296 
0.00293704340473 0.0229937432736 0.0186180387253 -0.00626992228266 0.185954623599 0.00664450609847 0.00532030421928 0.0160005984606 0.00859080916052 0.0204570924349 0.00889954227544 0.00112745294474 0.0185594475034 0.00730954373116 0.00524109275363 -0.00118214606272 0.00141504769362 0.00602012364275 0.127710460631 0.0185950997957 0.00934206623862 0.0131377581755 0.00549551965532 0.00481096774558 0.00486164586709 0.00632161670009 0.0170731143859 0.0141638968549 0.0280723895175 0.000225866630426 -0.0017933272705 0.0107703521547 -0.00865735390177 0.0207445971096 0.0051414841118 0.00237776785977 0.00429017547208 -0.000732486470873 0.0086198813127 -0.00188894943563 -0.00512028770161 0.0111868789815 -0.00351366372148 0.0104922454363 -0.00141098756831 0.0085760396615 -0.00124720533917 0.0125797396835 -0.000220627173486 0.00751387916278 0.0036958518418 0.0138945656346 0.00296627476631 0.007438338982 0.0127055980481 0.0202685778507 0.00382877507 -0.000438596057299 0.0168262074455 0.00684433777636 
0.00791725888272 0.00861943534378 -0.00763325001952 0.00862022840274 0.00664450609847 0.229052582135 0.0559464862578 -0.00210448762743 0.00700842655527 0.0122297560484 0.0123711584515 -0.00481232752697 0.0111196739436 0.0156092450262 0.00978502470582 0.00669761762572 0.00898491122751 0.0101759781858 -0.00170836086177 6.50614295415e-05 0.0185166057823 0.0124940303481 -0.000305231028272 0.0101197199015 0.00385535924519 0.0118406200749 0.0100139142465 0.0444899467835 -0.00297329475648 0.00336596063813 0.00153952320889 0.0222051127686 0.0117358934192 0.021149363504 0.00133983137934 0.0163849473826 0.0069527977178 0.00486409316845 0.0120886105698 0.00642031846842 0.013896263827 0.0225713810646 0.0158649353929 0.00758485188664 0.0118258303362 0.00236957934482 -0.00651715974442 0.0230697714842 0.0175869750038 -0.000158582007245 0.0144701428262 0.00810244044346 0.00342493059264 0.00851263299749 0.00375775101595 0.0147586386142 0.0108176057954 0.00583481083216 -0.000893780771272 -0.00996657160575 
-0.00319492699632 0.03178742111 0.082585701557 0.0192323439488 0.00532030421928 0.0559464862578 0.457334263625 0.0123449955565 0.0143396097634 0.02089521259 0.043704673021 0.0331995179142 0.0812293885733 0.021344081151 0.0439947353608 0.0246568794955 0.0372894254908 0.0403201353287 0.014468697965 0.0203060658051 0.0121364413074 0.0138690634952 0.0248522697715 0.0435460648387 0.0307221566543 0.00952006563488 0.0200802850793 0.0757574365368 0.0563385709028 0.0244537206216 0.00347538185041 0.0283332226461 0.0728609798258 0.0461330233527 -0.00259709106565 0.0145031906025 0.0133858683149 0.0499676181813 0.0219992823102 0.0146447337102 0.0573963080735 0.0294762797187 0.0248039847388 0.0454008547234 0.0211300280901 0.0371454456244 0.012754763924 0.0361476693519 0.0235316809925 -0.000932811900137 0.0377120737762 -0.00113052898163 0.0257809068459 0.0264860323824 0.0163616296246 0.0180797165207 0.0217258128678 0.0324808300515 0.0502804783911 0.0250270892034 
0.0397566025415 0.0253830969778 0.0194894793916 0.00907571969306 0.0160005984606 -0.00210448762743 0.0123449955565 0.170735326488 0.009431598069 0.0193324413158 0.0238947573375 0.0104094298433 0.0111793073728 0.0479459290631 0.0155194363879 0.0152910106 0.0281349649568 0.0167413674648 -0.00537299544011 0.00433651034624 0.0258510741376 0.00388032008289 -0.00125879201178 0.0230118913018 0.00537108571433 0.0283855385599 0.0274684444303 0.00194300002673 0.00544965188508 -0.0046068760441 0.0189963486925 0.019049006191 0.0127915338288 0.00712836565906 0.00969593950764 0.0169966154629 0.0041179968502 0.0193444768573 0.0195284449972 -0.00327668466953 0.039232796158 0.0506784847109 0.0173849004581 0.00714982288776 0.0257183475255 0.0183723055954 0.0225922427932 0.0303300256324 0.0240619389771 0.00299943984853 0.0143269452298 0.0260998436466 0.0116935228047 0.00892861478571 0.0261237677225 0.00421865921694 0.0152206250806 0.0241391498049 0.0276263274113 0.0318106795445 
0.00810647082351 0.0217259976102 0.0329143736702 -0.000948965652849 0.00859080916052 0.00700842655527 0.0143396097634 0.009431598069 0.281683697582 0.0171288139063 0.00731772737007 0.00673320912778 0.0257032989578 0.00800590497335 0.0192568244095 0.0222916449085 0.0288493222901 0.0214887160166 -0.00339919855889 0.0107099536169 0.00798113653502 0.0142524264988 0.0130557672438 0.0127819568799 0.0280256587294 0.0332899080081 0.00530944356471 0.0119346654208 0.0333601804975 -0.00336655472774 0.0171351429664 0.000639033414698 0.0309810832527 0.0172232875296 0.0190604149614 0.0144673530294 0.0266227843061 0.00578456906027 0.0014185854724 0.00449536195428 0.0180737829224 0.0193897737499 0.0100649230804 0.0154033823777 0.00569195786645 0.0168830791729 -0.00430380417782 0.00937481224779 -0.000800150171527 0.00190527897955 0.0221879016252 0.000616221738422 0.00519753812235 0.0107476821203 0.0215009607186 0.0111407541126 0.0183219543214 0.0156747243972 0.0310759118803 0.0229978899804 
0.0214788478867 0.000768488037616 0.00544322675173 -0.00248046986162 0.0204570924349 0.0122297560484 0.02089521259 0.0193324413158 0.0171288139063 0.28056242527 0.0118846159448 -0.0075296071629 0.0252412815229 0.0185181715712 0.0135666480397 0.0290385356586 0.0216353079832 0.0167460423318 0.00061116938649 0.0037956968654 0.027582574541 0.0116736255932 -0.006694104426 0.0381072150555 -0.00928317638648 0.0140932375725 0.0130327039473 0.0470164509818 0.0385390310473 -0.00112632904576 0.012459571573 0.0298693079707 -0.0039852873461 0.031355866709 0.00358333220003 -0.003183079324 0.0235070960013 -0.00324216772877 0.00778922914606 -0.00311684194551 0.0200009735304 0.0213548987068 -0.00423130605777 -0.00279028468688 -0.00347149334928 0.00355166561429 0.00896979357483 -0.00291980080736 0.00913015060623 -0.00125017883768 0.0098680481238 0.0122164447933 -0.00386005045932 0.00238245320831 0.0388790530834 -0.00371488149789 0.00104482918861 0.00688155452836 0.0130462870075 0.00906278978503 
0.00632796772451 0.0223276988163 0.0377248534985 0.000591294595735 0.00889954227544 0.0123711584515 0.043704673021 0.0238947573375 0.00731772737007 0.0118846159448 0.253214058538 0.0145155154977 0.00791126836335 0.0114946914911 0.0288021636165 0.0081086548754 0.0751113804196 0.00939772277389 0.00828141384599 0.0204043269234 0.0286055247516 0.00506856904378 0.0125263622374 0.0218366418202 0.0218999586093 0.0276886380094 0.0118984081129 0.0153112375182 0.0755795738692 0.0257762237714 0.007916076204 0.0231440372016 0.0339423154229 -0.00942368967027 0.00595154137354 0.00579441698362 0.0272543306476 0.037716182965 0.00613323599353 0.00176458355532 0.0317897412834 0.0207206460571 0.0449833178163 0.0218367831027 0.0198267491034 0.00452632942711 -0.00447124391068 0.0124046074528 0.012846445965 -0.00165520277974 0.00660925845099 -0.000193221608765 0.0118427972443 0.00755744858413 0.0320554920303 0.0166692937295 0.0155162750802 0.028356344094 0.0165696032734 0.0115057173105 
-0.000542398667212 0.00871394267721 0.0190612793327 0.0259857842005 0.00112745294474 -0.00481232752697 0.0331995179142 0.0104094298433 0.00673320912778 -0.0075296071629 0.0145155154977 0.257600159101 0.0196802632494 0.010763554425 0.0108893109615 0.00749329817267 -0.00954071243513 0.00491341930269 0.0148189736242 0.0060360368917 -0.00297934684857 0.0055113311161 -0.00482693251945 0.0227860700993 0.0340162191331 0.0083955542131 0.0135687996707 0.0360932810899 0.0211091425016 0.00759630383937 0.00703566073282 0.00077062270772 0.0868832035015 0.0103388111344 0.0220874503417 0.0173358146051 0.0162522900861 0.0193104871439 0.0181913121099 -0.00212244913045 0.00755456720639 0.00915952161173 0.0081794445145 -0.00552655061851 -0.00191368444685 0.028009075814 0.026412820003 0.0129059111517 0.0195025761601 0.000240869781319 0.00869464282948 0.00940297032312 0.0178345413928 0.0157390864463 0.0118711432363 0.00549514390113 -0.000713455315309 3.8661845702e-05 0.0190762654017 0.0119263436005 
0.00768954656402 0.0566925741706 0.05316171183 4.82656655257e-05 0.0185594475034 0.0111196739436 0.0812293885733 0.0111793073728 0.0257032989578 0.0252412815229 0.00791126836335 0.0196802632494 0.603760642123 0.0104905420279 0.0343125118254 0.03914121637 0.0159782472411 0.0468997971349 0.00552461543402 0.0292753213549 0.00803069957859 0.0122276928246 0.0275827047201 0.0102287031224 0.0307928894172 0.0274829684129 0.00874490018223 0.0279466210193 0.0332011697563 -0.0010853373168 0.0085558952356 0.0726453217851 0.0526689751534 -0.0287642392058 0.0023197981398 0.0324195117338 0.00219869830961 0.0294749479783 0.00036214943569 -0.00464970651225 0.0560845308206 0.0360428585556 0.000614941206976 0.0447127474465 0.00399780712511 0.0258115849981 0.00848436354967 0.009325092745 0.0205763491959 -0.00936938280494 0.0268366584862 0.0167630859302 0.00828684384813 0.0180223276905 -0.00289067902088 0.00237750256941 0.0213775215547 0.0233702258766 0.019425069857 0.0216991838713 
0.0450718922584 0.0217801464034 0.0204547843315 0.011128788249 0.00730954373116 0.0156092450262 0.021344081151 0.0479459290631 0.00800590497335 0.0185181715712 0.0114946914911 0.010763554425 0.0104905420279 0.160772365786 0.0205101822017 0.000296199017421 0.0158187538546 0.0226277830826 -0.000689629826145 0.00435934512204 0.0167020874289 0.00792008877027 -0.00329281539242 0.0259697735528 0.00478901039899 0.0130270426658 0.0296978028223 -0.00187874666145 0.00756597654808 0.0116585115417 0.0132659540806 0.0135172697739 0.00976662705 0.00303536555154 0.00868405941334 0.0173893876107 -0.00312697371107 0.0179319221715 0.00501556384067 0.002223911578 0.0337036905475 0.0396161528266 0.0284140820104 0.0112576051409 0.0076640157283 0.0197237001592 0.0141041937477 0.0364408384113 0.0110953622336 0.00968419083099 0.00535624175933 0.0113571538108 0.00408944408057 0.0135780670093 0.0174611574192 0.0211717887445 0.0202313079092 0.0145501131804 0.00644886838366 0.0164931573669 
0.0272880130226 0.0381805307422 0.0278126643059 0.0206243836755 0.00524109275363 0.00978502470582 0.0439947353608 0.0155194363879 0.0192568244095 0.0135666480397 0.0288021636165 0.0108893109615 0.0343125118254 0.0205101822017 0.260602490713 0.0330990270859 0.0298164466159 0.00452441208929 -0.00326476602026 0.00490912960454 0.0228532152004 0.0127970609572 0.00234772495192 0.0315654323813 0.00611076239129 0.0185038828379 0.0139735578258 0.0245820015265 0.0465471224131 0.0177939372465 0.0206066795413 0.0148162378699 0.0469992550569 0.00700667000059 0.0124895103033 0.0208131480426 0.00976036062414 0.0135861224683 0.00271007825053 0.0110094188699 0.0541072953678 0.0276925858234 0.0235699933745 0.00561549944617 0.0220287137272 0.0379269292153 0.00500246934141 0.0062746744269 -0.00726613859026 0.0154264556612 -0.00275189785001 0.00567791087609 0.0166486916271 0.0147017470602 0.0385269565383 0.0152269674058 0.0197896007652 0.0108544153246 0.0542728964763 0.00695887149308 
0.0140844187392 0.0140286657475 0.0342085110047 0.0128020436259 -0.00118214606272 0.00669761762572 0.0246568794955 0.0152910106 0.0222916449085 0.0290385356586 0.0081086548754 0.00749329817267 0.03914121637 0.000296199017422 0.0330990270859 0.219508485334 0.00789416855999 0.0260331916402 0.00107212054386 -0.0039904551636 0.00484769332176 -0.00752022105903 0.00370349934579 0.0150810398354 0.0216632567001 0.0273356312167 0.0103784131319 0.00929220443685 0.0239691933206 0.0139279596624 0.0188438463804 0.0250121085716 0.0105565389712 0.0277401865046 -0.00245063186087 0.0167148906256 0.025325777199 0.0233852663938 -0.00237676713786 0.00915380719505 0.01839987792 0.0215936744029 0.00663989416898 0.008568415494 0.0106346380247 0.0317157970154 0.00195790154003 0.00502162868309 0.00268475637677 0.0144128942004 -0.0016636562777 0.00167469068699 0.0248636946912 0.00770223688473 0.0307022235554 0.00773491777019 0.00632456877429 0.0159902174059 0.0208708462274 0.0262854147709 
0.0403790849055 0.0196525662122 0.0179626042419 0.00311030847243 0.00141504769362 0.00898491122751 0.0372894254908 0.0281349649568 0.0288493222901 0.0216353079832 0.0751113804196 -0.00954071243513 0.0159782472411 0.0158187538546 0.0298164466159 0.00789416855999 0.42035351471 0.00124897762914 -0.0139049485702 0.00506259144603 0.0100045066975 0.0130695569976 -0.000452700745233 0.0173277460322 0.0149204965282 0.0120460876373 0.00741466063201 0.00140039835145 -0.000461385204727 0.0191629225038 0.00587700335215 0.0259863842728 0.0406001185535 -0.0237838182678 0.00484218987818 0.0264750119643 -0.000200931100335 0.041620277049 -0.00362138115523 0.0144851076294 0.00941762983826 0.0384958165396 0.0320448876348 0.0207084191669 0.00675828808586 0.0124566148399 0.00731733923629 0.0152605710883 0.0127077225869 -0.00878302826715 0.0368594972719 -0.00357320730598 0.011690715855 0.0131030708534 0.00607398995522 0.0234278172283 0.0231911346551 0.0191116997116 0.024831605715 0.0191125192508 
0.0155762238451 0.0106318105717 0.0250293375114 0.00626840718018 0.00602012364275 0.0101759781858 0.0403201353287 0.0167413674648 0.0214887160166 0.0167460423318 0.00939772277389 0.00491341930269 0.0468997971349 0.0226277830826 0.00452441208929 0.0260331916402 0.00124897762914 0.244741914578 -0.00727697080026 0.0238861349562 0.0126876328977 0.009156280527 0.023285950803 0.018784230873 0.022542987172 0.0240069653114 0.0252942164959 -0.0111759368957 0.0442178193953 0.0228138291878 -0.00667906782036 0.0017298647126 0.0307397892722 0.015038889236 0.013895680521 0.0103744961103 0.0136614758762 0.0212535809631 0.0127452603738 0.0119565295306 0.0576757127228 0.0299544067912 0.0286687186802 0.0177797823243 0.00723893981868 0.0275117405448 -0.00690756553667 0.0107961790549 0.0268676873028 0.00438438044787 0.0111155112157 0.0125230876478 0.00447436571714 0.0138207191316 0.023398506889 0.00604458403833 0.00128032953916 0.0223760427015 0.0256215406646 0.0312511779772 
-0.00412083855658 0.00556619715009 0.0128763280328 0.00418932054106 0.127710460631 -0.00170836086177 0.014468697965 -0.00537299544011 -0.00339919855889 0.00061116938649 0.00828141384599 0.0148189736242 0.00552461543402 -0.000689629826145 -0.00326476602026 0.00107212054386 -0.0139049485702 -0.00727697080026 1.89002277082 0.0109012686202 -0.0163239465378 0.0021623997024 0.0415248118697 -0.00145428788187 0.0165741481805 -0.00193636874857 0.000655595737882 0.0093429234648 0.0116699734086 0.00832894071051 -0.00518494917837 -0.0294696042512 0.0163506920265 -0.00550676095468 0.0290293576602 -0.0147567305874 0.00290699868865 -0.000105264093606 -0.0120205254698 -0.00619546446289 0.00377181969968 -0.0135292275498 -0.00989057769733 -0.0228824992132 -0.00148478061137 0.00654113843109 0.0129098797828 0.02089901275 -0.00189248481811 0.000123257613786 0.010273587376 -0.0111247636958 -0.00865030056117 -0.00547276650583 -0.0210532568937 -0.0165161085181 -0.00338527703105 -0.000816086998062 0.0155524007359 -0.00560050236035 
0.0163983697045 0.018978910064 0.0156987079055 0.0147988376292 0.0185950997957 6.50614295413e-05 0.0203060658051 0.00433651034624 0.0107099536169 0.0037956968654 0.0204043269234 0.0060360368917 0.029275321355 0.00435934512204 0.00490912960454 -0.0039904551636 0.00506259144603 0.0238861349562 0.0109012686202 0.307875201369 0.0128889213553 0.0470766586157 0.00843682769253 0.0140034757367 0.00292304020296 0.0162267147492 0.0289024463546 0.00318287839909 -0.0028752896271 0.0362547590303 0.0068081544232 0.0184255150893 0.0139946233917 -0.00288908615619 0.00802476857902 0.0052297659795 0.0325171374007 -0.000491924418014 0.0180562759602 0.0118538043385 0.00500489111466 0.0197620010373 0.00278639984683 0.0196075799582 0.00762173843125 0.0185461332251 0.0041938761525 0.0136457775429 0.0115152691967 0.00522778631811 0.000145311415367 0.02154840239 0.0164492572536 0.00671857205724 0.00552551461309 0.00467793247954 0.00637461585779 0.0116408300821 0.0133869967287 0.0100864121299 
0.0415860501576 0.0212530440464 0.0124730420087 -0.00604014926412 0.00934206623862 0.0185166057823 0.0121364413074 0.0258510741376 0.00798113653502 0.027582574541 0.0286055247516 -0.00297934684857 0.00803069957859 0.0167020874289 0.0228532152004 0.00484769332176 0.0100045066975 0.0126876328977 -0.0163239465378 0.0128889213553 0.249773935618 -0.000363519643084 0.00313466276031 0.0240123667726 0.00633748700208 0.0137062519596 0.0110186283827 0.0120201573815 0.017839027726 0.018618194598 0.00672927919166 0.0406789648419 -0.00346970195652 -0.0119665719066 0.0120884399137 0.0340856619197 0.015108185594 0.0127930889865 0.019586190718 0.00376776850796 0.0187310206615 0.0299218313957 0.0283831775744 0.0168520024901 0.00723128523826 0.00104306072742 0.0132816224887 0.0104787575467 0.025090969118 0.00803312919658 0.00352747163426 0.0250431929647 0.0127375659165 -0.0022939809999 0.100419452836 0.00595993495422 0.00812175468953 0.00441002166349 0.00471789406331 -0.0132311034178 
0.0170268013078 0.00576136453725 0.0103198871651 -0.00450792687375 0.0131377581755 0.0124940303481 0.0138690634952 0.00388032008289 0.0142524264988 0.0116736255932 0.00506856904378 0.0055113311161 0.0122276928246 0.00792008877027 0.0127970609572 -0.00752022105903 0.0130695569976 0.009156280527 0.0021623997024 0.0470766586157 -0.000363519643084 0.393262530196 -0.00309929394481 0.0178928115479 0.00774536063513 0.0109558182081 -0.00967538223028 -0.00790548127174 -0.00649132102996 0.00348568946725 -0.00943302243931 0.00769936548829 0.0214974134909 0.0105574678591 0.00477235925403 0.00373554366813 0.00849498748855 0.006331387904 0.0135665794617 0.00949710457854 0.0333216992888 0.00325807015712 0.00538064358288 0.0255495579119 0.0102700547563 -0.00568224879036 -0.0194599514146 0.0161151829629 0.0242126310853 0.011173989159 0.0115281697281 -0.00810704481134 0.00308483077129 0.0212585335379 0.0209391342369 0.0195221878748 0.00892165460184 0.0062876115722 0.00702001120807 -0.0279858179959 
0.0136843157 -0.00362909007954 -0.00300326031391 0.0135313787236 0.00549551965532 -0.000305231028272 0.0248522697715 -0.00125879201178 0.0130557672438 -0.006694104426 0.0125263622374 -0.00482693251945 0.0275827047201 -0.00329281539242 0.00234772495192 0.00370349934579 -0.000452700745234 0.023285950803 0.0415248118697 0.00843682769253 0.00313466276031 -0.00309929394481 0.341064384407 -0.0112937422444 0.00693244846434 0.0125637753434 -0.00663104783966 0.0121431796762 0.014378442791 0.00364635875675 0.0114905205261 0.00897823075014 -0.00368664629698 0.00122038772935 0.0731165398175 0.0144655771325 0.0321083678287 0.0353237515901 -0.000850783282382 0.0132577573984 0.020344595001 -0.002974359471 -0.00385732531219 0.128435022312 0.0102700787432 0.0151427795497 0.0171703085146 -0.00719385213099 0.0394215973175 0.0200238993087 -0.00306983759818 0.0154322955165 -0.0022138749425 0.00484270232496 -0.0072265187231 0.00409386530693 0.0168890274495 0.0284754419725 -0.00105073787033 0.013053740121 
0.0313679570617 0.0193316879164 0.0246948347133 0.0154817864653 0.00481096774558 0.0101197199015 0.0435460648387 0.0230118913018 0.0127819568799 0.0381072150555 0.0218366418202 0.0227860700993 0.0102287031224 0.0259697735528 0.0315654323813 0.0150810398354 0.0173277460322 0.018784230873 -0.00145428788187 0.0140034757366 0.0240123667726 0.0178928115479 -0.0112937422444 0.283810672434 0.00197001884668 0.0145990012576 0.03119043769 0.0073613087778 0.0307905081722 0.0254798326487 0.00668300912105 0.00896412544928 0.0158524093414 0.0162570837669 -0.0124719448336 0.0167074235398 0.00593162485076 0.00291522256996 0.00954967486418 -0.00485354216139 0.0248770884434 0.0194794678215 0.00992697407243 0.00243503789153 0.00791643314114 0.00251111883425 0.00273920405619 0.028388121081 0.014772024348 0.00589617801913 -0.00728586457278 0.00919445202246 0.0184724968615 0.00871648839541 0.0108643642184 0.0153415886292 0.0163495514129 0.0181710589209 0.0200472869607 0.0294854048648 
0.017255537671 0.0111400955946 0.0370948689699 0.00811915985816 0.00486164586709 0.00385535924519 0.0307221566543 0.00537108571433 0.0280256587294 -0.00928317638648 0.0218999586093 0.0340162191331 0.0307928894172 0.00478901039899 0.00611076239129 0.0216632567001 0.0149204965282 0.022542987172 0.0165741481805 0.00292304020296 0.00633748700207 0.00774536063513 0.00693244846434 0.00197001884668 0.352924430136 0.019921031045 0.0075312179456 0.102671420211 0.017733665225 0.026965971753 0.00498869999079 -0.000136712625001 0.0278542819855 0.0321555302718 -0.000873127787291 0.0472665102477 0.014801609327 0.0481550443147 0.00647245250489 0.00201136032967 0.0362102533375 0.0121704100282 0.0131179496672 0.035049583656 -0.00102185571116 0.0207364026833 0.0153592457465 -0.00219104771377 0.0227055852892 0.00426718219164 -0.00195416142677 0.00756552251851 0.0308644486361 0.011463098757 0.0118169750943 0.0108884840341 0.00265899564351 0.00435569560675 0.0258879070377 0.0247128687881 
0.020411536384 0.0319903816132 0.00799293661136 0.00296737528196 0.0063216167001 0.0118406200749 0.00952006563488 0.0283855385599 0.0332899080081 0.0140932375725 0.0276886380094 0.0083955542131 0.0274829684129 0.0130270426658 0.0185038828379 0.0273356312167 0.0120460876373 0.0240069653114 -0.00193636874857 0.0162267147492 0.0137062519596 0.0109558182081 0.0125637753434 0.0145990012576 0.019921031045 0.215669817102 0.0218852212929 0.00486390296555 0.0211264221858 0.0190623181322 0.0107002568222 0.0155287330597 0.00510722626213 0.00166984367067 0.023779443832 0.0211710403173 -0.00293473687928 0.0147772540438 0.0135100429988 0.0114309260923 0.0655267563421 0.039943464064 0.0218003710949 0.0108558836247 0.00622699037216 0.0476990472845 0.0196829307273 0.0249899474055 0.0112802725179 0.00740928353281 0.0119380042326 0.00772787696342 0.0465730751809 0.0173325188713 0.0195445492683 0.0186067701447 0.0147871129811 0.00449924665778 0.0315574062966 0.0112412089862 
0.0121459694292 0.01294516958 0.0139426757056 0.0143199051645 0.0170731143859 0.0100139142465 0.0200802850793 0.0274684444303 0.00530944356471 0.0130327039473 0.0118984081129 0.0135687996707 0.00874490018223 0.0296978028223 0.0139735578258 0.0103784131319 0.00741466063201 0.0252942164959 0.000655595737882 0.0289024463546 0.0110186283827 -0.00967538223028 -0.00663104783966 0.03119043769 0.0075312179456 0.0218852212929 0.173688614624 -0.00117171024293 0.0229301604298 0.00628968312111 0.0116526450509 0.0170107599943 0.00203243316455 0.0201431661973 0.027121398804 0.00935177826903 0.0154234731463 0.010802311798 0.000177188204627 0.00795624610597 0.0207467461453 0.0243726678599 0.0206573790933 0.00748882486183 0.00286339282173 0.0194078508366 0.0141010763706 0.0193272553606 0.0134665835755 -0.00228677238585 0.000312694868437 0.0101342372302 0.0221647345732 0.0116944900892 0.0127112981351 0.018345527838 0.00639958347658 0.0185727404697 0.0205692983088 0.0112983871616 
0.014613507736 0.013675166874 0.0120493394308 0.004379273826 0.0141638968549 0.0444899467835 0.0757574365368 0.00194300002673 0.0119346654208 0.0470164509818 0.0153112375182 0.0360932810899 0.0279466210193 -0.00187874666145 0.0245820015265 0.00929220443685 0.00140039835145 -0.0111759368957 0.0093429234648 0.00318287839909 0.0120201573815 -0.00790548127174 0.0121431796762 0.0073613087778 0.102671420211 0.00486390296555 -0.00117171024293 0.540155534911 0.0158726086197 0.000441223332969 0.00856940482521 0.0156953325888 0.0120740704362 0.0691974813697 0.00881991225471 0.0297643549126 0.0216778621403 0.00556470920588 0.0105686889758 0.00721379905339 0.00135778010097 0.00170118388962 0.00720752104465 0.0195864811707 4.4891862913e-05 0.0116288336426 -0.00120993230953 -0.00120301164535 -0.00192183157371 0.00619639687563 0.00642856069437 -0.0146039265285 0.01729775904 -0.00726267166438 0.0229250604663 0.00284885411011 0.00902054056283 0.00923113600158 0.0100582905407 0.0266605802315 
0.0206497803581 0.0270251732483 0.0390166001154 0.000244171459303 0.0280723895175 -0.00297329475648 0.0563385709028 0.00544965188508 0.0333601804975 0.0385390310473 0.0755795738692 0.0211091425016 0.0332011697563 0.00756597654808 0.0465471224131 0.0239691933206 -0.000461385204727 0.0442178193953 0.0116699734086 -0.0028752896271 0.017839027726 -0.00649132102996 0.014378442791 0.0307905081722 0.017733665225 0.0211264221858 0.0229301604298 0.0158726086197 1.00721056658 -0.0133085333077 -0.00237936164842 0.000564780245362 0.0544771486188 0.0404473038739 0.0205911804885 0.0409793335384 0.00963883717616 0.0234294495051 -0.00206287466331 0.0407145182432 0.0350276762086 0.0155775497124 0.00907866775725 0.0333756176612 -0.00235568366592 0.0209532641638 0.0308405677579 0.00841628546812 0.00062927444657 0.00697791758673 0.0170788526148 0.00265416780689 0.0160215024215 0.0305736167905 -0.00240533116917 0.0224898833274 0.026012310688 0.0148134806759 0.0264995907358 0.0161631547793 
0.0256756667076 0.00781908276731 0.00713785078583 -0.00852296793499 0.000225866630426 0.00336596063813 0.0244537206216 -0.0046068760441 -0.00336655472774 -0.00112632904576 0.0257762237714 0.00759630383937 -0.0010853373168 0.0116585115417 0.0177939372465 0.0139279596624 0.0191629225038 0.0228138291878 0.00832894071051 0.0362547590303 0.018618194598 0.00348568946725 0.00364635875675 0.0254798326487 0.026965971753 0.0190623181322 0.00628968312111 0.000441223332969 -0.0133085333077 0.669284136447 0.00776659095311 -0.0187954788766 0.028359766968 0.0352597980393 0.0378890974401 0.00974503879412 0.00554979924785 0.0639258914098 -0.0127798692773 -0.011229344638 0.0104725846922 0.0146545164065 0.0159989005523 0.0422997367127 0.000116456783238 0.00567015068948 -0.00120677588742 0.00622027157838 0.039235016998 0.0112386496123 0.0156837274497 0.0132412802029 0.0153010757014 -0.00593030593431 0.0416112748172 0.0092390059447 -0.00974578625333 0.0370852525004 0.019081940603 0.0389733210933 
0.0277492962425 0.0106557558093 -0.00313703085718 0.0119473271167 -0.0017933272705 0.00153952320889 0.0034753818504 0.0189963486925 0.0171351429664 0.012459571573 0.007916076204 0.00703566073282 0.0085558952356 0.0132659540806 0.0206066795413 0.0188438463804 0.00587700335215 -0.00667906782036 -0.00518494917837 0.0068081544232 0.00672927919165 -0.00943302243931 0.0114905205261 0.00668300912105 0.00498869999079 0.0107002568222 0.0116526450509 0.00856940482521 -0.00237936164842 0.00776659095311 0.185559944546 0.0124803422277 0.00184140645838 0.00311382138335 0.00428461413166 0.000418732933884 0.0143939312975 0.0145817881135 0.00404488956423 0.0162554974644 0.00412533988542 0.00150885785857 0.00648367408864 0.0156520862406 0.00707721173112 0.0107385910592 -0.00134900694107 0.001712164723 0.00724018980208 0.00641710739475 0.0104265295296 0.0018057857349 0.0148821847279 0.00965823906785 0.0125371313884 -0.00491031265618 0.00652930061036 0.00460056011931 0.0154782075378 0.0109582889006 
0.00619485843094 0.0130504522864 -0.00845539082404 0.00310200641156 0.0107703521547 0.0222051127686 0.0283332226461 0.019049006191 0.000639033414697 0.0298693079707 0.0231440372016 0.00077062270772 0.0726453217851 0.0135172697739 0.0148162378699 0.0250121085716 0.0259863842728 0.0017298647126 -0.0294696042512 0.0184255150893 0.0406789648419 0.00769936548829 0.00897823075014 0.00896412544928 -0.000136712625001 0.0155287330597 0.0170107599943 0.0156953325888 0.000564780245361 -0.0187954788766 0.0124803422277 0.350039334691 -0.0130277890471 0.00590187360513 0.0351202648044 0.00835252187152 0.0453234961962 0.00527135059324 0.0154816906765 -0.00143089460044 0.0152565476986 0.0211815400757 0.0152027123378 -0.0113296520872 0.0048804152574 -0.00164687644947 0.0259122498156 0.00413823425631 0.0116186716869 0.00874136198615 -0.00795568522423 0.018651419886 -0.00186734363582 0.0106455759763 0.0613987661635 0.011263939034 0.00631288218904 0.0172760916052 -0.00137854737567 0.00225544950359 
0.00957099781957 0.00816410135557 0.0586464662286 0.0287412971347 -0.00865735390177 0.0117358934192 0.0728609798258 0.0127915338288 0.0309810832527 -0.0039852873461 0.0339423154229 0.0868832035015 0.0526689751534 0.00976662705 0.0469992550569 0.0105565389712 0.0406001185535 0.0307397892722 0.0163506920265 0.0139946233917 -0.00346970195652 0.0214974134909 -0.00368664629698 0.0158524093414 0.0278542819855 0.00510722626213 0.00203243316455 0.0120740704362 0.0544771486188 0.028359766968 0.00184140645838 -0.0130277890471 0.630097063716 0.0256537181182 0.0225530610558 0.0520895693205 0.0178112455799 0.0207721696941 0.0113985416668 -0.00152037347038 0.0300455201209 -0.000442652429513 0.00778704555174 0.0265679764347 0.00877761722625 0.0230337824159 0.0319502795076 0.0147088450666 0.00619980729303 0.0104419281736 -0.00349015263805 0.0029874484865 0.00885183621423 0.0131584708889 -0.000837278328303 -0.00502383496734 0.0166953341985 0.0043202466998 0.0141729976834 0.0351068950211 
-0.0103289334749 -0.00120538323491 0.0349094428912 0.0539210892141 0.0207445971096 0.021149363504 0.0461330233527 0.00712836565906 0.0172232875296 0.031355866709 -0.00942368967027 0.0103388111344 -0.0287642392058 0.00303536555154 0.00700667000059 0.0277401865046 -0.0237838182678 0.015038889236 -0.00550676095468 -0.00288908615619 -0.0119665719066 0.0105574678591 0.00122038772935 0.0162570837669 0.0321555302718 0.00166984367067 0.0201431661973 0.0691974813697 0.0404473038739 0.0352597980393 0.00311382138335 0.00590187360513 0.0256537181182 0.919694694551 0.0107211230294 0.0273265851504 0.00550290848252 0.0253723370804 -0.00325514500229 0.00721169022819 0.0403255893529 -0.0148975438496 0.00452787229975 0.015286318272 -0.0204805221438 0.0109665662845 0.00796705392274 0.0170388682252 0.0156193788791 0.00461523429512 -0.0168040536299 0.021842348394 0.0163516606367 0.0106787328991 0.0130376747653 0.00629372325469 0.0002398339708 -0.00705640639064 0.0200241918093 -0.0100578735016 
0.0404740086883 0.00670933346524 -0.00338528699637 -0.000579574898271 0.0051414841118 0.00133983137934 -0.00259709106565 0.00969593950764 0.0190604149614 0.00358333220003 0.00595154137354 0.0220874503417 0.0023197981398 0.00868405941334 0.0124895103033 -0.00245063186087 0.00484218987818 0.013895680521 0.0290293576602 0.00802476857902 0.0120884399137 0.00477235925403 0.0731165398175 -0.0124719448336 -0.000873127787292 0.023779443832 0.027121398804 0.00881991225471 0.0205911804885 0.0378890974401 0.00428461413166 0.0351202648044 0.0225530610558 0.0107211230294 0.725781603851 0.0455238007253 0.0442461926358 0.035951564322 0.0363333791731 0.0102954772449 0.0608011777348 0.0330648384503 0.0112840702356 0.0764472091117 -0.00195937351985 0.00770350208828 0.0142481216809 0.011065934144 0.0465084621666 0.0176457530853 -0.00296003375442 0.0527875164566 0.0197889774327 0.0241616204293 0.0156472393435 0.0135090580014 0.0214674855896 0.0215704512177 0.0130216078207 0.0026587699676 
0.0192523402839 0.0174881443057 0.0441004642902 0.00275716037173 0.00237776785977 0.0163849473826 0.0145031906025 0.0169966154629 0.0144673530294 -0.003183079324 0.00579441698362 0.0173358146051 0.0324195117338 0.0173893876107 0.0208131480426 0.0167148906256 0.0264750119643 0.0103744961103 -0.0147567305874 0.0052297659795 0.0340856619197 0.00373554366813 0.0144655771325 0.0167074235398 0.0472665102477 0.0211710403173 0.00935177826903 0.0297643549126 0.0409793335384 0.00974503879412 0.000418732933885 0.00835252187152 0.0520895693205 0.0273265851504 0.0455238007253 0.714092375765 0.0162237616748 0.0159055575598 0.0377627778882 0.00419508739714 0.0409664170486 0.0285283243514 0.00759390422358 0.0657658539943 0.00383917403589 0.0174133281741 0.00298753445271 -0.00256869619811 0.0112044878178 0.0401292295486 0.0188198234672 0.00799642449335 0.0475726094698 0.0227015136432 0.00623579836902 0.00147504670416 0.00498172082016 -0.00654914949697 0.0206571487668 0.0324235826922 
0.00322399041087 -0.0144869668719 0.00113727886799 0.0109743658515 0.00429017547208 0.0069527977178 0.0133858683149 0.0041179968502 0.0266227843061 0.0235070960013 0.0272543306476 0.0162522900861 0.00219869830961 -0.00312697371107 0.00976036062414 0.025325777199 -0.000200931100335 0.0136614758762 0.00290699868865 0.0325171374007 0.015108185594 0.00849498748855 0.0321083678287 0.00593162485076 0.014801609327 -0.00293473687928 0.0154234731463 0.0216778621403 0.00963883717616 0.00554979924785 0.0143939312975 0.0453234961962 0.0178112455799 0.00550290848252 0.0442461926358 0.0162237616748 0.563110615615 0.00911396364602 -0.000647692536822 0.00183881058207 0.00598325898691 0.00061958900035 0.0108791050878 0.0449026085454 0.000430966217739 -0.00875019214038 0.0255918891218 0.00892024312059 0.0374842930221 0.00608045312297 0.00307323908872 0.0229627826289 0.00129394886061 0.0116423268911 0.00784212210916 -0.00567666427107 0.014286044223 0.0181545084039 0.0185758818879 0.0318495373313 
0.0324235277399 0.0127075848914 0.011191819543 0.00984557306664 -0.000732486470873 0.00486409316845 0.0499676181813 0.0193444768573 0.00578456906027 -0.00324216772877 0.037716182965 0.0193104871439 0.0294749479783 0.0179319221715 0.0135861224683 0.0233852663938 0.041620277049 0.0212535809631 -0.000105264093606 -0.000491924418014 0.0127930889865 0.006331387904 0.0353237515901 0.00291522256996 0.0481550443147 0.0147772540438 0.010802311798 0.00556470920588 0.0234294495051 0.0639258914098 0.0145817881135 0.00527135059324 0.0207721696941 0.0253723370804 0.035951564322 0.0159055575598 0.00911396364602 0.284232082066 0.00290107537519 -0.00707006030797 0.0454045858349 0.0275911819456 0.0187428397009 0.0229770883436 0.00518862934778 0.0137112113129 0.00810738787632 0.0140905437689 0.000201826986105 0.00473605436419 0.0109428536911 -0.00376211135538 0.0059041704443 0.0133560966903 0.0189876859011 0.0150063713613 0.0149422145195 0.0187591829305 0.023319817598 -0.00743727720767 
0.016407081946 0.0118010021524 -0.00527729533181 0.025264983197 0.0086198813127 0.0120886105698 0.0219992823102 0.0195284449972 0.00141858547239 0.00778922914607 0.00613323599353 0.0181913121099 0.00036214943569 0.00501556384067 0.00271007825053 -0.00237676713786 -0.00362138115523 0.0127452603738 -0.0120205254698 0.0180562759602 0.019586190718 0.0135665794617 -0.000850783282384 0.00954967486418 0.00647245250489 0.0135100429988 0.000177188204627 0.0105686889758 -0.00206287466331 -0.0127798692773 0.00404488956423 0.0154816906765 0.0113985416668 -0.00325514500229 0.0363333791731 0.0377627778882 -0.000647692536822 0.00290107537519 0.239529577754 -0.00506977652026 0.00948125671375 0.025714951072 0.0126150010729 0.00208329167294 0.00812461385675 0.0208069744964 -0.00874704903787 0.0186362783947 0.0198402339903 0.00624695951152 0.00866201130515 0.0114816041096 0.00890608101222 0.0151815817958 0.0196910576332 0.000361458272621 5.18490344835e-05 0.0137428802798 0.0126676082912 -0.00370725837569 
