40
0.042606905642 0.0582377086348 0.005148759701 0.070265204238 0.037496284255 0.0766878163077 0.127416862275 0.0545934085328 0.0220144037379 0.169485482474 0.0357111585815 0.0253746335001 0.0388313797841 0.0324915821016 0.0383245101253 0.0418020448473 0.0161403943775 0.0297343435849 0.164482556217 0.239728898705 0.147407151382 0.0733521468466 0.112290577846 0.0743441041655 0.0782010317916 0.0291248595558 0.0396471392927 0.0296866664977 0.0388241127613 0.0394797478448 0.0952892642352 0.125871369107 0.0501483555771 0.0054327763703 0.074230100705 0.163811268696 0.148169679735 0.0309081568087 0.0151091702759 0.0449016594387 
0.243182732128 0.0109636662299 0.0345029181554 0.0114137973127 0.018267687281 0.0284748459126 0.0222446713217 0.035290661271 0.00587174710409 0.0223981905929 0.031010306372 0.00320528099024 0.0231676354275 0.00467169575671 0.018184023817 0.0164264764225 0.00276170429184 0.00661095208713 0.00328844819444 0.031332461724 0.0136351703537 0.0218387047748 0.0354674807568 0.0162022701806 0.00520500654172 0.0114037185643 0.0133965631544 0.0272310788015 0.00567718824021 0.0142033047433 0.0712322660767 0.0253753594478 0.0261243383119 0.0135457688329 0.0451364473655 0.00640061103058 -0.00114682321455 0.0308966321526 0.0137834499452 0.0208536109756 
0.0109636662299 0.466309483633 0.0194819386987 -0.0124455738901 0.0207376833014 0.0167118274208 0.00120635056245 0.0168387345239 0.0133719184379 0.00898134160477 0.0192237729011 0.00841062476851 0.0216976658004 -0.00382057123975 0.00784152680992 0.0160369786536 0.0127390501142 0.00597245627889 -0.00263482082793 0.0118506349224 -0.00260085512131 0.0233414436347 -0.00659131883946 0.00941912868 0.00305335409466 0.00983730116605 0.0111006563249 0.0184578650045 0.0176908740773 0.0205227561818 0.00302551921991 -0.00515915538262 0.0187668049082 0.00967847423882 0.0214101264676 -0.0149578588362 0.0199114714115 0.0196947349231 0.0172664538873 0.0145379059474 
0.0345029181554 0.0194819386987 0.231673461115 -0.00537892424069 0.0227567780604 0.00440411585748 -0.00301255875449 0.00528113565871 0.0131988935804 0.0148646303882 0.0123168839601 0.0116069710991 0.00384971006313 0.00518462774126 0.00813271432749 0.00514145172076 0.00744848922275 0.009537079501 -0.0079273906055 0.0105968818628 -0.00697215247787 0.0113058518615 0.0044438597464 -0.00405738725859 0.00343757904698 0.00431109282801 0.0116291065688 0.00135956843097 0.00187251044469 0.0132570424976 0.0283256265563 -0.00260071491843 0.00734981937482 0.01909823682 0.0302450487532 -0.00488218041618 -0.00701808689138 0.016553466443 0.00248358412135 -0.00668625132941 
0.0114137973127 -0.0124455738901 -0.00537892424069 0.981567379237 0.0189781358226 0.00749329465912 0.0123803412098 -0.000460912258401 -0.00185974065899 0.039997802246 0.0103689025576 0.00230802254269 0.008503803385 0.0112360280961 -0.00568041256484 -0.000905232897212 0.00388218883032 0.0116846444718 -0.0116424251951 0.0206707932594 0.0253500379645 0.00464180039675 0.0359311620917 0.00178816173188 0.00869251089427 -0.000688474979892 0.0110494162022 0.00600678116785 0.0181879242415 0.00214510344642 -0.0044963548665 0.00472146953902 0.00981051573424 0.0086882180541 0.0216490659341 0.013556667688 0.00311951988157 0.00881322607136 0.0203990805267 0.00653466815752 
0.018267687281 0.0207376833014 0.0227567780604 0.0189781358226 0.235337449057 0.0220695124305 0.0193980893438 0.0192853536659 0.027260635442 0.0235212578541 0.0374996778392 0.0126479284251 0.00628658868077 0.00536098333322 0.0369507879757 0.0174444609501 0.00661903523439 0.00232119516826 0.00119622429735 0.0171556836841 0.00695859461891 0.0622847045642 0.0251491880178 0.0188155935729 0.0363963091046 -0.0101461586235 0.0190609804114 0.0293317899248 0.0291147360509 0.0381975144214 0.0300039452751 -0.00614055379155 0.0122725951178 0.0204825618662 0.0206781071415 0.0264122665093 0.0132298131626 0.0220398373603 0.0126305143888 0.0245684939801 
0.0284748459126 0.0167118274208 0.00440411585748 0.00749329465911 0.0220695124305 0.440231793546 0.0278041432662 0.0532267289206 0.00367556982671 0.00182789775153 0.0221983351544 0.0415726691044 0.011928425056 0.035067681278 0.0156106967448 0.0359459948756 0.0110491331155 0.0507538568509 0.0140518560176 0.148638219596 0.02092754899 -0.0106160097465 0.0543500631831 0.0342060816006 0.0472852791232 0.0058612803758 0.0158457654013 0.0362913752609 0.0249156544901 0.0254615391369 0.035477696161 0.0208924685195 0.0263984793378 0.0107351654888 0.0514872880885 0.00986609478444 0.0253288999147 0.0249711680372 0.0160907462758 0.0646689182109 
0.0222446713217 0.00120635056245 -0.00301255875449 0.0123803412098 0.0193980893438 0.0278041432662 0.419067887687 0.0454031289701 0.0171896524607 0.0545773877865 0.0185775360572 0.0292495963316 0.0090756217767 0.017029679504 0.00971164874512 0.0222422632358 -0.00680513020626 0.0161565391026 0.025275690682 0.0427195742616 0.134556332571 0.0219609742652 0.221441902776 -0.00701552851085 0.0101327476906 0.00563449597853 0.0368558391724 0.0199656499194 0.0103933143301 0.0126412749239 0.0025821605341 -0.00920397840066 0.0137980651953 0.0132915373637 0.0582965867287 -0.00586361012233 0.0205983749341 0.0062893138822 0.00167635535516 0.0115606418502 
0.035290661271 0.0168387345239 0.00528113565871 -0.000460912258401 0.0192853536659 0.0532267289206 0.0454031289701 0.259663478675 0.013288462338 0.0359452391506 0.0305575687625 0.022588267768 0.0433486664108 0.0126399245818 0.0106603767062 0.0731622280141 0.0135472908905 0.0016249950005 0.000907103017499 0.0558199049 0.0390494869781 0.0157327120698 0.0624478611788 0.0258332200973 0.0282973714495 0.0144701779272 0.0387590261701 0.0271950503129 0.019745928558 0.0321410518157 0.0142017475084 0.0085836699947 0.03393161796 0.0106174985555 0.0625018362175 0.00744423922942 0.0210647109313 0.0220769522492 0.0132491326806 0.0435745832173 
0.00587174710409 0.0133719184379 0.0131988935804 -0.00185974065899 0.027260635442 0.00367556982671 0.0171896524607 0.013288462338 0.181414695894 0.0273538122253 0.004097400372 -0.000183623416687 0.0168892782697 0.00413152389434 0.00166652666228 0.0157685455019 -0.00208381142157 0.0110758037173 0.00535270004631 0.0180725231111 0.0267093965729 0.0180005086889 0.0206018217496 -0.0056389796918 0.026140194793 0.011363279079 0.0554465982502 0.0179615861647 0.00241793762899 0.0076800284677 0.0214198085294 -0.00407650058026 0.0174322801716 0.00715566876805 0.0190515298909 -0.00425766765068 0.0161451446775 0.0083333755424 0.0116179550354 0.0118079025863 
0.0223981905929 0.00898134160477 0.0148646303882 0.039997802246 0.0235212578541 0.00182789775153 0.0545773877865 0.0359452391506 0.0273538122253 0.67619459008 0.00803287545871 -0.00288343139607 -0.00495516038318 0.00727559480624 0.00869506404529 0.0243326261553 -0.000208668315131 0.0076407674871 0.00647326282914 0.0357480087841 0.0249004875087 0.015408756941 0.0371987351152 0.0220894043282 0.0242124859857 0.0105473063495 0.00958574967701 -0.00226295780318 0.00981048558704 0.0248112108308 0.01667511014 -0.00246326339215 0.0216127132154 0.0232520804075 0.00349678076802 -0.0101180101371 0.0131427121866 0.0158024926037 0.011215659548 0.0126881874401 
0.031010306372 0.0192237729011 0.0123168839601 0.0103689025576 0.0374996778392 0.0221983351544 0.0185775360572 0.0305575687625 0.004097400372 0.00803287545871 0.288275560833 0.0129794754573 0.0265750814208 0.0269063394595 0.0347615527054 0.0095121284162 0.0105901714685 0.0163067300683 -0.0129783464969 0.0514817791468 -0.0197934476651 0.049274569817 0.0236765902558 0.0493675018821 0.011837371643 0.00914812404877 0.0144470203003 0.0282845777088 0.0234566550695 0.0252340858417 0.0201743993438 0.0185457942867 0.0168471011881 0.0240124921915 0.0244716346147 0.000427000403707 0.0125905514226 0.0411618150197 0.0108579149423 0.0173808473335 
0.00320528099024 0.00841062476851 0.0116069710991 0.00230802254269 0.0126479284251 0.0415726691044 0.0292495963316 0.022588267768 -0.000183623416686 -0.00288343139607 0.0129794754573 0.276829174794 0.0114087979022 0.0151486148942 0.0217184669074 0.0241673472363 0.00351809255781 0.0126039718192 -0.0037289946864 0.0942218470914 0.0123310051227 0.0139087960637 0.0268418498303 0.0216177745514 0.0206842777034 0.00546469221528 0.00372258382702 0.0270499594236 0.00569398651965 0.00960197159479 0.018973179733 -0.00629877125033 0.00827072808917 0.00193212844743 0.0291373151486 -0.00759604944073 0.0107380749585 0.0187514719784 0.013210943129 0.0242533043261 
0.0231676354275 0.0216976658004 0.00384971006313 0.008503803385 0.00628658868077 0.011928425056 0.0090756217767 0.0433486664108 0.0168892782697 -0.00495516038318 0.0265750814208 0.0114087979022 0.393670668111 0.025352827369 0.0118230976497 0.00917752188726 0.0105454190954 -0.00948589014386 -0.0144482249262 0.12205655593 0.021902258356 0.0127955901861 0.0158113233209 0.0131345548623 0.0213560822164 0.00585461026809 0.0228434045634 0.00424717606441 0.0252796522291 0.0016688719153 -0.0116569112644 0.0266040872721 0.00251636324062 0.00341335690996 0.0427666778577 -0.000887247778398 0.00399687584628 0.0131622670988 0.0157964947697 0.00621864864667 
0.00467169575671 -0.00382057123975 0.00518462774126 0.0112360280961 0.00536098333322 0.035067681278 0.017029679504 0.0126399245818 0.00413152389434 0.00727559480624 0.0269063394595 0.0151486148942 0.025352827369 0.301415007854 0.0427380313361 0.00171806115687 -0.00184449491312 0.00163628714949 -0.00229873828329 0.0279401043578 -0.000518328872327 0.0210334663432 0.0127222669738 0.0257336096585 0.0164714150101 0.028091669565 0.00973662772022 0.0290169482868 0.0195301690014 -0.00272802244868 0.00653161571067 -0.00958547032043 0.0121542784309 0.00997714796116 0.0545200104674 -0.00459248175257 0.0203156456432 0.047486540766 0.0152633949199 -0.00347802355693 
0.018184023817 0.00784152680992 0.00813271432749 -0.00568041256484 0.0369507879757 0.0156106967448 0.00971164874512 0.0106603767062 0.00166652666228 0.00869506404529 0.0347615527054 0.0217184669074 0.0118230976497 0.0427380313361 0.323194263403 0.0147000251237 0.0102948409044 0.0153746439809 0.00541202592295 0.0408963936883 0.0104484939982 0.0151272524432 0.0231283575472 0.02668590836 0.0515614032424 0.0053018664477 0.0178418267356 0.0165725999932 0.0320489327942 0.0155980170074 0.0116629747521 0.00922942812555 0.0184039732308 0.0150950605458 0.0648443125929 -0.00636005439398 0.0256916776584 0.066973478127 0.0144364612526 0.0215153519673 
0.0164264764225 0.0160369786536 0.00514145172076 -0.000905232897213 0.0174444609501 0.0359459948756 0.0222422632358 0.0731622280141 0.0157685455019 0.0243326261553 0.0095121284162 0.0241673472363 0.00917752188726 0.00171806115687 0.0147000251237 0.243101523728 0.000813471728072 0.00271181959304 -0.00921855087525 0.0209537490259 0.0236319826965 0.00991086723209 0.0376874446906 0.0172371887627 0.0222501214228 0.00551975958867 0.0394714453941 0.0182284414095 0.0177216641992 0.0246941924911 0.0591075828214 0.00328872045969 0.0335221274343 0.00765984460962 0.0598999760974 0.0044471530371 0.0271335343361 0.0285533389334 0.0111060550745 0.0306615598631 
0.00276170429184 0.0127390501142 0.00744848922275 0.00388218883032 0.00661903523439 0.0110491331155 -0.00680513020626 0.0135472908905 -0.00208381142157 -0.000208668315131 0.0105901714685 0.00351809255781 0.0105454190954 -0.00184449491312 0.0102948409044 0.000813471728072 0.177719425212 -0.00227686650978 -0.00573715085725 0.0117170059644 -0.0030655110421 0.0224534503299 0.00914541006008 0.00743278909177 0.0135804578538 0.0207574469914 0.0150070083571 0.0207803828009 0.000579507631606 0.0135289743197 0.0164051264283 -0.00519999304456 0.011595406039 0.0109226809551 0.0119722336651 -0.013465364783 -0.00184814172088 0.00412352982434 0.0140466536524 0.00192158222478 
0.00661095208713 0.00597245627889 0.009537079501 0.0116846444718 0.00232119516826 0.0507538568509 0.0161565391026 0.0016249950005 0.0110758037173 0.0076407674871 0.0163067300683 0.0126039718192 -0.00948589014386 0.00163628714949 0.0153746439809 0.00271181959304 -0.00227686650978 0.187342574943 0.00284506058146 -0.00202631211016 0.0273722952052 0.0167661799995 0.0150954402698 -0.00874572623082 0.0028937361597 0.0131836023951 0.00929245086313 0.0109660878094 0.0209257202061 0.0118861337182 -0.000750387695517 -0.00545259107232 0.00969495589151 0.0164798842609 0.0136826805121 0.0142651504851 0.00455913626045 0.0172534006319 0.00228538704455 0.00130381692571 
0.00328844819444 -0.00263482082793 -0.0079273906055 -0.0116424251951 0.00119622429735 0.0140518560176 0.025275690682 0.000907103017499 0.00535270004631 0.00647326282914 -0.0129783464969 -0.0037289946864 -0.0144482249262 -0.00229873828329 0.00541202592295 -0.00921855087525 -0.00573715085725 0.00284506058146 1.88960117314 0.0192755823163 0.0283604164316 -0.0448292905158 0.034057899395 -0.013526779565 0.00485607790624 -0.00223986262552 0.0289445867482 0.0122366872889 -0.00510342522064 -0.00601292441081 -0.00969870206075 0.031678911451 0.133799033079 0.00473856909245 0.000680734361166 -0.0137014077672 -0.000859192614924 -0.00982883467828 -0.0155325441268 -0.00845664337228 
0.031332461724 0.0118506349224 0.0105968818628 0.0206707932594 0.0171556836841 0.148638219596 0.0427195742616 0.0558199049 0.0180725231111 0.0357480087841 0.0514817791468 0.0942218470914 0.12205655593 0.0279401043578 0.0408963936883 0.0209537490259 0.0117170059644 -0.00202631211016 0.0192755823163 0.864595496301 0.081317841165 -0.00649768361271 0.0854355912282 0.0493788391829 0.0781688452939 0.0331877099615 0.0261132878312 0.0216672526203 0.0167166972826 0.0884844301482 0.022278041579 0.0330683531412 0.036901093251 0.0213495179272 0.114380734488 0.00902246099206 0.0489979108334 0.00878015381638 0.0160487148293 0.0479145146188 
0.0136351703537 -0.00260085512131 -0.00697215247787 0.0253500379645 0.00695859461891 0.02092754899 0.134556332571 0.0390494869781 0.0267093965729 0.0249004875087 -0.0197934476651 0.0123310051227 0.021902258356 -0.000518328872327 0.0104484939982 0.0236319826965 -0.0030655110421 0.0273722952052 0.0283604164316 0.081317841165 0.533008933893 0.0231265942387 0.125545413619 0.00595572483514 0.031375307559 0.0135782856454 0.0353289728211 0.0251815614123 -0.0008121203266 0.0173149696861 -0.0071174470661 -0.0149197121043 0.0283027905956 -0.00493749745076 0.0896905089749 -0.00248535694216 0.048717263352 -0.0241396740596 0.0148861436045 0.0268175637087 
0.0218387047748 0.0233414436347 0.0113058518615 0.00464180039675 0.0622847045642 -0.0106160097465 0.0219609742652 0.0157327120698 0.0180005086889 0.015408756941 0.049274569817 0.0139087960637 0.0127955901861 0.0210334663432 0.0151272524432 0.00991086723209 0.0224534503299 0.0167661799995 -0.0448292905158 -0.00649768361271 0.0231265942387 0.433357059075 0.010705298869 0.0143173764554 -0.00154512129175 -0.00204201975485 0.0343150095028 0.0215768417836 0.0107268862814 0.0622456399023 0.00922842701648 0.00547416199871 0.0164555854197 0.0162360529388 0.029666969635 0.00911650697586 0.020737270541 0.0313295296562 0.0181294688347 -0.00179842196997 
0.0354674807568 -0.00659131883946 0.0044438597464 0.0359311620917 0.0251491880178 0.0543500631831 0.221441902776 0.0624478611788 0.0206018217496 0.0371987351152 0.0236765902558 0.0268418498303 0.0158113233209 0.0127222669738 0.0231283575472 0.0376874446906 0.00914541006008 0.0150954402698 0.034057899395 0.0854355912282 0.125545413619 0.010705298869 0.430159327262 0.00297298823251 0.0341987211092 0.0229567833304 0.0303517925306 0.00602132820434 0.0100564736647 0.0190404271156 0.0290483673037 0.00525695000652 0.0321232336925 0.00342872198449 0.0571962474403 -0.00660126589976 0.0402495333626 0.00066176065344 0.00382622846969 0.0147495230089 
0.0162022701806 0.00941912868 -0.00405738725859 0.00178816173188 0.0188155935729 0.0342060816006 -0.00701552851085 0.0258332200973 -0.0056389796918 0.0220894043282 0.0493675018821 0.0216177745514 0.0131345548623 0.0257336096585 0.02668590836 0.0172371887627 0.00743278909177 -0.00874572623082 -0.013526779565 0.0493788391829 0.00595572483514 0.0143173764554 0.00297298823251 0.38395432336 0.0258116522574 -0.0021566272735 -0.00384504599056 0.0223576728583 0.0295615418478 0.0186553027746 0.014077830851 0.0509964494858 0.0307495486032 0.00794828000127 0.0938494095866 -0.0144186716902 0.0109369376218 0.0525758651491 0.019138278745 0.0413734504203 
0.00520500654172 0.00305335409466 0.00343757904698 0.00869251089427 0.0363963091046 0.0472852791232 0.0101327476906 0.0282973714495 0.026140194793 0.0242124859857 0.011837371643 0.0206842777034 0.0213560822164 0.0164714150101 0.0515614032424 0.0222501214228 0.0135804578538 0.0028937361597 0.00485607790624 0.0781688452939 0.031375307559 -0.00154512129175 0.0341987211092 0.0258116522574 0.380370584429 0.0103921826075 0.01804895813 0.0139653133456 0.0218452234808 0.0110586294497 -0.0200764626652 0.00615476328924 0.0308701400113 0.0329800135939 0.0391023077567 0.00553075292049 0.0424647756678 0.0367707674634 0.00516661423713 0.0133497149148 
0.0114037185643 0.00983730116605 0.00431109282801 -0.000688474979892 -0.0101461586235 0.0058612803758 0.00563449597853 0.0144701779272 0.011363279079 0.0105473063495 0.00914812404877 0.00546469221528 0.00585461026809 0.028091669565 0.0053018664477 0.00551975958867 0.0207574469914 0.0131836023951 -0.00223986262552 0.0331877099615 0.0135782856454 -0.00204201975485 0.0229567833304 -0.0021566272735 0.0103921826075 0.241719079035 0.0138400326728 0.0209298054983 0.0164674617741 -0.00737619433897 0.0421399911494 -0.00111157814685 0.029127566355 0.0166227337315 0.038813713131 0.00427055470316 0.00377708466569 0.014998530929 0.0128249183544 0.00413196009013 
0.0133965631544 0.0111006563249 0.0116291065688 0.0110494162022 0.0190609804114 0.0158457654013 0.0368558391724 0.0387590261701 0.0554465982502 0.00958574967701 0.0144470203003 0.00372258382702 0.0228434045634 0.00973662772022 0.0178418267356 0.0394714453941 0.0150070083571 0.00929245086313 0.0289445867482 0.0261132878312 0.0353289728211 0.0343150095028 0.0303517925306 -0.00384504599056 0.01804895813 0.0138400326728 0.26722008503 0.0208926840378 0.0196722695722 0.00326164991185 0.00915331736745 -0.00991594011647 0.0114932216341 0.00227449622631 0.0407665650034 -0.00312188950675 0.0151854196464 0.0063199424768 0.00566639568549 0.00614508071581 
0.0272310788015 0.0184578650045 0.00135956843097 0.00600678116785 0.0293317899248 0.0362913752609 0.0199656499194 0.0271950503129 0.0179615861647 -0.00226295780318 0.0282845777088 0.0270499594236 0.00424717606441 0.0290169482868 0.0165725999932 0.0182284414095 0.0207803828009 0.0109660878094 0.0122366872889 0.0216672526203 0.0251815614123 0.0215768417836 0.00602132820434 0.0223576728583 0.0139653133456 0.0209298054983 0.0208926840378 0.229532191807 0.0204946851998 0.0165870606701 0.0048483315887 0.000896331877465 0.0307612329947 0.0175467755978 0.055492795961 -0.00983211830559 0.00441227685589 0.0231238998279 0.0304294176461 0.0155273176048 
0.00567718824021 0.0176908740773 0.00187251044469 0.0181879242415 0.0291147360509 0.0249156544901 0.0103933143301 0.019745928558 0.00241793762899 0.00981048558704 0.0234566550695 0.00569398651965 0.0252796522291 0.0195301690014 0.0320489327942 0.0177216641992 0.000579507631606 0.0209257202061 -0.00510342522064 0.0167166972826 -0.0008121203266 0.0107268862814 0.0100564736647 0.0295615418478 0.0218452234808 0.0164674617741 0.0196722695722 0.0204946851998 0.184736778939 0.0146398990809 0.00996153748618 0.0122502792529 0.0272762162447 0.0256209374966 0.0358136372023 0.0136357705961 0.0106170831668 0.0334578388795 0.00739249475903 0.0147152482819 
0.0142033047433 0.0205227561818 0.0132570424976 0.00214510344642 0.0381975144214 0.0254615391369 0.0126412749239 0.0321410518157 0.0076800284677 0.0248112108308 0.0252340858417 0.00960197159479 0.0016688719153 -0.00272802244868 0.0155980170074 0.0246941924911 0.0135289743197 0.0118861337182 -0.00601292441081 0.0884844301482 0.0173149696861 0.0622456399023 0.0190404271156 0.0186553027746 0.0110586294497 -0.00737619433897 0.00326164991185 0.0165870606701 0.0146398990809 0.317075244036 0.0191739325022 0.00198466426444 0.0211035231043 0.0112246550272 0.0461763289835 -0.0277686854542 0.0130024470508 0.00469886619623 0.0161427118809 0.0273290680292 
0.0712322660767 0.00302551921991 0.0283256265563 -0.0044963548665 0.0300039452751 0.035477696161 0.0025821605341 0.0142017475084 0.0214198085294 0.01667511014 0.0201743993438 0.018973179733 -0.0116569112644 0.00653161571067 0.0116629747521 0.0591075828214 0.0164051264283 -0.000750387695517 -0.00969870206075 0.022278041579 -0.0071174470661 0.00922842701647 0.0290483673037 0.014077830851 -0.0200764626652 0.0421399911494 0.00915331736744 0.0048483315887 0.00996153748618 0.0191739325022 0.503243836149 0.0204836696315 0.021345178436 0.00535796902028 0.0288559233747 -0.0126583018497 0.0100153157839 0.00723725767089 -0.00154971878997 0.0304423715367 
0.0253753594478 -0.00515915538262 -0.00260071491843 0.00472146953902 -0.00614055379155 0.0208924685195 -0.00920397840067 0.0085836699947 -0.00407650058026 -0.00246326339215 0.0185457942867 -0.00629877125033 0.0266040872721 -0.00958547032043 0.00922942812555 0.00328872045969 -0.00519999304456 -0.00545259107232 0.031678911451 0.0330683531412 -0.0149197121043 0.00547416199871 0.00525695000652 0.0509964494858 0.00615476328924 -0.00111157814685 -0.00991594011647 0.000896331877465 0.0122502792529 0.00198466426444 0.0204836696315 0.84195863234 0.0201621654975 -0.000881260941287 0.00881792971513 -0.0152278366211 0.0166928707607 0.0266187128229 -0.0120791882126 0.04644463566 
0.0261243383119 0.0187668049082 0.00734981937482 0.00981051573424 0.0122725951178 0.0263984793378 0.0137980651953 0.03393161796 0.0174322801716 0.0216127132154 0.0168471011881 0.00827072808917 0.00251636324062 0.0121542784309 0.0184039732308 0.0335221274343 0.011595406039 0.00969495589151 0.133799033079 0.036901093251 0.0283027905956 0.0164555854197 0.0321232336925 0.0307495486032 0.0308701400113 0.029127566355 0.0114932216341 0.0307612329947 0.0272762162447 0.0211035231043 0.021345178436 0.0201621654975 0.233518767608 0.0124902777614 0.0508676817374 0.0171623469225 0.00848356928035 0.0204222017364 0.0146311252281 0.0304636191569 
0.0135457688329 0.00967847423882 0.01909823682 0.0086882180541 0.0204825618662 0.0107351654888 0.0132915373637 0.0106174985555 0.00715566876805 0.0232520804075 0.0240124921915 0.00193212844743 0.00341335690996 0.00997714796116 0.0150950605458 0.00765984460962 0.0109226809551 0.0164798842609 0.00473856909245 0.0213495179272 -0.00493749745076 0.0162360529388 0.00342872198449 0.00794828000127 0.0329800135939 0.0166227337315 0.00227449622631 0.0175467755978 0.0256209374966 0.0112246550272 0.00535796902028 -0.000881260941287 0.0124902777614 0.187945576642 0.0137505467422 -0.00468573502744 0.0161460047485 0.0179302408194 0.0174996352925 0.0171814308343 
0.0451364473655 0.0214101264676 0.0302450487532 0.0216490659341 0.0206781071415 0.0514872880885 0.0582965867287 0.0625018362175 0.0190515298909 0.00349678076802 0.0244716346147 0.0291373151486 0.0427666778577 0.0545200104674 0.0648443125929 0.0598999760974 0.0119722336651 0.0136826805121 0.000680734361165 0.114380734488 0.0896905089749 0.029666969635 0.0571962474403 0.0938494095866 0.0391023077567 0.038813713131 0.0407665650034 0.055492795961 0.0358136372023 0.0461763289835 0.0288559233747 0.00881792971513 0.0508676817374 0.0137505467422 0.480539651709 0.00208926252801 0.0466372591657 0.0584024775978 0.0160050624911 0.0263579778853 
0.00640061103058 -0.0149578588362 -0.00488218041618 0.013556667688 0.0264122665093 0.00986609478444 -0.00586361012233 0.00744423922942 -0.00425766765068 -0.0101180101371 0.000427000403707 -0.00759604944073 -0.000887247778398 -0.00459248175257 -0.00636005439398 0.0044471530371 -0.013465364783 0.0142651504851 -0.0137014077672 0.00902246099206 -0.00248535694216 0.00911650697586 -0.00660126589976 -0.0144186716902 0.00553075292049 0.00427055470316 -0.00312188950675 -0.00983211830559 0.0136357705961 -0.0277686854542 -0.0126583018497 -0.0152278366211 0.0171623469225 -0.00468573502744 0.00208926252801 1.3709864036 -0.000917571498691 -0.00310798689647 0.00971529940384 0.00132716690786 
-0.00114682321455 0.0199114714115 -0.00701808689138 0.00311951988157 0.0132298131626 0.0253288999147 0.0205983749341 0.0210647109313 0.0161451446775 0.0131427121866 0.0125905514226 0.0107380749585 0.00399687584628 0.0203156456432 0.0256916776584 0.0271335343361 -0.00184814172088 0.00455913626045 -0.000859192614924 0.0489979108334 0.048717263352 0.020737270541 0.0402495333626 0.0109369376218 0.0424647756678 0.00377708466569 0.0151854196464 0.00441227685588 0.0106170831668 0.0130024470508 0.0100153157839 0.0166928707607 0.00848356928035 0.0161460047485 0.0466372591657 -0.000917571498691 0.472111512508 0.0142987521383 0.00414629992701 0.0166608542819 
0.0308966321526 0.0196947349231 0.016553466443 0.00881322607136 0.0220398373603 0.0249711680372 0.0062893138822 0.0220769522492 0.0083333755424 0.0158024926037 0.0411618150197 0.0187514719784 0.0131622670988 0.047486540766 0.066973478127 0.0285533389334 0.00412352982434 0.0172534006319 -0.00982883467828 0.00878015381638 -0.0241396740596 0.0313295296562 0.000661760653439 0.0525758651491 0.0367707674634 0.014998530929 0.0063199424768 0.0231238998279 0.0334578388795 0.00469886619623 0.0072372576709 0.0266187128229 0.0204222017364 0.0179302408194 0.0584024775978 -0.00310798689647 0.0142987521383 0.273566235237 0.0153392925923 0.0112871495178 
0.0137834499452 0.0172664538873 0.00248358412135 0.0203990805267 0.0126305143888 0.0160907462758 0.00167635535516 0.0132491326806 0.0116179550354 0.011215659548 0.0108579149423 0.013210943129 0.0157964947697 0.0152633949199 0.0144364612526 0.0111060550745 0.0140466536524 0.00228538704455 -0.0155325441268 0.0160487148293 0.0148861436045 0.0181294688347 0.00382622846969 0.019138278745 0.00516661423713 0.0128249183544 0.00566639568549 0.0304294176461 0.00739249475903 0.0161427118809 -0.00154971878997 -0.0120791882126 0.0146311252281 0.0174996352925 0.0160050624911 0.00971529940384 0.00414629992701 0.0153392925923 0.157338981646 0.0122388781597 
0.0208536109756 0.0145379059474 -0.00668625132941 0.00653466815752 0.0245684939801 0.0646689182109 0.0115606418502 0.0435745832173 0.0118079025863 0.0126881874401 0.0173808473335 0.0242533043261 0.00621864864667 -0.00347802355693 0.0215153519673 0.0306615598631 0.00192158222478 0.00130381692571 -0.00845664337228 0.0479145146188 0.0268175637087 -0.00179842196997 0.0147495230089 0.0413734504203 0.0133497149148 0.00413196009013 0.00614508071581 0.0155273176048 0.0147152482819 0.0273290680292 0.0304423715367 0.04644463566 0.0304636191569 0.0171814308343 0.0263579778853 0.00132716690786 0.0166608542819 0.0112871495178 0.0122388781597 0.322396733367 

['UTX', 'TSN', 'WWY', 'NFB', 'HIG', 'KLAC', 'RIG', 'PH', 'PNW', 'ADM', 'HET', 'CA', 'HAS', 'AZO', 'BBBY', 'GWW', 'JNJ', 'PBG', 'PTV', 'NVDA', 'SUN', 'CVH', 'NE', 'FDO', 'MOT', 'MSFT', 'EIX', 'AXP', 'ABK', 'ITT', 'JCI', 'CVG', 'BMS', 'CCU', 'KBH', 'ESRX', 'Q', 'TGT', 'KMB', 'ROH']