20
0.0707348977441 0.112290577846 0.0482651065397 0.0711634289065 0.640104613609 0.123926899062 0.0406155741598 0.10135047428 0.0162161188728 0.0206637964956 0.0330111524363 0.0654803135324 0.0425593974561 0.0466468708745 0.0389775871913 0.019144788815 0.02736418452 0.0335830315084 0.114457978761 0.0391901687574 
0.306758740777 0.00684940074291 0.0140584325588 0.0209515252205 0.00073887933245 0.0354212685392 0.0120134425777 0.0256374801804 0.0156192027888 0.0225862025552 0.016833294389 0.00726761508838 0.0184638582354 0.0173279161534 0.0401294371698 0.0190626256141 0.00917099760902 0.0266701386012 0.00701511663912 0.00735836125847 
0.0068494007429 0.487573430925 0.031748966413 0.00995882539645 -0.0217710355598 0.0378050561303 0.0316161694434 0.0459109662479 0.0376522883675 0.0149509735532 0.0214956292655 0.0459668966201 0.0114055467211 0.0363418179445 0.0268947714179 0.0275599848732 0.0463724161921 0.0290927845241 0.171866443213 0.0301191593873 
0.0140584325588 0.031748966413 0.310886532091 0.00324542901492 0.0114064479213 0.00712107871697 0.0270047997181 0.0425476849908 6.0896141088e-05 0.0280061127555 0.045210672334 0.0463874189658 0.045937175352 0.0222153938748 0.0115770907324 0.0189961109867 0.0250708169499 0.0289548948599 0.0110606586924 0.0231591079523 
0.0209515252205 0.00995882539645 0.00324542901492 0.640745502809 0.00474507917055 0.0226703669499 0.0330863382297 0.00823090233158 -0.00733492428455 0.0150137766939 0.00838713138731 0.0329216160924 0.0136374176864 0.0383226959623 0.01318021376 0.00372576831993 0.0166170909272 0.0224477490224 0.0181458664612 -0.00138099163122 
0.00073887933245 -0.0217710355598 0.0114064479213 0.00474507917056 6.8680015298 0.00461042055891 -0.0138942135143 0.00151760619789 -0.018536419403 0.010718592956 0.00378462137242 0.00159274373255 -0.00848535998944 -0.00911447253519 0.0255366356135 0.0141992588604 -0.00212363208753 -0.00690665476765 -0.0356888363614 -0.000363139969743 
0.0354212685392 0.0378050561303 0.00712107871697 0.0226703669499 0.00461042055891 0.906873476073 0.00327343532503 0.0731512696287 0.0127330680278 0.0184131806392 0.0076206407046 0.00516825014061 0.0152455167375 0.00831687469428 0.0422576036346 0.0283057976328 0.00582370150291 0.0145611757695 0.0298410169295 0.0421437294228 
0.0120134425777 0.0316161694435 0.0270047997181 0.0330863382297 -0.0138942135143 0.00327343532503 0.235680842059 0.0336612998593 0.0366502296825 0.0315496992084 0.0269668293801 0.0354774851706 0.0484712196573 0.0235845177395 0.0233582748362 0.0395393520008 0.0362324184997 0.0254514890711 0.0290492865828 0.0184807664348 
0.0256374801804 0.0459109662479 0.0425476849908 0.00823090233158 0.00151760619789 0.0731512696287 0.0336612998593 0.582049374049 0.0107610226759 0.0287504567122 0.0301464546976 0.0476309612205 0.069410310807 0.032349759418 0.029132924687 0.0250437018965 0.0164690064224 0.0872256032336 0.039058836791 0.0264249041932 
0.0156192027888 0.0376522883675 6.0896141102e-05 -0.00733492428455 -0.018536419403 0.0127330680278 0.0366502296824 0.0107610226759 0.195290664735 0.020162599327 0.0128772738515 0.00741914859603 0.0181028903594 0.0576781099115 0.0366548647757 0.022856067597 0.0381811068426 0.00214677232927 0.0385196315 0.0177081196918 
0.0225862025552 0.0149509735532 0.0280061127555 0.0150137766939 0.010718592956 0.0184131806392 0.0315496992084 0.0287504567122 0.020162599327 0.161380835831 0.0207313412832 0.0218482681813 0.029689984258 0.0164474837235 0.0392702516953 0.0219167925369 0.0189007913124 0.00777540059477 -0.00711428903369 0.0191455130061 
0.016833294389 0.0214956292655 0.045210672334 0.00838713138731 0.00378462137242 0.0076206407046 0.02696682938 0.0301464546976 0.0128772738516 0.0207313412832 0.314668231727 0.0464928977267 0.0366336362713 0.0142734208646 0.0363332440103 0.100406172181 0.015582867439 0.0337867016223 0.015288573239 0.0330460077261 
0.00726761508838 0.0459668966201 0.0463874189658 0.0329216160924 0.00159274373255 0.00516825014061 0.0354774851706 0.0476309612205 0.00741914859602 0.0218482681813 0.0464928977267 0.403453312927 0.0272591871636 0.0188808162372 0.0309132545012 0.0281319268737 0.0100329377433 0.0344657879088 0.00362449212083 0.0225982519217 
0.0184638582354 0.0114055467211 0.045937175352 0.0136374176864 -0.00848535998944 0.0152455167375 0.0484712196573 0.069410310807 0.0181028903594 0.029689984258 0.0366336362713 0.0272591871636 0.406428370855 0.0175394515252 -0.00129019899855 0.0399431498213 0.0212437903438 0.0189506851106 0.0362335151363 0.0317659362053 
0.0173279161534 0.0363418179445 0.0222153938748 0.0383226959623 -0.00911447253519 0.00831687469428 0.0235845177395 0.032349759418 0.0576781099115 0.0164474837235 0.0142734208646 0.0188808162372 0.0175394515253 0.367208847857 0.00915851628345 0.0126017807238 0.0513842290009 0.00914950687189 0.0427855893644 0.00309170505276 
0.0401294371698 0.0268947714179 0.0115770907324 0.01318021376 0.0255366356135 0.0422576036346 0.0233582748362 0.029132924687 0.0366548647757 0.0392702516953 0.0363332440103 0.0309132545012 -0.00129019899856 0.00915851628345 0.252348771186 0.0298107620573 0.0282999079866 0.0303886872977 -0.00268301926602 0.0269875027951 
0.0190626256141 0.0275599848732 0.0189961109867 0.00372576831993 0.0141992588604 0.0283057976328 0.0395393520008 0.0250437018965 0.0228560675969 0.0219167925369 0.100406172181 0.0281319268737 0.0399431498213 0.0126017807238 0.0298107620574 0.226982020503 0.0148022444778 0.0188383673127 0.0229895537132 0.0386619951418 
0.00917099760903 0.0463724161921 0.0250708169499 0.0166170909272 -0.00212363208753 0.00582370150291 0.0362324184997 0.0164690064224 0.0381811068426 0.0189007913124 0.015582867439 0.0100329377433 0.0212437903438 0.0513842290009 0.0282999079866 0.0148022444778 0.200360538323 0.011107661811 0.0324647615187 0.0222825397958 
0.0266701386012 0.0290927845241 0.0289548948599 0.0224477490224 -0.00690665476765 0.0145611757695 0.0254514890711 0.0872256032336 0.00214677232927 0.00777540059477 0.0337867016223 0.0344657879088 0.0189506851105 0.0091495068719 0.0303886872977 0.0188383673127 0.011107661811 0.308149999405 -0.00946143572148 0.0178013259159 
0.00701511663912 0.171866443213 0.0110606586924 0.0181458664612 -0.0356888363614 0.0298410169295 0.0290492865828 0.039058836791 0.0385196315 -0.00711428903369 0.015288573239 0.00362449212083 0.0362335151363 0.0427855893644 -0.00268301926604 0.0229895537132 0.0324647615187 -0.00946143572147 0.419612081149 0.0112553285201 
0.00735836125846 0.0301191593873 0.0231591079523 -0.00138099163122 -0.000363139969742 0.0421437294228 0.0184807664348 0.0264249041932 0.0177081196918 0.0191455130061 0.0330460077261 0.0225982519217 0.0317659362053 0.00309170505275 0.0269875027951 0.0386619951418 0.0222825397958 0.0178013259159 0.0112553285201 0.206190246536 

['ABI', 'NE', 'MCD', 'ACS', 'SANM', 'CSC', 'SPG', 'LSI', 'NI', 'AIG', 'LOW', 'HLT', 'BC', 'CEG', 'MET', 'HD', 'DUK', 'LLTC', 'XTO', 'RTN']