60
0.0155341374053 0.0487859931196 0.0282353637115 0.135299445153 0.0240188564254 0.0391901687574 0.0716450377603 0.0168064994581 0.0426672552596 0.0484031048171 0.0459594094694 0.116988452624 0.0739523233915 0.0248608942987 0.0631330997176 0.00361039022472 0.00399952409326 0.133882810383 0.0246636786654 0.019144788815 0.0255776045185 0.0448147494519 0.0256056876134 0.0153161335694 0.060830846045 0.0590558874601 0.0447966226616 0.0355019489908 0.0267221777707 0.0396471392927 0.067654701563 0.0442230302855 0.0125275076286 0.0248078828137 0.0231907610599 0.0307440439862 0.0512444991133 0.0309081568087 0.0220144037379 0.0348828940045 0.0773240107923 0.0272516352802 0.0149217979249 0.0896788789081 0.0354646018646 0.0378384564622 0.042606905642 0.0861911318708 0.0296866664977 0.0231877092109 0.0514292405054 0.0357111585815 0.0263662592882 0.0395572708053 0.066200000993 0.166074759161 0.0511846892664 0.251790956204 0.133327922328 0.0440278725419 
0.182694247164 0.00558972027349 0.0192280407211 0.00343044864305 0.0139545193808 0.00628994451449 -0.00272418104558 0.0111858251537 -0.000273526982011 0.00236550537044 0.00575658924545 0.0114765581501 0.0109994807006 0.0120107458958 0.010489753506 0.0203597045446 0.0091264890025 0.0131093580449 0.0115078408972 0.00898460388966 0.0153713748898 0.00109254523931 -0.00277187669624 0.00647872027386 0.0176965066555 0.0110084629193 0.0196078870397 -0.0189833340831 -0.00129909661984 -0.00392795585244 0.000683234553852 0.0190447193737 0.00411518339881 0.00164129039547 -0.00362758114202 0.0122448191563 -0.00648738873373 0.0185394866823 0.00329047771177 0.0114374711837 0.00221785190368 -0.00518343799135 0.00664980228584 -0.00285763280305 0.00390162158372 0.00795557375301 0.00776214505496 0.00709049552911 0.0219122841911 0.0140752033416 0.0193905275395 0.028224035236 0.0112561108093 0.00760517182949 0.00792947640991 0.0127037352824 -0.00624199129769 -0.00249514038551 0.00712209978659 0.00578460062419 
0.00558972027349 0.443289991404 0.00777657615407 0.0258335417951 0.010261186864 0.000814162454101 0.0339670452863 0.013907856017 0.00172754742419 0.0156758649117 0.0122001290957 0.0124089125336 0.0116699358369 0.0293822797258 -0.0012427343514 -0.000281843396047 0.0175708448831 0.0169525150213 0.00289787288994 0.0167382637804 0.0204045122599 0.00269779256506 0.0062979568937 0.0089363150059 0.0362945766651 0.0128793914758 0.0229103674016 0.0209165716709 0.0054615251237 0.0211165659829 -0.00489887074099 0.0216846295189 0.0239548993481 0.0310481602709 0.00310708932519 0.01122758915 0.00624013114369 0.00856821808869 0.0194871909633 0.010454527176 0.013374146342 0.0227450163688 0.0242326899524 0.009604457229 0.014326923496 0.0177250092231 0.00458593319065 0.021996768049 0.0185638525561 0.000951223212477 0.0169275430862 0.0211277182077 0.00767400292668 -0.00507144019632 0.0406198703655 0.0113802656267 0.00343555242554 0.0778953938453 0.0108424451301 0.0184142208875 
0.0192280407211 0.00777657615407 0.130048737212 0.00377485444883 0.0168992227807 -0.00225720801732 0.00919512835505 0.0197608649747 0.0226972924248 0.0196786949866 0.0177139527418 0.0212350094997 0.00783719526371 0.0456490486969 0.00753677945494 0.00854795006438 0.0182103494833 0.00185714329354 0.0214812658736 0.0239605180091 0.0190977525736 0.00921714304741 0.0104934068239 0.0163377986722 0.023862642917 0.0230324660655 0.018048433888 0.0153852859419 0.0207533502601 0.0200540712551 0.022501519486 0.0178819985767 0.00651879359225 0.0066849248929 0.0151516040913 0.01978661207 0.00946436247647 0.0217737145365 0.0164716121773 0.00897307425204 0.0355654991747 0.0056586188957 0.0176923879389 0.0277038191412 0.0164615650303 0.0165955995669 0.0123726255579 0.00999906901594 0.0372872430621 0.0105981666486 0.027004045744 0.0162797128876 0.0252405569232 0.0185659341247 0.0301542866435 0.012709204053 -0.00581155429723 0.00255935355551 0.00412271340119 0.0188446427968 
0.00343044864305 0.0258335417951 0.00377485444883 0.513761716627 0.0117126215744 0.0167057307002 0.0156663342235 0.000627001413048 0.0165965278217 0.0392897241745 0.00395130170929 0.0493629704386 0.0273593915961 -0.00270182261398 0.0289103370754 -0.00545425152865 -0.00837479201682 0.189792261201 -0.00167112277468 0.00803814770436 0.0126282575962 0.00712406541166 0.00490969177974 0.0198000526459 0.0173321439106 -0.0107735465894 0.00420135160894 0.0206409397926 0.0395715215661 0.0387004848996 -0.000589582673409 0.0255832658731 0.0035111072859 0.0124706331514 -0.00307971151596 0.0200105568999 0.0478140588436 -0.0147435618432 0.025404518417 0.0354798479332 0.0545021461136 0.0268829243898 0.0106201919079 0.035460423583 0.0296892113548 0.0359218722724 0.0261390659486 0.0202017722587 0.0178630280814 0.01215056283 0.0291476762437 -0.00627921686877 0.0218506969567 0.00478211495817 -0.0052476105064 0.0920427669353 0.0400944473624 0.0123631391954 0.0167933155567 0.00781731510193 
0.0139545193808 0.010261186864 0.0168992227807 0.0117126215744 0.182126283638 0.0195850819015 -0.000826802590072 0.0348269155667 0.0116724504263 0.0254952459492 0.0255163984031 0.0286280319769 0.0170752539103 0.0257019553951 0.0280812005743 0.0129753916502 0.0144976265284 0.0182520640294 0.0159546478169 0.0195966714068 0.0179073715077 0.0158990320884 0.0150181126066 0.00846531893192 0.0161388425933 -0.00964192053615 0.0212433342862 0.0134447762871 0.0100646144406 -0.00203788823018 0.00222712142718 0.0112662391499 0.0238190172341 0.0176290919215 0.0116954948069 0.0136984036889 0.0272016889459 0.0148829487058 0.00377287378203 0.0167989931966 0.027707239718 0.00223581127118 0.0185103625422 0.0286886399205 0.000456938208651 -0.000547403961192 0.0206426298345 0.0275339706295 0.0134380534924 0.0169481333661 0.0256034857091 0.0277480696229 0.0275319739865 0.0180099585772 0.0282612316735 0.0457775381442 0.00612390554095 0.0118051861989 -0.00579938450694 0.0121941499585 
0.00628994451448 0.000814162454101 -0.00225720801732 0.0167057307002 0.0195850819015 0.193825260093 -0.00608961240879 0.0113813814482 0.00495017975769 0.0238864784849 0.0123417384454 0.0129065077588 0.0122120109781 0.0168217106459 0.0187082244317 0.0078611547228 0.00413675247548 0.0144826977962 0.0239254151109 0.0334978867814 0.00703971209232 -0.00110019251321 -0.00173614687227 0.00675607413127 0.0176031132221 0.0286629346513 0.0271753899987 0.00275715709313 0.0200334024486 0.0145096119362 0.00903084362446 0.0182012872989 0.005864171512 0.00273922118705 0.0205163593196 0.00577417975456 0.0237220468501 0.0278705877332 0.00248340505093 0.0109256595577 0.020681799132 -0.000203209506137 0.00521032611155 0.0317211663867 -0.00101261367924 -0.00626001431301 0.0206700403761 0.0358785636235 0.0176476100181 0.00843669579413 0.0106053684487 0.0112669565945 0.0100944311463 0.0040808285534 0.0219261062698 0.0330263893098 0.00685646656636 0.00140205075163 0.0134464686741 0.0212588963779 
-0.00272418104558 0.0339670452863 0.00919512835505 0.0156663342235 -0.000826802590072 -0.00608961240879 0.460308844904 0.00976931858962 0.000984676400816 0.00877373350958 -0.00944864070952 -0.00618697077994 0.00591546311558 0.0111175083668 0.021514863916 0.00663186281597 0.0109778936126 0.019238575966 0.0133497324279 0.00558190602038 0.00410676316597 0.0310466978084 0.00741175648078 0.00427390321329 0.0691415563558 -0.00267313510595 0.00029595912522 0.00354451977141 0.00313530969951 0.0152101739884 -0.000158261790416 0.0270467511313 0.0337015539498 0.00864363413239 0.00389085838791 0.00549549531967 0.0060697594823 0.0135909496824 0.00880274348158 0.00978813630038 0.0198892605592 0.0124694288761 0.0189888825211 0.0379062313236 0.00830393019355 -0.0134825402355 0.00697928862175 0.0200131417672 0.0115088584114 0.00291780986094 0.0188221019983 0.00520733992314 0.00451842644313 0.00389026953568 0.0118673173673 0.011046404415 -0.00973435648111 0.036328901409 -0.00132966139869 2.574961691e-05 
0.0111858251537 0.013907856017 0.0197608649747 0.000627001413048 0.0348269155666 0.0113813814482 0.00976931858962 0.206685813687 0.00420835139049 0.00703144446118 0.0212882899473 0.00936060748603 0.00365409520947 0.00608330566511 0.00934613533371 0.0140963476051 0.00240938662494 0.00932369601972 0.00906348752923 0.00537893332695 0.00503358601415 0.00275362026759 0.0188164557204 0.0056173355791 0.00544637272346 0.0311678821004 0.0170334316982 0.0205802183343 0.0249730079082 0.00619252100202 -0.00556655001149 0.00643502784005 -0.00142831118555 0.00847803020184 0.00779632069944 0.0137845565708 0.0106541072849 0.00115335160419 0.00450560682019 0.00684395420541 0.0234809926506 0.0112971793132 0.00632786229748 0.00745896359509 0.00323269636879 0.00813651068447 0.0288159005193 0.0148204034341 0.0252790594166 0.00895337429589 0.00145878686655 0.00934015430961 0.010264655601 0.00512418219619 0.0123249268888 0.00128891901122 0.00120192085686 0.026442711729 -0.00481147611644 0.0171259878541 
-0.000273526982008 0.00172754742419 0.0226972924248 0.0165965278217 0.0116724504262 0.00495017975769 0.000984676400816 0.00420835139049 0.199112114592 0.0177377967011 0.00774541037523 0.0255384397115 0.0214904266464 0.0250614299688 -0.00388983050966 0.00211010519246 0.0136678770462 0.0152207831543 0.0148615773357 0.0171552287994 0.024010607105 -0.00654740428869 0.00364037053244 0.024343643149 0.0254462058979 0.029049953827 0.0274553231383 0.0148352123603 0.023606408626 0.0286756084429 0.0128198956404 0.0217180053905 -0.00391537874379 0.0120141232395 0.0177250623843 0.0411816856213 0.00795890890659 0.00577638328266 0.025789127309 0.00328445844107 0.041257759294 0.00310391623486 0.0168035061607 0.0297874992884 0.0158200285818 0.0108090788775 0.0188351966665 0.0156485429206 0.0287575840845 0.00190629661461 0.0115515165908 0.0105128046414 0.0270603227404 0.0132378187499 0.0278606331912 0.0305673509168 0.00268777715863 0.00866110612569 0.0098395237278 0.00222863914435 
0.00236550537044 0.0156758649117 0.0196786949866 0.0392897241745 0.0254952459492 0.0238864784849 0.00877373350958 0.00703144446118 0.0177377967011 0.253960502965 0.0191454815898 0.0307801899212 0.00838555521365 0.0135505711329 0.0226588900995 0.0163581102621 0.0172181641145 0.0271047496696 0.00361494707928 0.0266022437697 0.0182103704936 -0.000114285712499 0.0123843729159 0.00144915869826 0.025996370749 0.00981143992554 0.0267400878213 0.0120898722283 0.00931361340624 0.0158148999691 0.004917728566 0.0243035028149 0.00413056282206 0.0235176209588 0.0294306474656 0.0214325604413 0.0534420310354 0.00399085062353 0.0129909436318 0.0198472199575 0.0352738499889 -0.0106486058539 0.0275284346055 0.01598584293 0.00812295519234 -0.00507724683205 0.0210199797006 0.00910784959833 0.0187980514991 0.0175603946691 0.0327612441275 0.0023114878829 0.0293320820827 0.0216918239428 0.0104027841385 0.0577679394979 0.00462676514658 0.0121946174852 -0.00379625853203 0.0249745555929 
0.00575658924545 0.0122001290957 0.0177139527418 0.00395130170929 0.0255163984031 0.0123417384454 -0.00944864070952 0.0212882899473 0.00774541037523 0.0191454815898 0.332226690182 0.0473363952435 0.00283228611488 0.0171788056744 0.0414587128935 0.036537237978 0.00171951876484 0.00888900764859 0.0220034195908 0.00975275296835 -0.000901599403034 0.00999389476942 0.00963027268335 0.00575746882185 0.0264440603857 0.0260023320548 0.0294118364273 0.0264137803567 0.00649077211656 0.00281023701082 0.0108599725713 0.0283020101451 0.0417232354467 0.0072647939134 0.0444965746858 0.0129793421935 0.0106709941311 0.0483423347686 0.0119693415905 0.0122171073255 0.0723487430225 0.00911010735258 0.0164085348095 0.0182477442692 -0.000154007687345 0.0279521122024 0.002175332146 0.0297052620965 0.0381557296574 0.0302660884625 0.0198891454066 0.0351994850229 0.0205241187611 0.00181269900446 0.0258517176323 0.0135287454884 0.0118313071406 0.00500898908597 0.0345929573125 0.0231465280424 
0.0114765581501 0.0124089125336 0.0212350094997 0.0493629704386 0.0286280319769 0.0129065077588 -0.00618697077994 0.00936060748603 0.0255384397115 0.0307801899212 0.0473363952435 0.461080950005 0.0123902901618 0.0117153975425 0.0380205801397 0.00802966959695 -0.0143809325997 0.0534789934821 0.00547984322867 0.0442064607901 0.0181649799791 0.010341171028 0.0083793386664 0.00559593518524 0.0317247264606 -0.00647012908356 0.0323249138511 0.00830735046732 0.0192087723405 0.0117554415251 -0.00124688605084 0.0313864700468 0.0308917313167 0.0166428712658 0.0102957115432 0.0365407817466 0.041441905894 0.0407703487413 0.00552573029004 0.0268225293821 0.0525636667498 -0.00297686791246 -0.00361601121116 0.0432447516109 0.00237004000169 0.00545721351977 0.0332046538987 0.010424749567 0.011892295265 0.0304423193817 0.0435988332796 0.0231536283201 0.0420998906288 0.000361887835758 0.0233892667053 0.0638605924979 0.0168111256526 0.0231511212076 0.0160528343618 0.0269006686695 
0.0109994807006 0.0116699358369 0.00783719526371 0.0273593915961 0.0170752539103 0.0122120109781 0.00591546311558 0.00365409520947 0.0214904266464 0.00838555521365 0.00283228611488 0.0123902901618 0.494063529547 0.00620163928085 0.0335891311815 0.00904709680718 0.0215127818623 0.011547263595 0.00479085079028 0.00381331027936 0.0439524701977 0.00523418295035 0.0084649888444 0.00917959759755 0.0245533527624 0.0221762350385 0.0266910617623 0.0153850880679 0.0122340668623 0.0337696091961 0.0160125171416 0.0206573865389 0.00569631263627 0.0200788200251 0.0123870885818 0.0204154750027 0.0268406374491 0.00733068257939 0.00598973292538 0.0252125684389 0.0425605839929 -0.00253847546258 0.0207567628193 0.0334376582217 0.0166129422808 -0.0108525687647 0.0190426215326 0.0299025376333 0.0140263179386 0.0113894907628 0.0318171333917 0.0329050149927 0.0216071224764 0.011895136636 0.0115451584441 0.0488172077415 0.00889809993836 0.103424510785 0.0178057938769 0.00101766520634 
0.0120107458958 0.0293822797258 0.0456490486969 -0.00270182261398 0.0257019553951 0.0168217106459 0.0111175083668 0.00608330566511 0.0250614299688 0.0135505711329 0.0171788056744 0.0117153975425 0.00620163928085 0.20986227117 -0.00514041282434 0.0125209923912 0.0225719716951 0.0154167947452 0.0165319538089 0.0279945446081 0.000696250762102 0.0109544742978 0.00317448894528 0.0113840186425 0.036136206664 0.0143890939305 0.00925628549924 0.0117259625016 0.0215891033584 0.0187764282335 0.0114788938679 0.0302311236046 0.00337816395215 -0.00208648038491 0.0162120751864 0.0391217545685 0.0192127966887 0.0133515049995 0.0147337915528 0.0170931713749 0.041031646497 0.0243884393013 0.041174955087 0.0245919923504 0.0104415166328 0.0191941036428 0.0125698503824 0.0275881830099 0.0147023337107 0.00476941172793 0.028554404678 0.00852480166218 0.0239364409737 0.00394784078208 0.0188423993034 0.0252259143061 0.00792826765281 0.00595986571645 0.0057096844952 0.012800553672 
0.010489753506 -0.0012427343514 0.00753677945494 0.0289103370754 0.0280812005743 0.0187082244317 0.021514863916 0.00934613533371 -0.00388983050966 0.0226588900995 0.0414587128935 0.0380205801397 0.0335891311815 -0.00514041282434 0.44953741334 0.00985793679312 0.0195218492717 0.0161988411529 0.0183788650477 0.00637966846463 -0.0164256524063 0.0302491624536 0.0212798853706 -0.00185611116355 0.0357320751759 0.00927404913006 0.0290989997675 0.0483646050715 0.000673343185931 -0.000136351587725 0.0122869882423 0.0387707803763 0.0158345808368 0.0110753823009 0.00685748995398 0.00193464245527 0.0268319143265 0.0106855296791 0.00159400660383 0.0366804840248 0.0457092746769 0.00460330257467 0.0171140335394 0.0927654432235 0.000671591845251 0.00238792695212 -0.00478580485182 0.0374850276882 0.0180930852401 0.00483485518361 0.0264120670576 0.0394423147741 0.0248390358857 -0.00285773681556 -0.00568845354428 0.0560795817759 0.0434286520069 0.0162085528675 0.0360110714757 0.00848564191576 
0.0203597045446 -0.000281843396047 0.00854795006438 -0.00545425152865 0.0129753916502 0.0078611547228 0.00663186281597 0.0140963476051 0.00211010519246 0.0163581102621 0.036537237978 0.00802966959695 0.00904709680718 0.0125209923912 0.00985793679312 0.194715687801 0.0157862516679 0.00140475329311 0.0174361023176 0.0121610625723 0.000904157910057 -0.00700816576745 0.00554295719409 0.00243480972249 0.00970743599939 0.0166200536136 0.0158722345249 0.0141286894247 0.0262137560056 0.00693690783251 0.00151595928669 0.00877369950211 0.0206613489325 0.0171824980177 0.0117167869389 0.0186587794135 0.00681334907289 0.029296142694 0.0026839550229 0.00199226404643 0.0220671998768 0.00322725438962 0.0263044652403 3.49184120437e-05 0.00099861266041 0.0483781482546 -0.00547173384145 0.00562244771751 0.00894401217556 0.0150442950615 0.00607058636929 0.0200368482773 0.0115133810134 0.00787952706594 0.00814771528755 0.0198711332198 0.0138057187589 0.0813066704605 0.0116261001621 0.0109447103919 
0.0091264890025 0.0175708448831 0.0182103494833 -0.00837479201682 0.0144976265284 0.00413675247548 0.0109778936126 0.00240938662494 0.0136678770462 0.0172181641145 0.00171951876484 -0.0143809325997 0.0215127818623 0.0225719716951 0.0195218492717 0.0157862516679 0.173104708332 -0.00323743779293 0.0099558785688 0.0125715496013 0.0157061732192 -0.00310643116867 0.0101694148313 0.00955723053995 0.0165591762725 0.00947698573199 0.0284990502753 0.0138857113394 0.0129106452351 0.012305905036 0.00813652923865 0.00900918706558 0.00763844741593 0.00445622825672 0.00662725421533 0.0132316877824 0.00716689524534 0.0212209039403 0.0114296536759 0.0038432707045 0.00528368503135 -0.00252846222618 0.0134734885404 -0.00515672198759 0.0132870510136 0.00519566823518 0.0176060301557 0.00099968312978 0.015893533587 0.0116596010178 0.0198260877908 0.0173687432238 0.0246728289907 0.0221121687634 -0.00343203256645 0.0013687228529 0.00218465921758 0.00415027653458 0.00904127521919 0.00542725798047 
0.0131093580449 0.0169525150213 0.00185714329354 0.189792261201 0.0182520640294 0.0144826977962 0.019238575966 0.00932369601972 0.0152207831543 0.0271047496696 0.00888900764859 0.0534789934821 0.011547263595 0.0154167947452 0.0161988411529 0.00140475329311 -0.00323743779293 0.456520349865 0.00614120488785 0.00615502146832 0.00154132907938 -0.0191551663159 0.00127822900871 0.0120185922748 0.0168073811639 0.0041583450999 0.00667840534093 0.0126905757517 0.0340138097114 0.031137220585 -0.00894837826635 0.0258255177048 0.0125807090921 0.00856786525145 0.0231072872917 0.0268840225619 0.0293346699625 0.000958902710654 0.0267343615725 0.0382950412937 0.0484489090409 0.0144333574598 0.0189957389087 0.0153527460391 -0.000553584045974 0.0554174882878 0.0449690779788 0.0221679978433 0.0087440316085 0.00790844521405 0.024141287889 0.00801333164651 0.0269200605917 -0.0139960486268 0.0221870713909 0.082425007237 0.0191930562273 0.0405386891721 0.0159970363358 0.00801897890591 
0.0115078408972 0.00289787288994 0.0214812658736 -0.00167112277468 0.0159546478169 0.0239254151109 0.0133497324279 0.00906348752923 0.0148615773357 0.00361494707928 0.0220034195908 0.00547984322867 0.00479085079028 0.0165319538089 0.0183788650477 0.0174361023176 0.0099558785688 0.00614120488785 0.126923515447 0.00840757854575 0.0118706565603 0.00731340043877 0.00248811066142 0.00989912323414 0.00523931164049 0.00853439436817 0.010066107937 0.0100809661033 0.00807990860932 0.0161620256748 0.0301185392607 0.0172551366102 0.0124825139127 0.0146060079696 0.0171272625156 0.012885831726 0.0043371234933 0.020261693672 0.000707212411109 0.00577722457476 0.0126545021672 -0.00205267489345 0.00233484102274 0.00977172502806 0.0119909275683 0.00204095173575 0.00930346176919 0.000343982918203 0.0270608209423 0.00744591771531 0.0240388229649 0.0102979560688 0.0121534777809 0.00822004944087 0.00346441214541 0.0144226954362 -0.00893960666812 -0.00679143585283 0.0145660331788 0.00791795819922 
0.00898460388966 0.0167382637804 0.0239605180091 0.00803814770436 0.0195966714068 0.0334978867814 0.00558190602038 0.00537893332695 0.0171552287994 0.0266022437697 0.00975275296835 0.0442064607901 0.00381331027936 0.0279945446081 0.00637966846463 0.0121610625723 0.0125715496013 0.00615502146832 0.00840757854575 0.214650956516 0.0131684743132 0.00923303890422 0.0130229109589 0.00863605480206 0.0306460756364 0.0254180050057 0.018207968128 0.00885011974752 0.0180922502735 0.0104423416317 0.0184955161059 0.0222986252116 0.00957913177784 0.0076126390091 0.0115516384747 0.0267119598503 0.020828878898 0.0395352201105 0.00363799357223 0.0116188564005 0.0644978946768 0.00543456300141 0.0402540203102 0.00893108193453 0.00926662730145 0.010697342052 0.0141918515645 0.0222313755288 0.0306405307744 -0.00550925960257 0.030326089574 0.0238838929439 0.0407277523499 0.0041372308668 0.0294407326447 0.037894911157 0.00868189795926 0.000725393290881 0.00367570381808 0.0123944680062 
0.0153713748898 0.0204045122599 0.0190977525736 0.0126282575962 0.0179073715077 0.00703971209232 0.00410676316597 0.00503358601415 0.024010607105 0.0182103704936 -0.000901599403034 0.0181649799791 0.0439524701977 0.000696250762101 -0.0164256524063 0.000904157910057 0.0157061732192 0.00154132907938 0.0118706565603 0.0131684743132 0.316876774198 0.00424130582648 0.0122204265399 0.00407333804537 0.0126100661269 0.0153577488691 0.0122485115004 0.00789033435409 0.00853849805201 -6.92740650155e-05 -0.00106802489413 0.0121608044317 0.0145575247092 0.015986092178 0.00211013187179 0.0123847982566 0.00824623680378 0.00964889276988 0.00232329362327 0.00657745822276 0.0417011039811 0.00241992078953 0.0192630509629 0.025444740785 -0.00475230645952 -0.010251496703 0.000860567610838 0.00884986378147 0.0223334726909 0.00487125415932 0.0169511951716 0.00971019598058 0.0162785482073 0.00761600267291 0.0150136354168 0.0157560240012 -0.00111557758418 -0.011851217582 -0.00231632494265 0.0178962821703 
0.00109254523931 0.00269779256506 0.00921714304741 0.00712406541165 0.0158990320884 -0.00110019251321 0.0310466978084 0.00275362026759 -0.00654740428869 -0.000114285712499 0.00999389476942 0.010341171028 0.00523418295035 0.0109544742978 0.0302491624536 -0.00700816576745 -0.00310643116867 -0.0191551663159 0.00731340043877 0.00923303890422 0.00424130582648 0.46003487182 0.0198619472125 0.0157977215485 0.0297075817597 0.00370688441591 0.00603261459608 0.0205546350917 0.00320717432987 0.0138784591359 0.0153857517215 0.0228150284282 0.0292068316071 -0.00619137162694 0.00480296924645 0.0164229095499 0.00567750462786 0.0171816889661 0.00395402238631 0.0148985516218 0.0140631644593 -0.0043388817238 0.0202757473127 0.0163896842716 0.00250391627481 0.000461923294105 0.0139554530698 0.079690308828 0.00853025810084 0.0208433070117 0.0173085100778 0.0143361427843 -0.00069405505797 0.014205292258 0.0112590977902 0.0248594342246 0.026659453441 -0.0252341969356 0.0181618774248 0.0167124008494 
-0.00277187669624 0.0062979568937 0.0104934068239 0.00490969177974 0.0150181126066 -0.00173614687227 0.00741175648078 0.0188164557204 0.00364037053244 0.0123843729159 0.00963027268335 0.0083793386664 0.0084649888444 0.00317448894529 0.0212798853706 0.00554295719409 0.0101694148313 0.00127822900871 0.00248811066142 0.0130229109589 0.0122204265399 0.0198619472125 0.216283514401 0.0014420893604 0.0215643338943 0.0197956281137 0.00749924569335 0.017638686694 0.00884681497113 -0.00752310364849 0.00620235060049 0.00733398521379 0.0136927791833 -0.00213401120573 0.0176415992651 0.00764276698152 0.0133963656737 0.00542664493403 0.00690978094667 0.00441053824298 -0.000552763804831 0.0148494847486 0.00775588644782 0.00455055144438 0.00337572278991 0.00335242081299 0.0200078415136 0.0104276099443 0.0154505901294 0.00899861423587 0.0135473186583 0.0114039147911 0.0171679098867 0.00231717910565 0.0160460095413 0.00361266571737 0.00964085985663 0.0169594477616 -0.00655202295478 0.0112519792423 
0.00647872027386 0.0089363150059 0.0163377986722 0.0198000526459 0.00846531893192 0.00675607413127 0.00427390321329 0.0056173355791 0.024343643149 0.00144915869826 0.00575746882185 0.00559593518524 0.00917959759755 0.0113840186425 -0.00185611116355 0.00243480972249 0.00955723053995 0.0120185922748 0.00989912323414 0.00863605480206 0.00407333804537 0.0157977215485 0.0014420893604 0.13145234023 0.0221562906625 0.0174299476732 -0.00196992336485 0.00479909628518 0.0276161878815 0.041176963892 0.0212177984288 0.0125148090495 0.00897883320474 -0.000737786587724 0.00499027175554 0.0206561913655 0.00662963492328 0.0126966578559 0.0458958964404 0.00323704661785 0.00619089994078 0.00769080909242 0.00886250153209 0.0158182291969 0.0419281484658 0.0110597186629 0.0079209051716 0.0111337689188 0.0179913892497 0.0101271739407 0.0292497049608 0.00383829178322 -0.00196097923788 0.00179451408349 0.0100238441684 0.014280060349 -0.00464458515377 0.0069057745376 6.93263547521e-06 0.00931074704541 
0.0176965066555 0.0362945766651 0.023862642917 0.0173321439106 0.0161388425933 0.0176031132221 0.0691415563558 0.00544637272346 0.0254462058979 0.025996370749 0.0264440603857 0.0317247264606 0.0245533527624 0.036136206664 0.0357320751759 0.00970743599939 0.0165591762725 0.0168073811639 0.00523931164049 0.0306460756364 0.0126100661269 0.0297075817597 0.0215643338943 0.0221562906625 0.276779243097 0.00498873420414 0.0209218095217 0.0307760203181 0.0233857214101 0.00711050655156 0.00511541506177 0.035987367151 0.0276209420951 0.0156857149467 0.0123497880032 0.0257935867867 0.0331165973586 0.0266570106693 0.00793935066409 0.0170812392963 0.0312784102877 0.0228545687871 0.0347705722722 0.00879854117892 0.00985119312647 0.0088691937341 0.0243451976935 0.028635485634 0.0322632235712 0.0156920785598 0.0558187249011 0.0139777675989 0.0228303022391 0.00785205133059 0.00627281444891 0.0300589158291 0.00913375417475 -0.000779387677926 0.0150248575887 0.0120695661906 
0.0110084629193 0.0128793914758 0.0230324660655 -0.0107735465894 -0.00964192053615 0.0286629346513 -0.00267313510595 0.0311678821004 0.029049953827 0.00981143992554 0.0260023320548 -0.00647012908356 0.0221762350385 0.0143890939305 0.00927404913006 0.0166200536136 0.00947698573199 0.0041583450999 0.00853439436817 0.0254180050057 0.0153577488691 0.00370688441591 0.0197956281137 0.0174299476732 0.00498873420414 0.718148077333 0.0128013323807 0.00597784707432 0.0196707572273 0.00961412090471 0.0102642806321 -0.00293228047137 0.0149726000123 0.0108495668075 0.0233353087017 0.0503547326694 -0.00517958331143 -0.0101756965892 0.0157044787466 -0.00325737783463 0.00199437724935 0.00713349605864 0.0307988465246 0.00899019279434 0.00873271494451 -0.00174760377781 0.0120006345195 0.000677877647204 0.0153973845751 -0.0105439369386 0.00862657482549 0.0349308228653 0.0188015201482 0.0134811362203 0.035608757676 0.00103293303468 0.00749837350909 0.0140037848278 0.00217400151857 0.000765991374866 
0.0196078870397 0.0229103674016 0.018048433888 0.00420135160894 0.0212433342862 0.0271753899987 0.00029595912522 0.0170334316982 0.0274553231383 0.0267400878213 0.0294118364273 0.0323249138511 0.0266910617623 0.00925628549924 0.0290989997675 0.0158722345249 0.0284990502753 0.00667840534093 0.010066107937 0.018207968128 0.0122485115004 0.00603261459608 0.00749924569335 -0.00196992336484 0.0209218095217 0.0128013323807 0.260374221366 0.029084850378 0.0146370508882 0.00345778553385 0.0147680428178 0.0223697038898 0.0290343947419 0.010543493525 0.0199335047722 0.0173045797071 0.0225904987931 0.0410542367807 0.011443387532 0.00340259267581 0.0551757721384 0.0076663098208 0.0217832653844 0.0283547756884 0.000479123316336 -0.0024937012444 0.0295635164915 0.00134528677866 0.0146375062394 0.0140136266346 0.0213081682056 0.0742516699435 0.0300360531267 0.0195905708308 0.0195405832018 0.0254559314594 0.030234640746 0.0258801544211 0.00983481882876 0.0309795303818 
-0.0189833340831 0.0209165716709 0.0153852859419 0.0206409397926 0.0134447762871 0.00275715709313 0.00354451977141 0.0205802183343 0.0148352123603 0.0120898722283 0.0264137803567 0.00830735046732 0.0153850880679 0.0117259625016 0.0483646050715 0.0141286894247 0.0138857113394 0.0126905757517 0.0100809661033 0.00885011974752 0.00789033435409 0.0205546350917 0.017638686694 0.00479909628518 0.0307760203181 0.00597784707432 0.029084850378 0.301764157738 0.00885621623433 0.0063662678951 0.0194832400236 0.0175094503628 -0.00856747647116 0.0107138710551 0.00830788601058 0.0181843601049 0.0184063675533 0.0355151872337 -0.000138110490293 0.0228649169501 0.0286688099001 0.0248507255172 -0.00101523795748 0.0267453611501 0.00770538716779 0.00703998701258 0.013253847056 -0.00045718182488 0.0193860390401 -0.00574216682528 0.00119989736937 0.00288225454655 0.00461322773834 0.0116516070118 0.0111635512521 -0.00492585130818 0.0336747132044 0.0532311097128 0.0221893700866 0.0197267426164 
-0.00129909661984 0.0054615251237 0.0207533502601 0.0395715215661 0.0100646144406 0.0200334024486 0.00313530969951 0.0249730079082 0.023606408626 0.00931361340624 0.00649077211656 0.0192087723405 0.0122340668623 0.0215891033584 0.000673343185931 0.0262137560056 0.0129106452351 0.0340138097114 0.00807990860932 0.0180922502735 0.00853849805201 0.00320717432987 0.00884681497113 0.0276161878815 0.0233857214101 0.0196707572273 0.0146370508882 0.00885621623433 0.16382486278 0.0374422323612 0.0134089088894 0.0170687309363 0.0132502329628 0.0146879907573 0.0147476691223 0.0271409095732 0.0120121108213 0.0116102602977 0.0335285124246 0.00785092318975 0.0342237401137 0.0079796728298 0.00344091400446 0.0184227259129 0.0356604085754 0.0574055329349 0.0107614396743 0.00724715759639 0.0263632917844 0.00156109524882 0.020417425866 0.0037302715031 0.0198901527141 0.0133954336262 0.0286352537863 0.0313250165558 0.00914611714154 0.00770936385062 0.0243836817963 0.0186820380348 
-0.00392795585244 0.0211165659829 0.0200540712551 0.0387004848996 -0.00203788823018 0.0145096119362 0.0152101739884 0.00619252100202 0.0286756084429 0.0158148999691 0.00281023701082 0.0117554415251 0.0337696091961 0.0187764282335 -0.000136351587725 0.00693690783251 0.012305905036 0.031137220585 0.0161620256748 0.0104423416317 -6.92740650155e-05 0.0138784591359 -0.00752310364848 0.041176963892 0.00711050655156 0.00961412090471 0.00345778553385 0.0063662678951 0.0374422323612 0.249449563974 0.0302154517413 0.0163187527574 0.0108244817434 0.00379284416641 0.00951588578705 0.0261350426905 0.0146142142669 8.0390815202e-05 0.046657422943 0.0177484380464 0.0494637589085 0.0148831312552 -0.00285339590448 0.0148806075099 0.0611285654768 0.0158882996569 0.0113224327567 0.0418459397351 0.0147415726267 0.00650313193628 0.0192981299185 0.0137699380651 0.0178513304399 0.00754500441692 0.0413642554392 0.0119169728239 -0.00196091032282 -0.0112098580851 0.0208197112292 0.012893195123 
0.000683234553852 -0.00489887074099 0.022501519486 -0.000589582673409 0.00222712142718 0.00903084362446 -0.000158261790416 -0.00556655001149 0.0128198956404 0.004917728566 0.0108599725713 -0.00124688605084 0.0160125171416 0.0114788938679 0.0122869882423 0.00151595928669 0.00813652923865 -0.00894837826635 0.0301185392607 0.0184955161059 -0.00106802489413 0.0153857517215 0.00620235060049 0.0212177984288 0.00511541506177 0.0102642806321 0.0147680428178 0.0194832400236 0.0134089088894 0.0302154517413 0.380627116763 0.0255425712522 0.0157388875222 0.0115251795372 0.0162357184726 0.0290450237078 0.0021479878213 0.0252080894049 0.0139208000536 -0.00623796606355 0.00984762139598 -0.00412399776098 -0.00022839478663 0.00989953940995 0.0125371396101 0.00982311943008 -0.00424247187529 0.00506802372932 0.0272861640866 0.0157389550302 0.0301582293986 0.00211746172021 0.0052035079619 0.00127325951721 0.011607573997 0.004157443936 0.00222999446824 0.0168722806569 0.0042637058847 -0.000889342904249 
0.0190447193737 0.0216846295189 0.0178819985767 0.0255832658731 0.0112662391499 0.0182012872989 0.0270467511313 0.00643502784005 0.0217180053905 0.0243035028149 0.0283020101451 0.0313864700468 0.0206573865389 0.0302311236046 0.0387707803763 0.00877369950211 0.00900918706558 0.0258255177048 0.0172551366102 0.0222986252116 0.0121608044317 0.0228150284282 0.00733398521379 0.0125148090495 0.035987367151 -0.00293228047137 0.0223697038898 0.0175094503628 0.0170687309363 0.0163187527574 0.0255425712522 0.188558750865 0.0227833474843 0.0223265742929 0.0162872128238 0.0175498820666 0.0164012648991 0.0254362536082 0.0179125548648 0.0225874916264 0.0404328504876 0.00858045858549 0.036166739735 0.022114850387 0.0131274323516 0.00885783405412 0.0252269609173 0.0413172363429 0.0115872129175 0.00377374071258 0.0285882685794 0.0100460863119 0.0224090354764 0.01343788683 0.0139586748588 0.0389854048911 0.010624587676 0.00908421048077 0.00982794147642 0.0162405187929 
0.00411518339881 0.0239548993481 0.00651879359225 0.0035111072859 0.0238190172341 0.005864171512 0.0337015539498 -0.00142831118555 -0.00391537874379 0.00413056282206 0.0417232354467 0.0308917313167 0.00569631263627 0.00337816395215 0.0158345808368 0.0206613489325 0.00763844741593 0.0125807090921 0.0124825139127 0.00957913177785 0.0145575247092 0.0292068316071 0.0136927791833 0.00897883320474 0.0276209420951 0.0149726000123 0.0290343947419 -0.00856747647116 0.0132502329628 0.0108244817434 0.0157388875222 0.0227833474843 0.285933758234 0.00597666476691 0.000672922272544 0.0251738919687 0.00404568209531 0.0143994618802 0.00640763581175 0.00542641894386 0.0117511458003 0.0116148373316 0.0227340259434 0.0177227901506 0.00397486425305 0.00664196594161 0.000775413027672 0.0318837164362 0.00978247085067 0.0251562537136 -0.00239450487451 0.0261068094036 0.00584076380635 0.00535355261856 0.0365483092154 0.0578582611744 -0.00797321897129 0.015915039867 -0.00786983636893 0.0286414090144 
0.00164129039546 0.0310481602709 0.0066849248929 0.0124706331514 0.0176290919215 0.00273922118705 0.00864363413239 0.00847803020184 0.0120141232395 0.0235176209588 0.0072647939134 0.0166428712658 0.0200788200251 -0.00208648038491 0.0110753823009 0.0171824980177 0.00445622825672 0.00856786525145 0.0146060079696 0.00761263900909 0.015986092178 -0.00619137162694 -0.00213401120573 -0.000737786587724 0.0156857149467 0.0108495668075 0.010543493525 0.0107138710551 0.0146879907573 0.00379284416641 0.0115251795372 0.0223265742929 0.00597666476691 0.207798475647 0.00422280672756 0.0157277469978 0.0133613431527 0.0122646230666 0.00233951880476 0.0156146127309 0.0174744436661 0.0177821970791 0.0154457267827 0.030197208903 -0.000489179266159 0.00916620466785 0.00899190543865 0.00122624985472 0.0151084698578 -0.00209393229822 0.0151207404598 0.0199480700385 0.0136665340414 0.00916728847428 0.0148660915831 0.0100592941169 0.00792041007965 0.004335689024 0.0213110348934 0.000946930634362 
-0.00362758114202 0.00310708932519 0.0151516040913 -0.00307971151596 0.0116954948069 0.0205163593196 0.00389085838791 0.00779632069944 0.0177250623843 0.0294306474656 0.0444965746858 0.0102957115432 0.0123870885818 0.0162120751864 0.00685748995398 0.0117167869389 0.00662725421533 0.0231072872917 0.0171272625156 0.0115516384747 0.00211013187179 0.00480296924645 0.0176415992651 0.00499027175554 0.0123497880032 0.0233353087017 0.0199335047722 0.00830788601058 0.0147476691223 0.00951588578704 0.0162357184726 0.0162872128238 0.000672922272545 0.00422280672756 0.221753722911 0.00756251021939 -0.00303441664967 0.0102167593793 0.00848205105328 0.0243103693093 0.0211258078438 -0.00688497038304 0.00241845315635 0.0171155432944 0.00369832593666 0.0127172580128 0.0540086194041 0.00188169314694 0.00680860615413 0.0162911549324 0.00989335638818 0.0279244549603 0.0102770294335 0.0177916143687 0.0114745166144 0.0163147610222 0.00860959118931 -0.00498885541401 0.0108682904494 0.0107525848244 
0.0122448191563 0.01122758915 0.01978661207 0.0200105568999 0.0136984036889 0.00577417975456 0.00549549531967 0.0137845565708 0.0411816856213 0.0214325604413 0.0129793421935 0.0365407817466 0.0204154750027 0.0391217545685 0.00193464245527 0.0186587794135 0.0132316877824 0.0268840225619 0.012885831726 0.0267119598503 0.0123847982566 0.0164229095499 0.00764276698152 0.0206561913655 0.0257935867867 0.0503547326694 0.0173045797071 0.0181843601049 0.0271409095732 0.0261350426905 0.0290450237078 0.0175498820666 0.0251738919687 0.0157277469978 0.00756251021939 0.221352007983 0.0179548122683 0.0161574549691 0.0166459123907 0.0211275631418 0.0390244419884 0.0246975207379 0.021810373337 0.0353100537769 0.00854918859821 0.0140121752399 0.0142500724898 0.0220528312937 0.0319589928541 0.00605411635906 0.0253828719123 0.0117306189613 0.0257917499515 0.00701696455567 0.0249815756072 0.0394450042444 0.017952299795 0.0115733743188 0.00467153034064 0.0205442499051 
-0.00648738873373 0.00624013114369 0.00946436247648 0.0478140588436 0.0272016889459 0.0237220468501 0.0060697594823 0.0106541072849 0.00795890890659 0.0534420310354 0.0106709941311 0.041441905894 0.0268406374491 0.0192127966887 0.0268319143265 0.00681334907289 0.00716689524534 0.0293346699625 0.0043371234933 0.020828878898 0.00824623680378 0.00567750462786 0.0133963656737 0.00662963492328 0.0331165973586 -0.00517958331143 0.0225904987931 0.0184063675533 0.0120121108213 0.0146142142669 0.0021479878213 0.0164012648991 0.00404568209531 0.0133613431527 -0.00303441664967 0.0179548122682 0.262693772819 0.0140509362048 0.0049548883995 0.0116334613842 0.0258137060285 0.00126893882959 0.0202392372837 0.0377415459152 0.000101636737355 -0.00458140176936 0.00738846731928 0.0134519416709 0.0255168567839 0.0101536213047 0.0166010265207 0.0232379019223 0.0267519433488 0.0104323739507 0.00640417210404 0.0505668626074 0.0301378753916 0.00847396258932 0.00708513522694 0.0089671406561 
0.0185394866823 0.00856821808869 0.0217737145365 -0.0147435618432 0.0148829487058 0.0278705877332 0.0135909496824 0.00115335160419 0.00577638328266 0.00399085062353 0.0483423347686 0.0407703487413 0.00733068257939 0.0133515049995 0.0106855296791 0.029296142694 0.0212209039403 0.000958902710654 0.020261693672 0.0395352201105 0.00964889276988 0.0171816889661 0.00542664493403 0.0126966578559 0.0266570106693 -0.0101756965892 0.0410542367807 0.0355151872337 0.0116102602977 8.0390815203e-05 0.0252080894049 0.0254362536082 0.0143994618802 0.0122646230666 0.0102167593793 0.0161574549691 0.0140509362048 0.267407230532 0.00792411840312 0.022745464452 0.0562300792948 0.000811786534445 0.0048958918332 0.0103761017281 -0.00472274787324 0.00559119476539 0.0289267352629 0.00630260596151 0.0188599988695 -0.0186011788838 0.0311021394864 0.0422619744833 0.0191443142721 -0.00022750673154 0.0467329980408 -0.00444164934194 0.00555585825392 0.010828364309 0.0484319014249 0.0195469860631 
0.00329047771176 0.0194871909633 0.0164716121773 0.025404518417 0.00377287378203 0.00248340505093 0.00880274348158 0.00450560682019 0.025789127309 0.0129909436318 0.0119693415905 0.00552573029004 0.00598973292538 0.0147337915528 0.00159400660383 0.0026839550229 0.0114296536759 0.0267343615725 0.000707212411109 0.00363799357223 0.00232329362327 0.00395402238631 0.00690978094667 0.0458958964404 0.00793935066409 0.0157044787466 0.011443387532 -0.000138110490292 0.0335285124246 0.046657422943 0.0139208000536 0.0179125548648 0.00640763581175 0.00233951880476 0.00848205105328 0.0166459123907 0.0049548883995 0.00792411840311 0.174166961382 -0.00661660878215 0.00683092229855 0.00323913782121 0.00472520817042 0.00689449607737 0.0399406215026 0.0184311749161 0.00920266385639 0.00835063105479 0.0121669256106 0.00525628446068 0.0180581413889 0.00328689508246 0.00485240365954 0.00224803842825 0.0087730775427 0.00710953859467 0.00429394065209 -0.00114919055821 0.0117104571944 0.00517125146214 
