20
0.045759308444 0.0215013837744 0.0357981155146 0.0324915821016 0.0418020448473 0.023795453615 0.0248608942987 0.114457978761 0.0265727047954 0.0791308905459 0.0850489592031 0.0115927538848 0.0501483555771 0.0155341374053 0.0441448787565 0.0341115490789 0.040534814632 0.162626926374 0.0843714281037 0.200970993098 
0.221132552504 0.0177720245803 0.0206110224297 0.0217689051911 0.0271871744697 0.0258838476811 0.00590259931747 0.113239388236 0.0162794434413 0.0132233760088 0.0303009862173 0.0145985457654 0.0176969526623 0.00972403538263 0.0255356510569 0.014810944953 0.0182455976585 0.0505831329835 0.00299630982436 -4.54709094278e-05 
0.0177720245803 0.298072428745 0.0274089741548 0.0223422658933 0.0216668622018 0.0142595097466 0.0323167057839 0.0171584156656 0.00728445535659 0.0145391144828 0.0400092057955 0.0271709416101 0.0260750932396 0.0162167931046 0.0425752229901 0.00948609215765 -0.0120416000518 0.0137119783104 0.0137415081768 0.0132123075968 
0.0206110224297 0.0274089741548 0.26332571008 0.0322636232162 0.0200724727348 0.0249992013263 0.018383105964 0.0132201050376 0.0298582107419 0.00759170069683 0.0288021148909 0.0234163327207 0.020709544918 0.0206896366662 0.038809149001 0.00879564630554 0.00617284619401 0.00289547887631 0.0228945194699 -0.00297243657849 
0.0217689051911 0.0223422658933 0.0322636232162 0.317017240477 0.0120852892389 0.0151468922339 0.0278944187854 0.00452924192828 0.000522858404857 0.0221010895404 0.00249653062473 0.0249212115082 0.0194254897001 0.0136221372316 0.0214240956197 0.013819085413 0.0044817341389 0.00354846462655 0.0275650470397 0.0129628942876 
0.0271871744697 0.0216668622018 0.0200724727348 0.0120852892389 0.267487700588 0.0226539015135 0.0304159839892 0.0384749086142 0.0259519851771 0.0167052841972 0.0206824656016 0.025127532012 0.039053225717 0.000854201993309 0.0631236077591 0.0267832697684 0.00709521548168 0.0184861300584 0.0281974011457 0.0204452465573 
0.0258838476811 0.0142595097466 0.0249992013263 0.0151468922339 0.0226539015135 0.200457636004 0.0222118583409 0.0279661537631 0.0105306940778 0.0167445928707 0.0156145380554 0.0161042773085 0.00952761941949 0.0044981247146 0.0316208368344 0.0103244959019 0.0201384619606 0.0332061096141 0.00853110176608 0.00696644918976 
0.00590259931747 0.0323167057839 0.018383105964 0.0278944187854 0.0304159839892 0.0222118583409 0.228577116765 -0.00130845445714 0.0241675094282 0.00736660117612 0.0385350659128 0.0194978726484 0.0388922999992 0.0203969915421 0.0714681026469 0.0299392975953 0.00670422770525 0.00360027517701 0.0236268587341 0.0173999718393 
0.113239388236 0.0171584156656 0.0132201050376 0.00452924192828 0.0384749086142 0.0279661537631 -0.00130845445714 0.439295608582 0.00470020953401 0.0226271780219 0.0465389895603 0.00968108631366 0.0447695174595 0.0111411842589 0.0202337980189 0.00443755645253 0.0125291841482 0.0572647465678 0.00378833030405 -0.00424410879024 
0.0162794434413 0.00728445535659 0.0298582107419 0.000522858404856 0.0259519851771 0.0105306940778 0.0241675094282 0.00470020953401 0.206171757776 0.0042539673779 0.0204643677905 0.0228803545454 0.024148175181 0.0162411263759 0.0396253794084 0.0060057150312 -0.00710270925273 0.0777975462021 -0.019689607136 0.0138005459204 
0.0132233760088 0.0145391144828 0.00759170069683 0.0221010895404 0.0167052841972 0.0167445928707 0.00736660117612 0.0226271780219 0.0042539673779 0.625423926551 0.0234278465665 0.0114541972779 -0.00161969320733 0.012391493328 0.00524519429085 0.00960794468169 -0.00115590746042 0.00843778454723 0.019614787261 -0.0140631794767 
0.0303009862173 0.0400092057955 0.0288021148909 0.00249653062473 0.0206824656016 0.0156145380554 0.0385350659128 0.0465389895603 0.0204643677905 0.0234278465665 0.730296141154 0.0134009145913 0.0211931930795 0.00526904252317 0.0267998744681 0.0131275038233 0.00464353050253 0.0139260229455 0.0237964742909 0.0328863413581 
0.0145985457654 0.0271709416101 0.0234163327207 0.0249212115082 0.025127532012 0.0161042773085 0.0194978726484 0.00968108631366 0.0228803545454 0.0114541972779 0.0134009145913 0.148584449822 0.0339809328931 0.0134106640498 0.0297796709145 0.0124827935253 0.00271669855861 0.0108989454555 0.00893645720426 0.0040172057426 
0.0176969526623 0.0260750932396 0.020709544918 0.0194254897001 0.039053225717 0.00952761941949 0.0388922999992 0.0447695174595 0.024148175181 -0.00161969320733 0.0211931930795 0.0339809328931 0.277955988331 0.0229740208095 0.0425480437288 0.0400093614069 0.00295432992461 0.00962772389604 0.0317722846302 0.0368213518196 
0.00972403538263 0.0162167931046 0.0206896366662 0.0136221372316 0.000854201993309 0.0044981247146 0.0203969915421 0.0111411842589 0.0162411263759 0.012391493328 0.00526904252317 0.0134106640498 0.0229740208095 0.195006847234 0.00609729714962 -0.000622872755711 0.000818959174727 -0.00472405353339 -0.00111125443414 0.00546741338259 
0.0255356510569 0.0425752229901 0.038809149001 0.0214240956197 0.0631236077591 0.0316208368344 0.0714681026469 0.0202337980189 0.0396253794084 0.00524519429085 0.0267998744681 0.0297796709145 0.0425480437288 0.00609729714962 0.261569434656 0.0212384367071 0.00467678372089 0.0167038837636 0.0533446665705 0.000780235498359 
0.014810944953 0.00948609215765 0.00879564630554 0.013819085413 0.0267832697684 0.0103244959019 0.0299392975953 0.00443755645253 0.0060057150312 0.00960794468169 0.0131275038233 0.0124827935253 0.0400093614069 -0.000622872755711 0.0212384367071 0.231088730098 0.00180467942614 0.00878143568073 0.0200859851669 0.0121695823548 
0.0182455976585 -0.0120416000518 0.00617284619401 0.0044817341389 0.00709521548168 0.0201384619606 0.00670422770525 0.0125291841482 -0.00710270925273 -0.00115590746042 0.00464353050253 0.00271669855861 0.00295432992461 0.000818959174727 0.00467678372089 0.00180467942614 0.53656714239 0.00837669076766 -0.0019752005713 -0.00351443849485 
0.0505831329835 0.0137119783104 0.00289547887631 0.00354846462655 0.0184861300584 0.0332061096141 0.00360027517701 0.0572647465678 0.0777975462021 0.00843778454723 0.0139260229455 0.0108989454555 0.00962772389604 -0.00472405353339 0.0167038837636 0.00878143568073 0.00837669076766 1.12694426125 0.0242673419171 0.0204997822154 
0.00299630982436 0.0137415081768 0.0228945194699 0.0275650470397 0.0281974011457 0.00853110176608 0.0236268587341 0.00378833030405 -0.019689607136 0.019614787261 0.0237964742909 0.00893645720426 0.0317722846302 -0.00111125443414 0.0533446665705 0.0200859851669 -0.0019752005713 0.0242673419171 0.864898448988 0.0566711303779 
-4.54709094276e-05 0.0132123075968 -0.00297243657849 0.0129628942876 0.0204452465573 0.00696644918976 0.0173999718393 -0.00424410879024 0.0138005459204 -0.0140631794767 0.0328863413581 0.0040172057426 0.0368213518196 0.00546741338259 0.000780235498359 0.0121695823548 -0.00351443849485 0.0204997822154 0.0566711303779 0.930796575851 

['XOM', 'INTC', 'WAG', 'AZO', 'GWW', 'ETR', 'SNV', 'XTO', 'SAFC', 'UVN', 'EBAY', 'PBI', 'BMS', 'MDP', 'MEL', 'CTL', 'KSE', 'TXU', 'WAT', 'GM']