40
0.0437869579852 0.074230100705 0.0704019073317 0.0910259677787 0.0471087328402 0.0128714932266 0.0299059053764 0.0223320424584 0.0576577356707 0.0384738749472 0.070265204238 0.0766147585819 0.0325349378307 0.0270240384822 0.129241945615 0.142835786571 0.0373994541978 0.0168064994581 0.0725669815102 0.0262343191133 0.0690415105338 0.0191748751409 0.0424048973372 0.0545718905582 0.15717092416 0.0909027791802 0.0746691414478 0.00699576056141 0.0695535734162 0.371102806834 0.0247746242904 0.0206637964956 0.0296866664977 0.0669692816613 0.121001700606 0.0348828940045 0.0335319673985 0.0451551332239 0.0613427887106 0.10135047428 
0.282036478344 0.0259915441639 0.0160254159408 0.0168579523339 0.0142431815876 0.0137064395518 0.0187127432906 0.000454389690058 0.0187867382599 0.0153070222113 0.00466539534413 0.0069123505793 0.0380902712972 0.0139541180337 0.0170052994231 0.00176140280232 0.0214487354586 0.00125773233514 0.022814435103 0.0227701852282 0.00904267206358 0.0165020236838 0.00395401745838 0.0269337738927 0.00843993223347 0.0212156101383 -0.00144895453287 0.0064603313403 0.00133414964329 0.0170441725691 0.0043075759145 0.0191676849802 0.00979658297247 0.0061389967017 0.0173930078897 0.00473419380484 0.0196719854351 0.00283043046255 0.0128589422787 0.0237191572723 
0.0259915441639 0.502196764037 0.0812556279218 0.0484518445868 0.0317729602769 0.00480254771013 0.0262568106775 0.00339724365929 0.0645966261161 0.0238857787905 0.022401240154 0.0419974189907 0.0253450567799 0.0266369162861 0.0281534906577 0.0222838379865 0.0554709676801 0.0210659514044 0.0632978372453 0.0334662060017 0.0497181405183 0.0198630718939 0.0313496473079 0.0168856110022 0.058263591915 0.0317947169413 0.0593094282552 0.00306118388988 0.0215253167814 0.0144450054056 0.016974319693 0.0161764139187 0.053528843829 0.0605949437786 0.0672844058871 0.0281995489179 0.0611735502885 0.0275173077883 0.0223535000376 0.0585694095043 
0.0160254159408 0.0812556279218 0.270970964081 0.0371910059338 0.0281514597999 -0.00124717246566 0.0153697235678 0.00349382753 0.0160567538133 0.01618147808 0.00303307005158 0.0394700642115 0.0116759393892 0.0238779559268 0.00977232062245 0.00135000682909 0.0263889639519 0.0207419130995 0.0851742265664 0.0276831118838 0.0336974779926 0.0293081828692 -0.000209085096859 0.0303338018047 0.0457866346228 0.0205502379414 0.0299772315428 0.0085074761314 0.0194083960785 0.0251446915081 0.0252056599869 0.0209857188959 0.0389892172325 0.0464120477743 0.0616803800217 0.0277879696075 0.0421740460133 0.0112354934849 0.0240626043797 0.0380227331019 
0.0168579523339 0.0484518445868 0.0371910059338 0.431600394597 0.00808587952033 -0.00294677239619 0.0200339737495 0.000774751506501 0.00232188820904 0.0137825958805 0.0151075669468 0.00962235987537 0.0163110776902 -0.00831881795489 0.0297366938158 0.00532034127493 0.0235318686947 0.0114700244941 0.0234019537875 0.0132236874066 0.0238990176455 0.00921826552184 0.061589352343 0.00243119301575 0.0489707595549 -0.00340194427389 0.0536464879442 0.00570237849726 0.0302447632028 0.0131137656815 0.015592175522 0.00988182583558 0.00578728840812 0.0191203028345 0.0233661375036 0.0156044660426 0.0335499203407 0.0216437456096 0.0035087552403 0.0340227303308 
0.0142431815876 0.0317729602769 0.0281514597999 0.00808587952033 0.263330594806 -0.00318204354219 0.0137325771986 0.00437526601445 0.0117594919548 0.0129965247048 0.0253501370167 0.0192925765217 -0.00749597095531 -0.00619354790755 0.0214278490709 0.000508683210996 -0.00725279370244 7.55087165997e-05 0.0230873760648 -0.000966284951514 0.00248481393043 0.00670479778503 0.00940429851129 0.0366437951196 0.0237572024763 0.0323912659516 0.0194966001072 0.0171293549945 -0.00609795883533 0.0402953225067 0.00445473926663 0.0147150746279 0.0190137728963 0.00622344999505 0.0496485440482 0.0203281798369 0.018180340947 0.00439019358248 0.017486625169 0.0157602238174 
0.0137064395518 0.00480254771013 -0.00124717246566 -0.00294677239619 -0.00318204354219 0.224040858101 0.0030123242843 0.000393890136999 -0.0057222003559 -0.00408342603906 -0.00946220553777 0.0148305810065 0.00945866030188 0.00856274026843 -0.00742811674855 -0.0191123922116 -0.00288200555257 0.00489675232561 0.0121475634296 0.0210398626469 0.00966316574396 0.0143327663414 0.0214846546758 0.0167388148942 -0.00177513135174 0.00806913483553 0.0173737714578 0.0142893438857 0.0140979693767 0.00160214173924 0.0129421622112 0.00254626682704 0.017559344585 -0.0031522668618 0.000913304057445 0.00628755716165 0.00810876655836 0.0111374674215 0.00907340250577 -0.00802089128421 
0.0187127432906 0.0262568106775 0.0153697235678 0.0200339737495 0.0137325771986 0.0030123242843 0.271815111933 0.00722582605328 0.0143703441151 0.00977615940111 0.0149155654068 0.0167380755633 0.0261984069586 0.00748961246311 0.0114450834741 0.000679055815515 0.0253668204889 0.000171817721085 0.0171061260856 0.0223068420603 0.0109386836827 0.0238270556901 0.0239440899192 0.00923014910682 0.0313521493411 0.00171337295039 0.0327641911743 0.0143035483559 0.00429760691099 0.0198923833932 0.00727006911155 0.0325204573488 0.00909282478182 0.0252767342703 0.0100524701799 0.0158396737252 0.0211100371307 0.0115593172963 0.0171905810941 0.0349576744151 
0.000454389690058 0.00339724365929 0.00349382753 0.000774751506501 0.00437526601445 0.000393890136999 0.00722582605328 0.208275766019 0.00460987288214 0.00608028863135 0.0102720775554 0.0109233899321 0.0167470415426 0.00082207059138 -0.00529602434643 0.00638377367922 0.0124884164704 0.000995903038725 0.0205718826425 0.00179070490153 0.00607867400475 0.00202661176796 0.0149109574753 0.0101592729642 0.0151011247274 0.0179401584699 -0.0090283316885 0.00873827199114 -0.00404522442598 0.00895897963631 0.0137477962839 0.00325565413853 0.00527372828361 -0.00272797208929 0.0164664765973 0.00896360808907 0.0169745499708 0.00475518704007 0.00177091352831 0.00272531508379 
0.0187867382599 0.0645966261161 0.0160567538133 0.00232188820904 0.0117594919548 -0.0057222003559 0.0143703441151 0.00460987288214 0.245225747467 0.0149812260564 -0.00519508418632 0.0310073468009 0.0082689357797 0.0121309488914 -0.0129525765206 0.0046703609804 0.0260129486327 0.0204286618551 0.0331832070889 0.0148120199814 0.035570146628 0.0164364653826 0.0215718472899 0.02128218199 0.0209769329521 -0.00213277479386 0.0123588923836 0.0287348122806 0.0301472219107 0.022301027312 0.0292187853667 0.023122131289 0.030806991535 0.0264840909393 0.0044365529257 0.0156601977034 0.0210946435575 0.0151197883552 0.0147672803558 0.0318549379538 
0.0153070222113 0.0238857787905 0.01618147808 0.0137825958805 0.0129965247048 -0.00408342603906 0.00977615940111 0.00608028863135 0.0149812260564 0.235458346204 0.0137171839203 0.00737668788037 0.00790636622513 -0.001907797974 0.0189078012162 0.00845623093851 0.00691295089602 0.00841836200622 0.0182833554346 0.0125499996281 0.0269317556021 0.00492871224711 0.0124685198052 0.0282628200213 0.0163481866977 0.0186361811436 0.00869273207117 0.00552842000564 0.00285343870902 0.0309109988032 0.00716155491516 0.00489598355441 0.0107970430214 0.0189560958211 0.0107745902303 0.00399453047538 0.0122572119353 0.0116287427377 0.0147260992195 0.00613776685543 
0.00466539534413 0.022401240154 0.00303307005158 0.0151075669468 0.0253501370167 -0.00946220553777 0.0149155654068 0.0102720775554 -0.00519508418632 0.0137171839203 0.981261692363 0.0108171758188 0.0145871972249 -0.00509080144206 -0.0247799806297 -0.0118595968516 0.00737611207978 0.0060797784287 0.00453510015195 0.0196539206227 0.0256084875819 0.0134698461128 0.0142064402975 0.000705599440928 0.0163713841265 -0.00923146318102 0.031131722217 0.0155345348711 0.0105301025352 0.0206055132534 0.0129333069342 0.0153134772859 0.00390252972615 -0.00647683092265 0.0165488977471 0.010356544841 0.00114575162958 0.00995038095038 0.000364633730604 0.0190480181213 
0.0069123505793 0.0419974189907 0.0394700642115 0.00962235987537 0.0192925765217 0.0148305810065 0.0167380755633 0.0109233899321 0.0310073468009 0.00737668788037 0.0108171758188 0.481997397952 0.032205066863 0.0179639495294 0.0346775384835 0.00327718342629 0.0199879465117 0.00987644034327 0.0424549491332 0.017987319482 0.0658030664107 0.0135718305831 0.00154408444139 0.0275120655056 0.0668005282639 0.00303300245969 0.0213155201372 -0.00229192872202 0.00679355425389 0.0601932869705 0.00992491813808 0.0159774325988 0.0243765492128 0.0235906638565 0.0172956255863 0.0274657936641 0.0265777968631 0.0136718839634 0.0182806140995 0.0623708788788 
0.0380902712972 0.0253450567799 0.0116759393892 0.0163110776902 -0.00749597095531 0.00945866030188 0.0261984069586 0.0167470415426 0.0082689357797 0.00790636622513 0.0145871972249 0.032205066863 0.290035793221 0.0162472027353 0.0227448713312 -0.00590339597361 0.017413124398 0.0332452815887 0.0231667185907 0.010417111209 0.0231180805341 0.0149965446571 0.00899633917236 0.017614579014 0.0307175724119 0.000817340661978 0.00733857035035 0.00721822459548 0.0129831161739 0.0244436198397 0.0130161386859 0.0170302282731 0.00509992199322 0.0239598996542 0.00293127249395 0.00786150611447 -0.00642802351119 0.0041324633216 -0.00588893853651 -0.0103171199509 
0.0139541180337 0.0266369162861 0.0238779559268 -0.00831881795489 -0.00619354790755 0.00856274026843 0.00748961246311 0.000822070591379 0.0121309488914 -0.00190779797401 -0.00509080144206 0.0179639495294 0.0162472027353 0.223892743881 -0.00426936838544 0.0103888287396 0.0206301375886 0.00928846082237 0.0261801035194 0.0301184410459 0.0148973434409 0.028900843663 0.00034129447879 0.0198339681609 0.0291000883221 0.00892176608902 0.0161475117177 0.0031924497554 0.008284458042 -0.0216438756808 0.0116960392851 0.0326568384857 0.0269947893601 -0.00274422487895 0.022224449025 0.00600745321249 0.0202075746966 -0.0101559446411 0.00539360045354 0.023565228081 
0.0170052994231 0.0281534906577 0.00977232062245 0.0297366938158 0.0214278490709 -0.00742811674855 0.0114450834741 -0.00529602434643 -0.0129525765206 0.0189078012162 -0.0247799806297 0.0346775384835 0.0227448713312 -0.00426936838544 0.561001411497 0.0127691433111 0.0161486056889 0.0158410010349 0.0230412741539 -0.00727085164101 0.0318918889364 0.0164273005749 0.00921127591331 0.0148669672243 0.0196606425716 0.012283194959 0.00119544417787 0.0196463751368 -0.0203943007127 0.0910564603634 0.00962384776005 0.016253049762 0.00619898698019 -0.00389566164599 0.0489325019058 0.0154629777657 0.0157891994977 0.00379387341635 0.0164391740765 -0.00133240757888 
0.00176140280232 0.0222838379865 0.00135000682909 0.00532034127493 0.000508683210996 -0.0191123922116 0.000679055815515 0.00638377367922 0.0046703609804 0.00845623093851 -0.0118595968516 0.00327718342629 -0.00590339597361 0.0103888287396 0.0127691433111 1.25428265302 0.005001458699 -0.0061742891034 0.0116268679432 0.0138294248106 0.0200221875651 0.0162581457067 0.0108224404115 0.0131179585925 0.00423913288705 -0.000436884310003 -0.0126011592425 0.0141968497356 0.000532885348062 0.0124880859745 0.00028019083711 0.0270756342534 -0.00696014668026 0.0104997191374 0.0103901081416 0.00533046952066 0.00451194413344 0.0370437879859 0.013633823764 -0.000476543579327 
0.0214487354586 0.0554709676801 0.0263889639519 0.0235318686947 -0.00725279370244 -0.00288200555257 0.0253668204889 0.0124884164704 0.0260129486327 0.00691295089602 0.00737611207978 0.0199879465117 0.017413124398 0.0206301375886 0.0161486056889 0.005001458699 0.317410377171 0.00537674275603 0.0343124359548 0.0176289138123 0.0209651100387 0.0252774456544 0.0400268545318 0.00337753117409 0.0236164158372 0.0163527269961 0.0200952585548 0.00688538848644 0.00353295693306 0.0088151004372 0.0231429665693 0.02257598574 0.0257671930784 0.0166030025239 0.0235047716197 0.0100305298046 0.0293027917628 0.00473942890572 0.0112356855953 0.00359574788006 
0.00125773233514 0.0210659514044 0.0207419130995 0.0114700244941 7.55087166009e-05 0.00489675232561 0.000171817721084 0.000995903038726 0.0204286618551 0.00841836200622 0.0060797784287 0.00987644034327 0.0332452815887 0.00928846082237 0.0158410010349 -0.0061742891034 0.00537674275603 0.213261329758 0.0029617679286 0.0285525720733 -0.00414487083689 0.0155510461776 0.00940862003743 0.00859561800992 0.0227502189323 0.0030160907012 0.0190363135407 0.017762053771 0.00268331778745 0.00199030340595 0.00276348183218 0.0130815854054 0.0280125399612 0.0177000949611 0.0120478226259 0.0106778300351 0.0139740910443 0.0205588069661 0.0109637371311 0.00460043931131 
0.022814435103 0.0632978372453 0.0851742265664 0.0234019537875 0.0230873760648 0.0121475634296 0.0171061260856 0.0205718826425 0.0331832070889 0.0182833554346 0.00453510015195 0.0424549491332 0.0231667185907 0.0261801035194 0.0230412741539 0.0116268679432 0.0343124359548 0.0029617679286 0.274814709118 0.0312332877034 0.0398213273976 0.0299537896897 0.0117843557856 0.0219136176806 0.055312915121 -0.00153940883812 0.0306964340481 0.0101472515668 0.0175163122898 0.0374501644541 0.0344751669948 0.0154674120558 0.0293861304111 0.0428764331683 0.0458785212759 0.0311766513689 0.0446515036409 0.00904348400382 0.00755109900399 0.0253582176181 
0.0227701852282 0.0334662060017 0.0276831118838 0.0132236874066 -0.000966284951514 0.0210398626469 0.0223068420603 0.00179070490153 0.0148120199814 0.0125499996281 0.0196539206227 0.017987319482 0.010417111209 0.0301184410459 -0.00727085164101 0.0138294248106 0.0176289138123 0.0285525720733 0.0312332877034 0.18274252822 0.0207078552392 0.0360011693444 0.0152247483447 0.00774483684784 0.0187180826035 0.0118962416011 0.0245855172116 0.0206315295732 0.00560904016675 -0.00364900549065 0.0245764178221 0.0212209777043 0.039317224798 0.0182681532616 0.019777315588 0.00584179685774 0.010747285159 0.00772450563811 -0.00462755854508 0.0369954064098 
0.00904267206358 0.0497181405183 0.0336974779926 0.0238990176455 0.00248481393043 0.00966316574396 0.0109386836827 0.00607867400475 0.035570146628 0.0269317556021 0.0256084875819 0.0658030664107 0.0231180805341 0.0148973434409 0.0318918889364 0.0200221875651 0.0209651100387 -0.00414487083689 0.0398213273976 0.0207078552392 0.427795742472 0.0144939692017 -0.00568862127296 0.0218960364281 0.0725387094058 0.0226217187162 0.0375600399644 0.00327759676615 0.0114965626535 0.046073865179 0.0139437433138 0.0158114013272 0.0206726800664 0.0366662800444 -0.000467853138097 0.0275120664668 0.0462080780947 0.0274193917524 -0.0192521139775 0.0705739181287 
0.0165020236838 0.0198630718939 0.0293081828692 0.00921826552184 0.00670479778503 0.0143327663414 0.0238270556901 0.00202661176796 0.0164364653826 0.00492871224711 0.0134698461128 0.0135718305831 0.0149965446571 0.028900843663 0.0164273005749 0.0162581457067 0.0252774456544 0.0155510461776 0.0299537896897 0.0360011693444 0.0144939692017 0.177496000057 -0.00972395249277 0.0190799241468 0.0294226071967 0.00841708366821 0.00786712488858 0.00926959484174 0.0156353863811 0.0181212287324 0.00220430859612 0.0205355472162 0.0360615445783 0.0121863043064 0.0252796778474 0.0122832069723 0.01658959576 0.00795134944598 0.00486503828695 0.0188309505393 
0.00395401745838 0.0313496473079 -0.000209085096859 0.061589352343 0.00940429851129 0.0214846546758 0.0239440899192 0.0149109574753 0.0215718472899 0.0124685198052 0.0142064402975 0.00154408444139 0.00899633917237 0.00034129447879 0.00921127591331 0.0108224404115 0.0400268545318 0.00940862003743 0.0117843557856 0.0152247483447 -0.00568862127295 -0.00972395249277 0.393323979398 0.00809650333346 0.00924088261366 -0.0151836479991 0.00975286715945 0.00297846300285 0.017245830541 -0.000308156525344 0.0146498625794 0.00264119306603 0.0110836684437 0.0165843894135 0.00671677134365 0.000484468286549 0.0115596185061 0.0219933963038 0.0180003192992 0.00223129387474 
0.0269337738927 0.0168856110022 0.0303338018047 0.00243119301575 0.0366437951196 0.0167388148942 0.00923014910682 0.0101592729642 0.02128218199 0.0282628200213 0.000705599440928 0.0275120655056 0.017614579014 0.0198339681609 0.0148669672243 0.0131179585925 0.00337753117409 0.00859561800992 0.0219136176806 0.00774483684784 0.0218960364281 0.0190799241468 0.00809650333346 0.279103503645 -0.00452946718688 0.0562021566905 0.0141533752015 0.0405893560142 -0.00984767484012 0.0249050807322 0.00755535571212 0.0208481813995 0.0262470299835 -0.00191409307462 0.024642968068 -0.00186055470591 0.00891679227725 0.0172087834475 0.0472091343046 0.00159230468884 
0.00843993223347 0.058263591915 0.0457866346228 0.0489707595549 0.0237572024763 -0.00177513135174 0.0313521493411 0.0151011247274 0.0209769329521 0.0163481866977 0.0163713841265 0.0668005282639 0.0307175724119 0.0291000883221 0.0196606425716 0.00423913288705 0.0236164158372 0.0227502189323 0.055312915121 0.0187180826035 0.0725387094058 0.0294226071967 0.00924088261366 -0.00452946718688 0.621230714574 0.0122559490908 0.052432719242 -0.00329921370327 0.0161103802333 0.0946043302972 0.0310076544908 0.00964125976725 0.0228060203084 0.052080312961 0.0107322685157 0.050467754671 0.0420411589696 0.00983449726832 0.0185165548545 0.0420532803629 
0.0212156101383 0.0317947169413 0.0205502379414 -0.00340194427389 0.0323912659516 0.00806913483553 0.00171337295039 0.0179401584699 -0.00213277479386 0.0186361811436 -0.00923146318102 0.00303300245969 0.000817340661978 0.00892176608902 0.012283194959 -0.000436884310003 0.0163527269961 0.0030160907012 -0.00153940883812 0.0118962416011 0.0226217187162 0.00841708366821 -0.0151836479991 0.0562021566905 0.0122559490908 0.494703817773 -0.00955422585733 0.00649323218153 -0.00459842504537 0.0350891480767 0.00589500719747 0.00140313760222 0.00499918096666 -0.0242047922865 0.0530529125637 -0.00510209379709 0.0187804221478 0.00273482304164 -0.00106580824065 0.0300625704647 
-0.00144895453287 0.0593094282552 0.0299772315428 0.0536464879442 0.0194966001072 0.0173737714578 0.0327641911743 -0.0090283316885 0.0123588923836 0.00869273207117 0.031131722217 0.0213155201372 0.00733857035035 0.0161475117177 0.00119544417787 -0.0126011592425 0.0200952585548 0.0190363135407 0.0306964340481 0.0245855172116 0.0375600399644 0.00786712488858 0.00975286715945 0.0141533752015 0.052432719242 -0.00955422585733 0.49518876243 0.0243269107691 0.0164600820624 0.0243632625586 0.0218419559168 0.0214960363767 0.0336691946911 0.034699014291 0.00557663637923 0.00413687866539 0.0245278953067 0.0106790408436 -0.00868546590331 0.0649897435044 
0.0064603313403 0.00306118388988 0.0085074761314 0.00570237849726 0.0171293549945 0.0142893438857 0.0143035483559 0.00873827199114 0.0287348122806 0.00552842000564 0.0155345348711 -0.00229192872202 0.00721822459548 0.0031924497554 0.0196463751368 0.0141968497356 0.00688538848644 0.017762053771 0.0101472515668 0.0206315295732 0.00327759676615 0.00926959484174 0.00297846300285 0.0405893560142 -0.00329921370327 0.00649323218153 0.0243269107691 0.15179699018 -0.00100742388385 0.0145723505332 0.00982582270621 0.00939358851977 0.0206184568021 0.00770016958029 0.0249817644845 0.00166623582022 0.00657564311726 0.00541490645702 0.0162231635505 0.00405520887105 
0.00133414964329 0.0215253167814 0.0194083960785 0.0302447632028 -0.00609795883533 0.0140979693767 0.00429760691099 -0.00404522442598 0.0301472219107 0.00285343870902 0.0105301025352 0.00679355425389 0.0129831161739 0.008284458042 -0.0203943007127 0.000532885348062 0.00353295693306 0.00268331778745 0.0175163122898 0.00560904016675 0.0114965626535 0.0156353863811 0.017245830541 -0.00984767484013 0.0161103802333 -0.00459842504536 0.0164600820624 -0.00100742388385 0.39693907719 0.0392593577005 0.040226318024 0.0209202964168 0.0147012182501 0.019461568678 -0.00175740674226 0.00274850588325 0.00689264628151 -0.00490757948549 -0.00206763457329 0.0209945904231 
0.0170441725691 0.0144450054056 0.0251446915081 0.0131137656815 0.0402953225067 0.00160214173924 0.0198923833932 0.00895897963631 0.022301027312 0.0309109988032 0.0206055132534 0.0601932869705 0.0244436198397 -0.0216438756808 0.0910564603634 0.0124880859745 0.0088151004372 0.00199030340595 0.0374501644541 -0.00364900549065 0.046073865179 0.0181212287324 -0.000308156525344 0.0249050807322 0.0946043302972 0.0350891480767 0.0243632625586 0.0145723505332 0.0392593577005 1.24382166246 0.0355701525779 0.0126448886065 0.0250042649765 0.0357024647262 0.0114608384093 0.0240857322551 0.0353809513604 0.0287753705854 0.00652309052597 0.0354835589228 
0.0043075759145 0.016974319693 0.0252056599869 0.015592175522 0.00445473926663 0.0129421622112 0.00727006911155 0.0137477962839 0.0292187853667 0.00716155491516 0.0129333069342 0.00992491813808 0.0130161386859 0.0116960392851 0.00962384776005 0.00028019083711 0.0231429665693 0.00276348183218 0.0344751669948 0.0245764178221 0.0139437433138 0.00220430859612 0.0146498625794 0.00755535571212 0.0310076544908 0.00589500719747 0.0218419559168 0.00982582270621 0.040226318024 0.0355701525779 0.180577454529 0.019804441192 0.0233052546367 0.0197581661333 0.0168112983219 0.0210586067803 0.0175153763926 0.00213168087309 0.0136040496526 0.048003397089 
0.0191676849802 0.0161764139187 0.0209857188959 0.00988182583558 0.0147150746279 0.00254626682704 0.0325204573488 0.00325565413853 0.023122131289 0.0048959835544 0.0153134772859 0.0159774325988 0.0170302282731 0.0326568384857 0.016253049762 0.0270756342534 0.02257598574 0.0130815854054 0.0154674120558 0.0212209777043 0.0158114013272 0.0205355472162 0.00264119306603 0.0208481813995 0.00964125976725 0.00140313760222 0.0214960363767 0.00939358851977 0.0209202964168 0.0126448886065 0.019804441192 0.150605723424 0.0289538051196 0.0253907063971 0.0114808685305 0.0150305662 0.0137351664841 -0.000385883742753 0.0139683555342 0.0223658034123 
0.00979658297247 0.053528843829 0.0389892172325 0.00578728840812 0.0190137728963 0.017559344585 0.00909282478182 0.00527372828361 0.030806991535 0.0107970430214 0.00390252972615 0.0243765492128 0.00509992199322 0.0269947893601 0.00619898698019 -0.00696014668026 0.0257671930784 0.0280125399612 0.0293861304111 0.039317224798 0.0206726800664 0.0360615445783 0.0110836684437 0.0262470299835 0.0228060203084 0.00499918096666 0.0336691946911 0.0206184568021 0.0147012182501 0.0250042649765 0.0233052546367 0.0289538051196 0.219017557897 0.0340261859221 0.0265962388943 0.0247461536853 0.0196790046538 -0.00293783118525 0.00822373631414 0.0418196693037 
0.0061389967017 0.0605949437786 0.0464120477743 0.0191203028345 0.00622344999505 -0.0031522668618 0.0252767342703 -0.00272797208929 0.0264840909393 0.0189560958211 -0.00647683092265 0.0235906638565 0.0239598996542 -0.00274422487895 -0.00389566164599 0.0104997191374 0.0166030025239 0.0177000949611 0.0428764331683 0.0182681532616 0.0366662800444 0.0121863043064 0.0165843894135 -0.00191409307462 0.052080312961 -0.0242047922865 0.034699014291 0.00770016958029 0.019461568678 0.0357024647262 0.0197581661333 0.0253907063971 0.0340261859221 0.475517613234 -0.00272634242602 0.0272575477378 0.0343532491556 0.0250876099565 0.0141925476588 0.0530077818529 
0.0173930078897 0.0672844058871 0.0616803800217 0.0233661375036 0.0496485440482 0.000913304057445 0.0100524701799 0.0164664765973 0.0044365529257 0.0107745902303 0.0165488977471 0.0172956255863 0.00293127249395 0.022224449025 0.0489325019058 0.0103901081416 0.0235047716197 0.0120478226259 0.0458785212759 0.019777315588 -0.000467853138097 0.0252796778474 0.00671677134365 0.024642968068 0.0107322685157 0.0530529125637 0.00557663637923 0.0249817644845 -0.00175740674226 0.0114608384093 0.0168112983219 0.0114808685305 0.0265962388943 -0.00272634242602 0.735454149859 0.0134857437728 0.012252860815 0.0121383435881 0.000678550095529 0.0294886926543 
0.00473419380484 0.0281995489179 0.0277879696075 0.0156044660426 0.0203281798369 0.00628755716165 0.0158396737252 0.00896360808907 0.0156601977034 0.00399453047538 0.010356544841 0.0274657936641 0.00786150611447 0.00600745321249 0.0154629777657 0.00533046952066 0.0100305298046 0.0106778300351 0.0311766513689 0.00584179685774 0.0275120664668 0.0122832069723 0.00048446828655 -0.00186055470591 0.050467754671 -0.00510209379709 0.00413687866539 0.00166623582022 0.00274850588325 0.0240857322551 0.0210586067803 0.0150305662 0.0247461536853 0.0272575477378 0.0134857437728 0.236710905166 0.0187002065907 0.0257994675858 0.0172254561416 0.0328478243092 
0.0196719854351 0.0611735502885 0.0421740460133 0.0335499203407 0.018180340947 0.00810876655836 0.0211100371307 0.0169745499708 0.0210946435575 0.0122572119353 0.00114575162958 0.0265777968631 -0.00642802351119 0.0202075746966 0.0157891994977 0.00451194413344 0.0293027917628 0.0139740910443 0.0446515036409 0.010747285159 0.0462080780947 0.01658959576 0.0115596185061 0.00891679227725 0.0420411589696 0.0187804221478 0.0245278953067 0.00657564311726 0.00689264628151 0.0353809513604 0.0175153763926 0.0137351664841 0.0196790046538 0.0343532491556 0.012252860815 0.0187002065907 0.211935599836 0.00228379757689 -0.000138312318894 0.0425333481118 
0.00283043046255 0.0275173077883 0.0112354934849 0.0216437456096 0.00439019358248 0.0111374674215 0.0115593172963 0.00475518704007 0.0151197883552 0.0116287427377 0.00995038095038 0.0136718839634 0.0041324633216 -0.0101559446411 0.00379387341635 0.0370437879859 0.00473942890572 0.0205588069661 0.00904348400382 0.00772450563811 0.0274193917524 0.00795134944598 0.0219933963038 0.0172087834475 0.00983449726832 0.00273482304164 0.0106790408436 0.00541490645702 -0.00490757948549 0.0287753705854 0.00213168087309 -0.000385883742753 -0.00293783118525 0.0250876099565 0.0121383435881 0.0257994675858 0.00228379757689 0.305708372074 0.000472824441377 0.0135680175485 
0.0128589422787 0.0223535000376 0.0240626043797 0.0035087552403 0.017486625169 0.00907340250577 0.0171905810941 0.00177091352831 0.0147672803558 0.0147260992195 0.000364633730604 0.0182806140995 -0.00588893853651 0.00539360045354 0.0164391740765 0.013633823764 0.0112356855953 0.0109637371311 0.00755109900399 -0.00462755854508 -0.0192521139775 0.00486503828695 0.0180003192992 0.0472091343046 0.0185165548545 -0.00106580824065 -0.00868546590331 0.0162231635505 -0.00206763457329 0.00652309052597 0.0136040496526 0.0139683555342 0.00822373631414 0.0141925476588 0.000678550095529 0.0172254561416 -0.000138312318894 0.000472824441378 0.272844970476 0.0370489668198 
0.0237191572723 0.0585694095043 0.0380227331019 0.0340227303308 0.0157602238174 -0.00802089128421 0.0349576744151 0.00272531508379 0.0318549379538 0.00613776685543 0.0190480181213 0.0623708788788 -0.0103171199509 0.023565228081 -0.00133240757888 -0.000476543579327 0.00359574788006 0.00460043931131 0.0253582176181 0.0369954064098 0.0705739181287 0.0188309505393 0.00223129387474 0.00159230468885 0.0420532803629 0.0300625704647 0.0649897435044 0.00405520887105 0.0209945904231 0.0354835589228 0.048003397089 0.0223658034123 0.0418196693037 0.0530077818529 0.0294886926543 0.0328478243092 0.0425333481118 0.0135680175485 0.0370489668198 0.573313747652 

['WLP', 'KBH', 'GS', 'AW', 'CVX', 'MDT', 'XL', 'CAG', 'PSA', 'ABC', 'NFB', 'QCOM', 'EFX', 'FRE', 'DYN', 'THC', 'GPS', 'SLM', 'BSC', 'MI', 'A', 'AFL', 'ZMH', 'PEG', 'GLW', 'AES', 'ERTS', 'DTE', 'BLS', 'CIEN', 'VZ', 'AIG', 'AXP', 'EK', 'EP', 'AVY', 'ETN', 'BCR', 'RAI', 'LSI']