60
0.0254946283421 0.0206637964956 0.045915457725 0.093312473985 0.039859092222 0.022286409141 0.0394797478448 0.067654701563 0.0594494044175 0.0420146984796 0.0248078828137 0.0791308905459 0.199130076205 0.0533286406295 0.192324736986 0.0427797721554 0.0448250845436 0.0340091550877 0.07971303899 0.0383245101253 0.126958151155 0.0584548507687 0.0267965440056 0.0309081568087 0.0324915821016 0.136312174374 0.02473804396 0.0391901687574 0.0645874353538 0.114001255301 0.146363775453 0.0936563270582 0.0341115490789 0.118355026327 0.132143501856 0.0486959213786 0.0538734886168 0.0466521206007 0.0425593974561 0.0352458247454 0.0192488530763 0.148705689344 0.0246645675501 0.0361599942098 0.0153161335694 0.0514292405054 0.0501755430095 0.0289058353667 0.029419367 0.133327922328 0.0528259349661 0.0793031051092 0.0669692816613 0.0214039426083 0.0594687244428 0.0157982173188 0.0231877092109 0.026407260569 0.0384738749472 0.0738036440579 
0.186570847898 0.0166757647254 0.00307074189935 0.00792725583895 -0.00530449308736 0.00416039881991 -0.00197401418331 0.0305979723154 0.0112571981816 0.0182202874388 -0.00187755279426 0.0157090693289 0.012221384729 0.00116489776077 0.0121750188856 0.00552520481227 -0.0105034446634 0.00884736582912 0.01039660117 -0.0013090374712 0.023299574111 0.0153512515935 0.00911224716507 -0.000161397255422 0.00485764518622 0.00346481606151 0.0379281326754 0.00475965897023 -0.00599084138341 0.00704523100496 -0.00727322818693 0.0178958417904 0.02079950142 0.0163691798349 0.0112445252205 0.0136078117489 -6.5677037975e-05 0.0351397563648 0.0184883917933 0.00502022867544 0.00665093497289 0.0221370707223 0.0114926560429 0.0466001447976 0.0362117194318 0.0252572233931 0.00988375972604 0.00993798478395 0.0374013512876 0.00960209342554 0.0147375953489 -0.00238185356323 0.00398021938493 0.0136277834168 0.0105942035578 0.00505476020819 0.00959196621234 0.0172176854424 0.00744503952485 0.0154988789612 
0.0166757647254 0.144718189338 0.0256522324849 0.0101753313965 0.00850002969404 -0.00294136984813 0.0124929335891 0.0157208302912 0.0157358766874 0.0158393250131 0.0160816931598 0.0169524815842 0.00900955153551 0.00422766951293 0.0182339646492 0.0179900753838 0.0128730023244 0.0114596582064 0.00101996770431 0.0125727464172 0.00437421367584 0.0189322503597 0.0186552044338 0.0260366204098 0.0169472740505 -0.0089574887053 0.00920619373791 0.0147575827296 0.012110831663 -0.00610626155004 0.0330134509898 0.0175681248459 0.0101998104768 0.0121728288449 0.000589317683577 0.0260089285117 0.00454475286224 0.0129805552525 0.0186569778909 0.0106004691644 0.0182886305083 0.0154303757947 0.020231039232 0.00951570733127 0.0109168511229 0.0204977356129 0.00831595884631 0.0275548857205 0.00784716094042 0.0230415266134 0.0296602091111 0.011303727059 0.0240551709332 0.0101518624959 0.0148124872884 0.0182342337765 0.00670344339646 0.00652741481279 0.00292922518823 0.00766156195727 
0.00307074189935 0.0256522324849 0.319283127538 0.0100631146158 0.0087526624078 0.0139446395985 0.00727947989555 -0.000348449713249 0.0109513849363 0.0297436704785 0.000531444195941 0.00829530101573 0.0248714000106 0.00111894476904 0.0219377651387 0.0100722839148 -0.00772624599515 0.00958373468593 0.00509255688306 0.016252584899 0.0117372944754 0.000347693673311 0.0174912547979 0.0219749737553 0.0364332946725 -0.00525746133945 0.00696011701419 0.00698486024008 0.00657766839938 0.00706306929102 0.0111421923094 0.0227368729055 0.00876437655697 0.00925352655627 0.0179836999936 0.0300386329066 0.0137724979374 0.0113539158603 0.0112994002058 0.0185395325661 0.00579315836787 0.0409220065232 0.0151710148983 -0.00477575861598 0.0162933001456 0.0297002959191 0.00879455953111 0.0391641615063 0.00715611118369 0.0233926108298 0.0196954058177 0.0252857439843 0.0508225063697 0.0154243768522 0.0246935863893 0.0143119118806 0.019895322804 0.0213924555267 0.0211882044694 0.00713710716158 
0.00792725583895 0.0101753313965 0.0100631146158 0.403890550485 0.0139708846683 0.00505967750221 0.0162645072117 -0.00734293477203 -0.0123660001401 0.0500565399846 0.00755122612129 0.0127299771859 0.0848292990189 0.0131158877128 0.0804289431686 -0.00293356662142 -0.00959086226194 -0.0119555193598 0.00187509412425 0.015309091727 0.111963322089 0.0038910150916 0.000323908285775 -0.00739185916497 0.0160556042375 0.00346911908107 0.0119012987954 0.00784692182958 -0.00462206661679 0.00380216424439 0.0248565510196 0.00282254661643 0.0128145351523 0.00847228789013 0.15648469684 0.0207764146571 0.011003548566 0.0168227412794 0.0336828069661 0.00637397200463 0.00357152937767 0.00361562019795 -0.00120883498793 0.00631578135204 0.0194781851754 0.0228525758375 0.0414335317353 0.0262303908747 0.0132280309106 0.0301763516272 -0.00466476856882 0.0105915108463 0.00494532335152 0.0405347603941 0.0150647800318 -0.00267138805147 0.00842197508826 -0.00298702473389 0.0069015135815 0.00505418764531 
-0.00530449308736 0.00850002969404 0.0087526624078 0.0139708846683 0.265624545705 0.0203665400705 0.0192667521397 0.00689638473156 0.0426514014781 0.0226339729364 0.0150778048606 -0.00152855512878 0.0156323562428 0.0166206999962 0.0505804407947 0.0193882331822 0.0244091808392 -0.0010841634621 0.0208955551459 0.0178894915676 0.0335044012088 0.023522375733 0.0186956441375 0.0193063185928 0.00483717647904 -0.00269789268804 0.0129842598116 0.00834551112009 0.0217846737273 0.0273907476194 0.0142401239349 0.0276375898311 0.00870196364693 0.0248534855207 0.0400027119909 0.0110271563223 0.0146793996939 0.0159788590148 0.0257357424629 0.0233119673313 0.0109900736108 0.0170516785933 0.0231651424365 0.0107958215571 0.00365897850858 0.0321859631573 -0.0044858758746 0.0211261104152 0.0194412498485 0.016791878728 0.0157394309734 -0.00324767183627 0.0254608304413 0.0281134560054 0.00671593236055 0.00234829155909 0.0179831177474 0.0146162177476 0.0179627085375 0.00933842785162 
0.00416039881991 -0.00294136984813 0.0139446395985 0.00505967750221 0.0203665400705 0.243928891774 -0.000639241253879 0.00638844842983 -0.000623653308462 -0.000881301119818 -0.000647439260798 0.0161591760685 0.00297611919887 0.00707200468698 0.00716093937081 0.0111047856411 0.0116984293536 0.00732977670729 0.00188269583139 0.0126996577337 0.00924976463529 0.010320711515 -0.00220883747116 0.0152116681856 0.00814933553804 -0.0088374331404 0.00715867483983 0.00236380868419 0.0227650537772 0.000156774805816 0.00372116008592 -0.00431687442205 0.00940813397784 0.0194422516615 0.00565213644544 0.00936969768236 0.0176134259109 0.00995540713396 0.0021872346706 0.00505144450471 0.00662091545036 0.000425865082308 0.0017049911763 0.0076155927478 0.00193431358672 0.00944000230237 -0.00197536897384 0.0077278166948 0.00708950406814 0.0378493494489 -0.00421469305049 0.000984931636 0.0148273168337 0.00379725454676 0.00864233168114 0.00378177242315 0.00589719273412 0.00605690298974 -0.000495110459188 0.00244621582361 
-0.00197401418331 0.0124929335891 0.00727947989555 0.0162645072117 0.0192667521396 -0.00063924125388 0.32165226113 0.0200859553899 0.00994519623194 0.0188491639917 0.0233056709202 -0.0026454175181 0.0678884935313 0.0162828615999 0.0378465962241 0.0254652986088 0.017583203707 0.0238458749414 0.007843064966 0.0176104824619 0.0209747191536 0.024141530441 0.0329059670443 0.00685637806208 7.35278471472e-05 0.00291698593573 0.0106945388692 -0.0109978028617 0.0250969118799 -0.0194170995867 0.0198208241532 0.0214977019865 0.00595864023704 0.0196833530003 0.0134144014393 0.0301298718281 0.0309622193129 0.00397016025861 0.0111120537673 0.00827366692958 0.0140089133034 0.0269329214887 0.0113215330871 0.0158920574652 0.00306933496318 0.00900241513792 0.0150753792841 0.0145493189669 0.00257648437873 0.00125468850943 0.0102879077866 0.0350785323708 0.00800807037418 0.0209667051742 -0.00223825350084 0.0171174524939 0.00352264511274 0.0193875090394 0.00219141370751 0.0218105972798 
0.0305979723154 0.0157208302912 -0.000348449713248 -0.00734293477203 0.00689638473156 0.00638844842983 0.0200859553899 0.378762490919 0.00930605684045 0.0108014190146 0.00886967075177 -0.00887677844215 0.0111381002418 -0.00631427588306 0.0142434657545 0.00644719628934 0.00765645671521 0.00763484181581 0.0137002314398 0.0385288293201 0.0125903780941 0.019677794757 0.0182211877324 0.0238931534808 0.0032726515761 -0.00691252861426 0.0224231937412 0.00946110823098 -0.00374394060092 0.0135990052332 -0.00464309019867 0.00033750436658 0.00511434024722 0.00677483213917 -0.0119955114898 0.015116587197 0.000776658262132 0.0135211983118 0.0187829051069 0.00881783672801 0.0080131230537 0.0219166953083 0.00903630378922 0.0207853892425 0.0198493088987 0.0276438400527 -0.00902878252244 0.00485844860464 0.0229625457873 0.00347743580101 0.0202549894261 0.0110866380494 0.00470757902292 0.00201986317966 0.0146429699805 0.00527034950804 0.0143356902336 0.0332769524519 -0.00333408730573 0.0111171352308 
0.0112571981816 0.0157358766874 0.0109513849363 -0.0123660001401 0.0426514014781 -0.000623653308461 0.00994519623194 0.00930605684045 0.272141656883 0.0136028767517 0.0210982112944 0.00191626001986 0.0258108773766 0.024483029451 0.0538337520293 0.023085034873 0.0351792842945 0.0472369642438 0.029603887865 0.0192861030918 0.0113299961551 0.0373523589725 0.0381503619157 0.0226084344084 0.0185458860508 -0.0175155229983 0.0147099021572 0.0222709718151 0.017594103976 0.00872826156071 0.00858082210397 0.0156823224009 0.019176788357 0.0280271950133 0.0224779555134 0.0462752229558 0.0148648816132 0.0225091834579 0.0170795066603 0.0310083586165 0.0124311409566 0.0437893741895 0.0516300331637 0.0173815229144 0.0168145090079 0.0346063744631 0.0280701039127 0.0343932695494 -0.00162665921497 0.0131609735521 0.0478281613351 0.0487745917416 0.0254713179121 0.0250854657871 0.0205457371936 0.010613286689 0.00648723696643 0.0396732780698 0.0213658870286 0.0274840765664 
0.0182202874388 0.0158393250131 0.0297436704785 0.0500565399846 0.0226339729364 -0.000881301119817 0.0188491639917 0.0108014190146 0.0136028767517 0.200421919136 0.0193100158788 0.0103256388527 0.00619421628252 0.0138902774741 0.0468763160605 0.0273721072668 0.00885270212207 0.0112983453828 0.00694680937501 0.0202866511193 0.0408608731413 0.0179773548377 0.0143228889737 0.0109254485204 0.00625668391307 0.00630036925877 0.0117699497027 0.0159601832499 0.0148598353354 0.0116618627876 0.0117144015775 0.0405513756892 0.00961525933774 0.00796172088678 0.0351361521842 0.0231508927851 0.0105903979732 0.0278870223324 0.00216196488156 0.0131188292992 0.0057689252782 0.00618263808428 0.0131482561374 0.0169839954331 0.02693904084 0.023010388146 0.0136959684259 0.0293018169132 0.0196469049732 0.0116066987984 0.0178820610717 0.00766796807833 0.00873055071933 0.00872372956608 0.0128650609846 0.0239145934374 0.000482771850244 0.00852524049434 0.00951937934611 0.0200389104334 
-0.00187755279426 0.0160816931598 0.000531444195941 0.00755122612129 0.0150778048606 -0.000647439260798 0.0233056709202 0.00886967075177 0.0210982112944 0.0193100158788 0.206096162098 0.00454472254318 0.00539473335394 0.00952102930403 0.0244870047022 0.0160060214439 0.0196561805025 0.00457721739331 0.000494886029882 0.0463800290092 0.0215893098724 0.019035969799 0.00629956196575 0.00935005318827 0.000368882695418 -0.000869884827194 0.00313569302889 0.00411730731331 0.0172217525507 -0.00226655448063 0.0118789611997 0.0152092187583 0.00642570386021 0.00834733970719 -0.00131119054048 0.012383449267 0.0156724904296 0.0173033954538 0.017313614441 0.00549655729599 0.00571175742177 0.00623202078282 0.0139632800103 0.00043045725645 -0.00117562102052 0.0159463446967 -0.00624238121446 0.0144464320469 0.00277466182276 0.0223369090704 0.0106369317013 0.00227982365153 0.0144561038327 0.0243791889406 0.000862933839775 0.0199560088442 0.000114214998393 -0.00224676622333 -0.00722727756077 0.010736418273 
0.0157090693289 0.0169524815842 0.00829530101573 0.0127299771859 -0.00152855512878 0.0161591760685 -0.0026454175181 -0.00887677844215 0.00191626001986 0.0103256388527 0.00454472254318 0.621312306985 0.0267748867001 0.00647854248285 -0.00901990790312 0.014566280589 0.00858044001147 0.00707073052703 0.0140113376932 0.00779310071927 0.0243431842923 0.0130237591805 0.00655948063657 -0.00867642295808 0.017224451649 -0.00897010879618 -0.00950284308183 -0.00191698056838 0.0163446412701 -0.00104240703754 -0.0128636805163 -0.000679248328592 0.00699994668522 0.0195189653869 0.0337459849627 0.00700084720642 0.0240270470889 0.00581685703551 0.012376993109 -0.00615981229993 -0.000633673552528 0.00151398669584 0.00953037799001 0.00763047214065 0.00231491740834 0.00470081228629 0.0182530222478 0.00429696124029 0.00337468165171 0.00996745606681 -0.00397892522573 0.0120154427184 0.013657382018 0.000340040094169 0.0184043971515 0.000901086640588 0.00898024131938 0.0224653320121 0.000916211818463 0.00387998507328 
0.012221384729 0.00900955153551 0.0248714000106 0.0848292990189 0.0156323562428 0.00297611919887 0.0678884935313 0.0111381002418 0.0258108773766 0.00619421628252 0.00539473335394 0.0267748867001 0.585697736004 0.0098990073588 0.215015442912 0.0374618133139 0.0117269942828 0.00684407945265 0.029129137038 0.0127678636269 0.0746509794741 0.0106465805007 0.00866405608161 0.0074973263821 0.0222911019958 -0.0235038460255 0.0099147800281 0.0109269372416 0.0213240453639 0.00734750451746 0.0551698429778 0.0198168744246 0.00603604348316 0.0139033420227 0.0577122617795 0.0244399096996 0.0173634397658 0.0139485566361 0.0146970270631 0.000509882241528 0.0110525738706 0.0200637997715 0.00795864980033 0.0115895179901 0.0140453665346 0.0316930204445 0.0334058151824 0.0176683811283 0.00498558005679 -0.00597854550524 0.0215093145252 0.0347929622518 0.0321838240185 0.0221204835042 0.00032957999551 0.00800842110479 0.00990715065907 0.0164189861362 0.0232081491842 0.0392420585369 
0.00116489776077 0.00422766951293 0.00111894476904 0.0131158877128 0.0166206999962 0.00707200468698 0.0162828615999 -0.00631427588306 0.024483029451 0.0138902774741 0.00952102930403 0.00647854248285 0.0098990073588 0.266734126014 0.0271983856425 0.0173675417084 -0.00285962184165 0.0138902633279 0.0203723082207 0.0122870068634 0.00924010913302 0.0313487114825 0.0128276577207 0.0110166126158 0.006948864187 -0.00314121828848 0.00168144374653 0.0281679044479 -0.00184665321736 -0.000302210801885 -0.00267083239501 0.00917965368638 0.0085871455451 0.00525573775045 0.0029493381964 0.0162534356435 0.00949855360222 0.00693729151107 0.0119715794153 0.00635427251922 0.0127838587359 0.0108136216343 0.00846257978316 0.0122790230115 0.00687763839737 0.0298575984865 0.00701127233982 0.0147742472727 -0.00246193117909 0.00686601617068 0.0137261724632 0.0132004405251 0.0232855306522 0.0253846741366 0.0139969422832 0.0120312625125 0.0100448434555 0.00471865186627 0.0108436154352 0.0176671155948 
0.0121750188856 0.0182339646492 0.0219377651387 0.0804289431686 0.0505804407947 0.00716093937081 0.0378465962241 0.0142434657545 0.0538337520293 0.0468763160605 0.0244870047022 -0.00901990790313 0.215015442912 0.0271983856425 0.619758467334 0.0551454905297 0.0262547420537 0.0218789884898 0.0521187744648 0.0109594374069 0.101853771157 0.0367851588409 0.0173256309993 -0.000620517287535 -0.00910845857841 -0.00868245267033 0.0159157071817 0.0205424997234 0.0353337279007 0.0364026861292 0.0513844293613 0.0345219148041 0.012590489435 0.0189788310069 0.115897516594 0.0435398845066 0.0478562674416 0.0206984617424 0.0214213426644 0.0219481108191 0.0160902056839 0.0343412669887 0.025933089087 0.0299979837804 0.0143998436448 0.0586818369247 0.019342938999 0.0278272052448 0.0108943868212 0.00391899461449 0.0273820024333 0.04445767702 0.0403040981234 0.0681264203681 0.028858827415 0.0166873165006 0.0232741957281 0.0367195966013 0.0250532032042 0.0381067867929 
0.00552520481227 0.0179900753838 0.0100722839148 -0.00293356662142 0.0193882331822 0.0111047856411 0.0254652986088 0.00644719628934 0.023085034873 0.0273721072668 0.0160060214439 0.014566280589 0.0374618133139 0.0173675417084 0.0551454905297 0.273678817964 0.0173581974624 0.0199604295573 0.0176265042292 0.0208963527775 0.0306382463682 0.0266755731114 0.0176242585 0.0156087469093 0.0135561010616 -0.00994002018932 0.00737749796715 0.0358267890366 0.0184031151185 0.00844312472588 0.0156780865848 0.00694587882847 -0.00930734120698 0.0161570116472 0.0257730433147 0.0209795995447 0.0300598249925 0.0246391989221 0.0540238645754 0.0102596561287 0.0115665987425 0.0247877660121 0.0131629933641 0.0169104486772 0.0132620663193 0.0247218650674 0.0109410751309 0.0144143720689 0.0167312551729 0.0162253470332 0.019688357374 0.0225217384012 0.0198058545158 0.0162289490421 0.0442503308488 0.00358615403431 -0.00364746148439 0.0247971170211 0.0130709442577 0.0385244093843 
-0.0105034446634 0.0128730023244 -0.00772624599515 -0.00959086226194 0.0244091808392 0.0116984293536 0.017583203707 0.00765645671521 0.0351792842945 0.00885270212207 0.0196561805025 0.00858044001147 0.0117269942828 -0.00285962184165 0.0262547420537 0.0173581974624 0.232054803199 0.0188517306901 0.0216510489435 0.0479647481272 4.13617468545e-05 0.0181489155111 0.00787558481091 0.0633681610304 0.0229127675631 -0.0129007521093 0.0127282003203 0.0175840234878 0.0367624200613 -0.0119444613581 0.0123973754895 0.00834267403613 0.0134896174319 0.0320577604276 0.00375317810321 0.026765634964 0.0188211210863 0.0133182479299 0.0120207892856 0.0124241044818 0.0118146705592 0.0130508962294 0.0168836465342 0.00758712060764 0.00437820396639 0.0189564125045 0.0246956594097 0.0116211805299 0.00639722039266 0.0215105896883 0.0201420882589 0.0228665639225 0.025271090129 0.0100581242144 0.00253145250267 0.0133571548198 0.00142020353189 0.0239288979329 0.00696513496095 0.0145526836479 
0.00884736582912 0.0114596582064 0.00958373468593 -0.0119555193598 -0.0010841634621 0.00732977670729 0.0238458749414 0.00763484181581 0.0472369642438 0.0112983453828 0.00457721739331 0.00707073052703 0.00684407945265 0.0138902633279 0.0218789884898 0.0199604295573 0.0188517306901 0.19955899249 0.00954435529235 0.016936018865 -0.00120793180062 0.015396434741 0.0350839734021 0.0155548591809 0.0119907955849 -0.0054796495941 0.016803673994 0.00913348771129 0.0258659888615 0.00722861393288 0.00461728642789 0.00533311211396 0.0173284663063 0.0181951695336 -0.0131911864733 0.031179225572 0.00565441915035 0.0223263852776 0.0245340150416 0.021813077114 0.0186053915132 0.00605045419999 0.0358760754804 0.01324306888 0.0178664670855 0.0210065484354 0.015376467466 0.0129404719679 0.00929913762425 0.00138746562066 0.0198265775191 0.0116631289436 0.0107031545105 0.00154324690383 0.00362503415328 0.00123294169356 0.00102673206756 0.0360469157973 0.020447588193 0.0155158688595 
0.01039660117 0.00101996770431 0.00509255688306 0.00187509412426 0.0208955551459 0.00188269583139 0.007843064966 0.0137002314398 0.029603887865 0.00694680937502 0.000494886029882 0.0140113376932 0.029129137038 0.0203723082207 0.0521187744648 0.0176265042292 0.0216510489435 0.00954435529235 0.488569999057 0.0325304723861 0.0107041211602 0.0155875188049 0.00657416373646 0.0182160678003 0.00129975457258 -0.00110364628471 0.019097622687 0.0199078849795 0.0121662738151 -0.00651965352617 0.0560146053417 0.00495635431641 0.00405993184117 0.000899143009408 0.022881684372 0.0119141366749 0.0207945029199 0.00819117101878 0.0292184396168 0.00941012781407 0.0164498597237 0.000950481247149 0.0141959071529 0.0241213723175 0.0066814736728 0.00320796524459 0.0308190730193 0.00630974812323 0.00192952890145 0.019596055484 0.0145208038583 0.0216656981474 0.024848715769 0.0206655871127 0.000488147447698 -0.0095115054204 0.0517952017334 0.0142509681337 0.0188654761175 0.0255063252988 
-0.0013090374712 0.0125727464172 0.016252584899 0.015309091727 0.0178894915675 0.0126996577337 0.0176104824619 0.0385288293201 0.0192861030918 0.0202866511193 0.0463800290092 0.00779310071927 0.0127678636269 0.0122870068634 0.0109594374069 0.0208963527775 0.0479647481272 0.016936018865 0.0325304723861 0.310638200341 0.00631579686499 0.0237653138928 0.0130680704575 0.0612747461141 0.0413350477162 -0.00559292615674 0.00412847840461 0.0186471804431 0.0505486223399 0.00558895021706 -0.0402924489849 0.00539332686863 0.0106690862673 0.0234197566656 0.0148499951189 0.0191644995666 0.0213174492959 0.00672650603151 0.0309808485843 0.0240480996096 -0.000173387630073 0.0104144923611 0.0232051735636 0.00877318420983 0.00413808519948 0.0257631639362 0.0250645622448 0.035826492622 0.00275225982725 0.0389660078436 0.0150742995597 0.0245119045802 0.017450707227 0.035085904467 0.00763203695411 0.00585617535816 0.00310855919602 0.0114460600108 -0.00984270116123 0.0330495288668 
0.023299574111 0.00437421367584 0.0117372944754 0.111963322089 0.0335044012088 0.00924976463529 0.0209747191536 0.0125903780941 0.0113299961551 0.0408608731413 0.0215893098724 0.0243431842923 0.0746509794741 0.00924010913302 0.101853771157 0.0306382463682 4.13617468551e-05 -0.00120793180062 0.0107041211602 0.00631579686499 0.404341309153 0.023603179024 0.00418627090638 -0.00725426750875 0.0209442576053 0.00394747819155 0.0136201438816 0.00650028746311 -0.00955010240622 0.0181799797764 0.0335914837645 0.00522790774693 0.0110529977026 0.0101351851876 0.110699924004 0.0063951015156 -0.014748949288 0.0276424584254 0.0258251840202 0.00658276339602 -0.00192366351852 0.0134589103647 0.0125207692691 0.0411332819291 0.0204217714386 0.0122502147442 0.00582321267775 -0.00307579283746 0.0321928002583 0.0231638593011 -0.0105127196778 -0.0204198644603 0.0342371693246 0.0220118778919 0.015818909768 0.00393291439805 0.00590439182325 0.00480551025959 0.0314129130123 0.00835316015546 
0.0153512515935 0.0189322503597 0.000347693673311 0.0038910150916 0.023522375733 0.010320711515 0.024141530441 0.019677794757 0.0373523589725 0.0179773548377 0.019035969799 0.0130237591805 0.0106465805007 0.0313487114825 0.0367851588409 0.0266755731114 0.0181489155111 0.015396434741 0.0155875188049 0.0237653138928 0.023603179024 0.236110814175 0.0216188273342 0.00927882676057 0.00395207900473 0.000649040135314 0.0276955109148 0.0179222258876 0.0182086389357 -0.00870089716069 0.0204188627528 0.024509374838 0.0059926969491 0.017626430225 0.0339428121235 0.0231905207941 0.0156301523186 0.0267545617152 0.0354410676593 0.0247990130919 0.0146268910632 0.0317724413085 0.0333090694591 0.0297361009582 0.0237914406851 0.0238840159198 0.0203135429286 0.00957507315675 0.0311736733213 0.00895418416091 0.0211848604349 0.0310731059013 0.0178018269082 0.0235605196984 -0.013847584648 0.0121541869987 0.00794500839967 0.0221436005007 0.0232219846181 0.0267042392254 
0.00911224716507 0.0186552044338 0.0174912547979 0.000323908285776 0.0186956441375 -0.00220883747116 0.0329059670443 0.0182211877324 0.0381503619157 0.0143228889737 0.00629956196575 0.00655948063657 0.00866405608161 0.0128276577207 0.0173256309993 0.0176242585 0.00787558481091 0.0350839734021 0.00657416373646 0.0130680704575 0.00418627090638 0.0216188273342 0.1611791053 0.0161335667918 0.0143160022925 -0.00647714360795 0.0190774579248 0.00473223315563 -0.00135592502037 0.0128084171902 0.00529564819989 0.0114217404298 0.00827786470275 0.0207626764498 0.00820315547724 0.0406231279785 0.0151228367407 0.0107692749545 0.0185908393245 0.0159822958841 0.0132144394412 0.0159787765993 0.0394930746534 0.0200863743835 0.00774906819517 0.0244445225994 0.00990796973586 0.0145623965675 0.00837871300968 0.00988885383857 0.0128565453228 0.0272170501054 0.0113770502966 0.0105417785949 0.0136040613971 0.006741042598 0.000743132570857 0.0430459759056 0.0111877109732 0.00478663103541 
-0.000161397255422 0.0260366204098 0.0219749737553 -0.00739185916497 0.0193063185928 0.0152116681856 0.00685637806209 0.0238931534808 0.0226084344084 0.0109254485204 0.00935005318827 -0.00867642295808 0.0074973263821 0.0110166126158 -0.000620517287536 0.0156087469093 0.0633681610304 0.0155548591809 0.0182160678003 0.0612747461141 -0.00725426750875 0.00927882676057 0.0161335667918 0.264067744839 0.0415303630015 0.00117711160928 0.00744858204275 0.0248889560592 0.0494241156754 -0.0022098341649 0.0173578725806 0.0165747469861 0.0120474514928 0.0357399927447 0.00134746217155 0.0120142182524 0.0243019047225 0.00476784805524 0.0471938315839 0.0208376763574 -0.00101406094393 0.00470199485039 0.0382391682302 0.00616847743881 0.00852274031718 0.0341225416689 0.0150607937052 0.0246814875131 0.0158437333214 0.0474202749464 0.0246976615152 0.0277271955689 0.00948187503866 0.00533914779411 0.027009296795 0.0216161115588 -0.0153011508435 0.011509633744 0.00804255013204 0.0156245979568 
0.00485764518622 0.0169472740505 0.0364332946725 0.0160556042375 0.00483717647904 0.00814933553804 7.35278471463e-05 0.0032726515761 0.0185458860508 0.00625668391307 0.000368882695418 0.017224451649 0.0222911019958 0.006948864187 -0.00910845857841 0.0135561010616 0.0229127675631 0.0119907955849 0.00129975457258 0.0413350477162 0.0209442576053 0.00395207900473 0.0143160022925 0.0415303630015 0.288181460182 0.0118342128475 0.00965251081878 0.0155029815393 0.0175529044031 0.00840439861624 0.00935474602158 -0.00254143651406 0.00798938631583 0.0812683399803 0.00420734964489 0.0117871327421 0.0115211953828 0.0107899485352 0.038002762456 0.0244177424493 -0.00935289926448 0.00114002622045 0.0148643134895 -0.00532670226849 0.00280955419782 0.00478763804357 0.027948801856 0.00998024870508 0.00807001666338 0.0470127711267 0.00271274061214 0.0115567107642 0.0285313977529 0.00488054885444 0.0276699355239 0.00238086423204 -0.00336614772664 0.0131793056903 0.00229969374349 0.0123006251022 
0.00346481606151 -0.0089574887053 -0.00525746133945 0.00346911908107 -0.00269789268804 -0.0088374331404 0.00291698593573 -0.00691252861426 -0.0175155229983 0.00630036925877 -0.000869884827194 -0.00897010879618 -0.0235038460255 -0.00314121828848 -0.00868245267033 -0.00994002018932 -0.0129007521093 -0.0054796495941 -0.00110364628471 -0.00559292615674 0.00394747819155 0.000649040135314 -0.00647714360795 0.00117711160928 0.0118342128475 1.94201808383 0.00408567057823 0.00244199196786 -0.0186255557764 -0.0117106127874 -0.000763310428631 -0.0155181353577 -0.00950429564209 -0.00622443531452 0.00231471053135 -0.0108013745989 -0.0171761446182 -0.00343670828557 -0.00695619677292 -0.00991683370303 -0.00471977252693 -0.0126584726385 -0.00765352219047 -0.00618338322062 -0.0117009747955 -0.00786311329776 -0.0120618257879 -0.00793122018917 -0.00647227468743 -0.0204417374291 -0.016528925686 -0.00400903920223 -0.0212570492071 -0.00300663804997 -0.0102004084258 -0.00130617869532 -0.00843533597167 -0.00628606972062 -0.0159330402264 -0.0163807921975 
0.0379281326754 0.00920619373791 0.00696011701419 0.0119012987954 0.0129842598116 0.00715867483983 0.0106945388692 0.0224231937412 0.0147099021572 0.0117699497027 0.00313569302889 -0.00950284308183 0.0099147800281 0.00168144374653 0.0159157071817 0.00737749796715 0.0127282003203 0.016803673994 0.019097622687 0.00412847840461 0.0136201438816 0.0276955109148 0.0190774579248 0.00744858204275 0.00965251081878 0.00408567057823 0.152074374098 0.00659142432647 -0.00381467796255 0.00600011858458 0.00914982308959 0.0126044472167 0.00226046122679 0.0169686866329 0.00612602432008 0.0254498938962 -0.002834645733 0.0383161774227 0.00742301048979 0.00593666403118 0.0112423409481 -0.00420295308593 0.0210509124451 0.0360623759062 0.0344295558551 0.00712341463368 0.0139901210655 0.00811007868109 0.0258206489582 0.014939747271 0.0121196380604 0.00303071267343 0.0147535171927 -0.00198609794288 0.0109613647715 0.00695224198615 0.0142526167935 0.0230318472898 0.00583671956479 0.0109256162373 
0.00475965897023 0.0147575827296 0.00698486024008 0.00784692182958 0.0083455111201 0.00236380868419 -0.0109978028617 0.00946110823098 0.0222709718151 0.0159601832499 0.00411730731331 -0.00191698056838 0.0109269372416 0.0281679044479 0.0205424997234 0.0358267890366 0.0175840234878 0.00913348771129 0.0199078849795 0.0186471804431 0.00650028746311 0.0179222258876 0.00473223315563 0.0248889560592 0.0155029815393 0.00244199196786 0.00659142432647 0.196509550019 0.00181852058572 0.00500882086739 0.0104335218876 0.0245164156133 -0.00887978559711 0.0124178718482 0.00724290382997 0.0106371801082 0.0279211415071 0.0178340625038 0.0235691266508 0.0112526358219 0.00654290419916 0.0283787833719 0.00948642638488 0.00857359340924 0.00473149934855 0.0122349710698 0.0181242176665 0.023688625354 0.014431917172 0.0146846713082 0.00122574652431 0.0225932816206 0.0107908866949 0.0258658364579 0.0233297803774 0.00744782799517 0.00715281658851 0.00190048712689 0.0180713546209 0.0229805556885 
-0.00599084138341 0.012110831663 0.00657766839938 -0.00462206661679 0.0217846737273 0.0227650537772 0.0250969118799 -0.00374394060092 0.017594103976 0.0148598353354 0.0172217525507 0.0163446412701 0.0213240453639 -0.00184665321736 0.0353337279007 0.0184031151185 0.0367624200613 0.0258659888615 0.0121662738151 0.0505486223399 -0.00955010240622 0.0182086389357 -0.00135592502037 0.0494241156754 0.0175529044031 -0.0186255557764 -0.00381467796255 0.00181852058572 0.341734962857 -0.0017964733518 0.00508795084264 0.0264643667866 0.0207229834994 0.0484400337165 -0.00408540535207 0.0128836220354 0.0267577314946 -0.0112771034644 0.0474567134064 0.00870313123482 -0.00561084433647 -0.000109798437385 0.00807500159887 -0.00106575837897 -0.000634880421458 0.0135665813716 0.0180900117762 0.0105209681732 0.00960244790459 0.0205866783738 0.00987274068931 0.0162509466753 0.0291953420704 0.0131158294391 0.0161952875222 -0.00290432995288 -0.00429050459242 0.00534934855599 0.00551967285099 0.0132996337384 
0.00704523100496 -0.00610626155004 0.00706306929102 0.00380216424439 0.0273907476194 0.000156774805816 -0.0194170995867 0.0135990052332 0.00872826156071 0.0116618627876 -0.00226655448063 -0.00104240703754 0.00734750451746 -0.000302210801885 0.0364026861292 0.00844312472588 -0.0119444613581 0.00722861393288 -0.00651965352617 0.00558895021706 0.0181799797764 -0.00870089716068 0.0128084171902 -0.0022098341649 0.00840439861624 -0.0117106127874 0.00600011858458 0.00500882086739 -0.0017964733518 1.13737606413 0.00286330797247 -0.0100872457489 -0.00134566314037 2.86257147727e-05 0.0065250308314 -0.00410337884812 0.00217216178294 0.00304851131325 -0.0111709398139 -0.01595927018 0.00319538710032 0.00765547681138 0.0243782517177 0.00844379820136 0.00439460348361 -0.00305724115553 0.0073949106543 0.00460916898832 0.0194284973847 -0.0085428266376 -0.00446638489157 -0.00875900797681 -0.00819146841853 0.0187519581273 0.00239798790293 -0.0117483485409 -0.00242012986841 0.00361987499215 0.0165754501029 0.00125739688223 
-0.00727322818693 0.0330134509898 0.0111421923094 0.0248565510196 0.0142401239349 0.00372116008592 0.0198208241532 -0.00464309019867 0.00858082210397 0.0117144015775 0.0118789611997 -0.0128636805163 0.0551698429778 -0.00267083239501 0.0513844293613 0.0156780865848 0.0123973754895 0.00461728642789 0.0560146053417 -0.0402924489849 0.0335914837645 0.0204188627528 0.00529564819989 0.0173578725806 0.00935474602158 -0.00076331042863 0.00914982308959 0.0104335218876 0.00508795084264 0.00286330797247 0.976292361082 -0.000866938459729 0.0106974963887 0.00410413829092 0.015690249436 0.00975455010957 0.00735784319127 0.0188259005791 0.0252727211078 0.00676688606947 0.0110107411646 -0.0368211212938 0.0154309567797 0.0159448939301 0.0117138042206 0.0163904155198 0.0170580873494 0.0034555225064 0.00782622122149 0.00567981219795 5.96528507885e-05 0.00907593174511 -0.00795368255442 0.0182876176134 -0.000204532355152 0.000294760095006 -0.00719024234848 0.00721945387219 0.0168895913688 0.0197892009847 
0.0178958417904 0.0175681248459 0.0227368729055 0.00282254661643 0.0276375898311 -0.00431687442205 0.0214977019865 0.00033750436658 0.0156823224009 0.0405513756892 0.0152092187583 -0.000679248328591 0.0198168744246 0.00917965368638 0.0345219148041 0.00694587882847 0.00834267403613 0.00533311211396 0.00495635431641 0.00539332686863 0.00522790774693 0.024509374838 0.0114217404298 0.0165747469861 -0.00254143651406 -0.0155181353577 0.0126044472167 0.0245164156133 0.0264643667866 -0.0100872457489 -0.000866938459729 0.438242409641 0.0141031783105 0.0207633326739 0.021965531601 0.0323848895414 0.00757008053489 0.0117372834546 0.0198009312077 0.000386031244516 0.00108961649888 0.0404633111843 0.0179578324267 0.00880212118726 0.00355226623696 0.0184603965002 -0.00912491346313 0.0245260645967 0.000833792833517 0.0167421025595 0.0286235632612 0.0140581791144 0.0195054700295 0.00510168147695 0.0458772900854 -0.00791987556409 0.00509754295128 0.0241284012581 -0.000898984837378 0.00140854314749 
0.02079950142 0.0101998104768 0.00876437655697 0.0128145351523 0.00870196364693 0.00940813397784 0.00595864023704 0.00511434024722 0.019176788357 0.00961525933774 0.00642570386021 0.00699994668522 0.00603604348316 0.0085871455451 0.012590489435 -0.00930734120698 0.0134896174319 0.0173284663063 0.00405993184117 0.0106690862673 0.0110529977026 0.0059926969491 0.00827786470275 0.0120474514928 0.00798938631583 -0.00950429564209 0.00226046122679 -0.00887978559711 0.0207229834994 -0.00134566314037 0.0106974963887 0.0141031783105 0.221283219642 0.0287520437802 0.00401516484805 0.00608736560001 0.0249619932079 -0.000127507088217 -0.00841250021431 0.0114840375403 -0.00113034450484 0.0329215702107 0.0126410103635 0.0152007938804 0.0091953211599 0.0109782043079 0.0106766030736 -0.00237546537856 0.0123146533035 0.018788841987 0.00579486584647 0.00651871507574 0.0167703790554 0.0110839352471 0.00267149537509 0.00292873475358 0.0303031979998 0.0116018469154 0.0129491383732 -0.0170362092079 
0.0163691798349 0.0121728288449 0.00925352655627 0.00847228789013 0.0248534855207 0.0194422516615 0.0196833530003 0.00677483213917 0.0280271950133 0.00796172088678 0.00834733970719 0.0195189653869 0.0139033420227 0.00525573775045 0.0189788310069 0.0161570116472 0.0320577604276 0.0181951695336 0.000899143009409 0.0234197566656 0.0101351851876 0.017626430225 0.0207626764498 0.0357399927447 0.0812683399803 -0.00622443531452 0.0169686866329 0.0124178718482 0.0484400337165 2.86257147726e-05 0.00410413829092 0.0207633326739 0.0287520437802 0.569085216582 0.0137985933209 0.0166465891577 0.0231812929319 0.0153098731139 8.10903611889e-05 0.0137088835272 0.0130683418537 0.0354959460596 0.00168761685285 0.00920862445142 0.0184840808489 0.0130065179656 0.00823967712703 0.0193710903662 0.00878492856646 0.00589630955393 0.00763306893467 0.027751763284 0.0281743014695 0.00694242050501 0.0247018439893 0.0170596405315 0.00954391725975 0.00649134416339 0.0174826701247 0.01339126436 
0.0112445252205 0.000589317683578 0.0179836999936 0.15648469684 0.0400027119909 0.00565213644543 0.0134144014393 -0.0119955114898 0.0224779555134 0.0351361521842 -0.00131119054048 0.0337459849627 0.0577122617795 0.0029493381964 0.115897516594 0.0257730433147 0.00375317810321 -0.0131911864733 0.0228816843719 0.0148499951189 0.110699924004 0.0339428121235 0.00820315547724 0.00134746217155 0.00420734964489 0.00231471053135 0.00612602432008 0.00724290382997 -0.00408540535207 0.0065250308314 0.015690249436 0.021965531601 0.00401516484805 0.0137985933209 0.443700327311 0.0123247770321 0.0139548489115 0.026153617093 -0.0227124351144 -0.00253261487418 0.00717954042597 0.0335228287385 -0.00130268478031 0.023999367764 0.00683896891138 0.0193539092258 0.0204519532075 0.0263330913294 0.0174736698177 0.0120111559658 0.00626826201022 -0.000663271281831 0.0381762301211 0.032143934227 0.00239552337894 -0.00720723482864 0.0256485017875 -0.00767062240334 0.0271662183943 0.00987810053948 
0.0136078117489 0.0260089285117 0.0300386329066 0.0207764146571 0.0110271563223 0.00936969768236 0.0301298718281 0.015116587197 0.0462752229558 0.0231508927851 0.012383449267 0.00700084720642 0.0244399096996 0.0162534356435 0.0435398845066 0.0209795995447 0.0267656349641 0.031179225572 0.0119141366749 0.0191644995666 0.0063951015156 0.0231905207941 0.0406231279785 0.0120142182524 0.0117871327421 -0.0108013745989 0.0254498938962 0.0106371801082 0.0128836220354 -0.00410337884812 0.00975455010957 0.0323848895414 0.00608736560001 0.0166465891577 0.0123247770321 0.193253300569 0.023882366842 0.00293511463736 0.0104880269636 0.00996418669993 0.0159414449203 0.00750635990336 0.0332707505597 0.0166710589773 0.0135425952217 0.0400069805097 0.0241873775216 0.0338636834814 0.00940743773933 -0.00761859286989 0.0123619760783 0.0551639157481 0.0290237558096 0.0154710892184 0.0247031747426 0.00809543093361 0.00159031829301 0.0420784966597 0.0189628773686 0.024997077931 
-6.5677037975e-05 0.00454475286224 0.0137724979374 0.011003548566 0.0146793996939 0.0176134259109 0.0309622193129 0.000776658262133 0.0148648816132 0.0105903979732 0.0156724904296 0.0240270470889 0.0173634397658 0.00949855360222 0.0478562674416 0.0300598249925 0.0188211210863 0.00565441915035 0.0207945029199 0.0213174492959 -0.014748949288 0.0156301523186 0.0151228367407 0.0243019047225 0.0115211953828 -0.0171761446182 -0.002834645733 0.0279211415071 0.0267577314946 0.00217216178294 0.00735784319127 0.00757008053489 0.0249619932079 0.0231812929319 0.0139548489115 0.023882366842 0.371901570705 0.00429582256485 0.0489999987116 0.0292006204857 0.0075432326812 0.0312899153231 0.00865911621027 0.00640146287075 -0.0107329162486 0.0197563336741 0.0199891859973 0.0321126898545 0.00683287444326 0.0209626989828 -0.000524086058363 0.0461264358619 0.0332934931104 0.0203197341445 0.02536942227 0.00558498003002 0.0151965809791 0.0150344605849 0.00922745639493 0.0304063927936 
0.0351397563648 0.0129805552525 0.0113539158603 0.0168227412794 0.0159788590148 0.00995540713396 0.00397016025861 0.0135211983118 0.0225091834579 0.0278870223324 0.0173033954538 0.00581685703551 0.0139485566361 0.00693729151107 0.0206984617424 0.0246391989221 0.0133182479299 0.0223263852776 0.00819117101877 0.00672650603151 0.0276424584254 0.0267545617152 0.0107692749545 0.00476784805524 0.0107899485352 -0.00343670828557 0.0383161774227 0.0178340625038 -0.0112771034644 0.00304851131325 0.0188259005791 0.0117372834546 -0.000127507088216 0.0153098731139 0.026153617093 0.00293511463736 0.00429582256485 0.240182133476 0.0141154145447 0.00520089836145 0.0103427520998 -0.00230155089106 0.0144678686903 0.0551674247513 0.0440809383604 0.0170059872554 0.0118321317918 0.0245873872433 0.0355751839842 0.0102000135273 0.0132637072548 0.0301518335975 5.84585349575e-05 -0.000169399688122 -0.00104090576963 0.0389665048733 0.00480835352394 0.0263147050581 0.0208988391294 0.0130330940365 
0.0184883917933 0.0186569778909 0.0112994002058 0.0336828069661 0.0257357424629 0.0021872346706 0.0111120537673 0.0187829051069 0.0170795066603 0.00216196488156 0.017313614441 0.012376993109 0.0146970270631 0.0119715794153 0.0214213426644 0.0540238645754 0.0120207892856 0.0245340150416 0.0292184396168 0.0309808485843 0.0258251840202 0.0354410676593 0.0185908393245 0.0471938315839 0.038002762456 -0.00695619677292 0.00742301048979 0.0235691266508 0.0474567134064 -0.0111709398139 0.0252727211078 0.0198009312077 -0.00841250021431 8.10903611889e-05 -0.0227124351144 0.0104880269636 0.0489999987116 0.0141154145447 0.389406403829 0.00195851356915 0.0149835933557 0.0291165666262 0.0234037531162 0.0220817020813 0.0142963214406 0.0298346475358 0.0185530195772 -0.00713431303559 0.0172704594444 0.0382400396802 0.0270358163305 0.0149074865257 0.0192078998552 0.019862720828 0.0216094907151 0.0179908398482 0.0138477222085 0.0187975407616 0.0151702399221 0.00525207347466 
