20
0.044891801276 0.0623593213805 0.0324915821016 0.0995242847704 0.0162851568228 0.0331056926512 0.125871369107 0.128413882411 0.0466468708745 0.136312174374 0.0054327763703 0.0384738749472 0.0447966226616 0.0512444991133 0.0449680709256 0.143796644659 0.0542920038725 0.118814959333 0.0623322546876 0.026417897889 
0.34496818375 0.0417840420284 0.0300654659515 0.0173213338039 0.0109181636826 0.0292458114998 0.0239553801101 0.0452594031291 0.01798354348 -0.0104440467925 0.0108798165736 0.0182761694326 0.0387901105115 0.0250570043012 0.0200565316466 0.0690882526017 0.0318406975673 0.0139870282396 0.00387773590813 0.0243826810494 
0.0417840420284 0.350241769782 0.0170273171698 0.0316422625442 0.0118522890497 0.0224722812002 0.00842841824354 0.0566695498901 0.0109841565584 -0.0211161535342 0.0282975778853 0.0314203716558 0.0351832234548 0.0454727569846 0.0121939765147 0.061052911677 0.0104858352038 0.0329596856562 0.00925757786335 0.0384050113455 
0.0300654659515 0.0170273171698 0.315491998699 0.022365094206 0.0124287065817 0.00856571625192 -0.00447546882835 0.0286325132671 0.0276682497899 0.00854625117675 0.0156859767595 0.00935703031783 0.0326370795072 0.0216852440481 0.0217750721463 0.0109794247855 0.00608209776164 0.0134710369835 0.0288867271322 0.0180364610097 
0.0173213338039 0.0316422625442 0.022365094206 0.42942129601 0.0278064187387 0.0422459513871 -0.00364660345757 0.134367525131 0.0547546046274 0.0642516229606 0.00143853936135 0.0164589471165 0.0209996655961 0.0335350333296 0.0157756678068 0.0582199940848 0.0479098153214 0.0342939539983 -0.00648158869165 0.0314692908674 
0.0109181636826 0.0118522890497 0.0124287065817 0.0278064187387 0.166487373696 0.0424344532481 -0.00459232786894 0.0305433109181 0.0405474432855 0.00240014783906 0.00668200183439 0.0140724339032 0.0162623343615 0.0104472896324 0.0215809506789 0.0238902648877 0.0262239470079 0.0223512626822 0.0058250900263 0.00669622240856 
0.0292458114998 0.0224722812002 0.00856571625192 0.0422459513871 0.0424344532481 0.215546139633 -0.00877950026265 0.0440913431042 0.0508942165508 -0.00417132119236 0.00598548018999 0.0302678367504 0.00853011104203 0.0161403880114 0.0182305206195 0.0344713418916 0.0211578028961 0.0380408186076 0.00926718402309 0.0156433077191 
0.0239553801101 0.00842841824354 -0.00447546882835 -0.00364660345757 -0.00459232786894 -0.00877950026265 0.845719275049 -0.00570122256318 -0.0108550054167 -0.0373537955839 0.000595827640864 0.00880344172235 0.00666211171418 0.0124041022499 -0.0131525915368 0.0555060299373 0.00290786893226 0.00518339855595 0.00970123844374 0.00771782561389 
0.0452594031291 0.0566695498901 0.0286325132671 0.134367525131 0.0305433109181 0.0440913431042 -0.00570122256318 0.48881784964 0.0391081211538 -0.00314830789492 0.000424739070223 0.0388545401048 0.015425975509 0.0467010947727 0.018944901212 0.0815752962487 0.00839261793784 0.0253568503729 -0.0142691962273 0.0323987650425 
0.01798354348 0.0109841565584 0.0276682497899 0.0547546046274 0.0405474432855 0.0508942165508 -0.0108550054167 0.0391081211538 0.370568676306 -0.00290091929038 0.0199694761881 0.013234544269 0.00573921135251 0.0127770706977 0.00955706977078 0.0252765256866 0.0135017016208 0.0150098672086 0.0105439475485 0.00381393986816 
-0.0104440467925 -0.0211161535342 0.00854625117675 0.0642516229606 0.00240014783906 -0.00417132119236 -0.0373537955839 -0.00314830789492 -0.00290091929038 1.94112705317 -0.00620282382599 -0.0174262568075 -0.0138123340143 0.00390385805213 0.00947808076787 -0.022384209227 0.0018928958437 0.0440928805513 0.00170041302444 -0.0114506923757 
0.0108798165736 0.0282975778853 0.0156859767595 0.00143853936135 0.00668200183439 0.00598548018999 0.000595827640864 0.000424739070223 0.0199694761881 -0.00620282382599 0.19331965379 0.0107675977607 0.0407369183936 0.013992935852 0.0122516957358 0.0324063770881 0.0184297806899 0.0170888566026 0.0197976541284 0.0212975035106 
0.0182761694326 0.0314203716558 0.00935703031783 0.0164589471165 0.0140724339032 0.0302678367504 0.00880344172235 0.0388545401048 0.013234544269 -0.0174262568075 0.0107675977607 0.237813200749 0.0220157869839 0.00498173069633 0.00922001431572 0.0273776389791 0.00923606074308 0.0122708007926 0.000187931848111 0.009407589111 
0.0387901105115 0.0351832234548 0.0326370795072 0.0209996655961 0.0162623343615 0.00853011104203 0.00666211171418 0.015425975509 0.00573921135251 -0.0138123340143 0.0407369183936 0.0220157869839 0.287730798604 0.0333703630235 0.0351892301592 0.0599153567799 0.0152114943766 0.0239958271507 0.0457503806534 0.0380997233969 
0.0250570043012 0.0454727569846 0.0216852440481 0.0335350333296 0.0104472896324 0.0161403880114 0.0124041022499 0.0467010947727 0.0127770706977 0.00390385805213 0.013992935852 0.00498173069633 0.0333703630235 0.274137698945 0.0274920969767 0.0734587880222 0.0158674434286 0.0293702687571 -0.00858179992907 0.0506255749299 
0.0200565316466 0.0121939765147 0.0217750721463 0.0157756678068 0.0215809506789 0.0182305206195 -0.0131525915368 0.018944901212 0.00955706977078 0.00947808076787 0.0122516957358 0.00922001431572 0.0351892301592 0.0274920969767 0.202547410904 0.0458230282376 0.0103156607074 0.0181361527347 0.00943427251103 0.0118554964137 
0.0690882526017 0.061052911677 0.0109794247855 0.0582199940848 0.0238902648877 0.0344713418916 0.0555060299373 0.0815752962487 0.0252765256866 -0.022384209227 0.0324063770881 0.0273776389791 0.0599153567799 0.0734587880222 0.0458230282376 0.652588851069 0.067050715085 0.0796703922791 0.0238542104233 0.0569210475767 
0.0318406975673 0.0104858352038 0.00608209776164 0.0479098153214 0.0262239470079 0.0211578028961 0.00290786893226 0.00839261793784 0.0135017016208 0.0018928958437 0.0184297806899 0.00923606074308 0.0152114943766 0.0158674434286 0.0103156607074 0.067050715085 0.285826048992 0.0252022948774 0.0147712382338 0.0103949474754 
0.0139870282396 0.0329596856562 0.0134710369835 0.0342939539983 0.0223512626822 0.0380408186076 0.00518339855595 0.0253568503729 0.0150098672086 0.0440928805513 0.0170888566026 0.0122708007926 0.0239958271507 0.0293702687571 0.0181361527347 0.0796703922791 0.0252022948774 0.509479933012 0.0133603968695 0.020611882766 
0.00387773590813 0.00925757786335 0.0288867271322 -0.00648158869165 0.0058250900263 0.00926718402309 0.00970123844374 -0.0142691962273 0.0105439475485 0.00170041302444 0.0197976541284 0.000187931848111 0.0457503806534 -0.00858179992907 0.00943427251103 0.0238542104233 0.0147712382338 0.0133603968695 0.535350427746 0.00606358570072 
0.0243826810494 0.0384050113455 0.0180364610097 0.0314692908674 0.00669622240856 0.0156433077191 0.00771782561389 0.0323987650425 0.00381393986816 -0.0114506923757 0.0212975035106 0.009407589111 0.0380997233969 0.0506255749299 0.0118554964137 0.0569210475767 0.0103949474754 0.020611882766 0.00606358570072 0.280097419297 

['LEG', 'DE', 'AZO', 'WMB', 'AEP', 'SRE', 'CVG', 'HAL', 'CEG', 'KMI', 'CCU', 'ABC', 'MAR', 'TIN', 'LMT', 'ET', 'ORCL', 'SUNW', 'MAT', 'MWV']