60
0.100974868985 0.0420146984796 0.0132097716294 0.148705689344 0.0359279599811 0.106415927512 0.02736418452 0.0377827405953 0.0752984700253 0.0276848810082 0.0761836706695 0.0340091550877 0.0678674292734 0.0502759777883 0.0399774891594 0.118814959333 0.135299445153 0.0631330997176 0.265107550494 0.0525709156995 0.0388313797841 0.0324915821016 0.0715007016099 0.0936563270582 0.0426672552596 0.037496284255 0.023795453615 0.0251604878384 0.0451551332239 0.0273717205438 0.0352458247454 0.0788996306534 0.0970140476379 0.0700025840065 0.0743441041655 0.0597094198611 0.02473804396 0.0331056926512 0.0988670942005 0.0202574279786 0.0542920038725 0.0440278725419 0.0589662330248 0.0435638119902 0.169485482474 0.0447966226616 0.0501755430095 0.0218855159469 0.0565521495323 0.0533286406295 0.0125032911957 0.0522856391002 0.0340754658053 0.0165000515881 0.0471087328402 0.200970993098 0.0780955523414 0.0353466838873 0.0271794955288 0.0314514366364 
0.453382501036 0.0242801400171 0.0204415434842 0.0164200263349 0.0206291320023 0.0331166739417 0.00244663819737 0.00726735041363 0.00632729136735 0.00721693022049 0.0327771532892 0.0116561494871 0.0350762320981 -0.00421844532162 0.00677538848351 0.0168056502051 0.0196713797721 0.0867030533805 0.00398846734399 0.0518419597331 0.0616565280245 0.0325980216092 -0.00293575248713 0.0069328098347 0.00936629275534 0.0138536692195 0.00541552519622 0.00460116632073 0.0182143221215 0.0166812066706 0.00380026310199 0.0159053141204 0.0670185775845 0.00878493559016 0.0545949624328 0.034496767549 -0.00202694287126 0.0155286599705 0.0138079668713 0.0140013974945 0.0077107078007 0.0450888627738 0.0115546975633 0.0149644146632 0.0107460288971 0.0254370990164 0.00730995556428 0.00734095446858 0.0350636613995 0.00931005093473 0.0354458772946 0.012315482423 0.00299860982333 -0.00304123576964 0.00488135684157 0.0551324000536 0.0305726639026 0.0171438775753 0.00712971568087 0.0127247108088 
0.0242801400171 0.200332095659 0.00139884750208 0.000953025735878 0.0231349629587 0.0215937892153 0.0305625975239 0.0147083454752 0.0190465598367 0.00128327268638 0.0322304473156 0.0111269821411 0.0150423102884 0.0223382029753 0.00972079489105 0.0138522437168 0.0521040614665 0.0195908596141 0.0196706136309 0.018708894287 0.00865348103479 0.00442051603669 0.0061820473695 0.0411989549995 0.0177348581139 0.0290672782819 0.0170649041144 0.0100255809589 0.0150565212133 0.0101651905664 0.0160243667953 0.0166724571294 0.0256414363639 0.00665404627529 0.00251310291197 0.0100961778708 0.0135804324245 0.0265282209253 0.0211815413878 0.0136096933092 0.00717782875763 0.00498932782764 0.0142398793328 0.0405193946169 0.03553275418 0.0121456344628 0.0109213725184 -0.00406192472949 0.0114588290451 0.0164555168488 0.00551924740993 0.0202933865149 0.0168026179874 0.0191940652743 0.0316334208885 -0.00917033935099 0.00647323345729 0.0126897567505 0.00864486161211 0.0243039915099 
0.0204415434842 0.00139884750208 0.161263547166 0.0187256328696 0.00545640935928 0.0146481175468 0.000322365009336 -0.000496427560042 0.0172963373702 0.0104587179081 0.0026823765732 0.00786321802581 0.0200344660033 -0.00114429955784 0.00209963304571 0.0193214457522 -0.00549261527167 0.0236507776802 -0.000268824086545 0.00602796561856 0.0135020051569 0.00341239449802 0.0067996023821 0.0266923525749 0.0143270994492 0.00706900199238 0.006429234107 0.00803736229605 -0.00409465674492 0.0164787194389 0.0133213062636 0.00533682746186 0.00965730695207 0.00983753707156 0.0105821548209 0.00803800818551 0.00136468843104 0.00407107385104 0.0419559163017 0.0289339913329 0.0101245653418 -0.0023101282613 0.0165218953119 0.00986056991792 0.0112561298335 0.0120445476812 0.0157675101528 0.00381553906539 0.00901461376509 0.0112543227021 0.000851621340165 0.00671376580289 0.00643060118631 -0.000936588651494 0.0115462542283 0.00549962987759 0.00247351732823 0.00308503386511 0.0115583031604 0.0119995823512 
0.0164200263349 0.000953025735877 0.0187256328696 0.631812002472 0.023055850754 0.0439052040573 -0.00289580602338 0.0258872882542 0.0673619087363 -0.00884529531072 0.0913247432435 0.00531922135218 0.0127240583911 0.0109131339023 -0.00721853986027 0.0296132243197 0.023520099634 0.0511337263252 -0.00411919956898 0.0346755368138 0.0018473670485 -0.00505955755773 0.0113940485415 0.0389346717625 0.0157522813149 0.00498010791661 0.0174517479742 0.00747636864706 0.00479162040429 0.0244246477339 0.0172276123649 0.0222819159397 0.0422750894303 0.00487805341141 0.00500556545785 0.0255445096946 -0.00299080141116 0.0184833787034 0.0581855202257 0.0384375728131 0.0252163905721 0.0386734746539 0.01509642372 0.0122494720736 0.027015354588 0.0455097469635 0.0203007886148 0.011044858095 0.0176185972009 0.00810155878082 0.0104619966856 0.0234857766193 -0.001891456766 0.0150317596137 0.0118397251933 0.0259110018284 0.00748127971248 0.000401972962265 0.00790146609657 0.0122711536327 
0.0206291320023 0.0231349629587 0.00545640935928 0.023055850754 0.22810858038 0.0199261838926 0.0137394168784 0.0347379478447 0.0234045276773 -0.00410273083052 0.0180332823303 0.00855831778862 0.00885927261428 0.00824678847714 0.00941064121737 0.0164544839723 0.0100123033875 0.00503493187569 0.0145443831332 0.0147920222457 0.00491794104767 0.00130312386335 0.000852079456869 0.0183123275826 0.0102763593949 0.0143026516534 0.0100275622794 0.00250524972673 0.0397846370778 0.0234529587819 0.00609448279171 0.00575309064065 0.00771180395249 0.00572399810297 -0.0055048426027 -0.00400041412586 0.00679167489742 0.00896950946331 0.0176642425313 0.0237099709486 0.00969084700034 0.0254019844183 0.00649046402297 0.0178187177916 0.0166075558953 0.0242424063529 0.0153422217039 0.00524263556236 -0.00382546727159 0.0094522591958 0.0134734011075 0.0152566760563 0.00854131256509 0.00485827386803 0.00198704657875 -0.0226579121508 0.0117367660745 0.00988326063463 0.0109535904576 0.00821141019915 
0.0331166739417 0.0215937892153 0.0146481175468 0.0439052040573 0.0199261838926 0.5924921332 0.00861484037653 -0.00266263998728 0.0370196039144 0.0221203107132 0.139669463019 0.0178852477631 0.0130793734584 0.0269685181935 0.0116510892239 0.0458219544961 0.0486739500339 0.042126568062 -0.00846252840597 0.0239760063364 0.0369083403098 0.0452688155665 0.00408516271543 0.0240061329069 0.02561346489 0.0182323648523 -0.00332544646324 0.0150982683133 0.0158555252587 0.0010593655473 0.0203631536374 -0.00609780538233 0.0555349218392 0.000441972165927 0.0124918008654 0.0426620384416 -0.0111563307912 0.0105034286408 0.0712886127877 0.0325787386042 0.0342516360273 0.00703781981003 0.020725544339 0.00104343055476 -0.000343880785532 0.0295718406416 0.0573125463729 -0.00771764357676 0.0183104170717 0.00838239863719 0.0120331620466 0.0291568161585 0.0014484741499 0.000531099180968 0.011679155174 -0.0280620053189 0.0307870873972 0.0183786782223 0.0229047136077 0.0143318637483 
0.00244663819737 0.0305625975239 0.000322365009335 -0.00289580602338 0.0137394168784 0.00861484037653 0.187087642052 0.0177691729629 0.0191880389577 0.0108774835071 0.0128148959195 0.0116235135896 0.00622469278059 0.0272165212814 0.0144804692854 0.0130805641759 0.0420837644805 0.0167693574971 -0.0132950436582 0.00982022364027 0.0029063524663 0.00424843029796 0.00617325029286 0.00232422268523 0.0179576561845 0.0229077281297 0.0392906087068 0.0157468888109 0.00697070439484 0.010363203777 0.00524102277474 0.00199691946551 0.0278497854119 0.0051608252691 -0.00154818185189 -0.000785856423832 0.0359449925531 0.029071969178 0.0269843148721 0.0284626491965 0.0121081948938 0.0183485742461 0.00338046608215 0.0123489402648 0.00886703978428 0.00760739197607 0.0114813666681 0.00869764262376 0.010931765908 0.016102072624 0.0015551823789 0.012928438302 0.00832579592318 0.0416562341384 0.0228173005205 0.00179844810295 0.0127980020406 0.0130774071543 0.0107904797969 0.0187887075554 
0.00726735041363 0.0147083454752 -0.000496427560042 0.0258872882542 0.0347379478447 -0.00266263998728 0.0177691729629 0.313094762753 0.00804204185166 0.00923347492524 0.000282206077098 0.0180094986686 0.0220934867762 0.0124455154738 0.0138543398765 0.0025792512868 0.0365052080864 -0.00842326331165 -0.0100452732768 -0.00102096684768 0.0169787895564 0.0138450534299 0.0175154281164 0.0300935720152 0.0167750395747 0.00831174654694 0.0275977001325 0.0170761913776 0.0115648947785 0.0104330605429 0.0156545190252 0.0032874918945 0.0372905532485 0.0152827790638 -0.00140225292139 0.00491526150011 0.0123613743735 0.0395704933259 0.017427609967 0.0147417767402 0.00936261722949 0.00816800113403 -0.0035408437922 0.0688639614449 0.0189433933645 0.00386302820419 0.00668465371733 -0.00693916385406 0.0179414823236 0.00785596400743 0.0437743306525 0.0216224770287 0.00235934123043 0.0141393119625 0.0310305792175 0.0131488827697 0.0189304206561 0.00981584185016 0.0135753812932 0.0201617194077 
0.00632729136735 0.0190465598367 0.0172963373702 0.0673619087363 0.0234045276773 0.0370196039144 0.0191880389577 0.00804204185166 0.473339028904 0.0300864587593 0.0232457816481 -0.00401010907285 0.0334746436774 0.0114154231605 0.00948801723361 0.0121622470785 0.0496390874193 0.0706894191255 0.00235225968267 0.0310500760691 0.00138707801845 0.0254074783555 0.0248872351347 -0.0101913708381 0.00070483526891 0.0199766998586 -0.00237676393796 0.0249859062703 0.022805623632 0.0112570009665 0.024238105818 0.00154299834895 0.0595196478446 0.0014485485665 -0.0101450161751 0.0165893087159 0.00284093161928 0.00909114520486 0.0150854967644 0.0201348174257 0.0406934019765 0.017708739964 0.0331103491499 0.0125646910433 0.029578744095 0.0208284868368 0.0670489460366 0.0108147928054 0.0158579930487 0.0338750125648 0.00321119453123 0.00979879085317 0.00645386854023 -0.0024605835462 0.0101696705652 0.0427020012215 0.00712924695377 0.0137199713399 0.0191074104151 0.0159169911495 
0.00721693022049 0.00128327268638 0.0104587179081 -0.00884529531072 -0.00410273083052 0.0221203107132 0.0108774835071 0.00923347492524 0.0300864587593 0.239433337107 0.00507674868307 0.0068846379324 0.0340859702231 0.00614191991177 0.0105827841098 0.0141993992982 0.00996336212484 -0.007817823406 -0.000121810268036 0.00806189241325 0.00050556433898 0.00941945010797 0.0558115827273 0.015742674865 0.0361398936859 0.0335218703333 0.0226495204612 0.0267406249983 0.0104408298005 0.0238375058645 0.0137685616868 0.0179964691249 0.0481261913472 0.0204076521244 0.0351643292802 -0.0157051208409 0.0175089056568 0.0153162341199 0.0178533036595 0.0129766691015 0.0198192991849 0.0135213864145 0.0233480274742 0.0119994916332 -0.0030690755864 0.0207329920933 0.0137513652511 0.00317131861581 0.0355752382848 0.0141273120683 0.0224971687898 0.0260195470788 0.000755686328355 0.0154587662837 -0.00380618890226 0.00684134568796 0.012437072588 0.0284989594611 0.0136958255411 0.0251403617732 
0.0327771532892 0.0322304473156 0.0026823765732 0.0913247432435 0.0180332823303 0.139669463019 0.0128148959195 0.000282206077097 0.0232457816481 0.00507674868307 0.365150667536 0.00200238381897 0.0416329453697 0.00915591232811 0.0134573602958 0.0436661604883 0.0581226266628 0.0261255227993 0.0117433346415 0.0404537410343 0.0107155681179 0.0356958197571 0.00891725518233 0.0123985734283 0.0135981959381 0.0258815969469 0.00821756862178 -0.000631370888171 0.00858289724616 0.0404890856033 0.00888872945287 0.0173029704919 0.0416179131871 0.0146750319154 0.0371139183732 0.0235107452152 0.00202201881899 0.00806484253481 0.0949232364894 0.0256346928962 0.0271632131457 0.0273494315943 -0.000896981872255 -0.000545217571469 -0.0139692091642 0.0336728217631 0.0392118354138 -0.00128846471564 0.0277175908945 0.0100952247224 -0.00459510992361 0.0121973858945 0.0128618540618 -0.000213381888328 0.0140536105108 0.0159545796404 0.00754402965287 0.00720372070404 0.00513727470565 0.00391542453473 
0.0116561494871 0.0111269821411 0.00786321802581 0.00531922135218 0.00855831778862 0.0178852477631 0.0116235135896 0.0180094986686 -0.00401010907285 0.00688463793239 0.00200238381897 0.193365093805 0.0112767950714 0.0220200213185 -0.00671276080238 0.0105424188099 -0.014871087629 -0.00356025020582 -0.00264343577898 0.00679843485748 0.00643686632901 0.00997527573409 0.00602871939379 0.00255985909052 0.0222237755021 0.0216694999834 0.015577289968 0.0395959172513 0.00691227348282 0.00145462327556 0.0216980483682 0.00151835357552 0.0296645262429 0.0150185942869 0.0346238752535 0.0539693262731 0.0205027116771 0.0251700623967 0.0309998483152 0.0121383900065 0.0209229585068 0.0221825845929 0.0287562445332 0.0195107302013 0.00270193818495 0.0155836098091 0.0206225489583 0.00128549485822 0.00425297828221 0.0124392923671 0.00795082607095 0.0111998482259 0.00766923047609 0.0172318787489 -0.00353461549469 0.00993515148767 0.0171624076667 0.0337348269893 0.0125522316992 0.0393374769242 
0.0350762320981 0.0150423102884 0.0200344660033 0.0127240583911 0.00885927261428 0.0130793734584 0.00622469278059 0.0220934867762 0.0334746436774 0.0340859702231 0.0416329453697 0.0112767950714 0.362471190786 0.015135929307 -0.000131151468654 0.0501545097871 0.0172862383551 0.0283206901212 -0.00788602348782 0.0358419057805 0.0323935322605 0.0527174122779 0.14427315705 0.00700628947772 0.0342407077013 0.0320226134443 0.0112766739053 0.00911089591756 0.0202987102838 0.0157594880373 0.0290591487427 0.0329211237487 0.0394766554074 0.0241114341777 0.0454326943791 0.0112171382724 0.00770229730425 0.0105735105794 0.0333243926086 0.0226496702268 0.0195266332885 0.0183307141267 0.0321592610138 -0.0126580664594 0.0159673740137 0.0516169995135 0.0190594123981 0.0200885943208 0.0237447743298 0.0100035296557 0.0467213196701 0.0214877561247 0.00600881912989 0.00255443856047 0.00703471307343 0.0192787653326 0.0285139827657 0.0155756131775 0.0215326885441 0.0256752332829 
-0.00421844532162 0.0223382029753 -0.00114429955784 0.0109131339023 0.00824678847714 0.0269685181935 0.0272165212814 0.0124455154738 0.0114154231605 0.00614191991177 0.00915591232812 0.0220200213185 0.015135929307 0.262469710561 0.00813908475518 -0.00689491091993 0.0151221812105 0.0179416621245 0.000751538761815 0.00625182239342 -0.0132391643397 0.0281179648173 0.00393395344179 -0.00502052323792 0.0252801914581 0.0079953762988 0.0149620364311 0.0171223085556 0.0135501889507 -0.0025418444227 0.0156032966949 0.0131503638231 0.0302946637025 0.00808288554341 0.0178594490311 0.0136198156526 0.0140608532366 0.0186823352168 0.0115491492379 0.0133692042737 0.0111799844691 0.0228157458061 0.024219224937 0.0251102930599 0.0167788259531 0.0106525544207 0.00623955928498 0.00672252991688 0.013474645009 0.0150948170669 0.00355610059635 0.0108871286473 -0.00396815778927 0.0181480553254 0.0118082456481 0.0198813963494 0.0307311283688 0.0308011240257 0.00926354806287 0.00560435644205 
0.00677538848351 0.00972079489105 0.00209963304571 -0.00721853986027 0.00941064121737 0.0116510892239 0.0144804692854 0.0138543398765 0.00948801723361 0.0105827841098 0.0134573602958 -0.00671276080238 -0.000131151468655 0.00813908475518 0.44242604462 0.0157065064469 -0.0152416933236 0.00540671736342 0.00732172300279 -0.0126593744721 0.0131108367373 -0.00508396180038 -0.00615589373806 -0.0112065306517 0.00132213352182 0.0367888748377 0.0167767808408 0.0025236487012 -0.0213841143986 -0.0108017275663 0.00082464600666 0.00298686307728 -0.0051158857998 0.00181981255052 0.00381551690993 0.00255128054473 0.0186880806544 0.0127935497705 -0.0082448319788 -0.010627463523 -0.00218056118487 -0.0150009554041 0.0122208321333 0.0250407045952 -0.0150507465806 0.00851573619745 0.00314605303627 -0.000843263474245 0.000458114491173 -0.0090991500386 0.00557601495225 -0.0128731123534 -0.0025155656614 0.0220280512525 0.00727654416941 0.0169166972191 0.00721698114935 0.0163298546657 0.0281637216282 -0.00293061619197 
0.0168056502051 0.0138522437168 0.0193214457522 0.0296132243197 0.0164544839723 0.0458219544961 0.0130805641759 0.0025792512868 0.0121622470785 0.0141993992982 0.0436661604883 0.0105424188099 0.0501545097871 -0.00689491091993 0.0157065064469 0.49363291528 0.0399584223643 0.0560900863926 0.0104143488518 0.0173800706845 0.0355188254963 0.00380229397803 0.00151364530636 0.0459510221278 0.0210938155243 0.00232034071192 0.0196255063023 0.00286673678598 0.00441141706462 -0.00801773352626 0.0105768736094 -0.00753064481981 0.0310631311298 0.0170027603395 0.02246214629 0.0230754614033 0.0042674882536 0.0350612469757 0.0545657140051 0.0346112367778 0.0205760990324 0.00448255231082 -0.00323810073399 -0.00271808785112 0.00603850264101 0.00904632673242 0.0260873372294 -0.00297292281633 0.0115257860463 0.0358219509047 0.0111578980886 0.0295538789639 0.00173748941641 0.00458844223885 0.00395820073403 0.0347489764315 0.0104791614455 0.0196104176864 0.0277568612348 0.0109400660081 
0.0196713797721 0.0521040614665 -0.00549261527167 0.023520099634 0.0100123033875 0.0486739500339 0.0420837644805 0.0365052080864 0.0496390874193 0.00996336212484 0.0581226266628 -0.014871087629 0.0172862383551 0.0151221812105 -0.0152416933236 0.0399584223643 0.53096076097 0.0304355205616 0.0165478043557 0.0116084190322 0.0040479827126 0.00323766600491 0.00576610710442 0.0129452771386 0.0165508423934 0.0170728976251 0.0191658581544 -0.00262255857014 0.0327211631422 0.0287499891719 -0.000621536807478 0.00895596070679 0.0695987384394 0.016893815379 0.00458335087732 0.0113137121175 0.0228835894282 0.0427173677542 0.0397671877705 0.033657269064 0.027338728469 0.00692093209742 0.0117018712322 0.00550305426983 0.0584974166512 0.000398153659234 0.0472495784621 0.0106831605049 0.0183785325657 0.00467936373546 -0.0231354389717 0.03898784167 0.00735410976913 0.0216417298755 0.118272927227 0.00672553501644 0.00857132174917 -0.00616400189477 0.00157090498161 9.91325344089e-05 
0.0867030533805 0.0195908596141 0.0236507776802 0.0511337263252 0.00503493187568 0.042126568062 0.0167693574971 -0.00842326331165 0.0706894191255 -0.007817823406 0.0261255227993 -0.00356025020582 0.0283206901212 0.0179416621245 0.00540671736342 0.0560900863926 0.0304355205616 0.447197110293 0.00973818006873 0.0409036990852 0.00303573487034 0.0188065541305 0.0211235943311 0.0526952554585 -0.00311394930145 0.0179126241006 -0.00975392495802 0.000953541840853 -0.00534034003567 0.0268745443884 0.02989903212 0.00549906378418 0.0495885359275 0.025445450494 0.0317778908391 0.00803811119131 -0.00580365684148 0.00469183056041 0.0325268553225 0.0314663454145 0.0162606393825 0.00590932735628 0.0132131495207 -0.00342885910639 0.0448564307067 0.0307055101158 0.000740655974945 -0.00812108362534 0.0100126881593 0.00121500439848 0.0094594096993 0.0220862700381 0.0179949531177 -0.00270429326545 -0.000862181357844 0.0271907574512 0.0121788127512 0.00646754907082 0.00721129487662 0.0114067891817 
0.00398846734399 0.0196706136309 -0.000268824086545 -0.00411919956898 0.0145443831332 -0.00846252840597 -0.0132950436582 -0.0100452732768 0.00235225968267 -0.000121810268036 0.0117433346415 -0.00264343577898 -0.00788602348782 0.000751538761814 0.00732172300279 0.0104143488518 0.0165478043557 0.00973818006873 2.99022938426 0.0174545064914 0.000516025672233 0.00301814858954 -0.00579906006964 0.00774400802665 -0.0174688216317 0.00220298123318 -0.0146158239223 -0.00405321447542 0.00115254176643 -0.00835081847088 0.0211161170366 0.00783767999338 0.0183703497907 -0.00504160472629 0.00241050118876 -0.00687922867157 -0.00720419390433 0.0014873850895 0.015856481996 0.0145406279668 0.00103881474649 -0.0164122913653 -0.0041679662923 -0.010086239448 0.0174950662059 0.00664641805846 -0.0036142426021 -0.01079264784 -0.00917279480758 -0.00894261805069 -0.0119598546062 0.00965099948147 -0.0133998032242 -0.0113326688047 0.0197064264536 0.00339970454185 0.0021803874132 -0.0005079808562 -1.43934177204e-05 0.00823361120666 
0.0518419597331 0.018708894287 0.00602796561856 0.0346755368138 0.0147920222457 0.0239760063364 0.00982022364027 -0.00102096684768 0.0310500760691 0.00806189241324 0.0404537410343 0.00679843485748 0.0358419057805 0.00625182239342 -0.0126593744721 0.0173800706845 0.0116084190322 0.0409036990852 0.0174545064914 0.314948415286 0.0325358800601 0.0171117769376 0.00629938982733 0.0263486120924 0.0157472405739 0.0247472492891 0.0110906061333 0.00958926956126 -0.0101777865114 0.00808481865071 0.0130891757084 0.0043250689664 0.0400311942487 0.0100502537697 0.0503271686144 0.0133067153255 0.00517456120808 0.00277771039735 0.0302902772063 0.0328022699152 0.00372446684037 0.00603833315695 0.0128075023843 -0.00502518229462 0.0164118954013 0.0247204339111 0.0105755088492 -0.00470982504731 0.0229818612407 0.0128318502556 0.020277206614 0.0162999190201 -0.00118367077179 0.0104509136357 0.00838718528005 0.00198516795889 0.036868074853 0.00864992737013 0.00475266927006 0.0151738571498 
0.0616565280245 0.00865348103479 0.0135020051569 0.0018473670485 0.00491794104767 0.0369083403098 0.0029063524663 0.0169787895564 0.00138707801845 0.00050556433898 0.0107155681179 0.00643686632901 0.0323935322605 -0.0132391643397 0.0131108367373 0.0355188254963 0.0040479827126 0.00303573487034 0.000516025672233 0.0325358800601 0.392816616802 0.021973792112 0.0073768721681 0.0321262435832 0.0184092771434 0.00263323632652 0.00206373903402 0.0030598802846 0.0207170609832 0.0127584073262 0.0138336277124 0.0137428075832 0.0284801419325 0.0317459211929 0.00984158349194 0.0123069621053 0.0147067757641 0.00148212263779 0.0436753389646 0.0122115326699 -0.0128842632559 0.0228034324883 0.00951625647352 -0.00169981031301 -0.00356466011893 0.0437629285252 0.0177058339967 -0.00112176102591 0.0101963213175 0.018340216504 0.0140856848424 0.00269002526873 0.0121728096419 0.00708367561949 0.0160472542922 0.00533899547862 0.0619561780308 0.0151199468555 0.0449706601608 0.00235960334718 
0.0325980216092 0.00442051603669 0.00341239449802 -0.00505955755773 0.00130312386335 0.0452688155665 0.00424843029796 0.0138450534299 0.0254074783555 0.00941945010797 0.0356958197571 0.00997527573409 0.0527174122779 0.0281179648173 -0.00508396180038 0.00380229397803 0.00323766600492 0.0188065541305 0.00301814858954 0.0171117769376 0.021973792112 0.294562564608 -0.0110099949432 -0.00140274278321 -0.000256868709586 0.00453156937908 0.0144952158407 0.013897972453 -0.00218475448559 0.00392687208704 0.0205762084341 0.0105839233735 0.0596359269142 0.00330541583096 0.0229563555604 0.00815550713521 0.0154518725777 0.00619202437726 0.0142250942499 0.00432824464683 0.000522390768421 0.0356451092097 0.0256814107994 0.00111592206112 0.00675420669463 0.0134660799834 0.0219796405253 0.00477168057902 0.01306662862 0.00222620164371 0.020590017157 0.0098211895479 -0.00180348630914 0.00707907182465 0.00877094249079 0.00742966643648 0.0188007162237 0.013636348704 -0.00532540619315 0.00936863189187 
-0.00293575248713 0.0061820473695 0.0067996023821 0.0113940485415 0.000852079456869 0.00408516271543 0.00617325029286 0.0175154281164 0.0248872351347 0.0558115827273 0.00891725518233 0.00602871939379 0.14427315705 0.00393395344179 -0.00615589373806 0.00151364530636 0.00576610710442 0.0211235943311 -0.00579906006964 0.00629938982733 0.0073768721681 -0.0110099949432 0.568501178612 -0.000232115698616 0.00641309799327 0.00966765296743 -0.00108125215181 0.000596995277624 0.0073871964449 -0.00504807630642 0.0260848572928 -0.0106141459263 0.0307505025503 0.0122851710926 0.0067875164608 -0.00967542645733 0.0176858047236 0.0213431960146 0.00618317531341 0.0124536640427 -0.0163254098389 0.0073755824374 0.0376879005672 -0.00502583870404 0.034381975792 0.00178171967355 0.0281370828724 0.00115319329171 0.00737377808181 -0.00273287594492 0.0110411010673 0.01265848527 -0.00441952934492 0.0110784232353 -0.0139173133725 0.00143085125354 0.0149296036048 0.00589280588655 -0.00668628130377 0.00999109782415 
0.0069328098347 0.0411989549995 0.0266923525749 0.0389346717625 0.0183123275826 0.0240061329069 0.00232422268523 0.0300935720152 -0.0101913708381 0.015742674865 0.0123985734283 0.00255985909052 0.00700628947772 -0.00502052323792 -0.0112065306517 0.0459510221278 0.0129452771386 0.0526952554585 0.00774400802665 0.0263486120924 0.0321262435832 -0.00140274278321 -0.000232115698616 0.430922384559 0.00808694919049 0.0219945013659 -0.00221272564506 0.0268800684089 0.00923830315196 -0.00888988807472 0.000504738007994 -0.011745431457 0.0371490966669 -0.00179456225781 0.0375897887685 0.0246071586616 0.0178004271921 0.00801357031714 0.0452046630929 0.0261769825985 0.0301255685291 0.00602492812556 0.00384205134564 0.018369552366 0.0377923917582 0.00640286344331 -0.00813335040581 -0.00297638065242 0.000685913526183 0.00874271563025 0.00820721337745 -0.00809094632262 0.00481134685884 0.0123637986894 -0.00287296590712 -0.00487411053215 -0.0035009517445 0.00110634689977 0.00629558930298 0.0338904585851 
0.00936629275534 0.0177348581139 0.0143270994492 0.0157522813149 0.0102763593949 0.02561346489 0.0179576561845 0.0167750395747 0.00070483526891 0.0361398936859 0.0135981959381 0.0222237755021 0.0342407077013 0.0252801914581 0.00132213352182 0.0210938155243 0.0165508423934 -0.00311394930145 -0.0174688216317 0.0157472405739 0.0184092771434 -0.000256868709585 0.00641309799328 0.00808694919049 0.196866369703 0.0212484380644 0.0353696777847 0.0196881803451 0.0166238247615 0.0173565243697 0.0145085534688 -0.0028682277871 0.0509212722526 0.009907659783 0.0200879030348 0.0221490406165 0.0127452323459 0.0309024080686 0.0198934792509 0.0284295995884 0.0250223184533 0.00347670920582 0.0174361209821 0.00838781561693 0.00302816708977 0.0231614432088 0.00568500189025 0.0101366804894 0.00268089965271 0.0100304222017 -0.00180250691001 0.0271909856043 0.0105597373163 0.0192824922001 0.0121263768779 0.022690820331 0.0124117703622 0.00900316402051 0.00281395782572 0.0288731571075 
0.0138536692195 0.0290672782819 0.00706900199239 0.00498010791661 0.0143026516534 0.0182323648523 0.0229077281297 0.00831174654694 0.0199766998586 0.0335218703333 0.0258815969469 0.0216694999834 0.0320226134443 0.00799537629879 0.0367888748377 0.00232034071192 0.0170728976251 0.0179126241006 0.00220298123319 0.0247472492891 0.00263323632652 0.00453156937908 0.00966765296743 0.0219945013659 0.0212484380644 0.237772830611 0.00985170175899 0.0299968816109 0.0183964283958 0.0201066948728 -0.00128860363159 0.00733483212114 0.0231386788086 0.00498169955663 0.0148484254598 0.00107644661439 0.0228065476801 0.00427972149175 0.0261615526312 0.0105184998599 0.0170060900419 0.0157290677137 0.011194090715 0.0182057767602 0.0235455809797 0.0292655818856 0.0139528838282 0.00382012345197 0.0185914329148 0.0100656310547 0.0104289791468 0.0220812022216 0.00363533124156 0.0165951222144 0.020970758279 0.00307033844064 0.00787011183127 0.0206557203996 0.0100588094698 0.0454581237338 
0.00541552519622 0.0170649041144 0.006429234107 0.0174517479742 0.0100275622794 -0.00332544646324 0.0392906087068 0.0275977001325 -0.00237676393796 0.0226495204612 0.00821756862178 0.015577289968 0.0112766739053 0.0149620364312 0.0167767808408 0.0196255063023 0.0191658581544 -0.00975392495803 -0.0146158239223 0.0110906061333 0.00206373903402 0.0144952158407 -0.00108125215181 -0.00221272564506 0.0353696777847 0.00985170175899 0.176492572779 0.00762993807958 0.00239077948806 0.0112740926002 0.00491204465337 -0.00989206506354 0.00829877975276 0.0196525578538 -0.00446773479912 0.00550212358555 0.0330020544375 0.0401176328589 0.00438493488137 0.0118825338411 0.0116383405399 0.0180240504367 0.00102206923479 0.0185647464005 0.0213448994327 0.0178819914628 0.00492590276532 0.00569612339692 0.0196520713216 0.00787323601642 -0.00820228152246 -0.00451378208025 0.011101324836 0.0363248515239 0.0270727453866 0.00303716330125 0.00394604802862 0.0196283934797 0.0063268494014 0.0227354103879 
0.00460116632073 0.0100255809589 0.00803736229605 0.00747636864706 0.00250524972673 0.0150982683133 0.0157468888109 0.0170761913776 0.0249859062703 0.0267406249983 -0.000631370888172 0.0395959172513 0.00911089591756 0.0171223085556 0.0025236487012 0.00286673678598 -0.00262255857014 0.000953541840852 -0.00405321447542 0.00958926956126 0.0030598802846 0.013897972453 0.000596995277624 0.0268800684089 0.0196881803451 0.0299968816109 0.00762993807958 0.160835332424 -0.00523242362383 0.013057332912 0.0140595976856 0.0037869855665 0.0346966526942 0.00725593353882 0.00991360899919 0.0115382570705 0.0152523712815 0.0262939340049 0.0077315342709 0.0147330311585 0.00614172788913 0.0162020186833 0.0192162103934 0.0130448516946 0.00332047795545 0.0112590155317 0.00880394030145 0.0110093593976 0.011708262163 0.00969426882278 0.00861064852942 0.0200620021253 0.0080136444446 0.00988528254821 0.00325889215226 0.0101384884553 0.00266523954799 0.0313288300764 0.0252607611804 0.0575481353095 
0.0182143221215 0.0150565212133 -0.00409465674492 0.00479162040429 0.0397846370778 0.0158555252587 0.00697070439484 0.0115648947785 0.022805623632 0.0104408298005 0.00858289724616 0.00691227348282 0.0202987102838 0.0135501889507 -0.0213841143986 0.00441141706462 0.0327211631422 -0.00534034003567 0.00115254176643 -0.0101777865114 0.0207170609832 -0.00218475448559 0.0073871964449 0.00923830315196 0.0166238247615 0.0183964283958 0.00239077948806 -0.00523242362383 0.302757678974 -0.000936302188008 0.0123170320777 -0.00836206630082 0.0213593030987 0.00543669393779 0.0148314736128 -0.00489805111274 0.00383338586664 -0.0013778685947 0.0125701180206 0.01550906494 0.0107390143829 0.0140868127827 0.00507441598254 -0.00204575688197 0.0241625920491 0.0186817739498 -0.0026453803997 0.00519434247236 0.00210308697708 0.00503022289328 0.00879664183029 0.00400480769622 0.0080494775099 0.00330596015716 0.00021525782694 0.00308429298707 0.0109719739136 0.00819176064947 0.0238142853998 0.0057721643026 
0.0166812066706 0.0101651905664 0.0164787194389 0.0244246477339 0.0234529587819 0.0010593655473 0.010363203777 0.0104330605429 0.0112570009665 0.0238375058645 0.0404890856033 0.00145462327556 0.0157594880373 -0.0025418444227 -0.0108017275663 -0.00801773352626 0.0287499891719 0.0268745443884 -0.00835081847088 0.00808481865071 0.0127584073262 0.00392687208704 -0.00504807630642 -0.00888988807472 0.0173565243697 0.0201066948728 0.0112740926002 0.013057332912 -0.000936302188008 0.230163414574 0.0109610567993 0.0136985781195 0.0400247930684 0.0137050131802 0.00476240630735 0.0225090525236 0.010363226805 0.0129716205957 0.0262562807744 0.0210239798788 0.0117864055521 0.0185762215724 0.0186341684083 0.00981580057654 0.00579830936323 0.0276000659663 0.00446377806353 0.00973890563885 0.0285228425982 0.0112282685702 0.00432741107162 0.0210635619658 0.0124756300584 0.00762544050267 0.0081173376089 0.0197018056796 0.0205721370771 -0.00457078857847 0.0143016922253 0.00784952281029 
0.00380026310199 0.0160243667953 0.0133213062636 0.0172276123649 0.00609448279171 0.0203631536374 0.00524102277474 0.0156545190252 0.024238105818 0.0137685616868 0.00888872945288 0.0216980483682 0.0290591487427 0.0156032966949 0.00082464600666 0.0105768736094 -0.000621536807478 0.02989903212 0.0211161170366 0.0130891757084 0.0138336277124 0.0205762084341 0.0260848572928 0.000504738007995 0.0145085534688 -0.00128860363159 0.00491204465337 0.0140595976856 0.0123170320777 0.0109610567993 0.209729433526 0.00295860181235 0.0406500347702 0.00743851663971 0.0256917011419 0.00503015712953 0.00892362870658 0.0223601021377 0.014413062661 0.0244029801873 0.0145700858873 0.0167629667424 0.0104388623507 0.00939048549725 -0.0163680913358 0.0205912991534 0.00259065883758 0.00337179743209 0.0187765021333 0.00994352532902 0.0216912909564 0.0158160804225 0.000700002409036 0.00496959593392 0.00234047080794 0.00149740792681 0.0178071673567 0.00991436447326 0.00423064093707 0.0160829621778 
0.0159053141204 0.0166724571294 0.00533682746186 0.0222819159397 0.00575309064065 -0.00609780538233 0.00199691946551 0.0032874918945 0.00154299834895 0.0179964691249 0.0173029704919 0.00151835357552 0.0329211237487 0.0131503638231 0.00298686307728 -0.00753064481981 0.00895596070679 0.00549906378418 0.00783767999338 0.0043250689664 0.0137428075832 0.0105839233735 -0.0106141459263 -0.011745431457 -0.0028682277871 0.00733483212114 -0.00989206506354 0.0037869855665 -0.00836206630082 0.0136985781195 0.00295860181235 0.75157010935 0.017437700922 0.00795641367466 0.0214731499225 0.0102287576393 0.0126960706725 -0.00359666132876 0.0467752974484 0.00916267149665 -0.00977982110864 0.00555016234554 0.0211497543083 -0.00622944935567 0.00532453869259 0.0310169303504 0.00668903612047 0.00508327959027 0.0269441296647 0.00439285333703 -0.00526376132936 0.00775898328933 -0.00466153786248 -0.00119850707837 0.00424200201022 0.074088635874 0.00393948828956 0.00547505091046 -0.00487571136616 0.00793522527996 
0.0670185775845 0.0256414363639 0.00965730695207 0.0422750894303 0.00771180395249 0.0555349218392 0.0278497854119 0.0372905532485 0.0595196478446 0.0481261913472 0.0416179131871 0.0296645262429 0.0394766554074 0.0302946637025 -0.0051158857998 0.0310631311298 0.0695987384394 0.0495885359275 0.0183703497907 0.0400311942487 0.0284801419325 0.0596359269142 0.0307505025503 0.0371490966669 0.0509212722526 0.0231386788086 0.00829877975276 0.0346966526942 0.0213593030987 0.0400247930684 0.0406500347702 0.017437700922 0.561187067235 0.0111462660571 0.0788914461994 0.0497739981667 0.0134635473916 0.0306183475533 0.0315282683731 0.0458936247785 -0.00842635187845 0.0381070799189 0.049041508526 0.0139893742454 0.013121761111 0.0507677389434 0.0459843796725 0.00535540076858 0.0218684217966 0.0281260838565 0.0446282871887 0.0314281936642 0.0277862586977 0.0122203534715 0.0320383970321 0.0345475210243 0.0233489956062 0.0166803894783 0.0138324743235 0.0389438691508 
0.00878493559016 0.00665404627529 0.00983753707156 0.00487805341141 0.00572399810297 0.000441972165925 0.0051608252691 0.0152827790638 0.0014485485665 0.0204076521244 0.0146750319154 0.0150185942869 0.0241114341776 0.00808288554341 0.00181981255052 0.0170027603395 0.016893815379 0.025445450494 -0.00504160472629 0.0100502537697 0.0317459211929 0.00330541583097 0.0122851710926 -0.0017945622578 0.009907659783 0.00498169955663 0.0196525578538 0.00725593353882 0.00543669393779 0.0137050131802 0.00743851663971 0.00795641367466 0.0111462660571 0.323463004393 0.0360058113847 0.0127898572964 -0.000832820689725 0.016458026877 0.00791166289471 0.0127975201964 0.0010696434436 0.00219109079204 0.00989488417625 0.00841598077647 0.00440254226552 0.00873117928156 0.00882154042021 0.00553709287767 -0.00328615478227 0.00654800459039 -0.00160479409721 0.0183375538112 0.0117105213585 0.00620501488956 0.0085008760638 0.0103898754323 0.00937515908876 0.00619420612825 0.0477252037282 0.00951232075291 
0.0545949624328 0.00251310291198 0.0105821548209 0.00500556545785 -0.0055048426027 0.0124918008654 -0.00154818185189 -0.00140225292138 -0.0101450161751 0.0351643292802 0.0371139183732 0.0346238752535 0.0454326943791 0.0178594490311 0.00381551690993 0.02246214629 0.00458335087732 0.0317778908391 0.00241050118876 0.0503271686144 0.00984158349194 0.0229563555604 0.0067875164608 0.0375897887685 0.0200879030348 0.0148484254598 -0.00446773479912 0.00991360899919 0.0148314736128 0.00476240630735 0.0256917011419 0.0214731499225 0.0788914461994 0.0360058113847 0.377071503456 0.00923140556491 -0.00265170271363 0.00245659269427 0.0367588401824 0.00837932349351 0.00369082859977 0.00727372224001 0.0129491425929 -0.000424713925905 0.0211549875991 0.0504168500267 -0.00260658875204 -0.000503155706584 0.00419984466545 0.0156061494429 0.0617312243858 0.0210741905841 0.0096919405263 0.00423331934265 -0.00572401004298 -0.0140597299755 0.0113816750153 0.0241819475179 0.0108373330668 0.0214605748425 
0.034496767549 0.0100961778708 0.00803800818551 0.0255445096946 -0.00400041412586 0.0426620384416 -0.000785856423832 0.00491526150011 0.0165893087159 -0.0157051208409 0.0235107452152 0.0539693262731 0.0112171382724 0.0136198156526 0.00255128054473 0.0230754614033 0.0113137121175 0.00803811119131 -0.00687922867157 0.0133067153255 0.0123069621053 0.00815550713521 -0.00967542645733 0.0246071586616 0.0221490406165 0.00107644661439 0.00550212358555 0.0115382570705 -0.00489805111274 0.0225090525236 0.00503015712953 0.0102287576393 0.0497739981667 0.0127898572964 0.00923140556491 0.3936638916 0.00446206149914 0.018921168687 0.0394303849139 0.0312298659642 0.0121475477316 8.07913181326e-05 0.0182005920987 0.00229144850002 0.00158712386702 0.00827329587277 0.00812730323347 -0.00412329019835 -0.00263834523545 0.0061911341279 0.013161622115 0.00881788578856 0.00139780649694 0.017261548045 -0.0180153592062 -0.00798444651226 -0.00195163578185 0.012830691675 0.00947041207689 0.0140963759303 
-0.00202694287126 0.0135804324245 0.00136468843104 -0.00299080141116 0.00679167489742 -0.0111563307912 0.0359449925531 0.0123613743735 0.00284093161928 0.0175089056568 0.00202201881899 0.0205027116771 0.00770229730425 0.0140608532366 0.0186880806544 0.0042674882536 0.0228835894282 -0.00580365684149 -0.00720419390433 0.00517456120808 0.0147067757641 0.0154518725777 0.0176858047236 0.0178004271921 0.0127452323459 0.0228065476801 0.0330020544375 0.0152523712815 0.00383338586664 0.010363226805 0.00892362870658 0.0126960706725 0.0134635473916 -0.000832820689725 -0.00265170271363 0.00446206149914 0.153581236297 0.0339495130378 0.0108839806268 0.00839748398809 0.015061141083 0.000974540880051 0.000175031166703 0.0145859489098 0.00937711799407 0.0166866531513 0.015031486458 0.00729980819146 0.0187450329625 0.0021875375796 0.00387614831124 0.00460236273126 0.00253592636321 0.0384408540805 0.0167985596555 0.0177750131972 0.010456679342 0.0164845576596 0.0149176487411 0.0295008700755 
0.0155286599705 0.0265282209253 0.00407107385104 0.0184833787034 0.00896950946331 0.0105034286408 0.029071969178 0.0395704933259 0.00909114520486 0.0153162341199 0.00806484253481 0.0251700623967 0.0105735105794 0.0186823352168 0.0127935497706 0.0350612469757 0.0427173677542 0.00469183056041 0.0014873850895 0.00277771039735 0.00148212263779 0.00619202437726 0.0213431960146 0.00801357031714 0.0309024080686 0.00427972149175 0.0401176328589 0.0262939340049 -0.0013778685947 0.0129716205957 0.0223601021377 -0.00359666132876 0.0306183475533 0.016458026877 0.00245659269427 0.018921168687 0.0339495130378 0.198888391051 0.0156860376555 0.0109514794081 0.0180519118293 0.00807053932273 0.00955229072794 0.0108209346203 -0.0104485120084 0.00339261291019 -0.000734172594034 0.00524430375761 0.00935399283603 0.0122638367901 -0.0123851757222 0.00932489959962 0.0187466061634 0.0378710698604 0.0324664448241 0.0069778270743 0.014966967065 0.0132631973248 0.0138275059929 0.02524258112 
0.0138079668713 0.0211815413878 0.0419559163017 0.0581855202257 0.0176642425313 0.0712886127877 0.0269843148721 0.017427609967 0.0150854967644 0.0178533036595 0.0949232364894 0.0309998483152 0.0333243926086 0.0115491492379 -0.0082448319788 0.0545657140051 0.0397671877705 0.0325268553225 0.015856481996 0.0302902772063 0.0436753389646 0.0142250942499 0.00618317531341 0.0452046630929 0.0198934792509 0.0261615526311 0.00438493488136 0.0077315342709 0.0125701180206 0.0262562807744 0.014413062661 0.0467752974484 0.0315282683731 0.00791166289471 0.0367588401824 0.0394303849139 0.0108839806268 0.0156860376555 0.466992135854 0.0490144868569 0.0271566249583 0.0188999844058 0.0117778418825 0.025137767524 0.0139816229745 0.047831146269 0.00512808204014 0.00817722218964 0.0494544482313 0.0362344606382 0.00568053557565 0.0384938874917 0.00295407758066 -0.00181200740136 0.0208117478129 0.0226660139971 0.0766606271686 0.0089508064309 0.0123596135566 0.0124169194255 
