20
0.121001700606 0.0318751717172 0.116792266476 0.103528049483 0.0678674292734 0.126305303483 0.0910259677787 0.0246645675501 0.0353360638732 0.0388313797841 0.0168064994581 0.0594494044175 0.0447966226616 0.0884893451388 0.0436219100546 0.133327922328 0.0850489592031 0.0165000515881 0.0874158444094 0.0514292405054 
0.739600801147 0.0369792036521 0.00913620232943 0.0682042262919 0.0191982623783 0.0721958505948 0.0282238784674 0.0139043349213 0.0152519242534 0.00215588846441 0.0146680839369 0.0143004559511 0.0187498464843 0.00558130280977 0.0216614618612 0.0108896793441 0.0503775807862 0.0249644093249 0.0085211405522 0.0525729781655 
0.0369792036521 0.191378134333 0.00133206747871 0.0332580352819 0.0115816710649 0.0154391093669 0.00680111520531 0.0294931988152 0.0154151651241 0.00769647107715 0.0180372540153 0.026793385467 0.00574482026621 0.0145784061454 0.0362285137107 0.0208280651883 0.0106594568616 0.0488681214026 0.00707910387295 0.0223283451902 
0.00913620232943 0.00133206747871 0.602746200485 0.00187920263633 0.0164541866516 0.00630206923582 0.0661727182428 0.00675681070321 0.0152292846839 0.00360639461625 0.00759926279721 0.0137555540827 -0.0086965803302 0.0192462802828 0.0231528747472 0.025431026964 0.0150649847097 0.00318898603399 0.00675654979337 0.0345234660719 
0.0682042262919 0.0332580352819 0.00187920263633 0.430542461991 0.0149471843953 0.159546051647 0.0122176519483 0.0197944487167 -0.00537637109493 0.0231144623702 0.0180786219439 0.023698640841 0.00712701038798 -0.00795262621304 0.0128233514258 -0.00269404332869 0.0420842447266 0.0317955638447 -0.00893888097957 0.0289730395277 
0.0191982623783 0.0115816710649 0.0164541866516 0.0149471843953 0.41258533586 0.0266865236845 0.0328500400985 0.0165802711441 0.0414295733208 0.0439050386159 0.0226384993383 0.0466441459433 0.0661714906616 0.0392346247502 0.0337828977811 0.0416306365081 0.0280889539595 0.0090162894741 0.0165520042615 0.0363345420427 
0.0721958505948 0.0154391093669 0.00630206923582 0.159546051647 0.0266865236845 0.468733684121 0.00820789546505 0.00614781313394 0.0118707263472 0.0028267210706 -0.00294872666286 0.024838060049 0.00582867315547 0.0190314644243 0.013708919605 0.0229382862819 0.0449070159837 0.0074439316674 0.0539079340133 0.0367293080005 
0.0282238784674 0.00680111520531 0.0661727182428 0.0122176519483 0.0328500400985 0.00820789546505 0.441555366161 0.0140292603955 0.0065136614123 0.0277476838609 0.0158882350216 0.0331770466203 0.0546772570544 0.000998499157091 0.0255542373757 0.0227158837887 0.0256688421087 0.00836220874112 0.00227679574408 0.018777064688 
0.0139043349213 0.0294931988152 0.00675681070321 0.0197944487167 0.0165802711441 0.00614781313394 0.0140292603955 0.176966482838 0.000530223227009 0.0072738133617 0.0325743539855 0.0629048722081 0.0322666613545 0.0274250970589 0.0511602645635 0.0169719730313 0.021228947199 0.0252137302631 0.00244369687686 0.0332185124685 
0.0152519242534 0.0154151651241 0.0152292846839 -0.00537637109493 0.0414295733208 0.0118707263472 0.0065136614123 0.000530223227009 0.309840087801 0.00468573224066 0.0230397161512 0.0296988407933 0.0286031933254 0.0328993365154 0.0205294736483 0.0347637355892 0.0353033331547 0.0219275733205 0.0587835374346 0.040484229522 
0.00215588846441 0.00769647107715 0.00360639461625 0.0231144623702 0.0439050386159 0.0028267210706 0.0277476838609 0.0072738133617 0.00468573224066 0.412755534939 0.0118859491724 0.0378153825578 0.0519581523594 0.0222182356578 0.0188651949636 0.0186469586095 0.0201308687902 0.00788061129539 0.0321958630521 0.0266694610993 
0.0146680839369 0.0180372540153 0.00759926279721 0.0180786219439 0.0226384993383 -0.00294872666286 0.0158882350216 0.0325743539855 0.0230397161512 0.0118859491724 0.218716555918 0.0163169078239 0.0244734470997 0.0101652783545 0.0182599183856 -0.00119585611374 0.00672646443255 0.0149410574024 0.022272888552 0.00802154608449 
0.0143004559511 0.026793385467 0.0137555540827 0.023698640841 0.0466441459433 0.024838060049 0.0331770466203 0.0629048722081 0.0296988407933 0.0378153825578 0.0163169078239 0.276604696887 0.0496612989954 0.0260014838169 0.140083003717 0.0172048783425 0.0334493263972 0.0205040214707 0.012604318285 0.0519881716094 
0.0187498464843 0.00574482026621 -0.0086965803302 0.00712701038798 0.0661714906616 0.00582867315547 0.0546772570544 0.0322666613545 0.0286031933254 0.0519581523594 0.0244734470997 0.0496612989954 0.280196116266 0.0437269821525 0.033845042719 0.018524677485 0.0293738204127 0.00453165216425 0.0295791107034 0.0333554271708 
0.00558130280977 0.0145784061454 0.0192462802828 -0.00795262621304 0.0392346247502 0.0190314644243 0.00099849915709 0.0274250970589 0.0328993365154 0.0222182356578 0.0101652783545 0.0260014838169 0.0437269821525 0.490255055778 0.0229543100432 0.0431709265 0.0297690552481 0.00281973805256 0.0473550229965 0.0304239745765 
0.0216614618612 0.0362285137107 0.0231528747472 0.0128233514258 0.0337828977811 0.013708919605 0.0255542373757 0.0511602645635 0.0205294736483 0.0188651949636 0.0182599183856 0.140083003717 0.033845042719 0.0229543100432 0.303158659402 0.00581612638945 0.0232534201029 0.0217046017205 -0.00823670814343 0.0354902589459 
0.0108896793441 0.0208280651883 0.025431026964 -0.00269404332869 0.0416306365081 0.0229382862819 0.0227158837887 0.0169719730313 0.0347637355892 0.0186469586095 -0.00119585611374 0.0172048783425 0.018524677485 0.0431709265 0.00581612638945 0.83374498276 0.0246360282027 0.0108541046889 -0.00365473561018 0.0152867738059 
0.0503775807862 0.0106594568616 0.0150649847097 0.0420842447266 0.0280889539595 0.0449070159837 0.0256688421087 0.021228947199 0.0353033331547 0.0201308687902 0.00672646443255 0.0334493263972 0.0293738204127 0.0297690552481 0.0232534201029 0.0246360282027 0.726509817813 0.0229788841522 0.035683880421 0.0386335750453 
0.0249644093249 0.0488681214026 0.00318898603399 0.0317955638447 0.0090162894741 0.0074439316674 0.00836220874112 0.0252137302631 0.0219275733205 0.00788061129539 0.0149410574024 0.0205040214707 0.00453165216425 0.00281973805256 0.0217046017205 0.0108541046889 0.0229788841522 0.153841443851 0.0156678745426 0.0285507619411 
0.0085211405522 0.00707910387295 0.00675654979337 -0.00893888097957 0.0165520042615 0.0539079340133 0.00227679574408 0.00244369687686 0.0587835374346 0.0321958630521 0.022272888552 0.012604318285 0.0295791107034 0.0473550229965 -0.00823670814343 -0.00365473561018 0.035683880421 0.0156678745426 0.558299480386 0.0411330999998 
0.0525729781655 0.0223283451902 0.0345234660719 0.0289730395277 0.0363345420427 0.0367293080005 0.018777064688 0.0332185124685 0.040484229522 0.0266694610993 0.00802154608449 0.0519881716094 0.0333554271708 0.0304239745765 0.0354902589459 0.0152867738059 0.0386335750453 0.0285507619411 0.0411330999998 0.215208663302 

['EP', 'FE', 'NOVL', 'OXY', 'FD', 'BHI', 'AW', 'STI', 'EMC', 'HAS', 'SLM', 'STT', 'MAR', 'BMC', 'NTRS', 'ADCT', 'EBAY', 'PGN', 'IGT', 'MER']