60
0.0308834605432 0.0122123060087 0.0285995604788 0.0693656588129 0.0695535734162 0.066200000993 0.118814959333 0.018453974145 0.0378384564622 0.197480990077 0.0582377086348 0.037496284255 0.0377827405953 0.125871369107 0.0211692002509 0.0752984700253 0.060830846045 0.0482651065397 0.103194060275 0.360667625942 0.0318751717172 0.0162851568228 0.0514292405054 0.0265193363437 0.0654803135324 0.0743289823458 0.143796644659 0.0210054402465 0.148169679735 0.0353360638732 0.0896788789081 0.00699576056141 0.090319564185 0.0352458247454 0.039859092222 0.0395396308246 0.0634276035435 0.0487859931196 0.126305303483 0.0538734886168 0.0113752176021 0.022369934908 0.0704019073317 0.0437869579852 0.065735385914 0.0672535079153 0.0754552666066 0.0528259349661 0.242072249725 0.0952881581377 0.0367752030525 0.192324736986 0.103528049483 0.0715007016099 0.0162161188728 0.0451551332239 0.0313696733512 0.0278380444533 0.0545718905582 0.102128665084 
0.20364003089 0.00642313021583 0.0276226848137 0.0119514796271 0.00828872269027 0.0267582692828 0.00458284713135 -0.000516257641276 0.0223574793983 0.0144368611312 0.0017795447883 0.0323875602172 0.0103830346635 0.00136874796742 0.0122185621018 0.0164201737602 0.0175256353266 0.0284056794062 0.0192244466261 0.00858638957315 0.0239000962227 0.0167807931408 0.0194571370937 0.014959291989 0.00401986084298 0.0226175795006 0.0182661564689 0.0169031643013 0.0179505910891 0.0117078605758 0.023326891794 0.0129016528361 0.00754866425217 0.00915680208685 0.017414167755 0.0119048320797 0.0119240771503 0.012219660535 0.00118138509917 -3.02550985802e-05 0.0130331549015 0.0126440029272 0.0204832696115 0.00866997471577 0.0208749737024 0.0209245528666 0.00719521845965 0.0266353339416 0.00550998726725 0.0225446876498 0.0167273473033 0.0070280847708 0.0039253438235 0.00815011072944 0.0112239031338 0.00811290316523 0.0136384144585 0.0141104067007 0.0187173773259 0.00520174996633 
0.00642313021583 0.282059558449 0.00550103709448 -0.0128581917245 0.00822332273241 -0.0252283011803 0.0103723137646 0.00152932689857 0.00111043142472 0.00930089702426 0.0106183268283 0.0164608156837 0.003151079023 0.00447887775739 0.00139999168194 0.0166345822879 0.0190251319623 -0.00241782128583 0.017409836685 0.0275517153204 0.0102781344182 0.0119766820805 0.0118334599186 0.0231735284113 0.00407802135223 0.00280007236594 0.0205192294706 -0.00245854029567 0.02311262073 0.0119064806922 0.0340307697851 0.00899872021461 0.00721421837782 0.0143495928107 0.0140498949518 0.0173734817076 0.0155207880964 0.00696068076973 0.00148044084607 -0.00408770022206 0.0109638112442 0.0109122036892 0.00927618118043 0.0223533385791 -0.00291089716219 -0.00274469355479 0.0190898050217 0.0130808552803 0.0169079981979 0.0206881675031 0.00467246510772 0.00505461171685 0.00973808188769 0.00683799875234 0.00841547203286 0.0078535084773 0.00299678314002 0.0119018465094 0.00736192571488 0.0236909650518 
0.0276226848137 0.00550103709448 0.266198379968 0.0139372570161 0.00378697549816 0.0489560962505 0.00637557915857 0.0165450264639 -0.00356269796991 0.030037293485 0.0158608134655 0.0318837205873 0.00162747889014 -0.0169109721418 0.0239931028167 0.0137739849425 0.01674499174 0.0374324126362 0.00614466903098 0.0201053521767 0.00469127836695 -0.0079268547292 0.0126341856215 0.0152019714798 0.00238991688155 0.0243749713827 0.0399486314601 -0.00149447414472 -0.00582370189117 0.00867833966787 0.0176706180925 0.004133350103 0.00936143286287 0.0133660879841 0.017399762617 0.0191434605262 0.0126993223281 0.00931711996299 -0.00792163896917 0.0308210757105 0.0110343612977 0.0053671527999 0.0230826565849 0.0336608368595 0.00551130246386 0.0231550483947 0.0166845540027 0.0470378763465 0.0205673445338 0.0507578157152 0.0184411726205 0.0049262394822 -0.0134225442046 -0.00730460511644 0.00396732994406 0.0102915802611 0.00173521466387 0.0123051347433 0.00678561329966 0.00138407474499 
0.0119514796271 -0.0128581917245 0.0139372570161 0.365437174689 0.0044342871167 0.0173378301773 0.0242828684201 -0.00145741052122 -0.000654521413287 0.032200636296 0.0121486210867 0.00336959162547 0.0134072212069 0.00268341415568 0.00134080603901 0.00947541085861 0.0166523517519 0.0496692115955 0.00342226283487 0.049442063416 0.00091788521744 -0.000423272649792 0.0155986226704 0.004761699714 0.0308026632497 0.0259936083106 0.0167287968631 0.011083230269 0.00148899362963 0.0210832024808 0.00369399702875 0.00140203604358 0.00689900302275 0.0125987368493 0.00848181631265 0.0348959128339 0.00359574446135 0.0170696150864 0.0261473534775 0.0413516480126 0.0338772141861 0.00807183591207 0.0250640349556 0.0161744333132 0.0746350062029 0.044944304749 0.0356086091573 0.0113541867934 0.0290342993673 0.0176437784006 0.00879741821715 0.00258711696409 0.0012984282173 0.0101380265077 -0.0167163293233 -0.00674214339192 0.00901829083137 0.0116794943901 0.0201384718442 0.0105629954227 
0.00828872269027 0.00822332273241 0.00378697549816 0.0044342871167 0.396072672295 0.0096649192217 0.0241982884944 -0.00658388531426 0.00902087718211 -0.00104318506475 -0.00103746423364 0.0154535287581 0.00279773796766 -0.0105722128584 0.00708639601316 0.0279512127075 0.0171544453342 0.00353896622483 0.00519051766288 0.00166685013228 -0.0113436690379 -0.00187737181841 0.015390711009 0.00909525088792 0.0148873616835 0.0161126532119 0.0211101159945 0.00929016981229 0.0580099456099 0.00231291000509 0.00349242208273 0.000144399490001 0.00686412301133 0.000769641261204 0.00582414183037 0.0089773405059 0.00557944501579 0.0145963885828 0.00034554490787 0.0167641470284 0.00980643205382 0.00205461231357 0.0155866055199 -0.00115780149303 0.0140279118133 0.00953034887962 0.00382827642934 0.0175647155791 0.0220230292238 0.0270686181246 0.0182546028609 0.00662402904752 -0.00368411161099 0.00861741649684 -0.000470833014274 -0.00523011069901 -0.00444595697523 0.0029517422597 -0.00953290131107 0.00445018644074 
0.0267582692828 -0.0252283011803 0.0489560962505 0.0173378301773 0.0096649192217 0.633433143945 -0.00609590023954 0.0194778193818 0.0374077348816 -0.0242772007142 0.0236426787751 0.0332383002465 0.0169384302302 0.00612838573885 0.00689806289244 -0.0048701116225 0.0136495382223 0.0190005423914 -0.0261984437409 0.0798706333669 0.00808902702964 0.0448634218956 0.0313843797966 0.012226678674 -0.0109014218327 0.0403789099406 -0.00555835264522 0.00519244738108 -0.00862582427833 0.00665149075283 0.0023721175856 0.016536682266 0.0393167540446 0.00711801904854 0.00622723310872 0.0268324493856 0.0129219415041 0.0442911793255 -0.0123056801953 0.0325349973683 0.0150392156849 0.019556752841 0.0163630231965 0.026629510252 0.0135254140414 0.0389883091306 0.0499390881396 0.0248985744533 -0.0166487848147 0.0150581253836 0.0159450471986 0.0185376834489 0.0182082122241 -0.0195531195667 0.0257429209331 0.00297913031658 0.0504847489372 0.0316802350958 0.0175552965155 0.00880264600069 
0.00458284713135 0.0103723137646 0.00637557915857 0.0242828684201 0.0241982884944 -0.00609590023954 0.489159621024 0.0119444951287 0.00838149595405 0.0312824585573 -0.0100528599088 0.000641739583016 0.00515816941759 -0.00453574951684 0.019103193404 0.0128324987545 0.0231130963903 0.00953107350152 0.0181408205479 0.0687238743296 0.0108681766785 0.020523524009 0.0194088656719 0.0253424591475 0.012520212545 0.046812461092 0.0553905145998 -0.00572396591913 0.00357580047612 0.0411080973483 0.0748663639462 0.00318832363609 0.0104794839419 0.0042229662582 0.0125712347222 0.0316276894706 0.0105659164437 0.0130840571957 0.00704393235107 0.0246187409855 0.00905242623853 0.0178905223955 0.0367384041088 0.00305647772879 0.0357222863763 0.0211995845395 0.0355410504935 -0.00685700309088 0.0429980427601 0.039691411964 0.0120691914943 0.0424420123916 0.0188529084507 0.00192346405717 0.00944200718295 -0.000140367701782 0.00499848431251 0.00262885279126 0.0161793771344 0.0335544543476 
-0.000516257641277 0.00152932689857 0.0165450264639 -0.00145741052122 -0.00658388531426 0.0194778193818 0.0119444951287 0.243531506828 0.00294936345005 -0.00110773119625 0.00445827634534 -0.00837462474131 0.00841190595997 -0.011693076099 0.0411793983638 0.0168326383503 -0.00851270049229 0.0133382724497 0.0181647923737 0.00445794865045 0.00107809069057 0.00464741645887 0.00547641444473 -0.00855846216016 0.00344797608617 0.0143480794815 0.0042483172372 0.00834076532675 0.00624611222699 0.00952421398442 0.0146019559194 0.00404962166257 0.0106776190469 0.0129194327282 0.0145183028272 0.00753874708994 0.00895878894944 -0.00254271363105 0.00828527794317 0.00522337009441 0.00567464269882 0.0132914755562 0.0146774996994 0.0156913113022 -8.69317666561e-06 0.00579677049413 0.0178673278734 0.0163652674677 0.0179210652012 0.00732383477968 0.0101090844303 -0.00231088851998 0.0106517834564 -0.00967705632119 0.00261584006072 0.00794402085643 0.00294323674161 0.0140961345994 0.00795688792148 0.0362485204298 
0.0223574793983 0.00111043142472 -0.00356269796991 -0.000654521413288 0.00902087718211 0.0374077348816 0.00838149595404 0.00294936345004 0.462172063168 0.0190017819135 -0.00860248678428 0.0252196091982 0.0125270270236 -0.0052876249318 0.010195663344 0.00706111020519 0.0142407091076 -0.00472909690569 0.0183507286831 -0.0140817046924 0.00919701256227 -0.00317802943617 0.00521382323266 0.00144307346485 0.00584117580094 0.00463938944406 -0.000236682205257 0.0132840895351 -0.00409933669236 -0.0108453215534 0.000244479428433 0.0101680172858 0.00231600649922 -0.00470513136118 0.00249272066412 0.00207932799112 0.0391455996332 0.0173995492639 0.033879952215 -0.00673877598315 0.00688771672302 -0.00724886159071 -0.00177562813988 0.00195853104552 0.0146609996039 -0.00258247560132 0.00271066856098 0.0172813767444 -0.0189391963477 0.0302204091049 0.0145208026492 0.03317515684 0.0755886151409 0.00136882804697 0.0161160764903 -6.40398129075e-05 -0.00680606584155 -0.00259191197627 0.00678161740114 0.0055994982907 
0.0144368611312 0.00930089702426 0.030037293485 0.032200636296 -0.00104318506475 -0.0242772007142 0.0312824585573 -0.00110773119625 0.0190017819135 0.871404219074 -0.00152505015081 0.0544236790434 0.0187913467465 0.0164092603042 0.0171139409929 0.0150615340582 0.0146332856781 0.0300027275624 0.007375239158 0.0615672296955 0.00262924547206 0.00441262605787 0.0320721505034 0.0160429147507 0.0227057365215 0.0284212320454 0.0278135603765 0.00510804694817 0.0153412634756 0.0224584982987 0.0593711957256 0.0176080781284 0.00269988972867 -0.00131124966057 0.0112016697277 -0.0203514865777 0.0213789093337 0.00662642728516 0.0142324175554 0.0234270565924 -0.00285928882164 0.0123293345005 0.018335816237 0.00703938124321 0.0151870555594 0.0234633778455 0.00380681414644 0.0392316632826 0.0303064706776 0.0731125167716 0.0140029514549 0.0428444014869 0.0265501231268 0.00955934666083 0.0037116078207 -0.00352931198596 0.00775891673378 0.00473406109772 0.00545730258546 0.0163987318804 
0.0017795447883 0.0106183268283 0.0158608134655 0.0121486210867 -0.00103746423364 0.0236426787751 -0.0100528599088 0.00445827634534 -0.00860248678428 -0.00152505015081 0.45862405128 0.0188515251377 0.0278935629588 -0.00467801165615 0.0175033524297 0.0183133568165 0.0289929983442 0.0136620225822 0.0122829557565 -0.00733391447039 0.0058780940796 0.00689461243546 0.0164536312517 0.035009993295 0.0110610374861 0.0238542523745 0.0158173788764 0.0125371204492 0.0147523463842 -0.00746682703084 0.0094435590741 0.0139818554108 0.0215912718584 0.00217741128188 0.01574016554 0.0315417670517 -0.01303702058 0.000978396196588 0.0136379215857 -0.00098400194344 0.0159146140051 0.0156790768035 0.013804924319 0.00766251608937 0.0206461379765 0.0369735934933 0.0340381583791 0.00983698465916 0.00343770212718 0.0147061365295 0.00195460534069 0.0119281518884 0.00894843018458 0.00342112852363 0.0120081454092 -0.000793956170199 0.0174883126435 0.0169647281489 -0.0100368132158 0.0184882354643 
0.0323875602172 0.0164608156837 0.0318837205873 0.00336959162547 0.0154535287581 0.0332383002465 0.000641739583016 -0.00837462474131 0.0252196091982 0.0544236790434 0.0188515251377 0.226393221252 0.00964158192256 -0.00601444240641 0.00257687404632 0.0163830261586 0.025831472329 0.0202562576713 0.0170725344377 0.00765657032591 0.0202957959204 0.0113187244867 0.0174416217164 0.000230914207651 0.0252238470113 0.0257364778978 0.0307291955187 0.00439695143875 0.0120082480576 0.0282515721158 0.0120304854913 0.00690662503298 0.00794823795568 -0.00402236466103 0.0184232482357 0.0153445565381 0.0161855751701 0.0109490256994 0.0183824421502 0.020035992897 0.0150138495654 0.0134342406189 0.0188354752051 0.0398042310843 0.0332053432764 0.0126310513491 0.0125989856025 0.0577976021025 0.0239619813321 0.0148731250088 0.00540095108554 0.0344757647354 0.00567162062115 0.0137301974522 0.0209544253206 0.0161371686898 0.00500884520746 0.00907151409468 0.0121420798304 0.00483642392134 
0.0103830346635 0.003151079023 0.00162747889014 0.0134072212069 0.00279773796766 0.0169384302302 0.00515816941759 0.00841190595997 0.0125270270236 0.0187913467465 0.0278935629588 0.00964158192256 0.32173553939 0.0168072194789 0.008771659309 0.00998891803412 0.00849649235793 0.00796252317344 0.0178649861445 -0.00531317103412 0.0196186947624 0.020596084726 0.0177422365838 0.000919351343425 0.00296453093135 0.0182845718156 0.00335888714717 0.0092665964983 0.0251844928282 0.0180138872609 0.0115060903435 0.0232251237249 0.00447649741214 0.0159200648297 0.0118729703303 0.00394923949602 0.010706368335 0.0349495824639 0.0207545011124 0.00487837461131 0.022673675462 0.00862005975505 0.0134287788462 0.0116681448006 -0.000900063174422 0.0167714796732 0.0190136563157 0.00812765995307 0.0200754580949 0.0450490929618 0.00670441603113 0.0291301230766 0.0405268025803 0.0181477358018 0.02870637103 0.0133488933282 0.00913300081309 0.0275291419813 0.0229723189265 -0.0102139165632 
0.00136874796742 0.00447887775739 -0.0169109721418 0.00268341415568 -0.0105722128584 0.00612838573885 -0.00453574951684 -0.011693076099 -0.0052876249318 0.0164092603042 -0.00467801165615 -0.00601444240641 0.0168072194789 0.839842910219 -0.00877231286737 0.00968934487304 0.00803531244712 -0.0168860652573 -0.000587222238028 0.0494389070865 -0.00815971780139 -0.00746712496723 0.0120754518742 0.00505064766149 0.00921294277136 0.00523413278848 0.048121628047 -0.00451291294144 0.0165910105184 0.0131182134225 0.0498612878954 0.00472950987226 0.00565264788616 0.000871077694569 0.00689753054723 0.0244434761626 0.00123520934283 -0.00554513781108 -0.0148655598047 0.0342500383077 0.00294026748175 0.00624293511106 -0.000480282080483 0.00271482398925 -0.00956255077586 0.0153712505836 0.0114526407842 -0.00866373171149 0.032134196609 0.00127593321173 0.00140214149239 0.0268640964013 -0.0191577144153 0.00624717910865 -0.00581918879408 0.0123580177063 -0.0138286395021 -4.85580002185e-05 -0.00143056360896 0.0280449583152 
0.0122185621018 0.00139999168194 0.0239931028167 0.00134080603901 0.00708639601316 0.00689806289244 0.019103193404 0.0411793983638 0.010195663344 0.0171139409929 0.0175033524297 0.00257687404632 0.008771659309 -0.00877231286737 0.203269907734 0.00777798552224 0.00336034365638 0.0179985045304 0.01904294748 0.0109812265198 0.00914410912507 0.009784193632 0.0084989207286 0.0192641857519 -0.0120957887373 0.00324470961013 0.0143088102672 -0.00469852574162 0.00373314905509 0.025206368811 0.00667367711359 0.0106028892363 0.0145707076241 0.00102687825819 -0.00170737142578 0.00119925998626 0.0173575873691 0.0110857434144 0.00584445211533 0.000364342958722 0.0128201648213 0.00769507691899 0.0062796870699 -0.00263806816169 -0.00595925052394 0.0138775598644 0.012575697902 0.0168998357706 0.000982147895767 0.00433212084789 0.00804877012103 0.0159157220882 0.0200802171059 0.00479694224131 0.00382408092341 0.01029330898 0.00462416022079 -3.90607845843e-05 -0.00545950183975 0.0103625363105 
0.0164201737602 0.0166345822879 0.0137739849425 0.00947541085861 0.0279512127075 -0.0048701116225 0.0128324987545 0.0168326383503 0.00706111020519 0.0150615340582 0.0183133568165 0.0163830261586 0.00998891803412 0.00968934487304 0.00777798552224 0.474403564402 0.0367562010286 0.0143945283002 0.0153159510885 0.0141876534056 0.0071475414868 0.0111901097593 0.032954046127 0.0174569952033 0.0346556412763 0.0461217787731 0.1258245921 0.00299022194476 0.0016431204285 0.00133398421923 0.000297259500279 0.0118485104978 0.0247985700586 0.0209159552849 0.018545858764 0.0147149833165 0.0376851598397 0.0141993427073 0.0380010413503 -0.00691571813753 0.00798926245471 0.0134608384512 0.0197057124115 0.0107465701222 0.010586262296 0.00335592776854 0.0268562320462 0.0279711002905 0.0446822380204 0.0221241733072 0.0128915582856 0.0428320708148 0.0053634712386 0.0274049655689 0.0119403471126 0.0195280915354 0.0157986389551 -8.4210760937e-05 0.0152763685925 0.016256195939 
0.0175256353266 0.0190251319623 0.01674499174 0.0166523517519 0.0171544453342 0.0136495382223 0.0231130963903 -0.00851270049228 0.0142407091076 0.0146332856781 0.0289929983442 0.025831472329 0.00849649235793 0.00803531244712 0.00336034365638 0.0367562010286 0.270792201938 0.0216632927316 0.0201759797764 0.00660684172011 0.00953210933299 0.010284737782 0.0426312845494 0.00436056627415 0.014218278613 0.0716640473768 0.0873785173714 0.00340568346358 0.017547594898 0.0251396195599 0.00765112103274 -0.000138647385386 0.012197658106 0.0346439867316 0.0122263094576 0.0129507663548 0.0111247730952 0.0364529034015 0.0213703027613 0.0184620824692 0.0444670594072 0.0215180445898 0.0497710633143 0.00567880383127 0.0269426778565 0.0372190013225 0.0130226379009 0.0154995600549 0.0373289015738 0.0335472054579 0.0204213027802 0.0304744718239 -0.00476367875597 0.0184780639773 0.00928668036548 0.00515144191842 0.0235671221428 0.00638931074406 0.00360814079716 0.0157887442672 
0.0284056794062 -0.00241782128583 0.0374324126362 0.0496692115955 0.00353896622483 0.0190005423914 0.00953107350152 0.0133382724497 -0.00472909690569 0.0300027275624 0.0136620225822 0.0202562576713 0.00796252317344 -0.0168860652573 0.0179985045304 0.0143945283002 0.0216632927316 0.291770397775 0.0269114828015 0.0220235226554 6.27584537844e-05 0.0128658708564 0.0243246401521 0.0093801596852 0.0353755255294 0.0258494742965 0.0129918418151 0.00373647015109 -0.00227277926145 0.0236829543535 0.0199018595003 0.00760158799493 0.0293126432127 0.0148187895459 0.0174389250545 0.0441400093289 0.0335805441422 0.00248112219935 0.0148116344762 0.0215926128867 0.0213040012178 0.00179619364284 0.020761882956 0.0159929119449 0.0161499808885 0.0338615190179 0.0129353381739 0.00400658277557 0.0077696323248 0.0313792814092 0.0100871041206 0.0436829478914 -0.00402173856636 -0.00777336536415 -0.00203573108403 0.00577426541395 0.0161398318448 0.0112033175846 0.0144785393204 0.0253533165349 
0.0192244466261 0.017409836685 0.00614466903098 0.00342226283487 0.00519051766288 -0.0261984437409 0.0181408205479 0.0181647923737 0.0183507286831 0.007375239158 0.0122829557565 0.0170725344377 0.0178649861445 -0.000587222238028 0.01904294748 0.0153159510885 0.0201759797763 0.0269114828015 0.520297635118 0.0647616508616 0.0206793068324 0.00521089463542 0.0111292198542 0.0126448333042 0.054372028308 0.0302009973475 0.0421212311364 -0.00200561333059 0.0665298248504 -0.00177584426779 0.0258275506284 0.0199137556075 0.0222124806233 0.0174154795621 0.0169819970764 0.012325008696 0.0445935193153 0.0237968452165 0.0207466266371 0.024259399214 0.0340077229577 0.0105370704415 0.0289435563732 0.0266139629583 0.0248424456402 0.0344424943285 0.213176490186 0.00377383183698 0.0528897815625 0.0765538967674 0.012334043026 0.0571201310396 0.0189137797513 -0.00559541355932 0.0218085995627 0.00640584878581 0.0239518681956 0.000739160675922 0.0243997708159 0.0161552826709 
0.00858638957316 0.0275517153204 0.0201053521767 0.049442063416 0.00166685013228 0.0798706333669 0.0687238743296 0.00445794865045 -0.0140817046924 0.0615672296955 -0.00733391447039 0.00765657032591 -0.00531317103412 0.0494389070865 0.0109812265198 0.0141876534056 0.00660684172011 0.0220235226554 0.0647616508616 1.17201234907 0.000752901668931 0.0119012495226 0.0187575443082 0.0223821749459 0.0377852390601 0.0251283264079 0.0347374603795 0.0115120522399 0.021089160276 0.0243163081586 0.106044709997 -0.00148615334387 0.0334047098393 0.0166193316639 0.028606503745 0.0101678276203 0.0363409200795 0.0023439710336 0.0375692109742 0.019008456033 0.0140214843815 0.00310637423775 0.0294770395201 -0.00200445136027 0.0499545267158 0.0277109589032 0.0439632478547 0.0525531429626 0.0680395652517 0.0291132440127 -0.00599296159554 0.0901026958442 0.0202897431191 0.0260021828968 0.00331988234948 0.0443262148401 0.0176125605303 0.00918891135442 0.0085807011932 0.0605983490675 
0.0239000962227 0.0102781344182 0.00469127836694 0.00091788521744 -0.0113436690379 0.00808902702964 0.0108681766785 0.00107809069057 0.00919701256227 0.00262924547206 0.0058780940796 0.0202957959204 0.0196186947624 -0.00815971780139 0.00914410912507 0.0071475414868 0.00953210933299 6.27584537837e-05 0.0206793068324 0.000752901668931 0.173286856389 0.0388139373848 0.0132649455166 0.00963160762166 0.000171500786461 0.0205039844963 0.0263842224886 0.0150073338815 0.0172297833673 0.010063532579 0.0315716263744 0.0441462767167 0.00582835248987 0.00420257429499 0.00579104174453 0.00025963539641 0.00532723600681 0.0256182954202 0.0101068854626 0.00169497955395 0.0124791552646 0.0135146815177 0.0122985573459 0.00617627313994 0.00567841147826 0.00282226559932 0.00340485557079 0.0138964990792 0.00504480608875 0.019902187334 0.00803611521697 0.0256128728947 0.0253243491639 0.0159537332625 0.0397982726119 0.00177006587692 0.0151155173902 0.0176145128263 0.0422223720325 -0.00567806328092 
0.0167807931408 0.0119766820805 -0.0079268547292 -0.000423272649793 -0.00187737181841 0.0448634218956 0.020523524009 0.00464741645887 -0.00317802943617 0.00441262605787 0.00689461243546 0.0113187244867 0.020596084726 -0.00746712496723 0.009784193632 0.0111901097593 0.010284737782 0.0128658708564 0.00521089463542 0.0119012495226 0.0388139373848 0.144104602184 0.0178202495423 0.0114574964996 0.0121874261457 0.0194235252151 0.0158305376957 0.0072102960339 0.0225081448411 0.0159553427124 0.00739046724743 0.0344340109047 0.0132483061359 0.015030654987 0.00588678068149 0.00137969756667 0.0130185778924 0.0127858278348 0.0116781518335 0.0049240109748 0.00142685484721 0.0156850524067 0.0114462476371 0.0169795215123 -0.00538689770479 0.0105655613812 0.0106489184972 0.00652944208688 0.00170506156791 0.00749756583225 0.00406461594336 0.0221824431565 0.0361380451938 -0.00156777225907 0.0283023741997 0.00934431168591 0.00344817192652 0.00920867415911 0.0403303637733 0.000815957728095 
0.0194571370937 0.0118334599186 0.0126341856215 0.0155986226704 0.015390711009 0.0313843797966 0.0194088656719 0.00547641444473 0.00521382323266 0.0320721505034 0.0164536312517 0.0174416217164 0.0177422365838 0.0120754518742 0.0084989207286 0.032954046127 0.0426312845494 0.0243246401521 0.0111292198542 0.0187575443082 0.0132649455166 0.0178202495423 0.174764055622 0.0144875468073 0.00785568114042 0.0780473050705 0.0706322793819 0.00175515529419 0.00732022826179 0.0324150253024 0.0114566878828 0.015888357096 0.0273859619475 0.0293817211727 0.0241627427723 0.0117895791085 0.0211487497475 0.0171285690871 0.0239643341992 0.0135617628464 0.0134495656499 0.0257338328542 0.0616157873999 0.00159996141012 0.0102319903877 0.0162544570055 0.012430450005 0.0211289105575 0.0226873951249 0.0248895692377 0.0197834759739 0.0511368838071 0.017858204192 0.00584234839614 0.0175170107865 0.00399815666646 0.0125187877004 0.0165055783453 0.0233352972405 0.0241174787456 
0.014959291989 0.0231735284113 0.0152019714798 0.004761699714 0.00909525088792 0.012226678674 0.0253424591475 -0.00855846216016 0.00144307346485 0.0160429147507 0.035009993295 0.000230914207652 0.000919351343425 0.00505064766149 0.0192641857519 0.0174569952033 0.00436056627415 0.0093801596852 0.0126448333042 0.0223821749459 0.00963160762166 0.0114574964996 0.0144875468073 0.202544092916 0.00366050010478 0.0163965697108 0.0196081686951 0.0159975786754 0.00615310163789 -0.00230564197057 0.0274233157171 0.00830513616624 0.0314800252013 0.0033537371801 0.00235717053208 0.0116176114013 0.00963929546611 0.0182943184775 0.000687155308438 0.0236948247048 0.00552199886123 0.017335064809 0.0229831809536 -0.00634625482637 0.00830515430146 0.00723745225458 0.000472085319614 0.0114787151802 0.0242085436542 0.0158117638936 0.00258644047967 0.0178868846045 0.0234617824713 -0.000458377824335 0.00820255869692 0.0143635312349 0.0163647865148 0.000693750355969 0.0138715436573 0.017586638803 
0.00401986084298 0.00407802135223 0.00238991688155 0.0308026632497 0.0148873616835 -0.0109014218327 0.012520212545 0.00344797608617 0.00584117580094 0.0227057365215 0.0110610374861 0.0252238470113 0.00296453093135 0.00921294277136 -0.0120957887373 0.0346556412763 0.014218278613 0.0353755255294 0.054372028308 0.0377852390601 0.000171500786462 0.0121874261457 0.00785568114042 0.00366050010478 0.379897879357 0.0319149477555 0.0678874981195 0.0041042853195 0.0264860927551 0.0115309227857 0.0364865015383 0.00670894651834 0.0316019562052 0.0132954544747 0.0384293794315 0.0396945191068 0.0411227264816 0.0164118813155 0.0200949063608 0.0204789844018 0.0190222828683 0.0141814003785 0.0222470261856 0.0372557160776 0.0323901191185 0.0231105706039 0.0093112715753 0.0103383106626 0.0271245193721 0.0498515175275 0.00952450046202 0.0174743779509 0.00739186737017 0.0156762072572 0.00211642255511 0.00293029813239 0.0147316787877 0.0086550563644 -0.00454291785327 0.0335267574827 
0.0226175795006 0.00280007236593 0.0243749713827 0.0259936083106 0.0161126532119 0.0403789099406 0.046812461092 0.0143480794815 0.00463938944406 0.0284212320454 0.0238542523745 0.0257364778978 0.0182845718156 0.00523413278848 0.00324470961013 0.0461217787731 0.0716640473768 0.0258494742965 0.0302009973475 0.0251283264079 0.0205039844963 0.0194235252151 0.0780473050705 0.0163965697108 0.0319149477555 0.271039777827 0.0918731700642 -0.00211873624359 0.017954742431 0.0289905394948 0.023609774488 0.00863470077452 0.024327091118 0.0446681348721 0.0440449549689 0.022859644965 0.0162921749787 0.0182056240259 0.0287205676842 0.031358674905 0.00853884553279 0.0223181033135 0.0999110108653 0.00179118625305 0.0461997408245 0.0426811168979 0.0237274953872 0.0157497623097 0.0667061436877 0.0720754296722 0.0229450299667 0.0570331735388 0.0236070300926 0.00850992954139 0.019030145066 0.00587319784018 0.0226963406186 0.00904010964099 0.0123561584631 0.0339667016238 
0.0182661564689 0.0205192294706 0.0399486314601 0.0167287968631 0.0211101159945 -0.00555835264522 0.0553905145998 0.0042483172372 -0.000236682205256 0.0278135603765 0.0158173788764 0.0307291955187 0.00335888714717 0.048121628047 0.0143088102672 0.1258245921 0.0873785173714 0.0129918418151 0.0421212311364 0.0347374603795 0.0263842224886 0.0158305376957 0.0706322793819 0.0196081686951 0.0678874981195 0.0918731700642 0.586965871882 0.000826733056067 0.0122515577209 0.0414310480761 0.067087949395 -0.00519342363599 0.0461845979086 0.0387911173085 0.0616994447807 0.0380905931206 0.0416961234227 0.0286850183348 0.0742859427129 0.0571050059278 0.0195136901423 0.0413517057394 0.0752962158522 0.0447521596169 0.0447868028037 0.0362820168354 0.0151577631498 0.0342023147191 0.0989512491031 0.058761666703 0.0153471455633 0.128481185883 0.0301602197534 0.0371879376573 0.0217619697305 0.0219612016884 0.0267030212671 0.00864862912014 0.00507484262078 0.0410084773746 
0.0169031643013 -0.00245854029567 -0.00149447414472 0.011083230269 0.00929016981229 0.00519244738108 -0.00572396591913 0.00834076532675 0.0132840895351 0.00510804694817 0.0125371204492 0.00439695143875 0.0092665964983 -0.00451291294144 -0.00469852574162 0.00299022194477 0.00340568346358 0.00373647015109 -0.00200561333059 0.0115120522399 0.0150073338815 0.00721029603388 0.0017551552942 0.0159975786754 0.0041042853195 -0.00211873624359 0.000826733056067 0.131136211505 -0.00072126081458 0.00265319051007 0.00600055398428 0.0106385170074 0.00827674742413 2.66040392723e-06 0.00988842553184 0.0100086518309 0.00714102253289 0.00831081097442 -0.00644495956747 0.0104201088207 0.000343763127487 0.00524973377205 0.00160030445513 0.0071334908566 0.000863633534759 0.00181736151727 0.003619743076 0.0158724076734 0.00677338198309 0.00395846985616 -0.00217990572236 0.0107048433538 -0.00315030647465 -0.00399026426246 0.012109477301 0.00834441859397 -0.00193245845245 0.0163821371845 0.00666639281692 -0.00170360405462 
0.0179505910891 0.02311262073 -0.00582370189117 0.00148899362963 0.0580099456099 -0.00862582427833 0.00357580047612 0.00624611222699 -0.00409933669236 0.0153412634756 0.0147523463842 0.0120082480576 0.0251844928282 0.0165910105184 0.00373314905509 0.0016431204285 0.017547594898 -0.00227277926145 0.0665298248504 0.021089160276 0.0172297833673 0.0225081448411 0.00732022826179 0.00615310163789 0.0264860927551 0.017954742431 0.0122515577209 -0.00072126081458 0.46003184265 0.00772441800352 -0.010938131205 0.0178346950429 0.0297838733729 0.00681032983193 0.00819838350699 0.00558189965952 0.0304598407896 0.00337602597911 0.0419527602858 -0.0012679680671 0.0191351447976 0.0139571917992 0.0175841615753 0.0086868064924 0.0237785361281 0.0308181644281 0.0404270197684 -0.00164521755393 0.0209371229569 0.0275844511095 0.00634046478291 0.0286215219834 0.0208007833774 0.00305808818872 0.0317805359112 0.0168745140325 -0.000269489296484 -0.0070881263465 0.00537960625195 0.0570816208259 
0.0117078605758 0.0119064806922 0.00867833966787 0.0210832024808 0.00231291000509 0.00665149075283 0.0411080973483 0.00952421398442 -0.0108453215534 0.0224584982987 -0.00746682703084 0.0282515721158 0.0180138872609 0.0131182134225 0.025206368811 0.00133398421923 0.0251396195599 0.0236829543535 -0.00177584426779 0.0243163081586 0.0100635325789 0.0159553427124 0.0324150253024 -0.00230564197057 0.0115309227857 0.0289905394948 0.0414310480761 0.00265319051007 0.00772441800352 0.304292025379 0.0157307857273 0.0149141131543 0.0128691254115 0.00892898477298 0.00137636140694 0.0122552991198 -0.00439767547547 0.0210152166329 0.012092423306 0.0188747921533 0.00502723141645 0.0275895722225 0.0224640070014 0.00704923796777 0.0107448004025 0.0228401926139 0.0128221489784 0.00573454777049 0.00426821276937 0.0111740946787 0.0136099244667 -0.000740856764716 -0.00782186035175 0.0074044535157 0.0184469367218 0.0216319772216 0.0158377897789 0.0162541474315 0.0181712006955 0.0229485389676 
0.023326891794 0.0340307697851 0.0176706180925 0.00369399702875 0.00349242208273 0.0023721175856 0.0748663639462 0.0146019559194 0.000244479428433 0.0593711957256 0.0094435590741 0.0120304854913 0.0115060903435 0.0498612878954 0.00667367711359 0.000297259500279 0.00765112103274 0.0199018595003 0.0258275506284 0.106044709997 0.0315716263744 0.00739046724743 0.0114566878828 0.0274233157171 0.0364865015383 0.023609774488 0.067087949395 0.00600055398428 -0.010938131205 0.0157307857273 0.526381579034 0.00904389205078 0.0193661645551 0.0329251536609 0.0195928619542 0.0265494811522 0.035164141124 0.0161635001117 0.0211249248359 0.0432282109753 0.0297073196592 0.0292232459178 0.0183660317422 0.00565112011483 0.0178881284546 0.0269970395196 0.0206827890763 0.0233974633777 0.0634340741492 0.0581155418041 0.024096927624 0.0263261302774 -0.0178474145934 0.0224734126383 0.0115611436971 0.0214341294918 0.00268678478261 0.00337804869127 0.0106305142329 0.0693826477453 
0.0129016528361 0.00899872021461 0.004133350103 0.00140203604358 0.000144399490001 0.016536682266 0.00318832363609 0.00404962166257 0.0101680172858 0.0176080781284 0.0139818554108 0.00690662503298 0.0232251237249 0.00472950987226 0.0106028892363 0.0118485104978 -0.000138647385387 0.00760158799493 0.0199137556075 -0.00148615334387 0.0441462767167 0.0344340109047 0.015888357096 0.00830513616624 0.00670894651834 0.00863470077453 -0.00519342363599 0.0106385170074 0.0178346950429 0.0149141131543 0.00904389205078 0.134224233863 0.0129871344831 -0.000310270545641 0.0010243188353 -0.00708627730169 0.00307599443066 0.0111382702995 0.0086473882297 0.00157693628195 0.00764424813944 0.00647189418743 0.00692187848792 0.00518199329695 0.00197512542152 0.0120931895887 0.0102020167067 0.00973457025721 -4.50810476882e-05 -0.00150280659649 0.00564720060847 0.0103537195263 0.0235340548227 0.0235594695401 0.0481878103536 0.00679937283327 0.0193682492927 0.00857341880283 0.0316957542185 0.00232298372891 
0.00754866425217 0.00721421837782 0.00936143286287 0.00689900302275 0.00686412301133 0.0393167540446 0.0104794839419 0.0106776190469 0.00231600649922 0.00269988972867 0.0215912718584 0.00794823795568 0.00447649741214 0.00565264788616 0.0145707076241 0.0247985700586 0.012197658106 0.0293126432127 0.0222124806233 0.0334047098393 0.00582835248987 0.0132483061359 0.0273859619475 0.0314800252013 0.0316019562052 0.024327091118 0.0461845979086 0.00827674742413 0.0297838733729 0.0128691254115 0.0193661645551 0.0129871344831 0.601910102163 0.0055588374675 0.0248506782546 0.0432964555275 0.0445748645559 0.00487355692569 -0.000488612412923 0.0283603313532 0.0343734650474 0.0150183948543 0.0119282659801 0.00540789510381 0.0171770995511 0.0239730485726 0.0317448804203 0.0288311277839 0.0413206934707 0.0406869438506 0.0363431102695 0.0339281860443 -0.014005713789 0.00733567012723 0.00682212474676 9.24511322744e-06 0.0129861727235 0.00212678353489 0.003034087696 0.043680076943 
0.00915680208685 0.0143495928107 0.0133660879841 0.0125987368493 0.000769641261205 0.00711801904854 0.0042229662582 0.0129194327282 -0.00470513136118 -0.00131124966057 0.00217741128188 -0.00402236466103 0.0159200648297 0.000871077694569 0.00102687825819 0.0209159552849 0.0346439867316 0.0148187895459 0.0174154795621 0.0166193316639 0.00420257429499 0.0150306549869 0.0293817211727 0.0033537371801 0.0132954544747 0.0446681348721 0.0387911173085 2.66040392504e-06 0.00681032983193 0.00892898477298 0.0329251536609 -0.000310270545642 0.0055588374675 0.202245898067 0.0180513387057 0.00820319713172 0.00299944467266 0.0159180347846 -0.0153579100966 0.0243243469297 0.0163974105348 0.0183577230422 0.0313448710321 0.000356914772757 0.000909513490305 0.0277595609263 0.00568271543397 0.0164848463532 0.0259528585404 0.0394459602811 0.00335735371825 0.0147410702232 -0.00554432643718 0.0257536042736 0.00996000066679 0.00864365196299 0.00761435308038 0.0145344438012 0.01133612947 0.0129715866686 
0.017414167755 0.0140498949518 0.017399762617 0.00848181631265 0.00582414183037 0.00622723310872 0.0125712347222 0.0145183028272 0.00249272066412 0.0112016697278 0.01574016554 0.0184232482357 0.0118729703303 0.00689753054723 -0.00170737142578 0.018545858764 0.0122263094576 0.0174389250545 0.0169819970764 0.028606503745 0.00579104174453 0.00588678068149 0.0241627427723 0.00235717053208 0.0384293794314 0.0440449549689 0.0616994447807 0.00988842553184 0.00819838350699 0.00137636140694 0.0195928619542 0.0010243188353 0.0248506782546 0.0180513387057 0.263525534905 0.00392136811716 0.0281119467586 0.00135613634901 0.0187733056983 0.00996544956143 0.013999301453 0.00971890710456 0.027942369244 -0.000805965256886 0.00596441456504 0.00710651460851 0.0313861269134 0.0154391735856 0.0317702331721 0.051306915211 0.00650534218898 0.0464821986289 0.0291872867983 -0.00127074004011 0.0158397877029 0.00263940847673 0.00292623636112 -0.00353120605614 0.0163689818747 0.0133298071496 
0.0119048320797 0.0173734817076 0.0191434605262 0.0348959128339 0.0089773405059 0.0268324493856 0.0316276894706 0.00753874708994 0.00207932799112 -0.0203514865777 0.0315417670517 0.0153445565381 0.00394923949602 0.0244434761626 0.00119925998626 0.0147149833165 0.0129507663548 0.0441400093289 0.012325008696 0.0101678276203 0.000259635396409 0.00137969756668 0.0117895791085 0.0116176114013 0.0396945191068 0.022859644965 0.0380905931206 0.0100086518309 0.00558189965952 0.0122552991198 0.0265494811522 -0.00708627730169 0.0432964555275 0.00820319713172 0.00392136811716 0.282172834723 0.00072648507167 0.0136993087891 -0.00329662779168 0.0117749260093 0.0139189638135 0.0144964097807 0.0199795590982 0.0128418548466 0.00411949341674 0.0299509474442 0.0186640369095 0.0195229254467 0.038581722156 0.0236533902338 0.0241238841782 0.00644512069229 -0.0101639543082 -0.0104862790982 -0.0140025939736 0.00859365586744 0.019030235831 0.0271751546385 0.000449633645966 0.0103053273052 
0.0119240771503 0.0155207880964 0.0126993223281 0.00359574446135 0.00557944501579 0.0129219415041 0.0105659164437 0.00895878894944 0.0391455996332 0.0213789093337 -0.01303702058 0.0161855751701 0.010706368335 0.00123520934283 0.0173575873691 0.0376851598397 0.0111247730952 0.0335805441422 0.0445935193153 0.0363409200795 0.00532723600681 0.0130185778924 0.0211487497475 0.00963929546611 0.0411227264816 0.0162921749787 0.0416961234227 0.00714102253289 0.0304598407896 -0.00439767547547 0.035164141124 0.00307599443066 0.0445748645559 0.00299944467266 0.0281119467586 0.00072648507167 0.368721138588 0.00145394336385 0.0392864235763 0.0204167576876 0.00802614532544 0.0070539032759 0.039050138358 0.00802136080894 0.00518267507938 0.0138265894118 0.0444810790916 0.00500021579332 0.0487609982977 0.017854788554 0.0217262964115 0.0423138860144 0.0677701525923 -0.00297640348942 0.0116271109066 0.0155307899774 0.00816703445313 -0.00150365398939 0.0268150070226 0.0279818803127 
0.012219660535 0.00696068076973 0.00931711996299 0.0170696150864 0.0145963885828 0.0442911793255 0.0130840571957 -0.00254271363105 0.0173995492639 0.00662642728516 0.000978396196588 0.0109490256994 0.0349495824639 -0.00554513781108 0.0110857434144 0.0141993427073 0.0364529034015 0.00248112219935 0.0237968452165 0.0023439710336 0.0256182954202 0.0127858278348 0.0171285690871 0.0182943184775 0.0164118813155 0.018205624026 0.0286850183348 0.00831081097442 0.00337602597911 0.0210152166329 0.0161635001117 0.0111382702995 0.00487355692569 0.0159180347846 0.00135613634901 0.0136993087891 0.00145394336385 0.448208120883 0.00176517084451 0.00900772062403 0.00202509496677 0.0109890690987 0.0157354933587 0.0278891664363 0.0285018712881 0.0160042050168 0.0207176268429 0.00957594568958 0.0526600846318 0.0169540087349 0.000375209931343 0.0215163647538 0.0140659271568 0.0148162750697 0.00869756949913 0.000478481560422 0.0127528435532 0.00904234993156 0.0113661024136 -0.00599750961088 
0.00118138509917 0.00148044084607 -0.00792163896917 0.0261473534775 0.00034554490787 -0.0123056801953 0.00704393235107 0.00828527794317 0.033879952215 0.0142324175554 0.0136379215857 0.0183824421502 0.0207545011124 -0.0148655598047 0.00584445211533 0.0380010413503 0.0213703027613 0.0148116344762 0.0207466266371 0.0375692109742 0.0101068854626 0.0116781518335 0.0239643341992 0.000687155308438 0.0200949063608 0.0287205676842 0.0742859427129 -0.00644495956747 0.0419527602858 0.012092423306 0.0211249248359 0.00864738822969 -0.000488612412923 -0.0153579100966 0.0187733056983 -0.00329662779168 0.0392864235763 0.00176517084451 0.446927186704 0.00605225937443 -0.00727011260565 0.00847224518195 0.0152810211339 0.00244566802387 -0.00509747313384 0.00413327238765 0.0177553538506 0.00393719424561 0.0508382057278 0.0409171083276 -0.00574934069814 0.114486819579 0.142978659117 -0.00494202397478 0.0114451272489 0.0187310669895 0.000683820344986 -0.00256049371023 0.0170925636801 0.0283328971979 
