50
0.0820701074714 0.0314738433907 0.0523918745475 0.0256345374975 0.0255776045185 0.0442318588416 0.275379497042 0.0377989606714 0.0535662105727 0.0995242847704 0.0254946283421 0.025657065471 0.0565518641406 0.0434942638749 0.0482651065397 0.15397042743 0.0693656588129 0.110625092132 0.0266042550295 0.0952892642352 0.0525709156995 0.0191748751409 0.0248078828137 0.041097516798 0.0289058353667 0.0115927538848 0.0271794955288 0.0168064994581 0.0248608942987 0.0330111524363 0.0128714932266 0.0223482457603 0.0413167922229 0.093312473985 0.0695535734162 0.0466521206007 0.0307440439862 0.0911559741232 0.0669692816613 0.0424048973372 0.0304536481296 0.0151091702759 0.0388313797841 0.0220144037379 0.0733521468466 0.0165000515881 0.005148759701 0.265107550494 0.0298565853869 0.0157982173188 
0.481955242446 0.0127421276235 0.0248576232474 0.0155454263735 0.00415698086647 0.012577095744 -0.0351108315202 0.0316734906686 0.00993801264199 -0.0135008955104 -0.00343157420627 0.020495104834 0.0125570158619 0.0240812604648 0.0441840173517 0.00680816705223 0.0525728960007 0.0254811806741 0.0146595105484 0.0214381050139 0.0275788590015 0.0145484281996 0.0108153837158 0.0138606727741 0.0261866635652 0.0131451875906 0.0358559246386 0.00546347366594 0.0166572865844 0.0496699877926 0.012068124738 0.0207076369729 0.0226769604606 0.0127491150241 0.0176810670041 -0.00439184921271 0.0193946575495 0.0232801555415 0.0293009628719 0.0207828760754 0.0239528443573 0.00387399461766 0.0129987992102 -0.00235338654543 0.0234838179791 0.00159631589141 0.0331319332791 0.0356500440835 0.0114356172984 0.0129896900526 
0.0127421276235 0.284069754004 -0.000422139194197 0.00679815609541 0.0146404859536 0.0272330084978 0.00345569328153 0.0288789753193 0.00674015336134 0.00421425513344 0.004093172722 0.024173841244 0.0118291311151 0.00954931337565 0.0244592281073 0.0264168446674 0.0138874586705 0.01920595437 0.0144599678415 0.0103173370634 0.00181480821365 0.000925764944384 0.0149478500982 0.0135862169724 0.00998082340053 0.0135348115371 0.0301216448518 0.00541876195593 0.0200874017784 0.0322644376913 0.00961911093692 0.0116564027327 0.0108121264075 0.0330321780144 0.00978702389825 0.00171511114611 0.017225981321 0.00915376534248 0.0372289969475 0.0320282121716 0.00693168600512 0.0214441349201 0.00767493161961 -0.00246096724496 -0.000330529137386 0.00532903601748 -0.00972292961698 0.0211488723459 0.0230074708162 0.0113990603095 
0.0248576232474 -0.000422139194196 0.339032693893 0.00956670874622 0.00277566732184 0.0277017088114 0.0162486925348 0.0205367367304 0.0208779972748 0.00507032443089 0.00890403679013 0.0226625260066 0.0341166682844 0.009376484782 0.0160238399785 0.00435460484171 0.0121788090984 -0.00226447714613 0.00685072926743 -0.00598543293665 0.0173045001614 0.012163055151 0.00374329376293 0.00808151135835 0.0127557839437 0.00960671837655 0.0059232128227 0.00798519603849 0.0256735967085 0.01824187621 0.0152452147322 -0.00198661973614 0.0383135842256 0.0137393258891 0.005640343764 0.0237725286229 0.0225448388723 0.0174768787203 0.00811818597504 0.0178231254302 0.0229402940896 0.010627600866 0.0214024284958 0.0208705130663 0.0952724412433 0.0176387187166 0.00417815252191 -0.00670629415679 0.0127498094092 0.0189559805566 
0.0155454263735 0.00679815609541 0.00956670874622 0.176396495953 0.0067856369458 0.0117398291919 0.0032322886344 0.00679878281618 0.0106981348723 0.00348927038833 0.0183902306302 0.0109783422123 0.00661502084271 0.0294085717138 0.0270988697552 0.00244090078532 0.0239221905688 0.00774276907128 0.00182577921943 -0.00683101585593 0.000686998793342 0.00513374804269 0.0045190777994 0.0115615808083 0.013419797489 0.0184419348843 0.0101883999892 0.0184801209591 0.0164189478553 0.0107242291095 0.00343232458446 0.0101506599396 0.0160066592806 -0.00128588402104 0.0179923141782 0.000449878479393 0.0182238368695 0.0172838499918 0.0218684451622 0.0123809387676 0.0113611007568 0.0190295788112 0.0110804280592 0.014130727384 0.0133729317591 0.00690917873069 0.0194187307342 0.000818099912582 0.0180408275347 0.00990750606634 
0.00415698086647 0.0146404859536 0.00277566732184 0.0067856369458 0.322700900771 0.0245051417444 -0.00897195429351 0.00524243658788 0.0205919613944 0.0112305160212 0.0109618907571 0.0151997300083 0.0223111316499 0.0264695763984 0.0130767878817 0.00719339879092 0.0167924374455 0.0141722489043 0.0194485552378 2.95366012029e-05 0.000874333094883 0.0117066319791 0.0190315020889 0.00206966234871 0.00945305930941 0.00830684664068 -0.00284238848455 0.00609645402735 0.00447875148505 0.0124105076405 0.00124700216057 0.010319390745 0.00735703518416 0.00365698475535 0.0324614455005 -0.00320364509205 0.0167237813967 0.00645783934931 0.0226624932321 0.0110568885139 0.0247636064079 0.0111132584086 0.0118379900484 0.00198494700213 0.0105733148515 0.0170164142456 0.00781379075101 -0.000286483480048 0.0126424188153 0.0098193561851 
0.012577095744 0.0272330084978 0.0277017088114 0.0117398291919 0.0245051417444 0.236752633955 -0.00901269402564 0.0431566467298 0.0238619779112 0.0251639476559 0.0158493561419 0.0151147187175 0.0187492992357 0.0509794107027 0.0167749462323 0.0193240880927 0.0129904208694 0.0507229877411 0.00793567744125 0.0254704035461 0.0339640105793 0.0123927980516 0.0284093702519 -0.000677199110192 0.024562945053 0.0222548280853 0.0166548831715 0.012163723354 0.0222220890474 0.0221255946618 0.0173725112626 0.031081886393 0.0173798855379 0.0304185115971 0.0278026947926 0.0253073341219 0.0257722702406 0.0290435401335 0.0286589275392 0.0198479313831 0.0268461700254 0.012338766916 0.00435963482107 0.0182987160968 0.0193756442054 0.0119727878222 0.00427110077803 0.00782242326493 0.0248914803635 0.0181292893015 
-0.0351108315202 0.00345569328153 0.0162486925348 0.0032322886344 -0.00897195429351 -0.00901269402564 4.09471551028 -0.0105192851725 -0.00647430596448 -0.00886270462263 0.0151849962638 -0.000670654633334 -0.0050424841752 -0.0201272555355 -0.0123481286994 -0.0150654720983 0.0194602475858 -0.00974100883933 -0.00754906047916 -0.0046898604008 -0.000649413416378 -0.00148697284833 -0.0494216559031 -0.00567761790246 -0.00950949402206 0.00242815137526 0.0057411083864 0.00278669122578 0.00503961269598 -0.0274972285975 0.00393911043498 0.00562173529351 0.0200706840115 -0.0227634713945 0.00655091045148 0.00142207808462 -0.00849807488626 -0.0110235212716 -0.0063683602692 -0.00408210340571 0.011729408854 -0.00708137919589 0.0103100852034 0.016068702481 -0.00360793842948 0.00199882977606 -0.00164392472501 -0.0251019877742 -0.0041320081017 -0.00674486965834 
0.0316734906686 0.0288789753193 0.0205367367304 0.00679878281618 0.00524243658788 0.0431566467298 -0.0105192851725 0.346895254284 0.0261335769831 0.0213719790429 0.00392237302709 0.0205124216655 0.017732680756 0.0396771048164 0.0346550937246 0.0309757789652 0.0344432071155 0.0554949608276 0.0386110987358 0.0295286505622 0.0346555286425 0.0161598830732 0.0159175853865 0.0105199090895 0.0318357328457 0.0222683738468 0.00529395640642 0.0147735886329 0.0283247238039 0.0235713392478 0.0109136254081 0.00611226937225 0.0224802659385 0.0210077099 0.0158396488098 0.0107333842193 0.0246826110176 0.0362898436733 0.0497742124243 0.0175130662334 0.0182311708368 0.00749018533599 0.0308658223046 0.00911300592616 0.00711083267192 -0.00322756560786 0.00826380220719 0.00736380369981 0.00979058615114 -0.00403717340537 
0.00993801264199 0.00674015336134 0.0208779972748 0.0106981348723 0.0205919613944 0.0238619779112 -0.00647430596448 0.0261335769831 0.194709609484 0.0224480851902 0.0141474242075 0.0171934003037 0.0859555231628 0.0207473263604 0.0175251881492 0.0315576844319 0.00722144332817 0.0261261924434 0.0205320711205 0.0192970500456 0.00636132828811 0.0264823136538 0.0168633781087 0.0217709565296 0.0181574360939 0.0139098524193 0.0126234061521 0.00789372182893 0.0259395449642 0.0171920489027 0.00786061925212 0.0284787468096 0.0245970189069 0.00827541259279 0.0382484660943 0.0293983482106 0.0589970140383 0.0217795363326 0.0255789696294 0.0211089021071 0.0381574574247 0.00946493969915 0.0204577411099 0.0188636744159 0.0366893896696 0.0171691805532 0.0216763466608 -0.0184103777217 0.0194475800496 0.0131810302301 
-0.0135008955104 0.00421425513344 0.00507032443089 0.00348927038833 0.0112305160212 0.0251639476559 -0.00886270462263 0.0213719790429 0.0224480851902 0.424211091315 0.0387452533596 0.00370720385539 0.018786169633 0.0380522408224 0.0138454140185 0.135549867559 0.0433650819138 0.00747062898968 0.0203208354332 0.0129742638254 0.0077779634426 0.00145084447344 0.00940283958446 0.0392731142147 0.00820080096208 0.0119285585926 0.00377807272846 0.0100472464953 -0.00244356615375 0.0164483739529 -0.00309669611761 0.000594027327308 0.0313781072841 0.0982563679588 -0.00929801410695 0.038171111556 0.0178805535699 0.0195711966845 0.0103319543995 -0.00489262880149 0.0121139349988 0.0200872268684 0.0102810371345 0.0197720351445 0.0229648102019 0.0228061917765 0.00316352928425 0.00690256805116 0.00644201976412 0.00571126911024 
-0.00343157420627 0.004093172722 0.00890403679013 0.0183902306302 0.0109618907571 0.0158493561419 0.0151849962638 0.00392237302709 0.0141474242075 0.0387452533596 0.19501660745 0.0147757357654 0.0187174241334 0.000263723701496 0.0111754701548 0.0127750388517 0.0030737287117 0.00330587778303 0.00639470884949 0.0125081032869 0.00360709760062 0.0120471542395 -0.000785756997744 0.0133934840168 0.0117650759253 0.00963817125892 0.0110865578718 0.00639897033405 0.0272087239647 0.0100333775386 -3.06028547774e-05 0.0170886439471 0.0104988922955 0.0119642370467 -0.000247114724927 0.0362242467669 0.0100453674059 0.00820312311695 0.0073126275584 0.00461281911483 0.0172436557795 0.0108170383326 -0.00203916039362 0.0428933117941 0.013762729699 0.044497452618 0.00353993082555 -0.0184749974498 0.0163943343191 0.00612640204453 
0.020495104834 0.024173841244 0.0226625260066 0.0109783422123 0.0151997300083 0.0151147187175 -0.000670654633334 0.0205124216655 0.0171934003037 0.00370720385539 0.0147757357654 0.172931292373 0.0130043675182 0.0246956764316 0.0266531992616 0.00780331801585 0.0135976372076 0.0175863937899 0.0261912944214 0.00995531693589 0.0165706863614 0.0216359332963 0.0169576393405 0.0325466350231 0.0296919315211 0.0195006628218 0.0250233905595 0.0352461655604 0.0457884525496 0.0267996809607 0.0101564338987 0.0323897563308 0.0176989227473 -0.00520191389785 0.0141161454359 0.0231312232402 0.0320696059208 0.0230119197025 -0.00123267918362 0.0067143403637 0.0461674314095 0.01368205678 0.0094865440903 0.00702599283027 0.0187076533622 0.0183353461784 0.0127323568918 0.0102411909857 0.0363758195622 0.0171728501046 
0.0125570158619 0.0118291311151 0.0341166682844 0.00661502084271 0.0223111316499 0.0187492992357 -0.0050424841752 0.017732680756 0.0859555231628 0.018786169633 0.0187174241334 0.0130043675182 0.230450969855 0.0383780808519 0.0105042007639 0.0291300206464 0.0120821545449 0.0106595061231 0.0162259222698 0.0267210964449 0.0281228270349 0.0198760340277 0.00694239701917 0.00823193743103 0.0131731611761 0.0112789151623 0.00969275937595 0.0130646323681 0.0220356047046 0.0156106529513 -7.89647259646e-05 0.02108378322 0.00975807795776 0.0031462806113 0.0362046546625 0.0316926330457 0.0439497238488 0.02651233484 0.0150622974002 0.0128232101134 0.0306125466821 0.017062954355 0.0318060627454 0.0304396260022 0.0244911093099 0.0248360039197 0.0164643341234 -0.00636742734592 0.0223343835147 0.00707379087207 
0.0240812604648 0.00954931337565 0.009376484782 0.0294085717138 0.0264695763984 0.0509794107027 -0.0201272555355 0.0396771048164 0.0207473263604 0.0380522408224 0.000263723701496 0.0246956764316 0.0383780808519 0.30024890849 0.0317654325122 0.0404639103697 0.0321359965378 0.0438876593475 0.0439550515642 0.0289949048313 0.0454036170041 0.020378567899 0.0171758321139 0.0182574124336 0.016343636772 0.00854105518686 0.0114820539758 0.0292931660258 0.0204476307686 0.0346997020807 0.00262045451065 0.0166197389535 0.00338728677726 0.0110845359901 0.0155383391031 0.00367446041636 0.0216519906378 0.0721161642154 0.0428041785916 0.0141071684931 0.01871086954 0.0229673720928 0.0147674744555 0.00559032047722 0.0070497181626 0.00330540051116 -6.40422122834e-05 0.00231877639426 0.0205153732614 0.00861246007143 
0.0441840173517 0.0244592281073 0.0160238399785 0.0270988697552 0.0130767878817 0.0167749462323 -0.0123481286994 0.0346550937246 0.0175251881492 0.0138454140185 0.0111754701548 0.0266531992616 0.0105042007639 0.0317654325122 0.30156406062 0.00192515300854 0.0526475403994 0.0256175024351 0.0233518401273 0.0120430651402 0.0103957692716 0.0175965810156 0.0132891375437 0.0208681194709 0.0165985079041 0.0245791291459 0.00326904690799 0.0246838368244 0.00930889814091 0.0345115530096 -0.000112463773385 0.00198495095617 0.0126600526992 0.0110376195911 0.00248040753117 0.0128811226153 0.0137490894814 0.03266484796 0.0289821808877 -0.000898948247114 0.0104732145878 0.017292296305 0.0125807565862 0.00202162323437 0.0132236488917 0.00603718193318 0.00659919333721 0.00619602308178 0.0120097686566 0.0235979796626 
0.00680816705223 0.0264168446674 0.0043546048417 0.00244090078532 0.00719339879092 0.0193240880927 -0.0150654720983 0.0309757789652 0.0315576844319 0.135549867559 0.0127750388517 0.00780331801584 0.0291300206464 0.0404639103697 0.00192515300854 0.602562373058 0.00298635291474 0.0114260861564 0.00385929899618 0.00411383279244 0.00889814744753 -0.00779198852509 0.00800395311296 0.0305917871248 -0.0124921243615 0.0120946396805 -0.000117701612037 0.00481543666724 -0.00181744641748 0.0242448151491 -0.000822185653701 0.00818587680398 0.0166798999777 0.131660574089 -0.00119085721254 0.0268640962545 0.03908027019 0.0367376455932 0.0257797306466 0.0163379340343 0.00753648750419 0.00275792406193 0.0172534303866 0.0238981737685 0.0141411297048 0.0178395131518 -0.000867765981883 0.00852663020525 0.00146861557626 0.0166692286741 
0.0525728960007 0.0138874586705 0.0121788090984 0.0239221905688 0.0167924374455 0.0129904208694 0.0194602475858 0.0344432071155 0.00722144332817 0.0433650819138 0.0030737287117 0.0135976372076 0.0120821545449 0.0321359965378 0.0526475403994 0.00298635291474 0.373123122625 0.00298091923065 0.0143462202894 -0.00354303459471 0.0169637126131 0.0147960498869 0.0234969099133 0.0540476864451 0.0079620458294 0.00497344716377 0.0208111567773 1.56885696067e-05 0.0134932424779 0.0562163129562 0.00418150499379 0.0194311572874 0.012683625637 0.00428024912547 0.00604984465047 0.0167710587659 0.00425400121938 0.0252762404134 0.0156234649724 -0.00670835513659 0.010059917673 0.0109693478957 0.0167300809541 -0.00403290099365 0.0182402809044 -0.00543670737785 0.0111738210122 -0.0092429214811 0.007258203127 0.00497924009788 
0.0254811806741 0.01920595437 -0.00226447714613 0.00774276907128 0.0141722489043 0.0507229877411 -0.00974100883933 0.0554949608276 0.0261261924434 0.00747062898967 0.00330587778303 0.0175863937899 0.0106595061231 0.0438876593475 0.0256175024351 0.0114260861563 0.00298091923065 0.57713124181 0.0217950279817 0.0316591150754 0.0395966686985 0.0326886492887 0.0110935457646 0.0368974098493 0.0242881921797 0.0137158036442 -0.000990638914748 0.0111757270363 0.0403560080469 0.0148399205445 0.00270158285809 0.0097481633455 0.0190811032927 0.0246751318767 0.0039723966809 -0.00425383732227 0.0346883238215 0.032445589627 0.0539624394714 0.00784111321385 0.0281508034368 0.00774798631194 0.0220134122338 0.0125390855695 -0.00767571727631 0.000735660855774 0.0265811038534 -0.00211527345394 0.0149939386461 0.00277493891313 
0.0146595105484 0.0144599678415 0.00685072926743 0.00182577921943 0.0194485552378 0.00793567744125 -0.00754906047916 0.0386110987358 0.0205320711205 0.0203208354332 0.00639470884949 0.0261912944214 0.0162259222698 0.0439550515642 0.0233518401273 0.00385929899618 0.0143462202894 0.0217950279817 0.20043734341 0.0211481497064 0.0159273162507 0.0161866182264 0.0271987712584 0.016625327219 0.0229661757561 0.0140369051308 0.00217602259166 0.000525539903812 0.0211054305646 0.0267053170437 -0.0096559133345 0.00513470584305 0.0211294547991 -0.0138393973519 6.35377937927e-05 0.0123822392697 0.0216519247911 0.0253893373907 0.0144608982258 -0.0117116656865 0.0290910680006 0.00841693950674 0.0299856314643 0.0030470039383 0.00163670747607 0.0196019403465 -0.00948211263029 -0.0215242190021 0.0213115123397 0.00746829307759 
0.0214381050139 0.0103173370634 -0.00598543293664 -0.00683101585593 2.9536601204e-05 0.0254704035461 -0.0046898604008 0.0295286505622 0.0192970500456 0.0129742638254 0.0125081032869 0.00995531693589 0.0267210964449 0.0289949048313 0.0120430651402 0.00411383279243 -0.0035430345947 0.0316591150754 0.0211481497064 0.508144936423 0.0196059942103 0.0148377047111 0.0105539857874 0.0187656074878 0.0347193536347 0.00441842155982 0.0152448507869 0.0196328127578 0.0240119093633 0.0233199573448 0.0178155220319 -0.0225334590412 0.0239469309547 -0.000436343237876 0.0105788684634 0.00787324240442 0.0114785675647 0.0256251353822 0.0253217255976 0.0224369052983 0.0161547462143 -0.00343443447334 -0.0121173921566 0.0207485277948 0.0117343378269 0.00665738013998 0.0306106707019 -0.0032839620762 0.0234347608025 0.0128602269137 
0.0275788590015 0.00181480821364 0.0173045001614 0.000686998793341 0.000874333094881 0.0339640105793 -0.000649413416378 0.0346555286425 0.00636132828811 0.0077779634426 0.00360709760062 0.0165706863614 0.0281228270349 0.0454036170041 0.0103957692716 0.00889814744753 0.0169637126131 0.0395966686985 0.0159273162507 0.0196059942103 0.324124984034 0.0108740548068 0.000248635582831 0.0126077244924 0.0329028304921 0.0201250618175 0.0029257963554 0.000297139778409 0.0269854999593 0.0326154327079 -0.0119443517403 0.0258001397903 0.00951994396717 0.029405701216 0.0100342118419 -0.000840653072542 0.0233384167518 0.0259947562953 0.0375682092553 0.00164507164311 0.0197762174052 0.00785125842171 0.0387221832899 0.0100501754731 0.0123418103844 0.00815452521658 -0.00408811274098 0.0173724586297 0.0192723679578 -0.00126287851779 
0.0145484281996 0.000925764944385 0.012163055151 0.00513374804269 0.0117066319791 0.0123927980516 -0.00148697284833 0.0161598830732 0.0264823136538 0.00145084447344 0.0120471542395 0.0216359332963 0.0198760340277 0.020378567899 0.0175965810156 -0.00779198852509 0.0147960498869 0.0326886492887 0.0161866182264 0.0148377047111 0.0108740548068 0.17559774955 0.00655444531501 0.0331198226914 0.0288000525181 0.00849812672284 0.0131121625694 0.0143279751089 0.0206851720797 0.0226644683116 0.0113206479122 0.022859037379 0.0118789691804 0.00596957075855 0.0129927131008 0.0216612113934 0.0259665774639 0.0240945289345 0.0126624070232 -0.00991904323924 0.0236271966992 0.018843737459 0.00210648617639 0.016247966132 0.014412235386 0.0068176931377 0.00878208799921 -0.00260130937894 0.0299439074631 0.00761606787385 
0.0108153837158 0.0149478500982 0.00374329376293 0.0045190777994 0.0190315020889 0.0284093702519 -0.0494216559031 0.0159175853865 0.0168633781087 0.00940283958446 -0.000785756997743 0.0169576393405 0.00694239701917 0.0171758321139 0.0132891375437 0.00800395311296 0.0234969099133 0.0110935457646 0.0271987712584 0.0105539857874 0.000248635582831 0.00655444531501 0.20550297185 0.013670525747 0.0170522406037 0.0154351459988 0.0159690181094 0.00969238800884 0.00265162365048 0.0111104802673 0.00964483861055 0.0165748537717 -0.00149442865871 0.00979306963902 -0.00998097934395 0.0148017840051 0.0191727711829 0.0180031300746 0.0141333336188 0.016376314962 0.0136370773206 0.012373794438 0.0143281939339 0.00595656022192 0.000714542257106 0.00101618916947 -0.00893172914432 -0.00292507481844 0.0122959086913 0.018429730049 
0.0138606727741 0.0135862169724 0.00808151135835 0.0115615808083 0.00206966234871 -0.000677199110192 -0.00567761790246 0.0105199090895 0.0217709565296 0.0392731142147 0.0133934840168 0.0325466350231 0.00823193743103 0.0182574124336 0.0208681194709 0.0305917871248 0.0540476864451 0.0368974098493 0.016625327219 0.0187656074878 0.0126077244924 0.0331198226914 0.013670525747 0.24188246345 0.0422623094888 0.00914728161581 0.0175768012079 0.0142300485772 0.0140333522307 0.0219287468774 0.0192550791824 0.0128509056505 0.0201687101835 0.022180753977 0.0113971499082 0.0303575256086 0.0329915248828 0.0194893119509 0.0134316120127 -0.0138451147052 0.0230286196363 0.0133955296995 -0.000942679668572 0.0124420164551 0.00445288603307 0.0197357022985 0.00646135444014 0.00185859767169 0.0247634724253 0.00623818915192 
0.0261866635652 0.00998082340053 0.0127557839437 0.013419797489 0.00945305930941 0.024562945053 -0.00950949402206 0.0318357328457 0.0181574360939 0.00820080096208 0.0117650759253 0.0296919315211 0.0131731611761 0.016343636772 0.0165985079041 -0.0124921243615 0.0079620458294 0.0242881921797 0.0229661757561 0.0347193536347 0.0329028304921 0.0288000525181 0.0170522406037 0.0422623094888 0.232426095625 0.0229375220323 0.0212229239333 0.00939560454645 0.0179022452146 0.0150066738279 0.00234662145999 0.0130532546529 0.0230717206524 0.0333409809507 0.014794563401 0.028620486422 0.0155149234647 0.021706507868 0.0141847241535 0.00293561148585 0.023954720668 0.016288369519 0.0104024930075 0.00873829489962 0.0159769229395 0.013820276215 0.00734811011964 0.0148424311567 0.0194724692438 -0.000483118891832 
0.0131451875906 0.013534811537 0.00960671837655 0.0184419348843 0.00830684664068 0.0222548280853 0.00242815137526 0.0222683738468 0.0139098524193 0.0119285585926 0.00963817125892 0.0195006628218 0.0112789151623 0.00854105518686 0.0245791291459 0.0120946396805 0.00497344716377 0.0137158036442 0.0140369051308 0.00441842155982 0.0201250618175 0.00849812672284 0.0154351459988 0.00914728161581 0.0229375220323 0.142178039445 0.00457952280412 0.00808515577667 0.0132340918775 0.0133723039122 0.00698239373297 0.0118521259365 0.015592630052 0.0115891902568 0.00506135075047 0.0167814729696 0.0201865559201 0.0164132380354 0.0165442780927 0.00382691902058 0.0113554147413 0.00588190154292 0.00811605853708 0.0129830975549 0.0128931017849 0.00500033056387 0.0119297777897 -0.00215954837681 0.0125449463434 0.0154958930535 
0.0358559246386 0.0301216448518 0.0059232128227 0.0101883999892 -0.00284238848455 0.0166548831715 0.0057411083864 0.00529395640642 0.0126234061521 0.00377807272846 0.0110865578718 0.0250233905595 0.00969275937595 0.0114820539758 0.00326904690799 -0.000117701612036 0.0208111567773 -0.00099063891475 0.00217602259166 0.0152448507869 0.0029257963554 0.0131121625694 0.0159690181094 0.0175768012079 0.0212229239333 0.00457952280412 0.220942514736 0.019185436118 0.0176185010404 0.0187433375789 0.0116536966646 0.0173593318456 0.0207811916692 0.00520173716524 0.00588646591076 0.00785997065104 0.0111597736803 0.0177894857719 0.00634524388545 0.0528343696531 0.00618738728975 0.00667429874005 0.0490615062227 -0.00539803747193 0.0112229029109 0.00884293514315 0.0112099549426 -0.00084341164394 0.0297060259222 0.0125830511264 
0.00546347366594 0.00541876195593 0.00798519603849 0.0184801209591 0.00609645402735 0.012163723354 0.00278669122578 0.0147735886329 0.00789372182893 0.0100472464953 0.00639897033405 0.0352461655604 0.0130646323681 0.0292931660258 0.0246838368244 0.00481543666724 1.56885696073e-05 0.0111757270363 0.000525539903812 0.0196328127578 0.000297139778409 0.0143279751089 0.00969238800884 0.0142300485772 0.00939560454645 0.00808515577667 0.019185436118 0.211933235966 0.00711079934675 0.0191569764776 0.00506606895981 -0.00105524493246 0.0037598626032 -0.00229835321676 0.00149300498481 0.011170931416 0.0159196956345 0.0214464065584 0.0176348099328 0.00808164933143 0.0282808409676 0.00453502690669 0.00925732514297 0.00432195950054 0.00919711756237 0.0135877389534 -0.00262711141091 -0.00569524933941 0.0060472419846 0.004189119869 
0.0166572865844 0.0200874017784 0.0256735967085 0.0164189478553 0.00447875148505 0.0222220890474 0.00503961269598 0.0283247238039 0.0259395449642 -0.00244356615375 0.0272087239647 0.0457884525496 0.0220356047046 0.0204476307686 0.00930889814091 -0.00181744641748 0.0134932424779 0.0403560080469 0.0211054305646 0.0240119093633 0.0269854999593 0.0206851720797 0.00265162365048 0.0140333522307 0.0179022452146 0.0132340918775 0.0176185010404 0.00711079934675 0.209643561578 0.0262053527586 -0.00319168504522 0.0444705944797 0.0382390030783 0.00668255106268 0.0137726781389 0.0149238391833 0.0407215123752 0.0187502245623 0.0126019546707 0.012307696213 0.0478575542747 0.00835092584107 0.00843203064944 0.0154688515903 0.00515586909001 0.0120189532645 0.00543153082204 0.00720875497785 0.0302129858852 0.00280922632414 
0.0496699877926 0.0322644376913 0.01824187621 0.0107242291095 0.0124105076405 0.0221255946618 -0.0274972285975 0.0235713392478 0.0171920489027 0.0164483739529 0.0100333775386 0.0267996809607 0.0156106529513 0.0346997020807 0.0345115530096 0.0242448151491 0.0562163129562 0.0148399205445 0.0267053170437 0.0233199573448 0.0326154327079 0.0226644683116 0.0111104802673 0.0219287468774 0.0150066738279 0.0133723039122 0.0187433375789 0.0191569764776 0.0262053527586 0.305920351406 0.0224813273838 0.017612669151 0.0352742173736 0.00136307820898 0.0126189183564 0.00952863380018 0.0316689599174 0.0322967846259 0.0220345758587 0.00367988133752 0.0221374749674 0.0207923884583 0.0372775383967 0.00225553205807 0.0397110388684 0.0145505402186 0.00696483633608 0.00372562219044 0.0128803395571 0.00834555700937 
0.012068124738 0.00961911093692 0.0152452147322 0.00343232458446 0.00124700216057 0.0173725112626 0.00393911043498 0.0109136254081 0.00786061925212 -0.00309669611761 -3.06028547777e-05 0.0101564338987 -7.89647259647e-05 0.00262045451065 -0.000112463773384 -0.0008221856537 0.00418150499379 0.00270158285809 -0.0096559133345 0.0178155220319 -0.0119443517403 0.0113206479122 0.00964483861056 0.0192550791824 0.00234662145999 0.00698239373297 0.0116536966646 0.00506606895981 -0.00319168504522 0.0224813273838 0.223637173785 0.0115319012739 0.00363716837234 0.0164442748377 0.0118354824666 0.00880860163065 0.00493408551357 0.000438803286103 -0.00401868294677 0.0169049222962 -0.00368377672024 0.00738013904618 0.00176423804838 0.0050319752406 0.00688128532246 -0.00179521237759 0.00747931902526 0.00803605636866 0.00967047151461 0.0185889967041 
0.0207076369729 0.0116564027327 -0.00198661973614 0.0101506599396 0.010319390745 0.031081886393 0.00562173529351 0.00611226937225 0.0284787468096 0.000594027327309 0.0170886439471 0.0323897563308 0.02108378322 0.0166197389535 0.00198495095616 0.00818587680398 0.0194311572874 0.0097481633455 0.00513470584305 -0.0225334590412 0.0258001397903 0.022859037379 0.0165748537717 0.0128509056505 0.0130532546529 0.0118521259365 0.0173593318456 -0.00105524493246 0.0444705944797 0.017612669151 0.0115319012739 0.207605054525 0.0270951702084 0.0070275276037 0.0121212560463 0.0105250161319 0.0255250135687 0.0110727974672 0.0202053472203 0.016683026283 0.0462338417096 0.011163884564 0.00496649686463 0.0155286928312 0.0247401975961 0.0226810715607 0.00969977412272 0.0073621218094 0.0322205299183 0.00942026841161 
0.0226769604606 0.0108121264075 0.0383135842256 0.0160066592806 0.00735703518416 0.0173798855379 0.0200706840115 0.0224802659385 0.0245970189069 0.0313781072841 0.0104988922955 0.0176989227473 0.00975807795776 0.00338728677726 0.0126600526992 0.0166798999777 0.012683625637 0.0190811032927 0.0211294547991 0.0239469309547 0.00951994396717 0.0118789691804 -0.00149442865871 0.0201687101835 0.0230717206524 0.015592630052 0.0207811916692 0.00375986260321 0.0382390030783 0.0352742173736 0.00363716837234 0.0270951702084 0.242034598361 0.013719969382 0.0164686613636 0.0191461637298 0.0296171662803 0.0386661363793 0.00711080995144 0.00971220614647 0.00952233334512 0.0160614362945 0.0126814225561 0.00802434595511 0.0295754379339 0.0126580691787 0.00648449777591 0.00313733182736 0.0174830692159 0.0083713838858 
0.0127491150241 0.0330321780144 0.0137393258891 -0.00128588402104 0.00365698475535 0.0304185115971 -0.0227634713945 0.0210077099 0.00827541259279 0.0982563679588 0.0119642370467 -0.00520191389785 0.0031462806113 0.0110845359901 0.0110376195911 0.131660574089 0.00428024912547 0.0246751318767 -0.0138393973519 -0.000436343237872 0.029405701216 0.00596957075855 0.00979306963902 0.022180753977 0.0333409809507 0.0115891902568 0.00520173716524 -0.00229835321676 0.00668255106268 0.00136307820898 0.0164442748377 0.0070275276037 0.013719969382 0.434542384524 0.00693118699317 0.0198158329085 0.0161515621634 0.0297358144125 0.0126747491867 0.0150662988234 0.0109501364824 0.00357838518106 0.0263865310504 0.0223039894956 0.0194627586553 0.0157228336937 0.00804275739161 0.0196831477454 0.0076776167113 -0.00495033015091 
0.0176810670041 0.00978702389825 0.005640343764 0.0179923141782 0.0324614455005 0.0278026947926 0.00655091045148 0.0158396488098 0.0382484660943 -0.00929801410695 -0.000247114724927 0.0141161454359 0.0362046546625 0.0155383391031 0.00248040753117 -0.00119085721254 0.00604984465047 0.0039723966809 6.35377937924e-05 0.0105788684634 0.0100342118419 0.0129927131008 -0.00998097934395 0.0113971499082 0.014794563401 0.00506135075047 0.00588646591076 0.00149300498482 0.0137726781389 0.0126189183564 0.0118354824666 0.0121212560463 0.0164686613636 0.00693118699317 0.396384224104 -0.00871594088745 0.014986380851 0.0043982990903 0.0215098648188 0.0159826064871 0.0153145621303 0.0046613194335 0.0128250864229 -0.00253335045599 -0.0154913361716 0.000576979953301 0.0199507680023 0.0122340016104 0.0137459074845 0.00779893902206 
-0.00439184921271 0.00171511114611 0.0237725286229 0.000449878479393 -0.00320364509205 0.0253073341219 0.00142207808462 0.0107333842193 0.0293983482106 0.038171111556 0.0362242467669 0.0231312232402 0.0316926330457 0.00367446041636 0.0128811226153 0.0268640962545 0.0167710587659 -0.00425383732227 0.0123822392697 0.00787324240442 -0.000840653072543 0.0216612113934 0.0148017840051 0.0303575256086 0.028620486422 0.0167814729696 0.00785997065104 0.011170931416 0.0149238391833 0.00952863380018 0.00880860163065 0.0105250161319 0.0191461637298 0.0198158329085 -0.00871594088745 0.243326644248 0.0299772557235 0.00861542131641 0.00532762902397 0.0015660879423 0.0273954515063 0.0207331853674 0.0139919493857 0.0557373559107 0.0157555431932 0.0397162614933 0.00237002123468 -0.014604652526 0.0163000088795 0.0390846135556 
0.0193946575495 0.017225981321 0.0225448388723 0.0182238368695 0.0167237813967 0.0257722702406 -0.00849807488626 0.0246826110176 0.0589970140383 0.0178805535699 0.0100453674059 0.0320696059208 0.0439497238488 0.0216519906378 0.0137490894814 0.03908027019 0.00425400121939 0.0346883238215 0.0216519247911 0.0114785675647 0.0233384167518 0.0259665774639 0.0191727711829 0.0329915248828 0.0155149234647 0.0201865559201 0.0111597736803 0.0159196956345 0.0407215123752 0.0316689599174 0.00493408551357 0.0255250135687 0.0296171662803 0.0161515621634 0.014986380851 0.0299772557235 0.225604365999 0.0233970432672 0.0226338771169 0.00971962838666 0.0293095924296 0.012233849186 0.0144508299633 0.0152239754564 0.0154803641655 0.0235946435632 0.00237611025538 0.00479706326329 0.0198921559412 0.0147571487444 
0.0232801555415 0.00915376534248 0.0174768787203 0.0172838499918 0.00645783934931 0.0290435401335 -0.0110235212716 0.0362898436733 0.0217795363326 0.0195711966845 0.00820312311695 0.0230119197025 0.02651233484 0.0721161642154 0.03266484796 0.0367376455932 0.0252762404134 0.032445589627 0.0253893373907 0.0256251353822 0.0259947562953 0.0240945289345 0.0180031300746 0.0194893119509 0.021706507868 0.0164132380354 0.0177894857719 0.0214464065584 0.0187502245623 0.0322967846259 0.000438803286103 0.0110727974672 0.0386661363793 0.0297358144125 0.0043982990903 0.00861542131641 0.0233970432672 0.368735049277 0.041782854228 0.0388784652988 0.0148238203179 0.0271343403316 0.0464244606905 0.00536501093027 0.0228217023628 0.00809783594354 0.000386472037541 0.0253350976972 0.00151917972559 0.00898117318872 
0.0293009628719 0.0372289969475 0.00811818597504 0.0218684451622 0.0226624932321 0.0286589275392 -0.0063683602692 0.0497742124243 0.0255789696294 0.0103319543995 0.0073126275584 -0.00123267918362 0.0150622974002 0.0428041785916 0.0289821808877 0.0257797306466 0.0156234649724 0.0539624394714 0.0144608982258 0.0253217255976 0.0375682092553 0.0126624070232 0.0141333336188 0.0134316120127 0.0141847241535 0.0165442780927 0.00634524388545 0.0176348099328 0.0126019546707 0.0220345758587 -0.00401868294677 0.0202053472203 0.00711080995145 0.0126747491867 0.0215098648188 0.00532762902397 0.0226338771169 0.041782854228 0.478794343318 0.0147613240939 0.0308769263404 0.00542981484771 0.0303519449863 0.00235511924946 -4.78523435358e-05 0.00250758803938 0.010237929817 -0.000935382692491 0.0244497407398 0.00171660448817 
0.0207828760754 0.0320282121716 0.0178231254302 0.0123809387676 0.0110568885139 0.0198479313831 -0.00408210340571 0.0175130662334 0.0211089021071 -0.00489262880149 0.00461281911483 0.0067143403637 0.0128232101134 0.0141071684931 -0.000898948247114 0.0163379340343 -0.00670835513659 0.00784111321385 -0.0117116656865 0.0224369052983 0.00164507164311 -0.00991904323924 0.016376314962 -0.0138451147052 0.00293561148585 0.00382691902058 0.0528343696531 0.00808164933143 0.012307696213 0.00367988133752 0.0169049222962 0.016683026283 0.00971220614647 0.0150662988234 0.0159826064871 0.00156608794231 0.00971962838666 0.0388784652988 0.0147613240939 0.392334567503 0.0144776329674 0.0174659997051 0.0123603401197 0.00931869727242 0.0106361343184 0.0101340754845 0.0134391249207 0.0110996574952 0.00456286951733 0.0074043219045 
0.0239528443573 0.00693168600512 0.0229402940896 0.0113611007568 0.0247636064079 0.0268461700254 0.011729408854 0.0182311708368 0.0381574574247 0.0121139349988 0.0172436557795 0.0461674314095 0.0306125466821 0.01871086954 0.0104732145878 0.00753648750419 0.010059917673 0.0281508034368 0.0290910680006 0.0161547462143 0.0197762174052 0.0236271966992 0.0136370773206 0.0230286196363 0.023954720668 0.0113554147413 0.00618738728975 0.0282808409676 0.0478575542747 0.0221374749674 -0.00368377672024 0.0462338417096 0.00952233334512 0.0109501364824 0.0153145621303 0.0273954515063 0.0293095924296 0.0148238203179 0.0308769263404 0.0144776329674 0.204288667464 0.0192277439994 0.017670465094 0.0117182342325 0.0199681282833 0.0200320439086 0.0109608516974 -0.00637300639656 0.0296196804108 0.00815135804798 
0.00387399461766 0.0214441349201 0.010627600866 0.0190295788112 0.0111132584086 0.012338766916 -0.00708137919589 0.00749018533599 0.00946493969915 0.0200872268684 0.0108170383326 0.01368205678 0.017062954355 0.0229673720928 0.017292296305 0.00275792406193 0.0109693478957 0.00774798631194 0.00841693950675 -0.00343443447335 0.00785125842171 0.018843737459 0.012373794438 0.0133955296995 0.016288369519 0.00588190154292 0.00667429874005 0.00453502690669 0.00835092584107 0.0207923884583 0.00738013904618 0.011163884564 0.0160614362945 0.00357838518106 0.0046613194335 0.0207331853674 0.012233849186 0.0271343403316 0.00542981484771 0.0174659997051 0.0192277439994 0.153344864212 0.0139961723283 0.00615909540019 0.0174960668383 0.00431283672005 0.00312726579603 0.0107399555487 0.0127232614138 0.0127649821301 
0.0129987992102 0.00767493161961 0.0214024284958 0.0110804280592 0.0118379900484 0.00435963482107 0.0103100852034 0.0308658223046 0.0204577411099 0.0102810371345 -0.00203916039362 0.0094865440903 0.0318060627454 0.0147674744555 0.0125807565862 0.0172534303866 0.0167300809541 0.0220134122339 0.0299856314643 -0.0121173921566 0.0387221832899 0.00210648617639 0.0143281939339 -0.000942679668572 0.0104024930075 0.00811605853708 0.0490615062227 0.00925732514297 0.00843203064944 0.0372775383967 0.00176423804838 0.00496649686463 0.0126814225561 0.0263865310504 0.0128250864229 0.0139919493857 0.0144508299633 0.0464244606905 0.0303519449863 0.0123603401197 0.017670465094 0.0139961723283 0.404722925145 0.0185185785076 0.00909138695488 0.0034010045039 0.00471755518026 0.000353957107694 0.00334437805464 0.00072727966466 
-0.00235338654543 -0.00246096724496 0.0208705130663 0.014130727384 0.00198494700213 0.0182987160968 0.016068702481 0.00911300592616 0.0188636744159 0.0197720351445 0.0428933117941 0.00702599283027 0.0304396260022 0.00559032047722 0.00202162323437 0.0238981737685 -0.00403290099365 0.0125390855695 0.0030470039383 0.0207485277948 0.0100501754731 0.016247966132 0.00595656022192 0.0124420164551 0.00873829489962 0.0129830975549 -0.00539803747193 0.00432195950054 0.0154688515903 0.00225553205807 0.0050319752406 0.0155286928312 0.00802434595511 0.0223039894956 -0.00253335045599 0.0557373559107 0.0152239754564 0.00536501093027 0.00235511924946 0.00931869727242 0.0117182342325 0.00615909540019 0.0185185785076 0.17156432221 0.0153725605615 0.0403753010721 0.0134081553085 -0.00232845933168 0.0130588957958 0.0156652380831 
0.0234838179791 -0.000330529137385 0.0952724412433 0.0133729317591 0.0105733148515 0.0193756442054 -0.00360793842948 0.00711083267192 0.0366893896696 0.0229648102019 0.013762729699 0.0187076533622 0.0244911093099 0.0070497181626 0.0132236488917 0.0141411297048 0.0182402809044 -0.00767571727631 0.00163670747607 0.0117343378269 0.0123418103844 0.014412235386 0.000714542257105 0.00445288603306 0.0159769229395 0.0128931017849 0.0112229029109 0.00919711756237 0.00515586909 0.0397110388684 0.00688128532246 0.0247401975961 0.0295754379339 0.0194627586553 -0.0154913361716 0.0157555431932 0.0154803641655 0.0228217023628 -4.7852343536e-05 0.0106361343184 0.0199681282833 0.0174960668383 0.00909138695489 0.0153725605615 0.433324006797 0.0188876197093 0.0142247700819 0.0113908674634 0.0269094318054 0.00836754224904 
0.00159631589141 0.00532903601748 0.0176387187166 0.00690917873069 0.0170164142456 0.0119727878222 0.00199882977606 -0.00322756560786 0.0171691805532 0.0228061917765 0.044497452618 0.0183353461784 0.0248360039197 0.00330540051116 0.00603718193318 0.0178395131518 -0.00543670737785 0.000735660855773 0.0196019403465 0.00665738013998 0.00815452521658 0.0068176931377 0.00101618916947 0.0197357022985 0.013820276215 0.00500033056387 0.00884293514315 0.0135877389534 0.0120189532645 0.0145505402186 -0.00179521237759 0.0226810715607 0.0126580691787 0.0157228336937 0.000576979953301 0.0397162614933 0.0235946435632 0.00809783594354 0.00250758803938 0.0101340754845 0.0200320439086 0.00431283672005 0.0034010045039 0.0403753010721 0.0188876197093 0.137175271306 0.00598022217695 -0.0111843078776 0.0186201955172 0.0144815780446 
0.0331319332791 -0.00972292961698 0.00417815252191 0.0194187307342 0.00781379075101 0.00427110077803 -0.00164392472501 0.00826380220719 0.0216763466608 0.00316352928425 0.00353993082555 0.0127323568918 0.0164643341234 -6.40422122841e-05 0.00659919333721 -0.000867765981884 0.0111738210122 0.0265811038534 -0.00948211263029 0.0306106707019 -0.00408811274098 0.00878208799921 -0.00893172914432 0.00646135444014 0.00734811011964 0.0119297777897 0.0112099549426 -0.00262711141091 0.00543153082204 0.00696483633608 0.00747931902526 0.00969977412272 0.00648449777591 0.00804275739161 0.0199507680023 0.00237002123468 0.00237611025538 0.000386472037541 0.010237929817 0.0134391249207 0.0109608516974 0.00312726579603 0.00471755518026 0.0134081553085 0.0142247700819 0.00598022217695 0.230679914545 -0.00409805229057 0.00896929584403 0.0079663758085 
