30
0.0785675118811 0.0272696759741 0.0124927962784 0.090319564185 0.0256345374975 0.0545718905582 0.214537342356 0.0613427887106 0.0384738749472 0.0754225878746 0.044344522835 0.0202574279786 0.0708595176859 0.0295384146509 0.0538734886168 0.135299445153 0.039970875035 0.02392892696 0.0451551332239 0.0997806882374 0.040534814632 0.0602494739115 0.123926899062 0.0765601453803 0.0210054402465 0.0290232005544 0.0335830315084 0.0482651065397 0.0132097716294 0.0559384191954 
0.534588744444 0.00850734685507 0.0141120125501 0.0458182059891 0.00844287702343 -0.00747174659751 0.0975277950339 0.0101728841044 0.00504969243872 0.0305721954981 0.0186830275715 0.0290773368983 -0.00686526328099 0.0113702341665 0.00499967262262 0.0187322433188 0.00991898531366 0.0228390001585 0.0144376432916 0.0152561600921 0.000606457776312 0.0163008608822 0.0181196936778 0.0225005371767 0.00624933597603 -0.0011085914382 0.0212197926239 0.0115048332259 0.0143173476948 0.0266857041387 
0.00850734685507 0.149636063537 0.021663401708 0.0191383081757 0.0212188354194 0.011897293959 0.0191085115297 0.00400431188678 0.00754277167686 0.0206410065021 0.0302142277484 0.0339456133357 0.0104878090446 0.0143832059792 0.0220339508512 0.0169593151631 0.0185413712274 0.018804604011 0.00973322650438 0.0272858410651 -0.00131479745754 0.01852838223 0.0221134522108 0.029278745058 0.00284020764347 0.0122097817098 0.0266131484322 0.0235771734426 0.0160244892582 0.0103868825567 
0.0141120125501 0.021663401708 0.180619194824 0.0243338343885 0.0161348143912 0.0173359456657 0.0544047595654 0.0136982963779 0.0254388863439 0.0203259883699 0.0163688363585 0.0237848059953 0.00507986466627 0.0193040811737 0.0196897918631 0.00850075537613 0.0113329431338 0.02001467115 0.0185083649048 0.0279513418223 0.0209269588314 0.0220459296896 0.0253684400729 0.0233444220932 0.00937610382058 0.0151266605806 0.0164177176338 0.00965201666772 0.0142256066636 0.0126100469772 
0.0458182059891 0.0191383081757 0.0243338343885 0.614791089368 0.00857525592569 0.00833569469301 0.0389043338679 0.00197365491775 0.0235263785767 0.010287209814 0.0330390164158 0.0310170216998 0.0216225193309 0.0216260980639 0.0364076987607 0.0123742644954 0.0219490080083 0.0142721579748 0.00583531403445 0.0166794121948 -0.00117981258122 0.0229082714106 0.00206731654925 0.0252453540992 0.00998584302444 0.0112849798897 0.0080032966344 0.0382096402008 0.020524690154 0.0378221630659 
0.00844287702343 0.0212188354194 0.0161348143912 0.00857525592569 0.181574264833 0.00688802585285 0.00185710590912 0.0164532603218 0.0152075327034 0.0121751091134 0.022011125003 0.0160320472747 0.0147693479769 0.0310938770964 0.0187430000417 0.00351505338462 0.0160329787037 0.00878840929048 -0.00204225487867 0.0169802172598 0.0123130380915 0.0214658810208 -0.00386813641468 0.0194459586797 0.0106280384835 0.0116348679656 0.00592479472375 0.0309177402809 0.00675768381571 0.0158310166293 
-0.00747174659751 0.011897293959 0.0173359456657 0.00833569469301 0.00688802585285 0.291836629283 -0.00115933234906 0.0472048725871 0.0316548528177 0.00874967161057 0.0221333679684 0.0265240584981 0.0184507932925 0.0113608000006 0.00428472343753 0.0388049774779 0.0142774346116 0.0010343113058 0.0175381348702 0.027972467138 0.0206804301406 0.029373663432 0.0052628360037 0.0155172271704 0.00885826126597 0.0199809635449 0.00636114638016 0.0208118194626 0.00936573856686 0.0161735912037 
0.0975277950339 0.0191085115297 0.0544047595654 0.0389043338679 0.00185710590912 -0.00115933234906 0.971745071479 0.0266233006464 0.0151457651232 0.02411203168 0.0581881752076 0.0525829672211 0.0236684933924 0.0336640645186 0.0589034908653 0.0418333287323 0.0407170836379 0.0330913580712 0.0272939377945 0.0459891797855 0.0202756016032 0.0385556940841 0.0459109872017 0.0636959701548 0.00366889035086 0.0161438500005 0.0873962245765 0.0226607832334 0.0294331109615 0.0398924523763 
0.0101728841044 0.00400431188678 0.0136982963779 0.00197365491775 0.0164532603218 0.0472048725871 0.0266233006464 0.276913529626 0.0139991242103 0.0149527056281 0.00914645601243 0.00561785476976 0.00295638143351 0.00662789346094 0.0238580806027 0.0212438167573 0.0123248170625 0.0023075567174 0.000823418384321 0.00764235969338 0.00343027379568 0.0210373814255 0.00732187365767 0.0145589016373 0.0183650758423 0.0204308334125 0.0176886480049 0.00457614722107 0.0125712624761 0.00256340422445 
0.00504969243872 0.00754277167686 0.0254388863439 0.0235263785767 0.0152075327034 0.0316548528177 0.0151457651232 0.0139991242103 0.235421275588 0.00918313089387 0.0266696782941 0.0075610893613 0.0263430640919 0.011633489722 0.013258251534 0.0227426024706 0.0171840663025 0.0248773419982 0.0137318197585 0.0220586986771 -0.00651642022138 0.00130028049435 -0.00257338896667 0.0142198970557 0.0049400275057 0.011498525363 0.00323946534162 0.00533742487012 0.00956817982987 0.0181664983809 
0.0305721954981 0.0206410065021 0.0203259883699 0.010287209814 0.0121751091134 0.00874967161057 0.02411203168 0.0149527056281 0.00918313089387 0.488041744718 0.0227109287126 0.025197789174 0.065222723106 0.0360894643556 0.0248799609807 0.014434584539 0.0254064568133 0.0152933255555 0.0440368157229 0.0398100534676 0.0114616558266 0.0163905558666 0.0396976078639 0.0186041724393 0.0105541058122 0.0336194416155 0.0298782066494 0.015749731784 0.0249591964967 0.00642673666767 
0.0186830275715 0.0302142277484 0.0163688363585 0.0330390164158 0.022011125003 0.0221333679684 0.0581881752076 0.00914645601243 0.0266696782941 0.0227109287126 0.213124907191 0.0531466271653 0.0217179776574 0.0311556403343 0.024861695247 0.0461110358931 0.044810793752 0.0286330170399 0.0141338520413 0.0324703681489 0.00321783868587 0.0147260409054 0.0144884815094 0.0397234195824 0.00752366448107 0.0223645126227 0.0299103838168 0.0272239485948 0.021867110647 0.0284961873921 
0.0290773368983 0.0339456133357 0.0237848059953 0.0310170216998 0.0160320472747 0.0265240584981 0.0525829672211 0.00561785476976 0.0075610893613 0.025197789174 0.0531466271653 0.271852217059 -0.0204280110306 0.017851429196 0.0253581066967 0.0430706207094 0.033647788878 0.0109254660687 0.0150149531266 0.0493797584725 0.00348111105234 0.0444332439171 0.0303616305339 0.0392056701196 0.00928598597595 0.0264439895486 0.0418379755041 0.0311751572433 0.0310471556546 0.0204802757332 
-0.00686526328099 0.0104878090446 0.00507986466627 0.0216225193309 0.0147693479769 0.0184507932925 0.0236684933924 0.00295638143351 0.0263430640919 0.065222723106 0.0217179776574 -0.0204280110306 0.402970020364 0.0281050878925 0.00531778342198 0.0126454759189 0.0169216155498 -0.0132498773098 0.00529200067933 0.0126334495616 -0.00547234767021 0.00164295238401 -0.0118730662544 0.0157613181295 0.018185181422 0.0154747178965 0.00543051592694 0.0135081370153 0.00686965636667 0.00807411766899 
0.0113702341665 0.0143832059792 0.0193040811737 0.0216260980639 0.0310938770964 0.0113608000006 0.0336640645186 0.00662789346094 0.011633489722 0.0360894643556 0.0311556403343 0.017851429196 0.0281050878925 0.221559512889 0.0229750935567 0.00833547931566 0.0152250390155 0.0234754518402 0.0116472709047 0.0204120540181 0.0010596867963 0.0393874448918 0.00592581259267 0.0129417585383 0.0130812620511 0.0344651581222 0.012697787651 0.0208422410204 0.00511181173895 0.00703490321241 
0.00499967262262 0.0220339508512 0.0196897918631 0.0364076987607 0.0187430000417 0.00428472343753 0.0589034908653 0.0238580806027 0.013258251534 0.0248799609807 0.024861695247 0.0253581066967 0.00531778342198 0.0229750935567 0.381444890481 0.0141857113782 0.0182958304049 0.0244678615025 0.014322383471 0.0168433425755 -0.00437588410737 0.0132267424303 0.0212636536395 0.0391214606677 0.00966822430898 0.0246000023564 0.028598247306 0.0300857644775 0.00938276233682 0.0545791403938 
0.0187322433188 0.0169593151631 0.00850075537613 0.0123742644954 0.00351505338462 0.0388049774779 0.0418333287323 0.0212438167573 0.0227426024706 0.014434584539 0.0461110358931 0.0430706207094 0.0126454759189 0.00833547931566 0.0141857113782 0.564579508145 0.0370927052824 0.011248251197 0.0346254818604 0.0265834599955 0.0190540479892 0.025376691541 0.0193026772116 0.0666072739438 0.00100673620423 0.010835971533 0.0124488160185 0.0125414864765 0.00118040044689 0.0143887004948 
0.00991898531366 0.0185413712274 0.0113329431338 0.0219490080083 0.0160329787037 0.0142774346116 0.0407170836379 0.0123248170625 0.0171840663025 0.0254064568133 0.044810793752 0.033647788878 0.0169216155498 0.0152250390155 0.0182958304049 0.0370927052824 0.196281515619 0.0277157387809 0.0179240955884 0.0407891779583 -0.0106525824804 0.0296031764412 0.019100625745 0.0380571317507 0.00208178980243 0.00678120437624 0.0183664641217 0.0208972190745 0.0271421937981 0.0193075966309 
0.0228390001585 0.018804604011 0.02001467115 0.0142721579748 0.00878840929048 0.0010343113058 0.0330913580712 0.0023075567174 0.0248773419982 0.0152933255555 0.0286330170399 0.0109254660687 -0.0132498773098 0.0234754518402 0.0244678615025 0.011248251197 0.0277157387809 0.252422561595 0.0061984467388 0.0186838982423 0.00227048334101 0.0197313528982 0.00627006829226 0.0139074514901 -0.000723819055656 0.0290437069072 0.0207953220554 0.0177729089162 0.011267819616 0.0204486498747 
0.0144376432916 0.00973322650438 0.0185083649048 0.00583531403445 -0.00204225487867 0.0175381348702 0.0272939377945 0.000823418384321 0.0137318197585 0.0440368157229 0.0141338520413 0.0150149531266 0.00529200067933 0.0116472709047 0.014322383471 0.0346254818604 0.0179240955884 0.0061984467388 0.30636956064 0.0141921828616 0.00510240938933 0.0197922255599 -0.0127500465943 0.0219516548776 0.00910455359894 -0.0194342876244 0.000437890892352 0.00875349684145 -0.00377286649472 0.0174595163587 
0.0152561600921 0.0272858410651 0.0279513418223 0.0166794121948 0.0169802172598 0.027972467138 0.0459891797855 0.00764235969338 0.0220586986771 0.0398100534676 0.0324703681489 0.0493797584725 0.0126334495616 0.0204120540181 0.0168433425755 0.0265834599955 0.0407891779583 0.0186838982423 0.0141921828616 0.575070254546 0.0143033060443 0.0276156632535 0.0112458410606 0.0186304222161 0.00116916268394 0.0157823054016 0.0311143925844 0.0127005462608 0.0119223947067 0.00817749150847 
0.000606457776312 -0.00131479745754 0.0209269588314 -0.00117981258122 0.0123130380915 0.0206804301406 0.0202756016032 0.00343027379568 -0.00651642022138 0.0114616558266 0.00321783868587 0.00348111105234 -0.00547234767021 0.0010596867963 -0.00437588410737 0.0190540479892 -0.0106525824804 0.00227048334101 0.00510240938933 0.0143033060443 0.535283548552 0.0031253186895 0.00496049432408 0.00893531528286 0.0104797270633 0.000516731232662 -0.00790313352221 -0.00468939595918 -0.00704828070277 0.00325063381553 
0.0163008608822 0.01852838223 0.0220459296896 0.0229082714106 0.0214658810208 0.029373663432 0.0385556940841 0.0210373814255 0.00130028049435 0.0163905558666 0.0147260409054 0.0444332439171 0.00164295238401 0.0393874448918 0.0132267424303 0.025376691541 0.0296031764412 0.0197313528982 0.0197922255599 0.0276156632535 0.0031253186895 0.304479585976 0.0126123525779 0.0170852965279 0.00557014095166 0.03092173664 0.00605725181039 0.0580789268714 0.00153337352258 0.0194852481663 
0.0181196936778 0.0221134522108 0.0253684400729 0.00206731654925 -0.00386813641468 0.0052628360037 0.0459109872017 0.00732187365767 -0.00257338896667 0.0396976078639 0.0144884815094 0.0303616305339 -0.0118730662544 0.00592581259267 0.0212636536395 0.0193026772116 0.019100625745 0.00627006829226 -0.0127500465943 0.0112458410606 0.00496049432408 0.0126123525779 0.908867923524 0.0481476357257 -0.00520753337475 0.0193055889229 0.0148600574055 0.00803788080431 0.0102202645691 0.00530381727158 
0.0225005371767 0.029278745058 0.0233444220932 0.0252453540992 0.0194459586797 0.0155172271704 0.0636959701548 0.0145589016373 0.0142198970557 0.0186041724393 0.0397234195824 0.0392056701196 0.0157613181295 0.0129417585383 0.0391214606677 0.0666072739438 0.0380571317507 0.0139074514901 0.0219516548776 0.0186304222161 0.00893531528286 0.0170852965279 0.0481476357257 0.336210384399 0.00525846358262 0.0188111083605 0.0285138551795 0.0327772542326 0.00971716091819 0.0310920422094 
0.00624933597603 0.00284020764347 0.00937610382058 0.00998584302444 0.0106280384835 0.00885826126597 0.00366889035086 0.0183650758423 0.0049400275057 0.0105541058122 0.00752366448107 0.00928598597595 0.018185181422 0.0130812620511 0.00966822430898 0.00100673620423 0.00208178980243 -0.000723819055656 0.00910455359894 0.00116916268395 0.0104797270633 0.00557014095166 -0.00520753337475 0.00525846358262 0.13627639272 0.00420159823355 0.00822816911508 0.00570253574234 0.0136275725115 0.00635862435944 
-0.0011085914382 0.0122097817098 0.0151266605806 0.0112849798897 0.0116348679656 0.0199809635449 0.0161438500005 0.0204308334125 0.011498525363 0.0336194416155 0.0223645126227 0.0264439895486 0.0154747178965 0.0344651581222 0.0246000023564 0.010835971533 0.00678120437624 0.0290437069072 -0.0194342876244 0.0157823054016 0.000516731232662 0.03092173664 0.0193055889229 0.0188111083605 0.00420159823355 0.254499988329 0.00612953173599 0.0152069841561 0.0126592366236 0.00288216139729 
0.0212197926239 0.0266131484322 0.0164177176338 0.0080032966344 0.00592479472375 0.00636114638016 0.0873962245765 0.0176886480049 0.00323946534162 0.0298782066494 0.0299103838168 0.0418379755041 0.00543051592694 0.012697787651 0.028598247306 0.0124488160185 0.0183664641217 0.0207953220554 0.000437890892352 0.0311143925844 -0.00790313352221 0.00605725181039 0.0148600574055 0.0285138551795 0.00822816911508 0.00612953173599 0.302989918469 0.0291655947809 0.0202765316947 0.0273163255278 
0.0115048332259 0.0235771734426 0.00965201666772 0.0382096402008 0.0309177402809 0.0208118194626 0.0226607832334 0.00457614722107 0.00533742487012 0.015749731784 0.0272239485948 0.0311751572433 0.0135081370153 0.0208422410204 0.0300857644775 0.0125414864765 0.0208972190745 0.0177729089162 0.00875349684145 0.0127005462608 -0.00468939595918 0.0580789268714 0.00803788080431 0.0327772542326 0.00570253574234 0.0152069841561 0.0291655947809 0.308362968613 0.0201215259017 0.0287403623361 
0.0143173476948 0.0160244892582 0.0142256066636 0.020524690154 0.00675768381571 0.00936573856686 0.0294331109615 0.0125712624761 0.00956817982987 0.0249591964967 0.021867110647 0.0310471556546 0.00686965636667 0.00511181173895 0.00938276233682 0.00118040044689 0.0271421937981 0.011267819616 -0.00377286649472 0.0119223947067 -0.00704828070277 0.00153337352258 0.0102202645691 0.00971716091819 0.0136275725115 0.0126592366236 0.0202765316947 0.0201215259017 0.16843716212 0.00974034233176 
0.0266857041387 0.0103868825567 0.0126100469772 0.0378221630659 0.0158310166293 0.0161735912037 0.0398924523763 0.00256340422445 0.0181664983809 0.00642673666767 0.0284961873921 0.0204802757332 0.00807411766899 0.00703490321241 0.0545791403938 0.0143887004948 0.0193075966309 0.0204486498747 0.0174595163587 0.00817749150847 0.00325063381553 0.0194852481663 0.00530381727158 0.0310920422094 0.00635862435944 0.00288216139729 0.0273163255278 0.0287403623361 0.00974034233176 0.234090847953 

['F', 'SIAL', 'GPC', 'DRI', 'PG', 'PEG', 'PMCS', 'RAI', 'ABC', 'HSP', 'DOV', 'APCC', 'CMX', 'WM', 'WHR', 'BJS', 'EMR', 'LIZ', 'BCR', 'MEDI', 'KSE', 'WEN', 'CSC', 'MOLX', 'PEP', 'CB', 'LLTC', 'MCD', 'IBM', 'TMO']