40
0.0254158643172 0.0635798530397 0.018453974145 0.0295384146509 0.0743441041655 0.040534814632 0.0933125666969 0.0135350028622 0.0753619397022 0.0354646018646 0.0484031048171 0.0304896250645 0.142835786571 0.0125032911957 0.0285158318856 0.0153161335694 0.0439476996979 0.0746691414478 0.106366385329 0.0761836706695 0.0725669815102 0.0357981155146 0.0363496030559 0.0936563270582 0.478952808182 0.0348828940045 0.0988670942005 0.0533662879029 0.019144788815 0.15397042743 0.0231907610599 0.0256056876134 0.0446705301477 0.0308834605432 0.0218855159469 0.0313696733512 0.0794924924591 0.0669692816613 0.0375994121509 0.0265193363437 
0.293941917955 0.00397645619448 0.00739724217053 0.0213919329265 0.0116540840476 -0.00297755674357 0.00281847370921 0.028460749183 0.0239350768968 -0.00327873353789 0.0131598874036 0.00527496765891 -0.00358239440595 0.0382819355925 0.0131994025902 0.0101632558955 0.00476217852882 0.0440419589829 0.0144054744417 0.0285290228071 0.0252117850767 0.0217409430606 0.0133021296177 0.0230440497346 0.00373257465605 0.0194855423295 0.025205728294 0.00897759425595 0.0320801959646 0.00746917529602 0.00581163499676 0.0215895986897 0.00944202340652 0.0136141246802 0.000857101707265 0.0183849001189 0.0352550854427 0.0144011081409 0.0225276959268 0.013370499136 
0.00397645619447 0.46820550146 0.0134761287952 0.0327671642952 0.015730634866 -0.0046395945386 0.0209392526246 0.0159987260802 -0.00106331159138 0.00945692853176 0.0213553048487 0.0179959868868 0.025094793102 -0.000192095633645 -0.00847808982039 0.00987982083524 0.0225966123287 0.0338102912993 0.00942554194774 0.0263708069801 0.0465756829275 0.0216876202995 0.017032345889 0.00753787928615 -0.00937674014739 0.0131068741964 0.0403152206248 0.00832392933152 0.0293198483887 0.00262030754875 0.0249455509433 0.0166001440326 0.0363418730754 0.0288876272313 0.00919766945367 0.0229970272859 0.0122164818638 0.0252981725334 0.00884227804005 0.00477692858204 
0.00739724217053 0.0134761287952 0.249391963714 0.00783163348278 0.00367771281103 -0.00277097306109 -0.000544703882485 0.0269735015535 0.0095685211034 0.0193660294262 0.0135902283711 0.00467319015844 0.0166305689372 0.00883261514799 -0.00317369250971 0.00691926595456 0.00185921341257 0.0159231362202 0.0202435728755 0.00196839480611 0.0224607924484 0.013958010604 0.00933056748962 0.016477413997 -0.00868549598588 -0.00493330018201 -0.0109467839584 -0.00588406805805 0.0157548211504 0.0184159488987 0.00287896778347 0.00154526303304 0.0152404887824 0.00163213907071 0.0136398291503 0.00569243554961 0.0227155073366 -0.00417205158676 0.0167197611764 -0.00440120194123 
0.0213919329265 0.0327671642952 0.00783163348278 0.211709936739 0.0492745796502 0.000912394098393 0.0124253622441 0.0156848420387 0.0141629982603 0.00429445334319 0.0242708192168 0.0029240733749 0.0036474760025 0.0177765179756 0.0155308742537 0.0163898198212 0.0101245173431 0.0253601839814 -0.00459674220491 0.00948471048548 0.0288846141323 0.0202741582239 0.0226483313509 0.0298927662001 -0.000445601808678 0.0172422948784 0.0199752841599 0.0019892701774 0.0300349523076 0.0182327947482 0.0228924754338 0.017385653417 0.00918343930678 0.0387963330485 0.0111291415618 0.0200334747331 0.0283349924641 0.0270770509898 0.0226394259767 0.0210031370756 
0.0116540840476 0.015730634866 0.00367771281103 0.0492745796502 0.38485493788 0.00460259803341 -0.00505602030168 0.01735855533 0.0107129932241 -0.0103302660923 0.0362055341941 0.0049789872134 0.0335104864013 0.0687609246649 -0.0100009418241 -0.0121869726783 0.00982441425556 0.00667600239694 -0.0103509157618 0.0360958692301 0.0390876389236 0.0239707418317 0.0230321275819 0.0413817729928 0.0571843605937 0.0202178369037 0.0379539997682 0.0143806299935 0.0494486703334 0.00226938331789 0.00751110753958 0.00122546339453 0.01372229547 0.0212688912593 0.000651270319747 0.0141888242368 0.0538687394277 0.0363103661545 0.0238985729933 0.0137065079023 
-0.00297755674357 -0.0046395945386 -0.00277097306109 0.000912394098391 0.0046025980334 0.534991106598 0.0212614859586 -0.00101915673216 0.00950963926615 0.0216566355165 -0.00340616848988 0.00885825190252 0.012646913984 -0.001640210121 0.0107947233582 0.00984896728314 0.00472708439922 0.00844968498606 0.0121205407246 -0.00278103831162 0.00327977285399 0.00460783589701 -0.00312293202821 0.00239966690323 0.00678412114524 0.00709033019651 -0.00449484236615 0.00356096229979 0.00288651931948 0.0139168995298 0.00335990392062 0.0137127618738 -0.00560622403225 0.00507953823061 0.0116938663306 0.00506205028614 -0.0053698051483 0.00256596139918 0.00531259898998 0.0208783651733 
0.00281847370921 0.0209392526246 -0.000544703882485 0.0124253622441 -0.00505602030168 0.0212614859586 1.00085678111 0.00406842510712 -0.00684957348628 0.0120774369509 0.0110486180856 0.000204192462995 -0.00104094289555 -0.0097936329647 -0.0082398366144 0.00162896171705 -0.00743404918013 0.0119103841996 -0.00810577865874 0.00536317280703 0.028214922629 -0.00172755316415 -0.00771532761938 0.00117703384715 0.00415587195787 0.0112807671375 0.00728087002792 0.0204526747297 0.000274371274544 0.00662558388943 0.0146643391657 -0.00163066820532 0.0146822839474 0.0068845631603 -0.00100397048735 0.00119947112551 0.000123055879231 -0.000960723777756 0.0158061166446 -0.00812558386955 
0.028460749183 0.0159987260802 0.0269735015535 0.0156848420387 0.01735855533 -0.00101915673216 0.00406842510712 0.198500498641 0.0164951468212 0.0165735463226 0.0204710984645 -0.00434076524023 0.00993828549358 0.0126890579159 0.00942285116715 0.0138646137308 -0.000944748380113 0.0288274880348 0.015534955718 0.0106638211874 0.0294901815909 0.0260483797962 0.0206100191349 0.0125515121353 0.0138846745693 0.0272014130391 0.031968676675 0.00164739533672 0.0235076870081 0.00762163508869 0.0207989386527 0.0130438172286 0.0190923116124 0.016027932218 0.00336816984947 0.0218699138633 0.0226921141577 0.0220485758183 0.00752734361853 0.0056637286872 
0.0239350768968 -0.00106331159138 0.0095685211034 0.0141629982603 0.0107129932241 0.00950963926615 -0.00684957348629 0.0164951468212 0.33803964625 0.020658406982 0.0300370243285 0.00168801346234 0.00301294135066 -0.00965455984206 0.037999590468 0.0132451208567 0.0107221283471 0.0321453962405 0.174332189407 0.0272190204497 0.0240928744994 0.00694818041455 0.00102554753171 -0.00789408184625 0.0155943508194 0.0378358148262 0.0176646498361 0.0058081766114 0.00788660410838 0.12545831834 0.0196959065404 0.0189048548027 0.00727584417013 -0.00262193881352 0.00354308000331 0.0128661590671 0.0331461287903 0.0136100498541 0.012652119309 0.014144049693 
-0.00327873353789 0.00945692853176 0.0193660294262 0.00429445334318 -0.0103302660923 0.0216566355165 0.0120774369509 0.0165735463226 0.020658406982 0.198582832516 0.0104947674053 0.00999740480241 0.0245011677624 0.000202314625457 0.0478021773642 0.0460478039697 0.00843930638454 0.00390410892296 0.0331330965927 0.00988886939443 0.0246764669968 0.00218562453933 0.00807821146967 0.0115328043068 -0.0133810573117 -0.00706600766019 0.00163325728646 0.0123915376765 0.0125775125991 0.0242929781849 0.00590706534328 0.00337665289404 0.0048851238959 0.0207582402421 0.00256158505554 0.0139348076515 0.00219836403958 0.0150240942231 0.0218395215731 0.00153599923511 
0.0131598874036 0.0213553048487 0.0135902283711 0.0242708192168 0.0362055341941 -0.00340616848988 0.0110486180856 0.0204710984645 0.0300370243285 0.0104947674053 0.262761271282 0.00244298084481 -0.0195846260088 0.0216633252627 0.00783900738716 0.00706158421405 0.0216004987706 0.0255179789319 0.0464912333489 0.0392268517206 0.0395388813656 0.0144453859725 0.00885592282355 0.0155914185101 -0.00884988463951 0.0229949331508 0.0462229720872 0.00681287213265 0.0320347949894 0.0362453374366 0.031230937971 0.0164193767196 0.0280877180925 0.0165818832788 0.00994651638415 0.0230821410629 0.0238300322551 0.0274948430518 0.0199390801444 0.0126273714667 
0.00527496765891 0.0179959868868 0.00467319015844 0.0029240733749 0.0049789872134 0.00885825190252 0.000204192462995 -0.00434076524023 0.00168801346234 0.00999740480241 0.00244298084481 0.214567367703 -0.00146925334495 0.00774411579701 0.0074241277967 0.00190730510063 -0.00081250595844 0.00120367677181 0.00546352715831 0.00387646516013 0.0152578802179 0.0162501964205 0.0117063846991 0.0217934727156 -0.00331086635409 0.00855651826137 0.017737375144 0.00939046825462 -0.00235770839493 0.0143685145756 0.0247517463882 0.0079840546473 0.00196035852685 0.016553827502 0.0192096067123 1.47501101501e-05 0.0109540373289 0.0170570440955 0.0105756147547 0.0149659731786 
-0.00358239440595 0.025094793102 0.0166305689372 0.0036474760025 0.0335104864013 0.012646913984 -0.00104094289556 0.00993828549358 0.00301294135066 0.0245011677624 -0.0195846260088 -0.00146925334495 1.25203786177 0.00904638095248 0.00500810346866 0.0152572554238 0.024263671931 -0.0149870680323 -0.00837599203522 0.0360342691817 0.00977125069018 0.0112115343901 -0.00107951948412 0.0059959873051 -0.0176318636047 0.00442598358926 0.0382493489999 -0.0132114103397 -0.00293316318202 0.0261871982812 0.00488588021721 -0.00799651950562 0.0324777787006 -0.00255980332268 0.00755385706276 0.0101124387981 0.0347214772612 0.0086401551163 -0.00294075854209 0.0157758288712 
0.0382819355925 -0.000192095633645 0.00883261514799 0.0177765179756 0.0687609246649 -0.001640210121 -0.00979363296469 0.0126890579159 -0.00965455984206 0.000202314625457 0.0216633252627 0.00774411579701 0.00904638095248 0.278822379398 0.00696394586367 -0.000906050051305 0.00176397569007 0.000185662690769 -0.0160701258487 0.00637337186296 0.017939459329 0.0242076722417 0.00764122476345 0.0118046884754 -0.0231512723915 0.0187555489366 0.0109682308498 0.0241523601974 0.0291049811221 -0.0212152454414 0.011342003494 0.0237990107814 0.00251957298907 0.00113384155626 0.00636863700255 0.00620379734038 0.0287144981066 0.0342928669996 0.0136591067402 0.000986385342854 
0.0131994025902 -0.00847808982039 -0.00317369250971 0.0155308742537 -0.0100009418241 0.0107947233582 -0.0082398366144 0.00942285116715 0.037999590468 0.0478021773642 0.00783900738716 0.0074241277967 0.00500810346866 0.00696394586367 0.193559476153 0.0420001297868 -0.00735151936894 0.0161867930119 0.0611931392423 0.0133047124481 0.0343984335866 0.0141489003635 0.00949985753935 0.00619218327276 -0.00425318626219 0.00967291212831 0.00619674666681 0.0129170638119 0.0228875344664 0.0332396737084 0.00836298543029 0.0107964805866 0.00324515328554 0.026163744561 -0.000424393372554 0.0136841928728 0.00265695105012 0.00857552146044 0.016313037259 0.00674858004812 
0.0101632558955 0.00987982083524 0.00691926595456 0.0163898198212 -0.0121869726783 0.00984896728314 0.00162896171705 0.0138646137308 0.0132451208567 0.0460478039697 0.00706158421405 0.00190730510063 0.0152572554238 -0.000906050051305 0.0420001297868 0.143698015536 0.0029885432203 0.0113926228557 0.0203198189482 0.00709561792964 0.0228479066216 0.0236548087831 0.00756842674714 0.00808533779758 -0.0168595171225 0.00753520663475 0.0071578101238 0.0223642215152 0.0135223177783 0.0253169740586 0.00877691356376 0.00391471320694 0.00498278389182 0.021884640567 0.00848137130719 0.0187108813854 0.0103600031545 0.00734994377706 0.00864436423261 0.00739816739297 
0.00476217852882 0.0225966123287 0.00185921341257 0.0101245173431 0.00982441425556 0.00472708439922 -0.00743404918013 -0.000944748380113 0.0107221283471 0.00843930638454 0.0216004987706 -0.000812505958441 0.024263671931 0.00176397569007 -0.00735151936894 0.0029885432203 0.189698814567 0.00395415878092 0.0160252335148 0.00642469317701 0.01050345904 0.0073735229615 0.0129598303814 0.00396391109541 0.00484767759559 0.00332979309465 0.0284555212731 -0.000688177343382 0.0212777330466 -0.0058404730326 0.0117203987016 0.00323626383574 0.0173013641395 -0.00105651223525 0.0107905611449 0.00900779303911 0.0143631189186 0.00114353595256 0.0130076595261 0.00565533982525 
0.0440419589829 0.0338102912993 0.0159231362202 0.0253601839814 0.00667600239694 0.00844968498607 0.0119103841996 0.0288274880348 0.0321453962405 0.00390410892296 0.0255179789319 0.00120367677181 -0.0149870680323 0.000185662690769 0.0161867930119 0.0113926228557 0.00395415878092 0.499889337488 0.0152150140938 0.0628105549912 0.034895612087 0.0245108281542 -0.00243329757653 0.0186234259858 -0.00621413405193 0.00697960250459 0.0368216251512 0.0108276866625 0.0256152066665 0.0183500475558 0.0157784580894 0.0146310654023 0.0429115058263 0.0400878835197 0.00559184519198 0.015878585205 0.0256588219043 0.0420128580972 -0.0117303883079 0.0155337861741 
0.0144054744417 0.00942554194774 0.0202435728755 -0.00459674220491 -0.0103509157618 0.0121205407246 -0.00810577865875 0.015534955718 0.174332189407 0.0331330965927 0.0464912333489 0.00546352715831 -0.00837599203522 -0.0160701258487 0.0611931392423 0.0203198189482 0.0160252335148 0.0152150140938 0.410958545267 0.0242460952247 0.035739606284 0.0162655946406 0.0248129883087 0.0134000989546 0.0571360265858 0.0257982767427 0.0240605985043 0.00913312251201 0.0173270154918 0.149408982275 -0.0049213773389 -0.00622626559531 0.00540599133561 0.00702022746451 0.0121457036848 0.0151144509001 0.0237919836274 0.00270921194724 0.0158376151025 0.0215032780351 
0.0285290228071 0.0263708069801 0.00196839480611 0.00948471048548 0.0360958692301 -0.00278103831162 0.00536317280703 0.0106638211874 0.0272190204497 0.00988886939443 0.0392268517206 0.00387646516013 0.0360342691817 0.00637337186296 0.0133047124481 0.00709561792964 0.00642469317701 0.0628105549912 0.0242460952247 0.394650948806 0.0245996886181 0.00097464519036 0.0221076786629 0.0183278341609 0.0714435382056 0.00556202136108 0.102836948617 0.00721785002412 0.016402894059 0.0488305005252 0.03229037712 0.00754711370675 0.0689037061141 0.0173462418349 0.00145262764728 0.0149060248296 0.0539869978633 0.0245239442752 0.0145437166518 0.0350866292135 
0.0252117850767 0.0465756829275 0.0224607924484 0.0288846141323 0.0390876389236 0.00327977285399 0.028214922629 0.0294901815909 0.0240928744994 0.0246764669968 0.0395388813656 0.0152578802179 0.00977125069018 0.017939459329 0.0343984335866 0.0228479066216 0.01050345904 0.034895612087 0.035739606284 0.0245996886181 0.286929034974 0.031932968318 0.0298475909586 0.0397044780741 0.00962424587824 0.0341377723478 0.0497915026148 0.0240398828769 0.0439379076572 0.0313263009794 0.0156191158748 0.0135073325568 0.0341882885971 0.0249109199395 0.00772471055926 0.0203831122591 0.0286672159676 0.0492013155099 0.0179229622514 0.0222274132014 
0.0217409430606 0.0216876202995 0.013958010604 0.0202741582239 0.0239707418317 0.00460783589701 -0.00172755316415 0.0260483797962 0.00694818041455 0.00218562453933 0.0144453859725 0.0162501964205 0.0112115343901 0.0242076722417 0.0141489003635 0.0236548087831 0.0073735229615 0.0245108281542 0.0162655946406 0.000974645190359 0.031932968318 0.252037275079 0.0182177999826 -0.00427665878172 0.0332629024143 0.0129345984939 0.0134528332483 0.0155363705462 0.0429133903481 0.0121307631887 0.0269007607031 0.0178959915419 0.00609427023966 0.0284374374105 0.0142351387478 0.0236377572836 0.02855250301 0.00900332506754 0.0172719889555 0.0166619733663 
0.0133021296177 0.017032345889 0.00933056748962 0.0226483313509 0.0230321275819 -0.00312293202821 -0.00771532761938 0.0206100191349 0.00102554753171 0.00807821146967 0.00885592282355 0.0117063846991 -0.00107951948412 0.00764122476345 0.00949985753935 0.00756842674714 0.0129598303814 -0.00243329757653 0.0248129883087 0.0221076786629 0.0298475909586 0.0182177999826 0.31582070468 0.00662769128998 0.00111781562658 0.007070203942 0.0148598979689 0.0137833062898 0.0228979328385 0.0155285610853 0.010257327171 0.0305102996665 0.00724962012715 0.0286576969178 0.00937791501136 0.00943742828833 0.034386641006 0.0153079207522 0.0156846135568 0.0185899929659 
0.0230440497346 0.00753787928615 0.016477413997 0.0298927662001 0.0413817729928 0.00239966690323 0.00117703384715 0.0125515121353 -0.00789408184625 0.0115328043068 0.0155914185101 0.0217934727156 0.0059959873051 0.0118046884754 0.00619218327276 0.00808533779758 0.00396391109541 0.0186234259858 0.0134000989546 0.0183278341609 0.0397044780741 -0.00427665878172 0.00662769128998 0.439912466953 -0.00950487209358 0.0140736345004 0.048685521575 0.0560998287125 0.0113719490443 0.0304095492805 0.0225351322739 -0.00213741042909 0.0252664030321 0.0145450881123 -0.00654255050286 0.000262388578795 0.0232905307109 0.022183515845 -0.0239965928218 0.0293160792013 
0.00373257465605 -0.00937674014739 -0.00868549598588 -0.000445601808678 0.0571843605937 0.00678412114524 0.00415587195787 0.0138846745693 0.0155943508194 -0.0133810573117 -0.00884988463951 -0.00331086635409 -0.0176318636047 -0.0231512723915 -0.00425318626219 -0.0168595171225 0.00484767759559 -0.00621413405193 0.0571360265858 0.0714435382056 0.00962424587824 0.0332629024143 0.00111781562658 -0.00950487209358 5.23623894574 0.00224801222933 0.0263011419365 -0.0104184295384 -0.0106317029882 0.0191266822127 -0.000803859101962 0.00177952989699 0.054291237685 -0.00174664125643 -0.0122091804776 0.00835638858536 0.0676411542917 -0.0125493483158 -0.00431496913913 -0.0089758749074 
0.0194855423295 0.0131068741964 -0.00493330018201 0.0172422948784 0.0202178369037 0.00709033019651 0.0112807671375 0.0272014130391 0.0378358148262 -0.00706600766019 0.0229949331508 0.00855651826137 0.00442598358926 0.0187555489366 0.00967291212831 0.00753520663475 0.00332979309465 0.00697960250459 0.0257982767427 0.00556202136108 0.0341377723478 0.0129345984939 0.007070203942 0.0140736345004 0.00224801222933 0.23567292578 0.0511583317066 0.0183468646857 0.0152074664092 0.0233865388971 0.0277454848719 0.00853271593275 0.0287014742948 0.0184894152893 0.00545240664125 0.012578164448 0.0146075790185 0.0314924244422 0.00535094471091 0.014062704287 
0.025205728294 0.0403152206248 -0.0109467839584 0.0199752841599 0.0379539997682 -0.00449484236615 0.00728087002793 0.031968676675 0.0176646498361 0.00163325728646 0.0462229720872 0.017737375144 0.0382493489999 0.0109682308498 0.00619674666681 0.0071578101238 0.0284555212731 0.0368216251512 0.0240605985043 0.102836948617 0.0497915026148 0.0134528332483 0.0148598979689 0.048685521575 0.0263011419365 0.0511583317066 0.476797625 0.0368684471371 0.0211348780137 0.0579323587834 0.00983634512143 0.00231718391585 0.107114197886 0.022449790071 0.00974787290659 0.0248002177065 0.0492202338432 0.033738193227 0.0202147358721 0.0166559665118 
0.00897759425595 0.00832392933152 -0.00588406805805 0.0019892701774 0.0143806299935 0.00356096229979 0.0204526747297 0.00164739533672 0.0058081766114 0.0123915376765 0.00681287213265 0.00939046825462 -0.0132114103397 0.0241523601974 0.0129170638119 0.0223642215152 -0.000688177343381 0.0108276866625 0.00913312251201 0.00721785002412 0.0240398828769 0.0155363705462 0.0137833062898 0.0560998287125 -0.0104184295384 0.0183468646857 0.0368684471371 0.427182087036 0.0107379752469 0.00987819139608 -0.00184164088768 0.0198724685904 0.0303078990218 0.00957623391119 0.014829852946 0.00561377802926 0.0233294479147 0.00395628217447 0.0143990439572 0.0100283189739 
0.0320801959646 0.0293198483887 0.0157548211504 0.0300349523076 0.0494486703334 0.00288651931948 0.000274371274545 0.0235076870081 0.00788660410838 0.0125775125992 0.0320347949894 -0.00235770839493 -0.00293316318202 0.0291049811221 0.0228875344664 0.0135223177783 0.0212777330466 0.0256152066665 0.0173270154918 0.016402894059 0.0439379076572 0.0429133903481 0.0228979328385 0.0113719490443 -0.0106317029882 0.0152074664092 0.0211348780137 0.0107379752469 0.227916535963 0.0127068928226 0.0133023735434 0.0137111092563 0.0292683647042 0.0226215332161 0.0115321321311 0.0299295207184 0.0350336623291 0.0254080536565 0.0129278735101 0.0234101808736 
0.00746917529602 0.00262030754875 0.0184159488987 0.0182327947482 0.00226938331789 0.0139168995298 0.00662558388942 0.00762163508869 0.12545831834 0.0242929781849 0.0362453374366 0.0143685145756 0.0261871982812 -0.0212152454414 0.0332396737084 0.0253169740586 -0.0058404730326 0.0183500475558 0.149408982275 0.0488305005252 0.0313263009794 0.0121307631887 0.0155285610853 0.0304095492805 0.0191266822127 0.0233865388971 0.0579323587834 0.00987819139608 0.0127068928226 0.598769575512 -0.00806047219527 -0.00163015706142 0.0098410255526 -0.000482830186379 0.00686097035991 -0.00250919087856 0.0185759342779 0.0281722295217 0.0104641391706 0.0114594354539 
0.00581163499676 0.0249455509433 0.00287896778347 0.0228924754338 0.00751110753958 0.00335990392063 0.0146643391657 0.0207989386527 0.0196959065404 0.00590706534328 0.031230937971 0.0247517463882 0.00488588021721 0.011342003494 0.00836298543029 0.00877691356376 0.0117203987016 0.0157784580894 -0.0049213773389 0.03229037712 0.0156191158748 0.0269007607031 0.010257327171 0.0225351322739 -0.000803859101961 0.0277454848719 0.00983634512143 -0.00184164088768 0.0133023735434 -0.00806047219527 0.229105655284 0.0175351662568 0.0177299773196 0.020258630491 0.00708671092128 0.0168043311227 0.0310852215465 0.0235464186195 0.0221579272383 0.012720775189 
0.0215895986897 0.0166001440326 0.00154526303304 0.017385653417 0.00122546339453 0.0137127618738 -0.00163066820532 0.0130438172286 0.0189048548027 0.00337665289404 0.0164193767196 0.0079840546473 -0.00799651950562 0.0237990107814 0.0107964805866 0.00391471320694 0.00323626383574 0.0146310654023 -0.00622626559531 0.00754711370675 0.0135073325568 0.0178959915419 0.0305102996665 -0.00213741042909 0.00177952989699 0.00853271593275 0.00231718391584 0.0198724685904 0.0137111092563 -0.00163015706142 0.0175351662568 0.218468940598 0.0028618540509 0.00147706400773 0.0112836615369 0.00528103252641 0.012621016692 0.00700934347026 0.0190089703829 0.0112231356164 
0.00944202340653 0.0363418730754 0.0152404887824 0.00918343930678 0.01372229547 -0.00560622403224 0.0146822839474 0.0190923116124 0.00727584417013 0.0048851238959 0.0280877180925 0.00196035852685 0.0324777787006 0.00251957298907 0.00324515328554 0.00498278389182 0.0173013641395 0.0429115058263 0.00540599133561 0.0689037061141 0.0341882885971 0.00609427023966 0.00724962012715 0.0252664030321 0.054291237685 0.0287014742948 0.107114197886 0.0303078990218 0.0292683647042 0.0098410255526 0.0177299773196 0.0028618540509 0.310175874142 0.0209510895998 -0.000611301614259 0.0148749564167 0.0271156447496 0.0470003868025 0.00489500223542 0.0219284513704 
0.0136141246802 0.0288876272313 0.00163213907071 0.0387963330485 0.0212688912593 0.00507953823061 0.0068845631603 0.016027932218 -0.00262193881352 0.0207582402421 0.0165818832788 0.016553827502 -0.00255980332268 0.00113384155626 0.026163744561 0.021884640567 -0.00105651223525 0.0400878835197 0.00702022746451 0.0173462418349 0.0249109199395 0.0284374374105 0.0286576969178 0.0145450881123 -0.00174664125643 0.0184894152893 0.022449790071 0.00957623391119 0.0226215332161 -0.000482830186379 0.020258630491 0.00147706400773 0.0209510895998 0.205737094111 0.00651098435553 0.0154666996319 0.0287497713871 0.00948823367552 0.0117811700619 0.0150107999079 
0.000857101707264 0.00919766945367 0.0136398291503 0.0111291415618 0.000651270319747 0.0116938663306 -0.00100397048735 0.00336816984947 0.00354308000331 0.00256158505554 0.00994651638415 0.0192096067123 0.00755385706276 0.00636863700255 -0.000424393372553 0.00848137130719 0.0107905611449 0.00559184519198 0.0121457036848 0.00145262764728 0.00772471055926 0.0142351387478 0.00937791501136 -0.00654255050286 -0.0122091804776 0.00545240664125 0.00974787290659 0.014829852946 0.0115321321311 0.00686097035991 0.00708671092128 0.0112836615369 -0.000611301614259 0.00651098435553 0.164518510936 0.000970236467538 0.00713707457312 0.00863650302705 0.0111029036681 0.0153593504118 
0.0183849001189 0.0229970272859 0.00569243554962 0.0200334747331 0.0141888242368 0.00506205028614 0.00119947112551 0.0218699138633 0.0128661590671 0.0139348076515 0.0230821410629 1.47501101502e-05 0.0101124387981 0.00620379734038 0.0136841928728 0.0187108813854 0.00900779303911 0.015878585205 0.0151144509001 0.0149060248296 0.0203831122591 0.0236377572836 0.00943742828833 0.000262388578795 0.00835638858536 0.012578164448 0.0248002177065 0.00561377802926 0.0299295207185 -0.00250919087856 0.0168043311227 0.00528103252641 0.0148749564167 0.0154666996319 0.000970236467538 0.183087144634 0.00990491449746 0.015583757468 0.0123265350474 0.0193842145632 
0.0352550854427 0.0122164818638 0.0227155073366 0.0283349924641 0.0538687394277 -0.0053698051483 0.000123055879233 0.0226921141577 0.0331461287903 0.00219836403958 0.0238300322551 0.0109540373289 0.0347214772612 0.0287144981066 0.00265695105012 0.0103600031545 0.0143631189186 0.0256588219043 0.0237919836274 0.0539869978633 0.0286672159676 0.02855250301 0.034386641006 0.0232905307109 0.0676411542917 0.0146075790185 0.0492202338432 0.0233294479147 0.0350336623291 0.0185759342779 0.0310852215465 0.012621016692 0.0271156447496 0.0287497713871 0.00713707457312 0.00990491449746 0.330831292012 0.0341715228406 0.0141153853245 0.0136878221065 
0.0144011081409 0.0252981725334 -0.00417205158676 0.0270770509898 0.0363103661545 0.00256596139918 -0.000960723777754 0.0220485758183 0.0136100498541 0.0150240942231 0.0274948430518 0.0170570440955 0.0086401551163 0.0342928669996 0.00857552146044 0.00734994377706 0.00114353595256 0.0420128580972 0.00270921194724 0.0245239442752 0.0492013155099 0.00900332506754 0.0153079207522 0.022183515845 -0.0125493483158 0.0314924244422 0.033738193227 0.00395628217447 0.0254080536565 0.0281722295217 0.0235464186195 0.00700934347026 0.0470003868025 0.00948823367552 0.00863650302705 0.015583757468 0.0341715228406 0.482020339856 0.0260514739468 0.0302827012629 
0.0225276959268 0.00884227804005 0.0167197611764 0.0226394259767 0.0238985729933 0.00531259898998 0.0158061166446 0.00752734361853 0.012652119309 0.0218395215731 0.0199390801444 0.0105756147547 -0.00294075854209 0.0136591067402 0.016313037259 0.00864436423261 0.0130076595261 -0.0117303883079 0.0158376151025 0.0145437166518 0.0179229622514 0.0172719889555 0.0156846135568 -0.0239965928218 -0.00431496913913 0.00535094471091 0.0202147358721 0.0143990439572 0.0129278735101 0.0104641391706 0.0221579272383 0.0190089703829 0.00489500223542 0.0117811700619 0.0111029036681 0.0123265350474 0.0141153853245 0.0260514739468 0.265778711585 0.00868278891644 
0.013370499136 0.00477692858204 -0.00440120194123 0.0210031370756 0.0137065079023 0.0208783651733 -0.00812558386955 0.0056637286872 0.014144049693 0.00153599923511 0.0126273714667 0.0149659731786 0.0157758288712 0.000986385342854 0.00674858004812 0.00739816739297 0.00565533982525 0.0155337861741 0.0215032780351 0.0350866292135 0.0222274132014 0.0166619733663 0.0185899929659 0.0293160792013 -0.0089758749074 0.014062704287 0.0166559665118 0.0100283189739 0.0234101808736 0.0114594354539 0.012720775189 0.0112231356164 0.0219284513704 0.0150107999079 0.0153593504118 0.0193842145632 0.0136878221065 0.0302827012629 0.00868278891644 0.209332362384 

['CCL', 'FNM', 'SYY', 'WM', 'FDO', 'KSE', 'GT', 'CTAS', 'APA', 'PCG', 'IP', 'HNZ', 'THC', 'DG', 'D', 'SO', 'LH', 'ERTS', 'DVN', 'TXN', 'BSC', 'WAG', 'SGP', 'AV', 'SBL', 'AVY', 'TER', 'NWL', 'HD', 'VLO', 'ALL', 'CLX', 'AMAT', 'ASO', 'GIS', 'NOC', 'JCP', 'EK', 'ACV', 'IFF']