20
0.0785675118811 0.0995242847704 0.0276848810082 0.0449680709256 0.0635798530397 0.0254158643172 0.026407260569 0.0426672552596 0.0910259677787 0.478952808182 0.079223051944 0.0335346879574 0.0144645316835 0.0682562642732 0.192324736986 0.149246593495 0.114457978761 0.0113752176021 0.0361599942098 0.0253425298527 
0.544024328521 0.0151836333293 0.00770857426126 0.0192740004597 0.0387641379338 0.0199489570244 0.000700933079252 0.0199223873677 0.034533044211 0.0168382614279 0.0331771454721 0.0092389389795 0.0280331714005 0.0182343604541 0.0120612142802 -0.000173409901322 -0.00319139220107 0.0233287848333 0.0186958179699 0.0235644543257 
0.0151836333293 0.400112145053 0.0192832096886 0.0185595750905 -0.000859590536182 0.0088255158317 0.00904862660507 0.0259132890506 0.00827099048778 0.0798655007433 0.0411416151493 0.00339082739138 0.00297423750228 0.0313032275031 0.0772625677535 0.16420627652 0.13396273679 0.0112910714769 0.0438008215361 0.00186099250712 
0.00770857426126 0.0192832096886 0.263579141926 0.0183699861919 0.0371076018808 0.0254937990621 0.0391376831367 0.0441642407543 0.0340066070575 -0.00395210748298 0.0205214001831 0.00524736442694 0.0139072908481 0.0223414821003 0.0428161537031 -0.000820254985981 0.00367185945637 0.0117316871008 0.0261187543497 0.0211476760034 
0.0192740004597 0.0185595750905 0.0183699861919 0.203205847279 0.0304894526723 0.0118953873612 0.0256976076943 0.0221428129525 0.0150541338011 -0.0032601320353 0.0151860645514 0.0226521233558 0.0119266511757 0.0118034276966 0.0310299684674 0.0222094463549 0.00748852106464 0.0261092126902 0.0263114728546 0.00937631202627 
0.0387641379338 -0.000859590536177 0.0371076018808 0.0304894526723 0.471738931766 0.00760878992064 0.0420496121073 0.0415521968567 0.00376609160359 -0.00857767288323 0.00492553675229 0.00467504916152 0.0380333743702 0.036411355638 0.0412537573792 -0.00504915339079 0.00954515941416 0.0133771448138 0.00372673233163 0.0332423678434 
0.0199489570244 0.0088255158317 0.0254937990621 0.0118953873612 0.00760878992064 0.300354778716 0.0255145994826 0.0189160879809 0.0365933418896 0.00432108969855 0.0424926756226 0.0164620042039 0.0193227869105 0.0326639846406 0.0238766260347 0.032873921567 0.0218949083343 0.0197280998714 0.0102735607197 0.025115896488 
0.000700933079252 0.00904862660507 0.0391376831367 0.0256976076943 0.0420496121073 0.0255145994826 0.217870915348 0.0340960860093 0.021283702977 0.00190925610031 0.0177229545002 0.0217758018103 0.014579748876 0.0267222516895 0.0489064931022 0.0066559798468 0.00463094556146 0.0229996476515 0.0331366492068 0.020414252013 
0.0199223873677 0.0259132890506 0.0441642407543 0.0221428129525 0.0415521968567 0.018916087981 0.0340960860093 0.214705399168 0.00847191557093 -0.00662907016195 0.030571478571 0.0163360260666 0.0130172930458 0.013756778998 0.0515121631281 0.0300215870821 0.00768769252854 0.0246831653521 0.0301050374403 0.0200549280885 
0.034533044211 0.00827099048778 0.0340066070575 0.0150541338011 0.00376609160363 0.0365933418895 0.021283702977 0.00847191557093 0.448633816637 -0.00434087926744 0.0159033634515 0.00600057524771 0.0133942659499 0.0165837426568 0.0250790700546 0.0195859760976 0.0176332024081 0.0291493708788 0.00313222529026 0.0189099459352 
0.0168382614279 0.0798655007433 -0.00395210748298 -0.0032601320353 -0.00857767288323 0.00432108969855 0.00190925610031 -0.00662907016195 -0.00434087926744 5.23751131346 0.00354684154925 0.0130224183432 0.0208589836578 0.0161058285723 -0.00412483431365 0.01760009572 0.00662652811431 0.0450606564066 -0.0291416256667 0.00865104228702 
0.0331771454721 0.0411416151493 0.0205214001832 0.0151860645514 0.00492553675227 0.0424926756226 0.0177229545002 0.030571478571 0.0159033634516 0.00354684154925 0.398532596691 0.0260229099273 0.0124154622385 0.0465098358357 0.0303331793755 0.021375530636 0.00194802066192 0.0296526220393 0.0205949189246 0.0132294613136 
0.0092389389795 0.00339082739137 0.00524736442694 0.0226521233558 0.00467504916152 0.0164620042038 0.0217758018103 0.0163360260666 0.00600057524771 0.0130224183432 0.0260229099273 0.243406361206 0.00973502677305 0.0146005476906 0.0295703941603 0.00903180925737 0.00769463487742 0.0156754144074 0.0291722408585 0.0106089887795 
0.0280331714005 0.00297423750229 0.0139072908481 0.0119266511757 0.0380333743702 0.0193227869105 0.014579748876 0.0130172930458 0.0133942659499 0.0208589836578 0.0124154622385 0.00973502677305 0.29034970313 0.0322945948905 0.0120984274232 -0.000903741846585 0.00559188233542 0.0120504486411 0.0177373463758 0.0108410254444 
0.0182343604541 0.0313032275031 0.0223414821003 0.0118034276966 0.036411355638 0.0326639846406 0.0267222516895 0.013756778998 0.0165837426568 0.0161058285723 0.0465098358357 0.0146005476906 0.0322945948905 0.386019195364 0.0746142831997 0.0287196281354 0.00795512875612 0.0141620318134 0.00889425721191 0.0179678142229 
0.0120612142803 0.0772625677535 0.0428161537031 0.0310299684674 0.0412537573792 0.0238766260347 0.0489064931022 0.0515121631281 0.0250790700546 -0.00412483431365 0.0303331793755 0.0295703941603 0.0120984274232 0.0746142831997 0.67791141775 0.132999193319 0.109761231709 0.0278695121579 0.0349101952634 0.0261097469393 
-0.000173409901318 0.16420627652 -0.000820254985975 0.0222094463549 -0.00504915339079 0.032873921567 0.0066559798468 0.0300215870821 0.0195859760976 0.01760009572 0.021375530636 0.00903180925738 -0.00090374184658 0.0287196281354 0.132999193319 0.532373995561 0.198758026206 0.00924197349573 0.0528303331841 0.0214350342754 
-0.00319139220107 0.13396273679 0.00367185945636 0.00748852106464 0.00954515941416 0.0218949083343 0.00463094556146 0.00768769252854 0.0176332024081 0.00662652811431 0.00194802066192 0.0076946348774 0.00559188233543 0.00795512875612 0.109761231709 0.198758026206 0.38171547503 -0.00784999646035 0.0294549138415 -0.000190885825674 
0.0233287848333 0.0112910714769 0.0117316871007 0.0261092126902 0.0133771448138 0.0197280998714 0.0229996476515 0.0246831653521 0.0291493708788 0.0450606564066 0.0296526220393 0.0156754144074 0.0120504486411 0.0141620318134 0.0278695121579 0.00924197349573 -0.00784999646037 0.229079376613 0.0320544895258 0.0210051462457 
0.0186958179699 0.0438008215361 0.0261187543497 0.0263114728546 0.00372673233162 0.0102735607197 0.0331366492068 0.0301050374403 0.00313222529026 -0.0291416256667 0.0205949189246 0.0291722408585 0.0177373463758 0.00889425721191 0.0349101952634 0.0528303331841 0.0294549138415 0.0320544895258 0.239559046131 0.015304429976 
0.0235644543257 0.00186099250712 0.0211476760034 0.00937631202627 0.0332423678434 0.025115896488 0.020414252013 0.0200549280885 0.0189099459352 0.00865104228702 0.0132294613136 0.0106089887795 0.0108410254444 0.0179678142229 0.0261097469393 0.0214350342754 -0.000190885825677 0.0210051462457 0.015304429976 0.202884305936 

['F', 'WMB', 'COF', 'LMT', 'FNM', 'CCL', 'NCC', 'VNO', 'AW', 'SBL', 'INTU', 'BAX', 'IPG', 'FDX', 'FCX', 'EOG', 'XTO', 'FO', 'PPL', 'LLY']