30
0.0711634289065 0.026407260569 0.025657065471 0.158041803894 0.128413882411 0.0434942638749 0.0256345374975 0.119859861498 0.022369934908 0.080285366307 0.041097516798 0.0782010317916 0.0594494044175 0.0191748751409 0.0275926739743 0.110625092132 0.0395572708053 0.0486003975036 0.0375994121509 0.0793031051092 0.0267965440056 0.0135350028622 0.0298565853869 0.0380825412642 0.126305303483 0.0341115490789 0.0909027791802 0.0459594094694 0.005148759701 0.0289058353667 
0.635306131294 0.00124693549439 0.00386594628997 0.0508892607153 0.045195090185 0.0146457083152 0.0168685107075 0.0276739157277 0.0157953789223 0.00727544850172 0.00632870372879 -0.000316683780199 0.00217296046783 0.00900389637739 0.00890001625014 0.0207762185579 0.0352637543731 0.0144391548049 -0.00241481990707 0.0565862454063 0.00323670360737 0.0222776347411 0.0031747589228 0.0246874982503 0.00936252140875 0.00904321469454 -0.00736703760852 0.00745108719686 0.0149392213891 0.0208278231539 
0.00124693549439 0.204095616725 0.0535678447267 0.0258184120642 0.00939376390076 0.034562625845 0.0167213165957 0.0115671978921 0.0260913366711 0.0257471996468 0.0205211843134 0.0191871383135 0.048107482847 0.0226821755185 0.0182221796662 0.0136585105014 0.0207922388605 0.0177807019207 0.0216753454506 0.0283257847218 0.0490994242471 0.0130273411204 0.0425355043211 0.0141635388959 -0.00241715349173 0.0136626272551 0.00603229525387 0.0220235380354 0.00448396350922 0.0168105227003 
0.00386594628997 0.0535678447267 0.17802946666 0.0170407030872 0.00991935788086 0.0252548366716 0.0153576065482 0.0414891307628 0.0125607110963 0.0223726234646 0.0377197950606 0.0140088138541 0.0607199038784 0.0255279298303 0.0115087993233 0.0177889750157 0.0217477198797 0.00697109210201 0.0209206826902 0.0261230519626 0.0438941556214 0.0243292720582 0.0378041105136 0.0143781659809 0.00463399618426 0.0143850594781 0.0172385169715 0.025879110168 0.0122352469042 0.0301402150438 
0.0508892607153 0.0258184120642 0.0170407030872 1.03162102602 0.0120041486 0.0366279594193 0.052619358994 0.0339425219958 0.0101147919307 0.0249832178436 0.00300798901643 0.0284776186697 0.0451038613532 0.00235928407178 0.0018537494445 0.0277487341137 0.00167413319551 0.0192298471045 -0.00675594509946 0.0520471085207 0.0265410851309 0.0177131761069 0.0259427253966 0.0189518070971 -0.00170104323221 0.00296885269704 0.00332595022963 0.0149506961095 0.0225787815836 0.0105033574002 
0.045195090185 0.00939376390076 0.00991935788086 0.0120041486 0.473830329238 0.0383328741435 0.0126789179081 0.0354202664974 0.0235530393308 0.0399731018022 0.0472864596563 0.0316596250057 0.0182523894519 0.0102403762697 0.0115893636644 0.00757093201151 0.00736892637404 0.0195716757155 0.0173764029692 0.0121837316848 0.0178202930424 0.0289191175951 0.00477914368812 0.0172833178783 0.197333085113 0.0144415110604 0.0301089800311 0.0386091759111 -0.00942469253232 0.0253568362509 
0.0146457083152 0.034562625845 0.0252548366716 0.0366279594193 0.0383328741435 0.312345142614 0.0311658291672 0.0402360469658 0.053752544922 0.0443984461449 0.0240233712502 0.0260014534534 0.0533342984257 0.0220070635679 0.00648913470195 0.0476319918141 0.00767650877671 0.0088564711116 0.0219916957017 0.044169260488 0.0162978522964 0.0297626445724 0.0207770208756 0.0286361799669 0.0443293622361 0.0271588432887 0.00300183154091 0.0294287460681 -0.000623709846712 0.0139797818658 
0.0168685107075 0.0167213165957 0.0153576065482 0.052619358994 0.0126789179081 0.0311658291672 0.174856147182 0.00124270647195 0.00112631226792 0.0199345433565 0.0167515631052 0.00884533829576 0.0133762286422 0.00874022053394 0.0200501226939 0.00899211996169 0.00353491612156 0.00899573580398 0.0295032372906 0.00234286108622 0.0141860232184 0.0108912570443 0.0201586219296 0.0106761129833 -0.00193072931798 0.0189525990514 0.0107877627216 0.0191611360125 0.019097962524 0.0137927345005 
0.0276739157277 0.0115671978921 0.0414891307628 0.0339425219958 0.0354202664974 0.0402360469658 0.00124270647195 0.529406610992 0.0377777259462 0.049137454164 0.00262435145865 0.0477306033287 0.0213389529847 0.00574438398233 0.0176285734476 0.0470449177737 0.00763776250814 0.0438222571641 0.00722237207177 -0.000440469402826 0.00766044942862 0.0179286146856 0.0180508906452 0.0309028550002 0.050632477137 0.0168069306301 0.0378836087739 0.0284069486051 0.00477758460269 0.0275616844621 
0.0157953789223 0.0260913366711 0.0125607110963 0.0101147919307 0.0235530393308 0.053752544922 0.00112631226791 0.0377777259462 0.210837175922 0.0261758372611 0.0121902199541 0.0218118023404 0.0206548351195 0.0224331653492 5.32505198875e-05 0.0329931637743 0.0108536415613 0.0167430359131 0.00561500100605 0.0243507375137 0.0145486188007 0.0257346057717 0.0200948231967 0.0123422321269 0.0089544318856 0.0101997026699 0.00883976860734 0.023050535065 0.00585603919789 0.0241765801065 
0.00727544850172 0.0257471996468 0.0223726234646 0.0249832178436 0.0399731018022 0.0443984461449 0.0199345433565 0.049137454164 0.0261758372611 0.43762917641 0.00822740515157 0.0277229193265 0.027925184586 0.017212566112 -0.00556303937108 0.0202619041169 0.0221271475898 0.0235069627071 0.0278110984351 0.0231060353698 0.0167858629849 0.0119514279689 0.00727187897179 0.036382746824 0.0285479097261 0.0158429591332 0.00898973614656 0.0286866605294 0.0178710751342 0.0331360483954 
0.00632870372879 0.0205211843134 0.0377197950606 0.00300798901643 0.0472864596563 0.0240233712502 0.0167515631052 0.00262435145865 0.0121902199541 0.00822740515157 0.251235504793 0.0233206662986 0.0422603019346 0.0372246531991 -0.00418249671427 0.0380659615719 0.00620876023636 0.0184292269476 0.005781864085 0.00568016809744 0.0300043354344 0.0264033870616 0.0287113051381 0.0210138560736 0.0312711304322 0.00246600943265 0.0139944622206 0.0064555490131 0.00961521757256 0.0428617690466 
-0.000316683780198 0.0191871383135 0.0140088138541 0.0284776186697 0.0316596250057 0.0260014534534 0.00884533829576 0.0477306033287 0.0218118023404 0.0277229193265 0.0233206662986 0.391496579042 0.0401986764605 0.00563667387607 0.00665028416123 0.0458926355116 0.00934891419492 0.00572337667009 0.0140250282913 0.0341393425403 0.00727563500146 0.0112000606612 0.00822876820431 0.0366153077051 0.0205606849608 0.0165678681791 0.0370114464612 0.0485787716967 0.00279097908225 0.0315780393814 
0.00217296046783 0.048107482847 0.0607199038784 0.0451038613532 0.0182523894519 0.0533342984257 0.0133762286422 0.0213389529847 0.0206548351195 0.027925184586 0.0422603019346 0.0401986764605 0.289409862265 0.0317945123921 8.48510115985e-05 0.0406323311183 0.0158576065782 0.0139929740641 0.0165877037532 0.0582807191129 0.045766690249 0.0291538793048 0.0374093711093 0.0161200681745 0.023263910605 0.0230140217084 0.0244382643962 0.0324173975769 0.013983930622 0.0394525320624 
0.00900389637739 0.0226821755185 0.0255279298303 0.00235928407178 0.0102403762697 0.0220070635679 0.00874022053394 0.00574438398233 0.0224331653492 0.017212566112 0.0372246531991 0.00563667387607 0.0317945123921 0.179730000884 0.00374439034441 0.033652201462 0.0162173989514 0.00968749591633 0.0212386512867 0.0268630992067 0.0238006815091 0.022355360615 0.0329049875539 0.0225023528635 0.0112008544782 0.00733893369709 0.0115780333364 0.0298791675593 0.0102788528372 0.0291401192086 
0.00890001625014 0.0182221796662 0.0115087993233 0.0018537494445 0.0115893636644 0.00648913470195 0.0200501226939 0.0176285734476 5.32505198874e-05 -0.00556303937108 -0.00418249671427 0.00665028416123 8.48510115984e-05 0.00374439034441 0.370782307917 0.0100023617582 0.00404460522375 -0.0198153319084 0.014979667701 0.00584617323862 0.0158081743853 0.00951324836622 0.00938122270486 0.00302218536769 0.00165246428294 0.00575291865892 0.0077563313603 0.0266801921167 -0.00441495787684 0.00856550310524 
0.0207762185579 0.0136585105014 0.0177889750157 0.0277487341137 0.00757093201151 0.0476319918141 0.00899211996169 0.0470449177737 0.0329931637743 0.0202619041169 0.0380659615719 0.0458926355116 0.0406323311183 0.033652201462 0.0100023617582 0.581696094333 0.0107879527033 0.0196027209045 0.00753154992984 0.045159348289 0.0183452453665 0.0129425381237 0.0159693671363 0.0236409404894 0.03701634011 0.0130110165505 0.0095094097705 0.0416832115036 0.0264139985748 0.0240859637007 
0.0352637543731 0.0207922388605 0.0217477198797 0.00167413319551 0.00736892637404 0.00767650877671 0.00353491612156 0.00763776250814 0.0108536415612 0.0221271475898 0.00620876023636 0.00934891419492 0.0158576065782 0.0162173989514 0.00404460522375 0.0107879527033 0.180519965068 0.0137008160051 0.0120939589849 0.00337892943282 0.0101951452723 0.0098986655557 0.0117796130771 0.0177675707395 -0.00549060783029 -0.0027986883539 0.0133056245508 0.00478909696147 0.0250997827091 0.0115506808907 
0.0144391548049 0.0177807019207 0.00697109210201 0.0192298471045 0.0195716757155 0.0088564711116 0.00899573580398 0.0438222571641 0.0167430359131 0.0235069627071 0.0184292269476 0.00572337667009 0.0139929740641 0.00968749591633 -0.0198153319084 0.0196027209045 0.0137008160051 0.400504285162 0.0341113589371 0.0175789932379 0.0112596833554 0.0327684649706 0.00714918273118 0.0135783984188 -0.0107391662722 0.0215820171103 0.0241756990094 0.014378425793 0.0096643153681 0.021477394845 
-0.00241481990707 0.0216753454506 0.0209206826902 -0.00675594509946 0.0173764029692 0.0219916957017 0.0295032372906 0.00722237207177 0.00561500100605 0.0278110984351 0.005781864085 0.0140250282913 0.0165877037532 0.0212386512867 0.014979667701 0.00753154992984 0.0120939589849 0.0341113589371 0.269254268765 0.0121804872409 0.00906108268777 0.00828165227379 0.00909047563948 0.0163106630269 0.00492312971076 -0.000367917455299 0.00556331996962 0.0167672010113 0.0196931048527 0.0104471083265 
0.0565862454063 0.0283257847218 0.0261230519626 0.0520471085207 0.0121837316848 0.044169260488 0.00234286108622 -0.000440469402826 0.0243507375137 0.0231060353698 0.00568016809744 0.0341393425403 0.0582807191129 0.0268630992067 0.00584617323862 0.045159348289 0.00337892943282 0.0175789932379 0.0121804872409 0.403495937504 0.0328720153403 0.0193895575267 0.0330294303512 0.0190640699149 0.00194405987262 0.00873939231887 5.1584135066e-05 0.0350605855235 0.012347099166 0.0380276016233 
0.00323670360737 0.0490994242471 0.0438941556214 0.0265410851309 0.0178202930424 0.0162978522964 0.0141860232184 0.00766044942862 0.0145486188007 0.0167858629849 0.0300043354344 0.00727563500146 0.045766690249 0.0238006815091 0.0158081743853 0.0183452453665 0.0101951452723 0.0112596833554 0.00906108268777 0.0328720153403 0.17033435875 0.0163011958095 0.0411595704878 0.0114963374974 0.00514575111288 0.0119640244218 0.0123754469179 0.0252959723752 -0.000148085512002 0.017536071456 
0.0222776347411 0.0130273411204 0.0243292720582 0.0177131761069 0.0289191175951 0.0297626445723 0.0108912570443 0.0179286146856 0.0257346057717 0.0119514279689 0.0264033870616 0.0112000606612 0.0291538793048 0.022355360615 0.00951324836622 0.0129425381237 0.0098986655557 0.0327684649706 0.00828165227379 0.0193895575267 0.0163011958095 0.198908891762 0.0167599517032 0.0116372748372 0.0149648650318 0.01540647085 0.0134731164234 0.0316111400666 0.011670684618 0.036944693608 
0.0031747589228 0.0425355043211 0.0378041105136 0.0259427253966 0.00477914368812 0.0207770208756 0.0201586219296 0.0180508906452 0.0200948231967 0.00727187897179 0.0287113051381 0.00822876820431 0.0374093711093 0.0329049875539 0.00938122270486 0.0159693671363 0.0117796130771 0.00714918273118 0.00909047563948 0.0330294303512 0.0411595704878 0.0167599517032 0.14028954655 0.00702959156909 0.019918422995 0.0044337758252 0.00745459506854 0.0292589440084 0.0122082504322 0.0227078961714 
0.0246874982503 0.0141635388959 0.0143781659809 0.0189518070971 0.0172833178783 0.0286361799669 0.0106761129833 0.0309028550002 0.0123422321269 0.036382746824 0.0210138560736 0.0366153077051 0.0161200681745 0.0225023528635 0.00302218536769 0.0236409404894 0.0177675707395 0.0135783984188 0.0163106630269 0.0190640699149 0.0114963374974 0.0116372748372 0.00702959156909 0.253253917286 0.0154493837649 0.00640658667561 -0.00181019906095 0.0127775837638 0.00802964140032 0.0276745438706 
0.00936252140875 -0.00241715349173 0.00463399618426 -0.00170104323221 0.197333085113 0.0443293622361 -0.00193072931798 0.050632477137 0.0089544318856 0.0285479097261 0.0312711304322 0.0205606849608 0.023263910605 0.0112008544782 0.00165246428294 0.03701634011 -0.00549060783029 -0.0107391662722 0.00492312971076 0.00194405987262 0.00514575111288 0.0149648650318 0.019918422995 0.0154493837649 0.456152516107 0.00428614149936 0.0403331500463 0.000190187856832 0.0128311518547 0.0285564858892 
0.00904321469454 0.0136626272551 0.0143850594781 0.00296885269704 0.0144415110604 0.0271588432887 0.0189525990514 0.0168069306301 0.0101997026699 0.0158429591332 0.00246600943265 0.0165678681791 0.0230140217084 0.00733893369709 0.00575291865892 0.0130110165505 -0.0027986883539 0.0215820171103 -0.000367917455299 0.00873939231887 0.0119640244218 0.01540647085 0.0044337758252 0.00640658667561 0.00428614149936 0.230776404756 0.0120498307638 0.0296156450313 0.00877380917473 0.000310223753019 
-0.00736703760852 0.00603229525387 0.0172385169715 0.00332595022962 0.0301089800311 0.00300183154091 0.0107877627216 0.0378836087739 0.00883976860734 0.00898973614656 0.0139944622206 0.0370114464612 0.0244382643962 0.0115780333364 0.0077563313603 0.0095094097705 0.0133056245508 0.0241756990094 0.00556331996962 5.15841350659e-05 0.0123754469179 0.0134731164234 0.00745459506854 -0.00181019906095 0.0403331500463 0.0120498307638 0.500937817986 0.00162170255594 0.00501345296065 0.00530134056497 
0.00745108719686 0.0220235380354 0.025879110168 0.0149506961095 0.0386091759111 0.0294287460681 0.0191611360125 0.0284069486051 0.023050535065 0.0286866605294 0.0064555490131 0.0485787716967 0.0324173975769 0.0298791675593 0.0266801921167 0.0416832115036 0.00478909696147 0.014378425793 0.0167672010113 0.0350605855235 0.0252959723752 0.0316111400666 0.0292589440084 0.0127775837638 0.000190187856832 0.0296156450313 0.00162170255594 0.352495694092 0.00697256351384 0.0425519275299 
0.0149392213891 0.00448396350922 0.0122352469042 0.0225787815836 -0.00942469253232 -0.000623709846713 0.019097962524 0.00477758460269 0.00585603919789 0.0178710751342 0.00961521757256 0.00279097908225 0.013983930622 0.0102788528372 -0.00441495787684 0.0264139985748 0.0250997827091 0.0096643153681 0.0196931048527 0.012347099166 -0.000148085512002 0.011670684618 0.0122082504322 0.00802964140032 0.0128311518547 0.00877380917473 0.00501345296065 0.00697256351384 0.235004293817 0.00869093197432 
0.0208278231539 0.0168105227003 0.0301402150438 0.0105033574002 0.0253568362509 0.0139797818658 0.0137927345005 0.0275616844621 0.0241765801065 0.0331360483954 0.0428617690466 0.0315780393814 0.0394525320624 0.0291401192086 0.00856550310524 0.0240859637007 0.0115506808907 0.021477394845 0.0104471083265 0.0380276016233 0.017536071456 0.036944693608 0.0227078961714 0.0276745438706 0.0285564858892 0.000310223753019 0.00530134056497 0.0425519275299 0.00869093197432 0.232790797073 

['ACS', 'NCC', 'BBT', 'ADBE', 'HAL', 'IR', 'PG', 'CTXS', 'PLL', 'HPC', 'PRU', 'MOT', 'STT', 'AFL', 'TRB', 'JNS', 'HCR', 'PAYX', 'ACV', 'LUV', 'KEY', 'CTAS', 'BAC', 'EDS', 'BHI', 'CTL', 'AES', 'MBI', 'WWY', 'STA']