60
0.0991765707177 0.0623322546876 0.0135350028622 0.0442487549982 0.371102806834 0.0220926651793 0.192324736986 0.0285507317948 0.0299059053764 0.0284224966367 0.123612909007 0.197480990077 0.0387981152642 0.22311845274 0.0155341374053 0.0377989606714 0.0623593213805 0.0265193363437 0.0165000515881 0.0447966226616 0.0394797478448 0.0764707668379 0.148169679735 0.0449680709256 0.0766147585819 0.110783759143 0.0995242847704 0.166074759161 0.0726136826411 0.0353360638732 0.0263662592882 0.018453974145 0.050100863095 0.00399952409326 0.0144645316835 0.0330111524363 0.118814959333 0.0414012394119 0.0161403943775 0.0282353637115 0.0511846892664 0.0223320424584 0.0420146984796 0.0210495138202 0.0988670942005 0.116671338284 0.0446705301477 0.0268988212896 0.0525709156995 0.0754225878746 0.0604038345904 0.0318751717172 0.0599327976672 0.13159191543 0.0565518641406 0.0246636786654 0.0535662105727 0.0664901393557 0.0534443631468 0.0693656588129 
0.635465545071 -0.0093528296439 -0.0131825594314 0.0157592927826 0.0426587848504 0.004707488457 -0.0188769603049 0.00122168758506 -0.00667787419453 0.00845021068335 -0.00578141971235 -0.0118365683774 0.0229572036942 0.000594242440574 -0.000533812479251 0.00375008913244 0.0132820206012 0.0395378774284 0.00679003097433 -0.000301146490755 -0.00539900739814 -0.0115041819716 0.00352442986504 0.0190951519595 0.0198482171123 0.00549262843564 0.0163766058273 0.012265591671 0.00148728846991 0.0136211427929 -3.54173532094e-05 -0.0236352633475 -0.00791210784362 -0.0202763555242 0.00164661988277 0.000968204865174 0.0325136527038 -0.00672859725961 0.00276785120503 0.00198537591271 0.0108229367904 0.0111871055079 0.00709384818833 -0.00691187379667 0.0197233731994 -0.026237589292 -0.0001393770988 0.00837058423084 -0.0140369730329 0.0190707567124 -0.0272891122967 0.00134107907939 0.0161637116182 0.016228584205 0.00854844672182 0.00618258037659 2.20056068122e-05 -0.00764904476745 -0.00514457180859 0.0171755009156 
-0.0093528296439 0.529849541005 -0.00169927759964 0.0168815879189 -0.0129748118299 -0.00927378430303 -0.0116210350456 0.0176125482649 0.0111923361353 0.0015007396274 0.0100761349258 0.0279748486847 -0.00303153932257 0.00383809017438 0.0100158438529 0.00984580071701 0.00661096704968 0.0108555419424 0.0101394183282 0.0421380948738 -0.00676862733237 0.00580110261609 0.000431009968839 0.00827407858366 0.0220111137068 0.00668574664701 -0.00651064175896 -0.00209490029665 0.00596487343679 0.0267752630309 0.0230872054147 0.037705704345 0.00583858530234 0.0104569873931 0.0114033663987 0.0102093973757 0.0120282558644 -0.00263057015421 0.00317072333077 0.0040907458115 0.00524372352004 -0.00281032930444 -0.010860696008 3.6809873848e-05 0.00047331165791 0.00570193655872 0.0159328831234 -0.000622605863389 -0.000113124954597 0.0105529908972 -0.00532309013822 -0.00233472892171 0.020220634432 -9.16332083485e-05 -0.00881012296227 0.00682993355372 0.00767964616451 0.00530114663618 0.0368165799369 0.0110553154567 
-0.0131825594314 -0.00169927759963 0.189959526424 0.0122796172459 0.0314040670037 -0.000381280138711 0.00831516717789 0.00403173887359 0.0237776590613 0.00895401342988 0.0131915274121 -0.00330076101651 0.00758177367506 0.0244956049472 0.00607478136396 0.017184898454 0.0124624375259 0.0064151601559 0.0129900504177 0.016531678865 0.00503292197509 0.0323941503103 0.0120637845177 0.0167742647813 0.0198588367254 0.0111104742743 0.0157446439245 0.024351906717 0.0175261702797 0.0188176913802 0.0208273526155 0.0259063333229 0.0198761328053 0.00410725188651 0.0193890279738 0.0325217220535 0.00455622184457 0.0045296556489 0.0105092614816 0.021259601556 0.0106843244167 0.00812078069391 0.0130527467837 0.0125192424164 0.0213885161231 0.02586465033 0.0177266748375 0.0118466004268 0.0234749588237 0.0212409136791 0.00399704360475 0.0138804072819 0.00572877341499 0.0210605428209 0.0180311120833 0.0203336828871 0.00832756212856 0.0106732390424 0.00976156960174 0.0128315745578 
0.0157592927826 0.0168815879189 0.0122796172459 0.263429522229 0.0157223463949 0.00991889043922 0.00647677790059 0.000477291400785 0.0124224433705 0.00775897041027 0.0275754162139 0.00833313767233 0.0236997343121 0.05857500621 0.00447482924919 0.0189590232452 0.0236820252949 0.00196620176082 0.00893824261297 0.0103604498873 0.0125675980902 0.0100231309654 -0.00238910277254 0.00575284860373 0.0149456148697 0.0340789574672 -0.00188697666523 0.00344448944501 0.0020697231583 0.0164935571688 0.00783507508838 0.0164480326971 0.0115899492845 0.00594087386883 -0.00230684915518 0.0102277198706 0.00931268786797 0.00882132309094 -0.000286790459984 0.0142356266244 0.0169157928232 0.00284114214222 -0.00100738013127 0.0157497151288 0.011080116007 0.00851813372894 0.0448215368996 0.0239237268265 0.0193670369369 0.0315617438637 0.0380918218328 0.0185277502613 0.0044141036032 0.0103147835577 0.0108641984622 0.00738565906285 0.0090063873727 0.00726308678372 0.0204293665437 0.00955109027454 
0.0426587848504 -0.0129748118299 0.0314040670037 0.0157223463949 1.22777062798 0.017556214209 0.108165161595 0.0154822481842 0.0185300323603 0.00624728599408 0.0092009358097 -0.0296804867012 0.0321452022918 0.101982218011 -0.00312791914248 0.0476791407688 0.0264314245673 0.0118542587389 0.0185688550958 0.0211619139061 0.0102992756165 0.0344700908306 0.0665072512488 0.00826638260578 0.0493531977285 0.0562047525605 0.0480375725149 0.0269349372592 0.0291009551996 0.0347639690836 0.0067151007841 -0.0126190047469 0.0453948178251 0.0151490387805 0.0419253802069 0.0178293139346 0.0483850226151 0.00903893690932 0.00917617486755 0.00268001754411 0.0256301102891 0.00694553258272 0.0270827332051 0.0153482066351 0.0984941900176 0.0365173690062 0.0444727612664 0.0129240346734 0.0120628628542 0.0375469714985 0.0181603401919 0.0134215257827 0.0186984586036 0.0836232474087 0.0161875016469 0.0106443317013 0.00981992251726 -0.00813313866075 0.0417774476138 0.0185159662905 
0.004707488457 -0.00927378430303 -0.000381280138711 0.00991889043922 0.017556214209 0.227248343463 0.0269337777417 -0.00566807733826 0.00708513635622 0.0105247530541 0.00368752059593 0.0145277549496 0.00369401255971 0.015010634181 0.000953314555979 -0.00582733425514 0.0106325066965 0.0162325488625 0.0330354781469 0.000758489829931 0.020715026088 0.00617864824796 0.0109199587459 0.0180471994976 -0.00159731344972 0.0177578459 0.0293789961383 0.0032861915307 0.0124348845428 0.0105252351167 0.0132989644968 0.00212443034154 0.00658807308106 0.0193644110814 -6.15354439205e-05 -0.00209908273016 0.00944772435708 0.00619113337992 0.00483742405793 0.0106835572876 0.0150277531316 0.00819805487807 0.0213052529854 0.0220245113744 0.00798835322482 0.0140084017773 0.00042685659286 0.00266705455389 0.00532446327168 -0.00223375602393 0.0160516260791 0.0430394198667 0.0019816617151 0.0175677065806 0.0338607940493 0.0107982906207 0.0211625662549 0.00978436324494 0.0119652280613 0.00502805272522 
-0.0188769603049 -0.0116210350456 0.00831516717789 0.00647677790059 0.108165161595 0.0269337777417 0.618223927639 0.028614817909 0.00307045935699 0.00643362566945 0.00778701951347 0.0485375047223 0.0418096732676 0.0224615725724 0.0182560279488 0.0474467711587 0.0638729593567 0.0229168603554 0.0163292944737 0.0071626130863 0.0435669059105 0.0483093903215 0.0250061951442 0.0210884121485 0.0285102310977 0.110363377775 0.0720780429659 0.153803938908 0.0542380389864 -0.0013514204184 0.0393482237696 0.00201743506733 0.0740230595429 0.000497183506363 -0.00454757617334 -0.000184212236696 0.0425660962631 0.0202431526199 0.0044500463639 0.0207415254015 0.0541135965207 0.0240132374129 0.0439780457052 -0.00511299962313 0.0750929722647 0.054877766666 0.0310524174479 0.00649645445721 0.0333051398856 0.0501636524719 0.0583453616177 0.028767040074 0.0339023437821 0.13959046947 0.025651170722 0.0204200519252 0.0368213220356 0.0312948498661 0.0350646269044 0.00420246390754 
0.00122168758506 0.0176125482649 0.00403173887359 0.000477291400784 0.0154822481842 -0.00566807733826 0.028614817909 0.241276696454 0.00647056191223 0.0116131016903 0.00789733642289 0.0060738994221 0.0122764134377 0.00670830736253 0.00406395260122 0.0119578582055 0.00354046618721 0.00823313460774 0.00145487829303 0.0137179486421 -0.00191474410887 0.0271171062869 0.0241167363401 0.00169679899075 0.00634015554192 0.0173386423702 -0.003781959801 0.0217187243869 0.00792461935872 0.00624808994186 0.0231206913362 -0.00527929319321 -0.00202881901728 0.00570586618935 -0.000297615567677 0.0247615251515 0.0115869969031 0.0154405043798 0.000730532583706 0.0109387683179 0.00614063652984 -0.00207829178784 0.0171057178817 0.0297092154128 0.0148066758217 0.0585003923984 0.00155646541213 0.00789600342922 0.0136852939756 0.0102571114588 0.00423026846153 -0.00323693219287 0.0146235983218 -0.000552065078318 0.00548789764803 -0.00144846402594 0.0239651447456 0.0137495739862 -0.00337997630175 0.0165054168005 
-0.00667787419453 0.0111923361353 0.0237776590613 0.0124224433705 0.0185300323603 0.00708513635622 0.00307045935699 0.00647056191223 0.26078511203 0.0133292305802 -0.0148004741157 0.018379812391 0.0221110054811 5.53140348744e-05 -0.0101914998258 0.0126637830535 0.0077349903714 0.0196292771052 0.0104729485204 0.0409501385694 0.00578933434375 0.0156754962838 0.00712397101017 0.00432619918791 0.0145908457613 0.0208610967979 -0.0106803953189 0.0178095277324 0.0201321785692 0.0138429797543 0.00761295353615 0.00389638379332 0.0084894737392 0.0132914700627 -0.0024124452966 0.00550487655723 -0.00573204965086 0.0128890891945 0.00214638671823 0.0154423331249 0.0081285443554 0.00768381340079 0.0225783094363 0.00829875549439 0.0209054757489 0.0158337219594 0.0111427265551 -0.0111189901473 0.0277538040687 0.0633674715567 0.0214530109817 0.0106160188829 0.0396089103582 0.0165409587209 0.0134058572439 0.0141305243645 0.0187603754442 0.0294408571332 0.0287780816668 0.00855899187932 
0.00845021068335 0.0015007396274 0.00895401342988 0.00775897041027 0.00624728599408 0.0105247530541 0.00643362566945 0.0116131016903 0.0133292305802 0.193824609033 -0.00337830497789 -0.0139955579287 0.00351597617411 -0.000932386023212 -0.00788381204674 0.00596530627418 -0.00308609592179 0.00493073660271 0.0140329773708 0.00564075667143 0.00955871552907 -0.00445302547087 0.00302612891621 0.00727341091762 0.00635201462017 0.01880756348 0.00226146281244 0.00834082416809 0.00260883385959 0.0192854210119 0.00570220330424 0.00535351453092 0.0164021891149 0.0160803720764 0.00629369667676 -0.00168590995622 -0.00340361629434 0.00416311385374 0.00515868032075 0.0139875374001 -0.000792799893342 0.0237847095228 0.0138785305142 -0.00641371145197 0.0180643972772 0.0155705142669 0.00126207440567 0.0101918526797 -0.00535241102398 0.0120938627327 0.00645726317193 0.0180434982644 -0.0127997911394 0.00460346721834 0.00710884669792 0.0106132068595 0.00737041038138 0.016186239806 0.0189888984301 0.00732521734317 
-0.00578141971235 0.0100761349258 0.0131915274121 0.0275754162139 0.0092009358097 0.00368752059593 0.00778701951347 0.00789733642289 -0.0148004741157 -0.00337830497789 1.03769965973 -0.0224644419556 -0.00260690712148 0.0379808092369 -0.00026541691166 0.0169986672823 0.0191611535733 -0.008192575475 0.00543444274181 0.00542781805741 -0.00625760710087 0.0774677497432 0.0172165845773 -0.017166718295 0.022976204034 0.0117788801837 0.00575562436298 0.0165058659142 0.0160320885155 0.0128972565811 0.0111380726044 -0.00987986442321 0.0236952725476 0.00611146493143 -0.00076335270067 -0.00904658153873 0.0186702052608 -0.0056656351853 -0.00701683065567 -0.000101257175423 0.00601452427347 -0.000593223647493 -0.00178889627571 0.00139511396558 0.050029196244 -0.011476015171 0.0144220376007 -0.00058693092753 0.00246580694443 0.00372027223307 0.0333934322824 0.00987430999738 0.00697020324598 0.0698875467105 -0.00429242965056 -0.00834039534755 0.00792966656589 -0.01846277002 -0.00190871224852 -0.000914202761375 
-0.0118365683774 0.0279748486847 -0.00330076101651 0.00833313767233 -0.0296804867012 0.0145277549496 0.0485375047223 0.0060738994221 0.018379812391 -0.0139955579287 -0.0224644419556 0.866903989799 0.0208989858343 0.0733606160883 0.00323459730629 0.0389306402697 0.0031250176081 0.0165394861359 0.00866501267079 0.0321906713016 0.0196191118242 0.0289098900162 0.0137005836444 0.00417958114356 0.0396615119536 0.096877903401 0.0171627772457 -0.00873828648254 0.00145045150737 0.021502976052 0.00794757779473 -0.00320500827048 0.00273548712851 0.00771379680329 -0.0132825065582 0.0249923700674 0.0332360642476 0.0129486057824 0.026256872976 0.0229529157323 0.0148689575855 -0.00817295689175 0.022879879965 0.0257904344279 0.0501761423044 -0.0129299781125 0.0372432592971 0.00601099711987 0.0132193296238 0.00400598482779 0.012333212238 0.00474684214304 0.0167155392252 0.0316884465193 0.0167811259741 0.0345621855258 0.0296461492238 0.0409376700143 -0.00686612579111 0.0319132728295 
0.0229572036942 -0.00303153932257 0.00758177367506 0.0236997343121 0.0321452022918 0.00369401255971 0.0418096732676 0.0122764134377 0.0221110054811 0.00351597617411 -0.00260690712148 0.0208989858343 0.212454407272 0.0384962952104 0.00669900087325 0.029801672474 0.0269146033804 0.0281906946459 0.0140776851383 0.020562573047 0.0186768337669 0.0266464392414 0.013808795725 0.00967967728361 0.0247404450058 0.030135191354 0.0166716530534 0.0458770373378 0.0208859940113 0.0151310265595 0.0238228162526 0.0182299939255 0.0300660539559 0.0140891143038 0.0194164818895 0.00261786215415 0.0146732320281 0.00690716705697 0.00641260682288 0.00796200871773 0.0115154710794 0.00805931286874 0.00796577479619 0.0109787734046 0.0366077297613 0.0203195269968 0.0223813300866 0.032426328085 0.0200650949085 0.0145473138386 0.0195624832054 0.00803355146857 0.00913737171585 0.0262252026094 0.0158338690903 0.00473530222623 0.031971324902 0.0277404741498 0.0216081874616 -0.00246450141093 
0.000594242440574 0.00383809017438 0.0244956049472 0.05857500621 0.101982218011 0.015010634181 0.0224615725724 0.00670830736253 5.53140348749e-05 -0.000932386023212 0.0379808092369 0.0733606160883 0.0384962952104 0.890086529742 0.0191084380315 0.0843414571858 0.0203199139161 0.0103322022191 0.013101907087 0.0201586218419 0.0371284205461 0.0280648335346 0.0677220083974 0.0159629114168 0.0684606459877 0.0746862674065 -0.00318339806216 0.0384722137558 0.017246649583 0.0451167087179 0.0308440587426 0.0120269649264 0.0178153336423 0.00975785836332 0.0183703690644 0.0288710054484 0.0391282795066 0.0258286363863 0.00107659052793 0.0231838441565 0.0333897757587 -0.00307397929012 0.0274568353453 -0.00598857747869 0.0595965908831 0.0587005192516 0.0463890631264 0.0329395086318 0.0291434630752 0.0318804906937 0.0400155356192 -0.00252835835195 -0.001297386023 0.0703165983893 0.0249892788897 0.00322776608617 0.017922225046 0.0102561895323 0.0344195635733 -0.00873765984942 
-0.000533812479251 0.0100158438529 0.00607478136396 0.00447482924919 -0.00312791914248 0.000953314555979 0.0182560279488 0.00406395260122 -0.0101914998258 -0.00788381204674 -0.00026541691166 0.00323459730629 0.00669900087325 0.0191084380315 0.187046309494 0.0144269205087 0.0113212652666 0.00252111449483 0.0112251582011 0.023073991013 0.0164922687615 0.0124063335018 0.0064817228862 0.00662551351818 0.016171587196 0.000748543665945 0.00538227184947 0.012012230217 0.00105019170469 0.0149515477609 0.0121976054132 0.00403723658305 -0.000454520269902 0.0122295279522 0.003349375766 0.00699730645292 0.00760545071894 -0.000437646591328 8.95045966905e-05 0.0235168282434 -0.00963296178697 -0.00221990031383 0.00691717913865 0.00605247868061 0.00167059398604 0.00384810800653 -0.000951959716426 0.0138124434088 0.00466507862979 0.00433625042107 0.0118855657524 -0.000856322288567 0.0176574659713 0.0130832718544 0.00231291438218 0.016711087424 0.00849119553656 0.00611131563018 0.00827414542767 0.00591039546479 
0.00375008913243 0.00984580071701 0.017184898454 0.0189590232452 0.0476791407688 -0.00582733425514 0.0474467711587 0.0119578582055 0.0126637830535 0.00596530627418 0.0169986672823 0.0389306402697 0.029801672474 0.0843414571858 0.0144269205087 0.303611129631 0.0251455312545 0.0118945219785 -0.0045567019248 0.0248531287513 0.00296399627486 0.0348585144693 0.0148796805821 -0.00258713906859 0.067769865456 0.0692361136623 0.0129688096578 0.0406716177789 0.0424085118435 0.0146253011485 0.0143864107137 0.00493088472247 -0.00316932580153 0.0143474129982 0.0120589834791 0.0223053007312 0.0499258933381 0.00011233742239 0.00368830820221 0.0104401888842 0.0455833016061 -0.0034010451826 0.0121549870919 0.0105720098796 0.0945576639616 0.0212138820842 0.0686508798715 0.0141582316296 0.0210429294642 0.0125829931925 0.0348846057969 0.00983566201114 0.03303161835 0.0271061450383 0.0151561202342 -0.000217945292496 0.0251583492158 0.00929930849975 0.0167883299976 0.0214986684842 
0.0132820206012 0.00661096704968 0.0124624375259 0.0236820252949 0.0264314245673 0.0106325066965 0.0638729593567 0.00354046618721 0.0077349903714 -0.00308609592179 0.0191611535733 0.0031250176081 0.0269146033804 0.0203199139161 0.0113212652666 0.0251455312545 0.32663809727 0.0268416402955 0.010556365499 0.018668723707 0.0334940796978 0.0325414175008 0.0258969537666 0.00191782542112 0.0109578528835 0.0369377019017 0.0241545528816 0.0394194011524 0.0667088231191 0.00578736412395 0.0326731245417 0.0104515113002 0.0393609984734 0.00711895780174 0.00869230888871 0.0169731575124 0.0185252328311 0.0169428088727 -0.00678642476266 0.017486002958 0.0381659832569 -0.00502583579099 0.0119461526761 -0.0173545214674 0.0276241193396 0.00494729395031 0.0148545917485 0.00464005225183 0.0276639788089 0.0286758603189 0.0223099291209 0.0135150328952 0.016790196162 0.0310475067483 0.0122965032989 0.00780151353828 0.0200729969848 0.0341715584352 0.0442009961694 0.0241185324564 
0.0395378774284 0.0108555419424 0.0064151601559 0.00196620176082 0.0118542587389 0.0162325488625 0.0229168603554 0.00823313460774 0.0196292771052 0.00493073660271 -0.008192575475 0.0165394861359 0.0281906946459 0.0103322022191 0.00252111449483 0.0118945219785 0.0268416402955 0.203945138085 0.00375986282053 0.0184246201589 0.00853769093797 -0.00331839050475 0.00589313483558 0.00645761294336 0.00779685175756 0.0169663100127 0.00890033413705 0.0194307437316 0.0155259779169 -0.00123092864891 0.0192142252272 -0.0043479987912 0.01707221233 0.00702046882871 0.0165503864371 0.0222534892622 0.0268523750442 0.0121363645057 0.0152908435914 0.0157668345426 0.0139597503267 -0.00204215899005 0.0209339736673 0.00889248534691 0.0144699775393 -0.0064522366277 0.0214765922624 0.00230602704332 0.0177236249382 0.01430185442 -0.0031239564223 0.0121911773101 9.92812026809e-05 0.0142296749654 0.0125939444317 0.00921711284427 0.0178081118117 0.00039244196673 0.00663001949004 0.00622844869678 
0.00679003097433 0.0101394183282 0.0129900504177 0.00893824261297 0.0185688550958 0.0330354781469 0.0163292944737 0.00145487829303 0.0104729485204 0.0140329773708 0.00543444274181 0.00866501267079 0.0140776851383 0.013101907087 0.0112251582011 -0.0045567019248 0.010556365499 0.00375986282053 0.143049818233 -0.000872642283731 0.00483951555738 0.00439843566521 0.0120921690846 0.0121749444847 0.000334770226045 0.012344886376 0.0255247072185 0.00861098856957 0.0133055280784 0.0200326462307 0.0125330933025 0.0110203200292 0.00519123360464 0.0137518809374 0.00394850335533 0.0165408820794 0.00359241028716 0.0106178037864 0.00486286573026 0.026326617323 0.000472149255572 0.00938465519289 0.0200779675595 0.00677155393108 -0.0021680915725 0.00820066608505 -0.00126977877389 0.00341669046567 0.00570049451733 -0.00428506012144 -0.00896722053116 0.0428343715128 0.00641532648099 0.0192550428827 0.0284221711652 0.0116985267711 0.0216425753237 0.0213586446367 -0.00356206286305 -0.00352432390629 
-0.000301146490755 0.0421380948738 0.016531678865 0.0103604498873 0.0211619139061 0.00075848982993 0.0071626130863 0.0137179486421 0.0409501385694 0.00564075667143 0.00542781805741 0.0321906713016 0.020562573047 0.0201586218419 0.023073991013 0.0248531287513 0.018668723707 0.0184246201589 -0.00087264228373 0.255579968217 0.0131854862967 0.0461757869964 0.0299284228511 0.0244524335386 0.032571766222 0.0448805606457 0.0160648723853 0.0288494044243 0.0290869455818 0.0188634919771 0.0308703215966 0.00493032138378 0.0109024110733 0.0246187035729 0.0203362535998 0.0389206013818 0.00827964122896 0.0305371651841 0.00444204222565 0.0178954636459 0.030540746961 0.00817110030205 0.0152714620465 0.00952433813923 0.04412460393 0.0215103298881 0.0206609294555 0.0193595579595 0.0267024314545 0.0401943991606 0.0316122239692 -0.000582151135274 0.0147260219279 0.00163200042569 0.0291410206204 0.0104109801884 0.0290507791398 0.0280583999965 0.0392975131123 0.0188813825187 
-0.00539900739814 -0.00676862733237 0.00503292197509 0.0125675980902 0.0102992756165 0.020715026088 0.0435669059105 -0.00191474410887 0.00578933434375 0.00955871552907 -0.00625760710087 0.0196191118242 0.0186768337669 0.0371284205461 0.0164922687615 0.00296399627486 0.0334940796978 0.00853769093797 0.00483951555738 0.0131854862967 0.321173292391 0.02486461676 0.0131399208851 0.00312845395533 0.0339207555977 0.0228287689926 0.0105954404809 0.0336265140413 0.0273618992045 0.00973541427218 0.0271053900231 0.0118714352821 0.0311070490906 0.0307930505501 0.0175113579712 0.0275913790649 0.0287089692857 0.0140943215083 0.0159003744149 0.0201803784584 0.00609881004783 0.00801590804171 0.0182073173965 0.0131384076424 0.00966475613246 0.0195385760054 0.00627139784891 -0.00873295594801 0.00748913861846 0.0246387591763 0.0129581623483 -0.00128916013356 0.0110491546768 0.0198758289913 0.0205823727232 -0.00187928393579 0.0185820477835 0.0444957204859 0.0219218041002 -0.00516304270888 
-0.0115041819716 0.00580110261609 0.0323941503103 0.0100231309654 0.0344700908306 0.00617864824796 0.0483093903215 0.0271171062869 0.0156754962838 -0.00445302547087 0.0774677497432 0.0289098900162 0.0266464392414 0.0280648335346 0.0124063335018 0.0348585144693 0.0325414175008 -0.00331839050475 0.00439843566521 0.0461757869964 0.02486461676 0.441288997267 0.0159958679598 0.0196278955133 0.0369577810962 0.0362352098417 0.00836806781381 0.0683158363824 0.0206236524025 0.0294504562316 0.0301485409856 -0.00316228473628 0.016049993618 0.00451888393059 0.0184814101383 0.0409886619866 0.02502566696 0.0194130707277 -0.0139150808015 0.0239538217989 0.0140071016023 0.00785105955127 0.00985607461948 0.0124680294556 0.0510290158921 0.0464155936675 0.00232545703991 0.0141710053033 0.0489829137725 0.01773447436 0.0459453601359 0.010699978123 0.0247534812963 0.0292442612591 0.0215687140814 0.0100989449159 0.0169301090321 0.0275376397231 0.0322977956672 0.0549467549607 
0.00352442986504 0.000431009968838 0.0120637845177 -0.00238910277254 0.0665072512488 0.0109199587459 0.0250061951442 0.0241167363401 0.00712397101017 0.00302612891621 0.0172165845773 0.0137005836444 0.013808795725 0.0677220083974 0.0064817228862 0.0148796805821 0.0258969537666 0.00589313483558 0.0120921690846 0.0299284228511 0.0131399208851 0.0159958679598 0.463162441189 0.00383064977337 0.0158693410209 0.0167224402197 0.0228342132013 0.0304299477778 0.0229402657952 0.00346585577919 0.0138946987536 0.00773808290966 -0.0179496698166 0.0184630495078 0.0208261728577 0.0276178270872 0.00157662107252 0.00115942569663 -0.00225346356122 0.00733161502537 0.0189764637035 -0.0123067918946 0.0199938463316 0.0299266691715 0.00991372395633 0.0187547410758 0.0172399048367 0.0190324105986 0.016130729799 0.00265734163277 0.0166598972691 0.0163789634859 0.0294333726559 0.0419278948174 0.01417583492 -0.0012160172019 0.0216447923545 0.0122743562385 0.0138722899174 -0.000314784467418 
0.0190951519595 0.00827407858366 0.0167742647813 0.00575284860373 0.00826638260578 0.0180471994976 0.0210884121485 0.00169679899075 0.00432619918791 0.00727341091762 -0.017166718295 0.00417958114356 0.00967967728361 0.0159629114168 0.00662551351818 -0.00258713906859 0.00191782542112 0.00645761294336 0.0121749444847 0.0244524335386 0.00312845395533 0.0196278955133 0.00383064977337 0.188110302196 0.00376633768656 0.0261117571461 0.0143732404936 0.0242973850282 0.0255560472722 0.0142239681229 0.0179801378035 0.0161077032581 0.00445265615542 0.0124397990054 0.00770112260396 0.0189181838365 0.0142450069127 0.0124763886782 0.0130304382475 0.0140127785073 0.00446610135496 -0.00794035517902 0.0157506686886 0.0159420928966 0.00835992386923 -0.00435640351744 0.0115637119222 0.00442813532077 0.000959613519543 0.0059013554018 0.0252870718857 0.0151064978635 0.0119812173404 0.0131676320092 0.0238507210834 0.0212741897387 0.0126375390225 0.0320224853981 0.034829666322 0.0114255533405 
0.0198482171123 0.0220111137068 0.0198588367254 0.0149456148697 0.0493531977285 -0.00159731344972 0.0285102310977 0.00634015554192 0.0145908457613 0.00635201462017 0.022976204034 0.0396615119536 0.0247404450058 0.0684606459877 0.016171587196 0.067769865456 0.0109578528835 0.00779685175756 0.000334770226045 0.032571766222 0.0339207555977 0.0369577810962 0.0158693410209 0.00376633768656 0.451136996155 0.0109510142226 0.0299715754703 0.0239590894143 0.0306338570203 0.0370794941312 0.0322601588805 0.0166533840012 0.0164779159053 0.0255988872178 0.00709826420561 0.0226419745213 0.0590482845199 0.0037623091347 0.00508608203719 0.0147323823359 0.0227024952911 0.0108215534502 0.0130433109042 0.00662298493882 0.0453788917075 0.0691545477472 0.0588585627511 0.0227267131013 0.0191016291049 0.0280490425006 0.0299010802337 0.00585600247745 0.0101708316565 0.0435392840303 -0.00055536965294 0.0143119362968 0.0101417887081 0.0416480922881 0.0311831442783 0.102906355651 
0.00549262843564 0.00668574664701 0.0111104742743 0.0340789574672 0.0562047525605 0.0177578459 0.110363377775 0.0173386423702 0.0208610967979 0.01880756348 0.0117788801837 0.096877903401 0.030135191354 0.0746862674065 0.000748543665945 0.0692361136623 0.0369377019017 0.0169663100127 0.012344886376 0.0448805606457 0.0228287689926 0.0362352098417 0.0167224402197 0.0261117571461 0.0109510142226 0.442594788288 0.0044154174779 0.0419219671164 0.0470292443293 0.024560424196 0.0268791253103 0.00254004525399 0.0208329179624 -0.00298281706794 0.0164396693813 0.0247901100378 0.0423937361481 -0.00142208270959 0.0118681425059 0.0200061376567 0.0213408011807 0.00914590986676 0.0272382462538 0.0154523430612 0.0965828178533 0.0645497859154 0.0578094545206 0.0206951763892 0.0468479904527 0.0256583625258 0.0714793644794 0.0102721899806 0.0296602140334 0.0425099475643 0.0137957345918 0.024652944043 0.0173751272508 0.0276337598055 0.00537239545599 0.00369458843981 
0.0163766058273 -0.00651064175896 0.0157446439245 -0.00188697666523 0.0480375725149 0.0293789961383 0.0720780429659 -0.003781959801 -0.0106803953189 0.00226146281244 0.00575562436298 0.0171627772457 0.0166716530534 -0.00318339806216 0.00538227184947 0.0129688096578 0.0241545528816 0.00890033413705 0.0255247072185 0.0160648723853 0.0105954404809 0.00836806781381 0.0228342132013 0.0143732404936 0.0299715754703 0.0044154174779 0.427153623891 0.0562639940696 0.027317117855 0.0303097723518 0.0269433194311 0.0124985341463 0.0176460213876 0.00142389786333 -0.00264567055847 0.0180946574549 0.0302394294561 -0.000456282568392 -0.00514385314039 -0.00282498288287 -0.00464048668524 0.0111395853429 0.0278278861679 0.00911182765707 0.025740773446 0.0262800197857 -0.00655252700585 4.03286495972e-05 0.00331850988597 0.0139603201639 0.0264050663547 0.0216133334351 -0.00135205156876 0.121883295854 0.0145281316606 0.000991914732974 0.0193418137581 0.00812386333981 0.0195110511465 0.0351112681257 
0.012265591671 -0.00209490029665 0.024351906717 0.00344448944501 0.0269349372592 0.00328619153069 0.153803938908 0.0217187243869 0.0178095277324 0.00834082416809 0.0165058659142 -0.00873828648254 0.0458770373378 0.0384722137558 0.012012230217 0.0406716177789 0.0394194011524 0.0194307437316 0.00861098856957 0.0288494044243 0.0336265140413 0.0683158363824 0.0304299477778 0.0242973850282 0.0239590894143 0.0419219671164 0.0562639940696 0.479493013605 0.0667871683412 0.0042676817258 0.0454686971754 0.0161550838583 0.0515898418037 0.00352505488465 0.0085642162176 0.0222626584134 0.013889388086 0.0187283259327 0.00871315273384 0.011851896325 0.0326114704295 0.0232776106083 0.025823035757 0.0191847932282 0.0390131207308 0.0767800788258 0.0226684065542 0.012507588941 0.0235332232497 -0.00211701222553 0.0320149490517 0.00109740153411 0.0524063275839 0.0843129258311 0.0236028915467 0.0130431819696 0.0355578676736 0.0283892611916 0.0361196675887 0.0114650519623 
0.00148728846991 0.00596487343679 0.0175261702797 0.0020697231583 0.0291009551996 0.0124348845428 0.0542380389864 0.00792461935872 0.0201321785692 0.00260883385959 0.0160320885155 0.00145045150737 0.0208859940113 0.017246649583 0.00105019170469 0.0424085118435 0.0667088231191 0.0155259779169 0.0133055280784 0.0290869455818 0.0273618992045 0.0206236524025 0.0229402657952 0.0255560472722 0.0306338570203 0.0470292443293 0.027317117855 0.0667871683412 0.277690052884 0.00544504659026 0.037688201373 0.00199551337572 0.0384451569014 0.00908922139123 0.0201893969198 0.0423361201074 0.0249628328397 0.00972107517946 0.0124228515265 0.0262612072764 0.0153512266461 0.0036212193142 0.0234301240098 0.0159811044496 0.037599460964 -0.0217986875498 0.0247395455729 0.00115421843205 0.0488157276821 0.0327140194486 0.0317512588721 0.0168905354031 0.01842544164 0.023728599501 0.0309399358968 0.0153788454298 0.0156338700986 0.0364580855497 0.0351183635766 0.00365980962809 
0.0136211427929 0.0267752630309 0.0188176913802 0.0164935571688 0.0347639690836 0.0105252351167 -0.0013514204184 0.00624808994186 0.0138429797543 0.0192854210119 0.0128972565811 0.021502976052 0.0151310265595 0.0451167087179 0.0149515477609 0.0146253011485 0.00578736412395 -0.00123092864891 0.0200326462307 0.0188634919771 0.00973541427218 0.0294504562316 0.00346585577919 0.0142239681229 0.0370794941312 0.024560424196 0.0303097723518 0.0042676817258 0.00544504659026 0.30202378993 -0.00267777923078 0.0106818767683 0.0206742922844 0.00967744801215 0.0205713592428 0.0274267236385 0.038467109675 0.0057973820462 0.00539172095091 -3.42654748258e-05 0.0090263179229 0.0159395541203 0.00195686020126 0.00775037996087 0.0443839178396 0.0131237464204 0.0132641665892 0.0103233707119 0.0100929548862 0.00419244898338 0.00732023803088 0.0144276947693 0.00137871774932 0.000533940520611 0.0111306533191 0.0117996383489 0.00858741171922 0.0123524822921 0.0106819230785 0.0182522050652 
-3.54173532092e-05 0.0230872054147 0.0208273526155 0.00783507508838 0.0067151007841 0.0132989644968 0.0393482237696 0.0231206913362 0.00761295353615 0.00570220330424 0.0111380726044 0.00794757779473 0.0238228162526 0.0308440587426 0.0121976054132 0.0143864107137 0.0326731245417 0.0192142252272 0.0125330933025 0.0308703215966 0.0271053900231 0.0301485409856 0.0138946987536 0.0179801378035 0.0322601588805 0.0268791253103 0.0269433194311 0.0454686971754 0.037688201373 -0.00267777923078 0.225234159707 0.0173967460962 0.0245483252603 0.0200789918633 0.00151794674632 0.0424180492337 0.0205382686805 0.0187666812006 0.00573835110075 0.0287196510739 0.0125394228682 0.0163333695579 0.00536577265822 0.0157396986119 0.016242948727 0.00963250063843 0.0157217779468 0.0160391712575 0.0201579854997 0.00411173906038 0.0260826041233 0.0147713023805 -0.00150845300559 0.0281158351209 0.0281422781616 0.0113540322529 0.0269896322054 0.0539644481333 0.0222048601714 0.030925705909 
-0.0236352633475 0.037705704345 0.0259063333229 0.0164480326971 -0.0126190047469 0.00212443034154 0.00201743506733 -0.00527929319321 0.00389638379332 0.00535351453092 -0.00987986442321 -0.00320500827048 0.0182299939255 0.0120269649264 0.00403723658305 0.00493088472247 0.0104515113002 -0.0043479987912 0.0110203200292 0.00493032138378 0.0118714352821 -0.00316228473628 0.00773808290966 0.0161077032581 0.0166533840012 0.00254004525399 0.0124985341463 0.0161550838583 0.00199551337572 0.0106818767683 0.0173967460962 0.243141301289 0.0039529222109 0.00873103148127 0.00387639471414 0.00745858104685 0.014762120124 0.00264629493987 0.00879841703466 0.0109262720563 0.0215307120731 0.00240502263692 0.000116311411615 0.0191446788827 -0.00982680712328 -0.00140976691306 0.00928795999572 0.00967043630376 0.00685267647307 0.01434304127 0.0125776645474 -0.000195440785344 -0.00672943865657 0.0229372794102 0.00283582534308 0.00936714052092 0.0105710489261 0.0201533051182 0.0113274320119 -0.0013786439463 
-0.00791210784362 0.00583858530234 0.0198761328053 0.0115899492845 0.0453948178251 0.00658807308106 0.0740230595429 -0.00202881901728 0.0084894737392 0.0164021891149 0.0236952725476 0.00273548712851 0.0300660539559 0.0178153336423 -0.000454520269903 -0.00316932580153 0.0393609984734 0.01707221233 0.00519123360464 0.0109024110733 0.0311070490906 0.016049993618 -0.0179496698166 0.00445265615542 0.0164779159053 0.0208329179624 0.0176460213876 0.0515898418037 0.0384451569014 0.0206742922844 0.0245483252603 0.0039529222109 0.290387964904 0.000284149495174 0.00999896251042 0.014057420108 0.024502995438 0.0311563886649 0.0080326449158 0.0186372490993 0.0166867864339 -0.00498730222778 -0.0024669845399 0.0106001595751 0.00938740534199 0.0156634619764 0.0012784674636 0.00656735876393 0.0163231831461 0.0046544457344 0.0139170933588 -0.00815213864564 0.00657537869188 0.0271835550364 0.0402932841733 0.00710479029023 0.0295727548559 0.0338297022949 0.00680519303147 0.00646408264432 
-0.0202763555242 0.0104569873931 0.00410725188651 0.00594087386883 0.0151490387805 0.0193644110814 0.000497183506362 0.00570586618935 0.0132914700627 0.0160803720764 0.00611146493143 0.00771379680329 0.0140891143038 0.00975785836332 0.0122295279522 0.0143474129982 0.00711895780174 0.00702046882871 0.0137518809374 0.0246187035729 0.0307930505501 0.00451888393059 0.0184630495078 0.0124397990054 0.0255988872178 -0.00298281706794 0.00142389786333 0.00352505488465 0.00908922139123 0.00967744801215 0.0200789918633 0.00873103148127 0.000284149495174 0.168746430304 0.0232853042311 0.0115623452717 0.0136937831965 0.0124560675572 0.00719570585716 0.0181058744727 0.000282268161336 0.019055590929 0.0145757776586 0.00907561532502 0.0084180502163 8.77128323879e-05 0.0270183537326 0.0112410818149 0.0108187101637 0.0149096549799 0.0156422958284 0.0147558739138 -0.00463532044007 -0.0116467917199 0.0171089287053 0.0141861202828 0.0106730507489 0.0185863277259 0.0104900636225 0.0206066130788 
0.00164661988277 0.0114033663987 0.0193890279738 -0.00230684915518 0.0419253802069 -6.15354439204e-05 -0.00454757617334 -0.000297615567677 -0.0024124452966 0.00629369667676 -0.00076335270067 -0.0132825065582 0.0194164818895 0.0183703690644 0.003349375766 0.0120589834791 0.00869230888871 0.0165503864371 0.00394850335533 0.0203362535998 0.0175113579712 0.0184814101383 0.0208261728577 0.00770112260396 0.00709826420561 0.0164396693813 -0.00264567055847 0.0085642162176 0.0201893969198 0.0205713592428 0.00151794674632 0.00387639471414 0.00999896251042 0.0232853042311 0.27989311652 -0.00136475881529 0.0360535882569 0.0001457924528 0.00662048157989 0.00594702980361 0.00315662215811 0.0189421867253 0.00368647215816 -0.00186015161668 0.0263767387066 0.0152070285959 0.0146050851695 -0.0019273193066 0.00769914726295 0.0144049076242 0.0105420042038 0.0068554876387 0.018138990029 0.0126086050578 0.0120773233069 -0.00382626002912 0.00403316851038 0.0221284326823 0.0162193961836 -0.00261391352326 
0.000968204865175 0.0102093973757 0.0325217220535 0.0102277198706 0.0178293139346 -0.00209908273016 -0.000184212236696 0.0247615251515 0.00550487655723 -0.00168590995622 -0.00904658153873 0.0249923700674 0.00261786215415 0.0288710054484 0.00699730645292 0.0223053007312 0.0169731575124 0.0222534892622 0.0165408820794 0.0389206013818 0.0275913790649 0.0409886619866 0.0276178270872 0.0189181838365 0.0226419745213 0.0247901100378 0.0180946574549 0.0222626584134 0.0423361201074 0.0274267236385 0.0424180492337 0.00745858104685 0.014057420108 0.0115623452717 -0.00136475881529 0.304933948497 -5.84749469626e-05 0.014118090332 0.0122298616781 0.0236785572745 0.0183117713308 -0.000392310721997 0.00974573158802 -0.00178575454517 0.0206467686966 0.0109600390862 0.0210819310284 0.0176242287214 0.0287761759878 0.0243637343878 0.00447331632416 0.0124764349555 0.0104938741688 0.00806630674346 0.0162324925029 0.0101602205586 0.0198676488298 0.0513748409265 0.028910191875 0.0566952660257 
0.0325136527038 0.0120282558644 0.00455622184457 0.00931268786797 0.0483850226151 0.00944772435708 0.0425660962631 0.0115869969031 -0.00573204965086 -0.00340361629434 0.0186702052608 0.0332360642476 0.0146732320281 0.0391282795066 0.00760545071894 0.0499258933381 0.0185252328311 0.0268523750442 0.00359241028716 0.00827964122896 0.0287089692857 0.02502566696 0.00157662107252 0.0142450069127 0.0590482845199 0.0423937361481 0.0302394294561 0.013889388086 0.0249628328397 0.038467109675 0.0205382686805 0.014762120124 0.024502995438 0.0136937831965 0.0360535882569 -5.84749469626e-05 0.491944873752 0.0169517625253 0.000159445072763 0.0194293131686 0.037004928121 0.00538384197071 0.0139164455897 0.0143001679068 0.0452228258662 0.00837317122332 0.0153209550998 0.00494611634058 0.0204526637745 0.00540579717099 0.0259965057242 0.0130272756329 -0.0129530628155 0.033149304991 0.0246859409828 0.00831680745093 0.0164546037052 0.015465870774 0.00941306004902 0.0246022501646 
-0.00672859725961 -0.00263057015421 0.0045296556489 0.00882132309094 0.00903893690932 0.00619113337992 0.0202431526199 0.0154405043798 0.0128890891945 0.00416311385373 -0.0056656351853 0.0129486057824 0.00690716705697 0.0258286363863 -0.000437646591328 0.00011233742239 0.0169428088727 0.0121363645057 0.0106178037864 0.0305371651841 0.0140943215083 0.0194130707277 0.00115942569663 0.0124763886782 0.0037623091347 -0.00142208270959 -0.000456282568391 0.0187283259327 0.00972107517946 0.0057973820462 0.0187666812006 0.00264629493987 0.0311563886649 0.0124560675572 0.0001457924528 0.014118090332 0.0169517625253 0.226454040865 0.0123713572912 0.0188813458258 0.00380917976604 -0.00135369431694 0.0145539885666 0.00231729259329 0.012434076066 0.00893241160049 0.0035021815248 -0.00363426603 0.0194368493489 0.0247801090983 0.00539318653442 0.0128616292319 -0.00604264252278 0.0218316726693 0.0736334498454 0.00326891038148 0.0593552179261 0.0265569667707 0.00834007131056 0.0117689996741 
0.00276785120503 0.00317072333077 0.0105092614816 -0.000286790459983 0.00917617486755 0.00483742405793 0.0044500463639 0.000730532583706 0.00214638671823 0.00515868032075 -0.00701683065567 0.026256872976 0.00641260682288 0.00107659052793 8.95045966907e-05 0.00368830820221 -0.00678642476266 0.0152908435914 0.00486286573026 0.00444204222565 0.0159003744149 -0.0139150808015 -0.00225346356122 0.0130304382475 0.00508608203719 0.0118681425059 -0.00514385314039 0.00871315273384 0.0124228515265 0.00539172095091 0.00573835110075 0.00879841703466 0.0080326449158 0.00719570585716 0.00662048157989 0.0122298616781 0.000159445072762 0.0123713572912 0.176058435977 0.0216825432188 -0.00516952266585 0.00436719800591 0.0131866240031 0.000438631971409 0.0107680711026 0.00156837453146 0.0111598847447 0.0109911059945 -0.00034359989571 0.0128654979356 0.00604867550115 0.0132828692208 0.00289024333042 0.00605303209414 0.00589393762802 0.00679414064408 0.00874905104882 0.0111593024112 0.00921986900543 0.00754842098162 
