20
0.0395396308246 0.146363775453 0.0471087328402 0.0383245101253 0.242072249725 0.0911559741232 0.0623593213805 0.0538734886168 0.0246645675501 0.0357111585815 0.0115927538848 0.0191748751409 0.0722101641432 0.106415927512 0.103194060275 0.0435638119902 0.0933125666969 0.0144645316835 0.148169679735 0.0695535734162 
0.298309562682 0.0268508596274 -0.0061502574969 0.0301588435734 0.0430693745293 0.0354305101679 0.018577063011 0.0229034302995 0.0191192053809 0.0635179891594 0.0173387859742 0.025301641836 0.0218864676364 0.0309274943706 0.0207259211533 0.00467476691052 0.000289291339533 0.0198905160198 0.006778158188 0.0134804765167 
0.0268508596274 0.982162743869 0.016610567906 -0.0366286721747 0.046461782101 0.0309111116176 0.0241867714531 0.00905248124442 0.0184667300921 0.0466602330622 0.0111315978424 0.00243108229233 0.00845893454223 0.0214145502705 0.0146043779594 0.0174115375929 0.0185171800168 -0.000700734483022 0.00488689252224 0.0040487190762 
-0.0061502574969 0.016610567906 0.274626730203 0.0114558702724 0.0568936910044 0.0169935103334 0.0192028771879 0.0102889082545 0.0199466463926 0.00205994254845 0.014741449381 0.0139476874802 0.0302262426896 0.0177284879984 0.0324316641235 0.0223360914188 0.00109216111198 -0.00146373597105 0.0212985984004 -0.00531062051594 
0.0301588435734 -0.0366286721747 0.0114558702724 0.333465450889 0.0378650339563 0.0256762543096 0.015702337568 0.0347105707852 0.0359235846576 0.0453674020022 0.0281823023181 0.0230465806777 0.0292677413155 0.0662532184316 0.0322045548617 0.0139886904663 -0.00162427639928 0.0169373989034 0.0320755178682 0.0116061662073 
0.0430693745293 0.046461782101 0.0568936910044 0.0378650339563 0.68896498248 0.114341889079 0.0832780621186 0.0638888916029 0.0234635697839 0.0408730881142 0.0229038146456 0.0333370388386 0.0689623393436 0.0820793957338 0.0660067176263 0.0198510269838 0.0302780046407 0.0247250560861 0.0320067737309 0.0285794278034 
0.0354305101679 0.0309111116176 0.0169935103334 0.0256762543096 0.114341889079 0.368236395572 0.0608953300209 0.0274847283291 0.0179281180613 0.0271135584826 0.0205739371718 0.0264184226734 0.0555678575369 0.0358567535712 0.0524120923582 0.011154377877 0.0353736402277 0.0283036389238 0.0129575373279 0.00852104459771 
0.018577063011 0.0241867714531 0.0192028771879 0.015702337568 0.0832780621186 0.0608953300209 0.342052897859 0.0381443698367 0.0184132090382 0.0232644411352 0.0100720434858 0.0111353738614 0.0419213716155 0.0316561681638 0.0750026171982 0.0220998623356 0.0127701720845 0.0125403424611 0.0312155920758 -0.00311786805492 
0.0229034302995 0.00905248124442 0.0102889082545 0.0347105707852 0.0638888916029 0.0274847283291 0.0381443698367 0.388364765609 0.0177793251187 0.0382533254506 0.01498253685 0.0128182283079 0.0299115530296 0.0132928159343 0.032465978087 0.0109721991415 0.00618538016012 0.0103047011634 0.00389559587056 0.0205666719578 
0.0191192053809 0.0184667300921 0.0199466463926 0.0359235846576 0.0234635697839 0.0179281180613 0.0184132090382 0.0177793251187 0.188957062346 0.0293336828979 0.0204404151378 0.0427424275759 0.0194722801969 0.0192664973441 0.0204636627974 0.0269497481422 0.0168673010382 0.00637746787913 0.00963308829388 0.0157400550308 
0.0635179891594 0.0466602330622 0.00205994254845 0.0453674020022 0.0408730881142 0.0271135584826 0.0232644411352 0.0382533254506 0.0293336828979 0.297523653995 0.0184505617643 0.0285738678084 0.0344731550634 0.0295717500993 0.020977263576 0.0106754499086 0.0099976563508 0.0192427065484 0.0164966402317 0.0136237708499 
0.0173387859742 0.0111315978424 0.014741449381 0.0281823023181 0.0229038146456 0.0205739371718 0.0100720434858 0.01498253685 0.0204404151378 0.0184505617643 0.151872707446 0.0174358026201 0.0229994735551 0.0145625325009 0.0258123809311 0.0189408583825 -0.000688748018937 0.00775243575703 0.0160874530856 0.00857234238705 
0.025301641836 0.00243108229233 0.0139476874802 0.0230465806777 0.0333370388386 0.0264184226734 0.0111353738614 0.0128182283079 0.0427424275759 0.0285738678084 0.0174358026201 0.189774640902 0.0257255869672 0.0153859111663 0.0154701746825 0.0165293702393 0.0276972575141 -0.000187060680741 -0.00293002655656 0.0188786239244 
0.0218864676364 0.00845893454223 0.0302262426896 0.0292677413155 0.0689623393436 0.0555678575369 0.0419213716155 0.0299115530296 0.0194722801969 0.0344731550634 0.0229994735551 0.0257255869672 0.337790858813 0.0403436413986 0.0470571041891 -0.00353925249254 0.0128093935339 0.0208287628447 0.0277727318218 0.0138884784223 
0.0309274943706 0.0214145502705 0.0177284879984 0.0662532184316 0.0820793957338 0.0358567535712 0.0316561681638 0.0132928159343 0.0192664973441 0.0295717500993 0.0145625325009 0.0153859111663 0.0403436413986 0.624074336189 0.0525235571671 0.00320447886096 0.00583297377022 0.025691798728 0.0277500551856 0.00932128271243 
0.0207259211533 0.0146043779594 0.0324316641235 0.0322045548617 0.0660067176263 0.0524120923582 0.0750026171982 0.032465978087 0.0204636627974 0.020977263576 0.0258123809311 0.0154701746825 0.0470571041891 0.0525235571671 0.574810637517 0.0130066310248 0.0178173929438 0.0251471099949 0.0785867844814 0.00991302789363 
0.00467476691052 0.0174115375929 0.0223360914188 0.0139886904663 0.0198510269838 0.011154377877 0.0220998623356 0.0109721991414 0.0269497481422 0.0106754499086 0.0189408583825 0.0165293702393 -0.00353925249254 0.00320447886096 0.0130066310248 0.284063440305 -0.00595158225659 0.0191600172247 0.00797208350998 -8.32043819955e-05 
0.000289291339533 0.0185171800168 0.00109216111198 -0.00162427639928 0.0302780046407 0.0353736402277 0.0127701720845 0.00618538016012 0.0168673010382 0.0099976563508 -0.000688748018937 0.0276972575141 0.0128093935339 0.00583297377022 0.0178173929438 -0.00595158225659 1.00062812777 0.0105043946784 0.00593295711147 0.0090472243371 
0.0198905160198 -0.000700734483022 -0.00146373597105 0.0169373989034 0.0247250560861 0.0283036389238 0.0125403424611 0.0103047011634 0.00637746787913 0.0192427065484 0.00775243575703 -0.000187060680741 0.0208287628447 0.025691798728 0.0251471099949 0.0191600172247 0.0105043946784 0.290866878868 0.0256497159488 -0.000357313380757 
0.006778158188 0.00488689252224 0.0212985984004 0.0320755178682 0.0320067737309 0.0129575373279 0.0312155920758 0.00389559587056 0.00963308829388 0.0164966402317 0.0160874530856 -0.00293002655656 0.0277727318218 0.0277500551856 0.0785867844814 0.00797208350998 0.00593295711147 0.0256497159488 0.473238975008 0.0589248865093 
0.0134804765167 0.0040487190762 -0.00531062051594 0.0116061662073 0.0285794278034 0.00852104459771 -0.00311786805492 0.0205666719578 0.0157400550308 0.0136237708499 0.00857234238705 0.0188786239244 0.0138884784223 0.00932128271243 0.00991302789363 -8.32043819957e-05 0.0090472243371 -0.000357313380757 0.0589248865093 0.401544220303 

['YUM', 'HUM', 'CVX', 'BBBY', 'ATI', 'CMI', 'DE', 'WHR', 'STI', 'HET', 'PBI', 'AFL', 'CSX', 'ADSK', 'VMC', 'MO', 'GT', 'IPG', 'Q', 'BLS']