40
0.0678674292734 0.0275926739743 0.103194060275 0.126958151155 0.0115927538848 0.0265193363437 0.0446705301477 0.0794924924591 0.022369934908 0.023795453615 0.0256056876134 0.128413882411 0.0434942638749 0.0270000307956 0.045759308444 0.0223320424584 0.0413167922229 0.0377989606714 0.0773240107923 0.0179151897049 0.080285366307 0.0348883512333 0.0396471392927 0.0297585566085 0.0255776045185 0.123248136701 0.0910259677787 0.0743441041655 0.0522856391002 0.0378384564622 0.0766147585819 0.110783759143 0.149246593495 0.0523918745475 0.0572050688987 0.0754552666066 0.0132097716294 0.22311845274 0.0161403943775 0.15717092416 
0.396253696295 0.0300389128957 0.009865830539 0.00808584855912 0.0224531670619 0.0206636325686 0.0361686446268 0.068767860644 0.0176705482393 0.0125857637462 0.0313747843987 0.0250542616804 0.0360066594879 0.0261837918437 0.0118719625533 0.0103424448758 0.0194383454008 0.0337649207551 0.0501340333891 0.0209057802073 0.032189345506 0.0385350301958 0.0170782332611 0.0229402746043 0.0339197280687 0.0161680264812 0.0263267805582 0.048643614781 0.0209990197451 0.0168498395321 0.0311326137754 0.0509873636675 0.0168628676424 0.016398209216 0.023127173515 0.0378548607724 0.0202612105262 0.0237756141463 0.00951463398884 0.0368213403664 
0.0300389128957 0.367642334668 -0.00644342919623 0.0101080751552 0.000472275813308 0.00682096444121 0.00845464383026 0.0118511446903 0.000455304946342 0.00991716889592 0.019710988291 0.00924229834495 0.00472262737239 0.00744099981858 0.00111473604077 -0.00378536868808 0.00369627661496 0.000500833529261 0.0128747412203 0.00029731376964 -0.00616242532576 0.0160062270769 -0.00347511563802 0.00810260782726 0.0137538329064 -0.00200932166251 -0.00118691763029 0.0126210180509 0.0269016452454 0.0400435969846 0.0203334460298 0.0027133813218 -0.00597973844761 -0.00182378111865 0.00553561867386 0.00563409345423 -0.00636691085285 -0.00679992714117 0.00872016000299 0.00890006524186 
0.009865830539 -0.00644342919623 0.522641339137 0.0532727548375 0.0139985443523 0.0120740268512 0.0480581846756 0.0214155536852 0.00639552257016 0.000712610124344 0.00600779262662 0.0376480531822 0.0398303188473 0.0323196172607 0.0214842648935 0.00814457306242 0.0287928515784 0.0446414782929 0.0647267232226 0.024340799398 0.0876205638437 0.015206549802 0.0210782322823 0.0430274643833 -0.0039745707864 0.0326992288371 0.040316404601 0.0288200293202 0.0247848646791 0.0122944213586 0.0158946625386 0.0747931221097 0.0189922222568 0.0290936625772 0.0279854575463 0.211851651048 0.01989962282 0.0359682806277 0.00158575886296 0.0251700016189 
0.00808584855913 0.0101080751552 0.0532727548375 0.376598653464 0.0118748968619 0.010848974469 -0.00606352467237 0.0235880747782 0.00922338596183 0.0234331045058 0.00094579041625 0.142954818529 0.0233604307963 0.0207306705201 0.101250303606 0.00647287446154 0.0118103114879 0.00800609910177 0.0518877746668 0.0113758938232 0.0155573923606 0.0287015574862 0.0439251135329 0.0104727001367 0.013262262197 0.0405256402793 0.00228385269605 -0.0149340465989 0.0307977715891 0.0587359219964 0.031203201264 0.0272532772368 0.165548896918 0.00184837247103 0.0230499863252 0.042625104437 -0.0118348482101 0.0223023286935 -0.00150389238983 0.0261635747351 
0.0224531670619 0.000472275813308 0.0139985443523 0.0118748968619 0.139834518222 0.0133749210155 0.0223368916471 0.018041186397 0.0115944533459 0.0123884758031 0.0075875315168 0.00797661858663 0.00619609195656 0.0135897463411 0.0077818527235 0.00262603999463 0.0155815639903 0.0175154766327 0.0169635610707 0.00726592408143 0.0228514820378 0.0198040923228 0.0270560323295 0.020676313136 0.00948453116665 0.00919797199386 0.0123516027128 0.017123748363 0.00925115592797 0.0231386655315 0.0152353698709 0.0233512085937 0.0147677678291 0.0132043596037 0.0217185643622 0.0175748388481 0.0149086935916 0.0138555745103 0.0132763828747 0.0123336534251 
0.0206636325686 0.00682096444121 0.0120740268512 0.010848974469 0.0133749210155 0.212779196589 0.0208546495388 0.0116807224737 0.016884262353 0.00940911164225 0.00941801571892 0.0127601331876 0.0164332463947 0.0111096867029 0.0118480639117 -0.000642051770387 0.010918330052 0.0151972234209 0.0163211560716 0.0143026087773 0.0271158482691 0.0105088797587 0.0118222262853 0.0219386791517 0.0275332374339 0.0294033202517 0.0225869534505 0.0140879826668 0.0177364006669 -0.00156437397737 0.0112835525573 0.0191434487705 0.0107145799611 -0.00284446715336 0.0113552471492 0.00352222646746 0.00456660367474 0.0113028711407 0.0168297885638 0.0125221289149 
0.0361686446268 0.00845464383026 0.0480581846756 -0.00606352467237 0.0223368916471 0.0208546495388 0.310952278359 0.0274362145251 0.0310648586786 0.0135451049758 -0.00139009505734 0.0092883274983 0.014295887339 0.0178378725149 0.0139613723118 -0.0136989655046 0.0194435062429 0.07753725757 0.0204403245892 0.0128262232402 0.0136609839155 0.00514363177912 0.0121791916816 0.0181783099482 0.0113095205115 0.0284679551575 0.0173883453366 0.0143483017331 0.0303893279438 0.0121588329138 0.0631040797274 0.0682007671776 0.0152515695741 -0.0179581277188 0.0148269503148 0.0166946746111 0.0314091789537 0.0534624313401 0.013204576525 0.0541381215138 
0.068767860644 0.0118511446903 0.0214155536852 0.0235880747782 0.018041186397 0.0116807224737 0.0274362145251 0.326695464729 0.0102634457232 0.019797857725 0.00890048436271 0.0260737872073 0.0301342463493 0.0190404433663 0.0109676008673 0.00104901273492 0.0106752909694 0.0424027386577 0.0349039673957 0.0250833915559 0.0276807465352 0.027823819901 0.0127297225082 0.042135423261 0.0031499693109 0.049649247219 0.0205469662997 0.0545202857655 0.0191151220796 -0.00262044752344 0.0575802831097 0.0366793795267 0.0278002663556 0.0333296099915 0.0181482077619 0.0254572498312 0.0179086507642 0.0397411028429 0.0185208969311 0.0353017074793 
0.0176705482393 0.000455304946342 0.00639552257016 0.00922338596183 0.0115944533459 0.016884262353 0.0310648586786 0.0102634457232 0.197349564593 0.0070846284901 0.00822695982115 0.0129672328151 0.0413340201564 0.0159675440212 -0.00343630571152 0.0144660592401 0.027233369643 0.0293910380803 0.0443202420525 0.0173522299257 0.0206962022137 0.0291582732901 0.0141232088877 0.0216272275803 0.0202258950871 0.028918443882 0.0439142776313 0.0229390907039 0.0152695362669 -0.0144228544657 0.0153426922406 0.0240642697752 0.0175891443421 0.00875321592291 0.0213984812039 0.0273119871486 0.00970603383261 0.0267256072173 0.0093819908585 0.0332253898119 
0.0125857637462 0.00991716889592 0.000712610124345 0.0234331045058 0.0123884758031 0.00940911164225 0.0135451049758 0.019797857725 0.0070846284901 0.187078373997 0.0124329124589 0.0227397184414 -0.00714260702575 0.00715844261235 0.0209265397905 0.011086463412 0.0229914191174 -0.00275718463056 0.0172719688857 0.0233825164104 0.00287096360227 0.0126170824189 0.0652191799773 0.0118624561721 0.00884892031576 0.0227407261406 -0.00021923477771 -0.000786851506369 0.00265728037092 0.0110572351833 0.0230359041825 0.00648765803096 0.0322188442102 0.0308285050702 0.00426988504377 -0.00629862818263 0.00532318013555 0.00969207180506 0.00289532996835 -0.00398015070364 
0.0313747843987 0.019710988291 0.00600779262662 0.00094579041625 0.0075875315168 0.00941801571892 -0.00139009505734 0.00890048436271 0.00822695982115 0.0124329124589 0.218706568846 0.00286842502481 0.0219505815245 0.0221195416719 0.00850454957626 0.00469489765179 0.0114944925531 0.00194123845346 0.00105634570809 0.00325745936831 0.0204144090389 0.0186892132043 -0.00438023882909 0.00293334243665 0.0119288830156 0.0273007140809 0.0145860341256 0.000153169201873 0.0166085684074 0.00190304396378 0.008615150206 0.0155891520736 -0.000313895335817 0.0138167902969 0.0102008183195 0.0127868034061 0.0081556400133 0.0062444518056 0.0131234780093 0.00742615482247 
0.0250542616804 0.00924229834495 0.0376480531822 0.142954818529 0.00797661858663 0.0127601331876 0.0092883274983 0.0260737872073 0.0129672328151 0.0227397184414 0.00286842502481 0.451243523677 0.0266473071888 0.0192306045726 0.0825517019576 0.000222567984901 0.0117293542687 0.0313400370196 0.0596302470954 0.0105901332378 0.0328701601518 0.0426201440538 0.034600339189 0.0153344217236 0.0160607062027 0.0422289226939 0.00656340336659 0.00627990719489 0.0195885238734 0.0281570764502 0.0288904848277 0.0400358937891 0.154296824115 0.00533095566531 0.0247379928521 0.0437205707357 0.00200074687348 0.0365846737296 -0.00306962163828 0.0458351747615 
0.0360066594879 0.00472262737239 0.0398303188473 0.0233604307963 0.00619609195656 0.0164332463947 0.014295887339 0.0301342463493 0.0413340201564 -0.00714260702575 0.0219505815245 0.0266473071888 0.291581945771 0.0591012960134 0.0146017194621 0.00428282651737 0.0061023839244 0.0297886795989 0.0736618289102 0.000229337001591 0.0353739854663 0.0353144029765 0.00737158048602 0.0251486234822 0.0255664247037 0.0358608934376 0.0320910439462 0.0566219060444 0.0309104149019 -0.0109998511342 0.0482631042579 0.0453832065275 0.0217591258242 0.00950054258091 0.0315685046581 0.0368080549755 0.0235981170229 0.038074421722 0.0061312892076 0.0529706043895 
0.0261837918437 0.00744099981858 0.0323196172607 0.0207306705201 0.0135897463411 0.0111096867029 0.0178378725149 0.0190404433663 0.0159675440212 0.00715844261235 0.0221195416719 0.0192306045726 0.0591012960134 0.209831047077 0.0140026307034 0.00796077264668 0.0173341605045 0.0217689741986 0.0349791594632 0.0161861947685 0.0122747758441 0.0379629727907 0.0174998012236 0.0151004966964 0.00635050012277 -0.000562890667821 0.0233303211166 0.0324392063484 0.0174837702577 0.0134047597895 0.0161880483581 0.0371271474097 0.0224385939958 0.00183562046479 0.0288655466016 0.0256934857933 0.021791534779 0.0197419871009 0.0202415367278 0.0374588522475 
0.0118719625533 0.00111473604077 0.0214842648935 0.101250303606 0.0077818527235 0.0118480639117 0.0139613723118 0.0109676008673 -0.00343630571152 0.0209265397905 0.00850454957626 0.0825517019576 0.0146017194621 0.0140026307034 0.189602160182 0.00715071630031 0.0042123114263 0.00697978490413 0.0195188161828 0.0102040274577 0.00431831613597 0.00308089585228 0.0268982482354 0.00943726309557 0.00744391701892 0.0217359418796 0.00507872730833 -0.0032207532653 0.0285236538367 0.0236186722379 0.0260986211754 0.0105894497506 0.0960695512059 -0.0016678256852 0.0170266746702 0.0235860117353 0.00388294500776 0.0148886194279 0.00467613779434 0.0235874147333 
0.0103424448758 -0.00378536868808 0.00814457306242 0.00647287446154 0.00262603999463 -0.000642051770387 -0.0136989655046 0.00104901273492 0.0144660592401 0.011086463412 0.00469489765179 0.000222567984901 0.00428282651737 0.00796077264668 0.00715071630031 0.208795050084 0.0115786911367 0.000445643685279 -0.00402983773233 0.00412643558218 0.0199860629249 0.019203720318 0.00770455655686 0.00226457469696 0.00275562682867 0.00600989102863 0.000890948926868 0.00441326534286 0.00713777293165 0.0110052099951 0.014243555617 0.00984557654066 0.00433666680435 0.0073622696404 0.0157160168204 0.00703569032498 0.00715859170101 -0.00427845251717 0.00350581354009 0.0165629038366 
0.0194383454008 0.00369627661496 0.0287928515784 0.0118103114879 0.0155815639903 0.010918330052 0.0194435062429 0.0106752909694 0.027233369643 0.0229914191174 0.0114944925531 0.0117293542687 0.0061023839244 0.0173341605045 0.0042123114263 0.0115786911367 0.24739989481 0.0222089685346 0.0276679677464 0.00347085909099 0.0193049988725 0.0337968788104 0.0274575050263 0.014834102779 0.0085422005616 0.0247290118885 0.0152191613989 0.00370617365199 0.0229250514791 0.0311867237868 0.0103885479411 0.0164325371766 0.0331433806777 0.0439178703009 -0.00719037570294 0.0249655762291 0.0137552216447 0.0190986927702 0.0198247092113 0.0182779889846 
0.0337649207551 0.000500833529261 0.0446414782929 0.00800609910177 0.0175154766327 0.0151972234209 0.07753725757 0.0424027386577 0.0293910380803 -0.00275718463056 0.00194123845346 0.0313400370196 0.0297886795989 0.0217689741986 0.00697978490413 0.000445643685279 0.0222089685346 0.317429892549 0.0488620453577 0.00832430978444 0.0352945648089 -0.00645782336563 0.0063008716935 0.0204581476379 0.00665521405004 0.0345882681062 0.0149255426952 0.0246195067676 0.0321084820468 0.0116053895362 0.0769970207253 0.0819889952856 0.0129167759127 0.0259541792124 0.019557490446 0.00930749871626 0.0301558775531 0.0904366928426 0.00223071989721 0.0563610282559 
0.0501340333891 0.0128747412203 0.0647267232226 0.0518877746668 0.0169635610707 0.0163211560716 0.0204403245892 0.0349039673957 0.0443202420525 0.0172719688857 0.00105634570809 0.0596302470954 0.0736618289102 0.0349791594632 0.0195188161828 -0.00402983773233 0.0276679677464 0.0488620453577 0.453592048249 0.022425957647 0.0297540311548 0.0622901354982 0.0516253267775 0.039785777908 0.0421132884625 0.0292225765048 0.0551337277663 0.0786775822542 0.0429242655845 0.0156892750017 0.0262012294397 0.0527992198811 0.0717022527862 0.029750399935 0.0408176076456 0.0678569696596 0.0169523823798 0.0443927316802 0.0117807495979 0.0517868245809 
0.0209057802073 0.00029731376964 0.024340799398 0.0113758938232 0.00726592408143 0.0143026087773 0.0128262232402 0.0250833915559 0.0173522299257 0.0233825164104 0.00325745936831 0.0105901332378 0.000229337001591 0.0161861947685 0.0102040274577 0.00412643558218 0.00347085909099 0.00832430978444 0.022425957647 0.309303441407 -0.00341128398485 0.0213807452991 0.0130453502404 0.0394047490981 0.0143617273777 0.0073916457191 -0.00831024842136 0.0106199213243 0.0113884139953 0.0073717669253 -0.000533909253401 0.022795682221 0.0051404337468 0.0131758114975 0.00153830016121 0.0198926659901 0.0112228998925 0.0126590285761 0.00754891562012 0.00321133713648 
0.032189345506 -0.00616242532576 0.0876205638437 0.0155573923606 0.0228514820378 0.0271158482691 0.0136609839155 0.0276807465352 0.0206962022137 0.00287096360227 0.0204144090389 0.0328701601518 0.0353739854663 0.0122747758441 0.00431831613597 0.0199860629249 0.0193049988725 0.0352945648089 0.0297540311548 -0.00341128398485 0.424828239301 0.0228809639335 0.00669020427372 0.0392193436647 0.0136961066734 0.0200325023781 0.0352236817374 0.0150136153212 0.0299272724918 0.0173259440642 0.00671445382932 0.0498327010239 0.0169947284866 0.0194777641902 0.0323867498905 0.00352260596598 0.0141076866607 0.0266390113004 0.0091928995483 0.0419191155995 
0.0385350301958 0.0160062270769 0.015206549802 0.0287015574862 0.0198040923228 0.0105088797587 0.00514363177912 0.027823819901 0.0291582732901 0.0126170824189 0.0186892132043 0.0426201440538 0.0353144029765 0.0379629727907 0.00308089585228 0.019203720318 0.0337968788104 -0.00645782336563 0.0622901354982 0.0213807452991 0.0228809639335 0.31525366528 0.0201681091338 0.039712642627 0.0114555179873 0.0290405659832 0.00928602502357 0.0409829061185 0.0344883626981 0.0212672355695 0.0100996859127 0.0460768203937 0.0123651609345 0.0311917127343 0.0228279974228 0.0353278319799 0.0098918340175 0.033480675103 0.0151310153404 0.0307058240029 
0.0170782332611 -0.00347511563802 0.0210782322823 0.0439251135329 0.0270560323295 0.0118222262853 0.0121791916816 0.0127297225082 0.0141232088877 0.0652191799773 -0.00438023882909 0.034600339189 0.00737158048602 0.0174998012236 0.0268982482354 0.00770455655686 0.0274575050263 0.0063008716935 0.0516253267775 0.0130453502404 0.00669020427372 0.0201681091338 0.259148375868 0.00935515420312 0.00560754299481 0.00901840785091 0.00609373787963 -0.0028563817089 -0.00985990126435 0.0138751955202 0.00206179352445 0.0284453539949 0.0680368743038 0.0236874019159 0.00444478822825 0.0365304446488 0.0054256789266 0.0148454714533 0.011664512455 0.0030675193029 
0.0229402746043 0.00810260782726 0.0430274643833 0.0104727001367 0.020676313136 0.0219386791517 0.0181783099482 0.042135423261 0.0216272275803 0.0118624561721 0.00293334243665 0.0153344217236 0.0251486234822 0.0151004966964 0.00943726309557 0.00226457469696 0.014834102779 0.0204581476379 0.039785777908 0.0394047490981 0.0392193436647 0.039712642627 0.00935515420312 0.253453446527 0.0079038060477 0.0417977543247 0.0163797051178 0.0271393320773 0.0164332799145 0.0176023878341 0.0173106567458 0.0204243249158 0.0148489465812 0.0198123215323 0.0217341133464 0.0175436156345 0.00790999827916 0.0310702656694 0.00123056838083 0.0237658529231 
0.0339197280687 0.0137538329064 -0.0039745707864 0.013262262197 0.00948453116665 0.0275332374339 0.0113095205115 0.0031499693109 0.0202258950871 0.00884892031576 0.0119288830156 0.0160607062027 0.0255664247037 0.00635050012277 0.00744391701892 0.00275562682867 0.0085422005616 0.00665521405004 0.0421132884625 0.0143617273777 0.0136961066734 0.0114555179873 0.00560754299481 0.0079038060477 0.322373335025 0.000150220516792 0.00881495743314 0.0145856989178 0.029053276294 -0.00968332725033 -0.0105025416543 0.00874844104003 0.00293940858419 0.00624165608898 0.0110108081445 0.0161693466362 0.0118449284064 0.0119297953011 0.00524816495776 0.0154862444789 
0.0161680264812 -0.00200932166251 0.0326992288371 0.0405256402793 0.00919797199386 0.0294033202517 0.0284679551575 0.049649247219 0.028918443882 0.0227407261406 0.0273007140809 0.0422289226939 0.0358608934376 -0.000562890667821 0.0217359418796 0.00600989102863 0.0247290118885 0.0345882681062 0.0292225765048 0.0073916457191 0.0200325023781 0.0290405659832 0.00901840785091 0.0417977543247 0.000150220516791 0.459721228684 -0.00173664033396 0.0324028599192 0.0437724561198 0.0364278150527 0.0497042580434 0.060807661437 0.0648488226648 0.0363900749723 0.0191668765485 0.0583490456645 0.0112653406989 0.0365316097721 0.00609457889025 0.0159708386133 
0.0263267805582 -0.00118691763029 0.040316404601 0.00228385269605 0.0123516027128 0.0225869534505 0.0173883453366 0.0205469662997 0.0439142776313 -0.000219234777709 0.0145860341256 0.00656340336659 0.0320910439462 0.0233303211166 0.00507872730833 0.000890948926868 0.0152191613989 0.0149255426952 0.0551337277663 -0.00831024842136 0.0352236817374 0.00928602502357 0.00609373787963 0.0163797051178 0.00881495743314 -0.00173664033396 0.434250578293 -0.000657437654028 0.0344245057617 0.0325418017559 0.0116334556579 0.0193424121777 0.0114547847752 0.0289392014978 0.00716082293023 0.0177753757932 0.00657225260104 0.0340069268669 0.0027675161175 0.049524208228 
0.048643614781 0.0126210180509 0.0288200293202 -0.0149340465989 0.017123748363 0.0140879826668 0.0143483017331 0.0545202857655 0.0229390907039 -0.000786851506369 0.000153169201873 0.00627990719489 0.0566219060444 0.0324392063484 -0.0032207532653 0.00441326534286 0.00370617365199 0.0246195067676 0.0786775822542 0.0106199213243 0.0150136153212 0.0409829061185 -0.0028563817089 0.0271393320773 0.0145856989178 0.0324028599192 -0.000657437654028 0.386088680476 0.017327025069 0.00621834720206 0.0420706701294 0.0241575709825 -0.00759025211093 0.00617794192457 0.0211527884483 0.0239739920255 0.00759868883997 0.0321401592842 0.00634131352838 0.0393747496562 
0.0209990197451 0.0269016452454 0.0247848646791 0.0307977715891 0.00925115592797 0.0177364006669 0.0303893279438 0.0191151220796 0.0152695362669 0.00265728037092 0.0166085684074 0.0195885238734 0.0309104149019 0.0174837702577 0.0285236538367 0.00713777293165 0.0229250514791 0.0321084820468 0.0429242655845 0.0113884139953 0.0299272724918 0.0344883626981 -0.00985990126435 0.0164332799145 0.029053276294 0.0437724561198 0.0344245057617 0.017327025069 0.288258265517 -0.00409283430012 0.021227026935 0.044188897008 0.0454614634331 0.000486160715944 0.033025685256 -0.0116488239339 0.00676962372873 0.0387903794243 -0.000722005778394 0.0336402737781 
0.0168498395321 0.0400435969846 0.0122944213586 0.0587359219964 0.0231386655315 -0.00156437397737 0.0121588329138 -0.00262044752344 -0.0144228544657 0.0110572351833 0.00190304396378 0.0281570764502 -0.0109998511342 0.0134047597895 0.0236186722379 0.0110052099951 0.0311867237868 0.0116053895362 0.0156892750017 0.0073717669253 0.0173259440642 0.0212672355695 0.0138751955202 0.0176023878341 -0.00968332725033 0.0364278150527 0.0325418017559 0.00621834720206 -0.00409283430012 0.460490820974 -0.00681723477655 -0.00369293947431 0.0615377099057 -0.000430653544733 0.00134586554635 0.00130632393824 -0.0128680183562 0.0301951340478 0.0190095451176 0.00213783369349 
0.0311326137754 0.0203334460298 0.0158946625386 0.031203201264 0.0152353698709 0.0112835525573 0.0631040797274 0.0575802831097 0.0153426922406 0.0230359041825 0.008615150206 0.0288904848277 0.0482631042579 0.0161880483581 0.0260986211754 0.014243555617 0.0103885479411 0.0769970207253 0.0262012294397 -0.000533909253401 0.00671445382932 0.0100996859127 0.00206179352445 0.0173106567458 -0.0105025416543 0.0497042580434 0.0116334556579 0.0420706701294 0.021227026935 -0.00681723477655 0.471096348403 0.0225381267638 0.0238222899951 -0.00655859212167 0.0247867103642 0.021972961611 0.0524458677462 0.0762605055425 0.0078956480597 0.0656057226206 
0.0509873636675 0.0027133813218 0.0747931221097 0.0272532772368 0.0233512085937 0.0191434487705 0.0682007671776 0.0366793795267 0.0240642697752 0.00648765803096 0.0155891520736 0.0400358937891 0.0453832065275 0.0371271474097 0.0105894497506 0.00984557654066 0.0164325371766 0.0819889952856 0.0527992198811 0.022795682221 0.0498327010239 0.0460768203937 0.0284453539949 0.0204243249158 0.00874844104003 0.060807661437 0.0193424121777 0.0241575709825 0.044188897008 -0.00369293947431 0.0225381267638 0.462955839159 0.0270605483293 0.0170857115622 0.0765910574701 0.039583124735 0.00830668651106 0.0831027963053 0.0144409959546 0.0818138789836 
0.0168628676424 -0.00597973844761 0.0189922222568 0.165548896918 0.0147677678291 0.0107145799611 0.0152515695741 0.0278002663556 0.0175891443421 0.0322188442102 -0.000313895335817 0.154296824115 0.0217591258242 0.0224385939958 0.0960695512059 0.00433666680435 0.0331433806777 0.0129167759127 0.0717022527862 0.0051404337468 0.0169947284866 0.0123651609345 0.0680368743038 0.0148489465812 0.00293940858419 0.0648488226648 0.0114547847752 -0.00759025211093 0.0454614634331 0.0615377099057 0.0238222899951 0.0270605483293 0.532114503697 0.0073867547569 0.0295524035202 0.0158591548478 0.0180630218738 0.0484816949385 0.0147586408971 0.0145754407284 
0.016398209216 -0.00182378111865 0.0290936625772 0.00184837247103 0.0132043596037 -0.00284446715336 -0.0179581277188 0.0333296099915 0.00875321592291 0.0308285050702 0.0138167902969 0.00533095566531 0.00950054258091 0.00183562046479 -0.0016678256852 0.0073622696404 0.0439178703009 0.0259541792124 0.029750399935 0.0131758114975 0.0194777641902 0.0311917127343 0.0236874019159 0.0198123215323 0.00624165608898 0.0363900749723 0.0289392014978 0.00617794192457 0.000486160715944 -0.000430653544733 -0.00655859212167 0.0170857115622 0.0073867547569 0.3505360542 0.023701827847 0.025030135972 0.0101332823959 -0.00144461290993 0.00954462229788 0.00254549608797 
0.023127173515 0.00553561867386 0.0279854575463 0.0230499863252 0.0217185643622 0.0113552471492 0.0148269503148 0.0181482077619 0.0213984812039 0.00426988504377 0.0102008183195 0.0247379928521 0.0315685046581 0.0288655466016 0.0170266746702 0.0157160168204 -0.00719037570294 0.019557490446 0.0408176076456 0.00153830016121 0.0323867498905 0.0228279974228 0.00444478822825 0.0217341133464 0.0110108081445 0.0191668765485 0.00716082293023 0.0211527884483 0.033025685256 0.00134586554635 0.0247867103642 0.0765910574701 0.0295524035202 0.023701827847 0.247374027345 0.0185627913849 0.0108593741346 0.0401335796679 0.0112525527846 0.0378654707302 
0.0378548607724 0.00563409345423 0.211851651048 0.042625104437 0.0175748388481 0.00352222646746 0.0166946746111 0.0254572498312 0.0273119871486 -0.00629862818263 0.0127868034061 0.0437205707357 0.0368080549755 0.0256934857933 0.0235860117353 0.00703569032498 0.0249655762291 0.00930749871626 0.0678569696596 0.0198926659901 0.00352260596598 0.0353278319799 0.0365304446488 0.0175436156345 0.0161693466362 0.0583490456645 0.0177753757932 0.0239739920255 -0.0116488239339 0.00130632393824 0.021972961611 0.039583124735 0.0158591548478 0.025030135972 0.0185627913849 0.629781875207 0.011263166561 0.0337494413215 0.0110534995396 0.0170202848795 
0.0202612105262 -0.00636691085285 0.01989962282 -0.0118348482101 0.0149086935916 0.00456660367474 0.0314091789537 0.0179086507642 0.00970603383261 0.00532318013555 0.0081556400133 0.00200074687348 0.0235981170229 0.021791534779 0.00388294500776 0.00715859170101 0.0137552216447 0.0301558775531 0.0169523823798 0.0112228998925 0.0141076866607 0.0098918340175 0.0054256789266 0.00790999827916 0.0118449284064 0.0112653406989 0.00657225260104 0.00759868883997 0.00676962372873 -0.0128680183562 0.0524458677462 0.00830668651106 0.0180630218738 0.0101332823959 0.0108593741346 0.011263166561 0.158833210828 0.00988487197967 0.0170171890532 0.00661788554131 
0.0237756141463 -0.00679992714117 0.0359682806277 0.0223023286935 0.0138555745103 0.0113028711407 0.0534624313401 0.0397411028429 0.0267256072173 0.00969207180506 0.0062444518056 0.0365846737296 0.038074421722 0.0197419871009 0.0148886194279 -0.00427845251717 0.0190986927702 0.0904366928426 0.0443927316802 0.0126590285761 0.0266390113004 0.033480675103 0.0148454714533 0.0310702656694 0.0119297953011 0.0365316097721 0.0340069268669 0.0321401592842 0.0387903794243 0.0301951340478 0.0762605055425 0.0831027963053 0.0484816949385 -0.00144461290993 0.0401335796679 0.0337494413215 0.00988487197967 0.904568530057 0.00302510635994 0.0799199154256 
0.00951463398884 0.00872016000299 0.00158575886296 -0.00150389238983 0.0132763828747 0.0168297885638 0.013204576525 0.0185208969311 0.0093819908585 0.00289532996835 0.0131234780093 -0.00306962163828 0.0061312892076 0.0202415367278 0.00467613779434 0.00350581354009 0.0198247092113 0.00223071989721 0.0117807495979 0.00754891562012 0.0091928995483 0.0151310153404 0.011664512455 0.00123056838083 0.00524816495776 0.00609457889025 0.0027675161175 0.00634131352838 -0.000722005778394 0.0190095451176 0.0078956480597 0.0144409959546 0.0147586408971 0.00954462229788 0.0112525527846 0.0110534995396 0.0170171890532 0.00302510635994 0.177081675795 -0.00615061870417 
0.0368213403664 0.00890006524186 0.0251700016189 0.0261635747351 0.0123336534251 0.0125221289149 0.0541381215138 0.0353017074793 0.0332253898119 -0.00398015070364 0.00742615482247 0.0458351747615 0.0529706043895 0.0374588522475 0.0235874147333 0.0165629038366 0.0182779889846 0.0563610282559 0.0517868245809 0.00321133713648 0.0419191155995 0.0307058240029 0.0030675193029 0.0237658529231 0.0154862444789 0.0159708386133 0.049524208228 0.0393747496562 0.0336402737781 0.00213783369349 0.0656057226206 0.0818138789836 0.0145754407284 0.00254549608797 0.0378654707302 0.0170202848795 0.00661788554131 0.0799199154256 -0.00615061870417 0.622083090495 

['FD', 'TRB', 'VMC', 'MRO', 'PBI', 'IFF', 'AMAT', 'JCP', 'PLL', 'ETR', 'CLX', 'HAL', 'IR', 'ITW', 'XOM', 'CAG', 'MCK', 'MXIM', 'CTX', 'SVU', 'HPC', 'BDK', 'EIX', 'LLL', 'HRB', 'GILD', 'AW', 'FDO', 'AA', 'DJ', 'QCOM', 'FSL.B', 'EOG', 'UNH', 'CBE', 'TIF', 'IBM', 'AMD', 'JNJ', 'GLW']