20
0.067654701563 0.0623593213805 0.0363496030559 0.0162851568228 0.02736418452 0.0910259677787 0.0377827405953 0.0161403943775 0.133882810383 0.0669692816613 0.0952881581377 0.0355019489908 0.0861911318708 0.0645874353538 0.105459344027 0.0549811443135 0.02392892696 0.0743289823458 0.118814959333 0.0406155741598 
0.388690624507 -0.000553136420786 0.022811544525 0.0134251525745 0.0211167133836 0.0102231108401 0.0241703844427 0.0182012246729 -0.00694817283547 0.0087821992958 0.0167722026101 0.0235898566897 0.0102312146092 0.00115967410743 0.0271805020482 0.00698140298774 0.00590124542639 0.0220020906665 0.00783717807688 0.0235104547803 
-0.000553136420786 0.352372848086 0.0192186340792 0.0127562385958 0.0253141897855 0.035230490977 0.0161253854992 -0.00240869653264 0.0418884425807 0.0428868078587 0.0620660682136 0.0303675176248 0.0117582524928 0.0164550530106 0.0237683050534 0.0143152594761 0.0203634537153 0.0561233148394 0.0304429995887 0.0322844915745 
0.022811544525 0.0192186340792 0.314040311543 0.0138424379398 0.00736794512684 0.0157960560797 0.0152838689216 0.0378229525804 0.0147874395328 0.0128636768769 0.0341925154496 0.023436076925 0.0339065130497 0.0233982975431 0.0327648285541 0.0252252415992 0.0241333604904 0.0399774011372 0.0207407269003 0.0200006284349 
0.0134251525745 0.0127562385958 0.0138424379398 0.164535857508 0.0533335578304 0.00942652584725 0.0301137444572 0.00869395608328 0.0215160513913 0.00528271549762 0.0137864854799 0.013111461762 0.0269041878922 -0.000506168985434 -0.00721758015612 0.00810256164354 0.00433668942291 0.0316458001036 0.0232726957252 0.0380766094304 
0.0211167133836 0.0253141897855 0.00736794512684 0.0533335578304 0.202554138224 0.00976083391299 0.0250203872202 0.00848518526475 0.0451633574977 0.0113982972681 0.026249514202 0.0084092145585 0.0270911173483 0.00896949903821 0.0182494363177 0.00390720104701 0.00491817396523 0.0375519079591 0.0162109637957 0.0354090741128 
0.0102231108401 0.035230490977 0.0157960560797 0.00942652584725 0.00976083391299 0.442319684646 0.0032929021038 0.00515048737229 0.0190036974671 0.0240898789763 0.0644558980075 0.0169594335096 0.0158452439069 0.0277077087582 0.0346587223289 0.0273193062174 0.0213854175931 0.0418179551445 0.0317884246244 0.00819196493799 
0.0241703844427 0.0161253854992 0.0152838689216 0.0301137444572 0.0250203872202 0.0032929021038 0.332802641664 0.0123952803509 0.0449766232925 0.00721230135234 0.0520050420686 0.00994550184198 0.0189575153714 0.0185529241812 0.0150286665801 0.0274261623861 0.00846551859431 0.0271791943029 0.00759747670338 0.0192987239327 
0.0182012246729 -0.00240869653264 0.0378229525804 0.00869395608328 0.00848518526476 0.00515048737229 0.0123952803509 0.179280396551 0.00552563047693 -0.000118182432671 0.0177255877274 0.0132301339763 0.0195305800188 0.000476486606748 0.0185077053683 0.00966583006631 0.00806195728672 0.00813080490247 0.00283200027737 0.0153840959869 
-0.00694817283547 0.0418884425807 0.0147874395328 0.0215160513913 0.0451633574977 0.0190036974671 0.0449766232925 0.00552563047693 0.508461088483 0.036479886649 0.0742750770767 0.0183015360425 0.0304835173131 0.0077540453093 0.00135445315841 0.0146325651011 0.00800975884595 0.0517707604403 0.030730230685 0.0382181060676 
0.0087821992958 0.0428868078587 0.0128636768769 0.00528271549762 0.0113982972681 0.0240898789763 0.00721230135234 -0.000118182432671 0.036479886649 0.483914308577 0.0615692830451 0.0116698642618 0.0216141930587 0.0334355250278 0.0530359720111 0.0352792162172 0.0305186419805 0.0600964009687 0.0322710411108 0.019729999647 
0.0167722026101 0.0620660682136 0.0341925154496 0.0137864854799 0.026249514202 0.0644558980075 0.0520050420686 0.0177255877274 0.0742750770767 0.0615692830451 0.561023161071 0.0561752995357 0.0600960623114 0.0282218237746 0.0728451902716 0.0253810166722 0.0520380807988 0.0953191129358 0.053475834121 0.0566435062283 
0.0235898566897 0.0303675176248 0.023436076925 0.013111461762 0.0084092145585 0.0169594335096 0.00994550184198 0.0132301339763 0.0183015360425 0.0116698642618 0.0561752995357 0.320398618544 0.00895897753777 0.0107439605448 0.00840568685703 0.0168951377136 0.0245972433128 0.0306275408582 0.0174520093132 0.0197642325175 
0.0102312146092 0.0117582524928 0.0339065130497 0.0269041878922 0.0270911173483 0.0158452439069 0.0189575153714 0.0195305800188 0.0304835173131 0.0216141930587 0.0600960623114 0.00895897753777 0.411692750908 0.0338433045538 0.040458939501 0.0105905969306 0.00544137358205 0.0469650743466 0.0555570450994 0.0347674251256 
0.00115967410743 0.0164550530106 0.0233982975431 -0.000506168985433 0.00896949903821 0.0277077087582 0.0185529241812 0.000476486606748 0.0077540453093 0.0334355250278 0.0282218237746 0.0107439605448 0.0338433045538 0.358877902453 0.0364830214735 0.0122276066724 0.0473579246749 0.0416154357639 0.0123835656875 0.0206566528489 
0.0271805020482 0.0237683050534 0.0327648285541 -0.00721758015612 0.0182494363177 0.0346587223289 0.0150286665801 0.0185077053683 0.00135445315841 0.0530359720111 0.0728451902716 0.00840568685703 0.040458939501 0.0364830214735 0.753311692961 0.0177987621089 0.0282878045464 0.0315891143033 0.025186965445 0.0353340312676 
0.00698140298774 0.0143152594761 0.0252252415992 0.00810256164354 0.00390720104701 0.0273193062174 0.0274261623861 0.00966583006631 0.0146325651011 0.0352792162172 0.0253810166722 0.0168951377136 0.0105905969306 0.0122276066724 0.0177987621089 0.448793972068 0.00982263777824 0.0167856987816 0.0146891577764 0.0431804740379 
0.00590124542639 0.0203634537153 0.0241333604904 0.00433668942291 0.00491817396523 0.0213854175931 0.00846551859431 0.00806195728672 0.00800975884595 0.0305186419805 0.0520380807988 0.0245972433128 0.00544137358205 0.0473579246749 0.0282878045464 0.00982263777824 0.25013921631 0.0331898996207 0.0165123174128 0.0211941953899 
0.0220020906665 0.0561233148394 0.0399774011372 0.0316458001036 0.0375519079591 0.0418179551445 0.0271791943029 0.00813080490247 0.0517707604403 0.0600964009687 0.0953191129358 0.0306275408582 0.0469650743466 0.0416154357639 0.0315891143033 0.0167856987816 0.0331898996207 0.33223781788 0.0645205801838 0.04022937849 
0.00783717807688 0.0304429995887 0.0207407269003 0.0232726957252 0.0162109637957 0.0317884246244 0.00759747670338 0.00283200027737 0.030730230685 0.0322710411108 0.053475834121 0.0174520093132 0.0555570450994 0.0123835656875 0.025186965445 0.0146891577764 0.0165123174128 0.0645205801838 0.50929862935 0.0207688670083 
0.0235104547803 0.0322844915745 0.0200006284349 0.0380766094304 0.0354090741128 0.00819196493799 0.0192987239327 0.0153840959869 0.0382181060676 0.019729999647 0.0566435062283 0.0197642325175 0.0347674251256 0.0206566528489 0.0353340312676 0.0431804740379 0.0211941953899 0.04022937849 0.0207688670083 0.232946155866 

['SWY', 'DE', 'SGP', 'AEP', 'DUK', 'AW', 'PGL', 'JNJ', 'SLB', 'EK', 'PHM', 'FISV', 'HPQ', 'KSS', 'TEK', 'MIL', 'LIZ', 'LEH', 'SUNW', 'SPG']