60
0.0850489592031 0.0870342926162 0.0988670942005 0.093312473985 0.0425593974561 0.0782010317916 0.0124927962784 0.197480990077 0.0565518641406 0.0144645316835 0.0247746242904 0.0414012394119 0.0304896250645 0.026407260569 0.0163484450471 0.112290577846 0.164482556217 0.0151091702759 0.0220926651793 0.0428749123775 0.0623322546876 0.0785675118811 0.0284224966367 0.13159191543 0.0131635076039 0.0206012582373 0.114457978761 0.0266042550295 0.149246593495 0.0290232005544 0.080285366307 0.0404531955786 0.0909027791802 0.114001255301 0.041097516798 0.121001700606 0.146363775453 0.0726136826411 0.0373994541978 0.0265727047954 0.0525709156995 0.0545718905582 0.0448250845436 0.0280903462606 0.074230100705 0.0695535734162 0.0788996306534 0.116988452624 0.0192488530763 0.0970140476379 0.119859861498 0.0746691414478 0.0388313797841 0.0298565853869 0.0162851568228 0.0335830315084 0.0484031048171 0.199130076205 0.200970993098 0.02392892696 
0.713012226784 0.0455552563639 0.0237496706797 0.016298866974 0.00899634754968 0.0428773746096 0.0210814685736 0.00257960649981 0.0423672036016 0.0172117623352 0.00956435150757 0.0459107032302 0.00740729614863 0.00922934527813 0.0191427794513 0.0458302007202 -0.0189588158529 0.00221842646821 0.00257098394717 0.0354934500484 0.0274415120499 0.0287533902696 0.00636350384867 0.0665526343265 0.00444256018754 0.0102724246452 0.0312894109846 0.0296819855952 0.00660159494453 0.00568696003993 0.0191593908688 0.0274801931895 0.0148764976784 -0.0121972886054 0.00938943116942 0.0454728020582 0.000875933644154 0.0214394831193 0.00256806173426 0.0124178310014 0.0144018180863 0.0146379960599 0.021815649247 0.00876092352342 0.0295647172474 0.00518207611248 0.00549237610894 0.0255303635373 0.0172789177943 0.0554870506223 0.0291963366947 0.00813056125367 0.012628153168 0.00905975488549 0.0122131067989 0.0335950904347 0.0221592157306 0.0340359546331 0.0238302799986 0.0150791089258 
0.0455552563639 0.363207659561 0.0488965619844 0.0207671408564 0.0191714674156 0.0401584981199 0.0124302669063 -0.00341374130846 0.0229651217671 0.0289238540227 0.0191449363808 -0.00120037243217 -8.39830424605e-05 0.0179556083646 0.0179459156186 0.0491656504635 0.0556594678003 0.00390827983854 0.000267319789322 0.0128443340571 0.00642628857945 0.0201956830791 -0.000916079754172 0.0426246076686 0.00856168431479 0.0372039408327 -0.00146545884613 0.0655246583227 0.0257628065414 0.00951152564976 0.0159151672567 0.0453905563563 0.0172187644774 0.0158964971667 0.0218560035278 -0.00496609770355 0.0272816470649 0.0732614842562 0.024927858669 0.0175408284148 0.0300979461627 -0.000379108236876 0.0179901053449 0.0134137616687 0.0320878797488 0.0111925577428 -0.000309631682088 0.0513853186852 0.00380466611647 0.0335829837254 0.0748707113324 0.00782256986079 0.0149658218299 0.0162433917404 0.0176988950857 0.0339084517991 0.0378022149324 0.0674944287264 0.0174602659701 0.0232397040077 
0.0237496706797 0.0488965619844 0.469270711306 0.00303005494785 0.0538154927187 0.0368912530585 0.0122127824325 0.0564648335604 0.0149206831597 0.0360881662576 0.0156448825929 0.0103200332089 0.0156632097573 0.0102356528559 0.0139225099738 0.0372861876519 0.0384903605004 0.0113132062742 0.0126042379375 0.0420984109454 -0.000241857112477 0.0186164993373 0.0177449795275 0.0469097064413 0.00375005618967 0.0224098028359 0.0213643178895 0.0195844056134 0.0204418629433 -0.00106014151508 0.0595763284664 0.0386223243696 0.0112140745285 0.0254610369603 0.0102502358637 0.0205047823054 0.0274230172414 0.040739141153 0.00765892883402 0.00534737055271 0.0343902260383 0.010794674521 0.0117657345863 0.0222830435282 0.0457802974256 0.00831449076181 0.0492076676951 0.03742878294 0.00638050178317 0.028193006587 0.0614644052131 0.0293205103299 0.0479151117516 0.00484028029105 0.00706134607015 0.084584518579 0.0372775402137 0.0669558344516 0.0189065532295 0.0204676928319 
0.016298866974 0.0207671408564 0.00303005494785 0.355829844194 0.0156962863064 0.00660175201927 -0.0018134730044 0.0140135199535 -0.00604328807642 -0.00668608345588 0.00887014978409 0.00019062909911 0.000257819013158 -0.00503162579636 0.0186934722504 0.12609746352 0.111100797231 0.0124750885768 0.0176352578226 0.00263791646993 -0.00567410057145 -0.000602599454063 -0.00261059659332 0.158162840803 0.0146153297913 0.00277140902615 0.114074923654 -0.0192393184366 0.112014830597 0.0112484044573 0.0196032711268 0.0162833968693 0.00297524631697 0.00684854194692 0.0103783663818 0.0573042824216 0.0281505331156 0.00253168811433 0.0268191164085 0.00404709864971 0.0214996299382 0.00397640080399 -0.00977583478702 -0.0139001555266 0.0343276762353 0.00584679454343 0.0274987122413 0.031461187917 0.00336783902197 0.0490148442913 0.0119555357399 0.0161525887328 0.0285011006288 0.00663737605389 0.0138007908346 -0.0095373512961 0.0206042225785 0.0776373842268 0.00871348931314 0.0040778121406 
0.00899634754968 0.0191714674156 0.0538154927187 0.0156962863064 0.390530128554 0.0093990058857 0.0217952547886 0.0384119690944 0.0236751492507 0.0139281045394 0.0215594464973 0.0245960156349 0.0119051051676 0.0200167157308 0.0144455918577 -0.00762618521974 0.00649160246116 0.0127456741376 0.00924286448843 0.025600108742 0.0311364521262 0.0155302756527 0.00909627615823 0.0417170880102 0.00843526506974 0.0133788167124 0.0257186365316 0.0151246383724 0.0239573459473 0.00872446396048 0.0106309308 0.00585259196426 0.000616812254217 -0.0104678535875 -0.0206024294242 0.0214718839896 0.0227108620608 0.0137757912446 0.0310532364828 0.0156193687448 0.0169266639841 0.012922966525 0.0206329391462 0.0333965933303 0.0404764992111 0.011071240067 0.0222514018045 0.0277468208348 0.0131390502251 0.0328211539898 0.02393680138 0.031723985477 0.0435979725978 0.0159604759075 0.0303266997876 0.00942730226161 0.030627878907 0.0105713883042 0.0407231287191 0.0207144283788 
0.0428773746096 0.0401584981199 0.0368912530585 0.00660175201927 0.0093990058857 0.357117577078 0.00823186338905 0.133822769936 0.0182869666014 0.0221929549196 0.0274120459576 0.0163585284026 -0.00894898441215 0.0093182188728 0.0100095883737 0.0264012644104 0.0058326997006 0.0069860206171 0.00947095007519 0.0337519800174 0.00970201384632 0.0291940905654 -0.00672610283171 0.0179588050856 0.0200399925616 0.0112246422697 0.00712637252099 0.00777095988905 0.0356486654741 0.0274890470499 0.0213234424698 0.00734775611103 0.0384948402318 -0.00324688658218 0.0134406507387 0.00991861378938 0.0160247660365 0.0349817432066 -0.0037762813053 0.0162825957868 0.0182149271379 0.00880910312365 0.0213628511631 0.0129222620979 0.0335662801798 0.0211298803364 0.00137616288076 0.0247576417331 -0.0124021115192 0.031779533007 0.0378457960478 0.0449453999412 0.0228817527975 0.00335170898148 0.00885223429338 0.0284067770616 0.0122249107936 0.0220286414389 0.00804298710318 0.0147048410452 
0.0210814685736 0.0124302669063 0.0122127824325 -0.0018134730044 0.0217952547886 0.00823186338905 0.171186576634 0.0491820540875 0.0231908667978 0.0114359696179 0.00793458904427 0.0152875673317 0.00377659067382 0.00423111087541 0.0114277851878 0.00802772063874 -3.00398866986e-06 0.013980742028 0.00133789157566 0.0173472389191 -0.00246703400815 0.0180857580159 0.016427724351 0.0127406615406 0.0163542517899 0.0214934046495 0.00288379443948 0.0191435445484 0.00147003428154 0.0104601370068 0.0197431498095 0.00407743719888 0.0127129186576 0.0121251140107 0.0125318631626 0.000845408109263 0.0114331080565 0.0254676191436 0.0182461316697 0.00234818035757 0.00981118510385 0.013129199568 0.0106985963459 0.0125602073354 0.0389727296221 0.00560827821634 0.000997306882872 0.0150091426065 0.0131318541 0.0451500825975 0.012603183157 0.000415555455997 0.0282308137747 0.0119281029957 0.00734218921431 0.0139599807867 0.00664768792763 0.0165451711598 0.00913889963756 0.0139119893698 
0.00257960649981 -0.00341374130846 0.0564648335604 0.0140135199535 0.0384119690944 0.133822769936 0.0491820540875 0.865480643603 0.015883564448 -0.0141308468172 0.00884782200123 0.0130563882968 0.00151564170364 0.0271037679533 0.00949578366599 0.0262927039287 -0.0114109457499 -0.00202860054888 0.0155284386131 0.0261167753435 0.028252062064 0.0113431770861 -0.011958677092 0.0279330223075 0.00652985164102 0.0113401137762 0.0120648212569 0.00490348393066 0.0297400754542 0.0268060874478 0.0106628318674 0.00554138232108 -0.0227153374019 -0.00942041723618 0.029397710253 0.0211455057159 -0.00903319060921 -0.000588210196974 0.00891337395782 0.0289444618385 0.0138116983355 0.00630669005792 0.0219958358326 0.0231378466213 0.0484476385976 -0.00153579673158 -0.00360538716468 0.01906507523 0.00380317382046 0.0548758239351 0.0192297510501 0.0281224932239 0.0170246213363 0.0105110875427 0.00274193235531 0.033172364052 0.0149378936061 0.0164574921327 -0.000352084895535 0.0144982497977 
0.0423672036016 0.0229651217671 0.0149206831597 -0.00604328807642 0.0236751492507 0.0182869666014 0.0231908667978 0.015883564448 0.223632974857 0.0119287819022 0.0280966955896 0.0782498620069 -0.00467811385568 0.0255324783218 0.0309277773694 0.00981192515003 -0.00500919134408 0.017034978675 0.0368099652869 0.026613942702 -0.010412903009 0.0226782365929 0.00855327311487 0.0322768450454 0.0239037110938 0.00746490879306 0.0160594630176 0.0138011331825 0.0121801535372 0.000218077046797 0.0143639281886 0.00777143772044 0.00553953059924 -0.0064540602352 0.00955307908991 0.00915475747474 0.0109675574723 0.0269243327332 0.0102557317596 0.00468139061829 0.0215457183797 0.0226738160671 0.0175777612748 0.0151106291553 0.0505261600248 0.0332450957128 0.0141356849582 0.024447610328 0.0088822300575 0.0401195655153 0.00845644914487 0.0193884290341 0.027214273533 0.0259623309721 0.0211551402042 0.00741007859139 0.0261769404343 0.0125406095863 0.0201838235096 0.0173784526624 
0.0172117623352 0.0289238540227 0.0360881662576 -0.00668608345588 0.0139281045394 0.0221929549196 0.0114359696179 -0.0141308468172 0.0119287819022 0.282559736022 0.0164552744178 0.00206494790359 -0.00111269616544 0.0135036588204 0.0191614530375 -0.00355082521584 -0.00163635947134 0.00831351489891 0.00126656659237 0.0162197063364 0.0121656982925 0.0283520258125 0.00955388653977 0.0211699985438 0.00732590124122 0.0200542127117 0.00184223318814 0.00740534366965 -0.00205715424469 0.00047207694356 0.0128886727488 0.00263789311491 0.00742187618769 -0.00637598675941 -0.00237398897133 -0.0161560053552 -0.00237516833363 0.0220327312371 4.73309730751e-05 -0.00162621107876 0.0108126977637 0.017614441411 0.00334404425992 0.0136267710786 0.0135240328432 -0.0014656910498 -0.022525597856 0.000593792757489 0.00900476705194 0.00687886361124 0.00788071594526 0.00210644912948 -0.00329976125885 0.0139325441149 0.0120646451534 0.0173556471617 0.00546361819089 0.0175328141058 0.00388255051193 0.00940449803819 
0.00956435150757 0.0191449363808 0.0156448825929 0.00887014978409 0.0215594464973 0.0274120459576 0.00793458904427 0.00884782200123 0.0280966955896 0.0164552744178 0.176591176365 0.0163514162159 0.00902163677807 0.015400734311 0.00561328001842 0.0058552593786 0.0197613776088 0.0185550159277 0.014328192956 0.0227631846996 -0.00220726575596 0.0223141593494 0.0284516581828 0.00341303654198 0.00876960750961 0.0124494368844 0.00829837155247 0.0112521430129 0.012762806498 0.0210101181025 0.0147564639122 0.0162767966362 0.00343325397656 0.00815440710643 0.0125341653429 0.0145477859445 0.00409683532878 0.0216155543525 0.020934863679 0.013734998026 0.017931233316 0.00418846393894 0.012320640452 0.0359480066589 0.0151041616689 0.0392428157224 0.0159500886309 0.0125792594713 0.0167127381633 0.0109067931002 0.0154472531739 0.0213148992212 0.0151980587782 0.0136857211168 0.0145053430218 0.0152827273315 0.0119256672445 0.026432918141 0.00920677058491 0.0131117591696 
0.0459107032302 -0.00120037243217 0.0103200332089 0.00019062909911 0.0245960156349 0.0163585284026 0.0152875673317 0.0130563882968 0.0782498620069 0.00206494790358 0.0163514162159 0.225081323129 0.014299861756 0.0130492216666 0.00974126511191 0.015610577847 -0.00649839237265 0.010305988881 0.0058058290743 0.00741078811993 -0.00417371294134 0.00687170749152 0.00367973470657 0.018343307372 0.00907769794979 0.00545263369186 0.00719670100483 0.00923818098714 0.0117259094203 0.00388628273421 0.0206175141794 0.0141350556192 -0.00258687243075 -0.0106640774153 0.00932223122067 0.0153860116652 0.0264072150211 0.0113873440245 0.0177116576734 0.00976306105779 0.0195401936666 0.0158013980863 0.0174705607433 0.0132928548555 0.0166560598824 0.0487012717693 0.00206916269458 0.00600046415339 0.0132543337772 0.0211835645448 0.00877195885951 -0.00393047804392 0.0154239703946 0.00933656359488 0.0159996365398 0.013852526564 0.0210298463595 0.00517497165281 0.010040152346 0.00810664046944 
0.00740729614863 -8.39830424604e-05 0.0156632097573 0.000257819013158 0.0119051051676 -0.00894898441216 0.00377659067382 0.00151564170364 -0.00467811385568 -0.00111269616544 0.00902163677807 0.014299861756 0.209231082975 0.0104323691138 0.0085074410153 0.00530521312225 -0.00220707547104 -0.00383172427277 0.00899038438629 0.00741496754206 0.01110379929 0.00829355825643 0.0179574067741 0.00621128780563 0.00181929498188 0.00405859353427 0.000328540584407 0.00857298341236 -0.0126760945336 0.00358402503899 0.016748817374 -0.00420774835965 0.0137161313262 -0.00129912919959 0.00877592589758 0.0261887882479 0.0147358435042 0.0170891134336 0.0175187727099 0.0164682331498 0.00313549129303 0.010293489132 -0.00129112645313 0.00473658651474 0.0127234784736 0.00888393439755 0.00397790854436 0.0189877517111 0.0242403107434 0.0140050444831 0.00881154506343 -0.000254560742226 -0.00483044219748 0.0197923631927 0.00787331293819 0.000533620199435 -0.000506391637557 0.02019606026 0.00188788110279 0.0064864801028 
0.00922934527813 0.0179556083646 0.0102356528559 -0.00503162579636 0.0200167157308 0.0093182188728 0.00423111087541 0.0271037679533 0.0255324783218 0.0135036588204 0.015400734311 0.0130492216666 0.0104323691138 0.199141237387 0.0154704625014 -0.010940036297 0.00384033977422 0.0179369379556 0.018462475909 0.0199155125092 0.00169464631073 -0.00364488973412 0.00761966380309 0.00423864240596 0.0248797367385 0.0122079342963 0.00499858605759 0.0249676090175 0.00420113118431 0.0190834608998 0.021513721284 0.0182848945796 0.00502256073131 0.00618457084792 0.0183393610551 0.00709346622526 0.00592040785453 0.0288536088837 0.01611579401 0.0202222454959 0.0202379273074 0.0289900960971 0.025805547185 0.0472126777148 0.0335656400632 0.00539657093949 0.0135853008427 0.0156693435689 0.00736528274422 0.0401303677239 0.0111704688992 0.0203650925779 0.0134331883439 0.0415011495091 0.0128450875692 0.00959442861185 0.0170646695794 0.0215752410337 0.00710310918443 0.0142274816692 
0.0191427794513 0.0179459156186 0.0139225099738 0.0186934722504 0.0144455918577 0.0100095883737 0.0114277851878 0.00949578366599 0.0309277773694 0.0191614530375 0.00561328001842 0.00974126511191 0.0085074410153 0.0154704625014 0.184882375626 0.0212441075651 -0.00724112247778 0.00553891459205 0.0450537094031 0.00423165309139 -0.000637754985851 0.00728099977495 0.0212955007327 0.0282103915701 0.0474179862132 0.00423693104421 0.0235226642771 0.0106002066571 0.0372187487158 0.015956564793 0.0145155185192 -0.00133236905688 0.0122777115377 0.000454853934836 0.0118363385999 0.0364583302713 0.0134871739352 0.00896797885616 0.0125933145815 0.00928076995021 -0.00178324753183 0.0462548436222 0.00448597560651 0.0250020334764 0.0117779991277 0.00287602038487 -0.00242207596934 0.0119013427077 0.0072651855926 0.0149169117966 0.0123604296809 0.00511830662351 0.00167060214628 0.013184208734 0.0473916591749 0.00886579603945 0.00790336965078 0.011230924066 0.012286253321 0.00335993051941 
0.0458302007202 0.0491656504635 0.0372861876519 0.12609746352 -0.00762618521974 0.0264012644104 0.00802772063874 0.0262927039287 0.00981192515003 -0.00355082521584 0.0058552593786 0.015610577847 0.00530521312225 -0.010940036297 0.0212441075651 0.392144345769 0.0229230349167 0.0035527253578 0.0142128132196 0.0184018962631 -0.00712547451941 -0.00171276912472 0.000171314978011 0.21382795601 0.0149815672964 0.0330752303176 0.108810490281 0.0206481921025 0.128104172888 0.0111797658116 0.0122465286952 0.0180418487271 0.0350455570501 0.00694504319924 0.0397065032575 0.0513126552168 0.00727018677111 0.0340746379698 0.00654906506003 0.0293686408184 0.0438632143338 0.0241432761742 0.0106754433728 -0.0099790866946 0.0430036860819 0.0020453041033 0.00769787583762 0.0624466968763 0.00390046855399 0.0481601601121 0.0647999532303 0.0281649564656 0.0168192386055 0.0107022296033 0.0166549094093 0.0128851571994 0.0293136380545 0.0596693440122 -0.0143031867709 0.0046049015829 
-0.0189588158529 0.0556594678003 0.0384903605004 0.111100797231 0.00649160246116 0.0058326997006 -3.00398866987e-06 -0.0114109457499 -0.00500919134408 -0.00163635947134 0.0197613776088 -0.00649839237265 -0.00220707547104 0.00384033977422 -0.00724112247778 0.0229230349167 1.88803658372 -0.0165637965315 0.00143910422107 0.00982156912345 6.73492192386e-05 0.012015335733 -0.001240732844 0.0519760333955 0.00271567695349 0.0506090083301 0.0482142934713 0.000668501733445 0.0597045949371 -0.00631062771976 0.000403612954598 0.00514820740718 0.00908521732334 -0.0217781464951 -0.0116644531558 0.0208420510594 -0.0182484704577 0.00673165301216 0.00223633107472 -0.00366919718334 0.00343370692021 0.00508485316957 0.0002001046877 -0.00659165422677 -0.00128387955392 0.0153447977138 -0.00389288384331 -0.00558224797351 0.00460197971195 -0.00811855999885 -0.00371185643208 -0.00772870958144 -0.0164349585304 -0.00132913911404 -0.00532868897627 -0.01065436157 -0.00585010559552 -1.26296887826e-05 -0.00433595847392 -0.00260931546541 
0.00221842646821 0.00390827983854 0.0113132062742 0.0124750885768 0.0127456741376 0.0069860206171 0.013980742028 -0.00202860054888 0.017034978675 0.00831351489891 0.0185550159277 0.010305988881 -0.00383172427277 0.0179369379556 0.00553891459205 0.0035527253578 -0.0165637965315 0.152341953384 0.0121209846348 0.00814258578661 -0.0062698699444 -2.69309675483e-05 0.0102617324092 -0.00604826166717 0.00978772949564 0.0158781414575 -0.0034427833462 0.0100013441988 0.0123434255778 0.0185320828291 0.0129511213837 0.0184421007422 0.0116746205535 -0.00457479582214 0.0159784467029 0.0118149398387 0.0113381928923 0.0216219245903 0.0201440793975 0.0132023266632 0.00504679586035 0.0194041695981 0.0166726775704 0.0187573930064 0.0104173163594 0.004377213312 0.00455252270083 0.0170675190114 0.0129112234114 0.0221469453476 -0.0020378588375 0.00600853844607 0.0124751340056 0.0129577491542 0.00375354927659 0.00919487735999 0.0179278915282 0.0110093748451 0.00564529400908 0.0105027345131 
0.00257098394717 0.000267319789323 0.0126042379375 0.0176352578226 0.00924286448843 0.00947095007519 0.00133789157566 0.0155284386131 0.0368099652869 0.00126656659237 0.014328192956 0.0058058290743 0.00899038438629 0.018462475909 0.0450537094031 0.0142128132196 0.00143910422107 0.0121209846348 0.220666841411 0.0018400969988 -0.00929829563709 0.0105676412421 0.0114147828831 0.0131980733028 0.0391456234939 0.0018581052059 0.0163051777538 -0.00388214287782 0.0251545361284 0.00435894269199 0.011555693207 0.00429021762252 0.0163961218547 -0.000938033549356 0.014801231635 0.0376710700133 0.0244851174986 0.015001205137 0.0108769861136 0.00818161838997 0.0110812650694 0.0439816789789 0.000627841545331 -0.00358809400641 0.0129939012532 -0.0104406815196 -0.00702245826064 0.00267756634718 0.00352116201128 0.0128399308473 0.00305200091231 0.00697843022986 0.000773210464311 0.0057391526739 0.032437154776 0.00299536154194 0.00422563513869 0.00611324708341 0.0197670256112 0.0001988802539 
0.0354934500484 0.0128443340571 0.0420984109454 0.00263791646993 0.025600108742 0.0337519800174 0.0173472389191 0.0261167753435 0.026613942702 0.0162197063364 0.0227631846996 0.00741078811993 0.00741496754206 0.0199155125092 0.00423165309139 0.0184018962631 0.00982156912345 0.00814258578661 0.0018400969988 0.252067391631 0.0134823962166 0.00756236796524 -0.000357769560866 0.00964686060075 0.019090436556 0.0123950959028 0.00576964915174 0.0169998090271 0.00717545381461 0.00927732908919 0.00833109826622 0.00621832611914 0.0176382239657 -0.00359731991623 0.0109192794037 0.023689096304 0.00544091696658 0.0281031629516 -0.00490930240044 0.0196380905755 0.0171907177236 0.0136396497003 0.017976531074 0.0291820360674 0.0218100022181 0.0233582249069 0.0047360295011 0.018451993961 0.0148202253286 0.01693596753 0.00753774964227 0.035580187382 0.0140419810177 0.0313241501169 0.0129448567327 0.0374973066634 0.00541384657035 0.0276322946747 0.00908324845124 -0.000548061411856 
0.0274415120499 0.00642628857945 -0.000241857112478 -0.00567410057145 0.0311364521262 0.00970201384632 -0.00246703400815 0.028252062064 -0.010412903009 0.0121656982925 -0.00220726575596 -0.00417371294134 0.01110379929 0.00169464631073 -0.000637754985851 -0.00712547451941 6.73492192389e-05 -0.0062698699444 -0.00929829563709 0.0134823962166 0.530878637189 0.00478192181018 0.00447916029818 -0.00118328790059 0.00312351951104 0.00895295882502 -0.00474589887802 0.00569833315592 5.07057607906e-05 -0.00465587263929 0.022036384463 0.017878954964 0.010995101298 -0.00854119050432 0.0127670802503 -0.00975310289942 0.00300675782613 0.0044657868989 0.0333597363306 0.00291399225309 0.000218740622462 -0.00300024595335 0.0142395103836 0.0182967642195 0.0228904162232 -0.00075703232163 -0.0130906234197 0.0146543982548 0.0167799957889 0.0106423274099 0.00992185941705 -0.00214565687066 0.0317028323882 -0.000690707842693 0.00715571851524 0.00291779350697 0.0127956414073 -0.0243061075762 -0.0016489327952 0.00853089999042 
0.0287533902696 0.0201956830791 0.0186164993373 -0.000602599454063 0.0155302756527 0.0291940905654 0.0180857580159 0.0113431770861 0.0226782365929 0.0283520258125 0.0223141593494 0.00687170749152 0.00829355825643 -0.00364488973412 0.00728099977495 -0.00171276912472 0.012015335733 -2.69309675483e-05 0.0105676412421 0.00756236796524 0.00478192181018 0.500666132907 0.0012451413126 0.00830055006919 0.00147587259637 0.0101471518453 -0.00397685258392 0.0113325970717 0.00200324612891 -0.000537107910186 0.0172360653974 0.019639072983 0.000420837929784 -0.0100800814542 0.00634219554374 0.00083091414753 -0.0066267156936 0.00737672574221 0.0151086644429 0.0132651370969 0.0195413346871 -0.0104507454459 0.00705721692449 0.00300904649755 0.0151806411558 0.0317415055759 0.00758154802278 0.0198852744109 0.0117138612852 0.0169508432554 0.0256683958421 0.0322427796256 0.0181760397993 -0.00135450255959 0.0130623599518 0.024300887501 0.0199834180705 -0.00544509913323 0.200491557354 0.0209084582353 
0.00636350384867 -0.000916079754172 0.0177449795275 -0.00261059659332 0.00909627615823 -0.00672610283171 0.016427724351 -0.011958677092 0.00855327311487 0.00955388653977 0.0284516581828 0.00367973470657 0.0179574067741 0.00761966380309 0.0212955007327 0.000171314978011 -0.001240732844 0.0102617324092 0.0114147828831 -0.000357769560866 0.00447916029818 0.0012451413126 0.190267438528 0.00588043929141 0.0141248146395 0.000653034932173 0.00190838830409 0.00787383591147 -0.00412423317516 0.00516988691632 0.00828303108922 0.00577823245501 0.0144760753205 -0.000795381732661 0.00177629524108 0.0181564912038 0.00240990838648 0.00413954595432 0.00286321812084 0.0135001048014 -0.00344357956525 -0.000335741134913 0.00234359922237 0.0141906518306 0.000433232638563 0.00917880400471 0.0371576072607 0.00538840958173 0.0113188733983 -0.00178068325333 0.0091078698327 -0.00495866130215 -0.00608319909874 0.0112133580638 0.0100616182473 0.0136732697959 0.00525345172801 0.0236202579159 0.0205269626165 -0.00818919663115 
0.0665526343265 0.0426246076686 0.0469097064413 0.158162840803 0.0417170880102 0.0179588050856 0.0127406615406 0.0279330223075 0.0322768450454 0.0211699985438 0.00341303654198 0.018343307372 0.00621128780563 0.00423864240596 0.0282103915701 0.21382795601 0.0519760333955 -0.00604826166717 0.0131980733028 0.00964686060075 -0.00118328790059 0.00830055006919 0.00588043929141 0.432418938441 0.0155957769984 0.029907143982 0.124102319332 0.00937471332225 0.149586606214 -0.000618566646637 0.0219708176239 0.0328880008519 0.0207999585354 0.00201877771812 0.0458947738303 0.0399977001636 0.0199149819394 0.0194108669915 0.00518587367863 0.0128660963441 0.0187328614113 0.041526945927 -0.00661848947185 0.00506335904551 0.057951105938 -0.00822878454342 0.016624871074 0.0372142327214 0.00709035208774 0.0642265531233 0.0291898639989 0.0243107053599 0.0192887287171 0.00650937263963 0.0155824557521 0.0242323561316 0.0253008016412 0.0799997527352 -0.00319690876075 0.00170682316918 
0.00444256018754 0.00856168431479 0.00375005618967 0.0146153297913 0.00843526506974 0.0200399925616 0.0163542517899 0.00652985164102 0.0239037110938 0.00732590124122 0.00876960750961 0.00907769794979 0.00181929498188 0.0248797367385 0.0474179862132 0.0149815672964 0.00271567695349 0.00978772949564 0.0391456234939 0.019090436556 0.00312351951104 0.00147587259637 0.0141248146395 0.0155957769984 0.139287296934 0.00246339845831 0.0128732369872 0.0140297158506 0.0259359862826 0.013211735911 0.0124549737597 -0.00566337029974 0.00684054294343 0.000689171944341 0.0264561743674 0.0224653231658 0.00304180666687 0.00274062150507 0.00876159398796 0.00471914364291 0.00458658738942 0.0506292918687 0.00715400350128 0.0123285827467 0.0107424392723 -0.00718494663014 -0.00392113064173 0.000959386592612 0.013964538556 0.0056947411429 0.00643598380297 0.0225124731719 0.0029420023014 0.0224379100429 0.0385887784165 0.00838872418978 -0.00158521240316 0.00372043798478 0.0107619152225 0.000588199800104 
0.0102724246452 0.0372039408327 0.0224098028359 0.00277140902615 0.0133788167124 0.0112246422697 0.0214934046495 0.0113401137762 0.00746490879306 0.0200542127117 0.0124494368844 0.00545263369186 0.00405859353427 0.0122079342963 0.00423693104421 0.0330752303176 0.0506090083301 0.0158781414575 0.0018581052059 0.0123950959028 0.00895295882502 0.0101471518453 0.000653034932173 0.029907143982 0.00246339845831 0.171316662757 0.0163067674651 0.0179288844139 0.0189903236753 0.0142280587807 0.0282801546745 0.00941162478284 0.00403602135625 0.00497239775123 0.0257408179596 0.0122467202424 0.00220845922495 0.0271298520196 0.00129354486435 0.0157171432941 0.0143453106793 0.00826144167903 0.0109492312658 0.0127227087829 0.0279174961989 -3.03111217187e-05 0.012209572275 0.0116901210219 0.0142808065388 0.0122443731962 0.0308614946739 0.0215884149125 0.017068717246 0.0244914989889 0.00408631612886 0.00756378801885 0.0384364071053 0.0257344037207 0.00835383332432 0.0165067224994 
0.0312894109846 -0.00146545884614 0.0213643178895 0.114074923654 0.0257186365316 0.00712637252099 0.00288379443949 0.0120648212569 0.0160594630176 0.00184223318814 0.00829837155247 0.00719670100483 0.000328540584407 0.00499858605759 0.0235226642771 0.108810490281 0.0482142934713 -0.0034427833462 0.0163051777538 0.00576964915174 -0.00474589887802 -0.00397685258392 0.00190838830409 0.124102319332 0.0128732369872 0.0163067674651 0.348195222102 -0.00663484220704 0.171008277038 0.00324240218078 -0.00415063411093 0.0255451250396 0.0155156910418 0.00336760516847 0.0138126163393 0.0536353656954 0.0110615396628 0.0234142765779 0.0031018209732 0.000117931676819 -0.00139939812005 0.0243814241674 -0.0101797949247 -0.0153550865982 0.057884334405 -0.00202788363877 0.00823547399807 0.0320043792843 -0.000242575276331 0.0457880452392 -0.00397386132133 0.00722155141499 0.000361309974331 -0.00479833722013 0.0287475311358 -0.0104544334867 0.0214090737606 0.0805531661237 -0.00709651365239 0.00620139934205 
0.0296819855952 0.0655246583227 0.0195844056134 -0.0192393184366 0.0151246383724 0.00777095988905 0.0191435445484 0.00490348393066 0.0138011331825 0.00740534366965 0.0112521430129 0.00923818098714 0.00857298341236 0.0249676090175 0.0106002066571 0.0206481921025 0.000668501733445 0.0100013441988 -0.00388214287782 0.0169998090271 0.00569833315592 0.0113325970717 0.00787383591147 0.00937471332225 0.0140297158506 0.0179288844139 -0.00663484220704 0.19332573874 -0.00233043406811 0.000754439707909 0.0199310362598 0.0214904147431 0.00328977173253 -0.00543225560943 0.0203992257763 0.0128739869643 0.00236269382135 0.0187621901827 0.0188621163097 0.0130450122542 0.00881308676052 0.00960059346661 0.0296631954137 0.0189024839779 0.0356201729324 -0.00234427327891 0.00239473031208 0.0149641592257 0.00862498239037 0.0261063527902 0.0349676141134 0.0139940136707 0.0245121311745 0.0187552144585 -0.00118262703195 0.0343219202361 0.00905169940088 0.00758730313535 0.00985273044775 0.0192748862202 
0.00660159494453 0.0257628065414 0.0204418629433 0.112014830597 0.0239573459473 0.0356486654741 0.00147003428154 0.0297400754542 0.0121801535372 -0.00205715424469 0.012762806498 0.0117259094203 -0.0126760945336 0.00420113118431 0.0372187487158 0.128104172888 0.0597045949371 0.0123434255778 0.0251545361284 0.00717545381461 5.07057607905e-05 0.00200324612892 -0.00412423317516 0.149586606214 0.0259359862826 0.0189903236753 0.171008277038 -0.00233043406811 0.486030385299 -0.0033156404763 0.0185165988874 0.0181179456122 0.0364422234256 0.0233985983899 0.0357829694323 0.153190269628 0.0122785544391 0.0296922676527 0.0179993445082 0.0034445229129 0.000511293012449 0.0305008696206 0.00850404775255 -0.0146708474039 0.075901268537 -0.000316075907031 0.0101229743006 0.0245156827729 -0.000247237600096 0.0469934542029 0.0181691633919 0.00305665394798 0.0193847314655 0.00387078752083 0.0284453167277 -0.000147340387979 0.0349658062234 0.0758217835216 -0.0172326203491 0.00286658444996 
0.00568696003993 0.00951152564976 -0.00106014151508 0.0112484044573 0.00872446396048 0.0274890470499 0.0104601370068 0.0268060874478 0.000218077046797 0.000472076943561 0.0210101181025 0.00388628273421 0.003584025039 0.0190834608998 0.015956564793 0.0111797658116 -0.00631062771976 0.0185320828291 0.00435894269199 0.00927732908919 -0.00465587263929 -0.000537107910186 0.00516988691632 -0.000618566646638 0.013211735911 0.0142280587807 0.00324240218078 0.000754439707909 -0.0033156404763 0.24344202719 0.0317354957287 0.0190425051133 0.00275259495447 0.00427957135711 0.0241767282547 0.00426175852783 0.00465260886543 0.0148760949116 0.0254120529131 0.0292544381741 0.0311391233091 0.0165592688593 0.0170420018447 0.0358205642848 0.0177227860504 0.0115499986921 0.0194981631143 0.0201605362601 0.0113522333751 0.0285334305642 0.0123760173416 0.0215420210779 -0.000191188129608 0.0200215256277 0.0115396089326 0.00289238553669 0.0219262196779 0.0229116734724 -0.00648104595414 0.0220595611576 
0.0191593908688 0.0159151672567 0.0595763284664 0.0196032711268 0.0106309308 0.0213234424698 0.0197431498095 0.0106628318674 0.0143639281886 0.0128886727488 0.0147564639122 0.0206175141794 0.016748817374 0.021513721284 0.0145155185192 0.0122465286952 0.000403612954598 0.0129511213837 0.011555693207 0.00833109826622 0.022036384463 0.0172360653974 0.00828303108922 0.0219708176239 0.0124549737597 0.0282801546745 -0.00415063411093 0.0199310362598 0.0185165988874 0.0317354957287 0.424893842457 0.0141354055271 0.00728726946661 -0.00980455818149 0.00472288388818 0.0025956008192 0.0060366441112 0.0412426641229 0.0262921270976 0.026809909174 0.0134980255496 0.0106966236755 0.00828813700325 0.0120684515859 0.0241151693251 0.0104132706918 0.00988790397596 0.0422533762312 0.0222459295473 0.0314649559568 0.0454337721842 0.0112942054884 0.0166407373037 0.00352208612255 0.00126574223273 0.0175873391731 0.0389744247771 0.0649562570502 0.0142897561311 0.0280187877138 
0.0274801931895 0.0453905563563 0.0386223243696 0.0162833968693 0.00585259196426 0.00734775611103 0.00407743719888 0.00554138232108 0.00777143772044 0.00263789311491 0.0162767966362 0.0141350556192 -0.00420774835965 0.0182848945796 -0.00133236905688 0.0180418487271 0.00514820740718 0.0184421007422 0.00429021762252 0.00621832611914 0.017878954964 0.019639072983 0.00577823245501 0.0328880008519 -0.00566337029974 0.00941162478284 0.0255451250396 0.0214904147431 0.0181179456122 0.0190425051133 0.0141354055271 0.340336230236 0.00626350097972 0.0322145049511 0.0191576400095 0.0297580894312 0.0112523741518 0.0490630110419 0.0116004971089 0.00388559913759 0.023948595598 0.0110112600548 0.018609712792 0.0185444797331 0.0518266943466 0.014335917211 0.00408375422327 0.0461450842914 0.00649779475078 0.0350194031257 0.0286554889735 0.0206416286264 0.0210963640998 0.0156100654367 0.00281288130598 0.0105741856003 0.0261514585413 0.0333567043931 0.0272414426046 0.0229385929855 
0.0148764976784 0.0172187644774 0.0112140745285 0.00297524631697 0.000616812254217 0.0384948402318 0.0127129186576 -0.0227153374019 0.00553953059924 0.00742187618769 0.00343325397656 -0.00258687243075 0.0137161313262 0.00502256073131 0.0122777115377 0.0350455570501 0.00908521732334 0.0116746205535 0.0163961218547 0.0176382239657 0.010995101298 0.000420837929783 0.0144760753205 0.0207999585354 0.00684054294343 0.00403602135625 0.0155156910418 0.00328977173253 0.0364422234256 0.00275259495447 0.00728726946662 0.00626350097973 0.491857300475 0.0152689421875 0.0105780723891 0.0473759356289 0.022530766276 0.00990552754645 0.0132098198946 0.0241134792193 -0.00597596311919 0.0532379189892 0.00242747202912 -6.21912843167e-05 0.0248647825212 -0.00616717011413 -0.00708306137345 -0.00665327352194 0.00206697477344 0.0136782889508 0.0353815654268 -0.0122681820785 0.00694692869824 0.00559120338957 0.0135148921008 0.00507413766814 0.00968336297451 0.00787194701174 0.00700851937031 0.00486375619606 
-0.0121972886054 0.0158964971667 0.0254610369603 0.00684854194692 -0.0104678535875 -0.00324688658218 0.0121251140107 -0.00942041723618 -0.0064540602352 -0.00637598675941 0.00815440710643 -0.0106640774153 -0.00129912919959 0.00618457084792 0.000454853934836 0.00694504319925 -0.0217781464951 -0.00457479582214 -0.000938033549356 -0.00359731991623 -0.00854119050432 -0.0100800814542 -0.000795381732661 0.00201877771812 0.000689171944341 0.00497239775123 0.00336760516847 -0.00543225560943 0.0233985983899 0.00427957135711 -0.00980455818149 0.0322145049511 0.0152689421875 1.13547982735 -0.00212002045249 0.0133296818817 0.00274226230846 0.00600246529915 -0.00119099221616 -0.0137143221063 -0.00445077730505 0.00800486159436 -0.0109923329143 -0.0026875942458 -0.00801406557669 0.0113647011737 -0.019771485762 -0.0057627736956 0.00409101116562 -0.0222690612703 0.0178530479172 0.0563284991949 0.00748660791423 0.0107628698269 -0.00201599595885 -0.00397483980565 0.0347176076562 0.00899513471942 -0.0121678511954 0.00108875691104 
0.00938943116942 0.0218560035278 0.0102502358637 0.0103783663818 -0.0206024294242 0.0134406507387 0.0125318631626 0.029397710253 0.00955307908991 -0.00237398897133 0.0125341653429 0.00932223122067 0.00877592589758 0.0183393610551 0.0118363385999 0.0397065032575 -0.0116644531558 0.0159784467029 0.014801231635 0.0109192794037 0.0127670802503 0.00634219554374 0.00177629524108 0.0458947738303 0.0264561743674 0.0257408179596 0.0138126163393 0.0203992257763 0.0357829694323 0.0241767282547 0.00472288388818 0.0191576400095 0.0105780723891 -0.00212002045249 0.243366239288 0.0177223325628 -0.00567902281066 0.0199138967596 0.0240308004648 0.0260134646479 0.0112622601908 0.0345592016256 0.0169733978714 0.0218675971842 0.0177001846901 0.0129008612091 0.000756930177946 -0.00146888735326 0.00870053415793 0.0342069191048 -0.0016675035564 0.0248497201569 -0.000349941238392 0.0280348974495 0.0104462138357 0.0115464426395 0.0196856515427 0.0193629384188 0.0153832657965 0.00481330465981 
0.0454728020582 -0.00496609770355 0.0205047823054 0.0573042824216 0.0214718839896 0.00991861378938 0.000845408109262 0.0211455057159 0.00915475747474 -0.0161560053552 0.0145477859445 0.0153860116652 0.0261887882479 0.00709346622526 0.0364583302713 0.0513126552168 0.0208420510594 0.0118149398387 0.0376710700133 0.023689096304 -0.00975310289942 0.00083091414753 0.0181564912038 0.0399977001636 0.0224653231658 0.0122467202424 0.0536353656954 0.0128739869643 0.153190269628 0.00426175852783 0.0025956008192 0.0297580894312 0.0473759356289 0.0133296818817 0.0177223325628 0.713794264136 0.00665308880487 0.0212789920495 0.0215325931405 0.0122191010091 -0.0110293682485 0.0159525326806 0.016180774351 -0.000901825320952 0.0521738222407 -0.00269723851964 0.000570019247289 0.00933692870773 0.00879313412005 0.041282157363 0.0259056053029 0.00263732813212 -0.00477522827033 0.0103685402634 0.0311741391129 -0.000862417544194 0.0180602355801 0.0377129942083 0.013106786302 0.00843427516839 
0.000875933644154 0.0272816470649 0.0274230172414 0.0281505331156 0.0227108620608 0.0160247660365 0.0114331080565 -0.00903319060921 0.0109675574723 -0.00237516833363 0.00409683532878 0.0264072150211 0.0147358435042 0.00592040785453 0.0134871739352 0.00727018677111 -0.0182484704577 0.0113381928923 0.0244851174986 0.00544091696658 0.00300675782613 -0.0066267156936 0.00240990838648 0.0199149819394 0.00304180666687 0.00220845922495 0.0110615396628 0.00236269382135 0.0122785544391 0.00465260886543 0.0060366441112 0.0112523741518 0.022530766276 0.00274226230845 -0.00567902281066 0.00665308880487 0.978614058668 0.0320132235399 0.0268824714 0.015792427869 -0.000108477095281 0.0229971283457 0.0114249269395 0.00320788176023 0.039499559838 0.00248346400274 0.00677499651497 0.02240870978 0.0116216866008 0.0187486177167 0.0229242006525 0.00605036783473 0.00607993146571 0.010239312282 0.0138452137217 0.00205293453907 0.0205270567117 0.0573327157169 0.00544347450617 -0.00582521460468 
0.0214394831193 0.0732614842562 0.040739141153 0.00253168811433 0.0137757912446 0.0349817432066 0.0254676191436 -0.000588210196974 0.0269243327332 0.0220327312371 0.0216155543525 0.0113873440245 0.0170891134336 0.0288536088837 0.00896797885616 0.0340746379698 0.00673165301216 0.0216219245903 0.015001205137 0.0281031629516 0.0044657868989 0.00737672574221 0.00413954595432 0.0194108669915 0.00274062150507 0.0271298520196 0.0234142765779 0.0187621901827 0.0296922676527 0.0148760949116 0.0412426641229 0.0490630110419 0.00990552754645 0.00600246529915 0.0199138967596 0.0212789920495 0.0320132235399 0.276544993062 0.0197755389903 0.0237253632303 0.0449294458876 0.00491576792928 0.013130983988 0.0332968525254 0.0600232619863 0.00475726918968 0.00428018698328 0.0421098366887 0.00161123696792 0.0645150324642 0.0240358436016 0.0273739462341 0.0291050340243 0.0124909540514 0.00685026275416 0.0146162621066 0.0240393982996 0.0514901321106 0.00556714892432 0.0177612597337 
0.00256806173426 0.024927858669 0.00765892883402 0.0268191164085 0.0310532364828 -0.0037762813053 0.0182461316697 0.00891337395782 0.0102557317596 4.73309730744e-05 0.020934863679 0.0177116576734 0.0175187727099 0.01611579401 0.0125933145815 0.00654906506003 0.00223633107472 0.0201440793975 0.0108769861136 -0.00490930240044 0.0333597363306 0.0151086644429 0.00286321812084 0.00518587367863 0.00876159398796 0.00129354486435 0.0031018209732 0.0188621163097 0.0179993445082 0.0254120529131 0.0262921270976 0.0116004971089 0.0132098198946 -0.00119099221616 0.0240308004648 0.0215325931405 0.0268824714 0.0197755389903 0.310390919587 0.00120280964547 0.0242088547498 0.00130656927079 0.0323991094822 0.0213516051881 0.045179457682 0.00319026589841 0.00650829504092 0.0161056408015 0.0239467928469 0.0409684370497 0.0201329212583 0.0184753078264 0.0316909338376 0.0197223655662 0.0115149668076 0.00110273866567 0.0310695731683 0.0154169486414 -0.00557814538178 0.0187568026063 
