60
0.22311845274 0.0726136826411 0.0261881624723 0.0146510565804 0.0297209295042 0.0357981155146 0.0523918745475 0.133882810383 0.0394797478448 0.0970140476379 0.0471087328402 0.0168064994581 0.0231907610599 0.0262343191133 0.0197813299257 0.019144788815 0.0766147585819 0.070265204238 0.0540864966038 0.0722101641432 0.0602494739115 0.0353360638732 0.0308768641188 0.0270000307956 0.0538734886168 0.0997806882374 0.0309081568087 0.0254946283421 0.0362094771936 0.0782010317916 0.0535662105727 0.0514292405054 0.0733521468466 0.0572050688987 0.0180781461794 0.0565518641406 0.0263662592882 0.0353466838873 0.0383245101253 0.0528259349661 0.0325349378307 0.0576577356707 0.0484031048171 0.0210054402465 0.0499472002084 0.140066530531 0.0254158643172 0.103528049483 0.0545718905582 0.0448250845436 0.0538205376978 0.0399774891594 0.360667625942 0.148169679735 0.0623593213805 0.07971303899 0.0265193363437 0.0634276035435 0.0635798530397 0.132143501856 
0.894867278917 0.0144860959089 0.00510972439907 0.00710572357427 -0.00622942082739 0.0164120246338 -0.00318888017575 0.0541414769404 0.0375526680138 0.0546491203348 -0.00019276245685 -0.0107573427657 0.00688530587817 0.0107997487841 0.00998407674509 0.0289372157363 0.0708246238186 -0.0239656219826 0.0116856350989 0.0381591501135 0.0199733944309 0.0472025698872 0.0312306559242 0.0223126812316 0.0276035371568 0.0475439777722 0.0368115523753 0.0234697092689 0.012109677476 0.058024375778 0.0172246131041 0.057870913384 -0.0146709974542 0.039094784073 0.0129413977971 0.0253920284415 0.0269228169483 0.0099230791691 0.0203602151748 0.0208747625593 0.0214741656889 0.0340323612839 0.035590611654 -0.0104455061078 0.0238834282788 0.042658416 0.03447101137 0.0170543707429 0.004031911408 0.00897308590754 0.021318094021 0.001605478752 0.133098209748 0.0711129674436 0.0213372548318 0.00895264391042 0.010686224529 0.0140061038763 0.0515307939845 0.0503173353612 
0.0144860959089 0.273708861746 0.0266680136105 0.0149653513533 0.00106324857893 0.0148097353425 0.00864523812365 0.0290938106993 0.0249319566885 0.0681865487766 0.0179387872247 0.0134879759809 0.0154884112517 0.0143419133399 0.017327406668 0.0254851297575 0.0286412885292 0.00907127093311 0.0160917243121 0.0701262800374 0.0155722694075 0.00577759949843 0.0345820883459 0.0484093796288 0.0212179605931 0.0404403894357 0.0171918551263 0.00813658071562 0.0186953479534 0.0345769261475 0.0113366098388 0.0311715404722 0.0282548422705 0.033127318678 0.0107233813954 0.0257169879646 0.0312410048232 0.0239818957247 0.0356993222943 0.016453855661 -0.0155610511678 0.00854377710595 0.0254729372913 0.00124567827138 0.0196546573933 0.0278704963871 0.0220049849189 0.024505759786 0.00571859947302 0.012374303036 0.0267398465786 0.00130588484321 0.0445214536657 0.0201723577216 0.0685263667485 0.0259146525216 0.0182406814695 0.0387023648313 0.0383763706267 0.0280428971629 
0.00510972439907 0.0266680136105 0.25616107522 0.0121359096858 -0.00354553611612 0.00628622102725 0.00372352847522 0.0111613859711 0.0201591285735 0.035980707465 -0.00101210914124 0.00977822438923 0.00969131612176 0.0128358942503 0.00657691213498 0.0171952755514 0.0178191756654 0.00527218909683 0.00861374525926 0.00523396151317 0.00770277788477 0.014792672526 0.0111114924249 0.0244249745014 0.00808702781297 0.01651918753 0.00734083938755 0.00148091713925 0.0269712038404 0.0088443268938 0.0103492322897 0.00783933021637 0.0295098660989 0.0206284235991 0.00892392376405 0.0143199977685 0.0178851963095 0.00747979724927 0.020888283923 0.0141167844901 0.00261070942267 -0.00551674007467 0.0107813530134 0.00477291388917 0.0161692342473 0.0062601250652 0.016530289668 0.0131059588276 0.00730467406233 0.00443105650155 0.0129148066697 0.00257844079881 0.00840828069503 -0.0145590122382 0.0161283622427 0.0168764332943 0.0105866711326 0.00663737785729 0.0210574978825 0.00870140930751 
0.00710572357427 0.0149653513533 0.0121359096858 0.144969251696 0.00493789540313 0.016507990749 0.00895030618618 -0.0043654164855 0.0184365271708 0.0079936563714 0.00468481647096 -0.000603998731338 0.0147883047794 0.0138529644878 0.0139101312471 0.0153449687823 0.0221143664186 0.00658176499545 0.0122702491829 0.0121415162606 0.00121879357676 0.00646712102393 0.0108218469862 0.0168116937665 0.0107405723777 0.0176630395832 0.0154290196621 0.00911161886603 0.0239791383663 0.0124787791464 0.0169688550932 0.0103843491524 0.00983338138521 0.0142946786462 0.00760428154368 0.0110248765703 0.0169293038434 0.0123688953403 0.00820922848393 0.0114119900841 0.0101570293917 0.0154932778296 0.0111697757418 0.0137461017048 0.0143259621946 0.00233255682824 0.0096134638365 -0.00988349893021 0.0096757732455 0.0301933522183 0.0269828773135 -0.00212787921658 0.0222589063056 0.00739784099373 0.0167522977235 0.00515085425083 0.0129222922839 0.00690931978789 0.0163411261863 -0.000473405184723 
-0.00622942082739 0.00106324857893 -0.00354553611612 0.00493789540313 0.216481247627 0.00488536341978 0.019603849876 -0.0101804950304 0.0050248900045 0.0151198329681 -0.00653168148615 0.00483769490219 0.00925250529983 0.00981625179805 0.00927158623101 0.00121176108355 0.0157216886194 -0.0046288883982 0.00728368431142 -0.0140401659261 0.0209544557269 0.00204473670324 -0.000638044939066 0.00478234666935 0.00685729401012 0.0180351237589 0.00591413929514 -0.00411225742769 0.0164622375672 0.000536204625925 0.0158755976183 0.00527825757672 0.0117008771997 0.00397939664299 0.000443847704485 0.00537961414875 0.00221490091646 0.0155806960886 0.00774789246639 0.00900668625734 0.00166297655501 0.0190179809615 0.0173675213966 0.00372908506113 0.00329610794239 -0.00112368962351 0.00546442458203 0.00777921057309 0.00861033744963 0.0150884677305 0.0112286185984 0.000481649653222 0.0212541503573 0.00538283424328 -0.00849213583286 -0.00214087072201 0.0276759818622 -0.00715576698864 0.00550470109809 0.0170880922911 
0.0164120246338 0.0148097353425 0.00628622102725 0.016507990749 0.00488536341978 0.245868772932 0.0185048879266 0.0121307283522 0.00166843880865 0.0314133028519 0.0143275189638 0.00962613961855 0.0225801064183 0.0143727523165 0.0188854463798 0.0352405548956 0.0316586626825 0.00552167570276 0.0135733274978 0.0225534656116 0.00678176344384 0.0146183561858 0.0113134398599 0.00710558292071 0.0202335170858 0.00995439962271 0.0365888646089 0.0120727036074 0.0198843383663 0.00840385640443 0.00912872772704 0.0239146004411 0.0255885244757 0.0115534621416 0.00628967763292 0.0074285718389 0.0234584393159 0.0189825489028 0.0294837794174 0.0197470089416 -0.00285064472053 0.0226599371348 0.00847781958787 0.010480804929 -0.00308505312752 0.00518751197849 0.0173300583244 0.0147806246175 0.0148070206497 0.0289497727944 0.0270033851363 0.00108461591785 0.00869801979339 0.0121284964072 0.0171064005651 0.0294447159465 0.0114167492829 -0.000760412241543 0.0136520969609 -6.32468738527e-05 
-0.00318888017575 0.00864523812365 0.00372352847522 0.00895030618618 0.019603849876 0.0185048879266 0.326189574696 0.0214647055286 0.0272248667002 0.0219895302156 0.00333950505009 0.00631287454715 0.0163602203472 0.0060611215601 0.0189641111518 0.0171430635908 -0.0110196611271 0.00448787492095 0.0176174630631 0.00993462780395 0.0109493824904 0.00394524689743 0.0110556669757 0.00109443462713 0.0235293046492 0.0259476494914 0.0174765575327 0.0119455191553 0.0388264709781 0.0182581322094 0.0192247439992 0.00431479035495 0.0892588847671 0.0168845214064 0.0102505951131 0.0296422991489 0.0100079053752 0.0291367027419 0.0208435497311 0.00673211396251 0.0282203710709 0.0137689726659 -0.000306573326884 0.00871564309155 0.00128781307835 0.053272705972 0.00909737505554 -0.00280655122066 0.0236184604356 0.0248029213289 0.0127661633947 0.00394836113331 0.00902626054554 0.00743422131847 0.0188400602067 0.0700926247496 -0.011255373705 0.022742885668 0.010796299842 -0.0104695923047 
0.0541414769404 0.0290938106993 0.0111613859711 -0.0043654164855 -0.0101804950304 0.0121307283522 0.0214647055286 0.449387507377 0.0121183054981 0.0413228710842 0.073926422047 0.0132106653085 0.0217462977863 -0.000856227943105 -0.00293685182218 0.00882546449652 0.0107895346128 -0.00563704497215 0.00277823704395 0.0432254719508 0.0180716733811 0.0041907272996 0.0129897228098 0.0235677604993 0.0178733066995 0.00785986652298 0.0041044487083 0.0136009113748 0.0201607356522 0.0154711219369 0.0184881056014 0.0233625680829 0.00788486959778 0.0467800459816 1.49047489765e-06 0.0187199308434 0.0273113066554 0.0195027595809 0.0075580124291 0.00769151849084 -0.00245376929152 0.0180176557891 0.0317140094139 -0.00187071693054 0.0168280928789 0.00478971038541 0.00146632756847 0.106182969292 0.0293049589087 0.00805203641241 0.0142032328234 -0.00945710459006 0.0512330172222 0.0339509169718 0.0246780620585 0.0165487484953 0.00995423015656 0.0360116729406 0.0134796723589 0.186932920037 
0.0375526680138 0.0249319566885 0.0201591285735 0.0184365271708 0.0050248900045 0.00166843880865 0.0272248667002 0.0121183054981 0.321209951315 0.0445236191552 0.0143763608596 -0.003350895833 0.00298209608469 0.00630776688945 0.00774056790006 0.0108917320095 0.0353779438284 0.00212779725626 0.00859464898723 0.0259478960933 0.00827332526469 0.00952962999171 0.0121753151007 0.0148290374873 0.0280030847751 0.0165608083644 0.00018888964456 -0.00145843382291 0.025122018149 0.0113287058533 0.0179088673113 0.0102363952104 0.0586018066407 0.0334824649418 0.00813832963669 0.0205955058723 0.0260208863658 0.0144325685125 0.0146806151285 0.00878466086604 0.0122623573346 0.0076916397208 0.0189722573419 0.00805562418179 0.0127242403374 0.0186795247257 0.00805592695808 0.00969984171322 0.00875083420488 0.0179326733401 0.0219625114967 0.0022280468516 0.0361513185313 0.0115689860305 0.0319971817083 0.00297002565181 0.00882563646357 0.0174743186177 0.0107826180523 0.0156051765066 
0.0546491203348 0.0681865487766 0.035980707465 0.0079936563714 0.0151198329681 0.0314133028519 0.0219895302156 0.0413228710842 0.0445236191552 0.552649283675 0.0273795155158 0.0219641891507 0.011583686315 0.0276088019496 0.0235062361234 0.0637496336795 0.0388221555867 0.0207909261946 0.0317387186905 0.0190624123557 0.0527288029531 0.0112770258187 0.0170069715833 0.0377158143501 0.0465993677348 0.0991966216915 0.0540008760887 0.00814948837165 0.0262881751797 0.0434699546242 0.0472410790605 0.0411108400205 0.0236090013862 0.040369273142 0.0178512594667 0.0424995833539 0.087714875701 0.0107173106783 0.0580497115939 0.0214913099022 0.0236112182018 0.0427008888271 0.0345255261799 -0.00635148751734 0.00822846878159 0.0414274931709 0.0437427704415 0.0413233440349 0.00985004420083 0.0206077899159 0.0517450025903 -0.00925310896334 0.0297986865476 0.0527468291075 0.0415525850949 0.0237500370644 0.00907527466382 0.0246032527947 0.0495499024376 0.046992312834 
-0.00019276245685 0.0179387872247 -0.00101210914124 0.00468481647096 -0.00653168148615 0.0143275189638 0.00333950505009 0.073926422047 0.0143763608596 0.0273795155158 0.224319638373 -0.0015336666938 0.00308372735761 0.00328460260885 0.00238835766445 -0.00132297159191 0.0239845008861 0.0234895743145 0.00135809599808 0.0215351129892 -0.00195086011532 0.00937982618829 -0.00676735461176 0.0150150766604 0.00731409888017 0.00133499411891 -0.00609835300079 0.0287599575343 0.00245999769499 0.00106690004012 0.00923694309161 0.0143682179049 0.0149728722743 0.00977258480377 0.00760379644249 0.0167603524389 0.0154401588816 0.00723756342247 0.0099222283308 -0.00122663539442 -0.00422031127072 0.00207890447996 0.0308509766723 0.00291639198904 0.000906539408397 0.0052749985542 0.0118884668841 0.11212514252 0.029848935358 -0.00751270300131 0.00781081139922 0.0103202609067 0.0103776244449 0.0117382363681 0.0132355348086 -0.00127717236612 0.00729509866848 0.0313211294776 0.00139497806326 0.0777619190461 
-0.0107573427657 0.0134879759809 0.00977822438923 -0.000603998731338 0.00483769490219 0.00962613961855 0.00631287454715 0.0132106653085 -0.003350895833 0.0219641891507 -0.0015336666938 0.208798334321 0.0129441222112 0.0246436205281 0.0156237734021 0.0046809783338 0.00837371363935 0.00448985884765 0.0207755089435 0.00494989076678 0.0111648071781 0.0233474391178 0.00659184726694 0.0195985798744 0.0104619296495 0.00713532537589 0.00278436534504 0.00853218577695 0.00636321904976 -0.00659207936771 0.00677879715688 0.00516780293421 0.00787612518438 0.0317015933619 -0.000749418715699 0.0125858659872 0.0122259312043 0.0097437687727 0.0130736801494 0.0136532526748 0.0298268964898 0.0150349834564 0.00929291203832 0.0102306572953 0.0190714633246 0.011315052238 0.0128487972671 0.0140013244933 0.00847010650882 0.0108644173176 0.0215495890107 -0.0178195391752 0.00350811049496 0.0113276501566 0.0112110126388 0.00166018999229 0.00455697056028 0.0097984835186 0.0118662262 -0.00406436444592 
0.00688530587817 0.0154884112517 0.00969131612176 0.0147883047794 0.00925250529983 0.0225801064183 0.0163602203472 0.0217462977863 0.00298209608469 0.011583686315 0.00308372735761 0.0129441222112 0.211026057215 0.0159439775798 0.015578782369 0.0115679602632 0.00896333055767 0.00885640503234 -0.0100377137642 0.035299804173 0.0151193600846 0.00254002539747 0.0268210479637 0.00412198140818 0.0118217004712 0.010463795911 0.0142471159774 0.00879853656581 0.0177896059243 0.00865438391301 0.013423767974 0.00569829980085 0.00866877472657 0.00797883716842 0.00878660670419 0.0142989316072 0.0128244366203 0.00479335871893 0.0159042739704 0.0696952930457 0.0198781053153 0.0142460859585 0.0259447578498 0.00532940032874 0.00473201693258 -0.003827609511 0.00657443703783 -0.00368408617088 0.00280328232374 0.00661601610089 0.0397894761517 0.0334918603106 0.0520714354227 -0.00321518364479 4.92069179128e-05 -0.00167660909477 0.0153032912695 0.00453444210959 0.0200131164755 0.0105168720701 
0.0107997487841 0.0143419133399 0.0128358942503 0.0138529644878 0.00981625179804 0.0143727523165 0.00606112156011 -0.000856227943106 0.00630776688945 0.0276088019496 0.00328460260885 0.0246436205281 0.0159439775798 0.174349945031 0.03240930048 0.0166390201037 0.0142902110515 0.0184634409223 0.0245271227145 0.0181641589443 0.0169933399408 0.0135293291085 0.00977486126572 0.0177434873195 0.010176398427 0.0174243865747 0.0201746553031 0.0154689257461 0.039082172448 0.010923174422 0.0203707797766 0.0196941834704 0.0221625672949 0.00601349231184 0.0173682733274 0.00885485863409 0.020741789211 0.0347813368832 0.0117397981915 0.023821734959 0.00758352458709 0.00876718321881 0.0176335160919 0.0204793121908 0.0275174745862 0.000799462424274 0.0061246045174 0.00653795101246 0.00724437794649 0.0124993558861 0.0356867014588 0.00301179735271 0.0156002726031 0.00257919886674 0.0163751137728 0.00852644876717 0.00936362305808 0.0105941997981 0.0482649867659 -0.00519549394931 
0.00998407674509 0.017327406668 0.00657691213498 0.0139101312471 0.00927158623101 0.0188854463798 0.0189641111518 -0.00293685182218 0.00774056790006 0.0235062361234 0.00238835766445 0.0156237734021 0.015578782369 0.03240930048 0.137471794213 0.0133613650297 0.0109871251808 0.00137154372733 0.00853628353981 -0.000133799966474 0.0198342318841 0.00568182388524 0.0132553222139 0.00979514093735 0.00494647691175 0.00271622213736 0.0220428347606 0.00769557028987 0.0211373293911 0.0176562963595 0.0126903224266 0.0179355558094 0.0230268039744 0.00890346419201 0.0090691098882 0.0198027567099 0.0109122399534 0.0207461054184 0.0189398352405 0.016048847375 0.0201305190053 0.0213848822059 0.00912323002565 0.00658155351549 0.00773568295167 0.0127808621831 0.00567711527763 0.0139772916749 0.0127306417768 0.0131223653912 0.0285082195446 0.00643478617328 -0.00326542712725 0.000718774568483 0.0103678913677 0.0105422005392 0.00455394189518 0.0157346778161 0.022450526042 -0.0127102714328 
0.0289372157363 0.0254851297575 0.0171952755514 0.0153449687823 0.00121176108355 0.0352405548956 0.0171430635908 0.00882546449652 0.0108917320095 0.0637496336795 -0.00132297159191 0.0046809783338 0.0115679602632 0.0166390201037 0.0133613650297 0.211406997786 0.0193521933967 0.00990156570937 0.0123670680289 0.0164518464861 0.0433793299998 0.0157322190596 0.0223015146413 0.0281494960892 0.0197771556108 0.0192027000257 0.033572952098 0.00798044179201 0.0330188876609 0.0205819094285 0.0264343539537 0.0304420026384 0.0217076116092 0.0107955200229 0.0062600471302 0.0271433566695 0.0390308307665 0.0127894185698 0.0285130066627 0.0107955330344 0.0134043203316 0.0131248940498 0.0279533012628 0.00333475210825 0.0110131509419 0.0234133562958 0.0246319956185 0.0231147732769 0.010041597067 0.0395488765537 0.020816797393 -0.00491447693382 0.00329706761208 0.0254248854431 0.0064559973622 0.00207181488805 0.0208276552575 0.0144695877332 0.0198284316023 0.00190621489456 
0.0708246238186 0.0286412885292 0.0178191756654 0.0221143664186 0.0157216886194 0.0316586626825 -0.0110196611271 0.0107895346128 0.0353779438284 0.0388221555867 0.0239845008861 0.00837371363935 0.00896333055767 0.0142902110515 0.0109871251808 0.0193521933967 0.466186344827 0.0112614877699 0.0311129650092 0.0203827417727 0.0274698562798 0.0439791509784 0.0338133043714 0.0147154640846 0.0154833496113 0.0365401824629 0.0251635096944 -0.000456416448043 0.00538301039775 0.0375504375108 0.0114661091603 0.024667247879 -0.0193927634125 0.0201206449994 -0.0090742351287 0.00258297052623 0.0382999805559 0.0153677079761 0.0227839520435 0.0299305315734 0.0302796526376 0.0231329880716 0.0170081711741 0.00614225169598 0.0243802064833 0.00910219630219 0.016482792092 0.00599297040789 0.02612422771 0.0217484370645 0.0247918772733 -0.0116679357494 0.111604900277 0.019857300588 0.0174243494232 0.0161969748941 0.00847804954216 0.0491451414226 0.012027455281 0.0189212969424 
-0.0239656219826 0.00907127093311 0.00527218909683 0.00658176499545 -0.0046288883982 0.00552167570276 0.00448787492095 -0.00563704497215 0.00212779725626 0.0207909261946 0.0234895743145 0.00448985884765 0.00885640503234 0.0184634409223 0.00137154372733 0.00990156570937 0.0112614877699 0.979732846021 0.00719661486741 0.0136369502722 -0.00397942615684 0.00574522444332 0.0145375180782 0.0169402457279 0.0139786633457 0.0174791093633 0.00801479218349 0.0351133275697 0.029358705023 0.00953788592786 -0.0014730418655 0.00107653296221 0.00383532169172 0.0107906848224 -0.00603612428299 0.00944186495953 -0.0184265090048 0.0207840409742 -0.00626074186451 0.0327631074269 0.0132676676805 -0.00516940465077 0.022021970999 0.00377953584886 -0.0010556548071 0.00532542058333 0.0220640683338 0.0224981430932 -0.00140661113172 0.0116523825815 0.0152270768746 0.0019479748294 0.00931078349851 0.00448634884956 0.0115614198717 0.001694075499 0.000419206399578 0.0189082394337 0.00339218931094 0.0144293066051 
0.0116856350989 0.0160917243121 0.00861374525926 0.0122702491829 0.00728368431142 0.0135733274978 0.0176174630631 0.00277823704395 0.00859464898723 0.0317387186905 0.00135809599808 0.0207755089435 -0.0100377137642 0.0245271227145 0.00853628353981 0.0123670680289 0.0311129650092 0.00719661486741 0.385497498946 -0.00950829688744 0.00470084848904 0.00822251752253 0.0139938601274 0.00746132414582 -0.00529663104085 0.0533762626427 0.00831799224868 0.00936933238136 0.0235386598982 0.0218974048824 0.0156653591787 0.00558173624337 0.0169027465956 0.00991010675864 0.000686273113338 0.0120253348469 0.00376000446847 0.00757400487055 0.014796798851 0.015596569439 0.00289108064823 0.0237235779477 0.0096728765883 -0.00190726514347 0.00532528262717 0.0446934395842 -0.00023203504921 0.0163254552 0.0115349214794 0.00092394568642 0.0134693326252 0.0169419414709 0.0196584319246 -0.00128922525887 0.00626820670503 0.0271446096619 0.0121215677961 0.0116934133651 0.0196966888032 0.0243809113367 
0.0381591501135 0.0701262800374 0.00523396151317 0.0121415162606 -0.0140401659261 0.0225534656116 0.00993462780395 0.0432254719508 0.0259478960933 0.0190624123557 0.0215351129892 0.00494989076678 0.035299804173 0.0181641589443 -0.000133799966474 0.0164518464861 0.0203827417727 0.0136369502722 -0.00950829688744 0.320487451069 0.00892218847522 0.0176341977864 0.0293544202765 0.039290561128 0.0204218257965 0.00748937937516 0.0170709163961 0.0161105775852 0.00860155474195 0.0326710555477 0.0129266846157 0.0300806851507 0.0090625257141 0.0192943807457 0.00953150789153 0.0281258853754 0.0369340725371 0.00789043756373 0.0211546659688 0.0194336049949 0.00853943271417 0.0217394744848 0.0445559848973 -0.00234832663948 0.00649428857498 0.030799853342 0.016248922175 0.0152234061889 0.000441508683325 0.0215686387881 0.0188052603594 -0.011261667596 0.0383782077125 0.021696853694 0.0331305571222 0.0148159128276 0.00884064278548 0.00397357325828 0.0190789174415 0.0280738330946 
0.0199733944309 0.0155722694075 0.00770277788477 0.00121879357676 0.0209544557269 0.00678176344384 0.0109493824904 0.0180716733811 0.00827332526469 0.0527288029531 -0.00195086011532 0.0111648071781 0.0151193600846 0.0169933399408 0.0198342318841 0.0433793299998 0.0274698562798 -0.00397942615684 0.00470084848904 0.00892218847522 0.292233852801 0.016745148432 0.0249873179777 0.0159779990947 0.0089609065893 0.0211957904886 0.026567832663 0.0108406056242 0.0129229702235 0.00758173993143 0.0212677456971 0.026176581283 0.00463233517867 0.0100689729417 0.00494869791529 0.0172084238742 0.0285001926833 0.00252882033669 0.0359309165683 0.0182534182265 0.014311876664 0.0153264267987 0.0121444886096 0.00476415463623 0.0554716854503 0.0138622918617 0.0195190943309 0.0087880014028 0.0259009276914 0.0220139000949 0.00509440993293 -0.00455369375875 0.0234587561711 0.020934630571 0.0194755104573 0.0100062809627 0.0195718726251 0.0426641109797 0.0149790924037 0.0142058923979 
0.0472025698872 0.00577759949843 0.014792672526 0.00646712102393 0.00204473670324 0.0146183561858 0.00394524689743 0.0041907272996 0.00952962999171 0.0112770258187 0.00937982618828 0.0233474391178 0.00254002539747 0.0135293291085 0.00568182388524 0.0157322190596 0.0439791509784 0.00574522444332 0.00822251752253 0.0176341977864 0.016745148432 0.305596139889 0.0165963573065 0.00982850816915 0.0219191479323 0.0125342048059 0.0275188284017 0.0194613390398 0.010582392565 0.0473179486625 0.00848824566192 0.0348422634856 0.00690903004463 0.0311832123269 -0.00886383195715 0.00966966424186 0.000681553323312 0.011153198791 0.0212528009397 0.00468243293877 0.0164565367557 0.0151558786122 0.0030050416657 0.00325591381896 0.00456768468363 0.0211747290961 0.00816225029239 -0.00700309791755 0.0194797464791 0.0198644616094 0.0121951963594 0.00798396604559 0.0221383395961 0.00494851374144 0.00798647619566 -0.00172018750051 0.0014702292112 -0.00512818280508 0.00402741265723 0.00440607291466 
0.0312306559242 0.0345820883459 0.0111114924249 0.0108218469862 -0.000638044939066 0.0113134398599 0.0110556669757 0.0129897228098 0.0121753151007 0.0170069715833 -0.00676735461176 0.00659184726694 0.0268210479637 0.00977486126573 0.0132553222139 0.0223015146413 0.0338133043714 0.0145375180782 0.0139938601274 0.0293544202765 0.0249873179777 0.0165963573065 0.250183636761 0.0196975025786 0.00475188181841 0.0123447128221 -0.0038823519613 -0.00397679870752 0.0145898714889 0.00504890160009 0.00261657040312 0.0237993417863 0.0150507562936 0.0212817304389 0.00401317323942 0.000550855774777 0.00667360540483 0.035769922644 0.0201076814994 0.0140390985067 0.0110327700953 0.0154235759874 0.0286291964522 -0.00820798922766 -0.0136983324629 0.0143678553593 0.012751144643 -0.0129838437152 0.00496380999035 0.011869165692 0.0304248102567 0.012413521391 0.0260652831174 0.0186726190149 0.0039143213504 0.0148415450208 0.00463895081492 0.00632467821427 0.0325659171678 0.00500209311438 
0.0223126812316 0.0484093796288 0.0244249745014 0.0168116937665 0.00478234666935 0.00710558292071 0.00109443462713 0.0235677604993 0.0148290374873 0.0377158143501 0.0150150766604 0.0195985798744 0.00412198140818 0.0177434873195 0.00979514093735 0.0281494960892 0.0147154640846 0.0169402457279 0.00746132414582 0.039290561128 0.0159779990947 0.00982850816915 0.0196975025786 0.201842773921 0.0281880922024 0.00706205426003 0.0203795333292 0.00951955989271 0.0291360061312 0.00707531470193 0.0221581619239 0.0216439424322 0.00114741502023 0.0259529246273 -0.00543054884317 0.0231490883329 0.0304718266679 0.00752271704668 0.0118379096172 0.0226337642697 0.017454648678 0.0223587023612 0.0218045720224 0.00510679187931 0.0151144566298 -0.0409234725232 0.00686983988307 0.0158751933118 0.000406235700341 0.0134164207166 0.0136509950497 0.00486026788894 0.024862592103 0.00783646164933 0.0307072065184 0.0258580775892 0.00968475556219 0.02027739573 0.0144862718278 0.0240959838806 
0.0276035371568 0.0212179605931 0.00808702781297 0.0107405723777 0.00685729401012 0.0202335170858 0.0235293046492 0.0178733066995 0.0280030847751 0.0465993677348 0.00731409888017 0.0104619296495 0.0118217004712 0.010176398427 0.00494647691175 0.0197771556108 0.0154833496113 0.0139786633457 -0.00529663104085 0.0204218257965 0.0089609065893 0.0219191479323 0.00475188181841 0.0281880922024 0.375324342246 0.0120242733199 0.0240622607228 -0.000307957487157 0.0216701162623 0.0315712205139 0.00995598371853 0.0204277442419 0.0120645832088 0.0238099015272 0.0114821613228 0.0143775640548 0.0245965777479 0.0164340190131 0.023042709018 0.00342210306596 -0.00341660205476 0.0263157710861 0.0336611515113 0.00947747288646 0.0103987829473 0.0542345947992 0.0170363281021 -0.00251714044586 3.20228834643e-05 0.021082298079 0.0048823616735 -0.00936140594248 0.0254002969773 -0.00327443553867 0.0294968778884 0.0206486817234 0.0255137505011 0.0212894422246 0.0130786158318 0.0132245448994 
0.0475439777722 0.0404403894357 0.01651918753 0.0176630395832 0.0180351237589 0.00995439962271 0.0259476494914 0.00785986652298 0.0165608083644 0.0991966216915 0.00133499411891 0.00713532537589 0.010463795911 0.0174243865747 0.00271622213736 0.0192027000257 0.0365401824629 0.0174791093633 0.0533762626427 0.00748937937516 0.0211957904886 0.0125342048059 0.0123447128221 0.00706205426003 0.0120242733199 0.562527498379 0.00726905484026 0.0153111850963 0.00771826703698 -0.00321658670645 0.0195117546245 0.0113147746335 0.00988788174335 0.00703084475289 0.0197408013788 0.0220068927908 0.0188072683326 0.00705441426117 0.00684376175422 0.0116830088081 -0.00085096714248 0.0296640585502 0.0106907733097 0.0025456815907 0.0102361829428 0.0341489242317 0.0193955180087 -0.000101816391514 0.0245243830908 0.0108279789021 0.0102851509229 -0.00223246504846 0.034780590825 0.0328896727634 0.0109972687835 0.0170064886066 0.0124844633395 0.0162368421311 -0.0112861419744 0.0250691676822 
0.0368115523753 0.0171918551263 0.00734083938755 0.0154290196621 0.00591413929515 0.0365888646089 0.0174765575327 0.0041044487083 0.00018888964456 0.0540008760887 -0.00609835300079 0.00278436534504 0.0142471159774 0.0201746553031 0.0220428347606 0.033572952098 0.0251635096944 0.0080147921835 0.00831799224868 0.0170709163961 0.026567832663 0.0275188284017 -0.0038823519613 0.0203795333292 0.0240622607228 0.00726905484026 0.267520048729 -0.000994660872139 0.0148387172539 0.0295458953619 0.00433878898528 0.0299874998586 0.0316243874592 0.0343854035507 0.00806456821167 0.0162133421085 0.0189841306203 0.0230357361093 0.0623353383977 0.0249470691965 0.00261401520511 0.0150007018913 0.00144459557139 -0.00286057038181 -0.00616800076956 0.0107633312003 0.030437115871 -0.0218292473354 0.0102778139929 0.0621359052448 0.0238229865929 0.0129700491004 -0.00291594084104 0.00994025234353 0.022973260674 0.0126331632576 0.0170440697443 0.00900428096141 0.0155923927362 -0.00743469757026 
0.0234697092689 0.00813658071562 0.00148091713925 0.00911161886603 -0.00411225742769 0.0120727036074 0.0119455191553 0.0136009113748 -0.00145843382291 0.00814948837164 0.0287599575343 0.00853218577695 0.00879853656581 0.0154689257461 0.00769557028987 0.00798044179201 -0.000456416448043 0.0351133275697 0.00936933238136 0.0161105775852 0.0108406056242 0.0194613390398 -0.00397679870752 0.00951955989271 -0.000307957487156 0.0153111850963 -0.000994660872139 0.196557444978 -0.0023149124855 0.0173335581384 0.015940036917 0.0284677916178 0.0159950004742 0.0151407558062 0.00166974675084 0.0181278830325 0.00952884366946 0.009979395508 0.00108022857678 0.0156400443198 0.00754208689519 0.0213781286935 -0.00219348661016 0.00750538195169 0.0225798843344 0.010457172026 -0.000783039863677 0.017400462368 0.0404562081998 -0.0109088520517 0.0191688109355 0.0178486370279 -0.000426000296297 0.00898588982168 -0.00300263072532 0.0103209989547 0.00295653636252 -0.0026747003795 0.00906282289248 0.011069257394 
0.012109677476 0.0186953479534 0.0269712038404 0.0239791383663 0.0164622375672 0.0198843383663 0.0388264709781 0.0201607356522 0.025122018149 0.0262881751797 0.00245999769499 0.00636321904976 0.0177896059243 0.039082172448 0.0211373293911 0.0330188876609 0.00538301039775 0.029358705023 0.0235386598982 0.00860155474195 0.0129229702235 0.010582392565 0.0145898714889 0.0291360061312 0.0216701162623 0.00771826703698 0.0148387172539 -0.0023149124855 0.241395304939 0.0158491497895 0.023326333875 0.0213825609545 0.0062412085941 0.00088612701737 0.0155035396182 0.0262754316369 0.0245586433345 0.022883665255 0.0126116621372 0.0252417841271 0.0296253631574 0.0164493450757 0.0232350810121 -0.000113504263841 0.0143131994891 0.00991847009562 0.0313105976935 0.000932810683038 -0.00341256301588 0.0287329632163 0.0214937028441 -0.00129201039746 0.0231023959291 0.0129611999939 0.03307485078 0.0150670298263 0.0119611818005 0.0142291845782 0.0344661300722 0.00883451065946 
0.058024375778 0.0345769261475 0.0088443268938 0.0124787791464 0.000536204625924 0.00840385640443 0.0182581322094 0.0154711219369 0.0113287058533 0.0434699546242 0.00106690004012 -0.00659207936771 0.00865438391301 0.010923174422 0.0176562963595 0.0205819094285 0.0375504375108 0.00953788592786 0.0218974048824 0.0326710555477 0.00758173993143 0.0473179486625 0.00504890160009 0.00707531470193 0.0315712205139 -0.00321658670645 0.0295458953619 0.0173335581384 0.0158491497895 0.360098513461 0.0211797025564 0.035189300663 -0.00964587790268 0.0244188400397 -0.00136515333608 0.0219856830885 -0.00232437430569 0.0120242150093 0.0429510172733 0.0218895307988 -0.0147015642439 0.0193297643241 0.0156125292031 0.00146919954785 0.0274907117026 0.0111527954777 0.0177546723554 0.0102241580117 0.0100944828068 0.0229170568228 0.004443354787 0.107540091295 0.0469863506037 0.0410113491531 0.0185663396733 0.0286274320994 0.000505331490818 0.0304972090041 0.0160522994809 0.0297995213819 
0.0172246131041 0.0113366098388 0.0103492322897 0.0169688550932 0.0158755976183 0.00912872772704 0.0192247439992 0.0184881056014 0.0179088673113 0.0472410790605 0.00923694309161 0.00677879715688 0.013423767974 0.0203707797766 0.0126903224266 0.0264343539537 0.0114661091603 -0.0014730418655 0.0156653591787 0.0129266846157 0.0212677456971 0.00848824566192 0.00261657040312 0.0221581619239 0.00995598371853 0.0195117546245 0.00433878898528 0.015940036917 0.023326333875 0.0211797025564 0.19375172882 0.0260829347333 0.0332443973471 0.0196197600394 -0.00250587543325 0.0797324376334 0.0240189964823 0.0199783943422 0.0139751192179 0.0212538907223 0.0133637017288 0.0629215150634 0.0217070694503 0.0119579367908 0.0178076422152 0.0219710097102 0.0101024705236 0.020797184641 0.0281122498236 0.0171833560317 0.0311604233803 6.42250612511e-05 0.0247574457713 0.0202225439156 0.0211428589574 0.0107825424665 0.0167623624144 0.0275976540752 0.0285860644983 0.0288809545448 
0.057870913384 0.0311715404722 0.00783933021637 0.0103843491524 0.00527825757672 0.0239146004411 0.00431479035495 0.0233625680829 0.0102363952104 0.0411108400205 0.0143682179049 0.00516780293421 0.00569829980085 0.0196941834704 0.0179355558094 0.0304420026384 0.024667247879 0.00107653296221 0.00558173624337 0.0300806851507 0.026176581283 0.0348422634856 0.0237993417863 0.0216439424322 0.0204277442419 0.0113147746335 0.0299874998586 0.0284677916178 0.0213825609545 0.035189300663 0.0260829347333 0.195092913981 0.00621964175511 0.0265559771419 0.0105846968807 0.018945393802 0.0242744539678 0.0189101331412 0.0204965641062 0.0233370308657 0.0158144520786 0.0120633898346 0.0315726830792 0.00314369850614 0.0213609847762 0.0296686730797 0.0111384831002 0.0246843098461 0.022996318527 0.019941952022 0.0146137810808 0.0221629782797 0.0184067099314 0.00351433017787 0.0205162290478 0.00671582877901 0.0208668821789 0.0253034032681 0.0354509115856 0.0219082611477 
-0.0146709974542 0.0282548422705 0.0295098660989 0.00983338138521 0.0117008771997 0.0255885244757 0.0892588847671 0.00788486959778 0.0586018066407 0.0236090013862 0.0149728722743 0.00787612518438 0.00866877472657 0.0221625672949 0.0230268039744 0.0217076116092 -0.0193927634125 0.00383532169172 0.0169027465956 0.0090625257141 0.00463233517867 0.00690903004463 0.0150507562936 0.00114741502023 0.0120645832088 0.00988788174335 0.0316243874592 0.0159950004742 0.0062412085941 -0.00964587790268 0.0332443973471 0.00621964175511 0.422076651899 0.0148465639538 0.0243431383201 0.022020471357 0.0099599744748 0.0149382402884 0.00953819500054 0.0214339945158 0.0125341309452 0.00776733697087 0.00865021671048 -0.000211134506405 0.00780816433939 0.00716253729943 0.00669378121217 0.0121247256789 0.0166174883805 0.0190675578185 0.0253462782114 0.0231828772844 0.0290289507967 0.018684727728 0.0340595876173 0.0656256477748 0.0135075867502 0.00450917070205 0.0158028048595 0.0130225981598 
0.039094784073 0.033127318678 0.0206284235991 0.0142946786462 0.00397939664299 0.0115534621416 0.0168845214064 0.0467800459816 0.0334824649418 0.040369273142 0.00977258480377 0.0317015933619 0.00797883716842 0.00601349231183 0.00890346419201 0.0107955200229 0.0201206449994 0.0107906848224 0.00991010675864 0.0192943807457 0.0100689729417 0.0311832123269 0.0212817304389 0.0259529246273 0.0238099015272 0.00703084475289 0.0343854035507 0.0151407558062 0.00088612701737 0.0244188400397 0.0196197600394 0.0265559771419 0.0148465639538 0.244885585487 0.0104509922225 0.0172676638597 0.0222463722256 0.0121270443139 0.00520879657662 0.0226369740602 0.0387440282486 0.0258506024852 0.0171096136164 -0.00247545826336 0.00743872496967 0.0011897376913 0.00800667243797 0.0209828372633 0.00143454225884 0.00655950218609 0.000699360269364 0.000567122540733 0.0348483445815 0.0178513918913 0.0320081136812 0.00798825925745 0.0108253590433 0.0223912185626 0.0159583254577 0.0171990944732 
0.0129413977971 0.0107233813954 0.00892392376405 0.00760428154368 0.000443847704485 0.00628967763292 0.0102505951131 1.49047489782e-06 0.00813832963669 0.0178512594667 0.00760379644249 -0.000749418715699 0.00878660670419 0.0173682733274 0.0090691098882 0.0062600471302 -0.0090742351287 -0.00603612428299 0.000686273113337 0.00953150789153 0.00494869791529 -0.00886383195715 0.00401317323942 -0.00543054884317 0.0114821613228 0.0197408013788 0.00806456821167 0.00166974675084 0.0155035396182 -0.00136515333608 -0.00250587543325 0.0105846968807 0.0243431383201 0.0104509922225 0.244670399917 -0.0129357571003 0.0129010475403 0.0069990771957 0.00234255678843 0.00924938932057 -0.00370038095774 0.000497187663147 0.0130557778312 0.01132250993 0.011102188841 0.013330499691 0.00650729388677 0.00238490454954 0.0237685316557 0.00852077481036 0.0216831082846 0.000857954895711 0.0156813266379 0.0248000554392 0.00907561279536 0.0199715471435 0.0151600462302 0.0115267782542 0.0106385464627 0.00148517744735 
0.0253920284415 0.0257169879646 0.0143199977684 0.0110248765703 0.00537961414875 0.0074285718389 0.0296422991489 0.0187199308434 0.0205955058723 0.0424995833539 0.0167603524389 0.0125858659872 0.0142989316072 0.00885485863409 0.0198027567099 0.0271433566694 0.00258297052623 0.00944186495953 0.0120253348469 0.0281258853754 0.0172084238742 0.00966966424186 0.000550855774776 0.0231490883329 0.0143775640548 0.0220068927908 0.0162133421085 0.0181278830325 0.0262754316369 0.0219856830885 0.0797324376334 0.018945393802 0.022020471357 0.0172676638597 -0.0129357571003 0.22126724553 0.0235163525716 0.0226026942592 0.0149630189966 0.00860985677348 0.00419409585476 0.0801682584878 0.021872294589 0.00756477298765 0.00568571595754 0.0305072476112 0.0142496973053 0.015305035077 0.0243366973542 0.0146645962373 0.0252469105971 0.0006029830719 0.0253650552342 0.0123608435254 0.0125376786738 0.013213148493 0.0145445316308 0.0144641734062 0.0203856361784 0.0156123496589 
0.0269228169483 0.0312410048232 0.0178851963095 0.0169293038434 0.00221490091646 0.0234584393159 0.0100079053752 0.0273113066554 0.0260208863658 0.087714875701 0.0154401588816 0.0122259312043 0.0128244366203 0.020741789211 0.0109122399534 0.0390308307665 0.0382999805559 -0.0184265090048 0.00376000446847 0.0369340725371 0.0285001926833 0.000681553323313 0.00667360540483 0.0304718266679 0.0245965777479 0.0188072683326 0.0189841306203 0.00952884366946 0.0245586433345 -0.00232437430569 0.0240189964823 0.0242744539678 0.0099599744748 0.0222463722256 0.0129010475403 0.0235163525716 0.217428058127 0.0264282954611 0.0184928356697 0.0134948156002 0.00522138491079 0.0221538020147 0.0288091956432 0.00519394416923 0.0268191616856 0.0245475933368 0.0172694942775 0.0265577653822 0.017744671682 0.0268195679919 0.0213478632544 -0.00577494817973 0.0247423724191 0.0114037261469 0.03366658965 0.0159016134255 0.015790438659 0.0215087946073 0.017748478373 0.016898735556 
0.0099230791691 0.0239818957247 0.00747979724927 0.0123688953403 0.0155806960886 0.0189825489028 0.0291367027419 0.0195027595809 0.0144325685125 0.0107173106783 0.00723756342248 0.0097437687727 0.00479335871894 0.0347813368833 0.0207461054184 0.0127894185698 0.0153677079761 0.0207840409742 0.00757400487055 0.00789043756373 0.00252882033669 0.011153198791 0.035769922644 0.00752271704668 0.0164340190131 0.00705441426117 0.0230357361093 0.009979395508 0.022883665255 0.0120242150093 0.0199783943422 0.0189101331412 0.0149382402884 0.0121270443139 0.0069990771957 0.0226026942592 0.0264282954611 0.259034841068 0.0124548792435 0.0279859647081 0.014895741209 0.0114534896459 0.0156390653408 0.00601600005559 0.00496664525943 0.00425183774074 0.0239449959157 -0.0136849045164 0.0264294972276 0.0101196879181 0.0415156612196 0.0166033755463 0.000414435247661 0.0109711484505 0.00128044721589 0.00816775344692 0.0176656273251 0.00961710791412 0.0319876898849 0.00640022165753 
0.0203602151748 0.0356993222943 0.020888283923 0.00820922848393 0.00774789246639 0.0294837794174 0.0208435497311 0.0075580124291 0.0146806151285 0.0580497115939 0.0099222283308 0.0130736801494 0.0159042739704 0.0117397981915 0.0189398352405 0.0285130066627 0.0227839520435 -0.00626074186451 0.014796798851 0.0211546659688 0.0359309165683 0.0212528009397 0.0201076814994 0.0118379096172 0.023042709018 0.00684376175422 0.0623353383977 0.00108022857678 0.0126116621372 0.0429510172733 0.0139751192179 0.0204965641062 0.00953819500054 0.00520879657662 0.00234255678843 0.0149630189966 0.0184928356697 0.0124548792435 0.314877295303 0.0151196102179 0.00410434188083 0.0214470117994 0.0170708403666 0.00309578723236 0.00174868886372 0.0126766182056 0.0334291562034 0.000331249544458 0.0025188163187 0.0484932191812 0.023774125482 0.0338610970177 0.0332791655697 0.0235352515639 0.0039795959138 0.0252685860615 0.0132642175755 0.0297542242325 0.0156343471684 0.0115881230598 
