20
0.110625092132 0.0246636786654 0.0146510565804 0.136312174374 0.02392892696 0.0357111585815 0.0202574279786 0.043075945187 0.0361599942098 0.143584613331 0.0383245101253 0.0559384191954 0.126305303483 0.169485482474 0.0308768641188 0.0439476996979 0.192324736986 0.0766147585819 0.0325349378307 0.0304896250645 
0.586229218367 0.0102763278901 0.0119759404959 -0.00839304404477 0.0424666700952 0.0134606670854 0.0543571744199 0.0280768290137 0.0100799669923 0.0255732842678 0.0263159652733 0.00469883744241 0.0325534893054 -0.0055123476703 0.0147291156405 0.0115943152862 0.0669174236619 0.0564077566593 0.029826632411 0.00447439527313 
0.0102763278901 0.142362467069 0.0253508622229 -0.00903178254861 0.0129760207144 0.0207178876523 0.0141778183443 0.0208817571156 0.023700347785 -0.000851485603267 0.030728487603 0.0119736225955 0.00923628004314 0.0015684440999 0.0188937594607 0.00605569953189 0.0299791691021 0.020162620107 0.00504719183037 0.0116006421381 
0.0119759404959 0.0253508622229 0.15747006871 -0.00460030927586 0.0228574362904 0.0245041073419 0.0258541979194 0.0156502829454 0.013154457847 0.00297463152484 0.0181429232412 0.0296649635136 -0.00573717225928 0.00253598734443 0.0178936051016 0.0141569832443 0.0266023969248 0.0295192695683 0.0152894986039 0.00980685320252 
-0.00839304404477 -0.0090317825486 -0.00460030927586 1.94264904363 -0.0284975319548 -0.00448224343742 -0.00839755222973 -0.00489841070266 -0.00720085853487 0.0130956595479 -0.00692262296258 -0.00672219997129 0.0114725140873 -0.0266650280475 -0.0165862473229 -0.00197070807567 -0.0131276005778 -0.015937853161 -0.0183229722668 -0.0142398569078 
0.0424666700952 0.0129760207144 0.0228574362904 -0.0284975319548 0.255153203348 0.0221971538028 0.0178621063655 0.0148175904725 -0.00207950179022 0.00254207621952 0.0401326311213 0.0263791052067 0.0102905795679 0.00615636771649 0.00634142457588 0.0179436389226 0.0214831921563 0.0227715062648 0.015316291807 0.0077962096394 
0.0134606670854 0.0207178876523 0.0245041073419 -0.00448224343742 0.0221971538028 0.307077254982 0.0302899147462 0.0259358317342 0.00270712666746 0.007867855151 0.0477206469907 0.0232757786663 0.00128715676665 0.014887388305 0.0244454915019 0.00867939805035 0.0246838722419 0.0477422399835 0.038880772189 0.0311764168727 
0.0543571744199 0.0141778183443 0.0258541979194 -0.00839755222973 0.0178621063655 0.0302899147462 0.28207959834 0.0207370467544 0.0164969686236 0.036775948321 0.0381419548937 0.0280927414456 0.0286069874218 0.00113530504494 0.0231180864552 0.0118573866629 0.0765929521537 0.0684381398791 0.00755462543862 0.00938754286579 
0.0280768290137 0.0208817571156 0.0156502829454 -0.00489841070266 0.0148175904725 0.0259358317342 0.0207370467544 0.224847982644 0.0344379510293 0.026433443094 0.0302798521923 0.0137825685519 0.0222898330671 0.00659094084112 0.0326053212453 0.00958731179584 0.0420490725413 0.0289318071338 0.0192836793024 0.0171268733046 
0.0100799669923 0.023700347785 0.013154457847 -0.00720085853487 -0.00207950179022 0.00270712666746 0.0164969686236 0.0344379510293 0.249921654609 0.0474623646566 0.0168828289035 0.0126978848688 0.0162122529226 0.0448996971013 0.00482406506878 0.00741254979419 0.0391677839682 0.001655130442 0.0153837522014 0.0131739717998 
0.0255732842678 -0.000851485603267 0.00297463152484 0.0130956595479 0.00254207621952 0.007867855151 0.036775948321 0.026433443094 0.0474623646566 0.534592381676 0.0255356346284 0.00374138770783 0.206938777258 0.0378385186492 0.000306826703256 0.00675357371478 0.166448138168 0.0283687635322 0.0253771837591 0.00476122525322 
0.0263159652733 0.030728487603 0.0181429232412 -0.00692262296258 0.0401326311213 0.0477206469907 0.0381419548937 0.0302798521923 0.0168828289035 0.0255356346284 0.341681853548 0.0212015945173 0.0125747570231 0.0129987586693 0.031658662236 0.0101004167938 0.0216028200216 0.0365699962635 0.00821132494863 0.00477051302663 
0.00469883744241 0.0119736225955 0.0296649635136 -0.00672219997129 0.0263791052067 0.0232757786663 0.0280927414455 0.0137825685519 0.0126978848688 0.00374138770783 0.0212015945173 0.243741333932 0.00600391469257 0.0214001551347 0.0158196856945 0.00987839690369 0.0511133367236 0.0336285015939 0.00979375364873 0.021492961723 
0.0325534893054 0.00923628004314 -0.00573717225928 0.0114725140873 0.0102905795679 0.00128715676665 0.0286069874218 0.0222898330671 0.0162122529226 0.206938777258 0.0125747570231 0.00600391469257 0.440310477031 0.0678716689945 0.00896457203945 0.00509176677218 0.118618220914 0.030188826162 -0.00228178936832 0.00999073418961 
-0.0055123476703 0.0015684440999 0.00253598734443 -0.0266650280475 0.00615636771649 0.014887388305 0.00113530504494 0.00659094084112 0.0448996971013 0.0378385186492 0.0129987586693 0.0214001551347 0.0678716689945 0.676444288352 0.011220330019 0.0210776864229 0.0673023136091 0.0191688840621 0.00107812708594 0.0313727541743 
0.0147291156405 0.0188937594607 0.0178936051016 -0.0165862473229 0.00634142457588 0.0244454915019 0.0231180864552 0.0326053212453 0.00482406506878 0.000306826703256 0.031658662236 0.0158196856945 0.00896457203945 0.011220330019 0.267345361674 0.020563013605 0.036851655087 0.0416791572728 0.0186417632339 0.0133637604891 
0.0115943152862 0.00605569953188 0.0141569832443 -0.00197070807567 0.0179436389226 0.00867939805035 0.0118573866629 0.00958731179584 0.0074125497942 0.00675357371478 0.0101004167938 0.00987839690369 0.00509176677218 0.0210776864229 0.020563013605 0.194738493143 0.0180651857157 0.0225451122047 0.0140468818302 -0.00175526794694 
0.066917423662 0.0299791691021 0.0266023969248 -0.0131276005778 0.0214831921563 0.0246838722419 0.0765929521537 0.0420490725413 0.0391677839682 0.166448138168 0.0216028200216 0.0511133367236 0.118618220914 0.0673023136091 0.036851655087 0.0180651857157 0.667436474688 0.0515629659495 0.0156357744485 0.0205045829973 
0.0564077566593 0.020162620107 0.0295192695683 -0.015937853161 0.0227715062648 0.0477422399835 0.0684381398791 0.0289318071338 0.001655130442 0.0283687635322 0.0365699962635 0.0336285015939 0.030188826162 0.0191688840621 0.0416791572728 0.0225451122047 0.0515629659495 0.490795047704 0.0358062169041 -0.000899077065792 
0.029826632411 0.00504719183037 0.0152894986039 -0.0183229722668 0.015316291807 0.038880772189 0.00755462543862 0.0192836793024 0.0153837522014 0.0253771837591 0.00821132494863 0.00979375364872 -0.00228178936832 0.00107812708594 0.0186417632339 0.0140468818302 0.0156357744485 0.0358062169041 0.29846092761 0.0203774463093 
0.00447439527313 0.0116006421381 0.00980685320252 -0.0142398569078 0.0077962096394 0.0311764168727 0.00938754286579 0.0171268733046 0.0131739717998 0.00476122525322 0.00477051302663 0.021492961723 0.00999073418961 0.0313727541743 0.0133637604891 -0.00175526794694 0.0205045829973 -0.000899077065792 0.0203774463093 0.214585625159 

['JNS', 'TMK', 'GE', 'KMI', 'LIZ', 'HET', 'APCC', 'PNC', 'PPL', 'NOV', 'BBBY', 'TMO', 'BHI', 'ADM', 'FDC', 'LH', 'FCX', 'QCOM', 'EFX', 'HNZ']