100
0.02392892696 0.067654701563 0.116792266476 0.0535662105727 0.107116270008 0.0784336943662 0.0439476996979 0.0501755430095 0.0936563270582 0.0773240107923 0.0394797478448 0.0270240384822 0.0486959213786 0.0695535734162 0.0282353637115 0.0335319673985 0.0623593213805 0.0533286406295 0.0297585566085 0.0631330997176 0.0244433913508 0.0324915821016 0.0378384564622 0.0289058353667 0.0441448787565 0.015652967587 0.0523918745475 0.164482556217 0.0115927538848 0.163811268696 0.123926899062 0.0420146984796 0.0130713531851 0.118814959333 0.090319564185 0.104903250727 0.149246593495 0.0526943852585 0.0396471392927 0.148705689344 0.0832698050771 0.0852779749864 0.0612619406497 0.0255776045185 0.026417897889 0.0296866664977 0.0528259349661 0.0347696809731 0.0766147585819 0.0936509155003 0.0330111524363 0.00399952409326 0.0820701074714 0.023015295127 0.0231877092109 0.0459594094694 0.0634276035435 0.0399774891594 0.0909027791802 0.0353466838873 0.0297343435849 0.0188066159349 0.0135350028622 0.135299445153 0.0599327976672 0.0354646018646 0.0592302274211 0.0304536481296 0.0253425298527 0.0442318588416 0.138528932385 0.0590558874601 0.0725669815102 0.0874158444094 0.0482651065397 0.192324736986 0.0791308905459 0.0210495138202 0.0486664598358 0.0267221777707 0.044891801276 0.0335830315084 0.0753619397022 0.166074759161 0.0522856391002 0.0220144037379 0.0314738433907 0.0486003975036 0.0538734886168 0.0275926739743 0.0682562642732 0.0765601453803 0.123612909007 0.0272696759741 0.242072249725 0.153319254475 0.0437869579852 0.0755152896869 0.0733521468466 0.0698927007 
0.229118036276 0.00195559032271 0.00252461811623 0.0171530337936 0.0204574230866 0.0108956061256 0.0137678823285 0.0111973125829 -0.00495216772868 0.0339415841637 0.0067402993414 0.0100799511175 0.0107135065041 0.0101083621023 0.0110809127001 0.0263209597616 0.0106291219569 0.00738078785155 0.0189718868937 0.0223450306726 0.00378899101691 0.0345423330416 -0.00183732440722 0.00614541977277 0.0171217440588 0.0257511204851 -0.00347786318648 -0.00541236661289 0.00424911376851 -0.0391609026061 0.00272183778273 0.00254976081933 0.000835217642428 0.0115685679851 0.00494901256547 0.034447418481 -0.000152182620565 0.00911219284808 0.000884678311041 0.0033714387176 0.00118274756641 0.0120425790317 -0.00790002766771 0.00930821251484 0.0185596447338 -0.00106517027049 0.00956320784481 0.0159447837242 0.0102370288403 0.0290643194412 0.0384490477342 0.0118175441688 0.0032900406896 0.0116952059345 0.00220245782966 0.0315243185692 0.0160436982736 0.00320225254338 0.00175683446541 0.0052237856948 0.00153594975486 0.0219654426176 0.00412076981939 0.00613118128086 0.00537762980301 -0.00457408616373 0.00103535553778 0.0156544790056 0.00228579102824 0.0135850808218 0.0252923146155 0.0148568080006 0.0114444863743 -0.00113005918669 0.00798024207926 0.00558693990747 0.0221588120766 0.00755483170305 -0.00036953204134 0.00166888553515 0.0291349210749 0.0118909376888 0.00442141778514 0.0171902189841 0.00519387563199 0.00165520183282 0.00310289663171 0.000875697206332 0.0169591572375 -0.00199806510296 0.0203780032048 0.00589535778035 0.0101998614368 0.00862397806538 0.0171485033053 0.019644830977 -0.00949704717695 0.0198766563638 -0.00224697922051 0.0124219390298 
0.00195559032271 0.349574285512 0.011937399299 0.0152457191377 -0.0036175076015 -0.000504869862486 -0.00359435562209 -0.00875842291064 0.000747711003109 0.00651862712541 0.0166236641044 0.0140715435155 0.0139327509956 0.000573708199146 0.0231111088272 0.0161857151039 -0.00627277704171 -0.00461620094523 0.0124880612584 0.0132319240095 0.0055582883671 0.00518236841589 0.00742605845561 0.00231722476255 0.0164980921951 0.00142831066576 0.00193200752371 -0.00783368784369 0.00706006780178 -0.0231839350415 0.00515691027208 0.00962706467482 0.0137000254609 0.000432223728013 0.0122551161114 0.0111887554074 0.0149874992545 0.011389870709 0.023499789433 0.0234150935593 0.0119339302959 0.00159295333985 0.00443951070523 0.00113454395226 0.00531165295623 0.0265680099314 0.0171537032789 -0.012965410901 0.0101706609158 0.0090542971643 0.0170129748535 0.00449078089827 0.00199064669691 0.00695917870135 0.0143659898327 0.00680670341448 -0.000924501538786 0.144014806224 0.00980150655056 0.00392866093035 0.00735414450109 0.0116178328472 -0.00242909874318 -0.00501182605451 0.00652138737168 0.00695168766564 0.0149962902496 0.0200845033215 0.0222774260302 0.00890719823759 0.0058212007793 0.00813541823506 0.0102500143357 0.021232630189 0.00377140904306 0.0158168242293 -0.0115260458031 0.02219015205 0.0132967269568 0.0109758360227 -0.000925319851707 0.00626457015317 0.00344126536262 0.00159821997073 -0.0046773705737 0.0102030067496 0.0197311352558 0.017428609698 0.00266659720153 0.00145140877893 -0.000685300526398 0.00375333049078 -0.018726553757 0.00844100652227 0.010622063156 0.0139881953549 0.00416172960798 0.0140822534276 0.0180698829982 0.00532997988191 
0.00252461811623 0.011937399299 0.59245075697 0.00147042040939 -0.00240539040844 0.00889211588804 -0.0200040881994 -0.0105221575777 0.0105953445755 0.0121640147996 -0.0122605189265 0.0133312765249 0.0190566628562 -0.00479973534539 0.013371976542 0.00370510405037 -0.00255391329706 0.00500201664321 0.00018339914548 -0.00658029120454 0.00900656910093 0.0112081986197 0.0184120128163 0.00622739033955 0.00246223287239 0.0083882135169 0.00239090452127 -0.0146906962228 -0.0022590530739 -0.0100374928955 -0.00562222546969 0.0157169972379 0.0064224162833 0.0307211748597 0.00908502267729 0.0289763986988 0.00376661729556 0.0151168079504 -0.00723597895553 0.0162869736259 0.0136481075786 0.0196333279169 0.0141809508509 0.00690725770638 0.00726423498615 0.0161925276534 0.0161320504795 -0.00997598627393 -0.00841969014277 0.0139641384016 0.00610390926927 -0.00890680685776 0.0170498571981 0.000571733584664 -0.0130750373893 0.0107914873427 0.00550159550728 -0.00706459612494 0.00150284464469 0.00355103911555 -0.000979098434986 0.00694679365505 0.00180013020247 0.0141912927108 0.000911757602343 0.00063533418996 0.00640056871753 0.00974101607026 0.0026545738176 0.0234723966774 0.0383671744759 -0.00398769207524 0.0175580305975 0.00606331616976 -0.00592617673278 0.0144294491841 0.00250973309299 7.74173767022e-05 0.0669837442742 0.00449318437561 0.00592060193775 0.0124341281407 0.00301374346722 0.015626640114 0.00324231249078 -0.00273840301771 0.0356041374095 -0.00349060242619 0.010338910561 -0.0216418294145 0.0128168523169 0.00866354145337 -0.0122277427478 -0.00528336485984 0.0268084221422 -0.00102061813021 -0.004889543352 0.0369422383928 0.00821393606724 0.00160389303316 
0.0171530337936 0.0152457191377 0.00147042040939 0.191934645611 0.0107607327239 -0.00759312818714 0.0079693961759 0.00939705010999 0.00956884387251 0.0367078858852 0.0144156918437 0.0220611302087 0.0179656319113 0.0384866454153 0.0149549682872 0.0161011215764 0.0148736729913 0.0186040304479 0.0175400399666 -0.00279748597522 -7.4073526762e-05 0.00784180747253 0.0189741337644 0.0102654920912 0.0322031180469 0.00185965581254 0.0225068450406 0.00372729614759 0.00822613761754 -0.000766973497042 0.0112048181145 0.0061329437155 0.0181176086646 0.0154507250958 0.0331814533998 0.0267915295515 0.0209674926125 0.0418409216987 0.0202337336864 0.0261340870794 0.00653663699988 0.00785753305807 0.014616290532 0.0171854942007 0.00840178518239 0.0203192593532 0.0153895671772 0.00534698086071 0.0108740722408 0.0285149871905 0.0104480359635 0.00675330552583 -0.000484228398508 0.010851314719 0.0156267515934 0.0145896631822 0.0231725891714 0.000420827123753 -0.000803521974924 0.0149470540135 0.00630972225932 0.0181716817934 0.00197554038315 0.0215483639578 -0.000896128090076 0.016317176109 0.0124896285155 0.0335652119049 0.017089833472 0.0156553235782 0.0291237068279 0.0409264121039 0.0199297330048 0.0116693480508 0.00729577923955 0.0358361712224 0.00220817722458 0.00908465097416 0.0182389392247 0.0235783928894 0.0294168170722 0.0142081988606 0.00981499555235 0.0231602296864 0.0182059402869 0.0210687520267 0.00387866475527 0.00652501746637 0.00893882203914 0.0065469431 0.00489165580737 0.0140658607603 0.00498340506145 0.00606804492493 0.0209888384589 0.0270288290552 0.0201517014228 0.0280341571141 0.0315231124933 0.00886364110498 
0.0204574230866 -0.0036175076015 -0.00240539040844 0.0107607327239 0.499247540107 0.00816697168244 0.00864431902296 0.0221737221792 0.0208380636192 0.0385710339841 0.0258655547614 -0.00121321280591 0.0169850117398 0.0233713064413 0.0162441624721 0.0261804362569 0.000304926552475 0.0112217733942 0.0257407919178 0.0159313631376 0.00263785570541 0.0158563846856 0.0250333514035 0.014817784671 0.0176312049695 0.0148300985095 0.00462545237287 -0.012712753235 0.0122459036961 0.00181959245108 -0.0121057828133 0.0238384510722 -0.0035555640558 0.0391189639431 0.0102692513419 0.0516890064592 0.0392625906849 0.0434442503256 0.016714533693 0.0796602859791 0.0251678478997 0.00548989889013 0.0519209602263 0.0206355178875 0.0211649184672 0.0176097759289 0.0149739261757 0.0284837558197 0.0591470421013 0.0449127852693 0.0342815142497 0.0106994805439 0.0200930990788 0.0119837923002 0.0115975882709 0.00766997254786 0.0288200351633 -0.00411617883265 0.0123361898602 0.0104042446159 0.0241246446146 0.00656299527783 0.0160163616134 0.0447261951576 0.00142020164223 -0.0140877295133 0.0244735663112 0.00584159938119 0.0213957413067 0.0342437094552 0.0242311068318 -0.00775039560938 0.0226736065344 0.0518209313138 0.0335881297474 0.068367046199 0.00481255031567 -0.00526136305415 -0.000815809276306 0.0115365166689 0.0181802602171 0.120185250636 0.0271018501435 0.0155350115442 0.021457198197 0.0127199873955 0.00827307077293 0.0432535787259 0.0542995696926 0.00359337288765 0.0286088576282 0.035333366382 0.00924551526175 0.0324088978507 0.0339957638214 0.0425659770789 -0.0137381652076 -0.00415854080586 -0.00662839245531 0.0287039110775 
0.0108956061256 -0.000504869862486 0.00889211588803 -0.00759312818714 0.00816697168244 0.333740178248 0.0105655135485 0.0204062563512 9.3658990083e-05 0.0109071493372 0.00604276127339 0.00487287370384 0.0209167134803 -0.00554343454985 0.00784760073748 0.0130323958559 0.00713119679448 0.0170666889634 0.0164029576374 -0.0168672610387 0.00909572344837 0.0106770029736 0.0229147422056 -0.000305830440506 0.00574361639403 0.0232488174827 0.0312829866166 -0.0283389040577 0.00259410645938 0.0914654026544 -0.0381672044473 0.0178946555964 0.00208747607845 0.0245886566166 0.0387275381899 0.031423331841 0.029703347781 0.0168005020098 0.0145846080439 -0.0113568730464 -0.0121025517264 0.0460085515398 0.00539423822734 0.00713146284 -0.00330344872497 0.0215409229215 0.00715866482957 0.0159184228896 0.0122627122391 0.0297919847993 0.0108604748091 0.000197806911451 0.00469308528526 0.0218411571675 -0.00824967666502 -0.00247808261467 0.00324545746354 0.019236902394 0.0281674515714 0.00906149574844 0.00643084206875 -0.00544252590778 0.0116987144486 0.0155036236683 -0.00794602530745 0.0226694651407 0.0257685741617 0.000958205449413 0.0110500040995 0.003111301737 0.0187680126634 0.0156133088792 0.0161047166373 0.0152739525284 0.0243492864906 -0.00227045782439 -0.00615576266021 0.00604525468219 0.0220354316313 0.000377160386632 0.0177534881198 0.0121896673591 0.00138443865145 -0.00892622888722 0.00482931828045 0.00129828876543 -0.0117804100816 0.0153585219864 -0.0160505132825 0.0118262653418 0.0187607162871 0.0229415340235 -0.00778283280985 -0.00235596419793 0.0175623036099 0.00381047165503 0.0317372563155 0.00465214916266 0.0435304163823 0.0198782833718 
0.0137678823285 -0.00359435562209 -0.0200040881994 0.0079693961759 0.00864431902296 0.0105655135485 0.177663343427 0.016865454262 0.00179025744207 0.0120022702941 0.00171675749504 0.0113672102602 -0.00113418535197 -0.0115507780089 0.00272232714779 0.011389042456 -0.0066958091173 0.0142050378334 0.0102205315363 -0.00134225500261 0.00592620691693 0.00472619699328 -0.00973476272243 0.0104752058158 -0.000403177374781 0.00456689189027 0.00727155641255 -0.0021959330861 0.00453987210609 -0.00745554853802 -0.00176889650804 0.00958582611579 -0.00139297365131 0.0131805227029 0.00760484215684 -0.00312424665097 0.00853346599292 0.00204890043663 0.000481034326658 -0.00195468180014 0.00540796164963 0.0251586067124 0.00713982723525 0.00357394951944 0.00104135048595 0.00393633065286 0.0155949576135 0.00625746556781 0.0184413089625 0.0104210495789 0.0158914072109 0.00876192142038 0.00255329655179 -0.00198449064219 0.0143307130461 -0.000941928558487 -0.00323402936433 0.00963538242958 0.00720868121992 0.000179366421524 0.00430647134656 0.011221782863 -0.00166267344674 0.00770450176899 0.00762507368207 0.00334888331394 0.0134199807026 -0.000814787965298 0.00319160812342 0.00411919520019 0.00690949212978 0.00847910031569 0.00539214702762 0.0383492417041 0.00371251515663 0.0144024369842 0.00223501370425 0.00686426022642 0.00260731552171 0.00400168786407 0.00245385949561 0.00163102791212 0.00400643093644 -0.010140099894 0.00773701313258 0.00745380019576 0.00408165699161 0.0031408924178 -0.00212150709273 0.000518443075826 0.00735364413827 -0.000300370184977 -0.00137310323979 -0.000938830196842 0.0278383249456 0.0104229724288 0.0102488328602 0.017384329549 0.0194644901848 0.0118224086352 
0.0111973125829 -0.00875842291064 -0.0105221575777 0.00939705010999 0.0221737221792 0.0204062563512 0.016865454262 0.300685318194 -0.0139004073239 0.0283057672055 0.0102489957329 0.00662474365277 0.0207251723622 0.0358741205482 0.0117667477055 0.00623784279633 0.0136467399147 0.0024178046738 0.00503147856125 0.000237495364536 0.0117458012111 0.0265179849132 0.0141205429099 0.00174556278271 0.0148445836537 0.0176496812956 0.0205574760212 0.0261459289656 -0.00322111010686 -0.00215145596106 0.00836144956047 0.00966504250359 0.00859493882067 0.0247702448604 0.015273640071 0.0334870813959 0.00474130981499 0.0147458203029 0.000860897843164 0.0265632249295 0.00687225732903 0.0197858788748 0.0101339541549 -0.000967967060558 0.00777648385246 0.0059688016769 0.0158954602035 0.0200659807007 0.00800548482204 0.0133293482196 0.0135351105957 0.00957199709789 0.0289342619694 0.00629485350014 -0.000393488159126 0.0105553168599 0.0244132327602 0.00609001479955 0.00159184572426 0.0110453321802 0.00166423406241 0.00818186775643 0.0160537732675 0.049366675633 0.0108107999895 0.0086205985782 0.00952543180613 0.0153220015771 0.00343951003872 0.0141411907426 0.0432592056139 -0.00397449713397 0.00877585633065 0.0105883604102 0.0111656064273 0.0106883301786 0.0187849313526 0.0120761567268 -0.00250300073817 0.00230939461395 -0.00750175778676 0.0176783749343 0.0123115643532 0.0290365713943 0.00926291078941 0.0154730605097 -0.00274770418154 0.00301556285496 0.0165333106195 -0.00877386692036 -0.00659467621036 0.0156186016432 -0.012090263249 0.0127810442582 0.0260206842242 0.0304827950145 0.0170937988189 0.0147349149164 0.0121105558624 0.0304583586639 
-0.00495216772868 0.000747711003109 0.0105953445755 0.00956884387251 0.0208380636192 9.36589900836e-05 0.00179025744207 -0.0139004073239 0.422567412634 0.0194975255318 0.0148232220143 0.00553768580268 0.0305123546073 -0.0119626570752 0.0166281931525 0.0184241389416 0.0227130288125 0.00390969967627 -0.00282759118827 0.0440717788343 0.0015409974492 -0.000427842369657 -0.00352653250909 0.0227912942377 0.0125343929555 0.0256908273478 0.00314402506727 -0.00565825754073 0.00554053497473 -0.0257748822388 0.00128640786109 0.0377041067176 0.00141113488781 0.0434723634154 0.0193863248951 0.0419858400255 0.00597458517921 0.0463320686594 0.0214542751038 0.0328115595224 0.00546450242637 -0.0176422224294 0.0355163662168 0.00640347764617 -0.00764692984093 0.0104488552917 0.0286069367993 0.0163554747841 0.0275990065074 0.0254437182909 0.00209356243554 0.00636804048076 0.0142379642003 0.00882545901998 0.00549625330909 0.00774582875205 0.0362966796345 -0.0132130902129 0.0109846252184 -0.000498502770567 0.0230537417266 -0.00285456044086 0.00693746954991 0.011848955403 0.00834197545195 0.0078566472003 -0.000972704056826 0.0224521443129 -0.00191030436354 0.0259995140763 0.0247884763927 -0.00747218016749 0.025632072909 0.0231982868146 -0.0073685654687 0.028300546379 -0.00322242473731 0.0232715285811 0.00822345678383 0.00625056540677 0.00723849157779 0.0187989809248 -0.00935134641713 0.0048330276613 -0.00835916050118 -0.00244565491671 0.0028067968579 0.033286152133 0.00397291022307 -0.00211021818444 0.0302174942336 0.00233342735423 0.00204073664513 0.00658459343388 0.00772835830608 0.0172162565163 -0.0116994276548 -0.00379892502828 0.00215295092752 0.0338495588334 
0.0339415841637 0.00651862712541 0.0121640147996 0.0367078858852 0.0385710339841 0.0109071493372 0.0120022702941 0.0283057672055 0.0194975255318 0.435290546887 0.0167299276282 0.0176870609999 0.0317461013965 0.0180039090205 0.0309477131387 0.0424929776471 0.0371967244427 0.0128240495328 0.0336799411375 0.0398999088632 0.0174413629277 0.0453597507472 0.0114439962664 0.0166850617694 0.0407999670497 0.010867157828 0.0179067711797 -0.00305956957205 0.0165547150378 0.00563067683824 0.0377232726003 0.0273132790296 0.00716998670355 0.0134102551664 0.0351982108442 0.0434691409773 0.0644273114082 0.0382639235529 0.0466455792769 0.0243632088778 0.0223196954768 0.038148007325 0.0121469066286 0.0388913922078 0.0325633246055 0.015487576723 0.0200019738417 0.00836053725697 0.0199354207551 0.0675506390641 0.048678751517 0.000577199083178 0.034163434364 0.0109703766913 -0.00632890748787 0.0661428410693 0.018515049931 0.00660782995513 0.0202152677714 0.00878825516844 0.00255077576751 0.0217458401465 0.0338934395969 0.0435185440447 0.0359908340907 0.0131028501153 0.0310320640588 0.0364042176755 0.00816010307909 0.0231967115069 0.0513147650536 0.00124310810213 0.0481531202863 0.0026636892327 0.0151620926203 0.0378767040037 0.00925993601598 0.0355987953033 -0.000145749328971 0.0305268852527 0.0355981198849 0.0257141914813 0.0455292873796 0.052486216876 0.0333765739511 0.00258355876718 0.0137440832114 0.0186471533407 0.0215759414504 0.0053354058921 0.0280238812255 0.0271650806735 0.0121603741637 0.0215492923932 0.0341948116564 0.0579615366127 0.0125095279747 0.0370294961506 0.0258362664094 0.0285590828389 
0.0067402993414 0.0166236641044 -0.0122605189265 0.0144156918437 0.0258655547614 0.00604276127339 0.00171675749504 0.0102489957329 0.0148232220143 0.0167299276282 0.304564963983 0.00336165821356 0.0235796950786 0.00821943434791 0.0161830453494 0.0321620522856 0.0266641144713 0.00558196750451 0.00583946846886 0.0050804894223 0.0110789368042 -0.00462217629806 0.0124651551633 0.00892651064309 -0.000816604612706 0.0144886246468 0.0248263914364 -0.00345047704429 0.00654833238534 -0.0300384411799 0.0127800115888 0.0137735404846 0.00700301265772 0.0246511010444 0.0499888605177 0.0122675744512 0.0283850529863 0.0130359764862 0.000644537409649 0.0206740656272 0.00360570945657 0.0121891756986 0.0195233364261 -0.00331618472671 0.00562337408194 0.00584602074326 0.00791324584953 0.0102981643 0.0310424972954 0.0198343841437 0.0163603228247 0.0247092730337 0.024625076141 0.0258126379813 -0.000127490736555 0.00132039459421 0.0115575184438 -0.000636678366195 0.00546971764625 0.0113090069323 0.00881232123058 0.0114207708301 0.00388300439026 0.00130005982582 0.00685500379686 0.0095611920603 0.00849494489317 0.0115534317775 0.0107948823861 0.0182682382201 0.0032653861757 0.0121968239124 0.0206820216821 0.0157237395713 0.00171577290165 0.0358259517347 -0.00549058209879 0.0069566609308 0.000110334067926 0.00725748816032 0.0144562777321 0.0115161767659 0.00749804176427 0.0285777507436 0.0197297719193 0.00612247607111 0.0161791923838 0.00514123790144 0.0215234658718 0.0116211921098 0.0119899537426 0.00951451424012 -0.00656938778406 0.021653829651 0.0462728312992 0.059543373583 0.0220504026351 -0.0239181693743 0.0545250821112 0.011779894209 
0.0100799511175 0.0140715435155 0.0133312765249 0.0220611302087 -0.00121321280591 0.00487287370384 0.0113672102602 0.00662474365277 0.00553768580268 0.0176870609999 0.00336165821356 0.21162635318 0.0204613198366 0.00179352791884 0.0172961089084 0.0131561345232 0.0156474231363 -4.72168805362e-05 0.0110841939597 0.0166733604763 0.0180216490678 0.00816556052375 -0.00550201174841 0.0201366187419 0.0299910421743 0.0139900339686 -0.00081532811947 -0.00640518662539 0.0103772472372 0.017910925798 0.0148386165003 0.00284567433626 0.00135907776595 0.00884083309231 0.0120537528435 0.0202669996523 -0.0194536658875 0.00531956224803 0.00581372596131 0.00869139754048 -0.00824271971477 0.0101003061147 0.0177033936745 0.00996426584307 0.00268583868102 0.022108987251 0.0162465094793 0.0167979941369 0.0120828816628 0.00467766568832 0.0056687838252 0.0122474918234 0.015556932458 0.0227029002904 -0.0054916774108 0.0111967465532 0.0102300780152 -0.00252477032118 0.0121540680734 0.0258941612821 -0.0010697275466 0.0196879700202 0.00435763369407 -0.00675094327312 -0.0124117125989 0.000566743926301 0.010094881315 0.0169389980586 0.0296302227355 0.00863251056161 -0.000764749110453 0.0140308647962 0.0186940415503 -0.00986914819396 0.0103278865341 0.00476853164033 -0.000602436638249 -0.000700066130816 -0.0141107202192 0.010165540382 -0.000614388540282 0.0192173252531 -0.00731450495366 0.00135594763246 0.0169277290122 0.00898275635727 0.026148831473 -0.000982243983326 -0.00208309262946 -0.00141921220874 0.0150057426107 0.013574411489 -0.000377018873442 0.00689054910549 0.00825159726902 0.0251718817466 0.00969723281442 0.0133704778583 0.00109560648585 0.0144795697582 
0.0107135065041 0.0139327509956 0.0190566628562 0.0179656319113 0.0169850117398 0.0209167134803 -0.00113418535197 0.0207251723622 0.0305123546073 0.0317461013965 0.0235796950786 0.0204613198366 0.174655124937 0.0155697161397 0.0415235708992 0.00205493904698 0.0303286419271 0.0109889307764 0.00706434600464 0.00661185978675 0.0160787686014 0.00625317680351 0.00595563922157 0.0264071344018 0.0466811846115 0.0203841843191 0.0293234844733 0.0103882971699 0.00560900985486 0.0113605790532 0.0199451921208 0.0185012700098 0.0199093159221 0.0178486697183 0.016398040933 0.0198994451715 0.00266529650388 0.0277067220625 0.00163466249708 0.00511140908109 -0.0017792301944 0.018053566356 0.00206040188098 0.00789312446138 0.0128817590497 0.0352296034946 0.0106359044807 0.00972178757631 0.0103637830494 0.0305650365959 0.0182967426567 0.0114856561744 0.023004151446 0.0420478447103 -0.000699458815359 0.00982335585819 0.00984803440891 0.00823157282202 0.0146870752734 0.021289735602 0.00756320917728 0.00892962916867 0.018170216363 0.0134874051791 0.0309159296654 0.015120241834 -0.00119547694695 0.0359331589307 0.0219536054782 0.0123662169041 0.00428001468918 0.00730338426476 0.0318955490384 0.00361025404928 0.0166822955981 0.0350117372192 0.00504395411841 0.00358014840035 0.0119676174731 0.0156605655897 0.0146037464724 0.0125906900303 0.000369998909314 0.0271706889756 0.0213752821719 0.00957780591027 0.0265367848502 0.00481061904157 0.0209264995539 0.00326002979972 0.0198678825829 0.0137678145966 -0.00998425563248 0.00963520196028 0.0258928111113 0.0270522814643 0.0108815581976 0.00822570774042 0.0290117902259 0.0476341743091 
0.0101083621023 0.000573708199146 -0.00479973534539 0.0384866454153 0.0233713064413 -0.00554343454985 -0.0115507780089 0.0358741205482 -0.0119626570752 0.0180039090205 0.00821943434791 0.00179352791884 0.0155697161397 0.387644139367 0.00707704264362 0.00447668482939 -0.0109818152233 0.00343783273442 0.00135490076362 0.0132932064796 0.0159511944874 0.00166757849164 0.00623663368963 0.00896766852001 0.017278482701 0.00163555348578 0.00530349681813 0.0142087783836 0.00214548629273 0.000679741398904 0.00540306848322 0.00740068845016 -0.000679557452955 0.0240969310245 0.0056371297619 0.0208394462451 -0.00582548223872 0.00748116901317 -0.00779861635358 0.00621811407991 -0.0103684421898 -0.000726761621067 0.0054323004562 0.0313987667677 0.00334581067801 0.013039589476 0.0119372566643 0.00844797445521 0.00139424073291 0.0130620485393 0.00882867111433 0.00937509619301 0.0140750355384 0.0122346686423 0.0283432618576 0.0108983385985 0.00385303250643 0.00167923708222 -0.00559057204257 0.0108513530047 0.00369684295992 0.00352077461751 0.0146756144383 0.00894948197917 0.00908250194754 -0.00589428751633 0.00807553507685 0.0132173412217 0.0251617904205 0.0231453797786 -0.00124528928539 0.00697749625638 0.0120106660886 -0.00401538054579 0.00090744886886 -0.00123165796464 0.00168285092501 0.0126908761928 0.0115467141959 0.00293453856125 0.00296812160675 0.00385638576563 -0.0116744431868 0.0481503918487 0.00581596716831 -0.00215743999643 0.00944898124052 0.00964296757858 0.00939300437047 -0.00540721727213 0.00251666775218 0.0137482823221 0.00352310551326 0.00282372087316 0.013547636139 0.0165594073191 -0.00211547763208 0.000692517599343 -0.0137596352373 0.0332435255284 
0.0110809127001 0.0231111088272 0.013371976542 0.0149549682872 0.0162441624721 0.00784760073748 0.00272232714779 0.0117667477055 0.0166281931525 0.0309477131387 0.0161830453494 0.0172961089084 0.0415235708992 0.00707704264362 0.12044465665 0.00837269898443 0.0119330884397 0.0147229519392 0.0148695369569 0.00511489099614 0.00988302585485 0.00751089882907 0.0178707684878 0.0121364732498 0.0257463595652 0.00718458896439 0.00841228884053 0.00154369211587 0.0150235255846 0.00286071058564 0.000366369667766 0.00399891600736 0.0220159722265 0.0140776010234 0.0151972815247 0.0148525721008 -0.00484361355506 0.0204332513965 0.0207490021249 0.00599071003505 0.00905787213371 0.0178048853174 -9.47776474197e-05 0.0180338334999 0.00581436137838 0.0309177465243 0.0177087085265 0.00357057140239 0.0157032149866 0.0239261107893 0.0159885341676 0.0139586143131 0.0133193702605 0.0271499597738 0.00888411673652 0.0169884689184 0.0141381697784 0.00198520865617 0.0116413410275 0.0209509922303 0.00464289309333 0.00676293301139 0.0140665158414 -0.00124553216895 0.0051818657882 0.0149315585411 0.00905084429765 0.0401352959949 0.00685975794257 0.0129153276591 0.0182320622331 0.0236367300812 0.0268723729367 0.00738326790717 0.00422410818779 0.0148807495817 0.006450515521 -0.000727150171722 -0.00231119389742 0.0197061781967 0.0116826953564 0.0103480662791 0.00109359240587 0.00383091858576 0.0125596384814 0.0156378432056 0.0109950669508 0.00251594096378 0.0081839422099 0.00636335730184 0.0108497216684 0.0179213598527 -0.000122306186971 0.00981480906397 0.0191190463893 0.0248344485661 0.00855438810026 0.00492504946904 0.0224793386477 0.0144737304145 
0.0263209597616 0.0161857151039 0.00370510405037 0.0161011215764 0.0261804362569 0.0130323958559 0.011389042456 0.00623784279633 0.0184241389416 0.0424929776471 0.0321620522856 0.0131561345232 0.00205493904698 0.00447668482939 0.00837269898443 0.185795818252 0.0323243993374 0.0156188094811 0.0193538902348 0.0206359044735 0.00215810745534 0.0140064161789 0.000128931342096 0.0168498356294 0.0107142657445 0.0167057039122 0.0117305879886 0.000409298103612 0.0106974143388 -0.00364235983089 0.0117148860993 0.00984144742681 0.00202396692283 0.00280347466812 0.0231957556109 0.0386314124907 0.0164164516632 0.0245935731196 0.00421791113453 0.0395499419702 0.0251369965778 0.0275180902151 0.0166226820669 0.00787326453435 0.0148412342655 0.0140230286704 0.00841046732735 0.0326200237051 0.0169762906212 0.0123219062062 0.0218527034089 0.000681044663092 0.0131180447793 0.0142320709385 0.000542629048206 0.0298773525503 0.0201016213344 -0.0135867115438 0.0158814959023 0.0101409344167 -0.00312209847344 0.0157431474882 0.0188493388374 0.00751463459225 0.0117763450638 0.00168030041491 0.0212499494821 0.00593106524751 0.0115429606712 0.026028912124 0.0209093237623 0.0112188633138 0.0324953716643 0.0155073375656 0.0152688405611 0.0238548884869 0.00562346851042 0.0113055364988 0.00525380322433 0.00566125988974 0.0171861476653 0.00180138053104 0.00767916799568 0.0417626390423 0.0350127338814 0.00440407385622 0.00399349182306 0.0125137777028 0.0226211429597 0.0154866916471 0.0325333484141 0.01360111849 0.00819507299025 0.0186082192005 0.0549524231528 0.0172305655701 0.00759953218085 0.0189344950411 -0.000437474894734 0.00932938264134 
0.0106291219569 -0.00627277704171 -0.00255391329706 0.0148736729913 0.000304926552475 0.00713119679448 -0.0066958091173 0.0136467399147 0.0227130288125 0.0371967244427 0.0266641144713 0.0156474231363 0.0303286419271 -0.0109818152233 0.0119330884397 0.0323243993374 0.314353769133 0.0113201432455 0.0192571558772 0.02803470686 0.0212677157907 0.00618592493343 -0.000657896756669 0.0200197243046 0.030070023259 0.0284193530677 0.016433940209 -0.00347396220687 0.00113390523391 0.00270157545247 0.0194125217259 0.00762584541168 0.00160151840963 0.0150094821068 0.0201878546886 0.046461012088 0.0100127612949 0.0244009815075 0.00541857384735 0.0341844692675 0.0120068631934 0.0240207573136 0.0461415824953 0.00795793178653 0.0229539216965 0.0248538587246 0.00369666798438 0.035794288376 0.0141347679466 0.0222826952576 0.0137313760409 0.00526785295336 0.00530044058453 0.0189903779934 0.00853363357286 0.01855322328 0.0136825460037 -0.00660538564817 -0.00648731846722 0.000544792849115 0.00775954792935 0.0256451261961 0.00702221532462 0.0344703442002 0.00711784718693 0.00535842242583 0.0299484440668 0.0151884837915 0.0112074122878 0.0228923620951 0.0120920172377 -0.0158605886646 0.023002903094 -0.0124584321087 0.0121958967979 0.0592027198388 -0.00393348543703 -0.0193189675493 -0.00485374708316 0.018055480258 0.02648818774 0.0167617806465 0.00926265323332 0.0283915490644 0.0232949011563 -0.00155284886984 0.0119367327421 -0.00115630083436 0.0267701664456 -0.00111217163296 0.0204156117067 0.0229222678525 0.0296963207321 0.0176729880601 0.0535306834397 0.038002223955 0.0157797165482 0.0090172900647 0.0335271385131 0.0158039259928 
0.00738078785155 -0.00461620094523 0.00500201664321 0.0186040304479 0.0112217733942 0.0170666889634 0.0142050378334 0.0024178046738 0.00390969967627 0.0128240495328 0.00558196750451 -4.72168805362e-05 0.0109889307764 0.00343783273442 0.0147229519392 0.0156188094811 0.0113201432455 0.255103690515 0.0165260237238 -0.0031273682585 0.0190294794615 0.000928401003889 -0.00373558662287 0.00881910435039 0.00825605044851 0.0165583016309 0.00548021853874 -0.00513316227504 0.024757554318 0.00284398874367 0.00388528535026 0.013677297516 0.00974042943552 0.0353913376973 0.0315419086086 0.0178229579654 0.00209517545398 0.00526823216629 0.00656593692773 0.00782262158974 0.00643787558948 0.0075128154533 0.00868752088232 0.0106780583038 0.01993987522 0.00697723883493 0.0121350995042 0.0156276670702 0.0105555348357 0.0093797946937 0.00947898901025 0.00506359360566 -0.00151325130347 0.0138464450675 0.00885314453395 0.00561190322366 0.0127171743277 -0.00988001057249 0.00927308442954 0.00717511094461 0.016268345023 0.00837410109399 0.0120059092985 0.00252917075984 0.00472458236847 0.0150786533011 0.00888704097248 0.0039334196841 0.00959393858899 0.0215496262631 0.00658756265718 0.0035827545871 0.0209937410941 0.0182122828575 0.0279147619232 0.0173114978835 0.00489827212788 0.0148905646078 0.00640728759768 0.0102680673367 0.00257531588348 0.00982079942299 -0.00449927374341 0.0385962797976 0.00594883524445 0.00687328482038 -0.00659312330617 0.00782191425103 0.0101487460686 0.0124823864945 0.0181732960057 0.00125975661082 -0.00839931877069 0.0119211374021 0.0197597899242 0.0256967690938 0.0223062371939 -0.00493725101521 -0.00314788666007 0.0125050029101 
0.0189718868937 0.0124880612584 0.00018339914548 0.0175400399666 0.0257407919178 0.0164029576374 0.0102205315363 0.00503147856125 -0.00282759118827 0.0336799411375 0.00583946846886 0.0110841939597 0.00706434600464 0.00135490076362 0.0148695369569 0.0193538902348 0.0192571558772 0.0165260237238 0.244023429951 0.0252413937685 0.00785043939477 0.0233454362736 0.0183171188511 0.0122717118566 0.0200095866885 0.0118974493698 0.00797464995353 -0.00380342223439 0.0185536014744 -0.0115324623132 0.00320188547179 0.0142240522441 0.00785995794218 0.00581821844587 0.00868488661807 0.0079717646094 0.00944356811093 0.0149094871732 -0.000286461551904 0.0191430394817 0.0135696746797 0.0470876508884 0.0147704795932 0.0056382457004 0.00879474108444 0.0128589025411 0.0196786691343 0.0241444342733 0.0121069503341 0.0182102903463 0.031043207266 0.0174489598739 0.0170704583637 -0.00260611883612 -0.0105338126151 0.0241658131392 0.0180284522514 -0.000992477011508 -0.00504756360182 0.012623874661 0.0083734015556 0.0178250563071 0.015748827095 0.00808202154735 0.0153773108326 0.0139090784539 0.01745510846 0.0189094675705 0.00502583519859 0.0231698812714 0.00812518291319 0.0142351296038 0.0254953026089 0.011512390344 0.0232553662907 0.0208656951254 -0.00657466126071 0.00629272338762 0.00988105429128 0.0127022989804 0.0130095834984 0.0023426587647 0.0150404325353 0.0158498255972 0.0111859163538 0.0115683208564 0.0121739879574 0.0137536650649 -0.000407357750766 0.00491108669858 0.0188589391624 0.00508864567176 0.00038127771273 0.0120174410337 0.0291607374476 0.0167670424375 0.0178660483737 0.0131446377945 0.0189612473838 0.0457397483137 
0.0223450306726 0.0132319240095 -0.00658029120454 -0.00279748597522 0.0159313631376 -0.0168672610387 -0.00134225500261 0.000237495364536 0.0440717788343 0.0398999088632 0.0050804894223 0.0166733604763 0.00661185978675 0.0132932064796 0.00511489099614 0.0206359044735 0.02803470686 -0.0031273682585 0.0252413937685 0.441682168984 0.0319611739789 0.0176820843681 -0.000119158456932 0.0125565877684 -0.00390200603974 0.00850677848699 -0.00662864852151 0.0118771313068 0.0105262800008 0.00768411016574 0.0129665116135 0.0193658760647 0.000682390167257 0.0535060022063 0.0283542235061 0.0290647316352 0.0195724956506 0.0343842635745 -0.00287558900676 0.0496812291334 0.00346239528546 0.00385193158267 0.0168437752031 -0.015327968683 0.0203756954195 0.0172144807971 0.0206713963695 0.03604324286 0.0436468933236 0.0153074031108 0.00185840749627 0.0106295150975 0.0145722620429 0.0056008159954 0.00184720601777 0.0373867816246 0.0278543325337 0.00474066575105 -0.00895002258302 0.0043145274512 0.00510773906499 0.00416086617347 0.0100079857684 0.0242669177732 0.0375704092361 0.00217706165433 -0.00248038100312 -0.00398568895435 0.0127694253437 0.0372918475519 0.027690744906 0.0089700962134 0.0446785178658 0.0201676327708 -0.000488601562479 0.0264150055014 0.0244648483314 0.0091478979211 0.0152501612308 -0.000873307467859 0.0121171829761 0.0348336673628 0.0196977541007 0.0491389711258 0.0133777696031 -0.00268158725369 0.00196245968831 0.0130213972111 0.0231930044087 -0.00239107885965 0.0433356991231 0.0162339823232 0.0374104318654 0.0135788747273 0.0389476256148 0.0418413055826 0.0158780858274 -0.00735350975333 -0.0119704331925 0.0368751907208 
0.00378899101691 0.0055582883671 0.00900656910093 -7.40735267619e-05 0.00263785570541 0.00909572344837 0.00592620691693 0.0117458012111 0.0015409974492 0.0174413629277 0.0110789368042 0.0180216490678 0.0160787686014 0.0159511944874 0.00988302585485 0.00215810745534 0.0212677157907 0.0190294794615 0.00785043939477 0.0319611739789 0.176362692514 -0.00719048047432 0.0118269137385 0.0194993653115 0.0183381925026 0.00197773085758 0.00489446513383 0.00346769399832 0.00442973408266 0.00462416739929 -0.00904202505556 0.00687188791212 0.00874821413983 0.00743727488222 0.00711186314438 0.012692875295 0.00398675055601 0.010846157573 0.000333773054245 0.00228916879424 -0.005548187906 0.0120168477795 0.000101757020664 -0.00335589916854 0.0140453513369 0.0116327119015 0.0144415786704 0.0160346275761 0.0194852492057 0.0049211204025 0.011243491509 0.00423176895513 0.00871751973963 0.00521215295412 0.000956153940533 0.0204494684705 -0.00417501688132 0.00105736065962 0.00673296715704 0.0138349808156 0.00337319162111 0.0228024962364 0.0133117476609 0.00646974653069 0.00144093159081 0.00116437148695 0.00533275459051 0.00878890769034 0.00505096626458 0.0276344127507 0.0028178818458 0.00331309984571 0.00372887687285 -0.00353025675014 0.0022556016885 0.0108730139082 0.00577155083886 0.0100835095244 0.0163135017577 0.00732015354384 0.0117655964256 -0.00488194286919 -0.0148842706408 0.00711560982188 0.00266523860158 0.00707542476477 0.0154714818859 -7.85814992391e-05 -0.00370346362705 -0.000514414419523 0.00531717053446 -0.0036705986109 -0.00475001684504 0.00508285413187 0.0107932972287 0.0017449758289 -0.00216258887583 0.000447240178572 -0.00104479614003 0.0170756490115 
0.0345423330416 0.00518236841589 0.0112081986197 0.00784180747253 0.0158563846856 0.0106770029736 0.00472619699328 0.0265179849132 -0.000427842369657 0.0453597507472 -0.00462217629806 0.00816556052375 0.00625317680351 0.00166757849164 0.00751089882907 0.0140064161789 0.00618592493343 0.000928401003889 0.0233454362736 0.0176820843681 -0.00719048047432 0.284980241494 0.0121415734816 0.00903452409374 0.00798259016624 0.0154450508469 0.0108314307479 -0.00502297421982 0.0200888803447 -0.00659818648015 -0.00574430194389 0.00316993386689 0.00614575675767 0.00374006404716 0.00374629815642 -0.01210796897 0.0209745809857 0.0130316266013 0.00692798169257 -0.00123524704749 0.00335578810077 0.0143581257742 0.014152635045 -0.00553958508448 0.006764219222 0.0265519557511 0.00131551232172 0.0129210450799 0.00940461731223 0.0324311220658 0.0322063403896 0.00357577294177 0.00599344238686 0.00472387118951 -0.00955772009465 0.0566900159782 0.00670944669444 -0.0069366324647 -0.0013429274899 0.011025294375 0.00324361502488 0.0190828986517 0.00840289161271 0.00464504648147 0.0407073106196 0.00857023749002 0.0156800746295 0.0087271767318 0.0127686820929 0.00694166496071 0.0363718917096 0.00525594789953 0.00294137486672 -0.00138781342168 0.0331213024385 -0.0127926634951 0.0150838642498 0.011740222964 0.0265228474336 0.00904102260162 0.0141905318815 0.0191150255917 0.0215715525242 0.0104390049955 0.00907224070173 0.00082483706197 0.0035720950625 0.00073651707604 0.0127747942197 0.0307243585782 0.0214682840291 0.00913205057665 0.00762339885581 0.00729505035647 0.0164759827435 0.020727549538 0.0147108767054 0.0122366843646 0.0114772178209 0.00109232802152 
-0.00183732440722 0.00742605845561 0.0184120128163 0.0189741337644 0.0250333514035 0.0229147422056 -0.00973476272243 0.0141205429099 -0.00352653250909 0.0114439962664 0.0124651551633 -0.00550201174841 0.00595563922157 0.00623663368963 0.0178707684878 0.000128931342097 -0.000657896756669 -0.00373558662287 0.0183171188511 -0.000119158456933 0.0118269137385 0.0121415734816 0.449440365179 0.0263306940359 0.0107205905241 0.00240458875563 -0.00352334515055 0.00544538425755 0.0242704679282 0.0347806427724 0.00853260199547 0.00982166479359 0.0063793677125 0.0030148399852 -0.000240342534612 0.0118745920435 0.0665353848115 -0.00741960984444 0.0130489885662 0.00125701647228 0.00313553729757 0.00664675249372 0.00335848470606 -0.0125208294007 -0.00523816853235 0.000472968268383 0.0133088390821 -0.00400276787967 -0.00612249242726 0.00664636131011 -0.00114694373501 0.00660924463712 0.0241350022776 0.0181878904569 -0.00418528763067 0.0257823850493 0.0405943104175 0.0110796834973 0.00350518277057 0.0036745674042 0.0111775503639 -0.00872226249533 0.00909048282964 0.0301484591014 0.0260441756632 -0.00367336139936 0.0123593803531 0.0247988790148 0.00935203303698 0.00449043042166 -0.00755036021363 -0.00208986999409 -0.0041789298115 -0.00919154639631 -0.00749765391003 0.0265248301719 0.0133902382369 -0.00608526347682 -0.00433512644034 0.0561714394812 0.047260528401 0.00193332359141 0.0155639561409 0.0216915779506 -0.00242650616771 0.0178592539207 -0.00248432066602 0.00577221085176 -0.0115912911681 0.0372090556866 0.000721094487968 -0.0223604020519 -0.00997953557435 -0.00451845740991 -0.0265114159047 0.0148408311351 -0.00375272653524 0.00305708805638 -0.00405391697163 0.012269872426 
