40
0.0276848810082 0.0268988212896 0.0165000515881 0.0538734886168 0.0128714932266 0.0395396308246 0.0361599942098 0.0765601453803 0.0770368317024 0.0297209295042 0.0526943852585 0.0425593974561 0.0309081568087 0.0514292405054 0.138528932385 0.0266042550295 0.107238949757 0.0512444991133 0.116792266476 0.0533662879029 0.0441448787565 0.0584548507687 0.0782010317916 0.106415927512 0.0761836706695 0.0395572708053 0.0325349378307 0.0988670942005 0.114001255301 0.0125275076286 0.119859861498 0.0271794955288 0.0936509155003 0.0163484450471 0.0715007016099 0.0621529110589 0.0449016594387 0.0192488530763 0.0725669815102 0.0304896250645 
0.246675858041 0.0104333106326 0.0144385425207 0.0231703425214 0.00685202282125 0.00552745076479 0.0217064966217 0.0302149246394 0.00217911680443 0.0253189323458 0.0387635888017 0.0128241890763 0.0148500612485 0.0228082530274 0.021439427698 0.0218748511666 0.0416583150189 0.019649185571 0.0187482531538 -0.00116943158238 0.0326741778583 0.0228999934391 0.0187593530664 0.0189358102453 0.00630667387343 0.00987117706497 0.0331115711286 0.0169561598343 0.00333817756944 0.010279907312 -0.0110525518214 0.0133083820673 0.0395122577978 0.0176740458576 0.0603110969495 -0.00229596924727 0.0144992740727 0.0076141330577 0.0369493240575 0.0126167911352 
0.0104333106326 0.211714382438 7.57362768179e-05 0.0150464064985 0.0172580605907 -0.00620299542378 0.00596942502317 0.011869603048 -0.00250826374242 0.000275232186933 0.0140785879094 0.00386544422091 0.0218564351738 0.0123878860694 0.00948922892644 0.0100891396743 0.0852253838973 0.0149530751647 -0.011236240124 0.0112789298587 0.0155420225605 0.00451277381774 0.0132088543781 0.0118542820438 0.0119104451093 0.00366064422402 0.0141578108656 0.0175015997358 0.00619511926848 0.00648668204036 0.0142649566166 0.00572956229048 0.00540433830251 0.00544736015828 0.00503500659551 0.0157262053483 0.0117362604701 0.00640396689821 0.0180105464055 -0.000196458289257 
0.0144385425207 7.57362768169e-05 0.143724647557 0.00178871408552 0.00138487115946 0.00600291076034 0.0495032761889 0.005671570515 0.0120307835691 0.00335523823877 0.0163065490959 0.0134447449639 0.00712148519985 0.0237978365814 0.0170403106288 0.0182865907891 0.0248825258777 0.00638969112567 0.00205980632231 0.010769727696 0.0235634084198 0.0305846442858 0.0152855885017 4.50797949648e-05 0.00309363296741 0.00179773043828 0.00722952436051 0.000579296942165 0.0134255156155 0.00904970143578 0.0155433891638 0.0112857134801 0.00028619255768 0.0531455663014 0.0102027083264 -0.00217833103528 0.00185268991726 0.0161570831901 0.0171860442604 0.00259853228414 
0.0231703425214 0.0150464064985 0.00178871408552 0.376820251643 -0.00155313041001 0.0164578635902 0.00566038023772 0.0373074971133 0.0154440164713 0.00766024016089 0.0310298822028 0.0447935928854 0.0234229612592 0.0208224807653 0.00873232760592 0.0184252773754 0.0353586103328 0.0260931732323 0.0130325244189 0.0157293454261 0.0176081550042 0.0164728393045 0.0320326389139 0.00291526392848 0.0321336597724 0.00544154821614 -0.00282358779769 0.0325783704188 0.00234261162075 0.0234365259992 0.0294424520958 0.0126913329401 0.0425462642464 0.00525957696528 0.0114644729668 0.0466998922722 0.0372873241196 0.00865491006097 0.0284942594235 0.0283860851879 
0.00685202282125 0.0172580605907 0.00138487115946 -0.00155313041001 0.22613265319 -0.00443572925203 0.000259108611573 -0.00520685517471 0.0140936531388 0.0110113168507 0.00431792259808 -0.000523133603655 0.0115347990021 0.0139664306173 -0.00276509417478 -0.00803415128532 -0.0110397722853 0.00235588517297 -0.00469377068863 -0.00235338769438 0.000116954318583 0.00994590590593 0.00887737555245 0.0178202977157 0.00887867470504 0.00478094815618 0.0109577890236 -0.000993622436099 -0.00482747319556 0.022503225867 0.00203806482614 0.0190410648137 -0.00494887485221 0.0127965383209 0.0139513481407 2.50713211684e-05 0.00697283689984 0.00678210817212 0.0129010045988 -0.000558105715663 
0.00552745076479 -0.00620299542378 0.00600291076034 0.0164578635902 -0.00443572925203 0.287976946784 -0.00561413273182 0.0184611427757 0.00774480338101 0.0175363386166 0.0519636245487 0.0303607636679 0.0369077554605 0.0191578203751 0.0124836517153 0.0133450712686 0.0168990577868 0.0073478419453 0.00184775211029 0.00705217662325 0.0179853581817 0.0166929292432 0.00235992449295 0.0242410635342 0.0241235579734 0.0100039773044 0.018884720111 0.0163577521758 -0.00414225075285 0.0265964965648 0.0177821177028 0.0202829998676 0.0787575562506 -0.00754653887488 -0.00688188154717 0.0375829149438 0.00511641083419 0.0109631681829 0.0187215536217 0.0131915496363 
0.0217064966217 0.00596942502317 0.0495032761889 0.00566038023772 0.000259108611573 -0.00561413273182 0.23478087381 0.0192275929263 0.0203574646919 0.00413219526237 0.00663787607353 0.0251410126184 0.00825294498722 0.0342888451327 0.0173632307962 0.00935464005443 0.014851193678 0.0135274503794 0.00607245372349 0.0163629140448 0.0279023927128 0.0370669983349 0.0250497327287 -0.00383168070583 0.011111901387 0.0116276745903 0.00902009886456 0.00531454507744 0.0101431543525 0.017210399595 0.0181969829139 0.00845522724787 -0.00365500756446 0.0638621973294 0.0107421036665 0.00912470406044 0.0165240054232 0.0201055068344 0.0278084252595 0.0124429910342 
0.0302149246394 0.011869603048 0.005671570515 0.0373074971133 -0.00520685517471 0.0184611427757 0.0192275929263 0.33319521639 0.0119319456277 -1.27479780072e-05 0.0338092550732 0.0259784287904 0.0170072971167 0.030887664834 0.0131516427765 0.0330735929361 0.0459477626705 0.0270767081293 0.0107985861037 0.0141685280401 0.0315885390378 0.0190636826132 0.015695298246 0.0492096703466 0.0402226061909 0.0123691942908 0.0290469557045 0.0413733815591 0.00314470971752 0.028207168342 0.0657264566223 0.00564039438787 0.0126227112037 0.0118394341962 0.0124590595593 0.0136269147963 0.0223561075931 0.0114554552251 0.0416128876584 0.025013932083 
0.00217911680443 -0.00250826374242 0.0120307835691 0.0154440164713 0.0140936531388 0.00774480338101 0.0203574646919 0.0119319456277 0.3364881405 0.025249342173 0.0201652699248 0.0302840340792 0.011676466406 0.0191493279276 0.0267780439445 0.0109829952646 0.0140328000819 0.0173772381841 -0.00771619675947 0.00492759342911 -0.00297602706353 0.00574492420099 0.0283947954772 0.0111404979935 0.0224559354912 0.005874740324 -0.0166706850676 0.0117492104747 -0.000745343973851 0.0142477066062 0.0222876266455 0.0134602487817 0.0109392775463 0.0078983932123 0.0822904078748 0.0171546562097 -0.00309984013211 -0.00742188770412 0.0205202717128 -0.00603504947149 
0.0253189323458 0.000275232186933 0.00335523823877 0.00766024016089 0.0110113168507 0.0175363386166 0.00413219526237 -1.27479780073e-05 0.025249342173 0.221791809343 0.012057058918 0.00504197752926 0.00793221671627 0.00632509996527 0.00414232742928 3.33499881808e-05 0.00217312313836 0.00353802203368 -0.000165028265597 0.0056282702635 0.00502835268871 0.0125807805059 -0.000155561449789 0.0121843600919 0.00363223560782 0.00833209505347 0.00600667163595 -0.00136192885147 -0.00260228775479 0.00826885685896 -0.00395988466098 0.00385763518016 0.0206247674027 0.00426800634332 0.0263494345354 0.0125307292743 0.00642666535439 0.013721421807 0.00712957348479 0.00464139935869 
0.0387635888017 0.0140785879094 0.0163065490959 0.0310298822028 0.00431792259808 0.0519636245487 0.00663787607353 0.0338092550732 0.0201652699248 0.012057058918 0.295249005292 0.0681212541261 0.0350529474613 0.0201797222458 0.0364595893215 0.0318826198488 0.0325569676826 0.0256919594522 0.014774145541 0.0408300760238 0.0212689380922 0.0548589146546 0.0285959554279 0.0352532815101 0.0342321498677 0.0192181427393 0.00694150901228 0.0511469840755 -0.00886828314776 0.0234871398771 0.0214870756179 0.0343129187695 0.0467938902201 0.00898475231813 -0.00166453161062 0.023037388797 0.0296741922737 0.0262380944239 0.0348468901625 0.0223191848162 
0.0128241890763 0.00386544422091 0.0134447449639 0.0447935928854 -0.000523133603655 0.0303607636679 0.0251410126184 0.0259784287904 0.0302840340792 0.00504197752926 0.0681212541261 0.392112500591 0.0500092116229 0.0286960744557 0.0138633177659 0.0100031382721 0.0276191538575 0.00880569062042 0.025688387518 0.0361731160477 0.0119742637071 0.0344550614429 0.0135339826061 0.0153451150325 0.0475765746623 0.0075353624416 0.0119384566135 0.0537986846351 -0.0103631133597 0.0380864569459 0.0214432574088 0.0072043506653 0.0291883628451 0.0194508065097 -0.00474293334145 0.0291082963439 0.0320011285973 0.0141551060551 0.0282437023782 0.00999070571221 
0.0148500612485 0.0218564351738 0.00712148519985 0.0234229612592 0.0115347990021 0.0369077554605 0.00825294498722 0.0170072971167 0.011676466406 0.00793221671627 0.0350529474613 0.0500092116229 0.282047419847 0.0309840392013 0.0213283374687 0.0363178710449 0.0358270362011 0.0128445763352 0.0161060130754 0.00595963152076 0.0292816069966 0.00788148692057 0.0362364342253 0.00820692743208 0.0125288893192 0.00247076550023 0.00961882078719 0.0189875901219 -0.00145963707972 0.017705233175 0.0153254797538 0.0135996594402 0.0620767969937 0.00841077078469 0.00484019739814 0.0433186555062 0.00905018095836 0.0019482325388 0.0342382434836 0.00444405010075 
0.0228082530274 0.0123878860694 0.0237978365814 0.0208224807653 0.0139664306173 0.0191578203751 0.0342888451327 0.030887664834 0.0191493279276 0.00632509996527 0.0201797222458 0.0286960744557 0.0309840392013 0.196408732113 0.0138357214824 0.0255022739909 0.0353577872139 0.0222833584679 0.0309839920713 0.0158245454744 0.0363356141131 0.026824451433 0.0447261441826 0.0208927215845 0.0222881900551 0.00464743953934 0.0136594156879 0.0339525840816 -0.000803482041569 0.00591434931112 0.039532664354 0.0219555343897 0.0329294167973 0.0331605220202 0.00922585183085 0.0233888165802 0.0302573436472 0.01101760163 0.0814071388079 0.0122053085908 
0.021439427698 0.00948922892644 0.0170403106288 0.00873232760592 -0.00276509417478 0.0124836517153 0.0173632307962 0.0131516427765 0.0267780439445 0.00414232742928 0.0364595893215 0.0138633177659 0.0213283374687 0.0138357214824 1.0040102562 0.0192141661874 0.0260146687592 0.0196253576041 0.0391952901136 0.034501192282 0.00276427106818 0.0231991216253 0.029107855003 0.0469891969646 0.0132041076103 0.011451998788 -0.00992631392507 0.0272893826049 -0.0136017545173 -0.00562293149943 0.00818100087738 0.0214342886298 0.0357466487312 0.016959651614 0.00331241441965 0.0302881428217 0.0232323846433 0.00469497059643 0.015620405323 0.000428896372092 
0.0218748511666 0.0100891396743 0.0182865907891 0.0184252773754 -0.00803415128532 0.0133450712686 0.00935464005443 0.0330735929361 0.0109829952646 3.33499881807e-05 0.0318826198488 0.0100031382721 0.0363178710449 0.0255022739909 0.0192141661874 0.202807684341 0.0398832687858 0.0131734792805 0.00448297828385 0.020156183995 0.0285500848718 0.0195910588652 0.00970185729616 0.0184166790072 0.00363548186716 0.00652034402231 0.00721855905833 0.0234242834498 -0.0046032878514 0.0243442551177 0.039332063679 0.00116053482225 0.0324197893265 0.00843056035958 0.000259169310709 0.0221838293863 0.0259786719034 0.0109203537404 0.0261491426893 0.00556477570892 
0.0416583150189 0.0852253838973 0.0248825258777 0.0353586103328 -0.0110397722853 0.0168990577868 0.014851193678 0.0459477626705 0.0140328000819 0.00217312313836 0.0325569676826 0.0276191538575 0.0358270362011 0.0353577872139 0.0260146687592 0.0398832687858 0.463487511222 0.0271258759477 0.00532612072645 0.00619058423426 0.043988135774 0.0287291228854 0.0375998936615 0.0514744378174 0.0220445374049 0.00703117895705 -0.0142966933074 0.0419533345593 -0.0183776486106 0.00884775915977 0.0727766724269 0.00424756203624 0.0379954026572 0.0174733276581 0.0183755568058 0.0411837017954 0.0581220238831 0.0136901966475 0.0369814323174 0.0276778696089 
0.019649185571 0.0149530751647 0.00638969112567 0.0260931732323 0.00235588517297 0.0073478419453 0.0135274503794 0.0270767081293 0.0173772381841 0.00353802203368 0.0256919594522 0.00880569062042 0.0128445763352 0.0222833584679 0.0196253576041 0.0131734792805 0.0271258759477 0.273726243148 0.031730059767 0.028336568911 0.033428218278 0.0207386678396 0.00286320793546 0.0256620794656 0.0246020266893 0.0135716583939 0.0106225736664 0.0313626947626 0.0229561441735 0.00994229963898 0.0404236094117 0.00276874397872 0.0451770501521 0.0136662245613 0.0143406380515 0.00267868929624 0.0339319294662 -0.00249219629304 0.0389520743453 0.00528976305126 
0.0187482531538 -0.011236240124 0.00205980632231 0.0130325244189 -0.00469377068863 0.00184775211029 0.00607245372349 0.0107985861037 -0.00771619675947 -0.000165028265597 0.014774145541 0.025688387518 0.0161060130754 0.0309839920713 0.0391952901136 0.00448297828385 0.00532612072645 0.031730059767 0.599819143552 0.0218347992997 0.00785403462735 0.0038511842744 -0.00296599802093 0.0175901064457 0.0149119148139 -0.00668019588042 0.00586060118097 0.00771030064983 -0.00255375055463 -0.0126823179735 0.0262287682218 0.0546093409232 0.0157813345091 0.00388243181308 -0.00621318601097 0.00443870234582 0.0124599387474 0.00956704654083 0.0195236744986 -0.0184252119899 
-0.00116943158238 0.0112789298587 0.010769727696 0.0157293454261 -0.00235338769438 0.00705217662325 0.0163629140448 0.0141685280401 0.00492759342911 0.0056282702635 0.0408300760238 0.0361731160477 0.00595963152076 0.0158245454744 0.034501192282 0.020156183995 0.00619058423426 0.028336568911 0.0218347992997 0.425641767797 0.0184863264969 0.0169563571108 -0.00211003451824 0.00531048245202 0.00342246998234 -0.00129668334382 0.00725496700573 0.0348793513523 -0.00235519286757 0.0319190282122 0.020375992256 0.0199722074614 0.0198922912388 0.0131573167993 0.0154159605542 0.0174943489716 0.0110097906567 0.00814531127905 0.0207822383315 0.00902145593823 
0.0326741778583 0.0155420225605 0.0235634084198 0.0176081550042 0.000116954318583 0.0179853581817 0.0279023927128 0.0315885390378 -0.00297602706353 0.00502835268871 0.0212689380922 0.0119742637071 0.0292816069966 0.0363356141131 0.00276427106818 0.0285500848718 0.043988135774 0.033428218278 0.00785403462735 0.0184863264969 0.252599407055 0.0521980891446 0.0282168282068 0.0330438005385 0.0311968161967 0.0103523106881 0.0348015908133 0.0486581256076 0.00546723454117 0.0227705626844 0.00085867274843 0.0237149645226 0.0323286806125 0.0214268603888 0.0186997611805 0.0295897197804 0.0362931942752 0.014657906598 0.0456970755504 0.00991802976955 
0.0228999934391 0.00451277381774 0.0305846442858 0.0164728393045 0.00994590590593 0.0166929292432 0.0370669983349 0.0190636826132 0.00574492420099 0.0125807805059 0.0548589146546 0.0344550614429 0.00788148692057 0.026824451433 0.0231991216253 0.0195910588652 0.0287291228854 0.0207386678396 0.0038511842744 0.0169563571108 0.0521980891446 0.242038992558 0.0282753404968 0.0241165046181 0.0187781019069 0.0200774343084 0.0202735315674 0.0153931064431 -0.00628720485351 0.0241736659963 0.0194932071705 0.0157857170463 0.0426669899499 0.0339398817078 0.020590651747 0.0237718049486 0.0196198629072 0.0159632694723 0.0452447894245 0.0105994704676 
0.0187593530664 0.0132088543781 0.0152855885017 0.0320326389139 0.00887737555245 0.00235992449295 0.0250497327287 0.015695298246 0.0283947954772 -0.000155561449789 0.0285959554279 0.0135339826061 0.0362364342253 0.0447261441826 0.029107855003 0.00970185729616 0.0375998936615 0.00286320793546 -0.00296599802093 -0.00211003451824 0.0282168282068 0.0282753404968 0.380070527288 0.0655053838756 0.0484220577414 0.00680942953373 -0.0141032475445 0.0452294396288 -0.00311112676071 0.0245495238625 0.0428905006824 0.023483703683 0.0469120802006 0.0140432412683 0.0337795274688 0.0134315169119 0.0115564229212 -0.00873144970482 0.0230994308352 -0.00913439371977 
0.0189358102453 0.0118542820438 4.50797949649e-05 0.00291526392848 0.0178202977157 0.0242410635342 -0.00383168070583 0.0492096703466 0.0111404979935 0.0121843600919 0.0352532815101 0.0153451150325 0.00820692743208 0.0208927215845 0.0469891969646 0.0184166790072 0.0514744378174 0.0256620794656 0.0175901064457 0.00531048245202 0.0330438005385 0.0241165046181 0.0655053838756 0.598175006735 0.142341020039 0.0168450785094 0.0238226497402 0.0718439432881 0.0149152718388 0.0309797142765 0.0450352607594 0.0214236222258 0.0664771024086 0.0126147615431 0.00412512633984 0.0152704801657 0.0289040076338 0.00223969571841 0.0272139232333 -0.002027402045 
0.00630667387343 0.0119104451093 0.00309363296741 0.0321336597724 0.00887867470504 0.0241235579734 0.011111901387 0.0402226061909 0.0224559354912 0.00363223560782 0.0342321498677 0.0475765746623 0.0125288893192 0.0222881900551 0.0132041076103 0.00363548186716 0.0220445374049 0.0246020266893 0.0149119148139 0.00342246998234 0.0311968161967 0.0187781019069 0.0484220577414 0.142341020039 0.381770117229 0.0166063549178 0.0222053081985 0.0979561176467 0.0375970340789 0.0183414395319 0.0522938467836 0.00286685111643 0.0543310259121 0.00449362003747 0.0113015569383 0.0059732196512 0.0223038941243 0.0100753035163 0.022108639171 0.003368216286 
0.00987117706497 0.00366064422402 0.00179773043828 0.00544154821614 0.00478094815617 0.0100039773044 0.0116276745903 0.0123691942908 0.005874740324 0.00833209505347 0.0192181427393 0.0075353624416 0.00247076550023 0.00464743953934 0.011451998788 0.00652034402231 0.00703117895705 0.0135716583939 -0.00668019588042 -0.00129668334382 0.0103523106881 0.0200774343084 0.00680942953373 0.0168450785094 0.0166063549178 0.18045439179 0.0305301105344 0.0189653553209 0.00557719114764 0.00412583059026 0.00451750614901 0.0160644908289 0.00569569696782 0.0134387039391 0.000769083253201 0.0165332290742 0.0157802587399 0.020084247223 0.0147946924024 0.00916931480798 
0.0331115711286 0.0141578108656 0.00722952436051 -0.00282358779769 0.0109577890236 0.018884720111 0.00902009886456 0.0290469557045 -0.0166706850676 0.00600667163595 0.00694150901228 0.0119384566135 0.00961882078719 0.0136594156879 -0.00992631392507 0.00721855905833 -0.0142966933074 0.0106225736664 0.00586060118097 0.00725496700573 0.0348015908133 0.0202735315674 -0.0141032475445 0.0238226497402 0.0222053081985 0.0305301105344 0.286567284185 0.0398575093566 0.013807155167 0.0169125574484 0.0492172712804 0.00465220448299 0.0113074971415 0.0131248643244 0.00555158332423 0.00294956685824 0.0109857395819 0.0203869309033 0.0232961354113 0.0177696104464 
0.0169561598343 0.0175015997358 0.000579296942165 0.0325783704188 -0.000993622436099 0.0163577521758 0.00531454507744 0.0413733815591 0.0117492104747 -0.00136192885147 0.0511469840755 0.0537986846351 0.0189875901219 0.0339525840816 0.0272893826049 0.0234242834498 0.0419533345593 0.0313626947626 0.00771030064983 0.0348793513523 0.0486581256076 0.0153931064431 0.0452294396288 0.0718439432881 0.0979561176467 0.0189653553209 0.0398575093566 0.477334196678 0.0238996528618 0.0199931714419 0.0604037450941 0.0101126659121 0.0517264330662 0.018382023074 0.00863911074438 0.00478574302873 0.0737683625062 0.00675495122337 0.0479373582077 0.0143668667926 
0.00333817756944 0.00619511926848 0.0134255156155 0.00234261162075 -0.00482747319556 -0.00414225075285 0.0101431543525 0.00314470971752 -0.000745343973851 -0.00260228775479 -0.00886828314776 -0.0103631133597 -0.00145963707972 -0.000803482041569 -0.0136017545173 -0.0046032878514 -0.0183776486106 0.0229561441735 -0.00255375055463 -0.00235519286757 0.00546723454117 -0.00628720485351 -0.00311112676071 0.0149152718388 0.0375970340789 0.00557719114764 0.013807155167 0.0238996528618 1.13805172456 0.0091114587683 0.0194481756523 0.0222286354476 -0.0057414607489 0.000854550668409 -0.0158229473036 -3.66508302533e-05 -0.00940673931977 0.00363057272042 0.00021506129096 -0.00164624132309 
0.010279907312 0.00648668204036 0.00904970143578 0.0234365259992 0.022503225867 0.0265964965648 0.017210399595 0.028207168342 0.0142477066062 0.00826885685896 0.0234871398771 0.0380864569459 0.017705233175 0.00591434931112 -0.00562293149943 0.0243442551177 0.00884775915977 0.00994229963898 -0.0126823179735 0.0319190282122 0.0227705626844 0.0241736659963 0.0245495238625 0.0309797142765 0.0183414395319 0.00412583059026 0.0169125574484 0.0199931714419 0.0091114587683 0.299012167996 0.00233394366123 0.00911838426391 0.0115351052596 0.0103214390423 0.0132343992695 0.00083451063767 0.0246500126395 0.00980423465993 0.0193846770674 0.0197948618661 
-0.0110525518214 0.0142649566166 0.0155433891638 0.0294424520958 0.00203806482614 0.0177821177028 0.0181969829139 0.0657264566223 0.0222876266455 -0.00395988466098 0.0214870756179 0.0214432574088 0.0153254797538 0.039532664354 0.00818100087738 0.039332063679 0.0727766724269 0.0404236094117 0.0262287682218 0.020375992256 0.00085867274843 0.0194932071705 0.0428905006824 0.0450352607594 0.0522938467836 0.00451750614901 0.0492172712804 0.0604037450941 0.0194481756523 0.00233394366123 0.518036338452 0.0168817025517 0.0350759124943 0.0139000481641 0.00776549923615 0.00295285209798 0.041503413208 0.00125812153382 0.0312618740529 0.00614715557087 
0.0133083820673 0.00572956229048 0.0112857134801 0.0126913329401 0.0190410648137 0.0202829998676 0.00845522724787 0.00564039438787 0.0134602487817 0.00385763518016 0.0343129187695 0.0072043506653 0.0135996594402 0.0219555343897 0.0214342886298 0.00116053482225 0.00424756203624 0.00276874397872 0.0546093409232 0.0199722074614 0.0237149645226 0.0157857170463 0.023483703683 0.0214236222258 0.00286685111643 0.0160644908289 0.00465220448299 0.0101126659121 0.0222286354476 0.00911838426391 0.0168817025517 0.227409874746 0.0215739487928 -0.000219023289371 -0.0028371255132 0.0190653154684 0.00533634398073 0.00969985676574 0.0246038055595 0.00594055956879 
0.0395122577978 0.00540433830251 0.00028619255768 0.0425462642464 -0.00494887485221 0.0787575562506 -0.00365500756446 0.0126227112037 0.0109392775463 0.0206247674027 0.0467938902201 0.0291883628451 0.0620767969937 0.0329294167973 0.0357466487312 0.0324197893265 0.0379954026572 0.0451770501521 0.0157813345091 0.0198922912388 0.0323286806125 0.0426669899499 0.0469120802006 0.0664771024086 0.0543310259121 0.00569569696782 0.0113074971415 0.0517264330662 -0.0057414607489 0.0115351052596 0.0350759124943 0.0215739487928 0.43785741969 0.0175124703795 0.0253863116781 0.0849947760514 0.0117090365215 0.00850438885411 0.0496396066153 0.0094570090037 
0.0176740458576 0.00544736015828 0.0531455663014 0.00525957696528 0.0127965383209 -0.00754653887488 0.0638621973294 0.0118394341962 0.0078983932123 0.00426800634332 0.00898475231813 0.0194508065097 0.00841077078469 0.0331605220202 0.016959651614 0.00843056035958 0.0174733276581 0.0136662245613 0.00388243181308 0.0131573167993 0.0214268603888 0.0339398817078 0.0140432412683 0.0126147615431 0.00449362003747 0.0134387039391 0.0131248643244 0.018382023074 0.000854550668409 0.0103214390423 0.0139000481641 -0.000219023289371 0.0175124703795 0.200589741547 0.00506694891637 0.0124892643836 0.0114619710781 0.00915103810766 0.0215442496171 0.0111782927302 
0.0603110969495 0.00503500659551 0.0102027083264 0.0114644729668 0.0139513481407 -0.00688188154717 0.0107421036665 0.0124590595593 0.0822904078748 0.0263494345354 -0.00166453161062 -0.00474293334145 0.00484019739814 0.00922585183085 0.00331241441965 0.000259169310709 0.0183755568058 0.0143406380515 -0.00621318601097 0.0154159605542 0.0186997611805 0.020590651747 0.0337795274688 0.00412512633984 0.0113015569383 0.000769083253201 0.00555158332423 0.00863911074438 -0.0158229473036 0.0132343992695 0.00776549923615 -0.0028371255132 0.0253863116781 0.00506694891637 0.583605828179 0.0125811058686 0.0115674635421 0.00469278167778 0.00951493948478 0.0096265733439 
-0.00229596924727 0.0157262053483 -0.00217833103528 0.0466998922722 2.50713211684e-05 0.0375829149438 0.00912470406044 0.0136269147963 0.0171546562097 0.0125307292743 0.023037388797 0.0291082963439 0.0433186555062 0.0233888165802 0.0302881428217 0.0221838293863 0.0411837017954 0.00267868929624 0.00443870234582 0.0174943489716 0.0295897197804 0.0237718049486 0.0134315169119 0.0152704801657 0.0059732196512 0.0165332290742 0.00294956685824 0.00478574302873 -3.66508302534e-05 0.00083451063767 0.00295285209798 0.0190653154684 0.0849947760514 0.0124892643836 0.0125811058686 0.3172708844 0.00858967226816 0.00654823513299 0.0236251438859 -0.0111222948428 
0.0144992740727 0.0117362604701 0.00185268991726 0.0372873241196 0.00697283689984 0.00511641083419 0.0165240054232 0.0223561075931 -0.00309984013211 0.00642666535439 0.0296741922737 0.0320011285973 0.00905018095836 0.0302573436472 0.0232323846433 0.0259786719034 0.0581220238831 0.0339319294662 0.0124599387474 0.0110097906567 0.0362931942752 0.0196198629072 0.0115564229212 0.0289040076338 0.0223038941243 0.0157802587399 0.0109857395819 0.0737683625062 -0.00940673931977 0.0246500126395 0.041503413208 0.00533634398073 0.0117090365215 0.0114619710781 0.0115674635421 0.00858967226816 0.319182403993 0.0103170224674 0.0253068973627 0.00810758280453 
0.0076141330577 0.00640396689821 0.0161570831901 0.00865491006097 0.00678210817212 0.0109631681829 0.0201055068344 0.0114554552251 -0.00742188770412 0.013721421807 0.0262380944239 0.0141551060551 0.0019482325388 0.01101760163 0.00469497059643 0.0109203537404 0.0136901966475 -0.00249219629304 0.00956704654083 0.00814531127905 0.014657906598 0.0159632694723 -0.00873144970482 0.00223969571841 0.0100753035163 0.020084247223 0.0203869309033 0.00675495122337 0.00363057272042 0.00980423465993 0.00125812153382 0.00969985676574 0.00850438885411 0.00915103810766 0.00469278167778 0.00654823513299 0.0103170224674 0.139843056206 0.0195030477034 0.0245559803923 
0.0369493240575 0.0180105464055 0.0171860442604 0.0284942594235 0.0129010045988 0.0187215536217 0.0278084252595 0.0416128876584 0.0205202717128 0.00712957348479 0.0348468901625 0.0282437023782 0.0342382434836 0.0814071388079 0.015620405323 0.0261491426893 0.0369814323174 0.0389520743453 0.0195236744986 0.0207822383315 0.0456970755504 0.0452447894245 0.0230994308352 0.0272139232333 0.022108639171 0.0147946924024 0.0232961354113 0.0479373582077 0.00021506129096 0.0193846770674 0.0312618740529 0.0246038055595 0.0496396066153 0.0215442496171 0.00951493948478 0.0236251438859 0.0253068973627 0.0195030477034 0.281178875767 0.0124232998689 
0.0126167911352 -0.000196458289257 0.00259853228414 0.0283860851879 -0.000558105715663 0.0131915496363 0.0124429910342 0.025013932083 -0.00603504947149 0.00464139935869 0.0223191848162 0.00999070571221 0.00444405010075 0.0122053085908 0.000428896372093 0.00556477570892 0.0276778696089 0.00528976305126 -0.0184252119899 0.00902145593823 0.00991802976955 0.0105994704676 -0.00913439371977 -0.002027402045 0.003368216286 0.00916931480798 0.0177696104464 0.0143668667926 -0.00164624132309 0.0197948618661 0.00614715557087 0.00594055956879 0.0094570090037 0.0111782927302 0.0096265733439 -0.0111222948428 0.00810758280453 0.0245559803923 0.0124232998689 0.20991252444 

['COF', 'ADP', 'PGN', 'WHR', 'MDT', 'YUM', 'PPL', 'MOLX', 'KG', 'TAP', 'HOT', 'BC', 'TGT', 'MER', 'SHLD', 'UPS', 'R', 'TIN', 'NOVL', 'NWL', 'MEL', 'PLD', 'MOT', 'ADSK', 'TXN', 'HCR', 'EFX', 'TER', 'FRX', 'S', 'CTXS', 'WYE', 'JWN', 'TE', 'FSH', 'TJX', 'ROH', 'K', 'BSC', 'HNZ']