20
0.0672535079153 0.0669692816613 0.0309081568087 0.0335830315084 0.162626926374 0.0270000307956 0.0597278634654 0.0267965440056 0.093312473985 0.0151091702759 0.0565518641406 0.0347696809731 0.192324736986 0.0910259677787 0.00699576056141 0.0874158444094 0.0362094771936 0.0278380444533 0.0420146984796 0.0353466838873 
0.355221680446 0.0289182013589 0.0568894202609 0.0469021545755 0.00219662473338 0.0289745378298 0.0161982012421 0.0369238307103 0.0187445322556 0.0250447821271 0.0501892069507 0.035439544982 0.0253009560027 0.00942235168979 0.0187007496938 0.0184077436674 0.0461180266252 0.0109316138017 0.0182827792653 0.0250761935479 
0.0289182013589 0.489630210745 0.0223097452907 0.028797341025 0.0134990407536 0.023612185591 0.047806495839 0.0203927945468 0.0161085790176 0.01026674756 0.0238343291462 0.037974423088 0.0573373838877 0.031008994471 0.00836149773272 0.00596907103937 0.0345389440268 0.0100552607594 0.0169728858522 0.0162829670267 
0.0568894202609 0.0223097452907 0.298904586655 0.0181173051039 0.00645786635842 0.0293444358592 0.0307791117016 0.0272792175443 -0.00391432039328 0.0203058594144 0.0269176410469 0.00365047806968 0.0124650260359 0.0189067670862 0.0101917591391 0.0333460456504 0.0273008097473 0.0249607616412 0.0222273752547 0.0332166867231 
0.0469021545755 0.028797341025 0.0181173051039 0.315376378855 -0.00431986026508 0.0248077996939 0.0227440343431 0.0227466529686 -0.00451205763126 0.0128261242722 0.0220912904418 0.0307537121424 0.032920754373 0.0197038741072 0.00517156049074 0.050956579626 0.0213172010253 -0.00114110352243 0.0164879510534 0.00936522681678 
0.00219662473338 0.0134990407536 0.00645786635842 -0.00431986026508 1.12868183505 0.0226474618527 0.0159376495619 0.00636020117716 0.0593614235957 0.0177064575164 0.00828685077385 0.0279590133007 0.0243006762658 0.020411102166 0.0334032995437 -0.00996706639094 0.00226889875974 0.0176069090179 0.0563095501833 0.0110056766289 
0.0289745378298 0.023612185591 0.0293444358592 0.0248077996939 0.0226474618527 0.226334395262 0.0395920738812 0.0185826683428 0.0280415542472 0.018620182604 0.0350700296372 0.0251791730462 0.0436097797226 0.0328955727653 0.0037174263746 0.0174611544581 0.0368113874286 0.0135914406235 0.0181225287072 0.016832641018 
0.0161982012421 0.047806495839 0.0307791117016 0.0227440343431 0.0159376495619 0.0395920738812 0.405336680401 -0.0104988449845 0.0252735498006 0.0135576366695 0.0294319547001 0.0467966289181 0.0759204478677 0.0197897213869 0.00471274396975 -0.000653952774889 0.0274173940711 0.00177199838803 0.0224010278439 0.00871872117409 
0.0369238307103 0.0203927945468 0.0272792175443 0.0227466529686 0.00636020117716 0.0185826683428 -0.0104988449845 0.18042317032 0.00359399521429 0.0171796403182 0.0257416236444 0.0110898383728 0.0335835304527 0.0272029141306 0.0198135992973 0.00928821216666 0.0443624147925 0.0147435697758 0.0260091614573 0.0443555665425 
0.0187445322556 0.0161085790176 -0.00391432039328 -0.00451205763126 0.0593614235957 0.0280415542472 0.0252735498006 0.00359399521429 0.451330974155 0.00802150343533 0.00976276354067 0.0268330259314 0.116806344314 0.0160759435129 0.0145621771799 0.0196232167774 0.0114472552414 -0.0124949719489 0.0571592808061 0.0034012270778 
0.0250447821271 0.01026674756 0.0203058594144 0.0128261242722 0.0177064575164 0.018620182604 0.0135576366695 0.0171796403182 0.00802150343533 0.162813229344 0.0228095196019 0.0174786281111 0.0253422194672 0.00343662796108 0.0116049603538 0.00672069793239 0.0192289965651 0.0235368782723 0.00842281141816 0.0217520085935 
0.0501892069507 0.0238343291462 0.0269176410469 0.0220912904418 0.00828685077385 0.0350700296372 0.0294319547001 0.0257416236444 0.00976276354067 0.0228095196019 0.258322580179 0.0143083820427 0.048968203991 0.0139994308474 0.0294206367201 0.0142170931266 0.0349782428984 0.0149445813132 0.0250320921023 0.0323947158426 
0.035439544982 0.037974423088 0.00365047806968 0.0307537121424 0.0279590133007 0.0251791730462 0.0467966289181 0.0110898383728 0.0268330259314 0.0174786281111 0.0143083820427 0.240050092979 0.0561367670255 0.0268926111866 0.0101600628905 0.0216565288633 0.0267503663236 0.00417319737069 0.0229983145865 0.0156317321457 
0.0253009560027 0.0573373838877 0.0124650260359 0.032920754373 0.0243006762658 0.0436097797226 0.0759204478677 0.0335835304527 0.116806344314 0.0253422194672 0.048968203991 0.0561367670255 0.687561353757 0.0239418170279 0.0180085014268 0.00880512242457 0.0622232633119 0.0121301159315 0.0618175342167 0.020439864763 
0.00942235168979 0.031008994471 0.0189067670862 0.0197038741072 0.020411102166 0.0328955727653 0.0197897213869 0.0272029141306 0.0160759435129 0.00343662796108 0.0139994308474 0.0268926111866 0.0239418170279 0.448859731821 0.00872844927964 0.00464822491859 0.0299045409246 0.0040836286336 0.0112288086411 0.0172673684012 
0.0187007496938 0.00836149773272 0.0101917591391 0.00517156049074 0.0334032995437 0.0037174263746 0.00471274396975 0.0198135992973 0.0145621771799 0.0116049603538 0.0294206367201 0.0101600628905 0.0180085014268 0.00872844927964 0.160930161853 0.0174696197837 0.00553036648097 0.0131527181572 0.0220974740874 0.0132030120803 
0.0184077436674 0.00596907103937 0.0333460456504 0.050956579626 -0.00996706639094 0.0174611544581 -0.000653952774889 0.00928821216666 0.0196232167774 0.00672069793239 0.0142170931266 0.0216565288633 0.00880512242457 0.00464822491859 0.0174696197837 0.565589989571 -0.00370001923501 0.0177554700169 0.0143071782861 0.0137430213083 
0.0461180266252 0.0345389440268 0.0273008097473 0.0213172010253 0.00226889875974 0.0368113874286 0.0274173940711 0.0443624147925 0.0114472552414 0.0192289965651 0.0349782428984 0.0267503663236 0.0622232633119 0.0299045409246 0.00553036648097 -0.00370001923501 0.255459181899 0.025623524386 0.0111398864198 0.0343315319805 
0.0109316138017 0.0100552607594 0.0249607616412 -0.00114110352243 0.0176069090179 0.0135914406235 0.00177199838803 0.0147435697758 -0.0124949719489 0.0235368782723 0.0149445813132 0.00417319737069 0.0121301159315 0.0040836286336 0.0131527181572 0.0177554700169 0.025623524386 0.190025213954 0.0159790178298 0.0175093443512 
0.0182827792653 0.0169728858522 0.0222273752547 0.0164879510534 0.0563095501833 0.0181225287072 0.0224010278439 0.0260091614573 0.0571592808061 0.00842281141816 0.0250320921023 0.0229983145865 0.0618175342167 0.0112288086411 0.0220974740874 0.0143071782861 0.0111398864198 0.0159790178298 0.216379672194 0.0185791026981 
0.0250761935479 0.0162829670267 0.0332166867231 0.00936522681678 0.0110056766289 0.016832641018 0.00871872117409 0.0443555665425 0.0034012270778 0.0217520085935 0.0323947158426 0.0156317321457 0.020439864763 0.0172673684012 0.0132030120803 0.0137430213083 0.0343315319805 0.0175093443512 0.0185791026981 0.275647917308 

['LTD', 'EK', 'TGT', 'LLTC', 'TXU', 'ITW', 'GR', 'KEY', 'NBR', 'KMB', 'AIV', 'HON', 'FCX', 'AW', 'DTE', 'IGT', 'BK', 'CL', 'LTR', 'RF']