60
0.0794924924591 0.0354646018646 0.0785675118811 0.0304896250645 0.0268988212896 0.118355026327 0.0755152896869 0.0522861094618 0.0874158444094 0.074230100705 0.0162851568228 0.0542920038725 0.0373994541978 0.0308768641188 0.123612909007 0.0335830315084 0.140066530531 0.0765601453803 0.0884893451388 0.188050706821 0.0725669815102 0.042606905642 0.0952892642352 0.0631385093148 0.0353360638732 0.127416862275 0.0501755430095 0.0594687244428 0.0646745186267 0.0266110290159 0.0788996306534 0.123926899062 0.107238949757 0.0192488530763 0.265107550494 0.146363775453 0.044344522835 0.0363496030559 0.0215013837744 0.123248136701 0.0255121646837 0.0266042550295 0.0499472002084 0.0479675113811 0.0645874353538 0.0428749123775 0.0123991351417 0.0570579479668 0.0289058353667 0.0375994121509 0.079223051944 0.0378384564622 0.0367752030525 0.10135047428 0.0132097716294 0.149246593495 0.044891801276 0.0282353637115 0.0708595176859 0.043075945187 
0.317668221285 -0.00011137494029 0.0116847125485 0.00899784924425 0.0189716850582 0.0685268078719 -0.00529411743302 0.019748128502 0.0113868399189 0.0381627250837 0.00496748635173 0.00771072284502 0.0179507614367 0.0206308946123 -0.00561223057808 0.0316096685977 0.0190785655263 0.013440537797 0.0385181077684 0.0376787175045 0.0237557669199 0.022272664992 0.051465509835 0.00918555981153 0.0301043848966 0.0259458312685 0.0120847894311 0.0199548620312 0.00888113284297 0.0225068964961 0.0203024342577 -0.0142056091602 0.0242012651682 0.00579420561269 0.00891061116835 0.00657607223725 0.0202235040738 0.0283801671752 0.0150312932221 0.0537502487549 0.0169990421559 0.0129904256615 0.00975903406103 0.0187878649142 0.0766274026661 0.0278122044557 0.0114036623518 0.0140135712095 0.0200525549294 0.00912147398993 0.0230935230551 -0.00217765186678 0.00810269579989 0.0604149463023 0.0193238103689 0.0327064342363 0.0187705868748 0.0173040759428 0.0192939980837 0.0139634439308 
-0.00011137494029 0.194864709545 0.00659979885602 0.00992225465903 -0.00458147143264 0.00394267689614 0.00542864589633 0.0109039433814 -0.0148730539769 0.0166172362074 0.0502613325102 0.0170623758422 0.00477858553896 0.00252174752659 -0.00238903737751 0.00268746616231 0.0144591681565 0.00110747009332 0.00467134077492 0.00284718051413 0.0217619988285 0.00434306162905 0.00223556951725 0.00336597957775 0.0209160371063 0.031709507357 0.00856218754882 -0.00271801729938 0.0291638556443 0.0167078686698 -0.00351582275155 0.00667690352034 0.00189595828574 0.0119995097699 -0.0176930397757 0.0142286368056 0.0114098768854 0.00667626797608 -0.0109471756612 0.00581698448695 0.0158062135687 0.00615970360449 0.00856439900405 0.0105757802137 -0.0102856473881 0.0169103421362 0.0118224830186 0.00234178906874 0.00870452628899 0.0200884681998 0.0177394981445 -0.00130487093431 -0.00661494199243 -0.00424040106751 -0.00104748434606 0.0434636780926 0.00628161431941 0.0226375531052 0.0251199131545 0.0126357808252 
0.0116847125485 0.00659979885602 0.526105169845 0.00657154635537 0.0149335523918 0.103502761369 -8.23598680208e-05 0.000992474131024 0.0086270498756 0.0165360690214 0.0171820484954 0.0110680208798 0.0115841193184 0.0116321946397 0.0287405291514 0.0235797479525 0.0334428463764 0.0245130652798 0.0113429259693 0.0332331703249 0.00914210955596 0.00714566513948 0.0579530513706 0.0273845592275 0.02280881082 0.00205260929313 0.0201628058768 0.0033650051024 0.00549829492087 8.78926432435e-05 0.018796477224 0.0174925936895 0.01366326304 0.0115311862774 0.0123268947342 -0.00640947117816 0.0199079635913 0.0179285640918 0.0136467300127 0.0041149854257 0.0144844735718 0.00667660785428 0.0191911216363 0.0128846796516 0.0112131875736 0.00628715759819 0.00971818854052 -0.00816164636582 0.0114846474095 0.00269117478811 0.0251023893074 0.0171309752548 0.024831323066 0.0245669844835 0.0134395748579 -0.00660803366173 0.000428705993775 0.00479191815378 -0.00540599325562 -0.00278571176823 
0.00899784924425 0.00992225465903 0.00657154635537 0.206608713014 0.00372514885152 -0.00580132495668 0.00164093221164 0.0161734164701 0.010053665391 0.0112365887939 0.0102308977588 -0.00234209229105 0.0148960809441 0.0107744029165 -0.00223107766476 -0.00196585989328 0.00270531498146 0.0246569536526 0.000490847172855 0.00529320435132 0.0126091430123 0.016165943209 0.00861181341715 -0.00411261090434 -0.000534238965611 0.00955598461088 0.00271606133881 0.00724402890858 0.0342588824819 -0.0141934566712 0.00210679575236 0.000419175299275 0.0222787281349 0.0233361138113 0.0103307816199 0.0159015856821 0.0135030682712 0.00948043990645 0.0210163060523 0.00467057786569 0.00670898492564 0.00704117971195 0.00639776393295 0.00475434483724 0.00286419827327 0.00540195521803 0.00950977356768 0.0085388942864 0.0136826626519 0.0108713490522 -0.00545495761243 0.00769385962527 0.0145906490129 0.0172728942465 0.0072467549795 -0.00950655448688 0.0161039329318 0.00912273099584 0.0126533643827 0.00772305955772 
0.0189716850582 -0.00458147143263 0.0149335523918 0.00372514885152 0.19810241274 -0.00411134936641 -0.00065956387811 -0.0067496835778 0.0105252632372 0.0209845044265 0.010687965012 0.00064792398641 0.0185067361445 0.00471176104755 0.000970222301202 0.0212931658997 0.0104708674527 0.0144529478967 0.00770613293092 0.0232748224753 0.0162410731326 0.00268025686594 0.00301259012044 0.0108855839591 0.00982672347902 -0.0110245119796 0.0129733576402 0.0490498217554 -0.0333936899008 0.00673186614624 0.019216674989 0.0110475263419 0.0818530852017 0.00562888182944 -0.0122331344953 0.00102672594295 0.0106922711152 0.00618915490688 0.00676413981333 -5.81311867978e-05 0.0058832869194 0.00684751294718 0.00224345940025 0.0133471363712 0.000998119891559 0.0214143898904 0.0179340542497 0.00129483570662 0.0111183786211 0.0142365372645 0.0243783327662 0.00470820163453 -0.00761817224443 0.00516084266848 0.0130118341466 0.00230552344799 0.00736042842391 0.00973710171847 0.0137284374601 0.00207883318066 
0.0685268078719 0.00394267689614 0.103502761369 -0.00580132495668 -0.00411134936641 0.559600130607 0.0107655606465 0.0189397255179 0.00376450398836 0.0225961021119 0.00650348240947 0.00444315631598 0.0206080678224 0.0105557725507 0.00198997245174 0.0184166479618 0.0228517973585 0.0166433037194 0.00941555915216 0.0106969608378 0.0096439865168 0.0189305042918 0.0293690719013 0.0280656172469 0.0348125874751 0.00787204171037 0.0104141288721 0.0231497783333 0.0106736779553 0.0160211231069 0.00408512448438 0.00824313200415 0.0467059785969 0.00970902245921 0.0327654436792 0.00236768297661 0.0117863815819 0.0289273368532 0.0213233007839 0.00246782575218 0.0190113609674 0.0408628902807 0.0102781489923 0.0126788964828 0.0451908322303 0.0233213734096 0.00858122839026 0.0161296951359 0.0145752053921 0.00648868893096 0.0202734438208 0.0179493332453 0.00943946848751 0.0300041041467 0.0221957921008 0.0107419269164 0.0191632326277 0.0193620673874 0.0124220262284 0.0201105639361 
-0.00529411743302 0.00542864589633 -8.23598680209e-05 0.00164093221164 -0.00065956387811 0.0107655606465 0.791252470017 0.00383079830445 -0.000174907355978 0.0310369734395 0.0176041576671 0.00609153907378 0.0251271460163 0.000702418592146 0.0161142802676 0.00376680734314 0.0127784165516 0.0320522818287 -0.00234336969216 0.00426143060467 0.020324995467 0.0263980394664 0.00828300563866 0.00946101297801 -0.00824409117214 0.0201388088496 0.0180713179105 -0.0306404504483 0.024584419211 -0.00346949339859 0.0135069827191 0.0115597226971 0.0239201901534 0.0132053137139 -0.00311438999804 0.0171987314256 0.0415886479243 0.0398045139882 0.0223930136936 0.0304723368878 0.00809888285151 0.000166090885966 0.0471353101239 0.022965160528 -0.0066430986908 0.0196219074307 0.0129149626352 0.0118059097844 0.00707633370057 0.0111013272846 0.00517104462599 0.00372613940442 0.0132181034513 -0.00925866504351 0.00719399590296 0.00804721618472 0.0667667963215 0.00735083089117 0.00394651551348 -0.00542464485602 
0.019748128502 0.0109039433814 0.000992474131023 0.0161734164701 -0.0067496835778 0.0189397255179 0.00383079830445 0.296186712609 -0.00570234639028 0.0471027994141 0.00526262592713 0.021022341209 0.0287467027989 0.0128149347792 0.00187170401049 0.0246837655946 0.0563358347741 0.0238501342383 0.000345869793942 0.0613037020886 0.0262623355237 0.0507329324192 0.0680313069135 0.0124211841156 0.00168943431022 0.0124065454915 0.0188336662071 0.0290812989371 0.0174397383731 -0.00366752850221 0.0299012970908 -0.00125157863264 0.0281141479301 0.0149345859342 0.00490994122732 0.0188845685441 0.0262491574995 0.0101230238021 0.0273689487652 0.0320318961873 0.0194856071324 0.00811254730048 -0.0143487642674 0.036841829098 0.0459913749367 0.00206957380453 0.00394403238044 0.01220580343 0.0174230328224 0.0141056348164 0.0261222573986 0.0030864108348 0.00457266556738 0.0436461668724 0.00301814432991 0.0238334363441 0.0241251930041 0.0122671270558 0.00405410045273 0.0223553833124 
0.0113868399189 -0.0148730539769 0.0086270498756 0.010053665391 0.0105252632372 0.00376450398836 -0.000174907355977 -0.00570234639028 0.542832055099 -0.0026901101036 0.0144346288347 0.00662676489631 0.0135716080231 0.00669402232184 0.0221582323877 0.0396615140573 0.0177852298924 0.0569687387063 0.0402958576316 0.0191955485645 0.0153794524413 0.0161884799333 -0.0162618328692 0.0987275048623 0.0539148919973 0.017178618027 0.0102044725366 0.00461545909443 -0.0108495986926 0.00681859971295 0.00270813050216 0.00949168195784 0.0472368228931 0.00412412597172 -0.00807687903235 0.0174711056979 0.0107677971278 0.0309733599044 -0.00768469783402 0.0150243643628 0.00805476982687 0.00977263555733 0.0281170839683 0.00227035823186 0.000518744693436 0.00910348467411 0.00804086667365 -0.00271917687396 0.000840061436241 0.0100263269233 0.0297702461383 -0.0042960532644 0.0194717181245 0.0213213172581 -0.00287020421178 0.0117990216696 -0.00016883205432 0.00816863456957 0.0401595646009 0.0195225211828 
0.0381627250837 0.0166172362074 0.0165360690214 0.0112365887939 0.0209845044265 0.0225961021119 0.0310369734395 0.0471027994141 -0.0026901101036 0.489521972102 0.018074379936 0.00640008225527 0.050905298465 0.0183075390977 -0.00527295591454 0.0343383742898 0.0536662475751 0.0442693239734 0.023079439723 0.0482766699369 0.0624407880577 0.0415308658001 0.026346672313 0.0267237042435 0.010895102335 0.0592641813057 0.0482795379694 0.0336217431487 0.0242327634817 0.0252772160143 0.0223951490713 0.0332263475656 0.0544292900136 0.00189166940068 0.0371021029819 0.0410519947115 0.0652626919395 0.0221583644409 0.0279310716978 0.0394508169876 0.0148397647081 0.0395359563267 0.0206050084684 0.045148294194 0.0316831144497 0.0255927960304 0.0162240015817 0.00936733529668 0.0186240620017 0.0203553931906 0.0405611617029 0.0197767837902 0.027177662514 0.050098962829 0.0117464136307 0.0930947062874 0.0521830235691 0.0430966460059 0.0176392378253 0.0354759853677 
0.00496748635173 0.0502613325102 0.0171820484954 0.0102308977588 0.010687965012 0.00650348240947 0.0176041576671 0.00526262592713 0.0144346288347 0.018074379936 0.152480395193 0.0242833232371 0.0119588464179 0.00094699005006 -0.00133134118999 0.00329756203097 0.0102526167161 0.00634371600731 -0.0053399822452 -0.0109527716994 0.0151891248241 0.00445751066293 0.00794668420397 0.00834714554737 0.0190007218425 0.0287506245022 0.0116892504876 -0.0027913596903 0.0143860792301 0.0146276804785 0.00104440753664 0.000569662948408 0.0172161458777 0.0113742469738 -0.0122385674324 0.0141921058291 0.0105796071251 0.00919304870263 -0.00176001027783 0.0239054159252 0.0176867491298 5.75589476333e-06 0.00842011056663 0.014411371444 -0.000634970140844 0.0160358509777 0.0157638837156 0.0139667901788 0.0136078679334 0.0105785292238 0.00964496670423 -0.00195614268352 0.00528413722219 0.0118523165172 -0.00094938208541 0.0381760381022 0.00523252034056 0.023209208185 0.00882445886829 0.0177646983131 
0.00771072284502 0.0170623758422 0.0110680208798 -0.00234209229105 0.00064792398641 0.00444315631598 0.00609153907378 0.021022341209 0.00662676489631 0.00640008225527 0.0242833232371 0.2732925926 0.010909811355 0.011092073533 0.00850394570835 0.0221878243382 0.00569232052615 0.0102186496548 0.00751543734494 0.0204350702556 0.0384792177328 0.014480056105 0.028491872192 0.0111686141367 0.0298316033255 0.00805841354041 0.0104509224539 -0.000841456121569 -0.0109813767859 0.00486174606581 -0.0099221065927 0.0443853401256 0.0136161324542 0.01327916968 0.0012920395576 0.00759988332518 0.0173519215574 -0.00415056687403 0.0254791584716 0.00917103289888 -0.00225952948853 0.0121350813457 0.00331546705868 0.0177571099635 0.00232987309435 0.0116733857152 0.00982482347407 0.0322052899308 0.00897006140936 -0.0100262839588 0.0149903292266 0.0190234570927 0.0068747484857 0.0450741222731 0.0115691780801 0.0456389819703 0.0271129287541 0.00723635912085 0.0100456462316 0.0135227088658 
0.0179507614367 0.00477858553896 0.0115841193184 0.0148960809441 0.0185067361445 0.0206080678224 0.0251271460163 0.0287467027989 0.0135716080231 0.050905298465 0.0119588464179 0.010909811355 0.31133933705 0.00666018510193 0.00934849179666 -0.000856185772504 0.0158282347802 0.0181097150092 0.00578522727662 0.00640812435115 0.0331474025097 0.0185865076598 0.00121909766792 0.00618891360965 0.0107259827039 0.008067035743 0.0151242725058 0.0153828639069 0.0216608676318 0.0134138690956 0.00549188912275 0.0124413527957 0.0321959324394 0.026400443468 0.0186683308682 0.0275619531784 0.0253633328805 0.014751351829 0.0214780859598 0.0235528476217 0.00916805631951 0.0186898781117 0.00857002198785 0.0246444867339 0.0345097909957 -0.00622129152516 0.00659290825223 0.0261870967116 0.0247560601185 0.00927904156492 0.0165304101146 -0.00229981711274 0.000822141823119 0.000427707521995 0.0127723617185 0.0199997012021 0.0365483027995 0.0134713750018 0.0138465046713 0.0116912736187 
0.0206308946123 0.00252174752659 0.0116321946397 0.0107744029165 0.00471176104755 0.0105557725507 0.000702418592146 0.0128149347792 0.00669402232184 0.0183075390977 0.00094699005006 0.011092073533 0.00666018510193 0.254013753947 0.00720428186969 0.00431435475726 0.0143033609484 0.00184786546275 0.036719518849 0.0316423698195 0.0339548384932 0.011289955655 0.00389667733013 0.0144790628424 0.0166996137788 0.00162860387074 0.0208769334048 0.0231029903294 0.00529765617094 -0.010526559538 0.00462578755368 0.00810571140957 0.00792400771162 0.00464558307645 0.0136376725665 0.00131914705133 0.0082289245056 -0.00284497257133 0.0228449573195 0.01483279955 0.00126510691686 0.00683502110895 -0.0119818856141 0.0301499241067 -0.0107448434137 0.0223764577789 0.00260783495476 0.0147950911914 0.0320858404813 0.0105845955877 0.0279438503767 -0.00325969002463 0.0253347141512 0.0414462420264 0.0141530593538 -0.00117773127435 0.00716329376402 0.0176355621986 0.00737522666641 0.0282378406368 
-0.00561223057808 -0.00238903737751 0.0287405291514 -0.00223107766476 0.000970222301202 0.00198997245173 0.0161142802676 0.00187170401049 0.0221582323877 -0.00527295591454 -0.00133134118999 0.00850394570835 0.00934849179666 0.00720428186969 1.03974643177 0.00371755949866 0.0833736422426 0.00214818153277 0.0177598222874 0.00415658227926 0.00195321445107 0.00334928191284 -0.0151783428361 0.0290245840261 0.0134734009969 0.0264919925787 0.00787210821862 -0.000525181196112 -0.00748620693764 0.0165562773578 -0.00753236967342 -0.0303622032526 0.0154211423679 0.0050844187551 -0.00316901872347 0.012152410967 0.000879045757062 0.0139967230241 0.0162776417641 0.0044464563511 0.000700183458953 0.00945754445484 0.0192622732167 0.00113474968408 -0.00681648821551 0.00449913585123 -0.000357882514878 0.00619938945788 0.00685048709904 0.00435406866756 -0.00110158620895 -0.00584846564446 0.0153731820385 0.0147479838736 0.00364703922989 0.0617523716966 0.0130104933384 0.00113828889898 -0.0179072850579 -0.00742946847385 
0.0316096685977 0.0026874661623 0.0235797479525 -0.00196585989328 0.0212931658997 0.0184166479618 0.00376680734314 0.0246837655946 0.0396615140573 0.0343383742898 0.00329756203097 0.0221878243382 -0.000856185772503 0.00431435475726 0.00371755949866 0.287283104365 0.00328765643694 0.0180564526053 0.0290694196955 0.0412339387378 0.030008994225 -0.00722909361716 0.00771161749388 0.0474182178049 0.0226356846317 -0.00303706416436 0.0238887132838 0.0152089873079 0.00334555322104 0.00926151194463 0.0122398303932 0.0100935046501 0.0250276016129 0.000552407393231 0.00373555219647 0.00221158598399 0.0220134965429 0.00703170321232 0.0421244890426 0.0309712024961 0.0107530469722 0.0340012154462 0.0163272024157 -0.00186059062424 0.003112424156 0.0372281559215 0.0130560552876 0.0223334437545 0.0134114281654 0.00143972980758 0.011514931276 0.00234766700895 0.00617611893814 0.0716531628048 0.017386878328 -0.00434244499919 0.0228037679171 0.0105869759671 0.0027122639434 0.0206720718929 
0.0190785655263 0.0144591681565 0.0334428463764 0.00270531498146 0.0104708674527 0.0228517973585 0.0127784165516 0.0563358347741 0.0177852298924 0.0536662475751 0.0102526167161 0.00569232052615 0.0158282347802 0.0143033609484 0.0833736422426 0.00328765643694 1.44860126908 0.0137252709311 0.0148964782093 0.0123353726604 0.0312247165154 0.0184746678954 0.0146996390588 0.0162842707195 0.0203387185999 -0.00451277187824 0.00437319229429 0.0379320076032 0.0159963806732 0.0177361434614 0.0126408868671 0.0197804541551 0.029711210228 0.0057472878149 0.0605931420789 0.0332648616604 0.0267120135984 0.00761861899102 0.0197702300083 0.0387729357918 0.00446984402635 0.0176837952183 0.00715765618532 0.0105354999134 0.00830140382319 0.0314541713256 0.0120007581139 0.00243260699464 0.00766327534317 0.0109591114964 0.00826104248143 -0.00681654530856 0.0039302566305 0.029422159966 0.0131586518116 0.0182185911304 0.0205908267671 0.0123624813026 0.000467905101596 0.00271876190113 
0.013440537797 0.00110747009332 0.0245130652798 0.0246569536526 0.0144529478967 0.0166433037194 0.0320522818287 0.0238501342383 0.0569687387063 0.0442693239734 0.00634371600731 0.0102186496548 0.0181097150092 0.00184786546275 0.00214818153277 0.0180564526053 0.0137252709311 0.319249397225 0.0328846446242 0.0258757286406 0.036924434008 0.0263365161132 0.0170788050582 0.0494555916798 0.0221786594555 0.0515299051004 0.0250642513154 0.00646144891961 0.0127860646338 -0.00582220883983 0.0164103728242 0.044373847427 0.0359402562831 0.00895155001906 0.00127164107387 0.0101478435278 0.0287253501031 0.0117583496365 0.0197286488897 0.0155812869241 0.0165757716191 0.0297749551183 0.0237387685743 0.0214494810873 0.00429739781455 0.0103369588236 0.0072869856123 0.0357670676639 0.0199498565944 -0.00995255321061 0.0138510799278 -0.0226225223794 0.00347500523505 0.0520375451723 0.00853654472559 0.0223068871908 0.0331345057933 0.0164796181574 0.0109492377576 0.0438367836079 
0.0385181077684 0.00467134077492 0.0113429259693 0.000490847172855 0.00770613293092 0.00941555915216 -0.00234336969216 0.000345869793942 0.0402958576316 0.023079439723 -0.0053399822452 0.00751543734494 0.00578522727662 0.036719518849 0.0177598222874 0.0290694196955 0.0148964782093 0.0328846446242 0.478579246216 0.017452160484 0.0260456514931 0.00305723007095 0.00455738830421 0.0189181368472 0.0290776837308 0.00482618124933 0.0116705602062 0.00996474023953 0.00740538335573 0.0152960712597 0.00384252668569 0.00601204955128 0.0308773093726 0.0132226553586 0.0222428652711 0.0122729222057 0.0256197622181 0.0257392876953 0.025701007857 0.0373737543036 0.0143293544451 0.013284560965 0.0364769007174 0.00594533572072 0.00849929414824 0.0145083505196 0.00666599512473 0.0173124990997 0.0297946935643 0.0207061561335 0.0280288918337 0.0160905192935 0.0126084554441 0.0578891479055 0.0153962852362 0.00466154476549 0.0165948468794 0.0100573795804 0.0216308728056 0.0132509662051 
0.0376787175045 0.00284718051413 0.0332331703249 0.00529320435132 0.0232748224753 0.0106969608378 0.00426143060467 0.0613037020886 0.0191955485645 0.0482766699369 -0.0109527716994 0.0204350702556 0.00640812435115 0.0316423698195 0.00415658227926 0.0412339387378 0.0123353726604 0.0258757286406 0.017452160484 1.00231422477 0.0431882130837 0.0145476686961 0.00476161446378 0.0152707033099 0.023824195447 0.00242344853966 0.0127848280743 0.0188459726015 -0.00431196449493 0.0581631119391 0.00976179224988 0.080026496102 0.0251491468862 0.0256217139486 -0.00441331528104 -0.00842698538889 0.032168891116 0.00615547814264 0.0521209276184 0.0290221943167 -0.00539806218443 0.0151572072568 0.0245496431578 0.021038348015 0.0277097371569 0.0367275265069 0.0644397873528 0.00946669350348 0.0289847417619 0.0332481514924 0.0244339110015 0.0200244830889 0.00117120070343 0.073778574691 0.030909989076 0.0158608071696 0.0213464592301 0.00939317082394 0.00749511106625 0.0159854461709 
0.0237557669199 0.0217619988285 0.00914210955596 0.0126091430123 0.0162410731326 0.0096439865168 0.020324995467 0.0262623355237 0.0153794524413 0.0624407880577 0.0151891248241 0.0384792177328 0.0331474025097 0.0339548384932 0.00195321445107 0.030008994225 0.0312247165154 0.036924434008 0.0260456514931 0.0431882130837 0.27533447556 0.0229813242403 0.014129598762 0.0379151278554 0.0254537704472 0.0378827767592 0.0151960303015 0.0019414703465 0.00480660329181 0.0328144128196 0.00514611836933 0.00765883032627 0.0346380483795 0.0159782987112 -0.00258481354856 0.00584503807781 0.0330458624243 0.0240991951482 0.0284575553202 0.0244432023035 0.0166916260432 0.0222171011843 0.0094794810539 0.0338602489164 0.0210190383045 0.0277106393908 0.013841458811 0.0141725586612 0.0376181618158 0.0142852197546 0.0277976283671 3.78862088409e-05 0.0142547368881 0.0194842365589 0.0203958845661 0.0350105788865 0.0301248168902 0.03842295851 0.0215031083863 0.041308212971 
0.022272664992 0.00434306162905 0.00714566513948 0.016165943209 0.00268025686594 0.0189305042918 0.0263980394664 0.0507329324192 0.0161884799333 0.0415308658001 0.00445751066293 0.014480056105 0.0185865076598 0.011289955655 0.00334928191284 -0.00722909361716 0.0184746678954 0.0263365161132 0.00305723007095 0.0145476686961 0.0229813242403 0.234315189972 0.0674797666774 0.0111181437852 0.0217250267854 0.0228505020374 0.013080394395 0.00577240706633 -0.000572477069899 0.00130685835597 0.000706083722276 -0.00219356852839 0.0277472328382 0.0145519173645 0.0141353696485 0.0247875258861 0.0334514133812 0.0207534117696 0.0147410985848 0.0419191724973 0.0038142598228 0.0213604737139 0.00449744855719 0.0262523800467 0.0149772322438 0.0170018351339 0.00445482397121 0.0136850721359 0.0356071855612 0.0164533654654 0.0169160707745 -0.00782645628334 0.0224418908204 0.0115137058395 0.00357124806388 0.0275213579631 0.0101246772152 0.0140353782575 0.00264638213362 0.0174958165053 
0.051465509835 0.00223556951725 0.0579530513706 0.00861181341715 0.00301259012044 0.0293690719013 0.00828300563866 0.0680313069135 -0.0162618328692 0.026346672313 0.00794668420397 0.028491872192 0.00121909766792 0.00389667733013 -0.0151783428361 0.00771161749389 0.0146996390588 0.0170788050582 0.00455738830421 0.00476161446378 0.014129598762 0.0674797666774 0.495631225039 0.0213474462724 0.00284458281189 0.0048380752862 -0.00340901994533 0.0234512415547 -0.00564405089177 0.0232134443572 0.00568721909599 0.0235175269109 0.0257391672601 0.00813291850067 -0.0041974136862 -0.00498604165885 0.0174077106643 0.0271533273042 0.0132198916935 0.0425798119892 0.00697330214083 0.0171570968688 0.00908649970556 0.00283791415092 0.00826860069464 0.00336329666963 -0.000243484111615 0.00462945721347 0.0326084978739 0.00267324909792 0.0223842408678 0.0278036961121 0.0169766792506 0.0219120842503 -0.00523571925148 -0.000580448165714 0.00278719847163 0.0100243996239 -0.00634316273928 -0.00558970083925 
0.00918555981153 0.00336597957775 0.0273845592275 -0.00411261090434 0.0108855839591 0.0280656172469 0.00946101297801 0.0124211841156 0.0987275048623 0.0267237042435 0.00834714554737 0.0111686141367 0.00618891360965 0.0144790628424 0.0290245840261 0.0474182178049 0.0162842707195 0.0494555916798 0.0189181368472 0.0152707033099 0.0379151278554 0.0111181437852 0.0213474462724 0.340616137963 0.0279819876632 0.0246247121582 0.0191248761887 0.0367627261074 0.0109911631187 0.00951296705227 -0.00477635826505 0.0162594175705 0.0640853655595 -0.00524887645482 -0.0202048300236 0.0296741962411 0.050199233285 0.00904580136408 0.0189501680075 0.0142946917146 0.00101186940039 0.046320924721 0.0207673153528 0.0172578541771 0.00376617650071 0.0109005269767 0.0147951954715 0.00407908829316 0.019283720798 0.00736895471221 0.0403328146809 -0.0192906523304 0.0145469320065 0.0232984697431 0.00579391462031 0.0265566796355 0.0325595420781 0.00972868097047 -0.00985524818314 0.00975474668337 
0.0301043848966 0.0209160371063 0.02280881082 -0.000534238965611 0.00982672347902 0.0348125874751 -0.00824409117214 0.00168943431022 0.0539148919973 0.010895102335 0.0190007218425 0.0298316033255 0.0107259827039 0.0166996137788 0.0134734009969 0.0226356846317 0.0203387185999 0.0221786594555 0.0290776837308 0.023824195447 0.0254537704472 0.0217250267854 0.00284458281189 0.0279819876632 0.299613612783 0.00989962422646 -0.00735781925716 0.0261623050531 0.00313532063399 0.028160667533 -0.0088302185466 0.00502907807328 0.0152449944194 0.00644276285315 -0.0212195918196 0.0184201672833 0.0136402733086 0.0142910766758 0.0270701417496 -0.00542124697898 0.00609156668251 0.0124686110106 0.00288806513897 0.0223083221923 0.00564853807635 0.00693251767317 0.00560281395222 0.0164042772939 0.0158273355914 0.00773009265804 0.026672829255 -0.0127620470279 0.0143284144365 0.0307506286165 0.0144963634827 0.010340094211 0.00488479004461 0.00036685209751 0.00792543655559 0.00600223516647 
0.0259458312685 0.031709507357 0.00205260929313 0.00955598461088 -0.0110245119796 0.00787204171037 0.0201388088496 0.0124065454915 0.017178618027 0.0592641813057 0.0287506245022 0.00805841354041 0.008067035743 0.00162860387074 0.0264919925787 -0.00303706416436 -0.00451277187824 0.0515299051004 0.00482618124933 0.00242344853966 0.0378827767592 0.0228505020374 0.0048380752862 0.0246247121582 0.00989962422646 0.446720367881 0.0174583273895 0.0214828378804 0.0271102697308 0.0235381233704 0.0169289325918 0.0255506477492 0.012711709751 0.000659906279616 -0.00658838450888 0.0266594973824 0.0265502808878 -0.00908802956845 0.0188771456271 0.046848040498 0.00644198176267 0.0103807552352 -0.0144661338951 0.0460193982792 0.00808214992897 0.0157005496218 0.0149371257419 0.0420013606782 0.0264725747504 -0.00425387874494 0.0172503272369 0.0341459822547 -0.023109959096 0.0289503783288 -0.000889031629121 0.180884476919 0.0205405201439 0.00228648296891 0.0111681837388 0.0149603327696 
0.0120847894311 0.00856218754882 0.0201628058768 0.00271606133881 0.0129733576402 0.0104141288721 0.0180713179105 0.0188336662071 0.0102044725366 0.0482795379694 0.0116892504876 0.0104509224539 0.0151242725058 0.0208769334048 0.00787210821862 0.0238887132838 0.00437319229429 0.0250642513154 0.0116705602062 0.0127848280743 0.0151960303015 0.013080394395 -0.00340901994533 0.0191248761887 -0.00735781925716 0.0174583273895 0.316354994048 0.0115272477202 0.0103713486336 0.0254419097861 0.00704253041308 0.0107592320471 0.019031504324 0.0113747678899 -0.0042383990739 0.0170026422188 0.0133528062597 0.00403461801275 0.00472636006123 0.0228303204109 0.0185576207205 -0.0216719164285 0.0116877825633 0.0149801632176 0.0209936109164 0.0195054855929 0.00961195049219 0.0184681374049 0.0112170633626 0.00711508451155 0.0420045050854 0.0150598019234 0.0201484134567 0.013195819739 0.0154504876987 0.0160597631883 -0.00196316606835 0.0164245051537 0.023497403543 0.00094973764482 
0.0199548620312 -0.00271801729938 0.0033650051024 0.00724402890858 0.0490498217554 0.0231497783333 -0.0306404504483 0.0290812989371 0.00461545909443 0.0336217431487 -0.0027913596903 -0.000841456121569 0.0153828639069 0.0231029903294 -0.000525181196112 0.0152089873079 0.0379320076032 0.00646144891961 0.00996474023953 0.0188459726015 0.0019414703465 0.00577240706633 0.0234512415547 0.0367627261074 0.0261623050531 0.0214828378804 0.0115272477202 0.39102297001 -0.0219361266666 0.0142974690791 0.0159233234478 0.0294552917352 0.0935471256541 4.07543338286e-06 0.00427202041307 -0.00247871574916 0.0288196361383 0.00380090812666 0.0139741811845 0.0190951563181 0.0198483360684 0.00622254205282 -0.00580530040714 0.0125664621726 0.0170949320557 -0.00489676536467 0.0103628153353 -0.00601092258571 0.00226364528241 0.00796236832211 0.0131758432832 0.0141581472507 0.00697212126312 0.0154203911715 0.0138554316512 0.0230439351979 0.0180721369114 0.011216710482 0.000158991120099 0.0116736315449 
0.00888113284297 0.0291638556443 0.00549829492087 0.0342588824819 -0.0333936899008 0.0106736779553 0.024584419211 0.0174397383731 -0.0108495986926 0.0242327634817 0.0143860792301 -0.0109813767859 0.0216608676318 0.00529765617094 -0.00748620693764 0.00334555322104 0.0159963806732 0.0127860646338 0.00740538335573 -0.00431196449493 0.00480660329181 -0.000572477069899 -0.00564405089177 0.0109911631187 0.00313532063399 0.0271102697308 0.0103713486336 -0.0219361266666 0.50295312185 0.018417224434 0.00391933339805 -0.00914514899402 0.0409549683429 0.0173181696779 0.0170295563743 0.0254599919652 0.0373307257438 0.0176886507335 0.00906761762788 0.0260246267446 0.0170335769577 -0.00547412551146 0.0192550401932 0.0681175928463 0.000846427717056 0.0211049329846 0.00308816358516 0.00525762286197 0.0189673925571 -0.00396077840194 0.00856791148656 0.0292770134504 0.0234888369406 0.0226219972328 -0.00697234816575 0.031594533353 0.0131515882466 0.031333156492 0.0469147205139 0.0242373937278 
0.0225068964961 0.0167078686698 8.78926432436e-05 -0.0141934566712 0.00673186614624 0.0160211231069 -0.00346949339859 -0.00366752850221 0.00681859971295 0.0252772160143 0.0146276804785 0.00486174606581 0.0134138690956 -0.010526559538 0.0165562773578 0.00926151194463 0.0177361434614 -0.00582220883983 0.0152960712597 0.0581631119391 0.0328144128196 0.00130685835597 0.0232134443572 0.00951296705227 0.028160667533 0.0235381233704 0.0254419097861 0.0142974690791 0.018417224434 0.274094292608 -0.00615526445533 0.0100520981042 -0.00439343568591 0.00633249518333 -0.0148762413467 0.0425838372367 0.0128086508708 0.0136375719939 0.0152191158313 0.0393926998247 0.00517284826747 0.00252163420812 0.00184638914953 0.0185657546041 0.00227862590143 0.0139274762358 0.0216108870663 0.0104945482076 -0.00509161946423 0.0256687127155 0.00719662443415 0.00976988395191 0.0194677838001 0.00384595892154 0.0202270305142 0.0269696145638 -0.00186269243287 0.0187618127978 0.00869839206054 0.00611569896782 
0.0203024342577 -0.00351582275155 0.018796477224 0.00210679575236 0.019216674989 0.00408512448438 0.0135069827191 0.0299012970908 0.00270813050216 0.0223951490713 0.00104440753664 -0.0099221065927 0.00549188912275 0.00462578755368 -0.00753236967342 0.0122398303932 0.0126408868671 0.0164103728242 0.00384252668569 0.00976179224988 0.00514611836933 0.000706083722276 0.00568721909599 -0.00477635826505 -0.0088302185466 0.0169289325918 0.00704253041308 0.0159233234478 0.00391933339805 -0.00615526445533 0.755141106853 -0.000552958530067 0.0430076670215 -0.000509663161853 0.00738083372151 0.00676775929474 0.00610871056536 0.00251666320815 0.0163927552997 0.014068662232 0.012437971239 0.00123151463645 0.0049286954151 0.00212266586724 0.00275246751909 0.00467709222429 0.00328155726449 -0.00592857521447 0.0057366486961 0.0121934464092 0.021868002847 0.00148630429893 -0.00315992510405 0.0438956154347 0.00634305046472 0.00855206473457 0.0200456155637 0.00135957282217 -0.0113333976138 -0.00477408753003 
-0.0142056091602 0.00667690352034 0.0174925936895 0.000419175299274 0.0110475263419 0.00824313200415 0.0115597226971 -0.00125157863264 0.00949168195784 0.0332263475656 0.000569662948409 0.0443853401256 0.0124413527957 0.00810571140957 -0.0303622032526 0.0100935046501 0.0197804541551 0.044373847427 0.00601204955128 0.080026496102 0.00765883032627 -0.00219356852839 0.0235175269109 0.0162594175705 0.00502907807328 0.0255506477492 0.0107592320471 0.0294552917352 -0.00914514899402 0.0100520981042 -0.000552958530067 0.899679436075 0.0398019922104 0.0129667522785 -0.0161193189786 -0.00875056245641 0.00955279991675 -0.013821327484 -0.013820022135 0.0290514803041 0.0187974242514 0.024211103155 -0.00646785052424 0.000891802109561 -0.01069576054 0.0221522317545 0.00536665558162 0.0128613845158 0.0267829403694 -0.00656367506192 0.00976306554869 0.00961268566515 -0.00132401989786 0.0683534232957 0.00847718321586 0.0114339367274 0.00559463402919 0.00261289793307 -0.0116930391369 0.00367444266405 
0.0242012651682 0.00189595828574 0.01366326304 0.0222787281349 0.0818530852017 0.0467059785969 0.0239201901534 0.0281141479301 0.0472368228931 0.0544292900136 0.0172161458777 0.0136161324542 0.0321959324394 0.00792400771162 0.0154211423679 0.0250276016129 0.029711210228 0.0359402562831 0.0308773093726 0.0251491468862 0.0346380483795 0.0277472328382 0.0257391672601 0.0640853655595 0.0152449944194 0.012711709751 0.019031504324 0.0935471256541 0.0409549683429 -0.0043934356859 0.0430076670215 0.0398019922104 0.448072361466 0.0082349099951 -0.00308761748254 0.00539919055487 0.0409728237178 0.00328454904555 0.0241161501755 0.0253793665594 0.0200888445526 0.036199105837 0.028531886366 0.0145569162842 0.0250324196822 0.0198587868882 0.0135476722171 0.0236777266714 0.0282067588605 0.00931181409289 0.0162969488607 -0.0144677916931 0.0145851186689 0.0492576583871 0.0122223612879 0.0136914164319 0.0336945308541 0.0306159782215 0.00475728690213 0.0396914844319 
0.00579420561269 0.0119995097699 0.0115311862774 0.0233361138113 0.00562888182944 0.00970902245921 0.0132053137139 0.0149345859342 0.00412412597172 0.00189166940068 0.0113742469738 0.01327916968 0.026400443468 0.00464558307645 0.0050844187551 0.000552407393231 0.0057472878149 0.00895155001906 0.0132226553586 0.0256217139486 0.0159782987112 0.0145519173645 0.00813291850067 -0.00524887645482 0.00644276285315 0.000659906279616 0.0113747678899 4.07543338287e-06 0.0173181696779 0.00633249518333 -0.000509663161853 0.0129667522785 0.0082349099951 0.134159939556 -0.010359461146 0.011665183678 0.0046140676701 0.00777950603411 0.0142330953551 0.00406892409801 0.00487246867945 0.00871324778997 0.00267741390013 0.00434124679004 -0.00692225112746 0.0122689631751 0.0025490360209 0.00562329556583 0.00569486258932 0.017996633773 0.0113720589256 0.0122342967474 0.0132612399577 0.0156435119241 0.0117561983536 -0.00104909888008 0.00571922969542 0.0171684874556 0.00689875914076 0.0172521207304 
0.00891061116835 -0.0176930397757 0.0123268947342 0.0103307816199 -0.0122331344953 0.0327654436792 -0.00311438999804 0.00490994122732 -0.00807687903235 0.0371021029819 -0.0122385674324 0.0012920395576 0.0186683308682 0.0136376725665 -0.00316901872347 0.00373555219647 0.0605931420789 0.00127164107387 0.0222428652711 -0.00441331528104 -0.00258481354856 0.0141353696485 -0.0041974136862 -0.0202048300236 -0.0212195918196 -0.00658838450888 -0.0042383990739 0.00427202041307 0.0170295563743 -0.0148762413467 0.00738083372151 -0.0161193189786 -0.00308761748254 -0.010359461146 2.98903012793 0.00712278531171 0.0051828331195 -0.01530082855 0.00165646103253 0.0237233289934 0.00582754035621 -0.022455421895 0.0081945358633 -0.000185546582639 0.00105086765337 0.00147353267245 -0.0095530317196 -0.0143149743321 0.0149690169395 -0.0110559649218 -0.0108223247783 -0.00388941353644 0.00905174815483 0.0216221734743 -0.000432316450902 0.0077584764671 0.00748916162369 0.00240561595706 0.00691250028354 0.00851912726025 
0.00657607223725 0.0142286368056 -0.00640947117816 0.0159015856821 0.00102672594295 0.00236768297661 0.0171987314256 0.0188845685441 0.0174711056979 0.0410519947115 0.0141921058291 0.00759988332518 0.0275619531784 0.00131914705133 0.012152410967 0.00221158598399 0.0332648616604 0.0101478435278 0.0122729222057 -0.00842698538889 0.0058450380778 0.0247875258861 -0.00498604165885 0.0296741962411 0.0184201672833 0.0266594973824 0.0170026422188 -0.00247871574916 0.0254599919652 0.0425838372367 0.00676775929474 -0.00875056245641 0.00539919055487 0.011665183678 0.00712278531171 0.979138603628 0.0121973625142 -0.00135264712858 -0.000940981417773 0.0287526430979 0.00681631008819 0.00268403822058 -0.00624332965571 0.0137238353551 0.00523076148541 0.00578866902474 0.0199435885732 -0.000903900224532 0.00262972031371 0.0103553017147 0.0073630040578 -0.00523420906127 0.00948026051039 0.0377910366548 0.00300423409479 0.0145964318996 0.011666004756 0.00572043664083 0.0263072248707 0.0110021352059 
0.0202235040738 0.0114098768854 0.0199079635913 0.0135030682712 0.0106922711152 0.0117863815819 0.0415886479243 0.0262491574995 0.0107677971278 0.0652626919395 0.0105796071251 0.0173519215574 0.0253633328805 0.0082289245056 0.000879045757062 0.0220134965429 0.0267120135984 0.0287253501031 0.0256197622181 0.032168891116 0.0330458624243 0.0334514133812 0.0174077106643 0.050199233285 0.0136402733086 0.0265502808878 0.0133528062597 0.0288196361383 0.0373307257438 0.0128086508708 0.00610871056536 0.00955279991675 0.0409728237178 0.0046140676701 0.0051828331195 0.0121973625142 0.188904701955 0.0112254825559 0.0205176411145 0.0326421519903 0.00610181576695 0.0265850050613 0.0233657164712 0.0294163069076 0.0161753926926 0.0196859659473 0.0171291011519 0.0208336554481 0.0151898215981 0.0106250888278 0.0320262351266 0.00643910709163 0.0181565725499 0.0322873991806 0.0197201042372 0.03417070771 0.0278752663182 0.0148189502102 0.0170152049012 0.0187291329056 
0.0283801671752 0.00667626797608 0.0179285640918 0.00948043990645 0.00618915490688 0.0289273368532 0.0398045139882 0.0101230238021 0.0309733599044 0.0221583644409 0.00919304870263 -0.00415056687403 0.014751351829 -0.00284497257133 0.0139967230241 0.00703170321232 0.00761861899102 0.0117583496365 0.0257392876953 0.00615547814264 0.0240991951482 0.0207534117696 0.0271533273042 0.00904580136408 0.0142910766758 -0.00908802956845 0.00403461801275 0.00380090812666 0.0176886507335 0.0136375719939 0.00251666320815 -0.013821327484 0.00328454904555 0.00777950603411 -0.01530082855 -0.00135264712858 0.0112254825559 0.293511775061 0.011007509766 0.0141860426277 0.0171201208959 0.00189077050943 0.0840000024597 0.03082080461 0.0182840582807 0.012248256556 0.00633455073496 0.00489310825228 0.0290162499221 0.011472466594 0.0223066419511 -0.00745101550381 0.0363198294268 0.00562773710269 0.0108727731569 0.0143546764155 0.0302798288772 0.0243095361823 0.00181493904779 0.0116078487542 
0.0150312932221 -0.0109471756612 0.0136467300127 0.0210163060523 0.00676413981333 0.0213233007839 0.0223930136936 0.0273689487652 -0.00768469783402 0.0279310716978 -0.00176001027783 0.0254791584716 0.0214780859598 0.0228449573195 0.0162776417641 0.0421244890426 0.0197702300083 0.0197286488897 0.025701007857 0.0521209276184 0.0284575553202 0.0147410985848 0.0132198916935 0.0189501680075 0.0270701417496 0.0188771456271 0.00472636006123 0.0139741811845 0.00906761762788 0.0152191158313 0.0163927552997 -0.013820022135 0.0241161501755 0.0142330953551 0.00165646103253 -0.000940981417773 0.0205176411145 0.011007509766 0.270546993629 0.0215881667984 0.0107281127561 0.0304438382122 0.01038070752 0.00308598234619 0.0130547122235 0.02645189994 0.0194149161235 0.0196056344925 0.024864357469 0.00362893460471 0.0293279869986 0.0247003639445 0.0156078259468 0.0434361036074 0.0230531434238 0.0129797698108 0.0110893629286 0.0168035556452 0.0137476138007 0.0149865706391 
