40
0.542098982398 0.242072249725 0.0354646018646 0.133327922328 0.146363775453 0.0220203869342 0.110625092132 0.026417897889 0.060830846045 0.148705689344 0.125871369107 0.140066530531 0.10135047428 0.0157982173188 0.123248136701 0.188050706821 0.0359279599811 0.126305303483 0.0353360638732 0.0220144037379 0.0387981152642 0.0861911318708 0.0629738483482 0.0395396308246 0.0163484450471 0.0755152896869 0.0404531955786 0.265107550494 0.0594494044175 0.0597278634654 0.0188066159349 0.0266110290159 0.0132097716294 0.0754225878746 0.0380825412642 0.0522861094618 0.121001700606 0.0223482457603 0.0479675113811 0.143796644659 
8.19402804304 -0.0127111795288 0.0113757635259 0.0236689482147 0.0297529524048 0.0335363474751 0.0182753301474 -0.00637685331555 0.0186057938904 0.0154513868578 -0.00345155502178 0.00216510483677 0.0252691995681 -0.00827776233795 0.0668682931654 0.000996986376503 0.00961167570916 0.0973893746717 0.00678668603632 0.041942637672 0.00767929380486 0.00249821786437 0.0487363669564 -0.00336200916041 0.0307575902825 0.00226317450003 0.00478452531451 -0.0209682500676 0.0426054332112 -0.0268532847231 -0.0114560664716 0.0262977338715 -0.00200609094985 0.00769144726612 -0.00357249593094 -0.00652607427298 0.00957487693504 0.0207734733526 0.00344352703885 0.00046104782654 
-0.0127111795288 0.662600895099 0.0235456784738 0.00289471092687 0.043863177898 0.0272983695991 0.0455051012219 0.0683302255545 0.040797648521 0.0396298993594 0.0354836640955 0.0785020310389 0.0761080150009 0.0151221667194 0.0444360902723 0.0747075248557 0.0040154789307 0.0706381808834 0.00554800407605 0.0111368422675 0.0583426452395 0.043153650025 0.0429538963153 0.036431229208 0.0092577145228 0.0820298776468 0.0657071866516 0.0428411732564 0.0496292027572 0.0586849384023 0.0324249151953 0.010779697401 0.0215796334117 0.0282398453257 0.0314362743945 0.0355134340007 0.0464085677101 0.0323719476365 0.0551796643642 0.118791708538 
0.0113757635259 0.0235456784738 0.194398315202 0.0311411164976 0.0155669951517 0.00370499845973 -0.00026594097503 -0.00465070405489 0.0142671267281 0.00429726050766 0.00264219434329 0.0144639627356 -0.00528730464043 0.0243101406576 0.00754753466843 0.00218248802955 0.00765823974969 0.010423016802 0.0160949196799 0.0459986612025 0.00872159218389 0.0085522230416 0.0188977304369 0.00189731265135 0.0486463391212 0.00490189018949 0.00417235014478 -0.0177439357059 0.0161981431628 0.000763327525552 -0.00569529061818 0.0184493736813 -0.000196518777742 -0.00167605436714 0.00658554249708 0.00917250089759 0.0544823843335 0.020196681676 0.0148296887252 0.0151293423593 
0.0236689482147 0.00289471092688 0.0311411164976 0.824884722285 0.00496832351513 0.0232421669914 0.0345892979877 0.00523817569451 0.013772905645 -0.000110373670683 0.00602710577564 0.00229046596549 0.0208496271455 -0.0103093156806 -0.00489321624594 0.0468238313026 0.0149859570516 0.0174145617891 0.0333046463716 0.0127455272491 -0.000447085703842 0.0306238121589 -0.0139078694024 0.0348052706859 0.00820272578497 -0.00362708485222 0.0038410594633 0.0783963968215 0.0107136774391 0.0275363560524 0.0156272062025 0.0214536842474 0.00916860544808 -0.00613199821014 0.0131487787541 0.0226748648567 0.00963973599395 0.0338126674996 0.0441328997563 0.0419799700035 
0.0297529524048 0.043863177898 0.0155669951517 0.00496832351512 0.979165912753 0.00491783816313 0.00175730760959 0.00618810016371 0.00553098237644 -0.038305867989 -0.021441459226 0.0330947827901 0.0372758043964 0.00148173955985 0.0296003336455 -0.00943218989829 0.0088511538832 0.0183723053744 0.0206596503193 0.00369280597567 0.0120468749171 0.00839976665054 0.00479451731503 0.0270900225877 0.0148572116049 0.0166542000834 0.0143401668847 0.00716759165818 0.00952958123671 0.0074856661027 0.00421608470605 0.0428058768792 0.00279114441919 0.0214446762616 0.0294419806918 0.0220867719742 0.0100691400023 0.0153277879425 0.0161358788953 0.0228948154796 
0.0335363474751 0.0272983695991 0.00370499845967 0.0232421669914 0.00491783816313 0.227988661051 0.0508407893629 0.0217564813974 0.0209436238876 0.00961333086804 -0.00113589718245 0.0135802208323 0.0260247928441 -0.000219515660591 0.0302875974496 0.021895671713 0.013192096499 0.00244510036261 0.00493442204398 0.0110929169606 0.0189618378926 0.00918293892075 -0.00416178585908 0.0207125875488 0.0125121733428 0.0134405030284 0.0295452035604 0.0076066052773 0.029238586118 0.0344070676255 0.0144937481929 0.00857886918885 0.0246128234768 0.0279813011935 0.0130002053856 0.0149525793339 0.0146528622223 0.0175945516939 0.0222922109765 0.0454249823446 
0.0182753301474 0.0455051012219 -0.000265940975032 0.0345892979877 0.00175730760959 0.0508407893629 0.57340799937 0.0294108687065 0.0409158215528 0.0241332323055 0.0135754472811 0.0209124345994 -0.00926097239027 0.00290033631689 0.0208086643097 0.0408070281889 0.0109000148271 0.0236777434535 0.0188089463464 0.0109424415935 0.0499969647009 0.0225149716031 0.030856972133 0.0161734909211 0.0145942966265 -0.0123379390942 0.0276779635898 -0.00289547024947 0.035734416748 0.0046689398084 0.0267451676854 -0.00613872596885 0.0236904574209 0.0221739707718 0.0222235981768 0.0288465983702 0.0349593165115 0.00964683546711 0.0240180895582 0.0862312810139 
-0.00637685331555 0.0683302255545 -0.00465070405488 0.00523817569451 0.00618810016371 0.0217564813974 0.0294108687065 0.266173781805 0.0298575304313 0.0268786167778 0.00398208154929 0.028836867466 0.00848374506619 0.0139278838247 0.0136652912778 0.0217239423619 0.0172599095784 0.0172704173092 -0.0055430954009 0.00449292350892 0.0174002398792 0.0143181740834 0.0219592407195 0.0163236818497 0.0111499154486 -0.0106147207761 0.0573193699803 0.0187592068021 0.03041192472 0.0173822729411 0.0171432098662 0.0016320257773 0.00993336304091 0.00704138672881 0.00908068607799 0.0284397485136 0.0175515741821 0.0112002121434 0.0295191713295 0.0433033015897 
0.0186057938904 0.040797648521 0.0142671267281 0.013772905645 0.00553098237645 0.0209436238876 0.0409158215528 0.0298575304313 0.285974662172 0.00939671745497 0.00577791598328 0.0233091186757 0.0232757514371 0.00377394140554 0.0222161095965 0.0481644220799 0.0149313425577 0.0209143001989 0.0294184902773 0.0143868744671 0.0242890154723 0.0295576423629 -0.00150006580612 0.0209916110437 0.0140660725275 0.00308762795216 0.0184131255843 -0.000497868678585 0.059234684637 0.0282526999059 0.0236817343669 0.00929236066063 0.0127433756296 0.0149092467437 0.0227072015996 0.00729255554915 0.0164651239201 0.0264296889074 0.0220174833693 0.0989290803327 
0.0154513868578 0.0396298993594 0.00429726050766 -0.000110373670683 -0.038305867989 0.00961333086804 0.0241332323055 0.0268786167778 0.00939671745497 0.639333186627 0.00541741872774 0.0093809439142 0.042686287163 0.0100279362084 0.0393945501891 0.0524474448929 0.021987983883 0.0204047896225 0.0403103699665 0.00572260690168 0.0519254695316 0.0446598086781 -0.0027804000719 0.0203516241036 0.0109519811404 0.0293529598566 0.029170732549 -0.00398285275404 0.0422737695179 0.0430694266661 0.0115222053034 0.00785616667036 0.0201571051999 0.0128442087499 0.0285442673836 0.0526439105583 0.0197477316955 0.017852140213 0.0084977478835 0.05457344876 
-0.00345155502178 0.0354836640955 0.00264219434329 0.00602710577564 -0.021441459226 -0.00113589718245 0.0135754472811 0.00398208154929 0.00577791598328 0.00541741872774 0.841423902823 0.0038738768774 0.0357758536781 -0.0119237341077 0.0208902511709 0.022392789152 -0.00243340465962 -0.0125846278464 0.0140694716914 -0.00501318819966 0.0197989950568 0.0166208091659 -0.0107360408418 0.0231752732814 -0.00202700846187 -0.0163231299474 0.00710648689942 -0.00898435424926 0.00457041614034 0.0187115174371 0.00680986799876 -0.0177037091426 -0.00500584283888 -0.00868116358829 -0.00116038748888 0.0576887715812 -0.0087278859625 0.00840193884799 0.00947837305759 0.0486607736825 
0.00216510483677 0.0785020310389 0.0144639627356 0.0022904659655 0.0330947827901 0.0135802208323 0.0209124345994 0.028836867466 0.0233091186757 0.0093809439142 0.0038738768774 1.45100633448 0.0317545404777 0.00944585401895 0.0399762921919 0.0124566750589 0.000824418656577 -0.0125472132476 0.0227847083478 0.00868312365874 0.0210235833146 0.0120526878924 0.00784412098287 0.0236252877072 0.0254058293825 0.0119385734315 0.0322794736658 0.0604343097675 0.0239842003473 0.00321783816297 0.0131938834946 0.0197395008221 0.013610648956 0.0238259409582 0.0163193340438 0.057224588724 -0.00531852858942 0.00587446221189 0.0105782816212 0.0407198147132 
0.0252691995681 0.0761080150009 -0.00528730464043 0.0208496271455 0.0372758043964 0.0260247928441 -0.00926097239027 0.00848374506619 0.0232757514371 0.042686287163 0.0357758536781 0.0317545404777 0.570187322554 0.00464713216691 0.0514377290709 0.0780377149669 0.017201396874 0.0267105525704 0.0355968322208 0.0132834060645 0.0452662077765 0.0543286905583 0.0242747360595 0.0459187115707 0.0167370959662 -0.0100049057408 0.0176890495635 0.0213342269201 0.0277600346581 0.0138271431864 0.0166470528384 0.00657272653855 0.0163397401895 0.0169798120327 0.0383738564795 0.0452226916941 0.0271031020935 0.0338296781208 0.0290082120772 0.0667700465784 
-0.00827776233795 0.0151221667194 0.0243101406575 -0.0103093156806 0.00148173955985 -0.000219515660596 0.00290033631689 0.0139278838247 0.00377394140554 0.0100279362084 -0.0119237341077 0.00944585401895 0.00464713216691 0.236046090016 0.0211910883072 0.017873599163 0.0110895101982 -0.00274168536932 0.0143004776683 0.0200801720521 0.0108238140547 -0.00225544231621 -0.00296875681413 0.0124580119404 0.0228970377766 0.0106078951258 0.00885156736477 -0.0175725537055 0.0168927791328 0.0057956102864 0.021690559548 0.0042652354812 0.00516991888541 0.0143539684617 0.00245699685162 0.0153747011175 0.0203056877853 0.0136257729238 0.00162187584558 0.0019522237578 
0.0668682931654 0.0444360902723 0.00754753466844 -0.00489321624594 0.0296003336455 0.0302875974496 0.0208086643097 0.0136652912778 0.0222161095965 0.0393945501891 0.0208902511709 0.0399762921919 0.0514377290709 0.0211910883072 0.460078744628 0.025011880443 0.0397807081317 0.0128809461797 -0.00360322279808 0.0215524224095 0.0216679693103 0.0132461219283 0.0474528730011 0.000527416034954 0.0259807913664 0.0298642878884 0.0256788703775 0.0247654984953 0.00918494283633 0.0755838046596 0.00606886743367 0.046497195443 0.0132543421429 0.0410580053882 0.0290738499953 0.0322392780401 0.0319537219465 0.0118811127809 0.0335197016393 0.0335779054758 
0.000996986376503 0.0747075248557 0.00218248802955 0.0468238313026 -0.00943218989828 0.021895671713 0.0408070281889 0.0217239423619 0.0481644220799 0.0524474448929 0.022392789152 0.0124566750589 0.0780377149669 0.017873599163 0.025011880443 1.00038401309 0.0127802223056 0.0132605771388 0.023007569633 -0.00808713866003 0.0327018655428 0.0272101456208 0.0158986431025 0.0287203351674 -0.0077610792742 0.000943934474966 0.0529740877277 -0.00585839605743 0.0220700220033 0.0862204094112 0.0135637843629 0.0604631872989 0.029193272437 0.0607053280075 0.0526339035624 0.0540843201067 0.0174049222273 0.00748095172567 0.0182226657338 0.0526985584913 
0.00961167570916 0.0040154789307 0.00765823974969 0.0149859570516 0.0088511538832 0.013192096499 0.0109000148271 0.0172599095784 0.0149313425577 0.021987983883 -0.00243340465962 0.000824418656578 0.017201396874 0.0110895101982 0.0397807081317 0.0127802223056 0.227637006796 0.0104026037951 0.0158367456083 0.0130440422123 0.0161552941745 0.0187663513101 0.00132599430291 0.0109946106665 0.0187321764402 0.00170158625218 0.010447947047 0.0140851208708 0.0297393642525 0.0586189622432 0.00521603869566 0.00691321948955 0.00344553383413 0.0134639752677 0.0195914673052 0.0403461386632 0.0194715605259 0.00613282294427 0.0038997403912 0.0236371752296 
0.0973893746717 0.0706381808834 0.010423016802 0.0174145617891 0.0183723053744 0.00244510036261 0.0236777434535 0.0172704173092 0.0209143001989 0.0204047896225 -0.0125846278464 -0.0125472132476 0.0267105525704 -0.00274168536932 0.0128809461797 0.0132605771388 0.0104026037951 0.456952181286 0.0088582938596 0.0213298093739 0.023971331127 0.026356679101 0.113596117847 -0.000443476463057 0.0199576185041 0.00311331727935 0.0536779668407 0.0197022406882 0.0116547133679 0.0291148756585 1.7149163098e-05 0.0107751227723 -0.000247386684359 0.0108239257105 0.0121256184022 0.0215252056816 0.0665442450405 -0.0104888045008 0.0121379308528 0.0869140975712 
0.00678668603632 0.00554800407605 0.0160949196799 0.0333046463716 0.0206596503193 0.00493442204398 0.0188089463464 -0.0055430954009 0.0294184902773 0.0403103699665 0.0140694716914 0.0227847083478 0.0355968322208 0.0143004776683 -0.00360322279808 0.023007569633 0.0158367456083 0.0088582938596 0.305877295586 0.0179410153651 0.0171819748897 0.0388915485642 -0.00375832722436 0.0134962600193 0.0220839112398 -0.00836541509863 0.0202029277061 -0.021617146481 0.0226001615668 0.0103393049098 0.0258228770788 0.0309605009855 0.0163766364319 0.00960339971339 0.0124513519738 -0.00209564699796 0.0113622975933 -0.00337110349803 0.0237357003164 0.0424348902009 
0.041942637672 0.0111368422675 0.0459986612024 0.0127455272491 0.00369280597567 0.0110929169606 0.0109424415935 0.00449292350891 0.0143868744671 0.00572260690168 -0.00501318819966 0.00868312365874 0.0132834060645 0.0200801720521 0.0215524224095 -0.00808713866003 0.0130440422123 0.0213298093739 0.0179410153651 0.178642007284 0.017995704536 0.0104412311553 0.0187945663125 0.0118063734802 0.0511826316784 0.00349215557199 0.00965613251778 -0.00294653376842 0.0163935034653 0.0101862971354 0.00720191419662 0.0119835863949 -0.00249148739701 0.00374380570895 0.00128809939046 0.0126372844332 0.0169334597097 0.0169220750474 0.00227737379179 0.0134518987898 
0.00767929380486 0.0583426452395 0.00872159218388 -0.000447085703841 0.0120468749171 0.0189618378926 0.0499969647009 0.0174002398792 0.0242890154724 0.0519254695316 0.0197989950568 0.0210235833146 0.0452662077765 0.0108238140547 0.0216679693103 0.0327018655428 0.0161552941745 0.023971331127 0.0171819748897 0.017995704536 0.21470768892 0.0310834305247 0.0130336376886 -0.000704053071984 0.0197264083369 0.0307793973167 0.0152610435575 0.00319559160743 0.0502815361487 0.0136550039802 0.0104535349211 0.0182251326491 0.0170309663063 0.0191944001473 0.0101408923809 0.022220176048 0.0194515798877 0.0168385916697 0.0233191833686 0.0300285089708 
0.00249821786437 0.043153650025 0.00855222304159 0.0306238121589 0.00839976665055 0.00918293892076 0.0225149716031 0.0143181740834 0.0295576423629 0.0446598086781 0.0166208091659 0.0120526878924 0.0543286905583 -0.00225544231621 0.0132461219283 0.0272101456208 0.0187663513101 0.026356679101 0.0388915485642 0.0104412311553 0.0310834305247 0.398764275436 0.0141273761276 0.0184850835847 0.0209903316566 0.0145769037665 0.00141913977841 0.015523764775 0.0416900409918 0.0259742855798 0.00779285283724 0.01492793973 0.0202406119945 -0.00144092112525 0.0171490574691 0.0140838755147 0.0330757415112 0.0266312888259 0.0141862459636 0.0851361989643 
0.0487363669564 0.0429538963153 0.0188977304368 -0.0139078694024 0.00479451731503 -0.00416178585908 0.030856972133 0.0219592407195 -0.00150006580612 -0.00278040007191 -0.0107360408418 0.00784412098287 0.0242747360595 -0.00296875681413 0.0474528730011 0.0158986431025 0.00132599430292 0.113596117847 -0.00375832722436 0.0187945663125 0.0130336376886 0.0141273761276 0.343840887205 -0.0244686750991 0.0284622481125 0.0219737505174 0.00873703622935 0.00651820633486 -0.00840636827924 0.0186982381788 0.00131609192668 0.00932591602272 0.00489158576922 -0.00163652655613 -0.00123597408207 0.00966418224271 0.074428557305 -0.00573398934211 0.0307667286148 0.0226205879706 
-0.00336200916041 0.036431229208 0.00189731265136 0.0348052706859 0.0270900225877 0.0207125875488 0.0161734909211 0.0163236818497 0.0209916110437 0.0203516241036 0.0231752732814 0.0236252877072 0.0459187115707 0.0124580119404 0.000527416034954 0.0287203351674 0.0109946106665 -0.000443476463055 0.0134962600193 0.0118063734802 -0.000704053071987 0.0184850835847 -0.0244686750991 0.292625076953 -0.00676490257195 0.0394668016762 0.0013587060121 -0.000904665474041 0.0295005137755 0.009400285848 0.0194227907933 0.0157221894404 0.0139303423342 0.00896841478702 0.00264338949024 0.0260770113188 0.00495880182326 0.00402507575582 0.0161039642088 0.0417252259426 
0.0307575902825 0.00925771452279 0.0486463391213 0.00820272578497 0.0148572116049 0.0125121733428 0.0145942966265 0.0111499154486 0.0140660725275 0.0109519811404 -0.00202700846187 0.0254058293825 0.0167370959662 0.0228970377766 0.0259807913665 -0.0077610792742 0.0187321764403 0.0199576185041 0.0220839112398 0.0511826316784 0.0197264083369 0.0209903316566 0.0284622481125 -0.00676490257196 0.192424837307 0.000468697873355 0.000660409360213 -0.0185950586458 0.0115854686749 0.00693812260763 0.0112384736105 0.0177349395825 0.0030271783576 0.00172142517682 0.0158506543412 0.0195096843023 0.041315065467 0.0276587443353 0.0234142376518 0.0316182622847 
0.00226317450003 0.0820298776468 0.00490189018949 -0.00362708485222 0.0166542000834 0.0134405030284 -0.0123379390942 -0.0106147207761 0.00308762795216 0.0293529598566 -0.0163231299475 0.0119385734315 -0.0100049057408 0.0106078951258 0.0298642878884 0.000943934474963 0.00170158625217 0.00311331727935 -0.00836541509863 0.00349215557199 0.0307793973167 0.0145769037665 0.0219737505174 0.0394668016762 0.000468697873352 0.789256760783 0.0766008928029 -0.00295760438757 -0.00745758699708 0.00218003761413 -0.00380264902788 -0.00346396214284 0.00582509092412 0.0364349017588 0.0141828150745 0.00428527686236 0.0521002506247 0.0146945299268 0.0250151267215 0.030560421177 
0.00478452531451 0.0657071866516 0.00417235014477 0.0038410594633 0.0143401668847 0.0295452035604 0.0276779635898 0.0573193699803 0.0184131255843 0.029170732549 0.00710648689942 0.0322794736658 0.0176890495635 0.00885156736477 0.0256788703775 0.0529740877277 0.010447947047 0.0536779668407 0.0202029277061 0.00965613251777 0.0152610435575 0.00141913977841 0.00873703622935 0.0013587060121 0.000660409360221 0.0766008928029 0.334928668447 -0.00312282887378 0.0408958645108 0.0221323521178 0.014341294151 0.0118258723772 0.0156867092244 0.00296423174936 0.0174990615155 0.0248438168363 0.0280415158258 0.0161333942213 0.0219711382273 0.0349997113772 
-0.0209682500676 0.0428411732564 -0.0177439357059 0.0783963968215 0.00716759165818 0.0076066052773 -0.00289547024947 0.0187592068021 -0.000497868678585 -0.00398285275404 -0.00898435424926 0.0604343097675 0.0213342269201 -0.0175725537055 0.0247654984953 -0.00585839605743 0.0140851208708 0.0197022406882 -0.021617146481 -0.00294653376843 0.00319559160743 0.015523764775 0.00651820633486 -0.000904665474042 -0.0185950586458 -0.00295760438757 -0.00312282887378 2.98828155476 0.0103732910326 1.84242803547e-05 0.00445813190502 -0.0151175172279 -0.000635625128465 -0.0133353881449 0.00240956046481 0.00500473825002 -0.032482206596 0.0065999129344 -0.00122681971878 0.0112432166504 
0.0426054332112 0.0496292027572 0.0161981431627 0.0107136774391 0.00952958123671 0.029238586118 0.0357344167479 0.0304119247199 0.059234684637 0.0422737695179 0.00457041614034 0.0239842003473 0.0277600346581 0.0168927791328 0.00918494283632 0.0220700220033 0.0297393642525 0.0116547133679 0.0226001615668 0.0163935034653 0.0502815361487 0.0416900409918 -0.00840636827924 0.0295005137755 0.011585468675 -0.00745758699708 0.0408958645108 0.0103732910326 0.284331143819 0.0116214573335 0.0271786408064 0.02141436004 0.027110095232 0.0258628267051 0.0144902625639 0.0288142439784 0.0109731284627 0.0490592142467 0.0286352555292 0.0617042106339 
-0.0268532847231 0.0586849384023 0.000763327525552 0.0275363560524 0.0074856661027 0.0344070676255 0.0046689398084 0.0173822729411 0.0282526999059 0.0430694266661 0.0187115174371 0.00321783816297 0.0138271431864 0.0057956102864 0.0755838046596 0.0862204094112 0.0586189622432 0.0291148756585 0.0103393049098 0.0101862971354 0.0136550039802 0.0259742855798 0.0186982381788 0.009400285848 0.00693812260764 0.00218003761413 0.0221323521178 1.84242803553e-05 0.0116214573335 0.377147978114 0.0194791641989 -0.00506284004182 0.0142264892447 0.0295052484969 0.0105469212557 0.0627933779751 0.0160084718305 -0.0189264178933 0.0170077069927 0.0600886078826 
-0.0114560664716 0.0324249151953 -0.00569529061824 0.0156272062025 0.00421608470605 0.0144937481929 0.0267451676854 0.0171432098662 0.0236817343669 0.0115222053034 0.00680986799876 0.0131938834946 0.0166470528384 0.0216905595479 0.00606886743367 0.0135637843629 0.00521603869562 1.71491630918e-05 0.0258228770788 0.00720191419665 0.0104535349211 0.00779285283725 0.00131609192669 0.0194227907933 0.0112384736105 -0.00380264902788 0.014341294151 0.00445813190502 0.0271786408064 0.0194791641989 0.201125660768 0.00340281525861 0.0179420884192 0.0230156089755 0.0109538403036 0.0240985583666 0.0217825326038 0.0123767575852 0.0126727952819 0.0418973992618 
0.0262977338715 0.010779697401 0.0184493736813 0.0214536842474 0.0428058768792 0.00857886918886 -0.00613872596885 0.0016320257773 0.00929236066063 0.00785616667036 -0.0177037091426 0.0197395008221 0.00657272653854 0.00426523548121 0.046497195443 0.0604631872989 0.00691321948954 0.0107751227723 0.0309605009855 0.0119835863949 0.0182251326491 0.01492793973 0.00932591602272 0.0157221894404 0.0177349395825 -0.00346396214284 0.0118258723772 -0.0151175172279 0.02141436004 -0.00506284004182 0.0034028152586 0.280285053656 0.0220677053641 0.0267284541771 0.00421073332875 0.00384314675766 0.0195744783603 0.0168148345954 0.0221076007914 0.00170666112586 
-0.00200609094985 0.0215796334117 -0.000196518777499 0.00916860544807 0.00279114441919 0.0246128234768 0.0236904574209 0.00993336304095 0.0127433756296 0.0201571051999 -0.00500584283888 0.013610648956 0.0163397401896 0.00516991888538 0.0132543421429 0.029193272437 0.00344553383417 -0.000247386684343 0.0163766364319 -0.00249148739701 0.0170309663062 0.0202406119945 0.00489158576921 0.0139303423341 0.00302717835742 0.00582509092413 0.0156867092244 -0.000635625128465 0.027110095232 0.0142264892447 0.0179420884193 0.0220677053641 0.164676778274 0.0217636487443 0.0100227932181 0.00138112791025 0.00957518031425 0.00605065541365 0.00826707128147 0.0200609661596 
0.00769144726612 0.0282398453257 -0.00167605436715 -0.00613199821014 0.0214446762616 0.0279813011935 0.0221739707718 0.0070413867288 0.0149092467437 0.0128442087499 -0.00868116358829 0.0238259409582 0.0169798120327 0.0143539684617 0.0410580053882 0.0607053280075 0.0134639752677 0.0108239257105 0.00960339971339 0.00374380570895 0.0191944001473 -0.00144092112525 -0.00163652655613 0.00896841478702 0.00172142517683 0.0364349017588 0.00296423174936 -0.0133353881449 0.0258628267051 0.0295052484969 0.0230156089755 0.0267284541771 0.0217636487443 0.488045175296 0.0086368846142 0.0247185995682 0.00874207728163 0.0315987830795 0.0212184449105 0.0536386340932 
-0.00357249593094 0.0314362743945 0.00658554249707 0.0131487787541 0.0294419806918 0.0130002053856 0.0222235981768 0.00908068607798 0.0227072015996 0.0285442673836 -0.00116038748888 0.0163193340438 0.0383738564795 0.00245699685162 0.0290738499953 0.0526339035624 0.0195914673052 0.0121256184022 0.0124513519738 0.00128809939047 0.0101408923809 0.0171490574691 -0.00123597408207 0.00264338949024 0.0158506543412 0.0141828150745 0.0174990615155 0.00240956046481 0.0144902625639 0.0105469212557 0.0109538403036 0.00421073332875 0.0100227932181 0.0086368846142 0.246094866829 0.0165881154249 0.017243824747 0.011824140583 -0.00848338995935 0.0407046779743 
-0.00652607427298 0.0355134340007 0.00917250089761 0.0226748648567 0.0220867719742 0.0149525793338 0.0288465983702 0.0284397485136 0.00729255554915 0.0526439105583 0.0576887715812 0.057224588724 0.0452226916941 0.0153747011175 0.0322392780401 0.0540843201067 0.0403461386632 0.0215252056816 -0.00209564699796 0.0126372844331 0.022220176048 0.0140838755147 0.00966418224271 0.0260770113188 0.0195096843023 0.00428527686236 0.0248438168363 0.00500473825002 0.0288142439784 0.0627933779751 0.0240985583666 0.00384314675766 0.00138112791028 0.0247185995682 0.016588115425 0.299594535888 0.020891368276 0.00531673192536 0.0389403012909 0.0432876794575 
0.00957487693504 0.0464085677101 0.0544823843335 0.00963973599395 0.0100691400023 0.0146528622223 0.0349593165115 0.0175515741821 0.0164651239201 0.0197477316955 -0.0087278859625 -0.00531852858942 0.0271031020935 0.0203056877853 0.0319537219465 0.0174049222273 0.0194715605259 0.0665442450405 0.0113622975933 0.0169334597097 0.0194515798877 0.0330757415112 0.074428557305 0.00495880182326 0.041315065467 0.0521002506247 0.0280415158258 -0.032482206596 0.0109731284627 0.0160084718305 0.0217825326038 0.0195744783603 0.00957518031426 0.00874207728163 0.017243824747 0.020891368276 0.730384711231 0.0133757825668 0.0165378053349 0.0484310493087 
0.0207734733526 0.0323719476365 0.0201966816761 0.0338126674996 0.0153277879425 0.0175945516939 0.00964683546712 0.0112002121435 0.0264296889074 0.017852140213 0.00840193884799 0.00587446221189 0.0338296781208 0.0136257729238 0.0118811127809 0.00748095172567 0.00613282294426 -0.0104888045008 -0.00337110349803 0.0169220750474 0.0168385916697 0.0266312888259 -0.00573398934212 0.00402507575582 0.0276587443353 0.0146945299268 0.0161333942213 0.0065999129344 0.0490592142467 -0.0189264178933 0.0123767575852 0.0168148345954 0.0060506554137 0.0315987830795 0.011824140583 0.00531673192535 0.0133757825668 0.213768657823 0.0155430566488 0.034942055462 
0.00344352703885 0.0551796643642 0.0148296887252 0.0441328997563 0.0161358788953 0.0222922109765 0.0240180895582 0.0295191713295 0.0220174833693 0.0084977478835 0.00947837305759 0.0105782816212 0.0290082120772 0.00162187584558 0.0335197016393 0.0182226657338 0.0038997403912 0.0121379308528 0.0237357003164 0.0022773737918 0.0233191833686 0.0141862459636 0.0307667286148 0.0161039642088 0.0234142376518 0.0250151267215 0.0219711382273 -0.00122681971878 0.0286352555292 0.0170077069927 0.0126727952819 0.0221076007914 0.00826707128146 0.0212184449105 -0.00848338995935 0.0389403012909 0.0165378053349 0.0155430566488 0.337915267541 0.0390068111731 
0.00046104782654 0.118791708538 0.0151293423593 0.0419799700035 0.0228948154796 0.0454249823446 0.0862312810139 0.0433033015897 0.0989290803327 0.05457344876 0.0486607736825 0.0407198147132 0.0667700465784 0.0019522237578 0.0335779054758 0.0526985584913 0.0236371752296 0.0869140975712 0.0424348902009 0.0134518987898 0.0300285089708 0.0851361989643 0.0226205879706 0.0417252259426 0.0316182622847 0.030560421177 0.0349997113772 0.0112432166504 0.0617042106339 0.0600886078826 0.0418973992618 0.00170666112586 0.0200609661596 0.0536386340932 0.0407046779743 0.0432876794575 0.0484310493087 0.034942055462 0.0390068111731 0.616473046983 

['VIA.B', 'ATI', 'PCG', 'ADCT', 'HUM', 'MTG', 'JNS', 'MWV', 'TROW', 'MU', 'CVG', 'NAV', 'LSI', 'HSY', 'GILD', 'MNST', 'GD', 'BHI', 'EMC', 'PNW', 'APD', 'HPQ', 'MUR', 'YUM', 'TE', 'SYK', 'LPX', 'ANDW', 'STT', 'GR', 'WMT', 'AMGN', 'IBM', 'HSP', 'EDS', 'ASD', 'EP', 'CMA', 'SWK', 'ET']