20
0.0752984700253 0.0715007016099 0.0378808118353 0.0316848802341 0.188050706821 0.0359279599811 0.0414012394119 0.0820701074714 0.0304536481296 0.0784336943662 0.103194060275 0.142835786571 0.0486959213786 0.0592302274211 0.0179151897049 0.0612619406497 0.0447966226616 0.0770368317024 0.265107550494 0.0271794955288 
0.500611390086 0.0336530726552 0.0248249859449 0.0331166424093 0.0512959866829 0.0294399017301 0.00848085108537 0.0254317699336 0.020272843059 0.00159610910415 0.0302545152661 -0.0306288927458 0.0447898844926 0.00530057043231 0.01850665454 0.00987938389204 0.0378192925968 0.0214441776798 0.00254804054643 0.0218056519492 
0.0336530726552 0.588714818427 0.00793647322102 0.0112617934875 0.017971254933 0.00240012491662 0.0117241598016 0.00599921604069 0.0159104380191 -0.00148773042761 0.00706905544536 0.00655189718665 0.0288148710759 0.0167363575249 0.0125517097706 0.00100547333765 0.0158845905062 0.0833430105907 -0.00582644583845 -0.00217873748924 
0.0248249859449 0.00793647322102 0.204734427743 0.0353275470068 0.0124094576458 0.0180725985601 0.0218038621703 0.0228686870704 0.0386896671415 0.0119804417665 0.0289965996743 0.0360673132771 0.0464366573764 0.0199441134917 0.00752504014586 0.0262151182192 0.0231580718904 0.00356204016498 0.00841410304769 0.0219995810342 
0.0331166424093 0.0112617934875 0.0353275470068 0.181201440307 0.0225591198426 0.0216950525296 0.0186257545355 0.0256523195743 0.0376431189434 0.011050422831 0.0162370367821 0.00336851978893 0.0329325930853 0.0280590844136 0.0140278774696 0.0124710352808 0.0285621397746 0.0190257140071 -0.00194297450434 0.0173022883229 
0.0512959866829 0.017971254933 0.0124094576458 0.0225591198426 1.01041323477 0.0209864294958 0.0128662568573 0.0203018924474 0.032315250464 0.00329420779624 0.152080142739 -0.013800670505 0.0246863190679 0.0302532155985 0.00268214879114 0.0435731671411 0.0516485868922 0.00799843614729 -0.00537867173244 0.00805746886477 
0.0294399017301 0.00240012491662 0.0180725985601 0.0216950525296 0.0209864294958 0.241817653894 0.0171504469989 0.0357795996422 0.015294705005 0.00234349162414 0.0209077222857 0.0114275406385 0.0101082618846 0.0147872936544 0.00510974716438 0.0181503274899 0.0297056960664 0.0177620862317 0.0141084063022 0.0152892474145 
0.00848085108537 0.0117241598016 0.0218038621703 0.0186257545355 0.0128662568573 0.0171504469989 0.251162319597 0.00794145418058 0.0417435718753 0.0137007143491 0.018836806172 0.00026956295856 0.0217195839634 0.0130562903535 0.0194404779661 0.0222309235235 0.0412413598349 0.0143202638237 -0.00759655279946 0.0122025574417 
0.0254317699336 0.00599921604069 0.0228686870704 0.0256523195743 0.0203018924474 0.0357795996422 0.00794145418058 0.492690792801 0.029153771383 0.0148714552397 0.0325780511657 -0.00115278480242 0.0388763871449 0.0195346744156 0.0111488690122 0.0155252244496 0.0507913382564 0.0334223668658 0.0358502334766 0.0386074604323 
0.020272843059 0.0159104380191 0.0386896671415 0.0376431189434 0.032315250464 0.015294705005 0.0417435718753 0.029153771383 0.226900926325 0.013422839079 0.0231650475585 0.00384273076098 0.0630023885333 0.0296638468666 0.0183988321961 0.0252055145709 0.0253048477324 0.0148397414574 -0.00662657660065 0.0144387556272 
0.00159610910415 -0.00148773042761 0.0119804417665 0.011050422831 0.00329420779624 0.00234349162414 0.0137007143491 0.0148714552397 0.013422839079 0.37668135411 0.028700645275 -0.00784644954836 0.0346572200527 0.0323304632007 0.00928857235069 0.0214198657496 0.02673230015 -0.00330343189791 0.00306275832556 0.0276785662149 
0.0302545152661 0.00706905544536 0.0289965996743 0.0162370367821 0.152080142739 0.0209077222857 0.018836806172 0.0325780511657 0.0231650475585 0.028700645275 0.565207205116 0.0214819764898 0.0451060162389 0.0529895726464 0.0333254170706 0.0384684014098 0.0585324233369 0.00841969012864 0.0393228951569 0.0156394006394 
-0.0306288927458 0.00655189718665 0.0360673132771 0.00336851978893 -0.013800670505 0.0114275406385 0.00026956295856 -0.00115278480242 0.00384273076098 -0.00784644954836 0.0214819764898 1.25337007889 0.00112708372992 0.000403741834679 0.0603502987238 0.0124660279259 0.0324582084567 -0.00254245245182 -0.00589094246755 -0.0146277426802 
0.0447898844926 0.0288148710759 0.0464366573764 0.0329325930853 0.0246863190679 0.0101082618846 0.0217195839634 0.0388763871449 0.0630023885333 0.0346572200527 0.0451060162389 0.00112708372992 0.218767722673 0.0142420223256 0.0116980234001 0.0214525620478 0.033658122972 0.0109156220907 0.0176647948713 0.0447307087397 
0.00530057043231 0.0167363575249 0.0199441134917 0.0280590844136 0.0302532155985 0.0147872936544 0.0130562903535 0.0195346744156 0.0296638468666 0.0323304632007 0.0529895726464 0.000403741834679 0.0142420223256 0.34741423537 0.00492218793489 0.0196489924162 0.0101778237897 0.0263667106699 -0.0241827132051 0.0134684076145 
0.01850665454 0.0125517097706 0.00752504014586 0.0140278774696 0.00268214879114 0.00510974716438 0.0194404779661 0.0111488690122 0.0183988321961 0.00928857235069 0.0333254170706 0.0603502987238 0.0116980234001 0.00492218793489 0.310725717403 0.00407251929831 0.0238594158794 0.00379132519861 -0.0147989743925 0.0104623208742 
0.00987938389204 0.00100547333765 0.0262151182192 0.0124710352808 0.0435731671411 0.0181503274899 0.0222309235235 0.0155252244496 0.0252055145709 0.0214198657496 0.0384684014098 0.0124660279259 0.0214525620478 0.0196489924162 0.00407251929831 0.373492005836 0.027291641476 0.0231506760183 0.0077152207716 0.0074857461139 
0.0378192925968 0.0158845905062 0.0231580718904 0.0285621397746 0.0516485868922 0.0297056960664 0.0412413598349 0.0507913382564 0.0253048477324 0.02673230015 0.0585324233369 0.0324582084567 0.033658122972 0.0101778237897 0.0238594158794 0.027291641476 0.282519990526 0.00954025774451 0.00594135377462 0.0335335367871 
0.0214441776798 0.0833430105907 0.00356204016498 0.0190257140071 0.00799843614729 0.0177620862317 0.0143202638237 0.0334223668658 0.0148397414574 -0.00330343189792 0.00841969012864 -0.00254245245182 0.0109156220907 0.0263667106699 0.00379132519862 0.0231506760183 0.00954025774452 0.342662726927 0.00235967119274 0.0150904926482 
0.00254804054643 -0.00582644583845 0.00841410304769 -0.00194297450434 -0.00537867173244 0.0141084063022 -0.00759655279946 0.0358502334766 -0.00662657660065 0.00306275832556 0.0393228951569 -0.00589094246756 0.0176647948713 -0.0241827132051 -0.0147989743925 0.0077152207716 0.00594135377462 0.00235967119274 2.9905131122 -0.000803723708026 
0.0218056519492 -0.00217873748924 0.0219995810342 0.0173022883229 0.00805746886477 0.0152892474145 0.0122025574417 0.0386074604323 0.0144387556272 0.0276785662149 0.0156394006394 -0.0146277426802 0.0447307087397 0.0134684076145 0.0104623208742 0.0074857461139 0.0335335367871 0.0150904926482 -0.000803723708026 0.235350900452 

['STJ', 'FSH', 'LNC', 'PFG', 'MNST', 'GD', 'EOP', 'SBUX', 'FHN', 'MHS', 'VMC', 'THC', 'JPM', 'TSG', 'SVU', 'QLGC', 'MAR', 'KG', 'ANDW', 'WYE']