100
0.0669692816613 0.104903250727 0.080285366307 0.0388313797841 0.0631385093148 0.162626926374 0.0153161335694 0.019144788815 0.103194060275 0.15717092416 0.0612619406497 0.0559384191954 0.0754225878746 0.0446705301477 0.018453974145 0.188050706821 0.0266110290159 0.0451551332239 0.039859092222 0.0726136826411 0.114001255301 0.106366385329 0.360667625942 0.0832698050771 0.123612909007 0.0424048973372 0.0646745186267 0.0268988212896 0.0192488530763 0.107116270008 0.043075945187 0.121001700606 0.100974868985 0.0389775871913 0.0470472683343 0.0128714932266 0.0180781461794 0.107238949757 0.135299445153 0.0502759777883 0.0210495138202 0.0352458247454 0.242072249725 0.15397042743 0.0298565853869 0.0911559741232 0.0988670942005 0.132143501856 0.025657065471 0.0254158643172 0.0429032651101 0.0936563270582 0.0266042550295 0.0785675118811 0.0299059053764 0.0584548507687 0.110625092132 0.060830846045 0.023015295127 0.0434942638749 0.116792266476 0.0576577356707 0.0354646018646 0.0220144037379 0.0528259349661 0.0144645316835 0.00422555400052 0.0592302274211 0.0184249616408 0.101481112582 0.0396471392927 0.102128665084 0.0692922129373 0.015652967587 0.0256056876134 0.0324915821016 0.0335346879574 0.0248608942987 0.0716450377603 0.140066530531 0.0374431650663 0.0377827405953 0.0952892642352 0.0256345374975 0.0425593974561 0.0442318588416 0.0565518641406 0.026417897889 0.126958151155 0.127416862275 0.0272696759741 0.0722101641432 0.0246645675501 0.143796644659 0.0412963652708 0.0487859931196 0.029419367 0.0909027791802 0.0340754658053 0.0267965440056 
0.455367165797 0.00678742050503 0.0417987750567 0.0219419474787 0.0223860000631 0.00503544625126 0.00140418601032 0.0163440727085 0.00764688416712 0.0399365964003 0.00414866790645 0.00590839923275 -0.00154533846997 0.0355306411085 -0.00748263740559 0.0200526231241 -0.00903837680794 0.0216309449858 0.0175644206568 0.0314393001655 -0.00928041924884 -0.00989232607971 0.0364121500463 0.0054674177562 0.0192565878373 0.0102293604647 0.00991176756308 -0.00160531757562 0.0129715648281 0.0193375911967 0.0306350509246 -0.00735346051714 0.0272142659049 0.0147417240392 0.0221774470874 -0.00210159422056 0.00942670877442 0.0162595213492 0.00413758191486 0.0200385911702 0.00697727665999 0.0138954782942 0.0596305224796 0.0142083064072 0.0184473934264 0.0263075719041 0.0184081783268 0.0334457121214 -0.00535843852751 0.0100340809057 0.0271091937431 0.0139856269101 0.00600738767957 0.0176613651593 0.0260846764879 0.0113043361217 0.0476619101394 0.0216109886753 0.0131600513815 0.029211548752 0.0217047235874 0.0222975126336 0.0128166647276 -0.00128382129033 0.03035431219 -0.0118900580048 0.0316274007218 0.0103870966656 0.011375022991 0.0300502933421 0.0105822656879 0.0397663307148 0.0226239241718 0.0161404793956 0.000572001722156 0.0274848462898 0.00614384352471 0.00709705319239 0.00670070033351 0.0565662744155 0.0192847976817 0.00465301986445 0.0201625848498 0.0199394893772 0.0136989206507 0.019990941018 0.00602053366174 0.0317531238131 0.0306486824049 0.00639039595956 0.00341243311824 0.0285951934918 0.00418182136386 0.0547698260487 0.00258840063247 0.0067702261586 -0.00253577167565 -0.0291488504372 0.0187023143517 0.00779481938716 
0.00678742050503 0.443104500795 0.0356393015552 0.0100394195671 0.0217610294689 0.0558824106107 -0.00622808222417 0.0173021162963 0.0238198656396 0.0592044452062 0.00495463951377 0.0363737765428 0.038391987438 0.00326229639163 0.0187926050292 0.0490326093251 0.0158612707194 0.0107502450029 0.0292678004828 0.0213682610056 0.0112268622579 0.0199968559821 0.0493309588609 0.00636812321777 -0.00330600300913 0.0171056676447 0.0108208642383 0.00736719329148 0.00712695244923 0.0450959710458 0.0163482232425 0.0164279329244 0.0050951190529 0.0209189415958 0.0137624151268 0.015251917252 0.020554818888 0.0356910345971 0.0266932080467 0.0159151022272 0.0176691817957 0.00852872325818 0.049306549239 0.0364587917309 0.0159615330584 0.0383332825831 0.035787668308 0.0418424816155 0.017109165677 0.0130121746988 0.0169637509369 0.0355873699835 0.0144552463357 0.0211541684194 0.0178124618309 0.0393016170111 0.0377926287968 0.0175732955073 0.0120304907438 0.0338740205544 0.0313118778053 0.0274637164832 -0.0161386377183 0.0064262291454 0.0251365362054 -0.00466354807931 0.0105176075051 0.0145382047971 0.0190998913931 0.0158933253198 -0.00418189266848 0.0313161534781 0.01745046636 0.0237833362014 0.00167104624251 -0.00374107546983 -0.00282898468988 0.0228748570525 0.0252662612132 0.0272819772842 0.00676476662201 0.0209909065001 0.0210518756647 0.0244031575892 0.0160688923157 0.0361214278074 0.0166598077519 0.0307199486167 0.0102988368835 0.0146319081055 0.0294924795302 0.0159331276658 0.024554882236 0.0479794845921 0.0128995700331 0.0115832107166 -0.00345842917164 0.0178928204007 0.00661184781371 0.0228750187577 
0.0417987750567 0.0356393015552 0.377326071657 0.0118861590957 0.016627161265 0.0930063707829 0.00160016798151 0.0192463901888 0.0633490299214 0.0275271793022 0.00615379286312 -0.000418964646676 0.0247302071271 0.00155996830586 0.00798334542544 0.151412203696 0.0219460964068 0.00934681394999 -0.00569705214081 0.020871777153 -0.0114453934413 -0.0160935787661 0.0207188876713 0.00217006896005 0.0120175735345 0.0117332706127 -0.000973864656567 0.00585204796615 0.0170654759033 0.0230137307882 0.0108763726022 -2.93353777866e-06 0.0153903995402 0.00946733864633 0.0173250949688 -0.00421871174099 0.00860643643771 0.0178036303791 0.0272069121699 0.0180119703475 0.0365051357668 0.000812700892629 0.0401991253754 0.00174153267412 -0.00145554879698 0.0375280624703 0.0442203602952 0.0131430460216 0.0182703492906 0.0219384839965 0.0493982336635 0.00964040086701 0.0143293046422 0.0106439895795 0.00441411388404 0.013430420942 0.00615374999656 0.000277094049645 0.00686549787141 0.0171199804805 0.0219292328441 -0.00238088499287 0.00811981251306 0.00461341324676 -0.000868823351357 0.00120899492567 -0.000886247490786 0.00814747756681 0.0138855084829 0.0138139458079 0.000775329292425 0.0249709076162 0.047860587907 0.0322892036756 0.016385589982 0.0152119011871 0.00105279111374 0.0138102184804 0.0101854876256 0.00760057743994 0.0164717444617 0.0101889128967 0.0119368938135 0.00865844633276 0.010793306933 0.0188866450549 0.0106811768023 0.0298484815606 0.0171384463428 0.0182006300677 0.0111528909116 0.0251534403699 0.0155224527264 0.0266863061607 -0.0118433844371 -0.000166251059174 -0.00474118566964 0.0101111796063 0.0214998325984 0.0121667166825 
0.0219419474787 0.0100394195671 0.0118861590957 0.383334685272 0.0268358844866 0.00368605767905 -0.00317298248822 0.0397590695599 0.0508592822489 0.00152700190427 0.0176925153499 0.0138325179668 0.0160119095947 0.0143643110908 0.00141558227807 0.0112568190937 0.00216173476945 0.0218055739322 0.057669042723 0.0183843863842 0.00762989187691 0.012989581108 0.0581837397256 0.00150421307951 0.024220888022 0.0153587848245 0.0109037575547 0.00209756569116 0.00519333560717 0.000724669857734 -0.0114773368894 -0.0072851057237 0.0567361798697 -0.00141679682612 0.0115900413594 0.00340289336456 -0.000449392836982 0.00743912746129 -0.00450978423362 -0.016786916259 0.0196318449568 0.00964978970993 -0.000885820365147 0.0037294238157 0.00179444388479 0.0400094621473 0.0400401066958 0.0136334069907 0.00734722168252 0.00878631604475 0.00731518497546 0.0244098915708 0.0218680312911 0.0157944488802 0.0132142559243 0.0188438188066 0.0175304959883 0.0237955477296 0.00822231654896 0.00135769803093 -0.000178580238952 0.013726217472 0.0101871249937 0.0155675979938 -0.00119123909059 -0.00788225423836 0.0069592087197 0.00466280391842 0.0135001601092 0.0126714267956 0.0165093074149 0.0194762387923 0.0198354286664 0.0218180239362 0.00549138687508 0.0199519611036 -0.00429828039217 0.00873977503653 -0.000961357272639 0.0129593680274 0.00853539420067 0.0143925120303 -0.016045921449 0.0104401446689 0.041747703481 -0.00424852648364 0.0246471449138 0.0121729586276 0.026704602114 0.00662220182982 0.00839475210549 0.0131464454825 0.00203749570052 0.0241568972021 -0.00404084989521 0.00693990593864 0.00548663121921 0.00565204834739 0.0116541701459 0.00418943349591 
0.0223860000631 0.0217610294689 0.016627161265 0.0268358844866 0.320662837837 0.0221937505568 0.0122643410135 0.0131381099441 0.0339530751199 0.0328569919159 0.0601297047704 0.0113366108418 0.0222543604223 0.00356282936532 0.0105218032134 0.00267762829812 0.0143012288445 -0.00750035010904 0.0184237820923 0.0453557860544 -0.0063308269588 0.00865285970963 0.0637204843062 0.0244095051927 0.0240280109445 0.000305849388178 0.00268913555246 0.0123455116595 -0.00578974274968 0.0569362131766 0.0107324792161 -0.00331966282844 0.0196440525353 -0.00146024386962 0.0117404887879 -0.00246680958407 -0.0109506209032 0.0635292328134 0.0262310759782 0.0176031336126 0.015810609676 0.00920164006119 0.0314588555462 -0.00241027795102 0.00166122617768 0.0306591898601 0.0239588614259 0.0258584561726 -0.00471426866072 0.0151118440046 0.0115013560671 0.0130109849491 0.0455299593611 0.0237876520851 -0.00341937458035 0.0127777471573 0.00893938199444 0.02241918485 -0.0054872853562 0.0336293668422 0.0143565389314 0.00452338965206 0.00314502853662 0.0102189252806 -0.00802544824903 0.0208166075938 0.0023438151959 0.015277503007 0.00147110849523 -0.0063008420992 0.00215336811025 0.0270793631464 0.0235411174157 0.00724862431001 0.00966970000776 0.00233161157486 0.0104247426366 0.0259172528888 0.0104060642234 0.0123277108106 0.0150291668931 0.00760589822123 0.0169131331787 0.0100400793024 0.00182232299401 0.0264151220909 0.00409129459665 0.0095623168793 0.00446365426501 0.0174291274009 0.0115861884618 0.108019265113 -0.00062051374678 0.034685263 0.00480735542258 0.0104620916474 -0.00273924430452 0.0372499612515 0.00204357675996 0.00349024730985 
0.00503544625126 0.0558824106107 0.0930063707829 0.00368605767905 0.0221937505568 1.10872203311 0.017877600068 0.00222753549055 0.0109163762317 0.00975335561431 0.0242585154932 0.0124551262577 -0.00968070982916 0.000449224531857 -0.0115820172013 -0.00355091902473 -0.00466389619326 0.00613193432232 0.0179279809401 0.0402768054451 -0.00566710882344 0.0635080679305 0.000131106128943 0.028934108282 0.00243692827112 -0.00253789953965 -0.00257675574975 0.00258782534222 -0.00325448412877 -0.0104711790401 0.00736493795577 0.04300627568 0.00364066568178 -0.00272190299958 -0.00144029934152 -0.00817480002801 -0.0115918630748 0.0293718386999 0.0526317492608 0.0247348666077 0.00609433555556 -0.00219975120719 0.0228726371801 0.0315419655912 0.0146320309237 -0.00449742769265 0.00046622479258 0.0519940506195 0.00316649682867 0.0157874064718 0.0167954701506 0.0505164799663 0.00684750739969 -0.0027887122461 0.0142455687834 -0.00190566614929 -0.00589617426717 0.0126764680876 0.00721328635791 0.0234203248181 -0.0103003420197 -0.00117737379008 0.0373177223056 0.0320788456633 0.0211302234879 0.0235021067676 0.00200177223124 0.0327597985131 0.00224411969956 0.00584708133425 0.0285022756593 -0.0136701366721 0.0154200280233 0.00832187072802 0.0160855161176 -0.00189979103627 0.00641597517703 -0.00248008614408 0.0385506911154 0.00822454710095 -0.0036715961222 0.0235744610562 0.0129918230483 0.00452791037461 0.00997586993985 0.000639881497741 0.00030019423423 0.0336809988839 0.0306020360074 0.0777953384118 0.00244566010714 0.0282407162424 0.00187495733021 0.0216853922146 -0.00870668020839 0.0106696862213 0.0427081723477 -0.0134447049833 0.007650208367 0.00198945134775 
0.00140418601032 -0.00622808222417 0.00160016798151 -0.00317298248822 0.0122643410135 0.017877600068 0.119600453564 0.00887316384087 0.00591548628443 0.00561061334444 0.0123426794109 0.00265166652222 0.00512035890205 -0.000232657552467 0.00369607360798 -0.00130291125352 0.0125434206184 0.00776275382189 0.00383599926214 -0.00135025751904 0.00485105740647 0.0117351885968 -0.000410661467389 0.0143751814628 0.00956282532044 0.00852411037804 0.0092146586509 -0.00339266419425 0.00940902745305 0.00476957309953 0.0127670069856 0.0197519623645 -0.00296255682058 0.0237751504167 0.0133375880337 0.0129359524483 0.00507964625886 0.00853843197484 0.00899420584622 0.0223918415773 0.0072014238863 0.00320090529313 0.000849908264585 0.0199625024946 0.0219091055332 7.6816558558e-05 0.0022255985666 0.00340767374333 0.0105870671172 0.00624831807198 0.0111540342025 0.00497595513776 0.00319237359743 0.0196800083643 0.00970532547353 0.0234965503474 0.00336335436431 0.0225968035878 0.0106281496795 -0.0064084112117 0.0112152576577 0.0111753414391 0.0335291525599 0.0436018243765 0.00897993211275 -0.00252235765165 1.4802740268e-06 0.00306413001953 0.0184665628602 2.94076999893e-05 0.0344054710461 -0.0011983250511 0.0093108922637 0.00256324766726 -0.000198431031736 0.00549442995237 0.0158896212896 0.00881121232597 0.00288997880548 0.027352498107 -0.000452918124018 0.0208342260356 0.00525427704134 0.00690419359514 0.0114646843373 0.0119310847424 0.0181818041524 -0.00656698988189 0.0157462150335 0.0140756644419 0.00952083339844 0.00538874642045 0.0157827096785 0.0193352481572 0.016086830354 0.00542817844903 0.0243264332961 0.00537048492007 0.00960603528365 0.00710342545625 
0.0163440727085 0.0173021162963 0.0192463901888 0.0397590695599 0.0131381099441 0.00222753549055 0.00887316384087 0.210446630709 0.0167361140565 0.0300953904483 0.00670052597754 0.0152890250812 0.0238520731434 0.0209686537199 0.0103684345053 0.0123283349383 0.0210757685147 -0.00123786976563 0.0123749821628 0.0227604211361 0.00165061188083 0.0126950580734 -0.000135279280407 0.00135505001015 -0.0105434287811 0.0022796140469 0.00929674008651 0.0146967260808 -0.00408478100176 0.00805778126204 0.0140998335378 0.0262224576816 0.0381208456645 0.0137388645642 0.0159000690158 0.0209451576254 0.00683576857376 0.0187808146765 0.00924259628148 0.00570962733527 -0.00501232899359 0.016689737173 0.0298448767792 0.00205463887565 0.0155000017988 0.0124710699337 0.010474843207 0.00200954264923 0.0272741286616 0.0275662849255 0.0233161276086 0.00785317725386 0.0218849175214 -0.00367229257129 0.00925579713469 0.0206849549413 0.0280922096946 0.0286025377619 0.0176403283569 0.0209020611649 0.0156585551304 0.0176675465332 0.00670177923972 0.00121547282393 0.0107102688435 0.00384047822556 0.00432493366648 0.0196423239526 0.0211451182568 0.00240482921809 0.0123900477557 0.0241715754471 0.00642895968557 0.0208903574126 0.0106902543333 0.0346153310247 0.0061892423541 0.0282281405731 0.00370826158742 0.0218959516875 0.0118145006587 0.0142314781724 0.00874265584578 0.00438652715582 0.030898551183 0.0195602159165 0.027516161487 0.0250916836707 0.018159507036 -0.00342138914516 0.00684119202027 0.0139002099232 0.0110562151917 0.0289987957129 0.015232224573 0.0113085994889 0.0117818153711 0.00680608844925 -0.00160574385547 0.0115428547175 
0.00764688416712 0.0238198656396 0.0633490299214 0.0508592822489 0.0339530751199 0.0109163762317 0.00591548628443 0.0167361140565 0.515725820746 0.0103548194292 0.0203100269816 0.0129555678939 0.0217384485209 0.0403350585599 0.0175959233631 0.136562518721 -0.00344007087092 0.00791364705335 0.0230041433682 0.0514215977286 -0.00370707294449 0.00696927613707 0.0564428100612 0.0101405236616 -0.0126450517874 0.0161530929137 -0.00718118886241 0.00172144511226 0.0165227132781 0.0153837018414 0.000899106480707 0.0122687493995 0.00785100446771 0.0247940328278 0.0303028520881 0.00306430088854 0.038960749193 0.0119043202204 0.0090483493201 0.038274955026 0.0140687832421 0.0141506307196 0.0314658249709 0.144042038513 0.00785412301112 0.0279154856732 0.0485589591676 0.00978744022046 0.0249921770398 0.0110066459779 0.0421035579633 0.0196931183383 0.0140560927529 0.0242373131258 0.0122350555915 0.0298592241882 0.0287236733733 0.0134488800461 0.0172924204724 0.0344339897883 -0.00221909716553 0.0335208685099 0.0143428266822 0.0229951360582 0.000656960515286 0.0194972513386 0.015189129234 0.036311978923 0.00702029163829 -0.00723565002982 0.0160447455353 0.0170461707039 0.0452619627587 0.0215440365711 0.00438347033752 0.0262165089735 0.0104153334641 0.0270003259105 0.0100343467162 0.0293112208803 0.0270846309431 0.0167404270793 0.00784259023572 0.00773145962185 0.00484726492036 0.0190027365368 0.0377037084867 0.0249918980881 0.038415927984 0.0240016239228 0.0232514130971 0.0327984307868 0.00828872386166 0.0304073306307 0.000774781766898 0.0214177933138 0.014876681006 0.020613977795 -0.00673209320973 0.0219958497164 
0.0399365964003 0.0592044452062 0.0275271793022 0.00152700190427 0.0328569919159 0.00975335561431 0.00561061334444 0.0300953904483 0.0103548194292 0.587485375859 0.0141789445454 0.0427481095337 -0.00395675653576 0.0465565977761 -0.00228537236305 0.077228513253 -0.00425030137022 0.00432464641931 0.0243031692479 0.0295368607383 0.106669056252 -0.00188185093352 0.0698699493566 0.0126696445029 0.0195206648744 0.00618139462873 -0.0039115979911 -0.000914903146981 -0.00225731784096 0.0784672950887 0.0358439037045 0.0044282685096 0.00579313055264 0.0339429526528 0.0156209413347 0.000296993893252 0.0113898083713 0.0144205826505 0.0143961982576 0.0326894469667 0.00192904761017 0.0148638346047 0.0767343699892 0.0337363189459 0.0118032877944 0.0465291916077 0.0416592029837 0.0199687243515 0.0250021141586 0.0122137950743 -0.000769803229577 0.0220214441223 0.0233601556982 0.0201540596498 0.032736733398 0.00957707714749 0.0555101466703 0.0307757144323 0.00646153664821 0.0457926339316 0.0309826062159 0.0143762679011 -0.00424678842639 -0.00983783352894 0.0272250033941 0.0120741191019 0.00780267560662 0.00745544173824 0.0120284370678 0.0306438930259 -0.00355624379413 0.0386274714231 0.0482844342676 0.0297175637459 0.00608267770012 0.00615878665857 0.0143871287192 0.0165576208269 0.0193465697629 0.0094897032655 0.00956238436964 0.0052737272309 0.00907449122147 0.00879575553835 0.00154393878484 0.00832763397954 0.014304115888 0.0201599062916 0.0198523037422 0.0287208824609 0.0150575781352 0.0581801340455 0.0165409750438 0.0888959960293 -0.00570665564706 -0.0118283810402 0.000101960281448 0.00857569922702 -0.00337860770192 0.0150779025143 
0.00414866790645 0.00495463951377 0.00615379286312 0.0176925153499 0.0601297047704 0.0242585154932 0.0123426794109 0.00670052597754 0.0203100269816 0.0141789445454 0.338105675681 0.0141246648639 0.026742159218 0.00714716022649 -0.000670752807305 0.0337162109866 0.00692180043467 0.00710374302778 0.00281734567228 0.0159746640469 0.0105006142702 0.0247089154726 0.0456487793022 0.0117806869287 0.0302317549741 0.0103071978509 0.059273230478 0.0104707823518 -0.00389372971704 0.0484527136971 0.000194287310958 0.00206522300016 0.0148061696149 -0.00166774360297 0.0136462486864 0.00833627713347 0.00673555767561 0.00727202031552 0.0179699650851 -0.00172675445514 0.0177246540649 0.0109706955617 0.00538646794587 0.0323493329897 0.00098507722326 0.00560427889198 0.0440055861017 0.0308611103592 0.00560640904271 0.0195315897589 0.00994445043336 0.031629503753 0.00811218000474 0.00746829543243 0.0293344503784 0.0147079206526 0.0119897181876 0.0122061059762 0.00721094272299 0.00373457726341 0.0149572027876 0.0146250476178 0.00200938597166 0.0149578542018 0.00697690014787 0.0129827331642 0.00195673272294 0.00806165864484 0.0131104554543 0.0130295482905 0.00201840374376 0.0313663372894 0.0219726385405 0.00987689312366 -0.0015172434273 0.0182047249942 0.00311414621791 0.0188662121448 0.00146093311261 -0.00949523504581 0.0123008967905 0.0154641947974 -0.0115887397262 0.00692481559669 0.0276404581651 0.0254447125564 0.0139536157329 0.0175265896162 -0.00359346740664 0.00246298343336 0.00127553750925 0.0143475594316 0.00176418509172 0.0117189777138 0.00903138149166 0.0206381490061 0.0148863933455 0.0224874967068 0.00293394572201 0.00983071704689 
0.00590839923275 0.0363737765428 -0.000418964646676 0.0138325179668 0.0113366108418 0.0124551262577 0.00265166652222 0.0152890250812 0.0129555678939 0.0427481095337 0.0141246648639 0.220198371492 -0.000225915043032 0.000245586665659 0.000839949081595 0.00907138330948 6.62625743808e-05 0.0138045076541 -0.00289042220614 0.00219186117986 -0.00495763524112 0.00285454139104 0.0266934505552 0.00316302821236 -0.00472131242844 0.00116984513588 0.000981714729601 0.0110972736167 0.00690574689878 0.0272689966125 0.00191280659405 0.00215864102594 0.0192981105242 0.0187931077761 0.011148274786 0.0157655461684 0.00572879906618 0.020177132542 0.0136993754495 0.0118074166038 -0.00354665360776 0.012815749625 0.0247356602464 -0.0060552029601 0.0064340135263 0.0324625808727 0.0276402502692 0.0060840011475 0.0117241928255 0.018340959116 0.00960827741445 0.00888766181588 0.00787244549741 0.0247915179772 0.00261216479362 0.0094596598506 -0.0102320430044 0.0244385091899 0.00777073635148 0.0284115756442 0.00816029983629 0.010986466925 -0.00358249533644 0.0140213553008 0.0204853123096 0.0110106999034 0.00645184988361 -0.000471953654055 0.0100314418979 0.00880442596483 0.000493440877117 0.00496004781157 -0.00127281366675 -0.00124155909701 0.0405335099788 0.0191951002453 0.00740714031542 0.0156228572022 0.000225969664797 0.0102467058319 0.00805029339154 0.0118659838023 0.00897857965826 0.00822796212393 0.0118984545478 0.0105711673247 0.0205926838587 0.0051442716145 -0.0102696943999 -0.00850692350691 0.00510624622456 0.00873694971792 0.00566548212077 0.0249531667619 0.0122598876068 0.00840652458702 0.00490947479048 0.00851063608498 0.00964826874029 0.0126773263936 
-0.00154533846997 0.038391987438 0.0247302071271 0.0160119095947 0.0222543604223 -0.00968070982916 0.00512035890205 0.0238520731434 0.0217384485209 -0.00395675653576 0.026742159218 -0.000225915043032 0.469740230823 -0.00172930869144 0.00962231178944 0.0520313858953 0.0243365973948 0.0405003125669 0.022572484313 0.0245184795531 0.00447121578895 -0.00591884619744 0.0331251092177 0.00792777141996 0.00134896348151 0.0119134770598 -0.0070912612003 0.0290712924153 0.0223768454687 0.00734000829564 0.0110336680086 0.00973566503818 0.0195026364302 0.0119547746098 0.0194571528326 0.0197292384606 -0.000823052571361 0.0165083272759 0.0092400628159 -0.00419699491156 -0.00564003976016 0.00818953272769 0.0230295272764 0.0157963377452 0.00933533973685 0.0332713391375 0.0204653184424 0.0140748787335 0.0135297075679 0.0172792218011 0.00400114189737 0.0102179976587 0.00922770940749 0.0239033158398 0.0604242294854 0.0319609705813 0.0161400374473 0.010495903363 0.0223551120873 0.00651657397446 0.00474812950719 0.0237841656261 -0.00289962268586 0.000607937937617 0.0309111245062 0.0153131433682 0.00606723576811 0.0189710944271 0.00451979226268 -0.0416162954182 -0.0112711179445 0.00716914961342 0.0182734244561 0.0305810140665 0.00828761885622 0.000660012692336 0.0169558582844 0.0166692945374 0.00601757268949 0.0198750503912 0.0301921760254 0.00175628741641 0.00250747410958 0.00763418058025 0.0100218019449 0.0360496282302 0.0115337344665 -0.000527425045093 -0.0120357839894 -0.00658957432234 0.0147257995731 -0.00397090832005 0.0136708967864 0.0451969757665 0.00642211648432 0.02395676565 0.0111759517204 0.00133667923995 0.016500343054 0.0099161050855 
0.0355306411085 0.00326229639163 0.00155996830586 0.0143643110908 0.00356282936532 0.000449224531857 -0.000232657552468 0.0209686537199 0.0403350585599 0.0465565977761 0.00714716022649 0.000245586665659 -0.00172930869144 0.288565780756 0.0103974812953 0.030135325845 0.0114120893958 0.0165149433819 0.0188026605453 0.0188348538567 0.00226654035679 0.00260263207763 0.0332255011346 0.0155679039956 0.0167961146376 0.019687953784 -0.00775385235925 0.00334334989675 0.00559344588956 0.0761605058122 0.00529446054939 0.0299869251436 0.000808795470468 0.0247174093631 0.0109211498272 0.0168227562711 -0.00630051066675 0.0108102034292 0.00166721522066 -0.00309729782637 -3.21770376582e-05 0.0262897251258 0.037174105305 -0.00191943969578 0.018642486034 0.0149279861142 0.0945503236662 0.0104965631029 0.0121218336649 0.00416035587831 0.0366552413664 0.0203660457275 0.00725685685797 0.00673870302612 0.00898403588127 0.00532738519656 0.0345401937943 0.0158631269327 0.0217053234741 0.00937304265959 0.000527658602387 0.00621299713321 0.00140810048436 -0.005847069311 0.0186543481923 0.0122936397592 0.00544975363594 0.0219453836423 0.0115429320277 0.0221178925273 0.00306064733774 0.0201937472441 0.0779964430674 0.00611624726914 -0.000819316037676 0.0307151372648 0.0140777420472 0.0142149780506 0.0310840525192 0.00713248784337 0.0199380524694 0.0120013360534 0.0109303701611 0.00303960695354 0.002506801157 0.00949777769845 0.0171383917434 0.00690294085572 -0.00569609903922 0.00978655372082 0.0249161606706 0.0231311850044 0.00772784176132 0.0209410218563 0.00571752094958 0.0182424875392 -0.00451673666219 -0.00729814618357 -0.000901506597837 0.00866475875086 
-0.00748263740559 0.0187926050292 0.00798334542544 0.00141558227807 0.0105218032134 -0.0115820172013 0.00369607360798 0.0103684345053 0.0175959233631 -0.00228537236305 -0.000670752807306 0.000839949081595 0.00962231178944 0.0103974812953 0.233909331534 -0.00348355772589 0.0143363648598 0.00608047791907 0.0149861990994 0.00104820572067 -0.0103674231438 0.0187516265289 0.00283574302866 0.0125342770777 -0.0102946485731 0.0120920333505 -0.00524232832794 0.00946065520147 0.0136615703643 -0.00348750251873 -0.00256213484425 0.00929515513121 0.00236521354433 0.00374916272223 0.0107405209303 0.0225592167787 0.0110671607925 9.65639920545e-05 -0.00141101645822 -0.00821327934724 0.0174315906496 0.0102192169053 0.0159796587823 0.0138528718783 0.00517188599986 0.00295170761689 -0.0182990699228 -0.00533563869513 0.00286535863808 0.00573013197615 0.0109637669645 0.0109417141902 0.020323354627 0.0225423669668 0.00230715218242 0.0150739970369 0.0118707495119 -0.00516221163286 0.0160739103951 0.0137679807705 0.000299172620151 0.00392944673709 0.0178325656864 0.00157219751469 0.0177759285759 0.00320086039187 0.00184946423218 0.00356022466696 0.00575305823452 0.00865142749423 0.002479455996 0.0358494148261 0.0184247355768 0.00724034850801 -0.000998081881975 0.0119046055326 -4.66989642505e-05 -0.000249872614642 -0.00720750675662 0.0143651746311 0.00940076830706 0.00656151574649 0.00466540608615 -0.00481267386968 0.0416699986923 -0.00473901779369 -0.00194905853632 -0.00541299419357 0.00509110387912 0.0115401243044 0.00820783854525 -0.00206589427273 0.0114145140233 0.00548956838774 0.0163726816841 -0.00483213977274 0.00443646986932 0.022202718589 0.0126537791997 -0.00489529878773 
0.0200526231241 0.0490326093251 0.151412203696 0.0112568190937 0.00267762829812 -0.00355091902473 -0.00130291125352 0.0123283349383 0.136562518721 0.077228513253 0.0337162109866 0.00907138330948 0.0520313858953 0.030135325845 -0.00348355772589 0.972739626447 0.0574138444832 -0.00345389981764 0.0163242092358 0.0455779393416 0.0160577096352 0.020486013845 0.0471612349146 -0.000775923205858 -0.000257278951472 -0.0132309075813 -0.00349262782476 0.0228620090223 0.0221616969318 0.0527265677054 0.011291864941 0.0196432836968 0.0457669793219 0.00620434305516 0.0258260617427 -0.00513235228596 -0.00983773826997 0.0168263104326 -0.0151895003365 0.0113198298112 -0.00227582366048 0.00639273988595 0.0637645370655 -0.00492028790723 0.00654969342979 0.0625877532232 0.066828886999 0.01702501465 0.00216016800703 0.0291923994644 0.0593632438398 0.00932092824025 0.0119795040382 0.0266169061234 0.0306791192499 0.018378705721 0.0334278362632 0.0451588222803 0.00270976383372 0.0460746957267 -0.00349604044764 0.0174951692708 0.00326460023645 -0.0104366419785 0.0265237777224 0.0146084786105 0.0274026336784 0.0188867396196 0.00712119702941 0.0127104236485 0.00205641315954 0.0148739205449 0.0750681533474 0.0111561156076 0.00980429806064 -0.00344666694117 -0.00393316425865 0.00507164929563 0.00851644786902 0.00872876008018 0.0127574429756 -0.00304538176217 0.00469394167773 0.01784537665 0.00598660394309 0.0254080417752 0.0134317561353 0.0134784062279 0.00376422550721 -0.0026006877917 0.0164568562896 0.0100794332109 0.00202356893214 0.0446897642503 -0.000399194961663 -0.0033661770214 0.00685661289998 -0.00706990820923 0.00868603753458 0.00639714666637 
-0.00903837680794 0.0158612707194 0.0219460964068 0.00216173476945 0.0143012288445 -0.00466389619326 0.0125434206184 0.0210757685147 -0.00344007087092 -0.00425030137022 0.00692180043467 6.62625743809e-05 0.0243365973948 0.0114120893958 0.0143363648598 0.0574138444832 0.273838990341 -0.00223641449806 0.00879761454626 0.00331390849393 -0.00869286559782 0.0248433705958 0.0051411643489 0.0101344461245 0.0156134699248 0.00985595989028 0.0164294847713 0.00605143740172 0.0052839704658 0.0113505316152 0.00338181744046 0.0149209298347 0.0116886132292 0.0103900654805 -0.000329385320837 0.0136079770992 -0.00198847477775 -0.00265020879472 0.0165957950651 0.000646658468129 0.0111759773215 0.0136414405512 -0.000935928427729 0.00764128125197 0.0160958563534 0.0050473749149 0.0257617462857 -0.00524906426183 0.0167340697472 0.0176875538532 0.0081279193425 -0.00244818151194 0.00202806652449 -0.000584326045305 0.015890929508 0.0167936843745 -0.00613396865079 0.00525362566421 0.000865017139749 0.0205346389811 0.004125262298 0.0125623776926 0.0156627748522 0.00849794279097 0.00901481252694 0.00967932013099 0.0167704358929 0.0212940770549 0.0179482792424 0.0114817270705 0.0179466663271 0.0183820806109 0.0178840435781 0.00445443695691 0.000875294367091 0.00773320601334 0.018259756508 0.0119059796769 0.00238260062125 0.0180121746846 0.0105178990552 0.0195892594912 0.0232579538995 0.0135168362602 0.0166641909728 0.0161820526884 0.00522615334696 -0.00435704128345 0.0147820474673 0.0278925016755 -0.00378172557902 0.000705399651028 0.0202124848203 -0.00616629405806 0.00253851514807 0.0177137831855 0.01480928402 0.0106934376411 0.0120866163378 0.0123960882196 
0.0216309449858 0.0107502450029 0.00934681394999 0.0218055739322 -0.00750035010904 0.00613193432232 0.00776275382189 -0.00123786976563 0.00791364705335 0.00432464641931 0.00710374302778 0.0138045076541 0.0405003125669 0.0165149433819 0.00608047791907 -0.00345389981764 -0.00223641449806 0.286074912228 0.00136127075474 0.00106783047571 0.00931439114933 0.0140543246412 0.0435479832907 0.016232028801 -0.00556801542981 0.0148834615118 0.00306300458031 0.00214809947108 0.00913230296016 0.0137883584903 0.014236504163 0.00691008209873 0.0109379959349 0.00961570121128 0.00429356646781 0.00555567575655 0.0121329650626 0.00422495200061 0.0182844901065 0.01422946733 0.000615361690651 0.0104571420682 0.0267740781872 0.0335159561389 0.000842131458515 0.00571739102619 0.00189316762379 0.0222892747785 -3.07054775918e-05 -0.00578612210197 0.00186339127934 0.0016672384004 0.000704614732593 0.00705119424758 0.00309546038863 0.00798738537055 -0.011857275152 0.0059956352925 -0.0062415110552 0.0115924185496 0.0341826994057 0.00960020277606 0.0197888914085 -0.00335061147327 0.0194136769124 0.0161663672468 -0.011372213819 -0.00465059258021 -0.00264469255733 0.00262202955039 0.00339455547868 0.00373627304276 0.00799670280391 0.014731375097 0.0167409600195 -0.00064321448962 6.49538045882e-05 -0.00399505384632 0.0105191530536 0.00553423438512 0.00171946855175 0.0141936110485 0.0649490021592 -0.00253556292525 0.0229998998614 0.00902758381359 0.0154491546159 0.00312961761239 -0.0168968332809 0.0126123391099 0.00237183930193 0.0107752269524 0.00445639745469 0.0191386889818 -0.00268269962456 -0.00269735688289 0.00133837979164 0.00255962439235 0.00609540254496 -0.00778678173668 
0.0175644206568 0.0292678004828 -0.00569705214081 0.057669042723 0.0184237820923 0.0179279809401 0.00383599926214 0.0123749821628 0.0230041433682 0.0243031692479 0.00281734567228 -0.00289042220614 0.022572484313 0.0188026605453 0.0149861990994 0.0163242092358 0.00879761454626 0.00136127075474 0.243329520847 0.0265524751865 0.0245297190005 0.0320279733473 0.0231193439645 0.0366260619535 0.0173966347682 0.0142356544211 0.0132287662295 0.0146155079402 0.0103344014876 0.0257869717191 0.0339686592708 0.018505089348 0.0247497837248 -0.000837276711877 -0.0051961505239 -0.00204694362387 0.000686284574023 0.0219112430821 0.00810618991487 -0.00592773163045 -0.00883960716291 0.0224799276559 0.0264274314624 0.0052103526044 0.0147853004778 0.0203275563927 0.0258944224615 0.0303683641035 0.00697243954852 0.0156897882525 0.0119740563117 0.0231723420067 0.016409942539 -0.000782646713303 0.01365008632 0.018687640062 0.00858240440069 0.0110268552918 0.0141174022104 0.0258699275331 0.00408553575554 0.0138476932321 0.00486496189154 0.00197656181566 0.0147120430278 -0.0129566475522 0.0234134068612 0.00554710041929 0.0229592367351 -0.0183026917793 0.0305261026842 0.0134881022136 -0.000911687373858 0.0116123789582 0.00130390998765 0.00451990253946 0.00154251662785 -0.0103723891774 0.00419474627935 0.0138364286716 0.00759464733677 0.0083931493751 -0.0051430468194 0.00165590960637 0.015457823746 0.0111534859661 0.00531832534345 0.0232367470139 0.0236156587404 0.0278807897829 0.0160528792026 0.0302991131433 0.0215956506948 0.0590588617051 0.00666347394356 -0.00492534684065 0.0143828801846 -0.00370948381576 0.0104250983145 0.0175456812878 
0.0314393001655 0.0213682610056 0.020871777153 0.0183843863842 0.0453557860544 0.0402768054451 -0.00135025751904 0.0227604211361 0.0514215977286 0.0295368607383 0.0159746640469 0.00219186117986 0.0245184795531 0.0188348538567 0.00104820572067 0.0455779393416 0.00331390849393 0.00106783047571 0.0265524751865 0.250270314814 0.00447975863689 0.0173007756592 0.0372870925472 0.0196519032581 0.0122641734149 0.0111556054806 0.0221100874291 0.000731023163888 -0.0030303071376 0.0123707777565 0.0167820513542 0.0170163592409 0.0440513258283 0.0156878061365 0.011997352822 -0.00081841269296 0.00878720657073 0.0354982673937 0.00164341359994 -0.00593731392654 0.00972332730051 0.00675602151417 0.0712918986117 0.0432705297198 0.00807640060692 0.0565124041193 0.0287064974471 0.0141216567815 0.0225547830727 0.0179308542654 0.0431181419647 0.0188908832485 0.0132624735947 0.00102851382952 0.0148118945091 0.0144066334927 0.0194796159232 0.0204941893482 0.0131801453108 0.0474698091313 -0.00142421112963 0.00714387280059 0.00192432960509 0.00611707141029 0.0116044460346 0.0156767513743 0.00930595194344 0.0236836869696 0.0174763552195 -0.00785243870805 0.013928116056 0.0244447912317 0.0299300743442 0.00200148150154 0.0144870363705 0.0155018144834 -0.00325109046347 0.00430642602294 0.0299671316245 0.0201312049823 0.0320874613197 0.0100441857174 0.0119082710629 0.0140068360373 0.00884950042235 0.00557953851629 0.0240259841773 0.0235472841318 0.0287065842106 0.0207369668061 0.0182325272105 0.050375963014 0.0190442027509 0.0679250878679 0.0145202903535 0.0339306575287 0.0225520296086 0.0122711045991 0.00693589443957 0.0106093631715 
-0.00928041924884 0.0112268622579 -0.0114453934413 0.00762989187691 -0.0063308269588 -0.00566710882344 0.00485105740647 0.00165061188083 -0.00370707294449 0.106669056252 0.0105006142702 -0.00495763524112 0.00447121578895 0.00226654035679 -0.0103674231438 0.0160577096352 -0.00869286559782 0.00931439114933 0.0245297190005 0.00447975863689 1.12944258875 0.0391278842066 -0.00297788849292 -0.000948241384444 -0.00184293532006 0.00255710214248 -0.00822909132767 0.0067770416578 0.00309381850276 0.0256397589306 0.024630351759 0.0121380787841 0.0128245101089 -0.00111798517628 -0.0116903855183 -0.00415734883977 0.00405341540798 -0.0200200958167 -0.00472322480914 0.00875726248362 0.00334881802886 -0.0165664333738 -0.0157728261497 0.00939454286648 0.00959978336642 0.00666883635072 0.0214500796892 0.00714565115581 0.0166734366248 0.0171052724804 -0.00226866157467 -0.0109999980166 -0.00653083996437 -0.0111924725814 -0.00227517938985 -0.00828895742738 -0.00798005738877 -0.0038571871468 -0.000115449252864 -0.017443775083 -0.00385553337061 -0.00538116935442 0.000153005050992 -0.00936369849343 -0.0052897878815 -0.00610188363957 -0.000233094066162 0.0158458535874 0.00513969973802 0.0020184155442 0.00402191426448 -0.0120046576638 0.00297685547331 0.0122079731913 -0.00956612997366 0.00767163252532 0.0322739387766 -0.00448227069426 -0.00294950885559 -0.00933352297102 0.000840960072008 -0.00274803626871 -0.00948876189524 -0.0107550464407 -0.0124868654096 0.00288183772595 -0.00797350142054 -0.00054605765959 0.0186302711508 -0.00101294149925 -0.00687136474155 0.00193507002139 0.0237240702217 0.0293071748659 0.0119795862543 -0.00540723039947 0.0194769407789 0.0144171930336 -0.00710167793975 0.0121903345626 
-0.00989232607971 0.0199968559821 -0.0160935787661 0.012989581108 0.00865285970963 0.0635080679305 0.0117351885968 0.0126950580734 0.00696927613707 -0.00188185093352 0.0247089154726 0.00285454139104 -0.00591884619744 0.00260263207763 0.0187516265289 0.020486013845 0.0248433705958 0.0140543246412 0.0320279733473 0.0173007756592 0.0391278842066 0.351621134572 0.0183653865284 0.141827199148 0.0151181285765 -0.00419462942076 0.039486255853 -0.00094957936919 0.00609741071166 0.031526491735 -0.00751657026994 0.0657160823158 -0.00532723603879 -0.00237527504886 0.00925961825942 -0.0020498794292 0.00128366867473 0.00893533580425 0.130659476869 0.00043048635025 0.006880535414 0.000204859488809 0.065305129382 0.113020342385 -0.00371358286166 0.0244258373628 0.0105787168849 0.09416698682 0.000969075626057 0.0107758256019 0.029347769085 -0.00269344213355 -0.00137312557656 0.00757763134092 -0.00572733709002 0.0086351595953 -0.00116208080964 0.00103959770876 -0.00326724261808 0.0162575984563 0.0157890300276 0.0109186628208 0.0169741725172 0.00331135012484 -0.00294212193512 -0.00948222315756 0.00738748502692 0.00548514857836 0.00567907450009 0.00790656454859 0.0422611544478 0.0311620121442 0.00533587488969 0.0158774091316 -0.00315080440887 0.0130819108837 0.00627879371766 0.00594762665261 0.000432697047186 0.0171450522399 -0.0125939211283 0.0202140336898 -0.0130439185543 0.00736165447978 0.0117527152759 0.0256270739478 -0.000756182101282 0.0109479708953 0.101872931211 0.119796470838 0.0161535618967 0.0175511267372 0.00165622970112 0.0311919037137 0.00030627985809 0.00669464130549 0.0220388132111 0.0212028603602 0.0104213298649 -0.000494384853885 
0.0364121500463 0.0493309588609 0.0207188876713 0.0581837397256 0.0637204843062 0.000131106128943 -0.000410661467389 -0.000135279280407 0.0564428100612 0.0698699493566 0.0456487793022 0.0266934505552 0.0331251092177 0.0332255011346 0.00283574302866 0.0471612349146 0.0051411643489 0.0435479832907 0.0231193439645 0.0372870925472 -0.00297788849292 0.0183653865284 1.16482715172 0.0209923409323 0.0171746063142 -0.00623429297312 0.00820504435801 0.00979271180643 0.00397490169153 0.0745798794716 0.020107608386 0.0144096081995 0.0405893827381 -0.0170447624593 0.0123627461279 -0.00187327592593 0.0145344147528 0.0411155366232 0.0500698936614 0.0258650515185 -0.00190312852441 0.0163537928571 0.0634655028907 0.0297886622515 -0.0013544222144 0.0225601924535 0.0723988453173 0.0182282800976 0.00379489897059 0.00831699155538 0.0199153582699 0.0505093521102 0.0257745722549 0.0240459404898 0.0252860407864 0.0300033222796 0.0105276153737 0.00586248014332 -0.000632745581615 0.0281752112914 -0.014552981431 0.0329435807458 -0.00353053780226 0.00423333501462 0.052538822452 0.0167687165306 -0.00337294466222 0.0232639025781 0.00468036202415 0.0484827178211 0.0155802646374 0.0563649237966 0.0639186804379 0.0117717266989 0.00408305355008 0.00548790061476 0.00657982885437 -0.00655831673709 -0.0294293133025 0.0231761627739 0.00171682126058 -0.00823432781432 -0.000713218247611 0.000668919943694 0.0831481679013 0.0210791929272 0.0199304650835 0.0110732195526 0.0493928829559 0.0442824951903 0.0199545366296 0.0301162728648 0.0137757969404 0.0340153116342 0.0113746134886 0.00296306087689 0.00342263336931 -0.00434872154136 -0.0085685023875 -0.00314215215352 
