50
0.0210054402465 0.0936563270582 0.050100863095 0.164482556217 0.133327922328 0.0412963652708 0.126302472887 0.0610020106181 0.0420146984796 0.0125275076286 0.121001700606 0.112290577846 0.0267965440056 0.0395572708053 0.0378808118353 0.0391901687574 0.022369934908 0.0623593213805 0.0631330997176 0.132143501856 0.0375994121509 0.106366385329 0.188050706821 0.0501483555771 0.029419367 0.0695535734162 0.107238949757 0.143584613331 0.0295384146509 0.023795453615 0.0132097716294 0.0501755430095 0.0285995604788 0.0693656588129 0.0654803135324 0.100974868985 0.0565518641406 0.118814959333 0.542098982398 0.0135350028622 0.060830846045 0.0787213758152 0.0442230302855 0.0970140476379 0.0909027791802 0.0278380444533 0.0348883512333 0.0123991351417 0.0451551332239 0.0754225878746 
0.13212116898 0.00607062788485 0.0137907571515 0.00249043776202 0.00595888809018 0.00724771763303 -0.00119666281196 0.0101521686477 0.00577353645115 0.0115598537787 0.0146826126535 -0.00677909535175 0.00837757750751 0.012677616686 0.00650493769257 0.000428927440236 0.00536709232916 0.0135498135097 -0.000684707630061 -0.00387543063196 0.00558872653318 0.00665511344502 0.000268742713797 0.00767337818426 0.00942574345341 0.00703825728754 0.00848779710945 -0.00509617158287 0.0104554636126 0.012560324023 0.0123620776458 0.000769505044356 0.00117929470323 0.0109625137712 0.00335296434428 0.00898819983905 0.00706055690465 -0.00585189415256 0.0156553721136 0.0066089744011 0.000999262632833 -0.00161352388124 0.00758665727503 -0.00485043777795 -0.00152364243557 0.014799488829 -0.00274246512759 0.010212384368 0.00991739488723 0.0120936584672 
0.00607062788485 0.435351386879 0.00211705450766 -0.00466021329871 0.0150879645539 -0.00501354625389 -0.00129462644625 0.0392520950431 0.0428019913161 -0.00439485085014 0.00248481649135 0.0245036729737 0.0163863686233 0.00425479301295 0.0235631552119 0.0222435309176 0.0223946754723 0.0282867566099 0.050293056143 0.0180217420094 -0.0217647182319 0.00371825232135 0.0175599217729 0.0033442292786 0.00599814259376 -0.00641572959404 0.0391189083201 0.0326821583541 0.0283867615881 0.00224337707428 0.0294725565843 -0.00784765628683 0.0197781614205 -0.0126256037649 0.0276378891781 0.008944155892 0.00746079501792 0.0487147060185 0.00722652944543 0.0108080754784 -0.00112002275841 -0.0116312965816 0.0275728676327 0.0361636047311 0.0135599031815 0.000529412623074 0.0168771411917 0.00470427437313 0.00974961505245 0.0158412153533 
0.0137907571515 0.00211705450766 0.294117193681 0.0179421573913 0.019748060083 0.0171246197627 0.0348861741927 0.0051637140431 -0.00206807529373 0.0184674326802 -0.00869402350588 0.0172018300226 0.0258906941405 0.00610328798832 0.0180607907882 0.00589085865061 0.0254309500385 0.0422642356082 0.00506352823763 0.0175189223287 0.0156598068098 0.0337014768125 0.0115733083439 0.0466103187362 0.00792641808054 0.00990627163845 0.059139320816 0.0361596880211 0.0202886509226 0.0110403575752 0.0134198227996 0.0164006527459 0.0205370040134 0.00758162492646 0.0109969391489 0.0360104111148 0.0424118197916 0.0308471143402 0.0141293102422 0.0173777205375 0.0158282251932 0.0203739574675 0.0185239549024 0.0235887498197 0.0130574747353 0.0154841015616 0.0402239924415 0.0052221536022 0.0255892503014 0.00830787745798 
0.00249043776202 -0.00466021329871 0.0179421573913 1.88894107194 0.0144801203459 -0.012097382426 0.012951487808 -0.00164983031292 -0.00333631707172 0.00765465226365 0.0244980347422 0.0306748369023 -0.00462519940015 -0.0160495755858 0.00426120576398 -0.0185938081822 -0.00393408719141 0.00358008180701 0.0222338826064 0.0542932912042 0.00600761697511 0.0185126785212 0.0105206634536 0.133026726665 -0.0057491659024 0.0142893361396 0.00668297622304 0.0257869723018 0.00190224744684 -0.00579952415312 0.00313545113893 0.0189188145278 -0.00899555497419 -0.00699680145011 0.00229810333342 -0.00566882257595 -0.00596532380505 -0.0122106197907 -0.0124008628794 0.0108926624395 -0.00174255950295 0.0471183193059 -0.00693102464531 -0.00782788999213 0.00916794831347 -0.00116546288135 -0.0084104476229 -0.0028180954577 -0.0105868720154 0.00524566904638 
0.00595888809018 0.015087964554 0.019748060083 0.0144801203459 0.826257030463 0.000503747648984 0.00285979598502 0.0323785349661 0.0107726786217 -0.00603324375107 0.00537537902594 0.0124378774557 0.00812901158889 0.0225129482726 0.0123937759061 0.0147812581183 0.0252948056361 0.0176291235624 0.0367705903286 0.0109417836219 0.01510857045 0.015349797888 0.0463815401397 0.00806879772092 0.0239885112783 -0.00524528165577 0.00587175570401 0.00831778974866 0.0307708028251 0.00560732575213 0.00783072299312 0.0053874158174 0.0237846897705 0.0316837315009 0.00716312330849 0.0385581014061 -0.00431528404913 0.0125513360657 0.0225129735759 0.0210483007738 0.0134962036197 -0.013556757166 0.0107314357028 0.0663720218895 0.0342415186222 0.0221939535589 0.0158395680225 0.0239140609566 0.000332679042198 -0.00891226944148 
0.00724771763303 -0.0050135462539 0.0171246197627 -0.012097382426 0.000503747648985 0.247152205705 0.0017382992697 0.0142774281845 0.0135853153099 0.00755805676397 0.038233419843 -0.00107776155406 0.0179932793003 0.00126813682171 0.0181233458647 0.00695727359475 0.0110994845173 -0.000249288683671 0.0233613811017 -0.00688782274089 -0.00283881087555 0.00184355853139 -0.00108166261207 0.00245055831698 0.0232953029114 0.000419157465825 0.0176173773746 0.00148857639186 0.0122594897791 0.0178853911716 0.00314228097427 0.00383552781344 0.0149150407288 0.0138838830268 0.00752337546772 0.00668967133358 0.0143582688003 0.00279870558644 0.00457339017625 0.00889145368012 0.00713353991126 0.00573418828884 0.0137305257887 0.0122585615361 0.0217500929602 0.00391273608128 0.00790549021428 0.0173110830058 -0.00126131203146 0.0110729753725 
-0.00119666281196 -0.00129462644625 0.0348861741927 0.012951487808 0.00285979598502 0.0017382992697 0.48148493403 0.0234697938054 0.0137386536723 -0.00238212645848 0.050822838907 0.0615603136405 0.0133048446697 0.00468887795727 0.0195555032711 -0.000382566357417 -0.00853641447554 0.0363415551392 0.0328337495696 0.0693711037821 0.0227026559173 0.0703851088234 0.0225353813679 0.0214238649028 -0.00893292247594 0.00179366384051 -0.00089399608441 0.0848887964174 0.0153363107939 -0.00211098323318 0.0071111668684 0.0126226894364 0.00734729916895 -0.00943509159899 0.010478747606 -0.000560402122781 0.00336219843602 0.0231338364021 0.160884047114 -0.00184381630199 0.0147227130295 0.0726393785092 0.0118728649984 0.0350056204314 0.0086636114031 0.00473592149482 0.0429276501258 0.00129694247361 0.0179655535095 0.0180239510982 
0.0101521686477 0.0392520950431 0.0051637140431 -0.00164983031292 0.0323785349661 0.0142774281845 0.0234697938054 0.417718955059 0.0199449201899 0.00677205359147 0.0114124160845 0.0300443340253 0.00350337402737 0.0065751978412 0.0122211582856 0.0217880841511 -0.00458544678675 0.0188960188582 0.0350032594106 0.0358912316527 0.00858902792925 0.0220842281048 0.0131582830973 0.00792948836756 0.00387560717402 0.0214961491825 0.025567577048 0.0362331594068 0.0229011866728 -0.00191532769922 0.013860008392 0.0195967410953 -0.00301807604403 0.0288375646046 0.0406576920976 0.0035199834766 0.0147126329562 0.0359525308547 -0.00207326620536 0.00551944205019 0.0226276350801 0.0151655070938 0.0237104304079 0.0134927038774 0.00905491616319 -0.00273116732048 -0.00491656244779 0.011517687011 0.00965465396299 0.0195210694273 
0.00577353645115 0.0428019913161 -0.00206807529373 -0.00333631707172 0.0107726786217 0.0135853153099 0.0137386536723 0.0199449201899 0.203587993634 0.0195287614091 0.016418217271 0.0531081959324 0.0199528444356 0.0120006218933 0.0222810836579 0.0171244750627 0.0271768343609 0.0126985240118 0.0186550246403 0.0306227685259 0.0235190859325 0.0382104575656 0.0147034390814 0.00223164158095 0.022691059141 0.008420934726 0.0111103916883 0.0362639031368 0.0184078458586 0.0195269900587 0.00254711645808 0.0166764068969 0.00953419314883 0.0117679271431 0.00807455920886 0.0236401494719 0.0165235098955 0.0133670245926 0.025102562322 0.0113474049144 0.0300912721843 0.0312567729648 0.0211954395582 0.023831995672 0.0164546553952 0.0144544265695 0.0178772292159 0.0124738273007 0.0171376922232 -0.00800651574737 
0.0115598537787 -0.00439485085014 0.0184674326802 0.00765465226365 -0.00603324375107 0.00755805676397 -0.00238212645848 0.00677205359147 0.0195287614091 0.290324843161 0.00907045851554 0.0210489160038 0.0148393360851 0.00667809485864 0.0181586069634 0.0104270955551 0.00480434335596 0.0150537866236 0.0217852945742 0.019211238725 0.000635653246694 0.00746228402511 0.0230085471486 0.0176266635974 0.00492603365663 0.0713917336444 0.00889291466717 0.0205621412883 0.0105975902879 0.00361255725807 0.0049170919154 0.029417975807 0.0459649193775 0.0167182029125 0.0244226205348 0.000838958466006 0.0110421777465 0.0121434227142 -0.0112557448309 0.0125178621351 0.0318886374886 0.0197128484828 0.0271236935589 0.0111855624145 0.0028681868855 0.019491326429 0.0271230184162 0.0231856158504 0.0105861457722 0.00729936571332 
0.0146826126535 0.00248481649132 -0.00869402350587 0.0244980347422 0.00537537902594 0.038233419843 0.050822838907 0.0114124160845 0.016418217271 0.00907045851554 0.724130407321 0.0577594723778 0.00296584473826 0.0118788795644 0.0138624250854 0.0124880134896 0.0293453097084 0.0138454388422 0.0146817821274 0.0573447220837 0.0408723149969 0.0754950006643 0.0198108485954 0.0101661025077 0.0326310188098 -0.00197070303687 0.0211561577852 0.0652675892185 0.0149402244505 0.041534221726 0.0102955742772 -0.00374202579208 -0.0002904090719 0.0270632223248 0.00767886677987 0.0174331509689 0.012175348621 0.032524277985 0.00575409306146 0.00496902546497 0.016709276551 0.0557602406339 0.0452572200026 0.0506778644333 0.0513420189422 0.00892915685378 -0.0098495702595 0.00348198383279 0.00868457761027 0.0111432573872 
-0.00677909535174 0.0245036729737 0.0172018300226 0.0306748369023 0.0124378774557 -0.00107776155406 0.0615603136405 0.0300443340253 0.0531081959324 0.0210489160038 0.0577594723778 0.401501372282 0.00117586732341 0.00476139203007 0.0125992712008 0.0311537892528 0.0135251580773 0.0224752704551 0.0433490898617 0.147837576146 -0.00413128506216 0.142017845363 0.0159758417466 0.0262520604036 0.0189012156936 -0.0020127382351 0.0371954470545 0.166142360238 0.00956399768883 0.00472214046656 0.00704636892846 0.0151130765123 0.00352045947392 0.0337029445391 0.0352247152457 8.67502108009e-05 0.0141948058644 0.022799678337 0.11178803279 0.0232912080327 0.0329291315144 0.0984770323047 0.0301269646724 0.0585943820838 0.0364525985955 -0.00425462941338 0.0180675437624 0.00564037498343 0.0214858366942 -0.00799116596057 
0.00837757750751 0.0163863686233 0.0258906941405 -0.00462519940015 0.00812901158889 0.0179932793003 0.0133048446697 0.00350337402737 0.0199528444357 0.0148393360851 0.00296584473825 0.00117586732341 0.171861738527 0.0118785704134 0.0277597537017 0.00716385961943 0.00833940266603 0.0194944857775 0.0118874285341 0.00490099175155 0.00601895356867 -0.00165077421967 0.0126550743693 0.0188554964842 0.0135399135916 0.0166404217571 0.030021078037 0.00468853622289 0.0382086557033 0.0154297306465 0.00753003137895 0.0132728002718 0.0298628942375 0.0150056383925 0.0126245888607 0.0039446301833 0.01768177739 0.0115208476679 0.0342507288963 0.0157122210115 0.0309748013784 0.00144255310981 0.0165894319508 0.0362172883358 0.0107785751065 0.013518600106 0.0253611730372 0.0156996962211 -0.00743555142558 0.0137114467834 
0.012677616686 0.00425479301295 0.00610328798832 -0.0160495755858 0.0225129482726 0.00126813682171 0.00468887795727 0.0065751978412 0.0120006218933 0.00667809485864 0.0118788795644 0.00476139203007 0.0118785704134 0.178928473423 0.00462648431468 0.00680957996166 0.0096585628062 0.00418699352989 0.00458140503399 -0.00265489521681 0.0105687483693 0.00545423420269 0.0292867331845 0.0062780828805 0.00381382453299 0.00562748666615 0.00896604662718 0.00806891622381 0.00624727948495 0.00738714609813 0.0107105710889 0.017092493359 0.00750333892003 0.0025998853057 0.00912422386219 0.00120674659117 0.0270502278901 0.00223555267524 0.00773659646547 0.00872498246931 0.00747087146644 0.000424568047561 0.010416381863 0.0146501907596 0.0113349084969 0.0130183352607 0.00356672100563 -0.00545847135627 0.0263269351238 0.0194955582172 
0.00650493769257 0.0235631552119 0.0180607907881 0.00426120576398 0.0123937759061 0.0181233458647 0.0195555032711 0.0122211582856 0.0222810836579 0.0181586069634 0.0138624250854 0.0125992712008 0.0277597537017 0.00462648431468 0.192187475689 0.0210918476784 0.0175796061002 0.0137707036556 0.0246679894347 -0.00209158291342 0.0119243648941 0.0112798663127 0.00764229271818 0.0243333227018 0.0136173679181 0.00936261484798 0.0389258116499 0.00618327776601 0.0403256237602 0.0153184845121 0.0127708190503 0.00847022467287 0.0240682560243 0.0113293879329 0.00842579542698 0.0219756775225 0.011257509286 0.0136570810681 0.0107602633942 0.0188540507749 0.0369883319212 0.0129255660925 0.0256050539156 0.0283130094827 0.0171499573543 -0.00133291753821 0.0170589677977 0.00927017321008 0.0195796660668 0.0123363321815 
0.000428927440236 0.0222435309176 0.00589085865061 -0.0185938081822 0.0147812581183 0.00695727359476 -0.000382566357418 0.0217880841511 0.0171244750627 0.0104270955551 0.0124880134896 0.0311537892528 0.00716385961943 0.00680957996166 0.0210918476784 0.20329923965 0.0142688905374 0.0136837840798 0.021441264896 0.00956405078319 8.62244656262e-05 0.0137707820721 0.021680424384 0.0221128377447 0.014730663237 0.00954088220489 0.0215390812902 -0.00118566844209 0.0190783290274 0.0172782462966 0.00994486340822 0.0215980092669 0.0186490772881 0.0124322658694 0.0143581136044 0.015861998458 0.0175787473544 0.0187167007569 -0.00599640138732 0.0178126939211 0.0163469279768 -0.000125647288382 0.0184932669223 0.0218097613277 0.00958072250693 0.00621774351349 0.0251715298924 0.00531879732611 -0.00211712135073 0.0181525101406 
0.00536709232916 0.0223946754723 0.0254309500385 -0.00393408719141 0.0252948056361 0.0110994845173 -0.00853641447554 -0.00458544678675 0.0271768343609 0.00480434335596 0.0293453097084 0.0135251580773 0.00833940266603 0.0096585628062 0.0175796061002 0.0142688905374 0.197034422896 0.0229332390876 0.0285856454461 -0.000106183089189 -9.846719867e-05 0.00446931072253 0.0136324644243 0.0323196455288 0.0137997973297 0.00488738226788 0.0294386746837 0.00989785961312 0.0151113356088 0.00101388942964 0.0128164458885 6.19978133857e-05 0.00870967740288 0.0110419368777 0.0163820612947 0.0286148550067 0.0243793574744 0.0241914899794 0.00286781977172 0.0206186325636 0.0297961936093 0.0048166793405 0.0303365436705 0.061269303688 0.00526061988775 0.0224179999465 0.0306404074466 0.0145659693421 0.00495935434376 8.57163708668e-05 
0.0135498135097 0.0282867566099 0.0422642356082 0.00358008180701 0.0176291235624 -0.000249288683671 0.0363415551392 0.0188960188582 0.0126985240118 0.0150537866236 0.0138454388422 0.0224752704551 0.0194944857775 0.00418699352989 0.0137707036556 0.0136837840798 0.0229332390876 0.325556332142 0.0291673846925 0.0370284224351 0.00123321277064 0.0320200765344 0.0890488703989 0.0309111178219 0.00893862605457 -0.00778080192355 0.0509904668981 0.0363541624266 0.00115577829449 0.0110544516639 0.0138052445627 0.0184182671111 0.0211454093933 0.0249703147144 0.0349246127442 0.0434864738318 0.01713191505 0.0243111367325 -0.00707537547174 0.0132219171721 0.0206509070288 0.0252228026379 0.0216650745084 0.0436451251689 -0.00479640142241 0.0110344387159 0.0423988949931 0.0198761993544 -0.00517374215579 0.0290310581388 
-0.00068470763006 0.050293056143 0.00506352823763 0.0222338826064 0.0367705903286 0.0233613811017 0.0328337495696 0.0350032594106 0.0186550246403 0.0217852945742 0.0146817821274 0.0433490898617 0.0118874285341 0.004581405034 0.0246679894347 0.021441264896 0.0285856454461 0.0291673846925 0.450061506707 0.0303194862642 0.01704128288 0.00961077431165 0.0538337594631 0.0150075625489 -0.00744912827896 0.0162757719509 0.0356084669209 0.0158363966286 0.0133583933413 -0.00829321290042 0.0233124586534 0.00652274101725 0.00104710078616 0.00543247185041 0.0594274425588 0.0855232035487 -0.0171253909012 0.0584156182038 0.00285251279022 0.0133702812221 0.0346093976629 0.00899052152937 0.0362041111643 0.051569346134 -0.00901573734284 0.00524530027174 0.0246482905334 0.00919671463174 -0.00204916542137 0.00432368570361 
-0.00387543063196 0.0180217420094 0.0175189223287 0.0542932912042 0.0109417836219 -0.00688782274089 0.0693711037821 0.0358912316527 0.0306227685259 0.019211238725 0.0573447220837 0.147837576146 0.00490099175155 -0.00265489521681 -0.00209158291343 0.00956405078319 -0.000106183089188 0.0370284224351 0.0303194862642 0.411859820149 -0.0110465195202 0.103825047659 0.016727160763 0.0210980659348 0.0117610595946 0.00327252535748 0.0263323499448 0.138285747545 -0.00480668359781 0.0108324719383 -0.00166979314271 0.0211993531773 0.000351583380873 0.00251133804414 0.0252194455043 0.032511294651 0.0165979483172 0.0207164460856 0.123477867748 -0.00291932943897 0.0204843069899 0.0871379889039 0.0153053263904 0.0333519761088 0.00981120670045 -0.00719545248015 0.0121731064273 0.0106347533433 0.027272123905 0.0175675500845 
0.00558872653318 -0.0217647182319 0.0156598068098 0.00600761697511 0.01510857045 -0.00283881087555 0.0227026559173 0.00858902792925 0.0235190859325 0.000635653246693 0.0408723149969 -0.00413128506216 0.00601895356867 0.0105687483693 0.0119243648941 8.62244656256e-05 -9.8467198672e-05 0.00123321277064 0.01704128288 -0.0110465195202 0.260420449371 0.0174105162493 0.0343622475315 0.0166560804597 0.013279846235 0.00652818127679 0.0140749161769 0.000539733034191 0.0206441320245 0.0178217639347 0.00958404707429 0.00949725213283 0.0223108208721 0.0230513104199 -0.00184276110593 0.0186948041678 0.0120898079061 -0.00161799906138 0.0120133780348 0.0067032305213 0.020057782762 0.00131557955903 0.0134544677983 0.0294719637749 0.00319287100057 0.0304812692264 0.00586131011676 0.0111905943808 -0.00246347067066 0.0154735651303 
0.00665511344502 0.00371825232136 0.0337014768125 0.0185126785212 0.015349797888 0.00184355853139 0.0703851088234 0.0220842281048 0.0382104575656 0.00746228402511 0.0754950006643 0.142017845363 -0.00165077421967 0.00545423420269 0.0112798663127 0.0137707820721 0.00446931072253 0.0320200765344 0.00961077431165 0.103825047659 0.0174105162493 0.384788169013 0.0164584428847 0.00881472241789 0.0261309746048 -0.00219253806282 0.0112933746077 0.14970235384 -0.00229853272184 0.0229951889513 0.0127710863516 0.0187180056124 -0.0113998669116 0.0166947746665 0.000550842126643 0.00246712289317 0.00262132625836 0.027433885502 0.0428186572515 0.0131999123488 -0.000327614066648 0.121894266111 0.0210640135934 0.0267364283147 0.0216941008414 -0.00468648025311 0.0311500022904 0.0060294105991 0.0146530177806 -0.00256062325327 
0.000268742713797 0.0175599217729 0.0115733083439 0.0105206634536 0.0463815401397 -0.00108166261208 0.0225353813679 0.0131582830973 0.0147034390814 0.0230085471486 0.0198108485954 0.0159758417466 0.0126550743693 0.0292867331845 0.00764229271817 0.021680424384 0.0136324644243 0.0890488703989 0.0538337594631 0.0167271607629 0.0343622475315 0.0164584428846 1.00633335801 0.033374628382 0.00965856640984 0.0204546905067 0.0297833377448 0.0186666680499 0.00448415185215 -0.00448232294865 0.0313012392778 0.0122948523304 0.00757546069537 0.0110898071005 0.0483249486588 0.0476856784702 0.0238579481992 0.0223368407843 -0.000741409761146 0.0112760510966 0.0507991895525 0.0167847863631 0.0348269124861 0.0420685553154 -0.00313311640214 0.00267473917581 0.016327213713 0.0668456978592 0.0017282284111 0.0616819645978 
0.00767337818427 0.0033442292786 0.0466103187362 0.133026726665 0.00806879772092 0.00245055831698 0.0214238649028 0.00792948836756 0.00223164158095 0.0176266635974 0.0101661025077 0.0262520604036 0.0188554964842 0.0062780828805 0.0243333227018 0.0221128377447 0.0323196455288 0.0309111178219 0.0150075625489 0.0210980659348 0.0166560804597 0.00881472241789 0.033374628382 0.225350481015 0.00972994627798 0.0179630340082 0.0385112864949 0.0241623467361 0.0244269754088 0.00560873702909 0.0161089543357 0.0161845664012 0.013469673717 0.00991195583756 0.0236122098959 0.0163907051139 0.0300358888548 0.0121019509079 0.0396822244782 0.018180783406 0.0363293115732 0.0168564352415 0.0290689404084 0.0404773684873 0.0249368937674 0.031926832751 0.0345936751509 0.00294725932795 0.00226124563895 0.0107775779024 
0.00942574345341 0.00599814259376 0.00792641808054 -0.0057491659024 0.0239885112783 0.0232953029114 -0.00893292247594 0.00387560717402 0.022691059141 0.00492603365663 0.0326310188098 0.0189012156936 0.0135399135916 0.00381382453299 0.0136173679181 0.014730663237 0.0137997973297 0.00893862605457 -0.00744912827896 0.0117610595946 0.013279846235 0.0261309746048 0.00965856640985 0.00972994627797 0.201520112548 0.00147902173356 0.0172691137679 0.0192045457723 0.0135898929714 0.0445304926333 -0.000407579503935 0.00309769790538 0.00985355059108 0.00303001124324 0.0125807110527 0.0112982131644 0.029812995549 -0.00413399516298 0.0136422688382 0.00837169318891 0.0170470067644 0.032134935612 0.012853832995 0.0107410588824 0.0100763982077 0.0132287127727 0.0180294613243 0.009615717919 0.00390542304274 0.0154562549753 
0.00703825728753 -0.00641572959403 0.00990627163844 0.0142893361396 -0.00524528165577 0.000419157465825 0.00179366384051 0.0214961491825 0.008420934726 0.0713917336444 -0.00197070303687 -0.0020127382351 0.0166404217571 0.00562748666615 0.00936261484798 0.00954088220489 0.00488738226788 -0.00778080192356 0.0162757719509 0.00327252535748 0.00652818127679 -0.00219253806282 0.0204546905067 0.0179630340082 0.00147902173356 0.391732429001 -0.000390622013218 0.000397109889831 0.00339501124065 -0.00113139397007 0.0113895158794 0.0375769726734 0.00203410968117 0.0048805492619 0.013227626203 0.0292862488823 0.0381344201564 0.0239855173024 0.0145543974911 0.0171760202827 0.0173228170599 -0.00661151559244 0.0127429449561 0.0259139427706 -0.00629690926601 -3.63675672092e-05 0.00313248296086 0.00790595000089 -0.00391186075013 0.0102739352036 
0.00848779710945 0.0391189083201 0.059139320816 0.00668297622304 0.00587175570401 0.0176173773746 -0.00089399608441 0.025567577048 0.0111103916883 0.00889291466717 0.0211561577853 0.0371954470545 0.030021078037 0.00896604662719 0.0389258116499 0.0215390812902 0.0294386746837 0.0509904668981 0.0356084669209 0.0263323499448 0.0140749161769 0.0112933746077 0.0297833377448 0.0385112864949 0.0172691137679 -0.000390622013219 0.475641066011 0.00350482421678 0.0413633368923 0.0117910821095 0.0150138965695 0.0217422098901 0.022386551156 0.0193357296705 0.028915770039 0.0288688278333 0.032445779632 0.0246576875913 -0.012863381234 0.0209875181077 0.0324350886378 0.0178238450271 0.0327486349319 0.0412001640248 0.0252446031801 0.0105538699204 0.0368938371202 0.0203248836382 0.00623790020418 0.0269123264325 
-0.00509617158287 0.0326821583541 0.0361596880211 0.0257869723018 0.00831778974867 0.00148857639186 0.0848887964174 0.0362331594068 0.0362639031368 0.0205621412883 0.0652675892185 0.166142360238 0.00468853622288 0.00806891622381 0.00618327776601 -0.00118566844209 0.00989785961312 0.0363541624266 0.0158363966286 0.138285747545 0.000539733034191 0.14970235384 0.0186666680499 0.0241623467361 0.0192045457723 0.000397109889835 0.00350482421679 0.452146385516 -0.00803378843487 0.0109604128277 -0.001231780999 0.00971280376246 -0.00281294499774 -0.000883044487196 -0.00413477513557 0.0194681736192 0.026790865559 0.0230846905732 0.21291045446 0.0156913130622 0.0164028840455 0.0957156409512 0.0362829568004 0.0948941393376 0.0326513828028 -0.00723034724266 0.036746861183 0.0102390890462 0.0293229248488 0.0101303336943 
0.0104554636126 0.0283867615881 0.0202886509226 0.00190224744684 0.0307708028251 0.0122594897791 0.0153363107939 0.0229011866728 0.0184078458586 0.0105975902879 0.0149402244505 0.00956399768883 0.0382086557033 0.00624727948495 0.0403256237602 0.0190783290274 0.0151113356088 0.00115577829449 0.0133583933413 -0.00480668359781 0.0206441320245 -0.00229853272184 0.00448415185215 0.0244269754088 0.0135898929714 0.00339501124065 0.0413633368923 -0.00803378843487 0.204387705593 0.0138751531282 0.000535982890001 0.00339997592353 0.030551116256 0.0198201699258 0.014709244338 0.00709325896775 0.0248406566924 0.0176252859578 0.033603254006 0.0127707829565 0.0220515369693 0.00826735314454 0.0165844246017 0.0414256477338 0.00684977950094 0.0144323731561 0.0287084695037 0.00565864910844 0.00979639962122 0.0365398139667 
0.012560324023 0.00224337707428 0.0110403575752 -0.00579952415312 0.00560732575213 0.0178853911716 -0.00211098323318 -0.00191532769922 0.0195269900587 0.00361255725807 0.041534221726 0.00472214046656 0.0154297306465 0.00738714609813 0.0153184845121 0.0172782462966 0.00101388942964 0.0110544516639 -0.00829321290043 0.0108324719383 0.0178217639347 0.0229951889513 -0.00448232294865 0.00560873702909 0.0445304926333 -0.00113139397007 0.0117910821095 0.0109604128277 0.0138751531282 0.18470219131 0.00718951918713 0.00846394952815 0.0108731893059 0.0210515436706 0.0182743705448 0.0017416682383 0.0369032747619 0.0179564365281 0.0404388669786 0.0160514574093 0.00929367433307 0.0202271343812 0.010653992527 0.00766461449511 0.0178512743757 0.00960882230519 0.0150070473299 0.00988659009047 0.00442460897478 -0.00416583027745 
0.0123620776458 0.0294725565843 0.0134198227996 0.00313545113894 0.00783072299312 0.00314228097427 0.0071111668684 0.013860008392 0.00254711645808 0.0049170919154 0.0102955742772 0.00704636892846 0.00753003137895 0.0107105710889 0.0127708190503 0.00994486340822 0.0128164458885 0.0138052445627 0.0233124586534 -0.00166979314271 0.00958404707429 0.0127710863516 0.0313012392778 0.0161089543357 -0.000407579503934 0.0113895158794 0.0150138965695 -0.001231780999 0.000535982890001 0.00718951918714 0.163314509796 0.0136314281558 0.00661535397387 0.0195099440309 0.0244096985099 0.0173557951142 0.00291562080344 0.0220473523032 -0.0023408176045 0.0164166288624 0.015372765089 0.00705702240795 0.0174906931109 0.011102188122 1.96834069006e-05 0.0140494893114 0.0075903112462 0.00719374509529 -0.00401611020669 0.0229263755561 
0.000769505044356 -0.00784765628683 0.0164006527459 0.0189188145278 0.0053874158174 0.00383552781344 0.0126226894364 0.0195967410953 0.0166764068969 0.029417975807 -0.00374202579208 0.0151130765123 0.0132728002718 0.017092493359 0.00847022467286 0.0215980092669 6.19978133865e-05 0.0184182671111 0.00652274101725 0.0211993531773 0.00949725213282 0.0187180056124 0.0122948523304 0.0161845664012 0.00309769790538 0.0375769726734 0.0217422098901 0.00971280376246 0.00339997592352 0.00846394952815 0.0136314281558 0.314924705908 0.0116961557401 0.0231815572189 0.030765562323 0.00864312729322 0.017660199748 0.029487580147 0.000906842751299 0.0194719391122 0.0248832468395 0.0307652927628 0.0210146021003 0.0535484983704 0.00702541799024 -0.00493196991042 0.0220151773828 0.0126230349309 0.00158608038916 0.0344286309124 
0.00117929470323 0.0197781614205 0.0205370040134 -0.00899555497419 0.0237846897705 0.0149150407288 0.00734729916895 -0.00301807604403 0.00953419314883 0.0459649193775 -0.000290409071907 0.00352045947393 0.0298628942375 0.00750333892003 0.0240682560243 0.0186490772881 0.00870967740288 0.0211454093933 0.00104710078616 0.000351583380873 0.0223108208721 -0.0113998669116 0.00757546069537 0.013469673717 0.00985355059108 0.00203410968116 0.022386551156 -0.00281294499773 0.030551116256 0.0108731893059 0.00661535397386 0.0116961557401 0.275042288903 0.0203739936736 0.00576800346777 0.0282876489803 0.014668282033 0.0140337964702 -0.0118059903742 0.0187271850631 0.0210708460994 0.00612680140513 0.0250222647269 0.05009028686 -0.00114109474873 0.0131943351683 0.0427568804157 0.0189581929775 0.011044022709 0.0326662649563 
0.0109625137712 -0.0126256037649 0.00758162492646 -0.00699680145011 0.0316837315009 0.0138838830268 -0.00943509159899 0.0288375646046 0.0117679271431 0.0167182029125 0.0270632223248 0.0337029445391 0.0150056383925 0.0025998853057 0.0113293879329 0.0124322658694 0.0110419368777 0.0249703147144 0.00543247185041 0.00251133804413 0.0230513104199 0.0166947746665 0.0110898071005 0.00991195583756 0.00303001124324 0.0048805492619 0.0193357296705 -0.0008830444872 0.0198201699258 0.0210515436706 0.0195099440309 0.0231815572189 0.0203739936736 0.382276980243 0.0377702682793 0.025894156592 0.0106258217135 0.0340234425076 -0.0053699329435 0.0171746828848 0.0247652351539 0.0074580775353 0.0110280184508 0.0366153353361 0.00267745719607 0.0132979421809 0.0116171465982 0.0078869117954 -0.000816832833377 0.00657099022957 
0.00335296434428 0.0276378891781 0.0109969391489 0.00229810333342 0.00716312330849 0.00752337546772 0.010478747606 0.0406576920976 0.00807455920886 0.0244226205348 0.00767886677987 0.0352247152457 0.0126245888607 0.00912422386219 0.00842579542698 0.0143581136044 0.0163820612947 0.0349246127442 0.0594274425588 0.0252194455043 -0.00184276110593 0.000550842126641 0.0483249486588 0.0236122098959 0.0125807110527 0.013227626203 0.028915770039 -0.00413477513557 0.014709244338 0.0182743705448 0.0244096985099 0.030765562323 0.00576800346777 0.0377702682793 0.387666213489 0.0383641360645 0.0292134213085 0.0176229795662 0.0163639228895 0.0199964866197 0.01963551202 0.0071356738802 0.0326084547048 0.0544333710104 0.00458719300473 0.00720832453534 0.0225951018837 0.0119186484876 0.00641489559994 0.0415081861287 
0.00898819983905 0.008944155892 0.0360104111148 -0.00566882257595 0.0385581014061 0.00668967133358 -0.000560402122781 0.0035199834766 0.0236401494719 0.000838958466007 0.0174331509689 8.6750210799e-05 0.0039446301833 0.00120674659117 0.0219756775225 0.015861998458 0.0286148550067 0.0434864738318 0.0855232035487 0.032511294651 0.0186948041678 0.00246712289317 0.0476856784702 0.0163907051139 0.0112982131644 0.0292862488823 0.0288688278333 0.0194681736192 0.00709325896775 0.00174166823829 0.0173557951142 0.00864312729322 0.0282876489803 0.025894156592 0.0383641360645 0.460344617041 0.0332085367784 0.0207229548415 0.0240944481119 0.017627682502 0.033312128247 0.00271155569769 0.0260049715285 0.0679690270478 0.00188525949622 0.010472871482 0.0424678601695 0.0137188661552 0.0180789197613 0.0241627464935 
0.00706055690465 0.00746079501792 0.0424118197916 -0.00596532380505 -0.00431528404913 0.0143582688003 0.00336219843602 0.0147126329562 0.0165235098955 0.0110421777465 0.012175348621 0.0141948058644 0.01768177739 0.0270502278901 0.011257509286 0.0175787473544 0.0243793574744 0.01713191505 -0.0171253909012 0.0165979483172 0.0120898079061 0.00262132625835 0.0238579481992 0.0300358888548 0.029812995549 0.0381344201564 0.032445779632 0.026790865559 0.0248406566924 0.0369032747619 0.00291562080344 0.0176601997481 0.014668282033 0.0106258217135 0.0292134213085 0.0332085367784 0.238698336793 0.0292708014054 0.0308685201643 0.0169089212148 0.0240517792116 0.0183870557793 0.0243097264022 0.0531843600024 0.00546751399499 0.0126008586168 0.0219766000156 0.0155181945291 0.0200161615136 0.0185832727939 
-0.00585189415256 0.0487147060185 0.0308471143402 -0.0122106197907 0.0125513360657 0.00279870558645 0.0231338364021 0.0359525308547 0.0133670245926 0.0121434227142 0.032524277985 0.022799678337 0.0115208476679 0.00223555267524 0.0136570810681 0.0187167007569 0.0241914899794 0.0243111367325 0.0584156182038 0.0207164460856 -0.00161799906137 0.027433885502 0.0223368407843 0.0121019509079 -0.00413399516298 0.0239855173024 0.0246576875913 0.0230846905732 0.0176252859578 0.0179564365281 0.0220473523032 0.029487580147 0.0140337964702 0.0340234425076 0.0176229795662 0.0207229548415 0.0292708014054 0.500183514645 0.0438583996198 0.00820486136118 0.0297630488496 0.00753491087558 0.0291595217518 0.0312914229854 0.0222481717205 0.00418970643198 -0.0033164521862 0.000115649174939 0.0073919093515 0.00975813953896 
0.0156553721136 0.00722652944543 0.0141293102422 -0.0124008628794 0.0225129735759 0.00457339017625 0.160884047114 -0.00207326620536 0.025102562322 -0.0112557448309 0.00575409306146 0.11178803279 0.0342507288963 0.00773659646547 0.0107602633942 -0.00599640138732 0.00286781977172 -0.00707537547174 0.00285251279022 0.123477867748 0.0120133780348 0.0428186572515 -0.000741409761147 0.0396822244782 0.0136422688382 0.0145543974911 -0.012863381234 0.21291045446 0.033603254006 0.0404388669786 -0.0023408176045 0.000906842751299 -0.0118059903742 -0.0053699329435 0.0163639228895 0.0240944481119 0.0308685201643 0.0438583996198 8.18835420966 0.011250294361 0.0169462954913 0.0608318451539 0.0113867342562 0.0487301828027 0.0287147211387 0.0013176333377 0.0119648723313 0.0175744893203 -0.0109360049328 0.00707411310587 
0.0066089744011 0.0108080754784 0.0173777205375 0.0108926624395 0.0210483007738 0.00889145368012 -0.00184381630199 0.00551944205019 0.0113474049144 0.0125178621351 0.00496902546497 0.0232912080327 0.0157122210115 0.00872498246931 0.0188540507749 0.0178126939211 0.0206186325636 0.0132219171721 0.0133702812221 -0.00291932943897 0.0067032305213 0.0131999123488 0.0112760510966 0.018180783406 0.00837169318891 0.0171760202827 0.0209875181077 0.0156913130622 0.0127707829565 0.0160514574093 0.0164166288624 0.0194719391122 0.0187271850631 0.0171746828848 0.0199964866197 0.017627682502 0.0169089212148 0.00820486136118 0.011250294361 0.196564682625 0.0237994193168 0.0102202509199 0.0259155242286 0.0364865114112 0.0124334002822 0.0138243991262 0.0309252916927 0.0106339300505 0.0170021431693 0.0235176096108 
0.000999262632833 -0.00112002275841 0.0158282251932 -0.00174255950295 0.0134962036197 0.00713353991126 0.0147227130295 0.0226276350801 0.0300912721843 0.0318886374886 0.016709276551 0.0329291315144 0.0309748013784 0.00747087146644 0.0369883319212 0.0163469279768 0.0297961936093 0.0206509070288 0.0346093976629 0.0204843069899 0.020057782762 -0.000327614066651 0.0507991895525 0.0363293115732 0.0170470067644 0.0173228170599 0.0324350886378 0.0164028840455 0.0220515369693 0.00929367433307 0.015372765089 0.0248832468395 0.0210708460994 0.0247652351539 0.01963551202 0.033312128247 0.0240517792116 0.0297630488496 0.0169462954913 0.0237994193168 0.291362753407 0.00141412150369 0.0420853213005 0.043085836769 0.00934849437474 0.00709076203068 0.0301299963598 0.00855409920393 0.00839925793747 0.0167172120023 
-0.00161352388124 -0.0116312965816 0.0203739574675 0.0471183193059 -0.013556757166 0.00573418828884 0.0726393785092 0.0151655070938 0.0312567729648 0.0197128484828 0.0557602406339 0.0984770323047 0.00144255310981 0.00042456804756 0.0129255660925 -0.000125647288381 0.0048166793405 0.0252228026379 0.00899052152937 0.0871379889039 0.00131557955903 0.121894266111 0.0167847863631 0.0168564352415 0.032134935612 -0.00661151559245 0.0178238450271 0.0957156409512 0.00826735314454 0.0202271343812 0.00705702240795 0.0307652927628 0.00612680140513 0.0074580775353 0.0071356738802 0.00271155569769 0.0183870557793 0.00753491087558 0.0608318451539 0.0102202509199 0.00141412150369 0.327473050171 0.0154347624827 0.027731926741 -0.00435956649152 0.00174587866317 0.0230319477685 0.0147490094167 0.00225787670493 0.00496629448851 
0.00758665727503 0.0275728676327 0.0185239549024 -0.00693102464531 0.0107314357028 0.0137305257887 0.0118728649984 0.0237104304079 0.0211954395582 0.0271236935589 0.0452572200026 0.0301269646724 0.0165894319508 0.010416381863 0.0256050539156 0.0184932669224 0.0303365436705 0.0216650745084 0.0362041111643 0.0153053263904 0.0134544677983 0.0210640135934 0.0348269124861 0.0290689404084 0.012853832995 0.0127429449561 0.0327486349319 0.0362829568004 0.0165844246017 0.010653992527 0.0174906931109 0.0210146021003 0.0250222647269 0.0110280184508 0.0326084547048 0.0260049715285 0.0243097264022 0.0291595217518 0.0113867342562 0.0259155242286 0.0420853213005 0.0154347624827 0.187340788815 0.0485498828961 0.00345609426396 0.015088967942 0.0329029324471 0.00115734770795 0.0179150848799 0.0227378576338 
-0.00485043777795 0.0361636047311 0.0235887498197 -0.00782788999213 0.0663720218895 0.0122585615361 0.0350056204314 0.0134927038774 0.023831995672 0.0111855624145 0.0506778644333 0.0585943820838 0.0362172883358 0.0146501907596 0.0283130094827 0.0218097613277 0.061269303688 0.0436451251689 0.051569346134 0.0333519761088 0.0294719637749 0.0267364283147 0.0420685553154 0.0404773684873 0.0107410588824 0.0259139427706 0.0412001640248 0.0948941393376 0.0414256477338 0.0076646144951 0.011102188122 0.0535484983704 0.05009028686 0.0366153353361 0.0544333710104 0.0679690270478 0.0531843600024 0.0312914229854 0.0487301828027 0.0364865114112 0.043085836769 0.027731926741 0.0485498828961 0.563306168807 0.0146773488695 -0.00450834867076 0.0575240328541 0.00483249042616 0.0210292644079 0.0469344347553 
-0.00152364243557 0.0135599031815 0.0130574747353 0.00916794831347 0.0342415186222 0.0217500929602 0.0086636114031 0.00905491616318 0.0164546553952 0.0028681868855 0.0513420189422 0.0364525985955 0.0107785751065 0.0113349084969 0.0171499573543 0.00958072250693 0.00526061988775 -0.00479640142241 -0.00901573734284 0.00981120670044 0.00319287100057 0.0216941008414 -0.00313311640214 0.0249368937674 0.0100763982077 -0.00629690926601 0.0252446031801 0.0326513828028 0.00684977950094 0.0178512743757 1.96834069004e-05 0.00702541799024 -0.00114109474873 0.00267745719608 0.00458719300473 0.00188525949622 0.005467513995 0.0222481717205 0.0287147211387 0.0124334002822 0.00934849437474 -0.00435956649152 0.00345609426396 0.0146773488695 0.496042750312 0.0234139483502 -0.00526061340504 0.0135333923796 0.00122302918894 0.00416021612995 
0.014799488829 0.000529412623074 0.0154841015616 -0.00116546288135 0.0221939535589 0.00391273608128 0.00473592149482 -0.00273116732048 0.0144544265695 0.019491326429 0.00892915685378 -0.00425462941338 0.013518600106 0.0130183352607 -0.00133291753822 0.0062177435135 0.0224179999465 0.0110344387159 0.00524530027174 -0.00719545248015 0.0304812692264 -0.00468648025311 0.00267473917581 0.031926832751 0.0132287127727 -3.63675672087e-05 0.0105538699204 -0.00723034724266 0.0144323731561 0.00960882230519 0.0140494893114 -0.00493196991042 0.0131943351683 0.0132979421809 0.00720832453534 0.010472871482 0.0126008586168 0.00418970643198 0.0013176333377 0.0138243991262 0.00709076203068 0.00174587866317 0.015088967942 -0.00450834867076 0.0234139483502 0.180841075568 0.0106838042457 0.0126552128185 0.0107484613223 0.00684633717268 
-0.00274246512759 0.0168771411917 0.0402239924415 -0.0084104476229 0.0158395680225 0.00790549021427 0.0429276501258 -0.00491656244778 0.0178772292159 0.0271230184162 -0.00984957025951 0.0180675437624 0.0253611730372 0.00356672100563 0.0170589677977 0.0251715298924 0.0306404074466 0.0423988949931 0.0246482905334 0.0121731064273 0.00586131011676 0.0311500022904 0.016327213713 0.0345936751509 0.0180294613243 0.00313248296086 0.0368938371202 0.036746861183 0.0287084695037 0.0150070473299 0.0075903112462 0.0220151773828 0.0427568804157 0.0116171465982 0.0225951018837 0.0424678601695 0.0219766000156 -0.0033164521862 0.0119648723313 0.0309252916927 0.0301299963598 0.0230319477685 0.0329029324471 0.0575240328541 -0.00526061340505 0.0106838042457 0.313618861367 0.0179375484251 0.0270546769645 0.0239918229589 
