20
0.0161403943775 0.0335346879574 0.0570579479668 0.103194060275 0.0787213758152 0.0715007016099 0.0380825412642 0.0754225878746 0.0952881581377 0.0761836706695 0.0448250845436 0.0253746335001 0.022369934908 0.188050706821 0.106366385329 0.0470472683343 0.0285507317948 0.0363496030559 0.0909027791802 0.023795453615 
0.179251596876 0.0195161500117 0.0149045889029 0.00595517510475 0.000951236997923 0.0157345354043 0.00443637312719 0.0145074928008 0.0183311996719 0.0107822261263 0.0104011324892 0.00707392844787 0.0108838353544 0.00792392256746 0.00541853264418 0.0127221292614 6.64506194069e-05 0.0388892615273 0.0125677872501 0.00696630467099 
0.0195161500117 0.242461080696 0.0101343827212 0.0175176240802 0.00605670071187 0.00124327016012 0.0121728917066 0.020871287127 0.0166014960214 0.0310182534623 0.00674711625644 0.00949128710264 0.0216277352647 -0.000286383574798 0.0108665873437 0.0219593517646 0.0129564709569 0.0232515644356 0.0235414993707 0.0207180047184 
0.0149045889029 0.0101343827212 0.334995076766 -0.0114004211433 0.0157552148423 0.0156591796378 0.0263397894475 0.012675111395 0.0214155921149 0.0712364489551 0.0384374490195 0.0224117144573 0.0109146146102 0.0145488802834 0.0285828489981 0.0162807732497 0.0060043169212 0.00920659586887 0.00105935958165 0.0157204372019 
0.00595517510475 0.0175176240802 -0.0114004211433 0.562088300513 0.0361569521699 0.0060837677194 0.0232042598508 0.0362684826493 0.0951890393163 0.0505606954683 0.0235369525983 0.0314468810043 0.0224511968595 0.149377890291 0.033615825998 0.0441304643049 0.0231744401479 0.0316829324222 0.0288734144433 0.00304037655854 
0.000951236997923 0.00605670071187 0.0157552148423 0.0361569521699 0.369135225142 -0.0017545691165 0.0217165778319 0.010704863399 0.0568816456885 0.0235199987467 -7.24623041015e-05 0.0088393656234 0.00867300510567 0.0187070854217 0.167159751514 0.0179810685484 0.0063432909202 0.00930466399394 0.00567001817407 0.0294202411391 
0.0157345354043 0.00124327016012 0.0156591796378 0.0060837677194 -0.00175456911649 0.593712429457 0.0223691784065 0.0233431003989 0.0288459753184 0.0133457192187 0.00490498076903 0.0109876522097 0.0239910695881 0.0170268669692 -0.00478987605293 0.0237939085707 0.00682317325011 0.0161340416399 0.0159357347479 0.00440614792005 
0.00443637312719 0.0121728917066 0.0263397894475 0.0232042598508 0.0217165778319 0.0223691784065 0.254213219192 0.0141583897749 0.0392995423178 0.0374007666977 0.0109110436811 0.0222314356009 0.0176927686184 0.0574288764664 0.00520796655014 0.00534966438264 0.0226186165625 0.00328801407329 0.00181354902361 0.00842253827347 
0.0145074928008 0.020871287127 0.012675111395 0.0362684826493 0.010704863399 0.0233431003989 0.0141583897749 0.496562030957 0.0450222858667 0.0183753664984 0.0253323755606 0.01453542955 0.0055057916342 0.0648304496733 0.00197164886021 0.030391494186 0.0141592313491 0.0180961099294 0.00461839662826 0.00122644799142 
0.0183311996719 0.0166014960214 0.0214155921149 0.0951890393163 0.0568816456885 0.0288459753184 0.0392995423178 0.0450222858667 0.570397916223 0.0700177518224 0.0542697889847 0.0344970477642 0.064387347292 0.0534233473314 0.0532979993161 0.0399229842871 0.0358273311372 0.040573194152 0.0411323515868 0.0238312633375 
0.0107822261263 0.0310182534623 0.0712364489551 0.0505606954683 0.0235199987467 0.0133457192187 0.0374007666977 0.0183753664984 0.0700177518224 0.416966858891 0.0217347254138 0.0404342066168 0.022715244614 0.0546137470402 0.036338416239 0.0144610655444 0.0263965216811 0.0231929590668 0.00588383421568 0.0130762948088 
0.0104011324892 0.00674711625644 0.0384374490195 0.0235369525983 -7.24623041015e-05 0.00490498076903 0.0109110436811 0.0253323755606 0.0542697889847 0.0217347254138 0.258850336749 0.00860530442406 0.0254095062616 0.00577573877069 0.000379797408612 0.026511339347 0.0299748350905 0.0211154919633 0.00669981257359 0.014268638924 
0.00707392844787 0.00949128710264 0.0224117144573 0.0314468810043 0.0088393656234 0.0109876522097 0.0222314356009 0.01453542955 0.0344970477642 0.0404342066168 0.00860530442406 0.295047428317 0.0343775864034 0.0366277926681 0.0199496740018 0.0213141854453 0.00979975476881 0.00235735983545 0.00955885218504 0.0133257707098 
0.0108838353544 0.0216277352647 0.0109146146102 0.0224511968595 0.00867300510567 0.0239910695881 0.0176927686184 0.0055057916342 0.064387347292 0.022715244614 0.0254095062616 0.0343775864034 0.216978639386 0.019571725868 0.0121248887443 0.0228053913145 0.00981891943936 0.0244513083301 0.00978221658044 0.00978291396265 
0.00792392256746 -0.000286383574798 0.0145488802834 0.149377890291 0.0187070854217 0.0170268669692 0.0574288764664 0.0648304496733 0.0534233473314 0.0546137470402 0.00577573877069 0.0366277926681 0.019571725868 1.0077615561 0.0213703544632 0.0334274133074 0.025077717751 0.00906071850066 -0.00244744212875 -0.00129460477784 
0.00541853264418 0.0108665873437 0.0285828489981 0.033615825998 0.167159751514 -0.00478987605293 0.00520796655014 0.00197164886021 0.0532979993161 0.036338416239 0.000379797408612 0.0199496740018 0.0121248887443 0.0213703544632 0.449842955889 0.0149514154737 0.00747910739845 0.0254115349613 0.0357788322645 0.0309395278953 
0.0127221292614 0.0219593517646 0.0162807732497 0.0441304643049 0.0179810685484 0.0237939085707 0.00534966438264 0.030391494186 0.0399229842871 0.0144610655444 0.026511339347 0.0213141854453 0.0228053913145 0.0334274133074 0.0149514154737 0.214381705264 0.0175315013683 0.0267331466213 0.00689494705817 0.0432700157192 
6.64506194068e-05 0.0129564709569 0.0060043169212 0.0231744401479 0.0063432909202 0.00682317325011 0.0226186165625 0.0141592313491 0.0358273311372 0.0263965216811 0.0299748350905 0.00979975476881 0.00981891943936 0.025077717751 0.00747910739845 0.0175315013683 0.255513871038 0.0111186895298 0.00370688700857 -0.00155881034652 
0.0388892615273 0.0232515644356 0.00920659586887 0.0316829324222 0.00930466399394 0.0161340416399 0.00328801407329 0.0180961099294 0.040573194152 0.0231929590668 0.0211154919633 0.00235735983545 0.0244513083301 0.00906071850066 0.0254115349613 0.0267331466213 0.0111186895298 0.318395326338 0.00673584552516 0.0119886392065 
0.0125677872501 0.0235414993707 0.00105935958165 0.0288734144433 0.00567001817407 0.0159357347479 0.00181354902361 0.00461839662826 0.0411323515868 0.00588383421568 0.00669981257359 0.00955885218504 0.00978221658044 -0.00244744212875 0.0357788322645 0.00689494705817 0.00370688700857 0.00673584552516 0.503627680383 0.0239856433471 
0.00696630467099 0.0207180047184 0.0157204372019 0.00304037655854 0.0294202411391 0.00440614792005 0.00842253827347 0.00122644799142 0.0238312633375 0.0130762948088 0.014268638924 0.0133257707098 0.00978291396265 -0.00129460477784 0.0309395278953 0.0432700157192 -0.00155881034652 0.0119886392065 0.0239856433471 0.202437715585 

['JNJ', 'BAX', 'BF.B', 'VMC', 'COP', 'FSH', 'EDS', 'HSP', 'PHM', 'TXN', 'COST', 'CA', 'PLL', 'MNST', 'DVN', 'EQR', 'AT', 'SGP', 'AES', 'ETR']