30
0.123926899062 0.0335346879574 0.0428749123775 0.0341115490789 0.0754552666066 0.026407260569 0.0441448787565 0.0870342926162 0.162626926374 0.0307440439862 0.0248608942987 0.0373994541978 0.0425593974561 0.0231877092109 0.0254946283421 0.0353466838873 0.0753619397022 0.0693656588129 0.023795453615 0.0752984700253 0.123248136701 0.116988452624 0.0743441041655 0.126305303483 0.140066530531 0.0314738433907 0.0290232005544 0.0582377086348 0.074230100705 0.005148759701 
0.909633177445 -0.0172685458359 0.0258831196592 -0.0117067979107 0.000521670709691 0.0195677014135 -0.00021674095868 0.0384824424086 -0.00326083794061 0.0222316403197 0.00751366834377 0.0127571689886 0.017548680815 -0.00232708127209 0.00611328348624 0.0209420747031 0.0230403884981 -0.000233959443145 -0.000361719914966 0.0178881507485 0.0317907556364 0.0133485576674 0.00547406947511 0.0322684715951 0.020209667598 0.00393240818464 0.0210067967301 0.00423911045702 0.0379669388493 -0.00933769650337 
-0.0172685458359 0.239108565349 0.00137576147077 0.0035128667489 0.0175425602526 0.018384253114 0.0122136611803 0.0106187299116 0.00616868798054 0.0188255547815 0.0135025886454 0.00605842588379 0.0270534839467 0.00678932212012 0.0173548532347 0.0186790591669 0.00881775302078 0.0146269709056 0.0160897569036 0.0311836925913 0.0189204729191 0.00768746781614 0.00732896895292 0.00627494835669 0.0325560595853 0.0109388214592 0.0173220175554 0.0020740733973 0.0108406160027 0.0163131307925 
0.0258831196592 0.00137576147077 0.26412146146 0.0209470194528 0.00523134531422 0.0233823928303 0.0433014623295 0.0238221517947 0.00340552812171 0.0284785053402 0.0262509851887 -0.00406460645776 0.0335144065097 0.0189071807106 0.0207673981902 0.0227298613511 0.0212395004541 0.0082001951688 0.0221550177757 0.0171912290744 0.0090763665771 0.0259227879708 0.0125904882657 0.0202130813933 0.0324994223964 0.0291720553877 0.0132251458128 0.021890141259 0.0325560565983 0.00978666682787 
-0.0117067979107 0.0035128667489 0.0209470194528 0.226259482337 0.0165438072832 0.0109769880708 0.0181835420507 0.0221424582307 0.00869722513138 0.0235618555094 0.0263564593396 0.0205696735961 -0.00454288545631 0.0304776741897 0.0215257327434 0.00603382385821 0.00378527013061 0.0191293359782 0.00753288722007 -0.00153098314414 0.0105435491975 0.0184255503929 0.0149147667087 0.00503451699158 0.0280816288404 0.0164365212998 0.0109873757859 -0.0042591601685 0.0158102853269 0.00896906146379 
0.000521670709689 0.0175425602526 0.00523134531422 0.0165438072832 0.658399009296 0.0217456610137 0.0245954746843 0.0327617189297 0.00487671919027 0.0661300259099 0.0254196037528 0.0384960791379 0.0410995302128 0.000567695783051 0.0130879881523 0.00794968102755 0.0171208395752 0.0371293032297 -0.00373347032415 0.0257637635369 0.0616303448729 0.0813000033874 0.0265178148917 0.0207930145932 0.0298398553395 0.023192531738 0.0102277817434 0.0350484073125 0.0913572771829 0.00869255125979 
0.0195677014135 0.018384253114 0.0233823928303 0.0109769880708 0.0217456610137 0.201296646232 0.0542363949266 0.0222360072153 0.0263188900663 0.0334549401532 0.0451399347027 0.0162549817764 0.0241096960997 0.0021515800255 0.0245386175153 0.0481539030938 -0.00271679302697 0.0161800306751 0.0207875817418 0.0169464749295 0.0275810366903 0.0209733380723 0.0252122770952 -0.00737020736191 0.016898864636 0.0224139472931 0.0235887954173 0.0183095523799 0.0446191635362 0.00306091589419 
-0.00021674095868 0.0122136611803 0.0433014623295 0.0181835420507 0.0245954746843 0.0542363949266 0.252538020912 0.0422067891369 0.0177301596177 0.048349384144 0.0579849899961 0.026249221753 0.0163584303002 0.0043551230652 0.00970770583592 0.0387938121592 0.00895495209908 0.0262067398402 0.0299134918369 0.0319492027174 0.0201586355958 0.0333600445699 0.0340497776702 0.0118615093324 0.0283665597625 0.015920161818 0.0346871288628 0.00883447619834 0.0627742908378 0.0130105376146 
0.0384824424086 0.0106187299116 0.0238221517947 0.0221424582307 0.0327617189297 0.0222360072153 0.0422067891369 0.399180775128 0.013899920531 0.0250937265689 0.0355195970746 0.0280054509705 0.0247227951665 0.022898190468 0.01222853946 0.0185114710457 0.030312468267 0.0167895106016 0.00261720786105 0.027221095693 0.0381785283546 0.0613249457354 0.0453673059059 0.0593723911317 0.0366914860939 0.0105810120021 0.0142815208511 0.0218310044946 0.0468879667846 -0.00894340513018 
-0.00326083794061 0.00616868798054 0.00340552812171 0.00869722513138 0.00487671919027 0.0263188900663 0.0177301596177 0.013899920531 1.12715894796 0.00686402766982 0.00269871776242 0.0133869866819 0.0137379493219 0.00363350251228 0.040683108953 0.00983380435615 0.0430770016701 0.0186487190673 0.0320462085497 0.0159106633784 -0.00222677373624 0.0131705198152 0.010201399976 0.0749567623933 0.0114551038349 -0.00100943599041 0.0206503231913 0.0367649063821 0.00512831138779 0.0117762532788 
0.0222316403197 0.0188255547815 0.0284785053402 0.0235618555094 0.0661300259099 0.0334549401532 0.048349384144 0.0250937265689 0.00686402766982 0.228141307359 0.0426716539224 0.0267977031265 0.0194025823014 0.0103046570354 0.014707937038 0.0232093070357 0.010001027762 0.00638049610412 0.024108330489 0.0208340599935 0.0368681312182 0.0365453055573 0.00822283806234 0.0203897814567 0.0394349657096 0.0207294815901 0.0331045829218 0.0215372445835 0.0617194887011 0.00329977468592 
0.00751366834377 0.0135025886454 0.0262509851887 0.0263564593396 0.0254196037528 0.0451399347027 0.0579849899961 0.0355195970746 0.00269871776242 0.0426716539224 0.214536537295 0.0325343370395 0.0211947652193 0.00772145501997 0.0300275714691 0.035299503423 -0.00754379040038 0.0138270817438 0.0162628133384 0.0341083681702 0.015120473692 0.013564862546 0.0269138081187 0.00464971251645 0.00930707443179 0.0229966930153 0.0302108426997 0.00423925466497 0.0477405196187 0.00766907227033 
0.0127571689886 0.00605842588379 -0.00406460645776 0.0205696735961 0.0384960791379 0.0162549817764 0.026249221753 0.0280054509705 0.0133869866819 0.0267977031265 0.0325343370395 0.314008034027 0.0351518152254 -0.000111124484615 0.00489283230981 0.0163396601101 0.0173412149534 0.0415444057644 0.00940019791023 0.0124905499317 0.0253113947861 0.0185545599756 0.023704082902 0.0112301154705 0.0185606409394 0.0182786216873 0.0293184003953 0.0564434381445 0.0548639109011 0.0142723993599 
0.017548680815 0.0270534839467 0.0335144065097 -0.00454288545631 0.0410995302128 0.0241096960997 0.0163584303002 0.0247227951665 0.0137379493219 0.0194025823014 0.0211947652193 0.0351518152254 0.402220942032 0.0129310124325 0.0203255690903 0.0081358672701 0.0418753115462 0.0192212265819 0.0298036192102 0.0270130661743 0.030897338537 0.0364089441318 0.0597389378359 0.00467140433226 0.0262498384676 0.0156985085984 0.0113534851715 0.0136735921649 0.0503338980341 0.0186126939443 
-0.00232708127209 0.00678932212012 0.0189071807106 0.0304776741897 0.000567695783051 0.0021515800255 0.0043551230652 0.022898190468 0.00363350251228 0.0103046570354 0.00772145501997 -0.000111124484615 0.0129310124325 0.226982883091 0.0155260916978 0.00586278690038 0.0239720943388 0.00930938200467 0.00712941346981 0.0243873640894 0.00838498114316 0.0321077449576 -0.000426605966005 0.0153891301052 0.0103465978955 0.0129417566087 0.00918027213302 -0.00069742049169 0.00887350750428 0.00839864842035 
0.00611328348624 0.0173548532347 0.0207673981902 0.0215257327434 0.0130879881523 0.0245386175153 0.00970770583592 0.01222853946 0.040683108953 0.014707937038 0.0300275714691 0.00489283230981 0.0203255690903 0.0155260916978 0.200215120673 0.0130081926145 0.019106135165 0.0047019069202 0.0534066219358 0.00357971057281 0.0231176255977 0.00162826042673 -0.00576746198818 0.0172831155564 0.0107313551892 0.00398082050284 0.0160988285996 -0.00377620430414 0.0115198212275 0.00426483755691 
0.0209420747031 0.0186790591669 0.0227298613511 0.00603382385821 0.00794968102755 0.0481539030938 0.0387938121592 0.0185114710457 0.00983380435615 0.0232093070357 0.035299503423 0.0163396601101 0.0081358672701 0.00586278690038 0.0130081926145 0.270845572897 0.000140994402307 0.0145622022502 0.0237555929869 0.0158909686728 0.0179462967532 0.0136113474851 0.0279482033774 0.00574280279395 0.006333538877 0.016015990016 0.0183461465231 0.011710788097 0.0245949112976 0.0114643143375 
0.0230403884981 0.00881775302078 0.0212395004541 0.00378527013061 0.0171208395752 -0.00271679302697 0.00895495209908 0.030312468267 0.0430770016701 0.010001027762 -0.00754379040038 0.0173412149534 0.0418753115462 0.0239720943388 0.019106135165 0.000140994402307 0.363409452031 0.00219173463587 0.0344868701935 0.0275661560955 0.0700494349199 0.0411252717542 0.000310501896843 0.135994070391 0.0201547333714 0.0227928919597 -0.0118455531977 -0.00962691939525 0.0667089522287 0.005944380805 
-0.000233959443145 0.0146269709056 0.0082001951688 0.0191293359782 0.0371293032297 0.0161800306751 0.0262067398402 0.0167895106016 0.0186487190673 0.00638049610412 0.0138270817438 0.0415444057644 0.0192212265819 0.00930938200467 0.0047019069202 0.0145622022502 0.00219173463587 0.38742131066 0.0248265641928 0.013546781052 0.0239951958231 0.0363795365408 0.0272986423545 0.0255586959722 0.00318372753786 0.0183069401803 0.010138130356 0.0141517055101 0.0292456393416 0.0111207386774 
-0.000361719914965 0.0160897569036 0.0221550177757 0.00753288722007 -0.00373347032415 0.0207875817418 0.0299134918369 0.00261720786105 0.0320462085497 0.024108330489 0.0162628133384 0.00940019791023 0.0298036192102 0.00712941346981 0.0534066219358 0.0237555929869 0.0344868701935 0.0248265641928 0.187289787687 0.000241739091284 0.0255767569185 -0.0110639420076 -0.005278234095 0.0143626901965 0.0216098235287 0.00657303462475 0.00945108809494 0.00858516441523 0.0172602584835 0.0102447456562 
0.0178881507485 0.0311836925913 0.0171912290744 -0.00153098314414 0.0257637635369 0.0169464749295 0.0319492027174 0.027221095693 0.0159106633784 0.0208340599935 0.0341083681702 0.0124905499317 0.0270130661743 0.0243873640894 0.00357971057281 0.0158909686728 0.0275661560955 0.013546781052 0.000241739091284 0.492853862227 0.0437172979912 0.0461623416298 -0.00539394135391 0.0469793928119 -0.000312926303512 0.0297503219202 0.0265671159822 0.0210362079961 0.0552912666606 0.0408742148342 
0.0317907556364 0.0189204729191 0.0090763665771 0.0105435491975 0.0616303448729 0.0275810366903 0.0201586355958 0.0381785283546 -0.00222677373624 0.0368681312182 0.015120473692 0.0253113947861 0.030897338537 0.00838498114316 0.0231176255977 0.0179462967532 0.0700494349199 0.0239951958231 0.0255767569185 0.0437172979912 0.472064020353 0.0372754037435 0.038249299468 0.0213924182321 0.0413771077228 0.0247638012847 0.00324737330097 0.0122140051263 0.047997970067 0.0209629594746 
0.0133485576674 0.00768746781614 0.0259227879708 0.0184255503929 0.0813000033874 0.0209733380723 0.0333600445699 0.0613249457354 0.0131705198152 0.0365453055573 0.013564862546 0.0185545599756 0.0364089441318 0.0321077449576 0.00162826042673 0.0136113474851 0.0411252717542 0.0363795365408 -0.0110639420076 0.0461623416298 0.0372754037435 0.467898026253 0.0221735800794 0.0559699504285 0.0322672375244 0.010751005016 0.0262135888553 0.018926578914 0.0833834657529 0.00742895664606 
0.00547406947511 0.00732896895292 0.0125904882657 0.0149147667087 0.0265178148917 0.0252122770952 0.0340497776702 0.0453673059059 0.010201399976 0.00822283806234 0.0269138081187 0.023704082902 0.0597389378359 -0.000426605966005 -0.00576746198818 0.0279482033774 0.000310501896842 0.0272986423545 -0.005278234095 -0.00539394135391 0.038249299468 0.0221735800794 0.392166289543 -0.00549241117741 0.028283245524 0.00109334166514 0.0150347669154 0.0104769752161 0.0995491425294 -0.00215440734824 
0.0322684715951 0.00627494835669 0.0202130813933 0.00503451699158 0.0207930145932 -0.00737020736191 0.0118615093324 0.0593723911317 0.0749567623933 0.0203897814567 0.00464971251645 0.0112301154705 0.00467140433226 0.0153891301052 0.0172831155564 0.00574280279395 0.135994070391 0.0255586959722 0.0143626901965 0.0469793928119 0.0213924182321 0.0559699504285 -0.00549241117741 0.467106839428 -0.0101798653621 0.014886816446 0.0141731829569 0.0141697708013 0.055928951767 0.00461850097002 
0.020209667598 0.0325560595853 0.0324994223964 0.0280816288404 0.0298398553395 0.016898864636 0.0283665597625 0.0366914860939 0.0114551038349 0.0394349657096 0.00930707443179 0.0185606409394 0.0262498384676 0.0103465978955 0.0107313551892 0.006333538877 0.0201547333714 0.00318372753786 0.0216098235287 -0.000312926303512 0.0413771077228 0.0322672375244 0.028283245524 -0.0101798653621 1.45411274975 0.00101711608165 0.0102582280649 0.0222883964603 0.0571221353498 0.00239550810119 
0.00393240818464 0.0109388214592 0.0291720553877 0.0164365212998 0.023192531738 0.0224139472931 0.015920161818 0.0105810120021 -0.00100943599041 0.0207294815901 0.0229966930153 0.0182786216873 0.0156985085984 0.0129417566087 0.00398082050284 0.016015990016 0.0227928919597 0.0183069401803 0.00657303462475 0.0297503219202 0.0247638012847 0.010751005016 0.00109334166514 0.014886816446 0.00101711608165 0.293941613026 0.00946098059297 0.0223644415471 0.0227410172939 -0.0097531106952 
0.0210067967301 0.0173220175554 0.0132251458128 0.0109873757859 0.0102277817434 0.0235887954173 0.0346871288628 0.0142815208511 0.0206503231913 0.0331045829218 0.0302108426997 0.0293184003953 0.0113534851715 0.00918027213302 0.0160988285996 0.0183461465231 -0.0118455531977 0.010138130356 0.00945108809494 0.0265671159822 0.00324737330097 0.0262135888553 0.0150347669154 0.0141731829569 0.0102582280649 0.00946098059297 0.253055997962 0.00550552943264 0.0279352203244 0.0184713709267 
0.00423911045702 0.0020740733973 0.021890141259 -0.0042591601685 0.0350484073125 0.0183095523799 0.00883447619834 0.0218310044946 0.0367649063821 0.0215372445835 0.00423925466497 0.0564434381445 0.0136735921649 -0.00069742049169 -0.00377620430414 0.011710788097 -0.00962691939525 0.0141517055101 0.00858516441523 0.0210362079961 0.0122140051263 0.018926578914 0.0104769752161 0.0141697708013 0.0222883964603 0.0223644415471 0.00550552943264 0.462642148158 0.0175945907779 0.0197590277927 
0.0379669388493 0.0108406160027 0.0325560565983 0.0158102853269 0.0913572771829 0.0446191635362 0.0627742908378 0.0468879667846 0.00512831138779 0.0617194887011 0.0477405196187 0.0548639109011 0.0503338980341 0.00887350750428 0.0115198212275 0.0245949112976 0.0667089522287 0.0292456393416 0.0172602584835 0.0552912666606 0.047997970067 0.0833834657529 0.0995491425294 0.055928951767 0.0571221353498 0.0227410172939 0.0279352203244 0.0175945907779 0.496955831668 0.028737478137 
-0.00933769650337 0.0163131307925 0.00978666682787 0.00896906146379 0.00869255125979 0.00306091589419 0.0130105376146 -0.00894340513018 0.0117762532788 0.00329977468592 0.00766907227033 0.0142723993599 0.0186126939443 0.00839864842035 0.00426483755691 0.0114643143375 0.005944380805 0.0111207386774 0.0102447456562 0.0408742148342 0.0209629594746 0.00742895664606 -0.00215440734824 0.00461850097002 0.00239550810119 -0.0097531106952 0.0184713709267 0.0197590277927 0.028737478137 0.232652567408 

['CSC', 'BAX', 'CMCSA', 'CTL', 'TIF', 'NCC', 'MEL', 'BNI', 'TXU', 'PCL', 'SNV', 'GPS', 'BC', 'CZN', 'FPL', 'RF', 'APA', 'CVS', 'ETR', 'STJ', 'GILD', 'FLR', 'FDO', 'BHI', 'NAV', 'MMC', 'CB', 'TSN', 'KBH', 'WWY']