30
0.00873698993333 0.0565521495323 0.200970993098 0.0418020448473 0.0501755430095 0.138528932385 0.0179151897049 0.0132097716294 0.0766878163077 0.0354646018646 0.0442487549982 0.146363775453 0.026407260569 0.0282353637115 0.0522861094618 0.0690415105338 0.080285366307 0.0247746242904 0.0785675118811 0.0449680709256 0.0435638119902 0.0911559741232 0.239728898705 0.0479675113811 0.0482651065397 0.0162851568228 0.0708595176859 0.022369934908 0.0266110290159 0.0184249616408 
0.111247362997 0.00210912541024 0.0216548500814 0.00648968647007 0.00640202005432 0.00384610361535 0.0105895968158 0.0181596726825 0.0118909171108 0.0110863201945 0.01701460035 0.00745619909293 0.0218994459656 0.018636732788 0.0186039491658 0.00716245388534 0.0165361509918 0.0200802628189 0.0239465319678 0.011307140443 0.0198412700001 0.0170796546492 0.0111418043953 0.0173176265664 0.00918306787799 0.00739302484883 0.0120811232171 0.0141053206436 0.00992743588411 0.0171962289974 
0.00210912541024 0.372055897927 0.00177243174583 0.0175006379051 0.030987961816 0.0178449190126 0.00242448660691 0.0111379925118 0.0351858524914 0.0109420575815 0.0179646148293 -0.000617510982164 0.0106837454981 0.0165757710234 0.0360819497997 0.0267898206844 0.0358474118214 0.0137974463715 0.0145892917446 0.00859950138847 0.0014286460009 0.0203834671072 0.0440836680714 0.0336588146267 0.0255811635745 0.0154093271317 0.0263000582422 0.0145952656428 0.0037134019663 0.0258560051059 
0.0216548500814 0.00177243174583 0.907251679607 0.0145911438762 0.0107384886389 0.0165956946678 0.0503904824046 0.00491550526733 0.0165962239392 0.0215588005591 0.0171317636247 0.00822006396985 0.010113463023 0.0156384177371 -0.00359389666031 -0.00167210370731 0.0205315951523 0.0131050322133 0.202468275618 0.00110348937203 0.0261313784214 0.0363187450122 0.0144509465008 0.0287728809538 0.0255485180825 0.0175146318298 -0.00533283444498 0.0116354293283 0.00846206186159 0.0124724116793 
0.00648968647007 0.0175006379051 0.0145911438762 0.256566158972 0.00745580346629 0.0166533530748 0.00932959731005 0.0268026497022 0.0442931034111 0.0173666857569 0.0108314393851 0.015075611325 0.0319849380558 0.014476599868 0.0525299332773 0.0386560223794 0.0347783980012 0.0157560315112 0.0235160514206 0.0309158364983 0.0171599688837 0.0335616067062 0.027471898515 0.0423153339979 -0.00184912893785 0.0221533325906 0.0160573917778 0.0339954225619 0.0208659119482 0.0342721395071 
0.00640202005432 0.030987961816 0.0107384886389 0.00745580346629 0.321026045666 0.0455941022532 -0.00170635440009 0.0163729013447 0.0228858968879 0.00744209872076 0.0113119022878 0.019539832799 0.0301182409822 0.0167903734109 0.0226800188776 0.0140320769105 0.0112361156561 0.0210866975915 0.0210981798287 0.0272811590929 0.00249275096525 0.00481485633371 0.0533767002837 0.0178653404103 0.0185007862645 0.012974930001 0.0269464693172 0.00304785545634 0.0299870582383 0.0123999314311 
0.00384610361535 0.0178449190126 0.0165956946678 0.0166533530748 0.0455941022532 1.00629812058 0.0221750669734 0.0150839220798 0.0345950600291 0.0217981151571 0.0136229734576 0.00298720645151 0.00792997253649 0.0232722379404 0.0137946647076 0.0382358854655 0.00795524204588 0.00578665501861 0.0177266531849 0.0123719008849 0.0091995738451 0.0238129677386 0.0365488150036 -0.00340343562678 0.0427089728202 0.0218000126027 -0.00476363204832 0.00958758154177 -0.0029871161529 0.00373712779378 
0.0105895968158 0.00242448660691 0.0503904824046 0.00932959731005 -0.00170635440009 0.0221750669734 0.308872849972 0.0129092292704 0.00627190767371 0.012973624695 0.0315047897211 0.0105810305734 0.0121203555058 0.0198576954929 0.0190851728207 0.00766481240318 0.00236293182395 0.00348169861118 0.028588398293 0.0159400194221 0.021062383103 0.00626816524067 0.00443021870137 0.0215872017963 0.00658203840223 0.016732065129 0.00485529721083 0.0181397708523 -0.00100302819042 0.016965711648 
0.0181596726825 0.0111379925118 0.00491550526733 0.0268026497022 0.0163729013447 0.0150839220798 0.0129092292704 0.169042884872 0.0305633855874 -4.94114883712e-05 0.0155130681086 0.00348224533864 0.0110260960987 0.00684054917039 0.00544133039341 0.0256682961767 0.0134357027485 0.0136250994266 0.016926218242 -0.00126669605282 0.010090056237 0.0151585847582 0.0225094790617 0.0115168610963 0.0188902889869 -0.00245549752212 0.00806769082917 0.0148339120288 0.0248475913244 0.00964031162557 
0.0118909171108 0.0351858524914 0.0165962239392 0.0442931034111 0.0228858968879 0.0345950600291 0.00627190767371 0.0305633855874 0.44787046175 -0.0070231442239 0.0353624367578 0.00959759151554 0.0157414480755 0.0276935175895 0.0485092878271 0.0562636776817 0.0576767530248 0.0134197013733 0.0230507462683 0.0150269196068 0.0128578325458 0.0364259206118 0.15436601585 0.00405411844911 0.0554349166684 -0.00139058676256 0.019448509931 0.0264668252035 0.0283951303213 0.0235750868701 
0.0110863201945 0.0109420575815 0.0215588005591 0.0173666857569 0.00744209872076 0.0217981151571 0.012973624695 -4.94114883711e-05 -0.0070231442239 0.204398519844 0.00942010550266 0.0155772561176 0.0250462390212 0.0170169259156 0.0114408281454 0.00604689565046 0.0132902061632 0.00553746347008 9.23098682754e-05 0.0182039838369 0.0140012719041 0.00187431827339 0.0240020912954 0.0150158132592 -0.00112678098875 0.054060311548 0.0276980324598 0.00890951947412 0.0226627245962 0.0207734120407 
0.01701460035 0.0179646148293 0.0171317636247 0.0108314393851 0.0113119022878 0.0136229734576 0.0315047897211 0.0155130681086 0.0353624367578 0.00942010550266 0.277117001767 0.00299164725758 0.00981874777203 0.0159099910252 0.0211257367372 0.0223095503984 -0.000471148311003 0.0165545096143 -0.00381019851721 0.00914452563535 0.00299404979086 0.0248833229508 0.0484519963529 0.00653910427023 0.0231325077729 0.0146529838535 0.00376772247215 0.0209315201337 0.000978563106533 0.0203684267362 
0.00745619909293 -0.000617510982165 0.00822006396985 0.015075611325 0.019539832799 0.00298720645151 0.0105810305734 0.00348224533864 0.00959759151554 0.0155772561176 0.00299164725758 0.983103514641 0.00790177545678 0.00811680109429 0.0220823533319 0.011060337177 0.0106794780069 0.00651372953157 -0.00628414624708 0.0194913892857 0.0156132972654 0.0323866949564 0.0227361319994 0.0172647564949 0.0167808843899 0.0165093989267 0.0276257830186 0.0136957794774 0.0436043618918 0.01765291248 
0.0218994459656 0.0106837454981 0.010113463023 0.0319849380558 0.0301182409822 0.00792997253649 0.0121203555058 0.0110260960987 0.0157414480755 0.0250462390212 0.00981874777203 0.00790177545678 0.209089472206 0.0489824529312 0.0295011622941 0.0201457540698 0.0241635794973 0.0226544064773 -0.00247268666505 0.02034436659 0.0236910008622 0.0212529424756 0.0295139196564 0.0333478850438 0.0113479594554 0.0127524352913 0.0210415744842 0.0241782352648 0.0107941966833 0.0516050413648 
0.018636732788 0.0165757710234 0.0156384177371 0.014476599868 0.0167903734109 0.0232722379404 0.0198576954929 0.00684054917039 0.0276935175895 0.0170169259156 0.0159099910252 0.00811680109429 0.0489824529312 0.146871672973 0.019949360344 0.0221794804795 0.0141285356879 0.0213157143237 0.00650302879117 0.0177917091197 0.0139000625682 0.0156029728913 0.043765952705 0.0202663461678 0.0149796285059 0.0213221713383 0.0200649508676 0.00972893394946 0.0227101965141 0.0574614731885 
0.0186039491658 0.0360819497997 -0.00359389666031 0.0525299332773 0.0226800188776 0.0137946647076 0.0190851728207 0.00544133039341 0.0485092878271 0.0114408281454 0.0211257367372 0.0220823533319 0.0295011622941 0.019949360344 0.319103160275 0.035719962298 0.0522695932619 0.0118744630511 0.0119682311941 0.0189105619181 0.0106509713196 0.0446771475462 0.0441607132038 0.0412046833251 0.0261572241462 0.00587982126435 0.00261800862932 0.0352806093469 0.00467341567793 0.0112572926831 
0.00716245388534 0.0267898206844 -0.00167210370731 0.0386560223794 0.0140320769105 0.0382358854655 0.00766481240318 0.0256682961767 0.0562636776817 0.00604689565046 0.0223095503984 0.011060337177 0.0201457540698 0.0221794804795 0.035719962298 0.420516303172 0.0501362902689 0.0143075168117 0.0319554195981 0.00522167044227 0.00821897612367 0.0500628691163 0.148103443358 0.0333357120125 0.028268867121 0.0111416406861 0.00737984705344 0.0459229749236 0.0118635212782 0.0210948920138 
0.0165361509918 0.0358474118214 0.0205315951523 0.0347783980012 0.0112361156561 0.00795524204588 0.00236293182395 0.0134357027485 0.0576767530248 0.0132902061632 -0.000471148311003 0.0106794780069 0.0241635794973 0.0141285356879 0.0522695932619 0.0501362902689 0.430227709642 0.0185273814847 0.0169250982237 0.0135532040009 0.00879440178812 0.0502488142525 0.0691000320176 0.0145473688422 0.028003539856 0.00270582094378 0.0305642566207 0.0212980312612 0.0334448996448 0.0176001114992 
0.0200802628189 0.0137974463715 0.0131050322133 0.0157560315112 0.0210866975915 0.00578665501861 0.00348169861118 0.0136250994266 0.0134197013733 0.00553746347008 0.0165545096143 0.00651372953157 0.0226544064773 0.0213157143237 0.0118744630511 0.0143075168117 0.0185273814847 0.190661220134 0.0250676904689 0.010566301768 0.00800461000194 0.0378919616678 0.0522125324141 0.0232911393758 0.0086280491168 0.0178524354919 0.0100532955542 0.0173029808515 0.014023650054 0.034365964249 
0.0239465319678 0.0145892917446 0.202468275618 0.0235160514206 0.0210981798287 0.0177266531849 0.028588398293 0.016926218242 0.0230507462683 9.23098682752e-05 -0.00381019851721 -0.00628414624708 -0.00247268666506 0.00650302879117 0.0119682311941 0.0319554195981 0.0169250982237 0.0250676904689 0.503695791269 0.0195305118002 -0.00961270950052 0.0217705190071 0.0448108232352 0.00711420271329 0.00886339347708 0.0128175559749 -0.00262774409747 0.0178035855995 0.00615619680552 0.00882174466772 
0.011307140443 0.00859950138847 0.00110348937203 0.0309158364983 0.0272811590929 0.0123719008849 0.0159400194221 -0.00126669605282 0.0150269196068 0.0182039838369 0.00914452563535 0.0194913892857 0.02034436659 0.0177917091197 0.0189105619181 0.00522167044227 0.0135532040009 0.010566301768 0.0195305118002 0.197677178713 0.0196198238132 0.0170426600586 0.0295595168196 0.0268467012238 0.0292559362131 0.0153102014156 0.0114453012292 0.0138628506286 0.00935068499114 0.0288568278265 
0.0198412700001 0.0014286460009 0.0261313784214 0.0171599688837 0.00249275096525 0.0091995738451 0.021062383103 0.010090056237 0.0128578325458 0.0140012719041 0.00299404979086 0.0156132972654 0.0236910008622 0.0139000625682 0.0106509713196 0.00821897612367 0.00879440178812 0.00800461000194 -0.00961270950052 0.0196198238132 0.280444442939 0.0101714949672 0.00614738128205 0.00572643634708 0.0154597138122 0.0247731433964 0.0100314365256 0.00815503495964 0.0286091248203 0.0114065801809 
0.0170796546492 0.0203834671072 0.0363187450122 0.0335616067062 0.00481485633371 0.0238129677386 0.00626816524067 0.0151585847582 0.0364259206118 0.00187431827339 0.0248833229508 0.0323866949564 0.0212529424756 0.0156029728913 0.0446771475462 0.0500628691162 0.0502488142525 0.0378919616678 0.0217705190071 0.0170426600586 0.0101714949672 0.371049281484 0.085927467007 0.0492550132572 0.0355249505128 0.00884014957746 0.0102340684218 0.0362920006558 0.0159379731579 0.0216929727744 
0.0111418043953 0.0440836680714 0.0144509465008 0.027471898515 0.0533767002837 0.0365488150036 0.00443021870137 0.0225094790617 0.15436601585 0.0240020912954 0.0484519963529 0.0227361319994 0.0295139196564 0.043765952705 0.0441607132038 0.148103443358 0.0691000320176 0.0522125324141 0.0448108232352 0.0295595168196 0.00614738128205 0.085927467007 0.881041176382 0.0395124110253 0.0292471550208 0.0314161410995 -0.00748282195704 0.045114994222 0.00234376020797 0.0346040376591 
0.0173176265664 0.0336588146267 0.0287728809538 0.0423153339979 0.0178653404103 -0.00340343562678 0.0215872017963 0.0115168610963 0.00405411844911 0.0150158132592 0.00653910427023 0.0172647564949 0.0333478850438 0.0202663461678 0.0412046833251 0.0333357120125 0.0145473688422 0.0232911393758 0.00711420271329 0.0268467012238 0.00572643634708 0.0492550132572 0.0395124110253 0.340463580381 0.0276329396612 0.017261107653 0.0189522424191 0.0262676770657 0.0238135759993 0.0297204730408 
0.00918306787799 0.0255811635745 0.0255485180825 -0.00184912893785 0.0185007862645 0.0427089728202 0.00658203840223 0.0188902889869 0.0554349166684 -0.00112678098875 0.0231325077729 0.0167808843899 0.0113479594554 0.0149796285059 0.0261572241462 0.028268867121 0.028003539856 0.0086280491168 0.00886339347708 0.0292559362131 0.0154597138122 0.0355249505128 0.0292471550208 0.0276329396612 0.3066986236 0.015994951612 0.0130121590713 0.00788189453783 0.0313702474859 0.0255727838429 
0.00739302484883 0.0154093271317 0.0175146318298 0.0221533325906 0.012974930001 0.0218000126027 0.016732065129 -0.00245549752212 -0.00139058676256 0.054060311548 0.0146529838535 0.0165093989267 0.0127524352913 0.0213221713383 0.00587982126435 0.0111416406861 0.00270582094378 0.0178524354919 0.0128175559749 0.0153102014156 0.0247731433964 0.00884014957746 0.0314161410995 0.017261107653 0.015994951612 0.15974010615 0.0126414713128 0.018079047809 0.0176397142375 0.0273820246285 
0.0120811232171 0.0263000582422 -0.00533283444498 0.0160573917778 0.0269464693172 -0.00476363204832 0.00485529721083 0.00806769082917 0.019448509931 0.0276980324598 0.00376772247215 0.0276257830186 0.0210415744842 0.0200649508676 0.00261800862932 0.00737984705344 0.0305642566207 0.0100532955542 -0.00262774409747 0.0114453012292 0.0100314365256 0.0102340684218 -0.00748282195704 0.0189522424191 0.0130121590713 0.0126414713128 0.406949346019 0.0125439461833 0.00891395663646 0.0136244098064 
0.0141053206436 0.0145952656428 0.0116354293283 0.0339954225619 0.00304785545634 0.00958758154177 0.0181397708523 0.0148339120288 0.0264668252035 0.00890951947412 0.0209315201337 0.0136957794774 0.0241782352648 0.00972893394946 0.0352806093469 0.0459229749236 0.0212980312612 0.0173029808515 0.0178035855995 0.0138628506286 0.00815503495964 0.0362920006558 0.045114994222 0.0262676770657 0.00788189453783 0.018079047809 0.0125439461833 0.207695574343 0.00842061226999 0.0281186330349 
0.00992743588411 0.0037134019663 0.00846206186159 0.0208659119482 0.0299870582383 -0.0029871161529 -0.00100302819042 0.0248475913244 0.0283951303213 0.0226627245962 0.000978563106533 0.0436043618918 0.0107941966833 0.0227101965141 0.00467341567793 0.0118635212782 0.0334448996448 0.014023650054 0.00615619680552 0.00935068499114 0.0286091248203 0.0159379731579 0.00234376020796 0.0238135759993 0.0313702474859 0.0176397142375 0.00891395663646 0.00842061226999 0.288472815656 0.0259104479146 
0.0171962289974 0.0258560051059 0.0124724116793 0.0342721395071 0.0123999314311 0.00373712779378 0.016965711648 0.00964031162557 0.0235750868701 0.0207734120407 0.0203684267362 0.01765291248 0.0516050413648 0.0574614731885 0.0112572926831 0.0210948920138 0.0176001114992 0.034365964249 0.00882174466772 0.0288568278265 0.0114065801809 0.0216929727744 0.0346040376591 0.0297204730408 0.0255727838429 0.0273820246285 0.0136244098064 0.0281186330349 0.0259104479146 0.167442231946 

['KO', 'XRX', 'GM', 'GWW', 'MHP', 'SHLD', 'SVU', 'IBM', 'KLAC', 'PCG', 'DIS', 'HUM', 'NCC', 'MTB', 'ASD', 'A', 'HPC', 'VZ', 'F', 'LMT', 'MO', 'CMI', 'NVDA', 'SWK', 'MCD', 'AEP', 'CMX', 'PLL', 'AMGN', 'HBAN']