30
0.0426672552596 0.0359279599811 0.169485482474 0.0753619397022 0.10135047428 0.022369934908 0.0325349378307 0.0514292405054 0.0525709156995 0.0151091702759 0.114457978761 0.138528932385 0.0248078828137 0.0377827405953 0.0582377086348 0.0211692002509 0.0308834605432 0.0770368317024 0.0754225878746 0.0260517267587 0.0272696759741 0.0278380444533 0.0523918745475 0.079223051944 0.0447966226616 0.0254946283421 0.0210054402465 0.0936509155003 0.040534814632 0.101481112582 
0.216073587892 0.0105278736909 0.00475013881339 0.0204038566672 0.0339725557046 0.0223724908393 0.0111303395871 0.0266385465112 0.0208396820253 0.0148469862425 0.0162115993871 0.0363930798623 0.0172853128778 0.024521409861 0.0174219289482 0.0148970435681 0.0178845995199 0.01036929847 0.0257002666107 0.0146593842234 0.0169142909057 0.0116272247863 0.0321438875285 0.0287214295231 0.0294873340408 0.0198932279371 0.0161929806344 0.0360218703841 0.0116441871836 0.0112283266795 
0.0105278736909 0.238178263342 0.0178795088081 0.0236528632138 0.0231989733908 0.0110772861485 -0.00216374525732 0.0199472302631 0.0187298706921 0.0127086216246 0.0113912925851 0.0235995478123 0.0121909975986 0.0378794895652 0.0189462837705 -0.0032579431844 0.012813330905 0.015335954584 0.0176437252276 0.0167770077105 0.0152185249792 0.00874940091413 -0.000925166004637 0.0290185999816 0.0291061304085 0.0102126865812 0.00824205020878 0.0126924168058 0.000824699194541 -0.00396707211957 
0.00475013881339 0.0178795088081 0.677702669352 0.0519449571892 0.0207456727615 0.0195172915267 0.00168086891611 0.0476476553439 0.0212436808421 0.0107665802629 0.0365291455375 -0.0169591216254 0.00248803786432 0.0216439734755 0.00964442066535 -0.00412036921112 0.00392786683365 0.0284256008639 0.035422534571 0.0144259983091 0.0123703805213 0.012981726223 0.0203380181806 0.0206249687974 0.0203304373527 0.0345894466751 -0.000219055147817 0.00437683250399 -0.00794046731261 0.0211351808136 
0.0204038566672 0.0236528632138 0.0519449571892 0.3582531288 0.0264885355832 0.00830553444806 -0.00368631956273 0.0233123772674 0.0136207550105 0.0116064705541 0.183442701199 0.00848108659812 0.0153399340764 0.0370545337407 -0.000963381256863 0.0110337236664 0.0060471809093 0.0255275619368 0.00214336560391 0.0174337418168 0.0197722730015 -0.00938340971878 0.0061723870095 0.0182032700796 0.0148802002119 0.0195278170871 -0.00245962792615 0.0200096841824 0.0123105250722 0.00317089678303 
0.0339725557046 0.0231989733908 0.0207456727615 0.0264885355832 0.585092654235 0.0549550964679 -0.00127664810885 0.0409705464564 0.0399252532744 0.0194455499791 0.0407951386789 0.0314812320471 0.0172433496283 0.0172462038439 0.0118605174611 0.00906422548567 0.0361076575806 0.044608613674 0.0247230534696 0.0281710811984 0.0276852689436 0.0165332463191 0.0133639771631 0.0124495084128 0.0569225984937 0.0210278031039 0.0171889798146 0.0617469066102 0.00319980533848 0.0479464422017 
0.0223724908393 0.0110772861485 0.0195172915267 0.00830553444806 0.0549550964679 0.210458824937 0.00640351650871 0.0397700192033 0.0278466093012 0.016161503632 0.0121387574842 0.00951367791473 0.022991076407 0.0141492650722 0.0209462083233 0.0120000109537 0.0184154280981 0.0261049607404 0.00295688283124 0.0221347395064 0.0212995845392 0.0225436045534 0.0144440452326 0.023235578635 0.0260819394486 0.0119012874175 0.00518908465818 0.0304482269997 0.00462223934738 0.00929942937537 
0.0111303395871 -0.00216374525732 0.00168086891611 -0.00368631956273 -0.00127664810885 0.00640351650871 0.296117303062 0.0233195499365 0.00669942048216 0.00267802596623 -0.00639583665007 -0.00871281573268 0.0171178758967 0.00526059477064 0.00971753910184 0.024801787101 0.0192614224734 -0.0122254137451 0.0326935929502 0.0133808932138 0.0118251148984 0.00928165814394 0.032720327799 0.0492452386902 0.025085400706 0.0125136096721 0.00647167078204 0.0184555536799 0.00016390134482 -0.00114221145922 
0.0266385465112 0.0199472302631 0.0476476553439 0.0233123772674 0.0409705464564 0.0397700192033 0.0233195499365 0.214883400816 0.0345111661479 0.0167837301009 0.0268019632259 0.0189458729014 0.0238246079003 0.0241445357484 0.0237696722133 0.0157419913843 0.0327966680233 0.0223343415955 0.0353960033882 0.040504615438 0.0223219203735 0.0188869198209 0.0110277213768 0.022367771599 0.0269470274544 0.0315291794276 0.0038905174379 0.0452550998874 -0.00880511625614 0.0127637491044 
0.0208396820253 0.0187298706921 0.0212436808421 0.0136207550105 0.0399252532744 0.0278466093012 0.00669942048216 0.0345111661479 0.330707416656 0.0116861885367 0.0114496756825 0.0134465192571 0.00370187116093 0.00393198549442 0.00199925160559 0.00487266990943 0.0233585749301 -0.00261739048216 0.0145936826227 0.0388060913859 0.0374856676715 -0.00473209538937 0.021097407453 0.0285781290091 0.0374373931777 0.00352545687896 0.00233624112399 0.0598469753169 -0.00604291866598 0.0229913515519 
0.0148469862425 0.0127086216246 0.0107665802629 0.0116064705541 0.0194455499791 0.016161503632 0.00267802596623 0.0167837301009 0.0116861885367 0.160436244897 0.00147241662338 0.00316539998449 0.0164904381032 0.00553588321498 0.0173390055598 0.0113178194203 0.0101709745662 0.0215583549878 0.027843616045 0.0150193879002 0.00937522627766 0.0218772499291 0.0179356482391 0.0150548806025 0.0206495194776 0.0147513624556 0.00817861442346 0.0169302449071 0.0158037775867 0.00606912153976 
0.0162115993871 0.0113912925851 0.0365291455375 0.183442701199 0.0407951386789 0.0121387574842 -0.00639583665007 0.0268019632259 0.0114496756825 0.00147241662338 0.416626077303 0.00619751543485 0.00520959631778 0.0386095891074 -0.00712342033816 0.0180399444292 -0.00314325100929 0.0130850647974 0.0178847975012 0.0243088004572 0.0188164337533 -0.0113977013522 0.0148531688413 0.00885577567334 0.00272096076236 0.0234617494645 0.0012536204975 0.0306927899463 0.0131701391364 0.0153495252481 
0.0363930798623 0.0235995478123 -0.0169591216254 0.00848108659812 0.0314812320471 0.00951367791473 -0.00871281573268 0.0189458729014 0.0134465192571 0.00316539998449 0.00619751543485 1.00680351692 0.0173117297622 0.0128518422889 0.0229223162395 0.00906022411761 0.00823724913245 0.028429927143 0.00637648614854 0.0204329127842 0.0224950004791 -0.00101634436907 0.00301206335014 0.0381917712238 0.0267939641023 0.0193954616468 -0.00909057984663 0.041771101339 -0.00469482999513 0.0218684846635 
0.0172853128778 0.0121909975986 0.00248803786432 0.0153399340764 0.0172433496283 0.022991076407 0.0171178758967 0.0238246079003 0.00370187116093 0.0164904381032 0.00520959631778 0.0173117297622 0.215530280993 0.0144373168923 0.0363276708563 0.018337959359 0.0106454434522 0.00117322495297 0.0120705418954 0.0137617984363 0.0114734704589 0.00729094328917 0.00404451819283 0.0109489003895 0.0180074224154 -0.000636807704408 0.0131876912417 0.0276327659551 0.0151269300269 0.00428470396066 
0.024521409861 0.0378794895652 0.0216439734755 0.0370545337407 0.0172462038439 0.0141492650722 0.00526059477064 0.0241445357484 0.00393198549442 0.00553588321498 0.0386095891074 0.0128518422889 0.0144373168923 0.329143783973 0.0312278836138 0.0123162115354 0.017654304702 0.0182956642104 0.00604608665962 0.00777340122399 0.00695595821058 0.0287435183883 0.0137395969427 0.00382911993978 0.00839643447941 0.0274242044459 0.0108828284495 0.0406167986123 0.0217779074493 0.00938379019575 
0.0174219289482 0.0189462837705 0.00964442066535 -0.000963381256864 0.0118605174611 0.0209462083233 0.00971753910184 0.0237696722133 0.00199925160559 0.0173390055598 -0.00712342033816 0.0229223162395 0.0363276708563 0.0312278836138 0.465259773871 0.0189933171229 0.00660494909598 -0.0116662233253 0.016564708932 0.0103898900861 0.0216670285152 0.0167106440845 0.0245801128334 0.0148049637498 0.031718075562 -0.00294544578633 0.0126391364875 0.00836757904013 0.00177628530199 0.00283570777666 
0.0148970435681 -0.0032579431844 -0.00412036921112 0.0110337236664 0.00906422548567 0.0120000109537 0.024801787101 0.0157419913843 0.00487266990943 0.0113178194203 0.0180399444292 0.00906022411761 0.018337959359 0.0123162115354 0.0189933171229 0.212538318843 0.0168128928323 0.00625886189141 0.0170689319426 0.0107896698836 0.00589422586567 0.00187669739712 0.00469642984279 0.0341110280982 -0.000246623135211 0.0139157220473 -0.00218812032175 0.00710043679223 0.013376703273 0.000170381150504 
0.0178845995199 0.012813330905 0.00392786683365 0.0060471809093 0.0361076575806 0.0184154280981 0.0192614224734 0.0327966680233 0.0233585749301 0.0101709745662 -0.00314325100929 0.00823724913245 0.0106454434522 0.017654304702 0.00660494909598 0.0168128928323 0.216537164101 0.000511081781253 0.0172092406897 0.00995850938191 0.01506166751 0.0153994390955 0.021355884309 0.0199384860356 0.0284480893317 0.0233432262553 0.0191368452817 0.0209356505954 0.00643648692531 0.0133199700246 
0.01036929847 0.015335954584 0.0284256008639 0.0255275619368 0.044608613674 0.0261049607404 -0.0122254137451 0.0223343415955 -0.00261739048216 0.0215583549878 0.0130850647974 0.028429927143 0.00117322495297 0.0182956642104 -0.0116662233253 0.00625886189141 0.000511081781253 0.346994466946 0.0105495796942 0.00978332678406 0.00162181806752 0.0111544961877 -0.00719465704259 0.0172141410437 0.00878958872071 0.0140988605706 0.00605272092805 0.019130038771 -0.00254277556712 0.00633883622691 
0.0257002666107 0.0176437252276 0.035422534571 0.00214336560391 0.0247230534696 0.00295688283124 0.0326935929502 0.0353960033882 0.0145936826227 0.027843616045 0.0178847975012 0.00637648614854 0.0120705418954 0.00604608665962 0.016564708932 0.0170689319426 0.0172092406897 0.0105495796942 0.492374133159 0.0228156000917 0.0235862135342 0.00630216979839 0.0251549445115 0.00791834674836 0.0489665425555 0.00312288749895 0.0126418304468 0.0497275861687 0.0123110224991 -0.0370421770902 
0.0146593842234 0.0167770077105 0.0144259983091 0.0174337418168 0.0281710811984 0.0221347395064 0.0133808932138 0.040504615438 0.0388060913859 0.0150193879002 0.0243088004572 0.0204329127842 0.0137617984363 0.00777340122399 0.0103898900861 0.0107896698836 0.00995850938191 0.00978332678406 0.0228156000917 0.193654908038 0.031105474459 0.00349701946653 0.0149446256939 0.0253548146867 0.0278765701948 0.0121673623957 0.0035419959626 0.0343138998228 0.0112699075211 0.0122938208677 
0.0169142909057 0.0152185249792 0.0123703805213 0.0197722730015 0.0276852689436 0.0212995845392 0.0118251148984 0.0223219203735 0.0374856676715 0.00937522627766 0.0188164337533 0.0224950004791 0.0114734704589 0.00695595821058 0.0216670285152 0.00589422586567 0.01506166751 0.00162181806752 0.0235862135342 0.031105474459 0.146733572544 0.0139538647894 0.00973019257877 0.0262782845203 0.0351959820546 0.0152130123493 0.00452831698539 0.0323692200764 0.000584695715366 0.0127967419427 
0.0116272247863 0.00874940091413 0.012981726223 -0.00938340971878 0.0165332463191 0.0225436045534 0.00928165814394 0.0188869198209 -0.00473209538937 0.0218772499291 -0.0113977013522 -0.00101634436907 0.00729094328917 0.0287435183883 0.0167106440845 0.00187669739712 0.0153994390955 0.0111544961877 0.00630216979839 0.00349701946653 0.0139538647894 0.185598738741 0.0131936939657 0.0181061010285 0.021466208619 0.0161779895874 0.0171364417914 0.0180426983365 0.00327446137971 0.0097420449412 
0.0321438875285 -0.000925166004637 0.0203380181806 0.0061723870095 0.0133639771631 0.0144440452326 0.032720327799 0.0110277213768 0.021097407453 0.0179356482391 0.0148531688413 0.00301206335014 0.00404451819283 0.0137395969427 0.0245801128334 0.00469642984279 0.021355884309 -0.00719465704259 0.0251549445115 0.0149446256939 0.00973019257877 0.0131936939657 0.357302703267 0.0200413283221 0.0298389999315 0.0170788716468 0.0107145448679 0.0315020667249 -0.00868982731445 -0.00627109049594 
0.0287214295231 0.0290185999816 0.0206249687974 0.0182032700796 0.0124495084128 0.023235578635 0.0492452386902 0.022367771599 0.0285781290091 0.0150548806025 0.00885577567334 0.0381917712238 0.0109489003895 0.00382911993978 0.0148049637498 0.0341110280982 0.0199384860356 0.0172141410437 0.00791834674836 0.0253548146867 0.0262782845203 0.0181061010285 0.0200413283221 0.392798454065 0.0369257717169 0.00894639034919 -0.00684781387667 0.0347064134965 -0.0297484145597 0.0252868228329 
0.0294873340408 0.0291061304085 0.0203304373527 0.0148802002119 0.0569225984937 0.0260819394486 0.0250854007061 0.0269470274544 0.0374373931777 0.0206495194776 0.00272096076236 0.0267939641023 0.0180074224154 0.00839643447941 0.031718075562 -0.000246623135212 0.0284480893317 0.00878958872071 0.0489665425555 0.0278765701948 0.0351959820546 0.021466208619 0.0298389999315 0.0369257717169 0.276493019907 0.000806279540065 0.009444553517 0.0628897496851 0.00369501153377 0.0146807315297 
0.0198932279371 0.0102126865812 0.0345894466751 0.0195278170871 0.0210278031039 0.0119012874175 0.0125136096721 0.0315291794276 0.00352545687896 0.0147513624556 0.0234617494645 0.0193954616468 -0.000636807704407 0.0274242044459 -0.00294544578633 0.0139157220473 0.0233432262553 0.0140988605706 0.00312288749895 0.0121673623957 0.0152130123493 0.0161779895874 0.0170788716468 0.00894639034919 0.000806279540065 0.206285764774 0.00804824644579 0.00613176270622 0.0136650028368 0.00999228723612 
0.0161929806344 0.00824205020878 -0.000219055147817 -0.00245962792615 0.0171889798146 0.00518908465818 0.00647167078204 0.0038905174379 0.00233624112399 0.00817861442346 0.0012536204975 -0.00909057984663 0.0131876912417 0.0108828284495 0.0126391364875 -0.00218812032175 0.0191368452817 0.00605272092805 0.0126418304468 0.0035419959626 0.00452831698539 0.0171364417914 0.0107145448679 -0.00684781387667 0.009444553517 0.00804824644579 0.134966201797 -0.000617939036674 0.00924191645071 -0.00400598417994 
0.0360218703841 0.0126924168058 0.00437683250399 0.0200096841824 0.0617469066102 0.0304482269997 0.0184555536799 0.0452550998874 0.0598469753169 0.0169302449071 0.0306927899463 0.041771101339 0.0276327659551 0.0406167986123 0.00836757904013 0.00710043679223 0.0209356505954 0.019130038771 0.0497275861687 0.0343138998228 0.0323692200764 0.0180426983365 0.0315020667249 0.0347064134965 0.0628897496851 0.00613176270622 -0.000617939036674 0.462660657718 -0.0053257217723 0.0194745169949 
0.0116441871836 0.000824699194541 -0.00794046731261 0.0123105250722 0.00319980533848 0.00462223934738 0.00016390134482 -0.00880511625614 -0.00604291866598 0.0158037775867 0.0131701391364 -0.00469482999513 0.0151269300269 0.0217779074493 0.00177628530199 0.013376703273 0.00643648692531 -0.00254277556712 0.0123110224991 0.0112699075211 0.000584695715366 0.00327446137971 -0.00868982731445 -0.0297484145597 0.00369501153377 0.0136650028368 0.00924191645071 -0.0053257217723 0.534658955372 0.000729000408083 
0.0112283266795 -0.00396707211957 0.0211351808136 0.00317089678303 0.0479464422017 0.00929942937537 -0.00114221145922 0.0127637491044 0.0229913515519 0.00606912153976 0.0153495252481 0.0218684846635 0.00428470396066 0.00938379019575 0.00283570777666 0.000170381150504 0.0133199700246 0.00633883622691 -0.0370421770902 0.0122938208677 0.0127967419427 0.0097420449412 -0.00627109049594 0.0252868228329 0.0146807315297 0.00999228723612 -0.00400598417994 0.0194745169949 0.000729000408083 0.926828852584 

['VNO', 'GD', 'ADM', 'APA', 'LSI', 'PLL', 'EFX', 'MER', 'SPLS', 'KMB', 'XTO', 'SHLD', 'MMM', 'PGL', 'TSN', 'RX', 'ASO', 'KG', 'HSP', 'SEE', 'SIAL', 'CL', 'UNH', 'INTU', 'MAR', 'FPL', 'PEP', 'JWN', 'KSE', 'CSCO']