30
0.0766147585819 0.0284224966367 0.0285158318856 0.15397042743 0.103528049483 0.037496284255 0.0255776045185 0.149246593495 0.185879968849 0.0151091702759 0.0276848810082 0.0128714932266 0.061476397973 0.128413882411 0.0161403943775 0.0501483555771 0.0752984700253 0.067654701563 0.200970993098 0.0285995604788 0.00699576056141 0.0766878163077 0.129241945615 0.039859092222 0.005148759701 0.127416862275 0.0426672552596 0.0576577356707 0.0253425298527 0.114457978761 
0.483154195132 0.0130076192197 0.0104157651333 0.0104244035698 0.00943643687369 0.0259159806664 -0.00597262021087 0.0286993593942 0.0462716186877 0.027788283544 0.0154456048212 0.013358662919 0.0420099666919 0.031109930092 0.00818048428724 0.0173050458663 0.023404051628 0.0122439805198 -0.00407957831601 0.02391540975 0.000339690616263 0.117641186919 0.0377432747054 0.0520595888233 0.00359021527984 0.0322248338638 0.0152387159977 0.0355511089646 0.0303745480313 0.00704308580032 
0.0130076192197 0.200548154954 0.0146081803319 0.00851136350922 -0.000224240946173 0.0127532814778 0.0135590318539 -0.000759504249835 0.0106497008626 0.0116113831714 0.0233318610255 0.0021377943533 0.00241948823793 0.00364416947384 0.00887230538401 0.0068634432347 0.00642082999328 0.0122138564846 0.0246964358143 0.0025339627345 0.0153805152664 0.00961475122296 0.00571342043464 -0.00447620744153 0.0213606617356 0.000504577696952 0.0077242322307 0.0131699481326 0.00261984420683 0.00402392170648 
0.0104157651333 0.0146081803319 0.192494590192 0.0224114772571 0.0396317117497 0.0186308275698 0.0033923911723 0.063879841545 0.00884472262367 0.0121286336336 0.0104142226791 0.00210769301633 0.035338708822 0.0277256917338 0.00451015877437 0.00901022506513 0.0198982414814 0.0278161332631 -0.00148938329969 0.00162949364774 0.044252488968 0.00565460847237 0.0239924337709 0.0150854800909 0.00814856143435 0.0284833402777 0.0167606096466 0.0223096427098 0.006935302251 0.0340243232317 
0.0104244035698 0.00851136350922 0.0224114772571 0.566814008931 0.12438224025 0.0113631313487 0.00674819855645 0.122698692559 0.0609561764428 0.00732613060524 0.00142408784581 -0.000606265768753 0.0160649318096 0.138978573922 -0.00857998948216 0.017364538871 0.0273674019257 0.0255011989575 -0.00419758505469 -0.00915175262606 0.0129958909125 0.044558063924 0.0277334039514 0.0184202747638 -0.000200846322919 0.108693279353 0.0220623204093 0.0195484418254 0.0128371878514 0.140700665555 
0.00943643687369 -0.000224240946172 0.0396317117497 0.12438224025 0.37759854319 0.0125844334948 0.00167216998904 0.144975209394 0.0639552617118 -0.00147762128208 0.0116510158622 0.0106569140203 0.0124857578916 0.0946953771496 0.00575833711172 0.0302528546535 0.0115160376991 0.00820139201567 0.0059065555357 -0.00938880413992 0.0244750048425 -0.00422558224435 0.00838946485726 0.026401829141 -0.00969265260942 0.11721258291 0.0226681265868 0.0156816234601 -0.00722712618082 0.105502996013 
0.0259159806664 0.0127532814778 0.0186308275698 0.0113631313487 0.0125844334948 0.249696417303 0.0132165237357 0.0154990259643 0.027940973545 0.0147178846113 0.0373358085865 0.00835427860978 0.0527366452476 0.0165877865715 0.00924492807348 0.0190125603446 0.0227598783701 0.0200442458069 0.0061723209877 0.0443879028013 0.0161156274783 0.0240704613999 0.0171068267581 0.0224420388041 0.0251594177992 0.0221353941018 0.0264670015856 0.0202243430712 0.0119123963959 -0.00120297863027 
-0.00597262021087 0.0135590318539 0.0033923911723 0.00674819855645 0.00167216998904 0.0132165237357 0.320049214286 0.0067359866395 0.0187123005876 0.0128775466812 0.0522637389478 -0.000959794575176 0.0162636925915 0.017050826261 0.00620913727076 0.0227772154545 0.0155698950592 8.74198366874e-05 0.0548536247 0.0234347376607 0.00273460043571 0.0139842346092 -0.00635115505557 0.0154787381389 0.0100376322211 0.00906274092414 0.0272629617517 0.00891584975693 0.0157644113166 0.0127312722695 
0.0286993593942 -0.000759504249836 0.063879841545 0.122698692559 0.144975209394 0.0154990259643 0.0067359866395 0.505021603047 0.072821911517 0.0140926567655 -0.00404103902756 -0.000538773340625 0.0387264992535 0.126826141625 0.0218190781523 0.0469419535424 0.0108140312464 0.0131059029008 -0.0142005324861 -0.00325030522974 0.0189787468806 0.0305854187974 0.0320186601218 0.0410017045854 0.0144717448064 0.134139441908 0.0247383383249 0.0201416178885 0.0196623857195 0.171218885614 
0.0462716186877 0.0106497008626 0.00884472262367 0.0609561764428 0.0639552617118 0.027940973545 0.0187123005876 0.072821911517 0.640502823992 0.0148111858833 0.0257648313135 0.0047828208942 0.047076861533 0.0767741057023 -0.0122326219231 0.0549920826897 0.0790115204841 0.0211446304798 0.0450733834034 0.0249669124392 0.0130891993281 0.0544255500254 0.0464512653144 0.0371646892937 0.000510818864944 0.0894070749452 0.0273074026667 0.034374649676 0.0231235511451 0.0639626132503 
0.027788283544 0.0116113831714 0.0121286336336 0.00732613060524 -0.00147762128208 0.0147178846113 0.0128775466812 0.0140926567655 0.0148111858833 0.160505883933 0.0310992700756 0.00814372170547 0.0229619529315 0.0178494961601 0.0145289204173 0.0129133885256 0.00927805913033 0.0169027047014 0.00835635513663 0.0271979027817 0.0140019865052 0.0152643627051 -0.00504260441888 0.00837657625318 0.00407331803382 0.0012075256236 0.0133746985785 0.0119608911997 0.0130514707616 -0.0016131935216 
0.0154456048212 0.0233318610255 0.0104142226791 0.00142408784581 0.0116510158622 0.0373358085865 0.0522637389478 -0.00404103902756 0.0257648313135 0.0310992700756 0.253822680514 0.00341871345245 0.0416112221062 0.0117037209777 0.0143130877214 0.016659374049 0.0301850828752 0.0213212370045 0.00760593397037 0.0376340688941 0.00810210757221 0.0312678064565 0.0106885521197 0.0282768429386 0.00936067137879 0.0188746169475 0.0423424381568 0.0159881449587 0.0170043797203 0.00324002994599 
0.013358662919 0.0021377943533 0.00210769301633 -0.000606265768752 0.0106569140203 0.00835427860978 -0.000959794575176 -0.000538773340625 0.0047828208942 0.00814372170547 0.00341871345245 0.21596405795 0.00237707455275 -0.00199103269225 0.0310706490558 0.00580434888571 0.0673894608998 0.0108763386953 0.0258346765027 0.0136067944337 0.015054614257 0.014578856651 -0.00869652728084 -0.00732019322784 0.00705785211649 0.00106855711301 -0.00622489315432 -0.00412941105205 0.015785553827 0.0112145036686 
0.0420099666919 0.00241948823793 0.035338708822 0.0160649318096 0.0124857578916 0.0527366452476 0.0162636925915 0.0387264992535 0.047076861533 0.0229619529315 0.0416112221062 0.00237707455275 0.288228576352 0.0373525783597 -0.00113527568087 0.0367313717014 0.0481593060874 0.0235889886751 0.0230041305128 0.0402510179356 0.00539878856409 0.0668348705245 0.0232569333296 0.0442746993222 0.0133694565748 0.0360723504412 0.029156081377 0.0297669304048 0.0310233736003 0.0146393160476 
0.031109930092 0.00364416947384 0.0277256917338 0.138978573922 0.0946953771496 0.0165877865715 0.017050826261 0.126826141625 0.0767741057023 0.0178494961601 0.0117037209777 -0.00199103269225 0.0373525783597 0.419971448736 0.00413051228278 0.0162202540745 0.0153771120033 0.00352198619908 0.0227427885625 0.0166135940879 0.00734943320057 0.0555522981634 0.0393205528602 0.0359505382428 -0.00846554500344 0.159212854715 0.0257171726281 0.0308546253191 0.006906898381 0.123469401617 
0.00818048428724 0.00887230538401 0.00451015877436 -0.00857998948216 0.00575833711172 0.00924492807348 0.00620913727076 0.0218190781523 -0.0122326219231 0.0145289204173 0.0143130877214 0.0310706490559 -0.00113527568087 0.00413051228278 0.175187370913 0.0120253813764 0.010072253291 0.0179103376333 -0.00466637500163 0.0263431615915 0.00357752683988 0.0141165800757 0.00834155779032 0.00648748216617 0.00698371849234 -0.00385060474674 0.0144835711789 0.0211111966088 0.0225657727208 0.00164404714192 
0.0173050458663 0.0068634432347 0.00901022506513 0.017364538871 0.0302528546535 0.0190125603446 0.0227772154545 0.0469419535424 0.0549920826897 0.0129133885256 0.016659374049 0.00580434888571 0.0367313717014 0.0162202540745 0.0120253813764 0.274095532992 0.0151893221211 -0.00205105200991 0.0352812681689 0.0203592366187 0.00418575785853 0.0394708094235 0.0130647091562 0.0222958898818 0.00812527677955 0.0117883643931 0.0319918602989 0.0350492574561 0.0191368994411 0.0266575609088 
0.023404051628 0.00642082999328 0.0198982414814 0.0273674019257 0.011516037699 0.0227598783701 0.0155698950592 0.0108140312464 0.0790115204841 0.00927805913033 0.0301850828752 0.0673894608998 0.0481593060874 0.0153771120033 0.010072253291 0.0151893221211 0.484955190034 0.0169824510941 0.0450118675753 0.0207770826878 0.0109220049266 0.0598276495116 0.0233196246934 0.0332612888613 0.0442576130217 0.0299356860152 0.00680830982605 0.00938188502825 0.0262975056897 0.0204195150681 
0.0122439805198 0.0122138564846 0.0278161332631 0.0255011989575 0.00820139201567 0.0200442458069 8.74198366877e-05 0.0131059029008 0.0211446304798 0.0169027047014 0.0213212370045 0.0108763386953 0.0235889886751 0.00352198619908 0.0179103376333 -0.00205105200991 0.0169824510941 0.384534827784 0.00362703771825 0.025087728853 0.0259215354032 0.00277545989285 0.0208107169592 0.00871876655726 0.00918189081391 -0.00829105802263 0.0151320155316 0.0217170710898 0.0255340913262 0.0134613775538 
-0.00407957831601 0.0246964358143 -0.00148938329969 -0.00419758505469 0.0059065555357 0.0061723209877 0.0548536247 -0.0142005324861 0.0450733834034 0.00835635513663 0.00760593397037 0.0258346765027 0.0230041305128 0.0227427885625 -0.00466637500163 0.0352812681689 0.0450118675753 0.00362703771825 0.927639316766 0.00446659354416 0.0077866855035 0.0187599206622 0.0102945063816 -0.0218404527085 -0.0104240701991 0.00660171940535 0.0235096533172 0.0257927223413 0.0118595790374 -0.00596536460295 
0.02391540975 0.00253396273451 0.00162949364774 -0.00915175262606 -0.00938880413992 0.0443879028013 0.0234347376607 -0.00325030522974 0.0249669124392 0.0271979027817 0.0376340688941 0.0136067944337 0.0402510179356 0.0166135940879 0.0263431615915 0.0203592366187 0.0207770826878 0.025087728853 0.00446659354416 0.285831249567 0.00593430288229 0.00734253189332 -0.00933786338038 0.027109705953 0.00521299000599 0.00243954740929 0.0225190722591 0.0193258752479 0.0122926024232 0.0054766477735 
0.000339690616263 0.0153805152664 0.044252488968 0.0129958909125 0.0244750048425 0.0161156274783 0.00273460043571 0.0189787468806 0.0130891993281 0.0140019865052 0.00810210757221 0.015054614257 0.00539878856409 0.00734943320057 0.00357752683988 0.00418575785853 0.0109220049266 0.0259215354032 0.0077866855035 0.00593430288229 0.154166159826 0.00636618354751 0.0197138067718 0.00223343206713 0.00602975470654 0.0108493554145 0.024380418002 0.0249805653775 0.00119718055391 0.00740273982007 
0.117641186919 0.00961475122296 0.00565460847237 0.044558063924 -0.00422558224435 0.0240704613999 0.0139842346092 0.0305854187974 0.0544255500254 0.0152643627051 0.0312678064565 0.014578856651 0.0668348705245 0.0555522981634 0.0141165800757 0.0394708094235 0.0598276495116 0.00277545989285 0.0187599206622 0.00734253189332 0.00636618354751 0.458454285646 0.0135187875347 0.0217139145915 0.0057496777039 0.03120742186 0.024032344652 0.0352460321752 0.0294271277414 -0.00271693117159 
0.0377432747054 0.00571342043464 0.0239924337709 0.0277334039514 0.00838946485725 0.0171068267581 -0.00635115505557 0.0320186601218 0.0464512653144 -0.00504260441888 0.0106885521197 -0.00869652728084 0.0232569333296 0.0393205528602 0.00834155779032 0.0130647091562 0.0233196246934 0.0208107169592 0.0102945063816 -0.00933786338038 0.0197138067718 0.0135187875347 0.567153448353 0.0380933402063 0.0166728756455 0.0427028641989 -0.00041247174151 -0.0123076181494 0.0120577593971 0.0145925908297 
0.0520595888233 -0.00447620744153 0.0150854800909 0.0184202747638 0.026401829141 0.0224420388041 0.0154787381389 0.0410017045854 0.0371646892937 0.00837657625318 0.0282768429386 -0.00732019322784 0.0442746993222 0.0359505382428 0.00648748216617 0.0222958898818 0.0332612888613 0.00871876655726 -0.0218404527085 0.027109705953 0.00223343206713 0.0217139145915 0.0380933402063 0.272024855187 0.010746610778 0.0333371064311 0.0161869805045 0.0271870896727 0.022696445241 0.0209620871362 
0.00359021527984 0.0213606617356 0.00814856143435 -0.000200846322919 -0.00969265260942 0.0251594177992 0.0100376322211 0.0144717448064 0.000510818864944 0.00407331803382 0.00936067137879 0.00705785211649 0.0133694565748 -0.00846554500344 0.00698371849234 0.00812527677955 0.0442576130217 0.00918189081391 -0.0104240701991 0.00521299000599 0.00602975470654 0.0057496777039 0.0166728756455 0.010746610778 0.233288666895 0.000154020495038 0.0163292027229 0.0217247850991 0.0108293918308 0.00834811879908 
0.0322248338638 0.000504577696952 0.0284833402777 0.108693279353 0.11721258291 0.0221353941018 0.00906274092414 0.134139441908 0.0894070749452 0.0012075256236 0.0188746169475 0.00106855711301 0.0360723504412 0.159212854715 -0.00385060474674 0.0117883643931 0.0299356860152 -0.00829105802263 0.00660171940535 0.00243954740929 0.0108493554145 0.03120742186 0.0427028641989 0.0333371064311 0.000154020495038 0.399397292078 0.00962034219193 0.00341831214517 -0.0112864561702 0.126899575514 
0.0152387159977 0.0077242322307 0.0167606096466 0.0220623204093 0.0226681265868 0.0264670015856 0.0272629617517 0.0247383383249 0.0273074026667 0.0133746985785 0.0423424381568 -0.00622489315432 0.029156081377 0.0257171726281 0.0144835711789 0.0319918602989 0.00680830982605 0.0151320155316 0.0235096533172 0.0225190722591 0.024380418002 0.024032344652 -0.00041247174151 0.0161869805045 0.0163292027229 0.00962034219193 0.202956103384 0.0792408812317 0.0178847166582 0.00366144700925 
0.0355511089646 0.0131699481326 0.0223096427098 0.0195484418254 0.0156816234601 0.0202243430712 0.00891584975693 0.0201416178885 0.034374649676 0.0119608911997 0.0159881449587 -0.00412941105205 0.0297669304048 0.0308546253191 0.0211111966088 0.0350492574561 0.00938188502824 0.0217170710898 0.0257927223413 0.0193258752479 0.0249805653775 0.0352460321752 -0.0123076181494 0.0271870896727 0.0217247850991 0.00341831214517 0.0792408812317 0.243969387195 0.0226524739331 0.0113901081895 
0.0303745480313 0.00261984420684 0.006935302251 0.0128371878514 -0.00722712618082 0.0119123963959 0.0157644113166 0.0196623857195 0.0231235511451 0.0130514707616 0.0170043797203 0.015785553827 0.0310233736003 0.006906898381 0.0225657727208 0.0191368994411 0.0262975056897 0.0255340913262 0.0118595790374 0.0122926024232 0.00119718055391 0.0294271277414 0.0120577593971 0.022696445241 0.0108293918308 -0.0112864561702 0.0178847166582 0.0226524739331 0.196075862977 0.000740493295081 
0.00704308580032 0.00402392170648 0.0340243232317 0.140700665555 0.105502996013 -0.00120297863027 0.0127312722695 0.171218885614 0.0639626132503 -0.0016131935216 0.00324002994599 0.0112145036686 0.0146393160476 0.123469401617 0.00164404714192 0.0266575609088 0.0204195150681 0.0134613775538 -0.00596536460295 0.0054766477735 0.00740273982007 -0.00271693117159 0.0145925908297 0.0209620871362 0.00834811879908 0.126899575514 0.00366144700925 0.0113901081895 0.00074049329508 0.343000598875 

['QCOM', 'MKC', 'D', 'VLO', 'OXY', 'HIG', 'HRB', 'EOG', 'X', 'KMB', 'COF', 'MDT', 'BEN', 'HAL', 'JNJ', 'BMS', 'STJ', 'SWY', 'GM', 'PGR', 'DTE', 'KLAC', 'DYN', 'CIT', 'WWY', 'RIG', 'VNO', 'PSA', 'LLY', 'XTO']