20
0.0448250845436 0.0220203869342 0.0621529110589 0.00699576056141 0.0831725949645 0.0240188564254 0.0634276035435 0.045915457725 0.023015295127 0.0764707668379 0.158041803894 0.0295384146509 0.0442318588416 0.0471087328402 0.0122123060087 0.0280903462606 0.0314738433907 0.0377827405953 0.0254158643172 0.0635798530397 
0.251233801795 0.0276059953159 0.0479954451941 0.0150072683848 0.0304953915198 0.0249001260145 0.0178547881496 0.00103541238436 0.0222977788469 0.0538445657313 0.00613674429575 0.0342391749744 0.0257478241718 -0.00366847674522 0.00493761245087 0.0247142918582 0.0177680888788 -0.00201162559833 0.0359457328433 0.0251193306369 
0.0276059953159 0.227284118719 0.0296007859516 0.00537294060575 0.0433176709999 0.0367916770144 0.0512087812684 0.0482281466702 0.0266039576152 0.0185476203272 0.0340451449203 0.0336114584814 0.036887983084 0.000896834682482 0.0248896089685 0.0281353206833 0.0192888177257 0.0133328144631 0.0310808898413 0.0285863226965 
0.0479954451941 0.0296007859516 0.327622427594 0.000887028435054 0.022292771947 0.0249141030218 0.0137288977014 0.0179513221599 0.00137550643545 0.0587072171153 -0.0191189154933 0.0266208493341 0.0122478539355 -0.00599739351346 0.00489994040791 0.0277060446293 0.01116729822 0.068421160769 0.0235716724334 0.0192105636345 
0.0150072683848 0.00537294060575 0.000887028435054 0.16276509296 0.0132232118075 0.00739771324308 0.0112093213777 0.0176642376786 0.0118251980572 0.0132529833558 0.0100148893703 0.020007163133 0.0206709101693 0.0223536961968 0.0111488008812 0.0126188633692 0.00751630130446 0.0352614734769 0.0113333566851 0.00332914971139 
0.0304953915198 0.0433176709999 0.022292771947 0.0132232118075 0.460156410431 0.0101685916799 0.052198874855 0.0314007631226 0.0231118034195 0.0512859251717 0.0144329264142 0.0332714240719 0.0312427649615 0.0261964665031 0.026056931083 0.0191086130596 0.0218711138017 0.0329643066156 0.0143585444581 0.038366287474 
0.0249001260145 0.0367916770144 0.0249141030218 0.00739771324308 0.0101685916799 0.205300906727 0.0345629810263 0.0226719729148 0.0195774627698 0.0375514978746 0.028787465629 0.0231426127891 0.0469859663889 0.0130324014246 0.01120518517 0.0254644936951 0.00241701006479 0.00618251895072 0.0191609783102 0.0376032380841 
0.0178547881496 0.0512087812684 0.0137288977014 0.0112093213777 0.052198874855 0.0345629810263 0.394526520106 0.0100637040718 0.0186438858802 0.0445012840072 0.0128015582305 0.0292036731578 0.034961348629 0.0529311727766 0.0218315928242 0.018086344174 0.0127342184947 0.0172171256388 0.0288086006277 0.0139124001178 
0.00103541238436 0.0482281466702 0.0179513221599 0.0176642376786 0.0314007631226 0.0226719729148 0.0100637040718 0.333783606279 0.0203935961186 0.0293576993699 0.0118307877371 0.021256230671 0.0198577405663 0.0208249326912 0.0393790649427 0.0197717307509 0.0110543104412 0.00413934531291 0.0263130964405 0.0305496751267 
0.0222977788469 0.0266039576152 0.00137550643545 0.0118251980572 0.0231118034195 0.0195774627698 0.0186438858802 0.0203935961186 0.151105548357 0.0217993678234 0.0191815067801 0.0347098090138 0.0269465065763 0.015525177599 0.00755073206373 0.0365332899227 0.0235544666424 0.0197848007929 0.0108336726813 0.0398287377816 
0.0538445657313 0.0185476203272 0.0587072171153 0.0132529833558 0.0512859251717 0.0375514978746 0.0445012840072 0.0293576993699 0.0217993678234 0.472775866153 0.0222732469008 0.0208726871885 0.0469689603141 0.0160908061456 0.0153085835126 0.0218153784835 0.0317857332936 0.0237976712922 0.0279458450091 0.0429774118301 
0.00613674429575 0.0340451449203 -0.0191189154933 0.0100148893703 0.0144329264142 0.028787465629 0.0128015582305 0.0118307877371 0.0191815067801 0.0222732469008 1.03787284255 0.00792271387388 0.0257799053724 -0.000215178717652 0.0231771102207 0.0216873288381 0.0150623070032 0.0217699042923 0.00217260379036 0.0105378956152 
0.0342391749744 0.0336114584814 0.0266208493341 0.020007163133 0.0332714240719 0.0231426127891 0.0292036731578 0.021256230671 0.0347098090138 0.0208726871885 0.00792271387388 0.21767035678 0.0329959054292 0.0136670960607 1.74064717106e-05 0.0484273867295 0.025910138897 0.0181647853628 0.02715876694 0.0311709039437 
0.0257478241718 0.036887983084 0.0122478539355 0.0206709101693 0.0312427649615 0.0469859663889 0.034961348629 0.0198577405663 0.0269465065763 0.0469689603141 0.0257799053724 0.0329959054292 0.255150758522 0.0273342369407 0.0259070773042 0.0400903694556 0.0336578016437 0.0220178023559 0.0223243213053 0.0289558782285 
-0.00366847674522 0.000896834682482 -0.00599739351346 0.0223536961968 0.0261964665031 0.0130324014246 0.0529311727766 0.0208249326912 0.015525177599 0.0160908061456 -0.000215178717652 0.0136670960607 0.0273342369407 0.273922752557 0.0064690293251 -0.00781284859446 0.0235356884479 0.0434623444202 0.0162717766379 0.00482518685248 
0.00493761245087 0.0248896089685 0.00489994040791 0.0111488008812 0.026056931083 0.01120518517 0.0218315928242 0.0393790649427 0.00755073206373 0.0153085835126 0.0231771102207 1.74064717107e-05 0.0259070773042 0.0064690293251 0.290197289329 0.0190632224609 0.0186111199056 0.0067250676244 0.0128332077771 0.00741147172872 
0.0247142918582 0.0281353206833 0.0277060446293 0.0126188633692 0.0191086130596 0.0254644936951 0.018086344174 0.0197717307509 0.0365332899227 0.0218153784835 0.0216873288381 0.0484273867295 0.0400903694556 -0.00781284859446 0.0190632224609 0.260385821878 0.0226071798581 0.0242554735164 0.00965281948139 0.056002712115 
0.0177680888788 0.0192888177257 0.01116729822 0.00751630130446 0.0218711138017 0.00241701006479 0.0127342184947 0.0110543104412 0.0235544666424 0.0317857332936 0.0150623070032 0.025910138897 0.0336578016437 0.0235356884479 0.0186111199056 0.0226071798581 0.294631687259 0.0136020673465 0.0182470414119 0.0317852610175 
-0.00201162559833 0.0133328144631 0.068421160769 0.0352614734769 0.0329643066156 0.00618251895072 0.0172171256388 0.00413934531291 0.0197848007929 0.0237976712922 0.0217699042923 0.0181647853628 0.0220178023559 0.0434623444202 0.0067250676244 0.0242554735164 0.0136020673465 0.329410174065 0.012464309826 0.0129552220848 
0.0359457328433 0.0310808898413 0.0235716724334 0.0113333566851 0.0143585444581 0.0191609783102 0.0288086006277 0.0263130964405 0.0108336726813 0.0279458450091 0.00217260379036 0.02715876694 0.0223243213053 0.0162717766379 0.0128332077771 0.00965281948139 0.0182470414119 0.012464309826 0.304054412118 0.00636435633345 
0.0251193306369 0.0285863226965 0.0192105636345 0.00332914971139 0.038366287474 0.0376032380841 0.0139124001178 0.0305496751267 0.0398287377816 0.0429774118301 0.0105378956152 0.0311709039438 0.0289558782285 0.00482518685248 0.00741147172872 0.056002712115 0.0317852610175 0.0129552220848 0.00636435633345 0.469354931591 

['COST', 'MTG', 'TJX', 'DTE', 'YHOO', 'PPG', 'ASH', 'UNM', 'C', 'COH', 'ADBE', 'WM', 'PX', 'CVX', 'WPI', 'FITB', 'MMC', 'PGL', 'CCL', 'FNM']