50
0.106415927512 0.0162161188728 0.0766147585819 0.0246636786654 0.133327922328 0.0304896250645 0.129241945615 0.0210495138202 0.0248608942987 0.0590558874601 0.061476397973 0.0162851568228 0.0690593134036 0.251790956204 0.0362094771936 0.197480990077 0.0380825412642 0.266244884644 0.0533286406295 0.0788996306534 0.0533662879029 0.043075945187 0.0330111524363 0.542098982398 0.0526943852585 0.0522856391002 0.0739523233915 0.0223482457603 0.0191748751409 0.153319254475 0.0153161335694 0.00399952409326 0.0743289823458 0.0380288664812 0.066200000993 0.025657065471 0.0437869579852 0.026407260569 0.0623322546876 0.0599327976672 0.0179151897049 0.0290232005544 0.0707348977441 0.0353466838873 0.0389775871913 0.102128665084 0.0115927538848 0.104005811155 0.02473804396 0.0396221554001 
0.610686647599 0.00676794999915 0.0447934206691 0.00329144454944 0.0223302100697 -0.00157707341264 0.00524415621382 0.0227839204282 0.0232630060995 0.00183911737743 0.0418229534257 0.0131677681163 0.0276678640885 0.0480563904831 0.0295168587835 0.0563075406235 0.0282392819808 0.0017414917333 0.0111607435534 -0.00357487392828 0.00891978802269 0.0200949850854 0.0212000545984 -0.00860510104649 0.0399763520844 0.030751937874 0.0513502457279 0.00970626432365 0.00957385891343 0.0625157301619 0.00845369857622 0.0022112856897 0.0400011304228 0.0681914780213 0.00354491745526 0.0205243627494 0.0105324077065 0.024057313596 -0.00221453600799 0.0378137649514 0.000828515216193 0.0182713243255 0.00937159241996 0.0171561729486 0.0020112773633 0.0264151386788 0.0129812212068 0.0691549968063 -0.011268268095 0.0140674854575 
0.00676794999915 0.189445224293 0.00460441765393 0.0156029469384 0.00585295799897 0.00810827625753 0.0246253983983 0.00734378330876 0.0163411600555 0.0131903476333 0.0136129240766 0.0365824042067 0.00491453125183 -0.0176821104336 0.00744520844123 0.00421676846822 -0.00409767830392 0.002767157158 0.0151908541322 -0.00414897556518 0.0200379528102 0.012704698168 0.00849463024454 0.03391502342 0.0117971756236 0.0193998376579 0.0132254226324 0.0238915431606 0.00640537673411 0.00924897439744 0.0398623954839 0.0181087434076 0.0223936095052 0.00631097795605 0.0270013132009 0.0185350213419 0.0125126775832 0.0176098549054 -0.00173799276797 -0.00601166406535 0.0109795618806 0.0115040618665 0.016407607758 0.0134122186754 0.0243904172647 0.00123511058192 0.0179679311206 0.0248789303323 0.0384350996913 0.0262988807992 
0.0447934206691 0.00460441765394 0.476534579692 0.0185039044102 0.0267245980525 -0.00157019241138 0.0363743715842 0.00707705132903 0.00742750560861 0.0184346240614 0.0340127325381 0.00846638803681 0.0322084920785 0.0557170176999 0.00633817017337 0.041760659645 0.0188156943887 0.0168312278578 0.0201285870609 -0.00194549502107 0.0166629290079 0.0218399923904 0.035336256942 0.0280254131341 0.0241156443512 0.0264893696501 0.0340391412005 0.00852487994374 0.0148267127062 0.0451727030587 0.00162470771721 0.0304214752588 0.0541070080004 0.0485309007293 -0.0199470266272 0.0211925335848 0.00803435986838 0.0127786478998 0.0253436758178 0.0130957057927 0.000939409262748 0.0187968937919 0.0182918428062 0.0146249249795 0.00687258256642 0.0623538695445 0.0148651157597 0.0602418842739 0.00534365156043 0.0115437352476 
0.00329144454944 0.0156029469384 0.0185039044102 0.124021996943 0.0156262074299 0.00845758857102 0.0056021841973 0.0120281965691 0.0124852455743 0.0108392083252 0.0184992835898 0.00838135132628 0.0147228421091 -0.00513741947758 -0.000408606344937 0.0363544427982 0.00303634436992 0.0202321866325 0.0130358866334 0.00520139799121 0.020043073869 0.0107972791686 0.0092449163853 0.00383748669794 0.0228512677628 0.0226942202828 0.00409808750088 0.0168738919208 0.0268810865059 0.0103447139449 0.007527266985 0.00944770796994 0.0178845776967 -0.010978676998 0.00929138202923 0.0281593851592 0.0112609424618 0.0124871191011 0.00642918237 0.00523840933949 0.0107231202782 0.0157333578142 0.0123745232267 0.0170645404166 0.0226736788721 0.00306607101465 0.00742272502502 -0.0040338279677 0.0174351024 0.0168066232916 
0.0223302100697 0.00585295799896 0.0267245980525 0.0156262074299 0.828695043877 0.00080239696188 0.0270572648881 0.0646160654864 0.00599073343681 0.00167349946714 0.0170458669246 0.00947988720511 0.0081456527539 0.00290445032317 -0.0103013255156 0.00216198698185 0.0142744200507 0.0297781450672 0.00767836667774 0.00313908960401 -0.00762378579166 0.00681403702199 0.0225814045836 0.0230428787236 0.0126940173471 0.00243466170452 0.0192104483627 0.0332816187014 0.0195943867243 0.0229324774018 0.00141229479426 0.00797956961747 0.014402186393 0.000981693612437 0.0227126205064 0.0111244625674 -0.00598947156215 0.0096064846014 0.0297526499978 0.0125396998261 0.0396266866735 0.00991713124638 -0.00694503800572 0.016421586305 0.00887007728216 0.0191122645092 0.0108624114276 0.0308606303972 0.0159827787975 0.00531036207833 
-0.00157707341264 0.00810827625749 -0.00157019241139 0.00845758857102 0.000802396961873 0.213858158178 0.00790249496867 0.0062247374435 0.00824168605858 0.0229086739389 0.0146026605322 0.00864309862818 0.00176799453868 0.00314612674625 0.00264732115332 0.0011261432611 0.00687561228064 0.012540740085 0.0112899519223 0.00448859681197 0.0108561446132 0.0119356553576 0.00546642686205 0.00279070358787 0.0231165152753 0.00442945466397 0.0115803353509 0.00537777062169 0.00250557497669 0.0230347737579 -0.000599805491443 0.0160009250543 0.0145513694099 -0.00180023998619 0.0166487460214 0.0115881080923 0.0141379854967 0.00977368953865 0.0103451004995 0.00989995520604 0.000850860682949 0.00599222112432 0.000619509336334 0.0102175177058 0.00215572174592 0.00262084680949 0.0128973176256 0.0127179185702 0.00246854683898 0.00648958430318 
0.00524415621383 0.0246253983983 0.0363743715842 0.0056021841973 0.0270572648881 0.00790249496866 0.564133595918 0.00450666562887 0.011973312781 -0.00334011652667 0.0261445292194 0.0206475014789 0.00943279085526 0.0631989196323 0.000615868298577 0.00732672354378 0.0156967834231 -0.0217473213967 0.00312555217724 -0.0228498987852 0.0157640668015 0.0148297515423 -0.000741905367119 0.0101579128483 -0.00164435371723 0.0102530059343 0.0552130310195 0.0075105536065 0.0180472563381 0.0211135367879 0.018148230417 0.0154289686841 0.0281949396889 -0.0122765398561 -0.00747889428589 0.00209741567698 0.0200531056789 0.00318467728535 0.00351299891262 0.0239460463179 0.0130077417027 -0.00326818930336 0.0221696864284 -0.00318073474459 0.0114291715562 0.0162378540077 0.0132687476701 -0.0101835272042 0.0144208286835 0.00197579235052 
0.0227839204282 0.00734378330875 0.00707705132903 0.0120281965691 0.0646160654864 0.00622473744349 0.00450666562888 0.317523429942 0.0276705038357 0.00958537301722 0.0188549670106 0.0111304454236 0.00618034110636 0.000920671069011 0.0235336443713 0.0241366771404 0.0132694519202 0.0266087712129 0.0168731483402 0.00736456629401 0.0019213528635 0.0063400324006 -0.00277632726218 0.000893225389508 0.00521101292992 -0.00368114098961 0.0111700104929 0.01094406363 0.0128777128681 0.0143852490926 0.0122560175073 0.00766618395576 0.016677958134 0.00355086775423 -0.00821422035738 0.00939472516532 0.0275345703291 0.0137967259263 -0.00203157163867 0.0108419227713 0.00820410303702 0.0145691331338 -0.000971433998278 0.0219120408019 0.00790669464676 0.0050730387516 0.0232958961576 0.0246065178242 0.0138125034576 0.0154612150273 
0.0232630060995 0.0163411600555 0.00742750560861 0.0124852455743 0.00599073343681 0.00824168605857 0.011973312781 0.0276705038357 0.201582795249 0.0161550391694 0.0211515862705 0.0177194129031 0.0372710026083 0.00945954712183 0.0472831137475 0.0107582503902 0.00791749316434 0.0163719550564 0.0150778414197 0.00531115923784 0.0190449775209 0.0225597970553 0.0239461628835 0.0251004057634 0.00794083557272 0.0084115438858 0.00573372822942 0.0392645239212 0.0177402962005 0.0277148362525 0.0101727328963 0.0166844119758 0.0421943333735 0.0271215719479 0.0256275883343 0.0382407655171 0.0113284581063 0.0395585193951 0.0181395495579 0.00739453806825 0.00472895133751 0.0267844364929 0.00525049542696 0.0249992770948 0.0514223696229 0.00580419331204 0.0113911830706 0.0328957801828 0.0127968903798 0.0412982362329 
0.00183911737742 0.0131903476333 0.0184346240614 0.0108392083252 0.00167349946714 0.0229086739389 -0.00334011652668 0.00958537301722 0.0161550391694 0.720973545885 0.00739596942087 0.0172849682285 -0.00171434078178 0.0150104891575 0.00420901630625 -0.00832249000062 0.0192017431029 -0.0116211652932 0.00474866482665 0.00435072649107 -0.00284272180575 0.0195425102534 0.0209119975579 0.0182093139306 0.0183612798476 -0.0193007726515 0.0264433183279 0.0223120412873 0.0419210419074 0.00830907616484 0.0170686407177 0.0113508485897 0.00334046110525 0.0153169321863 0.0368862883184 0.0158682832024 0.0171277739215 0.0135672576394 0.0136413621901 0.0095591313095 0.0195131439922 0.00471668061343 0.00853910354971 0.0295929984208 -0.00132866765886 -0.00497596660895 0.00753407041241 0.0194988416835 0.0175899765462 0.0100608373378 
0.0418229534257 0.0136129240766 0.0340127325381 0.0184992835898 0.0170458669246 0.0146026605323 0.0261445292194 0.0188549670106 0.0211515862705 0.00739596942087 0.257438251809 0.0235968327693 0.0236957157899 0.0222819090964 0.0290594809939 0.0267349245139 0.0349103933663 0.0622227712244 0.0204276931831 0.0122656616865 0.0122579190144 0.0438149703742 0.0380139692559 0.0283042059328 0.0198383202306 0.0418627291663 0.0255027749423 0.0120471013812 0.040041499211 0.0737161312936 0.0167532512601 0.0178910960477 0.0937959351976 0.0244173189203 -0.00789488055731 0.0250542636324 0.0271419368858 0.0192331576148 -0.00954253937162 0.0228343897956 -0.00117205268231 0.0353115387362 0.00379715900999 0.0384169373981 0.0422807633404 0.0144828799678 0.00793268764544 0.0389089032078 0.0125383623502 0.0306928162771 
0.0131677681163 0.0365824042067 0.00846638803681 0.00838135132627 0.00947988720511 0.00864309862818 0.0206475014789 0.0111304454236 0.0177194129031 0.0172849682285 0.0235968327693 0.150930017817 0.00909301881369 0.0155248753581 -0.000427287269537 0.00444625501925 0.0071938029108 -0.011969735486 0.0111673692126 0.00230745556895 0.0117760408218 0.0129882861696 0.00773176552902 0.0094708402189 0.0195062621421 0.0107127173646 0.0158819329851 0.0135675709542 0.0100813875597 0.00614168047172 0.0475611714042 0.00668553275754 0.0231102494346 -0.00370137673815 0.0457276017438 0.0110523870265 0.0149811632836 0.00944501414488 0.00633587497129 0.00181725420014 0.0143759195882 0.00914529893436 0.0042452989506 0.00472582389244 0.00934552149781 0.00431767800416 0.0108071834373 0.00707927701068 0.0391282727657 0.0124530120317 
0.0276678640885 0.00491453125183 0.0322084920785 0.0147228421091 0.0081456527539 0.00176799453869 0.00943279085526 0.00618034110636 0.0372710026083 -0.00171434078178 0.0236957157899 0.00909301881369 0.425333012654 -0.000621278792976 0.0286749083068 0.034875189458 0.0121662006424 0.0165178752347 -0.00261249095585 0.0101855137038 0.00411887579343 0.0247766449134 0.0242829340994 0.0589593982187 0.0259785150986 0.0133742911334 0.0214967942836 0.00737719623083 0.00609343807912 0.0114268619926 0.00985902275066 0.00512667583286 0.021957177903 0.00668209560485 0.00587964575796 0.0275443757535 0.00600075199861 0.0140827248965 -0.0025195981453 0.0168293651105 0.00414443003406 0.013676812864 0.0052748217476 0.0127683613798 0.0398757840831 0.0112933454901 0.00545396565133 0.00719069336048 0.0088768213698 0.0219758052745 
0.0480563904831 -0.0176821104336 0.0557170176999 -0.00513741947758 0.00290445032318 0.00314612674625 0.0631989196323 0.000920671069012 0.00945954712183 0.0150104891575 0.0222819090964 0.0155248753581 -0.000621278792975 2.07614283938 0.000689201131101 0.0225561731889 0.0227226892954 0.0043123662682 0.000886945658462 0.0133719718623 0.00583978374082 -0.00140360763872 0.00928620281151 0.032618743254 0.0297892909101 0.0267749102661 0.104599174902 0.00178795526478 0.00282696070375 0.0319766537213 0.00726785960895 0.00482778809855 0.0152258302673 0.034612346789 -0.00547493989136 0.00275722928955 0.0128057011742 0.0115691066695 -0.00558274091327 0.0204047987277 0.00979339432243 -9.04894684046e-05 0.0584306407133 0.00874845090162 -0.00600682762722 0.0563994341709 0.00651764727319 0.0188988689894 0.0133539529916 -0.000224129473793 
0.0295168587835 0.00744520844123 0.00633817017337 -0.000408606344936 -0.0103013255156 0.00264732115335 0.000615868298577 0.0235336443713 0.0472831137475 0.00420901630625 0.0290594809938 -0.000427287269534 0.0286749083068 0.0006892011311 0.237820549844 0.0303420061327 0.0074908096849 0.0120847622328 0.00825808297995 0.0111708193635 0.00783046040897 0.0130940860638 0.0194771187594 0.0300050893092 0.0376371669064 0.0205262772421 0.00948774397711 0.0281921573017 0.0162839046675 0.0275483925877 0.00063876788544 0.0106226377186 0.0416459939694 0.0221226290559 0.0300645056304 0.0212018048161 0.0191915219921 0.0267836337666 0.0196984641727 0.0219309564627 0.00630922716768 0.0335988219094 0.0151720386185 0.0230812709451 0.0529334956381 0.0319580242945 0.0126216335402 0.0403580310821 0.000963232038826 0.0345058169242 
0.0563075406235 0.00421676846822 0.0417606596449 0.0363544427982 0.00216198698185 0.00112614326111 0.00732672354378 0.0241366771403 0.0107582503902 -0.00832249000064 0.0267349245139 0.00444625501925 0.034875189458 0.0225561731889 0.0303420061327 0.872736265234 0.0242411389875 -0.0137604913304 -0.00410360505607 -0.000903307799946 -0.00764750452198 0.0101183217482 0.0273740908955 0.0576929464333 0.033312684335 0.0133581420056 0.0281658929991 0.0562967036265 0.0161002859737 0.0277353096282 0.0135437367428 0.00634701468608 0.0317089704446 0.0302300042029 -0.0199501350087 0.0258539301307 0.00871306166404 0.0232877858 0.0290104693002 0.0147309762894 0.0293709028687 0.0281779422682 0.00787462620338 0.0076124148747 0.0313845728908 0.0232022235754 0.00842809878621 0.0419155603514 0.0156203155724 0.032663998024 
0.0282392819808 -0.00409767830392 0.0188156943887 0.00303634436992 0.0142744200507 0.00687561228058 0.0156967834231 0.0132694519202 0.00791749316434 0.0192017431029 0.0349103933663 0.00719380291079 0.0121662006424 0.0227226892954 0.0074908096849 0.0242411389875 0.241915085808 0.0550178482866 0.00769669590228 0.0166604139135 0.0190517546273 0.0127877786011 0.00548535413969 -0.00447246506276 -0.00270710525413 0.0358336566372 0.0117223034007 0.00899854282194 0.0185810155942 0.0263321962134 0.00789293968888 0.00808289728241 0.023819870924 0.0198413587985 7.58941601647e-05 0.0107275659775 0.0229331990542 0.00930564735601 -0.000246492510397 0.0130954006305 0.00753701113277 0.0066306211999 0.040055760237 0.00226453365716 0.0219140640955 0.0249167856264 0.00284009822748 0.0170747510843 -0.000335580392945 0.00672965130022 
0.0017414917333 0.002767157158 0.0168312278578 0.0202321866325 0.0297781450672 0.012540740085 -0.0217473213967 0.0266087712129 0.0163719550564 -0.0116211652932 0.0622227712244 -0.011969735486 0.0165178752347 0.0043123662682 0.0120847622328 -0.0137604913304 0.0550178482866 2.26752126374 0.00327422177683 0.0284493696236 -0.0174166574987 0.0251302850906 0.0365319852328 0.0926768933742 0.0222258669252 0.0593798924522 0.0926849048786 0.0215757764343 0.00791717477954 0.0526653425961 -0.00684338134531 0.0180755029257 0.0575183930917 0.0371492475924 0.0126094194477 0.0305972963879 0.0301074343215 0.0180212346914 0.00333575194839 -0.00288089112853 -0.00627067940048 0.00393466957278 0.0102587388143 0.016485224253 0.0493946488298 0.0261799312026 0.00440750721709 0.0397439818446 -0.000306190908041 0.0103447496402 
0.0111607435534 0.0151908541322 0.0201285870609 0.0130358866334 0.00767836667774 0.0112899519222 0.00312555217724 0.0168731483402 0.0150778414196 0.00474866482665 0.0204276931831 0.0111673692126 -0.00261249095585 0.000886945658462 0.00825808297995 -0.00410360505607 0.00769669590227 0.00327422177683 0.266577896741 0.00710491038403 0.013157603711 0.00478384617101 0.0148019544854 -0.0184513165047 0.0137302441913 0.0174766404582 0.0092495219766 0.00484269418498 0.0147528017715 0.0281591221622 0.0086313239135 0.00900551165314 0.036535273364 0.0186412383612 0.015147075513 0.0171771968751 0.0258976557264 0.00574021294238 0.00870353035833 0.00715459102025 0.00602233149889 0.01714297158 0.0130170787533 0.00978583394966 0.00342903917865 0.0275040216473 0.028780065716 0.012079947261 0.00233154310277 0.0249307563491 
-0.00357487392828 -0.00414897556518 -0.00194549502107 0.00520139799121 0.00313908960401 0.00448859681198 -0.0228498987852 0.00736456629401 0.00531115923784 0.00435072649107 0.0122656616865 0.00230745556895 0.0101855137038 0.0133719718623 0.0111708193635 -0.000903307799941 0.0166604139135 0.0284493696236 0.00710491038403 0.756340009262 0.000174497413805 -0.00270209135271 0.012144516552 -0.0123626650112 0.0207776771199 0.0102053216125 0.00380488136163 0.0160126582697 0.00725691737388 0.0113213003962 0.00353714135048 0.0114203801871 0.0041797997285 0.0148556405965 0.00970572937037 0.000657111252019 -0.0135389796537 0.0134099401109 -0.0133543214663 -0.00129989626803 0.0181635850718 0.0192869331848 -0.0171068372622 0.00648201580846 0.00587305129634 0.0426645322067 0.0203125408538 0.00957841481967 0.0137530145639 0.0177521058468 
0.0089197880227 0.0200379528102 0.0166629290079 0.020043073869 -0.00762378579166 0.0108561446132 0.0157640668015 0.0019213528635 0.0190449775209 -0.00284272180576 0.0122579190144 0.0117760408218 0.00411887579343 0.00583978374082 0.00783046040897 -0.00764750452198 0.0190517546273 -0.0174166574987 0.013157603711 0.000174497413804 0.423847637762 0.00865758832765 0.0224130578294 0.000947689638493 0.048074288035 0.00543017028009 0.0233016542765 0.0254426974622 0.0117544412229 0.0072836352974 0.0180559647948 0.00722138802446 0.041795316893 0.0120282956401 0.00741968156455 0.0126165381478 -0.00944933105789 0.00627743805047 -0.00926168326616 0.00744819253811 0.0250621288258 0.0043170230006 0.0508680998336 9.96433741794e-05 0.0116251428696 0.0109505296565 0.0135395354621 0.00302340720606 0.0174546880288 0.00829995219785 
0.0200949850854 0.012704698168 0.0218399923904 0.0107972791686 0.00681403702198 0.0119356553576 0.0148297515424 0.0063400324006 0.0225597970553 0.0195425102534 0.0438149703742 0.0129882861696 0.0247766449134 -0.00140360763872 0.0130940860638 0.0101183217482 0.012787778601 0.0251302850906 0.00478384617102 -0.00270209135271 0.00865758832765 0.20172650151 0.0154876767583 0.0435705960784 0.0223152032457 0.00631985346855 0.0164675295097 0.0268641077359 0.0231674803689 0.0311432473311 0.0152313026949 0.00815768052307 0.0375151259584 0.0281780436829 0.0257797907301 0.0341803062273 0.012376803119 0.0246096913668 0.00538989691628 0.00950936398973 -0.00205446637846 0.0220423227636 -0.00220640981551 0.0322696686194 0.0153672916397 0.0105481450314 0.0173840088734 0.015598076368 0.0162829077364 0.0343169917116 
0.0212000545984 0.00849463024454 0.035336256942 0.0092449163853 0.0225814045836 0.00546642686203 -0.000741905367119 -0.00277632726218 0.0239461628835 0.0209119975579 0.0380139692559 0.00773176552903 0.0242829340994 0.00928620281151 0.0194771187594 0.0273740908955 0.0054853541397 0.0365319852328 0.0148019544854 0.012144516552 0.0224130578294 0.0154876767583 0.313582914346 0.00775770562011 0.0352883458059 0.0142069719644 0.0106771417667 0.0143504045717 0.020247580514 0.0400218028848 0.00665640464784 0.0126383972091 0.0411357710312 0.0210021832286 0.0389834192982 0.0275403895175 0.0296849641781 0.0216018235394 0.0118761021524 0.010372768831 0.0103776844815 0.0108253817606 0.0154927756017 0.0104256860178 0.0239632266865 0.0141448337957 0.0156619235898 0.0496273618112 0.00671726666433 0.0177523872332 
-0.00860510104649 0.03391502342 0.0280254131341 0.00383748669794 0.0230428787236 0.00279070358787 0.0101579128483 0.000893225389508 0.0251004057634 0.0182093139306 0.0283042059328 0.0094708402189 0.0589593982187 0.032618743254 0.0300050893092 0.0576929464333 -0.00447246506276 0.0926768933742 -0.0184513165047 -0.0123626650112 0.000947689638493 0.0435705960784 0.00775770562011 8.19362500185 -0.000478639766727 0.0129917553522 0.0107854048157 0.0198132368227 0.00452140865868 0.00546226552517 0.0223850439908 0.00466195071824 0.0154679688577 0.033746861636 -0.0122437824697 0.012092214192 -0.00929373572391 0.0172903970597 -0.022474520981 0.012843847828 0.0148404221279 0.00102792670641 0.0118178993536 0.0120829874647 0.0518935494183 -0.00307654272809 0.0352909968835 0.0429013757173 0.00699233781417 0.0143913807273 
0.0399763520844 0.0117971756236 0.0241156443512 0.0228512677628 0.0126940173471 0.0231165152753 -0.00164435371723 0.00521101292992 0.00794083557273 0.0183612798476 0.0198383202306 0.0195062621421 0.0259785150986 0.0297892909101 0.0376371669064 0.033312684335 -0.00270710525415 0.0222258669252 0.0137302441914 0.0207776771199 0.048074288035 0.0223152032457 0.0352883458059 -0.000478639766727 0.301255435253 0.0166736745107 0.0301333583113 0.0162412787248 0.0188755098513 0.0437505909441 0.00915395470142 0.0155736868723 0.0412003024307 0.0258089395062 0.0465935537693 0.00895065447031 0.0314573832973 0.025157587063 0.0142504223412 0.0241979975099 0.024341103663 0.0126665697025 0.015402297616 0.0131810951633 0.0177762076231 0.0586879302879 0.0121817293019 0.0547249576701 0.0163152534439 0.0265255842281 
0.030751937874 0.0193998376579 0.0264893696501 0.0226942202828 0.00243466170452 0.00442945466398 0.0102530059343 -0.00368114098961 0.00841154388579 -0.0193007726515 0.0418627291663 0.0107127173646 0.0133742911334 0.0267749102661 0.0205262772421 0.0133581420056 0.0358336566372 0.0593798924522 0.0174766404582 0.0102053216125 0.00543017028009 0.00631985346855 0.0142069719644 0.0129917553522 0.0166736745107 0.294000424947 0.0345970892713 0.0143286760787 0.0114391005827 0.0333235494205 0.00257402754339 0.0145252671529 0.0466129772462 0.0179894673178 0.013239115672 0.0184236342997 0.0158087523126 0.0263222795782 -0.00382560837264 0.00801097411892 0.0157572112351 0.0150227826343 0.00523324729504 0.0184126147443 0.028268004974 0.0303084838184 0.0128988937172 0.0135304406356 0.00607558599716 0.0213557882076 
0.0513502457279 0.0132254226324 0.0340391412005 0.00409808750088 0.0192104483627 0.0115803353509 0.0552130310195 0.0111700104929 0.00573372822942 0.0264433183279 0.0255027749423 0.0158819329851 0.0214967942836 0.104599174902 0.00948774397711 0.0281658929991 0.0117223034007 0.0926849048786 0.0092495219766 0.00380488136164 0.0233016542765 0.0164675295097 0.0106771417667 0.0107854048157 0.0301333583113 0.0345970892713 0.487295649312 0.0147613930687 0.00740958385603 0.0330455368469 0.0123316657806 0.0185878756479 0.0463468972466 0.0250154475351 0.0166504096945 0.00233381973906 0.0111015019586 0.0121169782772 0.0010376135212 -0.00923440846814 0.00416261477986 -0.00716322652012 0.0150949641623 -0.00210581255646 0.0129816753709 0.0342102019412 0.00806118742569 0.0190785786453 0.00901025299195 0.00524258476078 
0.00970626432365 0.0238915431606 0.00852487994374 0.0168738919208 0.0332816187014 0.00537777062164 0.0075105536065 0.01094406363 0.0392645239211 0.0223120412873 0.0120471013812 0.0135675709543 0.00737719623083 0.00178795526478 0.0281921573017 0.0562967036265 0.00899854282195 0.0215757764343 0.00484269418498 0.0160126582697 0.0254426974622 0.0268641077359 0.0143504045717 0.0198132368227 0.0162412787248 0.0143286760787 0.0147613930687 0.197316731321 0.0175008404668 0.0212566691026 0.0145365420424 0.0160392229303 0.0264416994636 0.00967962899003 0.0424126312027 0.0223371420429 0.0119093565351 0.0489680426127 -0.00807077595255 0.0127413913481 0.00542207739222 0.0248048295885 0.00412865845184 0.0174639664922 0.0176798718172 0.00883831235913 0.00822997008008 0.00558440303727 0.0214064597035 0.0286068424205 
0.00957385891343 0.00640537673408 0.0148267127062 0.026881086506 0.0195943867243 0.00250557497669 0.0180472563381 0.0128777128681 0.0177402962005 0.0419210419074 0.040041499211 0.0100813875597 0.00609343807913 0.00282696070375 0.0162839046675 0.0161002859737 0.0185810155942 0.00791717477954 0.0147528017715 0.00725691737388 0.0117544412229 0.0231674803689 0.020247580514 0.00452140865868 0.0188755098513 0.0114391005827 0.00740958385603 0.0175008404668 0.168887872137 0.0238934570615 0.0138759143831 0.00930223933389 0.0334670467773 -0.00825483000903 0.0112384633699 0.0214190874176 0.0130929633321 0.0191598832186 0.00236799385242 -0.000813382187092 0.0137180276859 0.0162630299078 0.0139247624268 0.0143102890089 0.0406193312518 -0.00233833833119 0.0110129836134 0.0368308439349 0.00480224352229 0.0184487033721 
0.0625157301619 0.00924897439745 0.0451727030587 0.0103447139449 0.0229324774018 0.0230347737579 0.0211135367879 0.0143852490926 0.0277148362525 0.00830907616485 0.0737161312936 0.00614168047172 0.0114268619926 0.0319766537213 0.0275483925877 0.0277353096283 0.0263321962134 0.0526653425961 0.0281591221622 0.0113213003962 0.0072836352974 0.0311432473311 0.0400218028848 0.00546226552517 0.0437505909441 0.0333235494205 0.0330455368469 0.0212566691026 0.0238934570615 0.611299394957 0.015030728853 0.0357120188628 0.0906458969457 0.0264253745516 0.0119097037115 0.0267146402782 0.0148149768726 0.0257627087368 0.0154505190716 0.0153631820679 0.00150797793028 0.015825466054 0.0170281621396 0.0219981636315 0.0299886700052 0.0380422424597 0.0109855804688 0.0786802940162 0.00387917174575 0.0229144282243 
0.00845369857622 0.0398623954839 0.00162470771721 0.00752726698499 0.00141229479426 -0.000599805491436 0.018148230417 0.0122560175073 0.0101727328963 0.0170686407177 0.0167532512601 0.0475611714042 0.00985902275066 0.00726785960895 0.000638767885439 0.0135437367428 0.00789293968888 -0.00684338134531 0.00863132391349 0.00353714135048 0.0180559647947 0.0152313026949 0.00665640464783 0.0223850439908 0.00915395470142 0.00257402754338 0.0123316657806 0.0145365420424 0.0138759143831 0.015030728853 0.135435757707 0.00708867359278 0.0208239498341 0.00232779058786 0.0137027388348 0.0120448185837 0.0189500708755 0.0206827731951 -0.00592565681406 0.00883604592892 0.0156542049176 0.010555821536 0.00834144695199 0.00996388558202 0.0240536410756 0.000921388667487 0.00928009668115 0.00837156883045 0.0386296664997 0.0179455927091 
0.0022112856897 0.0181087434076 0.0304214752588 0.00944770796995 0.00797956961747 0.0160009250543 0.0154289686841 0.00766618395576 0.0166844119758 0.0113508485897 0.0178910960477 0.00668553275755 0.00512667583286 0.00482778809855 0.0106226377185 0.00634701468607 0.00808289728242 0.0180755029257 0.00900551165315 0.0114203801871 0.00722138802446 0.00815768052307 0.0126383972091 0.00466195071824 0.0155736868723 0.0145252671529 0.0185878756479 0.0160392229304 0.00930223933387 0.0357120188628 0.00708867359278 0.175189595672 0.0239819325994 0.0104899475655 -0.00107329646977 0.0161975703236 0.00571520310201 0.0206818623703 0.0113814863558 -0.00546304715735 0.01144563369 0.00529920460685 -0.00482315628074 0.0123571081667 0.017177966122 0.00428967710222 0.0173336318469 0.0118258253414 0.0121872191346 0.0135077100971 
0.0400011304228 0.0223936095052 0.0541070080004 0.0178845776967 0.014402186393 0.0145513694099 0.0281949396889 0.016677958134 0.0421943333735 0.00334046110525 0.0937959351976 0.0231102494345 0.021957177903 0.0152258302673 0.0416459939694 0.0317089704446 0.023819870924 0.0575183930917 0.036535273364 0.0041797997285 0.041795316893 0.0375151259584 0.0411357710312 0.0154679688577 0.0412003024307 0.0466129772462 0.0463468972466 0.0264416994636 0.0334670467773 0.0906458969457 0.0208239498341 0.0239819325994 0.292047764358 0.0289649699196 0.0443165799402 0.0291919667538 0.00153376162939 0.0296889895796 0.00562340666701 0.0221970318734 0.0135347360062 0.0175555101549 0.0211245826461 0.0224879755531 0.0374638541961 0.0435946941472 0.0201140989703 0.0568767064341 0.0181742268603 0.0335796526822 
0.0681914780213 0.00631097795605 0.0485309007293 -0.010978676998 0.000981693612435 -0.00180023998618 -0.0122765398561 0.00355086775423 0.0271215719479 0.0153169321863 0.0244173189203 -0.00370137673815 0.00668209560485 0.034612346789 0.0221226290559 0.0302300042029 0.0198413587985 0.0371492475924 0.0186412383612 0.0148556405965 0.0120282956401 0.0281780436829 0.0210021832286 0.033746861636 0.0258089395062 0.0179894673178 0.0250154475351 0.00967962899003 -0.00825483000904 0.0264253745516 0.00232779058786 0.0104899475655 0.0289649699196 0.320878184005 0.0317539257349 0.0191203271524 0.010606718453 0.0205445690925 0.016954212316 0.00819357507798 0.00124018961338 0.00866185068392 0.0102598611987 0.01574016297 0.00838859411968 0.0347468410478 0.0153703448184 0.0224249226 -0.00319737762857 0.0242436634642 
0.00354491745527 0.0270013132009 -0.0199470266272 0.00929138202923 0.0227126205064 0.0166487460214 -0.00747889428589 -0.00821422035738 0.0256275883343 0.0368862883184 -0.00789488055731 0.0457276017438 0.00587964575796 -0.00547493989137 0.0300645056304 -0.0199501350087 7.58941601645e-05 0.0126094194477 0.015147075513 0.00970572937036 0.00741968156455 0.0257797907301 0.0389834192982 -0.0122437824697 0.0465935537693 0.013239115672 0.0166504096945 0.0424126312027 0.0112384633699 0.0119097037115 0.0137027388348 -0.00107329646977 0.0443165799402 0.0317539257349 0.645979729536 0.0272157870492 0.0251561405386 0.0215251366348 0.013597910777 0.0220985997726 0.0301645075821 0.0195229205943 -0.0041294266664 0.017620498728 -0.0169097339101 0.011333894288 0.0250406956572 0.0100089267557 0.0125690153535 0.0166292512727 
0.0205243627494 0.0185350213419 0.0211925335848 0.0281593851592 0.0111244625674 0.0115881080923 0.00209741567698 0.00939472516531 0.0382407655172 0.0158682832024 0.0250542636324 0.0110523870265 0.0275443757535 0.00275722928955 0.0212018048161 0.0258539301307 0.0107275659775 0.0305972963879 0.0171771968751 0.000657111252016 0.0126165381478 0.0341803062272 0.0275403895175 0.012092214192 0.00895065447032 0.0184236342997 0.00233381973906 0.0223371420429 0.0214190874176 0.0267146402782 0.0120448185837 0.0161975703236 0.0291919667538 0.0191203271524 0.0272157870492 0.163856187313 0.0243485675371 0.0443136679825 0.00867304142901 0.00805781421789 0.0125939771259 0.0183076197765 0.014998818323 0.0576394480459 0.0253519746085 0.00617214513415 0.0195722327271 0.0176466991735 0.0207488902164 0.0503752791706 
0.0105324077065 0.0125126775832 0.00803435986838 0.0112609424618 -0.00598947156215 0.0141379854967 0.0200531056789 0.0275345703291 0.0113284581063 0.0171277739215 0.0271419368858 0.0149811632836 0.0060007519986 0.0128057011742 0.0191915219921 0.00871306166404 0.0229331990542 0.0301074343215 0.0258976557264 -0.0135389796537 -0.00944933105789 0.012376803119 0.0296849641781 -0.00929373572391 0.0314573832973 0.0158087523126 0.0111015019586 0.0119093565351 0.013092963332 0.0148149768726 0.0189500708755 0.00571520310202 0.0015337616294 0.010606718453 0.0251561405386 0.0243485675371 0.272786275192 0.0207526662162 0.00394373179423 0.0311701039965 -0.00254030930729 0.00907397046802 0.0110804523026 0.0288464260707 0.0210706193774 -0.000468148153703 0.0215535349573 0.0148095192712 0.0167188707668 0.0151674847449 
0.024057313596 0.0176098549054 0.0127786478998 0.0124871191011 0.0096064846014 0.00977368953862 0.00318467728535 0.0137967259263 0.0395585193951 0.0135672576393 0.0192331576148 0.00944501414487 0.0140827248965 0.0115691066695 0.0267836337666 0.0232877858 0.00930564735601 0.0180212346914 0.00574021294239 0.0134099401109 0.00627743805047 0.0246096913669 0.0216018235394 0.0172903970597 0.025157587063 0.0263222795782 0.0121169782772 0.0489680426127 0.0191598832186 0.0257627087368 0.0206827731951 0.0206818623703 0.0296889895796 0.0205445690925 0.0215251366348 0.0443136679824 0.0207526662162 0.194164247314 0.00139581790709 0.00865987408362 0.00906564249576 0.0194018012532 0.0197154588486 0.0411142870104 0.0263085420127 0.00983933476288 0.00548814824813 0.00831505544558 0.0280303341823 0.0256801199213 
-0.00221453600799 -0.00173799276797 0.0253436758178 0.00642918237 0.0297526499978 0.0103451004995 0.00351299891262 -0.00203157163867 0.0181395495579 0.0136413621901 -0.00954253937162 0.00633587497129 -0.0025195981453 -0.00558274091327 0.0196984641727 0.0290104693002 -0.000246492510398 0.00333575194839 0.00870353035833 -0.0133543214663 -0.00926168326616 0.00538989691628 0.0118761021524 -0.022474520981 0.0142504223412 -0.00382560837264 0.0010376135212 -0.00807077595255 0.00236799385242 0.0154505190716 -0.00592565681406 0.0113814863558 0.00562340666701 0.016954212316 0.013597910777 0.00867304142901 0.00394373179423 0.00139581790709 0.531804017847 0.0183558692383 0.0158475180261 -0.00450981186739 0.00152832364938 0.0331760141332 0.00828232751564 0.0110436147228 0.00693755354158 0.0213845017901 -0.000837842797715 0.0246146323229 
0.0378137649514 -0.00601166406535 0.0130957057927 0.00523840933949 0.0125396998261 0.00989995520603 0.0239460463179 0.0108419227713 0.00739453806826 0.00955913130949 0.0228343897956 0.00181725420014 0.0168293651105 0.0204047987277 0.0219309564627 0.0147309762894 0.0130954006305 -0.00288089112853 0.00715459102025 -0.00129989626803 0.00744819253811 0.00950936398973 0.010372768831 0.012843847828 0.0241979975099 0.00801097411893 -0.00923440846814 0.0127413913481 -0.000813382187082 0.0153631820679 0.00883604592892 -0.00546304715735 0.0221970318734 0.00819357507798 0.0220985997726 0.00805781421788 0.0311701039965 0.00865987408362 0.0183558692383 0.337783310776 0.0177098913216 0.0242163754977 0.0338014442353 0.00517961337824 0.0358080024961 0.0114194668367 -0.00396591567535 0.0229188266577 0.0122418745191 0.00502886218222 
0.000828515216194 0.0109795618806 0.000939409262747 0.0107231202782 0.0396266866735 0.000850860682948 0.0130077417027 0.00820410303702 0.00472895133751 0.0195131439922 -0.00117205268232 0.0143759195882 0.00414443003406 0.00979339432243 0.00630922716768 0.0293709028687 0.00753701113277 -0.00627067940048 0.0060223314989 0.0181635850718 0.0250621288258 -0.00205446637845 0.0103776844815 0.0148404221279 0.024341103663 0.0157572112351 0.00416261477986 0.00542207739222 0.0137180276859 0.00150797793028 0.0156542049176 0.01144563369 0.0135347360062 0.00124018961338 0.0301645075821 0.0125939771259 -0.0025403093073 0.00906564249576 0.0158475180261 0.0177098913216 0.306946024048 0.0084531865967 0.0110640980355 0.00312202183826 0.0231268584888 -0.0037448768648 0.00911821285616 0.0177774185581 0.0160711552649 0.00513534008293 
0.0182713243255 0.0115040618665 0.0187968937919 0.0157333578142 0.00991713124638 0.00599222112432 -0.00326818930336 0.0145691331338 0.0267844364929 0.00471668061343 0.0353115387362 0.00914529893437 0.013676812864 -9.04894684055e-05 0.0335988219094 0.0281779422682 0.00663062119991 0.00393466957278 0.01714297158 0.0192869331848 0.0043170230006 0.0220423227636 0.0108253817606 0.00102792670641 0.0126665697025 0.0150227826343 -0.00716322652012 0.0248048295885 0.0162630299078 0.015825466054 0.010555821536 0.00529920460686 0.0175555101549 0.00866185068392 0.0195229205943 0.0183076197765 0.00907397046803 0.0194018012532 -0.00450981186739 0.0242163754977 0.0084531865967 0.24786487192 -0.00269780453908 0.0136629046218 0.0336420197719 0.010248223048 0.00926658256089 -0.00096632470291 0.019559895057 0.0228526222315 
0.00937159241996 0.016407607758 0.0182918428062 0.0123745232267 -0.00694503800572 0.000619509336353 0.0221696864284 -0.000971433998278 0.00525049542696 0.00853910354972 0.00379715900998 0.00424529895059 0.0052748217476 0.0584306407133 0.0151720386185 0.00787462620338 0.040055760237 0.0102587388143 0.0130170787533 -0.0171068372622 0.0508680998336 -0.00220640981552 0.0154927756018 0.0118178993536 0.015402297616 0.00523324729504 0.0150949641623 0.00412865845185 0.0139247624268 0.0170281621396 0.00834144695198 -0.00482315628073 0.0211245826461 0.0102598611987 -0.0041294266664 0.0149988183231 0.0110804523026 0.0197154588486 0.00152832364937 0.0338014442353 0.0110640980355 -0.00269780453908 0.292623007259 0.000795746965769 0.0371180860803 0.00222279896646 0.0107529032364 -0.0003388445441 0.00788088945073 0.0139001542767 
0.0171561729486 0.0134122186754 0.0146249249795 0.0170645404166 0.016421586305 0.0102175177058 -0.00318073474459 0.0219120408019 0.0249992770948 0.0295929984208 0.0384169373981 0.00472582389243 0.0127683613798 0.00874845090162 0.0230812709451 0.0076124148747 0.00226453365714 0.016485224253 0.00978583394967 0.00648201580846 9.96433741879e-05 0.0322696686194 0.0104256860178 0.0120829874647 0.0131810951633 0.0184126147443 -0.00210581255645 0.0174639664922 0.0143102890089 0.0219981636315 0.00996388558201 0.0123571081667 0.022487975553 0.01574016297 0.017620498728 0.0576394480459 0.0288464260707 0.0411142870104 0.0331760141332 0.00517961337824 0.00312202183826 0.0136629046219 0.000795746965764 0.255888181732 0.014609485368 0.00523638134126 0.0139039524661 0.026252077054 0.015504977759 0.0313137556055 
0.00201127736329 0.0243904172648 0.00687258256642 0.0226736788721 0.00887007728216 0.00215572174593 0.0114291715562 0.00790669464676 0.0514223696229 -0.00132866765886 0.0422807633404 0.00934552149782 0.0398757840831 -0.00600682762722 0.0529334956381 0.0313845728908 0.0219140640955 0.0493946488298 0.00342903917863 0.00587305129634 0.0116251428696 0.0153672916397 0.0239632266865 0.0518935494183 0.0177762076232 0.028268004974 0.0129816753709 0.0176798718172 0.0406193312518 0.0299886700052 0.0240536410756 0.0171779661219 0.0374638541961 0.00838859411968 -0.0169097339101 0.0253519746085 0.0210706193774 0.0263085420127 0.00828232751564 0.0358080024961 0.0231268584888 0.0336420197719 0.0371180860803 0.014609485368 0.215097419659 0.0079826067334 -0.00264148234714 0.0246496916145 0.0131857404442 0.0220897903321 
0.0264151386788 0.00123511058192 0.0623538695445 0.00306607101465 0.0191122645092 0.00262084680949 0.0162378540077 0.0050730387516 0.00580419331204 -0.00497596660895 0.0144828799678 0.00431767800416 0.0112933454901 0.0563994341709 0.0319580242945 0.0232022235754 0.0249167856264 0.0261799312026 0.0275040216473 0.0426645322067 0.0109505296565 0.0105481450314 0.0141448337957 -0.00307654272809 0.0586879302879 0.0303084838184 0.0342102019412 0.00883831235914 -0.00233833833119 0.0380422424597 0.000921388667487 0.00428967710222 0.0435946941472 0.0347468410478 0.011333894288 0.00617214513415 -0.000468148153705 0.00983933476288 0.0110436147228 0.0114194668367 -0.0037448768648 0.010248223048 0.00222279896646 0.00523638134126 0.00798260673341 0.67975347637 0.0318750657537 0.0156417078789 0.00840270363614 0.011128702977 
0.0129812212068 0.0179679311207 0.0148651157597 0.00742272502501 0.0108624114276 0.0128973176256 0.0132687476701 0.0232958961576 0.0113911830707 0.0075340704124 0.00793268764544 0.0108071834373 0.00545396565133 0.00651764727319 0.0126216335402 0.00842809878621 0.00284009822749 0.00440750721709 0.028780065716 0.0203125408538 0.0135395354621 0.0173840088734 0.0156619235898 0.0352909968835 0.0121817293019 0.0128988937172 0.0080611874257 0.00822997008001 0.0110129836135 0.0109855804688 0.00928009668113 0.0173336318469 0.0201140989703 0.0153703448184 0.0250406956572 0.019572232727 0.0215535349573 0.00548814824818 0.00693755354157 -0.00396591567533 0.00911821285616 0.0092665825609 0.0107529032364 0.0139039524661 -0.00264148234723 0.0318750657537 0.134391484858 0.0160979570632 0.00592362897456 0.0130634822175 
