50
0.0246645675501 0.138528932385 0.0911559741232 0.0427797721554 0.0785675118811 0.0330111524363 0.0290232005544 0.0764707668379 0.0261881624723 0.0414012394119 0.0153161335694 0.0271794955288 0.022369934908 0.0307440439862 0.162626926374 0.0482651065397 0.0693656588129 0.140066530531 0.104903250727 0.0295384146509 0.0263662592882 0.0466521206007 0.0348883512333 0.0704019073317 0.0629738483482 0.0353360638732 0.265107550494 0.0773240107923 0.149246593495 0.0202574279786 0.0413167922229 0.0486003975036 0.0391901687574 0.0884893451388 0.0260517267587 0.0412963652708 0.0424048973372 0.0304536481296 0.0387981152642 0.242072249725 0.0256056876134 0.00361039022472 0.0276848810082 0.15397042743 0.0565521495323 0.164482556217 0.0538734886168 0.118355026327 0.123612909007 0.0631385093148 
0.164040454077 0.00938119065262 0.0097943146046 0.0151442243601 -0.00439490286138 0.0161944024746 0.0225133372591 0.0150194183206 0.0100494402593 0.0203893726778 0.0247290680039 0.0252790450667 0.00188409278944 0.0305213113175 0.00438984762574 0.025316588472 0.023238332289 0.00607905848935 0.0307136313703 0.045686284212 0.0260070787386 0.0201668585935 0.0234417322647 0.0267629055511 -0.004741182821 0.000689563283419 -0.00473486979203 0.0369831123878 0.00900550759543 0.0171918212509 0.0167472373547 0.00952147247276 0.0101061619846 0.0218859714861 0.0086805158637 0.00721017140853 0.00579458332914 0.0544436134338 0.0171052881543 0.0159329404797 0.00886252080678 0.00887017943894 0.0218286423849 0.00322114934463 0.0195888140979 0.00182055549397 0.00669548290087 0.00344823943923 -0.0108756810319 0.00424223491037 
0.00938119065262 1.00112718711 0.0186518433701 0.0261622089414 0.0150642349768 0.0373583233493 0.00406216313739 0.0396524713418 0.00912701800915 0.0134112081576 0.0147415845641 0.0218573978246 0.00641247498902 0.0183469251488 -0.00213115393267 0.0394862941286 0.00144883855984 0.0112959321818 0.00711490521199 0.00100223999935 0.0182229501001 0.0234533802792 0.00942583243236 0.0149472305348 0.00510152859554 0.0066951007847 -0.0185600291423 0.055302339064 0.0176340281121 0.0168080977615 0.00961344823 0.00659385018903 0.01320990484 0.0205041378867 0.0158549644032 0.00507584444463 0.0149565218369 0.00640743695569 0.0196688802156 0.00975322919816 0.0129617762197 0.0168031554897 0.0190956641448 0.0131306396223 0.0171650760433 -0.0137435647643 0.00799440741844 0.0497209693879 -0.00631764015441 0.0686410967702 
0.0097943146046 0.0186518433701 0.351347452899 0.024207849689 0.0216377354791 0.0301235074199 0.00944107132492 0.0107553535815 0.0272308740445 0.0184943231986 -0.000221553738007 0.0200332217892 0.0323083430427 0.0160522638181 0.00124207677406 0.030589834204 0.0232185211367 0.0552490085449 0.0476591763168 0.017341446395 0.0286763737572 0.00696959938399 0.0352503328823 0.0338909963678 0.0185103628706 0.00789000534336 0.0230617763779 0.0399614737837 0.0327335500993 0.0312677801933 0.0290422080405 0.00781212366943 0.0176024104274 0.052494524332 0.0272279079969 0.0183432020497 0.0343312590124 0.0116253584888 0.0302298401636 0.10059902016 0.00473718237551 0.0403313708228 0.0228066001847 0.0250579010143 0.0209663208105 0.00549553783287 0.0152881854927 0.0218318817252 0.0325225175656 0.0423327310954 
0.0151442243601 0.0261622089414 0.024207849689 0.272387959835 0.0466399372477 0.0197519903768 0.0226114173736 0.0270980151256 0.0312130998562 0.0243899612545 0.0139785936584 0.0177481958697 0.0130700444876 0.0326235083449 0.0230491072278 0.0212634002695 0.00382252713241 0.0243340375921 0.0414128237642 0.0227047178463 0.0283766582504 0.0254802528117 0.052153589159 0.0367846120181 0.021742829688 0.0197484940821 0.00701891782706 0.0229470837608 0.0244751828344 0.0137777632823 0.00571219445613 0.00076623342616 0.0356332013719 0.0102858166054 0.0251054607954 0.0154424409814 0.00341884168679 0.0211339261323 0.0389089690881 0.0397995162371 0.0124215451075 0.00831349523894 0.0172303084369 0.0257246081866 0.00601870960264 -0.0142090537743 0.0315947350571 0.00869200456641 -0.0115331518765 0.0287343751104 
-0.00439490286138 0.0150642349768 0.0216377354791 0.0466399372477 0.528680982177 0.00506907768122 -0.00326586212141 0.0125051320583 0.0186626535568 0.0123955208438 0.0182686597463 0.0146661082141 0.0172492024296 0.0207897853835 -0.000681422876361 0.0101173385535 0.00743173786495 0.0321363884952 0.029221817247 0.00737449948313 0.00838306716793 -0.00303439390978 0.00896920968838 0.00663478317249 -0.00305790097773 0.0239509405639 0.011892954302 0.00889197979185 -0.0065161175528 0.0302811048918 0.0169625712301 0.00192126029224 0.0176484798382 0.0119072705448 0.00870041946245 0.000646406484647 0.0148376119079 0.00729457533082 0.0261891967577 0.0151797401758 0.0223040909914 0.0195644236621 0.00148135130552 0.00728496132879 0.0129178115266 0.00372415860606 0.00455857669609 0.105031784297 0.0304534133711 0.0277139053764 
0.0161944024746 0.0373583233493 0.0301235074199 0.0197519903768 0.00506907768122 0.303479138354 0.00785425976822 0.0386186018688 0.0171672083121 0.0145792730782 0.00680320948853 0.0204291226927 0.022820441286 0.0301823849453 0.0115895537727 0.0320283914949 0.0538249790405 0.0163117098636 0.0271980791179 0.010220704061 0.0373655943414 0.00657568156698 0.0309539228172 0.0381316537361 -0.00262500102924 0.0247068641902 0.00361508062079 0.0555094430485 0.0232453637239 0.0195294886573 0.0322232794258 0.02910579649 0.0279522238354 0.0176231608684 0.018291906264 0.024426897409 0.00535495502436 0.0217404850594 0.000224776185363 0.0292961353669 0.0109845511938 0.0167753144212 0.0113371444506 0.0189527442123 0.013738505434 -0.00313141091184 0.0355130495675 0.0345619781503 -0.0116343909689 0.0190292873761 
0.0225133372592 0.00406216313739 0.00944107132492 0.0226114173736 -0.00326586212141 0.00785425976822 0.247519157661 0.0160378527617 0.00850029214107 0.00264091856769 0.0108473223452 0.008354496704 0.0145386480232 0.0304156931064 0.0187559149744 0.0114074008196 0.00637261468575 0.00854516488971 0.0126289858588 0.0273998494962 0.0058745262235 0.0147725863088 0.0189023475975 0.0209211129542 0.0158313225197 0.0139641737421 -0.0139057264602 0.0363923017459 -0.00182755198156 0.0236313207555 0.0125421486022 0.0162976698263 0.0186928946443 0.0175069819398 0.020046784956 0.0123347898066 0.00558164156925 0.0285603187852 0.0305739381498 0.0166810239689 0.00949381877347 0.014010189762 0.0140623323822 -0.00380676341285 0.0286453459638 -0.00493766714042 0.0181635477459 0.0114788634883 -0.00656407745183 0.00367375630141 
0.0150194183206 0.0396524713418 0.0107553535815 0.0270980151256 0.0125051320583 0.0386186018688 0.0160378527617 0.440688266008 0.0118425957139 0.0216073577028 0.00746137313106 0.0183408292061 0.0144982407115 0.0234590820596 0.0138260414397 0.0371248338536 0.0578576542268 0.0301059670898 0.0358768957883 0.012973462538 0.0269027092612 0.0124469052593 0.043889712986 0.0300866299179 0.00397033355072 0.0329009372214 -0.00172825771749 0.0734485370667 -0.00746721378439 0.0201762003239 0.0105237031604 0.00598490297711 0.0216105158461 0.0159987054114 0.0248982581285 -0.00314803081618 -0.000257710743722 0.0328509675761 0.0307144106937 0.106245127879 0.0038003856571 0.0090821129064 0.028983129679 0.0228798293198 0.0327889896546 0.0442112542555 0.0258123992735 0.0484547761674 0.0712954999032 0.0137166915016 
0.0100494402593 0.00912701800915 0.0272308740445 0.0312130998562 0.0186626535568 0.0171672083121 0.00850029214107 0.0118425957139 0.258726954298 0.00935002837036 -0.00353569401389 0.0108123498998 0.0183684893751 0.0143525973376 0.0010096867107 0.0111607414473 0.0109428970262 0.00459749176673 0.0064514378355 0.0207425432199 0.0207409944675 0.0108499489741 0.0190702996067 0.0163884996043 0.0103736336495 0.0124180094172 -0.00196708076722 0.0252906931298 0.00902878928813 0.0194849542267 0.0198437018128 -0.00872779233208 0.00579085829342 0.0181691982281 0.018700504725 0.0152449356518 0.0116272561138 0.00908954150709 0.00699828259949 0.0142732058565 0.00920572872491 0.0116946118281 0.00765070162583 0.0140222088846 0.00309498401382 -0.0049723094669 0.0088273537074 0.025489652472 0.00244250612447 0.0171759759378 
0.0203893726778 0.0134112081576 0.0184943231986 0.0243899612545 0.0123955208438 0.0145792730782 0.00264091856769 0.0216073577028 0.00935002837036 0.24083485668 0.0133381449684 0.00686387915448 0.00625041208924 0.0373639611999 0.0258793871827 0.00650538772377 0.0109386830457 0.00656440919252 0.0268879285677 0.00998333409328 0.0229451516759 0.0189415077014 0.019199157889 0.0205865071779 0.00139352388377 0.00520931464378 -0.00807490263678 0.0253781349307 0.0138117737824 0.00548570350625 0.0117938719575 -0.00212423791398 0.00542985666302 0.0413138356845 0.0069598970109 0.00425298056777 0.00730258331702 0.0331659938579 0.0130290766624 0.0153396695095 0.00212548606157 0.00597904608139 0.01258109978 0.0147884607009 0.00119254167702 -0.00666099236151 0.00637476941422 0.00770135499172 -0.00220443778465 0.00452206981933 
0.0247290680039 0.0147415845641 -0.000221553738007 0.0139785936584 0.0182686597463 0.00680320948853 0.0108473223452 0.00746137313106 -0.00353569401389 0.0133381449684 0.136330135681 0.0094535402843 0.0114730256878 0.023496346126 0.019826181734 0.0035203965882 -0.00356529608902 0.0276908610569 -0.00181985889627 0.0116272178225 -0.000763694813355 0.05221130799 0.0135881716478 0.0217266717572 0.0106059290913 0.0166865704351 -0.0185424883335 0.00797285744809 0.0274189288162 0.0158683721308 0.014497602219 0.00539276717847 0.00840999953418 0.00203488988537 0.0108316309327 0.0212062410613 0.0131085385809 0.0189438347981 0.0144978897753 0.00635301479699 0.00308708648884 0.00434239713373 0.0108706223952 0.0227274214341 0.0153922203574 0.00481723173982 -0.0104155459849 0.0178988002836 0.00709599584836 0.00920323761412 
0.0252790450667 0.0218573978246 0.0200332217892 0.0177481958697 0.0146661082141 0.0204291226927 0.008354496704 0.0183408292061 0.0108123498998 0.00686387915448 0.0094535402843 0.223885817697 0.00164571981186 0.0128589062902 0.0134676064643 0.00339260163542 0.0222770633044 0.00283335324725 0.0259812447248 0.0121394572945 0.00783651112882 0.00899070902691 0.00561680305627 0.0310788089608 -0.00574001748782 0.0115068491729 -0.000525633494485 0.0272182801526 0.00698690897966 0.00298328455038 0.0227527834104 0.0123595375355 0.00403498604409 0.0103656365946 -0.000423852598845 0.0179964838581 0.0559529591296 0.0089231035698 0.00421202788309 0.00227437168175 0.0307150911085 0.00978654468726 0.0136193566709 -0.00044157624857 -0.0195658961496 -0.0121096930726 0.0115993828004 0.0162462417471 0.00773359756572 0.0109487811353 
0.00188409278943 0.00641247498902 0.0323083430427 0.0130700444876 0.0172492024296 0.022820441286 0.0145386480232 0.0144982407115 0.0183684893751 0.00625041208924 0.0114730256878 0.00164571981186 0.19918632841 0.0182675075585 0.0339023193362 0.00356103177384 0.00971819548412 0.0186321611378 0.020092534031 0.018769470034 0.0258476948491 0.00848184115782 0.0261352813189 0.0389142085153 0.00273520924106 0.0295271830728 0.000155065661555 0.048536588649 0.0127866537666 0.0340468932828 0.0214277775331 0.0132612947641 0.0121385637205 0.00817332340147 0.0120525359542 0.0115742063616 0.0167268695569 0.0130386348687 0.0218809371108 0.0312802381445 0.00826012534948 0.00218035511424 0.00995708067902 0.0115507380894 0.0125624328101 -0.00799399649942 0.0256409787798 0.0115395367061 0.0114814003071 0.0186904722643 
0.0305213113175 0.0183469251488 0.0160522638181 0.0326235083449 0.0207897853835 0.0301823849453 0.0304156931064 0.0234590820596 0.0143525973376 0.0373639611999 0.023496346126 0.0128589062902 0.0182675075585 0.22445211896 0.00233152239182 0.0117321639394 0.00436503500571 0.037579159679 0.0295122013538 0.0252482208816 0.0275727544115 0.0328037475491 0.0195778785394 0.0315993280095 0.0100693289351 0.00768970956135 0.00331501138725 0.0403368685515 0.0191615785512 0.0382670818519 0.0310831115396 0.0092800294965 0.0102615085157 0.0232301054073 0.0207519276995 0.0227718199383 0.00957809012046 0.0317099671568 0.0247545300691 0.0332180647503 0.00907972878321 0.020046889052 0.0193061817297 0.0348415823134 0.0120684758444 0.0313615717987 0.0280591979343 0.0124159345495 -0.00551729784761 0.0155569664645 
0.00438984762574 -0.00213115393267 0.00124207677406 0.0230491072278 -0.000681422876363 0.0115895537727 0.0187559149744 0.0138260414397 0.0010096867107 0.0258793871827 0.019826181734 0.0134676064643 0.0339023193362 0.00233152239182 1.12216821855 0.000973763305055 0.017099704785 0.00771057262074 0.0599547305522 5.36517149403e-05 0.0330684758588 0.0422538514035 0.0282888149743 0.0242522246581 0.0185012485523 0.0172712156219 -0.0316716603323 0.00737318184539 0.0609692668062 -0.0154805875093 0.0220066712834 0.0144836583305 0.000589465319158 -0.00870670934905 0.0235975932307 -0.00963270249411 -0.00307916964999 0.00100221618867 0.00905623732231 0.0353480530832 0.0179852524828 0.00732685875231 0.00897885446352 0.0445518782701 0.0517251021186 -0.0015402048481 -0.00173274957189 0.00105853435719 0.00792674838561 0.0279214364187 
0.025316588472 0.0394862941286 0.030589834204 0.0212634002695 0.0101173385535 0.0320283914949 0.0114074008196 0.0371248338536 0.0111607414473 0.00650538772377 0.0035203965882 0.00339260163542 0.00356103177384 0.0117321639394 0.000973763305055 0.299108849043 0.0517419871589 0.0063530950741 0.0414954454071 0.0162456999244 0.0361447821314 0.0119346287326 0.0172869921306 0.0279512722949 0.00155614904282 0.0248719156645 0.00610879172442 0.0223327193461 0.0199869743408 0.028940073928 0.0113356434619 0.012204837904 0.0162989593317 0.028298198057 0.019483980793 0.0144172778045 -0.000323774257803 0.00953501549683 0.018157083628 0.0122512152882 0.0118394068683 0.024158074451 0.00953453923244 -0.000766344615626 0.025219731164 0.0044468324889 0.0237354569801 0.0158781687177 -0.000470446843299 0.0185261535315 
0.023238332289 0.00144883855984 0.0232185211367 0.0038225271324 0.00743173786494 0.0538249790405 0.00637261468575 0.0578576542268 0.0109428970262 0.0109386830457 -0.00356529608902 0.0222770633044 0.00971819548412 0.00436503500571 0.017099704785 0.0517419871589 0.372728303092 -0.000678332225236 0.00621988408026 0.0166279527601 0.032955955554 0.0166188719251 0.00288543020696 0.0295025712296 0.0104651297628 0.020708860339 -0.00945888966054 0.0142248820258 -9.25073428151e-05 0.0160876305944 0.0131829061823 0.0134642033888 0.0104563889676 0.0254415535244 0.00770952779247 0.0135864477368 -0.00697949557373 0.00799439080818 0.00137219652372 0.0305125353027 0.0140318214478 0.0247521666115 0.0160363872555 0.00568455650639 0.0261486809373 -0.0102407424028 0.0422298464676 0.0446213587861 0.00803554255078 0.0104563579331 
0.00607905848935 0.0112959321818 0.0552490085449 0.0243340375921 0.0321363884952 0.0163117098636 0.00854516488971 0.0301059670898 0.00459749176673 0.00656440919252 0.0276908610569 0.00283335324725 0.0186321611378 0.037579159679 0.00771057262074 0.0063530950741 -0.000678332225235 1.44536360856 0.0282125559872 0.0147943467433 0.0216978135092 0.0248830696276 0.0293130392484 0.0657729369199 0.00427542632135 0.0194148881735 0.0603540744754 0.0210369391157 0.0162322801372 0.0164231287279 0.0121014956526 0.00501937683752 0.00867053362024 0.0130560979778 0.0090680545217 0.00409833203885 0.00480402408339 0.020231769029 0.0187599208412 0.0729601163576 0.00982628870683 0.0104172151104 0.0172493869935 0.0258595359546 0.0410295535717 -0.0128044529957 0.0516107136542 0.0214754244786 0.0968796073987 0.015683558623 
0.0307136313703 0.00711490521199 0.0476591763168 0.0414128237642 0.029221817247 0.0271980791179 0.0126289858587 0.0358768957883 0.0064514378355 0.0268879285677 -0.00181985889627 0.0259812447247 0.020092534031 0.0295122013538 0.0599547305522 0.0414954454071 0.00621988408026 0.0282125559872 0.461681996299 0.0229587778583 0.0371661840688 -0.00549843307119 0.0343760719522 0.0352129788364 0.0170259516032 -0.000450054332916 0.0121970229509 0.0576605602245 0.0300013239926 0.0429690322533 0.0202976089168 -0.00302126328293 0.0148576785648 0.0325719296255 0.0404964868189 0.0140831491099 0.020163311279 0.0208687710507 0.0349612044549 0.063739622502 0.00666605582265 0.0182777303409 0.030119136094 0.044154460733 0.00993783575258 0.00376202579137 0.0358244285171 0.0034594182827 -0.00401909792882 0.0345440049773 
0.045686284212 0.00100223999935 0.017341446395 0.0227047178463 0.00737449948313 0.010220704061 0.0273998494962 0.012973462538 0.0207425432199 0.00998333409328 0.0116272178225 0.0121394572945 0.018769470034 0.0252482208816 5.36517149405e-05 0.0162456999244 0.0166279527601 0.0147943467433 0.0229587778583 0.206084730372 0.0339732756507 0.00496453312221 0.0249114228392 0.0215949722879 -0.00141623686083 -0.00302478105272 0.00742604250327 0.0295093818911 0.00659394055747 0.0113964147551 0.0106344307414 0.00866263053939 0.0204812234171 0.0180062564904 0.010235554391 0.0133127325816 0.00757690527207 0.0478443390809 0.0291624767693 0.0205196306603 0.0156965809362 0.0245578738498 0.0311422665684 0.0157124574004 0.0162029111565 0.00370709652392 0.0145813788394 0.0381406996828 -0.0027372013803 0.00241489920251 
0.0260070787386 0.0182229501001 0.0286763737572 0.0283766582504 0.00838306716793 0.0373655943414 0.0058745262235 0.0269027092612 0.0207409944675 0.0229451516759 -0.000763694813355 0.00783651112882 0.0258476948491 0.0275727544115 0.0330684758588 0.0361447821314 0.032955955554 0.0216978135092 0.0371661840688 0.0339732756507 0.220119735905 0.0148486383495 0.0307538185316 0.0378715747895 0.0108739770039 0.000451330675574 0.0187716756513 0.074495545317 0.0227805630838 0.0186426149146 0.0155724875342 0.0182396229223 0.0135449147491 -0.0071060867556 0.019925224508 0.00748670291991 0.00775455265657 0.0291184644822 0.0235237504005 0.0486074780085 0.0171739394007 0.0165512535841 0.0250297284213 0.0330665737447 0.0146231716067 0.00638693305305 0.0213640780318 0.0259773962035 0.0100838971617 0.0270662263933 
0.0201668585935 0.0234533802792 0.00696959938399 0.0254802528117 -0.00303439390978 0.00657568156698 0.0147725863088 0.0124469052593 0.0108499489741 0.0189415077014 0.05221130799 0.00899070902691 0.00848184115782 0.0328037475491 0.0422538514035 0.0119346287326 0.0166188719251 0.0248830696276 -0.00549843307118 0.00496453312221 0.0148486383495 0.249513441623 0.0193797236115 0.0246591280721 0.0203338094594 0.0193143181079 -0.0148197556978 0.0151733214746 0.0439375130202 0.0218776701609 0.0193998616954 0.0058243104937 0.0211186475234 0.00224505901983 0.0119704600508 0.0185968234397 0.00241754404538 0.0301709346461 0.0164510973077 0.00738082580842 0.00932765970085 0.00677254771177 0.0164434518228 0.0233798889702 0.015332298626 -0.00160663633962 0.00246161784029 0.0155507847305 0.00993808875721 0.00945273336843 
0.0234417322647 0.00942583243236 0.0352503328823 0.052153589159 0.00896920968838 0.0309539228172 0.0189023475975 0.043889712986 0.0190702996067 0.019199157889 0.0135881716478 0.00561680305627 0.0261352813189 0.0195778785394 0.0282888149743 0.0172869921306 0.00288543020696 0.0293130392484 0.0343760719522 0.0249114228392 0.0307538185316 0.0193797236115 0.31297337022 0.0344885994411 0.0145797789608 0.0100860250623 -0.0208153912086 0.064033724236 0.0184253448559 0.0156641731695 0.0290426832127 0.00817253467793 0.0193315690025 0.0248223368717 0.0279522820603 0.00463650397914 0.00753677251529 0.0290461022685 0.0117042057665 0.0532040155221 0.0191907887352 0.0137772161185 0.0182959578008 0.0145832328696 0.0260790152839 -0.00558590440321 0.0301295242998 0.0237210039551 -0.00529382476153 0.0125739003865 
0.0267629055511 0.0149472305348 0.0338909963678 0.0367846120181 0.00663478317249 0.0381316537361 0.0209211129542 0.0300866299179 0.0163884996043 0.0205865071779 0.0217266717572 0.0310788089608 0.0389142085153 0.0315993280095 0.0242522246581 0.0279512722949 0.0295025712296 0.0657729369199 0.0352129788364 0.0215949722879 0.0378715747895 0.0246591280721 0.0344885994411 0.265952777536 0.0194082247216 0.0275712679894 0.0107398220505 0.07626714441 0.046577406052 0.0306522091589 0.0165649314964 0.0262581390878 0.0157375005364 0.0125540359579 0.0325712106507 0.00960927513317 -0.0035818474359 0.0279332774619 0.0212809691866 0.0625156489947 0.0101262431895 0.0148974914412 0.0205853021632 0.0250602934105 0.0103098760009 0.00640413382776 0.0373219257388 0.0235335781329 0.0107818129641 0.0285757227504 
-0.004741182821 0.00510152859554 0.0185103628706 0.021742829688 -0.00305790097772 -0.00262500102925 0.0158313225197 0.00397033355072 0.0103736336495 0.00139352388377 0.0106059290913 -0.00574001748782 0.00273520924106 0.0100693289351 0.0185012485523 0.00155614904282 0.0104651297628 0.00427542632135 0.0170259516032 -0.00141623686083 0.0108739770039 0.0203338094594 0.0145797789608 0.0194082247216 0.324439600051 -0.00680108674607 0.00578007992417 0.0148388041605 0.143036530028 0.0121758816832 0.0128592539216 0.018798677283 0.00988730322115 -0.00282300594178 0.0233935165585 -0.000101376956528 -0.00396347321264 0.00800881657783 0.0114249787429 0.0330783269903 -0.00858646632105 0.0138208603996 -0.000225258005044 0.131171320769 0.00401438494551 0.0357672803027 -0.000116242501111 0.0127052803979 0.00587912249182 0.0085495600601 
0.000689563283417 0.0066951007847 0.00789000534336 0.0197484940821 0.0239509405639 0.0247068641902 0.0139641737421 0.0329009372214 0.0124180094172 0.00520931464378 0.0166865704351 0.0115068491729 0.0295271830728 0.00768970956135 0.0172712156219 0.0248719156645 0.020708860339 0.0194148881735 -0.000450054332919 -0.00302478105272 0.000451330675574 0.0193143181078 0.0100860250623 0.0275712679894 -0.00680108674607 0.304890410572 -0.0210339648676 0.015590263944 0.0141320792283 0.0183269989547 0.0144150712846 0.0348703551905 0.02479776372 0.0350929500022 0.00961331786123 0.0194991905046 -0.002248400723 0.0190888047829 0.0196293414163 0.00501106006638 -0.0042005166161 0.00155053181822 0.00865614006283 0.00885787151022 0.016124393594 -0.0109609239707 0.0209582850842 0.0348821693511 0.0237319351101 0.038058624574 
-0.00473486979203 -0.0185600291423 0.0230617763779 0.00701891782706 0.011892954302 0.00361508062079 -0.0139057264602 -0.00172825771749 -0.00196708076722 -0.00807490263678 -0.0185424883335 -0.000525633494485 0.000155065661555 0.00331501138725 -0.0316716603323 0.00610879172442 -0.00945888966054 0.0603540744754 0.0121970229509 0.00742604250327 0.0187716756513 -0.0148197556978 -0.0208153912086 0.0107398220505 0.00578007992417 -0.0210339648676 2.98889478229 0.0323613830717 0.00677379240581 0.0132927943756 0.00265254325352 -0.0029574361001 0.003899340565 0.0220446785738 -0.00483653633155 -0.00744697698019 0.0109143656706 -0.00741393589435 0.00305616740204 0.0423243795211 -0.00255297221116 0.0024586394951 -0.00194854651577 0.00746728055132 -0.00944616382027 0.00869086604012 0.0166319475613 0.0329126148428 -0.00617597191344 -0.0210363317839 
0.0369831123878 0.055302339064 0.0399614737837 0.0229470837608 0.00889197979185 0.0555094430485 0.0363923017459 0.0734485370667 0.0252906931298 0.0253781349307 0.00797285744809 0.0272182801526 0.048536588649 0.0403368685515 0.00737318184539 0.0223327193461 0.0142248820258 0.0210369391157 0.0576605602245 0.0295093818911 0.074495545317 0.0151733214746 0.064033724236 0.07626714441 0.0148388041605 0.015590263944 0.0323613830717 0.455531590262 0.0801395104133 0.0359331689578 0.0234724521421 0.0224793140104 0.0284154571115 0.0178065539522 0.0247841618816 0.0143165867864 0.0301237785531 0.0434027144966 0.0249894284088 0.0520259388255 0.000545278050499 0.0260984896703 0.0369885620769 0.0522246356812 0.0162491218708 -0.00646808751272 0.0302826684139 0.0347010990565 0.0138751490359 0.0314058668844 
0.00900550759543 0.0176340281121 0.0327335500993 0.0244751828344 -0.0065161175528 0.0232453637239 -0.00182755198156 -0.00746721378439 0.00902878928814 0.0138117737824 0.0274189288162 0.00698690897966 0.0127866537666 0.0191615785512 0.0609692668062 0.0199869743408 -9.25073428128e-05 0.0162322801372 0.0300013239926 0.00659394055747 0.0227805630838 0.0439375130202 0.0184253448559 0.046577406052 0.143036530028 0.0141320792283 0.00677379240581 0.0801395104133 0.541911478554 0.0283657223575 0.0322992265848 0.0136550059881 0.0160598625783 0.00790790896371 0.00903532527446 0.0212586581871 0.0109088398054 0.0152817100519 0.0386125042666 0.0805651740724 0.00441860517761 0.00481188315329 -0.0031093814181 0.151709517399 0.00994523606118 0.0601896845514 0.000663106012934 0.0129817595747 0.0377926870879 0.0228728628852 
0.017191821251 0.0168080977615 0.0312677801933 0.0137777632823 0.0302811048918 0.0195294886573 0.0236313207555 0.0201762003239 0.0194849542267 0.00548570350625 0.0158683721308 0.00298328455038 0.0340468932828 0.0382670818519 -0.0154805875093 0.028940073928 0.0160876305944 0.0164231287279 0.0429690322534 0.0113964147551 0.0186426149146 0.0218776701609 0.0156641731695 0.0306522091589 0.0121758816832 0.0183269989547 0.0132927943756 0.0359331689578 0.0283657223575 0.263863908044 0.0106058815551 0.0273538146782 0.0204210291248 0.0492145292378 0.0234443936141 0.00421986746794 0.00513037302247 0.0216231131637 0.0291762527221 0.0577592993253 0.0155874509994 0.015294187771 0.0116009572755 0.0283953523214 0.00351104699271 0.0469957609831 0.0191122465179 0.0168713719794 0.0363348868866 0.0368004451307 
0.0167472373547 0.00961344823 0.0290422080405 0.00571219445613 0.0169625712301 0.0322232794258 0.0125421486022 0.0105237031604 0.0198437018128 0.0117938719575 0.014497602219 0.0227527834104 0.0214277775331 0.0310831115396 0.0220066712834 0.0113356434619 0.0131829061823 0.0121014956526 0.0202976089168 0.0106344307414 0.0155724875342 0.0193998616954 0.0290426832127 0.0165649314964 0.0128592539216 0.0144150712846 0.00265254325352 0.0234724521421 0.0322992265848 0.0106058815551 0.243441884283 0.0304277978634 0.0186640829097 0.0235110981297 0.0127523250997 0.0187878587605 0.00891684369113 0.0140401337668 0.0209356077917 0.0455956928233 0.00923265362215 0.0199213790303 0.0169668031035 0.00956073629412 0.0123401135528 -0.00312442247503 0.012616930413 0.0221682922254 -0.0029527681384 0.0102541155053 
0.00952147247276 0.00659385018903 0.00781212366943 0.000766233426161 0.00192126029224 0.02910579649 0.0162976698263 0.00598490297711 -0.00872779233208 -0.00212423791397 0.00539276717847 0.0123595375355 0.0132612947641 0.0092800294965 0.0144836583305 0.012204837904 0.0134642033887 0.00501937683752 -0.00302126328293 0.00866263053939 0.0182396229223 0.0058243104937 0.00817253467794 0.0262581390878 0.018798677283 0.0348703551905 -0.0029574361001 0.0224793140104 0.0136550059881 0.0273538146782 0.0304277978634 0.398423352284 0.0293687068117 0.0224902438292 0.0127204917217 -0.00298706955671 -0.00509828156591 0.00830103439683 0.0217254887719 0.0114846789108 0.0054745574242 0.00961242081738 0.00423389666301 0.0138580549207 0.017358073853 0.0063546723536 0.0271160659466 0.00973125745219 0.000603388884564 0.0321338746797 
0.0101061619846 0.01320990484 0.0176024104274 0.0356332013719 0.0176484798382 0.0279522238354 0.0186928946443 0.0216105158461 0.00579085829342 0.00542985666302 0.00840999953418 0.00403498604409 0.0121385637205 0.0102615085157 0.000589465319158 0.0162989593317 0.0104563889676 0.00867053362024 0.0148576785648 0.0204812234171 0.0135449147491 0.0211186475234 0.0193315690025 0.0157375005364 0.00988730322115 0.02479776372 0.003899340565 0.0284154571115 0.0160598625783 0.0204210291248 0.0186640829097 0.0293687068117 0.197760372504 0.0153273703584 0.019588333614 0.00487695599823 -0.00461611907751 0.0122449599964 0.0322034975036 0.0179531380714 -0.000297307119825 0.00585792564796 0.00679119994371 -0.0100436528753 0.00676855674823 -0.0151253489258 0.0277484094486 0.00809032860825 -0.0101393501653 0.026218077399 
0.0218859714861 0.0205041378867 0.052494524332 0.0102858166054 0.0119072705448 0.0176231608684 0.0175069819398 0.0159987054114 0.0181691982281 0.0413138356845 0.00203488988537 0.0103656365946 0.00817332340147 0.0232301054073 -0.00870670934905 0.028298198057 0.0254415535244 0.0130560979778 0.0325719296255 0.0180062564904 -0.0071060867556 0.00224505901983 0.0248223368717 0.0125540359579 -0.00282300594177 0.0350929500022 0.0220446785738 0.0178065539522 0.00790790896371 0.0492145292378 0.0235110981297 0.0224902438292 0.0153273703584 0.48001355792 0.00791688903743 0.00452383952386 0.0118544474084 0.0154689041481 -0.00544582054591 0.0604217445791 0.0118936939489 0.02051579611 0.0167573642927 0.00865609055867 0.0136927552996 -0.0072075626235 0.00862903581409 0.0112894558512 0.0251617195298 0.0243586564162 
0.0086805158637 0.0158549644032 0.0272279079969 0.0251054607954 0.00870041946245 0.018291906264 0.020046784956 0.0248982581285 0.018700504725 0.0069598970109 0.0108316309327 -0.000423852598845 0.0120525359542 0.0207519276995 0.0235975932307 0.019483980793 0.00770952779247 0.0090680545217 0.0404964868189 0.010235554391 0.019925224508 0.0119704600508 0.0279522820603 0.0325712106507 0.0233935165585 0.00961331786123 -0.00483653633155 0.0247841618816 0.00903532527446 0.0234443936141 0.0127523250997 0.0127204917217 0.019588333614 0.00791688903743 0.177414236587 0.00617008581906 0.00901096195572 0.0106450721572 0.0211082276254 0.0386456000109 -0.0037210368588 0.0133770469018 0.0173127500665 0.0134300310412 0.0141823535821 0.0271243550471 0.0249919324619 0.0228573160395 0.00656036493983 0.0350508608183 
0.00721017140852 0.00507584444463 0.0183432020497 0.0154424409814 0.000646406484648 0.024426897409 0.0123347898066 -0.00314803081618 0.0152449356518 0.00425298056776 0.0212062410613 0.0179964838581 0.0115742063616 0.0227718199383 -0.00963270249411 0.0144172778045 0.0135864477368 0.00409833203885 0.0140831491099 0.0133127325816 0.00748670291991 0.0185968234397 0.00463650397914 0.00960927513317 -0.000101376956528 0.0194991905046 -0.00744697698019 0.0143165867864 0.0212586581871 0.00421986746794 0.0187878587605 -0.00298706955671 0.00487695599823 0.00452383952386 0.00617008581906 0.247529584175 0.0135850267267 0.0152910425545 0.0145939950756 -0.00050848810453 0.000631161162987 0.0125721080537 0.0126518555699 0.000176692532812 0.00832676504104 -0.011328066851 0.00360324639271 0.00171379687938 -0.00394988701928 0.00648007066196 
0.00579458332914 0.0149565218369 0.0343312590124 0.00341884168678 0.0148376119079 0.00535495502435 0.00558164156925 -0.000257710743723 0.0116272561138 0.00730258331702 0.0131085385809 0.0559529591296 0.0167268695569 0.00957809012046 -0.00307916964999 -0.000323774257805 -0.00697949557373 0.00480402408339 0.020163311279 0.00757690527207 0.00775455265657 0.00241754404538 0.00753677251528 -0.0035818474359 -0.00396347321264 -0.002248400723 0.0109143656706 0.0301237785531 0.0109088398054 0.00513037302247 0.00891684369113 -0.0050982815659 -0.00461611907751 0.0118544474084 0.00901096195572 0.0135850267267 0.393695582527 0.0153947521829 0.0229325869365 0.0368864430032 0.00857969968219 0.026653439551 0.00492243923357 0.0144339442514 0.0179069792963 0.000697138593425 0.00726051195397 0.00259365084269 0.00355045103923 0.00226707292271 
0.0544436134338 0.00640743695569 0.0116253584888 0.0211339261323 0.00729457533082 0.0217404850594 0.0285603187852 0.0328509675761 0.00908954150709 0.0331659938579 0.0189438347981 0.0089231035698 0.0130386348687 0.0317099671568 0.00100221618867 0.00953501549683 0.00799439080818 0.020231769029 0.0208687710507 0.0478443390809 0.0291184644822 0.0301709346461 0.0290461022685 0.0279332774619 0.00800881657783 0.0190888047829 -0.00741393589435 0.0434027144966 0.0152817100519 0.0216231131637 0.0140401337668 0.00830103439683 0.0122449599964 0.0154689041481 0.0106450721572 0.0152910425545 0.0153947521829 0.207674609831 0.0165048517929 0.0290194463495 0.0146213752397 0.0196410427049 0.0290713477496 0.00160794016819 0.0112483564512 0.00443189762049 0.0239641623395 0.0186174452324 0.0076641619125 -9.75456263515e-05 
0.0171052881543 0.0196688802156 0.0302298401636 0.0389089690881 0.0261891967577 0.000224776185362 0.0305739381498 0.0307144106937 0.00699828259949 0.0130290766624 0.0144978897753 0.00421202788309 0.0218809371108 0.0247545300691 0.00905623732231 0.018157083628 0.00137219652372 0.0187599208412 0.0349612044549 0.0291624767693 0.0235237504005 0.0164510973077 0.0117042057665 0.0212809691866 0.0114249787429 0.0196293414163 0.00305616740204 0.0249894284088 0.0386125042666 0.0291762527221 0.0209356077917 0.0217254887719 0.0322034975036 -0.00544582054591 0.0211082276254 0.0145939950756 0.0229325869365 0.0165048517929 0.21408910502 0.060349376415 -0.00146023586386 0.0107256928117 0.0231955995889 0.0105426086143 0.0238242212879 0.00239516158439 0.0237874050864 0.0127099548897 -0.00494425311187 0.0387985411091 
0.0159329404797 0.00975322919816 0.10059902016 0.0397995162371 0.0151797401758 0.0292961353669 0.0166810239689 0.106245127879 0.0142732058565 0.0153396695095 0.00635301479699 0.00227437168175 0.0312802381445 0.0332180647503 0.0353480530832 0.0122512152882 0.0305125353027 0.0729601163576 0.063739622502 0.0205196306603 0.0486074780085 0.00738082580842 0.0532040155221 0.0625156489947 0.0330783269903 0.00501106006638 0.0423243795211 0.0520259388255 0.0805651740724 0.0577592993253 0.0455956928233 0.0114846789108 0.0179531380714 0.0604217445791 0.0386456000109 -0.00050848810453 0.0368864430032 0.0290194463495 0.060349376415 0.658614813513 0.00707339419269 0.0176991956462 0.0491238023542 0.0916600360596 0.0169506428848 0.0376457219664 0.0510238038584 0.019096039282 0.0338253377504 0.0511390337101 
0.00886252080678 0.0129617762198 0.00473718237551 0.0124215451075 0.0223040909914 0.0109845511938 0.00949381877347 0.0038003856571 0.00920572872491 0.00212548606157 0.00308708648884 0.0307150911085 0.00826012534948 0.00907972878321 0.0179852524828 0.0118394068683 0.0140318214478 0.00982628870683 0.00666605582265 0.0156965809362 0.0171739394007 0.00932765970085 0.0191907887352 0.0101262431895 -0.00858646632105 -0.0042005166161 -0.00255297221116 0.000545278050498 0.00441860517761 0.0155874509994 0.00923265362215 0.0054745574242 -0.000297307119826 0.0118936939489 -0.0037210368588 0.000631161162988 0.00857969968219 0.0146213752397 -0.00146023586386 0.00707339419269 0.215483373392 0.00705309869073 0.0111361764239 -0.002230218289 0.010319162906 0.00596642655634 0.0411862192812 0.0193609912814 -0.00248313343557 0.0124016953063 
0.00887017943894 0.0168031554897 0.0403313708228 0.00831349523894 0.0195644236621 0.0167753144212 0.014010189762 0.00908211290639 0.0116946118281 0.00597904608139 0.00434239713373 0.00978654468726 0.00218035511424 0.020046889052 0.00732685875231 0.024158074451 0.0247521666115 0.0104172151104 0.0182777303409 0.0245578738498 0.0165512535841 0.00677254771177 0.0137772161185 0.0148974914412 0.0138208603996 0.00155053181822 0.0024586394951 0.0260984896703 0.00481188315329 0.015294187771 0.0199213790303 0.00961242081738 0.00585792564796 0.02051579611 0.0133770469018 0.0125721080537 0.026653439551 0.0196410427049 0.0107256928117 0.0176991956462 0.00705309869073 0.215258858855 0.00933331419078 -0.00968213627226 0.00594657889245 -0.00950589413761 0.00551359587986 0.00846283328884 -0.00713891158124 -0.000763683834412 
0.0218286423849 0.0190956641448 0.0228066001847 0.0172303084369 0.00148135130552 0.0113371444506 0.0140623323822 0.028983129679 0.00765070162583 0.01258109978 0.0108706223952 0.0136193566709 0.00995708067902 0.0193061817297 0.00897885446352 0.00953453923244 0.0160363872555 0.0172493869935 0.030119136094 0.0311422665684 0.0250297284213 0.0164434518228 0.0182959578008 0.0205853021632 -0.000225258005044 0.00865614006283 -0.00194854651577 0.0369885620769 -0.0031093814181 0.0116009572755 0.0169668031035 0.00423389666301 0.00679119994371 0.0167573642927 0.0173127500665 0.0126518555699 0.00492243923357 0.0290713477496 0.0231955995889 0.0491238023542 0.0111361764239 0.00933331419078 0.25010354822 -0.000611320844558 0.0359456438215 -0.000336955951115 0.0174471269051 0.0343298410178 -0.0276636738038 0.0171452243269 
0.00322114934463 0.0131306396223 0.0250579010143 0.0257246081866 0.00728496132879 0.0189527442123 -0.00380676341285 0.0228798293198 0.0140222088846 0.0147884607009 0.0227274214341 -0.000441576248571 0.0115507380894 0.0348415823134 0.0445518782701 -0.000766344615626 0.00568455650639 0.0258595359546 0.0441544607329 0.0157124574004 0.0330665737447 0.0233798889702 0.0145832328696 0.0250602934105 0.131171320769 0.00885787151022 0.00746728055132 0.0522246356812 0.151709517399 0.0283953523214 0.00956073629412 0.0138580549207 -0.0100436528753 0.00865609055867 0.0134300310412 0.000176692532812 0.0144339442514 0.00160794016819 0.0105426086143 0.0916600360596 -0.002230218289 -0.00968213627226 -0.000611320844557 0.587812368222 0.0242707674752 0.0267221069666 0.00893196881441 -0.000551149381522 0.0363535722363 0.0120055657857 
0.0195888140979 0.0171650760433 0.0209663208105 0.00601870960264 0.0129178115266 0.013738505434 0.0286453459638 0.0327889896546 0.00309498401382 0.00119254167702 0.0153922203574 -0.0195658961496 0.0125624328101 0.0120684758444 0.0517251021186 0.025219731164 0.0261486809373 0.0410295535717 0.00993783575258 0.0162029111565 0.0146231716067 0.015332298626 0.0260790152839 0.0103098760009 0.00401438494551 0.016124393594 -0.00944616382027 0.0162491218708 0.00994523606118 0.00351104699271 0.0123401135528 0.017358073853 0.00676855674823 0.0136927552996 0.0141823535821 0.00832676504104 0.0179069792963 0.0112483564512 0.0238242212879 0.0169506428848 0.010319162906 0.00594657889245 0.0359456438215 0.0242707674752 0.366132257312 0.000972291297205 0.0249783224042 0.0232400776307 0.0100866466957 -0.00384148263381 
0.00182055549397 -0.0137435647643 0.00549553783287 -0.0142090537743 0.00372415860606 -0.00313141091184 -0.00493766714042 0.0442112542555 -0.00497230946689 -0.00666099236151 0.00481723173982 -0.0121096930726 -0.00799399649942 0.0313615717987 -0.0015402048481 0.0044468324889 -0.0102407424028 -0.0128044529957 0.00376202579137 0.00370709652393 0.00638693305305 -0.00160663633962 -0.00558590440321 0.00640413382776 0.0357672803027 -0.0109609239707 0.00869086604012 -0.00646808751272 0.0601896845514 0.0469957609831 -0.00312442247504 0.00635467235359 -0.0151253489258 -0.0072075626235 0.0271243550471 -0.011328066851 0.000697138593425 0.00443189762049 0.00239516158439 0.0376457219664 0.00596642655634 -0.00950589413761 -0.000336955951114 0.0267221069666 0.000972291297205 1.74451910266 0.00879440422283 -0.0219757664417 0.733892775634 0.00399260703935 
0.00669548290087 0.00799440741844 0.0152881854927 0.0315947350571 0.00455857669609 0.0355130495675 0.0181635477459 0.0258123992735 0.0088273537074 0.00637476941422 -0.0104155459849 0.0115993828004 0.0256409787798 0.0280591979343 -0.00173274957189 0.0237354569801 0.0422298464676 0.0516107136542 0.0358244285171 0.0145813788394 0.0213640780318 0.00246161784029 0.0301295242998 0.0373219257388 -0.000116242501113 0.0209582850842 0.0166319475613 0.0302826684139 0.000663106012932 0.0191122465179 0.012616930413 0.0271160659466 0.0277484094486 0.00862903581409 0.0249919324619 0.00360324639271 0.00726051195397 0.0239641623395 0.0237874050864 0.0510238038584 0.0411862192812 0.00551359587986 0.0174471269051 0.00893196881441 0.0249783224042 0.00879440422283 0.370562409265 0.0212579558347 0.00698589370865 0.0231229467728 
0.00344823943923 0.0497209693879 0.0218318817252 0.00869200456641 0.105031784297 0.0345619781503 0.0114788634883 0.0484547761674 0.025489652472 0.00770135499172 0.0178988002836 0.0162462417471 0.0115395367061 0.0124159345495 0.00105853435719 0.0158781687177 0.0446213587861 0.0214754244786 0.0034594182827 0.0381406996828 0.0259773962035 0.0155507847305 0.0237210039551 0.0235335781329 0.0127052803979 0.0348821693511 0.0329126148428 0.0347010990565 0.0129817595747 0.0168713719794 0.0221682922254 0.0097312574522 0.00809032860825 0.0112894558512 0.0228573160395 0.00171379687938 0.00259365084268 0.0186174452324 0.0127099548897 0.019096039282 0.0193609912814 0.00846283328884 0.0343298410178 -0.000551149381528 0.0232400776307 -0.0219757664417 0.0212579558347 0.560445640281 0.0121317581976 0.0276130430213 
