20
0.040534814632 0.0295384146509 0.0715007016099 0.0165000515881 0.0753619397022 0.0324915821016 0.146363775453 0.116988452624 0.0304896250645 0.022369934908 0.0589662330248 0.0545718905582 0.0266110290159 0.0991765707177 0.0690415105338 0.266244884644 0.0131635076039 0.070265204238 0.0291248595558 0.0559549201136 
0.535660933601 0.00105102947793 0.00485098705627 0.0160563552725 0.0115178783549 0.00391365549861 0.0110886996791 0.0107946866191 0.00996587911738 0.00290048363646 -0.0112730555231 0.0178328142385 0.0259565156988 -0.01316255624 0.00772373698017 -0.00368870178384 0.013831692265 0.00136998458671 0.0014862839123 0.00537325307474 
0.00105102947793 0.224061751163 0.0163983947638 0.0182024215618 0.0144909106905 0.0288457300031 0.00300728795263 0.0318487046172 0.0104734817591 0.0257791634182 0.0264723050855 0.01155283203 0.025010493588 0.0022364695956 0.0415291373747 0.0211730892892 0.0191445587311 0.0455879830815 0.0206588691967 0.0402377111438 
0.00485098705628 0.0163983947638 0.592323442047 0.0128034207061 -0.00258247494492 0.00152547008951 -0.00831298703253 0.0363818227174 0.00930049349311 0.0237527775424 0.0432283131039 0.00926619357888 0.00362705081908 0.00270212725381 0.0243077068143 0.0114647261534 0.0118459114848 0.0285186177781 0.000427906975034 0.0160296513047 
0.0160563552725 0.0182024215618 0.0128034207061 0.150129729165 0.0241651485381 0.00859904397664 0.00927546145439 0.00244830674106 0.00892834341852 0.0150854051365 0.00412420000151 0.0486984417423 0.0128938604239 0.00836847245334 0.0205170981724 0.00129166033179 0.0563557692899 0.0165104011856 0.0171044767397 0.0282281195955 
0.0115178783549 0.0144909106905 -0.00258247494492 0.0241651485381 0.400725755703 0.0289397782595 0.0234305075311 0.0566762428043 0.00610196478493 0.0127021308936 0.00229955436541 0.0392149411071 0.0242630390441 0.012161669649 0.0225764707918 -0.00485904061834 0.0239433125171 0.0213380745326 0.022828040885 0.0382498327256 
0.00391365549861 0.0288457300031 0.00152547008951 0.00859904397664 0.0289397782595 0.31522137726 0.0107316771642 0.0420380900916 -0.00292691115803 0.0201891340844 0.0351867033641 0.0135187290735 0.0155958535209 0.00712993608047 0.0185144649638 0.00676427645729 0.00699123706649 0.0114163634214 0.0318098708506 0.0160842360962 
0.0110886996791 0.00300728795263 -0.00831298703253 0.00927546145439 0.0234305075311 0.0107316771642 0.984019719647 0.0312981588668 0.0186850793045 0.0166225056493 0.000587291707306 0.0266311651773 0.0459071567638 -0.00957966154326 0.0137523946025 0.0200851533791 0.00579310087677 -0.00554813850915 0.00280674371168 0.0204182988336 
0.0107946866191 0.0318487046172 0.0363818227174 0.00244830674106 0.0566762428043 0.0420380900916 0.0312981588668 0.484014799171 0.0240440914747 0.0195871354743 0.0316732734864 0.0180496895989 0.0089125409557 0.0183954841617 0.0674953210827 0.0274653708571 0.00830226765487 0.0348179262283 0.0167395062459 0.0624861545709 
0.00996587911738 0.0104734817591 0.00930049349311 0.00892834341852 0.00610196478493 -0.00292691115803 0.0186850793045 0.0240440914747 0.218503085753 0.0162108955128 0.0230830461114 0.015870217503 -0.00883360689135 0.00882030759578 0.00881850840252 0.0147747112324 0.00716017304654 0.00735160477858 -0.0011363033393 -0.00018564745515 
0.00290048363646 0.0257791634182 0.0237527775424 0.0150854051365 0.0127021308936 0.0201891340844 0.0166225056493 0.0195871354743 0.0162108955128 0.217135522118 0.0257356712683 0.0141737009071 0.0113887638817 0.0158516591468 0.0574691165709 0.0134998068754 0.0163054880091 0.00859596539244 0.0254668680143 0.0434342126729 
-0.0112730555231 0.0264723050855 0.0432283131039 0.00412420000151 0.00229955436541 0.0351867033641 0.000587291707306 0.0316732734864 0.0230830461114 0.0257356712683 0.406137705234 0.00579554084683 0.00500343423488 -0.0108899352949 0.0448748136534 0.016141299605 0.0105825308971 0.00881992733687 0.0142675897933 0.031136135668 
0.0178328142385 0.01155283203 0.00926619357888 0.0486984417423 0.0392149411071 0.0135187290735 0.0266311651773 0.0180496895989 0.015870217503 0.0141737009071 0.00579554084683 0.289373197953 0.0371002749741 -0.00340574102464 0.024894691724 -0.0033955165078 0.0615511553239 0.00117261524764 0.0154703287278 0.0222961103382 
0.0259565156988 0.025010493588 0.00362705081908 0.0128938604239 0.0242630390441 0.0155958535209 0.0459071567638 0.0089125409557 -0.00883360689135 0.0113887638817 0.00500343423488 0.0371002749741 0.29055205562 0.0283526299808 0.0160276877916 -0.0227050959858 0.0227810063923 0.00452866124702 0.0295560918502 0.0326431290643 
-0.01316255624 0.0022364695956 0.00270212725381 0.00836847245334 0.012161669649 0.00712993608047 -0.00957966154326 0.0183954841617 0.00882030759578 0.0158516591468 -0.0108899352949 -0.00340574102464 0.0283526299808 0.643073572978 6.25948863001e-05 0.0303977807793 0.000887204258171 -0.00136106255061 0.00372499782295 0.00642257701303 
0.00772373698017 0.0415291373747 0.0243077068143 0.0205170981724 0.0225764707918 0.0185144649638 0.0137523946025 0.0674953210827 0.00881850840252 0.0574691165709 0.0448748136534 0.024894691724 0.0160276877916 6.25948863002e-05 0.446810061943 0.0249954135815 0.0227797211219 0.0255232543317 0.0142461502481 0.0650369797148 
-0.00368870178384 0.0211730892892 0.0114647261534 0.00129166033179 -0.00485904061834 0.00676427645729 0.0200851533791 0.0274653708571 0.0147747112324 0.0134998068754 0.016141299605 -0.0033955165078 -0.0227050959858 0.0303977807793 0.0249954135815 2.27713811769 0.00616954671689 0.0226669169261 0.0114305066865 0.0481149396926 
0.013831692265 0.0191445587311 0.0118459114848 0.0563557692899 0.0239433125171 0.00699123706649 0.00579310087677 0.00830226765487 0.00716017304654 0.0163054880091 0.0105825308971 0.0615511553239 0.0227810063923 0.000887204258171 0.0227797211219 0.00616954671689 0.158167695045 0.005813181409 0.0134924119556 0.0208349152477 
0.00136998458671 0.0455879830815 0.0285186177781 0.0165104011856 0.0213380745326 0.0114163634214 -0.00554813850915 0.0348179262283 0.00735160477858 0.00859596539244 0.00881992733687 0.00117261524764 0.00452866124702 -0.00136106255061 0.0255232543317 0.0226669169261 0.005813181409 0.982103232722 0.000219796690269 0.00339598447756 
0.0014862839123 0.0206588691967 0.000427906975034 0.0171044767397 0.022828040885 0.0318098708506 0.00280674371168 0.0167395062459 -0.0011363033393 0.0254668680143 0.0142675897933 0.0154703287278 0.0295560918502 0.00372499782295 0.0142461502481 0.0114305066865 0.0134924119556 0.000219796690269 0.250257331413 0.0310269261734 
0.00537325307474 0.0402377111438 0.0160296513047 0.0282281195955 0.0382498327256 0.0160842360962 0.0204182988336 0.0624861545709 -0.000185647455151 0.0434342126729 0.031136135668 0.0222961103382 0.0326431290643 0.00642257701303 0.0650369797148 0.0481149396926 0.0208349152477 0.00339598447756 0.0310269261734 0.285613327425 

['KSE', 'WM', 'FSH', 'PGN', 'APA', 'AZO', 'HUM', 'FLR', 'HNZ', 'PLL', 'VFC', 'PEG', 'AMGN', 'MYL', 'A', 'TLAB', 'AEE', 'NFB', 'MSFT', 'PCAR']