40
0.132143501856 0.127416862275 0.116792266476 0.022286409141 0.153319254475 0.0348828940045 0.0440278725419 0.015652967587 0.0576577356707 0.00399952409326 0.110625092132 0.0340091550877 0.0231877092109 0.0387981152642 0.0621529110589 0.0296866664977 0.0448147494519 0.0669692816613 0.0157982173188 0.0995242847704 0.0439476996979 0.0115927538848 0.0354646018646 0.023795453615 0.0359279599811 0.0202574279786 0.0404531955786 0.103194060275 0.0318751717172 0.0297585566085 0.0707348977441 0.0206637964956 0.123926899062 0.0348883512333 0.0764707668379 0.0936563270582 0.0388241127613 0.126305303483 0.0380825412642 0.0191748751409 
0.436647701779 0.145580267773 -0.0106453274512 0.00153944626333 0.0130289948721 0.0450589790238 0.0103942724746 0.00936950342752 0.0318334434338 0.000211486860507 0.0210793814132 -0.0135152100121 0.028323947573 0.0187413522858 0.0124444461079 0.0091502512476 -0.00275992838627 0.0424188159648 -0.00428435964759 0.0767832067464 0.0122785857373 0.0210864862365 0.0123104373204 0.0168851297739 0.0169952483382 0.0300070726144 0.0365147699712 0.023144501175 0.0100079323815 0.0252942707415 0.011706318736 0.00278872240584 0.0497160049009 0.0218013631628 0.0253266201843 0.0214706461238 0.0224894662867 0.185321067509 0.0025479648991 0.00485578794874 
0.145580267773 0.42859257065 0.0130499283488 0.0296283187111 0.0212805093259 0.0184439257111 0.0122826181868 0.00746130969842 0.00484116125369 -0.00684907122875 0.0249163351673 -0.00297219834152 0.0137897568818 0.0260232722734 -0.0100941405846 0.0200184188416 -0.00726676651514 0.0123712812358 0.00250504093622 0.116904621741 0.0104894561663 0.00468417822802 0.0368997866502 0.0283578591456 0.018800378128 0.016887611432 0.0248985738275 0.0379205672992 0.0192887877019 0.0215888757587 -0.0028190144725 0.0189552735845 0.0209493368238 0.0411284096591 0.0372880828156 0.0246834681454 0.00996325093507 0.168906664627 0.00873680855262 0.0101210789533 
-0.0106453274512 0.0130499283488 0.603704213774 0.0212627648264 0.00291236916284 0.0045535747562 0.0126005859961 0.0112532085749 0.00371091819552 -0.00652707998443 0.000391934403174 0.0110181896349 -0.010921921523 0.0182178175294 0.00916490426279 0.0214738169613 0.0338433540292 0.0258447644832 0.00881542415113 0.013508065671 -0.015517588621 0.00182838342578 0.00431311825093 -0.000391896692975 -0.0084659208681 0.00924777915915 0.0296510940415 0.00328568205764 0.00203666971678 0.00601171827671 0.00208436686316 0.00291935740399 -0.0029180019509 0.0264096403812 0.00208072766334 0.0174331265571 0.0187537592423 0.00620897463006 0.011334463264 0.0083092571537 
0.00153944626333 0.0296283187111 0.0212627648264 0.243237331981 0.013320923495 0.00783608156335 0.00217457726046 0.00714896654589 0.0058970211179 0.013709644891 0.00931148298023 0.0063506837684 0.00657313273881 0.00368018626834 0.0096260084545 0.0102683968492 0.00700673255823 0.0164014234608 0.00359312392827 0.0239413347217 -0.00580865450786 -0.00358325675703 -0.00684958740241 0.0102951372342 -0.00446389112471 0.00458729254992 0.000213914428495 0.0402490852143 0.00373943021558 0.00673181671674 -0.00321513674367 -0.00022883580104 0.00732474303245 0.00369760880626 0.0244722430293 -0.00355927249542 0.0203229214697 0.00110132796982 2.51367425795e-05 0.0100827637873 
0.0130289948721 0.0212805093259 0.00291236916284 0.013320923495 0.626377336426 0.0305529516966 0.0263805752412 0.0344578520371 0.0290931617719 0.0419638387721 0.0502473637868 0.0287458571949 0.0205244254315 0.0348331545596 0.0332172406529 0.0272272762405 0.0308223850848 0.0489921974285 0.0300952467667 0.0175164593576 0.0153985326166 0.0132208116204 0.0150103473357 0.00683445391272 0.00551040663064 0.0292791520175 0.023059744579 0.0487310118774 0.0137176145253 0.0270563477986 0.0208215229662 0.0362172073682 0.0106962914079 0.040530407303 0.0527354455598 0.0281778828235 0.0305992833986 0.00150414751537 0.0341733279536 0.0317399720928 
0.0450589790238 0.0184439257111 0.0045535747562 0.00783608156335 0.0305529516966 0.223740861348 0.0139958938424 0.0226802213045 0.0129658848385 0.0039122158215 0.0315762576501 0.0126680108722 0.0156389106242 0.0217868530764 0.0193328427718 0.0216925989611 0.0158792845286 0.0247138247451 0.00392391622388 0.0101407964996 0.00112157562851 0.0245769301701 -0.00447301232232 -0.0106760236385 0.0254924626728 0.0374910254263 0.0200495339591 0.000113105565026 0.00616724631955 0.0150790748321 0.0154979628212 0.0124509768833 0.0250624567235 0.018238204614 0.065068190679 0.0151911640591 0.023440329862 0.0402542477316 0.0206168903777 0.0113278989954 
0.0103942724746 0.0122826181868 0.0126005859961 0.00217457726046 0.0263805752412 0.0139958938424 0.232238315851 0.0267339472596 0.0257490806282 0.00723840615977 0.0217409982206 0.0230024928984 0.0132355480862 0.0197511109933 0.0126118293611 0.0214922236093 0.0210766956621 0.0181798265417 0.0140534109896 0.0128844875165 -0.00783305320305 0.0128015762046 0.00508379667076 0.0207097898197 0.0268377199142 0.000963747396183 0.0204198294474 0.0284409801911 0.0149845045203 0.0162614844213 0.0241466140664 0.0184196363759 0.00444320336296 0.0445998432395 0.013347662028 0.00595551329676 0.0167213001072 0.00152338363365 0.0277477103795 0.0127111896824 
0.00936950342752 0.00746130969842 0.0112532085749 0.00714896654589 0.0344578520371 0.0226802213045 0.0267339472596 0.226811285956 0.0199961263254 0.0177309949294 0.049823580573 0.0194402807774 0.0120232832402 0.030246243452 0.020066764063 0.0111671893575 0.00633451652078 0.0271149938953 0.00547431286672 0.0230985052037 0.00866355770438 0.011923329424 0.00264205286836 0.00143178161495 0.0127956751119 0.0083692809235 0.0192993665969 0.0292394826935 0.000375879958847 0.0167213049053 0.00498582358393 0.0102565884479 0.0221444413558 0.0214777738869 0.0298635705859 0.0318205402019 0.0176626364548 0.014472874443 0.0252791757267 0.0130897105409 
0.0318334434338 0.00484116125369 0.00371091819552 0.0058970211179 0.0290931617719 0.0129658848385 0.0257490806282 0.0199961263254 0.246949432972 0.00970521340602 0.0166814811098 0.0192121851194 0.0182113840415 0.028139934852 0.0427401581354 0.0355078514913 0.00718760593617 0.0298159415219 0.0110105904654 0.0255406672212 0.0166865129258 0.0219850064451 0.0148383370151 0.0282575972725 0.0180644028427 0.031839063687 0.0124798830871 0.0468802406033 0.0189832644578 0.0190887635139 0.00485219952839 0.0221669573573 0.0092419272852 0.0267295299683 0.0271270579736 0.00896868800362 0.0182539103151 0.0114974400454 -0.00128496175286 0.0154405801917 
0.000211486860507 -0.00684907122875 -0.00652707998443 0.013709644891 0.0419638387721 0.0039122158215 0.00723840615977 0.0177309949294 0.00970521340602 0.178861208327 0.0041830274372 0.0273835944319 0.0109147653323 0.0173384342393 0.0114240671677 0.0201600492011 -0.000742785680068 0.00959983541339 0.0125196244506 0.00563153483966 0.0131987612209 0.0206006449846 0.0147701926299 0.0173809365884 0.0101958808263 0.014352358277 0.00847824990085 0.0122683638851 0.017281315336 0.0222426140324 -0.00214340744775 0.015712020279 0.00481975937703 0.00506553273419 0.0106984300691 0.0130283152357 0.00347005177127 -0.00823275238073 0.0122722554879 0.0148252671135 
0.0210793814132 0.0249163351673 0.000391934403175 0.00931148298023 0.0502473637868 0.0315762576501 0.0217409982206 0.049823580573 0.0166814811098 0.0041830274372 0.577374468646 0.0162095965119 0.0167945837952 0.0510837767661 0.0413555333492 0.024470260859 0.0151474725833 0.054675029611 0.00299779137128 0.00389012338463 0.009641971435 0.0149033027244 0.00452041275944 -0.00116048618158 0.0105308176437 0.0488964481059 0.0288893437671 0.0348883563551 0.00820579837687 0.0220045125755 -0.0090471209999 0.0199155440541 0.0140363894969 0.0207552037219 0.032540792623 0.0262109083119 0.0154812253837 0.0307217104692 0.0237980730244 0.034008613187 
-0.0135152100121 -0.00297219834152 0.0110181896349 0.0063506837684 0.0287458571949 0.0126680108722 0.0230024928984 0.0194402807774 0.0192121851194 0.0273835944319 0.0162095965119 0.211913681843 0.0015759948037 0.0212168555487 0.0200925338577 0.0326417667013 0.00262009318361 0.0106211047314 0.00633356597081 -0.00515801765076 0.00747521955795 0.0145465869531 0.0188343581788 0.0227613042128 0.00843588376979 0.015455649514 0.0271756232436 0.0231574207541 0.0149007661867 0.013534433341 0.00856772397724 0.0148634873107 0.0134038185381 0.0255633920816 0.032702211987 0.00997878947968 0.0253609547218 -0.000678664710693 0.00726558840194 0.0242514779063 
0.028323947573 0.0137897568818 -0.010921921523 0.00657313273881 0.0205244254315 0.0156389106242 0.0132355480862 0.0120232832402 0.0182113840415 0.0109147653323 0.0167945837952 0.0015759948037 0.225510356713 0.0120676208091 -0.00488336210281 0.00558477290902 0.0235624995339 0.0182503268021 -0.0113338609868 0.00227717441804 0.0152075652973 0.00715600214297 0.0120183887612 0.00819260836859 0.00710340499987 0.0161091151445 0.0160348912047 0.0190619236845 0.00845926912448 -0.00669629444531 0.00861549448779 0.00611859623264 -0.00442059950299 0.00559368829171 0.00649021875623 0.00689463633292 0.0134204126474 0.0120749761137 0.00904011567061 -0.00536379069211 
0.0187413522858 0.0260232722734 0.0182178175294 0.00368018626833 0.0348331545596 0.0217868530764 0.0197511109933 0.030246243452 0.028139934852 0.0173384342393 0.0510837767661 0.0212168555487 0.0120676208091 0.226887532825 0.00998022304286 0.030073915698 0.0142730506878 0.0150318916883 0.0118691131698 0.021627382776 0.0155890427675 0.01791286701 0.0078415568382 0.0284360131691 0.0192495467039 0.0319877560778 0.0260404354858 0.0249223023611 0.00709831443047 0.0145544299602 0.0236529700995 0.0125104321967 0.0230769254863 0.0218467565718 0.0350680540055 0.0294639441219 0.0147510719036 0.023477001815 0.0154416530042 0.00743794218384 
0.0124444461079 -0.0100941405846 0.00916490426279 0.0096260084545 0.0332172406529 0.0193328427718 0.0126118293611 0.020066764063 0.0427401581354 0.0114240671677 0.0413555333492 0.0200925338577 -0.00488336210281 0.00998022304286 0.326049257167 0.0128721994239 0.0198718815363 0.0177598070784 0.00904305888485 0.00177980985671 0.0314859870482 0.0134093382233 -0.00487495326168 0.00438815306942 0.0280546054865 0.0163123894929 0.00316242229044 0.0243960775661 0.0105975479923 0.0264436909545 0.010482679549 0.0189771392265 -0.00368232708335 0.0349228686589 0.0523544330525 0.0113787410889 0.0280893832039 0.00211761646215 0.00135980768762 0.0196821844226 
0.0091502512476 0.0200184188416 0.0214738169613 0.0102683968492 0.0272272762405 0.0216925989611 0.0214922236093 0.0111671893575 0.0355078514913 0.0201600492011 0.024470260859 0.0326417667013 0.00558477290902 0.030073915698 0.0128721994239 0.223639828973 0.011721049884 0.0378945782338 0.0112704296134 0.0225996292435 0.00641427246899 0.0162477058914 0.00954953721749 0.022041660116 0.00523107266082 0.0297737813752 0.0218533188238 0.0158327921439 0.0290604073218 0.0229400211669 0.0280632967992 0.0291151604615 0.0462847004648 0.0235162749039 0.0355369231465 0.0181525104258 0.0171416234065 0.011444747045 0.00251768218035 0.0379139275606 
-0.00275992838627 -0.00726676651514 0.0338433540292 0.00700673255823 0.0308223850848 0.0158792845286 0.0210766956621 0.00633451652078 0.00718760593617 -0.000742785680068 0.0151474725833 0.00262009318361 0.0235624995339 0.0142730506878 0.0198718815363 0.011721049884 0.470202136753 -0.000291914347536 0.01139384869 0.00517423567021 0.00785496744518 0.0145566873229 0.00684927876529 0.00532033167932 0.0184426005775 0.0158443426525 0.00502508916187 0.00257272779596 0.0097532590318 0.00669684494308 0.010819870558 0.0110044666227 0.0253119562511 0.0176268590148 0.0383755603312 0.00107029950808 0.0041689918485 0.0334531353535 0.0142761940419 0.0092490747077 
0.0424188159648 0.0123712812358 0.0258447644832 0.0164014234608 0.0489921974285 0.0247138247451 0.0181798265417 0.0271149938953 0.0298159415219 0.00959983541339 0.054675029611 0.0106211047314 0.0182503268021 0.0150318916883 0.0177598070784 0.0378945782338 -0.000291914347536 0.477194050626 0.00220665078017 0.00843255330202 0.00150646007815 0.0164534552442 0.014166495523 0.0117326001325 0.0112884454816 0.0380457964125 0.0368467723497 0.0224757521295 -0.000290038153641 0.0298281854052 0.0108495165371 0.0247274143464 -0.0094949179938 0.0380389394745 0.0594384658634 0.0232580685371 0.0267488801095 0.00964030801657 0.0233619601412 0.0116506029052 
-0.00428435964759 0.00250504093622 0.00881542415113 0.00359312392827 0.0300952467667 0.00392391622388 0.0140534109896 0.00547431286672 0.0110105904654 0.0125196244506 0.00299779137128 0.00633356597081 -0.0113338609868 0.0118691131698 0.00904305888485 0.0112704296134 0.01139384869 0.00220665078017 0.237388566729 0.00930826512685 0.00538609472807 0.0188469182898 0.0232351444147 0.0241073065298 0.0129498892437 0.00752459054847 0.0133351409386 0.0122477837507 0.0195658718583 0.0102042882415 0.0135478820394 0.0190516218139 -0.00228342324358 0.00730215519157 0.00261672764386 -0.00485985468636 0.00892583336107 -0.00165707002013 0.00312887638882 0.00854732265423 
0.0767832067464 0.116904621741 0.013508065671 0.0239413347217 0.0175164593576 0.0101407964996 0.0128844875165 0.0230985052037 0.0255406672212 0.00563153483966 0.00389012338463 -0.00515801765076 0.00227717441804 0.021627382776 0.00177980985671 0.0225996292435 0.00517423567021 0.00843255330202 0.00930826512685 0.428184388324 -0.000906458381411 0.0130750638838 0.0365096891278 0.0329755097405 0.0133735589176 0.0338806353186 0.0274674221902 0.053956495693 0.0217747258838 0.0025707970407 0.00898663819432 0.00317067011067 0.0256276558404 0.0180775231189 0.0177761626462 0.0113952593806 -0.00447796021347 0.0855065050806 0.0187830322412 -0.00098763150454 
0.0122785857373 0.0104894561663 -0.015517588621 -0.00580865450786 0.0153985326166 0.00112157562851 -0.00783305320305 0.00866355770438 0.0166865129258 0.0131987612209 0.009641971435 0.00747521955795 0.0152075652973 0.0155890427675 0.0314859870482 0.00641427246899 0.00785496744518 0.00150646007815 0.00538609472807 -0.000906458381411 0.191121869965 0.00693096342239 0.00733262083249 0.00157669267439 0.0137094388395 0.0124629880724 0.00300321032431 -0.00174078914875 0.00937341943842 0.0183584270986 0.00694157082835 0.00690176525498 -0.000552244816833 0.00475786665487 0.0156703393349 0.00394067336786 0.00608181112533 0.00506783682408 0.0137483759123 0.000834981490216 
0.0210864862365 0.00468417822802 0.00182838342578 -0.00358325675703 0.0132208116204 0.0245769301701 0.0128015762046 0.011923329424 0.0219850064451 0.0206006449846 0.0149033027244 0.0145465869531 0.00715600214297 0.01791286701 0.0134093382233 0.0162477058914 0.0145566873229 0.0164534552442 0.0188469182898 0.0130750638838 0.00693096342239 0.143344672088 0.011851501567 0.013868285471 0.00773366213687 0.0185213536243 0.00330953208094 0.0237653802806 0.00294606332457 0.0236057758876 0.0106349543521 0.0197857318458 -0.00108314193741 0.0245340711726 0.0140726142429 0.0101484952945 0.0114389880616 0.00889170763661 0.00452359791343 0.0122707609523 
0.0123104373204 0.0368997866502 0.00431311825093 -0.00684958740241 0.0150103473357 -0.00447301232232 0.00508379667076 0.00264205286836 0.0148383370151 0.0147701926299 0.00452041275944 0.0188343581788 0.0120183887612 0.0078415568382 -0.00487495326168 0.00954953721749 0.00684927876529 0.014166495523 0.0232351444147 0.0365096891278 0.00733262083249 0.011851501567 0.198310567474 0.0520636604362 0.00745769120291 -0.000847900437464 0.00403459731824 0.0210100848066 0.0450636104214 0.0172475006583 0.017288800201 0.0135315744116 0.00593675903942 0.00471567024427 0.00288473612007 0.00837050336037 0.00623597650831 0.00762764292651 0.00470740867135 0.0168546573813 
0.0168851297739 0.0283578591456 -0.000391896692975 0.0102951372342 0.00683445391272 -0.0106760236385 0.0207097898197 0.00143178161495 0.0282575972725 0.0173809365884 -0.00116048618158 0.0227613042128 0.00819260836859 0.0284360131691 0.00438815306942 0.022041660116 0.00532033167932 0.0117326001325 0.0241073065298 0.0329755097405 0.00157669267439 0.013868285471 0.0520636604362 0.184478343445 0.0115433063635 0.0155064164394 0.00165893686367 -0.00396374159546 0.042177885007 0.0123106651643 0.0111649341947 0.0143779043575 -0.00155944400804 0.0145943180168 0.00646645472671 6.35606293173e-05 0.00403233028924 0.0110025425503 0.0040278667457 0.0285679554633 
0.0169952483382 0.018800378128 -0.0084659208681 -0.00446389112471 0.00551040663064 0.0254924626728 0.0268377199142 0.0127956751119 0.0180644028427 0.0101958808263 0.0105308176437 0.00843588376979 0.00710340499987 0.0192495467039 0.0280546054865 0.00523107266082 0.0184426005775 0.0112884454816 0.0129498892437 0.0133735589176 0.0137094388395 0.00773366213687 0.00745769120291 0.0115433063635 0.234851454871 0.0233253928949 0.0126014679736 0.0178671933775 0.0129280209334 0.0379341476157 0.000503336299389 0.011623939656 0.00663338649532 0.0143494285825 0.0187920619547 0.0210993236019 0.002410463599 0.00859315117382 0.0223083101129 0.0182637920391 
0.0300070726144 0.016887611432 0.00924777915915 0.00458729254992 0.0292791520175 0.0374910254263 0.000963747396184 0.00836928092351 0.031839063687 0.014352358277 0.0488964481059 0.015455649514 0.0161091151445 0.0319877560778 0.0163123894929 0.0297737813752 0.0158443426525 0.0380457964125 0.00752459054847 0.0338806353186 0.0124629880724 0.0185213536243 -0.000847900437464 0.0155064164394 0.0233253928949 0.273253430655 0.0477517786394 0.0597645889298 0.0221261405829 0.0297856498349 0.00704859496928 0.019337549645 0.0303831269015 0.0199538462331 0.0281162324951 0.0309050826618 0.0199811936087 0.0255705851715 0.0152683884034 0.0204572196007 
0.0365147699712 0.0248985738275 0.0296510940415 0.000213914428495 0.023059744579 0.0200495339591 0.0204198294474 0.0192993665969 0.0124798830871 0.00847824990085 0.0288893437671 0.0271756232436 0.0160348912047 0.0260404354858 0.00316242229044 0.0218533188238 0.00502508916187 0.0368467723497 0.0133351409386 0.0274674221902 0.00300321032431 0.00330953208094 0.00403459731824 0.00165893686367 0.0126014679736 0.0477517786394 0.349271317003 0.044961621427 0.0167583820273 0.0240068239106 0.00957273585539 0.00915545904588 0.0105135409159 0.0302861279132 0.0414435286357 -0.00119696982362 0.017509412656 0.0491189028554 0.0234110474932 0.0176442567826 
0.023144501175 0.0379205672992 0.00328568205764 0.0402490852143 0.0487310118774 0.000113105565027 0.0284409801911 0.0292394826935 0.0468802406033 0.0122683638851 0.0348883563551 0.0231574207541 0.0190619236845 0.0249223023611 0.0243960775661 0.0158327921439 0.00257272779596 0.0224757521295 0.0122477837507 0.053956495693 -0.00174078914875 0.0237653802806 0.0210100848066 -0.00396374159546 0.0178671933775 0.0597645889298 0.044961621427 0.57057075919 0.0234135761026 0.0502286168025 0.00967583861929 0.0153398827603 0.0356515608101 0.0275229455418 0.0522339496842 0.0333842764301 0.0217487106006 0.0301814335802 0.0260815161033 0.00898636712355 
0.0100079323815 0.0192887877019 0.00203666971678 0.00373943021558 0.0137176145253 0.00616724631955 0.0149845045203 0.000375879958847 0.0189832644578 0.017281315336 0.00820579837687 0.0149007661867 0.00845926912448 0.00709831443047 0.0105975479923 0.0290604073218 0.0097532590318 -0.000290038153641 0.0195658718583 0.0217747258838 0.00937341943842 0.00294606332457 0.0450636104214 0.042177885007 0.0129280209334 0.0221261405829 0.0167583820273 0.0234135761026 0.186684931079 0.00820222898587 0.0198225379146 0.0180031446304 -0.00490809411054 0.0111181020588 0.0115873598096 0.0263992195415 0.00431364545356 0.0160371800781 0.0119721579237 0.0206330803174 
0.0252942707415 0.0215888757587 0.00601171827671 0.00673181671674 0.0270563477986 0.0150790748321 0.0162614844213 0.0167213049053 0.0190887635139 0.0222426140324 0.0220045125755 0.013534433341 -0.00669629444531 0.0145544299602 0.0264436909545 0.0229400211669 0.00669684494308 0.0298281854052 0.0102042882415 0.0025707970407 0.0183584270986 0.0236057758876 0.0172475006583 0.0123106651643 0.0379341476157 0.0297856498349 0.0240068239106 0.0502286168025 0.00820222898587 0.256562810388 -0.010144773002 0.0278633314523 0.00609232692416 0.0439917115414 0.0416211848097 0.00349689372415 0.0176432109672 0.0145989914097 0.0264462620158 0.0215251793237 
0.011706318736 -0.0028190144725 0.00208436686316 -0.00321513674367 0.0208215229662 0.0154979628212 0.0241466140664 0.00498582358393 0.00485219952839 -0.00214340744775 -0.0090471209999 0.00856772397724 0.00861549448779 0.0236529700995 0.010482679549 0.0280632967992 0.010819870558 0.0108495165371 0.0135478820394 0.00898663819432 0.00694157082835 0.0106349543521 0.017288800201 0.0111649341947 0.000503336299389 0.00704859496928 0.00957273585539 0.00967583861929 0.0198225379146 -0.010144773002 0.302658439678 0.0221446277061 0.0353815255551 0.00251788611794 0.00608234013061 0.02732896108 0.0161749833498 0.010896181094 0.0415800585829 0.0151850622777 
0.00278872240584 0.0189552735845 0.00291935740399 -0.00022883580104 0.0362172073682 0.0124509768833 0.0184196363759 0.0102565884479 0.0221669573573 0.015712020279 0.0199155440541 0.0148634873107 0.00611859623264 0.0125104321967 0.0189771392265 0.0291151604615 0.0110044666227 0.0247274143464 0.0190516218139 0.00317067011067 0.00690176525498 0.0197857318458 0.0135315744116 0.0143779043575 0.011623939656 0.019337549645 0.00915545904588 0.0153398827603 0.0180031446304 0.0278633314523 0.0221446277061 0.153253895262 0.0190440224761 0.021430651918 0.0117382140343 0.0222125139759 0.0201336635178 -0.00207770134386 0.0134021055707 0.0214241461023 
0.0497160049009 0.0209493368238 -0.0029180019509 0.00732474303245 0.0106962914079 0.0250624567235 0.00444320336296 0.0221444413558 0.0092419272852 0.00481975937703 0.0140363894969 0.0134038185381 -0.00442059950299 0.0230769254863 -0.00368232708335 0.0462847004648 0.0253119562511 -0.0094949179938 -0.00228342324358 0.0256276558404 -0.000552244816833 -0.00108314193741 0.00593675903942 -0.00155944400804 0.00663338649532 0.0303831269015 0.0105135409159 0.0356515608101 -0.00490809411054 0.00609232692417 0.0353815255551 0.0190440224761 0.905981121723 0.0100523598057 -0.00561135738577 0.00394614095496 0.0209958730203 0.0248109038598 0.0430326699419 0.0265509586526 
0.0218013631628 0.0411284096591 0.0264096403812 0.00369760880626 0.040530407303 0.018238204614 0.0445998432395 0.0214777738869 0.0267295299683 0.00506553273419 0.0207552037219 0.0255633920816 0.00559368829171 0.0218467565718 0.0349228686589 0.0235162749039 0.0176268590148 0.0380389394745 0.00730215519157 0.0180775231189 0.00475786665487 0.0245340711726 0.00471567024427 0.0145943180168 0.0143494285825 0.0199538462331 0.0302861279132 0.0275229455418 0.0111181020588 0.0439917115414 0.00251788611794 0.021430651918 0.0100523598057 0.324964193869 0.0495620097931 0.0200544216508 0.034766705104 0.00919783932481 0.00706893684493 0.0230753261154 
0.0253266201843 0.0372880828156 0.00208072766334 0.0244722430293 0.0527354455598 0.065068190679 0.013347662028 0.0298635705859 0.0271270579736 0.0106984300691 0.032540792623 0.032702211987 0.00649021875623 0.0350680540055 0.0523544330525 0.0355369231465 0.0383755603312 0.0594384658634 0.00261672764386 0.0177761626462 0.0156703393349 0.0140726142429 0.00288473612007 0.00646645472671 0.0187920619547 0.0281162324951 0.0414435286357 0.0522339496842 0.0115873598096 0.0416211848097 0.00608234013061 0.0117382140343 -0.00561135738577 0.0495620097931 0.457654141531 -0.00190808958758 0.0224647121842 0.0290817791326 0.016414409669 0.00810886625041 
0.0214706461238 0.0246834681454 0.0174331265571 -0.00355927249542 0.0281778828235 0.0151911640591 0.00595551329676 0.0318205402019 0.00896868800362 0.0130283152357 0.0262109083119 0.00997878947968 0.00689463633292 0.0294639441219 0.0113787410889 0.0181525104258 0.00107029950808 0.0232580685371 -0.00485985468636 0.0113952593806 0.00394067336786 0.0101484952945 0.00837050336037 6.35606293172e-05 0.0210993236019 0.0309050826618 -0.00119696982362 0.0333842764301 0.0263992195415 0.00349689372415 0.02732896108 0.0222125139759 0.00394614095496 0.0200544216508 -0.00190808958758 0.445535567106 0.0258290118158 0.0177584992946 0.0159003945042 0.0147513910864 
0.0224894662867 0.00996325093507 0.0187537592423 0.0203229214697 0.0305992833986 0.023440329862 0.0167213001072 0.0176626364548 0.0182539103151 0.00347005177127 0.0154812253837 0.0253609547218 0.0134204126474 0.0147510719036 0.0280893832039 0.0171416234065 0.0041689918485 0.0267488801095 0.00892583336107 -0.00447796021347 0.00608181112533 0.0114389880616 0.00623597650831 0.00403233028924 0.002410463599 0.0199811936087 0.017509412656 0.0217487106006 0.00431364545356 0.0176432109672 0.0161749833498 0.0201336635178 0.0209958730203 0.034766705104 0.0224647121842 0.0258290118158 0.187182056977 0.000679463206482 0.00857645014493 0.0268408521306 
0.185321067509 0.168906664627 0.00620897463006 0.00110132796982 0.00150414751537 0.0402542477316 0.00152338363365 0.014472874443 0.0114974400454 -0.00823275238073 0.0307217104692 -0.000678664710693 0.0120749761137 0.023477001815 0.00211761646215 0.011444747045 0.0334531353535 0.00964030801657 -0.00165707002013 0.0855065050806 0.00506783682408 0.00889170763661 0.00762764292651 0.0110025425503 0.00859315117382 0.0255705851715 0.0491189028554 0.0301814335802 0.0160371800781 0.0145989914097 0.010896181094 -0.00207770134386 0.0248109038598 0.00919783932481 0.0290817791326 0.0177584992946 0.000679463206481 0.421045450344 0.0149306029756 0.0119506578878 
0.0025479648991 0.00873680855262 0.011334463264 2.51367425795e-05 0.0341733279536 0.0206168903777 0.0277477103795 0.0252791757267 -0.00128496175286 0.0122722554879 0.0237980730244 0.00726558840194 0.00904011567061 0.0154416530042 0.00135980768762 0.00251768218035 0.0142761940419 0.0233619601412 0.00312887638882 0.0187830322412 0.0137483759123 0.00452359791343 0.00470740867135 0.0040278667457 0.0223083101129 0.0152683884034 0.0234110474932 0.0260815161033 0.0119721579237 0.0264462620158 0.0415800585829 0.0134021055707 0.0430326699419 0.00706893684493 0.016414409669 0.0159003945042 0.00857645014493 0.0149306029756 0.247906158534 0.0213463415707 
0.00485578794874 0.0101210789533 0.0083092571537 0.0100827637873 0.0317399720928 0.0113278989954 0.0127111896824 0.0130897105409 0.0154405801917 0.0148252671135 0.034008613187 0.0242514779063 -0.00536379069211 0.00743794218384 0.0196821844226 0.0379139275606 0.0092490747077 0.0116506029052 0.00854732265423 -0.00098763150454 0.000834981490216 0.0122707609523 0.0168546573813 0.0285679554633 0.0182637920391 0.0204572196007 0.0176442567826 0.00898636712355 0.0206330803174 0.0215251793237 0.0151850622777 0.0214241461023 0.0265509586526 0.0230753261154 0.00810886625041 0.0147513910864 0.0268408521306 0.0119506578878 0.0213463415707 0.178851582402 

['WFT', 'RIG', 'NOVL', 'NKE', 'CC', 'AVY', 'WMI', 'DOW', 'PSA', 'SLE', 'JNS', 'ZION', 'CZN', 'APD', 'TJX', 'AXP', 'BSX', 'EK', 'HSY', 'WMB', 'LH', 'PBI', 'PCG', 'ETR', 'GD', 'APCC', 'LPX', 'VMC', 'FE', 'LLL', 'ABI', 'AIG', 'CSC', 'BDK', 'COH', 'AV', 'ABK', 'BHI', 'EDS', 'AFL']