40
0.0511846892664 0.116988452624 0.015652967587 0.13159191543 0.0363496030559 0.0634276035435 0.118814959333 0.116792266476 0.0251604878384 0.128222495688 0.0231907610599 0.0466521206007 0.0542920038725 0.0282353637115 0.0396221554001 0.0248608942987 0.0970140476379 0.0206012582373 0.0275926739743 0.0832698050771 0.114457978761 0.0290232005544 0.0357111585815 0.114001255301 0.0335346879574 0.0285507317948 0.0254946283421 0.0482651065397 0.0308768641188 0.0997806882374 0.080285366307 0.0418020448473 0.0399774891594 0.0383245101253 0.0262343191133 0.0396471392927 0.0316848802341 0.147407151382 0.0266110290159 0.0726136826411 
0.337156654987 0.0180924821594 0.0160629918912 0.0374460278388 0.0104014772089 0.00832337878473 0.0448271117669 0.021601828149 -0.00509306717221 0.0509586466658 0.0116516818382 -0.0119210312643 0.00228894473118 -0.00409327656626 0.00879933438657 0.00990307154233 0.0336896064752 0.0127364731397 -0.00948223537733 0.0225882839559 0.00456106260528 0.000400031299916 0.0176463546697 -0.00391901865217 -0.00632419227565 0.00784521942243 0.00306049250248 0.0239879764643 0.00298069198864 0.0183811164911 0.0344590022905 0.0321369279766 -0.000833201858683 0.0041405412507 0.00808783261153 -0.00215167210843 0.0176902290219 0.0187085869249 0.00469549959197 0.0223055649628 
0.0180924821594 0.463591709606 0.0314586847319 0.048694943103 0.0197129271 0.0584812983496 0.0285806290147 0.0090599863867 0.0124008308065 0.0376992986104 0.0167990978081 0.00981186436752 0.0158666855766 0.0216569919609 0.0136797683488 0.0137133219521 0.0905215969829 0.0154275321441 0.0130141767968 0.033045452943 0.0360280968685 0.0225483135293 0.029055900652 -0.0047902291633 0.0104736874524 0.0296260265473 0.000171457798782 0.0331693750708 0.0127648630409 0.0636242080281 0.0451885078282 0.0387048203199 -0.0127259366175 0.0464941989411 0.0217629595875 0.00936823006027 0.023082036085 0.0409559525492 -0.00173103657 0.0500768522761 
0.0160629918912 0.0314586847319 0.224231112949 0.0113029239034 0.0144181446086 0.0242985526165 0.0374964135644 0.00831555929966 0.0176447228638 0.0275175601537 0.0233458215366 0.00788312055862 0.0287618939745 0.017396050749 0.00506077528587 0.020557795552 0.0212748412726 0.0396214991426 0.00725280053135 0.00954535277237 0.0116276009812 0.0253537624701 0.0414635692192 0.0124376690031 0.006692519595 0.0199911420242 -0.00168608258284 0.0174497047718 0.0229199790388 0.00962526040471 0.0392732899096 0.0298735494479 0.00812318995526 0.0151466716372 0.00345341835993 -0.0059968822539 0.018884916803 0.0153772690635 0.00548867914583 0.0139565437805 
0.0374460278388 0.048694943103 0.0113029239034 0.49029306671 -0.00514351529179 0.0618800226952 0.0471908468173 -0.00561401690059 0.0039053178343 0.0469114793192 0.0178430628158 0.0455023405161 0.0237310562663 0.00714627469766 0.0051734175364 0.0214964437387 0.0800316984446 0.0450528688688 -0.00509799165382 0.15151113112 0.152576199999 0.00735530138012 0.0134098079173 0.00359135384395 0.0151919223381 0.00323521118501 0.017658288753 0.0156878900374 0.00311991227769 0.0393550102982 0.0294380078745 0.036841276679 -0.0139690416398 0.0175586133594 0.00149492342692 0.0384757856274 0.0276620799567 0.146667451992 0.0338433402885 0.0275447613739 
0.0104014772089 0.0197129271 0.0144181446086 -0.00514351529179 0.31436169971 0.00686606608151 0.0223847522686 0.0113356014814 0.0178093111346 0.0360963111223 0.0112680378553 0.00684909058199 -0.00351342357543 0.0244860848153 0.0248094691818 0.0301468238291 0.0165343628631 0.0184808775523 -0.00321469370771 0.0138248623261 0.0117657001807 0.00598794890224 0.032270751006 0.00839543360526 0.0218014499846 0.00827468386388 0.0156240512625 0.00634895879547 -0.0024408049346 0.0184621870195 0.00838653262335 0.0110219753473 0.0151708278945 0.016381655783 0.0340897313084 0.00895773035856 0.0133479058212 0.0132586545468 0.015571906196 0.0149292332534 
0.00832337878473 0.0584812983496 0.0242985526165 0.0618800226952 0.00686606608151 0.378052828009 0.0176645053171 0.00898884336517 0.0133309524684 0.0349156325385 0.00721412300375 0.02797311507 0.0257956404906 0.01891618327 0.0202227847018 0.00577509341531 0.0267859153735 0.0200455785206 0.0135767130545 0.0470304000602 0.0333672117943 0.0200171293273 0.0338049316267 0.000546220434888 0.0186372519277 0.0151855063145 -0.00274383190263 0.0357486484297 0.0104695942567 0.0158431260803 0.0291332965686 0.0515690705708 -0.00312069252007 0.0302550785686 0.0114333390503 0.0233059214479 0.000972726727607 0.049916164748 0.000907451679342 0.0401826222257 
0.0448271117669 0.0285806290147 0.0374964135644 0.0471908468173 0.0223847522686 0.0176645053171 0.50553895556 0.0311191861863 0.00365402467058 0.0306079947435 -0.0107421349573 0.0268622178975 0.0245679424921 0.0216969189101 0.0134512146254 0.0211212411492 0.0349020197822 0.0161450313501 0.0140586800948 0.00803827030304 0.0207258645265 0.00674801337206 0.0261698110227 0.012770664896 -0.00108011671376 0.0122756673635 0.0101798101597 0.0184445835619 0.0155910275132 0.0294418607876 0.0090263534995 0.0196674518442 0.0151826148504 0.0222639917686 0.0193997859407 0.0319153257 0.00554345437409 0.0245854634259 0.0194035826729 0.0334864233249 
0.021601828149 0.0090599863867 0.00831555929966 -0.00561401690058 0.0113356014814 0.00898884336517 0.0311191861863 0.60086207553 0.00748259802448 0.0313847254088 -0.00644063842527 0.00647333311659 0.0172216457819 0.0148592619814 0.0146564574966 0.0234340555421 0.0244369817431 0.00282717911796 -0.0186919211904 0.013366881324 0.0129479024361 0.00561872962807 0.00693475914011 -0.00259719410692 -0.00472430376441 0.0337395961011 0.0133850610687 -0.00205707023864 0.00351177069803 -0.0214521164379 0.0210330610391 0.0112112026075 -0.00600867148207 -0.00469492887832 0.0230987351513 -0.00584075953251 0.0134943317976 0.0428266011583 0.00538651102859 0.00332340369889 
-0.00509306717221 0.0124008308065 0.0176447228638 0.0039053178343 0.0178093111346 0.0133309524684 0.00365402467058 0.00748259802448 0.167339601388 0.0217763341134 0.0110962205476 0.0143977415309 0.0116815702302 0.0458806910674 0.0397587701465 0.0490787131732 0.0375068961775 0.0131396913798 0.0108180452498 0.00173189162457 -0.00417575480073 0.0111309467776 0.0147411959703 -0.00123840476385 0.00781801006986 0.0142165830755 0.0131244054593 0.0164517758009 0.0107050299889 0.0159934341464 0.0112787982965 0.0152094480779 0.00294494757201 0.0187608874062 0.0397142316516 0.0106335103229 0.0176552667676 0.00750966913518 0.0217897397984 0.0163923041064 
0.0509586466658 0.0376992986104 0.0275175601537 0.0469114793192 0.0360963111223 0.0349156325385 0.0306079947435 0.0313847254088 0.0217763341134 0.530967555945 0.0132315194369 0.0261097329117 0.0319845939258 0.01503111131 0.0228479517937 0.0296233795664 0.0796377309933 0.0111792663819 0.0170214242777 0.0423269084993 0.0157421707175 0.0269968603302 0.0356770369383 0.00499506048506 0.0100506309382 0.0206483858805 0.0150121098658 0.045458669564 0.0431780446145 0.0207002202467 0.0291068505447 0.035181980376 0.021610358267 0.0468739324446 0.0179323703082 0.0283524614018 0.00476098152053 0.0441523359496 0.0168237279798 0.0393966699181 
0.0116516818382 0.0167990978081 0.0233458215366 0.0178430628158 0.0112680378553 0.00721412300375 -0.0107421349573 -0.00644063842527 0.0110962205476 0.0132315194369 0.229379535966 0.00746819941524 -0.00424316174684 0.0189415587889 0.0205205979703 0.018377109235 0.0187783147284 0.0145628083116 0.0162640843419 -0.00412109160304 -0.00831838492888 0.0106321414058 0.0335033680786 0.000917295586198 0.0127425316702 0.00612776075117 0.0125903517493 0.0161742214611 0.0329166890322 0.0108898652624 0.0201432922835 0.0195840257711 0.0317459211544 0.0211775994996 0.0229121907473 0.0150256266355 0.0313442819278 -0.00344689125726 -0.01217139629 0.023531622324 
-0.0119210312643 0.00981186436752 0.00788312055862 0.0455023405161 0.00684909058199 0.02797311507 0.0268622178975 0.00647333311659 0.0143977415309 0.0261097329117 0.00746819941524 0.249996044036 0.0168433171196 0.016173825758 0.0198039086752 0.0157932850514 0.0134603264728 0.00913103503152 -0.00711307009308 0.0379031331247 0.0237550139398 0.0173370212453 0.0126637878422 0.00372452451152 0.026594161948 0.0025820263913 0.0414905369855 0.0131291141169 0.0081718913845 0.0252100060811 0.0138190347655 0.0320189823887 0.0215370090439 0.00663219078983 0.00696010330428 0.053113524134 0.0198330189849 0.00837221791273 0.0304736069286 0.00559200112706 
0.00228894473118 0.0158666855766 0.0287618939745 0.0237310562663 -0.00351342357543 0.0257956404906 0.0245679424921 0.0172216457819 0.0116815702302 0.0319845939258 -0.00424316174684 0.0168433171196 0.284139973644 0.0082005813235 0.0152363854397 0.0224871472626 -0.00577417406044 0.0240132428119 0.00627890740133 0.0147361694144 0.0181941697628 0.00860761128431 0.0087783095631 0.0178477363141 0.0102319121974 0.00292895470778 0.017177951596 0.0133353642571 0.0146554800411 0.00982181156228 0.0200452362651 0.0297227958126 -0.00517948701307 0.0244686387079 0.0149629003762 0.0272514886367 0.0148294055162 0.0238792015744 0.0085323819832 0.0221911109751 
-0.00409327656626 0.0216569919609 0.017396050749 0.00714627469766 0.0244860848153 0.01891618327 0.0216969189101 0.0148592619814 0.0458806910674 0.01503111131 0.0189415587889 0.016173825758 0.0082005813235 0.131114687903 0.0443017060873 0.0414421775485 0.0455530146148 0.0184010701403 0.0118013117634 0.010165581074 -0.00289957406507 0.0217728537395 0.0223560945149 -0.00689582187894 0.0107726616265 0.0113423644512 0.025052952712 0.0110474834299 0.0203008869104 0.0155203384934 0.0134526918106 0.00878975666634 0.00446031898481 0.0196618795967 0.050161064974 0.0253171973625 0.0220886003682 0.0167882160609 0.0176730820133 0.0270329645954 
0.00879933438657 0.0136797683488 0.00506077528587 0.0051734175364 0.0248094691818 0.0202227847018 0.0134512146254 0.0146564574966 0.0397587701465 0.0228479517937 0.0205205979703 0.0198039086752 0.0152363854397 0.0443017060873 0.172871266897 0.0485458639008 0.0362576645837 0.0213299835466 0.00482542238731 -0.00159050249385 0.00637174102715 0.0264942860204 0.0125950179849 -0.00499708907823 0.0336245557145 0.0060360403829 0.0106798274122 0.0309315564893 0.0145784990352 0.0149543451681 0.0188924068546 0.0258186317636 0.01219326954 0.0176646186002 0.0466118742141 0.0169220967275 0.031361719796 0.0136249982954 0.0176132133009 0.0191731718371 
0.00990307154233 0.0137133219521 0.020557795552 0.0214964437387 0.0301468238291 0.00577509341531 0.0211212411492 0.0234340555421 0.0490787131732 0.0296233795664 0.018377109235 0.0157932850514 0.0224871472626 0.0414421775485 0.0485458639008 0.213376778738 0.0497997356276 0.0111909330733 0.00772006514874 0.00784736954401 -0.00855675750477 0.0303468485607 0.0106348789921 -0.00172233721678 0.0136282689619 0.0066909364816 0.0263505792005 0.0108980935223 0.0174578187603 0.026669487878 0.0197248927105 0.0209915026261 0.000677664994623 0.0121902579007 0.0423922396231 0.0247343697616 0.0188340905725 -0.00371705142534 0.0118134018057 0.0182964574667 
0.0336896064752 0.0905215969829 0.0212748412726 0.0800316984446 0.0165343628631 0.0267859153735 0.0349020197822 0.0244369817431 0.0375068961775 0.0796377309933 0.0187783147284 0.0134603264728 -0.00577417406044 0.0455530146148 0.0362576645837 0.0497997356276 0.563114573218 0.0207632023236 0.0135625226505 0.0293936929319 0.0606356276375 0.0330443670295 0.028554581126 -0.0218465573176 0.0168310482403 0.0342284016709 0.00969824486023 0.0345035671986 0.0268574016796 0.0994615890773 0.0340863115493 0.0630317181561 -0.00649804603177 0.0664213071414 0.03215193112 0.0301956138293 0.0254761778388 0.0728376540452 0.0324457601639 0.0763605762701 
0.0127364731397 0.0154275321441 0.0396214991426 0.0450528688688 0.0184808775523 0.0200455785206 0.0161450313501 0.00282717911796 0.0131396913798 0.0111792663819 0.0145628083116 0.00913103503152 0.0240132428119 0.0184010701403 0.0213299835466 0.0111909330733 0.0207632023236 0.182579656494 0.00970196079563 0.0187004688107 0.0236831997327 0.0144769494854 0.0161961065519 0.00481772222335 0.0234623736317 0.0172051481541 0.00422497607609 0.0267095241054 0.0266828229542 0.00709367939572 0.0308619582257 0.00619501087011 -0.00376457248616 0.018397653109 0.0236485512164 0.00329414914283 0.0223581424913 0.0117948943492 0.0168788920657 0.0373771092089 
-0.00948223537733 0.0130141767968 0.00725280053135 -0.00509799165382 -0.00321469370771 0.0135767130545 0.0140586800948 -0.0186919211904 0.0108180452498 0.0170214242777 0.0162640843419 -0.00711307009308 0.00627890740133 0.0118013117634 0.00482542238731 0.00772006514874 0.0135625226505 0.00970196079563 0.370629100914 -0.0051275280326 -0.0109705638522 0.000698077321559 0.0128315961499 -0.00932369360429 -1.96248656782e-05 0.00324179856683 0.00175831068468 0.0165723299419 0.00572271185286 -0.00414199861434 -0.00589255829682 0.0129375207884 -0.00355691796814 0.00565508775594 0.00771993676013 -0.00326563066921 0.0140784080247 0.0075581770767 0.00799010422653 0.00695348054174 
0.0225882839559 0.033045452943 0.00954535277237 0.15151113112 0.0138248623261 0.0470304000602 0.00803827030304 0.013366881324 0.00173189162457 0.0423269084993 -0.00412109160304 0.0379031331247 0.0147361694144 0.010165581074 -0.00159050249384 0.00784736954401 0.0293936929319 0.0187004688107 -0.0051275280326 0.346057517501 0.139312357228 -0.00395753122147 0.0135111958712 0.00324629646532 0.00646489838844 0.00621254709088 0.0211885439016 0.0139955650274 0.00851976925925 0.00521147631817 0.0065923337242 0.017087067975 0.00705018993003 -0.00466458424919 -0.00520297329973 0.0445044018259 0.00976377107498 0.112306075882 0.0101316665948 0.0316180551187 
0.00456106260528 0.0360280968685 0.0116276009812 0.152576199999 0.0117657001807 0.0333672117943 0.0207258645265 0.0129479024361 -0.00417575480073 0.0157421707175 -0.00831838492888 0.0237550139398 0.0181941697628 -0.00289957406507 0.00637174102715 -0.00855675750477 0.0606356276375 0.0236831997327 -0.0109705638522 0.139312357228 0.368909053893 0.0101105091541 -0.0104807232124 0.00409299109122 0.00366172777852 0.00261171385498 0.0162695663379 0.0100802228943 -0.00494642231853 0.0166354029535 0.00189357202305 0.0216704790173 0.00311243622855 0.0187743116294 -0.00666895414153 0.0445639997998 0.00401111141982 0.157197642582 0.0227056737471 0.0236234250601 
0.000400031299917 0.0225483135293 0.0253537624701 0.00735530138012 0.00598794890224 0.0200171293273 0.00674801337206 0.00561872962807 0.0111309467776 0.0269968603302 0.0106321414058 0.0173370212453 0.00860761128431 0.0217728537395 0.0264942860204 0.0303468485607 0.0330443670295 0.0144769494854 0.000698077321559 -0.00395753122147 0.0101105091541 0.250067740315 0.00944724097802 0.00470446404096 0.0145017485015 0.0126419360198 0.0153376574807 0.0107774904555 0.0102783903861 0.0123368802907 0.03326603942 0.0137074300859 0.00690134273748 0.0179982741003 0.0254498038259 0.0174460727991 0.0317736991221 -0.0140867970419 0.016412370233 0.0214238732613 
0.0176463546697 0.029055900652 0.0414635692192 0.0134098079173 0.032270751006 0.0338049316267 0.0261698110227 0.00693475914011 0.0147411959703 0.0356770369383 0.0335033680786 0.0126637878422 0.0087783095631 0.0223560945149 0.0125950179849 0.0106348789921 0.028554581126 0.0161961065519 0.0128315961499 0.0135111958712 -0.0104807232124 0.00944724097802 0.296351315595 0.00221004686564 0.00751913176719 0.00791438471179 0.00401447513429 0.040460158716 0.0197919785013 0.0140748829461 0.0330440102545 0.0107883194624 0.00134159645096 0.0376938753525 0.0142948513813 0.0166968902657 0.0154347138943 -0.0159920346114 0.0234778576426 0.0346305661475 
-0.00391901865217 -0.0047902291633 0.0124376690031 0.00359135384395 0.00839543360526 0.000546220434888 0.012770664896 -0.00259719410692 -0.00123840476385 0.00499506048506 0.000917295586198 0.00372452451152 0.0178477363141 -0.00689582187894 -0.00499708907823 -0.00172233721678 -0.0218465573176 0.00481772222335 -0.00932369360429 0.00324629646532 0.00409299109122 0.00470446404096 0.00221004686564 1.13791987293 0.0327818905855 0.0244946318565 0.00761754388338 0.00225545198158 0.0305167076386 -0.0042947578913 -0.00907614162972 0.0157517281556 0.0198996498 0.00465842468712 0.00295129439267 0.00526767719697 -0.000812178987515 0.026813670825 -0.00705042633317 0.0073943516257 
-0.00632419227565 0.0104736874524 0.006692519595 0.0151919223381 0.0218014499846 0.0186372519277 -0.00108011671376 -0.00472430376441 0.00781801006986 0.0100506309382 0.0127425316702 0.026594161948 0.0102319121974 0.0107726616265 0.0336245557145 0.0136282689619 0.0168310482403 0.0234623736317 -1.9624865678e-05 0.00646489838844 0.00366172777852 0.0145017485015 0.00751913176719 0.0327818905855 0.230635181226 0.0118850929392 0.0135170282137 0.0208998996028 0.00886250497052 0.0105683727407 0.00380980290148 0.00926063660159 0.0559026627139 0.00602852999156 0.00804231083772 0.0189268787745 0.00703092416699 0.00351170948436 0.0192597715141 0.00127837742816 
0.00784521942243 0.0296260265473 0.0199911420242 0.00323521118501 0.00827468386388 0.0151855063145 0.0122756673635 0.0337395961011 0.0142165830755 0.0206483858805 0.00612776075117 0.0025820263913 0.00292895470778 0.0113423644512 0.0060360403829 0.0066909364816 0.0342284016709 0.0172051481541 0.00324179856683 0.00621254709088 0.00261171385498 0.0126419360198 0.00791438471179 0.0244946318565 0.0118850929392 0.247351918052 0.0105923200471 0.0199550073985 0.00865698074756 0.0176854214002 0.033037306879 0.0101658711087 -0.0129156526313 0.0290132902887 0.00658261553884 -0.00111473673066 0.010381956808 0.0135172964038 0.00913244357944 0.00342139150417 
0.00306049250248 0.000171457798782 -0.00168608258284 0.017658288753 0.0156240512625 -0.00274383190263 0.0101798101597 0.0133850610687 0.0131244054593 0.0150121098658 0.0125903517493 0.0414905369855 0.017177951596 0.025052952712 0.0106798274122 0.0263505792005 0.00969824486023 0.00422497607609 0.00175831068468 0.0211885439016 0.0162695663379 0.0153376574807 0.00401447513429 0.00761754388338 0.0135170282137 0.0105923200471 0.199560989371 0.0123550330601 -0.000474229137282 0.0157238329324 0.00234261177009 0.0134383796586 0.0183915446603 0.000484943929427 0.0134287117215 0.0477388374557 0.0187174614742 0.0251374939462 0.00672035833316 0.00986972069198 
0.0239879764643 0.0331693750708 0.0174497047718 0.0156878900374 0.00634895879547 0.0357486484297 0.0184445835619 -0.00205707023864 0.0164517758009 0.045458669564 0.0161742214611 0.0131291141169 0.0133353642571 0.0110474834299 0.0309315564893 0.0108980935223 0.0345035671986 0.0267095241054 0.0165723299419 0.0139955650274 0.0100802228943 0.0107774904555 0.040460158716 0.00225545198158 0.0208998996028 0.0199550073985 0.0123550330601 0.303150577697 0.0169974470419 0.0101297283925 0.0272988962783 -0.00519340264985 -0.010620831443 0.0469402256017 0.0220316096605 0.00949652971213 0.0172512558083 0.000725123509566 0.029805443957 0.0197911755854 
0.00298069198863 0.0127648630409 0.0229199790388 0.00311991227769 -0.0024408049346 0.0104695942567 0.0155910275132 0.00351177069803 0.0107050299889 0.0431780446145 0.0329166890322 0.0081718913845 0.0146554800411 0.0203008869104 0.0145784990352 0.0174578187603 0.0268574016796 0.0266828229542 0.00572271185286 0.00851976925925 -0.00494642231853 0.0102783903861 0.0197919785013 0.0305167076386 0.00886250497052 0.00865698074756 -0.000474229137283 0.0169974470419 0.260541893487 0.0169558895537 0.0201319249392 0.00602029339527 0.0109238120616 0.0236651467834 0.0160203599699 0.00195175158639 0.0173749455418 0.00343881741368 -0.00411227715881 0.0416791010223 
0.0183811164911 0.0636242080281 0.00962526040471 0.0393550102982 0.0184621870195 0.0158431260803 0.0294418607876 -0.0214521164379 0.0159934341464 0.0207002202467 0.0108898652624 0.0252100060811 0.00982181156228 0.0155203384934 0.0149543451681 0.026669487878 0.0994615890773 0.00709367939572 -0.00414199861434 0.00521147631817 0.0166354029535 0.0123368802907 0.0140748829461 -0.0042947578913 0.0105683727407 0.0176854214002 0.0157238329324 0.0101297283925 0.0169558895537 0.566400465155 0.0283105739232 0.02749357346 -0.00329915984796 0.00792568162094 0.0163247810711 0.0250110395303 0.0103446449353 0.0256432056822 0.0194025009672 0.0391953954339 
0.0344590022905 0.0451885078282 0.0392732899096 0.0294380078745 0.00838653262335 0.0291332965686 0.0090263534995 0.0210330610391 0.0112787982965 0.0291068505447 0.0201432922835 0.0138190347655 0.0200452362651 0.0134526918106 0.0188924068546 0.0197248927105 0.0340863115493 0.0308619582257 -0.00589255829682 0.0065923337242 0.00189357202305 0.03326603942 0.0330440102545 -0.00907614162972 0.00380980290148 0.033037306879 0.00234261177009 0.0272988962783 0.0201319249392 0.0283105739232 0.4318332328 0.0339993121511 -0.0107484404321 0.0227402588301 0.019175368719 0.00698129414202 0.0176215507624 0.024425175088 0.0318146612844 0.0468143103649 
0.0321369279766 0.0387048203199 0.0298735494479 0.036841276679 0.0110219753473 0.0515690705708 0.0196674518442 0.0112112026075 0.0152094480779 0.035181980376 0.0195840257711 0.0320189823887 0.0297227958126 0.00878975666634 0.0258186317636 0.0209915026261 0.0630317181561 0.00619501087011 0.0129375207884 0.017087067975 0.0216704790173 0.0137074300859 0.0107883194624 0.0157517281556 0.00926063660159 0.0101658711087 0.0134383796586 -0.00519340264985 0.00602029339527 0.02749357346 0.0339993121511 0.246778265771 -0.000315791360324 0.0132333013394 0.0221130292751 0.0352106123406 0.0243389353325 0.0174129358683 0.0178303214227 0.0345888128852 
-0.000833201858683 -0.0127259366175 0.00812318995526 -0.0139690416398 0.0151708278945 -0.00312069252007 0.0151826148504 -0.00600867148207 0.00294494757201 0.021610358267 0.0317459211544 0.0215370090439 -0.00517948701307 0.00446031898481 0.01219326954 0.000677664994623 -0.00649804603177 -0.00376457248616 -0.00355691796814 0.00705018993003 0.00311243622855 0.00690134273748 0.00134159645096 0.0198996498 0.0559026627139 -0.0129156526313 0.0183915446603 -0.010620831443 0.0109238120616 -0.00329915984796 -0.0107484404321 -0.000315791360324 0.44068914406 0.0388066263011 0.00434690110748 0.0341933204452 0.00505684221332 0.00630246049774 0.00632116154843 0.00410878048653 
0.0041405412507 0.0464941989411 0.0151466716372 0.0175586133594 0.016381655783 0.0302550785686 0.0222639917686 -0.00469492887832 0.0187608874062 0.0468739324446 0.0211775994996 0.00663219078983 0.0244686387079 0.0196618795967 0.0176646186002 0.0121902579007 0.0664213071414 0.018397653109 0.00565508775594 -0.00466458424919 0.0187743116294 0.0179982741003 0.0376938753525 0.00465842468712 0.00602852999156 0.0290132902887 0.000484943929426 0.0469402256017 0.0236651467834 0.00792568162094 0.0227402588301 0.0132333013394 0.0388066263011 0.324273021751 0.0140097848815 0.0143852564236 0.0247750833759 0.00814199084209 0.0141096501767 0.0395654837326 
0.00808783261153 0.0217629595875 0.00345341835993 0.00149492342692 0.0340897313084 0.0114333390503 0.0193997859407 0.0230987351513 0.0397142316516 0.0179323703082 0.0229121907473 0.00696010330428 0.0149629003762 0.050161064974 0.0466118742141 0.0423922396231 0.03215193112 0.0236485512164 0.00771993676013 -0.00520297329973 -0.00666895414153 0.0254498038259 0.0142948513813 0.00295129439267 0.00804231083772 0.00658261553884 0.0134287117215 0.0220316096605 0.0160203599699 0.0163247810711 0.019175368719 0.0221130292751 0.00434690110748 0.0140097848815 0.176460746743 0.0238332081395 0.0209254473917 0.00718022383638 0.0175751540653 0.0218753837742 
-0.00215167210843 0.00936823006027 -0.0059968822539 0.0384757856274 0.00895773035856 0.0233059214479 0.0319153257 -0.00584075953251 0.0106335103229 0.0283524614018 0.0150256266355 0.053113524134 0.0272514886367 0.0253171973625 0.0169220967275 0.0247343697616 0.0301956138293 0.00329414914283 -0.00326563066921 0.0445044018259 0.0445639997998 0.0174460727991 0.0166968902657 0.00526767719697 0.0189268787745 -0.00111473673066 0.0477388374557 0.00949652971213 0.00195175158639 0.0250110395303 0.00698129414202 0.0352106123406 0.0341933204452 0.0143852564236 0.0238332081395 0.257333451132 0.0220288666265 0.0300750688969 0.0212343993897 0.0224983255745 
0.0176902290219 0.023082036085 0.018884916803 0.0276620799567 0.0133479058212 0.000972726727607 0.00554345437409 0.0134943317976 0.0176552667676 0.00476098152053 0.0313442819278 0.0198330189849 0.0148294055162 0.0220886003682 0.031361719796 0.0188340905725 0.0254761778388 0.0223581424913 0.0140784080247 0.00976377107498 0.00401111141982 0.0317736991221 0.0154347138943 -0.000812178987515 0.00703092416699 0.010381956808 0.0187174614742 0.0172512558083 0.0173749455418 0.0103446449353 0.0176215507624 0.0243389353325 0.00505684221332 0.0247750833759 0.0209254473917 0.0220288666265 0.170765942434 0.0119447355959 0.012652249022 0.029038701115 
0.0187085869249 0.0409559525492 0.0153772690635 0.146667451992 0.0132586545468 0.049916164748 0.0245854634259 0.0428266011583 0.00750966913518 0.0441523359496 -0.00344689125726 0.00837221791273 0.0238792015744 0.0167882160609 0.0136249982954 -0.00371705142534 0.0728376540452 0.0117948943492 0.0075581770767 0.112306075882 0.157197642582 -0.0140867970419 -0.0159920346114 0.026813670825 0.00351170948436 0.0135172964038 0.0251374939462 0.000725123509566 0.00343881741369 0.0256432056822 0.024425175088 0.0174129358683 0.00630246049774 0.00814199084209 0.00718022383638 0.0300750688969 0.0119447355959 0.516770015486 0.0161910564209 0.0457744172512 
0.00469549959197 -0.00173103657 0.00548867914583 0.0338433402885 0.015571906196 0.000907451679342 0.0194035826729 0.00538651102859 0.0217897397984 0.0168237279798 -0.01217139629 0.0304736069286 0.0085323819832 0.0176730820133 0.0176132133009 0.0118134018057 0.0324457601639 0.0168788920657 0.00799010422653 0.0101316665948 0.0227056737471 0.016412370233 0.0234778576426 -0.00705042633317 0.0192597715141 0.00913244357944 0.00672035833316 0.029805443957 -0.00411227715881 0.0194025009672 0.0318146612844 0.0178303214227 0.00632116154843 0.0141096501767 0.0175751540653 0.0212343993897 0.012652249022 0.0161910564209 0.287363547109 0.00794089299228 
0.0223055649628 0.0500768522761 0.0139565437805 0.0275447613739 0.0149292332534 0.0401826222257 0.0334864233249 0.00332340369889 0.0163923041064 0.0393966699181 0.023531622324 0.00559200112706 0.0221911109751 0.0270329645954 0.0191731718371 0.0182964574667 0.0763605762701 0.0373771092089 0.00695348054175 0.0316180551187 0.0236234250601 0.0214238732613 0.0346305661475 0.0073943516257 0.00127837742816 0.00342139150417 0.00986972069199 0.0197911755854 0.0416791010223 0.0391953954339 0.0468143103649 0.0345888128852 0.00410878048653 0.0395654837326 0.0218753837742 0.0224983255745 0.029038701115 0.0457744172512 0.00794089299228 0.2941963059 

['NCR', 'FLR', 'DOW', 'RDC', 'SGP', 'ASH', 'SUNW', 'NOVL', 'WFC', 'NTAP', 'ALL', 'EXC', 'ORCL', 'MTB', 'CBSS', 'SNV', 'DHI', 'DD', 'TRB', 'APC', 'XTO', 'CB', 'HET', 'FRX', 'BAX', 'AT', 'FPL', 'MCD', 'FDC', 'MEDI', 'HPC', 'GWW', 'HCA', 'BBBY', 'MI', 'EIX', 'PFG', 'SUN', 'AMGN', 'CAT']