20
0.0695535734162 0.0470472683343 0.0314514366364 0.0933125666969 0.0389775871913 0.0278380444533 0.106415927512 0.0486664598358 0.0304536481296 0.0634276035435 0.0690415105338 0.0755152896869 0.0645874353538 0.146363775453 0.0348883512333 0.0850489592031 0.360667625942 0.0559384191954 0.074230100705 0.0335830315084 
0.401133784561 0.0479716028023 0.0101149281031 0.00886208307699 0.0163261908873 0.000965911874509 0.00731384888231 0.0111374558152 0.0195410619207 0.00994318283367 0.0159000403933 0.00651296429042 0.0383423815753 0.00399615741342 0.00544498760654 0.00994403187057 0.00493135624845 0.0253589956836 0.024444379977 0.015011251961 
0.0479716028023 0.210255367037 0.0341769116576 0.0102279201722 0.0173726716199 0.0200477634812 0.0180807382107 0.0133419671206 0.0382421042382 0.0274374810455 0.0253530358111 0.0302683320989 0.016941000364 0.0129222201765 0.0266381857847 0.0407583611492 0.0230669379921 0.0179468488358 0.043568838492 0.0089157986838 
0.0101149281031 0.0341769116576 0.191900890209 0.0178138989736 0.0590588719788 0.0214994524375 0.0177516188253 0.00977033846123 0.0598022625348 0.0267351799597 0.025807641702 0.0203852349575 0.0279882215253 0.0179597965876 0.0295958643719 0.0236268237059 0.010522279421 0.0103184044873 0.0561885364427 0.0135066340031 
0.00886208307699 0.0102279201722 0.0178138989736 0.999711098206 0.0538093282487 0.00380926221098 0.00594059740101 -0.000264551267222 0.0193054258052 0.0307418832589 0.0122521371238 0.0174960836962 -0.00988916399069 0.0189583245708 0.000733664671938 0.0185573704722 0.00400787883516 0.0105751449026 0.0177204668588 0.00414523723323 
0.0163261908873 0.0173726716199 0.0590588719788 0.0538093282487 0.250204364637 0.0178405796216 0.0114107583936 0.0174944447346 0.0419595943371 0.0161973012007 0.0228677012323 0.00286629032361 0.00598875038867 0.00476188753967 0.0321988885236 0.0160004790195 -0.00731869598463 0.0283430160381 0.050358747538 0.0337969999387 
0.000965911874509 0.0200477634812 0.0214994524375 0.00380926221098 0.0178405796216 0.189053622137 0.00919713288853 0.0135714760089 0.0163947090776 -0.00110519541221 0.0173716396815 0.0402922258506 0.0150394443968 0.0125707775049 0.0139004344945 -0.00352458411542 0.012541680481 0.0183027985162 0.00234026129151 -0.000634383369748 
0.00731384888231 0.0180807382107 0.0177516188253 0.00594059740101 0.0114107583936 0.00919713288853 0.61738958401 0.0333242143978 0.0239847628308 0.0625948103717 0.071618178661 0.010108798325 0.0449132510569 0.0201117153515 0.0294285344445 0.0374604047017 0.0714134577336 0.0251918108443 0.0742429942956 0.0595235747886 
0.0111374558152 0.0133419671206 0.00977033846123 -0.000264551267222 0.0174944447346 0.0135714760089 0.0333242143978 0.318564740497 0.0146545046622 0.0413971352044 0.00915691750539 0.0197850703415 0.0361272413119 0.00490403594915 0.0193598437689 0.0104614682592 -0.00804263481717 0.0167432315819 0.029273264045 0.0113712785576 
0.0195410619207 0.0382421042382 0.0598022625348 0.0193054258052 0.0419595943371 0.0163947090776 0.0239847628308 0.0146545046622 0.222227428348 0.0226854778496 0.0261247697934 0.0115238875985 0.0210265652409 0.0124085356943 0.0424885067993 0.016278959117 0.00664957311536 0.0256499804974 0.0553653182667 0.028961724774 
0.00994318283367 0.0274374810455 0.0267351799597 0.0307418832589 0.0161973012007 -0.00110519541221 0.0625948103717 0.0413971352044 0.0226854778496 0.392721619092 0.0221769705 0.0142443442627 0.019583710549 0.0252869061384 0.0339649779509 0.0306407453586 0.0482269531326 -0.00121520336499 0.051727386105 0.024830357332 
0.0159000403933 0.0253530358111 0.025807641702 0.0122521371238 0.0228677012323 0.0173716396815 0.071618178661 0.00915691750539 0.0261247697934 0.0221769705 0.442004062392 0.00709129804011 0.0220759985187 0.0126816551387 0.0534146853933 0.0254206617403 0.0694104092837 0.0385623394301 0.0593065653133 0.0471173235393 
0.00651296429042 0.0302683320989 0.0203852349575 0.0174960836962 0.00286629032361 0.0402922258506 0.010108798325 0.0197850703415 0.0115238875985 0.0142443442627 0.00709129804011 0.800542637725 -0.0041212930416 0.0190036681447 0.0235491770674 0.015236473562 0.0124840681841 0.00888317114576 0.0402922240985 0.00723166190797 
0.0383423815753 0.016941000364 0.0279882215253 -0.00988916399069 0.00598875038867 0.0150394443968 0.0449132510569 0.0361272413119 0.0210265652409 0.019583710549 0.0220759985187 -0.0041212930416 0.357381446819 0.0069246484304 0.0390876512079 0.00254173462628 0.0288815315951 0.0266217505481 0.0392979209232 0.0115203290715 
0.00399615741342 0.0129222201765 0.0179597965876 0.0189583245708 0.00476188753967 0.0125707775049 0.0201117153515 0.00490403594915 0.0124085356943 0.0252869061384 0.0126816551387 0.0190036681447 0.0069246484304 0.984379323519 0.0103526491034 0.00649358107151 0.0214711648319 -0.00878102625451 0.0477969124551 0.00542810357832 
0.00544498760654 0.0266381857847 0.0295958643719 0.000733664671938 0.0321988885236 0.0139004344945 0.0294285344445 0.0193598437689 0.0424885067993 0.0339649779509 0.0534146853933 0.0235491770674 0.0390876512079 0.0103526491034 0.329739027282 0.0189096190094 0.0554321879003 0.0256424112426 0.0686574142609 0.00545276390239 
0.00994403187057 0.0407583611492 0.0236268237059 0.0185573704722 0.0160004790195 -0.00352458411542 0.0374604047017 0.0104614682592 0.016278959117 0.0306407453586 0.0254206617403 0.015236473562 0.00254173462628 0.00649358107151 0.0189096190094 0.728016861445 0.0597211272151 0.021196649932 0.0527638550554 0.0405800447861 
0.00493135624845 0.0230669379921 0.010522279421 0.00400787883516 -0.00731869598463 0.012541680481 0.0714134577336 -0.00804263481717 0.00664957311536 0.0482269531326 0.0694104092837 0.0124840681841 0.0288815315951 0.0214711648319 0.0554321879003 0.0597211272151 1.19280221984 0.0347751531553 0.0586760381976 0.0568681333956 
0.0253589956836 0.0179468488358 0.0103184044873 0.0105751449026 0.0283430160381 0.0183027985162 0.0251918108443 0.0167432315819 0.0256499804974 -0.00121520336499 0.0385623394301 0.00888317114576 0.0266217505481 -0.00878102625451 0.0256424112426 0.021196649932 0.0347751531553 0.238868852995 0.045041160915 0.028880098071 
0.024444379977 0.043568838492 0.0561885364427 0.0177204668588 0.050358747538 0.00234026129151 0.0742429942956 0.029273264045 0.0553653182667 0.051727386105 0.0593065653133 0.0402922240985 0.0392979209232 0.0477969124551 0.0686574142609 0.0527638550554 0.0586760381976 0.045041160915 0.520799817848 0.040568863746 
0.015011251961 0.0089157986838 0.0135066340031 0.00414523723323 0.0337969999387 -0.000634383369749 0.0595235747886 0.0113712785576 0.028961724774 0.024830357332 0.0471173235393 0.00723166190797 0.0115203290715 0.00542810357832 0.00545276390239 0.0405800447861 0.0568681333956 0.028880098071 0.040568863746 0.307275200769 

['BLS', 'EQR', 'WB', 'GT', 'MET', 'CL', 'ADSK', 'STZ', 'FHN', 'ASH', 'A', 'SYK', 'KSS', 'HUM', 'BDK', 'EBAY', 'JDSU', 'TMO', 'KBH', 'LLTC']