60
0.0273717205438 0.0146510565804 0.128222495688 0.0256056876134 0.0952892642352 0.0752984700253 0.0582377086348 0.0570579479668 0.0188066159349 0.00361039022472 0.0130713531851 0.121001700606 0.0451551332239 0.0896788789081 0.042606905642 0.0391901687574 0.133327922328 0.0270000307956 0.0308768641188 0.185879968849 0.0754552666066 0.0565521495323 0.13159191543 0.0295384146509 0.0184249616408 0.0479675113811 0.0218855159469 0.0549811443135 0.114001255301 0.0672535079153 0.0610020106181 0.0265193363437 0.0285158318856 0.0612619406497 0.128413882411 0.0559384191954 0.118814959333 0.0414012394119 0.022369934908 0.0743441041655 0.050100863095 0.0613427887106 0.0211692002509 0.0128714932266 0.0722101641432 0.148705689344 0.0282353637115 0.153319254475 0.0297209295042 0.0318751717172 0.0151091702759 0.0125275076286 0.0270240384822 0.0210495138202 0.0304896250645 0.066200000993 0.0331056926512 0.112290577846 0.0413167922229 0.0253425298527 
0.231265753942 0.01271216377 0.0290153343634 0.000932279470078 0.0179458027269 0.0129814174288 0.0305696959715 0.0111741913868 0.00245384829902 0.000771480103116 -0.000271974177751 0.0297864022063 -0.000940809478483 0.0266224079645 0.00663605563468 0.0168522042341 0.0139684484488 0.0087645251216 0.00597338369167 0.0203853114668 0.0110908975181 0.0305650802906 0.0174691173867 0.000804694094392 0.0147974876662 -0.000812552232646 0.00887326311938 0.00469880220096 -0.0138272961355 0.024464795337 0.01198279447 0.0133882112807 0.010326861615 0.0144282129477 0.026339209777 0.0121269367253 -0.00768929517659 0.0186607179127 0.0292010781759 0.00726167949399 0.0145025542256 0.0112558235204 0.0175202679598 0.0186955551408 0.0172002373294 0.0283292687018 0.0108087182134 0.0268116641058 0.010233643402 0.00852972684704 0.00963479866573 0.0146765927223 0.0117125827571 0.00419071789039 0.00417428128832 0.0223833018964 0.00894255584262 0.0256790789296 0.0156973414023 0.0189038024035 
0.01271216377 0.145381048318 0.00992302813 0.0118051932612 0.0122174981976 0.0184278081505 0.00752314615626 0.00783681889446 0.0117976530937 0.0209714146758 0.00839571365209 0.00725247137093 0.00451170294643 0.0229010080013 0.0102156102896 0.00559607606957 0.0167040568363 0.0165139096814 0.0165156676074 0.00290395217622 0.0263001206346 0.00552897939957 0.00286343178082 0.0207199061571 0.0145369452175 0.0126744480648 0.00428407956297 0.00543456793566 -0.0104404221324 0.00818803984175 0.0098293087729 0.00981857096616 0.00244176748828 0.00973316549024 -0.000217437994613 0.0231756542515 0.0105585408149 0.00967256864414 0.00518174496359 0.0121399543748 0.0189736103816 0.00310386173462 0.0121439005108 0.0170537754539 0.016733180198 0.01220185974 0.0134529041215 0.0221695233482 0.00643237294996 0.0157643183833 0.0159884237393 0.0171291141927 0.0234310760224 0.00386497265542 0.00564352815223 0.0171331645521 0.00329594440306 0.00159794870126 0.014570719361 0.0177156475784 
0.0290153343634 0.00992302813 0.519093767098 0.00312408879471 -0.000553179464826 0.0371941787302 0.00376204455344 0.0348554804021 0.0138657175457 0.0207903569887 0.00958985350097 0.0321130562419 0.00555337104797 0.0479008924712 0.0206488169044 0.0174788378819 0.0475732727756 0.0305759260833 0.0416910675047 0.0285186853045 0.0216804770947 0.0380206527226 0.0382437276806 0.023511792784 0.0295555893195 0.0287190130334 0.00240607610885 0.0443781862693 0.00566474118682 0.031961303193 0.0156666392453 0.0151800973743 0.015672367545 0.0720698693759 0.0487395325457 0.0254180856579 0.0268226158966 0.019259463963 0.0452694227788 0.0282678440967 0.0308501691328 0.0146001506122 0.00732662723452 -0.0016195727139 0.0270141495501 0.0284620977442 0.0122956293234 0.0393314847858 0.00552064113196 0.00575230553255 0.0188355543872 0.0173507689448 0.0332505854241 0.0422587583094 -0.00356125097955 0.0715184626683 0.0191636460861 0.0568903069175 0.0272343114062 0.0170236277264 
0.000932279470078 0.0118051932612 0.00312408879471 0.212417317478 0.0112383576379 0.0250134867488 0.0221351319654 0.0186542214386 0.00766963309725 0.00609697464682 0.0087774417732 0.00228033853623 0.0148231017745 0.00749662070287 0.0190147191741 -0.000508754208744 -0.00750840524528 0.0185988843007 0.00725954542644 0.00861236867726 0.00939265853893 0.0100444255938 0.00292781420227 0.0151235270391 0.00455998619818 0.00408570806426 0.008936896224 0.0171060139884 -0.00890372989663 0.0167744237736 0.000768774625449 0.00707174622815 0.00745706894107 -0.000370753791608 0.00377241241614 0.0376547439944 0.00588533024505 -0.000582404891111 0.00579472894563 0.000876426442919 0.0161323001629 0.00248220906802 0.00392776357911 0.020501955564 0.0119684859903 0.0123046854703 0.00807992782482 0.0257965077618 0.0122039362418 0.00578217912315 0.0184568228222 0.0129030298309 0.0102048544911 0.0116566641868 0.0030807272398 0.0161842945053 0.00395728780811 0.000307567354491 0.00739631910263 0.0136331172615 
0.0179458027269 0.0122174981976 -0.000553179464826 0.0112383576379 0.502787775225 0.0277313528221 0.00279567223013 0.00386274566491 0.0102030719703 0.0114738365442 0.00397299259844 0.00603646702754 0.0607037231548 0.0362890868041 0.0685918256053 0.0257905117173 -0.0159077359703 0.0240359419368 0.00524232913395 0.0245551530738 0.00194590924232 0.00468680466158 0.0316011941892 0.0259742537675 0.00827730756528 0.0049194926847 -0.00724401869633 -0.00369198329539 -0.00845604617301 0.0142985064725 0.0126700786517 0.0211762122918 0.00877271005756 -0.00852396728275 -0.00940107439198 0.0160413634865 0.00522467432701 0.0091182074121 0.0177526400102 0.0157651586601 0.00631866034061 0.00628354426821 0.0173117464859 0.0176723319231 0.0315734781464 0.0260252827316 0.0113809505221 0.0132198073187 0.00586396621207 0.00357765369037 -0.00212069943349 -0.00465582660934 0.0045967499773 -7.74410043696e-05 0.00939313264574 0.0105918611822 0.0090596561031 0.0253587649271 0.0263919506931 0.00200146408503 
0.0129814174288 0.0184278081505 0.0371941787302 0.0250134867488 0.0277313528221 0.475282913679 0.0177918696454 0.00288851004613 0.0162336308855 0.0156034500264 0.0123119808401 0.0232563642267 0.020580375539 0.00329287499258 0.0186104490166 0.0197077081044 0.0057052366333 0.0294075676018 0.0194561529091 0.0752432049423 0.0224325108279 0.0179564928386 0.0234888040671 0.021971292291 0.00986422909105 0.0212706704949 0.0112416081069 0.0197269559858 -0.000684193314333 0.00798288160177 0.0277098527878 0.0147341169208 0.0162321708474 -0.00304811814549 0.0135792487102 0.0202937120921 0.0180498515824 0.00254035901697 0.0161791186697 -0.00597381087924 -0.00813246803987 0.00338203666357 0.0102989360334 0.0664398201644 0.00237569100241 0.0709846771318 0.0206609335434 0.0764431382009 0.0204500332595 0.010171290071 0.00708698052883 0.0107432544181 0.00992997199443 0.0249555441852 0.00827818375408 -0.00535977095125 0.00865822333801 0.0454751904295 0.0188599541695 0.0242045450257 
0.0305696959715 0.00752314615626 0.00376204455344 0.0221351319654 0.00279567223013 0.0177918696454 0.45770245612 0.0210155103693 0.0155285741512 0.0110908809017 0.019023394652 0.0254398951716 -0.00186160054797 0.00857773689589 0.00788345973488 0.0125293008297 0.0173143114152 0.0178583237825 0.00297861210084 0.0134896339239 0.0359804175766 0.00436031826526 -0.00148552409992 0.00680718297434 0.00935303632205 0.0187717178734 0.00527291828637 0.000815788055588 -0.0122187161424 0.0352187482667 0.00931351772313 0.032484423016 0.022947676684 0.00947842985519 -0.00472723573597 0.0161309443271 -0.010097955736 0.00972606589433 0.0152645454741 0.00658095138086 0.0089398254288 0.00428653359072 0.0157308077353 0.0138809180097 0.0170106104174 0.0013532562722 0.00981204354379 0.0274502760982 0.0417827806078 0.00366985863655 0.0115031689741 0.00186097657252 0.0146843091702 0.012258173645 0.018880322144 0.0233376942236 0.0159671075226 -0.00896684436128 0.00328693280267 0.015324546343 
0.0111741913867 0.00783681889446 0.0348554804021 0.0186542214386 0.00386274566491 0.00288851004613 0.0210155103693 0.328507962485 0.0114508034222 0.0153763282187 0.00977472967529 -0.00299968743434 0.00609007824339 0.0163976391767 0.0117747479073 0.00937591557502 -0.00670432512572 0.0300258346467 0.0101464584463 0.0273775008509 -0.00345049389574 0.027537173141 0.0257225790064 0.0133959982387 0.00695675013713 0.0101497661702 0.00573615822844 0.00718693854033 -0.00220807113808 0.0086713675654 0.00931002354313 0.0059305927886 0.00692064326807 0.00249031730571 0.0258698517235 0.0365525558755 0.0289385534523 0.0183204598484 0.00286580266026 0.00444084490948 0.014109981228 -0.00139482551604 0.00124162653227 0.00830944700973 0.0171063341966 0.0115460441877 0.00978367296467 0.0125344536084 0.00373063452227 0.012359543261 0.0136586058605 0.0213304077713 0.0245893371824 -0.0061688304454 0.0087218332997 0.0280533528963 0.0135711087774 0.0325426592776 0.0169924628995 0.0166789090727 
0.00245384829902 0.0117976530937 0.0138657175457 0.00766963309725 0.0102030719703 0.0162336308855 0.0155285741512 0.0114508034222 0.1915239834 0.00827760287296 0.00577726358621 0.0193055820922 0.00780266327566 0.00705945751088 0.0172764793099 0.0174513011431 0.0126615178917 0.0225152216588 0.00634043530247 0.0110876468647 0.0122398113377 0.0123897339728 -0.0037838524556 0.00708747505919 0.0125125112812 0.00615905842863 0.0174442899789 -0.00304105213836 -0.0159453069398 0.0419407926851 0.0192863731308 0.00902119509072 0.00454944747764 0.0086532941946 0.0203303936481 0.0109371551469 0.00710851746247 0.0136682138979 0.0187357670481 0.0376940474513 0.0203143138536 0.0261729550442 0.00596795871232 0.0129752763615 0.0332736413462 0.0121753680382 0.010493157502 0.0377426607258 -0.00101799520407 0.0048352480878 0.0056998143453 0.0179701061084 0.0199032329904 0.00826914483035 0.00976912716609 0.0180439030411 0.00374162846878 0.00653031680734 0.0167861854223 0.0201272788434 
0.000771480103116 0.0209714146758 0.0207903569887 0.00609697464682 0.0114738365442 0.0156034500264 0.0110908809017 0.0153763282187 0.00827760287295 0.216178396796 0.0109877693982 0.0193333082997 -0.00492696926047 0.00776631955443 0.000963229072523 0.00929494229272 0.0124887725982 0.0145594874893 0.00561949761764 0.0224772986476 0.012331265574 0.00839968195369 -0.00523559356398 0.0244592768351 0.0152228657936 0.0113808186818 0.0190443856083 0.0393753219354 -0.00351334071066 0.0152408026977 0.0230027692356 0.00654894702295 0.00457658642556 0.00738243499683 0.0232858891309 0.00249768772397 0.00986798201595 0.0077062914683 0.00366662394192 0.0143083877405 0.0059580744594 0.00295740380308 -0.000421878919887 0.00138266341445 0.0071143421201 0.0148727543819 0.0127386231623 0.00868634678291 0.00898265309651 0.00689858745853 0.00996803559821 0.0239162375138 0.0032232054226 0.0126405484728 0.0017793864205 0.0093482218443 0.0019490952327 0.00515312429949 0.0208355273906 0.0217847529869 
-0.00027197417775 0.00839571365209 0.00958985350097 0.0087774417732 0.00397299259844 0.0123119808401 0.019023394652 0.00977472967529 0.00577726358621 0.0109877693982 0.131568327612 0.0290258213813 0.00293010483662 0.0112051808772 0.01558318743 0.00742385343455 0.00666044867305 -0.0058785548439 -0.000187216659104 0.0173032196688 0.0192910574988 0.0168731811942 0.0177742073861 0.0155590560744 0.0285816628273 0.00699753758582 0.0145445675791 0.00431445318797 0.00624278028206 0.00630839998265 0.00654639145874 0.00509495989499 0.0350591248222 0.00783016309084 0.0184103410538 0.00257841283457 0.00447131172177 0.00891991062483 0.00917323692552 -0.0112459560988 0.0131237927476 0.0198907832947 0.0131747297496 0.00834883166778 0.00630032621971 -0.000824945644329 0.0251345825745 0.0140662516413 0.00153992161421 0.040342322508 0.0127598808927 0.00631045220721 0.00184610775267 0.00912358021399 -0.000635909938733 0.0203967075063 0.0403708024112 0.00589260299317 0.0105611635665 0.00550473527582 
0.0297864022063 0.00725247137093 0.0321130562419 0.00228033853623 0.00603646702754 0.0232563642267 0.0254398951716 -0.00299968743434 0.0193055820922 0.0193333082997 0.0290258213813 0.727164904962 0.00906512841316 -0.0112602122108 0.0269476585091 0.0102935229124 0.00661284733517 0.0160173693373 0.00447820078327 0.0367703104855 0.00137586862948 -0.0126994697793 0.0628782285528 0.0113012382339 0.011563232405 0.0151790985253 0.020761371574 0.0236268443112 0.0150850965206 0.00686978371742 0.0136040230319 0.0211347032069 0.0386733507807 0.00349703723365 0.0713878589459 0.000523110686625 0.0343862412158 0.0155912594259 0.0264572531558 0.0148750039505 -0.00587794694754 -0.000390614911076 -0.0102975989748 -0.00122852725013 0.00855248991951 0.020746214339 0.0154301075742 0.0647184631393 0.00409050358677 0.0324458117104 0.0119859260445 0.00690473358216 0.023891639764 0.0171756583769 0.0245756525523 0.00108569237567 0.0391626618715 0.068078075388 0.0327286607803 0.0229717149857 
-0.000940809478482 0.00451170294643 0.00555337104797 0.0148231017745 0.0607037231548 0.020580375539 -0.00186160054797 0.00609007824339 0.00780266327566 -0.00492696926047 0.00293010483662 0.00906512841316 0.296065695358 0.0274212084593 0.0486775423334 -0.00388225885207 -3.14479891852e-05 0.00764308536513 0.00619318836639 0.0189702400775 0.0226531397441 0.00298232717983 0.0259938597968 0.00676402287434 -0.00330186980013 0.0213676519143 0.00712167049458 -0.00146655757063 0.00953254020311 0.00366257800767 0.00541415193115 0.0108838676056 -0.00214498196544 0.0102284139726 0.0347479144177 0.0148587090789 0.00154891968334 0.0146483553782 0.00125314308864 0.013851379196 0.0245129687763 -0.000215356443267 0.0101678304992 0.00518398038886 0.0133498289571 0.00131713816816 0.00769925228278 0.0215375507088 0.0195982551536 0.00668512724451 0.00384226651948 0.0101059553372 -0.0120608028584 0.000482360700617 0.00883882691151 0.00166442014999 -0.0017615759361 0.0120474696924 -0.00389888446693 0.00463555337385 
0.0266224079645 0.0229010080013 0.0479008924712 0.00749662070287 0.0362890868041 0.00329287499258 0.00857773689589 0.0163976391767 0.00705945751088 0.00776631955443 0.0112051808772 -0.0112602122108 0.0274212084593 0.538175102411 0.0141015738424 0.0312312261374 0.0467816545346 0.0120767655692 0.0181884107874 0.0340171919758 0.0212803718944 0.0247922856634 0.0453285176684 0.0222069157203 0.0247188365379 0.0215416432923 0.00328762400682 0.0345420114516 0.00378200873162 0.0312134482339 0.0628761461968 0.025744821223 0.00829325215324 0.0552819064796 0.0197203071547 0.0161708626206 0.0824103152913 0.017839184307 0.0325294424812 0.0291364207297 0.0200122395915 0.0314557799913 0.00538189229214 0.00304885660148 -0.00863742064702 0.066151985822 0.0266348515204 0.0511139718533 0.0041903737637 0.028386184128 0.0107853878254 0.0208856701616 0.0165398639343 0.00735490962244 0.00767172133254 9.08012638343e-05 0.0173523460935 0.0310008658126 0.0129896244931 0.0196135187625 
0.00663605563468 0.0102156102896 0.0206488169044 0.0190147191741 0.0685918256053 0.0186104490166 0.00788345973488 0.0117747479073 0.0172764793099 0.000963229072523 0.01558318743 0.0269476585091 0.0486775423334 0.0141015738424 0.238704686879 0.023967439543 0.0152724480306 0.0230183117048 0.0131749556921 0.0411473237389 0.0128936821756 -0.00955759957653 0.0273739304594 0.013287605234 0.0241941845547 0.0261576521828 0.00603525665528 0.0240765761259 -0.0222646422015 0.0188570395135 0.00827753998211 0.013069133767 0.00815810782318 0.00140785779364 0.0181460457264 0.0165958707176 0.0152486666602 0.0116819752217 0.0179150561894 0.0188956964675 0.0146783455742 0.00128429920403 0.00576740323388 0.0021906584439 0.0226524177061 0.0156221077383 0.013622853103 0.0306394964279 -0.000154420688959 0.00668883903724 0.0105033623572 0.00402216155767 0.00766502420286 0.00268833217222 0.0189486979985 0.020782753346 0.0149559870155 0.0333803086749 0.0111472417342 0.0140192507331 
0.0168522042341 0.00559607606957 0.0174788378819 -0.000508754208743 0.0257905117173 0.0197077081044 0.0125293008297 0.00937591557502 0.0174513011431 0.00929494229272 0.00742385343455 0.0102935229124 -0.00388225885207 0.0312312261374 0.023967439543 0.198207194237 0.0144133270683 0.0130383116924 0.0215885056802 0.0358626515294 -0.00845288510009 0.00642383156944 0.00935909518003 0.0177302907198 0.0186077215537 0.00664331713157 0.0062061977283 -0.00732544748234 0.00581217639766 0.0201313133064 0.0178688595564 0.0205297330172 0.00591277382633 0.00713572474568 0.0126004634537 0.00802438980513 0.0174853594772 0.00621458517061 0.0132756197062 0.0135824467113 -0.000304666350969 0.00857903806513 0.010194693967 0.000238024546865 0.0299925044412 0.0278963732701 0.00216428290347 0.00758168626046 0.00457860410416 0.0118750894042 0.0181916441546 0.0130761174574 0.00948051901743 0.00944893892698 -0.00147995456008 0.0270963583857 0.0120037504626 0.0227840932623 0.0221521500254 0.000165229800158 
0.0139684484488 0.0167040568363 0.0475732727756 -0.00750840524528 -0.0159077359703 0.0057052366333 0.0173143114152 -0.00670432512572 0.0126615178917 0.0124887725982 0.00666044867305 0.00661284733517 -3.14479891853e-05 0.0467816545346 0.0152724480306 0.0144133270683 0.824618762884 0.0180465750178 0.00435290611054 0.0067472210941 0.010242550517 0.0215499609256 0.0130783526207 0.0301827576639 0.00187966184313 0.0388579730707 -0.00277854862295 -0.00480763940316 -0.00843366869161 0.0428534597159 0.0297009339518 0.0185970904104 0.0182110170593 0.0273787398015 0.025529867376 0.0163886606478 0.0110970569028 -0.0202227937975 0.0252934628229 0.0302650698908 0.0186703284479 0.0106374744863 0.0166468637669 0.00552125821614 0.0247277041714 -0.000934251428634 0.0046439233663 0.0211854957431 0.00195863035535 0.0167916985072 0.00861844914503 -0.00695083550749 0.0133147670873 0.063511850036 0.000749797962082 0.0182945063621 0.0147134972098 0.0123200175015 -0.00140148327062 0.00497506786703 
0.0087645251216 0.0165139096814 0.0305759260833 0.0185988843007 0.0240359419368 0.0294075676018 0.0178583237825 0.0300258346467 0.0225152216588 0.0145594874893 -0.0058785548439 0.0160173693373 0.00764308536513 0.0120767655692 0.0230183117048 0.0130383116924 0.0180465750178 0.208363272704 0.0206672508658 0.0374952531282 0.0304435864832 -0.00635180205031 0.0328002182934 0.0147813093269 0.0111904795124 0.0243570591903 0.00734648263384 0.0229988705245 0.00270713119328 0.0174145772751 0.011976247351 0.00510997754245 0.0119080272897 -0.00224642451188 0.0161809284935 0.0145876693995 0.0110802578384 0.0191638889581 0.0179940012081 0.0352736074886 0.028597337258 0.00428167878723 0.0265138588947 0.00267828409208 0.0407274218937 0.0281132295488 0.0223384203445 0.0146057048235 0.00312567400531 0.0050761941444 0.0136767094913 0.0195008661635 0.00039855416216 0.000264800473154 0.00639821703685 0.0228546249414 0.00737632391561 0.0158598238393 0.0133687749566 0.0107243363105 
0.00597338369167 0.0165156676074 0.0416910675047 0.00725954542644 0.00524232913395 0.0194561529091 0.00297861210084 0.0101464584463 0.00634043530247 0.00561949761764 -0.000187216659104 0.00447820078327 0.00619318836639 0.0181884107874 0.0131749556921 0.0215885056802 0.00435290611054 0.0206672508658 0.257436763715 0.0371051231544 0.00845385462555 0.00436914492466 -0.00155494686466 0.0129537683078 0.0211692300839 0.0256112782348 0.00473320711132 0.00203352294671 0.0309633334979 0.0165959399489 0.0272086449419 0.00265462428629 -0.00233379208089 0.00479893589338 0.0100847192341 0.0105444981563 0.0112321919357 0.00710716819241 0.00848903666681 0.019238764258 -0.00220840158673 -0.00946199528991 0.00426235568525 0.00603038427642 0.0362579373184 0.0066225903709 0.0197993117765 0.0339058613227 0.00378236105019 -0.00247137424054 0.00981045376004 0.0177372064643 0.00385887067341 0.0153779249801 0.0135420782155 0.00635571117686 0.00055969576746 0.00822597398481 0.016593806157 0.00761997019401 
0.0203853114668 0.00290395217622 0.0285186853045 0.00861236867726 0.0245551530738 0.0752432049423 0.0134896339239 0.0273775008509 0.0110876468647 0.0224772986476 0.0173032196688 0.0367703104855 0.0189702400775 0.0340171919758 0.0411473237389 0.0358626515294 0.0067472210941 0.0374952531282 0.0371051231544 0.632259058668 0.0134251812839 0.0259179040698 0.0994942530218 0.0193573972746 0.0254727905396 0.0382804925758 0.00995776932943 0.0333684437109 0.0207486467361 0.0261500505748 0.0370404360394 0.00779266061657 0.0102459945606 0.0146472467217 0.0805152064798 0.0284806708996 0.0340438881114 0.0153381204813 0.0457257599981 0.0186993858487 0.0707247553393 0.0123928541063 -0.00221957733476 0.00511474394208 0.05319701453 0.0509863892321 0.0184253953793 0.0322844546796 0.00495901681756 0.0109775484139 0.0106061923461 0.0194463960974 0.0149458895964 0.00610413722125 -0.00220788129431 0.0147904894737 0.0351300332135 0.0883522956688 0.0271965273036 0.0190335047201 
0.0110908975181 0.0263001206346 0.0216804770947 0.00939265853893 0.00194590924232 0.0224325108279 0.0359804175766 -0.00345049389574 0.0122398113377 0.012331265574 0.0192910574988 0.00137586862948 0.0226531397441 0.0212803718944 0.0128936821756 -0.00845288510009 0.010242550517 0.0304435864832 0.00845385462555 0.0134251812839 0.656896802427 0.0123201124788 0.0666808078307 0.018034005807 0.0139130126438 0.0342807715185 -0.00577621244136 0.0133004237986 -0.00747807304136 0.0518460218617 0.00873452619008 0.00126711960996 0.00646799316588 0.0295668673721 0.0453084836125 0.0212634200646 0.0365451333573 0.0248124377905 0.02846118699 0.0300087183326 0.010286410551 0.00618838293066 0.0159585638148 0.0253406716951 0.00924282622707 0.0679061222259 0.0279704485332 0.0480970266661 0.00796655789726 0.00865970102612 0.0165462838121 0.0343076758927 0.00694086837659 0.00714607579338 0.00638957922106 0.0430396182402 0.0168289498016 0.0352813584715 0.0288351748404 0.0270211157518 
0.0305650802906 0.00552897939957 0.0380206527226 0.0100444255938 0.00468680466158 0.0179564928386 0.00436031826526 0.027537173141 0.0123897339728 0.00839968195369 0.0168731811942 -0.0126994697793 0.00298232717983 0.0247922856634 -0.00955759957652 0.00642383156944 0.0215499609256 -0.00635180205031 0.00436914492466 0.0259179040698 0.0123201124788 0.368187652444 0.0269909473984 0.0168035616151 0.0226499772863 0.0315824203991 0.0159082610123 0.00440545609711 0.00446244950379 0.0238575775476 0.00625462963743 0.00288544509378 0.00795134606117 0.00349485694516 0.0060819328931 0.034121151165 0.0102016525164 0.00276317812288 0.0128729301112 0.00974321279456 0.00363699450956 0.00996710931845 0.0147535949474 -0.00433050988599 0.0146198913708 0.0221414033675 0.016074323287 0.0348055096071 0.00949857486293 0.0113198054929 0.00934979447476 0.0203995177966 0.022286664019 0.00843203671979 0.0101603932405 7.5772203217e-05 0.00924969513188 0.0259007414254 0.0146981456688 0.00600906422501 
0.0174691173867 0.00286343178082 0.0382437276806 0.00292781420227 0.0316011941892 0.0234888040671 -0.00148552409992 0.0257225790064 -0.0037838524556 -0.00523559356398 0.0177742073861 0.0628782285528 0.0259938597968 0.0453285176684 0.0273739304594 0.00935909518003 0.0130783526207 0.0328002182934 -0.00155494686466 0.0994942530218 0.0666808078307 0.0269909473984 0.460596513663 0.0106221166423 0.022856372099 0.0299642676541 0.00626043533853 0.00428419024778 0.00129737547033 0.00495484035823 0.029910331306 0.0153873427346 0.0436690084025 0.0445897956889 0.181392017707 0.001954835578 0.0411927014256 0.01796039671 0.0153900556524 0.00456201083308 0.0362081328459 0.0151934876496 0.0159877725614 0.00623028828586 0.021125861571 0.0351618987816 0.00452053091091 0.00345506381008 -0.00264952652776 0.0213573309645 -0.00534143515572 0.0194022087066 0.000718103785622 0.00321243144813 0.00551885289301 0.0205369201979 0.0325988521865 0.231399943139 0.011249026515 -0.00255868937632 
0.000804694094393 0.0207199061571 0.023511792784 0.0151235270391 0.0259742537675 0.021971292291 0.00680718297434 0.0133959982387 0.00708747505919 0.0244592768351 0.0155590560744 0.0113012382339 0.00676402287434 0.0222069157204 0.013287605234 0.0177302907198 0.0301827576639 0.0147813093269 0.0129537683078 0.0193573972746 0.018034005807 0.0168035616151 0.0106221166423 0.204364769063 0.0351787771477 0.0158775032407 0.00838989172975 0.0165440990854 0.0134993828642 0.0185230962324 0.0190980190912 0.0151677829978 0.00857083115015 -0.00102209680132 0.00637865072753 -0.00100243450944 0.015813352189 0.0098088261886 0.0146523961643 0.0459200291811 0.0181671241893 0.00366534322082 0.0117777146653 0.00124366702303 0.0199935719686 0.0115521177146 0.0392918619517 0.035259281478 0.0210770252313 0.0171821404887 0.0152107428423 0.00670496026804 0.0238817085963 0.0107508016994 0.00262278209794 0.0340308726586 0.016525199176 0.00749862696706 0.00962599667729 0.0118573542708 
0.0147974876662 0.0145369452175 0.0295555893195 0.00455998619818 0.00827730756528 0.00986422909105 0.00935303632205 0.00695675013713 0.0125125112812 0.0152228657936 0.0285816628273 0.011563232405 -0.00330186980013 0.0247188365379 0.0241941845547 0.0186077215537 0.00187966184313 0.0111904795124 0.0211692300839 0.0254727905396 0.0139130126438 0.0226499772863 0.022856372099 0.0351787771477 0.156586422408 0.0254716987377 0.00345059163077 0.00546372044747 0.00848191016588 0.0247403138997 0.00919024627106 0.00649340667073 0.0185583712039 0.00994015717729 0.00563945986407 0.0110831392903 0.00875282167344 0.0190281435568 0.0249340381755 0.0203591589361 0.029218306283 0.00622031686521 0.0122570313727 0.00651440330553 0.0125580936869 0.000539325021489 0.0507474963482 0.0245899582998 0.00585966049915 0.024028705774 0.0214438719608 0.0255938136868 0.0331327471243 0.0112768760397 0.00451294965269 0.0328225089797 0.0341157821935 0.0198412985778 0.0232120324447 0.0197835693079 
-0.000812552232646 0.0126744480648 0.0287190130334 0.00408570806426 0.0049194926847 0.0212706704949 0.0187717178734 0.0101497661702 0.00615905842863 0.0113808186818 0.00699753758582 0.0151790985253 0.0213676519143 0.0215416432923 0.0261576521828 0.00664331713157 0.0388579730707 0.0243570591903 0.0256112782348 0.0382804925758 0.0342807715185 0.0315824203991 0.0299642676541 0.0158775032407 0.0254716987377 0.325819959103 0.0187753384208 0.0156613815654 -0.00135049361488 0.0241246191319 0.0313533096949 0.0392184390618 0.0140921334787 0.0409840232156 0.0370492295629 0.019496952059 0.0213012623819 0.0259910216648 0.0204493256124 0.0385878451578 0.0273593774988 0.00973648304581 0.00807623896975 0.00894124074853 0.00794128017247 0.00530611013122 0.0123893670631 0.0245747794248 0.0120311937005 0.00157907052667 0.018960611329 0.0171594661813 0.0132335157549 0.0107566334947 0.00665206625144 0.0337558576318 0.00337687815091 0.0398983349904 0.0193146815764 0.00852962558632 
0.00887326311938 0.00428407956297 0.00240607610885 0.008936896224 -0.00724401869633 0.0112416081069 0.00527291828637 0.00573615822844 0.0174442899789 0.0190443856083 0.0145445675791 0.020761371574 0.00712167049458 0.00328762400682 0.00603525665528 0.0062061977283 -0.00277854862295 0.00734648263384 0.00473320711132 0.00995776932943 -0.00577621244136 0.0159082610123 0.00626043533853 0.00838989172975 0.00345059163077 0.0187753384208 0.157421475053 0.0116406942446 -0.00432734511222 0.0149302116034 0.0102704685385 0.0110914111854 -0.00290977483356 0.0115298641912 0.00618106378508 0.00744834860097 -0.00617959930986 0.0120716577879 0.00182822126977 -0.00245732925282 0.012784936129 0.00406052761158 0.00491393175646 0.00253569242773 0.00409438575635 0.0100705866824 0.00799595597888 -0.00876385256395 0.00754593107175 0.00760205518619 0.0113704319881 0.012691243554 0.0147912605612 -0.000323813254642 0.0166812120391 0.00843664829056 0.00302047624643 -0.00309633959351 0.00912231772099 0.0128719090256 
0.00469880220096 0.00543456793566 0.0443781862693 0.0171060139884 -0.00369198329539 0.0197269559858 0.000815788055588 0.00718693854033 -0.00304105213836 0.0393753219354 0.00431445318797 0.0236268443112 -0.00146655757063 0.0345420114516 0.0240765761259 -0.00732544748234 -0.00480763940316 0.0229988705245 0.00203352294671 0.0333684437109 0.0133004237986 0.00440545609711 0.00428419024778 0.0165440990854 0.00546372044747 0.0156613815654 0.0116406942446 0.438220844281 -0.00940616817811 0.00115689526474 -9.00937972981e-05 0.0160373741136 0.00479531741039 0.014775728215 0.0324464708905 0.00972547739441 0.00914095946984 0.0189949236896 0.0322750555585 0.00486972859281 0.0136579197383 0.0149680650424 -0.00888523385014 -0.00753887678675 0.00657009545395 0.0117155058481 0.0052291029643 0.0139384050712 0.0128346406717 0.00417237159867 0.00392439309752 0.0333786800655 0.00853425334189 -0.00232774609705 0.022675661228 7.88484425233e-05 0.00395274751857 -0.0084292230405 0.0367877613213 0.0229400883859 
-0.0138272961355 -0.0104404221324 0.00566474118682 -0.00890372989663 -0.00845604617301 -0.000684193314333 -0.0122187161424 -0.00220807113808 -0.0159453069398 -0.00351334071066 0.00624278028206 0.0150850965206 0.00953254020311 0.00378200873162 -0.0222646422015 0.00581217639766 -0.00843366869161 0.00270713119328 0.0309633334979 0.0207486467361 -0.00747807304136 0.00446244950379 0.00129737547033 0.0134993828642 0.00848191016588 -0.00135049361488 -0.00432734511222 -0.00940616817811 1.13789346902 -0.00445825973156 0.00310574334378 0.00463344460008 0.012840547917 0.0122604867918 0.0147144747691 -0.000887142098644 0.0126561824896 -0.0110654713293 -0.00828904090555 0.00381644003121 0.00382647207261 0.0246913305176 -0.00109042412825 -0.00330400858556 0.00654273476178 0.00852558039775 -0.00649988937674 -0.00351746854052 -0.00304387913294 0.00553027506303 -0.00354492962084 0.0091331856795 -0.0111478158567 0.00486964526535 -0.00120664348616 -0.00630740576642 -0.000833028077865 0.00800020486769 -0.00139179138179 0.00426272967313 
0.024464795337 0.00818803984175 0.031961303193 0.0167744237736 0.0142985064725 0.00798288160177 0.0352187482667 0.0086713675654 0.0419407926851 0.0152408026977 0.00630839998265 0.00686978371742 0.00366257800767 0.0312134482339 0.0188570395135 0.0201313133064 0.0428534597159 0.0174145772751 0.0165959399489 0.0261500505748 0.0518460218617 0.0238575775476 0.00495484035823 0.0185230962324 0.0247403138997 0.0241246191319 0.0149302116034 0.00115689526474 -0.00445825973156 0.33313063716 0.0121253501119 0.00619239300608 0.0140125076462 0.0272064633394 0.0153593933588 0.0331407622272 0.0248741951138 0.0112636933326 0.0217874274251 0.0645328659941 0.0236154438983 0.00148996733767 0.0119032702846 -0.0144480859727 0.0193432442419 0.0237347049599 0.0310463094154 0.0502448652806 0.00801726631242 0.00348212795615 0.0168365700139 0.00179921715616 0.0238693746362 0.0215305703389 0.00990448180876 0.0338757833367 0.0368578460785 0.00894609192933 0.0126702295918 0.0192371666704 
0.01198279447 0.0098293087729 0.0156666392453 0.000768774625449 0.0126700786517 0.0277098527878 0.00931351772313 0.00931002354313 0.0192863731308 0.0230027692356 0.00654639145874 0.0136040230319 0.00541415193115 0.0628761461968 0.00827753998211 0.0178688595564 0.0297009339518 0.011976247351 0.0272086449419 0.0370404360394 0.00873452619008 0.00625462963743 0.029910331306 0.0190980190912 0.00919024627106 0.0313533096949 0.0102704685385 -9.00937972985e-05 0.00310574334378 0.0121253501119 0.413961655838 0.0455234114231 -0.00361753610723 0.0349449790602 0.0322357987497 0.00803007556543 0.032780704971 0.0161049258713 -0.0096729784256 0.0221550100527 0.0026308862108 0.0095769407037 0.0137500049869 0.0081728233838 0.00913776621868 0.0248394629002 0.00967746054516 0.018005583621 0.00679400416344 -0.00385604051961 0.00838623900008 0.00715619760294 0.00351041295793 -0.00191801415694 0.000363240602206 -0.00520885925678 0.00870000178509 0.0316207160096 0.00424545848837 0.0141482550716 
0.0133882112807 0.00981857096616 0.0151800973743 0.00707174622815 0.0211762122918 0.0147341169208 0.032484423016 0.0059305927886 0.00902119509072 0.00654894702295 0.00509495989499 0.0211347032069 0.0108838676056 0.025744821223 0.013069133767 0.0205297330172 0.0185970904104 0.00510997754245 0.00265462428629 0.00779266061657 0.00126711960996 0.00288544509378 0.0153873427346 0.0151677829978 0.00649340667074 0.0392184390618 0.0110914111854 0.0160373741136 0.00463344460008 0.00619239300608 0.0455234114231 0.198036791669 0.00378185880285 0.0147709602222 0.00782152124234 0.00588558158824 0.026156323347 0.0109017336125 0.0166180737395 0.0117682741948 0.0161400791178 0.00514684394677 0.0180981409798 0.0132972444083 0.0100986972917 0.0267994011635 0.0140259953252 0.0145208556696 0.023943773352 0.0125172094608 0.026052865212 0.0105532824239 0.00244568557834 0.00435083800679 0.0133716067231 0.0113565408804 0.0104604842987 0.0117344212875 0.00540566838404 -0.000300768249295 
0.010326861615 0.00244176748828 0.015672367545 0.00745706894107 0.00877271005756 0.0162321708474 0.022947676684 0.00692064326807 0.00454944747764 0.00457658642556 0.0350591248222 0.0386733507807 -0.00214498196544 0.00829325215324 0.00815810782318 0.00591277382633 0.0182110170593 0.0119080272897 -0.00233379208089 0.0102459945606 0.00646799316588 0.00795134606117 0.0436690084025 0.00857083115015 0.0185583712039 0.0140921334787 -0.00290977483356 0.00479531741039 0.012840547917 0.0140125076462 -0.00361753610723 0.00378185880285 0.189379354638 0.00263361299135 0.0351397246517 0.0140071681552 0.00541567829015 0.0126643654825 -0.00129998574315 -0.0149176825806 0.00545221744267 0.0234660986527 0.0183951980638 0.000851315013096 0.0135354347132 0.0135200684988 0.0186962828748 0.0213034963131 0.00217454057769 0.0463730873352 0.00806577057491 0.00807289296798 -0.0109236427467 0.00713864582909 0.00373801210318 0.0118114677475 0.0437155126867 0.0279617568097 0.0113483473845 0.00607779166266 
0.0144282129477 0.00973316549024 0.0720698693759 -0.000370753791608 -0.00852396728275 -0.00304811814549 0.00947842985519 0.00249031730571 0.0086532941946 0.00738243499683 0.00783016309084 0.00349703723365 0.0102284139726 0.0552819064796 0.00140785779364 0.00713572474568 0.0273787398015 -0.00224642451188 0.00479893589338 0.0146472467217 0.0295668673721 0.00349485694516 0.0445897956889 -0.00102209680132 0.00994015717729 0.0409840232156 0.0115298641912 0.014775728215 0.0122604867918 0.0272064633394 0.0349449790602 0.0147709602222 0.00263361299135 0.348568302239 0.0237933643261 0.0154957721283 0.0319273152989 0.0127963926746 0.0162356009933 4.42455881477e-05 0.00516619118066 0.0156475301336 0.0150112822372 0.0103983641975 0.0305413559691 0.0371492625521 0.00627816082637 0.0200473271992 0.000587573985284 0.0227233521953 0.00412802947399 0.0157811759864 0.0166066555948 0.0168096564851 0.0136577521961 0.026744116257 0.00805328384774 0.0346041799525 0.00917137720152 0.0161912160696 
0.026339209777 -0.000217437994613 0.0487395325457 0.00377241241614 -0.00940107439198 0.0135792487102 -0.00472723573597 0.0258698517235 0.0203303936481 0.0232858891309 0.0184103410538 0.0713878589459 0.0347479144177 0.0197203071547 0.0181460457264 0.0126004634537 0.025529867376 0.0161809284935 0.0100847192341 0.0805152064798 0.0453084836125 0.0060819328931 0.181392017707 0.00637865072753 0.00563945986407 0.0370492295629 0.00618106378508 0.0324464708905 0.0147144747691 0.0153593933588 0.0322357987497 0.00782152124234 0.0351397246517 0.0237933643261 0.433343405527 0.00529954191759 0.0131758654067 0.016326038942 0.0100082938341 0.00645931095601 0.0256650297592 0.0103575180149 0.0115143379038 -0.00292804888505 0.0256779662804 0.0225324965153 0.00264320086582 0.0185562170986 -0.000849934974642 0.0105677889138 0.0153063368182 0.021608863411 -0.0160495200096 0.00602817903904 0.00545874600531 0.0429970553918 0.0362601358296 0.155775392408 0.0112925854139 0.00383125770465 
0.0121269367253 0.0231756542515 0.0254180856579 0.0376547439944 0.0160413634865 0.0202937120921 0.0161309443271 0.0365525558755 0.0109371551469 0.00249768772397 0.00257841283457 0.000523110686625 0.0148587090789 0.0161708626206 0.0165958707176 0.00802438980513 0.0163886606478 0.0145876693995 0.0105444981563 0.0284806708996 0.0212634200646 0.034121151165 0.001954835578 -0.00100243450944 0.0110831392903 0.019496952059 0.00744834860097 0.00972547739441 -0.000887142098644 0.0331407622272 0.00803007556543 0.00588558158824 0.0140071681552 0.0154957721283 0.00529954191759 0.226006765851 0.0374559056922 0.00939860915068 0.0271777809142 0.0181849426544 0.0240031511019 0.00263017393733 0.00227350550291 0.0145690407245 0.0187870675226 0.00643275810945 0.011540049917 0.0289225809278 0.000853168779305 0.0142068438098 0.0135403276297 0.0146563037874 0.0104515170156 -0.00519526052296 0.0195482875069 0.00832902158678 0.00160286642758 -0.00506361963103 0.00699372954139 0.0103141875238 
-0.00768929517659 0.0105585408149 0.0268226158966 0.00588533024505 0.00522467432701 0.0180498515824 -0.010097955736 0.0289385534523 0.00710851746247 0.00986798201595 0.00447131172177 0.0343862412158 0.00154891968334 0.0824103152913 0.0152486666602 0.0174853594772 0.0110970569028 0.0110802578384 0.0112321919357 0.0340438881114 0.0365451333573 0.0102016525164 0.0411927014256 0.015813352189 0.00875282167344 0.0213012623819 -0.00617959930986 0.00914095946984 0.0126561824896 0.0248741951138 0.032780704971 0.026156323347 0.00541567829015 0.0319273152989 0.0131758654067 0.0374559056922 0.496403908082 0.0167629647369 0.0201630511356 0.0245356979362 0.0284980744147 0.00900128906116 0.021898261992 0.00424658145847 0.0307267714793 0.0304053838742 0.01764167955 0.0248778699813 0.00285418960976 0.00948840584833 0.0146556637515 0.010522125435 0.0105930703837 0.0143070405082 -0.00151640206784 -0.00497916951549 0.0322342579097 0.024269056349 0.0234860633725 0.0177698498677 
0.0186607179127 0.00967256864414 0.019259463963 -0.000582404891111 0.0091182074121 0.00254035901697 0.00972606589433 0.0183204598484 0.0136682138979 0.0077062914683 0.00891991062483 0.0155912594259 0.0146483553782 0.017839184307 0.0116819752217 0.00621458517061 -0.0202227937975 0.0191638889581 0.00710716819241 0.0153381204813 0.0248124377905 0.00276317812288 0.01796039671 0.0098088261886 0.0190281435568 0.0259910216648 0.0120716577879 0.0189949236896 -0.0110654713293 0.0112636933326 0.0161049258713 0.0109017336125 0.0126643654825 0.0127963926746 0.016326038942 0.00939860915068 0.0167629647369 0.23918896696 0.00466016320349 0.0220573363819 0.0323052267886 0.00681514513444 0.00372364114679 -0.00759723686669 0.0110005825697 0.0126438081922 0.0217898545151 0.0172153353569 0.00741334746533 0.0158872393277 0.0101156503665 0.00736654874528 0.0149739065103 0.00720182800208 0.0114666637614 0.0378175752085 0.0109978885326 0.0137117421994 0.00985030545496 0.00791272473003 
0.0292010781759 0.00518174496359 0.0452694227788 0.00579472894563 0.0177526400102 0.0161791186697 0.0152645454741 0.00286580266026 0.0187357670481 0.00366662394192 0.00917323692552 0.0264572531558 0.00125314308864 0.0325294424812 0.0179150561894 0.0132756197062 0.0252934628229 0.0179940012081 0.00848903666681 0.0457257599981 0.02846118699 0.0128729301112 0.0153900556524 0.0146523961643 0.0249340381755 0.0204493256124 0.00182822126977 0.0322750555585 -0.00828904090555 0.0217874274251 -0.0096729784256 0.0166180737395 -0.00129998574315 0.0162356009933 0.0100082938341 0.0271777809142 0.0201630511356 0.00466016320349 0.194839557306 0.0252244913294 0.0202623272654 0.0167540467608 0.00846235958871 0.00107571427308 0.0205419914726 0.013826067383 0.0038320906434 0.0264675628031 0.00607744412531 0.0154058351169 0.0102065443139 0.00211700482031 0.00323731594252 0.0140296183631 0.00809417024552 0.0131731641773 0.0113849493627 0.00568568146407 0.0203566139194 0.0064254575206 
