20
0.037496284255 0.0335346879574 0.060830846045 0.0542920038725 0.02736418452 0.128413882411 0.0297209295042 0.192324736986 0.0135350028622 0.0157982173188 0.123926899062 0.169485482474 0.0426672552596 0.0276848810082 0.101481112582 0.066200000993 0.188050706821 0.0487859931196 0.0669692816613 0.0146510565804 
0.250508902884 0.0200728899125 0.0375650480288 0.0202984282322 0.0288914874673 0.0165789888552 0.0115923765519 0.0469253281321 0.0282063200186 0.00963496893013 0.0152466361738 0.027571912126 0.0260872366356 0.0402692976934 0.00612912401843 0.0347319526468 0.0319828634068 0.0175116298322 0.0350675917066 0.0268819308939 
0.0200728899125 0.244861054142 0.017413885479 0.01391564095 0.0278956627636 0.0114610910699 0.00492918127222 0.0300385243869 0.0151084445765 0.0137453824842 -0.0167690677509 0.00535916657169 0.0173624962627 0.0065437693051 0.00100080995628 0.0143383622321 0.00281277432044 0.00786119413254 0.0120916461536 0.0121032994405 
0.0375650480288 0.017413885479 0.306011718548 0.0220571414399 0.0208442964197 0.0289440219097 0.0136582824143 0.0530524389119 0.0332507026767 0.00585567585425 0.0299792667309 0.0193231725982 0.0328063579463 0.0318107271877 0.0191601259505 0.017172733896 0.0561935955871 0.0442844388627 0.040468001456 0.0235234161974 
0.0202984282322 0.01391564095 0.0220571414399 0.286797620514 0.0190532772401 0.00968429772466 0.0176079932749 0.0417631598295 0.0152250090679 0.00266537383652 0.0463160934498 0.00304083509842 0.0294756828787 0.0182784541279 0.0304042047273 0.0209767509832 0.026073566178 0.0186462194595 0.0324354406413 0.0113213340292 
0.0288914874673 0.0278956627636 0.0208442964197 0.0190532772401 0.200733196603 0.0451187996026 0.00687536506049 0.0642669024599 0.0219224718671 0.0218366460239 0.00604723143618 0.0108785608184 0.0255450946559 0.0162730102211 -0.0121147910493 0.0297390029593 0.010626385929 0.0201505942667 0.0107546747844 0.015395841501 
0.0165789888552 0.0114610910699 0.0289440219097 0.00968429772466 0.0451187996026 0.487863446418 0.000846284161077 0.155913384505 0.0298870301918 -0.00306549902013 0.0505244557404 0.0422677840361 0.0308916599584 0.012051268778 0.0422865521788 0.0469814010049 0.0341652449524 0.0463984274962 0.0329240323863 -0.000329209171853 
0.0115923765519 0.00492918127222 0.0136582824143 0.0176079932749 0.00687536506049 0.000846284161077 0.222616237107 0.00248848533099 -0.000151629050067 0.0282333514986 0.0244565700658 -0.00774377190778 0.016972129497 0.0269797075817 0.00714950000234 0.000316065217233 0.00156565391511 0.00655068783749 0.0236169072729 0.00938441925565 
0.0469253281321 0.0300385243869 0.0530524389119 0.0417631598295 0.0642669024599 0.155913384505 0.00248848533099 0.674513973145 0.0231212817126 0.0208417329426 0.0365804959227 0.0726262094511 0.0504634946232 0.0394881159652 0.0287925640335 0.0156158777869 0.0890307639459 0.0312610761506 0.0551273398136 0.0240660028924 
0.0282063200186 0.0151084445765 0.0332507026767 0.0152250090679 0.0219224718671 0.0298870301918 -0.000151629050067 0.0231212817126 0.207082711745 0.0152980920413 0.024761871333 0.0116258528516 0.0176821432467 0.0186327801192 0.00773200520285 0.0330462553506 0.0160117189401 0.0217957951128 0.0271017627377 0.0237202408313 
0.00963496893013 0.0137453824842 0.00585567585425 0.00266537383652 0.0218366460239 -0.00306549902013 0.0282333514986 0.0208417329426 0.0152980920413 0.239464118443 -0.00285257260031 0.00813152881528 0.0164446751021 0.0112611865391 0.00607985255795 0.0330206821245 0.0203152390988 0.00415364301543 0.00318993115019 0.0182175317931 
0.0152466361738 -0.0167690677509 0.0299792667309 0.0463160934498 0.00604723143618 0.0505244557404 0.0244565700658 0.0365804959227 0.024761871333 -0.00285257260031 0.90516485032 0.0143114604634 0.00555770990257 0.025861762649 0.0197139669192 0.0137125085107 0.0829650073825 0.0294829125221 -0.0100673310048 0.00867726910067 
0.027571912126 0.00535916657169 0.0193231725982 0.00304083509842 0.0108785608184 0.0422677840361 -0.00774377190778 0.0726262094511 0.0116258528516 0.00813152881528 0.0143114604634 0.67941963918 0.00513712092452 0.00261568481565 0.0196754566964 0.0452904730716 -0.0101093791202 0.0254754389325 0.0104891851866 0.00208480654284 
0.0260872366356 0.0173624962627 0.0328063579463 0.0294756828787 0.0255450946559 0.0308916599584 0.016972129497 0.0504634946232 0.0176821432467 0.0164446751021 0.00555770990257 0.00513712092452 0.216297537594 0.0441019236918 0.0107499203408 0.0350498068979 0.0239941392835 0.00670663559705 0.0281490675064 0.0238009623844 
0.0402692976934 0.0065437693051 0.0318107271877 0.0182784541279 0.0162730102211 0.012051268778 0.0269797075817 0.0394881159652 0.0186327801192 0.0112611865391 0.025861762649 0.00261568481565 0.0441019236918 0.261135221045 -0.00957798824753 0.0185041539254 0.0235470665383 0.0311540178372 0.0382116552677 0.0276813971691 
0.00612912401843 0.00100080995628 0.0191601259505 0.0304042047273 -0.0121147910493 0.0422865521788 0.00714950000234 0.0287925640335 0.00773200520285 0.00607985255795 0.0197139669192 0.0196754566964 0.0107499203408 -0.00957798824753 0.927263222428 0.0100448294119 0.0179462774763 0.0108541712423 0.0336279353027 0.0151470038004 
0.0347319526468 0.0143383622321 0.017172733896 0.0209767509832 0.0297390029593 0.0469814010049 0.000316065217233 0.0156158777869 0.0330462553506 0.0330206821245 0.0137125085107 0.0452904730716 0.0350498068979 0.0185041539254 0.0100448294119 0.652899333168 0.00782390803748 0.0439928652875 0.032185025882 0.0226206376541 
0.0319828634068 0.00281277432044 0.0561935955871 0.026073566178 0.010626385929 0.0341652449524 0.00156565391511 0.0890307639459 0.0160117189401 0.0203152390988 0.0829650073825 -0.0101093791202 0.0239941392835 0.0235470665383 0.0179462774764 0.00782390803748 1.01507786813 0.00278948185934 0.0398722353399 0.031208440779 
0.0175116298322 0.00786119413254 0.0442844388627 0.0186462194595 0.0201505942667 0.0463984274962 0.00655068783749 0.0312610761506 0.0217957951128 0.00415364301543 0.0294829125221 0.0254754389325 0.00670663559705 0.0311540178372 0.0108541712423 0.0439928652875 0.00278948185934 0.455229648842 0.0162547917009 0.0206469640514 
0.0350675917066 0.0120916461536 0.040468001456 0.0324354406413 0.0107546747844 0.0329240323863 0.0236169072729 0.0551273398136 0.0271017627377 0.00318993115019 -0.0100673310048 0.0104891851866 0.0281490675064 0.0382116552677 0.0336279353027 0.032185025882 0.0398722353399 0.0162547917009 0.487629319439 0.00673295256148 
0.0268819308939 0.0121032994405 0.0235234161974 0.0113213340292 0.015395841501 -0.000329209171853 0.00938441925565 0.0240660028924 0.0237202408313 0.0182175317931 0.00867726910067 0.00208480654284 0.0238009623844 0.0276813971691 0.0151470038004 0.0226206376541 0.031208440779 0.0206469640514 0.00673295256148 0.156689885229 

['HIG', 'BAX', 'TROW', 'ORCL', 'DUK', 'HAL', 'TAP', 'FCX', 'CTAS', 'HSY', 'CSC', 'ADM', 'VNO', 'COF', 'CSCO', 'AVP', 'MNST', 'BMET', 'EK', 'GE']