20
0.192324736986 0.0289058353667 0.0192488530763 0.02736418452 0.0270000307956 0.0388241127613 0.0514292405054 0.0843714281037 0.0788996306534 0.040534814632 0.0896788789081 0.0131635076039 0.042606905642 0.0256345374975 0.0378808118353 0.0549811443135 0.147407151382 0.0267221777707 0.0276848810082 0.104903250727 
0.670843146378 0.0406795226687 0.0224336862264 0.0624487485777 0.0396222394231 0.0314371286237 0.0722622268787 0.0427822224272 0.0146559287825 0.0113463863614 0.0559354088232 0.0199925714308 0.056412480034 0.0189483722037 0.0396131510565 0.0283515620009 0.146152586339 0.044823961744 0.0387777983869 0.126495570947 
0.0406795226687 0.240705520349 0.0135341246458 0.0188697969952 0.0260215073399 0.0400725811417 0.0364797391384 0.00816832587539 0.0106952930131 -0.0035292714501 0.0402853680028 0.0164845309052 0.042050457117 0.0143823749232 0.0395498023982 0.0129597017937 -0.00566710308714 0.0372477817274 0.0342634365619 0.0314459565877 
0.0224336862264 0.0135341246458 0.147119558817 0.0141124936486 0.0153042525235 0.0101148324348 0.014367900302 0.00279254029838 0.00230942125474 0.00540438921744 0.019254985856 0.0167185798664 0.0185818753541 0.022181882548 0.0050256846843 0.00486011082666 0.00165814965591 0.0220088505027 0.0126144185172 0.0133360157953 
0.0624487485777 0.0188697969952 0.0141124936486 0.195669213762 0.0123283638351 0.0145352254123 0.0336539833044 0.0174321873823 0.0046489696764 0.0209082730886 0.0215405819975 0.0577436911993 0.0181287082153 0.0209944521695 0.0153684939686 0.00370144531428 0.0293937271569 0.0349982755957 0.0149837205532 0.0268128726367 
0.0396222394231 0.0260215073399 0.0153042525235 0.0123283638351 0.229731092368 0.0272449061805 0.0343898628705 0.00961181811971 0.0134245854713 0.0050257508056 0.0218359899484 0.00811115077949 0.033934078956 0.0157735081884 0.0273139148271 0.0279438841288 0.0296156161534 0.020013676561 0.0260179019119 0.0438281748195 
0.0314371286237 0.0400725811417 0.0101148324348 0.0145352254123 0.0272449061805 0.198709292438 0.0314629193579 0.0110106558419 0.00682307795244 -0.00300234447229 0.0295494434627 0.00449493748016 0.0114938716637 0.0151053115024 0.0193285944271 0.0179298972731 0.00365212492472 0.0169058305995 0.023328024739 0.0308487412298 
0.0722622268787 0.0364797391384 0.014367900302 0.0336539833044 0.0343898628705 0.0314629193579 0.218846035385 0.0229867197189 0.00865636928083 -0.0107382690882 0.0300134804237 0.0314645689079 0.0298013317641 0.0143742904892 0.0404735477961 0.0148587888102 0.0272719353479 0.0336574478168 0.0312004065582 0.0448478607904 
0.0427822224272 0.00816832587539 0.00279254029838 0.0174321873823 0.00961181811971 0.0110106558419 0.0229867197189 0.867258576779 0.00705339667366 -0.00256303559127 0.0165972356941 0.0132389747983 0.0560235757671 0.00886316807839 0.0105148347265 0.0200560081694 0.00670797980869 0.0196751377058 0.00904184932296 0.0248047094137 
0.0146559287825 0.0106952930131 0.00230942125474 0.0046489696764 0.0134245854713 0.00682307795244 0.00865636928083 0.00705339667366 0.760750460326 -0.00493146982918 0.00471001942612 -0.00187752969988 0.00622507609612 0.00157912080603 0.00523114224999 0.00360287671919 0.0244975381862 -0.00526053086495 0.0217177695191 -0.000110459318919 
0.0113463863614 -0.0035292714501 0.00540438921744 0.0209082730886 0.0050257508056 -0.00300234447229 -0.0107382690882 -0.00256303559127 -0.00493146982918 0.534982814348 -0.00676432739295 0.0139664590731 0.00248164140269 0.0103604872982 -0.00253309762627 0.0079434654127 0.0113572027309 0.0399969242145 0.00263731293341 0.0120716483088 
0.0559354088232 0.0402853680028 0.019254985856 0.0215405819975 0.0218359899485 0.0295494434627 0.0300134804237 0.0165972356941 0.00471001942612 -0.00676432739295 0.567098050561 0.016447732208 0.0237723043306 0.00990411498488 0.0400574878968 0.0395237787426 0.0271724727564 0.0258686329996 0.0285457202087 0.0443171100203 
0.0199925714308 0.0164845309052 0.0167185798664 0.0577436911993 0.00811115077949 0.00449493748016 0.0314645689079 0.0132389747983 -0.00187752969988 0.0139664590731 0.016447732208 0.159863068316 0.00980393300405 0.00775792540384 0.0192181091451 -0.00206166298596 0.0260712740669 0.0453867481678 0.0265220427606 0.00502749865325 
0.056412480034 0.042050457117 0.0185818753541 0.0181287082153 0.033934078956 0.0114938716637 0.0298013317641 0.0560235757671 0.00622507609612 0.00248164140269 0.0237723043306 0.00980393300405 0.254266562045 0.0197978855282 0.0236053091825 0.0249883755159 0.0177266889913 0.0196918510929 0.0264564549851 0.0405560501757 
0.0189483722037 0.0143823749232 0.022181882548 0.0209944521695 0.0157735081884 0.0151053115024 0.0143742904892 0.00886316807839 0.00157912080603 0.0103604872982 0.00990411498488 0.00775792540384 0.0197978855282 0.183358556351 0.0168516864596 0.0312085500664 0.0193911454794 0.0189850008428 0.024637727666 0.0290011821239 
0.0396131510565 0.0395498023982 0.0050256846843 0.0153684939686 0.0273139148271 0.0193285944271 0.0404735477961 0.0105148347265 0.00523114224999 -0.00253309762627 0.0400574878968 0.0192181091451 0.0236053091825 0.0168516864596 0.204796368617 0.00863588608862 0.0136937296289 0.0220368185148 0.0299153784441 0.0284614551534 
0.0283515620009 0.0129597017937 0.00486011082666 0.00370144531428 0.0279438841288 0.0179298972731 0.0148587888102 0.0200560081694 0.00360287671919 0.0079434654127 0.0395237787426 -0.00206166298596 0.0249883755159 0.0312085500664 0.00863588608862 0.449735173243 0.0123215085957 0.0136131646819 0.0078589039003 0.0263400573128 
0.146152586339 -0.00566710308714 0.00165814965591 0.0293937271569 0.0296156161534 0.00365212492472 0.0272719353479 0.00670797980869 0.0244975381862 0.0113572027309 0.0271724727564 0.0260712740669 0.0177266889913 0.0193911454794 0.0136937296289 0.0123215085957 0.563343636825 0.0389706334251 -0.00392887218588 0.0549865750009 
0.044823961744 0.0372477817274 0.0220088505027 0.0349982755957 0.020013676561 0.0169058305995 0.0336574478168 0.0196751377058 -0.00526053086495 0.0399969242145 0.0258686329996 0.0453867481678 0.0196918510929 0.0189850008428 0.0220368185148 0.0136131646819 0.0389706334251 0.19007457015 0.0227795768871 0.0238852169264 
0.0387777983869 0.0342634365619 0.0126144185172 0.0149837205532 0.0260179019119 0.023328024739 0.0312004065582 0.00904184932296 0.0217177695191 0.00263731293341 0.0285457202087 0.0265220427606 0.0264564549851 0.024637727666 0.0299153784441 0.0078589039003 -0.00392887218588 0.0227795768871 0.263822760946 0.0380067704927 
0.126495570947 0.0314459565877 0.0133360157953 0.0268128726367 0.0438281748195 0.0308487412298 0.0448478607904 0.0248047094137 -0.000110459318919 0.0120716483088 0.0443171100203 0.00502749865325 0.0405560501757 0.0290011821239 0.0284614551534 0.0263400573128 0.0549865750009 0.0238852169264 0.0380067704927 0.471043468709 

['FCX', 'STA', 'K', 'DUK', 'ITW', 'ABK', 'MER', 'WAT', 'JNY', 'KSE', 'XLNX', 'AEE', 'UTX', 'PG', 'LNC', 'MIL', 'SUN', 'GAS', 'COF', 'MON']