60
0.0664901393557 0.0210495138202 0.0206012582373 0.0791308905459 0.0347696809731 0.0282353637115 0.0646745186267 0.025657065471 0.0850489592031 0.0621529110589 0.0151091702759 0.0764707668379 0.0472748306646 0.0144645316835 0.0449680709256 0.116671338284 0.0280903462606 0.0304536481296 0.148705689344 0.0471087328402 0.0247746242904 0.043075945187 0.0692922129373 0.135299445153 0.0162851568228 0.0629738483482 0.0970140476379 0.0538205376978 0.0231907610599 0.0576577356707 0.0631330997176 0.104005811155 0.103194060275 0.0782010317916 0.242072249725 0.275379497042 0.0179151897049 0.0263662592882 0.0124927962784 0.0146510565804 0.0448250845436 0.0535662105727 0.0678674292734 0.0278380444533 0.0335830315084 0.0131635076039 0.169485482474 0.0534443631468 0.0255776045185 0.143584613331 0.0645874353538 0.0297585566085 0.0594494044175 0.0267221777707 0.0559549201136 0.0231877092109 0.0708595176859 0.0933125666969 0.0773240107923 0.044344522835 
0.339165128106 0.00627190053162 0.0149083777311 0.0196579247776 0.0113660118751 0.0264950141378 0.0346974959538 0.0270890815171 0.0266977867587 0.00695358245303 0.0207402977515 0.0175908173747 0.00437067032652 0.0169798059067 0.0291352211771 0.0303225944716 0.0498601782303 0.0370661797419 -0.00145811541537 0.00898893607338 0.0141236941804 0.0265481772235 0.0192009443099 -0.0191821315694 0.0193675703658 -0.00280484872313 0.0723562332217 0.0887805991126 0.0117876651572 0.0110131264131 0.0138902176181 0.045224243439 0.0281591804305 0.0101466958953 0.0479460968429 -0.00537345039653 0.0150736968149 0.0452375045621 0.019621008634 0.0208539932449 0.0420052118523 0.0360265665878 0.0147589156395 0.0144019003153 0.011880521918 0.0147780429305 0.015229350426 0.0285621654388 0.00986262699712 0.0125300752487 0.0211370082015 0.0158119593921 0.037017829853 0.0258870744743 0.0308942469373 0.00681729433922 0.0345881355304 0.0236601861235 0.0505899064582 0.0250097229823 
0.00627190053162 0.319484569826 0.00646727106193 0.00120910124733 0.00234885458186 0.00147437835749 0.0189721993055 0.012739443755 0.0126979101472 0.00334067031905 0.00542623829037 0.00908330460438 0.0114327031104 -0.0013347894989 0.0144730286084 0.00168980788444 0.00382729493804 0.0102866595261 0.00495312431013 0.00793814890907 0.0124057677265 0.00873531409602 0.0127989021591 -0.00751209673268 0.00880246407866 0.00328065529434 0.0249246493106 0.00383928769214 0.0145290676796 0.0116460067411 0.0130548172368 0.0264003426644 0.0148517152981 0.0457431269993 0.00336555785856 0.0286238110664 0.0096408308475 0.0138738456325 -0.0032810779107 0.00177765058598 0.00493858438928 0.00900070527915 0.0243249766107 0.0185570967192 0.00281624893293 0.020964516181 0.00619304202241 0.0143750448109 0.0142499944136 0.00828263508978 0.010925841463 0.00876717329707 0.0252518641745 0.00834502833151 -0.0111786188772 0.0184481118296 0.0249126709079 0.00440147027957 0.0313969023034 0.00833792437255 
0.0149083777311 0.00646727106192 0.181170163247 0.00177893935721 0.0143413581794 0.0186525034383 0.0135069704888 0.0276438704209 0.00980610985248 0.00835356853821 0.010108773576 0.00953987915608 0.0169643756039 0.0172657811999 0.00923130765564 0.00355970565161 0.00902726935321 0.000609293616976 0.0296658694232 0.0160254699583 0.0150929344507 0.00782983758542 0.0235999034504 0.0303708407458 0.00264694259552 0.016463350701 0.0101661979421 0.0051249980371 0.0132459892496 0.00922806272127 0.0218035221716 0.0248502098945 0.0322466911853 0.0151753792423 0.033176818534 -0.00976410758893 0.0125019883955 0.0237543183529 0.0211640163608 0.0149319975822 0.0104909532818 0.0107712981486 0.00380585387481 0.00506726253022 0.0077679174002 0.0043003306982 0.00977672066392 0.0173346449897 0.00156239390452 0.0135108787943 -0.00113120008966 0.00749675684936 0.023133513897 0.00792407777591 0.0340200671244 0.0182394698979 0.0186461661101 0.00250082598418 0.0295371733649 0.0201054549011 
0.0196579247776 0.00120910124733 0.00177893935721 0.615345804047 0.00516073377258 0.00538696901077 0.00500307110222 0.00676793191394 0.01858808424 -0.00907022202946 0.00876581589349 0.00731151564242 0.0274889422786 0.015139202966 -0.00312889055632 0.060595547163 0.0227837402774 0.0137393398164 -0.00267534347417 0.0129896382319 0.04163287192 0.0118648185452 0.035745239318 0.0169548247678 -0.000269486866299 0.000246009855598 0.0127203828717 0.0114191597133 0.00446371244612 0.00572638730258 0.0240734636316 0.0174559835208 -0.00726978559186 0.0331658510498 -0.00773332834788 -0.00308889813552 0.00317708469988 0.00855229034873 0.0080993797213 0.014475924624 0.00438003954325 0.00137207911229 0.0287499689924 -0.0020962832972 0.0283348601357 0.0116570777688 0.014759524992 0.00137547599139 0.0172807293579 0.00187496939872 0.0141185972898 -0.0054442428989 -0.0047611500096 -0.00230463959649 0.0181295106685 0.00732367312169 -0.00177950354482 -0.0160466131799 0.0102113138768 0.000265787075904 
0.0113660118751 0.00234885458187 0.0143413581794 0.00516073377259 0.221275252407 0.0054724461498 -0.000248406843043 0.00702674585636 0.0133342536269 0.00506379064171 0.00929723943228 0.0223677837555 0.0176771768197 0.00899329356123 0.0146174588009 0.0170500011596 0.0217964076294 0.0128648535814 0.0111794272131 0.00988559846557 0.0142518062823 0.00776759234711 0.030727231998 0.0195270173567 0.01063009895 0.0233787049021 0.0146335803003 0.0110533831286 0.0266576620532 0.00803110548627 0.0420896513848 0.0393586945394 0.055475231038 0.00618147269974 0.0456917812502 -0.0179259043138 0.00665886528614 0.0167068445334 0.0148455384944 0.0201482496637 0.00565055456712 0.00699448020794 0.00822679733719 0.000137374278249 0.0190835627012 0.00932060376489 0.0162893072847 0.039805691009 0.00446796008377 0.0130502398569 0.0205184711621 0.0303222350166 0.0153584240979 0.0131061075053 0.0339964034299 0.0152036917914 0.00581316970473 0.0122714255522 0.0144560954822 0.0301576418694 
0.0264950141378 0.00147437835749 0.0186525034383 0.00538696901077 0.0054724461498 0.126764385264 0.0328297334728 0.0385532269175 0.0172585377852 0.0211260057841 0.0118730850948 0.0173946815478 0.00880985270635 0.00432944606579 0.00885326918124 0.0169626697764 0.037681263503 0.0424940559269 0.00643642693032 0.00716971019721 0.0154282464379 0.0325201059141 0.0152257676634 -0.000240075067874 0.0204528997619 -0.00359688741097 0.0365628601399 0.0291642732552 0.014295818001 0.0171652163505 0.00813980873766 0.0158312125479 0.0196127214519 0.0109913716336 0.0230692565483 0.00701601173285 0.0170250925344 0.0238304528035 0.0185553741965 0.0141005237415 0.00877989328333 0.0163111839845 0.0222185585597 0.0108024030352 0.0144350736403 0.0218601871112 0.00518197691847 0.00800757678645 0.0185330497275 0.00694405305561 0.00882851408442 0.0191379615779 0.0256616997882 0.0220567753911 0.0224704963082 0.00872963735736 0.0113212167508 0.00530595028371 0.0244342340233 0.011722876512 
0.0346974959538 0.0189721993055 0.0135069704888 0.00500307110222 -0.000248406843044 0.0328297334728 0.505744480763 0.0215189543523 0.00444049015426 0.00311578417948 0.00675065798845 0.0139873701075 -0.00541840080909 0.00319304926318 0.0091990511993 -0.00137083593543 0.00950155861431 0.0308344859203 0.0108881821134 0.018530912309 0.00880613925696 0.0219933755928 0.0170621678144 0.0510919498177 0.0177965693956 -0.0113524228685 0.0192026610408 0.0343925700727 0.0139977495292 0.0174767677288 0.00174025404785 0.00475346380671 -0.00914492044554 -0.00284633878824 0.0417628830214 -0.0148902083463 -0.00192440996749 0.0123370072236 -0.000164698608315 0.0106145107758 0.00630137446985 0.0267777538434 0.0163189668144 -0.00515625771547 0.000186262092031 0.00563007507805 0.011196217192 -0.0113679411279 0.00595003411196 0.0626753317193 0.00396107934674 -0.00903507358621 0.0238994725146 0.00890960178443 -0.00181634874949 0.0083865005037 0.0501537701656 -0.000538603136999 0.0224477181927 0.0371783534974 
0.0270890815171 0.012739443755 0.0276438704209 0.00676793191395 0.00702674585636 0.0385532269175 0.0215189543523 0.160230107545 0.0158570258902 0.00866415818924 0.0121495830861 0.0241258802047 0.0546722330348 0.00184882694561 0.023553501649 0.0133645605189 0.0403719610618 0.0414648093087 0.0106637629847 0.00705841828292 0.0156845027185 0.035103921789 0.0137093692563 0.00450416725769 0.0103441238697 0.00751985462152 0.0307047144313 0.030615872492 0.0229451838146 0.00732706990743 0.00165742735274 0.0176410220737 0.0225302604197 0.0100712537545 0.0152301993453 -0.000811811381651 0.00923103441395 0.0202303127414 0.0156131189065 0.0209858847804 0.0173754769627 0.0122457188803 0.0130006698687 0.0184218829892 0.00731348472485 0.0138032892191 0.00555409733107 0.00977149222679 0.0106530296214 -0.00093868009389 0.0134783315783 0.0230029979628 0.0510030665048 0.0264832919508 0.0307081578626 0.00118814700584 0.0170988239314 0.0102343162889 0.0352336049824 0.017826148036 
0.0266977867587 0.0126979101472 0.00980610985248 0.01858808424 0.0133342536269 0.0172585377852 0.00444049015426 0.0158570258902 0.714197021962 0.0108253766642 0.00206615784851 0.0522660357369 -0.00552019023031 0.0178240819533 0.00688516124978 0.010760573388 0.0055622593195 0.0053047622148 0.0507540248087 0.0335709174917 0.00802178164363 0.0233189231924 0.023092910447 0.0402277377978 0.014061224226 0.0114924196227 0.0508990696897 0.0194878562467 0.0255267835841 0.0240766254993 0.0145613341835 0.013546882494 0.0266750249497 0.0412052185181 0.0440622096609 -0.00242083352551 0.00329190938634 0.0366431561004 0.0204890748839 0.0149779344217 0.0204682814747 0.0390294257341 0.0181025541856 -0.0054784785927 0.0329941817591 0.00565419321829 0.00833077609131 0.0071375568238 0.0273953092961 0.0576636028878 -0.00166296350162 0.018843957308 0.0216696736095 0.00485703714665 0.0459928338487 0.0132518219768 0.0056310453974 0.0161458008161 0.0310874025336 0.00790331507475 
0.00695358245303 0.00334067031905 0.00835356853821 -0.00907022202946 0.00506379064171 0.0211260057841 0.00311578417948 0.00866415818924 0.0108253766642 0.312884768525 0.00643836931445 0.0418974753798 0.0147507011517 0.0172304555911 0.0141357682557 0.00529338172774 0.0189329665428 0.00948173924781 0.0336965871169 -0.00628227345748 0.0170137671946 0.00903819870128 0.0109696261274 -0.00496422507764 0.00932659843797 -0.0010262766663 0.0346175538135 0.0235190512178 0.00505578970882 0.0359642192462 0.0113333237408 0.0475073500929 0.013705752472 0.0122796325161 0.0309827193299 0.0229418817988 -0.00145617522341 0.0173410897891 0.0160204376305 0.0219664403059 0.0317668842018 0.0153350799281 0.057969309397 0.0227532857505 -0.00220132219814 -0.00749734872319 0.0234399342907 0.0260467452138 0.0011698664299 -0.00415099232198 0.0380841781497 0.0222238284072 0.026898638505 0.00624764673441 0.0194537731395 -0.00552393620881 0.00970153463194 -0.00943636816631 0.0408617208894 0.0102986767742 
0.0207402977515 0.00542623829037 0.010108773576 0.00876581589349 0.00929723943228 0.0118730850948 0.00675065798845 0.0121495830861 0.00206615784851 0.00643836931445 0.151988450923 -0.00396872512788 0.0107040232994 0.00545006726848 0.0178344061642 0.00615634633962 0.0179270329784 0.0157469359583 -0.00540887451259 0.0105225250717 0.0174016105651 0.00898972544844 0.0134054134924 0.00882156126761 0.00692875170195 0.00248603331583 0.0223847486982 0.0107023437879 0.00808408897529 0.00740333222699 -0.000989266672367 0.0161206181299 0.0127035441338 0.00483918850907 0.0273996587216 -0.00733412183088 0.00524927079041 0.01302802402 0.00937153108532 0.0157018760105 0.0143779621497 0.00899379557571 0.0274423523323 0.0196600049477 0.00654280887948 0.00992495039116 0.00946729240078 0.0177342290512 0.0099178970466 -0.00321599749116 -0.00356303788484 0.0124476474238 0.00748421366355 0.00467634465827 0.0240816540568 0.00260037083396 0.0125990019556 0.00463397830809 0.00905105404445 0.0181445305093 
0.0175908173747 0.00908330460438 0.00953987915608 0.00731151564242 0.0223677837555 0.0173946815478 0.0139873701075 0.0241258802047 0.0522660357369 0.0418974753798 -0.00396872512788 0.44010630498 0.0205759197055 0.0186839230537 0.0162980091609 0.0495994620816 0.00912575081517 0.0308374230377 0.016318158714 0.00229435348492 0.000257591095413 0.0202828373909 0.0147635294809 0.0202091073011 0.00127371920578 0.0014483010632 0.0628463474258 0.0160382538294 0.00771733702405 0.0196310151481 0.0388436140961 0.0359541696141 0.038517432951 0.0344309778896 0.0997786567722 -0.017939002916 0.00117820339654 0.0244767849671 0.00906692605481 0.00120728621028 0.0368469224288 0.0111281971971 0.0703088438131 0.00419538514048 0.0240566599453 -0.00121959955615 0.0133097123686 0.0301027007751 0.013658257445 0.0246734950553 0.0362763266355 0.0343822691209 0.0362682701067 0.0171520147192 0.0339165514556 0.00668785666246 0.0311245233042 0.0057767406275 0.0568947064364 0.0191213785835 
0.00437067032652 0.0114327031104 0.0169643756039 0.0274889422786 0.0176771768197 0.00880985270635 -0.00541840080908 0.0546722330348 -0.00552019023031 0.0147507011517 0.0107040232994 0.0205759197055 0.348763150106 0.00946548314754 0.0108254646546 -0.02058704883 -0.00558218407739 -0.00159525861837 -0.00150848368298 -0.0078307359198 -0.000773533665022 0.0121830669727 0.0159692744477 -0.00561676309445 0.0145024696101 -0.00442245148772 -0.00153656936207 -0.00647925569732 0.0167695625864 0.00970523198283 0.0041552088985 0.00426178969834 0.0123602487448 0.0137531216608 0.0150798827712 0.000828995608169 0.00454806255566 0.00164887457712 0.00419095686461 0.0106014626235 0.00769882141965 0.0117682230743 0.013534931795 0.000147850487048 -0.00643678806444 0.00121379282998 -0.00714289246925 0.0175717732358 0.00460763460388 -0.0144734053686 0.0050769897881 0.00956689041142 0.00577682467479 0.0135790439246 0.00488036641881 0.0146280555094 0.0365902846918 0.00164025247387 0.029175689787 0.0170194067214 
0.0169798059067 -0.0013347894989 0.0172657811999 0.015139202966 0.00899329356123 0.00432944606579 0.00319304926318 0.00184882694561 0.0178240819533 0.0172304555911 0.00545006726848 0.0186839230537 0.00946548314754 0.281694585043 0.0073577473945 0.0164362946889 0.011567622722 0.00368523397294 0.0291059398021 -0.00101350470652 0.0117869963775 0.00525464774685 0.0302489240081 0.00184309258044 0.0135841059536 -0.0192083389195 0.00446700648367 0.0184911144731 -0.001390003062 0.00786306525709 0.0259203118714 0.0185637519041 0.0200388966715 0.0165414762745 0.0191703074928 -0.0027118513613 0.00210586554807 0.00230120721719 0.00917017223266 0.0124029720056 -0.00153870667981 0.00118845790138 -0.0049750502138 0.0108047182162 0.0147538973273 0.00839325597658 0.0225383565719 0.0178908107618 0.00349385039215 0.00271375645085 0.0119552297527 0.00427229552809 0.00190967031535 0.0149725583306 0.0210016270627 0.006011980021 0.0171576510257 0.00784977389175 -0.00880067601336 0.0255572578187 
0.0291352211771 0.0144730286084 0.00923130765564 -0.00312889055632 0.0146174588009 0.00885326918124 0.0091990511993 0.023553501649 0.00688516124978 0.0141357682557 0.0178344061642 0.0162980091609 0.0108254646546 0.0073577473945 0.186391134605 -0.00392407346205 0.0201084516369 0.0185652018192 0.00621800857586 0.00714541106928 0.00774728739497 0.016522529515 0.0158768513302 0.0257616124834 0.0157038826325 -0.00460272778609 0.0156979612639 0.0107201931389 0.0241526581413 0.0202453172308 0.0185022461341 0.0184324372827 0.00972422894375 0.00382655449355 0.0201057867189 -0.00295629802189 0.011731839806 0.0178576691727 0.0164720471654 0.00960444413546 0.0140295596719 0.0095156208872 0.00191012939371 0.000741647184765 0.00294282401995 0.0214549469822 0.0156892247069 0.033923798184 0.0026455824841 0.00892094026828 0.00158685998856 0.0367282939723 0.0254585066773 0.0210391587519 0.00140890438747 0.00758499710496 0.00502091237493 0.00937524833115 0.0129203050629 0.0141494853453 
0.0303225944716 0.00168980788444 0.00355970565161 0.060595547163 0.0170500011596 0.0169626697764 -0.00137083593543 0.0133645605189 0.010760573388 0.00529338172774 0.00615634633962 0.0495994620816 -0.02058704883 0.0164362946889 -0.00392407346205 1.06583411286 0.0130279186933 0.0136343351715 0.0216139187333 0.0142220365447 0.0228279725803 0.026745270444 0.0234950183944 0.0167288944102 0.0179710138994 0.0136345317225 0.0390385153529 0.017054581352 0.023844942486 0.0304693841993 0.0118406860177 0.0229299561875 0.0338565209184 0.000158560037466 0.0419520282689 -0.0286388579811 -0.00072974727487 0.0100856572105 0.0158635329132 0.00505636333701 0.0175798101332 0.0211937569465 0.00844870476477 0.00134185165333 0.0193305928664 0.00978146297023 0.00795714182327 0.00783467976962 0.0460570501433 0.0738241894116 0.016950488051 0.0102354942641 0.0399758815008 0.00772925780557 0.0223924703697 0.0180286286134 0.0251239906521 -0.0014758757756 0.0358325121676 -0.00380987514813 
0.0498601782303 0.00382729493804 0.00902726935321 0.0227837402774 0.0217964076294 0.037681263503 0.00950155861431 0.0403719610618 0.0055622593195 0.0189329665428 0.0179270329784 0.00912575081517 -0.00558218407739 0.011567622722 0.0201084516369 0.0130279186933 0.235836157272 0.0413450419303 0.0188965244048 -0.0099408640537 0.0309784486354 0.0317987800833 0.0285449225102 -0.0137830113395 0.00487799870551 -0.00717806371773 0.0165502171013 0.0367595266846 0.0117544558345 0.0168105123197 0.0298311857963 0.0131669996691 0.01364961416 0.0126350983839 0.0306374113516 -0.00578385891831 0.0206194011494 0.0141677336682 0.0123180726773 0.0118507436724 0.00935102286413 0.0180376655792 0.0123619011742 0.0101438719564 0.0256187796475 0.0103607941183 -0.00160293326153 -0.000317182065074 0.0186619425731 -0.00720370087926 0.0104689904699 0.00978348705316 0.055329502551 0.0121172914123 0.025969460981 -0.00507617774427 0.00879362717587 0.0192201313645 0.040622290799 0.0193130044185 
0.0370661797419 0.0102866595261 0.000609293616977 0.0137393398164 0.0128648535814 0.0424940559269 0.0308344859203 0.0414648093087 0.0053047622148 0.00948173924781 0.0157469359583 0.0308374230377 -0.00159525861837 0.00368523397293 0.0185652018192 0.0136343351715 0.0413450419303 0.196273011996 0.00579020612616 0.00364226945054 0.0169574428764 0.0226405563722 0.0240813735343 0.0144552353707 0.0104077315231 0.00762543113918 0.0331747482312 0.0451796813397 0.00830291091579 0.0229045849365 0.000344680973527 0.0321981899554 0.00937107838363 0.0165913185581 0.0244778017414 0.0118137054252 0.0096794846802 0.0249981525982 0.0118108432539 0.0119296315961 0.0281481270127 0.0366172232997 0.0171208103987 0.010154585708 0.0174562786604 0.0261762399865 0.00640794919287 0.0109087530749 0.0205180412742 0.00852423074222 0.0154342191416 0.0205655749432 0.0348831592488 0.0301086203744 0.0300323206572 0.00732499322795 0.00447317690469 0.0182256556129 0.0327335665798 0.0134344476824 
-0.00145811541538 0.00495312431013 0.0296658694232 -0.00267534347417 0.0111794272131 0.00643642693032 0.0108881821134 0.0106637629847 0.0507540248087 0.0336965871169 -0.00540887451259 0.016318158714 -0.00150848368298 0.0291059398021 0.00621800857587 0.0216139187333 0.0188965244048 0.00579020612616 0.631591939662 0.0113183195268 0.0262029456652 0.00809459092972 0.0765852667609 0.0265168383499 0.00940969726109 -0.0043282563276 0.0409706154684 0.00561562473492 0.0131030076212 0.0353966822499 0.0529848140887 0.0232770833336 0.0708686703476 0.0259987268237 0.0362873248281 -0.0230883545815 0.0310268307388 0.0216482285528 0.00109771062696 0.0101829735214 0.00968022639197 0.0236763915554 0.0147393713756 -0.000143452230366 0.0647943637656 -0.000218566156693 0.0281014498815 0.026803516567 0.00913249138203 0.0140976216802 0.000444905755692 0.0182558666315 0.0389834462795 0.0154299979829 0.0343805318308 0.0278316377315 -0.0153171934427 0.0105612002575 0.0222598976316 0.0171518603547 
0.00898893607338 0.00793814890907 0.0160254699583 0.0129896382319 0.00988559846557 0.00716971019721 0.018530912309 0.00705841828292 0.0335709174917 -0.00628227345748 0.0105225250717 0.00229435348492 -0.0078307359198 -0.00101350470652 0.00714541106928 0.0142220365447 -0.0099408640537 0.00364226945054 0.0113183195268 0.224272293881 0.00270284253656 0.0109519543927 0.00876254019237 0.0933287374625 0.0208884294529 0.0740668238618 0.0118360755851 0.00617874438815 0.00445919876277 0.0037173006859 -0.00263823521518 0.00477525054941 0.0201464501677 0.0035309368204 0.0379541698719 -0.00258521037755 0.015102143576 0.0138465564745 0.00669935046831 0.00257600565201 -0.00705913866203 0.00564291105294 0.00133935336626 0.000556521556554 0.000292505728938 0.0143359170305 0.0269441518317 0.0112572813738 0.0145861317291 0.0939350158593 0.0041567546093 0.00162131282017 0.0158448387565 0.0371817032647 0.00858509036336 -0.00537091726316 0.0157050220515 -0.00202619618848 0.0305490458789 0.0126898279867 
0.0141236941804 0.0124057677265 0.0150929344507 0.04163287192 0.0142518062823 0.0154282464379 0.00880613925696 0.0156845027185 0.00802178164363 0.0170137671946 0.0174016105651 0.000257591095412 -0.000773533665022 0.0117869963775 0.00774728739497 0.0228279725803 0.0309784486354 0.0169574428764 0.0262029456652 0.00270284253656 0.175564758983 0.0147783630514 0.0125714246428 0.0164011541199 0.0157066218519 0.00567873436193 0.00921588383606 0.00704083849092 0.00506897497148 0.0234469524431 0.0237833704296 0.00499267120692 0.00728595292849 0.0250518175053 0.0365204165515 -0.00862786447732 0.000471587632369 0.00371424406062 0.00906612358644 0.00678081962333 0.0106942368709 0.0219006548713 0.0215693064068 0.025917013554 0.0116460958827 0.00865943989621 0.0177165866826 0.0124769352724 0.0183499048253 0.0109963263268 0.0148163448517 0.0105928453198 0.0218549483842 0.00754210557151 0.03182731071 0.0211083234255 0.0027258309666 0.0190523489959 0.0188485275996 0.0175773828135 
0.0265481772235 0.00873531409602 0.00782983758542 0.0118648185452 0.00776759234711 0.0325201059141 0.0219933755928 0.035103921789 0.0233189231924 0.00903819870128 0.00898972544844 0.0202828373909 0.0121830669727 0.00525464774686 0.016522529515 0.026745270444 0.0317987800833 0.0226405563722 0.00809459092972 0.0109519543927 0.0147783630514 0.202355560815 0.0242932377884 0.0173655363527 0.01356512194 -0.00124591433485 0.0300382162994 0.0298939782651 0.0194806701187 0.0174545244236 0.0262241490471 0.01800610094 0.00461306871208 0.00229784954866 0.0247675241411 -0.00266788035939 -0.00394210369613 0.0193575270936 0.00141649736453 0.0017883533324 0.02428402922 0.014164597398 0.0144429791278 0.00719508602053 0.0204724891083 0.0200207794072 0.00270100247372 -0.00144433607517 0.00964887746612 0.0205665393582 0.0183647725667 0.0152003701239 0.0432583921888 0.0224396424482 0.0237283682976 0.00159521913629 0.00275433890998 0.0135282642969 0.0200620076517 0.0156533782097 
0.0192009443099 0.0127989021591 0.0235999034504 0.035745239318 0.030727231998 0.0152257676634 0.0170621678144 0.0137093692563 0.023092910447 0.0109696261274 0.0134054134924 0.0147635294809 0.0159692744477 0.0302489240081 0.0158768513302 0.0234950183944 0.0285449225102 0.0240813735343 0.0765852667609 0.00876254019237 0.0125714246428 0.0242932377884 0.378559047074 0.0416107873246 0.0109886866795 0.018173340485 0.025703852152 0.0236786987054 0.0227333438238 0.0268835828793 0.0448896697252 0.0188927056637 0.0599707795576 0.0448659569012 0.0542155862744 -0.0107355996396 0.0015119105765 0.0237925662313 0.0250029828386 0.0169546994335 -0.000479276631742 0.0163043821264 0.0316565158115 0.0129747205121 0.0951786804657 0.00935941036062 0.0113382026114 0.0282189470648 0.0166245937245 0.0103067741156 0.0121896204536 0.0108447964578 0.035926844996 0.0196331852365 0.0305139982 -0.00364395775024 0.0327230855587 0.0112347356751 0.0379113911957 0.0390483180619 
-0.0191821315694 -0.00751209673268 0.0303708407458 0.0169548247678 0.0195270173567 -0.000240075067873 0.0510919498177 0.00450416725769 0.0402277377978 -0.00496422507764 0.00882156126761 0.0202091073011 -0.00561676309445 0.00184309258044 0.0257616124834 0.0167288944102 -0.0137830113395 0.0144552353707 0.0265168383499 0.0933287374625 0.0164011541199 0.0173655363527 0.0416107873246 0.486738251686 0.0204544099424 0.0891555339404 0.0534721269953 -0.00709619331216 0.00347526612902 0.0089112115184 0.0289918955195 0.0117787485444 0.00781340955642 0.0208962067028 0.108138700366 -0.0305357175868 0.00953584116492 0.0169100007507 0.00109015332506 -0.00460172850317 0.00168708992454 0.0209725488684 0.0184553467163 -0.0154477664284 0.00414939276081 0.0231095502273 0.0547250918621 0.0227836934089 0.00927474656311 0.211519909565 -0.00573907230054 0.00935299043912 0.0220184262018 0.0375183957039 0.023183021384 0.0136649815088 0.0071258898371 0.00773691918856 0.0491444833232 0.0224580443369 
0.0193675703658 0.00880246407866 0.00264694259552 -0.000269486866299 0.01063009895 0.0204528997619 0.0177965693956 0.0103441238697 0.014061224226 0.00932659843797 0.00692875170195 0.00127371920578 0.0145024696101 0.0135841059536 0.0157038826325 0.0179710138994 0.00487799870551 0.0104077315231 0.00940969726109 0.0208884294529 0.0157066218519 0.01356512194 0.0109886866795 0.0204544099424 0.152280431242 0.0182211370115 0.0108448266486 -0.00525024027062 -0.0017341978368 0.0145344756299 -0.00105053706965 0.00662484744111 0.00477981971805 0.0118190680075 0.000794468298415 0.0121734608016 0.0170917377221 0.0127611630398 0.00715340967472 0.00554276629872 -0.00389171370733 0.027889026064 0.00067123719475 0.014299138782 0.00305406041428 0.0483674099762 0.0179651051658 -0.000484420836985 0.00325943951455 0.0323432988125 0.00129059353767 0.0114643891279 0.0188859110933 0.029339040021 0.022168867298 0.0123823832697 0.00739168364561 0.0060063330375 0.0145048267792 0.00957778288055 
-0.00280484872313 0.00328065529434 0.016463350701 0.000246009855598 0.0233787049021 -0.00359688741097 -0.0113524228685 0.00751985462152 0.0114924196227 -0.0010262766663 0.00248603331583 0.0014483010632 -0.00442245148772 -0.0192083389195 -0.00460272778609 0.0136345317225 -0.00717806371773 0.00762543113918 -0.0043282563276 0.0740668238618 0.00567873436193 -0.00124591433485 0.018173340485 0.0891555339404 0.0182211370115 0.336679737027 0.0225430882404 0.0197789259583 -0.00246615911294 0.0103177867406 0.0123343487427 0.0116672246691 0.0413515630585 0.000939602681506 0.0377624622656 -0.0136846720741 0.0112942262136 0.0130601033023 0.00477167880059 -0.00284697146373 -0.0126478570196 0.0120628391565 0.00338936605153 0.000783629861942 0.00404056694398 0.0207878885815 0.00231364974352 0.00806020933647 0.009850558941 0.117696520136 0.00660658179259 -0.00956171055483 -0.0128882790347 0.0207790398413 0.0177639145446 0.0113780928918 0.00573770344028 -0.00038611893021 0.0185070465289 0.0199787471662 
0.0723562332217 0.0249246493106 0.0101661979421 0.0127203828717 0.0146335803003 0.0365628601399 0.0192026610408 0.0307047144313 0.0508990696897 0.0346175538135 0.0223847486982 0.0628463474258 -0.00153656936207 0.00446700648367 0.0156979612639 0.0390385153529 0.0165502171013 0.0331747482312 0.0409706154684 0.0118360755851 0.00921588383606 0.0300382162994 0.025703852152 0.0534721269953 0.0108448266486 0.0225430882404 0.511810962475 0.0472564127232 0.00978665505739 0.0399459761297 0.050679233081 0.0558785229432 0.0955713012653 0.0366781496542 0.0748663054861 0.0148548907568 0.00167805152821 0.0774551881143 0.0454049972849 0.0081152597607 0.017357539182 0.0399545723525 0.0402440622227 0.000867016379204 0.0306639036481 0.00623152066984 0.0101422104224 0.0262814100987 0.0236122246417 0.0885105813258 0.0172378886089 0.0288919113622 0.0228504961312 0.0202906839782 0.0246244378334 0.00673156009171 0.0175488568848 0.0132371456939 0.230861331057 0.0449411091125 
0.0887805991126 0.00383928769214 0.0051249980371 0.0114191597133 0.0110533831286 0.0291642732552 0.0343925700727 0.030615872492 0.0194878562467 0.0235190512178 0.0107023437879 0.0160382538294 -0.00647925569732 0.0184911144731 0.0107201931389 0.017054581352 0.0367595266846 0.0451796813397 0.00561562473492 0.00617874438815 0.00704083849091 0.0298939782651 0.0236786987054 -0.00709619331216 -0.00525024027062 0.0197789259583 0.0472564127232 0.271985397131 0.0391766448701 0.0246349625897 0.0151571870977 0.0227517947811 0.033428241681 0.00402569578665 0.0194931992297 0.00439532110168 0.0017819900391 0.0173031822881 0.0102261280807 0.0242251626726 0.0274199332151 0.0261752068959 0.00606212062115 0.0128729000996 0.00942105499415 0.0144606267858 0.0270675699571 0.00658080425805 0.0202343193184 0.00125081402863 0.00560100194114 0.00914379936924 0.044517653336 0.02647592501 0.0208787321356 0.0166556660398 0.0407133572186 0.013160861852 0.0262285773686 0.0139101398086 
0.0117876651572 0.0145290676796 0.0132459892496 0.00446371244612 0.0266576620532 0.014295818001 0.0139977495292 0.0229451838146 0.0255267835841 0.00505578970882 0.00808408897529 0.00771733702405 0.0167695625864 -0.001390003062 0.0241526581413 0.023844942486 0.0117544558345 0.00830291091579 0.0131030076212 0.00445919876277 0.00506897497148 0.0194806701187 0.0227333438238 0.00347526612902 -0.0017341978368 -0.00246615911295 0.00978665505739 0.0391766448701 0.225172502165 0.0162089365611 0.00874421659349 0.0148825465154 0.0107097627721 0.0156217319339 -0.00290149167168 0.00719945467632 0.0107893488117 0.012097864682 0.00315815268382 0.0148337279234 0.00623617535623 0.0135373915632 0.0199773487035 0.000204427470048 -0.00862198827932 0.00168984467533 0.0146601914718 0.0261739201667 -0.000620978056001 0.000553907142892 0.0123250989905 0.0186728393545 0.0347712125131 0.0148234873379 0.0109013832973 0.0158111795793 0.00422849018833 0.0126950794185 0.0224393880254 0.015516777324 
0.0110131264131 0.0116460067411 0.00922806272127 0.00572638730258 0.00803110548627 0.0171652163505 0.0174767677288 0.00732706990743 0.0240766254993 0.0359642192462 0.00740333222699 0.0196310151481 0.00970523198283 0.00786306525709 0.0202453172308 0.0304693841993 0.0168105123197 0.0229045849365 0.0353966822499 0.0037173006859 0.0234469524431 0.0174545244236 0.0268835828793 0.0089112115184 0.0145344756299 0.0103177867406 0.0399459761297 0.0246349625897 0.0162089365611 0.229124060728 0.00244127778133 0.0245454141972 0.0333243734151 0.0229026087806 0.0156228352606 -0.000986011235469 0.0174806115264 0.0234487725713 0.00968838258986 0.0153603593054 0.00907656307847 0.0671141542747 0.0237298117442 0.02289605039 0.0173358003386 0.0190391046172 0.00369607768133 0.00477834357356 0.00225874309874 0.0282231986447 0.0129756348291 0.0149851011265 0.029047375451 0.0251886109149 0.0365372063487 0.013963683644 -0.00567303858589 0.00603664933649 0.0365552655309 0.0167901742224 
0.0138902176181 0.0130548172368 0.0218035221716 0.0240734636316 0.0420896513848 0.00813980873766 0.00174025404785 0.00165742735274 0.0145613341835 0.0113333237408 -0.000989266672367 0.038843614096 0.0041552088985 0.0259203118714 0.0185022461341 0.0118406860177 0.0298311857963 0.000344680973528 0.0529848140887 -0.00263823521518 0.0237833704296 0.0262241490471 0.0448896697252 0.0289918955195 -0.00105053706965 0.0123343487427 0.050679233081 0.0151571870977 0.00874421659349 0.00244127778133 0.458470820468 0.0154919976851 0.0217493737578 0.0326795388757 0.0495802560952 -0.0157804784242 0.00243941056766 0.0230373994313 0.00166131798916 0.0242665549873 0.0106147129021 0.00312944096531 0.0352660851132 0.00573484551183 0.0366135798357 -0.00243511682868 0.0457088278013 0.0216574683222 -0.0150341875221 0.0186800643521 0.00465114757684 0.0275744028218 0.0103837031021 -2.05873572046e-05 0.0375445262153 0.00956828958835 -0.00463121215109 0.0106031631105 0.0440513355602 0.0165601100301 
0.045224243439 0.0264003426644 0.0248502098945 0.0174559835208 0.0393586945394 0.0158312125479 0.00475346380671 0.0176410220737 0.013546882494 0.0475073500929 0.0161206181299 0.0359541696141 0.00426178969834 0.0185637519041 0.0184324372827 0.0229299561875 0.0131669996691 0.0321981899554 0.0232770833336 0.00477525054941 0.00499267120692 0.01800610094 0.0188927056637 0.0117787485444 0.00662484744111 0.0116672246691 0.0558785229432 0.0227517947811 0.0148825465154 0.0245454141972 0.0154919976851 0.516944112787 0.0517709372604 0.0385561545512 0.0179466687148 -0.00704559707819 0.0159138622042 0.0196642437082 0.01631263756 0.0275071280519 0.0364619119365 0.0349703818164 0.0568767394675 -0.000897816463303 0.0290931589656 0.0197314270484 0.00946960879025 0.00655526237709 0.00718390680339 0.0199140743122 0.0475218657493 0.0168716231289 0.0316487890108 0.0154240461249 0.0191851116117 -0.00179274815557 0.015300104239 0.0194421498711 0.0375959189695 0.0476321059785 
0.0281591804305 0.0148517152981 0.0322466911853 -0.00726978559185 0.055475231038 0.0196127214519 -0.00914492044553 0.0225302604197 0.0266750249497 0.013705752472 0.0127035441338 0.038517432951 0.0123602487448 0.0200388966715 0.00972422894375 0.0338565209184 0.01364961416 0.00937107838362 0.0708686703476 0.0201464501677 0.00728595292849 0.00461306871208 0.0599707795575 0.00781340955641 0.00477981971804 0.0413515630585 0.0955713012653 0.033428241681 0.0107097627721 0.0333243734151 0.0217493737578 0.0517709372604 0.547327232123 0.0205004132647 0.0477086068217 -0.0139210725128 0.023873216421 0.0318041743892 0.0376976083499 0.0210261803057 0.0111455165376 0.0359753671019 0.0127424198003 -0.000859174144633 0.0135666981452 0.0136855600908 0.0046124901482 0.0510544786086 -0.00640934075422 0.0684509297187 0.00945126214318 0.041418790148 0.0199145186602 0.0238254934833 0.0322873863446 0.0158909882826 0.0155528553348 0.0137118160431 0.0555210913199 0.044398165787 
0.0101466958953 0.0457431269993 0.0151753792423 0.0331658510498 0.00618147269974 0.0109913716336 -0.00284633878824 0.0100712537545 0.0412052185181 0.0122796325161 0.00483918850907 0.0344309778896 0.0137531216608 0.0165414762745 0.00382655449355 0.000158560037465 0.0126350983839 0.0165913185581 0.0259987268237 0.0035309368204 0.0250518175053 0.00229784954866 0.0448659569012 0.0208962067028 0.0118190680075 0.000939602681506 0.0366781496542 0.00402569578665 0.0156217319339 0.0229026087806 0.0326795388757 0.0385561545512 0.0205004132648 0.379071824975 0.0319677354606 -0.0132760390188 -0.00455242978959 -0.00388928283806 0.0187054679881 0.010346861557 0.0217922740588 0.0172882693399 0.0319845449222 0.00887096570039 0.0318663863415 0.0211299443932 0.0230226594054 0.00313925007398 0.00517019758883 0.0282433983262 0.0255497347496 0.0173682021822 0.0321124979902 0.00636375405478 0.0302438206609 0.0295093495113 0.00838406193621 0.00981238960331 0.0399583804113 0.017990917362 
0.0479460968429 0.00336555785856 0.033176818534 -0.00773332834788 0.0456917812502 0.0230692565483 0.0417628830214 0.0152301993453 0.0440622096609 0.0309827193299 0.0273996587216 0.0997786567722 0.0150798827711 0.0191703074928 0.0201057867189 0.0419520282689 0.0306374113516 0.0244778017414 0.0362873248281 0.0379541698719 0.0365204165515 0.0247675241411 0.0542155862744 0.108138700366 0.000794468298415 0.0377624622656 0.0748663054861 0.0194931992297 -0.00290149167168 0.0156228352606 0.0495802560952 0.0179466687148 0.0477086068217 0.0319677354606 0.6595211858 -0.0253188586727 -0.00643150859306 0.0462426903801 0.0214371503192 0.00642721989038 0.0416309732306 0.0308399271704 0.0344122502529 0.0158574010893 0.0224786252566 0.00194074452257 0.0467486441758 0.0608456160374 0.0121672283805 0.0754011149644 0.0367509270554 0.0367781857545 0.0420872833105 0.00600252357898 0.070051386304 0.021078559329 -0.00400923046747 0.0306077252911 0.0441528355807 0.0668004280881 
-0.00537345039653 0.0286238110664 -0.00976410758893 -0.00308889813552 -0.0179259043138 0.00701601173285 -0.0148902083463 -0.000811811381651 -0.00242083352551 0.0229418817988 -0.00733412183088 -0.017939002916 0.000828995608169 -0.0027118513613 -0.00295629802189 -0.0286388579811 -0.00578385891831 0.0118137054252 -0.0230883545815 -0.00258521037755 -0.00862786447732 -0.00266788035939 -0.0107355996396 -0.0305357175868 0.0121734608016 -0.0136846720741 0.0148548907568 0.00439532110168 0.00719945467632 -0.00098601123547 -0.0157804784242 -0.00704559707819 -0.0139210725128 -0.0132760390188 -0.0253188586727 4.09459645637 0.00150457307174 -0.0192256000146 -0.00656044181915 -0.00219334930851 0.0102395946023 -0.00625335976038 0.00806368871331 -0.0029309621585 -0.00877502243923 0.0157918264988 0.0156860154279 -0.00745473027604 -0.00901089632116 -0.0198271021511 -0.0145978096595 -0.00741103464193 -0.00896839149604 0.0057942321039 -0.00791138617497 0.0114980847588 0.0244728266803 -0.014382082659 0.0115072092065 -0.008928325374 
0.0150736968149 0.0096408308475 0.0125019883955 0.00317708469988 0.00665886528614 0.0170250925344 -0.00192440996749 0.00923103441395 0.00329190938634 -0.00145617522341 0.00524927079041 0.00117820339654 0.00454806255567 0.00210586554807 0.0117318398061 -0.00072974727487 0.0206194011494 0.0096794846802 0.0310268307388 0.015102143576 0.000471587632369 -0.00394210369613 0.0015119105765 0.00953584116492 0.0170917377221 0.0112942262136 0.00167805152821 0.00178199003911 0.0107893488117 0.0174806115264 0.00243941056766 0.0159138622042 0.023873216421 -0.00455242978959 -0.00643150859306 0.00150457307174 0.307114525142 0.0115755387568 0.0144812506947 -0.00282632080717 0.0168254084968 0.0130568126673 0.0230713363076 0.00830819077193 0.00194426713782 0.0136373537083 -0.00474308639336 0.0101747191403 0.0142445374822 0.0127518409451 0.0127137942146 0.0409951331186 0.0111677943637 0.0136306498399 0.0113541375043 0.00740144367872 0.00258254635854 0.00617071236062 0.0247787394254 0.00545926812343 
0.0452375045621 0.0138738456325 0.0237543183529 0.00855229034873 0.0167068445334 0.0238304528035 0.0123370072236 0.0202303127414 0.0366431561004 0.0173410897891 0.01302802402 0.0244767849671 0.00164887457712 0.00230120721719 0.0178576691727 0.0100856572105 0.0141677336682 0.0249981525982 0.0216482285528 0.0138465564745 0.00371424406062 0.0193575270936 0.0237925662313 0.0169100007507 0.0127611630398 0.0130601033023 0.0774551881143 0.0173031822881 0.012097864682 0.0234487725713 0.0230373994313 0.0196642437082 0.0318041743892 -0.00388928283806 0.0462426903801 -0.0192256000146 0.0115755387568 0.217776738998 0.0142884656875 0.0157551575574 0.0234210233177 0.0209270177576 0.033162580342 -0.000362239186064 0.0152421986245 0.00529551730706 0.0187620396712 0.0233520795491 0.0155713724201 0.0273894242037 0.0174596388009 0.010702792201 0.0290474418026 0.0235145017556 0.0281081103755 0.00751641828251 -0.00379263618266 0.0179000946855 0.0580163490515 0.033010819602 
0.019621008634 -0.0032810779107 0.0211640163608 0.0080993797213 0.0148455384944 0.0185553741965 -0.000164698608314 0.0156131189065 0.0204890748839 0.0160204376305 0.00937153108532 0.00906692605481 0.00419095686461 0.00917017223266 0.0164720471654 0.0158635329132 0.0123180726773 0.0118108432539 0.00109771062696 0.00669935046831 0.00906612358644 0.00141649736453 0.0250029828386 0.00109015332506 0.00715340967472 0.00477167880059 0.0454049972849 0.0102261280807 0.00315815268382 0.00968838258986 0.00166131798916 0.01631263756 0.0376976083499 0.0187054679881 0.0214371503192 -0.00656044181915 0.0144812506947 0.0142884656875 0.174003418397 0.00970427111711 0.00862071329528 0.0247481291911 0.0321182533856 0.00932844377479 0.0149971588648 0.0141939881388 0.00981291016168 0.0230898095699 0.015552319238 0.010150384702 0.0124409609175 0.00473011342448 0.00359620524504 0.0144405849462 0.0267237838611 0.000112199658856 0.00247032952207 0.000762806352724 0.028979360134 0.00877422585675 
