40
0.0130713531851 0.0124927962784 0.0770368317024 0.022369934908 0.0725669815102 0.149246593495 0.0254946283421 0.0162851568228 0.0316848802341 0.0766878163077 0.0184249616408 0.070265204238 0.0447966226616 0.0388313797841 0.0645874353538 0.0597094198611 0.0459594094694 0.0784336943662 0.0534443631468 0.00399952409326 0.199130076205 0.116792266476 0.0861911318708 0.0255776045185 0.0340754658053 0.0764707668379 0.0341115490789 0.0197813299257 0.0054327763703 0.0395396308246 0.0933125666969 0.0545718905582 0.0426672552596 0.0394797478448 0.121001700606 0.039859092222 0.078059567066 0.0604038345904 0.0240188564254 0.0482651065397 
0.134954348072 0.0178440885698 0.0103719210835 0.00947252366184 0.0221516148578 0.0227680415819 0.0431493289602 0.0432232400089 0.0140723724835 0.001912225598 0.0334414950111 0.00716814856663 0.0017190318905 0.00581309830395 0.00264032384099 0.00353398925439 0.0156676915664 0.00854292010407 0.00309211202811 0.0160304014073 0.0250613897892 0.00825044126419 0.00459605100422 0.0105707143949 0.0214920940524 0.0020114604815 0.00668798493786 0.0184068909891 0.00993815804244 0.00233996318545 -0.00053612546465 0.0378036262369 0.0214916824967 0.0123330889103 0.0274767927085 0.00758374359561 0.00445023995478 0.00188494348072 0.00683884771229 0.00452593006198 
0.0178440885698 0.183171437658 0.00621192219714 0.0205375474235 0.0113083325897 0.00758339307101 0.00673709669825 0.0090464684594 0.0155892336162 0.0271194727548 0.0174893641366 0.00021503201502 0.0256858872442 0.0329658180811 0.0156893596901 0.0229244148859 0.00961441645524 0.00448915938347 0.0291697106864 0.00492796659682 0.0211730984231 0.007500046421 0.0222604533092 0.0198111535124 0.0116211836814 0.0179670847027 0.00775099823371 0.0221688478267 0.00532729654398 0.00517717271936 0.00305346296862 0.0168448483439 0.0352743458689 0.0203860902431 0.00553985901982 0.00921722262978 0.00690657769329 0.0210898879547 0.0247102928585 0.00940244503508 
0.0103719210835 0.00621192219714 0.345476064552 0.0254612810467 0.0198158658957 0.0334498768677 0.0161388345797 0.00623182303661 0.0162763517527 0.0286417753442 0.00516073166469 0.00155944955176 0.00533563988842 0.0244668398023 0.0132429916859 -0.00697639932205 0.041984642467 -0.00592077223277 0.0100032593589 0.00260273235693 0.00595806874511 -0.00570928786091 0.0200840611697 -0.00488729014077 -0.0021648611777 0.00328132454667 0.00621171993549 -0.00436589168625 0.0296680576781 0.0106845441774 -0.010524298883 0.00916377260183 0.0100463873281 0.015191368957 0.0197352698282 0.0095519288806 0.00533128940986 0.019002201772 0.00949017222348 0.00433067062228 
0.00947252366184 0.0205375474235 0.0254612810467 0.207180665482 0.0322125182854 0.0147694929717 0.0107015417436 0.0176090948493 0.0138032999537 0.028216832516 0.0264993425557 0.00892201253076 0.023647689667 0.0148045074074 0.0202762364186 0.0206992725029 0.0204810211939 0.0145631824959 0.020576107259 0.0162697611612 0.0267232244751 0.0106276632627 0.0276569301461 0.0226817099312 0.0176930326489 0.019485487822 0.00833380529514 0.00775887502533 0.00729437671903 0.0221602145764 0.00961788639554 0.00956617606656 0.0181092457124 0.02877778639 0.0274654018607 0.0136459074084 0.0115328535442 0.0339218462375 0.0132294915602 0.00506014750544 
0.0221516148578 0.0113083325897 0.0198158658957 0.0322125182854 0.279430166861 0.0340982097605 0.0195503092278 0.0168910220995 0.0390065897359 0.0479792144905 0.0315874404723 0.00612770624069 0.0347280776698 0.0291863275635 0.0208168245098 0.0280346460404 0.036249535475 0.0176025917175 0.0359829166947 0.0267181695865 0.0546923536654 0.025455528354 0.0421882167449 0.0178858446067 0.0164255464396 0.0516092977063 0.0130956018612 0.0246755507595 0.0128175118768 0.0217162248955 0.025769682114 0.0207450457636 0.0304986588574 0.0349656883988 0.0454181050791 0.0540196217641 0.0368931651949 0.0324324870904 0.0286810965661 0.013293272904 
0.0227680415819 0.00758339307101 0.0334498768677 0.0147694929717 0.0340982097605 0.559637272934 0.0267629216369 0.0379267417409 0.0129012406926 0.0344399340675 0.0160500300137 0.0365218876255 0.00473558792958 0.0262601655533 0.000155590122052 0.00755947775372 0.0134072384982 0.0281138522865 0.0410106890803 -0.00497890598123 0.106455581685 0.010685359881 0.0371128735263 0.00494785340079 0.0296192448139 0.00884784307553 0.0143490561503 -0.0030977053431 0.000515350397584 -0.0155741062675 0.00513040948097 0.0452015132741 0.0301447793146 0.0320343691309 0.166989558181 0.0526778613741 0.013502647179 0.0346267284412 0.00954444909171 0.0174435194088 
0.0431493289602 0.00673709669825 0.0161388345797 0.0107015417436 0.0195503092278 0.0267629216369 0.194211043316 0.0437178982976 0.020866487038 0.00164478945641 0.0158322883797 0.0352329834965 0.00436056869881 0.00210733015827 -0.00450862430566 0.00895510833441 0.00768756469117 0.0144722539414 -0.00532265613143 0.0122241532491 0.015195308118 0.0139419527744 0.0166297191258 0.0107926592216 0.00911757309887 -8.48669185073e-05 0.0222128228765 0.0110710944185 0.00407874010609 0.00267871355296 -0.00280356712869 0.0372542585452 0.0167666428933 0.00114567782091 0.0406885237099 -0.000710390457821 -0.000904176433052 0.00831041107306 0.00495356280249 0.0123842393491 
0.0432232400089 0.0090464684594 0.00623182303661 0.0176090948493 0.0168910220995 0.0379267417409 0.0437178982976 0.151140374865 0.0112376920335 0.00151506201278 0.0256524628909 0.00562020966758 0.0128260677538 0.00865796203323 0.00141769209769 0.00558612455521 0.0118700377278 0.0141300315895 0.00090419654395 0.00695202279532 0.0174031809753 0.00250224308398 0.0249579117447 0.00449697312723 0.00911227557183 0.00537654341401 0.00376410142865 0.0114122179228 0.00346087369718 0.00473215779267 0.00714280095994 0.0442189973517 0.0270782742136 0.0108831213888 0.0331718731841 0.00692666343449 0.0172233440386 -0.0058009082239 0.0119945362981 0.0157232666457 
0.0140723724835 0.0155892336162 0.0162763517527 0.0138032999537 0.0390065897359 0.0129012406926 0.020866487038 0.0112376920335 0.166762714592 0.0209316062688 0.0219064277718 0.00773729446294 0.0160508026928 0.0058801929635 0.0175878263461 0.01897100733 0.0355262546741 0.00740328230948 0.0193673445603 0.00738339004699 0.0311329877737 0.0132033119533 0.0041780378634 0.00908818438211 0.0161010564235 0.044722079996 0.0123755262143 0.0248549698305 0.0154375482301 0.0108092297008 -0.00379933640438 0.0164185740115 0.0167437333695 0.00585165039533 0.0211612702307 0.028202311281 0.0207369677064 0.0264230370118 0.0190698112072 0.0143112299158 
0.001912225598 0.0271194727548 0.0286417753442 0.028216832516 0.0479792144905 0.0344399340675 0.00164478945641 0.00151506201278 0.0209316062688 0.461968775254 0.0229903600755 0.00971099581788 0.0434783699842 0.0266377869649 0.0187499875997 0.0310059231655 0.0511068323256 0.0165909418067 0.045228850958 0.0209215784372 0.050296403631 0.00781981342546 0.0448918008783 0.0111913241781 0.00122673289091 0.0470023888002 0.0241723021733 0.00665210265686 0.00962884164083 0.0144717837414 0.016866975773 0.0107397530858 0.0225208075971 0.0349140388962 0.0186839241654 0.0212741425615 0.02786898914 0.0658629436478 0.0376109115843 0.054801644137 
0.0334414950111 0.0174893641366 0.00516073166469 0.0264993425557 0.0315874404723 0.0160500300137 0.0158322883797 0.0256524628909 0.0219064277718 0.0229903600755 0.164494611955 0.032274836889 0.0227093578194 0.0165398615059 0.014662927081 0.0166842945055 0.0331797650989 0.0102327057618 0.00675376399321 0.0157220355508 0.0248992308777 0.0128041569633 0.0243385226603 0.0252619817153 0.00528760368578 0.0322897509543 0.00590565519636 0.0527822141361 0.0128958419254 0.0140378136205 0.0140886760673 0.0270440057969 0.0334806917518 0.0228048271558 0.0143003673635 0.0290358132858 0.0160894258673 0.0153136394555 0.0127077899976 0.0226938701465 
0.00716814856663 0.00021503201502 0.00155944955176 0.00892201253076 0.00612770624069 0.0365218876255 0.0352329834965 0.00562020966758 0.00773729446294 0.00971099581788 0.032274836889 0.981109100405 0.0079178296873 0.00861514477577 0.0124841935635 -0.0066419916098 0.023842421468 0.00444195941793 0.0128434213526 0.00175284615325 -0.0343393500643 -0.00574013763124 0.0186683002652 -0.00464183123862 -0.00759223065638 0.0168815049578 0.0124843752204 0.00361808912664 0.0095708294331 4.6326127013e-05 0.0085598257673 0.000305624256586 -0.000823864447597 0.00548661763059 0.0143282301897 0.00264181047054 0.0103455456692 0.0197681921763 0.0171916816002 -0.00496106440726 
0.0017190318905 0.0256858872442 0.00533563988842 0.023647689667 0.0347280776698 0.00473558792958 0.00436056869881 0.0128260677538 0.0160508026928 0.0434783699842 0.0227093578194 0.0079178296873 0.265432417492 0.0471276176993 0.0265269294345 0.0145791629629 0.0388439448168 0.0187950084133 0.0438261596073 0.0285486085259 0.0200333837365 -0.00361575723003 0.00608959423211 0.0162520331636 0.0119692217794 0.0531017477743 0.000921527558102 0.0260993818794 0.0333871964488 0.0517086831324 0.00191495239589 0.0143863859815 0.0289051806729 0.01753378236 0.0151013319257 0.0359377967386 0.0244271415498 0.037917474846 0.027627242701 0.0540414398318 
0.00581309830395 0.0329658180811 0.0244668398023 0.0148045074074 0.0291863275635 0.0262601655533 0.00210733015827 0.00865796203323 0.0058801929635 0.0266377869649 0.0165398615059 0.00861514477577 0.0471276176993 0.403493681448 0.0288099040722 0.017344340251 0.0346299978456 0.015446551071 0.0242407588449 0.00296249376791 -0.0214592500342 0.00494882368556 0.0168028457791 0.0126476820731 0.0111218925871 0.0350598561699 0.00486491106379 0.00693880022867 0.000518403329959 0.0114088885133 0.000865625450018 0.00789506192748 0.0189698596555 0.0133898977342 -0.00160501411211 0.0635390057479 0.028234420094 0.00860615051532 0.0221131093625 0.0106351721972 
0.00264032384099 0.0156893596901 0.0132429916859 0.0202762364186 0.0208168245098 0.000155590122052 -0.00450862430566 0.00141769209769 0.0175878263461 0.0187499875997 0.014662927081 0.0124841935635 0.0265269294345 0.0288099040722 0.353666475974 0.0142541789833 0.0278986803667 0.000701709562831 0.0165805676358 0.0250154530443 0.0268233388145 0.0230611051442 0.0318956099143 -0.00721655760207 0.00502348254465 0.0431189408501 0.0214948488704 0.00396341462232 0.0251061716505 0.0277986780125 -0.00909303735872 -0.0138824813734 0.0150938668985 0.0265560995065 -0.0059335884042 0.0240377929174 -0.00345055052481 0.0177701863628 0.0228986375258 0.0222116059966 
0.00353398925439 0.0229244148859 -0.00697639932205 0.0206992725029 0.0280346460404 0.00755947775372 0.00895510833441 0.00558612455521 0.01897100733 0.0310059231655 0.0166842945055 -0.0066419916098 0.0145791629629 0.017344340251 0.0142541789833 0.405062149436 0.0159232327967 0.0219842016332 0.00730526785085 0.0194709560045 0.00621771275644 0.0105740197668 0.00884861449931 0.00308096745218 0.00238368307231 0.0237529287574 0.00448971148698 0.01463741726 0.00873627614678 0.0117889227987 -0.00308240096799 0.015977381991 0.0275322870451 0.0402637597454 -0.00469787012656 0.00628197677987 0.0175706116323 0.0117340277227 -0.00186874731346 0.00737411449172 
0.0156676915664 0.00961441645524 0.041984642467 0.0204810211939 0.036249535475 0.0134072384982 0.00768756469117 0.0118700377278 0.0355262546741 0.0511068323256 0.0331797650989 0.023842421468 0.0388439448168 0.0346299978456 0.0278986803667 0.0159232327967 0.348037323149 0.00202611243133 0.0159935220987 0.00158131280378 0.027794000029 0.0154740346625 0.0337119753767 0.0032516255077 0.00349872111881 0.0212500574415 0.0290554913675 0.0152507230863 0.026628205541 0.0258085455868 0.0177438978906 0.00715953078027 0.0120451171323 0.00830879946469 0.0227955248816 0.0187493733072 0.0246309094376 0.0226141074141 0.0317417253346 0.0310296172447 
0.00854292010407 0.00448915938347 -0.00592077223277 0.0145631824959 0.0176025917175 0.0281138522865 0.0144722539414 0.0141300315895 0.00740328230948 0.0165909418067 0.0102327057618 0.00444195941793 0.0187950084133 0.015446551071 0.000701709562831 0.0219842016332 0.00202611243133 0.362992393947 0.0161405294578 0.00371857047407 0.00519310930919 0.0130050953818 0.0153568378245 0.00500503895346 0.00512785691509 0.00904697657728 0.0111024491881 0.0104751418109 0.0229542623536 0.0462042945762 0.0770318397586 0.00519652802881 0.00707474231393 0.0145999122242 0.0327333020413 0.0102365134611 0.00237441158827 0.00932193236643 0.0268638516736 0.0290908524877 
0.00309211202811 0.0291697106864 0.0100032593589 0.020576107259 0.0359829166947 0.0410106890803 -0.00532265613143 0.00090419654395 0.0193673445603 0.045228850958 0.00675376399321 0.0128434213526 0.0438261596073 0.0242407588449 0.0165805676358 0.00730526785085 0.0159935220987 0.0161405294578 0.306855361726 0.0154543050289 0.0209806544092 -0.0153199080071 0.0192862479586 0.00748778134519 0.0252145907513 0.0380197789248 -0.000101447317845 0.00897467697178 0.0142892512282 0.0278714019681 0.00538916748467 0.00601885658931 0.0157528994597 0.0272501708832 0.0265698684962 0.0174546865957 0.0117279603852 0.0318195602631 0.0263511986282 0.0362193671351 
0.0160304014073 0.00492796659682 0.00260273235693 0.0162697611612 0.0267181695865 -0.00497890598123 0.0122241532491 0.00695202279532 0.00738339004699 0.0209215784372 0.0157220355508 0.00175284615325 0.0285486085259 0.00296249376791 0.0250154530443 0.0194709560045 0.00158131280378 0.00371857047407 0.0154543050289 0.175800356186 0.0163967271989 -0.0076124014491 -0.000573861208213 0.0154771238872 0.00791199342925 0.00618711107509 0.0142944345209 0.0104711870574 0.0116841552197 0.0137753630548 0.00525467487973 0.021422836528 0.012553564455 0.030112925672 0.0289084593453 0.0191756570451 0.0104632958252 0.0161012534728 0.0149144885343 0.0107731784216 
0.0250613897892 0.0211730984231 0.00595806874511 0.0267232244751 0.0546923536654 0.106455581685 0.015195308118 0.0174031809753 0.0311329877737 0.050296403631 0.0248992308777 -0.0343393500643 0.0200333837365 -0.0214592500342 0.0268233388145 0.00621771275644 0.027794000029 0.00519310930919 0.0209806544092 0.0163967271989 0.622113610277 0.0107595314269 0.0282909607338 0.00980887745647 0.000570987109167 0.0647772488795 0.00669473530474 0.00820990716844 0.0124479465878 0.0101526852662 0.0227578744207 0.0210554806101 0.0207306516857 0.0729757312786 0.0467626772658 0.0246732184426 0.02935303848 0.0457741083685 0.0336500480407 0.0125624899911 
0.00825044126419 0.007500046421 -0.00570928786091 0.0106276632627 0.025455528354 0.010685359881 0.0139419527744 0.00250224308398 0.0132033119533 0.00781981342546 0.0128041569633 -0.00574013763124 -0.00361575723003 0.00494882368556 0.0230611051442 0.0105740197668 0.0154740346625 0.0130050953818 -0.0153199080071 -0.0076124014491 0.0107595314269 0.60494095372 0.0224489856972 0.00808418982579 -0.00169373983381 0.00467147410696 0.0328650972799 0.0155212800932 0.00720537394973 0.00636481961038 0.00467595285949 0.0140375466795 0.000472580113648 -0.00732684149273 0.00925045489283 0.00736385805861 4.63165966056e-05 0.00507504399907 0.0125907588036 0.000973225243838 
0.00459605100422 0.0222604533092 0.0200840611697 0.0276569301461 0.0421882167449 0.0371128735263 0.0166297191258 0.0249579117447 0.0041780378634 0.0448918008783 0.0243385226603 0.0186683002652 0.00608959423211 0.0168028457791 0.0318956099143 0.00884861449931 0.0337119753767 0.0153568378245 0.0192862479586 -0.000573861208213 0.0282909607338 0.0224489856972 0.406187482288 0.0130643168506 0.0164285108438 0.0319249328897 0.0222054303105 0.00802981309129 -0.00376634162156 0.0240588324558 0.00406130148125 0.00925655027931 0.0190357508716 -0.00320032131167 0.0336012301873 0.0411312040771 0.0324415603597 0.0315847606459 0.0362339962247 0.0202529584391 
0.0105707143949 0.0198111535124 -0.00488729014077 0.0226817099312 0.0178858446067 0.00494785340079 0.0107926592216 0.00449697312723 0.00908818438211 0.0111913241781 0.0252619817153 -0.00464183123862 0.0162520331636 0.0126476820731 -0.00721655760207 0.00308096745218 0.0032516255077 0.00500503895346 0.00748778134519 0.0154771238872 0.00980887745647 0.00808418982579 0.0130643168506 0.323463979088 0.0186287868648 0.0208724251472 0.0123580105559 0.0169205562343 0.0140194710274 0.0199897633886 0.0128068445685 -0.00332010722593 0.0280568806633 0.0049324811349 0.028718187855 0.0104325409473 0.00164326706172 0.0175334275661 0.0239097489865 0.0142331930402 
0.0214920940524 0.0116211836814 -0.0021648611777 0.0176930326489 0.0164255464396 0.0296192448139 0.00911757309887 0.00911227557183 0.0161010564235 0.00122673289091 0.00528760368578 -0.00759223065638 0.0119692217794 0.0111218925871 0.00502348254465 0.00238368307231 0.00349872111881 0.00512785691509 0.0252145907513 0.00791199342925 0.000570987109167 -0.00169373983381 0.0164285108438 0.0186287868648 0.18260174771 0.000440807973118 0.0179482511171 0.0171017290206 0.0147910373349 0.00844638493934 0.000817255498018 0.0098857470701 0.0104670423095 0.00493388765503 0.0197351192594 0.0103760450087 0.00483939102659 -0.00134255256117 0.0104240858191 0.00734236822756 
0.0020114604815 0.0179670847027 0.00328132454667 0.019485487822 0.0516092977063 0.00884784307553 -8.48669185074e-05 0.00537654341401 0.044722079996 0.0470023888002 0.0322897509543 0.0168815049578 0.0531017477743 0.0350598561699 0.0431189408501 0.0237529287574 0.0212500574415 0.00904697657728 0.0380197789248 0.00618711107509 0.0647772488795 0.00467147410696 0.0319249328897 0.0208724251472 0.000440807973118 0.459670923209 0.0268253183418 0.00951335871539 0.00916449351692 0.0420550831274 0.0122033828466 0.0207988701717 0.0258746458508 0.0274985721669 -0.00905476319077 0.0291065157887 0.0172624789461 0.0571068084928 0.0284444349266 0.0399967586596 
0.00668798493786 0.00775099823371 0.00621171993549 0.00833380529514 0.0130956018612 0.0143490561503 0.0222128228765 0.00376410142865 0.0123755262143 0.0241723021733 0.00590565519636 0.0124843752204 0.000921527558103 0.00486491106379 0.0214948488704 0.00448971148698 0.0290554913675 0.0111024491881 -0.000101447317845 0.0142944345209 0.00669473530474 0.0328650972799 0.0222054303105 0.0123580105559 0.0179482511171 0.0268253183418 0.225567754764 0.00180244856322 0.0122892384272 0.00440072584013 -0.0101754540159 0.00360458012574 0.0168455197122 0.00866140644192 0.00845945859121 0.0106524979555 0.0198110691673 0.015282101387 -0.00155848804272 -0.000244290125701 
0.0184068909891 0.0221688478267 -0.00436589168625 0.00775887502533 0.0246755507595 -0.0030977053431 0.0110710944185 0.0114122179228 0.0248549698305 0.00665210265686 0.0527822141361 0.00361808912664 0.0260993818794 0.00693880022867 0.00396341462233 0.01463741726 0.0152507230863 0.0104751418109 0.00897467697178 0.0104711870574 0.00820990716844 0.0155212800932 0.00802981309129 0.0169205562343 0.0171017290206 0.00951335871539 0.00180244856322 0.14517171773 0.0100564553795 0.0182211149461 0.00221654609347 0.0165847863331 0.0250953267217 0.013764534477 -0.00144615348584 0.0191773411108 0.0112528595024 -0.000845985507955 0.019062598353 0.0136313028516 
0.00993815804244 0.00532729654398 0.0296680576781 0.00729437671903 0.0128175118768 0.000515350397584 0.00407874010609 0.00346087369718 0.0154375482301 0.00962884164083 0.0128958419254 0.0095708294331 0.0333871964488 0.000518403329959 0.0251061716505 0.00873627614678 0.026628205541 0.0229542623536 0.0142892512282 0.0116841552197 0.0124479465878 0.00720537394973 -0.00376634162156 0.0140194710274 0.0147910373349 0.00916449351693 0.0122892384272 0.0100564553795 0.184405587013 0.0103611058945 -0.00106937553895 0.0112232205648 0.0183306946705 0.0131624480475 0.0109165679661 0.0136017308894 0.0229055386475 0.0278137206216 0.0194850081559 0.0276048477031 
0.00233996318545 0.00517717271936 0.0106845441774 0.0221602145764 0.0217162248955 -0.0155741062675 0.00267871355296 0.00473215779267 0.0108092297008 0.0144717837414 0.0140378136205 4.63261270129e-05 0.0517086831324 0.0114088885133 0.0277986780125 0.0117889227987 0.0258085455868 0.0462042945762 0.0278714019681 0.0137753630548 0.0101526852662 0.00636481961038 0.0240588324558 0.0199897633886 0.00844638493934 0.0420550831274 0.00440072584013 0.0182211149461 0.0103611058945 0.292862552563 -0.000122276145807 0.00286619216996 0.0131535925351 0.00557805077609 0.00822361869043 0.00935138655777 0.019537447215 0.0229840764557 0.024964016276 0.0448394058353 
-0.00053612546465 0.00305346296862 -0.010524298883 0.00961788639554 0.025769682114 0.00513040948097 -0.00280356712869 0.00714280095994 -0.00379933640438 0.016866975773 0.0140886760673 0.0085598257673 0.00191495239589 0.000865625450018 -0.00909303735872 -0.00308240096798 0.0177438978906 0.0770318397586 0.00538916748467 0.00525467487973 0.0227578744207 0.00467595285949 0.00406130148125 0.0128068445685 0.000817255498018 0.0122033828466 -0.0101754540159 0.00221654609347 -0.00106937553895 -0.000122276145806 0.99804470632 0.000640524599958 0.0100551719706 -0.0154974905726 0.0056724522857 0.00583777183433 0.0149854452247 0.00585013005267 0.0127596212672 -0.00813428957999 
0.0378036262369 0.0168448483439 0.00916377260183 0.00956617606656 0.0207450457636 0.0452015132741 0.0372542585452 0.0442189973517 0.0164185740115 0.0107397530858 0.0270440057969 0.000305624256586 0.0143863859815 0.00789506192748 -0.0138824813734 0.015977381991 0.00715953078027 0.00519652802881 0.00601885658931 0.021422836528 0.0210554806101 0.0140375466795 0.00925655027931 -0.00332010722593 0.0098857470701 0.0207988701717 0.00360458012574 0.0165847863331 0.0112232205648 0.00286619216996 0.000640524599958 0.28750518575 0.0207330890643 0.0108146335888 0.021982822146 0.0183501668783 0.00604512089334 0.00950438789351 0.0106636241693 0.0190910347776 
0.0214916824967 0.0352743458689 0.0100463873281 0.0181092457124 0.0304986588574 0.0301447793146 0.0167666428933 0.0270782742136 0.0167437333695 0.0225208075971 0.0334806917518 -0.000823864447597 0.0289051806729 0.0189698596555 0.0150938668985 0.0275322870451 0.0120451171323 0.00707474231393 0.0157528994597 0.012553564455 0.0207306516857 0.000472580113648 0.0190357508716 0.0280568806633 0.0104670423095 0.0258746458508 0.0168455197122 0.0250953267217 0.0183306946705 0.0131535925351 0.0100551719706 0.0207330890643 0.21150739103 0.0155746494854 0.0152256791966 0.0127714656575 0.00113206259337 0.0163142000002 0.0164297869932 0.0126560083452 
0.0123330889103 0.0203860902431 0.015191368957 0.02877778639 0.0349656883988 0.0320343691309 0.00114567782091 0.0108831213888 0.00585165039533 0.0349140388962 0.0228048271558 0.00548661763059 0.0175337823599 0.0133898977342 0.0265560995065 0.0402637597454 0.00830879946469 0.0145999122242 0.0272501708832 0.030112925672 0.0729757312786 -0.00732684149273 -0.00320032131167 0.0049324811349 0.00493388765503 0.0274985721669 0.00866140644192 0.013764534477 0.0131624480475 0.00557805077609 -0.0154974905726 0.0108146335888 0.0155746494854 0.324988878571 0.00293714950838 0.0194019317738 0.0225449860465 0.017339348646 0.0308135472537 0.0116748118989 
0.0274767927085 0.00553985901982 0.0197352698282 0.0274654018607 0.0454181050791 0.166989558181 0.0406885237099 0.0331718731841 0.0211612702307 0.0186839241654 0.0143003673635 0.0143282301897 0.0151013319257 -0.00160501411211 -0.0059335884042 -0.00469787012656 0.0227955248816 0.0327333020413 0.0265698684962 0.0289084593453 0.0467626772658 0.00925045489283 0.0336012301873 0.028718187855 0.0197351192594 -0.00905476319077 0.00845945859121 -0.00144615348584 0.0109165679661 0.00822361869043 0.0056724522857 0.021982822146 0.0152256791966 0.00293714950838 0.721422314518 0.0234251039801 0.0101459777982 0.0248503265621 -0.00195939098456 0.0246926639706 
0.00758374359561 0.00921722262978 0.0095519288806 0.0136459074084 0.0540196217641 0.0526778613741 -0.000710390457821 0.00692666343449 0.028202311281 0.0212741425615 0.0290358132858 0.00264181047054 0.0359377967386 0.0635390057479 0.0240377929174 0.00628197677987 0.0187493733072 0.0102365134611 0.0174546865957 0.0191756570451 0.0246732184426 0.00736385805861 0.0411312040771 0.0104325409473 0.0103760450087 0.0291065157887 0.0106524979555 0.0191773411108 0.0136017308894 0.00935138655777 0.00583777183433 0.0183501668783 0.0127714656575 0.0194019317738 0.0234251039801 0.267409143161 0.0209711254999 0.0239021100506 0.008037329445 0.0216356645636 
0.00445023995478 0.00690657769329 0.00533128940986 0.0115328535442 0.0368931651949 0.013502647179 -0.000904176433052 0.0172233440386 0.0207369677064 0.02786898914 0.0160894258673 0.0103455456692 0.0244271415498 0.028234420094 -0.00345055052481 0.0175706116323 0.0246309094376 0.00237441158827 0.0117279603852 0.0104632958252 0.02935303848 4.63165966048e-05 0.0324415603597 0.00164326706172 0.00483939102659 0.0172624789461 0.0198110691673 0.0112528595024 0.0229055386475 0.019537447215 0.0149854452247 0.00604512089334 0.00113206259337 0.0225449860465 0.0101459777982 0.0209711254999 0.525679106676 -0.000211108504184 0.0259883319256 0.0114404484487 
0.00188494348072 0.0210898879547 0.019002201772 0.0339218462375 0.0324324870904 0.0346267284412 0.00831041107306 -0.0058009082239 0.0264230370118 0.0658629436478 0.0153136394555 0.0197681921763 0.037917474846 0.00860615051532 0.0177701863628 0.0117340277227 0.0226141074141 0.00932193236643 0.0318195602631 0.0161012534728 0.0457741083685 0.00507504399907 0.0315847606459 0.0175334275661 -0.00134255256116 0.0571068084928 0.015282101387 -0.000845985507955 0.0278137206216 0.0229840764557 0.00585013005267 0.00950438789351 0.0163142000002 0.017339348646 0.0248503265621 0.0239021100506 -0.000211108504184 0.279830158762 0.0218594550178 0.028572002724 
0.00683884771229 0.0247102928585 0.00949017222348 0.0132294915602 0.0286810965661 0.00954444909171 0.00495356280249 0.0119945362981 0.0190698112072 0.0376109115843 0.0127077899976 0.0171916816002 0.027627242701 0.0221131093625 0.0228986375258 -0.00186874731346 0.0317417253346 0.0268638516736 0.0263511986282 0.0149144885343 0.0336500480407 0.0125907588036 0.0362339962247 0.0239097489865 0.0104240858191 0.0284444349266 -0.00155848804272 0.019062598353 0.0194850081559 0.024964016276 0.0127596212672 0.0106636241693 0.0164297869932 0.0308135472537 -0.00195939098456 0.008037329445 0.0259883319256 0.0218594550178 0.194303868145 0.0120237276377 
0.00452593006198 0.00940244503508 0.00433067062228 0.00506014750544 0.013293272904 0.0174435194088 0.0123842393491 0.0157232666457 0.0143112299158 0.054801644137 0.0226938701465 -0.00496106440726 0.0540414398318 0.0106351721972 0.0222116059966 0.00737411449172 0.0310296172447 0.0290908524877 0.0362193671351 0.0107731784216 0.0125624899911 0.000973225243838 0.0202529584391 0.0142331930402 0.00734236822756 0.0399967586596 -0.000244290125701 0.0136313028516 0.0276048477031 0.0448394058353 -0.00813428957999 0.0190910347776 0.0126560083452 0.0116748118989 0.0246926639706 0.0216356645636 0.0114404484487 0.028572002724 0.0120237276377 0.301513099119 

['ED', 'GPC', 'KG', 'PLL', 'BSC', 'EOG', 'FPL', 'AEP', 'PFG', 'KLAC', 'HBAN', 'NFB', 'MAR', 'HAS', 'KSS', 'CPWR', 'MBI', 'MHS', 'BA', 'SLE', 'PD', 'NOVL', 'HPQ', 'HRB', 'CPB', 'COH', 'CTL', 'USB', 'CCU', 'YUM', 'GT', 'PEG', 'VNO', 'ITT', 'EP', 'CIT', 'MCO', 'ROK', 'PPG', 'MCD']