50
0.0451551332239 0.023795453615 0.0752984700253 0.0309081568087 0.0952892642352 0.0672535079153 0.0538205376978 0.0396221554001 0.0331056926512 0.22311845274 0.0162851568228 0.0223482457603 0.114001255301 0.0373994541978 0.0435638119902 0.066200000993 0.0246645675501 0.02473804396 0.148705689344 0.0733521468466 0.0202574279786 0.0265727047954 0.110783759143 0.0861911318708 0.044891801276 0.0297585566085 0.0192488530763 0.0700025840065 0.0761836706695 0.0631330997176 0.0726136826411 0.163811268696 0.0268988212896 0.0589662330248 0.0499472002084 0.093312473985 0.0354646018646 0.043075945187 0.00361039022472 0.0132097716294 0.0487859931196 0.0484031048171 0.0534443631468 0.0270000307956 0.019144788815 0.039859092222 0.0820701074714 0.041097516798 0.0157982173188 0.0413167922229 
0.303167296921 0.0021100964606 0.0232944962846 0.00727494972916 0.0640120260616 0.008594334501 0.0161709163394 0.00390036684425 -1.40377418318e-05 -0.000497879778559 0.0111183509266 -0.0154651701784 0.00827071310056 0.00475518943953 0.000333563079151 0.00417184873341 0.00572706939532 0.00353828961249 0.00596827140743 0.0247557735702 0.0167662568707 0.00546346121688 0.0183897096292 0.0134297059808 0.00689297629412 0.00491677350685 0.013210478123 0.00905379442624 0.0117121804945 -0.00245615270649 0.00933436226188 -0.000628398983083 0.00115033384629 0.00667328267119 0.0047361298719 0.0190876069835 0.0204218750193 0.0161639652037 -0.00490956879453 -0.00102222304495 0.00285638131804 0.0315359132546 0.0122438666202 0.0139721244888 0.00347811038481 0.00973878026542 0.00680822415268 0.00515060322298 0.00410594848163 -0.00267160843875 
0.0021100964606 0.177905009917 0.0010801460269 0.00866116938595 0.0121132086932 0.00815438574172 0.0224088500482 0.00809747078527 0.0430155776351 0.00949801925102 0.0439190507632 0.0131792116659 0.0123273152716 0.00883023248917 0.017616773589 0.041971504357 0.0205068824018 0.0329130279349 0.0187181722154 0.0189798388318 0.0168234284943 0.00784310665067 0.00628236103321 0.00873338731661 0.00909994128777 0.00949283769478 0.0105028036012 0.0203658118534 0.0089158592291 -0.00924854709867 -0.00394036570834 0.00259122071732 0.00666819676254 0.00266147660128 0.00252110286515 0.0131349702228 0.0492404334204 0.0137698030634 0.0111258208646 0.00854704981911 0.0138154826651 0.0008353285129 0.00550997320817 0.00364944466163 0.00441220394431 0.0175028473748 -0.000536150816186 0.0254305452896 0.0207683533699 0.0185319618659 
0.0232944962846 0.0010801460269 0.479909915796 0.0249721560851 0.0303356620768 0.00573014686516 0.0158197529921 0.0311662706232 0.00972677127321 0.024128984032 0.014346794959 0.0220186751237 -0.00192802682567 0.0116585425202 0.0112082177452 -0.00647728871579 0.00846884577989 0.00717328816534 0.0662861207317 -0.0226504839611 0.0186842283461 0.00892719201381 0.066829284518 0.0456337884866 0.0139104904189 0.0345197692171 0.00998532322156 0.000653088821078 0.0256954982351 0.0669175921018 0.0196337068847 0.0095287315209 0.0092041017925 0.0341786509505 0.0153230466707 0.0471306468792 0.00682901637258 0.0226944412423 0.0180432881829 0.0156865124253 0.0181264974755 0.0295305160111 0.0325897653467 0.0248875336921 0.0264447768647 0.0270863606677 0.0153795192664 0.0119929658671 0.0184187130245 0.021746345701 
0.00727494972916 0.00866116938595 0.0249721560851 0.274127355822 0.0102696401156 0.043889112965 0.027258093271 0.0224155347921 -0.0070416515633 0.0376238185687 0.000968150174845 0.0215955384235 -0.00331246455287 0.0266651513017 0.0187714011581 0.0495912992433 0.0356801628803 0.0119772640286 0.00160273803143 0.0288502940472 0.0151803039271 0.0275981539283 0.0221384950256 0.0106854107376 0.0113193114018 0.0628769669794 -0.00198528240024 -0.00817000932345 0.0162759881677 0.0179231988635 0.0224530019951 -0.00246646244614 0.0250630365828 0.0162373656644 -0.00532809383428 -0.010127375126 -0.00173918864315 0.0224326852481 0.0311765978737 0.00756813273975 0.0112918995313 0.00088295356749 0.0168410499103 0.0178139702185 0.0398636609372 0.0187205855342 0.0492294207926 0.010647447837 0.0185887375852 0.00373049299222 
0.0640120260616 0.0121132086932 0.0303356620768 0.0102696401156 0.508528132332 0.0129439099865 0.0154674021722 0.0215293445852 0.0122610918036 0.0146522939162 0.00927400031023 -0.0177542414452 -0.00916890122998 0.00520452939788 0.00103269315253 0.0103712907164 0.00572103082517 0.00423303896138 0.0266848349146 0.0115517883133 0.0358742832804 0.0263835931447 0.0130819722498 -0.00383092723143 0.00853011960695 0.0214977001804 0.0100163707172 0.00353266535078 0.0146818285653 0.0188704869937 0.0176137761002 -0.0128143542202 0.00756057629281 0.0138059396891 0.0106097333016 -0.00157341648678 0.000981300720773 -0.00159738782716 0.00758104417221 -0.00314922002518 0.0058117509489 0.0258161366132 0.0182880674698 0.0261289554387 0.0131090985721 -0.000818427320079 0.0224378170217 0.021521822203 0.0120606990283 0.0262145721159 
0.008594334501 0.00815438574172 0.00573014686516 0.043889112965 0.0129439099865 0.333941707545 0.026102794843 0.0332774121453 0.0370855308869 0.0703979152879 0.0120136371106 0.0193804801111 -0.00620034482498 0.0639834774994 -0.00695347945874 0.0364124159681 0.0182542316645 0.017965212927 0.0220794819606 0.0187344508732 0.0243615087094 0.0109776641653 0.0387815348017 0.00864864217432 0.0281240991668 0.0175669287324 0.00254209600227 0.0220178571537 0.0243610659109 0.0236410581908 0.0213165729718 -0.0175021958993 0.0204841888488 0.0423549854401 0.0112270371664 0.00713288624699 0.00389204200981 0.0233875966059 0.0130808751897 0.0139913527601 0.0187121230055 0.0334484066804 0.024447028066 0.0164500338635 0.0490331783307 0.00981550436833 0.027119967035 0.00524589329134 0.00106067585022 0.0127456940362 
0.0161709163394 0.0224088500482 0.0158197529921 0.027258093271 0.0154674021722 0.026102794843 0.293884922327 0.0359869155158 0.0217278339832 0.0264611972731 -0.00213403909485 0.0430397926814 0.00471819976615 0.0300247254942 0.0173061723898 0.0156693518463 0.0501149221314 0.0246662798526 0.0110124932635 0.0302072438127 0.0163995617704 0.0132090413807 0.00358322448239 0.0102935897572 0.0172407949183 0.0125772468789 0.0207992663858 0.00983045371402 0.00313718497533 0.0189953252821 0.0348206131325 0.0101978928835 0.00399852963925 0.0114439667133 0.0165654869297 -0.0138463683879 0.00532371292296 0.036050698536 0.0371815036015 0.0102652565319 0.0209162411109 0.0188382284577 0.0121639996007 0.0181925504232 0.0290108954313 0.0224422610629 0.0215663705453 0.0212892981374 0.00672661489024 0.0203213696108 
0.00390036684425 0.00809747078527 0.0311662706232 0.0224155347921 0.0215293445852 0.0332774121453 0.0359869155158 0.167872150468 0.0304745793813 0.0158060974906 0.0159717878977 0.0324358811302 -0.00527917305604 0.0123348246354 0.00623136638475 0.0143400126519 0.0440097149032 0.0174772222067 0.0160210895472 0.00822167205519 0.0225974906138 0.0225753115108 0.0324037665927 0.0202882455389 0.00853341566463 0.0179512258516 0.0132903503485 0.0108422460543 0.008996285784 0.00223922248124 0.0145745021949 -0.00437414289054 0.013635645615 0.0487327246664 0.0067324520311 -0.00846060038376 0.010036846896 0.0373825807766 0.00824069699297 0.0184282400894 0.01246238074 0.0278205533524 0.0111851180334 0.0141013811125 0.0236595875814 0.0198685763836 0.0183349088547 0.0300321643492 0.0102809654312 0.023938364631 
-1.4037741832e-05 0.0430155776351 0.00972677127321 -0.0070416515633 0.0122610918036 0.0370855308869 0.0217278339832 0.0304745793813 0.204748270595 0.0232102390756 0.0323730684999 0.0299442894746 -0.000167489172529 0.0157901058226 0.0167902091435 0.0144768688595 0.0141377070628 0.0346961340004 0.0182948358867 0.0172870954609 0.0184215714801 0.00274045067877 0.0122561841128 0.0328567181505 0.0233246780899 0.0135381416199 -0.00228643070167 0.0161482506243 0.0126035976027 0.00416830699579 0.0189234098409 0.0109423751431 -0.00419639224774 0.00753925878835 0.00809488203093 0.0306823300864 0.0431196064054 0.0209701902393 0.00530280415214 0.00383467532698 0.00676453835275 0.0127324806424 0.00914489115311 0.009537477094 0.016922644953 0.0135619709935 -0.00656187619998 0.0285017340849 0.0155356985388 0.0209297748224 
-0.00049787977856 0.00949801925102 0.024128984032 0.0376238185687 0.0146522939162 0.0703979152879 0.0264611972731 0.0158060974906 0.0232102390756 0.904125727446 0.0250407364122 0.0112275598885 -0.0127814276664 0.0291865509815 0.00631231518626 0.00094241800806 0.00676314454172 0.00240928038791 0.0875269442529 -0.00844083966446 0.0413947531947 0.00971585836979 0.0856343720134 0.0518770941921 0.0423010729016 0.0330900427905 0.00329649750589 -0.0177316598432 0.0773960581997 0.0519750645713 0.02114993126 -0.01313240039 0.0354438682563 0.000205231479351 0.0260923071897 0.0489898279073 -0.00175338323942 0.0271439524932 0.00780285950019 0.0121439023143 0.00664773732756 0.0374304666554 0.0383411219451 0.020451471968 0.0326317552414 0.0447078726475 0.0325653763898 0.0137498678458 0.0150172930701 0.0215942331184 
0.0111183509266 0.0439190507632 0.014346794959 0.000968150174845 0.00927400031023 0.0120136371106 -0.00213403909486 0.0159717878977 0.0323730684999 0.0250407364122 0.144350267356 0.013624314148 -0.00127653268856 0.0139436438624 0.0198325892243 0.0417175595555 0.0157294894076 0.0378835962071 0.0105355128355 0.0237089808981 0.00740902691509 0.0106324837114 0.0109951900605 0.0222998475956 0.00507890737708 0.0121050665015 0.0088488014266 -0.0013034892049 0.0053314634024 0.00028773980228 0.0117119128005 0.00836178862363 0.0119139783792 -0.00255742206805 0.00778009292996 0.026553009805 0.0438373858941 0.0143417187989 0.00359410363561 0.00100056318636 0.0144567024695 0.00782846602311 -0.0025942531502 0.00776861869841 0.0088513938466 0.00899052577374 -0.00926635509112 0.0132992028373 0.0179839821625 0.0261578635501 
-0.0154651701784 0.0131792116659 0.0220186751237 0.0215955384235 -0.0177542414452 0.0193804801111 0.0430397926814 0.0324358811302 0.0299442894746 0.0112275598885 0.013624314148 0.203570088997 0.0111486657308 0.0114338406445 0.0191188481418 0.0372199497658 0.0351850951871 0.025619705224 0.0148636998653 0.0214720228139 0.0108148906775 0.00421237371233 0.037622374144 0.0216293383388 0.0241604115902 0.016545993875 0.0102054665082 0.0154744153679 0.00876178160222 0.0208461197589 0.00980243298036 0.00372205026246 0.0130693238663 0.0210040081072 0.0222234636143 0.0045002244333 0.0188735985658 0.0256705491674 0.00245999687989 0.00634136106397 0.0194593655423 0.0135808397193 0.00210389154023 0.0181497166322 0.0243529047897 0.0163069749113 0.0183043432256 0.0108929883294 0.00394771389794 0.0226710389953 
0.00827071310056 0.0123273152716 -0.00192802682567 -0.00331246455287 -0.00916890122998 -0.00620034482498 0.00471819976615 -0.00527917305604 -0.000167489172529 -0.0127814276664 -0.00127653268856 0.0111486657308 1.13727259617 -0.0014502394337 0.012068273552 -0.00725606089034 0.0240492837241 0.00630704566858 0.00708066563894 -0.000507788753098 -0.00408611951125 -0.0153002964602 0.00855644527009 -0.00427839910444 0.00745820302816 0.0119810799894 0.00303871747392 -0.00658652570523 0.0383940081574 0.0122663203036 0.00657898977154 -0.00704710812144 0.00550444613219 -0.012571528503 -0.0076261375922 0.0074759809841 -0.00110624092119 0.0270857218056 -0.0044931459403 -0.00793913292758 -0.00647450279951 0.034534657323 -0.0128038386565 0.000564906345611 0.004521327999 0.0270500470003 0.00403403943478 -0.00148156665167 -0.0111436556701 -0.000795484778455 
0.00475518943953 0.00883023248917 0.0116585425202 0.0266651513017 0.00520452939788 0.0639834774994 0.0300247254942 0.0123348246354 0.0157901058227 0.0291865509815 0.0139436438624 0.0114338406445 -0.0014502394337 0.308016264754 -0.00324917826454 0.0209370376393 0.0140701440685 0.00688651708908 -0.000216545814952 0.027883308275 0.00585028909251 0.00248691482652 0.0265808862703 0.00552533413909 0.0375888954269 0.0144932611785 0.0265310004448 0.00674473659715 0.0130329271078 0.0193026759089 0.0212954006485 0.000397795757748 0.0183572355188 0.01152722018 0.00835438854395 0.0284585902061 0.00543724428617 0.0109900746192 0.0157960425421 0.0144141525047 0.0226139992085 0.0305487595552 0.0197212494669 0.024507443158 0.0368949470892 0.0215864128506 0.054097030453 0.0217839372999 0.00312793301448 0.0123298613592 
0.000333563079151 0.017616773589 0.0112082177452 0.0187714011581 0.00103269315253 -0.00695347945874 0.0173061723898 0.00623136638475 0.0167902091435 0.00631231518626 0.0198325892243 0.0191188481418 0.012068273552 -0.00324917826454 0.27211999397 0.0250984506652 0.0169422960157 0.0150412002333 0.0135629729564 0.0188406348137 0.0045008248698 0.00898362389498 0.0273189450634 0.00365027273223 0.0202601666642 0.00898252392567 0.0121496421319 0.00891887372057 -0.00217911551944 -0.0042095462989 0.0130611235088 -0.00767654147464 0.0027413777233 0.00144130258893 0.00929948839699 0.00399540904586 0.0104786703963 0.00958851715112 0.0126394592706 0.0111694936471 0.00437709715686 0.0194941098829 0.00684778270288 0.00143865264677 0.00986622142506 0.0131034043974 -0.0017798775747 0.0127149486431 0.0576711055432 0.0136952796247 
0.00417184873341 0.041971504357 -0.00647728871579 0.0495912992433 0.0103712907164 0.0364124159681 0.0156693518463 0.0143400126519 0.0144768688595 0.000942418008058 0.0417175595555 0.0372199497658 -0.00725606089034 0.0209370376393 0.0250984506652 0.637430916098 0.0306574052808 0.00877079095295 -0.000207239247849 0.0892136551193 -0.0111626282927 0.0210641690078 0.0193858366456 0.045260609094 0.0255699089832 0.0132283185582 0.0203183574797 0.0211783926957 0.0116743585256 -0.00154313496033 0.025991576856 -0.009133287337 -0.00584035116027 0.0264457608069 0.0359414001962 0.0154433959329 0.00368282819686 0.0220620939729 0.00830008571292 -0.0128028930739 0.0404874203763 0.0130939955756 0.0262800467588 0.0279920492809 0.0332989248528 0.00562002963831 0.0263591262946 -0.00967283296771 0.0269453466002 0.0310569043575 
0.00572706939532 0.0205068824018 0.00846884577989 0.0356801628803 0.00572103082517 0.0182542316645 0.0501149221314 0.0440097149032 0.0141377070628 0.00676314454172 0.0157294894076 0.0351850951871 0.0240492837241 0.0140701440685 0.0169422960157 0.0306574052808 0.155658828331 0.0232518395563 0.0104050480568 0.0144190149726 0.0215915352829 0.0318236807425 0.0217077067563 0.0104908528036 0.011007527269 0.0154587724845 0.012692426359 0.000544804608106 0.0138383072704 0.0123368340759 0.0178836599789 0.0128954672214 0.0173966358159 0.00254153218461 0.00739314228713 -0.00130325662249 0.0102742064716 0.0414724007966 0.0101724254322 0.00199415335276 0.0210860639509 0.0210506050563 0.00721651950822 0.0136773539396 0.0151077386795 0.0231038502884 0.024946462621 0.0355316791717 0.0122115049207 0.0150685510012 
0.00353828961249 0.0329130279349 0.00717328816534 0.0119772640286 0.00423303896138 0.017965212927 0.0246662798526 0.0174772222068 0.0346961340004 0.00240928038791 0.0378835962071 0.025619705224 0.00630704566858 0.00688651708908 0.0150412002333 0.00877079095295 0.0232518395563 0.156097625622 -0.000901790577578 0.0293086505209 0.0117780664002 0.00878292582497 0.0125926451841 0.0015839507417 0.00512463278428 0.0116229135614 0.0184375543373 0.00127850475934 0.00283962126184 -0.00579258068713 0.0157996252021 -0.0145628977954 0.000311600862606 0.00425846652457 0.00063328838787 0.0143153833348 0.0428968851706 0.0153480197651 0.0133264159415 0.00353018967132 0.0182925663008 0.0121178451104 -0.00580745058556 0.00283858651171 0.0105408041642 0.018637865249 -0.00857087792185 0.0134210413669 0.00789372806351 0.0162746517576 
0.00596827140743 0.0187181722154 0.0662861207317 0.00160273803143 0.0266848349146 0.0220794819606 0.0110124932635 0.0160210895472 0.0182948358867 0.0875269442529 0.0105355128355 0.0148636998653 0.00708066563894 -0.000216545814953 0.0135629729564 -0.00020723924785 0.0104050480568 -0.000901790577578 0.631786094854 -0.00733490776584 0.0389044554226 0.00812200771626 0.0671171446747 0.0394259318319 0.005808468807 0.0197028989128 0.00720825832965 0.00409148195404 0.0904019763022 0.0507562603559 0.034326128838 0.000994597407695 0.0147135747131 0.0157959125285 0.0226634817794 0.00043142583834 0.00478581526158 0.00817925042424 0.0137179010533 0.0197880542024 0.0255032148039 0.0342767456075 0.0292368486326 0.0247482848382 0.00460518390087 0.0117127911763 0.0297103837113 0.0277394575514 0.00941738361748 0.00227266631229 
0.0247557735702 0.0189798388318 -0.0226504839611 0.0288502940472 0.0115517883133 0.0187344508732 0.0302072438127 0.00822167205519 0.0172870954609 -0.00844083966446 0.0237089808981 0.0214720228139 -0.000507788753099 0.027883308275 0.0188406348137 0.0892136551193 0.0144190149726 0.0293086505209 -0.00733490776584 0.42970763978 0.00186654040166 0.0191716323509 0.0137796969182 0.00319694962204 0.00777390769719 0.0315132182279 0.0152643811091 0.00264715812981 -0.00107741631742 -0.00643922971411 0.034925282263 0.00844152417233 -0.021420925753 -0.00300189411825 0.00474375153931 0.0226372025451 0.0403513873427 0.0184624255263 0.0245500699318 -0.000441632931326 0.0158184909715 0.0123675735047 0.03182641217 0.0067252161565 0.022247246429 0.00342028870155 0.0247631166486 0.00796529001333 0.00579752490035 0.0317135258506 
0.0167662568707 0.0168234284943 0.0186842283461 0.0151803039271 0.0358742832804 0.0243615087094 0.0163995617704 0.0225974906138 0.0184215714801 0.0413947531947 0.00740902691509 0.0108148906775 -0.00408611951125 0.00585028909251 0.0045008248698 -0.0111626282927 0.0215915352829 0.0117780664002 0.0389044554226 0.00186654040166 0.272842813665 0.0171888542222 0.0531549379398 0.0315804261231 0.0295924307859 0.0317067221263 0.0149858221297 0.0106414418243 0.0311708994697 0.0304872290131 0.0444126127207 -0.0325590356369 0.0206684325622 0.0153739278538 0.0264485912561 0.0361884811603 0.00442745324607 0.0166258530624 0.0161350578924 0.0323138592745 0.011833284383 0.00536202293451 0.026072053091 0.0231355625586 0.0105807240586 0.0158937588048 0.0213907988966 0.0172785365866 0.00424752454168 0.0182497271154 
0.00546346121688 0.00784310665067 0.00892719201381 0.0275981539283 0.0263835931447 0.0109776641653 0.0132090413807 0.0225753115108 0.00274045067878 0.00971585836979 0.0106324837114 0.00421237371233 -0.0153002964602 0.00248691482652 0.00898362389498 0.0210641690078 0.0318236807425 0.00878292582497 0.00812200771626 0.0191716323509 0.0171888542222 0.208305376983 0.0236117723952 0.0110538979725 0.00981333982739 0.00809820759505 0.00499420077716 0.0135198709303 0.0217157323205 0.00314956400869 0.0252557521934 0.00206997324992 0.0100527330448 0.00585843750768 0.0105419729324 0.0113592913165 0.0138566230774 0.0275766023171 0.0049508704469 0.00678090391586 0.000717432687001 0.0225200157967 0.0203779043664 0.0102782730496 0.011663368048 0.0244344002343 0.0141540755069 0.0264847586615 0.0170253720049 0.00602021828989 
0.0183897096292 0.0062823610332 0.066829284518 0.0221384950256 0.0130819722498 0.0387815348017 0.00358322448239 0.0324037665927 0.0122561841128 0.0856343720134 0.0109951900605 0.037622374144 0.00855644527009 0.0265808862703 0.0273189450634 0.0193858366456 0.0217077067563 0.0125926451841 0.0671171446747 0.0137796969182 0.0531549379398 0.0236117723952 0.464301544992 0.0528796078764 0.0346637923262 0.027229345562 0.00530632684402 0.0179400518006 0.106078438164 0.0657238431288 0.0541897864119 0.0116850673246 0.0213831736338 0.031387233857 0.0336173601508 0.0264272456228 0.00131993643816 0.0378623409916 0.0141240339279 0.0111124889526 0.0134140675932 0.0517697543629 0.0106540138947 0.0359572728702 0.0123656859897 0.0150997132513 0.0630564987407 0.0249257053089 0.0201359978647 0.0166249535304 
0.0134297059808 0.00873338731661 0.0456337884866 0.0106854107376 -0.00383092723143 0.00864864217432 0.0102935897572 0.0202882455389 0.0328567181505 0.0518770941921 0.0222998475956 0.0216293383388 -0.00427839910444 0.00552533413909 0.00365027273223 0.045260609094 0.0104908528036 0.0015839507417 0.0394259318319 0.00319694962204 0.0315804261231 0.0110538979725 0.0528796078764 0.395988356865 0.010759596569 0.0151108963448 0.00447345171486 0.0243086781178 0.0630581260163 0.0402869259969 0.0329563067571 0.0103551860095 0.0211454211853 0.0301836934018 0.0236334944497 0.00722679981731 0.0118701685305 0.0214294255056 0.00534862394758 0.0214469611536 0.0242941760001 0.00828142462868 0.0163490295433 0.0197229488445 0.0277319843683 0.0391468845726 0.0106241670388 0.00475994041383 -0.0070243950213 0.0305455024438 
0.00689297629412 0.00909994128777 0.0139104904189 0.0113193114018 0.00853011960695 0.0281240991668 0.0172407949183 0.00853341566463 0.0233246780899 0.0423010729016 0.00507890737708 0.0241604115902 0.00745820302816 0.0375888954269 0.0202601666642 0.0255699089832 0.011007527269 0.00512463278428 0.005808468807 0.00777390769719 0.0295924307859 0.00981333982739 0.0346637923262 0.010759596569 0.334125172642 0.0211665433294 0.00732368887223 0.0233256789848 0.0268232619024 0.017652610081 0.0403263862482 0.0179640771305 0.0101435457903 0.0196470487993 0.0141000409603 0.0258724080606 0.00722316795365 0.0183347024391 0.0208390979219 0.00925573482635 0.039068633953 0.0245850739412 0.0225623862271 0.0368325938835 0.0289350966379 0.030625520616 0.0154069000426 0.0173239240851 0.0252550882551 0.0314859963726 
0.00491677350685 0.00949283769478 0.0345197692171 0.0628769669794 0.0214977001804 0.0175669287324 0.0125772468789 0.0179512258516 0.0135381416199 0.0330900427905 0.0121050665015 0.016545993875 0.0119810799894 0.0144932611785 0.00898252392567 0.0132283185582 0.0154587724845 0.0116229135614 0.0197028989128 0.0315132182279 0.0317067221263 0.00809820759505 0.027229345562 0.0151108963448 0.0211665433294 0.254656232241 0.00472058629024 0.00918826139993 0.0279551667698 0.0282620629707 0.0259795476369 -0.00687185203209 0.000255513989113 0.0149866278838 -0.00452537430762 0.0122373134556 0.0171187401512 0.0145419562334 0.0175339297897 0.010240406734 0.0111367815776 0.00442106366452 0.0322993686457 0.0153969334802 0.0349264180665 0.0218586023072 0.0196200989468 0.0172131652296 0.00688783936043 0.0143292181351 
0.013210478123 0.0105028036012 0.00998532322156 -0.00198528240024 0.0100163707172 0.00254209600227 0.0207992663858 0.0132903503485 -0.00228643070167 0.00329649750589 0.0088488014266 0.0102054665082 0.00303871747392 0.0265310004448 0.0121496421319 0.0203183574797 0.012692426359 0.0184375543373 0.00720825832965 0.0152643811091 0.0149858221297 0.00499420077716 0.00530632684402 0.00447345171486 0.00732368887223 0.00472058629024 0.137147669526 0.00704062850162 0.00947539244592 0.0119689600663 -0.000787439729245 0.000133902388341 0.00809928528725 0.010479137884 0.00290363525566 0.00335372258246 0.0118809116181 0.0169190833966 0.0097820094336 0.0138883322002 0.00374717601854 0.010360955065 0.0263637329039 0.00976276255398 -0.00356492044902 0.0116122077025 0.0117647748781 0.00848259757144 0.0204961384987 0.00677144235097 
0.00905379442624 0.0203658118534 0.000653088821078 -0.00817000932345 0.00353266535078 0.0220178571537 0.00983045371402 0.0108422460543 0.0161482506243 -0.0177316598432 -0.0013034892049 0.0154744153679 -0.00658652570523 0.00674473659715 0.00891887372057 0.0211783926957 0.000544804608106 0.00127850475934 0.00409148195404 0.00264715812981 0.0106414418243 0.0135198709303 0.0179400518006 0.0243086781178 0.0233256789848 0.00918826139993 0.00704062850162 0.3082185979 0.0183677378486 0.0247747240629 0.0145290645903 0.00160325625056 0.00628151409323 0.00554660675761 0.1097171546 0.0115887535498 0.00662055738524 0.0144421798964 0.00913099116443 0.0117191236972 0.0215690105095 0.0069812934422 0.0112658399555 0.00924544513264 0.0158624955816 0.0138360650399 -0.00734281955051 0.0279369444138 -0.00689129590764 0.015632287674 
0.0117121804945 0.0089158592291 0.0256954982351 0.0162759881677 0.0146818285653 0.0243610659109 0.00313718497533 0.008996285784 0.0126035976027 0.0773960581997 0.0053314634024 0.00876178160222 0.0383940081574 0.0130329271078 -0.00217911551944 0.0116743585256 0.0138383072704 0.00283962126184 0.0904019763022 -0.00107741631742 0.0311708994697 0.0217157323205 0.106078438164 0.0630581260163 0.0268232619024 0.0279551667698 0.00947539244592 0.0183677378486 0.39115054891 0.0300475415138 0.0218564229116 -0.00158195794016 0.00725946240661 0.00414589905001 -0.00162749664818 0.0303529346024 0.0106502944971 0.0192770472548 0.0224264869096 0.0106139847438 0.0173714659937 0.0314105673481 0.0132206027126 0.0392272099999 0.0154111492897 0.0260371174579 0.0291295591206 0.0101444473351 -0.00360346296428 0.010219501704 
-0.00245615270649 -0.00924854709867 0.0669175921018 0.0179231988635 0.0188704869937 0.0236410581908 0.0189953252821 0.00223922248124 0.00416830699579 0.0519750645713 0.00028773980228 0.0208461197589 0.0122663203036 0.0193026759089 -0.0042095462989 -0.00154313496033 0.0123368340759 -0.00579258068713 0.0507562603559 -0.00643922971411 0.0304872290131 0.00314956400869 0.0657238431288 0.0402869259969 0.017652610081 0.0282620629707 0.0119689600663 0.0247747240629 0.0300475415138 0.45789313026 0.0612042354524 0.00667459086365 0.00652202505929 0.0137634695345 0.0218241753212 0.0332454985003 0.0058175968268 0.0244661599041 0.0116257933651 0.028210810294 -9.10331138893e-05 0.0201713444219 0.0244569566394 0.0302651984739 0.00845412003642 0.0407035789955 0.0205167503614 0.0140415756729 0.00789222237222 0.00861360370987 
0.00933436226188 -0.00394036570834 0.0196337068847 0.0224530019951 0.0176137761002 0.0213165729718 0.0348206131325 0.0145745021949 0.0189234098409 0.02114993126 0.0117119128005 0.00980243298036 0.00657898977154 0.0212954006485 0.0130611235088 0.025991576856 0.0178836599789 0.0157996252021 0.034326128838 0.034925282263 0.0444126127207 0.0252557521934 0.0541897864119 0.0329563067571 0.0403263862482 0.0259795476369 -0.000787439729245 0.0145290645903 0.0218564229116 0.0612042354524 0.288729703537 0.00492608564098 0.00340355604975 0.0293279989878 0.0156743994065 0.0204095214475 0.0104643561574 0.0271918682129 0.0263767075843 0.010859622403 0.0439584534352 0.0332198356758 0.0429951276728 0.0508874150697 0.0332263375642 0.0454208216802 0.020288007665 0.0207587517668 0.00770516413264 0.0325882567421 
-0.000628398983083 0.00259122071732 0.0095287315209 -0.00246646244614 -0.0128143542202 -0.0175021958993 0.0101978928835 -0.00437414289054 0.0109423751431 -0.01313240039 0.00836178862363 0.00372205026246 -0.00704710812144 0.000397795757748 -0.00767654147464 -0.009133287337 0.0128954672214 -0.0145628977954 0.000994597407695 0.00844152417233 -0.0325590356369 0.00206997324992 0.0116850673246 0.0103551860095 0.0179640771305 -0.00687185203209 0.000133902388341 0.00160325625056 -0.00158195794016 0.00667459086365 0.00492608564098 1.37034647114 0.0220871334959 -0.0122064528121 0.014666572797 0.00913812171278 0.00937793984651 0.00561826589055 -0.00286244017846 -1.79809132053e-05 0.0105774688115 0.00958308765187 -0.000700386587838 0.00952943042969 -0.00848776225781 -0.000717051048812 0.000548710971999 0.0295142576995 -0.00587174380056 0.0222138273858 
0.00115033384629 0.00666819676254 0.0092041017925 0.0250630365828 0.00756057629281 0.0204841888488 0.00399852963925 0.013635645615 -0.00419639224774 0.0354438682563 0.0119139783792 0.0130693238663 0.00550444613219 0.0183572355188 0.0027413777233 -0.00584035116027 0.0173966358159 0.000311600862605 0.0147135747131 -0.021420925753 0.0206684325622 0.0100527330448 0.0213831736338 0.0211454211853 0.0101435457903 0.000255513989113 0.00809928528725 0.00628151409323 0.00725946240661 0.00652202505929 0.00340355604975 0.0220871334959 0.218529352323 0.00393621226442 0.00378567389763 -0.00646966425653 -0.0016381028564 0.00297000935272 0.0158260432502 0.0150039520338 0.00813936321085 0.0218607275801 0.0127680836491 0.0162436491179 0.018073968242 0.0118589237499 0.00495189710246 0.0173610779081 -0.00949277528542 0.00547417969632 
0.00667328267119 0.00266147660128 0.0341786509505 0.0162373656644 0.0138059396891 0.0423549854401 0.0114439667133 0.0487327246664 0.00753925878835 0.000205231479352 -0.00255742206805 0.0210040081072 -0.012571528503 0.01152722018 0.00144130258893 0.0264457608069 0.00254153218461 0.00425846652457 0.0157959125285 -0.00300189411825 0.0153739278538 0.00585843750768 0.031387233857 0.0301836934018 0.0196470487993 0.0149866278838 0.010479137884 0.00554660675761 0.00414589905001 0.0137634695345 0.0293279989878 -0.0122064528121 0.00393621226442 0.397848363096 0.0293957172979 0.0297777661721 -0.0074544619722 0.00905935873834 0.00349079477269 0.0167594945036 0.00572629548978 0.0187176370187 0.0207181357778 0.0246049935335 0.0168182829799 0.0013708755686 0.00898703806614 0.00863249798578 0.0010046305033 0.0262845608433 
0.00473612987189 0.00252110286515 0.0153230466707 -0.00532809383428 0.0106097333016 0.0112270371664 0.0165654869297 0.0067324520311 0.00809488203093 0.0260923071897 0.00778009292997 0.0222234636143 -0.0076261375922 0.00835438854395 0.00929948839699 0.0359414001962 0.00739314228713 0.000633288387869 0.0226634817794 0.00474375153931 0.0264485912561 0.0105419729324 0.0336173601508 0.0236334944497 0.0141000409603 -0.00452537430762 0.00290363525566 0.1097171546 -0.00162749664818 0.0218241753212 0.0156743994065 0.014666572797 0.00378567389763 0.0293957172979 0.349898782603 0.0137744441504 0.00551178856492 0.0126316803625 0.0261678204062 0.00054952438935 0.0141650110289 0.000129484351659 0.0133694868315 0.0115690150044 0.0118805397444 -0.00178135123937 0.0169679141575 0.00895936937789 0.0282283008717 0.0180709132267 
0.0190876069835 0.0131349702228 0.0471306468792 -0.010127375126 -0.00157341648678 0.00713288624699 -0.0138463683879 -0.00846060038376 0.0306823300864 0.0489898279073 0.026553009805 0.0045002244333 0.0074759809841 0.0284585902061 0.00399540904586 0.0154433959329 -0.00130325662249 0.0143153833348 0.00043142583834 0.0226372025451 0.0361884811603 0.0113592913165 0.0264272456228 0.00722679981731 0.0258724080606 0.0122373134556 0.00335372258246 0.0115887535498 0.0303529346024 0.0332454985003 0.0204095214475 0.00913812171278 -0.00646966425653 0.0297777661721 0.0137744441504 0.453766927829 0.0312199988768 0.000538687807849 0.00322335543919 -0.00527244572766 0.0278506150032 0.0346084081912 0.0330663767073 0.0245083261417 0.00677287806817 0.0248280228468 0.00918508244905 0.0289180199634 -0.00498395419173 0.0133246399004 
0.0204218750193 0.0492404334204 0.00682901637258 -0.00173918864315 0.000981300720774 0.00389204200981 0.00532371292296 0.010036846896 0.0431196064054 -0.00175338323942 0.0438373858941 0.0188735985658 -0.00110624092119 0.00543724428617 0.0104786703963 0.00368282819686 0.0102742064716 0.0428968851706 0.00478581526158 0.0403513873427 0.00442745324607 0.0138566230774 0.00131993643816 0.0118701685305 0.00722316795365 0.0171187401512 0.0118809116181 0.00662055738524 0.0106502944971 0.0058175968268 0.0104643561574 0.00937793984651 -0.0016381028564 -0.0074544619722 0.00551178856492 0.0312199988768 0.189805776684 0.00869569161878 0.00114142646148 0.000277419489931 0.014702286038 0.0100138622881 0.0021061609135 0.00402857776299 0.0108714076656 0.00871324951641 -0.0127947046771 0.0189333246476 0.0234252786919 0.0167720688288 
0.0161639652037 0.0137698030634 0.0226944412423 0.0224326852481 -0.00159738782716 0.0233875966059 0.036050698536 0.0373825807766 0.0209701902393 0.0271439524932 0.0143417187989 0.0256705491674 0.0270857218056 0.0109900746192 0.00958851715112 0.0220620939729 0.0414724007966 0.0153480197651 0.00817925042424 0.0184624255263 0.0166258530624 0.0275766023171 0.0378623409916 0.0214294255056 0.0183347024391 0.0145419562334 0.0169190833966 0.0144421798964 0.0192770472548 0.0244661599041 0.0271918682129 0.00561826589055 0.00297000935272 0.00905935873834 0.0126316803625 0.000538687807849 0.00869569161878 0.203221208241 0.00342820073144 -0.00382058755078 0.00531264352751 0.0176700605454 -0.00051987709082 0.0155112382777 0.0174358469142 0.0343533212699 0.0195555104439 0.0283672126906 0.0120721968989 0.00357550290518 
-0.00490956879453 0.0111258208646 0.0180432881829 0.0311765978737 0.00758104417221 0.0130808751897 0.0371815036015 0.00824069699297 0.00530280415214 0.00780285950019 0.00359410363561 0.00245999687989 -0.0044931459403 0.0157960425421 0.0126394592706 0.00830008571292 0.0101724254322 0.0133264159415 0.0137179010533 0.0245500699318 0.0161350578924 0.0049508704469 0.0141240339279 0.00534862394758 0.0208390979219 0.0175339297897 0.0097820094336 0.00913099116443 0.0224264869096 0.0116257933651 0.0263767075843 -0.00286244017846 0.0158260432502 0.00349079477269 0.0261678204062 0.00322335543919 0.00114142646148 0.00342820073144 0.217366551489 0.00652531849974 0.00896225379467 0.0167266174849 0.00681825963254 0.0135636922495 0.0120729348127 0.0130399397964 0.0137313223073 0.00749482559994 -0.00176743676624 0.022722488363 
-0.00102222304495 0.00854704981911 0.0156865124253 0.00756813273975 -0.00314922002517 0.0139913527601 0.0102652565319 0.0184282400894 0.00383467532698 0.0121439023143 0.00100056318636 0.00634136106398 -0.00793913292758 0.0144141525047 0.0111694936471 -0.0128028930739 0.00199415335277 0.00353018967132 0.0197880542024 -0.000441632931326 0.0323138592745 0.00678090391586 0.0111124889526 0.0214469611536 0.00925573482635 0.010240406734 0.0138883322002 0.0117191236972 0.0106139847438 0.028210810294 0.010859622403 -1.79809132053e-05 0.0150039520338 0.0167594945036 0.00054952438935 -0.00527244572766 0.000277419489932 -0.00382058755078 0.00652531849974 0.163732739573 0.0110774070546 0.0199339741003 0.0162533542207 0.0231869017287 0.0183658365343 0.0170820719338 0.00612580621382 0.0203754920634 0.00626492166111 0.0140966680139 
0.00285638131804 0.0138154826651 0.0181264974755 0.0112918995313 0.0058117509489 0.0187121230055 0.0209162411109 0.01246238074 0.00676453835275 0.00664773732756 0.0144567024695 0.0194593655423 -0.00647450279951 0.0226139992085 0.00437709715686 0.0404874203763 0.0210860639509 0.0182925663008 0.0255032148039 0.0158184909715 0.011833284383 0.000717432687001 0.0134140675932 0.0242941760001 0.039068633953 0.0111367815776 0.00374717601854 0.0215690105095 0.0173714659937 -9.1033113889e-05 0.0439584534352 0.0105774688115 0.00813936321085 0.00572629548978 0.0141650110289 0.0278506150032 0.014702286038 0.00531264352751 0.00896225379467 0.0110774070546 0.452078406244 0.016125771466 0.0124029278935 0.00604233868221 0.015925589611 0.00149853514941 0.0208874655853 0.01641034433 0.000697731595096 0.0192500890161 
0.0315359132546 0.000835328512901 0.0295305160111 0.00088295356749 0.0258161366132 0.0334484066804 0.0188382284577 0.0278205533524 0.0127324806424 0.0374304666554 0.00782846602311 0.0135808397193 0.034534657323 0.0305487595552 0.0194941098829 0.0130939955756 0.0210506050563 0.0121178451104 0.0342767456075 0.0123675735047 0.00536202293451 0.0225200157967 0.0517697543629 0.00828142462868 0.0245850739412 0.00442106366452 0.010360955065 0.0069812934422 0.0314105673481 0.0201713444219 0.0332198356758 0.00958308765187 0.0218607275801 0.0187176370187 0.000129484351659 0.0346084081912 0.0100138622881 0.0176700605454 0.0167266174849 0.0199339741003 0.016125771466 0.255810924083 0.0337095153763 0.0192660709986 0.0318182138868 0.0317134470944 0.0201137240543 0.0198486129857 0.00667842457943 0.0114879322552 
0.0122438666202 0.00550997320817 0.0325897653467 0.0168410499103 0.0182880674698 0.024447028066 0.0121639996007 0.0111851180334 0.00914489115311 0.0383411219451 -0.0025942531502 0.00210389154023 -0.0128038386565 0.0197212494669 0.00684778270288 0.0262800467588 0.00721651950822 -0.00580745058556 0.0292368486326 0.03182641217 0.026072053091 0.0203779043664 0.0106540138947 0.0163490295433 0.0225623862271 0.0322993686457 0.0263637329039 0.0112658399555 0.0132206027126 0.0244569566394 0.0429951276728 -0.000700386587838 0.0127680836491 0.0207181357778 0.0133694868315 0.0330663767073 0.0021061609135 -0.00051987709082 0.00681825963254 0.0162533542207 0.0124029278935 0.0337095153763 0.304122238825 0.018720814543 0.0252907188082 0.019469764996 0.0347157326618 0.0141469525716 0.0187875471214 0.0337917516725 
0.0139721244888 0.00364944466163 0.0248875336921 0.0178139702185 0.0261289554387 0.0164500338635 0.0181925504232 0.0141013811125 0.009537477094 0.020451471968 0.00776861869841 0.0181497166322 0.00056490634561 0.024507443158 0.00143865264677 0.0279920492809 0.0136773539396 0.0028385865117 0.0247482848382 0.0067252161565 0.0231355625586 0.0102782730496 0.0359572728702 0.0197229488445 0.0368325938835 0.0153969334802 0.00976276255398 0.00924544513264 0.0392272099999 0.0302651984739 0.0508874150697 0.00952943042969 0.0162436491179 0.0246049935335 0.0115690150044 0.0245083261417 0.00402857776299 0.0155112382777 0.0135636922495 0.0231869017287 0.00604233868221 0.0192660709986 0.018720814543 0.210530947692 0.0287104211251 0.015944089125 0.0274205267879 0.0182267906725 0.00499844752554 0.0112837139303 
0.00347811038481 0.00441220394431 0.0264447768647 0.0398636609372 0.0131090985721 0.0490331783307 0.0290108954313 0.0236595875814 0.016922644953 0.0326317552414 0.0088513938466 0.0243529047897 0.004521327999 0.0368949470892 0.00986622142506 0.0332989248528 0.0151077386795 0.0105408041642 0.00460518390087 0.022247246429 0.0105807240586 0.011663368048 0.0123656859897 0.0277319843683 0.0289350966379 0.0349264180665 -0.00356492044902 0.0158624955816 0.0154111492897 0.00845412003642 0.0332263375642 -0.00848776225781 0.018073968242 0.0168182829799 0.0118805397444 0.00677287806817 0.0108714076656 0.0174358469142 0.0120729348128 0.0183658365343 0.015925589611 0.0318182138868 0.0252907188082 0.0287104211251 0.223511368827 0.0196407757579 0.0189755548272 0.0264971871597 0.013568431315 0.0238052206627 
0.00973878026542 0.0175028473748 0.0270863606677 0.0187205855342 -0.000818427320079 0.00981550436833 0.0224422610629 0.0198685763836 0.0135619709935 0.0447078726475 0.00899052577374 0.0163069749113 0.0270500470003 0.0215864128506 0.0131034043974 0.00562002963831 0.0231038502884 0.018637865249 0.0117127911763 0.00342028870155 0.0158937588048 0.0244344002343 0.0150997132513 0.0391468845726 0.030625520616 0.0218586023072 0.0116122077025 0.0138360650399 0.0260371174579 0.0407035789955 0.0454208216802 -0.000717051048812 0.0118589237498 0.0013708755686 -0.00178135123937 0.0248280228468 0.00871324951641 0.0343533212699 0.0130399397964 0.0170820719338 0.00149853514941 0.0317134470944 0.019469764996 0.015944089125 0.0196407757579 0.268084118375 0.0316799287991 0.0204333962265 0.00171333980452 0.00500313066527 
0.00680822415268 -0.000536150816186 0.0153795192664 0.0492294207926 0.0224378170217 0.027119967035 0.0215663705453 0.0183349088547 -0.00656187619998 0.0325653763898 -0.00926635509112 0.0183043432256 0.00403403943478 0.054097030453 -0.0017798775747 0.0263591262946 0.024946462621 -0.00857087792185 0.0297103837113 0.0247631166486 0.0213907988966 0.0141540755069 0.0630564987407 0.0106241670388 0.0154069000426 0.0196200989468 0.0117647748781 -0.00734281955051 0.0291295591206 0.0205167503614 0.020288007665 0.000548710971999 0.00495189710246 0.00898703806614 0.0169679141575 0.00918508244905 -0.0127947046771 0.0195555104439 0.0137313223073 0.00612580621382 0.0208874655853 0.0201137240543 0.0347157326618 0.0274205267879 0.0189755548272 0.0316799287991 0.481186391505 0.0160367652767 0.0112446149958 0.0233661883126 
