50
0.0168064994581 0.0231907610599 0.02473804396 0.0765601453803 0.0333203023267 0.0191748751409 0.0911559741232 0.0404531955786 0.067654701563 0.0313696733512 0.104005811155 0.0388313797841 0.0773240107923 0.0522856391002 0.0387981152642 0.0396471392927 0.0367752030525 0.0725669815102 0.0565521495323 0.0441448787565 0.0130713531851 0.0285995604788 0.0244433913508 0.371102806834 0.0316848802341 0.0690415105338 0.15717092416 0.02392892696 0.0447966226616 0.0206637964956 0.100974868985 0.0384738749472 0.162626926374 0.0952881581377 0.0678674292734 0.023795453615 0.0280903462606 0.061476397973 0.0282353637115 0.0788996306534 0.0270240384822 0.0754225878746 0.0534443631468 0.0357111585815 0.0295384146509 0.0540864966038 0.0429032651101 0.0378384564622 0.0335830315084 0.0692922129373 
0.213606045774 0.0123817088417 0.0127588200913 0.0127700370956 0.0150827751298 0.0146067182386 0.0231594000011 0.00875937782179 -0.0062262143719 0.00969800087115 0.00643973874139 0.00752197152805 0.0224687544109 0.0115250371233 -0.00021327279776 0.00797360032124 0.0148795230354 0.00217646345833 0.00436829796984 0.0115554922224 0.0151852887697 0.0128287069813 0.00459767382378 0.00175021063171 0.0149399655344 -0.00613520987399 0.0227089044567 0.00958447994906 0.0184451109861 0.0112443670471 0.0146486824684 0.00539626435471 -0.00198822871733 0.0155955876362 0.0161717964719 0.0125680119731 0.00568415200831 0.00467117345188 0.019964578402 0.00599884484955 0.00844821048218 0.00934331773971 3.63175682551e-05 0.0118349002428 0.028470563199 0.019296393814 0.00979128738926 0.00916609714381 0.00685665671828 0.00821715332943 
0.0123817088417 0.227020757495 0.0128489885831 0.00894434959364 0.00180812800112 0.00859117175501 0.00602855274008 0.00674512995146 0.0145685948837 0.0117058247846 0.0156333801999 0.0113834030759 0.0241403707112 0.00483825585143 0.00634502112897 0.00806357127681 0.00905311445704 0.0112677357692 0.00717455699086 0.0261220851038 0.00875122343423 0.0343444437106 0.0112059905227 0.016330994142 0.0268761115882 0.0204599208265 0.00723285789995 0.0127198343887 0.0194982964732 0.0257885042569 0.0116096643992 9.08905919591e-05 0.0127146332798 0.0147241681994 0.0166719124987 0.0128766321621 0.0141811967068 0.011596272354 0.0132645740785 -0.00253347159237 0.0052748840038 0.0291126026618 0.020134214526 0.0270974438682 0.0198129995766 -0.0090592473877 0.033335199645 0.0145868153154 -0.00579035009475 0.0233284827915 
0.0127588200913 0.0128489885831 0.156001327359 0.0143893363108 0.0114442625453 0.00714484134474 0.00076471722659 0.0186198242128 0.0257240663268 0.0111040544383 0.0254541516669 0.0111094694469 0.0197788968594 0.0060873906103 0.00637339348689 0.0428288255246 0.0137513571023 0.0142700917459 0.0186729296414 0.0199253550636 0.046952602601 0.00318748746911 0.00381778875009 0.00929837238747 0.0112648137907 0.013532416552 -0.0064454895122 -0.00360103653782 0.0125184192833 0.0129565200497 -0.00519549085781 0.00924701183502 0.0132958876677 0.00930181487363 0.0108255224257 0.034918007049 0.0164503855826 0.013766996878 0.027579831264 0.0147494309986 0.00103966600611 0.00978435289266 -0.00852843395689 0.0126266889563 0.0145923276211 0.0163829947592 0.00535722207081 -3.1489356746e-05 -0.00304373453816 0.00602688137536 
0.0127700370956 0.00894434959364 0.0143893363108 0.332313952126 0.00993816740526 0.0111813052479 0.0430431157677 0.030951312835 0.00273333908578 0.0118565310702 0.0216212066846 0.0234940620665 0.0354840590792 0.0348075572805 0.0300560102991 0.00786323101754 0.00376192883882 0.0357945363382 0.0350134767203 0.0262829432928 0.0138693420439 0.0165081634609 -0.005757531214 0.0283005909479 0.0171157129297 0.048510400543 0.0487107833002 0.00509856056083 0.023265052567 0.0126863058535 0.0255302488018 0.0104684785005 0.033470949188 0.0353362130627 0.0253055735356 0.00729193996251 0.00436518568189 0.0420702321258 0.0190594677427 0.0182885298897 0.0102337490641 0.0183649940058 0.0229472845965 0.0084741604715 0.00660820101168 0.0125795117258 0.0138039740911 -0.0169253946972 0.0235843808559 0.0405387074072 
0.0150827751298 0.00180812800112 0.0114442625453 0.00993816740526 0.193163121224 0.017138252447 0.0356404139398 0.0264037118891 0.0198897851086 0.015045797821 0.0236960174604 0.0135139653023 0.0251358862285 0.00246104181553 0.00297856619685 -0.0014455118505 0.042660201701 0.00753932082034 0.0156093561629 0.0167447474634 0.0147817211128 0.0201089125141 0.0137123457276 0.023872478071 0.00864330767692 0.00420958348233 0.00284100908374 0.0278789050327 0.0122578055285 0.0104171902098 0.00835042266671 0.0413457803219 0.0126999610386 0.0397446848153 0.0134180443903 0.00688493144596 0.0134023094462 0.0166690922012 0.0122348987916 0.00312522051138 0.0158698345517 0.00527567535962 0.0191532995161 0.00818913391872 0.000542903946141 0.0140925769589 0.0144932304476 0.0150063360211 0.0100269254866 0.00828685186999 
0.0146067182386 0.00859117175501 0.00714484134474 0.0111813052479 0.017138252447 0.170471891071 0.0176969184529 0.00948584141676 0.0132868003312 0.0152405862543 0.0363149523575 -0.00241000906894 0.0193616209785 0.00799909279471 0.00637479916169 0.0193887142028 0.0170552394145 0.0239511776357 0.00833237525137 0.0199357338383 0.0126614646412 0.0298099516366 0.0184343460399 0.0158753788281 0.0215694119513 0.0112269616178 0.0272502185562 0.00691956025429 0.0116630161887 0.0198159270674 0.0297711276231 0.0026555097811 0.0259779601954 0.0173045501242 0.0183304394499 0.0248872277902 0.0252128745856 0.0386883929205 0.0220308644804 0.00721315102174 0.0246923830267 0.0118396946667 0.00844587305816 0.0180622453019 0.0184442789856 0.00593968165125 0.0133422615844 -0.00654932808495 0.00624310950074 -0.00253338344673 
0.0231594000011 0.00602855274008 0.00076471722659 0.0430431157677 0.0356404139398 0.0176969184529 0.356595207343 0.0669946521869 0.00525297896824 0.0159276662536 0.037655654 0.038659578972 0.0352927845057 0.0463776897719 0.0330293433024 0.0174485338506 0.000365330716508 0.0333828109224 0.0187377921798 0.0163956106535 0.00974309740338 0.00500997117549 0.0103249539871 0.0512072198465 0.0135633267259 0.0485221105123 0.0571321725873 0.0233673573867 0.0308584749466 0.00833879535907 0.0292164440581 0.0331017132766 0.0031797842024 0.0520450216187 0.0160602817465 0.0099919131144 0.0229923379248 0.0362435625552 0.00951867474119 0.00477772719587 0.0166329337782 0.0412332427821 0.0354490523407 0.0215996506962 0.0176461840879 0.0170902214803 0.0253885176972 0.00603589570742 0.013949170024 0.0158928850733 
0.00875937782179 0.00674512995146 0.0186198242128 0.030951312835 0.0264037118891 0.00948584141676 0.0669946521869 0.337530790044 0.0148623427257 0.0079679851453 0.00478518807752 0.017704808221 0.0359286830364 0.0389798138341 0.0244584966688 0.0138663192555 0.00212699689048 0.0323796556244 0.0254264206436 0.0284991826376 0.00792107759923 0.0200262386356 0.0322381715852 0.00785298332779 0.0193609010107 0.0187857635481 0.0428509199181 0.0217557901619 0.0197096037105 0.005857823574 0.077533319958 0.0067120705509 0.0180286991499 0.053281438219 0.0108266899837 0.000334625975567 0.014493919261 0.0241238621974 0.00463726026711 0.00588379621703 0.0176277184688 0.00507725901946 0.0153541637612 0.00794433724829 0.00330182156287 0.0161154590495 0.0107190601548 0.000693813668832 0.0164096912292 0.00886536777521 
-0.0062262143719 0.0145685948837 0.0257240663268 0.00273333908578 0.0198897851086 0.0132868003312 0.00525297896824 0.0148623427257 0.382306802549 0.000561047458441 0.00828022552951 0.00350876624412 0.0106732419973 -0.00323785068517 0.00791931292446 0.0313942914387 0.0233464049978 0.0153068341753 -0.00970911135606 0.0154928694877 0.0172961751009 0.0204143123724 0.00485421448371 0.0241804043334 0.0128562843278 0.0154208327495 0.0206058032447 0.00239583548947 0.0148099167081 0.0166642588165 0.00494036508527 -0.00432251142764 -0.0107030563572 0.0103425790456 0.010266469927 0.0203654759596 0.0114803544242 0.0196729915609 0.0224324922694 0.00310276811217 0.0146275288489 0.0277220636176 0.00253220276364 0.00218539602222 0.0102298016097 0.0159831301434 -0.00494921641462 0.00945450666221 0.00370870042221 0.00420683325785 
0.00969800087115 0.0117058247846 0.0111040544383 0.0118565310702 0.015045797821 0.0152405862543 0.0159276662536 0.0079679851453 0.000561047458441 0.17268310423 0.0241540010271 0.00750183552397 0.0278338255207 0.0211718670061 0.0176526960596 0.0151559158017 0.0100274053448 0.0128734420954 -0.00474785072281 0.0232783375147 0.0153356201792 0.00517017862975 0.0139538383876 0.0216291819215 0.0117728452447 0.0140995580121 0.00858538409354 0.00542440391731 0.023798137216 0.0149564784937 -0.00520005591713 0.0124774555595 0.00262031920402 0.00690930538465 0.0178640230177 0.0217180505572 0.0199926895594 0.0170352655948 0.010704836956 0.00828233708712 0.00970322937649 0.0117406433125 0.0266551144556 0.0240339326999 0.0160016412208 0.010666198296 0.0414674670498 -0.00707568516168 -0.00513799392627 0.0171942395181 
0.00643973874139 0.0156333801999 0.0254541516669 0.0216212066846 0.0236960174604 0.0363149523575 0.037655654 0.00478518807752 0.00828022552951 0.0241540010271 0.517326944624 0.0394343024592 0.0450703410695 0.0120682220439 0.0187726602034 0.000774068118407 0.0191914772577 0.0285369066159 0.00641507569686 0.0298650137546 0.00866048386666 0.00721596120136 0.0172153101768 0.0806324011777 0.00918680059571 0.0521312237715 0.0402931674808 0.0277527892335 0.0399399584046 0.0232741299351 0.0245454018887 0.00396861513963 0.000478923151416 0.0543851588242 0.0557199486814 0.0150092999948 0.0172001111487 0.0445356368699 0.0186798961873 0.00749595532135 0.0221429603816 0.00507901299464 0.00681365634409 0.0471785875518 0.0237658848309 -0.00299306288358 0.0164080360643 0.0136589829963 0.0288406688803 0.0175471111542 
0.00752197152805 0.0113834030759 0.0111094694469 0.0234940620665 0.0135139653023 -0.00241000906894 0.038659578972 0.017704808221 0.00350876624412 0.00750183552397 0.0394343024592 0.393158191446 0.0569787060399 -0.0027995399257 -0.000887281463066 0.0213470232261 0.00631134949076 0.0229843127485 0.00899364316983 0.0147336852456 0.00349619263948 0.0113009276332 -0.00154298697297 0.0109415906091 0.00416696764017 0.0475955578046 0.00406375236545 0.0460739006259 0.0384587362243 0.012384339672 0.0562871113777 0.0264733811203 0.00761274595285 0.0594765541059 0.028936417976 0.000722775137207 0.0164854584364 0.00235591585097 0.0148095567102 0.0122116380004 -0.000591665720527 0.020266756769 0.0192675631002 0.0224119187252 -0.00612395530113 0.0174705261208 0.00576901069844 -0.00941060555596 0.0127886690945 0.0251550559221 
0.0224687544109 0.0241403707112 0.0197788968594 0.0354840590792 0.0251358862285 0.0193616209785 0.0352927845057 0.0359286830364 0.0106732419973 0.0278338255207 0.0450703410695 0.0569787060399 0.40849560967 0.041684558136 0.0260677424092 0.0517856867017 0.0197797239042 0.0598942057885 0.0123222462137 0.037329404168 0.0153599441399 0.0403133453357 0.0108162067564 0.0122717778577 0.0220823585616 0.0307849981198 0.0511163963734 0.0347821350851 0.0462623510524 0.0207057032186 0.0604550494677 0.0145019093578 0.014949644492 0.246944858963 0.0441843321455 0.0115388010123 0.0391863362851 0.0416788554639 0.032712554529 0.0171773430804 0.0167690450713 0.0211580580893 0.0242906068072 0.0157709163733 0.026096517526 0.0249736987581 0.0256823481673 0.0204673373794 0.0279345952809 0.0375400720748 
0.0115250371233 0.00483825585143 0.0060873906103 0.0348075572805 0.00246104181553 0.00799909279471 0.0463776897719 0.0389798138341 -0.00323785068517 0.0211718670061 0.0120682220439 -0.0027995399257 0.041684558136 0.288728337538 0.0305872090645 -0.0137979077623 0.0134105738918 0.0301462182306 0.0160096029617 0.0273779219111 0.0139573907473 0.00205847070959 0.00320790721317 0.0425614786826 0.0178492480201 0.0164016126896 0.0318956236983 0.00795260800211 0.0140098632397 0.00732338841392 0.010027621972 0.0053603772776 0.0265989868357 0.0481232846749 0.0233589693173 0.00238825637789 0.0190225064241 0.0414670582216 0.0158218229304 0.00965416578644 0.0163753935358 0.0158458921426 0.0173150916636 0.00525187090814 0.0273741285177 0.0141936347938 0.0384311111021 0.00430865392177 0.0156032148464 0.0383871419444 
-0.00021327279776 0.00634502112897 0.00637339348689 0.0300560102991 0.00297856619685 0.00637479916169 0.0330293433024 0.0244584966688 0.00791931292446 0.0176526960596 0.0187726602034 -0.000887281463066 0.0260677424092 0.0305872090645 0.216562309983 0.01961677347 0.0168178412251 0.024536250572 0.0203683511686 0.0480765424246 0.00936976646663 0.00691976808612 0.00510631655588 0.0390335924453 0.0187546138373 0.0382020863558 0.0202340636965 0.0156222590247 0.0222658819964 0.0145344649516 0.00518468187536 0.0127123104686 0.0118735802175 0.0343998264804 0.0104782836333 0.0257455544726 0.0246212326893 0.0266797661969 0.00632008825865 0.0389135656033 0.0118912794067 0.0190811696168 0.0226337509718 0.0206950526743 0.0271414871456 0.0123277715714 0.0175253364405 0.0059798158016 0.0291697958974 0.0442321967379 
0.00797360032124 0.00806357127681 0.0428288255246 0.00786323101754 -0.0014455118505 0.0193887142028 0.0174485338506 0.0138663192555 0.0313942914387 0.0151559158017 0.000774068118407 0.0213470232261 0.0517856867017 -0.0137979077623 0.01961677347 0.255100940596 -0.00678730239416 0.0236716704694 0.01462169009 0.0418298602267 0.040057120282 0.00186347572294 -0.00094305926443 0.0394833723882 0.0166684194005 0.0219036759882 -0.00218766562788 -0.000801744295867 0.00142577146144 0.0111516837686 0.010867376158 0.0160715127875 0.0372714201693 0.0410765452029 0.0138145582571 0.058810822663 0.0231031824202 0.0239923484624 0.0231327124364 -0.00410888912914 0.000870139537585 -0.0118150810757 0.0180801063502 0.0132071747007 0.0115468558298 0.00936909165626 0.0217034964725 0.0214470717197 0.00138495029731 0.0103874891056 
0.0148795230354 0.00905311445704 0.0137513571023 0.00376192883882 0.042660201701 0.0170552394145 0.000365330716508 0.00212699689048 0.0233464049978 0.0100274053448 0.0191914772577 0.00631134949076 0.0197797239042 0.0134105738918 0.0168178412251 -0.00678730239416 0.250588279335 0.0105477412677 -0.00547405272381 0.0245744036233 0.0105496479652 0.0174213477997 0.00146470599662 0.00177919945848 0.0104563154075 0.0279236679472 0.0290388522422 0.00692572190803 0.0238811311077 -0.000680635370088 0.00273018291883 0.017464568733 -0.00769392303781 0.0231508769464 0.0164760907146 -0.0073354181662 0.012396230865 0.014841830379 0.0293831157875 -0.00358132437078 0.00638267974698 0.000461256723438 0.00555933373376 0.0288754014611 0.0194871527681 0.0139466562587 0.0268313874403 0.0128597785207 0.00907896658711 0.0145708128001 
0.00217646345833 0.0112677357692 0.0142700917459 0.0357945363382 0.00753932082034 0.0239511776357 0.0333828109224 0.0323796556244 0.0153068341753 0.0128734420954 0.0285369066159 0.0229843127485 0.0598942057885 0.0301462182306 0.024536250572 0.0236716704694 0.0105477412677 0.271483748244 0.0128419007149 0.0340739233762 0.0227144384787 0.0260050222091 0.00769121335788 0.0332899632302 0.0342962949622 0.0338330646968 0.0540811614002 0.01459481654 0.0279868068983 0.0128092359584 0.0212354662253 0.0143089759991 0.0361439994269 0.0422689303083 0.0322839896914 0.0196570664451 0.0426821220394 0.0665488420611 0.0317267973124 0.00554898830068 0.0205028929919 0.0349263276368 0.0295345475754 0.0301910061922 0.0237889457123 0.0265433209479 0.0341052000997 0.0034363233203 0.0283384708482 0.0245495142242 
0.00436829796984 0.00717455699086 0.0186729296414 0.0350134767203 0.0156093561629 0.00833237525137 0.0187377921798 0.0254264206436 -0.00970911135606 -0.00474785072281 0.00641507569686 0.00899364316983 0.0123222462137 0.0160096029617 0.0203683511686 0.01462169009 -0.00547405272381 0.0128419007149 0.366745393686 0.0225452146113 0.016187582783 0.0206265016805 -0.00180941448261 0.0265419072383 0.0141521150456 0.0279847102456 0.01501275586 0.0123529774848 0.0240690962418 0.00882620443681 0.0339555436569 0.00205253369043 0.0515599338492 0.0210476837514 0.0266297641572 0.0193508930141 0.00740015078374 0.0198602883678 0.0153700549228 0.0287458706977 0.0226252377032 0.0031357580446 0.00215876923833 0.00963650114146 0.0178615999393 0.00541737054643 0.0127036168571 0.0131371260159 0.022474977301 0.0214687812899 
0.0115554922224 0.0261220851038 0.0199253550636 0.0262829432928 0.0167447474634 0.0199357338383 0.0163956106535 0.0284991826376 0.0154928694877 0.0232783375147 0.0298650137546 0.0147336852456 0.037329404168 0.0273779219111 0.0480765424246 0.0418298602267 0.0245744036233 0.0340739233762 0.0225452146113 0.235408322209 0.0139051704966 0.031499941389 0.0235548131067 0.0274703976798 0.0313834045045 0.0363889596547 0.0283230208422 0.012176152059 0.0224558179686 0.0174210143276 -0.00312485816294 0.027853856636 0.012979766985 0.0524821952753 0.0274228095482 0.019559845972 0.0439500500774 0.0378540557173 0.0283746019648 0.0102487303202 0.0323406929327 0.0209922540192 0.0264775540022 0.0124777845154 0.0246816752909 0.0269694919667 0.0288622885976 0.0152117274101 0.026292398184 0.0378801793539 
0.0151852887697 0.00875122343423 0.046952602601 0.0138693420439 0.0147817211128 0.0126614646412 0.00974309740338 0.00792107759923 0.0172961751009 0.0153356201792 0.00866048386666 0.00349619263948 0.0153599441399 0.0139573907473 0.00936976646663 0.040057120282 0.0105496479652 0.0227144384787 0.016187582783 0.0139051704966 0.136579492536 0.00385235414651 0.00880181480816 0.0048676258438 0.0136105167019 0.000936153774623 0.00177202784961 -0.000669407196043 -0.00189996984244 0.0186133066867 -0.00164372611362 0.0114932654585 0.0101100229664 0.00934445833635 0.0066511667334 0.0410590703854 0.00831879118082 0.0120218354751 0.0230065961101 0.00376853123516 0.00252908299356 0.0142561682302 0.000818905606788 0.00440384732488 0.0162723401043 0.0150534192717 0.0099276420178 0.0108886506289 0.00376510417772 0.00823357995428 
0.0128287069813 0.0343444437106 0.00318748746911 0.0165081634609 0.0201089125141 0.0298099516366 0.00500997117549 0.0200262386356 0.0204143123724 0.00517017862975 0.00721596120136 0.0113009276332 0.0403133453357 0.00205847070959 0.00691976808612 0.00186347572294 0.0174213477997 0.0260050222091 0.0206265016805 0.031499941389 0.00385235414651 0.269562947344 0.00531918244307 0.00371366440598 0.027495683775 0.0211281523046 0.0205003646032 0.022995381337 0.0139916059177 0.0195221335716 0.0226888515544 0.00309519079898 0.000983793350393 0.0427360252821 0.0346579387209 0.00685831515903 0.037284625709 0.0252607779515 0.0295549206619 -0.000358397255939 0.019128390393 0.0304014962523 0.0144137290725 0.0350580437613 0.0266837402479 0.0196148665992 0.00968608342632 -0.00554200376132 -0.00855194164354 -0.0043223756729 
0.00459767382378 0.0112059905227 0.00381778875009 -0.005757531214 0.0137123457276 0.0184343460399 0.0103249539871 0.0322381715852 0.00485421448371 0.0139538383876 0.0172153101768 -0.00154298697297 0.0108162067564 0.00320790721317 0.00510631655588 -0.00094305926443 0.00146470599662 0.00769121335788 -0.00180941448261 0.0235548131067 0.00880181480816 0.00531918244307 0.177949563516 -0.00257640194949 0.0142273772205 0.00159678448757 0.0199226708932 0.00448906390974 0.0073094590928 0.0165843919314 0.0509783725044 -0.0011441126996 0.0143425513281 0.02533689479 0.0198830883432 0.0042804174157 0.0139125824402 0.013591973653 0.0120494862015 -0.0125320381351 0.0175083609507 0.0297375021097 0.00733970879765 0.0055500144369 0.0121670769089 -0.00332533840189 0.0116032012381 0.0115898726718 -0.000838977342576 0.00780229295539 
0.00175021063171 0.016330994142 0.00929837238747 0.0283005909479 0.023872478071 0.0158753788281 0.0512072198465 0.00785298332779 0.0241804043334 0.0216291819215 0.0806324011777 0.0109415906091 0.0122717778577 0.0425614786826 0.0390335924453 0.0394833723882 0.00177919945848 0.0332899632302 0.0265419072383 0.0274703976798 0.0048676258438 0.00371366440598 -0.00257640194949 1.23967454876 0.0221920151876 0.0415454534949 0.0925865193869 0.0320727727992 0.0232078654121 0.011085218425 0.016027441834 0.0291774231991 0.0379063722138 0.00310336993045 0.04794935935 0.0102557936662 0.00609337813323 0.0414612648911 0.00349403074054 -0.0051956434816 -0.0258049213775 0.042849064103 0.0442927015883 0.0212056596851 0.00250373309148 0.0079408128695 0.0477033909609 0.0106176772719 0.0336651162417 0.074151508473 
0.0149399655344 0.0268761115882 0.0112648137907 0.0171157129297 0.00864330767692 0.0215694119513 0.0135633267259 0.0193609010107 0.0128562843278 0.0117728452447 0.00918680059571 0.00416696764017 0.0220823585616 0.0178492480201 0.0187546138373 0.0166684194005 0.0104563154075 0.0342962949622 0.0141521150456 0.0313834045045 0.0136105167019 0.027495683775 0.0142273772205 0.0221920151876 0.161034423585 0.0100429643632 0.0232574416397 0.0156672682564 0.0178256280867 0.016065945971 0.0146188484543 0.00249535951417 0.0484672051196 0.0291588012684 0.0156314692638 0.0154280068241 0.0229227380781 0.0245096072563 0.0181503888671 0.00180609415472 0.0163072586828 0.0212502205648 0.0131259785138 0.00872708540162 0.0109582775644 0.00752341384495 0.0190473729575 0.00296792758228 0.00381216870873 0.0105988118022 
-0.00613520987399 0.0204599208265 0.013532416552 0.048510400543 0.00420958348233 0.0112269616178 0.0485221105123 0.0187857635481 0.0154208327495 0.0140995580121 0.0521312237715 0.0475955578046 0.0307849981198 0.0164016126896 0.0382020863558 0.0219036759882 0.0279236679472 0.0338330646968 0.0279847102456 0.0363889596547 0.000936153774623 0.0211281523046 0.00159678448757 0.0415454534949 0.0100429643632 0.421177823856 0.0696004579781 0.0178654080147 0.0182861260977 0.013136114226 0.0407755583114 0.02214997699 0.0174072646098 0.0388920534766 0.0438577800423 0.00365522159308 0.0142514261844 0.0329913600967 0.0171688056746 -0.0135949450198 0.00979879562622 0.00687258523448 0.0278289974797 0.0202906008903 0.0332593851279 0.0136215882963 0.0330573007474 -0.0107806597191 0.0362252720746 0.0626365553878 
0.0227089044567 0.00723285789995 -0.0064454895122 0.0487107833002 0.00284100908374 0.0272502185562 0.0571321725873 0.0428509199181 0.0206058032447 0.00858538409354 0.0402931674808 0.00406375236545 0.0511163963734 0.0318956236983 0.0202340636965 -0.00218766562788 0.0290388522422 0.0540811614002 0.01501275586 0.0283230208422 0.00177202784961 0.0205003646032 0.0199226708932 0.0925865193869 0.0232574416397 0.0696004579781 0.618973778653 0.0200843896764 0.0239363520044 0.0117179661735 0.0134347597493 0.0163897638752 0.0146181453281 0.0580549819872 0.0350631557601 -0.0072636307507 0.0316718266169 0.0612625182595 0.018122561233 -0.00433012542652 0.0233130693098 0.0018241380915 0.0141271907658 0.0181520774932 0.0278468963052 0.0165627365551 0.0109808405373 0.00539128193125 0.0397707704755 0.0628878253636 
0.00958447994906 0.0127198343887 -0.00360103653782 0.00509856056083 0.0278789050327 0.00691956025429 0.0233673573867 0.0217557901619 0.00239583548947 0.00542440391731 0.0277527892335 0.0460739006259 0.0347821350851 0.00795260800211 0.0156222590247 -0.000801744295867 0.00692572190803 0.01459481654 0.0123529774848 0.012176152059 -0.000669407196043 0.022995381337 0.00448906390974 0.0320727727992 0.0156672682564 0.0178654080147 0.0200843896764 0.2305949243 0.0176988739197 0.00428105987097 0.0369047308877 0.0180082048801 -0.00983010337449 0.0343214553402 0.0434027053141 0.0019947092837 0.00587931122349 0.0182268747081 0.013662341548 0.0593021821351 0.0124240381603 0.0095142092 0.0106785508083 0.00660110023846 0.0188433740935 -0.0014941304972 0.016486691856 -0.00200596968736 0.0141130060558 0.0137634965924 
0.0184451109861 0.0194982964732 0.0125184192833 0.023265052567 0.0122578055285 0.0116630161887 0.0308584749466 0.0197096037105 0.0148099167081 0.023798137216 0.0399399584046 0.0384587362243 0.0462623510524 0.0140098632397 0.0222658819964 0.00142577146144 0.0238811311077 0.0279868068983 0.0240690962418 0.0224558179686 -0.00189996984244 0.0139916059177 0.0073094590928 0.0232078654121 0.0178256280867 0.0182861260977 0.0239363520044 0.0176988739197 0.25651857689 0.0172298230439 0.0272771807583 0.00877556532227 -0.00414675341849 0.0493630115936 0.0489925182722 0.0167935645111 0.00580608465539 0.0208644703322 0.0172161876607 0.0331800923011 0.0160653385638 0.0417864622197 0.0402010910007 0.0720310918192 0.015232635765 0.0206970862035 0.0299441776342 -0.00224165436965 0.0199620122347 0.0334760336324 
0.0112443670471 0.0257885042569 0.0129565200497 0.0126863058535 0.0104171902098 0.0198159270674 0.00833879535907 0.005857823574 0.0166642588165 0.0149564784937 0.0232741299351 0.012384339672 0.0207057032186 0.00732338841392 0.0145344649516 0.0111516837686 -0.000680635370088 0.0128092359584 0.00882620443681 0.0174210143276 0.0186133066867 0.0195221335716 0.0165843919314 0.011085218425 0.016065945971 0.013136114226 0.0117179661735 0.00428105987097 0.0172298230439 0.150996042624 0.018319009923 0.00320795055186 0.0141962786405 0.0156330252515 0.0255560128486 0.0110444240169 0.0200063464635 0.0162412949337 0.0200690795134 -0.00196964680075 0.0303977780177 0.022946298673 0.0189330448848 0.019620966443 0.019640306742 0.0069425648259 0.019813914772 0.020404608906 0.00498191770706 0.0138819253046 
0.0146486824684 0.0116096643992 -0.00519549085781 0.0255302488018 0.00835042266671 0.0297711276231 0.0292164440581 0.077533319958 0.00494036508528 -0.00520005591713 0.0245454018887 0.0562871113777 0.0604550494677 0.010027621972 0.00518468187536 0.010867376158 0.00273018291883 0.0212354662253 0.0339555436569 -0.00312485816294 -0.00164372611362 0.0226888515544 0.0509783725044 0.016027441834 0.0146188484543 0.0407755583114 0.0134347597493 0.0369047308877 0.0272771807583 0.018319009923 0.457959742659 0.0014789364735 0.00732969686422 0.0754865458966 0.0346111464611 0.00414595271599 0.00964552835999 0.0316729319559 0.0138191231334 0.0196804873951 0.00970468722749 0.0250389247463 0.011415871027 0.0365698960937 0.00834116550224 0.0103464318345 0.0124644834695 0.0165180333925 0.00882625553667 0.0256945744776 
0.0053962643547 9.0890591959e-05 0.00924701183502 0.0104684785005 0.0413457803219 0.0026555097811 0.0331017132766 0.0067120705509 -0.00432251142764 0.0124774555595 0.00396861513963 0.0264733811203 0.0145019093578 0.0053603772776 0.0127123104686 0.0160715127875 0.017464568733 0.0143089759991 0.00205253369043 0.027853856636 0.0114932654585 0.00309519079898 -0.0011441126996 0.0291774231991 0.00249535951417 0.02214997699 0.0163897638752 0.0180082048801 0.00877556532227 0.00320795055186 0.0014789364735 0.226011460582 0.0186063150149 0.0231115978462 0.0182713672201 0.0147045060641 0.00398023009192 0.00222791571124 0.012182778347 -0.00499190650546 -0.00416214168473 0.00831650556825 0.0257514976058 0.0250029817463 0.00785328140742 0.0110298766185 0.025213758152 0.0141595945948 0.000160543992365 0.00212909710495 
-0.00198822871733 0.0127146332798 0.0132958876677 0.033470949188 0.0126999610386 0.0259779601954 0.0031797842024 0.0180286991499 -0.0107030563572 0.00262031920402 0.000478923151416 0.00761274595285 0.014949644492 0.0265989868357 0.0118735802175 0.0372714201693 -0.00769392303781 0.0361439994269 0.0515599338492 0.012979766985 0.0101100229664 0.000983793350393 0.0143425513281 0.0379063722138 0.0484672051196 0.0174072646098 0.0146181453281 -0.00983010337449 -0.00414675341849 0.0141962786405 0.00732969686422 0.0186063150149 1.12526037769 -0.00181960096701 0.00328458307566 0.031477624929 -0.00802337441332 0.0229993147507 0.00551790598382 -0.00903231160013 0.0214870270076 -0.00643122101063 0.0284529911859 0.0141551463995 0.00114242331359 -0.00630850358076 0.0215800696205 0.0166422822529 -0.00922106491715 0.019934137205 
0.0155955876362 0.0147241681994 0.00930181487363 0.0353362130627 0.0397446848153 0.0173045501242 0.0520450216187 0.053281438219 0.0103425790456 0.00690930538465 0.0543851588242 0.0594765541059 0.246944858963 0.0481232846749 0.0343998264804 0.0410765452029 0.0231508769464 0.0422689303083 0.0210476837514 0.0524821952753 0.00934445833635 0.0427360252821 0.02533689479 0.00310336993045 0.0291588012684 0.0388920534766 0.0580549819872 0.0343214553402 0.0493630115936 0.0156330252515 0.0754865458966 0.0231115978462 -0.00181960096701 0.496002019249 0.051390834023 0.0161561681245 0.0210423925292 0.0482427945962 0.0254165546121 0.0111438678763 0.0138482804396 0.0334923572078 0.0434841444088 0.0189585997112 0.0308747231688 0.0255336765891 0.0334011033642 0.027758789567 0.0263214148072 0.0512252800626 
0.0161717964719 0.0166719124987 0.0108255224257 0.0253055735356 0.0134180443903 0.0183304394499 0.0160602817465 0.0108266899837 0.010266469927 0.0178640230177 0.0557199486814 0.028936417976 0.0441843321455 0.0233589693173 0.0104782836333 0.0138145582571 0.0164760907146 0.0322839896914 0.0266297641572 0.0274228095482 0.0066511667334 0.0346579387209 0.0198830883432 0.04794935935 0.0156314692638 0.0438577800423 0.0350631557601 0.0434027053141 0.0489925182722 0.0255560128486 0.0346111464611 0.0182713672201 0.00328458307566 0.051390834023 0.391999829798 0.00949176399993 0.013848159541 0.0283144555755 0.0217640478129 0.0322773440612 0.004761946957 0.000890768349547 0.020619768299 0.051702733585 0.0208658357028 0.0182561016247 0.011195219116 0.0178940021108 0.0306064367413 0.0275138373662 
0.0125680119731 0.0128766321621 0.034918007049 0.00729193996251 0.00688493144596 0.0248872277902 0.0099919131144 0.000334625975567 0.0203654759596 0.0217180505572 0.0150092999948 0.000722775137207 0.0115388010123 0.00238825637789 0.0257455544726 0.058810822663 -0.0073354181662 0.0196570664451 0.0193508930141 0.019559845972 0.0410590703854 0.00685831515903 0.0042804174157 0.0102557936662 0.0154280068241 0.00365522159308 -0.0072636307507 0.0019947092837 0.0167935645111 0.0110444240169 0.00414595271599 0.0147045060641 0.031477624929 0.0161561681245 0.00949176399993 0.180509854172 0.00907007087662 0.00957456150538 0.0152035249474 -0.00951319472327 0.00618415687044 -0.00590528103646 0.00290118812101 0.0141959070964 0.0130358408026 0.0198133719204 -0.000419418978847 0.0157301337077 0.00667060955971 0.0121374004661 
0.00568415200831 0.0141811967068 0.0164503855826 0.00436518568189 0.0134023094462 0.0252128745856 0.0229923379248 0.014493919261 0.0114803544242 0.0199926895594 0.0172001111487 0.0164854584364 0.0391863362851 0.0190225064241 0.0246212326893 0.0231031824202 0.012396230865 0.0426821220394 0.00740015078374 0.0439500500774 0.00831879118082 0.037284625709 0.0139125824402 0.00609337813323 0.0229227380781 0.0142514261844 0.0316718266169 0.00587931122349 0.00580608465539 0.0200063464635 0.00964552835999 0.00398023009192 -0.00802337441332 0.0210423925292 0.013848159541 0.00907007087662 0.244706374151 0.0279220571524 0.0404283139849 0.0147002844381 0.0352024886953 0.0161521919726 0.000924631816332 0.00105965474383 0.039254163739 0.00987730912116 0.0172242832748 0.00437729805661 0.0286260233062 0.033247927646 
0.00467117345188 0.011596272354 0.013766996878 0.0420702321258 0.0166690922012 0.0386883929205 0.0362435625552 0.0241238621974 0.0196729915609 0.0170352655948 0.0445356368699 0.00235591585097 0.0416788554639 0.0414670582216 0.0266797661969 0.0239923484624 0.014841830379 0.0665488420611 0.0198602883678 0.0378540557173 0.0120218354751 0.0252607779515 0.013591973653 0.0414612648911 0.0245096072563 0.0329913600967 0.0612625182595 0.0182268747081 0.0208644703322 0.0162412949337 0.0316729319559 0.00222791571124 0.0229993147507 0.0482427945962 0.0283144555755 0.00957456150538 0.0279220571524 0.268816733783 0.0254607153002 0.0106874335209 0.0305367019089 0.0304975710602 0.0220974831974 0.0188704703448 0.0172663159608 0.0304235010127 0.0311595983831 0.011128180682 0.0354078979428 0.0319671542869 
0.019964578402 0.0132645740785 0.027579831264 0.0190594677427 0.0122348987916 0.0220308644804 0.00951867474119 0.00463726026711 0.0224324922694 0.010704836956 0.0186798961873 0.0148095567102 0.032712554529 0.0158218229304 0.00632008825865 0.0231327124364 0.0293831157875 0.0317267973124 0.0153700549228 0.0283746019648 0.0230065961101 0.0295549206619 0.0120494862015 0.00349403074054 0.0181503888671 0.0171688056746 0.018122561233 0.013662341548 0.0172161876607 0.0200690795134 0.0138191231334 0.012182778347 0.00551790598382 0.0254165546121 0.0217640478129 0.0152035249474 0.0404283139849 0.0254607153002 0.132031447595 0.00206858818536 0.0208869110496 0.0206466332612 0.00789116178912 0.0151057441339 0.0367351126863 0.0207744870187 0.01295436751 0.0194006103447 0.0157937896644 0.0184817809283 
0.00599884484955 -0.00253347159237 0.0147494309986 0.0182885298897 0.00312522051138 0.00721315102174 0.00477772719587 0.00588379621703 0.00310276811217 0.00828233708712 0.00749595532135 0.0122116380004 0.0171773430804 0.00965416578644 0.0389135656033 -0.00410888912914 -0.00358132437078 0.00554898830068 0.0287458706977 0.0102487303202 0.00376853123516 -0.000358397255939 -0.0125320381351 -0.0051956434816 0.00180609415472 -0.0135949450198 -0.00433012542652 0.0593021821351 0.0331800923011 -0.00196964680075 0.0196804873951 -0.00499190650546 -0.00903231160013 0.0111438678763 0.0322773440612 -0.00951319472327 0.0147002844381 0.0106874335209 0.00206858818536 0.75357391221 0.00652315530522 -0.000302963053548 0.0129132338443 0.00692058756135 0.00236974252491 -0.0136593355136 0.0192815495403 0.00261369566002 0.012695381245 0.0285264035114 
0.00844821048218 0.0052748840038 0.00103966600611 0.0102337490641 0.0158698345517 0.0246923830267 0.0166329337782 0.0176277184688 0.0146275288489 0.00970322937649 0.0221429603816 -0.000591665720527 0.0167690450713 0.0163753935358 0.0118912794067 0.000870139537585 0.00638267974698 0.0205028929919 0.0226252377032 0.0323406929327 0.00252908299356 0.019128390393 0.0175083609507 -0.0258049213775 0.0163072586828 0.00979879562622 0.0233130693098 0.0124240381603 0.0160653385638 0.0303977780177 0.00970468722749 -0.00416214168473 0.0214870270076 0.0138482804396 0.004761946957 0.00618415687044 0.0352024886953 0.0305367019089 0.0208869110496 0.00652315530522 0.218603160879 0.00606287042565 0.0129367885243 0.00231402057418 0.02232857068 -0.00525626831025 0.00255032869415 -0.00555198536095 0.0210349877224 0.018853780152 
0.00934331773971 0.0291126026618 0.00978435289266 0.0183649940058 0.00527567535962 0.0118396946667 0.0412332427821 0.00507725901946 0.0277220636176 0.0117406433125 0.00507901299464 0.020266756769 0.0211580580893 0.0158458921426 0.0190811696168 -0.0118150810757 0.000461256723438 0.0349263276368 0.0031357580446 0.0209922540192 0.0142561682302 0.0304014962523 0.0297375021097 0.042849064103 0.0212502205648 0.00687258523448 0.0018241380915 0.0095142092 0.0417864622197 0.022946298673 0.0250389247463 0.00831650556825 -0.00643122101063 0.0334923572078 0.000890768349547 -0.00590528103646 0.0161521919726 0.0304975710602 0.0206466332612 -0.000302963053547 0.00606287042565 0.485527662319 0.0347239689004 0.0318394542912 0.0341700003614 0.0154806651067 0.00745405380189 0.00179795337172 0.0285215930067 0.0225660465865 
3.63175682548e-05 0.020134214526 -0.00852843395689 0.0229472845965 0.0191532995161 0.00844587305816 0.0354490523407 0.0153541637612 0.00253220276364 0.0266551144556 0.00681365634409 0.0192675631002 0.0242906068072 0.0173150916636 0.0226337509718 0.0180801063502 0.00555933373376 0.0295345475754 0.00215876923833 0.0264775540022 0.000818905606788 0.0144137290725 0.00733970879765 0.0442927015883 0.0131259785138 0.0278289974797 0.0141271907658 0.0106785508083 0.0402010910007 0.0189330448848 0.011415871027 0.0257514976058 0.0284529911859 0.0434841444088 0.020619768299 0.00290118812101 0.000924631816332 0.0220974831974 0.00789116178912 0.0129132338443 0.0129367885243 0.0347239689004 0.296203217936 0.0286072373535 0.00392196718753 0.00794087778813 0.0758467297192 0.0100013874013 0.0111729567015 0.0272982001822 
0.0118349002428 0.0270974438682 0.0126266889563 0.0084741604715 0.00818913391872 0.0180622453019 0.0215996506962 0.00794433724829 0.00218539602222 0.0240339326999 0.0471785875518 0.0224119187252 0.0157709163733 0.00525187090814 0.0206950526743 0.0132071747007 0.0288754014611 0.0301910061922 0.00963650114146 0.0124777845154 0.00440384732488 0.0350580437613 0.00555001443691 0.0212056596851 0.00872708540162 0.0202906008903 0.0181520774932 0.00660110023846 0.0720310918192 0.019620966443 0.0365698960937 0.0250029817463 0.0141551463995 0.0189585997112 0.051702733585 0.0141959070964 0.00105965474383 0.0188704703448 0.0151057441339 0.00692058756135 0.00231402057418 0.0318394542912 0.0286072373535 0.282623203887 0.0282839965106 0.0249378652121 0.0309463768332 0.00817086767189 0.00785794231186 0.0118333288367 
0.028470563199 0.0198129995766 0.0145923276211 0.00660820101168 0.000542903946141 0.0184442789856 0.0176461840879 0.00330182156287 0.0102298016097 0.0160016412208 0.0237658848309 -0.00612395530113 0.026096517526 0.0273741285177 0.0271414871456 0.0115468558298 0.0194871527681 0.0237889457123 0.0178615999393 0.0246816752909 0.0162723401043 0.0266837402479 0.0121670769089 0.00250373309148 0.0109582775644 0.0332593851279 0.0278468963052 0.0188433740935 0.015232635765 0.019640306742 0.00834116550224 0.00785328140742 0.00114242331359 0.0308747231688 0.0208658357028 0.0130358408026 0.039254163739 0.0172663159608 0.0367351126863 0.00236974252491 0.02232857068 0.0341700003614 0.00392196718753 0.0282839965106 0.203588942524 0.0138038807124 0.012443384132 0.0284795062551 0.00406354185639 0.0204808243859 
0.019296393814 -0.0090592473877 0.0163829947592 0.0125795117258 0.0140925769589 0.00593968165125 0.0170902214803 0.0161154590495 0.0159831301434 0.010666198296 -0.00299306288358 0.0174705261208 0.0249736987581 0.0141936347938 0.0123277715714 0.00936909165626 0.0139466562587 0.0265433209479 0.00541737054643 0.0269694919667 0.0150534192717 0.0196148665992 -0.00332533840189 0.0079408128695 0.00752341384495 0.0136215882963 0.0165627365551 -0.0014941304972 0.0206970862035 0.0069425648259 0.0103464318345 0.0110298766185 -0.00630850358076 0.0255336765891 0.0182561016247 0.0198133719204 0.00987730912116 0.0304235010127 0.0207744870187 -0.0136593355136 -0.00525626831025 0.0154806651067 0.00794087778813 0.0249378652121 0.0138038807124 0.391405302889 0.0200232077465 0.00404216301599 0.0144195715156 0.00856069055328 
0.00979128738926 0.033335199645 0.00535722207081 0.0138039740911 0.0144932304476 0.0133422615844 0.0253885176972 0.0107190601548 -0.00494921641462 0.0414674670498 0.0164080360643 0.00576901069844 0.0256823481673 0.0384311111021 0.0175253364405 0.0217034964725 0.0268313874403 0.0341052000997 0.0127036168572 0.0288622885976 0.0099276420178 0.00968608342632 0.0116032012381 0.0477033909609 0.0190473729575 0.0330573007474 0.0109808405373 0.016486691856 0.0299441776342 0.019813914772 0.0124644834695 0.025213758152 0.0215800696205 0.0334011033642 0.011195219116 -0.000419418978847 0.0172242832748 0.0311595983831 0.01295436751 0.0192815495403 0.00255032869415 0.00745405380189 0.0758467297192 0.0309463768332 0.012443384132 0.0200232077465 0.259296687745 0.0186443258252 0.0167616178628 0.0462460780909 
0.00916609714381 0.0145868153154 -3.14893567459e-05 -0.0169253946972 0.0150063360211 -0.00654932808495 0.00603589570742 0.000693813668832 0.00945450666221 -0.00707568516168 0.0136589829963 -0.00941060555596 0.0204673373794 0.00430865392177 0.0059798158016 0.0214470717197 0.0128597785207 0.0034363233203 0.0131371260159 0.0152117274101 0.0108886506289 -0.00554200376132 0.0115898726718 0.0106176772719 0.00296792758228 -0.0107806597191 0.00539128193125 -0.00200596968736 -0.00224165436965 0.020404608906 0.0165180333925 0.0141595945948 0.0166422822529 0.027758789567 0.0178940021108 0.0157301337077 0.00437729805661 0.011128180682 0.0194006103447 0.00261369566002 -0.00555198536095 0.00179795337172 0.0100013874013 0.00817086767189 0.0284795062551 0.00404216301599 0.0186443258252 0.47182890302 0.00283629613179 0.0204143752155 
