20
0.0377827405953 0.0270000307956 0.065735385914 0.0870342926162 0.015652967587 0.0362094771936 0.119859861498 0.060830846045 0.114457978761 0.0739523233915 0.0255776045185 0.121001700606 0.0210054402465 0.0525709156995 0.0113752176021 0.0331056926512 0.10135047428 0.0597278634654 0.197480990077 0.0584548507687 
0.333818410258 0.00889665339672 0.00489931596842 0.00496575175718 0.00378150667135 0.0131176526521 0.00508069756896 0.0193882695591 0.041061826833 0.0186067427507 0.0137440641612 0.0422383340241 0.0115559942494 0.00814294685588 0.0296324784482 0.0449345553246 0.0202698160072 0.0087860420674 0.0242880590033 0.031660754362 
0.00889665339672 0.220620734079 0.0124469384239 0.0486645497316 0.0273481677353 0.0384372052499 0.0387013117954 0.0449394509537 0.0240208038726 0.0222475825436 0.0118996183998 0.0219589156952 0.00912167337847 0.0316227546181 0.041602649738 0.0113461791462 0.0187916027489 0.0366248492704 0.0163551887903 0.0368615072462 
0.00489931596842 0.0124469384239 0.43785567197 0.0420067892892 0.0130623775879 0.0305720818602 -0.00192295846491 0.0403813040179 -0.000640615634571 0.0518296182397 -0.00028490755425 0.0108463040001 0.00408507237981 0.0273511750089 0.0202580929844 0.0145192464778 0.0454310434485 0.0354720840323 0.0235732032126 0.0205427937272 
0.00496575175718 0.0486645497316 0.0420067892892 0.397296037357 0.0385305022236 0.0268524601812 0.0852956217232 0.0542225347138 0.0311071812309 0.0514300704425 0.000693000319253 0.00963737078239 0.000608942435833 0.0457794421549 0.0207791199824 0.0240107180709 0.0487904828139 0.0479215575537 0.0059541112729 0.0326243143238 
0.00378150667135 0.0273481677353 0.0130623775879 0.0385305022236 0.236876916441 0.0357529322299 0.0280227120939 0.0183396051353 0.0164502247982 0.0226866227494 0.0246194326604 0.0020582509819 0.00279238462583 0.0268405115828 0.00297345169842 0.0160637617322 0.0374894839545 0.0365810305606 0.0153617140039 0.0258441074409 
0.0131176526521 0.0384372052499 0.0305720818602 0.0268524601812 0.0357529322299 0.257962814708 0.0124873206766 0.0509155214121 -0.0006702488372 0.010253956691 0.0239604613706 0.000324232689871 0.00800475953022 0.0384875997341 0.013713793411 0.037688278087 0.0393530220203 0.0305828543157 0.041198177574 0.0343055341664 
0.00508069756896 0.0387013117954 -0.00192295846491 0.0852956217232 0.0280227120939 0.0124873206766 0.53016824934 0.0452943149763 0.00727669026873 0.0585495524953 -0.00337385611347 0.0344244373388 -0.00412516905863 0.0469559070874 0.0122009791382 0.00307733495459 0.0567049142559 0.0318758643299 0.0273912400179 0.026610458731 
0.0193882695591 0.0449394509537 0.0403813040179 0.0542225347138 0.0183396051353 0.0509155214121 0.0452943149763 0.300522595811 0.00571765025525 0.0258881639325 0.0219704987259 0.0243573331188 0.00360105677096 0.0339615610828 0.0489709335804 0.028597177708 0.0319428483711 0.0357189572791 0.0236804413569 0.0362081721404 
0.041061826833 0.0240208038726 -0.000640615634571 0.0311071812309 0.0164502247982 -0.0006702488372 0.00727669026873 0.00571765025525 0.44427168609 0.0262780547762 0.0108523842239 0.0917094051669 -0.00348895087567 0.016573212201 -0.00811543207882 0.0506356755424 0.040927512659 0.0345692290756 0.022978119791 0.0296407740344 
0.0186067427507 0.0222475825436 0.0518296182397 0.0514300704425 0.0226866227494 0.010253956691 0.0585495524953 0.0258881639325 0.0262780547762 0.506368058795 0.0466026567845 0.0243879580942 0.00530444037773 0.0170530420737 0.0239246313872 0.0295094459017 0.0539602168946 0.0373790833648 0.032176410778 0.0246834724202 
0.0137440641612 0.0118996183998 -0.00028490755425 0.000693000319253 0.0246194326604 0.0239604613706 -0.00337385611347 0.0219704987259 0.0108523842239 0.0466026567845 0.323362382147 0.0293720031354 0.0083202591268 0.00580725064746 0.00953237731571 0.0108868845972 0.0443201854016 0.00302562245648 -0.00370003954785 0.0311656788165 
0.0422383340241 0.0219589156952 0.0108463040001 0.00963737078239 0.0020582509819 0.000324232689871 0.0344244373388 0.0243573331188 0.0917094051669 0.0243879580942 0.0293720031354 0.739480232271 0.0145445696199 -0.0033627770729 0.013669694821 0.0443723322928 0.0310325734833 0.0248644048227 0.0278817541146 0.0401506184218 
0.0115559942494 0.00912167337847 0.00408507237981 0.000608942435833 0.00279238462583 0.00800475953022 -0.00412516905863 0.00360105677096 -0.00348895087567 0.00530444037773 0.0083202591268 0.0145445696199 0.138193644872 0.00239646997967 0.00513882220508 0.0113981339453 0.017835892709 -0.00300184681501 0.00681102409723 0.0237074401633 
0.00814294685588 0.0316227546181 0.0273511750089 0.0457794421549 0.0268405115828 0.0384875997341 0.0469559070874 0.0339615610828 0.016573212201 0.0170530420737 0.00580725064746 -0.0033627770729 0.00239646997967 0.334211737638 0.0175758171796 0.00666671477379 0.0415006908945 0.0131542287611 0.0234995268195 0.0290215750438 
0.0296324784482 0.041602649738 0.0202580929844 0.0207791199824 0.00297345169842 0.013713793411 0.0122009791382 0.0489709335804 -0.00811543207882 0.0239246313872 0.00953237731571 0.013669694821 0.00513882220508 0.0175758171796 0.224559134866 0.0190737070657 0.0216708963707 0.0536475911809 0.00447997555887 0.0285228001525 
0.0449345553246 0.0113461791462 0.0145192464778 0.0240107180709 0.0160637617322 0.037688278087 0.00307733495459 0.028597177708 0.0506356755424 0.0295094459017 0.0108868845972 0.0443723322928 0.0113981339453 0.00666671477379 0.0190737070657 0.214555906847 0.0345372443481 0.00352240779585 0.0134203518663 0.0470994654353 
0.0202698160072 0.0187916027489 0.0454310434485 0.0487904828139 0.0374894839545 0.0393530220203 0.0567049142559 0.0319428483711 0.040927512659 0.0539602168946 0.0443201854016 0.0310325734833 0.017835892709 0.0415006908945 0.0216708963707 0.0345372443481 0.586137762831 0.0300159115528 0.0492835760773 0.0311769122022 
0.0087860420674 0.0366248492704 0.0354720840323 0.0479215575537 0.0365810305606 0.0305828543157 0.0318758643299 0.0357189572791 0.0345692290756 0.0373790833648 0.00302562245647 0.0248644048227 -0.00300184681501 0.0131542287611 0.0536475911809 0.00352240779585 0.0300159115528 0.405680763818 0.0117722029909 0.0135790747834 
0.0242880590033 0.0163551887903 0.0235732032126 0.0059541112729 0.0153617140039 0.041198177574 0.0273912400179 0.0236804413569 0.022978119791 0.032176410778 -0.00370003954785 0.0278817541146 0.00681102409723 0.0234995268195 0.00447997555887 0.0134203518663 0.0492835760773 0.0117722029909 0.88549271252 0.016025192536 
0.031660754362 0.0368615072462 0.0205427937272 0.0326243143238 0.0258441074409 0.0343055341664 0.026610458731 0.0362081721404 0.0296407740344 0.0246834724202 0.0311656788165 0.0401506184218 0.0237074401633 0.0290215750438 0.0285228001525 0.0470994654353 0.0311769122022 0.0135790747834 0.016025192536 0.256884943953 

['PGL', 'ITW', 'BDX', 'BNI', 'DOW', 'BK', 'CTXS', 'TROW', 'XTO', 'LU', 'HRB', 'EP', 'PEP', 'SPLS', 'FO', 'SRE', 'LSI', 'GR', 'AAPL', 'PLD']