60
0.0155341374053 0.0330111524363 0.0254158643172 0.0256345374975 0.0313696733512 0.0466521206007 0.0246645675501 0.0387981152642 0.0428749123775 0.0780955523414 0.0353360638732 0.0704019073317 0.0247746242904 0.0149217979249 0.146363775453 0.02473804396 0.0752984700253 0.0197813299257 0.0739523233915 0.070265204238 0.0725669815102 0.0275926739743 0.025657065471 0.0266042550295 0.0357111585815 0.0289058353667 0.0442230302855 0.0549811443135 0.0202574279786 0.0654803135324 0.0782010317916 0.126302472887 0.0374431650663 0.026417897889 0.0353466838873 0.0179151897049 0.0471087328402 0.164482556217 0.0441448787565 0.0359279599811 0.126305303483 0.0413167922229 0.0861911318708 0.0131635076039 0.0340754658053 0.0631330997176 0.0314514366364 0.0144645316835 0.0540864966038 0.149246593495 0.0672535079153 0.0214039426083 0.0766878163077 0.188050706821 0.044891801276 0.0623322546876 0.0211692002509 0.0634276035435 0.041097516798 0.090319564185 
0.181460440288 0.00529703948121 0.0153251785244 -0.00144384683459 0.0139567981611 -0.000113768028934 0.0107866359971 0.00984277343191 0.0083821183104 -0.000865573385941 0.0144241453901 0.0180237831561 -0.000623889172259 0.00671354358757 0.0131017544504 0.00170809388118 0.00625535674606 0.0115576282702 0.0100744568527 0.00454716062265 0.0130694964015 0.0242338526761 0.00951812528487 0.0221392288842 0.0263002998937 0.00176004459836 0.0190181116848 -0.000731327764771 0.0103277480536 0.0182978772638 0.00500200982264 0.0222796624409 0.0127799372802 -0.00127914093851 0.00590502799727 0.010700504642 -0.00825727119478 -0.0059998101023 -0.00494451791538 -0.00908818772076 0.0163613931774 0.0156342545001 0.00581061227236 0.00803679216597 0.0140042746552 0.0045382386461 0.0157548198209 0.000937455965337 0.0053089607709 -0.000525579789624 0.0125733196105 -0.000627673370499 -0.00298917796287 -0.00328459148965 0.000665028311937 0.0102559719866 -0.00127410705328 0.0161536642975 0.0141258518482 0.0186984384596 
0.00529703948121 0.304653824633 0.025239945462 0.0147689052993 0.019592558224 0.0117415652173 0.0185454850773 0.00131538898802 0.0112200051055 0.0224872538066 0.026927020186 0.0429200666776 0.0124505587367 0.032226819468 -0.0089647058997 0.00825747151063 0.00694608514445 0.0194169290723 0.0101561748556 0.0129080188254 0.0322839753288 0.00779320813334 0.0309381638613 0.0241186527526 0.0464195718357 0.0119892735941 0.0340386435616 0.0146186182003 0.0199359156593 0.0359390495613 0.00755797559684 -0.0127197438285 0.00954885541981 0.035213371612 0.0110232756859 0.0114365922533 0.0104861044972 -0.00704586758992 0.0156756644275 0.0275466571054 4.66286874711e-06 0.0370758059988 0.024503887104 -0.00118955687273 0.00411393632272 0.00645739836679 0.0195190508019 -0.00130378499348 0.0117207446899 0.0292348648138 0.0515077622484 0.0297318395026 0.0285051034507 0.0255610871213 0.0347371438961 0.0122568519328 -0.00735317552214 0.0120105644233 0.0257282437454 0.0244973447156 
0.0153251785244 0.025239945462 0.285474493426 0.00655407137786 0.0143046456312 0.011830089849 0.0139005501178 0.0113387523626 0.0115724402618 -0.0125024741119 0.00741126359657 0.0338022767322 0.0135799239746 0.0116244137073 0.00346162797337 0.00388585655471 0.0302564088649 0.00984150526441 0.0136537282 0.0208060273114 0.0141472774384 0.0111446085076 0.00780859725779 0.0145799051222 0.0281155074745 0.0250207806182 0.0305929098134 0.00878292610274 0.0226260528399 0.0308737921896 0.0169648282816 0.0021695657397 0.0141936792892 0.0230771656823 0.0240133346329 0.00597150010601 0.00428148696272 0.0201676029895 0.0134391230033 0.0182457640727 0.00464999100148 0.00481680924511 0.0540362402956 0.00385069393737 0.00450833688277 0.00610292675408 0.0114404003659 0.0150892128002 -0.00131864255371 0.0273508361294 0.0132947201919 0.0155863366905 0.019211086982 0.0343785907002 0.0220341150588 -6.83180166767e-05 -0.00151177741809 0.0161287457809 0.0115462328363 0.00818839841884 
-0.00144384683459 0.0147689052993 0.00655407137786 0.177696502854 0.00821267605687 0.00318381764542 0.0196659575335 0.0121593182467 0.0078447125306 0.00506038305351 0.00472741899589 -0.0006064800855 0.0183945698668 0.0148065718355 0.0131553031327 0.0182284901499 0.00985270826288 0.00944407211584 0.00860063723588 0.00216913145758 0.00743895507446 0.0189460871283 0.0144620773816 0.0012092175085 0.0149530483422 0.0112271123846 0.0102472462629 0.0270038003263 0.0116495313652 0.00852738709321 0.00594467271255 0.0150268850144 0.016758381098 0.0106481628521 0.00665700294309 0.007240356649 0.00629008339538 0.016427109749 0.0113425423559 0.0101356178213 -0.00611425315245 0.0121002154545 0.0136899765231 0.00690285863489 0.0124716822856 0.00783180864472 0.00962121606504 0.00856470064713 0.0109812611604 0.00819017513561 0.0171410184871 -0.00401803122649 0.0116378791213 0.0227267765767 0.0213162443359 0.00862447601966 0.00355352024157 0.000438901185859 0.015451620548 0.00727691385291 
0.0139567981611 0.019592558224 0.0143046456312 0.00821267605687 0.173029143694 0.0209228920111 0.0121666686784 0.019339048815 0.000304866703839 0.0206057305726 0.0140768513123 0.0252045749184 0.0114679235962 0.00810515024584 0.0139133303481 0.010639648722 0.018922780297 0.0146963890615 0.00946414229225 0.0114914635526 0.0100649878522 0.0035617088507 0.0214929137597 0.00482072460714 0.0255003852774 0.00787062457199 0.0194104457335 -0.0090074401672 0.0153883130398 0.0149490876264 0.00230522629822 0.0138760042653 0.00324870901909 0.0154272267064 0.0121570621588 0.0218426047137 -9.68651591544e-06 -0.0112030002766 0.0225841846813 0.0275608404592 0.00513651455891 0.0168089915129 0.00965388415816 0.0207317053857 0.0108207940922 0.000687489367936 0.0187767001643 0.00925379483683 0.0107599936415 0.0078956071024 0.0154283065757 0.0236096247041 0.0168493922742 0.0119899659082 0.00819873802544 0.00151816507447 0.00337532434143 0.00284928562545 0.0131484387722 0.0175736350289 
-0.000113768028934 0.0117415652173 0.011830089849 0.00318381764542 0.0209228920111 0.243773070054 0.0148874588816 0.0184475985892 0.0110845789682 0.0042277219983 0.0217227030247 0.0267096040662 0.00649518989927 -7.13006021459e-05 0.0206506110769 0.0431356504368 0.012043972922 0.0087340694676 0.0022929149829 0.00349086308358 0.016645602759 -0.00733525869435 0.0207994369035 0.0151536293149 0.00832088809263 0.0262940306552 0.0120609697632 0.00603156342825 0.020093567675 -0.00184403413169 0.0107861960623 0.0148508852817 0.0118546141739 0.00256475000477 0.0330809100926 0.0188272600844 0.0238769370368 0.00217174798275 0.0230654609107 0.0214359983857 0.0232409115736 0.0186798543375 0.00962229774981 0.0595010403436 0.0101113786985 -0.00850200342615 0.0139918814385 0.0165707662938 0.0192475079923 0.0427884812749 0.0201588601739 0.000481124600222 0.00412795194725 -0.0176574541505 0.0147794659712 -0.00630371594675 0.00252636906483 0.0308484358446 0.0302887174445 0.00501589691972 
0.0107866359971 0.0185454850773 0.0139005501178 0.0196659575335 0.0121666686784 0.0148874588816 0.151640536463 0.0159991422596 0.0312985295805 0.00924578443589 -0.00548896313638 0.022881631267 0.0167250436957 0.00125023283006 0.0145472392866 0.0207533553303 0.00803182055437 0.043443216196 -0.00603830983495 0.0183945871211 0.0306892552982 0.0146344706037 0.0561256847566 0.0110081251191 0.0196660674797 0.0159152898782 0.0111529420955 0.00121296720688 0.0173713023094 0.00928358763216 0.00938742692707 0.0127521276765 0.000251995140797 0.00809198339777 0.041511921799 0.0108720887332 0.0130728312591 -0.00166048765279 0.040942399676 0.00621933815921 0.00245011197302 0.0141199490033 0.00877519494612 0.0159927108582 0.0174398435929 0.0131520581924 0.0412120880585 0.00312653859616 0.0199030469105 0.00553486301217 0.019842824411 0.00950197500419 0.0191543128541 0.00684745247093 0.0103984464483 0.00587786298561 0.0182714830577 0.0149534058057 0.0328847958171 0.0175014379062 
0.00984277343191 0.00131538898802 0.0113387523626 0.0121593182467 0.019339048815 0.0184475985892 0.0159991422596 0.213543982525 0.0202461651023 0.0351138182082 0.0176163441072 0.0206470249694 0.0256480183361 0.0171512474834 0.00919045169867 0.00895178714924 0.0140974349984 0.0107508992721 0.0145927567129 0.00364105889075 0.0218744537802 0.00398337947288 0.00950467714454 0.0156608111582 0.019117310985 0.00912273796833 0.0173034270944 0.0222271944731 0.0246828601325 0.0231521915845 0.013843360053 0.0151241220753 0.0190539359415 0.0176468121182 0.00741062785432 0.00643294408109 0.017104040151 0.0012913839532 0.0480282108565 0.0133146148325 0.0190979578579 0.0214464677021 0.0296068660517 0.0123539803458 0.00407790036068 0.0211701985281 0.0167964982762 0.0178737873734 0.0080901246645 0.0355679776567 0.0185088526358 0.0340812086742 0.0598929466086 0.0331409920385 0.0287410315338 -0.00289479662769 0.0135379662095 0.0402438191971 0.00307052484438 0.0142675331385 
0.0083821183104 0.0112200051055 0.0115724402618 0.0078447125306 0.000304866703839 0.0110845789682 0.0312985295805 0.0202461651023 0.250809479857 0.0166399792991 0.00536326889109 0.0351044387024 0.0243521792086 0.0154679818469 0.00594947943769 0.021832159057 0.00878149422414 0.0234360148565 0.016026773362 0.000275735107729 0.0224007143989 0.000196789925138 0.0277350064137 0.016206208943 0.020268795529 0.0229514845336 0.0182369981513 0.0238643518578 0.0212785438443 0.0326733045228 0.0381548416728 0.0115723323037 0.000350217220625 0.0143174835852 0.0140546177297 -0.000820194385573 0.0242737371817 0.00966453155002 0.030022091062 0.0149732404091 0.0158395630889 0.0135529117512 0.0204316724389 0.017744517023 0.00486243412979 0.0100220133388 0.0327719887645 0.0163419446192 0.0134397907074 0.00632274250474 0.00514986037728 0.000412062776754 0.0320515311147 0.0372864179744 0.0146778215391 0.014211910636 -0.00145072717392 0.0311068315026 0.00615932066359 0.0139813344109 
-0.000865573385941 0.0224872538066 -0.0125024741119 0.00506038305351 0.0206057305726 0.0042277219983 0.00924578443589 0.0351138182082 0.0166399792991 0.567340759082 0.0266096478757 0.0244468545658 0.00933703799195 0.0131722126421 0.0118498863878 0.0127824638034 0.00787649037163 0.0023396104446 0.0231889018224 -0.00220566092575 0.0302415580983 0.00494590551138 -0.000120200949053 0.0219230268322 0.00427054790226 0.00825634106126 0.0252821694094 0.0300389600656 0.0195311351894 0.0102674403562 0.0255395609278 4.71076059553e-05 -0.0234969894543 0.0315860828472 0.00524569732418 -0.01454993187 0.00359547076789 -0.0118881709705 0.0568145385898 0.00733166385619 -0.00201068134641 -0.00606632566409 0.0307510795183 0.0154199966257 0.00729066366457 0.0129311922248 0.0160150969757 0.0209706117892 0.0113261948806 0.00648942430102 0.0416645838731 0.0086702661195 0.0271029692035 0.0496873675481 0.0277926736721 0.00366434122377 0.0060095883834 0.0162723781943 0.0113610459851 0.015696908983 
0.0144241453901 0.026927020186 0.00741126359657 0.00472741899589 0.0140768513123 0.0217227030247 -0.00548896313638 0.0176163441072 0.00536326889109 0.0266096478757 0.303452603799 0.024910074677 0.0139547687664 0.024182198028 0.020184880908 0.0162054780895 0.00460836704248 0.00643792999892 0.021105316181 0.00475791029829 0.025466482682 -0.00146984523645 0.0239502226507 0.0179169088606 0.0139180659472 0.0142900512031 0.0183715106003 0.00626187658741 0.0178813467553 0.0115443393071 0.0472213990932 -0.0125287287536 -0.00550033079339 -0.0075174168448 0.00764396059447 0.012896964871 0.00512365917298 -0.00268008587078 0.0259146255117 0.0138049534421 0.0130774675746 0.0116035586313 0.0374769788372 0.0144406545199 -0.000104087965952 0.0110430682805 0.013505178773 0.0245813140524 0.00645756827064 0.0113287473723 0.0230556093724 -0.00176030597211 0.0247672274197 0.0254153873849 0.0030515666137 0.0266867534307 0.0231394817196 -0.00974940748787 0.016734048125 0.0136589026857 
0.0180237831561 0.0429200666776 0.0338022767322 -0.0006064800855 0.0252045749184 0.0267096040662 0.022881631267 0.0206470249694 0.0351044387024 0.0244468545658 0.024910074677 0.264050209098 0.020577432864 0.0309619826886 0.00472050414186 0.0119841959163 0.0276873488334 0.0202995764722 0.0342523185815 0.000507051960288 0.0776098039258 -0.011102077251 0.034464006947 0.0289270004518 0.0211906673387 0.0252120160052 0.0419851820256 0.0168156163462 0.0269917395148 0.023775249734 0.0388922996966 0.0312303022082 0.0263876475385 0.032894927413 0.0160869745768 0.0176385363643 0.0240556957095 0.0096719819367 0.0347519252362 0.0179966103436 0.0219162617009 0.0172942336406 0.0180828387475 0.0133786658225 0.0148789537401 0.0342740837206 0.0265908220409 0.00173619714491 0.0253996078151 0.0462999729905 0.028776304013 0.0314063092714 0.0361120902219 0.0395914730718 0.0147136528099 0.0102260907051 0.00813519378674 0.0385926136895 0.0308063899378 0.0202273260324 
-0.000623889172259 0.0124505587367 0.0135799239746 0.0183945698668 0.0114679235962 0.00649518989927 0.0167250436957 0.0256480183361 0.0243521792086 0.00933703799195 0.0139547687664 0.020577432864 0.177224103845 0.0320124797867 0.0056025746684 0.013461290348 0.00906501095991 0.0140932386688 0.0219532300537 0.0123880976492 0.0296519976397 -0.000631746306206 0.0132292661018 0.00832627141986 0.00512064774534 0.0173814232351 0.0149692325355 0.0222098412505 0.013864707814 0.00954016597332 0.0261153976952 0.0188414888885 0.0210439390127 0.0121907590658 0.0145857810195 0.00530141830355 0.00498716716148 0.0202630679213 0.0171361418766 0.00692818698289 0.00274284024137 0.0255927574736 0.0440777115992 0.00973604567711 0.0127914605845 0.0239905092643 0.0122099539057 0.0110038742322 0.0166266646844 0.00911599950437 0.0207532208013 0.0205448796342 0.0065809346199 0.019346739202 0.02306371275 -0.00339208693101 -0.00108901573339 -0.0040894938691 0.0110410166166 0.0115319035083 
0.00671354358757 0.032226819468 0.0116244137073 0.0148065718355 0.00810515024584 -7.13006021465e-05 0.00125023283006 0.0171512474834 0.0154679818469 0.0131722126421 0.024182198028 0.0309619826886 0.0320124797867 0.311725635586 -0.00371432460271 0.000586867007027 0.0220907586388 0.012162195294 0.0181180946853 0.0163938593867 0.0295894260803 0.0402043403039 0.0142998429705 0.0292262173163 0.00672456174879 0.0142834335253 0.0322103669499 0.0229848986368 0.0191955337844 0.0251649896449 0.0353309019777 0.000836936885627 0.0184189572444 0.00880572425412 0.0175455386295 0.00639345697028 0.00120051914153 0.0108765464553 0.0262828189325 -0.00358661008528 0.0015791644209 0.0267391376364 0.0394175076698 0.00394119093961 -0.00184105045558 0.0151371191643 0.0188062814804 0.00981606201806 0.00778013903046 0.0184771441396 0.0415249705437 0.0328761070023 0.0619433690509 0.0371156319684 0.0223179457032 0.000144897080133 0.0139141504091 0.00841987649108 0.0103829522334 0.0175160354263 
0.0131017544504 -0.0089647058997 0.00346162797337 0.0131553031327 0.0139133303481 0.0206506110769 0.0145472392866 0.00919045169867 0.00594947943769 0.0118498863878 0.020184880908 0.00472050414186 0.0056025746684 -0.00371432460271 0.979376354432 0.00970183887436 -0.0118137784839 0.0192921559484 0.0119881526131 -0.00703149007775 0.00754473742154 0.00558397358499 0.0069051570401 0.00309143285013 0.0444813114658 0.00249765429693 0.00227422361993 0.010454426207 0.00742849664326 0.00854952203005 0.0166375821336 0.0461919269833 0.00355586150384 0.00634410855274 0.00727482197918 0.00937370362185 0.0136020811748 -0.0164384869143 0.039001417493 0.00981138993315 0.0193792313259 0.0408991349543 0.00690021550611 0.00359196769483 0.00631651221954 0.0369484869259 0.0146490456644 -0.00238965925493 0.0123820961078 0.0166116137647 0.00313828537916 0.0193461093077 0.00856423808103 -0.00686266813198 0.0117032671513 0.00196580256921 0.0200400613246 0.022033733893 -0.00594038740081 0.00892585059076 
0.00170809388118 0.00825747151063 0.00388585655471 0.0182284901499 0.010639648722 0.0431356504368 0.0207533553303 0.00895178714924 0.021832159057 0.0127824638034 0.0162054780895 0.0119841959163 0.013461290348 0.000586867007027 0.00970183887436 0.15744454859 0.00545265506382 0.0158335968233 0.0106866748158 0.019490202808 0.0152585897678 0.00444119011596 0.0197694639894 0.00331489230575 0.012981254079 0.00972839675865 0.00176563081854 0.0112778726432 0.00752386225981 0.00598997121894 0.0188725450907 0.0160479568747 0.0101986847692 0.00304011990877 0.0147445443471 0.0199876046359 0.0200077744292 -0.00116227603663 0.0193367190268 0.00443809263655 0.0058957113399 0.0159814978678 -0.00126860566937 0.0416013745948 0.0038854402594 -0.0067918780699 0.0294012778764 -0.00726556808327 0.0155289846149 0.021287368879 0.0181105401209 0.00123340889462 -0.00543096186907 -0.0011295957808 0.000666000586187 -0.000439401934111 0.00697442129742 0.00900358594611 0.00789435039331 0.0110748198066 
0.00625535674606 0.00694608514445 0.0302564088649 0.00985270826288 0.018922780297 0.012043972922 0.00803182055437 0.0140974349984 0.00878149422414 0.00787649037163 0.00460836704248 0.0276873488334 0.00906501095991 0.0220907586388 -0.0118137784839 0.00545265506382 0.48054507363 -0.00129624936014 0.0245501608663 -0.000393277693936 0.0616083869685 0.0157136172959 0.0226584313139 -0.0145886415442 0.0113142714507 0.0188850318479 0.0229483581571 0.0203970428278 0.0187422801009 0.0355926117161 0.0202688775104 0.0358897065605 0.0186297206874 0.0323214991769 0.0128608037709 0.0115630951522 0.0113186877425 0.00258317297548 0.0248645012149 0.0210543459409 0.0417953050778 0.0214296539374 0.0445260122941 0.010647891019 0.00689403670148 0.0676632333915 0.0157286555465 0.000643252350135 0.0134330940568 0.0074357727018 0.0073569945948 0.0353293096619 0.0491067741319 0.0401497593922 0.0117488800419 0.00936886761003 0.00985986336261 0.0368140947449 0.0129871194975 0.0272434299404 
0.0115576282702 0.0194169290723 0.00984150526441 0.00944407211584 0.0146963890615 0.0087340694676 0.043443216196 0.0107508992721 0.0234360148565 0.0023396104446 0.00643792999892 0.0202995764722 0.0140932386688 0.012162195294 0.0192921559484 0.0158335968233 -0.00129624936014 0.132819884326 -0.000947043775415 0.00128716463878 0.0198585399301 0.00820017924108 0.0356218005541 0.00128518858277 0.00779015549018 0.0163827206368 0.0161017714398 0.00585705671974 0.00911136699908 0.0118347713757 0.019209226305 0.00915512576885 0.00890564493137 0.00805636492473 0.0195337643014 0.00932823796135 0.00204825149752 0.00222920737731 0.0281902609622 0.00693767856699 -0.0116886306978 0.00570072906244 0.00460390079228 0.0116875650348 0.0169652330695 -0.000626848466834 0.0452586742969 0.00150962742964 0.0104809024029 -0.00625728665451 0.0131170748414 0.00699307906215 0.000957326620934 0.0041851358667 0.00896015033319 0.00852391172691 0.00816191005111 0.018353087081 0.0244310463488 0.0107157593569 
0.0100744568527 0.0101561748556 0.0136537282 0.00860063723588 0.00946414229225 0.0022929149829 -0.00603830983495 0.0145927567129 0.016026773362 0.0231889018224 0.021105316181 0.0342523185815 0.0219532300537 0.0181180946853 0.0119881526131 0.0106866748158 0.0245501608663 -0.000947043775415 0.50380402911 0.00441887056991 0.0434230033012 0.00729921093615 0.00697639871319 0.0210387440027 0.0339351431132 0.011642186964 0.0194181098194 0.0399243169054 0.0241581031399 0.0268509137674 0.0295032772477 0.0149039571902 0.0235436545358 0.0241147561136 7.51067972925e-06 0.00562638054781 0.00834954286004 -0.00889802855667 0.00969697554553 0.0158664674938 0.00756418614354 0.0258257619937 0.0300309533341 0.0125023709159 0.0144160315074 0.0329264885356 0.0149481051357 0.022110259214 0.0201912749711 0.0337993221292 0.00538408555293 0.0269394937091 0.0346611182486 0.0170254495729 0.0330479540772 -0.000176760457249 -0.0086863097311 0.0110788253991 0.0157835753462 0.0294937538388 
0.00454716062265 0.0129080188254 0.0208060273114 0.00216913145758 0.0114914635526 0.00349086308358 0.0183945871211 0.00364105889075 0.00027573510773 -0.00220566092576 0.00475791029829 0.000507051960288 0.0123880976492 0.0163938593867 -0.00703149007775 0.019490202808 -0.000393277693936 0.00128716463878 0.00441887056991 0.980484419931 0.00246146590282 0.00599137095652 0.019547364578 0.00100613969378 0.00882396439237 0.0199990251621 0.0114100152396 0.00794452729841 0.00304079390626 -0.00367237100969 0.00816719346964 0.003468884313 0.0129515305675 0.0122091662816 0.0194811234167 0.00141732198744 0.0233803089966 -0.0118834360511 0.00754726172716 0.00956144547863 0.0144676047404 -0.0101883396259 0.0158193130194 0.0046979604639 -0.00811131428067 0.0176931012928 0.0210110406319 -0.00291663664887 0.0074502960371 0.0320936951459 0.0193487169239 0.0293991649431 0.00614042487032 0.0144283198491 0.0150037483692 0.0140339380573 0.00789928168059 0.0176506319773 -0.00431119084636 0.00769988234542 
0.0130694964015 0.0322839753288 0.0141472774384 0.00743895507446 0.0100649878522 0.016645602759 0.0306892552982 0.0218744537802 0.0224007143989 0.0302415580983 0.025466482682 0.0776098039258 0.0296519976397 0.0295894260803 0.00754473742154 0.0152585897678 0.0616083869685 0.0198585399301 0.0434230033012 0.00246146590282 0.26065808604 0.00427593609222 0.0210046892157 0.0239747816998 0.0248925106221 0.034972944074 0.0405809129816 0.0136106746237 0.0181023837808 0.033954507787 0.01484967047 0.0381418953382 0.0336897188282 0.0262381901455 0.0195376189734 0.0224382982659 0.0173840128137 -0.00582552227717 0.0348766517285 0.0175526585352 0.0298344676383 0.0262183638688 0.0321421711795 0.0184555209462 0.013302971222 0.0468383895296 0.0290328330173 0.0161379051369 0.0248046630169 0.0320751719859 0.0244546348276 0.0223664982298 0.0353437569509 0.0398307503386 0.0284252670297 0.00719253677147 0.00643862554891 0.0182329087816 0.0293423325835 0.0387477967492 
0.0242338526761 0.00779320813334 0.0111446085076 0.0189460871283 0.0035617088507 -0.00733525869435 0.0146344706037 0.00398337947288 0.000196789925138 0.00494590551138 -0.00146984523645 -0.011102077251 -0.000631746306206 0.0402043403039 0.00558397358499 0.00444119011596 0.0157136172959 0.00820017924108 0.00729921093615 0.00599137095652 0.00427593609222 0.367253005991 0.011508143024 0.00666778615243 0.0114059179973 0.00722654580101 0.00171731029981 0.00714135027847 -0.00776922948531 0.000182053772404 0.00602284413835 -0.00465359666832 -0.00506704681938 0.00430526094505 0.0076023244108 0.0019064454047 -0.00258754116834 -0.00296944600169 0.00180389929383 0.00384152688344 0.0044973387403 0.00212237692189 -0.00433319289223 0.00369871987337 0.0019775217693 -0.000894572498288 0.0098555529222 0.00408044105684 -0.00351811556074 0.00146694343242 0.0117184919078 -0.000444092124405 0.0203612973688 0.0171865221617 0.0132408381571 -0.012237985017 -0.00162187152299 0.0116084640703 -0.00488170578729 0.0198004909819 
0.00951812528487 0.0309381638613 0.00780859725779 0.0144620773816 0.0214929137597 0.0207994369035 0.0561256847566 0.00950467714454 0.0277350064137 -0.000120200949053 0.0239502226507 0.034464006947 0.0132292661018 0.0142998429705 0.0069051570401 0.0197694639894 0.0226584313139 0.0356218005541 0.00697639871319 0.019547364578 0.0210046892157 0.011508143024 0.158249016081 0.0233012586335 0.00653109290494 0.0260006935338 0.0131764687015 0.00619413703715 0.0175285496227 0.000855408192485 0.0101200056026 0.00357307226848 0.00896036520887 0.0154246056082 0.0599703400925 0.0132123890589 0.00686206800019 0.00732393754637 0.04612754968 0.0102613246635 0.0052809453795 0.0189365753599 0.024882475664 0.00907610932624 0.0103743670064 0.00445856354837 0.0478488084989 0.00396718982642 0.0172921653266 -0.0045203150905 0.0190134743521 0.0114276112648 0.0219557335348 0.0103611456622 0.0170537067822 0.00809889404486 0.0273252809627 0.0080403934724 0.0313937827771 0.0255213268723 
0.0221392288842 0.0241186527526 0.0145799051222 0.0012092175085 0.00482072460714 0.0151536293149 0.0110081251191 0.0156608111582 0.016206208943 0.0219230268322 0.0179169088606 0.0289270004518 0.00832627141986 0.0292262173163 0.00309143285013 0.00331489230575 -0.0145886415442 0.00128518858277 0.0210387440027 0.00100613969378 0.0239747816998 0.00666778615243 0.0233012586335 0.199776898457 0.018652769579 0.0182404227737 0.0188086484295 0.0043180668315 0.0290281307314 0.015311510117 0.00844063359639 0.00930492050718 0.0151160304404 0.0254989873756 0.0286221328688 0.00365316104984 0.00292878899087 0.000700237415967 0.0224344376635 0.00373882459221 -0.00241281905221 0.0170553776395 0.0152438672778 0.0117955994472 0.00404447115425 0.0289145321121 0.0217785941854 0.00562130778345 0.013473938896 -0.00361429760516 0.0285898199261 0.0128991819282 0.0368835647988 0.0166990856211 0.0241578171601 0.00631730573577 0.00829884197363 0.00986644726248 0.0167992137681 0.0150504797158 
0.0263002998937 0.0464195718357 0.0281155074745 0.0149530483422 0.0255003852774 0.00832088809263 0.0196660674797 0.019117310985 0.020268795529 0.00427054790226 0.0139180659472 0.0211906673387 0.00512064774534 0.00672456174879 0.0444813114658 0.012981254079 0.0113142714507 0.00779015549018 0.0339351431132 0.00882396439237 0.0248925106221 0.0114059179973 0.00653109290494 0.018652769579 0.275360124706 0.0259763979837 0.00891883700663 0.0240834209686 0.0161417789696 0.0805440190325 0.010565153641 0.00704891931358 0.0125662425558 0.0209384573192 0.0305152731604 0.0237962927189 0.00165290650193 -0.0130472806104 0.0118830487915 0.0096080566269 -0.00681957504231 0.0191528890241 0.0173810134168 0.0080507255315 0.00260769936619 0.0398701206609 0.0215128585725 0.0126110676185 0.0263891843441 0.000577015026955 0.0302595460051 0.0068198996485 0.0214483153749 0.00609674871519 0.0291914055745 0.0199608659852 0.000306575493698 0.0261702226087 0.0183162013548 0.0399159007946 
0.00176004459836 0.0119892735941 0.0250207806182 0.0112271123846 0.00787062457199 0.0262940306552 0.0159152898782 0.00912273796833 0.0229514845336 0.00825634106126 0.0142900512031 0.0252120160052 0.0173814232351 0.0142834335253 0.00249765429694 0.00972839675865 0.0188850318479 0.0163827206368 0.011642186964 0.0199990251621 0.034972944074 0.00722654580101 0.0260006935338 0.0182404227737 0.0259763979837 0.229981744055 0.0233747683565 0.0087362324554 0.01663736521 0.014732508084 0.028157868264 0.0110055726807 0.0112920553853 0.0156632921427 0.0236185550402 0.00264744375983 0.0120187396763 0.00927918525486 0.0274119267175 0.0292755137326 0.0263580188472 0.0237309434816 0.00858063450114 0.00844480547117 -0.000318071905593 0.0194123130004 0.0285662059961 0.00863946166668 0.00677882477459 0.00430911610449 0.0189241311573 0.0140603265826 0.0325108726488 0.0284904031629 0.0203772460269 -0.00358602997993 0.00054328500342 0.00860097661015 0.0394635027673 0.00753058633104 
0.0190181116848 0.0340386435616 0.0305929098134 0.0102472462629 0.0194104457335 0.0120609697632 0.0111529420955 0.0173034270944 0.0182369981513 0.0252821694094 0.0183715106003 0.0419851820256 0.0149692325355 0.0322103669499 0.00227422361993 0.00176563081854 0.0229483581571 0.0161017714398 0.0194181098194 0.0114100152396 0.0405809129816 0.00171731029981 0.0131764687015 0.0188086484295 0.00891883700663 0.0233747683565 0.184985571204 0.011320239818 0.0300157486251 0.0321044067641 0.0282755507006 0.0125538599661 0.0132526088162 0.0253470549861 0.0101438085143 0.00313026407405 0.0150678733084 -0.00618415066659 0.0193236906662 0.0262552315524 0.0274234308022 0.0172060377182 0.0403863568176 0.0164859377339 0.0192092830558 0.0377421808438 0.0244949865106 0.0108894466683 0.0202634593519 0.0434713107941 0.0292141888044 0.0250920671356 0.0195410574541 0.0321203423172 0.024376925167 0.00258827715227 0.0078542049394 0.0253476383923 0.0116875962717 -0.00444589310917 
-0.000731327764771 0.0146186182003 0.00878292610274 0.0270038003263 -0.0090074401672 0.00603156342825 0.00121296720688 0.0222271944731 0.0238643518578 0.0300389600656 0.00626187658741 0.0168156163462 0.0222098412505 0.0229848986368 0.010454426207 0.0112778726432 0.0203970428278 0.00585705671974 0.0399243169054 0.00794452729841 0.0136106746237 0.00714135027847 0.00619413703715 0.0043180668315 0.0240834209686 0.0087362324554 0.011320239818 0.439900394646 0.0255721109409 0.0198703636465 -0.0036007030043 0.00441788803995 0.0296048415115 -0.00256186781662 0.00857164596008 0.00497366543487 0.00432805215352 0.0236593920884 0.00580651165859 0.000520229068991 -0.00175966277095 0.0367636657204 0.00534927043218 -0.00623919726796 0.00197005160144 0.00661126659629 0.00763411354966 0.00968728816069 0.0147308879031 0.00496310401182 -6.13853506792e-05 0.0071236309179 0.0330522644031 0.0187887322953 0.0425713901426 -0.00124723181811 -0.00831865394161 0.0012104592487 -0.00251428388494 0.00978284468231 
0.0103277480536 0.0199359156593 0.0226260528399 0.0116495313652 0.0153883130398 0.020093567675 0.0173713023094 0.0246828601325 0.0212785438443 0.0195311351894 0.0178813467553 0.0269917395148 0.013864707814 0.0191955337844 0.00742849664326 0.00752386225981 0.0187422801009 0.00911136699908 0.0241581031399 0.00304079390626 0.0181023837807 -0.00776922948531 0.0175285496227 0.0290281307314 0.0161417789696 0.01663736521 0.0300157486251 0.0255721109409 0.265968153486 0.038681001469 0.0292110541165 0.0208047067275 0.0266452179831 0.0211585195174 0.0103196278817 0.0131912017704 0.0206954339067 0.0565314744003 0.0190953949122 0.0222453162803 0.02050575612 0.0124566582041 0.0289306012758 0.0169610659173 0.00290678364738 0.0277517234555 0.012204290178 0.00636270092517 0.0133659240489 0.0264940482697 0.0218579570185 0.0373329268931 0.0482972818694 0.0421917570087 0.0226195251907 0.00484941822231 0.0158639452226 0.0247039123794 0.0153600594847 0.0257650245868 
0.0182978772638 0.0359390495613 0.0308737921896 0.00852738709321 0.0149490876264 -0.00184403413169 0.00928358763216 0.0231521915845 0.0326733045228 0.0102674403562 0.0115443393071 0.023775249734 0.00954016597332 0.0251649896449 0.00854952203005 0.00598997121894 0.0355926117161 0.0118347713757 0.0268509137674 -0.00367237100969 0.033954507787 0.000182053772404 0.000855408192486 0.015311510117 0.0805440190325 0.014732508084 0.0321044067641 0.0198703636465 0.038681001469 0.377374625077 0.0257778983759 0.00868334815812 0.0373552095094 0.0117814861338 -0.00905001807239 0.0197131927724 0.0148737387213 0.00237635525425 0.0188040938508 0.00724330229618 0.0271461362245 0.0155128394078 0.000428613319168 0.00447307200288 0.0107553595719 0.0554508671594 0.0181299517757 0.0209695285803 0.00318562862307 0.000243223448078 0.0268000732914 0.0241159214954 0.042911489132 0.04597709644 0.0233378200708 0.00891491637416 -0.0118861585779 0.0401626457085 0.0122360703172 0.0344154908019 
0.00500200982264 0.00755797559684 0.0169648282816 0.00594467271255 0.00230522629822 0.0107861960623 0.00938742692707 0.013843360053 0.0381548416728 0.0255395609278 0.0472213990932 0.0388922996966 0.0261153976952 0.0353309019777 0.0166375821336 0.0188725450907 0.0202688775104 0.019209226305 0.0295032772477 0.00816719346964 0.01484967047 0.00602284413835 0.0101200056026 0.00844063359639 0.010565153641 0.028157868264 0.0282755507006 -0.0036007030043 0.0292110541165 0.0257778983759 0.380937043544 0.00966118077891 0.013886987879 0.0267322006885 0.014752270401 -0.00115768604021 -3.63540572809e-05 0.00559255664446 0.0193979469477 0.0113662321583 0.0143027786732 0.0173841108761 0.0331223377912 0.0171162747963 0.00205059383101 0.0320380499452 0.00559005387351 0.0157802180155 0.0213655739982 0.0406476258051 0.0217551400557 0.00780802436304 0.0459626872411 0.0390085553002 0.0113808511633 0.0111446117274 0.0149461342921 0.0268045682951 0.0169059759534 0.0181281820005 
0.0222796624409 -0.0127197438285 0.0021695657397 0.0150268850144 0.0138760042653 0.0148508852817 0.0127521276765 0.0151241220753 0.0115723323037 4.71076059557e-05 -0.0125287287536 0.0312303022082 0.0188414888885 0.000836936885627 0.0461919269833 0.0160479568747 0.0358897065605 0.00915512576885 0.0149039571902 0.003468884313 0.0381418953382 -0.00465359666832 0.00357307226848 0.00930492050718 0.00704891931358 0.0110055726807 0.0125538599661 0.00441788803995 0.0208047067275 0.00868334815812 0.00966118077891 0.504190239267 0.0168084522339 0.0218372840481 0.00340777604993 0.002407906836 0.0519138942157 0.0123835113246 0.0225582455695 0.0127072081504 0.096540822931 0.0185890760923 0.00778729026731 0.0112421302469 0.00492723327723 0.026542524771 0.020082596448 -0.00411259763885 -0.00262113185828 0.116941166443 0.00228412089952 0.0323294707348 0.0248145129797 0.0224660018787 0.0453540121177 -0.0125111503056 0.00911273881453 0.0239088565927 0.0184849540807 0.0107843652709 
0.0127799372802 0.00954885541981 0.0141936792892 0.016758381098 0.00324870901909 0.0118546141739 0.000251995140796 0.0190539359415 0.000350217220625 -0.0234969894543 -0.00550033079339 0.0263876475385 0.0210439390127 0.0184189572444 0.00355586150384 0.0101986847692 0.0186297206874 0.00890564493137 0.0235436545358 0.0129515305675 0.0336897188282 -0.00506704681938 0.00896036520887 0.0151160304404 0.0125662425558 0.0112920553853 0.0132526088162 0.0296048415115 0.0266452179831 0.0373552095094 0.013886987879 0.0168084522339 0.450483936514 0.0173920188426 0.00335237351319 -0.00183016853381 -0.0034975604425 0.00186445906844 0.0207329918601 0.00597586712019 0.00648373623998 0.00626531164969 -0.00393929398848 0.0136117941354 0.00780525061919 0.0264786013034 0.013466873011 0.0828137850425 0.0237021884698 0.00694455431759 0.0121965803847 0.0160736795027 0.017459647516 0.0179327785797 0.01745873475 0.0223375688558 0.0110416351118 0.00673397063366 0.00996130110589 0.0100783879954 
-0.00127914093851 0.035213371612 0.0230771656823 0.0106481628521 0.0154272267064 0.00256475000477 0.00809198339777 0.0176468121182 0.0143174835852 0.0315860828472 -0.0075174168448 0.032894927413 0.0121907590658 0.00880572425412 0.00634410855274 0.00304011990877 0.0323214991769 0.00805636492473 0.0241147561136 0.0122091662816 0.0262381901455 0.00430526094505 0.0154246056082 0.0254989873756 0.0209384573192 0.0156632921427 0.0253470549861 -0.00256186781662 0.0211585195174 0.0117814861338 0.0267322006885 0.0218372840481 0.0173920188426 0.266112461816 0.0119879179014 -0.00774020157509 0.017121617074 0.0130981470363 0.0252884171466 0.0127734107125 0.0175628107501 0.00648234106104 0.0102756687139 -0.00962074281231 0.0116257576166 0.0218936891997 0.00419432767351 0.00425102184169 -0.00385670863784 0.0239897754649 0.0312078476898 0.0558560677336 0.0229046918096 0.0231210426678 0.014987192205 0.00419564255026 0.00121207621263 0.0126817101932 0.0130384638536 0.01062947652 
0.00590502799727 0.0110232756859 0.0240133346329 0.00665700294309 0.0121570621588 0.0330809100926 0.041511921799 0.00741062785432 0.0140546177297 0.00524569732418 0.00764396059447 0.0160869745768 0.0145857810195 0.0175455386295 0.00727482197918 0.0147445443471 0.0128608037709 0.0195337643014 7.51067972904e-06 0.0194811234167 0.0195376189734 0.0076023244108 0.0599703400925 0.0286221328688 0.0305152731604 0.0236185550402 0.0101438085143 0.00857164596008 0.0103196278817 -0.00905001807239 0.014752270401 0.00340777604993 0.00335237351319 0.0119879179014 0.255673971058 0.00288364931595 0.007284126742 -0.0120199128248 0.0314113592484 0.00621278541879 0.00737573713149 0.0179198529394 0.0130892387004 0.0191260457221 -0.00401059375261 0.00408230047277 0.0281183989873 0.00842592894868 0.00705610324726 -0.000394078084061 0.0167368459378 0.00772114925663 0.0115025456391 0.0171110951979 0.0190251837253 0.0348173241616 -0.00251521666972 0.0064245711215 0.0211805394729 0.0275627044822 
0.010700504642 0.0114365922533 0.00597150010601 0.007240356649 0.0218426047137 0.0188272600844 0.0108720887332 0.00643294408109 -0.000820194385572 -0.01454993187 0.012896964871 0.0176385363643 0.00530141830355 0.00639345697028 0.00937370362185 0.0199876046359 0.0115630951522 0.00932823796135 0.00562638054781 0.00141732198744 0.0224382982659 0.0019064454047 0.0132123890589 0.00365316104984 0.0237962927189 0.00264744375983 0.00313026407405 0.00497366543487 0.0131912017704 0.0197131927724 -0.00115768604021 0.002407906836 -0.00183016853381 -0.00774020157509 0.00288364931595 0.310804602651 0.014709584522 0.00292234536888 0.00487718678852 0.00277073196135 0.0170506877006 0.00543781019798 -0.000457688445899 0.0138525971758 0.00668623933308 0.00140429108762 0.0119210766164 0.00248027802423 0.00334488521126 0.00720218918152 0.0155547412785 0.00718054985501 0.00349152941171 0.00302970352721 0.0072595300316 0.0171450322975 0.00221774021598 0.0274609292843 0.0143503284457 0.0092057052174 
-0.00825727119478 0.0104861044972 0.00428148696272 0.00629008339538 -9.68651591519e-06 0.0238769370368 0.0130728312591 0.017104040151 0.0242737371817 0.00359547076789 0.00512365917298 0.0240556957095 0.00498716716148 0.00120051914153 0.0136020811748 0.0200077744292 0.0113186877425 0.00204825149752 0.00834954286004 0.0233803089966 0.0173840128137 -0.00258754116834 0.00686206800019 0.00292878899087 0.00165290650193 0.0120187396763 0.0150678733084 0.00432805215352 0.0206954339067 0.0148737387213 -3.63540572809e-05 0.0519138942157 -0.0034975604425 0.017121617074 0.007284126742 0.014709584522 0.222379619025 0.014533508562 0.0146067621425 -0.00152525193623 0.097201306547 0.0017805273664 0.0134748648076 0.0139979945872 0.0131154431024 -0.00820910936044 0.00818636056941 0.00332682970987 0.000947904712728 0.110515558326 -0.00874808342273 0.00943118201226 0.0105270408749 0.00643893677234 0.0264086117805 -0.0170807757573 0.0101684879167 0.0355217366574 0.0209777987166 -0.00873754531665 
-0.0059998101023 -0.00704586758992 0.0201676029895 0.016427109749 -0.0112030002766 0.00217174798275 -0.00166048765279 0.0012913839532 0.00966453155002 -0.0118881709705 -0.00268008587078 0.0096719819367 0.0202630679213 0.0108765464553 -0.0164384869143 -0.00116227603663 0.00258317297548 0.00222920737731 -0.00889802855667 -0.0118834360511 -0.00582552227717 -0.00296944600169 0.00732393754637 0.000700237415967 -0.0130472806104 0.00927918525486 -0.00618415066659 0.0236593920884 0.0565314744003 0.00237635525425 0.00559255664446 0.0123835113246 0.00186445906844 0.0130981470363 -0.0120199128248 0.00292234536888 0.014533508562 1.89144266763 -0.00349763059598 -0.012369575786 0.0716547868304 -0.00317716039268 -0.0199366782862 0.003815796441 -0.00448852403503 0.0217920951174 -0.0053971653104 -0.000193020869285 -0.00341056999427 0.0678448558588 0.00661259665112 0.00216998495188 0.0138606262808 0.0112445833566 -0.0059660133647 0.000456546754624 -0.0224485797343 -0.0246392770644 -0.010547601851 0.0177325321993 
-0.00494451791538 0.0156756644275 0.0134391230033 0.0113425423559 0.0225841846813 0.0230654609107 0.040942399676 0.0480282108565 0.030022091062 0.0568145385898 0.0259146255117 0.0347519252362 0.0171361418766 0.0262828189325 0.039001417493 0.0193367190268 0.0248645012149 0.0281902609622 0.00969697554553 0.00754726172716 0.0348766517285 0.00180389929383 0.04612754968 0.0224344376635 0.0118830487915 0.0274119267175 0.0193236906662 0.00580651165859 0.0190953949122 0.0188040938508 0.0193979469477 0.0225582455695 0.0207329918601 0.0252884171466 0.0314113592484 0.00487718678852 0.0146067621425 -0.00349763059598 0.230556085005 0.0186082211321 0.00149614909563 0.0299858728545 0.0356070674572 0.0143684122545 0.000512717792884 0.00290828747907 0.0453233227054 0.0141412817299 0.0246388218579 0.0304954555808 0.0400965053207 0.0215628531456 0.0409224728315 0.0252932320967 0.0201395099329 0.004742067846 0.0143451711414 0.0299496170794 0.0294298075861 0.0205141309559 
