40
0.126305303483 0.0533286406295 0.02473804396 0.0247746242904 0.0448250845436 0.0348828940045 0.0192488530763 0.116671338284 0.121001700606 0.079223051944 0.169485482474 0.0590558874601 0.200970993098 0.0367752030525 0.0254946283421 0.0449680709256 0.0754552666066 0.0271794955288 0.0296866664977 0.0766878163077 0.0540864966038 0.0132097716294 0.188050706821 0.0486959213786 0.0220144037379 0.015652967587 0.0377827405953 0.0738036440579 0.0251604878384 0.045915457725 0.0244433913508 0.0391901687574 0.140066530531 0.199130076205 0.0218855159469 0.0501755430095 0.640104613609 0.0576577356707 0.0254158643172 0.10135047428 
0.472488093843 0.00988606679054 0.00847069659302 0.00136351969883 -0.0151279758854 0.05038808184 0.0100936098472 0.0240003128414 0.0743350249525 0.0239669833845 0.0693661708536 -0.00314055758993 0.0157500270844 -0.00606476124822 0.0155565430405 0.0121593169486 0.029709648477 0.0037327521782 0.0138078771974 0.0467037918149 0.00253305430912 -0.000516018378045 0.0125525227086 0.021196767112 0.0262793423741 0.013645960971 0.0255461451617 0.0133639288527 -0.00315277552355 0.0137845545464 0.00347222432413 0.0105388723929 -0.00925133096043 0.100463692758 0.00588851082122 0.0245016150989 0.0550441645717 0.0178378647492 0.0143403821366 0.0307740998022 
0.00988606679052 0.257701235438 0.00308014998908 0.0066161877482 -0.00113000492323 0.0131877530078 0.0103424407618 0.0267906020816 0.0217040546739 0.0700930909697 0.01490408651 0.00656682008155 0.0261711937547 0.00468936029624 0.00110709279296 0.0176953861467 0.0367640845412 0.00530267987509 0.0125063810292 0.0414809661062 0.0151353370981 0.00916250356023 0.0251452665492 0.0180900615355 0.00895788411549 0.0196611337592 0.008475159879 0.0140578585291 0.0112358723335 -0.000271096935479 0.0209888416346 0.0244066129524 0.013931236216 0.0131353834078 0.00614124296524 0.00383403788845 0.00378040055638 0.0251203852361 0.00168683742365 0.0167369462921 
0.00847069659303 0.00308014998908 0.162576304186 0.0118642138421 0.0178079671114 0.00278204139603 0.0173416958924 0.0207100379279 0.0295948149587 0.00535056367211 0.00852138503919 0.0187915966472 0.0195941265994 0.0114221140594 0.0430110774416 0.018197388089 0.0162888398234 0.0148317612906 0.0245311323962 -0.00272267275959 0.0182580630992 0.00110647952583 -0.000288241578364 0.0288210258691 0.0367713774073 0.00148804240181 0.0195238943395 0.013224056183 0.0198861254297 0.0131278583723 0.00400861102482 0.010772951764 0.0042185324388 0.0128616414865 0.00642411839724 0.0130281190338 -0.00457042877559 0.0179440826482 0.00359033857831 0.00923614878373 
0.00136351969883 0.00661618774821 0.0118642138421 0.182098203411 0.0138475606576 0.023505334563 0.0149975094865 0.0253221793709 0.0178010633798 0.0291383445646 0.0212579048839 0.00270738699187 0.00948176161697 0.0113491672922 0.0271596070743 0.0102716907647 0.0204794639339 0.017818244224 0.0252969201098 0.0111760056994 0.0201581035623 0.00909280173223 0.0176855138858 0.0203412685494 0.00815736426461 0.0194005070489 0.00349118518191 0.0178810882994 0.0185072825792 0.01961148237 0.00581572195969 0.017438615494 0.014171898783 0.0289430379776 0.0113058073797 0.0173739136857 0.0264480653018 0.028696721781 0.0185987011206 0.0486508943764 
-0.0151279758854 -0.00113000492323 0.0178079671114 0.0138475606576 0.249906103424 0.0186442939701 0.0116578369666 0.020280581294 0.0201826415201 0.0241154961154 0.0182171308097 0.012115285553 -0.0071328501696 0.0243994891512 -0.0085401458749 0.0223124853079 0.0260121162899 0.0168168119002 0.0236569360294 0.0177645029982 0.00517661435405 0.0192419726291 0.00362193469684 0.0312912788867 -0.000602109099776 0.027204469034 0.00148379968803 0.0206710892209 0.0248396701901 0.000899727314041 0.0225066159313 0.0218107546923 0.0119162530077 0.0194906042747 0.0231552542056 0.027725805315 0.00377401249458 0.0216785905838 0.0318995293295 0.0186010690088 
0.05038808184 0.0131877530078 0.00278204139603 0.023505334563 0.0186442939701 0.235583271061 0.0134702161932 0.0113829917347 0.0135031906278 0.0224460027506 0.00944567230391 -0.00162164105396 0.00882674194054 0.0198202595738 -0.00519184657831 0.0164767056446 0.00095168159843 0.00374012487689 0.0253880303822 0.0393871816936 0.0105964575735 0.0117364197077 0.0385030690592 0.0156726256067 -0.00118189220287 0.02636918752 0.0183199658389 0.0133674738689 0.010266462108 0.0149849173616 0.0140456314575 0.0160348405949 0.0114595532453 0.0210991820911 0.00521208643298 -0.0015243326746 0.0237838865128 0.0172528994131 0.0192580274222 0.0323275357207 
0.0100936098472 0.0103424407618 0.0173416958924 0.0149975094865 0.0116578369666 0.0134702161932 0.138431560206 0.0165180553621 0.00940238395868 0.0099158286778 0.00162275793589 0.0113800445665 0.012255574554 0.0136608011691 0.00990109740954 0.0123896728086 0.0178065281639 0.00909977756036 0.0132836767388 0.00689353311427 -0.000672600212515 0.0106174157839 0.0257531367853 0.0133339761274 0.00661371098015 0.0155133113566 -0.00379101261936 0.0038249333977 0.0167979750679 0.00582045597833 0.0115142854181 0.0059857625533 0.00717364833208 0.0121146416627 0.0290669158008 0.00996496359254 0.0109545164173 0.0132178191027 -0.000126492056451 0.0163515098141 
0.0240003128414 0.0267906020816 0.0207100379279 0.0253221793709 0.020280581294 0.0113829917347 0.0165180553621 1.0688131152 -0.00653956658986 0.0486839564214 0.0108709722634 -0.00151226682686 0.0024872883382 -0.00288534877952 0.0102572634608 -0.00147532674589 0.0314674179236 -0.0145464487267 0.0120126480827 0.029868318031 -0.00110930550906 0.0154981227935 0.0836588302828 0.0265160999788 0.0175133617548 0.0392466802747 0.00953189422167 0.012829639396 0.00840771475605 0.0129097078565 0.0053483291478 0.000934208173494 0.00719450284956 0.0707992100028 0.000133947268128 0.0466063620847 0.00661339911913 0.0336803729288 0.0217883228683 0.0239936657526 
0.0743350249525 0.0217040546739 0.0295948149587 0.0178010633798 0.0201826415201 0.0135031906278 0.00940238395868 -0.00653956658987 0.737145177579 -0.00162006621895 0.0375135161409 0.0389113173126 0.012180829583 -0.00811793426023 0.0445945216858 0.0134017645472 0.0122692856489 0.0128208844192 0.0290403253424 0.0215590719182 0.0240285390574 0.0123838323116 0.0239469784591 0.0272675189304 0.0195409973094 0.000840299727237 0.0414879715712 0.0160432465728 0.0105156805824 0.00715142891081 0.00598527714108 0.0137664054692 -0.00333546464529 0.0532211722941 0.0198685752397 0.000974574681638 -0.000985197319495 0.00458834156468 0.0151562295261 0.0282482156407 
0.0239669833845 0.0700930909697 0.00535056367211 0.0291383445646 0.0241154961154 0.0224460027506 0.0099158286778 0.0486839564214 -0.00162006621895 0.376470907358 0.0173223732267 -0.00796738258772 0.0615331931176 0.0159382206972 0.00920790333551 0.00912446710213 0.0370993761263 0.0171082022769 -0.00138495496712 0.0366243714525 0.0210653955646 0.0140390416562 0.0231477299331 0.015343306308 0.0103004476557 0.0313482577494 0.00264409264532 0.0376056605878 0.0143408740772 0.0338622092596 0.0191826532258 0.0511852703066 0.00963787559494 0.00700102280337 0.0014462163983 0.0381909780454 0.00953779601042 0.0303136416856 0.0365054919932 0.00525656223111 
0.0693661708536 0.01490408651 0.00852138503919 0.0212579048839 0.0182171308097 0.00944567230391 0.00162275793589 0.0108709722634 0.0375135161409 0.0173223732267 0.674683567837 0.00671061151687 0.0338350493713 0.0101457487171 0.0324743084834 0.0198871647837 0.00192311382721 0.00090712019322 -0.00346934328656 0.00562354049549 -0.00896592994382 0.0129320168413 -0.0103068946633 0.0211632978285 0.026153133905 0.0146913527531 0.0204068156431 0.0259282513028 0.00331859713306 -0.00243927816568 0.0170613854911 0.0101972797883 0.0292920050946 0.0537496914033 0.0105642405701 0.0211342721437 -0.00258559567175 0.00711213127281 0.00414107184049 0.0196663172453 
-0.00314055758992 0.00656682008155 0.0187915966472 0.00270738699187 0.012115285553 -0.00162164105395 0.0113800445665 -0.00151226682687 0.0389113173127 -0.00796738258773 0.00671061151688 0.724089716424 0.000109159906708 0.0251185443053 0.00919307894636 0.0225782156701 0.00494274921699 0.01025832225 0.0200679086922 0.0039951243324 0.0117953674588 0.0103598062332 0.006469918235 0.0111400305859 0.0179615036216 0.00160210145871 0.0157084983515 0.00265120898479 0.0155529171957 0.011447860642 0.00613766666103 0.0304073884453 0.0142785580598 -0.00779242444092 0.0271382118983 -0.00119603250112 -0.00205692905369 0.0201139671626 0.0168363431006 0.0166144666858 
0.0157500270844 0.0261711937547 0.0195941265994 0.00948176161697 -0.0071328501696 0.00882674194054 0.012255574554 0.00248728833819 0.012180829583 0.0615331931175 0.0338350493712 0.000109159906736 0.907155761035 0.0327286781397 0.014056958697 0.00612911482994 -0.00146024090131 0.00161099693119 0.0338903885493 0.0117163518047 3.94696652707e-05 0.00422065640394 0.0280993466601 0.00439070113514 0.00899963544207 0.0247345361393 0.0158324299206 0.0226495088637 0.00747063234487 -0.00962223573644 0.0182399253988 0.0137292311341 0.0248427868701 0.0311303898362 0.00715081194526 0.0130717203726 0.188275044797 0.0230833220551 0.00731224797902 0.0330263500339 
-0.00606476124822 0.00468936029624 0.0114221140594 0.0113491672922 0.0243994891512 0.0198202595738 0.0136608011691 -0.00288534877953 -0.00811793426023 0.0159382206972 0.0101457487171 0.0251185443053 0.0327286781397 0.249566419357 0.00345683901915 0.013305582664 0.0240642002931 0.0518871419383 0.0198372700244 0.0275196438395 0.0168625936949 0.0108415867007 0.00365060767974 0.0425726441133 0.00324620533424 0.0142853092769 0.00708953374846 0.0170409404154 0.0221727234852 0.00530926732596 0.00188441880491 0.00546531390587 0.00565933594548 0.0224164284685 0.00656233744146 0.0182511101005 -0.00477123216342 0.0110617127585 0.0201943575201 0.0266275168732 
0.0155565430405 0.00110709279296 0.0430110774416 0.0271596070743 -0.00854014587489 -0.00519184657831 0.00990109740954 0.0102572634608 0.0445945216858 0.00920790333551 0.0324743084834 0.00919307894636 0.014056958697 0.00345683901915 0.195140518223 0.0113404970168 0.0118792192404 0.011646716715 0.0185794621567 0.00100366942638 0.0102742893835 0.0044464655007 -0.00346720829366 0.014719236002 0.0456584116005 -0.00136743908209 0.0238305935214 0.0156430410213 0.0151613219132 0.0100150000286 -0.000942097932487 0.00995467301894 0.0118457116992 0.0108488947584 0.0145409444261 0.00961853692783 -0.00641273736835 0.0233587469905 0.00223574162181 0.0202253314346 
0.0121593169486 0.0176953861467 0.018197388089 0.0102716907647 0.0223124853079 0.0164767056446 0.0123896728086 -0.00147532674589 0.0134017645472 0.00912446710214 0.0198871647837 0.0225782156701 0.00612911482994 0.013305582664 0.0113404970168 0.195312197753 0.00873597074933 0.0169417297545 0.0193179397683 0.0159038789473 0.00924846475207 -0.00118609961738 0.013480565941 0.017478253924 0.0165782925573 0.00990883094375 0.0191211896672 0.0232636146987 0.0117806993733 0.00522466742033 0.0070684148226 0.042951455885 0.0067286437506 0.014605297571 0.00779889712515 0.025675022926 -0.0151520979309 0.0236303006438 0.00756760898473 0.0244011842437 
0.029709648477 0.0367640845412 0.0162888398234 0.0204794639339 0.0260121162899 0.000951681598431 0.0178065281639 0.0314674179236 0.0122692856489 0.0370993761263 0.00192311382721 0.00494274921699 -0.00146024090131 0.0240642002931 0.0118792192404 0.00873597074933 0.669629758774 0.0184996869138 0.0148730881219 0.029640541234 0.0362520617009 0.0172169409953 0.021493448728 0.0220841997097 0.0274661385225 0.0138553605849 0.0287108470361 0.0401024110794 0.0238689603912 0.0130513158477 -0.00194101297281 -0.00454571335399 0.0341349545158 -0.00641650095937 -0.00175859571562 0.0261976912894 0.0145256621974 0.0436608445592 0.0262570878494 0.0355645108092 
0.0037327521782 0.00530267987509 0.0148317612906 0.017818244224 0.0168168119002 0.00374012487689 0.00909977756036 -0.0145464487267 0.0128208844192 0.0171082022769 0.000907120193218 0.01025832225 0.00161099693119 0.0518871419383 0.011646716715 0.0169417297545 0.0184996869138 0.229765737408 0.0202700774239 0.00463892500829 0.0104572593912 0.012759116965 0.00705510283474 0.0388507857582 -0.00266128909793 0.0197495668675 0.0198161136651 0.0159712780501 0.0205893064887 0.0111305301278 0.0149320601727 0.00422671914396 0.00550193162538 0.00825229110814 0.00416331572109 0.0208436574113 0.0219657578593 0.0135225053982 0.0194901076086 0.00685329083808 
0.0138078771974 0.0125063810292 0.0245311323962 0.0252969201098 0.0236569360294 0.0253880303822 0.0132836767388 0.0120126480827 0.0290403253424 -0.00138495496711 -0.00346934328656 0.0200679086922 0.0338903885493 0.0198372700244 0.0185794621567 0.0193179397683 0.0148730881219 0.0202700774239 0.221635667302 0.0311909330797 0.0237994663328 0.0165517698054 0.0346422326585 0.0472624256229 0.0154967375507 0.0108608679159 0.0207320025043 0.0115977521531 0.0396147776905 0.0284535926361 0.01611051113 0.0233950412224 0.0233186799698 0.0283659399366 0.0120130578937 0.0126477469302 0.0117324751818 0.0347377160537 0.027011085432 0.0415238847745 
0.0467037918149 0.0414809661062 -0.00272267275958 0.0111760056994 0.0177645029982 0.0393871816936 0.00689353311427 0.029868318031 0.0215590719182 0.0366243714525 0.00562354049549 0.0039951243324 0.0117163518047 0.0275196438395 0.00100366942639 0.0159038789473 0.029640541234 0.0046389250083 0.0311909330797 0.454987523031 0.0219843012359 0.0300223345488 0.0835367378974 0.0411746451074 0.00821924376338 0.0292030551859 0.0268521926691 0.0376349924851 0.0253650228182 0.0569910468723 0.0186823484447 0.0288660571654 0.0318452200491 0.0460424596334 0.00306759980827 0.0246483961512 0.0181307928142 0.0316263242924 0.0254927666293 0.0853927935715 
0.0025330543091 0.0151353370981 0.0182580630992 0.0201581035622 0.00517661435406 0.0105964575735 -0.000672600212514 -0.00110930550906 0.0240285390574 0.0210653955646 -0.00896592994381 0.0117953674587 3.94696652738e-05 0.0168625936949 0.0102742893835 0.00924846475207 0.0362520617009 0.0104572593912 0.0237994663328 0.0219843012359 0.391556712109 0.012639549928 0.0284143566531 0.0191878392545 0.011258845586 0.00777800846362 0.0159618574175 0.0124536520536 0.0100072470328 0.00856156308235 0.00274292313712 0.00427861627368 0.0462607304061 0.0275821684319 -0.0014855137065 0.0113539567865 -0.00670507529176 0.0285793250632 0.00218455937399 0.0206485726061 
-0.000516018378044 0.00916250356023 0.00110647952583 0.00909280173223 0.0192419726291 0.0117364197077 0.0106174157839 0.0154981227935 0.0123838323116 0.0140390416562 0.0129320168413 0.0103598062332 0.00422065640394 0.0108415867007 0.0044464655007 -0.00118609961738 0.0172169409953 0.012759116965 0.0165517698054 0.0300223345488 0.012639549928 0.167054758942 0.031637725797 0.0213877947002 -0.00263111086369 0.0183166275254 0.00275289317057 0.0108909811917 0.00632950277612 0.000669207052951 0.0200650909982 0.0119444284848 0.0148432809049 0.0188063465004 0.00260124366956 0.0139417496324 0.0120781146978 0.0129089829328 0.00973774013345 0.0159354751477 
0.0125525227086 0.0251452665492 -0.000288241578364 0.0176855138858 0.00362193469684 0.0385030690592 0.0257531367853 0.0836588302828 0.0239469784591 0.0231477299331 -0.0103068946633 0.00646991823501 0.0280993466601 0.00365060767974 -0.00346720829366 0.013480565941 0.021493448728 0.00705510283474 0.0346422326585 0.0835367378974 0.0284143566531 0.031637725797 0.998321315687 0.0193743577884 -0.0066779294741 0.0210821474049 0.0021898615974 0.0482712118375 -0.00300089353374 0.0395229579283 0.00588350410046 0.0218830050362 0.0156704651024 0.0484833194537 0.00931926002738 0.0157932307083 0.140020826095 0.0279245468054 0.0376523745144 0.0807591822329 
0.021196767112 0.0180900615355 0.0288210258691 0.0203412685494 0.0312912788867 0.0156726256067 0.0133339761274 0.0265160999788 0.0272675189304 0.015343306308 0.0211632978285 0.0111400305859 0.00439070113514 0.0425726441133 0.014719236002 0.017478253924 0.0220841997097 0.0388507857582 0.0472624256229 0.0411746451074 0.0191878392545 0.0213877947002 0.0193743577884 0.201422798846 0.0108411310929 0.027498843655 0.0170605036977 0.0299611957563 0.0621685138126 0.0352714327724 0.0221865102836 0.0145295101023 0.0267445200989 0.0317128104195 0.00884873506377 0.026923661836 0.01590555834 0.0169263580715 0.0208730053038 0.0331445949217 
0.0262793423741 0.00895788411549 0.0367713774073 0.00815736426461 -0.000602109099774 -0.00118189220287 0.00661371098015 0.0175133617548 0.0195409973094 0.0103004476557 0.026153133905 0.0179615036216 0.00899963544207 0.00324620533424 0.0456584116005 0.0165782925573 0.0274661385225 -0.00266128909793 0.0154967375507 0.00821924376337 0.011258845586 -0.00263111086369 -0.0066779294741 0.0108411310929 0.179222627013 0.00618552581144 0.0351004948826 0.0203681378838 0.00760134962872 0.015764483065 0.0112127865551 0.00331040359966 0.00927211501103 0.0127060762978 0.00135583912014 0.0170810999974 -0.00224867966744 0.0327068362638 0.00723075448688 0.0121108487633 
0.013645960971 0.0196611337592 0.00148804240181 0.0194005070489 0.027204469034 0.02636918752 0.0155133113566 0.0392466802747 0.000840299727239 0.0313482577495 0.0146913527531 0.00160210145871 0.0247345361393 0.0142853092769 -0.00136743908209 0.00990883094374 0.0138553605849 0.0197495668675 0.0108608679159 0.0292030551859 0.00777800846362 0.0183166275254 0.0210821474049 0.027498843655 0.00618552581144 0.22469730721 -0.000652841718806 0.0320564171691 0.015574261721 0.00793310743307 0.00215305403695 0.0286699480323 0.0321873156174 0.0317730407245 0.0149255023186 0.0190206297324 0.017994456546 0.0190512883562 0.0232741863726 0.0313932849288 
0.0255461451617 0.008475159879 0.0195238943395 0.00349118518191 0.00148379968803 0.0183199658389 -0.00379101261935 0.00953189422167 0.0414879715712 0.00264409264532 0.0204068156431 0.0157084983515 0.0158324299206 0.00708953374846 0.0238305935214 0.0191211896672 0.0287108470361 0.0198161136651 0.0207320025043 0.0268521926691 0.0159618574174 0.00275289317057 0.0021898615974 0.0170605036977 0.0351004948826 -0.000652841718801 0.330318256853 0.0129847516826 0.0231469268264 0.00358763491557 0.00856601896389 0.00772038618459 0.0124912610818 0.0291305733081 -0.00254825771308 0.00950148338475 -0.00582586964569 0.0229375943621 0.0103369914124 0.0161038614201 
0.0133639288527 0.0140578585291 0.013224056183 0.0178810882994 0.0206710892209 0.0133674738689 0.0038249333977 0.012829639396 0.0160432465728 0.0376056605879 0.0259282513028 0.00265120898479 0.0226495088637 0.0170409404154 0.0156430410213 0.0232636146987 0.0401024110794 0.0159712780501 0.0115977521531 0.0376349924851 0.0124536520536 0.0108909811917 0.0482712118375 0.0299611957563 0.0203681378838 0.0320564171691 0.0129847516826 0.353668869492 0.013805285374 0.00881587375944 0.00138053570806 0.0267618235415 0.0178212093166 0.0448366837844 0.0145930253078 0.0400368374905 0.0077258513617 0.0241521344312 0.00255848436137 0.0315655520714 
-0.00315277552355 0.0112358723335 0.0198861254297 0.0185072825792 0.0248396701901 0.010266462108 0.0167979750679 0.00840771475605 0.0105156805824 0.0143408740772 0.00331859713306 0.0155529171957 0.00747063234487 0.0221727234852 0.0151613219132 0.0117806993733 0.0238689603912 0.0205893064887 0.0396147776905 0.0253650228182 0.0100072470328 0.00632950277612 -0.00300089353374 0.0621685138126 0.00760134962872 0.015574261721 0.0231469268264 0.013805285374 0.169932075928 0.00743580430716 0.018075350121 0.00341262229307 0.010602533088 0.0215589030621 0.00903387937449 0.0111317110469 0.0124716852865 0.0130889898544 0.0139273485854 0.0225812099844 
0.0137845545465 -0.000271096935481 0.0131278583723 0.01961148237 0.000899727314041 0.0149849173616 0.00582045597833 0.0129097078565 0.00715142891081 0.0338622092596 -0.00243927816568 0.011447860642 -0.00962223573644 0.00530926732596 0.0100150000286 0.00522466742034 0.0130513158477 0.0111305301278 0.0284535926361 0.0569910468723 0.00856156308235 0.000669207052952 0.0395229579283 0.0352714327724 0.015764483065 0.00793310743307 0.00358763491557 0.00881587375944 0.00743580430716 0.325723663106 0.0264981736529 0.0101721044362 0.0421773982382 0.0290781022448 -0.00260678290439 0.012696401787 0.0166390744569 0.0104426831151 0.0200863449195 0.0380763055026 
0.00347222432413 0.0209888416346 0.00400861102482 0.00581572195969 0.0225066159313 0.0140456314575 0.0115142854181 0.0053483291478 0.00598527714108 0.0191826532258 0.0170613854911 0.00613766666103 0.0182399253988 0.0018844188049 -0.000942097932485 0.00706841482259 -0.00194101297281 0.0149320601727 0.01611051113 0.0186823484447 0.00274292313712 0.0200650909981 0.00588350410046 0.0221865102836 0.0112127865551 0.00215305403695 0.00856601896389 0.00138053570807 0.018075350121 0.0264981736529 0.155772481832 0.0158939168215 -0.0167447977533 0.0103648285099 0.00436632524392 0.0196164044607 0.104914737436 0.016614830731 0.00921415396961 0.00485534334891 
0.0105388723929 0.0244066129524 0.010772951764 0.017438615494 0.0218107546923 0.0160348405949 0.0059857625533 0.000934208173492 0.0137664054692 0.0511852703067 0.0101972797883 0.0304073884453 0.0137292311341 0.00546531390587 0.00995467301894 0.042951455885 -0.00454571335399 0.00422671914395 0.0233950412224 0.0288660571655 0.00427861627369 0.0119444284848 0.0218830050362 0.0145295101023 0.00331040359966 0.0286699480323 0.00772038618459 0.0267618235415 0.00341262229307 0.0101721044362 0.0158939168215 0.197048914633 0.011762308121 0.0129556069788 0.00410126692023 0.0184462752795 -0.00177073485093 0.0122309563808 0.0293146476627 0.0254507197397 
-0.00925133096043 0.013931236216 0.0042185324388 0.014171898783 0.0119162530077 0.0114595532453 0.00717364833208 0.00719450284957 -0.00333546464529 0.00963787559494 0.0292920050946 0.0142785580598 0.0248427868701 0.00565933594548 0.0118457116992 0.00672864375059 0.0341349545158 0.00550193162538 0.0233186799698 0.0318452200491 0.0462607304061 0.0148432809049 0.0156704651024 0.0267445200989 0.00927211501103 0.0321873156174 0.0124912610818 0.0178212093166 0.010602533088 0.0421773982382 -0.0167447977533 0.011762308121 1.4548286277 0.0378386013627 -0.00660119750932 0.00639509785078 0.00413807151715 0.0180895179878 0.0108008643833 0.0347177763086 
0.100463692758 0.0131353834078 0.0128616414865 0.0289430379776 0.0194906042747 0.0210991820911 0.0121146416627 0.0707992100028 0.0532211722941 0.00700102280337 0.0537496914033 -0.00779242444093 0.0311303898362 0.0224164284685 0.0108488947584 0.014605297571 -0.00641650095937 0.00825229110814 0.0283659399366 0.0460424596334 0.0275821684319 0.0188063465004 0.0484833194537 0.0317128104195 0.0127060762978 0.0317730407245 0.0291305733081 0.0448366837844 0.0215589030621 0.0290781022448 0.0103648285099 0.0129556069788 0.0378386013627 0.620718904544 0.0100639712904 0.0368069834591 -0.0241321472207 0.00857725781075 0.0212699610737 0.0646438504178 
0.00588851082122 0.00614124296524 0.00642411839724 0.0113058073797 0.0231552542056 0.00521208643298 0.0290669158008 0.000133947268126 0.0198685752397 0.00144621639831 0.0105642405701 0.0271382118983 0.00715081194525 0.00656233744146 0.0145409444261 0.00779889712515 -0.00175859571562 0.00416331572109 0.0120130578937 0.00306759980827 -0.0014855137065 0.00260124366956 0.00931926002738 0.00884873506377 0.00135583912014 0.0149255023186 -0.00254825771308 0.0145930253078 0.00903387937449 -0.00260678290439 0.00436632524392 0.00410126692023 -0.00660119750932 0.0100639712904 0.160170664537 0.00826205187631 -0.00816685757064 0.00677887166802 -0.000302109386757 0.0134092048889 
0.0245016150989 0.00383403788845 0.0130281190338 0.0173739136857 0.027725805315 -0.0015243326746 0.00996496359254 0.0466063620847 0.000974574681641 0.0381909780454 0.0211342721437 -0.00119603250112 0.0130717203726 0.0182511101005 0.00961853692782 0.025675022926 0.0261976912894 0.0208436574113 0.0126477469302 0.0246483961512 0.0113539567865 0.0139417496324 0.0157932307083 0.026923661836 0.0170810999974 0.0190206297324 0.00950148338473 0.0400368374905 0.0111317110469 0.012696401787 0.0196164044607 0.0184462752795 0.00639509785078 0.0368069834591 0.00826205187631 0.315329132778 -0.0209562357202 0.0128602871596 0.0356083477944 0.0148903984757 
0.0550441645717 0.00378040055638 -0.00457042877559 0.0264480653018 0.00377401249458 0.0237838865128 0.0109545164173 0.00661339911913 -0.000985197319495 0.00953779601042 -0.00258559567175 -0.0020569290537 0.188275044797 -0.00477123216342 -0.00641273736835 -0.0151520979309 0.0145256621974 0.0219657578593 0.0117324751818 0.0181307928142 -0.00670507529176 0.0120781146978 0.140020826095 0.01590555834 -0.00224867966744 0.017994456546 -0.00582586964568 0.0077258513617 0.0124716852865 0.0166390744569 0.104914737436 -0.00177073485093 0.00413807151715 -0.0241321472207 -0.00816685757064 -0.0209562357202 6.86283794891 -0.00354240624795 0.00234153470819 -0.00205142456126 
0.0178378647492 0.0251203852361 0.0179440826482 0.028696721781 0.0216785905838 0.0172528994131 0.0132178191027 0.0336803729288 0.00458834156468 0.0303136416856 0.00711213127281 0.0201139671626 0.0230833220551 0.0110617127585 0.0233587469905 0.0236303006438 0.0436608445592 0.0135225053982 0.0347377160537 0.0316263242924 0.0285793250632 0.0129089829328 0.0279245468054 0.0169263580715 0.0327068362638 0.0190512883562 0.0229375943621 0.0241521344312 0.0130889898544 0.0104426831151 0.016614830731 0.0122309563808 0.0180895179878 0.00857725781076 0.00677887166802 0.0128602871596 -0.00354240624795 0.246849964733 0.0177724590897 0.0324615297347 
0.0143403821366 0.00168683742366 0.0035903385783 0.0185987011206 0.0318995293295 0.0192580274222 -0.000126492056452 0.0217883228683 0.0151562295261 0.0365054919932 0.00414107184049 0.0168363431006 0.00731224797902 0.0201943575201 0.00223574162181 0.00756760898473 0.0262570878494 0.0194901076086 0.027011085432 0.0254927666293 0.00218455937398 0.00973774013345 0.0376523745144 0.0208730053038 0.00723075448687 0.0232741863726 0.0103369914124 0.00255848436138 0.0139273485854 0.0200863449195 0.00921415396961 0.0293146476627 0.0108008643833 0.0212699610737 -0.000302109386758 0.0356083477944 0.00234153470819 0.0177724590897 0.294609983154 0.0160019237228 
0.0307740998022 0.0167369462921 0.00923614878373 0.0486508943764 0.0186010690088 0.0323275357207 0.0163515098141 0.0239936657526 0.0282482156407 0.00525656223112 0.0196663172453 0.0166144666858 0.0330263500339 0.0266275168732 0.0202253314346 0.0244011842437 0.0355645108092 0.00685329083808 0.0415238847745 0.0853927935715 0.0206485726061 0.0159354751477 0.0807591822329 0.0331445949217 0.0121108487633 0.0313932849288 0.0161038614201 0.0315655520714 0.0225812099844 0.0380763055026 0.00485534334891 0.0254507197397 0.0347177763086 0.0646438504178 0.0134092048889 0.0148903984757 -0.00205142456126 0.0324615297347 0.0160019237228 0.574909499542 

['BHI', 'ECL', 'XEL', 'VZ', 'COST', 'AVY', 'K', 'RHI', 'EP', 'INTU', 'ADM', 'BOL', 'GM', 'ABT', 'FPL', 'LMT', 'TIF', 'WYE', 'AXP', 'KLAC', 'GENZ', 'IBM', 'MNST', 'JPM', 'PNW', 'DOW', 'PGL', 'SHW', 'WFC', 'UNM', 'BUD', 'RTN', 'NAV', 'PD', 'GIS', 'MHP', 'SANM', 'PSA', 'CCL', 'LSI']