100
0.0289058353667 0.070265204238 0.0357111585815 0.0130713531851 0.0525709156995 0.023795453615 0.0570579479668 0.0347696809731 0.158041803894 0.022286409141 0.135299445153 0.02736418452 0.133882810383 0.093312473985 0.0933125666969 0.0852779749864 0.0522856391002 0.0754225878746 0.0832698050771 0.00422555400052 0.0246636786654 0.107116270008 0.0682562642732 0.0191748751409 0.0211692002509 0.0231907610599 0.0256345374975 0.0341115490789 0.0716450377603 0.0291248595558 0.0362094771936 0.0654803135324 0.126302472887 0.143796644659 0.208286894217 0.0604038345904 0.0785675118811 0.0355019489908 0.0708595176859 0.0820701074714 0.0266110290159 0.118355026327 0.0223482457603 0.106415927512 0.0645874353538 0.0752984700253 0.0280903462606 0.0692922129373 0.0572050688987 0.0418020448473 0.080285366307 0.0800378705657 0.0486003975036 0.185879968849 0.0377989606714 0.0850489592031 0.0448250845436 0.0297343435849 0.0373994541978 0.0420146984796 0.0672535079153 0.0260517267587 0.0690415105338 0.169485482474 0.0309081568087 0.0220144037379 0.101481112582 0.0545718905582 0.0155341374053 0.0265727047954 0.0380825412642 0.026407260569 0.106366385329 0.0272696759741 0.129241945615 0.0584548507687 0.127416862275 0.200970993098 0.0780955523414 0.0253746335001 0.0399774891594 0.0428749123775 0.0440278725419 0.0295384146509 0.045915457725 0.110625092132 0.0442318588416 0.043075945187 0.0146510565804 0.0254946283421 0.0162161188728 0.0597094198611 0.0131635076039 0.0646745186267 0.0124927962784 0.0357981155146 0.13159191543 0.0244433913508 0.0375994121509 0.0268988212896 
0.206759942907 0.0178144828319 0.0189924721784 0.00068022750499 0.0206931918225 0.0159585633248 0.0160345680248 0.0123688766703 0.0105582837021 0.00872601895631 0.0181734079818 0.00855098995958 0.0271720292713 0.0182543959959 0.0286028457449 0.00802762506234 0.00706678425712 0.0163548362803 0.00139241489018 0.00176085293288 0.0155279447244 0.0145764721579 0.0127689815409 0.0230162340715 -0.00166132718122 0.0454738655238 0.00869347243168 -0.00171854515397 0.0179506521932 0.0112407152945 0.0122940303531 0.0104099177542 0.00868627618567 0.0549903395248 0.00400306201072 0.00878871811818 0.0110014914637 0.0287577739876 0.0274954657367 0.0195825920934 -0.00420814053938 0.0111137176085 0.00692542076584 -0.00321771368866 0.00890446613501 0.00872000060455 0.0157981492469 0.0246765721402 0.00412228235663 0.0109988374372 0.0198110688688 0.0123866334094 0.0182076988564 0.0122709622957 0.0249844441745 0.0145778374047 0.0117431258514 0.00744686109945 0.0203393590031 0.0240227939489 0.016271102754 0.00847992095657 0.031587816719 0.0426384584641 0.0207652611677 0.00523697133692 -0.00772447994316 0.0204775058165 0.000548402249082 0.0468120120516 0.0140810731178 0.00940662635054 0.0113172950966 0.0171669433101 -0.00553531882974 0.00468392570923 0.0112130752953 0.0154682117294 0.00513342102545 0.0134466023188 0.0145701052699 0.0230570557881 0.00391312594612 0.0113475042186 0.0345063549342 0.0179733939198 0.0121248865201 0.0175888527205 0.0183602576488 0.00420166052132 0.0063436139525 0.00778983865983 0.00863079566542 0.0179559438004 0.0140794422899 0.00650192110192 0.00989779206259 0.0156913761629 0.0054523504239 0.0105232363708 
0.0178144828319 0.975183821945 0.0101331328977 0.00413697447157 0.0177384301867 0.00994261215355 0.00124695418286 -0.0032211819358 0.0109578681529 -0.00346821868706 0.0204323679863 0.0419517593692 -0.0130408034454 0.0190815394355 0.00605674951226 0.00310051335036 -0.000288508799131 0.0170490109532 0.0240887572355 -0.0101852964751 3.58841076739e-05 -0.00266317869581 0.00435709965155 0.0124426517367 0.00866165547443 0.00953579908732 0.000708055277803 0.0122220592473 -0.0139115877951 -0.00105198293488 0.0294226895313 -0.00335867870956 0.000460970713134 0.0179056325966 0.00465991928408 0.0169108884067 0.00346099230287 0.00190346902458 0.00915131804599 -0.00923257942949 0.00108622112658 0.0113663367992 0.00539919383142 0.0108652004936 0.00953727522216 -0.00154548908966 0.0133510380844 0.000695103391125 0.00870810906837 -0.00387079206118 -0.0030409069785 0.0136940479414 -0.00467393852673 -0.0119687702858 0.00396056213702 0.00938644229332 0.0107838397764 0.0110745113033 0.00551988984374 0.0129391406562 0.0192276034938 0.000319835621571 0.0231932738852 0.0370209734144 0.00666388259594 -0.00411649667781 -0.00446353810144 -0.00395694400291 0.00320136812766 0.00651130737139 0.0206447323723 0.0234756573452 0.0468959230059 0.00465054840527 -0.0258288339055 -0.000559174298486 0.00920655187878 -0.00713304800427 -0.000752802433903 0.000336958291383 0.00255190497232 0.000183569087975 0.0179848081897 0.0431688511359 0.00270525932686 0.0042921094907 0.0104026972865 0.0101305728578 0.00629088008175 0.0324191418974 0.00320292648721 -0.00765059595293 0.00225385016272 0.003305955052 -0.00238144604488 0.00297495039904 0.0336629032144 -0.00516224763851 0.0107989145027 0.000232244922475 
0.0189924721784 0.0101331328977 0.26242769064 0.000724839236074 0.0221350472576 0.0119538052514 0.0155796950576 0.0181448239589 0.029249802746 -0.00328556449585 -0.0106962335293 0.000612268535944 0.00392500950323 0.00396140643547 0.00753827340944 0.0470568927418 5.15251173172e-05 0.0306077633237 0.0101110099601 0.0209278666059 0.00803460946105 0.0097742642108 0.00929535738267 0.0162396279022 -0.00423068363599 0.0250662051379 0.0121990319577 -0.017341870367 0.00222619757621 0.0026407379373 0.0227953472947 0.0752429246037 0.00301193040516 0.0415633056396 0.023546943585 0.0179930024918 0.0241904320687 0.000902251823766 0.0161414744596 0.0290266684017 0.0181288529678 0.0283795515491 0.00554947500125 0.0238073569365 0.0358888300756 0.00370802502711 -0.00202741116192 0.00582906008237 0.0166281620333 0.00236967770897 0.0243442268376 0.0121560454585 0.0135311686584 0.0257461924304 0.0155348382524 0.00465348818998 0.0324946016064 0.0114479790106 0.0277451816236 0.00814799935684 0.0260164564933 0.00919309180449 0.0175503230249 0.00425254528778 0.0359649649517 0.00235617572589 0.00733474164351 0.0106082355473 0.0227868472827 0.0137025756068 0.00201728730728 0.00720351371036 -0.00560037440115 0.00713739505898 0.0547918330269 0.0198213792919 0.0159485747363 0.00103685593333 -0.00178597400928 0.00730305853094 0.00171942394888 0.0165174910337 0.014540779848 0.0243219556188 0.0306802275467 -0.000679779462639 0.0218841123364 0.0115516134296 0.0116855913668 -0.00340605368516 0.00287851329071 0.0267840383544 0.00890056440093 0.0279236538948 0.00445050333241 0.0201023187599 0.00432909139387 0.0070251663717 0.0133338551817 4.65611595124e-05 
0.00068022750499 0.00413697447157 0.000724839236075 0.116851467234 -0.00028708766724 0.0288726795444 0.0113016616014 -0.00220264034973 0.0152903358831 0.00461737763016 0.0040189412959 0.0374548707807 0.00640398557395 0.0150452217055 -0.00249977518741 0.012461521432 0.00658539363834 0.0092934678302 0.0108941147925 0.0013172586239 0.0104303876613 -0.00217964678315 0.00310942069891 0.0086386353725 0.00926698786698 0.0100190624754 0.00864732860429 0.00313273354199 0.00155583475533 0.0155473565281 -0.000892973702711 -0.000645188753588 0.0152383258844 0.0196657477309 0.0050403959659 -0.00180252029918 0.00348900187263 0.00221454737097 0.00920871234875 8.01789386949e-06 0.0140915936106 0.00932017129505 0.016615957286 -0.000729884727158 0.00126760315143 0.00870579276408 0.0109702980707 0.00516025720312 0.0139424190587 0.00898082505253 0.00398671049708 0.00426047038008 0.00599949739178 0.0148166771135 -0.00188421358981 0.0135210407667 0.00528932605615 0.00722369372453 0.0103810471984 0.012736386578 0.00996465850563 0.00149939103589 -0.002817332996 0.00440368115659 0.00493137920353 0.0287486760802 -0.00454642144605 0.0260914203009 0.00845780099364 -0.000313253142083 0.00930385930422 0.0194362073188 0.0109144387339 0.00997788596779 0.0159108218781 0.023238987523 0.0131335118165 0.02039641093 0.00512832147375 0.00278705714792 0.00650216482785 0.0134735549831 0.00545303498438 0.0129168096742 0.0159181767555 4.61696545137e-05 0.000523034860069 0.0127577064404 0.00673500057915 0.0342633446944 0.036852718703 -0.000195885442706 0.0411214491688 0.0157856836669 0.0146328947589 0.00626468785826 0.0130233221506 0.00595423108306 0.0140662185394 -0.00204962799481 
0.0206931918225 0.0177384301867 0.0221350472576 -0.000287087667239 0.300864051804 0.00724663638432 0.0155299821075 0.0158398961993 -0.0055559088564 0.00987011869059 -0.000586897063463 0.00280043357986 0.0184747504447 0.0217236449508 0.0148239078026 0.0215125616229 0.0105345259715 0.00539395971169 0.00167627279561 0.0159210057711 0.00677696957975 0.0262309217496 0.016929334283 0.00141412090418 -0.000380588791323 0.0137446729516 -0.000151331366243 0.00445119893915 0.00932670087356 0.00429081441498 0.0214138323699 0.036875707416 -0.01041286603 0.0660444866713 0.0397351283588 0.0105711033918 0.0162598619128 0.0291567793234 -0.00213366690682 0.0174964433134 0.00531841194435 0.0273769534112 0.020131580131 0.0188160845554 0.0394660810847 0.0224495060179 0.0181013265085 0.0345065666714 0.00360989497329 0.026300011696 0.0097827265568 0.01641377498 0.0218672339571 0.0348687116036 0.0170049975285 0.00897095645407 0.0268769165752 -0.00443721220604 0.0171495008169 0.01121146738 0.0266633812811 0.0262078631832 0.0124963605757 0.013073110123 0.0419247451447 0.0117839366799 0.0181438810372 -0.0112923618284 -0.0012315802092 0.0147381211014 0.00889983749532 0.0156956285426 0.0038784669225 0.0260909084067 0.0114877643926 0.013032868351 0.0334765683835 0.000671353892513 0.0290571356349 0.0135546410413 -0.0127958666807 0.0106745642836 0.00136341715465 -0.00129763785767 0.0168633504887 0.0290119239023 0.0227421774659 0.0126129312093 0.000859662404747 -0.00167387446747 0.00190393063837 0.0124954985942 0.000423742486386 0.00620435697008 0.00988046607834 0.0100596007648 0.0198675459064 0.00275514718686 0.000289197729088 0.0170893659173 
0.0159585633248 0.00994261215355 0.0119538052514 0.0288726795444 0.00724663638432 0.160821851941 0.0114802272585 0.00152353113697 0.0100525552609 0.00605954746572 0.0141870444653 0.0321973817551 0.0067579455742 0.000847812281849 0.00264613035531 0.0280371819316 -4.00406023095e-05 -0.00992235735155 0.029501884889 0.0024770507117 0.0107463982346 0.00565937087366 -0.0126476601396 0.0223883621288 0.00568897098936 0.0122835248601 0.00617370851283 0.00593981674694 -0.00242122234617 0.016324112105 0.00712528553867 0.0149429646749 0.00035394102646 -0.000442239603011 0.0194304608689 0.00750303334072 0.00928140521381 0.00355496997338 0.00881636268105 -0.00048097251379 0.024972091802 0.00714428963516 0.0135771181692 -0.00277993096042 -0.00719952995044 -0.00270476689571 0.00957136680369 0.0116963113106 -0.00100160175754 0.0122271367784 -0.00336914481902 -0.000426469565751 0.0061018019134 0.000496953125551 0.000690088919344 0.0101921017704 0.00634393889134 0.0132712239386 0.00900681032268 0.00704627097287 0.00652695230642 -0.00781343891335 0.00337062155572 0.0133235464637 0.00621538931328 0.0328592969687 -0.00122648369512 0.0496309285248 -0.00273235016858 0.00290679212407 0.00171109830386 0.0141042175441 0.0154160062001 0.0117492151014 0.018096217415 0.0333803595185 0.0218895166614 0.00143669307218 0.00412842799262 0.00568944706058 0.0127596580876 0.014082079416 0.0146353880823 0.0115464386348 0.00562996163361 -0.000875831114845 0.0160088758596 0.0133206718394 0.00274103500816 0.0375544229548 0.0358790673778 0.00335747371432 0.0400839686031 0.00387210424 0.00424197699742 0.0154486260448 0.0176511684847 0.00494135648003 0.0156337557719 0.00715225434854 
0.0160345680248 0.00124695418286 0.0155796950576 0.0113016616014 0.0155299821075 0.0114802272585 0.305682348131 0.00714543196679 0.0231797238222 0.000792680434924 0.023502246691 0.00534680291915 0.0245543838965 0.00546352686486 0.0102875164995 8.33675823778e-05 -0.0085143525485 0.00741616869733 -0.00281887781748 0.0115056399808 0.00534087372957 0.0141749483005 0.0143751730776 0.0135669913443 -0.000687472039808 0.00153854355477 0.012237788765 0.0106138231346 -0.00179504508403 0.0110067173648 0.023398691015 -0.00530642143004 0.0105804137006 0.0124926852916 -0.00922573482472 0.00793424452831 -0.00762123620896 0.0254224244166 0.021289679602 0.0103636837447 0.00708574560503 0.0153967071421 0.00371066925552 0.11226651459 0.0181906902753 -0.00324149727383 0.0243749949435 0.0271216238512 -0.00140906652954 0.0142187944178 0.0104174937239 0.0180164649554 -0.00469875326482 0.0216011030371 -0.000442410807205 0.00491222132129 0.0240609941464 0.0066862623298 0.0206590814424 0.0203078817644 0.00605132425491 0.000724898858131 0.0225376654358 0.018391548252 0.0126610522068 0.00292115375078 0.0140099832917 0.00617822805054 0.00461125400911 0.0246284890388 0.0190051637751 0.00430800326817 0.0147638512752 -0.00582494073373 0.00902114143481 0.011971439201 0.0328723014402 -0.000814826212216 0.0148110480373 0.011689168344 -0.00564639930931 0.00604265783686 0.012278494284 0.00879100811633 0.0010147775519 0.00656259846915 0.0163219642607 0.0134442708761 0.00928181495924 -0.0016185530537 0.00800856051683 0.0128379464258 0.0102622961937 0.00466323328831 0.00269663833313 0.0156612320662 0.0156107462073 0.0172432525048 -0.00253233539455 -0.0017305718252 
0.0123688766703 -0.0032211819358 0.0181448239589 -0.00220264034972 0.0158398961993 0.00152353113697 0.00714543196679 0.213065644823 0.00558386411129 0.00597719004456 0.00878579509612 0.00964732807605 0.0148794609675 0.017732990772 0.00885055845839 0.024663149565 0.0130454810133 0.0187351462653 0.0168491606349 0.0130643358184 0.00785270923838 0.024679229336 0.0162189393368 0.0138302652856 0.00487852701742 0.0269417513937 0.00641385211306 0.00686631166986 0.0168204183218 0.00672885532696 0.0162148425508 0.0215101589728 0.0047480925274 0.0309895708427 -0.0071192976101 0.0251765444 0.014462373617 0.0122803892871 8.23256990587e-06 0.00716505982446 0.0196926489226 0.0105035665883 0.022380260702 0.0156826127978 0.0170648863288 0.00590404413516 0.019575598891 0.0266467302431 0.0139997519038 0.0156255606793 0.0337116052956 0.0319949853124 -0.00109501315921 0.0346816558236 0.0302951627701 0.0106359050483 0.00691758347715 0.013954567486 0.0179592661055 0.0126491846516 0.0222892684215 0.0269279942795 0.0177757314916 0.011010582639 -0.0143106657239 0.0177098470843 -0.00644167000857 0.0100244812028 -0.00100303865166 3.60719753111e-05 0.0265159638581 0.00539106225399 0.0219800153208 0.00248023290237 0.0236330304441 0.00330923864982 0.0194670576886 0.0154962092415 0.0237595769452 0.0104890128962 -0.0123532110629 0.00825702334906 0.0172503564114 0.00688436925922 0.014528139285 0.0259301903542 0.032839220826 0.00699590362727 0.0239442899965 0.00253441368442 0.00982827768181 0.00485852317225 0.00631820451972 -0.00440581151652 0.0126918230031 0.00456598554986 0.0136864876281 0.0190367317278 0.0275876682166 0.00226849524665 
0.0105582837021 0.0109578681529 0.029249802746 0.0152903358831 -0.0055559088564 0.0100525552609 0.0231797238222 0.00558386411129 1.01969273563 -0.0121869705366 0.00795939702428 -0.00143395710138 0.00706597834797 -0.00593634955872 -0.0244055671586 0.0534963988066 0.0156119367657 0.000150082984914 0.0113421397334 -0.0190433679022 -0.00380098904003 0.0158187181282 0.00930088503469 0.00130364635285 0.00814610017993 -0.00463247528396 0.0503024283764 0.000935495195864 0.00753069315967 0.0180857754774 0.0174257487522 0.0188992057785 0.0262501460573 0.0303549550565 0.0230202969434 0.0115500350965 0.0712022432964 0.00802888139197 0.00607683651738 -0.00311470104518 0.00694483418151 -0.000436636638419 0.0150725679661 0.0287013115695 0.00897058388765 0.0286806135785 0.0147257258917 0.0305502363028 0.03841482557 0.0188722906607 0.0201778090394 0.00803733618969 0.0166079499807 0.0093056046297 0.0279510988844 -0.00996378881587 -0.000610941734518 0.0105408346643 0.0155716132962 -0.00406510933116 -0.0170977576136 0.0278219747244 0.0232649339957 -0.00795123718901 0.00426962949075 0.0060467154391 -0.0084574729703 0.0213289371765 0.0033128072335 -0.00759870359422 0.0186281531624 0.0251188906044 0.00893276171277 0.0134559581302 0.0045101220288 0.0066150289502 0.00483698386737 -0.00782564078643 0.0254795997609 0.0744067830228 0.00433455523788 0.033058208911 0.0415540667449 -0.000413752493437 0.00581163234422 0.0224872616927 0.0147826107317 0.0149450322912 0.00121815186331 0.0102776294626 -0.00422577667796 0.0181167356886 0.0105525322622 0.0113330625836 -0.000967651292046 0.033310726145 -0.00273514907094 -0.00127538818111 -0.00841798336728 0.0563434089009 
0.00872601895631 -0.00346821868706 -0.00328556449585 0.00461737763016 0.00987011869059 0.00605954746572 0.000792680434924 0.00597719004456 -0.0121869705366 0.236658732814 0.0144698402528 0.0107240322395 0.00869102044077 -0.002143944488 -0.00974595053033 0.00377653048111 -0.00137304043551 0.0117207019175 0.0144811955867 -8.32675107376e-05 0.00455342681829 0.0136395022465 -0.00190751598146 0.00723142053166 -0.00136353167757 -0.00251813710593 0.00669935902759 0.00895340667082 -0.00257856034102 -0.00367513071688 -0.00530403280753 0.0168870894566 -0.0189814679957 0.017685876148 0.0119338814358 0.00756287774381 0.0051498680152 -0.0058860755587 0.00447798897465 0.0130073702146 0.0142696191536 0.0190053337319 0.0099093326858 -0.00450037413738 0.0210573449728 0.00233786726391 0.00244776929274 -0.00104214625208 0.00300141659014 0.013217606197 0.0257783828961 -0.00116811773765 0.00295822463278 -0.00758140906777 0.00564013517184 0.00501945604517 0.0146637869496 0.00655353811914 0.0155489786817 -0.00360275323516 0.0086515780781 0.00908359989656 0.00937428742186 -0.015036331423 0.0143983473535 -0.0128577534534 0.00456618836686 0.00853523584994 0.0141809379388 -0.00478682819389 0.00375375251092 0.00644198711628 0.0173058454447 0.00610781717941 -0.00150135270071 0.00628840499004 0.0328107216414 0.0079432606172 0.0106055738297 0.00430133305615 0.00792099531749 -0.00147863068785 0.00331804692872 0.00808288144475 0.0141142146141 0.0097139035838 -8.36994473415e-05 0.00345635510201 0.00390164262325 0.0047246600752 -0.000976580442618 0.00326329215668 0.00631869225055 0.00464127074257 0.00110144191272 0.00878224537859 -0.00310414838138 -0.00508459984454 0.0100202539909 0.000588510617777 
0.0181734079818 0.0204323679863 -0.0106962335293 0.0040189412959 -0.000586897063462 0.0141870444653 0.023502246691 0.00878579509612 0.00795939702428 0.0144698402528 0.420531539136 0.0260506965675 0.135693240609 0.165609873445 0.00758623449489 -0.00820442325866 0.019630058139 0.0106445493473 0.104194609386 0.012118965881 -0.00568201948707 0.0431100135211 0.0129427284038 0.000237986526918 0.0120836656146 0.00344948803447 0.00537216966724 0.0092137184249 0.00836037155282 0.0105052497649 0.00166681991602 0.00957170751039 0.0812338833117 0.0580524443081 -0.0169067236737 0.0098002394927 0.0235979340918 0.014844145039 0.00471636416253 0.0027172010768 0.0172874230385 0.00376322720336 0.00877758699207 0.0423572825346 -0.0108954775237 0.0421581494647 -0.00740481285454 0.0364204331667 0.0188517559895 0.00892722483959 0.0216556775758 0.0111161717255 -0.0101104796395 0.0703583478402 0.0128557616745 0.0325249766883 0.00395233345453 0.00559703639948 0.00935372541572 0.0268484950077 0.00421981542734 0.0103774981615 0.0107524155731 0.0395156927316 -0.00872065974597 0.0176595601754 -0.00175769717931 0.0139909528971 -0.00932311488661 0.0168483431501 0.0101659707929 0.00646335877476 0.119444040636 0.00243400746485 0.0312141148459 0.0223655831483 0.13672100429 0.00406904015427 0.00622876689981 0.0211919504214 -0.0168887990674 -0.000394849106497 0.00388439106888 -0.00239137881275 0.00732846524473 0.00270510250171 0.0387001145613 0.0116933556163 -0.00729620096288 0.0148836572266 0.0200471208496 0.00946678500215 0.0149903446225 0.0500685809127 0.00347937808622 0.0046735284891 0.174537355126 0.00949050006849 -0.00594891190848 0.00246412135709 
0.00855098995957 0.0419517593692 0.000612268535944 0.0374548707807 0.00280043357986 0.0321973817551 0.00534680291915 0.00964732807605 -0.00143395710138 0.0107240322395 0.0260506965675 0.164992054101 0.0225795110596 0.0236902437843 -0.00464769537925 0.00579797546024 0.00909428039963 0.00939415663741 0.0209132056092 0.00114552314038 0.0153221205052 0.0236798708485 0.00529878167101 0.0032913919045 0.0118300784045 0.00377117717774 0.0205275281692 0.0130828956782 0.00834072484261 0.0122677032752 0.00572406662187 0.00470446954 0.0276229419156 0.0366002437847 0.0161880272189 0.0054947367611 -0.00232327897549 0.00293340750531 0.00151372813731 0.00918546018916 0.0168753230032 0.00219946617779 0.0116372700521 0.0075383477707 0.00417972897517 0.0135477927281 0.00463511516054 0.00121036655412 0.0154033300497 0.00752944189338 0.0103725338434 0.00368152316125 0.00574185013587 0.00150390937029 0.0127552483261 0.00171663835837 0.00561975339534 0.00642013382876 0.00564482928276 0.0205879977081 0.00451417796948 0.0142142919572 0.0171161039595 -0.000106353568973 0.0127787808856 0.0287889647104 -0.0134494106073 0.0351596328725 0.00893027229471 0.00354670258076 0.0117865661288 0.0154098858081 0.0195375621624 0.014355603606 0.0218418658235 0.0163436563967 0.0258583137526 0.00362104862424 0.0141800341709 -0.0118515959751 0.0123159979813 0.0109151017749 0.0163908047182 0.013983341462 0.0187278982305 0.0196720521138 0.0171639036912 0.0118517040081 0.0117769373408 0.0368573303224 0.021215588547 -0.000716688823164 0.0409051585961 0.0170226052205 0.00387051271527 0.0227633321115 0.0194352434012 0.00355836972754 4.74147392924e-05 -0.000929215969259 
0.0271720292713 -0.0130408034454 0.00392500950323 0.00640398557395 0.0184747504447 0.0067579455742 0.0245543838965 0.0148794609675 0.00706597834797 0.00869102044078 0.135693240609 0.0225795110596 0.412910177673 0.0949926147058 0.0144206010896 0.000797379235924 0.0125117796207 0.0167968241103 0.0750645641021 0.0148823074215 0.000622897175493 0.0574436989141 0.0140726337275 -0.00271525131843 0.00259097165593 0.0242884648705 0.00926540074538 -0.00479967747752 0.0116031099513 0.013817758098 0.0205797477499 0.0103060663345 0.0562560497722 0.0508544210093 -0.000577200394848 0.0161006262863 -0.0108508537546 0.00741723382285 -0.0110702985902 0.0194926258206 -0.0127343179482 0.0109099578413 -0.0133917242691 0.0211486391181 0.00353510295225 -0.00151721220191 -0.00189942022989 0.0114271192727 0.0397810268611 0.0278729322206 0.0249185337837 0.0286307438206 -0.00593152517511 0.0490888515644 0.0198405610618 0.0267584769123 0.00799864927056 0.0155187031958 0.0180615237877 0.0337896403764 0.00687579766124 0.0249217679062 0.0299670210177 0.0236430046222 0.00191239795315 0.0201859445307 0.00218587275857 0.0210367394613 0.00611305804748 0.0200771910349 0.000532339655742 -0.00803317042496 0.0910270874922 0.00619166114918 0.0233471251927 0.0190509537351 0.107298176086 0.00891781795339 -0.00209778559393 0.00165800827387 -0.00792762385545 0.0183034873292 0.00774475935693 0.00195454612985 0.0121072001918 0.0257888714657 0.0150186513973 0.0441650923288 -0.00613122204684 0.0103388964692 0.0120884908242 0.0140526576906 0.00687880866937 0.0195079726431 0.00988257828713 0.0105921646102 0.144182360796 0.00240792699295 -0.0023108033074 0.0114228622677 
0.0182543959959 0.0190815394355 0.00396140643547 0.0150452217055 0.0217236449508 0.000847812281848 0.00546352686486 0.017732990772 -0.00593634955872 -0.002143944488 0.165609873445 0.0236902437843 0.0949926147058 0.339186197697 0.0150531175885 0.0163518069059 0.0120550583554 -0.00260672859052 0.0878051669321 0.00628645068739 -0.00518534250262 0.00101877847493 0.00120289736837 0.000994938225607 0.00409803308189 -0.0144977001878 0.000239399027269 0.0108034292042 0.0353734858566 0.0157616355403 0.0091170424123 -0.00395433076541 0.062600534126 0.0378265918246 -0.0084091048132 0.0141054822915 -0.00289184515199 0.0173170741962 -0.0101718128598 0.0039848908538 0.00922025061802 0.00790590154107 0.01137537299 0.0209000866768 -0.0028564541223 0.0344527073646 -0.0171623926998 -0.00474939702754 0.0112782629267 -0.00639770717745 0.0174314422758 -0.00751451501564 0.0059574844847 0.0503490496837 0.0131640097323 0.0106758232884 -0.00616307135281 0.00895031999308 0.0273205066025 0.0336162651076 0.0139374838717 0.0122098001259 0.0150683240867 0.028606281426 -0.00264518243672 0.0137242860865 0.000963486655401 -0.00102537517272 0.0143024148016 -0.00052300728846 0.0117347430909 -0.00383556990747 0.104945311992 0.00363040167293 0.0171107655861 -0.00367314027728 0.119757738495 0.00752081777234 -0.00621502769123 0.0248803589423 -0.00216809570336 0.00343865213502 0.00662359041428 -0.000150623323722 0.009342439826 0.0158919108782 0.0194831778405 -0.0105044400073 -0.000536445154003 0.000795914232128 0.00494391504594 0.00646232246798 0.0124631277527 0.0420142930857 0.00136096529791 -0.0112034597676 0.137706952329 -0.00194889109375 0.00846417636133 -8.9165140998e-05 
0.0286028457449 0.00605674951226 0.00753827340944 -0.00249977518741 0.0148239078026 0.00264613035531 0.0102875164995 0.00885055845839 -0.0244055671586 -0.00974595053033 0.00758623449489 -0.00464769537925 0.0144206010896 0.0150531175885 0.97547721723 0.0290937744045 0.0157163136036 -0.00929250990368 -0.00352941960972 -0.000173413333535 0.00601983022728 0.00429632663778 -0.000811751410818 0.0226064802526 -0.017984716082 0.00852788097309 0.000662483037605 -0.0120176428019 -0.00249096589501 0.00393630707572 0.00893444486289 0.0028125890419 0.00887605156159 0.0207580897553 -0.00451404545476 0.00194359290632 0.00923642951652 0.0107649915322 0.15736396561 -0.00162123059809 -0.0138931313557 0.00761556392833 0.00469517374264 0.000736342340208 -0.0139197698361 0.0138212904693 0.0191639550502 0.0100836944782 0.00957557969069 0.0123120720482 -0.00283073998724 0.0456579077859 -0.0122856442053 0.0095787878437 -0.00894208520533 0.0152555825403 0.00318543759464 0.0134104331825 0.00409894889438 -0.00149619372995 -0.00561981626403 0.0102640706784 0.00670757314412 -0.0272016591557 -0.00327260338422 -0.00373883683025 -0.00177357429611 -0.000337641723877 -0.0099415137024 0.00781570931781 0.103513879678 0.00824951980267 -0.0127122346511 0.00325156531315 0.00639466112658 0.0104508854932 -0.00343583241022 0.000609050159454 0.0158496090107 -0.00213181896269 0.000389955154657 -0.00510971075301 0.0541216376989 0.00523039756989 0.0209078919366 0.0515594525861 0.0107772821521 0.0132884033094 0.0104169254213 -0.00252224531712 -0.00387176934171 -0.00327120302702 0.00144265037837 0.00280006870054 -0.000171279761076 -0.0045299021776 0.0104066707615 0.00161152447212 0.0119527236388 0.0199377696833 
0.00802762506234 0.00310051335036 0.0470568927418 0.012461521432 0.0215125616229 0.0280371819316 8.33675823777e-05 0.024663149565 0.0534963988066 0.00377653048111 -0.00820442325866 0.00579797546024 0.000797379235924 0.0163518069059 0.0290937744045 0.378452274256 0.0150298187527 0.00530632136519 0.00397991720382 0.0143410766478 0.0100117698445 0.00797081983454 0.0099093198656 0.0137649572518 0.0116512949074 0.0112936947194 0.0316786455994 0.0158489756452 -0.0126345819 0.0215765156704 0.0241524538733 0.0205838011624 0.00896901317306 0.0285370519121 -0.0114493211879 -0.00317435475224 0.0161553743085 0.00843366247412 0.0713839054408 0.0259141280299 0.0126938141129 0.0249684960698 0.00752071445981 -9.79294769789e-05 0.00250779800521 0.000946301042417 0.0181681003211 -0.00299642535319 0.0194195975852 0.019324815426 0.0335669723589 -0.00628491432514 0.00398322953651 0.032522450831 0.00775234113984 0.00594100322028 0.0233958527104 0.0158076727392 0.0173667353266 0.00915632660801 0.0292297419833 0.0149157111271 0.00436969555871 0.0348948274157 0.0373671028134 0.018626008359 0.0199559660762 0.02988971722 0.0109921754904 0.00888971456437 0.0270275467285 0.0137956562731 0.0165100241328 0.0125707695318 0.00756155219714 0.0143382746765 0.00649454007061 0.0125339928916 0.000713735823189 0.0151721488189 0.00700571256113 0.00771150465747 0.0296057968304 0.00269635857879 0.00467095193004 -0.00029748884331 0.0310521664597 -0.00435820768016 0.00552380256306 0.0157884301451 0.0130124305574 0.00314337987195 0.00491167824709 0.0351605805645 0.0179376162094 0.0297547358142 0.00316069357714 0.00943417112793 0.0189923059446 0.000225684725662 
0.00706678425712 -0.000288508799131 5.15251173175e-05 0.00658539363834 0.0105345259715 -4.00406023092e-05 -0.0085143525485 0.0130454810133 0.0156119367657 -0.00137304043551 0.019630058139 0.00909428039963 0.0125117796207 0.0120550583554 0.0157163136036 0.0150298187527 0.262323649088 0.0144280543371 0.0257515438104 0.0327648247324 0.0250111776663 0.0273741428067 0.0365929883403 0.0098891512654 -0.00828507428229 0.00489124692482 0.0104014228352 0.00821557324381 0.00181999843826 0.0175874714498 0.0175594624593 0.0120170612867 0.0537750105129 0.0398275908531 -0.0230240304802 0.0362466943381 0.000790726684881 0.00594449358119 -0.000648628751642 0.0165646830956 0.00913143310107 0.0036948636452 0.0117507279577 0.0236310244732 0.00217706030868 0.000461696855012 0.0233718833275 0.0355504509829 0.0291434777173 0.0106485989657 0.0206108350203 0.0461286158597 0.00108027331475 0.0735291931754 0.0232551209968 0.00919811826619 0.023731010968 -0.0101338789355 0.0189890862517 0.0148725809093 0.0167373681722 0.0162933375325 0.0135355190843 0.0563182811354 0.00588416723838 -0.0021108397657 0.00893649491912 0.00849747117799 0.00826067129002 0.0123699947119 0.0301811093274 0.0211160328728 0.0323913252333 0.00979825488119 0.00484174957158 0.0192629116734 0.0176283413801 0.0248520674441 0.00201808041542 0.00476109682767 -0.0129173307732 0.0193573169455 0.00731851891286 0.0256632334839 0.00281097492254 0.0150480782328 0.0334322072103 0.00220130316026 0.00747530671346 -0.000347344854645 0.0114651086116 0.00713272199968 0.0044243275173 0.0147914659107 0.0158629859882 0.0230949856854 0.0229649019806 0.00172219479072 0.00280848958377 0.00231795388709 
0.0163548362803 0.0170490109532 0.0306077633237 0.0092934678302 0.00539395971169 -0.00992235735155 0.00741616869733 0.0187351462653 0.000150082984914 0.0117207019175 0.0106445493473 0.00939415663741 0.0167968241103 -0.00260672859052 -0.00929250990368 0.00530632136519 0.0144280543371 0.469660227681 0.0102239641059 0.00238599860217 0.0022023762951 0.0130925895062 0.00669446593662 0.00572464591937 0.00899996351037 0.0286207373507 0.00757914764551 0.00599375756423 0.00625962897731 -0.00161050371517 0.0121497300317 0.0345408910637 0.018859690619 0.0438132451518 0.0224008559237 0.00844967212749 0.0186691202787 0.00627490063332 0.0656134365415 0.0124813196488 0.0289962840401 0.00269091766363 0.0229075161309 0.00969489771323 -0.00712587316181 0.040473679189 0.0136711666375 0.0188284735766 0.0216335780586 0.000140975154312 0.0255376404713 0.00621155026682 0.0231268332955 0.00791362042155 0.0166199627489 0.0356341559199 0.014049269602 0.00672456814912 0.0225290952467 -0.0118416540939 3.92084062366e-05 0.0169199825555 0.00774412954433 0.0272740806902 0.0197286880744 0.000311872321885 -0.040834479869 0.0070030477978 -0.00031688884985 0.00718861212298 0.00786818000195 0.0218754326869 -0.00337692502654 0.0187682055769 0.00197999304375 0.0360921378761 -0.00820751396216 0.0616224584724 0.0205026436312 0.00564848613497 0.00561645362145 0.0243939481873 0.00665515844436 0.0274403935328 0.00702012469562 0.0182259873202 0.0377354525706 0.0113851898594 0.0264972496931 -0.00250200259046 0.00118856999368 0.012556790418 0.00176929246349 -0.00840088498294 0.0189848907177 0.0222504686548 0.00323067221525 0.0231501545856 0.0106454892555 0.0303530717565 
0.00139241489018 0.0240887572355 0.0101110099601 0.0108941147925 0.00167627279561 0.029501884889 -0.00281887781748 0.0168491606349 0.0113421397334 0.0144811955867 0.104194609386 0.0209132056092 0.0750645641021 0.0878051669321 -0.00352941960972 0.00397991720382 0.0257515438104 0.0102239641059 0.312263888705 0.0197601931896 0.00571001658106 0.0278417900682 0.0146041719107 0.0151107637425 -1.60752989077e-05 -0.00587016891186 0.00585704300028 0.012144494319 0.00915471887231 0.0217848449316 -0.0160754758089 0.00940400947489 0.0554173144902 0.039111748297 0.0110341786413 0.0175676058017 -0.00450374503759 -0.000196502409163 -0.00705132669819 -0.00300125032663 0.00752890604249 -0.000710724137837 0.00294163749655 0.00800352640686 0.0111338796622 0.0260860667448 -0.00336767735115 -0.0041320674856 0.00202216744972 0.0204531586717 0.00260793217685 0.0132581759537 0.00653858790108 0.0618876523151 0.00577388045602 0.0155843860046 -0.001234836412 0.0148012671275 -0.00160749702825 0.0226324755864 -0.00201762851615 0.0174688983317 0.00955480103403 0.0200699130652 -0.00864090273456 0.00529835334594 0.0338144446298 0.0290428922408 0.0163374518075 -0.000716035599407 0.00306417305231 0.00560064891598 0.142754114553 0.0127098652189 0.0280870797421 0.0201524495534 0.0960284371049 0.00391857373183 -0.00784991765322 0.00171905150462 0.0100074718775 0.0138512298661 0.0110916343205 -3.06915537631e-05 0.00307416951981 0.00258417015636 0.000721495703836 0.0112457484842 -0.00266021751434 0.0149113137496 0.018790260612 -0.0146996172877 0.0173711522727 -0.00288800783683 0.00754755335058 -0.000544087148477 0.113919580632 -0.00406077209346 0.00755999494495 0.00197449685695 
0.00176085293288 -0.0101852964751 0.0209278666059 0.0013172586239 0.0159210057711 0.0024770507117 0.0115056399808 0.0130643358184 -0.0190433679022 -8.32675107368e-05 0.012118965881 0.00114552314038 0.0148823074215 0.00628645068739 -0.000173413333535 0.0143410766478 0.0327648247324 0.00238599860217 0.0197601931896 0.25365632587 0.00653274390834 0.0116001009603 -0.00617392548646 0.00586644885001 -0.00405265939511 0.00651572851221 0.0140445624934 0.0193693926777 -0.000554024972512 0.0065360431478 -0.00729717509914 0.0123280354939 0.0209678537616 0.0548419598744 0.0257058292898 0.0173609101641 0.012482405502 0.0133755774576 0.00637871079199 0.0200495635434 0.0155594765518 0.0182496000331 0.0253499978012 0.0136397495327 0.0169604337383 0.0166159285762 0.0139679748754 -0.000633903994608 0.0126181103323 0.00301045104878 0.00206491759436 0.0100927771086 0.00968290606872 0.0379782454619 0.0122714131198 -0.0120434744608 0.0240897402643 0.00905870899425 -0.000977761759785 0.0185666992975 0.00988627641431 0.00197285964108 -0.00805847020955 0.0197338996791 0.0336516314239 0.00577923627529 0.0140936420127 -0.000716876188513 0.0202170125724 0.00154291274764 -0.00017361456841 0.0165395034363 0.0112329101013 0.0117682892006 0.00949368250787 0.00622592493568 0.00640237520645 0.0107710354575 0.0427773443762 0.0106912648654 0.00297191831193 0.00491506561291 0.0158237190052 0.020650680967 0.0121624550203 0.00897413137733 0.00592995893047 0.00999165044554 0.0034989960059 0.00383221254914 0.016705475552 0.0181895502562 0.00521317013365 0.00556338649839 0.0116635785555 0.000262754342043 0.0224548381103 0.0062635164448 0.0290972990525 0.00592621846238 
0.0155279447244 3.5884107674e-05 0.00803460946105 0.0104303876613 0.00677696957975 0.0107463982346 0.00534087372957 0.00785270923838 -0.00380098904003 0.00455342681829 -0.00568201948707 0.0153221205052 0.000622897175493 -0.00518534250262 0.00601983022728 0.0100117698445 0.0250111776663 0.0022023762951 0.00571001658106 0.00653274390834 0.116158101085 0.00218147677257 0.0105665790035 0.0238306582433 0.0168855757167 0.0138235981093 0.00541461856163 -0.00522752127396 0.00956576112401 0.00869688752512 -0.00223126878915 0.00881925184453 0.00883923456234 0.0249473972118 0.0302148646897 -0.00105103085416 0.00896939380552 0.00481397076423 0.0100145647704 -0.00141301544422 0.00948927194858 0.0102846895965 0.0158817164705 0.000507685749813 0.00662954693552 0.0113265035051 0.0126821122875 0.00444148417087 0.0110271320983 0.0111155743521 0.00883060246606 0.0143340020808 0.00546597254946 0.00895159082103 0.00198735883865 0.00480623731391 0.0176267954977 0.00800047540734 0.00617075896841 0.0185182300425 0.00773099794227 -0.00049874411215 -0.000456383738 -0.00491344405556 0.0181309971342 -0.00233881976961 -0.00276436755813 0.0157335483772 0.0128558531208 0.0154673954948 0.00313103376026 0.0122489705622 0.000535615394821 0.00702815363124 0.000648541331602 0.0100683285056 0.0149663688329 0.00816499417862 0.00259413159367 0.0104932039019 0.029878660595 0.0228036976385 0.00904488233863 0.0149117302673 0.0142652393902 0.00487511601686 0.00973045361442 0.00860158143471 0.0143787787953 -1.15184000977e-05 0.0107929360761 0.00536298490269 0.0170392046451 0.00574942668348 0.00765491133534 0.0154985740783 0.00927875297048 0.00922984530244 0.000884100276721 0.00563243117831 
0.0145764721579 -0.00266317869581 0.0097742642108 -0.00217964678315 0.0262309217496 0.00565937087366 0.0141749483005 0.024679229336 0.0158187181282 0.0136395022465 0.0431100135211 0.0236798708485 0.0574436989141 0.00101877847493 0.00429632663778 0.00797081983454 0.0273741428067 0.0130925895062 0.0278417900682 0.0116001009603 0.00218147677257 0.494031694301 0.022973149859 -0.00698300014668 0.0190921252155 0.01028952512 0.00913973780597 0.00537235777124 0.0242037109796 1.64707417239e-05 0.00506424887382 0.023727743111 0.0206847406082 0.0348192119811 0.0732281831367 0.0530173172369 0.0269739194694 0.0167075196807 -0.00280027116267 0.0341791624936 0.0172915567718 0.038734927781 0.00733503742638 0.0784394909012 0.0232303110573 0.0175953218983 0.0178229227105 0.117758900766 0.0258876709027 0.0213810125668 0.0264212335235 0.0547058425157 0.0436537881991 0.0167388768461 0.111786517019 0.0175511441458 -0.00195707476981 0.024226078148 -0.00151358551185 0.0210092266537 0.0426966491189 0.0348325900296 0.0349298870033 0.0101595399607 0.0184297941621 0.0136700379105 0.0193422164524 -0.00139252658231 -0.000143893190088 0.00243292775843 0.0257936694932 0.000982487994314 0.0343086524825 0.0322342182941 -0.00966178649072 0.0191736954319 0.00264841715224 0.00238923471196 0.0115185015312 0.0190872905972 -0.00311891350076 0.0253666744787 0.0266274421444 0.0108016845787 0.0191878161027 0.0256421383876 0.0337050519099 0.0233596192036 0.00916403932603 0.010103502224 0.00217516399621 0.0117499930477 -0.00237389725982 0.0193456651993 0.0244839200438 0.00176811256559 0.056713179281 0.00244869196133 0.0164314182643 0.0230083448548 
0.0127689815409 0.00435709965155 0.00929535738267 0.00310942069891 0.016929334283 -0.0126476601396 0.0143751730776 0.0162189393368 0.00930088503469 -0.00190751598146 0.0129427284038 0.00529878167101 0.0140726337275 0.00120289736837 -0.000811751410818 0.0099093198656 0.0365929883403 0.00669446593662 0.0146041719107 -0.00617392548646 0.0105665790035 0.022973149859 0.359472734818 0.00918689741702 0.00594003252541 -0.00219139250272 0.00845009317254 -0.000461409362193 -0.00522442193034 0.0132035418995 0.0169023190339 0.0173985822307 0.0287102887479 0.0606118761315 0.0279639472003 0.0206212881127 0.00757628682318 0.0235918645037 0.024313547767 0.0307964637274 0.0072578854551 0.0549987190035 0.00584190754755 0.0315162665344 0.00890922658892 0.00493333202152 0.0142445840014 0.0357107368842 0.0193188526478 0.00889687405061 0.0124666999905 0.0602964478912 0.0296607870729 0.0294418909805 0.0298831868901 0.026626760381 0.0372803424509 -0.000871555973171 0.0112898858306 0.00175616309067 0.0216217461344 0.0288041072227 0.0214720077139 0.0111613813093 0.0258864257949 0.00128958103088 -0.00411084490612 -0.0178810758492 0.0123077292756 0.00509544420923 0.0151490991838 0.016844937451 0.0133581538694 0.0194488489068 0.00162473160388 0.00800967816141 0.0198130151731 0.0044787704239 0.00821302618044 0.00932103339282 -0.0155529066416 -0.00104336030734 0.0164030811579 0.0204054620421 0.00657803423553 0.0182041984414 0.0151790388947 0.018125209198 0.0133234326381 -0.000632769492044 0.00760326201566 0.015770697261 -0.00206889459403 0.00269244008753 0.0135020147096 0.00760047006468 0.0277103328629 0.00554264008201 0.00317898684081 0.0130965264621 
