60
0.0631330997176 0.0451551332239 0.0348828940045 0.090319564185 0.0304536481296 0.106366385329 0.0404531955786 0.0523918745475 0.0262343191133 0.0424048973372 0.0291248595558 0.0582377086348 0.025657065471 0.045759308444 0.0153161335694 0.123926899062 0.0135350028622 0.065735385914 0.0970140476379 0.0265193363437 0.0318751717172 0.0251604878384 0.0246645675501 0.061476397973 0.0597278634654 0.0672535079153 0.214537342356 0.200970993098 0.0223320424584 0.044344522835 0.0253746335001 0.110625092132 0.0910259677787 0.00361039022472 0.0794924924591 0.0429032651101 0.0466468708745 0.0231907610599 0.0435638119902 0.060830846045 0.0542920038725 0.0235207120966 0.0296866664977 0.127416862275 0.118355026327 0.0447966226616 0.041097516798 0.0629738483482 0.0054327763703 0.0380288664812 0.162626926374 0.0780955523414 0.0280903462606 0.0635798530397 0.0395572708053 0.0725669815102 0.116792266476 0.0428749123775 0.0151091702759 0.0255776045185 
0.458188699554 -0.00272894875245 0.0381875800099 0.03183493068 8.26228393173e-05 0.016005201774 0.0407775326647 -0.00425427904608 0.0134151722174 -0.00502520086211 -0.00572927966593 0.00864133771799 0.000309459861374 0.000956615260142 -0.00269647620438 0.0173316385867 0.0136888636742 0.018935301265 0.053426401908 0.00388132967152 0.0106997096064 0.000986357988958 0.0121380658982 0.0326840204626 0.021142627384 0.0182039609706 0.0764652343851 0.0298611017993 0.00309811012256 0.0157516475112 0.0203787857916 0.0376432885466 0.0211270604847 0.0116242216424 0.0200549342529 0.0433701042672 -0.000170686366638 0.0101110814266 -0.00286254438675 0.0344974678503 0.0167087883458 0.00711245877366 0.0180130883716 0.0315319281409 0.0277693233838 0.0325998436477 0.00983853058628 0.00933920070227 0.0108250644799 0.0261452210426 0.0209741521598 0.00841559548619 0.0302854809473 0.0300338641058 0.00249848528055 0.0525962685277 -0.00285927302345 0.0137612526835 9.75132854565e-05 -0.0173460039208 
-0.00272894875245 0.297964390333 0.0227490394221 0.00444609895421 0.0173764525623 0.018252588985 0.0167253980559 0.00923237372462 0.00944870826442 0.0181006287066 -0.00146903588446 -0.00155970372533 0.000272240183384 0.0134482958774 0.0109772601994 -0.011746423534 0.0151969842171 0.00450804633637 0.0223388194006 0.0119448404775 0.00442599923135 -0.00335158264318 0.00598468735855 0.00371734897435 0.0584537991382 0.00752820902494 0.0267263524416 0.000522214040227 0.00541657852141 0.0102363626838 0.00394813709755 -0.00672313210922 0.0185467022852 -0.00464432075726 0.011978713709 0.000492190553279 -0.0089944089095 0.0368532113217 0.000456481311383 0.00769821534037 0.0119018443462 0.00233430681107 -0.00170502788777 0.0208062748279 0.00757419816691 0.020624116118 0.00539119901457 -0.000575480404634 0.00483495272344 0.0101160073331 0.0099210684272 0.0105579231163 -0.00138424987126 -0.00562930882932 0.0270950499416 0.00746208174904 0.0338191644303 0.0118040966362 0.00402938059064 0.00969028368119 
0.0381875800099 0.0227490394221 0.225716942476 0.00665793368299 0.0118677346362 0.0262906493745 0.0215161222723 -0.0123024337972 0.00076374976344 0.00115465404694 0.00179953064413 0.0136002365779 0.0232266790149 0.012671262463 0.00420474889864 0.0257199799062 0.0216770441128 0.0190597441273 0.0146750981051 0.0112720313392 0.0028021211077 0.0103745640576 0.00775738967123 0.0251962304601 0.040348656046 0.0111232491259 0.0328624093978 0.0113500968475 0.0113573818565 0.0122715724052 0.00429102803225 0.0328808320125 0.0164655561456 0.0030898253124 0.0109085316232 0.0332788233134 0.000608014577164 0.0238510118877 0.0089198504315 0.017871262846 0.0279819833305 0.00302057493562 0.0180917069176 0.0262734441367 0.0114549235508 0.00383153456396 0.00781761182079 0.00678202364207 0.00700094244114 0.0159367293104 0.00342522077727 0.0399602487691 0.0198146051167 0.0028147864042 0.00827330811429 0.0258250722784 0.00102296705836 0.00985631066613 -0.000689091621206 0.00735627377856 
0.03183493068 0.00444609895421 0.00665793368299 0.606940190451 0.0209740795833 0.012580312239 0.0180789716287 0.0208781581592 0.00607742903203 0.028802236542 0.016162259608 0.0224454374953 0.0256984005327 -0.00663601248679 0.00992892422618 0.00015462710317 0.0111274897308 0.0221612077689 0.0427287049147 0.031369903327 0.00530509396598 0.00957885788306 0.0170896057134 0.0112724643274 0.0188701915502 0.0275921205338 0.0334523998264 0.022733753203 0.00899170206964 0.0255719396414 0.0192442747496 0.0444645879244 0.0306279334187 0.0230424189096 0.0224944258196 0.017569287297 0.0240829737997 0.00143964183395 0.0136554907361 0.0152052111568 0.00828221927989 0.00798863939541 0.0330176933092 0.00992981288032 0.0190967106994 0.0354790554568 -0.0101442442991 -0.00521860641222 0.0259310335776 0.015270472948 -0.00327930847569 0.0143254940093 0.0138627806042 0.00301616258291 0.0176586725961 0.0385913192134 0.00754573118854 0.0141730591505 0.0196695448771 0.0201450944078 
8.26228393174e-05 0.0173764525623 0.0118677346362 0.0209740795833 0.198518868537 0.0140686523079 0.00805818711413 0.0265827094995 0.0379677470425 0.0122847097906 0.00835165118383 -0.000249276256974 0.0387969087688 0.00910129300467 0.01609416579 0.00561104892705 0.0131442886739 0.00981103286101 0.041163801808 0.0058727546058 0.030943125514 0.035104998261 0.0456323646351 0.0277830124546 0.00226420979849 0.0307447695438 0.012377064874 0.0221001467386 0.0031894903473 0.0165986671861 0.0169130826412 0.025220380793 0.00999340720297 0.0213513862901 0.0127891713063 0.0171385459048 0.0110043096054 0.0148672074679 0.0117781020076 0.0314012591729 0.0275175367784 0.00468723424886 0.0214495603806 0.00720538783258 0.0169232716115 0.0121950226344 0.020325387045 0.00632472939638 0.0234575810185 0.0305019067613 0.00285520010653 0.0342167802358 0.0427083595664 0.0234673799924 0.0132879942734 0.0307599662723 0.00776217539616 0.0187792152445 0.0164157308162 0.0213766171722 
0.016005201774 0.018252588985 0.0262906493745 0.012580312239 0.0140686523079 0.410042196155 0.0311966547763 0.00266151014602 -0.00200841196985 0.00555263479119 0.00914869280477 0.00696773420645 0.00250470975702 0.0895202204178 0.0184142846432 0.00369894173218 0.0145774236087 0.0178384047559 0.0402580382224 0.0215305454808 0.0166045820676 -0.0047723391483 0.00502218640292 0.017118575617 0.0428081486354 0.0150548486224 0.0149838724809 -0.00574155947134 -0.00240516447977 0.0245448547769 0.0114141860236 -0.00149033487836 0.00959996630304 -0.00457570599807 0.0239248997681 0.0325749475816 0.0435640281723 -0.00743556433201 0.0134913501881 0.00587088267233 0.0154335254902 0.00361805675983 0.00943363981566 0.161619829948 0.0180239969745 -0.00158557047802 0.0355736400844 0.129096823826 -0.00236078315185 0.00842310345769 0.069118981039 0.00358433714725 -0.0169073163297 0.00340078632897 0.00924219436861 0.0310344533919 0.0176917010143 0.00356448346404 0.00439613181105 0.000373156868495 
0.0407775326647 0.0167253980559 0.0215161222723 0.0180789716287 0.00805818711413 0.0311966547763 0.344603075859 0.00643917897321 0.0119000282833 0.0185368384925 0.0324973525229 0.0168300858428 0.0177659689588 0.028905493058 0.00676025296319 0.0107022813786 0.0147369546999 -0.00566676086832 0.0449109221639 0.00710383360997 0.013545611217 0.0103719659742 0.016894572884 0.0265818419011 0.0297750887489 0.0209970520277 0.0135372809255 0.0270923367585 0.012454613944 0.0484426509777 0.00178937057219 0.0270380961196 0.0273544054862 0.0213711320331 0.0141738475591 0.0114274832673 0.00875749242551 0.00572555231319 0.00518144020915 0.0162002779048 0.00598451389537 0.00220789029793 0.0146393608779 0.0285239361992 0.0175104113364 0.0224107859156 0.0174168157201 0.0125697078278 0.0117972767303 0.0235479429225 0.0154431879979 0.0334201452011 0.0164840317148 0.0200204230081 0.00232186065895 0.0305019512681 0.0238595832014 0.0059901176162 0.0181944020687 0.0171781553343 
-0.00425427904608 0.00923237372462 -0.0123024337972 0.0208781581592 0.0265827094995 0.00266151014602 0.00643917897321 0.34941059877 0.00862438003741 0.0163892609402 0.010499455408 0.0230315243711 0.023421639053 -0.0060827339184 0.0281569153784 0.0178848046754 0.0159801033769 0.00513150975543 0.0303675925996 -0.006292615903 0.0173766216201 0.0223003891375 0.0123532958518 0.014203084378 0.0157342438779 0.00692538848461 0.0207160502852 -0.017853948256 0.00886330180719 0.0224916033297 0.0036150510712 -0.00282023117156 0.0244005855257 0.00668350647911 0.0319537851684 0.0269755569666 0.0101539168815 0.0150036386803 0.0109880363932 0.00644212997545 0.0075603239494 0.0108921307687 -0.000888576479763 0.00417108516476 0.0180234522146 0.0229927602982 0.00854313441785 0.00605101580694 0.0139803931279 0.0229253288813 -0.00825978750181 -0.00269524275462 0.00850813349525 0.0153009224322 0.00969801874498 0.017412163395 0.00440215867902 0.0311481899943 0.0139888837409 0.00367242377879 
0.0134151722174 0.00944870826442 0.00076374976344 0.00607742903203 0.0379677470425 -0.00200841196986 0.0119000282833 0.00862438003741 0.167459084873 0.0106415335818 0.00633155077231 0.0131763368467 0.03805410924 0.0125265218141 0.0110179812269 0.0145499271965 0.0208485006857 0.013673378552 0.0269594681714 0.00633214927439 0.0221148873896 0.0345599223145 0.0444801017698 0.0256607571432 0.00142227328887 0.0156048943874 0.0152409616628 -0.00455157079623 0.0039318037946 0.0228260606372 0.0192273809009 0.0190430196123 0.0112515394803 0.00932047139594 0.0176291027283 0.0228625835136 0.0104492126237 0.0192351983433 0.00080683852488 0.0165121574783 0.0101459222852 0.00667103153419 0.0302175007688 0.000487731925794 0.0119742950409 0.0162472570018 0.0242200895275 -0.00719523211455 0.00996131989495 0.0155671390061 -0.00671761805394 0.0200320897891 0.044729053485 0.0443782320253 0.00214129434709 0.0212190583914 0.0216678325709 0.0216022631858 0.00427471226145 0.00701858119428 
-0.00502520086211 0.0181006287066 0.00115465404694 0.028802236542 0.0122847097906 0.00555263479119 0.0185368384925 0.0163892609402 0.0106415335818 0.378111680721 0.032086683894 0.00654775023669 0.0049750050082 0.00736522181617 0.00830938312773 0.00844266824513 0.00805112046052 0.0146675929898 0.0314787226204 0.0379422851506 0.0103106223855 0.00560349556316 0.0042060237604 0.0114492659097 0.00529784874704 -0.00613701742266 0.0117373837679 0.00676888360097 0.0143034710301 0.0165913835385 0.0101058660325 0.00797570863801 0.0542074131215 0.0267297934185 0.000793662798035 0.00267121547341 0.0171753598533 -0.00188851571946 0.0165538787202 0.0213769760921 0.00154617418815 0.0146803981127 0.00496053075993 -0.00406340266451 0.00236925225589 0.00896893453052 -0.0169569572236 0.0027533136299 -0.00649822924773 0.0200580547941 -0.00111724543094 -0.0106965372638 0.0157571335888 -0.00332825197838 0.0110807884036 0.00424060070676 0.0974103024176 0.0147439341881 0.014385586531 0.00919961108724 
-0.00572927966593 -0.00146903588446 0.00179953064413 0.016162259608 0.00835165118383 0.00914869280477 0.0324973525229 0.010499455408 0.00633155077231 0.032086683894 0.238638263512 0.00361401373002 0.0132761977545 0.0216651504124 0.0107428697026 0.0196482337845 0.0194832319554 0.01305698814 0.0337763440822 0.0134206188415 0.00726396388542 0.0122102560289 0.0151708094185 0.00694634346772 0.00342706850281 0.00235036951814 0.00924508482044 0.0178140096937 0.0139310191579 0.0179028058901 0.00388976737936 0.0135076791596 0.0123680571328 0.017237017362 0.0116726143959 0.00855667391797 0.0063808550636 0.00614568765437 0.0176975191132 0.004862172508 0.0212791120608 0.0212722405724 0.011911448925 0.00667112981229 0.0130131344791 0.0127940793202 0.0166197106639 0.00711322739649 0.012226399464 0.00313551443154 0.00263916599247 0.000851746681206 0.0114743088715 0.019070426055 0.0161635409337 0.0168299413289 0.0122110694952 0.0115849029856 0.00475927452169 -0.00317690538725 
0.00864133771799 -0.00155970372533 0.0136002365779 0.0224454374953 -0.000249276256974 0.00696773420645 0.0168300858428 0.0230315243711 0.0131763368467 0.00654775023669 0.00361401373002 0.458617947786 0.0102935790095 0.00701909673182 0.019294008976 0.00124716459054 0.0117978576334 0.0184907163694 0.00983964489018 0.0331785372912 0.0024144523924 0.0108005356073 0.00817672378762 0.019538407358 -0.00250465871243 0.0394736660992 0.0136587864151 0.0191214005356 0.0154290888643 0.0187229622854 0.00301822414595 0.0191131971583 0.0248976983719 0.00934247760504 0.00637491694494 0.0110972636881 -0.00505449344437 0.01295736505 0.0125148156684 0.0276061949071 0.0060176235187 0.0176851605225 0.012177969239 -0.00661665753548 0.0173030739361 0.0259335148082 0.026248614548 -0.00517297351242 0.005543392664 -0.00712376772645 0.0358478469221 -0.00966373751587 0.0156676846547 0.0108217444372 0.0177456095594 0.0154071483175 0.000470683165198 0.015438874525 0.0115808711788 0.0195478028154 
0.000309459861374 0.000272240183384 0.0232266790149 0.0256984005327 0.0387969087688 0.00250470975702 0.0177659689588 0.023421639053 0.03805410924 0.0049750050082 0.0132761977545 0.0102935790095 0.164125800666 0.00861407412911 0.0127007148166 0.0153710686272 0.0189507869041 0.0198022731726 0.0348718812684 0.010150241859 0.0181771595187 0.0394536530036 0.0542933586264 0.026262163312 -0.00196781734179 0.0176014903643 0.00494629838479 0.0234381604268 0.00866419797136 0.0220485440391 0.0114673164563 0.0146805212112 0.0109868468213 0.0175010222318 0.0209293566957 0.026735463405 0.0126652224116 0.0272365121163 0.0212234592186 0.027286320625 0.00778419242374 0.00797175008757 0.0245938344236 0.0069440048361 0.0174048955299 0.0180062560567 0.0292168941599 0.00467111050936 0.0124269306136 0.0210915597346 0.00657856156526 -0.0023393679344 0.0378399091178 0.0347087096635 0.0155100629541 0.0187710699282 0.00341735891946 0.0225728769934 0.0103520243726 0.00916501804027 
0.000956615260142 0.0134482958774 0.012671262463 -0.00663601248679 0.00910129300467 0.0895202204178 0.028905493058 -0.0060827339184 0.0125265218141 0.00736522181617 0.0216651504124 0.00701909673182 0.00861407412911 0.190331262415 0.0198093346139 0.0169297491922 0.0157524497534 0.0125832428729 0.0283584201941 0.00836480239699 0.0190644526442 0.0157651209472 0.0195465926395 0.0149104223042 0.01464356268 0.00295808099903 0.00569312692678 -0.00598607719175 0.00542253283294 0.0302732408044 -0.00145074902184 -0.00151990499146 0.00699716198889 0.0160860035956 0.0147431898993 0.00387926315088 0.0267242780388 0.00916483386787 0.0186666450359 0.0071985112672 0.0169553782583 0.0161280506254 0.0196883178469 0.0927461731589 0.0193313323451 -0.00392445595035 0.0251173377945 0.062845322168 -0.00039985432161 0.0149043126566 0.0427231845052 0.000480958287551 -0.00244727260798 0.00297832672306 0.00374028339193 0.0222441671078 -0.00296787853812 0.0193773293155 0.00913051898364 0.00666841134026 
-0.00269647620438 0.0109772601994 0.00420474889864 0.00992892422618 0.01609416579 0.0184142846432 0.00676025296319 0.0281569153784 0.0110179812269 0.00830938312773 0.0107428697026 0.019294008976 0.0127007148166 0.0198093346139 0.137931770276 0.00610085346651 0.00903537127945 -0.00609349758897 0.0107691993784 0.00531037358817 0.0425238006326 0.0133495249619 0.0193163927027 0.013993479559 0.00127801262438 0.00614060272063 0.0130906649502 0.0186852525043 0.0105040787168 0.00539021709433 0.00540696372308 0.00392391970547 0.00251316085147 0.00279008397337 0.00193956389975 0.0141826842121 0.0336201339592 0.00811795569485 0.0219014853665 0.0246941024682 0.0143807769534 0.0125465450077 0.0156042761718 0.019407143573 0.0187625872029 -0.00036638717695 0.0150393103959 0.0116733350613 9.68699787519e-05 0.00198716320683 0.0183793198377 0.00787112310347 0.00829152779997 0.00200092716696 0.000507359545097 0.0152232162038 0.010585662882 0.0149226850425 0.0011256662694 -4.33602535082e-05 
0.0173316385867 -0.011746423534 0.0257199799062 0.00015462710317 0.00561104892705 0.00369894173218 0.0107022813786 0.0178848046754 0.0145499271965 0.00844266824513 0.0196482337845 0.00124716459054 0.0153710686272 0.0169297491922 0.00610085346651 0.902081040889 0.0225315568912 0.00775954987997 0.0293893663903 0.010899926183 -0.00579605260886 0.00582413420366 -0.00229012665933 0.0469518131146 -0.00878230951713 0.0254030507649 0.0430853564136 0.00755123605487 -0.000194976563614 0.00962006003341 0.0303128557835 0.00842490733955 0.00435670288395 0.0234641080289 -0.0127620576686 -0.00900171773946 0.007633495762 0.0172710670549 -0.00249023314026 0.0265389957681 0.0441135146875 0.0134432935696 0.0416989757563 0.023242677902 0.0066577868915 -0.00456189175426 0.0149840894141 0.0384343615649 -0.00713846987508 0.00241673012211 -0.0041292511553 0.000920037037545 0.011470408573 0.0624481322757 0.0178256778268 0.00675995596656 -0.00478430515449 0.0212180626293 0.00908529281757 0.0159245170256 
0.0136888636742 0.0151969842171 0.0216770441128 0.0111274897308 0.0131442886739 0.0145774236087 0.0147369546999 0.0159801033769 0.0208485006857 0.00805112046052 0.0194832319554 0.0117978576334 0.0189507869041 0.0157524497534 0.00903537127945 0.0225315568912 0.191415935895 0.02500876751 0.037201721121 0.00193291387074 0.0110703470367 0.00651867500458 0.0184508813641 0.020209847436 0.0205354907572 0.0143927699288 0.0110358527733 0.0132142143952 0.00746053970946 0.0233927306398 0.00839925246977 0.00992994315113 0.0140520836091 0.0177680237147 0.0211465317611 0.010610652878 0.00687233015894 0.0160242180768 0.00136973827005 0.0164996593152 0.0112029228422 0.00473789715003 0.0209153783494 0.0102401435525 0.00957083967008 0.017899202997 0.020430270123 0.00154639527442 0.00706421682252 0.0148739672403 0.0104644305104 0.039760266474 0.006708686623 0.00687766573007 0.00509697638552 0.0219434573629 0.00129862117192 0.0278501670328 0.00629050645225 0.00866906032757 
0.018935301265 0.00450804633637 0.0190597441273 0.0221612077689 0.00981103286101 0.0178384047559 -0.00566676086832 0.00513150975543 0.013673378552 0.0146675929898 0.01305698814 0.0184907163694 0.0198022731726 0.0125832428729 -0.00609349758897 0.00775954987997 0.02500876751 0.419158519238 0.0220612567024 0.00727226459636 0.00696052312484 0.0217720950533 0.0155340022376 0.0355997408493 0.0272647370135 0.0080159590923 0.026302415036 -0.0262678182139 -0.00725679269627 0.0154159320388 0.0266688555486 0.00637300428529 -0.0010093638888 0.0100832473694 0.0257989940611 0.0730939165907 0.00252010262293 0.0377771307542 -0.00119703287941 0.0288022881078 0.00179983313426 0.00596658910028 0.0097133793672 0.0135016522097 0.0260239562294 0.0299078913489 0.0597333186285 -0.00293768061614 0.00121820194332 0.0387554848713 0.00614977723232 -0.00128798805712 0.0297785106044 0.0364492192045 0.0117366804375 0.0342705543865 0.00610676604465 0.00791609537042 0.0220809995664 -0.00190520251767 
0.053426401908 0.0223388194006 0.0146750981051 0.0427287049147 0.041163801808 0.0402580382224 0.0449109221639 0.0303675925996 0.0269594681714 0.0314787226204 0.0337763440822 0.00983964489018 0.0348718812684 0.0283584201941 0.0107691993784 0.0293893663903 0.037201721121 0.0220612567024 0.566578152537 0.0126880901652 0.0100608132626 0.0349783309401 0.0378030347607 0.0521681777525 0.0238771244115 0.0664975277362 0.0823813501475 0.0320700796962 0.00880628376358 0.0537278914366 0.0359903824912 0.0484708297451 0.0485133442479 0.0187218068094 0.0289862526177 0.0247987912321 0.0306403394351 0.0159792040711 0.0166680182773 0.0383393435791 -0.00831971541504 0.00019135769659 0.0330617419491 0.0716594908117 0.0289365982497 0.0556557358467 0.0333302814569 0.0293974479908 0.0107652583193 0.0435529220283 0.00218389630459 0.0215293984349 0.0242281936957 0.041667443992 0.0138143412465 0.0604694484304 0.0190288437194 0.0181101883346 0.0220049206046 0.0295015590724 
0.00388132967152 0.0119448404775 0.0112720313392 0.031369903327 0.0058727546058 0.0215305454808 0.00710383360997 -0.006292615903 0.00633214927439 0.0379422851506 0.0134206188415 0.0331785372912 0.010150241859 0.00836480239699 0.00531037358817 0.010899926183 0.00193291387074 0.00727226459636 0.0126880901652 0.200542033426 0.0138338387054 0.0151162731465 0.00821705089126 0.00967169184691 0.0158802701681 0.00837950921551 0.022584862967 -0.000513081931092 -0.00342171790961 0.020598612816 0.020346572718 0.00729916824288 0.0149304430798 0.00704718946768 0.0130697057662 0.0196245525253 -0.00530080654508 0.0158595124249 0.0020123131423 0.00460676768662 0.0192436088353 0.0103976489455 0.0313642361074 0.0144024942356 0.0170835402809 0.017934212968 -0.00448242967771 -0.0049133527924 0.0113894887293 0.00524650390188 0.0158628954683 0.0128287518505 0.0201069157445 0.000260138895728 0.00500419275642 0.0182084019545 0.019471622952 0.0100854701168 0.0252400984066 0.0245390559807 
0.0106997096064 0.00442599923135 0.0028021211077 0.00530509396598 0.030943125514 0.0166045820676 0.013545611217 0.0173766216201 0.0221148873896 0.0103106223855 0.00726396388542 0.0024144523924 0.0181771595187 0.0190644526442 0.0425238006326 -0.00579605260886 0.0110703470367 0.00696052312484 0.0100608132626 0.0138338387054 0.171532895735 0.018048073178 0.0202040964544 0.0123051514953 0.00407232931384 0.00653613403436 0.0131401154999 0.00966497905085 0.00843700184134 0.00967337116118 -0.00314112568292 0.00646167596218 0.00202061437894 0.00500691557626 -0.00719734792512 0.011187495323 0.0478922645861 0.00986052126939 0.0161940287629 0.00701380147081 0.0153268486827 0.00677279324117 0.0202583525535 0.0116167456667 0.0109630140513 0.00249172255488 0.0197585761716 0.01344289917 0.0113240280606 -0.00210938858768 0.0596022307553 0.0151134155084 0.0133728221914 0.0111402457558 0.0117528127799 0.0268028870249 -0.00112955382402 0.0251901599711 0.0154242893235 0.000639893897216 
0.000986357988958 -0.00335158264318 0.0103745640576 0.00957885788306 0.035104998261 -0.0047723391483 0.0103719659742 0.0223003891375 0.0345599223145 0.00560349556316 0.0122102560289 0.0108005356073 0.0394536530036 0.0157651209472 0.0133495249619 0.00582413420366 0.00651867500458 0.0217720950533 0.0349783309401 0.0151162731465 0.018048073178 0.156073403932 0.0382575991336 0.0158306626975 0.00329366696692 0.0262284406971 -0.00483345643188 0.00833580393619 0.00113722008849 0.0220821722137 0.00551841076 0.0156410578264 0.0135706824346 0.00652547952283 0.0134202970566 0.00640470357304 0.0154993638777 0.00549599269254 0.0149188317938 0.022374663817 0.00908356168286 0.00336664656785 0.0319346892954 -0.00146712179406 0.00140670895043 0.0102042702211 0.0161365276752 -0.00491237799133 0.0113772760723 -0.000701208451869 0.00260946657266 -0.00118336806225 0.0344082548533 0.0285319422685 0.0191373001959 0.030001473466 0.00726278882765 0.0249232689424 0.00731354906949 0.0135886092579 
0.0121380658982 0.00598468735855 0.00775738967123 0.0170896057134 0.0456323646351 0.00502218640292 0.016894572884 0.0123532958518 0.0444801017698 0.0042060237604 0.0151708094185 0.00817672378762 0.0542933586264 0.0195465926395 0.0193163927027 -0.00229012665933 0.0184508813641 0.0155340022376 0.0378030347607 0.00821705089126 0.0202040964544 0.0382575991336 0.145061204624 0.0247219325926 -0.0147226581218 0.0166060815502 0.000375535915456 -0.000319343835058 0.000109368338374 0.0135904503354 0.00601492912451 0.00386643876106 0.00887858212119 0.00906492860537 0.0249878683123 0.0114055164904 0.0106978941503 0.0198196994318 0.0171870671554 0.0162096880268 0.0045786649925 0.00597332733788 0.0363761828227 0.013333772601 0.00131077633545 0.0201087598552 0.030425929245 -0.00652938389417 0.0127675262596 0.0191514008826 0.00547301032338 0.00695808197477 0.0414102519703 0.0258858445137 0.0154322012333 0.0227538243506 0.00415616865164 0.0272382622209 0.0181597176102 0.0112780753 
0.0326840204626 0.00371734897435 0.0251962304601 0.0112724643274 0.0277830124546 0.017118575617 0.0265818419011 0.014203084378 0.0256607571432 0.0114492659097 0.00694634346772 0.019538407358 0.026262163312 0.0149104223042 0.013993479559 0.0469518131146 0.020209847436 0.0355997408493 0.0521681777525 0.00967169184691 0.0123051514953 0.0158306626975 0.0247219325926 0.252306675432 0.0310279922396 0.0313376288581 0.0366801478704 0.0148317868495 0.00161911145532 0.0389086068338 0.0306842287796 0.059635748325 0.0176333867379 0.0173398200327 0.0219914097055 0.0317098855033 0.0170671824802 0.00812251296225 0.0128610929589 0.0928817070157 0.0317147655599 0.0100089133527 0.0328857484013 0.0352160153489 0.0286951607882 0.0234090038448 0.0345760834995 0.0214493730967 0.00862542507534 0.0206900786628 0.0229708211135 0.0264889830989 0.0262104205066 0.0300058911887 0.0281642528996 0.0621918608373 0.0126528441577 0.0396741152969 0.0132604292377 0.00802471950565 
0.021142627384 0.0584537991382 0.040348656046 0.0188701915502 0.00226420979849 0.0428081486354 0.0297750887489 0.0157342438779 0.00142227328887 0.00529784874704 0.00342706850281 -0.00250465871243 -0.00196781734179 0.01464356268 0.00127801262438 -0.00878230951713 0.0205354907572 0.0272647370135 0.0238771244115 0.0158802701681 0.00407232931384 0.00329366696692 -0.0147226581218 0.0310279922396 0.387168496694 0.00763805389514 0.0253259172571 0.021826524002 0.000553220931382 0.0343459405652 0.017212435088 0.0143728275501 0.0104893399807 0.00296709719947 0.0587603299641 0.0529940200819 0.0260626182052 0.0604058491463 0.0102645565608 0.0341366257396 0.0236484583415 0.0113112559364 0.00756115060015 0.0228684118484 0.0334681232049 0.016331251159 0.00531343973547 0.0155488415652 0.0186717966895 0.0165025250515 0.0117322886395 0.0052869791524 -0.000847526388162 -5.00188620293e-05 0.0110792256621 0.0242943647116 0.0049922410019 0.0011969926913 0.00919038537439 -0.000272415953087 
0.0182039609706 0.00752820902494 0.0111232491259 0.0275921205338 0.0307447695438 0.0150548486224 0.0209970520277 0.00692538848461 0.0156048943874 -0.00613701742266 0.00235036951814 0.0394736660992 0.0176014903643 0.00295808099903 0.00614060272063 0.0254030507649 0.0143927699288 0.0080159590923 0.0664975277362 0.00837950921551 0.00653613403436 0.0262284406971 0.0166060815502 0.0313376288581 0.00763805389514 0.330966108691 0.060621194933 0.00532888605116 -0.00501295024493 0.0251301285885 0.0140289354152 0.0325516252081 -0.00308429586875 0.013007973709 0.0484390092049 0.00794430387355 0.0330602770154 0.0149951494447 -0.00391102996808 0.0386440884711 0.00305278933977 0.0159744487873 0.0242139350664 -0.00853131226971 0.046586124266 0.0421267650052 -0.000339875781317 0.0132782528734 0.00681482084877 0.0295536467794 0.0011246626295 0.0385922202856 0.0239770351917 0.0416947101298 0.00497724223891 0.0236992474878 0.00382617860089 0.00110146287775 0.018862897425 0.0204528990822 
0.0764652343851 0.0267263524416 0.0328624093978 0.0334523998264 0.012377064874 0.0149838724809 0.0135372809255 0.0207160502852 0.0152409616628 0.0117373837679 0.00924508482044 0.0136587864151 0.00494629838479 0.00569312692678 0.0130906649502 0.0430853564136 0.0110358527733 0.026302415036 0.0823813501475 0.022584862967 0.0131401154999 -0.00483345643188 0.000375535915456 0.0366801478704 0.0253259172571 0.060621194933 0.961897878809 0.0371671246012 0.00852105941691 0.0529650537459 0.0425880637505 0.0602046558522 0.0475905681966 0.0175490888136 0.0914319185241 0.0183973990154 0.0291569811572 -0.000228171965131 -0.00296558348129 0.018905196702 0.034511951866 0.0203970329888 0.0278105661244 0.0391585854223 0.0611555513783 0.0316731409001 0.0189118764032 0.0192686900763 0.0283026677186 0.0738648429445 0.00525350747849 0.0400819300723 0.0214911593414 0.0620444929691 0.0110978711739 0.0247652110503 0.0244588767955 0.0250323176286 0.002028620068 0.0188114770591 
0.0298611017993 0.000522214040227 0.0113500968475 0.022733753203 0.0221001467386 -0.00574155947134 0.0270923367585 -0.017853948256 -0.00455157079623 0.00676888360097 0.0178140096937 0.0191214005356 0.0234381604268 -0.00598607719175 0.0186852525043 0.00755123605487 0.0132142143952 -0.0262678182139 0.0320700796962 -0.000513081931092 0.00966497905085 0.00833580393619 -0.000319343835058 0.0148317868495 0.021826524002 0.00532888605116 0.0371671246012 0.920565034105 0.0172731770383 0.0319770022963 0.0151001391469 -0.00202653677693 0.00584994642216 -0.00422448172199 0.0125609794945 -0.00788640626875 0.0184450565712 -0.00329502655922 0.0238452771792 0.0167884372423 0.00596023513237 0.0365446024624 0.0286687738867 0.00273933257663 0.0540943413246 0.00695322863035 0.0114365181676 0.00261608414346 0.0120691353736 0.00400287052913 0.0188858610533 0.0572042294658 0.00784663321706 0.0441627643625 0.00683855911952 0.00877371978983 0.0298336314004 0.00932482558646 0.00536718693373 0.0495888474491 
0.00309811012256 0.00541657852141 0.0113573818565 0.00899170206964 0.0031894903473 -0.00240516447977 0.012454613944 0.00886330180719 0.0039318037946 0.0143034710301 0.0139310191579 0.0154290888643 0.00866419797136 0.00542253283294 0.0105040787168 -0.000194976563614 0.00746053970946 -0.00725679269627 0.00880628376358 -0.00342171790961 0.00843700184134 0.00113722008849 0.000109368338374 0.00161911145532 0.000553220931382 -0.00501295024493 0.00852105941691 0.0172731770383 0.205479510073 0.0154134875991 -0.00510456549705 0.000624594355235 -0.000340079273163 0.0124983992175 0.00354808460347 -0.00339879835857 0.0108462531644 0.00309368035322 -0.00433547202181 -0.000286605619975 -0.00129591253932 0.00110354765484 0.00381415470952 -0.00333837124305 -0.00561448416569 0.00976653112218 0.00364270782122 0.00895328167394 0.00887477402467 0.00582734637331 0.0264565332454 0.00613373640038 0.00761507597216 -0.00208191611035 0.0085350974569 0.0220769528876 -0.00445357092867 -0.000518492509073 0.0133875104612 0.00134828884198 
0.0157516475112 0.0102363626838 0.0122715724052 0.0255719396414 0.0165986671861 0.0245448547769 0.0484426509777 0.0224916033297 0.0228260606372 0.0165913835385 0.0179028058901 0.0187229622854 0.0220485440391 0.0302732408044 0.00539021709433 0.00962006003341 0.0233927306398 0.0154159320388 0.0537278914366 0.020598612816 0.00967337116118 0.0220821722137 0.0135904503354 0.0389086068338 0.0343459405652 0.0251301285885 0.0529650537459 0.0319770022963 0.0154134875991 0.193009944628 0.02500660644 0.0310225551098 0.0191722349326 0.0264226592533 0.0167335205131 0.0259695936712 0.0131753354056 0.0163204228314 0.00407294363407 0.0316099169403 0.0173426928072 0.0258814791344 0.0233536033993 0.0255101935859 0.0124282215511 0.026879020383 0.0149436623596 0.0208183227934 0.00957342531842 0.0213247617396 0.0167150216715 0.0279676808938 0.0222295084928 0.0163463681269 0.000724898529579 0.0308428300156 0.00876202306597 0.0182516046866 0.0202564575504 -0.00396313394506 
0.0203787857916 0.00394813709755 0.00429102803225 0.0192442747496 0.0169130826412 0.0114141860236 0.00178937057219 0.00361505107119 0.0192273809009 0.0101058660325 0.00388976737936 0.00301822414595 0.0114673164563 -0.00145074902184 0.00540696372308 0.0303128557835 0.00839925246977 0.0266688555486 0.0359903824912 0.020346572718 -0.00314112568292 0.00551841076 0.00601492912451 0.0306842287796 0.017212435088 0.0140289354152 0.0425880637505 0.0151001391469 -0.00510456549705 0.02500660644 0.27612713649 0.05053036272 0.0292869879062 0.0193998696749 0.0312188688629 0.0101124691025 0.00192207657117 0.000416929559836 0.00870458227435 0.0346275116449 0.0208845804254 0.00786153343737 0.0178232085438 0.0317788637413 0.0200439769082 0.0197857113115 0.0187398123736 0.00497852701497 -0.000844710585879 0.00879639062397 -0.000201269219065 0.0027103499119 0.00487526030187 0.0149891867209 -0.00252481319719 0.0255604214502 0.00369765974989 0.00222757915994 0.01067668306 0.0140871563262 
0.0376432885466 -0.00672313210922 0.0328808320125 0.0444645879244 0.025220380793 -0.00149033487836 0.0270380961196 -0.00282023117156 0.0190430196123 0.00797570863801 0.0135076791596 0.0191131971583 0.0146805212112 -0.00151990499146 0.00392391970547 0.00842490733955 0.00992994315113 0.00637300428529 0.0484708297451 0.00729916824288 0.00646167596218 0.0156410578264 0.00386643876106 0.059635748325 0.0143728275501 0.0325516252081 0.0602046558522 -0.00202653677693 0.000624594355235 0.0310225551098 0.05053036272 0.569693968756 0.0226250398876 0.0221933720904 0.0147599233818 0.00961020535518 0.0159428896312 0.0134675363768 0.00207403972944 0.037966733908 0.0101418181606 -4.74939734069e-05 0.0164085580799 0.0239621855982 -0.00783003634969 0.0112094327944 0.0342097126065 0.0340712187046 0.00940155449879 0.0176990686661 2.49709554699e-05 0.0536715240964 0.0387352945341 0.0428049218506 0.00794871844933 0.0327539914914 -0.00259127512994 -0.00127213794212 0.00729798463517 0.01349348679 
0.0211270604847 0.0185467022852 0.0164655561456 0.0306279334187 0.00999340720297 0.00959996630304 0.0273544054862 0.0244005855257 0.0112515394803 0.0542074131215 0.0123680571328 0.0248976983719 0.0109868468213 0.00699716198889 0.00251316085147 0.00435670288395 0.0140520836091 -0.0010093638888 0.0485133442479 0.0149304430798 0.00202061437894 0.0135706824346 0.00887858212119 0.0176333867379 0.0104893399807 -0.00308429586875 0.0475905681966 0.00584994642216 -0.000340079273163 0.0191722349326 0.0292869879062 0.0226250398876 0.427576685425 0.00406324772482 0.0174812156444 0.0354988657557 0.0108206477656 0.013155223965 -0.0028892778571 0.0282454924366 0.00358070442451 0.0043789762895 0.00503309877069 0.00614881958704 0.0177079301468 0.0445638755593 0.00921710755704 -0.0115006014604 0.0130867163715 0.00827937692567 0.0193811444461 0.00738978154463 0.00937273953004 -0.00880834021403 -0.00101464537044 0.0232907802134 0.0600360609164 0.0289662892671 -0.00490544277557 0.00784151455288 
0.0116242216424 -0.00464432075726 0.0030898253124 0.0230424189096 0.0213513862901 -0.00457570599807 0.0213711320331 0.00668350647911 0.00932047139594 0.0267297934185 0.017237017362 0.00934247760504 0.0175010222318 0.0160860035956 0.00279008397337 0.0234641080289 0.0177680237147 0.0100832473694 0.0187218068094 0.00704718946768 0.00500691557626 0.00652547952283 0.00906492860537 0.0173398200327 0.00296709719947 0.013007973709 0.0175490888136 -0.00422448172199 0.0124983992175 0.0264226592533 0.0193998696749 0.0221933720904 0.00406324772482 0.215345110599 0.0231622001952 0.010308526805 0.00896051978713 0.012128180051 0.0134661962988 0.0073760834232 0.00484890951197 0.0115866079897 0.008405871184 0.00367684856261 0.0131507588854 0.02099721423 0.00524424544601 0.00836104647697 0.0202140851619 0.0110573591633 0.00765352859853 -0.00928360014469 0.0150007908262 -0.00011468778232 0.00959636701034 0.0141726225419 -0.000903124669295 0.0178806061954 0.00793022911053 -0.00218304690409 
0.0200549342529 0.011978713709 0.0109085316232 0.0224944258196 0.0127891713063 0.0239248997681 0.0141738475591 0.0319537851684 0.0176291027283 0.000793662798036 0.0116726143959 0.00637491694494 0.0209293566957 0.0147431898993 0.00193956389975 -0.0127620576686 0.0211465317611 0.0257989940611 0.0289862526177 0.0130697057662 -0.00719734792512 0.0134202970566 0.0249878683123 0.0219914097055 0.0587603299641 0.0484390092049 0.0914319185241 0.0125609794945 0.00354808460347 0.0167335205131 0.0312188688629 0.0147599233818 0.0174812156444 0.0231622001952 0.318429294362 0.0170810870904 0.00718534981605 0.0271109759704 0.0120395856785 0.014562177198 0.00939358199303 0.0108733996191 0.021073556139 0.0240432315304 0.0666171835787 0.0556547554859 0.0330668940799 0.0183878225572 0.0249054808699 0.0159800385173 0.00248223819573 0.0246105757916 0.00667062134184 0.00233306646695 0.00829812625154 0.0260964273976 -0.0106555034793 0.0281356156683 0.0139235762706 -0.00264107343958 
0.0433701042672 0.000492190553278 0.0332788233134 0.017569287297 0.0171385459048 0.0325749475816 0.0114274832673 0.0269755569666 0.0228625835136 0.00267121547341 0.00855667391797 0.0110972636881 0.026735463405 0.00387926315088 0.0141826842121 -0.00900171773946 0.010610652878 0.0730939165907 0.0247987912321 0.0196245525253 0.011187495323 0.00640470357304 0.0114055164904 0.0317098855033 0.0529940200819 0.00794430387355 0.0183973990154 -0.00788640626875 -0.00339879835857 0.0259695936712 0.0101124691025 0.00961020535518 0.0354988657557 0.010308526805 0.0170810870904 0.261887466316 0.0160343672768 0.0290744634612 0.0108970423689 0.023195102137 0.0140386561096 0.0147887419813 0.019278177355 0.021512475144 0.00419939241672 0.0356711245853 0.0122918868365 0.00935315066384 0.00465159255457 0.0286937019309 0.0223649789348 0.00716118432551 0.0154770643836 0.0250209766469 0.00496696869742 0.0305967440612 0.00425343880059 0.0124450807789 0.0197323117403 0.00792486836402 
-0.000170686366638 -0.0089944089095 0.000608014577164 0.0240829737997 0.0110043096054 0.0435640281723 0.00875749242551 0.0101539168815 0.0104492126237 0.0171753598533 0.0063808550636 -0.00505449344437 0.0126652224116 0.0267242780388 0.0336201339592 0.007633495762 0.00687233015894 0.00252010262293 0.0306403394351 -0.00530080654508 0.0478922645861 0.0154993638777 0.0106978941503 0.0170671824802 0.0260626182052 0.0330602770154 0.0291569811572 0.0184450565712 0.0108462531644 0.0131753354056 0.00192207657117 0.0159428896312 0.0108206477656 0.00896051978713 0.00718534981605 0.0160343672768 0.362061332526 0.0066125390702 0.0102632437231 0.012514795203 0.0131692744119 0.00322851073595 0.02931132309 0.0309067904903 0.017816894473 0.000516850418638 0.00419890391393 0.0242842241697 0.0130997872238 -0.00345128339923 0.0360143777132 -0.00148314651434 0.00516823812096 0.00309568451268 0.00861020078292 0.00499987314316 -0.00101428510826 0.00829898974591 0.00662275467066 0.00562079046637 
0.0101110814266 0.0368532113217 0.0238510118877 0.00143964183395 0.0148672074679 -0.00743556433201 0.00572555231319 0.0150036386803 0.0192351983433 -0.00188851571946 0.00614568765437 0.01295736505 0.0272365121163 0.00916483386787 0.00811795569485 0.0172710670549 0.0160242180768 0.0377771307542 0.0159792040711 0.0158595124249 0.00986052126939 0.00549599269254 0.0198196994318 0.00812251296225 0.0604058491463 0.0149951494447 -0.000228171965131 -0.00329502655922 0.00309368035322 0.0163204228314 0.000416929559836 0.0134675363768 0.013155223965 0.012128180051 0.0271109759704 0.0290744634612 0.0066125390702 0.218779743072 0.00886360538877 0.00892779472058 -0.00907638891974 0.00521009630419 0.010212802479 -0.00223165738995 0.0162901396099 0.0220133408301 0.0122233086491 -0.00134384221588 0.00623378449512 0.00346629061968 0.0147204069697 -0.00365122326756 0.0140787543121 0.023047428055 0.0162324087912 0.01405445767 -0.00818568926743 0.0165990090559 0.00500985503655 0.00289988308318 
-0.00286254438675 0.000456481311383 0.0089198504315 0.0136554907361 0.0117781020076 0.0134913501881 0.00518144020915 0.0109880363932 0.00080683852488 0.0165538787202 0.0176975191132 0.0125148156684 0.0212234592186 0.0186666450359 0.0219014853665 -0.00249023314026 0.00136973827005 -0.00119703287941 0.0166680182773 0.0020123131423 0.0161940287629 0.0149188317938 0.0171870671554 0.0128610929589 0.0102645565608 -0.00391102996808 -0.00296558348129 0.0238452771792 -0.00433547202181 0.00407294363407 0.00870458227435 0.00207403972944 -0.0028892778571 0.0134661962988 0.0120395856785 0.0108970423689 0.0102632437231 0.00886360538877 0.276464305567 0.00318362819867 0.00476836256095 0.0154615792373 0.0204347667723 0.00723822927019 -0.0090783587911 0.00513540437404 0.0112731380485 0.00753417635618 0.00245936654275 -0.00411542618854 0.0152549723154 0.00161079186293 0.0203110575911 0.00974708967003 0.0141150784791 0.0308482749471 0.00133213947654 0.0110342904977 0.00285710029497 -0.000388622137125 
