60
0.02392892696 0.022286409141 0.239728898705 0.0787213758152 0.242072249725 0.143584613331 0.0282353637115 0.0499472002084 0.0231877092109 0.0168064994581 0.0425593974561 0.023795453615 0.0414012394119 0.0255121646837 0.0333203023267 0.044344522835 0.0395396308246 0.169485482474 0.0764707668379 0.360667625942 0.0353466838873 0.039970875035 0.0218855159469 0.00699576056141 0.065735385914 0.0124927962784 0.0693656588129 0.0359279599811 0.0738036440579 0.0765601453803 0.080285366307 0.0297209295042 0.0612619406497 0.0298565853869 0.0482651065397 0.0290232005544 0.0646745186267 0.133327922328 0.0434942638749 0.0314738433907 0.0429032651101 0.0267221777707 0.061476397973 0.0501483555771 0.0651633165571 0.197480990077 0.078059567066 0.123612909007 0.0523918745475 0.0549811443135 0.107238949757 0.0695535734162 0.018453974145 0.0361599942098 0.164482556217 0.118355026327 0.067654701563 0.0437869579852 0.0210495138202 0.0522861094618 
0.237599936591 0.0134009881705 0.0573291703602 0.00681868227304 0.0195035284629 -0.00590429003265 0.0117320323653 0.00891795074421 0.00189908426761 0.0113822511147 0.0259214158107 0.00170903020722 0.0122566149547 0.0127431448237 0.0320349546239 0.0182484772439 0.0164019612155 -0.000501974825927 0.0318549887413 0.0243794740245 0.00907371322175 0.0224012943892 0.00775828670998 -0.00437731258466 0.0142673542433 0.0155486570707 0.0184435727011 0.00655358110732 0.0107691749634 0.00463211880732 0.0260204003552 0.00177507080027 -0.00677785473222 0.000817205509173 0.00889822862541 0.0222414436605 -0.00111881136954 0.0106787963557 0.0307929163058 0.00484328816358 0.0168983311016 0.00353309626729 0.0197471519033 0.00891058255783 0.00860265248837 0.0147474019731 0.00479792938983 0.00606813729665 -0.00131945436013 0.00486717629292 0.0342222309403 0.012203287343 0.00591776538184 -0.00972822556137 -0.00472787096133 0.0353611675023 0.00215557670131 -0.00630661431683 0.00842700183624 0.0241529714221 
0.0134009881705 0.24063880907 0.00194652070502 0.000843833698117 0.00420672060857 0.0108192343156 0.00142179337663 0.00338516508574 0.00821041996502 0.0046333732023 0.00466319569149 0.00834500142853 -0.00185509142957 -0.000946680983127 0.00703659792962 -0.00374274108464 0.00477440864828 -0.0134403990558 0.023638183826 0.00516947480225 0.00185360859455 0.0116176530589 0.00521043718338 0.00218052385734 0.0119808749593 0.00211300084641 0.019798610365 -0.00735803480908 0.000875594549546 0.00412027158344 0.0250137101184 0.00866545490612 0.00227674935606 0.00820860893218 0.00831897059466 0.00633973859836 0.00229777476451 0.0393244865657 0.00583457334261 0.00010180569956 0.00351406304818 0.01717936846 0.0238889761963 8.11893240065e-05 0.00142161938797 0.0206144196775 -0.00348151547001 0.00986704572381 0.0112939558302 -0.00211896902773 0.022158246378 0.00630206424098 -0.00610307001648 0.00838432143783 -0.010361480021 0.0183539469913 0.00314741327348 0.00185979180498 0.00284466869015 0.0157320390127 
0.0573291703602 0.00194652070502 0.863885661614 0.0260505278072 0.106664878839 0.0711043182789 0.0385253988755 0.0489923735164 0.0393314315267 0.0152185199392 0.0300503363435 0.0112548692307 0.0161995315592 0.00693571494478 0.0191932894316 0.0474133953477 0.0288736480964 0.0293394539871 0.0487705295147 0.113915809242 0.0252804477742 0.0119776950496 0.00315417784049 -0.00392430139157 0.0394490511091 0.0230761250815 0.0154346479928 0.0164763333545 0.0571577184219 0.0726714807374 0.0636823090256 0.00370111934044 0.0541386642557 0.0293804504629 0.0266142585224 0.0108159845312 0.0304992350126 0.0310613371124 0.054817345213 0.0292934416188 0.0425775295631 0.0311175994035 0.0693862806437 0.0297182470703 0.0297677833196 0.0477917977592 0.118076894134 0.0669541375261 0.00363120075303 0.0448760621703 0.054482315392 0.0448180867692 0.0101952120581 0.0205050976111 0.00139821505188 0.043352661908 0.0114994268592 -0.0112321474238 0.0350352037081 0.0409567299769 
0.00681868227304 0.000843833698117 0.0260505278072 0.356460479684 0.0789238136542 0.141589973166 0.00389062805071 0.00850867377489 -0.00117357350383 0.00603467214872 0.0214255715151 0.0217601927074 0.00450379218604 -0.000607347092893 -0.00374971021935 0.0226854598572 -0.00905987895652 0.0393387261767 0.0106477021003 0.0291410650982 0.00934115493273 0.00506879866478 0.00140856412834 0.0214346718592 0.0117931735596 0.00829151161809 0.00960414081229 0.0100503348517 0.029780565924 0.0376006882544 0.0119658793251 0.00168088888774 0.00894772514382 0.00569744775955 0.00521396064359 0.000204681405558 0.0139465824739 -0.0113272983794 0.0140206585255 0.0197865621838 0.0166526486327 0.0352744309714 0.02282126027 0.0168201321408 0.0475742700146 0.0177387290736 0.00932485773277 0.0265603630495 0.00739405429616 0.0051486042659 0.0123641805351 -0.00604688219864 -0.00189468580312 0.0306089362903 0.045004479573 -0.00045354958905 0.0115714886815 0.010927767205 -0.00445212504898 0.00900463025452 
0.0195035284629 0.00420672060857 0.106664878839 0.0789238136542 0.652950440098 0.0868328634856 0.0214537492655 0.0273961085008 0.0150062904496 0.00167388217153 0.0150457656584 5.24193445437e-05 0.0144546274464 0.00370898063116 0.024401087099 0.0603822663478 0.036961056484 0.0442097838809 0.0963669165914 0.0715583169975 0.0132389537818 0.0357020784161 0.00933144954849 0.000248376122512 0.0451738588648 0.020608748998 0.0271858676084 0.00415941562757 0.0524021561421 0.0687734919858 0.0527906941184 0.0109696613247 0.00891792339195 0.0182737480622 0.0103055851431 0.00981252216524 0.0396897003471 0.00540937081803 0.0759887834237 0.0126875588146 0.0670220630169 0.00865680171944 0.0594751814272 0.0654114191396 0.0293343566531 0.0369017329267 0.0324796755767 0.0372869630465 0.032348080239 0.0465564678338 0.0772376705019 0.0188970909924 0.0184416598162 0.0064652981388 0.0373664040656 0.0171226322965 0.0139079651941 0.0355563714997 5.05031230606e-05 0.0419405377038 
-0.00590429003265 0.0108192343156 0.0711043182789 0.141589973166 0.0868328634856 0.548005679831 0.00652443259118 -0.00144063524202 0.0122690067159 0.00191936645965 0.0298718923928 0.0204426140401 0.031697281928 0.00853259205143 0.00765870866306 0.0417636547843 -0.00168685958892 0.0387622384463 0.0319622726592 0.0563175383901 -0.00752603476268 0.0139010106218 0.00224520724344 0.00783229259781 -0.00164163753997 0.0147969259397 -0.000476839706863 0.0105805683491 0.0136712009103 0.0331638181385 0.0164377463354 -0.00488994490566 0.0367812736414 0.0075394074141 0.0111007996757 0.0142887444076 0.06339103977 0.0142050116438 0.0210806732625 0.0215878116897 0.0204225142707 0.0490720728198 0.0353291435523 0.0329126954321 0.0424663071906 0.0274068504306 0.00593778125166 0.00591667077873 0.0144689384586 0.00685570891017 -0.0027567533036 0.000276026350126 0.0332154441474 0.0378046290631 0.0292185423205 0.0102769201521 0.00161277644887 0.02156284426 0.00745612056819 0.0280581090653 
0.0117320323653 0.00142179337663 0.0385253988755 0.00389062805071 0.0214537492655 0.00652443259118 0.134275374857 0.0130155774784 0.00670064343357 0.0230572490826 0.0289421525113 0.0131565865359 0.0242369172784 0.0232114627692 0.0175297982181 0.0138626309975 0.0182374311652 0.00331368438411 0.0218546841412 0.01098861861 0.0290541450542 0.0142008449337 0.00706059573532 0.023189194937 0.0179892361374 0.0219785770468 0.0147722668729 0.00963986866773 0.00355635674991 0.0155613888492 0.0126069909095 0.00905337153383 0.00374828246994 0.0389029071164 0.00688002512208 0.0216373502212 0.0324212149581 0.00666075892007 0.0166496385008 0.0134948070268 0.0158620243238 0.0244105308376 0.0280596567911 0.0211727000535 0.0199331866184 0.022226107638 0.00928402537189 -0.00333325704057 0.0143023823879 0.00233454155251 0.0306910856734 0.00884097248609 0.0100171360216 0.020098386299 0.00111201725033 0.0186224009894 0.0217432135114 0.0151762608603 0.00243235579914 0.0119337864107 
0.00891795074421 0.00338516508574 0.0489923735164 0.00850867377489 0.0273961085008 -0.00144063524202 0.0130155774784 0.36368498378 0.00844621133522 0.0187860210102 0.0114613134791 0.00627877988149 0.00547957929931 0.0165531482262 0.00650450170783 0.0253751450035 0.00709217029853 0.00496573090505 -0.00504808518826 0.00225010697548 0.00345996854275 0.0161262443042 0.00993392977123 0.00133811218705 0.0227213101857 0.0127697270282 0.0102584215883 0.00125051291354 0.006266629295 0.0240040855494 0.0135267764685 0.00283434295236 0.0235497196062 0.0168799583774 0.0123325252538 0.0117445926387 0.0201188455675 0.00844000143268 0.0060211527981 0.0252782987005 0.0136470497363 0.0101450372685 0.00975735507032 0.0190381265173 0.0102024958877 0.00610992622852 -0.00536493325221 0.0212513559021 0.00172678848002 0.0262718724914 0.0290638777401 0.00391406115658 0.00764458486195 0.0156621138599 0.004139796044 0.0142755755615 0.0332008871002 -0.0057361294097 0.00225756692075 -0.0140946732953 
0.00189908426761 0.00821041996502 0.0393314315267 -0.00117357350383 0.0150062904496 0.0122690067159 0.00670064343357 0.00844621133522 0.210097737885 0.0108033427769 0.00870713408484 0.00596877709868 -0.00429897020528 0.0124979653079 -0.00280318720694 0.0054494357324 -0.00248009874942 0.0107750392158 0.00265293166893 0.0211337624787 0.00214834593949 -0.0043118305346 0.00636898122462 0.0108003662559 0.00579627752058 0.000653753529601 0.00642361531181 0.00791719886945 0.0122557616291 0.0207376492018 0.00506154552013 0.00543424021419 0.0112121678009 0.0015042662205 0.00827653366762 0.0052150355667 0.00860642880648 0.00152308228323 0.00839494960984 0.00835931256673 0.00330329523393 -0.00113913211008 0.0145393839878 0.00942901739474 0.00174127202426 0.00242168177962 0.067630459205 0.0317032182389 -0.00543515041975 0.0230402683678 0.00155344608371 0.0242391530691 -0.00244725370121 0.0237572009344 0.0185626849272 0.00954568817513 0.014361261164 -0.000336922955528 0.014247214737 0.00732637105038 
0.0113822511147 0.0046333732023 0.0152185199392 0.00603467214872 0.00167388217153 0.00191936645965 0.0230572490826 0.0187860210102 0.0108033427769 0.211381574535 0.0199906005132 0.0118681474478 0.00679487773865 0.0159844364409 0.0162161095973 0.0147954657924 0.0244529786113 0.0146487288787 0.0102341277689 0.00361544239673 0.0113671782344 0.0139604301735 0.00390361031816 0.0185709666777 0.0140514871336 0.00794266984041 0.00137844008445 0.00598397641399 -0.00386170883563 0.0116762971878 0.000219888363396 0.00672934368673 -0.00807200256833 0.00689237549132 0.0250552804443 0.00131881189685 0.00582804999114 -0.00366887386355 0.0320037239713 0.00878743551462 0.0110704583921 0.0268854594771 0.00780772859827 0.0109290982466 0.000512210943929 -0.00579606395255 0.00752633734347 0.00239897913331 0.0103317589478 0.00871883704987 0.0087273394102 0.000894800273026 -0.00653387200702 0.0106241436997 0.00151689800877 0.0118799734022 -0.00222635606138 0.00100392037696 -0.00147929328258 0.0166965400768 
0.0259214158107 0.00466319569149 0.0300503363435 0.0214255715151 0.0150457656584 0.0298718923928 0.0289421525113 0.0114613134791 0.00870713408484 0.0199906005132 0.383853332613 0.0233537064742 0.0262897024248 0.0203481888539 -0.00645344817832 0.024231429583 0.0371542044042 0.0116615080919 0.0183082009674 0.0872341133732 0.00781632971503 0.0163887806748 0.0113219485757 0.014468959747 -0.0199422858641 0.0248445051409 0.0128213176626 0.000230751805446 0.00859132200045 0.0283401859981 0.00979106480346 0.00409710527963 0.0298124244767 0.0176218577421 0.0390879957328 0.00739160972958 0.00300322109047 0.0404863363889 0.0249015721678 0.0151834588299 0.00612577675497 0.0153731097937 -0.0106292551445 0.0276315804288 0.0367285479624 0.0393684708109 0.0131974089511 0.00925047963354 0.0369766521627 0.010862112373 0.0285845218691 0.0160692089123 0.040480644138 0.0232901695487 0.00519650428678 0.0016394520864 0.0177113380118 0.00175484932022 -0.00726621412724 0.0498449147159 
0.00170903020722 0.00834500142853 0.0112548692307 0.0217601927074 5.24193445432e-05 0.0204426140401 0.0131565865359 0.00627877988149 0.00596877709868 0.0118681474478 0.0233537064742 0.177004395187 0.023226348027 0.014041197056 0.00796591235137 0.0103369071286 -0.00148373261655 0.0155762729831 0.0044822473718 0.0140476920338 0.0191442158623 0.0078410630595 0.00540222984662 0.036775767133 0.0182373929119 0.00877897617705 0.0211837459762 0.0106840636955 0.00477625427702 0.00797410732344 -0.00366797369759 -0.00125572726946 0.00578526623053 0.0236824246639 0.0130599963081 0.00684185221947 0.00263479270863 0.00463373409129 -0.0117996471853 0.00571673299613 0.00451867167225 0.0408201874984 0.00756875629449 0.011401043886 0.0468977289064 0.0146166125651 0.00565093006778 -0.000399663901615 0.023577910485 0.00553381898208 0.0118638337926 -0.00148426100761 0.0110697182789 0.0538124535263 -0.00531789960354 0.00929640662131 0.0151451272376 0.0168617149626 0.0111271866683 -0.00122864786188 
0.0122566149547 -0.00185509142957 0.0161995315592 0.00450379218604 0.0144546274464 0.031697281928 0.0242369172784 0.00547957929931 -0.00429897020528 0.00679487773865 0.0262897024248 0.023226348027 0.23618954029 0.017071505881 0.00707540363943 0.0109706706991 0.00467127415998 0.02503384949 0.0205300246119 0.0191481038954 0.0140407779226 0.00797598741976 0.0111008677162 0.0115342118105 0.00398422981972 0.0185206558648 0.0124556954128 0.0113497348202 0.0211724068672 0.011104601728 0.0204204654776 0.00807099098391 0.0129922270635 0.00910148920574 0.00663035600281 0.00240302119175 0.0166114943359 -0.0175248821402 0.019236898243 0.0171145877919 0.00436108297291 0.0170090332939 0.021031567442 0.0163303009116 0.00273486311373 0.0131120181535 0.00104247736167 -0.000488668758067 0.0154180998082 0.0175849714066 0.00868635419152 0.0504025750967 0.00400746987005 0.0213569721734 -0.00718928831125 0.00796986028961 0.00822282978045 0.0162564795097 0.00213528461916 0.0160163160121 
0.0127431448237 -0.000946680983127 0.00693571494478 -0.000607347092894 0.00370898063116 0.00853259205143 0.0232114627692 0.0165531482262 0.0124979653079 0.0159844364409 0.0203481888539 0.014041197056 0.0170715058809 0.157039691816 0.0140473091555 0.00360930693779 0.0121741317143 0.0269353872973 0.00662463301524 0.0158300163888 0.00995180721247 0.0127703572722 0.00691083803394 0.0234872291071 0.0161599197348 0.0125297565777 0.00381784463187 0.0111803322846 0.0131568562004 0.0198977115104 0.00601643052559 0.00902428347193 0.0108254518679 0.0112076643416 0.0133614985609 0.0290119163934 0.0180913089999 0.00652307950248 0.0165843492391 0.0152260764534 0.0166552745171 0.0176087575217 0.0202767086485 0.0168073440327 0.0216039249813 0.0119407290541 0.00958880823806 0.00745754481013 0.00922950225844 0.0028441426686 0.0214410323265 0.0106041445881 0.022716029086 -9.91325407877e-05 -0.00952724799423 0.0212970523877 0.0122448471479 0.00332671932772 0.0142112087951 0.0164307705014 
0.0320349546239 0.00703659792962 0.0191932894316 -0.00374971021934 0.024401087099 0.00765870866306 0.0175297982181 0.00650450170783 -0.00280318720694 0.0162161095973 -0.00645344817832 0.00796591235137 0.00707540363943 0.0140473091555 0.19802187904 0.0303520009763 0.0184855832284 0.00693825514847 0.0175226855772 0.00851167055932 0.0188996800516 0.0146268026806 0.00176472094982 0.00657279318093 0.0176315717137 0.0216110474063 0.00651371998101 0.0053564365256 0.0204555584213 0.0114718537737 0.0103373033947 0.00189425513993 -0.000359071954942 0.0132651335401 0.0150104999587 0.0103138823349 0.000365983910734 0.0193490169297 0.0242272548526 0.0153733845148 0.0171367198057 0.0137158210795 0.0162169369472 0.0252216660471 0.0140143270269 0.00131370290463 0.000448695494958 0.0116187749797 0.0171575685357 0.036134103896 -0.00543616479977 0.0110730762408 0.0123053480306 0.0132931163027 -0.00796804028776 0.0195164593428 0.0228782620955 0.00860912944634 0.0110589763362 0.0082624495232 
0.0182484772439 -0.00374274108464 0.0474133953477 0.0226854598572 0.0603822663478 0.0417636547843 0.0138626309975 0.0253751450035 0.0054494357324 0.0147954657924 0.024231429583 0.0103369071286 0.0109706706991 0.00360930693779 0.0303520009763 0.184349696895 0.0120411357065 0.0158222040941 0.0214211281279 0.0387927563541 0.0116785474416 0.0379557270651 0.00570847430994 0.0048662305581 0.0191969425678 0.0123595978406 0.00370451297922 0.0128655664004 0.0208007147941 0.0278026681765 0.0270853899208 0.00781904990785 0.0233033816262 0.0210537064729 0.018874017561 0.0105001453021 0.0344677685168 0.0169874627542 0.066113146863 0.012841018587 0.021483303477 0.0221225937567 0.0424055656925 0.0283356786119 0.0205616089953 0.0189949207336 0.0222490228151 4.38499995334e-05 0.0161939729312 0.0335948907163 0.0449776483156 0.00478246282951 0.0320934730879 0.0136745881986 -0.00223503454331 0.0158559046108 0.00752543643732 0.0155864236894 0.011378677418 0.0256761636994 
0.0164019612155 0.00477440864828 0.0288736480964 -0.00905987895652 0.036961056484 -0.00168685958892 0.0182374311652 0.00709217029854 -0.00248009874942 0.0244529786113 0.0371542044042 -0.00148373261655 0.00467127415998 0.0121741317143 0.0184855832284 0.0120411357065 0.281447497199 -0.00718103056678 0.0351237596064 0.0116386260987 0.0163643927761 0.0173225557734 0.000208757619388 -0.00591898248793 0.0103483798226 0.00583914733571 0.0353205890916 0.0122459648571 0.00237311520397 0.0146133434618 0.0199407410091 0.0176692004845 0.0081541976737 0.0244048392813 0.044038006861 0.00887794037659 0.00787155876452 0.0342518154896 0.0236217208227 0.00175218129222 0.0238742783802 -0.00168234820868 0.0108454294844 0.0324571427968 -0.0153150707119 -0.0176290515182 0.014501683727 0.0228935564195 0.0209590227845 0.0514464798722 0.0119249542143 0.00613847138631 0.00771256890137 -0.00588761405404 -0.00245176006723 0.0375423916691 -0.00352525293102 0.0160809175581 0.00523082705124 0.0246407123583 
-0.000501974825927 -0.0134403990558 0.0293394539871 0.0393387261767 0.0442097838809 0.0387622384463 0.00331368438411 0.00496573090505 0.0107750392158 0.0146487288787 0.0116615080919 0.0155762729831 0.02503384949 0.0269353872973 0.00693825514847 0.0158222040941 -0.00718103056678 0.668965316587 0.0118202723998 0.0296732931293 0.00340117775183 0.0268802117047 0.00946247967303 0.0183073340278 0.022017313715 0.0058763777081 -0.000330640052921 0.0147318223066 0.0202725100134 0.0194263893067 0.0614977034272 -0.00925393438996 0.0306044295678 0.00343452853997 0.0071808061161 0.0113347314809 0.011779619819 0.00125338094418 0.0312105007361 -0.000499574313043 0.0203195586465 0.0255746271335 0.00854615525342 0.0162210195373 0.034828216589 0.00168425936848 -0.0260610030337 0.00937506048364 0.0143386484479 -0.00100383790935 0.0332686103634 0.0119629316208 -0.0215357720491 0.0376623162444 0.00404470173415 0.0150882602555 -0.0223885766055 0.0182535624967 0.00839585903165 0.00830507604615 
0.0318549887413 0.023638183826 0.0487705295147 0.0106477021003 0.0963669165914 0.0319622726592 0.0218546841412 -0.00504808518826 0.00265293166893 0.0102341277689 0.0183082009674 0.0044822473718 0.0205300246119 0.00662463301524 0.0175226855772 0.0214211281279 0.0351237596064 0.0118202723998 0.436210763644 0.0434014414982 0.0229839987693 0.0232438401654 0.00647573429079 0.0130405525325 0.0328085449528 0.0129225489033 0.0548010491455 0.0216580546173 0.0353019822896 0.0100479695846 0.0260242781818 -0.0059472240087 0.0252602419339 0.0171494651806 0.033545690747 0.0138228894135 0.0117465764633 0.00888752454801 0.0594261459992 0.028355474413 0.0295057405614 0.0206578739741 0.0368304769491 0.0396619372366 -0.00381210649717 0.0288623670248 0.00971837679748 0.0707777709209 0.0209665510384 -0.00344025527483 0.0611554269635 0.0105897655165 -0.00537008877159 -0.00683214662707 0.0430596721718 0.0475976688862 -0.00501053121499 0.0440575849418 0.0143960755487 0.0152455243276 
0.0243794740245 0.00516947480225 0.113915809242 0.0291410650982 0.0715583169975 0.0563175383901 0.01098861861 0.00225010697548 0.0211337624787 0.00361544239673 0.0872341133732 0.0140476920338 0.0191481038954 0.0158300163888 0.00851167055932 0.0387927563541 0.0116386260987 0.0296732931293 0.0434014414982 1.17749554193 0.00233442745709 0.0467845433654 0.00592475673241 -0.000521178505777 0.0530553935053 0.00399360066122 0.0491227378505 0.0314228803304 0.0171022664696 0.0355430188607 0.028543469139 0.0227611786134 0.0510511129346 -0.000841441128549 0.0228723288539 0.00760119911661 0.0067941394452 0.0520007600061 0.0359595126047 0.00499359026912 0.02368123434 0.0166313384272 0.0172743530844 0.0152383746964 0.0226663423168 0.0635844571023 -0.0105350363844 0.0245692441976 0.0106131948949 0.0202984799399 0.0474857680446 1.36082284519e-05 0.00584439203329 -0.00556837166558 -0.0041961417516 0.018487205394 0.00966951732554 0.00178140499891 -0.00379345078303 0.0267955226426 
0.00907371322175 0.00185360859455 0.0252804477742 0.00934115493273 0.0132389537818 -0.00752603476268 0.0290541450542 0.00345996854275 0.00214834593949 0.0113671782344 0.00781632971503 0.0191442158623 0.0140407779226 0.00995180721247 0.0188996800516 0.0116785474416 0.0163643927761 0.00340117775183 0.0229839987693 0.00233442745709 0.26507692234 0.0138074537345 0.0130838066672 0.00716463178149 0.0159171872325 0.0121420688581 0.0085001217836 0.00709664665332 0.00124125155092 0.0134342202378 0.0111786278233 0.0150966922151 0.0126277407918 0.0282636138426 0.0261886605834 0.0178764004269 0.0228186814747 0.0175685512944 0.0126614933791 0.0112698834997 0.0111185252935 0.0236454199781 0.0409915980924 0.0138336121285 0.0103744741044 0.0106370683186 0.0114612815368 -0.0035014005966 0.0288437083591 0.00580877704553 0.0127144217969 0.0138119822857 0.000422304876323 0.023063633792 -0.0111099603251 0.0126343711278 0.0097405386349 0.0261481515568 0.0223633572706 0.00947987254584 
0.0224012943892 0.0116176530589 0.0119776950496 0.00506879866478 0.0357020784161 0.0139010106218 0.0142008449337 0.0161262443042 -0.0043118305346 0.0139604301735 0.0163887806748 0.0078410630595 0.00797598741976 0.0127703572722 0.0146268026806 0.0379557270651 0.0173225557734 0.0268802117047 0.0232438401654 0.0467845433654 0.0138074537345 0.185713106631 0.00392845240853 0.00538269584491 0.0131942132123 0.0117363734354 0.000832062228989 0.0226181789768 0.00609075563879 0.0368682266584 0.0290125631826 0.00580598575169 0.0196826523171 0.0132013364023 0.0167580230133 0.00360731445232 0.00987044033915 0.0125236490234 0.0394376070077 0.00737448941788 0.0255559116895 0.00863421754462 0.0213465550813 0.0341437467034 0.00692790131193 0.00603329156527 0.00933833871578 0.00357759243135 0.0231955804792 0.00169846462013 0.0240338917509 0.0100058206887 -0.00422688570851 0.00296965128838 0.00864146709532 0.00958131445397 0.00589663092309 0.00941308899964 0.00739247341239 0.0455406186423 
0.00775828670998 0.00521043718338 0.00315417784049 0.00140856412834 0.00933144954849 0.00224520724344 0.00706059573532 0.00993392977123 0.00636898122462 0.00390361031816 0.0113219485757 0.00540222984661 0.0111008677162 0.00691083803394 0.00176472094982 0.00570847430994 0.000208757619388 0.00946247967303 0.00647573429079 0.00592475673241 0.0130838066672 0.00392845240853 0.15977697157 0.0136368935481 -0.00718202800274 0.00700017802031 0.0119002119953 0.00518658652803 0.0127750978297 0.00617320751753 0.0109398301377 0.00942111760373 0.00974213045845 0.002923825945 0.0233877313168 0.00466820299853 0.00962336795988 -0.0023386576069 0.0151981903768 0.0116452226895 -0.00404112243076 0.0154492093087 0.00382720642754 0.00302838871356 0.00850212179431 -0.00173130118431 -0.00372256813194 -0.0112443881013 0.0193046735506 0.0146517887867 0.0126712544561 0.0029599672622 0.014176164456 0.00890584998088 0.00512394422237 0.0015251949989 0.0013059873382 0.00765572832545 -0.000638901564611 0.00860004206753 
-0.00437731258466 0.00218052385734 -0.00392430139157 0.0214346718592 0.000248376122511 0.00783229259781 0.023189194937 0.00133811218705 0.0108003662559 0.0185709666777 0.014468959747 0.036775767133 0.0115342118105 0.0234872291071 0.00657279318093 0.0048662305581 -0.00591898248793 0.0183073340278 0.0130405525325 -0.000521178505778 0.00716463178149 0.00538269584491 0.0136368935481 0.134273833358 0.00385971217665 0.0075384012465 -0.0020597795904 0.0159963147582 0.00629379838875 0.000808726215242 0.00203818551691 0.0139034933266 0.0178665712034 0.0213338649908 0.00622354403769 0.00826135678218 -0.000563829256999 0.0165473133106 -0.000342951095215 0.00471173484661 0.0132367958237 0.0360677796482 0.000687163613545 -0.00267441788778 0.0429507660932 0.016179044667 -0.000637772801374 0.0142419976356 0.015872428596 0.00251856640184 0.00786289566848 -0.000805258935161 0.00586958358594 0.0386958062369 0.00847653258131 0.00865676802925 0.0229956205108 1.07572583733e-05 0.0054709721946 0.00841238743958 
0.0142673542433 0.0119808749593 0.0394490511091 0.0117931735596 0.0451738588648 -0.00164163753997 0.0179892361374 0.0227213101857 0.00579627752058 0.0140514871336 -0.0199422858641 0.0182373929119 0.00398422981972 0.0161599197348 0.0176315717137 0.0191969425678 0.0103483798226 0.022017313715 0.0328085449528 0.0530553935053 0.0159171872325 0.0131942132123 -0.00718202800274 0.00385971217665 0.416429859872 0.0131723867751 0.0778946497367 0.0384636582908 0.0238021492273 0.00395385101632 -0.00970251166347 -0.00014361682834 -0.00156836499957 0.0137549110239 0.0181415907884 -0.00275754004002 0.00986140272499 0.00258722026184 -0.00869200487643 0.0114477178816 0.0771574572205 0.00597579639751 0.0403206667077 -0.00678376160913 0.0107652746731 0.017960344411 0.013432962672 -0.00517295968238 0.00799926355526 0.0011361240155 0.0256931412914 0.0168586960083 0.00168633192544 -0.00228838573839 -0.0131752540615 0.0234503098885 0.000725378900843 0.013999229496 0.00528340177652 0.0122043060997 
0.0155486570707 0.00211300084641 0.0230761250815 0.00829151161809 0.020608748998 0.0147969259397 0.0219785770468 0.0127697270282 0.000653753529601 0.00794266984041 0.0248445051409 0.00877897617705 0.0185206558648 0.0125297565777 0.0216110474063 0.0123595978406 0.00583914733571 0.0058763777081 0.0129225489033 0.00399360066122 0.0121420688581 0.0117363734354 0.00700017802031 0.0075384012465 0.0131723867751 0.175888169032 0.00629502286326 0.00982813529056 0.0335000435492 0.0236049580144 0.0186941505876 -0.00178087573739 0.00917930686167 0.0129164973888 0.00474448539114 0.0090204151299 -0.00424923994842 0.00306596888985 0.0266802097242 0.00329932895147 0.0188349770396 0.0175406016232 0.00822362291607 0.0250454463005 0.0163012764551 0.0500504802101 0.00511683140781 0.00329103392997 0.010987799273 0.00257426782876 0.020674704787 0.00677375341368 0.00349118617565 0.00699875209086 -0.0022510358657 0.0244455658103 0.00372546176354 0.0158329660373 -0.00164703838775 0.0203161945046 
0.0184435727011 0.019798610365 0.0154346479928 0.00960414081229 0.0271858676084 -0.000476839706863 0.0147722668729 0.0102584215883 0.00642361531181 0.00137844008445 0.0128213176626 0.0211837459762 0.0124556954128 0.00381784463187 0.00651371998101 0.00370451297922 0.0353205890916 -0.00033064005292 0.0548010491455 0.0491227378505 0.0085001217836 0.000832062228989 0.0119002119953 -0.0020597795904 0.0778946497367 0.00629502286326 0.366915539727 0.00258606824784 0.012929234639 0.0286270293821 -0.00242668920016 0.0112558883465 0.0238624145821 0.00855991599828 0.0512556785267 0.00995895249059 0.00160164814413 0.0308204668303 0.0321860721052 0.0123775381914 0.00202080354779 0.0128767575274 0.00768301108178 0.00718671961153 0.0114180165047 0.0307719925968 0.00412598205476 0.00596054087542 0.0128639100263 0.00806558594791 0.0102828625124 0.00535390259713 -0.000896067608109 -0.0013306068123 -0.00851045994134 0.0441739733174 0.0129134599679 0.0132036897513 0.0182769779357 0.0184196320283 
0.00655358110732 -0.00735803480908 0.0164763333545 0.0100503348517 0.00415941562757 0.0105805683491 0.00963986866773 0.00125051291354 0.00791719886945 0.00598397641399 0.000230751805446 0.0106840636955 0.0113497348202 0.0111803322846 0.00535643652561 0.0128655664004 0.0122459648571 0.0147318223066 0.0216580546173 0.0314228803304 0.00709664665332 0.0226181789768 0.00518658652803 0.0159963147582 0.0384636582908 0.00982813529056 0.00258606824784 0.22547266816 0.0135330348583 0.0125055628377 0.0118402157046 0.00425478166079 0.0154975407449 0.00500162306448 0.0162362605089 -0.00479356457685 -0.0236724608231 0.0160237928102 0.01355645696 0.00953709004777 0.0420439826174 0.0228932469896 0.0297623901633 0.00366875912947 0.00490683277668 -0.00102544112856 0.00116693500023 -0.0110899128372 -0.00318620129851 0.00136777668224 0.0143531114867 0.0156332509092 0.00306555270478 0.0163724790192 -0.00840568648917 -0.00637602055284 0.0134447771548 0.0103412830738 0.0115464025964 0.0455787386134 
0.0107691749634 0.000875594549546 0.0571577184219 0.029780565924 0.0524021561421 0.0136712009103 0.00355635674991 0.006266629295 0.0122557616291 -0.00386170883563 0.00859132200045 0.00477625427702 0.0211724068672 0.0131568562004 0.0204555584213 0.0208007147941 0.00237311520397 0.0202725100134 0.0353019822896 0.0171022664696 0.00124125155092 0.00609075563879 0.0127750978297 0.00629379838875 0.0238021492273 0.0335000435492 0.012929234639 0.0135330348583 0.342623896197 0.0262598565904 0.020791101608 0.00139768956974 0.0249793117601 0.0133860260015 0.0174450503642 0.030829745948 -0.00306448124837 -0.0118246137259 0.0299445487048 0.017560623487 0.043628255756 0.0162390653219 0.0267996300738 0.0292799703019 0.0164988358936 0.0275235767435 0.0056660450856 -0.032068808414 0.00819163314116 0.0110981732454 0.0463790024792 0.0123788805065 0.00694780648286 0.0154287105094 -0.0314295956546 0.0102735745927 0.0095658098531 0.0175270444817 0.0187459342878 0.0192580205809 
0.00463211880732 0.00412027158344 0.0726714807374 0.0376006882544 0.0687734919858 0.0331638181385 0.0155613888492 0.0240040855494 0.0207376492018 0.0116762971878 0.0283401859981 0.00797410732344 0.011104601728 0.0198977115104 0.0114718537737 0.0278026681765 0.0146133434618 0.0194263893067 0.0100479695846 0.0355430188607 0.0134342202378 0.0368682266584 0.00617320751753 0.000808726215242 0.00395385101632 0.0236049580144 0.0286270293821 0.0125055628377 0.0262598565904 0.325087047197 0.0258739859669 -0.000993551287053 0.0266257043562 0.0224500873649 0.0270095180627 0.0101121318232 0.00918377879431 0.00635748132541 0.0381551885451 0.00597136507394 0.012735149625 0.0121185880861 0.0427178078817 0.0147310724379 -0.00876836480445 0.0108431831505 0.0266683774368 0.0112186893495 0.00270664355006 0.0117424031289 0.0422949745469 0.0147469808644 0.0023913503819 0.0157327772965 -0.0177837104293 0.0190146528577 0.00132043161126 0.00832369265944 0.00487507758211 0.0206200300256 
0.0260204003552 0.0250137101184 0.0636823090256 0.0119658793251 0.0527906941184 0.0164377463354 0.0126069909095 0.0135267764685 0.00506154552013 0.000219888363397 0.00979106480346 -0.00366797369759 0.0204204654776 0.00601643052559 0.0103373033947 0.0270853899208 0.0199407410091 0.0614977034272 0.0260242781818 0.028543469139 0.0111786278233 0.0290125631826 0.0109398301377 0.00203818551691 -0.00970251166347 0.0186941505876 -0.00242668920016 0.0118402157046 0.020791101608 0.0258739859669 0.417871976022 -0.000398336622801 0.0138892405483 0.00321457064896 0.0264240732087 0.0325075499817 -0.00732766396147 0.0314592106023 0.0292939106913 0.00524663738707 0.0619919168803 0.0209052566906 0.0181172056957 0.0348659157319 0.0168253148108 0.0150430259901 0.0178320277257 0.0161020393985 0.0176611652228 0.00722817641067 0.0192835496611 0.00784640979245 0.00595421100776 0.0343244785701 -0.00496938649025 0.0125520839511 -0.00738082154622 0.0249127143652 0.0299807169986 0.0485048894167 
0.00177507080027 0.00866545490612 0.00370111934044 0.00168088888774 0.0109696613247 -0.00488994490567 0.00905337153383 0.00283434295236 0.00543424021419 0.00672934368673 0.00409710527963 -0.00125572726946 0.00807099098391 0.00902428347193 0.00189425513993 0.00781904990785 0.0176692004845 -0.00925393438996 -0.0059472240087 0.0227611786134 0.0150966922151 0.00580598575169 0.00942111760373 0.0139034933266 -0.00014361682834 -0.00178087573739 0.0112558883465 0.00425478166079 0.00139768956974 -0.000993551287053 -0.000398336622801 0.21765303555 -0.00248124260429 0.0139426464718 0.00851351991021 0.0237293265345 0.00640950379066 0.00268690809922 -0.0127543211354 0.0301208554127 0.00542355455593 0.00577102906487 0.0167149956654 0.01089299792 -0.00800278851384 0.0100895756498 -0.000484581046606 0.00209497578568 0.0198245723434 0.0111799405378 0.000316559075066 0.00951259566557 -0.0079229829683 0.00512883030537 -0.00307048837591 0.00470268829211 0.009241233808 0.00525016179895 0.0129797897899 0.0152448275098 
-0.00677785473222 0.00227674935606 0.0541386642557 0.00894772514382 0.00891792339195 0.0367812736414 0.00374828246994 0.0235497196062 0.0112121678009 -0.00807200256833 0.0298124244767 0.00578526623053 0.0129922270635 0.0108254518679 -0.000359071954942 0.0233033816262 0.0081541976737 0.0306044295678 0.0252602419339 0.0510511129346 0.0126277407918 0.0196826523171 0.00974213045845 0.0178665712034 -0.00156836499957 0.00917930686167 0.0238624145821 0.0154975407449 0.0249793117601 0.0266257043562 0.0138892405483 -0.00248124260429 0.349775104275 0.000510648829185 0.0159816843006 0.00717214233677 0.0536721890121 0.0310746496374 0.0101906042358 0.0396142165964 0.015470855727 0.00249395345074 0.00961971396526 0.017896780408 0.0137542801824 0.0209613182459 0.00725306317525 0.0372314689191 0.0389640828568 0.0151102266484 0.017506212486 0.00476923099661 0.00054893215654 0.0158474861634 0.00355330964544 -0.000370128896592 0.0072813394278 0.0127230630264 0.0149841133096 0.0085465298217 
0.000817205509173 0.00820860893218 0.0293804504629 0.00569744775955 0.0182737480622 0.0075394074141 0.0389029071164 0.0168799583774 0.0015042662205 0.00689237549132 0.0176218577421 0.0236824246639 0.00910148920574 0.0112076643416 0.0132651335401 0.0210537064729 0.0244048392813 0.00343452853997 0.0171494651806 -0.000841441128549 0.0282636138426 0.0132013364023 0.002923825945 0.0213338649908 0.0137549110239 0.0129164973888 0.00855991599828 0.00500162306448 0.0133860260015 0.0224500873649 0.00321457064896 0.0139426464718 0.000510648829185 0.135647096305 0.00850762892287 0.0209390529987 0.0258394989144 0.00137588938688 0.0187029748642 0.0245492461382 0.0195973774527 0.0283182842837 0.0313837382688 0.0226278682592 0.0126137980388 0.00908722747496 0.0128597797203 -0.0107482599453 0.0138130561364 0.0072111668716 0.0248136858909 0.0148764579853 0.00727676217424 0.0130283110415 0.00278159848506 0.00791885202663 0.0159430903856 0.0140202023341 0.00452319604663 0.0133457242225 
0.00889822862541 0.00831897059466 0.0266142585224 0.00521396064359 0.0103055851431 0.0111007996757 0.00688002512208 0.0123325252538 0.00827653366762 0.0250552804443 0.0390879957328 0.0130599963081 0.00663035600281 0.0133614985609 0.0150104999587 0.018874017561 0.044038006861 0.0071808061161 0.033545690747 0.0228723288539 0.0261886605834 0.0167580230133 0.0233877313168 0.00622354403769 0.0181415907884 0.00474448539114 0.0512556785267 0.0162362605089 0.0174450503642 0.0270095180627 0.0264240732087 0.00851351991021 0.0159816843006 0.00850762892287 0.297044091232 0.0100127626633 0.0123895720599 0.0274525260622 0.0277054429769 0.0249299320379 0.0232213584428 0.0186867140667 0.0283759683034 0.0184298672375 0.000243310164877 0.0329717304154 0.00776723484089 -0.00167159992555 0.0133886680865 0.00085167819649 0.0217221070558 0.00253445144512 0.0151350707616 0.00617007748678 0.00564300776114 0.0171570694313 0.00103779613629 0.0163378050942 0.00380547045551 0.0190793112564 
0.0222414436605 0.00633973859836 0.0108159845312 0.000204681405559 0.00981252216524 0.0142887444076 0.0216373502212 0.0117445926387 0.0052150355667 0.00131881189685 0.00739160972958 0.00684185221947 0.00240302119175 0.0290119163934 0.0103138823349 0.0105001453021 0.00887794037659 0.0113347314809 0.0138228894135 0.00760119911661 0.0178764004269 0.00360731445232 0.00466820299853 0.00826135678218 -0.00275754004002 0.0090204151299 0.00995895249059 -0.00479356457685 0.030829745948 0.0101121318232 0.0325075499817 0.0237293265345 0.00717214233677 0.0209390529987 0.0100127626633 0.232680818288 -0.00464640257639 0.00919224032678 0.00868625022961 0.00686289787418 0.0213057831025 0.0137708993972 0.0294885404003 0.015025981175 0.00134077932169 0.0270512639303 0.0191545391455 -0.00679181928805 0.00741953074132 0.0196807174324 0.0928673633839 0.0129815563251 0.00800986301918 0.0127255579044 -0.0046021811077 0.00739064911048 0.0225903256098 0.01137778287 0.0147663485688 0.000707692066625 
-0.00111881136954 0.00229777476451 0.0304992350126 0.0139465824739 0.0396897003471 0.06339103977 0.0324212149581 0.0201188455675 0.00860642880648 0.00582804999114 0.00300322109047 0.00263479270863 0.0166114943359 0.0180913089999 0.000365983910734 0.0344677685168 0.00787155876452 0.011779619819 0.0117465764633 0.0067941394452 0.0228186814747 0.00987044033915 0.00962336795988 -0.000563829256999 0.00986140272499 -0.00424923994842 0.00160164814413 -0.0236724608231 -0.00306448124837 0.00918377879431 -0.00732766396147 0.00640950379066 0.0536721890121 0.0258394989144 0.0123895720599 -0.00464640257639 0.501482641198 0.0164574046869 0.00611800847639 0.0346184849548 -0.00366134114495 0.0116125159832 0.00981851668181 0.0184241885274 0.0462501442575 0.0222531524627 0.0133766849535 -0.00134790173011 0.0348267635741 0.0103885685673 0.0347979668725 0.00789051331013 -0.00527704704489 0.0105018844083 -0.0163822908657 0.00890176939627 -0.00437427497506 0.063005939514 0.0146029316136 0.0192487780816 
0.0106787963557 0.0393244865657 0.0310613371124 -0.0113272983794 0.00540937081803 0.0142050116438 0.00666075892007 0.00844000143268 0.00152308228323 -0.00366887386355 0.0404863363889 0.00463373409129 -0.0175248821402 0.00652307950248 0.0193490169297 0.0169874627542 0.0342518154896 0.00125338094418 0.008887524548 0.0520007600061 0.0175685512944 0.0125236490234 -0.0023386576069 0.0165473133106 0.00258722026184 0.00306596888985 0.0308204668303 0.0160237928102 -0.0118246137259 0.00635748132541 0.0314592106023 0.00268690809922 0.0310746496374 0.00137588938688 0.0274525260622 0.00919224032678 0.0164574046869 0.824384436219 0.0261404520387 0.0103477518385 0.0177081382721 0.0261954249739 0.0175298023163 0.0110389441362 0.0198779718261 0.002840693736 0.0214688691795 0.0136677154098 -0.0271820956718 -0.00417189565465 0.00690988456251 -0.00420571184306 0.0209784805986 0.0239266618174 0.0117563951897 0.00917827018556 0.00382680938714 -0.00371278957595 0.0642205962528 0.0202222053713 
0.0307929163058 0.00583457334261 0.054817345213 0.0140206585255 0.0759887834237 0.0210806732625 0.0166496385008 0.0060211527981 0.00839494960984 0.0320037239713 0.0249015721678 -0.0117996471853 0.019236898243 0.0165843492391 0.0242272548526 0.066113146863 0.0236217208227 0.0312105007361 0.0594261459992 0.0359595126047 0.0126614933791 0.0394376070077 0.0151981903768 -0.000342951095215 -0.00869200487643 0.0266802097242 0.0321860721052 0.01355645696 0.0299445487048 0.0381551885451 0.0292939106913 -0.0127543211354 0.0101906042358 0.0187029748642 0.0277054429769 0.00868625022961 0.00611800847639 0.0261404520387 0.283566222514 0.013421467267 0.0160902317861 0.0144778211942 0.0329249318384 0.0281830016684 -0.000457636909945 0.0248798095631 0.0347035290405 0.0135626327999 0.00661700695568 0.0191603106732 0.0499511554487 0.0129905995004 0.013244153105 0.0130924285927 0.0122585912156 0.0244266539042 0.00915338856046 0.00819161527427 -0.00687471048655 0.0482149598764 
