20
0.0743289823458 0.208286894217 0.103194060275 0.0210054402465 0.0363496030559 0.0246636786654 0.0722101641432 0.200970993098 0.22311845274 0.0559384191954 0.0251604878384 0.0418020448473 0.0589662330248 0.0442230302855 0.0690593134036 0.0479675113811 0.0163484450471 0.0335346879574 0.045759308444 0.0265727047954 
0.326872658372 0.0516516089351 0.0490377816782 0.00292206603037 0.0450813619222 0.0282503661998 0.0575320900798 0.0234648401287 0.094940228432 0.0403814156912 0.0526388387599 0.0470141671527 0.0497927667647 0.0714904198831 0.030143803318 0.0469264730114 0.031707872014 0.0141356115325 0.039233688176 0.0361406823566 
0.0516516089351 1.33969907329 0.00572687462634 -0.000195671367838 0.0137380950315 0.0318268107583 0.0236128252232 0.00520715186585 0.0370193363864 0.0222123117797 0.0329980243527 0.0134044571079 0.0136993087567 0.0210021032465 0.0267578121131 0.0132554492031 0.011975510638 0.00182762696007 -0.00756860491383 0.0177307470436 
0.0490377816782 0.00572687462634 0.58197383287 0.00240064925837 0.0331854635022 0.011660508829 0.053543960507 0.00500923198976 0.0535915992694 0.0205563779534 0.0270390848238 0.0558142945474 0.0347649164918 0.0547529342618 0.0207606439034 0.0437271823346 0.0210521308799 0.0191471759948 0.0355713673746 0.00461836335678 
0.00292206603037 -0.000195671367838 0.00240064925837 0.138410579119 0.0177885787857 0.00909988292519 0.00290791466587 0.000567282911106 -0.00671530745718 0.0101094178787 0.0188492711632 0.00518957713366 -0.000299940477343 0.0131286565778 0.00948317435105 0.0129499517946 0.00878176210848 0.0130413835749 0.00702755908829 0.0039776047649 
0.0450813619222 0.0137380950315 0.0331854635022 0.0177885787857 0.31843376992 0.0120008446724 0.0149867957394 0.0257429491357 0.00455369710877 0.0144273093517 0.021987508075 0.0120404056588 0.0229701349126 0.0169586765886 0.012180013158 0.0342686525779 0.00840865023622 0.025048421324 0.00888574676107 0.0186673698536 
0.0282503661998 0.0318268107583 0.011660508829 0.00909988292519 0.0120008446724 0.139180535416 0.0206666406516 0.01301708294 0.00810132943683 0.0119392470634 0.0259296077909 0.0181895592865 0.00435327545497 0.0249942834911 0.0190834507591 0.00964023399733 0.0139267011777 0.023230860265 0.0125738331467 0.0241428683379 
0.0575320900798 0.0236128252232 0.053543960507 0.00290791466587 0.0149867957394 0.0206666406516 0.341696609969 0.025821880011 0.0519727298897 0.0253780312404 0.00948123107552 0.0379705085411 0.0179735130448 0.0311548409209 0.0300161521386 0.018703329232 0.0195034446079 0.00526516850843 0.0232534895663 0.0436579885599 
0.0234648401287 0.00520715186585 0.00500923198976 0.000567282911106 0.0257429491357 0.01301708294 0.025821880011 0.931498145529 0.0206576482701 0.0281010570199 0.0122676078441 0.0192584697365 0.0139514322435 0.0107715553343 -0.0177024093586 0.0310008953999 0.0165656592043 0.0254090592332 -0.00139701750595 0.0122390939506 
0.094940228432 0.0370193363864 0.0535915992694 -0.00671530745718 0.00455369710877 0.00810132943683 0.0519727298897 0.0206576482701 0.92267463531 0.0254528831648 0.0154014760136 0.0185314657434 0.00763962504856 0.0403717697903 0.029620638491 0.0236954749884 0.0237616956618 0.0113406785036 0.0255545614564 0.014665886952 
0.0403814156912 0.0222123117797 0.0205563779534 0.0101094178787 0.0144273093517 0.0119392470634 0.0253780312404 0.0281010570199 0.0254528831648 0.243292743507 0.0137428764544 0.0261524090752 0.0345509465023 0.0235290314005 0.0185849902256 0.0292568902234 0.0112846857989 0.0128645590695 0.0087690046834 0.0046314245698 
0.0526388387599 0.0329980243527 0.0270390848238 0.0188492711632 0.021987508075 0.0259296077909 0.00948123107552 0.0122676078441 0.0154014760136 0.0137428764544 0.18113409284 0.0199981636534 0.0244879267758 0.0211689914816 0.0178026309153 0.0157293507654 0.0192276945924 0.0138408484235 0.0156699553842 0.0192118480155 
0.0470141671527 0.0134044571079 0.0558142945474 0.00518957713366 0.0120404056588 0.0181895592865 0.0379705085411 0.0192584697365 0.0185314657434 0.0261524090752 0.0199981636534 0.263847862511 0.0245417695153 0.0409936213457 0.027709695042 0.0459237487636 0.0229565618146 0.0150351263086 0.0282323423594 0.0222988971643 
0.0497927667647 0.0136993087567 0.0347649164918 -0.000299940477343 0.0229701349126 0.00435327545497 0.0179735130448 0.0139514322435 0.00763962504856 0.0345509465023 0.0244879267758 0.0245417695153 0.407138909586 0.0293488428974 0.0231925808878 0.015450418813 0.00496762041827 0.00163264772864 -0.00125780462507 0.00973500726469 
0.0714904198831 0.0210021032465 0.0547529342618 0.0131286565778 0.0169586765886 0.0249942834911 0.0311548409209 0.0107715553343 0.0403717697903 0.0235290314005 0.0211689914816 0.0409936213457 0.0293488428974 0.209026381152 0.0255407247886 0.0236410618783 0.029901424177 0.0171803691288 0.030047022863 0.0259291099146 
0.030143803318 0.0267578121131 0.0207606439034 0.00948317435105 0.012180013158 0.0190834507591 0.0300161521386 -0.0177024093586 0.029620638491 0.0185849902256 0.0178026309153 0.027709695042 0.0231925808878 0.0255407247886 0.43430850596 0.0246239626573 0.0193727529526 0.011124729822 0.0228397290676 0.0330468519741 
0.0469264730114 0.0132554492031 0.0437271823346 0.0129499517946 0.0342686525779 0.00964023399733 0.018703329232 0.0310008953999 0.0236954749884 0.0292568902234 0.0157293507654 0.0459237487636 0.015450418813 0.0236410618783 0.0246239626573 0.347574546607 0.0264053250254 0.00299047174556 0.0273047407519 0.0210736804271 
0.031707872014 0.011975510638 0.0210521308799 0.00878176210848 0.00840865023622 0.0139267011777 0.0195034446079 0.0165656592043 0.0237616956618 0.0112846857989 0.0192276945924 0.0229565618146 0.00496762041827 0.029901424177 0.0193727529526 0.0264053250254 0.216107693873 0.0199840330116 0.0375165191972 0.0145642843427 
0.0141356115325 0.00182762696007 0.0191471759948 0.0130413835749 0.025048421324 0.023230860265 0.00526516850843 0.0254090592332 0.0113406785036 0.0128645590695 0.0138408484235 0.0150351263086 0.00163264772864 0.0171803691288 0.011124729822 0.00299047174556 0.0199840330116 0.244680207075 0.0149843166501 0.010882614213 
0.039233688176 -0.00756860491383 0.0355713673746 0.00702755908829 0.00888574676107 0.0125738331467 0.0232534895663 -0.00139701750595 0.0255545614564 0.0087690046834 0.0156699553842 0.0282323423594 -0.00125780462507 0.030047022863 0.0228397290676 0.0273047407519 0.0375165191972 0.0149843166501 0.24598503302 0.0188759867021 
0.0361406823566 0.0177307470436 0.00461836335678 0.0039776047649 0.0186673698536 0.0241428683379 0.0436579885599 0.0122390939506 0.014665886952 0.0046314245698 0.0192118480155 0.0222988971643 0.00973500726469 0.0259291099146 0.0330468519741 0.0210736804271 0.0145642843427 0.010882614213 0.0188759867021 0.215555002106 

['LEH', 'OMX', 'VMC', 'PEP', 'SGP', 'TMK', 'CSX', 'GM', 'AMD', 'TMO', 'WFC', 'GWW', 'VFC', 'DHR', 'AOC', 'SWK', 'TE', 'BAX', 'XOM', 'SAFC']