60
0.0125275076286 0.0707348977441 0.0270000307956 0.0692922129373 0.0613427887106 0.0874158444094 0.0852779749864 0.0353360638732 0.0266110290159 0.0470472683343 0.0787213758152 0.015652967587 0.0128714932266 0.275379497042 0.0330111524363 0.067654701563 0.0752984700253 0.0698927007 0.149246593495 0.0766147585819 0.13159191543 0.0251604878384 0.018453974145 0.0297343435849 0.0054327763703 0.0690593134036 0.0484031048171 0.251790956204 0.0248078828137 0.0347696809731 0.0997806882374 0.0534443631468 0.080285366307 0.0594687244428 0.0255776045185 0.039970875035 0.133882810383 0.07971303899 0.15397042743 0.0163484450471 0.0424048973372 0.0793031051092 0.029419367 0.0820701074714 0.0285995604788 0.0549811443135 0.22311845274 0.0654803135324 0.0597094198611 0.0439476996979 0.0782010317916 0.0384738749472 0.0256056876134 0.0335830315084 0.00873698993333 0.0486664598358 0.0459594094694 0.0395396308246 0.0271794955288 0.0357111585815 
0.292542826335 0.0134752957879 0.0185299612517 0.0192720866075 0.00786890784681 0.00380675338657 0.00962373017418 -0.00159112187412 0.0110261100214 0.0203027464848 0.0181762450373 0.0121359188341 0.0205681779981 -0.00722412253528 0.0273944277916 0.0131794191393 0.00904001049234 0.00878059728316 0.0107964632584 0.0134395959799 0.0214928732208 0.015078746882 -0.00365110725676 0.0159805178675 0.00095335037072 0.0080289002932 0.00837671457357 0.0150380140165 0.0049498461035 0.00566069657579 0.0149329492787 0.00449166281417 0.0210079523045 -0.00472265967472 0.01507235779 0.00492923577032 0.0097736661975 0.0269909951687 0.0288284431719 0.00957085443565 0.0123112279777 0.0259046751376 0.00360766628349 0.019589862322 0.0407452625475 0.0324132928047 0.00350912669225 0.0192475062297 -0.00450174620021 -0.0115672613969 0.0221354562426 -0.000722682506757 0.0122053922807 0.0227899141124 0.0151077483547 0.0119144494924 0.0439811402831 0.0219635851186 0.00408689356996 0.0288437269663 
0.0134752957879 0.293493965917 0.000279355872216 0.0273545889203 0.0101474489123 0.00175709992549 0.0106465247371 0.010818779162 0.0124276900659 0.00920843676402 0.00303944705071 0.00643049675779 0.0146387446321 -0.0189452481333 0.0133430765913 0.00973188907487 0.0148657394905 0.00422705444937 0.0226776267269 0.0158586442461 0.00403118439869 0.0238818285517 -0.00668427925747 0.00881177410065 0.00976450664624 0.00845770408148 0.00120794762354 0.0577837010552 -0.00145022246441 -0.000838851543817 0.036249866415 0.0276722559169 0.00120744895501 0.0055191433465 0.00756255176233 0.0216442706777 -0.00145131102814 -0.00314964571449 0.0191036662511 0.0107635269908 -0.0271332237492 0.0231007122327 0.0103124431778 -0.0108450122244 0.0114100135348 0.0264141526337 0.00249585977471 0.00395855767951 -0.0169970647704 0.00206287316171 0.0106209819697 0.0193389313244 -8.70542140732e-05 0.023017603799 0.0203888276116 0.00425905837647 0.0164475611289 -0.00294427985279 0.0019707583512 0.0134222630212 
0.0185299612517 0.000279355872218 0.213796824017 0.023477914462 0.00219700787843 0.00922803110802 0.0183146115271 0.0103916465408 -0.000636964090566 0.0206268714548 0.0181685988274 0.0208001498345 0.00023817592856 -0.0160254473829 0.0293382516654 0.004571033983 0.0312733192775 0.0154918011055 0.0205817409236 0.0169701790192 0.0284316238524 0.0143953189138 0.0110127538277 0.011301900785 0.0142113525271 0.0208194700356 0.0210548330542 0.0274423195862 0.0179692727055 0.0180899594137 0.00528645542222 0.0191298168946 0.0143824089252 0.0199617160625 0.00849940853436 0.0294843127147 0.0231454174875 0.019386126379 0.0202235766428 0.00183440102091 0.0200661131177 0.0315261099763 0.0170424907266 0.0259381330196 0.0195678611018 0.0175168754559 0.0210006298209 0.019957888395 0.0202198403167 0.00995087033261 0.0121835378013 0.0165013616864 0.017962567397 0.0146943183094 0.0104262090539 0.0177631071114 0.0117746271629 0.015331496682 0.0201933350917 0.00330775714494 
0.0192720866075 0.0273545889203 0.023477914462 0.37920299901 0.0305631833784 0.0233781882424 0.00516384153727 0.0412261872877 0.0222100398123 0.0138235036738 0.0132007132967 0.0314178755581 0.0142752220907 -0.0114121579173 0.0213795988692 0.00302786927135 0.0356943566025 0.0395534005445 0.0163401739394 0.046222754202 0.0425219762412 0.00912364789842 0.0172863879668 0.00719140509186 0.0243282268561 0.00615803183201 0.043887363075 0.0371379858707 0.0198199270634 0.0299495333362 0.0348048861191 0.0261733213136 0.0693809980919 0.0358992276305 0.01912482652 0.0448942756982 0.0220210479048 0.0174876072246 0.0110117231707 0.0121809489729 0.00774622106066 0.0191555419854 0.00720844917454 0.0140686801909 0.0023174671345 0.021743043245 0.0729986643355 0.0277299352595 0.0221481103977 0.00961601085293 0.0434273460708 0.00564013282813 0.0157688260024 0.0923554043322 0.0118890928784 0.00505819389927 0.015799461391 0.00508741080306 0.000705062322943 0.00967834855707 
0.00786890784681 0.0101474489123 0.00219700787843 0.0305631833784 0.272522329808 0.0103398925354 0.0304357524529 0.0151269563371 0.0131106395987 0.00712301794733 0.0071479363159 0.00182651138937 0.00586963953792 -0.00813829151866 0.006151171834 0.0284392415008 0.0016952672231 0.00169179810745 0.0256006344504 0.0170982390749 0.0123248290066 0.00600387471848 0.00499116571878 0.0117087687361 0.00913407586151 0.00568053517289 0.0113160159557 0.0122214789559 0.0192865948355 0.0142465154211 0.00499361065252 0.00869362926638 0.0133012902779 0.00647729955026 0.00661497095429 0.0114431199723 0.00354899561178 0.00272897575173 0.0214606808333 0.0221485356574 0.0158196064759 0.00352209021761 0.0143513775259 0.00264661138976 -0.0126640026024 0.0138731602278 -0.000751408557095 -0.000204636801269 0.00377347103301 0.0101123939242 0.0179833352736 0.0123910389478 0.00192200917976 0.0143838972046 0.012430281814 0.0133299851357 0.0162588993262 -0.0108684509384 0.00723124334379 0.00133160278746 
0.00380675338657 0.00175709992549 0.00922803110802 0.0233781882424 0.0103398925354 0.541890022456 0.0273316774074 0.0538164835772 0.00837549257105 0.013783430035 -0.00744306434848 0.0119640707499 0.00821038228126 -0.00769279872278 0.00324277387211 0.0224134175932 0.0203836613011 -0.0021706353374 0.00325148748029 0.00880487425729 0.0278057580063 0.00660196141669 -0.00259950484051 0.00465307959522 -0.00895149750891 -0.00223133726003 0.00305400125285 0.00733880915799 0.0111799969609 0.0108441984906 -0.00134555445912 0.0139781270965 0.0137048332557 0.00657458406384 0.00474848900951 0.0120214318068 0.0643462548312 -0.00628139037868 -0.0101326638153 0.0156229298975 -0.0056134734683 -0.011962487255 0.00492134232383 0.0190256010761 0.00176731787561 0.0194471626774 0.11307746543 0.0377823012024 0.000635990687676 0.0380612944782 0.0477768153317 0.00479050029841 0.0096944509719 0.0342485978223 0.00415952221628 0.00155096318379 0.00623209572202 0.00487258047219 0.00975246968081 0.0181771845248 
0.00962373017418 0.0106465247371 0.0183146115271 0.00516384153727 0.0304357524529 0.0273316774074 0.377046907895 0.014810373849 0.0127200839825 0.0219055121596 0.014460292517 0.0279677201558 0.00802907498311 0.00581822764508 0.0406277438261 0.00331394830572 0.00642439502644 0.0211612749514 0.0243520180636 -0.00685506199272 0.00959528227043 0.015436479919 0.01291757346 0.0202969242765 0.0129524525265 0.0169672002454 0.0203233414067 0.00999674210372 0.00745995899868 0.0259434407878 0.0127444768826 0.0311128457951 0.0356466163718 -0.00407097613381 0.018592307458 0.0185450299382 -0.00167651555774 0.127700617644 -0.00536080606566 0.0263460815616 0.0167090240752 0.0333244854594 0.0147754905343 0.0241081120468 0.0291551446799 0.00902909907535 0.00479957860475 0.0224550685069 0.00819678373914 0.0264103261269 0.00594537532914 0.0346999115194 0.0138071290522 -0.00938097294531 0.00330494712804 0.00626249639815 0.0233038776846 0.0211566770894 0.0145697721513 0.0467456913637 
-0.00159112187412 0.010818779162 0.0103916465408 0.0412261872877 0.0151269563371 0.0538164835772 0.014810373849 0.301964125716 0.0273396399881 0.0129779338918 -0.00124533399771 0.0146075822056 -0.00283449350143 0.0159309505945 0.0287663886335 0.0105324348859 0.00385447573088 -0.00296300647171 0.0120251790017 0.0438430809981 0.00598032672008 -0.00699007644226 0.00986162348014 0.00234044895132 0.00977345213129 0.0168172597105 0.00233894092385 0.0101577427771 0.00415365830879 0.0125703671268 0.0095414505997 0.0143965706148 0.0156422907773 0.024401117309 0.0107021130605 0.00656559496033 0.000876694264804 -0.00176732726164 0.0108952444393 0.0236690171655 -0.00199119801589 0.0133750537096 0.012170675591 0.0150796263652 0.017228859783 0.0044087345156 0.0437739257947 0.00698933802663 0.00744698926863 0.0184374818739 0.0454284181588 -0.00213247671522 -0.00190177805926 0.0175402197978 0.0124444076464 0.0144166385717 0.00888969186879 0.0168438295739 0.0120723983411 0.0151397500911 
0.0110261100214 0.0124276900659 -0.000636964090565 0.0222100398123 0.0131106395987 0.00837549257105 0.0127200839825 0.0273396399881 0.275896395135 0.00690097831389 0.030499857129 0.00145696380489 0.0160943126789 0.010754703316 0.0232336253203 0.0145696021177 -0.00377222309626 -0.0168320731928 0.0310381474925 0.0542258684688 0.0330792455479 0.0237184444425 0.0153187104645 0.00356413931696 0.00951022088452 0.0218248937062 0.0125363408883 -0.00712237049997 0.012073724226 0.0212918928325 0.0191898505348 0.0122717930261 0.0307793038834 0.0138625118795 -0.00387006435544 -0.00218397881155 -0.00845289497829 0.0245756234804 0.00465147673615 0.0144017475991 0.017499152709 0.0136498145571 0.0170804532498 0.00587997368454 0.0144498378096 0.00750391858313 0.00687661769901 0.0159483953954 0.0282342194015 0.0114308473814 0.0193055335945 0.0223555974292 0.0041804670409 0.00926289959467 0.0102662026001 -0.0159391279274 -0.00451233899293 0.013679724212 0.0148491589973 0.0172333409526 
0.0203027464848 0.00920843676402 0.0206268714548 0.0138235036738 0.00712301794733 0.013783430035 0.0219055121596 0.0129779338918 0.00690097831389 0.205017054378 0.0108150819872 0.0127432039859 0.00748862075272 -0.00715544509623 0.0121664489894 0.016849918645 0.00857753217747 0.0230592024086 0.0144502672522 0.00703948715576 0.0183190207904 0.0220924350658 0.0121346642531 0.0111467990031 0.012095096685 0.00650409663952 0.0234179511141 0.0268324140067 0.00948278049613 -0.000995088161001 0.0205572671496 0.010233869311 0.0215390662447 0.00180871443162 0.02252863564 0.0228268121565 0.0175750849939 0.0161630813855 0.0107419138539 0.027987451904 0.00978098205932 0.0312856776706 0.0229023802054 0.0141536143755 0.0144986979474 0.0212523888646 0.0161816046038 0.0256765609869 0.0218748568055 0.00650157605323 0.0195758456231 0.0163851775803 0.0119756302793 0.00426776275899 0.020923706257 0.00815993168578 0.0258228913431 0.0129599549414 0.00850557168382 0.0198373657085 
0.0181762450373 0.00303944705071 0.0181685988274 0.0132007132967 0.0071479363159 -0.00744306434848 0.014460292517 -0.00124533399771 0.030499857129 0.0108150819872 0.320666050426 0.00121291833784 0.00337081704692 -0.00597910502827 -0.00084039640756 0.0117601145496 0.023692141488 0.0175788060123 0.132985962148 0.0109701734608 0.131230972954 0.00287860399179 -0.00649231057716 0.0010443191916 0.00399985829879 0.0258758702749 0.0340025172275 0.0229859607925 0.0185640913306 0.0142664413938 -0.0138443116801 0.0235580940057 0.0135718287603 0.00337326026534 0.010058647468 0.00836994697662 0.0854764887135 0.0190413706562 0.12434938393 0.0300986451 0.00278176159691 -0.00971185096172 0.0340059738606 0.00381758844228 0.00977795824371 0.00427498411886 0.00502518439998 0.00922046309403 -0.00107562760554 -0.0051691160227 0.0166029756334 0.00921814887754 0.0147821438285 -0.0119334028407 0.00233042398857 0.0147220558625 -0.00850806822228 -0.00476009145421 0.0089907717765 0.0118299486962 
0.0121359188341 0.00643049675779 0.0208001498345 0.0314178755581 0.00182651138937 0.0119640707499 0.0279677201558 0.0146075822056 0.00145696380489 0.0127432039859 0.00121291833784 0.216784617356 -0.00822193811178 -0.00953749276805 0.01677737139 0.0024661071249 0.0168706176495 0.0123758645059 0.010772118225 0.0218957014116 0.0085346023294 0.015616563847 0.0106645677998 0.00363899292828 0.01460758272 0.0143174300449 0.0311086313285 -0.00277665157423 0.0145922219784 0.015319025008 0.00759928980172 0.00879641751036 0.0358378976801 0.0408620390255 0.0188649908978 0.0209357689756 0.0219912642431 0.0280223265853 0.0119030633013 0.0132179728154 -0.00974055460436 0.0235459749023 -0.00292747029966 0.00297844358016 0.0279043592589 -0.00103109911451 0.0392436516645 0.0282310126666 0.00824052415497 0.00445633251812 0.0193772114994 0.00768043311629 0.0112652180221 0.005470594966 0.0127756056255 -0.00206439697919 0.0107281169965 0.0403200723963 0.0199957211015 0.0324115367767 
0.0205681779981 0.0146387446321 0.000238175928559 0.0142752220907 0.00586963953792 0.00821038228126 0.00802907498311 -0.00283449350143 0.0160943126789 0.00748862075272 0.00337081704692 -0.00822193811178 0.209904657927 0.0023416898882 0.0229772247119 0.00765566893343 0.0685925020605 0.00251564183557 -2.8383819316e-05 0.0085875572294 0.00839036309604 0.01232214355 0.0225685300661 -0.00570454464196 0.00854134561786 0.00208897872826 -0.0074446024082 -0.00100185870932 0.0103183547212 0.00660636108346 0.0229225380995 -0.00122291345795 -0.0074805220675 -0.011695578531 -0.0009371128734 -0.00368164997794 0.00305471686631 0.008692477809 -0.00559059139927 0.00846599802844 0.0176843869154 0.0101129741597 -0.00761055138265 0.00984324659185 0.0103539021527 -0.00963779254978 -0.00303444806522 0.000623651163203 0.00882819626032 0.00199801592289 0.00867851340104 -0.00676206476007 0.0204314197188 0.00481954290256 0.01142303193 0.00511041526304 -0.00785546112612 -0.00824524933435 0.0125879091574 -0.000579632381473 
-0.00722412253528 -0.0189452481333 -0.0160254473829 -0.0114121579173 -0.00813829151866 -0.00769279872278 0.00581822764508 0.0159309505945 0.010754703316 -0.00715544509623 -0.00597910502827 -0.00953749276805 0.0023416898882 4.09322203929 -0.0268167340438 -0.0185815584344 0.0927393184673 -0.0141313747549 -0.0234178315453 -0.00780086504594 -0.0207375866605 0.0137097518785 0.00154269871858 -0.000876351042534 -0.00736608074797 -0.0098898751978 -0.00167834779847 -0.0246862905141 -0.0489544585108 -0.018363382052 0.0360930502352 -0.00764280490788 -0.00803610370866 0.00356658585775 -0.00914614706295 -0.0167361015703 -0.0155815371025 -0.00282418218784 -0.0156127408341 0.0138105798051 -0.0041943496897 0.00739839729717 0.00394109794395 -0.0347984722095 -0.00575019087721 0.00259750827896 -0.00966158352387 0.00845268145323 -0.0140988646628 -0.00683295322291 -0.0124851996146 0.0117960343736 0.000169406052523 -0.00881243936634 -0.00191748504824 -0.00855592857445 -0.00161276406315 -0.00606996892947 0.00619825065196 -0.0281325363258 
0.0273944277916 0.0133430765913 0.0293382516654 0.0213795988692 0.006151171834 0.00324277387211 0.0406277438261 0.0287663886335 0.0232336253203 0.0121664489894 -0.00084039640756 0.01677737139 0.0229772247119 -0.0268167340438 0.305146870725 0.0178482339399 0.00839182667803 0.0340943811608 0.027339356788 0.0299093315169 0.00111753042332 0.0238805403325 0.00521678423777 -0.00671078114339 0.00606369916067 0.0235985845727 0.0280154114337 0.00584497245993 0.0128619621213 0.0122772813734 0.0272970020551 0.0251872840428 0.0147011540773 0.0190199396788 0.015804375027 0.0187928096399 0.0105674973214 0.0148714840979 0.0231328054373 0.0143370049347 0.00285422572996 0.0187921645892 0.0140074576614 0.0495721884326 0.0240767873894 0.0163968580746 0.0295728637608 0.0371867728495 0.0289328183113 0.020077128917 0.00645278041411 0.023571259298 0.00827531245038 0.025703243855 0.0163720648372 0.028733456731 0.0209295207405 0.0203501120158 0.0197800030301 0.0408651842806 
0.0131794191393 0.00973188907487 0.004571033983 0.00302786927135 0.0284392415008 0.0224134175932 0.00331394830572 0.0105324348859 0.0145696021177 0.016849918645 0.0117601145496 0.0024661071249 0.00765566893343 -0.0185815584344 0.0178482339399 0.371410349085 0.019891067645 0.0112720368794 0.0159990823617 0.00834508990469 -0.0125898599812 0.0194996388563 0.0165247366816 0.00559980448247 -0.0028943836819 -0.00827472688941 0.00530654934769 0.0169395436287 0.00837405674163 -0.0118880472088 0.0179190999661 0.00519868460137 -0.00658832349494 0.0159051430088 0.000243223501929 0.00172196929238 -0.0124511362186 0.014673951028 0.0261996341666 0.0196423079243 -0.000410339900063 0.0122168651939 0.0264591663124 0.00339192695316 0.0231771717437 0.00310765354279 0.000429171177466 0.00240130878273 0.017045957835 0.000103223887184 0.0845131613432 -0.00498095419095 0.00632198320963 0.00318910198774 0.0152513091399 0.0161087115292 0.0115862102242 -0.00872680105662 0.0342142557918 0.00411326710498 
0.00904001049234 0.0148657394905 0.0312733192775 0.0356943566025 0.0016952672231 0.0203836613011 0.00642439502644 0.00385447573088 -0.00377222309626 0.00857753217747 0.023692141488 0.0168706176495 0.0685925020605 0.0927393184673 0.00839182667803 0.019891067645 0.473788095083 0.0288970523551 0.016068008538 0.0199297804701 0.0307793952235 0.0205320493477 0.0133450625486 0.00384903307215 0.0204020605214 0.0266143022375 0.0337547259142 0.0169098099533 0.00640089390664 0.0171083544201 0.0278229233533 0.032928912817 0.022474086378 0.00201687513121 0.0184098833855 0.0191663249577 0.0132828980626 0.0056669877179 0.0295066454729 0.0193225311108 0.0275509198658 0.0485649465925 -0.00212436914723 0.0183106546546 0.0152580114386 0.0186908227723 0.0288689788152 0.0405317637991 0.0169434829599 0.0159120070365 0.0234936438398 0.00388196411318 0.0265528277487 0.0132052091685 0.0120120252783 0.0217811834012 0.0468959980018 0.0193885665341 0.0126300047704 0.016109274943 
0.00878059728316 0.00422705444937 0.0154918011055 0.0395534005445 0.00169179810745 -0.0021706353374 0.0211612749514 -0.00296300647171 -0.0168320731928 0.0230592024086 0.0175788060123 0.0123758645059 0.00251564183557 -0.0141313747549 0.0340943811608 0.0112720368794 0.0288970523551 0.439173637801 0.00591181555812 0.0302845204753 0.0133709164052 0.0203228594609 0.00633092470792 0.0131720241197 0.0120677946368 0.0180064449639 0.0150657764207 -0.00702583028456 0.00198798975149 0.0654954427776 0.0289254650933 0.0508689047848 0.02666869298 0.0330870778358 0.00683117939861 0.0130534481498 0.0422751983353 0.0336481066927 0.0267467159839 0.00630743088397 0.00300169702922 0.0253020866233 0.00961714597142 0.0400940014095 0.0154637451938 0.00741597762358 0.0429416887371 0.0398828652538 0.0212741582807 0.0160616845633 0.0287528034155 0.0196756009739 0.0088794532342 0.0256740776855 0.0177469626743 0.00441803211251 0.0255715312488 0.0203828414552 0.0155867415404 0.0284848577226 
0.0107964632584 0.0226776267269 0.0205817409236 0.0163401739394 0.0256006344504 0.00325148748029 0.0243520180636 0.0120251790017 0.0310381474925 0.0144502672522 0.132985962148 0.010772118225 -2.83838193158e-05 -0.0234178315453 0.027339356788 0.0159990823617 0.016068008538 0.00591181555812 0.522090111371 0.0279651716313 0.164415329405 -0.00377165142088 0.0221523861744 0.00144098747357 0.00344837316181 0.0152766895122 0.0366470472071 0.00413511534289 0.0177335181918 0.0254274165468 -0.000773737949446 0.0388725389226 0.0162273703077 0.0183862519734 0.00876258386395 0.0209979104374 0.130191971157 0.0121241000703 0.139753483514 0.0434736456451 0.0150286144904 -0.00897750022489 0.028861552722 0.0157136758039 -0.00277177841697 0.0100705603714 0.0466283975467 0.00367422130976 -0.00107807370952 0.0091594030216 0.0392656073303 0.032492145539 0.00179267177459 -0.00423963366041 0.00411017994403 0.0160650319528 0.0222895025605 -0.0131852665486 0.00526114023695 0.000290651902156 
0.0134395959799 0.0158586442461 0.0169701790192 0.046222754202 0.0170982390749 0.00880487425729 -0.00685506199272 0.0438430809981 0.0542258684688 0.00703948715576 0.0109701734608 0.0218957014116 0.0085875572294 -0.00780086504594 0.0299093315169 0.00834508990469 0.0199297804701 0.0302845204753 0.0279651716313 0.466993794294 0.0552738906249 0.0139578363844 0.016067400578 -0.00148925789008 0.015222537001 0.0311684533719 0.0212248614164 0.0568352551189 0.0249017432971 0.0299247737907 0.0392273197473 0.0349463928699 0.0020878788228 0.00322104453128 -0.00924648335509 0.0195529269102 0.00858982288489 0.0111717487556 0.00651334981276 0.00319754076539 -0.00472618801278 0.0444691413254 -0.00324440401186 0.0241923176503 0.0204650865679 0.00699152087095 0.0724773675189 0.0616723947788 0.0234498266478 0.0202500980726 0.0374968899717 0.00434664752062 0.00742536562142 0.0634291320606 0.00480864774061 0.0156965082144 0.0183327110536 0.0197621470341 0.0212513806789 0.0339913751921 
0.0214928732208 0.00403118439869 0.0284316238524 0.0425219762412 0.0123248290066 0.0278057580063 0.00959528227043 0.00598032672008 0.0330792455479 0.0183190207904 0.131230972954 0.0085346023294 0.00839036309604 -0.0207375866605 0.00111753042332 -0.0125898599812 0.0307793952235 0.0133709164052 0.164415329405 0.0552738906249 0.460207893315 0.00526967185153 0.0154074176675 0.0260028662093 0.00482832812315 0.0410300865479 0.0305120497603 0.0178524116489 0.0187714181019 0.0193970483226 0.0352471757309 0.0196640060118 0.021688039884 0.0258011950573 0.00216995201473 0.0215127638216 0.175732149796 0.0164611909352 0.157668481932 0.0339529151485 0.00198852064843 0.00982080427045 0.0158424093608 0.032816947225 -0.00145578793984 0.00604218200944 0.0710035041015 0.0306169602649 0.0191150468828 0.0172600919512 0.025540763409 0.0223880141208 0.0011465591604 0.0192818842161 0.0113591009024 0.00410971381587 0.0179101833576 0.00944440804632 -0.000552660846793 0.00696230740271 
0.015078746882 0.0238818285517 0.0143953189138 0.00912364789842 0.00600387471848 0.00660196141669 0.015436479919 -0.00699007644226 0.0237184444425 0.0220924350658 0.00287860399179 0.015616563847 0.01232214355 0.0137097518785 0.0238805403325 0.0194996388563 0.0205320493477 0.0203228594609 -0.00377165142088 0.0139578363844 0.00526967185153 0.173341350173 0.00800868927271 0.0104996396386 0.0149225064123 0.0169973679961 0.0148525130079 0.000793867880608 0.0160386762428 0.0100216682862 0.0130148582294 0.00947152642638 0.0118897022347 0.00700733067946 0.017771100298 0.0165026902283 0.000404468970873 0.00871892834454 0.0102520602657 0.0177534186871 0.00896221316957 0.0284122561738 0.0165269304234 0.0181738375734 0.0360832360305 0.0102526184869 0.0143470132869 0.00787547475619 0.0151429043116 0.000272112241805 0.00153408901227 0.00496320449142 0.00562299281786 0.010580519027 0.0111140676824 0.0120107819593 0.013447072671 0.0110073765517 0.0238885672901 0.00968580365949 
-0.00365110725676 -0.00668427925747 0.0110127538277 0.0172863879668 0.00499116571878 -0.00259950484051 0.01291757346 0.00986162348014 0.0153187104645 0.0121346642531 -0.00649231057716 0.0106645677998 0.0225685300661 0.00154269871858 0.00521678423777 0.0165247366816 0.0133450625486 0.00633092470792 0.0221523861744 0.016067400578 0.0154074176675 0.00800868927271 0.244842408324 0.0272100560316 0.0104258813991 -0.0095987270253 0.0101976925307 0.0128727422279 0.0136834934085 0.000405330060113 0.0140860954643 0.0131073603621 0.00430983546426 0.0216296022714 0.00991757912696 -0.00597756486044 0.00361334674804 0.0214425304461 0.0156468989615 0.00856697636221 0.00681471182092 0.0112640380684 0.00356193943018 0.0137950959721 0.0187541351974 -0.0172984931726 0.0112752885733 0.00188062191006 0.00659354509532 -0.000374556507407 -0.00342837976564 0.00321109736629 -0.00277832514396 0.000647257246643 0.00932557461454 -0.001314210467 0.011025669552 0.0107610710497 0.00494750033313 0.0096334875139 
0.0159805178675 0.00881177410065 0.011301900785 0.00719140509186 0.0117087687361 0.00465307959522 0.0202969242765 0.00234044895132 0.00356413931696 0.0111467990031 0.0010443191916 0.00363899292828 -0.00570454464196 -0.000876351042534 -0.00671078114339 0.00559980448247 0.00384903307215 0.0131720241197 0.00144098747357 -0.00148925789008 0.0260028662093 0.0104996396386 0.0272100560316 0.18525193432 0.0142297823217 0.00506841787295 -0.00585242269382 0.0110333057857 0.00927057157693 0.0134431386373 0.00948983502117 0.020236864915 0.00972141539881 0.0138844168081 0.0233274359625 -0.00200899403501 0.0194926442947 0.015287346115 0.0275450999974 0.0141278255919 0.00565003427423 -0.00733448049703 0.00742315966847 0.00185409040931 0.0105280841333 0.00816081075957 0.00135920588274 0.0091199678508 0.000119627479063 0.00416308802512 0.00463110450575 -0.00511701035348 -0.000694556694391 0.00502634962881 0.0153681626065 0.00421146829699 0.0263792677602 -0.000891334889137 -0.00867229049115 0.0124462639476 
0.000953350370719 0.00976450664624 0.0142113525271 0.0243282268561 0.00913407586151 -0.00895149750891 0.0129524525265 0.00977345213129 0.00951022088452 0.012095096685 0.00399985829879 0.01460758272 0.00854134561786 -0.00736608074797 0.00606369916067 -0.0028943836819 0.0204020605214 0.0120677946368 0.00344837316181 0.015222537001 0.00482832812315 0.0149225064123 0.0104258813991 0.0142297823217 0.182819021584 0.0133651936758 0.00456315781956 -0.00437253845675 0.00989087931926 0.00973869283785 0.0105591368969 0.010987202513 0.020714117205 0.00948425403096 0.0129813311881 0.00903621070479 0.00504251364214 0.0260241305775 -0.000464464474348 0.00459996089337 -0.00294393482997 0.0136106785941 0.0171394673404 0.021304044695 0.00807282654758 0.0114726590229 -0.00779476259376 0.0238787907831 0.00630259156129 0.0131886599358 0.0333486688528 0.00632354326872 0.0106879700953 0.0117767519508 0.00635570847926 0.00733053861391 0.0264402938516 0.0120898461958 0.00896496676319 0.0205280532112 
0.0080289002932 0.00845770408148 0.0208194700356 0.00615803183201 0.00568053517289 -0.00223133726003 0.0169672002454 0.0168172597105 0.0218248937062 0.00650409663952 0.0258758702749 0.0143174300449 0.00208897872826 -0.0098898751978 0.0235985845727 -0.00827472688941 0.0266143022375 0.0180064449639 0.0152766895122 0.0311684533719 0.0410300865479 0.0169973679961 -0.0095987270253 0.00506841787295 0.0133651936758 0.427513831396 0.0240778345919 -0.00266671137776 0.0147754876705 0.0130326287444 0.0147836473329 0.00719471650792 0.0173485043933 0.0177849964299 0.00374616685799 0.0175439715812 0.0429665242766 0.016559047317 0.00853855957548 0.0158134957895 0.00804641318581 0.00193360181456 0.0150343871383 0.0260328115163 0.0139193875603 0.0178341454212 0.0222106913111 0.00974953678069 0.00372676205143 -0.000360436927408 0.0103387009075 0.0146202308269 -0.00622445038902 0.00970097987278 0.00560254090595 0.00219252314967 0.0172641060964 0.0180670374859 0.0149097096829 0.00723055933583 
0.00837671457356 0.00120794762354 0.0210548330542 0.043887363075 0.0113160159557 0.00305400125285 0.0203233414067 0.00233894092385 0.0125363408883 0.0234179511141 0.0340025172275 0.0311086313285 -0.0074446024082 -0.00167834779847 0.0280154114337 0.00530654934769 0.0337547259142 0.0150657764207 0.0366470472071 0.0212248614164 0.0305120497603 0.0148525130079 0.0101976925307 -0.00585242269382 0.00456315781956 0.0240778345919 0.256175229374 0.0155684451133 0.023031009124 0.0229343010995 0.0110565712998 0.0294168702377 0.0391242035176 0.0294338289374 0.0232213413515 0.0295784291498 0.0250449692267 0.0123598681397 0.0302902038067 0.0111585027074 0.0216145739862 0.0228146501948 -1.9860544027e-05 0.0223885640174 0.00755256266587 -0.00598802543163 0.035694179109 0.0105806982608 0.00136994929495 0.0211727185022 0.0173983432035 0.0110468494574 0.0114111511302 0.0196926387726 0.0104861245544 0.0265989579965 0.0231574838349 0.00370445569492 0.0101206737162 0.00561634948659 
0.0150380140165 0.0577837010552 0.0274423195862 0.0371379858707 0.0122214789559 0.00733880915799 0.00999674210372 0.0101577427771 -0.00712237049997 0.0268324140067 0.0229859607925 -0.00277665157423 -0.00100185870932 -0.0246862905141 0.00584497245993 0.0169395436287 0.0169098099533 -0.00702583028456 0.00413511534289 0.0568352551189 0.0178524116489 0.000793867880608 0.0128727422279 0.0110333057857 -0.00437253845675 -0.00266671137776 0.0155684451133 2.06073961178 0.00612351053363 0.0188369774444 0.0228045897954 0.00454331467556 0.013747537644 -0.0191839082808 -0.00990000755427 0.0157283825087 0.0440831639692 0.0685302050418 0.02487111517 0.000436330365481 0.0860596630005 0.0104088823762 0.0245558946148 0.0265801547268 -0.0129109281566 0.243243141179 0.0523831312439 0.0378673510436 -0.00750437836326 0.0236042208854 0.000911599145986 0.0303520190948 0.0158129487264 0.035207059583 0.0189409816724 0.00170159768032 0.00559097156512 0.0444899630481 0.0114288428148 0.0210174913123 
0.00494984610351 -0.00145022246441 0.0179692727055 0.0198199270634 0.0192865948355 0.0111799969609 0.00745995899869 0.00415365830879 0.012073724226 0.00948278049613 0.0185640913306 0.0145922219784 0.0103183547212 -0.0489544585108 0.0128619621213 0.00837405674163 0.00640089390664 0.00198798975149 0.0177335181918 0.0249017432971 0.0187714181019 0.0160386762428 0.0136834934085 0.00927057157693 0.00989087931926 0.0147754876705 0.023031009124 0.00612351053363 0.204999986445 0.0132401021851 -0.000473250443624 0.0120985588727 0.00965410345503 0.00177239954841 0.0188843527918 0.0104910772383 0.00672310659455 0.000534909527031 0.00425627355509 0.00467393273302 0.0162383194617 0.00470304042393 0.0037825187558 0.00879152164463 0.0167998166439 0.00585316481547 0.0123609631949 0.00397429028497 0.00557963531467 0.00185937738505 0.0196055635931 -0.00866735677809 -0.00112682540279 0.0227835367425 0.00678081291039 0.00343113618788 0.0120671619674 0.0124727092803 0.0171440608183 0.0216862615354 
0.00566069657579 -0.000838851543817 0.0180899594137 0.0299495333362 0.0142465154211 0.0108441984906 0.0259434407878 0.0125703671268 0.0212918928325 -0.000995088161001 0.0142664413938 0.015319025008 0.00660636108345 -0.018363382052 0.0122772813734 -0.0118880472088 0.0171083544201 0.0654954427776 0.0254274165468 0.0299247737907 0.0193970483226 0.0100216682862 0.000405330060114 0.0134431386373 0.00973869283785 0.0130326287444 0.0229343010995 0.0188369774444 0.0132401021851 0.221013852726 0.00712572218627 0.0380163795564 0.039580194817 0.0273059744279 0.00503851837623 0.0254182775309 0.0185973159159 0.0157305495666 0.0241166559316 0.0178969637984 0.00401780428187 0.0245338442019 0.0233765336841 0.00762161515447 -0.000769976523739 0.0241007236932 0.0362463296611 0.0232134986896 0.00664274700142 0.00825610356826 0.00785532959509 0.00743768549729 0.00772445263538 0.0162999793168 0.0118365081433 0.0159721471277 0.0148567157167 0.00786685890551 0.00251670553101 0.0199669871615 
0.0149329492787 0.036249866415 0.00528645542222 0.0348048861191 0.00499361065252 -0.00134555445911 0.0127444768826 0.00954145059971 0.0191898505348 0.0205572671496 -0.0138443116801 0.00759928980172 0.0229225380995 0.0360930502352 0.0272970020551 0.0179190999661 0.0278229233533 0.0289254650933 -0.000773737949445 0.0392273197473 0.0352471757309 0.0130148582294 0.0140860954643 0.00948983502117 0.0105591368969 0.0147836473329 0.0110565712998 0.0228045897954 -0.000473250443623 0.00712572218626 0.55147047769 0.0312409440322 0.0278943013252 0.0224233822587 0.00531588101523 0.0398397526355 -3.92593397835e-05 0.0202976084825 0.131679542991 0.0156375982583 0.0015093688755 0.0243709406066 0.0137104802658 0.0125432686443 0.0291558551888 0.0327512197116 0.0484922167046 -0.0104875832916 0.0376096380376 -0.00213383914028 -0.000503051971341 0.0170303808261 0.0107100820642 0.0243072267955 0.0191948275363 0.0237517368726 0.0142698585748 0.0211810384119 -0.00129612260416 0.0134617698809 
0.00449166281417 0.0276722559169 0.0191298168946 0.0261733213136 0.00869362926638 0.0139781270965 0.0311128457951 0.0143965706148 0.0122717930261 0.010233869311 0.0235580940057 0.00879641751036 -0.00122291345795 -0.00764280490788 0.0251872840428 0.00519868460137 0.032928912817 0.0508689047848 0.0388725389226 0.0349463928699 0.0196640060118 0.00947152642637 0.0131073603621 0.020236864915 0.010987202513 0.00719471650792 0.0294168702377 0.00454331467556 0.0120985588727 0.0380163795564 0.0312409440322 0.293518592789 0.0520664676751 0.00826599787338 0.00740328588132 0.0332827195802 0.0160658673175 0.0155277341243 -0.000539962576106 -0.00407934370481 -0.00491796834425 0.032814031995 0.0145967427025 0.0323811385847 0.0145327688109 0.00323452307628 0.034236662335 0.0319997828456 0.00312930516036 0.0216920641202 -4.13606098041e-05 0.0282222869733 0.00477181217706 0.00818951516419 0.00495639678981 0.00408559694289 0.0117089464431 0.0241831400363 0.00955240630344 0.0254705199979 
0.0210079523045 0.00120744895501 0.0143824089252 0.0693809980919 0.0133012902779 0.0137048332557 0.0356466163718 0.0156422907773 0.0307793038834 0.0215390662447 0.0135718287603 0.0358378976801 -0.0074805220675 -0.00803610370866 0.0147011540773 -0.00658832349494 0.022474086378 0.02666869298 0.0162273703077 0.0020878788228 0.021688039884 0.0118897022347 0.00430983546426 0.00972141539881 0.020714117205 0.0173485043933 0.0391242035176 0.013747537644 0.00965410345503 0.039580194817 0.0278943013252 0.0520664676751 0.424350633607 0.0141104214375 0.0115211162978 0.0294799032883 0.0313946259035 0.0204426905488 0.0141913164728 0.0153266802451 0.010823310903 0.0138890769715 0.00188689402114 0.0256880176896 0.0198061879465 0.00741502849062 0.0250131178519 0.0303747292055 0.0178580815979 -0.00361650336156 0.0243998121643 0.0134959760618 0.017967086648 0.0182843982731 0.0139440210615 0.0163472336221 0.0235577990413 0.0190794693803 0.000811853898104 0.025994215503 
-0.00472265967472 0.0055191433465 0.0199617160625 0.0358992276305 0.00647729955026 0.00657458406384 -0.00407097613381 0.024401117309 0.0138625118795 0.00180871443162 0.00337326026534 0.0408620390255 -0.011695578531 0.00356658585775 0.0190199396788 0.0159051430088 0.00201687513121 0.0330870778358 0.0183862519734 0.00322104453128 0.0258011950573 0.00700733067946 0.0216296022714 0.0138844168081 0.00948425403095 0.0177849964299 0.0294338289374 -0.0191839082808 0.00177239954841 0.0273059744279 0.0224233822587 0.00826599787338 0.0141104214375 0.401538861851 0.00293375274598 0.0220441964268 0.0160006547817 0.00341703878117 0.0320253005993 0.0203914478553 0.00963429455018 0.0305784291445 0.00539384948081 0.00141080604364 0.0185208323572 -0.00797807535713 0.0491451375664 0.0152432271562 0.00402670495711 0.0150310096013 0.0287717415605 0.000687282646874 0.00113368705786 0.0137254101272 0.00481218659223 -0.00621307175648 0.0236668161047 0.00230143307796 -0.0028840630396 0.00388078931064 
0.01507235779 0.00756255176233 0.00849940853436 0.01912482652 0.00661497095429 0.00474848900951 0.018592307458 0.0107021130605 -0.00387006435544 0.02252863564 0.010058647468 0.0188649908978 -0.0009371128734 -0.00914614706295 0.015804375027 0.000243223501929 0.0184098833855 0.00683117939861 0.00876258386395 -0.00924648335509 0.00216995201473 0.017771100298 0.00991757912696 0.0233274359625 0.0129813311881 0.00374616685799 0.0232213413515 -0.00990000755427 0.0188843527918 0.00503851837623 0.00531588101523 0.00740328588132 0.0115211162978 0.00293375274598 0.321611925154 0.00947391920202 0.0056135763797 0.00287352239498 0.00805386191173 0.0132531246894 0.0153317494543 0.0165438771354 0.00455936834806 0.00412145999345 0.0224418935833 0.00995359906095 0.0114415140815 0.0104511514657 0.00238754969181 0.00524862250687 0.00976391638009 -0.00487407759321 0.0137730065324 0.0270302103532 0.0159327570504 -0.0201299404787 0.00117117149143 0.0208268830807 -0.000242894505859 0.0114512740176 
0.00492923577032 0.0216442706777 0.0294843127147 0.0448942756982 0.0114431199723 0.0120214318068 0.0185450299382 0.00656559496033 -0.00218397881155 0.0228268121565 0.00836994697662 0.0209357689756 -0.00368164997794 -0.0167361015703 0.0187928096399 0.00172196929238 0.0191663249577 0.0130534481498 0.0209979104374 0.0195529269102 0.0215127638216 0.0165026902283 -0.00597756486044 -0.00200899403501 0.00903621070479 0.0175439715812 0.0295784291498 0.0157283825087 0.0104910772383 0.0254182775309 0.0398397526355 0.0332827195802 0.0294799032883 0.0220441964268 0.00947391920202 0.187646296941 0.017500011012 0.012847624345 0.00602070041709 0.00521305471341 0.00712717318888 0.0400161356526 0.00935022414038 0.00975706373924 0.0274505702633 -0.00103341102907 0.0236650754496 0.016610961929 0.0143298835589 0.00492181547889 0.0151278635924 0.0123014559163 0.00704298297204 0.0124978920658 0.0157032124301 0.0175093839904 0.013106869202 0.0184507662735 0.00939411703008 0.0155360081714 
0.0097736661975 -0.00145131102814 0.0231454174875 0.0220210479048 0.00354899561178 0.0643462548312 -0.00167651555774 0.000876694264802 -0.00845289497829 0.0175750849939 0.0854764887135 0.0219912642431 0.00305471686631 -0.0155815371025 0.0105674973214 -0.0124511362186 0.0132828980626 0.0422751983353 0.130191971157 0.00858982288489 0.175732149796 0.000404468970873 0.00361334674804 0.0194926442947 0.00504251364214 0.0429665242766 0.0250449692267 0.0440831639692 0.00672310659455 0.0185973159159 -3.92593397853e-05 0.0160658673175 0.0313946259035 0.0160006547817 0.0056135763797 0.017500011012 0.43728611029 0.0181907557017 0.103907815494 0.0175290085207 0.00229030740746 0.0212304141732 0.0154562454463 0.0208944666745 0.0104022130057 0.00160997925992 0.0486926508216 0.0134374399435 0.0167436065998 0.00641879359659 0.0134464189451 0.0175238161832 0.00104038288361 0.00344543617599 0.00722192105057 0.0172199532144 0.0144375910265 0.00918279073778 0.0114125206679 0.00835054256628 
0.0269909951687 -0.00314964571449 0.019386126379 0.0174876072246 0.00272897575173 -0.00628139037869 0.127700617644 -0.00176732726164 0.0245756234804 0.0161630813855 0.0190413706562 0.0280223265853 0.008692477809 -0.00282418218784 0.0148714840979 0.014673951028 0.0056669877179 0.0336481066927 0.0121241000703 0.0111717487556 0.0164611909352 0.00871892834454 0.0214425304461 0.015287346115 0.0260241305775 0.016559047317 0.0123598681397 0.0685302050418 0.000534909527031 0.0157305495666 0.0202976084825 0.0155277341243 0.0204426905488 0.00341703878117 0.00287352239498 0.012847624345 0.0181907557017 0.471273807207 0.00424545223627 -0.0049462720998 0.0312641723094 0.0195271656512 -0.000987296802725 0.0295081498415 0.00544323990768 0.0247665928832 0.0100525484806 0.0405069190179 0.000158927353602 0.0205362638207 0.0332975970552 0.0128609761589 0.0197893878066 -0.00620708504071 0.00711392859901 0.0151926688591 0.00239654999315 0.0317290472997 -0.00600140650076 0.0330466079308 
0.0288284431719 0.0191036662511 0.0202235766428 0.0110117231707 0.0214606808333 -0.0101326638153 -0.00536080606566 0.0108952444393 0.00465147673615 0.0107419138539 0.12434938393 0.0119030633013 -0.00559059139927 -0.0156127408341 0.0231328054373 0.0261996341666 0.0295066454729 0.0267467159839 0.139753483514 0.00651334981276 0.157668481932 0.0102520602657 0.0156468989615 0.0275450999974 -0.000464464474348 0.00853855957548 0.0302902038067 0.02487111517 0.00425627355509 0.0241166559316 0.131679542991 -0.000539962576107 0.0141913164728 0.0320253005993 0.00805386191173 0.00602070041709 0.103907815494 0.00424545223627 0.558015622584 0.0226940980658 0.016428573052 -0.0114867809542 0.00428073063106 -0.00185885986344 -0.0115659672115 0.0111196982021 0.0290554089191 0.00846015819502 0.0199202940311 -0.00432432300276 0.0162658284417 0.0128724258672 -0.00376350527639 0.00840835070667 0.000986560287825 0.0141037096041 -0.0175236711998 -0.0151646463737 0.00165339693561 -0.0115024879056 
