30
0.041097516798 0.0210054402465 0.0447966226616 0.0197813299257 0.07971303899 0.0331056926512 0.0559549201136 0.127416862275 0.0373994541978 0.0870342926162 0.22311845274 0.0191748751409 0.0122123060087 0.0297343435849 0.110625092132 0.0214039426083 0.0255776045185 0.0285507317948 0.0534443631468 0.0743289823458 0.0378808118353 0.0623322546876 0.0664901393557 0.0538734886168 0.0399774891594 0.0576577356707 0.023795453615 0.0612619406497 0.0669692816613 0.0380825412642 
0.253806024356 0.0163390376004 0.0209412863242 0.0281730792357 0.0123143672075 0.0297290058721 0.027351706873 0.0465324287765 0.0211893441986 0.0229647133853 0.0133221737059 0.0362983451371 0.0139171840453 0.00380690997102 0.03626696314 0.0155772182606 0.00433315768154 0.00722748285902 0.0159609706537 0.0424980839902 0.0326247759826 0.0101303005692 0.0269940121095 0.00729386907382 0.00834002459984 0.0178676234906 0.0258560665832 0.0058064481687 0.0144328754031 0.0220510450973 
0.0163390376004 0.134286413779 0.00847404266349 0.00783108609137 0.00937308456834 0.0125093191741 0.0194046916535 -0.00535124400396 0.012726451072 -0.000608412201052 -0.00954505805646 0.00935327455597 -5.83826658563e-05 0.0186544546767 0.00222012905526 -0.00308086586334 0.00927551285487 0.00326400527601 0.00395561953618 -0.0010460086809 0.00758371321152 0.00639985075219 0.0130777097782 0.0109220344377 0.00251386869991 0.00975094226087 0.0135374166849 0.015364001737 0.00612323109378 0.00237449459951 
0.0209412863242 0.00847404266349 0.277010709052 0.0265205003051 0.0459276177689 0.0036470463036 0.0441863801651 0.0192689046385 0.0313483156869 0.0220802867768 0.0318575529908 0.0212277625174 0.0256879137903 0.00901247079528 0.01583813245 0.0265303256526 0.0198302893928 0.0218743372943 0.0483052055836 0.0408718567452 0.016263094485 0.0428279754617 0.037771442273 0.0309192537321 0.011193582934 0.0388395265828 0.0159919418146 0.0240257722633 0.0349938598095 0.0156148352839 
0.0281730792357 0.00783108609137 0.0265205003051 0.150033395142 0.015277475543 0.0163925079707 0.0214381940882 -0.00267173979215 0.0142351789579 0.00956657206109 0.0106448086741 0.0228639587513 0.000687289664129 0.00886455506323 0.0177412168765 0.00619255129725 0.0196046401784 0.00821830595969 0.00685260980343 0.0284227380803 0.0247227353787 0.00974511345099 0.0409647010796 0.00867806832458 0.0114579337074 0.0282800602439 0.0125426309768 0.00883763279494 0.00997217342378 0.000857829228288 
0.0123143672075 0.00937308456834 0.0459276177689 0.015277475543 0.497593762544 0.00463427266751 0.0280790822062 0.0179703274545 0.0264229920709 0.0271219658552 0.012050375712 0.00373593508634 0.0269713127748 0.0201761771689 0.0224162486012 0.0251670270505 0.00461800927643 0.00808608740972 0.022901687182 0.0248065506559 0.0211302828903 0.0116100833812 0.0358371246153 0.0244128175565 0.0105557085698 0.0284543523967 0.0225450937561 0.00770111409555 0.0260109955978 0.0263811782356 
0.0297290058721 0.0125093191741 0.0036470463036 0.0163925079707 0.00463427266751 0.216813218971 0.0304128759975 0.0484352611331 0.020071104545 0.0188237688479 0.0244428035373 0.0232215833688 0.0171527357475 0.00922535429313 0.00815088350659 0.0180698591474 0.0170132882996 0.00378723403651 0.011042754806 0.0285578572599 0.0249818325622 0.00834793380505 0.0237984088935 -0.00393968162343 0.0152527313905 0.032382639221 0.050938255389 0.0159027575432 0.00126567624839 0.0142451614808 
0.027351706873 0.0194046916535 0.0441863801651 0.0214381940882 0.0280790822062 0.0304128759975 0.270384601887 0.0300161801906 0.0257248097835 0.0703252307159 0.0611558229471 0.0247496725448 0.0153584252873 0.0102238843324 0.0341450026489 0.0330643160084 0.0162853561628 0.0117422489739 0.0325880474286 0.0480676566399 0.0251086856746 0.0123872924049 0.0430084939733 0.0277075149206 -0.00337000204525 0.0461710062637 0.0164099833617 0.0152523199148 0.0264141866539 0.0198731806726 
0.0465324287765 -0.00535124400396 0.0192689046385 -0.00267173979215 0.0179703274545 0.0484352611331 0.0300161801906 0.491442082268 0.0169779738233 0.0501894419917 0.0400898849197 0.00984524476033 0.00989357754198 0.0248494108063 0.0266715225712 0.0460675035903 0.0125043034547 0.0108029192991 0.0261400381229 0.0493091298415 0.0103876043749 -0.00770113349831 0.0153378004321 0.012594996337 -0.00244749791315 0.0119211186886 0.0345174412047 0.0221499404339 0.0199891852575 0.0110707899236 
0.0211893441986 0.012726451072 0.0313483156869 0.0142351789579 0.0264229920709 0.020071104545 0.0257248097835 0.0169779738233 0.31647229164 0.0236263451186 0.0311084070709 0.025105741704 0.00033271425322 0.00457370094776 0.0419996907104 0.0191853924281 -0.00209907900371 0.0211038801767 0.0233489821721 0.0434957821498 0.0255311579534 0.0334936834586 0.0411259821791 0.0437151610447 -0.00403342685528 0.0255159530252 0.00945091332817 0.0157096292138 0.0156119459298 0.00153585975644 
0.0229647133853 -0.000608412201052 0.0220802867768 0.00956657206109 0.0271219658552 0.0188237688479 0.0703252307159 0.0501894419917 0.0236263451186 0.38457790289 0.109038057315 0.0154605086303 0.0170041752126 0.00821472977025 0.0259046697958 0.0502195802753 -0.00248018967177 0.0178864787234 0.0345938784771 0.0688410420408 0.0381984789958 0.0065329501199 0.0268840352293 0.0387843447766 -0.00778239839384 0.0186819192191 0.000882636880132 0.0318755673736 0.033792024375 0.0255583011151 
0.0133221737059 -0.00954505805646 0.0318575529908 0.0106448086741 0.012050375712 0.0244428035373 0.0611558229471 0.0400898849197 0.0311084070709 0.109038057315 0.90503461765 0.00592328093693 0.0255579864467 0.00326494649529 0.0819108120743 0.0457410137478 0.0126063583651 0.0116749851707 0.0388249832536 0.0813291822774 0.0320922232265 0.00587675859173 0.0138746037549 0.0292527541403 0.00778029376065 0.0417788650596 0.00981026733578 0.102434885961 0.0359345685643 0.0247544071694 
0.0362983451371 0.00935327455597 0.0212277625174 0.0228639587513 0.00373593508634 0.0232215833688 0.0247496725448 0.00984524476033 0.025105741704 0.0154605086303 0.00592328093693 0.181140597032 0.0131948702974 0.00724702516074 0.0347485013861 0.00755871664556 0.0136374803334 0.00876878835969 0.0141240037541 0.0431419637002 0.0251632725349 0.00344978302309 0.0313604140595 0.00963904164388 0.00871911082834 0.0175036833897 0.0277035312954 -0.00987935495854 0.0137949755278 0.0253553803374 
0.0139171840453 -5.83826658564e-05 0.0256879137903 0.000687289664129 0.0269713127748 0.0171527357475 0.0153584252873 0.00989357754198 0.000332714253219 0.0170041752126 0.0255579864467 0.0131948702974 0.287866563258 -0.00443192429357 0.01353520483 0.0196526588427 0.0166928005879 0.00945463201857 0.00683668297958 0.00827209277698 0.0244624530963 0.00738592305762 -0.00592230566353 -0.00296169397336 -0.0060210322761 0.0302825949374 0.00311561650294 0.0161779477921 0.0338452510933 0.00471073875898 
0.00380690997102 0.0186544546767 0.00901247079528 0.00886455506323 0.0201761771689 0.00922535429313 0.0102238843324 0.0248494108063 0.00457370094776 0.00821472977025 0.00326494649529 0.00724702516074 -0.00443192429358 0.194686749741 0.0090143178356 0.00973320847258 0.0238589229215 0.0095352910174 0.0201138909307 0.0123726141791 0.00378736179475 0.0143464511302 0.0171269903824 -0.00054310382654 -1.1349269079e-05 0.00805879934588 0.0169824550657 0.0185045467272 0.00931948388156 0.0110670623535 
0.03626696314 0.00222012905526 0.01583813245 0.0177412168765 0.0224162486012 0.00815088350659 0.0341450026489 0.0266715225712 0.0419996907104 0.0259046697958 0.0819108120743 0.0347485013861 0.01353520483 0.0090143178356 0.576795128516 0.0438267041052 0.0146379519778 0.0123144311952 -0.000285268075021 0.0668938395816 0.0254430228282 0.00535779442829 0.0192400161616 0.0374684732087 -0.0134835524255 0.0171884930057 -0.00114950651333 0.0103458006532 0.0561899366887 0.0244411563375 
0.0155772182606 -0.00308086586334 0.0265303256526 0.00619255129725 0.0251670270505 0.0180698591474 0.0330643160084 0.0460675035903 0.0191853924281 0.0502195802753 0.0457410137478 0.00755871664556 0.0196526588427 0.00973320847258 0.0438267041052 0.22105883726 0.0130850760501 0.0308608862045 0.037832843761 0.0385183426589 0.0241211601661 0.00870862017729 0.0245785042323 0.0261044681726 -0.00658195601609 0.0394080578509 -0.00530616622995 0.0216809227819 0.0200953931018 0.013667907992 
0.00433315768154 0.00927551285487 0.0198302893928 0.0196046401784 0.00461800927643 0.0170132882996 0.0162853561628 0.0125043034547 -0.00209907900371 -0.00248018967177 0.0126063583651 0.0136374803334 0.0166928005879 0.0238589229215 0.0146379519778 0.0130850760501 0.325629598662 0.0235237648956 0.00924661818915 0.0281904084543 0.0161633267426 0.00371626106345 0.0193809149752 0.0248411541745 -0.00949376157098 0.0105989709921 0.00644316834823 0.00624506369981 0.0238146315852 0.014211999168 
0.00722748285902 0.00326400527601 0.0218743372943 0.00821830595969 0.00808608740972 0.00378723403651 0.0117422489739 0.0108029192991 0.0211038801767 0.0178864787234 0.0116749851707 0.00876878835969 0.00945463201857 0.0095352910174 0.0123144311952 0.0308608862045 0.0235237648956 0.25285820972 -0.00130777038343 0.0235025468572 0.0145962386813 0.0162146024479 0.0181743797954 0.0190420742546 -0.00956902305399 0.0213662011545 -0.00318790482625 0.00174817908986 0.022140493907 0.0236498587782 
0.0159609706537 0.00395561953618 0.0483052055836 0.00685260980343 0.022901687182 0.011042754806 0.0325880474286 0.0261400381229 0.0233489821721 0.0345938784771 0.0388249832536 0.0141240037541 0.00683668297958 0.0201138909307 -0.000285268075021 0.037832843761 0.00924661818915 -0.00130777038343 0.30798325732 0.0611209451173 0.0154329053246 0.0352667196622 0.0314144353252 0.033897633547 -0.00331141182663 0.00996073838229 0.0049270843636 0.0224437115735 0.0161647624229 0.0259549011609 
0.0424980839902 -0.0010460086809 0.0408718567452 0.0284227380803 0.0248065506559 0.0285578572599 0.0480676566399 0.0493091298415 0.0434957821498 0.0688410420408 0.0813291822774 0.0431419637002 0.00827209277698 0.0123726141791 0.0668938395816 0.0385183426589 0.0281904084543 0.0235025468572 0.0611209451173 0.309450093396 0.0362396502971 0.00539158817278 0.0803479279602 0.0443271137699 0.0119516374728 0.0294414313844 0.0253349100828 0.0297084251941 0.0552615437685 0.0325076928917 
0.0326247759826 0.00758371321152 0.016263094485 0.0247227353787 0.0211302828903 0.0249818325622 0.0251086856746 0.0103876043749 0.0255311579534 0.0381984789958 0.0320922232265 0.0251632725349 0.0244624530963 0.00378736179475 0.0254430228282 0.0241211601661 0.0161633267426 0.0145962386813 0.0154329053246 0.0362396502971 0.193719078122 0.00539742120623 0.0460391997818 0.0280121110804 0.0174893308439 0.0126078321578 0.014848932288 0.0190445601293 0.0160019526466 0.0171296469958 
0.0101303005692 0.00639985075219 0.0428279754617 0.00974511345099 0.0116100833812 0.00834793380505 0.0123872924049 -0.00770113349831 0.0334936834586 0.0065329501199 0.00587675859173 0.00344978302309 0.00738592305762 0.0143464511302 0.00535779442829 0.00870862017729 0.00371626106345 0.0162146024479 0.0352667196622 0.00539158817278 0.00539742120623 0.534247791873 0.00713993231506 0.0107539957106 -0.0095011742918 -0.00151746581932 0.00565587152377 0.00409323095631 0.0196121481756 -0.00112120992768 
0.0269940121095 0.0130777097782 0.037771442273 0.0409647010796 0.0358371246153 0.0237984088935 0.0430084939733 0.0153378004321 0.0411259821791 0.0268840352293 0.0138746037549 0.0313604140595 -0.00592230566353 0.0171269903824 0.0192400161616 0.0245785042323 0.0193809149752 0.0181743797954 0.0314144353252 0.0803479279602 0.0460391997818 0.00713993231506 0.36825279307 0.0267106112806 0.0175010361012 0.0257822785655 0.0291825184301 0.0132619828591 0.0430799127383 0.0205990615537 
0.00729386907382 0.0109220344377 0.0309192537321 0.00867806832458 0.0244128175565 -0.00393968162343 0.0277075149206 0.012594996337 0.0437151610447 0.0387843447766 0.0292527541403 0.00963904164388 -0.00296169397336 -0.00054310382654 0.0374684732087 0.0261044681726 0.0248411541745 0.0190420742546 0.033897633547 0.0443271137699 0.0280121110804 0.0107539957106 0.0267106112806 0.38185904108 -0.00418140188202 0.0327615740015 -0.0018401525535 0.0223599453427 0.0355832442896 0.0211954258893 
0.00834002459984 0.00251386869991 0.011193582934 0.0114579337074 0.0105557085698 0.0152527313905 -0.00337000204525 -0.00244749791315 -0.00403342685528 -0.00778239839384 0.00778029376065 0.00871911082834 -0.0060210322761 -1.13492690789e-05 -0.0134835524255 -0.00658195601609 -0.00949376157098 -0.00956902305399 -0.00331141182663 0.0119516374728 0.0174893308439 -0.0095011742918 0.0175010361012 -0.00418140188202 0.449217169594 0.011404829716 0.0172502414115 0.0105411420767 -0.00956643598089 0.00296928145683 
0.0178676234906 0.00975094226087 0.0388395265828 0.0282800602439 0.0284543523967 0.032382639221 0.0461710062637 0.0119211186886 0.0255159530252 0.0186819192191 0.0417788650596 0.0175036833897 0.0302825949374 0.00805879934588 0.0171884930057 0.0394080578509 0.0105989709921 0.0213662011545 0.00996073838229 0.0294414313844 0.0126078321578 -0.00151746581932 0.0257822785655 0.0327615740015 0.011404829716 0.247027311666 0.0295916742785 0.0247593779172 0.0321627814665 -0.0013824455399 
0.0258560665832 0.0135374166849 0.0159919418146 0.0125426309768 0.0225450937561 0.050938255389 0.0164099833617 0.0345174412047 0.00945091332817 0.000882636880132 0.00981026733578 0.0277035312954 0.00311561650294 0.0169824550657 -0.00114950651333 -0.00530616622995 0.00644316834823 -0.00318790482625 0.0049270843636 0.0253349100828 0.014848932288 0.00565587152377 0.0291825184301 -0.0018401525535 0.0172502414115 0.0295916742785 0.192300470821 0.0135750018776 0.0126453300738 0.00297916507337 
0.0058064481687 0.015364001737 0.0240257722633 0.00883763279494 0.00770111409555 0.0159027575432 0.0152523199148 0.0221499404339 0.0157096292138 0.0318755673736 0.102434885961 -0.00987935495854 0.0161779477921 0.0185045467272 0.0103458006532 0.0216809227819 0.0062450636998 0.00174817908986 0.0224437115735 0.0297084251941 0.0190445601293 0.00409323095631 0.0132619828591 0.0223599453427 0.0105411420767 0.0247593779172 0.0135750018776 0.35919291998 0.0117678072214 0.0290559176519 
0.0144328754031 0.00612323109378 0.0349938598095 0.00997217342378 0.0260109955978 0.00126567624839 0.0264141866539 0.0199891852575 0.0156119459298 0.033792024375 0.0359345685643 0.0137949755278 0.0338452510933 0.00931948388156 0.0561899366887 0.0200953931018 0.0238146315852 0.022140493907 0.0161647624229 0.0552615437685 0.0160019526466 0.0196121481756 0.0430799127383 0.0355832442896 -0.00956643598089 0.0321627814665 0.0126453300738 0.0117678072214 0.482503889055 0.0233133694722 
0.0220510450973 0.00237449459951 0.0156148352839 0.000857829228287 0.0263811782356 0.0142451614808 0.0198731806726 0.0110707899236 0.00153585975645 0.0255583011151 0.0247544071694 0.0253553803374 0.00471073875898 0.0110670623535 0.0244411563375 0.013667907992 0.014211999168 0.0236498587782 0.0259549011609 0.0325076928917 0.0171296469958 -0.00112120992768 0.0205990615537 0.0211954258893 0.00296928145683 -0.0013824455399 0.00297916507337 0.0290559176519 0.0233133694722 0.254865989141 

['PRU', 'PEP', 'MAR', 'USB', 'CI', 'SRE', 'PCAR', 'RIG', 'GPS', 'BNI', 'AMD', 'AFL', 'WPI', 'PBG', 'JNS', 'WY', 'HRB', 'AT', 'BA', 'LEH', 'LNC', 'MAT', 'CFC', 'WHR', 'HCA', 'PSA', 'ETR', 'QLGC', 'EK', 'EDS']