20
0.0623322546876 0.251790956204 0.0348883512333 0.0800378705657 0.166074759161 0.0952881581377 0.0572050688987 0.0391901687574 0.0149217979249 0.0936563270582 0.019144788815 0.0442318588416 0.106415927512 0.0157982173188 0.0248078828137 0.0354646018646 0.118355026327 0.133882810383 0.116988452624 0.026417897889 
0.537893263118 -0.00449497591176 0.0104547239091 0.0051944368444 0.000537443572996 0.0274724428129 0.0176592641568 0.00673475238995 0.00550265921663 0.00598813500516 0.0100140423069 0.00961421579173 0.00325328849572 0.000272060512437 -1.24469345481e-07 0.00382124723263 0.01615177679 -0.016684604255 0.0173881297103 0.0059576931394 
-0.00449497591176 2.07784344638 0.00834548753041 0.0164115258986 0.138719496533 0.0495445140404 0.00988786033346 0.00350588388083 0.0210432627294 0.036655275522 0.00213484301049 0.00870283545559 0.0502564480283 -0.00053812573989 0.00845742941079 0.00585566291904 0.0183747663729 0.0411059760793 0.0260756281794 -0.00642200136132 
0.0104547239091 0.00834548753041 0.330683506506 0.0264645646133 0.0670358722478 0.0510608827489 0.0333241079092 0.0263977069283 0.0210422793723 0.0214695694464 0.0401490286348 0.023976921309 0.0320450764723 0.00982494212775 0.0228701413124 0.0102742907719 0.0322418979009 0.0327835156945 0.0511106696821 0.0306419684752 
0.0051944368444 0.0164115258986 0.0264645646133 0.37528021626 0.0679023494167 0.0268487726615 0.0247606612967 0.0272598253014 0.0210695680687 0.0337214057433 0.0091480527865 0.0308945927586 0.0190835854999 -0.00715115582243 0.0194429975324 0.00581751449216 0.03997328137 0.0323423329032 0.0523096003466 0.0383931737842 
0.000537443572996 0.138719496533 0.0670358722478 0.0679023494167 0.499589480242 0.0784881867477 0.0387299593471 0.0400665222725 0.0277525521792 0.0116420802814 0.0458052038149 0.049233179642 0.0466542248934 0.0124885408485 0.0134193110452 0.0306573951242 0.00629788851042 0.1004834277 0.0730263686021 0.0544320264959 
0.0274724428129 0.0495445140405 0.0510608827489 0.0268487726615 0.0784881867477 0.562714626162 0.0552482878545 0.0314818805938 0.0619395325047 0.0353845450164 0.079656947893 0.0469710611104 0.0758000513811 0.0214231624828 0.0187386674563 0.0270554663456 0.0380145171347 0.0685638576344 0.0718747205558 0.0561846612676 
0.0176592641568 0.00988786033346 0.0333241079092 0.0247606612967 0.0387299593471 0.0552482878545 0.264049610514 0.0215044238165 0.0223614168058 0.0249035116589 0.0187846385492 0.0290263192908 0.024628915318 0.0124995532748 0.0264443054849 -6.52985010389e-05 0.0191693691208 0.052386376422 0.0397412350459 0.0154075099359 
0.00673475238995 0.00350588388083 0.0263977069283 0.0272598253014 0.0400665222725 0.0314818805938 0.0215044238165 0.208854485187 0.0132596650542 0.0272058299262 0.0400104448842 0.0287416742499 0.0186038735281 0.0113212445608 0.00688698939691 0.00448309205387 0.016705143978 0.0188758854831 0.0187668948098 0.0156762106088 
0.00550265921663 0.0210432627294 0.0210422793722 0.0210695680687 0.0277525521792 0.0619395325047 0.0223614168058 0.0132596650542 0.332116714607 0.0205210229169 0.0448448446508 0.0320591440011 0.0428754555994 0.0037072120046 0.0217335978963 -0.00170101453209 0.0394247957478 0.0207384631827 0.00215030894024 0.0159266667125 
0.00598813500516 0.036655275522 0.0214695694464 0.0337214057433 0.0116420802814 0.0353845450164 0.0249035116589 0.0272058299262 0.0205210229169 0.447971048307 0.0144532773899 0.0389126356071 0.0314822673162 -0.00276378197154 0.0181890847229 0.0125609455863 0.0250965765239 0.0276275310753 0.0129410792685 0.00117106477175 
0.0100140423069 0.00213484301049 0.0401490286348 0.0091480527865 0.0458052038149 0.079656947893 0.0187846385492 0.0400104448842 0.0448448446508 0.0144532773899 0.227214402553 0.0314878205829 0.0314437503568 0.0166170298721 0.0121763652485 0.0143020429116 0.0386611325917 0.00880717492981 0.048142548055 0.0280125508955 
0.00961421579173 0.00870283545559 0.023976921309 0.0308945927586 0.049233179642 0.0469710611104 0.0290263192908 0.0287416742499 0.0320591440011 0.0389126356071 0.0314878205829 0.251917421231 0.0413140981794 0.024416232372 0.0297744891588 0.019548866213 0.0311880122745 0.0310852624043 0.0433862199846 0.027993323785 
0.00325328849572 0.0502564480283 0.0320450764723 0.0190835854999 0.0466542248934 0.0758000513811 0.024628915318 0.0186038735281 0.0428754555994 0.0314822673162 0.0314437503568 0.0413140981794 0.62113699252 0.00474496247645 0.0268552637793 0.0189388576723 -0.00465665174765 0.0399119891872 0.0549187431455 0.0505937565289 
0.000272060512437 -0.00053812573989 0.00982494212775 -0.00715115582243 0.0124885408485 0.0214231624828 0.0124995532748 0.0113212445608 0.0037072120046 -0.00276378197154 0.0166170298721 0.024416232372 0.00474496247645 0.240399946962 0.0231256577226 0.0290171550937 0.0200989939478 -0.00801044683561 0.0156023494031 0.0120337899629 
-1.24469345382e-07 0.00845742941079 0.0228701413124 0.0194429975324 0.0134193110452 0.0187386674563 0.0264443054849 0.00688698939691 0.0217335978963 0.0181890847229 0.0121763652485 0.0297744891588 0.0268552637793 0.0231256577226 0.210942606031 0.00485916566193 0.00975535492434 0.0127523056403 0.0177011696837 0.056122876029 
0.00382124723263 0.00585566291904 0.0102742907719 0.00581751449216 0.0306573951242 0.0270554663456 -6.52985010388e-05 0.00448309205387 -0.00170101453209 0.0125609455863 0.0143020429116 0.019548866213 0.0189388576723 0.0290171550937 0.00485916566193 0.217039817711 0.00699475186802 0.0127607864461 0.0053385798138 -0.00291600176943 
0.01615177679 0.0183747663729 0.0322418979009 0.03997328137 0.00629788851042 0.0380145171347 0.0191693691208 0.016705143978 0.0394247957478 0.0250965765239 0.0386611325917 0.0311880122745 -0.00465665174766 0.0200989939478 0.00975535492434 0.00699475186802 0.580627554937 0.0184256549903 0.0281805407004 0.0330083184451 
-0.016684604255 0.0411059760793 0.0327835156945 0.0323423329032 0.1004834277 0.0685638576344 0.052386376422 0.0188758854831 0.0207384631828 0.0276275310753 0.00880717492981 0.0310852624043 0.0399119891872 -0.00801044683561 0.0127523056403 0.0127607864461 0.0184256549903 0.49814724196 0.0612858303775 0.0235650058296 
0.0173881297103 0.0260756281794 0.0511106696821 0.0523096003466 0.0730263686021 0.0718747205558 0.0397412350459 0.0187668948098 0.00215030894024 0.0129410792685 0.048142548055 0.0433862199846 0.0549187431455 0.0156023494031 0.0177011696837 0.0053385798138 0.0281805407004 0.0612858303775 0.471186725427 0.0535957311076 
0.0059576931394 -0.00642200136132 0.0306419684752 0.0383931737842 0.0544320264959 0.0561846612676 0.0154075099359 0.0156762106088 0.0159266667125 0.00117106477175 0.0280125508955 0.027993323785 0.0505937565289 0.0120337899629 0.056122876029 -0.00291600176943 0.0330083184451 0.0235650058296 0.0535957311076 0.26569725425 

['MAT', 'BRCM', 'BDK', 'NSC', 'NUE', 'PHM', 'CBE', 'RTN', 'DELL', 'AV', 'HD', 'PX', 'ADSK', 'HSY', 'MMM', 'PCG', 'DDS', 'SLB', 'FLR', 'MWV']