40
0.127416862275 0.0168064994581 0.185879968849 0.266244884644 0.0711634289065 0.0231907610599 0.200970993098 0.0436219100546 0.0766878163077 0.0125032911957 0.0861911318708 0.0442318588416 0.0995242847704 0.0570579479668 0.0413167922229 0.0800378705657 0.0441448787565 0.0549811443135 0.0418020448473 0.0604038345904 0.128222495688 0.0623322546876 0.043075945187 0.0785675118811 0.065735385914 0.0304896250645 0.214537342356 0.0131635076039 0.0884893451388 0.0165000515881 0.07971303899 0.0380288664812 0.0307440439862 0.0522861094618 0.0669692816613 0.0738036440579 0.0261881624723 0.0991765707177 0.0115927538848 0.148169679735 
0.463376580844 0.00900064920899 0.109568407998 0.0131410840588 0.0273540294446 0.00235392760342 0.00443254146884 0.00935970010113 0.0372322892945 -0.0179628752592 0.0255647342417 0.0173540461511 0.131050933876 0.0410262862391 0.0132797728055 0.01397815525 0.00495389241775 0.000384665347827 0.0257978926938 0.0339187480763 0.0427123308085 -0.00307808242927 0.0190332393523 -0.00363862563127 0.0136146987986 0.0120255571433 0.0378234649525 0.023949410351 0.00542597397815 0.0244957608458 0.0136608956343 -0.00594060652089 0.0280619217743 0.0160859507305 0.0137730753881 0.0297203010424 0.0147205914102 0.0426267832962 0.00677822568895 0.0292201490979 
0.00900064920899 0.210167798011 0.00659805876911 0.00733325004126 0.0291659677369 0.0149848992948 0.0480893874988 0.014153490319 0.0119846580844 0.0140330687196 0.0159995165447 0.0134401071417 0.00871741174052 0.0270036437495 0.00702618650329 -0.0060818648511 0.0127640354397 0.00691355607617 0.0137575781314 0.00993170412766 0.00525902176916 0.00799296941721 0.0231239628093 0.00473743809735 0.0143712617351 0.00219217569839 6.34556013835e-05 0.00964101996174 0.00961277935371 0.0144119753281 0.00418258506573 0.0211367403385 0.0190645780253 0.0162953391411 0.0194629522008 -0.0044065618193 0.0125942724598 0.0118564587321 0.0104075853875 0.0120307344555 
0.109568407998 0.00659805876911 0.637165250257 0.0439148915945 0.0250501684507 0.00788781368959 0.0426923138947 0.035594424963 0.0420078758561 0.00590634590625 0.0243720882479 0.0537212221024 0.0617521961896 0.0295724877616 0.0287158505601 0.0535179130045 0.0469957353927 0.0330145199896 0.0458409304183 0.057239213535 0.0308549376684 0.00119487811386 0.0231496431439 0.0179351124185 0.00729206230266 -0.00206882300975 0.0673687074975 0.0119566803101 0.0109989197168 0.0144500567936 0.0266556552686 0.0406571813981 0.0357912160598 0.0422404093184 0.07283674614 0.0665479850471 0.0204714579853 0.00291508576155 0.0191178915504 0.0258273222979 
0.0131410840588 0.00733325004126 0.0439148915945 2.2543314723 0.0214284513467 0.0662576780959 -0.00553148034788 0.0511468487373 0.060026121212 -0.00242034722402 -0.00882499723486 0.0231406293974 -0.00224778545691 -0.00325258012543 0.0306979172755 0.0859008633943 0.0130644195467 0.0167274135918 -0.00690778464684 0.00655201038067 0.0193605668661 -0.000756620881541 0.0259869667971 0.0141825548546 0.242005742204 0.0123624511039 0.00164120247482 0.00184600876743 0.120661750589 -0.001921586954 0.0167529086468 0.0342829398205 0.0141657904116 0.0185787705934 0.0666233287478 0.0612250425961 0.0246623819143 0.0300044939092 0.00642004405265 0.0432863789009 
0.0273540294446 0.0291659677369 0.0250501684507 0.0214284513467 0.625143054285 -0.000873478172589 0.0127559623317 -5.51777707938e-05 0.0157105999326 -0.00077841009027 -0.0019142677755 0.01450357153 0.0119283710146 0.0298693548508 0.0287731184392 -0.00763254938903 0.00943316256466 0.11869712226 0.0016791417946 -0.0037987657168 0.0420943044385 -0.00638642281729 0.0146606086241 -0.00541068751513 0.00609791904689 -0.0126460248555 0.0146733705983 0.00431963249047 0.00891806537747 0.00463397601892 0.0523942925205 0.0195993280931 0.00766957107871 0.016368972857 0.00974743098901 0.0242480366789 -0.010070557032 -0.0064671533238 0.00878332560034 -0.00324969532974 
0.00235392760342 0.0149848992948 0.00788781368959 0.0662576780959 -0.000873478172589 0.222336010083 -0.00313669286707 0.0386168922649 0.0179062517351 0.0134149559747 0.00659401672197 0.023337351726 -0.00265324080383 0.00732309076637 0.00636305799885 0.00993623518391 0.0275469737199 -0.00285362698337 0.0170916871488 0.0134198790081 0.0144441412395 0.0196353060108 0.0212148129856 0.0175823054788 0.0238743567207 0.023038346833 0.00366664844757 0.0071430671222 0.00739561086117 0.0111241250173 0.00222528793014 -0.000449272051815 0.0126413526889 0.0501827255393 0.0190726889085 0.017837632479 0.0112118550053 0.00203640781678 0.00655279797906 -0.00280350158212 
0.00443254146884 0.0480893874988 0.0426923138947 -0.00553148034789 0.0127559623317 -0.00313669286707 0.90630444089 0.0146847489672 0.0164609621216 -0.00930457848908 0.0157786116974 0.0245666979741 0.00390480676481 -0.0027252540641 -0.00616271482562 0.0273600508352 -0.000282660480736 0.013946408653 0.0143123925082 0.0142586970823 0.0165545330783 0.000459301777872 0.000826859221623 0.203335550704 -0.0237083514636 0.00753072841499 0.0344115781125 0.0124912556064 -0.00473828103754 0.0117008453896 -0.00556633490565 0.00514145425413 0.010463798907 -0.00204878571745 0.0133313933354 0.0249334027531 0.0263077758102 0.00680927082565 0.00310242250459 -0.01203680965 
0.00935970010113 0.014153490319 0.035594424963 0.0511468487373 -5.51777707945e-05 0.0386168922649 0.0146847489672 0.292529757751 0.0311439561267 0.0136198678353 0.0441659792931 0.0329594901858 0.0112175976391 0.0185275415365 0.0153369018401 0.0347163397108 0.10797049531 0.0113542611622 0.0580516570792 0.0168918440126 0.0373130985049 0.0215360519144 0.0417938642854 0.00182240685431 0.0166931823487 0.00128367148581 0.0254431823473 0.0192928257866 0.00885174103324 0.0165313262428 0.0152942454625 0.027363692173 0.0463439647162 0.0286966633172 0.0189153462293 0.0316240648508 0.00979659770222 0.00134817064101 0.00211103140756 0.00997322215771 
0.0372322892945 0.0119846580844 0.0420078758561 0.060026121212 0.0157105999326 0.0179062517351 0.0164609621216 0.0311439561267 0.43718500874 0.00492595921207 0.032269216422 0.0400623146274 0.017138403358 0.0305113793193 0.0237334403574 0.0439457170716 0.0453344503718 0.0334870064522 0.0342382074328 0.0599451767164 0.0495978386905 0.0149822890242 0.0245585620505 0.0166897242364 0.0593775297482 0.0157800575643 0.107511353731 0.00796058719687 0.0227259893115 -0.0012032282551 0.00434753027309 0.100504140674 0.0233271245998 0.0405017296348 0.0434500618215 0.0323125239773 0.00383088600148 0.000977949581485 0.0228952781593 0.0227012667077 
-0.0179628752592 0.0140330687196 0.00590634590625 -0.00242034722402 -0.00077841009027 0.0134149559747 -0.00930457848908 0.0136198678353 0.00492595921207 0.287838806717 0.00876227587918 0.00124338055427 -0.0127508739197 0.00991628974865 0.0154819138111 0.023701307812 0.0110970558783 -0.0012289626898 0.0111276198894 0.0332259117203 0.0173767243209 0.0218801679527 0.0191592675254 0.00382054361565 -0.0106127275798 0.0067506170436 0.039786867457 -0.00303123563067 0.00652001751983 0.0042994720809 0.00436710202688 0.0121764617886 0.0175125033071 0.0286008634117 0.0347272524793 0.0175029232959 0.0179096681018 0.00370069363524 0.009015531322 -0.00577916965748 
0.0255647342417 0.0159995165447 0.0243720882479 -0.00882499723486 -0.0019142677755 0.00659401672197 0.0157786116974 0.0441659792931 0.032269216422 0.00876227587918 0.389294475896 0.0284880648465 0.0234092117725 0.0244526954065 0.0299949831702 0.0206768401975 0.034585727003 0.00384664667516 0.0228233653943 0.0261039948267 0.113766956533 0.0187359144867 0.0223226351971 0.0137828567665 0.0101227847804 0.00606612995428 0.0656933524603 0.00939073485155 0.0427761440999 0.0146360951334 0.02797404383 0.0394976875724 0.0245710567666 0.0141682049506 0.0141647141451 0.0248207861504 0.0145085487374 -0.00250046792763 0.0163879586077 0.0251725897723 
0.0173540461511 0.0134401071417 0.0537212221024 0.0231406293974 0.01450357153 0.023337351726 0.0245666979741 0.0329594901858 0.0400623146274 0.00124338055427 0.0284880648465 0.238750011606 0.02306557538 0.0234977073063 0.0165491272467 0.0250553731873 0.0370756486701 0.0029180670463 0.0317645792034 0.0117762664991 0.0341410561937 0.0088447525965 0.0191851300012 0.0188267358727 0.0074714654125 0.0140954181534 0.0378747874002 0.0168567724188 0.0148764801546 0.0134786772433 0.0406515656504 0.0180273908211 0.0313383264187 0.0257459894628 0.0290461089456 0.0263604673935 0.00651383715337 0.0461887812449 0.0262574379543 0.022708443586 
0.131050933876 0.00871741174052 0.0617521961896 -0.00224778545691 0.0119283710146 -0.00265324080383 0.00390480676481 0.0112175976391 0.017138403358 -0.0127508739197 0.0234092117725 0.02306557538 0.434992029351 0.0119099176559 0.0295444299784 0.0104151629839 0.0204656129116 0.0121953901656 0.0407159091977 0.0303434925011 0.0302721439392 -0.00480953595073 0.0155109387813 0.0105997109086 0.0296712049621 -0.00124285802862 0.026063667436 0.0340125672479 0.0184990912128 0.0244007423793 0.0171899091426 0.0150353462251 0.0185667241332 0.0201128590921 0.00801125556923 0.0147091010256 0.00398846849686 0.0154763425021 0.0118431616117 0.0256714730471 
0.0410262862391 0.0270036437495 0.0295724877616 -0.00325258012543 0.0298693548508 0.00732309076637 -0.0027252540641 0.0185275415365 0.0305113793193 0.00991628974865 0.0244526954065 0.0234977073063 0.0119099176559 0.32858106491 0.0174925237271 0.0205510210659 0.0261344890257 0.00568605848223 0.0241555955553 0.00490189740938 0.0335567225258 0.0116208695185 0.019180467669 -0.00840825065382 0.0210551932108 0.0119440851004 0.0549790642983 0.011535898946 0.0157863400332 0.0075163161459 0.00424610641453 0.00749316922057 0.0131416730197 0.0095260708699 -0.00287479206212 0.000523091194865 0.0138852686 0.000763677590665 0.00439428097874 0.00902264540367 
0.0132797728055 0.00702618650329 0.0287158505601 0.0306979172755 0.0287731184392 0.00636305799885 -0.00616271482562 0.0153369018401 0.0237334403574 0.0154819138111 0.0299949831702 0.0165491272467 0.0295444299784 0.0174925237271 0.24131432825 0.010208648502 0.0381701028093 0.0333676365106 0.00802325013684 0.00222488593125 0.0295793441735 0.0037026468553 0.00705558548729 0.0201296847548 0.0296510863897 0.0157937246138 0.0149576773242 0.0177865112169 0.0214609259145 0.0166099598799 0.0418111482135 0.0114053618465 0.0318888102672 0.00300065238758 0.00422718510085 0.0423957537515 0.0230375183431 0.0190054933646 0.0189800323551 0.00355089271986 
0.01397815525 -0.00608186485111 0.0535179130045 0.0859008633943 -0.00763254938903 0.00993623518391 0.0273600508352 0.0347163397108 0.0439457170716 0.023701307812 0.0206768401975 0.0250553731873 0.0104151629839 0.0205510210659 0.010208648502 0.359411078498 0.0217314726382 0.00490973345161 0.0244795701504 0.0399857059736 0.0269706981325 0.00357897780008 0.0141763449585 0.0346729857917 0.0215753200535 -0.00116121965688 0.0594225578366 0.00713535841138 0.0199724851756 0.013269854762 0.0123280467035 0.0222787893004 0.0111068288414 0.00843987347406 0.0391242998127 0.026902206841 -0.00370222248448 -0.00757125830213 0.00148241174382 0.0155617609888 
0.00495389241775 0.0127640354397 0.0469957353927 0.0130644195467 0.00943316256466 0.0275469737199 -0.000282660480736 0.10797049531 0.0453344503718 0.0110970558783 0.034585727003 0.0370756486701 0.0204656129116 0.0261344890257 0.0381701028093 0.0217314726382 0.23180928407 0.00785050943339 0.0426097684993 0.0321628537058 0.036103935922 0.00629928942328 0.045645712199 0.00632756356172 0.0376573034386 0.0119206798976 0.0186111604883 0.0204982905747 0.0253229686086 0.0208047740994 0.0176970719331 0.0217850711716 0.045028183729 0.0273945709041 0.0191780619295 0.0189149175407 0.0144954432551 0.000361650261972 0.0251478916761 0.0222983007566 
0.000384665347828 0.00691355607617 0.0330145199896 0.0167274135918 0.11869712226 -0.00285362698337 0.013946408653 0.0113542611622 0.0334870064522 -0.0012289626898 0.00384664667516 0.0029180670463 0.0121953901656 0.00568605848223 0.0333676365106 0.00490973345161 0.00785050943339 0.424351885362 -0.0113157504747 -0.00222821829389 0.0423179679061 -0.000404583545758 -0.00668605798418 0.0115004832386 -0.00178117339259 0.0276246295189 0.0375190664986 -0.00568767065822 -0.000923426927543 0.00785824131358 0.0346691490683 0.0132130372611 0.0600844799157 0.0181749171018 0.0300525507584 0.00782274344146 0.00804295302453 0.00623594649869 0.00738974620445 0.0124776104719 
0.0257978926938 0.0137575781314 0.0458409304183 -0.00690778464684 0.0016791417946 0.0170916871488 0.0143123925082 0.0580516570792 0.0342382074328 0.0111276198894 0.0228233653943 0.0317645792034 0.0407159091977 0.0241555955553 0.00802325013684 0.0244795701504 0.0426097684993 -0.0113157504747 0.239206198301 0.0372251882723 0.0334740636678 -0.0345857251273 0.0237138728961 0.0194927402865 0.00861289079107 0.00623523418522 0.0425654096667 0.0226338344853 0.00507538093256 0.0111650461943 0.0232603899423 0.0115311021802 0.0338347968584 0.0495579803387 0.0240432875348 0.0297675644658 0.0116061533361 -0.0125263021255 0.0180584496622 0.0267167816422 
0.0339187480763 0.00993170412766 0.057239213535 0.00655201038067 -0.00379876571681 0.0134198790081 0.0142586970823 0.0168918440126 0.0599451767164 0.0332259117203 0.0261039948267 0.0117762664991 0.0303434925011 0.00490189740938 0.00222488593125 0.0399857059736 0.0321628537058 -0.00222821829389 0.0372251882723 0.273675626983 0.0323178032246 -0.00306054387415 0.0052072600377 0.0124970796238 0.0344618885113 0.0283274575274 0.0507811379985 0.00365471660606 0.020131818437 -0.00826729151088 0.019569402474 0.0296918956171 0.011489448235 0.0435745646246 0.0280281691771 0.0161366209864 0.0252884125504 -0.0262690555658 0.0217479232939 0.0209079526068 
0.0427123308085 0.00525902176916 0.0308549376684 0.0193605668661 0.0420943044385 0.0144441412395 0.0165545330783 0.0373130985049 0.0495978386905 0.0173767243209 0.113766956533 0.0341410561937 0.0302721439392 0.0335567225258 0.0295793441735 0.0269706981325 0.036103935922 0.0423179679061 0.0334740636678 0.0323178032246 0.520031899998 0.00279141791677 0.0247255726826 -0.00125163371269 0.00785106816047 0.000399174533744 0.0583048904565 0.0178717253224 0.0475405760348 0.0143082523191 0.0286623022622 0.0373480888162 0.0266780779519 0.0439900731362 0.0509620951766 0.027879918418 0.0253929518958 0.0039222911949 0.0299057477103 0.0570159602791 
-0.00307808242927 0.00799296941721 0.00119487811386 -0.000756620881541 -0.00638642281729 0.0196353060108 0.000459301777872 0.0215360519144 0.0149822890242 0.0218801679527 0.0187359144867 0.0088447525965 -0.00480953595073 0.0116208695185 0.0037026468553 0.00357897780008 0.00629928942328 -0.000404583545758 -0.0345857251273 -0.00306054387415 0.00279141791677 0.533663185511 0.00553167435842 0.00753603063037 0.0276400123796 0.0105277205069 -0.000668559951761 0.0027089844068 0.00869731622451 0.0086956427237 0.0147715377027 0.0162855444493 -0.00235805444144 0.0329616862704 0.0205268996072 0.00491552657375 0.0107273239719 -0.00988827699574 0.00803534494374 0.00264900289503 
0.0190332393523 0.0231239628093 0.0231496431439 0.0259869667971 0.0146606086241 0.0212148129856 0.000826859221623 0.0417938642854 0.0245585620505 0.0191592675254 0.0223226351971 0.0191851300012 0.0155109387813 0.019180467669 0.00705558548729 0.0141763449585 0.045645712199 -0.00668605798418 0.0237138728961 0.0052072600377 0.0247255726826 0.00553167435842 0.210373302363 0.00103896901187 0.0138847031481 0.0174292194539 0.0206186480517 0.0202443797986 0.0168611811462 0.0287683676116 -0.00565620383613 0.0281593986906 0.0281043929962 0.0207210667595 0.0360708761868 0.00707658051954 0.00795037006994 -0.00206565545641 0.0216987825847 0.0108700149221 
-0.00363862563127 0.00473743809735 0.0179351124185 0.0141825548546 -0.00541068751512 0.0175823054788 0.203335550704 0.00182240685431 0.0166897242364 0.00382054361565 0.0137828567665 0.0188267358727 0.0105997109086 -0.00840825065382 0.0201296847548 0.0346729857917 0.00632756356172 0.0115004832386 0.0194927402865 0.0124970796238 -0.00125163371269 0.00753603063037 0.00103896901187 0.492378507172 0.0088202150393 0.00472620072475 0.0952410145886 0.00105090025737 0.0117810485903 0.0098102034995 0.066984647502 0.0151251780484 0.0225766852339 0.00884841700874 0.0202424862436 0.0195380196359 0.0148214971753 0.0158521234209 0.000947316705187 0.0159651778769 
0.0136146987986 0.0143712617351 0.00729206230266 0.242005742204 0.00609791904689 0.0238743567207 -0.0237083514636 0.0166931823487 0.0593775297482 -0.0106127275798 0.0101227847804 0.0074714654125 0.0296712049621 0.0210551932108 0.0296510863897 0.0215753200535 0.0376573034386 -0.00178117339259 0.00861289079107 0.0344618885113 0.00785106816047 0.0276400123796 0.0138847031481 0.0088202150393 0.356493823876 0.00844733256409 0.0278655217989 0.0181275735334 0.0558827751014 0.00728132486416 0.0141519995312 0.0305773343478 0.01283172912 0.00786058725532 0.0197041713287 0.0152821801684 0.0207203890108 0.00616142949026 -0.00582254870568 0.016192116231 
0.0120255571433 0.00219217569839 -0.00206882300975 0.0123624511039 -0.0126460248555 0.023038346833 0.00753072841499 0.00128367148582 0.0157800575643 0.0067506170436 0.00606612995428 0.0140954181534 -0.00124285802862 0.0119440851004 0.0157937246138 -0.00116121965688 0.0119206798976 0.0276246295189 0.00623523418522 0.0283274575274 0.000399174533744 0.0105277205069 0.0174292194539 0.00472620072475 0.00844733256409 0.212058101949 0.00323101348388 0.00553547748072 0.00424189650109 0.00647995233208 0.0149978229635 -0.00255896436211 0.0160202538455 0.0192845826966 0.0154482691809 0.00554215151797 0.000501787445523 0.007954120702 0.0138308711927 -0.00288780519918 
0.0378234649525 6.34556013827e-05 0.0673687074975 0.00164120247482 0.0146733705983 0.00366664844757 0.0344115781125 0.0254431823473 0.107511353731 0.039786867457 0.0656933524603 0.0378747874002 0.026063667436 0.0549790642983 0.0149576773242 0.0594225578366 0.0186111604883 0.0375190664986 0.0425654096667 0.0507811379985 0.0583048904565 -0.000668559951761 0.0206186480517 0.0952410145886 0.0278655217989 0.00323101348388 0.960181735405 0.00383759615554 0.062954402114 0.00852599730137 0.0396210366178 0.0694466648319 0.0215582706587 0.0316510847806 0.0421642270057 0.0400468373947 0.0377628710611 0.0305862543636 0.00629179391056 0.0627398518572 
0.023949410351 0.00964101996174 0.0119566803101 0.00184600876743 0.00431963249047 0.0071430671222 0.0124912556064 0.0192928257866 0.00796058719687 -0.00303123563067 0.00939073485155 0.0168567724188 0.0340125672479 0.011535898946 0.0177865112169 0.00713535841138 0.0204982905747 -0.00568767065822 0.0226338344853 0.00365471660606 0.0178717253224 0.0027089844068 0.0202443797986 0.00105090025737 0.0181275735334 0.00553547748072 0.00383759615554 0.157606841348 0.00391721121103 0.0570881404855 0.00573506584826 -0.00225840562327 0.0286698688926 0.00465677530957 0.00943611218226 0.0158136100077 0.00537400963137 -0.000406105070516 0.0172234631421 0.0172229036605 
0.00542597397815 0.00961277935371 0.0109989197168 0.120661750589 0.00891806537747 0.00739561086117 -0.00473828103754 0.00885174103324 0.0227259893115 0.00652001751983 0.0427761440999 0.0148764801546 0.0184990912128 0.0157863400332 0.0214609259145 0.0199724851756 0.0253229686086 -0.000923426927543 0.00507538093256 0.020131818437 0.0475405760348 0.00869731622451 0.0168611811462 0.0117810485903 0.0558827751014 0.00424189650109 0.062954402114 0.00391721121103 0.469465388341 0.00267567646881 0.0400222208222 0.0265369418411 0.0277777235126 0.00103384385767 0.0182158909844 0.00205982351194 0.0152930057965 -0.0100367902054 0.0138032337302 -0.00284088622388 
0.0244957608458 0.0144119753281 0.0144500567936 -0.001921586954 0.00463397601892 0.0111241250173 0.0117008453896 0.0165313262428 -0.0012032282551 0.0042994720809 0.0146360951334 0.0134786772433 0.0244007423793 0.0075163161459 0.0166099598799 0.013269854762 0.0208047740994 0.00785824131358 0.0111650461943 -0.00826729151088 0.0143082523191 0.0086956427237 0.0287683676116 0.0098102034995 0.00728132486416 0.00647995233208 0.00852599730137 0.0570881404855 0.00267567646881 0.147232128748 0.0106882955777 0.00961342625588 0.0283104566398 0.00946559268125 0.00104262487386 0.0178417845215 0.00720729419244 0.00603954381093 0.00939270811527 0.0155709175933 
0.0136608956343 0.00418258506573 0.0266556552686 0.0167529086468 0.0523942925205 0.00222528793014 -0.00556633490565 0.0152942454625 0.00434753027309 0.00436710202688 0.02797404383 0.0406515656504 0.0171899091426 0.00424610641453 0.0418111482135 0.0123280467035 0.0176970719331 0.0346691490683 0.0232603899423 0.019569402474 0.0286623022622 0.0147715377027 -0.00565620383613 0.066984647502 0.0141519995312 0.0149978229635 0.0396210366178 0.00573506584826 0.0400222208222 0.0106882955777 0.48749692319 -0.00351227471625 0.0166186140876 0.0194365903482 0.0238651380933 0.0256723548308 0.019352974021 -0.00279830319139 0.0176204635353 0.0291118043931 
-0.00594060652089 0.0211367403385 0.0406571813981 0.0342829398205 0.0195993280931 -0.000449272051815 0.00514145425412 0.027363692173 0.100504140674 0.0121764617886 0.0394976875724 0.0180273908211 0.0150353462251 0.00749316922057 0.0114053618465 0.0222787893004 0.0217850711716 0.0132130372611 0.0115311021802 0.0296918956171 0.0373480888162 0.0162855444493 0.0281593986906 0.0151251780484 0.0305773343478 -0.00255896436211 0.0694466648319 -0.00225840562327 0.0265369418411 0.00961342625588 -0.00351227471625 0.309462500079 0.0210948962363 0.0481289213739 0.0184721447096 0.0178701128504 0.00598056130739 0.00291947396996 0.0159969926517 0.0139277597121 
0.0280619217743 0.0190645780253 0.0357912160598 0.0141657904116 0.00766957107871 0.0126413526889 0.010463798907 0.0463439647162 0.0233271245998 0.0175125033071 0.0245710567666 0.0313383264187 0.0185667241332 0.0131416730197 0.0318888102672 0.0111068288414 0.045028183729 0.0600844799157 0.0338347968584 0.011489448235 0.0266780779519 -0.00235805444144 0.0281043929962 0.0225766852339 0.01283172912 0.0160202538455 0.0215582706587 0.0286698688926 0.0277777235126 0.0283104566398 0.0166186140876 0.0210948962363 0.230486500863 0.0294421767544 0.0215476258992 0.0202984835454 0.0195226047985 -0.00237920374376 0.0233594646537 0.0175969925049 
0.0160859507305 0.0162953391411 0.0422404093184 0.0185787705933 0.016368972857 0.0501827255393 -0.00204878571745 0.0286966633172 0.0405017296348 0.0286008634117 0.0141682049506 0.0257459894628 0.0201128590921 0.0095260708699 0.00300065238758 0.00843987347406 0.0273945709041 0.0181749171018 0.0495579803387 0.0435745646246 0.0439900731362 0.0329616862704 0.0207210667595 0.00884841700874 0.00786058725532 0.0192845826966 0.0316510847806 0.00465677530957 0.00103384385767 0.00946559268125 0.0194365903482 0.0481289213739 0.0294421767544 0.311462805855 0.0373619149547 0.0206271339255 0.0209797275206 0.00122882674614 0.019918025377 0.0255063451132 
0.0137730753881 0.0194629522008 0.07283674614 0.0666233287478 0.00974743098901 0.0190726889085 0.0133313933354 0.0189153462293 0.0434500618215 0.0347272524793 0.0141647141451 0.0290461089456 0.00801125556923 -0.00287479206212 0.00422718510085 0.0391242998127 0.0191780619295 0.0300525507584 0.0240432875348 0.0280281691771 0.0509620951766 0.0205268996072 0.0360708761868 0.0202424862436 0.0197041713287 0.0154482691809 0.0421642270057 0.00943611218226 0.0182158909844 0.00104262487386 0.0238651380933 0.0184721447096 0.0215476258992 0.0373619149547 0.472564270009 0.0108704553673 0.0131748376144 -0.00234291525567 0.0157051396587 0.00553964033338 
0.0297203010424 -0.0044065618193 0.0665479850471 0.0612250425961 0.0242480366789 0.017837632479 0.0249334027531 0.0316240648508 0.0323125239773 0.0175029232959 0.0248207861504 0.0263604673935 0.0147091010256 0.000523091194865 0.0423957537515 0.026902206841 0.0189149175407 0.00782274344145 0.0297675644658 0.0161366209864 0.027879918418 0.00491552657375 0.00707658051954 0.0195380196359 0.0152821801684 0.00554215151797 0.0400468373947 0.0158136100077 0.00205982351194 0.0178417845215 0.0256723548308 0.0178701128504 0.0202984835454 0.0206271339255 0.0108704553673 0.348679825397 0.00806259883217 -0.00341075171858 0.00749630235007 0.00948542240653 
0.0147205914102 0.0125942724598 0.0204714579853 0.0246623819143 -0.010070557032 0.0112118550053 0.0263077758102 0.00979659770222 0.00383088600148 0.0179096681018 0.0145085487374 0.00651383715337 0.00398846849686 0.0138852686 0.0230375183431 -0.00370222248448 0.0144954432551 0.00804295302453 0.0116061533361 0.0252884125504 0.0253929518958 0.0107273239719 0.00795037006994 0.0148214971753 0.0207203890108 0.000501787445523 0.0377628710611 0.00537400963137 0.0152930057965 0.00720729419244 0.019352974021 0.00598056130739 0.0195226047985 0.0209797275206 0.0131748376144 0.00806259883217 0.259389572408 -0.000185218700967 0.0144580557629 -0.0135152967384 
0.0426267832962 0.0118564587321 0.00291508576155 0.0300044939092 -0.0064671533238 0.00203640781678 0.00680927082565 0.00134817064101 0.000977949581485 0.00370069363524 -0.00250046792763 0.0461887812449 0.0154763425021 0.000763677590665 0.0190054933646 -0.00757125830213 0.000361650261971 0.00623594649869 -0.0125263021255 -0.0262690555658 0.0039222911949 -0.00988827699574 -0.00206565545641 0.0158521234209 0.00616142949026 0.007954120702 0.0305862543636 -0.000406105070516 -0.0100367902054 0.00603954381093 -0.00279830319139 0.00291947396996 -0.00237920374376 0.00122882674614 -0.00234291525567 -0.00341075171858 -0.000185218700967 0.639047821908 -0.00657840421075 0.00215607872674 
0.00677822568895 0.0104075853875 0.0191178915504 0.00642004405265 0.00878332560034 0.00655279797906 0.00310242250459 0.00211103140757 0.0228952781593 0.009015531322 0.0163879586077 0.0262574379543 0.0118431616117 0.00439428097874 0.0189800323551 0.00148241174382 0.0251478916761 0.00738974620445 0.0180584496622 0.0217479232939 0.0299057477103 0.00803534494374 0.0216987825847 0.000947316705187 -0.00582254870568 0.0138308711927 0.00629179391056 0.0172234631421 0.0138032337302 0.00939270811527 0.0176204635353 0.0159969926517 0.0233594646537 0.019918025377 0.0157051396587 0.00749630235007 0.0144580557629 -0.00657840421075 0.142148110175 0.013740279673 
0.0292201490979 0.0120307344555 0.0258273222979 0.0432863789009 -0.00324969532974 -0.00280350158212 -0.01203680965 0.00997322215771 0.0227012667077 -0.00577916965748 0.0251725897723 0.022708443586 0.0256714730471 0.00902264540367 0.00355089271986 0.0155617609888 0.0222983007566 0.0124776104719 0.0267167816422 0.0209079526068 0.0570159602791 0.00264900289503 0.0108700149221 0.0159651778769 0.016192116231 -0.00288780519918 0.0627398518572 0.0172229036605 -0.00284088622388 0.0155709175933 0.0291118043931 0.0139277597121 0.0175969925049 0.0255063451132 0.00553964033338 0.00948542240653 -0.0135152967384 0.00215607872674 0.013740279673 0.470196994855 

['RIG', 'SLM', 'X', 'TLAB', 'ACS', 'ALL', 'GM', 'NTRS', 'KLAC', 'DG', 'HPQ', 'PX', 'WMB', 'BF.B', 'MCK', 'NSC', 'MEL', 'MIL', 'GWW', 'ROK', 'NTAP', 'MAT', 'PNC', 'F', 'BDX', 'HNZ', 'PMCS', 'AEE', 'BMC', 'PGN', 'CI', 'ADI', 'PCL', 'ASD', 'EK', 'SHW', 'AN', 'MYL', 'PBI', 'Q']