50
0.0135350028622 0.0367752030525 0.0253746335001 0.200970993098 0.0486003975036 0.0442318588416 0.0235207120966 0.0545718905582 0.00422555400052 0.0163484450471 0.0316848802341 0.0389775871913 0.074230100705 0.0266110290159 0.0383245101253 0.07971303899 0.00361039022472 0.0597278634654 0.123248136701 0.22311845274 0.080285366307 0.149246593495 0.0936509155003 0.0284224966367 0.0115927538848 0.0378384564622 0.079223051944 0.0678674292734 0.0439476996979 0.0131635076039 0.065735385914 0.0335830315084 0.0357981155146 0.0459594094694 0.0449016594387 0.0852779749864 0.0256345374975 0.188050706821 0.0125275076286 0.0399774891594 0.0341115490789 0.0162161188728 0.044891801276 0.0722101641432 0.0309081568087 0.0255776045185 0.0909027791802 0.0466521206007 0.0206012582373 0.0418020448473 
0.190593465873 0.0114399618779 0.00808057169459 0.0167669721943 0.0306257806279 0.00764468849748 0.00585439632881 0.00766464908837 0.00650474443341 0.00629386892595 0.0258773322627 0.0269704510146 0.0263198708286 0.0148185738717 0.0374562865717 0.0130038308983 0.0143818621142 0.0187770689712 0.0245038777944 0.0293953726042 0.00660346022217 0.0166262521131 0.014726897272 0.00892916091553 0.0157966198046 0.00886243464321 0.0257570215782 0.0103725375488 -0.000915108731399 0.0134324308491 0.0257892005545 0.0139678573291 0.0214197433918 0.0251207956088 0.00794131437683 0.0216219694016 0.00842710492787 0.0102144791944 0.0137522043452 -0.00825186209692 0.0107694753061 0.0133015109396 0.0159901901176 0.0243292563941 0.028795275466 0.00910508160557 0.0118471566822 0.0062516779209 0.0197701071545 0.0257415356865 
0.0114399618779 0.254485052081 -0.00429953106076 0.0328380946278 -0.0138225757156 0.0108119890353 -0.00172351212002 0.00283921600446 0.00131138697418 -0.000862925015111 0.0102809307695 0.0219870832121 0.0266585551674 0.018758588089 0.00917567162784 0.00448245213455 0.0156087209596 0.00869180248449 0.00953009131482 0.0187447271783 0.00747856238819 -0.00615460542556 0.0284054417571 -0.00503412411676 0.0117327552061 0.014278091644 0.0143950090502 0.0185444741087 0.00314583443803 0.00301725915381 0.0392007808217 0.00959328948951 0.026949502681 0.0054282976488 0.0138484510679 0.0153807500278 0.0140020171446 0.00266093683962 0.0116565134245 0.00308729709813 0.00207365458423 0.00902075704977 0.00703500721904 0.0294478196373 0.0191554917308 0.0104916411007 0.017556334663 -0.00101401764273 0.0157345425108 0.0128525325772 
0.00808057169459 -0.00429953106076 0.281026281111 0.0161994861692 0.0130547020807 0.0169044901853 0.00741154605606 0.00583274861105 0.00591740190642 0.00640418747494 0.0151418771351 0.00999954582118 0.0361694429107 0.0153341603863 0.0175616266181 0.0503603906495 0.0179765128464 0.0156760055487 0.0238595716721 0.0331506673693 0.00764552666096 0.00745848029629 0.0364445062798 0.00526176128194 0.0139634970587 -0.00952534291128 0.0201545220182 0.0319623010726 0.0122707495343 0.0134611295974 0.0285703063564 0.0225177832555 0.0112842240941 0.0124370291137 0.0233682892542 0.0112182466921 0.0172159851659 0.0321921777389 0.0094356139017 0.00218265164557 0.0139781794547 -1.88309618119e-05 0.00393533660698 0.0159411504219 0.011827298034 0.0166085746452 0.00598153392219 0.00778278501864 0.0249183583643 0.0227908125941 
0.0167669721943 0.0328380946278 0.0161994861692 0.923998585849 -0.00718304183863 0.0244551250631 0.0371839629894 0.00646203949899 0.0163730622497 0.0151417303473 0.02288553134 0.0112291131728 0.0200617064686 0.00999060140285 -0.0030273511136 0.00347215893927 -0.00313709829253 0.0206781983372 -0.00761027225918 0.0172545927151 0.0153304536058 -0.0142327270497 0.0209565485302 0.0249680416543 0.000721835922687 -0.01736581605 0.0617872960422 0.0205647541099 0.0195961538164 0.00989067845486 -0.0256499262147 0.0158034015921 -0.00704840662037 0.0178467157701 0.0124141429428 0.0150842014166 0.0031898731823 0.0411177607808 -0.00902999761643 0.0183836090426 0.0105798009261 -0.000833481130848 0.00695220761165 0.0197693494264 -0.000339844765579 0.0531119856018 0.00634912063881 0.0145542014198 0.0108943398492 0.0143628016686 
0.0306257806279 -0.0138225757156 0.0130547020807 -0.00718304183863 0.397909743214 0.0273976370064 0.00568313494285 0.00934437292363 0.0102811038848 0.0186625968529 0.00851384519155 0.00918093451437 0.0212266383075 0.0114106031065 0.010238547564 0.0210798336886 0.00629229841829 0.00907600937701 0.0140890730788 0.0239020065329 0.0162333527719 0.0152662182386 0.00258061435698 0.0334012591603 0.00775696718455 0.00252859942864 0.0277217956679 0.0153538580902 0.00584856691676 0.0105086521492 0.0069960558899 0.0195419256749 0.00238955639967 0.0124313612842 0.0184784739437 0.00550843142714 0.00691494335554 0.0392458263784 0.000862268649311 -0.0094234602541 0.0173667798153 0.0167627595868 0.00729874787209 0.0239064870574 0.0188254279477 -0.00395249935767 0.0224876712807 0.00688653820083 0.00465740069983 0.0170813564327 
0.00764468849748 0.0108119890353 0.0169044901853 0.0244551250631 0.0273976370064 0.235172845461 0.0161174946601 0.0160852301268 0.014779629595 0.0195541618193 0.0264017864584 0.0280741560978 0.0375153996666 0.0217815185077 0.0128116822555 0.0375743147536 0.00318547423684 0.0141713662199 0.0361167717836 0.0539925490807 0.0226633785974 0.0351748646285 0.00957372238471 0.00929249189423 0.0235698023667 0.00226645152319 0.026065662011 0.00899970833202 0.010938259397 0.0106691792694 0.0118073010861 0.0189251890582 0.0276666114309 0.0319696078201 0.045398396428 0.0329395748067 0.00661330449198 0.0360908610703 0.018304539752 -0.0031704791393 0.0214783821035 0.0114947392481 0.0305904605181 0.0229453420352 0.016016815276 0.0246288664485 0.00505001449121 0.0218781849198 0.0217278277055 0.0325395105763 
0.00585439632881 -0.00172351212002 0.00741154605606 0.0371839629894 0.00568313494285 0.0161174946601 0.216407083927 0.0197068980087 0.0119981788349 0.0140685602152 0.010036886311 0.00231716351148 0.0146572656495 0.00133433682557 0.00172892210358 0.0270695102794 0.0118606929254 0.0109127219931 0.0193465523045 -0.000797194881615 0.0154638722378 0.00285708763468 0.00360967738055 0.010875048395 0.0107860473055 0.00367748732079 0.00978832320544 0.0161889449574 0.0161575089764 0.0076837276424 0.00774259050642 0.0148673867018 0.00674035988442 0.0130924918019 0.0279112934153 0.0166218869613 -0.00239755273492 0.00161106908552 0.0129180877015 0.00365397822127 0.00249923997074 0.00883844096743 0.0180119611371 0.0168086760052 0.0105660573736 0.0283115660954 -0.00112408017177 0.0186237989374 0.0120587718073 0.00936688232373 
0.00766464908837 0.00283921600446 0.00583274861105 0.00646203949899 0.00934437292363 0.0160852301268 0.0197068980087 0.243965361124 0.00309887282983 0.0426884914444 0.0159498187464 0.0207739900237 0.0162953063246 0.0304836982031 0.00879796697716 0.0123462042931 0.00901926671531 0.0131826107321 0.0297960530129 0.00672020185339 0.0143926605949 0.0362161212093 0.0060250543422 5.82591108353e-05 0.00993231651224 0.00703569670469 0.00644997941053 0.00405200308773 0.00520981655838 0.0456045739553 0.0193207588955 0.00439995122756 0.0126198727006 0.00633668253077 0.0186214959493 0.0278728843804 0.00674419429212 -0.0146572214246 0.00513360260995 0.0140732220349 0.00335752611113 0.0326857576303 0.00810766618806 0.00248091731081 0.0106309081334 -0.00133447957025 0.0574508991716 0.139824922838 0.0105429169735 0.0246768475362 
0.00650474443341 0.00131138697418 0.00591740190642 0.0163730622497 0.0102811038848 0.014779629595 0.0119981788349 0.00309887282983 0.264207364636 0.00725587049801 0.0305147798822 0.00896847831741 0.0206571225956 0.0136779992284 0.0187990576514 0.00558031433412 0.0436086034967 0.00432153817953 0.0142414182347 0.0195118020073 0.000435217472809 0.0166372347631 0.024365798574 0.00320289928593 0.0126131586147 0.0488856351593 0.0103806781583 0.0449851366987 0.00826122076398 0.00748260513005 0.0233750897595 -0.00204151234531 -0.00150408572622 0.0278190783764 0.0265173383549 0.0173222828303 0.00926197981683 0.0310705223108 0.0175340913037 0.000968475482089 0.018673549109 0.0240193686871 0.0156734442165 0.0254289643039 0.0335555940585 -0.00158115188436 0.00183694082079 0.00603812230525 0.0163587380525 0.00978845686937 
0.00629386892595 -0.000862925015111 0.00640418747494 0.0151417303473 0.0186625968529 0.0195541618193 0.0140685602152 0.0426884914444 0.00725587049801 0.190155565766 0.0109462833242 0.0212837202609 0.0208212437937 0.0151380875585 0.00653248847398 -0.00548865885778 0.00636212189354 0.00639045496653 0.024543156368 0.0184173668454 0.0199514276624 0.047029966149 0.0178830832184 0.0224060734851 0.00295251404725 0.00808655200702 0.0055641740232 0.00933524353598 0.00480583888398 0.0508258577561 0.00744685139597 0.0108912680708 0.0112258357415 0.00399888313375 0.0114411689534 0.0233732140054 -0.00118654953489 -0.00705763852084 0.0122087138114 0.0244746173153 0.00199402222181 0.0433198380489 0.0103312606176 0.0179182180749 0.00801542431272 0.0134583069886 0.0152579417969 0.0475406717784 0.0043628392363 0.0140353850507 
0.0258773322627 0.0102809307695 0.0151418771351 0.02288553134 0.00851384519155 0.0264017864584 0.010036886311 0.0159498187464 0.0305147798822 0.0109462833242 0.166981891615 0.0267294943157 0.0256597489253 0.0114075200504 0.0185227944694 0.010039137163 0.00948207847707 0.017751528677 0.00173764458809 0.011667056143 0.017691724293 0.0167764107319 0.0200826877398 0.00599673631582 0.0109015602269 0.000244022969925 0.0125227888851 0.0149045329158 0.00863534005289 0.0132222919523 0.020684299975 0.00405932617003 0.021997186478 0.0340908611072 0.0149800680423 0.0042400008704 0.00886247810533 0.0165462848052 0.00716731845654 0.00596481676382 0.0124679269744 0.0216173320061 0.0143495965702 0.0355793905922 0.02804806852 0.008545224738 -0.00362165469168 0.0179755556319 0.0201718482814 0.0219276863869 
0.0269704510146 0.0219870832121 0.00999954582118 0.0112291131728 0.00918093451437 0.0280741560978 0.00231716351148 0.0207739900237 0.00896847831741 0.0212837202609 0.0267294943157 0.243158869203 0.0373272074862 0.00566136403447 0.0127634468563 0.0113342042917 0.0125043608001 0.00956501165852 0.0188309251056 0.0237141422655 0.0121055914356 0.0122763133361 0.0193398617413 0.00780671514686 -0.000508512544079 0.0287783540977 0.0114260026262 0.0271679247715 0.00558734098231 0.022500779809 0.0386379874942 0.0239461218671 0.025166345248 0.0360064661573 0.0149339486897 0.0352278813084 0.00848586436568 0.01703800517 0.00689883686231 0.00424736400266 0.0109171833882 0.0273472720582 0.0318405372297 0.0249217981992 0.021361543219 0.010396177671 -0.0010679804027 0.0167841239093 0.0137025903828 0.018846809384 
0.0263198708286 0.0266585551674 0.0361694429107 0.0200617064686 0.0212266383075 0.0375153996666 0.0146572656495 0.0162953063246 0.0206571225956 0.0208212437937 0.0256597489253 0.0373272074862 0.492156210529 0.0269366884674 0.0619275180143 0.0449734703316 0.0243066561873 0.0262492411577 0.0474493405405 0.0715638492238 0.0261985933872 0.0988614744106 0.101321409234 0.00124176518711 0.013949078948 0.0155479530969 0.0384432156785 0.0440814133841 0.0181899591246 0.0132666754821 0.015709740847 0.0311112420687 0.0321955328688 0.0565024539851 0.0292731849112 0.0252098604012 0.0170797876522 0.0481118180333 0.0109341407042 -0.0128362558968 0.0126362489798 0.0249230800158 0.0571140155742 0.0309156375186 0.0536550387867 0.0322794044741 0.026078212468 0.0113667103593 0.0321842299262 0.0627242373341 
0.0148185738717 0.018758588089 0.0153341603863 0.00999060140285 0.0114106031065 0.0217815185077 0.00133433682556 0.0304836982031 0.0136779992284 0.0151380875585 0.0114075200504 0.00566136403447 0.0269366884674 0.27943791209 0.0110315796576 0.0219166625096 0.0094107381006 -0.00913569795846 0.0403733568216 0.00756562368554 0.0222517751858 0.0319650455022 0.0170344463624 0.000753696726396 0.00330707829069 0.0093295813968 0.00820396087941 0.0134895930783 0.0124332504518 0.0145861353469 0.0320491312689 0.0123236275984 0.0226601282927 -0.00566913678849 -0.00680765620305 0.0123729373287 0.0119601608764 0.0592042228949 0.0121537420515 0.00523999032128 0.00480964863352 0.0147899699569 -0.00406684547944 0.000209658644602 0.0204569433651 -0.00348508251436 0.0105601695474 0.0281017262015 0.0160755212712 0.0130661645033 
0.0374562865717 0.00917567162784 0.0175616266181 -0.0030273511136 0.010238547564 0.0128116822555 0.00172892210358 0.00879796697716 0.0187990576514 0.00653248847398 0.0185227944694 0.0127634468563 0.0619275180143 0.0110315796576 0.312822845071 0.0280592125994 0.0376276716908 0.0232358534579 0.00910422260984 0.02311720845 0.0203138572476 0.00999819249607 0.0746626360524 -0.00161649457066 0.0191337714705 0.0127287098256 0.0292160005715 0.0334401822699 0.0055185795368 -0.00208089933011 0.0218380526167 0.0301411564532 0.0294608987263 0.0361823318758 0.01713525092 0.0164457835014 0.0112963115596 0.0239815288382 0.0371972496399 0.0394765297893 0.00759015958599 0.00773436182008 0.0163961025809 0.0200131069006 0.0601687034778 0.0152225184806 0.00199836655598 0.00802221332767 0.0172528866797 0.0100078554331 
0.0130038308983 0.00448245213455 0.0503603906495 0.00347215893927 0.0210798336886 0.0375743147536 0.0270695102794 0.0123462042931 0.00558031433412 -0.00548865885778 0.010039137163 0.0113342042917 0.0449734703316 0.0219166625096 0.0280592125994 0.474192926123 0.0301490406405 0.00729831321108 0.0272907310971 0.0139600212037 0.0240980684944 0.0128162343062 -4.11631710041e-05 7.56690179348e-05 0.0150072185856 0.00467339980326 0.00647476896538 -0.00218825847418 0.0203593328672 0.00581348161848 0.0169854294494 -0.00413083307253 0.0288662943857 0.00298072730909 0.00487266917264 0.12824515455 0.0565274646158 0.0134998151587 0.03134493556 0.00981023557722 0.00231274298818 -0.0103987292445 0.0281714844753 0.0203288304441 0.0116967356006 0.00147713784514 0.0101395552711 0.00732319783893 0.0131348595665 0.023598754504 
0.0143818621142 0.0156087209596 0.0179765128464 -0.00313709829253 0.00629229841829 0.00318547423684 0.0118606929254 0.00901926671531 0.0436086034967 0.00636212189354 0.00948207847707 0.0125043608001 0.0243066561873 0.0094107381006 0.0376276716908 0.0301490406405 0.205058349172 -0.000511575538255 0.0192311130867 0.00655526716783 0.0157725677222 0.000151788385413 0.021314781112 0.00661581956295 0.00595681866565 0.041571528215 0.00959760641085 0.0294494769227 0.0109671459271 0.00591853905369 0.00922315975021 0.0114676027086 0.0104556156 0.0367763555862 0.0176565592575 0.0112633371806 0.0241454419549 0.0314470210722 0.0186985524114 -0.00672887836824 0.0104600603164 -0.00288695589864 0.0155877130877 0.00377312261018 0.0205255978917 -0.000661598377949 0.00847494241522 0.00818771304906 0.0100882182731 0.0073677890893 
0.0187770689712 0.00869180248449 0.0156760055487 0.0206781983372 0.00907600937701 0.0141713662199 0.0109127219931 0.0131826107321 0.00432153817953 0.00639045496653 0.017751528677 0.00956501165852 0.0262492411577 -0.00913569795846 0.0232358534579 0.00729831321108 -0.000511575538255 0.387607527594 0.0753419575588 0.0166147515369 0.0307357045885 0.0406284962065 0.0174017246773 0.0050222336764 0.00226396139913 -0.0163470900459 0.0338251656682 0.0245556521548 0.0119973047067 -0.00255100739525 0.0320382678819 0.0108798961919 0.0132413317564 0.0358666239978 0.0177613119061 0.0223441330033 0.00489789861045 0.0920104634922 0.00828966584236 -4.74188698633e-05 0.00930134052243 0.0159880998294 0.00736158495856 0.0533178967471 0.0186286745306 0.000155668258529 -0.00535976848073 0.00933563863193 0.0130766684762 0.0313647325006 
0.0245038777944 0.00953009131482 0.0238595716721 -0.00761027225918 0.0140890730788 0.0361167717836 0.0193465523045 0.0297960530129 0.0142414182347 0.024543156368 0.00173764458809 0.0188309251056 0.0474493405405 0.0403733568216 0.00910422260984 0.0272907310971 0.0192311130867 0.0753419575588 0.458172811013 0.0411062016957 0.0201763987246 0.0693567700074 0.0201252535139 0.0166025435093 0.0126463522057 0.0332797234549 0.0123353603538 0.0202931772222 0.0027551118025 0.0138612101985 0.0607327104221 0.0295357189421 0.0236543935281 0.034799321105 0.0561998855118 0.0422155050595 0.0251408464227 0.0273833923266 0.0172823914041 -0.000496645297241 0.00581598483246 0.01780384444 0.0205235371223 0.00480111562645 0.0161911096997 0.000413373996929 0.00559272016095 0.0334535219002 0.0163326527796 0.023679489607 
0.0293953726042 0.0187447271783 0.0331506673693 0.0172545927151 0.0239020065329 0.0539925490807 -0.000797194881615 0.00672020185339 0.0195118020073 0.0184173668454 0.011667056143 0.0237141422655 0.0715638492238 0.00756562368554 0.02311720845 0.0139600212037 0.00655526716783 0.0166147515369 0.0411062016957 0.907283354267 0.0282493826803 0.0515296707529 0.0504246274496 0.000328864417061 0.0161058170777 0.0287609964065 0.00934347714012 0.0263216879552 0.0105042250541 0.0192053615119 0.0388269109584 0.10828456259 0.0161968911964 0.0320634037408 0.0365846582908 0.00471839077143 -0.000746270632148 0.0560184602431 0.00519049815358 0.00575398546524 0.0176186771659 0.0236193994542 0.0404154524483 0.0447540135673 0.0371377790157 0.00961387885419 0.0365053365115 0.0137987329338 0.0112493639762 0.00822438913537 
0.00660346022217 0.00747856238819 0.00764552666096 0.0153304536058 0.0162333527719 0.0226633785974 0.0154638722378 0.0143926605949 0.000435217472809 0.0199514276624 0.017691724293 0.0121055914356 0.0261985933872 0.0222517751858 0.0203138572476 0.0240980684944 0.0157725677222 0.0307357045885 0.0201763987246 0.0282493826803 0.403915133588 0.0191606615601 0.024284269144 0.0108802257752 0.0223748762544 0.0139866371757 0.0430145152163 0.0301268208197 0.00168133408367 0.00971836092079 -0.00386153472904 0.0158018499048 0.00571294628658 0.0246045747446 0.0301849846067 0.0402704401874 0.0115024096585 0.160738696417 0.0190539642739 -0.0127788189282 0.0104013252066 0.001024298487 0.0450375250163 0.0353549318758 0.0141647255151 0.011603613431 0.00922522336086 0.0153453286297 0.0274711187213 0.0276888193395 
0.0166262521131 -0.00615460542557 0.00745848029629 -0.0142327270497 0.0152662182386 0.0351748646285 0.00285708763468 0.0362161212093 0.0166372347631 0.047029966149 0.0167764107319 0.0122763133361 0.0988614744106 0.0319650455022 0.00999819249607 0.0128162343062 0.000151788385413 0.0406284962065 0.0693567700074 0.0515296707529 0.0191606615601 0.571885584509 0.020265348991 -0.00370226865688 0.0165452792259 0.0706417050555 0.0172504373675 0.0201598976733 0.0133838731595 0.0292970744212 0.00935791730844 -0.0060162118443 0.0129769986268 0.0111664468987 0.0202134169552 0.0157080092314 0.00766962651766 0.0154979489677 0.0169115461822 0.011401636685 0.0134081157602 0.0529928257098 0.0447551109906 0.0279851907692 -0.0127779211848 0.0083432414673 0.0479921732086 0.0415505784717 0.033564726017 0.0354752442375 
0.014726897272 0.0284054417571 0.0364445062798 0.0209565485302 0.00258061435698 0.00957372238471 0.00360967738055 0.0060250543422 0.024365798574 0.0178830832184 0.0200826877398 0.0193398617413 0.101321409234 0.0170344463624 0.0746626360524 -4.11631710048e-05 0.021314781112 0.0174017246773 0.0201252535139 0.0504246274496 0.024284269144 0.020265348991 0.443518570245 -0.00837471964981 0.0152782043825 0.0030894534201 0.0237929514565 0.0751318197389 0.0132350462393 -0.00534342419977 0.0330551496444 0.0264169246843 0.0392653192218 0.0136792238737 0.015667908061 0.0315845538203 0.0143789672767 0.0483955966341 0.0136404389384 0.00457961483388 0.00806153172916 0.00664167355258 0.0323522490116 0.0473924381785 0.0587107292952 0.0110912627287 0.0155021067014 0.0104002900908 0.0122843029903 0.0261601655689 
0.00892916091553 -0.00503412411676 0.00526176128194 0.0249680416543 0.0334012591603 0.00929249189423 0.010875048395 5.82591108352e-05 0.00320289928593 0.0224060734851 0.00599673631582 0.00780671514686 0.00124176518711 0.000753696726395 -0.00161649457066 7.56690179349e-05 0.00661581956295 0.0050222336764 0.0166025435093 0.000328864417061 0.0108802257752 -0.00370226865688 -0.00837471964981 0.19497823927 0.0122914984185 0.0155011778904 0.00166201917949 0.0121518096436 -0.000810793156579 0.0119146163563 0.0011205993833 0.0137774207702 0.00494137202779 0.00356647190646 0.00544519069316 0.00321431122517 0.0158525978201 0.00397876055445 0.0152359956255 -0.00214112673041 0.0135867617887 0.0173496473496 0.00926066839879 0.00492501979094 0.0101628953197 0.0131527164159 0.0156865746306 0.00509881054854 0.0026300443472 0.00195254563572 
0.0157966198046 0.0117327552061 0.0139634970587 0.000721835922687 0.00775696718455 0.0235698023667 0.0107860473055 0.00993231651224 0.0126131586147 0.00295251404725 0.0109015602269 -0.000508512544079 0.013949078948 0.00330707829069 0.0191337714705 0.0150072185856 0.00595681866565 0.00226396139913 0.0126463522057 0.0161058170777 0.0223748762544 0.0165452792259 0.0152782043825 0.0122914984185 0.138325196123 0.022000461564 0.0151064489901 0.0246499824044 0.00807281760338 0.0130531424212 -0.00335391566062 0.0120810875709 0.0155232602814 0.00269703921929 0.0143919027955 0.0141074666568 0.0167580337525 0.0148753846136 0.0166599383054 0.00874325296691 0.00888094276879 0.0207868442551 0.0160842735472 0.0175531695842 0.0196040550046 0.00756645143368 0.0116566710796 0.0183358009475 0.0162414634901 0.0163787960425 
0.00886243464321 0.014278091644 -0.00952534291128 -0.01736581605 0.00252859942864 0.00226645152319 0.00367748732079 0.00703569670469 0.0488856351593 0.00808655200702 0.000244022969925 0.0287783540977 0.0155479530969 0.00932958139681 0.0127287098256 0.00467339980327 0.041571528215 -0.0163470900459 0.0332797234549 0.0287609964065 0.0139866371757 0.0706417050555 0.0030894534201 0.0155011778904 0.022000461564 0.459627009399 0.0176761671461 0.011885244634 -0.0120277936933 0.00269307934303 0.00726363579907 -0.000913006533511 0.0117298662976 0.025967077542 0.00996489957678 0.00628521610208 0.00895057566755 0.0195795071424 0.00433137270553 0.0123384663049 0.00843928591686 0.0142126366767 0.0446780724599 -0.0153924919142 0.00322784132406 -0.008889949549 0.00165679039282 0.0114858051811 0.0103010824359 0.00989048510076 
0.0257570215782 0.0143950090502 0.0201545220182 0.0617872960422 0.0277217956679 0.026065662011 0.00978832320544 0.00644997941053 0.0103806781583 0.0055641740232 0.0125227888851 0.0114260026262 0.0384432156785 0.00820396087941 0.0292160005715 0.00647476896538 0.00959760641085 0.0338251656682 0.0123353603538 0.00934347714012 0.0430145152163 0.0172504373675 0.0237929514565 0.00166201917949 0.0151064489901 0.0176761671461 0.381820529386 0.0496281571454 0.00595659648382 0.0239679395141 0.0273348988245 0.0143428033653 0.0117844931943 0.0307362020372 0.0217753784603 0.0236531259509 0.0113287870584 0.019356129019 0.0220821635766 -0.00645972930186 0.0119717678573 0.00251936354712 0.0118698937159 0.0373146682001 0.0193184593553 0.0128424013173 0.018091686539 0.0153012551679 0.0184299433183 0.0332719951584 
0.0103725375488 0.0185444741087 0.0319623010726 0.0205647541099 0.0153538580902 0.00899970833202 0.0161889449574 0.00405200308773 0.0449851366987 0.00933524353598 0.0149045329158 0.0271679247715 0.0440814133841 0.0134895930783 0.0334401822699 -0.00218825847418 0.0294494769227 0.0245556521547 0.0202931772222 0.0263216879552 0.0301268208197 0.0201598976733 0.0751318197389 0.0121518096436 0.0246499824044 0.011885244634 0.0496281571454 0.392152193916 0.016380843685 0.00821548640375 0.0253548599569 0.0320734128222 0.030975823975 0.0433636764624 0.0152946449241 0.0336535704834 0.0147231984805 0.0244675107056 0.0288560093165 -0.000949715777656 0.0137413950581 0.00741437178762 0.042006797163 0.0292238174765 0.0505513143269 0.0329074649642 0.0152494349467 0.0105771492989 0.00235796572153 0.0260440017558 
-0.000915108731399 0.00314583443803 0.0122707495343 0.0195961538164 0.00584856691676 0.010938259397 0.0161575089764 0.00520981655838 0.00826122076398 0.00480583888398 0.00863534005288 0.0055873409823 0.0181899591246 0.0124332504518 0.0055185795368 0.0203593328672 0.0109671459271 0.0119973047067 0.0027551118025 0.0105042250541 0.00168133408367 0.0133838731595 0.0132350462393 -0.000810793156579 0.00807281760338 -0.0120277936933 0.00595659648382 0.016380843685 0.18881286242 -0.00691619963421 0.0186684330906 0.00722975992172 0.00498956822829 0.00298877023884 0.00500750308746 0.0267743517103 0.0133337098072 -0.00479952165018 -0.0107905707967 0.0102120646759 9.76455762096e-07 0.000112283188792 0.00516499602808 0.00981975470811 0.0121119985522 0.00176906938717 0.0114801230845 0.00614096802807 0.00436404765625 -0.00550507022259 
0.0134324308491 0.00301725915381 0.0134611295974 0.00989067845486 0.0105086521492 0.0106691792694 0.0076837276424 0.0456045739553 0.00748260513005 0.0508258577561 0.0132222919523 0.022500779809 0.0132666754821 0.0145861353469 -0.00208089933011 0.00581348161848 0.00591853905369 -0.00255100739525 0.0138612101985 0.0192053615119 0.00971836092079 0.0292970744212 -0.00534342419977 0.0119146163563 0.0130531424212 0.00269307934303 0.0239679395141 0.00821548640375 -0.00691619963421 0.138583345526 0.0138064053924 0.00650711502238 0.0180823738841 0.00880900928135 0.00548286716712 0.00740329873318 0.0108260109516 0.0105177615169 0.00366687105209 0.0180457060448 0.00777153512613 0.0524167583537 0.00459989046048 0.00350670320856 0.00451463820814 0.00616889024946 0.00871598405183 0.0501691736335 0.00333289495158 0.0197364706499 
0.0257892005545 0.0392007808217 0.0285703063564 -0.0256499262147 0.0069960558899 0.0118073010861 0.00774259050642 0.0193207588955 0.0233750897595 0.00744685139597 0.020684299975 0.0386379874942 0.015709740847 0.0320491312689 0.0218380526167 0.0169854294494 0.00922315975021 0.0320382678819 0.0607327104221 0.0388269109584 -0.00386153472904 0.00935791730844 0.0330551496444 0.0011205993833 -0.00335391566062 0.00726363579907 0.0273348988245 0.0253548599569 0.0186684330906 0.0138064053924 0.427204304555 0.0272967805871 0.0179596540838 0.0173761368034 0.0185576393906 0.00903125026329 0.00820054156831 0.00330227853272 0.00684513920087 0.0106051841052 0.00906867682249 0.00579705152178 0.0235765016718 0.0233030044678 -0.00783732708528 0.00230137792407 -0.00444617499798 0.0117648736665 0.023318606413 0.00381698863611 
0.0139678573291 0.00959328948951 0.0225177832555 0.0158034015921 0.0195419256749 0.0189251890582 0.0148673867018 0.00439995122756 -0.00204151234531 0.0108912680708 0.00405932617003 0.0239461218671 0.0311112420687 0.0123236275984 0.0301411564532 -0.00413083307253 0.0114676027086 0.0108798961919 0.0295357189421 0.10828456259 0.0158018499048 -0.0060162118443 0.0264169246843 0.0137774207702 0.0120810875709 -0.000913006533511 0.0143428033653 0.0320734128222 0.00722975992172 0.00650711502238 0.0272967805871 0.286156190941 0.0170840869957 0.00982679727744 0.0412479362328 -0.0122618356516 0.00348498667791 0.0435817490052 0.0231035284829 -0.00926157206457 0.0290378374452 -0.00469362460786 0.0223355598062 0.0250361764538 0.00407180736528 0.0221425424991 0.00395043256454 0.00802208317271 0.0123848642365 0.0246024399852 
0.0214197433918 0.026949502681 0.0112842240941 -0.00704840662037 0.00238955639967 0.0276666114309 0.00674035988442 0.0126198727006 -0.00150408572622 0.0112258357415 0.021997186478 0.025166345248 0.0321955328688 0.0226601282927 0.0294608987263 0.0288662943857 0.0104556156 0.0132413317564 0.0236543935281 0.0161968911964 0.00571294628658 0.0129769986268 0.0392653192218 0.00494137202779 0.0155232602814 0.0117298662976 0.0117844931943 0.030975823975 0.00498956822829 0.0180823738841 0.0179596540838 0.0170840869957 0.246949792735 0.00697562730959 0.0023826368089 0.0278896536367 0.0181626345491 0.00833364401393 0.0108966791095 0.00274857966685 0.0034374338814 0.0116454963148 0.0151070495937 0.0234020409246 0.0397214358851 0.0229837134686 0.0207006876464 0.0136962200262 0.0155091418634 0.0080839471307 
0.0251207956088 0.0054282976488 0.0124370291137 0.0178467157701 0.0124313612842 0.0319696078201 0.0130924918019 0.00633668253077 0.0278190783764 0.00399888313375 0.0340908611072 0.0360064661573 0.0565024539851 -0.00566913678849 0.0361823318758 0.00298072730909 0.0367763555862 0.0358666239978 0.034799321105 0.0320634037408 0.0246045747446 0.0111664468987 0.0136792238737 0.00356647190646 0.00269703921929 0.025967077542 0.0307362020372 0.0433636764624 0.00298877023884 0.00880900928135 0.0173761368034 0.00982679727744 0.00697562730959 0.340843918707 0.00671861128332 0.021046564668 0.0168943981877 0.0127872626045 0.0452221981352 0.0173813015779 0.0260215379199 0.00455602004623 0.0189545861377 0.0242906942412 0.0508707533399 0.0011586745245 0.0017560464986 0.00766080503132 0.0226643510893 0.0085016875507 
0.00794131437683 0.0138484510679 0.0233682892542 0.0124141429428 0.0184784739437 0.045398396428 0.0279112934153 0.0186214959493 0.0265173383549 0.0114411689534 0.0149800680423 0.0149339486897 0.0292731849112 -0.00680765620305 0.01713525092 0.00487266917264 0.0176565592575 0.0177613119061 0.0561998855118 0.0365846582908 0.0301849846067 0.0202134169552 0.015667908061 0.00544519069316 0.0143919027955 0.00996489957678 0.0217753784603 0.0152946449241 0.00500750308746 0.00548286716712 0.0185576393906 0.0412479362328 0.0023826368089 0.00671861128332 0.318977761971 0.00258095302402 0.0256233470835 0.0470470499763 0.0235803163014 0.000245828931538 0.00665437357666 0.00690456284834 0.0121937711118 0.0322481174912 0.0106590531887 0.0236856247589 0.00271182656455 0.00872783931836 0.0326912452605 0.0316014587478 
0.0216219694016 0.0153807500278 0.0112182466921 0.0150842014166 0.00550843142714 0.0329395748067 0.0166218869613 0.0278728843804 0.0173222828303 0.0233732140054 0.0042400008704 0.0352278813084 0.0252098604012 0.0123729373287 0.0164457835014 0.12824515455 0.0112633371806 0.0223441330033 0.0422155050595 0.00471839077143 0.0402704401874 0.0157080092314 0.0315845538203 0.00321431122517 0.0141074666568 0.00628521610208 0.0236531259509 0.0336535704834 0.0267743517103 0.00740329873318 0.00903125026329 -0.0122618356516 0.0278896536367 0.021046564668 0.00258095302402 0.378050945255 0.024919615228 -0.00522544132522 0.0107956391868 0.0062318872865 0.0161264813845 0.014427524642 0.0233467725614 0.00864631251215 0.0390892426334 0.0186535276457 0.0231349084621 0.0281302073325 0.0234747748528 0.0197362767128 
0.00842710492787 0.0140020171446 0.0172159851659 0.0031898731823 0.00691494335554 0.00661330449198 -0.00239755273492 0.00674419429212 0.00926197981683 -0.00118654953489 0.00886247810533 0.00848586436568 0.0170797876522 0.0119601608764 0.0112963115596 0.0565274646158 0.0241454419549 0.00489789861045 0.0251408464227 -0.000746270632147 0.0115024096585 0.00766962651766 0.0143789672767 0.0158525978201 0.0167580337524 0.00895057566755 0.0113287870584 0.0147231984805 0.0133337098072 0.0108260109516 0.00820054156831 0.00348498667791 0.0181626345491 0.0168943981877 0.0256233470835 0.024919615228 0.168850634746 0.0222931630625 0.0109408468638 -0.000756116136891 0.017149925127 0.00330111543307 0.0211461529185 0.0099948587931 0.0111383481301 0.00937674336693 0.00734666599222 0.00360435320854 0.0103066300007 -0.0066880924447 
0.0102144791944 0.00266093683962 0.0321921777389 0.0411177607808 0.0392458263784 0.0360908610703 0.00161106908552 -0.0146572214246 0.0310705223108 -0.00705763852084 0.0165462848052 0.01703800517 0.0481118180333 0.0592042228949 0.0239815288382 0.0134998151587 0.0314470210722 0.0920104634922 0.0273833923266 0.0560184602431 0.160738696417 0.0154979489677 0.0483955966341 0.00397876055445 0.0148753846136 0.0195795071424 0.019356129019 0.0244675107056 -0.00479952165018 0.0105177615169 0.00330227853272 0.0435817490052 0.00833364401393 0.0127872626045 0.0470470499763 -0.00522544132522 0.0222931630625 0.994434029526 0.0228675035901 0.00275000453446 0.015798809834 -0.0106254219108 0.019330709994 0.0211335565676 0.0202631490783 0.00795219170436 -0.00296942419925 -0.0165570013006 0.0258735852353 0.0416645946348 
0.0137522043452 0.0116565134245 0.0094356139017 -0.00902999761643 0.00086226864931 0.018304539752 0.0129180877015 0.00513360260995 0.0175340913037 0.0122087138114 0.00716731845654 0.00689883686231 0.0109341407042 0.0121537420515 0.0371972496399 0.03134493556 0.0186985524114 0.00828966584236 0.0172823914041 0.00519049815358 0.0190539642739 0.0169115461822 0.0136404389384 0.0152359956255 0.0166599383054 0.00433137270553 0.0220821635766 0.0288560093165 -0.0107905707967 0.00366687105209 0.00684513920087 0.0231035284829 0.0108966791095 0.0452221981352 0.0235803163014 0.0107956391868 0.0109408468638 0.0228675035901 0.298487599425 0.00398000644312 0.014009767697 0.0127325430281 0.0188427798529 0.00958684790146 0.012858845709 0.0169746328479 0.00137200213522 0.0129917493348 0.0204028597556 0.00845695561468 
-0.00825186209692 0.00308729709813 0.00218265164557 0.0183836090426 -0.0094234602541 -0.0031704791393 0.00365397822126 0.0140732220349 0.000968475482089 0.0244746173153 0.00596481676382 0.00424736400266 -0.0128362558968 0.00523999032128 0.0394765297893 0.00981023557722 -0.00672887836824 -4.74188698633e-05 -0.000496645297241 0.00575398546524 -0.0127788189282 0.011401636685 0.00457961483388 -0.00214112673041 0.00874325296691 0.0123384663049 -0.00645972930186 -0.000949715777656 0.0102120646759 0.0180457060448 0.0106051841052 -0.00926157206457 0.00274857966685 0.0173813015779 0.000245828931538 0.0062318872865 -0.000756116136891 0.00275000453446 0.00398000644312 0.445309037284 -0.00662492567105 0.0188045188008 0.00621496221733 -0.00600198419698 0.016737659599 -0.0109064088685 0.0117405926536 0.020950573136 -0.00237308096945 0.00221038959039 
0.0107694753061 0.00207365458423 0.0139781794547 0.0105798009261 0.0173667798153 0.0214783821035 0.00249923997074 0.00335752611113 0.018673549109 0.00199402222181 0.0124679269744 0.0109171833882 0.0126362489798 0.00480964863352 0.00759015958599 0.00231274298818 0.0104600603164 0.00930134052243 0.00581598483246 0.0176186771659 0.0104013252066 0.0134081157602 0.00806153172916 0.0135867617887 0.00888094276879 0.00843928591686 0.0119717678573 0.0137413950581 9.76455762172e-07 0.00777153512613 0.00906867682249 0.0290378374452 0.0034374338814 0.0260215379199 0.00665437357666 0.0161264813845 0.017149925127 0.015798809834 0.014009767697 -0.00662492567105 0.226125696478 0.0135668466725 0.00577345689581 0.0176304231198 0.00893580919146 0.00954798672847 0.0114019285138 0.00050478436084 -0.000517667420662 0.0222180895883 
0.0133015109396 0.00902075704977 -1.88309618121e-05 -0.000833481130848 0.0167627595868 0.0114947392481 0.00883844096743 0.0326857576303 0.0240193686871 0.0433198380489 0.0216173320061 0.0273472720582 0.0249230800158 0.0147899699569 0.00773436182008 -0.0103987292445 -0.00288695589864 0.0159880998294 0.01780384444 0.0236193994542 0.001024298487 0.0529928257098 0.00664167355258 0.0173496473496 0.0207868442551 0.0142126366767 0.00251936354712 0.00741437178762 0.000112283188791 0.0524167583537 0.00579705152179 -0.00469362460786 0.0116454963148 0.00455602004623 0.00690456284833 0.014427524642 0.00330111543307 -0.0106254219108 0.0127325430281 0.0188045188008 0.0135668466725 0.180601949768 0.0110431611717 0.0156113895357 0.00105821075352 0.0145092731006 0.0118913861927 0.0357544727628 0.0173172502424 0.0280976072038 
0.0159901901176 0.00703500721904 0.00393533660698 0.00695220761165 0.00729874787209 0.0305904605181 0.0180119611371 0.00810766618806 0.0156734442165 0.0103312606176 0.0143495965702 0.0318405372297 0.0571140155742 -0.00406684547944 0.0163961025809 0.0281714844753 0.0155877130877 0.00736158495856 0.0205235371223 0.0404154524483 0.0450375250163 0.0447551109906 0.0323522490116 0.00926066839879 0.0160842735472 0.0446780724599 0.0118698937159 0.042006797163 0.00516499602808 0.00459989046048 0.0235765016718 0.0223355598062 0.0151070495937 0.0189545861377 0.0121937711118 0.0233467725614 0.0211461529185 0.019330709994 0.0188427798529 0.00621496221733 0.00577345689581 0.0110431611717 0.332258986646 0.0220769238161 0.00933889026253 0.0223764536916 0.00806294321054 0.0160439080846 0.0211255438334 0.0151869357226 
0.0243292563941 0.0294478196373 0.0159411504219 0.0197693494264 0.0239064870574 0.0229453420352 0.0168086760052 0.00248091731081 0.0254289643039 0.0179182180749 0.0355793905922 0.0249217981992 0.0309156375186 0.000209658644603 0.0200131069006 0.0203288304441 0.00377312261018 0.0533178967471 0.00480111562645 0.0447540135673 0.0353549318758 0.0279851907692 0.0473924381785 0.00492501979094 0.0175531695842 -0.0153924919142 0.0373146682001 0.0292238174765 0.00981975470811 0.00350670320856 0.0233030044678 0.0250361764538 0.0234020409246 0.0242906942412 0.0322481174912 0.00864631251215 0.0099948587931 0.0211335565676 0.00958684790146 -0.00600198419698 0.0176304231198 0.0156113895357 0.0220769238161 0.325214491268 0.0126297861955 0.00769751009587 0.0117698485279 0.00879358955372 0.0514925214461 0.0300549687952 
0.028795275466 0.0191554917308 0.011827298034 -0.000339844765579 0.0188254279477 0.016016815276 0.0105660573736 0.0106309081334 0.0335555940585 0.00801542431272 0.02804806852 0.021361543219 0.0536550387867 0.0204569433651 0.0601687034778 0.0116967356006 0.0205255978917 0.0186286745306 0.0161911096997 0.0371377790157 0.0141647255151 -0.0127779211848 0.0587107292952 0.0101628953197 0.0196040550046 0.00322784132406 0.0193184593553 0.0505513143269 0.0121119985522 0.00451463820814 -0.00783732708528 0.00407180736528 0.0397214358851 0.0508707533399 0.0106590531887 0.0390892426334 0.0111383481301 0.0202631490783 0.012858845709 0.016737659599 0.00893580919146 0.00105821075352 0.00933889026253 0.0126297861955 0.269031766479 0.0101024111262 0.00735786229063 0.00758200803246 0.00314287869996 0.0243357894965 
0.00910508160557 0.0104916411007 0.0166085746452 0.0531119856018 -0.00395249935767 0.0246288664485 0.0283115660954 -0.00133447957025 -0.00158115188436 0.0134583069886 0.008545224738 0.010396177671 0.0322794044741 -0.00348508251436 0.0152225184806 0.00147713784514 -0.000661598377949 0.00015566825853 0.000413373996929 0.00961387885419 0.011603613431 0.0083432414673 0.0110912627287 0.0131527164159 0.00756645143368 -0.008889949549 0.0128424013173 0.0329074649642 0.00176906938717 0.00616889024946 0.00230137792407 0.0221425424991 0.0229837134686 0.0011586745245 0.0236856247589 0.0186535276457 0.00937674336693 0.00795219170436 0.0169746328479 -0.0109064088685 0.00954798672847 0.0145092731006 0.0223764536916 0.00769751009587 0.0101024111262 0.317875429793 0.00275837565905 -0.000911060801907 0.000376270213206 0.00977772762072 
0.0118471566822 0.017556334663 0.00598153392219 0.00634912063881 0.0224876712807 0.00505001449121 -0.00112408017177 0.0574508991716 0.00183694082079 0.0152579417969 -0.00362165469168 -0.0010679804027 0.026078212468 0.0105601695474 0.00199836655598 0.0101395552711 0.00847494241522 -0.00535976848073 0.00559272016095 0.0365053365115 0.00922522336086 0.0479921732086 0.0155021067014 0.0156865746306 0.0116566710796 0.00165679039282 0.018091686539 0.0152494349467 0.0114801230845 0.00871598405183 -0.00444617499798 0.00395043256454 0.0207006876464 0.0017560464986 0.00271182656455 0.0231349084621 0.00734666599222 -0.00296942419925 0.00137200213522 0.0117405926536 0.0114019285138 0.0118913861927 0.00806294321054 0.0117698485279 0.00735786229063 0.00275837565905 0.496720995404 0.0108549637413 0.00779234590183 0.00373431935642 
