30
0.0621529110589 0.0672535079153 0.102128665084 0.0428749123775 0.101481112582 0.114001255301 0.114457978761 0.0396221554001 0.0449680709256 0.0682562642732 0.0387981152642 0.0449016594387 0.0256056876134 0.0852779749864 0.0451551332239 0.0589662330248 0.0367752030525 0.0361599942098 0.0533286406295 0.0412963652708 0.0359279599811 0.0664901393557 0.0362094771936 0.0715007016099 0.0794924924591 0.0162161188728 0.158041803894 0.0314514366364 0.0246636786654 0.0597094198611 
0.323955676633 0.0797133187081 0.022115419453 0.0254676496166 0.00952284102597 -0.00146763120931 -0.00226931100703 0.0122074472778 0.0171554643933 0.0353424192913 0.0143153523137 0.00933729913304 0.0213622534772 0.0265045049947 0.0177942952995 0.0303321899874 0.0232909640358 0.0105692299129 0.0157728463714 0.0111527706755 0.0284237674857 0.0191159995886 0.0367386182684 0.00889193783753 0.0422104999702 0.00832312838892 -0.0201603868329 0.0235294191989 0.00247710123183 -0.00354970879865 
0.0797133187081 0.33877494174 0.0345701264984 0.00879566945308 0.0243325137216 -0.00454089163666 0.0176692345991 0.0380883125508 0.0219132952233 0.0322033158657 0.0249731632187 0.034726014546 0.0189188718391 0.0319867920917 0.00606843248005 0.0375856349893 0.0152765753791 0.015530626061 0.0198626960338 0.0233542219446 0.0255537899649 0.0345171812853 0.0380176461135 0.0616102375588 0.0535915841716 0.022155006617 -0.00616038525691 0.0226642781797 0.0131639393058 0.0277383015686 
0.022115419453 0.0345701264984 0.687643601831 0.0116593986763 0.0402917727793 -0.00754175268656 0.0275588985958 0.0134041563162 0.004664455316 0.0493288452649 0.0336355011658 0.0495405220582 0.00576376672783 0.00275092311145 0.0107558395148 0.0142715230675 0.0177308945902 -0.00528707372192 0.0295489043132 -7.29735531249e-05 0.00740127772074 0.0201161782921 0.0334709817808 0.00992347127055 0.031232192286 0.000676202538616 0.0269021102882 0.0149783382054 0.00590450477085 0.0251447100583 
0.0254676496166 0.00879566945308 0.0116593986763 0.261898690252 0.0238205545573 -0.00215412362284 0.0169791059614 0.0389571068095 0.0161861449841 0.0130977976457 0.0300197885928 0.0238673169582 0.00991534411264 0.0102615265008 0.0133632242184 0.0178563250523 0.0261231522215 0.0202247959924 0.00231827338535 0.0146164674685 0.0191399316498 0.0329297528283 0.0255204180997 0.0231644860065 0.0351422268885 0.0240836899068 0.0385681722368 0.0391654561622 0.0300157610412 -0.00804568824715 
0.00952284102597 0.0243325137216 0.0402917727793 0.0238205545573 0.927635554919 0.00399510971839 0.0157002693217 -0.00109124073586 -0.0101985533008 0.00280211868564 0.0130858525482 0.00569716254086 0.00975814086353 0.021836184958 0.00606832280001 0.0108633263766 0.00619078524819 0.00524336214 -0.00456228930662 -0.0078190884817 -0.00233477333481 -0.0165168617177 0.00906427792912 0.0105402700933 0.0328968731863 0.0063303725406 -0.00335353763125 0.00582441615995 -0.00040859434777 0.0216511815186 
-0.00146763120931 -0.00454089163666 -0.00754175268656 -0.00215412362284 0.00399510971839 1.13951677706 0.00658756670926 -0.00299856185892 0.0168798517114 -0.00304437339856 0.000338154172251 -0.00758917120731 -0.00923798462748 0.00405124172538 0.00914280266192 -0.0118646527494 0.0106641833165 0.0101202308079 0.00123547010942 0.0125545164724 0.0052148097428 -0.0128674182679 0.0035117313536 -0.0151767985155 0.017180055137 0.0093392463925 -0.00686410770324 0.00778921426532 0.00528012993359 -0.00482997122092 
-0.00226931100703 0.0176692345991 0.0275588985958 0.0169791059614 0.0157002693217 0.00658756670926 0.453027747907 0.00800741799155 0.0144726663133 0.0221213868306 0.0392206209347 0.0300992994218 -0.003378658113 0.0191997728954 0.0229829158496 0.0162409450452 -0.00984263860443 0.0465225986559 0.0102855294828 0.00862730497682 0.0155598167636 0.00230336389619 0.00199105739696 -0.0108585928785 0.029156901866 0.0477902070833 0.0117254909441 0.00404125324126 0.00180357493114 0.00269066880498 
0.0122074472778 0.0380883125508 0.0134041563162 0.0389571068095 -0.00109124073586 -0.00299856185892 0.00800741799155 0.175293965496 0.0154111994297 0.0260077402118 0.0215886859559 0.0268660303745 0.0140857271572 0.021970323459 0.00778363682118 0.0490532934614 0.0280434177746 0.0239459640859 0.0278890981751 0.0173650121335 0.00868445551785 0.0332233861861 0.0415745461875 0.0148591462531 0.0183868108987 0.0301568793959 0.0171443496058 0.036901105354 0.0253475501229 0.0425768816866 
0.0171554643933 0.0219132952233 0.004664455316 0.0161861449841 -0.0101985533008 0.0168798517114 0.0144726663133 0.0154111994297 0.192229490852 0.0107162520627 0.0152554492496 0.0173329201453 0.0160103692954 0.044438750464 0.00353854125772 0.0179514074432 0.0153254194219 0.0236785692 0.0178608012331 0.013793289434 0.0440632447604 0.0348578372459 0.0081280932401 0.000542228588867 0.0189482919967 0.0231831602265 0.0158619797675 0.02278606768 0.0233301092741 0.00219305083078 
0.0353424192913 0.0322033158657 0.0493288452649 0.0130977976457 0.00280211868564 -0.00304437339856 0.0221213868306 0.0260077402118 0.0107162520627 0.387201333135 0.0266525002668 0.0324921117299 0.00596480797172 0.0167034390762 0.0158402114089 0.0171048636419 0.01764194419 0.0119510055904 0.0254130901534 0.000166634504237 0.0155123478862 0.0453471976023 0.0259945664499 0.013788045806 0.0263196849704 0.0103257584146 0.0167672268762 0.0204895749872 0.0174094261419 0.0215730305521 
0.0143153523137 0.0249731632187 0.0336355011658 0.0300197885928 0.0130858525482 0.000338154172251 0.0392206209347 0.0215886859559 0.0152554492496 0.0266525002668 0.227120089139 0.0701095964398 -0.000157270620767 0.0128327959837 0.0127023615625 0.0192978809443 0.0193426950824 0.0226492812502 0.0267693498038 0.0162270057323 0.021208153169 0.0343722018046 0.0365727101531 0.0060787477108 0.0335967250743 0.0228906576649 0.0341210818841 0.0222034417187 0.00807508405496 0.00592903854035 
0.00933729913304 0.034726014546 0.0495405220582 0.0238673169582 0.00569716254086 -0.00758917120731 0.0300992994218 0.0268660303745 0.0173329201453 0.0324921117299 0.0701095964398 0.32657681806 0.0155581249227 0.00730769629437 0.00735171893368 0.00851603273281 0.0132882633886 0.0188294734062 0.0368899115875 0.0161410216173 0.0192217633794 0.0294751025276 0.0291285925583 0.0123400431969 0.0377065984334 0.0067592516426 0.00414770859852 0.0188191655159 0.0154909834982 0.0174683188405 
0.0213622534772 0.0189188718391 0.00576376672783 0.00991534411264 0.00975814086353 -0.00923798462748 -0.003378658113 0.0140857271572 0.0160103692954 0.00596480797172 -0.000157270620767 0.0155581249227 0.220258529458 0.0184190746554 0.0189763306967 0.011823366728 0.0162111514773 0.014747993575 0.0205048847399 0.00105602538595 0.0118297306854 0.00783048782527 0.0212660247644 0.0113261153493 0.0124708955639 0.00365882934143 0.0309219988679 0.00878485514926 0.00491044659213 0.00791545157414 
0.0265045049947 0.0319867920917 0.00275092311145 0.0102615265008 0.021836184958 0.00405124172538 0.0191997728954 0.021970323459 0.044438750464 0.0167034390762 0.0128327959837 0.00730769629437 0.0184190746554 0.402012561466 0.00839979362363 0.0192523738569 0.0171419572417 0.0354154761654 0.0197131629782 0.0255206183295 -0.00166611368439 0.0490027015494 0.0280965096982 0.00705323162247 0.0496705841606 0.0145415379726 0.0578099324195 0.0335171408595 0.0127634095996 0.00868230780172 
0.0177942952995 0.00606843248005 0.0107558395148 0.0133632242184 0.00606832280001 0.00914280266192 0.0229829158496 0.00778363682118 0.00353854125772 0.0158402114089 0.0127023615625 0.00735171893368 0.0189763306967 0.00839979362363 0.310582538783 0.00673499056903 0.00958167004237 0.0122732040511 0.00891986494164 -0.000143586513008 0.0423950027148 0.0169142076755 0.0149089054672 0.013205531711 0.0211381840768 0.00138778484333 0.00932749604445 0.00863713288316 -0.00375699640498 -0.000367244598439 
0.0303321899874 0.0375856349893 0.0142715230675 0.0178563250523 0.0108633263766 -0.0118646527494 0.0162409450452 0.0490532934614 0.0179514074432 0.0171048636419 0.0192978809443 0.00851603273281 0.011823366728 0.0192523738569 0.00673499056903 0.399393888684 0.0209729707302 -0.0069201035144 0.00667291629035 0.00418991652387 0.00689015050496 0.0294035106622 0.0440953855236 0.0420642107369 0.0470867464489 0.00801722292559 0.00191702732077 0.00721742053753 0.00154695648891 0.0220782169552 
0.0232909640358 0.0152765753791 0.0177308945902 0.0261231522215 0.00619078524819 0.0106641833165 -0.00984263860443 0.0280434177746 0.0153254194219 0.01764194419 0.0193426950824 0.0132882633886 0.0162111514773 0.0171419572417 0.00958167004237 0.0209729707302 0.259259980379 0.0070503206294 0.00804471900985 0.0148545036925 0.0148190775155 0.0208736799829 0.0291364099564 0.0121887787459 0.0133105842411 0.00557617691497 0.0054607085125 0.0301568093529 0.018328970775 0.0186888557992 
0.0105692299129 0.015530626061 -0.00528707372192 0.0202247959924 0.00524336214 0.0101202308079 0.0465225986559 0.0239459640859 0.0236785692 0.0119510055904 0.0226492812502 0.0188294734062 0.014747993575 0.0354154761654 0.0122732040511 -0.0069201035144 0.0070503206294 0.242520305454 0.015245745003 0.021929251655 0.0190488004166 0.029326109131 0.00511109100384 0.0164303669408 0.00668288598638 0.0492758242811 0.0227686392428 0.0241436908812 0.0157561728566 -0.00158829225679 
0.0157728463714 0.0198626960338 0.0295489043132 0.00231827338535 -0.00456228930662 0.00123547010942 0.0102855294828 0.0278890981751 0.0178608012331 0.0254130901534 0.0267693498038 0.0368899115875 0.0205048847399 0.0197131629782 0.00891986494164 0.00667291629035 0.00804471900985 0.015245745003 0.270576612106 -0.00285913573841 0.00948962413526 0.0158739094182 0.00934790315848 0.000892360141229 0.0190422743703 0.0166890137539 0.0186326253762 0.0185574695714 0.014892035261 0.0101008900965 
0.0111527706755 0.0233542219446 -7.2973553125e-05 0.0146164674685 -0.0078190884817 0.0125545164724 0.00862730497682 0.0173650121335 0.013793289434 0.000166634504236 0.0162270057323 0.0161410216173 0.00105602538595 0.0255206183295 -0.000143586513008 0.00418991652387 0.0148545036925 0.021929251655 -0.00285913573841 0.249247867989 0.00640535497569 0.0304452045578 0.00858762652011 0.00789514190845 0.0112519966538 0.0238486962367 0.00863701031674 0.0206167864641 0.0172756520588 0.0153167045508 
0.0284237674857 0.0255537899649 0.00740127772074 0.0191399316498 -0.00233477333481 0.0052148097428 0.0155598167636 0.00868445551785 0.0440632447604 0.0155123478862 0.021208153169 0.0192217633794 0.0118297306854 -0.00166611368439 0.0423950027148 0.00689015050496 0.0148190775155 0.0190488004165 0.00948962413526 0.00640535497569 0.235787837571 0.0134263418423 0.00883902469072 0.00233737511989 0.0266670967601 0.0194507626657 0.0120437607301 0.0109755722997 0.0104449041634 0.00399625871845 
0.0191159995886 0.0345171812853 0.0201161782921 0.0329297528283 -0.0165168617177 -0.0128674182679 0.00230336389619 0.0332233861861 0.0348578372459 0.0453471976023 0.0343722018046 0.0294751025276 0.00783048782527 0.0490027015494 0.0169142076755 0.0294035106622 0.0208736799829 0.029326109131 0.0158739094182 0.0304452045578 0.0134263418423 0.367749569329 0.052765874173 -0.00162140870865 0.0415529451088 0.0245116158644 0.0264442888898 0.0658364525005 0.0335338701505 0.0325402005158 
0.0367386182684 0.0380176461135 0.0334709817808 0.0255204180997 0.00906427792912 0.0035117313536 0.00199105739696 0.0415745461875 0.0081280932401 0.0259945664499 0.0365727101531 0.0291285925583 0.0212660247644 0.0280965096982 0.0149089054672 0.0440953855236 0.0291364099564 0.00511109100384 0.00934790315848 0.00858762652011 0.00883902469072 0.052765874173 0.250514307605 0.017810320795 0.0216600278713 0.0139884055239 0.0241373897899 0.0396070669011 0.00544339171901 0.022796714203 
0.00889193783753 0.0616102375588 0.00992347127055 0.0231644860065 0.0105402700933 -0.0151767985155 -0.0108585928785 0.0148591462531 0.000542228588867 0.013788045806 0.0060787477108 0.0123400431969 0.0113261153493 0.00705323162247 0.013205531711 0.0420642107369 0.0121887787459 0.0164303669408 0.000892360141229 0.00789514190845 0.00233737511989 -0.00162140870865 0.017810320795 0.589924569726 0.00837034854642 0.0135275483173 -0.00563142567079 0.0160218582823 0.0122586979489 -0.00791876003685 
0.0422104999702 0.0535915841716 0.031232192286 0.0351422268885 0.0328968731863 0.017180055137 0.029156901866 0.0183868108987 0.0189482919967 0.0263196849704 0.0335967250743 0.0377065984334 0.0124708955639 0.0496705841606 0.0211381840768 0.0470867464489 0.0133105842411 0.00668288598638 0.0190422743703 0.0112519966538 0.0266670967601 0.0415529451088 0.0216600278713 0.00837034854642 0.341559435527 0.00986886928891 0.0141079990246 0.0291087168048 0.0289980964434 0.0177089109956 
0.00832312838892 0.022155006617 0.000676202538616 0.0240836899068 0.0063303725406 0.0093392463925 0.0477902070833 0.0301568793959 0.0231831602265 0.0103257584146 0.0228906576649 0.0067592516426 0.00365882934144 0.0145415379726 0.00138778484333 0.00801722292559 0.00557617691497 0.0492758242811 0.0166890137539 0.0238486962367 0.0194507626657 0.0245116158644 0.0139884055239 0.0135275483173 0.00986886928891 0.197388928577 -0.00108328468017 0.0264328254567 0.0183354059074 0.022362853191 
-0.0201603868329 -0.00616038525691 0.0269021102882 0.0385681722368 -0.00335353763125 -0.00686410770324 0.0117254909441 0.0171443496058 0.0158619797675 0.0167672268762 0.0341210818841 0.00414770859852 0.0309219988679 0.0578099324195 0.00932749604445 0.00191702732077 0.0054607085125 0.0227686392428 0.0186326253762 0.00863701031674 0.0120437607301 0.0264442888898 0.0241373897899 -0.00563142567079 0.0141079990246 -0.00108328468017 1.03478124013 0.0214517831507 0.000334602477336 0.0221175495839 
0.0235294191989 0.0226642781797 0.0149783382054 0.0391654561622 0.00582441615995 0.00778921426532 0.00404125324126 0.036901105354 0.02278606768 0.0204895749872 0.0222034417187 0.0188191655159 0.00878485514926 0.0335171408595 0.00863713288316 0.00721742053753 0.0301568093529 0.0241436908812 0.0185574695714 0.0206167864641 0.0109755722997 0.0658364525005 0.0396070669011 0.0160218582823 0.0291087168048 0.0264328254567 0.0214517831507 0.18673956628 0.0322508240127 0.0192916472246 
0.00247710123183 0.0131639393058 0.00590450477085 0.0300157610412 -0.00040859434777 0.00528012993359 0.00180357493114 0.0253475501229 0.0233301092741 0.0174094261419 0.00807508405496 0.0154909834982 0.00491044659213 0.0127634095996 -0.00375699640498 0.00154695648891 0.018328970775 0.0157561728566 0.014892035261 0.0172756520588 0.0104449041634 0.0335338701505 0.00544339171901 0.0122586979489 0.0289980964434 0.0183354059074 0.000334602477336 0.0322508240127 0.134173413805 0.00674439726788 
-0.00354970879865 0.0277383015686 0.0251447100583 -0.00804568824715 0.0216511815186 -0.00482997122092 0.00269066880498 0.0425768816866 0.00219305083078 0.0215730305521 0.00592903854035 0.0174683188405 0.00791545157414 0.00868230780172 -0.000367244598439 0.0220782169552 0.0186888557992 -0.00158829225679 0.0101008900965 0.0153167045508 0.00399625871845 0.0325402005158 0.022796714203 -0.00791876003685 0.0177089109956 0.022362853191 0.0221175495839 0.0192916472246 0.00674439726788 0.405892618456 

['TJX', 'LTD', 'JBL', 'CMCSA', 'CSCO', 'FRX', 'XTO', 'CBSS', 'LMT', 'FDX', 'APD', 'ROH', 'CLX', 'AET', 'BCR', 'VFC', 'ABT', 'PPL', 'ECL', 'KR', 'GD', 'CFC', 'BK', 'FSH', 'JCP', 'NI', 'ADBE', 'WB', 'TMK', 'CPWR']