30
0.0361599942098 0.0206012582373 0.0766878163077 0.0690415105338 0.0388313797841 0.0843714281037 0.0380288664812 0.060830846045 0.0325349378307 0.106415927512 0.0449016594387 0.0168064994581 0.0285507317948 0.0220203869342 0.0785675118811 0.0375994121509 0.0565521495323 0.0526943852585 0.0254158643172 0.0597094198611 0.045759308444 0.0645874353538 0.0331056926512 0.0436219100546 0.0220926651793 0.0471087328402 0.143584613331 0.040534814632 0.0396221554001 0.0395572708053 
0.240398051493 0.00477414203991 0.00999729904569 0.0145747193193 0.00935495799512 -0.00150423184289 0.00257922919664 0.0231142110199 0.00902324053472 -0.00136292079571 0.0187919920797 0.0148888862684 0.0136909666743 0.00450249184734 0.0174092030433 0.0245585612502 0.0292746826734 0.0177717137515 0.0132835904662 -0.00382158294281 0.0236867229388 0.00259741283586 0.0471833408919 0.024399725203 0.0527581878012 0.0280393560821 0.0451481899812 0.0127556303827 0.0251335971368 0.0117069056888 
0.00477414203991 0.191237452673 0.0338203844077 0.0360953898801 0.019333625293 0.00274970016996 0.0212113195894 0.0184763760256 0.0138925622334 0.0203312996378 0.0357182817557 0.01708584793 0.0203104137113 0.0276406740717 0.014345699928 0.0124380942524 0.00730999464106 0.0292866428177 0.0284881847791 0.017776208267 0.0158790937809 0.00212657787398 0.0162204237982 0.0205684165123 0.00513546704043 0.0254403144578 0.0270590692528 0.00194234835102 0.0238644961626 0.00745907044135 
0.00999729904569 0.0338203844077 0.451266599061 0.0691687365822 0.0206846906488 0.0421381131356 0.107391069498 0.0359655524509 0.02398702796 0.077374930896 0.0648831522428 0.0126415169717 0.00919552556996 0.0417224037959 0.0282948446226 0.00640153933609 0.0383609984268 0.0448798135893 0.0270330402836 0.0253527086751 0.0238402842581 0.0211645110408 0.0159000076498 0.0420186809237 0.00715015851635 0.0186870286975 0.046569478497 -0.00457523525297 0.0264448448701 0.0214407443478 
0.0145747193193 0.0360953898801 0.0691687365822 0.434632493495 0.0539948553992 0.0211615242526 0.0312636612189 0.0563746948941 0.0216138825879 0.0678485409852 0.035059119596 -0.00332009380506 0.0176683204902 0.0378430018475 0.0335039404299 0.0100846144539 0.0317060696338 0.0407541567515 0.0244242998977 0.0356656745555 0.004921399627 0.0205789356411 0.0224291680032 0.0350698999716 0.00499831714091 0.00820195464701 0.0302132024921 0.00978765408094 0.0262312177106 0.0048895410411 
0.00935495799512 0.019333625293 0.0206846906488 0.0539948553992 0.407262702215 0.0317505979649 0.0410336489984 0.0267194922672 0.00594097159863 0.0386769771125 0.00706643918738 0.0104119991178 0.0102382956217 0.035829260897 0.0217338152768 0.0158883876216 0.0139371926698 0.0433782621914 0.0150150583323 0.0159875934403 0.0190083620108 0.0280106335097 0.00557225002617 0.0153717529251 0.00347169960296 0.0163173905368 0.00600926388584 -0.00274891246646 0.0139326547857 0.00892057874932 
-0.00150423184289 0.00274970016996 0.0421381131356 0.0211615242526 0.0317505979649 0.866697072893 0.0354759066027 0.0287572009361 0.00485031651187 0.018011450046 0.0281060986612 0.0103261320485 0.0135156243287 0.0107529520667 0.012259094397 0.0048912863771 0.0108202376163 0.0206861424873 -0.00374363230574 -0.000465537311168 0.00424814217817 0.0234630497695 0.0152938105458 0.0153709905877 0.0208592987288 0.00339385058597 0.00203095040246 -0.00171067634326 0.0113373000826 0.00815364924594 
0.00257922919664 0.0212113195894 0.107391069498 0.0312636612189 0.0410336489984 0.0354759066027 0.313967014922 0.0221558473273 0.00403796470057 0.0646045592058 0.0456428735529 0.022068829293 0.017714372852 0.00852092919484 0.0215398371865 0.0227888996709 0.00985997935075 0.0274772435427 0.0112725121069 0.0230323281493 0.00902427230795 0.0140378651719 0.0107708779285 0.0329875300284 -0.00172147230323 -0.0021318010532 0.0324979123782 -0.0119969379639 0.0267101807067 0.0100652714242 
0.0231142110199 0.0184763760256 0.0359655524509 0.0563746948941 0.0267194922672 0.0287572009361 0.0221558473273 0.300091675132 0.0287994614927 0.0389571738532 0.0364426292869 0.0122150927972 0.0316579811157 0.0270327013604 0.0253302352849 0.0253925723385 0.0167194417976 0.0194106282241 0.0287440026788 0.00986185692191 0.0133152625864 0.0357363972614 0.0259940679393 0.0412536263563 0.0128596186451 0.00967567334941 0.0310427711975 0.00150541569938 0.0400360480556 0.00849447061618 
0.00902324053472 0.0138925622334 0.02398702796 0.0216138825879 0.00594097159863 0.00485031651187 0.00403796470057 0.0287994614927 0.287076693812 0.0244138214608 0.0107148320077 0.034210850963 0.0184555572427 0.020780319694 0.0124359070286 0.0169919873717 0.0686564220541 0.0101837485993 0.0173673684632 0.0354198443503 -0.00329019673489 -0.00408003331921 0.00778132165403 0.0155125311786 0.00635911043657 -0.00567400358399 0.020169011588 -0.00286780012508 0.0226240288247 0.0290251310844 
-0.00136292079571 0.0203312996378 0.077374930896 0.0678485409852 0.0386769771125 0.018011450046 0.0646045592058 0.0389571738532 0.0244138214608 0.612760192467 0.0317537875645 0.0189878998727 0.0291996736668 0.0341663664891 -0.0153338455482 0.010509968394 0.0214573328726 0.0437149390981 0.0414045201493 0.0483740332076 0.0176832229985 0.0439254354864 0.01242697906 0.0456612473296 0.0204633202753 0.0173161316214 0.0422914521236 -0.0121978141658 0.012737173023 0.019572856768 
0.0187919920797 0.0357182817557 0.0648831522428 0.035059119596 0.00706643918738 0.0281060986612 0.0456428735529 0.0364426292869 0.0107148320077 0.0317537875645 0.326099712252 0.019360627057 0.0171734680013 0.0202026047718 0.0107634746866 0.0233841047204 0.0323086011777 0.0383555203726 0.0142323227696 0.0141122720194 0.0139009039781 0.00700545361941 0.0141325368837 0.0265237823995 0.00941649127266 0.013193926937 0.0170964576302 0.0120167954924 0.0255333689987 0.0147907970769 
0.0148888862684 0.01708584793 0.0126415169717 -0.00332009380506 0.0104119991178 0.0103261320485 0.022068829293 0.0122150927972 0.034210850963 0.0189878998727 0.019360627057 0.216442855839 -0.00199522417445 0.021956701904 0.0159564723481 0.00560428256109 0.00456372722186 0.0240492871277 0.0134131035842 0.00291136741369 0.0132998347116 0.00899059599999 0.0100425074087 0.0164862078002 0.012365925834 0.00274294813108 0.00290286608656 0.0113616015562 0.0243671226416 0.00551275211096 
0.0136909666743 0.0203104137113 0.00919552556996 0.0176683204902 0.0102382956217 0.0135156243287 0.017714372852 0.0316579811157 0.0184555572427 0.0291996736668 0.0171734680013 -0.00199522417445 0.248665182046 0.0132749148926 0.0132091115123 0.0011616675801 0.0479958824912 0.0118859378845 0.0116441070016 0.019796663184 0.00369337371868 0.0317209436222 0.0021171460497 0.00679120644661 -0.00413388620035 0.00429597338095 0.0170353555537 0.00929427444992 0.00848576348526 0.0149914966365 
0.00450249184734 0.0276406740717 0.0417224037959 0.0378430018475 0.035829260897 0.0107529520667 0.00852092919484 0.0270327013604 0.020780319694 0.0341663664891 0.0202026047718 0.021956701904 0.0132749148926 0.230075860004 0.0328855799201 0.0143634476219 0.0184775286047 0.0515605858631 0.0262761492576 0.0165337082487 0.00833818372248 0.0226617428518 0.00606900412358 0.0230713482315 -0.00773347583182 0.000811451733582 0.027975127139 -0.00727561278888 0.0270152009981 0.0126450551114 
0.0174092030433 0.014345699928 0.0282948446226 0.0335039404299 0.0217338152768 0.012259094397 0.0215398371865 0.0253302352849 0.0124359070286 -0.0153338455482 0.0107634746866 0.0159564723481 0.0132091115123 0.0328855799201 0.543114203356 0.00485753461291 0.0145510396764 0.0342143479911 0.0188782837164 0.0220932829129 -0.000118634112083 0.0176309290645 0.00873492890767 0.0104835357079 0.0148552684389 0.00162586755861 0.00837139685249 0.00232143429998 0.0022118988207 0.0103206438212 
0.0245585612502 0.0124380942524 0.00640153933609 0.0100846144539 0.0158883876216 0.0048912863771 0.0227888996709 0.0253925723385 0.0169919873717 0.010509968394 0.0233841047204 0.00560428256109 0.0011616675801 0.0143634476219 0.00485753461291 0.271934233339 0.0012907928274 0.0193681572386 0.0222116417269 0.0041227220709 0.0167291857656 0.00904380816847 0.0139823458925 0.0153119824951 0.0136054241024 0.0121671458189 0.0057252282288 0.00587830036253 0.0157296266949 0.0131879944326 
0.0292746826734 0.00730999464106 0.0383609984268 0.0317060696338 0.0139371926698 0.0108202376163 0.00985997935075 0.0167194417976 0.0686564220541 0.0214573328726 0.0323086011777 0.00456372722186 0.0479958824912 0.0184775286047 0.0145510396764 0.0012907928274 0.366819618224 0.0156605275934 0.0200197578095 -0.00309626316574 0.00864018410261 0.0234260533703 0.0105516914312 0.0157431644376 0.00942669774637 0.0185917712303 0.0335700151237 0.0064263869596 0.0134575337894 0.0286536483168 
0.0177717137515 0.0292866428177 0.0448798135893 0.0407541567515 0.0433782621914 0.0206861424873 0.0274772435427 0.0194106282241 0.0101837485993 0.0437149390981 0.0383555203726 0.0240492871277 0.0118859378845 0.0515605858631 0.0342143479911 0.0193681572386 0.0156605275934 0.319030183375 0.0359030805904 0.0222267532942 -0.000779582040262 0.0345323779263 0.0191358092535 0.0267053804726 0.0103751357552 -0.000424631425196 0.014083903066 0.00589426064576 0.0344616015764 0.0236723257866 
0.0132835904662 0.0284881847791 0.0270330402836 0.0244242998977 0.0150150583323 -0.00374363230574 0.0112725121069 0.0287440026788 0.0173673684632 0.0414045201493 0.0142323227696 0.0134131035842 0.0116441070016 0.0262761492576 0.0188782837164 0.0222116417269 0.0200197578095 0.0359030805904 0.297572871613 0.0177583368466 0.011009100871 0.0303320303594 0.0178993846879 0.025638252206 0.00527799231737 0.0139180014496 0.0118318975772 -0.00248627146495 0.00962898099368 0.00780243503657 
-0.00382158294281 0.017776208267 0.0253527086751 0.0356656745555 0.0159875934403 -0.000465537311168 0.0230323281493 0.00986185692191 0.0354198443503 0.0483740332076 0.0141122720194 0.00291136741369 0.019796663184 0.0165337082487 0.0220932829129 0.0041227220709 -0.00309626316574 0.0222267532942 0.0177583368466 0.40087119663 -0.00327659730994 0.0151323946115 0.0229141312405 0.00982198481114 0.0197704857358 -0.0153458531551 0.032912033317 0.00173219233023 0.0430021093811 -0.000995088924568 
0.0236867229388 0.0158790937809 0.0238402842581 0.004921399627 0.0190083620108 0.00424814217817 0.00902427230795 0.0133152625864 -0.00329019673489 0.0176832229985 0.0139009039781 0.0132998347116 0.00369337371868 0.00833818372248 -0.000118634112083 0.0167291857656 0.00864018410261 -0.000779582040262 0.011009100871 -0.00327659730994 0.199655640609 0.0127026137598 0.0377058568348 0.0186751843359 0.0165630993363 0.104011612258 0.116476369809 0.0128485230008 0.011885587659 0.0080172135165 
0.00259741283586 0.00212657787397 0.0211645110408 0.0205789356411 0.0280106335097 0.0234630497695 0.0140378651719 0.0357363972614 -0.00408003331921 0.0439254354864 0.00700545361941 0.00899059599999 0.0317209436222 0.0226617428518 0.0176309290645 0.00904380816847 0.0234260533703 0.0345323779263 0.0303320303594 0.0151323946115 0.0127026137598 0.357339483343 0.00113161277012 0.0350926868927 0.00487028164876 0.00378315908397 -0.0108072823125 -0.00761324376429 0.0138236862979 0.00401862225701 
0.0471833408919 0.0162204237982 0.0159000076498 0.0224291680032 0.00557225002617 0.0152938105458 0.0107708779285 0.0259940679393 0.00778132165403 0.01242697906 0.0141325368837 0.0100425074087 0.0021171460497 0.00606900412358 0.00873492890767 0.0139823458925 0.0105516914312 0.0191358092535 0.0178993846879 0.0229141312405 0.0377058568348 0.00113161277012 0.208054972164 0.0533595583131 0.0464798314155 0.0306537584745 0.0486542948256 0.0259086938915 0.0306156072526 0.00725850821363 
0.024399725203 0.0205684165123 0.0420186809237 0.0350698999716 0.0153717529251 0.0153709905877 0.0329875300284 0.0412536263563 0.0155125311786 0.0456612473296 0.0265237823995 0.0164862078002 0.00679120644661 0.0230713482315 0.0104835357079 0.0153119824951 0.0157431644376 0.0267053804726 0.025638252206 0.00982198481114 0.0186751843359 0.0350926868927 0.0533595583131 0.316887743921 0.021565035529 0.0184791351185 0.0177497188853 -0.0040065828128 0.0667535632563 0.010606132061 
0.0527581878012 0.00513546704043 0.00715015851635 0.00499831714091 0.00347169960296 0.0208592987288 -0.00172147230323 0.0128596186451 0.00635911043657 0.0204633202753 0.00941649127266 0.012365925834 -0.00413388620035 -0.00773347583182 0.0148552684389 0.0136054241024 0.00942669774637 0.0103751357552 0.00527799231737 0.0197704857358 0.0165630993363 0.00487028164876 0.0464798314155 0.021565035529 0.232184317357 0.0190697656826 0.0277162183819 0.0220102897194 0.016262235104 0.0140560440746 
0.0280393560821 0.0254403144578 0.0186870286975 0.00820195464701 0.0163173905368 0.00339385058597 -0.0021318010532 0.00967567334941 -0.00567400358399 0.0173161316214 0.013193926937 0.00274294813108 0.00429597338095 0.000811451733582 0.00162586755861 0.0121671458189 0.0185917712303 -0.000424631425196 0.0139180014496 -0.0153458531551 0.104011612258 0.00378315908397 0.0306537584745 0.0184791351185 0.0190697656826 0.230272130962 0.119355210576 0.0218181356551 0.00566265622526 -0.00142100347166 
0.0451481899812 0.0270590692528 0.046569478497 0.0302132024921 0.00600926388584 0.00203095040246 0.0324979123782 0.0310427711975 0.020169011588 0.0422914521236 0.0170964576302 0.00290286608656 0.0170353555537 0.027975127139 0.00837139685249 0.0057252282288 0.0335700151237 0.014083903066 0.0118318975772 0.032912033317 0.116476369809 -0.0108072823125 0.0486542948256 0.0177497188853 0.0277162183819 0.119355210576 0.56449821188 0.0288020189863 0.00713511980489 0.00944467132243 
0.0127556303827 0.00194234835102 -0.00457523525297 0.00978765408094 -0.00274891246646 -0.00171067634326 -0.0119969379639 0.00150541569938 -0.00286780012508 -0.0121978141658 0.0120167954924 0.0113616015562 0.00929427444992 -0.00727561278888 0.00232143429998 0.00587830036253 0.0064263869596 0.00589426064576 -0.00248627146495 0.00173219233023 0.0128485230008 -0.00761324376429 0.0259086938915 -0.0040065828128 0.0220102897194 0.0218181356551 0.0288020189863 0.534091475678 0.00156680399851 0.0144383281586 
0.0251335971368 0.0238644961626 0.0264448448701 0.0262312177106 0.0139326547857 0.0113373000826 0.0267101807067 0.0400360480556 0.0226240288247 0.012737173023 0.0255333689987 0.0243671226416 0.00848576348526 0.0270152009981 0.0022118988207 0.0157296266949 0.0134575337894 0.0344616015764 0.00962898099368 0.0430021093811 0.011885587659 0.0138236862979 0.0306156072526 0.0667535632563 0.016262235104 0.00566265622526 0.00713511980489 0.00156680399851 0.180274901298 0.0137223460123 
0.0117069056888 0.00745907044135 0.0214407443478 0.0048895410411 0.00892057874932 0.00815364924594 0.0100652714242 0.00849447061618 0.0290251310844 0.019572856768 0.0147907970769 0.00551275211096 0.0149914966365 0.0126450551114 0.0103206438212 0.0131879944326 0.0286536483168 0.0236723257866 0.00780243503657 -0.000995088924568 0.0080172135165 0.00401862225701 0.00725850821363 0.010606132061 0.0140560440746 -0.00142100347166 0.00944467132243 0.0144383281586 0.0137223460123 0.181098804242 

['PPL', 'DD', 'KLAC', 'A', 'HAS', 'WAT', 'ADI', 'TROW', 'EFX', 'ADSK', 'ROH', 'SLM', 'AT', 'MTG', 'F', 'ACV', 'XRX', 'HOT', 'CCL', 'CPWR', 'XOM', 'KSS', 'SRE', 'NTRS', 'CMS', 'CVX', 'NOV', 'KSE', 'CBSS', 'HCR']