30
0.0565521495323 0.00422555400052 0.0266042550295 0.0115927538848 0.136312174374 0.105459344027 0.0391901687574 0.0304896250645 0.0479675113811 0.0165000515881 0.13159191543 0.0290232005544 0.104005811155 0.0388313797841 0.0413167922229 0.0291248595558 0.0122123060087 0.128222495688 0.0466468708745 0.121001700606 0.188050706821 0.0631385093148 0.0153161335694 0.101481112582 0.0700025840065 0.0113752176021 0.0597094198611 0.0487859931196 0.0272516352802 0.0449016594387 
0.37228695974 0.0175357249061 -0.0004725293342 0.0197874022839 -0.0189973708055 0.0202305273759 0.0109942751525 0.0118091277054 0.0346902319835 0.00851961823216 0.0335127593139 0.0318024137112 0.0134040242261 0.0171055590091 0.0192151913229 0.0119843295777 0.00338023508294 0.0433487584801 0.0476424179705 -0.0100635127424 0.0257910658414 0.00060090843797 0.0190382590335 -0.00276619524239 -0.00346527215546 0.0151475091868 0.000456640370814 0.0152307122722 0.0119142991196 0.0365588444848 
0.0175357249061 0.279554669648 0.00313398018002 0.0203907760703 -0.000571906751229 0.014753366803 0.0173332494274 0.0020963263313 0.0155219039923 0.0123359251516 0.0367298597801 0.0202487743076 0.0173351485645 0.0120821131042 0.0054464392267 0.0120145456727 0.0121716734954 0.0111132429755 0.00488945582337 0.0292761054853 0.0343365805771 0.0119473698384 0.0059428708668 0.0170810326684 0.0249163311269 0.0296859331921 0.0207014913805 0.000528670938456 0.00530619151168 0.0313291916053 
-0.0004725293342 0.00313398018002 0.207313281772 0.0159042703153 -0.010398377469 0.0218291370539 0.0165851209478 0.0113793129916 0.0321232756393 0.0206371366821 0.0137485372073 0.00694664534171 0.0409193959391 0.0277364403135 0.023131009845 0.00780615650001 0.0119479266629 0.0306384862858 0.00565545287388 0.0140843298569 0.0226156639139 0.0555506627756 0.00551395102433 0.0148789593294 0.00968925534763 0.0311008604283 0.0190030561604 0.0159035107251 0.0130936753083 0.0342970789371 
0.0197874022839 0.0203907760703 0.0159042703153 0.145788856071 -0.00654699159005 0.0116543628456 0.0153498306668 0.0155912826252 0.0204890490339 0.00927539241446 0.0143123559371 0.0098930796265 0.0207634754969 0.0112252865049 0.0180547339276 0.00972468464315 0.00707976280381 0.0340377165667 0.00857391510386 0.0240802165519 0.0185302334979 0.0133421654665 0.0139123309373 0.0085555418768 -9.23243269436e-05 0.00832573612445 0.0192394790552 0.0195291760811 0.0191724599458 0.0199868271766 
-0.0189973708055 -0.00057190675123 -0.010398377469 -0.00654699159005 1.94209552828 -0.009928283357 0.0012940974861 -0.0151153790016 -0.011216017151 -0.0084552210094 -0.00173802082565 -0.0168531274265 -0.013448094964 -0.00876382740218 -0.000409154490564 -0.0169806239176 -0.00625863125726 -0.0197462154478 -0.000475889327617 0.0346251713223 -0.019734020679 -0.0052856758954 -0.0122811976647 -0.0180047567259 -0.0301399205157 -0.0134422055642 0.00941534658266 0.00587549042308 -0.000779531918137 -0.00694217448128 
0.0202305273759 0.014753366803 0.0218291370539 0.0116543628456 -0.009928283357 0.753298501789 0.0207590832785 0.0245850978955 0.0133739101157 0.0101107680892 0.00953323015167 0.0137133687576 0.0242385146459 0.0215482679217 -0.00208869061797 0.0118953114544 -6.36356601987e-05 0.0459319384739 -0.00946724950459 0.00710329172975 0.0285602442477 0.0491292362033 0.00967315673874 0.0305848580565 0.0671441655071 0.0189841862888 0.0588889223202 0.0114134331543 0.00361943781256 0.0242927762609 
0.0109942751525 0.0173332494274 0.0165851209478 0.0153498306668 0.0012940974861 0.0207590832785 0.212044596078 0.00228506165514 0.0149151623432 0.0139582425937 0.0224967256936 0.0267691539388 0.0219455431167 0.011917125717 0.0259894130367 0.0181530113531 0.0131972394826 0.0250343171476 0.00422886728137 0.015172381666 0.0251240734148 0.0331833338438 0.0112149503313 0.00152619775811 0.00637137674343 0.00787974493254 0.0133308885466 0.00627923495844 0.0010660999708 0.0215158280127 
0.0118091277054 0.00209632633129 0.0113793129916 0.0155912826252 -0.0151153790016 0.0245850978955 0.00228506165514 0.216566129271 0.0125018165388 0.00551017479242 0.00867779702276 0.00804265729672 0.0175719316133 -0.00242778278385 0.0184324286492 -0.00586409952179 0.00297972771002 0.0027462643438 0.0139760645799 0.0273001844568 0.00842219047273 0.0023825910019 0.00248639095738 -0.00283525659402 0.00349240084621 0.00381919129799 0.0106922158243 0.00329493216344 0.00435545424668 0.0144284655698 
0.0346902319835 0.0155219039923 0.0321232756393 0.0204890490339 -0.011216017151 0.0133739101157 0.0149151623432 0.0125018165388 0.341718054691 0.0167941617889 0.051363863654 0.0115681767263 0.0446387103118 0.0309839474702 0.0238991461388 0.0125796301954 0.0225375008554 0.0436095778234 0.0244656820054 0.0218366383635 0.0261948263577 0.0204752184061 0.00423315708219 -0.00497399713583 0.00955076434866 0.017991384162 0.0280036545097 0.0366786750473 0.0164880992259 0.0195209313608 
0.00851961823216 0.0123359251516 0.0206371366821 0.00927539241446 -0.0084552210094 0.0101107680892 0.0139582425937 0.00551017479242 0.0167941617889 0.147084599117 0.025252244818 0.0197547545907 0.0134969532244 0.00621249840813 0.0175666702662 0.0120127093554 0.0147538884653 0.0157375211449 0.0431364875277 0.0241849079473 -0.00429354054822 0.01770739666 0.055017958932 0.00138745051293 0.00825979937061 0.00870550689792 0.0155856382566 0.0188065591116 0.0119143252855 0.00520123836675 
0.0335127593139 0.0367298597801 0.0137485372073 0.0143123559371 -0.00173802082565 0.00953323015167 0.0224967256936 0.00867779702276 0.051363863654 0.025252244818 0.558081293957 0.00908484635753 0.0367043831402 0.030441400015 0.0194477443354 0.0216914904088 0.0125047026986 0.059305354369 0.0375139864692 0.0819845212821 0.0180861402111 0.0596633180877 0.0302401501239 0.0258152396224 0.0207278908959 0.00861822702936 0.0261032697346 0.0163008596519 0.025875371428 0.0305575486304 
0.0318024137112 0.0202487743076 0.0069466453417 0.0098930796265 -0.0168531274265 0.0137133687576 0.0267691539388 0.00804265729672 0.0115681767263 0.0197547545907 0.00908484635753 0.255614717021 0.0079871883787 0.00646850398041 0.0181762061766 0.0118376129275 0.0136043528558 0.0297607036914 0.0143926304329 0.00754686701589 0.0422266280652 0.00910415933033 0.0152475266036 0.0116208253615 0.00397324458871 0.0160370916561 0.0246407624052 0.00681838155095 0.0109709055627 0.028242148113 
0.0134040242261 0.0173351485645 0.0409193959391 0.0207634754969 -0.013448094964 0.0242385146459 0.0219455431167 0.0175719316133 0.0446387103118 0.0134969532244 0.0367043831402 0.0079871883787 0.535172672869 0.0489626449439 0.0166184503257 0.00529167169859 0.0129956961208 0.0703700529802 0.0242460663174 0.0220654390762 0.0258237680663 0.028355877069 0.0131303582109 0.00514100496226 0.0149830073021 0.0251928630859 0.0320133485057 0.0297010100048 0.0149237776184 0.0176771410796 
0.0171055590091 0.0120821131042 0.0277364403135 0.0112252865049 -0.00876382740218 0.0215482679217 0.011917125717 -0.00242778278385 0.0309839474702 0.00621249840813 0.030441400015 0.00646850398041 0.0489626449439 0.410460523701 0.0179321258481 0.0082229657357 0.0323128551253 0.0280716634555 0.00151608137572 0.00157944773489 0.0264340325726 0.0379568231533 0.00232085063618 0.0115983814156 0.033745778708 0.0167934948023 0.0165311341376 0.0147459321769 0.00420186020201 0.0119246980239 
0.0192151913229 0.0054464392267 0.023131009845 0.0180547339276 -0.000409154490564 -0.00208869061797 0.0259894130367 0.0184324286492 0.0238991461388 0.0175666702662 0.0194477443354 0.0181762061766 0.0166184503257 0.0179321258481 0.248652499168 0.0493580473833 0.00940708815027 0.0358989261234 0.011067424998 0.0387140269177 0.0240283884058 0.0191231637099 0.0177791463511 0.00632513711118 0.0211587596369 0.0136158169477 0.0444621285047 0.0262492335326 0.0164858963544 0.0200190314717 
0.0119843295777 0.0120145456727 0.00780615650001 0.00972468464315 -0.0169806239176 0.0118953114544 0.0181530113531 -0.00586409952179 0.0125796301954 0.0120127093554 0.0216914904088 0.0118376129275 0.00529167169859 0.0082229657357 0.0493580473833 0.238739924623 0.00984673468498 0.049203953405 0.00843291143951 0.0217508359002 0.0149757127102 0.0138660132609 0.0116817853346 0.0129158947467 0.0206130075943 -0.00277132341606 0.0415467039324 0.0315434514019 0.00310852282258 0.00238811174816 
0.00338023508294 0.0121716734954 0.0119479266629 0.00707976280381 -0.00625863125726 -6.36356601981e-05 0.0131972394826 0.00297972771001 0.0225375008554 0.0147538884653 0.0125047026986 0.0136043528558 0.0129956961208 0.0323128551253 0.00940708815027 0.00984673468499 0.256387744168 -0.0026857356792 0.0230313937529 0.0215658205819 0.0287135419165 0.0132722874677 0.0166222934621 0.136762616237 0.000136270326037 0.0126279879632 0.0182403959064 0.00811085171898 0.00191063547262 0.0058745857074 
0.0433487584801 0.0111132429755 0.0306384862858 0.0340377165667 -0.0197462154478 0.0459319384739 0.0250343171476 0.0027462643438 0.0436095778234 0.0157375211449 0.059305354369 0.0297607036914 0.0703700529802 0.0280716634555 0.0358989261234 0.049203953405 -0.0026857356792 0.536699309994 0.0234575713978 0.0405224994666 0.0491982455881 0.0497505047833 0.0261053478284 0.0392860516822 0.0189082668312 0.0231113865925 0.00263807982068 0.0246235925114 0.00959340164401 0.0272708513939 
0.0476424179705 0.00488945582337 0.00565545287388 0.00857391510386 -0.000475889327616 -0.00946724950459 0.00422886728137 0.0139760645799 0.0244656820054 0.0431364875277 0.0375139864692 0.0143926304329 0.0242460663174 0.00151608137572 0.0110674249981 0.00843291143951 0.0230313937529 0.0234575713978 0.364398871037 0.0670253018867 0.0225105233864 0.0213703502496 0.0348443890074 0.0104091911615 0.0032679877949 0.0207827219028 0.00138744171778 0.0252949949293 0.0103499516899 0.00746041392272 
-0.0100635127424 0.0292761054853 0.0140843298569 0.0240802165519 0.0346251713223 0.00710329172975 0.015172381666 0.0273001844568 0.0218366383635 0.0241849079473 0.0819845212821 0.00754686701589 0.0220654390762 0.00157944773489 0.0387140269177 0.0217508359002 0.0215658205819 0.0405224994666 0.0670253018867 0.737534052708 0.0245217268225 0.00407150136492 0.0269645692666 -0.000521856316096 0.0109949758006 0.0131627488723 -0.00642732271339 0.00846372448889 0.0079610240107 0.0259478824221 
0.0257910658414 0.0343365805771 0.0226156639139 0.0185302334979 -0.019734020679 0.0285602442477 0.0251240734148 0.00842219047273 0.0261948263577 -0.00429354054822 0.0180861402111 0.0422266280652 0.0258237680663 0.0264340325726 0.0240283884058 0.0149757127102 0.0287135419165 0.0491982455881 0.0225105233864 0.0245217268225 1.01702880887 0.0231231529286 -5.54722454839e-05 0.0171955835732 0.0103026909463 0.0538786856206 0.0105006945671 0.0046547080708 0.0298103532316 0.0552367870012 
0.00060090843797 0.0119473698384 0.0555506627756 0.0133421654665 -0.0052856758954 0.0491292362033 0.0331833338438 0.0023825910019 0.0204752184061 0.01770739666 0.0596633180877 0.00910415933033 0.028355877069 0.0379568231533 0.0191231637099 0.0138660132609 0.0132722874677 0.0497505047833 0.0213703502496 0.00407150136492 0.0231231529286 0.36996916022 0.0118597840029 -0.00220906108699 0.0119839194977 0.021000862296 0.0151432747436 0.0216107007969 0.00743877341161 0.0435532791876 
0.0190382590335 0.0059428708668 0.00551395102433 0.0139123309373 -0.0122811976647 0.00967315673874 0.0112149503313 0.00248639095737 0.00423315708219 0.055017958932 0.0302401501239 0.0152475266036 0.0131303582109 0.00232085063618 0.0177791463511 0.0116817853346 0.0166222934621 0.0261053478284 0.0348443890074 0.0269645692666 -5.54722454839e-05 0.0118597840029 0.145089360517 -0.00145314904206 0.00525497028216 0.0170638523101 0.0129192331299 0.014145585318 0.0106009526636 0.00860804452469 
-0.00276619524239 0.0170810326684 0.0148789593294 0.0085555418768 -0.0180047567259 0.0305848580565 0.00152619775811 -0.00283525659402 -0.00497399713583 0.00138745051293 0.0258152396224 0.0116208253615 0.00514100496226 0.0115983814156 0.00632513711118 0.0129158947467 0.136762616237 0.0392860516822 0.0104091911615 -0.000521856316096 0.0171955835732 -0.00220906108699 -0.00145314904206 0.917678908142 0.0227278095357 0.00748126732477 0.0180341097028 0.0121573421297 0.00395067810834 0.00536231813068 
-0.00346527215546 0.0249163311269 0.00968925534763 -9.23243269438e-05 -0.0301399205157 0.0671441655071 0.00637137674343 0.00349240084621 0.00955076434866 0.00825979937061 0.0207278908959 0.00397324458871 0.0149830073021 0.033745778708 0.0211587596369 0.0206130075943 0.000136270326038 0.0189082668312 0.0032679877949 0.0109949758006 0.0103026909463 0.0119839194977 0.00525497028216 0.0227278095357 0.322223037898 0.0254316602499 0.00871134386252 0.0252506046831 0.00942344638328 0.0141106108203 
0.0151475091868 0.0296859331921 0.0311008604283 0.00832573612445 -0.0134422055642 0.0189841862888 0.00787974493254 0.00381919129798 0.017991384162 0.00870550689792 0.00861822702936 0.0160370916561 0.0251928630859 0.0167934948023 0.0136158169477 -0.00277132341605 0.0126279879632 0.0231113865925 0.0207827219028 0.0131627488723 0.0538786856206 0.021000862296 0.0170638523101 0.00748126732477 0.0254316602499 0.225691391322 0.023210481658 0.00988863143292 0.018850164098 0.0157262953609 
0.000456640370815 0.0207014913805 0.0190030561604 0.0192394790552 0.00941534658266 0.0588889223202 0.0133308885466 0.0106922158243 0.0280036545097 0.0155856382566 0.0261032697346 0.0246407624052 0.0320133485057 0.0165311341376 0.0444621285047 0.0415467039324 0.0182403959064 0.00263807982068 0.00138744171778 -0.00642732271339 0.0105006945671 0.0151432747436 0.0129192331299 0.0180341097028 0.00871134386252 0.023210481658 0.399298574548 -0.00978343867631 0.00827212789991 0.0168555052398 
0.0152307122722 0.000528670938456 0.0159035107251 0.0195291760811 0.00587549042308 0.0114134331543 0.00627923495844 0.00329493216344 0.0366786750473 0.0188065591116 0.0163008596519 0.00681838155095 0.0297010100048 0.0147459321769 0.0262492335326 0.0315434514019 0.00811085171898 0.0246235925114 0.0252949949293 0.00846372448889 0.0046547080708 0.0216107007969 0.014145585318 0.0121573421297 0.0252506046831 0.00988863143292 -0.00978343867631 0.457325924945 0.0295974733459 0.0178089352889 
0.0119142991196 0.00530619151168 0.0130936753083 0.0191724599458 -0.000779531918136 0.00361943781255 0.0010660999708 0.00435545424668 0.0164880992259 0.0119143252855 0.025875371428 0.0109709055627 0.0149237776184 0.00420186020202 0.0164858963544 0.00310852282257 0.00191063547262 0.00959340164401 0.0103499516899 0.0079610240107 0.0298103532316 0.00743877341161 0.0106009526636 0.00395067810834 0.00942344638328 0.018850164098 0.00827212789991 0.0295974733459 0.229107526322 0.00170735132651 
0.0365588444848 0.0313291916053 0.0342970789371 0.0199868271766 -0.00694217448128 0.0242927762609 0.0215158280127 0.0144284655698 0.0195209313608 0.00520123836675 0.0305575486304 0.028242148113 0.0176771410796 0.0119246980239 0.0200190314717 0.00238811174816 0.0058745857074 0.0272708513939 0.00746041392272 0.0259478824221 0.0552367870012 0.0435532791876 0.00860804452469 0.00536231813069 0.0141106108203 0.0157262953609 0.0168555052398 0.0178089352889 0.00170735132651 0.332180254938 

['XRX', 'NYT', 'UPS', 'PBI', 'KMI', 'TEK', 'RTN', 'HNZ', 'SWK', 'PGN', 'RDC', 'CB', 'BBY', 'HAS', 'MCK', 'MSFT', 'WPI', 'NTAP', 'CEG', 'EP', 'MNST', 'UNP', 'SO', 'CSCO', 'MRK', 'FO', 'CPWR', 'BMET', 'OMC', 'ROH']