50
0.0353466838873 0.0514292405054 0.0708595176859 0.0623322546876 0.0651633165571 0.123248136701 0.0375994121509 0.0131635076039 0.0451551332239 0.0184249616408 0.0125032911957 0.0359279599811 0.0247746242904 0.0261881624723 0.0132097716294 0.0162851568228 0.0146510565804 0.0211692002509 0.15717092416 0.090319564185 0.0285158318856 0.0782010317916 0.041097516798 0.0582377086348 0.0404531955786 0.0501755430095 0.0533662879029 0.0594494044175 0.0448147494519 0.0540864966038 0.15397042743 0.074230100705 0.0770368317024 0.0054327763703 0.0528259349661 0.0785675118811 0.0188066159349 0.118355026327 0.114001255301 0.0265727047954 0.0298565853869 0.0270240384822 0.0285995604788 0.0753619397022 0.0231907610599 0.0446705301477 0.128413882411 0.0285507317948 0.101481112582 0.044891801276 
0.242800448419 0.0200717313812 0.0112016291335 0.0358758535981 0.014665304855 0.0186245531439 0.0120999845514 0.0226655207188 0.00751877260855 0.0464106658587 0.00996434688636 0.00770894239565 0.0139450772463 0.0109235353493 0.00222585479791 0.00840854549419 0.0172833498405 0.00183195438269 0.028384767221 0.0279955824596 0.0141242237691 0.0144815855255 0.026425098547 0.00946040740983 0.0154250849595 0.0129704540995 0.000718539578148 0.0276838641033 0.0146289571953 0.00967872642545 -0.0109639824727 0.0231480236123 0.00221259204528 0.025693814585 0.0268213410827 -0.0099054589982 -0.000588586521014 0.0157435999267 0.0910434593913 0.0145942708438 0.0244266515545 0.0318475179103 0.0514528089465 -0.000231484413992 0.00870697410958 0.0092738208265 0.00992355317276 0.00404598391672 0.00748760266831 0.0201348401819 
0.0200717313812 0.203448504314 0.0180884836801 0.0120635287982 0.0218183514335 0.0325890935629 0.0165388475884 0.0239585559562 0.00712833198636 0.028505097867 0.0267478800301 0.0147311454662 0.0185683039805 0.0102883813217 0.0122664328425 0.0244002407923 0.0111068018826 0.0101684843329 0.0519048103443 0.034151529053 0.0270095165509 0.0427324441294 0.0329110469063 0.0182530962683 0.0287633892086 0.0132582262633 0.0204910658435 0.0394912855206 0.0202145223856 0.00838173677124 0.0147501105519 0.0429592762379 0.0165225924994 0.00700510630594 0.0201892124363 0.0122396332979 0.0216637541954 0.0114346387604 -0.00484626195964 0.0206563014943 0.0330365525733 0.0304957654553 0.0178141236067 0.0182115121403 0.0112988876203 0.0259166376536 0.0322426207415 0.0195070751848 0.00950337682135 0.0156198675787 
0.0112016291335 0.0180884836801 0.402959301852 -0.0053669007209 0.0226638682657 0.00187452709981 0.0201614498742 0.00970109481708 0.0103119585779 0.0120452195851 -0.00294998262823 -0.00363574372154 0.00667217174209 0.0167947174252 0.00813949127513 0.0131547166227 0.0120157042516 0.0067471671466 0.0442949708942 0.0186419349835 -0.00259566906201 0.00914226893577 0.0168615162768 -0.00558328983527 -0.0184626550382 0.0246193630748 0.000871423513351 0.0175361497417 0.000709192621713 0.00150413900217 0.00274230838828 0.0204465697709 -0.0125467336081 0.0155037606849 0.0270645799102 -0.00685728667779 0.000420843026785 0.0130351328116 0.014917527165 0.0152289325076 0.0169767590665 0.0129772365086 0.0231319197828 0.000190568550847 0.0110020176762 -0.00557863525347 -0.000472352382372 0.00746248280113 0.0126749037103 0.0218638759922 
0.0358758535981 0.0120635287982 -0.0053669007209 0.530892963051 -0.00130594589339 0.0145111569913 0.00759704140309 0.00183409885105 0.0335841893075 -0.00314144419114 0.0197786772969 -0.00724629951577 -0.00110839619655 0.00894286076337 0.00880123510046 0.00654330921587 0.0132377661588 0.0347705534052 -0.00237250234237 0.00104654428568 -0.00530631777794 0.0120116743246 0.00946842964943 -0.00516527871268 0.0164032721536 -0.0011818692247 -0.0109875481818 0.0180217076022 0.00507584783808 -0.00272079366212 0.00612992092563 0.0230363734126 -0.00326557274597 0.0191737958324 0.0265545144546 0.00446827132392 0.0174291778646 0.0133124833095 -0.0105968176116 0.000401658035517 -0.00207153519028 0.00408666491941 0.00950692123812 0.0157473995503 0.0171853693881 0.0174807880125 -0.0206345583294 0.0166729813067 -0.00479969543882 0.0036031084137 
0.014665304855 0.0218183514335 0.0226638682657 -0.00130594589339 0.243607219457 0.0237060999982 0.0122720832706 0.0488612504175 0.0141524688934 0.0173600820713 0.00180350214736 0.00406035808236 0.0064817212262 0.0191088684606 -0.00453145871602 0.0456304549703 0.00365973463563 0.0114826333241 0.0111339131585 0.0148769156432 0.0498217240862 0.0189512397609 0.0130385628771 0.00838665246673 0.00459194704425 0.0214310547838 0.00609796493057 0.0128817900976 0.012415581253 0.00232024016078 0.0554310494378 0.0201363902501 0.0147043327036 0.0040516226098 0.0137715630548 0.00536654695192 0.00795622944935 0.0193143508519 -0.000499899979647 0.0125154660299 0.0143560405115 0.00870243744794 0.0194913000378 0.0325534032136 0.00937323150631 0.0159337788816 0.0449520992247 0.0177053825952 0.0179929495777 0.0197714600461 
0.0186245531439 0.0325890935629 0.00187452709981 0.0145111569913 0.0237060999982 0.467652573133 0.0321959379052 0.0175532846085 0.0244363431834 0.0203285085037 0.00871363689124 0.0441799108581 0.0198407186062 0.0216705101818 0.0168872167385 0.0215647308126 0.0219058356648 0.00171913743249 0.0239252694152 0.00393448409247 0.0191731037161 0.00995474113102 0.0299888512112 0.0133555953448 0.0272240552148 0.0247185959598 0.00512367997239 0.0114108953048 0.0211454961356 0.0585090541151 0.0586299515636 0.0503941206769 0.0146349905303 0.0213714542912 0.0229056588385 0.00798292692469 0.00687404419091 0.0090485914137 -0.00354316964877 -0.00392440714673 0.0162990877324 0.00840183091975 -0.00128196385579 0.0606514493529 0.0287231113248 0.038314284983 0.0456071046526 0.0121072117976 0.00526476713311 0.0264445929471 
0.0120999845514 0.0165388475884 0.0201614498742 0.00759704140309 0.0122720832706 0.0321959379052 0.266465809598 0.00780186191425 -0.00475920411899 0.0126468471385 0.0147634018494 0.00948712003817 0.017587852156 0.0184113610873 0.01022607646 0.0104090806201 0.0141462546117 -0.000679601316814 -0.0037291052119 0.0107688262227 0.013825223945 0.00989439977635 0.00138466840151 0.0181998676652 0.0105429254165 0.00783234246832 0.0135059281007 0.0107397301013 0.0114171046266 0.0133927453309 0.0098885217662 0.0230141274131 0.00259551743266 0.0134825656175 0.0264821705628 0.00378689383922 0.0121290172919 0.00597191806502 -0.00530485389077 0.0192560049517 0.00433789492704 0.00736629923579 0.0186146326706 0.0147202690198 0.0181804937394 0.00500787584737 0.0104826046495 -0.00167972456774 0.0172740406233 0.0161730684241 
0.0226655207188 0.0239585559562 0.00970109481708 0.00183409885105 0.0488612504175 0.0175532846085 0.00780186191425 0.146926481521 0.00498682498788 0.0273769457201 -0.00589269486034 0.00891369707685 0.010425445654 0.00283935563724 0.000541707145019 0.0441029870587 0.00841974349552 0.0102388665505 -0.00195802120543 0.0107956754964 0.0455613899373 0.0210234495547 0.0267696910262 0.0200533049998 -0.00743401051334 0.00998180690635 0.0181679502405 0.0127175589427 0.00529530302691 0.0183467675456 0.012224386857 0.0127172310076 0.00553231616021 0.00912944441143 0.00689977168859 0.00354980305049 0.00693401187129 0.0080121856451 0.00103221308804 0.00498262371482 0.0224141750198 0.00920127240835 0.00628820285343 0.0127882019327 0.00565602405761 0.00659837170831 0.0238547782912 -0.00268558020654 0.00808327400528 0.00237955327202 
0.00751877260855 0.00712833198636 0.0103119585779 0.0335841893075 0.0141524688934 0.0244363431834 -0.00475920411899 0.00498682498788 0.298033061558 0.000286571087344 0.0125456791365 0.0386883669605 0.00320569522519 0.00115937213553 -0.00207434529044 0.00819988937163 0.00693297933451 0.00877177634142 0.01145169469 0.00500207680833 -0.00459533892501 -0.0103052062226 0.00294153124482 0.00165716571514 0.0144937660107 0.00132771219879 0.01290259491 0.00814489717057 0.00776448907283 -0.0127718767116 0.0328178888011 0.0230295360703 0.0356145938184 0.00761938508123 0.0225860300549 0.0171699581985 0.00848998882789 0.0101939771925 0.00732684215005 0.00535897406747 0.00740236743148 -0.0119932506373 0.0145112294032 0.0379809338818 0.0349660907401 0.0166937308242 0.0282510432038 0.0134901685009 0.00558763297443 0.00169080171913 
0.0464106658587 0.028505097867 0.0120452195851 -0.00314144419114 0.0173600820713 0.0203285085037 0.0126468471385 0.0273769457201 0.000286571087344 0.153305109358 0.00706340779533 0.00905642916991 0.0302143245787 0.0156594487568 0.00423858107954 0.0267131965419 0.0146295863734 0.0121958737478 0.0154100218408 0.0299938069284 0.0165387446546 0.0204470907471 0.028564702909 0.00878736307891 0.0282449252562 0.00757993152866 0.0113391773146 0.0544679658958 0.0180650288694 0.029823605657 0.00435012089627 0.0508301319724 0.00248789753449 0.0120310404017 0.0156829065002 0.00844164710148 0.0134209496314 0.0146325240537 0.00474931509561 0.0237873421748 0.0396630653508 0.0283739478148 0.034061719882 0.00364273560752 0.0139250070211 0.0200090620988 0.0149125738566 0.00541855056855 0.00388763860646 0.0166578581765 
0.00996434688636 0.0267478800301 -0.00294998262823 0.0197786772969 0.00180350214736 0.00871363689124 0.0147634018494 -0.00589269486034 0.0125456791365 0.00706340779533 0.278596433024 0.0154134698803 0.00270048134365 0.0158811051057 0.00207471751582 -0.00835873230877 0.0154331819307 0.00227408289042 0.0237596780362 0.00875387960284 0.00124094765288 0.020663760049 -0.00319089078136 0.0197775922224 0.00433561712466 0.0106774570948 0.0262783044871 0.0232077763153 -0.0044132765861 -0.00620470938704 -0.025253257268 0.0616088581927 0.0126038380145 0.0111026712099 0.00847447448432 0.000651595851605 0.0245179073976 0.0325592673057 0.00168676340669 0.0305676386285 0.00793964067708 0.00944600246538 0.0316590603162 -0.0111458068163 0.0060622901458 -0.00228197318309 -0.0139692356094 0.0108681488176 0.0128812731527 0.0186371279047 
0.00770894239565 0.0147311454662 -0.00363574372154 -0.00724629951577 0.00406035808236 0.0441799108581 0.00948712003817 0.00891369707685 0.0386883669605 0.00905642916991 0.0154134698803 0.227013744798 0.00687219447391 0.0104168787074 0.00771865596254 0.0148390462308 0.0130167478268 -0.00430216327052 0.0143349916423 0.0158637230629 0.0192628064398 0.0175371118197 0.00441072444901 0.0192476871762 0.0126789060053 0.0175950131965 0.00552375417131 0.029214956781 0.0175872418355 -0.00145326461696 0.00312413123065 0.0196681877519 0.0126251806176 -0.000205549327353 0.0112924652258 0.000119926476166 0.00699651590377 -0.00645276770514 0.00444678730236 0.0211249008231 0.00223853594461 0.0146950983947 0.00243866540252 0.0168290009083 0.051092574236 0.0224618481779 0.0225124503218 0.0138371912535 -0.00476866355188 0.006457517912 
0.0139450772463 0.0185683039805 0.0066721717421 -0.00110839619655 0.0064817212262 0.0198407186062 0.017587852156 0.010425445654 0.00320569522519 0.0302143245787 0.00270048134365 0.00687219447391 0.182973502017 0.00934645136605 0.0104492767512 0.0167675171791 0.0118678382859 -0.00392318942561 0.0321428568835 0.0129879337936 0.0160593121232 0.0268419943269 0.00817337118569 0.0175527758282 0.0181617788414 0.0187933278169 0.00905920144789 0.0264986188578 0.0199139112573 0.0193648138406 0.00754552959172 0.0184617368181 0.0119486921442 0.00041067236731 0.0125857034452 0.0256720656216 0.0146020249104 0.0106147536793 0.00552604297843 0.0130029520586 0.0186761840338 0.0102129924076 0.017015794339 0.00677827734887 0.00752401144643 0.0225710913917 0.0202118963618 0.0282349880018 0.0378125082288 0.0265959680906 
0.0109235353493 0.0102883813217 0.0167947174252 0.00894286076337 0.0191088684606 0.0216705101818 0.0184113610873 0.00283935563724 0.00115937213553 0.0156594487568 0.0158811051057 0.0104168787074 0.00934645136605 0.257352018714 0.00978211361081 0.0133522403145 0.0115434797129 0.0113469886981 0.0272237632181 0.0349377222216 -0.00932463418719 0.00705208309961 0.0133432615366 -0.00184047846381 0.000623663247826 0.0083976635682 0.00641471593953 0.00922481624593 -0.00834640263112 0.0119756011979 0.0153101629842 0.0353668892362 0.0131141064985 0.004198989091 0.0144107834929 0.0203381078306 0.0130695494678 0.0276605827729 -0.00727309720524 0.00684630082895 0.0155887056694 0.00794820687523 0.015318149618 0.0180728969055 0.0102754779491 0.0156594795889 0.00540011014359 -0.00144468288456 -0.0108328903461 0.0234044297086 
0.00222585479791 0.0122664328425 0.00813949127513 0.00880123510046 -0.00453145871602 0.0168872167385 0.01022607646 0.000541707145019 -0.00207434529043 0.00423858107954 0.00207471751582 0.00771865596254 0.0104492767512 0.00978211361081 0.162977375654 -0.00086539078615 0.0226202819931 0.0124417383842 0.00905836781731 0.0197142283368 0.00966412721695 0.0173617970462 0.0200841053522 0.00854572243755 0.0202087835304 0.0150518493712 0.0166290711768 0.0282086386356 0.00250953332285 0.0132492104263 0.00398578786922 0.0162074845512 0.000840988770599 0.0172215296834 0.00386249251593 0.0138705720313 0.0173245141521 0.0229215859565 -0.00733873018888 0.0038385865949 0.00476665590333 0.0147322361532 0.00944967364873 -0.00679742855516 0.00284907877041 0.0381223474902 0.0068383039596 -0.000865223535267 0.0180777662244 0.0106064520032 
0.00840854549419 0.0244002407923 0.0131547166227 0.00654330921587 0.0456304549703 0.0215647308126 0.0104090806201 0.0441029870587 0.00819988937163 0.0267131965419 -0.00835873230877 0.0148390462308 0.016767517179 0.0133522403145 -0.00086539078615 0.152040144401 0.00489076717597 0.00998930504189 0.00650871564067 0.0150037588428 0.035317393293 0.010903101687 0.00989237865383 0.00899608145002 0.0036117092751 0.012153472495 0.0169807292561 0.0206743358517 0.00897885764057 0.0117161130618 0.0149704181433 0.0186155120139 0.00515058022558 0.0047531933985 0.00816047572324 0.0159813484494 0.00542189400976 0.0055377743651 -0.00148857758077 0.0129000141589 0.0166100859674 0.00173586139857 -0.00284832437111 0.031504134073 -0.00212367226031 0.00274523878319 0.0232995628461 -0.00393952847946 0.00314254727911 0.00616757873964 
0.0172833498405 0.0111068018826 0.0120157042516 0.0132377661588 0.00365973463563 0.0219058356648 0.0141462546117 0.00841974349552 0.00693297933451 0.0146295863734 0.0154331819307 0.0130167478268 0.0118678382859 0.0115434797129 0.0226202819931 0.00489076717597 0.143805741739 0.0126872106582 0.012379686196 0.0170563299373 0.00510343302058 0.00878967625194 0.00796511553903 0.0106514717447 0.00328117939112 0.0218092743037 0.00806886813986 0.0222739811775 0.00190441687334 0.0141830246891 -0.00250385404246 0.0180057985237 0.0103000209952 0.0187570249919 0.0127987590406 0.0195133760695 0.0099622376593 0.0416790097372 -0.011854610196 0.0103572063029 0.0194763808947 0.0228754018496 0.019679763722 -0.00784985495778 0.0162747203494 0.0196840496479 0.00524248396937 0.000717401331946 0.0134397357052 0.00821690585434 
0.00183195438269 0.0101684843329 0.0067471671466 0.0347705534052 0.0114826333241 0.00171913743249 -0.000679601316814 0.0102388665505 0.00877177634142 0.0121958737478 0.00227408289042 -0.00430216327052 -0.00392318942561 0.0113469886981 0.0124417383842 0.00998930504189 0.0126872106582 0.206815590883 0.01153506966 0.0162348821621 0.0192572334286 0.0159893838851 0.00131569549036 0.0167223271007 0.012937316685 0.00296008421544 0.00279124945732 0.0145746189168 0.00400878524764 0.00523870272166 0.0299612472288 0.0109461712324 0.00272929750396 0.00349526480994 0.0144661364798 0.0222003604506 0.00479512324206 0.00382193110958 -0.00173501748843 0.0135948780696 0.0116311883504 -0.00362684813146 0.0258868782087 0.00583548171573 0.00599240671634 0.0119606043791 0.00803429176677 0.0103450533373 -0.000747099837643 0.0180674924533 
0.028384767221 0.0519048103443 0.0442949708942 -0.00237250234237 0.0111339131585 0.0239252694152 -0.0037291052119 -0.00195802120543 0.01145169469 0.0154100218408 0.0237596780362 0.0143349916423 0.0321428568835 0.0272237632181 0.00905836781731 0.00650871564067 0.012379686196 0.01153506966 0.61709320341 0.0328903970272 0.00646206252616 0.0717788991618 0.0240691992978 0.0268744421487 0.0411633829939 0.00536218327493 0.0144165457761 0.0398411427704 0.0191249590549 0.019154586743 0.0408011078378 0.0594765757366 0.0291258936789 0.0269860698718 0.0357938821438 0.0263681082727 0.0307924334787 0.03861344388 0.106867783594 0.0200009902019 0.0152739818317 0.0266532258882 0.0234964495149 0.01816261384 0.00711588493332 0.0644962960037 0.0459514715867 0.0195731864832 0.0367479136147 0.0450366904564 
0.0279955824596 0.034151529053 0.0186419349835 0.00104654428568 0.0148769156432 0.00393448409247 0.0107688262227 0.0107956754964 0.00500207680833 0.0299938069284 0.00875387960284 0.0158637230629 0.0129879337936 0.0349377222216 0.0197142283368 0.0150037588428 0.0170563299373 0.0162348821621 0.0328903970272 0.609017201653 -0.00171223352012 0.0167624615569 -0.00822817831748 0.0245433153664 0.0211216501886 0.0201581046705 0.00765514594786 0.0222699500083 0.0167945302109 0.00365541118691 -0.0117475137553 0.0643032863247 0.0276706333052 0.0272056917001 0.031960738357 0.0454468559128 0.022690833937 0.0193444423298 0.00167728145825 0.00446097993483 0.02167462854 0.0152446397057 0.0134787205098 0.00891098034839 0.00150108373495 0.0217088776469 0.016492046875 0.00594770291854 0.00533139927711 0.0285084001149 
0.0141242237691 0.0270095165509 -0.00259566906201 -0.00530631777794 0.0498217240862 0.0191731037161 0.013825223945 0.0455613899373 -0.00459533892501 0.0165387446546 0.00124094765288 0.0192628064398 0.0160593121232 -0.00932463418719 0.00966412721695 0.035317393293 0.00510343302058 0.0192572334286 0.00646206252616 -0.00171223352012 0.185637788394 0.0122389603341 0.0286844033087 0.0227262148393 0.0172701455833 0.00667834880375 0.0113708427217 0.0289553718624 0.00133734328843 0.0101591596451 0.0312941351627 0.0291326766146 0.00914576357472 0.0022392090019 0.0133293842715 -0.0103928279428 0.00450860946479 0.0164409133226 0.011933188695 0.0135868516957 0.0186180524083 -0.0112146389801 -0.00614884607551 0.0436373933621 0.00208869701886 -0.00421945042614 0.0324181970569 0.00817646051855 0.0172727174089 0.0161804923802 
0.0144815855255 0.0427324441294 0.00914226893577 0.0120116743246 0.0189512397609 0.00995474113102 0.00989439977635 0.0210234495547 -0.0103052062226 0.0204470907471 0.020663760049 0.0175371118197 0.0268419943269 0.00705208309961 0.0173617970462 0.010903101687 0.00878967625194 0.0159893838851 0.0717788991617 0.0167624615569 0.0122389603341 0.381294706127 0.0159226584677 0.000570166501943 0.0112081105715 0.0351030031904 0.000113756835699 0.032499240901 0.0168452160719 0.0249945740772 0.0194107489918 0.0467617267327 0.0294273341471 0.0300295535935 0.0219147987669 0.0283722646296 0.0339911752361 0.0390586100307 -0.00646924331747 0.0177866233452 0.0042166659569 0.00578692135351 0.0148004462299 0.0111288825292 0.0168944413557 0.0328069153174 0.0232136220418 0.0134640853209 0.0296763022975 0.012875446331 
0.026425098547 0.0329110469063 0.0168615162768 0.00946842964943 0.0130385628771 0.0299888512112 0.00138466840151 0.0267696910262 0.00294153124482 0.028564702909 -0.00319089078136 0.00441072444901 0.00817337118569 0.0133432615366 0.0200841053522 0.00989237865383 0.00796511553903 0.00131569549036 0.0240691992978 -0.00822817831748 0.0286844033087 0.0159226584677 0.247628956415 0.0295683313138 0.0172816720742 0.0110253042313 0.0122626422888 0.0379562121929 0.00955805272106 0.0205875497761 0.0263104578284 0.0269428319312 0.00764400368481 0.0187966063815 0.025792276611 0.00634861954286 0.017159101353 0.0237503528323 -0.002832691552 0.0254356259695 0.02474905201 0.0143260629498 0.0111348907629 0.0189736762217 0.0143471598292 0.018891397499 0.0399569768336 0.0053294467151 0.0137772278701 0.0137226331852 
0.00946040740983 0.0182530962683 -0.00558328983527 -0.00516527871268 0.00838665246673 0.0133555953448 0.0181998676652 0.0200533049998 0.00165716571514 0.00878736307891 0.0197775922224 0.0192476871762 0.0175527758282 -0.00184047846381 0.00854572243755 0.00899608145002 0.0106514717447 0.0167223271007 0.0268744421487 0.0245433153664 0.0227262148393 0.000570166501943 0.0295683313138 0.451993989088 0.0183177353629 -0.00556477949186 0.00240843858993 0.0172470233234 0.0155106757747 -0.00976662581577 -0.00151614236652 0.0168782788774 -0.0147965003176 0.0104641501979 0.00801925630356 0.0145251198278 0.0178105077395 0.0191523265236 -0.0154397316782 0.000784054787675 0.0162398869581 0.0160761352126 0.0151216426882 -0.00410479782762 0.0147201417398 -0.00315613569364 -0.00493588806392 0.00227398918792 0.00217813820148 0.106596956428 
0.0154250849595 0.0287633892086 -0.0184626550382 0.0164032721536 0.00459194704425 0.0272240552148 0.0105429254165 -0.00743401051334 0.0144937660107 0.0282449252562 0.00433561712466 0.0126789060053 0.0181617788414 0.000623663247826 0.0202087835304 0.0036117092751 0.00328117939112 0.012937316685 0.0411633829939 0.0211216501886 0.0172701455833 0.0112081105715 0.0172816720742 0.0183177353629 0.342380889312 0.00249103633959 0.0276223182361 0.0371990023698 0.00210036706752 0.0161526014457 0.0619611819204 0.0588765332571 0.0228714126199 0.0144908888969 0.0362255179617 0.0246370140983 0.0123501260624 0.0206243100694 0.0309272155602 0.00458425862521 0.0154547019978 0.0248386398308 0.0256999547332 0.0155392150399 0.00475257543023 0.0111032143137 0.0412867920837 0.0234985753063 0.00919533935172 0.024929993744 
0.0129704540995 0.0132582262633 0.0246193630748 -0.0011818692247 0.0214310547838 0.0247185959598 0.00783234246832 0.00998180690635 0.00132771219879 0.00757993152866 0.0106774570948 0.0175950131965 0.0187933278169 0.0083976635682 0.0150518493712 0.012153472495 0.0218092743037 0.00296008421544 0.00536218327493 0.0201581046705 0.00667834880375 0.0351030031904 0.0110253042313 -0.00556477949186 0.00249103633959 0.318751182492 -0.0027032834776 0.0344117651841 0.0285531277686 0.00990367020818 0.0168387257941 0.0501937775263 0.0125166761273 0.0291957590184 0.0176396101894 0.0207799824214 0.0152734090128 0.00941326356046 0.0078174212096 0.00257731811099 0.0145641870108 0.00817393158157 0.0136090431211 0.0221363460387 0.00621437610659 0.0214214236282 0.00984976175682 0.0254378420572 0.0118788069061 0.00430718661637 
0.000718539578148 0.0204910658435 0.000871423513351 -0.0109875481818 0.00609796493057 0.00512367997239 0.0135059281007 0.0181679502405 0.01290259491 0.0113391773146 0.0262783044871 0.00552375417131 0.00905920144789 0.00641471593953 0.0166290711768 0.0169807292561 0.00806886813986 0.00279124945732 0.0144165457761 0.00765514594786 0.0113708427217 0.000113756835699 0.0122626422888 0.00240843858993 0.0276223182361 -0.0027032834776 0.429216774614 0.0173048596578 0.0239551872198 0.02021396558 0.0115867255504 0.0100624359894 0.00741121529183 0.012168379472 0.00622592924091 0.0136853383934 0.00979637925104 0.0209473990993 -0.00341001509429 -0.00272727311859 0.0275120715271 0.00682729597988 -0.0057042090257 0.00761520859919 0.00194361521647 0.0316966732987 -0.00381929035366 0.0201520674107 0.0113627900186 0.0248663448234 
0.0276838641033 0.0394912855206 0.0175361497417 0.0180217076022 0.0128817900976 0.0114108953048 0.0107397301013 0.0127175589427 0.00814489717057 0.0544679658958 0.0232077763153 0.029214956781 0.0264986188578 0.00922481624593 0.0282086386356 0.0206743358517 0.0222739811775 0.0145746189168 0.0398411427704 0.0222699500083 0.0289553718624 0.032499240901 0.0379562121929 0.0172470233234 0.0371990023698 0.0344117651841 0.0173048596578 0.280623196789 0.0206997806776 0.0263647020505 0.00625121751641 0.0643105991817 0.00123213219213 0.00189713077801 0.0484408971953 0.0176038813851 0.0229897103657 0.0289810878676 0.00849089962259 0.0353235256817 0.0347427387268 0.0374487380737 0.0311025458117 0.000633580055982 0.0377193725178 0.0302394814914 0.0153022820704 0.00576608741554 0.0114663451058 0.0332325910804 
0.0146289571953 0.0202145223856 0.000709192621713 0.00507584783808 0.012415581253 0.0211454961356 0.0114171046266 0.00529530302691 0.00776448907283 0.0180650288694 -0.0044132765861 0.0175872418355 0.0199139112573 -0.00834640263112 0.00250953332285 0.00897885764057 0.00190441687334 0.00400878524764 0.0191249590549 0.0167945302109 0.00133734328843 0.0168452160719 0.00955805272106 0.0155106757747 0.00210036706752 0.0285531277686 0.0239551872198 0.0206997806776 0.467536189658 0.0179534629725 0.0268975186321 0.00895589519453 0.00637404200588 -0.000120010496976 0.0105703440156 0.0341116823119 0.00794791802012 0.0234823391947 -0.00135167226901 0.00869357718806 0.0192606339487 0.00830681367414 0.0248938340029 0.00472944675607 0.0044306986168 -0.00142512239935 0.00248983170661 0.0476950587631 -0.00870817850484 -0.00036410010114 
0.00967872642545 0.00838173677124 0.00150413900217 -0.00272079366212 0.00232024016078 0.0585090541151 0.0133927453309 0.0183467675456 -0.0127718767116 0.029823605657 -0.00620470938704 -0.00145326461696 0.0193648138406 0.0119756011979 0.0132492104263 0.0117161130618 0.0141830246891 0.00523870272166 0.019154586743 0.00365541118691 0.0101591596451 0.0249945740772 0.0205875497761 -0.00976662581577 0.0161526014457 0.00990367020818 0.02021396558 0.0263647020505 0.0179534629725 0.389412196759 0.0258305209081 0.0283375453326 0.000162011010022 0.00158556245412 0.0177585650584 0.0164392759798 -0.00711661831111 0.0100599469465 -0.00222767235975 0.0122966933937 0.0112604599201 -0.0040007327074 0.0261302885046 0.00724619807682 -0.00798913431831 0.0114258276465 0.0136589589657 0.000542449522889 0.00247927919544 0.0110032981969 
-0.0109639824727 0.0147501105519 0.00274230838828 0.00612992092563 0.0554310494378 0.0586299515636 0.0098885217662 0.012224386857 0.0328178888011 0.00435012089627 -0.025253257268 0.00312413123065 0.00754552959172 0.0153101629842 0.00398578786922 0.0149704181433 -0.00250385404246 0.0299612472288 0.0408011078378 -0.0117475137553 0.0312941351627 0.0194107489918 0.0263104578284 -0.00151614236652 0.0619611819204 0.0168387257941 0.0115867255504 0.00625121751641 0.0268975186321 0.0258305209081 0.58469016218 0.09560479767 0.0120983004763 0.00106698565734 -0.00398262194778 0.00573440974358 0.00503820586048 -0.00101972894119 0.0119860612043 0.00114647051066 -0.000598038435761 -0.00869932911141 -0.0144879743333 0.118381927684 -0.00813258921327 0.0132606007351 0.163724313656 0.0152808441732 0.0051369376752 0.0308684656918 
0.0231480236123 0.0429592762379 0.0204465697709 0.0230363734126 0.0201363902501 0.0503941206769 0.0230141274131 0.0127172310076 0.0230295360703 0.0508301319724 0.0616088581927 0.0196681877519 0.0184617368181 0.0353668892362 0.0162074845512 0.0186155120139 0.0180057985237 0.0109461712324 0.0594765757366 0.0643032863247 0.0291326766146 0.0467617267327 0.0269428319312 0.0168782788774 0.0588765332571 0.0501937775263 0.0100624359894 0.0643105991817 0.00895589519453 0.0283375453326 0.09560479767 0.493632813406 0.028035642144 0.0121262552942 0.0211180978609 0.018800052832 0.0367275506572 0.0260424932743 -0.0134088587303 0.0229896533247 0.0321181084726 0.0294391550273 0.043397291454 0.0545313174902 0.0209608416435 0.0339567732311 0.0759297394627 0.0299869557348 0.00591317070485 0.0580894114551 
0.00221259204528 0.0165225924994 -0.0125467336081 -0.00326557274597 0.0147043327036 0.0146349905303 0.00259551743266 0.00553231616021 0.0356145938184 0.00248789753449 0.0126038380145 0.0126251806176 0.0119486921442 0.0131141064985 0.000840988770599 0.00515058022558 0.0103000209952 0.00272929750396 0.0291258936789 0.0276706333052 0.00914576357472 0.0294273341471 0.00764400368481 -0.0147965003176 0.0228714126199 0.0125166761273 0.00741121529183 0.00123213219213 0.00637404200588 0.000162011010022 0.0120983004763 0.028035642144 0.339864262412 0.0257225720707 0.0217285161519 0.00554013868013 0.0247569745448 0.0218211969442 -0.0033193813797 0.0118248821975 0.00162114473556 0.00113540057506 -0.00324033280895 0.016393461803 -0.00492600814229 0.0365999085345 0.0399405537357 -0.00366359342288 0.00495574427521 0.0138847639887 
0.025693814585 0.00700510630594 0.0155037606849 0.0191737958324 0.0040516226098 0.0213714542912 0.0134825656175 0.00912944441143 0.00761938508123 0.0120310404017 0.0111026712099 -0.000205549327353 0.00041067236731 0.004198989091 0.0172215296834 0.0047531933985 0.0187570249919 0.00349526480994 0.0269860698718 0.0272056917001 0.0022392090019 0.0300295535935 0.0187966063815 0.0104641501979 0.0144908888969 0.0291957590184 0.012168379472 0.00189713077801 -0.000120010496976 0.00158556245412 0.00106698565734 0.0121262552942 0.0257225720707 0.181328807203 0.0168817327819 0.0113563847068 0.0147439597671 0.0213124822464 -0.00473324032489 0.0231465449533 0.0132423089373 0.0116183639987 0.0117351758283 -0.00133465717659 0.0065613818122 0.0238650412361 -0.00051997808699 0.00941239209955 -0.00677698151482 0.00621092232852 
0.0268213410827 0.0201892124363 0.0270645799102 0.0265545144546 0.0137715630548 0.0229056588385 0.0264821705628 0.00689977168859 0.0225860300549 0.0156829065002 0.00847447448432 0.0112924652258 0.0125857034452 0.0144107834929 0.00386249251593 0.00816047572324 0.0127987590406 0.0144661364798 0.0357938821438 0.031960738357 0.0133293842715 0.0219147987669 0.025792276611 0.00801925630356 0.0362255179617 0.0176396101894 0.00622592924091 0.0484408971953 0.0105703440156 0.0177585650584 -0.00398262194778 0.0211180978609 0.0217285161519 0.0168817327819 0.274015498885 0.0115081262389 0.0145889723826 0.0052903839513 -0.00712128893391 0.0343337818692 0.0182929671247 0.0179960444302 0.0453859364687 -0.00687325154297 0.0727406546579 0.0201396775314 0.00272339470765 0.0157748746321 -0.00254216332477 0.0180548310435 
-0.0099054589982 0.0122396332979 -0.00685728667779 0.00446827132392 0.00536654695192 0.00798292692469 0.00378689383922 0.00354980305049 0.0171699581985 0.00844164710148 0.000651595851605 0.000119926476166 0.0256720656216 0.0203381078306 0.0138705720313 0.0159813484494 0.0195133760695 0.0222003604506 0.0263681082727 0.0454468559128 -0.0103928279428 0.0283722646296 0.00634861954286 0.0145251198278 0.0246370140983 0.0207799824214 0.0136853383934 0.0176038813851 0.0341116823119 0.0164392759798 0.00573440974358 0.018800052832 0.00554013868013 0.0113563847068 0.0115081262389 0.530449654582 0.0121576416499 0.104893786666 -0.0109796498549 0.0119864808297 -0.000658654173539 0.00291198826452 -0.00687820787175 0.00978162359468 0.0131458784572 0.012180973009 0.0108894887253 0.0103611771138 0.00663731212279 0.00206434510218 
-0.000588586521014 0.0216637541954 0.000420843026785 0.0174291778646 0.00795622944935 0.00687404419091 0.0121290172919 0.00693401187129 0.00848998882789 0.0134209496314 0.0245179073976 0.00699651590377 0.0146020249104 0.0130695494678 0.0173245141521 0.00542189400976 0.0099622376593 0.00479512324206 0.0307924334787 0.022690833937 0.00450860946479 0.0339911752361 0.017159101353 0.0178105077395 0.0123501260624 0.0152734090128 0.00979637925104 0.0229897103657 0.00794791802012 -0.00711661831111 0.00503820586048 0.0367275506572 0.0247569745448 0.0147439597671 0.0145889723826 0.0121576416499 0.19473322046 0.0422960169439 -0.0168573074883 0.0122040969743 0.00746597898939 0.0214105785656 0.0203076665204 -0.00102016788437 0.0107273556285 0.0168093785985 0.0189600658199 0.0120009180612 0.00164559624297 0.0136171838825 
0.0157435999267 0.0114346387604 0.0130351328116 0.0133124833095 0.0193143508519 0.0090485914137 0.00597191806502 0.0080121856451 0.0101939771925 0.0146325240537 0.0325592673057 -0.00645276770514 0.0106147536793 0.0276605827729 0.0229215859565 0.0055377743651 0.0416790097372 0.00382193110958 0.03861344388 0.0193444423298 0.0164409133226 0.0390586100307 0.0237503528323 0.0191523265236 0.0206243100694 0.00941326356046 0.0209473990993 0.0289810878676 0.0234823391947 0.0100599469465 -0.00101972894119 0.0260424932743 0.0218211969442 0.0213124822464 0.0052903839513 0.104893786666 0.0422960169439 0.564905041223 -0.000391174071569 0.0152860244801 0.0101288501743 0.0144103405976 0.00510615427154 0.0116515298613 0.0187310111257 0.0205674698404 0.0344420547455 0.0146718425372 0.0110492717458 0.0215988827412 
0.0910434593913 -0.00484626195964 0.014917527165 -0.0105968176116 -0.000499899979647 -0.00354316964877 -0.00530485389077 0.00103221308804 0.00732684215005 0.00474931509561 0.00168676340669 0.00444678730236 0.00552604297843 -0.00727309720524 -0.00733873018888 -0.00148857758077 -0.011854610196 -0.00173501748843 0.106867783594 0.00167728145825 0.011933188695 -0.00646924331747 -0.002832691552 -0.0154397316782 0.0309272155602 0.0078174212096 -0.00341001509429 0.00849089962259 -0.00135167226901 -0.00222767235975 0.0119860612043 -0.0134088587303 -0.0033193813797 -0.00473324032489 -0.00712128893391 -0.0109796498549 -0.0168573074883 -0.000391174071569 1.12980637477 -0.0156655053148 0.00946462086252 -0.0148391633289 -0.00175250373293 0.0104488011372 0.00244902575524 0.00403763955103 0.011442016162 0.0229054774771 0.00126454597258 0.00509375256336 
0.0145942708438 0.0206563014943 0.0152289325076 0.000401658035517 0.0125154660299 -0.00392440714673 0.0192560049517 0.00498262371482 0.00535897406747 0.0237873421748 0.0305676386285 0.0211249008231 0.0130029520586 0.00684630082895 0.0038385865949 0.0129000141589 0.0103572063029 0.0135948780696 0.0200009902019 0.00446097993483 0.0135868516957 0.0177866233452 0.0254356259695 0.000784054787675 0.00458425862521 0.00257731811099 -0.00272727311859 0.0353235256817 0.00869357718806 0.0122966933937 0.00114647051066 0.0229896533247 0.0118248821975 0.0231465449533 0.0343337818692 0.0119864808297 0.0122040969743 0.0152860244801 -0.0156655053148 0.200291254615 0.0228284552723 0.0186662996071 0.0353765621686 0.0101479338321 0.042837461913 0.00834941873812 0.0160231540364 0.00770419754419 0.014445089392 0.00968539880239 
0.0244266515545 0.0330365525733 0.0169767590665 -0.00207153519028 0.0143560405115 0.0162990877324 0.00433789492704 0.0224141750198 0.00740236743148 0.0396630653508 0.00793964067708 0.00223853594461 0.0186761840338 0.0155887056694 0.00476665590333 0.0166100859674 0.0194763808947 0.0116311883504 0.0152739818317 0.02167462854 0.0186180524083 0.0042166659569 0.02474905201 0.0162398869581 0.0154547019978 0.0145641870108 0.0275120715271 0.0347427387268 0.0192606339487 0.0112604599201 -0.000598038435761 0.0321181084726 0.00162114473556 0.0132423089373 0.0182929671247 -0.000658654173539 0.00746597898939 0.0101288501743 0.00946462086252 0.0228284552723 0.135918624552 0.0256664825659 0.0243241582508 0.0114698117913 0.0142806998566 0.0204158355876 0.00273301640681 0.00814207552809 0.000819986212676 0.0234067770373 
0.0318475179103 0.0304957654553 0.0129772365086 0.00408666491941 0.00870243744794 0.00840183091975 0.00736629923579 0.00920127240835 -0.0119932506373 0.0283739478148 0.00944600246538 0.0146950983947 0.0102129924076 0.00794820687523 0.0147322361532 0.00173586139857 0.0228754018496 -0.00362684813146 0.0266532258882 0.0152446397057 -0.0112146389801 0.00578692135351 0.0143260629498 0.0160761352126 0.0248386398308 0.00817393158157 0.00682729597988 0.0374487380737 0.00830681367414 -0.0040007327074 -0.00869932911141 0.0294391550273 0.00113540057506 0.0116183639987 0.0179960444302 0.00291198826452 0.0214105785656 0.0144103405976 -0.0148391633289 0.0186662996071 0.0256664825659 0.221192528089 0.0187449297949 -0.00593223815852 0.00379919484932 0.0159791248116 -0.0127263329041 0.00110141356902 0.0121588284775 0.0032268750169 
0.0514528089465 0.0178141236067 0.0231319197828 0.00950692123812 0.0194913000378 -0.00128196385579 0.0186146326706 0.00628820285343 0.0145112294032 0.034061719882 0.0316590603162 0.00243866540252 0.017015794339 0.015318149618 0.00944967364873 -0.00284832437111 0.019679763722 0.0258868782087 0.0234964495149 0.0134787205098 -0.00614884607551 0.0148004462299 0.0111348907629 0.0151216426882 0.0256999547332 0.0136090431211 -0.0057042090257 0.0311025458117 0.0248938340029 0.0261302885046 -0.0144879743333 0.043397291454 -0.00324033280895 0.0117351758283 0.0453859364687 -0.00687820787175 0.0203076665204 0.00510615427154 -0.00175250373293 0.0353765621686 0.0243241582508 0.0187449297949 0.266735848856 -0.00583035352525 0.0346530955675 -0.010914949942 0.0138982029009 0.0286536222049 0.00381539912822 0.0248213048518 
-0.000231484413991 0.0182115121403 0.000190568550847 0.0157473995503 0.0325534032136 0.0606514493529 0.0147202690198 0.0127882019327 0.0379809338818 0.00364273560752 -0.0111458068163 0.0168290009083 0.00677827734887 0.0180728969055 -0.00679742855516 0.031504134073 -0.00784985495778 0.00583548171573 0.01816261384 0.00891098034839 0.0436373933621 0.0111288825292 0.0189736762217 -0.00410479782762 0.0155392150399 0.0221363460387 0.00761520859919 0.000633580055982 0.00472944675607 0.00724619807682 0.118381927684 0.0545313174902 0.016393461803 -0.00133465717659 -0.00687325154297 0.00978162359468 -0.00102016788437 0.0116515298613 0.0104488011372 0.0101479338321 0.0114698117913 -0.00593223815852 -0.00583035352525 0.343603847625 0.0169942749477 0.00639502499001 0.150509101781 0.00200926324597 0.000573507393496 0.0197035164752 
0.00870697410958 0.0112988876203 0.0110020176762 0.0171853693881 0.00937323150631 0.0287231113248 0.0181804937394 0.00565602405761 0.0349660907401 0.0139250070211 0.0060622901458 0.051092574236 0.00752401144643 0.0102754779491 0.00284907877041 -0.00212367226031 0.0162747203494 0.00599240671634 0.00711588493332 0.00150108373495 0.00208869701886 0.0168944413557 0.0143471598292 0.0147201417398 0.00475257543023 0.00621437610659 0.00194361521647 0.0377193725178 0.0044306986168 -0.00798913431831 -0.00813258921327 0.0209608416435 -0.00492600814229 0.0065613818122 0.0727406546579 0.0131458784572 0.0107273556285 0.0187310111257 0.00244902575524 0.042837461913 0.0142806998566 0.00379919484932 0.0346530955675 0.0169942749477 0.211872040838 0.0212930794332 0.00764499234708 0.0012868244676 -0.00341113478953 0.0122703575689 
0.0092738208265 0.0259166376536 -0.00557863525347 0.0174807880125 0.0159337788816 0.038314284983 0.00500787584737 0.00659837170831 0.0166937308242 0.0200090620988 -0.00228197318309 0.0224618481779 0.0225710913917 0.0156594795889 0.0381223474902 0.00274523878319 0.0196840496479 0.0119606043791 0.0644962960037 0.0217088776469 -0.00421945042614 0.0328069153174 0.018891397499 -0.00315613569364 0.0111032143137 0.0214214236282 0.0316966732987 0.0302394814914 -0.00142512239935 0.0114258276465 0.0132606007351 0.0339567732311 0.0365999085345 0.0238650412361 0.0201396775314 0.012180973009 0.0168093785985 0.0205674698404 0.00403763955103 0.00834941873812 0.0204158355876 0.0159791248116 -0.010914949942 0.00639502499001 0.0212930794332 0.328741401411 0.0139993645277 0.00566840997721 0.0301192414848 0.021077711657 
0.00992355317276 0.0322426207415 -0.000472352382372 -0.0206345583294 0.0449520992247 0.0456071046526 0.0104826046495 0.0238547782912 0.0282510432038 0.0149125738566 -0.0139692356094 0.0225124503218 0.0202118963618 0.00540011014359 0.0068383039596 0.0232995628461 0.00524248396937 0.00803429176677 0.0459514715867 0.016492046875 0.0324181970569 0.0232136220418 0.0399569768336 -0.00493588806392 0.0412867920837 0.00984976175682 -0.00381929035366 0.0153022820704 0.00248983170661 0.0136589589657 0.163724313656 0.0759297394627 0.0399405537357 -0.00051997808699 0.00272339470765 0.0108894887253 0.0189600658199 0.0344420547455 0.011442016162 0.0160231540364 0.00273301640681 -0.0127263329041 0.0138982029009 0.150509101781 0.00764499234708 0.0139993645277 0.447456157284 0.0124297846703 0.0437088153705 0.0404248144891 
