30
0.104903250727 0.106415927512 0.0265193363437 0.0770368317024 0.0353360638732 0.0414012394119 0.0383245101253 0.163811268696 0.0669692816613 0.0911559741232 0.0440278725419 0.039970875035 0.0220926651793 0.0125032911957 0.0299059053764 0.0471087328402 0.0514292405054 0.0623593213805 0.0738036440579 0.0613427887106 0.0308768641188 0.188050706821 0.0782010317916 0.0707348977441 0.0248608942987 0.185879968849 0.542098982398 0.0540864966038 0.15717092416 0.0168064994581 
0.467944044505 0.0443985799393 0.0349949842786 0.035493456168 -0.000503941927687 0.0303262164419 0.0211174482015 0.00946534137174 0.0184211363461 0.0518033234087 0.0292478802761 0.0389049900177 0.0191222024136 0.0250452209824 0.025640229778 0.023401909902 0.042815371676 0.0575182134118 0.0214014823861 0.0082523325451 0.0133660376054 0.0599591669068 0.0350720937986 0.0112433828967 0.0355967122794 0.0625189902807 0.0477645239824 0.0160843593455 0.0722531338856 0.0149717414646 
0.0443985799393 0.609093312775 0.0085037547372 0.012858281061 0.0209989638144 0.013724463544 0.0620111267818 -0.0138787944994 0.00846898928212 0.0327794426168 0.0185767055496 0.0617489080262 0.01843903178 0.0112152666288 0.00610045915919 0.0161783125447 0.0224308621712 0.0273076207445 0.0202669904557 -0.000545375206408 0.0194728807067 0.0301987175707 0.0691114793504 0.0124343222466 0.0279724611024 0.0646126505614 -0.0077785470553 0.0247773190525 0.120924030362 0.018845056769 
0.0349949842786 0.00850375473719 0.212766605001 0.0169407281081 0.00489737212942 0.015112378517 0.0194132302933 -0.0191485219393 0.0313393761477 0.0293662158547 0.00891498762218 0.0153473183892 0.0183078582634 0.00172307911586 0.0194179884721 0.0114233588489 0.0237789930388 0.0305191785558 0.0265697027329 0.00998377706368 0.00833426017152 0.00511785064926 0.00116450987054 0.00271371096675 0.0122308071062 0.0124193566026 0.0110221964986 0.0143528247815 0.0165481169409 0.00614311570769 
0.035493456168 0.012858281061 0.0169407281081 0.34594067786 0.014536356317 0.0120778417663 0.00626044676267 -0.0180989253386 0.0150760590153 0.0373271952417 0.00738284594761 -0.00376082078512 0.0198844707192 0.0135991392051 0.00936025069107 0.0121318406736 0.0204472125578 0.021962952267 -0.0148776564298 0.01403355581 -0.00118728329568 0.00403135706707 0.0335733023045 0.0205644074155 0.00704681582809 0.00632676619106 0.0128820738657 0.00117609713573 0.0337411724878 -0.000219417285798 
-0.000503941927689 0.0209989638144 0.00489737212944 0.014536356317 0.313441166973 0.00835950890038 0.0254729951345 -0.000745371553193 0.0101123844431 0.0121152228357 0.0165756988501 0.00941875715493 0.0142504963111 0.0219517851139 0.0121783656816 0.00635215049779 0.0405176453546 0.00890002785954 0.017937927085 0.0183306105116 0.020650637481 0.0268804035382 0.0495696661511 0.0126451597976 0.0208755724757 0.0184684752131 0.00694254393978 0.0111280316924 0.0401271093816 0.0242443786432 
0.0303262164419 0.013724463544 0.015112378517 0.0120778417663 0.00835950890038 0.247572361717 0.0161634140701 0.00278682579368 0.0141846994257 0.0218836169445 0.0164529798519 0.0129171283463 0.0140548455912 0.000876818850545 0.0184154078786 0.00550622905262 0.0231177625861 0.0227567594389 0.0275347362038 0.00915699712284 0.00970064167468 0.00881419278614 0.0201371549149 -0.0021012292103 0.0237369976479 0.019061677125 0.0381164118515 0.0221801296653 0.0176180370512 0.00960552963165 
0.0211174482015 0.0620111267818 0.0194132302933 0.00626044676266 0.0254729951345 0.0161634140701 0.331408718914 -0.0077613148471 0.0219562717472 0.0223119796367 0.0341725227432 0.0141215763657 0.000336952882092 0.0323745401214 0.0361020889414 0.0107389979112 0.0313480435984 0.0124666703927 0.0352466971559 0.0100269773254 0.0276686457357 0.0282862941901 0.0537358067089 0.0026107475127 0.0163795877165 0.034204385634 0.00995323340768 0.01894787119 0.017369242449 0.016420082265 
0.00946534137174 -0.0138787944994 -0.0191485219393 -0.0180989253386 -0.000745371553193 0.00278682579367 -0.00776131484709 1.36035210213 -0.0265576047435 0.0147163311473 0.0598547722027 -0.0102124711377 -0.010744052843 -0.0178919145986 -0.0082009821469 -0.00885529247898 0.00138570056571 0.00350504699042 0.00330420351278 0.00267879901642 9.64602949374e-05 0.00837461609077 0.00158188993554 0.112761747777 0.00465505613664 0.0116664769473 0.0500425079963 -0.00767617545855 0.108662698679 -0.00252262013125 
0.0184211363461 0.00846898928211 0.0313393761477 0.0150760590153 0.0101123844431 0.0141846994257 0.0219562717472 -0.0265576047435 0.477522990166 0.0401827008148 0.0241209919118 0.0209711278824 -0.00212962279963 0.0348812812124 0.0274774543522 0.00117822413294 0.0346450893843 0.0385276222942 0.0183562794034 0.0138465873606 0.0279512828474 0.0305349038629 0.0347485113091 0.0119918562327 0.0178124912364 0.0760747347336 0.0420482473923 0.0178418438371 0.0575082819277 0.0197258318254 
0.0518033234087 0.0327794426168 0.0293662158547 0.0373271952417 0.0121152228357 0.0218836169445 0.0223119796367 0.0147163311473 0.0401827008148 0.367168929061 0.0130641145087 0.0346994463101 0.0111296977191 0.0188896908849 0.0249719732184 0.0166070743887 0.0336219577871 0.0559986948135 0.0313087800484 0.019773671997 0.0158984416108 0.0732445765964 0.00899037357949 0.0309578368607 0.0228475303094 0.0652076381421 0.013991909531 0.0206556014586 0.0560679826477 0.0252897402867 
0.0292478802761 0.0185767055496 0.00891498762232 0.00738284594761 0.0165756988501 0.0164529798519 0.0341725227432 0.0598547722027 0.0241209919118 0.0130641145087 0.232285921223 0.0224088302497 0.0213248286737 0.0248012117664 0.0147946459035 0.00444437419517 0.0271974601589 0.0165690119036 0.0170201817059 -0.00391046077593 0.00900035415912 0.0197656215255 0.00475569263617 0.0137641264073 0.0220435618581 0.0309336865486 0.0132050798136 0.00907041080553 0.00942665789903 0.023196146283 
0.0389049900177 0.0617489080262 0.0153473183892 -0.00376082078512 0.00941875715492 0.0129171283463 0.0141215763657 -0.0102124711377 0.0209711278824 0.0346994463101 0.0224088302497 0.189464955044 0.00509885407344 0.0237342382585 0.0261932267826 0.0100692165799 0.0291121683923 0.0378194259132 0.00882983581904 0.0142592449949 0.0245341685404 0.0396233723463 0.0127641140016 0.0278548864159 0.0254395972492 0.0425196509779 0.00685046190903 0.010015882061 0.0397954042358 0.0154298603166 
0.0191222024136 0.01843903178 0.0183078582633 0.0198844707192 0.0142504963111 0.0140548455912 0.000336952882092 -0.010744052843 -0.00212962279963 0.0111296977191 0.0213248286738 0.00509885407346 0.239190689802 -0.00690136758 0.00950408383579 0.0249752901223 0.0266322182624 0.0166331136699 0.0163523907997 0.0178741395217 0.00144505150555 -0.00111645991822 0.0156636435304 0.0100526262983 0.014904162735 0.0301974488164 0.00314700988428 0.020138092596 0.00215014273131 0.0141195723776 
0.0250452209824 0.0112152666288 0.00172307911581 0.0135991392051 0.0219517851139 0.000876818850541 0.0323745401214 -0.0178919145986 0.0348812812124 0.0188896908849 0.0248012117664 0.0237342382585 -0.00690136757997 0.287629784687 0.0154806202253 -0.0163647367223 0.0265790670201 0.013972577524 0.0156832298231 0.0143244491717 0.0148521246135 0.00327816849726 0.0224667982383 0.00231700716525 0.0165166482169 0.00490306459715 -0.0234874264669 -0.00566459712019 0.0259804055414 0.0113659513992 
0.025640229778 0.00610045915918 0.0194179884721 0.00936025069107 0.0121783656816 0.0184154078786 0.0361020889414 -0.00820098214691 0.0274774543522 0.0249719732184 0.0147946459035 0.0261932267826 0.00950408383579 0.0154806202253 0.274742141417 0.0171428119481 0.0207923302606 0.00929367123012 0.00794669407451 0.017499553424 0.0155185053878 0.0372219339538 0.0215343920455 0.0184340342401 0.0264463352873 0.0136328671059 0.0168118290814 0.0148681335204 0.0332142098144 0.00309314785639 
0.023401909902 0.0161783125447 0.0114233588489 0.0121318406736 0.00635215049779 0.00550622905262 0.0107389979112 -0.00885529247898 0.00117822413295 0.0166070743887 0.00444437419513 0.0100692165799 0.0249752901223 -0.0163647367223 0.0171428119481 0.260829111188 0.0249601271815 0.022243588609 0.0117459712006 0.0203479817018 -0.00406451680591 0.00592233479044 0.00567800370233 0.0174118259699 -0.00242290495222 0.070660987214 0.0724347347255 0.00318315319709 0.0256939645481 0.00174633507703 
0.042815371676 0.0224308621712 0.0237789930388 0.0204472125578 0.0405176453546 0.0231177625861 0.0313480435984 0.00138570056572 0.0346450893843 0.0336219577871 0.0271974601589 0.0291121683923 0.0266322182624 0.0265790670201 0.0207923302606 0.0249601271815 0.210671636296 0.0242296348617 0.0311981863643 0.0102678357465 0.0303510746524 0.0190918940376 0.0442644529279 0.0040879102679 0.0425197598581 0.0389731507484 0.014038478288 0.0119627403213 0.0496510902202 0.00838759308762 
0.0575182134118 0.0273076207444 0.0305191785558 0.021962952267 0.00890002785954 0.0227567594389 0.0124666703927 0.00350504699042 0.0385276222942 0.0559986948135 0.0165690119036 0.0378194259132 0.0166331136699 0.0139725775239 0.00929367123011 0.022243588609 0.0242296348617 0.335205294081 0.0338121198607 0.018434839522 0.00778636036792 0.0882400351182 0.0201305681668 0.0139456674165 0.0190479233214 0.0566261245169 -0.00472889512998 0.00894877733636 0.0393845930957 0.0146454513412 
0.0214014823861 0.0202669904556 0.0265697027329 -0.0148776564298 0.017937927085 0.0275347362038 0.0352466971559 0.00330420351278 0.0183562794034 0.0313087800484 0.0170201817059 0.00882983581904 0.0163523907997 0.0156832298231 0.00794669407451 0.0117459712006 0.0311981863643 0.0338121198607 0.355939160101 0.0182475682376 0.0215049334158 0.0467421387044 0.0291125308448 -0.000828092173241 0.0313753759637 0.0729945456405 -0.00838582157265 0.0153594846582 0.0139607527272 -0.000849221625684 
0.0082523325451 -0.000545375206409 0.00998377706372 0.01403355581 0.0183306105116 0.00915699712285 0.0100269773254 0.00267879901642 0.0138465873606 0.0197736719969 -0.00391046077592 0.0142592449949 0.0178741395216 0.0143244491717 0.017499553424 0.0203479817018 0.0102678357465 0.018434839522 0.0182475682376 0.279755313271 -0.00846287152532 0.0178521570539 0.0232968888301 0.0131139831362 0.00460299942327 0.0141564960238 0.0142281328697 0.0119877131363 0.0145995391349 0.0114535841376 
0.0133660376054 0.0194728807067 0.00833426017153 -0.00118728329568 0.020650637481 0.00970064167468 0.0276686457357 9.64602949377e-05 0.0279512828474 0.0158984416108 0.00900035415913 0.0245341685404 0.00144505150555 0.0148521246135 0.0155185053878 -0.00406451680591 0.0303510746524 0.00778636036792 0.0215049334158 -0.00846287152532 0.263530002866 0.0317162266802 0.0108684316871 0.00297729582054 0.0206721156125 0.0370905761055 -0.00848298232223 0.0179275178902 0.043489866704 0.0103895849201 
0.0599591669068 0.0301987175707 0.00511785064925 0.00403135706708 0.0268804035382 0.00881419278614 0.0282862941901 0.00837461609076 0.0305349038629 0.0732445765964 0.0197656215255 0.0396233723463 -0.00111645991822 0.00327816849726 0.0372219339538 0.00592233479044 0.0190918940376 0.0882400351182 0.0467421387044 0.0178521570539 0.0317162266802 1.00585488677 0.0422046843542 0.0290159879444 0.0139747222215 0.0762515963123 0.000370437495334 0.0264378450162 0.0864659323051 0.00878292217493 
0.0350720937987 0.0691114793504 0.00116450987053 0.0335733023045 0.0495696661511 0.0201371549149 0.0537358067089 0.00158188993555 0.0347485113091 0.00899037357949 0.00475569263614 0.0127641140016 0.0156636435304 0.0224667982383 0.0215343920455 0.00567800370234 0.0442644529278 0.0201305681668 0.0291125308448 0.02329688883 0.0108684316871 0.0422046843542 0.379841434222 0.0117878896849 0.0162110120105 0.0241087070656 0.033814944991 0.0249821542302 0.0660845703797 -0.0104010180187 
0.0112433828967 0.0124343222466 0.00271371096676 0.0205644074155 0.0126451597976 -0.0021012292103 0.00261074751269 0.112761747777 0.0119918562327 0.0309578368607 0.0137641264073 0.0278548864159 0.0100526262983 0.00231700716525 0.0184340342401 0.0174118259699 0.0040879102679 0.0139456674165 -0.000828092173241 0.0131139831362 0.00297729582054 0.0290159879444 0.0117878896849 0.285400423334 0.0135776722752 0.0206192972715 0.0115995303161 0.0206389927884 0.0279127565658 0.0159529269562 
0.0355967122794 0.0279724611024 0.0122308071062 0.00704681582809 0.0208755724757 0.0237369976479 0.0163795877165 0.00465505613664 0.0178124912364 0.0228475303094 0.0220435618581 0.0254395972492 0.014904162735 0.0165166482168 0.0264463352873 -0.00242290495224 0.0425197598581 0.0190479233214 0.0313753759637 0.00460299942328 0.0206721156125 0.0139747222215 0.0162110120105 0.0135776722752 0.233013004189 0.0187335490847 0.026279770573 0.00964815029282 0.0246077513276 0.0150326915115 
0.0625189902807 0.0646126505614 0.0124193566026 0.00632676619105 0.0184684752131 0.019061677125 0.034204385634 0.0116664769473 0.0760747347336 0.0652076381421 0.0309336865486 0.0425196509779 0.0301974488164 0.00490306459715 0.0136328671059 0.070660987214 0.0389731507484 0.0566261245169 0.0729945456405 0.0141564960238 0.0370905761055 0.0762515963124 0.0241087070656 0.0206192972715 0.0187335490847 0.643452392609 0.0376951193714 0.0304363817001 0.0715799441497 0.0077858635144 
0.0477645239824 -0.0077785470553 0.0110221964986 0.0128820738657 0.00694254393978 0.0381164118515 0.00995323340768 0.0500425079963 0.0420482473923 0.013991909531 0.0132050798136 0.00685046190903 0.00314700988428 -0.0234874264669 0.0168118290814 0.0724347347255 0.014038478288 -0.00472889512998 -0.00838582157265 0.0142281328697 -0.00848298232223 0.000370437495334 0.033814944991 0.0115995303161 0.026279770573 0.0376951193714 8.19452372252 0.0194779797079 0.022784187873 0.0170799971736 
0.0160843593455 0.0247773190525 0.0143528247815 0.00117609713573 0.0111280316924 0.0221801296653 0.01894787119 -0.00767617545855 0.0178418438371 0.0206556014586 0.00907041080554 0.010015882061 0.020138092596 -0.0056645971202 0.0148681335204 0.00318315319709 0.0119627403213 0.00894877733636 0.0153594846582 0.0119877131363 0.0179275178902 0.0264378450162 0.0249821542302 0.0206389927884 0.00964815029282 0.0304363817001 0.0194779797079 0.395657555216 0.0164084508978 0.0219582113255 
0.0722531338856 0.120924030362 0.0165481169409 0.0337411724878 0.0401271093816 0.0176180370512 0.017369242449 0.108662698679 0.0575082819277 0.0560679826477 0.00942665789905 0.0397954042358 0.0021501427313 0.0259804055414 0.0332142098144 0.0256939645481 0.0496510902202 0.0393845930957 0.0139607527272 0.0145995391349 0.043489866704 0.086465932305 0.0660845703797 0.0279127565658 0.0246077513276 0.0715799441497 0.022784187873 0.0164084508978 0.604368109607 0.0222194903189 
0.0149717414646 0.018845056769 0.00614311570755 -0.000219417285799 0.0242443786432 0.00960552963165 0.016420082265 -0.00252262013124 0.0197258318254 0.0252897402867 0.0231961462829 0.0154298603166 0.0141195723777 0.0113659513993 0.00309314785641 0.00174633507702 0.00838759308759 0.0146454513413 -0.000849221625676 0.0114535841376 0.0103895849201 0.00878292217493 -0.0104010180188 0.0159529269562 0.0150326915116 0.0077858635144 0.0170799971736 0.0219582113255 0.0222194903189 0.217171178235 

['MON', 'ADSK', 'IFF', 'KG', 'EMC', 'EOP', 'BBBY', 'ESRX', 'EK', 'CMI', 'WMI', 'EMR', 'CMS', 'DG', 'XL', 'CVX', 'MER', 'DE', 'SHW', 'RAI', 'FDC', 'MNST', 'MOT', 'ABI', 'SNV', 'X', 'VIA.B', 'GENZ', 'GLW', 'SLM']