60
0.0130713531851 0.0669692816613 0.136312174374 0.0124927962784 0.0335319673985 0.0441448787565 0.0437869579852 0.129241945615 0.0314738433907 0.078059567066 0.0220203869342 0.148169679735 0.0125032911957 0.13159191543 0.542098982398 0.0753619397022 0.106415927512 0.0755152896869 0.0629738483482 0.0780955523414 0.0404531955786 0.0479675113811 0.0394797478448 0.128413882411 0.0820701074714 0.107116270008 0.0793031051092 0.0340754658053 0.0486664598358 0.0787213758152 0.0559384191954 0.0135350028622 0.080285366307 0.0545718905582 0.0304896250645 0.0514292405054 0.0153161335694 0.0373994541978 0.0309081568087 0.0378384564622 0.208286894217 0.0278380444533 0.0179151897049 0.0256056876134 0.0218855159469 0.0206012582373 0.0726136826411 0.074230100705 0.104903250727 0.242072249725 0.0144645316835 0.0785675118811 0.00873698993333 0.0307440439862 0.0678674292734 0.100974868985 0.0231877092109 0.0425593974561 0.114457978761 0.079223051944 
0.131714916685 0.00580029521501 -0.00151648526963 0.0141649912741 0.00137312958001 0.0194988194017 0.0173656803971 0.0190444997413 0.010507675169 0.00209103894311 0.00772958709488 0.0115088104788 -0.00669369023918 0.0163348474897 0.00932940470807 0.0126967661808 -9.56348807303e-05 0.0202486295354 0.00918443420752 0.00991172274891 0.00398149894009 0.00711593111531 0.0153913209589 0.0164940010428 0.000113648339204 -0.00113970376853 0.0119481671811 0.0189393867629 0.00267875909402 0.0224552861045 0.00737226793279 0.0146305869699 0.00650416278221 0.0364924299145 0.000125283830117 0.0209875585979 0.0598171199235 0.0116875340937 0.00723109130813 0.0135360121715 0.0090196766303 0.00949710072831 0.0115653211846 0.0118717574485 0.0142849812183 0.00102779271913 0.00838654979956 0.0158464785926 -0.000754985477646 0.00782695539614 0.00110225380924 0.00797861593935 0.0158833621666 0.0222084480272 0.0070040665693 -0.00322158332985 0.0118310421094 0.0164756667387 0.00706693074071 0.0113876354188 
0.00580029521501 0.464640580264 -0.0214254238534 0.00134263547444 0.0302005482036 0.0113360587727 0.00249022124288 -0.00731672236563 0.0379308778222 0.0319820239713 0.031912407866 0.00738377154044 0.0298711910466 0.014453249641 0.0408937358719 0.00765045050008 0.00692957764731 0.0176595875004 0.010671557812 0.0458648946741 0.0289955717832 0.0191365629463 0.00423831240725 0.0213916581893 0.0252181499905 0.0272029309723 0.0241794043029 0.0184914272349 0.00335686718622 0.0226453936469 0.00302718404359 0.0175411481195 0.0457033441802 -0.00390385384415 0.0153277617676 0.0317490647619 0.00587172310488 0.0117588958759 0.00522257688212 0.00459188557245 0.0428003678823 0.00364895020159 0.0111428472975 0.00147405386948 0.00528487392434 -0.00343050718852 0.0398300658887 0.0501852899567 0.0118997593432 0.0753817722187 -0.00288604046012 0.0197525189068 0.0117706736417 0.0195991052177 0.059068720946 0.0330916048473 0.016109110154 0.0142994579015 -0.0200853397067 0.0279725162809 
-0.00151648526963 -0.0214254238534 1.94141174622 -0.0148778221919 -0.0115165138966 -0.0106857596869 -0.0117453823956 0.0151214427631 -0.00732239161921 -0.0150622333056 -0.00516420572274 -0.0157772047863 -0.00373265689176 -0.00330352371121 0.027588998715 0.0141967336087 -0.00494687420764 -0.0131340835175 -0.00105514984937 0.00445367612248 -0.00661162650427 -0.0102883482242 0.00251906757599 0.000717498916913 -0.0116636229642 -0.000446058454577 -0.00469439959097 -0.00806387105271 -0.0169251142311 -0.00121152239025 -0.00620773993536 0.0250759299959 -0.013495441151 -0.0059018404381 -0.0139643419053 -0.00898868372066 -0.0120203584144 -0.0147383146342 -0.000186797595801 0.0179259824019 -0.00734555446311 -0.00551467601871 -0.00315732314659 0.00368120389911 0.00141793763425 -0.00423934666722 -0.0174067299456 -0.0053306471747 -0.00825285828766 -0.0288795265483 0.00649770614824 -0.0282459837938 -0.0134772219038 0.00365421251733 -0.010521596086 -0.00357248252143 -0.00745728731831 -0.00789332883752 0.00629061338106 0.00791517901213 
0.0141649912741 0.00134263547444 -0.0148778221919 0.175607009626 0.0140259040425 0.00904021607669 0.0147941269721 -0.00484080676661 0.00405895516745 0.00406419212401 0.0126491410486 0.013863087637 0.0184702610323 0.00973208612515 0.00740613325177 0.00565855719175 0.0181792431703 0.000926198319129 0.00733545698067 0.00900917602262 0.00217735800616 0.0112093621632 0.0154286215032 0.0200813717563 -0.00108776328782 0.0284452111667 0.0155150374146 0.0116973377991 -0.00372217797872 0.0100245999844 0.00981359200526 0.0122664741031 0.0180644686889 0.0159067117776 0.0036480963199 0.00601000475293 0.0179832796589 0.0182162050997 0.0153535212512 0.0103419661713 0.0169946324629 0.0068557815008 0.0141934251667 0.0128151849002 0.00713235105333 0.0211123858088 0.0257388505986 0.0448370989434 0.0156134931141 0.0226752269788 0.00900002362411 0.0167985576635 0.0119271865727 0.0250202352127 0.0320075780576 0.0266747432049 -0.00141101094046 0.0188754061897 -0.00204077941657 0.0137100172249 
0.00137312958002 0.0302005482036 -0.0115165138966 0.0140259040425 0.199168646247 0.0196218554563 0.0102071802682 0.0137056633571 0.0052452473278 0.0263962222629 0.0243658624101 0.0183781773168 0.0165373005753 0.0272639816363 0.000870882804821 0.0111350266723 0.0295874701444 0.0228630812664 0.0155881099589 0.00825223977293 0.0222028522492 0.0340297459318 0.0358504252922 0.018263385315 0.0178143279545 0.0306683502679 0.00749180190495 0.0104601611961 0.00431969805767 0.00931919813914 0.0230088346098 0.0217099545999 0.0381775287124 0.00836334668291 -0.00700453195265 0.0263495374841 0.00620672249397 0.022147970724 0.024152990391 0.0053891907896 0.0120263711178 0.0068638154588 0.014459919299 0.0121035102725 0.00868133419061 0.0270593713676 0.0379860700246 0.0461952359447 0.0441965458589 0.062416627221 0.018992651185 0.0111912008421 0.0121484401055 0.0222328703134 0.0211752396062 0.0210708311927 0.00464746528633 0.0265433692189 0.00943241898385 0.0201827463695 
0.0194988194017 0.0113360587727 -0.0106857596869 0.00904021607669 0.0196218554563 0.232827125664 0.0195375746203 0.0238551775643 0.0167201430568 0.0224824317004 0.01887800374 0.0207316609669 0.00110916930236 0.00444441546085 0.0425238998028 0.00388159844093 0.0322317414434 -0.00841326905224 0.00705728675749 0.0525163249337 0.0288821184937 0.0276906001775 0.00751908150941 0.00586816929463 0.020610925552 0.0281283403903 0.0680408421232 0.00256929980941 0.0184423055499 0.0185253710368 0.00937088026357 0.0273904897666 0.0244242477562 0.0277224810293 0.0127818191786 0.0354449485836 0.0227763168309 0.0232371977498 0.0235795735212 0.000211047689172 0.0491237096053 0.0139249918618 0.00769657312221 0.00498402521757 0.0100214706318 0.0177327929769 0.0207910574869 0.0503125353163 0.0290306258198 0.064684478565 0.0152327557169 0.00442241230706 0.0111264817078 0.0437344158743 0.0287460207558 -0.000735386211581 0.00392088643179 0.0126921952698 0.00862248581646 0.0221207880479 
0.0173656803971 0.00249022124288 -0.0117453823956 0.0147941269721 0.0102071802682 0.0195375746203 0.272710798894 0.0157029029542 0.00142997935218 0.0154343055071 0.019006192243 0.00543127529097 0.00605787065837 0.0196996155343 -0.010099994207 -0.00395879227157 0.00853197865518 0.0137697065284 0.000833784306438 0.0121985919056 0.0104028902253 0.0312384682991 0.0285563322823 0.0156662180258 0.0283759572688 -0.0073200017896 0.0226885730646 0.0129150115227 0.0111598228845 0.0130406529254 -0.000664072628171 0.0152262966493 0.0241449668348 0.0266156027942 0.0153456410723 0.00196344178689 0.0210195489074 0.0139158702247 0.0323849455644 0.0119637507482 -0.0138611364733 0.0134839197833 -0.00331554416666 0.00975292758823 0.0117862712796 0.0132168472328 0.0227908488144 0.0193555955064 0.0121678276569 0.0353814233613 0.00467182208331 -0.00972757729571 0.0112965336036 0.0196218165921 0.00658822566749 0.0135857681633 -0.00154545665273 0.00320278519615 0.00763175298909 0.0240448594226 
0.0190444997413 -0.00731672236563 0.0151214427631 -0.00484080676661 0.0137056633571 0.0238551775643 0.0157029029542 0.562961692284 -0.0106941202689 0.0112149305668 -0.00351199776002 0.011348927814 0.0159324154329 0.0312319716354 0.00955719084849 0.0251478434132 0.00277785408319 0.0377664192285 0.0315253008272 0.0191021099412 0.001710686076 0.0051237297208 0.00693840585922 0.0359461276633 -0.000817706693759 -0.00486302369641 0.00568275284971 0.00538512703313 0.0314045565934 0.0148616976518 -0.00699971691428 -0.00644356463973 0.0136348805323 0.0157393091062 0.00641121674617 0.0272234413595 0.0181568522259 0.0142125350421 0.00739024722028 -0.0103356913954 0.0125085930078 0.012919610606 0.0126739738217 -0.00831610302638 0.00691319370541 0.004387026788 0.0299626100355 0.018315049572 0.025317751402 0.0642095634327 0.00582989258535 0.0113161780186 0.00480865834891 -0.00280675395623 0.0163397460141 0.0234093483342 0.009528987735 0.000960796100634 0.0145147756377 0.00915545163059 
0.010507675169 0.0379308778222 -0.00732239161921 0.00405895516745 0.0052452473278 0.0167201430568 0.00142997935218 -0.0106941202689 0.28980519376 0.0221519801911 0.0181526354337 0.0104208157218 0.0053450816707 0.0160231749538 0.00351741760255 0.0176944608273 0.00444456867985 0.0168172597593 -0.011386820426 0.0144750837039 0.0137588263882 0.0256898576202 0.0165616839806 0.0242330088583 0.0148441648179 0.0146092887166 0.00681467053938 0.00267313374221 0.0103614658311 0.0153545405325 0.0175191582539 0.0152714033776 0.00246678148835 0.010014229202 0.00664646757364 0.019642374417 0.00899245183573 0.0162994681023 0.0140563859645 -0.000274775610986 -0.00432397876501 0.00468731519406 -0.00490297522711 0.00132875733816 0.0125735910536 0.00637786759941 0.0118568916154 0.0157008593655 0.00393176527226 0.00928615718923 0.00383636763963 0.0134567566053 0.0102807831115 0.0201349572365 0.0217958869018 0.00370468350514 0.00800246722882 0.0114980733325 0.0192579479348 0.00955053785244 
0.00209103894311 0.0319820239713 -0.0150622333056 0.00406419212401 0.0263962222629 0.0224824317004 0.0154343055071 0.0112149305668 0.0221519801911 0.512574668555 0.021317489576 0.0367177075467 0.00347241466768 0.00456684519512 0.0341854799699 0.00292964743122 0.0258158817149 0.0176269947759 -0.00766756779293 0.00820764003317 0.00727932436777 0.0222231545824 0.0168351393503 -0.00943810912232 0.0205878541245 0.0168818131703 0.015350937409 0.00293150886705 0.0202883244753 0.00735784071612 0.00920842864273 0.00879540022263 0.0163553587909 0.0045689166457 0.00982510219174 0.00341689243196 0.00505500881372 0.0285442471839 -0.00338908711873 0.00682283775231 -0.00234623810696 0.00174510422566 0.0147920302719 0.0153508115189 -0.00318623951682 0.0201032219404 0.0218888237167 0.0461413710666 0.0227827501458 0.0364633380958 -0.00031843225223 0.0576950576933 -0.00175759842895 0.0160700257276 -0.00816234568033 -0.00638246983597 0.0679710332998 0.0128902565893 0.00994809061795 0.0212052122526 
0.00772958709488 0.031912407866 -0.00516420572274 0.0126491410486 0.0243658624101 0.01887800374 0.019006192243 -0.00351199776002 0.0181526354337 0.021317489576 0.216200767545 0.0140894885174 0.0111491925653 0.017084066054 0.0319240190347 0.0149608057479 0.0347981885592 0.00984162977639 -0.000566985026301 0.00680099236088 0.0239262418791 0.0172723923643 0.000333211274958 0.0113180352747 0.0144807011872 0.0194765868905 0.0309977373767 0.00327092324518 0.0243897538554 -0.00492879769073 0.00626676932406 0.0256784856289 0.0162144116903 0.0132695998117 0.0115649373338 0.0280542441283 0.00416483832585 0.0134010977521 0.0309878530317 0.0171780610052 0.0276769418363 0.00687417820477 0.0242967180052 0.0151096434049 0.00690598400658 0.0259499148191 0.0185237894158 0.0416221327632 0.0176353569259 0.0265525583214 -0.000444913645967 0.0277032053129 0.0031588320673 0.0127584395662 0.0270114604954 0.0351545866565 0.0240468242691 0.0277262623932 -0.012138663637 0.00940053925098 
0.0115088104788 0.00738377154044 -0.0157772047863 0.013863087637 0.0183781773168 0.0207316609669 0.00543127529097 0.011348927814 0.0104208157218 0.0367177075467 0.0140894885174 0.464711299901 -0.00677157726446 0.0448196894155 -0.0227310275741 0.013954962362 0.0191752910203 -0.00674133195195 0.0343259414652 0.0270049604228 0.0153986426265 -0.000658724658101 0.0156694255054 0.047194792223 0.0111512709881 0.0223559106542 0.0142467371486 0.00844927831193 0.0181020923002 0.024791700411 0.000531117548455 0.0155310428864 0.0373130443001 0.00715502279506 -0.00425590256821 0.00782080528932 0.0230390446794 0.0226940115629 0.0168746873357 0.011858022557 0.00815980123946 -0.00615261503006 0.0047759003363 -0.00415748140926 -0.0029834205907 0.00400879643186 0.0218224006087 0.0454639839707 0.0254789914412 0.014941973681 0.0258360778209 0.0129745569937 0.000834440461254 0.0139590186195 0.0118285555273 0.0211474612994 0.0365221879399 -0.00130170900569 0.0395402809599 0.011217597007 
-0.00669369023918 0.0298711910466 -0.00373265689176 0.0184702610323 0.0165373005753 0.00110916930236 0.00605787065837 0.0159324154329 0.0053450816707 0.00347241466768 0.0111491925653 -0.00677157726446 0.266488534281 -0.02105006389 -0.0234800681648 -0.00341482952194 0.0108619136503 -0.0113457518565 -0.0238383281545 0.00194954885748 0.00145786712866 0.019592161082 0.0207568869929 -0.00662447739472 0.03241908828 0.016271976631 0.0293971621408 -0.00552620826199 0.0192151276435 -0.0112023316309 0.0216998441591 0.00986096590645 0.00857451165619 -0.0047016640747 0.00417093545277 0.0235696926136 0.000534069772329 0.00743099761041 0.0434884056918 -0.0021895550732 0.0449371811512 0.0190236439253 -1.13931762779e-05 0.0182960815228 0.00520218466818 0.0131286180796 0.0140277412735 0.0539324130358 0.0176562022703 0.00588032468187 0.00654861603107 0.00151203679635 0.00467325693512 0.0101886715196 0.0445021629413 0.0350851981517 -0.00203120247364 0.0307276974668 -0.0153905999713 -0.00328519311625 
0.0163348474897 0.014453249641 -0.00330352371121 0.00973208612515 0.0272639816363 0.00444441546085 0.0196996155343 0.0312319716354 0.0160231749537 0.00456684519511 0.017084066054 0.0448196894155 -0.02105006389 0.444525697399 0.163378816619 0.116476172951 0.0439342239475 -0.0123005917832 0.091300673072 0.0171981134811 0.0351983324655 0.0329380391537 0.0156301417708 0.161301086894 0.0344969648133 0.0579033208875 0.011194205593 0.00741661157229 0.00687990140613 0.120187887164 0.000943934230638 0.0244741147387 0.0208628739402 0.0380756247779 0.00757151314166 0.0342334938134 0.0179370183945 0.00809522335144 -0.00660846633595 0.0128931383075 -0.0134554785401 -0.00860166945678 0.0245732763091 -0.000273080652419 0.000700034418007 0.0359850081397 0.0249278768168 0.0633859564116 0.0244963064689 0.0819135287166 0.0180809181354 0.00438952004171 0.00849532923803 0.0303436673466 0.0280152512895 0.0130198268045 0.00505444099221 0.0378245391421 0.131320163903 0.0168925121997 
0.00932940470807 0.0408937358719 0.027588998715 0.00740613325177 0.000870882804822 0.0425238998028 -0.010099994207 0.00955719084849 0.00351741760255 0.0341854799699 0.0319240190347 -0.0227310275741 -0.0234800681648 0.163378816619 8.18251517895 0.0492805413465 -0.0103826146551 0.000706202618695 0.0456458970989 0.00388289490169 0.0028269353023 0.00157698320583 0.0255099017877 0.102466307412 0.0403738889101 0.0605134361493 -0.00401203739123 0.00746288535046 -0.0139009739657 0.0622211309557 0.00478087954792 0.0103270909348 0.0187423301125 0.0367388025181 0.00183954635554 0.0121398262763 0.0217549158989 0.00469139036034 -0.00254282944969 0.371367429722 -0.0320883912962 0.00183102244291 0.0139831792832 0.00415129162822 0.00603536543543 0.0172722551429 -0.00482303436437 0.0692980007897 0.0458998354905 -0.0171005087878 0.0103831229043 0.0164265769958 0.0209706300636 0.0320910496275 0.044524352194 0.0238712484117 -0.00962480984571 0.00264979445102 0.0556726794124 0.0159590384777 
0.0126967661808 0.00765045050008 0.0141967336087 0.00565855719175 0.0111350266723 0.00388159844093 -0.00395879227157 0.0251478434132 0.0176944608273 0.00292964743122 0.0149608057479 0.013954962362 -0.00341482952194 0.116476172951 0.0492805413465 0.306644134074 0.0244170635946 0.0310853562996 0.0853619336363 -0.00515205576019 0.0108536354255 0.0156559886874 0.00655782824114 0.114143195996 -0.00392721920719 0.0241015495453 -0.0148892265009 0.0115937100575 0.00771091793757 0.092002826817 0.00897572231417 0.012101062414 0.0073106914192 0.0238127816436 0.0015175965128 0.00993221211527 0.0108250533212 0.0162451265742 0.00446593580237 0.0116384234959 -0.00413835393861 -0.011653054241 -0.00466224325794 0.0209914787455 -0.00117732281656 0.0244236346026 0.0222523044207 0.0437444177897 0.00413800084447 0.0582881641676 -0.00953835594003 0.0120606908336 -0.00678274386198 -0.000247847480178 0.0124691764213 0.0091515373616 0.0235808966949 0.0360473320268 0.131740175991 0.00885167385857 
-9.56348807305e-05 0.00692957764731 -0.00494687420764 0.0181792431703 0.0295874701444 0.0322317414434 0.00853197865518 0.0027778540832 0.00444456867985 0.0258158817149 0.0347981885592 0.0191752910203 0.0108619136503 0.0439342239475 -0.0103826146551 0.0244170635946 0.607356778222 0.00416038928258 0.0234249506961 0.0274203870211 0.00230467831988 0.0294398669517 0.0263948739105 0.0352017015436 0.0120619750593 0.0926729228506 0.0429351401819 0.00145493725746 0.0281363087573 0.0220390630049 0.0215006584452 0.0151925048944 0.02552853258 0.00229309962867 -0.00278470160815 0.0194458013123 0.00886186673926 0.021150556825 0.0106056080082 0.00668277661487 0.00443478071752 0.00626446790948 0.00114703459026 0.0128622384015 -0.0081809007816 0.0180344393942 0.0310230775753 0.0582306958774 0.0419179511697 0.0648846707724 0.023802064982 -0.0180731784761 0.00902190485741 0.0286343668613 0.0190247797799 0.0390372126605 0.00242481526178 0.0167197871605 0.0235093437484 0.0477091566239 
0.0202486295354 0.0176595875004 -0.0131340835175 0.000926198319132 0.0228630812664 -0.00841326905225 0.0137697065284 0.0377664192285 0.0168172597593 0.0176269947759 0.00984162977639 -0.00674133195193 -0.0113457518565 -0.0123005917832 0.000706202618694 0.0310853562996 0.00416038928254 0.784306435655 0.0158159560149 -0.00943066008663 0.0722460112125 0.0208111034761 -0.0225433186018 0.070354003317 0.0203145526738 -0.00311223483959 0.00941305275678 0.00566135970478 0.0140352562896 0.0144985548026 0.00488647411759 0.0278059447759 0.00538381407971 0.00522693736235 0.00320658864345 0.0100612014644 0.010037304326 0.0246932908689 0.00478200359912 0.00967171416146 -0.00434027791615 0.037814821529 0.00814425527926 0.0119623753497 0.013065639345 0.0030017155146 0.0506746536784 0.0277649918869 0.0298674391651 0.0755804393914 0.000611791926036 -0.00176860561935 0.0195690617372 0.0107247952987 0.0016793134626 0.00132814358837 0.026077761431 0.0217633280839 0.015884152454 0.00306636792589 
0.00918443420752 0.010671557812 -0.00105514984937 0.00733545698067 0.0155881099589 0.00705728675749 0.000833784306435 0.0315253008272 -0.011386820426 -0.00766756779293 -0.000566985026304 0.0343259414652 -0.0238383281545 0.091300673072 0.0456458970989 0.0853619336363 0.0234249506961 0.0158159560149 0.3156376726 -0.00282343200355 0.00823986669267 0.0229418651522 -0.000635514641778 0.0835569773192 -0.0193387956018 0.0134294853286 -0.0106986905498 0.0062021274262 0.00970690467124 0.0742560645076 -0.00502161563133 0.00294416341122 0.00207987297843 0.0156179125251 -0.00570410940078 0.0116508814563 0.009013975517 0.0123333176275 -0.0167400486998 0.00552403664339 0.000550509978878 0.00480621338255 0.0109943985117 -0.00767740059691 0.0224327079321 0.0118622106686 0.014273746148 0.0254399146978 0.0180206111333 0.0282959985115 -0.019772585881 -0.00116789997819 0.00147554491315 0.0109757813787 0.0034831124237 0.00410987068252 0.00856859557018 -0.00775868761138 0.10368858694 0.017924214096 
0.00991172274892 0.0458648946741 0.00445367612248 0.00900917602262 0.00825223977293 0.0525163249337 0.0121985919056 0.0191021099412 0.0144750837039 0.00820764003317 0.00680099236088 0.0270049604228 0.00194954885748 0.0171981134811 0.00388289490169 -0.00515205576019 0.0274203870211 -0.00943066008659 -0.00282343200355 0.562767897635 0.0299377357578 0.0278810857252 0.00272055831894 0.00847125966608 0.0117265955448 0.0161886050212 0.0164533970693 0.00698435087756 0.0203693186592 -0.0118557406028 0.0215521476468 0.0391391866325 0.0333005501589 -0.00256735709954 -0.000769459504484 0.0241402145396 0.00942954071736 0.0154988682577 0.0411958999395 -0.00905826725331 0.020589744168 -0.00177386387185 -0.0162034140978 0.00297488026025 0.000461625503739 -0.00282316701909 0.00818539889755 0.0304283507814 0.0263706394203 0.0791275921436 0.0182280436466 0.00984600301268 0.0146720994261 0.0193321464318 0.0270386151991 0.0315911321286 0.000526283877136 0.00616066698613 0.00270591076644 0.0202275094839 
0.00398149894009 0.0289955717832 -0.00661162650427 0.00217735800616 0.0222028522492 0.0288821184937 0.0104028902253 0.001710686076 0.0137588263882 0.00727932436777 0.0239262418791 0.0153986426265 0.00145786712866 0.0351983324655 0.0028269353023 0.0108536354255 0.00230467831988 0.0722460112125 0.00823986669267 0.0299377357577 0.326143657389 0.0177815832363 0.0211699100929 0.0287320438261 0.0265051461462 0.0333636080453 0.0219235652975 0.000389705007339 0.0114598828612 0.0315626182033 0.0126492648089 0.0109806191408 0.010945728151 0.012075783707 -0.00516773376089 0.0211195790142 0.00939526039088 0.00828760909846 0.0158006463272 0.00138171594311 0.0151860428457 0.0109245561701 0.00557792276744 0.012127801115 0.0188075698047 0.0125424199193 0.0420883922076 0.0449742329156 0.0546226230774 0.0612494272327 0.00093912796526 0.0214138321352 0.00321254547077 0.0211845386272 0.00728023036072 0.080643681247 0.0104176717019 0.00197409368674 0.0219513182648 0.0232982214441 
0.00711593111531 0.0191365629463 -0.0102883482242 0.0112093621632 0.0340297459318 0.0276906001775 0.0312384682991 0.0051237297208 0.0256898576202 0.0222231545824 0.0172723923643 -0.000658724658101 0.019592161082 0.0329380391537 0.00157698320583 0.0156559886874 0.0294398669517 0.0208111034761 0.0229418651522 0.0278810857252 0.0177815832363 0.327014282259 0.0324721327401 0.0352427778317 0.00771361166922 0.0166890575157 0.0507416136684 -0.00430722465232 0.00831852929128 0.0246930638355 0.0203175863154 0.0110972181219 0.0123525734046 0.0231664349619 0.00765032808986 0.0203048120924 -0.00118183211769 0.0256420368161 0.0259305398489 0.00431474455325 0.0101539184904 0.00266607915837 0.0198532713706 0.00549555206554 0.0182905136971 0.00267693314365 0.0187342553996 0.0376397596921 0.0210452754211 0.0420763583796 0.0111057233405 0.0114756014519 0.0155630922902 0.0277335192344 0.0189616649237 -0.00230389335568 0.00845391476415 0.0373359380945 0.0371362819791 0.00542284635192 
0.0153913209589 0.00423831240726 0.00251906757599 0.0154286215032 0.0358504252922 0.00751908150941 0.0285563322823 0.00693840585922 0.0165616839806 0.0168351393503 0.000333211274957 0.0156694255054 0.0207568869929 0.0156301417708 0.0255099017877 0.00655782824114 0.0263948739105 -0.0225433186018 -0.000635514641777 0.00272055831894 0.0211699100929 0.0324721327401 0.318864695491 0.0172795114385 0.0292878297622 0.0344719822783 0.0368854766765 0.00484614414372 -0.000231283110304 0.00935498004732 0.0210524835414 0.00884688105957 0.0254215135507 0.00942509035431 0.0282512995734 0.0107354265056 0.00660620790241 0.0222453059406 0.00259766648413 0.00470165988976 -0.0186085199045 0.00478829516178 0.018802061537 0.0186382390665 0.00615354234345 0.0140107485166 0.0291722556594 0.0452055505767 0.0162050031676 0.0587243426702 0.0184345281483 0.016451323779 0.00909656913884 0.0230543006227 0.00929925407556 0.0201418421556 0.00220672056022 0.0112408446746 0.0111803513303 -2.763801245e-05 
0.0164940010428 0.0213916581893 0.000717498916912 0.0200813717563 0.018263385315 0.00586816929464 0.0156662180258 0.0359461276633 0.0242330088583 -0.00943810912233 0.0113180352747 0.047194792223 -0.00662447739472 0.161301086894 0.102466307412 0.114143195996 0.0352017015436 0.070354003317 0.0835569773192 0.00847125966609 0.0287320438261 0.0352427778317 0.0172795114385 0.406027016159 0.000683499088936 0.0465980684391 0.00699711625525 0.00615839861748 0.0213062380789 0.0915821948851 0.00204341878804 0.0189117238911 0.0289274756508 0.0236911761669 0.00679205150987 0.0189509456199 0.00837140692913 0.00830309430574 0.00629795205174 0.00638956912548 -0.00249910844544 -0.000778023759021 0.00822024586248 0.00232180869169 0.00298716879825 0.00681426738875 0.0314558775358 0.0547158864332 0.0325867794807 0.079641300274 0.00160886398996 0.0120945058397 0.000722157482361 0.0199429273102 0.0222846279842 0.0384179849585 0.022542379445 0.0226104710761 0.123952879006 0.0199160088201 
0.000113648339205 0.0252181499905 -0.0116636229642 -0.00108776328782 0.0178143279546 0.020610925552 0.0283759572688 -0.000817706693758 0.0148441648179 0.0205878541245 0.0144807011872 0.0111512709881 0.03241908828 0.0344969648133 0.0403738889101 -0.00392721920719 0.0120619750593 0.0203145526738 -0.0193387956018 0.0117265955448 0.0265051461462 0.00771361166922 0.0292878297622 0.000683499088938 0.467874933601 0.0349991818518 0.0268787882807 0.00918157505762 0.0184317977176 0.00355691438952 0.039693908102 0.0231409915822 0.0226871224418 -0.00349922042543 0.00158789410265 0.0253116339598 -0.00882256025637 0.0532030990146 0.0488421316007 0.012545782093 -0.0215651570223 -0.00491142355619 0.00748188967771 0.0652743786787 2.0869594331e-05 0.0133073860429 0.0223520018504 0.0252245742335 0.0737272955349 0.032630870286 0.00222674466058 -0.0185057182969 0.00520147976007 0.0153377727992 0.0551191183563 -0.00494676408633 0.00618021216924 0.0219945023433 -0.00612564621278 0.0218478719121 
-0.00113970376853 0.0272029309723 -0.000446058454578 0.0284452111667 0.0306683502679 0.0281283403903 -0.0073200017896 -0.00486302369641 0.0146092887166 0.0168818131703 0.0194765868905 0.0223559106542 0.016271976631 0.0579033208875 0.0605134361493 0.0241015495453 0.0926729228506 -0.00311223483959 0.0134294853286 0.0161886050212 0.0333636080453 0.0166890575157 0.0344719822783 0.0465980684391 0.0349991818518 0.522530381545 0.00619499922062 0.00849421935307 0.00233133118131 0.0128462750575 0.030241242649 0.0193216386282 0.0373860632104 0.000604074022666 0.00966009611725 0.0515052577917 0.0077943274753 0.00199416567905 0.0187168950135 0.00780216600705 0.0736280085286 0.00587102102086 0.0107743254258 -0.00648582732456 0.00255373781876 0.0201503507144 0.0323286556646 0.0551275308364 0.0546430436642 0.0470643775777 0.0198563905496 0.031823165523 0.00679759851979 0.0114628108643 0.0484214485509 0.00546748994419 0.0178569758015 0.0621515025121 0.0190288815419 0.0137364777539 
0.0119481671811 0.0241794043029 -0.00469439959097 0.0155150374146 0.00749180190495 0.0680408421232 0.0226885730647 0.00568275284971 0.00681467053939 0.0153509374091 0.0309977373767 0.0142467371486 0.0293971621408 0.011194205593 -0.00401203739123 -0.0148892265009 0.0429351401819 0.00941305275679 -0.0106986905498 0.0164533970693 0.0219235652975 0.0507416136684 0.0368854766765 0.00699711625525 0.0268787882807 0.00619499922062 0.386916250873 -0.0041116888888 0.0136680627397 -0.0139998525121 0.0353534095419 0.0142510324846 0.0125901948389 0.0156216513796 -0.00722074309669 0.0265892807757 0.0232386875873 0.0191492481321 0.021837602032 0.00375990476108 0.0328088669315 0.0184077037514 -0.00471163485304 0.0202485772783 0.00761452319122 0.00957782498475 0.0240749922006 0.0360019902911 0.0265192761771 0.0633057274464 0.0232620902935 0.00970928020123 0.00175039799502 0.0207067178215 0.0566147264102 0.015171836937 0.00531263613727 0.0153555767167 -0.00827019284152 0.0560320586041 
0.0189393867629 0.0184914272349 -0.00806387105271 0.0116973377991 0.0104601611961 0.00256929980941 0.0129150115227 0.00538512703313 0.00267313374221 0.00293150886705 0.00327092324518 0.00844927831193 -0.00552620826199 0.00741661157229 0.00746288535046 0.0115937100575 0.00145493725746 0.00566135970478 0.0062021274262 0.00698435087756 0.000389705007338 -0.00430722465232 0.00484614414372 0.00615839861748 0.00918157505762 0.00849421935307 -0.0041116888888 0.180574883353 0.00700987432756 0.0233981099105 0.00744589243494 0.0115926992826 0.0198633936908 0.00953228313079 0.00902781322334 0.0181590060083 0.00979420455442 0.00920790897686 0.00313628905297 0.0112160052165 0.00543715856554 0.00777851825893 0.00638932262885 0.00263205875751 0.0220885898578 0.00215030234107 0.00487953290187 0.0192167208859 0.00689352242725 -0.00161183958444 0.00851305367809 0.00417853745931 0.0128466753365 0.00765493567336 0.00185343224078 0.00527728984711 0.0101369624849 0.0154734107889 0.013486321616 0.0297130180845 
0.00267875909402 0.00335686718622 -0.0169251142311 -0.00372217797872 0.00431969805767 0.0184423055499 0.0111598228845 0.0314045565934 0.0103614658311 0.0202883244753 0.0243897538554 0.0181020923002 0.0192151276435 0.00687990140613 -0.0139009739657 0.00771091793757 0.0281363087573 0.0140352562896 0.00970690467124 0.0203693186592 0.0114598828612 0.00831852929128 -0.000231283110304 0.0213062380789 0.0184317977176 0.00233133118131 0.0136680627397 0.00700987432756 0.307507309549 0.0154472306087 0.010494295929 0.000988493896668 0.0133334436334 0.0337904435962 0.000699405680252 0.0265075429506 0.014647105113 0.024727853955 0.00808781600731 0.0162720275853 0.0195069429624 0.00722732685192 0.0146107152783 0.0188835564125 0.00703005334522 0.00148325946071 0.0132242075893 0.0172120074891 0.0217036532332 0.0144537918859 0.00465553912505 -0.0109663488178 0.0110895925122 0.0287800754472 0.0126606536872 0.0205411240811 0.00175564323195 -0.00632029326482 -0.0033131972077 0.0193245010849 
0.0224552861045 0.0226453936469 -0.00121152239025 0.0100245999844 0.00931919813914 0.0185253710368 0.0130406529254 0.0148616976518 0.0153545405325 0.00735784071612 -0.00492879769073 0.024791700411 -0.0112023316309 0.120187887164 0.0622211309557 0.092002826817 0.0220390630049 0.0144985548026 0.0742560645076 -0.0118557406028 0.0315626182033 0.0246930638355 0.00935498004732 0.0915821948851 0.00355691438952 0.0128462750575 -0.0139998525121 0.0233981099105 0.0154472306087 0.315594189033 0.00128629881911 0.00688647624491 0.0112735389404 0.0154084401046 -0.00430425352968 0.0166995004686 0.0225922993045 -0.00136137378927 -0.00716313148924 0.00716309469293 -0.00740408120668 0.0013414417311 0.00927588965353 0.0162492141589 -0.00342446507286 0.0229151166402 0.0415821313931 0.0267440930028 0.0291886889145 0.0714352485428 0.00460044586976 -0.0210547821452 6.34482395585e-06 0.0165491388252 0.00889452606653 -0.00238313507652 0.000738059613083 0.0206638342331 0.114436003579 -0.00666581957795 
0.00737226793279 0.00302718404359 -0.00620773993536 0.00981359200526 0.0230088346098 0.00937088026357 -0.00066407262817 -0.00699971691428 0.0175191582539 0.00920842864273 0.00626676932406 0.000531117548455 0.0216998441591 0.000943934230639 0.00478087954792 0.00897572231417 0.0215006584452 0.00488647411759 -0.00502161563133 0.0215521476468 0.0126492648089 0.0203175863154 0.0210524835414 0.00204341878804 0.039693908102 0.030241242649 0.0353534095419 0.00744589243494 0.010494295929 0.00128629881911 0.223728266717 0.013119940263 0.00295253111571 0.0158992429033 0.0196907026727 0.024148090298 0.00467033576018 0.0105711169526 0.0172281894641 -0.00363062591833 0.0193607236126 0.0118096429319 -0.00994588383605 0.0345582025652 0.00763555731835 -0.000387972514534 0.00652858883272 0.0322800839105 0.0373318206298 0.0287558551226 0.0156089883832 0.0286697227755 0.0112203343513 0.0153725428561 0.0375460345347 0.0206849584982 0.00819553368797 0.0120622186208 0.001298272121 0.0125366591542 
0.0146305869699 0.0175411481195 0.0250759299959 0.0122664741031 0.0217099545999 0.0273904897666 0.0152262966493 -0.00644356463973 0.0152714033776 0.00879540022263 0.0256784856289 0.0155310428864 0.00986096590645 0.0244741147387 0.0103270909348 0.012101062414 0.0151925048944 0.0278059447759 0.00294416341122 0.0391391866325 0.0109806191408 0.0110972181219 0.00884688105958 0.0189117238911 0.0231409915822 0.0193216386282 0.0142510324846 0.0115926992826 0.000988493896668 0.00688647624491 0.013119940263 0.18734541369 0.00582102759039 0.0104949027809 -0.00429921839517 0.0155833034448 0.00988345081487 0.0138213846032 0.0295887150476 0.0106300075279 0.0255167724268 0.0133936460609 0.0139654476229 0.00831877025839 1.41234327581e-05 0.0232147994636 0.0195257730698 0.0211747866801 0.0212131995888 0.00840409952338 0.0193994179573 0.012822137345 0.0124459906116 0.0155167718169 0.0101558234878 0.0172533623245 -0.00340685743768 0.0186127257082 0.00909631681529 0.0280241530484 
0.00650416278221 0.0457033441802 -0.013495441151 0.0180644686889 0.0381775287124 0.0244242477562 0.0241449668348 0.0136348805323 0.00246678148835 0.0163553587909 0.0162144116903 0.0373130443001 0.00857451165619 0.0208628739402 0.0187423301125 0.0073106914192 0.02552853258 0.00538381407971 0.00207987297843 0.0333005501589 0.010945728151 0.0123525734046 0.0254215135507 0.0289274756508 0.0226871224418 0.0373860632104 0.0125901948389 0.0198633936908 0.0133334436334 0.0112735389404 0.00295253111571 0.00582102759039 0.424721599913 0.0131907853622 0.0163698600503 0.0130428515878 0.00115471074758 0.0236523585502 0.0165003541187 0.0166900070707 -0.00345664274377 0.0193810387292 -0.000870375887029 0.0183648215799 0.0124497385555 0.0304809495084 0.0399964214253 0.0210225444118 0.050122748637 0.0535048061101 0.0121243283027 0.0172793677754 0.0132126896822 0.0176278981703 0.0275731157801 0.0231389394741 0.00546091882413 0.0137359524124 0.000176084085815 0.0432073210019 
0.0364924299145 -0.00390385384416 -0.0059018404381 0.0159067117776 0.00836334668291 0.0277224810293 0.0266156027942 0.0157393091062 0.010014229202 0.0045689166457 0.0132695998117 0.00715502279506 -0.0047016640747 0.0380756247779 0.0367388025181 0.0238127816436 0.00229309962867 0.00522693736235 0.0156179125251 -0.00256735709954 0.012075783707 0.0231664349619 0.00942509035431 0.0236911761669 -0.00349922042543 0.000604074022667 0.0156216513796 0.00953228313079 0.0337904435962 0.0154084401046 0.0158992429033 0.0104949027809 0.0131907853622 0.279090611401 0.0122886465701 0.0251202981601 0.0479837626555 0.00350722413788 0.0140840550779 -0.00664031267644 0.00746787839024 0.0157330981975 0.0192484538878 0.00812132595063 -0.000174281372618 0.0100354117944 0.00899780463952 0.0121550028367 -0.000365603102517 0.0177039374756 0.0191501772429 -0.0109076100013 0.00526541911088 0.0312985289784 0.00527106813132 -0.0107911509085 0.0111108522085 0.0144548152448 0.0262864511045 0.010643892436 
0.000125283830117 0.0153277617676 -0.0139643419053 0.0036480963199 -0.00700453195265 0.0127818191786 0.0153456410723 0.00641121674617 0.00664646757364 0.00982510219174 0.0115649373338 -0.00425590256821 0.00417093545276 0.00757151314166 0.00183954635554 0.00151759651281 -0.00278470160815 0.00320658864345 -0.00570410940078 -0.000769459504485 -0.00516773376089 0.00765032808986 0.0282512995734 0.00679205150987 0.00158789410265 0.00966009611725 -0.00722074309669 0.00902781322334 0.000699405680253 -0.00430425352969 0.0196907026727 -0.00429921839517 0.0163698600503 0.0122886465701 0.208424548668 0.00902222535009 0.00335266497171 0.0182110706608 0.00396730158812 0.0127500651313 0.00515282917182 0.00373491855814 0.00202631468514 0.00759715958394 0.0187186952588 0.00392328519199 0.0165079635881 0.0119111265473 0.0331346109471 0.0215813947699 -0.00145060617447 0.0029754999717 0.0115754926052 0.0155593537349 0.00931316453176 -0.00440009286184 0.0142569466616 0.0121178686355 0.00113606447662 -0.00204768367339 
0.0209875585979 0.0317490647619 -0.00898868372066 0.00601000475293 0.0263495374841 0.0354449485836 0.00196344178689 0.0272234413595 0.019642374417 0.00341689243196 0.0280542441283 0.00782080528932 0.0235696926136 0.0342334938134 0.0121398262763 0.00993221211527 0.0194458013123 0.0100612014644 0.0116508814563 0.0241402145396 0.0211195790142 0.0203048120924 0.0107354265056 0.0189509456199 0.0253116339598 0.0515052577917 0.0265892807757 0.0181590060083 0.0265075429506 0.0166995004686 0.024148090298 0.0155833034448 0.0130428515878 0.0251202981601 0.00902222535009 0.198293836313 0.0324319370615 0.0226213928699 0.0319686795867 0.00519256303144 8.08357104828e-05 0.0154145687351 0.0196800579011 0.0140120267186 0.00481134134002 0.0198381812274 0.0352670865615 0.0358486273025 0.0362160769682 0.0295258514472 0.0118706765805 0.0102155780256 0.0182985506206 0.0295859024644 0.0191376386911 0.0198769143638 0.00829159166876 0.0262608820478 0.0156580505366 0.0157390211298 
0.0598171199235 0.00587172310488 -0.0120203584144 0.0179832796589 0.00620672249397 0.0227763168309 0.0210195489074 0.0181568522259 0.00899245183573 0.00505500881372 0.00416483832585 0.0230390446794 0.00053406977233 0.0179370183945 0.0217549158989 0.0108250533212 0.00886186673926 0.010037304326 0.009013975517 0.00942954071736 0.00939526039088 -0.00118183211769 0.00660620790241 0.00837140692913 -0.00882256025637 0.0077943274753 0.0232386875873 0.00979420455442 0.014647105113 0.0225922993045 0.00467033576018 0.00988345081487 0.00115471074758 0.0479837626555 0.00335266497171 0.0324319370615 0.126172233944 0.00829140805988 0.0125267570544 0.00577967945005 0.00535695732109 0.00811104662178 0.0149271687948 0.00226004677404 0.00565811876828 0.00174287946679 0.00370140868645 0.00453666285616 -0.00131712154615 0.00384315818732 -0.00190042777431 0.0213733227963 0.0101956191782 0.023152052911 0.00440279250845 -0.00228930220485 0.00647640410657 0.0160603889548 0.0145263895203 0.00690179613184 
0.0116875340937 0.0117588958759 -0.0147383146342 0.0182162050997 0.022147970724 0.0232371977498 0.0139158702247 0.0142125350421 0.0162994681023 0.0285442471839 0.0134010977521 0.0226940115629 0.00743099761041 0.00809522335145 0.00469139036034 0.0162451265742 0.021150556825 0.0246932908689 0.0123333176275 0.0154988682576 0.00828760909846 0.0256420368161 0.0222453059406 0.00830309430574 0.0532030990146 0.00199416567905 0.0191492481321 0.00920790897686 0.024727853955 -0.00136137378927 0.0105711169526 0.0138213846032 0.0236523585502 0.00350722413788 0.0182110706608 0.0226213928699 0.00829140805988 0.308793998341 0.0240671373073 0.000603472423776 -0.0118226175259 0.0156295587725 0.00715656028799 0.0146449349346 0.00858551053617 0.00417511293813 0.0181250870554 0.0484257191763 0.0252517551756 0.0268267430219 -0.00178217926023 0.0106797732363 0.0162873417705 0.0256253003067 0.0305217391703 0.030839434774 -0.00692697896137 0.03256298829 0.00627360836954 0.0138557249853 
0.00723109130813 0.00522257688212 -0.000186797595801 0.0153535212513 0.024152990391 0.0235795735212 0.0323849455644 0.00739024722028 0.0140563859645 -0.00338908711872 0.0309878530317 0.0168746873357 0.0434884056918 -0.00660846633595 -0.00254282944969 0.00446593580237 0.0106056080082 0.00478200359912 -0.0167400486998 0.0411958999395 0.0158006463272 0.0259305398489 0.00259766648413 0.00629795205174 0.0488421316007 0.0187168950135 0.021837602032 0.00313628905297 0.00808781600731 -0.00716313148924 0.0172281894641 0.0295887150476 0.0165003541187 0.0140840550779 0.00396730158812 0.0319686795867 0.0125267570544 0.0240671373073 0.268293837385 0.0170989002813 0.0122960513531 0.0204525356014 0.0273387668572 -0.00263663886631 0.00918857689882 0.00724753727019 0.0226911479546 0.0579753398529 0.0249286788972 0.00788701695214 0.00798987849743 -0.00203094255537 0.000185069508253 0.0155936295144 0.0525139439771 0.0402920620506 -0.0134552059976 0.0469878192711 -0.0160835862604 0.0203841966304 
