40
0.005148759701 0.02473804396 0.0265193363437 0.0256056876134 0.0246636786654 0.371102806834 0.0651633165571 0.164482556217 0.0270000307956 0.0766878163077 0.0794924924591 0.0466521206007 0.128222495688 0.0251604878384 0.0704019073317 0.0387981152642 0.00873698993333 0.0442230302855 0.0266042550295 0.0692922129373 0.0441448787565 0.0690593134036 0.0753619397022 0.103194060275 0.037496284255 0.0335830315084 0.146363775453 0.0347696809731 0.0295384146509 0.0333203023267 0.0970140476379 0.0629738483482 0.0787213758152 0.128413882411 0.0991765707177 0.0540864966038 0.018453974145 0.101481112582 0.0206012582373 0.0202574279786 
0.232134830248 0.0156584382737 0.00639439940725 0.0232470535088 0.00357034478693 0.0024920859755 0.00924786260225 -0.00787971185774 0.0204354120041 0.00204434534568 0.0107048380355 0.00377840665846 0.0111454416534 0.00498038369512 0.0090238646019 0.0039823164213 0.0159111131609 0.0116937659285 -0.010215683495 0.0189084377194 0.013225726911 -0.00301257828234 0.0142166822177 0.00899411950835 0.0233929969163 0.0112226241282 0.0197015245589 0.00822277626001 0.0103577405731 0.00727335307195 0.0306345087215 0.00031015431623 -0.00577868317827 -0.0118966784864 0.00287451312067 -0.014975351909 0.00696424899834 -0.0131524383873 0.00845276158902 0.0126370414171 
0.0156584382737 0.164094734609 0.0146734983175 0.00414165655634 0.0217378529541 0.00832172555785 0.0384907829267 -0.000615486967228 0.00170514113262 -0.00365316575211 0.0081786525397 0.0459956418547 0.0172866371811 0.0223770563242 0.0161651835429 0.00974427574406 0.00781598689468 0.00282145840631 0.00683681153652 0.00792336136671 0.0273502344684 0.0107175223803 0.0119920938638 0.0106818576967 0.0270410528625 0.00152997169969 0.0107193147645 0.00385658972076 0.0186219124813 0.0136070937825 0.0142034501097 0.0223210580829 0.0182971222309 0.0150406567573 0.0152527110415 0.017798317696 -0.000908755299789 -0.00284984513105 0.00133922563304 0.0118284803196 
0.00639439940725 0.0146734983175 0.208778975991 0.0119033625293 0.0100146311389 0.0146323655309 0.0148375408613 -0.00977636436085 0.0122558548749 0.0209802968118 0.0174856715233 0.0123762812843 0.0187330259389 0.0165420038171 0.0299509408549 0.0275314150516 0.0113906056542 0.00633974852038 -0.000768016910731 0.0298389750179 0.0139774546613 0.0136019355327 0.0158124658288 0.0117559070454 0.00206709140633 0.00919978889843 0.0105190577171 0.0168508386918 0.0216023842681 0.0165227817055 0.0140573837085 -0.00320812808883 0.012933405343 0.0119895612086 0.040083071137 0.0111151653771 -0.0035716363056 0.00293490574457 0.0183758669465 0.0244552911285 
0.0232470535088 0.00414165655634 0.0119033625293 0.219718098568 0.00423938629964 0.0118439495321 0.00811205113137 0.00416368771797 0.0238681478912 0.0156521159409 0.0123806846448 0.0108346671034 0.00749742531598 0.0112435859726 0.0143844970433 -8.33396068396e-05 0.0184951459552 0.0112271435687 0.00647735940662 0.0157617919416 0.00594831174466 -0.00340373413461 0.0171932709436 0.00782199792013 0.0106756343071 -0.0027424683834 0.0131970984077 0.0105341938855 0.0198551340094 0.0187635821443 0.0118994540391 -0.0152784568781 0.0109693726301 0.00146195284438 -0.0175701989916 0.00269245437739 2.02524225011e-05 0.00933212340546 0.00796422019276 0.0150021344038 
0.00357034478693 0.0217378529541 0.0100146311389 0.00423938629964 0.134357400418 0.0116756431345 0.00979313248674 -0.0101236761519 0.0102207191122 0.00778216266991 0.0284544278664 0.01969025834 0.00500615451916 0.0226708372689 0.0304749925073 0.00547046690248 0.0151633127525 0.0211879006544 0.0157097208096 0.00777212438302 0.0216020185475 0.0184997195364 0.00750007609057 0.00574382814926 0.0230965611653 -0.00166145869845 0.00214392646953 0.00983425108602 0.0208674537861 0.00910563793133 0.0148367484907 0.00998084075126 -0.002269576459 -0.000368769290697 0.00580593975105 0.0115445856393 0.00929798665674 -0.00167113401033 0.0149876705118 0.0152369238215 
0.0024920859755 0.00832172555786 0.0146323655309 0.0118439495321 0.0116756431345 1.24104432978 0.0380783959428 -0.0109755779399 0.0300225180909 0.0560963784948 0.0413425021836 0.0265560603322 0.0257795534603 -0.00444469464938 0.0235546385815 0.0384679647811 0.0169837837256 0.0335335796629 0.00683245819741 0.0730869982667 0.0308409058384 0.0131588684087 0.0386535432882 0.0517957098934 0.0310132188865 0.0357439559706 0.0237094454443 0.0338275933504 0.00670294512778 0.0255407746858 0.00695655723797 0.0578198380365 0.0387573313425 0.0875008332165 0.0461919606034 0.00782822188654 -0.0126766366984 0.0719136805215 0.026265012582 0.0317049898968 
0.00924786260225 0.0384907829267 0.0148375408613 0.00811205113137 0.00979313248674 0.0380783959428 0.242266355918 -0.00206837130488 0.0069817795839 0.0122578348645 0.00436660391116 0.060378203207 0.0248503172147 0.0214303443945 0.0228714137123 0.0165981914493 0.0128890259956 0.0187693309366 0.0069178091512 0.027524624682 0.0113324873418 -0.0220727904051 0.0339507727706 0.0283553351769 0.0396404109287 0.0060203969467 0.0290625316857 0.0167026450055 0.0128046860578 0.0142925242563 0.0223368036395 0.0303733052248 0.0468723177371 0.0435554710264 -0.000323053927712 0.00361899184621 0.00772579355044 0.0173627030355 0.00324061827357 0.000816402799431 
-0.00787971185774 -0.000615486967228 -0.00977636436085 0.00416368771797 -0.0101236761519 -0.0109755779399 -0.00206837130488 1.89241801124 0.00983639341429 0.0188182195249 -0.0112507656734 0.00302544986598 -0.0150431557459 0.00218778142785 0.0113261501769 0.00248512697742 0.00666797059055 -0.00400353448624 0.000565323325257 -0.0285723062006 -0.00283571125152 0.0230487989238 0.0405024294193 -0.0106846713076 0.000240822529161 -0.00854660181682 -0.0158251640756 0.00483726668536 0.00278651861537 -0.00208601623035 -0.00275170349124 0.0395169083989 0.0509816173991 -0.0260362380712 -0.00613338750228 -0.00336449769644 -0.01494409487 0.00306469391676 0.052231111568 0.0592461347028 
0.0204354120041 0.00170514113262 0.0122558548749 0.0238681478912 0.0102207191122 0.0300225180909 0.0069817795839 0.00983639341429 0.217576045671 0.0162103440954 0.0254175477573 -0.00176048958883 0.0326712273189 0.0136993054902 0.0252113571972 0.0337241232933 0.0116934131595 0.0378526924601 0.016344678949 0.0238419019214 0.0303084654737 0.0226186989133 0.00530247839964 0.0356488189278 0.0212132873019 0.0146926473997 0.01071597176 0.018561250467 0.0186283302989 0.0165443964771 0.0438973429837 0.00659449701056 0.0227078873146 0.0244367609016 -0.000825088859353 0.00613699177429 0.0120212435006 -0.00434284380305 0.0263628583429 0.0233773109488 
0.00204434534568 -0.00365316575211 0.0209802968118 0.0156521159409 0.00778216266991 0.0560963784948 0.0122578348645 0.0188182195249 0.0162103440954 0.432587456426 0.0579561126207 0.00177487868051 0.0491734038063 0.0250203823063 0.0403902860623 0.0589275913073 0.00713343395655 0.022122648377 0.0337981114718 0.124331292544 0.0431293532893 0.0244415300207 0.0219726435542 0.0562971438939 0.0165016023299 0.101584034404 0.00839571284495 0.041395092305 0.0132325896515 0.0191302780529 0.0607254346643 0.00212828679741 0.00664103426354 0.053606745792 0.00241247202651 0.0219506208174 0.0107446261276 0.0187366466312 0.0277311994179 0.0460631205171 
0.0107048380355 0.0081786525397 0.0174856715233 0.0123806846448 0.0284544278664 0.0413425021836 0.00436660391116 -0.0112507656734 0.0254175477573 0.0579561126207 0.338004785783 0.0140156634894 0.0537280464591 0.0121030956906 0.0324381770223 0.0273443073078 0.00126523750532 0.0291718243303 0.0193639993509 0.0252518772698 0.0208268794842 0.0159114520841 0.0317321959655 0.0282729843805 0.0367025326191 0.032671195873 0.00993613229626 0.017107103779 0.031500475383 0.0134800326577 0.0379553422241 0.0133515912613 0.0151450785119 0.0248674872592 -0.0248863913952 0.0285481328877 0.0178252011393 0.0296499588849 0.0210754626334 0.0223782575906 
0.00377840665846 0.0459956418547 0.0123762812843 0.0108346671034 0.01969025834 0.0265560603322 0.060378203207 0.00302544986598 -0.00176048958883 0.00177487868051 0.0140156634894 0.252804547675 0.026191788093 0.0125508162514 0.0293306451766 0.0187667422512 0.0115746495355 0.0132291958025 0.0154368850401 0.0048860865678 0.0309226729629 0.0187586301629 0.0255488641268 0.0178903135457 0.0149957063921 0.00695039983326 0.0200925372263 0.0120422017667 0.00729776685906 0.0217360679681 0.0149107127525 0.0171387583245 0.0232528861715 0.0332736701412 -0.00325498466654 0.0205586185326 0.00533014555253 0.00183492540131 0.0107184884014 0.0212383276172 
0.0111454416534 0.0172866371811 0.0187330259389 0.00749742531598 0.00500615451916 0.0257795534603 0.0248503172147 -0.0150431557459 0.0326712273189 0.0491734038063 0.0537280464591 0.026191788093 0.531108208669 0.0215746381492 0.0433735635774 0.0366447231467 0.0151671745243 0.0355943795099 0.0265107681387 0.0452698804976 0.0390269949267 0.0271748757193 0.0298457259722 0.0295219012688 0.0283073024782 0.0492614220857 0.00278387593711 0.0369764287712 0.0280774339033 0.0164494733492 0.0803554779783 0.0168113529583 0.0215767509537 0.0541945122616 0.00364639381199 0.0235503421216 0.018745271807 0.035607508054 0.0121313244738 0.036657324096 
0.00498038369512 0.0223770563242 0.0165420038171 0.0112435859726 0.0226708372689 -0.00444469464938 0.0214303443945 0.00218778142785 0.0136993054902 0.0250203823063 0.0121030956906 0.0125508162514 0.0215746381492 0.17128502268 0.0245612877658 0.0151282750328 0.0129625634422 0.019738361753 0.0219980013609 0.00561880002751 0.0421442434492 0.0155197876649 -0.00247620423179 0.0195654681767 0.0336688664192 0.00908991438874 0.00954071723962 0.00752388568707 0.0397258848769 0.0221274966348 0.0386239366596 -0.00475900962275 0.0035596974038 -0.0026692818538 -0.00101665927718 0.00979018409359 0.0101139330729 -0.00808526496737 0.0146190714972 0.012865173544 
0.0090238646019 0.0161651835429 0.0299509408548 0.0143844970433 0.0304749925073 0.0235546385815 0.0228714137123 0.0113261501769 0.0252113571972 0.0403902860623 0.0324381770223 0.0293306451766 0.0433735635774 0.0245612877658 0.279608963324 0.0250304978273 0.0153533551094 0.051729105946 0.0337249077832 0.0314369469531 0.0453097945418 0.0255503473283 0.0289638656319 0.0323043033749 0.0272676665998 0.0312228203128 0.00621219693407 0.0318105092553 0.0234748420563 0.0153350686399 0.0852840928323 0.0185585799741 0.0303112927806 0.033397513005 0.00874226265956 0.028170142287 0.0133682294023 0.0149468355552 0.0334861587096 0.0337420031158 
0.0039823164213 0.00974427574406 0.0275314150516 -8.33396068396e-05 0.00547046690248 0.0384679647811 0.0165981914493 0.00248512697742 0.0337241232933 0.0589275913073 0.0273443073078 0.0187667422512 0.0366447231467 0.0151282750328 0.0250304978273 0.216621613572 0.0127672448521 0.0224292372596 0.0173688414236 0.0410789302699 0.0541690467405 0.0196087067473 0.022562160214 0.0176267268745 0.0139397196811 0.0260574201463 0.0116449258846 0.0250618677547 0.0302790134638 0.00581523408633 0.0223139183148 0.0116854320792 0.0233924306767 0.0242082095926 0.0232700730161 0.0102018349721 0.0180225827131 0.00731558748473 0.0293420020186 0.0305512191571 
0.0159111131609 0.00781598689468 0.0113906056542 0.0184951459552 0.0151633127525 0.0169837837256 0.0128890259956 0.00666797059055 0.0116934131595 0.00713343395655 0.00126523750533 0.0115746495355 0.0151671745243 0.0129625634422 0.0153533551094 0.0127672448521 0.113786312459 0.0158712833178 0.0143606947354 0.014871383011 0.0121653874239 0.00640029446569 -0.0049498510937 0.0122122036791 0.0129906336902 0.0115176276859 0.00776757464515 0.0114984185525 0.0145619103385 0.0208785248748 0.00897247370194 4.78311586444e-05 0.00397331406618 0.00926694478147 0.00750895188886 0.00726042027736 0.0124829448824 0.00871184239814 0.0107032557757 0.0135908549487 
0.0116937659285 0.00282145840631 0.00633974852038 0.0112271435687 0.0211879006544 0.0335335796629 0.0187693309366 -0.00400353448624 0.0378526924601 0.022122648377 0.0291718243303 0.0132291958025 0.0355943795099 0.019738361753 0.0517291059459 0.0224292372596 0.0158712833178 0.195491250415 0.0215673519114 0.0358969399255 0.0260556230859 0.0225144290456 0.0238747263772 0.0397123559334 0.0313573316197 0.0195417879042 0.00272924157303 0.028977138257 0.0189123291101 0.0100192136068 0.0553704422436 0.020084120702 0.0182036274348 0.0303160183724 -0.00547248683377 0.0235001727314 0.024290692016 -0.00281702268035 0.0160257674683 0.0338147688995 
-0.010215683495 0.00683681153652 -0.000768016910732 0.00647735940662 0.0157097208096 0.00683245819741 0.00691780915119 0.000565323325257 0.016344678949 0.0337981114718 0.0193639993509 0.0154368850401 0.0265107681387 0.0219980013609 0.0337249077832 0.0173688414236 0.0143606947354 0.0215673519114 0.206426304273 0.0295717031478 0.0270520956922 0.0183197710392 -0.000988989207499 0.0201483273193 0.00975314041746 0.0350065794951 0.00517749586908 0.0130992851847 0.0225542710303 0.0188602636288 0.0335934919035 0.01138273958 0.00139845555799 0.0140017840539 -0.0152282178183 0.0143482940525 0.0190233735335 0.0137640117113 0.0251478781299 0.0295424117916 
0.0189084377194 0.00792336136671 0.0298389750179 0.0157617919416 0.00777212438302 0.0730869982667 0.027524624682 -0.0285723062006 0.0238419019214 0.124331292544 0.0252518772698 0.0048860865678 0.0452698804976 0.00561880002751 0.0314369469531 0.0410789302699 0.014871383011 0.0358969399255 0.0295717031478 0.370647048975 0.03999524172 0.00907557861539 0.0174555537499 0.0618783623949 0.0316611213765 0.088440294222 0.0156240069694 0.0302249220121 0.0255171585208 0.0051576961712 0.0382803146733 0.0159014351973 0.0141559349153 0.0100717323057 0.00308423529923 0.00785557441694 0.0172765861746 0.0546052505611 0.0288804651809 0.0459577681901 
0.013225726911 0.0273502344684 0.0139774546613 0.00594831174466 0.0216020185475 0.0308409058384 0.0113324873418 -0.00283571125152 0.0303084654737 0.0431293532893 0.0208268794842 0.0309226729629 0.0390269949267 0.0421442434492 0.0453097945418 0.0541690467405 0.0121653874239 0.0260556230859 0.0270520956922 0.03999524172 0.24818582025 0.0265041912646 0.00403794616768 0.0357358186856 0.0304183335421 0.0263037202279 0.0404683109162 0.0264842900242 0.0350606933129 0.0238141122741 0.042954997839 0.00418996818283 0.0212655293252 0.0107380244077 -0.00289759892785 0.0294046031322 0.00679138001085 0.0180257020651 0.0126162543928 0.0223345265034 
-0.00301257828234 0.0107175223803 0.0136019355327 -0.00340373413461 0.0184997195364 0.0131588684087 -0.0220727904051 0.0230487989238 0.0226186989133 0.0244415300207 0.0159114520841 0.0187586301629 0.0271748757193 0.0155197876649 0.0255503473283 0.0196087067473 0.00640029446569 0.0225144290456 0.0183197710392 0.00907557861539 0.0265041912646 0.4290539476 0.018966596223 0.015571798856 0.0354694367088 0.0102422034317 -0.00781640201407 0.016087083626 0.0239650768247 0.0141258891608 0.0306627009068 -0.00572533630654 0.0319469588406 0.0263843655975 0.0156796575485 0.0104482217972 -0.00724739062074 0.0127728472575 0.0233563366855 0.0225310275594 
0.0142166822177 0.0119920938638 0.0158124658288 0.0171932709436 0.00750007609056 0.0386535432882 0.0339507727706 0.0405024294193 0.00530247839964 0.0219726435542 0.0317321959655 0.0255488641268 0.0298457259722 -0.00247620423179 0.0289638656319 0.022562160214 -0.00494985109369 0.0238747263772 -0.000988989207498 0.0174555537499 0.00403794616768 0.018966596223 0.332882272117 0.0136802405948 0.000805203110171 -0.0157377900548 0.0194003291548 0.018777101096 0.00981808730831 -0.00818948994543 0.0505063412405 0.10290909172 0.114755409496 0.14683367889 0.0139670564286 0.00638789180556 0.0131897328 -0.00358232691583 0.0273964016503 0.00537792575926 
0.00899411950835 0.0106818576967 0.0117559070454 0.00782199792013 0.00574382814926 0.0517957098934 0.0283553351769 -0.0106846713076 0.0356488189278 0.0562971438939 0.0282729843805 0.0178903135457 0.0295219012688 0.0195654681767 0.0323043033749 0.0176267268745 0.0122122036791 0.0397123559334 0.0201483273193 0.0618783623949 0.0357358186856 0.015571798856 0.0136802405948 0.559860680309 0.0163166466342 0.0163449939803 0.0112567301214 0.0604422532124 0.0242215238301 0.0339585617057 0.110978130252 0.0439479473475 0.0262899644398 0.0392197098605 0.000361520733562 0.0157395910066 0.018395224479 -0.00355606912946 0.0391036974473 0.0555569088763 
0.0233929969163 0.0270410528625 0.00206709140633 0.0106756343071 0.0230965611653 0.0310132188865 0.0396404109287 0.000240822529161 0.0212132873019 0.0165016023299 0.0367025326191 0.0149957063921 0.0283073024782 0.0336688664192 0.0272676665998 0.0139397196811 0.0129906336903 0.0313573316197 0.00975314041746 0.0316611213765 0.0304183335421 0.0354694367088 0.000805203110171 0.0163166466342 0.243115140727 0.0111052505785 0.00907814653223 0.0194977171167 0.0301210316536 0.0083387502904 0.0279173199039 0.00789705781033 0.0126761742692 0.0158342295209 0.00442446590159 -0.000951493896101 -0.00553152156547 0.00433935024457 0.0262327136175 0.0112566826293 
0.0112226241282 0.00152997169969 0.00919978889843 -0.0027424683834 -0.00166145869846 0.0357439559706 0.0060203969467 -0.00854660181682 0.0146926473997 0.101584034404 0.032671195873 0.00695039983326 0.0492614220857 0.00908991438874 0.0312228203128 0.0260574201463 0.0115176276859 0.0195417879042 0.0350065794951 0.088440294222 0.0263037202279 0.0102422034317 -0.0157377900548 0.0163449939803 0.0111052505785 0.280493869811 0.00440103278767 0.0173921105966 0.00722634742181 0.00716401962989 0.0365718427062 0.00590536229035 -0.0120239049185 0.0088472112147 -0.00298330087176 0.0142113901241 -0.0011340292867 0.0163584878678 0.00955178610811 0.0364477936684 
0.0197015245589 0.0107193147645 0.0105190577171 0.0131970984077 0.00214392646953 0.0237094454443 0.0290625316857 -0.0158251640756 0.01071597176 0.00839571284495 0.00993613229626 0.0200925372263 0.00278387593711 0.00954071723962 0.00621219693407 0.0116449258846 0.00776757464515 0.00272924157303 0.00517749586908 0.0156240069694 0.0404683109162 -0.00781640201407 0.0194003291548 0.0112567301214 0.00907814653223 0.00440103278767 0.982468858735 0.0295385033317 0.00055929083719 0.0135863299944 0.0289466167972 0.0042581471431 0.0257636581633 0.0223143852203 -0.00976265030932 0.0137698258406 0.00502254264352 -0.00708019076856 0.0054012834847 0.00889844771326 
0.00822277626001 0.00385658972076 0.0168508386918 0.0105341938855 0.00983425108602 0.0338275933504 0.0167026450055 0.00483726668536 0.018561250467 0.041395092305 0.017107103779 0.0120422017667 0.0369764287712 0.00752388568707 0.0318105092553 0.0250618677547 0.0114984185525 0.028977138257 0.0130992851847 0.0302249220121 0.0264842900242 0.016087083626 0.018777101096 0.0604422532124 0.0194977171167 0.0173921105966 0.0295385033317 0.228836709771 0.0131772052314 0.0205556921498 0.0173274560597 0.0209720253681 0.0162603436015 0.0196599350312 0.0254302835355 0.00827780759017 0.00259303475078 -0.00361464285897 0.017566508296 0.025247372767 
0.0103577405731 0.0186219124813 0.0216023842681 0.0198551340094 0.0208674537861 0.00670294512778 0.0128046860578 0.00278651861537 0.0186283302989 0.0132325896515 0.031500475383 0.00729776685906 0.0280774339033 0.0397258848769 0.0234748420563 0.0302790134638 0.0145619103385 0.0189123291101 0.0225542710303 0.0255171585208 0.0350606933129 0.0239650768247 0.00981808730831 0.0242215238301 0.0301210316536 0.00722634742181 0.00055929083719 0.0131772052314 0.213729166022 0.00349879816495 0.0447770359716 -0.000322722087539 0.00359685908296 0.00971856736055 0.00123448951015 0.0166768811707 0.00629028128757 -0.0120718612366 0.0242421335639 0.0140313115774 
0.00727335307195 0.0136070937825 0.0165227817055 0.0187635821443 0.00910563793133 0.0255407746858 0.0142925242563 -0.00208601623035 0.0165443964771 0.0191302780529 0.0134800326577 0.0217360679681 0.0164494733492 0.0221274966348 0.0153350686399 0.00581523408633 0.0208785248748 0.0100192136068 0.0188602636288 0.0051576961712 0.0238141122741 0.0141258891608 -0.00818948994542 0.0339585617057 0.0083387502904 0.00716401962989 0.0135863299944 0.0205556921498 0.00349879816495 0.203928737904 0.047397153369 0.00151038709173 -0.00262545968916 0.0111749487436 0.00942345584472 0.0150058895368 0.0129031890931 0.00233992914453 0.0100191472064 0.0227703429569 
0.0306345087215 0.0142034501097 0.0140573837085 0.0118994540391 0.0148367484907 0.00695655723797 0.0223368036395 -0.00275170349124 0.0438973429837 0.0607254346643 0.0379553422241 0.0149107127525 0.0803554779783 0.0386239366596 0.0852840928323 0.0223139183148 0.00897247370194 0.0553704422436 0.0335934919035 0.0382803146733 0.042954997839 0.0306627009068 0.0505063412405 0.110978130252 0.0279173199039 0.0365718427062 0.0289466167972 0.0173274560597 0.0447770359716 0.047397153369 0.569639101977 0.0256809631456 0.0316120732043 0.0880744021683 0.0315443850674 0.0377332498557 0.0201422456162 -0.00280896800203 0.020061948211 0.0474567422515 
0.00031015431623 0.0223210580829 -0.00320812808883 -0.0152784568781 0.00998084075126 0.0578198380365 0.0303733052248 0.0395169083989 0.00659449701056 0.00212828679741 0.0133515912613 0.0171387583245 0.0168113529583 -0.00475900962275 0.0185585799741 0.0116854320792 4.78311586419e-05 0.020084120702 0.01138273958 0.0159014351973 0.00418996818283 -0.00572533630654 0.10290909172 0.0439479473475 0.00789705781033 0.00590536229035 0.0042581471431 0.0209720253681 -0.000322722087539 0.00151038709173 0.0256809631456 0.328933525369 0.0894384470608 0.105141248308 -0.0220579186772 0.0152991467545 0.012646768894 0.0152333045217 0.0071069334847 0.0105577880153 
-0.00577868317827 0.0182971222309 0.012933405343 0.0109693726301 -0.002269576459 0.0387573313425 0.0468723177371 0.0509816173991 0.0227078873146 0.00664103426354 0.0151450785119 0.0232528861715 0.0215767509538 0.0035596974038 0.0303112927806 0.0233924306767 0.00397331406618 0.0182036274348 0.00139845555799 0.0141559349153 0.0212655293252 0.0319469588406 0.114755409496 0.0262899644398 0.0126761742692 -0.0120239049185 0.0257636581633 0.0162603436015 0.00359685908296 -0.00262545968916 0.0316120732043 0.0894384470608 0.343511879398 0.1247283937 -0.00992259183808 0.0228310157915 -0.00233344323528 0.0216411308134 0.0246365301214 0.0200024032222 
-0.0118966784864 0.0150406567573 0.0119895612086 0.00146195284438 -0.000368769290696 0.0875008332165 0.0435554710264 -0.0260362380712 0.0244367609016 0.053606745792 0.0248674872591 0.0332736701412 0.0541945122616 -0.0026692818538 0.033397513005 0.0242082095926 0.00926694478147 0.0303160183724 0.0140017840539 0.0100717323057 0.0107380244077 0.0263843655975 0.14683367889 0.0392197098605 0.0158342295209 0.0088472112147 0.0223143852203 0.0196599350312 0.00971856736055 0.0111749487436 0.0880744021683 0.105141248308 0.1247283937 0.442384136446 0.00294540582413 0.0116039230111 0.0157211782307 0.0387838166839 0.0195130511804 0.02923656179 
0.00287451312067 0.0152527110415 0.040083071137 -0.0175701989916 0.00580593975105 0.0461919606034 -0.000323053927712 -0.00613338750228 -0.000825088859353 0.00241247202651 -0.0248863913952 -0.00325498466654 0.003646393812 -0.00101665927718 0.00874226265956 0.0232700730161 0.00750895188886 -0.00547248683377 -0.0152282178183 0.00308423529923 -0.00289759892785 0.0156796575485 0.0139670564286 0.000361520733559 0.00442446590159 -0.00298330087176 -0.00976265030932 0.0254302835355 0.00123448951015 0.00942345584472 0.0315443850674 -0.0220579186772 -0.00992259183808 0.00294540582413 0.637350083855 0.0284048488672 -0.0222127427243 -0.0117188040796 0.00251253405995 -0.0125379745987 
-0.014975351909 0.017798317696 0.0111151653771 0.00269245437739 0.0115445856393 0.00782822188654 0.00361899184621 -0.00336449769644 0.00613699177429 0.0219506208174 0.0285481328877 0.0205586185326 0.0235503421216 0.00979018409359 0.028170142287 0.0102018349721 0.00726042027736 0.0235001727314 0.0143482940525 0.00785557441694 0.0294046031322 0.0104482217972 0.00638789180556 0.0157395910066 -0.000951493896101 0.0142113901241 0.0137698258406 0.00827780759017 0.0166768811707 0.0150058895368 0.0377332498557 0.0152991467545 0.0228310157915 0.0116039230111 0.0284048488672 0.392536768656 0.0154050709858 0.00284227917604 0.00824929915873 0.016252030209 
0.00696424899834 -0.000908755299789 -0.0035716363056 2.02524225013e-05 0.00929798665674 -0.0126766366984 0.00772579355044 -0.01494409487 0.0120212435006 0.0107446261276 0.0178252011393 0.00533014555253 0.018745271807 0.0101139330729 0.0133682294023 0.0180225827131 0.0124829448824 0.024290692016 0.0190233735335 0.0172765861746 0.00679138001085 -0.00724739062074 0.0131897328 0.018395224479 -0.00553152156547 -0.0011340292867 0.00502254264352 0.00259303475078 0.00629028128757 0.0129031890931 0.0201422456162 0.012646768894 -0.00233344323528 0.0157211782307 -0.0222127427243 0.0154050709859 0.248297713884 0.00952447078861 0.00890710407689 0.0195404095698 
-0.0131524383873 -0.00284984513105 0.00293490574457 0.00933212340546 -0.00167113401033 0.0719136805215 0.0173627030355 0.00306469391676 -0.00434284380305 0.0187366466312 0.0296499588849 0.00183492540131 0.035607508054 -0.00808526496737 0.0149468355552 0.00731558748473 0.00871184239814 -0.00281702268035 0.0137640117113 0.0546052505611 0.0180257020651 0.0127728472575 -0.00358232691582 -0.00355606912946 0.00433935024457 0.0163584878678 -0.00708019076856 -0.00361464285897 -0.0120718612366 0.00233992914452 -0.00280896800203 0.0152333045217 0.0216411308134 0.0387838166839 -0.0117188040796 0.00284227917604 0.00952447078861 0.922650947035 0.0133290158977 0.011748696692 
0.00845276158902 0.00133922563304 0.0183758669465 0.00796422019276 0.0149876705118 0.026265012582 0.00324061827357 0.052231111568 0.0263628583429 0.0277311994179 0.0210754626334 0.0107184884014 0.0121313244738 0.0146190714972 0.0334861587096 0.0293420020186 0.0107032557757 0.0160257674683 0.0251478781299 0.0288804651809 0.0126162543928 0.0233563366855 0.0273964016503 0.0391036974473 0.0262327136175 0.00955178610811 0.0054012834847 0.017566508296 0.0242421335639 0.0100191472064 0.020061948211 0.0071069334847 0.0246365301214 0.0195130511804 0.00251253405995 0.00824929915873 0.00890710407689 0.0133290158977 0.178430504979 0.0145132460227 
0.0126370414171 0.0118284803196 0.0244552911285 0.0150021344038 0.0152369238215 0.0317049898968 0.000816402799431 0.0592461347028 0.0233773109488 0.0460631205171 0.0223782575906 0.0212383276172 0.036657324096 0.012865173544 0.0337420031158 0.0305512191571 0.0135908549487 0.0338147688995 0.0295424117916 0.0459577681901 0.0223345265034 0.0225310275594 0.00537792575926 0.0555569088763 0.0112566826293 0.0364477936684 0.00889844771326 0.025247372767 0.0140313115774 0.0227703429569 0.0474567422515 0.0105577880153 0.0200024032222 0.02923656179 -0.0125379745987 0.016252030209 0.0195404095698 0.011748696692 0.0145132460227 0.268373383955 

['WWY', 'XEL', 'IFF', 'CLX', 'TMK', 'CIEN', 'AYE', 'PTV', 'ITW', 'KLAC', 'JCP', 'EXC', 'NTAP', 'WFC', 'GS', 'APD', 'KO', 'DHR', 'UPS', 'ALTR', 'MEL', 'AOC', 'APA', 'VMC', 'HIG', 'LLTC', 'HUM', 'HON', 'WM', 'CAH', 'DHI', 'MUR', 'COP', 'HAL', 'MYL', 'GENZ', 'SYY', 'CSCO', 'DD', 'APCC']