40
0.0202574279786 0.0988670942005 0.0412963652708 0.0755152896869 0.0861911318708 0.0304896250645 0.123612909007 0.132143501856 0.251790956204 0.0511846892664 0.166074759161 0.0406155741598 0.0220144037379 0.0297209295042 0.0572050688987 0.0486959213786 0.0442230302855 0.0131635076039 0.146363775453 0.123248136701 0.0787213758152 0.162626926374 0.0384738749472 0.043075945187 0.0884893451388 0.0113752176021 0.128222495688 0.019144788815 0.0424048973372 0.015652967587 0.0290232005544 0.478952808182 0.112290577846 0.0559549201136 0.0800378705657 0.0843714281037 0.0389775871913 0.0936563270582 0.0466468708745 0.0262343191133 
0.263874369336 0.0507742339476 0.00532833736178 -0.00624861503397 0.02710346381 0.00850501492323 0.0535733411563 0.0288807612746 0.0455843203707 0.049192670756 0.0315618051717 0.0274610421417 0.0226879548526 0.0172116434879 0.0340180732294 0.0273963520959 0.0370709355828 0.0200503114332 0.00733933922934 0.0306717058695 0.0193889886544 -0.0141818002679 0.00506460859759 0.0162422500735 0.0493709181143 0.0199288483228 0.0297341648738 0.012621048216 0.00828391749729 0.0114566719015 0.0280211320294 0.0164416261686 0.0349967027186 0.0418330942961 0.0352410447707 0.0117307109967 0.0270291145259 0.0264122731458 0.015059339276 0.0256050724619 
0.0507742339476 0.485629566105 0.0035449879868 -0.0135210207886 0.0457250890788 0.0182626006378 0.0490988345675 -0.00102306703524 0.0596235259961 0.0277987471312 0.0495386062097 0.0237142201709 0.010564357212 0.00224373489748 0.0529645012828 0.0315091952131 0.0348517504605 0.00470010469704 0.0319848553663 0.0368786366727 0.0267520901162 0.00781535846936 0.00768158435439 0.0169151182937 0.0311955156359 0.0236928892067 0.0489600912525 0.0238497941993 0.0187955759156 0.0320613664839 0.00811491395617 0.0274249479326 0.0522120210001 0.045827366064 0.0463362665354 0.0652206607204 0.0188611991984 0.0496242764287 0.0233681031622 0.0207779028175 
0.00532833736178 0.0035449879868 0.248093567732 0.0217304267882 0.00534485426416 0.0104271443395 -0.00880953974049 -0.00658210665868 -0.0057444361514 0.0129896720808 0.00971113624365 0.0171390039885 0.0245588377317 0.0150664463933 0.0147198013042 0.023821680945 0.0158509582074 0.01467214235 0.0145021258755 0.0241175098099 0.00715749919409 -0.00742684307675 -9.12243224841e-05 0.0179698189786 0.00785213606652 0.00640701775796 0.0137080026207 0.0176001884991 0.0111095678078 -0.0005495893542 0.0133870118722 -0.0171251110017 0.00373577138301 0.0216818130234 0.00405789915613 0.000299653765424 0.0148501381127 -0.000964662175138 0.0150406688817 0.0130405852934 
-0.00624861503396 -0.0135210207886 0.0217304267882 0.526298681717 0.0145825246875 0.00839341759152 0.00923280113083 0.0214149263355 0.583232863329 0.000980801517371 0.061704138991 0.0370077545865 0.00370530791448 0.0193277852227 0.00765397904193 0.0108572476854 0.0161206139065 0.00595712987741 0.0167194586993 0.0236043467321 0.025454016433 0.014802957143 0.0279425255755 -0.00199881688699 0.000528125890928 0.00398617806651 0.0171652854413 0.0102418062111 0.13315931587 -0.0156476249966 0.00486969730558 -0.00981096714974 -0.0129711655918 0.0230494090319 -0.00658243930122 -0.0073002136463 0.00960780201107 -0.024276105324 0.023654640605 0.0197158357873 
0.02710346381 0.0457250890788 0.00534485426415 0.0145825246875 0.391272482751 0.0054629586917 0.00493351973962 0.0291226264185 0.00996911818506 0.0383143908727 0.0417144755746 0.0253382217947 0.00952093101909 -0.00387983365917 0.0120940920247 0.0153551646996 0.0454565135089 0.00962685263388 0.00935517024738 0.00997277920031 0.0149602148203 0.00632346250452 0.0247875138251 0.0248204307736 0.041618225674 0.0181699275916 0.113739252898 0.0244694023135 0.0120071433883 0.0208642858707 0.0101741948465 0.00124525093379 0.0554350442379 0.0279896012979 0.0218532479578 0.00656578751545 0.0107617446762 0.0325099307645 0.0176739251055 0.0190169126109 
0.00850501492323 0.0182626006378 0.0104271443395 0.00839341759152 0.0054629586917 0.209588860439 -0.0032322713738 0.0270875233958 0.000582143596502 0.00930533262602 0.00944650937252 0.0170782831466 -0.00233121763227 0.0043053263915 0.0261873255806 0.0200002844157 0.00675254639147 0.00245013592401 0.0168332585061 0.0103209062439 -0.00779764768344 0.0431952672351 3.53516908631e-05 0.0157587412993 0.00626490139243 0.00259575846368 0.00177447928229 -0.00125048666847 0.000227766933795 0.0142741650284 0.00451506770164 -0.00322374234845 -0.000895869124487 -0.00694197942058 0.000891208574945 0.00453277518421 0.00467894642551 0.0189885692692 0.0128862163973 0.0176965786021 
0.0535733411563 0.0490988345675 -0.00880953974049 0.00923280113083 0.00493351973962 -0.0032322713738 1.03835868292 0.0454886971459 0.0326105521989 0.00512990784664 0.0129214279884 0.00628863807542 0.00633176834472 1.83859092615e-05 0.0139740251689 -0.00204656925224 -0.000875788213386 -0.000480748460344 0.012451331528 0.00180725113948 0.0392928424148 0.00529939889411 -0.00952766318873 -0.00953645725576 0.0145317307286 9.54133524387e-05 0.00201127071508 -0.00727570869519 0.00358331885045 0.00928502535459 -0.00629779977347 0.034588409722 0.0336464696914 0.0550495647225 0.0313463404151 0.0594350692299 -0.0144869271273 0.00184177673729 0.00815590161924 -0.0154335113564 
0.0288807612746 -0.00102306703524 -0.00658210665867 0.0214149263355 0.0291226264185 0.0270875233958 0.0454886971459 0.441341295672 0.0425503891132 0.0418493317733 0.0847556117019 0.0215516338568 0.0232689146067 0.0159941636985 0.0219665291945 0.0120530055898 0.0238049653603 0.0143458600178 0.0203273891407 0.0180990710044 0.110135070137 0.063189156399 0.0302360150158 0.0200546679959 0.0214599516193 0.000259967753326 0.0179642416183 0.00632548067051 0.00119568363427 0.0124092684467 0.0105419870504 -0.00392694736858 0.185292157428 0.0290874664136 0.00847876574432 -0.0093150059694 0.00935326280565 0.0199404187565 0.0270480693334 -0.00259059052589 
0.0455843203707 0.0596235259961 -0.0057444361514 0.583232863329 0.00996911818506 0.000582143596502 0.0326105521989 0.0425503891133 1.99003315529 0.0383895957208 0.125770998015 0.0429086231526 -0.00247324619578 0.00627267837642 0.00547690902211 0.0087998308248 0.00641780135144 -0.00388574107782 0.0121564161425 0.0259663656229 0.0135175575215 -0.00140519683857 0.0242235239013 -0.000638774330189 0.00193095797632 0.020806308355 0.0838880991979 -0.0017917565331 0.056995084251 -0.000446450003776 -0.00335613413535 0.00254567964816 0.00920666548029 0.044105544649 0.0162490349834 0.0267504130307 -0.00876601395774 0.04331932443 0.0332844617083 -0.00803663051084 
0.049192670756 0.0277987471312 0.0129896720808 0.00098080151737 0.0383143908727 0.00930533262602 0.00512990784664 0.0418493317733 0.0383895957208 0.334678441262 0.0335410285652 0.0145105771894 0.00213226095271 -0.00276378000961 0.0330276232881 0.00940171254745 0.0125277012573 0.00307537407173 0.013132647717 0.00867198902351 0.00928391067261 0.00168180787349 -0.00232699995181 0.00543110536753 0.00579847589475 0.0014052785157 0.044434930715 0.0099732354241 0.0150884787895 0.0166941915407 2.18517809781e-05 0.00767425488094 0.0260694368753 0.0317560328277 0.0120484403766 0.0105870637102 0.00439501438934 0.0149696295664 0.00227248551579 0.00842185070426 
0.0315618051717 0.0495386062097 0.00971113624365 0.061704138991 0.0417144755746 0.00944650937252 0.0129214279884 0.0847556117019 0.125770998015 0.0335410285652 0.477162866437 0.0366902710614 0.00581110371839 0.00026739262175 0.0331933202 0.0428295785572 0.0417255982916 0.00913125972334 0.0136623205224 0.0569778735195 0.078500569068 0.0268725097199 0.0369565126268 0.0195992431602 0.0283313909506 0.00748130368184 0.062837406363 0.0416976413426 0.0120132761694 0.0547752213064 0.0296848117715 -0.0174848223031 0.0988862747791 0.0527983138684 0.0668802509455 0.0666216844674 0.047903725971 0.00663394485486 -0.0131761898915 0.0167600983122 
0.0274610421417 0.0237142201709 0.0171390039885 0.0370077545865 0.0253382217947 0.0170782831466 0.00628863807542 0.0215516338568 0.0429086231526 0.0145105771894 0.0366902710614 0.221063116413 0.0263962795304 0.0189394641923 0.0198143233866 0.0278034434049 0.0298284789236 0.0265237279557 0.0199884187282 0.0400919846588 0.0238741345362 0.00233548695726 0.0164421394267 0.026658163437 0.0297991718625 0.0284700912326 0.0416058367263 0.0332027638305 0.00839118932258 0.0176214279879 0.0102434193029 0.00140922871088 0.0203231451753 0.0373004980364 0.0101727139063 0.0080806635523 0.0123126864617 0.0131525899412 0.0228591585359 0.0208132306405 
0.0226879548526 0.010564357212 0.0245588377317 0.00370530791448 0.00952093101909 -0.00233121763227 0.00633176834472 0.0232689146067 -0.00247324619578 0.00213226095271 0.00581110371839 0.0263962795304 0.175121116921 0.00177281646032 0.00584769015459 0.00937389409148 0.0154199009256 0.0505596685637 0.00540564069987 0.0260286541583 0.0268189213834 0.0357590522513 0.0131347593428 0.0122761894025 0.00919983363004 0.0141286982094 0.00994728507442 0.00499291332801 0.0100276623611 0.00837649099401 0.0102209644707 -0.0244597968634 0.0208056795193 0.0133448954447 0.000804945292364 0.0127557810161 0.0176272909586 0.000124122389569 0.0459288618239 0.0127786068394 
0.0172116434879 0.00224373489749 0.0150664463933 0.0193277852227 -0.00387983365917 0.0043053263915 1.83859092619e-05 0.0159941636985 0.00627267837642 -0.00276378000961 0.000267392621749 0.0189394641923 0.00177281646032 0.220834206706 0.00521964032964 0.017732773427 0.00168170063883 0.00500013021373 0.0154572632867 0.0180864890291 -0.00140355908188 -0.00725082400926 -0.00798122970447 0.0146530663164 0.00652936213621 0.0131461443919 0.00782272404575 0.00843003486502 0.0120514851323 0.00549352355287 0.0219676350927 -0.0145089027496 0.000615900640512 0.00166953429701 -0.0109600664679 -0.00380634801411 0.0186898081998 0.00301426658781 3.21325852588e-05 0.0114989690452 
0.0340180732294 0.0529645012828 0.0147198013042 0.00765397904193 0.0120940920247 0.0261873255806 0.0139740251689 0.0219665291945 0.00547690902211 0.0330276232881 0.0331933202 0.0198143233866 0.00584769015459 0.00521964032964 0.257433376247 0.0169605690659 0.0163659153926 0.00244240569585 0.0142663239406 0.0296945537976 0.0249237561749 0.0219730839128 0.0108063212306 0.0231476877578 0.0183045211216 0.0192970582095 0.0389906103688 0.0208440822592 0.00140697762626 0.0229770533896 0.0121938254992 -0.010326882287 0.0340698237338 0.0234874261799 0.022340184344 0.0155908837184 0.00861829056522 0.020568606114 0.0306351216122 0.0117947045047 
0.0273963520959 0.0315091952131 0.023821680945 0.0108572476854 0.0153551646996 0.0200002844157 -0.00204656925224 0.0120530055898 0.0087998308248 0.00940171254745 0.0428295785572 0.0278034434049 0.00937389409148 0.017732773427 0.0169605690659 0.206554245652 0.0278904137629 0.019079270598 0.0130675051936 0.0163318894307 0.0151312429458 0.0253097667386 0.0209957256763 0.0262398302332 0.00994636000967 0.0215646393856 0.0364805408744 0.0427046240832 0.0155162493787 0.0302901554685 0.0260778823825 -0.0028917153784 0.0248829938471 0.0279472164704 0.0217785011339 0.00584708789775 0.0639025026766 0.0346862697505 0.0174898633447 0.0470729286226 
0.0370709355828 0.0348517504605 0.0158509582074 0.0161206139065 0.0454565135089 0.00675254639147 -0.000875788213387 0.0238049653603 0.00641780135144 0.0125277012573 0.0417255982916 0.0298284789236 0.0154199009256 0.00168170063883 0.0163659153926 0.0278904137629 0.196342558829 0.0129206377157 0.00351837575763 0.0335377221503 0.0193161525008 0.0259143266541 0.0076284125805 0.0187005686979 0.0175232690199 0.0359192015904 0.034513546381 0.0307513119079 0.00425407669826 0.027331304729 0.0212148744712 -0.0035680508308 0.0377045264773 0.0389875226361 0.0141715798602 0.020299669868 0.044470716811 0.0296226921228 0.0164477274089 0.0268032517304 
0.0200503114332 0.00470010469704 0.01467214235 0.00595712987741 0.00962685263388 0.00245013592401 -0.000480748460344 0.0143458600178 -0.00388574107782 0.00307537407173 0.00913125972334 0.0265237279557 0.0505596685637 0.00500013021373 0.00244240569585 0.019079270598 0.0129206377157 0.153752083224 0.00571338070937 0.0193612000958 0.026554487853 0.0237481663183 0.0126807414964 0.0197749913266 0.00210980712614 0.0129547597793 0.0181816458896 0.0129059226272 0.00432995242421 0.00038235784326 0.0126597630598 -0.0033967881462 0.018155276721 0.0136408292509 0.00702643016256 0.0129382698612 0.0242506049819 0.0178390673568 0.0429230430131 0.0210108271035 
0.00733933922934 0.0319848553663 0.0145021258755 0.0167194586993 0.00935517024737 0.0168332585061 0.012451331528 0.0203273891407 0.0121564161425 0.013132647717 0.0136623205224 0.0199884187282 0.00540564069987 0.0154572632867 0.0142663239406 0.0130675051936 0.00351837575763 0.00571338070937 0.983102161762 0.0320849064956 0.0257555685523 0.0112125817204 0.0202996972916 0.0129092804823 0.0147615022137 0.013678262943 0.0025268489811 0.00403312159382 0.0121667749654 0.0238460417669 0.00771476614722 -0.000903288721424 0.0148184413084 0.0170417442091 0.000470089273565 0.0103649651128 0.00388620838438 -3.47696262774e-05 0.00119976150276 -0.00398499047281 
0.0306717058695 0.0368786366727 0.0241175098099 0.0236043467321 0.00997277920032 0.0103209062439 0.00180725113948 0.0180990710044 0.0259663656229 0.00867198902351 0.0569778735195 0.0400919846588 0.0260286541583 0.0180864890291 0.0296945537976 0.0163318894307 0.0335377221503 0.0193612000958 0.0320849064956 0.467551847219 0.0423887037221 -0.00418157032258 0.0257998199455 0.0242503980534 0.0345564109224 0.0178058857996 0.0478736178024 0.0251913236569 0.0260257453697 0.0149734422279 0.00215873563736 0.0675519316752 0.0398802485284 0.0375416178443 0.0171020845938 0.0309415334352 0.0271020425208 0.000502371345202 0.00974383087558 0.0246951016262 
0.0193889886544 0.0267520901162 0.00715749919409 0.025454016433 0.0149602148203 -0.00779764768344 0.0392928424148 0.110135070137 0.0135175575215 0.00928391067261 0.078500569068 0.0238741345362 0.0268189213834 -0.00140355908187 0.0249237561749 0.0151312429458 0.0193161525008 0.026554487853 0.0257555685523 0.0423887037221 0.348416461911 0.0666582381111 0.00965730089468 0.0198828703792 -0.00556212415576 0.00353066669113 0.020666308489 0.00257034909368 0.0051964468667 0.00029899219758 -0.000108164056778 0.0230440710316 0.123825865613 0.0226029368814 0.00864557998645 -0.013984966306 0.00713254379739 -0.0124329579843 0.021925716805 0.00200531843418 
-0.0141818002679 0.00781535846936 -0.00742684307675 0.014802957143 0.00632346250452 0.0431952672351 0.0052993988941 0.063189156399 -0.00140519683858 0.00168180787349 0.0268725097199 0.00233548695726 0.0357590522513 -0.00725082400926 0.0219730839128 0.0253097667386 0.0259143266541 0.0237481663183 0.0112125817204 -0.00418157032258 0.0666582381111 1.12200820422 0.017244026282 0.0112621758797 -0.00818506297985 0.0245357933978 0.00492532402561 0.00686230905867 0.000126252650504 0.0116582285246 0.0204807068882 0.0179987677817 0.0606590508549 0.00363647280948 0.018638008652 0.0237711407 0.000964091353322 0.0548243462822 0.03774558124 -0.00626104311502 
0.00506460859759 0.00768158435439 -9.12243224838e-05 0.0279425255755 0.0247875138251 3.53516908629e-05 -0.00952766318873 0.0302360150158 0.0242235239013 -0.00232699995181 0.0369565126268 0.0164421394267 0.0131347593428 -0.00798122970447 0.0108063212306 0.0209957256763 0.0076284125805 0.0126807414964 0.0202996972916 0.0257998199455 0.00965730089468 0.017244026282 0.229037757287 0.0069840549285 0.00778496248982 0.0235328089564 0.0209432411839 0.0165202452021 0.00607734875598 0.0088426207606 0.00976897172702 0.0135079118253 0.0126946073931 0.00959727361746 0.0210499345473 0.0218538107105 0.0196521587194 0.00119862425688 0.0110159833344 0.0098038336495 
0.0162422500735 0.0169151182937 0.0179698189786 -0.00199881688699 0.0248204307736 0.0157587412993 -0.00953645725576 0.0200546679959 -0.000638774330189 0.00543110536753 0.0195992431602 0.026658163437 0.0122761894025 0.0146530663164 0.0231476877578 0.0262398302332 0.0187005686979 0.0197749913266 0.0129092804823 0.0242503980534 0.0198828703792 0.0112621758797 0.0069840549285 0.215486372268 0.0185935530625 0.00851145654167 0.0277114695482 0.0223117847492 0.00513209111694 0.00803554794985 0.0260498744163 0.000973652018605 0.022965194181 0.0326859367879 0.020967720493 0.0222003065598 0.0262453952065 0.00869940422356 0.0101140450356 0.0450587159214 
0.0493709181143 0.0311955156359 0.00785213606652 0.000528125890923 0.041618225674 0.00626490139243 0.0145317307286 0.0214599516193 0.00193095797632 0.00579847589475 0.0283313909506 0.0297991718625 0.00919983363004 0.00652936213621 0.0183045211216 0.00994636000967 0.0175232690199 0.00210980712614 0.0147615022137 0.0345564109224 -0.00556212415576 -0.00818506297984 0.00778496248982 0.0185935530625 0.478861133069 0.0109989231971 0.0467087570204 0.0117408090823 0.0174204631897 0.0111509189957 0.0193688850877 0.0780427313092 0.0256111310584 0.0401476949974 0.0292096774965 0.00879783072594 0.0233539009894 0.0359179468353 -0.00221195831314 0.0169940834566 
0.0199288483228 0.0236928892067 0.00640701775796 0.00398617806651 0.0181699275916 0.00259575846368 9.54133524385e-05 0.000259967753324 0.020806308355 0.0014052785157 0.00748130368184 0.0284700912326 0.0141286982094 0.0131461443919 0.0192970582095 0.0215646393856 0.0359192015904 0.0129547597793 0.013678262943 0.0178058857996 0.00353066669112 0.0245357933978 0.0235328089564 0.00851145654168 0.0109989231971 0.220892991906 0.0194062560182 0.0126220671419 0.0242016993457 0.000266659314242 0.0192909107548 0.0447810476957 -0.00435270634106 0.0249858520389 0.0322274306644 0.0115903768629 0.0130156968266 0.0170147351501 0.0201677767372 0.0159976952795 
0.0297341648738 0.0489600912525 0.0137080026207 0.0171652854413 0.113739252898 0.00177447928229 0.00201127071508 0.0179642416183 0.0838880991979 0.044434930715 0.062837406363 0.0416058367263 0.00994728507442 0.00782272404574 0.0389906103688 0.0364805408744 0.034513546381 0.0181816458896 0.0025268489811 0.0478736178023 0.020666308489 0.00492532402561 0.0209432411839 0.0277114695482 0.0467087570204 0.0194062560182 0.517104776475 0.0487758226219 0.0288918222662 0.0277070587465 0.0278276924387 0.00527811508452 0.0592944373059 0.0375148672205 0.0288797676593 -0.000850187039899 0.00694825745599 0.0363064754947 0.0223017743122 0.0192554545913 
0.012621048216 0.0238497941993 0.0176001884991 0.0102418062111 0.0244694023135 -0.00125048666847 -0.00727570869519 0.00632548067051 -0.0017917565331 0.0099732354241 0.0416976413426 0.0332027638305 0.00499291332801 0.00843003486502 0.0208440822592 0.0427046240832 0.0307513119079 0.0129059226272 0.00403312159382 0.0251913236569 0.00257034909368 0.00686230905867 0.0165202452021 0.0223117847492 0.0117408090823 0.0126220671419 0.0487758226219 0.232608334712 0.012450713646 0.032017639256 0.026689173006 -0.00974614897936 0.0235678759985 0.0377283507978 0.0116697759788 0.0363679245163 0.022150784895 0.0136370786517 0.0128232672768 0.0236026426269 
0.00828391749729 0.0187955759156 0.0111095678078 0.13315931587 0.0120071433883 0.000227766933796 0.00358331885045 0.00119568363425 0.056995084251 0.0150884787895 0.0120132761694 0.00839118932258 0.0100276623611 0.0120514851323 0.00140697762626 0.0155162493787 0.00425407669826 0.00432995242421 0.0121667749654 0.0260257453697 0.0051964468667 0.000126252650507 0.00607734875598 0.00513209111694 0.0174204631897 0.0242016993457 0.0288918222662 0.012450713646 0.37290225139 -0.00261542195291 0.00732382806386 -0.00767197934231 -0.00245959550898 0.0212157150699 -0.0069171623018 -0.015511203907 0.00834257485886 -0.0270934651816 0.0129556370145 0.0139299560648 
0.0114566719015 0.0320613664839 -0.0005495893542 -0.0156476249966 0.0208642858707 0.0142741650284 0.00928502535459 0.0124092684467 -0.000446450003776 0.0166941915407 0.0547752213064 0.0176214279879 0.00837649099401 0.00549352355287 0.0229770533896 0.0302901554685 0.027331304729 0.000382357843259 0.0238460417669 0.0149734422279 0.00029899219758 0.0116582285246 0.0088426207606 0.00803554794986 0.0111509189957 0.000266659314241 0.0277070587465 0.032017639256 -0.00261542195291 0.227308590644 0.0273253118729 0.00909413247389 0.00606713207277 0.0365326724766 0.0234248679333 0.00880212241179 0.0182711278961 0.0298107406342 0.00460966129302 0.0080223507515 
0.0280211320294 0.00811491395618 0.0133870118722 0.00486969730558 0.0101741948465 0.00451506770164 -0.00629779977347 0.0105419870504 -0.00335613413535 2.18517809782e-05 0.0296848117715 0.0102434193029 0.0102209644707 0.0219676350927 0.0121938254992 0.0260778823825 0.0212148744712 0.0126597630598 0.00771476614722 0.00215873563736 -0.00010816405678 0.0204807068882 0.00976897172702 0.0260498744163 0.0193688850877 0.0192909107548 0.0278276924387 0.026689173006 0.00732382806386 0.0273253118729 0.251110806999 -0.00895025383933 0.0128895438893 0.015796248403 -0.00637164016484 -0.00191880579826 0.0368466772657 0.0113600470092 0.0152074238139 0.0282258434348 
0.0164416261686 0.0274249479326 -0.0171251110017 -0.00981096714974 0.00124525093379 -0.00322374234845 0.034588409722 -0.00392694736858 0.00254567964816 0.00767425488094 -0.0174848223031 0.00140922871088 -0.0244597968634 -0.0145089027496 -0.010326882287 -0.0028917153784 -0.0035680508308 -0.0033967881462 -0.000903288721424 0.0675519316752 0.0230440710316 0.0179987677817 0.0135079118253 0.000973652018605 0.0780427313092 0.0447810476957 0.00527811508452 -0.00974614897936 -0.00767197934231 0.00909413247389 -0.00895025383933 5.23644470776 0.0359980944193 0.0140229248738 0.021910593697 0.0385917127423 -0.0158647070542 -0.00948867040881 -0.0196115757323 -0.00568632694595 
0.0349967027186 0.0522120210001 0.00373577138301 -0.0129711655918 0.0554350442379 -0.000895869124488 0.0336464696914 0.185292157428 0.00920666548028 0.0260694368753 0.0988862747791 0.0203231451753 0.0208056795193 0.000615900640514 0.0340698237338 0.0248829938471 0.0377045264773 0.018155276721 0.0148184413084 0.0398802485284 0.123825865613 0.0606590508549 0.0126946073931 0.022965194181 0.0256111310584 -0.00435270634106 0.0592944373059 0.0235678759985 -0.00245959550897 0.00606713207277 0.0128895438893 0.0359980944193 0.442452364747 0.0217912780882 0.0198624436452 0.00135173865425 0.0176050929762 0.0269848073852 0.0381413380105 0.00136664888685 
0.0418330942961 0.045827366064 0.0216818130234 0.0230494090319 0.0279896012979 -0.00694197942058 0.0550495647225 0.0290874664136 0.044105544649 0.0317560328277 0.0527983138684 0.0373004980364 0.0133448954447 0.00166953429701 0.0234874261799 0.0279472164704 0.0389875226361 0.0136408292509 0.0170417442091 0.0375416178443 0.0226029368814 0.00363647280948 0.00959727361746 0.0326859367879 0.0401476949974 0.0249858520389 0.0375148672205 0.0377283507978 0.0212157150699 0.0365326724766 0.015796248403 0.0140229248738 0.0217912780882 0.254466655683 0.0428531585305 0.0451813403244 0.0274690152051 0.0258280483972 0.0169684575947 0.0363762779862 
0.0352410447707 0.0463362665354 0.00405789915613 -0.00658243930122 0.0218532479578 0.000891208574945 0.0313463404151 0.00847876574432 0.0162490349834 0.0120484403766 0.0668802509455 0.0101727139063 0.000804945292364 -0.0109600664679 0.022340184344 0.0217785011339 0.0141715798602 0.00702643016256 0.000470089273566 0.0171020845938 0.00864557998645 0.018638008652 0.0210499345473 0.020967720493 0.0292096774965 0.0322274306644 0.0288797676593 0.0116697759788 -0.0069171623018 0.0234248679333 -0.00637164016484 0.021910593697 0.0198624436452 0.0428531585305 0.370813577372 0.018798712203 0.0231124113575 0.0288756167594 0.0134220910835 0.017225611975 
0.0117307109967 0.0652206607204 0.000299653765424 -0.0073002136463 0.00656578751545 0.00453277518421 0.0594350692299 -0.00931500596939 0.0267504130307 0.0105870637102 0.0666216844674 0.0080806635523 0.0127557810161 -0.00380634801411 0.0155908837184 0.00584708789775 0.020299669868 0.0129382698612 0.0103649651128 0.0309415334352 -0.013984966306 0.0237711407 0.0218538107105 0.0222003065598 0.00879783072594 0.0115903768629 -0.000850187039905 0.0363679245163 -0.015511203907 0.00880212241178 -0.00191880579826 0.0385917127423 0.00135173865426 0.0451813403244 0.018798712203 0.858018633181 0.0244096446886 -0.017065838414 0.00537798645741 0.0176273858341 
0.0270291145259 0.0188611991984 0.0148501381127 0.00960780201107 0.0107617446762 0.00467894642551 -0.0144869271273 0.00935326280565 -0.00876601395774 0.00439501438934 0.047903725971 0.0123126864617 0.0176272909586 0.0186898081998 0.00861829056522 0.0639025026766 0.044470716811 0.0242506049819 0.00388620838438 0.0271020425208 0.00713254379739 0.000964091353323 0.0196521587194 0.0262453952065 0.0233539009894 0.0130156968266 0.00694825745599 0.022150784895 0.00834257485886 0.0182711278961 0.0368466772657 -0.0158647070542 0.0176050929762 0.0274690152051 0.0231124113575 0.0244096446886 0.239917673264 0.0228928214296 0.00977235929551 0.0383561356062 
0.0264122731458 0.0496242764287 -0.00096466217514 -0.024276105324 0.0325099307645 0.0189885692692 0.00184177673729 0.0199404187565 0.04331932443 0.0149696295664 0.00663394485486 0.0131525899412 0.000124122389568 0.00301426658781 0.020568606114 0.0346862697505 0.0296226921228 0.0178390673568 -3.47696262765e-05 0.000502371345197 -0.0124329579843 0.0548243462822 0.00119862425687 0.00869940422356 0.0359179468353 0.0170147351501 0.0363064754947 0.0136370786517 -0.0270934651816 0.0298107406342 0.0113600470092 -0.00948867040881 0.0269848073852 0.0258280483972 0.0288756167594 -0.017065838414 0.0228928214296 0.4351836077 0.000505777189672 0.0169371758446 
0.015059339276 0.0233681031622 0.0150406688817 0.023654640605 0.0176739251055 0.0128862163973 0.00815590161924 0.0270480693334 0.0332844617083 0.00227248551579 -0.0131761898915 0.0228591585359 0.0459288618239 3.21325852589e-05 0.0306351216122 0.0174898633447 0.0164477274089 0.0429230430131 0.00119976150276 0.00974383087558 0.021925716805 0.03774558124 0.0110159833344 0.0101140450356 -0.00221195831314 0.0201677767372 0.0223017743122 0.0128232672768 0.0129556370145 0.00460966129302 0.0152074238139 -0.0196115757323 0.0381413380105 0.0169684575947 0.0134220910835 0.00537798645741 0.00977235929551 0.000505777189674 0.364751150984 0.012105716832 
0.0256050724619 0.0207779028175 0.0130405852934 0.0197158357873 0.0190169126109 0.0176965786021 -0.0154335113564 -0.00259059052589 -0.00803663051084 0.00842185070426 0.0167600983122 0.0208132306405 0.0127786068394 0.0114989690452 0.0117947045047 0.0470729286226 0.0268032517304 0.0210108271035 -0.00398499047281 0.0246951016262 0.00200531843418 -0.00626104311502 0.0098038336495 0.0450587159214 0.0169940834566 0.0159976952795 0.0192554545913 0.0236026426269 0.0139299560648 0.0080223507515 0.0282258434348 -0.00568632694595 0.00136664888685 0.0363762779862 0.017225611975 0.0176273858341 0.0383561356062 0.0169371758446 0.012105716832 0.182911146113 

['APCC', 'TER', 'KR', 'SYK', 'HPQ', 'HNZ', 'UIS', 'WFT', 'BRCM', 'NCR', 'NUE', 'SPG', 'PNW', 'TAP', 'CBE', 'JPM', 'DHR', 'AEE', 'HUM', 'GILD', 'COP', 'TXU', 'ABC', 'PNC', 'BMC', 'FO', 'NTAP', 'HD', 'ZMH', 'DOW', 'CB', 'SBL', 'NE', 'PCAR', 'NSC', 'WAT', 'MET', 'AV', 'CEG', 'MI']