50
0.0248608942987 0.0254158643172 0.0270240384822 0.148169679735 0.0389775871913 0.0331056926512 0.0223320424584 0.061476397973 0.0220144037379 0.0265727047954 0.0247746242904 0.0132097716294 0.0471087328402 0.0149217979249 0.0584548507687 0.0540864966038 0.371102806834 0.0375994121509 0.0256345374975 0.0272516352802 0.0936563270582 0.0594687244428 0.116988452624 0.0335319673985 0.0179151897049 0.026417897889 0.0672535079153 0.0435638119902 0.0484031048171 0.0131635076039 0.0214039426083 0.143796644659 0.0698927007 0.0501483555771 0.0590558874601 0.0623322546876 0.112290577846 0.0377989606714 0.0420146984796 0.0896788789081 0.0695535734162 0.0645874353538 0.0316848802341 0.0263662592882 0.0523918745475 0.00399952409326 0.0538734886168 0.0304896250645 0.0952892642352 0.0733521468466 
0.207279759513 0.0149480508434 0.0323144557262 0.0142518398035 0.0549529043429 0.0317322244397 0.0094870025099 0.0228286775031 0.0167132325085 0.0121535596398 0.0141467103522 0.0096138731224 -0.00500386079897 0.0397244241482 0.0306274236967 0.00491731087474 0.00774560815669 0.00960024810667 0.0176723822234 0.0239896307184 0.0256738340124 0.0224588190644 0.0124281597042 0.016189595643 0.00533451053707 0.0133320368615 0.0387080609756 0.00117572732465 0.0134717063057 0.020763896572 0.0101545050028 0.062784985696 0.0240103474665 0.0262664260414 0.0157564250695 0.0164743796372 0.00828005354513 0.017751724122 0.00125091151242 0.0184829419926 0.0139371006849 0.0169086426629 0.016131753757 0.027854715905 0.0259673830181 0.0182991647318 0.0140769035266 0.00830094643716 0.0220243239794 0.00923777672238 
0.0149480508434 0.295072278181 0.016396255115 0.0020611407288 0.0160703849584 0.0154255264583 0.00502780794271 0.0340142752329 0.00488544206438 0.00841736309751 0.0183315339823 0.00983890313934 0.00678365172761 0.0156219090323 0.00883748976471 0.0024468701749 0.0146451081351 0.0210077857859 0.00934567082148 0.0077672397544 0.0198524797436 0.0151135163209 0.0177328346833 0.0350073114234 0.00625876932059 0.0231323750764 0.0134000595817 0.0100196342603 0.00961292764217 0.00748919959478 0.0182749847778 0.0289759261938 0.0127390062102 0.020928270948 0.0141186592503 0.00229310900214 0.0293945559974 0.0300404430977 0.00833177027397 0.0205531907864 0.00917756855715 0.0278496457391 0.0118726240778 0.023257295247 0.0148427129846 0.00621275242916 0.0178462163233 0.00193061363437 0.00851378986046 0.0115003587367 
0.0323144557262 0.016396255115 0.224193785771 0.00129090397649 0.0207707651025 0.00780934560785 0.00181001256292 0.0373964722212 0.00762362275896 0.0239203496608 0.0133662828683 0.0170434404496 -0.000677792960129 0.00696831199875 0.0233993094074 -0.00413064009429 -0.0233928520232 0.00713500636848 0.00207659012784 0.00154556751651 0.00989357018366 0.0068005419656 0.022166818908 0.0206655566636 0.000599197102614 0.00521130203031 0.0290621150816 0.0124569038886 0.0168097906697 0.00636907674112 -0.00257839552291 0.0157426088559 0.0209443510088 0.00844978449803 0.0165898661155 0.00496961519053 -0.006346372543 0.0179949405484 0.00512247100149 0.0200026926542 0.00823913286701 0.00441761457796 0.0231411533668 0.0205936424185 0.0050224003428 0.0178081516712 0.000758531247477 0.00807218452405 0.0020036607452 0.00823755558113 
0.0142518398035 0.0020611407288 0.00129090397649 0.465269161589 0.0131514762857 0.0288839087423 -0.00993600259497 0.0165840213374 0.0174352430615 -0.00701814611638 0.0121512008669 0.007492264484 0.0129392718321 0.0248246962338 0.0212687157049 0.00377444224185 0.0691296430027 -0.0117301572095 0.00926575173872 0.00308550915854 0.0267378250704 0.0285291504476 0.0376119388689 0.0224296555039 0.00325514153589 0.0186049636055 0.0313581393415 0.00561076281651 0.0140202438312 0.0163052887152 0.0051083280856 0.0127500331741 0.0321205998228 0.00714247099941 0.000922498934685 0.00218092934915 0.0446347696783 0.0258761805979 0.0253050149344 -0.0073561013203 0.0543403942424 0.0328353991624 0.0021373249198 0.0192551629999 0.0116667081868 0.0197136219573 0.000285442765668 -0.00408859566422 0.00772096056632 0.0214881586997 
0.0549529043429 0.0160703849584 0.0207707651025 0.0131514762857 0.231125326985 0.0320050947932 0.010982504434 0.049177304742 0.0117310078199 0.0255074675694 0.0159226560904 0.0152694135068 0.0133233473865 0.0216311189897 0.00234595716088 0.00860981944326 0.0286249216529 0.0158382021449 0.00987334658743 0.00800873039448 0.0150801327987 0.0308639158904 0.0125485060381 0.0090201018712 0.0250234969261 0.0197216004771 0.0109616012556 0.0125656613466 0.0192203475445 0.0228981967013 0.00973137974603 0.0600314454024 0.0403143841269 0.0211571326755 -0.00167298825444 0.00796621857934 0.00448794258562 0.0283398791616 0.0275085783191 0.0105318827868 0.0112073386329 -0.00423200743344 0.0228792176646 0.0160394905783 0.0368451168847 0.017806179061 0.0189909678548 0.00147586646604 0.022647504959 0.00660515296873 
0.0317322244397 0.0154255264583 0.00780934560785 0.0288839087423 0.0320050947932 0.203770060963 0.00515966037834 0.017153250304 0.0406368693932 0.000992295192601 0.0159905837921 0.00295255068349 0.0368350920389 0.0113710090143 0.0408479589669 0.0175404728166 0.0179588753702 0.0131182147408 0.00902817024188 0.0105192309504 0.00755642936612 0.00784610400594 0.00563961803844 0.00571773361731 0.00452432768819 0.0107888473279 0.0372562916858 0.0179922919608 0.00986296862509 0.0463508882368 0.0137625775149 0.0248765229361 0.0157268198597 0.0203240981901 0.0205415979588 0.00839363719894 0.0349470429108 0.00959035173621 0.0236246328606 0.0215595117959 -0.000607223135684 -0.00341067416757 0.0157514208326 0.0234024976743 0.00925883594812 0.00517782597001 -0.00842586336552 -0.00598532002406 0.00838351353445 0.0198393807195 
0.0094870025099 0.00502780794271 0.00181001256292 -0.00993600259497 0.010982504434 0.00515966037834 0.205982593579 0.00182723678154 0.0103985230312 0.00369141796969 0.0153276215704 0.00770602607165 0.00859948186072 -0.00174718522351 -0.000332474220562 0.00126422761145 0.0111448290673 0.0153886012363 0.018149768757 0.00850515363408 0.0040245275255 0.00982469810679 0.0194967594847 0.0174929649549 0.00350776360867 0.00539462627947 -0.00421828898975 -0.00111362345747 -0.00474060598907 0.00746558737424 -0.000940220964352 0.0118958662677 -0.0107900513614 0.000828185391199 0.00898274799045 -0.00404099428211 -0.006883993976 0.00166999666045 -0.00774415338984 -0.00451786608003 -0.00290714715397 -0.00151165218787 0.00918994487558 0.0170778444538 0.0087737051473 0.020409090127 0.00712658330623 0.0154843467848 0.0106657507633 0.00252502672832 
0.0228286775031 0.0340142752329 0.0373964722212 0.0165840213374 0.049177304742 0.017153250304 0.00182723678154 0.264287481969 0.0178835251199 0.022117824906 0.0260163578254 0.0153519791562 0.0149331532357 0.0257820909031 0.0260278568121 0.032295140381 0.0418497208562 0.0177871357015 0.00857736863701 0.00982868436616 0.000473647673801 0.0166884282724 0.0452624756032 0.0359140855475 -0.00380255927839 0.0248422541843 0.0380808968844 0.0164682304606 0.0316191983423 0.0245661019293 0.0224549809544 0.107622849092 0.0484836734525 0.0236122895307 0.00578615737387 -0.00825218559073 0.039427831459 0.054851560209 0.0194092568474 0.0192685409847 0.00850656795517 0.0165294847349 0.0264321140669 0.0305906890193 0.0116279852926 0.0256167275609 0.0221963628995 0.0148811188752 0.0193320772192 0.0192927894145 
0.0167132325085 0.00488544206438 0.00762362275896 0.0174352430615 0.0117310078199 0.0406368693932 0.0103985230312 0.0178835251199 0.175912815143 0.0119565903093 0.0102609598066 -0.00394324535031 0.034396165122 0.00465162497883 0.0156923687946 0.0104988839647 0.00825935649546 0.0131605541185 0.0128677523814 0.00388391906884 -0.000401126445679 0.00974892963623 0.00750974592247 0.00665312127777 0.0178788156775 0.00178413458183 0.0201116756596 0.016809621009 0.0117041980502 0.0511534429611 0.00382295032556 0.0110284923576 0.000781422416834 0.0174564775862 0.0148858142249 -0.00371427127805 0.0224372164413 0.0075682213312 0.0297403924957 0.0088418804433 -0.00091259486593 -0.00582447088829 0.00704702449064 0.00594639003185 0.0259502174136 0.01229021191 -0.00669507309986 0.0022540011315 0.0215834779632 0.0148875597032 
0.0121535596398 0.00841736309751 0.0239203496608 -0.00701814611638 0.0255074675694 0.000992295192601 0.00369141796969 0.022117824906 0.0119565903093 0.20461517883 0.0149581418821 0.00480889838212 0.0122659748854 0.0032895261276 0.00958587511729 0.0115321513351 0.0214828781134 0.0199290709135 0.00875976940643 0.00887732479546 0.0210725724483 0.0110727405092 0.00895046014786 0.00833205327814 0.00192840284168 0.0177228117636 0.0117286322819 0.00980596208055 0.017224622945 0.00619293993314 0.0125312018827 0.0284470247467 0.0175499014215 0.0116876457272 0.00966440601298 0.003953769275 0.0273906299096 -0.0055189199664 0.0315750988524 0.00733686921771 0.00831259902339 0.0216664568184 0.0410499167881 0.0290410713358 0.00752482438723 0.00910477596014 0.0110262279512 0.0151969321528 0.0238953211971 0.0215768931827 
0.0141467103522 0.0183315339823 0.0133662828683 0.0121512008669 0.0159226560904 0.0159905837921 0.0153276215704 0.0260163578254 0.0102609598066 0.014958141882 0.180280053934 0.00782028806615 0.0059273026791 0.0338310740797 0.0253915629608 0.0187172479079 0.0345438847434 0.0173525480549 0.0203901543158 0.0174392796244 -0.00260972624867 0.00775336676413 0.014080372203 0.0198822947193 0.00471780423949 0.0109730336927 0.0175998708794 0.00563437459939 0.0145131507307 0.0128893567277 0.017322150166 0.0406768037023 0.015909474195 0.0295702896977 4.84394386003e-06 -0.000539846364337 0.00355484755156 0.0138081841538 0.0112608435974 0.0279808789071 0.0384722599955 0.0109844037691 0.009673141666 0.00626743330147 0.0113137814158 0.0105098248221 0.0208119889044 0.0107456737859 -0.000435152113341 0.0101680788812 
0.0096138731224 0.00983890313934 0.0170434404496 0.007492264484 0.0152694135068 0.00295255068349 0.00770602607165 0.0153519791562 -0.00394324535031 0.00480889838212 0.00782028806615 0.163348210534 0.0109874423962 0.0246053248936 0.0112124495096 0.0126125508731 0.0157830999153 0.0122397427855 0.00621287406894 0.00673816725274 0.0256985432443 0.0125666121198 0.00497311665995 0.0105484105799 0.0119636263277 0.00986453910779 0.0124446565099 0.00996875239877 0.0153499698808 0.000899989344148 0.0173767828834 0.020303304382 0.0132831174408 0.0144948992848 0.0079207102487 0.0096298245789 0.00330089418452 0.0307798664385 0.00101917067857 0.0299264300359 0.00995827295683 0.0118174755124 0.011858102753 0.00845172418496 0.0116614584692 0.0245289358216 0.00610018300282 0.0049913066353 -0.00408684256484 -0.00695243631162 
-0.00500386079897 0.00678365172761 -0.000677792960129 0.0129392718321 0.0133233473865 0.0368350920389 0.00859948186072 0.0149331532357 0.034396165122 0.0122659748854 0.0059273026791 0.0109874423962 0.238744678151 0.0024389025557 0.0103695455967 0.00114424013617 0.0362645209332 0.0110750794499 0.00714195986668 0.0143068213822 -0.00260906027149 0.000320245545573 0.0306792618863 0.0151077103317 0.0151141745948 0.0132751317571 -0.0104699063769 0.0168004328754 0.027933274653 0.0165257775214 0.0124508695103 0.0327307037554 -0.00477434538766 0.0240776139479 3.40646102922e-05 -0.0155187290788 0.118564295477 0.00765625142789 0.031243095558 -0.00173977005414 -0.00556658341754 -0.00261675528237 0.0202242890727 0.0235974557047 -0.00206997053325 -0.00269731507789 0.0059385555411 0.00489314882249 -0.00450226431164 0.0170292403283 
0.0397244241482 0.0156219090323 0.00696831199875 0.0248246962338 0.0216311189897 0.0113710090143 -0.00174718522351 0.0257820909031 0.00465162497883 0.00328952612761 0.0338310740797 0.0246053248936 0.0024389025557 0.313015345684 0.0195184979845 0.0100616740314 0.0105365700568 0.0155085710226 0.0167694261191 0.0207433696238 0.0127334610679 0.0257984831046 -0.00416333039766 0.0216907132154 0.00379373101555 0.00955708179779 0.0409849893257 0.00337129946566 0.0235912384126 0.00525383176474 0.0321495271937 0.0458243712497 0.0134850660082 0.0225133216142 0.0303584480282 0.000551949484621 0.0167387328566 0.0649440333305 0.00906870409739 0.0495187132552 0.0253162210186 0.0220205518901 0.0105067544085 0.0318687936652 0.0131336668209 0.0122669979801 0.0417652889912 0.00447591524542 -0.00347349654301 0.00925100244601 
0.0306274236967 0.00883748976471 0.0233993094074 0.0212687157049 0.00234595716088 0.0408479589669 -0.000332474220562 0.0260278568121 0.0156923687946 0.00958587511729 0.0253915629608 0.0112124495096 0.0103695455967 0.0195184979845 0.236518403763 0.0301011920144 0.0189787993291 0.0166043252457 0.00443940599418 0.0148637486559 0.024171951577 -0.012081455637 0.023517804696 0.0212718674943 0.021015335908 0.0156872832324 0.0264364845372 0.0147645856885 0.0196768772459 0.0367462461836 0.0247985805521 0.0521914081828 0.0268406651791 0.0304433930588 0.048083184974 -8.64098345279e-05 0.0208533817685 0.00727891119128 0.0193096092096 0.0380325567231 0.0299176497023 0.016278634556 0.0147067987829 0.0340951989077 0.0313392011974 0.0213020858899 0.0173579749695 0.0100283188029 0.00505837964629 0.0291241649829 
0.00491731087474 0.0024468701749 -0.00413064009429 0.00377444224185 0.00860981944326 0.0175404728166 0.00126422761145 0.032295140381 0.0104988839647 0.0115321513351 0.0187172479079 0.0126125508731 0.00114424013617 0.0100616740314 0.0301011920144 0.392013843667 0.00673271107887 0.0161026127335 0.013293603762 0.00333784325827 0.0094368487729 0.0117662213358 0.00787026479591 0.0101619170951 0.00353529538354 -0.00169136973009 0.00786278970873 0.00762850699153 0.0125387277419 0.0171463003469 0.0136447283313 0.0365363613887 0.0135491347097 0.0140171573937 0.00993365435348 -0.00184646665734 0.0254026766852 0.0117280236983 0.00994649934311 0.0421185831951 0.0157830341712 0.0056644105577 0.00987271676687 0.00993879172504 0.0237798114854 0.0189587328798 -0.00339336608676 -0.00378275325641 -0.0125057808121 0.0209581889872 
0.00774560815669 0.0146451081351 -0.0233928520232 0.0691296430027 0.0286249216529 0.0179588753702 0.0111448290673 0.0418497208562 0.00825935649546 0.0214828781134 0.0345438847434 0.0157830999153 0.0362645209332 0.0105365700568 0.0189787993291 0.00673271107887 1.2402620511 0.0026082348664 0.00185847036078 0.0109073756883 0.0608807310003 0.0456443613664 0.0420782646513 0.0322982331303 0.00213716237861 0.0331857112618 0.0321704240067 0.0132369065292 0.0536094289001 0.0141916135233 0.0340844062509 0.0688237040961 0.0445635629602 0.0211734340266 -0.0106300528139 -0.0130329019712 0.0806635244373 0.059309226701 0.0286253513835 0.0370056061429 0.0351828433796 0.0369144013591 0.0225271834152 0.0107106649151 0.0103703573181 0.0159056873516 0.0116074564957 0.00248467555696 0.0165896495572 0.0200806212006 
0.00960024810667 0.0210077857859 0.00713500636848 -0.0117301572095 0.0158382021449 0.0131182147408 0.0153886012363 0.0177871357015 0.0131605541185 0.0199290709135 0.0173525480549 0.0122397427855 0.0110750794499 0.0155085710226 0.0166043252457 0.0161026127335 0.0026082348664 0.264473407133 0.0250840105036 0.0117707073012 -0.0204685104324 0.012268106079 0.0127567179487 0.0117935460747 0.00546317036505 0.0268090376069 0.0128511517316 0.013965920185 0.02018535062 0.00909685486922 0.00537041603895 -0.00172529701805 0.0157112319224 0.0155553388001 0.0166471764151 0.0092515374571 0.000245764643553 0.00685999673127 0.0238611952419 -0.00431825074802 0.00668021999429 0.00621619286028 0.0217456488641 0.0145216743965 0.0122121215961 0.0154367317512 0.00981619102311 0.00939059705251 0.00676643408713 0.0169304028767 
0.0176723822234 0.00934567082148 0.00207659012784 0.00926575173872 0.00987334658743 0.00902817024188 0.018149768757 0.00857736863701 0.0128677523814 0.00875976940643 0.0203901543158 0.00621287406894 0.00714195986668 0.0167694261191 0.00443940599418 0.013293603762 0.00185847036078 0.0250840105036 0.178431562402 0.0156685600375 -0.00379291901369 0.00769847273559 0.0307472925029 0.0191675573385 0.00612903112008 0.00848177666032 0.0157270903437 0.015869468589 0.00992819563382 0.00862948484252 -0.00484296476359 0.00964782004996 0.0170878058954 0.0218638286197 0.0117256905084 0.00868785043051 -0.00307016863509 0.00859792551986 0.00390865747193 0.00883332083747 0.0185154859113 0.00660593624594 0.00937841880547 0.0182251922677 0.0112413636275 0.00573932345492 0.016574664685 0.00553131615333 -0.00350186776435 0.0155834787234 
0.0239896307184 0.0077672397544 0.00154556751651 0.00308550915854 0.00800873039448 0.0105192309504 0.00850515363408 0.00982868436616 0.00388391906884 0.00887732479546 0.0174392796244 0.00673816725274 0.0143068213822 0.0207433696238 0.0148637486559 0.00333784325827 0.0109073756883 0.0117707073012 0.0156685600375 0.221665774111 0.0041562112925 -0.00790928953764 -0.00194889306711 -2.39272055455e-05 -0.0028140380021 0.0160027925528 0.00976832781273 0.00158086916061 -0.0109403344728 0.0132220014979 0.00377610352938 0.0133256917465 0.00256593702157 0.0599922567991 0.00775538131318 -0.000995945814519 0.00790726642576 0.0103787877931 -0.000441437525562 0.0193183532885 0.00796889242284 0.00484656464937 0.0182518274209 0.00630001020323 0.00667656474804 -0.00366621125873 0.00294294974332 0.00514542218101 0.00719447683084 -0.000798850569765 
0.0256738340124 0.0198524797436 0.00989357018366 0.0267378250704 0.0150801327987 0.00755642936612 0.0040245275255 0.000473647673801 -0.00040112644568 0.0210725724483 -0.00260972624867 0.0256985432443 -0.00260906027149 0.0127334610679 0.024171951577 0.0094368487729 0.0608807310003 -0.0204685104324 -0.00379291901369 0.0041562112925 0.424309089011 0.0412636076177 0.00725738330438 0.0242810550452 0.0188331371705 -0.00355142904063 -0.00225969908696 0.0195989086819 0.0133393008915 0.0149677282141 0.000809815158037 0.0493487403837 0.033097993179 0.00198681726712 -0.00762016188696 0.00300854728992 0.0207026881204 0.0251437669981 0.0367421067522 0.104349534107 -0.0115980751325 0.0278530603187 0.0111526978596 0.0133911917989 0.00396544883531 0.00920253516763 0.0048947961223 0.0232644563785 0.0315098333343 0.00175456585441 
0.0224588190644 0.0151135163209 0.0068005419656 0.0285291504476 0.0308639158904 0.00784610400594 0.00982469810679 0.0166884282724 0.00974892963622 0.0110727405092 0.00775336676413 0.0125666121198 0.000320245545573 0.0257984831046 -0.012081455637 0.0117662213358 0.0456443613664 0.012268106079 0.00769847273559 -0.00790928953764 0.0412636076177 0.400878983399 0.0223792359099 0.0122191437226 0.0188633630071 0.0176541514418 0.0357802460823 0.000964178603248 0.0257090632289 0.00292199727586 0.0291987660931 0.037928537632 0.0296598071216 0.00969109108469 -0.00153526381262 0.0239837843974 0.0144940499044 0.0296458594955 0.0123340192376 0.0333319605337 -0.00262557640924 0.0145581846439 0.00781314266492 0.00923724977639 -0.0111468664781 0.000290208170957 0.0263465461068 0.0054181870755 0.0232990925282 0.013127620735 
0.0124281597042 0.0177328346833 0.022166818908 0.0376119388689 0.0125485060381 0.00563961803844 0.0194967594847 0.0452624756032 0.00750974592247 0.00895046014786 0.014080372203 0.00497311665995 0.0306792618863 -0.00416333039766 0.023517804696 0.00787026479591 0.0420782646513 0.0127567179487 0.0307472925029 -0.00194889306711 0.00725738330438 0.0223792359099 0.464173697824 0.0344529602504 0.0148285345269 0.0500648623953 0.0434800709608 0.0119690778314 0.0308164389114 0.0056873406236 0.0480063390201 0.0688697549655 0.0317131798398 0.0495444879259 -0.00494465029745 0.0150044355043 0.0671479325877 0.024516255102 -0.00579890389188 0.046040699515 0.0110893324051 0.0216488844982 0.0187158426476 0.0480331227112 0.00789633341101 -0.0146742485149 0.0361189839207 0.0198561664004 0.0132991413924 -0.00155440739093 
0.016189595643 0.0350073114234 0.0206655566636 0.0224296555039 0.0090201018712 0.00571773361731 0.0174929649549 0.0359140855475 0.00665312127777 0.00833205327814 0.0198822947193 0.0105484105799 0.0151077103317 0.0216907132154 0.0212718674943 0.0101619170951 0.0322982331303 0.0117935460747 0.0191675573385 -2.39272055455e-05 0.0242810550452 0.0122191437226 0.0344529602504 0.213703496068 0.0177747779081 0.0234031389691 0.0250800587773 0.00628432085144 0.0259361616045 0.00291789965935 0.0228510339894 0.0440924334124 0.0230998488435 0.0251675120172 0.0120341735899 -0.0122497223809 0.030618547098 0.0302519393569 0.0167037957128 0.01564080202 0.0055543890582 0.020377059072 0.022891633441 0.052653763705 0.0187500403757 0.00666065810908 0.0312835950228 -0.00199805964352 0.0175310032088 0.0153963424889 
0.00533451053707 0.00625876932059 0.000599197102615 0.00325514153589 0.0250234969261 0.00452432768819 0.00350776360867 -0.00380255927839 0.0178788156775 0.00192840284168 0.00471780423949 0.0119636263277 0.0151141745948 0.00379373101555 0.021015335908 0.00353529538354 0.00213716237861 0.00546317036505 0.00612903112008 -0.0028140380021 0.0188331371705 0.0188633630071 0.0148285345269 0.0177747779081 0.310392405887 -0.00950217336472 0.0150137757672 0.0210143548391 0.00738365459849 0.014432891303 0.00626374985933 0.0191446125927 0.00569496766089 0.00468514823504 0.0188515326565 0.0169264189681 0.0172687896709 0.0123343240561 0.0105899849857 -0.00117059068129 0.00556749424633 0.0117068112092 0.0105855850494 0.0144261927201 0.0100113581152 0.0115032199133 0.0067474959322 -0.000935356399713 0.0131324064928 0.0295585287491 
0.0133320368615 0.0231323750764 0.00521130203031 0.0186049636055 0.0197216004771 0.0107888473279 0.00539462627947 0.0248422541843 0.00178413458182 0.0177228117636 0.0109730336927 0.0098645391078 0.0132751317572 0.00955708179779 0.0156872832324 -0.00169136973009 0.0331857112618 0.0268090376069 0.00848177666032 0.0160027925528 -0.00355142904063 0.0176541514418 0.0500648623953 0.0234031389691 -0.00950217336472 0.259455797531 0.0268146359987 -0.00121095693868 0.0546494116176 -0.00599965698249 0.0511369393308 0.0401079416437 0.0156906683272 0.0370330385615 0.00485916274179 0.00269314917243 0.0321230386587 0.0206955297892 0.0061164012684 0.0188062545711 0.00272640044865 0.0439855245469 0.0235265979147 0.0277651555945 0.0142447134823 0.00611263273242 0.0178073643827 0.00282162188805 0.0187485485475 -0.00420901986052 
0.0387080609756 0.0134000595817 0.0290621150816 0.0313581393415 0.0109616012556 0.0372562916858 -0.00421828898975 0.0380808968844 0.0201116756596 0.0117286322819 0.0175998708794 0.0124446565099 -0.0104699063769 0.0409849893257 0.0264364845372 0.00786278970873 0.0321704240067 0.0128511517316 0.0157270903437 0.00976832781273 -0.00225969908696 0.0357802460823 0.0434800709608 0.0250800587773 0.0150137757672 0.0268146359987 0.338551314895 -0.00453340220471 0.0321396973643 0.00907716436021 0.0214409559409 0.0385458460223 0.0114738040543 0.0248907296894 0.0151203842711 0.0263912148431 0.0036718133056 0.0255565555228 0.0132679204209 0.034436776913 0.00608469217452 0.048109508197 0.010193892033 0.0412371799653 0.00847739060478 0.0172529382863 0.0367836460694 0.0109340302845 0.0107738439697 0.0213817329377 
0.00117572732465 0.0100196342603 0.0124569038886 0.00561076281651 0.0125656613466 0.0179922919608 -0.00111362345747 0.0164682304606 0.016809621009 0.00980596208055 0.00563437459939 0.00996875239877 0.0168004328754 0.00337129946566 0.0147645856885 0.00762850699153 0.0132369065292 0.013965920185 0.015869468589 0.00158086916061 0.0195989086819 0.000964178603248 0.0119690778314 0.00628432085144 0.0210143548391 -0.00121095693868 -0.00453340220471 0.277016574769 0.0207056017348 0.0211689209509 0.00781057230562 0.00487358080982 0.00476183600631 0.00883502040857 0.0200940690112 -0.0128004025588 0.00287065766453 -0.00228583392166 0.0398680617704 0.0120379152924 -0.00249462196955 -0.000304734272904 0.0108190281902 0.00613455601087 0.00834805697417 0.00944381809755 0.00981775082681 0.0156085676613 0.00130834322043 0.0203336084407 
0.0134717063057 0.00961292764217 0.0168097906697 0.0140202438312 0.0192203475445 0.00986296862509 -0.00474060598906 0.0316191983423 0.0117041980502 0.017224622945 0.0145131507307 0.0153499698808 0.027933274653 0.0235912384126 0.0196768772459 0.0125387277419 0.0536094289001 0.02018535062 0.00992819563382 -0.0109403344728 0.0133393008915 0.0257090632289 0.0308164389114 0.0259361616045 0.00738365459849 0.0546494116176 0.0321396973643 0.0207056017348 0.25121115931 0.00171944685504 0.0480560430722 0.0450977808662 0.0123303899852 0.0323622224003 0.0103433850709 0.014445365875 0.0324826154822 0.0271836618833 0.024310865446 0.0125549458509 0.0206555127288 0.00647066684121 0.0222253123847 0.0321563107276 0.00693184172121 0.0162907891842 0.0345287551665 -0.0013108126105 0.0226912723402 0.0126071395095 
0.020763896572 0.00748919959478 0.00636907674112 0.0163052887152 0.0228981967013 0.0463508882368 0.00746558737424 0.0245661019293 0.0511534429611 0.00619293993314 0.0128893567277 0.000899989344148 0.0165257775214 0.00525383176474 0.0367462461836 0.0171463003469 0.0141916135233 0.00909685486922 0.00862948484252 0.0132220014979 0.0149677282141 0.00292199727586 0.0056873406236 0.00291789965935 0.014432891303 -0.00599965698249 0.00907716436021 0.0211689209509 0.00171944685504 0.148763214493 -0.00180842881818 0.0108392874316 0.00866956716837 0.0088013260601 0.019496434686 0.00348779617717 0.0224791166106 -0.00108553073439 0.0244240076314 0.0123713964982 -0.00823472852155 -0.00711456747351 0.017162179003 0.00705615600716 0.0118681132938 0.0156176428406 0.00162327310091 0.00362342126664 0.0051017654768 0.0118899312031 
0.0101545050028 0.0182749847778 -0.00257839552291 0.0051083280856 0.00973137974603 0.0137625775149 -0.000940220964352 0.0224549809545 0.00382295032556 0.0125312018827 0.017322150166 0.0173767828834 0.0124508695103 0.0321495271937 0.0247985805521 0.0136447283313 0.0340844062509 0.00537041603895 -0.00484296476359 0.00377610352938 0.000809815158038 0.0291987660931 0.0480063390201 0.0228510339894 0.00626374985933 0.0511369393308 0.0214409559409 0.00781057230562 0.0480560430722 -0.00180842881817 0.206663959592 0.0574800503104 0.0359866273563 0.0311816145732 0.00171543638497 0.00971951154131 0.0410898274783 0.0233610453643 0.0138820590792 0.0418396002622 0.0305528939721 0.00747020157222 0.0156227313368 0.025034729051 0.0130587908579 -0.00242949774403 0.0183445699454 0.00287809761205 0.020603103258 0.0190959662517 
0.062784985696 0.0289759261938 0.0157426088559 0.0127500331741 0.0600314454024 0.0248765229361 0.0118958662677 0.107622849092 0.0110284923576 0.0284470247467 0.0406768037023 0.020303304382 0.0327307037554 0.0458243712497 0.0521914081828 0.0365363613887 0.0688237040961 -0.00172529701805 0.00964782004996 0.0133256917465 0.0493487403837 0.037928537632 0.0688697549655 0.0440924334124 0.0191446125927 0.0401079416437 0.0385458460223 0.00487358080982 0.0450977808662 0.0108392874316 0.0574800503104 0.612721219936 0.0763458885584 0.0330219398025 0.00856213400036 0.0218356586146 0.113208394226 0.0792874446949 0.0480937961199 0.0685621346939 0.0210349333074 0.040943509996 0.0501024480934 0.029221959672 0.0280225221836 0.0157235607697 0.0612420582179 0.018608983067 0.0496155203308 0.00949875513207 
0.0240103474665 0.0127390062102 0.0209443510088 0.0321205998228 0.0403143841269 0.0157268198597 -0.0107900513614 0.0484836734525 0.000781422416834 0.0175499014215 0.015909474195 0.0132831174408 -0.00477434538766 0.0134850660082 0.0268406651791 0.0135491347097 0.0445635629602 0.0157112319224 0.0170878058954 0.00256593702157 0.033097993179 0.0296598071216 0.0317131798398 0.0230998488435 0.00569496766089 0.0156906683272 0.0114738040543 0.00476183600631 0.0123303899852 0.00866956716837 0.0359866273563 0.0763458885584 0.440953092126 0.01029648437 -0.00247761562139 0.00258737922377 0.0250904943631 0.0436134114445 0.0278814405607 0.0386133046611 0.0357371433536 0.0102374186609 0.0265907411043 0.0216147738748 0.0127644339131 0.02468931078 0.00911617111337 0.0168402072342 0.0169656433437 0.0198872685862 
0.0262664260414 0.020928270948 0.00844978449803 0.00714247099941 0.0211571326755 0.0203240981901 0.000828185391199 0.0236122895307 0.0174564775862 0.0116876457272 0.0295702896977 0.0144948992848 0.0240776139479 0.0225133216142 0.0304433930589 0.0140171573937 0.0211734340266 0.0155553388001 0.0218638286197 0.0599922567991 0.00198681726712 0.00969109108468 0.0495444879259 0.0251675120172 0.00468514823504 0.0370330385615 0.0248907296894 0.00883502040857 0.0323622224003 0.0088013260601 0.0311816145732 0.0330219398025 0.01029648437 0.257510026009 0.0119016508746 0.00856962904446 0.0347421232316 0.0254267794426 0.00360995311566 0.0231630135696 0.0173739810579 0.024304886336 0.0240125094003 0.0370343161207 0.0115913840819 0.0130663093331 0.0224708857741 -0.00254486563949 0.0197477234254 0.00820592856733 
0.0157564250695 0.0141186592503 0.0165898661155 0.000922498934685 -0.00167298825444 0.0205415979588 0.00898274799045 0.00578615737387 0.0148858142249 0.00966440601298 4.84394385989e-06 0.0079207102487 3.40646102916e-05 0.0303584480282 0.048083184974 0.00993365435348 -0.0106300528139 0.0166471764151 0.0117256905084 0.00775538131318 -0.00762016188695 -0.00153526381262 -0.00494465029745 0.0120341735899 0.0188515326565 0.00485916274179 0.0151203842711 0.0200940690112 0.0103433850709 0.019496434686 0.00171543638497 0.00856213400036 -0.00247761562139 0.0119016508746 0.721009868371 0.0143745939204 0.0163276740634 0.0319160146351 0.0211245060252 0.0112277002191 0.00825118921832 0.0145424687051 0.0132655577938 0.018663625345 0.0307041875232 0.0102560211547 0.00849116683568 0.0232082818702 0.00134358485089 0.0282459687069 
0.0164743796372 0.00229310900214 0.00496961519053 0.00218092934915 0.00796621857934 0.00839363719894 -0.00404099428211 -0.00825218559073 -0.00371427127805 0.003953769275 -0.000539846364337 0.0096298245789 -0.0155187290788 0.000551949484621 -8.64098345279e-05 -0.00184646665734 -0.0130329019712 0.0092515374571 0.00868785043051 -0.000995945814519 0.00300854728992 0.0239837843974 0.0150044355043 -0.0122497223809 0.0169264189681 0.00269314917243 0.0263912148431 -0.0128004025588 0.014445365875 0.00348779617717 0.00971951154131 0.0218356586146 0.00258737922377 0.00856962904446 0.0143745939204 0.533675066258 -0.00650834946883 0.0115474781638 -0.0103517488431 0.016273913338 -0.00136422112636 0.020659222588 0.0137208441456 0.0229522880493 0.00106180580475 0.0124204766494 0.0106424788586 0.01024441528 0.0212521816777 0.00418424595519 
0.00828005354513 0.0293945559974 -0.006346372543 0.0446347696783 0.00448794258562 0.0349470429108 -0.006883993976 0.0394278314589 0.0224372164413 0.0273906299096 0.00355484755156 0.00330089418452 0.118564295477 0.0167387328566 0.0208533817685 0.0254026766852 0.0806635244373 0.000245764643553 -0.00307016863509 0.00790726642576 0.0207026881204 0.0144940499044 0.0671479325877 0.030618547098 0.0172687896709 0.0321230386587 0.0036718133056 0.00287065766453 0.0324826154822 0.0224791166106 0.0410898274783 0.113208394226 0.0250904943631 0.0347421232316 0.0163276740634 -0.00650834946883 0.46909988755 0.0438719411054 0.0641866270025 0.0305296843268 -0.00752474406112 0.00816324630942 0.0159512458264 0.0227195224495 0.0131543649861 -0.00702342346978 0.0291448943281 0.00548999378886 0.0248848667798 0.0104181597242 
0.017751724122 0.0300404430977 0.0179949405484 0.0258761805979 0.0283398791616 0.00959035173621 0.00166999666045 0.054851560209 0.0075682213312 -0.0055189199664 0.0138081841538 0.0307798664385 0.00765625142789 0.0649440333305 0.00727891119128 0.0117280236983 0.059309226701 0.00685999673127 0.00859792551986 0.0103787877931 0.0251437669981 0.0296458594955 0.024516255102 0.0302519393569 0.0123343240561 0.0206955297892 0.0255565555228 -0.00228583392166 0.0271836618833 -0.00108553073439 0.0233610453643 0.0792874446949 0.0436134114445 0.0254267794426 0.0319160146351 0.0115474781638 0.0438719411054 0.321753264933 0.0128277410453 0.0968374205522 0.0101983347605 0.0172400665922 -0.000296956511398 0.0193349940329 0.0205557593957 0.0161534181969 0.0373864350015 0.00598543613919 0.0268353442721 0.00594408672263 
0.00125091151242 0.00833177027397 0.00512247100149 0.0253050149344 0.0275085783191 0.0236246328606 -0.00774415338984 0.0194092568474 0.0297403924957 0.0315750988524 0.0112608435974 0.00101917067857 0.031243095558 0.00906870409739 0.0193096092096 0.00994649934311 0.0286253513835 0.0238611952419 0.00390865747193 -0.000441437525562 0.0367421067522 0.0123340192376 -0.00579890389188 0.0167037957128 0.0105899849857 0.0061164012684 0.0132679204209 0.0398680617704 0.024310865446 0.0244240076314 0.0138820590792 0.0480937961199 0.0278814405607 0.00360995311566 0.0211245060252 -0.0103517488431 0.0641866270025 0.0128277410453 0.199066028031 0.0284285815127 0.00748314788383 0.0135344753059 0.0158160641031 0.0112162883463 0.0155459842136 0.0113887236964 0.00957809103687 0.00591202517299 0.0150001739031 0.0220624989518 
0.0184829419926 0.0205531907864 0.0200026926542 -0.0073561013203 0.0105318827868 0.0215595117959 -0.00451786608003 0.0192685409847 0.0088418804433 0.00733686921771 0.0279808789071 0.0299264300359 -0.00173977005414 0.0495187132552 0.0380325567231 0.0421185831951 0.0370056061429 -0.00431825074802 0.00883332083747 0.0193183532885 0.104349534107 0.0333319605337 0.046040699515 0.01564080202 -0.00117059068129 0.0188062545711 0.034436776913 0.0120379152924 0.0125549458509 0.0123713964982 0.0418396002622 0.0685621346939 0.0386133046611 0.0231630135696 0.0112277002191 0.016273913338 0.0305296843268 0.0968374205522 0.0284285815127 0.534303941996 0.00193771341161 0.000760496767315 0.0156881818744 0.0255559328143 -0.00786273630147 -0.00447561927284 0.050988274945 0.00352933614327 0.0326256119455 0.00809830745833 
0.0139371006849 0.00917756855715 0.00823913286701 0.0543403942424 0.0112073386329 -0.000607223135684 -0.00290714715397 0.00850656795517 -0.00091259486593 0.00831259902339 0.0384722599955 0.00995827295683 -0.00556658341754 0.0253162210186 0.0299176497023 0.0157830341712 0.0351828433796 0.00668021999429 0.0185154859113 0.00796889242284 -0.0115980751325 -0.00262557640924 0.0110893324051 0.0055543890582 0.00556749424633 0.00272640044865 0.00608469217452 -0.00249462196955 0.0206555127288 -0.00823472852155 0.0305528939721 0.0210349333074 0.0357371433536 0.0173739810579 0.00825118921832 -0.00136422112636 -0.00752474406112 0.0101983347605 0.00748314788383 0.00193771341161 0.391101742091 0.0334121188087 0.00350573487199 0.00522847370136 0.00605114604863 0.00797665198012 0.0146159134956 0.00975174499826 0.0127725846026 -0.0158398635658 
0.0169086426629 0.0278496457391 0.00441761457796 0.0328353991624 -0.00423200743344 -0.00341067416757 -0.00151165218787 0.0165294847349 -0.00582447088829 0.0216664568183 0.0109844037691 0.0118174755124 -0.00261675528237 0.0220205518901 0.016278634556 0.0056644105577 0.0369144013591 0.00621619286028 0.00660593624594 0.00484656464937 0.0278530603187 0.0145581846439 0.0216488844982 0.020377059072 0.0117068112092 0.0439855245469 0.048109508197 -0.000304734272904 0.00647066684121 -0.00711456747351 0.00747020157222 0.040943509996 0.0102374186609 0.024304886336 0.0145424687051 0.020659222588 0.00816324630942 0.0172400665922 0.0135344753059 0.000760496767315 0.0334121188087 0.347744333045 0.0160453757203 0.0150178001608 0.0102546021829 0.0222607909816 0.0317573547043 0.00159249844665 0.0138850041132 0.0172334034858 
0.016131753757 0.0118726240778 0.0231411533668 0.0021373249198 0.0228792176646 0.0157514208326 0.00918994487558 0.0264321140669 0.00704702449064 0.0410499167881 0.009673141666 0.011858102753 0.0202242890727 0.0105067544085 0.0147067987829 0.00987271676687 0.0225271834152 0.0217456488641 0.00937841880547 0.0182518274209 0.0111526978596 0.00781314266492 0.0187158426476 0.022891633441 0.0105855850494 0.0235265979147 0.010193892033 0.0108190281902 0.0222253123847 0.017162179003 0.0156227313368 0.0501024480934 0.0265907411043 0.0240125094003 0.0132655577938 0.0137208441456 0.0159512458264 -0.000296956511398 0.0158160641031 0.0156881818744 0.003505734872 0.0160453757203 0.163451180628 0.0261058304536 -0.00414915167023 0.00751496901343 0.0123569276192 0.0103342512297 0.0147422365653 0.00198371096481 
0.027854715905 0.023257295247 0.0205936424185 0.0192551629999 0.0160394905783 0.0234024976743 0.0170778444538 0.0305906890193 0.00594639003185 0.0290410713358 0.00626743330147 0.00845172418496 0.0235974557047 0.0318687936652 0.0340951989077 0.00993879172504 0.0107106649151 0.0145216743965 0.0182251922677 0.00630001020323 0.0133911917989 0.00923724977639 0.0480331227112 0.052653763705 0.0144261927201 0.0277651555945 0.0412371799653 0.00613455601087 0.0321563107276 0.00705615600716 0.025034729051 0.029221959672 0.0216147738748 0.0370343161207 0.018663625345 0.0229522880493 0.0227195224495 0.0193349940329 0.0112162883463 0.0255559328143 0.00522847370136 0.0150178001608 0.0261058304536 0.232608655142 0.0163715935108 0.0250650358475 0.0273061885757 0.0212603159698 0.0158906117215 0.0165691283496 
0.0259673830181 0.0148427129846 0.0050224003428 0.0116667081868 0.0368451168847 0.00925883594812 0.0087737051473 0.0116279852926 0.0259502174136 0.00752482438723 0.0113137814158 0.0116614584692 -0.00206997053325 0.0131336668209 0.0313392011974 0.0237798114854 0.0103703573181 0.0122121215961 0.0112413636275 0.00667656474804 0.00396544883531 -0.0111468664781 0.00789633341101 0.0187500403757 0.0100113581152 0.0142447134823 0.00847739060478 0.00834805697417 0.00693184172121 0.0118681132938 0.0130587908579 0.0280225221836 0.0127644339131 0.0115913840819 0.0307041875232 0.00106180580475 0.0131543649861 0.0205557593957 0.0155459842136 -0.00786273630147 0.00605114604863 0.0102546021829 -0.00414915167023 0.0163715935108 0.340303275888 0.00634691849274 0.0305902213574 0.000891985080486 -0.00286424616207 0.0981701994365 
0.0182991647318 0.00621275242916 0.0178081516712 0.0197136219573 0.017806179061 0.00517782597001 0.020409090127 0.0256167275609 0.01229021191 0.00910477596014 0.0105098248221 0.0245289358216 -0.00269731507789 0.0122669979801 0.0213020858899 0.0189587328798 0.0159056873516 0.0154367317512 0.00573932345492 -0.00366621125873 0.00920253516763 0.000290208170957 -0.0146742485149 0.00666065810908 0.0115032199133 0.00611263273242 0.0172529382863 0.00944381809755 0.0162907891842 0.0156176428406 -0.00242949774403 0.0157235607697 0.02468931078 0.0130663093331 0.0102560211547 0.0124204766494 -0.00702342346978 0.0161534181969 0.0113887236964 -0.00447561927284 0.00797665198012 0.0222607909816 0.00751496901343 0.0250650358475 0.00634691849274 0.172699789279 0.00407721212972 0.0180469798021 0.0203063182891 0.00358422954925 
0.0140769035266 0.0178462163233 0.000758531247476 0.000285442765668 0.0189909678548 -0.00842586336552 0.00712658330623 0.0221963628995 -0.00669507309986 0.0110262279512 0.0208119889044 0.00610018300282 0.0059385555411 0.0417652889912 0.0173579749695 -0.00339336608676 0.0116074564957 0.00981619102311 0.016574664685 0.00294294974332 0.0048947961223 0.0263465461068 0.0361189839207 0.0312835950228 0.0067474959322 0.0178073643827 0.0367836460694 0.00981775082681 0.0345287551665 0.00162327310091 0.0183445699454 0.0612420582179 0.00911617111337 0.0224708857741 0.00849116683568 0.0106424788586 0.0291448943281 0.0373864350015 0.00957809103687 0.050988274945 0.0146159134956 0.0317573547043 0.0123569276192 0.0273061885757 0.0305902213574 0.00407721212972 0.37326365079 0.0274876988231 0.00986293130917 0.0154334602496 
