100
0.0184249616408 0.0722101641432 0.0704019073317 0.0420146984796 0.0179151897049 0.0952881581377 0.0247746242904 0.0388241127613 0.0335346879574 0.106366385329 0.042606905642 0.119859861498 0.0852779749864 0.0210495138202 0.0231907610599 0.147407151382 0.0298565853869 0.0253425298527 0.0246636786654 0.0486664598358 0.0565518641406 0.0565521495323 0.0162851568228 0.118355026327 0.0427797721554 0.00873698993333 0.0472748306646 0.00361039022472 0.0254946283421 0.061476397973 0.0316848802341 0.0361599942098 0.0791308905459 0.0256056876134 0.106415927512 0.0651633165571 0.0523918745475 0.045759308444 0.0471087328402 0.0211692002509 0.114001255301 0.0487859931196 0.0501483555771 0.0352458247454 0.023015295127 0.0270240384822 0.0446705301477 0.0290232005544 0.0936563270582 0.090319564185 0.0406155741598 0.0214039426083 0.0255121646837 0.0155341374053 0.121001700606 0.0426672552596 0.0707348977441 0.0363496030559 0.123248136701 0.0383245101253 0.0514292405054 0.044891801276 0.02736418452 0.0163484450471 0.0572050688987 0.0404531955786 0.0437869579852 0.0253746335001 0.0911559741232 0.0733521468466 0.0341115490789 0.0743289823458 0.0113752176021 0.0324915821016 0.0522861094618 0.0716450377603 0.080285366307 0.148705689344 0.00399952409326 0.0952892642352 0.0766878163077 0.0597278634654 0.0299059053764 0.126958151155 0.0282353637115 0.0357981155146 0.065735385914 0.0246645675501 0.0669692816613 0.197480990077 0.0645874353538 0.0272516352802 0.0132097716294 0.169485482474 0.0698927007 0.0348828940045 0.0396221554001 0.166074759161 0.0268988212896 0.0782010317916 
0.136020355329 0.00348860537842 0.0226336642716 0.0161391562641 0.0138837550446 0.0426900469608 0.0235051149687 0.011375274969 0.00916702032155 0.00524291107831 0.021523619121 0.0145613359369 0.00979920220333 0.00498234780419 0.010669920847 0.00474256174611 0.0305952583642 0.0143211969031 0.0182227187879 0.000966709345403 0.0243721592155 0.019127767295 0.0195393925158 0.0111705490132 0.0260420999005 0.0102576296376 0.0022356363797 0.00707947425421 0.0113360142829 0.0252336543362 0.011279770926 0.0226753505305 0.0128663860734 0.00223384754385 0.00760168380998 0.0120189081567 0.0202651305492 0.0121616211338 0.0140781773484 0.00782808258646 0.00676525878609 0.010378337928 0.0201699319538 0.0169524588196 0.0264206604436 0.0255822649106 0.0136865409936 0.0197948757564 0.00224825932693 0.0258817134869 0.0154038530449 0.0067936468946 0.0224334059078 0.00801299442839 0.00707473417581 0.018932478788 0.0116245367621 0.01649267404 0.0137671101903 0.0156392786706 0.0193294154368 0.00900211047779 0.0193152774741 0.0173678244889 0.0113572127405 0.023272183028 0.012791706753 0.00190090767801 0.0119645859137 0.0127498651728 0.00532764772309 0.0241718520225 0.00796625247383 0.0103737580793 0.00522086122321 0.010338306174 0.0134339534891 -0.00376239556505 0.00804107337597 0.00661211953837 0.0130002102866 -0.0154062966118 0.012533953245 0.00985441225909 0.0355951922227 0.0150729014572 0.0136072157247 0.0528888908353 0.0100045737958 0.0151458034016 0.00958045862097 0.0116814752339 0.0035088442945 -0.00141068104515 0.0194865566309 0.00575750054176 0.0384924139903 0.0272982157905 0.0147314581765 0.0156691417235 
0.00348860537842 0.308216732037 0.0290335530592 0.0185870926289 0.0168708351652 0.0338412942946 0.0180303044683 0.00713436004823 -0.00291351770442 0.0183484442736 0.0100513016427 0.049319758103 0.0068615447064 0.0121178674734 0.0314843023809 0.000975543794406 0.0104819938666 0.00314708859451 0.0164214942019 0.00320770707543 0.0246235126831 0.00841196006701 0.0062020433021 0.0330715073427 0.0392353717421 0.00158190344093 -0.007438320449 -0.000522948523542 0.0131260908098 0.0302886893238 0.029409016309 0.00516337381762 -0.00777342928542 0.00753214843309 0.0293731901615 0.0216451985575 0.0092458291218 0.0109500147067 0.0210607988908 0.00599639813737 0.00479716415692 0.0196015656633 0.0335020860755 0.000311975077672 0.0128484142624 0.00896918593786 0.025247081617 -0.00254934139589 0.0207894397864 0.00712996283454 0.00980927272658 0.0146652793806 0.00624359407647 0.00666659828934 0.00592743261372 0.0196603098459 0.0222527910925 0.0041746215957 -0.00513279901097 0.0175685772293 0.0231641101143 0.012610333901 0.00741755510953 0.0101305167339 0.0164596214125 0.0281663362547 0.00644171026915 0.0127480188717 0.0407114800014 0.0104226993282 0.0158328136484 0.0278064034803 0.0104076922781 -0.00132555016804 0.02504049506 0.0210352594683 0.0256909931859 0.0323530802132 0.0143142447531 0.0182622135172 0.029505487481 0.0416148699982 0.00971328148943 0.0164389927776 0.0169046625816 0.0196728438114 0.0163436888867 0.00659207565879 0.0323727110617 -0.00309107477992 0.0330036959091 -0.00389553975204 0.00122307341789 0.0245614208274 0.0380578673557 0.0294737456251 0.0103400377728 0.0462457362627 0.0120201563801 0.027886536617 
0.0226336642716 0.0290335530592 0.238201961898 0.0239375568966 0.0160621042149 0.0564393284826 0.0167686225197 0.0209581329232 0.0107755093997 0.017261463365 0.0202480229285 0.0212001402682 0.0189475891519 0.00735012795467 0.0108319399896 0.0185212547612 0.0154275679029 0.0101103571399 0.0212377841529 0.011436382575 0.0225744459817 0.00505941996339 0.00932032439157 0.0223788947477 0.0305905794124 0.00588696983358 0.0109325956947 0.00704736128064 0.00889033132132 0.0607765988195 0.0201257834557 0.0150689373985 0.0092846439807 0.00495369153635 0.0303032941219 0.0114791687252 0.0136840421673 0.0231149652102 0.0203910334052 0.00814974130998 0.00030318841295 0.0153247223227 0.0161704835153 0.0318684831909 0.0189737464483 0.0171954542271 0.0230353639297 0.0169781608282 0.0298037501548 0.0129301184155 0.0156690015207 0.0237668023951 0.00786248788332 0.0161632303556 0.051066092881 0.00901460461547 0.00970251103585 0.0117845983995 0.037502502721 0.0383145289272 0.0579408385223 0.00770678709185 0.0182121195932 0.011749249251 0.0162153362817 0.0328171914249 0.00649840933478 0.00793943726271 0.0274360198686 0.00621195145771 0.0106171599528 0.0962021565941 0.0197174444785 0.00518026200716 0.0315576118983 0.0235052640152 0.0290013584255 0.0113671933509 0.016739894626 0.00952264734234 0.0255163964911 0.0142828944205 0.00537726388647 0.0255743618608 0.0213915383023 0.0159403397742 0.0262449789796 0.0146418087612 0.0345169629415 0.0140261766268 0.022739709776 0.00831282760925 0.0157920372696 0.0282183907125 0.0327461329999 0.0150056047649 0.0247980232838 0.0400589590833 0.00266461862283 0.0319383916469 
0.0161391562641 0.0185870926289 0.0239375568966 0.195592178287 0.00975834953588 0.0191747737636 0.00855403042398 0.00978016107445 0.000514751408661 0.0419859248248 0.0112470454722 0.0162804924005 0.00886832903577 0.0134292865086 0.0123392592582 0.0311530815597 0.0123419401922 0.00170149564768 0.0176215014645 0.0115762015707 0.00992889506744 0.0102424314365 0.0133596778981 0.00727401312903 0.0190574442608 0.00358411856135 -0.00086319454207 0.00648677645052 0.0142368701411 0.0144905964403 0.0121600755195 0.0142648047591 0.00755234366505 0.00542939618425 0.0242320296674 0.00467593069335 0.0143987204267 0.0237065425588 0.0210227804239 -0.00401261378978 0.0112034652014 -0.00277938267249 -0.00124986061009 0.0126775122134 0.0106099302028 0.0035078338855 0.0172522976602 0.0153173820959 0.0360820735101 0.0057226468369 0.00998432464987 0.00952984220687 0.0235128881556 0.00292836486983 0.0140520923442 0.014406420238 0.0111089289694 0.00356608047295 0.00936723902153 0.0150373284679 0.0221788984836 0.0169812398759 0.0300505292622 0.0232235142015 0.017592923888 0.00746567742477 0.000782580343129 0.0126330078883 -0.00389362561002 0.0204817439658 0.0075209500906 0.0172831158154 0.0173296208766 0.00255437318558 0.0143380381218 0.0277069577501 0.0148773266448 0.000402000674597 0.0114902409032 0.0163356289271 0.0128635931109 0.0112180934298 0.0168233481494 0.0374980852294 0.00355315243297 0.016700550575 0.0170912315623 0.0105020621672 0.0052865089212 0.0220154510555 0.00975092793215 -0.00303040171903 -0.00119383569063 0.029965560573 0.0230397759745 0.0142332444789 0.00858266192307 0.0237085103677 -0.00867460623993 0.00574426430354 
0.0138837550446 0.0168708351652 0.0160621042149 0.00975834953588 0.300641248573 0.00159568595756 -0.000782127886737 0.00521769979134 0.00954364240994 0.00829903079005 -0.00524102305775 -0.0164372614679 0.0338535445296 0.00961586762951 0.00712780122979 -0.00148328052743 -0.00136426230804 -0.000998903661448 0.00966773593679 0.0142579204793 0.0130348427081 -0.0017028697597 0.0146528855027 0.000413314920975 0.035031138149 0.0112307560303 0.00595840386405 0.015248474353 -0.00660536151667 -0.00371571532509 0.00611554619636 0.0126559329922 0.00375678317941 0.00334340624528 -0.000824527916654 0.00726367499523 0.00863131875709 0.00827467602619 0.0146176076804 0.000513966883583 -0.00510412781833 -0.0155362740831 0.00517478088042 0.00151791356376 0.00664321288504 0.000698925529133 0.0149352923893 0.00699306863674 0.0172645758587 0.00759616072851 0.0236819272519 0.00396748306884 0.0177097568746 0.0124011803498 -0.00187501613101 0.0157885192818 0.0110785871249 0.000998628014796 0.00883830575682 0.000871260170971 0.022806594962 0.00531244551585 0.00709182421053 0.00531928273305 0.00559952623297 0.00729883862303 -0.00982994342473 0.00128263101755 0.00487891333929 0.0249404829573 -0.0065405981154 0.0108529746254 0.00717270270539 0.00458929960769 0.0118476820486 -0.00718489982286 -0.00258325813548 0.0318058735461 0.0112595273562 0.0136219847282 -0.00116407762463 -0.00228308590709 0.0103809020304 0.0145168708547 0.0143648061623 0.00950202180708 -0.00141816353936 0.00890288761374 0.0101829472158 0.0301859169563 0.0106294289843 -0.00236251501087 0.0100879823869 -0.00726615880577 0.00398377275093 0.00218296923805 0.00360543857719 0.0185931018742 0.00129473882286 -0.00778205503422 
0.0426900469608 0.0338412942946 0.0564393284826 0.0191747737636 0.00159568595756 0.521167071961 0.00852804926814 0.0376990851757 0.00736924522408 0.030377978709 0.0317895241241 0.021127503096 0.0328110076123 0.0347865100677 0.0142746752986 0.0565592066532 0.0166712029797 0.0135902694143 0.00540830381987 0.0163983949543 0.0430372283432 0.0158325243392 0.00282595942422 0.0219619611537 0.0120383752493 0.00160029385416 0.016823961471 0.0192568124304 -0.000362233582566 0.0402985777599 0.0228213291185 0.0135026373358 0.0338295643058 0.00221784036708 0.0592948465712 0.00969197463199 0.0155251845812 0.0199933199578 0.025792095761 0.00087674908711 -0.00803219779702 0.013498746367 0.0464147582447 0.0363397381 0.0137554904561 0.017283392887 0.0196549197554 0.0208306782985 0.0251332999787 0.0387568632428 0.0353065239173 0.0511362384211 0.00868337826602 -0.00453434453808 0.0572271352787 0.0536486245749 0.0253647136627 0.0263673782954 0.0216446695854 0.0407893995756 0.0192134679916 0.0544676492953 0.0141875013743 0.000923099571242 0.0388169457646 0.0510686794616 0.0218078103879 0.0169662187614 0.0495349307275 0.0157024339962 0.0146284877012 0.0673777530888 0.0353088919841 0.054647560902 0.0255552924446 0.00268752890386 0.0231286114833 0.0304359483312 0.000281648033144 0.0269084373671 0.0451394570062 0.00885581945085 0.039293163624 0.0559813844981 0.0254967749756 0.0393543596775 -0.00324772536268 0.0315143632435 0.0461203101629 0.0681030130473 0.0149314255243 0.000933318902428 0.0187842986369 -0.00442753405503 0.0275605814337 0.0159658992066 0.0341742797865 0.0579107553929 0.0140070820668 0.0411988363217 
0.0235051149687 0.0180303044683 0.0167686225197 0.00855403042398 -0.000782127886737 0.00852804926814 0.168569829035 0.0166781053192 0.00606762874707 0.00927975292188 0.000917653384852 0.0107173905279 0.0152493473733 0.0119058981936 0.00498577934792 0.00845521637417 0.0113740483757 0.0149864624255 -0.00112747744764 0.00357273670144 0.0253523083513 0.00755352585339 0.0102568002397 0.0109987131472 0.0220900618005 0.0132782120511 -0.000526454177169 0.00504788566427 0.0222687347989 0.0219975753632 0.00361009613023 0.0206831698688 0.0429473856477 0.0122049270788 0.02072619476 0.00174852913223 0.00892972459483 0.00012138414929 -0.00233513522396 -0.00358502172084 0.0073276959776 0.0162005386064 0.0253023705236 0.010070500678 0.00844924071392 0.00749952630971 0.0148021001947 0.0184022888952 -0.00143555420072 0.00874923524755 0.0207120025799 0.0198494131553 0.0103574995982 -0.00300593333623 0.0110894749402 0.00820000673124 0.0236297360744 0.0202745811994 0.013073081409 0.00192436463983 0.0101062395099 0.0186360052952 0.00905391101907 0.00298318878517 0.00289799014439 0.0135041928397 -0.0036459095193 0.0102557995113 0.0284523001008 0.00761477447387 0.00615847887772 0.0247905155813 0.000150560492283 0.00651997042943 0.0048303000312 0.00699181303202 0.0131061018434 0.0256056841118 0.00702430252424 0.000266382782689 0.00399259364786 -0.00169850826307 0.00797738064042 0.0123174299418 0.0116501361843 0.00174513520924 0.00283298941176 0.0138646496041 0.0181934417872 0.00920275106201 0.0119057068263 0.0169036351059 0.00681822597539 0.014561388255 0.0174692271593 0.0162466226301 0.0116343952271 0.0242934514376 0.0195468062563 0.0214347731767 
0.011375274969 0.00713436004823 0.0209581329232 0.00978016107445 0.00521769979134 0.0376990851757 0.0166781053192 0.166934590373 -0.00889306692552 0.00557902319957 -0.000674169321904 0.00441107578897 0.0211902858204 0.0104357199864 0.0160928974924 -0.00509945278295 0.0195320693638 0.000996968931759 0.0151673725114 0.0110770467309 0.012215288009 -0.000794411327774 0.00229325391015 0.0106497549201 0.0165841571902 0.00969588435757 0.0137958519382 0.014718825813 -0.00156934167897 0.0136083966707 0.0166239806911 -0.00820128598846 0.000284408356515 0.00580318868159 0.0128802118962 0.00243872502744 0.0125929528699 0.00284789543055 0.00697233016212 0.00303640783423 -0.00681442659839 -0.00107388950256 0.0155827772759 0.0100808793413 0.0147241972081 0.00403513262455 0.00341179846368 0.0267080316102 0.0201260181597 0.016703019199 0.00776996440318 0.0150895733362 0.0342975935172 0.00865008107996 0.0081741766604 0.00719613725994 0.0124875943814 0.00961554952855 0.0162550003315 0.0256073836541 0.0175848099098 0.0215385480428 0.00909725709702 0.00652445815207 0.0109775655996 0.0115632824283 0.00962366573768 0.00235978893279 0.0158516049295 0.00693939079417 0.0144852411339 0.0166447016209 0.0117311402008 0.0171650039366 0.017405942257 -0.00449063002246 0.00905694032658 0.00189476212971 -0.000764818405248 0.00480512039706 0.0208247339515 0.00907070476548 0.048132892246 0.00611303747028 0.0225219911297 0.002580652501 0.000796598612748 0.0132691232568 0.0220240132794 0.0160706327795 0.0242978861725 0.00809591369945 0.0148513549051 0.00695858300296 0.0100361722368 0.0215095668973 0.00438151945786 0.00919270711761 -0.00614894210725 0.0180729243239 
0.00916702032155 -0.00291351770442 0.0107755093997 0.000514751408661 0.00954364240994 0.00736924522408 0.00606762874707 -0.00889306692552 0.218876476513 0.00520900762438 -0.00026082520898 0.0326389182843 0.00521615820309 0.0195113796106 0.0100132022094 -0.00207332472902 0.0168725483072 0.00633873940768 0.0155011141849 0.00213065539337 0.0164802753186 0.0125465530388 0.00912644125868 0.00813575338525 0.0144697055573 0.0134241461916 0.0423395776788 -0.000810425908684 0.00784585382695 0.00360449283399 0.00545619076771 0.0198720973777 0.0120290956806 0.00634224263187 0.0116461510524 0.0112478326056 0.000506423565033 0.00907426004927 0.0116887736849 0.00591991825219 0.033318917632 0.00405161607826 0.00712937641334 0.00610167582114 0.00738687101616 0.00174298114989 0.00894480591449 0.0148126861755 -0.0134174370749 0.00548491585004 0.0120636947346 0.0119137134475 -0.00415445735191 7.37109620717e-05 -0.00359008292562 0.00786550924514 -0.00545604588854 0.0144695328111 0.0155878789876 0.00500819050491 0.0205460917094 0.00308391817712 0.0190720487357 0.00984650361484 0.0217654338172 0.00518216547696 0.0186670852043 0.000931692505681 -0.000507858663192 0.0106513407249 0.00252495410275 -0.00126231453158 0.0128184593035 0.00761236725893 0.000893751025715 -0.000456374580374 -0.00307479696483 0.00853072380236 0.0111929630075 0.0247038083717 0.0134684407178 0.00983804474359 -0.00204078280019 0.0136531547659 0.00679975767953 0.00205338955897 0.0110763567411 0.0106338242929 0.00829653826454 0.0314039307501 -0.00581024103042 0.00553329108718 -0.00293633941367 0.00143627963279 0.000398797193338 -0.000235626900745 0.0307357611218 -0.006078673398 -0.00278949857782 0.0370327348324 
0.00524291107831 0.0183484442736 0.017261463365 0.0419859248248 0.00829903079005 0.030377978709 0.00927975292188 0.00557902319957 0.00520900762438 0.394254729388 0.0214028331948 0.0162747907958 0.0116179734475 0.00384019746847 -0.00700151329856 0.144288007179 -0.00621780737762 0.01667643217 0.00124161140137 0.00302021679462 -0.0021900473553 0.00837130550969 0.0310561687523 0.0183660980197 0.0238138752026 -0.00251384641324 -0.000644218590573 -0.0090188764445 0.015572035582 0.0128616656585 0.0169146365014 0.024630599916 0.00588843540158 -0.00752686576212 0.0156410816971 0.0291451980883 -0.00449299595046 0.0759557250803 0.0899127194161 0.0104767711918 0.0317692855486 0.00672577224731 0.0110330692528 -0.000480410771468 -0.00324811562629 -0.00954299584118 0.00235359516161 0.00216686299033 0.00635056087509 0.00983177947667 0.0141955178773 0.0341909967813 0.00107586098506 0.00708270397845 0.0771681320754 -0.000978285293823 0.00160445777609 0.0203111298649 0.0425278583321 -0.00323232717538 0.0124408607073 0.0132017952559 0.0285536699838 0.0219904581034 0.0121482922994 0.0179220391043 0.00825787946351 0.0112865711993 0.0229933829815 0.0164883807912 0.00592541172901 0.0398774700369 -0.0052020117299 0.0114632067417 0.0149335465045 0.00283603901205 -0.00639657918113 0.0152625772728 -0.00040510039358 -0.0147724392958 0.00827660554907 0.0412814317409 -0.00895966081662 0.116076150288 -0.00108905711644 0.00889435119839 0.0148832680859 0.00079164499422 -0.0120124472958 0.0176906133205 0.00497875497033 -0.00125129790002 0.0118830034474 0.0531102737201 0.0146426257688 0.0217191288731 -0.00146742241316 0.0681000481016 -0.00115134172612 0.0129869778211 
0.021523619121 0.0100513016427 0.0202480229285 0.0112470454722 -0.00524102305775 0.0317895241241 0.000917653384852 -0.000674169321903 -0.00026082520898 0.0214028331948 0.21345627466 0.0118634413405 0.0194056645507 -0.000219943037995 0.0440909981131 0.00573429034469 0.0201013083315 0.0067127405335 0.00696930162948 -0.00172103288616 0.0275489701857 -0.0130759313853 0.00517005521439 0.017797097761 0.0145384020852 0.013311777152 0.0295605511345 -0.00406305231834 0.00586094252034 0.0146820712297 0.0223499810724 0.00650549534803 -0.0101878140687 0.0164555001525 0.0154196800426 -0.00582175937145 0.020168153256 0.0107697768715 0.00695553884253 0.00517097956825 -0.0241926855614 0.0065106659783 0.0182702614053 0.0117132287333 0.00295618824076 0.00414426949247 0.011475474604 -0.0128231571222 0.00572548448685 0.0237390983475 0.0219633461695 0.00882608128985 0.00498292531449 0.00812550133782 0.0253099348752 0.0115829364816 0.00954570900177 0.016352338838 0.0309095490272 0.0131165542182 0.0166461489285 0.00942512634812 0.0152365545195 0.00205468966978 0.0316675599999 0.0150445341724 0.00905707571713 0.00152571729138 0.0288080995575 0.0132431125859 -0.014336106674 0.0310802378234 0.0104877314535 0.000671726501632 0.0427964660649 0.00627286483412 0.00606290267013 0.00785382907018 0.0110401883097 0.0598342894205 0.0218524736777 0.0669696697745 -0.000295474133531 0.0102381280949 0.0112758898447 0.0218590128404 0.0239763057936 0.00374335027073 0.0180173163181 0.0100223724953 0.014814328812 0.0100341207127 -0.00148167280818 0.0180148370216 0.0153994188029 0.0314574268639 0.00911750277161 0.040947240877 0.00663245198961 0.000996420025953 
0.0145613359369 0.049319758103 0.0212001402682 0.0162804924005 -0.0164372614679 0.021127503096 0.0107173905279 0.00441107578897 0.0326389182843 0.0162747907958 0.0118634413405 0.502018996835 0.0133099119812 -0.0142120237585 -0.00459498599865 0.010343006381 0.0105144932565 0.00141350492191 -0.00320706351964 0.00739927929895 0.00233109198167 -0.00103853146991 0.00273902309156 0.0204824220602 0.0264309388958 0.0114206091316 0.0747469679234 0.0201265365727 0.0178329723777 0.038635137389 -0.00255210964468 0.0134182540472 0.0147709228882 0.0116613957728 0.0483181934165 -4.99648033047e-05 0.00490271520943 -0.0104844631608 -0.00286113678773 0.0189199644171 0.0193456828447 -0.0047218674206 0.0148325859184 0.0136504338419 -1.58415299926e-05 -0.00839971344874 0.0148775985202 0.00679813842165 0.040578544404 0.0415125943666 0.012666193054 0.0218959776318 -0.0018917079496 0.0148517771736 0.0234129983698 -0.00666632072881 -0.00577474092432 0.030312996316 0.0351966837418 0.00535144736369 0.0338878530487 0.00719792359839 0.0314394002601 0.0096917951711 0.0714510787551 0.0286103836854 0.0199692135766 0.044425082454 0.0371763089828 0.00311845666693 0.0115971052879 0.0366645324429 0.00204990948501 0.00271350394878 0.022454774647 0.0170630054755 0.0377951626171 0.0231608466645 -0.00134748022046 0.0364675973637 0.0597004601823 0.0169392358996 0.0118079814911 0.012758952939 0.00495491055601 0.00638558786061 -0.0124782223752 0.00239516521065 0.0281223774158 0.0153935133292 0.0168442315785 0.0078227940492 -0.000308107405682 0.0163954014717 0.0190829623236 0.0209012511 0.0177136798894 0.0165602138007 0.0161058583338 0.0371690947759 
0.00979920220333 0.0068615447064 0.0189475891519 0.00886832903577 0.0338535445296 0.0328110076123 0.0152493473733 0.0211902858204 0.00521615820309 0.0116179734475 0.0194056645507 0.0133099119812 0.354686982244 0.0185522932215 0.00621248981499 0.00409675649643 0.00627692232196 -0.00208106138174 0.00859019718722 0.00466406134691 0.00792923565629 0.0367515814442 0.02045871508 0.0242811939113 0.0219281795922 0.00114578434739 0.0380478583752 0.0137224365099 0.0159540975777 0.00545626076022 0.00668630450584 0.0213030356241 -0.00364583909526 0.0117429016609 -0.000319337712079 0.0137049817461 0.113547732212 -0.00541444972105 -0.00440350480296 0.0100846786952 0.00365940350426 0.0186689810704 0.00382724937614 0.00762170347404 0.0107671778848 0.0114086446289 -0.0121179465054 0.00789089979679 -0.0190568443876 0.0204156050294 0.0136724942566 0.0136909127638 0.00589237154179 0.0126569244935 0.012959552467 0.0178963359633 0.00470058516733 0.0217097868488 0.0350417266049 0.0146374114085 0.00508991746335 0.0241890846739 0.000979937475482 0.0155223485476 0.012106673753 0.0229626282073 0.084165169815 0.0184835230924 0.0281777021187 0.0955243329663 0.0195037590232 0.0246000992985 0.00557906161545 0.01715649697 0.0050596121624 -0.0114403814347 0.0311650593317 -0.00111923817412 0.00183141608615 0.00177455932191 0.00476145158269 0.0183334541596 0.00952823059332 0.0120410925479 0.0190745164688 0.0274802863345 0.00702618257532 0.0180455838413 0.0128252079602 0.00736214560756 0.00451839315885 0.00730584275103 0.0142213076855 0.0355580380955 0.0202904228321 -0.00517577930759 0.016300378404 0.0359344499477 0.0121201876601 0.00668208010395 
0.00498234780419 0.0121178674734 0.00735012795467 0.0134292865086 0.00961586762951 0.0347865100677 0.0119058981936 0.0104357199864 0.0195113796106 0.00384019746847 -0.000219943037995 -0.0142120237585 0.0185522932215 0.313243199884 0.0137810719023 0.00819036991107 0.00345226094426 0.00876676137377 0.0107202043141 0.0194248258729 0.00381361216339 0.00760492007741 0.00568241046496 -0.000135809623935 0.00340918780197 -0.00985104588012 0.0114362291052 0.00862422392412 0.0183932317746 0.01976286058 0.0029246610729 0.0236978729683 0.000784041691449 0.00806921753584 0.0198687691366 0.0211352103669 0.0190893646327 0.000497525118058 0.00537536355191 0.022882618479 0.00502246927503 -0.00311366755339 0.00116193420665 0.0110860357753 0.00669592070826 0.00154946604446 -0.00281389409017 0.0117625261579 0.0229690976987 0.00865192122236 0.00262634247154 -0.00915865409847 0.0122107092163 0.00376562174813 0.0160223943875 0.00561639441311 -0.00408354540526 0.0161722299551 -0.00316870684286 0.0203773201738 0.00454347695795 0.0119091962107 0.00889081537045 0.00701607350155 5.94702306099e-05 -0.0005558229468 0.0202744638631 0.00196276790456 -0.011001078131 0.0231798471185 0.00212910613165 0.0133353296804 0.0181558042463 0.0087525246941 0.012474613442 0.00983884798617 0.0299027388119 0.00536716834853 0.00818461281107 -0.00385981326728 0.00830086797634 0.00722921316506 0.00285267087579 -0.00906575968188 -0.000282457515007 0.017211563643 0.00345190968104 -0.00137390248421 0.00735253293872 0.016714479653 0.00634674448698 0.00165084440468 0.0105118915336 0.00331434447353 0.0192537953186 0.00671745287864 0.0143871620218 0.0152642696877 -0.00145904815137 0.0416041317411 
0.010669920847 0.0314843023809 0.0108319399896 0.0123392592582 0.00712780122979 0.0142746752986 0.00498577934792 0.0160928974924 0.0100132022094 -0.00700151329856 0.0440909981131 -0.00459498599865 0.00621248981499 0.0137810719023 0.200019556782 -0.00883969267353 0.00766103179356 0.00430582884366 0.011914302147 0.00304455642287 0.00831889204749 0.00740177802058 0.00045405428526 0.0111067013905 0.0221640278819 0.0120287529277 0.0173895115451 0.0123215823583 0.0116707791017 0.00423766649072 0.0198923030523 -0.00035777276742 0.00727119128663 0.0175858632568 0.00134467146856 0.00291287312821 0.00935761795946 0.0088276431988 0.00430896420645 0.00620849009806 0.00332206944184 -0.000280220508954 -0.00475747432681 0.00310842806494 0.0115165031716 0.00483664485402 0.00898416399039 0.0113877008998 0.0115480109753 -0.00157444124013 0.019687755561 0.00961272600998 0.0209347261282 -0.00210075459421 -0.00660066864826 0.0114638101062 0.00929588691205 0.00309536854819 0.0155976025016 0.0103262886049 0.00623361301954 0.0109108455329 0.00605083235583 0.00621366091114 0.00842869893139 0.00227531246879 0.0183378633567 -0.00215633335086 0.000885674442087 0.00814077618138 -0.0093639913398 0.0124949162948 -0.00290699294752 0.0114621416626 0.037117107137 -0.00053046443447 0.0112117684047 0.0077787592967 0.00219387937715 0.0374875262414 0.0104167642979 0.0517819635745 0.0423894560189 -0.00149926787208 0.0126302099234 0.019602479441 0.0281653305078 0.0170977486957 0.0149907875689 0.0318387773314 0.00238262417064 -0.00379146027661 -0.00172629163604 0.0103838784172 0.0533724962412 0.0174331640454 0.0144694289315 0.0102328431929 0.00288696043897 0.0103881226155 
0.00474256174611 0.000975543794406 0.0185212547612 0.0311530815597 -0.00148328052743 0.0565592066532 0.00845521637417 -0.00509945278295 -0.00207332472902 0.144288007179 0.00573429034469 0.010343006381 0.00409675649643 0.00819036991107 -0.00883969267353 0.492687830007 -0.000727180592627 -0.00204639394661 3.44759270003e-05 0.0236250843283 0.0330353422698 0.0144557151827 0.016005552863 -4.78523025977e-05 0.0291095258473 -0.00268698184044 -0.0102889242066 0.000117406343991 0.0189406368415 0.0181323283082 0.00527924519733 0.023670199361 0.0120290914176 -0.00799356787842 0.0465352058001 0.0447177626888 0.0104924596028 0.0865698325657 0.0834735667987 0.0256317947849 0.0195154385548 0.0322617704021 0.0243225248009 0.00717960049049 0.00719869615667 -0.0124557865462 -0.0018493395129 -0.0190102301344 0.0126551808046 -0.00293204443338 0.0194527569336 0.0308347650286 0.00103027410506 0.00747514257987 0.0441994274319 0.00907159147953 0.00017557573609 0.00852934871654 0.0532369861473 0.0058887467028 0.0145437583875 0.0430410379406 0.0134334624224 0.0156960683966 0.0274426575682 0.0414059968668 -0.00595628317299 0.020246520242 0.0230167001859 0.010517487284 0.0132716919797 0.0229395411124 -0.00523609083914 -0.00704858664055 0.0338967824179 0.0189040966664 0.0185991756354 -0.00257958635656 -0.0211044418357 -0.0089149272303 0.0219418439637 0.0125291946668 -0.0156462463816 0.16897395718 0.0139098730453 0.00812340293194 0.00400585936127 0.00217289693061 0.0292784325114 0.0373962342674 0.000981591939463 0.00782626848938 -0.00618077702457 0.015555976416 0.0198953540007 0.0168162764889 0.0108103935614 0.0640724797126 -0.00495535376596 0.0308685531057 
0.0305952583642 0.0104819938666 0.0154275679029 0.0123419401922 -0.00136426230804 0.0166712029797 0.0113740483757 0.0195320693638 0.0168725483072 -0.00621780737762 0.0201013083315 0.0105144932565 0.00627692232196 0.00345226094426 0.00766103179356 -0.000727180592626 0.114979618452 0.00937782715568 0.0154613803143 0.0093386136492 0.0161673436839 -0.00109765171031 0.0134514857233 0.00551220227446 0.0231786448368 0.00883534163948 0.00185162533238 -0.00213622884274 0.0141556910027 0.0237786016821 0.0201470239987 0.0118495618968 0.00519645285951 0.00868788183093 -0.000922637607246 0.00833044753634 0.012375394681 0.0089911574665 0.0137742702205 0.0104044436169 0.0108489061049 0.0167264202649 0.0141579395241 0.00407462221573 0.0342031135924 0.0255253217657 0.0132534759179 0.0172034798468 0.0130409687495 0.0184320660222 0.0092737617006 0.00775316343503 0.00597259917632 0.0129713567414 0.00382235459312 0.0182788228018 0.0193628797976 0.00983269333697 0.00879564951843 0.00403769221034 0.0201808414397 0.0215533109697 0.0217652530706 0.00695620806379 0.00492194371973 0.0105903549227 0.00871758453796 0.0175938836998 -0.00757299302682 0.0247931613412 0.00250695975936 0.0385839407617 0.00706758221518 0.00317016161677 0.00629663446693 0.00930971544628 0.00157766293257 0.0117423378475 0.0112633314253 0.0218611314191 0.00946919279311 0.000418910169575 0.00915712223037 0.0119307383461 0.0299549071214 0.0175161774074 0.00589987128207 0.0321947095878 0.0180634813275 0.00847697668308 0.00719900294658 0.014103768846 0.00490301695026 -0.000164289468572 0.0139560797966 0.00795055253519 0.0218530316995 0.0258671805253 0.00731129771602 0.0013149724267 
0.0143211969031 0.00314708859451 0.0101103571399 0.00170149564768 -0.000998903661448 0.0135902694143 0.0149864624255 0.000996968931758 0.00633873940768 0.01667643217 0.0067127405335 0.00141350492191 -0.00208106138174 0.00876676137377 0.00430582884366 -0.00204639394661 0.00937782715568 0.178155037935 0.00345706039686 0.00747037482139 0.0106987658744 0.00371342226822 -0.000458863242275 0.02366346536 0.00299867710166 0.00890262797543 -0.00560629621124 0.0218405052645 0.00522895632412 0.0169812554535 0.00954841200061 0.0103687110509 0.00755826374922 0.0153864101846 0.0152980959818 0.00559144742003 0.000286863248549 0.00281231168469 -0.00158102445495 0.000380047873225 0.00292480965356 0.00764178069896 0.0115695762184 0.00734457462863 0.0177213756957 0.0320952335344 0.0223623106339 0.00221686365003 -0.00116054512576 0.0186473479005 0.010541002444 0.00553375715196 0.0069010224405 0.00501846823149 0.0210792799706 0.0120106343774 0.0176550220846 0.0503968870965 0.0108095800356 0.00258983600541 0.0130608217438 0.0133520479699 0.00215807099813 0.00303041439512 0.0123782067104 0.00844988786409 0.000368460800541 0.00925129109062 0.0303251292443 -0.00143081226985 0.0139519959457 0.0227799175282 0.0106526354565 0.00971433197575 0.0149792926796 -0.000915612970582 0.00742646655206 0.01030794069 0.0145215992662 -0.00247454249142 0.0210827388125 0.0158473865707 0.00124515481909 -0.008271487017 0.00859837069346 0.0179520434263 0.00519809323227 0.00937391336915 0.0203507004519 0.00794399910893 0.00562216498703 0.00306844797213 0.00905950217551 -0.00999875355755 0.00973107475323 0.000910407614033 0.0164353030736 0.0163359595719 0.0129724964798 0.0139327531373 
0.0182227187879 0.0164214942019 0.0212377841529 0.0176215014645 0.00966773593679 0.00540830381987 -0.00112747744764 0.0151673725114 0.0155011141849 0.00124161140137 0.00696930162948 -0.00320706351964 0.00859019718722 0.0107202043141 0.011914302147 3.44759270002e-05 0.0154613803143 0.00345706039686 0.119183144891 0.00844535853012 0.00318173321233 0.00666979596649 0.00731148138013 0.0112447982235 0.0145942655856 0.00973495928196 0.0115738638315 0.0119800818444 0.00363520921788 0.013462292259 0.0172153725163 0.0130728795813 0.00672851404667 0.00302249952836 0.000104068534417 0.00519395366737 0.00696762063243 0.00703750466519 0.00438682319263 0.0109719595787 0.005176922226 -0.00142376431615 0.00819674789345 0.00869472263984 0.0143574278184 0.0154201755756 0.00411808183075 0.0135194884993 0.0138344530342 -0.000946586497798 0.00253183791143 0.00677170990578 0.0198364539709 0.0104946220799 0.00949302069544 0.0118623929972 0.0114928566576 0.00641152831343 0.00991682124662 0.0172595991429 0.0161913933053 0.0104760422271 0.0167383426385 0.0039920517321 0.0117801072328 0.00748244843926 0.00954060747459 0.00630118219743 0.0107772077583 0.00524502445407 -0.00545495708746 0.0132683113398 0.00180207930711 0.00565303974686 -0.00915995881534 0.0121967938841 0.00897653508516 -0.00716438104956 0.00962767689099 0.0137841786124 0.000271508199145 -0.00154173986905 0.0095301628222 -0.00205261181292 0.0159014233535 0.0121907631005 0.0144737842801 0.0195086292584 0.00112611473915 0.0326209825342 0.00593871897239 -0.00270084216037 0.00629436258661 -0.0054062733253 0.0089986539354 0.00397682880617 0.0143730758483 0.0113706722053 0.00213048489954 0.0126480782133 
0.000966709345403 0.00320770707544 0.011436382575 0.0115762015707 0.0142579204793 0.0163983949543 0.00357273670144 0.0110770467309 0.00213065539337 0.00302021679462 -0.00172103288616 0.00739927929895 0.00466406134691 0.0194248258729 0.00304455642287 0.0236250843283 0.0093386136492 0.00747037482139 0.00844535853012 0.303589016616 0.00650781095895 -0.000944147824438 0.0156786091464 0.00544913677166 0.0128707356176 0.00938711483415 0.0132210054476 0.0130353209582 0.00394394493103 0.0263769202264 0.0168200113611 0.0111693917705 2.09202456827e-05 0.016512884678 0.0256839798062 0.0144934973166 0.0137319488407 0.0115384663417 0.00554522452171 -0.0065245300187 -0.00641335625858 0.0289583896774 0.00974872865284 0.0162494033868 0.00448224352552 -0.0157915819473 0.0136054493966 0.0141497881924 0.00863591061913 0.0102357266288 0.00428111148896 0.013821513725 0.0176326419482 0.00746884728009 0.00816565697299 -0.00153670733617 0.00386942688323 0.00850950278336 -0.00221460855459 0.0127397590486 0.0258837607622 0.0121754827145 0.00464134175109 0.00275211272477 -0.0101883755412 0.0158710722072 0.0139218760542 0.00796803185824 -0.006839809311 0.00340338039409 0.0285421027932 0.0201158771327 0.0219465885448 0.0275254678747 0.0146415155509 0.0129576725935 0.0109347836637 0.0118653558633 0.00326731736609 0.00247884626582 0.0093762228196 0.00840618475572 0.0132606781879 -0.0051248237365 -0.00268573051589 2.87911286713e-05 0.00569558103429 0.00370226767163 0.00271671160155 0.00269579010182 0.0311242658836 0.0173657394554 0.0104745237503 0.0345407644337 0.00269374231447 0.011079560014 0.011457620779 0.0130511267675 0.0102590030516 -0.00254847471238 
0.0243721592155 0.0246235126831 0.0225744459817 0.00992889506744 0.0130348427081 0.0430372283432 0.0253523083513 0.012215288009 0.0164802753186 -0.0021900473553 0.0275489701857 0.00233109198167 0.00792923565629 0.00381361216339 0.00831889204749 0.0330353422698 0.0161673436839 0.0106987658744 0.00318173321233 0.00650781095895 0.21487447737 0.00953112450807 0.0177329167121 0.0161605252375 0.0296561906881 0.0130066835222 0.00148935202183 0.0118063256009 0.0140224341586 0.0298166599267 0.0117824958661 0.0325445148204 0.0109546674264 0.0148749452087 0.018970355658 0.0108548557169 0.0302467997674 0.0107278972992 0.0109124637483 0.00129991956471 -0.00748440830591 0.00858775963969 0.0194718301226 0.013387435634 0.00552384513773 0.0111286236508 0.0158394280966 -0.00182212014658 -8.72686926224e-05 0.0336221915964 0.0716334039133 0.0102151673615 0.00632513302051 -0.00155088403217 0.00392419730047 0.0670198603271 0.00608907117148 0.011787990623 0.0167191633182 0.0138661390491 0.011319870396 0.00914852725401 0.0125179514726 0.0256624895608 0.0153015215098 0.00579013091111 0.0175911397703 0.0258150008111 0.0162780564121 0.0197829468533 -0.00291786030654 0.0228434271045 0.0140155436638 0.012036564532 0.023756105388 0.0019405257026 0.00895685091853 0.021164964851 0.0138257049083 0.0214781828896 0.020709433571 0.0141113745529 0.00708023750148 0.018158135307 0.0217245767349 0.0048674864988 0.00172296044703 0.0130951324616 0.00764581281545 0.0119512260394 0.0185702066301 0.00414818495054 -0.00103421749781 0.0105136523913 0.0158911332294 0.00177271523811 0.0129298496035 0.0178522767191 0.0124740376775 0.0198494454363 
0.019127767295 0.00841196006701 0.00505941996339 0.0102424314365 -0.0017028697597 0.0158325243392 0.00755352585339 -0.000794411327774 0.0125465530388 0.00837130550969 -0.0130759313853 -0.00103853146991 0.0367515814442 0.00760492007741 0.00740177802058 0.0144557151827 -0.00109765171031 0.00371342226822 0.00666979596649 -0.000944147824437 0.00953112450807 0.358014907325 0.0116642296191 0.0216858359004 0.00146059010434 0.000522684875585 -0.0119694926909 0.000708006912063 0.000295303487252 0.0187536136019 0.0139570177348 0.024543739386 0.0268969029007 0.00689204045022 0.0181590229802 0.0118508745016 0.0081190855081 0.00223965082726 0.012772006793 0.0122177205296 0.0022658524 0.0042314805622 0.00862801369387 0.0146054039525 0.0127819158634 0.0228355523589 0.0249807808054 0.02396442191 -0.00110985098689 0.0194614614963 0.0042997072927 0.0119451616103 0.0181707763006 0.0020198946597 -0.01519685388 -0.000123759171457 -0.00184520235066 0.00422789793596 0.0257538206503 0.019854575527 0.0130002211411 0.0189985474903 0.0135414173392 0.0196706395835 0.0145853334571 0.0243188646315 0.0263338055445 0.0261644367559 0.0144229834456 0.00211047584784 0.0276720335354 0.0176004992926 0.00786943699557 0.013217396181 0.0341325126298 0.000213923110614 0.0281175532974 0.0169101920001 0.013724779984 0.000861532505811 0.0309202935636 0.000504172504467 0.022198973705 0.0155025510193 0.0114542277883 0.00209960591612 -0.00349060025697 0.012472190653 0.0231033151449 0.012907288751 0.016942089217 0.00971990373041 0.00802177084908 0.0344199947102 -0.000103304826221 0.00494386986248 0.00542971835378 0.0337982961671 0.00455218178003 -0.00356196609045 
0.0195393925158 0.0062020433021 0.00932032439157 0.0133596778981 0.0146528855027 0.00282595942422 0.0102568002397 0.00229325391015 0.00912644125868 0.0310561687523 0.00517005521439 0.00273902309156 0.02045871508 0.00568241046496 0.00045405428526 0.016005552863 0.0134514857233 -0.000458863242275 0.00731148138013 0.0156786091464 0.0177329167121 0.0116642296191 0.136007789446 0.00447881592112 0.0186034282414 0.00435481281323 0.00979755824494 0.000341932471534 0.0322300234357 0.00988791944619 0.00679393026615 0.0374939683955 -9.01328922178e-05 0.0024792767632 0.0101316234287 0.0328353982418 0.00865517942332 0.0155828631339 0.0131546362335 0.00777108021629 -0.00313299338764 0.0120968228179 0.00571360532559 0.0139569184266 0.00263700317077 -0.00231890164762 0.00357493884223 0.00715801650314 0.00160628801422 0.0133983268022 0.0201736471368 0.00104881244997 0.0153947168867 -0.00109520294863 0.0287103641731 0.019943315581 0.00218059346228 0.00811630774268 0.017319109829 0.00235309090151 0.0145149681733 0.00352567165168 0.0370001431484 0.0433651525393 0.00633363953797 3.08023385554e-05 0.00789525731525 0.00552209831446 0.00610079491286 0.0199960273301 -0.00151292387406 0.0170783415716 0.00117627867485 0.0106756915791 -0.00158724167554 0.00996922434534 -0.000912613683322 0.0106888305709 0.00546956980214 0.0089716244471 -0.00182809296455 -0.00089407833658 0.00822779741363 0.0172320633777 0.0118400216089 0.00526577323895 -0.00234798920075 0.0126775218577 0.00154320270302 0.00183291022469 -0.0034836362501 0.0123530759323 -0.00123236585229 0.0121360907083 -0.00428577417013 -0.000582477876827 0.0126695377187 0.00993755403277 0.010717778266 0.010146092221 
