50
0.185879968849 0.00699576056141 0.0708595176859 0.026407260569 0.0284224966367 0.121001700606 0.039970875035 0.0348883512333 0.0511846892664 0.0162161188728 0.0424048973372 0.0265193363437 0.0472748306646 0.0623593213805 0.0316848802341 0.0669692816613 0.0220926651793 0.0123991351417 0.0223320424584 0.0704019073317 0.0486959213786 0.0631330997176 0.067654701563 0.0253746335001 0.0263662592882 0.022286409141 0.0936509155003 0.0125275076286 0.0725669815102 0.0909027791802 0.0395396308246 0.0375994121509 0.0991765707177 0.0414012394119 0.0184249616408 0.066200000993 0.0559384191954 0.0309081568087 0.116792266476 0.0501755430095 0.015652967587 0.0211692002509 0.143796644659 0.0354646018646 0.15717092416 0.0523918745475 0.0347696809731 0.116988452624 0.0380288664812 0.0278380444533 
0.633874290588 0.0135256644114 0.0126281622829 0.0339149558802 0.00848543801148 0.0456118960611 0.040337706945 0.0583371665652 0.0447182079284 0.0149136119941 0.00760052079794 0.00905345111791 -0.00520238716526 0.0514955558132 0.0414706874118 0.0654553577164 0.0250025355384 0.0182993465864 0.0222476682774 0.053668690333 0.0199899499813 0.0654923160204 0.0191481112599 0.021971126863 0.0410377383525 -0.00632989533604 0.0388388098456 0.0197529864614 0.0459589353861 0.00673062861273 0.024192075135 0.00866589647588 0.00583489847294 0.0169626160385 0.0240839466693 0.0153057370379 0.0224915429316 0.0135955239806 0.0173965400257 0.0357364709341 0.0320138546519 -0.00216151972017 0.101197871207 0.0280972119182 0.069916535334 0.028350545176 0.0436286685502 0.0843530196215 0.0393204628602 0.00403890328146 
0.0135256644114 0.14115365344 0.00600071469632 0.023071097544 0.0118623286705 0.0220032470861 0.00326335207038 0.0146458345341 0.00646680954601 0.0526162507492 0.00364917741251 0.0133363014876 0.0123862103336 0.00668742776356 0.0215518933644 0.0083659708433 0.0355498462285 0.00352766442477 0.00567139354261 0.0068870339027 0.0129010841378 0.000950777788647 0.0241920889679 0.00171614510559 -0.000142770588051 0.0071041639127 -0.0034437490897 0.00177478434732 0.00810314671033 0.00663481339257 -0.00388055769385 0.00386218134469 0.000228764190307 0.013502005786 0.0192861694788 0.0148356006215 0.00723735489131 0.0076253829854 0.00416250640462 0.0150569219132 0.000518351240897 0.0149206926351 -0.00129134638352 0.0378125638066 0.000232276278258 0.0163449641436 0.00985315669919 0.0036028671146 0.00339310467857 0.0115000921336 
0.0126281622829 0.00600071469632 0.395003607784 0.0185521836615 0.00374706393174 0.00809723920897 0.0106766804415 0.00803224258124 -0.00177169744184 0.00753420841512 0.00056215109654 -0.0052466840601 0.0327459129623 0.0192532479987 0.0135458395203 -0.0204696299706 -0.0027691678255 0.00174081645916 0.0200048919603 0.00536780745025 0.0281628504246 -0.0021321994754 0.00100958453202 0.00623922611067 0.00171464015815 0.00367604309005 0.0105136385377 0.00291717928272 0.0200538368103 0.0248632757644 0.00730644451124 0.0196205394611 0.0221802637576 0.0169291312747 0.00871077093213 0.00362856628386 0.00245347663749 0.0219286460696 -0.0110397957604 0.0221299861559 0.0257276114435 0.00367456785313 0.0332744132463 0.026565682933 0.0462766074247 0.0645305792994 0.00813967405226 -0.00444177895334 -0.00241226616291 0.016171936748 
0.0339149558802 0.023071097544 0.0185521836615 0.197481389703 0.00749469001697 0.00386539274765 0.0225320190194 0.0266262287697 0.00424522197016 0.0193662856233 0.0148343389664 0.0199562503394 0.00745331998938 0.024122916884 0.0228261798085 0.0187801972367 0.0140473796928 0.016634799449 0.0054709503618 0.0301611446559 0.0457604668421 0.00839100512102 0.0361220094129 0.0075630537017 0.0433288813878 0.00574275016889 0.0236592612216 0.0104310676978 0.0230318565567 0.00396277615853 0.00803125402631 0.0190260877865 -0.00216314208601 0.0114471674642 0.0442815718759 0.0173590814792 0.0133254501426 0.012439198761 0.0150020565029 0.0238161307268 0.0149712008004 0.00748171377128 0.0276385960139 0.0221796823499 0.0209531480071 0.0114528226979 0.00639815614531 0.0152092681731 0.0215582982418 0.0174240865345 
0.00848543801148 0.0118623286705 0.00374706393174 0.00749469001697 0.195814432001 0.0164999036039 0.0119555549138 0.00388785966616 -0.00102207916099 0.0143040578819 0.00546341837992 0.00350366482408 0.013811879964 0.000236918871953 0.00410529056289 0.0013750311461 0.00754356553274 0.0059006692672 0.0239731489293 0.00323926167932 0.00453340440238 0.00194817237742 0.0109000575884 0.0056983649641 0.00855719923781 -0.00394135090061 -0.00905381284242 0.0140311432313 0.0104207372418 0.014073041198 -0.0117218359342 0.0140868214938 0.00915081362169 0.00553243372303 0.00847244383491 0.0277972468664 0.0239710994736 0.00890493262318 0.00356378216802 0.00397867034448 0.00047950828277 0.00211435862604 0.0166091771017 0.00677539715944 -0.0086664455548 0.00053140182963 0.0128043419592 0.00496499344993 0.00911775140802 0.0131769741088 
0.0456118960611 0.0220032470861 0.00809723920897 0.00386539274765 0.0164999036039 0.732643937215 0.00832257355958 -0.00658530244538 0.0189639413476 0.0454468151885 0.00886991001241 0.0232597621887 0.0137369674972 0.0199994312199 0.0182014717933 -0.00583040879427 0.0408058423275 0.00284531863547 0.0154862666649 0.0611225712821 0.0247929795724 0.0175063904893 0.0265173420773 0.018127262103 0.02804666991 0.0127507666716 0.0252893532833 0.0117349092085 0.0421919197204 0.0547257866609 0.00453836831449 0.0422292584669 0.00156600469452 0.0183987599117 0.0134643508847 0.00323453625776 0.00063317524806 0.018670024995 0.00848797653255 0.000555522978463 -0.0032082829829 -0.00818113377473 0.0528419827108 0.0530510559234 0.0104327911056 -0.0111153354054 0.0169828244353 0.0171340011006 -0.0103548490382 0.00672010142437 
0.040337706945 0.00326335207038 0.0106766804415 0.0225320190194 0.0119555549138 0.00832257355958 0.193534334016 0.0236458612331 0.0250211367052 0.0198976949392 0.00776489570012 0.0127872885118 0.0132641146619 0.0359699440565 0.0224441154436 0.0185509621442 0.00390460396275 -0.00126282814126 0.00666292650576 0.0284021366071 0.0247026386262 0.0141955557711 0.00331366590357 0.0133562970597 0.0207621249446 0.0101477100727 0.034263659319 0.00894678321111 0.0111180784586 0.00561976696727 0.0175230354326 0.0153838068298 0.00765766933364 0.0115295667421 0.0169889453237 0.00566455977404 0.0160851162749 0.0133589859945 0.00865079428686 0.018343570464 0.0216154161403 0.0106066474419 0.0181725674822 -0.000670661425933 0.0463261043677 0.0240624520543 0.0270903060911 0.0324433503886 0.0130309228373 0.0170540038631 
0.0583371665652 0.0146458345341 0.00803224258124 0.0266262287697 0.00388785966616 -0.00658530244538 0.0236458612331 0.297886336664 0.0060165119847 0.0153164985388 0.00641606036405 0.00960271394345 0.00801692712072 0.0403642900999 0.0238122612644 0.0300707005263 0.00647083387036 0.0160234320531 0.0214275239428 0.0369137858015 0.024426957556 0.0221742377442 0.00159892744771 0.0189214665893 0.0331280578086 0.00408076872253 0.0260936140986 0.0221059135491 0.0434423610849 -0.00455695242283 0.0212166517065 0.000875870167506 -0.0304363408438 0.0176173604908 0.0271921953372 0.108276642746 0.0192680453849 0.0426602999375 0.0235080669082 0.0219353235055 0.0149828247892 0.0131072867126 0.0572805476066 0.00445939754074 0.028543463394 0.0233512143613 0.0139629321738 0.0419058512267 0.0131449676188 0.00391709572631 
0.0447182079284 0.00646680954601 -0.00177169744184 0.00424522197016 -0.00102207916099 0.0189639413476 0.0250211367052 0.0060165119847 0.334560025834 0.000614055026217 0.0144617356276 0.0149612224088 -0.00141984632473 0.0399074785123 0.0119288287784 0.0493728292145 0.0167794336788 0.00231588752417 -0.00135149146048 0.0138163400675 0.00881711100775 0.0478488732484 0.00221071618344 0.0140137782543 0.0135747851975 0.00449809337006 0.00556961443889 -0.00251303480255 0.00937753940118 0.00338280652961 0.0185041847989 -0.0115657992615 0.00962198088354 0.0097806151125 0.00190296856115 -0.00122454528979 0.0193841731231 0.00763512510335 0.0214834082139 0.016158903298 0.0148348480227 0.00440163409548 0.0245521566349 0.00576550278128 0.0310201478641 -0.00962609746006 0.0256918667059 0.0167629907547 0.0187788967057 0.0109035771846 
0.0149136119941 0.0526162507492 0.00753420841512 0.0193662856233 0.0143040578819 0.0454468151885 0.0198976949392 0.0153164985388 0.000614055026217 0.186895792213 0.00544609660976 0.0101626711482 0.00415391827362 0.00931254684663 0.0216432202041 -0.00182217858399 0.0384322575013 0.00709460639437 0.000434184867487 0.019221640895 0.0208823325647 0.00646538014777 0.0209983011584 -0.000595603358379 0.0141323762821 0.00314485633998 0.00933841929356 0.0122712670668 0.0269003794744 0.0155081064589 -0.0140985125216 0.00388118573745 0.00626849157711 0.011386014664 0.0290152005593 0.0265663684011 -0.00621768196265 0.0031723616014 0.00247743954977 0.00484953665748 -0.000750629300732 0.00770482984915 0.0262444735837 0.0424492103686 0.00340757995115 0.0120934259693 0.015266491036 0.00286578618146 0.00794197792637 0.00381834221027 
0.00760052079794 0.00364917741251 0.00056215109654 0.0148343389664 0.00546341837992 0.00886991001241 0.00776489570012 0.00641606036405 0.0144617356276 0.00544609660976 0.384826099995 0.039469489597 -0.00495821451515 0.00839962702118 -0.000368844739131 0.0152645619853 0.00722717764365 0.00883622255409 0.0167465544582 0.000446096448156 0.0110218497087 -0.00309787881247 0.00207810698009 0.0152979124002 0.0116514235313 0.00740414338865 0.00523346863868 0.0178956859581 0.0111990929254 -0.0170716337811 0.00325073615281 0.0126010942731 0.0275159126938 0.00813339138152 0.0162425165884 0.0241704626124 0.0050724285703 0.0046676403385 0.0995626439291 0.0228725259486 -0.0115264761765 0.016126115577 0.0106755401237 -0.00559334713866 0.0107181110646 0.0202477720126 0.00883553460796 0.00250123341367 0.0216832523529 0.0117090889763 
0.00905345111791 0.0133363014876 -0.0052466840601 0.0199562503394 0.00350366482408 0.0232597621887 0.0127872885118 0.00960271394345 0.0149612224088 0.0101626711482 0.039469489597 0.202055781389 0.00270802409247 0.0265562643538 0.00102883992689 0.0286474342347 0.0156126955861 0.00717045962362 -0.0028886621987 0.0232239521016 0.0166800728665 0.00162662757174 0.000875648324111 0.0200820112889 0.0164036263755 0.00158809787976 0.00561575994805 0.0117638030902 0.0170066628508 0.0192338090732 0.0146990924668 0.00846683985725 0.0398123344355 0.0162015749535 0.00630913815145 0.0130545042465 0.00868130285521 0.0189256858828 0.0186953328523 0.0089525901037 0.0207820649168 0.0196630436371 0.0269465359337 -0.000788171104532 0.0142141379888 -0.00492591293995 0.0181248946542 0.0223531938217 0.00503298440888 0.00134536591153 
-0.00520238716526 0.0123862103336 0.0327459129623 0.00745331998938 0.013811879964 0.0137369674972 0.0132641146619 0.00801692712072 -0.00141984632473 0.00415391827362 -0.00495821451515 0.00270802409247 0.354155404918 0.000217221269803 0.00357764930519 -0.0016980615522 0.0127077430389 0.000288397761203 0.0038538923729 0.0134209718877 0.00479456065423 0.0072731242702 0.00233909930061 0.0148315250009 0.0033343086904 0.0114600263866 0.00864676322423 0.00308088784882 0.00216412887954 0.0072649284116 0.013952529889 0.0199164228768 -0.00846087253027 0.00324184978648 0.00910672222058 0.0115924266833 0.0124904787456 0.00978194163178 -0.0119973286175 0.00144061152494 0.0104429287433 0.0461178635308 0.00776766317162 0.00395538101437 0.00290315994925 0.0324998739908 0.0191460244978 0.0135280547604 0.00913805735487 0.00198870010758 
0.0514955558132 0.00668742776356 0.0192532479987 0.024122916884 0.000236918871953 0.0199994312199 0.0359699440565 0.0403642900999 0.0399074785123 0.00931254684663 0.00839962702118 0.0265562643538 0.000217221269803 0.332765835863 0.0271668420846 0.0299208002982 0.0133309082774 0.0265200430328 -0.00595283300162 0.0308380150979 0.0371663169127 0.0341274644097 -0.00585051988501 0.012479769419 0.0343630937168 0.0140818068396 0.0308010231869 0.013922532599 0.0300415878841 -0.00254870463709 0.0092225779814 0.00144248013533 0.0137609303729 0.0177892180489 0.014013806878 0.0358027377559 0.00496611447575 0.0184532249369 -0.00154830056015 0.0174242192409 0.03286131387 0.0158794288712 0.0411049726877 0.00654779760046 0.0430310535444 0.0217077395995 0.0417721375935 0.0397811587145 0.0233557881319 0.00984626633119 
0.0414706874118 0.0215518933644 0.0135458395203 0.0228261798085 0.00410529056289 0.0182014717933 0.0224441154436 0.0238122612644 0.0119288287784 0.0216432202041 -0.000368844739131 0.00102883992689 0.00357764930519 0.0271668420846 0.162187452168 0.0147197577854 0.0128221658065 0.00785885258243 0.00642619037254 0.0224161541874 0.0205074917954 0.00405815539012 0.0126398641775 0.0139547459875 0.0266036649234 0.00767592679124 0.0154411078887 0.0101543199824 0.0308016994043 -0.00208810436807 0.0107431920344 0.0260770074851 0.00254953715784 0.0122928184036 0.0210515421177 0.00108998154956 0.0134387686659 0.0329792803044 0.0112964832921 0.0164650940253 0.0117477571363 0.0138240683941 0.0495919928541 0.00743948437674 0.0208359259622 -0.0088744224388 0.0143230736975 0.0152984633879 0.0100431899824 0.00578293133588 
0.0654553577164 0.0083659708433 -0.0204696299706 0.0187801972367 0.0013750311461 -0.00583040879427 0.0185509621442 0.0300707005263 0.0493728292145 -0.00182217858399 0.0152645619853 0.0286474342347 -0.0016980615522 0.0299208002982 0.0147197577854 0.46943572808 -0.0042687082771 0.00184590216065 -0.00315307240581 0.0409956261813 0.0297211645237 0.0442396590567 0.00578507213357 0.0223590728947 0.0393556456746 0.016095297178 0.0198696982814 0.00783424127084 0.0348565794456 -0.0226314763232 0.0121058764387 0.0262111313378 -0.000812331878886 0.0130162555502 0.0154482984317 0.0283089491389 0.00674754755613 0.0117403063985 0.0202438769802 0.00995403013724 0.0235932718612 -0.00195915625671 0.0648513927872 0.0154591089445 0.0510613307911 0.00775882013085 0.0285503073017 0.0409922579083 0.0223809265774 0.00685230216294 
0.0250025355384 0.0355498462285 -0.0027691678255 0.0140473796928 0.00754356553274 0.0408058423275 0.00390460396275 0.00647083387036 0.0167794336788 0.0384322575013 0.00722717764365 0.0156126955861 0.0127077430389 0.0133309082774 0.0128221658065 -0.0042687082771 0.222321900288 0.01524610503 0.00605077781422 0.010419200552 0.00195123785175 -0.00183078032738 0.0362358730578 0.00928550149377 0.0138796407404 -0.00202905113858 -0.000514600765418 -0.0106262082435 0.0234440873262 0.0200091302828 -0.000235549487756 0.00870803402708 0.00481958169028 0.0093441473058 0.0121812406948 0.0294451700102 0.0202720264756 0.000444099067734 0.00610958436805 0.0143420865894 0.00171396422845 0.00522743892079 0.0218794814219 0.041986019714 0.00405769685681 0.0288131833241 0.0163104364974 0.00671072484182 -0.00185927048687 0.00142062834579 
0.0182993465864 0.00352766442477 0.00174081645916 0.016634799449 0.0059006692672 0.00284531863547 -0.00126282814126 0.0160234320531 0.00231588752417 0.00709460639437 0.00883622255409 0.00717045962362 0.000288397761202 0.0265200430328 0.00785885258243 0.00184590216065 0.01524610503 0.188218499387 0.00261746757842 0.0170698205522 0.0159361193507 0.0104032878432 0.0175530598298 0.0184795427053 0.0167548869517 0.00144221162357 0.0108717799342 0.0229127387468 0.016274274276 0.0130911269371 0.0242019904656 0.0137291346819 0.0131692762134 0.0122013457436 0.0216313237115 0.00724694486366 0.0161916320477 0.0122146569737 0.00730584754996 0.00938888838855 0.00372732629047 0.0165722230347 0.0168382610172 0.0112842962974 0.0155689664267 0.0137623780337 0.0244052425063 0.00582265304571 0.0134489994293 0.0109826003311 
0.0222476682774 0.0056713935426 0.0200048919603 0.0054709503618 0.0239731489293 0.0154862666649 0.00666292650576 0.0214275239428 -0.00135149146048 0.000434184867487 0.0167465544582 -0.0028886621987 0.0038538923729 -0.00595283300162 0.00642619037254 -0.00315307240581 0.00605077781422 0.00261746757842 0.2017555466 0.00093863573735 0.0010540801366 0.00253310788499 0.00427307858257 -0.00823885508607 0.0153436069793 -0.00390664762982 -0.00527790259457 -0.00798032011666 0.0192510684576 0.0175970403451 -0.00501726913818 0.0145789245959 0.0133948784476 -0.00279974568111 0.00737138855192 0.000647839766918 0.0164214285714 0.0106199957165 -0.00614790300925 -0.00308799541105 0.00215565040384 0.00850113085225 0.00589767435614 0.0103714155592 0.0151123739238 0.00650522485887 -0.000972536376232 0.0156028349283 0.00427846234527 0.0239631580283 
0.053668690333 0.0068870339027 0.00536780745025 0.0301611446559 0.00323926167932 0.0611225712821 0.0284021366071 0.0369137858015 0.0138163400675 0.019221640895 0.000446096448156 0.0232239521016 0.0134209718877 0.0308380150979 0.0224161541874 0.0409956261813 0.010419200552 0.0170698205522 0.00093863573735 0.261791450442 0.0471612702168 0.0300985235269 0.00642986455808 0.0145768647907 0.0434902650227 0.0160371866237 0.0382672013293 0.0205271582127 0.0720125633363 0.0227516298863 0.0171351504164 0.0193921754987 0.0103173452937 0.0196525332414 0.0332607070241 0.0147694926149 0.0239948321188 0.0415246264897 0.0130480822038 0.0269502244822 0.0278914987566 0.00970828526187 0.0859940103521 0.0195454880213 0.0425399730453 0.0164696363176 0.0266323825408 0.040889136515 0.0192295707242 0.000219034522131 
0.0199899499813 0.0129010841378 0.0281628504246 0.0457604668421 0.00453340440238 0.0247929795724 0.0247026386262 0.024426957556 0.00881711100775 0.0208823325647 0.0110218497087 0.0166800728665 0.00479456065423 0.0371663169127 0.0205074917954 0.0297211645237 0.00195123785175 0.0159361193507 0.0010540801366 0.0471612702168 0.198383440949 0.0101147649111 0.0178570510562 0.0268324797415 0.0187057758975 0.00342570542678 0.0381405370299 0.0143285080929 0.0364562145118 0.0167033828829 0.0225651425967 0.00751234456442 0.00343595536136 0.0110710656459 0.0521110121365 0.0191835370975 0.0181910929849 0.0093176547116 0.0209525938025 0.0274302714443 0.0229390251292 0.01045988578 0.0566383597178 0.0127936849689 0.0274619543899 0.0375240873381 0.0184920639937 0.0149843472103 0.0178528980887 0.0151013263548 
0.0654923160204 0.000950777788647 -0.0021321994754 0.00839100512102 0.00194817237742 0.0175063904893 0.0141955557711 0.0221742377442 0.0478488732484 0.00646538014777 -0.00309787881247 0.00162662757174 0.0072731242702 0.0341274644097 0.00405815539012 0.0442396590567 -0.00183078032738 0.0104032878432 0.00253310788499 0.0300985235269 0.0101147649111 0.453475906089 0.0135909197442 0.0229407694611 0.0277422613916 -0.0165801426218 0.0206844767474 0.0219963281574 0.0434757676345 -0.00346271729284 0.0182283287978 0.0202108565768 0.0120691381707 -0.00333285619192 0.0114959436665 -0.0014725876728 0.0165025927193 0.0194559787147 -0.0025327390946 0.00787308769141 0.012674073391 0.00799479387302 0.11895657023 0.00023823024498 0.0381619747781 -0.00449114867045 0.0408789834755 0.0348631622913 0.0283829464147 0.00519962475313 
0.0191481112599 0.0241920889679 0.00100958453202 0.0361220094129 0.0109000575884 0.0265173420773 0.00331366590357 0.00159892744771 0.00221071618344 0.0209983011584 0.00207810698009 0.000875648324111 0.00233909930061 -0.00585051988501 0.0126398641775 0.00578507213357 0.0362358730578 0.0175530598298 0.00427307858257 0.00642986455808 0.0178570510562 0.0135909197442 0.381374792081 0.0234281740103 0.00535129141763 0.00686615723463 0.0132516850772 0.0178710298874 0.0148539940927 0.011544273828 -0.0111886142235 0.00619906684292 0.00984729253605 0.0081836299808 0.0174992419668 0.0132105572596 0.0105397632007 0.0280872331353 0.0125022700589 -0.00686574625474 0.00433780072969 -0.00317603827884 0.0175646762618 0.0120167233025 0.0226956927053 0.0041177084839 -0.0107151112444 -0.000984750814271 0.0112966886195 0.0136509746217 
0.021971126863 0.00171614510559 0.00623922611068 0.0075630537017 0.0056983649641 0.018127262103 0.0133562970597 0.0189214665893 0.0140137782543 -0.000595603358378 0.0152979124002 0.0200820112889 0.0148315250009 0.012479769419 0.0139547459875 0.0223590728947 0.00928550149377 0.0184795427053 -0.00823885508607 0.0145768647907 0.0268324797415 0.0229407694611 0.0234281740103 0.286255563695 0.0167789070305 0.00702408322673 0.0366399672721 0.0115086603224 0.0274992929728 0.00867156872427 0.00837775308072 0.00926846643569 0.0172699527282 0.00982783292858 0.00832648827965 0.00140300152823 0.0226782689126 0.0159030528216 0.00421924628652 0.012550403186 0.0245897983127 0.0042122512117 0.0458306318684 0.00235931578971 0.0188344803109 0.0040416286805 0.0167227603172 0.0256480279375 0.0127074554442 0.00208538475276 
0.0410377383525 -0.000142770588051 0.00171464015815 0.0433288813878 0.00855719923781 0.02804666991 0.0207621249446 0.0331280578086 0.0135747851975 0.0141323762821 0.0116514235313 0.0164036263755 0.0033343086904 0.0343630937168 0.0266036649234 0.0393556456746 0.0138796407404 0.0167548869517 0.0153436069793 0.0434902650227 0.0187057758975 0.0277422613916 0.00535129141763 0.0167789070305 0.230590229113 0.00624172641728 0.0361979419158 0.010601375698 0.0411387585076 0.0254554859424 0.0226371072828 0.0122364202386 -0.00234150255766 0.0246997289732 0.0246772466569 0.0267719051873 0.0176518540146 0.0211548972349 0.0103602279557 0.0192044936482 0.0310027199001 0.0181393136845 0.0229837330188 0.016329338058 0.0286967622151 0.0156189609124 0.0213187747726 0.0446087145851 0.0260782990978 -0.00507193556447 
-0.00632989533604 0.0071041639127 0.00367604309005 0.00574275016889 -0.00394135090061 0.0127507666716 0.0101477100727 0.00408076872253 0.00449809337006 0.00314485633998 0.00740414338865 0.00158809787976 0.0114600263866 0.0140818068396 0.00767592679124 0.016095297178 -0.00202905113858 0.00144221162357 -0.00390664762982 0.0160371866237 0.00342570542678 -0.0165801426218 0.00686615723463 0.00702408322673 0.00624172641728 0.245070052356 0.0225649005546 0.0080760267363 0.00828017448644 -0.00354536744008 0.00602020575324 0.00969077605119 0.00191295487467 -0.00363489389945 0.0045857158635 0.00685224180495 -0.00153843387759 0.0174405192451 0.0197862080186 -0.00147049833153 0.00576660974656 0.00160823003384 0.0198398971653 -0.00124091394543 0.0202347281256 0.00930485336243 0.00991270173836 0.0271303126462 0.0127151925377 -0.00123238935372 
0.0388388098456 -0.0034437490897 0.0105136385377 0.0236592612216 -0.00905381284242 0.0252893532833 0.034263659319 0.0260936140986 0.00556961443889 0.00933841929356 0.00523346863868 0.00561575994805 0.00864676322423 0.0308010231869 0.0154411078887 0.0198696982814 -0.000514600765418 0.0108717799342 -0.00527790259457 0.0382672013293 0.0381405370299 0.0206844767474 0.0132516850772 0.0366399672721 0.0361979419158 0.0225649005546 0.441896863636 0.0102364854846 0.0402591053654 0.0169903209413 0.0776951869339 0.0120029732552 0.00735379827278 0.0344335135771 0.0169002785729 0.0392389281173 0.0232792366052 0.0645892078736 0.0163082214318 0.0239992732659 0.0416501635691 0.00505693980151 0.0854106827834 -0.0108069696308 0.0710954130712 0.0239276396856 0.0197922265338 0.0413024820884 0.044512007995 0.0133311063005 
0.0197529864614 0.00177478434732 0.00291717928272 0.0104310676978 0.0140311432313 0.0117349092085 0.00894678321111 0.0221059135491 -0.00251303480255 0.0122712670668 0.0178956859581 0.0117638030902 0.00308088784882 0.013922532599 0.0101543199824 0.00783424127084 -0.0106262082435 0.0229127387468 -0.00798032011666 0.0205271582127 0.0143285080929 0.0219963281574 0.0178710298874 0.0115086603224 0.010601375698 0.0080760267363 0.0102364854846 0.298361165152 0.0156142876304 0.00182820119231 0.0236456104032 -0.00126079763878 0.0116445412331 0.0108981850225 0.0238883186603 0.0401916875885 0.0152344557741 0.0136155449534 -0.0154850603666 0.033572969521 0.0141721566339 0.00613255721268 0.0297077275505 0.00625474183742 0.00390434275974 0.0261153216028 0.00675103317997 0.035257922815 0.0196249151945 0.0182186169593 
0.0459589353861 0.00810314671033 0.0200538368103 0.0230318565567 0.0104207372418 0.0421919197204 0.0111180784586 0.0434423610849 0.00937753940119 0.0269003794744 0.0111990929254 0.0170066628508 0.00216412887954 0.0300415878841 0.0308016994043 0.0348565794456 0.0234440873262 0.016274274276 0.0192510684576 0.0720125633363 0.0364562145118 0.0434757676345 0.0148539940927 0.0274992929728 0.0411387585076 0.00828017448644 0.0402591053654 0.0156142876304 0.252342537977 -0.000758709061458 0.013533672373 0.0153695562344 -0.0015911828159 0.0256717685107 0.0240225767268 0.0269964343596 0.0170094409419 0.0307914455532 0.0186568156936 0.0139308214726 0.012868247456 0.00809845095169 0.124878928007 0.0199833420777 0.0496479326403 0.0134480364797 0.0295690062606 0.0404076008089 0.0235078985954 0.0135487172337 
0.00673062861273 0.00663481339257 0.0248632757644 0.00396277615853 0.014073041198 0.0547257866609 0.00561976696727 -0.00455695242283 0.00338280652961 0.0155081064589 -0.0170716337811 0.0192338090732 0.0072649284116 -0.00254870463709 -0.00208810436807 -0.0226314763232 0.0200091302828 0.0130911269371 0.0175970403451 0.0227516298863 0.0167033828829 -0.00346271729284 0.011544273828 0.00867156872427 0.0254554859424 -0.00354536744008 0.0169903209413 0.00182820119231 -0.000758709061458 0.498088707035 0.0172496335871 0.00254289535133 -0.00925342868629 -0.000697780265241 0.0116680805044 0.0163521936379 0.0101102916704 0.00845889022614 0.00495949898374 0.0077760045118 0.0124039073727 0.00514502430802 0.0141246701342 0.0143485115458 0.0134920486888 0.0228280903365 0.00197802585889 7.93223681431e-05 0.0138676603006 0.022040017609 
0.024192075135 -0.00388055769384 0.00730644451124 0.00803125402631 -0.0117218359342 0.00453836831449 0.0175230354326 0.0212166517065 0.0185041847989 -0.0140985125216 0.00325073615281 0.0146990924668 0.013952529889 0.0092225779814 0.0107431920344 0.0121058764387 -0.000235549487756 0.0242019904656 -0.00501726913818 0.0171351504164 0.0225651425967 0.0182283287978 -0.0111886142235 0.00837775308073 0.0226371072828 0.00602020575324 0.0776951869339 0.0236456104032 0.013533672373 0.0172496335871 0.283915181838 0.0109449622955 0.0286157900623 0.000444766809346 0.0099594364844 0.0271663625125 0.0246696613619 0.0367862226501 0.00131488556541 0.0124716102148 0.0378148441127 0.000187710172332 0.0399651581993 0.00598339557215 0.0178402438148 0.0194229291599 0.00903116641173 0.0177257789871 0.0198182935046 0.0304749916063 
0.00866589647588 0.00386218134469 0.0196205394611 0.0190260877865 0.0140868214938 0.0422292584669 0.0153838068298 0.000875870167506 -0.0115657992615 0.00388118573745 0.0126010942731 0.00846683985725 0.0199164228768 0.00144248013533 0.0260770074851 0.0262111313378 0.00870803402708 0.0137291346819 0.0145789245959 0.0193921754987 0.00751234456442 0.0202108565768 0.00619906684292 0.00926846643569 0.0122364202386 0.00969077605119 0.0120029732552 -0.00126079763878 0.0153695562344 0.00254289535133 0.0109449622955 0.257958292434 -0.0125621557463 0.015439998882 0.0126503882516 0.0448323322901 0.00374394281554 0.00394225025828 -0.00638893478101 0.0103867597538 0.0190901272814 0.00100554303086 -0.00463099122305 0.0172120512813 -0.00142987393102 0.0113313527718 0.0325220949872 0.0111939077499 0.0221842419961 0.0287689474609 
0.00583489847294 0.000228764190307 0.0221802637576 -0.00216314208601 0.00915081362168 0.00156600469452 0.00765766933364 -0.0304363408438 0.00962198088354 0.00626849157711 0.0275159126938 0.0398123344355 -0.00846087253027 0.0137609303729 0.00254953715784 -0.000812331878886 0.00481958169028 0.0131692762134 0.0133948784476 0.0103173452937 0.00343595536136 0.0120691381707 0.00984729253605 0.0172699527282 -0.00234150255766 0.00191295487467 0.00735379827278 0.0116445412331 -0.0015911828159 -0.00925342868629 0.0286157900623 -0.0125621557463 0.636585856041 -0.00516573847681 0.0153363508893 -0.0312039580171 0.00762414588199 -0.0032170351332 0.0171532536072 0.020934224262 0.00498022451831 0.0147188051974 0.00394411464733 0.00750958651706 -0.0330250389684 -0.00300042290416 0.0240638581523 0.0180935158911 0.00400357919602 -0.0204082651978 
0.0169626160385 0.013502005786 0.0169291312747 0.0114471674642 0.00553243372303 0.0183987599117 0.0115295667421 0.0176173604908 0.0097806151125 0.011386014664 0.00813339138152 0.0162015749535 0.00324184978648 0.0177892180489 0.0122928184036 0.0130162555502 0.0093441473058 0.0122013457436 -0.00279974568111 0.0196525332414 0.0110710656459 -0.00333285619192 0.0081836299808 0.00982783292858 0.0246997289732 -0.00363489389945 0.0344335135771 0.0108981850225 0.0256717685107 -0.000697780265241 0.000444766809346 0.015439998882 -0.00516573847681 0.243516062621 0.0220257028863 0.039727227177 0.0123966511949 0.0120675697086 0.000713354778454 0.0109319890785 0.0120551105108 0.00595203567914 0.0262191370843 0.0112661069684 0.0180476738728 0.0182423959498 -0.00766682320023 0.0104826094782 0.0150735520684 0.00592888513542 
0.0240839466693 0.0192861694788 0.00871077093213 0.0442815718759 0.00847244383491 0.0134643508847 0.0169889453237 0.0271921953372 0.00190296856115 0.0290152005593 0.0162425165884 0.00630913815145 0.00910672222058 0.014013806878 0.0210515421177 0.0154482984317 0.0121812406948 0.0216313237115 0.00737138855192 0.0332607070241 0.0521110121365 0.0114959436665 0.0174992419668 0.00832648827965 0.0246772466569 0.0045857158635 0.0169002785729 0.0238883186603 0.0240225767268 0.0116680805044 0.0099594364844 0.0126503882516 0.0153363508893 0.0220257028863 0.161677893399 0.0348620299841 0.0112932087388 0.0288335529625 0.00737354909394 0.00769579597008 0.00634432015458 0.0120846396773 0.0375825134647 0.0190593570341 0.019831458761 0.0219551484534 0.0127219834912 0.020095129022 0.0209531754002 0.0208665547842 
0.0153057370379 0.0148356006215 0.00362856628386 0.0173590814792 0.0277972468664 0.00323453625776 0.00566455977404 0.108276642746 -0.00122454528979 0.0265663684011 0.0241704626124 0.0130545042465 0.0115924266833 0.0358027377559 0.00108998154956 0.0283089491389 0.0294451700102 0.00724694486366 0.000647839766918 0.0147694926149 0.0191835370975 -0.0014725876728 0.0132105572596 0.00140300152823 0.0267719051873 0.00685224180495 0.0392389281173 0.0401916875885 0.0269964343596 0.0163521936379 0.0271663625125 0.0448323322901 -0.0312039580171 0.039727227177 0.0348620299841 0.635531248382 0.0119457860273 0.0464517148788 0.0202918008693 0.0113416368485 0.00800151806504 0.00944730855192 -0.00919794742947 0.00972275923178 -0.0155458963512 0.0397310968201 0.00673085929994 0.0271818159178 0.026806952002 0.0299627735526 
0.0224915429316 0.00723735489131 0.00245347663749 0.0133254501426 0.0239710994736 0.00063317524806 0.0160851162749 0.0192680453849 0.0193841731231 -0.00621768196265 0.0050724285703 0.00868130285521 0.0124904787456 0.00496611447575 0.0134387686659 0.00674754755613 0.0202720264756 0.0161916320477 0.0164214285714 0.0239948321188 0.0181910929849 0.0165025927193 0.0105397632007 0.0226782689126 0.0176518540146 -0.00153843387759 0.0232792366052 0.0152344557741 0.0170094409419 0.0101102916704 0.0246696613619 0.00374394281554 0.00762414588199 0.0123966511949 0.0112932087388 0.0119457860273 0.230851759072 0.0220603065179 0.0108942215788 0.0392783694952 0.000671693671793 0.00454802246904 0.0254673890771 -0.00598214924502 0.046660426008 0.00922617819819 0.0232266560029 0.0317491700072 0.0110052769821 0.0144082833775 
0.0135955239806 0.0076253829854 0.0219286460696 0.012439198761 0.00890493262318 0.018670024995 0.0133589859945 0.0426602999375 0.00763512510335 0.0031723616014 0.0046676403385 0.0189256858828 0.00978194163178 0.0184532249369 0.0329792803044 0.0117403063985 0.000444099067734 0.0122146569737 0.0106199957165 0.0415246264897 0.0093176547116 0.0194559787147 0.0280872331353 0.0159030528216 0.0211548972349 0.0174405192451 0.0645892078736 0.0136155449534 0.0307914455532 0.00845889022614 0.0367862226501 0.00394225025828 -0.0032170351332 0.0120675697086 0.0288335529625 0.0464517148788 0.0220603065179 0.278598019179 0.0155090031528 0.0178200545378 0.019643620887 0.00633294140163 0.0197873468372 -0.00432888000567 0.0139052907721 0.0233815101362 -0.00386500594929 0.0406017389119 0.0065323417982 0.0191248230748 
0.0173965400257 0.00416250640462 -0.0110397957604 0.0150020565029 0.00356378216802 0.00848797653255 0.00865079428686 0.0235080669082 0.0214834082139 0.00247743954977 0.0995626439291 0.0186953328523 -0.0119973286175 -0.00154830056015 0.0112964832921 0.0202438769802 0.00610958436805 0.00730584754996 -0.00614790300925 0.0130480822038 0.0209525938025 -0.0025327390946 0.0125022700589 0.00421924628652 0.0103602279557 0.0197862080186 0.0163082214318 -0.0154850603666 0.0186568156936 0.00495949898374 0.00131488556541 -0.00638893478101 0.0171532536072 0.000713354778454 0.00737354909394 0.0202918008693 0.0108942215788 0.0155090031528 0.594476580145 -0.00814213006849 0.0108474824816 0.00925282096436 0.0220989710259 0.00417314951983 0.0294509030142 0.00488199606687 -0.00872605892686 0.0072017482369 0.014460339849 0.00806697992845 
0.0357364709341 0.0150569219132 0.0221299861559 0.0238161307268 0.00397867034448 0.000555522978463 0.018343570464 0.0219353235055 0.016158903298 0.00484953665748 0.0228725259486 0.0089525901037 0.00144061152494 0.0174242192409 0.0164650940253 0.00995403013724 0.0143420865894 0.00938888838855 -0.00308799541105 0.0269502244822 0.0274302714443 0.00787308769141 -0.00686574625474 0.012550403186 0.0192044936482 -0.00147049833153 0.0239992732659 0.033572969521 0.0139308214726 0.0077760045118 0.0124716102148 0.0103867597538 0.020934224262 0.0109319890785 0.00769579597008 0.0113416368485 0.0392783694952 0.0178200545378 -0.00814213006849 0.317996358378 0.0213142961427 0.00306753558693 0.031659767766 0.0101909444874 0.00658797858566 0.0232714392243 0.0240181116638 0.0163825855351 0.0196159274236 -0.00691910333563 
0.0320138546519 0.000518351240897 0.0257276114435 0.0149712008004 0.000479508282769 -0.0032082829829 0.0216154161403 0.0149828247892 0.0148348480227 -0.000750629300732 -0.0115264761765 0.0207820649168 0.0104429287433 0.03286131387 0.0117477571363 0.0235932718612 0.00171396422845 0.00372732629047 0.00215565040384 0.0278914987566 0.0229390251292 0.012674073391 0.00433780072969 0.0245897983127 0.0310027199001 0.00576660974656 0.0416501635691 0.0141721566339 0.012868247456 0.0124039073727 0.0378148441127 0.0190901272814 0.00498022451831 0.0120551105108 0.00634432015458 0.00800151806504 0.000671693671793 0.019643620887 0.0108474824816 0.0213142961427 0.220290366014 0.0134449300538 0.0420077459856 0.00344313924335 0.0343990146928 0.011150448795 0.0167240336216 0.0265760401951 0.0207782452316 0.00933598732763 
-0.00216151972017 0.0149206926351 0.00367456785313 0.00748171377128 0.00211435862604 -0.00818113377474 0.0106066474419 0.0131072867126 0.00440163409548 0.00770482984915 0.016126115577 0.0196630436371 0.0461178635308 0.0158794288712 0.0138240683941 -0.00195915625671 0.00522743892079 0.0165722230347 0.00850113085225 0.00970828526187 0.01045988578 0.00799479387302 -0.00317603827883 0.0042122512117 0.0181393136845 0.00160823003384 0.00505693980151 0.00613255721268 0.00809845095169 0.00514502430802 0.000187710172332 0.00100554303086 0.0147188051974 0.00595203567914 0.0120846396773 0.00944730855192 0.00454802246904 0.00633294140163 0.00925282096436 0.00306753558693 0.0134449300538 0.208326306988 0.0171682288769 0.0119095420823 0.0145691030569 0.00119863882361 0.00947267563528 0.0169717986599 0.00742879199449 0.00242948035184 
0.101197871207 -0.00129134638352 0.0332744132463 0.0276385960139 0.0166091771017 0.0528419827108 0.0181725674822 0.0572805476066 0.0245521566349 0.0262444735837 0.0106755401237 0.0269465359337 0.00776766317162 0.0411049726877 0.0495919928541 0.0648513927872 0.0218794814219 0.0168382610172 0.00589767435614 0.0859940103521 0.0566383597178 0.11895657023 0.0175646762618 0.0458306318684 0.0229837330188 0.0198398971653 0.0854106827834 0.0297077275505 0.124878928007 0.0141246701342 0.0399651581993 -0.00463099122305 0.00394411464733 0.0262191370843 0.0375825134647 -0.00919794742947 0.0254673890771 0.0197873468372 0.0220989710259 0.031659767766 0.0420077459856 0.0171682288769 0.606628147561 0.0145845141865 0.100925426139 0.0285633559966 0.039991097184 0.0657111610008 0.047547862683 0.00792548249803 
0.0280972119182 0.0378125638066 0.026565682933 0.0221796823499 0.00677539715944 0.0530510559234 -0.000670661425931 0.00445939754074 0.00576550278127 0.0424492103686 -0.00559334713866 -0.000788171104531 0.00395538101437 0.00654779760046 0.00743948437674 0.0154591089445 0.041986019714 0.0112842962974 0.0103714155592 0.0195454880213 0.0127936849689 0.00023823024498 0.0120167233025 0.00235931578971 0.016329338058 -0.00124091394543 -0.0108069696308 0.00625474183742 0.0199833420777 0.0143485115458 0.00598339557215 0.0172120512813 0.00750958651706 0.0112661069684 0.0190593570342 0.00972275923178 -0.00598214924502 -0.00432888000567 0.00417314951983 0.0101909444874 0.00344313924335 0.0119095420823 0.0145845141865 0.19232182703 -0.00561881999275 0.0126403234154 0.00657097582546 0.00491193239049 -0.00719023392576 0.0123818565796 
0.069916535334 0.000232276278258 0.0462766074247 0.0209531480071 -0.0086664455548 0.0104327911056 0.0463261043677 0.028543463394 0.0310201478641 0.00340757995115 0.0107181110646 0.0142141379888 0.00290315994925 0.0430310535444 0.0208359259622 0.0510613307911 0.00405769685681 0.0155689664267 0.0151123739238 0.0425399730453 0.0274619543899 0.0381619747781 0.0226956927053 0.0188344803109 0.0286967622151 0.0202347281256 0.0710954130712 0.00390434275974 0.0496479326403 0.0134920486888 0.0178402438148 -0.00142987393102 -0.0330250389684 0.0180476738728 0.019831458761 -0.0155458963512 0.046660426008 0.0139052907721 0.0294509030142 0.00658797858566 0.0343990146928 0.0145691030569 0.100925426139 -0.00561881999275 0.618446377058 -0.00420922983611 0.0199435653576 0.0532009244499 0.0520410130391 0.0152720387308 
0.028350545176 0.0163449641436 0.0645305792994 0.0114528226979 0.000531401829629 -0.0111153354054 0.0240624520543 0.0233512143613 -0.00962609746006 0.0120934259693 0.0202477720126 -0.00492591293995 0.0324998739908 0.0217077395995 -0.0088744224388 0.00775882013085 0.0288131833241 0.0137623780337 0.00650522485887 0.0164696363176 0.0375240873381 -0.00449114867045 0.0041177084839 0.0040416286805 0.0156189609124 0.00930485336243 0.0239276396856 0.0261153216028 0.0134480364797 0.0228280903365 0.0194229291599 0.0113313527718 -0.00300042290416 0.0182423959498 0.0219551484534 0.0397310968201 0.00922617819819 0.0233815101362 0.00488199606687 0.0232714392243 0.011150448795 0.00119863882361 0.0285633559966 0.0126403234154 -0.00420922983611 0.341855846121 0.0166934489047 0.00288711345374 0.0229923091619 0.00745958964721 
0.0436286685502 0.00985315669919 0.00813967405226 0.00639815614531 0.0128043419592 0.0169828244353 0.0270903060911 0.0139629321738 0.0256918667059 0.015266491036 0.00883553460796 0.0181248946542 0.0191460244978 0.0417721375935 0.0143230736975 0.0285503073017 0.0163104364974 0.0244052425063 -0.000972536376231 0.0266323825408 0.0184920639937 0.0408789834755 -0.0107151112444 0.0167227603172 0.0213187747726 0.00991270173836 0.0197922265338 0.00675103317997 0.0295690062606 0.00197802585889 0.00903116641173 0.0325220949872 0.0240638581523 -0.00766682320023 0.0127219834912 0.00673085929994 0.0232266560029 -0.00386500594929 -0.00872605892686 0.0240181116638 0.0167240336216 0.00947267563528 0.039991097184 0.00657097582546 0.0199435653576 0.0166934489047 0.227746692704 0.0209674715643 0.0153007567641 0.00163840395168 
