60
0.0357111585815 0.0265193363437 0.0231907610599 0.0784336943662 0.0572050688987 0.0354646018646 0.126958151155 0.0299059053764 0.0335830315084 0.0970140476379 0.0115927538848 0.0256056876134 0.0482651065397 0.023015295127 0.0261881624723 0.0256345374975 0.166074759161 0.0780955523414 0.0429032651101 0.0285995604788 0.00873698993333 0.0388313797841 0.22311845274 0.0124927962784 0.0289058353667 0.0244433913508 0.199130076205 0.0396221554001 0.0738036440579 0.0395396308246 0.143796644659 0.0621529110589 0.153319254475 0.0437869579852 0.0843714281037 0.0589662330248 0.107238949757 0.110783759143 0.0270240384822 0.0179151897049 0.135299445153 0.0635798530397 0.105459344027 0.0197813299257 0.197480990077 0.044891801276 0.128222495688 0.0331056926512 0.0441448787565 0.0716450377603 0.050100863095 0.0629738483482 0.0831725949645 0.15717092416 0.0333203023267 0.0389775871913 0.0545934085328 0.0911559741232 0.0285507317948 0.0254946283421 
0.279968498152 0.0165971112879 0.0257169450132 0.0404700042741 0.0186306826456 0.0119393576779 -0.00494680247917 0.0356272964138 0.00456606744211 0.0167526060428 0.0106075141918 0.0105724368098 0.0366495120414 0.0188385973587 0.0132426027735 0.0133898386086 0.0404879096342 0.00115846362714 0.0268092081263 0.031704789225 0.00945517558249 0.0267825605284 0.0323927217652 0.0103130069215 0.0208579939564 0.0100597790785 0.0206042175081 0.00581248073864 0.0211005186981 0.0550894433531 0.0454200035291 0.0213791183277 0.0324265166408 0.0368617818889 0.00939108625422 0.0147439955834 0.0150136108344 0.00674295297491 0.000795079918221 0.0250234055091 -0.00848444765752 0.00326139640497 0.0437590704352 0.0101109582539 0.00627691534474 0.026442704598 0.0291033541704 0.0134461803455 0.0125940734331 0.00565406861287 0.00299731241938 -0.00152339935121 0.0158748209177 0.01187185187 0.00628800936651 0.0128354987075 0.0209714904622 0.0193602366516 0.0056717576334 0.000947541628376 
0.0165971112879 0.205051836091 0.0140313147297 0.00442521783974 0.00957390498534 0.00306488865434 0.00784176554714 0.0163087618497 0.00909300447922 0.0101898036162 0.0137210424989 0.00806259444554 0.00914147396696 0.00757029293293 0.00962816334221 0.0149829380434 0.0134480164346 0.0161469212032 0.0184436048952 0.0141006910005 0.00955874137416 0.0123198495431 0.00960709675891 0.0049294138131 0.00315531919471 0.00535224018119 0.00278061001225 0.00938849309262 0.0227884884778 0.0146261424504 0.020433040595 0.00515112481077 0.0154793754232 -0.00701197731898 -0.0058727506695 0.000509991705689 0.00623821025539 0.0160553326321 0.00739214814665 0.0147663564172 0.0434949226687 0.00102032088305 0.0160206831944 0.00736521442051 0.0175907911032 0.0374377683517 0.015183421471 0.0119068864836 0.0128005950368 0.0250702128999 0.016350488693 -0.00622295623092 0.00830196701861 0.00999628969997 0.0157230336872 0.00571186127091 0.015388742703 0.0255365226866 0.00843762427383 0.0007920501326 
0.0257169450132 0.0140313147297 0.215783616031 -0.00172998063934 0.00880722038008 0.00472151831189 -3.23808098136e-06 0.0432585682516 -0.00794775274279 0.0100882000331 -0.000869303172677 0.0171049664775 0.00950984063505 0.0106422115616 0.0073879217782 0.00757792596705 0.014872410737 -0.00315866642178 0.0315162897919 0.0295789979653 0.0162970861829 0.014445782047 0.0119070325286 -0.000934652018522 0.0454350239629 0.0105074497788 0.0111328648172 0.0127368910002 0.0172885169765 0.00740782690285 0.0199708063341 0.00646884582711 0.0104095618027 0.0196324672148 -0.00813051629007 0.0102675898888 0.0157809345437 0.0326946487985 0.00290558416135 0.00859631176446 -0.00168349899625 0.0199444257332 0.0135518129139 0.0113436210812 0.0289995662838 0.00967229249132 0.00786242826 0.00506883644045 0.0273014661584 -2.48084160069e-05 0.00135866701399 -0.00305925115952 0.0520310231743 0.00378384660505 0.00324279537439 0.0253420271818 0.0137054954694 0.00501244204566 0.000719547188661 0.0101342327296 
0.0404700042741 0.00442521783974 -0.00172998063934 0.359657174696 0.0100299107328 0.0248488126878 0.0158962169973 0.00328588898401 0.00831129591125 0.0139444153398 0.00299432458794 0.00367510281627 0.0271459023644 0.0259180248412 0.0301949699355 0.00836268211307 -0.0103174327096 0.0086860931209 0.0226504567771 -0.00260980350175 0.0127443458888 0.0130383161597 0.0122561316118 0.00357862125851 0.00738234200698 0.0109578701647 0.00354608040819 0.00876800541173 0.00142812800968 0.0415518289922 0.0169029715009 -0.00605497141017 0.00786401575458 0.0519732507758 0.00145644086141 -0.00191707318677 0.00176861933341 0.0298541703262 0.00880733801292 0.00428618218246 0.0113472517136 0.000819582969316 0.00374536897949 0.00977302812491 -0.0134756202711 0.0221792196266 0.00926171965086 0.0203104351308 0.0123158978258 -0.00461886214923 0.00880107865817 0.00736013366915 -0.00130770801437 0.0505937345197 0.0229782555396 0.010919653981 0.0210490842463 0.0183118035533 -0.0113967854052 0.0129274830379 
0.0186306826456 0.00957390498534 0.00880722038008 0.0100299107328 0.245533118833 -0.00641913092208 0.0251440555347 0.00933946715929 0.00327640533419 0.0379435247041 0.0192403733319 0.0099055057637 0.0261515952712 0.0103974126243 0.0181522594607 0.0105722187677 0.0229954509054 0.0155924726998 0.0181800355453 0.0168643900446 0.0041873044124 0.0159974297207 0.0381473632612 0.0132690932998 0.00952536814911 -0.000397008682194 0.0224368408793 0.0158185831688 0.00678062720214 0.0109532923955 0.035729629644 0.0140321213934 0.0302256057089 0.0183043316244 0.00997623210366 0.0036269111936 0.0240961689803 0.0740830424134 0.00197423803762 0.00307796725992 0.027813070847 0.0136173885751 0.00847312916665 0.011113700169 0.0146498350899 0.0158099443175 0.0303526003629 0.00309537926226 0.0131818041384 0.00403857925401 0.0137912925288 0.00954299387678 0.0324487511675 0.0342067934371 0.00910560042193 0.00162761980351 0.0289305484313 0.0334773350261 0.000198405839531 0.0159305725519 
0.0119393576779 0.00306488865434 0.00472151831189 0.0248488126878 -0.00641913092208 0.194544620987 0.0288607146884 0.00733401788783 -0.00120851467764 0.0167655027177 0.0118493842563 0.00259345076976 0.0020443051132 0.0176580550364 -0.00123349769354 0.00285028973469 0.0150274036643 0.0228809151188 -0.000529839222282 -0.00507607534012 0.00931401904914 0.0113406712841 -0.00419064893753 0.00314134275815 0.0113303976332 0.000146686366046 0.0183163705589 0.0106997956664 0.008691647917 0.000828054878995 0.0121419793996 -0.00572087291738 0.0175038376693 0.0266875635871 0.0126648417467 -0.00907643922178 -0.00254475890492 7.37891488708e-05 -7.42052065338e-05 0.016022614643 0.0238159890978 0.00610024147643 -0.00394226424395 0.0117089035388 -0.00666804456282 0.00493541906457 0.0222514397737 0.0465937150237 0.0125270979301 0.00888479092841 0.0142918129449 0.0159567967027 0.0198999487224 -0.00867637387936 0.00859045247284 0.0189023923641 0.0163670347119 -0.000909773988963 -0.00134751277379 0.0463384348973 
-0.00494680247917 0.00784176554714 -3.23808098149e-06 0.0158962169973 0.0251440555347 0.0288607146884 0.399299448832 -0.00619152387135 -0.00551923375266 0.0670331985114 0.0138247127082 0.00473502877424 0.00625397560565 0.00946758962996 0.00678329638186 0.0114693085941 0.07121040279 0.00497199457109 0.0165369421666 -0.00874903015494 -0.000115073955821 0.0341938071367 0.026319536856 0.014743583943 -0.00125923325473 -0.000242108036363 0.0759149214409 0.00803956780779 0.000886856839443 -0.00425375978592 0.0248220115835 0.00130054096127 -0.00412887239665 0.00562772837612 0.0143267951558 0.0101385997486 0.00600270641568 0.0254748404579 -0.0115381253593 0.0117129926586 0.128804130183 0.00969886359777 -0.00477823284615 0.012436689482 0.00491423004405 0.0439199165694 0.0415006631581 0.0447649995919 0.0128203153888 -0.00112313258918 0.0269322900725 0.118633233193 0.0166554931045 0.0218122822635 0.0164060844162 -0.0018870687746 0.0362530762784 0.0355346317817 0.00465185411239 0.0252600424823 
0.0356272964138 0.0163087618497 0.0432585682516 0.00328588898401 0.00933946715929 0.00733401788783 -0.00619152387135 0.263425053268 0.012446655959 0.0311046735519 0.00818360341152 -0.00041329784964 0.0185935325976 0.00941718760299 0.0189951474471 0.000205449004249 0.0140762277831 0.0122457259942 0.0116755970802 0.0462231806643 0.00772515155124 0.0120870581734 0.00224259263301 0.0180025633349 0.0323875944156 0.0108913345759 0.00452752605472 0.0155528693008 0.00338711147963 0.0102784050218 0.0200042836256 0.0143017282878 0.0107754252352 0.0142993641776 0.00284295916407 0.00963139025275 -0.00579969152608 0.0222458115745 0.00477523555948 0.0123905944947 -0.000143293229167 0.00702747436236 0.0026234015077 0.0071543475704 0.0144632598058 0.0243718636473 0.0200497815487 0.00889596753665 0.0239858756447 0.0178945336624 0.00539021200694 0.0078786049534 0.0246959947029 0.0300988992503 0.00321650041438 0.0203723244352 0.0289237974218 0.0225988262247 0.00587644032022 0.0108589882636 
0.0045660674421 0.00909300447922 -0.00794775274279 0.00831129591125 0.00327640533419 -0.00120851467764 -0.00551923375266 0.012446655959 0.279778555641 0.028138942402 0.00690690076265 -0.00343410378988 0.0206824828626 0.0126340014322 0.00191820752725 0.00598781248796 0.00467368650114 0.0300986075111 0.0143469679544 -0.00445075486931 0.0112573461034 0.0168632238123 0.101841934742 0.015076065312 0.0108439218866 0.000700572569437 0.0166404915275 0.00991285251893 0.0229932609232 0.0120352222741 0.0317634070476 -0.00232367681977 0.0192075908362 -0.00467424616933 0.00406666832054 0.0171548326066 0.0248006302132 0.050172371895 0.0163490738545 0.00317039294542 0.00536639792019 0.0443119735346 0.0300758176708 -0.00466748449307 0.0280854126828 0.0199149661011 0.0434364725577 0.0111341668641 0.0274928248173 0.05265798649 0.010929257325 0.00285191784273 0.00918962684366 0.0342297646948 0.0117652958009 0.0180709804742 0.0191984065917 0.0132417324488 0.0161004483961 0.00887563374505 
0.0167526060428 0.0101898036162 0.0100882000331 0.0139444153398 0.0379435247041 0.0167655027177 0.0670331985114 0.0311046735519 0.028138942402 0.554270169296 0.0144911372591 0.00468568871884 0.0292477059409 0.019553198826 0.0358152677654 0.0137660998748 0.0672281141851 0.0133711392785 0.0160726728764 0.0441683934856 0.00448847395165 0.0266156685276 0.0536120452778 0.0476902251816 0.0146584951838 0.018997045825 0.0495587912566 0.0283844269405 0.0345098662472 0.0206908628557 0.0607003972796 0.0414881572434 0.0895001011458 0.0254851073694 0.0305622974069 0.0485587568316 0.0276383843113 0.048261705671 0.0149765936008 0.00647352948684 0.0600657402792 0.0437476946506 0.0664999695204 0.0264420308154 0.0549066515859 0.0317704265673 0.0666208182835 0.0266587571215 0.0308845443381 0.0277479945028 0.0213422945895 0.0287653958616 0.0675809142553 0.0617970242868 0.0434721461685 0.029646031403 0.0414040758104 0.0326804643479 0.0305872931993 0.00880105496878 
0.0106075141918 0.0137210424989 -0.000869303172678 0.00299432458794 0.0192403733319 0.0118493842563 0.0138247127082 0.00818360341151 0.00690690076265 0.0144911372591 0.135152157969 0.00414389760278 0.0221277578571 0.013999755142 0.00892927198273 0.0164947513959 0.0245272398458 0.00941402359949 0.0122586263321 0.00585879111862 0.0109573785676 0.00494939565653 0.0147178915632 0.0167442077488 0.0211416025439 0.00770041297376 0.0103593452845 0.0132998810193 0.00312536940192 0.00983985490315 0.0230974659517 0.0120151209998 0.00985438863193 0.0178113641378 0.00472041653021 0.0187913211982 -0.000574887648092 0.0229368978342 0.00884698860368 0.0102730721797 0.00339641627293 0.0182971399622 0.00849894396985 0.0171850262435 0.00638265255135 0.0164338840061 0.0263547282882 0.00307192048426 0.0207985039058 0.0195458610593 0.0111062613692 0.0106448194224 0.0215439203438 0.00889026955409 0.00804621046654 -0.00535494199111 0.00926993251204 0.00927509682675 0.0051381063849 0.0115149741208 
0.0105724368098 0.00806259444554 0.0171049664775 0.00367510281627 0.0099055057637 0.00259345076976 0.00473502877424 -0.00041329784964 -0.00343410378988 0.00468568871884 0.00414389760278 0.214563339845 0.0110312649692 -0.00351219170394 0.00835926213297 0.0342572668384 0.00630234958212 0.00387394069736 0.00242750441984 0.0104387742576 0.0157787754726 0.00648351556916 0.00565473534733 0.0136594682562 0.017755894414 0.0195213987419 0.0048525455691 0.0131377703284 0.0114083043983 0.00904526475193 0.012983356371 0.0164878507512 0.0271494109967 0.0123389047408 -0.0026249612226 0.00999181511861 0.0108057992394 0.0158517313706 0.0107704107294 0.00330111544308 0.00543551693904 0.0103543933098 0.0300124078005 0.00502106781215 -0.00578660400263 0.0111589889264 0.00494194516934 0.00564307605385 0.00149048268159 0.0105937242482 0.0171888253951 -0.00701537451536 0.00634084605384 0.00544562719507 0.0155811452131 -0.000543852128182 0.0145466994732 0.00216424793944 0.0097873304839 0.00659925105451 
0.0366495120414 0.00914147396696 0.00950984063505 0.0271459023644 0.0261515952712 0.0020443051132 0.00625397560565 0.0185935325976 0.0206824828626 0.0292477059409 0.0221277578571 0.0110312649692 0.296419140514 0.00579147234106 0.00856251206153 0.0288080788777 0.00836312517406 0.00727433338715 0.0208308115841 0.0405317689224 0.00729105734357 0.008827544632 0.02300874152 0.0031767952487 0.0127231314349 0.00264354130883 0.00828736752783 0.0262837780484 0.0175583185831 0.044244192522 0.0161392069163 0.0168803351433 0.00931617203715 0.0148946814189 0.0114052539138 0.0184972064851 0.0208968713546 0.0472253492261 0.0115134713266 0.00621080725913 0.00964561930067 0.0145375918905 0.0163683279835 0.00726116167527 0.0288551265852 -0.000706125830412 0.0396776571065 -0.00315146075097 0.0219103794476 0.0156501332079 0.00565625985418 0.00622196515798 0.0138572526401 0.00788177507081 0.0126968112984 0.00355082715674 0.0276159775438 0.0310591043336 0.0221944351615 0.00735353300653 
0.0188385973587 0.00757029293293 0.0106422115616 0.0259180248412 0.0103974126243 0.0176580550364 0.00946758962996 0.00941718760299 0.0126340014322 0.019553198826 0.013999755142 -0.00351219170394 0.00579147234106 0.137196370739 0.0121694617003 0.0135662551413 0.0171775987889 0.00380766643216 0.00837563869881 0.0199983233036 0.0191233143442 0.0116844504656 0.00759043947251 0.0132268441505 0.0163007999063 0.0125534945478 0.0180011848111 0.0176771529789 0.00343031829543 0.00564239857069 0.0220061763211 -0.00431555969218 0.0320851079151 0.0238942683453 0.0049099917311 0.0106683396192 0.0335589382842 0.0181016730445 0.0232990593801 0.0100956387572 0.0109646416513 0.0309833349784 0.0102906329881 0.027504396888 0.00940820888457 0.00988896346499 0.0142796773475 0.0123412687633 0.0209673251137 0.0087371127279 0.00218273325836 0.00698088930807 0.0161173183558 0.00455698478622 0.00858461441461 0.0232869549882 0.0061949356002 0.00671464955494 0.0103795127553 0.00910869329648 
0.0132426027735 0.00962816334221 0.0073879217782 0.0301949699355 0.0181522594607 -0.00123349769354 0.00678329638186 0.0189951474471 0.00191820752725 0.0358152677654 0.00892927198273 0.00835926213297 0.00856251206153 0.0121694617003 0.250920340171 0.0130942647796 0.0058116077354 0.000236963590321 0.0224514741851 0.0076131468054 0.0030499290096 0.0331927211649 0.00171388986771 0.0353418791894 0.0129016568628 0.00321394879983 0.0106799776582 0.0133266301154 0.00432773233045 0.0108106593898 0.0126642989983 0.0285711308756 -0.00195904759872 0.0214818935238 -0.00023462813317 0.0103001251414 0.0260590779201 0.0134452862672 0.00449881934746 0.0197209409329 0.00506778243853 0.0204612566508 0.0113007421116 0.00667207073321 0.0129666643039 0.0175263584066 0.019935178023 0.0101691033933 0.0065775025789 0.00245406171565 0.0139013121306 0.0098724725243 0.00737613679129 0.0219510547333 0.0164647304978 0.0190359780308 0.0186838448175 0.0235095131123 -0.00442036635354 0.000531772497138 
0.0133898386086 0.0149829380434 0.00757792596705 0.00836268211307 0.0105722187677 0.00285028973469 0.0114693085941 0.000205449004249 0.00598781248796 0.0137660998748 0.0164947513959 0.0342572668384 0.0288080788777 0.0135662551413 0.0130942647796 0.174114581784 0.0287942826555 0.00257278949757 0.0165474807234 0.00877460084327 0.0121214805529 0.00844736442433 -0.00228796391448 0.0107123318553 0.00934320483601 0.0123033960363 0.00124397444645 0.0100294234242 -0.00524744184219 0.0131683478669 0.00311364237035 0.0198855883976 0.0154384881765 0.0128057809306 0.00605687768656 0.00689752983987 0.0162101895993 0.00761848270769 -0.0012733944406 0.00635131375648 -0.000384870209241 0.0148523691917 0.00832672343968 0.00784585759987 0.0156310421999 0.0204868495324 0.0127308453508 0.00926132833215 0.0133157650193 0.00407618104936 0.0100976403552 -0.00711307659811 0.00847733700594 0.0102800279422 0.00986387525241 0.00773708847211 0.00042556006392 0.0165960132351 0.0053982434871 0.0214085287206 
0.0404879096342 0.0134480164346 0.014872410737 -0.0103174327096 0.0229954509054 0.0150274036643 0.07121040279 0.0140762277831 0.00467368650114 0.0672281141851 0.0245272398458 0.00630234958212 0.00836312517406 0.0171775987889 0.0058116077354 0.0287942826555 0.461686731699 0.0393089532669 0.0382478153534 0.0103800036413 0.0255094925146 0.0259621922086 0.0364161729354 0.0190821877608 0.0205804845866 0.00861325307087 0.156985836197 0.0215348009528 0.0573374893138 0.0243812536305 0.10253391502 -0.00340107953456 0.0179582876693 0.0324011846771 0.055294478022 0.0217361625314 0.0397635920228 0.0420689876546 0.00550804760211 0.017969396994 0.0815933911454 0.0168481455553 0.0237089448505 0.0170675469486 -0.0125345570028 0.0447767826772 0.0662317343586 0.0224256102752 0.0383625557158 0.0127443870467 0.047179577981 0.0361023812884 0.0332702004536 0.0414887027497 0.0220831962949 0.0373522368145 0.0561256553885 0.0586479458444 0.0254502307705 -0.00840982761232 
0.00115846362714 0.0161469212032 -0.00315866642178 0.0086860931209 0.0155924726998 0.0228809151188 0.00497199457109 0.0122457259942 0.0300986075111 0.0133711392785 0.00941402359949 0.00387394069736 0.00727433338715 0.00380766643216 0.000236963590321 0.00257278949757 0.0393089532669 0.471300899671 -0.00342324649339 0.00416260397698 0.0113698122268 0.0657811066337 0.0149264976408 0.00732499255365 0.00540934470443 0.0144010631135 0.0270846272923 0.01662781769 0.0129539648513 0.00175320331996 0.0230917655098 0.0232928999102 0.0170308695914 0.00770226907985 0.310251921337 0.0149783716569 0.076290990679 0.0283836280041 0.0156295552786 -0.015661748919 0.0122179656343 0.0164080766203 0.0229581313283 -0.000938559847324 0.00668131309837 0.0209636518392 0.00891471245905 0.0104941742394 0.0472543331269 0.0036410930978 0.0177368420556 0.00328204660164 0.0255782082846 0.0237175677563 0.0021718477706 0.0130828884321 0.03105215858 0.0319991315344 0.0169451919389 -0.000373474935607 
0.0268092081263 0.0184436048952 0.0315162897919 0.0226504567771 0.0181800355453 -0.000529839222282 0.0165369421666 0.0116755970802 0.0143469679544 0.0160726728764 0.0122586263321 0.00242750441985 0.0208308115841 0.00837563869881 0.0224514741851 0.0165474807234 0.0382478153534 -0.00342324649339 0.260431588274 0.00927185148054 0.00392147550714 0.00875108217806 0.0509544174594 0.0201212953736 0.0333857774364 0.0104619039184 0.0176444594349 0.0117078059947 0.0400328841353 0.0181513386939 0.0666463973639 0.0176263714139 0.022830257442 0.0308723520043 0.0164952023871 0.0230551823843 -0.00139314292357 0.0450016094806 0.00305711977637 -0.00118006871215 0.0241479408861 0.0209608244436 0.0328352643722 0.0122237098762 -0.000596381984701 0.0213016011724 0.0171470211086 0.0127042216566 0.0328378736402 -0.00560037959069 0.00276843732099 0.0106688322199 0.0143937090181 0.00601782844117 0.0183131147621 0.0271427056611 0.0295589639872 0.0252507288268 0.0138507907621 0.00438627304243 
0.031704789225 0.0141006910005 0.0295789979653 -0.00260980350175 0.0168643900446 -0.00507607534012 -0.00874903015494 0.0462231806643 -0.00445075486931 0.0441683934856 0.00585879111862 0.0104387742576 0.0405317689224 0.0199983233036 0.0076131468054 0.00877460084327 0.0103800036413 0.00416260397698 0.00927185148054 0.259205368997 -0.00164856783574 0.0174759199017 -0.0359738187916 0.0126244580694 0.0371545082448 0.00717518291224 0.0123289306648 0.025987625421 0.00864068641491 0.0207101860383 0.033155476377 0.0141655253198 0.0371384627826 0.0313968431565 -0.0117288093497 0.0111957537283 0.0242218709669 0.00748726375961 0.0172246899862 0.00393624677513 -0.00344779543328 0.022863371413 0.0171261094637 0.0307998027076 0.0310709066877 0.02544656461 0.0251739406567 0.0089927572361 0.0323841227113 -0.00113111378494 0.022778013688 -0.0140376661518 0.0130699390846 0.0211605017595 0.0214175540806 0.0196055105567 0.0155511558893 0.00630320442742 0.0265405637618 0.00382335022723 
0.00945517558249 0.00955874137416 0.0162970861829 0.0127443458888 0.0041873044124 0.00931401904914 -0.000115073955822 0.00772515155124 0.0112573461034 0.00448847395165 0.0109573785676 0.0157787754726 0.00729105734357 0.0191233143442 0.0030499290096 0.0121214805529 0.0255094925146 0.0113698122268 0.00392147550714 -0.00164856783574 0.107582727536 0.00400208945851 0.00531652498227 0.0131640688143 0.0102001875249 0.0159042737443 0.0133914738574 0.012366476831 -0.000868922677478 0.0124367651452 0.00786390127535 0.00673287497667 0.00958114755887 0.00753609634044 0.00923084085764 0.00121219630505 0.0172805795285 0.00990890254989 0.00912492487355 0.0140099379224 0.00827433411239 0.0140554777316 0.00932640615519 0.00827432210481 0.00615219747912 0.0180194452127 0.0124056690049 0.00784789289401 0.00752174944102 0.0079372691615 0.00535427526103 0.0020530678979 0.0123268912896 0.00393442629377 0.0197615363775 0.00954231861981 0.0104911927751 0.0128141929442 0.0071679248328 0.0120353699068 
0.0267825605284 0.0123198495431 0.014445782047 0.0130383161597 0.0159974297207 0.0113406712841 0.0341938071367 0.0120870581734 0.0168632238123 0.0266156685276 0.00494939565653 0.00648351556916 0.008827544632 0.0116844504656 0.0331927211649 0.00844736442433 0.0259621922086 0.0657811066337 0.00875108217806 0.0174759199017 0.00400208945851 0.394199754457 0.0188319036718 0.0274574801058 0.00782192030734 0.000500399025157 -0.0326486854792 0.0109574682012 0.0147051401392 0.00848219298007 0.0293139061882 0.0434004738965 0.0328154632515 -0.00232618092943 0.0159808474719 0.00775141129794 0.00829651102571 0.0148349731736 3.65331588265e-05 0.0337268325397 0.00332439028434 0.00163980094657 0.0184407491451 0.00634297635974 0.0217557991382 0.0291109918295 0.0199349219132 0.000957928764028 0.015202605912 0.00174118677788 0.00792453487299 0.0100117006385 0.0267914706485 0.00326094219902 0.0187720254226 -0.00729690764979 0.0392231429134 0.0419493178547 0.0100181530653 -0.000926865593337 
0.0323927217652 0.00960709675891 0.0119070325286 0.0122561316118 0.0381473632612 -0.00419064893753 0.026319536856 0.00224259263301 0.101841934742 0.0536120452778 0.0147178915632 0.00565473534733 0.02300874152 0.00759043947251 0.00171388986771 -0.00228796391448 0.0364161729354 0.0149264976408 0.0509544174594 -0.0359738187916 0.00531652498227 0.0188319036718 0.892158179342 0.0202163871474 0.0275706937287 -0.00362652612291 0.00880800335866 0.0128575689069 0.0356520061294 0.0377914254629 0.0486583761748 0.0177330624681 0.0766260625424 -0.00520778173896 0.0561040555671 -0.00339639948523 0.0766438284446 0.0758822952914 0.00748151274595 0.0136459241062 0.0374279792234 0.043208426838 0.0108166633282 0.00942148241701 0.0693660409995 0.0359204879711 0.0727695723548 0.0210780289242 0.0231146499466 0.00920355022355 0.0170345547475 0.016891094004 0.0120681923528 0.0759940345709 0.00133624645671 0.0205921369576 0.0506718367949 0.0243940386293 0.00761225306653 0.0219740821825 
0.0103130069215 0.0049294138131 -0.000934652018521 0.00357862125851 0.0132690932998 0.00314134275815 0.014743583943 0.0180025633349 0.015076065312 0.0476902251816 0.0167442077488 0.0136594682562 0.0031767952487 0.0132268441505 0.0353418791894 0.0107123318553 0.0190821877608 0.00732499255365 0.0201212953736 0.0126244580694 0.0131640688143 0.0274574801058 0.0202163871474 0.168411025334 0.00945897118916 0.00590631640994 0.0132979951821 0.0132626346524 0.0335885882779 0.00512528404409 0.00521068173314 0.0141372842731 0.013860743591 0.0132362948427 0.00401937990933 0.013582797061 0.0198373324853 0.018153536777 0.00602063148468 0.0131041437129 0.00216876782176 0.0156741914416 0.00470120086228 0.0157872147362 0.0474255444751 0.0152639724835 0.00938870711288 0.0184108687587 0.0092070048517 0.009124120271 0.019401648907 0.00610648217831 0.0112966997755 0.00385414994639 0.0152168189844 0.00971455230727 0.00739319995795 0.026204655797 0.0222046095976 0.00287889681951 
0.0208579939564 0.00315531919472 0.0454350239629 0.00738234200698 0.00952536814911 0.0113303976332 -0.00125923325473 0.0323875944156 0.0108439218866 0.0146584951838 0.0211416025439 0.017755894414 0.0127231314349 0.0163007999063 0.0129016568628 0.00934320483601 0.0205804845866 0.00540934470443 0.0333857774364 0.0371545082448 0.0102001875249 0.00782192030734 0.0275706937287 0.00945897118916 0.216188957599 0.0217113225649 0.0160705835817 0.0179113906897 0.0176539531868 0.00854232714421 0.0552706651999 0.0107334558039 0.0278818189103 0.0174794588158 0.00379875836495 0.0130879405208 0.0281597000038 0.012178762138 0.0207254261577 0.000825596269464 0.0297578240776 0.0298385354508 -0.0117761080082 0.0111031016633 0.0323548359398 0.0164294519599 0.0146669153771 3.69907518593e-05 0.0236552109825 0.0216858835062 0.00362299621594 -0.000260962059626 0.0438277166382 0.0301641522684 0.0187613363234 0.0328150235905 0.0102254047801 0.0156420352603 0.0156880916781 0.01008966218 
0.0100597790785 0.00535224018119 0.0105074497788 0.0109578701647 -0.000397008682195 0.000146686366045 -0.000242108036363 0.0108913345759 0.000700572569436 0.018997045825 0.00770041297376 0.0195213987419 0.00264354130883 0.0125534945478 0.00321394879982 0.0123033960363 0.00861325307087 0.0144010631135 0.0104619039184 0.00717518291224 0.0159042737443 0.000500399025157 -0.00362652612291 0.00590631640994 0.0217113225649 0.183081579968 0.00223576698506 0.00867476400577 0.00207170557168 0.00330205812886 0.00797314133355 0.0129908417747 0.00672796803274 0.00224510361352 0.0279412019492 0.0080474467933 -0.0029517027387 0.0105727198189 0.0200189456337 0.00304069657957 0.00940063917183 0.00675484224545 0.00617602956085 0.0167995207969 0.0175081237217 0.0125653496988 0.00762504264137 0.00924467096773 0.0177645214612 0.00198105754706 0.0191414711045 -0.015212009045 0.0240182218892 0.016522577088 0.013139253126 0.0198941987885 0.0230733651954 0.0126709388433 0.00271263351936 -0.00118581411244 
0.0206042175081 0.00278061001225 0.0111328648172 0.00354608040819 0.0224368408793 0.0183163705589 0.0759149214409 0.00452752605472 0.0166404915275 0.0495587912566 0.0103593452845 0.0048525455691 0.00828736752783 0.0180011848111 0.0106799776582 0.00124397444645 0.156985836197 0.0270846272923 0.0176444594349 0.0123289306648 0.0133914738574 -0.0326486854792 0.00880800335866 0.0132979951821 0.0160705835817 0.00223576698506 0.584884450358 0.00127071483438 0.0323351921573 0.00389264432676 0.0703011307654 0.00186052984919 0.0439955137174 0.0340907460797 0.0362934871443 0.0152190621013 0.0554752539441 0.0705918644828 4.45008123725e-05 0.0235336360808 0.114483774438 -0.00809628949386 0.0528445622016 0.00417505529061 0.0171149965279 0.0103648815859 0.0267593727133 0.0167905941629 0.0228708937822 0.0222358578556 0.0484663212572 0.0455030376396 0.00421118704532 0.0391190932197 0.0270616436916 0.0199210999377 0.0414568164429 0.0660676478371 0.0155593784291 0.0112528843846 
0.00581248073864 0.00938849309262 0.0127368910002 0.00876800541173 0.0158185831688 0.0106997956664 0.00803956780779 0.0155528693008 0.00991285251893 0.0283844269405 0.0132998810193 0.0131377703284 0.0262837780484 0.0176771529789 0.0133266301154 0.0100294234242 0.0215348009528 0.01662781769 0.0117078059947 0.025987625421 0.012366476831 0.0109574682012 0.0128575689069 0.0132626346524 0.0179113906897 0.00867476400577 0.00127071483438 0.168606150419 0.00984974318358 0.0117626859485 0.0372309894276 0.00770742278572 0.0228476684915 0.0173600266238 0.00149509331299 0.0458726029695 0.0309237331188 0.024829759803 0.0252000453028 0.00651318165071 -0.00352215868151 0.0313814200356 0.0162056218091 0.0292441129756 0.0333581829593 0.00648372909949 0.0141516328006 0.031152197719 0.0465205169259 0.00314274863955 0.0158006046974 0.00284321672724 0.0162531058522 0.0136568518489 0.0196857712341 0.0240638780458 0.0168629149929 0.00573558615329 0.00542459670603 0.0147603660149 
0.0211005186981 0.0227884884778 0.0172885169765 0.00142812800968 0.00678062720214 0.008691647917 0.000886856839443 0.00338711147963 0.0229932609232 0.0345098662472 0.00312536940192 0.0114083043983 0.0175583185831 0.00343031829543 0.00432773233045 -0.00524744184219 0.0573374893138 0.0129539648513 0.0400328841353 0.00864068641491 -0.000868922677478 0.0147051401392 0.0356520061294 0.0335885882779 0.0176539531868 0.00207170557168 0.0323351921573 0.00984974318358 0.342614328074 -0.00443443487862 0.060133815519 0.0275727014102 0.0250264273565 0.0175660417919 0.0138236816258 0.0261951103921 0.0425004159478 0.0297806709946 0.00945725597831 0.0002719730204 0.00431531564358 0.0278714976364 0.0190873300288 0.00505222557424 0.0284465181368 0.02210803828 0.0205378246442 0.0196538565408 0.0128147067009 -0.00564906849304 0.0139711212836 0.0173705341705 -0.00437577202907 0.00668525202263 0.0187628178573 0.0150684762578 0.0361964759545 0.0207349358107 0.0113787064138 0.0166087110052 
0.0550894433531 0.0146261424504 0.00740782690285 0.0415518289922 0.0109532923955 0.000828054878995 -0.00425375978592 0.0102784050218 0.0120352222741 0.0206908628557 0.00983985490315 0.00904526475193 0.044244192522 0.00564239857069 0.0108106593898 0.0131683478669 0.0243812536305 0.00175320331996 0.0181513386939 0.0207101860383 0.0124367651452 0.00848219298007 0.0377914254629 0.0051252840441 0.00854232714421 0.00330205812886 0.00389264432676 0.0117626859485 -0.00443443487862 0.281194269363 0.0389287728385 0.0414601655311 0.020841219057 0.0123901249539 0.00647265472932 0.0209903035643 0.0121205294009 -0.000267250178284 0.0105660031499 0.00751606151267 0.00270640026205 0.0453620107883 0.0157829088579 0.0145905674902 -0.0179946037888 0.0223512204529 0.0197868588718 0.0101214446827 0.0100620801526 0.0149351845808 0.0158776769004 -0.0241915615827 0.0128462989767 0.0164455350253 0.02036333461 0.0081522639073 0.0214004383103 0.0285673339691 0.0011641490559 -0.00032748048553 
0.0454200035291 0.020433040595 0.0199708063341 0.0169029715009 0.035729629644 0.0121419793996 0.0248220115835 0.0200042836256 0.0317634070476 0.0607003972796 0.0230974659517 0.012983356371 0.0161392069163 0.0220061763211 0.0126642989983 0.00311364237035 0.10253391502 0.0230917655098 0.0666463973639 0.033155476377 0.00786390127535 0.0293139061882 0.0486583761748 0.00521068173314 0.0552706651999 0.00797314133355 0.0703011307654 0.0372309894276 0.060133815519 0.0389287728385 0.600382866368 0.03237918307 0.0860155430974 0.0410144457088 0.00928584669062 0.029534061194 0.0602111564249 0.0930468618493 0.0088624276932 0.0175991650975 0.0748726683126 0.0514771548066 0.0540055832305 0.0180859336884 0.0275047318793 0.0453826812232 0.0631743571255 0.0224538287924 0.0405158751293 0.0539780008945 0.0381663675037 0.0207754906599 0.0619578822725 0.0952731032 0.00407329790885 0.0572612451796 0.0514115567942 0.0415954305018 0.0364119653835 0.0165633830463 
0.0213791183277 0.00515112481077 0.00646884582711 -0.00605497141017 0.0140321213934 -0.00572087291738 0.00130054096127 0.0143017282878 -0.00232367681977 0.0414881572434 0.0120151209998 0.0164878507512 0.0168803351433 -0.00431555969218 0.0285711308756 0.0198855883976 -0.00340107953456 0.0232928999102 0.0176263714139 0.0141655253198 0.00673287497667 0.0434004738965 0.0177330624681 0.0141372842731 0.0107334558039 0.0129908417747 0.00186052984919 0.00770742278572 0.0275727014102 0.0414601655311 0.03237918307 0.317658386306 0.0260390014888 0.0145454064513 0.00823102679729 0.0269203163566 0.0361893623716 0.0189530190893 0.0192730363387 0.00193154901005 -0.00525606922403 0.00718714059888 0.0100949075575 0.00793050329271 0.000851120715604 0.0313365889986 0.0251589459101 0.00798333886664 0.0231930648055 -0.00150814872153 0.0326081967136 -0.00422557353814 0.0156685005658 0.0197916218015 0.0210585091915 0.0117919284758 0.0219752428687 0.0293237292414 0.0232722271976 0.00743249592271 
0.0324265166408 0.0154793754232 0.0104095618027 0.00786401575458 0.0302256057089 0.0175038376693 -0.00412887239665 0.0107754252352 0.0192075908362 0.0895001011458 0.00985438863193 0.0271494109967 0.00931617203715 0.0320851079151 -0.00195904759872 0.0154384881765 0.0179582876693 0.0170308695914 0.022830257442 0.0371384627826 0.00958114755887 0.0328154632515 0.0766260625424 0.013860743591 0.0278818189103 0.00672796803274 0.0439955137174 0.0228476684915 0.0250264273565 0.020841219057 0.0860155430974 0.0260390014888 0.608467606093 0.0138806846709 0.0259534701929 0.0210355591779 0.0353917165008 0.0476975210795 0.0284266221957 0.000591492549321 0.014384431403 0.0243854277985 0.0551879330945 0.00894128100736 0.023979616112 0.0281476225316 0.030918446484 0.000683677924801 0.0396749622722 0.0124420294636 0.00352132004596 -0.00720133959468 0.0217388838967 0.0487703636645 0.0188639757311 0.0286353470074 0.0207323755846 0.032998330393 0.022644137628 0.00587026563532 
0.0368617818889 -0.00701197731898 0.0196324672148 0.0519732507758 0.0183043316244 0.0266875635871 0.00562772837612 0.0142993641776 -0.00467424616933 0.0254851073694 0.0178113641378 0.0123389047408 0.0148946814189 0.0238942683453 0.0214818935238 0.0128057809306 0.0324011846771 0.00770226907985 0.0308723520043 0.0313968431565 0.00753609634044 -0.00232618092943 -0.00520778173896 0.0132362948427 0.0174794588158 0.00224510361352 0.0340907460797 0.0173600266238 0.0175660417919 0.0123901249539 0.0410144457088 0.0145454064513 0.0138806846709 0.264271167315 0.0261334800969 -0.00908305167722 -0.00063060462534 0.00848399981609 0.0130962737353 -0.0042283330144 0.0110536692272 0.0150102998569 -0.00324322332146 0.0158413308178 0.00994646808677 0.00853602501057 0.00171066752594 0.00272831175527 0.0140520980262 0.000438297520211 0.0201851881475 0.00283222179558 0.0106078754823 0.00116987689573 0.00867962542976 0.0178811431069 0.014333567631 -0.00596098758853 0.0187996271372 0.0130855463318 
0.00939108625422 -0.0058727506695 -0.00813051629007 0.00145644086141 0.00997623210366 0.0126648417467 0.0143267951558 0.00284295916407 0.00406666832054 0.0305622974069 0.00472041653021 -0.0026249612226 0.0114052539137 0.0049099917311 -0.00023462813317 0.00605687768656 0.055294478022 0.310251921337 0.0164952023871 -0.0117288093497 0.00923084085764 0.0159808474719 0.0561040555671 0.00401937990933 0.00379875836495 0.0279412019492 0.0362934871443 0.00149509331299 0.0138236816258 0.00647265472932 0.00928584669062 0.00823102679729 0.0259534701929 0.0261334800969 0.799018457001 0.0149131622781 0.060977601238 0.0125858259897 0.0054305843616 -0.0101375319342 -0.022951420115 0.00687781327734 0.0346015473591 0.00522208234722 0.0136314097903 0.00998343503462 -0.0076035129053 0.0106819179072 0.0356245880389 -0.0281900552735 0.0148556010679 -0.0292390097228 0.0249223572917 0.0383596474874 0.014233986537 0.0165296047272 0.025931156397 0.0137527388675 0.00663949141809 -0.00151303136555 
0.0147439955834 0.00050999170569 0.0102675898888 -0.00191707318677 0.0036269111936 -0.00907643922178 0.0101385997486 0.00963139025275 0.0171548326066 0.0485587568316 0.0187913211982 0.00999181511861 0.0184972064851 0.0106683396192 0.0103001251414 0.00689752983987 0.0217361625314 0.0149783716569 0.0230551823843 0.0111957537283 0.00121219630505 0.00775141129794 -0.00339639948523 0.013582797061 0.0130879405208 0.0080474467933 0.0152190621013 0.0458726029695 0.0261951103921 0.0209903035643 0.029534061194 0.0269203163566 0.0210355591779 -0.00908305167722 0.0149131622781 0.395456951979 0.0204094379616 0.0273519188933 0.002861592983 0.00608546122803 0.0096464276103 0.0203661751337 0.0313266011051 0.00710827175477 0.00184339731627 0.0142604524054 0.0203993626056 0.00551950265327 0.0258164320296 -0.00654422622928 0.0124929619201 8.62985607708e-06 0.00151427824882 0.0127546786183 0.023360023228 0.0258814691024 0.0194101244255 0.0225182722193 0.00144964825124 0.00312089250985 
0.0150136108344 0.00623821025539 0.0157809345437 0.00176861933341 0.0240961689803 -0.00254475890492 0.00600270641568 -0.00579969152608 0.0248006302132 0.0276383843113 -0.000574887648092 0.0108057992394 0.0208968713546 0.0335589382842 0.0260590779201 0.0162101895993 0.0397635920228 0.076290990679 -0.00139314292357 0.0242218709669 0.0172805795285 0.00829651102571 0.0766438284446 0.0198373324853 0.0281597000038 -0.0029517027387 0.0554752539441 0.0309237331188 0.0425004159478 0.0121205294009 0.0602111564249 0.0361893623716 0.0353917165008 -0.00063060462534 0.060977601238 0.0204094379616 0.450622898651 0.0600385175139 0.0238346171252 -0.000521300673596 0.0133583361123 0.0488122837375 0.0327833833335 0.0201354178947 0.0167301532155 0.0322165074578 0.0287866451229 0.00451379935337 0.0300167986887 -0.00920510631996 0.0533021907577 0.0318087432582 0.0271864643028 0.0188854594269 -0.00422199341195 0.0221233502283 0.0417373343293 0.0349241818656 0.0177060537208 0.0228550094139 
0.00674295297491 0.0160553326321 0.0326946487985 0.0298541703262 0.0740830424134 7.37891488709e-05 0.0254748404579 0.0222458115745 0.050172371895 0.048261705671 0.0229368978342 0.0158517313706 0.0472253492261 0.0181016730445 0.0134452862672 0.00761848270769 0.0420689876546 0.0283836280041 0.0450016094806 0.00748726375961 0.00990890254989 0.0148349731736 0.0758822952914 0.018153536777 0.012178762138 0.0105727198189 0.0705918644828 0.024829759803 0.0297806709946 -0.000267250178285 0.0930468618493 0.0189530190893 0.0476975210795 0.00848399981609 0.0125858259897 0.0273519188933 0.0600385175139 0.449480238163 0.0036008647972 0.0234098211562 0.0390099266994 0.0305440634118 0.032235272859 0.0150147853837 0.0962844774615 0.0274770062535 0.0359167837452 0.0079604288478 0.0319137803667 0.0254258330065 0.0179738999064 0.0146214211288 0.0181169426169 0.0723634659681 0.00349196376587 0.0155457235389 0.0508146034516 0.0428707319415 0.0198524742095 0.0209847374388 
0.000795079918221 0.00739214814665 0.00290558416135 0.00880733801292 0.00197423803762 -7.42052065338e-05 -0.0115381253593 0.00477523555948 0.0163490738545 0.0149765936008 0.00884698860368 0.0107704107294 0.0115134713266 0.0232990593801 0.00449881934746 -0.0012733944406 0.00550804760211 0.0156295552786 0.00305711977637 0.0172246899862 0.00912492487355 3.65331588262e-05 0.00748151274595 0.00602063148468 0.0207254261577 0.0200189456337 4.45008123723e-05 0.0252000453028 0.00945725597831 0.0105660031499 0.0088624276932 0.0192730363387 0.0284266221957 0.0130962737353 0.0054305843616 0.002861592983 0.0238346171252 0.0036008647972 0.209567564054 0.00373886834866 -0.00709645614159 0.0831750671977 0.0135842623109 0.0241326562085 0.00421559118889 0.00408654058501 0.0318265793899 0.00483238727 0.0315986438506 0.00567800641884 0.00346303216174 -0.00309167329747 0.0179440569816 0.0216979286442 0.0150497175188 0.0143239700266 0.00992117592538 0.0170079670628 -0.00138154763594 0.00493796633541 
