30
0.0155341374053 0.0766147585819 0.0634276035435 0.104903250727 0.0396221554001 0.0570579479668 0.0335346879574 0.045915457725 0.0378808118353 0.0502759777883 0.110783759143 0.039859092222 0.214537342356 0.0231907610599 0.0412963652708 0.0316848802341 0.0429032651101 0.0313696733512 0.0428749123775 0.0318751717172 0.0708595176859 0.02736418452 0.0260517267587 0.0420146984796 0.0128714932266 0.0764707668379 0.0623322546876 0.0612619406497 0.0307440439862 0.039970875035 
0.192640652078 0.0221395387508 0.0189980198001 0.0116119425101 0.00812930165997 0.00622843196001 0.00275764874223 0.00235548772343 0.0141676677973 0.00704396993591 0.00514231834467 0.00577215835879 0.00538691348027 0.00106115148261 0.00679540827188 0.00739056157818 0.00850397309219 0.0171564485079 0.0116561153954 -0.00122174399247 0.00921050448036 0.01443043654 0.0213143603336 0.00902409873847 0.00139808421653 0.0165080950162 0.0115646003268 0.00449841351314 0.0158673066925 0.0116582826408 
0.0221395387508 0.485443687011 0.0555758438636 0.0104940055759 0.0160222190814 0.0324096627937 0.0140643115887 0.0255511865221 0.0241820219537 0.00420424887834 0.0342774894658 0.0521334283535 0.095515084256 0.0197330937444 -0.00299014378709 0.0367048156948 0.0254403794993 0.0148203070192 0.0177784853293 0.00835201414273 0.00989017983477 0.012373894744 0.00932946069954 0.0213109210614 0.0134483646107 0.0554075446038 0.027106783369 0.0265171021697 0.0186173168534 0.0265967818874 
0.0189980198001 0.0555758438636 0.389645551027 0.0333964582459 0.0200259214113 0.00827330509291 0.0177126643473 0.00580891048238 0.0207856722747 0.0107003260543 0.0550218237176 0.0401026021693 0.0241555911135 0.00545589049544 -0.0051544821195 0.00156827387582 0.0308475614884 0.0102229353246 0.0407453184698 0.012202396609 0.0250167184803 0.0185093245223 0.0291546334801 0.0310340586453 0.0116616328241 0.0377882419924 0.013399207219 0.0143058858599 0.0330376048203 0.0294149050006 
0.0116119425101 0.0104940055759 0.0333964582459 0.47294464965 0.0261176652419 0.0264156071888 -0.000714736080465 0.0219306318991 0.025274024126 0.019849313415 0.0863684150552 0.0439477385304 0.0636993608044 0.027398828623 0.0130789797262 0.0221988546118 0.029312479098 0.0287614572154 0.0263304734478 0.0187489899564 0.0264907395274 0.0296364224312 0.0461661734622 0.0388075311365 0.0148390009199 0.0418586307951 0.0100319275426 0.0188023419223 0.0383356521653 0.0423342961347 
0.00812930165997 0.0160222190814 0.0200259214113 0.0261176652419 0.185593443452 0.0167796887489 0.034670598086 0.0167596383265 0.0302915204244 0.027964295888 0.0331526429743 0.0242181761213 0.0219234944368 0.0201065742303 0.0205228837695 0.0318151348987 0.0187643937026 0.0157754868883 0.0384238542895 0.0260115348319 0.0127268764573 0.0121851431301 0.0166818429422 0.013247850596 0.0110597869066 0.0310148277661 0.026967883578 0.00909102489056 0.0366072526168 0.0142740048306 
0.00622843196001 0.0324096627937 0.00827330509291 0.0264156071888 0.0167796887489 0.334172416063 0.0101771586076 0.00565964835405 0.000942400546806 0.0190788974337 0.0199956886898 0.0130938329839 0.0578510835094 0.0060253726674 0.00885992493065 0.0307418229986 0.00622325173056 0.0134983427875 0.0174557865844 0.0129797282778 0.0272700862907 0.0105076287663 0.0103500948223 0.0295240292334 0.0084817443434 0.00813151975308 0.011440856995 0.00577175115964 0.0178358682834 0.0297552798185 
0.00275764874223 0.0140643115887 0.0177126643473 -0.000714736080466 0.034670598086 0.0101771586076 0.234455066702 0.0122937397193 0.0114965862934 0.021453983129 0.0626321985307 0.00656552622059 -0.00120920090261 0.0136971720653 0.0170723668733 0.00497954563482 0.0132361258197 0.0108074361962 -0.00169375295076 0.0167200352439 0.0169215899342 0.0243040244489 0.00127518923862 0.00357948451291 0.0178968289167 0.00959795594374 0.00247741112316 0.00346105033837 0.0190489737789 0.00804452350104 
0.00235548772343 0.0255511865221 0.00580891048238 0.0219306318991 0.0167596383265 0.00565964835405 0.0122937397193 0.324665348815 0.0187033701085 0.0345439744542 0.0516213028474 0.0121708497779 0.0487922250205 0.0390129664395 0.00437008463658 0.0176463384448 0.0486269481435 0.00838205767892 0.0180140405212 0.0188190871597 0.0197613442193 0.0209552303467 0.0151488470221 0.0291332430827 -0.00149120401452 0.0201253114514 2.00900424256e-05 0.0170528758422 0.0289731209647 0.0136204432931 
0.0141676677973 0.0241820219537 0.0207856722747 0.025274024126 0.0302915204244 0.000942400546806 0.0114965862934 0.0187033701085 0.197593155321 0.0116363398009 0.0260494105498 0.0278585650965 0.0439228704307 0.0327099286675 0.0189685290616 0.0271782848942 0.0250972150638 0.022186888705 0.0186993782013 0.0246715822246 0.0170876128671 0.0134091764578 0.0198395578663 0.0232154521399 0.00825413491596 0.0176696145401 0.00671811907343 0.0175847329135 0.0304145006033 0.0193445983257 
0.00704396993591 0.00420424887834 0.0107003260543 0.019849313415 0.027964295888 0.0190788974337 0.021453983129 0.0345439744542 0.0116363398009 0.267809132056 0.0414475795707 -0.00136828257425 0.0258727845039 0.00393973940842 0.00897306282863 0.0107454984386 0.00996607336003 0.0193005255795 0.0284742456115 0.0193203277526 0.0043003246387 0.0284265604962 0.0242691625295 0.0236422273223 -0.00427054101799 0.02249335913 -0.00544794762667 0.0027215482816 0.0400708104401 0.0144862796871 
0.00514231834467 0.0342774894658 0.0550218237176 0.0863684150552 0.0331526429743 0.0199956886898 0.0626321985307 0.0516213028474 0.0260494105498 0.0414475795707 0.472793835693 0.0227729075049 0.12174939222 0.0356436676167 0.0199543580005 0.0380579928351 0.0544077658437 0.0203803744957 0.0327595734656 0.00821339053869 0.0200952562748 0.0416370345785 0.038528280875 0.0338154963157 0.0143104911491 0.0510391860005 0.00872356551529 0.0455812543428 0.0360700834744 0.0475111406282 
0.00577215835879 0.0521334283535 0.0401026021693 0.0439477385304 0.0242181761213 0.0130938329839 0.00656552622059 0.0121708497779 0.0278585650965 -0.00136828257426 0.0227729075049 0.27770689593 0.0393621888698 0.0149050565826 0.0103247624743 0.0295249507093 0.0263973687419 0.00674708308055 0.0234939439456 0.0103809442881 0.00529697899821 0.0191654272987 0.0261786050783 0.0310760414419 -0.00702475951277 0.0322229129048 0.0123545156702 0.0136860801955 0.0242263199519 0.0120952762636 
0.00538691348027 0.095515084256 0.0241555911135 0.0636993608044 0.0219234944368 0.0578510835094 -0.00120920090261 0.0487922250205 0.0439228704307 0.0258727845039 0.12174939222 0.0393621888698 0.96999424948 0.00051461817824 0.0307780439066 0.0145007068578 0.0209543387143 0.00875140274133 0.0295893131559 0.0129809833114 0.0167372840198 0.00365419229433 0.0350421030887 0.0330855293928 0.00764020280229 0.0711870166185 0.000197845681056 0.072368178921 0.025537184115 0.0396800395168 
0.00106115148261 0.0197330937444 0.00545589049544 0.027398828623 0.0201065742303 0.0060253726674 0.0136971720653 0.0390129664395 0.0327099286675 0.00393973940843 0.0356436676167 0.0149050565826 0.000514618178239 0.230269940104 0.0123186927164 0.0293249689757 0.0336613512498 0.0154317616119 0.020715613382 0.00952869313202 0.0118690331635 0.00628767473665 0.0109778415533 0.019591627688 0.000409699785793 0.0127066878833 0.0211506374991 0.0137765598335 0.0122881578563 0.0304479046247 
0.00679540827188 -0.00299014378709 -0.0051544821195 0.0130789797262 0.0205228837695 0.00885992493065 0.0170723668733 0.00437008463658 0.0189685290616 0.00897306282863 0.0199543580005 0.0103247624743 0.0307780439066 0.0123186927164 0.251364805889 0.0115621394398 0.00761919791755 0.0142720253236 0.0165986785293 0.0127919441861 0.00575265031848 0.0177015405818 0.00681449525518 0.0116076140452 -0.00261543573195 -0.00293223872746 0.00515385392635 0.0107056939587 0.0256961811128 0.00762358438788 
0.00739056157818 0.0367048156948 0.00156827387582 0.0221988546118 0.0318151348987 0.0307418229986 0.00497954563482 0.0176463384448 0.0271782848942 0.0107454984386 0.0380579928351 0.0295249507093 0.0145007068578 0.0293249689757 0.0115621394398 0.166689289791 0.022736161883 0.0120643899007 0.0162066289476 0.0263502703433 0.013446519529 0.0150180938681 0.0185917032812 0.0198817280546 0.00910834666991 0.046372689313 0.0127376024251 0.00488197286819 0.0265013702636 0.023805132682 
0.00850397309219 0.0254403794993 0.0308475614884 0.029312479098 0.0187643937026 0.00622325173056 0.0132361258197 0.0486269481435 0.0250972150638 0.00996607336003 0.0544077658437 0.0263973687419 0.0209543387143 0.0336613512498 0.00761919791755 0.022736161883 0.277010552699 0.0478878219633 0.0189539753776 0.0152317606543 0.00651326582914 0.0195791148089 0.0290373185609 0.0325600757448 -0.00203907102341 0.0413067813651 0.0175931444769 0.0171696188617 0.02283534484 0.031764690271 
0.0171564485079 0.0148203070192 0.0102229353246 0.0287614572154 0.0157754868883 0.0134983427875 0.0108074361962 0.00838205767892 0.022186888705 0.0193005255795 0.0203803744957 0.00674708308055 0.00875140274133 0.0154317616119 0.0142720253236 0.0120643899007 0.0478878219633 0.178108209948 0.00518776610296 0.018165831945 0.00764644514099 0.0296796038924 0.0177923193764 0.025647701817 0.00693252481404 0.0340610607909 0.00309113652175 0.0042440807604 0.0159631905505 0.0230782333034 
0.0116561153954 0.0177784853293 0.0407453184698 0.0263304734478 0.0384238542895 0.0174557865844 -0.00169375295076 0.0180140405212 0.0186993782013 0.0284742456115 0.0327595734656 0.0234939439456 0.0295893131559 0.020715613382 0.0165986785293 0.0162066289476 0.0189539753776 0.00518776610296 0.265072703531 0.0277383655265 0.0176512379503 0.0183904323412 0.01006220917 0.0146690060862 0.0118807417568 0.0220270540844 0.0139522543955 0.0206873010755 0.0294422066392 0.0119988227917 
-0.00122174399247 0.00835201414273 0.012202396609 0.0187489899564 0.0260115348319 0.0129797282778 0.0167200352439 0.0188190871597 0.0246715822246 0.0193203277526 0.00821339053869 0.0103809442881 0.0129809833114 0.00952869313202 0.0127919441861 0.0263502703433 0.0152317606543 0.018165831945 0.0277383655265 0.188936438163 0.0203269985245 0.0532946319394 0.00686972900944 0.0285392879697 0.00504278608727 0.0103191500576 -0.00309054445867 0.0250254354817 0.0229047614413 0.00331310334977 
0.00921050448036 0.00989017983477 0.0250167184803 0.0264907395274 0.0127268764573 0.0272700862907 0.0169215899342 0.0197613442193 0.0170876128671 0.0043003246387 0.0200952562748 0.00529697899821 0.0167372840198 0.0118690331635 0.00575265031848 0.013446519529 0.00651326582914 0.00764644514099 0.0176512379503 0.0203269985245 0.405996683453 0.00375711173069 0.0153673078867 0.0135541192237 0.012449343176 0.0301252538369 -0.0047688736432 0.0335520998097 0.00189311504066 0.0128981146306 
0.01443043654 0.012373894744 0.0185093245223 0.0296364224312 0.0121851431301 0.0105076287663 0.0243040244489 0.0209552303467 0.0134091764578 0.0284265604962 0.0416370345785 0.0191654272987 0.00365419229433 0.00628767473665 0.0177015405818 0.0150180938681 0.0195791148089 0.0296796038924 0.0183904323412 0.0532946319394 0.00375711173069 0.196688874321 0.0170395075795 0.0359437427144 -0.00191854044809 0.0190776859721 0.00287738036021 0.0222471708604 0.0245069282059 0.010064250093 
0.0213143603336 0.00932946069954 0.0291546334801 0.0461661734622 0.0166818429422 0.0103500948223 0.00127518923862 0.0151488470221 0.0198395578663 0.0242691625295 0.038528280875 0.0261786050783 0.0350421030887 0.0109778415533 0.00681449525518 0.0185917032812 0.0290373185609 0.0177923193764 0.01006220917 0.00686972900944 0.0153673078867 0.0170395075795 0.188616000277 0.00513073167627 -0.0018379586923 0.0336945648513 0.0177680544402 0.0117969239731 0.0297376904323 0.0289085465304 
0.00902409873847 0.0213109210614 0.0310340586453 0.0388075311365 0.013247850596 0.0295240292334 0.00357948451291 0.0291332430827 0.0232154521399 0.0236422273223 0.0338154963157 0.0310760414419 0.0330855293928 0.019591627688 0.0116076140452 0.0198817280546 0.0325600757448 0.025647701817 0.0146690060862 0.0285392879697 0.0135541192237 0.0359437427144 0.00513073167627 0.216144663458 0.00415150955876 0.013942806849 -0.011594029345 0.021164796437 0.025614806434 0.0140458686325 
0.00139808421653 0.0134483646107 0.0116616328241 0.0148390009199 0.0110597869066 0.0084817443434 0.0178968289167 -0.00149120401452 0.00825413491596 -0.00427054101799 0.0143104911491 -0.00702475951277 0.00764020280229 0.000409699785793 -0.00261543573196 0.00910834666991 -0.00203907102341 0.00693252481404 0.0118807417568 0.00504278608727 0.012449343176 -0.00191854044809 -0.0018379586923 0.00415150955876 0.22913081386 0.00723227674144 0.00458518072959 0.0091239753185 0.00918994045892 -0.00031571015304 
0.0165080950162 0.0554075446038 0.0377882419924 0.0418586307951 0.0310148277661 0.00813151975308 0.00959795594374 0.0201253114514 0.0176696145401 0.02249335913 0.0510391860005 0.0322229129048 0.0711870166185 0.0127066878833 -0.00293223872746 0.046372689313 0.0413067813651 0.0340610607909 0.0220270540844 0.0103191500576 0.0301252538369 0.0190776859721 0.0336945648513 0.013942806849 0.00723227674144 0.465811542445 0.00872866820786 0.0314170119533 0.0327130241072 0.0304838966164 
0.0115646003268 0.027106783369 0.013399207219 0.0100319275426 0.026967883578 0.011440856995 0.00247741112316 2.00900424255e-05 0.00671811907343 -0.00544794762667 0.00872356551529 0.0123545156702 0.000197845681057 0.0211506374991 0.00515385392635 0.0127376024251 0.0175931444769 0.00309113652175 0.0139522543955 -0.00309054445867 -0.0047688736432 0.00287738036021 0.0177680544402 -0.011594029345 0.00458518072959 0.00872866820786 0.53633378977 0.00598391862294 -0.00193193464357 0.00335043781003 
0.00449841351314 0.0265171021697 0.0143058858599 0.0188023419223 0.00909102489056 0.00577175115964 0.00346105033837 0.0170528758422 0.0175847329135 0.0027215482816 0.0455812543428 0.0136860801955 0.072368178921 0.0137765598335 0.0107056939587 0.00488197286819 0.0171696188617 0.0042440807604 0.0206873010755 0.0250254354817 0.0335520998097 0.0222471708604 0.0117969239731 0.021164796437 0.0091239753185 0.0314170119533 0.00598391862294 0.363886499935 0.0304141394154 0.0228670494328 
0.0158673066925 0.0186173168534 0.0330376048203 0.0383356521653 0.0366072526168 0.0178358682834 0.0190489737789 0.0289731209647 0.0304145006033 0.0400708104401 0.0360700834744 0.0242263199519 0.025537184115 0.0122881578563 0.0256961811128 0.0265013702636 0.02283534484 0.0159631905505 0.0294422066392 0.0229047614413 0.00189311504066 0.0245069282059 0.0297376904323 0.025614806434 0.00918994045892 0.0327130241072 -0.00193193464357 0.0304141394154 0.241328456535 0.0317203586589 
0.0116582826408 0.0265967818874 0.0294149050006 0.0423342961347 0.0142740048306 0.0297552798185 0.00804452350104 0.0136204432931 0.0193445983257 0.0144862796871 0.0475111406282 0.0120952762636 0.0396800395168 0.0304479046247 0.00762358438788 0.023805132682 0.031764690271 0.0230782333034 0.0119988227917 0.00331310334977 0.0128981146306 0.010064250093 0.0289085465304 0.0140458686325 -0.00031571015304 0.0304838966164 0.00335043781003 0.0228670494328 0.0317203586589 0.19806110372 

['MDP', 'QCOM', 'ASH', 'MON', 'CBSS', 'BF.B', 'BAX', 'UNM', 'LNC', 'UST', 'FSL.B', 'CIT', 'PMCS', 'ALL', 'KR', 'PFG', 'COL', 'NOC', 'CMCSA', 'FE', 'CMX', 'DUK', 'SEE', 'LTR', 'MDT', 'COH', 'MAT', 'QLGC', 'PCL', 'EMR']