50
0.0623322546876 0.0223482457603 0.0247746242904 0.0246636786654 0.114001255301 0.208286894217 0.015652967587 0.0130713531851 0.066200000993 0.103528049483 0.093312473985 0.050100863095 0.0220144037379 0.125871369107 0.148169679735 0.0502759777883 0.135299445153 0.0357981155146 0.0793031051092 0.0125032911957 0.0631330997176 0.037496284255 0.02392892696 0.00399952409326 0.0523918745475 0.0157982173188 0.360667625942 0.0260517267587 0.0533662879029 0.0440278725419 0.105459344027 0.123248136701 0.0794924924591 0.0262343191133 0.123612909007 0.0436219100546 0.0165000515881 0.371102806834 0.0545718905582 0.0726136826411 0.0255776045185 0.0970140476379 0.0708595176859 0.042606905642 0.0612619406497 0.0380288664812 0.119859861498 0.199130076205 0.070265204238 0.0373994541978 
0.532104278762 -0.00582880906993 -0.00273488476517 0.00817012047457 -0.00911260679125 -0.0150112565407 0.00965687852946 0.00438634570143 0.0135825592129 -0.00382990989501 -0.00412002989016 0.00421764629923 -0.00395240568727 0.00710749705146 0.00216695479595 -0.00624013655044 -0.00947177865562 0.0200821231368 -0.00255779200886 0.0201420455702 0.0239799224172 0.00230184819857 0.0086387803044 0.0116907062332 -5.67428045658e-06 -0.00182838451277 0.00128590313879 0.0167583736425 -0.0070870748904 0.0212201208107 0.0180488481269 0.0157541768225 0.0157693812772 0.0334695159592 0.0110454796668 0.0199492334395 0.00918749964078 -0.0113266384664 -0.000890829885118 0.00461763655891 0.00567505080442 0.0137115087227 -0.00380263423325 0.0132036257645 0.00456788301833 0.0170722053573 0.00846603699262 -0.0225925442482 0.0131966505631 0.0330590155423 
-0.00582880906993 0.198071142176 0.0260371020473 0.0247220049222 0.0125452802426 0.0431341484171 0.00674468613023 0.0212015731525 0.0395948461808 0.0119343550542 0.00586517510393 0.0167259476777 0.0163093776015 0.0104744811219 0.00253827689309 0.0331390808927 0.00401487787646 0.00911407393276 0.0304783029368 0.0144923439289 0.0229190958503 0.0300258099979 0.0151161600083 0.0219676921245 0.00449767446629 0.00475109170475 0.0125047464107 0.0102483172516 0.0179639140896 0.0157349615282 0.0233509219827 0.0116645547457 0.00687480137129 0.0405400919808 0.0172638264161 0.0584336112348 0.0224250742862 0.00162849205111 0.00690913601862 0.0132921799018 0.0108181216123 0.0395217040798 0.0187496731437 -0.00916685858304 0.00930778435481 0.0132471969174 -0.0184613489916 0.0159443624306 0.00817456161124 0.0167707795825 
-0.00273488476517 0.0260371020473 0.178562032313 0.00479778249238 0.00751760071979 0.00968770399904 0.0209853631217 0.0114965877251 0.0403669709153 -0.00174606342137 0.00725837546664 0.0354218980383 0.0120284526727 0.004269952938 0.0134807497642 0.000542036288274 0.0171542119975 0.00440499611548 0.0308574310218 0.00123090101145 0.0266724548495 0.010322636721 0.0143920354126 0.0122185729869 0.00984900586016 0.00012271014479 0.0166646968459 0.0127641273313 0.00983161117449 0.0244354102735 0.0148392704828 0.0168007842695 0.0157559221346 0.0239373628912 0.0225394945164 0.0280873127345 0.010997260546 0.0323535457018 0.00499213640228 0.0232723868729 0.0228241452217 0.0137283212516 0.00425377835571 0.00338559971712 0.0279792527852 0.0138935467502 0.0152124163989 0.0264497570227 0.0121916142607 0.0219468578146 
0.00817012047457 0.0247220049222 0.00479778249237 0.129153562945 0.00447159028903 0.0311645331596 0.00620002568224 0.0165822921533 0.00505136727704 0.0141379457493 0.00112130681579 0.00793134958577 0.00123125402962 -0.0133328776497 -0.00165121661803 0.0140855589345 -0.00145210790407 0.0193847723465 0.00222209305138 0.00974162996226 0.0228584509445 0.0227439602328 0.0109095909579 0.010299009304 0.0126664760055 0.0152779966321 0.00226814439757 0.00592297799379 0.0126723027175 0.00972868798944 0.00306981298987 0.0106673210773 0.0267009127996 0.0282322747704 -0.00773137711353 0.0202491344429 0.0126934788477 0.0119286233269 0.019253205496 0.0161540307766 0.013366749383 0.0128653171709 0.0126961069528 0.0132318621101 0.000483182656457 -0.00689436375515 0.00899538788518 0.0143463134183 0.000747684373005 0.0093090402103 
-0.00911260679125 0.0125452802426 0.00751760071979 0.00447159028903 1.13794421702 -0.000924570620709 0.0131290649213 0.00603669750004 -0.00672576273071 0.0112499045913 0.00784489426062 0.00388747449538 -0.0103292795205 -0.0150060770617 0.0317081792304 0.0109217745209 -0.00113000883946 0.000994545424 -0.00816438855452 0.00339935268932 0.0126731000306 -0.00305190346444 0.000106944933624 -0.00286172846191 -0.00135034356748 -0.0108018827299 0.000869952587199 -0.00544957367512 -0.00316446996544 -0.00527797069983 0.00191863047335 -0.000928405906957 0.0145171964176 0.00247528692036 -0.00205579787074 0.00713520022833 0.0126912715264 0.000916930649779 0.00940751562308 0.00750355842173 0.0138308923472 -0.0230336255492 0.0172227095561 -0.0217200532335 0.0101943659574 0.0185573635467 0.0207575473918 0.0114991285708 -0.00139454602417 -0.000544175343564 
-0.0150112565407 0.0431341484171 0.00968770399904 0.0311645331596 -0.000924570620707 1.32605372117 0.0183347184292 0.00854141900186 0.0263334054846 0.00482351348696 -0.0123883005806 -0.00264504259274 -0.00919273799889 0.0362639926367 0.00875196793389 0.00482614531433 -0.0171422468278 8.67000393711e-05 0.034648107754 0.0467219669665 0.0192087069217 0.00212972291019 -0.00148712964713 0.00530103750996 -0.00466315078723 -0.0102385690726 0.00160891564426 -0.00363820383473 0.159069197851 0.0282495246055 0.00830345285859 0.00948622471543 0.0171508747622 0.0322141619825 0.0137256538937 0.0316584604291 0.014948490125 0.0241825363816 0.00375057181657 0.0242074152837 0.0217787762564 0.058738530653 -0.0106165925705 0.00654070363239 0.0114689230355 0.027160698918 -0.0116945325577 -0.0203645756778 0.00616959716274 -0.0119446172057 
0.00965687852946 0.00674468613023 0.0209853631217 0.00620002568224 0.0131290649213 0.0183347184292 0.224294568038 -0.00109449652396 0.00710091532365 0.00441749085917 0.00530002949493 0.0222651678861 0.00731053764074 0.0091372979245 0.0191963730318 -0.00259095905263 0.0112499427069 0.0153726815613 0.0287996991971 0.0188809036312 0.0183260019377 0.0142911788542 0.0310332954727 0.01353318187 0.0120892940256 0.00648850142243 0.0193255225149 0.0335169577452 0.0083037911945 0.0263684952819 0.0100488664412 0.0112068376299 0.0334186572928 0.00710971313245 0.0103484155057 0.00788542835788 0.00341622215793 0.0291790251877 0.00432468199398 0.0140228127713 0.0231969875132 0.0192607773703 0.028006381384 0.0305427895253 0.0112532628598 0.0230074662622 0.0251775035522 0.033208507752 0.00584621883858 0.0323383755461 
0.00438634570143 0.0212015731525 0.0114965877251 0.0165822921533 0.00603669750004 0.00854141900186 -0.00109449652396 0.133018230776 0.0199075774028 0.0211275601138 0.0165588542999 0.0111321859229 0.0360228200138 -0.00858861271221 0.0142049471587 0.0216686548763 0.0121470920903 0.0112965141252 0.0129791984127 -0.00585672547633 0.00363160221696 0.0140068425438 0.00183549411466 0.0168315502839 0.0214446688863 0.0216297962756 -0.00244664666677 0.00491891339177 0.0100029731237 0.00753804191286 -0.00124912357388 0.0218029527525 -0.00620028485916 0.0167687695174 -0.0049700310468 0.0153215402319 0.0451676274516 0.00468515681403 0.0333408231469 0.00602952489152 0.0107273083771 0.0197652829238 0.0109206810517 0.0164337425199 0.0107859016334 -0.00123501284864 0.0108644596547 0.0244052093647 0.00633467247116 0.0111380958602 
0.0135825592129 0.0395948461808 0.0403669709153 0.00505136727704 -0.00672576273071 0.0263334054846 0.00710091532366 0.0199075774028 0.637032052209 0.0154103070265 0.018117128527 0.0639622289254 0.0100323461823 0.00373407378293 -0.010601985461 0.0334278821685 -0.00483842562196 0.0199650153568 0.0182514538828 0.0142753461142 -0.00808506241198 0.0305213969628 0.0236428151027 -0.000813414934787 0.0411949387613 0.0284912957642 0.0747911075041 0.00535972230719 0.00512402561411 0.0657991362778 0.00286896823796 0.0416407494856 0.0248732557709 0.0211983868763 -0.0148054425763 0.00642274265424 0.0216688469131 0.00922363785441 0.0187175328701 0.0261614984577 0.0186068433405 0.0354404348624 0.00178931515833 0.0187830407881 0.0269629549305 0.0229208007242 0.00352158540065 -0.000835588888276 0.0378667467264 0.0259551236845 
-0.00382990989501 0.0119343550542 -0.00174606342137 0.0141379457493 0.0112499045913 0.00482351348696 0.00441749085917 0.0211275601138 0.0154103070265 0.408304891379 0.113765361972 0.0240265146508 0.0314910300523 -0.0174149173691 0.0245810030365 0.00597185441296 0.144391525156 0.0155597805392 -0.0335419157663 -0.0240126694807 0.00252260362202 0.00917043119359 0.00670950525147 -0.00843975189089 -0.00458274194856 0.0105952344449 0.0192875730461 0.00232428947767 0.0265414154947 0.00127558805449 0.00792528734521 0.0394974504434 0.0271665271819 0.00663317755218 0.0310607755405 0.0113072637698 0.0238124322194 0.0386467676172 0.0449323475637 0.0291023818513 0.00388567100984 0.0398668761424 0.00549162899421 0.00850900901013 0.00844571040321 0.00259660305864 -0.00489654377829 0.0666314445623 0.0222335168101 0.00473429680724 
-0.00412002989016 0.00586517510393 0.00725837546664 0.00112130681579 0.00784489426062 -0.0123883005806 0.00530002949493 0.0165588542999 0.018117128527 0.113765361972 0.376539708583 0.00937559314509 0.0159099360226 -0.00554089227385 0.0277971003284 0.0194912490647 0.209243350011 -0.00604674506825 0.0162255905758 -0.00815599820404 0.0294422366241 0.0114310207089 0.00714091314293 -0.00810296424339 0.0172117240203 -0.00096292641859 0.0136351982179 0.0136834111787 0.00523927307837 0.0112924985921 -0.0105324603707 0.0188380738995 0.00914608489444 -0.000836939680946 0.0929740430901 -0.0199913290743 0.0103811731508 0.029717362299 0.0110367459954 0.0117019535791 0.00312804355163 0.0647068377633 -0.00364348899829 0.012354997614 0.0259308781847 -0.00373264036388 0.0175659919433 0.0851015897036 0.0256931982235 0.0293381374484 
0.00421764629923 0.0167259476777 0.0354218980383 0.00793134958577 0.00388747449538 -0.00264504259274 0.0222651678861 0.0111321859229 0.0639622289254 0.0240265146508 0.00937559314509 0.291602418006 0.00677871792518 -0.0121250891705 -0.0136669345096 0.0269067363466 0.0276502774759 0.0170408767937 0.0397541955462 0.012952364284 0.00549709273112 0.0111997255346 0.00757013832919 0.000820770477057 0.0148023053899 0.0119917338886 0.0491515571346 0.021148902459 0.0103511071824 0.0238288632299 0.0174300864326 0.0206315932478 0.00669303174138 0.0210019589679 0.0262199299576 0.0374237183104 0.00411238563942 0.0436996261061 0.00899986715365 0.0408906004529 0.0143868023521 0.0291678469188 0.0167851843329 0.0161973231892 0.00762565010842 0.0138704235204 0.0159572565935 0.0566575183027 0.00988436865731 0.0128147072111 
-0.00395240568727 0.0163093776015 0.0120284526727 0.00123125402962 -0.0103292795205 -0.00919273799889 0.00731053764074 0.0360228200138 0.0100323461823 0.0314910300523 0.0159099360226 0.00677871792519 0.172511980243 -0.00509201278633 0.0170651713426 0.0311616243246 0.0241992386853 0.0140714984831 0.00481533450801 0.00410602801775 0.00066311471166 0.0262977742883 0.00394799767597 0.0125826491345 0.0223217919482 0.0145705350685 0.0061910645098 0.0157446133467 0.00353720768332 0.00773397432208 0.00133485890441 0.0208246313955 0.00722660977946 0.0136522997761 0.00630855357096 0.0137638504167 0.0419689040923 0.00726392720179 0.0542038264252 0.0119125109744 0.00285293005456 0.015884685961 0.00423572929197 0.00685766769438 0.0169073384888 0.00330877645693 0.0158880527229 0.00791293182799 -0.00250970821099 -0.00249645676424 
0.00710749705146 0.0104744811219 0.004269952938 -0.0133328776497 -0.0150060770617 0.0362639926367 0.0091372979245 -0.00858861271221 0.00373407378293 -0.0174149173691 -0.00554089227385 -0.0121250891705 -0.00509201278633 0.827766477916 0.0161661188957 0.0216670367894 0.00181224082256 0.000942483389976 -0.00462945838176 0.0275581035868 0.0276157817531 -0.00709589014413 0.00981269590666 -0.00897714376782 -0.0144068910009 -0.00921831795244 0.0486209662061 0.013323397663 0.00337888837397 -0.000544525183436 0.00850383057043 0.0173023657327 0.00367741719468 0.0025064601008 0.0273287010438 0.0061403730065 0.0124922514368 0.0224997814347 -0.000449055855164 -0.00885762540601 -0.0168281097176 -0.00155235896798 -0.0061377229492 0.0260692666193 -0.0220268779031 0.104804967643 0.115917333213 0.00386265587908 -0.000180790664224 0.0178263102303 
0.00216695479595 0.00253827689309 0.0134807497642 -0.00165121661803 0.0317081792304 0.00875196793389 0.0191963730318 0.0142049471587 -0.010601985461 0.0245810030365 0.0277971003284 -0.0136669345096 0.0170651713426 0.0161661188957 0.462982535044 0.0324880681072 0.0192967939792 0.0162035014896 0.0151683814193 -0.0096048992849 0.0235004506371 0.0121535652165 0.0120800729258 0.0188180052878 0.0108395875656 0.00526679254551 0.0181042060807 0.0155947972956 6.54988281309e-05 0.00522662010123 -0.0110790379119 0.0110939251215 0.063539238403 0.0060709050396 0.0187144095538 0.0144501651512 0.0140140869393 0.0718637757582 0.00549631771763 0.025845365836 0.00355830566263 0.0635890792611 0.00517683377977 -0.000452592675552 0.0398713381762 0.0140662558985 0.0079894932889 0.0214768234656 0.00395216107007 0.0230791347538 
-0.00624013655044 0.0331390808927 0.000542036288274 0.0140855589345 0.0109217745209 0.00482614531433 -0.00259095905263 0.0216686548763 0.0334278821685 0.00597185441296 0.0194912490647 0.0269067363466 0.0311616243246 0.0216670367894 0.0324880681072 0.262195825351 0.0160835500074 0.000620700738514 0.036864049453 0.0046608708725 0.0143802299862 0.00968417727268 0.0108640675082 0.0102886278799 0.0107341961415 0.00941517520217 0.0276885834255 0.0245654101286 0.0221666284347 0.0202358267152 0.0134576108761 0.00312712841837 0.0114690413269 0.009811400472 -0.00891695742832 0.0159875344954 0.0176063958632 0.00353686815387 0.0236927766708 0.00186455792182 -0.000975315060178 0.0325206462739 0.00597683784375 0.0149777347713 0.0017808485489 0.0083073879885 0.0164497569834 0.0125238858267 -0.00316040617994 0.0166653357624 
-0.00947177865562 0.00401487787646 0.0171542119975 -0.00145210790407 -0.00113000883946 -0.0171422468278 0.0112499427069 0.0121470920903 -0.00483842562196 0.144391525156 0.209243350011 0.0276502774759 0.0241992386853 0.00181224082256 0.0192967939792 0.0160835500074 0.477536111283 0.0104150337095 0.00906953123815 -0.0152716238433 0.0282066724702 0.015700969702 0.00483021081166 -0.0093357709904 -0.00755233079766 -0.0013055328742 0.0523879058514 0.0147914520646 -0.00375856650913 0.0109834233935 0.00218209610408 0.0277877887347 -0.000697401315641 0.0021361196082 0.0567858927834 0.0307563613153 0.0206088008163 0.0971641991867 0.0280453843664 0.0193066583714 0.0182561171679 0.066721169887 0.00787134781159 0.0369578626427 0.0315131686945 0.0101056498396 0.0333401083115 0.112569897181 0.0262484746282 0.0138223024205 
0.0200821231368 0.00911407393276 0.00440499611548 0.0193847723465 0.000994545424 8.67000393711e-05 0.0153726815613 0.0112965141252 0.0199650153568 0.0155597805392 -0.00604674506825 0.0170408767937 0.0140714984831 0.000942483389976 0.0162035014896 0.000620700738514 0.0104150337095 0.251944635569 0.0204488098401 0.0213584981046 0.00465854458849 0.0203444872381 0.0166814908271 0.0128999993347 0.0240373489899 0.0123087138278 0.0134398995662 0.0130408331311 0.0160840515214 0.0169254760632 0.0222420561873 0.0256850617219 0.0295171767286 0.018313622522 0.000208285664441 0.0229688833862 0.013891920299 0.00191564632456 0.0158300458344 0.0218970718561 0.0243086451901 0.038806337965 0.00794300537026 0.026637029287 0.0166104455998 0.0049464752128 0.00905072945703 0.000847295163795 0.00567437886692 0.0412865529395 
-0.00255779200886 0.0304783029368 0.0308574310218 0.00222209305138 -0.00816438855452 0.034648107754 0.0287996991971 0.0129791984127 0.0182514538828 -0.0335419157664 0.0162255905758 0.0397541955462 0.00481533450801 -0.00462945838176 0.0151683814193 0.036864049453 0.00906953123815 0.0204488098401 0.393589973752 0.0364694551641 0.0209561898622 0.0173117651583 0.0262665640353 0.00776801287744 0.0490427354884 -0.000145089927482 0.064650438411 0.0197187048011 0.0244646631297 0.00395404105799 0.0284003391812 0.00882490232115 0.0107279706031 0.0258319950113 -0.013989553782 0.0435093483044 0.0031465319513 0.033630221537 0.0189454925555 0.0261711004643 0.0174421028329 0.0439358160128 0.00765054939035 0.0364980563507 0.0095007491077 0.0126425775305 -0.000429744483492 0.0384504978604 0.0147087821621 0.0262582093091 
0.0201420455702 0.0144923439289 0.00123090101145 0.00974162996226 0.00339935268932 0.0467219669665 0.0188809036312 -0.00585672547633 0.0142753461142 -0.0240126694807 -0.00815599820404 0.012952364284 0.00410602801775 0.0275581035868 -0.0096048992849 0.0046608708725 -0.0152716238433 0.0213584981046 0.0364694551641 0.274421330139 0.0104265211896 0.0159495899139 0.0191920716736 0.00663418805943 0.00437088419371 0.0145943206307 -0.00672500757411 0.0240007098306 0.0150088405004 0.0160022397378 0.0559269716476 0.00231940384132 0.0297488565071 0.00454269674058 0.0016287559317 0.00779129955911 0.0018066780167 0.0138763589256 -0.00734688591724 0.018271511001 -0.00240235152478 0.0520576807378 -0.00186318297313 0.006413133926 0.0164685910902 0.00587921178136 0.0031743158601 0.000742949098488 0.00572073216576 0.013206415077 
0.0239799224172 0.0229190958503 0.0266724548495 0.0228584509445 0.0126731000306 0.0192087069217 0.0183260019377 0.00363160221696 -0.00808506241198 0.00252260362202 0.0294422366241 0.00549709273112 0.00066311471166 0.0276157817531 0.0235004506371 0.0143802299862 0.0282066724702 0.00465854458849 0.0209561898622 0.0104265211896 0.454492285858 0.0191162627507 0.0252058800987 0.0175519737578 -0.00236389872016 0.010644676993 0.0823010248754 0.00585635743209 0.0225325222995 0.0116315075428 0.0493491872398 0.0257310438104 0.0251767900406 0.013933346228 0.0379541830551 0.0158603010799 -0.00640660203691 0.0289478477761 -0.00335613484736 0.0600254367535 -0.00816309904725 0.057034941336 0.00161806944208 -0.00113460146973 0.0209151858318 0.0198395370951 0.0717598498291 0.0307562600835 0.01583403427 0.0209541942181 
0.00230184819857 0.0300258099979 0.010322636721 0.0227439602328 -0.00305190346444 0.00212972291019 0.0142911788542 0.0140068425438 0.0305213969628 0.00917043119359 0.0114310207089 0.0111997255346 0.0262977742883 -0.00709589014413 0.0121535652165 0.00968417727268 0.015700969702 0.0203444872381 0.0173117651583 0.0159495899139 0.0191162627507 0.239520472627 0.00769620335509 0.0129031855538 0.0263310765475 0.00746148170079 0.010430625153 0.0151035466026 -0.00421049414731 0.0123660026196 0.00673318104206 0.0188136740646 0.03340232978 0.034132826796 0.00122647987916 0.0293758241888 0.0166047405493 0.0286152706282 0.0139649336544 0.0270041529195 0.0150945424959 0.0233234520643 0.0420695206777 0.0217121745698 0.0229713733538 0.0143292454992 0.0276089167557 0.0395256520631 0.0172880736978 0.0238869303112 
0.0086387803044 0.0151161600083 0.0143920354126 0.0109095909579 0.000106944933624 -0.00148712964713 0.0310332954727 0.00183549411466 0.0236428151027 0.00670950525147 0.00714091314293 0.00757013832919 0.00394799767597 0.00981269590666 0.0120800729258 0.0108640675082 0.00483021081166 0.0166814908271 0.0262665640353 0.0191920716736 0.0252058800987 0.00769620335509 0.242796605459 0.0130256489815 -0.00123514488272 0.0123415276988 0.0254702247114 0.0203541347146 -0.000403311522554 0.0115796303331 0.026676054818 0.0111464578887 0.0437893967093 0.00980861182496 0.0065177254239 0.0187036341752 -0.00135115013299 0.033176806196 -0.00161121497811 0.0240867807558 0.0154316743065 0.0447282205795 -0.0151611035879 0.00780419077398 -0.00562609482082 0.00977757515494 0.000897316437973 0.00360302349389 0.0154078487356 0.0222021972728 
0.0116907062332 0.0219676921245 0.0122185729869 0.010299009304 -0.00286172846191 0.00530103750996 0.01353318187 0.0168315502839 -0.000813414934787 -0.00843975189089 -0.00810296424339 0.000820770477057 0.0125826491345 -0.00897714376782 0.0188180052878 0.0102886278799 -0.0093357709904 0.0128999993347 0.00776801287744 0.00663418805943 0.0175519737578 0.0129031855538 0.0130256489815 0.175793742299 0.00497143957315 0.0121351079842 -0.00509635306535 0.0124438829884 0.00742547948849 0.00652955960066 0.0123203391345 0.00842623663385 0.0334685191124 0.0149352245851 0.00787998842351 0.016606564136 0.0133193791815 0.0171463381351 0.0210875518472 0.013335362358 0.0186496084708 0.0119567844281 0.0155964489378 0.0181233623226 -0.00412698466093 0.0172784480086 0.00920503553469 0.021790056413 0.00201473551876 0.0219217092914 
-5.67428045642e-06 0.00449767446629 0.00984900586016 0.0126664760055 -0.00135034356748 -0.00466315078723 0.0120892940256 0.0214446688863 0.0411949387613 -0.00458274194856 0.0172117240203 0.0148023053899 0.0223217919482 -0.0144068910009 0.0108395875656 0.0107341961415 -0.00755233079766 0.0240373489899 0.0490427354884 0.00437088419371 -0.00236389872016 0.0263310765475 -0.00123514488272 0.00497143957315 0.339822203947 0.020505867857 0.00995359402732 0.00935620528277 -0.0068273472043 0.0107694911068 -0.00631155603055 0.0324348636816 0.0304186636349 0.0108816720782 -0.0102102411684 0.00142745886827 0.0223945337511 0.00750494310757 0.0245912072271 0.0151498400715 0.0040118851917 0.0285603730277 0.0655351151821 0.0237132220647 0.0365633431477 0.0278763769524 0.0118732385208 0.0283904840777 0.00484526353043 0.0218438863231 
-0.00182838451277 0.00475109170475 0.00012271014479 0.0152779966321 -0.0108018827299 -0.0102385690726 0.00648850142243 0.0216297962756 0.0284912957642 0.0105952344449 -0.00096292641859 0.0119917338886 0.0145705350685 -0.00921831795244 0.00526679254551 0.00941517520217 -0.0013055328742 0.0123087138278 -0.000145089927482 0.0145943206307 0.010644676993 0.00746148170079 0.0123415276988 0.0121351079842 0.020505867857 0.22663355716 0.00177417672562 -0.00537471080266 0.0461501822342 0.0102311804561 0.0301425764155 0.0160356479618 0.00559887248534 0.0156176771197 -0.0117391088793 0.0170062494483 0.0144930845133 0.00508952263049 0.0368587006406 0.00855630239832 0.0104246504001 0.0231212123249 -0.00569869209768 0.0101818185279 0.00265099023375 0.00938281126789 -0.0124404749216 0.00710122746814 0.00192632687615 0.00345515689151 
0.00128590313879 0.0125047464107 0.0166646968459 0.00226814439757 0.000869952587198 0.00160891564426 0.0193255225149 -0.00244664666677 0.0747911075041 0.0192875730461 0.0136351982179 0.0491515571346 0.0061910645098 0.0486209662061 0.0181042060807 0.0276885834255 0.0523879058514 0.0134398995662 0.064650438411 -0.00672500757411 0.0823010248754 0.010430625153 0.0254702247114 -0.00509635306535 0.00995359402732 0.00177417672562 1.16918167655 0.0207791034666 -0.00947327793291 0.0270697896185 0.0404873759138 0.0535812902774 0.0396534438275 0.0177857492247 0.0218041244725 0.0354057914492 0.00266957754318 0.175290120128 0.0113016365834 0.0433094526767 0.00283930173495 0.0351348520211 -0.0213445325818 0.0284449500403 0.0532464484624 0.0558825703643 0.0386230516164 0.0707276240231 0.00619444142701 -0.0141426591459 
0.0167583736425 0.0102483172516 0.0127641273313 0.00592297799379 -0.00544957367512 -0.00363820383473 0.0335169577452 0.00491891339177 0.00535972230719 0.00232428947767 0.0136834111787 0.021148902459 0.0157446133467 0.013323397663 0.0155947972956 0.0245654101286 0.0147914520646 0.0130408331311 0.0197187048011 0.0240007098306 0.0058563574321 0.0151035466026 0.0203541347146 0.0124438829884 0.00935620528277 -0.00537471080266 0.0207791034666 0.184598353563 0.011788237751 0.0211312759649 0.0134640892964 0.0182092776263 0.0275784274191 0.00742990024589 0.0232289166362 0.0185423243241 0.00985261597928 0.0281490221269 0.0125664270033 0.0301563354062 0.0121528288388 0.036297277587 0.0150449512576 0.0175511711211 0.00855826955441 0.00966145793804 0.0283832885466 0.0301550182057 0.0025759320413 0.0248099409739 
-0.0070870748904 0.0179639140896 0.00983161117449 0.0126723027175 -0.00316446996544 0.159069197851 0.0083037911945 0.0100029731237 0.00512402561411 0.0265414154947 0.00523927307837 0.0103511071824 0.00353720768332 0.00337888837397 6.54988281311e-05 0.0221666284347 -0.00375856650913 0.0160840515214 0.0244646631297 0.0150088405004 0.0225325222995 -0.00421049414731 -0.000403311522554 0.00742547948849 -0.0068273472043 0.0461501822342 -0.00947327793291 0.011788237751 0.396472077403 0.0194818990388 0.0174932334894 0.00565483131139 0.0224455062163 -0.00499514832966 0.00870875263763 0.00808666754035 0.00772956127731 0.0112908487985 0.040388791483 0.00741951278063 0.00874742551777 -0.00649663981204 0.00245079324099 0.00731839138487 0.0237984718719 0.00794660030311 0.0299729869291 0.00713844019475 0.00391951713179 0.0147014929763 
0.0212201208107 0.0157349615282 0.0244354102735 0.00972868798944 -0.00527797069983 0.0282495246055 0.0263684952819 0.00753804191286 0.0657991362778 0.00127558805449 0.0112924985921 0.0238288632299 0.00773397432208 -0.000544525183437 0.00522662010123 0.0202358267152 0.0109834233935 0.0169254760632 0.00395404105799 0.0160022397378 0.0116315075428 0.0123660026196 0.0115796303331 0.00652955960066 0.0107694911068 0.0102311804561 0.0270697896185 0.0211312759649 0.0194818990388 0.221422006155 0.0165156750188 0.0183986436105 0.00705794202983 0.0218863537054 -0.00161399968087 0.018124927904 0.00811151620339 0.0250175090573 0.00718951399359 0.0160223414942 0.0191872165077 0.0404889575952 0.0310214749171 0.0214995262145 0.00840343927112 0.0169949289581 0.0110256238405 -0.00570403293488 0.0166752960017 0.0185089103123 
0.0180488481269 0.0233509219827 0.0148392704828 0.00306981298987 0.00191863047335 0.00830345285859 0.0100488664412 -0.00124912357388 0.00286896823796 0.00792528734521 -0.0105324603707 0.0174300864326 0.00133485890441 0.00850383057043 -0.0110790379119 0.0134576108761 0.00218209610408 0.0222420561873 0.0284003391812 0.0559269716476 0.0493491872398 0.00673318104206 0.026676054818 0.0123203391345 -0.00631155603055 0.0301425764155 0.0404873759138 0.0134640892964 0.0174932334894 0.0165156750188 0.746348840823 0.0159800862334 0.0178627402528 0.0300982003533 0.0150130997684 0.0363394166174 0.00898303917956 0.0243732529544 0.000928755897757 0.029571609571 0.00914153875304 0.0716234133391 0.00620397493581 0.0270249032156 0.0108421483439 0.0238158611146 0.0467557249967 0.0581859585987 0.00514852365805 0.00494566846838 
0.0157541768225 0.0116645547457 0.0168007842695 0.0106673210773 -0.000928405906957 0.00948622471543 0.0112068376299 0.0218029527525 0.0416407494856 0.0394974504434 0.0188380738995 0.0206315932478 0.0208246313955 0.0173023657327 0.0110939251215 0.00312712841837 0.0277877887347 0.0256850617219 0.00882490232115 0.00231940384132 0.0257310438104 0.0188136740646 0.0111464578887 0.00842623663385 0.0324348636816 0.0160356479618 0.0535812902774 0.0182092776263 0.00565483131139 0.0183986436105 0.0159800862334 0.466175762022 0.0556142423676 0.0227192295256 0.00553808251571 0.00575546701612 0.0114977505778 0.0318049101034 0.0355709645622 0.0439416228169 0.00245420386472 0.0626906139088 -0.00297004534745 0.0436468357597 0.0228566920759 0.0216074182896 0.0374674879993 0.0534361158838 0.01378410927 0.0251653436545 
0.0157693812772 0.00687480137129 0.0157559221346 0.0267009127996 0.0145171964176 0.0171508747622 0.0334186572928 -0.00620028485916 0.0248732557709 0.0271665271819 0.00914608489444 0.00669303174138 0.00722660977946 0.00367741719468 0.063539238403 0.0114690413269 -0.000697401315641 0.0295171767286 0.0107279706031 0.0297488565071 0.0251767900406 0.03340232978 0.0437893967093 0.0334685191124 0.0304186636349 0.00559887248534 0.0396534438275 0.0275784274191 0.0224455062163 0.00705794202983 0.0178627402528 0.0556142423676 0.330342121579 0.0193147987922 -0.00529985860606 0.021896733724 -0.00230250412398 0.0370329757937 0.0250428833687 0.0221328739809 0.00703231124664 0.0359349250133 0.016670796739 0.0322999346336 0.0318271057682 0.0218175485853 0.025377660097 0.0279480106947 -0.00113845436206 0.0184111145403 
0.0334695159592 0.0405400919808 0.0239373628912 0.0282322747704 0.00247528692036 0.0322141619825 0.00710971313245 0.0167687695174 0.0211983868763 0.00663317755218 -0.000836939680946 0.0210019589679 0.0136522997761 0.0025064601008 0.0060709050396 0.009811400472 0.0021361196082 0.018313622522 0.0258319950113 0.00454269674058 0.013933346228 0.034132826796 0.00980861182496 0.0149352245851 0.0108816720782 0.0156176771197 0.0177857492247 0.00742990024589 -0.00499514832966 0.0218863537054 0.0300982003533 0.0227192295256 0.0193147987922 0.174981148442 -0.0139095353105 0.0546141250027 0.0162856371527 -0.00759435627077 0.0078032367592 0.0202388638875 0.0101149835586 0.029771775015 0.0144856504769 0.00911201164765 0.00347619646868 0.0223721981114 0.0131245391039 0.0115429626499 0.0185543503064 0.0182573570972 
0.0110454796668 0.0172638264161 0.0225394945164 -0.00773137711353 -0.00205579787074 0.0137256538937 0.0103484155057 -0.0049700310468 -0.0148054425763 0.0310607755405 0.0929740430901 0.0262199299576 0.00630855357096 0.0273287010438 0.0187144095538 -0.00891695742832 0.0567858927834 0.000208285664441 -0.013989553782 0.0016287559317 0.0379541830551 0.00122647987916 0.0065177254239 0.00787998842351 -0.0102102411684 -0.0117391088793 0.0218041244725 0.0232289166362 0.00870875263763 -0.00161399968087 0.0150130997684 0.00553808251571 -0.00529985860606 -0.0139095353105 1.03804117928 -0.014426960425 0.00428754126869 0.0124000951763 0.00760925513444 0.0184058208338 -0.00774417594588 -0.00627337359179 -0.0167356708632 0.00453704847728 0.0321303940767 0.0133316640788 0.00723968637749 0.00421570580442 -0.00960812435733 0.00883438268639 
0.0199492334395 0.0584336112348 0.0280873127345 0.0202491344429 0.00713520022833 0.0316584604291 0.00788542835788 0.0153215402319 0.00642274265424 0.0113072637698 -0.0199913290743 0.0374237183104 0.0137638504167 0.0061403730065 0.0144501651512 0.0159875344954 0.0307563613153 0.0229688833862 0.0435093483044 0.00779129955911 0.0158603010799 0.0293758241888 0.0187036341752 0.016606564136 0.00142745886827 0.0170062494483 0.0354057914492 0.0185423243241 0.00808666754035 0.018124927904 0.0363394166174 0.00575546701612 0.021896733724 0.0546141250027 -0.014426960425 0.303694918689 0.0156586983444 0.0437413140193 0.0288233538487 0.0383487381864 0.0173709760905 0.0336110973432 0.00250482795239 0.0348645118906 0.0180524189044 0.033285598457 0.00914224473661 0.0224391680388 0.0145955163775 0.0263151270941 
0.00918749964078 0.0224250742862 0.010997260546 0.0126934788477 0.0126912715264 0.014948490125 0.00341622215793 0.0451676274516 0.0216688469131 0.0238124322194 0.0103811731508 0.00411238563942 0.0419689040923 0.0124922514368 0.0140140869393 0.0176063958632 0.0206088008163 0.013891920299 0.0031465319513 0.0018066780167 -0.00640660203691 0.0166047405493 -0.00135115013299 0.0133193791815 0.0223945337511 0.0144930845133 0.00266957754318 0.00985261597928 0.00772956127731 0.00811151620339 0.00898303917956 0.0114977505778 -0.00230250412398 0.0162856371527 0.00428754126869 0.0156586983444 0.136391900461 0.0192953745268 0.0423080280506 0.0149404074698 0.0180746067854 0.0115011446966 -0.000374143319405 0.0110467518565 0.00605505556949 0.00331722290885 0.0160278795762 0.0079666674556 0.0143743865908 0.00920127478822 
-0.0113266384664 0.00162849205111 0.0323535457018 0.0119286233269 0.000916930649779 0.0241825363816 0.0291790251877 0.00468515681403 0.00922363785441 0.0386467676172 0.029717362299 0.0436996261061 0.00726392720179 0.0224997814347 0.0718637757582 0.00353686815387 0.0971641991867 0.00191564632456 0.033630221537 0.0138763589256 0.0289478477761 0.0286152706282 0.033176806196 0.0171463381351 0.00750494310757 0.00508952263049 0.175290120128 0.0281490221269 0.0112908487985 0.0250175090573 0.0243732529544 0.0318049101034 0.0370329757937 -0.00759435627077 0.0124000951763 0.0437413140193 0.0192953745268 1.22830068578 0.0225272182935 0.0318048804931 0.00298550054441 0.00217101900775 0.0593726172146 0.00572054282146 0.0370290156214 0.0402301541016 0.0408501550724 0.0812704554994 0.0186164041846 0.00835082597046 
-0.000890829885118 0.00690913601862 0.00499213640228 0.019253205496 0.00940751562308 0.00375057181657 0.00432468199398 0.0333408231469 0.0187175328701 0.0449323475637 0.0110367459954 0.00899986715365 0.0542038264252 -0.000449055855164 0.00549631771763 0.0236927766708 0.0280453843664 0.0158300458344 0.0189454925555 -0.00734688591724 -0.00335613484736 0.0139649336544 -0.00161121497811 0.0210875518472 0.0245912072271 0.0368587006406 0.0113016365834 0.0125664270033 0.040388791483 0.00718951399359 0.000928755897757 0.0355709645622 0.0250428833687 0.0078032367592 0.00760925513444 0.0288233538487 0.0423080280506 0.0225272182935 0.276082472232 0.00740234170135 -0.0031878057432 0.0191123075244 0.01421773307 0.0138000574367 0.00933663683616 -0.00491703588994 0.00572296191502 0.0166167824216 -0.000446920226907 0.00372009953372 
0.00461763655891 0.0132921799018 0.0232723868729 0.0161540307766 0.00750355842173 0.0242074152837 0.0140228127713 0.00602952489152 0.0261614984577 0.0291023818513 0.0117019535791 0.0408906004529 0.0119125109744 -0.00885762540601 0.025845365836 0.00186455792182 0.0193066583714 0.0218970718561 0.0261711004643 0.018271511001 0.0600254367535 0.0270041529195 0.0240867807558 0.013335362358 0.0151498400715 0.00855630239832 0.0433094526767 0.0301563354062 0.00741951278063 0.0160223414942 0.029571609571 0.0439416228169 0.0221328739809 0.0202388638875 0.0184058208338 0.0383487381864 0.0149404074698 0.0318048804931 0.00740234170135 0.288632201178 0.0037595769784 0.0768861090823 0.0124440638979 0.0409092249762 0.0259299153887 0.025922161938 0.0335948704111 0.0598697161477 0.0101132742875 0.0244157675467 
0.00567505080442 0.0108181216123 0.0228241452217 0.013366749383 0.0138308923472 0.0217787762564 0.0231969875132 0.0107273083771 0.0186068433405 0.00388567100984 0.00312804355163 0.0143868023521 0.00285293005456 -0.0168281097176 0.00355830566263 -0.000975315060178 0.0182561171679 0.0243086451901 0.0174421028329 -0.00240235152478 -0.00816309904725 0.0150945424959 0.0154316743065 0.0186496084708 0.0040118851917 0.0104246504001 0.00283930173495 0.0121528288388 0.00874742551777 0.0191872165077 0.00914153875304 0.00245420386472 0.00703231124664 0.0101149835586 -0.00774417594588 0.0173709760905 0.0180746067854 0.00298550054441 -0.0031878057432 0.0037595769784 0.323214022214 0.0367221053731 -0.000221871202743 0.0070942636926 0.00638458636388 0.00908232090319 0.00331943791151 0.0100920753403 -0.0055646510683 -0.00222254841176 
0.0137115087227 0.0395217040798 0.0137283212516 0.0128653171709 -0.0230336255492 0.058738530653 0.0192607773703 0.0197652829238 0.0354404348624 0.0398668761424 0.0647068377633 0.0291678469188 0.015884685961 -0.00155235896798 0.0635890792611 0.0325206462739 0.066721169887 0.038806337965 0.0439358160128 0.0520576807378 0.057034941336 0.0233234520643 0.0447282205795 0.0119567844281 0.0285603730277 0.0231212123249 0.0351348520211 0.036297277587 -0.00649663981204 0.0404889575952 0.0716234133391 0.0626906139088 0.0359349250133 0.029771775015 -0.00627337359179 0.0336110973432 0.0115011446966 0.00217101900775 0.0191123075244 0.0768861090823 0.0367221053731 0.565987861192 0.0264360340038 0.033591569491 0.027174706806 0.0518834897054 0.0266020392582 0.0633563896516 0.0192882748276 0.0497246270258 
-0.00380263423325 0.0187496731437 0.00425377835571 0.0126961069528 0.0172227095561 -0.0106165925705 0.028006381384 0.0109206810517 0.00178931515832 0.00549162899421 -0.00364348899829 0.0167851843329 0.00423572929197 -0.0061377229492 0.00517683377977 0.00597683784375 0.00787134781159 0.00794300537026 0.00765054939035 -0.00186318297313 0.00161806944208 0.0420695206777 -0.0151611035879 0.0155964489378 0.0655351151821 -0.00569869209768 -0.0213445325818 0.0150449512576 0.00245079324099 0.0310214749171 0.00620397493581 -0.00297004534745 0.016670796739 0.0144856504769 -0.0167356708632 0.00250482795239 -0.000374143319405 0.0593726172146 0.01421773307 0.0124440638979 -0.000221871202743 0.0264360340038 0.393783132038 0.00488342276348 0.0330782256294 -0.00118643096735 0.0116180333125 0.0117115906598 0.0113924190938 0.0154857168843 
0.0132036257645 -0.00916685858304 0.00338559971712 0.0132318621101 -0.0217200532335 0.00654070363239 0.0305427895253 0.0164337425199 0.0187830407881 0.00850900901013 0.012354997614 0.0161973231892 0.00685766769438 0.0260692666193 -0.000452592675552 0.0149777347713 0.0369578626427 0.026637029287 0.0364980563507 0.006413133926 -0.00113460146973 0.0217121745698 0.00780419077398 0.0181233623226 0.0237132220647 0.0101818185279 0.0284449500403 0.0175511711211 0.00731839138487 0.0214995262145 0.0270249032156 0.0436468357597 0.0322999346336 0.00911201164765 0.00453704847728 0.0348645118906 0.0110467518565 0.00572054282146 0.0138000574367 0.0409092249762 0.0070942636926 0.033591569491 0.00488342276348 0.245338939645 0.00213223207548 0.014747406119 0.02215820777 0.0246380080035 0.0101721691137 0.0227070653538 
0.00456788301833 0.00930778435481 0.0279792527852 0.000483182656457 0.0101943659574 0.0114689230355 0.0112532628598 0.0107859016334 0.0269629549305 0.00844571040321 0.0259308781847 0.00762565010842 0.0169073384888 -0.0220268779031 0.0398713381762 0.0017808485489 0.0315131686945 0.0166104455998 0.0095007491077 0.0164685910902 0.0209151858318 0.0229713733538 -0.00562609482082 -0.00412698466093 0.0365633431477 0.00265099023375 0.0532464484624 0.00855826955441 0.0237984718719 0.00840343927112 0.0108421483439 0.0228566920759 0.0318271057682 0.00347619646868 0.0321303940767 0.0180524189044 0.00605505556949 0.0370290156214 0.00933663683616 0.0259299153887 0.00638458636388 0.027174706806 0.0330782256294 0.00213223207548 0.351010822734 0.0404371157811 0.0586940238494 -0.00408237524313 0.00447597020536 0.0141450407826 
0.0170722053573 0.0132471969174 0.0138935467502 -0.00689436375515 0.0185573635467 0.027160698918 0.0230074662622 -0.00123501284864 0.0229208007242 0.00259660305864 -0.00373264036388 0.0138704235204 0.00330877645693 0.104804967643 0.0140662558985 0.0083073879885 0.0101056498396 0.0049464752128 0.0126425775305 0.00587921178135 0.0198395370951 0.0143292454992 0.00977757515494 0.0172784480086 0.0278763769524 0.00938281126789 0.0558825703643 0.00966145793804 0.00794660030311 0.0169949289581 0.0238158611146 0.0216074182896 0.0218175485853 0.0223721981114 0.0133316640788 0.033285598457 0.00331722290885 0.0402301541016 -0.00491703588994 0.025922161938 0.00908232090319 0.0518834897054 -0.00118643096735 0.014747406119 0.0404371157811 0.303924221594 0.0664407956458 0.0247801975201 0.0110583412369 0.0167626450102 
0.00846603699262 -0.0184613489916 0.0152124163989 0.00899538788518 0.0207575473918 -0.0116945325577 0.0251775035522 0.0108644596547 0.00352158540065 -0.00489654377829 0.0175659919433 0.0159572565935 0.0158880527229 0.115917333213 0.0079894932889 0.0164497569834 0.0333401083115 0.00905072945703 -0.000429744483492 0.0031743158601 0.0717598498291 0.0276089167557 0.000897316437973 0.00920503553469 0.0118732385208 -0.0124404749216 0.0386230516164 0.0283832885466 0.0299729869291 0.0110256238405 0.0467557249967 0.0374674879993 0.025377660097 0.0131245391039 0.00723968637749 0.00914224473661 0.0160278795762 0.0408501550724 0.00572296191502 0.0335948704111 0.00331943791151 0.0266020392582 0.0116180333125 0.02215820777 0.0586940238494 0.0664407956458 0.506541271936 0.0157028347905 0.0638651239383 0.0199259333831 
