20
0.065735385914 0.0850489592031 0.265107550494 0.0479675113811 0.0420146984796 0.0330111524363 0.0313696733512 0.0149217979249 0.0353466838873 0.0298565853869 0.0388313797841 0.0623322546876 0.0770368317024 0.044344522835 0.0449016594387 0.0340754658053 0.0347696809731 0.0669692816613 0.0130713531851 0.0528259349661 
0.435055262879 0.0318792569804 0.052312648523 -0.000308699405417 0.0278730099683 0.0339786809181 0.0390508778238 0.0280898496202 0.0216596686445 0.0179133341923 0.0229992912374 0.0229988269183 0.00432067707056 0.0244070556871 0.0255018074188 0.00481659001467 0.0481260636916 0.0378075565025 0.0121941658298 0.0242786974044 
0.0318792569804 0.73091357279 0.00385660097115 0.0260320752209 0.00496567339839 0.0478938365071 -0.000460213548151 0.0308076175606 4.80189575666e-05 0.017191085117 0.0207790735195 0.0268255883353 0.0111295233864 0.024277176043 0.0342294919226 0.0289588914583 0.0230567295228 0.0204505720959 0.0231416021378 0.0228133154662 
0.052312648523 0.00385660097115 2.99047424396 0.000854293208622 0.0201715987498 0.00434556318555 -0.00617541331536 -0.00768943609946 -0.000954136213825 -0.000117137371028 0.000302496311634 0.0193511212931 0.0023019562008 0.00625981914332 0.00288310590721 -0.0134980580724 0.0216717118218 -0.000660094682173 -0.0202463151259 -0.00196061103462 
-0.000308699405417 0.0260320752209 0.000854293208622 0.339602763518 0.0203438043493 0.031589623604 0.0285901397106 0.0417659295173 0.0867675047869 0.00658247765667 0.0334756620108 0.00684981104265 0.0236960374166 0.0461576282932 0.0230009496974 0.00265416624833 0.0266007365514 0.0303531077225 0.0156346941859 0.0330813575114 
0.0278730099683 0.00496567339839 0.0201715987498 0.0203438043493 0.229677505068 0.0189584932444 0.0315258980335 0.020513430176 0.0189254333472 0.0275785835652 0.0172385886233 -0.0122945818323 0.023923434715 0.0236405832601 0.0192952432164 0.02484883693 0.0279884275344 0.0191662920717 0.0313242864802 0.0278654080173 
0.0339786809181 0.0478938365071 0.00434556318555 0.031589623604 0.0189584932444 0.325392823876 0.0299776554859 0.0434384914752 0.0223984183759 0.0274661031989 0.0406221369606 0.0132064500211 0.0315947893645 0.0423764830177 0.0266543446824 0.00895146303843 0.0232869898633 0.030234257956 0.00404749257583 0.0192419677181 
0.0390508778238 -0.000460213548151 -0.00617541331536 0.0285901397106 0.0315258980335 0.0299776554859 0.182697702133 0.0129011731518 0.0181833222551 0.0277808148935 0.0121678479719 0.00307610814195 0.0178034133108 0.0304160660354 0.0154279337867 0.0147827173758 0.028455152235 0.0168401851663 0.0201247350028 0.00938441736113 
0.0280898496202 0.0308076175606 -0.00768943609946 0.0417659295173 0.020513430176 0.0434384914752 0.0129011731518 0.331615727873 0.021994665378 0.0218177925227 0.0432320445078 0.00272842515297 0.0245853349004 0.0502807951271 0.0395133573928 0.000894492949022 0.0228604249287 0.0264431441648 0.00865693127378 0.0126998357483 
0.0216596686445 4.8018957567e-05 -0.000954136213825 0.0867675047869 0.0189254333472 0.0223984183759 0.0181833222551 0.021994665378 0.264020287561 0.0411495581827 0.0152747511039 0.0351663970404 0.00309529430345 0.0166747864297 0.0196721930777 0.00124876381848 0.011629685172 0.0131514329555 0.0208191119555 0.0352417731139 
0.0179133341923 0.017191085117 -0.000117137371028 0.00658247765667 0.0275785835652 0.0274661031989 0.0277808148935 0.0218177925227 0.0411495581827 0.15469459355 0.00847150160811 -0.000714187081346 0.00389031437287 0.0363958727841 0.0231697704439 0.0119458413573 0.0148701174032 0.0296526634089 0.0338175049587 0.0310182737397 
0.0229992912374 0.0207790735195 0.000302496311634 0.0334756620108 0.0172385886233 0.0406221369606 0.0121678479719 0.0432320445078 0.0152747511039 0.00847150160811 0.412294342448 0.0348927885278 0.0246556855304 0.0311280017858 0.0140375961765 0.0137970525712 0.0248077327588 0.0345406667598 0.00698798546642 0.00809163576508 
0.0229988269183 0.0268255883353 0.0193511212931 0.00684981104265 -0.0122945818323 0.0132064500211 0.00307610814195 0.00272842515297 0.0351663970404 -0.000714187081346 0.0348927885278 0.534141955856 -0.0011658920884 0.0121258936428 0.00530123280895 0.0175245197814 0.0147049842705 0.0193547109295 0.00292312913059 0.0300225862879 
0.00432067707055 0.0111295233864 0.0023019562008 0.0236960374166 0.023923434715 0.0315947893645 0.0178034133108 0.0245853349004 0.00309529430344 0.00389031437287 0.0246556855304 -0.0011658920884 0.349584915198 0.0345148867401 0.00206061812147 0.00108447031284 0.0241409464608 0.0178114841848 0.0132190405959 0.0241044091606 
0.0244070556871 0.024277176043 0.00625981914332 0.0461576282932 0.0236405832601 0.0423764830177 0.0304160660354 0.0502807951271 0.0166747864297 0.0363958727841 0.0311280017858 0.0121258936428 0.0345148867401 0.221295342171 0.0488527304485 0.00588589314813 0.0467646537934 0.0421206672021 0.0216723358778 0.0375409602051 
0.0255018074188 0.0342294919226 0.00288310590721 0.0230009496974 0.0192952432164 0.0266543446824 0.0154279337867 0.0395133573928 0.0196721930777 0.0231697704439 0.0140375961765 0.00530123280895 0.00206061812146 0.0488527304485 0.339206018011 0.0129509605093 0.0270123778934 0.0310462702142 0.0105643091697 0.0184767598406 
0.00481659001467 0.0289588914583 -0.0134980580724 0.00265416624833 0.02484883693 0.00895146303843 0.0147827173758 0.000894492949022 0.00124876381848 0.0119458413573 0.0137970525712 0.0175245197814 0.00108447031284 0.00588589314813 0.0129509605093 0.187687223045 0.0137953653565 0.0225048219457 0.0251219742312 0.00520725423084 
0.0481260636916 0.0230567295228 0.0216717118218 0.0266007365514 0.0279884275344 0.0232869898633 0.028455152235 0.0228604249287 0.011629685172 0.0148701174032 0.0248077327588 0.0147049842705 0.0241409464608 0.0467646537934 0.0270123778935 0.0137953653565 0.240981839113 0.038062979297 0.00905108807327 0.0320853890984 
0.0378075565025 0.0204505720959 -0.000660094682173 0.0303531077225 0.0191662920717 0.030234257956 0.0168401851663 0.0264431441648 0.0131514329555 0.0296526634089 0.0345406667598 0.0193547109295 0.0178114841848 0.0421206672021 0.0310462702142 0.0225048219457 0.038062979297 0.489149584409 0.00931993330296 0.0435980022701 
0.0121941658298 0.0231416021378 -0.0202463151259 0.0156346941859 0.0313242864802 0.00404749257583 0.0201247350028 0.00865693127378 0.0208191119555 0.0338175049587 0.00698798546642 0.00292312913059 0.0132190405959 0.0216723358778 0.0105643091697 0.0251219742312 0.00905108807327 0.00931993330296 0.154619741756 0.0171950757526 
0.0242786974044 0.0228133154662 -0.00196061103462 0.0330813575113 0.0278654080173 0.0192419677181 0.00938441736113 0.0126998357483 0.0352417731139 0.0310182737397 0.00809163576508 0.0300225862879 0.0241044091606 0.0375409602051 0.0184767598406 0.00520725423084 0.0320853890984 0.0435980022701 0.0171950757526 0.297535478693 

['BDX', 'EBAY', 'ANDW', 'SWK', 'LTR', 'LOW', 'NOC', 'DELL', 'RF', 'BAC', 'HAS', 'MAT', 'KG', 'DOV', 'ROH', 'CPB', 'HON', 'EK', 'ED', 'ACE']