50
0.0850489592031 0.0435638119902 0.0594494044175 0.0331056926512 0.103194060275 0.074230100705 0.093312473985 0.0155341374053 0.0716450377603 0.0124927962784 0.106415927512 0.0780955523414 0.0253425298527 0.0472748306646 0.0995242847704 0.0424048973372 0.127416862275 0.0832698050771 0.105459344027 0.0545934085328 0.133882810383 0.0427797721554 0.0533662879029 0.22311845274 0.0766878163077 0.0523918745475 0.0162161188728 0.0708595176859 0.0359279599811 0.0878126089614 0.0988670942005 0.0590558874601 0.0220144037379 0.0122123060087 0.0559549201136 0.042606905642 0.0570579479668 0.0276848810082 0.0380288664812 0.0347696809731 0.110625092132 0.128222495688 0.100974868985 0.0597094198611 0.0246645675501 0.005148759701 0.199130076205 0.0459594094694 0.188050706821 0.116671338284 
0.717178673805 0.00352228044644 0.0256677455466 0.0119635618564 0.0295241536126 0.0365169115048 0.0168998594006 0.000990719050245 0.013418680617 0.0210780562871 0.0283462571417 0.0170404252953 0.0249219590774 -0.00376252946198 0.0251074121461 0.00373436556969 0.0495953650123 0.0230048119328 0.00537984956681 0.0223832147227 0.0337516780348 0.0404624193293 0.0252219719459 0.0755833667603 0.039929011314 0.0223280049395 0.00244587902392 0.00972216128719 0.0151689710333 0.0232181994377 0.0200532158596 0.00021877132224 0.0157705765837 0.00570859139349 0.0455943207081 0.0149824528882 0.00449834854897 0.0195511165157 0.0250510906711 0.0101602054333 0.0205086231152 0.0153512732064 0.0209057207716 0.00900804519344 0.0174455357962 0.00340028027315 0.0367670093544 0.0265958316275 0.0366858382301 0.0107760404585 
0.00352228044644 0.270779350467 0.00457726981636 0.0147644340656 0.00791041763091 0.0230980274032 -0.00149912373632 0.00141298103454 -0.000371674899066 0.00927412454231 -0.0031720823488 0.000387698372537 0.00694300413049 0.0134653180186 -0.00111724763537 0.0168469677285 0.00976894485199 0.0248781535438 -0.0042660363363 0.008184300402 -0.00281893518104 0.0115259565153 0.0630718850362 0.0036550716431 0.0085938995765 0.0106415575213 0.0208259500361 0.00885483126554 0.0222686818741 0.00669112297161 0.0207438582352 0.0212916002689 0.0199197936466 0.00971214114369 0.00215750782605 -0.00272503385111 0.0141526915697 0.0117134570935 -0.00816236283345 0.00846175982028 0.00264484586491 0.0285535352387 0.0100980647906 0.00501027444876 0.0220515109191 0.00883086867128 0.020481044723 0.00881853421586 0.0101191081736 0.00613437872719 
0.0256677455466 0.00457726981636 0.282993785085 0.0322356069315 0.0249885814729 0.0588824331418 -0.0111133420698 0.00511729150292 0.00714712498721 0.00858916496005 0.0236085985486 0.0280601432902 0.0332990549349 0.0118193241545 0.0102245776011 0.00538343219857 0.00137119886288 0.0093153080989 0.034121784584 0.0491955588547 0.0326212581635 0.0280880068477 0.018902609453 0.0414620565004 0.0245494616206 0.0213873968575 0.026137298273 0.0193953620239 0.0266710248364 0.0179834204711 0.0249172831495 0.00754607815156 0.0134412783481 0.024163099175 0.02743518372 0.0300445549624 0.0175756727406 0.0249113609565 0.0348540449378 0.0169586358742 0.0350108095463 0.044227154465 0.00476481828459 0.0113487382454 0.0613347724275 0.0105281696803 0.0294288906879 0.0300028982279 0.0207856615333 0.0385538818189 
0.0119635618564 0.0147644340656 0.0322356069315 0.204078560114 0.0200961213685 0.0452235257177 0.0131797278906 -0.00232790564589 0.0145688083722 0.0158520202075 0.00725366112939 0.0139011744113 0.0101233230056 0.00443197091278 0.0353919843684 0.0137493655073 0.0308173146404 0.0366345915175 0.00637101248851 0.0152858460726 0.0237686711115 0.0280576871328 0.0143042354278 0.0188280130048 0.0109999906683 0.0126925356103 0.0502421725987 0.00521071700065 0.00395981286906 0.00931665030914 0.012896952843 0.0227659087396 0.0424619644456 0.0117204389077 0.0224707435393 0.0120825015228 0.0147170066071 0.0177095896157 0.00545116580457 0.0205516111507 0.00290881465781 0.0197878346337 0.00824970974323 0.0197799164955 0.0167611933426 -0.00123690725433 0.0187265435565 0.000989663055604 0.00400310204576 0.00292192447535 
0.0295241536126 0.00791041763091 0.0249885814729 0.0200961213685 0.543610744978 0.0911262631848 0.0245504379025 0.00359879953339 0.0135144353453 0.0398245540786 0.0385271794603 0.0105679906231 0.0135600931126 0.010805936169 0.0458137789194 0.0175035746355 0.0322283115792 0.0211489906056 0.0403964144748 0.0543380372277 0.0295759473048 0.0322270633844 0.00673694956275 0.0316395351354 0.0456067807136 0.0343291796899 0.0291956419282 0.0184495354717 0.0137237175296 0.0155334088465 0.0570546318294 -0.0119189278217 0.0264027463826 0.0197968850369 0.030107343588 0.0110377419499 -0.0229111247407 0.0299773060157 0.0280690542677 0.0519775495378 0.026344269523 0.0265833442439 0.0128525009969 0.0333497783405 0.00973936630176 0.00993826076281 0.0179507848128 0.018803899788 0.140772200318 0.029741248446 
0.0365169115048 0.0230980274032 0.0588824331418 0.0452235257177 0.0911262631848 0.477225564101 0.0520495519841 0.0161678651768 0.0194133446065 0.046397648476 0.0548085473081 0.035268452663 0.0228199887499 0.012051845182 0.0658872155347 0.0307370132468 0.0507400481779 0.033522952065 0.0549526877436 0.0543064231957 0.0466095804858 0.0284526603822 0.00650481219822 0.0619057518008 0.0472090327517 0.0204444657619 0.0168359292516 0.018238876342 0.0156331759079 0.0167667238733 0.0377526308487 0.00299288871374 0.013369350629 0.0170803127959 0.0371492027349 0.0447167601206 0.00108995283302 0.0519998663321 0.0345818079307 0.0241629370106 0.0524035459577 0.061248381992 0.087753238873 0.0491010317424 0.0417735917284 0.0239199009679 0.0385791404307 0.0524375323448 0.037784253492 0.0404330403932 
0.0168998594006 -0.00149912373632 -0.0111133420698 0.0131797278906 0.0245504379025 0.0520495519841 0.386920986789 0.0112110552218 0.0340317695648 -0.000700259559436 0.0236843997809 -0.00220545729277 0.00142762820566 -0.0070903167533 0.0766140293426 0.015484554972 0.157407994297 0.116689988762 -0.00787064472554 0.00687097791883 0.124394116393 -0.00303554929716 0.00272932996298 0.0419820337139 0.00405265261415 0.0163427829446 0.0119304398888 -0.000270280943759 -0.00559875494001 0.00519329851359 0.0186352987315 -0.000915240487283 0.0172803206655 0.0116959353567 0.0215369666971 0.00701497207575 0.010779335676 -0.000637380318544 -0.00550285683806 0.0199644601043 0.0191031354652 0.0220001727059 0.0154316857227 0.00691013870317 -0.00158264003625 0.00696486214132 0.0832063998878 0.0184192855051 0.00336677778712 0.00969672420186 
0.000990719050245 0.00141298103454 0.00511729150292 -0.00232790564589 0.00359879953339 0.0161678651768 0.0112110552218 0.187026479611 -0.000656350320081 0.0133306891762 0.00752264456606 -0.0028613482654 0.0105444140898 -0.00208610241233 0.00562673410627 -0.010782606733 0.00901197180951 0.0163293877304 0.0212867587281 -0.00607474873625 0.00716616762067 0.0188871911292 0.00348782525893 0.0209055179506 -0.00271550775809 0.0122414108888 0.00721531516908 0.010062439949 -0.00780637987676 0.00886516828403 0.00605055114779 0.0106279622311 0.00262446908137 0.0118505639289 0.00419193755524 0.0120552544994 0.00457081635034 0.0137142430814 -0.00371197035429 0.00412625716495 0.0282311676091 0.00964005987023 -0.00650365357804 0.0115079616327 0.0166404619445 0.0155234102022 0.0170363137595 0.0124181982234 -0.00103250926382 0.00340666839153 
0.013418680617 -0.000371674899066 0.00714712498721 0.0145688083722 0.0135144353453 0.0194133446065 0.0340317695648 -0.000656350320081 0.464068426004 0.00941810384337 0.00987084056526 -0.00506917779715 0.00108021467254 -0.0164519927278 0.00215910823769 0.0295902448189 0.00689748413435 0.00705786031347 -0.0022367975166 0.0261166901169 0.0140533543786 0.01503633141 0.0603115635806 0.00946071010412 0.010815015242 0.0131989597955 0.0112847967679 0.00744541981938 0.00912382632285 0.0182718344904 0.0216143398774 -0.00124008339074 0.00798689988984 0.0271811369646 0.021324463002 0.00988108676608 0.00145549553018 -0.00108717783368 0.0181920138767 0.0202275099611 0.0109629755684 0.0129067265777 0.00460969590829 -0.00805127068065 0.0152062438774 0.0164083371256 0.0220068367111 -0.00638054056546 0.0110087215048 -0.00671801827101 
0.0210780562871 0.00927412454231 0.00858916496005 0.0158520202075 0.0398245540786 0.046397648476 -0.000700259559436 0.0133306891762 0.00941810384337 0.17905552486 0.0172604876199 0.00882330447479 0.00800127785885 0.00691159468484 0.00686942754251 -0.000517910734981 0.00402971635045 0.00576492281083 0.00560081297258 0.00751189796889 0.0109562264075 0.0260766105455 0.00861971980618 0.0198104428412 0.0193479624868 0.0127422141403 0.014080841219 0.00500777346763 0.00727878287374 0.00912089922642 0.0120690057709 0.00246733104161 0.0186969543339 -0.00475316862738 0.0278243368194 0.0122339782161 0.00845945191798 0.0173470696984 0.0215033362705 0.0131941410002 0.00162933106887 0.0169289293287 0.0287153595031 0.0192181092116 0.0153201889513 0.0117731498849 0.0170079668076 0.00740358151009 0.0233097921646 0.0138906443084 
0.0283462571417 -0.0031720823488 0.0236085985486 0.00725366112939 0.0385271794603 0.0548085473081 0.0236843997809 0.00752264456606 0.00987084056526 0.0172604876199 0.590269423844 0.0227538627459 0.0161775817706 0.00553752567672 0.0191141710079 0.00840913026262 0.0424333361458 0.0117436005873 0.0321437770785 0.0567930564438 0.0242526263674 0.0247296609455 0.00820642434193 0.0446803703127 0.060100114242 0.0159916487736 -0.00363107198033 0.0187775788297 0.0194456241837 0.0376620221899 0.0659977500532 -0.000435030176091 0.00389544639633 0.0190066489759 0.0269114614102 0.00978133873675 0.110762109209 0.0135735307279 0.0578733619983 0.0122478957632 0.0481459955531 0.0551421865726 0.0303705926965 0.0439436781852 0.00746355546897 -0.00104007390489 0.0423175590649 0.0215276187618 0.0213727026538 0.0887002208005 
0.0170404252953 0.000387698372537 0.0280601432902 0.0139011744113 0.0105679906231 0.035268452663 -0.00220545729277 -0.0028613482654 -0.00506917779715 0.00882330447479 0.0227538627459 0.563687658468 0.00871390093932 0.00445924089706 0.00822950835924 -0.00828105397429 -0.000187336814637 -0.00508396093081 0.0286899492365 0.0370063948792 4.38520710528e-05 0.0208685985445 0.00737474774608 0.0237300539983 0.0160771351532 -0.00655176733342 0.0195321323865 0.0283269636745 0.0058963568783 0.0219558383299 0.0704688960394 0.00498762873211 0.0130322507766 0.016697746017 0.0379559233918 0.0459223644339 0.0173457779755 0.00907122186001 0.0285722378917 0.0233289438973 0.051693766999 0.00577227205565 0.0313234621318 -0.00530544222226 0.00817979508689 -0.00839016212257 0.0372009418778 0.0249305190796 0.0443751910328 0.0145495172486 
0.0249219590774 0.00694300413049 0.0332990549349 0.0101233230056 0.0135600931126 0.0228199887499 0.00142762820566 0.0105444140898 0.00108021467254 0.00800127785885 0.0161775817706 0.00871390093932 0.192837529771 -0.00147483319543 0.00535482102616 0.0194920109715 -0.00898782326936 0.00353717058693 0.0202916325654 0.0174072981854 0.000117851107508 0.00469953152914 0.0110922242278 0.0153443702557 0.0218812991362 0.000939565892772 0.000392257830353 -5.99886428226e-06 0.0121847726892 0.0119476812971 0.0179883082059 0.0332327308688 0.00310903633986 0.0129311224139 0.0189035775891 0.0131400067935 0.018408576599 0.0169714209537 0.0165330692474 0.012252384258 0.0172185148053 0.018743480461 -0.00382673437503 -0.00303693401998 0.0127451556031 0.00996999067418 0.00731531560744 0.0104310463391 0.0290749822555 -0.00180072088166 
-0.00376252946198 0.0134653180186 0.0118193241545 0.00443197091278 0.010805936169 0.012051845182 -0.0070903167533 -0.00208610241233 -0.0164519927278 0.00691159468484 0.00553752567672 0.00445924089706 -0.00147483319543 0.351006983035 -0.00383799647501 -0.00552557629258 -0.000940745770842 -0.00279994928556 0.00734941937681 0.0144114410087 0.000773432080303 0.0120257178206 0.0199632252387 -0.0119767650011 0.0154978000318 0.0326319644884 0.00649024612208 0.0314450292259 0.00189803916342 -0.0118845480464 0.0546693749709 0.00980908123181 0.00523405365746 -0.00130202738033 0.0104141438247 0.0319174576942 -0.00445752871829 0.00437242091818 0.00521444246915 0.018833734794 0.00359899644515 0.00781092634264 0.0125493617413 -0.000924406457494 0.0104867178253 0.00617400936017 -0.0102391433852 0.01365118254 0.0148807877567 -0.0194362069487 
0.0251074121461 -0.00111724763537 0.0102245776011 0.0353919843684 0.0458137789194 0.0658872155347 0.0766140293426 0.00562673410627 0.00215910823769 0.00686942754251 0.0191141710079 0.00822950835924 0.00535482102616 -0.00383799647501 0.415581316618 -0.00715158289485 0.103375600281 0.0736898263771 0.0028942940084 0.0198467534671 0.0768310718037 0.029341111809 0.00661059066731 -0.00216268139794 0.0167919829544 0.00413393101243 0.0453638793583 0.00982896399981 0.00925231063342 -0.0106727285421 0.0296849081599 0.00866253867757 0.0189123989725 0.01998154954 0.0126778488202 0.0265898516948 0.0122250338149 0.00889721407725 0.0148302068741 0.025662986526 0.00135105932135 0.0292003749042 0.0133924351037 0.00792188201108 0.00245630521837 -0.000927840265671 0.0646000339338 -0.0208522817999 0.0185206631563 0.0243451492658 
0.00373436556969 0.0168469677285 0.00538343219857 0.0137493655073 0.0175035746355 0.0307370132468 0.015484554972 -0.010782606733 0.0295902448189 -0.000517910734981 0.00840913026262 -0.00828105397429 0.0194920109715 -0.00552557629258 -0.00715158289485 0.394291871223 -0.0067390533919 0.0140782983263 0.0146842144972 0.00739929093103 0.00325753321034 0.00608740666206 -0.0101866500652 -0.000714072469578 0.0180404449627 0.0179356282602 0.00512114234171 -0.000998419774818 -0.00939611638216 0.0314555063873 0.0106024747734 0.0188488726634 0.00845604516668 0.0204747629879 0.0234516065016 0.010504282506 0.0166444223632 0.0073476313239 0.0182637988671 0.00456710687066 0.00695222178095 0.0316787765088 0.0115598480204 0.0113559420891 0.00667616297317 0.0144663511803 0.0279756196786 0.016439610379 -0.00950777675015 -0.00565522274176 
0.0495953650123 0.00976894485199 0.00137119886288 0.0308173146404 0.0322283115792 0.0507400481779 0.157407994297 0.00901197180951 0.00689748413436 0.00402971635045 0.0424333361458 -0.000187336814637 -0.00898782326936 -0.000940745770842 0.103375600281 -0.0067390533919 0.405392382069 0.126882792589 -0.000878101533627 0.046890925474 0.137689634322 0.0275818731597 -0.00140220575472 0.026721739685 0.0277632334594 -0.00614186008682 0.0278643703521 0.0162469095019 0.0112485110147 0.0111387749543 0.025007426197 0.014094739056 0.0141546860662 0.00401439421092 0.0121817765431 0.017173086381 0.0354028431799 0.0119275029803 -0.00758850070421 0.0202086687964 0.0184239706853 0.032756460119 0.0167204595517 -0.000247495872123 0.0146767669909 -0.00605668489483 0.0723897657279 0.01814779103 -0.00181185048162 0.0363811986567 
0.0230048119328 0.0248781535438 0.0093153080989 0.0366345915175 0.0211489906056 0.033522952065 0.116689988762 0.0163293877304 0.00705786031347 0.00576492281083 0.0117436005873 -0.00508396093081 0.00353717058693 -0.00279994928556 0.0736898263771 0.0140782983263 0.126882792589 0.350270632784 0.00261245979382 0.0457147623329 0.098132384555 0.0216269081194 0.0133812001722 0.0327516026892 0.0089751841759 -0.0102903425709 0.0246158366665 -0.00152787714405 0.0177418810106 0.0150663872768 0.00775828458369 0.0131283162217 0.0110168696285 0.0129555498742 0.0301166293119 0.0222117388166 -0.00315045629207 -0.000650457595088 0.00743679681169 0.0149919321935 0.0009240538873 0.0407196715956 0.00481005420848 -0.0125413439668 0.00475224243583 -0.00248157449733 0.081482571558 -0.000968425206522 -0.00184558188072 0.019179866415 
0.00537984956681 -0.0042660363363 0.034121784584 0.00637101248851 0.0403964144748 0.0549526877436 -0.00787064472554 0.0212867587281 -0.0022367975166 0.00560081297258 0.0321437770785 0.0286899492365 0.0202916325654 0.00734941937681 0.0028942940084 0.0146842144972 -0.000878101533627 0.00261245979382 0.745320508603 0.0253172453001 -0.0038270544885 0.00793894554615 0.0195271443888 0.0121562618365 0.0500405682934 -0.00774407089377 0.00104064251503 0.00413818649465 0.015770982539 0.0332019102332 0.0430057324193 0.0555519619876 0.000710108174208 -3.32433204781e-05 0.0287842277071 0.025333293377 0.0140199176899 0.0084120150566 0.0201007398491 0.0249806226338 0.0120224513602 0.03858416939 0.0123048220177 0.0536756613229 0.030940591092 0.0103396580229 0.0587913671626 0.0135194678784 0.0168921115268 0.0109140668102 
0.0223832147227 0.008184300402 0.0491955588547 0.0152858460726 0.0543380372277 0.0543064231957 0.00687097791883 -0.00607474873626 0.0261166901169 0.00751189796889 0.0567930564438 0.0370063948792 0.0174072981854 0.0144114410087 0.0198467534671 0.00739929093103 0.046890925474 0.0457147623329 0.0253172453001 0.242809560034 0.0387030836627 0.0427373336893 -0.00492852900476 0.0485474232077 0.0364027925815 0.0143065712027 0.0117666648274 0.0211879116978 0.0274806917235 0.0152144557078 0.0435143704117 0.0159974757288 0.0148103654539 0.0146202829605 0.0476155533341 0.0299735403703 0.0168792218911 0.00965865385571 0.0158707026292 0.0356117803238 0.0487870571342 0.0352910446826 0.0370638574998 0.0154880336258 0.0180525645458 0.00230450678575 0.0510474883207 0.0183526654149 0.0548283838074 0.0113466283523 
0.0337516780348 -0.00281893518104 0.0326212581635 0.0237686711115 0.0295759473048 0.0466095804858 0.124394116393 0.00716616762067 0.0140533543786 0.0109562264075 0.0242526263674 4.38520710532e-05 0.000117851107508 0.000773432080303 0.0768310718037 0.00325753321034 0.137689634322 0.098132384555 -0.0038270544885 0.0387030836627 0.446860000073 0.0204086656781 0.00075031683394 0.0490987109646 0.0518527085544 0.017942197059 0.015517535657 -0.00415114523854 0.0279560760233 0.0308569150698 0.0280586224653 0.0010829538563 0.0239426753466 0.00559321843748 0.0253446095051 0.0455262786004 0.031117894312 0.00466749195554 0.0250015958039 0.0148625912982 0.0283688448709 0.0309555556652 0.0111650351784 0.015290971901 0.0043342876472 0.0073127992992 0.0698220650674 0.00753843920709 0.0124359283584 0.0008179102208 
0.0404624193293 0.0115259565153 0.0280880068477 0.0280576871328 0.0322270633844 0.0284526603822 -0.00303554929716 0.0188871911292 0.01503633141 0.0260766105455 0.0247296609455 0.0208685985445 0.00469953152914 0.0120257178206 0.029341111809 0.00608740666206 0.0275818731597 0.0216269081194 0.00793894554615 0.0427373336893 0.0204086656781 0.274900453705 0.0180196130388 0.0153255692933 0.00261386537232 0.0170520580839 0.029584338098 0.0059012355423 0.0232226650725 0.00708631521218 0.0177041313813 0.0111345406492 0.0171804692745 0.00808236660836 0.0395683144427 0.0252203822485 0.0277966944985 0.0201861467414 0.0228241780934 0.0229184698644 0.0302294947338 0.0253140313987 0.0531505436454 0.0132640896883 0.0173215641806 -0.00395498528066 0.0411104254717 0.0315614887123 0.0211795933634 0.0202777019637 
0.0252219719459 0.0630718850362 0.018902609453 0.0143042354278 0.00673694956275 0.00650481219823 0.00272932996298 0.00348782525893 0.0603115635806 0.00861971980618 0.00820642434193 0.00737474774608 0.0110922242278 0.0199632252387 0.00661059066731 -0.0101866500652 -0.00140220575472 0.0133812001722 0.0195271443888 -0.00492852900476 0.000750316833938 0.0180196130388 0.419790406776 0.0215982940117 0.00495659633061 -0.0051833304019 0.0239003598573 0.000921285595697 0.000929473475825 0.0120111675197 0.0348711430925 -0.000653886918049 0.00283478506467 0.00295749496091 0.00346463862617 0.007729193974 0.00398842121214 0.00567077670315 0.00594078243789 -0.00171892140469 -0.0103033969329 0.0326044349236 0.0285210129444 0.00329257077256 0.0152194847548 0.00838105810066 -0.00210398458459 0.00422495773976 0.0456052738135 0.00832814394021 
0.0755833667603 0.0036550716431 0.0414620565004 0.0188280130048 0.0316395351354 0.0619057518008 0.0419820337139 0.0209055179506 0.00946071010412 0.0198104428412 0.0446803703127 0.0237300539983 0.0153443702557 -0.0119767650011 -0.00216268139794 -0.000714072469578 0.026721739685 0.0327516026892 0.0121562618365 0.0485474232077 0.0490987109646 0.0153255692933 0.0215982940117 0.887775372308 0.104397817721 -0.000570116434727 0.0213301289795 -0.0312539655025 0.0239892809985 0.117852944471 0.064213564143 0.01775604064 0.0300509310104 0.0241217602163 0.0498754552722 0.0105494676541 0.0138945648932 0.0227516598814 0.0647945520766 0.0329969584332 0.0710472809584 0.072662911429 0.0391996531269 0.0271762042365 0.00346571773075 0.00575241899263 0.00998648012536 0.024689799802 0.0442202752248 0.057667206883 
0.039929011314 0.0085938995765 0.0245494616206 0.0109999906683 0.0456067807136 0.0472090327517 0.00405265261415 -0.0027155077581 0.010815015242 0.0193479624868 0.060100114242 0.0160771351532 0.0218812991362 0.0154978000318 0.0167919829544 0.0180404449627 0.0277632334594 0.0089751841759 0.0500405682934 0.0364027925815 0.0518527085544 0.00261386537232 0.00495659633061 0.104397817721 0.405872416118 0.013421239812 0.00608445123909 0.0157853004787 0.0271591217708 0.111086896602 0.123428434062 -0.0012842791551 0.00275367297615 0.0144400225102 0.0485584857646 0.0219985656706 0.0271369707579 0.0192707776339 0.0855644899452 0.0309367678561 0.0464704234273 0.0384486437899 0.0064128447969 0.0164404515659 0.0164286357032 0.00177629380474 0.0350522889064 0.0479881147957 0.0717684418279 0.0191739139113 
0.0223280049395 0.0106415575213 0.0213873968575 0.0126925356103 0.0343291796899 0.0204444657619 0.0163427829446 0.0122414108888 0.0131989597955 0.0127422141403 0.0159916487736 -0.00655176733342 0.000939565892772 0.0326319644884 0.00413393101243 0.0179356282602 -0.00614186008682 -0.0102903425709 -0.00774407089377 0.0143065712027 0.017942197059 0.0170520580839 -0.0051833304019 -0.000570116434727 0.013421239812 0.34411122435 0.0132698157403 0.0656618871104 -0.00266800112199 -0.0114025537151 0.0149040881126 0.035818168905 0.0247450970215 0.00946042090881 0.00610721588317 0.0295988152464 0.00742445829423 0.0268575935597 0.026063618256 0.0173415584 -0.00426409225564 0.0237795275621 0.0106087460732 0.0082279873324 0.016610118528 0.00254359033603 0.0303936071852 0.0220825815536 -0.007805582749 0.00724101455513 
0.00244587902392 0.0208259500361 0.026137298273 0.0502421725987 0.0291956419282 0.0168359292516 0.0119304398888 0.00721531516908 0.0112847967679 0.014080841219 -0.00363107198033 0.0195321323865 0.000392257830352 0.00649024612208 0.0453638793583 0.00512114234171 0.0278643703521 0.0246158366665 0.00104064251503 0.0117666648274 0.015517535657 0.029584338098 0.0239003598573 0.0213301289795 0.00608445123909 0.0132698157403 0.183569858539 0.00877799051529 0.0178786024949 -0.00105133376328 0.016619712133 0.0141610237042 0.0459528117377 0.00722956849389 0.0153059821972 0.0115274066081 0.00861135833876 0.0133228409684 0.00234147575456 0.00704856303085 0.0112395917439 0.0147878679613 -0.00292820341456 0.0190766027047 0.0245584600712 -0.00337411605778 0.0096831263432 0.00886490598819 -0.0150726275897 0.0195728504472 
0.00972216128719 0.00885483126554 0.0193953620239 0.00521071700065 0.0184495354717 0.018238876342 -0.000270280943759 0.010062439949 0.00744541981938 0.00500777346763 0.0187775788297 0.0283269636745 -5.998864282e-06 0.0314450292259 0.00982896399981 -0.000998419774819 0.0162469095019 -0.00152787714405 0.00413818649465 0.0211879116978 -0.00415114523854 0.0059012355423 0.000921285595697 -0.0312539655025 0.0157853004787 0.0656618871104 0.00877799051529 0.39776025948 -0.00283974923267 -0.0129248017866 0.0292812777098 0.01146754353 0.00624436788107 0.0171054494581 0.00139290556475 0.00158636544545 0.0257976701648 0.0164931654772 -5.52847942086e-05 0.00923857905693 0.0172253991695 -0.00162761195142 0.00195646224625 -0.00313146923014 0.0206371701745 0.0150312883508 0.0118909567926 0.0220799348772 0.00482436234518 0.0227672844951 
0.0151689710333 0.0222686818741 0.0266710248364 0.00395981286906 0.0137237175296 0.0156331759079 -0.00559875494002 -0.00780637987676 0.00912382632285 0.00727878287374 0.0194456241837 0.0058963568783 0.0121847726892 0.00189803916342 0.00925231063342 -0.00939611638216 0.0112485110147 0.0177418810106 0.015770982539 0.0274806917235 0.0279560760233 0.0232226650725 0.000929473475826 0.0239892809985 0.0271591217708 -0.00266800112199 0.0178786024949 -0.00283974923267 0.225008081039 0.0236381803353 0.0148788182638 0.0190074497481 0.0125549747268 -0.000269865317766 0.0172583916065 0.0480753996365 0.0119713487586 -0.00703014772297 -0.00418007721254 0.0309199892626 0.006217126245 0.0242021653848 0.0163770230821 -0.00416111230633 0.0083943196441 0.0308027766841 0.00567103680675 0.00954939260233 0.0141452451492 0.00712915593717 
0.0232181994377 0.00669112297161 0.0179834204711 0.00931665030914 0.0155334088465 0.0167667238733 0.00519329851359 0.00886516828403 0.0182718344904 0.00912089922642 0.0376620221899 0.0219558383299 0.0119476812971 -0.0118845480464 -0.0106727285421 0.0314555063873 0.0111387749543 0.0150663872768 0.0332019102332 0.0152144557078 0.0308569150698 0.00708631521218 0.0120111675197 0.117852944471 0.111086896602 -0.0114025537151 -0.00105133376328 -0.0129248017866 0.0236381803353 0.449722126488 0.0635578493896 0.0080599122952 0.00205188917549 0.000203130763535 0.0247930067665 0.0313075580579 0.00438349090087 0.0237100062765 0.0581704954378 0.0301983178934 0.03249676207 0.0427865110545 0.0121713981722 0.00567177586394 0.0112740445143 0.00379555448586 0.0202259409576 0.0191379930272 0.0464731676218 0.0259296154148 
0.0200532158596 0.0207438582352 0.0249172831495 0.012896952843 0.0570546318294 0.0377526308487 0.0186352987315 0.00605055114779 0.0216143398774 0.0120690057709 0.0659977500532 0.0704688960394 0.0179883082059 0.0546693749709 0.0296849081599 0.0106024747734 0.025007426197 0.00775828458369 0.0430057324193 0.0435143704117 0.0280586224653 0.0177041313813 0.0348711430925 0.064213564143 0.123428434062 0.0149040881126 0.016619712133 0.0292812777098 0.0148788182638 0.0635578493896 0.452079521757 -0.0124210921717 0.00528451047466 0.0180364590997 0.0344797654222 0.0202397727781 0.0246815524747 0.0139138627552 0.0707966108654 0.0319777865759 0.0189850548664 0.0417974603787 0.0190697589865 0.0406872475675 0.0133028852172 -0.00705700026096 0.0653046303758 0.0161693311333 0.0731263059422 0.0312754072686 
0.000218771322239 0.0212916002689 0.00754607815156 0.0227659087396 -0.0119189278217 0.00299288871374 -0.000915240487284 0.0106279622311 -0.00124008339074 0.00246733104161 -0.00043503017609 0.00498762873211 0.0332327308688 0.00980908123181 0.00866253867757 0.0188488726634 0.014094739056 0.0131283162217 0.0555519619876 0.0159974757288 0.0010829538563 0.0111345406492 -0.000653886918049 0.01775604064 -0.0012842791551 0.035818168905 0.0141610237042 0.01146754353 0.0190074497481 0.0080599122952 -0.0124210921717 0.719277494134 0.0160644048482 0.0104799492489 0.00876911990685 0.0122542980396 0.0182618152971 0.0157104648232 0.0166712583026 0.00964113884661 0.040948075549 0.0101176888061 0.0151379939242 0.0201520280303 0.0200714112941 0.0275936637823 -0.0113519780436 0.0265085151266 0.00649672827851 -0.00523986494373 
0.0157705765837 0.0199197936466 0.0134412783481 0.0424619644456 0.0264027463826 0.013369350629 0.0172803206655 0.00262446908137 0.00798689988984 0.0186969543339 0.00389544639633 0.0130322507766 0.00310903633986 0.00523405365746 0.0189123989725 0.00845604516668 0.0141546860662 0.0110168696285 0.000710108174208 0.0148103654539 0.0239426753466 0.0171804692745 0.00283478506467 0.0300509310104 0.00275367297615 0.0247450970215 0.0459528117377 0.00624436788107 0.0125549747268 0.00205188917549 0.00528451047466 0.0160644048482 0.177177913113 0.0182276677768 0.0113962144937 0.00504101903676 0.0052961726076 0.00836383359392 -0.00236171187343 0.0167582376734 0.00720001762125 0.00699623921838 0.0108441656634 0.0134638836299 0.00656332289268 0.0143878807665 0.00938623417451 0.0111355590509 -0.01103156366 0.0159330007118 
0.00570859139349 0.00971214114369 0.024163099175 0.0117204389077 0.0197968850369 0.0170803127959 0.0116959353567 0.0118505639289 0.0271811369646 -0.00475316862738 0.0190066489759 0.016697746017 0.0129311224139 -0.00130202738033 0.01998154954 0.0204747629879 0.00401439421092 0.0129555498742 -3.3243320478e-05 0.0146202829605 0.00559321843748 0.00808236660836 0.00295749496091 0.0241217602163 0.0144400225102 0.00946042090881 0.00722956849389 0.0171054494581 -0.000269865317766 0.000203130763535 0.0180364590997 0.0104799492489 0.0182276677768 0.285943693001 0.0121378995537 -0.000521135329096 -0.000334794651327 0.000650725336253 0.0121836856621 0.00116622303504 0.0100006308169 -0.0015023703354 0.00644375907854 0.0180760557271 0.008554411449 0.00706818517484 -0.00145806709716 0.0162915885668 0.0251197408826 0.0103704281004 
0.0455943207081 0.00215750782605 0.02743518372 0.0224707435393 0.030107343588 0.0371492027349 0.0215369666971 0.00419193755524 0.021324463002 0.0278243368194 0.0269114614102 0.0379559233918 0.0189035775891 0.0104141438247 0.0126778488202 0.0234516065016 0.0121817765431 0.0301166293119 0.0287842277071 0.0476155533341 0.0253446095051 0.0395683144427 0.00346463862617 0.0498754552722 0.0485584857646 0.00610721588317 0.0153059821972 0.00139290556475 0.0172583916065 0.0247930067665 0.0344797654222 0.00876911990685 0.0113962144937 0.0121378995537 0.24967413738 0.0305204262151 0.0178598491764 0.0312670029825 0.023961151846 0.0281958748169 0.024224011284 0.0368353609649 0.0575762118248 0.0166181315665 0.0296545515802 -0.00712856054376 0.0305428696297 0.0257126563505 0.0614642206285 0.0183476686888 
0.0149824528882 -0.00272503385111 0.0300445549624 0.0120825015228 0.0110377419499 0.0447167601206 0.00701497207575 0.0120552544994 0.00988108676608 0.0122339782161 0.00978133873675 0.0459223644339 0.0131400067935 0.0319174576942 0.0265898516948 0.010504282506 0.017173086381 0.0222117388166 0.025333293377 0.0299735403703 0.0455262786004 0.0252203822485 0.007729193974 0.0105494676541 0.0219985656706 0.0295988152464 0.0115274066081 0.00158636544545 0.0480753996365 0.0313075580579 0.0202397727781 0.0122542980396 0.00504101903676 -0.000521135329096 0.0305204262151 0.239977543869 0.0112828350943 0.0241052423769 0.0125324355233 0.0134605161451 0.0110904952267 0.0182382494947 0.00378711834122 0.00819034277225 0.00508123518437 0.0373372075631 0.0219416484409 0.00936418378843 0.012377137343 0.00535349319708 
0.00449834854897 0.0141526915697 0.0175756727406 0.0147170066071 -0.0229111247407 0.00108995283303 0.010779335676 0.00457081635034 0.00145549553018 0.00845945191798 0.110762109209 0.0173457779755 0.018408576599 -0.00445752871829 0.0122250338149 0.0166444223632 0.0354028431799 -0.00315045629207 0.0140199176899 0.0168792218911 0.031117894312 0.0277966944985 0.00398842121214 0.0138945648932 0.0271369707579 0.00742445829423 0.00861135833876 0.0257976701648 0.0119713487586 0.00438349090087 0.0246815524747 0.0182618152971 0.0052961726076 -0.000334794651327 0.0178598491764 0.0112828350943 0.309719330243 0.0225509057671 0.0027359971782 0.0113565772179 0.00667189906192 0.0311473142814 0.0153777755011 0.0180399715746 0.0131990903625 0.0027188750064 0.0293744307879 0.0210540651825 0.00807306335891 0.0444513378984 
0.0195511165157 0.0117134570935 0.0249113609565 0.0177095896157 0.0299773060157 0.0519998663321 -0.000637380318544 0.0137142430814 -0.00108717783368 0.0173470696984 0.0135735307279 0.00907122186001 0.0169714209537 0.00437242091818 0.00889721407725 0.0073476313239 0.0119275029803 -0.000650457595087 0.0084120150566 0.00965865385571 0.00466749195554 0.0201861467414 0.00567077670315 0.0227516598814 0.0192707776339 0.0268575935597 0.0133228409684 0.0164931654772 -0.00703014772297 0.0237100062765 0.0139138627552 0.0157104648232 0.00836383359392 0.000650725336253 0.0312670029825 0.0241052423769 0.0225509057671 0.252381557902 0.00848871662678 0.0236814266384 0.0166935932298 0.00671645168405 0.00421672707732 -0.0152670648023 0.0265937324294 0.00898787125578 0.026023892991 0.0173455251138 0.0153595700738 0.0447461066168 
0.0250510906711 -0.00816236283345 0.0348540449378 0.00545116580457 0.0280690542677 0.0345818079307 -0.00550285683806 -0.00371197035429 0.0181920138767 0.0215033362705 0.0578733619983 0.0285722378917 0.0165330692474 0.00521444246915 0.0148302068741 0.0182637988671 -0.00758850070421 0.00743679681169 0.0201007398491 0.0158707026292 0.0250015958039 0.0228241780934 0.00594078243789 0.0647945520766 0.0855644899452 0.026063618256 0.00234147575456 -5.52847942088e-05 -0.00418007721254 0.0581704954378 0.0707966108654 0.0166712583026 -0.00236171187343 0.0121836856621 0.023961151846 0.0125324355233 0.00273599717819 0.00848871662678 0.299546926965 0.00407326209166 0.00896200418468 0.034789966775 -0.00229981407576 0.0196289288647 0.0194015851467 0.0078998701148 0.0178196747522 0.0170286455697 0.0418740268792 0.0174315816392 
0.0101602054333 0.00846175982028 0.0169586358742 0.0205516111507 0.0519775495378 0.0241629370106 0.0199644601043 0.00412625716495 0.0202275099611 0.0131941410002 0.0122478957632 0.0233289438973 0.012252384258 0.018833734794 0.025662986526 0.00456710687067 0.0202086687964 0.0149919321935 0.0249806226338 0.0356117803238 0.0148625912982 0.0229184698644 -0.00171892140469 0.0329969584332 0.0309367678561 0.0173415584 0.00704856303085 0.00923857905693 0.0309199892626 0.0301983178934 0.0319777865759 0.00964113884661 0.0167582376734 0.00116622303504 0.0281958748169 0.0134605161451 0.0113565772179 0.0236814266384 0.00407326209166 0.219656922224 0.0275650530936 0.0299348312576 0.0325986869721 0.00469179968142 0.00112190735303 0.00682454078924 0.0292901997736 0.0100623943638 0.0479268695357 0.0121338386747 
0.0205086231152 0.00264484586491 0.0350108095463 0.00290881465781 0.026344269523 0.0524035459577 0.0191031354652 0.0282311676091 0.0109629755684 0.00162933106887 0.048145995553 0.051693766999 0.0172185148053 0.00359899644515 0.00135105932135 0.00695222178095 0.0184239706853 0.0009240538873 0.0120224513602 0.0487870571342 0.0283688448709 0.0302294947338 -0.0103033969329 0.0710472809584 0.0464704234273 -0.00426409225564 0.0112395917439 0.0172253991695 0.006217126245 0.03249676207 0.0189850548664 0.040948075549 0.00720001762125 0.0100006308169 0.024224011284 0.0110904952267 0.00667189906192 0.0166935932298 0.00896200418468 0.0275650530936 0.568092663434 0.044631723581 0.0337389555219 0.0375250073192 0.00605707568694 0.0240122304341 0.0113337257669 0.0335027955094 0.0358381041275 0.0393059868463 
0.0153512732064 0.0285535352387 0.044227154465 0.0197878346337 0.0265833442439 0.061248381992 0.0220001727059 0.00964005987023 0.0129067265777 0.0169289293287 0.0551421865726 0.00577227205565 0.018743480461 0.00781092634264 0.0292003749042 0.0316787765088 0.032756460119 0.0407196715956 0.03858416939 0.0352910446826 0.0309555556652 0.0253140313987 0.0326044349236 0.072662911429 0.0384486437899 0.0237795275621 0.0147878679613 -0.00162761195142 0.0242021653848 0.0427865110545 0.0417974603787 0.0101176888061 0.00699623921838 -0.0015023703354 0.0368353609649 0.0182382494947 0.0311473142814 0.00671645168405 0.034789966775 0.0299348312576 0.044631723581 0.524145921607 0.0300031841237 -0.00270676174218 0.0170653074268 0.00966887206526 0.0315331251881 0.0472553635992 0.0365854787784 0.0365210353938 
0.0209057207716 0.0100980647906 0.00476481828459 0.00824970974323 0.0128525009969 0.087753238873 0.0154316857227 -0.00650365357804 0.00460969590829 0.0287153595031 0.0303705926965 0.0313234621318 -0.00382673437503 0.0125493617413 0.0133924351037 0.0115598480204 0.0167204595517 0.00481005420848 0.0123048220177 0.0370638574998 0.0111650351784 0.0531505436454 0.0285210129444 0.0391996531269 0.0064128447969 0.0106087460732 -0.00292820341456 0.00195646224625 0.0163770230821 0.0121713981722 0.0190697589865 0.0151379939242 0.0108441656634 0.00644375907854 0.0575762118248 0.00378711834122 0.0153777755011 0.00421672707732 -0.00229981407576 0.0325986869721 0.0337389555219 0.0300031841237 0.460779997051 0.0330913764726 -0.00325700135346 0.00660772138114 0.0121675136512 0.0534165613179 0.047017531417 0.0460984367528 
0.00900804519344 0.00501027444876 0.0113487382454 0.0197799164955 0.0333497783405 0.0491010317424 0.00691013870317 0.0115079616327 -0.00805127068066 0.0192181092116 0.0439436781852 -0.00530544222226 -0.00303693401998 -0.000924406457494 0.00792188201108 0.0113559420891 -0.000247495872122 -0.0125413439668 0.0536756613229 0.0154880336258 0.015290971901 0.0132640896883 0.00329257077257 0.0271762042365 0.0164404515659 0.0082279873324 0.0190766027047 -0.00313146923014 -0.00416111230633 0.00567177586394 0.0406872475675 0.0201520280303 0.0134638836299 0.0180760557271 0.0166181315665 0.00819034277225 0.0180399715746 -0.0152670648023 0.0196289288647 0.00469179968142 0.0375250073192 -0.00270676174218 0.0330913764726 0.393394221274 0.0142935432192 0.021105295645 0.00306823882062 0.00952474197411 0.0040171317308 -0.00217681001474 
0.0174455357962 0.0220515109191 0.0613347724275 0.0167611933426 0.00973936630176 0.0417735917284 -0.00158264003625 0.0166404619445 0.0152062438774 0.0153201889513 0.00746355546897 0.00817979508689 0.0127451556031 0.0104867178253 0.00245630521837 0.00667616297317 0.0146767669909 0.00475224243583 0.030940591092 0.0180525645458 0.0043342876472 0.0173215641806 0.0152194847548 0.00346571773075 0.0164286357032 0.016610118528 0.0245584600712 0.0206371701745 0.0083943196441 0.0112740445143 0.0133028852172 0.0200714112941 0.00656332289268 0.008554411449 0.0296545515802 0.00508123518437 0.0131990903625 0.0265937324294 0.0194015851467 0.00112190735303 0.00605707568694 0.0170653074268 -0.00325700135346 0.0142935432192 0.167709176136 0.0104876714823 0.00815727191193 0.0332233514538 0.00670159179115 0.026793288587 
0.00340028027315 0.00883086867128 0.0105281696803 -0.00123690725433 0.00993826076281 0.0239199009679 0.00696486214132 0.0155234102022 0.0164083371256 0.0117731498849 -0.00104007390489 -0.00839016212257 0.00996999067417 0.00617400936017 -0.000927840265671 0.0144663511803 -0.00605668489483 -0.00248157449733 0.0103396580229 0.00230450678575 0.0073127992992 -0.00395498528066 0.00838105810066 0.00575241899263 0.00177629380474 0.00254359033603 -0.00337411605778 0.0150312883508 0.0308027766841 0.00379555448586 -0.00705700026096 0.0275936637823 0.0143878807665 0.00706818517484 -0.00712856054376 0.0373372075631 0.0027188750064 0.00898787125578 0.0078998701148 0.00682454078924 0.0240122304341 0.00966887206526 0.00660772138114 0.021105295645 0.0104876714823 0.226808417089 0.0172992119616 0.00402910888923 0.00846200319649 0.0273435311783 
0.0367670093544 0.020481044723 0.0294288906879 0.0187265435565 0.0179507848128 0.0385791404307 0.0832063998878 0.0170363137595 0.0220068367111 0.0170079668076 0.0423175590649 0.0372009418778 0.00731531560744 -0.0102391433852 0.0646000339338 0.0279756196786 0.0723897657279 0.081482571558 0.0587913671626 0.0510474883207 0.0698220650674 0.0411104254717 -0.00210398458459 0.00998648012535 0.0350522889064 0.0303936071852 0.0096831263432 0.0118909567926 0.00567103680675 0.0202259409576 0.0653046303758 -0.0113519780436 0.00938623417451 -0.00145806709716 0.0305428696297 0.0219416484409 0.0293744307879 0.026023892991 0.0178196747522 0.0292901997736 0.0113337257669 0.0315331251881 0.0121675136512 0.00306823882062 0.00815727191193 0.0172992119616 0.605102037272 0.0251955665518 0.0426499362824 0.0640087540563 
