30
0.118814959333 0.214537342356 0.0157982173188 0.133882810383 0.0486664598358 0.0447966226616 0.0340754658053 0.0449680709256 0.0466468708745 0.0388241127613 0.0273717205438 0.0318751717172 0.0486003975036 0.0479675113811 0.0800378705657 0.103528049483 0.0206637964956 0.103194060275 0.0375994121509 0.0395396308246 0.0755152896869 0.0427797721554 0.0645874353538 0.0282353637115 0.0335346879574 0.0210054402465 0.067654701563 0.0565521495323 0.0260517267587 0.0565518641406 
0.500012882577 0.125257045921 0.0241225818203 0.0308734203312 -0.000963890075796 0.0197907938311 0.00647211556114 0.0204819801033 0.0137920525062 0.02458809748 -0.00352533098174 0.0175011233524 0.0226430736673 0.0284413425713 0.027521303476 0.0267948480395 0.00486222014591 0.0308632026794 0.00360790714224 0.0342635541888 -0.0145311894311 0.02399116982 0.00792804359128 0.0233812631751 0.00398442349146 -0.00292511214205 0.00557269830291 0.0151651803734 0.00437026815207 0.0304189109715 
0.125257045921 0.972030263571 0.000154097487631 0.0359163841144 0.0153697316672 0.0415260136433 0.00315354073581 0.00320749101747 0.0306174611932 0.027020639937 0.042341721163 0.0140315209552 0.03619278004 0.0451626827098 0.0678880003689 0.0215221693337 0.0142001111992 0.0728455404879 -0.00221221917668 0.0591675193823 0.0143889808698 0.0438016493668 0.0723800009854 0.0249511139069 0.00428646227018 0.00600957444262 0.0334043716536 0.0334719504323 0.0351958371174 0.0370647513121 
0.0241225818203 0.000154097487631 0.23685862776 -0.00778006053896 0.00662390005386 0.0129644259568 0.0257072059874 0.0212521081223 -0.00107127137161 0.00805666573788 0.00893251318333 0.021131654891 0.008985786791 0.00336189312008 -0.00492126375183 0.0157342278783 0.0202379397956 0.0142106645847 0.03213852249 0.0109199158974 0.0128818518217 0.010664555786 0.00242852404772 0.0163375847267 0.012513609315 0.0145263608143 0.00923507479366 0.00332692453567 -0.000448903395547 0.0135421539597 
0.0308734203312 0.0359163841144 -0.00778006053896 0.493034738704 0.0196253871016 0.0159138013054 0.0092436501447 0.0263074411702 0.0397899691541 0.0126085991902 0.0188581206536 0.0160408968057 0.00091286714589 0.050501865492 0.0440706643954 0.13722176693 0.00976459957373 0.0430141364647 0.00132115233484 0.0117050024889 0.02452941881 0.0319409376142 0.00898806201572 0.00647674685155 0.0146795910041 -0.00113083954547 -0.00952185160417 0.000820791045344 0.0394100206798 0.028932967568 
-0.000963890075796 0.0153697316672 0.00662390005386 0.0196253871016 0.317504280241 0.0106053554631 0.00974068894191 0.00945921500605 0.0193176718999 0.020537539902 0.0130773853433 0.0285757439262 0.0227928247908 0.0144601575275 0.0212203347007 0.0137289355941 0.0112899168403 0.018836210885 -0.0053512610585 0.00607772979491 0.0191642817511 0.019799432292 0.0367566142364 0.0046432227593 0.00496099257465 0.00470510513615 0.0180425238912 0.0064771375665 0.0297251704623 0.0114377268226 
0.0197907938311 0.0415260136433 0.0129644259568 0.0159138013054 0.0106053554631 0.277965872899 0.0140754615373 0.031832330378 -0.00142742605467 0.0349042421478 0.0362644846777 0.00465864040075 0.0192401859083 0.0329785546475 0.00958303348788 0.00277932854737 0.0258535928482 0.0604034549938 0.0263424207914 0.0568431368378 0.0251458927667 0.0325462007695 0.0309734805456 0.0267748465811 0.0173063412225 0.00796061635158 0.0174211686477 0.0295032823853 0.027065270482 0.034622860379 
0.00647211556114 0.00315354073581 0.0257072059874 0.0092436501447 0.00974068894191 0.0140754615373 0.186058264958 0.0133023525481 0.01267231952 0.0106007301372 0.0152956840607 0.0179543634842 0.0131611175053 -0.000125252684561 0.00756857170884 0.016379687986 0.0165068413439 0.00224319845225 0.0295715440027 0.00943827391413 0.00788440642223 0.0126116204735 0.00572059330294 0.0115747953252 0.00634778144139 0.0114604612113 0.00750400255609 0.0128828525757 0.00737740301867 0.0101774153719 
0.0204819801033 0.00320749101747 0.0212521081223 0.0263074411702 0.00945921500605 0.031832330378 0.0133023525481 0.197513954073 0.0078653368163 0.00572336592644 0.0190282911869 0.0196738637224 0.00080993617155 0.0293306941134 0.0177638089845 0.0120411798035 0.0184112361997 0.0174451193876 0.0164335355077 0.0178093336943 -0.00203658671312 0.034766161451 0.00461790776817 0.0197934997122 0.0212735116518 -0.00127898599312 0.0128188665435 0.0125474254449 0.0201264541882 0.0271416110676 
0.0137920525062 0.0306174611932 -0.00107127137161 0.0397899691541 0.0193176718999 -0.00142742605467 0.01267231952 0.0078653368163 0.363324359165 0.0064117464573 0.0108050664745 0.051633697788 0.0102173114097 0.0239868329676 0.0102895115924 0.0326082713023 0.0154348844802 0.0590868442493 0.0303394197827 -0.000169443328079 0.0340138307591 0.00152642545834 0.00303067428866 0.0166446087415 0.0163568159681 0.00816651690363 0.0141172850222 0.0453794441317 0.0249710010022 0.0123889644415 
0.02458809748 0.027020639937 0.00805666573788 0.0126085991902 0.020537539902 0.0349042421478 0.0106007301372 0.00572336592644 0.0064117464573 0.194113602714 0.0068417079588 0.00585753890429 0.0125680888296 0.0196883284789 0.00998584920522 0.0113573489783 0.0256672494708 0.0246000879788 0.0166441609252 0.021881041564 0.0103780589624 0.0282834495332 0.034202121704 0.0349059402107 -0.0018262260746 0.01357998335 0.011687040726 0.0101467902175 0.0088021663048 0.0174627819234 
-0.00352533098174 0.042341721163 0.00893251318333 0.0188581206536 0.0130773853433 0.0362644846777 0.0152956840607 0.0190282911869 0.0108050664745 0.0068417079588 0.240312192917 0.0128022603635 0.0118835722649 0.00785621092412 0.0272307857768 0.0289327126263 0.0153025260865 0.0223544296334 0.0301451979753 0.0150429527065 0.0101286164586 0.019714593089 0.0146284123861 0.015204928762 0.010469010854 0.00869003740177 0.00798211365504 0.0333577602272 0.0240924092484 0.0213973950537 
0.0175011233524 0.0140315209552 0.021131654891 0.0160408968057 0.0285757439262 0.00465864040075 0.0179543634842 0.0196738637224 0.051633697788 0.00585753890429 0.0128022603635 0.189120415665 0.0164327704712 0.00542456119028 -0.000126014979663 0.0322036664399 0.0208948394838 0.0226385656144 0.0128338660272 0.00184936551834 0.0166318537316 0.0116407014848 0.00294417532739 0.0288171709326 0.0168530106583 0.0152166695655 0.0145697106579 0.0119033544243 0.00646046982896 0.0277501060909 
0.0226430736673 0.03619278004 0.008985786791 0.00091286714589 0.0227928247908 0.0192401859083 0.0131611175053 0.00080993617155 0.0102173114097 0.0125680888296 0.0118835722649 0.0164327704712 0.402292658417 0.0282075532621 0.042126364376 -0.00331682557268 0.0155228532778 0.017454665631 0.0340394407133 0.00138387342946 0.0118675579645 0.0046032452206 0.00559621209464 0.00880046739015 0.000129209362717 0.00102510312699 0.0174797905566 0.019828734418 0.0165921344246 0.00951620696356 
0.0284413425713 0.0451626827098 0.00336189312008 0.050501865492 0.0144601575275 0.0329785546475 -0.000125252684561 0.0293306941134 0.0239868329676 0.0196883284789 0.00785621092412 0.00542456119028 0.0282075532621 0.341301299167 0.00286916855224 0.0145491484819 0.0175467719095 0.0373377939714 0.011831582423 0.0165018032327 0.0289003161325 0.0380964344787 0.0272119534862 0.022927522416 0.00193697535267 0.0108858186823 0.0130412813381 0.035430122311 0.0205283857049 0.0340256996047 
0.027521303476 0.0678880003689 -0.00492126375183 0.0440706643954 0.0212203347007 0.00958303348788 0.00756857170884 0.0177638089845 0.0102895115924 0.00998584920522 0.0272307857768 -0.000126014979663 0.042126364376 0.00286916855224 0.375464087475 -0.00841706100905 0.0213744466524 0.0431201460289 0.0132311327439 0.00791959597355 0.00430509933476 0.040632876476 0.0250387163221 0.0174176692318 -0.00391862771835 -0.00291759367952 -0.000226208806784 0.00787018451928 0.0334414136335 0.020989375555 
0.0267948480395 0.0215221693337 0.0157342278783 0.13722176693 0.0137289355941 0.00277932854737 0.016379687986 0.0120411798035 0.0326082713023 0.0113573489783 0.0289327126263 0.0322036664399 -0.00331682557268 0.0145491484819 -0.00841706100905 0.439271010491 0.0103046791102 0.0356075875005 0.0129106827159 -0.0146414741584 0.0238175365298 0.0374026750113 -0.0060201740945 0.0230668457072 0.00780167839196 -0.000892844759989 0.0144693665338 0.0239833766154 0.00306796917096 0.0213090496169 
0.00486222014591 0.0142001111992 0.0202379397956 0.00976459957373 0.0112899168403 0.0258535928482 0.0165068413439 0.0184112361997 0.0154348844802 0.0256672494708 0.0153025260865 0.0208948394838 0.0155228532778 0.0175467719095 0.0213744466524 0.0103046791102 0.160351981157 0.0180423030733 0.0203902349819 0.0217112228936 0.00996938110632 0.0249064386615 0.0188312533452 0.0296381575016 0.0158322158148 0.0204318290718 0.0194426890372 0.0141597172076 0.00592790273541 0.0202227469426 
0.0308632026794 0.0728455404879 0.0142106645847 0.0430141364647 0.018836210885 0.0604034549938 0.00224319845225 0.0174451193876 0.0590868442493 0.0246000879788 0.0223544296334 0.0226385656144 0.017454665631 0.0373377939714 0.0431201460289 0.0356075875005 0.0180423030733 0.572876916423 0.0150589160435 0.0183966885158 0.0101756242107 0.0390944215685 0.0119745698847 0.0272686334367 0.0160131758022 2.53737818042e-05 0.0243534036631 0.0298451703297 0.0504009802903 0.0511509002304 
0.00360790714224 -0.00221221917668 0.03213852249 0.00132115233484 -0.0053512610585 0.0263424207914 0.0295715440027 0.0164335355077 0.0303394197827 0.0166441609252 0.0301451979753 0.0128338660272 0.0340394407133 0.011831582423 0.0132311327439 0.0129106827159 0.0203902349819 0.0150589160435 0.266252242002 0.0136231008942 0.0125697774759 0.0182209708073 0.0102572172167 0.0161437424648 0.0096132050852 0.00610488813588 0.00696373183891 0.00048374832404 0.0149951231874 0.0137836630854 
0.0342635541888 0.0591675193823 0.0109199158974 0.0117050024889 0.00607772979491 0.0568431368378 0.00943827391413 0.0178093336943 -0.000169443328079 0.021881041564 0.0150429527065 0.00184936551834 0.00138387342946 0.0165018032327 0.00791959597355 -0.0146414741584 0.0217112228936 0.0183966885158 0.0136231008942 0.294027226163 0.0404761484634 0.036099101135 0.0268584701998 0.022952885656 0.00332537479261 0.00889392033551 -0.00990063217939 0.00527527907896 0.0207547139046 0.0184134897132 
-0.0145311894311 0.0143889808698 0.0128818518217 0.02452941881 0.0191642817511 0.0251458927667 0.00788440642223 -0.00203658671312 0.0340138307591 0.0103780589624 0.0101286164586 0.0166318537316 0.0118675579645 0.0289003161325 0.00430509933476 0.0238175365298 0.00996938110632 0.0101756242107 0.0125697774759 0.0404761484634 0.798853051625 -0.0203229038617 -0.00407071854393 0.0115314804267 0.00550943164259 0.0211298264441 0.0157719382918 0.0096193554978 0.018731089741 0.0279464791501 
0.02399116982 0.0438016493668 0.010664555786 0.0319409376142 0.019799432292 0.0325462007695 0.0126116204735 0.034766161451 0.00152642545834 0.0282834495332 0.019714593089 0.0116407014848 0.0046032452206 0.0380964344787 0.040632876476 0.0374026750113 0.0249064386615 0.0390944215685 0.0182209708073 0.036099101135 -0.0203229038617 0.286281252088 0.0236829116796 0.0253504351136 0.0228131868958 0.010279485217 0.0129625742764 0.0128715847477 0.0354803619594 0.0425513762321 
0.00792804359128 0.0723800009854 0.00242852404772 0.00898806201572 0.0367566142364 0.0309734805456 0.00572059330294 0.00461790776817 0.00303067428866 0.034202121704 0.0146284123861 0.00294417532739 0.00559621209464 0.0272119534862 0.0250387163221 -0.0060201740945 0.0188312533452 0.0119745698847 0.0102572172167 0.0268584701998 -0.00407071854393 0.0236829116796 0.354215200615 0.0140514400586 0.00187723005726 0.00396305573833 0.000118189724447 0.0226417513135 0.0275455979005 0.025066091058 
0.0233812631751 0.0249511139069 0.0163375847267 0.00647674685156 0.0046432227593 0.0267748465811 0.0115747953252 0.0197934997122 0.0166446087415 0.0349059402107 0.015204928762 0.0288171709326 0.00880046739015 0.022927522416 0.0174176692318 0.0230668457072 0.0296381575016 0.0272686334367 0.0161437424648 0.022952885656 0.0115314804267 0.0253504351136 0.0140514400586 0.153924983018 0.0147182508243 0.0199219634467 0.0278394833317 0.0205290015056 0.0190197021271 0.0368947276934 
0.00398442349146 0.00428646227018 0.012513609315 0.0146795910041 0.00496099257465 0.0173063412225 0.00634778144139 0.0212735116518 0.0163568159681 -0.0018262260746 0.010469010854 0.0168530106583 0.000129209362717 0.00193697535267 -0.00391862771835 0.00780167839196 0.0158322158148 0.0160131758022 0.0096132050852 0.00332537479261 0.00550943164259 0.0228131868958 0.00187723005726 0.0147182508243 0.239714643029 0.0117625915598 0.0503239331574 0.0174859408681 0.00482609498337 0.0228245456186 
-0.00292511214205 0.00600957444262 0.0145263608143 -0.00113083954547 0.00470510513615 0.00796061635158 0.0114604612113 -0.00127898599312 0.00816651690363 0.01357998335 0.00869003740177 0.0152166695655 0.00102510312699 0.0108858186823 -0.00291759367952 -0.000892844759988 0.0204318290718 2.53737818042e-05 0.00610488813588 0.00889392033551 0.0211298264441 0.010279485217 0.00396305573833 0.0199219634467 0.0117625915598 0.133834544757 0.00414974208392 0.00771565427044 0.00152508306713 0.00785439013791 
0.00557269830291 0.0334043716536 0.00923507479366 -0.00952185160417 0.0180425238912 0.0174211686477 0.00750400255609 0.0128188665435 0.0141172850222 0.011687040726 0.00798211365504 0.0145697106579 0.0174797905566 0.0130412813381 -0.000226208806784 0.0144693665338 0.0194426890372 0.0243534036631 0.00696373183891 -0.00990063217939 0.0157719382918 0.0129625742764 0.000118189724447 0.0278394833317 0.0503239331574 0.00414974208392 0.383893898737 -0.00937080703467 0.00940539760205 0.0189113636025 
0.0151651803734 0.0334719504323 0.00332692453567 0.000820791045345 0.0064771375665 0.0295032823853 0.0128828525757 0.0125474254449 0.0453794441317 0.0101467902175 0.0333577602272 0.0119033544243 0.019828734418 0.035430122311 0.00787018451928 0.0239833766154 0.0141597172076 0.0298451703297 0.00048374832404 0.00527527907896 0.0096193554978 0.0128715847477 0.0226417513135 0.0205290015056 0.0174859408681 0.00771565427044 -0.00937080703467 0.374495622452 0.0194231147827 0.016829839758 
0.00437026815207 0.0351958371174 -0.000448903395547 0.0394100206798 0.0297251704623 0.027065270482 0.00737740301867 0.0201264541882 0.0249710010022 0.0088021663048 0.0240924092484 0.00646046982896 0.0165921344246 0.0205283857049 0.0334414136335 0.00306796917096 0.00592790273541 0.0504009802903 0.0149951231874 0.0207547139046 0.018731089741 0.0354803619594 0.0275455979005 0.0190197021271 0.00482609498337 0.00152508306713 0.00940539760205 0.0194231147827 0.186547720844 0.0222615108799 
0.0304189109715 0.0370647513121 0.0135421539597 0.028932967568 0.0114377268226 0.034622860379 0.0101774153719 0.0271416110676 0.0123889644415 0.0174627819234 0.0213973950537 0.0277501060909 0.00951620696356 0.0340256996047 0.020989375555 0.0213090496169 0.0202227469426 0.0511509002304 0.0137836630854 0.0184134897132 0.0279464791501 0.0425513762321 0.025066091058 0.0368947276934 0.0228245456186 0.00785439013791 0.0189113636025 0.016829839758 0.0222615108799 0.249577545388 

['SUNW', 'PMCS', 'HSY', 'SLB', 'STZ', 'MAR', 'CPB', 'LMT', 'CEG', 'ABK', 'TYC', 'FE', 'PAYX', 'SWK', 'NSC', 'OXY', 'AIG', 'VMC', 'ACV', 'YUM', 'SYK', 'EMN', 'KSS', 'MTB', 'BAX', 'PEP', 'SWY', 'XRX', 'SEE', 'AIV']