50
0.0538734886168 0.02736418452 0.135299445153 0.0991765707177 0.132143501856 0.0722101641432 0.0235207120966 0.0970140476379 0.0220144037379 0.140066530531 0.103528049483 0.0256345374975 0.0448147494519 0.0766878163077 0.0791308905459 0.118814959333 0.116792266476 0.149246593495 0.0130713531851 0.0297209295042 0.0501483555771 0.0391901687574 0.0418020448473 0.0584548507687 0.0479675113811 0.0377989606714 0.0375994121509 0.0761836706695 0.0766147585819 0.0715007016099 0.0604038345904 0.128413882411 0.169485482474 0.163811268696 0.0388241127613 0.0359279599811 0.0852779749864 0.019144788815 0.0700025840065 0.0629738483482 0.0678674292734 0.0231877092109 0.13159191543 0.0439476996979 0.114457978761 0.02473804396 0.0704019073317 0.00873698993333 0.123926899062 0.162626926374 
0.372728728489 0.0096864710529 0.00511714167881 0.000543208088284 0.0133027947595 0.0228717180589 0.000155201773617 0.0479097453093 -0.00651543454925 0.0548023290827 -0.000785447811586 0.0191638696708 0.00937509976681 0.0257550871344 0.0210260839558 0.0282086903424 0.0132818990256 -0.00198095745247 0.00277368888645 0.00599555067392 0.0247881982726 0.02987840122 0.0220864798158 0.0173408599323 0.0375689465719 0.0421189218083 0.0104786069741 0.0295253458597 0.0127085263198 0.00498290760359 0.0319940329434 0.013230497278 0.0108384642384 -0.00430178558167 0.01681722494 0.000311718496645 0.0291980626455 0.02188609007 -0.00377271585344 -0.000812803998725 0.0611212792494 0.0182745375422 0.0239314014652 -0.000810487691031 0.0088200213535 -0.000432886579854 0.0403267759029 0.00503385024235 0.0194076944048 0.00133564744234 
0.0096864710529 0.190266736171 0.0306691083951 0.00831100952604 0.0136099725428 0.0133126272093 0.00347983651612 0.0228076348618 0.0372632265536 0.024164308487 0.0180014679822 0.022285980348 0.0114338800434 0.00965829435522 0.00445003981236 0.0111717579325 0.00665647142709 0.0319705896019 0.0468567508047 0.00617863640994 0.0220254234923 0.0194795177064 0.0118278293616 0.0231420924041 0.0163312838412 0.0183604142466 0.00329915046843 0.0128077237915 0.00713483289078 0.00621829689244 0.0110847841764 0.0313620066399 0.00698968524718 -0.00079239931332 0.0124185898185 0.0150638645001 0.00932818537622 0.0107041143489 0.00500629158648 0.0210339451818 0.00684895265172 0.00992535199899 0.0290387121069 0.00339552984145 0.0154483392794 0.0386558648179 0.0260593966645 0.0108396158864 0.00346475382454 0.0056672172716 
0.00511714167881 0.0306691083951 0.436715822409 0.0588842726024 0.156762397365 0.0219859503168 0.0170408022061 0.0466934206757 0.0140060574784 0.00400762038148 0.102280512766 0.00162550299264 0.0025254366004 0.0255205871097 0.00778671455731 0.0292857410653 0.0198280928851 0.130568251362 0.0095576332097 0.00159129981605 0.0331716450338 0.0180128226423 0.0128912797365 0.0187621958027 0.0419103312287 0.0224197808602 -0.00406939093757 0.0588962623998 0.00436437298834 0.010009918369 0.016219562251 0.125382427809 0.0411823515553 3.32025286102e-05 0.00718946456182 0.00655867753264 -0.00392524880854 0.00654230502392 0.00767461563346 0.0578700391311 0.0125850826543 0.00573939627964 0.189104843303 0.00838864108474 0.129362476689 0.0191246485315 0.0263614264526 0.0075240123321 0.00305448460606 0.0541547116864 
0.000543208088284 0.00831100952604 0.0588842726024 0.633439523102 0.00597177918103 -0.0133717728769 0.00387618978211 0.026453361029 -0.00253749194027 0.012596130431 -0.00978103797402 0.000436999233645 0.0229251498352 0.000974705366098 -0.00852580570758 0.0305581289193 0.0151253399502 0.00475096252689 0.000658817421 0.00523497047243 -0.00649559911533 0.0250919288169 -0.0150274020326 -0.00487750050577 0.0474733268103 0.00452758280757 -0.0117657939789 0.0128734781392 0.019332094877 0.00462086829504 -0.0266314471195 -0.00704699829943 -0.00117056130518 0.00917231347178 0.00672880407893 0.0032578054375 -0.00895709422954 0.00150001454549 0.0275443614224 -0.0270424090873 -0.0159527863422 0.0210437333972 0.00844467025794 -0.000502716268982 0.0328601777307 0.0147687403954 0.00496632726319 0.00598806703415 0.0163954406065 -0.0111585991574 
0.0133027947595 0.0136099725428 0.156762397365 0.00597177918103 0.404826856815 0.0301598130188 -0.00717167717409 0.034202497794 0.016677997432 -0.00995060328912 0.0855594999794 0.014924621674 -0.000836886112165 0.0309685732615 0.0267703670072 0.0219650075523 -0.0128814902393 0.0967299658277 0.000888533042187 0.0158113178927 0.0293442759899 0.00310572714866 0.00103361861589 0.0273485902644 0.0242506753699 0.0257758840212 -0.00906023087648 0.0132496056616 0.012773247102 0.0084032613318 0.0102254227013 0.135472285114 0.0448495985242 0.000446731460369 0.0203784538686 0.0170615651087 0.00127978351617 0.00204946919596 0.0102937048182 0.0511266790475 0.0237013192028 0.0283647156013 0.137429452712 0.00699893412186 0.0742944457827 0.00185902608137 0.01379293165 0.00324522618094 0.0451716888992 0.0534069252577 
0.0228717180589 0.0133126272093 0.0219859503168 -0.013371772877 0.0301598130188 0.330277559511 0.016099499295 0.02863963806 0.00717118658617 0.0308891572747 0.0132544764629 0.0120504477554 -0.00319985847161 0.0386375697486 -0.00653268518752 0.0264412335136 0.00264171468332 0.0167047717276 0.00540731789678 -0.0140646193648 0.0421364810536 0.0296961169334 0.0291821930663 0.028250581015 0.0144498896821 0.0389632226381 0.0150055743658 0.0292028536345 0.0237254018341 -2.13011215451e-05 0.0363481980099 0.0245917558986 0.0252388293471 0.00798512795724 0.0155385391634 0.0244499080283 0.0138348874318 0.0235475066842 0.0155903127979 0.0175064045318 0.0351178617095 0.0251235034011 0.0185878295432 0.0107927630865 -0.000297983700862 0.0122553719848 0.0436010527603 0.0101003673915 0.0229948453075 0.0336167201636 
0.000155201773617 0.00347983651612 0.0170408022061 0.00387618978211 -0.00717167717409 0.016099499295 0.217148998861 0.0042167158863 0.0139105531119 -0.00201189589134 0.0127475789675 0.00326870282662 -0.0104085517377 0.0299281365775 0.00857024477637 0.0199585472256 -0.00799372101613 -0.00362845179683 0.0166405077706 0.000898883026292 0.0146655935079 0.0142138284151 0.0117318577426 0.0194258830532 0.00838452286105 0.0095754622554 -0.0015435251188 0.0132030682283 -0.00640708906344 0.000462208988833 0.0263992989494 0.0105362635704 0.00628493449968 -0.0125525745328 0.0157194916653 0.0110674982249 0.0269405320487 0.00837812026547 0.0100999132887 0.00873032140666 0.0193521979664 0.0214639295516 0.0124420600334 0.0171864048473 0.00872076404936 0.0106895990891 0.0175947507718 0.021525867346 0.0148218197683 0.00246800262919 
0.0479097453093 0.0228076348618 0.0466934206757 0.026453361029 0.034202497794 0.02863963806 0.0042167158863 0.567840145515 0.0152392370082 0.0443189678323 0.0253979998416 0.0200591753878 0.0256334052662 0.0583271684405 0.00925361109593 0.0280977071834 0.0239559378066 0.0546612510047 0.0197664281442 0.0185119270083 0.03803174159 0.0199656352581 0.0620340257491 0.0521531667744 0.0355916158317 0.0477260705818 0.0308691585887 0.0471076481308 0.0436273576415 0.033565731354 0.0435984437938 0.0748772067113 0.0128429539351 0.00660255623486 0.0425138232452 0.00733862582201 0.0339576025292 0.0768138536273 0.0122112143457 0.0184408730736 0.0481362165552 0.00687243036866 0.0693139406826 0.0189675862405 0.0548033162732 0.0144415664792 0.0773380405276 0.00831740876911 0.0292113589718 0.000154707550464 
-0.00651543454925 0.0372632265536 0.0140060574784 -0.00253749194027 0.016677997432 0.00717118658617 0.0139105531119 0.0152392370082 0.177435548236 0.00880333237693 0.0228986618121 0.0111429595658 0.00450061937951 0.00735773310618 0.00364635403822 0.00891249266869 0.0009140346394 0.0275547202083 0.0378997044402 0.00408474152864 0.016808814463 0.00122761733437 0.0198173262301 0.0181302536676 0.000853922583656 0.0100317870701 0.0154184435023 0.00418306291273 -0.00255107932572 0.0167925940235 0.00960595563039 0.0117981038891 0.0168212772805 -0.0051259469102 0.00460322535277 0.015502543824 0.0255571223769 0.00516810080639 0.00559006965981 0.0111259383169 0.0102259003528 0.00275851881824 0.0267492665793 0.0099716767685 0.0107532979759 0.0352860147332 0.0102447359284 0.003712761479 0.0138821114652 0.0324096476047 
0.0548023290827 0.024164308487 0.00400762038148 0.012596130431 -0.00995060328912 0.0308891572747 -0.00201189589134 0.0443189678323 0.00880333237693 1.45270130087 0.00102375962682 0.00288523875401 0.0284733438095 0.0320642116069 0.00571753262877 0.0354497725152 0.00250004343473 0.0217965813611 0.018256734162 0.000280703586496 0.02695853239 0.00931345428317 0.0169882782153 0.0197741733252 0.0122331443159 0.00336984748411 0.0115762280666 0.00736629763667 0.0117477803514 -0.00359763745077 0.0319483610581 0.00241366711456 0.0262785532145 -0.00307575609242 0.00781768642668 0.00233942235912 0.0341058010572 0.0246418649248 0.0112333002312 0.00824771450952 0.00601247201488 0.00989043817118 0.00871137587047 0.000781045274593 0.0116931180814 0.00373280181836 0.0691359710342 0.0095733300339 0.0188931026591 0.00835953584299 
-0.000785447811586 0.0180014679822 0.102280512766 -0.00978103797402 0.0855594999794 0.0132544764629 0.0127475789675 0.0253979998416 0.0228986618121 0.00102375962682 0.369355759596 0.0114713407088 0.00841903868937 -0.00707427820068 0.00249584783227 0.0139131537315 -0.00111335295107 0.134703276422 0.0184129567448 0.0130496556462 0.0245124952108 -0.00379164992704 0.0142787746091 0.0180913820146 -0.00129376216573 0.00483814539988 0.00681238062254 0.0155649607659 0.00603296223837 -0.00317509251722 0.0154748995881 0.0866207457072 0.0334550824905 0.00288324168246 0.00614391767288 -0.00564437887197 0.00563252740257 0.0210396400022 0.0261694285902 0.0744767625668 0.00618590130861 0.0141311271962 0.125403499056 -0.0146597090403 0.104304962362 0.0224599986498 0.0223137655001 0.00527644799884 0.0154958508024 0.045420440115 
0.0191638696708 0.022285980348 0.00162550299264 0.000436999233644 0.014924621674 0.0120504477554 0.00326870282662 0.0200591753878 0.0111429595658 0.00288523875401 0.0114713407088 0.174560085776 0.00558311244576 0.0169464416635 0.00428192490074 0.00901349380851 0.0117675705709 0.010252244269 0.013125876778 0.00980563593591 0.0252292036596 0.003584906761 0.000614506921326 0.0063573775838 0.00795962581091 0.00734879405048 0.0257299130538 0.0101020551027 0.0142662015901 0.00654252399334 0.0126291141801 0.00950318259446 0.00199373989411 0.0116807999469 0.0100014822596 0.0122302324648 0.0371503005147 0.0114241940055 0.02447477518 -0.00708597860922 0.0165187889485 0.0245078961249 -0.0170729114194 0.0141878305668 0.000616276637583 0.0171051789388 0.00204949774013 0.017856957587 -0.00313859614 0.00780510634759 
0.00937509976681 0.0114338800434 0.0025254366004 0.0229251498352 -0.000836886112166 -0.00319985847161 -0.0104085517377 0.0256334052662 0.00450061937951 0.0284733438095 0.00841903868937 0.00558311244576 0.46682836733 0.00378255948505 0.000366809941668 0.030889732414 0.0323006996206 0.00139324024823 0.0077783163162 -0.00243097865836 0.00729692051172 0.00203014702918 0.0146433666066 0.00914617263039 0.0012207821306 0.0171627287163 0.0127860865081 0.0397254698478 0.00730338279956 0.0243062513197 0.00360119013242 0.00416762194461 0.0383008324582 0.0103032944144 0.00302529833195 0.0195189916691 0.00875534310467 0.0119153697849 0.0175267411115 -0.0138059914411 0.0342106444356 0.0233336092294 0.0118365456247 0.00722465531885 0.00566535326221 0.000434163701345 0.0122687958079 0.00660341806986 0.0247594749201 -0.00247654553673 
0.0257550871344 0.00965829435522 0.0255205871097 0.000974705366097 0.0309685732615 0.0386375697486 0.0299281365775 0.0583271684405 0.00735773310618 0.0320642116069 -0.00707427820068 0.0169464416635 0.00378255948505 0.427210693845 0.00700693370771 0.046906366604 0.0058185556001 0.0234439320215 0.0021199945072 0.00939506195903 0.0298673946254 0.0248925641533 0.0335516644279 0.0234663152188 -0.00030754734937 0.125227415242 0.00599011163836 0.106382067073 0.100788983545 0.0212159779099 0.055921107025 0.0480856028438 0.00239534483338 0.0104198761425 0.0252313102014 0.029889675566 0.00802198426773 0.0206364272636 0.0201928542806 0.00560586239206 0.0385247581397 0.0164028777427 0.0505766081546 0.0134380127534 -0.00221872320322 -5.13319288698e-05 0.0370665016935 0.00954063167637 0.00200366380778 0.0101974850991 
0.0210260839558 0.00445003981236 0.00778671455731 -0.00852580570758 0.0267703670072 -0.00653268518752 0.00857024477637 0.00925361109593 0.00364635403822 0.00571753262877 0.00249584783227 0.00428192490074 0.000366809941668 0.00700693370771 0.613978683832 0.0179895206102 0.00347532966952 0.00593619941914 0.0125100959263 0.00294352929118 -0.00667720839806 -0.00501866893939 0.0101735279445 0.0102778531042 0.00466967141359 0.0367819209967 0.00413819374541 0.0169690702942 0.0598729690568 0.0541498695863 0.0218578506091 0.0321329949104 0.012464891148 -0.00660616726181 0.00124513286076 -0.011266476409 -0.00158088811227 0.0134781219519 0.0228179260091 -0.00775746659291 0.0228044016166 0.00815333106708 0.0177098267122 0.00175713218503 0.0180966726584 -0.00856483387289 0.00477196913166 0.00565432254357 0.0569446119239 0.00479595089003 
0.0282086903424 0.0111717579325 0.0292857410653 0.0305581289193 0.0219650075523 0.0264412335136 0.0199585472256 0.0280977071834 0.00891249266869 0.0354497725152 0.0139131537315 0.00901349380851 0.030889732414 0.046906366604 0.0179895206102 0.493796956092 0.030970385119 0.0539042816013 0.00712662007683 0.000529894907617 0.00680941420481 0.0159643207096 0.015628507956 0.0273578423603 0.0240983218999 0.0535724466149 -0.00184123969138 0.0437379150266 0.0642057694141 0.00180551811839 0.0285815638844 0.00694027191624 0.00325493958139 0.010033169685 0.0183490750061 0.0122669968091 0.0123527214677 0.00602618400925 0.0154241404154 -0.00446844224722 0.0483532393689 0.00314617676332 0.0312231294404 0.0150040576314 0.015451121018 0.00559070012531 0.0421878538825 0.002231074478 0.0187723066542 0.014742137098 
0.0132818990256 0.00665647142709 0.0198280928851 0.0151253399502 -0.0128814902393 0.00264171468332 -0.00799372101613 0.0239559378066 0.000914034639401 0.00250004343473 -0.00111335295107 0.0117675705709 0.0323006996206 0.0058185556001 0.00347532966952 0.030970385119 0.602844264439 0.00719120468218 0.00976745149134 0.000489383636089 0.0119331563691 8.62163296178e-05 0.0130576670885 0.0063186252828 0.0126077113995 0.00892153826213 -0.00507152448498 0.0159402463587 -0.00437773027974 -0.00822730914942 0.00498203707382 0.0175237475504 -0.00512487476884 -0.00828088773505 0.018729399751 -0.0077890143499 0.0215320249037 0.0203779217238 0.00830487827537 -0.01010855495 0.0162134626235 -0.0110848421944 -8.06242941268e-05 -0.0171650782255 0.0174166206504 0.00125319344521 0.0171230750083 0.012173488332 -0.00346620201825 -0.00446546242816 
-0.00198095745247 0.0319705896019 0.130568251362 0.00475096252689 0.0967299658277 0.0167047717276 -0.00362845179683 0.0546612510047 0.0275547202083 0.0217965813611 0.134703276422 0.010252244269 0.00139324024823 0.0234439320215 0.00593619941914 0.0539042816013 0.00719120468218 0.487631214003 0.0225029463872 -0.000278258205954 0.0400396734411 0.00923643855081 0.0310014956068 0.0112615206587 0.0123679270639 0.00992117582427 0.0360786979558 0.0196823294534 0.0235492160463 -0.00551490571261 0.0229781904942 0.114620607607 0.0204264257833 0.00911382550234 0.00904599215627 0.0203432091084 0.0223534577764 0.0290318780181 0.0166910139736 0.117011834936 0.0189464667013 0.00198593588085 0.134347244001 0.00872189149841 0.160329749664 0.0151643028069 0.0382794198834 0.0026283034211 0.00123898258396 0.0478713177673 
0.00277368888646 0.0468567508047 0.0095576332097 0.000658817421 0.000888533042187 0.00540731789678 0.0166405077706 0.0197664281442 0.0378997044402 0.018256734162 0.0184129567448 0.013125876778 0.0077783163162 0.0021199945072 0.0125100959263 0.00712662007683 0.00976745149134 0.0225029463872 0.131909576979 0.00431778207918 0.00116244803626 0.00996860207533 0.0138469476065 0.0309087629208 0.00999962272691 -0.00103113262304 0.0165119397324 -0.00176819456555 0.00590013453738 0.0203538728956 0.000523002571052 0.0179882508463 0.00750139608423 0.0024178293554 0.00907972837643 0.00442072083787 0.0175527496176 0.00737572324231 0.00262513605523 0.00728174425672 0.00301381374292 0.0116417820771 0.0179878403474 0.000571783814618 0.00520666975959 0.0479967025874 0.0190450210606 0.0175654401494 0.0100849937046 0.00930171604639 
0.00599555067392 0.00617863640994 0.00159129981605 0.00523497047243 0.0158113178927 -0.0140646193648 0.000898883026292 0.0185119270083 0.00408474152864 0.000280703586496 0.0130496556462 0.00980563593591 -0.00243097865836 0.00939506195903 0.00294352929118 0.000529894907617 0.000489383636089 -0.000278258205953 0.00431778207918 0.217810345228 0.0105262666022 0.00346304591001 -0.00445043292628 0.0143438441255 0.0177147731419 0.0126519970108 0.01065569692 0.00266352525882 0.0182957297501 0.0271204538715 -0.000355601076323 -0.00273390369247 -0.00987850580705 0.000939139557536 0.0256742396386 0.00733855332561 0.0102192989238 0.00426441736473 -0.00690772573961 -0.00998967469557 0.0227120659616 0.00568672803553 -0.00438130903667 0.00644450942608 -0.0126661513088 0.00558012218457 0.0119959909848 0.00666609917312 0.0249604736444 -0.00498461629254 
0.0247881982726 0.0220254234923 0.0331716450338 -0.00649559911533 0.0293442759899 0.0421364810536 0.0146655935079 0.03803174159 0.016808814463 0.02695853239 0.0245124952108 0.0252292036596 0.00729692051172 0.0298673946254 -0.00667720839806 0.0068094142048 0.0119331563691 0.0400396734411 0.00116244803626 0.0105262666022 0.261960700111 0.0158337703749 0.0286021486789 0.0328567314876 0.0279034119522 0.0307700506919 0.0179105695507 0.00292353848479 0.0135012430864 0.0081809415549 0.0442371476426 0.00964604906902 0.0191835430083 0.0147286166009 0.023321877421 -0.00315590578223 0.00875641140402 0.0288506055859 0.0157785573673 0.0052197127741 0.034141208683 0.0171804010722 0.0234078195634 0.00481469285276 0.0228244631601 0.01038683853 0.0239416966893 0.0186807779673 -0.00818267952186 0.00254436035709 
0.02987840122 0.0194795177064 0.0180128226423 0.0250919288169 0.00310572714866 0.0296961169334 0.0142138284151 0.0199656352581 0.00122761733436 0.00931345428317 -0.00379164992705 0.003584906761 0.00203014702918 0.0248925641533 -0.00501866893939 0.0159643207096 8.62163296178e-05 0.00923643855081 0.00996860207533 0.00346304591001 0.0158337703749 0.193806617515 0.0249481543311 0.0224928095335 0.00687259534921 0.0254405216926 0.00153169006165 0.0218068240226 0.0164214154147 -0.00102333001685 0.00955505446156 0.0128189432068 0.00971264082663 -0.00304882450283 0.00762339128475 0.0420588131396 0.0369946853423 0.0369479760191 0.00303001084209 0.0051052272405 0.0207809270889 0.00633775935457 0.0104422086983 0.0126733016919 0.00915476712542 0.0082040177888 0.0147078361002 0.0118700395146 0.0420740568207 0.00128214423511 
0.0220864798158 0.0118278293616 0.0128912797365 -0.0150274020326 0.00103361861589 0.0291821930663 0.0117318577426 0.0620340257491 0.0198173262301 0.0169882782153 0.0142787746091 0.000614506921326 0.0146433666066 0.0335516644279 0.0101735279445 0.015628507956 0.0130576670885 0.0310014956068 0.0138469476065 -0.00445043292628 0.0286021486789 0.0249481543311 0.246214058493 0.0295241125857 0.0421788111922 0.0276156381771 0.00182139544205 0.0306423779991 0.0231547655686 0.0141545353043 0.0371401264231 0.00818963465573 0.0205596481174 0.00335440908194 0.0175667035538 0.0349405514064 0.0248116293645 0.0232858518524 0.0015012750332 0.0116076481197 0.0227529937541 -0.000911075365995 0.0353701271686 -0.00797393177575 0.0215864525431 0.00744703295016 0.0348638661222 0.007519477009 0.0250853788197 0.0134604497091 
0.0173408599323 0.0231420924041 0.0187621958027 -0.00487750050577 0.0273485902644 0.028250581015 0.0194258830532 0.0521531667744 0.0181302536676 0.0197741733252 0.0180913820146 0.0063573775838 0.00914617263039 0.0234663152188 0.0102778531042 0.0273578423603 0.0063186252828 0.0112615206587 0.0309087629208 0.0143438441255 0.0328567314876 0.0224928095335 0.0295241125857 0.245771860959 0.0364701092876 0.0134487748078 0.016699031631 0.0209836354801 0.0156089054511 0.017858404752 0.00159399491201 0.0271945164479 0.0226380334385 -0.00198665691268 0.0188212938928 0.0151702244548 0.0196619134632 0.0310520452214 0.017188193058 0.00807692949145 0.0247732559661 0.0091180963374 0.0259216860314 0.00805947851689 0.0166428506294 0.0334089386285 0.0324917995812 0.0275012416906 0.00393964258827 0.000616659473231 
0.0375689465719 0.0163312838412 0.0419103312287 0.0474733268103 0.0242506753699 0.0144498896821 0.00838452286105 0.0355916158317 0.000853922583656 0.0122331443159 -0.00129376216573 0.00795962581091 0.0012207821306 -0.00030754734937 0.00466967141359 0.0240983218999 0.0126077113995 0.0123679270639 0.00999962272691 0.0177147731419 0.0279034119522 0.00687259534921 0.0421788111922 0.0364701092876 0.332247858672 0.0145084774046 0.0110770916079 0.0131540997893 0.0312550961446 0.00519294859327 0.0199093442 0.039109952786 0.0110018208827 -0.00168755489786 0.0175189966592 0.00615764830289 0.0328707657741 0.0300183585498 0.00803060340087 0.0247023678409 0.0244431307961 0.00769447906795 0.0293073214937 0.0102008228734 0.0337378797328 0.0193142723718 0.0297221983 0.0184131176313 -0.000709398272117 0.0176446869252 
0.0421189218083 0.0183604142466 0.0224197808602 0.00452758280757 0.0257758840212 0.0389632226381 0.0095754622554 0.0477260705818 0.0100317870701 0.00336984748411 0.00483814539988 0.00734879405048 0.0171627287163 0.125227415242 0.0367819209967 0.0535724466149 0.00892153826213 0.00992117582427 -0.00103113262304 0.0126519970108 0.0307700506919 0.0254405216926 0.0276156381771 0.0134487748078 0.0145084774046 0.313093634972 0.00531639083142 0.0741585667457 0.0710751203689 0.0132252609773 0.0495963961899 0.0185939793869 -0.0034779395893 -0.00396478326191 0.0100314247431 0.0157493759038 0.0170868986764 0.0137914864188 0.0140138374166 0.0208938530766 0.0296292663051 0.0116844351798 0.0362361963566 0.00506529822456 0.00253393339572 0.00338948550441 0.0440129106029 0.0122250260072 0.0365587709491 -0.0141338289629 
0.0104786069741 0.00329915046843 -0.00406939093757 -0.0117657939789 -0.00906023087648 0.0150055743658 -0.0015435251188 0.0308691585887 0.0154184435023 0.0115762280666 0.00681238062254 0.0257299130538 0.0127860865081 0.00599011163836 0.00413819374541 -0.00184123969138 -0.00507152448498 0.0360786979558 0.0165119397324 0.01065569692 0.0179105695507 0.00153169006165 0.00182139544205 0.016699031631 0.0110770916079 0.00531639083142 0.265427176788 0.0153694658511 0.0189549623367 0.000498298603658 0.0155162259893 0.0124060803994 0.0102739442918 0.0207867015879 0.0147605032498 0.012794377362 0.0226094375473 0.012799423989 0.00874702806604 0.0134701551238 0.0150090157712 0.00489341191014 -0.0104648987575 0.0118160260783 0.00884435302424 0.0144433013144 0.0209279156001 0.0121414633279 -0.00407835441036 0.00299094625569 
0.0295253458597 0.0128077237915 0.0588962623998 0.0128734781392 0.0132496056616 0.0292028536345 0.0132030682283 0.0471076481308 0.00418306291273 0.00736629763667 0.0155649607659 0.0101020551027 0.0397254698478 0.106382067073 0.0169690702942 0.0437379150266 0.0159402463587 0.0196823294534 -0.00176819456555 0.00266352525882 0.00292353848479 0.0218068240226 0.0306423779991 0.0209836354801 0.0131540997893 0.0741585667457 0.0153694658511 0.391634322404 0.0641362177 0.00528216110446 0.0247697249563 0.0441956251826 -0.0124053059434 -0.00131770817911 0.0169767234918 0.0185247379203 0.0119715648328 0.0140278747267 0.00961437856327 0.0168542506802 0.0426109844028 0.0159929132849 0.0422289296819 0.00881659105893 0.00855923803784 0.00101243047076 0.0246185973781 0.00788275029637 0.0134672628125 0.00656958117717 
0.0127085263198 0.00713483289078 0.00436437298834 0.019332094877 0.012773247102 0.0237254018341 -0.00640708906344 0.0436273576415 -0.00255107932572 0.0117477803514 0.00603296223837 0.0142662015901 0.00730338279956 0.100788983545 0.0598729690568 0.0642057694141 -0.00437773027974 0.0235492160463 0.00590013453738 0.0182957297501 0.0135012430864 0.0164214154147 0.0231547655686 0.0156089054511 0.0312550961446 0.0710751203689 0.0189549623367 0.0641362177 0.467996329738 -0.000735053122019 0.0382655714829 0.024863794736 0.015496321738 -0.0165765152904 0.0123709701673 0.0270387716027 5.9328616006e-06 0.026112682069 0.0249672442347 0.00923545031815 0.0310757682662 0.0213515335342 0.0546498349699 0.0201841050346 0.00222177932586 0.011853431721 0.0368529121695 0.00829374711613 -0.00305421674683 0.0103999407313 
0.00498290760359 0.00621829689244 0.010009918369 0.00462086829503 0.0084032613318 -2.13011215454e-05 0.000462208988833 0.033565731354 0.0167925940235 -0.00359763745077 -0.00317509251722 0.00654252399334 0.0243062513197 0.0212159779099 0.0541498695863 0.00180551811839 -0.00822730914942 -0.00551490571261 0.0203538728956 0.0271204538715 0.0081809415549 -0.00102333001685 0.0141545353043 0.017858404752 0.00519294859326 0.0132252609773 0.000498298603658 0.00528216110446 -0.00073505312202 0.570086157866 0.0188748326923 0.00154539710907 0.0302362459794 0.00353689041002 -0.00471817273501 0.000411484409963 0.000427834681892 0.00946125950664 0.0112304784034 0.0055822596599 0.144367053362 0.011787051619 0.000316855383931 0.0176271508897 -0.0124917918936 0.0165530774385 0.0230816521276 0.00906748221065 0.00559310668518 0.0238862019138 
0.0319940329434 0.0110847841764 0.016219562251 -0.0266314471195 0.0102254227013 0.0363481980099 0.0263992989494 0.0435984437938 0.00960595563039 0.0319483610581 0.0154748995881 0.0126291141801 0.00360119013242 0.055921107025 0.0218578506091 0.0285815638844 0.00498203707382 0.0229781904942 0.000523002571052 -0.000355601076324 0.0442371476426 0.00955505446156 0.0371401264231 0.00159399491201 0.0199093442 0.0495963961899 0.0155162259893 0.0247697249563 0.0382655714829 0.0188748326923 0.269440921581 0.0143415429103 0.0338980854124 0.00221906202534 0.0181323744036 0.0269785938768 0.00251185661883 0.00357931816135 0.00597788767226 0.0132204820003 0.0428728023813 0.00998778569332 0.0427197808788 -0.00436408429483 0.0111754081205 -0.00988471443823 0.0319039799886 0.0128930702031 0.00226671704962 0.0383858087977 
0.013230497278 0.0313620066399 0.125382427809 -0.00704699829943 0.135472285114 0.0245917558986 0.0105362635704 0.0748772067113 0.0117981038891 0.00241366711456 0.0866207457072 0.00950318259446 0.00416762194461 0.0480856028438 0.0321329949104 0.00694027191624 0.0175237475504 0.114620607607 0.0179882508463 -0.00273390369247 0.00964604906902 0.0128189432068 0.00818963465573 0.0271945164479 0.039109952786 0.0185939793869 0.0124060803994 0.0441956251826 0.024863794736 0.00154539710907 0.0143415429103 0.400845683497 0.0263714959205 -0.00612140216861 0.0057282070774 0.0192306932147 0.0121821174809 0.00652812625835 0.021912831707 0.0800563492906 0.0270973567878 0.0218242030242 0.14450907447 0.0101219649281 0.115611798335 0.0132770940361 0.0239778421012 0.00429073903724 0.0435651269033 0.0301777983775 
0.0108384642384 0.00698968524718 0.0411823515553 -0.00117056130518 0.0448495985242 0.0252388293471 0.00628493449968 0.0128429539351 0.0168212772805 0.0262785532145 0.0334550824905 0.00199373989411 0.0383008324582 0.00239534483338 0.012464891148 0.00325493958139 -0.00512487476884 0.0204264257833 0.00750139608423 -0.00987850580705 0.0191835430083 0.00971264082663 0.0205596481174 0.0226380334385 0.0110018208827 -0.0034779395893 0.0102739442918 -0.0124053059434 0.015496321738 0.0302362459794 0.0338980854124 0.0263714959205 0.62856230486 -0.0112785640961 0.0123036155727 0.0118301212638 0.0429592460857 0.0179328381187 -0.000955825785212 -0.00485012648639 0.0163575683642 0.00819201753032 0.0474566024124 0.0170415655563 0.0178987870554 0.00548566427379 0.0316280673741 0.00903155795899 0.0122777560841 0.240345519011 
-0.00430178558167 -0.00079239931332 3.32025286102e-05 0.00917231347178 0.000446731460369 0.00798512795724 -0.0125525745328 0.00660255623487 -0.0051259469102 -0.00307575609242 0.00288324168246 0.0116807999469 0.0103032944144 0.0104198761425 -0.00660616726181 0.010033169685 -0.00828088773505 0.00911382550234 0.0024178293554 0.000939139557536 0.0147286166009 -0.00304882450283 0.00335440908194 -0.00198665691268 -0.00168755489786 -0.00396478326191 0.0207867015879 -0.00131770817911 -0.0165765152904 0.00353689041002 0.00221906202534 -0.00612140216861 -0.0112785640961 1.36974510724 0.0127381200274 -0.000665137446796 0.0657529915067 -0.00817284132246 0.00336023117983 -0.0047655422638 -0.0168370774442 0.00358375413363 0.00676783577334 -0.00644927042498 -0.0169778541526 -0.0144564870607 0.00616282644722 0.00495741987625 -0.0134235105695 -0.00431123866455 
0.01681722494 0.0124185898184 0.00718946456182 0.00672880407893 0.0203784538686 0.0155385391634 0.0157194916653 0.0425138232452 0.00460322535277 0.00781768642668 0.00614391767288 0.0100014822596 0.00302529833195 0.0252313102014 0.00124513286076 0.0183490750061 0.018729399751 0.00904599215627 0.00907972837643 0.0256742396386 0.023321877421 0.00762339128475 0.0175667035538 0.0188212938928 0.0175189966592 0.0100314247431 0.0147605032498 0.0169767234918 0.0123709701673 -0.00471817273501 0.0181323744036 0.0057282070774 0.0123036155727 0.0127381200274 0.187287915304 0.00468404585627 0.0246851134179 0.0195572781255 0.0102015774781 -0.00452007311264 0.0353844126414 0.0124460452675 0.0110739914726 0.00402617889202 -0.0014230585063 0.0085441809981 0.0303474538491 0.0123974665335 0.0209603931355 -0.00658057530282 
0.000311718496645 0.0150638645001 0.00655867753264 0.0032578054375 0.0170615651087 0.0244499080283 0.0110674982249 0.00733862582201 0.015502543824 0.00233942235912 -0.00564437887197 0.0122302324648 0.0195189916691 0.029889675566 -0.011266476409 0.0122669968091 -0.0077890143499 0.0203432091084 0.00442072083787 0.00733855332561 -0.00315590578223 0.0420588131396 0.0349405514064 0.0151702244548 0.00615764830289 0.0157493759038 0.012794377362 0.0185247379203 0.0270387716027 0.000411484409963 0.0269785938768 0.0192306932147 0.0118301212638 -0.000665137446796 0.00468404585627 0.230673868827 -0.00129818088251 0.0187648420442 0.00402519327675 -0.00170903249289 0.00998425457494 0.00545125761816 0.0122781519903 0.013526644241 0.00843616615993 0.00737925867333 0.0243543356154 0.0128089497719 0.00563871491679 0.0206551711874 
0.0291980626455 0.00932818537622 -0.00392524880853 -0.00895709422954 0.00127978351617 0.0138348874318 0.0269405320487 0.0339576025292 0.0255571223769 0.0341058010572 0.00563252740257 0.0371503005147 0.00875534310467 0.00802198426773 -0.00158088811227 0.0123527214677 0.0215320249037 0.0223534577764 0.0175527496176 0.0102192989238 0.00875641140402 0.0369946853423 0.0248116293645 0.0196619134632 0.0328707657741 0.0170868986764 0.0226094375473 0.0119715648328 5.93286159967e-06 0.000427834681891 0.00251185661883 0.0121821174809 0.0429592460857 0.0657529915067 0.0246851134179 -0.00129818088251 0.39472881262 0.0283915873916 0.0117783182663 -0.0102450984942 0.0403470112213 0.0191511015468 0.00893913299806 0.0310100001189 0.017394637704 0.0286627230578 0.0251698341565 0.00606520280042 0.00987894193387 0.00758899725918 
0.02188609007 0.0107041143489 0.00654230502392 0.00150001454549 0.00204946919596 0.0235475066842 0.00837812026547 0.0768138536273 0.00516810080639 0.0246418649248 0.0210396400022 0.0114241940055 0.0119153697849 0.0206364272636 0.0134781219519 0.00602618400925 0.0203779217238 0.0290318780181 0.00737572324231 0.00426441736473 0.0288506055859 0.0369479760191 0.0232858518524 0.0310520452214 0.0300183585498 0.0137914864188 0.012799423989 0.0140278747267 0.026112682069 0.00946125950664 0.00357931816135 0.00652812625835 0.0179328381187 -0.00817284132246 0.0195572781255 0.0187648420442 0.0283915873916 0.222240092665 0.0140644431416 0.00775273766264 0.0397714163123 -0.00534647819612 -0.00125813011842 0.0209374327282 0.0125571550558 0.0118698727173 0.0422484884138 0.0199647301875 0.0268471691617 0.00475653098617 
-0.00377271585344 0.00500629158648 0.00767461563346 0.0275443614224 0.0102937048182 0.0155903127979 0.0100999132887 0.0122112143457 0.00559006965981 0.0112333002312 0.0261694285902 0.02447477518 0.0175267411115 0.0201928542806 0.0228179260091 0.0154241404154 0.00830487827537 0.0166910139736 0.00262513605523 -0.00690772573961 0.0157785573673 0.00303001084209 0.0015012750332 0.017188193058 0.00803060340087 0.0140138374166 0.00874702806604 0.00961437856327 0.0249672442347 0.0112304784034 0.00597788767225 0.021912831707 -0.000955825785212 0.00336023117983 0.0102015774781 0.00402519327675 0.0117783182663 0.0140644431416 0.324604721109 -0.000694964785677 0.0290459853177 0.00616231867011 0.00708254561655 0.00572141910483 0.0030481331475 0.000539447939375 0.020848202774 0.0218868210864 0.0278602187877 0.016405056663 
-0.000812803998725 0.0210339451818 0.0578700391311 -0.0270424090873 0.0511266790475 0.0175064045318 0.00873032140666 0.0184408730736 0.0111259383169 0.00824771450952 0.0744767625668 -0.00708597860922 -0.0138059914411 0.00560586239206 -0.00775746659291 -0.00446844224722 -0.01010855495 0.117011834936 0.00728174425672 -0.00998967469557 0.0052197127741 0.0051052272405 0.0116076481197 0.00807692949145 0.0247023678409 0.0208938530766 0.0134701551238 0.0168542506802 0.00923545031815 0.0055822596599 0.0132204820003 0.0800563492906 -0.00485012648638 -0.0047655422638 -0.00452007311264 -0.00170903249289 -0.0102450984942 0.00775273766264 -0.000694964785678 0.309061666348 0.0014751150448 0.0109082924251 0.0831177324379 0.00160615338046 0.0986190276514 0.0222476053945 0.0136889300499 0.00100186633138 0.0360911990448 0.0146323993451 
0.0611212792494 0.00684895265172 0.0125850826543 -0.0159527863422 0.0237013192028 0.0351178617095 0.0193521979664 0.0481362165552 0.0102259003528 0.00601247201488 0.00618590130861 0.0165187889485 0.0342106444356 0.0385247581397 0.0228044016166 0.0483532393689 0.0162134626235 0.0189464667013 0.00301381374292 0.0227120659616 0.034141208683 0.0207809270889 0.0227529937541 0.0247732559661 0.0244431307961 0.0296292663051 0.0150090157712 0.0426109844028 0.0310757682662 0.144367053362 0.0428728023813 0.0270973567878 0.0163575683642 -0.0168370774442 0.0353844126414 0.00998425457494 0.0403470112213 0.0397714163123 0.0290459853177 0.0014751150448 0.368325863055 -0.00229472965328 0.0305780688023 0.0113243483606 -0.018708902605 0.0146735011891 0.0334273281793 0.00451988867737 -0.00812246732792 -0.000642629576526 
0.0182745375422 0.00992535199899 0.00573939627964 0.0210437333972 0.0283647156013 0.0251235034011 0.0214639295516 0.00687243036866 0.00275851881824 0.00989043817118 0.0141311271962 0.0245078961249 0.0233336092294 0.0164028777427 0.00815333106708 0.00314617676332 -0.0110848421944 0.00198593588085 0.0116417820771 0.00568672803553 0.0171804010722 0.00633775935457 -0.000911075365995 0.0091180963374 0.00769447906795 0.0116844351798 0.00489341191014 0.0159929132849 0.0213515335342 0.011787051619 0.00998778569332 0.0218242030242 0.00819201753032 0.00358375413363 0.0124460452675 0.00545125761816 0.0191511015468 -0.00534647819612 0.00616231867011 0.0109082924251 -0.00229472965328 0.221093687924 -0.000644454345699 0.0119680573968 0.00506273254365 0.0138516792725 0.00643668761801 0.00600396840834 -0.00546275303402 0.00133901764853 
0.0239314014652 0.0290387121069 0.189104843303 0.00844467025794 0.137429452712 0.0185878295432 0.0124420600334 0.0693139406826 0.0267492665793 0.00871137587047 0.125403499056 -0.0170729114194 0.0118365456247 0.0505766081546 0.0177098267122 0.0312231294404 -8.06242941266e-05 0.134347244001 0.0179878403474 -0.00438130903667 0.0234078195634 0.0104422086983 0.0353701271686 0.0259216860314 0.0293073214937 0.0362361963566 -0.0104648987575 0.0422289296819 0.0546498349699 0.000316855383931 0.0427197808788 0.14450907447 0.0474566024125 0.00676783577334 0.0110739914726 0.0122781519903 0.00893913299806 -0.00125813011842 0.00708254561655 0.0831177324379 0.0305780688023 -0.000644454345699 0.42320510495 0.015402753029 0.11261414887 0.0028119735248 0.0442001720509 0.0104876627269 0.0368478670319 0.0532648557051 
-0.000810487691031 0.00339552984145 0.00838864108474 -0.000502716268982 0.00699893412186 0.0107927630865 0.0171864048473 0.0189675862405 0.0099716767685 0.000781045274593 -0.0146597090403 0.0141878305668 0.00722465531885 0.0134380127534 0.00175713218503 0.0150040576314 -0.0171650782255 0.00872189149841 0.000571783814617 0.00644450942608 0.00481469285276 0.0126733016919 -0.00797393177575 0.00805947851689 0.0102008228734 0.00506529822456 0.0118160260783 0.00881659105893 0.0201841050346 0.0176271508897 -0.00436408429483 0.0101219649281 0.0170415655563 -0.00644927042498 0.00402617889202 0.013526644241 0.0310100001189 0.0209374327282 0.00572141910483 0.00160615338046 0.0113243483606 0.0119680573968 0.015402753029 0.186393688174 0.00445624429251 0.00624327279707 0.00550624712464 -0.000193650442234 -0.00177897054317 0.00735585946393 
0.0088200213535 0.0154483392794 0.129362476689 0.0328601777307 0.0742944457827 -0.000297983700862 0.00872076404936 0.0548033162732 0.0107532979759 0.0116931180814 0.104304962362 0.000616276637582 0.00566535326221 -0.00221872320322 0.0180966726584 0.015451121018 0.0174166206504 0.160329749664 0.00520666975959 -0.0126661513088 0.0228244631601 0.00915476712542 0.0215864525431 0.0166428506294 0.0337378797328 0.00253393339572 0.00884435302424 0.00855923803784 0.00222177932586 -0.0124917918936 0.0111754081205 0.115611798335 0.0178987870554 -0.0169778541526 -0.0014230585063 0.00843616615993 0.017394637704 0.0125571550558 0.0030481331475 0.0986190276514 -0.018708902605 0.00506273254365 0.11261414887 0.00445624429251 0.331173945596 0.00548117468969 0.0247224506315 -0.00213389128938 0.0219508415693 0.0407571228917 
-0.000432886579853 0.0386558648179 0.0191246485315 0.0147687403954 0.00185902608137 0.0122553719848 0.0106895990891 0.0144415664792 0.0352860147332 0.00373280181836 0.0224599986498 0.0171051789388 0.000434163701344 -5.13319288691e-05 -0.00856483387289 0.00559070012531 0.00125319344521 0.0151643028069 0.0479967025874 0.00558012218457 0.01038683853 0.00820401778879 0.00744703295016 0.0334089386285 0.0193142723718 0.00338948550441 0.0144433013144 0.00101243047076 0.011853431721 0.0165530774385 -0.00988471443823 0.0132770940361 0.00548566427379 -0.0144564870607 0.0085441809981 0.00737925867333 0.0286627230578 0.0118698727173 0.000539447939375 0.0222476053945 0.0146735011891 0.0138516792725 0.0028119735248 0.00624327279707 0.00548117468969 0.157135821536 0.01781920894 0.00655840502201 0.00175519076019 0.0127898441469 
0.0403267759029 0.0260593966645 0.0263614264526 0.00496632726319 0.01379293165 0.0436010527603 0.0175947507718 0.0773380405276 0.0102447359284 0.0691359710342 0.0223137655001 0.00204949774013 0.0122687958079 0.0370665016935 0.00477196913166 0.0421878538825 0.0171230750083 0.0382794198834 0.0190450210606 0.0119959909848 0.0239416966893 0.0147078361002 0.0348638661222 0.0324917995812 0.0297221983 0.0440129106029 0.0209279156001 0.0246185973781 0.0368529121695 0.0230816521276 0.0319039799886 0.0239778421012 0.0316280673741 0.00616282644722 0.0303474538491 0.0243543356154 0.0251698341565 0.0422484884138 0.020848202774 0.0136889300499 0.0334273281793 0.00643668761801 0.0442001720509 0.00550624712464 0.0247224506315 0.01781920894 0.266195505293 0.0130541854319 0.037691987065 0.0225251187394 
