30
0.0672535079153 0.0165000515881 0.0436219100546 0.029419367 0.0766878163077 0.0514292405054 0.0613427887106 0.126302472887 0.0135350028622 0.13159191543 0.0522861094618 0.0995242847704 0.0304536481296 0.079223051944 0.143796644659 0.0610020106181 0.022286409141 0.0404531955786 0.0440278725419 0.0861911318708 0.133882810383 0.0155341374053 0.0559549201136 0.044344522835 0.0472748306646 0.023015295127 0.0743289823458 0.104903250727 0.0597094198611 0.106366385329 
0.350563989341 0.0156406875753 0.0345843673354 0.0152425615125 0.0393023693635 0.0232096108478 0.00745518573247 0.00150123720741 0.0183894275055 0.00780589767025 0.0376954906731 0.0237936353866 0.0365245817418 0.035999924576 0.0443073417203 0.0169814859797 0.0144971690897 0.0238905554228 0.0298706954912 0.0135241718735 0.00970066962945 0.0153430458208 0.0425017917602 0.0323890092141 0.0170949113595 0.0211083689499 0.0545189215961 0.0294803678347 0.0244258547928 0.010559339083 
0.0156406875753 0.151074697939 0.0195422295156 0.0477255473358 -0.00158737805953 0.026017069507 0.0127064290051 0.01027592108 0.0144766720879 0.0182342735055 0.00866646963453 0.0215191061661 0.0282574469609 0.00789086843306 0.0176669955487 0.0104063415159 0.00431329758794 0.00678879353898 0.0123387624776 0.0152999633856 0.0179604528094 0.00890913155328 0.0187757525148 0.0150909034705 0.00773889211904 0.0179138419853 0.017681184638 -0.000124639425986 0.0157523079024 0.0228936426747 
0.0345843673354 0.0195422295156 0.311027456223 0.0230232950877 0.0387200684246 0.0252916496974 0.0166005354136 0.0111734432478 0.0232473708239 0.00418189790567 0.0323105050553 0.0114068859316 0.0542589316579 0.0208283788808 0.0509181002936 0.0127443945356 0.00363136766215 0.0365732475917 0.021135127078 0.0476419843084 0.0206102391663 -0.0170038854422 0.037429991107 0.0501832405929 0.0168428789007 0.0185414512636 0.0507087437983 0.0475959542051 0.0116839493894 0.0146561288915 
0.0152425615125 0.0477255473358 0.0230232950877 0.207327015833 -0.00235835724769 0.0208490244598 0.0187631546658 -0.00423524951317 0.0117132743464 0.0182744994409 0.00561891026332 0.031371474452 0.0169145024042 0.0025602504122 0.0235735639077 0.0038012011593 0.00802591076014 0.00365471683136 0.0190971229957 0.0165396745706 0.0168661575023 0.00582676557361 0.0241126639275 0.00931131216402 0.0152494520825 0.017582613069 0.0233315228013 0.00722568933308 0.0121794173259 0.0299332784469 
0.0393023693635 -0.00158737805953 0.0387200684246 -0.00235835724769 0.457335933665 0.0344229514023 0.0138993907505 0.0236491469287 0.0202376845585 0.0582224985207 0.0458384154356 0.0165225539853 0.0203520383178 0.0359562575089 0.0623676700117 0.0462655986015 0.00847279690932 0.0251180625165 0.0215510147617 0.0409897566467 0.0566883028291 0.000444491152512 0.0633566823763 0.0538089562002 0.0199528330269 0.0216729313486 0.0678617905105 0.0515245584343 0.0276452195377 0.00470795113145 
0.0232096108478 0.026017069507 0.0252916496974 0.0208490244598 0.0344229514023 0.192623340289 0.0125220129065 0.0271723295314 0.019920281509 0.0344087174674 0.0186534156491 0.0184170894736 0.0268327004063 0.0137975539486 0.0833974724209 0.0173206428973 0.00872039268683 0.026690548216 0.0237206320092 0.0311251452884 0.0194254844306 0.0201184612028 0.0299471317732 0.028429609626 0.00927503194204 0.0292230481372 0.0933275617924 0.0381610190357 0.0180516749275 0.0153578949322 
0.00745518573247 0.0127064290051 0.0166005354136 0.0187631546658 0.0138993907505 0.0125220129065 0.280963635202 0.00621054807714 0.00102011916698 0.0184940165385 0.0134033559643 0.0108297129165 0.0123281498117 -0.00562630205737 0.0148263244505 0.0127767319577 0.0151360131861 0.0251928368121 -0.00288954013771 0.0133247997588 0.00388670734005 -0.00301564123185 0.0148004781399 0.00989466244563 0.019297596405 0.0054194278729 0.00668207567127 0.0107477484931 0.00518876762781 0.0252405557084 
0.00150123720741 0.01027592108 0.0111734432478 -0.00423524951318 0.0236491469287 0.0271723295314 0.00621054807714 0.508358433239 -0.00203760045675 0.107154190489 0.0247660650551 0.065857840337 0.009948919239 -0.00020057723467 0.0449204145462 0.0229305994396 -0.0166569510229 0.0346345605434 0.000911641610158 0.00966093300671 0.0714738366716 0.0213681896077 0.0130042949294 0.0324979020231 -0.0178291291817 0.0278891487011 0.0361594695137 0.0462697808243 -0.00177041460305 0.0807378861627 
0.0183894275055 0.0144766720879 0.0232473708239 0.0117132743464 0.0202376845585 0.019920281509 0.00102011916698 -0.00203760045675 0.200841195771 0.0283073986785 0.0190251773781 0.0168385249297 0.0223690788273 0.0323072684472 0.0283729645705 0.00612201805374 -0.000862634747638 0.0186664977156 0.0224054805961 0.00892300743464 0.0126686892052 0.00844471782347 0.0397324707261 0.0294959260928 -0.00185131543862 0.0172606106736 0.0323477166467 0.0251448940116 0.00639526753898 0.011653112964 
0.00780589767025 0.0182342735055 0.00418189790567 0.0182744994409 0.0582224985207 0.0344087174674 0.0184940165385 0.107154190489 0.0283073986785 0.483374705512 0.0257210722453 0.100653863376 0.010940371429 0.01928473468 0.081405110606 0.0342699911804 0.0036224063591 0.033777024904 0.0164302510963 0.0325284015058 0.183995862338 0.0119066020138 0.0367660368248 0.0441445300321 -0.00616233256726 0.00971397348302 0.0404040734561 0.0317336030046 0.0233360449525 0.167408237667 
0.0376954906731 0.00866646963453 0.0323105050553 0.00561891026332 0.0458384154356 0.0186534156491 0.0134033559643 0.0247660650551 0.0190251773781 0.0257210722453 0.317290466981 0.0152924159087 0.0299525048404 0.0270023914578 0.0522700913126 -0.00106690907103 0.0181902986029 0.0256599312258 0.0351478650328 0.0181383174487 0.0280695147668 0.000874247744536 0.0454962580471 0.0310490977703 0.00260685266612 0.0111968491543 0.0308374972095 0.0618262767307 0.028968293973 0.0182542927096 
0.0237936353866 0.0215191061661 0.0114068859316 0.031371474452 0.0165225539853 0.0184170894736 0.0108297129165 0.065857840337 0.0168385249297 0.100653863376 0.0152924159087 0.416312524651 0.0101011301183 0.037588645306 0.0469767145475 0.0242049936308 0.0264571459695 0.0250623779944 0.0128664951786 0.0195766370097 0.0761594929929 0.00474945047049 0.0149911787663 0.026936963327 -0.00217423183986 -0.00199369054433 0.0281404284814 0.0080511595638 0.00999370624493 0.137255735604 
0.0365245817418 0.0282574469609 0.0542589316579 0.0169145024042 0.0203520383178 0.0268327004063 0.0123281498117 0.009948919239 0.0223690788273 0.010940371429 0.0299525048404 0.0101011301183 0.218233629712 0.00967218767181 0.0370841626415 0.0141950300234 0.0166774769184 0.0126607232102 0.0261906228823 0.0253821118669 0.0152907602851 0.0196087558172 0.0363362947139 0.0242434842593 0.00399354831075 0.0396871349533 0.0432581344333 0.0232638251384 0.0239734055194 0.00798746419931 
0.035999924576 0.00789086843306 0.0208283788808 0.0025602504122 0.0359562575089 0.0137975539486 -0.00562630205737 -0.00020057723467 0.0323072684472 0.01928473468 0.0270023914578 0.037588645306 0.00967218767181 0.387426842723 0.0707799311042 0.0226412810523 0.00794769875246 0.0267939859464 0.0174425444887 0.0529812227313 0.0170358467317 0.0109289112656 0.0239131834872 0.0334172539622 0.0324815424199 0.00407246498006 0.0301368903495 0.0200104618374 0.0225001411588 -0.00270370042532 
0.0443073417203 0.0176669955487 0.0509181002936 0.0235735639077 0.0623676700117 0.0833974724209 0.0148263244505 0.0449204145462 0.0283729645705 0.081405110606 0.0522700913126 0.0469767145475 0.0370841626415 0.0707799311042 0.627106010257 0.0615989207639 0.0184776634141 0.0414859608672 0.0144505927839 0.0894293662215 0.0676887282086 0.0324548467874 0.0605449501505 0.0413775386324 0.00957607961782 0.0311968566842 0.115669336196 0.0710425303442 0.0380607126194 0.038921992707 
0.0169814859797 0.0104063415159 0.0127443945356 0.0038012011593 0.0462655986015 0.0173206428973 0.0127767319577 0.0229305994396 0.00612201805374 0.0342699911804 -0.00106690907103 0.0242049936308 0.0141950300234 0.0226412810523 0.0615989207639 0.422641748744 0.00345852103922 0.0065694590071 0.00819457121232 0.0309780561362 0.0114594042272 0.00881817634412 0.0307114071326 0.0168965802656 -0.00127722521234 0.0184608420425 0.0199396628646 0.014081700836 0.0275768818383 0.0275693163447 
0.0144971690897 0.00431329758794 0.00363136766215 0.00802591076014 0.00847279690932 0.00872039268683 0.0151360131861 -0.0166569510229 -0.000862634747638 0.0036224063591 0.0181902986029 0.0264571459695 0.0166774769184 0.00794769875246 0.0184776634141 0.00345852103922 0.246523492749 0.00550870494545 0.00277002927782 0.0185659085174 0.0123000298922 0.0164048644466 0.00401601267979 -0.000329121247319 0.0112391758641 0.00912003874439 0.0252366971423 0.00111031140468 0.00320297414342 0.0165505829067 
0.0238905554228 0.00678879353898 0.0365732475917 0.00365471683136 0.0251180625165 0.026690548216 0.0251928368121 0.0346345605434 0.0186664977156 0.033777024904 0.0256599312258 0.0250623779944 0.0126607232102 0.0267939859464 0.0414859608672 0.0065694590071 0.00550870494545 0.34622311751 0.0216431125039 0.00423884425386 0.0352219486831 -0.0183974808452 0.046214154361 0.0495135701404 -0.00743966992673 0.0149916576483 0.0376746609683 0.0587024326171 0.0312303214613 0.0265417964898 
0.0298706954912 0.0123387624776 0.021135127078 0.0190971229957 0.0215510147617 0.0237206320092 -0.00288954013771 0.000911641610158 0.0224054805961 0.0164302510963 0.0351478650328 0.0128664951786 0.0261906228823 0.0174425444887 0.0144505927839 0.00819457121232 0.00277002927782 0.0216431125039 0.237785977461 0.0242799471328 0.0111500984749 0.0126042760644 0.0322755471501 0.00558595636972 0.00717529145698 0.0175880127923 0.030745016694 0.0282413510568 0.00498252112591 0.00748013012013 
0.0135241718735 0.0152999633856 0.0476419843084 0.0165396745706 0.0409897566467 0.0311251452884 0.0133247997588 0.00966093300671 0.00892300743464 0.0325284015058 0.0181383174487 0.0195766370097 0.0253821118669 0.0529812227313 0.0894293662215 0.0309780561363 0.0185659085174 0.00423884425386 0.0242799471328 0.401135393299 0.0154096400404 0.0080223622058 0.03162481997 0.0317004742383 0.0243513266625 8.21287759621e-05 0.0327072127798 0.0220141472928 0.00486733235155 0.0369893993836 
0.00970066962945 0.0179604528094 0.0206102391663 0.0168661575023 0.0566883028291 0.0194254844306 0.00388670734005 0.0714738366716 0.0126686892052 0.183995862338 0.0280695147668 0.0761594929929 0.0152907602851 0.0170358467317 0.0676887282086 0.0114594042272 0.0123000298922 0.0352219486831 0.0111500984749 0.0154096400404 0.449653388355 0.00896625739086 0.0285941273529 0.0306484514053 0.00275328224286 0.00391715197332 0.0292325822948 0.0554743362189 0.0147691939019 0.115653772218 
0.0153430458208 0.00890913155328 -0.0170038854422 0.00582676557361 0.000444491152512 0.0201184612028 -0.00301564123185 0.0213681896077 0.00844471782347 0.0119066020138 0.000874247744536 0.00474945047049 0.0196087558172 0.0109289112656 0.0324548467874 0.00881817634412 0.0164048644466 -0.0183974808452 0.0126042760644 0.0080223622058 0.00896625739086 0.187171802041 0.00413538521171 0.00952118961505 -0.00133452870929 0.0218587955581 0.0225685978113 0.0124745861798 0.0142825527412 0.00486474587467 
0.0425017917602 0.0187757525148 0.037429991107 0.0241126639275 0.0633566823763 0.0299471317732 0.0148004781399 0.0130042949294 0.0397324707261 0.0367660368248 0.0454962580471 0.0149911787663 0.0363362947139 0.0239131834872 0.0605449501505 0.0307114071326 0.00401601267979 0.046214154361 0.0322755471501 0.03162481997 0.0285941273529 0.00413538521171 0.26489336013 0.0437540243819 0.011504415761 0.0176344986249 0.0441700215156 0.0374445605852 0.0184185398371 0.0178734424807 
0.0323890092141 0.0150909034705 0.0501832405929 0.00931131216402 0.0538089562002 0.028429609626 0.00989466244563 0.0324979020231 0.0294959260928 0.0441445300321 0.0310490977703 0.026936963327 0.0242434842593 0.0334172539622 0.0413775386324 0.0168965802656 -0.000329121247319 0.0495135701404 0.00558595636972 0.0317004742383 0.0306484514053 0.00952118961505 0.0437540243819 0.200360711705 0.0226156779755 0.0249128355015 0.0464255274163 0.0527258541815 0.0205926934879 0.0169575031232 
0.0170949113595 0.00773889211904 0.0168428789007 0.0152494520825 0.0199528330269 0.00927503194204 0.019297596405 -0.0178291291817 -0.00185131543862 -0.00616233256726 0.00260685266612 -0.00217423183986 0.00399354831075 0.0324815424199 0.00957607961782 -0.00127722521234 0.0112391758641 -0.00743966992673 0.00717529145698 0.0243513266625 0.00275328224286 -0.00133452870929 0.011504415761 0.0226156779755 0.358808759873 0.00743569862706 0.0106961239017 0.000100172619212 0.00275575186153 0.00217043804657 
0.0211083689499 0.0179138419853 0.0185414512636 0.017582613069 0.0216729313486 0.0292230481372 0.0054194278729 0.0278891487011 0.0172606106736 0.00971397348302 0.0111968491543 -0.00199369054433 0.0396871349533 0.00407246498005 0.0311968566842 0.0184608420425 0.00912003874439 0.0149916576483 0.0175880127923 8.21287759623e-05 0.00391715197332 0.0218587955581 0.0176344986249 0.0249128355015 0.00743569862706 0.147372786745 0.0387138869439 0.0190536169694 0.0160010016186 0.00238276702978 
0.0545189215961 0.017681184638 0.0507087437983 0.0233315228013 0.0678617905105 0.0933275617924 0.00668207567127 0.0361594695137 0.0323477166467 0.0404040734561 0.0308374972095 0.0281404284814 0.0432581344333 0.0301368903495 0.115669336196 0.0199396628646 0.0252366971423 0.0376746609683 0.030745016694 0.0327072127798 0.0292325822948 0.0225685978113 0.0441700215156 0.0464255274163 0.0106961239017 0.0387138869439 0.301330457327 0.0535181521795 0.0138114583517 0.0440335249371 
0.0294803678347 -0.000124639425986 0.0475959542051 0.00722568933308 0.0515245584343 0.0381610190357 0.0107477484931 0.0462697808243 0.0251448940116 0.0317336030046 0.0618262767307 0.0080511595638 0.0232638251384 0.0200104618374 0.0710425303442 0.014081700836 0.00111031140468 0.0587024326171 0.0282413510568 0.0220141472928 0.0554743362189 0.0124745861798 0.0374445605852 0.0527258541815 0.000100172619211 0.0190536169694 0.0535181521795 0.467860846534 0.00771637516498 0.0289542717546 
0.0244258547928 0.0157523079024 0.0116839493894 0.0121794173259 0.0276452195377 0.0180516749275 0.00518876762781 -0.00177041460305 0.00639526753898 0.0233360449525 0.028968293973 0.00999370624493 0.0239734055194 0.0225001411588 0.0380607126194 0.0275768818383 0.00320297414342 0.0312303214613 0.00498252112591 0.00486733235155 0.0147691939019 0.0142825527412 0.0184185398371 0.0205926934879 0.00275575186153 0.0160010016186 0.0138114583517 0.00771637516498 0.405176369368 -0.008749278349 
0.010559339083 0.0228936426747 0.0146561288915 0.0299332784469 0.00470795113145 0.0153578949322 0.0252405557084 0.0807378861627 0.011653112964 0.167408237667 0.0182542927096 0.137255735604 0.00798746419931 -0.00270370042532 0.038921992707 0.0275693163447 0.0165505829067 0.0265417964898 0.00748013012013 0.0369893993836 0.115653772218 0.00486474587467 0.0178734424807 0.0169575031232 0.00217043804657 0.00238276702978 0.0440335249371 0.0289542717546 -0.008749278349 0.403313631409 

['LTD', 'PGN', 'NTRS', 'CNP', 'KLAC', 'MER', 'RAI', 'NEM', 'CTAS', 'RDC', 'ASD', 'WMB', 'FHN', 'INTU', 'ET', 'CMVT', 'NKE', 'LPX', 'WMI', 'HPQ', 'SLB', 'MDP', 'PCAR', 'DOV', 'DGX', 'C', 'LEH', 'MON', 'CPWR', 'DVN']