40
0.0878126089614 0.118355026327 0.0282353637115 0.0526943852585 0.0153161335694 0.0726136826411 0.125871369107 0.005148759701 0.0304896250645 0.0267221777707 0.0054327763703 0.0375994121509 0.0424048973372 0.0215013837744 0.0367752030525 0.0690593134036 0.0223320424584 0.0214039426083 0.0831725949645 0.0715007016099 0.0654803135324 0.0131635076039 0.0542920038725 0.0380825412642 0.0631385093148 0.0448250845436 0.0383245101253 0.0165000515881 0.0210495138202 0.0146510565804 0.197480990077 0.0449680709256 0.0635798530397 0.0672535079153 0.0533286406295 0.061476397973 0.133327922328 0.0297585566085 0.0290232005544 0.0766147585819 
0.47561830507 0.0134531254431 0.0206702543612 0.0131766861609 -0.00021190759029 0.0412247456326 0.0249179338971 0.00712829080429 -0.00615363492513 0.0187025312209 0.00784571210482 0.0130193983546 0.0332753898957 0.0388164770256 0.0281588006785 0.0132495501757 -0.0172047820405 0.020114713902 0.0250789808859 0.0127626036417 0.0276662026738 0.00733001694905 0.0208205996291 0.0277455306402 0.0687966785825 0.0210416223603 0.0292365308739 -0.0049231408262 0.00212293857171 0.0095703487987 0.0406198564483 0.0216427580643 0.047605915208 0.0263524255332 0.0112737996604 0.0440782682024 0.0236412405539 0.030808084962 0.0118671530758 0.0534882493976 
0.0134531254431 0.573342408375 0.0199448347339 0.031147536817 0.0201657046428 0.0143422292797 0.012438434144 0.0134371555718 -0.00217607312771 0.0150087945756 0.022940207206 0.00764646553668 0.0063207789119 0.0251000336036 0.0152835552164 0.00946310447638 -0.00440750730967 0.00885013045729 0.0136835659763 0.0370731451598 0.0436355099606 0.0084588519467 0.00856584369492 0.0133548480979 0.033688285287 0.0347864497274 0.0259904542723 0.0219182109939 0.00473171339335 0.0426058709591 0.0283953070617 -0.00160631217087 0.0239520121594 0.0517772918714 0.00673264812685 0.0325518769151 0.00786418179234 0.0149291255304 0.011566448772 0.0458464394905 
0.0206702543612 0.0199448347339 0.143874009668 0.0337516318101 0.0222720639343 0.027963736074 0.00433610810012 0.0124257955877 0.0161863200107 0.0285794523035 0.00934830781291 0.0145107249964 0.0101368321386 0.0183635297636 0.0314575304133 0.0196723664786 0.00753642525675 0.0112028564761 0.0211557523224 0.0212615964195 0.013224654269 0.0235882220826 0.00733243738597 0.00804916419832 0.0123177050034 0.0167389238855 0.0179199289678 0.0240968157618 0.00558215346788 0.0197449857168 0.0253345032968 0.0137430617085 0.0363630030319 0.0342312148898 0.0202354115675 0.030989221149 0.0061068079762 0.0230663799272 0.0252362353417 0.0212277966685 
0.0131766861609 0.031147536817 0.0337516318101 0.301660697068 0.0135461073354 0.033779602098 0.0149509201266 0.0145433115165 0.0248323932193 0.0169886673435 0.0400799092056 0.0181770927199 0.0110661541484 0.0455613366844 0.0240230006046 0.0243434053279 0.00606470066514 0.0288653280482 0.0341770135167 -0.00117967208681 0.0986513850175 0.0184782494623 0.015624732845 0.00557551379879 0.0185450925474 0.0385645840564 0.0374559775129 0.0169043966582 0.00800897956696 0.0299180909826 0.0354184220902 0.0201081850829 0.0222988569828 0.0456777548151 0.0192465713381 0.0243003295988 0.0102232526522 0.0274307762629 0.0119646121867 0.02338802816 
-0.00021190759029 0.0201657046428 0.0222720639343 0.0135461073354 0.14004359224 0.00595353185281 0.000953315914284 0.0128850767203 0.00257953806465 0.0351158982191 0.00368861530014 0.00911214725106 0.0133257582204 0.00643421701732 0.0101077061022 0.012074995884 0.0120080706443 0.0086707828047 0.0161113598835 0.00746440249843 0.00380798320041 0.0529833148489 0.0157947595993 0.00910042997045 0.0144970110015 0.00630597660053 0.00621911030149 0.0500542124476 0.0137340456156 0.00319015645198 0.0164648895711 0.0145094544582 0.00731627992869 0.00724576371619 0.00820677386509 0.0204758086632 0.00101874416692 0.0120315169333 0.0129043708305 0.00360147874063 
0.0412247456326 0.0143422292797 0.027963736074 0.033779602098 0.00595353185281 0.295340151529 -0.0025342025206 -0.00390674038588 0.0188472836829 0.0189742905895 0.0159529405795 0.014921734703 0.0201703798025 0.0319533438169 0.0298659664276 0.0258314003898 0.00729104757321 0.0458866080753 0.0448003585473 0.0201846277379 0.0451575232581 0.00702088925025 0.0212271824684 0.0403740422013 0.0663582016756 0.0160025418238 0.043622983077 0.0176111580966 0.014115489038 0.0205542327355 0.00581196692863 0.0273315704878 0.0420339699043 0.0237622187662 0.0142233459095 0.0595860383494 0.00978746986627 0.0304469026145 0.0231652134999 0.0337508980422 
0.0249179338971 0.012438434144 0.00433610810012 0.0149509201266 0.000953315914284 -0.0025342025206 0.846643575362 -0.00251076118116 0.0104041977144 0.00367908678023 0.000282674077819 -0.000468273415215 0.00264979475711 0.0169493609495 0.00178907624941 0.0105084477224 0.00199187126506 0.0033863201029 0.00719125213888 0.0093100213249 0.0128466772692 0.000558354617564 0.0031620023009 0.00237062029153 0.0136921596891 0.0135761674674 0.0107166876471 0.012637786415 -0.0217208208718 -0.00501774273962 0.0187590464798 -0.0139532686831 0.00535991940054 0.0177893609963 -0.000210853779434 0.0156418186193 0.00833107321889 0.0114799574856 -0.00237006939612 0.00968389134045 
0.00712829080429 0.0134371555718 0.0124257955877 0.0145433115165 0.0128850767203 -0.00390674038588 -0.00251076118116 0.232543164616 0.0202702055392 0.00212289005893 0.0152239860463 0.0169328730842 0.0151306389748 0.0158399498577 0.016794984128 -0.00550391969332 0.0142049677721 0.0122566444492 0.0258236038567 0.0154259790377 0.00444144762642 0.00562234807711 0.00974435279964 0.00876091950024 -0.00398103000431 0.0157370563254 0.00920586991561 0.00541616004248 0.00866014884189 0.00965634767813 1.18918064397e-07 0.0183452790131 -0.00436989854396 0.000708553348187 0.0124853088499 0.0112917368424 0.0195481796472 0.0091331577119 0.0190422002332 0.00159253129849 
-0.00615363492513 -0.00217607312771 0.0161863200107 0.0248323932193 0.00257953806465 0.0188472836829 0.0104041977144 0.0202702055392 0.214460068457 0.00989536801239 0.00716952517598 0.00996952144421 -0.000812627259577 0.0235278649194 0.0169269258345 0.00227418501159 0.0161219370132 0.0069681776876 0.00511532955334 0.00839922710474 0.00969401099098 0.00479286086024 -0.000315445698285 0.00821442520434 0.00165203449109 0.000202009373122 0.00367580801885 0.00507698283732 0.00812844482336 0.00959529050753 0.00197950542195 0.00729146442184 0.016084902081 0.0117537604856 0.012879406421 0.0188390501633 0.00141571914665 0.00370759267414 0.00523691077128 -0.000251795933156 
0.0187025312209 0.0150087945756 0.0285794523035 0.0169886673435 0.0351158982191 0.0189742905895 0.00367908678023 0.00212289005892 0.00989536801239 0.188042049284 0.0105793135217 0.0216403662429 0.0149231110355 0.0196298958545 0.00655636053802 0.0174812269956 0.00756780604018 0.0159943032248 0.0250733197767 0.0186859288149 0.013267342244 0.0401682070173 0.0254764302604 0.00931320821478 0.0146098596144 0.0117967192874 0.0241406727946 0.0409168316499 0.00848687217873 0.00997272174299 0.0146010788441 0.0262756550916 0.0213385918295 0.0271152494641 0.01460286645 0.0321326531412 0.0254337659759 0.0209503897063 0.0156377625651 0.0164492858106 
0.00784571210482 0.022940207206 0.00934830781291 0.0400799092056 0.00368861530014 0.0159529405795 0.000282674077819 0.0152239860463 0.00716952517598 0.0105793135217 0.182705726535 0.0131091271322 -0.00150875173025 0.0215063421827 0.00270058029442 0.012652083089 0.0104462358949 0.00559121958469 0.0286126064193 0.0212016744694 0.022562649671 0.00652341337976 0.0163642781595 0.0119043277164 0.00403573047927 0.0262555536287 0.0126116283034 0.00560511324115 0.0236480228191 0.0188057412861 0.00862569560178 0.00797689373665 0.0195496446542 0.00460227836526 0.00502141140658 0.0102391501502 0.0341493468317 0.00858610628422 0.0166552143395 0.014456801277 
0.0130193983546 0.00764646553668 0.0145107249964 0.0181770927199 0.00911214725106 0.014921734703 -0.000468273415215 0.0169328730842 0.00996952144421 0.0216403662429 0.0131091271322 0.270432143856 0.0114911073092 0.0083381124065 0.0172088874081 0.00871898069982 0.0165991442507 0.00939509978446 0.0143578920492 0.00245052495447 5.68279536296e-05 0.0102968743395 -0.00617458436792 0.0160383855499 0.00874029726343 0.00495197901009 0.0117499163947 0.00651984791555 0.015861207969 0.0166859461673 0.00686094976822 0.0152291320286 0.00761218989597 0.0143416661459 0.0179814481085 0.0181248612348 0.0169644722118 0.0160246171731 0.0185203608796 0.0178660621111 
0.0332753898957 0.0063207789119 0.0101368321386 0.0110661541484 0.0133257582204 0.0201703798025 0.00264979475711 0.0151306389748 -0.000812627259577 0.0149231110355 -0.00150875173025 0.0114911073092 0.399681824822 0.0293446156508 0.0297273487495 0.0092559656251 0.0157753080058 0.0212759336446 -0.00967302322188 0.0040706162366 0.0058901938133 0.00495171217613 0.00658597947068 0.0081665299807 0.00305907300777 0.0099230314563 0.00815828541128 0.0112449551092 -0.00654907593127 0.0113856479909 0.00694860425155 0.00652780050645 0.00125884759763 -0.0025906489145 0.00361505585324 0.0182224298596 0.014362467077 0.0159109164167 0.00684482621515 -0.000412098090965 
0.0388164770256 0.0251000336036 0.0183635297636 0.0455613366844 0.00643421701732 0.0319533438169 0.0169493609495 0.0158399498577 0.0235278649194 0.0196298958545 0.0215063421827 0.0083381124065 0.0293446156508 0.279573341981 0.0162541766746 0.0181114533246 0.0116689179134 0.0111196848355 0.0272745246808 0.0173651873562 0.0193833731922 0.00345989414366 0.0309434775116 0.0158621248603 0.0206651617122 0.0133116550879 0.0128458566619 0.0069609675652 -0.00108465282895 0.0149610677567 0.00740917834658 0.000951236821384 0.0307693809924 0.0279270115143 0.0172982438748 0.0206103484602 0.0160978117369 0.0108887165033 0.0135365329942 0.0657440544436 
0.0281588006785 0.0152835552164 0.0314575304133 0.0240230006046 0.0101077061022 0.0298659664276 0.00178907624941 0.016794984128 0.0169269258345 0.00655636053802 0.00270058029441 0.0172088874081 0.0297273487495 0.0162541766746 0.256871219507 0.0164114830018 0.00753357277136 0.0067980324505 0.00871846409625 0.0121880063776 0.0121182415584 -0.000775014818329 0.00671420478363 0.0089747413449 0.016702142276 0.0244271370473 0.0106958088576 0.00957720288293 0.0150046117698 0.00989716486932 0.0150535225066 0.0137541497399 0.0218885363246 0.0155238768691 0.00764972401204 0.0153396267703 0.000109664626609 0.0191656621968 0.00638384357957 0.0167524823708 
0.0132495501757 0.00946310447639 0.0196723664786 0.0243434053279 0.012074995884 0.0258314003898 0.0105084477224 -0.00550391969332 0.00227418501159 0.0174812269956 0.012652083089 0.00871898069982 0.0092559656251 0.0181114533246 0.0164114830018 0.429517548245 0.00495058443558 0.0267700500527 0.0458750638417 -0.00428349719378 0.0092685823557 0.00887794322346 0.0351596083115 0.0113195773013 0.0143558439823 0.0272130290776 0.0140644125844 0.00943564076335 0.00806933613653 0.0139608665918 0.0387836630097 0.0153881561246 0.0181081403993 0.0146753422657 -0.00501064725387 0.0264911380993 0.00701493424706 0.0237732802036 0.0169473770732 0.0316266060326 
-0.0172047820405 -0.00440750730967 0.00753642525675 0.00606470066514 0.0120080706443 0.00729104757321 0.00199187126506 0.0142049677721 0.0161219370132 0.00756780604018 0.0104462358949 0.0165991442507 0.0157753080058 0.0116689179134 0.00753357277136 0.00495058443558 0.208388937153 -0.00126954182674 0.00652022746644 0.0139206078001 0.00301556281597 0.00606528370261 0.00200586045918 0.00688161982334 0.0164364966172 0.0107259557178 -0.00225228999291 0.00996754557832 0.00984372145015 0.00227269700545 -0.00671653757052 -0.00389378525655 0.00143761699466 -0.00182032502904 0.0031490667285 0.00447072358008 0.00375259853665 0.0061192685395 0.00819249022469 0.0149201999379 
0.020114713902 0.00885013045729 0.0112028564761 0.0288653280482 0.0086707828047 0.0458866080753 0.0033863201029 0.0122566444492 0.0069681776876 0.0159943032248 0.00559121958469 0.00939509978446 0.0212759336446 0.0111196848355 0.0067980324505 0.0267700500527 -0.00126954182674 0.230463948258 0.0146429725002 0.0157114435837 0.0287666669596 -0.00168694548006 0.0171292231163 0.0156949064039 0.0383234996274 0.0130395820365 0.0344984474526 0.00664856629665 -0.00112913466498 0.00370094681893 0.0169135242802 0.0231241370469 0.0129588115754 0.030744630745 0.0322848408743 0.0359095931605 0.00027151447497 0.019408926518 0.0288393066789 0.0359004847821 
0.0250789808859 0.0136835659763 0.0211557523224 0.0341770135167 0.0161113598835 0.0448003585473 0.00719125213888 0.0258236038567 0.00511532955334 0.0250733197767 0.0286126064193 0.0143578920492 -0.00967302322187 0.0272745246808 0.00871846409625 0.0458750638417 0.00652022746644 0.0146429725002 0.45012238397 0.000392981303715 0.0273383046499 0.0159740556998 0.0213959654812 0.0264236259289 0.00668117616902 0.0215961510785 0.0398232341991 0.00848955872578 0.0295609941496 0.0118529115641 0.0427879530188 0.0235220058554 0.0331288145005 0.0168711706313 0.0189236456976 0.047205307251 0.0467773037473 0.0301898453213 0.00222661985558 0.0410428525483 
0.0127626036417 0.0370731451598 0.0212615964195 -0.00117967208681 0.00746440249843 0.0201846277379 0.0093100213249 0.0154259790377 0.00839922710474 0.0186859288149 0.0212016744694 0.00245052495447 0.0040706162366 0.0173651873562 0.0121880063776 -0.00428349719378 0.0139206078001 0.0157114435837 0.000392981303715 0.588581885414 0.0199950542073 0.0110865341349 -0.0116426836109 0.0208353510781 0.00517636942436 0.00197864845499 -0.00811950767549 0.0096811176116 0.00268956857706 0.0101894090504 0.0144953720484 -0.000660736347895 -0.00378925052519 0.0606400432683 0.00021131165431 0.0241819298405 0.0173467732349 0.00647597275225 0.00218387152927 0.00523472471363 
0.0276662026738 0.0436355099606 0.013224654269 0.0986513850175 0.00380798320041 0.0451575232581 0.0128466772692 0.00444144762642 0.00969401099098 0.013267342244 0.022562649671 5.68279536297e-05 0.0058901938133 0.0193833731922 0.0121182415584 0.0092685823557 0.00301556281597 0.0287666669596 0.0273383046499 0.0199950542073 0.385043944398 0.00591993456998 0.0201757422012 0.00444760052194 0.0358903431704 0.0280242805793 0.0374019325035 0.00449107071531 0.00644475168971 0.0119489207108 0.0259387131206 0.0146998874234 0.0225189679495 0.0261362029398 0.00411235860397 0.0279186228324 0.00981721774429 0.0261839870031 0.0179724448901 0.0669813233458 
0.00733001694905 0.0084588519467 0.0235882220826 0.0184782494623 0.0529833148489 0.00702088925025 0.000558354617564 0.00562234807711 0.00479286086024 0.0401682070173 0.00652341337976 0.0102968743395 0.00495171217613 0.00345989414366 -0.000775014818329 0.00887794322346 0.00606528370261 -0.00168694548005 0.0159740556998 0.0110865341349 0.00591993456998 0.148987357902 0.0304580610571 0.00154385536577 0.01308772203 0.00766354861124 -0.00356657485417 0.0522355815686 0.0217333384804 0.00797376530287 0.0117857401296 0.0244742771744 0.00709013715531 0.00840912797128 0.025487529936 0.0221375211369 0.0148200260283 0.0127066696274 0.0143127376841 0.00870759887053 
0.0208205996291 0.00856584369492 0.00733243738597 0.015624732845 0.0157947595993 0.0212271824684 0.0031620023009 0.00974435279964 -0.000315445698285 0.0254764302604 0.0163642781595 -0.00617458436792 0.00658597947068 0.0309434775116 0.00671420478363 0.0351596083115 0.00200586045918 0.0171292231163 0.0213959654812 -0.0116426836109 0.0201757422012 0.0304580610571 0.285891222534 0.0148729433972 0.0169941793724 0.0123371136394 0.0225661362376 0.015185051398 0.00102415702676 0.0117287187484 0.00361728160999 0.00724259215701 0.0205589884181 0.0080153600671 0.0124708712715 0.0397293389774 0.00226632053812 0.0141515641655 0.00902876743734 0.0102093391334 
0.0277455306402 0.0133548480979 0.00804916419832 0.00557551379879 0.00910042997045 0.0403740422013 0.00237062029153 0.00876091950024 0.00821442520434 0.00931320821478 0.0119043277164 0.0160383855499 0.0081665299807 0.0158621248603 0.0089747413449 0.0113195773013 0.00688161982334 0.0156949064039 0.0264236259289 0.0208353510781 0.00444760052194 0.00154385536577 0.0148729433972 0.252883484666 0.0219420810068 0.00471880634933 0.0104159481697 0.00126209115425 0.0158559010747 0.00580696717089 0.0252225085613 0.0198906950887 0.0145289598345 0.0143771400485 0.00952315453509 0.0412696586529 0.0123674211587 0.0243385702836 0.00713580789511 0.0232254987908 
0.0687966785825 0.033688285287 0.0123177050034 0.0185450925474 0.0144970110015 0.0663582016756 0.0136921596891 -0.00398103000431 0.00165203449109 0.0146098596144 0.00403573047927 0.00874029726343 0.00305907300777 0.0206651617122 0.016702142276 0.0143558439823 0.0164364966172 0.0383234996274 0.00668117616902 0.00517636942436 0.0358903431704 0.01308772203 0.0169941793724 0.0219420810068 0.364048605118 0.00936352675586 0.0101900989984 0.0201903821663 0.0175959524136 0.018043700813 -0.00629711722498 0.0118524783818 0.0153591020719 0.0222223056066 0.028764924052 0.0436221925279 0.0420231687407 0.0146166633756 0.00562934494867 0.0466988959825 
0.0210416223603 0.0347864497274 0.0167389238855 0.0385645840564 0.00630597660053 0.0160025418238 0.0135761674674 0.0157370563254 0.000202009373123 0.0117967192874 0.0262555536287 0.00495197901009 0.0099230314563 0.0133116550879 0.0244271370473 0.0272130290776 0.0107259557178 0.0130395820365 0.0215961510785 0.00197864845499 0.0280242805793 0.00766354861124 0.0123371136394 0.00471880634933 0.00936352675586 0.242115922652 0.0524926860581 0.0113623660967 0.0073538545532 0.0327547476201 0.0216010525451 0.017278266586 0.020481805961 0.0290215842488 0.00128923203527 0.0262868718781 0.0223399202913 0.0356062611898 0.0198109075287 0.0213005570695 
0.0292365308739 0.0259904542723 0.0179199289678 0.0374559775129 0.00621911030149 0.043622983077 0.0107166876471 0.00920586991561 0.00367580801885 0.0241406727946 0.0126116283034 0.0117499163947 0.00815828541128 0.0128458566619 0.0106958088576 0.0140644125844 -0.00225228999291 0.0344984474526 0.0398232341991 -0.00811950767549 0.0374019325035 -0.00356657485417 0.0225661362376 0.0104159481697 0.0101900989984 0.0524926860581 0.31735837687 0.00138921614257 0.0237831024219 0.00995789879626 0.074717068525 0.0191471078663 0.0167995922488 0.051757349787 0.0148864692747 0.0363587213693 0.0410301387487 0.0262353079877 0.0170125970725 0.0257980715306 
-0.0049231408262 0.0219182109939 0.0240968157618 0.0169043966582 0.0500542124476 0.0176111580966 0.012637786415 0.00541616004248 0.00507698283731 0.0409168316499 0.00560511324115 0.00651984791555 0.0112449551092 0.0069609675652 0.00957720288293 0.00943564076335 0.00996754557832 0.00664856629665 0.00848955872578 0.0096811176116 0.00449107071531 0.0522355815686 0.015185051398 0.00126209115425 0.0201903821663 0.0113623660967 0.00138921614257 0.141871157662 0.00666391970375 0.0112320289255 0.0101734496912 0.014697177268 0.00893042022122 0.0151491947056 0.0017136408532 0.0169693934404 0.00871908412476 0.00283564344187 0.017049989415 0.00283377345447 
0.00212293857171 0.00473171339335 0.00558215346788 0.00800897956696 0.0137340456156 0.014115489038 -0.0217208208718 0.00866014884189 0.00812844482336 0.00848687217873 0.0236480228191 0.015861207969 -0.00654907593127 -0.00108465282895 0.0150046117698 0.00806933613653 0.00984372145015 -0.00112913466498 0.0295609941496 0.00268956857706 0.00644475168971 0.0217333384804 0.00102415702676 0.0158559010747 0.0175959524136 0.0073538545532 0.0237831024219 0.00666391970375 0.320114191017 0.00393124206471 0.0258598651682 0.0138762532465 0.0116178248934 0.0216208277354 0.0185183045425 0.0253434809406 0.0631771504936 0.00721403950407 0.0172313377036 0.0091877497839 
0.0095703487987 0.0426058709591 0.0197449857168 0.0299180909826 0.00319015645198 0.0205542327355 -0.00501774273962 0.00965634767813 0.00959529050753 0.00997272174299 0.018805741286 0.0166859461673 0.0113856479909 0.0149610677567 0.00989716486932 0.0139608665918 0.00227269700545 0.00370094681893 0.0118529115641 0.0101894090504 0.0119489207108 0.00797376530287 0.0117287187484 0.00580696717089 0.018043700813 0.0327547476201 0.00995789879626 0.0112320289255 0.00393124206471 0.147574101536 0.00829674004661 0.015477398885 0.0195889295383 0.00981955646126 0.00731936577405 0.0166063444701 0.0176891186473 0.00380576488251 0.0113204599223 0.025612483387 
0.0406198564483 0.0283953070617 0.0253345032968 0.0354184220902 0.0164648895711 0.00581196692863 0.0187590464798 1.18918064459e-07 0.00197950542195 0.0146010788441 0.00862569560178 0.00686094976822 0.00694860425155 0.00740917834658 0.0150535225066 0.0387836630097 -0.00671653757052 0.0169135242802 0.0427879530188 0.0144953720484 0.0259387131206 0.0117857401296 0.00361728160999 0.0252225085613 -0.00629711722498 0.0216010525451 0.074717068525 0.0101734496912 0.0258598651682 0.00829674004661 0.878367850965 0.00767134726244 0.0197402796964 0.0252424778361 -0.00293852195812 0.0305709343875 0.00316523874616 0.0115779560678 0.030401772698 0.0468548838107 
0.0216427580643 -0.00160631217087 0.0137430617085 0.0201081850829 0.0145094544582 0.0273315704878 -0.0139532686831 0.0183452790131 0.00729146442184 0.0262756550916 0.00797689373665 0.0152291320286 0.00652780050645 0.000951236821384 0.0137541497399 0.0153881561246 -0.00389378525655 0.0231241370469 0.0235220058554 -0.000660736347895 0.0146998874234 0.0244742771744 0.00724259215701 0.0198906950887 0.0118524783818 0.017278266586 0.0191471078663 0.014697177268 0.0138762532465 0.015477398885 0.00767134726244 0.192146002202 0.023109692698 0.0209161375797 0.0157375946991 0.0315552806496 0.00994709043232 0.0392312435693 0.00283981544503 0.00907413151501 
0.047605915208 0.0239520121594 0.0363630030319 0.0222988569828 0.00731627992869 0.0420339699043 0.00535991940054 -0.00436989854396 0.016084902081 0.0213385918295 0.0195496446542 0.00761218989597 0.00125884759763 0.0307693809924 0.0218885363246 0.0181081403993 0.00143761699466 0.0129588115754 0.0331288145005 -0.00378925052519 0.0225189679495 0.00709013715531 0.0205589884181 0.0145289598345 0.0153591020719 0.020481805961 0.0167995922488 0.00893042022122 0.0116178248934 0.0195889295383 0.0197402796964 0.023109692698 0.463981320586 0.0514806801053 0.0221792078057 0.0446027147682 -0.000347455293001 0.0208150409549 0.022716296645 0.0138938294997 
0.0263524255332 0.0517772918714 0.0342312148898 0.0456777548151 0.00724576371619 0.0237622187662 0.0177893609963 0.000708553348186 0.0117537604856 0.0271152494641 0.00460227836526 0.0143416661459 -0.0025906489145 0.0279270115143 0.0155238768691 0.0146753422657 -0.00182032502904 0.030744630745 0.0168711706313 0.0606400432683 0.0261362029398 0.00840912797128 0.0080153600671 0.0143771400485 0.0222223056066 0.0290215842488 0.051757349787 0.0151491947056 0.0216208277354 0.00981955646126 0.0252424778361 0.0209161375797 0.0514806801053 0.338645643199 0.0199289968329 0.0381484709958 0.0465294461327 0.0202772654032 0.0200995567315 0.0203146456635 
0.0112737996604 0.00673264812685 0.0202354115675 0.0192465713381 0.00820677386509 0.0142233459095 -0.000210853779434 0.0124853088499 0.012879406421 0.01460286645 0.00502141140658 0.0179814481085 0.00361505585324 0.0172982438748 0.00764972401204 -0.00501064725387 0.0031490667285 0.0322848408743 0.0189236456976 0.000211311654309 0.00411235860397 0.025487529936 0.0124708712715 0.00952315453509 0.028764924052 0.00128923203527 0.0148864692747 0.0017136408532 0.0185183045425 0.00731936577405 -0.00293852195812 0.0157375946991 0.0221792078057 0.0199289968329 0.269648903919 0.021777535809 0.00536325215485 0.0242095946747 0.0176089903602 0.0218416689582 
0.0440782682024 0.0325518769151 0.030989221149 0.0243003295988 0.0204758086632 0.0595860383494 0.0156418186193 0.0112917368424 0.0188390501633 0.0321326531412 0.0102391501502 0.0181248612348 0.0182224298596 0.0206103484602 0.0153396267703 0.0264911380993 0.00447072358008 0.0359095931605 0.047205307251 0.0241819298405 0.0279186228324 0.0221375211369 0.0397293389774 0.0412696586529 0.0436221925279 0.0262868718781 0.0363587213693 0.0169693934404 0.0253434809406 0.0166063444701 0.0305709343875 0.0315552806496 0.0446027147682 0.0381484709958 0.021777535809 0.279845600403 0.0143200986462 0.0333236623954 0.037121539473 0.0404241581356 
0.0236412405539 0.00786418179234 0.0061068079762 0.0102232526522 0.00101874416692 0.00978746986627 0.00833107321889 0.0195481796472 0.00141571914665 0.0254337659759 0.0341493468317 0.0169644722118 0.014362467077 0.0160978117369 0.000109664626609 0.00701493424706 0.00375259853665 0.00027151447497 0.0467773037473 0.0173467732349 0.00981721774429 0.0148200260283 0.00226632053812 0.0123674211587 0.0420231687407 0.0223399202913 0.0410301387487 0.00871908412476 0.0631771504936 0.0176891186473 0.00316523874616 0.00994709043232 -0.000347455293002 0.0465294461327 0.00536325215485 0.0143200986462 0.826822392128 0.0484455034695 0.00868909795797 0.0258161535549 
0.030808084962 0.0149291255304 0.0230663799272 0.0274307762629 0.0120315169333 0.0304469026145 0.0114799574856 0.0091331577119 0.00370759267414 0.0209503897063 0.00858610628422 0.0160246171731 0.0159109164167 0.0108887165033 0.0191656621968 0.0237732802036 0.0061192685395 0.019408926518 0.0301898453213 0.00647597275225 0.0261839870031 0.0127066696274 0.0141515641655 0.0243385702836 0.0146166633756 0.0356062611898 0.0262353079877 0.00283564344187 0.00721403950407 0.00380576488251 0.0115779560678 0.0392312435693 0.0208150409549 0.0202772654032 0.0242095946747 0.0333236623954 0.0484455034695 0.259589698038 0.0153290841849 0.0205746996351 
0.0118671530758 0.011566448772 0.0252362353417 0.0119646121867 0.0129043708305 0.0231652134999 -0.00237006939612 0.0190422002332 0.00523691077128 0.0156377625651 0.0166552143395 0.0185203608796 0.00684482621515 0.0135365329942 0.00638384357957 0.0169473770732 0.00819249022469 0.0288393066789 0.00222661985558 0.00218387152927 0.0179724448901 0.0143127376841 0.00902876743734 0.00713580789511 0.00562934494867 0.0198109075287 0.0170125970725 0.017049989415 0.0172313377036 0.0113204599223 0.030401772698 0.00283981544503 0.022716296645 0.0200995567315 0.0176089903602 0.037121539473 0.00868909795797 0.0153290841849 0.253207229611 0.0146989004222 
0.0534882493976 0.0458464394905 0.0212277966685 0.02338802816 0.00360147874063 0.0337508980422 0.00968389134045 0.00159253129849 -0.000251795933156 0.0164492858106 0.014456801277 0.0178660621111 -0.000412098090965 0.0657440544436 0.0167524823708 0.0316266060326 0.0149201999379 0.0359004847821 0.0410428525483 0.00523472471363 0.0669813233458 0.00870759887053 0.0102093391334 0.0232254987908 0.0466988959825 0.0213005570695 0.0257980715306 0.00283377345447 0.0091877497839 0.025612483387 0.0468548838107 0.00907413151501 0.0138938294997 0.0203146456635 0.0218416689582 0.0404241581356 0.0258161535549 0.0205746996351 0.0146989004222 0.481938267315 

['NVLS', 'DDS', 'MTB', 'HOT', 'SO', 'CAT', 'CVG', 'WWY', 'HNZ', 'GAS', 'CCU', 'ACV', 'ZMH', 'INTC', 'ABT', 'AOC', 'CAG', 'WY', 'YHOO', 'FSH', 'HLT', 'AEE', 'ORCL', 'EDS', 'UNP', 'COST', 'BBBY', 'PGN', 'HMA', 'GE', 'AAPL', 'LMT', 'FNM', 'LTD', 'ECL', 'BEN', 'ADCT', 'LLL', 'CB', 'QCOM']