30
0.0395572708053 0.123612909007 0.0459594094694 0.070265204238 0.0215013837744 0.045915457725 0.0374431650663 0.0285158318856 0.0268988212896 0.0163484450471 0.0582377086348 0.0125032911957 0.0220144037379 0.0765601453803 0.0377989606714 0.067654701563 0.025657065471 0.0451551332239 0.0832698050771 0.0255121646837 0.0952881581377 0.0380288664812 0.042606905642 0.0179151897049 0.0597094198611 0.0613427887106 0.00399952409326 0.0486959213786 0.0223482457603 0.0180781461794 
0.181466657505 -0.0169096451587 0.00720270892516 0.00494923300281 0.0212692339297 -0.00308977816451 0.00900283117087 0.00644224681799 0.00577654070435 0.0141794636096 0.0195112204524 0.00837535541688 0.00461302178504 0.0162012809686 0.0218823668513 0.00311840868157 0.0231758089759 0.0268330082068 0.00731403267434 0.00311336029918 0.0135211016425 0.0121497894107 0.016385395522 0.00692092450528 0.00163401454489 0.0106065265744 0.0233420944919 0.0118270983138 0.00872335066695 0.0113659109016 
-0.0169096451587 1.04637965963 0.00409221519222 -0.00743356170948 0.0187859108818 -0.00146624471345 0.00275717821042 -0.00146313563618 0.00219409059515 0.00527809117207 0.00253516180984 0.00107479694582 0.00853702149075 0.00541237657594 0.0270818385756 -0.0171833052009 -0.000574474689179 -0.0026187249343 0.0382048561571 0.001193750801 0.0269000507638 0.0147357494141 0.00574691314836 0.00113485650083 0.0129135313972 0.0144374109377 0.0062793730762 -0.000532531173783 0.0175413975099 -0.00373888508671 
0.00720270892516 0.00409221519222 0.33995999523 0.0247084281767 0.0312555151333 0.108837087256 0.00604777471181 0.00253947212108 0.012501811732 0.00905360356071 0.0138438278076 0.0325522236628 0.0127319551783 0.0276795005668 0.0304248859672 0.0151180009584 0.0262943290015 0.00793271835526 0.00510307947572 0.057130361021 0.0657834593323 0.0243660154818 0.0147977150087 0.0233380630683 0.0114317515347 0.0146999620889 0.00613011265739 0.021836048605 0.0280982440787 0.020859033557 
0.00494923300281 -0.00743356170948 0.0247084281767 0.982637262056 0.00280268627157 0.00398374564942 0.0141192265557 0.0127945505337 0.000802425457325 0.0183894096109 -0.0129699557377 0.00632738001804 -0.00109163139705 0.0147188971439 0.00450291397207 0.0259252082972 0.0218731927253 0.0102692523863 0.0311458427886 0.0116310809148 0.0210910973431 0.0149392788689 0.0116595764889 0.00262919013892 -0.00665902155828 -0.00134551801631 0.00194395179787 0.0142770973392 0.00799825827754 -0.00577977248538 
0.0212692339297 0.0187859108818 0.0312555151333 0.00280268627157 0.284047774789 0.0317919459401 0.0185232064799 0.00786145109516 0.0156737245925 0.0142087266448 0.00987804104943 0.00766903937907 -0.00530304934153 0.0303943221333 0.0473005356475 0.00315368308638 0.0220403820785 0.0248385405153 0.0154188495175 0.0141436407865 0.0278353405934 0.0617235532218 0.0217685134546 0.0106055991916 0.0391105599324 0.0159701290361 0.0288417147059 0.0353118698924 0.0123035716661 0.0123332063116 
-0.00308977816451 -0.00146624471345 0.108837087256 0.00398374564942 0.0317919459401 0.317355554302 0.0142449571024 0.0202103189581 0.00131043415876 0.00869333100838 0.0174423762042 0.0150273340561 0.0137703715679 0.0158984745855 0.036492135603 0.00204380261793 0.0185182768805 0.0185606010315 0.0173625923952 0.0212304270405 0.0368227847208 0.0166088559937 0.0141261021709 0.0049996214278 0.022384601897 0.000980924459333 0.00425054811396 0.0354653543352 0.0166318656616 0.020797823047 
0.00900283117087 0.00275717821042 0.00604777471181 0.0141192265557 0.0185232064799 0.0142449571024 0.464481263531 0.00722979945538 -0.000227661475658 0.0124604516362 0.0196852751147 0.00568203469012 0.0129499553439 0.00750758002487 0.0317740902704 0.0184298127152 0.0104605434092 0.00760728144792 0.0156131992287 -0.00215036775583 0.0274069305247 0.0207440540067 0.0216058267782 0.00154847771976 0.00134041874372 0.0104332723256 0.0233700377729 0.0513214581392 0.0194913778712 0.00683496105638 
0.00644224681799 -0.00146313563618 0.00253947212108 0.0127945505337 0.00786145109516 0.0202103189581 0.00722979945538 0.196172474532 0.0116400544986 0.0510311917201 0.024582927801 0.000665338358544 0.0464908022369 0.0114648655083 0.00881146970374 0.0271131234763 0.019134252858 0.00201071852775 0.063336397969 0.0146348909898 0.0269614187286 -0.00556074768104 0.0140665528891 0.00368860192365 0.016943063458 0.0215174245577 0.00522974141782 0.0217075763998 0.0261599235776 0.00274253038794 
0.00577654070435 0.00219409059515 0.012501811732 0.000802425457325 0.0156737245925 0.00131043415876 -0.000227661475658 0.0116400544986 0.229064785166 0.0101163882383 0.0119863419527 0.0140640020805 -0.00247420053446 0.0222263554335 0.0265391293549 0.0167479248576 0.0144661673598 0.00191212804864 0.000718298229542 0.0120294591391 0.0230511678032 0.017608824022 0.00815826116776 0.00313053966012 0.00032258285242 0.000272763029814 0.0155407337553 0.0100818496559 0.0145111691469 -0.00609105840339 
0.0141794636096 0.00527809117207 0.00905360356071 0.0183894096109 0.0142087266448 0.00869333100838 0.0124604516362 0.0510311917201 0.0101163882383 0.202518592447 0.0162045668616 -0.000648458557453 0.0569867632047 0.0149401107355 0.0190321267224 0.0173607017302 0.0224918124529 0.0111500157204 0.0457020204944 0.0143244962381 0.0163357694979 0.0123779833165 0.0110926979171 0.0102497624428 0.00886971838418 0.0228340473233 0.0197242155071 0.0199621419411 0.0264670900818 0.00550567721322 
0.0195112204524 0.00253516180984 0.0138438278076 -0.0129699557377 0.00987804104943 0.0174423762042 0.0196852751147 0.024582927801 0.0119863419527 0.0162045668616 0.466996369879 0.0226341272709 0.0120918892053 0.0170010728927 -0.000495624394341 0.0127886921982 0.0174855685837 0.00131256942931 0.00754585672047 0.0150984841907 0.0246460117984 -0.000966120628177 0.0130218003124 0.0216712337098 0.0128434757074 0.00495866056008 0.0259932455269 0.0206306164604 0.0186028932654 0.0129425650307 
0.00837535541688 0.00107479694582 0.0325522236628 0.00632738001804 0.00766903937907 0.0150273340561 0.00568203469012 0.000665338358544 0.0140640020805 -0.000648458557453 0.0226341272709 0.290772654635 -0.00232089553446 0.0174517146705 0.0105678043694 0.0186905827161 0.0137941132644 0.0132430296174 -0.00896345294638 0.0172531567574 0.0480231897907 0.0149228380978 0.0116415891998 0.00326173502128 0.0151248078702 0.0130760717509 0.00899837769489 0.0228991769497 0.0186669837488 0.0178304087899 
0.00461302178504 0.00853702149075 0.0127319551783 -0.00109163139705 -0.00530304934153 0.0137703715679 0.0129499553439 0.0464908022369 -0.00247420053446 0.0569867632047 0.0120918892053 -0.00232089553446 0.18281795514 0.0199457207901 0.0102064630241 0.0156552480655 0.0105794055945 0.00508188827677 0.0197439222894 0.0224077838871 0.0245564398033 0.00499422459598 0.013367603644 0.0200554188945 0.0173067585513 0.0172302231944 0.0139278458221 0.0146518279011 0.0141606428327 0.00963655796346 
0.0162012809686 0.00541237657594 0.0276795005668 0.0147188971439 0.0303943221333 0.0158984745855 0.00750758002487 0.0114648655083 0.0222263554335 0.0149401107355 0.0170010728927 0.0174517146705 0.0199457207901 0.349826382333 0.045764133476 0.00593863566697 0.0248175453782 0.0232997929896 0.0438697140496 0.0244535420168 0.0545935503345 0.0219456678696 0.0368382819819 0.00354859881176 0.0095689055949 0.0169636767467 0.0137810126952 0.029273898066 0.00773877744541 0.0123865145481 
0.0218823668513 0.0270818385756 0.0304248859672 0.00450291397207 0.0473005356475 0.036492135603 0.0317740902704 0.00881146970374 0.0265391293549 0.0190321267224 -0.000495624394341 0.0105678043694 0.0102064630241 0.045764133476 0.346495879599 0.000903395365381 0.02133807396 0.00810600231654 0.0239993281437 0.0138984758121 0.0674565339738 0.0939136014121 0.0282324616356 0.0165919003753 0.0270934173591 0.0211060510095 0.0190374936118 0.0459761871342 0.00696883038146 0.00682496354774 
0.00311840868157 -0.0171833052009 0.0151180009584 0.0259252082972 0.00315368308638 0.00204380261793 0.0184298127152 0.0271131234763 0.0167479248576 0.0173607017302 0.0127886921982 0.0186905827161 0.0156552480655 0.00593863566697 0.000903395365381 0.380549607345 0.0168374904371 0.00311264931335 0.0148452825032 0.0122617342647 0.0143507720784 0.0137026206977 5.824765077e-05 0.0222452398496 0.0199121560651 0.0290769389775 0.00986018845963 0.0176918548469 0.0665417094379 0.0107731471943 
0.0231758089759 -0.000574474689179 0.0262943290015 0.0218731927253 0.0220403820785 0.0185182768805 0.0104605434092 0.0191342528581 0.0144661673598 0.0224918124529 0.0174855685837 0.0137941132644 0.0105794055945 0.0248175453782 0.02133807396 0.0168374904371 0.188876262545 0.000519726070534 0.00761622615125 0.0246435945439 0.0530277022687 0.0258232345106 0.031617939234 0.0157951396315 0.020186578553 0.0136679470436 0.0237337003125 0.053687035608 0.0374799634235 0.0218026668606 
0.0268330082068 -0.00261872493429 0.00793271835526 0.0102692523863 0.0248385405153 0.0185606010315 0.00760728144792 0.00201071852775 0.00191212804864 0.0111500157204 0.00131256942931 0.0132430296174 0.00508188827677 0.0232997929896 0.00810600231654 0.00311264931335 0.000519726070534 0.306401753738 0.0294571545429 0.00341401766487 0.0260714901758 0.0141847037248 0.0561713439823 0.00290697611475 -0.00232260994552 0.00272366267771 0.000934938192106 0.0123132781906 -0.0131065009878 0.0137423605532 
0.00731403267434 0.0382048561571 0.00510307947572 0.0311458427886 0.0154188495175 0.0173625923952 0.0156131992287 0.063336397969 0.000718298229542 0.0457020204944 0.00754585672047 -0.00896345294638 0.0197439222894 0.0438697140496 0.0239993281437 0.0148452825032 0.00761622615125 0.0294571545429 0.411622487108 0.00904071736774 0.0476071959341 0.012332401503 0.0341345188239 0.022347824862 -0.00787371088128 0.0326753374358 0.000753380186835 0.00744171760271 0.00616202846523 0.0142231609176 
0.00311336029918 0.001193750801 0.057130361021 0.0116310809148 0.0141436407865 0.0212304270405 -0.00215036775583 0.0146348909898 0.0120294591391 0.0143244962381 0.0150984841907 0.0172531567574 0.0224077838871 0.0244535420168 0.0138984758121 0.0122617342647 0.0246435945439 0.00341401766487 0.00904071736774 0.161452375554 0.0207190022762 0.0115191284644 0.0125356736737 0.0210944398943 0.00982382747829 0.0218359663465 0.0165516025886 0.0219722982517 0.0279230626953 0.0216195409277 
0.0135211016425 0.0269000507638 0.0657834593323 0.0210910973431 0.0278353405934 0.0368227847208 0.0274069305247 0.0269614187286 0.0230511678032 0.0163357694979 0.0246460117984 0.0480231897907 0.0245564398033 0.0545935503345 0.0674565339738 0.0143507720784 0.0530277022687 0.0260714901758 0.0476071959341 0.0207190022762 0.570643392782 0.0567967682934 0.049983362355 0.0120331255223 0.0596213804811 0.025696646622 0.0096439887208 0.0554338029544 0.0438146508269 0.0213446228765 
0.0121497894107 0.0147357494141 0.0243660154818 0.0149392788689 0.0617235532218 0.0166088559937 0.0207440540067 -0.00556074768104 0.017608824022 0.0123779833165 -0.000966120628177 0.0149228380978 0.00499422459598 0.0219456678696 0.0939136014121 0.0137026206977 0.0258232345106 0.0141847037248 0.012332401503 0.0115191284644 0.0567967682934 0.324997049909 0.0223897367086 0.00166082726134 0.0256140661403 0.00833670401823 0.0123907909315 0.0198896924403 0.0189354034639 0.00717598865577 
0.016385395522 0.00574691314836 0.0147977150087 0.0116595764889 0.0217685134546 0.0141261021709 0.0216058267782 0.0140665528891 0.00815826116776 0.0110926979171 0.0130218003124 0.0116415891998 0.013367603644 0.0368382819819 0.0282324616356 5.82476507702e-05 0.031617939234 0.0561713439823 0.0341345188239 0.0125356736737 0.049983362355 0.0223897367086 0.255125996126 0.0038567593557 0.0114139352219 0.00282914893527 0.0195081820124 0.0446157293692 -0.00065299979634 4.75084995276e-05 
0.00692092450528 0.00113485650083 0.0233380630683 0.00262919013892 0.0106055991916 0.0049996214278 0.00154847771976 0.00368860192365 0.00313053966012 0.0102497624428 0.0216712337098 0.00326173502128 0.0200554188945 0.00354859881176 0.0165919003753 0.0222452398496 0.0157951396315 0.00290697611475 0.022347824862 0.0210944398943 0.0120331255223 0.00166082726134 0.0038567593557 0.314080215158 0.0230488559848 0.0227499832017 0.0121226389038 0.0114458769817 0.0125723165056 0.00874281219771 
0.00163401454489 0.0129135313972 0.0114317515347 -0.00665902155828 0.0391105599324 0.022384601897 0.00134041874372 0.016943063458 0.00032258285242 0.00886971838418 0.0128434757074 0.0151248078702 0.0173067585513 0.0095689055949 0.0270934173591 0.0199121560651 0.020186578553 -0.00232260994552 -0.00787371088128 0.00982382747829 0.0596213804811 0.0256140661403 0.0114139352219 0.0230488559848 0.40374275289 0.00311359260022 0.0201963620946 0.0203595154603 0.00934340615328 0.00357797597929 
0.0106065265744 0.0144374109377 0.0146999620889 -0.00134551801631 0.0159701290361 0.000980924459333 0.0104332723256 0.0215174245577 0.000272763029813 0.0228340473233 0.00495866056008 0.0130760717509 0.0172302231944 0.0169636767467 0.0211060510095 0.0290769389775 0.0136679470436 0.00272366267771 0.0326753374358 0.0218359663465 0.025696646622 0.00833670401823 0.00282914893527 0.0227499832017 0.00311359260022 0.276363608723 0.0093510373158 -0.00469118438258 0.0213755260898 0.00953719362735 
0.0233420944919 0.0062793730762 0.00613011265739 0.00194395179787 0.0288417147059 0.00425054811396 0.0233700377729 0.00522974141782 0.0155407337553 0.0197242155071 0.0259932455269 0.00899837769489 0.0139278458221 0.0137810126952 0.0190374936118 0.00986018845963 0.0237337003125 0.000934938192106 0.000753380186835 0.0165516025886 0.0096439887208 0.0123907909315 0.0195081820124 0.0121226389038 0.0201963620946 0.0093510373158 0.1808479295 0.0199453006981 0.0216305014136 0.0055751955138 
0.0118270983138 -0.000532531173783 0.021836048605 0.0142770973392 0.0353118698924 0.0354653543352 0.0513214581392 0.0217075763998 0.0100818496559 0.0199621419411 0.0206306164604 0.0228991769497 0.0146518279011 0.029273898066 0.0459761871342 0.0176918548469 0.053687035608 0.0123132781906 0.00744171760271 0.0219722982517 0.0554338029544 0.0198896924403 0.0446157293692 0.0114458769817 0.0203595154603 -0.00469118438258 0.0199453006981 0.209877002556 0.0483652587516 0.0209559922361 
0.00872335066695 0.0175413975099 0.0280982440787 0.00799825827754 0.0123035716661 0.0166318656616 0.0194913778712 0.0261599235776 0.0145111691469 0.0264670900818 0.0186028932654 0.0186669837488 0.0141606428327 0.00773877744541 0.00696883038146 0.0665417094379 0.0374799634235 -0.0131065009878 0.00616202846523 0.0279230626953 0.0438146508269 0.0189354034639 -0.00065299979634 0.0125723165056 0.00934340615328 0.0213755260898 0.0216305014136 0.0483652587516 0.20867129659 0.0126473628732 
0.0113659109016 -0.00373888508671 0.020859033557 -0.00577977248538 0.0123332063116 0.020797823047 0.00683496105638 0.00274253038794 -0.00609105840339 0.00550567721322 0.0129425650307 0.0178304087899 0.00963655796346 0.0123865145481 0.00682496354774 0.0107731471943 0.0218026668606 0.0137423605532 0.0142231609176 0.0216195409277 0.0213446228765 0.00717598865577 4.75084995276e-05 0.00874281219771 0.00357797597929 0.00953719362735 0.0055751955138 0.0209559922361 0.0126473628732 0.25016546005 

['HCR', 'UIS', 'MBI', 'NFB', 'INTC', 'UNM', 'BMY', 'D', 'ADP', 'TE', 'TSN', 'DG', 'PNW', 'MOLX', 'MXIM', 'SWY', 'BBT', 'BCR', 'APC', 'CINF', 'PHM', 'ADI', 'UTX', 'SVU', 'CPWR', 'RAI', 'SLE', 'JPM', 'CMA', 'RRD']