30
0.0486664598358 0.0254158643172 0.0715007016099 0.0240188564254 0.0276848810082 0.0340091550877 0.135299445153 0.0590558874601 0.0545934085328 0.0878126089614 0.0991765707177 0.0296866664977 0.214537342356 0.0466468708745 0.0933125666969 0.0307440439862 0.00699576056141 0.0526943852585 0.10135047428 0.0884893451388 0.0290232005544 0.0442318588416 0.0787213758152 0.0384738749472 0.266244884644 0.0623593213805 0.0722101641432 0.00399952409326 0.0534443631468 0.0427797721554 
0.31757417629 0.00125887973888 0.00743909015537 0.0131041685404 0.0131416700883 0.0129282398223 0.014373011033 0.00654650850367 0.0363977706274 0.00325775221483 -0.00396254006609 0.0243381035632 0.018448849938 0.0214006203382 0.000288901079189 0.0335670379882 0.0160733471176 0.0214735129534 -0.0147570493263 0.0240929153147 0.0197857637618 0.0155191949487 0.0161528525062 0.0184272381826 0.000181838925374 -0.000975599252557 0.0131267453893 0.00924406634294 0.0124174802159 0.0180818751935 
0.00125887973888 0.294901877304 0.0175970609058 0.00966515516699 0.0189693520515 0.0123947200044 0.0176925851187 0.0172329947167 0.0247367566537 0.0130626203432 -0.0121300989431 0.0280095792179 0.0656847935658 0.00393994897536 0.000475043159208 0.0209844077608 0.00992639780045 0.0337841834351 0.010384983741 0.0132911134152 0.019406920567 0.0156828963333 0.00235857339525 0.0101959146116 0.00751704777283 0.0271740319578 0.0182510475786 0.00809947921784 0.0387694293107 0.0272787615118 
0.00743909015537 0.0175970609058 0.589572582333 0.0145290562392 0.0606134060781 0.00824142790615 0.0121896572362 0.0110323029833 0.0145691485181 0.0107220531423 0.00134393907683 0.0116168192884 0.0431462440778 0.0156050142914 0.0121446431026 0.016115768858 0.0252607928342 0.000439522974637 0.0139018483363 0.0186365325511 0.00321980986311 -0.00150403414171 -0.00662572460671 0.0135158808969 0.00990985019019 0.0175577864312 0.00409818561972 0.0150317369679 0.00373877222979 -0.00471295123675 
0.0131041685404 0.00966515516699 0.0145290562392 0.19334175796 0.0283961257741 0.0167922923338 0.0187947909148 -0.00339903314421 0.0320455639064 0.0101227445203 -0.00564915208692 0.0204283663536 0.0424911881534 -0.00172331329164 0.0129837364039 0.0224028067131 0.00460068672752 0.0351743984392 0.0181563460734 0.0257811394143 0.0201215761466 0.0398064885725 0.0157294147547 0.0121287886281 0.0143482813134 0.0311831389666 0.0319415918507 0.0176544676968 0.0289697582217 0.0582229941877 
0.0131416700883 0.0189693520515 0.0606134060781 0.0283961257741 0.25160653764 0.0141961612568 0.0104579808298 0.0157472009727 0.0126263553483 0.0236477438007 0.011193689683 0.0423427623917 0.0294865587687 0.024493813429 0.00956071963512 0.0243949194552 0.00339675188936 0.0392178200561 0.0220265087119 0.016773640289 0.0206540489432 0.0395475549387 0.00891190723609 0.00240929810148 0.024374140569 0.0221897691121 0.0253941005184 0.0209813942092 0.0234437369064 0.0199018565568 
0.0129282398223 0.0123947200044 0.00824142790615 0.0167922923338 0.0141961612568 0.214511452571 -0.01095317314 0.0104609353884 0.0176961453248 0.0201218948015 -0.000245930820903 0.0347539111856 0.0123406833776 0.011999840784 0.00714527632656 0.042393869202 0.0181320037949 0.0157688399757 0.0418045732213 0.0165914089847 0.0171007228099 0.015421512731 0.0030439445187 0.0260642938523 0.0120929835334 0.00894276399535 0.0239452781479 0.0294774676278 0.00772081570973 0.0249237866554 
0.014373011033 0.0176925851187 0.0121896572362 0.0187947909148 0.0104579808298 -0.01095317314 0.536101478677 -0.0103224328484 0.0533894611596 0.0422234021707 0.0610493371832 0.0193252917071 0.0343659852768 0.0340107038081 0.0116498764607 0.032490340161 0.0161828079005 0.00648609539215 0.0323563136147 0.0250651812131 0.00714739828251 0.0483664241959 0.165624373407 0.020548817373 0.00527538368463 0.0451153309805 0.0322510404935 -0.00668773652853 0.0296394446731 0.0325491787827 
0.00654650850367 0.0172329947167 0.0110323029833 -0.00339903314421 0.0157472009727 0.0104609353884 -0.0103224328484 0.723913386534 0.0205401319672 0.0139123175679 0.0165317242252 0.0210301934098 -0.00230709427589 0.00231626659974 -0.0154766957421 0.0551444081446 0.0211189303476 0.0208734216648 0.0173767922052 0.019964003111 0.005193131458 0.0248790737276 0.00176033557927 0.00645028326531 -0.0110866505665 -0.0124211179228 0.0109541353606 0.0136479318038 0.0047805857194 0.0143254026843 
0.0363977706274 0.0247367566537 0.0145691485181 0.0320455639064 0.0126263553483 0.0176961453248 0.0533894611596 0.0205401319672 0.267116639557 0.0303015960479 -0.00137256245013 0.0237180228015 0.0603694503538 0.0207258608308 0.0263768618781 0.0325617854148 0.0110522845521 0.0402405651167 0.0507602307997 0.0455250566532 0.0171894394192 0.0465322527581 0.0505957556333 0.0171592282189 0.0158416335211 0.0596857081533 0.0560478788019 0.00846902908059 0.031413441358 0.0467636249751 
0.00325775221483 0.0130626203432 0.0107220531423 0.0101227445203 0.0236477438007 0.0201218948015 0.0422234021707 0.0139123175679 0.0303015960479 0.456807718144 -0.00409423640996 0.0126202886393 0.081035013524 0.00591886295079 0.00757562809568 0.0126620464247 -0.00219458405363 0.0127946768777 0.0642816776274 0.0337302223771 0.0158297117508 0.0305580529466 -0.00955096699746 -0.000696327136239 0.157819312956 0.0380940241631 0.0349698003293 0.014108066616 0.0204844732259 0.00718472443498 
-0.00396254006609 -0.0121300989431 0.00134393907683 -0.00564915208692 0.011193689683 -0.000245930820904 0.0610493371832 0.0165317242252 -0.00137256245013 -0.00409423640996 0.637303542356 0.0238831614651 0.0296276963441 0.00813378261066 -0.00696850212127 -0.00402930371977 -0.000306760069182 0.0122814411075 0.0189752272202 -0.0116891521084 0.00903190557475 0.0422678299778 -0.0189153087148 -0.00154176949135 0.0306449332444 0.0116646745693 -0.0155855839615 -0.0189922243563 -0.00552580487243 0.00345418907077 
0.0243381035632 0.0280095792179 0.0116168192884 0.0204283663536 0.0423427623917 0.0347539111856 0.0193252917071 0.0210301934098 0.0237180228015 0.0126202886393 0.0238831614651 0.223860402142 0.031933976387 0.0323675337999 0.00238920512166 0.038921308827 0.0193392285594 0.0460983528429 0.042056474028 0.00810620321367 0.0228570264338 0.0304190205576 0.0238689192931 0.0116018306115 0.0145338779628 0.0332465524353 0.011558186155 0.0202412811485 0.0181443068324 0.0421995660986 
0.018448849938 0.0656847935658 0.0431462440777 0.0424911881534 0.0294865587687 0.0123406833776 0.0343659852768 -0.00230709427589 0.0603694503538 0.081035013524 0.0296276963441 0.031933976387 0.96557090107 0.0306034988257 0.0263894058564 0.025939578625 0.00425291312515 0.0578228551753 0.148601596854 0.0634581109822 0.0130669874649 0.0412497334611 0.0423865682893 0.0158052467774 0.00119514472475 0.0510478309822 0.053384692999 0.00721474926245 0.0105412193673 0.0387833294165 
0.0214006203382 0.00393994897536 0.0156050142914 -0.00172331329164 0.024493813429 0.011999840784 0.0340107038081 0.00231626659974 0.0207258608308 0.00591886295079 0.00813378261066 0.0323675337999 0.0306034988257 0.370259163691 0.00774048980624 0.0170162525481 0.0482371097268 0.0101783737135 0.0315640316974 -0.0030821805066 0.015604174237 0.0276301049714 0.0264815797134 0.0145108215564 -0.0069596007964 0.00753536751716 0.0190831337701 0.022277912215 0.0234273788693 0.00081734731436 
0.000288901079188 0.000475043159208 0.0121446431026 0.0129837364039 0.00956071963512 0.00714527632656 0.0116498764607 -0.0154766957421 0.0263768618781 0.00757562809568 -0.00696850212127 0.00238920512166 0.0263894058564 0.00774048980624 1.00077530457 0.00730599903326 -0.00062922034087 0.00145006177174 -0.0072029129904 -0.00225805150738 0.00299858639686 0.0178666900325 -0.00728347465252 0.0106396175117 0.0269024995909 0.013504867744 0.0129115764226 0.00471979740265 0.0047836585729 0.0151316014913 
0.0335670379882 0.0209844077608 0.016115768858 0.0224028067131 0.0243949194552 0.042393869202 0.032490340161 0.0551444081446 0.0325617854148 0.0126620464247 -0.00402930371977 0.038921308827 0.025939578625 0.0170162525481 0.00730599903326 0.236506036612 0.0138546414311 0.0323208220258 0.0343192124667 0.0258459576172 0.0361243124091 0.0320979598645 0.0276220976835 0.0233584475996 0.0172548626434 0.0215724021166 0.0205422080146 0.0146187351752 0.0135742720432 0.0376335777651 
0.0160733471176 0.00992639780045 0.0252607928342 0.00460068672752 0.00339675188936 0.0181320037949 0.0161828079005 0.0211189303476 0.0110522845521 -0.00219458405363 -0.000306760069182 0.0193392285594 0.00425291312515 0.0482371097268 -0.000629220340869 0.0138546414311 0.153174064871 0.020834091622 0.00437671660569 0.0041801786995 0.0114135130189 0.0181427779323 0.0261947762419 0.0078122037751 -0.00452780201564 0.00830676666556 -0.00194217278616 0.0134109633247 0.00592380893373 0.0181673598875 
0.0214735129534 0.0337841834351 0.000439522974637 0.0351743984392 0.0392178200561 0.0157688399757 0.00648609539215 0.0208734216648 0.0402405651167 0.0127946768777 0.0122814411075 0.0460983528429 0.0578228551753 0.0101783737135 0.00145006177174 0.0323208220258 0.020834091622 0.311374386214 0.0677182783789 0.0105517752778 0.0138030096373 0.0449444363468 0.00368531012572 0.00639586318022 0.0227297879611 0.0392052393128 0.0280088961488 0.0206968405124 0.0342130095889 0.0492472864336 
-0.0147570493263 0.010384983741 0.0139018483363 0.0181563460734 0.0220265087119 0.0418045732213 0.0323563136147 0.0173767922052 0.0507602307997 0.0642816776274 0.0189752272202 0.042056474028 0.148601596854 0.0315640316974 -0.0072029129904 0.0343192124667 0.00437671660569 0.0677182783789 0.554213286511 0.0513577703661 0.0244185472156 0.0324473983299 0.0267719243194 0.00778711864515 0.113230655395 0.0237140317887 0.0326428856351 0.014872243813 0.0244230518543 0.0425480011624 
0.0240929153147 0.0132911134152 0.0186365325511 0.0257811394143 0.016773640289 0.0165914089847 0.0250651812131 0.019964003111 0.0455250566532 0.0337302223771 -0.0116891521084 0.00810620321367 0.0634581109822 -0.0030821805066 -0.00225805150738 0.0258459576172 0.0041801786995 0.0105517752778 0.0513577703661 0.472557076077 0.0199670531892 0.0148979314328 -0.00262853547973 0.0112151227173 0.123019552392 0.00548667023284 0.0114991012584 0.0128268775663 0.0226146848769 0.011209996707 
0.0197857637618 0.019406920567 0.00321980986311 0.0201215761466 0.0206540489432 0.0171007228099 0.00714739828251 0.005193131458 0.0171894394192 0.0158297117508 0.00903190557475 0.0228570264338 0.0130669874649 0.015604174237 0.00299858639686 0.0361243124091 0.0114135130189 0.0138030096373 0.0244185472156 0.0199670531892 0.256157848591 0.0280958062967 0.0034219739604 0.0109509182996 0.00382090245002 0.0317904033631 0.00785048127081 0.00967229531233 0.0151790859435 0.0251478694755 
0.0155191949487 0.0156828963333 -0.00150403414171 0.0398064885725 0.0395475549387 0.015421512731 0.0483664241959 0.0248790737276 0.0465322527581 0.0305580529466 0.0422678299778 0.0304190205576 0.0412497334611 0.0276301049714 0.0178666900325 0.0320979598645 0.0181427779323 0.0449444363468 0.0324473983299 0.0148979314328 0.0280958062967 0.239879871776 0.0170083160633 0.00268112775809 0.0248158135714 0.0353556764972 0.0272519730925 0.0190953260299 0.0224890294501 0.0312838826966 
0.0161528525062 0.00235857339525 -0.00662572460671 0.0157294147547 0.00891190723609 0.0030439445187 0.165624373407 0.00176033557927 0.0505957556333 -0.00955096699746 -0.0189153087148 0.0238689192931 0.0423865682893 0.0264815797134 -0.00728347465252 0.0276220976835 0.0261947762419 0.00368531012572 0.0267719243194 -0.00262853547973 0.0034219739604 0.0170083160633 0.362653373751 0.0175484016649 0.0122394785497 0.0317702038518 0.0278795289117 0.00224009726708 0.0248216462946 0.0307331349995 
0.0184272381826 0.0101959146116 0.0135158808969 0.0121287886281 0.00240929810148 0.0260642938523 0.020548817373 0.00645028326531 0.0171592282189 -0.000696327136239 -0.00154176949135 0.0116018306115 0.0158052467774 0.0145108215564 0.0106396175117 0.0233584475996 0.0078122037751 0.00639586318022 0.00778711864515 0.0112151227173 0.0109509182996 0.00268112775809 0.0175484016649 0.236869395502 0.0095057789191 0.0303692842135 0.018178254834 0.00470705467515 0.034698110973 0.0180628800716 
0.000181838925374 0.00751704777283 0.00990985019019 0.0143482813134 0.024374140569 0.0120929835334 0.00527538368463 -0.0110866505665 0.0158416335211 0.157819312956 0.0306449332444 0.0145338779628 0.00119514472475 -0.0069596007964 0.0269024995909 0.0172548626434 -0.00452780201564 0.0227297879611 0.113230655395 0.123019552392 0.00382090245002 0.0248158135714 0.0122394785497 0.0095057789191 2.26468026511 0.00499897022632 0.0499311598583 0.0196979414245 0.0544467522484 0.0165334675445 
-0.000975599252557 0.0271740319578 0.0175577864312 0.0311831389666 0.0221897691121 0.00894276399535 0.0451153309805 -0.0124211179228 0.0596857081533 0.0380940241631 0.0116646745693 0.0332465524353 0.0510478309822 0.00753536751716 0.013504867744 0.0215724021166 0.00830676666556 0.0392052393128 0.0237140317887 0.00548667023284 0.0317904033631 0.0353556764972 0.0317702038518 0.0303692842135 0.00499897022632 0.337623859015 0.0403454157384 0.0116989804767 0.0511016467743 0.0529007626661 
0.0131267453893 0.0182510475786 0.00409818561972 0.0319415918507 0.0253941005184 0.0239452781479 0.0322510404935 0.0109541353606 0.0560478788019 0.0349698003293 -0.0155855839615 0.011558186155 0.053384692999 0.0190831337701 0.0129115764226 0.0205422080146 -0.00194217278616 0.0280088961488 0.0326428856351 0.0114991012584 0.00785048127081 0.0272519730925 0.0278795289117 0.018178254834 0.0499311598583 0.0403454157384 0.333316995811 0.0209671663841 0.0263724304608 0.0487389050989 
0.00924406634294 0.00809947921784 0.0150317369679 0.0176544676968 0.0209813942092 0.0294774676278 -0.00668773652853 0.0136479318038 0.00846902908059 0.014108066616 -0.0189922243563 0.0202412811485 0.00721474926245 0.022277912215 0.00471979740265 0.0146187351752 0.0134109633247 0.0206968405124 0.014872243813 0.0128268775663 0.00967229531233 0.0190953260299 0.00224009726708 0.00470705467515 0.0196979414245 0.0116989804767 0.0209671663841 0.18200253611 0.0188739282926 0.00337044375821 
0.0124174802159 0.0387694293107 0.00373877222979 0.0289697582217 0.0234437369064 0.00772081570973 0.0296394446731 0.0047805857194 0.031413441358 0.0204844732259 -0.00552580487243 0.0181443068324 0.0105412193673 0.0234273788693 0.0047836585729 0.0135742720432 0.00592380893373 0.0342130095889 0.0244230518543 0.0226146848769 0.0151790859435 0.0224890294501 0.0248216462946 0.034698110973 0.0544467522484 0.0511016467743 0.0263724304608 0.0188739282926 0.309144523446 0.022794737802 
0.0180818751935 0.0272787615118 -0.00471295123675 0.0582229941877 0.0199018565568 0.0249237866554 0.0325491787827 0.0143254026843 0.0467636249751 0.00718472443498 0.00345418907077 0.0421995660986 0.0387833294165 0.00081734731436 0.0151316014913 0.0376335777651 0.0181673598875 0.0492472864336 0.0425480011624 0.011209996707 0.0251478694755 0.0312838826966 0.0307331349995 0.0180628800716 0.0165334675445 0.0529007626661 0.0487389050989 0.00337044375821 0.022794737802 0.276015956822 

['STZ', 'CCL', 'FSH', 'PPG', 'COF', 'ZION', 'BJS', 'BOL', 'PH', 'NVLS', 'MYL', 'AXP', 'PMCS', 'CEG', 'GT', 'PCL', 'DTE', 'HOT', 'LSI', 'BMC', 'CB', 'PX', 'COP', 'ABC', 'TLAB', 'DE', 'CSX', 'SLE', 'BA', 'EMN']