30
0.163811268696 0.0602494739115 0.0590558874601 0.158041803894 0.0348828940045 0.0525709156995 0.132143501856 0.169485482474 0.0261881624723 0.112290577846 0.0330111524363 0.0220203869342 0.0754552666066 0.0820701074714 0.0308768641188 0.0197813299257 0.0144645316835 0.0298565853869 0.0936509155003 0.138528932385 0.127416862275 0.103528049483 0.0782010317916 0.0424048973372 0.041097516798 0.0540864966038 0.0482651065397 0.153319254475 0.114001255301 0.022369934908 
1.37116457739 -0.0243041647143 -0.00975289989327 -0.00937833929652 0.00955046496214 0.000561706115745 0.000880529307668 -0.0105220321992 0.0309120783124 -0.00663101212985 -0.00547051184553 0.000483784262969 -0.00177233730651 0.00189231861441 0.0031795186252 -0.00488112346848 -0.00339593709567 0.0111096825277 -0.00790667883412 -0.0209909228284 -0.00598122507736 0.0032785985505 0.00666742926163 -0.0034412028944 0.031546435407 -0.00531602879956 -0.00559089275782 0.0127275910102 -0.0065683312332 0.00278111027976 
-0.0243041647143 0.303131167953 0.00976532783365 0.00212656532998 0.0131458896381 0.0297060873971 0.0212434831578 0.00289776347019 0.0132821198065 0.0189779175598 0.0297943263198 0.0366371068611 0.0196029192858 0.0271277900175 0.0262484705788 0.026415065846 0.00954950437851 0.0264357771721 0.0545720510665 0.0317099552719 0.0105459013466 0.0192968686079 0.0170785157799 0.0144925440956 0.00847214099648 0.00873699715175 0.0567485838853 0.0292967590591 -0.00580224649903 0.0262247060111 
-0.00975289989327 0.00976532783365 0.726016008011 0.019152607708 -0.00106978874916 -0.00197698224664 0.00963090184485 0.00718680287276 0.0064324658608 0.0181693717253 0.0239261317977 0.0221257065073 0.00456383321833 0.0167893630946 -0.00476853582221 0.0109324956298 -0.00870608998927 0.016083354612 0.0107757821478 -0.00620752965401 0.0125343592801 -0.00562397789338 -0.000113200095958 0.0212625732545 0.0340300363544 0.0127476553051 0.00949195208434 0.011880186057 -0.00464366790921 0.0175037021091 
-0.00937833929652 0.00212656532998 0.019152607708 1.03596377073 0.0146151159449 0.00304482295995 0.0231573374031 -0.00431139503212 0.0125469500373 0.0145314951371 0.0175866080861 0.0325641807944 0.0164813019882 0.00137251160719 0.027135904329 0.0106602438568 0.0151561722587 0.0302521391051 -0.00108532153022 -0.00879807356916 0.00870408264271 0.0027877471309 0.0330642876701 0.0462853114785 0.00610024110227 0.014299781413 0.031468451742 0.0159431381497 -0.00743947183248 0.0139695924986 
0.00955046496214 0.0131458896381 -0.00106978874916 0.0146151159449 0.238859741701 0.0250526384962 0.0488740725392 0.00772195377911 0.0173316280917 0.0487362775258 0.0137387305909 0.0246197927132 -0.000780317864153 0.0124246176818 0.0240285345715 0.00938719073133 0.0156084939173 0.0191016428323 0.0313803103309 0.00775711849813 0.0157091009077 0.0232640409078 0.0137752281396 0.00455223984476 0.0144098832103 0.00919553563746 0.0169380461254 0.0368872809097 0.00698181136944 0.0225383720317 
0.000561706115744 0.0297060873971 -0.00197698224664 0.00304482295995 0.0250526384962 0.32829768871 0.0200546283696 0.0194865004267 0.0165604258002 0.0474426967367 0.0331739157446 0.0278227177946 0.0259345921815 0.0302645577108 0.0122463053868 0.0111365313308 0.0137003769653 0.0239752967273 0.0540939141389 0.0130791844745 0.0320508111536 0.00304554125087 0.027759846092 0.00565336993925 0.012331002955 0.0204616236283 0.0113231274698 0.0447301206368 -0.00372509720211 0.0258361238907 
0.000880529307668 0.0212434831578 0.00963090184485 0.0231573374031 0.0488740725392 0.0200546283696 0.442457353993 0.0590212147963 0.0108731397785 0.170900243368 0.00211589558804 0.0189824542573 0.016844143314 0.0199412378833 0.00711720605655 -0.0128076790402 0.00395323212633 0.017111094169 0.0335723042273 -0.00220126754825 0.136621831285 0.113994565787 0.0284623099899 0.00888007851597 0.0227355306014 0.0218573456776 0.00581751851179 0.0132064437362 0.010566654539 0.00316603623369 
-0.0105220321992 0.00289776347019 0.00718680287276 -0.00431139503212 0.00772195377911 0.0194865004267 0.0590212147963 0.676155678982 0.00460221601146 0.0342385571024 0.00948954097535 0.00900401577016 0.00117404041263 0.0198153371132 0.0127110880462 0.0148962453936 0.0288564338719 0.00578089946842 0.00319374446644 -0.0160700480095 0.0498161644087 0.0466003421514 0.0278506244912 0.00859588878093 0.0210733644068 -0.0103909818182 0.0135739808329 0.0489397039874 0.00921307580737 0.0216997339311 
0.0309120783124 0.0132821198065 0.0064324658608 0.0125469500373 0.0173316280917 0.0165604258002 0.0108731397785 0.00460221601146 0.260124116976 0.0125703446278 0.0214785709694 0.0342944343024 0.0479047187228 0.00742975045115 0.0161010205599 0.0134077100586 0.0111392323949 0.0183773347937 0.021833881432 0.0117753883094 0.0126038308171 0.0129041884439 0.0124558956391 0.0144944831723 0.0105264762825 0.0123836933633 0.0160856065821 0.00444055715429 -0.00527506697545 0.023111099566 
-0.00663101212985 0.0189779175598 0.0181693717253 0.0145314951371 0.0487362775258 0.0474426967367 0.170900243368 0.0342385571024 0.0125703446278 0.417225960033 0.0157743534441 0.0210597505986 0.0454935901813 0.0297646139531 0.0178397527173 0.00276600067987 0.00436260967105 0.0106477418127 0.0461678282384 -0.000279350427363 0.208330078459 0.136002703079 0.043460545578 -0.00237121092671 0.0468778756836 0.0204672798518 0.0283106713353 0.01860523855 0.00965274343318 0.0202655813624 
-0.00547051184553 0.0297943263198 0.0239261317977 0.0175866080861 0.0137387305909 0.0331739157446 0.00211589558804 0.00948954097535 0.0214785709694 0.0157743534441 0.31139658096 0.0280013074694 0.0554192325719 0.0558300207974 0.0268678808202 0.020299332507 0.00481241641911 0.0210249523622 0.0658449711086 0.0402985282762 0.0126038670449 0.0153740592698 0.0135448369803 0.00746541532409 0.0290394047575 0.0145596139123 0.0387637822955 0.0472257704571 0.014907127099 0.0310142061562 
0.000483784262969 0.0366371068611 0.0221257065073 0.0325641807944 0.0246197927132 0.0278227177946 0.0189824542573 0.00900401577016 0.0342944343024 0.0210597505986 0.0280013074694 0.231615431089 0.0137965583671 0.0223239909372 0.0305930636859 0.0229301750694 0.00613147705469 0.0242930118087 0.0323529961757 0.0195404228373 0.0202279630182 0.00980237680561 0.0336410044204 0.0171626119109 0.0166762674009 0.0184714445109 0.0239003863338 0.0388235464164 -0.000915951439271 0.0186920323129 
-0.00177233730651 0.0196029192858 0.00456383321833 0.0164813019882 -0.000780317864153 0.0259345921815 0.016844143314 0.00117404041263 0.0479047187228 0.0454935901813 0.0554192325719 0.0137965583671 0.665136994628 0.0262211696004 0.00776603431018 0.0153886745445 0.00880156529371 0.00439273089796 0.0598904412865 0.0605904738215 0.0306176348344 0.0324806965902 0.0196560153505 0.0217601325424 0.0358821705123 0.0354320600198 0.0203481808152 0.0535918077362 -0.00678724693317 0.0321863419153 
0.00189231861441 0.0271277900175 0.0167893630946 0.00137251160719 0.0124246176818 0.0302645577108 0.0199412378833 0.0198153371132 0.00742975045115 0.0297646139531 0.0558300207974 0.0223239909372 0.0262211696004 0.490426486746 0.0189341258858 0.0241401578534 0.00544577477135 0.0171779944496 0.0221524213341 0.0241633324373 0.0144674075581 -0.00902997286256 0.0205973606396 0.0264427670976 0.0181171439843 -0.00410905927907 0.0489640467517 0.0391427877999 0.00506547740251 0.0229500871177 
0.0031795186252 0.0262484705788 -0.00476853582221 0.027135904329 0.0240285345715 0.0122463053868 0.00711720605656 0.0127110880462 0.0161010205599 0.0178397527173 0.0268678808202 0.0305930636859 0.00776603431018 0.0189341258858 0.261039474802 0.0194608527255 0.0118419106828 0.0122632650431 0.0385844777966 0.0339037770519 0.00379407895136 -0.0122346855689 0.0134348684504 0.00699321710632 0.0210081490312 0.0178643055908 0.015699371561 0.0366139833615 0.0316989230261 0.0125496586314 
-0.00488112346848 0.026415065846 0.0109324956298 0.0106602438568 0.00938719073133 0.0111365313308 -0.0128076790402 0.0148962453936 0.0134077100586 0.00276600067987 0.020299332507 0.0229301750694 0.0153886745445 0.0241401578534 0.0194608527255 0.149662242297 0.00499248915804 0.0469826941426 0.0168696789119 0.00660573159586 0.000258601279478 0.0160173372989 0.0236585301674 0.00623546445185 0.030787675773 0.015142698374 0.0128680724394 0.0164537318304 0.00601842670818 0.00958896197838 
-0.00339593709567 0.00954950437851 -0.00870608998927 0.0151561722587 0.0156084939173 0.0137003769653 0.00395323212633 0.0288564338719 0.0111392323949 0.00436260967105 0.00481241641911 0.00613147705469 0.00880156529371 0.00544577477135 0.0118419106828 0.00499248915804 0.291136280878 0.0177801033055 0.0285918563614 0.0246233003049 0.00211718314864 -0.00653732980756 0.0228096860426 0.0168154933219 0.00165619751082 0.00936071397983 0.00749237872714 0.012141710689 -0.00525754960266 0.0214776552497 
0.0111096825277 0.0264357771721 0.016083354612 0.0302521391051 0.0191016428323 0.0239752967273 0.017111094169 0.00578089946842 0.0183773347937 0.0106477418127 0.0210249523622 0.0242930118087 0.00439273089796 0.0171779944496 0.0122632650431 0.0469826941426 0.0177801033055 0.148996839935 0.0192484204151 0.0102598431067 0.00615561919934 0.0233673286261 0.00980278182475 0.010196183131 0.0323052463978 0.0138570267046 0.0162456047486 0.0311788957611 0.0116465750196 0.0233076064147 
-0.00790667883412 0.0545720510665 0.0107757821478 -0.00108532153022 0.0313803103309 0.0540939141389 0.0335723042273 0.00319374446644 0.021833881432 0.0461678282384 0.0658449711086 0.0323529961757 0.0598904412865 0.0221524213341 0.0385844777966 0.0168696789119 0.0285918563614 0.0192484204151 0.453501842752 0.0384632939562 0.0316718272185 0.00253231422828 0.0566147447184 0.00973733100158 0.0275491639217 0.016641951693 0.0404438940909 0.0799981964745 -0.00443345072778 0.0282220914867 
-0.0209909228284 0.0317099552719 -0.00620752965401 -0.00879807356916 0.00775711849813 0.0130791844745 -0.00220126754825 -0.0160700480095 0.0117753883094 -0.000279350427363 0.0402985282762 0.0195404228373 0.0605904738215 0.0241633324373 0.0339037770519 0.00660573159586 0.0246233003049 0.0102598431067 0.0384632939562 1.00471783406 0.00376671828439 0.0166079463067 0.0340741744639 0.0178262403128 0.0127083818233 0.00246588849661 0.0422055175241 0.0123218547882 -0.013517163438 0.00963651252762 
-0.00598122507736 0.0105459013466 0.0125343592801 0.00870408264271 0.0157091009077 0.0320508111536 0.136621831285 0.0498161644087 0.0126038308171 0.208330078459 0.0126038670449 0.0202279630182 0.0306176348344 0.0144674075581 0.00379407895136 0.000258601279479 0.00211718314864 0.00615561919934 0.0316718272185 0.00376671828439 0.41340813408 0.137764286457 0.014776037217 0.00370637625355 0.0318702324905 0.0243656063324 0.0217116426244 0.0213072936437 0.00420721584228 0.0141035456955 
0.0032785985505 0.0192968686079 -0.00562397789338 0.0027877471309 0.0232640409078 0.00304554125087 0.113994565787 0.0466003421514 0.0129041884439 0.136002703079 0.0153740592698 0.00980237680561 0.0324806965902 -0.00902997286256 -0.0122346855689 0.0160173372989 -0.00653732980756 0.0233673286261 0.00253231422828 0.0166079463067 0.137764286457 0.405291659667 0.0126849577689 0.00330594406716 0.0379299235377 0.0150168129243 -0.000414396121446 -0.00567627959594 0.0112393251429 0.00159981682508 
0.00666742926163 0.0170785157799 -0.000113200095958 0.0330642876701 0.0137752281396 0.027759846092 0.0284623099899 0.0278506244912 0.0124558956391 0.043460545578 0.0135448369803 0.0336410044204 0.0196560153505 0.0205973606396 0.0134348684504 0.0236585301674 0.0228096860426 0.00980278182475 0.0566147447184 0.0340741744639 0.014776037217 0.0126849577689 0.393800379581 -0.010625179801 0.0219119635463 0.0268514173894 0.0189425358358 0.034008811249 -0.00108241641139 0.0247073168867 
-0.0034412028944 0.0144925440956 0.0212625732545 0.0462853114785 0.00455223984476 0.00565336993925 0.00888007851597 0.00859588878093 0.0144944831723 -0.00237121092671 0.00746541532409 0.0171626119109 0.0217601325424 0.0264427670976 0.00699321710632 0.00623546445185 0.0168154933219 0.010196183131 0.00973733100158 0.0178262403128 0.00370637625355 0.00330594406716 -0.010625179801 0.39983804617 -0.00974360151479 0.0107349121791 0.000686837882572 0.0160400213736 0.00261241992117 0.0200318545094 
0.031546435407 0.00847214099648 0.0340300363544 0.00610024110227 0.0144098832103 0.012331002955 0.0227355306014 0.0210733644068 0.0105264762825 0.0468778756836 0.0290394047575 0.0166762674009 0.0358821705123 0.0181171439843 0.0210081490312 0.030787675773 0.00165619751082 0.0323052463978 0.0275491639217 0.0127083818233 0.0318702324905 0.0379299235377 0.0219119635463 -0.00974360151479 0.250749370254 0.0225875049624 0.028378521836 0.0240179979702 -0.000507184956201 0.0136980319172 
-0.00531602879956 0.00873699715175 0.0127476553051 0.014299781413 0.00919553563746 0.0204616236283 0.0218573456776 -0.0103909818182 0.0123836933633 0.0204672798518 0.0145596139123 0.0184714445109 0.0354320600198 -0.00410905927907 0.0178643055908 0.015142698374 0.00936071397983 0.0138570267046 0.016641951693 0.00246588849661 0.0243656063324 0.0150168129243 0.0268514173894 0.0107349121791 0.0225875049624 0.393365417995 0.0153292331472 0.0495638100281 -0.00056146336434 0.0203787198997 
-0.00559089275782 0.0567485838853 0.00949195208434 0.031468451742 0.0169380461254 0.0113231274698 0.00581751851179 0.0135739808329 0.0160856065821 0.0283106713353 0.0387637822955 0.0239003863338 0.0203481808152 0.0489640467517 0.015699371561 0.0128680724394 0.00749237872714 0.0162456047486 0.0404438940909 0.0422055175241 0.0217116426244 -0.000414396121446 0.0189425358358 0.000686837882572 0.028378521836 0.0153292331472 0.305641726495 0.0187568398972 0.00299685319115 0.00908529527888 
0.0127275910102 0.0292967590591 0.011880186057 0.0159431381497 0.0368872809097 0.0447301206368 0.0132064437362 0.0489397039874 0.00444055715429 0.01860523855 0.0472257704571 0.0388235464164 0.0535918077362 0.0391427877999 0.0366139833615 0.0164537318304 0.012141710689 0.0311788957611 0.0799981964745 0.0123218547882 0.0213072936437 -0.00567627959594 0.034008811249 0.0160400213736 0.0240179979702 0.0495638100281 0.0187568398972 0.627663294727 -0.0031906746753 0.0342131994215 
-0.0065683312332 -0.00580224649903 -0.00464366790921 -0.00743947183249 0.00698181136944 -0.00372509720211 0.010566654539 0.00921307580737 -0.00527506697545 0.00965274343318 0.014907127099 -0.000915951439271 -0.00678724693317 0.00506547740251 0.0316989230261 0.00601842670818 -0.00525754960266 0.0116465750196 -0.00443345072778 -0.013517163438 0.00420721584228 0.0112393251429 -0.00108241641139 0.00261241992117 -0.000507184956201 -0.00056146336434 0.00299685319115 -0.0031906746753 1.13939320728 -0.00756580738192 
0.00278111027976 0.0262247060111 0.0175037021091 0.0139695924986 0.0225383720317 0.0258361238907 0.00316603623369 0.0216997339311 0.023111099566 0.0202655813624 0.0310142061562 0.0186920323129 0.0321863419153 0.0229500871177 0.0125496586314 0.00958896197838 0.0214776552497 0.0233076064147 0.0282220914867 0.00963651252762 0.0141035456955 0.00159981682508 0.0247073168867 0.0200318545094 0.0136980319172 0.0203787198997 0.00908529527888 0.0342131994215 -0.00756580738192 0.21393072314 

['ESRX', 'WEN', 'BOL', 'ADBE', 'AVY', 'SPLS', 'WFT', 'ADM', 'AN', 'NE', 'LOW', 'MTG', 'TIF', 'SBUX', 'FDC', 'USB', 'IPG', 'BAC', 'JWN', 'SHLD', 'RIG', 'OXY', 'MOT', 'ZMH', 'PRU', 'GENZ', 'MCD', 'CC', 'FRX', 'PLL']