50
0.0131635076039 0.0448250845436 0.102128665084 0.118355026327 0.019144788815 0.0149217979249 0.0267221777707 0.0592302274211 0.132143501856 0.0549811443135 0.0276848810082 0.040534814632 0.0533286406295 0.185879968849 0.0634276035435 0.0210495138202 0.0404531955786 0.00873698993333 0.166074759161 0.050100863095 0.116988452624 0.148169679735 0.0449680709256 0.162626926374 0.0502759777883 0.0340754658053 0.0501483555771 0.0378384564622 0.0380825412642 0.135299445153 0.0602494739115 0.0752984700253 0.0479675113811 0.0439476996979 0.0610020106181 0.0373994541978 0.0297209295042 0.0135350028622 0.0220926651793 0.0388241127613 0.022369934908 0.0716450377603 0.0153161335694 0.0426672552596 0.0168064994581 0.02392892696 0.0936509155003 0.026417897889 0.128222495688 0.0330111524363 
0.14435906902 0.0110821211349 0.00694954054008 0.0099541693771 0.016487262114 0.00528045369733 0.0392839798205 0.000675333463744 0.0176664936852 -0.00258343414301 0.0248418825271 0.0124051774188 0.0225503908085 0.0131709632946 0.0133972406471 0.0208854257112 -0.00392698350025 0.0116108913049 0.00568768679082 0.0044563720043 0.00139646725288 0.0150283619686 0.0215233389469 0.0239796977177 0.0255282104099 0.0178938195975 0.0117842348241 0.00489802669612 0.00298966762641 0.0217256148556 0.0150603506187 0.0073824830577 0.0142539605051 -0.00899853435739 0.00268505852978 0.00859088916973 0.00580685738827 0.0168310780871 0.0444930385158 0.00243661065502 0.0115697299009 0.0113334290022 0.0516616288096 0.0283924173509 0.0108428062922 0.000674063065796 -0.00392593778915 -0.00759416149487 0.015954437089 0.00180984838593 
0.0110821211349 0.241636759169 0.0149049580917 0.0348768557529 0.0373549261292 0.0121849571717 0.0139610167452 0.0168127481321 0.00246634962906 0.000675323477045 0.0178474395377 -0.0118309973563 -0.00436677274802 0.0226526506671 0.0123144980709 0.00928573014642 0.0152165000279 0.0071541088525 0.0268726975419 0.0192309091943 0.0231785419278 0.0101158625633 0.0195558526867 0.00129726132746 0.00726876894896 0.00536982287552 0.0206537113837 0.00163251088614 0.00582460900228 -0.00830774976394 0.0231983704492 0.0139487212654 0.0245930028483 0.0121298859389 0.0114719606674 0.0284061766171 0.0148126141038 0.0141418397972 0.000678285502446 0.0290345583428 0.0116222385663 -0.00268301652774 0.00781003781815 0.014580186726 0.0122802567681 0.0200085224353 0.0326887346559 0.0271987202604 0.0379603329558 0.0481569624454 
0.00694954054008 0.0149049580917 0.678287182032 0.0170411022306 0.0261542132851 0.03425167268 0.00273509106486 0.00329103761689 0.0110650347301 0.0107082222646 0.00705242112306 0.00123467052587 0.0254404042505 0.046170643248 0.0330080846404 0.00473206692022 0.0372299186747 -0.00188551040612 0.0600651714466 0.0179749012014 0.0282542207568 0.0561346176366 -0.00153460411252 -0.00938392003639 0.00762312917444 -0.00174848291813 0.0251641848742 0.00234641104824 0.0237845953617 0.0554405362592 0.0194589774682 0.0178893142558 0.0206690693525 0.00639476333986 0.036576735836 0.0162318374098 -0.00285127506745 0.0179070993645 -0.0114357367437 0.0169054627847 0.0241467866514 0.0158675199054 -0.00211826640876 0.0058736076604 0.00458234102757 0.0118779774231 0.0377694909474 0.0143251281001 0.0501293577599 0.00980546445151 
0.0099541693771 0.0348768557529 0.0170411022306 0.572737571342 0.0288996100046 0.0321408732006 0.0155952832326 0.00670370807232 0.0138494208487 0.00634662829488 0.0354877770456 -0.00845121525665 0.0048400082021 0.00796624902919 0.00856705773885 0.00435394368872 0.022538237937 0.0117062915078 0.000493088027248 0.0146370658422 0.0218096531664 0.0423252634136 -0.000948288064838 0.00275092748045 0.0158202053614 0.00861502328172 0.0183781775883 0.0182255201193 0.012574783546 0.00953958929914 0.0101183188797 0.0342044877597 0.0140391582219 0.019127070144 0.0369816556829 0.0215696501181 0.00280041689102 0.0158501633207 0.00797790564664 0.0146996741486 0.0171770790251 -0.0123145242072 0.0199897228394 0.0203120374374 0.0122477186679 0.0372943956603 0.051071228332 0.0264224297913 0.0228578122432 0.0345415860332 
0.016487262114 0.0373549261292 0.0261542132851 0.0288996100046 0.203510716285 0.0356861621644 0.0209901491637 0.0183887141582 0.000990801579736 0.00290457942733 0.0221594158888 0.0037391932947 0.0142455187556 0.028771208003 0.0155910310482 -0.00270997657494 0.0107870259234 0.0136593654926 0.0350924773039 0.0118951431619 0.0396096920816 0.0238246870634 0.021408576198 0.00649431591519 0.0038899384168 0.000203245079932 0.0224553420155 0.0155412736916 0.00973652010542 0.00656636912592 0.0437067876303 0.0222105234203 0.0228175018596 0.0182727054503 0.00637217820927 0.0341204667152 0.00378551242521 0.018351674259 0.00722642925149 0.0175829038419 0.0190420433881 0.00756733744461 0.00994456846219 0.0213891994088 0.004911482164 0.0459839188154 0.0446966211626 0.0222487483652 0.0410015226299 0.0848569254207 
0.00528045369733 0.0121849571717 0.03425167268 0.0321408732006 0.0356861621644 0.320171661306 0.00931924821367 0.0197657835679 0.00650687412499 0.0264840249897 0.0376551795651 -0.0227003952752 0.0265759735207 0.0117110054515 0.0135288771864 0.0219150253117 0.00649982961471 0.00587024421269 0.0173482422314 0.0223748718545 -0.00275977246017 0.023422837514 0.0118942899827 -0.00720339444524 0.00754821585333 -0.00112059372278 0.028298502673 0.00831029381673 0.0205708434935 0.014444506714 0.014182370286 0.0275479321599 0.0355697360991 0.00483611328222 0.0254586886935 0.0176065569299 -0.000802474524995 0.0146545410023 0.000664732397768 0.0091251234231 0.0317799896002 0.0232524574915 0.0109446305248 0.0186706506331 0.0101982400624 0.0279942185312 0.0278878614371 0.0150417336185 0.0477774381768 0.035490336255 
0.0392839798205 0.0139610167452 0.00273509106486 0.0155952832326 0.0209901491637 0.00931924821367 0.167641168195 0.010020753068 0.0262975871383 0.00817971468038 0.0176002057793 0.0383948624732 0.0105103706669 0.0256318559674 0.0185888570183 0.0123899516408 0.0206215139109 0.0159938478265 0.0308434714539 0.0160607492003 0.0192084354312 0.00587809537096 0.0253414187067 0.0369392573726 0.0289126300243 0.00829894397867 0.017003259966 0.060059312717 0.00717185179291 0.0390347707763 0.0188127077251 0.0158412894612 0.0117230447875 0.00345851172202 0.0112317263637 0.0163854847584 0.0064513931165 0.0186113796664 0.0201682317406 0.0109538705046 0.00758135232976 0.00354896929166 0.0304759505606 0.0308754285183 0.0271744360313 0.0029837901203 0.0103143069347 0.00895107391853 0.0268813402301 0.0307599430761 
0.000675333463744 0.0168127481321 0.00329103761689 0.00670370807232 0.0183887141582 0.0197657835679 0.010020753068 0.332336706497 0.00454986296657 0.030917573129 0.0256067117399 0.0347298617319 0.0122733407268 0.0170503829969 0.0367100822629 0.00608342916308 0.0275534468821 0.00905009827687 0.0158509181162 0.0189818076089 0.0276423307756 0.00725860596792 0.0205160098739 0.0335732792595 0.00911471665686 0.00590379683862 0.0040732091086 0.0157540315561 0.0186222311671 0.00400736788502 0.0726146171867 -0.00371291813117 0.0206818426762 0.015745487078 0.00193962782677 0.0393136642101 0.0146513989701 0.0165169948416 0.012838132481 0.0137762380672 0.0190406391451 0.0136257866742 0.00536460528054 0.0178136676681 0.000388222524234 0.00677520753637 0.0150562060082 0.0132085132961 0.00384630901412 0.0152944564099 
0.0176664936852 0.00246634962906 0.0110650347301 0.0138494208487 0.000990801579737 0.00650687412499 0.0262975871383 0.00454986296657 0.436418308009 0.0421387452422 0.00583386813281 0.0229034960891 0.0041612004593 0.0745290693726 0.0381060803609 0.0142887026517 0.0334492812275 -0.00015093934524 0.0784898821901 0.0223672625437 0.0638991219336 0.0380427483348 0.00711877449452 0.0647441149879 0.00625125469119 0.0114937408002 0.0279514602858 0.0572166539589 -0.000682922297229 0.19929589304 0.0105791678654 0.0406662937583 0.0251339819189 0.0106625394866 0.0322318101342 0.00547179603277 0.0147358708006 0.000961696035528 0.0134150545769 0.0156233013228 -0.00255041343874 0.00726226699139 0.00604920192038 0.0105681128462 -0.00241603729522 0.00863253151971 0.0310172628345 0.00858108022655 0.0236525958366 -0.00308547765886 
-0.00258343414301 0.000675323477045 0.0107082222646 0.00634662829488 0.00290457942733 0.0264840249897 0.00817971468038 0.030917573129 0.0421387452422 0.437448247946 0.00159738633733 0.00724679025212 -0.00245702153729 0.0240785486921 -0.00335304978844 -0.00267866889883 0.0338645931723 0.0110556191937 0.0643074969127 0.0110629428571 0.0163063467769 0.00987614797139 -0.0119481503385 0.0154968364694 0.0104759314647 0.000410780412914 0.0326547096258 0.00897986703937 0.0160727746702 -0.0116449166056 0.0120419805799 0.0189010794292 0.0168183020048 0.018640169887 0.00109812607448 0.0116275259441 0.0133033086321 0.01271568663 -0.0103855595073 0.0143930857196 0.0305750535946 0.0155118434372 0.00235941000249 0.0109156030453 0.0108920938411 0.00755051354773 0.0165802417892 -0.00682490991868 0.0430438843314 0.0147262060069 
0.0248418825271 0.0178474395377 0.00705242112306 0.0354877770456 0.0221594158888 0.0376551795651 0.0176002057793 0.0256067117399 0.00583386813281 0.00159738633733 0.249901950829 0.00238168301433 0.0105198392983 0.0131805566225 0.00399192826433 0.0153043027086 0.0120358164864 0.00925636589034 0.0486423293502 0.0163953782625 0.0347631806736 0.00676473891254 0.0120122633531 0.0118874302347 0.00755351236775 0.000971998611357 0.00922378248479 -0.0043478928275 0.0225226469285 0.00405801302115 0.0113950795264 0.0274907824415 0.0308077046376 0.00729507643343 0.0252373610921 0.0237513002274 0.0244731225913 0.0145585392068 0.00964921522329 0.0173845915522 0.0110771811247 -0.00296910487799 0.00904557723274 0.0378379631959 0.012587146352 0.00662393111226 0.036898394204 0.0149141955533 0.00691950229038 0.012930737736 
0.0124051774188 -0.0118309973563 0.00123467052587 -0.00845121525665 0.0037391932947 -0.0227003952752 0.0383948624732 0.0347298617319 0.0229034960891 0.00724679025212 0.00238168301433 0.530722035921 0.00400912432586 0.00683491804014 -0.00324706481109 -0.00171678008279 0.00927628416374 0.00967429352266 -0.00567885696193 0.00102642158434 0.00859068767443 0.0191971230242 0.0118209131897 0.0050660955216 -0.00423300802616 0.00380225875334 0.000876249255448 0.0175389784826 0.0317834659567 0.0138214968941 0.00154314396851 -0.00801449853177 0.00240686602254 0.00316366327561 0.00339433546601 0.00155770994264 -0.00266895152357 -0.00230917390596 0.0223155362437 -0.00415452692544 0.00383131058302 -0.0018499175584 0.00856922194344 0.00873094788795 0.00935824021908 0.00373455181523 -0.00617548255096 -0.00170018114885 -0.0076173618515 -0.00659512732356 
0.0225503908085 -0.00436677274802 0.0254404042505 0.0048400082021 0.0142455187556 0.0265759735207 0.0105103706669 0.0122733407268 0.0041612004593 -0.00245702153729 0.0105198392983 0.00400912432586 0.262343922246 0.0265132811509 0.0144781056002 0.0151177581049 0.0151004877584 0.0179965347014 0.0367675621395 0.0198894782009 0.0243913290315 0.00742176836348 0.0128767312147 0.0126111946432 0.0113563470319 0.0188977116847 0.0200610675647 -0.00120862178705 0.00641666483703 -0.00110837728997 0.0200203292141 0.0300683488923 0.0200924049714 0.0177730343005 0.00156935184783 0.0184892891775 0.00277115015363 0.012645394903 0.0249613033493 0.0119669692412 0.0105326717367 0.0202461213077 0.00362499979226 0.010488423968 0.0117675139362 0.00823255936892 0.016741405811 0.0186220683767 0.019597104937 0.0123369697786 
0.0131709632946 0.0226526506671 0.046170643248 0.00796624902919 0.028771208003 0.0117110054515 0.0256318559674 0.0170503829969 0.0745290693726 0.0240785486921 0.0131805566225 0.00683491804014 0.0265132811509 0.60520484288 0.0361858524538 0.00541558512586 0.0765665891353 0.0161685292937 0.197718697292 0.0660131208864 0.0773283416724 0.0224620489967 0.0264701542963 0.0437993630822 0.0117737915133 0.0251845285603 0.0397535054633 0.0152142901767 0.010688116606 0.0893341561444 0.0393974296203 0.0694226121524 0.0344576418049 0.00515599269713 0.0354711418027 0.00742772218825 0.00507552221636 0.0238087795786 0.0260970796806 0.0172372145684 0.0441518629802 -0.00392513699574 0.0159129510886 0.0200512160597 0.00747258797859 0.020145901596 0.0416657267345 0.0656555089472 0.0254834952766 0.0224185605854 
0.0133972406471 0.0123144980709 0.0330080846404 0.00856705773885 0.0155910310482 0.0135288771864 0.0185888570183 0.0367100822629 0.0381060803609 -0.00335304978844 0.00399192826433 -0.00324706481109 0.0144781056002 0.0361858524538 0.378070364286 0.0249662415393 0.0216508718805 0.0132308888829 0.0551820642071 0.02346894505 0.0597443795062 0.0338035898214 0.0189239944657 0.00652093873214 0.00561591225862 0.0148181237814 0.0109871617932 0.0409642113498 0.0207786391642 0.0299384828929 0.0405635407688 0.0394080630867 0.0234684463178 0.00011562434548 0.0163337356474 -0.000130363738478 -0.00413222771262 0.0150548555325 0.0167900632099 0.0225141853748 0.00784374774215 0.0390177618379 0.0145814576314 0.0250270646745 0.0123179335434 0.0156348511805 0.0123194131862 0.0135030717245 0.0352680818836 0.014933595882 
0.0208854257112 0.00928573014642 0.00473206692022 0.00435394368872 -0.00270997657494 0.0219150253117 0.0123899516408 0.00608342916308 0.0142887026517 -0.00267866889883 0.0153043027086 -0.00171678008279 0.0151177581049 0.00541558512586 0.0249662415393 0.323848928942 0.0026828445578 -0.00705195389895 0.0159168666746 0.00737656654394 0.00600359885255 0.0269974317957 0.0153733230639 0.0113934197199 0.00283911220492 0.0100038978118 0.00665919234381 -0.00177608569387 0.0166283470663 -0.00879942555762 0.00721230934345 0.0242938569452 0.0135678760128 0.0103794024831 0.000800669619527 0.01517056813 0.0132376284976 0.0132769264356 0.0204967273306 0.016594182801 0.0146222106131 0.0105683173347 0.0110707809475 0.0112417758854 -0.00426010958736 0.0105933280139 0.0123033536921 0.0033109511734 0.0434205104325 0.00151609209345 
-0.00392698350025 0.0152165000279 0.0372299186747 0.022538237937 0.0107870259234 0.00649982961471 0.0206215139109 0.0275534468821 0.0334492812275 0.0338645931723 0.0120358164864 0.00927628416374 0.0151004877584 0.0765665891353 0.0216508718805 0.0026828445578 0.336146209408 0.00507912091182 0.0584332188474 0.0229978782607 0.0446492354818 0.0162408135423 0.00591712269589 0.0146983603766 -0.0126091328978 0.00045126445518 0.0286938377667 -0.00330658995215 0.0225722076367 0.0269586408524 0.00651693818741 0.0202715360289 0.0209969470176 -0.00147358397719 0.00356776948018 0.0133362168478 -0.00118173422826 0.016520079278 0.00455611304596 0.0160154586686 0.0283503919072 0.0117751459203 0.0120411218175 0.0138109357198 0.012503855568 0.0246021545743 0.0107538671232 0.0509636569849 0.0282710398836 0.0500340506425 
0.0116108913049 0.0071541088525 -0.00188551040612 0.0117062915078 0.0136593654926 0.00587024421269 0.0159938478265 0.00905009827687 -0.00015093934524 0.0110556191937 0.00925636589034 0.00967429352266 0.0179965347014 0.0161685292937 0.0132308888829 -0.00705195389895 0.00507912091182 0.109512832791 0.0256509431832 0.00664769702805 0.00969985935106 -0.00200045247057 0.00867353695645 0.0120384434598 0.0114164162516 0.012808230445 0.0159962469249 0.0132328206799 0.00919908495346 0.0062283225111 0.00508164583792 0.0121499065531 0.0153501294642 -5.2750114276e-05 0.00242466483097 0.0167119664266 0.00657228414175 0.0119845547524 0.00533755819271 0.012214318524 0.0108829508537 0.00764943392306 0.0129005572926 0.0142431390324 0.0203753637348 0.00736413845529 0.013585552354 0.00377480974807 0.0132357056465 0.0159704883096 
0.00568768679082 0.0268726975419 0.0600651714466 0.000493088027248 0.0350924773039 0.0173482422314 0.0308434714539 0.0158509181162 0.0784898821901 0.0643074969127 0.0486423293502 -0.00567885696193 0.0367675621395 0.197718697292 0.0551820642071 0.0159168666746 0.0584332188474 0.0256509431832 0.460499035108 0.0507236217324 0.0536936158751 0.0310279071331 0.022849846911 0.023641505899 0.0197011074479 0.0185121829648 0.0416651914608 0.0188247002495 0.0317607197283 0.0810333984074 0.0268825796553 0.0452336238948 0.0334402827099 -0.00394447652641 0.0317545839306 0.038383391803 -0.00359714077618 0.0249029792457 0.00284659223983 0.0105016640097 0.0262681354662 0.0153309240996 0.0131984061192 0.0282321497794 0.00914930303303 0.0215981840452 0.0338508081211 0.0347495050652 0.0693874595551 0.0142455355831 
0.0044563720043 0.0192309091943 0.0179749012014 0.0146370658422 0.0118951431619 0.0223748718545 0.0160607492003 0.0189818076089 0.0223672625437 0.0110629428571 0.0163953782625 0.00102642158434 0.0198894782009 0.0660131208864 0.02346894505 0.00737656654394 0.0229978782607 0.00664769702805 0.0507236217324 0.298736210405 0.0177067941121 -0.0152180301564 0.00566229937171 -0.00721459352078 0.0289027871639 0.00903366767062 0.047766178538 0.00850657448888 0.0136329893391 0.0313025794207 0.0034506706964 -0.0112707215279 0.0301849537045 0.0157229469667 0.00296206008836 0.012118464698 0.0105398827457 0.0216136173582 0.0114095459093 0.0208069141164 0.0234264937371 0.0117504212029 0.00401656852099 0.0265537762223 0.00796058235477 0.0102178966002 0.0199038089274 0.0264756036002 0.0366240399217 0.0112445765148 
0.00139646725288 0.0231785419278 0.0282542207568 0.0218096531664 0.0396096920816 -0.00275977246018 0.0192084354312 0.0276423307756 0.0638991219336 0.0163063467769 0.0347631806736 0.00859068767443 0.0243913290315 0.0773283416724 0.0597443795062 0.00600359885255 0.0446492354818 0.00969985935106 0.0536936158751 0.0177067941121 0.457857132337 0.0311905256525 0.00755848698358 0.00844143218372 0.0271491579389 0.00221116092945 0.0461086240951 0.00451683863424 0.0182485146581 0.0441039852733 0.0254353795188 0.0381650902264 0.0273533084717 0.00352759667547 0.00644324424917 0.0180951731393 0.00832199364234 0.018628070941 0.00331010871693 0.0355957245065 0.00792105088179 -0.00457807757896 0.00585661482716 0.0242647528702 0.0112822704795 0.0416050977765 0.0415020583286 0.0472094863267 0.0387913710768 0.0413124642374 
0.0150283619686 0.0101158625633 0.0561346176366 0.0423252634136 0.0238246870634 0.023422837514 0.00587809537096 0.00725860596792 0.0380427483348 0.00987614797139 0.00676473891254 0.0191971230242 0.00742176836348 0.0224620489967 0.0338035898214 0.0269974317957 0.0162408135423 -0.00200045247057 0.0310279071331 -0.0152180301564 0.0311905256525 0.465425486667 0.00521221040006 0.0177811668014 0.0307843506721 0.0103376588406 0.0065486814716 -0.00407288645221 0.0272114941833 0.0236963344642 0.0201129384229 8.42639701495e-05 0.000775979614908 0.0244900958998 0.00805297930039 0.0213894119364 0.00488939270307 0.0165939320711 0.0137288322182 0.0105479753659 0.009721642049 0.00765879130359 0.0210631296809 -0.00112869874612 0.00820442831865 0.0112136139845 0.0297418626967 0.0176803799821 0.0535703538817 0.0245717929568 
0.0215233389469 0.0195558526867 -0.00153460411252 -0.000948288064838 0.021408576198 0.0118942899827 0.0253414187067 0.0205160098739 0.00711877449452 -0.0119481503385 0.0120122633531 0.0118209131897 0.0128767312147 0.0264701542963 0.0189239944657 0.0153733230639 0.00591712269589 0.00867353695645 0.022849846911 0.00566229937171 0.00755848698358 0.00521221040006 0.192015180593 0.00385180105717 0.012578814408 0.0122134087387 0.0118236810939 -0.00123840451601 0.0231135414943 0.0223669658003 0.0217297802709 0.0194756874052 0.0237625836195 0.016192469623 0.0125326241554 0.0238342665911 0.00176309007741 0.0163352035362 0.0165393371236 0.00336709965669 0.0112369878365 0.024233509589 0.0121432555845 0.0184097528219 0.0107095912745 0.0143057829456 0.0121222758344 0.00623032619572 0.0115285778518 0.021007971379 
0.0239796977177 0.00129726132746 -0.00938392003639 0.00275092748045 0.00649431591519 -0.00720339444524 0.0369392573726 0.0335732792595 0.0647441149879 0.0154968364694 0.0118874302347 0.0050660955216 0.0126111946432 0.0437993630822 0.00652093873214 0.0113934197199 0.0146983603766 0.0120384434598 0.023641505899 -0.00721459352078 0.00844143218372 0.0177811668014 0.00385180105717 1.12302390853 0.0282308987651 0.0109442584928 0.00573369970503 0.0134301611907 0.00546657101795 0.067421767642 0.00813330399085 0.0112605055944 0.0173886094738 0.0105160211339 0.0116036319608 0.0117500809744 -0.00882290539704 0.0107269581314 0.0235597705251 -0.00497462320104 0.0356912414932 0.0424109630174 0.0203612332415 -0.00127889054779 -0.00217827605608 -0.00886205047284 -0.0103946482921 0.0391501060088 0.00450802446679 0.0155150548743 
0.0255282104099 0.00726876894896 0.00762312917444 0.0158202053614 0.0038899384168 0.00754821585333 0.0289126300243 0.00911471665686 0.00625125469119 0.0104759314647 0.00755351236775 -0.00423300802616 0.0113563470319 0.0117737915133 0.00561591225862 0.00283911220492 -0.0126091328978 0.0114164162516 0.0197011074479 0.0289027871639 0.0271491579389 0.0307843506721 0.012578814408 0.0282308987651 0.263710652715 -0.00312370552579 0.0249127724581 0.0133105836568 -8.68935059771e-05 0.0114284524453 0.0108776409901 0.0156656198375 0.0325280125725 0.0131177803094 0.0163142870869 0.0134340649056 0.0133274162098 -0.00197840751462 0.016015343516 0.0143422852315 0.00675764265319 0.0242607340375 0.0247130008225 0.0255234246527 0.0106858822368 0.0134553659093 0.0111219868221 0.0132231691277 0.0358663186848 0.0144982400434 
0.0178938195975 0.00536982287552 -0.00174848291813 0.00861502328172 0.000203245079932 -0.00112059372278 0.00829894397867 0.00590379683862 0.0114937408002 0.000410780412914 0.000971998611357 0.00380225875334 0.0188977116847 0.0251845285603 0.0148181237814 0.0100038978118 0.00045126445518 0.012808230445 0.0185121829648 0.00903366767062 0.00221116092945 0.0103376588406 0.0122134087387 0.0109442584928 -0.00312370552579 0.185357811065 0.0046562963263 0.0111131703386 0.00913309816516 0.00811471504044 0.0076257354211 0.00626038943186 -0.00275651618338 0.00663141476604 0.00304174886169 0.0110187705074 0.00554042111134 0.0132499484947 0.0119932137991 0.0104270560721 0.0172420230995 -0.000303199054136 0.0120984330786 0.013216658711 0.00313993861566 0.00637271422023 0.00372844132051 0.0104736188517 0.0140016197712 0.00684025569233 
0.0117842348241 0.0206537113837 0.0251641848742 0.0183781775883 0.0224553420155 0.028298502673 0.017003259966 0.0040732091086 0.0279514602858 0.0326547096258 0.00922378248479 0.000876249255448 0.0200610675647 0.0397535054633 0.0109871617932 0.00665919234381 0.0286938377667 0.0159962469249 0.0416651914608 0.047766178538 0.0461086240951 0.0065486814716 0.0118236810939 0.00573369970503 0.0249127724581 0.0046562963263 0.259558913081 0.0185059543135 0.0173973383799 0.0377571246082 0.0182244155111 0.00911012029725 0.0209890956582 0.0037438355871 0.00170537214746 0.0221294507796 0.00680932110679 0.020948905309 0.00461363881064 0.0221166393892 0.0265509257221 0.0263786828479 0.00804261074942 0.0279299298884 0.0114213720022 0.00821126091285 0.0275166690985 0.0404018099231 0.020287975559 0.0208254143968 
0.00489802669612 0.00163251088614 0.00234641104824 0.0182255201193 0.0155412736916 0.00831029381673 0.060059312717 0.0157540315561 0.0572166539589 0.00897986703937 -0.0043478928275 0.0175389784826 -0.00120862178705 0.0152142901767 0.0409642113498 -0.00177608569387 -0.00330658995215 0.0132328206799 0.0188247002495 0.00850657448888 0.00451683863424 -0.00407288645221 -0.00123840451601 0.0134301611907 0.0133105836568 0.0111131703386 0.0185059543135 0.46501504137 0.00708050769338 0.0317231379006 0.00268221899508 0.00378641127922 -0.00164960043101 -0.0117731092277 0.00894794179059 0.00220128575618 -0.00696601457612 0.0135586653371 -0.000906414886349 0.0195225213765 -0.00963920711537 -0.0137649737942 0.0117795047455 0.0113252648654 0.00977259841564 -0.00105288959236 0.00809256721587 -0.00528929043223 0.018157950824 0.00201684057882 
0.00298966762641 0.00582460900228 0.0237845953617 0.012574783546 0.00973652010542 0.0205708434935 0.00717185179291 0.0186222311671 -0.000682922297229 0.0160727746702 0.0225226469285 0.0317834659567 0.00641666483703 0.010688116606 0.0207786391642 0.0166283470663 0.0225722076367 0.00919908495346 0.0317607197283 0.0136329893391 0.0182485146581 0.0272114941833 0.0231135414943 0.00546657101795 -8.68935059769e-05 0.00913309816516 0.0173973383799 0.00708050769338 0.250239333577 0.0165954548595 0.00428644630668 0.0261160763053 -0.00888962984141 0.00978227986365 0.0229947112718 -0.000214009117394 0.0145485872561 0.0127351778917 0.0042852267799 0.0100505751458 0.0124407977296 0.00964882770864 0.00724787666391 0.00517520671903 0.0121471103246 0.00716112911186 0.0275263134915 0.00962213889325 0.0242742814653 0.00858798112352 
0.0217256148556 -0.00830774976394 0.0554405362592 0.00953958929914 0.00656636912592 0.014444506714 0.0390347707763 0.00400736788502 0.19929589304 -0.0116449166056 0.00405801302115 0.0138214968941 -0.00110837728997 0.0893341561444 0.0299384828929 -0.00879942555762 0.0269586408524 0.0062283225111 0.0810333984074 0.0313025794207 0.0441039852733 0.0236963344642 0.0223669658003 0.067421767642 0.0114284524453 0.00811471504044 0.0377571246082 0.0317231379006 0.0165954548595 0.50319999566 0.0156245180289 0.0454758423333 0.0491514467168 0.0117542266127 0.0577320990386 0.0156999521773 -0.00295186098526 0.0126371470774 0.0259623075218 0.00749038264663 0.000701297001943 0.014113199178 0.0201034308227 0.0182850742197 0.00382323989828 0.00611586513444 0.0209360069656 0.0140253152523 0.0284761169149 0.00778443996652 
0.0150603506187 0.0231983704492 0.0194589774682 0.0101183188797 0.0437067876303 0.014182370286 0.0188127077251 0.0726146171867 0.0105791678654 0.0120419805799 0.0113950795264 0.00154314396851 0.0200203292141 0.0393974296203 0.0405635407688 0.00721230934345 0.00651693818741 0.00508164583792 0.0268825796553 0.0034506706964 0.0254353795188 0.0201129384229 0.0217297802709 0.00813330399085 0.0108776409901 0.0076257354211 0.0182244155111 0.00268221899508 0.00428644630668 0.0156245180289 0.291216374159 0.0311007762964 0.0113170512443 0.000427312656911 0.0194393776638 0.0246851742278 0.0198509732833 0.0136669743284 0.0108321686502 0.0215100976393 0.0169311057579 0.0048964173662 0.0197322830121 0.0217893678345 0.0154348795728 0.012246710023 0.0511135313134 0.0112498011469 0.0306744847419 0.0242125191275 
0.0073824830577 0.0139487212654 0.0178893142558 0.0342044877597 0.0222105234203 0.0275479321599 0.0158412894612 -0.00371291813117 0.0406662937583 0.0189010794292 0.0274907824415 -0.00801449853177 0.0300683488923 0.0694226121524 0.0394080630867 0.0242938569452 0.0202715360289 0.0121499065531 0.0452336238948 -0.0112707215279 0.0381650902264 8.42639701496e-05 0.0194756874052 0.0112605055944 0.0156656198375 0.00626038943186 0.00911012029725 0.00378641127922 0.0261160763053 0.0454758423333 0.0311007762964 0.483451207254 0.0179640616423 0.0142325852686 0.024150158523 0.00981846804965 0.0217921640295 0.00608731531579 0.0237370863807 0.0340073201914 0.0171212265047 0.0281965291511 0.0179868593372 0.00171835054463 0.0110753167915 0.0117309791069 0.0327296711558 0.0301857191524 0.0343272411447 0.00651665182496 
0.0142539605051 0.0245930028483 0.0206690693525 0.0140391582219 0.0228175018596 0.0355697360991 0.0117230447875 0.0206818426762 0.0251339819189 0.0168183020048 0.0308077046376 0.00240686602254 0.0200924049714 0.0344576418049 0.0234684463178 0.0135678760128 0.0209969470176 0.0153501294642 0.0334402827099 0.0301849537045 0.0273533084717 0.000775979614907 0.0237625836195 0.0173886094738 0.0325280125725 -0.00275651618338 0.0209890956582 -0.00164960043101 -0.00888962984141 0.0491514467168 0.0113170512443 0.0179640616423 0.331444956203 0.00813237679774 0.0331321067455 0.0245231078675 0.01354529523 0.0151937775253 0.026844716321 0.0156699011732 0.0226468555056 0.0179147793606 0.00233707423158 0.0164699503897 0.0109464301453 0.00629128697117 0.040475655966 0.0227735509448 0.03634394006 0.0203259868428 
-0.00899853435739 0.0121298859389 0.00639476333986 0.019127070144 0.0182727054503 0.00483611328222 0.00345851172202 0.015745487078 0.0106625394866 0.018640169887 0.00729507643343 0.00316366327561 0.0177730343005 0.00515599269713 0.00011562434548 0.0103794024831 -0.00147358397719 -5.27501142762e-05 -0.00394447652641 0.0157229469667 0.00352759667547 0.0244900958998 0.016192469623 0.0105160211339 0.0131177803094 0.00663141476604 0.0037438355871 -0.0117731092277 0.00978227986365 0.0117542266127 0.000427312656911 0.0142325852686 0.00813237679774 0.18758512698 0.0134149414527 0.0138576487521 0.00409304117479 0.000147693104771 0.00370640596411 0.00272253921769 0.00943300532154 -0.00462096653762 0.000717338888298 0.00980333320276 0.0155472804781 0.0131117118436 0.0119188342461 -0.000375283577314 0.0137849186207 0.0160521563842 
0.00268505852978 0.0114719606674 0.036576735836 0.0369816556829 0.00637217820927 0.0254586886935 0.0112317263637 0.00193962782677 0.0322318101342 0.00109812607448 0.0252373610921 0.00339433546601 0.00156935184783 0.0354711418027 0.0163337356474 0.000800669619527 0.00356776948018 0.00242466483097 0.0317545839306 0.00296206008836 0.00644324424917 0.00805297930039 0.0125326241554 0.0116036319608 0.0163142870869 0.00304174886169 0.00170537214746 0.00894794179059 0.0229947112718 0.0577320990386 0.0194393776638 0.024150158523 0.0331321067455 0.0134149414527 0.416093162196 0.0223171551592 0.00719092378645 0.00527981002065 0.0117648314065 0.0128169978791 -0.00692147268678 0.0324373288504 0.00179364061719 0.0187647232538 0.00653113258819 0.00100397655531 0.045575979121 0.0169596404144 0.0186485775116 0.0248454372503 
0.00859088916973 0.0284061766171 0.0162318374098 0.0215696501181 0.0341204667152 0.0176065569299 0.0163854847584 0.0393136642101 0.00547179603277 0.0116275259441 0.0237513002274 0.00155770994264 0.0184892891775 0.00742772218825 -0.000130363738478 0.01517056813 0.0133362168478 0.0167119664266 0.038383391803 0.012118464698 0.0180951731393 0.0213894119364 0.0238342665911 0.0117500809744 0.0134340649055 0.0110187705074 0.0221294507796 0.00220128575618 -0.000214009117394 0.0156999521773 0.0246851742278 0.00981846804965 0.0245231078675 0.0138576487521 0.0223171551592 0.312357663068 0.0176922008781 0.0136210213808 0.0114498097523 0.0168381979285 0.03336065445 0.0256647760737 0.00739338834683 0.0162032762736 0.00495866721518 0.019490236108 0.0407270086437 0.0191908670894 0.0302917814914 0.0322538880792 
0.00580685738827 0.0148126141038 -0.00285127506745 0.00280041689102 0.00378551242521 -0.000802474524995 0.0064513931165 0.0146513989701 0.0147358708006 0.0133033086321 0.0244731225913 -0.00266895152357 0.00277115015363 0.00507552221636 -0.00413222771262 0.0132376284976 -0.00118173422826 0.00657228414175 -0.00359714077618 0.0105398827457 0.00832199364234 0.00488939270307 0.00176309007741 -0.00882290539704 0.0133274162098 0.00554042111134 0.00680932110679 -0.00696601457612 0.0145485872561 -0.00295186098526 0.0198509732833 0.0217921640295 0.01354529523 0.00409304117479 0.00719092378645 0.0176922008781 0.219267878685 -0.00152936385952 2.35183595464e-05 0.0238219208005 0.00695227313931 0.00414109495444 -0.000207920181081 0.0141200173205 0.00582836157683 -0.000346885780036 0.0185442784242 0.00769535995114 0.00448506912597 0.00663856695673 
0.0168310780871 0.0141418397972 0.0179070993645 0.0158501633207 0.018351674259 0.0146545410023 0.0186113796664 0.0165169948416 0.000961696035528 0.01271568663 0.0145585392068 -0.00230917390596 0.012645394903 0.0238087795786 0.0150548555325 0.0132769264356 0.016520079278 0.0119845547524 0.0249029792457 0.0216136173582 0.018628070941 0.0165939320711 0.0163352035362 0.0107269581314 -0.00197840751462 0.0132499484947 0.020948905309 0.0135586653371 0.0127351778917 0.0126371470774 0.0136669743284 0.00608731531579 0.0151937775253 0.00014769310477 0.00527981002065 0.0136210213808 -0.00152936385952 0.199679715207 0.00223693981995 0.0202268567208 0.0214314779605 0.0229693400321 0.0115982313619 0.0127228497099 0.0185918435204 0.0101291190902 0.0185111228426 0.0117473122333 0.0172815557863 0.0337709407673 
0.0444930385158 0.000678285502447 -0.0114357367437 0.00797790564664 0.00722642925149 0.000664732397768 0.0201682317406 0.012838132481 0.0134150545769 -0.0103855595073 0.00964921522329 0.0223155362437 0.0249613033493 0.0260970796806 0.0167900632099 0.0204967273306 0.00455611304596 0.00533755819271 0.00284659223983 0.0114095459093 0.00331010871693 0.0137288322182 0.0165393371236 0.0235597705251 0.016015343516 0.0119932137991 0.00461363881065 -0.000906414886349 0.0042852267799 0.0259623075218 0.0108321686502 0.0237370863807 0.026844716321 0.00370640596411 0.0117648314065 0.0114498097523 2.35183595464e-05 0.00223693981995 0.227501863228 0.00319494050889 0.00892020157293 0.00130383213209 0.0344941610853 0.0215546322336 0.0124891472732 -9.12997705401e-05 0.000735146645212 0.00735795568336 0.0281751840516 0.000151978411902 
0.00243661065502 0.0290345583428 0.0169054627847 0.0146996741486 0.0175829038419 0.0091251234231 0.0109538705046 0.0137762380672 0.0156233013228 0.0143930857196 0.0173845915522 -0.00415452692544 0.0119669692412 0.0172372145684 0.0225141853748 0.016594182801 0.0160154586686 0.012214318524 0.0105016640097 0.0208069141164 0.0355957245065 0.0105479753659 0.00336709965669 -0.00497462320104 0.0143422852315 0.0104270560721 0.0221166393892 0.0195225213765 0.0100505751458 0.00749038264663 0.0215100976393 0.0340073201914 0.0156699011732 0.00272253921769 0.0128169978791 0.0168381979285 0.0238219208005 0.0202268567208 0.00319494050889 0.186348572345 0.0127811900417 -0.00178152442776 0.00537321326648 0.0142760559908 0.011203949733 0.0261860483149 0.0286155677301 0.0103170362697 0.00766895462414 0.0081999512321 
0.0115697299009 0.0116222385663 0.0241467866514 0.0171770790251 0.0190420433881 0.0317799896002 0.00758135232976 0.0190406391451 -0.00255041343874 0.0305750535946 0.0110771811247 0.00383131058302 0.0105326717367 0.0441518629802 0.00784374774215 0.0146222106131 0.0283503919072 0.0108829508537 0.0262681354662 0.0234264937371 0.00792105088179 0.009721642049 0.0112369878365 0.0356912414932 0.00675764265319 0.0172420230995 0.0265509257221 -0.00963920711537 0.0124407977296 0.000701297001943 0.016931105758 0.0171212265047 0.0226468555056 0.00943300532154 -0.00692147268678 0.03336065445 0.00695227313931 0.0214314779605 0.00892020157293 0.0127811900417 0.195705667881 0.0236952213147 0.0107735370348 0.0185476892347 0.0089623133059 0.0142707947321 0.0242972993891 0.0153910235445 0.0479398784176 0.0226935100336 
0.0113334290022 -0.00268301652774 0.0158675199054 -0.0123145242072 0.00756733744461 0.0232524574915 0.00354896929166 0.0136257866742 0.00726226699139 0.0155118434372 -0.00296910487799 -0.0018499175584 0.0202461213077 -0.00392513699574 0.0390177618379 0.0105683173347 0.0117751459203 0.00764943392306 0.0153309240996 0.0117504212029 -0.00457807757896 0.00765879130359 0.024233509589 0.0424109630174 0.0242607340375 -0.000303199054136 0.0263786828479 -0.0137649737942 0.00964882770864 0.014113199178 0.0048964173662 0.0281965291511 0.0179147793606 -0.00462096653762 0.0324373288504 0.0256647760737 0.00414109495444 0.0229693400321 0.00130383213209 -0.00178152442776 0.0236952213147 0.463794600943 0.00781203878164 0.00148715146488 0.0104225422152 -0.00126486511973 0.0289745807018 0.00778805041105 0.0129806092382 0.00311628041232 
0.0516616288096 0.00781003781815 -0.00211826640876 0.0199897228394 0.00994456846219 0.0109446305248 0.0304759505606 0.00536460528054 0.00604920192038 0.00235941000249 0.00904557723274 0.00856922194344 0.00362499979226 0.0159129510886 0.0145814576314 0.0110707809475 0.0120411218175 0.0129005572926 0.0131984061192 0.00401656852099 0.00585661482716 0.0210631296809 0.0121432555845 0.0203612332415 0.0247130008225 0.0120984330786 0.00804261074942 0.0117795047455 0.00724787666391 0.0201034308227 0.0197322830121 0.0179868593372 0.00233707423158 0.000717338888298 0.00179364061719 0.00739338834683 -0.000207920181081 0.0115982313619 0.0344941610853 0.00537321326648 0.0107735370348 0.00781203878164 0.138011665504 0.0277011327186 0.00574162487752 -0.00107238714741 0.00217554397149 -0.00523241049325 0.0219095020349 0.00701100297607 
0.0283924173509 0.014580186726 0.0058736076604 0.0203120374374 0.0213891994088 0.0186706506331 0.0308754285183 0.0178136676681 0.0105681128462 0.0109156030453 0.0378379631959 0.00873094788795 0.010488423968 0.0200512160597 0.0250270646745 0.0112417758854 0.0138109357198 0.0142431390324 0.0282321497794 0.0265537762223 0.0242647528702 -0.00112869874612 0.0184097528219 -0.00127889054779 0.0255234246527 0.013216658711 0.0279299298884 0.0113252648654 0.00517520671903 0.0182850742197 0.0217893678345 0.00171835054463 0.0164699503897 0.00980333320276 0.0187647232538 0.0162032762736 0.0141200173205 0.0127228497099 0.0215546322336 0.0142760559908 0.0185476892347 0.00148715146488 0.0277011327186 0.206539246079 0.0074450811095 0.0115700684398 0.0332080329052 0.0114680469539 0.027340947346 0.0127087762405 
0.0108428062922 0.0122802567681 0.00458234102757 0.0122477186679 0.004911482164 0.0101982400624 0.0271744360313 0.000388222524234 -0.00241603729522 0.0108920938411 0.012587146352 0.00935824021908 0.0117675139362 0.00747258797859 0.0123179335434 -0.00426010958736 0.012503855568 0.0203753637348 0.00914930303303 0.00796058235477 0.0112822704795 0.00820442831865 0.0107095912745 -0.00217827605608 0.0106858822368 0.00313993861566 0.0114213720022 0.00977259841564 0.0121471103246 0.00382323989828 0.0154348795728 0.0110753167915 0.0109464301453 0.0155472804781 0.00653113258819 0.00495866721518 0.00582836157683 0.0185918435204 0.0124891472732 0.011203949733 0.0089623133059 0.0104225422152 0.00574162487752 0.0074450811095 0.216808443368 0.0125138055093 0.0211541226905 0.00511557533901 0.00829827899883 0.0195539200019 
0.000674063065796 0.0200085224353 0.0118779774231 0.0372943956603 0.0459839188154 0.0279942185312 0.0029837901203 0.00677520753637 0.00863253151971 0.00755051354773 0.00662393111226 0.00373455181523 0.00823255936892 0.020145901596 0.0156348511805 0.0105933280139 0.0246021545743 0.00736413845529 0.0215981840452 0.0102178966002 0.0416050977765 0.0112136139845 0.0143057829456 -0.00886205047284 0.0134553659093 0.00637271422023 0.00821126091285 -0.00105288959236 0.00716112911186 0.00611586513444 0.012246710023 0.0117309791069 0.00629128697117 0.0131117118436 0.00100397655531 0.019490236108 -0.000346885780036 0.0101291190902 -9.129977054e-05 0.0261860483149 0.0142707947321 -0.00126486511973 -0.00107238714741 0.0115700684398 0.0125138055093 0.241967728741 0.0352489058287 0.0180641151878 0.0154869927862 0.0369141382979 
-0.00392593778915 0.0326887346559 0.0377694909474 0.051071228332 0.0446966211626 0.0278878614371 0.0103143069347 0.0150562060082 0.0310172628345 0.0165802417892 0.036898394204 -0.00617548255096 0.016741405811 0.0416657267345 0.0123194131862 0.0123033536921 0.0107538671232 0.013585552354 0.0338508081211 0.0199038089274 0.0415020583286 0.0297418626967 0.0121222758344 -0.0103946482921 0.0111219868221 0.00372844132051 0.0275166690985 0.00809256721587 0.0275263134915 0.0209360069656 0.0511135313134 0.0327296711558 0.040475655966 0.0119188342461 0.045575979121 0.0407270086437 0.0185442784242 0.0185111228426 0.000735146645212 0.0286155677301 0.0242972993891 0.0289745807018 0.00217554397149 0.0332080329052 0.0211541226905 0.0352489058287 0.44752121291 0.0601161924086 0.0458360004606 0.0600705550215 
