30
0.0486664598358 0.0486003975036 0.0384738749472 0.0267221777707 0.0223320424584 0.00361039022472 0.0391901687574 0.0276848810082 0.061476397973 0.0357981155146 0.0952881581377 0.0128714932266 0.0850489592031 0.101481112582 0.143584613331 0.0280903462606 0.0285507317948 0.0623593213805 0.0265727047954 0.10135047428 0.0722101641432 0.0698927007 0.0764707668379 0.107116270008 0.0359279599811 0.0246645675501 0.0629738483482 0.0296866664977 0.0383245101253 0.0192488530763 
0.318874266152 0.0228543626519 0.019990949748 0.0114269784441 -0.0074770464303 0.0193341134556 0.00707402800892 0.0147397035171 0.0358233477355 0.00526763651867 0.0261278145452 0.00961435723254 0.00817945937767 0.0128202057685 0.0119774930945 0.0066135359482 0.0204261549604 0.00236196558596 0.0146888431675 -0.0110122060802 0.0138445957803 0.0107037946713 0.0173316809174 0.00763017940444 0.0154232886927 0.00952466570331 0.0133955297572 0.0258486731355 0.0221975511188 0.00131835441409 
0.0228543626519 0.399536554613 0.00972173047634 0.00392542423155 0.0406637920073 0.00935897710592 0.0320023949673 0.00578199563603 0.024771291996 0.00624274047254 0.0254321106394 -0.000394641184712 0.0163468586377 0.0215683149708 0.00784804940332 0.0117960004177 0.0243781918477 0.00512918091645 0.0209392510005 0.0257924326399 0.0230355279386 0.00192027222829 0.0083095493355 0.0486707529512 0.0135710812345 0.00958633755647 0.0202977690751 0.015342661966 0.0119364806711 0.00701052538415 
0.019990949748 0.00972173047634 0.236084381531 0.0174443949139 0.0076026440965 0.00830174798309 0.02101775302 0.00379341788791 0.00707327940938 0.00291254798868 0.0301492210538 -0.00257339920568 0.0211548769717 0.0192331516513 0.0242843148241 0.0074090344502 0.00370691135681 0.0307926616783 0.00931518415937 0.00816217660012 0.0189216723369 0.0216121219945 0.0312837083561 0.00347796748011 0.0111075496263 0.0138536982838 0.0128201729325 0.0116585386836 -0.00850049927084 0.00520118952594 
0.0114269784441 0.00392542423155 0.0174443949139 0.187341357722 0.00768570050469 0.031690851409 0.0244353066883 0.0192855317382 0.0320261994728 0.0191661914342 0.0438187787806 0.00563635460095 0.0104133613601 0.00826430606699 0.0562616193338 0.0192083976988 0.0179027590621 0.0216801912374 0.025293607119 0.0140318911784 0.0117530616539 0.0160791664049 0.0201597369411 0.0208090046971 0.0240326555835 0.0330290081577 0.0269775757019 0.0309898498729 0.0228875592546 0.0210977069868 
-0.0074770464303 0.0406637920073 0.00760264409649 0.00768570050469 0.206492222668 0.0157666197506 0.00898493092161 0.00919293430638 0.00346850781576 0.00469492466493 0.0120903190213 0.00285186612017 0.0191554260626 0.00319547751315 0.00544615439539 0.00964636023831 -0.00139206675354 -0.00321137569385 0.00534172704885 0.00226589668535 0.0129604860071 -0.0103490039504 0.0125376263608 0.010431713564 0.00278981612117 0.00241320398053 0.00665795149742 0.00499912894595 -0.00539407020661 0.0224369897042 
0.0193341134556 0.00935897710592 0.00830174798309 0.031690851409 0.0157666197506 0.220571223218 0.00907995323587 0.0149532366149 0.0229901342522 0.0160647075593 0.0324575429757 0.00280942112699 0.0134819468494 0.0158647298852 -0.00340795833434 0.0196577420565 0.00759910933341 0.0228362540566 0.00627073833159 0.00658086386978 0.00745589142136 0.0115164063559 0.00973573043304 0.0138239170628 0.0123900086386 0.0135955935404 0.0125455593202 0.0121724843487 0.0465719848062 0.011887705459 
0.00707402800892 0.0320023949673 0.02101775302 0.0244353066883 0.00898493092161 0.00907995323587 0.203919777219 0.0114891979974 0.0184563852611 0.00697519105256 0.031214631996 0.00448514084455 0.00856204956567 0.00182080242644 0.00410145294489 0.0215096110149 0.011152908024 0.019557913613 0.0158252206879 0.0245887458848 0.0302526736182 0.0311871505423 0.021742051652 0.0272143939794 0.0396983627774 0.0110195602652 0.00892991868728 0.023547832849 0.0222982953101 0.00844475424321 
0.0147397035171 0.00578199563603 0.00379341788791 0.0192855317382 0.00919293430638 0.0149532366149 0.0114891979974 0.258161656726 0.0388613094159 0.0226328977257 0.0429595996314 0.00821968264574 0.0209791034949 -0.00984321485931 0.014238664502 0.0334319330859 0.00782680661053 0.023670380677 0.0106941604604 0.0274802939604 0.0246682544872 0.0271690683011 0.0338865079235 0.0272628923512 -0.00543665148935 0.0252712332119 -0.00288651832985 0.0422917193922 0.0187067084284 0.0108451754405 
0.0358233477355 0.024771291996 0.00707327940938 0.0320261994728 0.00346850781576 0.0229901342522 0.0184563852611 0.0388613094159 0.282386094036 0.0256588651791 0.0602594755413 0.00706949002868 0.0389791688084 0.0268869515666 0.0403315104808 0.0384730279844 0.0219903725821 0.0359064483555 0.0265224687222 0.0415123419864 0.0462418323103 0.0543282396147 0.0430130635074 0.0491128636248 0.0286460062825 0.0304570110261 0.0267461596331 0.0470795564105 0.0390553636053 0.0120186291246 
0.00526763651867 0.00624274047254 0.00291254798868 0.0191661914342 0.00469492466493 0.0160647075593 0.00697519105256 0.0226328977257 0.0256588651791 0.256173574397 0.0480500963838 0.0133637104835 0.022107664455 -0.00595865033052 0.0116310876008 0.0108402663904 0.0105945304277 0.0208817209921 0.0212045765334 0.0117768959573 0.0273701553401 0.0238393000193 0.030881205904 0.00969354022152 0.0123463824855 0.0304968605754 0.00942614132789 0.0297596433836 0.0369789063877 0.0262222314441 
0.0261278145452 0.0254321106394 0.0301492210538 0.0438187787806 0.0120903190213 0.0324575429757 0.031214631996 0.0429595996314 0.0602594755413 0.0480500963838 0.561066526553 -0.00298048250696 0.0474285678789 0.0171233888895 0.0763811842061 0.0384529983123 0.0311483678406 0.0594335954206 0.0338371339354 0.0520412561456 0.0456589856496 0.034942775627 0.0793065006824 0.0622278157093 0.0166276501843 0.041143230575 0.0288098253919 0.0443946699931 0.0583673861093 0.00272584148765 
0.00961435723254 -0.000394641184713 -0.00257339920568 0.00563635460095 0.00285186612017 0.00280942112699 0.00448514084455 0.00821968264574 0.00706949002869 0.0133637104835 -0.00298048250696 0.227087449636 0.0112816910096 0.0252889444431 0.0125976450407 0.00472682984062 0.004254621071 -0.000145947603027 -0.00254274918 -0.00579202455627 -0.0205220375453 0.00765813099206 0.00794224689135 0.00414225597572 0.0100551843011 0.0113443382373 -0.00339882750684 0.02024173374 0.019893476939 0.00557377230591 
0.00817945937767 0.0163468586377 0.0211548769717 0.0104133613601 0.0191554260626 0.0134819468494 0.00856204956567 0.0209791034949 0.0389791688084 0.022107664455 0.0474285678789 0.0112816910096 0.722068682678 -0.00207789846135 0.0684966210108 0.00976164057766 0.0142496152415 0.0366156133077 0.0149656260088 0.0408858276404 0.0403497277278 0.0404739153218 0.0572539545015 0.026819762742 0.0173987729584 0.0177506407082 0.0145066536374 0.0253605925695 0.019773751852 0.0176222092964 
0.0128202057685 0.0215683149708 0.0192331516513 0.00826430606699 0.00319547751315 0.0158647298852 0.00182080242644 -0.00984321485931 0.0268869515666 -0.00595865033052 0.0171233888895 0.0252889444431 -0.00207789846135 0.926383303586 0.00946581462134 0.0221067514912 0.0184302878862 -0.00274761797631 0.0164719854088 0.0472186483954 -0.00588111592705 -0.00494365124272 0.0150642167169 0.031258706039 -0.00424933180196 0.00636912347221 0.0212102231581 0.0183296878598 0.00988528682336 4.84466023272e-05 
0.0119774930945 0.00784804940332 0.0242843148241 0.0562616193338 0.00544615439539 -0.00340795833434 0.00410145294489 0.014238664502 0.0403315104808 0.0116310876008 0.0763811842061 0.0125976450407 0.0684966210108 0.00946581462134 0.563044669193 -0.00778933916867 0.0161251854262 0.0469770352209 0.020943421262 0.0354154659367 0.0102422125253 0.0265030855905 0.0380194686536 0.063027563779 0.0111032530419 0.015347538384 0.140688140843 0.0149141683002 0.0178300498469 0.0150183319344 
0.0066135359482 0.0117960004177 0.0074090344502 0.0192083976988 0.00964636023831 0.0196577420565 0.0215096110149 0.0334319330859 0.0384730279844 0.0108402663904 0.0384529983123 0.00472682984062 0.00976164057766 0.0221067514912 -0.00778933916867 0.254700867429 0.0117979488001 0.0366976645782 0.0124206040806 0.0467777486524 0.0193467339319 0.0304149268407 0.0168166835508 0.0261816662458 0.013701599962 0.0548479511948 -0.0107291990629 0.0407807082688 0.015486262903 0.0159970042501 
0.0204261549604 0.0243781918477 0.00370691135681 0.0179027590621 -0.00139206675354 0.00759910933342 0.011152908024 0.00782680661053 0.0219903725821 0.0105945304277 0.0311483678406 0.004254621071 0.0142496152415 0.0184302878862 0.0161251854263 0.0117979488001 0.251590278665 0.00631952642035 0.00668180621047 0.0166752926266 0.0216033735496 0.0115074757419 0.0330463326005 0.0181602815939 0.0107593433203 0.0118380123396 -0.00378336812572 0.0024182401781 0.0271793631703 0.0147383152092 
0.00236196558596 0.00512918091645 0.0307926616783 0.0216801912374 -0.00321137569385 0.0228362540566 0.019557913613 0.023670380677 0.0359064483555 0.0208817209921 0.0594335954206 -0.000145947603027 0.0366156133077 -0.00274761797631 0.0469770352209 0.0366976645782 0.00631952642035 0.346381672174 0.0197721158606 0.0307668548258 0.0450443408797 0.0306416224318 0.0431754184176 0.0208728491964 -0.000835197640968 0.00940990123903 0.0223057982284 0.0352184360502 0.012100661695 0.0156325690196 
0.0146888431675 0.0209392510005 0.00931518415937 0.025293607119 0.00534172704885 0.00627073833159 0.0158252206879 0.0106941604604 0.0265224687222 0.0212045765334 0.0338371339354 -0.00254274918 0.0149656260088 0.0164719854088 0.020943421262 0.0124206040806 0.00668180621047 0.0197721158606 0.211262544198 0.00707115671801 0.0412473056896 0.0209818321394 0.000656623530759 0.00797602299618 0.0220244494175 0.0366939887533 -0.00517545970241 0.0143353880889 0.0231779276913 0.00846226636898 
-0.0110122060802 0.0257924326399 0.00816217660012 0.0140318911784 0.00226589668535 0.00658086386978 0.0245887458848 0.0274802939604 0.0415123419864 0.0117768959573 0.0520412561456 -0.00579202455627 0.0408858276404 0.0472186483954 0.0354154659367 0.0467777486524 0.0166752926266 0.0307668548258 0.00707115671801 0.573499686621 0.0375518953814 0.0787284209112 0.0450303049302 0.111498114602 0.0167511522762 0.0289156310195 0.0247048221711 0.0456263924978 0.0246682013315 0.0201782534405 
0.0138445957803 0.0230355279386 0.0189216723369 0.0117530616539 0.0129604860071 0.00745589142136 0.0302526736182 0.0246682544872 0.0462418323103 0.0273701553401 0.0456589856496 -0.0205220375453 0.0403497277278 -0.00588111592705 0.0102422125253 0.0193467339319 0.0216033735496 0.0450443408797 0.0412473056896 0.0375518953814 0.330291484272 0.0487692921374 0.0264373804269 0.0680451001228 0.0226543031128 0.0126546002522 0.0264438492717 0.0113894181829 0.0252071418644 0.00694467152328 
0.0107037946713 0.00192027222829 0.0216121219945 0.0160791664049 -0.0103490039504 0.0115164063559 0.0311871505423 0.0271690683011 0.0543282396147 0.0238393000193 0.034942775627 0.00765813099206 0.0404739153218 -0.00494365124272 0.0265030855905 0.0304149268407 0.0115074757419 0.0306416224318 0.0209818321394 0.0787284209112 0.0487692921374 0.440870044894 0.0540072598562 0.0366832463364 0.0636019386181 0.0171954677312 0.0168186105862 0.0169685687781 0.0360136512899 0.0123675698722 
0.0173316809174 0.0083095493355 0.0312837083561 0.0201597369411 0.0125376263608 0.00973573043304 0.021742051652 0.0338865079235 0.0430130635074 0.030881205904 0.0793065006824 0.00794224689135 0.0572539545015 0.0150642167169 0.0380194686536 0.0168166835508 0.0330463326005 0.0431754184176 0.000656623530759 0.0450303049302 0.0264373804269 0.0540072598562 0.461062786362 0.0369319929773 0.0184408745563 0.0169973792428 0.00332377250261 0.0330779113125 0.0602766913162 0.0111578548249 
0.00763017940444 0.0486707529512 0.00347796748011 0.0208090046971 0.010431713564 0.0138239170628 0.0272143939794 0.0272628923512 0.0491128636248 0.00969354022152 0.0622278157093 0.00414225597572 0.026819762742 0.031258706039 0.063027563779 0.0261816662458 0.0181602815939 0.0208728491964 0.00797602299618 0.111498114602 0.0680451001228 0.0366832463364 0.0369319929773 0.537406299843 0.032540412165 0.019913562876 0.0171198695582 0.0241314165408 0.0391921484962 0.0128517874945 
0.0154232886927 0.0135710812345 0.0111075496263 0.0240326555835 0.00278981612117 0.0123900086386 0.0396983627774 -0.00543665148935 0.0286460062825 0.0123463824855 0.0166276501843 0.0100551843011 0.0173987729584 -0.00424933180196 0.0111032530419 0.013701599962 0.0107593433203 -0.000835197640968 0.0220244494175 0.0167511522762 0.0226543031128 0.0636019386181 0.0184408745563 0.032540412165 0.229368911659 0.00685051848676 0.00494577408632 0.00589513201893 0.0279947639939 0.00792939417739 
0.00952466570331 0.00958633755647 0.0138536982838 0.0330290081577 0.00241320398053 0.0135955935404 0.0110195602652 0.0252712332119 0.0304570110261 0.0304968605754 0.041143230575 0.0113443382373 0.0177506407082 0.00636912347221 0.015347538384 0.0548479511948 0.0118380123396 0.00940990123903 0.0366939887533 0.0289156310195 0.0126546002522 0.0171954677312 0.0169973792428 0.019913562876 0.00685051848676 0.170375438314 -0.00422443484556 0.0445235875964 0.0262424416481 0.0167989653149 
0.0133955297572 0.0202977690751 0.0128201729325 0.0269775757019 0.00665795149742 0.0125455593202 0.00892991868728 -0.00288651832985 0.0267461596331 0.00942614132789 0.0288098253919 -0.00339882750684 0.0145066536374 0.0212102231581 0.140688140843 -0.0107291990629 -0.00378336812572 0.0223057982284 -0.00517545970241 0.0247048221711 0.0264438492717 0.0168186105862 0.00332377250261 0.0171198695582 0.00494577408632 -0.00422443484556 0.352626057127 0.0161432855226 -0.00162795393631 -0.00147942610542 
0.0258486731355 0.015342661966 0.0116585386836 0.0309898498729 0.00499912894595 0.0121724843487 0.023547832849 0.0422917193922 0.0470795564105 0.0297596433836 0.0443946699931 0.02024173374 0.0253605925695 0.0183296878598 0.0149141683002 0.0407807082688 0.0024182401781 0.0352184360502 0.0143353880889 0.0456263924978 0.011389418183 0.0169685687781 0.0330779113125 0.0241314165408 0.00589513201893 0.0445235875964 0.0161432855226 0.223316999131 0.0163502385319 0.0169785610568 
0.0221975511188 0.0119364806711 -0.00850049927084 0.0228875592546 -0.00539407020661 0.0465719848062 0.0222982953101 0.0187067084284 0.0390553636053 0.0369789063877 0.0583673861093 0.019893476939 0.019773751852 0.00988528682336 0.0178300498469 0.015486262903 0.0271793631703 0.012100661695 0.0231779276913 0.0246682013315 0.0252071418644 0.0360136512899 0.0602766913162 0.0391921484962 0.0279947639939 0.0262424416481 -0.00162795393631 0.0163502385319 0.326862225037 -0.000261359008088 
0.00131835441409 0.00701052538415 0.00520118952594 0.0210977069868 0.0224369897042 0.011887705459 0.00844475424321 0.0108451754405 0.0120186291246 0.0262222314441 0.00272584148765 0.00557377230591 0.0176222092964 4.84466023273e-05 0.0150183319344 0.0159970042501 0.0147383152092 0.0156325690196 0.00846226636898 0.0201782534405 0.00694467152328 0.0123675698722 0.0111578548249 0.0128517874945 0.00792939417739 0.0167989653149 -0.00147942610542 0.0169785610568 -0.000261359008087 0.142792007837 

['STZ', 'PAYX', 'ABC', 'GAS', 'CAG', 'GCI', 'RTN', 'COF', 'BEN', 'WAG', 'PHM', 'MDT', 'EBAY', 'CSCO', 'NOV', 'FITB', 'AT', 'DE', 'SAFC', 'LSI', 'CSX', 'TXT', 'COH', 'NSM', 'GD', 'STI', 'MUR', 'AXP', 'BBBY', 'K']