40
0.019144788815 0.0388313797841 0.0424048973372 0.116988452624 0.0788996306534 0.0754552666066 0.0722101641432 0.0290232005544 0.107116270008 0.0168064994581 0.0184249616408 0.0533662879029 0.0995242847704 0.0206012582373 0.0244433913508 0.0304896250645 0.0594687244428 0.066200000993 0.02392892696 0.0266042550295 0.02736418452 0.0590558874601 0.0707348977441 0.0353466838873 0.0144645316835 0.0261881624723 0.127416862275 0.0436219100546 0.0275926739743 0.0215013837744 0.0130713531851 0.0282353637115 0.15717092416 0.107238949757 0.0832698050771 0.0123991351417 0.0124927962784 0.0412963652708 0.015652967587 0.0484031048171 
0.223513862631 0.0377845213389 0.0106066963345 0.0453280775851 0.0165036466243 0.0390752952936 0.0197847418835 0.0228605126933 0.0158588203453 0.00659754994254 0.0291187276111 0.0127219618773 0.0163462955707 0.021225125833 0.0191491547843 -0.00257693553805 0.0239289325135 0.0360627805055 0.0466824745372 0.0273845330527 0.0127349164667 0.0284835395044 0.0181605841076 0.0165867848379 0.00765644933356 0.0168622062817 0.00562713171754 0.0390084257502 0.0151207559675 0.0138306888621 0.00833047478333 0.0296964811252 0.037146427348 0.0260907338907 0.0100048462658 0.00833235205566 0.0286883718011 0.0175942146894 0.0278072795993 0.029684526714 
0.0377845213389 0.399981782491 0.0165486320023 0.0349330907744 0.0125558733047 0.0802465060778 0.0266418018821 0.00212457674178 0.016977774413 0.00771784836295 0.0156630743303 0.0102854269181 0.00738053522575 0.0153807027558 0.00543388807963 -0.00492802668102 0.00628587537072 0.0255247909455 0.049237508245 0.0255322859939 0.0045251823961 0.00881284695818 0.0297048200029 0.014943759644 -0.000439451443721 0.0314522425842 0.015279695218 0.0144586756171 0.00974304234162 0.0152261676344 0.00225947204545 0.0155468445333 0.00964904537482 0.0154736962549 0.0110261035594 0.010269636178 0.0265679368031 -0.00313779389416 0.0303476251808 0.031728875968 
0.0106066963345 0.0165486320023 0.397929265984 0.00439806048135 0.00701419599906 0.0202550636856 9.62547605717e-05 0.00649688896362 0.028372939152 0.0105266776659 0.0163896234236 -0.00672672081841 -0.00363897721703 -0.000602124116215 0.00714160483391 7.28089690777e-05 0.0033766439372 0.0235730712029 0.0151175659008 -0.0122999544261 0.0104821330322 0.0189317229421 -0.0186640759978 0.0194745289336 0.0164614761014 0.0132312358386 -0.00119510531429 0.0156049242677 0.0162265663607 0.0283473037695 0.0176588038541 0.00770736561131 0.0121797531278 0.014290431518 0.0187864100233 0.0114335004383 0.00066128593275 0.0138169099709 -0.00866096737265 0.0246520621352 
0.0453280775851 0.0349330907744 0.00439806048135 0.467706826199 0.0135930050773 0.0843856673913 0.029784968783 0.0232132534002 0.0383665131224 0.0108646114621 0.0222001563632 0.0209018001615 0.0334377892279 0.0171162804377 0.0283364465706 0.0217052506995 0.0218845234061 0.028118723348 0.0418403847396 0.0204711243343 0.0257147715727 -0.00405170490833 0.020590337998 0.0103656768281 0.00446631560947 0.00693767900225 0.0607725902895 0.0292718304995 0.0135325095183 0.0189532334227 0.00762757258022 0.0224572714007 0.0606342770377 0.0406759787755 0.0382865539886 0.0102429824118 0.0196340682963 -0.0148946996141 0.0317271275351 0.0361454141671 
0.0165036466243 0.0125558733047 0.00701419599906 0.0135930050773 0.753775508943 0.0223219563084 -0.00411713344903 0.0156125358522 0.0477935479799 0.00663577389153 0.0167190145744 0.000396686138866 -0.0123637705359 0.0118880105447 -0.0110381751902 0.00309360372702 0.0147719652883 0.00817426540723 0.0592066843459 0.00147814970726 0.00146565033959 0.00310850949383 -0.0163819831149 0.00698861271534 -0.0213361406172 0.00987227662801 0.0192510559664 0.00978965718259 -0.00876769122008 0.0180680307949 0.00392531654366 0.000907010159527 -0.00551216710961 0.0437232476278 0.00246087040806 0.00500800034743 4.66236343013e-05 0.0120336085531 0.00503506947753 0.0184978024101 
0.0390752952936 0.0802465060778 0.0202550636856 0.0843856673913 0.0223219563084 0.658788781285 0.0103814095822 0.0106436133174 0.0260193796594 0.020446106291 0.0157378152715 0.0112183398162 0.0556372262089 0.0153293937105 -0.00239185962788 0.00951587882785 0.0372098871298 0.0438789794423 0.0346784267331 0.0222147441493 0.00696022480966 0.00276118456272 0.0167300800474 0.00802860825466 0.00919729520805 0.0433535136747 0.0303822070287 0.0216560671592 0.00158870491708 0.0251230009212 0.0206858142207 0.0301712852682 0.0234941096411 0.0165263649954 0.013748652908 0.00711922088584 0.0417261670536 0.0197528453027 0.00900498783218 0.0254540373394 
0.0197847418835 0.0266418018821 9.62547605718e-05 0.029784968783 -0.00411713344903 0.0103814095822 0.325094482485 0.00208746055435 0.0614711937692 0.00511308668918 0.0129239786902 0.0154512728063 0.029303663482 0.0507153523011 0.0127703776235 0.0129441584749 0.0214369381156 0.0116048665763 0.0296779259641 0.0314780579638 0.0144094636334 0.00943512253469 0.022859214631 0.0101342425118 0.0194192066801 0.00608673377038 0.01625132823 0.0371196520417 -0.00161393504801 0.0241132518634 0.00787715554272 0.0206410682052 0.0705105981273 0.0519212980432 0.0350111363688 0.00966993327913 0.0183643092693 0.0117126002621 0.0352345933883 0.0458197080781 
0.0228605126933 0.00212457674178 0.00649688896362 0.0232132534002 0.0156125358522 0.0106436133174 0.00208746055435 0.235621926108 -0.00486624178038 0.000475779391765 0.0262282410372 0.00673733184561 0.00464233763125 0.0144467796107 0.00727539672105 0.00279663139767 0.0575591344291 0.0173092433754 0.0201240593441 -0.00274924980138 0.0191200159953 0.00453196918717 -0.000994060463785 0.0189661646977 -0.00101327982308 0.00783776743415 0.0124557389496 0.0290044016026 -0.000604079355039 0.0138966490647 0.0151698386192 0.0236498716714 0.0163821383245 0.0879692244212 -0.00411862362062 0.0228957263038 0.0145060324427 0.0112337588849 0.0206584189004 0.0243863267909 
0.0158588203453 0.016977774413 0.028372939152 0.0383665131224 0.0477935479799 0.0260193796594 0.0614711937692 -0.00486624178038 0.533875177889 0.00752616072069 0.0166910042475 0.0313813544059 0.0316482277142 0.0209330511581 0.00661829043859 0.0124788280909 0.0479205921204 0.0252425115439 0.0226967024557 0.0189836827121 0.029820906567 -0.00419208391589 0.00715798843689 0.00910570122437 0.0249416765628 0.0110317008571 0.0240570023406 0.0322379177221 0.00343567168703 0.0704568923399 0.000265452562452 0.0237876214448 0.102898012095 0.060318184292 0.0406889858711 0.0165163645436 0.035598236252 0.0023886113703 0.0206966261011 0.0516903942009 
0.00659754994254 0.00771784836295 0.0105266776659 0.0108646114621 0.00663577389153 0.020446106291 0.00511308668918 0.000475779391765 0.00752616072069 0.214276889443 0.0186949067976 0.0248557874512 0.00858470828307 0.0158721304978 0.0090800219343 0.00264550217287 -0.00447548896144 0.0159412468618 0.0125244343365 0.00426058967572 0.0197044516931 0.0331325713184 0.0130162407299 0.0109962085483 0.00371816889336 0.0106221913031 0.0103666117558 0.0162235290806 0.0156714179432 0.0110241878123 0.0146648809778 0.0214667399794 0.0249305505732 0.0114385148623 0.00149050500701 -0.000502996964129 0.00778380257268 0.00483841008168 0.022659648661 0.0104380960163 
0.0291187276111 0.0156630743303 0.0163896234236 0.0222001563632 0.0167190145744 0.0157378152715 0.0129239786902 0.0262282410372 0.0166910042475 0.0186949067976 0.154413793475 0.0121241983875 0.014501697906 0.0143804854462 0.0217303909382 0.00527767332162 0.00978837077279 0.0369175670481 0.00964726385254 0.0245040053534 0.0294184234141 0.0234597914141 0.0197237776622 0.0485590469912 0.00922198134677 0.0136942922905 0.0249333636584 0.0663106497458 0.0103079360786 0.0169678568142 0.0300606105179 0.0504425602359 0.0208177594765 0.032340722106 0.00754265876921 0.0227332985234 0.017312838121 0.0164585478584 0.0101841246394 0.0177666593813 
0.0127219618773 0.0102854269181 -0.00672672081841 0.0209018001615 0.000396686138866 0.0112183398162 0.0154512728063 0.00673733184561 0.0313813544059 0.0248557874512 0.0121241983875 0.428715579693 0.00665779604373 0.00386311089617 0.00169666811548 0.0114535045477 0.00611865791981 0.00965912714966 -0.00111082040013 0.0244395937636 0.0135841575585 -0.000715279900411 0.051799548248 -0.000277194922336 0.00966590812208 0.00596971400175 -0.000904938051905 0.0139048045376 -0.0058193168193 0.0321917957565 0.0126448303198 0.0155849571096 0.0124237182388 0.0100557005741 0.0141367427256 0.0306481110203 0.00996459805523 0.00384353133895 0.0112174249099 0.00932551373344 
0.0163462955707 0.00738053522575 -0.00363897721703 0.0334377892279 -0.0123637705359 0.0556372262089 0.029303663482 0.00464233763125 0.0316482277142 0.00858470828307 0.014501697906 0.00665779604373 0.431865222618 0.0146819865046 0.000589547143221 -0.000279377952168 0.0210607608284 0.0232755900094 0.00959137735561 0.0167291815833 0.0331207495615 0.00653066645025 0.00986661859322 0.0118182551801 0.00273570756518 0.00320531044523 0.125944668611 0.0157453762786 0.0218513240787 0.0121145234666 0.0244498496776 -0.00292657192262 0.0250674407081 0.0160144889607 0.0904984028038 0.0116559426553 0.0114712382875 0.00344554409869 0.0221706463924 0.019081496945 
0.021225125833 0.0153807027558 -0.000602124116215 0.0171162804377 0.0118880105447 0.0153293937105 0.0507153523011 0.0144467796107 0.0209330511581 0.0158721304978 0.0143804854462 0.00386311089617 0.0146819865046 0.181323805952 0.00613006215971 0.003458850913 0.0118067326316 0.0150507978553 0.0135328227267 0.0209273053895 0.0134265044847 0.0113545468925 0.0130372842395 0.0134891188604 0.021609824025 0.0241780984704 0.0385908556815 0.0171741623904 0.00789248864712 0.0256988949844 0.000351735433981 0.0176870016113 0.0116598174325 0.0341474607668 0.0216628877818 0.00935664421623 0.0206820713015 0.00720812744007 0.0365663585341 0.03941189213 
0.0191491547843 0.00543388807963 0.00714160483391 0.0283364465706 -0.0110381751902 -0.00239185962788 0.0127703776235 0.00727539672105 0.00661829043859 0.0090800219343 0.0217303909382 0.00169666811548 0.000589547143221 0.00613006215971 0.192176560694 -0.00305723633795 0.00469786549115 0.00442078856117 0.0104592736319 0.00919066602495 0.00515133996181 0.00530426551017 0.00230687224068 0.0168070874765 0.00950705981168 0.0087035386449 -0.001015356559 0.0249859991311 -0.000681885876264 0.015452964496 0.0112053198059 0.0165884192016 0.0217064551294 0.00352101425377 -0.00442425120015 0.00169599203584 0.0115933833076 0.00968494726279 0.0085825612607 0.0142645831558 
-0.00257693553805 -0.00492802668102 7.28089690776e-05 0.0217052506995 0.00309360372702 0.00951587882785 0.0129441584749 0.00279663139767 0.0124788280909 0.00264550217287 0.00527767332162 0.0114535045477 -0.000279377952168 0.00345885091301 -0.00305723633795 0.214593660149 0.00511084212897 0.0174821991704 0.00576592097558 0.00728285630199 0.00275258129016 0.0237570613401 0.00249423884832 0.0161789027068 9.75842037915e-05 0.00304058268791 0.0126135031045 0.00571618524824 -0.00497988098996 0.0223630611312 0.00353777184921 0.0177315806764 -0.00119590537748 0.0272964093918 -0.00289261848721 0.010107059414 0.00695433749138 0.00832688772736 0.0152255343136 0.00305837097993 
0.0239289325135 0.00628587537072 0.0033766439372 0.0218845234061 0.0147719652883 0.0372098871298 0.0214369381156 0.0575591344291 0.0479205921204 -0.00447548896144 0.00978837077279 0.00611865791981 0.0210607608284 0.0118067326316 0.00469786549115 0.00511084212897 0.395674793097 -0.00931142073461 0.0291143572492 0.0106372854399 0.0081385536083 -0.000924841077538 0.00444584141461 0.0148491969265 0.0107957996204 0.010987769529 0.0218607390438 0.0143755310798 -0.00140103877485 0.0131505311621 0.00481133423785 0.00752900012945 0.025150288887 0.0927583913762 -0.00213446657542 0.011102873999 0.0098207111905 0.0146698883025 0.0384250592553 0.0268331217082 
0.0360627805055 0.0255247909455 0.0235730712029 0.028118723348 0.00817426540723 0.0438789794423 0.0116048665763 0.0173092433754 0.0252425115439 0.0159412468618 0.0369175670481 0.00965912714966 0.0232755900094 0.0150507978553 0.00442078856117 0.0174821991704 -0.00931142073461 0.647363351866 0.0228203254651 0.0159362835859 0.0272655437674 0.0364028176058 -0.00557743931779 0.0183302764192 0.030876042096 0.0320758962405 0.0113140960753 0.0129061768727 0.0156364085987 0.0241160981418 0.0203835209822 0.0321934096406 -0.0129753456268 0.039628829242 0.0331794327954 0.0105234667102 0.0315634953531 0.033383624896 0.0101871256548 0.0116481756129 
0.0466824745372 0.049237508245 0.0151175659008 0.0418403847396 0.0592066843459 0.0346784267331 0.0296779259641 0.0201240593441 0.0226967024557 0.0125244343365 0.00964726385254 -0.00111082040013 0.00959137735561 0.0135328227267 0.0104592736319 0.00576592097558 0.0291143572492 0.0228203254651 0.232238376011 0.0210048681294 0.000945425432643 0.0183821885363 -0.00533143245288 0.00761977274819 0.00892463818181 0.0141949395177 0.00557598354525 0.0182197868289 0.00293803303485 0.00186580775145 -0.00164151801225 0.0122189041156 0.0257107539552 0.0331157822831 0.00462284950998 -0.00130130496855 0.0142748462152 0.00642944350688 0.0254082068126 0.0113852310118 
0.0273845330527 0.0255322859939 -0.0122999544261 0.0204711243343 0.00147814970726 0.0222147441493 0.0314780579638 -0.00274924980138 0.0189836827121 0.00426058967572 0.0245040053534 0.0244395937636 0.0167291815833 0.0209273053895 0.00919066602495 0.00728285630199 0.0106372854399 0.0159362835859 0.0210048681294 0.204019287835 0.0108368096891 0.0148122791612 0.00747497067979 0.0324441604397 0.0118333288497 0.021931248665 0.0118205832013 0.0180205805188 0.00622103299975 0.0357730994494 0.0061254774309 0.0200164801385 0.0330446238093 0.0472397519688 0.00216086139097 0.015568049988 0.0212515765133 0.00884717135398 0.0164017717206 0.0127532054771 
0.0127349164667 0.0045251823961 0.0104821330322 0.0257147715727 0.00146565033959 0.00696022480966 0.0144094636334 0.0191200159953 0.029820906567 0.0197044516931 0.0294184234141 0.0135841575585 0.0331207495615 0.0134265044847 0.00515133996181 0.00275258129016 0.0081385536083 0.0272655437674 0.000945425432642 0.0108368096891 0.195144891189 0.0173014320841 0.00843006992452 0.0144783731423 0.0017604507088 0.00239818255431 0.040048461731 0.0138950024083 0.00950242673205 0.0096642717143 0.0518745308404 0.0216921022407 0.0219897970266 0.0237645380355 0.0359383745723 0.0112444941039 0.00754066828697 0.0183131772806 0.00275765923187 0.0051775788825 
0.0284835395044 0.00881284695818 0.0189317229421 -0.00405170490833 0.00310850949383 0.00276118456272 0.00943512253469 0.00453196918717 -0.00419208391589 0.0331325713184 0.0234597914141 -0.000715279900411 0.00653066645025 0.0113545468925 0.00530426551017 0.0237570613401 -0.000924841077538 0.0364028176058 0.0183821885363 0.0148122791612 0.0173014320841 0.721880507376 0.0109346577711 0.031009467132 -0.0102961489812 0.00386053262354 0.0129084489023 0.0168949165743 0.0172973602554 0.0327193431547 0.0170163022279 0.0247445663539 -0.0179656771855 0.0114620089364 0.0118454675137 0.0120454209938 0.0012668132392 0.0278409090974 0.000738553160654 0.0116839676298 
0.0181605841076 0.0297048200029 -0.0186640759978 0.020590337998 -0.0163819831149 0.0167300800474 0.022859214631 -0.000994060463785 0.00715798843689 0.0130162407299 0.0197237776622 0.051799548248 0.00986661859322 0.0130372842395 0.00230687224068 0.00249423884832 0.00444584141461 -0.00557743931779 -0.00533143245288 0.00747497067979 0.00843006992452 0.0109346577711 0.299509869284 0.00121048470451 8.03829547829e-05 0.0142607488371 -0.00159736638917 0.014640336222 0.00233977167002 0.0319782390224 0.0239755433806 0.0150826189484 0.0449997813147 0.0140002107344 0.00639632050119 0.0120846946008 0.0096247010839 -0.00481243637559 0.00246595281892 0.00181123140448 
0.0165867848379 0.014943759644 0.0194745289336 0.0103656768281 0.00698861271534 0.00802860825466 0.0101342425118 0.0189661646977 0.00910570122437 0.0109962085483 0.0485590469912 -0.000277194922336 0.0118182551801 0.0134891188604 0.0168070874765 0.0161789027068 0.0148491969265 0.0183302764192 0.00761977274819 0.0324441604397 0.0144783731423 0.031009467132 0.00121048470451 0.266420543218 0.0108410214656 0.00879841372881 0.0063756007777 0.0285995638648 0.00871624333192 0.0118575243046 0.0153162942101 0.0306107460372 0.0430503327986 0.0120260067791 0.0168449346006 0.0277730482148 0.0128901475748 0.0110268598245 0.016839541457 0.0181182740047 
0.00765644933356 -0.000439451443721 0.0164614761014 0.00446631560947 -0.0213361406172 0.00919729520805 0.0194192066801 -0.00101327982308 0.0249416765628 0.00371816889336 0.00922198134677 0.00966590812208 0.00273570756518 0.021609824025 0.00950705981168 9.75842037915e-05 0.0107957996204 0.030876042096 0.00892463818181 0.0118333288497 0.0017604507088 -0.0102961489812 8.03829547828e-05 0.0108410214656 0.289619887382 0.00859687607073 0.000301435861473 0.00788294987539 0.00376855611452 0.0133267816677 0.00620213676131 0.00855335557696 0.0202850154915 0.0211633325967 0.00944002660484 0.00633605143258 0.0114459819919 0.00672509404453 0.0246876132822 0.00637753228428 
0.0168622062817 0.0314522425842 0.0132312358386 0.00693767900225 0.00987227662801 0.0433535136747 0.00608673377038 0.00783776743415 0.0110317008571 0.0106221913031 0.0136942922905 0.00596971400175 0.00320531044523 0.0241780984704 0.0087035386449 0.00304058268791 0.010987769529 0.0320758962405 0.0141949395177 0.021931248665 0.00239818255431 0.00386053262354 0.0142607488371 0.00879841372881 0.00859687607073 0.255975463814 0.0155423664549 0.011088077242 0.0132689073887 0.0106864232683 0.00280682933176 0.024711985634 0.0296203781732 0.0255870957064 0.00379333326351 0.0106464440406 0.0370314737702 0.0151411735742 0.00926808217964 0.0102959287507 
0.00562713171754 0.015279695218 -0.00119510531429 0.0607725902895 0.0192510559664 0.0303822070287 0.01625132823 0.0124557389496 0.0240570023406 0.0103666117558 0.0249333636584 -0.000904938051904 0.125944668611 0.0385908556815 -0.001015356559 0.0126135031045 0.0218607390438 0.0113140960753 0.00557598354525 0.0118205832013 0.040048461731 0.0129084489023 -0.00159736638917 0.0063756007777 0.000301435861473 0.0155423664549 0.452178875277 0.0113883238654 -0.00452172551933 0.0212641953968 0.0230544661506 0.00553367685208 0.040297545053 0.0171363218144 0.160031288187 0.0173374083187 0.00957311787312 0.00492706841845 0.00767382505056 0.0325707093578 
0.0390084257502 0.0144586756171 0.0156049242677 0.0292718304995 0.00978965718259 0.0216560671592 0.0371196520417 0.0290044016026 0.0322379177221 0.0162235290806 0.0663106497458 0.0139048045376 0.0157453762786 0.0171741623904 0.0249859991311 0.00571618524824 0.0143755310798 0.0129061768727 0.0182197868289 0.0180205805188 0.0138950024083 0.0168949165743 0.014640336222 0.0285995638648 0.00788294987539 0.011088077242 0.0113883238654 0.314229114458 -0.00128109448394 0.0251248218259 0.0174810225507 0.0292716243451 0.0447254191385 0.0474635694155 0.0138627103977 0.0210875208745 0.0100123770452 0.0153617379644 0.00838575518763 0.0486966806132 
0.0151207559675 0.00974304234162 0.0162265663607 0.0135325095183 -0.00876769122008 0.00158870491708 -0.00161393504801 -0.000604079355039 0.00343567168703 0.0156714179432 0.0103079360786 -0.0058193168193 0.0218513240787 0.00789248864712 -0.000681885876264 -0.00497988098996 -0.00140103877485 0.0156364085987 0.00293803303485 0.00622103299975 0.00950242673205 0.0172973602554 0.00233977167002 0.00871624333192 0.00376855611452 0.0132689073887 -0.00452172551933 -0.00128109448394 0.370238467384 0.0228578899731 0.00025821378947 0.0108428652738 0.00985372783434 0.0159301312027 -0.00994533989082 0.00159743535998 0.00369399965013 0.00236302970276 0.00697566103266 0.00997729635882 
0.0138306888621 0.0152261676344 0.0283473037695 0.0189532334227 0.0180680307949 0.0251230009212 0.0241132518634 0.0138966490647 0.0704568923399 0.0110241878123 0.0169678568142 0.0321917957565 0.0121145234666 0.0256988949844 0.015452964496 0.0223630611312 0.0131505311621 0.0241160981418 0.00186580775145 0.0357730994494 0.0096642717143 0.0327193431547 0.0319782390224 0.0118575243046 0.0133267816677 0.0106864232683 0.0212641953968 0.0251248218259 0.0228578899731 0.275909038331 0.00433187402052 0.0167113308999 0.0436629453914 0.0254715512787 0.00709656168675 0.0248458003776 0.0126111511958 0.0139027625047 0.0233780511636 0.0220922540562 
0.00833047478333 0.00225947204545 0.0176588038541 0.00762757258022 0.00392531654366 0.0206858142207 0.00787715554272 0.0151698386192 0.000265452562453 0.0146648809778 0.0300606105179 0.0126448303198 0.0244498496776 0.000351735433981 0.0112053198059 0.00353777184921 0.00481133423785 0.0203835209822 -0.00164151801225 0.0061254774309 0.0518745308404 0.0170163022279 0.0239755433806 0.0153162942101 0.00620213676131 0.00280682933176 0.0230544661506 0.0174810225507 0.00025821378947 0.00433187402052 0.140208932735 0.0282079165557 0.00208244575294 0.0111829435357 0.0197794091132 0.0131093607203 0.0180726324215 0.0171948179817 0.00240607849823 0.00830306314252 
0.0296964811252 0.0155468445333 0.00770736561131 0.0224572714007 0.000907010159527 0.0301712852682 0.0206410682052 0.0236498716714 0.0237876214448 0.0214667399794 0.0504425602359 0.0155849571096 -0.00292657192262 0.0176870016113 0.0165884192016 0.0177315806764 0.00752900012945 0.0321934096406 0.0122189041156 0.0200164801385 0.0216921022407 0.0247445663539 0.0150826189484 0.0306107460372 0.00855335557696 0.024711985634 0.00553367685208 0.0292716243451 0.0108428652738 0.0167113308999 0.0282079165557 0.138322307358 0.0232673727831 0.0329602536103 0.010706556476 0.00897533386549 0.0204981735401 0.0191630654824 0.0154170875211 0.0200559077155 
0.037146427348 0.00964904537482 0.0121797531278 0.0606342770377 -0.00551216710961 0.0234941096411 0.0705105981273 0.0163821383245 0.102898012095 0.0249305505732 0.0208177594765 0.0124237182388 0.0250674407081 0.0116598174325 0.0217064551294 -0.00119590537748 0.025150288887 -0.0129753456268 0.0257107539552 0.0330446238093 0.0219897970266 -0.0179656771855 0.0449997813147 0.0430503327986 0.0202850154915 0.0296203781732 0.040297545053 0.0447254191385 0.00985372783434 0.0436629453914 0.00208244575294 0.0232673727831 0.626985324933 0.0352675158261 0.021806309473 0.0168192371995 0.0101870251101 0.000934091857641 0.0409086155281 0.0362745998846 
0.0260907338907 0.0154736962549 0.014290431518 0.0406759787755 0.0437232476278 0.0165263649954 0.0519212980432 0.0879692244212 0.060318184292 0.0114385148623 0.032340722106 0.0100557005741 0.0160144889607 0.0341474607668 0.00352101425377 0.0272964093918 0.0927583913762 0.039628829242 0.0331157822831 0.0472397519688 0.0237645380355 0.0114620089364 0.0140002107344 0.0120260067791 0.0211633325967 0.0255870957064 0.0171363218144 0.0474635694155 0.0159301312027 0.0254715512787 0.0111829435357 0.0329602536103 0.0352675158261 0.460940644135 0.012315963339 0.0176890723829 0.0220091434362 0.0160938291367 0.0409386720774 0.0346588255816 
0.0100048462658 0.0110261035594 0.0187864100233 0.0382865539886 0.00246087040806 0.013748652908 0.0350111363688 -0.00411862362062 0.0406889858711 0.00149050500701 0.00754265876921 0.0141367427256 0.0904984028038 0.0216628877818 -0.00442425120015 -0.00289261848721 -0.00213446657542 0.0331794327954 0.00462284950998 0.00216086139097 0.0359383745723 0.0118454675137 0.00639632050119 0.0168449346006 0.00944002660484 0.00379333326351 0.160031288187 0.0138627103977 -0.00994533989082 0.00709656168675 0.0197794091132 0.010706556476 0.021806309473 0.012315963339 0.377810579272 0.013706474828 0.00786651879159 0.000501761131936 0.0118649749705 0.0360938029903 
0.00833235205566 0.010269636178 0.0114335004383 0.0102429824118 0.00500800034743 0.00711922088584 0.00966993327913 0.0228957263038 0.0165163645436 -0.000502996964129 0.0227332985234 0.0306481110203 0.0116559426553 0.00935664421623 0.00169599203584 0.010107059414 0.011102873999 0.0105234667102 -0.00130130496855 0.015568049988 0.0112444941039 0.0120454209938 0.0120846946008 0.0277730482148 0.00633605143258 0.0106464440406 0.0173374083187 0.0210875208745 0.00159743535998 0.0248458003776 0.0131093607203 0.00897533386549 0.0168192371995 0.0176890723829 0.013706474828 0.191436757468 0.00787259037493 0.0159681048223 0.00924365534027 0.00336010573999 
0.0286883718011 0.0265679368031 0.00066128593275 0.0196340682963 4.66236343014e-05 0.0417261670536 0.0183643092693 0.0145060324427 0.035598236252 0.00778380257268 0.017312838121 0.00996459805523 0.0114712382875 0.0206820713015 0.0115933833076 0.00695433749138 0.0098207111905 0.0315634953531 0.0142748462152 0.0212515765133 0.00754066828697 0.0012668132392 0.0096247010839 0.0128901475748 0.0114459819919 0.0370314737702 0.00957311787312 0.0100123770452 0.00369399965013 0.0126111511958 0.0180726324215 0.0204981735401 0.0101870251101 0.0220091434362 0.00786651879159 0.00787259037493 0.179750957245 0.0164163322475 0.0191902782491 0.0117883821473 
0.0175942146894 -0.00313779389416 0.0138169099709 -0.0148946996141 0.0120336085531 0.0197528453027 0.0117126002621 0.0112337588849 0.0023886113703 0.00483841008168 0.0164585478585 0.00384353133895 0.00344554409869 0.00720812744007 0.00968494726279 0.00832688772736 0.0146698883025 0.033383624896 0.00642944350688 0.00884717135398 0.0183131772806 0.0278409090974 -0.00481243637559 0.0110268598245 0.00672509404453 0.0151411735742 0.00492706841845 0.0153617379644 0.00236302970276 0.0139027625047 0.0171948179817 0.0191630654824 0.000934091857641 0.0160938291367 0.000501761131937 0.0159681048223 0.0164163322475 0.247756028961 5.26654193211e-05 0.0136991330694 
0.0278072795993 0.0303476251808 -0.00866096737265 0.0317271275351 0.00503506947753 0.00900498783218 0.0352345933883 0.0206584189004 0.0206966261011 0.022659648661 0.0101841246394 0.0112174249099 0.0221706463924 0.0365663585341 0.0085825612607 0.0152255343136 0.0384250592553 0.0101871256548 0.0254082068126 0.0164017717206 0.00275765923187 0.000738553160654 0.00246595281892 0.016839541457 0.0246876132822 0.00926808217964 0.00767382505056 0.00838575518763 0.00697566103266 0.0233780511636 0.00240607849823 0.0154170875211 0.0409086155281 0.0409386720774 0.0118649749705 0.00924365534027 0.0191902782491 5.26654193211e-05 0.223134502039 0.0303541874826 
0.029684526714 0.031728875968 0.0246520621352 0.0361454141671 0.0184978024101 0.0254540373394 0.0458197080781 0.0243863267909 0.0516903942009 0.0104380960163 0.0177666593813 0.00932551373344 0.019081496945 0.03941189213 0.0142645831558 0.00305837097993 0.0268331217082 0.0116481756129 0.0113852310118 0.0127532054771 0.0051775788825 0.0116839676298 0.00181123140448 0.0181182740047 0.00637753228428 0.0102959287507 0.0325707093578 0.0486966806132 0.00997729635882 0.0220922540562 0.00830306314253 0.0200559077155 0.0362745998846 0.0346588255816 0.0360938029903 0.00336010573999 0.0117883821473 0.0136991330694 0.0303541874826 0.258835370652 

['HD', 'HAS', 'ZMH', 'FLR', 'JNY', 'TIF', 'CSX', 'CB', 'NSM', 'SLM', 'HBAN', 'NWL', 'WMB', 'DD', 'BUD', 'HNZ', 'PKI', 'AVP', 'LIZ', 'UPS', 'DUK', 'BOL', 'ABI', 'RF', 'IPG', 'AN', 'RIG', 'NTRS', 'TRB', 'INTC', 'ED', 'MTB', 'GLW', 'R', 'APC', 'TWX', 'GPC', 'KR', 'DOW', 'IP']