50
0.0235207120966 0.125871369107 0.0651633165571 0.116792266476 0.0413167922229 0.0309081568087 0.114001255301 0.037496284255 0.0484031048171 0.0936563270582 0.0861911318708 0.118814959333 0.265107550494 0.0383245101253 0.162626926374 0.0289058353667 0.103194060275 0.0594687244428 0.0270000307956 0.0764707668379 0.0424048973372 0.0592302274211 0.101481112582 0.0314738433907 0.371102806834 0.0254158643172 0.239728898705 0.0265193363437 0.0766878163077 0.0377827405953 0.0295384146509 0.0576577356707 0.0359279599811 0.0700025840065 0.0297209295042 0.0197813299257 0.0582377086348 0.0184249616408 0.0523918745475 0.066200000993 0.0414012394119 0.0299059053764 0.0124927962784 0.110783759143 0.126302472887 0.0362094771936 0.0335830315084 0.042606905642 0.0486003975036 0.121001700606 
0.217851967676 -0.000212750756143 0.0256487526874 -0.00961641974281 0.0132322315295 0.0116397741527 -0.004171765475 0.00107178882156 0.0154081911416 0.00763228136838 0.00650135768573 0.0186871233616 -0.0116918766026 0.00365927261295 0.00204264654305 0.00123469528673 0.0211052703786 0.00353044187357 0.0180543463848 0.0128919627898 0.0137479912817 -0.00553969834784 -0.00746201789095 0.0184835316892 0.0119187529506 0.0119928199712 0.0114995662256 0.0140265889087 0.0236415896824 0.0223602931681 0.00864547534241 0.00554684863916 0.00947575185426 0.0102041004193 -0.00196579949787 0.00689149542623 0.0187603491692 0.0113372168034 0.00979453326613 -0.00198057370013 0.0173483181984 0.021131549148 0.0178334107957 0.0361352259489 0.00758870722729 0.00269889035289 0.00936901289545 0.00388096641152 0.00617379041985 0.0022958838232 
-0.000212750756142 0.840693251288 0.0017673389498 0.0395144168098 0.00133145672005 0.0252605521838 -0.0122903516779 -0.00697513179978 0.00304917509405 0.0223316151481 0.0164587441488 -0.0021574689122 -0.00892506155061 0.00821828681838 0.0167286858887 0.00270225528822 0.00114024854198 0.0314009360458 -0.00504994446373 0.0599797621598 0.000347583847568 -0.0101942511182 -0.00187150336399 -0.00347808453142 0.0254794538219 -0.00427082133272 0.0326008492948 0.00602860585198 0.0171278090271 0.0142759242917 0.00415457262164 9.2952050378e-05 -0.00223002013404 0.00196965633926 -0.00150286578506 -0.0047945575515 -0.00379892071297 0.00324616928494 -0.0142868671135 0.00549640288584 -0.0107140624914 -0.00357416530751 0.0025042543287 0.0244305661237 -0.00366844408665 0.00918406279866 0.0343615466065 0.0255762911729 0.0293675584005 -0.00804373654706 
0.0256487526874 0.0017673389498 0.23996909528 0.0139559709883 0.0236553187825 -0.00152220196292 0.000752641029156 0.0369255967854 0.0149167675401 0.00884243574713 0.0198341076063 0.0288949832475 -0.00902937920229 -0.00312131449726 0.0479311282092 0.00849401002587 0.0314221728904 0.0113869662904 0.00382575363731 0.00253578344546 0.0195197276575 0.00375020329631 0.0160742673864 0.00822728750543 0.0399880350855 0.001565050498 0.0319675083478 0.0133127364187 0.0104917015285 0.0434974581005 0.00940705553219 0.0088469568654 0.00516766184933 0.0163507104292 -0.00493815636263 0.00468170955601 0.00355406804118 0.0203440209761 0.0317988151557 0.0528901968893 0.00628920953463 0.0149251285834 0.0150430162861 0.0202445664506 0.0342298086749 -0.00391131052567 0.00590218115746 0.00196961577327 0.00525133456344 0.0530971873449 
-0.0096164197428 0.0395144168098 0.0139559709883 0.592773801928 0.00407247780217 0.0188434995655 -0.00140304621316 -0.00413837940034 0.0251203031243 0.0190665556109 0.0204123524442 0.0311828966164 0.0288698755381 -0.00411214516151 -0.00683898346826 0.0128864629516 0.00264511725708 0.000776314461871 0.00991243825885 0.00236828072162 0.100995633961 0.00805067771834 0.00182113926368 0.035408059863 0.0129018621023 0.00768269498195 -0.0130288695626 0.0183362437051 0.00336403981926 -0.00162303317064 0.0122046753609 0.00150997555806 -0.00891376264109 0.006902651257 -0.00305513693086 0.0143956941067 0.0033052081711 0.0103349921091 0.00526523413726 0.0210312639716 0.00271507759476 -0.00715622802763 0.00697899783987 0.00802352988723 0.0123964392016 0.013444334265 0.0140349326775 0.0196534568792 -0.00151311138347 0.0100976111726 
0.0132322315295 0.00133145672005 0.0236553187825 0.00407247780217 0.240645373637 0.00840980719695 -0.00255932466323 0.00596816261492 0.00962724593051 -5.07924759918e-05 0.0249167739679 0.0193175996428 0.00314862314336 0.010464643678 0.0225046823919 0.0223316915694 0.0311439137817 -0.00303975176344 0.0145502014816 0.0140597362111 0.00967045515921 0.0152656923146 0.00304704960589 0.0108019889122 0.0424359446373 0.00892448102482 0.0539082147897 0.00866128287932 0.0198211797104 0.0177867720956 0.0137748356621 0.00522897561392 -0.0021133281051 0.0157138967568 0.00511672759896 0.0124904734523 0.00488107404383 0.0276712233012 0.0426473752211 0.0348970772586 0.0123310703369 0.0060880493445 0.0129215188969 0.0121394718567 0.0195007016949 0.0294302267495 0.00744550473439 0.0136279415695 0.0286821726196 0.0361853821518 
0.0116397741527 0.0252605521838 -0.00152220196291 0.0188434995655 0.00840980719695 0.273595978921 -0.0022089900305 0.0224135386148 0.00419545716851 0.0185263307882 0.01002636887 0.0131491105436 -0.0116447035687 0.066206806475 -0.000320004213843 0.028112093278 0.00762345564806 0.0316107561487 0.0213901828073 0.0628894404782 0.00271033875402 0.0210716020637 -0.00328756676244 0.0110821835192 0.00360769179472 0.0334192611107 0.0107742904113 0.0183061253306 0.0266966104147 0.022852060549 0.0228535628869 0.0162305836341 0.024275992527 -0.0107325704636 0.0074090213715 0.0255100449039 0.0190502051491 0.0249100212405 0.0227982047068 0.0514210058445 0.0153110606947 0.0287746018777 0.0185177914667 0.0252893568783 -0.0130166339026 0.0162861281223 0.00897532737302 0.024937143134 0.0190903002898 0.024347477419 
-0.004171765475 -0.0122903516779 0.000752641029156 -0.00140304621316 -0.00255932466323 -0.0022089900305 1.13799570243 -0.00242517529038 0.0351796811137 -0.00992123643111 -0.00424536605105 0.0118431129918 -0.0175590192478 0.0051111561298 -0.00466917806263 0.00545394343093 -0.00168199330958 0.00269611591299 0.00186235197909 -0.0124186049619 0.00136903208141 0.014893294354 0.00240123213485 -0.00058359083407 0.00270737783205 0.0179108194476 0.0212263973779 0.00456308652019 0.0100303498355 -0.0017926522276 0.011872506456 -0.00430619750356 0.00581018883104 -0.00653492901287 -0.00383707169666 0.00613394286258 -0.0143375770623 0.00737940146672 0.000298374625635 -0.0069261028535 -0.0115802231625 0.00120865728125 0.010375758174 0.0105423362006 0.0236670397235 0.00101345108116 -0.00454149586282 -0.0231986335192 0.00278553961608 0.0141075467627 
0.00107178882156 -0.00697513179977 0.0369255967854 -0.00413837940034 0.00596816261492 0.0224135386148 -0.00242517529039 0.23117044188 0.0204307742074 0.0204235427984 0.00182570116861 0.00311007026042 0.001548907274 0.0326607221677 0.0382825149089 0.0569266868229 0.0160656223955 0.015737249736 0.0199450463484 0.0188926677524 0.00670711397081 0.0122442025551 0.00352275002994 0.00824839304131 0.0287857210758 0.0107100540914 0.0173621007657 0.00195661749824 0.0139105851147 0.00955056418606 0.0276368612903 0.0138300797962 0.0115837348958 0.00584952768293 0.00808876848467 0.0273861715988 0.016916750984 0.0241547437873 0.0307314099455 0.0295982491699 0.00843881568494 0.0379122411931 0.0157630717147 0.0523797704871 0.0332192743653 0.0306457854261 0.0164032261003 0.0190564304923 0.0135525903468 0.00644003859751 
0.0154081911416 0.00304917509405 0.0149167675401 0.0251203031243 0.00962724593051 0.00419545716851 0.0351796811137 0.0204307742074 0.253315424563 0.0091729308914 0.00589136544102 0.0141304731651 0.0311735411885 0.0183317744422 0.0303067506502 0.0230697657904 0.0305828882724 0.0325593340285 0.0228616307785 0.0237777352921 0.0192639845721 0.0124782302343 0.022830783157 0.00752882694281 0.0545133321442 0.0123079400743 0.0489016153457 0.0063349278972 0.0361140093243 0.0147854657417 0.0232154961731 0.0313396249153 0.0192795573797 0.00370244039067 0.0137608903492 0.0120053924095 0.00533491183203 0.0200519040626 0.00904963563687 0.0139716808414 0.0264319086128 0.0233938070521 0.012647409795 0.0458665069916 0.0286100907625 0.0251645417583 0.0183007305506 0.0272299624856 -0.000221845226978 0.0281580717298 
0.00763228136838 0.0223316151481 0.00884243574713 0.0190665556109 -5.07924759919e-05 0.0185263307882 -0.00992123643111 0.0204235427984 0.0091729308914 0.429347779019 0.0309368827223 0.0448302751053 0.00714026965921 0.00547012645785 0.0522393457734 0.0190238054054 0.0264057383431 0.0434261694633 0.00865721310364 -0.00906680392249 -0.0331116794465 -0.00226038003895 0.00680299964305 0.00567727262187 0.0604018699319 0.0167074695396 0.0413738086478 0.0279046948191 0.0557150953026 0.0312317942428 0.0294314627659 0.00570400397936 0.0129163641101 -0.000575533183115 0.00143223364007 0.0232621321409 -0.00222458910302 0.00731299856733 0.00490047720627 -0.00814166752672 0.0156901582758 0.0180671250268 0.0205815346627 0.0221790877691 -0.000598660816931 0.014617577652 0.0200077926054 0.0100528615542 0.0281755596454 0.00208550537217 
0.00650135768573 0.0164587441488 0.0198341076063 0.0204123524442 0.0249167739679 0.01002636887 -0.00424536605105 0.00182570116861 0.00589136544102 0.0309368827223 0.391913160198 0.0420268093972 0.0154911239707 0.00664064717556 0.00596305439191 0.0106659391312 0.0271989170637 0.00844348774393 0.0243512255529 0.0274847360727 0.00909444954396 0.00493275829875 0.0344536482255 0.0210706783294 0.0463410277019 0.0542366512619 0.0794761234668 0.0138865562105 0.025892304129 0.0156614375575 0.0129835275935 0.0165052956727 0.0216910892391 0.0222234308396 -0.0036985705685 0.00605970804736 -0.0117911152407 0.0214929115826 0.00847007791158 0.0450573243336 0.00404543084036 0.0134586254455 0.0177048706346 0.0545374695093 0.0100733362867 0.0370162527793 0.0355773726904 0.00496963460935 0.0297051135902 0.0386409385075 
0.0186871233616 -0.0021574689122 0.0288949832475 0.0311828966164 0.0193175996428 0.0131491105436 0.0118431129918 0.00311007026042 0.0141304731651 0.0448302751053 0.0420268093972 0.492840986439 0.00943503279658 0.0198930889614 0.0131913507139 0.00916589267838 0.0230210982327 0.0194902578666 0.011428803801 0.0311148174054 0.00742589940089 0.0459576254193 0.0200621907582 0.0229676409164 0.0527275775256 0.0260401222776 0.0855848042484 0.0258757853183 0.0423016847221 0.00262237677682 0.0166794447442 0.0221902410185 0.0125689604068 0.0172148982486 0.00230658585853 0.00501968342751 -0.00769156033876 0.010152480188 0.00540573955126 -0.00320088392214 0.0183427475685 -0.00684742031523 0.00846839375683 0.0444409014107 0.0274034532755 0.0132085392049 0.039109072359 0.0149118348438 0.0128318716529 0.0352046165686 
-0.0116918766026 -0.00892506155061 -0.00902937920229 0.0288698755381 0.00314862314336 -0.0116447035687 -0.0175590192478 0.001548907274 0.0311735411885 0.00714026965921 0.0154911239707 0.00943503279658 2.98891361272 0.0125118763121 -0.0322012078022 0.0151190356447 0.0378329451799 0.00291457581427 -0.00229478877637 -0.00156260373154 0.0105480476711 -0.0249435830543 0.0122677339998 0.0205891805343 0.021408734637 -0.00983145972108 0.00817722116947 0.0339150394051 0.0185025085483 -0.00968708076918 0.00778967113015 -0.0149963658368 0.0140148892705 -0.00557990879423 0.00289892971077 0.00474099477373 -0.0164787538049 -0.0025836267713 -0.00697984488433 -0.00931812212372 -0.00753387619047 -0.0035511672233 0.000473015992991 0.0467186464449 0.0108787301043 0.0138954262425 0.00199658018621 0.0142544859382 -0.00307819080886 -0.0322189669132 
0.00365927261295 0.00821828681838 -0.00312131449726 -0.00411214516151 0.010464643678 0.066206806475 0.0051111561298 0.0326607221677 0.0183317744422 0.00547012645785 0.00664064717556 0.0198930889614 0.0125118763121 0.320428034383 0.00908548968923 0.0341474291199 0.0274434094747 0.011221080147 0.0157474007165 0.0579998332415 0.00661174240016 0.00978300958543 0.00938895818851 0.0146198571142 0.0278045538347 0.0369706511609 0.0434416854156 0.014932981514 0.0128080183055 0.00344494157698 0.0318919812935 0.0256899214493 0.0286758029449 -0.00215411632466 0.0103511558912 0.0225510182229 0.0060293426788 0.0207908438045 0.0247618481392 0.0395270925745 0.00976578564042 0.0277079347142 0.0178460963752 0.0350380355477 -0.00815908308238 0.0138976799077 0.0309982110023 0.0131251257458 0.00813752124139 0.0127764639792 
0.00204264654305 0.0167286858887 0.0479311282092 -0.00683898346826 0.0225046823919 -0.000320004213843 -0.00466917806263 0.0382825149089 0.0303067506502 0.0522393457734 0.00596305439191 0.0131913507139 -0.0322012078022 0.00908548968923 1.12104303206 0.0802917634575 0.0196150423811 -0.00152888799969 0.0188577686777 0.0169481469851 -0.00091212611627 0.0330596665973 0.00680215624672 -0.00227235811336 0.0349112244405 0.0186730431031 0.013052233471 0.0160854893489 0.00609912399695 0.0274026979463 -0.00161615775385 -0.000944152828729 0.0199432966435 0.0155436546303 -0.00909279034256 0.00878673882097 0.0348885530332 0.00456927612167 -0.010832689739 0.0099142880931 0.0263790520399 0.0131628453916 -0.000898783121464 0.0323806623326 0.0211897639157 -0.000667572220851 -0.0105729295495 0.0168026217853 0.0120854232328 0.0508651539689 
0.00123469528673 0.00270225528822 0.00849401002587 0.0128864629516 0.0223316915694 0.028112093278 0.00545394343093 0.0569266868229 0.0230697657904 0.0190238054054 0.0106659391312 0.00916589267838 0.0151190356447 0.0341474291199 0.0802917634575 0.213417354674 0.00396178232311 0.00604655041129 0.019137576318 0.0184808783622 0.00202617975328 0.0115309332131 -0.00520275833435 0.0116792588612 0.0335410305389 0.0253232647403 0.0536595727736 0.00576194947419 0.0318752442288 0.0138048257868 0.0201714031937 0.0147692512999 0.0239378730593 0.00737363068559 -0.00107029529215 0.0160695749273 0.00496316144931 0.0269873190486 0.0141711616359 0.002131233238 0.0108808685361 0.0378580857821 0.0159805671811 0.0172852509152 0.0139562401245 0.0221930029448 0.0122491974547 0.0346532034765 0.0166118846376 0.00140835646131 
0.0211052703786 0.00114024854198 0.0314221728904 0.00264511725708 0.0311439137817 0.00762345564806 -0.00168199330958 0.0160656223955 0.0305828882724 0.0264057383431 0.0271989170637 0.0230210982327 0.0378329451799 0.0274434094747 0.0196150423811 0.00396178232311 0.563796605608 0.04262801137 0.038409382023 0.0495853340998 0.0162051980852 0.045546650698 -0.00539820265018 0.00729609583224 0.0506719818003 0.0190910114619 0.0586673042697 0.0109340690549 0.0540451657697 0.0221517982184 0.0260596244894 0.0447477865261 0.0151113116646 0.00994749128203 -0.000491971874792 0.0121708451976 0.0187755219852 0.0155503988228 0.0338283574161 -0.0168500683258 0.0131679267822 0.0199903585857 0.0457428806656 0.078012593356 0.0293515425599 0.0266477399791 0.0176907628536 0.0157835204098 0.0119867543046 0.0261706285578 
0.00353044187357 0.0314009360458 0.0113869662904 0.000776314461871 -0.00303975176344 0.0316107561487 0.00269611591299 0.015737249736 0.0325593340285 0.0434261694633 0.00844348774392 0.0194902578666 0.00291457581427 0.011221080147 -0.00152888799969 0.00604655041129 0.04262801137 0.403138410227 0.0199482456246 0.0205551629913 0.0062324892438 0.000258934072774 0.00493461906185 0.00237609918549 0.0468473272173 0.0164571781478 0.0118598645328 0.0256342718282 0.0310550665513 0.00514769887668 0.0240111380498 0.013664776248 0.0130528676569 -0.00035211064991 0.00546959690407 0.004952592805 0.00432354795714 0.0161434514222 -0.00803473336173 -0.00289139411999 -0.0164493294758 -0.00195233733128 0.014491921505 0.0384772478342 0.00936884399064 0.0227307425633 0.0143958101345 0.0109789393093 0.0284867473749 -0.00532123591606 
0.0180543463848 -0.00504994446373 0.00382575363731 0.00991243825885 0.0145502014816 0.0213901828073 0.00186235197909 0.0199450463484 0.0228616307785 0.00865721310364 0.0243512255529 0.011428803801 -0.00229478877637 0.0157474007165 0.0188577686777 0.019137576318 0.038409382023 0.0199482456246 0.21625224467 0.0261619088471 0.0249322782733 0.0151170386966 -0.00519846311481 0.0044230760107 0.0294918456978 0.00938386156631 0.0371500339997 0.00858344552449 0.0153743241231 0.00252957876726 0.0194595662256 0.0256716957286 0.00287210302215 0.0111347895004 0.0039838370179 0.0115993965222 0.0201574427625 0.0106495036172 -0.00156092127473 0.0282359931407 0.0211273374282 0.00797969975291 0.0211660678416 0.0419776860452 0.00667017042893 0.0335442813613 0.0162999489735 0.0304177566598 0.00971623085117 0.0213945695973 
0.0128919627898 0.0599797621598 0.00253578344546 0.00236828072162 0.0140597362111 0.0628894404782 -0.0124186049619 0.0188926677524 0.0237777352921 -0.00906680392249 0.0274847360727 0.0311148174054 -0.00156260373154 0.0579998332415 0.0169481469851 0.0184808783622 0.0495853340998 0.0205551629913 0.0261619088471 0.453373223758 0.00132320362388 0.0167660268078 0.0119690394254 0.0309648324492 0.0424915769474 0.018742318466 0.0603976870815 -0.00199867808087 0.0403743013528 0.0222170483876 0.0172092648015 0.0254307111142 0.0162805058352 0.0216614658459 -0.00295591174321 0.00830828191356 -0.0120445647332 0.0313592879356 0.0266830559754 0.00493515567824 0.0241963194897 0.0200317817689 0.0185157742998 0.0461968229703 0.0288972386328 0.0396556630322 0.0229123853807 0.0521123097052 0.00331527534163 -0.00854073184486 
0.0137479912817 0.000347583847569 0.0195197276575 0.100995633961 0.00967045515921 0.00271033875402 0.00136903208141 0.00670711397082 0.0192639845721 -0.0331116794465 0.00909444954396 0.00742589940089 0.0105480476711 0.00661174240016 -0.00091212611627 0.00202617975328 0.0162051980852 0.0062324892438 0.0249322782733 0.00132320362388 0.37964886809 0.0167063372145 0.0151516712802 0.028069469111 -0.00233283162213 0.009048137473 0.0342013109419 0.0389832453452 0.0214084751616 0.0290524496465 0.00635302303302 0.017858669471 -0.00651840328662 0.0239799452534 0.01405848881 8.77282559788e-05 0.00698855105628 0.0130260120266 0.0181783332964 0.021627848414 0.00580935558452 0.025674663783 -0.00321973856836 0.0101589567144 -0.00835533017709 0.0110013400428 0.00997496203221 0.00818176604143 -0.00552317743451 0.00539579402786 
-0.00553969834784 -0.0101942511182 0.00375020329631 0.00805067771834 0.0152656923146 0.0210716020637 0.014893294354 0.0122442025551 0.0124782302343 -0.00226038003895 0.00493275829875 0.0459576254193 -0.0249435830543 0.00978300958543 0.0330596665973 0.0115309332131 0.045546650698 0.000258934072773 0.0151170386966 0.0167660268078 0.0167063372145 0.333673221175 -0.000613396406868 -0.00723616620187 0.0342281258514 0.0113660192405 0.0265039240857 0.00517577175732 0.026275047924 0.00996872719776 0.0292134165359 0.0211160936377 0.0083376782037 0.0142300105035 0.0180926300953 0.0249578885239 0.000220086087503 0.0236889243207 0.0121243205952 0.0194944285575 0.00586851127018 0.0210575111271 0.0237930497955 0.0378452131675 0.0153619111469 0.010501548178 0.0208597614155 0.00890074376358 0.0341389404985 -0.00991365395142 
-0.00746201789095 -0.00187150336399 0.0160742673864 0.00182113926368 0.00304704960589 -0.00328756676244 0.00240123213485 0.00352275002994 0.022830783157 0.00680299964305 0.0344536482255 0.0200621907582 0.0122677339998 0.00938895818851 0.00680215624672 -0.00520275833435 -0.00539820265018 0.00493461906185 -0.00519846311481 0.0119690394254 0.0151516712802 -0.000613396406868 0.921686076742 0.0024708958729 0.0711917859562 0.00563197013274 0.0508103454828 0.00162774854697 0.0168971266238 0.00820939499801 -0.0126803202438 0.0146389373148 -0.00589490019721 0.0221699478189 0.00684057685391 0.00742181449222 0.00171966259248 0.00446632734499 -0.00748792326476 0.00964633815456 -0.000716153127558 0.00172433780863 0.00152023643588 0.0536213823339 0.0353441873692 0.00705881902866 0.0161479799224 -0.0122548771117 0.0186015206463 -0.000543277194862 
0.0184835316892 -0.00347808453142 0.00822728750543 0.035408059863 0.0108019889122 0.0110821835192 -0.00058359083407 0.00824839304131 0.00752882694281 0.00567727262187 0.0210706783294 0.0229676409164 0.0205891805343 0.0146198571142 -0.00227235811336 0.0116792588612 0.00729609583224 0.00237609918549 0.0044230760107 0.0309648324492 0.028069469111 -0.00723616620187 0.0024708958729 0.283780802955 0.00855952622605 0.0111346612646 0.0319489247965 0.0359789309647 0.0193926037538 0.0116058672594 0.0223911895293 0.000769536042634 0.00590175509552 0.0223599506112 0.0279366256823 0.0143693618158 0.0208938299692 0.0195079231867 -0.00105126556114 0.0112022388642 0.0185483880632 0.0148846644796 0.002356962323 0.0122848623714 0.0167127006057 0.0207463690975 0.0155042491129 0.0046518626929 0.0240830070389 0.0218847938273 
0.0119187529506 0.0254794538219 0.0399880350855 0.0129018621023 0.0424359446373 0.00360769179472 0.00270737783205 0.0287857210758 0.0545133321442 0.0604018699319 0.0463410277019 0.0527275775256 0.021408734637 0.0278045538347 0.0349112244405 0.0335410305389 0.0506719818003 0.0468473272173 0.0294918456978 0.0424915769474 -0.00233283162213 0.0342281258514 0.0711917859562 0.00855952622605 1.23881117802 0.0139730508104 0.0396449425868 0.0152191909008 0.0536005033897 0.0104612690542 0.00373190163546 0.0175777206212 0.0286493471408 0.0123416868411 0.0140880538786 -0.00668358913133 0.012330552134 -0.00484821942141 0.0111527594343 0.016900354977 0.0124709472299 0.0192781674817 -0.000849700262759 0.063040201148 0.0456345087315 0.00200155855755 0.0335590673573 0.00940542011738 0.0790874030723 0.011165777975 
0.0119928199712 -0.00427082133272 0.001565050498 0.00768269498195 0.00892448102482 0.0334192611107 0.0179108194476 0.0107100540914 0.0123079400743 0.0167074695396 0.0542366512619 0.0260401222776 -0.00983145972108 0.0369706511609 0.0186730431031 0.0253232647403 0.0190910114619 0.0164571781478 0.00938386156631 0.018742318466 0.009048137473 0.0113660192405 0.00563197013274 0.0111346612646 0.0139730508104 0.288857118786 0.0244850299343 0.0102876946332 0.020099083301 0.00576191903528 0.018881999234 0.0143342491487 0.0182311834169 0.00695078726792 0.00469964016709 0.00829444147872 0.0272838646473 0.00958479629358 0.0132411151365 0.0130541020318 0.00846395253091 0.0202313720313 0.0121532788251 0.0260435764043 0.00751230841353 0.0319976167159 0.0167137941737 0.0181414036817 0.0273325076411 0.0119235780981 
0.0114995662256 0.0326008492948 0.0319675083478 -0.0130288695626 0.0539082147897 0.0107742904113 0.0212263973779 0.0173621007657 0.0489016153457 0.0413738086478 0.0794761234668 0.0855848042484 0.00817722116947 0.0434416854156 0.013052233471 0.0536595727736 0.0586673042697 0.0118598645328 0.0371500339997 0.0603976870815 0.0342013109419 0.0265039240857 0.0508103454828 0.0319489247965 0.0396449425868 0.0244850299343 0.876891740782 0.0265897483729 0.142751666809 0.0175927551816 0.0221203384308 0.0457489597328 0.0154293759443 0.0369205490867 0.00496731909078 0.00967462291181 0.0131727977592 0.030824055508 0.00753622028664 0.034738080405 0.0200249293604 0.00628421752501 0.0250269399221 0.0855052476124 0.0361435054599 0.0288783569157 0.0775634980565 0.0353815507145 0.0311374653408 0.0384026681283 
0.0140265889087 0.00602860585198 0.0133127364187 0.0183362437051 0.00866128287932 0.0183061253306 0.00456308652019 0.00195661749824 0.0063349278972 0.0279046948191 0.0138865562105 0.0258757853183 0.0339150394051 0.014932981514 0.0160854893489 0.00576194947419 0.0109340690549 0.0256342718282 0.00858344552449 -0.00199867808087 0.0389832453452 0.00517577175732 0.00162774854697 0.0359789309647 0.0152191909008 0.0102876946332 0.0265897483729 0.198856579248 0.0184082893833 -0.0015267756188 0.0173431197708 0.0173970908781 0.012830512958 0.00962479201131 0.0237125809969 0.00485107108011 0.0343266783357 0.00983452685223 -0.00367549901864 0.0130256053683 0.0141464079633 0.0175272013745 0.00898900446931 0.0165755422598 0.00967292532829 0.0121378439213 0.00889096003881 0.018402171368 -0.00412450958868 0.0246179914362 
0.0236415896824 0.0171278090271 0.0104917015285 0.00336403981926 0.0198211797104 0.0266966104147 0.0100303498355 0.0139105851147 0.0361140093243 0.0557150953026 0.0258923041291 0.0423016847221 0.0185025085483 0.0128080183055 0.00609912399696 0.0318752442288 0.0540451657697 0.0310550665513 0.0153743241231 0.0403743013528 0.0214084751616 0.026275047924 0.0168971266238 0.0193926037538 0.0536005033897 0.020099083301 0.142751666809 0.0184082893833 0.422150316416 0.0200267250522 0.0149927841432 0.0222668105424 0.0302045836995 0.0191497679893 0.0101339532142 0.00318680647744 0.0130441015198 0.0156957464739 0.0150851326844 -0.0203898704764 0.0119056947055 0.0129817411886 0.0212678907632 0.105693944248 0.0259176100308 0.0327081629345 0.100923917504 0.029465454435 0.0245480122347 0.0216338538327 
0.0223602931681 0.0142759242917 0.0434974581005 -0.00162303317064 0.0177867720956 0.022852060549 -0.0017926522276 0.00955056418606 0.0147854657417 0.0312317942428 0.0156614375575 0.00262237677682 -0.00968708076918 0.00344494157698 0.0274026979463 0.0138048257868 0.0221517982184 0.00514769887668 0.00252957876726 0.0222170483876 0.0290524496465 0.00996872719775 0.00820939499801 0.0116058672594 0.0104612690542 0.00576191903528 0.0175927551816 -0.0015267756188 0.0200267250522 0.323572768819 0.0155629366674 0.0224375037654 0.035077968488 0.0151216903036 -0.000360217275314 0.0122630906353 0.0273215598252 0.0196338980392 0.00989260494788 0.0164053475018 0.00475810498079 0.00884945096584 0.0276579635977 0.00835485460481 0.0295859598955 0.00651192082285 0.00946277186055 0.0115935173613 -0.00118718562823 0.0407163818969 
0.00864547534241 0.00415457262164 0.00940705553219 0.0122046753609 0.0137748356621 0.0228535628869 0.011872506456 0.0276368612903 0.0232154961731 0.0294314627659 0.0129835275935 0.0166794447442 0.00778967113015 0.0318919812935 -0.00161615775385 0.0201714031937 0.0260596244894 0.0240111380498 0.0194595662256 0.0172092648015 0.00635302303302 0.0292134165359 -0.0126803202438 0.0223911895293 0.00373190163546 0.018881999234 0.0221203384308 0.0173431197708 0.0149927841432 0.0155629366674 0.208301591224 0.0168284355277 0.00921379530665 0.0120422404526 0.0200496414016 0.0311739327047 0.00979273183017 0.0357885990026 0.0095412139263 0.0358118955991 0.0107461419502 0.0232961696977 0.0117443673805 0.0183785676154 0.0185360828971 0.0353265181004 0.00917368974101 0.0148002693825 0.00723633965989 0.016308665671 
0.00554684863916 9.29520503782e-05 0.0088469568654 0.00150997555806 0.00522897561392 0.0162305836341 -0.00430619750356 0.0138300797962 0.0313396249153 0.00570400397936 0.0165052956727 0.0221902410185 -0.0149963658368 0.0256899214493 -0.000944152828729 0.0147692512999 0.0447477865261 0.013664776248 0.0256716957286 0.0254307111142 0.017858669471 0.0211160936377 0.0146389373148 0.000769536042633 0.0175777206212 0.0143342491487 0.0457489597328 0.0173970908781 0.0222668105424 0.0224375037654 0.0168284355277 0.235660701298 0.0164465429718 0.0148488513169 0.0231644855484 0.0239030113952 0.0169341501194 0.031742871678 0.0188878926881 0.0312026169219 0.0675914495219 0.0102530007723 0.0135149840174 0.0350671489831 0.0155783178204 0.0173660788915 0.0194610659137 0.0204380011524 0.0219350992721 0.00434884766436 
0.00947575185426 -0.00223002013404 0.00516766184932 -0.00891376264108 -0.0021133281051 0.024275992527 0.00581018883104 0.0115837348958 0.0192795573797 0.0129163641101 0.0216910892391 0.0125689604068 0.0140148892705 0.0286758029449 0.0199432966435 0.0239378730593 0.0151113116646 0.0130528676569 0.00287210302215 0.0162805058352 -0.00651840328662 0.0083376782037 -0.00589490019721 0.00590175509552 0.0286493471408 0.0182311834169 0.0154293759443 0.012830512958 0.0302045836995 0.035077968488 0.00921379530665 0.0164465429718 0.227147482283 0.00498908859645 0.00322872628974 0.00620285361621 0.0172175682795 0.0091099688158 -0.00485399622003 0.00700851817426 0.0114445395129 0.0164946581772 0.00579652229402 0.0174665538462 0.0132027377106 0.00489323189423 0.00934234898444 0.0509563444492 0.0113274519597 0.0193326476135 
0.0102041004193 0.00196965633926 0.0163507104292 0.006902651257 0.0157138967568 -0.0107325704636 -0.00653492901287 0.00584952768293 0.00370244039067 -0.000575533183114 0.0222234308396 0.0172148982486 -0.00557990879423 -0.00215411632466 0.0155436546303 0.00737363068559 0.00994749128203 -0.000352110649911 0.0111347895004 0.0216614658459 0.0239799452534 0.0142300105035 0.0221699478189 0.0223599506112 0.0123416868411 0.00695078726792 0.0369205490867 0.00962479201131 0.0191497679893 0.0151216903036 0.0120422404526 0.0148488513169 0.00498908859645 0.32654429582 -0.00366191359866 -0.000911804566419 -0.00331079476481 0.0124242531077 0.00152210222552 0.0243622813722 0.00685761295668 0.0142836274054 0.0163122664843 0.0154857785625 0.0062699251311 0.0113242127892 0.00748654900094 0.0137540088263 0.00685429842536 0.00843171992677 
-0.00196579949787 -0.00150286578506 -0.00493815636263 -0.00305513693086 0.00511672759897 0.0074090213715 -0.00383707169666 0.00808876848467 0.0137608903492 0.00143223364007 -0.0036985705685 0.00230658585853 0.00289892971077 0.0103511558912 -0.00909279034256 -0.00107029529215 -0.000491971874792 0.00546959690407 0.0039838370179 -0.00295591174321 0.01405848881 0.0180926300953 0.00684057685391 0.0279366256823 0.0140880538786 0.00469964016709 0.00496731909078 0.0237125809969 0.0101339532142 -0.000360217275313 0.0200496414016 0.0231644855484 0.00322872628974 -0.00366191359866 0.214466118473 0.0105391849841 0.0421881253223 0.00445651760254 0.0186921984156 -0.00319781320815 0.00575871255223 0.0271313738185 -0.00337427463043 0.00734752891414 0.0125294438991 0.0160010223593 -0.00217845578931 0.00124945267433 -0.00559608925627 0.00624613610825 
0.00689149542624 -0.0047945575515 0.00468170955601 0.0143956941067 0.0124904734523 0.0255100449039 0.00613394286258 0.0273861715988 0.0120053924095 0.0232621321409 0.00605970804736 0.00501968342751 0.00474099477373 0.0225510182229 0.00878673882097 0.0160695749273 0.0121708451976 0.004952592805 0.0115993965222 0.00830828191356 8.77282559782e-05 0.0249578885239 0.00742181449222 0.0143693618158 -0.00668358913133 0.00829444147872 0.00967462291181 0.00485107108011 0.00318680647744 0.0122630906353 0.0311739327047 0.0239030113952 0.00620285361621 -0.00091180456642 0.0105391849841 0.137911407379 0.00912457469658 0.0468672191768 0.0243205760891 0.0282818792959 0.0159829872181 0.00567825445459 0.0178558110433 0.0175845100887 0.00689780330553 0.0222514844928 0.00182536947065 0.0206389570395 0.000349410195919 -0.000968815325593 
0.0187603491692 -0.00379892071297 0.00355406804118 0.0033052081711 0.00488107404383 0.0190502051491 -0.0143375770623 0.016916750984 0.00533491183203 -0.00222458910302 -0.0117911152407 -0.00769156033876 -0.0164787538049 0.0060293426788 0.0348885530332 0.00496316144931 0.0187755219852 0.00432354795714 0.0201574427625 -0.0120445647332 0.00698855105628 0.000220086087504 0.00171966259248 0.0208938299692 0.012330552134 0.0272838646473 0.0131727977592 0.0343266783357 0.0130441015198 0.0273215598252 0.00979273183017 0.0169341501194 0.0172175682795 -0.00331079476481 0.0421881253223 0.00912457469658 0.459235595451 0.0122684172514 0.0229275364797 0.0257270080008 0.00881467658239 0.0141791063432 0.0189576758276 0.0303966417762 0.0231481277952 0.00964030195182 0.00891143422317 0.0082576108742 0.00563319465232 0.0245711136251 
0.0113372168034 0.00324616928494 0.0203440209761 0.0103349921091 0.0276712233012 0.0249100212405 0.00737940146672 0.0241547437873 0.0200519040626 0.00731299856733 0.0214929115826 0.010152480188 -0.0025836267713 0.0207908438045 0.00456927612167 0.0269873190486 0.0155503988228 0.0161434514222 0.0106495036172 0.0313592879356 0.0130260120266 0.0236889243207 0.00446632734499 0.0195079231867 -0.00484821942141 0.00958479629358 0.030824055508 0.00983452685223 0.0156957464739 0.0196338980392 0.0357885990026 0.031742871678 0.0091099688158 0.0124242531077 0.00445651760254 0.0468672191768 0.0122684172514 0.162373103196 0.0221256664501 0.0347193124324 0.0199886489828 0.0165952575512 0.0129328525167 0.0355029333499 0.0166375775251 0.0354652605316 0.0194844080599 0.0198566239594 0.0115515962876 0.0187030415423 
0.00979453326613 -0.0142868671135 0.0317988151557 0.00526523413726 0.0426473752211 0.0227982047068 0.000298374625635 0.0307314099456 0.00904963563687 0.00490047720628 0.00847007791158 0.00540573955126 -0.00697984488433 0.0247618481392 -0.010832689739 0.0141711616359 0.0338283574161 -0.00803473336173 -0.00156092127473 0.0266830559754 0.0181783332964 0.0121243205952 -0.00748792326476 -0.00105126556114 0.0111527594343 0.0132411151365 0.00753622028664 -0.00367549901864 0.0150851326844 0.00989260494788 0.0095412139263 0.0188878926881 -0.00485399622003 0.00152210222552 0.0186921984156 0.0243205760891 0.0229275364797 0.0221256664501 0.34577403413 0.0414335321007 0.0184903289022 0.0311936325833 0.00915792639275 0.0169417685092 0.00828352581195 0.0409476834392 0.00101472052358 0.0279002987551 0.00755069012307 -0.00778771458159 
-0.00198057370013 0.00549640288584 0.0528901968893 0.0210312639716 0.0348970772586 0.0514210058445 -0.0069261028535 0.0295982491699 0.0139716808414 -0.00814166752672 0.0450573243336 -0.00320088392214 -0.00931812212372 0.0395270925745 0.0099142880931 0.002131233238 -0.0168500683258 -0.00289139411999 0.0282359931407 0.00493515567824 0.021627848414 0.0194944285575 0.00964633815456 0.0112022388642 0.016900354977 0.0130541020318 0.034738080405 0.0130256053683 -0.0203898704764 0.0164053475018 0.0358118955991 0.0312026169219 0.00700851817426 0.0243622813722 -0.00319781320815 0.0282818792959 0.0257270080008 0.0347193124324 0.0414335321007 0.64156258155 0.04097954067 0.0301988396119 0.0344743131617 0.0218235323347 0.00228825144715 0.0252108231116 -0.013718829164 0.0226344642945 0.00937870878444 0.00235522275615 
0.0173483181984 -0.0107140624914 0.00628920953463 0.00271507759476 0.0123310703369 0.0153110606947 -0.0115802231625 0.00843881568494 0.0264319086128 0.0156901582758 0.00404543084036 0.0183427475685 -0.00753387619047 0.00976578564042 0.0263790520399 0.0108808685361 0.0131679267822 -0.0164493294758 0.0211273374282 0.0241963194897 0.00580935558451 0.00586851127018 -0.000716153127558 0.0185483880632 0.0124709472299 0.00846395253091 0.0200249293604 0.0141464079633 0.0119056947055 0.00475810498079 0.0107461419502 0.0675914495219 0.0114445395129 0.00685761295668 0.00575871255223 0.0159829872181 0.00881467658239 0.0199886489828 0.0184903289022 0.04097954067 0.233583909131 0.0138909569342 0.0201201969001 0.00211357180881 0.0150070293399 0.0208608293033 0.0187603504126 0.0118795409174 -0.00299073969761 0.0193391111883 
0.021131549148 -0.00357416530751 0.0149251285834 -0.00715622802763 0.0060880493445 0.0287746018777 0.00120865728125 0.0379122411931 0.0233938070521 0.0180671250268 0.0134586254455 -0.00684742031523 -0.0035511672233 0.0277079347142 0.0131628453916 0.0378580857821 0.0199903585857 -0.00195233733128 0.00797969975291 0.0200317817689 0.025674663783 0.0210575111271 0.00172433780863 0.0148846644796 0.0192781674817 0.0202313720313 0.00628421752502 0.0175272013745 0.0129817411886 0.00884945096584 0.0232961696977 0.0102530007723 0.0164946581772 0.0142836274054 0.0271313738185 0.00567825445459 0.0141791063432 0.0165952575511 0.0311936325833 0.0301988396119 0.0138909569342 0.26560606098 0.017246348497 0.0244240505675 -0.00412931642148 0.0226937212221 0.0144805607316 0.00730296659912 0.0164681823191 0.013359050142 
0.0178334107957 0.0025042543287 0.0150430162861 0.00697899783987 0.0129215188969 0.0185177914667 0.010375758174 0.0157630717147 0.012647409795 0.0205815346627 0.0177048706346 0.00846839375683 0.000473015992991 0.0178460963752 -0.000898783121464 0.0159805671811 0.0457428806656 0.014491921505 0.0211660678416 0.0185157742998 -0.00321973856836 0.0237930497955 0.00152023643588 0.002356962323 -0.000849700262759 0.0121532788251 0.0250269399221 0.00898900446931 0.0212678907632 0.0276579635977 0.0117443673805 0.0135149840174 0.00579652229402 0.0163122664843 -0.00337427463043 0.0178558110433 0.0189576758276 0.0129328525167 0.00915792639275 0.0344743131617 0.0201201969001 0.017246348497 0.177816379522 0.0224727964189 0.00889787465698 0.0134511844054 0.0183451043811 0.0135740431862 0.00236356698846 0.00542550350027 
0.0361352259489 0.0244305661237 0.0202445664506 0.00802352988723 0.0121394718567 0.0252893568783 0.0105423362006 0.0523797704871 0.0458665069916 0.0221790877691 0.0545374695093 0.0444409014107 0.0467186464449 0.0350380355477 0.0323806623326 0.0172852509152 0.078012593356 0.0384772478342 0.0419776860452 0.0461968229703 0.0101589567144 0.0378452131675 0.0536213823339 0.0122848623714 0.063040201148 0.0260435764043 0.0855052476124 0.0165755422598 0.105693944248 0.00835485460481 0.0183785676154 0.0350671489831 0.0174665538462 0.0154857785625 0.00734752891414 0.0175845100887 0.0303966417762 0.0355029333499 0.0169417685092 0.0218235323347 0.00211357180881 0.0244240505675 0.0224727964189 0.460654185957 0.0336765769617 0.0345060834608 0.0481629947744 0.0231737249575 0.0150220220915 0.00197622747673 
0.00758870722729 -0.00366844408665 0.0342298086749 0.0123964392016 0.0195007016949 -0.0130166339026 0.0236670397235 0.0332192743653 0.0286100907625 -0.000598660816932 0.0100733362867 0.0274034532755 0.0108787301043 -0.00815908308238 0.0211897639157 0.0139562401245 0.0293515425599 0.00936884399064 0.00667017042893 0.0288972386328 -0.00835533017709 0.0153619111469 0.0353441873692 0.0167127006057 0.0456345087315 0.00751230841353 0.0361435054599 0.00967292532829 0.0259176100308 0.0295859598955 0.0185360828971 0.0155783178204 0.0132027377106 0.00626992513109 0.0125294438991 0.00689780330553 0.0231481277952 0.0166375775251 0.00828352581195 0.00228825144715 0.0150070293399 -0.00412931642148 0.00889787465698 0.0336765769617 0.524389950929 0.0296557443067 -0.00486839723967 0.0241233458595 -0.000724218932437 0.062017053195 
0.00269889035289 0.00918406279866 -0.00391131052567 0.013444334265 0.0294302267495 0.0162861281223 0.00101345108116 0.0306457854261 0.0251645417583 0.014617577652 0.0370162527793 0.0132085392049 0.0138954262425 0.0138976799077 -0.000667572220851 0.0221930029448 0.0266477399791 0.0227307425633 0.0335442813614 0.0396556630322 0.0110013400428 0.010501548178 0.00705881902866 0.0207463690975 0.00200155855755 0.0319976167159 0.0288783569157 0.0121378439213 0.0327081629345 0.00651192082285 0.0353265181004 0.0173660788915 0.00489323189423 0.0113242127892 0.0160010223593 0.0222514844928 0.00964030195182 0.0354652605316 0.0409476834392 0.0252108231116 0.0208608293033 0.0226937212221 0.0134511844054 0.0345060834608 0.0296557443067 0.244347396886 0.0104990101838 0.0230494640144 -0.00365751223286 -0.00177599376333 
0.00936901289545 0.0343615466065 0.00590218115746 0.0140349326775 0.00744550473439 0.00897532737302 -0.00454149586282 0.0164032261003 0.0183007305506 0.0200077926054 0.0355773726904 0.039109072359 0.00199658018621 0.0309982110023 -0.0105729295495 0.0122491974547 0.0176907628536 0.0143958101345 0.0162999489735 0.0229123853807 0.00997496203221 0.0208597614155 0.0161479799224 0.0155042491129 0.0335590673573 0.0167137941737 0.0775634980565 0.00889096003881 0.100923917504 0.00946277186055 0.00917368974101 0.0194610659137 0.00934234898444 0.00748654900094 -0.00217845578931 0.00182536947065 0.00891143422317 0.0194844080599 0.00101472052359 -0.013718829164 0.0187603504126 0.0144805607316 0.0183451043811 0.0481629947744 -0.00486839723967 0.0104990101838 0.281692507621 -0.00641409571334 0.0143186779272 0.000874927516325 
