40
0.0631330997176 0.0247746242904 0.00399952409326 0.0471087328402 0.125871369107 0.0180781461794 0.026407260569 0.10135047428 0.0396471392927 0.0255121646837 0.0377827405953 0.15717092416 0.0384738749472 0.0589662330248 0.0297343435849 0.192324736986 0.090319564185 0.0291248595558 0.078059567066 0.0395396308246 0.0878126089614 0.0374431650663 0.0248608942987 0.0787213758152 0.0325349378307 0.129241945615 0.105459344027 0.0479675113811 0.110625092132 0.044344522835 0.251790956204 0.0367752030525 0.126302472887 0.0289058353667 0.00422555400052 0.0414012394119 0.0511846892664 0.143584613331 0.0739523233915 0.0613427887106 
0.463821249468 0.0264647662387 0.0170607837012 0.0013935223037 0.034646545329 0.0136857945033 0.0114181941467 0.0539824399239 0.00548337267859 0.0123277336803 -0.00762244612658 0.0450166475276 -0.00218860927761 0.0158004022864 0.00940212319425 0.0377959860124 0.0340852302044 -0.00340202307097 0.0160156820924 0.0206016524608 0.0331419174074 0.0337459351926 0.000328899969172 0.0146009737168 0.00502934214065 0.0302546003991 0.0534681952141 0.000520961968172 0.0438372875957 0.0221688726145 0.0213214450551 0.00765637752941 0.0324721464047 0.0269738059909 0.0353303752749 0.00108692029627 0.0482024361251 0.0273816826757 0.0353126037305 0.0241879162649 
0.0264647662387 0.184616922653 0.0113072037061 0.00610017103043 0.00438359217686 0.00078259175255 0.017684686115 0.048245327508 0.0181322318079 0.021071143564 0.00241868959993 0.0323066651176 0.00431789310097 0.0204174786441 0.00582667281935 0.034549513783 0.0117538169458 0.0205352279709 0.0196364880029 0.0114846488004 0.00887233756544 0.0250057035379 0.0194552369498 0.00797540028579 0.0133195159969 0.00634531739834 0.0137294704506 0.0222152609619 0.0232449938509 0.0160418701927 0.0237013811196 0.0146388236286 0.0146530002183 0.0204494920199 0.0100139151978 0.0246496874572 0.00889132270135 0.0112816870205 0.0214850976137 0.0102319951431 
0.0170607837012 0.0113072037061 0.174290646073 0.00317129579654 -0.00694858494668 0.00534441914427 0.0248295810666 0.0168802812203 0.0131623877807 0.01566606923 0.015513918559 0.00513471784864 0.00107890181886 0.0132939510607 0.00123214855121 0.00567167331302 0.0460037613835 0.00762670774535 0.0103304821678 0.0117498688715 0.0134283823571 0.02243363559 0.0227273202069 0.00588060028394 0.0225114718 0.0167069135677 0.013097197638 0.0113216135503 0.00554822208539 0.00147554306023 0.00460829591701 0.0195658231679 -0.000571806166244 0.0267557595078 0.00900888633198 0.019357085139 0.000294450347778 -0.0189589577373 0.0223143738698 0.0101336918084 
0.0013935223037 0.00610017103043 0.00317129579654 0.220877499346 -0.019664836654 0.00445942902069 0.01114956055 0.0148768798872 0.0369732636879 0.0169293753742 0.0284483361956 0.0240752678172 0.0115544453798 -0.00353119784476 0.0103020150751 0.0641228381309 -0.00853019284159 0.00814933902694 0.000410636821528 0.00182095936214 0.00683200055472 -0.000922196925583 -0.000478183877597 0.109710468468 -0.00431851467423 0.0204225208293 -0.000528255914229 0.0119113282843 -0.00655524814236 0.0170527061508 0.00263886778134 0.000874651736161 0.0468053482504 0.0164726773375 0.0148746352671 0.0015186631315 0.00626420069545 0.104036279675 0.0058154489723 0.0148229028894 
0.034646545329 0.00438359217686 -0.00694858494668 -0.019664836654 0.843438543953 -0.0103311413514 0.0300111113512 0.0381042200344 -0.00867336689631 -0.0033409507177 0.0167650315106 0.0177989821421 0.00834659760264 -0.00855271724224 -0.00573967250676 0.0345488416723 0.00812730276657 -0.00262286115588 -0.00483484687452 0.0237951780256 0.0222071406375 -0.00464288780986 0.0154535205304 -0.0229443691519 -0.000169779188947 0.000951944245323 0.011958895697 0.0128782862245 0.0153427911181 -0.00163873308506 0.0151069628772 0.000466568320251 -0.00444355031411 0.00533431357822 0.0203950475479 -0.0106011052505 0.0149473666795 -0.00640285211568 0.0126758769853 0.00235652867089 
0.0136857945033 0.000782591752549 0.00534441914427 0.00445942902069 -0.0103311413514 0.248332894763 0.0206001691726 0.0135746148105 0.017927014347 0.02404523786 0.0170324539853 0.0125979680911 0.00787885387057 -0.00273289750991 0.011323025226 0.0244886857649 0.0115930686853 0.00583770350309 0.00496708911087 0.0166273606107 0.0122410567382 0.00664660003127 0.0175923580309 -0.000786928855244 -0.000714273153273 -0.00184887476203 0.00460175678019 0.0102659233852 -5.84011972798e-05 0.0154561500402 0.0148376211328 0.0084083451496 0.0175446920585 0.00357629181125 0.0124185787793 -0.00945841956685 0.0191281058011 -0.00208242304487 0.00545440495379 0.00902538687428 
0.0114181941467 0.017684686115 0.0248295810666 0.01114956055 0.0300111113512 0.0206001691726 0.202079682655 0.035957221814 0.0385084638859 0.0243318118472 0.0216980326973 0.0248907922366 0.0114536851792 0.0286630523858 -0.00628601411981 0.0404517052842 0.0216240746652 0.0109623196956 0.0151620753755 0.00943541867907 0.0172938876169 0.023691308814 0.0498155716135 0.0136970190884 0.00706732226707 -0.000326625346648 0.0261800546516 0.0344964973186 0.013070562025 0.0291865788659 0.0108524620672 0.0213129963244 0.00355200792578 0.0198014605975 0.0227526998492 0.0179942881135 0.00260843214719 -0.00515398350696 0.0119266183239 0.0136617193641 
0.0539824399239 0.048245327508 0.0168802812203 0.0148768798872 0.0381042200344 0.0135746148105 0.035957221814 0.572073292566 0.023568788001 0.0245051921053 0.0157972440896 0.045728387222 0.00574202655489 0.0285681875691 0.0169222660194 0.0768691017467 0.0135828732778 0.0129859358769 0.0169704164997 0.0492527169846 0.0820333557362 0.00938870699419 0.0254978278178 0.0268562522106 -0.00700297774454 -0.0034563702939 0.0515636053521 0.0316921300496 -0.00485753661881 0.0416626766403 0.00989884595534 0.0274095963052 0.00697635386349 0.0287640224054 0.0186040277412 0.0274950763666 0.0259101316931 0.034067898085 0.0516994349751 0.030281995258 
0.00548337267859 0.0181322318079 0.0131623877807 0.0369732636879 -0.00867336689631 0.017927014347 0.0385084638859 0.023568788001 0.261997031373 0.024908897735 0.0364447433493 0.00345266613949 0.0185045159141 0.00322595617955 0.0113375917993 0.0297573420273 0.0188700475606 0.0140103761671 0.0212266268855 0.000781253805962 0.000898978436991 -0.00300484845359 0.030813679997 0.047513734903 0.00774978937951 0.0521492321065 0.0031533272293 0.0165773206504 -0.000771146486177 0.026467529079 -0.011883649882 -0.00164435484011 0.00614744432211 0.0175020212665 0.0235216881696 0.020479229912 -0.000802202784586 0.0513933985967 0.035290982232 0.0236891026727 
0.0123277336803 0.021071143564 0.01566606923 0.0169293753742 -0.0033409507177 0.02404523786 0.0243318118472 0.0245051921053 0.024908897735 0.163813645669 0.0233255751195 0.0092202943552 0.0130366013695 0.0119441884856 0.0178595813606 0.0100664154324 0.00598685183822 0.00246864234227 0.0098553254917 0.0160507975453 0.0207184402301 -0.00356625431572 0.0263698584757 0.00130816393459 0.00981263719145 0.00380796375945 0.0111236759805 0.00796987653952 0.0279380816746 0.0152606490014 0.000126196892434 0.0149939842 5.33480651658e-05 0.0286325461955 0.0166587616972 0.0233905729234 0.00435090090729 0.0115034680716 -0.00102161947659 0.0226217806399 
-0.00762244612659 0.00241868959993 0.015513918559 0.0284483361956 0.0167650315106 0.0170324539853 0.0216980326973 0.0157972440896 0.0364447433493 0.0233255751195 0.323548975329 0.0033009590527 0.0273029027513 0.00040935056283 0.0145434797578 0.0229093603013 0.00673811637524 0.0225473876136 0.0113709575221 0.00494716182165 0.0195892000901 0.0138652752799 0.0186450097988 0.0390190102764 0.00139527106544 0.0291976099365 0.01603100143 0.0129968940675 0.0101491189175 0.0161882196324 0.0444836129766 0.0107476387797 0.026337502292 0.0182763620258 0.00946073547232 0.00982284618562 0.0090523387001 0.0287000833864 0.00916314521043 0.0422145218525 
0.0450166475276 0.0323066651176 0.00513471784864 0.0240752678172 0.0177989821421 0.0125979680911 0.0248907922366 0.045728387222 0.00345266613949 0.0092202943552 0.0033009590527 0.625802028235 0.0178068131057 0.0179305705901 0.00455338853594 0.104305906116 0.0318991405931 0.0120539740899 0.0118098347809 0.0224651089431 0.0632341600197 0.0147475636824 0.024380680416 0.0123997750491 0.0355868738104 0.0217642692704 0.0465324282133 0.0346597742607 0.0631440541888 0.0399704678978 0.0470618251955 0.0318477799676 0.0368064892354 0.037760731946 0.0159285337841 0.0209911364115 0.0278496753781 0.0360934319761 0.0214863994301 0.0147652221352 
-0.00218860927761 0.00431789310097 0.00107890181886 0.0115544453798 0.00834659760264 0.00787885387057 0.0114536851792 0.00574202655489 0.0185045159141 0.0130366013695 0.0273029027513 0.0178068131057 0.229125445389 0.0305927286358 -0.00392223495419 0.0314697683299 0.0207591332681 0.01820179347 0.0175213564643 0.0201337376691 -0.00236801415254 0.0181926892018 0.0261118380118 0.0127488403779 0.00896467506323 0.0166361406256 0.0124348440689 0.00413878446533 -0.00537054699358 0.0192319473033 0.0302341852616 0.0214398913905 0.0194777802659 0.00637327997385 0.0167623729114 0.0149821881446 -0.00125588374118 0.0188989181128 0.0185354263279 0.0120716219352 
0.0158004022864 0.0204174786441 0.0132939510607 -0.00353119784476 -0.00855271724224 -0.00273289750991 0.0286630523858 0.0285681875691 0.00322595617955 0.0119441884856 0.00040935056283 0.0179305705901 0.0305927286358 0.400516005133 0.00513648919674 0.0180489540888 0.0177683578186 0.0110668324433 0.0125346433451 0.0257259693019 0.0127673196501 0.0297029642678 0.0329108203009 0.0060338280352 0.0134153329109 0.00580186835819 0.0366066106263 0.0145698757169 0.0290653474864 0.0243914720669 -0.00260588379942 0.0192278734994 0.0413549685332 0.0190660921633 0.0112321060919 0.00221089005216 0.0203282652853 -0.00133537096239 0.00987729413936 0.0211269506558 
0.00940212319425 0.00582667281935 0.00123214855121 0.0103020150751 -0.00573967250676 0.011323025226 -0.00628601411981 0.0169222660194 0.0113375917993 0.0178595813606 0.0145434797578 0.00455338853594 -0.00392223495419 0.00513648919674 0.193820065643 0.0171756079053 0.00782378213122 0.00925666245741 0.0125321549693 0.00365867804864 0.00571549455937 0.00575873795611 0.00376690566415 0.0037635589083 0.0118380694067 -0.00599890706372 0.00333842891639 0.00681982864312 0.00823186864808 0.0119303437849 0.0125541869529 0.00971478675717 0.0104981613502 0.0132170041938 0.0113769953362 0.0165165449774 0.00971944623156 0.034286487404 -0.00858739193438 0.0136120591193 
0.0377959860124 0.034549513783 0.00567167331302 0.0641228381309 0.0345488416723 0.0244886857649 0.0404517052842 0.0768691017467 0.0297573420273 0.0100664154324 0.0229093603013 0.104305906116 0.0314697683299 0.0180489540888 0.0171756079053 0.617968053161 0.0426218960568 0.0328710768946 0.0313473962438 0.0124367348575 0.0275547724343 0.0139372389668 0.0229570161728 0.10338484244 0.00973149689224 0.0572962247283 0.0458913113869 0.0343108989343 0.0603906504218 0.0552196212691 0.0403353681929 0.00474160286795 0.200010969629 0.0334170371825 0.0489309248463 0.0259776038667 0.0579295815302 0.146497468324 0.0564367484529 0.0310759821358 
0.0340852302044 0.0117538169458 0.0460037613835 -0.00853019284159 0.00812730276657 0.0115930686853 0.0216240746652 0.0135828732778 0.0188700475606 0.00598685183822 0.00673811637524 0.0318991405931 0.0207591332681 0.0177683578186 0.00782378213122 0.0426218960568 0.607458074268 0.0158707258973 0.0275434909664 0.0479179070022 0.013489952031 0.0118090694408 0.0189844258498 -0.0053304872133 0.027018366312 0.00644999985996 0.0181207513222 0.0537729910629 0.0450497076577 0.026881193278 0.0278541191851 0.0408141315796 0.0068133613509 0.00791741421066 0.0222110217381 0.0160107589453 0.0280917579256 0.0225795804085 0.0281893420285 0.000790863984548 
-0.00340202307097 0.0205352279709 0.00762670774535 0.00814933902694 -0.00262286115588 0.00583770350309 0.0109623196956 0.0129859358769 0.0140103761671 0.00246864234227 0.0225473876136 0.0120539740899 0.01820179347 0.0110668324433 0.00925666245741 0.0328710768946 0.0158707258973 0.229416949405 0.020408110849 0.0085900616788 0.013386013368 -0.00483607168179 0.0299762394386 0.00860844858802 0.0301058199867 -0.00225992389802 0.0118244637778 0.00999899486461 0.0134981450959 0.0144255479644 0.0864366694938 0.0115208334508 0.00682618140159 0.0115053572259 0.0122748520168 0.00827101022876 0.00346911852927 0.0202535363604 0.0180198729636 0.0206472656548 
0.0160156820924 0.0196364880029 0.0103304821678 0.000410636821528 -0.00483484687452 0.00496708911087 0.0151620753755 0.0169704164997 0.0212266268855 0.0098553254917 0.0113709575221 0.0118098347809 0.0175213564643 0.0125346433451 0.0125321549693 0.0313473962438 0.0275434909664 0.020408110849 0.524811932017 0.0179762713088 0.0199414695719 0.00541102655379 0.0195908814361 0.0087184915178 0.026697453278 0.00956422582181 0.030678028541 0.025831700124 0.0424904958764 0.0272378264464 0.0138512975 -0.00308302276012 0.0193197705356 0.0179826011652 0.002504486267 0.00209462198348 0.0169284973715 0.0084616981743 0.0235819770632 -0.00272539078832 
0.0206016524608 0.0114846488004 0.0117498688715 0.00182095936214 0.0237951780256 0.0166273606107 0.00943541867907 0.0492527169846 0.000781253805963 0.0160507975453 0.00494716182166 0.0224651089431 0.0201337376691 0.0257259693019 0.00365867804864 0.0124367348575 0.0479179070022 0.0085900616788 0.0179762713088 0.292604095249 0.00824849363667 0.0138169930405 0.0204210051572 -0.00787835598215 0.0181217330539 0.0305993951517 0.0186116442302 0.0178240388104 0.0160716685397 0.0146493143258 0.0475930685626 0.0272428270744 -0.000143473887854 0.0182181737961 0.019140319224 0.00844202156556 0.0139673079346 0.000766095233856 0.027968418451 -0.0143374344201 
0.0331419174074 0.00887233756544 0.0134283823571 0.00683200055472 0.0222071406375 0.0122410567382 0.0172938876169 0.0820333557362 0.000898978436991 0.0207184402301 0.0195892000901 0.0632341600197 -0.00236801415254 0.0127673196501 0.00571549455937 0.0275547724343 0.013489952031 0.013386013368 0.0199414695719 0.00824849363667 0.47575764922 0.0374229576039 0.0413070352033 -0.00179809835708 0.00863720859991 -0.00430975267648 0.036778644995 0.00520120751815 0.0453544663205 0.0162955964998 0.0287454705028 0.0280489894658 0.00423185789923 0.0413170633768 0.0121277240844 0.0101276647915 0.0204093341084 0.0132744406582 0.0395147417807 0.0149570178302 
0.0337459351926 0.0250057035379 0.02243363559 -0.000922196925582 -0.00464288780986 0.00664660003127 0.023691308814 0.00938870699419 -0.00300484845359 -0.00356625431572 0.0138652752799 0.0147475636824 0.0181926892018 0.0297029642678 0.00575873795611 0.0139372389668 0.0118090694408 -0.00483607168179 0.00541102655379 0.0138169930405 0.0374229576039 0.46036855833 0.0148401672065 0.0148566131118 0.01086393159 0.00592301370443 0.0225140501424 0.00681628842604 0.0249138168544 0.0370757530196 0.0189830992133 0.0301789459279 0.0176595838981 0.0149203854502 -0.0124590736163 0.00474553556831 0.000856309864657 0.010908486491 0.0263523488695 0.00891030984925 
0.000328899969172 0.0194552369498 0.0227273202069 -0.000478183877597 0.0154535205304 0.0175923580309 0.0498155716135 0.0254978278178 0.030813679997 0.0263698584757 0.0186450097988 0.024380680416 0.0261118380118 0.0329108203009 0.00376690566415 0.0229570161728 0.0189844258498 0.0299762394386 0.0195908814361 0.0204210051572 0.0413070352033 0.0148401672065 0.216412106081 -0.00425285800625 0.0233735553468 0.0091566509004 0.0201971882544 0.0229570961546 0.0430420955003 0.0326733325622 0.00656270217784 0.0241606916453 0.0105872690315 0.0230675446346 0.0167078755672 0.0249050103197 0.00647700708727 0.0123657454534 0.00776496514585 -0.000255564220628 
0.0146009737168 0.00797540028579 0.00588060028394 0.109710468468 -0.0229443691519 -0.000786928855244 0.0136970190884 0.0268562522106 0.047513734903 0.00130816393459 0.0390190102764 0.0123997750491 0.0127488403779 0.0060338280352 0.0037635589083 0.10338484244 -0.0053304872133 0.00860844858802 0.0087184915178 -0.00787835598215 -0.00179809835708 0.0148566131118 -0.00425285800625 0.342951402619 -0.00694921935562 0.0180435104818 0.00246047797593 0.0348926601959 0.0141027644648 0.0217763440793 0.0220732231707 0.00013308254366 0.0749571362704 0.0036680671969 0.0224628513419 0.00771221576252 0.0136737181359 0.124535378837 0.024831411786 0.00632298505881 
0.00502934214065 0.0133195159969 0.0225114718 -0.00431851467423 -0.000169779188946 -0.000714273153273 0.00706732226707 -0.00700297774454 0.00774978937951 0.00981263719145 0.00139527106544 0.0355868738104 0.00896467506323 0.0134153329109 0.0118380694067 0.00973149689224 0.027018366312 0.0301058199867 0.0266974532779 0.0181217330539 0.00863720859991 0.01086393159 0.0233735553468 -0.00694921935562 0.294252576055 0.0249193786165 0.0110112549912 0.0125244471701 0.023914401783 0.015731795044 0.00132867919746 0.0108246636562 0.00385739941131 0.0237769864494 0.00776865712376 0.00897197762372 0.0158058618695 0.0226768533726 0.0120394667003 -0.00337684578507 
0.0302546003991 0.00634531739834 0.0167069135677 0.0204225208293 0.000951944245323 -0.00184887476203 -0.000326625346647 -0.0034563702939 0.0521492321065 0.00380796375945 0.0291976099365 0.0217642692704 0.0166361406256 0.00580186835819 -0.00599890706372 0.0572962247283 0.00644999985997 -0.00225992389802 0.00956422582181 0.0305993951517 -0.00430975267649 0.00592301370443 0.0091566509004 0.0180435104818 0.0249193786165 0.561732514757 0.0137493871534 0.00753358910561 0.0177819065267 0.0186264623224 0.062315132345 0.00966022228649 0.0116763609026 0.00076221335257 0.0144701516369 -0.00773416965944 0.0290258874258 0.0246207920317 0.0493680658746 0.0126812220195 
0.0534681952141 0.0137294704506 0.013097197638 -0.00052825591423 0.011958895697 0.00460175678019 0.0261800546516 0.0515636053521 0.0031533272293 0.0111236759805 0.01603100143 0.0465324282133 0.0124348440689 0.0366066106263 0.00333842891639 0.0458913113869 0.0181207513222 0.0118244637778 0.030678028541 0.0186116442302 0.036778644995 0.0225140501424 0.0201971882544 0.00246047797593 0.0110112549912 0.0137493871534 0.751201116405 0.0115840732465 0.0173188853055 0.0368292559876 0.0171269214721 0.0350480532854 0.0132061895213 -0.0067079975013 0.0130010985804 0.0218896939941 0.028000363848 -0.00889802969559 0.0222973568749 0.00947420927911 
0.000520961968172 0.0222152609619 0.0113216135503 0.0119113282843 0.0128782862245 0.0102659233852 0.0344964973186 0.0316921300496 0.0165773206504 0.00796987653952 0.0129968940675 0.0346597742607 0.00413878446533 0.0145698757169 0.00681982864312 0.0343108989343 0.0537729910629 0.00999899486461 0.025831700124 0.0178240388104 0.00520120751815 0.00681628842604 0.0229570961546 0.0348926601959 0.0125244471701 0.00753358910561 0.0115840732465 0.337814465546 0.0268638914054 0.0365900329392 0.0292939134606 -0.00321147836618 0.00226549929897 0.0227538815512 0.0136758128798 0.0321659566903 0.0276364067018 0.0494413627785 0.0141004211551 0.0135917455093 
0.0438372875957 0.0232449938509 0.00554822208539 -0.00655524814236 0.0153427911181 -5.84011972797e-05 0.013070562025 -0.00485753661881 -0.000771146486177 0.0279380816746 0.0101491189175 0.0631440541888 -0.00537054699358 0.0290653474864 0.00823186864808 0.0603906504218 0.0450497076577 0.0134981450959 0.0424904958764 0.0160716685397 0.0453544663205 0.0249138168544 0.0430420955003 0.0141027644648 0.023914401783 0.0177819065267 0.0173188853055 0.0268638914054 0.576944122797 0.0377179849326 0.0119354693256 0.0111906485873 0.00163535862707 0.0265123726724 0.0167345946814 -0.0111015575921 0.0371990233476 0.0272005743171 0.00803065840675 0.00114985835998 
0.0221688726145 0.0160418701927 0.00147554306023 0.0170527061508 -0.00163873308506 0.0154561500402 0.0291865788659 0.0416626766403 0.026467529079 0.0152606490014 0.0161882196324 0.0399704678978 0.0192319473033 0.0243914720669 0.0119303437849 0.0552196212691 0.026881193278 0.0144255479644 0.0272378264464 0.0146493143258 0.0162955964998 0.0370757530196 0.0326733325622 0.0217763440793 0.015731795044 0.0186264623224 0.0368292559876 0.0365900329392 0.0377179849326 0.198496994515 0.0581220353307 0.0233871388729 0.0261812451682 0.024238299583 0.0183685151096 0.0171873396424 0.0344725750292 0.0443446039266 0.0359924954095 0.00464711391399 
0.0213214450551 0.0237013811196 0.00460829591701 0.00263886778134 0.0151069628772 0.0148376211328 0.0108524620672 0.00989884595534 -0.011883649882 0.000126196892434 0.0444836129766 0.0470618251955 0.0302341852616 -0.00260588379942 0.0125541869529 0.0403353681929 0.0278541191851 0.0864366694938 0.0138512975 0.0475930685626 0.0287454705028 0.0189830992133 0.00656270217784 0.0220732231707 0.00132867919746 0.062315132345 0.0171269214721 0.0292939134606 0.0119354693256 0.0581220353307 2.07439632398 -0.000114367374174 0.0128258201256 0.0189348541568 -0.00967671013446 0.0147010390459 0.0384371397372 0.0267698324981 0.103996100138 0.0125788999014 
0.00765637752942 0.0146388236286 0.0195658231679 0.000874651736162 0.000466568320251 0.0084083451496 0.0213129963244 0.0274095963052 -0.00164435484011 0.0149939842 0.0107476387797 0.0318477799676 0.0214398913905 0.0192278734994 0.00971478675717 0.00474160286795 0.0408141315796 0.0115208334508 -0.00308302276012 0.0272428270744 0.0280489894658 0.0301789459279 0.0241606916453 0.000133082543661 0.0108246636562 0.00966022228649 0.0350480532854 -0.00321147836618 0.0111906485873 0.0233871388729 -0.000114367374174 0.253330599117 -0.00102457604266 0.0125969409929 0.00702912244874 0.00496168006117 -0.00101959191072 -0.0114072392777 0.0172146438733 0.00158596354503 
0.0324721464047 0.0146530002183 -0.000571806166244 0.0468053482504 -0.00444355031411 0.0175446920585 0.00355200792578 0.00697635386349 0.00614744432211 5.33480651659e-05 0.026337502292 0.0368064892354 0.0194777802659 0.0413549685332 0.0104981613502 0.200010969629 0.0068133613509 0.00682618140159 0.0193197705356 -0.000143473887855 0.00423185789924 0.0176595838981 0.0105872690315 0.0749571362704 0.00385739941131 0.0116763609026 0.0132061895213 0.00226549929897 0.00163535862707 0.0261812451682 0.0128258201256 -0.00102457604266 0.478583645048 0.0104092103697 0.0184734231929 0.0106125671079 0.0061974479547 0.113671801059 0.0102410295717 -0.00147388773706 
0.0269738059909 0.0204494920199 0.0267557595078 0.0164726773375 0.00533431357822 0.00357629181125 0.0198014605975 0.0287640224054 0.0175020212665 0.0286325461955 0.0182763620258 0.037760731946 0.00637327997385 0.0190660921633 0.0132170041938 0.0334170371825 0.00791741421066 0.0115053572259 0.0179826011652 0.0182181737961 0.0413170633768 0.0149203854502 0.0230675446346 0.0036680671969 0.0237769864494 0.00076221335257 -0.0067079975013 0.0227538815512 0.0265123726724 0.024238299583 0.0189348541568 0.0125969409929 0.0104092103697 0.23967108933 0.010186146058 0.0172150755421 0.00770635970757 0.0263106945473 0.0131743530081 0.0034133524507 
0.0353303752749 0.0100139151978 0.00900888633198 0.0148746352671 0.0203950475479 0.0124185787793 0.0227526998492 0.0186040277412 0.0235216881696 0.0166587616972 0.00946073547232 0.0159285337841 0.0167623729114 0.0112321060919 0.0113769953362 0.0489309248463 0.0222110217381 0.0122748520168 0.002504486267 0.019140319224 0.0121277240844 -0.0124590736163 0.0167078755672 0.0224628513419 0.00776865712376 0.0144701516369 0.0130010985804 0.0136758128798 0.0167345946814 0.0183685151096 -0.00967671013446 0.00702912244875 0.0184734231929 0.010186146058 0.275673393988 0.0128797744824 -0.00118092289579 0.0166726165147 0.0186129327986 0.00320521974548 
0.00108692029627 0.0246496874572 0.019357085139 0.0015186631315 -0.0106011052505 -0.00945841956685 0.0179942881135 0.0274950763666 0.020479229912 0.0233905729234 0.00982284618562 0.0209911364115 0.0149821881446 0.00221089005215 0.0165165449774 0.0259776038667 0.0160107589453 0.00827101022876 0.00209462198348 0.00844202156556 0.0101276647915 0.00474553556831 0.0249050103198 0.00771221576252 0.00897197762372 -0.00773416965944 0.0218896939941 0.0321659566903 -0.0111015575921 0.0171873396424 0.0147010390459 0.00496168006118 0.0106125671079 0.0172150755421 0.0128797744824 0.245352393053 0.00874561574997 0.0338764412498 0.00498066974614 0.00778631817462 
0.0482024361251 0.00889132270135 0.000294450347778 0.00626420069545 0.0149473666795 0.0191281058011 0.00260843214719 0.0259101316931 -0.000802202784586 0.00435090090729 0.0090523387001 0.0278496753781 -0.00125588374118 0.0203282652853 0.00971944623156 0.0579295815302 0.0280917579256 0.00346911852927 0.0169284973716 0.0139673079346 0.0204093341084 0.000856309864658 0.00647700708727 0.0136737181359 0.0158058618695 0.0290258874258 0.028000363848 0.0276364067018 0.0371990233476 0.0344725750292 0.0384371397372 -0.00101959191072 0.0061974479547 0.00770635970756 -0.00118092289579 0.00874561574997 0.332491815497 0.0170703595126 0.00875613538155 0.0040966296508 
0.0273816826757 0.0112816870205 -0.0189589577373 0.104036279675 -0.00640285211568 -0.00208242304487 -0.00515398350696 0.034067898085 0.0513933985967 0.0115034680716 0.0287000833864 0.0360934319761 0.0188989181128 -0.00133537096239 0.034286487404 0.146497468324 0.0225795804085 0.0202535363604 0.0084616981743 0.000766095233856 0.0132744406582 0.010908486491 0.0123657454534 0.124535378837 0.0226768533726 0.0246207920317 -0.00889802969559 0.0494413627785 0.0272005743171 0.0443446039266 0.0267698324981 -0.0114072392777 0.113671801059 0.0263106945473 0.0166726165147 0.0338764412498 0.0170703595126 0.532604898429 0.0223888005546 0.0174659459729 
0.0353126037305 0.0214850976137 0.0223143738698 0.00581544897231 0.0126758769853 0.00545440495379 0.0119266183239 0.0516994349751 0.035290982232 -0.00102161947659 0.00916314521043 0.0214863994301 0.0185354263279 0.00987729413936 -0.00858739193438 0.0564367484529 0.0281893420285 0.0180198729636 0.0235819770632 0.027968418451 0.0395147417807 0.0263523488695 0.00776496514585 0.024831411786 0.0120394667003 0.0493680658746 0.0222973568749 0.0141004211551 0.00803065840675 0.0359924954095 0.103996100138 0.0172146438733 0.0102410295717 0.0131743530081 0.0186129327986 0.00498066974614 0.00875613538155 0.0223888005546 0.494825717201 0.0226677383898 
0.0241879162649 0.0102319951431 0.0101336918084 0.0148229028894 0.00235652867089 0.00902538687428 0.0136617193641 0.030281995258 0.0236891026727 0.0226217806399 0.0422145218525 0.0147652221352 0.0120716219352 0.0211269506558 0.0136120591193 0.0310759821358 0.000790863984548 0.0206472656548 -0.00272539078832 -0.0143374344201 0.0149570178302 0.00891030984925 -0.000255564220628 0.00632298505881 -0.00337684578507 0.0126812220195 0.00947420927911 0.0135917455093 0.00114985835998 0.00464711391399 0.0125788999014 0.00158596354503 -0.00147388773706 0.0034133524507 0.00320521974548 0.00778631817462 0.0040966296508 0.0174659459729 0.0226677383898 0.272845288285 

['SLR', 'VZ', 'SLE', 'CVX', 'CVG', 'RRD', 'NCC', 'LSI', 'EIX', 'CINF', 'PGL', 'GLW', 'ABC', 'VFC', 'PBG', 'FCX', 'DRI', 'MSFT', 'MCO', 'YUM', 'NVLS', 'BMY', 'SNV', 'COP', 'EFX', 'DYN', 'TEK', 'SWK', 'JNS', 'DOV', 'BRCM', 'ABT', 'NEM', 'STA', 'NYT', 'EOP', 'NCR', 'NOV', 'LU', 'RAI']