30
0.0284224966367 0.163811268696 0.0449680709256 0.0631385093148 0.0318751717172 0.0725669815102 0.116792266476 0.0755152896869 0.090319564185 0.0754552666066 0.065735385914 0.0235207120966 0.140066530531 0.00699576056141 0.0282353637115 0.0391901687574 0.0278380444533 0.0180781461794 0.0151091702759 0.018453974145 0.0664901393557 0.0446705301477 0.136312174374 0.158041803894 0.07971303899 0.0952881581377 0.0361599942098 0.133882810383 0.0394797478448 0.0629738483482 
0.200680858165 -0.00317434467959 0.00996655898814 0.00929613024331 0.0183690578814 0.0144137585392 0.00359975982421 0.0154795336519 0.000942218032609 0.00720737579084 -0.00145044006398 0.0138271951296 -0.00153532959052 0.0126555683397 0.0150482836778 0.00944856782644 0.0139503265117 0.015202997672 0.0117239085867 0.00444402857378 0.0218485582298 0.0085288395768 -0.00544691197494 4.65352597294e-05 0.00127010493229 -0.00708437884554 0.0206023801076 0.00939367009061 0.0121218708771 0.000272545176851 
-0.00317434467959 1.37099749956 0.00565648829527 0.00114913273582 0.00768064174346 0.0103575188927 -0.00824944324732 0.0192588501924 -0.00267182778171 -0.00323581030293 0.00212583436607 -0.0122331797027 -0.00326182444447 -0.00508227405923 0.00333303008458 -0.00382387164998 0.00828071347689 -0.00204790749473 0.00898404282346 -0.00809325837858 0.0222534802949 0.00116377266606 -0.016621516699 -0.0120479256657 0.0319740106809 0.0226131182544 0.00502449839794 0.0112733792261 -0.0274559769793 -0.00737051400684 
0.00996655898815 0.00565648829527 0.191275520521 0.0134794755688 0.0165048452694 0.0320326394958 0.000806993811236 -0.00475498286743 0.0191591526237 0.0066031661173 0.037730872444 0.0211408383072 0.00616804414463 0.0139993336446 0.018895453189 0.0421194566317 0.00440695552674 0.00758213752468 0.0184433970143 0.017255336469 0.0335859418639 0.0158311735243 0.0109064409894 0.00982403032709 0.036745064783 0.0271979734842 0.0268688611253 0.0271463570953 0.00847535149097 -0.00273059589831 
0.00929613024331 0.00114913273582 0.0134794755688 0.374739062855 0.00797102550759 0.0480635096637 0.015819607869 0.0127045903177 0.0199527845585 0.029629234873 0.0170216008972 0.00874577762495 0.0226474186096 0.00225253344707 0.0170778813401 0.0360047894969 0.0100710674507 -0.000508999695229 0.0114858592305 0.00965938946186 0.0127490213667 0.0266262386187 -0.00611046019745 0.0259895553991 0.021936290314 0.0477802958095 0.021915667196 0.0651118549312 0.036616257932 0.00896739347319 
0.0183690578814 0.00768064174346 0.0165048452694 0.00797102550759 0.186987307923 0.0354116718524 0.00113966390292 0.0166682236612 0.00761826204651 0.0108012067501 0.0102621102 0.00839572842307 0.0139906602252 0.0527754162614 0.0251541735946 0.0146005913439 0.0170819332949 0.0106457300298 0.0177120230512 0.00103750715624 0.0241131373258 0.00758196134897 -0.00703753122721 0.0065303150854 6.39947364547e-05 0.0259199490593 0.0505100592814 0.0185652671462 0.00566730630662 0.0177145876124 
0.0144137585392 0.0103575188927 0.0320326394958 0.0480635096637 0.0354116718524 0.289741407312 0.0249988234255 0.0222145104935 0.0405008988092 0.0302847690512 0.0443114793398 0.0195439345749 0.0339180240064 0.00900805052246 0.04322759284 0.0223809000264 0.0166228992594 0.00716413252078 0.0129765547577 0.0195992787094 0.059975127572 0.0442172605502 -0.00811501042442 0.0348055512679 0.0254386937498 0.0680070576894 0.029867458039 0.0326604309842 0.0386733277178 0.0233216280405 
0.00359975982421 -0.00824944324732 0.000806993811236 0.015819607869 0.00113966390292 0.0249988234255 0.60497374628 0.039796396337 0.00976817998809 0.017957906951 0.0076624074684 -0.0077474868065 0.00391593718916 0.00586731946606 0.0172334587885 0.00240173903297 0.00836601676748 0.0160729019615 0.0130498956122 0.00516021584838 0.0145756209905 0.00551796120568 -0.0137984858939 0.0186426419329 -0.000914927019025 0.0222955060007 0.0075375255273 0.0161405511553 -0.00821286808645 -0.0104387309619 
0.0154795336519 0.0192588501924 -0.00475498286743 0.0127045903177 0.0166682236612 0.0222145104935 0.039796396337 0.794832789768 0.0273604634424 0.0204102728 0.0119393919769 0.0225459094894 0.0144319544371 0.00651358309711 0.00982833553876 -0.00198431364028 0.0381548604814 0.0196055402858 0.0116627504301 0.0137725503067 0.00323161985658 0.0130901407232 -0.0136016433243 0.0341406291282 0.0618174418235 0.0454233981301 0.0121923369016 0.0217420931946 -0.0152675271727 0.024939631046 
0.000942218032609 -0.00267182778171 0.0191591526237 0.0199527845585 0.00761826204651 0.0405008988092 0.00976817998809 0.0273604634424 0.586033903211 0.0402729376394 0.024832655831 0.0102175778784 0.014146798105 0.0150082972914 0.0245907786189 0.0210951436745 0.00473136228116 0.0128355409921 0.0242876606328 0.0127636136701 0.00804075967169 0.0223501877936 -0.00567525391058 0.186319803093 -0.00272824875619 0.0573563835794 0.00671614466381 0.0207380871467 0.0546090553612 -0.00247751523954 
0.00720737579084 -0.00323581030293 0.0066031661173 0.029629234873 0.0108012067501 0.0302847690512 0.017957906951 0.0204102728 0.0402729376394 0.668159590732 0.0391210702971 0.0088001223844 0.0329859314599 0.0191136393949 0.0325054827756 -0.00427159706857 0.0126697625181 0.0135866102372 0.0178919077166 0.0228571646459 0.0310246078733 0.0285965919314 0.000178076339359 0.00948639450684 0.0303592689689 0.0771734806104 0.0197848257009 0.036174235258 0.0335565755747 0.0453970860447 
-0.00145044006398 0.00212583436607 0.0377308724441 0.0170216008972 0.0102621102 0.0443114793398 0.0076624074684 0.0119393919769 0.024832655831 0.0391210702971 0.432893456171 0.007108662624 0.0157724240286 0.00372630154577 0.0209508354784 0.0238484047687 -0.0051000240788 0.0126929415744 0.0265610012361 -0.00224358967934 0.049167521984 0.0665421171255 -0.0167594642013 0.00205483571711 0.0208619841605 0.00999343784319 -0.00243950100129 0.0278330190318 0.0263094998619 0.000582878977973 
0.0138271951296 -0.0122331797027 0.0211408383072 0.00874577762495 0.00839572842307 0.0195439345749 -0.0077474868065 0.0225459094894 0.0102175778784 0.0088001223844 0.007108662624 0.222069298104 -0.000968108204881 0.014250052079 0.0105445476206 0.0192108274654 0.00416098607114 0.0141924238424 0.014922915354 0.0312505320361 0.0125172237849 0.0185360470661 -0.00364583640174 0.0108698145131 0.0275394899975 0.0186983201901 0.0101293341571 0.0116779426761 0.0226771983872 0.0104310129187 
-0.00153532959052 -0.00326182444447 0.00616804414463 0.0226474186096 0.0139906602252 0.0339180240064 0.00391593718916 0.0144319544371 0.014146798105 0.0329859314599 0.0157724240286 -0.000968108204881 1.45536095619 0.007146803536 0.0144370995618 0.0121796329688 0.0153429540057 0.0150964783882 0.0115881151356 0.015984286305 0.0675104421261 0.0148488046493 -0.0281632265213 -0.00807853101995 0.0314506894588 0.0459384055261 0.0134004088358 0.00773630625344 0.022368501603 0.00898820402435 
0.0126555683397 -0.00508227405923 0.0139993336446 0.00225253344707 0.0527754162614 0.00900805052246 0.00586731946606 0.00651358309711 0.0150082972914 0.0191136393949 0.00372630154577 0.014250052079 0.007146803536 0.148551025729 0.0283811912556 0.016367649092 0.0105028125888 0.00337227070077 0.00875317247833 0.00477043348069 0.0121706074807 0.0162631406924 -0.00698495348782 0.00668963197053 0.00752295722829 0.00592072778214 0.0486179784278 0.0103186910764 -0.0050318472993 0.0153787428924 
0.0150482836778 0.00333303008458 0.018895453189 0.0170778813401 0.0251541735946 0.04322759284 0.0172334587885 0.00982833553876 0.0245907786189 0.0325054827756 0.0209508354784 0.0105445476206 0.0144370995618 0.0283811912556 0.152066345581 0.0116435924311 0.0156879622207 0.0167489110817 0.0181019812938 0.0100213212012 0.0436394245638 0.0191444979152 -0.0110582067603 0.0148142695041 0.00698976104054 0.0444160817693 0.0253714949288 0.00843566663518 0.0278306624435 -0.0012572544737 
0.00944856782644 -0.00382387164998 0.0421194566317 0.0360047894969 0.0146005913439 0.0223809000264 0.00240173903297 -0.00198431364027 0.0210951436745 -0.00427159706857 0.0238484047687 0.0192108274654 0.0121796329688 0.016367649092 0.0116435924311 0.207111848352 0.00987134175445 0.00973313242506 0.0204731033864 0.00984869473297 0.027100640916 0.0149208548718 0.00066556583429 0.00535680733622 0.0255687712497 0.0378099473927 0.0113652878914 0.0223482532185 -0.00578935899848 0.0104099440193 
0.0139503265117 0.00828071347689 0.00440695552674 0.0100710674507 0.0170819332949 0.0166228992594 0.00836601676748 0.0381548604814 0.00473136228116 0.0126697625181 -0.0051000240788 0.00416098607114 0.0153429540057 0.0105028125888 0.0156879622207 0.00987134175445 0.186143015758 0.0110793372483 0.0232467969692 0.013612279079 0.0178427850851 0.00560247944917 -0.00590973803038 0.0144225289624 0.0224629308956 0.00155793173621 0.0204613413889 -0.00424603009303 0.00753766861689 -0.00261863268101 
0.015202997672 -0.00204790749473 0.00758213752468 -0.000508999695229 0.0106457300298 0.00716413252078 0.0160729019615 0.0196055402858 0.0128355409921 0.0135866102372 0.0126929415744 0.0141924238424 0.0150964783882 0.00337227070077 0.0167489110817 0.00973313242506 0.0110793372483 0.250401359411 0.00510180107406 0.0135339400879 0.022421032316 0.000525820171955 -0.00624782250647 0.0067450533281 0.0221024534745 0.0217525625615 0.00964130662785 0.0036345834544 0.0133193044401 0.0124123091555 
0.0117239085867 0.00898404282346 0.0184433970143 0.0114858592305 0.0177120230512 0.0129765547577 0.0130498956122 0.0116627504301 0.0242876606328 0.0178919077166 0.0265610012361 0.014922915354 0.0115881151356 0.00875317247833 0.0181019812938 0.0204731033864 0.0232467969692 0.00510180107406 0.157081181017 0.00593247051874 0.0271983583691 0.0182106646986 0.0106891057961 0.00186803631105 0.0119360152805 0.0257268429478 0.0156424385914 0.00331353560338 0.0177412578367 0.00583393282429 
0.00444402857378 -0.00809325837858 0.017255336469 0.00965938946186 0.00103750715624 0.0195992787094 0.00516021584838 0.0137725503067 0.0127636136701 0.0228571646459 -0.00224358967934 0.0312505320361 0.015984286305 0.00477043348069 0.0100213212012 0.00984869473297 0.013612279079 0.0135339400879 0.00593247051874 0.250471768172 0.0201570835673 0.0108574968117 -0.00968632191838 0.0125325773681 0.0201635877864 0.0131538811767 0.00260476212343 0.00869556633354 0.012798253326 0.0153024290026 
0.0218485582298 0.0222534802949 0.0335859418639 0.0127490213667 0.0241131373258 0.059975127572 0.0145756209905 0.00323161985658 0.00804075967169 0.0310246078733 0.049167521984 0.0125172237849 0.0675104421261 0.0121706074807 0.0436394245638 0.027100640916 0.0178427850851 0.022421032316 0.0271983583691 0.0201570835673 0.361377357127 0.0316215998901 -0.00870597949934 0.025658226546 0.0319529755517 0.08392275225 0.0260581865866 0.00752491592519 0.055210529614 0.00113260489952 
0.0085288395768 0.00116377266606 0.0158311735243 0.0266262386187 0.00758196134897 0.0442172605502 0.00551796120568 0.0130901407232 0.0223501877936 0.0285965919314 0.0665421171255 0.0185360470661 0.0148488046493 0.0162631406924 0.0191444979152 0.0149208548718 0.00560247944917 0.000525820171954 0.0182106646986 0.0108574968117 0.0316215998901 0.340080651838 -0.00775434300133 0.0193994307342 -0.000931454894461 0.0460514434586 0.00328406532259 0.0230675154534 0.015601581785 0.013183750776 
-0.00544691197494 -0.016621516699 0.0109064409894 -0.00611046019745 -0.00703753122721 -0.00811501042442 -0.0137984858939 -0.0136016433243 -0.00567525391058 0.000178076339358 -0.0167594642013 -0.00364583640174 -0.0281632265213 -0.00698495348782 -0.0110582067603 0.00066556583429 -0.00590973803038 -0.00624782250647 0.0106891057961 -0.00968632191838 -0.00870597949934 -0.00775434300133 1.94278592974 -0.0112606787731 -0.00146899865943 -0.0103828514484 -0.00710277312775 0.00449290743292 0.00110498390944 -0.000524544322983 
4.65352597298e-05 -0.0120479256657 0.00982403032709 0.0259895553991 0.0065303150854 0.0348055512679 0.0186426419329 0.0341406291282 0.186319803093 0.00948639450684 0.00205483571711 0.0108698145131 -0.00807853101995 0.00668963197053 0.0148142695041 0.00535680733622 0.0144225289624 0.0067450533281 0.00186803631105 0.0125325773681 0.025658226546 0.0193994307342 -0.0112606787731 0.999282951891 0.20625816016 -0.00568438035375 0.0198562370846 0.00905609919054 0.0366837767691 -0.00950735263983 
0.00127010493229 0.0319740106809 0.036745064783 0.021936290314 6.3994736455e-05 0.0254386937498 -0.000914927019025 0.0618174418235 -0.00272824875619 0.0303592689689 0.0208619841605 0.0275394899975 0.0314506894588 0.00752295722829 0.00698976104054 0.0255687712497 0.0224629308956 0.0221024534745 0.0119360152805 0.0201635877864 0.0319529755517 -0.000931454894461 -0.00146899865943 0.20625816016 0.450272215768 0.0382999306424 0.0246264599894 0.022106446702 0.00788948463851 0.00731598106716 
-0.00708437884554 0.0226131182544 0.0271979734842 0.0477802958095 0.0259199490593 0.0680070576894 0.0222955060007 0.0454233981301 0.0573563835794 0.0771734806104 0.00999343784319 0.0186983201901 0.0459384055261 0.00592072778214 0.0444160817693 0.0378099473927 0.00155793173621 0.0217525625615 0.0257268429478 0.0131538811767 0.08392275225 0.0460514434586 -0.0103828514484 -0.00568438035375 0.0382999306424 0.567300405693 0.0251924954624 0.0756156263285 0.0281574199695 0.0323310353209 
0.0206023801076 0.00502449839794 0.0268688611253 0.021915667196 0.0505100592814 0.029867458039 0.0075375255273 0.0121923369016 0.00671614466381 0.0197848257009 -0.00243950100129 0.0101293341571 0.0134004088358 0.0486179784278 0.0253714949288 0.0113652878914 0.0204613413889 0.00964130662785 0.0156424385914 0.00260476212343 0.0260581865866 0.00328406532259 -0.00710277312775 0.0198562370846 0.0246264599894 0.0251924954624 0.239681899865 0.0285299416981 0.0201324794221 0.0292305888717 
0.00939367009061 0.0112733792261 0.0271463570953 0.0651118549312 0.0185652671462 0.0326604309842 0.0161405511553 0.0217420931946 0.0207380871467 0.036174235258 0.0278330190318 0.0116779426761 0.00773630625344 0.0103186910764 0.00843566663518 0.0223482532185 -0.00424603009303 0.0036345834544 0.00331353560338 0.00869556633354 0.00752491592519 0.0230675154534 0.00449290743292 0.00905609919054 0.022106446702 0.0756156263285 0.0285299416981 0.496553307582 0.0258223193547 0.114997879142 
0.0121218708771 -0.0274559769793 0.00847535149097 0.036616257932 0.00566730630662 0.0386733277178 -0.00821286808645 -0.0152675271727 0.0546090553612 0.0335565755747 0.0263094998619 0.0226771983872 0.022368501603 -0.0050318472993 0.0278306624435 -0.00578935899848 0.00753766861689 0.0133193044401 0.0177412578367 0.012798253326 0.0552105296139 0.015601581785 0.00110498390944 0.0366837767691 0.00788948463851 0.0281574199695 0.0201324794221 0.0258223193547 0.3280244978 0.005915223986 
0.000272545176851 -0.00737051400684 -0.00273059589831 0.00896739347319 0.0177145876124 0.0233216280405 -0.0104387309619 0.024939631046 -0.00247751523954 0.0453970860447 0.000582878977973 0.0104310129187 0.00898820402435 0.0153787428924 -0.0012572544737 0.0104099440193 -0.00261863268101 0.0124123091555 0.00583393282429 0.0153024290026 0.00113260489952 0.013183750776 -0.000524544322983 -0.00950735263983 0.00731598106716 0.0323310353209 0.0292305888717 0.114997879142 0.005915223986 0.361709691224 

['MKC', 'ESRX', 'LMT', 'UNP', 'FE', 'BSC', 'NOVL', 'SYK', 'DRI', 'TIF', 'BDX', 'CCE', 'NAV', 'DTE', 'MTB', 'RTN', 'CL', 'RRD', 'KMB', 'SYY', 'CFC', 'AMAT', 'KMI', 'ADBE', 'CI', 'PHM', 'PPL', 'SLB', 'ITT', 'MUR']