20
0.0123991351417 0.0206637964956 0.0878126089614 0.0298565853869 0.044344522835 0.0231877092109 0.0435638119902 0.0395572708053 0.0479675113811 0.0388313797841 0.208286894217 0.0330111524363 0.0487859931196 0.0664901393557 0.0218855159469 0.0335319673985 0.0754552666066 0.110783759143 0.0753619397022 0.0197813299257 
0.193065609089 0.026476567463 0.0244633959715 0.0211387643261 0.028364278892 0.0133321627968 0.0163662993263 0.000602157962719 0.0305057046577 0.0107400859052 0.030647946452 0.0122615675427 0.0114618366094 0.0222816116291 0.00431383789617 0.0244144780827 0.00875154995156 0.0166101953936 0.020287207142 0.00563139615287 
0.026476567463 0.163268459626 0.0182204864653 0.0337243226307 0.0177253236855 0.00897714058742 0.0195840543168 0.0119972980683 0.0188386470604 0.0193205858695 0.014964577794 0.0212890629916 0.0200134156969 0.0380136709104 0.0159253037445 0.0196648296493 0.0148145523646 0.0296793007713 0.0046362987524 0.0249783119867 
0.0244633959715 0.0182204864653 0.49131773849 0.0187537199592 0.0289700357142 0.0153779792136 0.00925099631855 0.00984361627172 0.0112153466023 0.0266193344612 0.0161434136419 0.0351029660184 0.0366014536789 0.0244154793067 -0.00430824012671 0.0290837754294 0.00528680773389 0.0748519121332 0.0105510753688 0.00942422915938 
0.0211387643261 0.0337243226307 0.0187537199592 0.149260483347 0.036371524616 0.00811665997164 0.0206563145778 0.0134417353302 0.0105413338821 0.00887604972102 0.0353100739946 0.0236120760491 0.0246489430808 0.0440114070727 0.00972867192129 0.0160803886598 0.00677536297546 0.0303530084474 0.0152471505553 0.045183701261 
0.028364278892 0.0177253236855 0.0289700357142 0.036371524616 0.216861099854 0.0147927391943 0.00853671204846 0.0102002808795 0.0428722415336 0.0288274232038 0.0041225857929 0.0397050758499 0.0242488408613 0.0453869706899 0.0156194625199 0.059604786991 0.0510850395571 0.0691542682467 0.0349657045242 0.0166884103985 
0.0133321627968 0.00897714058742 0.0153779792136 0.00811665997164 0.0147927391943 0.231716252522 0.00816583019207 0.00682752260341 0.0128791425032 0.0142373343225 0.00256293931197 -0.00123846264568 0.00663214473697 0.012064227436 0.00767160151904 0.0135665770846 0.00384342076037 0.0307718759414 0.028686107356 0.00194808203066 
0.0163662993263 0.0195840543168 0.00925099631855 0.0206563145778 0.00853671204846 0.00816583019207 0.282418688822 0.0170499440649 0.00843261079999 0.000544452825648 0.00963719919991 0.0119503419207 0.00739064271235 0.0410018548121 0.00835591659585 0.00693702611597 0.0135099274544 0.0293260621821 0.0138749577862 0.0148024731472 
0.000602157962719 0.0119972980683 0.00984361627172 0.0134417353302 0.0102002808795 0.00682752260341 0.0170499440649 0.185785126431 0.021548900848 0.0132272102668 0.0116954885551 0.0138117011482 -0.000724397031089 0.0135298331181 0.0115594594175 0.0191904276742 -0.00547478924422 0.0297970467581 0.00747102661284 0.017363757433 
0.0305057046577 0.0188386470604 0.0112153466023 0.0105413338821 0.0428722415336 0.0128791425032 0.00843261079999 0.021548900848 0.3452204221 0.0316920591792 0.0134221466423 0.030512764853 0.0365481662972 0.0301789746339 0.0239042778673 0.0462381967123 0.0431173230415 0.0357069907194 0.0372902648805 0.00907517419163 
0.0107400859052 0.0193205858695 0.0266193344612 0.00887604972102 0.0288274232038 0.0142373343225 0.000544452825648 0.0132272102668 0.0316920591792 0.408335322712 0.00296036421765 0.038350162842 0.0134387180605 0.0212048086615 0.000799393840924 0.0204356142432 0.0856256269541 0.0251754885269 0.0241603164563 0.0117361288793 
0.030647946452 0.014964577794 0.0161434136419 0.0353100739946 0.0041225857929 0.00256293931197 0.00963719919991 0.0116954885551 0.0134221466423 0.00296036421765 1.33882911675 0.0259253358647 0.00699741630737 0.0799917515296 0.00539860764971 0.0157058980471 0.0145123935149 0.0262480352061 -0.00453332389287 0.0236647977932 
0.0122615675427 0.0212890629916 0.0351029660184 0.0236120760491 0.0397050758499 -0.00123846264568 0.0119503419207 0.0138117011482 0.030512764853 0.038350162842 0.0259253358647 0.321442920529 0.0239496951997 0.059480302972 0.0158296476133 0.0393320152626 0.0599709246237 0.0354762805134 0.00329062143778 0.0227935502921 
0.0114618366094 0.0200134156969 0.0366014536789 0.0246489430808 0.0242488408613 0.00663214473697 0.00739064271235 -0.000724397031089 0.0365481662972 0.0134387180605 0.00699741630737 0.0239496951997 0.457969031548 0.0311530064168 0.0012732494427 0.0242453113942 0.0272887415528 0.0202386967985 0.0348011470671 0.017369143773 
0.0222816116291 0.0380136709104 0.0244154793067 0.0440114070727 0.0453869706899 0.012064227436 0.0410018548121 0.0135298331181 0.0301789746339 0.0212048086615 0.0799917515296 0.059480302972 0.0311530064168 0.368143841547 0.017617965285 0.0446846028044 0.0348012389403 0.0421664170329 0.0177659026922 0.0424350557096 
0.00431383789617 0.0159253037445 -0.00430824012671 0.00972867192129 0.0156194625199 0.00767160151904 0.00835591659585 0.0115594594175 0.0239042778673 0.000799393840924 0.00539860764971 0.0158296476133 0.0012732494427 0.017617965285 0.167372966923 0.0129059953685 -0.0016936072018 0.00365767815582 0.00843842634906 0.00385115269842 
0.0244144780827 0.0196648296493 0.0290837754294 0.0160803886598 0.059604786991 0.0135665770846 0.00693702611597 0.0191904276742 0.0462381967123 0.0204356142432 0.0157058980471 0.0393320152626 0.0242453113942 0.0446846028044 0.0129059953685 0.224805504091 0.0297171950864 0.0584601583514 0.0299641806411 0.0159261692281 
0.00875154995156 0.0148145523646 0.0052868077339 0.00677536297546 0.0510850395571 0.00384342076037 0.0135099274544 -0.00547478924422 0.0431173230415 0.0856256269541 0.0145123935149 0.0599709246237 0.0272887415528 0.0348012389403 -0.0016936072018 0.0297171950864 0.667639143881 0.0628994822615 0.0274853472257 0.0165550968381 
0.0166101953936 0.0296793007713 0.0748519121332 0.0303530084474 0.0691542682467 0.0307718759414 0.0293260621821 0.0297970467581 0.0357069907194 0.0251754885269 0.0262480352061 0.0354762805134 0.0202386967985 0.0421664170329 0.00365767815582 0.0584601583514 0.0628994822615 0.501355834111 0.0368738077674 0.025705115699 
0.020287207142 0.0046362987524 0.0105510753688 0.0152471505553 0.0349657045242 0.028686107356 0.0138749577862 0.00747102661284 0.0372902648805 0.0241603164563 -0.00453332389287 0.00329062143778 0.0348011470671 0.0177659026922 0.00843842634906 0.0299641806411 0.0274853472257 0.0368738077674 0.402953772905 -0.00885571687324 
0.00563139615287 0.0249783119867 0.00942422915938 0.045183701261 0.0166884103985 0.00194808203066 0.0148024731472 0.017363757433 0.00907517419163 0.0117361288793 0.0236647977932 0.0227935502921 0.017369143773 0.0424350557096 0.00385115269842 0.0159261692281 0.0165550968381 0.025705115699 -0.00885571687324 0.152183588415 

['TWX', 'AIG', 'NVLS', 'BAC', 'DOV', 'CZN', 'MO', 'HCR', 'SWK', 'HAS', 'OMX', 'LOW', 'BMET', 'CFC', 'GIS', 'ETN', 'TIF', 'FSL.B', 'APA', 'USB']