100
0.128222495688 0.0289058353667 0.0631385093148 0.0220926651793 0.0378808118353 0.0273717205438 0.0377827405953 0.0248078828137 0.0123991351417 0.0766878163077 0.0192488530763 0.129241945615 0.0155341374053 0.0436219100546 0.0472748306646 0.200970993098 0.0246636786654 0.0324915821016 0.0733521468466 0.0295384146509 0.0523918745475 0.0695535734162 0.037496284255 0.00361039022472 0.104005811155 0.0884893451388 0.0276848810082 0.02392892696 0.0765601453803 0.080285366307 0.0631330997176 0.128413882411 0.0153161335694 0.0235207120966 0.0266042550295 0.0535662105727 0.0308834605432 0.0355019489908 0.0240188564254 0.0367752030525 0.0525709156995 0.0610020106181 0.106366385329 0.078059567066 0.0162161188728 0.0501483555771 0.242072249725 0.162626926374 0.127416862275 0.0352458247454 0.0487859931196 0.0347696809731 0.0254158643172 0.0449016594387 0.0621529110589 0.0387981152642 0.0247746242904 0.0146510565804 0.0267221777707 0.0297209295042 0.0794924924591 0.158041803894 0.0995242847704 0.0664901393557 0.0318751717172 0.0214039426083 0.138528932385 0.133327922328 0.163811268696 0.0375994121509 0.0952881581377 0.0634276035435 0.00699576056141 0.0549811443135 0.0263662592882 0.0435638119902 0.0843714281037 0.0253425298527 0.166074759161 0.0613427887106 0.0220203869342 0.0299059053764 0.0231877092109 0.0384738749472 0.0722101641432 0.0388241127613 0.0251604878384 0.169485482474 0.0296866664977 0.0545934085328 0.0629738483482 0.0594494044175 0.0297585566085 0.0448250845436 0.0308768641188 0.148169679735 0.0391901687574 0.0223320424584 0.0179151897049 0.0132097716294 
0.508657919343 0.0152869812811 0.0372927528684 0.0226571448583 0.0151245335847 0.0230126262092 0.0136037423956 0.0146725741023 0.022234698564 0.0459802379339 0.00432064638503 0.00730551342452 0.00669248411096 0.0316402112651 0.00320936023893 0.0111519993988 0.000215753097906 0.047470915305 0.0273149180616 0.0199546522586 0.0102445038097 0.0157769780185 0.0210584373253 0.011233625421 0.0498439396412 0.0420787510637 -0.000488087398347 0.0112130457292 0.0218869289378 0.0195017387022 0.0424929586828 0.0443721408716 0.0184726247013 0.0133130911472 0.019809768772 0.0431513339489 0.0151660740098 0.0101341106436 0.0186202266383 0.00422502359019 0.0168752922181 0.0125073006918 0.031590626997 0.00799006662553 0.00966307649822 0.016109226508 0.0264477540942 -0.00103409266183 0.0306525959662 0.0225046725659 0.0138109199591 0.0263311559294 0.0317014677908 0.0146896583896 0.0212898183545 0.0290173635877 0.0378643522687 0.00411886399217 0.0171267743464 0.00320258694899 0.0428542855186 0.0535036157548 0.0193980038351 0.0566180387295 0.00577173049179 0.0127888617496 0.032216322022 0.0459488528882 0.00972130900276 0.0134394797579 0.044736731622 0.0281972116542 0.0136655122066 0.0395942916737 0.0249409130184 0.0268230343095 -0.00659746726986 0.0128864614009 0.0624716357115 0.00959373643753 0.00121388873004 0.0189623257552 -0.000593550488538 0.0193446862048 0.0163585398736 0.000933238377853 0.0144497927285 0.00679930271852 0.0120589337956 0.0282894770681 0.0128354004245 0.0343218492779 0.0190120330542 0.0321384360174 0.0352994114951 0.0490012525931 0.0124826268386 0.00790257174517 0.00709424523437 0.0152384935725 
0.0152869812811 0.202962085691 0.0085146903079 0.00489379410867 0.0259123717022 0.00556180809131 0.0111500637764 0.0123375260293 0.00869904451761 0.0311812461521 0.00851374179108 -0.00369819765565 0.0027853682227 0.0193797121779 0.00750940128294 0.0140510436919 0.0154062341908 0.00840545881354 0.00800057108749 0.012594421948 0.00891664726932 0.0124308632198 0.0488017627576 0.0118929094018 0.0126194169478 0.0273072234718 0.0246173911662 0.00862722305886 0.0130708873719 0.0145335580567 0.014172605407 0.0213493104392 0.00653345924337 -0.0012316310032 0.0179079824583 0.0118503006751 0.0173985059035 0.0293432776454 0.0148232318524 0.00750388184022 0.0243500330609 0.00437519597347 0.0109794859668 0.012596153395 0.00727910069379 0.0174953981282 0.0333469085158 0.0777151174465 0.0116118505472 0.0150854230095 0.00896308515028 0.0100687585282 0.0218696893306 0.0070401705244 0.01016448403 0.00338556405866 0.0126938626476 0.0174859424161 0.0213715354499 -0.00380395114758 0.0172019828252 0.00866489031929 -0.00181047881264 0.015391314954 0.0173623340705 0.00776825218844 0.00596029671323 0.0225495372489 0.0276902635696 0.00395800461557 0.0200702165936 0.0110345840431 -0.00350020445264 0.00558997085354 0.00693744607579 0.00991267380891 0.000609339084924 0.00814183323008 0.0188916699689 -0.000313022433858 0.0278327258474 0.032184879617 0.00868354535919 -0.00239243863074 0.0293628746732 0.0273436838852 0.0128778094735 0.0265157798452 0.0144769780301 0.00153375673027 -0.0016533181453 0.0279200344893 0.0127947115382 0.00854053457689 0.0274479852867 -0.000908561427918 0.0255622132057 0.00261255059092 -0.0027959009851 0.00243543279076 
0.0372927528684 0.0085146903079 0.332925413984 -0.00899898154652 0.0169637331106 0.0201012027738 0.00892572299613 0.0090361974693 0.0158353278873 0.0351651190282 -0.0060361269965 0.0106478737519 0.000979478728955 -0.000594806868975 -0.00636233708575 0.0344193368663 0.010937973411 0.002724862341 -0.00108932440643 -0.00411667699626 0.0023360182801 0.00211008491926 0.0146201287238 -0.00186384202424 0.0170564890097 0.0206603847825 0.0142213831909 0.0130173614251 0.050993598658 0.0187285531104 0.0304092562661 0.0251442074594 0.00930118474944 0.000247995819188 0.0466026789652 0.0105683402184 0.00629407081706 0.00491632781188 0.0167753240365 0.013745340362 0.0172469409674 0.0145532115481 0.0149235101061 0.0211784034514 0.00581219629102 0.0202059643873 0.0376624503581 0.0212625553891 0.0184892824713 0.0106848335489 0.0131313344245 0.0211039283385 0.0183117995001 0.0306959315838 0.00828587561655 0.0316852350944 0.00653011730129 0.0169610036862 0.00925910376637 -0.00828777688312 0.00320893843631 0.0204157317906 0.0027304994082 0.00604432327469 0.0017333941489 0.0264761318284 0.0642405045277 0.0352864733429 0.0010318988726 0.00732752277392 0.0257537398414 -0.00113151548788 0.000750422365884 0.00859709832174 0.0193602318478 -0.00502019267874 0.0155203022087 0.00566791316548 0.0231028682634 0.00265123301447 0.0103123738874 -1.09099409824e-05 0.0149672048239 0.00934798394521 0.109601614655 -0.0134960596334 -0.0030332743155 0.0219098523404 0.0015669082274 0.0474245011782 0.00547996624916 0.0275612847199 0.0095294332344 0.00554741696554 0.00455798618961 0.0135765134664 0.0220418209064 0.0100793727416 0.00600268145394 0.00498171982965 
0.0226571448583 0.00489379410867 -0.00899898154652 0.214741032243 0.011999883565 0.0117464479505 0.0102999056221 -0.00421550545244 0.0106740127238 0.00143954131402 0.0017099885985 0.0352372581915 0.000952017873295 0.0186106125836 0.00897822957175 0.017655207634 0.0115149198029 0.000448782816465 0.0200567127409 0.00121253420124 0.0268061318398 -0.00880277741059 0.00457430549886 -0.0015581355192 0.0199042916581 -0.00308001180575 0.00747280182165 -0.00287112290526 0.00288866800994 0.00616898926997 -0.00388670080373 0.0161937989683 0.0268210266818 0.0128600562487 -0.00599148531879 0.0214268544548 0.00947092853123 0.00799519856748 0.00347995996107 0.00468133782633 0.00617719594379 0.0116060948634 0.0241322680335 -0.0110006685932 0.0349257036 0.000479138029925 0.014169013641 0.0186427914062 0.0219223126338 0.00965633092252 0.011866001422 0.0092266890473 0.0031838467045 0.00845000188291 -0.0122575331164 0.00146615718574 0.0144841396675 0.00662409039311 0.0138300226531 0.00172331535948 0.0126306746471 0.0223746128072 0.0208082435999 0.00720330800035 0.0363049470815 0.00903303768648 0.0188162205566 0.0125550310962 -0.0101097827469 0.0120437247066 0.00876216410743 0.0118636480921 0.0308603484822 -0.0154275013002 0.0159607850604 0.0158420799444 0.0163426313362 0.00079175631319 0.00129547395341 0.00773417758448 -0.0160456050561 0.00365961770022 0.0119096953483 0.0115377366055 0.000539587831075 0.00271759541818 0.00127584780277 0.00841881476008 0.0100523393812 0.0185865226043 0.00797141660387 0.00279265858616 0.0146939801135 -0.00259826865638 -0.00263991033853 0.00737427780478 0.00311687051429 0.00892806700766 0.00766256132816 0.00282767092786 
0.0151245335847 0.0259123717022 0.0169637331106 0.011999883565 0.172578976471 0.0105135137726 0.0113119420824 0.0194708286012 0.00620093854383 0.00870115506774 -0.00296140232467 0.00393815805009 0.00781047698629 0.0221408196542 0.00202250002735 -0.0201161376294 0.0208141497287 0.00317238530435 0.0148607298098 0.0319865591126 0.0250058521053 0.00523182748237 0.0298483468853 -0.00499789131448 0.0256050536114 0.0287715916978 0.0136847814001 0.00994406597464 0.0158705271309 -0.000775587918809 0.0230513908537 0.00839701917536 0.0177464626455 0.0102075433346 0.0172779499116 0.0141179253609 0.0146274888716 0.00593414315836 0.0208800423213 0.00816902767516 0.00500624674716 0.00689997483928 0.00604072610545 0.021482945349 0.0194304594365 0.0160080425722 0.0260738702914 0.00399473875649 0.00295143848244 0.0124002294178 0.0209888025498 0.00446003496859 -0.000143284189162 0.0252505254412 0.00125989700858 0.0223151273951 0.0109007172727 0.00449693310915 0.00855977661542 -0.00221316861136 0.0110870399083 0.0106744630866 0.000577064068188 0.0280162995656 0.0160881294757 0.0154615803327 0.00939871285531 0.0108721991248 0.00453331684808 0.00966422043609 0.02668072947 0.00978330793701 0.00905227044442 0.00288688488651 0.0210047043639 0.0111710839047 0.00464568469173 0.0109324609763 0.025077253456 -0.00293045066013 0.0175889751259 0.00883721148723 0.01377701626 0.00553611367854 0.0298370971089 0.00679886871382 0.020173320389 0.036468437475 0.0154710433512 0.011514663223 0.000745916309655 0.0246525542814 0.0148763830347 0.00841779779093 0.0153319437362 0.00468527081766 0.014926295357 0.0049223570177 0.00689369622666 0.00777519089725 
0.0230126262092 0.00556180809131 0.0201012027738 0.0117464479505 0.0105135137726 0.221827274509 0.00814461165905 0.0131645365724 0.00351689580856 0.0366619953766 0.00101268551668 0.012469199163 0.00208666944377 0.00398072007953 -0.0086035438106 0.0194042741463 0.00553753518163 0.00101023290247 0.0137288919716 -0.00200868905377 0.000164303498903 0.0171451960163 0.0137586125509 -0.00538482497129 0.0172139125649 0.0233791627068 0.0157673929042 0.0172608400297 0.018006122276 0.020545470127 0.0187794885727 0.0188937113566 0.00505151603122 0.000430656210582 0.0181145674215 0.0219622872899 0.00162781070327 0.00523661016392 0.00450223161481 0.0137111138817 0.00677508488682 0.00509378872353 0.0142111673089 0.0150586411127 0.000450785484826 0.017677636445 -0.00141323039067 0.020677878034 0.0197388299302 0.00442865082941 0.00937152425379 0.0277243857032 0.0029577737528 0.00835231569894 0.0033689213328 0.0185401643254 0.0213117106898 0.00922534394933 0.0156919311764 0.0101909615559 0.0293765648821 0.0200371625399 0.0156626019375 0.0120625887578 0.00656926013276 0.0336435407379 0.00880582601611 0.0101887286202 0.0103678718029 0.0242360556026 0.031173230541 0.0123559954276 0.00493644735674 0.000851772522129 0.0131340936759 0.0058493906777 0.00443303979929 0.0156709588851 0.0238645896117 0.00743973568587 0.00660107659901 0.0209241727531 0.00870448672023 0.00264974549426 0.00455158414528 -0.00292742167422 0.00913810396329 -0.00231425646993 0.0198329386364 0.018474476888 0.00947285643654 0.00989745563697 0.0096350723104 0.0162258074656 -0.00112579716923 0.000181227831003 0.0135243765723 -0.00726352190308 0.00432303181596 0.00926749537709 
0.0136037423956 0.0111500637764 0.00892572299613 0.0102999056221 0.0113119420824 0.00814461165905 0.303781988064 0.0094206808543 0.00309836672698 0.0202432039558 -0.00865325980964 0.0270128013125 -0.00181980679688 0.0133535441073 0.00185467347169 0.0108402505407 0.00557446791508 0.00513089199466 0.00668828671422 0.0111306318057 0.00772779391167 0.00238539543769 0.00870814613789 0.0236076339538 0.0030149357018 -0.0036633680822 0.0115432262929 0.0043846074454 0.00434341667087 0.00559779006054 -0.0105466418806 0.0293238285368 0.0218793406707 0.0225040275564 0.00196360424724 0.0204758299214 0.00940364396768 0.00727053224153 -0.000235092830491 0.0069029806441 -0.00458050955569 0.00986532779689 0.0217830504415 0.00707849810791 0.0247789276369 0.0157968922076 0.0146604935069 0.0243057212459 0.0243649949003 0.0137301490072 0.0323090912089 0.0139005155773 0.00386125201282 -0.00154343142723 0.0641605687224 0.0152806118303 -0.000906891628376 0.0115061977219 0.0387823429628 -0.0027927410847 0.00522898172118 0.0158296030577 0.02644717018 0.0104323465392 0.0143302099443 -0.00324459243829 0.00810050103845 0.0174675796501 0.00211064566619 0.00624625769021 0.041018572881 0.00782634722404 0.0232682488627 0.0180439996569 0.00229595093622 0.0664660959395 0.00355913262579 0.0129563071653 0.0106917110603 0.0301304287449 0.00946625156712 0.00713381647123 0.00602024493682 0.0239095935284 -0.00447483720343 0.00861787053419 0.0170620623421 0.0141058819864 0.0135616895779 0.00854226327995 0.0183108505895 0.00673175187863 0.0052835550644 -0.00638359182648 -0.0081978283967 0.0222840369453 0.00236358806637 0.00262822522206 0.0107159948464 -0.000509659915814 
0.0146725741023 0.0123375260293 0.0090361974693 -0.00421550545244 0.0194708286012 0.0131645365724 0.0094206808543 0.199988937926 0.00222129275504 0.0187748008405 0.00276134321751 0.00885804625358 -0.000899841527332 0.011517777427 0.00527805268974 0.00470120794783 0.0112379083235 -0.00254466875145 -0.00288295707758 0.021383785479 0.00110194708542 -0.0123516587637 0.010955146307 0.0144277748641 0.0201158242757 0.00517136113263 0.0130103819855 0.00218001836742 0.0141686563757 0.0084643208746 0.011616670073 0.0104773286704 -0.00292385132019 0.0169982410421 0.0220221328477 0.0128917127907 0.00367250595666 0.0121532008046 0.0171969675278 0.00266708044241 -0.00261917499435 0.0140892404168 0.0066173661719 0.00881302988206 0.00382777804289 0.0173827967531 0.019098496532 0.00322700376875 0.00995075693511 0.00226659677517 0.0298226140234 0.00601047361019 0.00576738861949 0.0125077528304 0.00171016077805 0.0133018262738 -0.000482998049024 0.0182740412283 0.0124067895304 0.0144757889148 0.0117618878331 -0.0073849353471 0.00608860345524 0.0250018041292 0.00877093356628 0.0240692600685 0.0127278927675 0.0209907797761 0.0034342933359 0.0201017996605 0.00753193790233 0.012249041645 0.00357163740617 0.00247971148501 0.0106320514225 0.0173923998952 -0.0074704217012 0.00884184837774 0.0091246944094 0.0166058210583 0.00828567633678 -0.00229133784452 -0.00559649139468 -0.00960540296771 0.01322415707 0.00339165813674 0.00518398600571 -0.00378911037834 0.0138462950991 0.00367288789075 0.000706969382153 0.017204345266 0.00641622101635 0.0195579643713 0.00052315794473 0.00405455382886 0.00186997463611 -0.00112547584409 -0.00429582880784 0.00834148932344 
0.022234698564 0.00869904451761 0.0158353278873 0.0106740127238 0.00620093854383 0.00351689580856 0.00309836672698 0.00222129275504 0.17389252909 0.00806432516773 0.00103917280605 0.00817566339616 0.00664411623718 0.0152088418951 -0.00264576917839 0.0107872801346 0.0124623625229 0.0129709392069 0.00741819529045 0.00191861291271 0.0126795112123 0.00814820106863 0.010253267616 0.0109202131393 -0.00587583813758 0.00606757789392 0.000935553175401 -0.00391604751423 0.00526248427407 0.0390382650093 0.00655179877725 0.0171146692134 0.0111900364283 0.0049222580646 0.0131148789226 0.0109542734605 0.0116834315397 0.00489460476903 -0.0020200338242 0.00394688044611 0.0104119620279 0.00756970921275 0.00266078339668 0.0163966416168 0.00643906475222 0.00044635174526 0.0105538265391 0.00966344083891 0.0112268679051 0.0162761166087 0.00523515595143 0.0178603150823 0.00705614873632 0.00186644662099 0.00175052463475 0.00338929454051 0.0127344843806 0.0167854916539 0.00548637314529 0.0062691051949 0.0125020479074 0.0558624765408 0.00659387737329 0.0180634808696 0.0126739574485 0.00500634098621 0.00063854517131 0.0213651408432 0.00882861259189 0.0108771713932 0.00610158780824 0.0102762305037 0.000627449520231 0.0110729022967 0.0146791606693 0.0108654489023 0.0106006813716 0.00913629796785 0.00107760492182 0.00462977472901 0.00530944532723 0.00798099741038 0.00287911687906 0.0120449007287 0.00254833367704 0.00373713077253 0.00621776671665 -0.00146089415024 0.0241399299959 0.021066332496 0.0132035367442 0.0135847829938 0.0122469508295 0.00418585505898 0.00123806508465 -0.000116207869818 0.00177508156877 -0.00153528987066 0.00508422651694 0.00647133688359 
0.0459802379339 0.0311812461521 0.0351651190282 0.00143954131402 0.00870115506774 0.0366619953766 0.0202432039558 0.0187748008405 0.00806432516773 0.433680210565 0.00971004588719 0.0111018094581 -0.00422704582142 0.0261918304631 0.0131333951895 0.008685716599 0.000769701376848 0.0274823896091 -0.0202441446222 0.00716964477917 0.00997393333866 0.00388087925779 0.0139132902984 0.0157125656041 0.0489614772758 0.0291217902367 0.0169301066304 0.00904227438698 0.0261450859216 0.0534563215951 0.0361453965032 0.0466282839455 -0.00213369478409 0.0226821409581 0.030706067276 0.0086731628695 0.0196030800529 0.0291367393887 0.0261752351416 0.0250116586062 0.0341396044486 0.0368001573051 0.00399504483335 0.0182601418877 0.00635456045264 0.0171743508493 0.0641432518975 0.00494874021876 0.0259406260652 0.029923208423 0.0151554797891 0.0357071868987 0.0164864759567 0.0562331106353 0.00684641627429 0.0523918163626 0.0036233186836 0.00818632113349 0.0182126040384 0.00783018783467 0.0492878662953 0.0148096584055 0.0165294104985 0.0202222263963 -0.000167955847252 0.0185315257845 0.0263422968641 -0.00430265459819 0.00753527019155 -0.000620333461333 0.0481184111165 0.0347830822611 0.00262775826026 0.0306519817096 0.0296349379179 0.00793227184974 0.0325542955139 0.0224835287895 0.0179185942205 0.00592612399898 0.0285020337847 0.00699840629394 0.0176370430145 0.000624284255614 0.0332469439513 0.0190950036973 0.0211053844406 -0.00287830719571 0.0235433120497 0.037659928339 0.00415772386026 0.0247705792564 0.0306776255863 0.00166682382539 0.0284924807417 0.0183477152695 0.020717555655 0.00312589852763 0.00107505340951 0.0225079872835 
0.00432064638503 0.00851374179108 -0.0060361269965 0.0017099885985 -0.00296140232467 0.00101268551668 -0.00865325980964 0.00276134321751 0.00103917280605 0.00971004588719 0.128994590464 0.00356553741451 0.00670611305756 0.00439431930162 0.0047091713518 0.0127114643373 0.00135949291776 -0.00925778762521 0.0141513966578 0.00567603976975 0.0102651127818 0.00770646129366 0.0179497405916 0.00484847379722 0.00383887681485 0.0105117937089 0.00586525182358 -0.00287717683566 0.0114392930492 0.0233154970823 0.0100133609272 0.00337938659551 0.0100941889038 0.0127291515473 0.00982154989898 0.0164575364222 0.01236709964 0.0146882124605 0.00583710643335 0.0147847739906 0.000283464819737 -7.95196950169e-05 0.0100588579863 0.0102957029391 0.00576186713451 -0.00161657900605 0.00472497773974 -0.00426863455804 0.000245098640008 -0.00136107276288 0.00332808430701 0.0030259032639 -0.000140513670526 0.00613154043502 0.00862073929963 0.00949919040247 0.015946873116 0.0149442589224 0.0166322704836 0.0117727306753 0.0039321431297 0.0141964610366 0.00180345421408 0.0155811048239 0.0135134241744 0.000535838731102 0.00388916692347 0.0187384822088 -0.000935574355835 0.0158697879567 -0.00223690885698 0.00709492056098 0.0100467758472 0.000955786467041 0.0161462385761 0.011679626364 0.00159984448333 0.00723772071952 0.0150923774238 0.0122792749771 0.0105682429504 0.013967062753 0.00347120194451 0.0035203992354 0.00605711742982 -0.000661870367953 0.0105003976811 0.000861227962396 0.0121752373589 -0.00101384786803 0.00238777856114 0.0135865252916 0.000707699947067 0.00926090326189 0.00613302686802 -0.0103101125633 0.00467456645813 0.0182724046581 0.00718824915484 0.0104865186294 
0.00730551342452 -0.00369819765565 0.0106478737519 0.0352372581915 0.00393815805009 0.012469199163 0.0270128013125 0.00885804625358 0.00817566339616 0.0111018094581 0.00356553741451 0.556294666615 0.0160254456655 0.000589014044657 0.0179171104508 0.00537001100974 0.00361729786126 0.0102254210945 0.025451279389 0.00115446676505 0.0128461292192 -0.0178985790928 0.0134807529637 0.0175991893046 -0.0118692980619 0.0332142892369 0.00739321509306 -0.00155782793224 0.00795033709025 0.0107525163246 0.0299049964915 0.0302589895381 0.0166082164163 -0.00824805991605 0.00314616867577 -0.00804501303442 -3.24802190395e-05 -0.000429539336485 0.00846239234384 0.00980581075034 0.0121359313063 0.00985408013954 0.0316963514234 0.010694310693 0.0170849823091 0.00867578019885 0.0616601496824 0.0363114223581 0.0364516821755 0.0048524119077 0.0201091862182 0.0193761922255 -0.00704935462891 -0.004356234505 0.0117726263475 0.00909236131126 0.00602237919225 -0.00840224628881 0.00790040736057 0.0024165550351 0.0126067015163 0.00388969275921 0.0377185801765 -0.000329624333957 0.016249220793 0.00568720642534 -0.00615810333146 0.0235780304319 -0.0031208223796 -0.0101298276803 -0.0122996500651 0.0160215541357 0.0150441897269 0.0248663654157 0.00916827082031 0.0186998096215 0.00711819579028 0.0130750609945 0.0188278157004 0.00814872952166 -0.00257937459969 0.0130324515264 0.00869124494856 0.0165222103816 0.0255266878905 -0.00199871296835 -0.00130569817215 -0.00590938737698 0.00432673926161 0.0359386909759 0.0255916823515 -0.0061820966687 0.00770355431829 -0.00491064534387 0.00344881390046 0.0109994665563 0.0108804795491 -0.00602514398613 0.0103912369671 0.00518704923787 
0.00669248411096 0.0027853682227 0.000979478728955 0.000952017873296 0.00781047698629 0.00208666944377 -0.00181980679688 -0.000899841527332 0.00664411623718 -0.00422704582142 0.00670611305756 0.0160254456655 0.170294187692 -0.0217388150874 -0.00603195488312 0.00259845123611 0.0116822465047 0.00350735080041 0.00948600629214 0.00918055936003 0.00520951139356 -0.012702224822 0.0253568585028 0.0156879502686 0.0168816232278 0.00125879013447 0.0109189126047 0.00278099561567 0.0259456531533 0.0143636498314 0.00878902393045 0.0100679729908 0.00491342533645 0.0110432441257 0.0212248515166 0.00635822507542 0.0153225802818 -0.0178170903817 0.0138309049136 0.0242013293804 0.00430697937871 0.00839917541329 0.00561973142053 0.0100717166265 0.00637045166392 0.014881082557 0.00274733584696 -0.0101000944399 0.0110381333469 0.00966550615054 0.00548106385504 0.00309557857495 0.0128412026078 0.00117501443555 0.0291813650755 0.00963715445638 -0.00268912145044 0.0143606746094 0.00175287714597 0.00286521058538 0.014847865733 0.00397707986006 0.00458019629847 0.00218581088476 -0.000755696063177 0.00144141224937 -0.00608624331167 0.00465121036561 -0.0105959945643 0.00937250999997 -0.00286335575805 0.0145967273739 -0.00042093212445 -0.000227304082548 0.0117181374835 -0.00104295561224 -0.00292590758834 0.00546924348322 0.00957806411005 -0.00616437273211 0.00756938731964 -0.0136938233545 0.00943559864266 0.00507295851386 0.00797922409083 0.00733798594675 0.0192638319868 0.0103939167439 0.0212762778871 -0.00785545596771 0.0104120162736 0.0054518798696 0.00905226187644 0.0242357561419 0.0133672117927 0.00793693523064 0.00797127900322 -0.00202659627861 0.0114890540684 -0.00271444143366 
0.0316402112651 0.0193797121779 -0.000594806868975 0.0186106125836 0.0221408196542 0.00398072007953 0.0133535441073 0.011517777427 0.0152088418951 0.0261918304631 0.00439431930162 0.000589014044657 -0.0217388150874 0.26921282109 0.0150327381677 0.00715272065847 0.0182042402869 -0.00123508317479 -0.00901870746372 0.0201968858318 -0.00661456346007 0.0208562440916 0.0226571472752 0.00170997965108 0.0247014823477 0.0106867442145 0.024029914444 0.0126410877191 0.00911876288407 0.0235583246636 0.00926365556816 0.00279596473814 0.00815379718242 0.00794341684959 0.0116146399718 0.0276901613755 0.0253951282775 0.0208536649111 -0.00504818640145 0.0226156035713 0.0288631479095 0.00916794718235 0.010673920236 0.00569394576076 0.0266059463359 0.0192610759889 0.0497190218164 0.0139670197651 0.00215377553352 0.027637808037 0.00810732232227 0.0238842199433 0.0150636260735 0.012239165938 0.0116567329692 0.042098252542 0.020316204508 0.0127003817961 0.0215837914808 0.00967625007655 0.0124821942866 0.00924334914624 0.00601950958288 0.0288377606607 0.0258959893518 0.0192206951292 0.0100967684944 -0.00435062543659 0.00916221112914 0.00767911630791 0.0670774754054 0.0114623956912 0.00980121700143 0.00566829657542 0.018844210894 0.00754266003168 0.00458081164883 0.0294833468559 0.0251689597946 0.0130260761763 0.00877202345823 0.015695855963 -0.0084390662253 0.00983635099273 0.0266935411719 0.00797789887635 0.0244373282979 0.0026102875506 0.0276566503108 0.0492644227627 0.00589949151596 0.119565570768 0.0221372529809 0.0258181559277 0.0179162821342 0.0075613154354 0.0196737911823 0.00277840396415 -2.51710234343e-05 0.0131092287213 
0.00320936023893 0.00750940128294 -0.00636233708575 0.00897822957175 0.00202250002735 -0.0086035438106 0.00185467347169 0.00527805268974 -0.00264576917839 0.0131333951895 0.0047091713518 0.0179171104508 -0.00603195488312 0.0150327381677 0.33724281322 0.0825174078027 0.00971789286923 0.00661328579014 0.0267369885064 0.0110896958521 0.0317975934254 -0.00651891116533 0.0060637030696 0.00895080923042 0.00628363032872 0.0179088605059 0.00111889969399 -0.000489420288332 0.0141599276825 0.0174952459369 0.00298244540586 -0.00129965823866 -0.00615808511089 0.0130862243973 -0.00562673028484 0.00560873530759 0.00740620442755 -0.000334791647945 0.0458334720958 0.0084671266929 0.00783631721537 -0.0052947779026 0.00151424589871 0.0103230418616 0.00638730762143 -0.00412194613553 0.00856578677639 0.00533863023813 -0.00184518909518 0.00161848851049 0.00179950110037 0.0157079406915 0.000955060281537 0.0171408009874 0.0126485515049 -0.00288613780187 -0.00193184119133 0.0116325840178 0.012715520306 0.00531493857847 0.0220349984799 0.00187094965206 -0.0024570439107 0.00181419333582 0.00353140129759 -0.00592890178753 -0.0036447866574 -0.0012760862654 0.0168948558171 0.0196411616992 0.0169706705914 -0.000435810352398 0.0132809689561 0.0194286482978 0.000175946085067 0.0106464987686 0.0109984238433 -0.00403864103244 -0.0270897198522 0.00965676437989 -0.00158003614016 0.00868591747987 0.0104172741028 0.0075989464346 -0.00556984942736 0.00861257938022 0.00211470847595 -0.010931880568 0.00500822878792 0.0133877720994 -0.00768065842173 0.00765927974776 0.00791150424229 0.0102645747009 0.021569789804 0.00573336446253 0.0205124816112 0.00385200394932 -0.00330851345415 0.00707825455563 
0.0111519993988 0.0140510436919 0.0344193368663 0.017655207634 -0.0201161376294 0.0194042741463 0.0108402505407 0.00470120794783 0.0107872801346 0.008685716599 0.0127114643373 0.00537001100974 0.00259845123611 0.00715272065847 0.0825174078027 0.912297169687 0.00836252654829 0.00793301721842 0.00638939089588 -0.00561773757224 -0.0185131229546 0.0355030394665 0.00120811160699 -0.00668500563538 -0.00138009195909 -0.0121728830807 0.0068452616669 0.0109619496548 0.0102354209336 0.0126090754543 0.0258046488607 0.0167587343593 0.0202769152108 0.035649644705 0.011427520017 0.0295155002398 0.0156866414139 0.0463314289934 0.0485631783632 0.0297962631366 -0.00285739908089 0.0223317074661 -0.0115040954785 0.00247925894621 -0.00501301971624 0.0274873844496 0.0350269334474 0.0132412817825 -0.000550276751325 -8.6792089751e-05 -0.0111199247337 0.0142829994853 0.00612105232497 0.00819548421981 0.00539002122149 0.0139720836423 0.0113163837907 0.00320743565566 0.0115613431426 -0.0166388930867 0.0111200523123 -0.00191184676895 0.00116346038425 -0.0202329902262 0.00928026268641 0.00901837793303 0.0130058383936 0.023316115679 -0.0175399068423 0.0198058875102 0.0344712862565 0.00455237425394 0.00272549955252 0.0104433664136 0.0106914995213 0.0216175812187 0.0522761402493 0.00902605860752 0.00892060592332 0.0305744236294 -0.00227836746015 0.00658006199345 0.0377245816404 -0.00265732026119 0.0168491449596 0.016901873294 0.00833139619172 0.0336084611976 0.0302937670821 0.0139078298471 0.0033265138486 0.0102908834561 0.00631848136995 -0.0100755578988 0.00465626630783 -0.0171297407037 0.0120119782236 0.0152675106599 0.0546755583318 0.00443250161645 
0.000215753097906 0.0154062341908 0.010937973411 0.0115149198029 0.0208141497287 0.00553753518163 0.00557446791508 0.0112379083235 0.0124623625229 0.000769701376848 0.00135949291776 0.00361729786126 0.0116822465047 0.0182042402869 0.00971789286923 0.00836252654829 0.120949593419 0.00317285031952 0.00707110373887 0.0106912248735 0.0085489628119 0.00997398268637 0.0129661009772 0.0160151167513 -0.00528099145362 0.0058422438309 0.0159092758893 0.00649001590968 0.0108636128619 0.00713428554263 0.0165028892846 -0.00103767917707 0.00836771486842 0.00320171918315 0.00918559556557 0.00971024526836 0.0141022195062 0.00691120640144 0.0114593002242 0.0160207735228 0.00895825453328 0.000637655726559 0.00159217492793 0.0027669225383 0.0163256670018 0.00539593805107 0.00347983529293 0.0049840330866 0.0149062425805 0.00695609025516 0.00073578437142 0.00348877830687 0.0111041391866 0.0102422859413 0.000191191225442 0.000458588534007 -0.00131632108378 0.0153683276863 0.00265747184537 0.0112237813679 0.0213944401684 -0.00244447098611 0.00270133665632 0.02688385467 0.00905927146715 0.00138171512899 0.0127562139037 0.0139040741832 0.00353770764138 -0.000757952953081 0.00633174705656 0.0178034182807 0.00813806010238 -0.00158673511707 0.00772564307482 0.0109832458856 0.0092096686587 0.00394257161358 0.0094001444594 0.0119151182644 0.0113587766756 0.00979242422516 0.00673358966842 6.59139301828e-05 0.0132224982562 0.0146285174719 0.017975448519 -0.00349922398171 0.0247343857764 0.00251017431809 0.00878889972057 0.0138652566872 0.00996492824353 0.0145779053407 0.015326807087 -0.00410423218497 0.0206948515529 0.00571360426534 0.00881710651826 0.00684498805424 
0.047470915305 0.00840545881354 0.002724862341 0.000448782816465 0.00317238530435 0.00101023290247 0.00513089199466 -0.00254466875145 0.0129709392069 0.0274823896091 -0.00925778762521 0.0102254210945 0.00350735080041 -0.00123508317479 0.00661328579014 0.00793301721842 0.00317285031952 0.285214775069 0.0138407514237 0.0143221946928 0.0141736084812 0.00172165813535 0.00219260767837 0.0290079659504 0.0296701398958 -0.0139398742897 0.00698308748085 0.0352566601222 0.0116189486417 0.0111699766636 0.0150495366892 0.0153762354775 0.00431710449321 -0.0008279809041 0.0123853854099 0.00396339476731 0.017894674025 0.00562999875077 0.00392581511399 0.00561027356873 0.0152153814142 0.0109699937487 0.00722629121149 0.0101110278027 0.00671299709925 0.00512123341008 0.0132865443535 -0.000305806809378 0.00885997035871 0.017579134907 0.0169828928617 0.00457877889694 0.0170387247304 -0.010111582033 0.0346900193363 0.00024149288709 0.00750391485502 0.00712727219705 0.00442240952173 0.00145031005733 0.041517677366 0.0162834579183 0.0176695480494 0.0381665589532 -0.000509655193558 0.000882397472978 0.0380634014031 0.0443392946567 -0.00428647978456 -0.00233632813771 0.0454246463309 0.00624965748337 0.00722234578201 0.00391153770467 0.0161170978847 -0.00397997136673 0.0220633467381 0.0148043263867 0.010186757589 0.00644385225425 0.0197562300519 0.00137687092487 -0.00859272866882 -0.0023952043661 -0.000783020907096 0.0166212594171 0.00767475408836 0.00771044752363 0.0223764720914 0.00178697042581 0.0113406182774 0.0129814244317 0.0232567390979 0.0178263889089 0.00243412656311 0.0112679729136 0.0138495204528 -0.0190184704711 -0.000390600046176 -0.00186230285263 
0.0273149180616 0.00800057108749 -0.00108932440643 0.0200567127409 0.0148607298098 0.0137288919716 0.00668828671422 -0.00288295707758 0.00741819529045 -0.0202441446222 0.0141513966578 0.025451279389 0.00948600629214 -0.00901870746372 0.0267369885064 0.00638939089588 0.00707110373887 0.0138407514237 0.418917013807 0.0127263042057 0.0907000545191 -0.017196790849 0.05973851077 0.0193261794329 0.00861203304435 0.0295935058391 0.0210718847552 -0.000919151102769 -0.00574141592988 0.0126005470159 -0.0155941012313 0.0232906058337 0.0136034064173 -0.000351774868434 -0.000250444140595 0.0304227896666 0.0130176219198 0.00917238852188 0.0242066355575 0.0205941105506 0.0084295480436 -0.004410285786 0.0194979365625 0.00274388912488 0.0150456659655 -0.000262008842639 0.0461056461414 0.0147556164483 0.0135172459013 -0.000548286880068 0.013995528226 0.00448247497782 0.00721768278989 -0.005852679857 0.0113488852449 0.00502671690731 0.00404556665949 0.01202939493 0.00716585595589 0.0110580595889 0.0215943435282 0.0220210155946 0.0189986093857 0.0401495391779 0.00472390371842 0.0133676095996 0.0195440506681 0.0117140953101 0.00568236590623 0.0128591091882 0.0172011453986 2.80475906774e-05 0.00982896525999 0.0141963400704 0.00953173038269 0.0153906785513 0.00410751933037 0.000685772585242 0.0249197724639 0.00582771771259 0.013823423991 0.0108682232057 -0.00805219739713 0.0138713700861 0.00841953366917 0.00890014219961 0.0255515660419 0.008706490002 0.0183688513991 0.00988507391031 -0.00494501849404 0.00509414989584 0.0256816916602 0.016827912888 0.011775717476 0.0167510624106 0.0010984620809 -0.00181127988342 0.0248724830554 -0.00992085460314 
0.0199546522586 0.012594421948 -0.00411667699626 0.00121253420124 0.0319865591126 -0.00200868905377 0.0111306318057 0.021383785479 0.00191861291271 0.00716964477917 0.00567603976975 0.00115446676505 0.00918055936003 0.0201968858318 0.0110896958521 -0.00561773757224 0.0106912248735 0.0143221946928 0.0127263042057 0.187400250919 0.00380336552153 0.000256910111859 0.017806553331 0.0162660201412 0.0163235870388 0.0125106838221 0.026708255306 0.0145254530459 0.00570999409253 0.0163190246149 0.0105017066471 0.00656284690609 0.00913008626213 0.00316225773048 0.0143725209142 0.0186256702873 0.0322551659129 0.00202775432304 0.00962670289125 0.0202585219774 0.00817350857545 0.0180409545033 -0.00818881737568 0.0123815744608 0.0140539860075 0.0195233735522 0.0138292714326 -0.00425544933434 0.00773273905874 0.00338720703764 0.0189787312695 0.00543808720447 0.0149013303208 0.0470952753416 0.0159837081094 0.0209445440526 0.0017879438105 0.0174482878845 0.0167070200375 0.0170821222693 0.0204163234395 0.000290587834609 0.0138964253056 0.0567536240444 0.0112274756839 0.0097837808753 -0.00266178402019 0.0289655259093 0.00098019982032 0.0154555851873 0.0247614465098 0.0198795293432 0.0139429123672 0.0164976113296 0.0261434121135 0.00826531577268 -0.000835644278523 0.00897596139931 0.00942395012119 -0.00105035477257 0.0197753707961 0.0189106368847 0.00808205977387 0.00630080888308 0.0182831444652 0.0252483940314 0.0285703219251 0.023475722794 0.0252667883475 0.00566469757277 0.000534445979458 0.0223812250821 0.00707919481367 0.0180237508372 0.0100447238742 0.00854944083232 0.0161374058573 0.00751729462711 0.0028937348139 -0.00373406282437 
0.0102445038097 0.00891664726932 0.0023360182801 0.0268061318398 0.0250058521053 0.000164303498903 0.00772779391167 0.00110194708542 0.0126795112123 0.00997393333866 0.0102651127818 0.0128461292192 0.00520951139356 -0.00661456346007 0.0317975934254 -0.0185131229546 0.0085489628119 0.0141736084812 0.0907000545191 0.00380336552153 0.325167719459 0.00550321407387 0.02136321464 -0.000129193933057 0.0172166914848 0.00792062493191 0.0198107208376 -0.00478061845762 0.00304144366622 0.0195130509516 -0.00534509802641 0.00245606959677 0.0246338264271 0.00925945071719 0.00719603603527 0.0217163021034 0.0116626752453 0.00230854376086 0.0199325991297 0.0149362032505 0.0147177045502 -0.00359158190362 -0.00234301336586 0.0220217410653 0.00820431402424 0.00784796004525 0.0251476417066 -0.0165272386209 -0.00266880107475 0.00825987917378 0.0211946898207 0.0162546700824 0.012470530952 0.000336623887507 0.0143822999414 0.00129497373519 0.00822507803168 0.00860083116815 0.0100003282938 0.0154420669839 0.0268529252269 0.0236185060589 0.00823490178352 0.0373860616717 0.0142333931396 0.00917870522011 -0.00120643024482 -0.0285097536254 0.0411819548129 0.0100205994831 0.0192406565309 0.0192670013483 0.0149196227767 0.0163498201891 0.0104887252187 0.00502408695333 0.0069540928162 -0.00257925017244 0.027458637952 0.00219637560687 0.0185754187542 0.0296155554219 -0.00787322892347 0.0116747780723 0.0083531284461 0.0142424905746 0.0153053175808 0.0218962274288 -0.00661806185196 0.00694552899969 0.00571933042664 0.0128798693183 0.0154329072585 0.0257459196811 0.00968159478501 0.0054584922247 0.0200001805474 0.00691180852385 0.0105455341177 0.00660085538616 
0.0157769780185 0.0124308632198 0.00211008491926 -0.00880277741059 0.00523182748237 0.0171451960163 0.00238539543769 -0.0123516587637 0.00814820106863 0.00388087925779 0.00770646129366 -0.0178985790928 -0.012702224822 0.0208562440916 -0.00651891116533 0.0355030394665 0.00997398268637 0.00172165813535 -0.017196790849 0.000256910111859 0.00550321407387 0.381224201037 0.0168339399267 -0.00483957123162 0.00853701169832 0.00927328703195 0.00873843947496 0.011487390349 0.0148139768422 0.00599152392986 0.0133020855108 -0.0146735929616 -0.000787191512975 0.00854795169937 -0.00178307084718 0.0353040623508 0.00455756282797 0.00522094766214 0.00645629757261 0.0147854243523 0.00799738605335 0.0160350305031 -0.00421395703101 0.0227298989201 0.00179459891154 0.0124991515771 0.0138368057847 -0.00645068611187 -0.00172539954467 -0.000746628874087 0.0148244687466 0.00905755756389 0.00569107925541 -0.00247805359188 -0.00158643201788 0.00772150331839 0.0360418755896 0.0106522134564 0.00648185272014 0.00784293887264 0.00728143497705 0.0184309588169 -0.0107653238362 0.0034038701982 -0.0129231835051 0.0298571222675 -0.00282175781725 -0.00431917628935 -0.000628967173139 0.00787332259829 0.0223594998923 0.00484544832404 -0.000412147263157 0.0504305162472 0.00387370086715 -0.00319651944387 -0.00359212223855 0.0245187012167 0.0429338644329 -0.00546288819206 0.0119375937058 0.000806155104839 0.0189433602045 -0.000360012969599 0.005722263812 0.00892895345382 0.0126755496983 0.0125657556096 0.0139889551538 0.00257656143763 -0.00746271173992 0.014709914874 0.00346591944391 0.00591068417144 0.0164416191559 0.0578913349335 0.00828334326075 -0.00736296010577 0.00291414181012 0.00725978942989 
0.0210584373253 0.0488017627576 0.0146201287238 0.00457430549886 0.0298483468853 0.0137586125509 0.00870814613789 0.010955146307 0.010253267616 0.0139132902984 0.0179497405916 0.0134807529637 0.0253568585028 0.0226571472752 0.0060637030696 0.00120811160699 0.0129661009772 0.00219260767837 0.05973851077 0.017806553331 0.02136321464 0.0168339399267 0.21487483022 0.022423519612 0.0189695150829 0.0206113380787 0.0267786739873 0.00782927541857 0.0247116375417 0.0176435477941 0.0155622699996 0.00921982554972 0.017585856907 0.00124963043905 -0.000478052637428 0.0172726364819 0.0307373677931 0.0164333910038 0.00788805238367 0.00596682026172 0.0171935699029 0.00327186405945 -0.000693213293197 0.00101297492624 0.0171067376732 0.00736536989735 0.0172335294123 0.0385819233615 0.016386251046 -0.00554738029472 0.0115763375926 0.0118055740649 0.00725442431751 0.0185192733693 0.00242292695137 0.00951377016276 0.00716782201768 0.0151238661525 0.0108567767475 0.00483399024095 0.0269573029877 -0.00904199753892 0.00647360991129 0.0306273823957 0.0108863796822 0.00580617000815 0.00914830680435 0.0103954785745 0.0235054213668 0.0124961035647 0.0139090046213 0.0137400404773 0.00856397730699 0.00301060962928 0.00918240366546 0.0189578621346 0.00256205147769 0.00832559581123 0.0163944640885 0.00171746707958 0.0319494302566 0.035674062743 0.0133669324838 -0.00410025033153 0.0199381997707 0.0206999345148 0.0220368261278 0.0105750375482 0.0157659252074 0.00842560957115 0.0098901649384 0.0356067463042 -0.0033088532348 0.0117921438498 0.0220678253314 0.0085257806189 -0.00647567701769 0.0113959847793 0.00864411895013 0.00436082985961 
