30
0.0394797478448 0.0396471392927 0.0621529110589 0.0690415105338 0.0316848802341 0.0373994541978 0.0502759777883 0.0952892642352 0.0246636786654 0.023015295127 0.0526943852585 0.0378808118353 0.0163484450471 0.136312174374 0.045759308444 0.0850489592031 0.0753619397022 0.07971303899 0.0623322546876 0.0308768641188 0.146363775453 0.0318751717172 0.0308834605432 0.0161403943775 0.0448147494519 0.0884893451388 0.0664901393557 0.0265727047954 0.0335346879574 0.0682562642732 
0.334274037539 0.0103471695625 0.0183842508995 0.0351396386506 0.0124982456375 0.029460217956 0.0199957951767 0.024599967393 0.00251717622981 0.0371387427075 0.0297587158001 0.0272375010762 0.0131689741947 0.00150541482105 0.025483264889 0.0144751792535 0.016980616255 0.0120665314978 -0.00528320730596 0.0205673954205 0.023954035742 0.00362864714325 0.0114301617497 0.0157814431018 0.0189105517814 0.0168654940924 0.053172152383 0.0137414210255 0.000397526259062 0.0264186059455 
0.0103471695625 0.26617879694 0.00634611230917 0.0290058225069 0.0247377755508 0.00700390089618 0.0256862049518 0.0120212100979 0.0180309413401 0.0172295241756 0.0166185035283 0.0279037024856 0.0657117045056 0.00337947562523 0.0379599364218 0.00148151806891 0.0517733120521 0.0291472903287 0.00307162289303 0.00489296900126 0.00876905570156 0.0499652338429 0.0222100068955 0.011868459524 0.0202870588519 0.0199941820055 0.0283024887983 0.020543240563 0.0246438811788 -0.00565586522371 
0.0183842508995 0.00634611230917 0.331490156134 0.0289859003689 0.0132348900013 0.0332811252199 0.0217260287915 0.00915078509016 0.00480077779155 0.00287675056163 0.0358225267507 0.0102332604832 0.0137407227256 -0.012576365069 0.0125031682001 0.0166098318177 0.00681949136686 0.00884735383177 0.0380753146693 0.0197777603723 0.00771709081638 0.0111858106759 0.0173544922664 0.00976101017473 0.0238865283593 0.0531133160596 0.0211165760789 0.0231988886501 0.00171328916481 0.0361922489814 
0.0351396386506 0.0290058225069 0.0289859003689 0.445678065019 0.0201913409588 0.0244797452349 0.0223832313719 0.0243132066162 0.00684563116517 0.0176033753639 0.0466067784232 0.0403173285447 0.0231541047612 -0.00649656595939 0.00735862428375 0.027670016375 0.0248315019636 0.0200585284273 0.0127963392549 0.0513094605217 0.0129873453228 0.0118953785835 0.0283493562105 0.0302074911659 0.0113121821395 0.0417189763495 0.039616871908 0.0198701548253 0.00986168419515 0.039531795154 
0.0124982456375 0.0247377755508 0.0132348900013 0.0201913409588 0.172204871819 0.0201971222589 0.0156633007887 0.0180550401403 0.0231918867896 0.025749535827 0.0292575182277 0.0267879724455 0.0117575023477 -0.000118331231086 0.0210312655094 0.0355599313426 0.0152279211945 0.0149734385788 0.013040878117 0.0187592114296 -0.00692613867681 0.0255656375008 0.0172346381369 -0.000902970476324 0.0128159531338 0.0148247252397 0.0311478968042 0.0481446075358 0.00868998301786 0.0219045520152 
0.029460217956 0.00700390089618 0.0332811252199 0.0244797452349 0.0201971222589 0.320970417891 0.0200310025014 0.00704423840377 0.00893770190562 0.0294991642448 0.0421133739894 0.0299468008437 0.0172731841858 -0.0162296861297 0.008161364867 0.00812368568195 0.0229067011817 0.0281793998986 0.035041600891 0.00788883388312 0.0307265989592 0.0106356848012 0.0192398334566 0.00285458183518 0.0207147286348 0.00985095975939 0.0428047204368 0.00689272079546 0.00871542684985 0.0218627468106 
0.0199957951767 0.0256862049518 0.0217260287915 0.0223832313719 0.0156633007887 0.0200310025014 0.273801182128 0.00564912552522 0.0128224401442 0.00718155297836 0.0241951902941 0.012597416591 0.0281078576864 -0.00862377648611 0.0137043520911 0.0128802434802 0.012568148587 0.00662805895852 -0.00749550297366 0.00419472682019 0.00663490302575 0.0202430785301 0.0293824651568 0.00603926918987 0.00263589945937 0.00525926920876 0.035114617502 0.00655178423385 0.0243925844781 0.0211913931095 
0.024599967393 0.0120212100979 0.00915078509016 0.0243132066162 0.0180550401403 0.00704423840377 0.00564912552522 0.513973066618 0.0133534645509 0.0133098632946 0.0267850092369 0.0194921218845 0.0106400578349 -0.00291480894364 0.00588451513877 0.034126928402 0.026872774729 0.0120443317108 0.0222781492387 0.00680084312201 -0.00280568318647 0.00558943931067 0.0148627324083 0.0162430030244 0.00428659541978 0.00857699214442 0.0190195497549 0.0273346193091 0.0253471203217 0.0453634830566 
0.00251717622981 0.0180309413401 0.00480077779155 0.00684563116517 0.0231918867896 0.00893770190561 0.0128224401442 0.0133534645509 0.136355081634 0.0233576135769 0.0245124075049 0.0241897748952 0.0110741071415 -0.0088976234183 0.0118947400446 0.0112912820577 0.00803038534306 0.00660623536962 0.00782104865363 0.0188420650056 0.00310690747324 0.0129770314829 0.0210620069849 0.0102886935119 0.0120956197802 0.00870439260077 0.034137066551 0.0225063189725 0.0188306967814 0.01646432729 
0.0371387427075 0.0172295241757 0.00287675056163 0.0176033753639 0.025749535827 0.0294991642448 0.00718155297836 0.0133098632946 0.0233576135769 0.142713256654 0.0297095760558 0.0281518896539 0.0134703116587 -0.00756745588337 0.0202868263653 0.014609731478 -0.000144845117227 0.0104764273871 -0.0148951922613 0.0262860836761 0.0072472982744 0.0152376344147 0.0301662134319 0.0096952869947 0.00461325207748 0.00447817155909 0.0509167608523 0.0181588251752 0.0104484587753 0.0180363348557 
0.0297587158001 0.0166185035283 0.0358225267507 0.0466067784232 0.0292575182277 0.0421133739894 0.0241951902941 0.0267850092369 0.0245124075049 0.0297095760558 0.317760593276 0.0223338630737 0.0138313768776 -0.0100204276044 -0.00416167569613 0.0454917823404 0.0116044802905 0.0424196215281 0.0157553555911 0.0316126019584 0.0139233309573 0.0246102489056 0.0196941842619 0.00324125358082 0.0102319650313 0.0134476409779 0.0614316034659 0.029312581235 0.0150586225906 0.0382425870701 
0.0272375010762 0.0279037024856 0.0102332604832 0.0403173285447 0.0267879724455 0.0299468008437 0.012597416591 0.0194921218845 0.0241897748952 0.0281518896539 0.0223338630737 0.193888246478 0.0180924583058 -0.0114483832462 0.0151457368069 0.0160019837524 0.0114899206692 0.0231930173506 0.00591741110065 0.0227683478418 0.0022006481578 0.0243249595006 0.0227939708631 0.00435434849162 0.0205217429847 0.0363301670052 0.0440610007712 0.0210334902081 0.0100322549222 0.033252239512 
0.0131689741947 0.0657117045056 0.0137407227256 0.0231541047612 0.0117575023477 0.0172731841858 0.0281078576864 0.0106400578349 0.0110741071415 0.0134703116587 0.0138313768776 0.0180924583058 0.201141499805 -0.00821658363105 0.0293103653623 0.0274946909617 0.0317197555285 -0.00109673926432 -0.00293101881953 0.0126289769651 0.018348077372 0.0437009147376 0.0312728254005 0.00196704623553 0.00943484431148 0.0124264798074 0.0170568471428 0.0113693066029 0.0136389260726 0.0108293849819 
0.00150541482105 0.00337947562523 -0.012576365069 -0.00649656595939 -0.000118331231087 -0.0162296861297 -0.00862377648611 -0.00291480894364 -0.0088976234183 -0.00756745588337 -0.0100204276044 -0.0114483832462 -0.00821658363105 1.94291323918 -0.00809308815092 -0.00412233401665 0.0135229729793 -0.00274517415539 0.00202135953087 -0.0166582811444 -0.00129556991706 -0.00695365305418 -0.0149349671276 -0.0105665245678 -0.00530334528753 -0.00945612882188 -0.00907589932157 -0.014312594372 -0.0111492806863 0.00349777781274 
0.025483264889 0.0379599364218 0.0125031682001 0.00735862428375 0.0210312655094 0.008161364867 0.0137043520911 0.00588451513877 0.0118947400446 0.0202868263653 -0.00416167569613 0.0151457368069 0.0293103653623 -0.00809308815092 0.220601976594 0.0307920926935 0.114466131213 0.0143547024549 0.00591154122675 0.0025245800765 0.00810737309222 0.0299535823042 0.0141389430248 0.00882459549252 -0.00974901817418 0.00418223994082 0.018624225466 0.0196703327233 0.0133374854181 0.0121402278162 
0.0144751792535 0.00148151806891 0.0166098318177 0.027670016375 0.0355599313426 0.00812368568195 0.0128802434802 0.034126928402 0.0112912820577 0.014609731478 0.0454917823404 0.0160019837524 0.0274946909617 -0.00412233401665 0.0307920926935 0.727468502469 0.0416858779694 0.00133663985539 0.027068984073 0.0202494507168 0.00760041772045 0.0128776427595 0.00319037773057 -0.00239067353359 0.0200708390816 0.0310189241361 0.0359506464639 0.0165570585367 0.0177854323523 0.0388012205841 
0.016980616255 0.0517733120521 0.00681949136686 0.0248315019636 0.0152279211945 0.0229067011817 0.012568148587 0.026872774729 0.00803038534306 -0.000144845117228 0.0116044802905 0.0114899206692 0.0317197555285 0.0135229729793 0.114466131213 0.0416858779694 0.384477125459 0.0170758554574 0.0118784703786 -0.000660297219389 0.023797615585 0.0158139785751 0.000492846975842 -0.00909113746409 0.0122347870426 -0.00488005093333 0.0130491956667 0.00879407096807 0.00963305144939 0.0289724769606 
0.0120665314978 0.0291472903287 0.00884735383177 0.0200585284273 0.0149734385788 0.0281793998986 0.00662805895852 0.0120443317108 0.00660623536962 0.0104764273871 0.0424196215281 0.0231930173506 -0.00109673926432 -0.00274517415539 0.0143547024549 0.00133663985539 0.0170758554574 0.496939535175 0.0136471491653 0.0215063928969 0.058667897483 0.00380119829106 0.0120741294157 0.0229430620536 0.0174684699638 0.0440162055858 0.0376131942863 0.00028101004446 -0.00502501612295 0.0252284823243 
-0.00528320730596 0.00307162289303 0.0380753146693 0.0127963392549 0.013040878117 0.035041600891 -0.00749550297366 0.0222781492387 0.00782104865363 -0.0148951922613 0.0157553555911 0.00591741110065 -0.00293101881953 0.00202135953087 0.00591154122675 0.027068984073 0.0118784703786 0.0136471491653 0.53324214619 0.00208505331814 0.00261769826274 -0.00468532819289 0.0435912874571 0.00342636714811 0.00502141831568 0.00770312915432 0.00910417653148 0.00323360924642 0.00225498026998 0.0029244309921 
0.0205673954205 0.00489296900126 0.0197777603723 0.0513094605217 0.0187592114296 0.00788883388312 0.00419472682019 0.00680084312201 0.0188420650056 0.0262860836761 0.0316126019584 0.0227683478418 0.0126289769651 -0.0166582811444 0.0025245800765 0.0202494507168 -0.000660297219389 0.0215063928969 0.00208505331814 0.262978963434 0.00311408506363 -0.00397672349486 0.0261116203679 0.00274269350479 -0.0025437682721 0.0403237703551 0.0189774024309 0.0175477209944 0.0121459373364 0.0158217426317 
0.023954035742 0.00876905570156 0.00771709081638 0.0129873453228 -0.00692613867681 0.0307265989592 0.00663490302575 -0.00280568318647 0.00310690747324 0.0072472982744 0.0139233309573 0.0022006481578 0.018348077372 -0.00129556991706 0.00810737309222 0.00760041772045 0.023797615585 0.058667897483 0.00261769826274 0.00311408506363 0.983095919866 0.0146826930733 0.00468054480718 0.0103808201077 -0.00405765595154 0.0148135515433 0.0191233454207 0.0199302419999 0.0131368679655 0.01330210294 
0.00362864714325 0.0499652338429 0.0111858106759 0.0118953785835 0.0255656375008 0.0106356848012 0.0202430785301 0.00558943931067 0.0129770314829 0.0152376344147 0.0246102489056 0.0243249595006 0.0437009147376 -0.00695365305418 0.0299535823042 0.0128776427595 0.0158139785751 0.00380119829106 -0.00468532819289 -0.00397672349486 0.0146826930733 0.18757887854 0.029145943344 0.0129664790058 0.0105570897496 0.0124455164174 0.0243478411 0.0183166240642 0.0147833230201 0.00584182718744 
0.0114301617497 0.0222100068955 0.0173544922664 0.0283493562105 0.0172346381369 0.0192398334566 0.0293824651568 0.0148627324083 0.0210620069849 0.0301662134319 0.0196941842619 0.0227939708631 0.0312728254005 -0.0149349671276 0.0141389430248 0.00319037773057 0.000492846975842 0.0120741294157 0.0435912874571 0.0261116203679 0.00468054480718 0.029145943344 0.20853252421 0.0154950997749 0.0147097666062 0.0128935891963 0.0250744111295 0.0136797058489 0.016607291528 0.011434218436 
0.0157814431018 0.011868459524 0.00976101017473 0.0302074911659 -0.000902970476323 0.00285458183518 0.00603926918986 0.0162430030244 0.0102886935119 0.00969528699469 0.00324125358082 0.00435434849162 0.00196704623553 -0.0105665245678 0.00882459549252 -0.00239067353359 -0.0090911374641 0.0229430620536 0.00342636714811 0.00274269350479 0.0103808201077 0.0129664790058 0.0154950997749 0.174789924256 0.0165564802689 0.0284422884947 0.0136117105609 0.0207723659142 0.0189105741681 0.00783810206046 
0.0189105517814 0.0202870588519 0.0238865283593 0.0113121821395 0.0128159531338 0.0207147286348 0.00263589945937 0.00428659541978 0.0120956197802 0.00461325207747 0.0102319650313 0.0205217429847 0.00943484431148 -0.00530334528753 -0.00974901817418 0.0200708390816 0.0122347870426 0.0174684699638 0.00502141831568 -0.0025437682721 -0.00405765595154 0.0105570897496 0.0147097666062 0.0165564802689 0.474764473376 0.0180325419235 -0.00635235146833 0.0124388733814 0.0233433040883 -0.00164618015476 
0.0168654940924 0.0199941820055 0.0531133160596 0.0417189763495 0.0148247252397 0.00985095975939 0.00525926920876 0.00857699214442 0.00870439260077 0.00447817155909 0.0134476409779 0.0363301670052 0.0124264798074 -0.00945612882188 0.00418223994083 0.0310189241361 -0.00488005093332 0.0440162055858 0.00770312915432 0.0403237703551 0.0148135515433 0.0124455164174 0.0128935891963 0.0284422884947 0.0180325419235 0.487325584501 0.0362410474249 0.01994824026 0.0187840944785 0.0323560887196 
0.053172152383 0.0283024887983 0.0211165760789 0.039616871908 0.0311478968042 0.0428047204368 0.035114617502 0.0190195497549 0.034137066551 0.0509167608523 0.0614316034659 0.0440610007712 0.0170568471428 -0.00907589932157 0.018624225466 0.0359506464639 0.0130491956667 0.0376131942863 0.00910417653148 0.0189774024309 0.0191233454207 0.0243478411 0.0250744111295 0.0136117105609 -0.00635235146833 0.0362410474249 0.366699523564 0.0155663144402 0.0250334473223 0.0416637142066 
0.0137414210255 0.020543240563 0.0231988886501 0.0198701548253 0.0481446075358 0.00689272079546 0.00655178423385 0.0273346193091 0.0225063189725 0.0181588251752 0.029312581235 0.0210334902081 0.0113693066029 -0.014312594372 0.0196703327233 0.0165570585367 0.00879407096807 0.000281010044461 0.00323360924642 0.0175477209944 0.0199302419999 0.0183166240642 0.0136797058489 0.0207723659142 0.0124388733814 0.01994824026 0.0155663144402 0.211313560869 0.00588770888689 0.0117966493782 
0.000397526259061 0.0246438811788 0.00171328916481 0.00986168419515 0.00868998301786 0.00871542684984 0.0243925844781 0.0253471203217 0.0188306967814 0.0104484587753 0.0150586225906 0.0100322549222 0.0136389260726 -0.0111492806863 0.0133374854181 0.0177854323523 0.00963305144939 -0.00502501612295 0.00225498026998 0.0121459373364 0.0131368679655 0.0147833230201 0.016607291528 0.0189105741681 0.0233433040883 0.0187840944785 0.0250334473223 0.00588770888689 0.239953951668 0.014448887642 
0.0264186059455 -0.00565586522371 0.0361922489814 0.039531795154 0.0219045520152 0.0218627468106 0.0211913931095 0.0453634830566 0.01646432729 0.0180363348557 0.0382425870701 0.033252239512 0.0108293849819 0.00349777781274 0.0121402278162 0.0388012205841 0.0289724769606 0.0252284823243 0.0029244309921 0.0158217426317 0.01330210294 0.00584182718744 0.011434218436 0.00783810206046 -0.00164618015476 0.0323560887196 0.0416637142066 0.0117966493782 0.014448887642 0.384686346434 

['ITT', 'EIX', 'TJX', 'A', 'PFG', 'GPS', 'UST', 'JCI', 'TMK', 'C', 'HOT', 'LNC', 'TE', 'KMI', 'XOM', 'EBAY', 'APA', 'CI', 'MAT', 'FDC', 'HUM', 'FE', 'ASO', 'JNJ', 'BSX', 'BMC', 'CFC', 'SAFC', 'BAX', 'FDX']