50
0.116792266476 0.143796644659 0.0766878163077 0.13159191543 0.0192488530763 0.0188066159349 0.0355019489908 0.0909027791802 0.0514292405054 0.0832698050771 0.0787213758152 0.0538205376978 0.0168064994581 0.060830846045 0.0348883512333 0.0267221777707 0.0348828940045 0.0285995604788 0.0357981155146 0.0255121646837 0.132143501856 0.0125032911957 0.0289058353667 0.0380825412642 0.023015295127 0.0708595176859 0.0125275076286 0.0246636786654 0.0594687244428 0.0743441041655 0.0389775871913 0.0874158444094 0.043075945187 0.0374431650663 0.0654803135324 0.0459594094694 0.0773240107923 0.0197813299257 0.251790956204 0.0754225878746 0.360667625942 0.0988670942005 0.0378384564622 0.147407151382 0.0501755430095 0.0442230302855 0.0791308905459 0.0820701074714 0.112290577846 0.0471087328402 
0.600700505093 0.0261456092404 0.0033327642626 0.00138722982504 0.00875221269483 0.0100127965014 0.0256338418595 0.000792771131681 0.030873505383 0.0165790962015 0.0027879885417 0.00875110947019 0.00488450774285 0.0135366123423 0.0240051630036 0.00571209001062 0.00194309022646 0.0125177637134 7.46763803371e-05 0.00228119305624 -0.0149822561772 0.0285900209663 0.00948227967368 0.0100357227303 0.0017874080931 -0.0124246505657 -0.0131902421916 0.00265746732987 0.00128699384271 -0.00253406666245 0.00622809351369 0.00772861539665 0.0124542484188 0.0216935088565 0.00382741028756 0.0141406709007 0.0159587521953 0.0120239599622 0.0239535426312 0.00859707730787 -0.00920646461581 0.0119721205088 0.0174390046605 0.0480497724685 -0.00479853623223 0.0052977097472 0.00310756819659 0.021441868509 -0.0106255173555 0.00404747371746 
0.0261456092404 0.604509594321 0.0526548092037 0.0634712834826 0.014604047147 0.0395810921015 0.0102891617426 0.00824216837252 0.0788879539292 0.0412763052423 0.0337849514749 0.0256854846071 0.0243699618171 0.0960886353313 0.0539302184839 0.0257988634495 0.0689514122854 0.0369778712119 0.0107638975167 0.0156038754397 0.0797724943668 0.0144398331703 0.0548273282095 0.039664349384 0.0260030879529 0.0299551778788 0.0249299495095 0.0269570422982 0.045781781261 0.053846469291 0.0633510346338 0.0281706723434 0.0503639017858 0.0324616561351 0.07303893043 0.0365111374611 0.0804608484343 0.0206877420524 0.0498978458139 0.0471636059116 0.0442936898996 0.059169697706 -0.0112958544455 0.013407635727 0.0276466099139 0.0732546954751 0.0297948891184 0.0541607919436 0.106610620362 0.0271492218747 
0.0033327642626 0.0526548092037 0.433688633084 0.044878009353 0.0106236906021 0.018385427197 0.0312708998231 -0.00551436116853 0.033105810862 0.00689360977951 0.000214324766116 0.00816865935619 0.0102779843592 0.0301656623576 0.00739214941404 0.0212251568554 0.0319190067513 -2.63984767769e-05 0.00339420709573 0.0182030779387 0.0285396988907 0.00665672332253 0.0305327451099 0.032634290657 0.0209294421213 0.00834837364616 0.0175474872707 0.00491199610958 0.0346491253872 0.0347267713624 0.0311687335886 0.0345607133873 0.0276725754705 0.0262333013758 0.0421198629018 0.0468073537671 0.0520563099265 0.00369229471424 0.0598423323419 0.0148059136388 0.073916194418 0.137793473112 0.0213364594996 0.0275676098918 0.0231288996738 0.0225675548953 0.0126816831388 0.0416809067597 0.051204556776 0.00803916042915 
0.00138722982504 0.0634712834826 0.044878009353 0.432699104627 0.0070242085515 -0.00344651994513 0.0199012744876 0.0211158343356 0.0307135205668 0.127333838425 0.115411306476 0.0134256510501 -0.000988947055871 0.0091235936681 0.0222570581381 0.0392986168122 0.0340663340521 -0.0061640532538 0.0102754495458 0.0104562802988 0.150841460931 -0.0209999919348 0.0162913388521 0.0145349048396 0.0086877590469 0.0140480294764 0.0204573680531 0.00763136863744 0.0313618232221 0.00308680900368 0.0176611187575 0.029371844497 0.0126173289593 0.0062093377077 0.0204339991067 0.00704304089006 0.0594390159645 0.00185328792229 0.0155590961025 0.0030239275942 0.0844782286876 0.0500041626533 0.054584592402 0.128394159739 0.0204677634425 0.0360589138814 0.0203637326462 0.034221945018 0.2048259522 0.0896086950563 
0.00875221269483 0.014604047147 0.0106236906021 0.0070242085515 0.141145609925 0.00283415919933 0.0148165962328 0.00349341236036 0.00940582044544 0.00757958994211 -0.00499035339834 0.0193095126814 0.00289999196006 0.00592253570647 0.0114193603054 0.019159623492 0.0148648756212 0.00539032125391 0.0236993078301 0.00587773021224 0.00779722897569 0.00219232441806 0.00893610304492 0.00429942864523 0.0154295410254 0.00637138995516 0.0119597666758 0.00652662438726 -0.000781222306603 -0.00206764105816 0.0149916773182 0.00372244893165 0.0166299732565 0.0101408616112 0.0100856293183 -0.000120431375914 0.00810223313495 0.013628907399 0.00510211139586 0.0262177990651 0.0078908390349 0.00745017340997 0.0103675553452 0.00256258035503 0.0117029923013 0.00635409316439 -0.00183375488852 0.0123603685404 -0.000649301772158 0.00688884696419 
0.0100127965014 0.0395810921015 0.018385427197 -0.00344651994513 0.00283415919933 0.193991957834 0.00970914401339 0.0110047141627 0.0200262379981 0.0116702753022 -0.00388432634971 0.0162881756837 -0.00338177820985 0.0191725891374 0.0235888361963 0.000101207070127 0.0109444665544 0.0140805098671 0.0241619849506 0.0218678769662 0.0151915441044 0.0215522151921 0.0208923073304 0.0124509061256 0.0139814500914 -0.00425018280447 0.0175019777396 0.0119256734601 0.0181303954538 0.0368495144188 0.0144454778686 0.0219716636332 0.00940751485513 0.00954010973382 0.0279651822224 0.0144963614231 0.0309722583435 0.00394498169905 -0.0059584830699 0.0178266062397 0.00824640892601 0.00311233749527 -0.00989193392252 0.012278234334 0.0141207072467 0.0247103507659 0.0124369385663 0.0280869907326 0.00203320571863 0.000441477987904 
0.0256338418595 0.0102891617426 0.0312708998231 0.0199012744876 0.0148165962328 0.00970914401339 0.308208137581 0.0121088311705 0.00293602258705 0.0004457392503 0.0106207009088 0.00497120703924 0.0222438126848 0.0334772141785 0.0134169499277 0.0106265200532 0.0244043228765 0.01214651671 0.0227410886294 0.0138122507659 0.0163453747486 -0.00321805655262 0.0282132762357 0.0153697292315 0.0113834551994 0.00123320884688 -0.00665410303542 0.0108698554849 0.0193442032084 0.0216057229492 0.0239277369164 -0.00337676313828 0.0172766446293 0.0158994203691 0.0190129831785 0.0295889204792 0.0304262518753 0.0159636850486 0.0543179003828 0.0109042051897 0.00261890019927 0.0284879890192 0.0028193021578 0.00500199524307 0.00454793104483 0.0192002173278 -0.0119238669617 0.0110790833663 0.0131220946473 0.00803684712249 
0.000792771131682 0.00824216837252 -0.00551436116853 0.0211158343356 0.00349341236036 0.0110047141627 0.0121088311705 0.49340397824 0.0222531198219 0.0156970947253 -0.00725600544016 0.0260696038955 8.87865063637e-06 0.00919211179178 -0.00502866053683 0.00868263700387 -0.00692834109948 -0.00117648543839 0.0212959627069 0.00990975054194 0.0117589654157 0.00403148067661 0.00763379053942 -0.00161869090976 0.00565228424584 0.0250337768471 0.00181454818752 0.0207329189602 0.010713016521 -0.000158637506519 0.00169725398653 0.0623902388593 0.00739811767962 0.00465914140001 0.000998084075071 0.0022419147974 0.0237702309768 0.0111655092336 0.00819292871761 -0.00200963362079 0.00123850504023 0.0127531235255 0.00198731574868 0.0627263122714 0.00580713762392 0.0046589091762 0.00948637779795 0.0183302856494 0.035710994975 0.0295373683218 
0.030873505383 0.0788879539292 0.033105810862 0.0307135205668 0.00940582044544 0.0200262379981 0.00293602258705 0.0222531198219 0.189514680308 0.0240394091804 0.0202939909949 0.0141198427003 0.00255380424959 0.0542534446265 0.0354593364457 0.0237353306681 0.0153353427079 0.0152943158384 0.0273300491785 0.0106077511949 0.0129532379808 0.0243492480089 0.021955662838 0.0191053899827 0.0310146319325 0.0121819490179 0.00478322684119 0.0231335323953 0.022503678696 0.0169347288839 0.0170145400425 0.0358579467858 0.027949102302 0.0240819174736 0.00702552528362 0.0193279793855 0.0447433523305 0.0219604329638 0.0183868318405 0.0252219695493 0.023893429397 0.0311755637308 0.00288390860997 0.0180638388169 0.0109695194541 0.029767980586 -0.00110944727311 0.0249046856301 0.0217264633815 0.0102232609103 
0.0165790962014 0.0412763052423 0.00689360977951 0.127333838425 0.00757958994211 0.0116702753022 0.0004457392503 0.0156970947253 0.0240394091804 0.331639963735 0.101007124008 0.00912589404858 0.0044542044523 0.0204209477079 0.033029443647 0.0205384375335 0.0218350775985 -0.00499792899241 -0.00246310803241 0.00881082061199 0.10014791134 0.00610587234188 0.0044261926479 0.00470606150417 0.00197766313512 -0.00472384654304 0.0120585959927 0.0120995036293 -0.00463796368268 -0.00206095908806 -0.00100358456381 0.0172433671762 0.00804120820506 0.0126941946525 0.00869386508262 0.00254570005917 0.0261582617848 -0.0117005648436 0.0436297484529 0.00758637401797 0.0245731206399 0.00688347018965 -0.0033095639234 0.10661109595 0.0100560877643 0.0176144994528 0.0152577392375 -0.00360299131424 0.124412807923 0.0672435457681 
0.0027879885417 0.0337849514749 0.000214324766116 0.115411306476 -0.00499035339834 -0.00388432634971 0.0106207009088 -0.00725600544016 0.0202939909949 0.101007124008 0.313501702511 0.00364711642077 0.00718084827745 0.00242184166812 0.0257612617054 0.0310049121833 0.023970973616 0.00557409654158 0.017224212265 0.0013716343874 0.0873719467821 -0.0130837813922 0.00301760438614 0.0154155075638 0.00359170777249 0.00477848164167 0.0192116108934 5.31339078345e-05 0.00501990305842 0.00386177302216 0.00818844932278 -0.0091768437379 0.0172758487137 0.0151426528699 0.00595327014278 -0.011608284473 0.0258165482762 0.00132730750427 0.0198782282337 0.00646228021745 0.0277486491306 0.023253816802 0.0117471902232 0.12637800163 0.033052294463 0.0104598335944 0.00857516643805 0.00759490457905 0.0904165618492 0.0920546628944 
0.00875110947019 0.0256854846071 0.00816865935619 0.0134256510501 0.0193095126814 0.0162881756837 0.00497120703924 0.0260696038955 0.0141198427003 0.00912589404858 0.00364711642077 0.287955066913 0.0222756729772 0.0327560056858 0.0130282219433 0.0307154485748 0.00819584511664 0.032104496354 0.0295742529665 0.0224665471105 0.00206283988735 0.00905740311564 0.0252333217118 0.0067616794678 0.0359247196242 0.0403027106073 0.0211195988725 0.0223422120499 0.0141315616782 0.0463941397795 0.0326473860836 0.00713631558224 0.0363107003565 0.0232727595753 0.0260729493923 0.025705621472 0.0394919126124 0.0314365777233 0.0106958858297 0.0473966132938 0.00411667956767 0.0214705477506 0.0254541980969 0.0116647190211 0.00670408527766 0.0283830092727 0.0121312936199 0.0197987777604 0.00859665997156 0.00408246816767 
0.00488450774285 0.0243699618171 0.0102779843592 -0.000988947055872 0.00289999196006 -0.00338177820985 0.0222438126848 8.87865063633e-06 0.00255380424959 0.0044542044523 0.00718084827745 0.0222756729772 0.21186036889 0.00711343499259 0.0121326569725 0.0272491560191 0.00912515549444 0.0139642880494 0.0120775558008 0.0166147006478 -0.0028795756072 0.00687682635695 0.00758272401168 0.0110855930709 0.00902362185754 0.00509768825562 0.00380480722022 0.00919493059016 -0.00457285949838 0.0313165554232 0.00379393533109 0.0212872692267 0.0205117994592 0.00338792467955 0.00787904576136 0.0235737453739 0.0220822035224 0.0177006709961 0.0277994482091 0.00718068230421 0.00296699626493 0.0146864333284 0.00932639593991 0.00894602814428 0.000810772099835 0.00654605475962 0.00361257819531 0.00429281810398 0.00287462499973 0.00100197149145 
0.0135366123423 0.0960886353313 0.0301656623576 0.0091235936681 0.00592253570647 0.0191725891374 0.0334772141785 0.00919211179178 0.0542534446265 0.0204209477079 0.00242184166813 0.0327560056858 0.00711343499259 0.280390572309 0.02626609928 0.0239058857355 0.0153814453842 0.014621469025 0.0320583247975 0.00316990387073 0.0195060963059 0.019863559434 0.0341171302715 0.0215310981344 0.0253613205146 0.00824024187643 0.0340085833656 0.00499249122652 0.00148490170249 0.023614391864 0.0372242995204 0.0185551018265 0.0295711795231 0.00611177078521 0.017236049487 0.0246152580992 0.0313542871908 0.0155323377557 0.00172961520969 0.0127406320518 0.0115784272988 0.0350611790615 0.00744954298433 0.00463816319669 0.0263206117856 0.038407107665 0.00574478519363 0.0255719351117 0.0247543787446 0.00405207958383 
0.0240051630036 0.0539302184839 0.00739214941404 0.0222570581381 0.0114193603054 0.0235888361963 0.0134169499277 -0.00502866053683 0.0354593364457 0.033029443647 0.0257612617054 0.0130282219433 0.0121326569725 0.02626609928 0.314256742697 0.0230354576374 0.016795528441 0.0383085192918 0.00532008535638 0.0149196940389 0.0134492452967 0.0209962036245 0.0255286595824 0.00228079112441 0.023763299754 0.00803343188724 0.0254028681071 0.00905629784479 0.00521202512578 0.0409375112237 0.0186437564247 0.00190807567348 0.0191949658413 0.0224714279216 0.0190332033718 0.0462625180208 0.0619918408304 0.0162854057879 0.00817145547552 0.0222779679553 0.0515754304458 0.0117492767522 0.0223320018847 0.0223234410447 0.0216058682755 0.0307512326688 0.0102061513128 0.0325442053754 0.0174629645559 0.000875568507741 
0.00571209001062 0.0257988634495 0.0212251568554 0.0392986168122 0.019159623492 0.000101207070128 0.0106265200532 0.00868263700387 0.0237353306681 0.0205384375335 0.0310049121833 0.0307154485748 0.0272491560191 0.0239058857355 0.0230354576374 0.174830570254 0.00545112234448 0.0165625478153 0.0167082828515 0.0195104674077 0.0245563923693 0.00973171802872 0.0245824187323 0.00672061071058 0.0151627037298 0.0119007042704 0.0147312124023 0.0120046628352 0.00307763326735 0.00297733044738 0.0243302221862 0.0119146226137 0.0246789342778 0.0121663550886 0.00926365823433 0.00656890768607 0.0400585301251 0.0172160773879 0.0093031503265 0.00806073074777 0.0199929379596 0.013066010217 0.0569181019785 0.019765727301 0.00910098843503 0.0180982252647 -0.00271541841625 0.0141515981487 0.0243165559307 0.0336274954663 
0.00194309022646 0.0689514122854 0.0319190067513 0.0340663340521 0.0148648756212 0.0109444665544 0.0244043228765 -0.00692834109948 0.0153353427079 0.0218350775985 0.023970973616 0.00819584511664 0.00912515549444 0.0153814453842 0.016795528441 0.00545112234448 0.223316003755 0.0119497180827 0.0126740404772 0.00339908770464 0.0394953296301 0.0215155435939 0.027507812926 0.0168331785796 0.00817318887135 -0.00495099191112 0.00917834646241 0.00510635219816 0.0156465654679 0.0146698244409 0.022467135297 0.0107772769737 0.0197824884986 0.009651844996 0.00533783820235 0.0124971045133 0.0172194247128 0.00477036824673 0.00337410999875 0.0159470429234 0.0186375822318 0.045960251774 0.0170053655534 0.0138073985169 -0.00408302613342 0.0219792940331 0.00543038061206 0.00386329262888 0.0293557417264 0.00329810834064 
0.0125177637134 0.0369778712119 -2.63984767771e-05 -0.0061640532538 0.00539032125391 0.0140805098671 0.01214651671 -0.00117648543839 0.0152943158384 -0.00499792899241 0.00557409654158 0.032104496354 0.0139642880494 0.014621469025 0.0383085192918 0.0165625478153 0.0119497180827 0.266194859031 0.00934149275331 0.0184173788636 -0.000646819918177 0.027794896898 0.0411676420914 0.00975758541567 0.0207264012755 0.022141666523 0.0435270926467 0.021821049691 0.0151577656443 0.0254087800976 0.020920584579 -0.00402018885864 0.026067399168 -0.000325460068087 0.00265523251959 0.0462512528578 0.0472825957579 0.0318063137606 -0.0141517252257 0.0292123518274 0.0263228218797 0.00960373290846 -0.00756324837363 -0.00286756464271 0.0108106999133 0.0199939918374 0.0127774163855 0.0365515170594 -0.00207820449568 0.0044587085529 
7.46763803373e-05 0.0107638975167 0.00339420709573 0.0102754495458 0.0236993078301 0.0241619849506 0.0227410886294 0.0212959627069 0.0273300491785 -0.00246310803241 0.017224212265 0.0295742529665 0.0120775558008 0.0320583247975 0.00532008535638 0.0167082828515 0.0126740404772 0.00934149275331 0.25134688654 0.0167074870698 0.000610631575115 0.0211323369722 0.0118922170047 0.0105720225913 0.0167983038677 0.00505983123261 0.0141042879513 0.0170954729738 0.0159890674663 0.0224803107858 0.0267865667814 0.00313511402199 0.020955466038 0.00730189645808 0.0194476314959 0.00745696982897 0.0357176800782 0.0213459435684 -0.00238579467749 0.023922110432 0.0147633421529 0.0111663096154 0.0106889822948 0.0127166634616 0.0166791657713 0.0167863729182 0.00529488178263 0.0303590033476 0.0225637417183 0.0112998895921 
0.00228119305624 0.0156038754397 0.0182030779387 0.0104562802988 0.00587773021225 0.0218678769662 0.0138122507659 0.00990975054194 0.0106077511949 0.00881082061199 0.0013716343874 0.0224665471105 0.0166147006478 0.00316990387073 0.0149196940389 0.0195104674077 0.00339908770464 0.0184173788636 0.0167074870698 0.154152420549 0.000125275924642 0.0163530446308 0.020196581563 -0.00096209251841 0.0214979399604 0.0172646884532 0.02080317679 0.0191882584183 0.0166826703305 0.0103354961626 0.0320188656917 0.00779729699386 0.0157446680721 -0.00375064883352 0.00860990305265 0.0502976630796 0.0192656855203 0.0167605025525 0.000196640644499 0.0180583948106 0.0174061871661 0.0149413398734 0.00503771314329 0.0038244069524 0.0184752239049 0.0260695821246 0.0150524000138 0.00339800443671 0.00911744449164 0.0132853926104 
-0.0149822561772 0.0797724943668 0.0285396988907 0.150841460931 0.00779722897569 0.0151915441044 0.0163453747486 0.0117589654157 0.0129532379808 0.10014791134 0.0873719467821 0.00206283988735 -0.00287957560721 0.0195060963059 0.0134492452967 0.0245563923693 0.0394953296301 -0.000646819918176 0.000610631575115 0.000125275924642 0.415511844888 -0.0104011292192 0.022821435631 0.00247773602094 0.0062560631312 -0.00745442204298 0.0132046683083 -0.00711476128759 -0.000328540158049 -0.0144661943769 0.00522499766047 0.0293120587783 0.0144917542558 0.010750392399 0.02277409893 0.0157369296402 0.0389714713093 -0.0122067408091 0.0468913114547 0.0179644682025 0.0227108037741 -0.00991202201417 0.0511326280501 0.0929456298202 0.0194648237792 0.0140490547538 0.029154541895 0.0106743555137 0.14559456384 0.054909480653 
0.0285900209663 0.0144398331703 0.00665672332253 -0.0209999919348 0.00219232441806 0.0215522151921 -0.00321805655262 0.00403148067661 0.0243492480089 0.00610587234188 -0.0130837813922 0.00905740311564 0.00687682635695 0.019863559434 0.0209962036245 0.00973171802872 0.0215155435939 0.027794896898 0.0211323369722 0.0163530446308 -0.0104011292192 0.275051318186 0.0077012985163 0.0143853884881 0.0105205419723 -0.00312099058341 0.0061824338662 0.00717541658451 0.0312081223116 0.0642322227867 0.0091452322028 0.00555199450338 0.013351211372 0.00516557198749 0.0239593505001 0.0282397328622 0.0373806568987 0.0110110329401 -0.00314486346705 0.00506795876202 -0.00262335176554 0.0097065094669 -0.0137898539454 -0.0147208998564 0.0124024915956 0.0112174184312 0.000120548537815 0.0349114235228 -0.0115202596521 -0.00834708941565 
0.00948227967368 0.0548273282095 0.0305327451099 0.0162913388521 0.00893610304492 0.0208923073304 0.0282132762357 0.00763379053942 0.021955662838 0.0044261926479 0.00301760438614 0.0252333217118 0.00758272401168 0.0341171302715 0.0255286595824 0.0245824187323 0.027507812926 0.0411676420914 0.0118922170047 0.020196581563 0.022821435631 0.0077012985163 0.220320157777 0.0234861965884 0.01723945 0.0331165295595 -0.000539394320648 0.0179201807386 0.00390154917029 0.0107454878934 0.0344460208777 0.000908180195666 0.0202291637148 0.0137113550546 0.0125531544177 0.0334884427676 0.0213806939982 0.0154748986196 0.019489731519 0.0204896500176 0.0168995072032 0.0269841839747 0.0248336763245 -0.0162391727061 0.00977646806143 0.0184019763061 0.000460013093155 0.0200061063462 0.0436402244452 0.0110832004015 
0.0100357227303 0.039664349384 0.032634290657 0.0145349048396 0.00429942864523 0.0124509061256 0.0153697292315 -0.00161869090976 0.0191053899827 0.00470606150417 0.0154155075638 0.0067616794678 0.0110855930709 0.0215310981344 0.00228079112441 0.00672061071058 0.0168331785796 0.00975758541567 0.0105720225913 -0.00096209251841 0.00247773602094 0.0143853884881 0.0234861965884 0.243018779212 0.00304622141127 0.0496914393632 0.0164409140802 0.00732415908632 0.0153829336464 0.0169821633451 0.026377370996 0.00366839993629 0.0107291049782 0.00220076915463 -0.00277038527347 0.00670850082353 0.027067149596 -0.00185779172876 0.0231956799182 0.0071868926725 0.0301211601021 0.0448035342815 0.00609368096356 0.00933605692454 0.0189726889706 0.0205959760164 0.0223181763691 0.0107326466853 0.00783479665224 -0.000144394385771 
0.0017874080931 0.0260030879529 0.0209294421213 0.0086877590469 0.0154295410254 0.0139814500914 0.0113834551994 0.00565228424584 0.0310146319325 0.00197766313512 0.00359170777249 0.0359247196242 0.00902362185754 0.0253613205146 0.023763299754 0.0151627037298 0.00817318887135 0.0207264012755 0.0167983038677 0.0214979399604 0.0062560631312 0.0105205419723 0.01723945 0.00304622141127 0.140904472065 0.0198780054555 0.0145689501018 0.0203921500446 0.00939815580369 0.0101515753026 0.0223394228679 -0.0016216769456 0.0169410018717 0.022583935779 0.0151395344052 0.0117823084574 0.0182943903716 0.0274583124455 0.000828749002181 0.0190853824361 0.00348283640384 0.020012479639 0.0181761530152 0.0123423468619 0.0127125085681 0.0129587428557 0.0100968997153 0.00393808314226 0.0043854320365 0.00965029728402 
-0.0124246505657 0.0299551778788 0.00834837364616 0.0140480294764 0.00637138995516 -0.00425018280447 0.00123320884688 0.0250337768471 0.0121819490179 -0.00472384654304 0.00477848164167 0.0403027106073 0.00509768825562 0.00824024187643 0.00803343188724 0.0119007042704 -0.00495099191112 0.022141666523 0.00505983123261 0.0172646884532 -0.00745442204298 -0.00312099058341 0.0331165295595 0.0496914393632 0.0198780054555 0.393396233388 0.000904777762296 0.00839994431106 -0.00737276161487 0.0181270641421 0.0223890517993 0.0326802821563 0.00599115918711 0.0100667710523 0.0270326484393 0.0189569675228 0.0116254738874 0.00779993847325 -0.00226377910792 0.0580069824902 -0.0187033111031 0.026998108986 0.014185607009 0.00811391561709 0.0211908193982 0.0137564480669 -0.00303863602294 0.0134098357981 0.00170329396879 0.0142140386731 
-0.0131902421916 0.0249299495095 0.0175474872707 0.0204573680531 0.0119597666758 0.0175019777396 -0.00665410303542 0.00181454818752 0.00478322684119 0.0120585959927 0.0192116108934 0.0211195988725 0.00380480722022 0.0340085833656 0.0254028681071 0.0147312124023 0.00917834646242 0.0435270926467 0.0141042879513 0.02080317679 0.0132046683083 0.0061824338662 -0.000539394320649 0.0164409140802 0.0145689501018 0.000904777762296 0.294817135852 0.014079116151 -0.00413095144241 -0.011229406215 0.00458608709987 0.002731176794 0.00641344997211 0.00125951214756 0.0227523809732 0.0433376850836 0.01436010094 0.0105405579755 0.0200652363588 0.00697113924739 0.0142982950527 0.0237042372973 0.00748750274886 0.00720087644558 0.0309937270198 0.0267581379886 0.0275164907591 0.0207303409939 0.0164991507683 0.00350649374767 
0.00265746732987 0.0269570422982 0.00491199610958 0.00763136863744 0.00652662438725 0.0119256734601 0.0108698554849 0.0207329189602 0.0231335323953 0.0120995036293 5.31339078349e-05 0.0223422120499 0.00919493059016 0.00499249122652 0.00905629784479 0.0120046628352 0.00510635219816 0.021821049691 0.0170954729738 0.0191882584183 -0.00711476128759 0.00717541658451 0.0179201807386 0.00732415908632 0.0203921500446 0.00839994431106 0.014079116151 0.130199686292 0.0130160429074 0.006789295401 0.0256745527826 0.0129985672627 0.0120658009346 0.00605543801238 0.0124197096721 0.023073710405 0.0143297760183 0.0256421456368 -0.0049709832934 0.00466816934165 0.00263274825096 0.0156251773045 0.00289754885118 0.000721588720705 0.000151550138428 0.0168117855589 0.00584814741511 -0.000485809421536 0.0124473178529 0.00574541584789 
0.00128699384271 0.045781781261 0.0346491253872 0.0313618232221 -0.000781222306603 0.0181303954538 0.0193442032084 0.010713016521 0.022503678696 -0.00463796368268 0.00501990305842 0.0141315616782 -0.00457285949838 0.00148490170249 0.00521202512578 0.00307763326735 0.0156465654679 0.0151577656443 0.0159890674663 0.0166826703305 -0.000328540158049 0.0312081223116 0.00390154917029 0.0153829336464 0.00939815580369 -0.00737276161487 -0.00413095144241 0.0130160429074 0.404090927549 0.0293539297953 0.0336438619688 0.00979559571625 0.00980069222982 0.0112569903212 0.0108023520199 0.0193325564436 0.0276124108432 0.0022422467071 -0.0201027081624 0.0255914234823 0.0242099379948 0.0285577295882 0.0104645430873 0.0368276559599 0.0128984290609 0.0246128724056 0.0162400268161 -0.000316021505794 0.0142374986933 -0.004485934454 
-0.00253406666244 0.053846469291 0.0347267713624 0.00308680900368 -0.00206764105816 0.0368495144188 0.0216057229492 -0.000158637506519 0.0169347288839 -0.00206095908806 0.00386177302216 0.0463941397795 0.0313165554232 0.023614391864 0.0409375112237 0.00297733044739 0.0146698244409 0.0254087800976 0.0224803107858 0.0103354961626 -0.0144661943769 0.0642322227867 0.0107454878934 0.0169821633451 0.0101515753026 0.0181270641421 -0.011229406215 0.006789295401 0.0293539297953 0.381316845592 0.0094944951713 0.0208925635871 0.0280669577555 0.00733748993583 0.0306481972467 0.0224896895994 0.076195275019 0.0111678955974 -0.000188487086952 0.0266789665556 0.0428577039122 0.034548976592 0.00641379136137 0.0110158825198 -0.0031343477664 0.0266871611309 0.00297447571472 0.0187680641586 0.00325554874617 -0.00644079548306 
0.00622809351369 0.0633510346338 0.0311687335886 0.0176611187575 0.0149916773182 0.0144454778686 0.0239277369164 0.00169725398653 0.0170145400425 -0.00100358456381 0.00818844932278 0.0326473860836 0.00379393533109 0.0372242995204 0.0186437564247 0.0243302221862 0.022467135297 0.020920584579 0.0267865667814 0.0320188656917 0.00522499766047 0.0091452322028 0.0344460208777 0.026377370996 0.0223394228679 0.0223890517993 0.00458608709987 0.0256745527826 0.0336438619688 0.0094944951713 0.232660816856 -0.00712723819027 0.0209316368797 0.0154019993907 0.019176078302 0.0310490421902 0.0374310177473 0.0217666631828 -0.00436852459116 0.0129790387472 -0.0121947330999 0.0124202892101 0.0275510481647 0.00187271178347 0.0132737418595 0.0351924514743 0.00152007149218 0.00925925577978 0.00827636397967 0.0131355060367 
0.00772861539665 0.0281706723434 0.0345607133873 0.029371844497 0.00372244893165 0.0219716636332 -0.00337676313828 0.0623902388593 0.0358579467858 0.0172433671762 -0.0091768437379 0.00713631558225 0.0212872692267 0.0185551018265 0.00190807567348 0.0119146226137 0.0107772769737 -0.00402018885864 0.00313511402199 0.00779729699386 0.0293120587783 0.00555199450338 0.000908180195667 0.00366839993629 -0.0016216769456 0.0326802821563 0.002731176794 0.0129985672627 0.00979559571625 0.0208925635871 -0.00712723819027 0.549571329352 0.0219261683496 0.00457359535285 0.0358697579311 0.0089229613571 0.00238783883822 -0.000178083684845 0.00982934081504 0.0611093440331 0.020314380972 0.0541825244193 -0.0117106918436 -0.00578655014294 0.0114183688037 0.00193881077874 0.00488757216175 0.0185361391398 0.0436996086138 -0.0109869537954 
0.0124542484188 0.0503639017858 0.0276725754705 0.0126173289593 0.0166299732565 0.00940751485513 0.0172766446293 0.00739811767962 0.027949102302 0.00804120820506 0.0172758487137 0.0363107003565 0.0205117994592 0.0295711795231 0.0191949658413 0.0246789342778 0.0197824884986 0.026067399168 0.020955466038 0.0157446680721 0.0144917542558 0.013351211372 0.0202291637148 0.0107291049782 0.0169410018716 0.00599115918711 0.00641344997211 0.0120658009346 0.00980069222982 0.0280669577555 0.0209316368797 0.0219261683496 0.206784270733 0.0213457038824 0.00423113713356 0.0152119883137 0.0277504382116 0.0252785650099 -0.00192584571461 0.00998761504232 0.0259647797936 0.00792245981641 0.00905174685391 0.0229798792793 0.0022359790184 0.0103271442968 0.0141048448264 0.0195612719048 0.0140684525941 0.00780549501879 
0.0216935088565 0.0324616561351 0.0262333013758 0.0062093377077 0.0101408616112 0.00954010973382 0.0158994203691 0.00465914140001 0.0240819174736 0.0126941946525 0.0151426528699 0.0232727595753 0.00338792467955 0.00611177078521 0.0224714279216 0.0121663550886 0.009651844996 -0.000325460068087 0.00730189645808 -0.00375064883352 0.010750392399 0.00516557198749 0.0137113550546 0.00220076915463 0.022583935779 0.0100667710523 0.00125951214756 0.00605543801238 0.0112569903212 0.00733748993583 0.0154019993907 0.00457359535285 0.0213457038824 0.461978100941 0.0425816009338 0.00275970737937 0.00842576745348 0.00976362563387 0.020070252466 0.0337963069359 0.00804322215722 -0.000538031498763 0.00363639101924 0.00169117814638 -0.0035470964768 0.0183977851646 0.0122199132794 0.00512238453052 0.00712694461183 -0.00323356980048 
0.00382741028756 0.07303893043 0.0421198629018 0.0204339991067 0.0100856293183 0.0279651822224 0.0190129831785 0.000998084075071 0.00702552528362 0.00869386508262 0.00595327014278 0.0260729493923 0.00787904576136 0.017236049487 0.0190332033718 0.00926365823433 0.00533783820235 0.00265523251959 0.0194476314959 0.00860990305265 0.02277409893 0.0239593505001 0.0125531544177 -0.00277038527347 0.0151395344052 0.0270326484393 0.0227523809732 0.0124197096721 0.0108023520199 0.0306481972467 0.019176078302 0.0358697579311 0.00423113713356 0.0425816009338 0.384646989939 0.0308745198373 0.0423708854646 0.011168759734 0.0382802108969 0.0355697210314 0.0412589253084 0.0437950492457 0.00354281266043 -0.00116126764017 0.0306942947001 0.0310560705659 0.00973972497215 0.0266576674447 0.0259607022716 0.0124191932648 
0.0141406709007 0.0365111374611 0.0468073537671 0.00704304089006 -0.000120431375914 0.0144963614231 0.0295889204792 0.0022419147974 0.0193279793855 0.00254570005917 -0.011608284473 0.025705621472 0.0235737453739 0.0246152580992 0.0462625180208 0.00656890768607 0.0124971045133 0.0462512528578 0.00745696982897 0.0502976630796 0.0157369296402 0.0282397328622 0.0334884427676 0.00670850082353 0.0117823084574 0.0189569675228 0.0433376850836 0.023073710405 0.0193325564436 0.0224896895994 0.0310490421902 0.0089229613571 0.0152119883137 0.00275970737937 0.0308745198373 0.332954337411 0.071058895373 0.0061520713657 0.00590323517066 0.0233520958695 0.0470733069481 0.015099427066 0.0291051110142 -0.000208218602466 0.0113532421052 0.0249004682963 0.0211925997171 0.027053704843 0.0115573493331 0.0110562469816 
0.0159587521953 0.0804608484343 0.0520563099265 0.0594390159645 0.00810223313495 0.0309722583435 0.0304262518753 0.0237702309768 0.0447433523305 0.0261582617848 0.0258165482762 0.0394919126124 0.0220822035224 0.0313542871908 0.0619918408304 0.0400585301251 0.0172194247128 0.0472825957579 0.0357176800782 0.0192656855203 0.0389714713093 0.0373806568987 0.0213806939982 0.027067149596 0.0182943903716 0.0116254738874 0.01436010094 0.0143297760183 0.0276124108432 0.076195275019 0.0374310177473 0.00238783883822 0.0277504382116 0.00842576745348 0.0423708854646 0.071058895373 0.457394717257 0.0268356317946 0.0380616426862 0.0222817545108 0.0339741509214 0.0425315485043 0.0133641135183 0.0479951652894 0.0403596539802 0.0394632254131 0.0111275768346 0.0384527722039 0.0548308001589 0.0238363859382 
0.0120239599622 0.0206877420524 0.00369229471424 0.00185328792229 0.013628907399 0.00394498169905 0.0159636850486 0.0111655092336 0.0219604329638 -0.0117005648436 0.00132730750427 0.0314365777233 0.0177006709961 0.0155323377557 0.0162854057879 0.0172160773879 0.00477036824673 0.0318063137606 0.0213459435684 0.0167605025525 -0.0122067408091 0.0110110329401 0.0154748986196 -0.00185779172876 0.0274583124455 0.00779993847325 0.0105405579755 0.0256421456368 0.0022422467071 0.0111678955974 0.0217666631828 -0.000178083684846 0.0252785650099 0.00976362563387 0.011168759734 0.0061520713657 0.0268356317946 0.141110139186 0.00969886577868 0.0167741106988 0.00171390568895 0.00906280254481 0.00985394270982 0.0132662323763 0.0131504144339 0.0113908077329 0.0113278507448 0.018667260374 0.00432897457008 0.00216536492453 
0.0239535426312 0.0498978458139 0.0598423323419 0.0155590961025 0.00510211139586 -0.0059584830699 0.0543179003828 0.00819292871761 0.0183868318405 0.0436297484529 0.0198782282337 0.0106958858297 0.0277994482091 0.00172961520969 0.00817145547552 0.0093031503265 0.00337410999875 -0.0141517252257 -0.00238579467749 0.000196640644499 0.0468913114547 -0.00314486346705 0.019489731519 0.0231956799182 0.000828749002181 -0.00226377910792 0.0200652363588 -0.0049709832934 -0.0201027081624 -0.000188487086952 -0.00436852459116 0.00982934081504 -0.00192584571461 0.020070252466 0.0382802108969 0.00590323517066 0.0380616426862 0.00969886577868 2.07717500213 0.0192825467849 0.0701769284638 0.054157951946 -0.0150119038368 0.0347710305747 0.011958955399 0.0114844756457 0.00502792628668 0.0282844429557 0.00571180380508 0.00139675560134 
0.00859707730787 0.0471636059116 0.0148059136388 0.0030239275942 0.0262177990651 0.0178266062397 0.0109042051897 -0.00200963362079 0.0252219695493 0.00758637401797 0.00646228021745 0.0473966132938 0.00718068230421 0.0127406320518 0.0222779679553 0.00806073074777 0.0159470429234 0.0292123518274 0.023922110432 0.0180583948106 0.0179644682025 0.00506795876202 0.0204896500176 0.0071868926725 0.0190853824361 0.0580069824902 0.00697113924739 0.00466816934165 0.0255914234823 0.0266789665556 0.0129790387472 0.0611093440331 0.00998761504232 0.0337963069359 0.0355697210314 0.0233520958695 0.0222817545108 0.0167741106988 0.0192825467849 0.480375175883 0.0393281199765 0.0225625460206 0.00148319272704 -0.000293542896082 0.0334627848688 0.0206681039285 0.0136615129864 0.0121254504314 -0.013273008612 0.010062329233 
-0.00920646461581 0.0442936898996 0.073916194418 0.0844782286876 0.0078908390349 0.00824640892601 0.00261890019927 0.00123850504023 0.023893429397 0.0245731206399 0.0277486491306 0.00411667956767 0.00296699626493 0.0115784272988 0.0515754304458 0.0199929379596 0.0186375822318 0.0263228218797 0.0147633421529 0.0174061871661 0.0227108037741 -0.00262335176554 0.0168995072032 0.0301211601021 0.00348283640384 -0.0187033111031 0.0142982950527 0.00263274825096 0.0242099379948 0.0428577039122 -0.0121947330999 0.020314380972 0.0259647797936 0.00804322215722 0.0412589253084 0.0470733069481 0.0339741509214 0.00171390568895 0.0701769284638 0.0393281199765 1.18320885354 0.0887090511816 -0.0145432319465 0.0293340176233 0.0265597487342 0.0168207441319 0.0267002828643 0.00921114156344 0.0465526540146 0.00724692320325 
0.0119721205088 0.059169697706 0.137793473112 0.0500041626533 0.00745017340997 0.00311233749527 0.0284879890192 0.0127531235255 0.0311755637308 0.00688347018965 0.023253816802 0.0214705477506 0.0146864333284 0.0350611790615 0.0117492767522 0.013066010217 0.045960251774 0.00960373290846 0.0111663096154 0.0149413398734 -0.00991202201418 0.0097065094669 0.0269841839747 0.0448035342815 0.020012479639 0.026998108986 0.0237042372973 0.0156251773045 0.0285577295882 0.034548976592 0.0124202892101 0.0541825244193 0.00792245981641 -0.000538031498763 0.0437950492457 0.015099427066 0.0425315485043 0.00906280254481 0.054157951946 0.0225625460206 0.0887090511816 0.466679774305 0.00289723089288 0.0352558017444 0.0110431526623 0.0282949506847 0.0224118211561 0.032828706998 0.0374716285584 0.0186570714563 
0.0174390046605 -0.0112958544455 0.0213364594996 0.054584592402 0.0103675553452 -0.00989193392252 0.0028193021578 0.00198731574868 0.00288390860997 -0.0033095639234 0.0117471902232 0.0254541980969 0.00932639593991 0.00744954298433 0.0223320018847 0.0569181019785 0.0170053655534 -0.00756324837363 0.0106889822948 0.00503771314329 0.0511326280501 -0.0137898539454 0.0248336763245 0.00609368096356 0.0181761530152 0.014185607009 0.00748750274886 0.00289754885118 0.0104645430873 0.00641379136137 0.0275510481647 -0.0117106918436 0.00905174685391 0.00363639101924 0.00354281266043 0.0291051110142 0.0133641135183 0.00985394270982 -0.0150119038368 0.00148319272704 -0.0145432319465 0.00289723089288 0.458511901415 0.0395008186529 0.0141756132048 0.00576542399906 0.0122975383707 0.022399440469 0.0394235536834 0.0236836458102 
0.0480497724685 0.013407635727 0.0275676098918 0.128394159739 0.00256258035503 0.012278234334 0.00500199524307 0.0627263122714 0.0180638388169 0.10661109595 0.12637800163 0.0116647190211 0.00894602814429 0.00463816319669 0.0223234410447 0.019765727301 0.0138073985169 -0.00286756464271 0.0127166634616 0.0038244069524 0.0929456298202 -0.0147208998564 -0.0162391727061 0.00933605692454 0.0123423468619 0.00811391561709 0.00720087644558 0.000721588720706 0.0368276559599 0.0110158825198 0.00187271178347 -0.00578655014294 0.0229798792793 0.00169117814638 -0.00116126764017 -0.000208218602466 0.0479951652894 0.0132662323763 0.0347710305747 -0.000293542896082 0.0293340176233 0.0352558017444 0.0395008186529 0.507503842255 0.00832294636775 0.0414253534244 0.00956463110959 -0.00997480837554 0.103779236504 0.0826448242689 
-0.00479853623223 0.0276466099139 0.0231288996738 0.0204677634425 0.0117029923013 0.0141207072467 0.00454793104483 0.00580713762392 0.0109695194541 0.0100560877643 0.033052294463 0.00670408527766 0.000810772099834 0.0263206117856 0.0216058682755 0.00910098843503 -0.00408302613342 0.0108106999133 0.0166791657713 0.0184752239049 0.0194648237792 0.0124024915956 0.00977646806143 0.0189726889706 0.0127125085681 0.0211908193982 0.0309937270198 0.000151550138428 0.0128984290609 -0.0031343477664 0.0132737418595 0.0114183688037 0.0022359790184 -0.0035470964768 0.0306942947001 0.0113532421052 0.0403596539802 0.0131504144339 0.011958955399 0.0334627848688 0.0265597487342 0.0110431526623 0.0141756132048 0.00832294636775 0.317792281624 0.0205721196079 0.0166707722772 0.0337402636681 0.0129606952395 0.00680265178828 
0.0052977097472 0.0732546954751 0.0225675548953 0.0360589138814 0.00635409316439 0.0247103507659 0.0192002173278 0.0046589091762 0.029767980586 0.0176144994528 0.0104598335944 0.0283830092727 0.00654605475962 0.038407107665 0.0307512326688 0.0180982252647 0.0219792940331 0.0199939918374 0.0167863729182 0.0260695821246 0.0140490547538 0.0112174184312 0.0184019763061 0.0205959760164 0.0129587428557 0.0137564480669 0.0267581379886 0.0168117855589 0.0246128724056 0.0266871611309 0.0351924514743 0.00193881077874 0.0103271442968 0.0183977851646 0.0310560705659 0.0249004682963 0.0394632254131 0.0113908077329 0.0114844756457 0.0206681039285 0.0168207441319 0.0282949506847 0.00576542399906 0.0414253534244 0.0205721196079 0.185902638029 0.0195365232229 0.019229470886 0.0241689366252 0.0118728951008 
0.00310756819659 0.0297948891184 0.0126816831388 0.0203637326462 -0.00183375488852 0.0124369385663 -0.0119238669617 0.00948637779795 -0.00110944727311 0.0152577392375 0.00857516643805 0.0121312936199 0.00361257819531 0.00574478519363 0.0102061513128 -0.00271541841625 0.00543038061206 0.0127774163855 0.00529488178263 0.0150524000138 0.029154541895 0.000120548537815 0.000460013093156 0.0223181763691 0.0100968997153 -0.00303863602294 0.0275164907591 0.00584814741511 0.0162400268161 0.00297447571472 0.00152007149218 0.00488757216175 0.0141048448264 0.0122199132794 0.00973972497215 0.0211925997171 0.0111275768346 0.0113278507448 0.00502792628668 0.0136615129864 0.0267002828643 0.0224118211561 0.0122975383707 0.00956463110959 0.0166707722772 0.0195365232229 0.621082385849 0.00549760152526 0.00828269597751 0.00734307423518 
0.021441868509 0.0541607919436 0.0416809067597 0.034221945018 0.0123603685404 0.0280869907326 0.0110790833663 0.0183302856494 0.0249046856301 -0.00360299131424 0.00759490457905 0.0197987777604 0.00429281810398 0.0255719351117 0.0325442053754 0.0141515981487 0.00386329262888 0.0365515170594 0.0303590033476 0.00339800443671 0.0106743555137 0.0349114235228 0.0200061063462 0.0107326466853 0.00393808314226 0.0134098357981 0.0207303409939 -0.000485809421537 -0.000316021505794 0.0187680641586 0.00925925577978 0.0185361391398 0.0195612719048 0.00512238453052 0.0266576674447 0.027053704843 0.0384527722039 0.018667260374 0.0282844429557 0.0121254504314 0.00921114156344 0.032828706998 0.022399440469 -0.00997480837554 0.0337402636681 0.019229470886 0.00549760152526 0.482392399555 0.0183391296363 0.0023742131064 
