50
0.0149217979249 0.0565518641406 0.214537342356 0.0268988212896 0.164482556217 0.0373994541978 0.0299059053764 0.0487859931196 0.037496284255 0.0631385093148 0.0933125666969 0.0248608942987 0.0738036440579 0.0418020448473 0.105459344027 0.042606905642 0.0538205376978 0.0878126089614 0.0271794955288 0.101481112582 0.079223051944 0.074230100705 0.116792266476 0.0333203023267 0.0440278725419 0.0466521206007 0.0215013837744 0.142835786571 0.266244884644 0.0125275076286 0.0144645316835 0.0191748751409 0.0621529110589 0.0135350028622 0.114001255301 0.0262343191133 0.188050706821 0.0448250845436 0.0180781461794 0.0755152896869 0.0439476996979 0.00399952409326 0.0192488530763 0.0297343435849 0.0267965440056 0.0389775871913 0.0353360638732 0.102128665084 0.0592302274211 0.112290577846 
0.309539953314 0.0225392015589 0.0847615412568 0.016838085127 0.0119348333454 0.020221092214 -0.00993883018276 0.0280809029552 0.0203325732802 0.019040100573 3.9768512822e-05 0.0394990919431 0.0314994998026 0.0028823453286 0.0232194282053 0.0112762210838 0.0233102976726 0.0378805548114 0.011505133194 0.0234616986399 0.0297734458906 0.0424372454648 0.00516783701816 0.0272934887589 0.0143296028072 0.00291987169156 0.0405482540787 -0.00553742632827 0.010581432973 0.0252878795877 0.0103604049517 0.00173294638824 0.0277695203642 0.014807397615 0.0154290887488 0.0210475522436 0.0397099127132 0.0124727636723 -0.00422313491468 0.00375589858512 0.00868978748087 0.0126045252288 -0.00435410830116 -0.000701574753656 0.024954880035 0.0254174902666 0.024662139638 0.030322065706 0.0110700259955 0.0161829345765 
0.0225392015589 0.242895638221 0.0377641054096 0.00985732851201 -0.00384723447147 0.00942423383381 0.0146527053923 0.0137606598107 0.00985283130466 0.0165295517541 0.0217630174566 0.0225696129373 0.0311547018763 0.0276522404008 0.0190142877745 0.0362148166597 0.0318664652021 0.0118740368604 0.0111728240303 0.00573129004085 0.0286551737023 0.0564689683488 0.00315030955838 0.0206684435946 0.0238984198862 0.0413933002579 0.0184023323802 -0.00318753797565 0.00645638582355 0.0145317541634 0.0121892893898 0.0236783539726 0.0359835958228 0.018148807781 -0.00729017418278 0.0141918010731 0.0233566592873 0.0161219438235 -0.00951791839495 0.0228400063558 0.0071958710528 0.0197747599698 0.0114154515042 0.0211934763842 0.0197887427248 0.0110686243983 0.0104807201802 0.00638543961527 0.0187813366265 0.0216943757927 
0.0847615412568 0.0377641054096 0.956374252004 0.0126969556329 -0.00103475143435 0.0204934124473 0.041578436643 0.00974375699217 0.0390882482732 0.078692034979 0.0242519871014 0.0149654732947 0.0367336705041 0.0466808436494 0.0546518713184 0.00594856087618 0.00967316578592 0.0748774736061 0.0109051633363 0.100284299233 0.00942156215081 0.0920117673549 0.0265743060675 0.0113790067364 0.00417433569806 -0.0045042338592 0.0429421956741 0.0930344516605 0.00504260656077 0.0199189781758 0.0289709314591 0.00553034004848 0.0307112997647 0.015048163161 0.0401894130056 0.0184966597409 0.0718840746056 0.0275135910232 0.0134175882727 0.00995653982188 0.0151195144391 0.00443725129048 -0.0141847395383 0.00749702306699 0.00540023038907 0.0107816202034 0.0423606509196 0.0680232231923 0.0366848256349 0.0467941941923 
0.016838085127 0.00985732851201 0.0126969556329 0.220604882256 0.0046443912446 0.0185523126966 -0.00697102221953 0.00839427833933 -0.000469334122868 0.0215303263462 0.0204724231353 0.0145682383053 0.020408633073 0.0117520032359 0.00848936673828 0.00372384559377 0.00581855115071 0.0192573691441 0.00540104530782 0.0170748241522 0.0250620553937 0.022644864296 -0.0110302623998 0.000623291026234 0.0189718655309 0.000246974060317 0.00895994566522 0.00522700403761 -0.00846500866933 0.00599203798579 -0.00110709514478 0.00734647079418 0.0167973827138 0.0153175785175 0.00539754904732 0.011373218377 0.0267904676254 0.00626638880842 -0.00498719490246 -0.00146709944198 0.00883100887882 0.0136724242391 0.00678879901588 -0.00159905551778 0.0123709138062 0.0177912624713 0.0121910268852 0.0173284271115 0.0101995334108 -0.00119893117532 
0.0119348333454 -0.00384723447147 -0.00103475143435 0.0046443912446 1.89482225807 0.00417701809531 -0.0133007016031 0.0286230193743 0.000784760525039 0.0163302249783 -0.015644061542 0.00989138121429 -0.037273659347 -0.00649001359302 0.00315454876799 0.00456981795136 -0.00442825970209 -0.00135002950047 -0.0084437804232 0.00192351579546 -0.00500606229653 0.00448247265266 -0.0170380451947 -0.00225720897076 -0.00142341414967 0.00396608839671 0.00856950654218 -0.0223241276865 -0.00922008178089 0.00997925787207 0.000321429650029 0.0013976683582 0.0026104020421 0.0121843013523 -0.0199301005369 -0.00882573096322 0.0139606251909 0.000239773121728 -0.00165778510933 0.000560337954616 -0.00230889469937 0.00498538693663 0.0053050636482 0.0035741416689 -0.003736648849 -0.00800872526801 -0.00227475496395 0.0130049528179 -0.00379104026126 0.0387342248079 
0.020221092214 0.00942423383381 0.0204934124473 0.0185523126966 0.00417701809531 0.31348169778 0.02399838656 0.0213101783844 0.0238663063921 0.0122944441467 0.00385932155592 0.0261300775602 0.0234588261659 0.0243340229398 0.00503909153608 0.0235045098857 0.0276317280496 0.00382211406942 0.0216930737372 0.00525157218035 0.0183054622855 0.0520493498428 0.0260325213752 0.0056123741645 0.0199786304974 0.00734921129179 0.019743207739 0.00268422147926 0.00132298994951 0.0142007004526 -0.00330689108581 0.0231891157356 0.0266675074254 0.0130652293983 -0.000606013614116 0.0142129419937 0.00834889761054 0.029694285124 0.00105323936678 0.0254536780802 0.016951848819 0.0207355475132 0.0251811190227 0.00446684183817 0.0176655617117 0.0300756177322 0.00976723438568 0.0186199095055 0.0390300474636 0.0153243479669 
-0.00993883018276 0.0146527053923 0.041578436643 -0.00697102221953 -0.0133007016031 0.02399838656 0.267473160053 0.0238231050612 0.041815862779 0.00382015184012 -0.00455309954075 0.0208879631371 0.00529712899303 0.0278732134923 0.00581989763158 0.00951426628627 0.0246924036193 0.010368717237 0.0036605947003 -0.000204353446769 0.0059590521307 0.0257433446015 -0.00628005272757 0.0064725479148 0.0118921013657 0.0117614843161 0.0081289640785 -0.00340704640618 0.00968783950993 0.023246481497 0.00247679563273 0.0214500442352 0.0179233017256 0.0236919128275 0.000383329064941 0.0193835994009 0.039001537816 0.0247839864702 0.00837861302357 0.0201115734523 0.016965939582 0.0144594960779 0.013803653611 0.0151237889412 0.0109144215123 0.0255026766931 0.0118029538699 0.00622403867565 0.0183165468598 0.00944061011391 
0.0280809029552 0.0137606598107 0.00974375699217 0.00839427833933 0.0286230193743 0.0213101783844 0.0238231050612 0.440526489945 0.0147580965181 0.016893832574 0.000164608781656 0.0253584083295 0.00481321405766 0.0103136368631 0.00740318325996 0.00767396714445 0.016743828153 0.0293838102573 0.0188742733732 0.0104988242898 0.00413016229379 0.0149423385094 0.0228973878345 0.0105610367662 0.0213065813913 0.0162698012949 0.0132375127261 0.0414226107711 0.0243347172025 0.0267527716959 0.00554426499562 0.0178372660835 0.0183903930381 0.0148310247098 -0.00593624565548 0.0313008390839 0.00168352737392 0.0134953671467 0.0150650095937 0.0957790419126 -0.000708236959558 0.0139840534319 0.000299803372099 0.0102856942726 0.0255720663389 0.0130233312534 0.0215780939346 -0.00501567584347 0.0306125722487 0.0191196977702 
0.0203325732802 0.00985283130466 0.0390882482732 -0.000469334122867 0.000784760525039 0.0238663063921 0.041815862779 0.0147580965181 0.235181466441 0.0162258793207 0.0271271556404 0.0151278072084 0.0119891922412 0.0171108770896 0.0088861229484 0.0228422141235 0.0465136436479 0.0126616108409 0.0152082900078 0.00406229898206 0.0130864590497 0.019318943648 -0.00456180911871 0.0078990653784 0.0142184828593 0.0209204753592 0.0156613348705 0.0197683650563 0.0436585970908 0.0195744638454 0.00368531751529 0.025499006577 0.00993129079945 0.0189319898645 -0.00289664255909 0.029294733147 0.0273116867804 0.0183463742053 0.0157666220074 -0.00714886323636 0.000228873579886 0.012120976059 0.0217620880859 0.00509972564821 0.0274560280039 0.0405543806973 0.025995296875 0.00691466883499 0.0148330605571 0.0293655290426 
0.019040100573 0.0165295517541 0.078692034979 0.0215303263462 0.0163302249783 0.0122944441467 0.00382015184012 0.016893832574 0.0162258793207 0.357720141406 0.0064110833705 0.0276225467502 0.0320221778413 0.0178019663349 0.0440820076223 0.0152120181595 0.0176168374783 0.0617795160457 0.0128951614229 -0.00881748920615 0.0464690939248 0.0247430394824 0.0114597398532 0.0226323165007 0.0134426506807 0.0164536674703 0.0173136712571 0.00491327016713 0.0198046101203 0.0109708471994 0.0285631185231 0.00896693456236 0.00997197832635 0.0245008428718 -0.00582231067125 0.00713811182435 0.0164144229384 0.00692936379619 -0.000377948252695 0.0124232721713 0.0154399605252 0.00482605742995 0.000509000575472 -0.00537738668528 0.00874750126746 0.000445634300224 0.0371369601369 0.0350516433096 0.0204039002981 0.0535955849682 
3.97685128221e-05 0.0217630174566 0.0242519871014 0.0204724231353 -0.015644061542 0.00385932155592 -0.00455309954075 0.000164608781656 0.0271271556404 0.0064110833705 0.996556286211 0.00926624334606 0.015513274509 0.0130590395558 0.0123901230023 0.0124939050288 0.017281850828 0.004586545447 0.00438803663707 -0.000933245146524 -0.00482110908463 0.0134627456081 0.0031063327115 -0.00602237808737 0.054552257106 0.00384430265888 0.0145454533464 -0.00358490986813 0.0246541300358 -0.0034557951418 0.00982509454834 0.0253033299198 -0.00914225770748 -0.000837123051804 -0.000765732739335 0.0100567342068 0.0208686019032 0.00203046598343 -0.00136835883767 0.017691521752 -0.00804464703634 0.00240953890426 -0.00142162555259 0.0141836126819 0.0109773379924 0.052174348241 0.000827224872961 0.00485529757344 0.0131972528446 0.00408177547773 
0.0394990919431 0.0225696129373 0.0149654732947 0.0145682383053 0.00989138121429 0.0261300775602 0.0208879631371 0.0253584083295 0.0151278072084 0.0276225467502 0.00926624334606 0.204494211443 0.0214102399403 0.0221128703061 0.0183390710949 0.0115693402833 0.0338425652152 0.0373650034475 0.0157379994472 0.00478145752815 0.0284374485229 0.0419077258005 0.0207673591209 0.0232729386426 0.0140415831451 0.0172320901094 0.0187207792469 -0.00281018520965 0.0161104595747 0.00861523010984 0.010736386232 0.0213652592045 0.0286438051387 0.00829982583619 -0.00287374720697 0.0438019699101 0.0121862830115 0.0106323166354 0.0142745747973 0.0125508524804 0.0151649399086 0.0176857730657 0.00753187150713 0.00277388597163 0.0485396561075 0.0550923976345 0.0149460113449 0.00264659419419 0.0253528755381 0.0109809160435 
0.0314994998026 0.0311547018763 0.0367336705041 0.020408633073 -0.037273659347 0.0234588261659 0.00529712899303 0.00481321405766 0.0119891922412 0.0320221778413 0.015513274509 0.0214102399403 0.34170796774 0.0315190694495 0.0240223815834 0.0216203409893 0.000945662643494 0.0380750776671 0.0146493438131 -0.00464532409971 0.0345117521978 0.0543314144448 0.000629972962154 0.0155373310236 0.0111225502314 0.0221743671994 0.0147132169534 0.0359618474551 0.0615661606867 0.0168668130835 0.00521801361011 0.00125907913828 0.0287532129626 0.000397867202402 0.00138591667455 0.00362159456902 0.0465495961639 0.0173546469966 -0.00603939642713 0.0341329222219 0.00530805765356 0.00675689605035 0.00769314766669 0.000704617644484 0.00912582501715 0.0185207065672 0.0118853457347 0.0297321298753 -0.000488187801409 0.0345468351713 
0.0028823453286 0.0276522404008 0.0466808436494 0.0117520032359 -0.00649001359302 0.0243340229398 0.0278732134923 0.0103136368631 0.0171108770896 0.0178019663349 0.0130590395558 0.0221128703061 0.0315190694495 0.247334609843 0.0170383762729 0.0254370968592 0.0203013411957 0.0129637800746 0.0106850918814 0.0107852936896 0.039248284249 0.06161126222 0.0123493627728 0.0101827326736 0.0213236723318 0.0380083395743 0.00788898557923 0.0011610923841 -0.00552948480014 0.00857000986077 0.0150249046222 0.0275433663452 -0.0025769961869 0.028709343421 0.0149745001868 0.0225094632115 0.0455079664617 0.0215130666387 0.0123930601995 -0.0109224665679 -0.00394218772771 0.0140454488259 0.00561190823907 0.00515804979616 0.00589703682772 0.0188262050889 0.0045509916603 0.00806209584853 0.0174183822446 0.0470764515027 
0.0232194282053 0.0190142877745 0.0546518713184 0.00848936673828 0.00315454876799 0.00503909153608 0.00581989763158 0.00740318325996 0.0088861229484 0.0440820076223 0.0123901230023 0.0183390710949 0.0240223815834 0.0170383762729 0.75134363232 0.0284713237678 0.00300111528694 0.0373699541901 0.0239770026906 0.0283855749892 0.0142139318876 0.0570978235991 0.00495450056492 0.0181789057901 0.0187533712713 0.000568728593137 0.018453363477 0.00575993501848 -0.000288183053663 0.00741075477834 0.00151252200159 0.0185771267855 0.014219724473 -0.00859962558162 0.0012941534902 0.0318997810879 0.0239114521268 0.034451315711 0.00573423979105 0.0114484678908 0.0134920210919 0.0135854164616 0.0133851867929 0.00368251484984 0.0178484909038 0.0227325533305 0.0160271050327 0.038238938751 0.0152302410021 0.0090455295432 
0.0112762210838 0.0362148166597 0.00594856087618 0.00372384559377 0.00456981795136 0.0235045098857 0.00951426628627 0.00767396714445 0.0228422141235 0.0152120181595 0.0124939050288 0.0115693402833 0.0216203409893 0.0254370968592 0.0284713237678 0.248498220581 0.0193596990869 0.033512359647 0.0280886248324 -0.0125634661597 0.0200459751641 0.0467426118067 0.0175101156522 0.0157067684845 0.0217058334748 0.0116173157232 0.0188106807133 -9.3752518441e-05 0.0143623118332 0.00790152178042 0.0126534461259 0.0127266694581 0.0117212957083 0.0294894240129 -0.0220807504351 0.0113150818447 0.0167483171551 0.0185603245385 0.00067855076461 0.0283125617753 0.0162942407998 0.0148388468576 0.0150490798781 0.00504985589132 0.00440874601979 0.0225594340574 0.0224825431596 0.0123330089403 0.00635493241742 0.0428198469374 
0.0233102976726 0.0318664652021 0.00967316578592 0.0058185511507 -0.00442825970209 0.0276317280496 0.0246924036193 0.016743828153 0.0465136436479 0.0176168374783 0.017281850828 0.0338425652152 0.000945662643494 0.0203013411957 0.00300111528694 0.0193596990869 0.286994446088 0.017471601124 0.00400485455692 -0.000124337130058 -0.000388187884789 0.0633104213903 0.00793231826897 0.0102315275584 0.0116491567466 0.0155585391892 0.03633760495 -0.00145541243128 0.0559722422691 0.0232829038698 0.0207207995171 0.0142631338595 0.0248798253103 0.0181711377388 0.00580097088914 0.0384188742571 0.0178392272952 0.0344833702995 0.0194760706382 0.0137884215341 0.0138965013735 0.0259464426901 0.0198599191539 0.00422657594243 0.0380396327243 0.0280845807136 0.0137609729089 0.00625086723452 0.0173910320101 0.0110695330955 
0.0378805548114 0.0118740368604 0.0748774736061 0.0192573691441 -0.00135002950047 0.00382211406942 0.010368717237 0.0293838102573 0.0126616108409 0.0617795160457 0.004586545447 0.0373650034475 0.0380750776671 0.0129637800746 0.0373699541901 0.033512359647 0.017471601124 0.444073282345 -0.00529915140469 0.0153954457287 0.00328292063688 0.0179216792165 0.042230545713 0.00485027351303 0.00716809459809 -0.00203401520525 0.0320152651106 0.00201567853958 0.158453830714 0.00429238341929 0.0166198236767 0.000593107645447 0.0167105494342 0.0077063254203 0.00909791598223 0.0166739257935 0.0516666119171 0.0239490894567 0.00975468917195 0.00207563392603 0.000222890823532 0.012142164808 -0.00258336885458 0.00644038807221 0.0109119002515 0.0243496793716 0.0109940549992 0.0406410701135 0.0236292429865 0.0560495737122 
0.011505133194 0.0111728240303 0.0109051633363 0.00540104530782 -0.0084437804232 0.0216930737372 0.0036605947003 0.0188742733732 0.0152082900078 0.0128951614229 0.00438803663707 0.0157379994472 0.0146493438131 0.0106850918814 0.0239770026906 0.0280886248324 0.00400485455692 -0.00529915140469 0.224532751347 0.00936655511969 0.0132763703498 0.0177644060876 0.0535048938584 0.0228361281879 0.00118939055146 0.00964741449873 0.0132956119553 -0.0177099259858 0.0136735226901 0.0105801171155 0.0229569915558 0.0129826634016 0.0190261990805 0.0124593091475 0.0220954663629 0.0203953306732 0.00636151197029 0.0160107232711 0.0171373470758 0.0281081767832 0.0063682631214 0.0152729597318 0.00878396800757 -0.00772653821649 0.0122300590775 0.0143123224752 0.0118178478828 0.0146305560818 0.00773325584912 0.00828482966745 
0.0234616986399 0.00573129004084 0.100284299233 0.0170748241522 0.00192351579546 0.00525157218035 -0.000204353446769 0.0104988242898 0.00406229898206 -0.00881748920615 -0.000933245146524 0.00478145752815 -0.00464532409971 0.0107852936896 0.0283855749892 -0.0125634661597 -0.000124337130058 0.0153954457287 0.00936655511969 0.919366111438 0.0240105520536 0.00142158984723 0.00105335641263 0.001482399183 -0.00939197032049 0.00554439084371 0.0226681356979 -0.00414828856503 0.00769634586927 0.0371185237863 0.0565607615196 0.00726369662853 0.00748588672167 0.00600811529753 0.00111821146295 0.00652767217731 0.0141107508512 -0.00334610195656 0.00667956844296 0.0152798024003 -0.00422359003376 0.00722791324318 0.00187589256592 -0.0130438316053 -0.00239953748558 0.00177463502468 0.0174701539195 0.0350444174838 0.000440459587544 0.0275713252539 
0.0297734458906 0.0286551737023 0.00942156215081 0.0250620553937 -0.00500606229653 0.0183054622855 0.0059590521307 0.00413016229379 0.0130864590497 0.0464690939248 -0.00482110908463 0.0284374485229 0.0345117521978 0.039248284249 0.0142139318876 0.0200459751641 -0.000388187884789 0.00328292063688 0.0132763703498 0.0240105520536 0.387005737059 0.0415364869137 0.0116819065523 0.0156957950518 0.0161293589393 0.017594932887 0.0312247556578 0.00884756421847 0.0377727043819 0.0248513674088 0.00666037584098 0.0117066602162 0.033928548424 0.0291825006907 0.00186217327053 0.00549618937005 0.0264050259408 0.0214307379637 -0.00220955052119 0.00611540988084 0.00730663846091 0.00156437550501 0.0128247170715 0.0022993316213 0.00722883482044 0.0141813875384 0.0291290401466 0.010519495736 -0.000145746547992 0.0311240705108 
0.0424372454648 0.0564689683488 0.0920117673549 0.022644864296 0.00448247265266 0.0520493498428 0.0257433446015 0.0149423385094 0.019318943648 0.0247430394824 0.0134627456081 0.0419077258005 0.0543314144448 0.06161126222 0.0570978235991 0.0467426118067 0.0633104213903 0.0179216792165 0.0177644060876 0.00142158984723 0.0415364869137 0.486374905724 0.0237342395496 0.0395844999417 0.0495240404313 0.0159046201349 0.0263326818208 0.0168299627356 0.0229519240198 0.0127162783035 0.00875540877911 0.0214767780841 0.059188141825 0.0294289606116 -0.00955787075058 0.0326779958831 0.0511393411093 0.036856100584 0.0303230090179 0.0330796437482 0.0158497168352 0.0125550216772 0.00293483621125 0.0157372597161 0.0347792079172 0.0355885330526 0.00504535660725 0.0944407603384 0.0466482450899 0.0835863458727 
0.00516783701815 0.00315030955838 0.0265743060675 -0.0110302623998 -0.0170380451947 0.0260325213752 -0.00628005272757 0.0228973878345 -0.00456180911871 0.0114597398532 0.0031063327115 0.0207673591209 0.000629972962155 0.0123493627728 0.00495450056492 0.0175101156522 0.00793231826896 0.042230545713 0.0535048938584 0.00105335641263 0.0116819065523 0.0237342395496 0.598366234091 0.00612841366903 0.0125325091655 0.00716636499008 0.0190907605163 -0.00579068742934 -0.00374538520496 -0.0134750348292 0.0201544579905 0.00812109454214 0.00375101622398 0.0020980558699 -0.00237084684057 0.021688128491 -0.000343256709196 0.0172630744175 0.0134906235384 0.0380723119672 -0.0190112698546 -0.0105853769741 0.00964374422542 0.00159197240206 0.00531416338721 0.00639175814485 0.0155616183458 0.011122026981 0.00393100090353 -0.00643041390785 
0.0272934887589 0.0206684435946 0.0113790067364 0.000623291026234 -0.00225720897076 0.0056123741645 0.0064725479148 0.0105610367662 0.0078990653784 0.0226323165007 -0.00602237808737 0.0232729386426 0.0155373310236 0.0101827326736 0.0181789057901 0.0157067684845 0.0102315275584 0.00485027351303 0.0228361281879 0.001482399183 0.0156957950518 0.0395844999417 0.00612841366904 0.199257958475 0.00347420914928 0.0234618495314 0.0151099549601 0.00884982962458 0.023024572151 0.00743541619062 0.010194415637 0.0213914410535 0.0199150331587 0.0134044571805 1.10526519862e-05 0.0102724088632 0.00960852992886 0.0134219677021 0.00811195662992 0.0469890798835 0.0130481681499 0.0198532858333 0.00775804859558 0.00518502637573 0.0174108015749 0.0260454212996 0.00755562643401 0.00881556176848 0.0070158022319 0.00369304358805 
0.0143296028072 0.0238984198862 0.00417433569806 0.0189718655309 -0.00142341414967 0.0199786304974 0.0118921013657 0.0213065813913 0.0142184828593 0.0134426506807 0.054552257106 0.0140415831451 0.0111225502314 0.0213236723318 0.0187533712713 0.0217058334748 0.0116491567466 0.00716809459809 0.00118939055146 -0.00939197032049 0.0161293589393 0.0495240404313 0.0125325091655 0.00347420914928 0.225753236056 0.0161247726527 0.0202598984068 0.0100219613801 0.0109194544727 0.0375619225455 0.00858525756824 0.0108097830076 0.0140523765273 0.0212269360704 -0.00488989287083 0.0238222665977 0.019397353995 0.0136394352888 0.00843588050052 0.00587156560617 -0.00590568667546 0.00533854649369 0.0199047198507 0.0203727835657 0.02093198461 0.000554382266706 0.0146144419151 0.00999522578747 0.0138386526324 0.00563104557534 
0.00291987169156 0.0413933002579 -0.0045042338592 0.000246974060318 0.00396608839671 0.00734921129179 0.0117614843161 0.0162698012949 0.0209204753592 0.0164536674703 0.00384430265888 0.0172320901094 0.0221743671994 0.0380083395743 0.000568728593137 0.0116173157232 0.0155585391892 -0.00203401520525 0.00964741449873 0.00554439084371 0.017594932887 0.0159046201349 0.00716636499007 0.0234618495314 0.0161247726527 0.258045850917 0.00296729934579 0.0127206263381 -0.00790072631358 0.0125559185086 0.0172348085228 0.0260943362179 1.67625571984e-05 0.00819346225744 0.00650479804091 0.00887440924683 -0.0143891250184 0.0154717968001 0.00952963811317 0.0119771171263 0.00736274784986 0.0186864453704 0.0171603390122 0.0108249308382 0.0205465809927 0.0232255112724 0.0253710569275 0.00179690153361 0.0199138250206 0.0443278883473 
0.0405482540787 0.0184023323802 0.0429421956741 0.00895994566522 0.00856950654218 0.019743207739 0.0081289640785 0.0132375127261 0.0156613348705 0.0173136712571 0.0145454533464 0.0187207792469 0.0147132169534 0.00788898557923 0.018453363477 0.0188106807133 0.03633760495 0.0320152651106 0.0132956119553 0.0226681356979 0.0312247556578 0.0263326818208 0.0190907605163 0.0151099549601 0.0202598984068 0.00296729934579 0.27509175271 0.0248980215062 0.025868300649 0.0161708118037 0.00740496323183 0.0152609621986 0.0133772973937 0.0134872774891 0.0138313590385 0.0100653670835 0.0544284579489 0.0133604732115 0.0114975370944 0.0204246552314 0.00141442949028 0.0261730247787 0.0157820729102 0.0241591485465 0.0119184939332 0.00738688554429 0.0246937004952 0.0172776291771 0.0310815798454 0.0267172883721 
-0.00553742632827 -0.00318753797565 0.0930344516605 0.00522700403761 -0.0223241276865 0.00268422147926 -0.00340704640618 0.0414226107711 0.0197683650563 0.00491327016713 -0.00358490986813 -0.00281018520965 0.0359618474551 0.0011610923841 0.00575993501848 -9.37525184409e-05 -0.00145541243128 0.00201567853958 -0.0177099259858 -0.00414828856503 0.00884756421847 0.0168299627356 -0.00579068742934 0.00884982962458 0.0100219613801 0.0127206263381 0.0248980215062 1.24782896992 0.0224532187558 0.00804778081965 0.00489306712847 0.0147728577255 0.015609309607 0.00853578035241 -0.0135809299886 0.0103207312668 -0.0184769431157 0.0118562592739 0.0191737541124 0.000949917821783 0.0234803577916 0.0214174079552 0.01734880633 0.0176036383127 -0.00551046570104 0.0321199111585 0.0521487320889 -0.00224887215987 -0.00416775730172 -0.00374817923191 
0.010581432973 0.00645638582355 0.00504260656077 -0.00846500866933 -0.00922008178089 0.00132298994951 0.00968783950993 0.0243347172025 0.0436585970908 0.0198046101203 0.0246541300358 0.0161104595747 0.0615661606867 -0.00552948480014 -0.000288183053663 0.0143623118332 0.0559722422691 0.158453830714 0.0136735226901 0.00769634586927 0.0377727043819 0.0229519240198 -0.00374538520496 0.023024572151 0.0109194544727 -0.00790072631358 0.025868300649 0.0224532187558 2.26740226177 0.00383075345371 0.018966984333 0.00973589993673 0.00234042838408 0.0356264193654 0.0125003913997 0.023013572651 0.0594999239983 0.00564298240663 0.0212514363649 0.005632153178 0.010833621522 0.0192187892187 0.00818307304407 0.00604722818179 0.0143595643578 0.0507894404057 -0.000857395333428 0.0268026207365 0.0185418295409 0.0179304289575 
0.0252878795877 0.0145317541634 0.0199189781758 0.00599203798579 0.00997925787207 0.0142007004526 0.023246481497 0.0267527716959 0.0195744638454 0.0109708471994 -0.0034557951418 0.00861523010984 0.0168668130835 0.00857000986077 0.00741075477834 0.00790152178042 0.0232829038698 0.00429238341929 0.0105801171155 0.0371185237863 0.0248513674088 0.0127162783035 -0.0134750348292 0.00743541619062 0.0375619225455 0.0125559185086 0.0161708118037 0.00804778081965 0.00383075345371 0.29909371613 0.00648628201579 0.0122122200066 0.00140025333217 0.014025901739 0.00882278760366 0.0199076506648 0.024803661268 0.0252021702775 0.00709768137214 0.0184476326443 -0.010449532669 0.00574968752084 0.00825832585686 0.0196936443287 0.0161380708568 0.00884759532065 -0.00294459084804 0.00857139501965 0.017352392372 0.0263598417786 
0.0103604049517 0.0121892893898 0.0289709314591 -0.00110709514478 0.000321429650029 -0.00330689108581 0.00247679563273 0.00554426499562 0.00368531751529 0.0285631185231 0.00982509454834 0.010736386232 0.00521801361011 0.0150249046222 0.00151252200159 0.0126534461259 0.0207207995171 0.0166198236767 0.0229569915558 0.0565607615196 0.00666037584098 0.00875540877911 0.0201544579905 0.010194415637 0.00858525756824 0.0172348085228 0.00740496323183 0.00489306712847 0.018966984333 0.00648628201579 0.279515656875 -0.00415755187121 0.0192914860911 0.0223806382816 -0.00683863107817 0.000474429283792 0.0214928675946 0.000220161460328 0.0134188835984 -0.00244827652892 0.0225448940929 0.0253960887772 0.00937642572498 0.00995096776127 0.00466421483271 0.00981051109067 0.0213251947058 0.0118021903393 0.00243280312033 -0.00311442642793 
0.00173294638824 0.0236783539726 0.00553034004848 0.00734647079417 0.0013976683582 0.0231891157356 0.0214500442352 0.0178372660835 0.025499006577 0.00896693456236 0.0253033299198 0.0213652592045 0.00125907913828 0.0275433663452 0.0185771267855 0.0127266694581 0.0142631338595 0.000593107645447 0.0129826634016 0.00726369662853 0.0117066602162 0.0214767780841 0.00812109454214 0.0213914410535 0.0108097830076 0.0260943362179 0.0152609621986 0.0147728577255 0.00973589993673 0.0122122200066 -0.00415755187121 0.175404326592 0.0214303744945 0.0226655516839 -0.0111798784724 0.034536165617 0.0267048663464 0.021198881244 0.00161899649807 0.000152716646079 0.00255415214292 0.012418697174 0.00468724435645 0.00519202926733 0.0228379537917 0.0388559397386 0.00674153403663 -0.000640018613413 0.0126739875404 0.0136534662921 
0.0277695203642 0.0359835958228 0.0307112997647 0.0167973827138 0.0026104020421 0.0266675074254 0.0179233017256 0.0183903930381 0.00993129079945 0.00997197832635 -0.00914225770748 0.0286438051387 0.0287532129626 -0.0025769961869 0.014219724473 0.0117212957083 0.0248798253103 0.0167105494342 0.0190261990805 0.00748588672167 0.033928548424 0.059188141825 0.00375101622398 0.0199150331587 0.0140523765273 1.67625571984e-05 0.0133772973937 0.015609309607 0.00234042838408 0.00140025333217 0.0192914860911 0.0214303744945 0.322102539921 0.0142209574366 -0.00140891621711 0.00399948524225 0.00304938769082 0.0415362499649 0.015957773249 0.0219780329578 0.0277448627929 0.00661981105783 0.00646052836448 -0.00414673924123 0.0205120032409 0.0113701823903 0.0207110109017 0.01633918846 -0.00100015566451 0.00551611055935 
0.014807397615 0.018148807781 0.015048163161 0.0153175785175 0.0121843013523 0.0130652293983 0.0236919128275 0.0148310247098 0.0189319898645 0.0245008428718 -0.000837123051804 0.00829982583619 0.000397867202402 0.028709343421 -0.00859962558162 0.0294894240129 0.0181711377388 0.0077063254203 0.0124593091475 0.00600811529753 0.0291825006907 0.0294289606116 0.0020980558699 0.0134044571805 0.0212269360704 0.00819346225744 0.0134872774891 0.00853578035241 0.0356264193654 0.014025901739 0.0223806382816 0.0226655516839 0.0142209574366 0.190605487116 -0.00233929333702 0.0244569774416 0.0115761637318 0.0154587003173 0.00446109349778 0.0284906470239 -0.0026737395485 0.00489040343884 0.0100875255034 0.00698718183346 0.0159718140216 0.0281797651537 0.0227643022665 0.0191932476395 0.0152689759782 0.0253367803279 
0.0154290887488 -0.00729017418278 0.0401894130056 0.00539754904732 -0.0199301005369 -0.000606013614116 0.000383329064941 -0.00593624565548 -0.00289664255909 -0.00582231067125 -0.000765732739335 -0.00287374720697 0.00138591667455 0.0149745001868 0.0012941534902 -0.0220807504351 0.00580097088914 0.00909791598223 0.0220954663629 0.00111821146295 0.00186217327053 -0.00955787075058 -0.00237084684057 1.10526519861e-05 -0.00488989287083 0.00650479804091 0.0138313590385 -0.0135809299886 0.0125003913997 0.00882278760366 -0.00683863107817 -0.0111798784724 -0.00140891621711 -0.00233929333702 1.13781639213 0.00231639767357 0.0180055203455 -0.0114019596561 0.00563767042793 0.00081598473695 0.00516844558867 -0.00150367184911 0.00433279711363 -0.0123646648842 0.0140213225974 0.00188218651205 -0.00352768582684 -0.00989108955176 0.01515157339 0.0112174343015 
0.0210475522436 0.0141918010731 0.0184966597409 0.011373218377 -0.00882573096322 0.0142129419937 0.0193835994009 0.0313008390839 0.029294733147 0.00713811182435 0.0100567342068 0.0438019699101 0.00362159456902 0.0225094632115 0.0318997810879 0.0113150818447 0.0384188742571 0.0166739257935 0.0203953306732 0.00652767217731 0.00549618937005 0.0326779958831 0.021688128491 0.0102724088632 0.0238222665977 0.00887440924683 0.0100653670835 0.0103207312668 0.023013572651 0.0199076506648 0.000474429283792 0.034536165617 0.00399948524225 0.0244569774416 0.00231639767357 0.176239379572 0.0104857449067 0.0147064400631 0.0159451503248 0.00491678589461 0.000902022893279 0.011973937504 0.0127626496158 0.00813386209132 0.0401540651307 0.0321107972047 0.012621595824 0.00862990326391 0.0115918305525 -0.000619056720678 
0.0397099127132 0.0233566592873 0.0718840746056 0.0267904676254 0.0139606251909 0.00834889761054 0.039001537816 0.00168352737392 0.0273116867804 0.0164144229384 0.0208686019032 0.0121862830115 0.0465495961639 0.0455079664617 0.0239114521268 0.0167483171551 0.0178392272952 0.0516666119171 0.00636151197029 0.0141107508512 0.0264050259408 0.0511393411093 -0.000343256709196 0.00960852992886 0.019397353995 -0.0143891250184 0.0544284579489 -0.0184769431157 0.0594999239983 0.024803661268 0.0214928675946 0.0267048663464 0.00304938769082 0.0115761637318 0.0180055203455 0.0104857449067 1.00955551211 0.00245805486192 -0.0020017874868 0.00563878567601 -0.00356558164439 0.0101558714315 0.0295837020515 0.0049379244379 0.0131887054455 0.0154144140914 0.0282613598712 0.0268566074296 0.0277271791823 0.018091191008 
0.0124727636723 0.0161219438235 0.0275135910232 0.00626638880842 0.000239773121728 0.029694285124 0.0247839864702 0.0134953671467 0.0183463742053 0.00692936379619 0.00203046598343 0.0106323166354 0.0173546469966 0.0215130666387 0.034451315711 0.0185603245385 0.0344833702995 0.0239490894567 0.0160107232711 -0.00334610195656 0.0214307379637 0.036856100584 0.0172630744175 0.0134219677021 0.0136394352888 0.0154717968001 0.0133604732115 0.0118562592739 0.00564298240663 0.0252021702775 0.000220161460329 0.021198881244 0.0415362499649 0.0154587003173 -0.0114019596561 0.0147064400631 0.00245805486192 0.243966136918 0.00944097834327 0.00124291765731 0.012377670271 0.0202180194351 0.0106406012373 0.0143915557876 0.011333137536 0.0252205990168 0.0211056636748 0.0153044672804 0.0161678497577 0.00716504524621 
-0.00422313491468 -0.00951791839495 0.0134175882727 -0.00498719490246 -0.00165778510933 0.00105323936678 0.00837861302357 0.0150650095937 0.0157666220074 -0.000377948252695 -0.00136835883767 0.0142745747973 -0.00603939642713 0.0123930601995 0.00573423979105 0.00067855076461 0.0194760706382 0.00975468917195 0.0171373470758 0.00667956844296 -0.00220955052119 0.0303230090179 0.0134906235384 0.00811195662992 0.00843588050052 0.00952963811317 0.0114975370944 0.0191737541124 0.0212514363649 0.00709768137214 0.0134188835984 0.00161899649807 0.015957773249 0.00446109349778 0.00563767042793 0.0159451503248 -0.0020017874868 0.00944097834327 0.246153088388 0.0202528849829 -0.000926416406395 0.00334009451264 0.00483308929102 0.0111382551635 0.0150919483129 0.0237047821525 -0.0101642626915 0.00763215520914 0.00585805732201 0.00476432500049 
0.00375589858512 0.0228400063558 0.00995653982188 -0.00146709944198 0.000560337954616 0.0254536780802 0.0201115734523 0.0957790419126 -0.00714886323636 0.0124232721713 0.017691521752 0.0125508524804 0.0341329222219 -0.0109224665679 0.0114484678908 0.0283125617753 0.0137884215341 0.00207563392603 0.0281081767832 0.0152798024003 0.00611540988085 0.0330796437482 0.0380723119672 0.0469890798835 0.00587156560617 0.0119771171263 0.0204246552314 0.000949917821783 0.005632153178 0.0184476326443 -0.00244827652892 0.000152716646079 0.0219780329578 0.0284906470239 0.00081598473695 0.00491678589461 0.00563878567601 0.00124291765731 0.0202528849829 0.789441903519 0.0187788043447 0.0109738414899 0.0136754069123 0.0159083973828 -0.00444402997691 -0.00102006956874 -0.0110423926126 0.0123651702268 0.0347241411028 -0.0013266170765 
0.00868978748086 0.0071958710528 0.0151195144391 0.00883100887883 -0.00230889469937 0.016951848819 0.016965939582 -0.000708236959558 0.000228873579887 0.0154399605252 -0.00804464703634 0.0151649399086 0.00530805765356 -0.00394218772771 0.0134920210919 0.0162942407998 0.0138965013735 0.000222890823532 0.0063682631214 -0.00422359003376 0.00730663846091 0.0158497168352 -0.0190112698546 0.0130481681499 -0.00590568667547 0.00736274784986 0.00141442949028 0.0234803577916 0.010833621522 -0.010449532669 0.0225448940929 0.00255415214292 0.0277448627929 -0.0026737395485 0.00516844558867 0.00090202289328 -0.00356558164439 0.012377670271 -0.000926416406395 0.0187788043447 0.184738200198 0.00972615588255 0.00475105634085 0.00646512549998 -0.00549173042687 0.00379788960985 0.0201496147037 0.00689306997703 0.0156823760602 0.0170445311008 
0.0126045252288 0.0197747599698 0.00443725129048 0.0136724242391 0.00498538693663 0.0207355475132 0.0144594960779 0.0139840534319 0.012120976059 0.00482605742995 0.00240953890426 0.0176857730657 0.00675689605035 0.0140454488259 0.0135854164616 0.0148388468576 0.0259464426901 0.012142164808 0.0152729597318 0.00722791324318 0.00156437550501 0.0125550216772 -0.0105853769741 0.0198532858333 0.00533854649369 0.0186864453704 0.0261730247787 0.0214174079552 0.0192187892187 0.00574968752084 0.0253960887772 0.012418697174 0.00661981105783 0.00489040343884 -0.00150367184911 0.011973937504 0.0101558714315 0.0202180194351 0.00334009451264 0.0109738414899 0.00972615588256 0.175084350382 0.0150910371588 -0.00370212902483 0.019340808008 0.0153635050983 0.0114102007116 0.0084592502823 0.00748459337391 -0.0052328762062 
-0.00435410830116 0.0114154515042 -0.0141847395383 0.00678879901588 0.0053050636482 0.0251811190227 0.013803653611 0.000299803372099 0.0217620880859 0.000509000575472 -0.00142162555259 0.00753187150713 0.00769314766669 0.00561190823907 0.0133851867929 0.0150490798781 0.0198599191539 -0.00258336885458 0.00878396800757 0.00187589256592 0.0128247170715 0.00293483621125 0.00964374422542 0.00775804859558 0.0199047198507 0.0171603390122 0.0157820729103 0.01734880633 0.00818307304407 0.00825832585686 0.00937642572498 0.00468724435644 0.00646052836448 0.0100875255034 0.00433279711363 0.0127626496158 0.0295837020515 0.0106406012373 0.00483308929102 0.0136754069123 0.00475105634086 0.0150910371588 0.133479712759 0.0257040807672 0.0156241251621 0.0133531231515 0.00736396546057 0.0035144841034 0.0108169143848 0.00675938105315 
-0.000701574753656 0.0211934763842 0.00749702306699 -0.00159905551778 0.0035741416689 0.00446684183817 0.0151237889412 0.0102856942726 0.00509972564821 -0.00537738668528 0.0141836126819 0.00277388597163 0.000704617644484 0.00515804979616 0.00368251484984 0.00504985589132 0.00422657594243 0.00644038807221 -0.00772653821649 -0.0130438316053 0.0022993316213 0.0157372597161 0.00159197240206 0.00518502637573 0.0203727835657 0.0108249308382 0.0241591485465 0.0176036383127 0.00604722818179 0.0196936443287 0.00995096776127 0.00519202926733 -0.00414673924123 0.00698718183346 -0.0123646648842 0.00813386209132 0.0049379244379 0.0143915557876 0.0111382551635 0.0159083973828 0.00646512549998 -0.00370212902482 0.0257040807672 0.190698739197 0.00642210770646 0.00775686979923 0.00264739144946 0.00434653415315 0.00978861025648 0.0259029488149 
0.024954880035 0.0197887427248 0.00540023038907 0.0123709138062 -0.003736648849 0.0176655617117 0.0109144215123 0.0255720663389 0.0274560280039 0.00874750126746 0.0109773379924 0.0485396561075 0.00912582501715 0.00589703682772 0.0178484909038 0.00440874601979 0.0380396327243 0.0109119002515 0.0122300590775 -0.00239953748558 0.00722883482044 0.0347792079172 0.00531416338721 0.0174108015749 0.02093198461 0.0205465809927 0.0119184939332 -0.00551046570104 0.0143595643578 0.0161380708568 0.00466421483271 0.0228379537917 0.0205120032409 0.0159718140216 0.0140213225974 0.0401540651307 0.0131887054455 0.011333137536 0.0150919483129 -0.00444402997691 -0.00549173042687 0.019340808008 0.0156241251621 0.00642210770646 0.163983296181 0.0382358365797 0.00606904168653 0.0156205895009 0.0225750738691 0.00870433328791 
0.0254174902666 0.0110686243983 0.0107816202034 0.0177912624713 -0.00800872526801 0.0300756177322 0.0255026766931 0.0130233312534 0.0405543806973 0.000445634300223 0.052174348241 0.0550923976345 0.0185207065672 0.0188262050889 0.0227325533305 0.0225594340574 0.0280845807136 0.0243496793716 0.0143123224752 0.00177463502468 0.0141813875384 0.0355885330526 0.00639175814485 0.0260454212996 0.000554382266706 0.0232255112724 0.00738688554429 0.0321199111585 0.0507894404057 0.00884759532065 0.00981051109066 0.0388559397386 0.0113701823903 0.0281797651537 0.00188218651205 0.0321107972047 0.0154144140914 0.0252205990168 0.0237047821525 -0.00102006956874 0.00379788960985 0.0153635050983 0.0133531231515 0.00775686979923 0.0382358365797 0.225724864726 0.0138998511721 0.00647334636986 0.0057025822466 0.0200607500454 
0.024662139638 0.0104807201802 0.0423606509196 0.0121910268852 -0.00227475496395 0.00976723438568 0.0118029538699 0.0215780939346 0.025995296875 0.0371369601369 0.000827224872961 0.0149460113449 0.0118853457347 0.0045509916603 0.0160271050327 0.0224825431596 0.0137609729089 0.0109940549992 0.0118178478828 0.0174701539195 0.0291290401466 0.00504535660725 0.0155616183458 0.00755562643401 0.0146144419151 0.0253710569275 0.0246937004952 0.0521487320889 -0.000857395333428 -0.00294459084804 0.0213251947058 0.00674153403663 0.0207110109017 0.0227643022665 -0.00352768582684 0.012621595824 0.0282613598712 0.0211056636748 -0.0101642626915 -0.0110423926126 0.0201496147037 0.0114102007116 0.00736396546057 0.00264739144946 0.00606904168653 0.0138998511721 0.303955020711 0.0252798228452 0.0193333025586 0.0201807724054 
