20
0.0285158318856 0.0210495138202 0.0125275076286 0.0592302274211 0.208286894217 0.0690593134036 0.0794924924591 0.0383245101253 0.0602494739115 0.0054327763703 0.0743441041655 0.162626926374 0.0235207120966 0.0726136826411 0.0296866664977 0.0540864966038 0.0151091702759 0.065735385914 0.0307440439862 0.0324915821016 
0.215583323556 0.0161571945032 0.0152807411733 0.00550834384745 0.0124988137349 0.013645742258 0.0108034114558 0.00749499663594 0.0120081702166 0.00285596565884 -0.0100703318455 0.0424300263343 0.0167622714005 0.0201276688951 0.0308207613826 0.0183142352783 0.0142184491665 0.0045110678226 0.0373643244385 0.00389439955161 
0.0161571945032 0.330819570523 0.0180094540344 0.00833718680371 -0.00219237270322 0.0122391699739 0.0258821568709 0.0305536121788 0.0133281456928 0.0291234013485 0.000306638621508 0.0126553833095 0.00963771085952 0.0199328588247 -0.00328537313101 0.0177097556473 0.0096344719423 0.0110670803561 0.0101190145367 0.0157713030342 
0.0152807411733 0.0180094540344 0.305374737121 0.0201242593024 -0.0180276451638 0.0142635789874 0.0264893664204 0.0440029364016 0.0265037134317 0.00835701185293 -0.00240954683363 -0.00367038219691 0.0172882928061 0.0328555078343 0.022101386849 0.0175036286242 0.0159618925884 0.0114255893636 0.0368329364979 0.0277321147954 
0.00550834384745 0.00833718680371 0.0201242593024 0.339879739447 0.00433869184185 0.0113479530226 0.0101083969779 0.013143580008 0.0773725602219 0.0264596215292 0.0229117204423 0.0353890707731 0.00104740021148 0.0392867800176 0.0124779164774 0.0229318121667 0.0231930402732 0.0388650204236 0.0330118063551 0.0226596002071 
0.0124988137349 -0.00219237270322 -0.0180276451638 0.00433869184185 1.33591790147 0.026065859523 0.0161899495278 0.0317948363223 0.0142366014987 0.00873091966627 0.0955627731285 0.00841742746699 -0.0296292727897 0.0238951644537 0.0535323651548 0.0428921391903 0.0151883013069 0.0219039926159 0.0192285994946 0.0245243429492 
0.013645742258 0.0122391699739 0.0142635789874 0.0113479530226 0.026065859523 0.436444103738 0.020168555941 0.0222941650331 0.0208610825669 0.0173295370254 0.0345772932264 0.00902013428262 0.013337855709 0.0323825307147 0.0274154553742 0.0129022306433 0.00375077448735 0.0268903682174 0.0320103751567 0.00771025548781 
0.0108034114558 0.0258821568709 0.0264893664204 0.0101083969779 0.0161899495278 0.020168555941 0.344048591167 0.0644600534628 0.0361883655828 0.036656072745 0.0663353363488 0.00642492248559 0.0206598774446 0.0352343260178 0.0324753304878 0.0304456433339 0.0166688493636 0.0370436149812 0.030346125742 0.0535558549133 
0.00749499663594 0.0305536121788 0.0440029364016 0.013143580008 0.0317948363223 0.0222941650331 0.0644600534628 0.330808962573 0.0460205922081 0.0190802240345 0.0355353873949 0.0131281894773 0.00923361879556 0.0489364994493 0.0205257009805 0.0183421735072 0.0132242932041 0.0260429420936 0.0368853804815 0.0465544868539 
0.0120081702166 0.0133281456928 0.0265037134317 0.0773725602219 0.0142366014987 0.0208610825669 0.0361883655828 0.0460205922081 0.306966672574 0.0133519602001 0.0269376534433 0.011462118097 0.0137350676937 0.0316059500489 0.027080618626 0.0102333170504 0.0121229629107 0.0108098650755 0.0296863386412 0.0237475755386 
0.00285596565884 0.0291234013485 0.00835701185293 0.0264596215292 0.00873091966627 0.0173295370254 0.036656072745 0.0190802240345 0.0133519602001 0.191827056024 0.0114846873661 0.0225078632327 0.0263361446674 0.0212904261291 0.0215051520453 0.00432553501931 0.0171866881458 0.00518023191668 0.0171281598201 0.0117533878725 
-0.0100703318455 0.000306638621508 -0.00240954683363 0.0229117204423 0.0955627731285 0.0345772932264 0.0663353363488 0.0355353873949 0.0269376534433 0.0114846873661 0.393287231792 0.00928214082732 0.0100923589361 0.0469992688557 0.025234702122 0.0297730790956 0.0202799457559 0.0266995098716 0.0191369427399 0.0304839970296 
0.0424300263343 0.0126553833095 -0.00367038219691 0.0353890707731 0.00841742746699 0.00902013428262 0.00642492248559 0.0131281894773 0.011462118097 0.0225078632327 0.00928214082732 1.13040061548 0.00600903971528 0.0525974962973 0.00921227854273 -0.00457460079255 0.0172901159534 0.00890295078402 0.00867884317953 0.00326340948423 
0.0167622714005 0.00963771085952 0.0172882928061 0.00104740021148 -0.0296292727897 0.013337855709 0.0206598774446 0.00923361879556 0.0137350676937 0.0263361446674 0.0100923589361 0.00600903971528 0.226238625256 0.0176022131078 0.0211151131793 -0.00641035755051 0.0180494870375 0.0120625624657 0.0198523936085 0.00531485102284 
0.0201276688951 0.0199328588247 0.0328555078343 0.0392867800176 0.0238951644537 0.0323825307147 0.0352343260178 0.0489364994493 0.0316059500489 0.0212904261291 0.0469992688557 0.0525974962973 0.0176022131078 0.312220403833 0.0365125100284 0.0254736463473 0.0266664144334 0.0624895660996 0.0332808601062 0.0220224918957 
0.0308207613826 -0.00328537313101 0.022101386849 0.0124779164774 0.0535323651548 0.0274154553742 0.0324753304878 0.0205257009805 0.027080618626 0.0215051520453 0.025234702122 0.00921227854273 0.0211151131793 0.0365125100284 0.234383933954 0.027447189164 0.0318039182585 0.0209526622519 0.0502649257802 0.0336740527335 
0.0183142352783 0.0177097556473 0.0175036286242 0.0229318121667 0.0428921391903 0.0129022306433 0.0304456433339 0.0183421735072 0.0102333170504 0.00432553501931 0.0297730790956 -0.00457460079255 -0.00641035755051 0.0254736463473 0.027447189164 0.395522485722 0.00586217380015 0.0266523016087 0.0229559703775 0.0119918437416 
0.0142184491665 0.0096344719423 0.0159618925884 0.0231930402732 0.0151883013069 0.00375077448735 0.0166688493636 0.0132242932041 0.0121229629107 0.0171866881458 0.0202799457559 0.0172901159534 0.0180494870375 0.0266664144334 0.0318039182585 0.00586217380015 0.16017539779 0.0274086253114 0.0210641354204 0.0166456502358 
0.0045110678226 0.0110670803561 0.0114255893636 0.0388650204236 0.0219039926159 0.0268903682174 0.0370436149812 0.0260429420936 0.0108098650755 0.00518023191668 0.0266995098716 0.00890295078402 0.0120625624657 0.0624895660996 0.0209526622519 0.0266523016087 0.0274086253114 0.438485224462 0.0198609001246 0.0174147114672 
0.0373643244385 0.0101190145367 0.036832936498 0.0330118063551 0.0192285994946 0.0320103751567 0.030346125742 0.0368853804815 0.0296863386412 0.0171281598201 0.0191369427399 0.00867884317953 0.0198523936085 0.0332808601062 0.0502649257802 0.0229559703775 0.0210641354204 0.0198609001246 0.251863177861 0.0134284448449 
0.00389439955161 0.0157713030342 0.0277321147954 0.0226596002071 0.0245243429492 0.00771025548781 0.0535558549133 0.0465544868539 0.0237475755386 0.0117533878725 0.0304839970296 0.00326340948423 0.00531485102284 0.0220224918957 0.0336740527335 0.0119918437416 0.0166456502358 0.0174147114672 0.0134284448449 0.309096971935 

['D', 'HMA', 'S', 'TSG', 'OMX', 'AOC', 'JCP', 'BBBY', 'WEN', 'CCU', 'FDO', 'TXU', 'CCE', 'CAT', 'AXP', 'GENZ', 'KMB', 'BDX', 'PCL', 'AZO']