60
0.0911559741232 0.0623322546876 0.0436219100546 0.0690593134036 0.0418020448473 0.00699576056141 0.0439476996979 0.0297343435849 0.135299445153 0.0427797721554 0.0780955523414 0.0612619406497 0.0499472002084 0.0533286406295 0.0130713531851 0.0261881624723 0.0404531955786 0.0330111524363 0.0333203023267 0.0380825412642 0.0054327763703 0.0308768641188 0.0256056876134 0.126958151155 0.0995242847704 0.0396471392927 0.0437869579852 0.0535662105727 0.0590558874601 0.0526943852585 0.128222495688 0.0363496030559 0.0442318588416 0.0716450377603 0.0357111585815 0.153319254475 0.0223320424584 0.0434942638749 0.0870342926162 0.0165000515881 0.0290232005544 0.0223482457603 0.0211692002509 0.02392892696 0.0502759777883 0.0282353637115 0.0782010317916 0.0399774891594 0.0231907610599 0.0253746335001 0.140066530531 0.0528259349661 0.0210495138202 0.166074759161 0.039859092222 0.0353466838873 0.0565518641406 0.0413167922229 0.0248078828137 0.0448147494519 
0.35404820252 -4.23612096162e-05 0.0206862676299 0.0218125261125 0.0250127526074 -0.00132679886856 0.0199242648804 0.00771565351097 0.022585827446 0.0255874729106 0.0379338387149 0.0134753865607 0.0348660432478 0.00801690985005 0.00884845712783 0.0296563201638 0.0596944059923 0.0309268586354 0.0339705540254 0.0353589097517 0.0283024234399 0.0153326574082 0.00135116172744 0.0417491390101 0.0132384553442 0.0160874077213 -0.00425643848951 0.017649670858 0.00276097734076 0.021966252566 0.0479281879786 0.021884589132 0.0246739615895 0.0180383361376 0.0242351084384 0.0312579467407 0.0248577694377 0.0598424889224 0.0469667198921 0.00374411555359 0.00837906945073 0.00604798059067 0.0048305117774 0.0241556161952 -0.00085455230762 0.0108582895668 0.0101173473534 -0.00565516909231 0.010519267587 0.0190561906353 0.0586849128598 0.021019177634 -0.00840691772171 0.0660405380851 0.0306682795594 0.015610765234 0.0223011837941 0.0349144591091 0.014656621585 -0.0111077993415 
-4.23612096158e-05 0.530699039144 0.0215439636329 -0.00184912391828 -0.0359065578336 0.00351577330611 0.00642683459767 0.0151448901068 -0.0113459562725 0.00966681261274 0.0041402851513 0.0039628879848 0.00118017510435 0.00919765807762 0.00256066184056 0.0102026860003 0.0172401030627 0.0135318609675 0.00429463594692 0.000102975959982 0.0194115625745 -0.000687598240477 0.00937827749375 -0.0117765446809 -0.00297609586793 0.00481960010101 0.00471855515875 0.00865952669827 0.0130729396465 0.0144034792272 0.00436970042586 0.00239512768541 0.00625149645748 0.00826457400048 0.0200683449392 0.0156634107022 -0.00367240592565 0.0123486199994 0.00678017593703 0.00849530916555 -0.00578359112364 -0.00477260243022 0.0364117704251 0.0100714682082 -0.00714716735877 0.00297126331043 0.0155631868773 -0.0124122469234 0.0189763531109 0.00929450816889 0.0175010420319 0.0275550865249 0.000879983442025 -0.00191877859924 0.0129311988147 0.0342958064319 -0.0110534136107 0.00216673568162 -0.00300504870204 0.00396913228096 
0.0206862676299 0.0215439636329 0.298142689607 0.0366155390248 0.0574031754694 0.00638230932744 0.00636749070924 -0.00102587683103 0.0235006311717 0.0245516041402 0.0308729088797 0.0121070134461 0.0240714830401 0.00724422217942 0.0118532171762 0.0103308520666 0.0311373220471 0.0209335359607 0.0138081358246 0.00863692810709 0.000909646872694 0.0257784032147 0.00832516370475 -0.00428344059139 0.00932061506812 0.0446386668279 0.0118277483439 0.0333006140915 0.013128620117 0.0144378937026 0.0367481631115 0.0246963864889 0.0296395318442 0.0154418414804 0.00293739104769 0.0278551243143 0.00465006707325 0.0426628057822 0.0226121076709 0.0147739948296 0.0270890206921 0.0540824366654 0.00269927135989 0.0150542141364 0.0137964312921 0.0253578187477 0.0217708852731 0.00586417042102 0.0411479989661 -0.00327564036712 0.00848889890183 0.0371839279928 0.0154893613481 0.0362874125666 0.0328817359711 0.0242163047367 0.0339925731512 0.0172136297669 0.017190416109 0.0141551910956 
0.0218125261125 -0.00184912391828 0.0366155390248 0.42717649177 0.0185768145644 0.0086714316662 0.0017851409943 0.0049653472875 0.0339019171857 0.0104319377487 0.00786326482399 0.0143894015554 -0.00382143044604 -0.00822934402918 0.0111077071234 -0.00258287276321 0.00444345539171 0.024823523344 0.0120180254413 0.0115988565739 0.0145588491503 0.013604554992 -0.00368939721371 0.0269416803978 0.0166597311568 0.00668364461492 0.00542217517062 0.00248950308008 -0.00126765268764 0.0231901281075 0.0235104476121 0.010336829529 0.0259390812333 0.0144490343869 0.00809565220583 0.011023186642 0.00306442048495 0.0353187298903 0.0263734098723 0.00692164732142 0.015850486502 0.0120006280434 0.00575562150136 0.0151817044175 0.00717436586007 0.0198138030002 0.00963580654027 -0.00579996846957 0.00926847282068 0.0144101399826 0.025292648213 0.0184482418393 0.00934401993676 0.0401798340013 0.0274004864599 0.0156755081146 0.0105864939014 -0.000871484292554 0.0141960993374 0.00576541472722 
0.0250127526074 -0.0359065578336 0.0574031754694 0.0185768145644 0.23959008014 0.0109412797296 -0.00564828931193 0.00322126132354 0.0153007564189 0.0322695136657 0.023959598103 0.0199706517936 0.00757502738983 0.0139434629309 0.0100401819217 0.0105559449508 0.035899850794 0.01622252835 0.00511572909592 0.0234323844227 0.00576905650142 0.00304416043826 0.0133146527366 0.0260194068019 0.0384221259382 0.0350598646264 0.0138225256966 0.0260354419902 0.00502820542713 0.0232593081461 0.0313855257625 0.00553863260522 0.0282956741681 0.0222856824336 0.00904960880316 0.0298880078168 0.00703679708687 0.0506684254059 0.0194870766668 0.00996363368452 0.0113944266115 0.0080879850049 0.021201470651 0.0186616301999 0.0116017083513 0.00850552854817 0.0198838915234 -0.0031262608012 0.0154011599982 0.0241794292241 0.0155785948001 0.0191474476755 0.0283409837314 0.0349403320303 0.0198354913541 0.0194799079288 0.0215570837132 0.00484471767438 0.016134733632 0.0103565784651 
-0.00132679886856 0.00351577330611 0.00638230932744 0.0086714316662 0.0109412797296 0.137631142469 0.00584158768678 0.0105517784067 0.0153076859913 0.0125098051394 0.0174983164744 0.0158452424508 0.00428501724317 0.0106906493525 0.0428649323947 0.000904949068382 0.00208080935428 0.0117055789435 0.00750849353484 0.00194640673449 0.0149580706716 -0.00316406857794 0.00246670043637 0.0153110813686 0.0108902484663 0.0401444318742 0.00188363472622 0.0168735762743 0.0180638429239 0.0168106286268 0.012397395218 0.00297609449899 0.0136518091585 0.00508098998548 0.00143329164635 -0.00356839759273 0.00742153347278 -0.000416628042416 -0.00285974840528 0.0450645837918 0.00644432446186 0.0189622544427 0.0124249752666 -0.00826578506325 0.0218525543348 0.0212964601742 0.017523398358 0.012753661765 0.00690001775514 -0.000821999389861 0.0063795028092 0.0064609436536 0.00617392123542 -0.000916868280324 -0.000764662357019 0.00742634920812 0.0177452742843 0.00275042891932 0.00330248237856 0.0159300704643 
0.0199242648804 0.00642683459767 0.00636749070924 0.0017851409943 -0.00564828931193 0.00584158768678 0.188311889968 0.00270496132071 0.0153439776971 -0.0104423013343 0.0123912740091 0.0115460556163 -0.000532107988426 0.015149563192 0.00270634023496 0.00987469940836 -0.00203917418487 0.0177920903092 0.0126359102941 0.00974736310092 0.0105498264539 0.0195935418102 0.00104607335078 0.00447659895743 -0.00264238152597 0.00535078010635 0.0203136871832 0.00840538677388 0.00812218174838 0.00308151454293 0.0135301450783 0.0103810937825 0.0077637666971 -0.00249063202294 0.00495610947869 0.0137786706171 0.00789144508729 0.014713406991 0.00527787004879 -0.0015026939645 0.00210188009696 0.00187432578459 0.00719067198544 0.0141906123062 0.0152223058819 0.00259338239013 0.0119631095471 0.00864596439158 0.00997765744449 0.0149821786149 0.000194346751372 0.0141974465107 0.0081626200295 -0.00150005963341 0.00106100054324 -0.000526953571007 0.00785736035977 0.0126388874076 0.00456006047934 0.00718519314787 
0.00771565351097 0.0151448901068 -0.00102587683103 0.0049653472875 0.00322126132354 0.0105517784067 0.00270496132071 0.191763542612 0.016807135772 0.00521515381994 0.00303709383887 0.0157191224107 -0.00939197836313 0.0178497441435 0.00842760003322 0.00432944655672 0.00821664013154 -0.00591768985932 0.00320195429842 0.0107193338675 0.0152348077049 0.00543883996374 -0.00173045819752 0.0246288146884 0.00319520015339 0.00836890923559 0.0235243842512 0.00722238126079 0.00515199398317 0.0133574958445 0.0073819220579 -0.000208420751026 0.00849645400953 -0.0010419640914 0.0134383216966 0.00629850045759 0.00998733231108 0.0111431074744 0.00393300373051 0.00536034861417 0.00765405867816 0.00762259353369 0.0159793383405 0.00277856953548 0.00655942618808 0.00976095332831 0.00357247938385 -0.00172035849108 0.00545170522888 0.0115082608558 0.00593580647471 0.012479274719 0.0131828262703 0.0130660299901 0.000347969467769 0.000223432590384 0.0191795754219 0.00665193546707 0.00954710529254 0.0017710921741 
0.022585827446 -0.0113459562725 0.0235006311717 0.0339019171857 0.0153007564189 0.0153076859913 0.0153439776971 0.016807135772 0.525089622942 0.0267666767038 0.00338414300139 0.038101797929 0.00546964550044 0.00294577804838 0.0141988191999 0.0094725945819 0.0323532688227 0.00712966164514 -0.00334957366228 0.0149931304275 0.0136122956744 0.00245130595845 0.00573774333488 0.133975067531 0.120113604158 0.0384806371613 0.0132607691948 0.0271969700987 -0.00932031734715 0.00272697419525 0.0251574077322 0.00359979956568 0.0460245564092 0.0187942438338 -0.0035729314935 0.0237372262033 -0.00333218421048 0.0296691023109 0.042491287021 0.0205190984136 0.00405205150794 0.00398108659193 0.0165502040758 0.00639737333661 0.0176497673006 0.00396696821643 0.0284349775225 -0.0152491711316 0.00516324970072 0.0267870731855 0.00174257751475 0.0143953182568 -0.00346830218384 0.0970644641318 0.0273893715571 -0.00667965213179 0.0210276567501 0.000388632164983 0.0126010721331 0.00654976490053 
0.0255874729106 0.00966681261274 0.0245516041402 0.0104319377487 0.0322695136657 0.0125098051394 -0.0104423013343 0.00521515381994 0.0267666767038 0.271237416175 0.0212832382862 0.0046454176263 0.00112186444069 0.0164834862618 0.0115835268434 0.032939989787 0.0086053191774 0.0217917853234 -0.00176101329627 0.0126928028443 0.00819885873528 0.0191979960941 0.0132823569395 0.0292844556917 0.0300005040428 0.0216052107124 0.00691351203644 0.0187067485163 0.0106186963492 0.0466703864125 0.0221086191902 0.00402031493302 0.0291838562308 0.0140974384181 0.0444141264325 0.0158438434192 0.00166453651231 0.0366463752777 0.0376458372548 0.0152520159057 0.0239849414773 0.0104082127184 0.0188717358692 0.0238220250701 0.0228361506263 0.0165854982057 0.0167916685216 0.0152913918089 0.0306357804551 0.0183472770837 0.0253461269735 0.0164562596942 0.00483613049719 0.0585081020989 0.0160053193014 0.0198652505185 0.035941519147 0.0109973760753 0.0166170255402 0.0269959904947 
0.0379338387149 0.0041402851513 0.0308729088797 0.00786326482399 0.023959598103 0.0174983164744 0.0123912740091 0.00303709383887 0.00338414300139 0.0212832382862 0.567654885243 0.0175410977442 -0.00204733719533 0.0241936983541 0.00620478014057 0.00415521771696 0.0290324110396 0.0217491479414 0.00565347660478 -0.00503450501604 0.00994570884051 -0.00280804543417 0.00339684440345 0.00981334882367 0.00846874915848 0.0227433174103 0.0145461129802 0.0170816859535 0.00555044570609 0.0152768936026 0.00577485476093 0.00827688898025 0.0283874733591 -0.00532284648841 0.00453364558974 0.0255642250969 0.00449347719931 0.0425280548836 0.041678771894 0.0062772508174 0.0216343326011 0.0308673522633 0.00736802946492 0.0227469601807 0.0292283649677 0.0170935369793 0.0272685660912 0.00615117372305 -0.00444796918409 0.00555093973168 0.0163874922028 0.00897485063123 -0.0062406051843 0.0553040701939 0.0278233775058 0.00361188078533 0.0198218037144 -0.00442833106605 0.00300466562219 0.0364948199723 
0.0134753865607 0.0039628879848 0.0121070134461 0.0143894015554 0.0199706517936 0.0158452424508 0.0115460556163 0.0157191224107 0.038101797929 0.0046454176263 0.0175410977442 0.355620154697 0.0260080749998 0.0127188586013 0.0104231170306 0.00609742121605 0.0210756805973 0.0231237240597 0.000420071078139 0.0242184432355 0.00721459022455 0.00640274781496 -0.00225326605443 0.00978119162856 0.00462216790668 0.00881836633742 0.0168995815047 0.0168781249145 0.0132514061298 0.0251462476042 0.0758842674604 0.0208809628761 0.0333095480247 0.00721950638725 0.0229908791537 0.0202316974609 0.00308342836578 0.0124333070636 0.0366388670061 0.00729969895501 0.00624067672938 0.00366937206642 0.0151045244476 -0.00618484308361 -0.00133835516484 0.00656373463758 0.0466948591518 0.00358318370994 0.0119930290199 0.00200824147456 -0.00597708543002 0.0117196161651 0.0152207643546 0.0113701150158 0.00962737432663 0.0126455902956 0.0174137565998 0.00964894565465 0.0164492143358 0.0181259004005 
0.0348660432478 0.00118017510435 0.0240714830401 -0.00382143044604 0.00757502738983 0.00428501724317 -0.000532107988426 -0.00939197836313 0.00546964550044 0.00112186444069 -0.00204733719533 0.0260080749998 0.354152177088 0.0083892747539 0.00823803215025 0.018305436008 0.0146884898958 0.00617597530412 0.00354225903755 0.0142644719837 0.00721603495073 -0.0103340583332 0.0450038812471 0.0223221200021 0.00547830275922 0.00775660872545 -0.00579420175764 0.0152046708675 0.0178123836089 0.00170775265457 0.0172483324799 0.0851436296657 0.0112141981443 0.0187491359365 0.00559488489541 0.0517400118303 0.0168389962721 0.00744548286375 0.0109915200149 -0.0014891087919 0.0150775137584 0.0243623556509 0.00180196027077 0.0085754437306 0.0113771130207 0.0141781410511 0.0259614946831 0.0092642957211 0.0044998067507 0.00703974112265 0.00522857955631 -0.00365018948085 0.000907071361548 0.01445994813 -0.00192146138929 0.00159055464253 0.0066493702342 0.01809315596 0.0134340397641 -0.00131009416936 
0.00801690985005 0.00919765807762 0.00724422217942 -0.00822934402918 0.0139434629309 0.0106906493525 0.015149563192 0.0178497441435 0.00294577804838 0.0164834862618 0.0241936983541 0.0127188586013 0.0083892747539 0.260871642052 0.0116296100413 0.00962606873991 0.0144503690486 0.0124034045954 0.0213220993327 0.00509081369693 0.00246724784246 0.0267419356127 0.016567520608 0.00849296143098 0.00820283048352 0.00877025633204 0.0222921312323 0.0176967247668 0.00377551536783 0.0114193823713 0.0193366512469 0.0114503710415 0.0247297083179 0.0222939695797 -0.00138990895911 0.0271340230802 0.0016704717323 0.0134177716409 0.0206702854828 -0.00152964345537 0.0126867737128 0.00206905810589 0.0137952118565 0.00796169154126 0.0134057786718 0.0154573829915 0.00497602928826 -0.010467572396 0.00913414385842 0.0389801134058 0.0111320203022 0.0124855154213 0.0177628841227 0.0396514779546 0.0178253684928 0.0076771881157 0.0150524707937 0.00840436586789 0.0102369517715 0.00244340338735 
0.00884845712783 0.00256066184056 0.0118532171762 0.0111077071234 0.0100401819217 0.0428649323947 0.00270634023496 0.00842760003322 0.0141988191999 0.0115835268434 0.00620478014057 0.0104231170306 0.00823803215025 0.0116296100413 0.132254416346 0.0045202533261 0.0067162776658 -0.00284997160975 0.0129300749927 0.00754393101193 0.00834479169742 -0.00305687645602 0.0103861981317 0.0169098124449 0.0225706478489 0.0346460561027 0.0168074377565 0.0179483227157 0.0160024000811 0.00707281785884 0.00928755140947 0.00483534229541 0.00495639403643 0.00321340248827 0.00428595583924 0.014752458824 0.0106255856614 -0.0040590131615 0.00544689573066 0.0432173719827 0.0116390491896 0.0172159640817 0.0142063716771 -0.00231485048682 0.0218852392511 0.0245841576292 0.00489853086009 0.0102313396834 0.00821432322153 0.00487711730759 0.0166566214832 0.0126812295762 0.00571325489709 0.0222828414054 0.006786662508 0.0117099450343 0.0238907676095 0.0120062940434 0.00450596866221 0.00635087224617 
0.0296563201638 0.0102026860003 0.0103308520666 -0.00258287276321 0.0105559449508 0.000904949068382 0.00987469940836 0.00432944655672 0.0094725945819 0.032939989787 0.00415521771696 0.00609742121605 0.018305436008 0.00962606873991 0.0045202533261 0.257376220964 -0.00330319668109 0.0191418245275 0.0211523204554 0.0147944691237 0.00645096807718 0.0125951929473 0.00813688059369 0.0129140549098 0.00307806179287 0.00326116010033 0.0245560976941 0.0115044408528 0.00202484580028 0.0241336087817 0.0237016206145 0.00967197523806 0.00212457092905 0.00332901945297 0.0158457192703 0.000811190826275 0.00353086087105 0.0287871320718 0.013963161035 0.00369285769351 0.00863445203003 0.00542311278232 0.0119908365355 0.0176823895704 0.00656082356857 0.0282295934244 0.0087473236754 0.00209708972803 0.00932496893714 0.0187681439127 0.00636585259756 0.0150695115439 0.00914260244337 0.00934527576132 0.00776104121911 0.00818016062197 0.0122498357552 0.0201533775631 0.00591453385242 -0.00722665299161 
0.0596944059923 0.0172401030627 0.0311373220471 0.00444345539171 0.035899850794 0.00208080935428 -0.00203917418487 0.00821664013154 0.0323532688227 0.0086053191774 0.0290324110396 0.0210756805973 0.0146884898958 0.0144503690486 0.0067162776658 -0.00330319668109 0.330298598882 0.0486135866197 0.023110206728 0.0196387615104 0.0117416421825 0.00179996058717 0.0149197477638 0.0308311900713 0.0229709461831 0.0106072792619 0.0124852056828 0.0115349063375 -0.00620208796585 0.0286390752484 0.0246826834177 0.0208087720918 0.0295247876007 0.0104669001503 0.00238679892254 0.0127916718125 0.0114610677862 0.0692912027924 0.0457223590583 0.00546750088393 0.0184145412066 0.0124516785681 0.0141207777064 0.0204087524616 -0.0127237680982 0.00515027956586 0.0119862898701 -0.0149046536035 0.00536703619716 -0.00090523971594 0.0301049046496 0.0327177953414 0.00332609506351 0.0655342970826 0.0223048334046 0.0211548817584 0.00784452606959 0.0224785677818 0.0247698647934 0.00305412632714 
0.0309268586354 0.0135318609675 0.0209335359607 0.024823523344 0.01622252835 0.0117055789435 0.0177920903092 -0.00591768985932 0.00712966164514 0.0217917853234 0.0217491479414 0.0231237240597 0.00617597530412 0.0124034045954 -0.00284997160975 0.0191418245275 0.0486135866197 0.307117214899 0.0277044179371 0.00719142718062 0.00807203220967 0.0277268686997 0.0122702418824 0.015258748666 0.017706333055 0.0136638259832 0.0283968733603 0.0157264275513 0.018708843464 0.032567024171 0.0452494213038 0.0150842911107 0.0185201220628 0.00520315647457 0.0472526304673 0.0434307615193 -0.00257303220744 0.0313248532856 0.0201730526096 0.0140853417225 0.00978006555532 0.0173713275105 -0.00690708947821 0.0443786852032 0.015026711419 0.0252138687663 0.0108564116634 -0.0022380359952 0.0148873997359 0.0218372923012 0.0151897969088 0.00806646718984 -0.00138794555054 0.0138974476175 0.0148509933098 0.0102671201295 0.0170337840344 0.0340822184583 0.0141689456763 0.0185352130818 
0.0339705540254 0.00429463594692 0.0138081358246 0.0120180254413 0.00511572909592 0.00750849353484 0.0126359102941 0.00320195429842 -0.00334957366228 -0.00176101329627 0.00565347660478 0.000420071078138 0.00354225903755 0.0213220993327 0.0129300749927 0.0211523204554 0.023110206728 0.0277044179371 0.195388890117 0.00765251862787 0.0128478827674 0.00700647778891 0.0141457427715 0.0196479050381 0.0107971712022 0.00115998311907 0.00757388209144 0.017683403436 0.0228373061227 0.0073646088313 0.012950351861 0.0268456915876 0.0107934374961 0.00833003931996 0.0101110316324 0.0193002276476 0.00692054620178 0.0238447931664 0.0185146985116 0.012930794258 0.00789009093465 0.0116364174191 0.00147679454949 0.0277242582774 0.0147202018274 0.0133015085312 0.00899261842731 0.00212940819883 0.00168295740351 0.000701736774768 0.0177945040303 0.0253808410531 0.0137820378416 0.0242166894567 0.00315136325292 0.0160291866188 0.0212381888622 0.044457248586 -0.000489549502039 -0.000781542208631 
0.0353589097517 0.000102975959982 0.00863692810709 0.0115988565739 0.0234323844227 0.00194640673449 0.00974736310092 0.0107193338675 0.0149931304275 0.0126928028443 -0.00503450501604 0.0242184432355 0.0142644719837 0.00509081369693 0.00754393101193 0.0147944691237 0.0196387615104 0.00719142718062 0.00765251862787 0.247103782854 0.0107178083704 0.0144789744626 0.0225661995341 -0.00119093106407 0.0179206738427 -0.00421445923786 0.0231917987921 0.00512257883781 0.0178194149038 -0.0011232240053 0.021292316015 -0.00631922185782 0.0237198350816 0.00999181266924 0.00685235270268 0.0315760584197 0.00425963399598 0.02192010192 0.0199276838545 0.00078875021512 0.00622196073047 0.0149391626218 0.00198642219079 0.00630810977201 -0.000487705299813 0.00972701135027 0.0362968108765 -0.00391799173776 0.0213159560018 0.0177345747677 0.0153688430814 0.00410003277679 0.0142256370708 0.0299353253129 0.00343148126901 0.00330447487983 0.0131955114804 0.0136586439381 0.0106478646378 0.0152328061204 
0.0283024234399 0.0194115625745 0.000909646872693 0.0145588491503 0.00576905650142 0.0149580706716 0.0105498264539 0.0152348077049 0.0136122956744 0.00819885873528 0.00994570884051 0.00721459022455 0.00721603495073 0.00246724784246 0.00834479169742 0.00645096807718 0.0117416421825 0.00807203220967 0.0128478827674 0.0107178083704 0.18105714399 0.0114251052443 0.0146964962663 -0.0089182091268 0.00197781612745 0.00334229568488 0.00877896979355 0.0166468118108 0.0104515213133 0.0395520489085 0.00376090988789 0.00150269874289 0.00944233459387 0.00301032525086 0.0201851674822 0.0189612515932 0.00892998610148 0.0110103642295 0.00208423714469 0.00563301177347 0.0144482605805 0.00492564665853 0.00464296404798 0.0158616985811 0.0208099232282 0.00966798635604 0.0334579596122 -0.00480883559725 0.00559594024676 0.00130821958413 -0.00177571313599 0.0182289111289 0.0266274758953 0.00970003622775 0.0141839207646 0.0235893732244 0.0058854881364 0.00552412021123 0.0108251515563 0.00193935335969 
0.0153326574082 -0.000687598240477 0.0257784032147 0.013604554992 0.00304416043826 -0.00316406857794 0.0195935418102 0.00543883996374 0.00245130595845 0.0191979960941 -0.00280804543417 0.00640274781496 -0.0103340583332 0.0267419356127 -0.00305687645602 0.0125951929473 0.00179996058717 0.0277268686997 0.00700647778891 0.0144789744626 0.0114251052443 0.252828046416 0.00863189630219 -0.00761542876229 0.0110891271649 0.00140767030143 0.0199675734656 0.00549022459689 -0.00780791126768 0.026156097427 0.0399568708486 -0.000292363131374 0.0199792263973 0.00656864973973 0.0131786279078 0.0327188516054 -0.00680641805147 0.00119305543891 0.0355154217537 0.00913652030932 0.00899279411926 0.0142445588419 0.0078653326817 0.00112899128849 -0.00135090841347 0.0172788158211 0.0100055481979 0.0112769040145 0.0307115352033 0.024128181874 0.0140498011636 0.019292739211 0.0120731551709 0.0336862942927 0.013570042789 0.0393482409859 0.00455834058812 0.0140680705564 0.00386302475413 -0.0081571079621 
0.00135116172744 0.00937827749375 0.00832516370475 -0.00368939721371 0.0133146527366 0.00246670043637 0.00104607335078 -0.00173045819752 0.00573774333488 0.0132823569395 0.00339684440345 -0.00225326605443 0.0450038812471 0.016567520608 0.0103861981317 0.00813688059369 0.0149197477638 0.0122702418824 0.0141457427715 0.0225661995341 0.0146964962663 0.00863189630219 0.211806343655 0.00399457126359 0.00518527569097 -0.00806079213502 0.0115423165846 0.0113451615871 0.0189660251714 -0.000165049233336 0.00425961954248 0.0205216654325 0.00495684079762 0.00887106218482 0.0133852912145 0.0249045231771 0.005405185098 0.0216470343483 0.0103921578438 0.00635808620798 0.00894151451463 0.000656547303725 0.00325732710799 0.000485699048205 0.00676418551344 0.00946002493367 -0.0050298273074 -0.00384227442753 0.0175417297348 0.0193805713413 0.00925489649051 0.0120340331974 0.00791302007343 0.00571240130419 0.0010643446173 0.00997118715156 0.0178706825593 0.00717352308616 -0.00136488753689 0.0208421964526 
0.0417491390101 -0.0117765446809 -0.00428344059139 0.0269416803978 0.0260194068019 0.0153110813686 0.00447659895743 0.0246288146884 0.133975067531 0.0292844556917 0.00981334882367 0.00978119162856 0.0223221200021 0.00849296143098 0.0169098124449 0.0129140549098 0.0308311900713 0.015258748666 0.0196479050381 -0.00119093106407 -0.0089182091268 -0.00761542876229 0.00399457126359 0.404117033689 0.124211176679 0.053974043403 0.0078007896199 0.0271227020053 -0.00543797569563 -0.00446897602798 0.0442385936249 0.00553149974975 0.015753792833 -0.00063700530578 -0.00317220149743 -0.000277258497101 0.00397231398939 0.0194190262659 0.0194609815242 0.024666633466 0.00450145544782 0.0141531741016 0.0186925640979 0.0128067235901 0.0182503641775 0.015677127552 0.0133587113782 0.00362919641416 0.00176818649752 0.00930367558161 0.00715159546219 -0.00846772716174 -0.00162704956287 0.0825136858675 0.0374721496789 0.00220259597231 0.0257183587448 0.0166745833878 0.0200025698951 -0.00928598124647 
0.0132384553442 -0.00297609586793 0.00932061506812 0.0166597311568 0.0384221259382 0.0108902484663 -0.00264238152597 0.00319520015339 0.120113604158 0.0300005040428 0.00846874915848 0.00462216790668 0.00547830275922 0.00820283048352 0.0225706478489 0.00307806179287 0.0229709461831 0.017706333055 0.0107971712022 0.0179206738427 0.00197781612745 0.0110891271649 0.00518527569097 0.124211176679 0.419750379091 0.0457348045011 0.013491438962 0.0168539029447 0.00840913082558 0.0136834078599 0.0278441040047 0.0158463554932 0.018655429708 0.00696110978399 0.00479582938763 0.0138374099366 0.0140444686752 0.0323406230209 0.0154092438226 0.0196417905647 0.0029873972808 -0.00403928447225 0.0122618649805 0.00679361441118 0.00408315031306 -0.004202959598 0.0191558708691 0.00467909579695 -0.00368988607524 0.0168044913521 0.0108028902914 -0.0163632473763 0.0104745100649 0.0533478681214 0.02814211681 0.0127918754351 0.0141256602836 0.0296236735876 0.00637237972214 0.00380883985136 
0.0160874077213 0.00481960010101 0.0446386668279 0.00668364461492 0.0350598646264 0.0401444318742 0.00535078010635 0.00836890923559 0.0384806371613 0.0216052107124 0.0227433174103 0.00881836633742 0.00775660872545 0.00877025633204 0.0346460561027 0.00326116010033 0.0106072792619 0.0136638259832 0.00115998311907 -0.00421445923786 0.00334229568488 0.00140767030143 -0.00806079213502 0.053974043403 0.0457348045011 0.25204082126 0.0180781802703 0.0213887636984 0.0106888320097 0.00806536284401 0.0256847114466 0.00632872046409 0.0120277880628 0.0166937272245 0.0143975856011 0.00787271336572 0.00577282497181 0.00131287965008 0.0140574986952 0.044365096022 0.0155971564931 0.0327028118215 0.00469581961179 -0.000900467116262 0.0196150016427 0.022718287385 0.0107323383535 0.0324555732202 0.0106420001432 0.00557427624622 0.0250371128332 0.00911108673366 0.0210271177213 0.00715054719703 0.0353111500838 0.010936362622 0.0199515796282 0.0283125116385 0.00454134492464 0.0150908190996 
-0.00425643848951 0.00471855515875 0.0118277483439 0.00542217517062 0.0138225256966 0.00188363472622 0.0203136871832 0.0235243842512 0.0132607691948 0.00691351203644 0.0145461129802 0.0168995815047 -0.00579420175764 0.0222921312323 0.0168074377565 0.0245560976941 0.0124852056828 0.0283968733603 0.00757388209144 0.0231917987921 0.00877896979355 0.0199675734656 0.0115423165846 0.0078007896199 0.013491438962 0.0180781802703 0.268298578572 0.0255947225343 0.0151713685843 0.0249763593334 -0.00180940044368 0.00265069200167 0.0260449372638 0.0020374189561 0.0378051008213 0.0160263636442 -0.000379851648067 0.00814725251985 0.0269344603179 0.0164882289214 0.00986254234594 0.0087875266979 -0.00303721559406 -0.0106134469769 0.00489907744608 0.0156943258234 0.00253666370688 0.0190252997748 0.0174837395368 0.00616238485535 0.00434969601253 0.0218944336719 0.0238861490818 0.0384051674364 0.00117585554565 0.0294896649814 0.0212016515281 0.0340741566329 0.00527429765434 0.00253852990815 
0.017649670858 0.00865952669827 0.0333006140915 0.00248950308008 0.0260354419902 0.0168735762743 0.00840538677388 0.00722238126079 0.0271969700987 0.0187067485163 0.0170816859535 0.0168781249145 0.0152046708675 0.0176967247668 0.0179483227157 0.0115044408528 0.0115349063375 0.0157264275513 0.017683403436 0.00512257883781 0.0166468118108 0.00549022459689 0.0113451615871 0.0271227020053 0.0168539029447 0.0213887636984 0.0255947225343 0.192653824618 0.0406488382709 0.0460976120556 0.050049888201 0.02215477622 0.019278731056 0.00768346583091 0.00507444410673 0.0340964734068 0.00495290446712 0.0149783866676 0.0100962575783 0.0186247396664 0.020973434987 0.024170154666 0.00652442538805 0.0176230553478 0.0271311570857 0.0205174639685 0.0199788959434 -0.00228444747545 0.0139224325452 0.0121226769071 0.0207783630325 0.0191842667199 0.00913264084288 0.0363872608858 0.0121376351317 0.0167749400136 0.0877705573538 0.0225875472105 0.0153108342891 0.0181518140946 
0.00276097734076 0.0130729396465 0.013128620117 -0.00126765268763 0.00502820542713 0.0180638429239 0.00812218174838 0.00515199398317 -0.00932031734715 0.0106186963492 0.00555044570608 0.0132514061298 0.0178123836089 0.00377551536783 0.0160024000811 0.00202484580028 -0.00620208796585 0.018708843464 0.0228373061227 0.0178194149038 0.0104515213133 -0.00780791126768 0.0189660251714 -0.00543797569563 0.00840913082558 0.0106888320097 0.0151713685843 0.0406488382709 0.717400666253 0.0157385952022 0.00996687853159 0.0691490358601 0.0204232847861 -0.0014991281648 0.033934570874 0.00445808847976 0.0065208941255 0.000680080532558 0.00327296701593 0.00822562671781 0.00324490738225 0.0196897335472 0.00511074125758 0.01561505734 0.0215066630974 0.0227244740911 -0.00637427623745 0.0077617439031 0.0235878005437 -0.0094370124995 0.0127480396238 0.0177710675755 0.00693807528431 0.00429133491861 -0.000716173994396 0.0279921944996 0.0147603766234 0.0382774487492 0.0116357500169 0.000230597524892 
0.021966252566 0.0144034792272 0.0144378937026 0.0231901281075 0.0232593081461 0.0168106286268 0.00308151454293 0.0133574958445 0.00272697419525 0.0466703864125 0.0152768936026 0.0251462476042 0.00170775265457 0.0114193823713 0.00707281785884 0.0241336087817 0.0286390752484 0.032567024171 0.0073646088313 -0.00112322400531 0.0395520489085 0.026156097427 -0.000165049233336 -0.00446897602798 0.0136834078599 0.00806536284401 0.0249763593334 0.0460976120556 0.0157385952022 0.294979393135 0.0356479568798 0.0123002472193 0.0400023584843 0.0124628192981 0.0742607780121 0.0451619969295 0.00442856996284 0.0397477152154 0.0216915044977 0.0133764084941 0.00876455743132 0.0207527629283 -0.00881066285158 0.0172524932545 0.0188393242333 0.029897588168 0.0326776990483 -0.00782240513912 0.0231308940832 0.0218266164992 0.0315782138283 0.0320760492884 0.00536648952047 0.0311420376336 0.0401667084013 0.00742145492972 0.0407660517811 0.00917417599664 0.0210967437289 0.00117693351813 
0.0479281879786 0.00436970042586 0.0367481631115 0.0235104476121 0.0313855257625 0.012397395218 0.0135301450783 0.0073819220579 0.0251574077322 0.0221086191902 0.00577485476093 0.0758842674604 0.0172483324799 0.0193366512469 0.00928755140947 0.0237016206145 0.0246826834177 0.0452494213038 0.012950351861 0.021292316015 0.00376090988789 0.0399568708486 0.00425961954248 0.0442385936249 0.0278441040047 0.0256847114466 -0.00180940044368 0.050049888201 0.00996687853159 0.0356479568798 0.520851233431 0.0282022886071 0.0300995983593 0.0123078180468 0.0297759776406 0.0396467092906 0.0053904040889 0.0319655005236 0.0294188583756 0.0113373614351 0.0218299550135 0.0265758850471 0.00870255152653 0.0156168583286 0.037647711591 0.0119253503895 0.0431178363963 0.0172349875317 0.0077488946726 0.0382949274177 0.00980202102359 0.0215981094866 0.0398643099371 0.0698733060814 0.0302564821245 0.0199058152512 0.0270212330102 0.0271932301696 0.0171595029838 0.0493995256647 
0.021884589132 0.00239512768541 0.0246963864889 0.010336829529 0.00553863260522 0.00297609449899 0.0103810937825 -0.000208420751025 0.00359979956568 0.00402031493302 0.00827688898025 0.0208809628761 0.0851436296657 0.0114503710415 0.00483534229541 0.00967197523806 0.0208087720918 0.0150842911107 0.0268456915876 -0.00631922185782 0.00150269874289 -0.000292363131374 0.0205216654325 0.00553149974975 0.0158463554932 0.0063287204641 0.00265069200167 0.02215477622 0.0691490358601 0.0123002472193 0.0282022886071 0.290751849749 0.0217988149701 0.00176599881403 0.0257618613096 0.027030008474 0.0087470807953 0.0134532834054 0.00623510911502 0.00916558396884 0.00347421993629 0.0116226083827 0.0140756894958 0.0206604070866 0.00156480561871 0.021559223255 0.0139532649364 0.0152609042937 0.00541056428537 -0.00205835702778 0.00623195770762 0.0132423622687 0.0142345636779 0.00441759110488 0.0173887010529 0.0225410080293 0.015103005793 0.029313884208 0.0170261605009 0.0361154152961 
0.0246739615895 0.00625149645748 0.0296395318442 0.0259390812333 0.0282956741681 0.0136518091585 0.0077637666971 0.00849645400953 0.0460245564092 0.0291838562308 0.0283874733591 0.0333095480247 0.0112141981443 0.0247297083179 0.00495639403643 0.00212457092905 0.0295247876007 0.0185201220628 0.0107934374961 0.0237198350816 0.00944233459387 0.0199792263973 0.00495684079762 0.015753792833 0.018655429708 0.0120277880628 0.0260449372638 0.019278731056 0.0204232847861 0.0400023584843 0.0300995983593 0.0217988149701 0.232694479773 0.00192940996639 0.0217483383733 0.0223401559124 0.00576026991159 0.0420272071383 0.0296088479227 0.0112688227108 0.0216281769596 0.0271394237688 0.0177494037163 0.0148938193964 0.0168358556534 0.0179594119377 0.0244145017731 -0.00670343570021 0.0159310144024 0.018516494966 0.0139738554688 0.043196199149 0.0105173670616 0.0312345748711 0.0133733194694 0.0118896897936 0.0174873430998 0.0177965233411 0.0251014969087 0.0192774144932 
0.0180383361376 0.00826457400048 0.0154418414804 0.0144490343869 0.0222856824336 0.00508098998548 -0.00249063202294 -0.0010419640914 0.0187942438338 0.0140974384181 -0.00532284648841 0.00721950638725 0.0187491359365 0.0222939695797 0.00321340248827 0.00332901945297 0.0104669001503 0.00520315647457 0.00833003931996 0.00999181266924 0.00301032525086 0.00656864973973 0.00887106218482 -0.00063700530578 0.00696110978399 0.0166937272245 0.0020374189561 0.00768346583091 -0.0014991281648 0.0124628192981 0.0123078180468 0.00176599881403 0.00192940996639 0.469086373989 0.00653430927734 0.0151562656355 -0.00778943933444 0.0153089731445 0.018206701684 0.0030545740537 -0.00203404583449 0.0121185909401 0.00542833134242 -0.00273296971395 0.0265845538255 0.011636639108 0.0197540051956 0.000291640957576 0.00236425013 0.0220105051519 0.00589244728987 0.00561557501047 0.0108946257129 0.0168637619811 0.00956329915439 0.00827044157137 0.0074598575562 0.00388572317589 0.0113485946099 0.033719671242 
0.0242351084384 0.0200683449392 0.00293739104769 0.00809565220583 0.00904960880316 0.00143329164635 0.00495610947869 0.0134383216966 -0.0035729314935 0.0444141264325 0.00453364558974 0.0229908791537 0.00559488489541 -0.00138990895911 0.00428595583924 0.0158457192703 0.00238679892254 0.0472526304673 0.0101110316324 0.00685235270268 0.0201851674822 0.0131786279078 0.0133852912145 -0.00317220149743 0.00479582938763 0.0143975856011 0.0378051008213 0.00507444410673 0.033934570874 0.0742607780121 0.0297759776406 0.0257618613096 0.0217483383733 0.00653430927734 0.280211447535 0.0349560595172 0.00935607472313 0.0123080050785 0.0254479765943 0.00305826225184 0.00869001381089 0.0098666413764 0.00100283616699 0.0109196730429 0.00902756281182 0.0148337658434 0.0130125207198 -0.000711794162205 0.0265166637255 0.017678053221 0.018465953868 0.0281232531943 0.0252733973455 0.0459778103996 0.0292039072098 0.0255926659513 0.00751558342609 0.0217180691154 0.0218164901984 0.0137077183532 
0.0312579467407 0.0156634107022 0.0278551243143 0.011023186642 0.0298880078168 -0.00356839759273 0.0137786706171 0.00629850045759 0.0237372262033 0.0158438434192 0.0255642250969 0.0202316974609 0.0517400118303 0.0271340230802 0.014752458824 0.000811190826276 0.0127916718125 0.0434307615193 0.0193002276476 0.0315760584197 0.0189612515932 0.0327188516054 0.0249045231771 -0.000277258497102 0.0138374099366 0.00787271336572 0.0160263636442 0.0340964734068 0.00445808847976 0.0451619969295 0.0396467092906 0.027030008474 0.0223401559124 0.0151562656355 0.0349560595172 0.605722291961 -0.00111288931829 0.0355159050482 0.0624862540738 0.00578031769538 0.0162306682501 0.0228725365129 0.00522410180513 0.0250024304621 0.0300956132921 0.0346126104263 0.026867953743 -0.00559383144932 0.0177529707717 0.024029599639 0.142844836889 0.00661994314849 0.0196434751073 0.0247602948152 0.0367486153602 0.0265445946507 0.0213075612118 0.030380334636 0.0233764970222 0.0250955228912 
0.0248577694377 -0.00367240592565 0.00465006707325 0.00306442048495 0.00703679708687 0.00742153347278 0.00789144508729 0.00998733231108 -0.00333218421048 0.00166453651231 0.00449347719931 0.00308342836578 0.0168389962721 0.0016704717323 0.0106255856614 0.00353086087105 0.0114610677862 -0.00257303220744 0.00692054620178 0.00425963399598 0.00892998610148 -0.00680641805147 0.005405185098 0.00397231398939 0.0140444686752 0.00577282497181 -0.000379851648067 0.00495290446712 0.0065208941255 0.00442856996284 0.0053904040889 0.0087470807953 0.00576026991159 -0.00778943933444 0.00935607472313 -0.00111288931829 0.20630937714 0.00104426764984 0.0171415339989 0.0105683504356 0.00513078968503 0.000806550302596 0.00892114030431 0.0139107630729 0.0132999356652 0.00658187425005 -0.00142893815157 -0.00449517104116 0.00235747865032 -0.00601597380057 0.000231065923199 0.00862183350033 0.00949587131405 0.0232102762023 -0.00453338918797 0.00668408949577 0.000700507221125 0.00758945773075 -0.000961182840952 -0.00478764240542 
0.0598424889224 0.0123486199994 0.0426628057822 0.0353187298903 0.0506684254059 -0.000416628042416 0.014713406991 0.0111431074744 0.0296691023109 0.0366463752777 0.0425280548836 0.0124333070636 0.00744548286375 0.0134177716409 -0.0040590131615 0.0287871320718 0.0692912027924 0.0313248532856 0.0238447931664 0.02192010192 0.0110103642295 0.00119305543891 0.0216470343483 0.0194190262659 0.0323406230209 0.00131287965008 0.00814725251985 0.0149783866676 0.000680080532559 0.0397477152154 0.0319655005236 0.0134532834054 0.0420272071383 0.0153089731445 0.0123080050785 0.0355159050482 0.00104426764984 0.282481285795 0.0568617595566 0.00124952747937 0.00966726510756 0.0120633196633 0.023449381222 0.031206813254 0.00835061181853 0.0197459445683 0.022735082729 -0.0173271810739 -6.39252364033e-06 0.0392350747469 0.0305719638142 0.028537311414 -0.00215058635776 0.0593865117783 0.0265694571678 0.00932539540287 0.0324290535453 0.00025829869846 0.0151332003382 0.0152990864964 
0.0469667198921 0.00678017593703 0.0226121076709 0.0263734098723 0.0194870766668 -0.00285974840528 0.00527787004879 0.00393300373051 0.042491287021 0.0376458372548 0.041678771894 0.0366388670061 0.0109915200149 0.0206702854828 0.00544689573066 0.013963161035 0.0457223590583 0.0201730526096 0.0185146985116 0.0199276838545 0.00208423714469 0.0355154217537 0.0103921578438 0.0194609815242 0.0154092438226 0.0140574986952 0.0269344603179 0.0100962575783 0.00327296701593 0.0216915044977 0.0294188583756 0.00623510911502 0.0296088479227 0.018206701684 0.0254479765943 0.0624862540738 0.0171415339989 0.0568617595566 0.377929497826 0.0207678070682 0.00661601935512 0.00874490159081 0.0156793844557 0.020912722335 0.0293683714501 0.0229743342993 0.0466676165011 -0.0113807607145 0.00548349570612 0.0287531231962 0.0293626641418 0.00394415252271 0.0082311654957 0.075361930553 0.0515182634777 0.00980006966416 0.0201631070011 0.0247671628954 0.0101592143292 0.00126744252244 
