60
0.0466468708745 0.0933125666969 0.0357111585815 0.0754552666066 0.126302472887 0.0389775871913 0.0486003975036 0.0353360638732 0.044891801276 0.0276848810082 0.371102806834 0.10135047428 0.0387981152642 0.050100863095 0.0396221554001 0.00361039022472 0.0285158318856 0.0936509155003 0.0738036440579 0.0559384191954 0.0896788789081 0.214537342356 0.0418020448473 0.0538734886168 0.0314514366364 0.0307440439862 0.0654803135324 0.0693656588129 0.0214039426083 0.0298565853869 0.0251604878384 0.0308768641188 0.015652967587 0.022369934908 0.0479675113811 0.118355026327 0.0752984700253 0.0255121646837 0.023015295127 0.0330111524363 0.060830846045 0.0800378705657 0.133882810383 0.0501755430095 0.0362094771936 0.029419367 0.0179151897049 0.0428749123775 0.0151091702759 0.116792266476 0.185879968849 0.0669692816613 0.0682562642732 0.0271794955288 0.0384738749472 0.0223320424584 0.0275926739743 0.067654701563 0.166074759161 0.0240188564254 
0.363702102368 0.0069785141908 8.26232208894e-05 0.0229713992147 0.00314202625375 0.00699703543499 0.00975121324093 0.0236903620056 0.0123062138563 0.0238685231996 0.00111435688879 0.0261933165821 0.0206085991744 -0.00678760537645 0.0113827177716 0.0109199012031 0.0565459958414 0.000429983179157 0.0114799793101 0.00393700565633 0.013863171644 0.0287514926664 0.01397897988 0.00647773816427 0.0156845613822 0.0126353597189 0.0177549853519 0.0121416586809 0.0126038589286 0.011921249185 0.0174902994027 -0.00299511867856 0.00137892979673 0.0128321064921 0.0248374877901 0.0176666698011 0.00970315871402 0.0128224137966 0.0104412751942 0.00897669350499 0.0139548603334 0.0110811467788 0.043655411688 0.00979700047557 0.0006530578778 0.05365920807 0.00282983522789 0.00716501742072 0.00939446008107 0.000236555129375 0.000393788749189 0.0131981218076 0.00646046665203 0.000770285247063 0.015769567382 0.0120057745397 0.00300268418302 0.0121076849462 -0.00326654036415 -0.00145756443552 
0.0069785141908 0.996795030108 0.00874520989416 0.012845070114 0.0061572762383 0.0520697782019 -0.00993578400233 0.000540403734304 0.0141060537478 0.00649252518547 0.0347892738911 -0.00806375184693 0.0057672166278 0.0324146347269 -0.00341596207502 0.00285648706259 -0.0110914144849 -0.00498773435962 0.0159085486516 0.00823510849225 0.00922052148535 0.0223028148137 0.0129892351998 0.00452408928259 0.017975241243 0.00323996688698 0.00523378781418 -0.00436985778738 0.00452178084495 0.0119056108716 0.0123715607363 0.00335248938738 0.0282276300434 0.00690688646467 0.0051986302752 0.00617447517385 0.0173441952422 0.0124444213975 0.00621445118781 -0.00297302893506 0.019352784892 0.042655242979 0.0128730499071 0.0049951266922 0.00794851665116 0.00349137181442 0.00469497900138 -0.00327019418378 0.0065670574544 0.00334785789507 0.0109061515531 -0.00662843387274 0.00258994647294 0.00448577477685 0.00792507223048 0.00205073038633 -0.00263197907068 -0.013477642799 0.0107497121813 0.00875188633646 
8.26232208895e-05 0.00874520989416 0.276256698825 0.0064831699744 0.00538140919712 0.0113486291497 0.0147033153292 0.0122264088451 0.0245646629717 0.0283932027589 0.02010066114 0.0183221857832 0.0145307899563 0.00168762506229 0.00666366405879 0.0194219183012 -0.00382725212725 0.0531141878338 0.0181036852617 0.010218623194 0.0282120807055 0.0378463656269 0.0058550881879 0.0242924498925 0.0230199239546 0.0113444329939 0.0774313771419 0.0326243773038 0.00665396702517 0.0182422649341 0.00915200918371 0.0133418086171 0.0296394873581 0.0142470399622 0.0314386544551 0.0293414330369 0.00913503232133 0.0198267987468 0.0169637581176 0.0398362256721 0.0110421317151 0.00981299938076 0.00236812692621 0.0136830830412 0.025198513072 0.00901855713999 0.0241167241981 0.0211716988547 0.00830788975221 0.00162286356028 0.0193834413802 0.0344796552569 0.00921956294331 0.0207102649936 0.0279333710718 0.0104687948106 0.00969597737159 0.00282237063009 0.0374599454046 0.0236621181711 
0.0229713992147 0.012845070114 0.0064831699744 0.655960869513 -0.000274699327942 0.00785454448892 -0.00198733698224 0.00938377682382 0.0271453800911 0.0184913411869 0.0762730881313 0.0248110386792 -0.00851066694417 0.0126058443795 0.0231059833764 0.0109542226181 0.00778654101461 0.0507315827238 0.0337520969912 0.0181867002797 0.02191888493 0.039100242683 0.0426372955433 0.0102898618369 0.0159480030866 0.0663615229042 0.019167511596 0.0324696565271 0.0272631339113 0.00129524597652 0.0209061129477 0.00438214371331 0.00640186103257 0.0265277967883 0.0347026568251 0.0461150035006 0.0246531670937 0.0272711511266 0.0171773029963 0.0506812079652 0.0136068921315 0.0127304893465 0.0337257216509 0.022488867212 0.015020230932 0.0161379076118 0.0243732915803 0.00223374363866 0.0147276128357 0.0142773811283 0.0115638376991 0.0293050588499 0.0123654758243 0.0135012082274 0.0083218680691 0.00955737030912 0.00247202413977 0.0328412135204 0.0164463806483 0.0159792319904 
0.00314202625375 0.0061572762383 0.00538140919712 -0.000274699327942 0.509584901945 0.034829992883 0.00144638272043 -0.00943136292232 0.044445574405 0.0218546645749 0.0432013457036 0.0154268982195 0.0156432139597 0.0333275580579 0.0138143229995 0.0110647586358 0.0474883050402 -0.00144810043495 -0.00246666404067 0.0154695245332 0.0121731455199 0.00202986167386 0.0146386506462 0.00926567316866 0.0166650932594 0.0190776513323 0.00956390804687 -0.00924312427179 0.0313769513639 0.014949464719 0.0108777797706 0.00715589079667 0.0141895474692 -0.0119439460395 0.00346336237046 0.015887845882 0.0342348947189 -0.00370228088535 0.025559313068 -0.0113180223097 0.0141593778621 0.00235117780608 0.0904718093341 0.0105444284057 0.0234178897537 -0.00234791874762 0.00346181620552 0.0135340664992 0.00975201089347 0.00808387317584 0.0738767072982 0.0313364726484 0.0300987966043 0.000808597426532 0.0219593316725 0.0178652109032 -0.00495808780541 -0.000693400916459 0.0765342205896 0.00831937024673 
0.00699703543499 0.0520697782019 0.0113486291497 0.00785454448892 0.034829992883 0.226083115078 0.00846572998607 0.014929389911 0.0272396872638 0.0277747765027 0.0289111718335 0.0187627627922 0.0112800038829 0.0073745776185 0.028667030407 0.0158948793984 0.0162708710848 0.0160629778365 0.0181559244117 0.0173743842195 0.0128278265894 0.00622168523027 0.0171918587931 0.0180318760069 0.0426463779907 0.0271966040765 0.0163104698198 0.0104006201846 0.0107396617647 0.0282879632392 0.0216797350405 0.0144077269601 0.00838183440448 0.0192075570425 -0.00525024632514 0.022763155411 0.0230499014022 0.0318825879508 0.0203927049116 0.0250384387111 0.0356988729392 0.011113298831 0.00785301619081 0.00802875575074 0.0550492519354 0.00703694805188 0.0229072023731 0.0215083387128 0.0128904573971 0.00454720613819 0.026683953103 0.0181732474666 0.014685908521 0.0105309801294 0.0128424778322 0.0090684080155 -0.00508872262053 0.0128175666522 0.034300888208 0.0194759148837 
0.00975121324093 -0.00993578400233 0.0147033153292 -0.00198733698224 0.00144638272043 0.00846572998607 0.388809493833 0.0322348150855 0.00447183612348 0.00345719662881 0.0809592928856 0.022149153352 0.0173898961402 -0.00200889760758 0.00394336361451 0.013104058462 0.0204783888531 -0.00292738783916 0.0151707005446 0.00694677704986 0.0304436571178 0.0242187024056 0.0190166705215 0.0272137171934 0.0106249652773 0.0102990346544 0.00476008736596 0.0145662281919 0.00816833181281 0.00952657026465 0.00769390255097 0.00588428634979 0.00220096399513 0.0129734990952 0.0237775042477 0.00776287380934 0.00180540877166 0.00155471942759 0.00739672102018 0.0309150088017 0.0130098152772 0.030932284634 -0.00669453850399 0.00193630938175 -0.00132353672698 0.0125872018927 -0.00450066455052 0.0198206456485 0.00672043728747 -0.00314485080001 0.00416976674603 0.00157448752912 0.0282228979905 0.010509950744 0.00657194801346 0.0389044441959 -0.0189274126429 0.0133334969447 0.0130344511665 0.00013226814812 
0.0236903620056 0.000540403734304 0.0122264088451 0.00938377682382 -0.00943136292232 0.014929389911 0.0322348150855 0.306137131967 0.00167983107087 0.00488842397407 0.0367813500753 0.029697818071 0.0179165390553 0.0200946759372 0.0173949253879 0.00118691747891 0.0137004194527 0.0280397664913 0.0126172875412 0.00849666120988 0.0161284770004 0.0393000423637 0.00327685781054 0.0186992004922 0.0179791443808 0.00724733205379 0.0101170988065 0.0214894557541 -0.00334224935104 0.00880299763348 -0.00703612061275 0.0184062012529 0.0160661973282 0.0275799966025 0.0191853626097 0.0336483562804 0.00754482582532 0.00557202162047 -0.00132055636528 0.0246753410424 0.0302312712449 0.0176156882359 0.00404147639841 -0.00575863993658 0.00747948510621 0.0106078321835 0.0135564599241 0.00860975329221 -0.00489014973161 0.0145567218072 0.0148283041193 0.00767470432046 0.0108502296182 0.00942395240249 -0.00140316996904 0.0170533143589 0.0010313464553 0.0128021147963 0.00500754913544 0.0187003644219 
0.0123062138563 0.0141060537478 0.0245646629717 0.0271453800911 0.044445574405 0.0272396872638 0.00447183612348 0.00167983107087 0.3263738896 0.0335159349379 0.0354245826167 0.0232700616449 0.0270974417717 0.0206854772059 0.00693241443579 0.0181422151695 0.020686092364 0.0251008628154 0.0227631144775 0.0052402362872 0.0226789758982 0.0388032315493 0.00842286670955 0.020677304396 0.0217306220545 0.0187918426839 0.0209156836945 0.00794013689871 0.0246819634016 0.0219184144201 0.0145545657865 0.000475682011576 0.0179940602236 0.0213634165975 0.0326671732211 0.0158447184012 0.00951324176116 0.0159978623003 0.00746761931899 0.033443440855 0.0195647794372 0.00569971570733 0.0302178586956 -0.0037096366421 0.0089622792261 0.0107239933653 0.00358234518918 0.0161399085796 0.0141949839445 0.00899605822086 0.0388512241134 0.0421572201852 0.0335013154903 0.0164134873215 0.010340701739 0.0128293774037 0.0122995687657 6.56613386729e-05 0.0434761353535 0.0264263175986 
0.0238685231996 0.00649252518547 0.0283932027589 0.0184913411869 0.0218546645749 0.0277747765027 0.00345719662881 0.00488842397407 0.0335159349379 0.244635974839 0.0146446484315 0.0190953736822 0.0214652312943 0.0113975091729 0.0182523396794 0.00497535035828 0.00460898053758 0.0306054601157 0.00902130316964 0.0176887552952 0.0138195324615 0.0241156871717 0.00813963362749 0.0167335032123 0.0236660693152 0.0156622092103 0.0192925046573 0.0150269612248 0.0140097957957 0.0168935129942 0.0239945578966 0.0185458259317 0.0209564982519 0.00726462216731 0.028106042077 0.0305688998692 0.0226686667519 0.012417606717 0.0283482696968 0.0092069013468 0.0174462962867 0.0174618859207 0.000737216643123 0.0152407320984 0.0246243585508 0.0128453554047 0.00722517115453 0.0189621523483 0.0252061041708 0.0163061892103 0.00894502957688 0.0245728429835 0.00834512928951 0.00668510702433 -0.00398200375422 0.00530163850168 0.0215850345135 0.0187346691937 0.0403480522999 0.019361247362 
0.00111435688879 0.0347892738911 0.02010066114 0.0762730881313 0.0432013457036 0.0289111718335 0.0809592928856 0.0367813500753 0.0354245826167 0.0146446484315 1.23079141326 0.0229528679507 0.0359357289947 0.0435074237051 -0.00341968262787 -0.000669653029623 0.0129740005083 0.0479366776357 0.0179012326331 0.022891437923 0.0279256284797 0.121784991783 0.0258622184395 0.00821189133805 0.00551476940303 0.0187076052125 0.0147415657678 0.0187954104497 0.030507825047 -0.0127182373007 -0.00627086531641 0.0297671321961 0.0282157605197 0.0105867543661 0.0274397923779 0.0273824489028 0.0275944715339 0.0253812715873 -0.00300205547617 0.0133065203008 0.0256206674862 0.0895322407903 0.0545629403188 0.0385451204611 -0.00011421198814 0.0133376152963 0.00124263185002 0.0213477650274 0.0128640208244 0.0100907312049 0.0791549422955 0.0278073073808 0.0392939199951 0.004964717483 0.0282445037969 0.0053516265428 -0.0050001271433 0.0224205405894 0.0302511882511 0.0200023825437 
0.0261933165821 -0.00806375184693 0.0183221857832 0.0248110386792 0.0154268982195 0.0187627627922 0.022149153352 0.029697818071 0.0232700616449 0.0190953736822 0.0229528679507 0.556067904624 0.0401431858822 0.0230932201711 0.0294045461412 0.000978843656831 0.00474785810286 0.0382779322871 0.0257757997842 0.0320015719196 0.0848042394278 0.136031418596 0.0245830484263 0.0328660556594 0.0286812563082 0.0287486874228 0.0301127450944 0.0383083919596 0.0145168883876 0.023094981921 0.0196209777739 0.0416521935055 0.025691123252 0.0423676322103 0.0209925375781 0.0270768984062 0.00173853609317 0.0218816516986 0.0223105863983 0.0150391082931 0.0211994979215 0.0118185693784 0.0416182356019 0.0134296903508 0.0259393646421 0.0130621459109 0.00336256990783 0.0413471381509 0.0164050364062 -0.00147269214463 0.0349968306856 0.0480580919091 0.0393545758448 0.0027553613624 0.00411454949068 -0.00017814052888 -0.000511220888733 0.0105666947612 0.0334183577919 0.0142166876947 
0.0206085991744 0.0057672166278 0.0145307899563 -0.00851066694417 0.0156432139597 0.0112800038829 0.0173898961402 0.0179165390553 0.0270974417717 0.0214652312943 0.0359357289947 0.0401431858822 0.211449728655 0.0269510412599 0.0180662551223 0.0125156165705 0.00854871983499 0.00984387663173 0.0364500323016 0.00250551417626 0.0262897689779 0.0335614354377 0.042583373878 0.0231393394878 0.0152134365956 0.0272518481217 0.0245599868077 0.000799072003634 0.0280130978076 0.0185536482248 0.0140101905946 0.00512823059511 0.0241358287212 0.0187202870076 0.0185963480351 0.0150487408497 0.0167738423926 0.0183816577511 0.0167862865159 0.00268197786298 0.0223339142467 0.0279707498409 0.0225440978739 0.0233009433553 0.0281464756443 0.0133219102996 0.00390040673119 0.0225569191109 0.00609959912638 0.0142509151104 0.0438505988446 0.00708461704933 0.0134026726481 0.00201488988919 0.0118472115904 0.0100861563051 0.00456428772238 0.00775525988578 0.0411672926869 0.0212159175295 
-0.00678760537646 0.0324146347269 0.00168762506229 0.0126058443795 0.0333275580579 0.0073745776185 -0.00200889760758 0.0200946759372 0.0206854772059 0.0113975091729 0.0435074237051 0.0230932201711 0.0269510412599 0.293382119298 0.018717740598 0.00731650640746 0.00815815094703 0.0165373676852 0.0119990632159 0.0218902045048 0.0171504521851 0.02041227427 0.0202396861148 0.0270101206708 0.0159862258341 0.0264774179118 0.00901245504919 0.00649991372544 0.0292362368384 0.0147701978412 0.0102023396812 -0.00559086640105 0.0154191163573 0.0211191137609 0.0315505338866 0.00901428316555 -0.0127133854002 0.0164385574802 0.00245561772988 0.00996058888702 0.0136232149957 0.0361135789775 0.018045229724 0.0178252303242 0.0313933288754 0.012860899019 0.0199459454056 0.00785123492998 0.0140954626993 0.0088541201967 0.0604335935355 0.0265004895996 0.0220163363317 0.016489585901 0.0180435165477 -0.00440752395949 0.00362488401004 0.00269565047165 0.0467343391534 0.0230119781558 
0.0113827177716 -0.00341596207502 0.00666366405879 0.0231059833764 0.0138143229995 0.028667030407 0.00394336361451 0.0173949253879 0.00693241443579 0.0182523396794 -0.00341968262787 0.0294045461412 0.0180662551223 0.018717740598 0.174200439535 0.00898276444145 0.0142703110699 0.0261873996427 0.0147991561675 0.0105341642075 0.0115888110021 0.0170002783871 0.0235045202089 0.0151651720455 0.0296955153348 0.0276640803243 0.0101021462526 0.00954396794208 0.00640389257081 0.0252982284459 0.038923618812 0.0127138369167 0.00363914466518 0.0120142090346 0.017415670542 0.0223386270018 0.0309288047373 0.0175952714195 0.0170857895571 0.0174550583723 0.0287447027524 0.00560510542355 0.00681626288591 0.0071724043115 0.0345094460356 0.00677481901018 0.00668034345611 0.0313963776881 0.0130611115515 0.0134955328562 0.0110581928517 0.00920420467306 0.0215441787637 0.0181049447458 0.0204644962772 0.0131699802953 0.00365417167631 0.0248374411388 0.020426708959 0.0142851225474 
0.0109199012031 0.00285648706259 0.0194219183012 0.0109542226181 0.0110647586358 0.0158948793984 0.013104058462 0.0011869174789 0.0181422151695 0.00497535035829 -0.000669653029623 0.000978843656831 0.0125156165705 0.00731650640746 0.00898276444145 0.207763607687 0.00457823703911 0.0224921037782 0.0116950453421 0.00344628296195 0.00930280640128 0.0187507269832 0.00774991130701 0.00490756131116 0.015486288565 0.0197779879506 0.0218029226464 0.0256282952583 0.00389786673285 -0.00436585560846 0.00779383023654 0.00578138672577 0.00567223488792 0.00596209263742 0.0122749952159 0.0108495638563 0.0137598890037 0.0207743645164 0.0149009707156 0.0177263290354 0.00908346867028 0.00190628733965 0.00511672908572 0.0184955509223 0.00471806757155 0.0124204811835 0.016682154927 0.0213178620948 0.00988558520684 0.000587196044985 0.0161671511143 0.0132126455943 -0.00338438494119 0.0147753950666 0.00499062688039 0.014547784596 0.0672677302725 0.00390151894281 0.0292837587708 0.0134724840538 
0.0565459958414 -0.0110914144849 -0.00382725212725 0.00778654101461 0.0474883050402 0.0162708710848 0.0204783888531 0.0137004194527 0.020686092364 0.00460898053758 0.0129740005083 0.00474785810286 0.00854871983499 0.00815815094702 0.0142703110699 0.00457823703911 0.191826542351 -0.000337064190369 0.0186463407116 0.0127751572077 0.0123061511829 0.00298260018566 0.0272936068773 -0.00786743562537 0.0177766210305 0.0243284314133 0.000786396302748 0.0026016323599 0.0142361254716 0.0180053189673 0.0110608231849 -0.00363026495955 0.00211902964688 0.00359577258064 0.0139182760643 0.0151088617605 0.0179921294846 0.0135935089953 0.00646200148007 0.0171559551286 0.0201692193887 0.00328172947238 0.0304494389702 0.00945093541336 0.00311751671256 0.0370540655887 0.007473834841 0.012732745955 0.0106801818103 0.00521427249333 0.0135173252975 0.00415124082901 -0.00556717842682 0.00867186137048 0.00924727977722 0.00280339350467 -0.00847541550961 0.027478847581 0.00981239587313 -0.00356595077924 
0.000429983179157 -0.00498773435962 0.0531141878338 0.0507315827238 -0.00144810043495 0.0160629778365 -0.00292738783916 0.0280397664913 0.0251008628154 0.0306054601157 0.0479366776357 0.0382779322871 0.00984387663173 0.0165373676852 0.0261873996427 0.0224921037782 -0.000337064190369 0.43076891099 0.0307831646983 0.0177620134731 0.0295749199737 0.110844721501 0.0203950585146 0.0369858536982 0.0257622205725 0.0362028548815 0.0411500441112 0.0641046633726 0.0309919545505 0.0123649695554 0.0146477340342 0.0305383043884 0.0425505437767 0.0163810174378 0.0351868462118 0.041590745458 0.031686747806 0.00919502420719 0.018493024806 0.0531486650447 0.0439068557649 0.00465073662834 0.0368836163852 0.0160353450636 0.0341870812873 0.0112929717083 0.000239646584931 0.0172701944332 0.00985858116638 0.0152959851127 0.0348589015114 0.0150974883766 0.0194555972831 0.0191993677088 0.0205765955821 -0.00488898747577 0.0205027792545 0.00778899519254 0.0334523800477 0.0192052141624 
0.0114799793101 0.0159085486516 0.0181036852617 0.0337520969912 -0.00246666404067 0.0181559244117 0.0151707005446 0.0126172875412 0.0227631144775 0.00902130316964 0.0179012326331 0.0257757997842 0.0364500323016 0.0119990632159 0.0147991561675 0.0116950453421 0.0186463407116 0.0307831646983 0.343277109876 0.00567165484185 0.0440861805655 0.0301762213917 0.0240494002888 0.026464440837 0.00510688004249 0.012553525281 0.0219456200369 0.00968618537107 0.026778742083 0.0120023638947 0.0105907842821 0.0149291145924 0.0253710691089 0.0199554147998 0.00962449414324 0.00988918995495 0.0171300245991 0.0106628451212 0.00397339227886 0.0392952433242 0.0208700745069 0.0288576090711 0.0121455273762 0.0374827181743 0.0247609404466 0.0116525403314 0.000182195522153 0.0137945335133 0.00567648458065 -0.000855008338628 0.0596988251638 0.00841965926183 0.0062019233217 0.0144400503606 0.00801918830243 -0.00850797736938 -0.00292032591852 0.0122999636934 0.0538567301551 0.0257893195861 
0.00393700565633 0.00823510849225 0.010218623194 0.0181867002797 0.0154695245332 0.0173743842195 0.00694677704986 0.00849666120988 0.0052402362872 0.0176887552952 0.022891437923 0.0320015719196 0.00250551417626 0.0218902045048 0.0105341642075 0.00344628296195 0.0127751572077 0.0177620134731 0.00567165484185 0.223916202149 0.0127961861632 0.0325412583699 0.0184491810384 0.0491144321056 0.00438891643167 0.0155306685418 0.0126787379612 0.0293470323044 0.0128209409112 0.00766808647084 0.00906604746907 0.00852635283833 0.000900722854847 0.0259156840628 0.0211001629483 0.02850167365 0.0189436726368 0.00582583522457 0.00447349270948 0.026662934246 0.0246955816792 0.024341315097 -0.00643008278154 0.0361703832688 0.0159433000643 0.00342790887239 -0.0102735355639 0.0142540632413 0.0130853151469 0.0096889416206 0.0236509114461 0.003697845801 0.013107221564 0.0141946263887 0.0138965419766 0.0173358232759 -0.00792622275037 0.00899661064677 0.0093390813114 0.0201666717459 
0.013863171644 0.00922052148535 0.0282120807055 0.02191888493 0.0121731455199 0.0128278265894 0.0304436571178 0.0161284770004 0.0226789758982 0.0138195324615 0.0279256284797 0.0848042394278 0.0262897689779 0.0171504521851 0.0115888110021 0.00930280640128 0.0123061511828 0.0295749199737 0.0440861805655 0.0127961861632 0.521797971591 0.170159015448 0.0219349758792 0.0438014331896 0.0229541508092 0.0336468059081 0.0367605806434 0.0102045875276 0.0387785758436 0.0175758508495 0.0200772518613 0.0108570347357 0.0307835641377 0.0249458772058 0.0229324206805 0.00448671710892 0.00953368511855 0.0263065708197 0.0118423390897 0.0206601639391 0.0111553085747 0.0406882831605 0.0180863991514 -0.00243885691013 0.0157633983349 0.00966852932615 -0.000633052300213 0.0276754656339 0.013096550034 0.0353626933088 0.0247451148491 0.033881934618 0.0385706556091 -0.00512014673193 -0.0032735364882 -0.00885717525568 -0.00619981601425 0.00667652985857 0.0277690037798 0.0244138700003 
0.0287514926664 0.0223028148137 0.0378463656269 0.039100242683 0.00202986167386 0.00622168523027 0.0242187024056 0.0393000423637 0.0388032315493 0.0241156871717 0.121784991783 0.136031418596 0.0335614354377 0.02041227427 0.0170002783871 0.0187507269832 0.00298260018566 0.110844721501 0.0301762213917 0.0325412583699 0.170159015448 0.936533180812 0.0397648366837 0.0466034552093 0.00894789471792 0.014971979407 0.049481257095 0.0161098956676 0.0369138487916 -0.00351150270473 -0.00600916025745 0.0202745627372 0.0268091471511 0.0405950180875 0.0341728692693 0.060060489654 0.0266406858516 -0.00136648454247 -0.00110764147212 0.0257679197723 0.0185110418368 0.0514237968796 0.022701705771 0.0227946850337 0.0292652059513 0.00349594144841 0.00732874602746 0.0208541321717 -0.0011150707087 0.0218618441618 0.0616730115363 0.0344431533174 0.0524027197694 0.0098111947353 0.0107596305652 0.00712543332842 0.014015143086 0.0286648832418 0.016579752671 0.0339147024168 
0.01397897988 0.0129892351998 0.0058550881879 0.0426372955433 0.0146386506462 0.0171918587931 0.0190166705215 0.00327685781054 0.00842286670955 0.00813963362749 0.0258622184395 0.0245830484263 0.042583373878 0.0202396861148 0.0235045202089 0.00774991130701 0.0272936068773 0.0203950585146 0.0240494002888 0.0184491810384 0.0219349758792 0.0397648366837 0.247183194502 0.0220373108702 0.0197433688048 0.0270948133478 0.0135243166015 0.0123756439844 0.0180522988429 0.0114716698785 0.0133701258894 0.0025191058215 0.0268789332753 0.0287989609879 0.0343129509023 0.0073078373191 0.0136516273152 0.0143693509807 0.0129932126214 0.0143188171532 0.0176355453094 0.0215995160739 0.0337131962074 0.000468207958611 0.0167700684392 0.0285575901021 0.00755239503985 0.0130845745814 0.00663623456489 0.00946614994947 0.0413187934585 0.0200853794726 0.0137666618336 0.0110152589613 0.00649088341391 0.00530142183256 0.0114309325561 0.0120389550098 0.0332203797296 0.0101508197773 
0.00647773816427 0.00452408928259 0.0242924498925 0.0102898618369 0.00926567316866 0.0180318760069 0.0272137171934 0.0186992004922 0.020677304396 0.0167335032123 0.00821189133805 0.0328660556594 0.0231393394878 0.0270101206708 0.0151651720455 0.00490756131116 -0.00786743562537 0.0369858536982 0.026464440837 0.0491144321056 0.0438014331896 0.0466034552093 0.0220373108702 0.370131681837 0.00611560877819 0.028974151263 0.0204052761182 0.0395142152958 0.0208623221461 0.00488493811614 0.0122537995461 0.00374457521128 0.011290279727 0.0219927537897 0.0311924537105 0.0196635601437 -0.00303656117897 0.0098053389811 -0.00625003067937 0.0342293740837 0.0245658376206 0.00837646249077 0.0170379286455 0.0227177890126 0.0174242052141 0.0062459593373 0.00748178503571 0.00533011294946 0.0143681135715 0.0106558781968 0.0152033220567 0.0309507269601 0.0158642493812 0.0108689558902 0.00826202020147 0.0046597275294 0.0036159620777 0.000965331036202 0.0321923595563 0.02433720262 
0.0156845613822 0.017975241243 0.0230199239546 0.0159480030866 0.0166650932594 0.0426463779907 0.0106249652773 0.0179791443808 0.0217306220545 0.0236660693152 0.00551476940303 0.0286812563082 0.0152134365956 0.0159862258341 0.0296955153348 0.015486288565 0.0177766210305 0.0257622205725 0.00510688004249 0.00438891643167 0.0229541508092 0.00894789471792 0.0197433688048 0.00611560877819 0.172442187986 0.0191294947913 0.0149010474571 0.0103075987077 0.00536534010666 0.0436582654992 0.0547627572994 0.024363744329 0.0100653238902 0.0114758878909 0.0124320679083 0.0170086439546 0.00994111613197 0.0238565664926 0.0409123000038 0.0174819970302 0.0252403031093 0.00580982371363 0.00536890018027 0.0189236564629 0.02954705074 0.00919371762274 0.0122411232341 0.0321191380415 0.00448799872053 0.00638067368493 0.0150390668316 0.0209798117795 0.0154728630654 0.01814726179 0.010384141583 0.00381667846396 0.00974677322064 0.01079486207 0.0147718023118 0.0218573870561 
0.0126353597189 0.00323996688698 0.0113444329939 0.0663615229042 0.0190776513323 0.0271966040765 0.0102990346544 0.00724733205379 0.0187918426839 0.0156622092103 0.0187076052125 0.0287486874228 0.0272518481217 0.0264774179118 0.0276640803243 0.0197779879506 0.0243284314133 0.0362028548815 0.012553525281 0.0155306685418 0.0336468059081 0.014971979407 0.0270948133478 0.028974151263 0.0191294947913 0.223134935838 0.0151211346148 -0.000155295254988 0.0240343627474 0.0225837336626 0.0194369394062 0.0098689634016 0.0137494594793 0.0138090124005 0.0275009528538 0.0113810562936 0.016580655637 0.0169528293475 0.0244874193311 0.0277807648887 0.0282231287607 0.0079181085822 0.0268142077463 0.00577461058945 0.0173962581006 0.0183843026956 0.024179016124 0.0239007535316 0.011521713912 0.0112339944117 0.0277519308779 0.0166340762819 0.00747946760562 0.0086308993296 0.0179401464144 0.00481451209062 0.00827964054406 0.026378833766 0.0375493686706 0.0128411024831 
0.0177549853519 0.00523378781418 0.0774313771419 0.019167511596 0.00956390804687 0.0163104698198 0.00476008736596 0.0101170988065 0.0209156836945 0.0192925046573 0.0147415657678 0.0301127450944 0.0245599868077 0.00901245504919 0.0101021462526 0.0218029226464 0.000786396302748 0.0411500441112 0.0219456200369 0.0126787379612 0.0367605806434 0.049481257095 0.0135243166015 0.0204052761182 0.0149010474571 0.0151211346148 0.380678689311 0.0296517857401 0.0227723355018 0.0176693899448 0.00533550626743 0.00986254548692 0.0249673638042 0.0126701597998 -0.00754122562044 0.0387430041928 0.0381436843502 0.00829325409103 0.0141162287039 0.0324310420168 0.0184967249109 0.0153927697395 0.0155915982862 0.0276682878447 0.0178974175465 0.0106114361971 0.020367117198 0.0347598679886 0.00747237589308 -4.96953194203e-05 0.0364216944019 0.0339290509615 0.023822027332 0.0280450705764 -0.0109487893241 -0.000292116318299 -0.000204746840978 0.000330627215909 0.0393994252506 0.0210592519287 
0.0121416586809 -0.00436985778738 0.0326243773038 0.0324696565271 -0.00924312427179 0.0104006201846 0.0145662281919 0.0214894557541 0.00794013689871 0.0150269612248 0.0187954104497 0.0383083919596 0.000799072003634 0.00649991372544 0.00954396794208 0.0256282952583 0.0026016323599 0.0641046633726 0.00968618537107 0.0293470323044 0.0102045875276 0.0161098956676 0.0123756439844 0.0395142152958 0.0103075987077 -0.000155295254988 0.0296517857401 0.372985038523 0.0119131976285 0.0084442958595 0.0203550531918 0.00922443394658 0.0107782209495 0.00588788857433 0.00642156597193 0.0426655435964 0.00798338977265 0.00445819623319 0.0100146003661 0.0502454351172 0.021235892451 0.0101469462551 0.0166248887499 0.0213533200326 0.0104952918923 0.00312151396958 0.00849470610782 -0.00154051969422 0.0123523353585 0.00494920243935 0.0265112659638 0.0116769386694 0.00694306416897 0.0188985021908 0.00264953863085 0.00413773651406 0.00314460301555 0.0145410367357 0.0136163208407 -0.00209000851223 
0.0126038589286 0.00452178084495 0.00665396702517 0.0272631339113 0.0313769513639 0.0107396617647 0.00816833181281 -0.00334224935105 0.0246819634016 0.0140097957957 0.030507825047 0.0145168883876 0.0280130978076 0.0292362368384 0.00640389257081 0.00389786673285 0.0142361254716 0.0309919545505 0.026778742083 0.0128209409112 0.0387785758436 0.0369138487916 0.0180522988429 0.0208623221461 0.00536534010666 0.0240343627474 0.0227723355018 0.0119131976285 0.206964242978 0.011362590423 0.00194661009502 0.0280316360934 0.00566773727941 0.018058613865 0.0279858151928 0.00253493537339 0.0348290017748 0.0126617707705 0.00876514349245 0.0268684017552 0.0202266035558 0.0222350886994 0.0304635720627 0.0258980200055 0.0138465077359 0.000779260008024 0.00410021015865 0.000529375386281 0.0139731598979 0.0190105410118 0.0607488632037 0.00868216475369 0.0274776303981 0.00403493482893 0.00838449077399 -0.00835751267364 -0.000232099544271 0.00363455651575 0.04482004977 0.0194426705992 
0.011921249185 0.0119056108716 0.0182422649341 0.00129524597652 0.014949464719 0.0282879632392 0.00952657026465 0.00880299763348 0.0219184144201 0.0168935129942 -0.0127182373007 0.023094981921 0.0185536482248 0.0147701978412 0.0252982284459 -0.00436585560846 0.0180053189673 0.0123649695554 0.0120023638947 0.00766808647084 0.0175758508495 -0.00351150270473 0.0114716698785 0.00488493811614 0.0436582654992 0.0225837336626 0.0176693899448 0.0084442958595 0.011362590423 0.118465686942 0.0442524668604 0.00681357436393 0.0170825953305 0.0134671411431 0.00187078581321 0.00722264761648 0.0275068603204 0.0090241219299 0.0388726441321 0.0134791086864 0.0309898435546 0.0110190003479 0.00886269540281 0.0123315973654 0.0272990906448 0.0262603654851 0.0036330847134 0.0255968802557 0.0139868738177 0.0181877466133 0.0182772802396 0.0185450167023 0.0144158393631 0.0240326974438 0.0106388610969 -0.00299277887416 0.0105963659366 0.0156889719476 0.0215271088742 0.0178345445234 
0.0174902994027 0.0123715607363 0.00915200918371 0.0209061129477 0.0108777797706 0.0216797350405 0.00769390255097 -0.00703612061275 0.0145545657865 0.0239945578966 -0.00627086531641 0.0196209777739 0.0140101905946 0.0102023396812 0.038923618812 0.00779383023654 0.0110608231849 0.0146477340342 0.0105907842821 0.00906604746907 0.0200772518613 -0.00600916025745 0.0133701258894 0.0122537995461 0.0547627572994 0.0194369394062 0.00533550626743 0.0203550531918 0.00194661009502 0.0442524668604 0.152835134748 0.00845727940286 0.0143722145026 0.00696840102234 0.0109754648547 -0.00113489295019 0.0218428822116 0.0124323862174 0.034013614814 0.0209955287495 0.021569028893 0.00685451500916 -0.00364274386862 0.00931503513522 0.038941729764 0.0120883156866 0.0068459224983 0.02610173215 0.00922017002872 0.00648484126774 0.00375352606349 0.00738740901199 0.0240100659787 0.0190311472372 0.00505924691696 -0.00131126805757 0.0095910981769 0.0156817602452 0.0129385699765 0.0146160137909 
-0.00299511867856 0.00335248938738 0.0133418086171 0.00438214371331 0.00715589079667 0.0144077269601 0.00588428634979 0.0184062012529 0.000475682011577 0.0185458259317 0.0297671321961 0.0416521935055 0.00512823059511 -0.00559086640105 0.0127138369167 0.00578138672577 -0.00363026495955 0.0305383043884 0.0149291145924 0.00852635283833 0.0108570347357 0.0202745627372 0.0025191058215 0.00374457521128 0.024363744329 0.0098689634016 0.00986254548692 0.00922443394658 0.0280316360934 0.00681357436393 0.00845727940286 0.255529256389 0.0191295584712 0.00528740599643 0.0251774010465 0.00748260264006 0.0188909529204 0.000166795699819 0.0217051035495 0.0254659862898 0.0188143598949 0.0268729096776 0.00798784700917 0.0141710388821 0.0149907383409 0.0113173625721 0.000728453406134 0.0214305212454 0.0106041372717 0.000686971140588 0.0289068592053 0.022851835221 0.00861399968242 0.0118921903056 0.00139039834963 -0.00761399258597 0.00455595553106 -0.00234184497651 0.0255619298912 0.0182889451035 
0.00137892979673 0.0282276300434 0.0296394873581 0.00640186103257 0.0141895474692 0.00838183440448 0.00220096399513 0.0160661973282 0.0179940602236 0.0209564982519 0.0282157605197 0.025691123252 0.0241358287212 0.0154191163573 0.00363914466518 0.00567223488792 0.00211902964688 0.0425505437767 0.0253710691089 0.000900722854846 0.0307835641377 0.0268091471511 0.0268789332753 0.011290279727 0.0100653238902 0.0137494594793 0.0249673638042 0.0107782209495 0.00566773727941 0.0170825953305 0.0143722145026 0.0191295584712 0.21382913647 0.00241496122356 0.0100261020076 0.027930536944 0.00936570028019 0.0072822491381 0.0144012498722 0.0150501854676 0.00827855776107 0.0134341590284 0.0156018161216 0.020195191531 0.0239693124337 -0.00424782400691 0.0143068080549 -0.0127758102038 0.00489717487921 0.00664002942918 0.0262270352572 0.0215227949723 0.0165528049211 0.0163415513497 0.00343096534158 0.00114211410822 0.00570608376042 0.00366063462439 0.0386268079443 0.0486875743893 
0.0128321064921 0.00690688646467 0.0142470399622 0.0265277967883 -0.0119439460395 0.0192075570425 0.0129734990952 0.0275799966025 0.0213634165975 0.00726462216731 0.0105867543661 0.0423676322103 0.0187202870076 0.0211191137609 0.0120142090346 0.00596209263742 0.00359577258064 0.0163810174378 0.0199554147998 0.0259156840628 0.0249458772058 0.0405950180875 0.0287989609879 0.0219927537897 0.0114758878909 0.0138090124005 0.0126701597998 0.00588788857433 0.018058613865 0.0134671411431 0.00696840102234 0.00528740599643 0.00241496122356 0.194780637181 0.0190823361735 0.0111450780531 0.0174736235015 0.01530524317 0.0178029938148 0.0216125377954 0.0289649285945 0.0103931387156 0.00599240472988 -0.00321223624339 0.0180077026521 0.0132885094849 0.016986702781 0.00168580875489 0.0132614832092 0.00550286788388 0.0390714591525 0.0257536577001 0.0168728842479 0.00446616008266 0.0211109694634 0.0102690056513 -0.00204709106367 0.00261340180405 0.0295427383495 0.00645918210433 
0.0248374877901 0.0051986302752 0.0314386544551 0.0347026568251 0.00346336237046 -0.00525024632514 0.0237775042477 0.0191853626097 0.0326671732211 0.028106042077 0.0274397923779 0.0209925375781 0.0185963480351 0.0315505338866 0.017415670542 0.0122749952159 0.0139182760643 0.0351868462118 0.00962449414324 0.0211001629483 0.0229324206805 0.0341728692693 0.0343129509023 0.0311924537105 0.0124320679083 0.0275009528538 -0.00754122562044 0.00642156597193 0.0279858151928 0.00187078581321 0.0109754648547 0.0251774010465 0.0100261020076 0.0190823361735 0.32898116629 0.0116278890177 0.0212125477727 0.00228292647782 0.0171264068314 0.0190198784566 0.0191069328817 -0.00759435221001 0.0411278011419 0.0120698820548 0.0219250049893 0.0147321071494 0.0200256563721 0.00600554673365 0.0224184230193 0.0108866782608 0.0351468688889 0.0172479351115 0.0186424032815 0.00209639295035 0.000449805246489 0.01431241068 0.0136408668194 0.00807679989825 0.036499816326 0.0164375363407 
0.0176666698011 0.00617447517385 0.0293414330369 0.0461150035006 0.015887845882 0.022763155411 0.00776287380934 0.0336483562804 0.0158447184012 0.0305688998692 0.0273824489028 0.0270768984062 0.0150487408497 0.00901428316555 0.0223386270018 0.0108495638563 0.0151088617605 0.041590745458 0.00988918995495 0.02850167365 0.00448671710892 0.060060489654 0.0073078373191 0.0196635601437 0.0170086439546 0.0113810562936 0.0387430041928 0.0426655435964 0.00253493537339 0.00722264761648 -0.00113489295019 0.00748260264006 0.027930536944 0.0111450780531 0.0116278890177 0.564797541011 0.0318467252056 0.0208642104092 0.0132242200461 0.0310547735627 0.0179211229042 0.0304695983762 0.0114393066366 0.00638708443957 0.0147276500613 0.0105808541908 0.00145777197333 0.0239549771444 0.0145487026495 0.00830969557965 0.00334851502661 0.0250349246344 0.056955077436 0.0149703181443 0.0161403715481 -0.00919458396469 0.0111812110913 0.00420272589406 -0.00306966118306 0.020496783924 
0.00970315871402 0.0173441952422 0.00913503232133 0.0246531670937 0.0342348947189 0.0230499014022 0.00180540877166 0.00754482582532 0.00951324176116 0.0226686667519 0.0275944715339 0.00173853609317 0.0167738423926 -0.0127133854002 0.0309288047373 0.0137598890037 0.0179921294846 0.031686747806 0.0171300245991 0.0189436726368 0.00953368511855 0.0266406858516 0.0136516273152 -0.00303656117897 0.00994111613197 0.016580655637 0.0381436843502 0.00798338977265 0.0348290017748 0.0275068603204 0.0218428822116 0.0188909529204 0.00936570028019 0.0174736235015 0.0212125477727 0.0318467252056 0.477576082796 0.0142338212826 0.00906107334675 0.00511747007667 0.048367770873 -0.0238024785084 0.0130741345461 0.0703029278661 0.0397006814304 -0.00209762148202 0.0114632775891 0.0107208228041 0.00553017087871 0.00987709328159 0.0704151878376 0.0475281669573 0.0124965977064 0.0165306399427 0.00301466221666 0.00790426028992 0.0149383296869 0.0169880069408 0.0469372190167 0.0255545094286 
0.0128224137966 0.0124444213975 0.0198267987468 0.0272711511266 -0.00370228088535 0.0318825879508 0.00155471942759 0.00557202162047 0.0159978623003 0.012417606717 0.0253812715873 0.0218816516986 0.0183816577511 0.0164385574802 0.0175952714195 0.0207743645164 0.0135935089953 0.00919502420719 0.0106628451212 0.00582583522457 0.0263065708197 -0.00136648454247 0.0143693509807 0.0098053389811 0.0238565664926 0.0169528293475 0.00829325409103 0.00445819623319 0.0126617707705 0.0090241219299 0.0124323862174 0.000166795699819 0.0072822491381 0.01530524317 0.00228292647782 0.0208642104092 0.0142338212826 0.15719421196 0.0231909005172 0.00885021875983 0.00474603475567 0.00694409074285 0.00369394538933 0.0184318931367 0.0106292901143 0.0191910784798 0.0197926979326 0.0200253596219 0.0108044283936 0.00087666377544 0.016677309451 0.00795540936301 0.00458180213277 0.0077227226607 0.00933885232325 -0.00678433130607 0.00643521911873 0.0119611487638 0.00261825484333 0.0114760886057 
0.0104412751942 0.00621445118781 0.0169637581176 0.0171773029963 0.025559313068 0.0203927049116 0.00739672102018 -0.00132055636528 0.00746761931899 0.0283482696968 -0.00300205547617 0.0223105863983 0.0167862865159 0.00245561772988 0.0170857895571 0.0149009707156 0.00646200148007 0.018493024806 0.00397339227886 0.00447349270948 0.0118423390897 -0.00110764147212 0.0129932126214 -0.00625003067937 0.0409123000038 0.0244874193311 0.0141162287039 0.0100146003661 0.00876514349245 0.0388726441321 0.034013614814 0.0217051035495 0.0144012498722 0.0178029938148 0.0171264068314 0.0132242200461 0.00906107334675 0.0231909005172 0.131181206777 0.0185813106436 0.025541741704 0.0080711155516 0.00364417053142 0.0125507341025 0.010387280517 0.0110374430325 0.00901644070388 0.0104738655398 0.00887008572005 0.00186466434304 0.0208506354042 0.0142831084619 0.0135355075662 0.0131905442783 0.0055599796712 0.00677447437179 0.0150024619379 0.0107799477458 0.0156209988495 0.0109475832389 
