30
0.0484031048171 0.0362094771936 0.104903250727 0.0726136826411 0.0646745186267 0.0316848802341 0.0352458247454 0.0752984700253 0.0149217979249 0.0191748751409 0.0359279599811 0.0220203869342 0.0240188564254 0.0884893451388 0.0341115490789 0.0314514366364 0.0298565853869 0.118355026327 0.022286409141 0.0314738433907 0.0414012394119 0.0340091550877 0.0220926651793 0.0446705301477 0.149246593495 0.0466468708745 0.0570579479668 0.0764707668379 0.266244884644 0.0273717205438 
0.266273335023 0.0285892765118 0.0441706771571 0.0397206577439 0.0189442967945 0.0293417553795 0.029754751829 0.0365645837865 0.0273932321018 0.0169847465677 0.0260762716688 0.0343586046087 0.0356101828284 0.0184689053379 0.0203276073993 0.0129370768358 0.00900122286527 0.0198598992647 -0.00626000440874 0.011274861382 0.0272088117931 0.0234154160205 0.0068509424182 0.0315615704176 0.0537839685509 0.00966849613705 0.00877386989097 0.0280750994195 0.0112952899276 0.0205957409858 
0.0285892765118 0.251703743752 0.0354547510661 0.0284906078539 0.0137341546865 0.0186586009045 0.0210586169817 0.045916435341 0.0449021253761 0.022032153502 0.00714077106669 0.0282375232364 0.0239832351586 0.00918718910979 0.0033837226204 0.038618390906 0.0376359017903 0.0216438526494 -0.00159003665369 0.0207305033196 0.0229654564891 0.032624887998 0.00352821724224 0.0319125482975 0.00561447890535 0.00597740242911 0.0296982428019 0.0430421244795 0.0159241068384 0.0152075092825 
0.0441706771571 0.0354547510661 0.47902134291 0.0480803195721 0.0184266096307 0.0245297695897 0.0194016644472 0.0415356203367 0.0486993744354 0.0262601014531 0.023478161532 0.0270998366275 0.045960178817 0.0369015650997 0.011645267986 0.0339133271746 0.0260687380366 0.0108210509776 0.00452205390751 0.00709095431713 0.0318111684506 0.0165290178992 0.02045953224 0.0212373100352 0.0472778944266 0.00217168647628 0.0280298898879 0.0463512781591 0.0177535232409 0.0280886208152 
0.0397206577439 0.0284906078539 0.0480803195721 0.295702433212 0.029621590566 0.0289699623357 0.019066129817 0.0320344352676 0.0276358183456 0.0231993286053 0.0273694664957 0.0256888702135 0.0421237904952 0.0309710348431 0.0135787852007 0.0283476117552 0.0202905527504 0.0208806488438 0.00947387975125 0.0146422038653 0.0187135091938 0.0201539207504 0.0190725061079 0.0313082796928 0.0516261441957 0.0181762673604 0.0201344731508 0.0387702454863 0.102317332193 0.0280312612485 
0.0189442967945 0.0137341546865 0.0184266096307 0.029621590566 0.51571537758 0.00999957730006 -0.0167839070384 0.000627090515096 0.0349345341061 -0.00292216446956 -0.0186937039373 0.0183810364819 0.010702892426 0.0129843511833 0.0257855029154 0.0538339920862 0.0302348949824 0.0133391558784 0.00477761403405 0.0386016072253 0.0209345537151 0.0139040528962 0.0128170364196 -0.00147926791009 0.0404589527772 0.0144183096175 0.00993775392061 0.0215368849072 -0.00739765773999 0.00943154524719 
0.0293417553795 0.0186586009045 0.0245297695897 0.0289699623357 0.00999957730006 0.170852584729 0.0138749386887 0.0249102383494 0.0106776489598 0.0303584921369 0.0165184575623 0.0252785751984 0.017135475004 0.0127724248255 0.0156874924484 0.026288872921 0.029984333205 0.0126028814569 0.0106107384543 0.00744599671457 0.0139425424538 0.0125939083515 0.0176453279464 0.0244262286543 0.0199460083415 0.012896510267 0.0306895516307 0.0475257713778 0.0135572516267 0.0166941232988 
0.029754751829 0.0210586169817 0.0194016644472 0.019066129817 -0.0167839070384 0.0138749386887 0.217660081822 0.0270207213883 0.0291466907912 0.0217727956569 0.00487956363486 0.0231128375397 0.0113728138995 0.01843401432 0.0163900051711 0.0214069526269 0.015528489191 0.0178627308431 0.00963375593552 0.0172189744519 0.0170370555416 0.0247407654698 0.0122369284618 0.0337331592236 0.0156700887409 0.0117142155672 0.00548224396612 0.0283650164432 0.0190831861799 0.0114322991175 
0.0365645837865 0.045916435341 0.0415356203367 0.0320344352676 0.000627090515096 0.0249102383494 0.0270207213883 0.492147271537 0.027053746326 0.0297697333206 0.0257806123929 0.0356136774159 0.0309645132526 0.00518008309901 -0.0024137655286 0.0162332896059 0.032123895515 0.0350817864626 0.00521250914785 0.0292059171907 0.00308086913713 -0.00271322481606 0.0285485796449 0.0363593444977 0.0238217668134 0.0110194037816 0.00730198939403 0.0621573687124 0.00207492425426 0.0178294171712 
0.0273932321017 0.0449021253761 0.0486993744354 0.0276358183456 0.0349345341061 0.0106776489598 0.0291466907912 0.027053746326 0.320722268626 0.00334917535265 0.00380006231614 0.0167678960105 0.022583710911 0.0385231294347 0.016113941558 0.0197919686471 0.0127189998236 0.0349222121569 0.0110967312774 0.0415392446702 0.0121894903004 0.0105621092434 0.000201888738348 0.0584521563586 0.0212946426856 0.0261699403925 0.0174073965775 0.0297483828248 0.012612738611 0.0308016712012 
0.0169847465677 0.022032153502 0.0262601014531 0.0231993286053 -0.00292216446956 0.0303584921369 0.0217727956569 0.0297697333206 0.00334917535264 0.1815034943 0.0176484907465 0.0401487172743 0.0135846788214 0.0176892555238 0.00853754339047 0.0343676231115 0.0343658574586 0.00212342647179 0.0118911256727 0.00396748388343 0.0107748672787 0.0271551374463 0.0118269139711 0.0193591260167 0.0144801768698 0.0171672929218 0.0153386502229 0.00979594431106 0.00941707050846 0.0204331780924 
0.0260762716688 0.00714077106669 0.023478161532 0.0273694664957 -0.0186937039373 0.0165184575623 0.00487956363486 0.0257806123929 0.00380006231614 0.0176484907465 0.229148979564 0.0172275790079 0.00641364566362 0.0135441241968 -0.00178824457754 0.00882685529853 0.00803685730656 -0.00159032936997 -0.00219201625273 0.0109879837233 0.0154016925687 0.00998478411054 0.0189152547122 0.0162893381272 0.0274574068574 0.011442132609 0.0189077535725 0.0243683344587 0.0715977833893 0.0194876768071 
0.0343586046087 0.0282375232364 0.0270998366275 0.0256888702135 0.0183810364819 0.0252785751984 0.0231128375397 0.0356136774159 0.0167678960105 0.0401487172743 0.0172275790079 0.22844645546 0.0341046599466 0.0325359444647 0.021702345675 0.0295147887778 0.0198614433584 0.0328692257851 0.0108334372222 0.0182685689558 0.0162486349392 0.0216433790758 -0.0112669452713 0.0243147791336 0.0151422815529 0.0122981397282 0.0285222240398 0.0166092365472 0.0271215624096 0.0165726510527 
0.0356101828284 0.0239832351586 0.045960178817 0.0421237904952 0.010702892426 0.017135475004 0.0113728138995 0.0309645132526 0.022583710911 0.0135846788214 0.00641364566362 0.0341046599466 0.197620995207 0.0255615742937 0.0012993469551 0.0263358646592 0.0244133556244 0.0284414408126 0.00770516111783 0.000706315888232 0.0209015210558 0.014109785199 0.0111779502751 0.0173269401749 0.0117477648159 0.0021213333941 0.031723109007 0.0327171271156 0.0147520233274 0.0159142980863 
0.0184689053379 0.00918718910979 0.0369015650997 0.0309710348431 0.0129843511833 0.0127724248255 0.01843401432 0.00518008309901 0.0385231294347 0.0176892555238 0.0135441241968 0.0325359444647 0.0255615742937 0.475014703423 0.0217115034098 0.0128846005834 0.000290349742493 0.0185755592979 -0.004631631235 0.0105749402759 0.0426157260019 0.0165388234502 0.00552151790356 0.03176412838 0.0137456037501 1.65442005706e-05 0.0192824008578 0.0250467718455 0.1243635348 0.0269627877796 
0.0203276073993 0.0033837226204 0.011645267986 0.0135787852007 0.0257855029154 0.0156874924484 0.0163900051711 -0.0024137655286 0.016113941558 0.00853754339046 -0.00178824457754 0.021702345675 0.0012993469551 0.0217115034098 0.227632662192 0.0072932354407 0.00474171054486 0.0313012615187 0.0103690310653 0.0143426923645 0.00246884467086 0.0168031134617 0.0068449372562 0.00992583221433 0.0149516656934 0.028358080272 0.0174670296322 0.0264015092222 -0.00116878617158 -0.000236922574168 
0.0129370768358 0.038618390906 0.0339133271746 0.0283476117552 0.0538339920862 0.026288872921 0.0214069526269 0.0162332896059 0.0197919686471 0.0343676231115 0.00882685529853 0.0295147887778 0.0263358646592 0.0128846005834 0.0072932354407 0.178001492439 0.0532937486552 0.0236484888967 -0.00143610390541 0.0181538703455 0.0228603808484 0.0465338399631 0.0223684809842 0.0235847581612 0.00794723320319 0.0215151416997 0.00845838613179 0.0332287299846 0.0443578415805 0.007496899305 
0.00900122286527 0.0376359017903 0.0260687380366 0.0202905527504 0.0302348949824 0.029984333205 0.015528489191 0.032123895515 0.0127189998236 0.0343658574586 0.00803685730656 0.0198614433584 0.0244133556244 0.000290349742493 0.00474171054486 0.0532937486552 0.138376462233 0.0120266336148 0.0101605165884 0.0246118615825 0.014345321828 0.0341122039313 0.00916813142844 0.0188726793786 0.00889530724829 0.0176510842632 0.0147625683847 0.0184066343188 0.0127881460339 0.0220451426087 
0.0198598992647 0.0216438526494 0.0108210509776 0.0208806488438 0.0133391558784 0.0126028814569 0.0178627308431 0.0350817864626 0.0349222121569 0.00212342647179 -0.00159032936997 0.0328692257851 0.0284414408126 0.0185755592979 0.0313012615187 0.0236484888967 0.0120266336148 0.578605155022 0.0220180159153 0.0241044352364 0.0114682382945 0.0221258666879 0.00946896463453 0.0250634781225 0.0153844373164 0.0224821507585 0.0184700844745 0.0555789386918 -0.000762078998437 0.0114610678346 
-0.00626000440873 -0.0015900366537 0.00452205390752 0.00947387975125 0.00477761403405 0.0106107384543 0.00963375593552 0.00521250914785 0.0110967312774 0.0118911256727 -0.00219201625273 0.0108334372222 0.00770516111783 -0.004631631235 0.0103690310653 -0.00143610390541 0.0101605165884 0.0220180159153 0.246511167868 0.00225874608439 0.00224540504891 0.00862319731069 -0.00355507447093 0.00418686699288 0.0157422731777 0.0418680243139 0.00156940078989 0.0295590214936 0.0025857872948 0.0093093606274 
0.011274861382 0.0207305033196 0.00709095431713 0.0146422038653 0.0386016072253 0.00744599671457 0.0172189744519 0.0292059171907 0.0415392446702 0.00396748388343 0.0109879837233 0.0182685689558 0.000706315888231 0.0105749402759 0.0143426923645 0.0181538703455 0.0246118615825 0.0241044352364 0.00225874608438 0.290942553771 0.0191714356281 0.0206893307536 0.00433029055666 0.020887187045 0.0105079940882 0.00474058519437 0.0131106564916 0.0286920335457 0.00953186396025 0.0176745854591 
0.0272088117931 0.0229654564891 0.0318111684506 0.0187135091938 0.0209345537151 0.0139425424538 0.0170370555416 0.00308086913713 0.0121894903004 0.0107748672787 0.0154016925687 0.0162486349392 0.0209015210558 0.0426157260019 0.00246884467086 0.0228603808484 0.014345321828 0.0114682382945 0.00224540504891 0.0191714356281 0.245149751938 0.0195344600672 0.0157335983944 0.00745256640922 0.019807833158 -0.00875676170563 0.0213905616121 0.0249121634076 1.90267428592e-05 0.0199735061496 
0.0234154160205 0.032624887998 0.0165290178992 0.0201539207504 0.0139040528962 0.0125939083515 0.0247407654698 -0.00271322481606 0.0105621092434 0.0271551374463 0.00998478411054 0.0216433790758 0.014109785199 0.0165388234502 0.0168031134617 0.0465338399631 0.0341122039313 0.0221258666879 0.00862319731069 0.0206893307536 0.0195344600672 0.211958714552 0.0138504987623 0.0119433439966 -0.000977689022702 0.0141205628743 0.0202372651596 0.0336213896242 0.0136890829834 0.00538892477917 
0.0068509424182 0.00352821724224 0.02045953224 0.0190725061079 0.0128170364196 0.0176453279464 0.0122369284618 0.0285485796449 0.000201888738348 0.0118269139711 0.0189152547122 -0.0112669452713 0.0111779502751 0.00552151790356 0.0068449372562 0.0223684809842 0.00916813142845 0.00946896463453 -0.00355507447093 0.00433029055666 0.0157335983944 0.0138504987623 0.236268575006 0.00620063116292 0.0405018815111 0.0435116523861 0.0131591576439 0.00977534333102 -0.00544188801475 0.0162563056685 
0.0315615704176 0.0319125482975 0.0212373100352 0.0313082796928 -0.00147926791009 0.0244262286543 0.0337331592236 0.0363593444977 0.0584521563586 0.0193591260167 0.0162893381272 0.0243147791336 0.0173269401749 0.03176412838 0.00992583221433 0.0235847581612 0.0188726793786 0.0250634781225 0.00418686699288 0.020887187045 0.00745256640922 0.0119433439966 0.00620063116292 0.32886009199 0.0238261639252 0.0163653686046 0.0157317396764 0.0200766131115 0.0762434779264 0.0287363163121 
0.0537839685509 0.00561447890535 0.0472778944266 0.0516261441957 0.0404589527772 0.0199460083415 0.0156700887409 0.0238217668134 0.0212946426856 0.0144801768698 0.0274574068574 0.0151422815529 0.0117477648159 0.0137456037501 0.0149516656934 0.00794723320319 0.00889530724829 0.0153844373164 0.0157422731777 0.0105079940882 0.019807833158 -0.000977689022703 0.0405018815111 0.0238261639252 0.592688666551 0.0717410525474 0.032197127243 0.0133708822716 -0.00202421814331 0.0407967539413 
0.00966849613705 0.00597740242911 0.00217168647628 0.0181762673604 0.0144183096175 0.012896510267 0.0117142155672 0.0110194037816 0.0261699403925 0.0171672929218 0.011442132609 0.0122981397282 0.0021213333941 1.65442005703e-05 0.028358080272 0.0215151416997 0.0176510842632 0.0224821507585 0.0418680243139 0.00474058519437 -0.00875676170563 0.0141205628743 0.0435116523861 0.0163653686046 0.0717410525474 0.367693498519 0.0095523070088 0.0115348422887 -0.00551762194921 0.013870639297 
0.00877386989097 0.0296982428019 0.0280298898879 0.0201344731508 0.00993775392061 0.0306895516307 0.00548224396612 0.00730198939403 0.0174073965775 0.0153386502229 0.0189077535725 0.0285222240398 0.031723109007 0.0192824008578 0.0174670296322 0.00845838613179 0.0147625683847 0.0184700844745 0.00156940078989 0.0131106564915 0.0213905616121 0.0202372651596 0.0131591576439 0.0157317396764 0.032197127243 0.0095523070088 0.336318570908 0.01108500091 -0.000524833242223 0.0140973383755 
0.0280750994195 0.0430421244795 0.0463512781591 0.0387702454863 0.0215368849072 0.0475257713778 0.0283650164432 0.0621573687124 0.0297483828248 0.00979594431106 0.0243683344587 0.0166092365472 0.0327171271156 0.0250467718455 0.0264015092222 0.0332287299846 0.0184066343188 0.0555789386918 0.0295590214936 0.0286920335457 0.0249121634076 0.0336213896242 0.00977534333102 0.0200766131115 0.0133708822716 0.0115348422887 0.01108500091 0.467202728562 0.0204301091919 0.0226815287358 
0.0112952899276 0.0159241068384 0.0177535232409 0.102317332193 -0.00739765773999 0.0135572516267 0.0190831861799 0.00207492425426 0.012612738611 0.00941707050846 0.0715977833893 0.0271215624096 0.0147520233274 0.1243635348 -0.00116878617158 0.0443578415805 0.0127881460339 -0.000762078998437 0.0025857872948 0.00953186396025 1.90267428593e-05 0.0136890829834 -0.00544188801475 0.0762434779264 -0.00202421814331 -0.00551762194921 -0.000524833242223 0.0204301091919 2.26942508138 0.0185964235235 
0.0205957409858 0.0152075092825 0.0280886208152 0.0280312612485 0.00943154524719 0.0166941232988 0.0114322991175 0.0178294171712 0.0308016712012 0.0204331780924 0.0194876768071 0.0165726510527 0.0159142980863 0.0269627877796 -0.000236922574167 0.007496899305 0.0220451426087 0.0114610678346 0.0093093606274 0.0176745854591 0.0199735061496 0.00538892477917 0.0162563056685 0.0287363163121 0.0407967539413 0.013870639297 0.0140973383755 0.0226815287358 0.0185964235235 0.24048532703 

['IP', 'BK', 'MON', 'CAT', 'SNA', 'PFG', 'FII', 'STJ', 'DELL', 'AFL', 'GD', 'MTG', 'PPG', 'BMC', 'CTL', 'WB', 'BAC', 'DDS', 'NKE', 'MMC', 'EOP', 'ZION', 'CMS', 'AMAT', 'EOG', 'CEG', 'BF.B', 'COH', 'TLAB', 'TYC']