50
0.0832698050771 0.0704019073317 0.0256345374975 0.128413882411 0.0352458247454 0.0631330997176 0.118814959333 0.0395396308246 0.0340091550877 0.0255776045185 0.133882810383 0.133327922328 0.0214039426083 0.0610020106181 0.0535662105727 0.043075945187 0.044891801276 0.0800378705657 0.0272696759741 0.067654701563 0.101481112582 0.0180781461794 0.0380825412642 0.251790956204 0.0594687244428 0.045759308444 0.039970875035 0.0884893451388 0.0262343191133 0.0820701074714 0.0271794955288 0.0373994541978 0.041097516798 0.0441448787565 0.0341115490789 0.0426672552596 0.0357981155146 0.02473804396 0.0254946283421 0.0612619406497 0.0168064994581 0.0448250845436 0.0512444991133 0.0375994121509 0.0260517267587 0.0054327763703 0.0285995604788 0.0765601453803 0.0896788789081 0.0215013837744 
0.36557921606 0.0420616900154 0.00325835896708 0.148389469743 0.0128364710684 0.0148078403997 0.0158113050415 -0.00822170830367 -0.00672637697354 -0.00172577964997 0.108052643419 0.0105469346144 0.0319265995032 0.0180277687489 0.0154318167004 0.00687162549823 0.0278102373471 0.0148088297536 0.0184503549705 0.0158605153118 0.0287131576437 0.0107382632488 0.00602802075225 0.0383468045264 -0.00251567393747 0.0886921930374 0.0102491153309 0.0102660724845 -0.00526295386095 0.00137297574155 0.00991868278422 0.00128307665197 0.0275120212221 0.0140562146527 0.00991455945875 0.00651722831966 0.00320143536023 0.0141853327203 0.0228285868117 0.0166518254663 0.00332048638596 -0.00126983619188 0.0370041390075 0.00841509018993 0.0230377207571 0.00119342999231 -0.00713550422567 0.0229502133082 0.00429470054252 0.00684113866021 
0.0420616900154 0.274229779813 -0.00245962048924 0.0342818250303 0.044328896637 0.0409198395484 0.0481022749988 0.0238833881274 0.024018681245 0.0227792202325 0.0310368855713 0.00685798599443 0.0332876246552 0.00786840483303 0.0305258309334 0.0284469149123 0.0201728298189 0.0356397793647 0.0289082851799 0.00861696429564 0.0125158840876 0.0125590702094 0.0318154429225 0.0274919704978 0.0252072545442 0.0318888097938 0.0293376001651 0.0125714457204 0.0275649547271 0.0481169283664 0.0277801942203 0.025077279146 0.0368996411427 0.042034721757 0.014097793524 0.0206364330351 0.0273974990197 0.017220524258 0.0182318444502 0.0217668280633 0.0199692206677 0.0414236751786 0.0293668070879 0.0226330140484 0.0372664681735 0.0203433988629 0.0286207787035 0.0349708220717 0.0258597664852 0.0172954167495 
0.00325835896708 -0.00245962048924 0.176107221249 0.00364687185652 0.00481860169829 0.00968885696173 0.00929844542229 0.0146419836856 0.0142504750292 0.00998141936418 0.00365340272391 0.0228817282607 -0.00187804271432 0.0147157515851 0.0132904154523 0.00943713215249 0.0212820162916 0.0165110854628 0.0178811857811 0.011443576642 0.00356605545177 0.0083741470334 0.00914734734903 0.0236652764841 0.00822208388616 0.0147366563749 0.0127949607274 0.0098618259612 0.0176449854833 0.0175577892352 0.0103051555248 0.00902949432781 0.0131472951384 0.0147727833497 0.0152852830067 0.00359761197704 0.0213801867453 0.0155805319971 0.0145495904465 0.00861963881096 0.0189960815132 0.00553742249322 0.00948375160827 0.0264467184461 0.00801122506314 0.0207208649729 0.013888104641 0.0160662718748 0.00160437656017 0.0137584162367 
0.148389469743 0.0342818250303 0.00364687185651 0.427831000151 0.00260104085359 0.0238312055042 0.0191209880053 0.00159378141185 -0.0070077803813 0.0214593341079 0.18383010843 0.0272026703485 0.0328148908745 0.0376661587945 0.0378241765489 0.0310184546766 0.0281041199452 0.0164733818306 0.0213002857306 0.00793468952281 0.0368456657226 0.0110327823705 0.0129763017715 0.101718533389 0.0224189874306 0.0865092136774 0.0128150556583 0.0177342789164 0.00234663324822 0.00572234680539 -0.00122125536103 0.0127445689384 0.0383526502898 0.012459960989 0.0126782589017 0.0269031150505 0.00796661887659 0.0168422827248 0.0219107800789 0.0297314547111 0.00981275397597 0.00221976244097 0.0418148488898 0.014850132831 0.0107403919153 -0.00379004664044 0.0139446629769 0.0578098962511 0.0150810501657 0.02979920909 
0.0128364710684 0.044328896637 0.00481860169829 0.00260104085359 0.20983065089 0.0262994046268 0.00965989797225 0.0108381088362 0.022719737976 0.00771260794949 -0.0025335359959 0.0263328013577 0.0326176054165 0.00475490577624 0.0151712953409 0.0169014370907 0.0154224060553 0.0158169257841 0.014821526452 0.0105235700121 0.0189165664853 0.0126474035548 0.00155436950117 0.0258079170734 0.0164606951234 -0.000345729304676 0.00312693607628 0.0137958460812 0.0143182352377 0.0180631525093 0.00265979157515 0.0224997106322 0.0194203275416 0.0320396958496 0.013803237567 0.015020010973 0.0214894213835 0.00678053504204 0.00286570199326 0.00863357935292 0.00668023672875 0.0144299075989 0.0235622079413 0.00674302139823 0.0171833902117 0.00379280353248 0.0175383510496 0.0107367125246 0.032330421536 0.0068813685319 
0.0148078403997 0.0409198395484 0.00968885696173 0.0238312055042 0.0262994046268 0.459471131905 0.0542484671029 0.0212400447088 -0.0033642594859 -0.010782940094 0.0197563052362 0.037494428337 0.0323667794302 0.0335536647742 0.00899779911732 0.0272145654187 0.0210308520586 0.0407573895604 0.0206264735988 0.0156147241197 0.0330621847804 0.0129711795416 0.0352486240169 0.019211488759 0.0298243436443 0.00372283954789 0.0149315634566 0.0212293594754 0.015603659933 0.0242954426303 0.00746757996785 0.0218544800676 0.0160820986718 0.0105508137589 0.00497187623289 -0.00174427621707 0.00686029130175 -0.00855580176541 -0.000308991921162 0.0218953528221 0.0137985025795 0.0150506051494 0.0325724121286 0.0194101773346 0.00937465879114 0.0135350955493 0.00325899865136 0.0253903659943 0.0907041756685 0.0170928244276 
0.0158113050415 0.0481022749988 0.00929844542229 0.0191209880053 0.00965989797225 0.0542484671029 0.497896359169 0.0333503992949 0.0112652559684 0.0179770322429 0.0238034070595 0.0117507397249 0.0196639013511 0.0332350667153 0.019585938746 0.0096409971342 0.00759705259349 0.0208389520124 0.00785199847855 0.00511479251691 0.0229281557644 -0.000741447254491 0.0303456963569 0.00433391607488 0.02041308244 0.0230898647004 0.0219886445247 0.0109362811572 0.0156472034972 0.0239630082176 0.0301816208047 0.0127792490938 0.0188260831239 0.0270942927728 0.0188976740958 0.0240083670824 0.00148901789962 0.00447124088417 0.0115597910601 0.0337378626584 0.00658597914167 0.0187944897446 0.0239732925395 0.000316164726993 0.00137886921265 0.0119877404409 0.0089120333266 0.0347045352244 0.080181860774 0.0310706692756 
-0.00822170830367 0.0238833881274 0.0146419836856 0.00159378141185 0.0108381088362 0.0212400447088 0.0333503992949 0.293147085906 0.0245068071803 0.0204903501848 0.00712374776255 0.0343976879761 0.0102081358383 0.0172594589408 0.0181273688018 0.0123921999419 0.0264922383033 0.00625481844018 0.00636896653768 -0.00997670653333 0.00583016227661 0.0145555059792 0.00465988776986 0.0491830840483 0.00191801375928 0.00330313305999 0.0205208314115 0.0137454207166 0.0173547517118 0.0201169038019 0.0205085659187 0.0138898141069 0.00910780901585 0.0168328771619 0.00227084574203 0.00873599277195 0.027387182454 0.00209233895067 -0.00152637460952 0.00885947693451 0.0240503543827 0.0301209400715 0.00939153414043 0.0116755914603 0.0202463728497 0.0128683099201 0.0249568369403 0.0168595971861 0.0253058006002 0.0158305529037 
-0.00672637697354 0.024018681245 0.0142504750292 -0.0070077803813 0.022719737976 -0.0033642594859 0.0112652559684 0.0245068071803 0.205800249545 0.00380971747681 0.00294026917587 0.00218172823996 0.0033181230166 0.00180593136931 0.0250417481625 0.0281780366088 0.00958137448322 0.0209800063857 0.0156164772555 0.0126189673571 0.00550110253014 0.013368065293 0.00973776429523 -0.0154381971302 0.00664649089918 0.00920559824671 0.00919989189802 0.0147044851002 0.0354070994209 0.0126962476285 0.0130897363449 0.020029827124 0.0291038992999 0.0446457793039 0.015597886804 0.0273902407741 0.0165326026263 0.021919617069 0.0148088198993 0.0137617510076 0.0167246709205 0.0227334640666 0.0163022113427 0.0150408583229 0.0185778719061 0.00455616110904 0.0164216755185 0.00896891640703 0.0127290060851 0.01876816484 
-0.00172577964996 0.0227792202325 0.00998141936418 0.0214593341079 0.00771260794949 -0.010782940094 0.0179770322429 0.0204903501848 0.00380971747681 0.322132755345 0.00128595451394 -0.000809783122035 0.0119824259753 0.0100549788824 0.0232261387107 0.0117362856514 0.0242363307273 0.00392513464925 0.00213472245694 0.000382536781523 -0.00767382943585 0.00518052198043 0.0154552996134 -0.00967535470018 0.00416253019338 0.00774498270528 0.00789414706134 -0.00103408399654 0.00930022566099 0.00544019535861 -0.00059402255549 -0.00162415699195 0.00275798349838 0.0247217712445 0.0115242090392 0.0253512772471 0.0233727370463 0.0140828796236 0.0114045608507 0.00334766095993 0.00727720417944 0.0142822793991 0.0134628008789 0.00477065283816 0.00998732747225 0.0130273005726 0.0205843364598 0.0251032808594 0.0274126748384 0.013463603211 
0.108052643419 0.0310368855713 0.00365340272391 0.18383010843 -0.0025335359959 0.0197563052362 0.0238034070595 0.00712374776255 0.00294026917587 0.00128595451394 0.452179978141 0.0138816920319 0.0319400987977 0.0134097117163 0.0219732477099 0.041559345959 0.0325203390342 0.0314826036973 0.011459039294 -0.0127544017371 -0.000937291910107 -0.000171565683968 0.00643700591549 0.0361258696766 0.0237969776845 0.0750322441338 0.019291270492 0.0178215145885 -0.000361885120429 0.0296226211118 0.00980254164822 0.0220147008842 0.0326180141098 0.0272652351649 -0.00517104170886 0.0186764533838 0.0136943641729 0.00660487280667 0.0108189520053 0.0519636085824 0.0125108528531 0.00459470025472 0.0298461835671 -0.00223384276967 0.032665392401 0.00516576869258 0.000320808486247 0.0590547310976 0.0188893849825 0.0138618194548 
0.0105469346144 0.00685798599443 0.0228817282607 0.0272026703485 0.0263328013577 0.037494428337 0.0117507397249 0.0343976879761 0.00218172823996 -0.000809783122035 0.0138816920319 0.827406765826 -0.00386428788226 0.0272607295078 0.00655595017227 0.00656984074667 0.021149412912 0.0211515042383 0.009126215668 0.00529499309142 0.0161547768774 0.0119948392546 0.0120696425629 0.000545508932134 0.0305037737547 0.0130382357209 0.0133607210412 0.0379925396863 0.00142754066581 0.00888040903484 0.000900790904156 0.0434954949625 0.00565853394056 -0.000310928279273 0.0188963865248 0.0112510369895 0.0147442690647 0.0163182640305 0.010260687723 0.0300791509001 -0.00277336922388 0.0239189957242 0.00686104562573 0.0169112869439 0.0268389329143 0.0348379314997 0.0243257486646 0.0046512959894 0.0454420644104 0.0138701111752 
0.0319265995032 0.0332876246552 -0.00187804271432 0.0328148908745 0.0326176054165 0.0323667794302 0.0196639013511 0.0102081358383 0.0033181230166 0.0119824259753 0.0319400987977 -0.00386428788226 0.21033761995 0.0302376226189 0.0271879035897 0.0109861182201 0.0307053450566 0.0255333767638 0.0055918358795 0.00573312516274 0.012628769639 0.00535318766183 0.00983212248326 0.0232095957892 0.0339599203028 0.0102009022508 0.0354894228894 0.0352047563929 0.00891456588671 0.0172218790671 0.00573851119028 0.0216251097314 0.0144556888952 0.0247954909368 0.00888548389148 0.0224213329053 0.00712040319907 -0.0018174926701 0.0115186343712 0.0175856690273 0.000371798845949 0.0131722100624 0.0667728704075 0.00897967287882 0.023535357834 0.00467150192802 0.0185178874871 0.0314365373981 0.0381167821106 0.0062985630977 
0.0180277687489 0.00786840483303 0.0147157515851 0.0376661587945 0.00475490577624 0.0335536647742 0.0332350667153 0.0172594589408 0.00180593136931 0.0100549788824 0.0134097117163 0.0272607295078 0.0302376226189 0.41509295817 0.00875080211219 0.0179170534942 0.0150024483861 0.00725333428927 0.0101655869628 0.0055022985725 0.0108099313278 0.00611851816011 0.0198506765972 0.00869422379962 0.0250535286433 0.0128230664472 0.0077265875418 0.0516955056337 0.0154370430808 0.00781310404128 0.0213237565343 0.0252220194483 0.00942871222741 0.00128485952481 0.0287019485151 0.0187913960925 0.013114860432 0.0108230344172 0.000552882647904 0.0356542801104 0.00671149073721 0.013844117544 0.00913427046424 0.00598221368471 0.00351795585095 0.0213969373945 -0.00621456119364 0.0244086895834 0.0613945228566 0.0198247153293 
0.0154318167004 0.0305258309334 0.0132904154523 0.0378241765489 0.0151712953409 0.00899779911732 0.019585938746 0.0181273688018 0.0250417481625 0.0232261387107 0.0219732477099 0.00655595017227 0.0271879035897 0.00875080211219 0.20442310043 0.0193912688472 0.036518793752 0.00836870726637 0.0136159826658 0.0195553399276 0.00336672977874 4.57671210948e-05 0.00911534055889 0.0375340149948 0.00405285755815 0.00882594266959 0.0203524776099 0.0225523602802 0.0232056982479 0.00870554779979 0.0150108570165 0.0243350775004 0.0228034297131 0.0390179099689 0.0131640233966 0.0867809772674 0.0119253919739 0.0266683160868 0.0153702110257 0.0233647363952 0.0109454071821 0.0212776365087 0.00771860712002 0.016022509993 0.0227867044068 0.0200737182853 0.0237164362912 0.0151286239226 0.0248207278477 0.0209852194541 
0.00687162549823 0.0284469149123 0.00943713215249 0.0310184546766 0.0169014370907 0.0272145654187 0.0096409971342 0.0123921999419 0.0281780366088 0.0117362856514 0.041559345959 0.00656984074667 0.0109861182201 0.0179170534942 0.0193912688472 0.204150515395 0.0183717667757 0.0127968704189 0.0167698697999 0.0103395480332 0.00773335324976 0.00812900865074 0.0134566292146 -0.0031053578197 0.0117676576357 0.0120759230596 0.0133130374728 0.0137336655176 0.0392381604695 0.0196072006953 0.0120786581611 0.0114568378429 0.0234962030203 0.0432538713665 0.0156986701684 0.0205865874684 0.0211261296237 0.0171959244961 0.0148926755222 0.0014929997489 0.0215023523628 0.0264964470379 0.00961629163957 0.00472856622011 0.0133700387785 0.00394434406024 0.0274847142322 0.0418092111993 0.0240656681432 0.0166980738975 
0.0278102373471 0.0201728298189 0.0212820162916 0.0281041199452 0.0154224060553 0.0210308520586 0.00759705259349 0.0264922383033 0.00958137448322 0.0242363307273 0.0325203390342 0.021149412912 0.0307053450566 0.0150024483861 0.036518793752 0.0183717667757 0.33379000149 0.0152592116123 0.0154514402413 0.00209765351177 -0.00672825965381 0.00839816320875 0.0147497421282 0.0573367230143 0.0220815271074 0.0287594443161 0.0234709773649 0.0184900412574 0.0145454375823 0.016774213677 0.0178515976908 0.0399390745237 0.0190221558006 0.0271458229512 0.00827738683877 0.0241871696427 0.0189359215139 0.00367589186534 0.00729559343361 0.0109278623491 0.00130971706782 0.0100433035914 0.021973767028 0.0194728549317 0.0161387044754 0.0075862565205 0.0286003943431 0.0321010373592 0.0284884940041 0.0175824758301 
0.0148088297536 0.0356397793647 0.0165110854628 0.0164733818306 0.0158169257841 0.0407573895604 0.0208389520124 0.00625481844018 0.0209800063857 0.00392513464925 0.0314826036973 0.0211515042383 0.0255333767638 0.00725333428927 0.00836870726637 0.0127968704189 0.0152592116123 0.367332458415 0.0210003746909 -0.00246501313159 -0.0091414636126 0.00192269176822 0.0390690572968 0.0164650183003 0.0223093617111 0.00510665753353 0.0318548045406 0.0279472605829 0.0143374246672 0.0155923619409 0.0082769165031 0.00139832845282 0.0176964066971 0.0241598429123 0.0256063202663 0.0184875947559 0.00951125342109 0.00251131732025 0.00677553013673 0.0338056605064 -0.00678746034676 0.0178480928509 0.0437765084546 0.0106951595811 0.029809653078 -0.00183680381049 0.010393074155 0.0434952426507 0.0448432289071 0.0274800545024 
0.0184503549705 0.0289082851799 0.0178811857811 0.0213002857306 0.014821526452 0.0206264735988 0.00785199847855 0.00636896653768 0.0156164772555 0.00213472245694 0.011459039294 0.009126215668 0.0055918358795 0.0101655869628 0.0136159826658 0.0167698697999 0.0154514402413 0.0210003746909 0.144229766612 0.0119615640821 0.0108219329821 0.00957376690882 0.00975320969913 0.0171587056918 0.0187199229636 0.00785118140381 0.0183863660904 0.0066885535629 0.0158587008737 0.0147426300641 0.00421901513275 0.0200370639075 0.00890905132448 0.0220098515998 0.000241411885657 0.0152968555646 0.0156952425101 0.0075667251762 0.0117748831034 0.005349687563 0.0129762210986 0.0118162847482 0.0180890461002 0.0111832954194 0.0277733355735 0.0202623741785 0.0108856891728 0.0258820896296 0.0213567870056 0.0283005844887 
0.0158605153118 0.00861696429563 0.011443576642 0.00793468952281 0.0105235700121 0.0156147241197 0.00511479251691 -0.00997670653333 0.0126189673571 0.000382536781522 -0.0127544017371 0.00529499309142 0.00573312516274 0.0055022985725 0.0195553399276 0.0103395480332 0.00209765351177 -0.00246501313159 0.0119615640821 0.383023752326 -0.0093495508439 0.0106537921261 0.0120641793891 0.0171292584729 0.0174057012051 0.0177398193739 0.00324214596477 0.00950229309801 0.016319166648 0.00466195310939 0.0358496079524 0.011036482427 0.0172471365637 0.0202912259778 0.00601033860697 0.0161593607207 0.01947269095 0.0255804277939 0.0343843870548 0.00964274694525 -0.00554934797467 0.013358060419 0.00312734574656 0.00495409088665 0.00924917235837 0.000637454667961 0.0247950932248 0.00389739028043 0.0119128001111 0.00192221884911 
0.0287131576437 0.0125158840876 0.00356605545177 0.0368456657226 0.0189165664853 0.0330621847804 0.0229281557644 0.00583016227661 0.00550110253014 -0.00767382943585 -0.000937291910106 0.0161547768774 0.012628769639 0.0108099313278 0.00336672977874 0.00773335324976 -0.00672825965381 -0.0091414636126 0.0108219329821 -0.0093495508439 0.918943088027 0.00559231765866 0.00370465137407 0.0743279972233 0.00717342540338 0.00564120924888 0.0028514866307 0.0824206394113 0.00680678170256 -0.000608567270159 0.0113102302824 0.00467731876429 0.0130364293373 0.0184874373139 -0.00411852818229 0.0087228347366 -0.00553099550384 -0.00446490823697 0.00855446841753 0.0132752510482 -0.0136782335951 -0.000930196129202 0.00284404810729 0.0158030690471 0.0108110275719 -0.00535245377295 0.00453514670509 -0.000618703739387 0.0496680406188 0.0214048147942 
0.0107382632488 0.0125590702094 0.0083741470334 0.0110327823705 0.0126474035548 0.0129711795416 -0.000741447254491 0.0145555059792 0.013368065293 0.00518052198043 -0.000171565683968 0.0119948392546 0.00535318766183 0.00611851816011 4.57671210947e-05 0.00812900865074 0.00839816320875 0.00192269176822 0.00957376690882 0.0106537921261 0.00559231765866 0.24998238524 -0.00557687893303 0.0147871785665 0.00694326867152 0.0131075844903 0.0125642779544 0.00275204694857 0.0201330494169 0.0141332007182 0.01766666598 0.00106559802299 0.00176315318842 0.0140330231165 0.00991504219667 -0.000794187375889 0.00954914101534 0.0118744913469 -9.0945782897e-06 0.0104438822119 -0.00146437093308 0.00937391989452 0.0142153548326 0.00966094660741 0.0107933145709 0.00378832389458 0.0067933250983 0.0103802222335 0.0131615021436 0.0109690283972 
0.00602802075225 0.0318154429225 0.00914734734903 0.0129763017715 0.00155436950117 0.0352486240169 0.0303456963569 0.00465988776986 0.00973776429523 0.0154552996134 0.00643700591549 0.0120696425629 0.00983212248326 0.0198506765972 0.00911534055889 0.0134566292146 0.0147497421282 0.0390690572968 0.00975320969913 0.0120641793891 0.00370465137407 -0.00557687893303 0.248892969524 0.0243068252572 0.017201409395 0.00733001254101 0.0148302215541 0.0300934086705 0.0124500427866 0.0141573240508 0.0055431991604 0.00154639448278 0.0204808132974 0.00629785337542 0.0035396486292 0.00583147160689 0.0129265807549 0.00268308969332 -0.00635086988016 0.0248607598091 0.0128704892414 0.00260194488426 0.0174555362582 0.0165800576786 0.0204038525784 0.0116714592816 0.014643567409 0.0222371686761 0.0176301855249 0.0126029792325 
0.0383468045264 0.0274919704978 0.0236652764841 0.101718533389 0.0258079170734 0.019211488759 0.00433391607488 0.0491830840483 -0.0154381971302 -0.00967535470018 0.0361258696766 0.000545508932134 0.0232095957892 0.00869422379962 0.0375340149948 -0.0031053578197 0.0573367230143 0.0164650183003 0.0171587056918 0.0171292584729 0.0743279972233 0.0147871785665 0.0243068252572 2.07320677036 -0.021282608544 0.0293018606612 0.0157290984524 0.000129908364138 -0.00232338426396 0.0287521320605 0.0139790449283 0.0236180333492 -0.0063263445495 -0.00638602411191 0.00183813411448 0.00899898190894 -0.00292989488477 0.0120355445561 0.0315630529876 0.0128944669357 0.0281923640793 0.000632679735392 0.0104866462847 0.00335002378965 0.0256770446377 -0.0020672346134 -0.0150950263353 0.0448138159194 0.0903121428465 0.0361506312546 
-0.00251567393747 0.0252072545442 0.00822208388616 0.0224189874306 0.0164606951234 0.0298243436443 0.02041308244 0.00191801375928 0.00664649089918 0.00416253019338 0.0237969776845 0.0305037737547 0.0339599203028 0.0250535286433 0.00405285755815 0.0117676576357 0.0220815271074 0.0223093617111 0.0187199229636 0.0174057012051 0.00717342540338 0.00694326867152 0.017201409395 -0.021282608544 0.406578310924 0.00399084507737 0.0244174556091 0.00987762100846 0.013902586465 0.0021646254684 -0.00262126140141 0.0178807259498 0.00570588467366 0.0123418190679 0.00472211721278 -0.00377750076892 0.0192278800129 0.0118007252254 0.0146472861033 0.00544939552302 -0.00134387852171 0.00722208633896 0.0192820498152 0.0104769682496 0.0359238033515 0.00881491594699 0.0160677372818 0.00868460105465 0.0407946683229 0.0181861111726 
0.0886921930374 0.0318888097938 0.0147366563749 0.0865092136774 -0.000345729304675 0.00372283954789 0.0230898647004 0.00330313305999 0.0092055982467 0.00774498270528 0.0750322441338 0.0130382357209 0.0102009022508 0.0128230664472 0.00882594266959 0.0120759230596 0.0287594443161 0.00510665753353 0.00785118140381 0.0177398193739 0.00564120924888 0.0131075844903 0.00733001254101 0.0293018606612 0.00399084507737 0.20052964388 0.00868236335866 -0.00333912938721 0.014167968502 0.0133127200438 0.00629124429789 0.00142090727998 0.030560616781 0.01817171224 0.0107517898523 0.0140516373886 0.0171823128039 0.0228174092867 0.021588336004 0.0046348634156 0.00606056775352 0.00124932336398 0.00964569269102 0.0139819666616 0.00378963535041 0.00469730505548 0.00261356312951 0.0100498546352 -0.00423187003359 0.0101905443922 
0.0102491153309 0.0293376001651 0.0127949607274 0.0128150556583 0.00312693607628 0.0149315634566 0.0219886445247 0.0205208314115 0.00919989189802 0.00789414706134 0.019291270492 0.0133607210412 0.0354894228894 0.0077265875418 0.0203524776099 0.0133130374728 0.0234709773649 0.0318548045406 0.0183863660904 0.00324214596477 0.0028514866307 0.0125642779544 0.0148302215541 0.0157290984524 0.0244174556091 0.00868236335866 0.194437315983 0.0055868292901 0.006955322281 0.0132002718291 0.00946093506187 0.0201990868086 0.00928479541877 0.0430024362697 0.0197633145205 0.0209192310679 0.0130322567376 -0.00487488546474 0.0148390321244 0.0205965131864 0.0182122755159 0.0154782224844 0.0256394241458 0.0165273250986 0.0266070292926 0.0123030839339 0.0270929921528 0.0363443375908 0.0243530553225 0.0149280147131 
0.0102660724845 0.0125714457204 0.0098618259612 0.0177342789164 0.0137958460812 0.0212293594754 0.0109362811572 0.0137454207166 0.0147044851002 -0.00103408399654 0.0178215145885 0.0379925396863 0.0352047563929 0.0516955056337 0.0225523602802 0.0137336655176 0.0184900412574 0.0279472605829 0.0066885535629 0.00950229309801 0.0824206394113 0.00275204694857 0.0300934086705 0.000129908364137 0.00987762100846 -0.00333912938721 0.0055868292901 0.47233988232 0.0133904099394 0.0460489768867 0.00995708830862 0.00397137573569 0.0354758230171 0.0229054508199 0.0170876207257 0.0214397528627 0.00162201878181 0.00779758432149 -0.0018007831154 0.0224601559464 0.0107045665913 0.0149522976414 0.0240796480086 0.0242088117043 0.008912063817 0.00888285994521 0.0144509944698 0.0360289355195 0.0680974504356 0.0255701314232 
-0.00526295386095 0.0275649547271 0.0176449854833 0.00234663324822 0.0143182352377 0.015603659933 0.0156472034972 0.0173547517118 0.0354070994209 0.00930022566099 -0.000361885120429 0.00142754066581 0.00891456588671 0.0154370430808 0.0232056982479 0.0392381604695 0.0145454375823 0.0143374246672 0.0158587008737 0.016319166648 0.00680678170256 0.0201330494169 0.0124500427866 -0.00232338426396 0.013902586465 0.014167968502 0.006955322281 0.0133904099394 0.178968491796 0.0221090720624 0.0190444034572 0.018814527218 0.0292581414937 0.043439363382 0.0167563954861 0.0214812959952 0.0171985226269 0.0165290235898 0.0172482778014 0.00412436800969 0.0263515586791 0.0131415980495 0.0115042177782 0.0121976124828 0.00687454342393 0.0116624253296 0.0444993183677 0.0108374163903 0.0263934996032 0.0118008034901 
0.00137297574155 0.0481169283664 0.0175577892352 0.00572234680539 0.0180631525093 0.0242954426303 0.0239630082176 0.0201169038019 0.0126962476285 0.00544019535861 0.0296226211118 0.00888040903484 0.0172218790671 0.00781310404128 0.00870554779979 0.0196072006953 0.016774213677 0.0155923619409 0.0147426300641 0.00466195310939 -0.00060856727016 0.0141332007182 0.0141573240508 0.0287521320605 0.0021646254684 0.0133127200438 0.0132002718291 0.0460489768867 0.0221090720624 0.479866446899 0.0354243018852 0.0558311765132 0.013334615542 0.0216528045768 0.0379665747045 0.00328291840187 0.0289620699807 -0.0105886698854 -0.00569308583764 0.00821185762914 0.00347986484261 0.0645163001118 0.00747862323984 0.00111929723906 0.0116291276988 0.0217574695948 0.0385232715564 0.0128343867209 0.0252181262192 0.02889121037 
0.00991868278422 0.0277801942203 0.0103051555248 -0.00122125536103 0.00265979157515 0.00746757996785 0.0301816208047 0.0205085659187 0.0130897363449 -0.00059402255549 0.00980254164822 0.000900790904156 0.00573851119027 0.0213237565343 0.0150108570165 0.0120786581611 0.0178515976908 0.0082769165031 0.00421901513275 0.0358496079524 0.0113102302824 0.01766666598 0.0055431991604 0.0139790449283 -0.00262126140141 0.00629124429789 0.00946093506188 0.00995708830862 0.0190444034572 0.0354243018852 0.229278419919 0.0219300198305 0.0151513524438 0.018602851225 0.00915985761273 0.00487079114721 0.0154630443558 0.0152403076139 0.008280720876 0.00367360897635 0.020418063495 0.0116370583237 0.00905346841133 0.0214761697067 0.00121050722269 0.0101335235414 0.0158604676027 0.00660165263001 -0.0047613041309 0.0145997789004 
0.00128307665197 0.025077279146 0.00902949432781 0.0127445689384 0.0224997106322 0.0218544800676 0.0127792490938 0.0138898141069 0.020029827124 -0.00162415699195 0.0220147008842 0.0434954949625 0.0216251097314 0.0252220194483 0.0243350775004 0.0114568378429 0.0399390745237 0.00139832845282 0.0200370639075 0.011036482427 0.00467731876429 0.00106559802299 0.00154639448278 0.0236180333492 0.0178807259498 0.00142090727998 0.0201990868086 0.00397137573569 0.018814527218 0.0558311765132 0.0219300198305 0.311023688016 0.0219225812127 0.0246772460698 0.0163659524114 0.019094173446 0.0395497917928 0.0106572679447 0.00362274353109 0.0145967109448 0.00631388788609 0.0267944930456 0.0217240655956 0.0106977798923 0.024955335571 0.00779610913149 0.0136718502766 0.0228737194061 -0.00627376049332 0.0214846197969 
0.0275120212221 0.0368996411427 0.0131472951384 0.0383526502899 0.0194203275416 0.0160820986718 0.0188260831239 0.00910780901585 0.0291038992999 0.00275798349838 0.0326180141098 0.00565853394056 0.0144556888952 0.00942871222741 0.0228034297131 0.0234962030203 0.0190221558006 0.0176964066971 0.00890905132448 0.0172471365637 0.0130364293373 0.00176315318842 0.0204808132974 -0.0063263445495 0.00570588467366 0.030560616781 0.00928479541877 0.0354758230171 0.0292581414937 0.013334615542 0.0151513524438 0.0219225812127 0.247586008265 0.0310479085615 -0.00205977665572 0.0169250299751 0.0345472307671 0.0125858710393 0.0182311535204 -0.000278957985256 0.0161491177754 0.0131982003254 0.00592439599814 0.00199884444378 0.00613028426272 0.0212987902923 0.011816515087 0.00875453381325 0.0082020447721 0.0242305787847 
0.0140562146527 0.042034721757 0.0147727833497 0.012459960989 0.0320396958496 0.0105508137589 0.0270942927728 0.0168328771619 0.0446457793039 0.0247217712445 0.0272652351649 -0.000310928279273 0.0247954909368 0.00128485952481 0.0390179099689 0.0432538713665 0.0271458229512 0.0241598429123 0.0220098515998 0.0202912259778 0.0184874373139 0.0140330231165 0.00629785337542 -0.00638602411191 0.0123418190679 0.01817171224 0.0430024362697 0.0229054508199 0.043439363382 0.0216528045768 0.018602851225 0.0246772460698 0.0310479085615 0.244001313537 0.0187352926393 0.0424356462676 0.0282408902923 0.0267961761459 0.00798782071835 0.0193676026353 0.0127631750514 0.0308951480141 0.0308025823737 0.0116617323011 0.0202596961214 0.000783119456377 0.0344752167335 0.0302291613294 0.0299875791584 0.0303740246378 
0.00991455945875 0.014097793524 0.0152852830067 0.0126782589017 0.013803237567 0.00497187623289 0.0188976740958 0.00227084574203 0.015597886804 0.0115242090392 -0.00517104170886 0.0188963865248 0.00888548389148 0.0287019485151 0.0131640233966 0.0156986701684 0.00827738683877 0.0256063202663 0.000241411885658 0.00601033860697 -0.00411852818229 0.00991504219667 0.0035396486292 0.00183813411448 0.00472211721278 0.0107517898523 0.0197633145205 0.0170876207257 0.0167563954861 0.0379665747045 0.00915985761273 0.0163659524114 -0.00205977665572 0.0187352926393 0.222643036101 0.0123238057425 0.00228200426988 0.0031026268045 0.0225619021659 0.0179310617161 0.0122810341147 0.0113041981971 0.0113059352413 -0.00104142824044 0.00671737155794 0.0113743130023 -0.0107697121519 0.00889962857058 0.00344099657913 0.00338491581195 
0.00651722831967 0.0206364330351 0.00359761197704 0.0269031150505 0.015020010973 -0.00174427621707 0.0240083670824 0.00873599277195 0.0273902407741 0.0253512772471 0.0186764533838 0.0112510369895 0.0224213329053 0.0187913960925 0.0867809772674 0.0205865874684 0.0241871696427 0.0184875947559 0.0152968555646 0.0161593607207 0.0087228347366 -0.000794187375889 0.00583147160689 0.00899898190894 -0.00377750076892 0.0140516373886 0.0209192310679 0.0214397528627 0.0214812959952 0.00328291840187 0.00487079114721 0.019094173446 0.0169250299751 0.0424356462676 0.0123238057425 0.193275050148 0.0263963982683 0.014505590999 0.0153055468975 0.00489182120548 0.00813815111891 0.0153247559686 0.0113709074633 0.0208871787129 0.0107271655606 0.0166261853369 0.014838090393 0.0103074002821 0.0283114847264 0.0238285398822 
0.00320143536023 0.0273974990197 0.0213801867453 0.00796661887659 0.0214894213835 0.00686029130175 0.00148901789962 0.027387182454 0.0165326026263 0.0233727370463 0.0136943641729 0.0147442690647 0.00712040319907 0.013114860432 0.0119253919739 0.0211261296237 0.0189359215139 0.00951125342109 0.0156952425101 0.01947269095 -0.00553099550384 0.00954914101533 0.0129265807549 -0.00292989488477 0.0192278800129 0.0171823128039 0.0130322567376 0.00162201878181 0.0171985226269 0.0289620699807 0.0154630443558 0.0395497917928 0.0345472307671 0.0282408902923 0.00228200426988 0.0263963982683 0.250108598101 0.0107427101774 0.0136738245795 0.0200208219694 0.0116839303872 0.0349466499294 0.000444771992714 0.0173743374485 0.0124493574688 0.015691852286 0.0095052633333 0.0140419742285 -0.000485836392983 0.0204920896453 
0.0141853327203 0.017220524258 0.0155805319971 0.0168422827248 0.00678053504204 -0.00855580176541 0.00447124088417 0.00209233895067 0.021919617069 0.0140828796236 0.00660487280667 0.0163182640305 -0.0018174926701 0.0108230344172 0.0266683160868 0.0171959244961 0.00367589186534 0.00251131732025 0.0075667251762 0.0255804277939 -0.00446490823697 0.0118744913469 0.00268308969332 0.0120355445561 0.0118007252254 0.0228174092867 -0.00487488546474 0.00779758432149 0.0165290235898 -0.0105886698854 0.0152403076139 0.0106572679447 0.0125858710393 0.0267961761459 0.0031026268045 0.014505590999 0.0107427101774 0.162500069919 0.0466260556519 0.00597412634551 0.0131777344083 0.0182032458639 0.0144189356658 0.0139960256868 0.00661081741088 0.0144235695693 0.00681578898444 0.0143043172912 0.0193075162335 0.00475817228008 
0.0228285868117 0.0182318444502 0.0145495904465 0.0219107800789 0.00286570199326 -0.000308991921162 0.0115597910601 -0.00152637460952 0.0148088198993 0.0114045608507 0.0108189520053 0.010260687723 0.0115186343712 0.000552882647904 0.0153702110257 0.0148926755222 0.00729559343361 0.00677553013673 0.0117748831034 0.0343843870548 0.00855446841753 -9.09457828947e-06 -0.00635086988016 0.0315630529876 0.0146472861033 0.021588336004 0.0148390321244 -0.0018007831154 0.0172482778014 -0.00569308583764 0.00828072087601 0.00362274353109 0.0182311535204 0.00798782071835 0.0225619021659 0.0153055468975 0.0136738245795 0.0466260556519 0.195144964244 0.031347721859 0.0091709936486 -0.00904434334744 -0.00104211407647 0.0248492898968 0.00999211538859 0.00568361669434 0.00225081847829 0.0126611022138 0.0162626615078 -0.00496617962166 
0.0166518254663 0.0217668280633 0.00861963881096 0.0297314547111 0.00863357935292 0.0218953528221 0.0337378626584 0.00885947693451 0.0137617510076 0.00334766095993 0.0519636085824 0.0300791509001 0.0175856690273 0.0356542801104 0.0233647363952 0.00149299974889 0.0109278623491 0.0338056605064 0.005349687563 0.00964274694525 0.0132752510482 0.0104438822119 0.0248607598091 0.0128944669357 0.00544939552302 0.0046348634156 0.0205965131864 0.0224601559464 0.00412436800969 0.00821185762914 0.00367360897635 0.0145967109448 -0.000278957985256 0.0193676026353 0.0179310617161 0.00489182120548 0.0200208219694 0.00597412634551 0.031347721859 0.357482203718 -0.00721673759905 0.0159167660735 0.0158808032542 0.00719248961274 0.00864070541502 0.00928581348962 0.0132221334107 0.0245039054053 0.0578253296245 0.0202077412061 
0.00332048638596 0.0199692206677 0.0189960815132 0.00981275397597 0.00668023672875 0.0137985025795 0.00658597914167 0.0240503543827 0.0167246709205 0.00727720417944 0.0125108528531 -0.00277336922388 0.000371798845948 0.00671149073721 0.0109454071821 0.0215023523628 0.00130971706782 -0.00678746034676 0.0129762210986 -0.00554934797467 -0.0136782335951 -0.00146437093308 0.0128704892414 0.0281923640793 -0.00134387852171 0.00606056775352 0.0182122755159 0.0107045665913 0.0263515586791 0.00347986484261 0.0204180634951 0.00631388788609 0.0161491177754 0.0127631750514 0.0122810341147 0.00813815111891 0.0116839303872 0.0131777344083 0.0091709936486 -0.00721673759905 0.21240769545 0.0125372512271 0.0138595041094 0.00614742084543 -0.00254234655357 0.0119519332599 0.0176132383573 0.0106815090289 0.011924599098 0.0141908791438 
-0.00126983619188 0.0414236751786 0.00553742249322 0.00221976244098 0.0144299075989 0.0150506051494 0.0187944897446 0.0301209400715 0.0227334640666 0.0142822793991 0.00459470025472 0.0239189957242 0.0131722100624 0.013844117544 0.0212776365087 0.0264964470379 0.0100433035914 0.0178480928509 0.0118162847482 0.013358060419 -0.000930196129202 0.00937391989452 0.00260194488425 0.000632679735392 0.00722208633896 0.00124932336398 0.0154782224844 0.0149522976414 0.0131415980495 0.0645163001118 0.0116370583237 0.0267944930456 0.0131982003254 0.0308951480141 0.0113041981971 0.0153247559686 0.0349466499294 0.0182032458639 -0.00904434334744 0.0159167660735 0.0125372512271 0.238259756968 0.0138434815954 0.00572246091122 0.0256987828441 0.0269023016716 0.0351477447691 0.0163554356314 0.00226799040885 0.0140844423598 
0.0370041390075 0.0293668070879 0.00948375160827 0.0418148488898 0.0235622079413 0.0325724121286 0.0239732925395 0.00939153414043 0.0163022113427 0.0134628008789 0.0298461835671 0.00686104562573 0.0667728704075 0.00913427046424 0.00771860712002 0.00961629163957 0.021973767028 0.0437765084546 0.0180890461002 0.00312734574656 0.00284404810729 0.0142153548326 0.0174555362582 0.0104866462847 0.0192820498152 0.00964569269101 0.0256394241458 0.0240796480086 0.0115042177782 0.00747862323984 0.00905346841133 0.0217240655956 0.00592439599815 0.0308025823737 0.0113059352413 0.0113709074633 0.000444771992713 0.0144189356658 -0.00104211407646 0.0158808032542 0.0138595041094 0.0138434815954 0.265380471131 0.00041714006108 0.0235755721166 0.0155714454834 0.00222300798573 0.0201492895947 0.0372817368592 0.0147122937901 
0.00841509018993 0.0226330140484 0.0264467184461 0.014850132831 0.00674302139823 0.0194101773346 0.000316164726993 0.0116755914603 0.0150408583229 0.00477065283816 -0.00223384276967 0.0169112869439 0.00897967287882 0.00598221368471 0.016022509993 0.00472856622011 0.0194728549317 0.0106951595811 0.0111832954194 0.00495409088665 0.0158030690471 0.00966094660741 0.0165800576786 0.00335002378965 0.0104769682496 0.0139819666616 0.0165273250986 0.0242088117043 0.0121976124828 0.00111929723906 0.0214761697067 0.0106977798923 0.00199884444378 0.0116617323011 -0.00104142824044 0.0208871787129 0.0173743374485 0.0139960256868 0.0248492898968 0.00719248961274 0.00614742084543 0.00572246091122 0.000417140061081 0.266376168498 0.0133779162323 0.0133293630318 0.0215058757322 -0.00792027616898 -0.0094295402512 0.00983271696065 
0.0230377207571 0.0372664681735 0.00801122506314 0.0107403919153 0.0171833902117 0.00937465879113 0.00137886921265 0.0202463728497 0.0185778719061 0.00998732747225 0.032665392401 0.0268389329143 0.023535357834 0.00351795585095 0.0227867044068 0.0133700387785 0.0161387044754 0.029809653078 0.0277733355735 0.00924917235837 0.0108110275719 0.0107933145709 0.0204038525784 0.0256770446377 0.0359238033515 0.00378963535041 0.0266070292926 0.008912063817 0.00687454342393 0.0116291276988 0.00121050722269 0.024955335571 0.00613028426272 0.0202596961214 0.00671737155794 0.0107271655606 0.0124493574688 0.00661081741088 0.00999211538859 0.00864070541502 -0.00254234655357 0.0256987828441 0.0235755721166 0.0133779162323 0.180538846539 0.0189839127008 0.0110595829862 0.0383668953411 0.00677931187794 0.0141463308477 
0.00119342999231 0.0203433988629 0.0207208649729 -0.00379004664044 0.00379280353248 0.0135350955493 0.0119877404409 0.0128683099201 0.00455616110904 0.0130273005726 0.00516576869258 0.0348379314997 0.00467150192802 0.0213969373945 0.0200737182853 0.00394434406024 0.0075862565205 -0.00183680381049 0.0202623741785 0.000637454667961 -0.00535245377295 0.00378832389458 0.0116714592816 -0.0020672346134 0.00881491594699 0.00469730505548 0.0123030839339 0.00888285994521 0.0116624253296 0.0217574695948 0.0101335235414 0.00779610913149 0.0212987902923 0.000783119456377 0.0113743130023 0.0166261853369 0.015691852286 0.0144235695693 0.00568361669434 0.00928581348962 0.0119519332599 0.0269023016716 0.0155714454834 0.0133293630318 0.0189839127008 0.1848940268 0.0125909317003 0.0108205973741 0.0099137534812 0.024776577986 
-0.00713550422567 0.0286207787035 0.013888104641 0.0139446629769 0.0175383510496 0.00325899865136 0.0089120333266 0.0249568369403 0.0164216755185 0.0205843364598 0.000320808486247 0.0243257486646 0.0185178874871 -0.00621456119364 0.0237164362912 0.0274847142322 0.0286003943431 0.010393074155 0.0108856891728 0.0247950932248 0.00453514670509 0.0067933250983 0.014643567409 -0.0150950263353 0.0160677372818 0.00261356312951 0.0270929921528 0.0144509944698 0.0444993183677 0.0385232715564 0.0158604676027 0.0136718502766 0.011816515087 0.0344752167335 -0.0107697121519 0.014838090393 0.0095052633333 0.00681578898444 0.00225081847829 0.0132221334107 0.0176132383573 0.0351477447691 0.00222300798574 0.0215058757322 0.0110595829862 0.0125909317003 0.275685661425 0.0201461053993 0.0256285665306 0.0125367695918 
0.0229502133082 0.0349708220718 0.0160662718748 0.0578098962511 0.0107367125246 0.0253903659943 0.0347045352244 0.0168595971861 0.00896891640703 0.0251032808594 0.0590547310976 0.0046512959894 0.0314365373981 0.0244086895834 0.0151286239226 0.0418092111993 0.0321010373592 0.0434952426507 0.0258820896296 0.00389739028043 -0.000618703739387 0.0103802222335 0.0222371686761 0.0448138159194 0.00868460105465 0.0100498546352 0.0363443375908 0.0360289355195 0.0108374163903 0.0128343867209 0.00660165263001 0.0228737194061 0.00875453381325 0.0302291613294 0.00889962857058 0.0103074002821 0.0140419742285 0.0143043172912 0.0126611022138 0.0245039054053 0.0106815090289 0.0163554356314 0.0201492895947 -0.00792027616898 0.0383668953411 0.0108205973741 0.0201461053993 0.326781883174 0.0377926517527 0.0191888399515 
