60
0.0831725949645 0.0672535079153 0.0533286406295 0.0482651065397 0.0434942638749 0.0755152896869 0.123612909007 0.0471087328402 0.0285158318856 0.037496284255 0.0788996306534 0.0861911318708 0.041097516798 0.0359279599811 0.0565518641406 0.0278380444533 0.0130713531851 0.0406155741598 0.0726136826411 0.0280903462606 0.0631385093148 0.039859092222 0.0800378705657 0.142835786571 0.0125275076286 0.0708595176859 0.0284224966367 0.0162851568228 0.0645874353538 0.0220203869342 0.251790956204 0.015652967587 0.0526943852585 0.042606905642 0.0952892642352 0.0218855159469 0.208286894217 0.0623322546876 0.0451551332239 0.0316848802341 0.0272516352802 0.0440278725419 0.126305303483 0.0161403943775 0.0584548507687 0.0991765707177 0.0466521206007 0.0235207120966 0.0896788789081 0.132143501856 0.0754225878746 0.0511846892664 0.060830846045 0.0340091550877 0.0707348977441 0.0634276035435 0.0594687244428 0.0559549201136 0.103194060275 0.0285995604788 
0.436530970241 0.0167922340823 0.0156752566259 0.0115730202124 0.0292589859556 -0.0083354399793 0.0053081371539 0.0146644844114 0.00706146253073 0.041014822821 0.0149864295952 -0.0206788704318 0.0468883175173 0.0427816741118 0.0193996976586 0.00748807287458 0.0179950320434 0.0281304294435 0.0402424200163 0.0157236929794 0.00740549331412 0.0374848948794 -0.0113520266017 0.00346453048417 -0.0102293149653 0.00360957075403 0.00527965016056 0.0094322385082 0.0222938481892 0.0354776571603 0.00917402234973 0.00839778521201 0.0293301586934 0.0560526845301 0.0693487980246 0.00671332062149 0.00903484277087 0.00732398324797 0.0358316277393 0.0223058792846 -0.00621274368323 0.00450082462635 0.0414254108489 0.00963029788799 0.0230195077877 -0.00170305101104 0.0130695102017 0.0168604905301 0.0264645506446 0.0380636500584 0.0214698365663 0.0270638675446 0.035733475455 0.0164213722155 0.0213498512456 0.0437279620384 0.0116361890051 0.038818112473 0.0231776099276 0.0209165162887 
0.0167922340823 0.333168540627 0.0165430970363 0.0334132587768 0.0502664354523 -0.00752198220637 0.0100988632244 -0.00524680756485 0.0149668055168 0.0177008065283 0.0323442712681 0.0110992190062 0.00789911672387 0.0224868965055 0.0372513517865 0.00496444484625 0.0100257653227 0.0217219271973 0.0207741155936 0.0235471649188 0.024076290653 0.010584319649 0.00166781430402 0.0190761329231 0.00118706582461 -0.00526363278586 0.0105379050941 0.0134937275217 0.0500458130228 0.00972672415907 0.0115299910587 0.0299221214007 0.0332258389293 0.019011399991 0.0073504173268 0.0127191833803 0.0655283946311 0.0275050601969 0.00280390036333 0.00908776921591 0.00818239903133 0.0238241015035 0.0107110695726 0.000864697706818 0.02377643176 -0.00287001392609 0.0203246807306 0.0167692406461 0.027434796778 -0.000203577890268 0.00292793880668 0.0141087200092 0.0480847528937 0.03442726701 0.00082862204591 0.0143587042665 0.0351131162207 0.0358166626068 0.0430579603547 0.0281323453501 
0.0156752566259 0.0165430970363 0.262612322005 0.0292993420953 0.0161826857645 4.30447273641e-05 -0.00786512972223 -0.00349894353066 -0.000648798504241 0.00611634771158 0.00585319262115 0.0254670342582 0.0160523687851 0.00510758276069 0.0140933569179 0.0216807785171 0.0132324039617 0.0176385343966 0.00858923482696 0.0166861627822 0.0236325369025 0.0171259073543 0.017109281822 -0.00364574910273 0.0133891900723 0.0202301155107 0.00695461206109 0.00938834266124 -0.00309552897078 0.00506394325104 0.000219822963949 0.0211179879118 0.010175858043 0.0102653112678 0.0111393888632 0.00289172160302 -0.000193495486666 0.00682144296226 0.00615018494086 0.0208932138845 0.00665789503179 0.00899590829927 0.0128136837643 -0.00171622909492 0.0281555976595 0.00521674975313 0.00564716159681 0.0230552817182 0.00213112383154 0.00747822401443 0.00998543281428 0.013272080975 0.0276683297646 0.00996642821683 0.0116875738206 0.0176064249796 0.0142445855516 0.0154791501094 0.0411973075229 0.0112555091527 
0.0115730202124 0.0334132587768 0.0292993420953 0.290435506702 0.0271845230963 -0.00225451452051 0.00197634575277 0.0134299597005 0.0036570300233 0.0240641310306 0.0312959884229 0.0156286016233 0.0258794953693 0.0177532782545 0.00443865604074 0.011829029761 0.00180904030256 0.0195541285623 0.0165249660096 -0.00482757328017 0.0222510707298 0.0179704152686 0.017213722296 0.0128877149479 0.0208928353281 0.00920550267226 -0.00113576843389 0.0110616536051 0.0192986044565 0.0170693799143 0.0131786892391 0.0132390940763 0.0394804303316 0.0186602610336 0.0104886179326 0.0223431354449 0.0226920543119 0.0693227513744 -7.01743004865e-05 0.0101291690684 0.0159223103717 0.0339206216751 0.0188220131856 0.0136194641888 0.0122192140737 0.0100274864808 0.0129187138952 0.0187196216593 0.0185747660626 0.00276535638162 0.0118451100884 0.0219806218971 0.0243240057173 0.0166355797305 0.00926193820979 0.0320400653852 -0.00880477448246 0.0258515883807 0.02704488024 0.0416662624182 
0.0292589859556 0.0502664354523 0.0161826857645 0.0271845230963 0.286253622943 0.0200045433547 0.0172308088412 0.011783743282 0.0155678025619 0.00791220434048 0.011766996537 0.0295193169403 0.0197147770558 0.00523897281373 0.0308674779806 0.0165873780499 -0.00354982674735 0.0133906801596 0.057962982607 0.0221267706756 0.0394368204742 0.0274713797711 0.0460209702345 0.0163898936331 0.015082551298 0.0111257358903 0.0014731051217 -0.00587251557611 0.0261129290247 0.0207608875891 0.0423711088401 0.0354864044131 0.0315461061006 0.0358659376049 0.0247666105889 0.0163790793582 0.0430119196151 0.0079294526661 0.0123003165436 0.035334528395 0.0156202996442 0.0184025513451 0.0365007781421 0.00601533761328 0.0119720789309 0.00472533585788 0.00104400774651 0.0175974265487 0.0452044037929 0.017763037696 0.0130993953486 0.0416023977367 0.0248742615702 0.0228259794565 0.014001178139 0.0282448238357 0.0349688377843 0.054362943964 0.0438363907721 0.0264374547112 
-0.0083354399793 -0.00752198220637 4.30447273638e-05 -0.00225451452051 0.0200045433547 0.537589816416 0.00789703818883 0.0177099961984 0.0143681622492 -0.00723016989869 0.0145415053702 0.0136194934114 -0.00798455227532 -0.00273386487941 0.0135147778034 0.0263247039976 0.0282485473307 0.0349437116478 0.0395228713876 0.0232610101835 -0.000650061254227 0.0131047015569 -0.00761875043253 -0.00402329139588 0.0123662091127 0.00755037628425 0.0149004113662 0.0153018644088 0.00104650282845 0.0107515405473 0.585255177564 -0.016360078257 0.00736497692911 0.0084221309501 0.0142546999243 0.0115661669826 -0.0109262927746 0.0236824469192 0.0133053149647 0.00654281868185 0.00698147821957 0.0179744322203 0.00179204553343 0.015443955523 0.0289264085103 -0.00737130897238 0.0126434946851 0.0189932145944 -0.0314306413897 0.0237412008216 0.0423904913011 0.00364150720756 0.0069962555261 0.00822667432532 0.0113230187281 -0.000970223853877 -0.0234051872553 0.0226457484313 0.00734073288874 0.0238881265953 
0.0053081371539 0.0100988632244 -0.00786512972223 0.00197634575277 0.0172308088412 0.00789703818883 1.03485986657 0.0143346583653 -0.00467192692219 -0.000669982839819 -0.00695402229736 0.00572621107836 -0.0097007212941 -0.0128538986298 -0.00312653987649 0.00167268029453 -0.00536585165078 0.00789709265994 0.0159742799788 -0.0061182313975 0.0264570968058 0.0208295463509 0.0312716211575 -0.007042065457 0.0162903692066 -0.0180415002638 -0.00293131561399 -0.00028569039116 -0.00834200695159 0.0035406589804 0.0332994008282 0.0105630107771 0.0169265777112 0.00243852934176 -0.0164774004275 -0.0059038168461 0.0104557316155 0.0109377628401 -0.0034823468465 0.0277148180886 0.106770785376 -0.00248017171046 0.0659435415405 -0.0097350216682 -0.00340710189516 -0.00697140581487 0.0083811395995 -0.00230082770708 0.0256400437254 0.0421211027309 0.00243904551509 0.00647318740047 -0.000322418081298 0.00550996642655 0.00919729560687 -0.00677002816711 0.00119424625071 0.0564320681341 -0.00526597010692 -0.00432192520673 
0.0146644844114 -0.00524680756485 -0.00349894353065 0.0134299597005 0.011783743282 0.0177099961984 0.0143346583653 0.233664766757 0.0412583189745 0.0198043333072 0.00432090250213 0.0135841135595 0.0239463886227 0.00182877007905 0.0188819771725 -0.00268222917395 0.0182712628976 0.015276111618 0.0223821274632 -0.00473073322199 0.00781604004083 0.0294998797344 0.00836490755844 0.00135984688475 0.00852768393854 0.0142383141722 0.0118063595616 0.0266356617028 0.00231710087655 -0.00332943814683 -0.00194018254994 0.00540516604203 -0.00745466104591 0.0100051484646 -0.000908884503726 0.0110661997464 -0.00209281290855 -0.0184036040552 0.00303860315545 0.0227447650395 0.011730662694 -0.00035016609986 0.100477348777 0.000161649573224 0.00411981858498 -0.00185687478115 0.026579575677 0.00868085745913 0.00238827376973 0.0815407452049 0.00480575451178 0.00245729070941 0.00412716067105 -0.00389792549034 0.0149018789428 0.0400078349778 0.00401773919178 0.0144809789489 0.0281012794687 0.00253425192032 
0.00706146253073 0.0149668055168 -0.000648798504241 0.0036570300233 0.0155678025619 0.0143681622492 -0.00467192692219 0.0412583189744 0.1898796696 0.0190002780312 0.000364972649177 0.028751548458 0.0304305562724 0.0179654646625 0.0174119755966 0.0159595057427 0.03919768293 0.0181003033031 0.00807754560209 0.00446600090847 0.00174300637819 0.0197832391888 0.00192278156953 0.00319004870279 0.00975356326146 -0.00280971037928 0.0100683988427 0.0366717223944 0.00471719467951 9.89435346768e-05 -0.00258130941181 0.00103790562599 -0.00464625713749 0.00880790067359 0.00744060307822 -0.000477877501301 0.0104417309142 -0.00307603147833 -0.000856707398593 0.0185050663826 0.0135025028112 0.00956342817099 0.0381350227486 0.00384292405201 0.0180501925874 0.00855458637729 0.0451971388372 0.00910805178704 0.0114978130738 0.0368897984515 -0.00286241154337 0.0138793131776 0.0193442981926 0.016893473631 0.00354589271193 0.00358972688592 0.00689591586691 0.0127701940933 0.015755101209 -0.0027980384401 
0.041014822821 0.0177008065283 0.00611634771158 0.0240641310306 0.00791220434048 -0.00723016989869 -0.000669982839818 0.0198043333072 0.0190002780312 0.235536768475 0.00924385044339 0.0042452603257 0.0238395358943 0.0118907446449 0.00863964214306 0.00956424574637 0.0171516849512 0.0217567274135 0.0282078027768 0.0319110617544 0.0156351855993 0.019774846584 0.0186264714508 0.0234878284081 0.0191169122206 0.0432293683131 0.01115882843 0.0149926551802 0.0118688208869 0.0362268948448 -0.000672597546092 0.0116272558987 0.0387917328341 0.015706717951 0.0253440478165 0.00355227920164 -0.00246648156328 -5.56406942242e-05 0.0111289386916 0.0213567115638 0.0135431638191 0.0111738202077 0.0183763002335 0.00703368394716 0.00628298017414 0.0034707964922 0.0141194180825 0.000810543042182 0.0142244691903 0.0196646374085 0.0279100203299 0.00382181922299 0.0297511055058 0.0184067960758 0.0162029179752 0.0155542697488 0.0150201453742 0.0129562359301 0.0162081655177 0.0346932167745 
0.0149864295952 0.0323442712681 0.00585319262115 0.0312959884229 0.011766996537 0.0145415053702 -0.00695402229736 0.00432090250213 0.000364972649177 0.00924385044339 0.754723647671 -0.0138790684512 0.00255619263766 0.00233178156584 0.0167144483484 0.0142559218069 0.00268043168682 -0.00115763530349 0.00552255596261 0.0160908181388 7.94660143423e-05 0.00547441382175 -0.00845762261266 -0.00756535338892 0.0264669450134 -0.0111937219494 0.0372511385527 0.00154290929694 0.00460993096768 0.0069141368509 0.0101937913286 0.00619132650465 0.0205912699605 0.00333597510077 0.00865365699618 0.00409673862523 -0.00199964095846 -0.0152572661855 -0.00709306847147 0.00288494246238 0.0050775120255 0.0070463067265 0.0257758777808 0.000154758697626 -0.00263971486316 0.00709247373753 -0.0105325298744 0.0230350782387 0.000406762450629 -0.00890291444762 0.000606857775599 0.0117091878804 0.00930024421875 0.00292218103243 -0.0166507033777 0.0221464006829 0.0205873842737 0.0159455234252 0.026371078719 0.00033844124899 
-0.0206788704318 0.0110992190062 0.0254670342582 0.0156286016233 0.0295193169403 0.0136194934114 0.00572621107836 0.0135841135595 0.028751548458 0.0042452603257 -0.0138790684512 0.395187191651 0.00710398370368 0.0230540461663 0.0114628296188 0.0172846518112 0.00434350403476 0.0298400137355 0.0329089694715 0.0364371873558 0.0321571801219 0.0392700404735 0.0165973277678 0.0482300856198 0.0378736131561 0.00997788977844 0.00428695455996 0.0242844803392 0.0296191040845 0.00719139042591 0.012352913912 0.021466117541 0.013659074125 0.0105998222159 -0.00214051761482 -0.00820524440856 0.0289004035125 0.0169279716052 0.00802309560165 0.00608581369693 0.00236949395519 0.0161285872568 0.0278507505391 0.0188492331463 0.0191526048104 -0.0026410567056 0.00852975212347 0.00721220393071 0.0443440324512 0.0361401373242 -0.00158726461322 0.0444657244242 0.0378059171774 0.0149061035106 0.0143658372579 0.0429153794743 0.00955389866237 0.0321595972761 0.0281508872128 0.019104910506 
0.0468883175173 0.00789911672387 0.0160523687851 0.0258794953693 0.0197147770558 -0.00798455227532 -0.0097007212941 0.0239463886227 0.0304305562724 0.0238395358943 0.00255619263766 0.00710398370368 0.246374583713 0.00190080570837 0.00710252945176 0.0113393315714 0.0163996006977 0.0188361508164 0.0207089347431 0.0209275600591 0.00696779486467 0.0191911176692 0.0168485734795 -0.00246801045056 0.0106282400246 0.0147425670434 0.00132277170698 0.0120420371842 0.0140204483033 0.0147483866899 -0.00238519698167 0.00121474085702 0.00917624108641 0.0184657073272 0.0163078896647 -0.00256233850313 0.00122934525365 0.00942753257685 0.00237932232262 0.0397961484086 0.00261666494643 0.00303389134829 0.0293472875824 0.0129968616738 0.0235132739596 6.87589115568e-05 0.0340125334243 0.000446365786021 0.0109605742248 0.0287999997325 0.00527860203715 0.00642351865737 0.0311016910623 0.0292172748577 0.0237462347578 0.00677628727454 0.00794679909887 0.0266083797722 0.0252738390764 0.011747117606 
0.0427816741118 0.0224868965055 0.00510758276069 0.0177532782545 0.00523897281373 -0.00273386487941 -0.0128538986298 0.00182877007905 0.0179654646625 0.0118907446449 0.00233178156584 0.0230540461663 0.00190080570838 0.224027702919 0.0160722508482 0.00817193027608 0.000120153758565 0.00745167909919 0.0297584269776 0.0130359328684 0.012662016254 0.00575455480797 0.0244005109105 0.00783582598861 0.00125640705172 -0.0052209647051 0.0138609001908 0.0108652955842 0.0081205786251 0.0111447430535 0.00884478895188 0.0082733064228 0.0124220752989 0.042207153925 0.0324514610419 0.00480238422837 0.0109155629218 -0.00917099135554 0.0335305997328 0.0167931614739 -0.00381615449914 0.0230103247383 0.00857835564013 0.00276829246137 0.00922315222467 0.00463036772662 0.0223731530588 0.0102438634966 0.0126751826153 0.0162014908496 0.013112456006 0.0101308654952 0.0127205808044 0.00196430693412 -0.000884275662183 0.027413398226 0.012802630556 0.0177461362191 0.0135621510034 0.00115981870513 
0.0193996976585 0.0372513517865 0.0140933569179 0.00443865604074 0.0308674779806 0.0135147778034 -0.00312653987649 0.0188819771725 0.0174119755966 0.00863964214306 0.0167144483484 0.0114628296188 0.00710252945176 0.0160722508482 0.222291511913 0.00765421903219 0.0236100025009 0.0721717118402 0.0258529918266 0.016038147536 0.0136251965021 0.00657358726225 0.0159121628001 -0.0011043723661 0.010311570608 0.0107846620347 0.00522665666969 0.0188174956973 0.0218862922265 0.0111383134231 0.0232019189714 0.0164242917086 0.0343965755717 0.0294820177871 0.0237251914549 0.0100252781704 0.0243791115717 -0.00961912303959 0.0172929166794 0.016303809663 0.00425685871517 0.0211125218059 0.00895316152768 0.00667566855788 0.0820992364392 0.00785195707957 0.0337502425839 0.00980339186938 0.0116333477387 0.0199107367026 0.01375298052 0.0108963090085 0.0226376053864 0.0211265021288 0.00702203613845 0.0154094235381 0.00890207803218 0.0359647938079 0.0447003250238 0.0130138214004 
0.00748807287458 0.00496444484625 0.0216807785171 0.011829029761 0.0165873780499 0.0263247039976 0.00167268029453 -0.00268222917395 0.0159595057427 0.00956424574637 0.0142559218069 0.0172846518112 0.0113393315714 0.00817193027608 0.00765421903219 0.175740499243 0.0065506214742 0.0077675695189 0.00601756525943 0.00967702427504 0.0051934124319 -0.0070663892772 0.00959373737118 0.0152058038254 0.0147722057378 0.0191906601008 0.0133524473191 0.0104178559167 0.0103351029503 0.00637364950181 0.0337151847341 0.00988571434885 0.0190010613659 0.0167990029448 0.000881003541987 0.00667987787487 0.00630140338188 -0.00618928386042 0.00689684112508 0.00426324185541 0.0169523314255 0.0124287207871 -0.0053943168613 0.0203798217134 0.00738784073232 -0.0215218606394 0.0178500191077 0.000853112494738 0.00267181741342 -0.0111712577888 0.00385641214282 0.00776522828946 0.00538693918273 0.0254074047208 0.00847988466345 -0.00671487675187 0.0109921389465 0.0105949436183 -0.00227106383076 0.0124234706677 
0.0179950320434 0.0100257653227 0.0132324039617 0.00180904030256 -0.00354982674735 0.0282485473307 -0.00536585165078 0.0182712628976 0.03919768293 0.0171516849512 0.00268043168682 0.00434350403476 0.0163996006977 0.000120153758565 0.0236100025009 0.0065506214742 0.131236250612 0.0179279201244 0.00744634198457 0.0111349702869 0.00305117177623 0.00757645882602 0.00548298006254 0.00743718043871 0.00972883112486 0.010013624323 0.0169178830986 0.0441331917178 0.000952724714166 0.00750917370228 0.00374536955807 -0.00158960694816 0.00778835902731 0.0170347500112 0.000819063431289 0.0150866193051 0.00634414019387 0.00262933650937 0.000560260354195 0.0146428863236 0.0029169999844 0.00524835668288 0.0157511871788 0.0041448046942 0.0239211023008 0.00174827042258 0.0411678330269 0.0117157973022 0.0149700366064 0.00540322087546 0.0104286233597 -0.00123136681593 0.0121757461978 0.0227288186402 0.0199387541078 0.0061844796443 0.00808689139627 0.0124120513363 0.00878654506142 0.00428515569212 
0.0281304294435 0.0217219271973 0.0176385343966 0.0195541285623 0.0133906801596 0.0349437116478 0.00789709265994 0.015276111618 0.0181003033031 0.0217567274135 -0.00115763530349 0.0298400137355 0.0188361508164 0.00745167909919 0.0721717118402 0.0077675695189 0.0179279201244 0.193699517938 0.0178818490813 0.021039770258 0.0181700436815 0.0128816815388 0.00664466906635 0.0180792051323 0.0136614136947 0.0161049982772 0.0108523147002 0.0236974457311 0.0154154039749 0.017807101683 0.0437725114423 0.0106579916254 0.0373363537478 0.0280313285494 0.012359469614 0.0152736577389 0.0109459590928 -0.0031613181652 0.00529925019402 0.0127407140697 0.01475860028 0.0185520210962 0.0153441406124 0.0100256256826 0.0881948087113 -0.00320058931913 0.0184659835609 0.00671461993946 0.0218543964253 0.0212704913612 0.0369866649399 0.0136861798417 0.0187957132222 0.0189562320019 0.0032856001774 0.0182049668161 -0.00785272616373 0.0283722372835 0.0386492755995 0.0164621977861 
0.0402424200163 0.0207741155936 0.00858923482696 0.0165249660096 0.057962982607 0.0395228713876 0.0159742799788 0.0223821274632 0.00807754560209 0.0282078027768 0.00552255596261 0.0329089694715 0.0207089347431 0.0297584269776 0.0258529918266 0.00601756525943 0.00744634198457 0.0178818490813 0.27534911502 0.0311872117305 0.0520223341017 0.0344741299097 0.05688582133 0.00656503133176 0.0197513322915 0.0118433411274 0.00290977261309 0.0119057097694 0.0251204900698 0.0166044207186 0.0621758068097 0.0107094283421 0.024748337516 0.0324505661835 0.012019530641 -0.000144046094563 0.0192738620228 0.00295187960342 0.00218705091072 0.021393400432 -0.00173186434613 0.0143922835368 0.0216819811337 0.0104994568705 0.0155504003201 0.00320068174348 0.00429634862749 0.00463303250703 0.0304778831423 0.0316672269527 0.0291069134158 0.0166441869634 0.0361975339162 0.0160582735299 0.0169176289816 0.0385281189056 0.0316487735092 0.0451386438457 0.0716382369013 0.0285315663529 
0.0157236929794 0.0235471649188 0.0166861627822 -0.00482757328017 0.0221267706756 0.0232610101835 -0.0061182313975 -0.00473073322198 0.00446600090847 0.0319110617544 0.0160908181388 0.0364371873558 0.0209275600591 0.0130359328684 0.016038147536 0.00967702427505 0.0111349702869 0.021039770258 0.0311872117305 0.244479857198 0.00566490937422 0.0175673542617 0.0132587695299 0.000509178388688 0.0131548896309 0.013235347906 0.0140955599121 0.00455319731568 0.0107018603575 0.0218835394557 0.00353926743755 0.0180435077234 0.0189414578909 0.00161327602398 0.0131771832101 0.00413689260937 0.0446475661007 0.0196389257857 -0.00654119269804 0.0267915621335 0.0030366362252 0.0144398987472 -0.0129547233448 0.018545033843 0.0210336095387 0.00375983676379 0.0165046733876 0.0173458643806 0.038328059472 -0.0175840868371 0.0143204188443 0.00551519760568 0.0293887802312 0.0432384516691 0.0106317546558 0.0111447509979 0.026562093051 0.0308707826506 0.0170720547053 0.0368764966064 
0.00740549331412 0.024076290653 0.0236325369025 0.0222510707298 0.0394368204742 -0.000650061254226 0.0264570968058 0.00781604004083 0.00174300637819 0.0156351855993 7.9466014342e-05 0.0321571801219 0.00696779486467 0.012662016254 0.0136251965021 0.0051934124319 0.00305117177622 0.0181700436815 0.0520223341017 0.00566490937422 0.338384916028 0.0250324153729 0.140812477669 0.00818130915545 0.00539454976382 -0.00544646439323 0.00783146171309 0.0148376953254 0.00315875724578 0.0152856365384 0.0321709369087 0.0179121548462 0.0145265968533 0.0129325837687 0.0214915134067 0.00753085488088 0.00407223076945 -0.00373583340947 0.000751708331389 0.0106926117074 0.00169678412814 0.00772121389832 0.0469722052162 0.0118022986473 0.0205800888399 0.0067318318641 0.0148190032667 0.00535742468004 0.0298328294461 0.0317000669448 0.0274376156804 0.017481729958 0.0268252651314 0.00631080088813 0.00842897708273 0.00415248661924 0.0397296781917 0.0338635359908 0.0380463911993 0.0124780123507 
0.0374848948794 0.010584319649 0.0171259073543 0.0179704152686 0.0274713797711 0.0131047015569 0.0208295463509 0.0294998797344 0.0197832391888 0.019774846584 0.00547441382175 0.0392700404735 0.0191911176692 0.00575455480797 0.00657358726225 -0.0070663892772 0.00757645882602 0.0128816815388 0.0344741299097 0.0175673542617 0.0250324153729 0.261923422517 0.02844473312 -0.0125708954529 0.00622654543024 0.00523321135791 -0.00686569326744 0.00650145461018 0.0252854398231 0.0280077492539 0.033856554706 0.0155241996189 0.0360225231002 0.0162454161534 -0.00626097429193 -0.0120848138419 0.0287061747476 0.0109802881142 0.00414650742595 0.0229727687555 -0.0175593133366 0.021813714632 0.019012836591 0.00494744463034 0.022727607215 -0.00786910107826 0.01780040497 0.019239043691 0.019435676868 0.0415446176557 0.0252471179726 0.0115424593993 0.0205918376351 0.00430878493962 0.0027590168435 0.0302669950814 0.00848863910772 0.0290224192929 0.0260856053909 0.0202945456138 
-0.0113520266017 0.00166781430402 0.017109281822 0.017213722296 0.0460209702345 -0.00761875043253 0.0312716211575 0.00836490755844 0.00192278156953 0.0186264714508 -0.00845762261266 0.0165973277678 0.0168485734795 0.0244005109105 0.0159121628001 0.00959373737118 0.00548298006254 0.00664466906635 0.05688582133 0.0132587695299 0.140812477669 0.02844473312 0.338116001535 0.00324757538072 0.0163153051899 0.00750463629628 0.0021570260279 -0.00101473751977 0.0266082320085 0.0201602193038 0.0160208097806 0.0193240355403 0.0089660353479 0.017003922987 0.0150235731181 0.00232831536808 -0.000861457229978 0.00211629399927 0.0025206639923 0.0158492161353 0.00547512905002 0.0219844094936 0.0278765669317 -0.00340813497894 0.0157757584434 -0.00652625053257 0.00537927122187 0.00302389287673 0.0491879357963 0.00399583382019 0.00572437148377 0.00847717782583 0.0535558486993 0.0197189578215 0.0358382050869 0.00259431291245 0.0175318140445 0.0361073460775 0.0343198282464 0.00724880100591 
0.00346453048417 0.0190761329231 -0.00364574910273 0.0128877149479 0.0163898936331 -0.00402329139588 -0.007042065457 0.00135984688475 0.00319004870279 0.0234878284081 -0.00756535338892 0.0482300856198 -0.00246801045056 0.00783582598861 -0.0011043723661 0.0152058038254 0.00743718043871 0.0180792051323 0.00656503133176 0.000509178388688 0.00818130915545 -0.0125708954529 0.00324757538072 1.25124720391 0.0066208689872 -0.00959381851806 0.00684239700064 0.00299357620027 0.0184144069452 0.0184778170434 0.0279203423644 0.00374808260509 -0.00574826395253 -0.000759438392448 2.74013668569e-05 0.00693054847456 -0.0061890720755 0.0108188899892 0.0372911151606 0.00154798264203 0.00072886709639 0.0107650707763 0.00338170630106 -0.00530151217511 -0.00383513260937 -0.00446871401883 0.013552656889 0.0250110863684 0.0421709568611 -0.00356184908222 -0.0162138159757 0.0142698766895 0.0139379757531 0.00387010372102 -0.0116174568592 0.00395774702592 0.0301751339436 -0.0139705986232 0.017476067544 0.0213581240099 
-0.0102293149653 0.00118706582461 0.0133891900723 0.0208928353281 0.015082551298 0.0123662091127 0.0162903692066 0.00852768393854 0.00975356326146 0.0191169122206 0.0264669450134 0.0378736131561 0.0106282400246 0.00125640705172 0.010311570608 0.0147722057378 0.00972883112486 0.0136614136947 0.0197513322915 0.0131548896309 0.00539454976382 0.00622654543024 0.0163153051899 0.0066208689872 0.290763146851 -0.000726309025394 0.0130913417711 -0.000307470133714 0.0297955980773 0.0146431521961 0.0168887761672 0.0117069198662 0.0292313972749 0.00373235906992 -0.00405449916439 0.0144269971151 -0.0239271972017 0.00310631845051 0.0116690190026 0.00659661527514 0.00816562674819 0.0330478498111 0.00366808318342 0.0095182491877 0.0213368758493 0.0135047437394 0.0107378675293 0.0110678159111 0.0213921006052 0.0227216513149 0.00748866213212 -0.0100324640707 0.0330684159898 0.0192007566531 0.0201433544016 0.0305245816434 -0.00273060830746 0.0168838479191 0.028585497022 0.043459299591 
0.00360957075403 -0.00526363278586 0.0202301155107 0.00920550267226 0.0111257358903 0.00755037628425 -0.0180415002638 0.0142383141722 -0.00280971037928 0.0432293683131 -0.0111937219494 0.00997788977844 0.0147425670434 -0.0052209647051 0.0107846620347 0.0191906601008 0.010013624323 0.0161049982772 0.0118433411274 0.013235347906 -0.00544646439323 0.00523321135791 0.00750463629628 -0.00959381851806 -0.000726309025394 0.394958359726 0.00514707730701 0.011846113498 0.00643549353377 0.0163642840047 -0.00311364329558 0.0277592803927 0.0165424768435 0.00378821955369 -0.00737881306106 -0.00151734309931 -0.0128337858231 -0.00540474201663 0.00632247253069 0.0131304653583 0.0185289107302 0.0297436665863 0.0124922249524 -0.00359202038802 0.0167839464334 0.0196536560581 0.0123772475646 0.00288446310169 -0.00756038837723 -0.00544443414973 0.0612833811833 -0.00364711662716 0.0151614345499 0.0138354788963 0.0450477192242 0.0237899732993 -0.00240406038374 -0.00109941190722 0.0190158765124 0.0228381309963 
0.00527965016056 0.0105379050941 0.00695461206109 -0.00113576843389 0.0014731051217 0.0149004113662 -0.00293131561399 0.0118063595616 0.0100683988427 0.01115882843 0.0372511385527 0.00428695455996 0.00132277170698 0.0138609001908 0.00522665666969 0.0133524473191 0.0169178830986 0.0108523147002 0.00290977261309 0.0140955599121 0.00783146171309 -0.00686569326744 0.0021570260279 0.00684239700064 0.0130913417711 0.00514707730701 0.195524137249 0.0107074680985 0.00207151389595 0.00249247324177 0.00438478775317 -0.00373781742665 -0.00220725108314 0.00575664658644 0.0118157597264 0.0120073659789 0.00811689808006 0.0019083562569 0.00912154557664 0.00528693711058 0.00604393662505 0.0156448140673 0.000861979319495 0.00564774461679 0.00953557784168 0.00744687441315 0.00493688206351 0.0122431671335 0.0129995614021 0.00572863325095 0.0138993785998 -0.00293105127804 0.00843814426898 0.00265784732828 0.00265402377176 -0.00674348755508 0.00690522113702 0.00980703407672 0.0100191326079 -0.000408603619934 
0.00943223850819 0.0134937275217 0.00938834266124 0.0110616536051 -0.00587251557611 0.0153018644088 -0.00028569039116 0.0266356617028 0.0366717223944 0.0149926551802 0.00154290929693 0.0242844803392 0.0120420371842 0.0108652955842 0.0188174956973 0.0104178559167 0.0441331917178 0.0236974457311 0.0119057097694 0.00455319731568 0.0148376953254 0.00650145461018 -0.00101473751977 0.00299357620027 -0.000307470133714 0.011846113498 0.0107074680985 0.14651695167 -0.00224771646347 0.00562928194971 0.0113571434406 0.00751265613258 0.0201918671159 0.00543141756585 0.00701406980709 0.0122254997566 0.00608197876599 0.00569392614663 0.00950235662864 0.0111063788571 0.012180297497 0.0290540971176 0.0139200789877 0.00619043815226 0.0330657521285 0.0110545340877 0.0457353096836 0.0101955980363 0.00649440998292 0.0134018031271 -0.0093348119552 0.00230320072775 0.0106570169424 0.0160884326714 0.00255874267603 0.0157359271525 0.00107392512057 0.0206598812141 0.0068371399079 -0.0047622890498 
0.0222938481892 0.0500458130228 -0.00309552897078 0.0192986044565 0.0261129290247 0.00104650282845 -0.00834200695159 0.00231710087655 0.00471719467951 0.0118688208869 0.00460993096768 0.0296191040845 0.0140204483033 0.0081205786251 0.0218862922265 0.0103351029503 0.000952724714166 0.0154154039749 0.0251204900698 0.0107018603575 0.00315875724578 0.0252854398231 0.0266082320085 0.0184144069452 0.0297955980773 0.00643549353377 0.00207151389595 -0.00224771646347 0.349053354454 0.0182284408199 -0.00665971548506 0.0233165797953 0.0295504358263 0.0181632784141 0.0128498895419 -0.00109013949906 0.0103913691917 0.0179965917605 0.00413555404224 0.0184276958334 0.0110296547831 0.00846408828324 -0.00466385065476 6.1007329262e-05 0.0189517815808 -0.031838468201 -0.0108377355729 0.00105874080081 0.00483585057268 -0.00168111279841 -0.00153642141376 0.0233089905295 0.0290240655147 0.0253729350091 -0.0164294366269 0.0182283519938 0.020833821374 0.0209286891911 0.00900276893053 0.0130127554762 
0.0354776571603 0.00972672415907 0.00506394325104 0.0170693799143 0.0207608875891 0.0107515405473 0.0035406589804 -0.00332943814683 9.89435346757e-05 0.0362268948448 0.0069141368509 0.00719139042591 0.0147483866899 0.0111447430535 0.0111383134231 0.0063736495018 0.00750917370228 0.017807101683 0.0166044207186 0.0218835394557 0.0152856365384 0.0280077492539 0.0201602193038 0.0184778170434 0.0146431521961 0.0163642840047 0.00249247324177 0.00562928194971 0.0182284408199 0.218356172343 0.0171966967357 0.0249605077255 0.0397274987808 0.0151378749412 0.0176674244004 0.00642209484877 0.0254672629325 0.0183924910271 0.0189911990303 0.0227639225258 0.0242885876777 0.0152238192766 0.00340739881079 0.00989691457492 0.0113578149963 0.000143563697371 0.0113733724509 0.00377397312836 0.0395085616626 0.0212948458867 0.0223446625958 0.00834336804538 0.0233386579642 0.0202232229663 -0.0043314066146 0.0444387008427 0.0271118916101 0.0263531240398 0.0169673619567 0.0311128586149 
0.00917402234973 0.0115299910587 0.000219822963949 0.0131786892391 0.0423711088401 0.585255177564 0.0332994008282 -0.00194018254994 -0.00258130941181 -0.000672597546091 0.0101937913286 0.012352913912 -0.00238519698167 0.00884478895188 0.0232019189714 0.0337151847341 0.00374536955807 0.0437725114423 0.0621758068097 0.00353926743755 0.0321709369087 0.033856554706 0.0160208097806 0.0279203423644 0.0168887761672 -0.00311364329558 0.00438478775317 0.0113571434406 -0.00665971548506 0.0171966967357 1.99069568839 0.00117852892114 0.0258296708102 0.0410124502348 0.001605080349 0.0109779231948 0.0287473200517 -0.0114462715743 0.00531169028701 0.00400749403939 0.00884980341052 -0.00575233433733 0.0209631283451 -0.000914956048499 0.0379980242885 0.00148190943712 0.00449970797804 0.0139827449432 0.0992536864998 0.0433159717578 0.00866909598939 0.038691618873 0.00123006666949 -0.0186049712688 0.0575742485187 0.0281731279911 -0.0160071008511 0.0449728047611 0.0108110905145 -0.0219910033422 
0.00839778521201 0.0299221214007 0.0211179879118 0.0132390940763 0.0354864044131 -0.016360078257 0.0105630107771 0.00540516604203 0.00103790562599 0.0116272558987 0.00619132650465 0.021466117541 0.00121474085702 0.0082733064228 0.0164242917086 0.00988571434885 -0.00158960694816 0.0106579916254 0.0107094283421 0.0180435077234 0.0179121548462 0.0155241996189 0.0193240355403 0.00374808260509 0.0117069198662 0.0277592803927 -0.00373781742665 0.00751265613258 0.0233165797953 0.0249605077255 0.00117852892114 0.218714973707 0.0374941147913 0.026269730193 0.0233309022413 0.0142720236237 0.0118235024044 0.00511369542792 0.0135198026577 0.0130102748955 -0.00267316440027 0.0216443307636 0.0120379207038 -0.00306372724371 0.0136746551481 0.00441574468398 0.00791709682505 0.0112616861897 0.0313220850112 0.013637080441 0.0321624974852 0.0144145299936 0.0113657368714 0.0159123850365 0.00378017538491 0.0229580969666 0.0387753176893 0.027475316203 0.0247106102007 0.0236795168369 
0.0293301586934 0.0332258389293 0.010175858043 0.0394804303316 0.0315461061006 0.00736497692911 0.0169265777112 -0.00745466104591 -0.00464625713749 0.0387917328341 0.0205912699605 0.013659074125 0.00917624108641 0.0124220752989 0.0343965755717 0.0190010613659 0.00778835902731 0.0373363537478 0.024748337516 0.0189414578909 0.0145265968533 0.0360225231002 0.0089660353479 -0.00574826395253 0.0292313972749 0.0165424768435 -0.00220725108314 0.0201918671159 0.0295504358263 0.0397274987808 0.0258296708102 0.0374941147913 0.284707381262 0.0245816236155 0.0201464697318 0.0153296768198 0.0858950650613 0.0127636479452 0.0247534795069 0.022376639852 0.00527314790487 0.0352889699169 0.00265525788982 -0.000320284493189 0.0466132802637 0.0130070877477 0.0127454851246 0.0302150184089 0.0569647142439 0.00480450748418 0.0316053851057 0.0248600941214 0.0142461767479 0.00579721569187 0.008023400256 0.0305685190422 0.00779043567257 0.0364564721174 0.0452820575646 0.0245540707163 
0.0560526845301 0.019011399991 0.0102653112678 0.0186602610336 0.0358659376049 0.0084221309501 0.00243852934176 0.0100051484646 0.00880790067359 0.015706717951 0.00333597510077 0.0105998222159 0.0184657073272 0.042207153925 0.0294820177871 0.0167990029448 0.0170347500112 0.0280313285494 0.0324505661835 0.00161327602398 0.0129325837687 0.0162454161534 0.017003922987 -0.000759438392448 0.00373235906992 0.00378821955369 0.00575664658644 0.00543141756585 0.0181632784141 0.0151378749412 0.0410124502348 0.026269730193 0.0245816236155 0.232176746836 0.06401718684 0.00440734597813 0.00241510933216 0.0114690393281 0.0452195248046 0.0243789804758 0.0137764536346 0.0194825929102 0.0107307485706 0.00256815770675 0.0137585181853 -0.00608054666908 0.00927524895494 0.000140081248768 0.0100369807799 0.0305649610145 0.0179439524876 0.0136840354106 0.0251141834485 0.00930579786052 0.0109089684807 0.00960738130958 0.010470833312 0.0206982246354 0.0141019941965 0.0166998177147 
0.0693487980246 0.0073504173268 0.0111393888632 0.0104886179326 0.0247666105889 0.0142546999243 -0.0164774004275 -0.000908884503727 0.00744060307822 0.0253440478165 0.00865365699618 -0.00214051761482 0.0163078896647 0.0324514610419 0.0237251914549 0.000881003541987 0.00081906343129 0.012359469614 0.012019530641 0.0131771832101 0.0214915134067 -0.00626097429193 0.0150235731181 2.74013668566e-05 -0.00405449916439 -0.00737881306106 0.0118157597264 0.00701406980709 0.0128498895419 0.0176674244004 0.001605080349 0.0233309022413 0.0201464697318 0.06401718684 0.497199737812 -0.00728963423224 0.00849243557183 0.0185399877929 0.0570306594926 0.0141670238419 0.00992624565593 0.0152621516195 0.00629924287862 0.0143808444709 4.63477902802e-05 -0.0130259885296 0.00772440138166 0.0105668252366 0.0352887246798 0.0242188841679 0.00601330830182 0.00134246544968 0.00906670765023 0.0492668367097 -0.019104217165 0.00195120496309 0.0265871583054 0.0321476958582 0.0102084528791 0.0116313346467 
0.00671332062149 0.0127191833803 0.00289172160302 0.0223431354449 0.0163790793582 0.0115661669826 -0.0059038168461 0.0110661997464 -0.000477877501301 0.00355227920164 0.00409673862523 -0.00820524440856 -0.00256233850313 0.00480238422837 0.0100252781704 0.00667987787487 0.0150866193051 0.0152736577389 -0.000144046094563 0.00413689260937 0.00753085488088 -0.0120848138419 0.00232831536808 0.00693054847456 0.0144269971151 -0.00151734309931 0.0120073659789 0.0122254997566 -0.00109013949906 0.00642209484877 0.0109779231948 0.0142720236237 0.0153296768198 0.00440734597813 -0.00728963423224 0.159023045066 0.00431092890918 0.00994580707517 0.0053395311892 0.00540791816508 0.0075707619024 0.0100181097847 0.00571835069136 0.0035794272583 0.0102462301971 -0.00109615350746 0.000711934181922 0.0145719069432 0.000337169299254 0.00121990874972 0.00816985090275 0.0142481813176 0.00435290231672 0.00153870059903 0.015884680908 0.0106189176572 0.00330348031277 0.00322047420358 0.00374177759626 0.0141834937944 
0.00903484277087 0.0655283946311 -0.000193495486666 0.0226920543119 0.0430119196151 -0.0109262927746 0.0104557316155 -0.00209281290855 0.0104417309142 -0.00246648156328 -0.00199964095846 0.0289004035125 0.00122934525365 0.0109155629218 0.0243791115717 0.00630140338188 0.00634414019387 0.0109459590928 0.0192738620228 0.0446475661007 0.00407223076945 0.0287061747476 -0.000861457229978 -0.0061890720755 -0.0239271972017 -0.0128337858231 0.00811689808006 0.00608197876599 0.0103913691917 0.0254672629325 0.0287473200517 0.0118235024044 0.0858950650613 0.00241510933216 0.00849243557183 0.00431092890918 1.3252743241 -0.0178342708164 0.0161884254321 0.0134483774743 0.00439551444349 0.0274988958222 -0.00739786549707 0.00711904190158 0.0284732171298 0.0215729171878 0.0118349817363 -0.0334430606981 0.107605534398 -0.00220800953849 0.0207060725791 -0.0425753526233 -0.000328488064246 0.0211603818464 0.0688069201172 0.00919944636922 0.0385658314155 0.030092171981 -0.0007180642197 0.0176961490314 
0.00732398324797 0.0275050601969 0.00682144296226 0.0693227513744 0.0079294526661 0.0236824469192 0.0109377628401 -0.0184036040552 -0.00307603147833 -5.56406942243e-05 -0.0152572661855 0.0169279716052 0.00942753257685 -0.00917099135554 -0.00961912303959 -0.00618928386042 0.00262933650937 -0.0031613181652 0.00295187960342 0.0196389257857 -0.00373583340947 0.0109802881142 0.00211629399927 0.0108188899892 0.00310631845051 -0.00540474201663 0.0019083562569 0.00569392614663 0.0179965917605 0.0183924910271 -0.0114462715743 0.00511369542792 0.0127636479452 0.0114690393281 0.0185399877929 0.00994580707517 -0.0178342708164 0.526502676079 0.0338206601555 0.0123267339322 -0.002864363491 0.0188106335886 -0.0122103100211 0.00148188703558 -0.000132327364203 -0.0100682538436 -0.00643320212299 0.0229653427227 0.0171864475542 0.00884128327688 0.00998606691157 0.0030308622174 -0.000570219424933 0.015348189239 0.00347013929045 0.0113892257623 0.0264273838689 0.00966902887113 0.0127639498687 0.00812445648804 
0.0358316277393 0.00280390036333 0.00615018494086 -7.01743004857e-05 0.0123003165436 0.0133053149647 -0.0034823468465 0.00303860315545 -0.000856707398593 0.0111289386916 -0.00709306847147 0.00802309560165 0.00237932232262 0.0335305997328 0.0172929166794 0.00689684112508 0.000560260354195 0.00529925019402 0.00218705091072 -0.00654119269804 0.000751708331389 0.00414650742595 0.0025206639923 0.0372911151606 0.0116690190026 0.00632247253069 0.00912154557664 0.00950235662864 0.00413555404224 0.0189911990303 0.00531169028701 0.0135198026577 0.0247534795069 0.0452195248046 0.0570306594926 0.0053395311892 0.0161884254321 0.0338206601555 0.291105951651 0.00083530633596 -0.00326195352885 0.0117320664684 0.020556016273 0.0110132961706 0.0100383813013 -0.00399148126696 0.0117706285831 -0.0017493386593 0.0227128121999 0.0253604779198 0.0397984344923 -0.00677482279154 0.00654761511585 0.000960285885894 0.00343021468913 0.0140275695521 -0.00295211823038 0.00638993933539 0.0136855367137 0.00771435717254 
