20
0.0442318588416 0.0180781461794 0.0291248595558 0.197480990077 0.0442487549982 0.0125275076286 0.118814959333 0.0599327976672 0.101481112582 0.162626926374 0.13159191543 0.0256345374975 0.0361599942098 0.0231877092109 0.0149217979249 0.093312473985 0.192324736986 0.0466521206007 0.15397042743 0.0146510565804 
0.257221986772 0.0157615041815 0.0179197148361 0.0344309111839 0.0327390878842 0.0263141841185 0.0343835240747 0.0255350215533 0.0118213892986 0.0102679635985 0.0312523752981 0.0191905963272 0.0318465802911 0.0141744675227 0.0346220840657 0.0293907607734 0.0698308458932 0.0297583381197 0.0149431367399 0.0282688770061 
0.0157615041815 0.253506366054 0.0100009549412 0.00407210398266 0.00265947106846 0.00813984010175 0.00498364416796 0.0234230486589 0.0078484253985 -0.00841645152459 -0.000271532794626 0.011783510319 0.0138343529474 0.0172508513663 0.00208591958083 0.00434595557307 0.0307581295429 0.0113189498573 0.0106588844914 0.0140643956091 
0.0179197148361 0.0100009549412 0.251391636735 0.0122320763636 0.00724291049872 0.00880485902289 0.000945697135341 0.0143966008998 0.0157794579708 0.00429171295421 0.0208734752471 0.0264995621931 0.0119407601298 0.0127672467964 0.00650265036575 0.0187624856319 0.0414852130927 0.0130815546012 0.00777388536482 0.0215785442206 
0.0344309111839 0.00407210398266 0.0122320763636 0.884195042086 0.0168130603925 0.00208811501069 0.0407570783212 0.0205282481797 0.00761541188076 0.0161417517534 0.0336742835311 0.0179048580835 0.00618119625704 0.00613208176843 0.0415936904159 0.0140900594438 0.0547414622752 0.0127470851116 0.0464889277216 0.0121534657361 
0.0327390878842 0.00265947106846 0.00724291049872 0.0168130603925 0.285723308465 0.0126543186897 0.0197989539195 0.0083403454248 0.00920817723616 0.0131603428705 0.0231559150961 0.00961671075483 0.0147994233999 0.0150666375323 0.0344298352637 0.00264328878275 0.0204655796571 0.0172521868016 0.0041723317607 0.0090398806961 
0.0263141841185 0.00813984010175 0.00880485902289 0.00208811501069 0.0126543186897 0.305029081904 0.0155082981299 0.036208336118 0.0378876760942 -0.00469749336514 0.0265211099644 0.0194274281805 0.0198255593629 0.0299218365321 0.0314126689258 0.00773726929524 0.0272242379586 0.0147383659285 0.0290911760262 0.0242030337081 
0.0343835240747 0.00498364416796 0.000945697135341 0.0407570783212 0.0197989539195 0.0155082981299 0.508999151774 -0.00727658146356 0.0264405049967 0.0165740939262 0.0445365468384 0.0134489319656 0.0197530091089 0.00782797749545 0.0627389659124 0.025725952247 0.0593180218005 0.0297185114231 0.0350369838129 0.0184227520283 
0.0255350215533 0.0234230486589 0.0143966008998 0.0205282481797 0.0083403454248 0.036208336118 -0.00727658146356 0.342690016416 0.0147625992632 -0.0011196757082 0.0395555005458 0.0214941851572 0.00420329965369 0.0245380933475 0.00661804399571 0.033281793379 0.0436794738911 0.00998654507931 0.0207082647546 0.0145627388426 
0.0118213892986 0.0078484253985 0.0157794579708 0.00761541188077 0.00920817723616 0.0378876760942 0.0264405049967 0.0147625992632 0.927973014679 0.00892765715463 0.0240488889834 0.0045942889256 0.00270894947684 0.000344242699717 0.0311189989821 0.00371415177394 0.0308792584234 0.00411341709861 0.00597008712193 0.0137348664004 
0.0102679635985 -0.00841645152459 0.00429171295421 0.0161417517534 0.0131603428705 -0.00469749336514 0.0165740939262 -0.0011196757082 0.00892765715463 1.12684763636 0.0702632453901 0.0100111141244 0.0509552473513 0.00443687080789 -0.00514669428228 0.0526192559525 0.0191604431964 0.0429612250258 0.0450729926214 0.00312714940809 
0.0312523752981 -0.000271532794626 0.0208734752471 0.0336742835311 0.0231559150961 0.0265211099644 0.0445365468384 0.0395555005458 0.0240488889834 0.0702632453901 0.485874431947 -0.00955062370116 0.02555337803 0.00582903600932 0.0252010588452 0.19100717657 0.15138782079 0.0529908386567 0.170816573367 0.00874458321845 
0.0191905963272 0.011783510319 0.0264995621931 0.0179048580835 0.00961671075483 0.0194274281805 0.0134489319656 0.0214941851572 0.0045942889256 0.0100111141244 -0.00955062370116 0.184732160337 0.019197244998 0.0265846108225 0.0234227234176 0.00220426733135 0.0282459526777 0.00847993702521 0.00298156305895 0.0222515510642 
0.0318465802911 0.0138343529474 0.0119407601298 0.00618119625704 0.0147994233999 0.0198255593629 0.0197530091089 0.00420329965369 0.00270894947684 0.0509552473513 0.02555337803 0.019197244998 0.239710462113 0.023493198734 0.0130986524817 0.00782888272321 0.0390398620316 0.0674963003384 0.0371650526007 0.00912488349868 
0.0141744675227 0.0172508513663 0.0127672467964 0.00613208176843 0.0150666375323 0.0299218365321 0.00782797749545 0.0245380933475 0.000344242699717 0.00443687080789 0.00582903600932 0.0265846108225 0.023493198734 0.2268532304 0.0211772892394 0.0126289427983 0.0294914336699 0.00643771880003 0.0200036750954 0.00193605141725 
0.0346220840657 0.00208591958083 0.00650265036575 0.0415936904159 0.0344298352637 0.0314126689258 0.0627389659124 0.00661804399571 0.0311189989821 -0.00514669428228 0.0252010588452 0.0234227234176 0.0130986524817 0.0211772892394 0.332537856358 0.0194445945457 0.032715612808 0.0035084599498 0.0125079038174 0.0291387606175 
0.0293907607734 0.00434595557307 0.0187624856319 0.0140900594438 0.00264328878275 0.00773726929524 0.025725952247 0.033281793379 0.00371415177394 0.0526192559525 0.19100717657 0.00220426733135 0.00782888272321 0.0126289427983 0.0194445945457 0.406694219567 0.0871147496163 0.0121823595765 0.109383936922 -0.00327410968444 
0.0698308458932 0.0307581295429 0.0414852130927 0.0547414622752 0.0204655796571 0.0272242379586 0.0593180218005 0.0436794738911 0.0308792584234 0.0191604431964 0.15138782079 0.0282459526777 0.0390398620316 0.0294914336699 0.032715612808 0.0871147496163 0.667438608232 0.028502260167 0.126898261815 0.0274507504106 
0.0297583381197 0.0113189498573 0.0130815546012 0.0127470851116 0.0172521868016 0.0147383659285 0.0297185114231 0.00998654507931 0.00411341709861 0.0429612250258 0.0529908386567 0.00847993702521 0.0674963003384 0.00643771880003 0.0035084599498 0.0121823595765 0.028502260167 0.258137950837 0.0223721753202 0.0204412065183 
0.0149431367399 0.0106588844914 0.00777388536482 0.0464889277216 0.00417233176069 0.0290911760262 0.0350369838129 0.0207082647546 0.00597008712193 0.0450729926214 0.170816573367 0.00298156305895 0.0371650526007 0.0200036750954 0.0125079038174 0.109383936922 0.126898261815 0.0223721753202 0.58899310726 -0.00614621527061 
0.0282688770061 0.0140643956091 0.0215785442206 0.0121534657361 0.0090398806961 0.0242030337081 0.0184227520283 0.0145627388426 0.0137348664004 0.00312714940809 0.00874458321845 0.0222515510642 0.00912488349868 0.00193605141725 0.0291387606175 -0.00327410968444 0.0274507504106 0.0204412065183 -0.00614621527061 0.160452946515 

['PX', 'RRD', 'MSFT', 'AAPL', 'DIS', 'S', 'SUNW', 'AGN', 'CSCO', 'TXU', 'RDC', 'PG', 'PPL', 'CZN', 'DELL', 'NBR', 'FCX', 'EXC', 'VLO', 'GE']