50
0.0355019489908 0.0440278725419 0.133882810383 0.0130713531851 0.185879968849 0.0565518641406 0.0267221777707 0.0330111524363 0.0791308905459 0.0715007016099 0.0594494044175 0.153319254475 0.0412963652708 0.239728898705 0.266244884644 0.0304896250645 0.0125275076286 0.0331056926512 0.0549811443135 0.0231907610599 0.0428749123775 0.0340754658053 0.0151091702759 0.118814959333 0.0664901393557 0.125871369107 0.138528932385 0.0263662592882 0.0861911318708 0.0271794955288 0.0335346879574 0.142835786571 0.0442487549982 0.0146510565804 0.0256056876134 0.148705689344 0.0220144037379 0.0594687244428 0.0486664598358 0.0387981152642 0.0155341374053 0.0528259349661 0.0582377086348 0.265107550494 0.128413882411 0.0373994541978 0.0878126089614 0.0988670942005 0.0316848802341 0.0754552666066 
0.305715311536 0.0192341767822 0.0125824341886 0.00299869527816 0.0331659471392 0.0167029697888 0.0108709307411 0.022755602098 -0.010146968459 0.0104923342597 0.0224843271012 0.00654453930419 0.0136436819387 0.0180693487132 0.047920863029 -0.00976283051923 -0.00752814517423 0.0163173744123 0.0151088737982 0.00202441240867 0.0301373031734 0.00533879856114 0.0199907942995 0.0146499786668 0.00454910575187 -0.000659624021171 0.0158282421844 0.00811787749647 0.00597118405145 0.0199152104518 -0.000163348144276 0.0103448604583 0.0205114810962 0.0103740147926 0.0194842846657 0.0397671577454 -0.00182094534482 0.0141069117163 0.00042933750825 0.0148533024644 -0.015817272456 0.0336516067865 0.0455936109476 0.00440522793201 0.0123815998053 0.0144758787932 0.0140843694087 0.0286498197331 0.0204332371465 0.0323773339576 
0.0192341767822 0.226116418987 0.0130186553316 0.00839859140436 0.0276659658161 0.0240127067885 0.0220548056026 0.0226517882586 -0.000921326094798 0.00828737200391 0.0182040673661 0.0198635873109 0.0106798183579 0.0331958598005 0.0115856038777 0.00905654713119 0.0330165327027 0.00519402100556 -0.000644897664648 0.0156365031886 0.0124949259281 0.0168346085307 0.00904116924808 0.00296296327324 0.0425163065458 0.00210145806644 0.0211434178303 0.0266839057214 0.0191180551912 -0.000257095074153 0.00522971765262 0.00951176725213 0.0333744216964 0.00766160204234 0.0125928634104 0.0362580904276 0.00513498996839 0.00714790885199 0.0182911548052 0.0149538193686 0.00993742440183 0.0140594205506 0.00818667783578 -0.0167761719975 0.0026720871419 0.0177382071949 0.00413680329112 0.0200385227562 0.0110798267017 0.0321807162794 
0.0125824341886 0.0130186553316 0.461439587885 0.0111063151163 0.0749014326674 0.0197470229248 0.040143508803 0.00758763007509 0.0140650854196 -0.00170772515391 0.0327321067114 -0.000683962114462 0.00198421135015 0.0700176613245 0.0434200462148 0.00873243681688 0.0116129584163 0.0287737440615 0.00611936875989 0.0230822769545 0.0170675255893 0.0035462236011 -0.000437954571503 0.0239823928845 0.00485139418611 0.00386993556358 -0.00113514639956 0.0311969500445 0.0160647796278 0.00879232549749 0.00967315646827 -0.00167887052671 0.0128389366696 -0.00454872889159 0.00278694278245 0.0108499202638 0.0278636110789 0.020464780458 0.0161772125997 0.0251398105648 0.00989826583205 0.0085999521905 0.000936850658195 0.0259101022711 0.196167864112 0.0234068412591 0.0307537370064 0.0366377775923 0.0197519987627 0.0318137000041 
0.00299869527816 0.00839859140436 0.0111063151163 0.135298633898 0.0194949559437 0.0233588567089 0.0344769097246 -0.00190184053045 0.0117746144787 0.0177771647026 0.0159014330206 0.0156460217446 0.0149953387559 0.0111421026614 0.00431789401407 0.00231333495784 0.00613808937214 0.0440438479941 0.0065667887904 0.00950122693261 0.0186880241968 0.0202191638878 0.0160871640613 0.0086387375237 0.0171254129944 -0.00841419539169 0.00473133259792 0.000714096194488 0.00437719758533 0.00732111208568 0.0206182078099 0.00649732887845 0.00380219925208 0.00820820068837 0.00930494876903 -0.000219643270155 0.0375698365877 0.00479895420919 0.0073938376847 0.0100428029675 0.0110248978955 0.0126840839764 0.0194408776609 -0.0202875866453 0.0232843157334 0.0119327063195 0.00426549715513 0.00160881795317 0.0157039610119 0.0185916385418 
0.0331659471392 0.0276659658161 0.0749014326674 0.0194949559437 0.642742737549 0.0280062102802 0.0307374915798 0.0263959023212 -0.00641457598288 0.010647855739 0.0378010631853 0.0313728906899 0.0306991963581 0.071198819482 0.0430382347349 -0.00233262672115 0.0230431593176 0.036031746805 0.0326859610326 0.00686203212146 0.0148783103089 0.0285205613234 0.0117835577633 0.0392823232115 0.0300113588802 0.0321467445661 0.0104998989626 0.0479770233815 0.025653808605 -0.0056039731294 0.013063156207 0.0102183537498 0.020970314326 0.00517047850403 0.0131340415698 0.0507000037593 0.019341381409 0.0321107966159 0.0249801481079 0.0542093523587 0.0108706820308 0.0201338354037 0.0150004471744 0.012809136904 0.0939783900506 0.0150079255875 0.0375310215047 0.0524756613918 0.0469817424667 0.0156617870943 
0.0167029697888 0.0240127067885 0.0197470229247 0.0233588567089 0.0280062102802 0.2425903259 0.0197490137291 0.0183799340938 0.0133062254261 0.0244451881831 0.0358577822267 0.0240147935442 0.0109305068598 0.0413903896004 0.00571636300006 -0.0019183200765 0.0102838443489 0.0352054446879 0.0229386592982 0.0197756242254 0.0292166060687 0.00680525721228 0.0171438406475 0.026115694065 0.0310559087145 -0.00678632618337 0.0347264127926 0.0290998101084 0.00918591961499 0.00852985505483 0.0210929192719 -0.00166023998193 0.010512689194 0.0142697395484 0.0166394049305 0.0223673966721 0.0323223940063 0.00792143102172 0.00828206182403 0.0218659879865 0.00386718867481 0.0143616861478 0.00891038451001 -0.00687417989336 0.0355009228269 0.0121908369706 0.014103950092 0.0181889832834 0.0175164414283 0.0407130077914 
0.0108709307411 0.0220548056026 0.040143508803 0.0344769097246 0.0307374915798 0.0197490137291 0.177694720717 0.0276499291787 -0.0015511532216 0.0175000532078 0.0332592780629 0.0107363635161 0.0113684176977 0.026907567936 0.0131720708947 0.00829862398086 0.0142637354797 0.0381236875793 0.00840280082371 0.0162703734653 0.014986454739 0.00864328680558 0.00747502901354 0.0065540156834 0.0323355257252 0.00344409525627 0.0297661999329 0.0279400768547 0.0106518000963 0.0116848647576 0.0182165243369 0.00715260089725 0.0155193658569 0.0112498376861 0.00748677573729 0.0156136407073 0.0398368425466 0.00136575971108 0.00577226886775 0.0191542836464 0.00317274497695 0.0128994541289 0.00997057684749 -0.0178922456737 0.0400923817805 0.0161855514034 0.0191623711826 0.0139739611709 0.0216117072425 0.0148466607024 
0.022755602098 0.0226517882586 0.00758763007509 -0.00190184053045 0.0263959023212 0.0183799340938 0.0276499291787 0.305054607778 0.000434123531634 0.00745384276103 0.0292083315275 0.0389256143398 0.0237783275586 0.0418728164295 0.0361305554401 0.00498100774191 0.0307710008449 0.00575735282026 0.0123853367741 0.0140669353017 0.00962662279673 0.00332868432847 0.0243054432722 0.00204415662685 0.0499159820526 0.0402303578683 0.0382706975433 0.0445481539229 0.0270887258039 0.0228430755127 0.0150387300277 0.0302055424474 0.0128155499256 0.0162934881025 0.0113252040603 0.00450403614816 0.00124213482462 0.0165927567912 0.0280120067564 0.00380874074085 0.00956994244341 0.0112701567965 0.00721732940698 0.00231602414532 0.0215187016614 0.035070779373 0.0232627718476 0.0241072213492 0.0231285129102 0.0520801496877 
-0.010146968459 -0.000921326094797 0.0140650854196 0.0117746144787 -0.00641457598288 0.0133062254261 -0.0015511532216 0.000434123531634 0.615198317103 0.0560917497453 -0.00108122052157 0.0156420102329 0.010102805265 0.0164718404227 0.035766901153 0.016849298062 0.0288898532204 -0.00127747973461 0.00373757073726 0.005192900416 -8.73147369461e-05 0.00133184531016 0.00833079272882 0.0218354388723 0.0228675158151 -0.0173897029388 0.000751825623725 0.00986983567339 0.0670989367288 -0.000240918919636 0.0151688278374 -0.00832917580055 0.00964050195304 0.0151829620516 0.00440095790093 -0.000705669924276 0.00470544609145 0.0178470865375 0.00315555780943 9.97528709208e-05 0.00927347481788 -0.00629075373837 0.00323493156924 0.000318582735755 0.0379271217918 0.000540656266582 0.0134566572665 0.0229334788361 0.0158356842047 -0.00258746235118 
0.0104923342597 0.00828737200391 -0.00170772515391 0.0177771647026 0.010647855739 0.0244451881831 0.0175000532078 0.00745384276103 0.0560917497453 0.586905692912 0.0148283991021 0.0217282766562 0.00668909536331 0.0479379373393 0.00836808992523 0.00701841519006 0.0100537495084 0.0199973710625 0.0227345410877 0.00995712894973 0.0208997693485 -0.00379124240666 0.0241289329149 0.0045104195756 -0.00664421911234 0.00889342243432 0.00303963709973 0.0120850869218 0.00208640869102 -0.00429452002991 -0.000366312682169 0.0047690221632 0.0140125815614 0.00768867163839 0.00954882871297 0.00898543751373 0.0157111953279 0.0203655607392 0.00653286706429 0.00209433681269 0.00129842051893 0.0144990275886 0.00415692274404 -0.00613217033187 0.00152470956861 0.00557235824111 0.0086185811269 0.00539633132196 0.00909314646636 0.0285940567248 
0.0224843271012 0.0182040673661 0.0327321067114 0.0159014330206 0.0378010631853 0.0358577822267 0.0332592780629 0.0292083315275 -0.00108122052157 0.0148283991021 0.28164330393 0.0397573656708 0.00568908349545 0.0419839540938 0.0270075100303 0.0120188098481 0.0114118638674 0.0298079166357 -0.00080772127802 0.0362169175419 0.0412999610463 0.00299482686103 0.0114140786443 0.0250633568331 0.0495945945918 0.00717949209287 0.0145561953085 0.0367268602105 0.0453142296496 0.0252290008333 0.0161684940424 -0.00295548634924 0.0229027766241 0.0238304557986 0.0163187028707 0.0383383996377 0.0132796629374 0.0225540889526 0.0220187345874 0.0478736753715 0.00584475696413 0.0526062335565 0.0204735837159 0.00921604574143 0.00444131198187 0.023872648153 0.0195018510338 0.0316580339669 0.0377564720784 0.0248179827705 
0.00654453930419 0.0198635873109 -0.000683962114461 0.0156460217446 0.0313728906899 0.0240147935442 0.0107363635161 0.0389256143398 0.0156420102329 0.0217282766562 0.0397573656708 0.607088549422 -0.000332067563181 0.143400685232 0.0524205951297 0.021133439837 0.0196527468986 0.00269609819557 0.0118580322214 0.0146395479816 0.0208133681374 0.0154989933334 0.016524103187 0.023376512724 0.0914131671597 0.0199513650855 0.00742708721149 0.0478212067982 0.0124945117167 0.0187182045438 0.00980466467814 0.0233215969825 0.0238729629644 0.0218985315596 0.028013710931 0.0253427316799 0.0128072990837 0.0110440087354 0.0115698221515 0.0310371114706 0.0258022895932 0.00669859592385 0.0313208989689 0.000393857378342 0.0180888526842 0.0284249766918 0.0450423278347 0.0331068436456 0.0252388937951 0.0463103817641 
0.0136436819387 0.0106798183579 0.00198421135015 0.0149953387559 0.0306991963581 0.0109305068598 0.0113684176977 0.0237783275586 0.010102805265 0.00668909536331 0.00568908349545 -0.000332067563181 0.243467324624 -0.00192515355415 -0.000554763035242 0.00937107038508 0.00536782307521 0.0210014746847 -0.00305238168634 0.0122085221278 0.0137682748165 0.00513303352949 0.000177168063085 0.0054464852838 0.0324555876637 0.00205868222198 0.00415145468327 0.00674020725224 0.00236608062233 0.0215530797669 0.015640453468 0.0366947363971 0.0200555581371 0.0117935828571 0.000259513538213 0.0104722378789 0.0218608434674 0.0118436326166 0.017801209303 0.0143866936926 0.00470119535927 0.00706677129878 0.0112783864785 -0.00699257158611 0.00465791298828 0.0134685368891 0.00808101839617 -0.00219548503792 0.00588144560057 0.0170639196729 
0.0180693487132 0.0331958598005 0.0700176613245 0.0111421026614 0.071198819482 0.0413903896004 0.026907567936 0.0418728164295 0.0164718404227 0.0479379373393 0.0419839540938 0.143400685232 -0.00192515355415 0.863830990057 0.0821293797134 0.0182250467725 0.0327979679283 0.0187976972342 0.0463362404324 0.00825717347856 0.0285691236971 0.0191075451139 0.0135394439648 0.0874844542768 0.0544343894777 0.0312624414731 0.0354381177332 0.068659548873 0.0826196568938 0.0374025302891 0.00786728285618 0.00261566477871 0.043959271406 0.0186166866566 0.0179669088405 0.0751869005788 0.0192274818101 0.00838663195611 0.0163906792972 0.0421752809747 0.0264400432889 0.0123520934233 0.00935830786555 0.0046442844338 0.0699351640775 0.040667848432 0.101385860066 0.0800267552446 0.00983303370937 0.0512669677723 
0.047920863029 0.0115856038777 0.0434200462148 0.00431789401407 0.0430382347349 0.00571636300006 0.0131720708947 0.0361305554401 0.035766901153 0.00836808992523 0.0270075100303 0.0524205951297 -0.000554763035242 0.0821293797134 2.25177305083 0.0123166604965 0.00505195188755 0.00530524019875 0.0187214639166 0.0662696179314 0.0366374861335 0.00550863638961 0.0107595389232 0.0021118676625 0.0291703555111 0.0057367047585 0.0155718029925 -0.00551066656536 -0.0100136927717 0.0123982160911 -0.00708710065129 0.0229715037777 -0.0103712922887 0.0161576270226 0.0121802703836 0.0184075917721 -0.00522701851994 0.0396196968677 -0.00162501082711 -0.00938801140388 -0.00141216901522 0.0255249647181 0.0156749653912 0.251154917938 0.0166409301691 -0.00146149916987 0.154082627882 0.060701229701 0.0119978948843 0.01903639709 
-0.00976283051923 0.00905654713119 0.00873243681688 0.00231333495784 -0.00233262672115 -0.0019183200765 0.00829862398086 0.00498100774192 0.016849298062 0.00701841519006 0.0120188098481 0.021133439837 0.00937107038508 0.0182250467725 0.0123166604965 0.208316436292 0.0196774051354 -0.00400511296681 0.0237084217423 0.0217755365565 0.00591760443712 0.0092195654064 -0.0029565728296 0.000719341403195 0.0171025242368 0.00911519484556 -0.000926042577593 0.0195632259499 0.00230558445595 -0.000343827368199 0.00880357051806 -0.00113283555381 0.0253375289781 0.00508278006827 0.00726033907388 0.00150335714217 0.00147588627541 0.00726500475076 0.00175641576747 0.0159787806808 0.017493562369 0.0185715356147 0.0211656078452 0.0104236667956 0.00702885187003 0.0144753684397 -0.0116644498928 0.0159418084243 0.00973379287679 0.00668848675088 
-0.00752814517423 0.0330165327027 0.0116129584163 0.00613808937214 0.0230431593176 0.0102838443489 0.0142637354797 0.0307710008449 0.0288898532204 0.0100537495084 0.0114118638674 0.0196527468986 0.00536782307521 0.0327979679283 0.00505195188755 0.0196774051354 0.293248853064 0.00873211167589 0.033531243063 0.0050880620368 0.0511966056523 0.00426455858874 0.0115162034288 0.0117593976557 0.0167767657013 -0.00942136647483 -0.00790513527734 0.00742844455513 0.0351633617146 0.00629913739891 0.00557270162811 0.00711676509288 0.00550018384915 0.0172123911311 0.0152367558099 0.00675387300988 0.00544190020459 -0.00247505677324 0.0122201925303 0.0234787437422 0.00586557586508 0.0170042215336 0.00432056259631 -0.020468747006 0.0245826826067 0.0150543577324 0.00510066841195 0.0217323868498 0.00848258217422 0.0360932513771 
0.0163173744123 0.00519402100556 0.0287737440615 0.0440438479941 0.036031746805 0.0352054446879 0.0381236875793 0.00575735282026 -0.00127747973461 0.0199973710625 0.0298079166357 0.00269609819557 0.0210014746847 0.0187976972342 0.00530524019875 -0.00400511296681 0.00873211167589 0.204173568932 0.00613742235663 0.0051729554089 0.0147337059082 0.0170390374127 0.00931211089362 0.0336891867005 0.0218881715388 -0.0108789613457 0.0161363452955 0.0209522527709 0.0316874839356 0.0147110848554 0.0110928949932 0.00345093884499 0.00633052243842 0.00231851218975 0.00181131499081 0.0153856872566 0.0432080015374 0.0100804419527 0.00920382101184 0.017211352739 -0.000239806745611 0.00643996579327 0.0175717689536 0.000809338282188 0.0404551686739 0.0170112739609 0.0104066377673 0.0158088689221 0.0148356129178 0.01479448959 
0.0151088737982 -0.000644897664648 0.00611936875989 0.0065667887904 0.0326859610326 0.0229386592982 0.00840280082371 0.0123853367741 0.00373757073726 0.0227345410877 -0.00080772127802 0.0118580322214 -0.00305238168634 0.0463362404324 0.0187214639166 0.0237084217423 0.033531243063 0.00613742235663 0.437913780975 -0.00177624654772 0.022207748205 0.000439196655523 0.00794983683326 0.010733401866 0.0121026313955 0.0669274606694 0.00838491346945 0.0185025105491 0.00420264478166 0.011898763333 0.00050856602075 -0.000113180627875 -0.00362575836938 0.00939578463631 0.0179646891899 0.0124279291978 0.0010892726665 -0.0176745552226 0.0188081512843 0.0234675144901 -0.000469761357856 0.00493038600627 0.00190304696491 -0.0207533755435 0.0309547805796 0.0151675132282 0.00906274878019 0.0322079322147 0.00321508014502 0.0125901473698 
0.00202441240867 0.0156365031886 0.0230822769545 0.00950122693261 0.00686203212146 0.0197756242254 0.0162703734653 0.0140669353017 0.005192900416 0.00995712894973 0.0362169175419 0.0146395479816 0.0122085221278 0.00825717347856 0.0662696179314 0.0217755365565 0.0050880620368 0.0051729554089 -0.00177624654772 0.213290477881 0.015337696743 0.00497857564208 0.00746775697876 -0.0101089537078 0.0166410385661 -0.00975669153072 0.0150735042246 0.0168406321587 0.0080367169622 0.0168794330791 0.0146723507733 0.00431234053699 -0.00140142142955 0.0161916200916 0.0161009851114 0.0156915328377 0.00938855047678 0.0180251271704 0.00326328987532 0.00961826895466 0.00128664689952 0.0746759293825 0.0145656591922 0.0168645338946 0.00373439555016 0.0077723029092 0.0135916135092 0.0128808105195 0.0250231907778 0.00600325864883 
0.0301373031734 0.0124949259281 0.0170675255893 0.0186880241968 0.0148783103089 0.0292166060687 0.014986454739 0.00962662279673 -8.73147369467e-05 0.0208997693485 0.0412999610463 0.0208133681374 0.0137682748165 0.0285691236971 0.0366374861335 0.00591760443712 0.0511966056523 0.0147337059082 0.022207748205 0.015337696743 0.249751124821 0.00772054975955 0.00793384660263 0.000173683689745 0.0295892837864 0.00856271247412 0.0286388772652 0.00866183548563 0.0238511449618 0.031865052786 0.000813375924647 0.0197961669528 0.0204758408574 0.0223575103082 0.00659248356381 0.0106190453333 0.0145203311443 -0.00245688231335 0.0238121769251 0.0229014898685 0.0133813683833 0.00984918249314 0.0191403681451 0.000242576007358 0.0262044782203 -0.00694903134953 0.0150095016585 0.0457603888289 0.0128305612892 0.000859435927493 
0.00533879856114 0.0168346085307 0.0035462236011 0.0202191638878 0.0285205613234 0.00680525721228 0.00864328680558 0.00332868432847 0.00133184531016 -0.00379124240666 0.00299482686103 0.0154989933334 0.00513303352949 0.0191075451139 0.00550863638961 0.0092195654064 0.00426455858874 0.0170390374127 0.000439196655523 0.00497857564208 0.00772054975955 0.1823359907 0.0057302407978 0.00336899737519 0.0262670766801 -0.0058543488446 0.00015241979174 0.0224105785586 0.0172458188746 0.00425282840215 0.00550795490235 -3.26145235974e-05 0.000930496144451 0.0109532220811 0.00368240065475 0.000523158723632 0.00935032353399 -0.00140197379118 0.00808081838064 0.00437645752988 0.0134486578082 0.0029843862154 0.0128477663626 -0.0137494235624 0.0137225768937 0.00942550912108 -0.0160587445506 0.00691707646524 0.0144100201702 0.00669703242605 
0.0199907942995 0.00904116924808 -0.000437954571503 0.0160871640613 0.0117835577633 0.0171438406475 0.00747502901354 0.0243054432722 0.00833079272882 0.0241289329149 0.0114140786443 0.016524103187 0.000177168063085 0.0135394439648 0.0107595389232 -0.0029565728296 0.0115162034288 0.00931211089362 0.00794983683326 0.00746775697876 0.00793384660263 0.0057302407978 0.153886231635 0.0178104772348 0.027245792577 -0.0122290265968 0.000672717585874 0.0158786076961 0.0105810597429 0.00982923733146 0.0157360597326 0.00466967028736 0.00708684078391 0.0182692736725 0.0190754015187 -0.00555678722101 0.00884160105677 0.0111387936471 0.0069249125474 0.0111917172912 -0.00365529876219 0.0157257473561 0.014987412378 0.0102854452382 0.0156925339416 0.0202851447574 0.0110959965093 0.0105066549006 0.00728024689085 0.0148941256181 
0.0146499786668 0.00296296327324 0.0239823928845 0.0086387375237 0.0392823232115 0.026115694065 0.0065540156834 0.00204415662685 0.0218354388723 0.0045104195756 0.0250633568331 0.023376512724 0.0054464852838 0.0874844542768 0.0021118676625 0.000719341403195 0.0117593976557 0.0336891867005 0.010733401866 -0.0101089537078 0.000173683689746 0.00336899737519 0.0178104772348 0.498003658076 0.0162614518671 0.000639603247356 0.0448900308248 0.0216151066898 0.0461578952422 0.0304487462647 -0.00132580493451 0.00684685085017 0.0117652140243 0.0136709612611 0.00734679845376 0.0300604887952 0.00856329080394 0.0217259637776 -0.00546114600716 0.0198664880231 0.00966642513151 0.00460993021446 -0.00723951209293 0.0105445408229 0.0163874354911 0.0125804273722 0.0272307359723 0.0599131140444 0.00619856196805 0.03574902216 
0.00454910575187 0.0425163065458 0.00485139418611 0.0171254129944 0.0300113588802 0.0310559087145 0.0323355257252 0.0499159820526 0.0228675158151 -0.00664421911234 0.0495945945918 0.0914131671597 0.0324555876637 0.0544343894777 0.0291703555111 0.0171025242368 0.0167767657013 0.0218881715388 0.0121026313955 0.0166410385661 0.0295892837864 0.0262670766801 0.027245792577 0.0162614518671 0.352519949698 -0.00736095248334 0.0176392744297 0.0519090076186 0.020184852236 0.0218559364759 0.0241136047852 0.00298690588084 0.00412725311745 0.0266894137056 0.000773359638085 -0.000162961933442 -0.00313507174449 0.00122631949332 0.0211247891597 0.0293552234353 0.00367824284065 0.0292480653891 0.00838899156392 -0.0108872822918 0.00273120582962 0.0384121857493 0.0129747545319 0.0305300802272 0.0262887076886 0.026839859962 
-0.000659624021171 0.00210145806644 0.00386993556358 -0.00841419539169 0.0321467445661 -0.00678632618338 0.00344409525627 0.0402303578683 -0.0173897029388 0.00889342243432 0.00717949209287 0.0199513650855 0.00205868222198 0.0312624414731 0.0057367047585 0.00911519484556 -0.00942136647483 -0.0108789613457 0.0669274606694 -0.00975669153072 0.00856271247412 -0.0058543488446 -0.0122290265968 0.000639603247357 -0.00736095248334 0.840578839598 0.0155432707707 0.00267317303759 0.0211609390759 0.00444741413013 -0.00427949288925 -0.00372512827318 -0.00115253871411 -0.00549931697975 -0.00751519138018 0.00709562533099 -0.00397785867426 0.035404228602 0.0255018896742 0.0189004538849 -0.00356984348879 -0.00559232689268 -0.00439612668577 -0.00835606214638 -0.0109851776028 0.0173779414096 0.0222843341287 0.0216917750463 0.0102222869097 0.0097835478739 
0.0158282421844 0.0211434178303 -0.00113514639956 0.00473133259792 0.0104998989626 0.0347264127926 0.0297661999329 0.0382706975433 0.000751825623726 0.00303963709973 0.0145561953085 0.00742708721149 0.00415145468327 0.0354381177332 0.0155718029925 -0.000926042577593 -0.00790513527734 0.0161363452955 0.00838491346945 0.0150735042246 0.0286388772652 0.00015241979174 0.000672717585874 0.0448900308248 0.0176392744297 0.0155432707707 1.00213194838 0.0207229782343 0.021654697908 0.0216526843292 0.00038074440037 0.0367168096339 0.0141043813569 0.0164269647721 0.0133496418011 -0.00749788880935 0.0132937144191 0.0222124490045 0.0292795177969 0.0230525667661 -0.00405756736195 0.000246693486822 0.0203219722524 -0.0184877657688 0.00215722743923 0.0209353088186 -0.00427024221299 0.0273455684273 0.011672456196 0.0582273993802 
0.00811787749647 0.0266839057214 0.0311969500445 0.000714096194488 0.0479770233815 0.0290998101084 0.0279400768547 0.0445481539229 0.00986983567339 0.0120850869218 0.0367268602105 0.0478212067982 0.00674020725224 0.068659548873 -0.00551066656536 0.0195632259499 0.00742844455513 0.0209522527709 0.0185025105491 0.0168406321587 0.00866183548563 0.0224105785586 0.015878607696 0.0216151066898 0.0519090076186 0.00267317303759 0.0207229782343 0.223602880869 0.0125415785314 0.00827358754871 0.00352153209498 -0.00173485661641 0.0056453357542 0.0178866563868 0.015196462517 0.0246538528354 0.00559694768256 0.0136011372552 -0.000628443454042 0.0242705403628 0.0129383615617 0.0177190611839 0.0207392496975 0.0207196881777 0.0292631058982 0.0387175935481 0.0131012231015 0.0238346728564 0.0265997284944 0.0411233624553 
0.00597118405145 0.0191180551912 0.0160647796278 0.00437719758533 0.025653808605 0.00918591961499 0.0106518000963 0.0270887258039 0.0670989367288 0.00208640869102 0.0453142296496 0.0124945117167 0.00236608062233 0.0826196568938 -0.0100136927717 0.00230558445595 0.0351633617146 0.0316874839356 0.00420264478166 0.0080367169622 0.0238511449618 0.0172458188746 0.0105810597429 0.0461578952422 0.020184852236 0.0211609390759 0.021654697908 0.0125415785314 0.390462536271 0.0090419779481 0.0165844254393 0.0487832058995 0.0129518101394 0.0134229310243 0.0141074482683 0.0439804970622 0.00664543218127 0.00864747319951 0.0209450780872 0.0319422310765 0.0072439908786 0.019688655583 -0.00699478208666 0.0177748498568 0.0472206529614 0.00534081292189 0.00891634458958 0.0412960875786 0.00538817790957 0.0296320238065 
0.0199152104518 -0.000257095074153 0.00879232549749 0.00732111208568 -0.0056039731294 0.00852985505483 0.0116848647576 0.0228430755127 -0.000240918919637 -0.00429452002991 0.0252290008333 0.0187182045438 0.0215530797669 0.0374025302891 0.0123982160911 -0.000343827368199 0.00629913739891 0.0147110848554 0.011898763333 0.0168794330791 0.031865052786 0.00425282840215 0.00982923733146 0.0304487462647 0.0218559364759 0.00444741413013 0.0216526843292 0.00827358754871 0.0090419779481 0.226244352649 0.021684656592 -0.0168933919234 0.000434806146383 0.00819377085726 0.0272413635464 0.00713808011269 -0.00333830503337 -0.00136763707566 0.0294193804548 0.00471607375984 0.00701234768482 0.0156123616692 0.0241025724579 -0.000934775579021 0.0032557109848 0.0210728966204 -0.000284464056298 0.0111945255252 0.0151868675899 0.0129507822469 
-0.000163348144276 0.00522971765262 0.00967315646827 0.0206182078099 0.013063156207 0.0210929192719 0.0182165243369 0.0150387300277 0.0151688278374 -0.000366312682168 0.0161684940424 0.00980466467814 0.015640453468 0.00786728285618 -0.00708710065129 0.00880357051806 0.00557270162812 0.0110928949932 0.00050856602075 0.0146723507733 0.000813375924647 0.00550795490235 0.0157360597326 -0.00132580493451 0.0241136047852 -0.00427949288925 0.00038074440037 0.00352153209498 0.0165844254393 0.021684656592 0.23885124224 -0.00181625496657 -0.00147306370797 0.00772627829454 0.0100509494509 0.0128721118767 0.0188150864091 0.0160323419963 0.00171371925226 0.00561932218991 0.00287162128243 0.0141671917138 0.00241083893467 0.00611413540432 0.00750618800751 0.00670172640781 -0.00989729344802 0.0271849508197 0.00742641262456 0.0176388081 
0.0103448604583 0.00951176725213 -0.00167887052671 0.00649732887845 0.0102183537498 -0.00166023998193 0.00715260089725 0.0302055424474 -0.00832917580055 0.0047690221632 -0.00295548634924 0.0233215969825 0.0366947363971 0.00261566477871 0.0229715037777 -0.00113283555381 0.00711676509288 0.00345093884499 -0.000113180627875 0.00431234053699 0.0197961669528 -3.26145235974e-05 0.00466967028736 0.00684685085017 0.00298690588084 -0.00372512827318 0.0367168096339 -0.00173485661641 0.0487832058995 -0.0168933919234 -0.00181625496657 1.25156330585 0.0062755205898 0.000451840786723 -0.00886809388553 0.00126623085271 0.0244086831828 0.0291777036275 0.00815528060926 0.0120045129982 0.00714747425046 0.0115297696679 -0.00647484545582 -0.00736677561236 0.0269843301858 0.00504769941661 0.00407380590491 0.0391425544111 0.000560399231121 -0.00144818100065 
0.0205114810962 0.0333744216964 0.0128389366696 0.00380219925208 0.020970314326 0.010512689194 0.0155193658569 0.0128155499256 0.00964050195304 0.0140125815614 0.0229027766241 0.0238729629644 0.0200555581371 0.043959271406 -0.0103712922887 0.0253375289781 0.00550018384915 0.00633052243842 -0.00362575836938 -0.00140142142955 0.0204758408574 0.000930496144451 0.00708684078391 0.0117652140243 0.00412725311745 -0.00115253871411 0.0141043813569 0.0056453357542 0.0129518101394 0.000434806146383 -0.00147306370797 0.0062755205898 0.258801820211 0.000944948752892 -0.00996682434107 0.0869056968646 0.0154096348103 0.0257923093242 0.00634720832853 0.0185046904018 0.00365287957573 0.0214842960512 0.00461459777657 -0.0159548966169 -0.00666810904512 0.024115928288 0.0190202315899 0.0214158713487 0.0236239487366 0.00723072698518 
0.0103740147926 0.00766160204234 -0.00454872889159 0.00820820068837 0.00517047850403 0.0142697395484 0.0112498376861 0.0162934881025 0.0151829620516 0.00768867163839 0.0238304557986 0.0218985315596 0.0117935828571 0.0186166866566 0.0161576270226 0.00508278006827 0.0172123911311 0.00231851218976 0.00939578463631 0.0161916200916 0.0223575103082 0.0109532220811 0.0182692736725 0.0136709612611 0.0266894137056 -0.00549931697975 0.0164269647721 0.0178866563868 0.0134229310243 0.00819377085726 0.00772627829454 0.000451840786723 0.000944948752892 0.14807287603 0.0153551002925 0.0125532751142 0.00419395686804 0.0233874114373 0.00463785855747 0.0149300983565 0.019578268224 0.0168241526393 0.0100162000023 0.00105140277185 0.000615314401003 0.0101011935908 0.010026943634 0.00991561744474 0.0144549010663 0.0259807708899 
0.0194842846657 0.0125928634104 0.00278694278245 0.00930494876903 0.0131340415698 0.0166394049305 0.00748677573729 0.0113252040603 0.00440095790093 0.00954882871297 0.0163187028707 0.028013710931 0.000259513538213 0.0179669088405 0.0121802703836 0.00726033907388 0.0152367558099 0.00181131499081 0.0179646891899 0.0161009851114 0.00659248356381 0.00368240065475 0.0190754015187 0.00734679845376 0.000773359638085 -0.00751519138018 0.0133496418011 0.015196462517 0.0141074482683 0.0272413635464 0.0100509494509 -0.00886809388553 -0.00996682434107 0.0153551002925 0.21476831652 0.0141580741776 0.0057305253879 -0.000507892228333 0.0206246920869 -0.00266323602675 -0.00184538304029 0.0115405102859 0.0225649582155 -0.00307099145256 0.00197655897753 0.0206108014002 0.00635165101476 -0.00164898203214 0.00654381941205 0.00826910164066 
0.0397671577454 0.0362580904276 0.0108499202638 -0.000219643270156 0.0507000037593 0.0223673966721 0.0156136407073 0.00450403614816 -0.000705669924276 0.00898543751373 0.0383383996377 0.0253427316799 0.0104722378789 0.0751869005788 0.0184075917721 0.00150335714217 0.00675387300988 0.0153856872566 0.0124279291978 0.0156915328377 0.0106190453333 0.000523158723632 -0.00555678722101 0.0300604887952 -0.000162961933442 0.00709562533099 -0.00749788880935 0.0246538528354 0.0439804970622 0.00713808011269 0.0128721118767 0.00126623085271 0.0869056968646 0.0125532751142 0.0141580741776 0.629284224244 0.00211350809462 0.0396510918773 0.0163085138517 0.0504397271523 -8.73058762166e-05 0.0169973477249 0.00355074876013 -0.00500077229297 0.0247906144411 -0.00140757993422 0.0604450420748 0.0607424397532 0.0282787206264 0.0672045524679 
-0.00182094534482 0.00513498996839 0.0278636110789 0.0375698365877 0.019341381409 0.0323223940063 0.0398368425466 0.00124213482462 0.00470544609145 0.0157111953279 0.0132796629374 0.0128072990837 0.0218608434674 0.0192274818101 -0.00522701851994 0.00147588627541 0.00544190020459 0.0432080015374 0.0010892726665 0.00938855047678 0.0145203311443 0.00935032353399 0.00884160105677 0.00856329080394 -0.00313507174449 -0.00397785867426 0.0132937144191 0.00559694768256 0.00664543218127 -0.00333830503337 0.0188150864091 0.0244086831828 0.0154096348103 0.00419395686805 0.0057305253879 0.00211350809462 0.176139701849 0.00762942558358 0.0139235752488 0.0148648287396 0.00322490232508 0.0198881020821 0.0133688813308 -0.00220626152638 0.0191392208741 -0.00274576607373 0.00525641648399 0.00806612381434 0.00591067207838 0.0254680133299 
0.0141069117163 0.00714790885199 0.020464780458 0.00479895420919 0.0321107966159 0.00792143102172 0.00136575971108 0.0165927567912 0.0178470865375 0.0203655607392 0.0225540889526 0.0110440087354 0.0118436326166 0.00838663195611 0.0396196968677 0.00726500475076 -0.00247505677324 0.0100804419527 -0.0176745552226 0.0180251271704 -0.00245688231335 -0.00140197379118 0.0111387936471 0.0217259637776 0.00122631949332 0.035404228602 0.0222124490045 0.0136011372552 0.00864747319951 -0.00136763707566 0.0160323419963 0.0291777036275 0.0257923093242 0.0233874114373 -0.000507892228333 0.0396510918773 0.00762942558358 0.402828232901 -0.00635763416911 0.032081728953 0.0179598421266 0.0198562625303 0.00323361483574 0.00162566963812 0.0183660966472 0.0190845366513 0.0324376381885 0.0278452278791 0.00903213581435 0.0356369660957 
0.00042933750825 0.0182911548052 0.0161772125997 0.0073938376847 0.0249801481079 0.00828206182403 0.00577226886775 0.0280120067564 0.00315555780943 0.00653286706429 0.0220187345874 0.0115698221515 0.017801209303 0.0163906792972 -0.00162501082711 0.00175641576747 0.0122201925303 0.00920382101184 0.0188081512843 0.00326328987532 0.0238121769251 0.00808081838064 0.0069249125474 -0.00546114600716 0.0211247891597 0.0255018896742 0.0292795177969 -0.000628443454042 0.0209450780872 0.0294193804548 0.00171371925226 0.00815528060926 0.00634720832853 0.00463785855747 0.0206246920869 0.0163085138517 0.0139235752488 -0.00635763416911 0.312039136909 0.0133988889857 0.00789916554402 0.0179610777783 -0.00417694772455 0.00150156931651 0.0209372287493 0.0281632618986 -0.00168983868658 0.0177436623462 0.0199630858043 0.00903974467696 
0.0148533024644 0.0149538193686 0.0251398105648 0.0100428029675 0.0542093523587 0.0218659879865 0.0191542836464 0.00380874074085 9.97528709203e-05 0.00209433681269 0.0478736753715 0.0310371114706 0.0143866936926 0.0421752809747 -0.00938801140388 0.0159787806808 0.0234787437422 0.017211352739 0.0234675144901 0.00961826895466 0.0229014898685 0.00437645752988 0.0111917172912 0.0198664880231 0.0293552234353 0.0189004538849 0.0230525667661 0.0242705403628 0.0319422310765 0.00471607375984 0.00561932218991 0.0120045129982 0.0185046904018 0.0149300983565 -0.00266323602675 0.0504397271523 0.0148648287396 0.032081728953 0.0133988889857 0.211896791532 0.00775037899836 0.02210836518 0.0179232458047 0.00481783362622 0.0283968861578 0.0216101034766 0.0255646310309 0.0468637876258 0.0148304585904 -0.0100697674083 
-0.015817272456 0.00993742440183 0.00989826583205 0.0110248978955 0.0108706820308 0.00386718867481 0.00317274497695 0.00956994244341 0.00927347481788 0.00129842051893 0.00584475696413 0.0258022895932 0.00470119535927 0.0264400432889 -0.00141216901522 0.017493562369 0.00586557586508 -0.000239806745612 -0.000469761357856 0.00128664689952 0.0133813683833 0.0134486578082 -0.00365529876219 0.00966642513151 0.00367824284065 -0.00356984348879 -0.00405756736195 0.0129383615617 0.0072439908786 0.00701234768482 0.00287162128243 0.00714747425046 0.00365287957572 0.019578268224 -0.00184538304029 -8.73058762164e-05 0.00322490232508 0.0179598421266 0.00789916554402 0.00775037899836 0.187593553322 0.0106200326374 0.00419964689445 -0.0159728904607 0.0145698854982 0.0213372561831 0.00934862223381 0.00418799579478 0.00789590593016 0.00655210605352 
0.0336516067865 0.0140594205506 0.0085999521905 0.0126840839764 0.0201338354037 0.0143616861478 0.0128994541289 0.0112701567965 -0.00629075373837 0.0144990275886 0.0526062335565 0.00669859592385 0.00706677129879 0.0123520934233 0.0255249647181 0.0185715356147 0.0170042215336 0.00643996579327 0.00493038600627 0.0746759293825 0.00984918249314 0.0029843862154 0.0157257473561 0.00460993021446 0.0292480653891 -0.00559232689268 0.000246693486822 0.0177190611839 0.019688655583 0.0156123616692 0.0141671917138 0.0115297696679 0.0214842960512 0.0168241526393 0.0115405102859 0.0169973477249 0.0198881020821 0.0198562625303 0.0179610777783 0.02210836518 0.0106200326374 0.280896415019 0.00884120727436 -0.00365795131686 0.00138281988708 0.0237730598108 0.0224934530848 0.00781044415492 0.0478740903883 0.0195864960052 
0.0455936109476 0.00818667783578 0.000936850658194 0.0194408776609 0.0150004471744 0.00891038451001 0.00997057684749 0.00721732940698 0.00323493156924 0.00415692274405 0.0204735837159 0.0313208989689 0.0112783864785 0.00935830786555 0.0156749653912 0.0211656078452 0.00432056259631 0.0175717689536 0.00190304696491 0.0145656591922 0.0191403681451 0.0128477663626 0.014987412378 -0.00723951209293 0.00838899156391 -0.00439612668577 0.0203219722524 0.0207392496975 -0.00699478208666 0.0241025724579 0.00241083893468 -0.00647484545582 0.00461459777657 0.0100162000023 0.0225649582155 0.00355074876013 0.0133688813308 0.00323361483574 -0.00417694772455 0.0179232458047 0.00419964689445 0.00884120727436 0.459429916629 -0.0172553422251 -0.00215100588143 0.0559027254332 0.00112781937701 0.00651218381892 0.00851504170618 0.0349657145266 
0.00440522793201 -0.0167761719975 0.0259101022711 -0.0202875866453 0.012809136904 -0.00687417989336 -0.0178922456737 0.00231602414532 0.000318582735755 -0.00613217033187 0.00921604574143 0.000393857378342 -0.00699257158611 0.0046442844338 0.251154917938 0.0104236667956 -0.020468747006 0.000809338282188 -0.0207533755435 0.0168645338946 0.000242576007357 -0.0137494235624 0.0102854452382 0.0105445408229 -0.0108872822918 -0.00835606214638 -0.0184877657688 0.0207196881777 0.0177748498568 -0.000934775579021 0.00611413540432 -0.00736677561236 -0.0159548966169 0.00105140277185 -0.00307099145256 -0.00500077229297 -0.00220626152638 0.00162566963812 0.00150156931651 0.00481783362622 -0.0159728904607 -0.00365795131686 -0.0172553422251 2.97940480647 0.0254091925571 0.0203420004168 0.0229246250615 0.0114473385879 -0.00275821888688 -0.00545792009616 
0.0123815998053 0.0026720871419 0.196167864112 0.0232843157334 0.0939783900506 0.0355009228269 0.0400923817805 0.0215187016614 0.0379271217918 0.00152470956861 0.00444131198187 0.0180888526842 0.00465791298828 0.0699351640775 0.0166409301691 0.00702885187003 0.0245826826067 0.0404551686739 0.0309547805796 0.00373439555016 0.0262044782203 0.0137225768937 0.0156925339416 0.0163874354911 0.00273120582962 -0.0109851776028 0.00215722743923 0.0292631058982 0.0472206529614 0.0032557109848 0.00750618800751 0.0269843301858 -0.00666810904512 0.000615314401003 0.00197655897753 0.0247906144411 0.0191392208741 0.0183660966472 0.0209372287493 0.0283968861578 0.0145698854982 0.00138281988708 -0.00215100588143 0.0254091925571 0.453205379918 0.0139722137825 0.0161633969215 0.0324509423034 0.0162419003288 0.0529118000804 
0.0144758787932 0.0177382071949 0.0234068412591 0.0119327063196 0.0150079255875 0.0121908369706 0.0161855514034 0.035070779373 0.000540656266581 0.00557235824111 0.023872648153 0.0284249766918 0.0134685368891 0.040667848432 -0.00146149916987 0.0144753684397 0.0150543577324 0.0170112739609 0.0151675132282 0.0077723029092 -0.00694903134953 0.00942550912108 0.0202851447574 0.0125804273722 0.0384121857493 0.0173779414096 0.0209353088186 0.0387175935481 0.00534081292189 0.0210728966204 0.00670172640781 0.00504769941661 0.024115928288 0.0101011935908 0.0206108014002 -0.00140757993422 -0.00274576607373 0.0190845366513 0.0281632618986 0.0216101034766 0.0213372561831 0.0237730598108 0.0559027254332 0.0203420004168 0.0139722137825 0.309986671539 0.00725403127699 0.0111836151815 0.0135542759733 0.0395744736203 
0.0140843694087 0.00413680329113 0.0307537370064 0.00426549715513 0.0375310215047 0.014103950092 0.0191623711826 0.0232627718476 0.0134566572665 0.0086185811269 0.0195018510338 0.0450423278347 0.00808101839617 0.101385860066 0.154082627882 -0.0116644498928 0.00510066841195 0.0104066377673 0.00906274878018 0.0135916135092 0.0150095016585 -0.0160587445506 0.0110959965093 0.0272307359723 0.0129747545319 0.0222843341287 -0.00427024221299 0.0131012231016 0.00891634458958 -0.000284464056298 -0.00989729344802 0.00407380590491 0.0190202315899 0.010026943634 0.00635165101476 0.0604450420748 0.00525641648399 0.0324376381885 -0.00168983868658 0.0255646310309 0.00934862223381 0.0224934530848 0.00112781937701 0.0229246250615 0.0161633969215 0.00725403127699 0.445588605557 0.0741816167431 0.0103745266511 -0.00508553281845 
