50
0.640104613609 0.0202574279786 0.188050706821 0.0698927007 0.060830846045 0.0375994121509 0.0565521495323 0.0377827405953 0.0695535734162 0.0054327763703 0.0997806882374 0.015652967587 0.00399952409326 0.114001255301 0.045759308444 0.0248078828137 0.0785675118811 0.0704019073317 0.0502759777883 0.0335346879574 0.040534814632 0.0604038345904 0.0335830315084 0.0436219100546 0.0161403943775 0.0197813299257 0.0363496030559 0.0123991351417 0.0335319673985 0.0459594094694 0.0526943852585 0.0247746242904 0.0525709156995 0.0576577356707 0.0362094771936 0.0304536481296 0.135299445153 0.127416862275 0.0155341374053 0.0623593213805 0.0231907610599 0.0265193363437 0.121001700606 0.0592302274211 0.0434942638749 0.266244884644 0.0130713531851 0.0788996306534 0.208286894217 0.158041803894 
6.86331586303 -0.00991567203032 0.138559192229 -0.0111587989005 0.0441800161118 0.0261942064107 0.0157997487227 -0.00519836945392 0.0259586632233 0.0280753781882 -0.00302082104997 0.0176522071155 0.0041039865704 -0.00466790596316 -0.0175208477793 0.0120518738735 0.0536936563912 0.00963884661652 -0.0135832720344 -0.0170524098851 -0.00415268896253 -0.00382334327843 -0.00977274573253 0.0147469797343 0.00476144868609 0.0054296736211 0.00902577575269 -0.00257659956256 0.0080113785021 0.0407773714148 0.0308250415805 0.0253611610939 0.0193769214348 -0.00348765103741 0.0176651163772 0.00480648144932 -0.0144233600341 -0.0315490797286 -0.0181313878919 0.0342472792652 0.00429687805344 -0.0124572508292 1.28171699614e-05 -0.0184166385804 0.077040992742 0.158160635068 -0.00330373938154 0.032426673765 0.0131980535843 -0.000746375796554 
-0.00991567203032 0.267596354999 0.0447551557699 0.0400782085543 0.019578331771 0.00931343578981 0.00200477429644 0.0163084936721 0.00184805386529 0.0168342287644 0.0469090345983 0.00959235114097 0.00807764293352 -0.00302691655794 0.0189089874255 0.0224252985672 0.0304154397961 0.0291599281477 0.0125253081289 0.0186320713746 0.000748936859269 0.0443942545774 0.0370196069732 0.0283602939872 0.0105625676453 0.010060335896 0.0226241597813 0.0134241311415 0.0313256026946 0.0173316200086 0.0348564884816 0.0179755038248 0.0315558759281 0.0265963629395 0.0184348224688 0.0193659655266 0.0392859553649 0.0174849122027 0.0099045751016 0.024879957947 0.00830273841733 0.0167424447958 0.0241885939406 0.0258179371743 0.0414696866328 0.0401036428719 0.016019505104 0.0093438652798 0.0199591531817 0.0285241801663 
0.138559192229 0.0447551557699 0.996350541778 0.0351994640493 0.0457787584452 0.0318517337394 0.0242649903199 0.000789837596402 0.0164735212794 0.015719749331 0.0263311801375 0.0214078455955 0.00807960260538 0.0212354609549 0.00755028487234 0.01544631207 0.0282336997559 0.0408722523571 0.0204551518621 0.00257431362838 0.0195968063197 0.0302356590346 0.0462435087674 0.0192720820958 0.00601261320862 0.00193780205622 0.00559894613632 0.0659749469039 0.0403606262972 0.0101017491565 0.0357525170854 0.017127615178 0.0274220317742 0.0261987284153 0.0202672092695 0.0239968180085 -0.00135848856844 0.00976609553081 -0.00107278198034 0.087933600945 0.0196740245306 0.00552386577691 0.0233008013416 0.0273728938527 0.0504203416228 0.0521533240176 -0.00369864843144 0.00939869240207 0.0459955234068 0.0314766874776 
-0.0111587989005 0.0400782085543 0.0351994640493 0.294299170757 0.0235281417717 0.00824394596425 0.00735556939016 0.01008929762 0.02372449201 0.0218370342957 0.0242647800486 0.0213219811996 0.0216228110445 -0.00895709152871 0.00676581408679 0.00129137153458 0.0143647105011 0.0349314695081 0.0083361858 0.0133626013692 0.0203721500469 0.0357186652936 0.018243490039 0.0543753332775 0.000895025667408 0.00732837116833 0.0087928656841 -0.000658129305115 0.0259572550021 0.0137253663938 0.045123010612 0.0105614190526 0.0362731539155 0.0196474328478 0.045507077662 0.00706310755736 0.0192104370898 0.0249075760712 0.00569348300492 0.0349726973415 0.0423656486266 0.0153888991122 0.0261062520649 0.0182399520219 0.0370496111932 0.335040853566 0.00247396639921 0.00910719476707 0.0172328622038 0.00190145654305 
0.0441800161118 0.019578331771 0.0457787584452 0.0235281417717 0.2861852626 0.0179345547748 0.017934674547 0.0148798909135 0.0163210433156 0.00667895264964 0.00996377306005 0.0113955718307 0.0186824790805 0.000127383962803 0.00922563899502 0.018324222074 0.019032367787 0.0671275064105 0.0398996036952 0.0142166150203 -0.000238915909817 0.0275432695282 0.0449497965198 0.0318034352359 0.0109270152927 0.0193901229956 0.0192190085761 0.00764141028753 0.0248634562165 0.026215863788 0.010286408357 0.0241899871655 0.0253512665397 0.0201167113014 0.0440470478521 0.0377863256348 0.0261472058887 0.0188778661017 0.0231449474734 0.0200354523331 0.011899597186 0.0104207217709 0.0191753011893 0.0183065767029 0.0262869602727 0.0410487775367 0.0135941988988 0.0057822618876 8.64417602899e-05 0.0146934305651 
0.0261942064107 0.0093134357898 0.0318517337394 0.00824394596424 0.0179345547748 0.262785719561 0.00121838971821 0.0116223347605 0.00550288291659 0.0104937703099 0.0194854589015 0.0181225846679 0.0144600532604 -0.0071431590103 0.0146747658739 0.0194629850683 0.00124175743705 0.0144139289194 0.0162459967748 0.00877504721394 0.0030114291078 0.0131324915065 0.00330604222266 0.00962699332005 0.00665843648591 0.0106508831243 0.0153282595676 0.0124145516453 0.00826615013923 0.011251143067 0.0120469800242 0.0160786319235 0.00113357127524 0.0239389251913 0.0157901025755 0.0202507263224 -0.00439741573986 0.00265251834102 0.0106264195107 0.000271370639247 0.0208884330597 0.00897520991922 0.042913996965 0.0182931251173 0.0171480832014 0.0121681698706 0.0151895732709 0.0113010661145 -0.00587609753962 -0.00660349102738 
0.0157997487227 0.00200477429644 0.0242649903199 0.00735556939016 0.017934674547 0.00121838971821 0.371758414396 0.0203806371364 0.0162029269229 0.0179290551013 0.0188878898397 0.0202580706101 0.0172008770976 0.00432146433139 0.00797380364104 0.00641861335271 0.0103793001973 0.0159294838578 0.0130757784069 0.0155152604464 0.00653329683523 0.0339737113373 0.0252502275429 0.0147139905432 0.0061704770581 0.0198958605432 0.00784520953915 0.00053774096059 0.0136357410372 0.0156268145723 0.0137528699414 0.013564996223 0.027062480294 0.0155205153755 0.0217595440085 0.0138275435863 0.0245454707181 0.031415982602 0.00440689285774 0.000751748118096 0.0109942620182 0.00707660488611 -0.00981570982661 0.0168730176832 0.0167880388494 0.00120344549344 0.0180164976512 0.0286139111635 -0.00323808685545 0.0316678872162 
-0.00519836945392 0.0163084936721 0.000789837596401 0.01008929762 0.0148798909135 0.0116223347605 0.0203806371364 0.328472137445 0.00385193525732 0.0111536975517 0.0136446391135 9.87311366709e-05 0.0141421522916 -0.00211844756334 0.0484749484958 0.0140722288987 0.0049224908422 0.0177783610282 0.0170619192353 0.00571659164794 0.0193142450441 0.0194600178835 0.011644857878 0.0197998393864 0.0115861029097 0.015036727482 0.0171041501037 0.00799022082974 0.0134715240555 0.0128575309192 0.00384339683471 0.00385560940413 0.00226081309874 0.0219474865957 0.00903213442063 0.020068748757 0.0317114704623 0.0304931677804 0.00229273614915 0.0146763989788 0.00504259986102 0.00159424661132 0.0389656213521 0.00997150759094 0.010066239322 -0.000509649763465 0.0227278492928 0.00302344802424 0.0211272082056 0.0176380558091 
0.0259586632233 0.00184805386529 0.0164735212794 0.02372449201 0.0163210433156 0.00550288291659 0.0162029269229 0.00385193525732 0.393768920615 0.0118775972937 0.00529109486302 0.00393430396587 0.00946203906649 0.0106907904861 -0.00106759265286 -0.00968499645541 0.0348648102601 0.01722151621 0.00866804712628 0.00424366546602 0.00677682637207 0.0129091825538 0.0089552937966 0.0217197190614 0.0127219910015 0.0105913228396 0.0136368871011 0.00694250141292 0.00812365715527 0.0117992173794 0.0120238194707 0.038075127721 0.00653602491783 0.0288326346341 0.0141326228943 0.0162994563496 0.0147647848396 -0.00378030220642 -0.00853272918713 -0.00868279097359 0.00342355697532 0.00830768587329 -0.00244581248914 0.00896581294431 0.0136362583124 0.0505558618033 -0.000412116090525 0.00942052564591 0.00868397818681 0.024956018416 
0.0280753781882 0.0168342287644 0.015719749331 0.0218370342957 0.00667895264963 0.0104937703099 0.0179290551013 0.0111536975517 0.0118775972937 0.182274409709 0.00858167976046 0.0142913169716 0.0125386883609 -0.00192251346499 0.00188488782964 0.00939972743691 0.00855612334571 0.016328511686 0.019254214188 0.00363004750548 -0.002617707318 0.0250093191974 0.00894962680563 0.0010190637682 0.0109280599881 0.00936240982174 0.00505246773333 0.0216007743465 0.016054433483 0.0239920439098 0.0366068026972 -0.00201019238099 0.00786942639571 0.010544961363 0.0122671423739 0.0230339633575 0.00944564303852 0.0094063831504 0.0136342467664 0.0179751558593 0.00862412214922 0.0124787173586 0.0104466176056 0.023560023316 0.00370798117402 -0.000413373617749 0.00807755524063 0.0121823437032 0.0054213998291 0.0202196673693 
-0.00302082104997 0.0469090345983 0.0263311801375 0.0242647800486 0.00996377306004 0.0194854589015 0.0188878898397 0.0136446391135 0.00529109486303 0.00858167976046 0.572608043329 0.0112594192964 0.00883923591722 -0.00474525646229 0.00287511737852 -0.0035980744639 0.0160586084736 0.0235730627709 0.0192915151185 0.0114925151994 0.0124295818048 0.0243160989978 0.0297498014288 0.00979832724506 0.00362764899211 0.00478599976181 0.0186233546653 0.0132010962525 0.0238527733085 0.0124525836297 0.0181077980735 0.0181721260115 0.0213680798777 0.0343715432023 0.0117302939145 0.0224979664736 0.0257010104685 0.0140733438063 0.0171798747169 0.0136029947763 0.00952085253235 0.0142000936868 0.0189148420006 0.0519292828929 0.0343715649974 0.0349734842831 0.023404345777 0.00775865376688 0.0254772184348 0.00218437652184 
0.0176522071155 0.00959235114099 0.0214078455955 0.0213219811996 0.0113955718307 0.0181225846679 0.0202580706101 9.87311366684e-05 0.00393430396587 0.0142913169715 0.0112594192964 0.223487473806 0.0159277062186 0.0150503932263 0.00551429932463 0.0171533268586 0.0361021023162 0.0354180128483 -0.000979981570218 0.00888934678579 -0.006718647601 0.0167291594321 0.0121571615352 0.00626235111958 -0.0038726651127 0.0156070872024 0.0140014211539 0.00418553556898 0.0262761717799 0.0123339409169 0.0399650490256 0.0225708371784 0.0178664188567 0.0172924289082 0.029096963842 0.0180911939898 0.0162996004584 0.0131760361694 0.020288173698 0.0347525937976 0.0232257585956 0.0198726956775 -0.00124177404043 0.00862567700322 0.0392122391037 0.00361412547548 -0.000982388618116 0.00531563796042 0.0153942273465 0.0208314502823 
0.0041039865704 0.00807764293353 0.00807960260538 0.0216228110445 0.0186824790805 0.0144600532604 0.0172008770976 0.0141421522916 0.00946203906649 0.0125386883609 0.00883923591722 0.0159277062186 0.17520848866 -0.00170343648316 0.00109569673348 0.00667949155001 0.015016572516 0.0242637940364 0.0101531633447 0.0155676192308 -0.0016205999485 0.0168881467815 0.0175635491181 0.017163820984 0.0082889235073 0.009513209333 0.0170228510777 -0.00140290181761 0.00862525457681 0.00019094336572 0.0150795956969 0.00958744766551 0.0130595036989 0.00868143110904 0.0110866260528 0.0106580012962 -0.0100881184521 -0.00936386340394 0.0131822833351 0.0095864145475 0.00825936803961 0.0065401643607 0.0303585638184 0.00989494790763 0.00257457171405 0.0176548240233 0.0165314331378 0.011038178493 0.00432318896381 0.036067976721 
-0.00466790596316 -0.00302691655794 0.0212354609549 -0.00895709152871 0.000127383962803 -0.0071431590103 0.00432146433139 -0.00211844756334 0.0106907904861 -0.00192251346499 -0.00474525646229 0.0150503932263 -0.00170343648316 1.13832405965 0.022983088095 -0.00219653729877 -0.0104527314591 0.00153585200269 0.0108229644238 0.0333812853743 -0.00143112629131 -0.00346738316494 -0.00216846118539 0.00735222059387 0.00305640444055 0.00556466102449 0.00869549772163 -0.00157699170988 -0.00549819932873 0.0149945024583 -0.00802637553646 0.00838041786615 -0.00366347243259 -0.00366590044933 0.00196893641165 0.00182260122758 -0.000249467368852 0.005397393096 0.00135967207995 -0.00708756721023 0.000418070378443 0.00407213338636 0.0151685953507 0.0167491051188 -0.0124335744582 0.0140150706641 0.00554377246911 -0.019034274461 -0.000863316246043 -0.00698178825678 
-0.0175208477793 0.0189089874255 0.00755028487234 0.0067658140868 0.00922563899503 0.0146747658739 0.00797380364104 0.0484749484958 -0.00106759265286 0.00188488782964 0.00287511737852 0.00551429932463 0.00109569673348 0.022983088095 0.200119477196 0.0144636312399 -0.00197390261419 0.0337262638195 0.00837194656815 0.0104710315784 0.0150288196528 0.0202922584477 0.00522463608475 0.0161352652726 0.0049645850514 0.0119995808271 0.00966617138468 0.0210141066373 0.0193787239694 0.00838903894452 -0.00819419374294 0.00748841807143 0.00475096883119 0.0184335040827 0.00402992002451 0.0121846291766 0.0894700502243 0.0988176399276 0.00640340263077 0.00648449516499 0.015200740776 0.00687247637825 0.0480596316083 0.0150993611295 0.0198239275542 -0.00211898328861 0.0228931900357 0.0110379455383 -0.00428505669174 0.00665243275639 
0.0120518738735 0.0224252985672 0.01544631207 0.00129137153456 0.018324222074 0.0194629850683 0.0064186133527 0.0140722288987 -0.00968499645542 0.00939972743693 -0.0035980744639 0.0171533268586 0.00667949155001 -0.00219653729877 0.0144636312399 0.209794138088 -0.00152447753158 0.0265477671671 0.00639832951154 0.0130874398458 0.0135479112641 0.0126498601308 0.0262654107805 0.0193630844272 0.0189368634024 0.0117167391186 0.0197002497107 0.00263299408527 0.0177685923374 0.0113063957445 0.0269788187683 0.00289492617052 -0.000891114171148 0.0213361894908 0.00201623575368 0.0144662514525 0.0140042905572 0.0140860494328 0.00494122166985 0.0105720161536 0.00748568897286 0.0212385852335 0.0107660352743 0.0178456368129 0.0187186041872 0.00367184360056 0.00341676661993 0.00672254227331 -0.00301190093394 -0.00350260009726 
0.0536936563912 0.0304154397961 0.0282336997559 0.0143647105011 0.019032367787 0.00124175743704 0.0103793001973 0.00492249084221 0.0348648102601 0.00855612334571 0.0160586084736 0.0361021023162 0.015016572516 -0.0104527314591 -0.00197390261419 -0.00152447753159 0.532422542125 0.00805107162527 -0.00150822914821 0.0104711819404 0.00134078846349 0.0157657637359 0.0266988104199 0.0050282825177 0.0126683980709 -0.00143458278362 0.0226009253618 0.00730783181217 0.0121936352701 0.022748695634 0.0281549033996 0.020399676763 0.0182464703103 0.0229171493668 -0.00839237314494 0.00602607368552 0.0218814782232 -0.000753753525322 0.0187139626543 0.0215338104769 0.0130819110428 0.0141772456732 0.00189614701988 0.0200188552656 0.0211301468601 0.0106402802385 0.00974868660242 0.0176725781512 -0.00531118444198 0.067366101648 
0.00963884661652 0.0291599281477 0.0408722523571 0.0349314695081 0.0671275064105 0.0144139289194 0.0159294838578 0.0177783610282 0.01722151621 0.016328511686 0.0235730627709 0.0354180128483 0.0242637940364 0.00153585200269 0.0337262638195 0.0265477671671 0.00805107162527 0.268193674656 0.0149215823918 0.0171795794629 -0.00577591944416 0.0387497464781 0.0304747243865 0.0369295723666 -0.00369793530024 0.0266708828388 0.0208424200099 0.0180110567832 0.0435774439832 0.0412830928929 0.0427689626306 0.0232839794636 0.0392561726885 0.0147328837582 0.0275041881257 0.0300929157885 0.0397594518693 0.0359602003165 0.0204526240759 0.0344418423159 0.014014795132 0.0256103608892 0.063187997498 0.0172104186448 0.0389230353286 0.048077760955 0.0217092558026 0.00604663805197 0.0178599896796 0.00203996893412 
-0.0135832720344 0.012525308129 0.0204551518621 0.00833618580001 0.0398996036952 0.0162459967748 0.0130757784069 0.0170619192353 0.00866804712628 0.019254214188 0.0192915151185 -0.000979981570215 0.0101531633447 0.0108229644238 0.00837194656815 0.00639832951153 -0.00150822914821 0.0149215823918 0.265204129924 0.0225084135896 -0.00416358923729 0.0208641699702 0.0083347526155 0.0194293569998 0.00566434647794 -0.000509347829224 0.00624614308158 0.0153153664438 0.0246973858835 0.0380574724173 0.020836671568 0.00422147155871 0.00681925781541 0.0245414383204 0.0174397585818 0.0306572205405 0.0181442705883 0.0179993293965 0.00392348012126 0.0176550338328 0.00678069936709 0.0104098778006 0.00139314530865 0.00687900920283 0.00592451987202 -0.019361923715 0.0257098225876 0.0145618060155 0.00672176583596 0.0189024837459 
-0.0170524098851 0.0186320713746 0.00257431362838 0.0133626013692 0.0142166150203 0.00877504721394 0.0155152604464 0.00571659164794 0.00424366546601 0.00363004750548 0.0114925151994 0.0088893467858 0.0155676192308 0.0333812853743 0.0104710315784 0.0130874398458 0.0104711819404 0.0171795794629 0.0225084135896 0.236696381269 -0.000654822844532 0.00710564701419 0.00292299388265 0.0132804670935 0.0186016417945 0.0116766748211 0.02178142127 0.00594514796036 0.00779818820708 0.0229667507677 0.0163330983683 0.010987352055 -0.000443263359771 0.0165163965384 0.00463755963425 0.00615281344646 0.0141985434254 0.00226953774907 0.00119250820081 -0.00888298998697 0.015521713249 0.0107923937132 0.00211552488866 0.00931320179201 0.0120363938643 -0.00707566419448 0.0216094580225 0.00423401366714 0.00121932233667 -0.0137136748879 
-0.00415268896253 0.000748936859273 0.0195968063197 0.0203721500469 -0.000238915909815 0.0030114291078 0.00653329683523 0.0193142450441 0.00677682637207 -0.00261770731801 0.0124295818048 -0.006718647601 -0.0016205999485 -0.00143112629131 0.0150288196528 0.0135479112641 0.00134078846349 -0.00577591944416 -0.00416358923729 -0.000654822844534 0.532662838634 0.00915957989173 -0.00863226504259 -0.00721042133645 0.00317003583642 0.00450573084921 -0.00420314186513 -0.00111732826797 0.0083620599887 0.00121922757319 0.00191338388713 0.00895427852668 -0.00992605300445 0.0143699828559 0.0117632611154 -0.00158838074608 0.0154374541075 0.0030491692987 -0.000317335903574 0.0143584559658 0.0023565096619 0.0195024001388 0.0215369678584 0.0336304717626 0.00567254734128 -0.00667612494519 0.0133524045013 -0.00577855351336 -0.00440616857947 -0.00239825287728 
-0.00382334327843 0.0443942545774 0.0302356590346 0.0357186652936 0.0275432695282 0.0131324915065 0.0339737113373 0.0194600178835 0.0129091825538 0.0250093191974 0.0243160989978 0.0167291594321 0.0168881467815 -0.00346738316494 0.0202922584477 0.0126498601308 0.0157657637359 0.0387497464781 0.0208641699702 0.00710564701419 0.00915957989173 0.279883847721 0.0421055855752 0.0183622319277 0.00609198284876 -0.00301354582682 0.00506148596584 0.00286968759116 0.0249522464765 0.0248733564358 0.034630827491 0.0123381244307 0.0200086468605 0.0198469190034 0.0312638838294 0.00678133361392 0.0248999116991 0.0317618552489 0.0125133591356 0.0299334173899 0.0146700178676 -0.0049724243448 0.0264429896746 0.0161753414375 0.0486112988515 0.00805916638515 -0.00238671280469 0.0231298202747 -0.00431981118366 0.0147726299912 
-0.00977274573253 0.0370196069732 0.0462435087674 0.018243490039 0.0449497965198 0.00330604222266 0.0252502275429 0.011644857878 0.0089552937966 0.00894962680563 0.0297498014288 0.0121571615352 0.0175635491181 -0.00216846118539 0.00522463608475 0.0262654107805 0.0266988104199 0.0304747243865 0.0083347526155 0.00292299388264 -0.00863226504259 0.0421055855752 0.300765702 0.031471208874 0.00666790895233 -0.00193792957536 0.00962177555589 0.017791999165 0.0126620229789 0.0145546426229 0.0196167179929 0.0163816424649 0.0229623243435 0.0210310942679 0.0114388180628 0.0192470728334 0.0133187436756 -0.00179894917723 0.00404038044287 0.0185524348009 -0.00704019944223 0.0130212370104 0.000897990689663 0.0207737909509 0.0330655693032 0.0301821811423 0.00286321459477 0.0144606938116 0.0239910139865 0.00957220193647 
0.0147469797343 0.0283602939872 0.0192720820958 0.0543753332775 0.0318034352359 0.00962699332005 0.0147139905432 0.0197998393864 0.0217197190614 0.0010190637682 0.00979832724506 0.00626235111959 0.017163820984 0.00735222059387 0.0161352652726 0.0193630844272 0.00502828251769 0.0369295723666 0.0194293569998 0.0132804670935 -0.00721042133645 0.0183622319277 0.031471208874 0.301105858382 0.0083298893579 0.0278280594946 0.0287437255829 0.0197612525324 0.0211047897943 0.0168942298663 0.0136104809555 0.0259668221668 0.0308045833749 0.0391751613557 0.0582807915947 0.049586952548 0.0254510201852 0.00909507744708 -0.0172781469777 0.0258834146239 0.0403654091302 0.0137417124517 0.0189889480756 0.0216563018688 0.0467317660004 0.046313377444 0.0172742033958 0.00973784026045 0.0300550389678 0.0127539444839 
0.00476144868609 0.0105625676453 0.00601261320862 0.000895025667399 0.0109270152927 0.0066584364859 0.00617047705809 0.0115861029097 0.0127219910015 0.0109280599881 0.00362764899211 -0.00387266511267 0.00828892350731 0.00305640444055 0.0049645850514 0.0189368634024 0.0126683980709 -0.00369793530024 0.00566434647796 0.0186016417945 0.00317003583642 0.00609198284876 0.00666790895234 0.0083298893579 0.17343343533 0.0255025217482 0.0367265164484 0.00969008371409 0.00766805005492 0.00684187810196 0.00233456403739 0.0178102013236 0.000197332227409 0.0142705487927 0.0121799698756 0.00824926594493 0.00861297910413 -0.00390047947718 0.00087600423409 -0.00676243086514 0.00233495782314 0.0155739038729 0.0023437764899 0.0132998723991 0.00736290899511 0.0070028508985 0.00405360007972 -0.000340532216851 0.00894047089306 0.0131229296893 
0.0054296736211 0.010060335896 0.00193780205622 0.00732837116833 0.0193901229956 0.0106508831243 0.0198958605432 0.015036727482 0.0105913228396 0.00936240982175 0.00478599976181 0.0156070872024 0.009513209333 0.00556466102449 0.0119995808271 0.0117167391186 -0.00143458278362 0.0266708828388 -0.000509347829221 0.0116766748211 0.00450573084921 -0.00301354582682 -0.00193792957536 0.0278280594946 0.0255025217483 0.142277815491 0.0060244873505 0.00183378887945 0.0112249241894 0.0115864963997 0.0251594343761 0.0151785536303 0.00526855277382 0.0241663230174 0.0246356606452 0.028688927258 -0.0121968366114 0.00430691979118 0.0167989026795 0.0152092033592 0.01672387417 0.00686970847317 -0.000336441219019 0.0251538970046 0.0158319215322 0.0230535761598 0.0214320140016 0.00580021490753 0.0226187349373 0.00899073342005 
0.00902577575269 0.0226241597813 0.00559894613632 0.0087928656841 0.0192190085761 0.0153282595676 0.00784520953915 0.0171041501037 0.0136368871011 0.00505246773332 0.0186233546653 0.0140014211539 0.0170228510777 0.00869549772163 0.00966617138468 0.0197002497107 0.0226009253618 0.0208424200099 0.00624614308158 0.02178142127 -0.00420314186513 0.00506148596584 0.00962177555588 0.0287437255829 0.0367265164484 0.0060244873505 0.314173747665 0.00945272967119 0.0123856755361 0.0166373765547 0.014826079782 0.021826389328 0.0135979020249 0.0234376665156 0.0145313710162 0.022509574692 0.00431992523084 -0.00501155190917 0.00593332508614 0.019558326372 0.00933362944917 0.0171306801048 0.0158334485131 0.00442957773334 0.0159967112605 0.0116783960722 0.00876117922675 0.00287477316683 0.0116450960903 0.00501065887755 
-0.00257659956256 0.0134241311415 0.0659749469039 -0.000658129305109 0.00764141028752 0.0124145516453 0.000537740960591 0.00799022082974 0.00694250141292 0.0216007743465 0.0132010962525 0.00418553556898 -0.00140290181761 -0.00157699170988 0.0210141066373 0.00263299408525 0.00730783181217 0.0180110567832 0.0153153664438 0.00594514796035 -0.00111732826797 0.00286968759115 0.017791999165 0.0197612525324 0.00969008371408 0.00183378887945 0.00945272967119 0.17211766798 0.0157783393331 0.0209225872726 0.0132902362732 0.0148289748068 0.00859570135 0.00956794313218 0.00936567013265 0.0214387856855 0.00353902276997 0.0204806590078 0.00872328024833 0.0194785379568 0.00444186662056 0.00774810788754 0.00223651025753 0.00778925312575 0.0108970448142 0.00484069198592 0.0134629380791 0.00427588701379 0.0278216839752 0.0578687222942 
0.0080113785021 0.0313256026946 0.0403606262972 0.0259572550021 0.0248634562165 0.00826615013923 0.0136357410372 0.0134715240555 0.00812365715527 0.016054433483 0.0238527733085 0.0262761717799 0.00862525457681 -0.00549819932873 0.0193787239694 0.0177685923374 0.0121936352701 0.0435774439832 0.0246973858835 0.00779818820708 0.0083620599887 0.0249522464765 0.0126620229789 0.0211047897943 0.00766805005492 0.0112249241894 0.0123856755361 0.0157783393331 0.210494680494 0.0373643424943 0.0337468986024 0.0198640002028 0.0287497204021 0.0184770744863 0.00833394254167 0.0133399922715 0.0190176324197 0.0295756354274 0.0100818508411 0.0385423219964 0.00640580773809 0.0237299651788 0.0138819775421 0.0279957367454 0.06434394158 0.00832992009192 0.00287349427945 0.00989414020255 0.0123258820775 0.0205122573736 
0.0407773714148 0.0173316200086 0.0101017491565 0.0137253663938 0.026215863788 0.011251143067 0.0156268145723 0.0128575309192 0.0117992173794 0.0239920439098 0.0124525836297 0.0123339409169 0.000190943365719 0.0149945024583 0.00838903894452 0.0113063957445 0.022748695634 0.0412830928929 0.0380574724173 0.0229667507677 0.00121922757319 0.0248733564358 0.0145546426229 0.0168942298663 0.00684187810196 0.0115864963997 0.0166373765547 0.0209225872726 0.0373643424943 0.345049560432 0.0413995016694 0.0210322661993 0.0314809817735 0.0204776856236 0.02897511513 0.0282746289491 0.00251233082072 0.0219453746524 0.0114612015035 0.0247595192672 0.0463878639828 0.0158817220398 0.0247356664265 0.0178506473172 0.0242769051451 0.0376561342153 0.0122055723662 0.0268216967469 -0.00056839030354 0.0163576928807 
0.0308250415805 0.0348564884816 0.0357525170854 0.045123010612 0.010286408357 0.0120469800242 0.0137528699414 0.00384339683471 0.0120238194707 0.0366068026972 0.0181077980735 0.0399650490256 0.0150795956969 -0.00802637553646 -0.00819419374294 0.0269788187683 0.0281549033996 0.0427689626306 0.020836671568 0.0163330983683 0.00191338388713 0.034630827491 0.0196167179929 0.0136104809555 0.00233456403739 0.0251594343761 0.014826079782 0.0132902362732 0.0337468986024 0.0413995016694 0.29160334024 0.0174485395754 0.0315763002117 0.0483465095288 0.0378850907085 0.0219295406941 0.00453152645421 0.0268776847811 0.029171618768 0.0320797367632 0.0252603916375 0.0263003366371 0.0248617105625 0.0129081571125 0.0328938888117 0.0166217328859 0.0100863747092 0.0195206568119 0.0890438522259 0.0189799242708 
0.0253611610939 0.0179755038248 0.017127615178 0.0105614190526 0.0241899871655 0.0160786319235 0.013564996223 0.00385560940413 0.038075127721 -0.00201019238099 0.0181721260115 0.0225708371785 0.00958744766551 0.00838041786615 0.00748841807143 0.00289492617051 0.020399676763 0.0232839794636 0.00422147155871 0.010987352055 0.00895427852668 0.0123381244307 0.0163816424649 0.0259668221668 0.0178102013236 0.0151785536303 0.021826389328 0.0148289748068 0.0198640002028 0.0210322661993 0.0174485395754 0.181780876643 0.0200369617312 0.0258377929442 0.0252107660186 0.0188899989205 0.0234951904585 0.00364532401458 0.00260657392202 0.0197692467783 0.00379950741193 0.0137880145188 0.0178243928747 0.00389762326892 0.0197349867178 0.0227203826829 0.0131484508952 0.0165115319466 0.0094753953847 0.0163320358505 
0.0193769214348 0.0315558759281 0.0274220317742 0.0362731539155 0.0253512665397 0.00113357127524 0.027062480294 0.00226081309874 0.00653602491783 0.00786942639571 0.0213680798777 0.0178664188567 0.0130595036989 -0.00366347243259 0.00475096883119 -0.000891114171159 0.0182464703103 0.0392561726885 0.00681925781541 -0.00044326335977 -0.00992605300445 0.0200086468605 0.0229623243435 0.0308045833749 0.000197332227404 0.00526855277382 0.0135979020249 0.00859570135 0.0287497204021 0.0314809817735 0.0315763002117 0.0200369617312 0.319220160045 0.0208818998153 0.0286374902981 0.0188430491534 0.011968002857 0.0443889969656 0.00631801407654 0.0297294979298 0.0140254413151 0.0187537045051 -0.00904435840336 0.017228609609 0.038388179816 0.0390194072431 0.00183163636484 0.00517315710501 0.0401749735159 -0.00170055846736 
-0.00348765103741 0.0265963629395 0.0261987284153 0.0196474328478 0.0201167113014 0.0239389251913 0.0155205153755 0.0219474865957 0.0288326346341 0.010544961363 0.0343715432024 0.0172924289081 0.00868143110904 -0.00366590044932 0.0184335040827 0.0213361894908 0.0229171493668 0.0147328837582 0.0245414383204 0.0165163965384 0.0143699828559 0.0198469190034 0.0210310942679 0.0391751613557 0.0142705487927 0.0241663230174 0.0234376665156 0.00956794313217 0.0184770744863 0.0204776856236 0.0483465095288 0.0258377929442 0.0208818998153 0.240790522958 0.0166337560199 0.0281930026161 0.0198254505792 0.0115740679344 0.00798803784811 0.0129866315326 0.0193618386152 0.013266981747 0.00373195439784 0.022761920419 0.0299229615471 0.00454211788139 0.016566120525 0.00850284356421 0.0313898281187 0.00909781102724 
0.0176651163772 0.0184348224688 0.0202672092695 0.045507077662 0.0440470478521 0.0157901025755 0.0217595440085 0.00903213442062 0.0141326228943 0.012267142374 0.0117302939145 0.029096963842 0.0110866260528 0.00196893641165 0.00402992002451 0.00201623575365 -0.00839237314494 0.0275041881257 0.0174397585818 0.00463755963425 0.0117632611154 0.0312638838294 0.0114388180628 0.0582807915947 0.0121799698755 0.0246356606452 0.0145313710162 0.00936567013265 0.00833394254167 0.02897511513 0.0378850907085 0.0252107660186 0.0286374902981 0.0166337560199 0.243391895641 0.0389048379682 0.0103819455354 0.000690644746422 0.0166494819697 0.0333324010336 0.0189110478123 0.012907954264 -0.00258226466222 0.0102156723205 0.0274668503405 0.00833162545455 0.00275074868767 0.00997370927818 0.0213274398695 0.0226132237098 
0.00480648144932 0.0193659655267 0.0239968180085 0.00706310755737 0.0377863256348 0.0202507263224 0.0138275435863 0.020068748757 0.0162994563496 0.0230339633575 0.0224979664736 0.0180911939898 0.0106580012962 0.00182260122758 0.0121846291766 0.0144662514525 0.00602607368551 0.0300929157885 0.0306572205405 0.00615281344645 -0.00158838074608 0.00678133361391 0.0192470728334 0.049586952548 0.00824926594491 0.028688927258 0.0225095746921 0.0214387856855 0.0133399922715 0.0282746289491 0.0219295406941 0.0188899989205 0.0188430491534 0.0281930026161 0.0389048379681 0.208930050863 0.0190285164405 0.00902526162339 0.0182601183191 0.0220545842409 0.0140513210079 0.00681483041306 0.0136842306098 0.0215934620063 0.0162244780808 0.0119908521453 0.0239850017519 0.0199847227582 0.0470027978543 0.0224330207439 
-0.0144233600341 0.0392859553649 -0.00135848856844 0.0192104370898 0.0261472058887 -0.00439741573986 0.0245454707181 0.0317114704623 0.0147647848396 0.00944564303851 0.0257010104685 0.0162996004584 -0.0100881184521 -0.000249467368852 0.0894700502243 0.0140042905572 0.0218814782232 0.0397594518693 0.0181442705883 0.0141985434253 0.0154374541075 0.0248999116991 0.0133187436756 0.0254510201852 0.00861297910412 -0.0121968366114 0.00431992523085 0.00353902276997 0.0190176324197 0.00251233082072 0.00453152645421 0.0234951904585 0.011968002857 0.0198254505792 0.0103819455354 0.0190285164405 0.511503107599 0.208078444322 0.0012626581287 0.0460965566124 0.00785827497028 0.0429201121171 0.0805185223781 0.00895847833902 0.0408912557178 0.0084507400099 0.0130037187707 0.00890204093114 -0.0157426172067 0.0111440981035 
-0.0315490797286 0.0174849122027 0.00976609553081 0.0249075760711 0.0188778661017 0.00265251834102 0.031415982602 0.0304931677804 -0.00378030220642 0.0094063831504 0.0140733438063 0.0131760361694 -0.00936386340394 0.005397393096 0.0988176399276 0.0140860494328 -0.000753753525319 0.0359602003165 0.0179993293965 0.00226953774908 0.0030491692987 0.0317618552489 -0.00179894917723 0.00909507744708 -0.00390047947717 0.00430691979118 -0.00501155190918 0.0204806590078 0.0295756354274 0.0219453746524 0.0268776847811 0.00364532401458 0.0443889969656 0.0115740679344 0.000690644746429 0.0090252616234 0.208078444322 0.427030085992 0.015050088003 0.0435618693512 -0.00166492081577 0.00448465573645 0.0948238783869 -0.00130993775645 0.0298523840155 0.0169539804408 0.0230690370691 0.0176499107394 -0.0284551198068 0.007759134965 
-0.0181313878919 0.00990457510161 -0.00107278198034 0.00569348300492 0.0231449474734 0.0106264195107 0.00440689285775 0.00229273614914 -0.00853272918713 0.0136342467664 0.0171798747169 0.020288173698 0.0131822833351 0.00135967207995 0.00640340263077 0.00494122166985 0.0187139626543 0.0204526240759 0.00392348012125 0.0011925082008 -0.000317335903575 0.0125133591356 0.00404038044287 -0.0172781469777 0.000876004234083 0.0167989026795 0.00593332508614 0.00872328024832 0.0100818508411 0.0114612015035 0.029171618768 0.00260657392202 0.00631801407654 0.00798803784812 0.0166494819697 0.0182601183191 0.0012626581287 0.015050088003 0.185264322823 0.0135935997662 0.00186868362982 -0.000610824306201 0.00601585645299 -0.000509428450583 -0.0051218671962 -0.0011435424165 0.00987982165902 0.00426854023506 0.0068828387299 0.0064083643918 
0.0342472792652 0.024879957947 0.087933600945 0.0349726973414 0.020035452333 0.000271370639245 0.000751748118091 0.0146763989788 -0.00868279097359 0.0179751558593 0.0136029947763 0.0347525937976 0.0095864145475 -0.00708756721023 0.00648449516499 0.0105720161537 0.021533810477 0.0344418423159 0.0176550338327 -0.00888298998696 0.0143584559658 0.0299334173899 0.0185524348009 0.0258834146239 -0.00676243086512 0.0152092033592 0.019558326372 0.0194785379568 0.0385423219964 0.0247595192672 0.0320797367632 0.0197692467783 0.0297294979298 0.0129866315326 0.0333324010336 0.0220545842409 0.0460965566124 0.0435618693512 0.0135935997662 0.325972106522 0.00429091752212 0.0288430874387 0.0161088966857 0.0363830408463 0.0619152943779 0.000827138577794 0.00890306127926 0.000623900375178 0.00565438659898 0.0163342954596 
0.00429687805344 0.00830273841733 0.0196740245306 0.0423656486266 0.011899597186 0.0208884330597 0.0109942620182 0.00504259986102 0.00342355697532 0.00862412214922 0.00952085253235 0.0232257585956 0.00825936803961 0.000418070378444 0.015200740776 0.00748568897289 0.0130819110428 0.014014795132 0.00678069936708 0.015521713249 0.0023565096619 0.0146700178676 -0.00704019944224 0.0403654091302 0.00233495782316 0.01672387417 0.00933362944916 0.00444186662055 0.00640580773809 0.0463878639828 0.0252603916375 0.00379950741193 0.0140254413151 0.0193618386152 0.0189110478123 0.0140513210079 0.00785827497027 -0.00166492081576 0.00186868362981 0.00429091752213 0.220543119439 0.0150188480059 -0.00213300926877 0.0102351038853 0.00398296555153 0.0637369569385 0.0125967986437 -0.00415221548326 0.00938511249313 -0.00142151557699 
-0.0124572508292 0.0167424447958 0.00552386577691 0.0153888991122 0.0104207217709 0.00897520991922 0.0070766048861 0.00159424661132 0.00830768587329 0.0124787173586 0.0142000936868 0.0198726956775 0.0065401643607 0.00407213338636 0.00687247637825 0.0212385852335 0.0141772456732 0.0256103608892 0.0104098778006 0.0107923937132 0.0195024001388 -0.00497242434479 0.0130212370104 0.0137417124517 0.0155739038729 0.00686970847317 0.0171306801048 0.00774810788755 0.0237299651788 0.0158817220398 0.0263003366371 0.0137880145188 0.0187537045051 0.013266981747 0.012907954264 0.00681483041307 0.0429201121171 0.00448465573645 -0.000610824306199 0.0288430874387 0.0150188480059 0.205709267284 0.0226008497923 0.000433603649251 0.0153304771255 0.00987468967851 0.00750429278893 -0.00598216395682 0.0175093228522 0.0218170716262 
1.28171699614e-05 0.0241885939406 0.0233008013416 0.0261062520649 0.0191753011893 0.042913996965 -0.00981570982661 0.0389656213521 -0.00244581248914 0.0104466176056 0.0189148420006 -0.00124177404043 0.0303585638184 0.0151685953507 0.0480596316083 0.0107660352743 0.00189614701988 0.063187997498 0.00139314530865 0.00211552488866 0.0215369678584 0.0264429896746 0.000897990689664 0.0189889480756 0.0023437764899 -0.00033644121902 0.0158334485131 0.00223651025753 0.0138819775421 0.0247356664265 0.0248617105625 0.0178243928747 -0.00904435840336 0.00373195439784 -0.00258226466223 0.0136842306098 0.0805185223781 0.0948238783869 0.00601585645299 0.0161088966857 -0.00213300926877 0.0226008497923 0.729539906818 -0.00786023328478 0.00785719596228 -0.0027504464918 0.0305206683828 0.00279224271438 0.00280737057902 0.0145424385669 
-0.0184166385804 0.0258179371743 0.0273728938527 0.0182399520219 0.0183065767029 0.0182931251173 0.0168730176833 0.00997150759094 0.00896581294431 0.023560023316 0.0519292828929 0.00862567700322 0.00989494790763 0.0167491051188 0.0150993611295 0.0178456368129 0.0200188552656 0.0172104186448 0.00687900920283 0.00931320179201 0.0336304717626 0.0161753414375 0.0207737909509 0.0216563018688 0.0132998723991 0.0251538970046 0.00442957773334 0.00778925312575 0.0279957367454 0.0178506473172 0.0129081571125 0.00389762326892 0.017228609609 0.022761920419 0.0102156723205 0.0215934620063 0.00895847833902 -0.00130993775645 -0.000509428450582 0.0363830408463 0.0102351038853 0.000433603649247 -0.00786023328478 0.337080369835 0.0203695801325 0.0183752372108 0.0127441677301 0.000308689541373 0.00292603753196 0.0226033450516 
0.077040992742 0.0414696866328 0.0504203416228 0.0370496111932 0.0262869602727 0.0171480832014 0.0167880388494 0.010066239322 0.0136362583124 0.00370798117402 0.0343715649974 0.0392122391037 0.00257457171405 -0.0124335744582 0.0198239275542 0.0187186041872 0.0211301468601 0.0389230353286 0.00592451987202 0.0120363938643 0.00567254734128 0.0486112988515 0.0330655693032 0.0467317660004 0.0073629089951 0.0158319215322 0.0159967112606 0.0108970448142 0.06434394158 0.0242769051451 0.0328938888117 0.0197349867178 0.038388179816 0.0299229615471 0.0274668503405 0.0162244780808 0.0408912557178 0.0298523840155 -0.0051218671962 0.0619152943779 0.00398296555154 0.0153304771255 0.00785719596228 0.0203695801325 0.281865488727 -0.0196182831052 0.000324344360175 0.0109678295307 0.0465061510425 0.0374231312662 
0.158160635068 0.0401036428719 0.0521533240176 0.335040853566 0.0410487775367 0.0121681698706 0.00120344549344 -0.000509649763464 0.0505558618033 -0.000413373617749 0.0349734842831 0.00361412547548 0.0176548240233 0.0140150706641 -0.00211898328861 0.00367184360056 0.0106402802385 0.048077760955 -0.019361923715 -0.00707566419448 -0.00667612494519 0.00805916638515 0.0301821811423 0.046313377444 0.0070028508985 0.0230535761598 0.0116783960722 0.00484069198592 0.00832992009192 0.0376561342153 0.0166217328859 0.0227203826829 0.0390194072431 0.00454211788139 0.00833162545455 0.0119908521453 0.0084507400099 0.0169539804408 -0.0011435424165 0.000827138577792 0.0637369569385 0.00987468967851 -0.0027504464918 0.0183752372108 -0.0196182831052 2.24238279944 0.00308730139626 0.0265891950648 0.0110077396482 -0.00230786489876 
-0.00330373938154 0.0160195051041 -0.00369864843144 0.00247396639921 0.0135941988988 0.0151895732709 0.0180164976512 0.0227278492928 -0.000412116090525 0.00807755524063 0.023404345777 -0.000982388618122 0.0165314331378 0.00554377246911 0.0228931900357 0.00341676661994 0.00974868660242 0.0217092558026 0.0257098225875 0.0216094580225 0.0133524045013 -0.00238671280469 0.00286321459477 0.0172742033958 0.00405360007971 0.0214320140016 0.00876117922675 0.0134629380791 0.00287349427945 0.0122055723662 0.0100863747092 0.0131484508952 0.00183163636484 0.016566120525 0.00275074868767 0.0239850017519 0.0130037187707 0.0230690370691 0.00987982165902 0.00890306127927 0.0125967986437 0.00750429278893 0.0305206683828 0.0127441677301 0.000324344360173 0.00308730139625 0.143057383587 0.00193031881035 0.00837312073949 0.0162601117822 
