50
0.0486664598358 0.0375994121509 0.0693656588129 0.0289058353667 0.060830846045 0.185879968849 0.121001700606 0.0206012582373 0.0304536481296 0.0297209295042 0.0272696759741 0.0254158643172 0.118814959333 0.022286409141 0.0395572708053 0.0384738749472 0.0502759777883 0.0304896250645 0.0570579479668 0.0125032911957 0.0447966226616 0.0746691414478 0.0599327976672 0.148705689344 0.0535662105727 0.0361599942098 0.0549811443135 0.0335830315084 0.0362094771936 0.110783759143 0.0340091550877 0.0788996306534 0.0223482457603 0.0290232005544 0.162626926374 0.0738036440579 0.026417897889 0.0215013837744 0.079223051944 0.0470472683343 0.0380825412642 0.0427797721554 0.0682562642732 0.0197813299257 0.0843714281037 0.104005811155 0.0235207120966 0.0266110290159 0.0528259349661 0.0389775871913 
0.307618032042 -0.00577081585005 -0.00085887757443 0.0164859525403 0.0265658795913 0.0242282768626 0.0131897458737 0.00226256704479 0.00848307340365 0.020258503822 0.00038819851922 -0.00445516960959 -0.00497893096039 0.0108275015814 -0.00505654602419 0.0146326235436 0.0192568877921 -0.00257971885086 0.0263482674517 0.0219596479767 0.00723651800458 0.0117588410632 0.0244765370156 0.0164701774649 0.0177089964579 0.0160521105186 0.0214602020791 0.00906070990316 0.00618993188327 0.0217966818517 0.0122076170706 -0.00300696910242 0.0167610468074 0.013657199718 0.0548566727399 0.00525017690988 0.0190550842668 0.00914429715466 0.0222202066499 0.00829493015789 -0.00429394227565 0.015001183945 -0.00153916436267 0.00283092208788 0.00667133385232 0.0458349230231 -0.00716429281847 -0.00783017213477 0.015020305714 0.0094019790991 
-0.00577081585005 0.262742230014 0.0213206993255 0.00832375460784 0.0203384450979 0.0100037941271 0.0422359316327 0.0101838539658 0.0185631659565 0.00772683620007 0.0122162302166 0.0188994460748 -0.00147033370587 0.00686505747573 0.00964303070476 0.00785566296016 0.0167108033695 0.00815009367884 0.00125641829874 0.0156786807718 0.0207966422997 -0.0143891996109 0.00719877248558 0.00440246579327 0.011388764397 0.0189464012223 0.0104272118019 0.00545549342323 0.0140182993596 0.00775399120169 0.0115766362387 0.0130726959842 0.0108623958588 0.0140945554213 0.00255015534381 0.0147933540759 0.0257116523845 0.0074266374632 0.0154610376864 0.0164534109071 0.0154991272062 0.0143857764512 0.00239308655456 0.0101383968906 0.00352981208134 0.0111826100324 -0.0046203335875 0.0283624528015 0.0306451867143 0.0131594724469 
-0.00085887757443 0.0213206993255 0.378627581174 0.00868918037991 0.0217053620737 0.0243243312157 0.0292798243485 0.00693212865175 0.00838091478382 0.0117120141375 0.00362754132368 0.0124349974805 0.0301574431182 0.0237044890869 0.00226580808806 0.00478486194061 0.00224847932114 0.0128236922362 0.0334478425058 0.0123530413633 0.0266865907674 0.0246132481378 0.0219350907953 0.0178076810704 0.00562573973253 -0.00406078884081 0.00789351806909 0.0379311822774 0.0122976093813 0.00754953401372 0.0173157842561 0.00846645147366 0.018676950743 0.00768178272959 0.0173992603442 0.0153701490846 0.0375768933863 0.0291166235964 0.0195939488282 0.0104988723464 0.0129074085366 0.00475665584965 0.0108483924565 0.00871938628993 0.0261569733976 0.0370175036441 0.00704452907245 0.046229701729 0.0142717381001 0.0113985160446 
0.0164859525403 0.00832375460784 0.00868918037991 0.214963618007 0.0409108700053 0.0224563904221 0.00370621158808 0.0228419078726 0.0260695406116 -0.00204412634687 0.0242967617104 0.024953924239 0.0149704916319 0.00990601496242 0.0138898286076 0.00273935638678 0.0124558971561 0.0132187155966 0.0134415691518 0.00714965385978 0.0215326688645 0.0298347266642 0.00741899964896 0.015589614906 0.0183753992289 0.00761109003535 0.0091274005338 0.0164951913806 0.0186052076944 0.0183648912947 0.0155624626496 0.00678636869818 0.0101798704354 0.0274109659328 0.0813960143572 0.0223242860829 0.0126399559502 0.0295585384546 0.0262549668629 0.00645596937704 0.030350116918 0.011683791104 0.018492992759 0.0186954640869 0.00441297712292 0.0156711448582 -2.11151247576e-06 -0.00151102913948 0.0616585155651 0.0432226947598 
0.0265658795913 0.0203384450979 0.0217053620737 0.0409108700053 0.289487302141 0.0250522791812 0.021883657529 0.0154729123362 0.0334315617916 0.00895813298254 0.0215553216827 0.0203735555132 0.0302770052177 0.0109956069076 0.00697143714745 0.0159599382568 0.0338098938012 0.00991288309865 0.0242158463013 0.0214360732431 0.0213398199545 0.0271939621608 0.0200254402512 0.0113800088816 0.0258705241777 0.0183026083631 0.0159944072958 0.0438768544283 0.0391645520707 0.0333322278019 0.0213936938526 0.00811533300982 0.0203650800658 0.019028950308 0.0141096738777 0.024974500014 0.0284990334557 0.0105005618698 0.0317738223537 0.0144672331086 0.0236948948515 0.0192895045264 0.0276716393755 0.0190678883499 0.0248647271574 0.0455311769834 0.00815454531794 0.00958818259277 0.0154856522682 0.0387050083065 
0.0242282768626 0.0100037941271 0.0243243312157 0.0224563904221 0.0250522791812 0.626534290055 0.0519930934736 0.043396119587 0.0196692554008 0.00547407989443 0.0347987837734 0.0179439812869 0.041404576124 -0.00412900921333 0.0141508773387 0.0359164898387 0.0127332071941 -0.00371756835304 0.0300320152965 0.00431867128604 0.0293163819928 0.0176804257348 0.0664710513368 0.0561128731278 0.0374496329913 0.00895214373193 0.0339727592654 0.0334667279128 0.0203416482964 0.058628956435 0.00824362677803 0.00398481425271 0.0219378776696 0.0254926885836 0.0462714723336 0.0702835404758 0.0754730724323 0.0259355396893 0.0295182650161 0.0232864003173 0.0145885140817 0.0718230108014 0.0408267455222 0.0125876266918 0.148692942434 -0.00616954955346 0.0231211331232 0.00386076432374 0.0173531381614 0.033772748816 
0.0131897458737 0.0422359316327 0.0292798243485 0.00370621158808 0.021883657529 0.0519930934736 0.737595844587 0.0184455594621 0.014521461416 0.00544936482881 0.0118062126 0.0131362536441 0.0374744288452 0.0127864242745 0.0134369996051 0.0125458952001 0.00403817741906 0.0257464448497 0.00193292821462 -0.0151897177428 0.0157956214607 0.0111670346709 0.00387670287098 0.0249640320147 0.0378801022859 0.0624511917135 0.0264273186633 -0.00131085837805 -0.00160863211171 0.001876898364 0.00195309709107 0.0052799157597 0.0154396884752 0.00574891187572 0.0515940321536 0.0162457077108 0.0194502528996 0.00948864114605 -0.00458963608854 0.0139751476605 0.0212273153664 0.0107924712628 0.0217274543872 -0.00127330102403 -0.013129645855 0.0225517889399 0.00440638682753 0.0207545327121 -0.00989048911144 0.0173166173174 
0.00226256704479 0.0101838539658 0.00693212865175 0.0228419078726 0.0154729123362 0.043396119587 0.0184455594621 0.181856352417 0.00404257064397 0.00494257029545 0.0135607133524 0.0212784670905 0.0134307474688 0.00650064177139 0.00501669260268 0.00607314487081 -0.00307383013299 0.00477320271919 0.0129240824999 0.00743361884818 0.0177583128376 0.0215854390688 0.00629079977679 0.0309735772463 0.0155434022369 0.00175261895013 0.00075808582503 0.00628535748017 0.00998106220507 0.0374399092594 0.0159334591953 0.0113577789223 0.00911740204802 0.0129223256179 0.013562004772 0.0246705144758 0.0182227618405 0.0225004254427 0.0173468653774 0.00931952743763 0.0176850823374 0.03801886204 0.041139549348 0.0160715020559 -0.00245087324143 0.0260185339464 0.0112617510313 0.0219764112906 0.0105051296988 0.0134643302082 
0.00848307340365 0.0185631659565 0.00838091478382 0.0260695406116 0.0334315617916 0.0196692554008 0.014521461416 0.00404257064397 0.202243421951 0.0104757513684 0.0136762994245 0.0212204602828 0.0191672055778 0.014713144595 0.019006446282 0.0122630174591 0.026075071194 0.00295745723507 0.0145581400827 0.0212100292963 0.010420241797 0.0341256501999 0.0187263958667 0.00736935747847 0.041007228763 0.0365471301978 0.0132683096041 0.0221074772053 0.0352884863537 0.0159856533805 0.0433897732935 0.0215193542942 0.0439314642702 0.0281508780524 0.00097804073337 0.00151540506647 0.0193950945771 0.0192036492183 0.00490541152209 0.0272641311673 0.00147552065464 0.0225929190728 0.0149769335016 0.0273322657598 0.0269725068883 0.0370357650623 0.00774351147932 0.0247079905792 0.0300143575075 0.0317399103265 
0.020258503822 0.00772683620007 0.0117120141375 -0.00204412634687 0.00895813298254 0.00547407989443 0.00544936482881 0.00494257029545 0.0104757513684 0.219118766848 0.00217452200094 0.0050224456685 0.00440410756485 0.00848200539623 0.00838013793107 -0.00879117782418 0.0131506311347 0.00430667813485 0.00302014591876 0.00524406802974 0.0199380604193 0.0102131819991 0.029000959259 0.00416533609337 0.0180253380695 0.00249779520466 0.012418788103 -0.0011403135841 0.0143228198877 0.00687029080022 0.00054750031318 -0.00100344108391 0.0197440335647 0.0195132162375 -0.00862221714196 0.00103330950272 0.00970306614785 0.00277428668575 -0.0052084724996 0.0155873662229 0.0144935286635 0.00215718757452 -0.00226390612388 0.0112306359436 -0.00667994287866 0.00501008831147 0.000477263781532 0.00202992176607 0.0100273654368 0.0156986087817 
0.00038819851922 0.0122162302166 0.00362754132368 0.0242967617104 0.0215553216827 0.0347987837734 0.0118062126 0.0135607133524 0.0136762994245 0.00217452200094 0.138699581266 0.00830960112035 0.00752935389668 0.0069993089132 0.0210169937184 0.00524767525615 0.00315222549857 0.00743698835124 0.00270059028823 0.006169142449 0.0310166254504 0.0270394401507 0.0111843655391 0.0246912634434 0.0103871498208 0.0134203698498 0.00701000791267 0.0196752837741 0.0145192232912 0.0400426956312 0.0153142451579 0.00665886963662 0.00153423884866 0.00737183480106 0.00637025898363 0.0262980693017 0.00999070879609 0.0249958984407 0.0194346404302 0.0147685284588 0.00632596332313 0.0231908818361 0.0246366800612 0.0138795643413 0.0117670189727 0.0296839197172 0.00577395595495 0.00310523926982 0.00152819699502 0.0138312422443 
-0.00445516960959 0.0188994460748 0.0124349974805 0.024953924239 0.0203735555132 0.0179439812869 0.0131362536441 0.0212784670905 0.0212204602828 0.0050224456685 0.00830960112035 0.284916054252 0.0259178153577 0.0362555186729 0.00626858101166 0.00744940384962 0.000777909980442 0.00167038570424 0.0249067579914 0.0356195530088 0.0330629840629 0.0395648133018 0.0159969574883 0.0199411513866 0.00962060461744 0.010765055449 0.0104696410138 0.0163412808473 0.0296086168197 0.0244270629891 0.00471918762135 0.00170921224533 -0.00338024423949 0.012477229617 0.0193891784852 0.00112405725761 0.0238032716383 0.0253386044759 0.032526831204 0.00918960579722 0.0178118374768 0.0234865900594 0.0241050952188 0.0100865289543 -0.00656907590401 0.0419766694186 0.0110058347622 0.0206091819684 0.00653591146725 0.0151270271213 
-0.00497893096039 -0.00147033370587 0.0301574431182 0.0149704916319 0.0302770052177 0.041404576124 0.0374744288452 0.0134307474688 0.0191672055778 0.00440410756485 0.00752935389668 0.0259178153577 0.502663917832 0.0130399299216 0.00178961804028 0.00905079447209 -0.00626690782603 -0.000900858533004 0.0287399797862 0.0127347873101 0.0150136532276 0.0174386452763 -0.0110637083705 0.0322545345244 0.0192598950684 0.0180977828521 0.0120192063491 0.0457196970401 0.0154722092058 0.0558296285268 0.0124355644183 -0.00586318540667 0.0205206158385 0.00587669678466 0.0150958476482 0.0101844147273 0.0139594002958 0.0315465728778 0.044205503409 0.0180787774415 0.0301290349264 0.0229257634177 0.0264187293171 0.0063546584502 0.00934041290149 0.0297118836095 0.0178867511273 0.0208336104323 0.000638511744025 0.00447200865765 
0.0108275015814 0.00686505747573 0.0237044890869 0.00990601496242 0.0109956069076 -0.00412900921333 0.0127864242745 0.00650064177139 0.014713144595 0.00848200539623 0.0069993089132 0.0362555186729 0.0130399299216 0.244164894037 -0.00218850351141 0.000969968188838 0.0110125147808 0.00300928594704 -0.00145051913101 0.0149389214148 0.0132692061673 0.00862343568489 0.00872846207204 -0.00196397896609 0.0126273265779 0.00860518091493 -0.0030975445379 0.00241775916386 -0.00566182765508 0.0175464852118 0.00556093419278 0.00375301607922 0.00927916826483 0.0108576187146 0.004796171457 0.00227036465487 0.00398978825392 0.0175548730484 0.00745754805995 0.0103598049652 -1.32981526971e-05 0.0122107816928 0.000235369979829 -0.00326143000456 0.0144490330027 0.0102595040529 -0.00344226645753 0.0154504534871 -0.00499345977685 -0.00494545638874 
-0.00505654602419 0.00964303070476 0.00226580808806 0.0138898286076 0.00697143714745 0.0141508773387 0.0134369996051 0.00501669260268 0.019006446282 0.00838013793107 0.0210169937184 0.00626858101166 0.00178961804028 -0.00218850351141 0.179432347439 0.00744557243758 -0.000125601315069 0.00963143495359 0.00773896933208 0.00833636320035 0.01908859063 -0.00348228375161 0.0110026481651 -0.0022817341352 0.0148311466353 0.0114023398245 0.00786129711724 0.00678519301639 0.00967516564728 0.025409741369 0.00783704211331 0.00402199624468 0.00348206362968 -0.00787071126746 -0.00756020750921 0.00260583241655 0.00228230748012 0.01929178098 0.0103124242848 0.0169338271685 0.0173959194566 0.0167117217561 0.010749722688 0.0124296711346 0.00696975649619 0.00925279285508 0.00612044549133 0.0121080329943 0.0119872264965 0.0119064985096 
0.0146326235436 0.00785566296016 0.00478486194061 0.00273935638678 0.0159599382568 0.0359164898387 0.0125458952001 0.00607314487081 0.0122630174591 -0.00879117782418 0.00524767525615 0.00744940384962 0.00905079447209 0.000969968188838 0.00744557243758 0.232251456634 0.0122755499055 0.000703707988301 0.0118591405367 0.0206392953143 0.0142159854731 0.00785813868031 0.0171187286345 0.00681091998467 0.0226723564516 0.00474391707301 0.0251810062995 0.000943551597487 0.0156829748728 0.0109408160017 0.0206488261545 -0.00396853349072 0.0110708403656 0.00562387456795 0.0184157536901 0.0117844980636 0.00361721828032 0.00485460911462 0.0227083242107 0.0165589497564 -0.000726706208543 0.0149308444285 0.011625506227 0.00387081878691 0.0188638715196 0.00940329622002 0.0110643068024 0.0247980389986 0.0103407164168 0.0185258485694 
0.0192568877921 0.0167108033695 0.00224847932114 0.0124558971561 0.0338098938012 0.0127332071941 0.00403817741906 -0.00307383013299 0.026075071194 0.0131506311347 0.00315222549857 0.000777909980443 -0.00626690782603 0.0110125147808 -0.000125601315069 0.0122755499055 0.262223881488 0.0123180844445 0.0167822543892 0.00549938125252 0.0118233566628 0.0279584173107 0.0129759703604 0.0115527685691 0.0307849529437 0.027961369431 0.0105715671204 0.00783196389632 0.0135624438861 0.042092486556 0.026291156779 0.013269881118 0.0314004659674 0.0197298672485 0.0274632377162 -0.00091745165386 0.0122616762856 0.00758700277686 0.0107368720769 0.0169699878631 -0.00243758365255 0.0228663379217 0.0178518315792 -0.0040147897048 0.0293191299784 0.0264528941069 0.00899500816581 0.0023858865837 0.00358896354552 0.00930013902214 
-0.00257971885086 0.00815009367884 0.0128236922362 0.0132187155966 0.00991288309865 -0.00371756835304 0.0257464448497 0.00477320271919 0.00295745723507 0.00430667813485 0.00743698835124 0.00167038570424 -0.000900858533004 0.00300928594704 0.00963143495359 0.000703707988301 0.0123180844445 0.207483245257 0.00639865128881 0.00760779065901 0.0191053817705 -0.00290276866098 0.0112217617033 0.00294171744473 0.0103837200589 0.00795831126722 0.0228280745748 0.00211678844453 0.00452482324078 0.0258668607921 0.0126959151462 0.00347414800022 0.00748160567684 0.00271333036002 0.0426808928967 0.004559510758 0.000673411697988 0.0224727644051 -0.00239892048355 0.0116960341669 0.00639413145641 0.0161571102887 -0.00813547205821 0.00788654233422 0.0049457998085 0.0125912915467 0.0153176561592 -0.0137168241491 0.0182221394145 0.00315204751874 
0.0263482674517 0.00125641829874 0.0334478425058 0.0134415691518 0.0242158463013 0.0300320152965 0.00193292821462 0.0129240824999 0.0145581400827 0.00302014591876 0.00270059028823 0.0249067579914 0.0287399797862 -0.00145051913101 0.00773896933208 0.0118591405367 0.0167822543892 0.00639865128881 0.329180324354 0.00608555073483 0.00261430046652 0.0129752188801 0.0208885858662 0.0106627252193 0.0123691754001 0.00599224481553 0.00823967044641 0.0172137819428 0.0257689864978 0.0187433839639 0.0172410300325 -0.00594474306548 0.00459304862526 0.011329634265 0.043403406739 0.00191796023767 0.00193000354421 0.0198980113965 0.0113195310076 0.00893879154937 0.0231943023357 0.0283920815527 0.0201757991128 0.0144702060564 0.0129418640141 0.0189529833685 0.0192668670392 0.00952169065718 0.0280724417119 0.0077581198406 
0.0219596479767 0.0156786807718 0.0123530413633 0.00714965385978 0.0214360732431 0.00431867128603 -0.0151897177428 0.00743361884818 0.0212100292963 0.00524406802974 0.006169142449 0.0356195530088 0.0127347873101 0.0149389214148 0.00833636320035 0.0206392953143 0.00549938125252 0.00760779065901 0.00608555073483 0.285400308496 0.0361216343712 -0.00442022937045 0.0104584008006 0.0102440787401 -0.00563125214291 -0.0172246729435 -0.000867078893828 0.0064578262834 0.0118701995246 0.0195301470998 0.0149692095536 -0.00340253310911 0.0210600903179 0.0177987870263 0.00783714506779 0.0147147155163 0.0196386084916 0.00582349355396 0.000880251522074 0.0128212777886 0.0151123337029 0.0113445494563 0.0229306572661 0.0148943801387 0.00206309434909 0.0314277533412 -0.00542458749629 0.00273220827685 0.0117678858456 0.0103362364994 
0.00723651800458 0.0207966422997 0.0266865907674 0.0215326688645 0.0213398199545 0.0293163819928 0.0157956214607 0.0177583128376 0.010420241797 0.0199380604193 0.0310166254504 0.0330629840629 0.0150136532276 0.0132692061673 0.01908859063 0.0142159854731 0.0118233566628 0.0191053817705 0.00261430046652 0.0361216343712 0.265970071449 0.0357027035733 0.0160559855572 0.0466514470732 0.0305925467157 0.00258545031742 0.0190484900554 0.020693915856 0.0256180751174 0.0461854369213 0.0181696187167 0.0335840532273 0.00936321914146 0.0156885876428 -0.00484307280585 0.026518648524 0.0277811446278 0.020754795039 0.0273834513167 0.0315956877646 0.00840909551241 0.0252866458989 0.0227460687839 0.0255922952407 0.0113713935793 0.0441289682318 0.0266395415653 0.0294952813818 0.0342485002288 0.0167269973861 
0.0117588410632 -0.0143891996109 0.0246132481378 0.0298347266642 0.0271939621608 0.0176804257348 0.0111670346709 0.0215854390688 0.0341256501999 0.0102131819991 0.0270394401507 0.0395648133018 0.0174386452763 0.00862343568489 -0.00348228375161 0.00785813868031 0.0279584173107 -0.00290276866098 0.0129752188801 -0.00442022937045 0.0357027035733 0.493298247733 0.045954383753 0.0250749275384 0.0128130555117 0.00191160944651 0.0186114341078 0.0238161272822 0.0318973060234 0.0791851577681 0.0190151470333 0.0247141856798 0.0162729318795 0.0198600503093 0.012123275127 0.0188362272129 0.00822350923475 0.0262519912144 0.0442952516562 0.0137204715861 0.0218361494332 0.0326574907099 0.0086875786157 0.0078512721724 0.0111177207548 0.0291015941023 -0.000141487524683 0.0117897454513 0.0326394166677 0.00929106319539 
0.0244765370156 0.00719877248558 0.0219350907953 0.00741899964896 0.0200254402512 0.0664710513368 0.00387670287098 0.00629079977679 0.0187263958667 0.029000959259 0.0111843655391 0.0159969574883 -0.0110637083705 0.00872846207204 0.0110026481651 0.0171187286345 0.0129759703604 0.0112217617033 0.0208885858662 0.0104584008006 0.0160559855572 0.045954383753 0.331257612828 -0.00519380034954 0.0116581431173 0.00604088201924 0.018472816174 -0.00168566614608 0.0206088490207 0.0310433127456 0.00358262883433 -0.00479061897251 0.0100427477744 0.02015095163 -0.00430480387639 -0.0026738606155 0.00345393103409 0.003009988286 0.0231870052205 -0.00469239199568 0.014316573034 0.0123293441965 0.0206826676608 -0.00444380087589 0.0140472987878 0.0241489023238 0.0075181759413 0.00665729996151 0.0181056032835 0.0329033449915 
0.0164701774649 0.00440246579327 0.0178076810704 0.015589614906 0.0113800088816 0.0561128731278 0.0249640320147 0.0309735772463 0.00736935747847 0.00416533609337 0.0246912634434 0.0199411513866 0.0322545345244 -0.00196397896609 -0.0022817341352 0.00681091998467 0.0115527685691 0.00294171744473 0.0106627252193 0.0102440787401 0.0466514470732 0.0250749275384 -0.00519380034954 0.638329831708 0.0261001535386 0.00564953089997 0.0119580126024 0.0679444422614 0.0220591365209 0.0766875803241 0.00543214213986 0.0214241171013 0.0146683376366 0.0154012338686 -0.00190242853878 0.0209092242439 0.0234314646797 0.0485708130097 0.0300107872874 0.0462872670363 0.0283053237725 0.0217461773354 0.0236283076101 -0.00429787015591 -0.000741411933515 0.024599421774 0.00554004309347 0.0084837971875 0.0197812189354 0.0217750341183 
0.0177089964579 0.011388764397 0.00562573973253 0.0183753992289 0.0258705241777 0.0374496329913 0.0378801022859 0.0155434022369 0.041007228763 0.0180253380695 0.0103871498208 0.00962060461744 0.0192598950684 0.0126273265779 0.0148311466353 0.0226723564516 0.0307849529437 0.0103837200589 0.0123691754001 -0.00563125214291 0.0305925467157 0.0128130555117 0.0116581431173 0.0261001535386 0.196411047766 0.0379196922853 0.0368945264131 0.0185952726418 0.0230252685028 0.0205178009918 0.0202799413914 0.00525516944494 0.0274677756607 0.0176953221123 0.00963944755512 0.0221701509883 0.0154287508346 0.018590069608 0.0306667245748 0.0876500128802 0.00812757113854 0.0243334338099 0.0116795838606 0.0205848160539 0.00675078873475 0.0412306351192 0.0199084927546 0.0151940507658 0.0227445063978 0.0130108771677 
0.0160521105186 0.0189464012223 -0.00406078884081 0.00761109003535 0.0183026083631 0.00895214373193 0.0624511917135 0.00175261895013 0.0365471301978 0.00249779520466 0.0134203698498 0.010765055449 0.0180977828521 0.00860518091493 0.0114023398245 0.00474391707301 0.027961369431 0.00795831126722 0.00599224481553 -0.0172246729435 0.00258545031742 0.00191160944651 0.00604088201924 0.00564953089997 0.0379196922853 0.229494881517 -0.00034580502628 0.00906676517827 0.00149038437122 0.0231942963934 0.0184834147301 -0.0125843271535 0.024620464956 0.0136357733154 0.0506228494087 0.0208692120257 -0.00301737680538 0.00508838532261 0.0211320149469 0.0337464928014 0.0164190649464 0.0226463188031 0.00874363053799 0.0188624377547 -0.00337049651498 0.00506593027483 0.0128588208449 0.0330385810738 0.00784197523167 0.0124420751456 
0.0214602020791 0.0104272118019 0.00789351806909 0.0091274005338 0.0159944072958 0.0339727592654 0.0264273186633 0.00075808582503 0.0132683096041 0.012418788103 0.00701000791267 0.0104696410138 0.0120192063491 -0.0030975445379 0.00786129711724 0.0251810062995 0.0105715671204 0.0228280745748 0.00823967044641 -0.000867078893828 0.0190484900554 0.0186114341078 0.018472816174 0.0119580126024 0.0368945264131 -0.00034580502628 0.443858255955 0.0231425979781 0.0179193010591 0.0163955527198 -0.00192178970042 0.000760631259903 0.00516206082868 0.0192187018055 0.0153562079963 0.0131218353921 -0.00293107588765 0.0314030317487 0.00368501805448 0.0252952063968 0.0179248473009 -0.00809531969827 0.0104006995311 0.00511198073838 0.0166979415689 0.0115289165976 0.0179818726158 0.00572982326487 0.000121909209968 0.0101996810067 
0.00906070990316 0.00545549342323 0.0379311822774 0.0164951913806 0.0438768544283 0.0334667279128 -0.00131085837805 0.00628535748017 0.0221074772053 -0.0011403135841 0.0196752837741 0.0163412808473 0.0457196970401 0.00241775916386 0.00678519301639 0.000943551597486 0.00783196389632 0.00211678844454 0.0172137819428 0.0064578262834 0.020693915856 0.0238161272822 -0.00168566614608 0.0679444422614 0.0185952726418 0.00906676517827 0.0231425979781 0.291810761343 0.00837914806823 0.0585216444804 0.019028854954 0.0124482576642 0.0121398130323 0.00117675592672 -0.00964521621774 0.0269393495098 0.0199745318536 0.0426119387843 0.0101899027702 0.00105372643275 0.0289534550454 -0.00162245785231 0.0278696602491 0.000114510322315 0.0129656861965 0.0287455307119 0.00996062711852 0.0137673645409 0.000218001263956 0.0220332465483 
0.00618993188327 0.0140182993596 0.0122976093813 0.0186052076944 0.0391645520707 0.0203416482964 -0.00160863211171 0.00998106220507 0.0352884863537 0.0143228198877 0.0145192232912 0.0296086168197 0.0154722092058 -0.00566182765508 0.00967516564728 0.0156829748728 0.0135624438861 0.00452482324078 0.0257689864978 0.0118701995246 0.0256180751174 0.0318973060234 0.0206088490207 0.0220591365209 0.0230252685028 0.00149038437122 0.0179193010591 0.00837914806824 0.241246178307 0.0354978109308 0.0257561191685 0.00940459947741 0.0311003960886 0.03059885909 -0.00058536785266 0.0279598815041 0.0243079528497 0.0163639896326 0.0207767815125 0.0290498910941 0.00549520786185 0.0309486720286 0.0241022402022 0.0233438273979 0.00939598238692 0.04147462603 4.82594975879e-05 0.00775738157192 0.023339041928 0.0553229453886 
0.0217966818517 0.00775399120169 0.00754953401372 0.0183648912947 0.0333322278019 0.058628956435 0.001876898364 0.0374399092594 0.0159856533805 0.00687029080022 0.0400426956312 0.0244270629891 0.0558296285268 0.0175464852118 0.025409741369 0.0109408160017 0.042092486556 0.0258668607921 0.0187433839639 0.0195301470998 0.0461854369213 0.0791851577681 0.0310433127456 0.0766875803241 0.0205178009918 0.0231942963934 0.0163955527198 0.0585216444804 0.0354978109308 0.468079269311 -0.000439570351686 0.0540090780998 0.0370797346557 0.0344601209224 0.0326213774984 0.0396191913586 0.0360873363764 0.0357343208631 0.0289011326883 0.0129627349347 0.0410582510773 0.0455563357987 0.0499633157253 0.0212178795382 0.0217612119326 0.0467452036356 0.0332415965082 0.00275391077933 0.0462495716904 0.0253911404565 
0.0122076170706 0.0115766362387 0.0173157842561 0.0155624626496 0.0213936938526 0.00824362677803 0.00195309709107 0.0159334591953 0.0433897732935 0.00054750031318 0.0153142451579 0.00471918762135 0.0124355644183 0.00556093419278 0.00783704211331 0.0206488261545 0.026291156779 0.0126959151462 0.0172410300325 0.0149692095536 0.0181696187167 0.0190151470333 0.00358262883433 0.00543214213986 0.0202799413914 0.0184834147301 -0.00192178970042 0.019028854954 0.0257561191685 -0.000439570351686 0.203098369831 0.00313373659086 0.0304879063561 0.0113834127266 -0.0128114711512 0.0167209338994 0.0114786168789 0.0154561480467 0.00643572650287 0.0182938579654 0.00760278391201 0.0214516552556 0.0176054888007 0.0279324914337 0.0185308908997 0.0298538889749 0.0131947563818 0.0331817804696 0.0223793669705 0.0302837067889 
-0.00300696910242 0.0130726959842 0.00846645147366 0.00678636869818 0.00811533300982 0.00398481425271 0.0052799157597 0.0113577789223 0.0215193542942 -0.00100344108391 0.00665886963662 0.00170921224533 -0.00586318540667 0.00375301607922 0.00402199624468 -0.00396853349072 0.013269881118 0.00347414800022 -0.00594474306548 -0.00340253310911 0.0335840532273 0.0247141856798 -0.00479061897251 0.0214241171013 0.00525516944494 -0.0125843271535 0.000760631259903 0.0124482576642 0.00940459947741 0.0540090780998 0.00313373659086 0.755529927677 0.0150550069547 0.0179764028927 -0.00909155132741 0.0158220727149 0.0138310947505 0.0171607227924 0.0212181840257 -0.00161347634062 0.0149603693001 0.00986452179454 -0.0013787602831 0.00604993127621 0.00496931083183 0.0065542919927 0.0237512241792 -0.00657020106934 -0.00637552309389 0.00416755971815 
0.0167610468074 0.0108623958588 0.018676950743 0.0101798704354 0.0203650800658 0.0219378776696 0.0154396884752 0.00911740204802 0.0439314642702 0.0197440335647 0.00153423884866 -0.00338024423949 0.0205206158385 0.00927916826483 0.00348206362968 0.0110708403656 0.0314004659674 0.00748160567684 0.00459304862526 0.0210600903179 0.00936321914146 0.0162729318795 0.0100427477744 0.0146683376366 0.0274677756607 0.024620464956 0.00516206082868 0.0121398130323 0.0311003960886 0.0370797346557 0.0304879063561 0.0150550069547 0.209202099644 0.0249358554016 0.00632103469685 0.019547514252 0.00532145349499 0.00670238015657 0.0012124592513 0.0195623411964 0.0119695264355 0.012400462871 0.00905667230155 0.0261721722434 0.024412148813 0.00940964327235 0.00639153426878 0.014126857996 0.0295787262994 0.0239743493366 
0.013657199718 0.0140945554213 0.00768178272959 0.0274109659328 0.019028950308 0.0254926885836 0.00574891187572 0.0129223256179 0.0281508780524 0.0195132162375 0.00737183480106 0.012477229617 0.00587669678466 0.0108576187146 -0.00787071126746 0.00562387456795 0.0197298672485 0.00271333036002 0.011329634265 0.0177987870263 0.0156885876428 0.0198600503093 0.02015095163 0.0154012338686 0.0176953221123 0.0136357733154 0.0192187018055 0.00117675592672 0.03059885909 0.0344601209224 0.0113834127266 0.0179764028927 0.0249358554016 0.242533800087 0.0172244193413 0.0332169129097 0.0115380602949 0.00902967538139 0.0214748894016 0.00640355586724 0.003814521058 0.0195217634032 -0.000728014281667 0.0194451426087 -0.00599648354726 -0.000717257124184 0.00240944709292 0.0176899985904 0.0379773509194 0.0318380722175 
0.0548566727399 0.00255015534381 0.0173992603442 0.0813960143572 0.0141096738777 0.0462714723336 0.0515940321536 0.013562004772 0.00097804073337 -0.00862221714196 0.00637025898363 0.0193891784852 0.0150958476482 0.004796171457 -0.00756020750921 0.0184157536901 0.0274632377162 0.0426808928967 0.043403406739 0.00783714506779 -0.00484307280585 0.012123275127 -0.00430480387639 -0.00190242853878 0.00963944755512 0.0506228494087 0.0153562079963 -0.00964521621774 -0.000585367852659 0.0326213774984 -0.0128114711512 -0.00909155132741 0.00632103469685 0.0172244193413 1.12090772108 0.00725728306834 0.0374029042244 0.00902961463686 0.00458970920539 0.0014807965472 0.00293320196246 0.0236946654885 0.0224519787762 0.00940849773739 0.0197370494295 -5.63293628963e-05 0.0035552755369 0.00137301429949 0.0179386071722 -0.000668889708989 
0.00525017690988 0.0147933540759 0.0153701490846 0.0223242860829 0.024974500014 0.0702835404758 0.0162457077108 0.0246705144758 0.00151540506647 0.00103330950272 0.0262980693017 0.00112405725761 0.0101844147273 0.00227036465487 0.00260583241655 0.0117844980636 -0.00091745165386 0.004559510758 0.00191796023767 0.0147147155163 0.026518648524 0.0188362272129 -0.0026738606155 0.0209092242439 0.0221701509883 0.0208692120257 0.0131218353921 0.0269393495098 0.0279598815041 0.0396191913586 0.0167209338994 0.0158220727149 0.019547514252 0.0332169129097 0.00725728306834 0.350530121794 0.0199905866089 0.0178583000186 0.0370467270504 0.0138492928109 0.0222974079367 0.0385867312166 0.0107970443797 0.0062201360712 0.0159694273858 0.0321866999654 0.0108882178402 0.0133864474165 0.0185465466611 0.0199003326974 
0.0190550842668 0.0257116523845 0.0375768933863 0.0126399559502 0.0284990334557 0.0754730724323 0.0194502528996 0.0182227618405 0.0193950945771 0.00970306614785 0.00999070879609 0.0238032716383 0.0139594002958 0.00398978825392 0.00228230748012 0.00361721828032 0.0122616762856 0.000673411697987 0.00193000354421 0.0196386084916 0.0277811446278 0.00822350923475 0.00345393103409 0.0234314646797 0.0154287508346 -0.00301737680538 -0.00293107588765 0.0199745318536 0.0243079528497 0.0360873363764 0.0114786168789 0.0138310947505 0.00532145349499 0.0115380602949 0.0374029042244 0.0199905866089 0.264542654945 0.00994614366285 0.0242356829833 0.0103221229275 0.00992428222194 0.013823633815 0.0281081398784 0.0069864655209 0.0242089947586 0.0279881279143 0.008956499357 -0.00135273246486 0.0161647778732 0.0179433991393 
0.00914429715466 0.0074266374632 0.0291166235964 0.0295585384546 0.0105005618698 0.0259355396893 0.00948864114605 0.0225004254427 0.0192036492183 0.00277428668575 0.0249958984407 0.0253386044759 0.0315465728778 0.0175548730484 0.01929178098 0.00485460911463 0.00758700277686 0.0224727644051 0.0198980113965 0.00582349355396 0.020754795039 0.0262519912144 0.003009988286 0.0485708130097 0.018590069608 0.00508838532261 0.0314030317487 0.0426119387843 0.0163639896326 0.0357343208631 0.0154561480467 0.0171607227924 0.00670238015657 0.00902967538139 0.00902961463686 0.0178583000186 0.00994614366285 0.276457741497 0.0263475403715 0.0224998835669 0.0096632350783 0.0165152610686 0.0337604844628 0.0071883887694 0.00993468147035 0.0351996159556 0.0125551470278 0.0195423285901 0.0214776505527 0.0102559954415 
0.0222202066499 0.0154610376864 0.0195939488282 0.0262549668629 0.0317738223537 0.0295182650161 -0.00458963608854 0.0173468653774 0.00490541152209 -0.0052084724996 0.0194346404302 0.032526831204 0.044205503409 0.00745754805995 0.0103124242848 0.0227083242107 0.0107368720769 -0.00239892048355 0.0113195310076 0.000880251522075 0.0273834513167 0.0442952516562 0.0231870052205 0.0300107872874 0.0306667245748 0.0211320149469 0.00368501805448 0.0101899027702 0.0207767815125 0.0289011326883 0.00643572650287 0.0212181840257 0.0012124592513 0.0214748894016 0.00458970920539 0.0370467270504 0.0242356829833 0.0263475403715 0.384435587054 0.0230828154929 0.0168784969906 0.0261840897087 0.0389399335708 0.0068725786502 0.0125925923167 0.0298317125732 0.0122210119601 0.0106650081076 0.0152240218071 0.0119082487619 
0.00829493015789 0.0164534109071 0.0104988723464 0.00645596937704 0.0144672331086 0.0232864003173 0.0139751476605 0.00931952743763 0.0272641311673 0.0155873662229 0.0147685284588 0.00918960579722 0.0180787774415 0.0103598049652 0.0169338271685 0.0165589497564 0.0169699878631 0.0116960341669 0.00893879154937 0.0128212777886 0.0315956877646 0.0137204715861 -0.00469239199568 0.0462872670363 0.0876500128802 0.0337464928014 0.0252952063968 0.00105372643275 0.0290498910941 0.0129627349347 0.0182938579654 -0.00161347634062 0.0195623411964 0.00640355586724 0.0014807965472 0.0138492928109 0.0103221229275 0.0224998835669 0.0230828154929 0.187906431598 0.00259097496935 0.0247525295167 0.00476017220552 0.0246528754605 0.00914429834931 0.0293663597468 0.00699432019024 0.00529658020728 0.0186706254886 0.00930515602941 
-0.00429394227565 0.0154991272062 0.0129074085366 0.030350116918 0.0236948948515 0.0145885140817 0.0212273153664 0.0176850823374 0.00147552065464 0.0144935286635 0.00632596332313 0.0178118374768 0.0301290349264 -1.32981526971e-05 0.0173959194566 -0.000726706208543 -0.00243758365255 0.00639413145641 0.0231943023357 0.0151123337029 0.00840909551241 0.0218361494332 0.014316573034 0.0283053237725 0.00812757113854 0.0164190649464 0.0179248473009 0.0289534550454 0.00549520786185 0.0410582510773 0.00760278391201 0.0149603693001 0.0119695264355 0.003814521058 0.00293320196246 0.0222974079367 0.00992428222194 0.0096632350783 0.0168784969906 0.00259097496935 0.24768308057 0.0129779490192 0.0217833517299 0.000245161181783 0.00716734538234 0.0188328321836 0.0094187271186 0.00898920586003 0.00527795181332 0.0274297424848 
0.015001183945 0.0143857764512 0.00475665584965 0.011683791104 0.0192895045264 0.0718230108014 0.0107924712628 0.03801886204 0.0225929190728 0.00215718757452 0.0231908818361 0.0234865900594 0.0229257634177 0.0122107816928 0.0167117217561 0.0149308444285 0.0228663379217 0.0161571102887 0.0283920815527 0.0113445494563 0.0252866458989 0.0326574907099 0.0123293441965 0.0217461773354 0.0243334338099 0.0226463188031 -0.00809531969827 -0.00162245785232 0.0309486720286 0.0455563357987 0.0214516552556 0.00986452179454 0.012400462871 0.0195217634032 0.0236946654885 0.0385867312166 0.013823633815 0.0165152610686 0.0261840897087 0.0247525295167 0.0129779490192 0.276910535062 0.021086102764 0.0124398296443 0.0128768369221 0.0294338266779 0.0172620175602 0.0190278830123 0.0193249785491 0.0233232902413 
-0.00153916436267 0.00239308655456 0.0108483924565 0.018492992759 0.0276716393755 0.0408267455222 0.0217274543872 0.041139549348 0.0149769335016 -0.00226390612388 0.0246366800612 0.0241050952188 0.0264187293171 0.000235369979829 0.010749722688 0.011625506227 0.0178518315792 -0.00813547205821 0.0201757991128 0.0229306572661 0.0227460687839 0.0086875786157 0.0206826676608 0.0236283076101 0.0116795838606 0.00874363053799 0.0104006995311 0.0278696602491 0.0241022402022 0.0499633157253 0.0176054888007 -0.0013787602831 0.00905667230155 -0.000728014281667 0.0224519787762 0.0107970443797 0.0281081398784 0.0337604844628 0.0389399335708 0.00476017220552 0.0217833517299 0.021086102764 0.378775263093 0.00390090756789 0.0238299722215 0.0269985533782 0.00954546820056 0.00903398117479 0.00516877600912 0.0195300946466 
0.00283092208788 0.0101383968906 0.00871938628993 0.0186954640869 0.0190678883499 0.0125876266918 -0.00127330102403 0.0160715020559 0.0273322657598 0.0112306359436 0.0138795643413 0.0100865289543 0.0063546584502 -0.00326143000456 0.0124296711346 0.00387081878691 -0.0040147897048 0.00788654233422 0.0144702060564 0.0148943801387 0.0255922952407 0.0078512721724 -0.00444380087589 -0.00429787015591 0.0205848160539 0.0188624377547 0.00511198073838 0.000114510322315 0.0233438273979 0.0212178795382 0.0279324914337 0.00604993127621 0.0261721722434 0.0194451426087 0.00940849773739 0.0062201360712 0.0069864655209 0.0071883887694 0.0068725786502 0.0246528754605 0.000245161181783 0.0124398296443 0.00390090756789 0.146002621799 0.00687043410498 0.00890886845471 0.00444175141335 0.0191973274639 0.0171577771402 0.0245440782326 
0.00667133385232 0.00352981208134 0.0261569733976 0.00441297712292 0.0248647271574 0.148692942434 -0.013129645855 -0.00245087324143 0.0269725068883 -0.00667994287866 0.0117670189727 -0.00656907590401 0.00934041290149 0.0144490330027 0.00696975649619 0.0188638715196 0.0293191299784 0.0049457998085 0.0129418640141 0.00206309434909 0.0113713935793 0.0111177207548 0.0140472987878 -0.000741411933515 0.00675078873475 -0.00337049651498 0.0166979415689 0.0129656861965 0.00939598238692 0.0217612119326 0.0185308908997 0.00496931083183 0.024412148813 -0.00599648354726 0.0197370494295 0.0159694273858 0.0242089947586 0.00993468147035 0.0125925923167 0.00914429834931 0.00716734538234 0.0128768369221 0.0238299722215 0.00687043410498 0.853524374145 0.010865827002 0.0020053975578 0.00839293736305 0.0051355115716 0.0208433395041 
0.0458349230231 0.0111826100324 0.0370175036441 0.0156711448582 0.0455311769834 -0.00616954955346 0.0225517889399 0.0260185339464 0.0370357650623 0.00501008831147 0.0296839197172 0.0419766694186 0.0297118836095 0.0102595040529 0.00925279285508 0.00940329622002 0.0264528941069 0.0125912915467 0.0189529833685 0.0314277533412 0.0441289682318 0.0291015941023 0.0241489023238 0.024599421774 0.0412306351192 0.00506593027483 0.0115289165976 0.0287455307119 0.04147462603 0.0467452036356 0.0298538889749 0.0065542919927 0.00940964327235 -0.000717257124184 -5.63293628966e-05 0.0321866999654 0.0279881279143 0.0351996159556 0.0298317125732 0.0293663597468 0.0188328321836 0.0294338266779 0.0269985533782 0.00890886845471 0.010865827002 0.522022589999 0.0356953120824 -0.000669292740662 0.0126367665527 0.0310916870139 
-0.00716429281847 -0.0046203335875 0.00704452907245 -2.11151247618e-06 0.00815454531794 0.0231211331232 0.00440638682753 0.0112617510313 0.00774351147932 0.000477263781532 0.00577395595495 0.0110058347622 0.0178867511273 -0.00344226645753 0.00612044549133 0.0110643068024 0.00899500816581 0.0153176561592 0.0192668670392 -0.00542458749629 0.0266395415653 -0.000141487524683 0.0075181759413 0.00554004309347 0.0199084927546 0.0128588208449 0.0179818726158 0.00996062711852 4.82594975878e-05 0.0332415965082 0.0131947563818 0.0237512241792 0.00639153426878 0.00240944709292 0.0035552755369 0.0108882178402 0.008956499357 0.0125551470278 0.0122210119601 0.00699432019024 0.0094187271186 0.0172620175602 0.00954546820056 0.00444175141335 0.0020053975578 0.0356953120824 0.217866453331 0.00377057794581 0.018271988294 0.00402575380827 
