30
0.0499472002084 0.0308834605432 0.0388313797841 0.0347696809731 0.0149217979249 0.136312174374 0.043075945187 0.0448147494519 0.138528932385 0.0210495138202 0.0754225878746 0.0695535734162 0.0380825412642 0.0413167922229 0.0597094198611 0.0290232005544 0.0501755430095 0.0275926739743 0.0359279599811 0.0434942638749 0.0276848810082 0.110783759143 0.0220144037379 0.0324915821016 0.0707348977441 0.0502759777883 0.0761836706695 0.0316848802341 0.103528049483 0.0265193363437 
0.369817754729 0.0176497925736 0.031463405461 0.0217831699052 0.0488944440822 -0.0145008972372 0.0183821222652 0.00289971712783 -0.00942821185291 0.00412856382932 0.0129380403475 0.00667877328327 0.0173052155154 0.0256000194225 0.0075486782002 0.0162076895298 0.0147556098344 0.0151101123603 0.00310655866886 0.0146524128678 0.00872406943511 0.0413655164108 0.0115568369642 -0.00119904431866 0.0110717656628 0.0150608534153 0.00396879127845 0.00261216440009 0.0207007112545 0.00081636319749 
0.0176497925736 0.211268101113 0.024464126236 0.0107533088345 0.0281111776219 -0.015997075506 0.0488993647449 0.0108675056978 0.00758132034988 0.019727833385 0.016944261306 0.0101290352603 0.00444444250964 0.0179622262029 0.0188936565155 0.018107630603 0.0157635639063 0.00698676663468 0.013012544712 0.0153302869645 0.0183685246547 0.0222992635298 0.0209524832051 0.0241851811756 0.0212471914314 0.0284342725517 0.0197094400501 0.0193117779701 0.00811627750128 0.0188794650309 
0.031463405461 0.024464126236 0.410860556681 0.0261917394704 0.0411389833269 -0.0107361442672 0.000721575665282 0.0102211927057 0.0242356203224 0.0227730948823 0.0280285654036 0.0141772859056 -0.00302900003486 0.0165466248536 0.01945730721 0.00554256472216 0.0197168795195 0.0127008228972 0.0128067539862 0.0232563656776 0.00643215204526 0.0255351543434 0.0192220872067 0.0290080171348 0.0304584944578 -0.0094630910329 0.0239880636686 0.0116333698793 0.019634384246 0.0197711575314 
0.0217831699052 0.0107533088345 0.0261917394704 0.235967446993 0.0197319538134 -0.000357869936711 0.0128297432715 0.012835290508 0.00740784498461 0.00320841711304 0.0275733514303 0.0125363611338 0.0359513905636 0.0285767918624 0.0101029835428 0.016657439614 0.025608044519 -0.00758054724915 0.0386281695148 0.0442501103506 0.0298104528136 0.0385831521943 0.0219896710439 0.0151786834998 0.00340405965295 0.0302242647205 0.0363915770672 0.0214614888827 0.0252638725503 0.0210517198829 
0.0488944440822 0.0281111776219 0.0411389833269 0.0197319538134 0.320192185677 0.0133588878253 0.0136413279751 0.0236658503121 0.0396861042595 0.0235331886181 0.00761108593061 0.0298980519913 0.018149405888 0.0348072337501 0.0135003167419 0.00773175362082 0.0225590610226 0.0394435819185 0.00274439100265 0.0341587551768 0.0386054883772 0.0595197583763 0.00504099230363 0.0169750656803 0.018176180935 0.0119137236042 0.0414729286555 0.0143653077417 0.00527562147593 0.0196917042984 
-0.0145008972372 -0.015997075506 -0.0107361442672 -0.000357869936712 0.0133588878253 1.93581211527 -0.00554584288068 -0.00485183027966 -0.0122477268399 -0.00921469751285 -0.00547479993651 -0.0136946886139 -0.00826435821292 -0.00105076527238 0.00797097593494 -0.0178175694819 -0.0130621076366 0.162711568053 0.0167223754485 -0.0205372922239 -0.0101678973261 -0.00671935774405 0.00124382995436 0.0080143232082 -0.0230973190759 -0.00928333511284 -0.00708783286824 -0.00163739351447 0.00577040911676 -0.00592763417524 
0.0183821222652 0.0488993647449 0.000721575665282 0.0128297432715 0.0136413279751 -0.00554584288068 0.217713180473 0.021622636941 0.00091057908871 0.0118348863095 0.0205853715412 0.0083628679934 0.016768931259 0.0130592527084 0.0139645871374 0.0270361097752 0.00469239914766 0.00596968633025 0.0238809246584 0.0282620114363 0.0405437921627 0.0463108817568 0.0160976794212 0.0104820496794 0.00279687988483 0.0228487490192 0.025219549359 0.0265834901325 0.0260819755755 0.014226864057 
0.00289971712783 0.0108675056978 0.0102211927057 0.012835290508 0.0236658503121 -0.00485183027966 0.021622636941 0.470504128099 -0.00702629078467 0.0416150839544 -0.00202843727704 0.0250571625647 0.0131734060857 0.0102585316726 0.0145437296674 0.00556985606807 0.0290889021899 -0.00608706657202 0.0175949565987 0.0193610967513 0.00269967160047 0.0358934666328 0.00492043073047 0.00965430404112 0.0134900070124 0.000282787391917 0.0359499675124 0.00998055989064 0.00819362385889 0.0243214598948 
-0.00942821185291 0.00758132034988 0.0242356203224 0.00740784498461 0.0396861042595 -0.0122477268399 0.00091057908871 -0.00702629078467 1.00674923241 -0.00104279693574 0.00544511974511 0.000583030908402 0.00341968675779 0.0137714025915 0.0170982169752 0.00759141886987 0.0454475623388 0.00330601171233 0.0253316272414 0.0329825653294 0.024204180228 0.0330451837002 0.016393733538 0.0443052115675 0.0109412356775 0.0121596567214 0.016643035142 0.0129432272318 0.0140779429415 0.0112781081443 
0.00412856382932 0.019727833385 0.0227730948823 0.00320841711304 0.0235331886181 -0.00921469751285 0.0118348863095 0.0416150839544 -0.00104279693574 0.326824947106 0.00217300284749 0.014916487633 0.019376312101 0.0241116175181 0.0154427366361 0.0195768926109 0.0133534185999 0.00478341730796 0.0161900759005 0.00176909715948 0.019152153777 0.0173308417787 0.0246975695774 0.0152883243846 -0.000715724385381 0.00728819413208 0.00816893473835 0.0122480455352 0.00660335438369 0.00795001931193 
0.0129380403475 0.016944261306 0.0280285654036 0.0275733514303 0.00761108593061 -0.00547479993651 0.0205853715412 -0.00202843727704 0.00544511974511 0.00217300284749 0.495680720127 0.0132247748974 0.0146845439448 0.0064897857438 0.0167495496868 0.0339716318316 0.0384223634726 -0.00275353450289 0.0189692136633 0.0264200462728 0.046982744577 0.0389597368313 0.00421133891406 0.00428789406423 0.0249480502566 0.00192860156172 0.0170922841091 0.0270785693821 -0.00523617356986 0.0196479726606 
0.00667877328327 0.0101290352603 0.0141772859056 0.0125363611338 0.0298980519913 -0.0136946886139 0.0083628679934 0.0250571625647 0.000583030908402 0.014916487633 0.0132247748974 0.40033140026 0.0252391832602 0.0188044741283 -0.00743860513109 0.013128880605 0.0399762652154 0.00075868155252 0.0156368505643 0.0189731993034 0.0146662237743 0.0126954107842 -0.00110942639805 0.00285098316508 -0.00147181422001 0.0102661105014 0.0265784455866 0.00804151605624 0.000175251822132 0.00910725128248 
0.0173052155154 0.00444444250964 -0.00302900003486 0.0359513905636 0.018149405888 -0.00826435821292 0.016768931259 0.0131734060857 0.00341968675779 0.019376312101 0.0146845439448 0.0252391832602 0.249598674214 0.0189247443384 0.00390789819448 0.0087757414278 0.0200092823131 0.00533287399023 0.0245290683575 0.0304562993906 0.023985865157 0.0469746598939 0.00207841084001 0.0166358310268 0.0443389370766 -0.000111672836802 0.0344474701084 -0.00312978761633 0.0161071516147 0.0105351571387 
0.0256000194225 0.0179622262029 0.0165466248536 0.0285767918624 0.0348072337501 -0.00105076527238 0.0130592527084 0.0102585316726 0.0137714025915 0.0241116175181 0.0064897857438 0.0188044741283 0.0189247443384 0.253686681469 0.0468150130155 0.0192328245327 0.0203882550075 0.00357341929649 0.00615699264105 0.0141899111655 0.0267288040826 0.0241760998004 0.014998283266 0.0281343060523 0.028505937225 0.0197885852627 0.0103090534768 0.00889292512684 0.0212718657081 0.0131839975588 
0.0075486782002 0.0188936565156 0.01945730721 0.0101029835428 0.0135003167419 0.00797097593494 0.0139645871374 0.0145437296674 0.0170982169752 0.0154427366361 0.0167495496868 -0.00743860513109 0.00390789819448 0.0468150130155 0.404936896371 0.023922466235 0.0130550728332 0.00196648993989 0.000985224514577 0.0258291872868 -0.00983438817217 0.0209799300268 0.0167460304895 0.0132718912141 -0.0145928974371 0.0163655397747 0.0373191652111 0.0207032076728 0.0214809678908 0.0166167843114 
0.0162076895298 0.018107630603 0.00554256472216 0.016657439614 0.00773175362082 -0.0178175694819 0.0270361097752 0.00556985606807 0.00759141886987 0.0195768926109 0.0339716318316 0.013128880605 0.0087757414278 0.0192328245327 0.023922466235 0.253443226207 0.0218870965337 0.00643932073871 -0.000472421109915 0.0189037678497 0.0204487648903 0.0414872389356 0.0133475387811 0.0155159581986 -9.99883560297e-05 0.0235934346888 0.0196261323497 0.0341779461752 0.00215728211178 0.0121070619416 
0.0147556098344 0.0157635639063 0.0197168795195 0.025608044519 0.0225590610226 -0.0130621076366 0.00469239914766 0.0290889021899 0.0454475623388 0.0133534185999 0.0384223634726 0.0399762652154 0.0200092823131 0.0203882550075 0.0130550728332 0.0218870965337 0.317217137672 -0.000465333857222 0.0169368054109 0.0126939847456 0.0205200160059 0.0284315731166 0.0207930171595 0.0281814063038 0.00845170565518 0.0107575580088 0.0506246693005 0.0208543221852 0.0123423117259 0.0107487219885 
0.0151101123603 0.00698676663468 0.0127008228972 -0.00758054724916 0.0394435819185 0.162711568053 0.00596968633025 -0.00608706657202 0.00330601171233 0.00478341730796 -0.00275353450289 0.00075868155252 0.00533287399023 0.00357341929649 0.00196648993989 0.00643932073871 -0.000465333857221 0.331164376341 0.00265248087851 0.0122781417571 0.0294072846615 0.00312956146161 -0.00236732722562 0.0352273911918 0.00816669912937 0.00168579591587 0.00449810951503 0.0155983656655 -0.00215699365859 0.0106635552918 
0.00310655866886 0.013012544712 0.0128067539862 0.0386281695148 0.00274439100265 0.0167223754485 0.0238809246584 0.0175949565987 0.0253316272414 0.0161900759005 0.0189692136633 0.0156368505643 0.0245290683575 0.00615699264105 0.000985224514577 -0.000472421109915 0.0169368054109 0.00265248087851 0.238255316797 0.0202766967611 -0.0021429167097 0.0267247431241 0.0181420140237 0.00266487380275 0.00357227553747 0.0112823444032 0.0243652031166 0.0221973733925 0.00600321430704 0.0183109226898 
0.0146524128678 0.0153302869645 0.0232563656776 0.0442501103506 0.0341587551768 -0.0205372922239 0.0282620114363 0.0193610967513 0.0329825653294 0.00176909715948 0.0264200462728 0.0189731993034 0.0304562993906 0.0141899111655 0.0258291872868 0.0189037678497 0.0126939847456 0.0122781417571 0.0202766967611 0.320939766298 0.0265307446676 0.0637353132919 0.0093590206529 0.0266219470365 0.0252810086171 0.0130970915734 0.0485036504881 0.0475578119651 0.0150311810562 0.0236189320918 
0.00872406943511 0.0183685246546 0.00643215204526 0.0298104528136 0.0386054883772 -0.0101678973261 0.0405437921627 0.00269967160047 0.024204180228 0.019152153777 0.046982744577 0.0146662237743 0.023985865157 0.0267288040826 -0.00983438817217 0.0204487648903 0.0205200160059 0.0294072846615 -0.0021429167097 0.0265307446676 0.257754916824 0.0370817783912 0.0143153907862 0.0152886145791 0.0124057902098 0.0128169720107 0.00981215906572 0.0166004256106 0.0128222886621 0.017643497809 
0.0413655164108 0.0222992635298 0.0255351543434 0.0385831521943 0.0595197583763 -0.00671935774405 0.0463108817568 0.0358934666328 0.0330451837002 0.0173308417787 0.0389597368313 0.0126954107842 0.0469746598939 0.0241760998004 0.0209799300268 0.0414872389356 0.0284315731166 0.00312956146161 0.0267247431241 0.0637353132919 0.0370817783912 0.484183009914 0.026428078461 0.0232919142955 0.0179448201096 0.049174025299 0.118721901715 0.0420886875815 0.0285286378051 0.0225733385007 
0.0115568369642 0.0209524832051 0.0192220872067 0.0219896710439 0.00504099230363 0.00124382995436 0.0160976794212 0.00492043073047 0.016393733538 0.0246975695774 0.00421133891406 -0.00110942639805 0.00207841084001 0.014998283266 0.0167460304895 0.0133475387811 0.0207930171595 -0.00236732722562 0.0181420140237 0.0093590206529 0.0143153907862 0.026428078461 0.188900670662 0.00305491029366 0.00130160035076 0.0350484959373 0.00291345975626 0.0109703788543 0.0420809304552 0.00373895545453 
-0.00119904431866 0.0241851811756 0.0290080171348 0.0151786834998 0.0169750656803 0.00801432320821 0.0104820496794 0.00965430404112 0.0443052115675 0.0152883243846 0.00428789406423 0.00285098316508 0.0166358310268 0.0281343060523 0.0132718912141 0.0155159581986 0.0281814063038 0.0352273911918 0.00266487380275 0.0266219470365 0.0152886145791 0.0232919142955 0.00305491029366 0.306046377692 0.0187694796909 0.0350275164492 0.0445660422647 0.0137488441128 0.00986590474886 0.00165501205707 
0.0110717656628 0.0212471914314 0.0304584944578 0.00340405965295 0.018176180935 -0.0230973190759 0.00279687988483 0.0134900070124 0.0109412356775 -0.000715724385381 0.0249480502566 -0.00147181422001 0.0443389370766 0.028505937225 -0.0145928974371 -9.9988356032e-05 0.00845170565518 0.00816669912936 0.00357227553747 0.0252810086171 0.0124057902098 0.0179448201096 0.00130160035076 0.0187694796909 0.304619292787 0.00225927379881 0.00815344505796 0.0154975764932 0.0203844145369 -0.00134811765263 
0.0150608534153 0.0284342725517 -0.0094630910329 0.0302242647205 0.0119137236042 -0.00928333511284 0.0228487490192 0.000282787391917 0.0121596567214 0.00728819413208 0.00192860156172 0.0102661105014 -0.000111672836803 0.0197885852627 0.0163655397747 0.0235934346888 0.0107575580088 0.00168579591587 0.0112823444032 0.0130970915734 0.0128169720107 0.049174025299 0.0350484959373 0.0350275164492 0.00225927379881 0.270802292397 0.0117754554112 0.0149391592125 0.0124778674116 0.0146266612866 
0.00396879127845 0.0197094400501 0.0239880636686 0.0363915770672 0.0414729286555 -0.00708783286824 0.025219549359 0.0359499675124 0.016643035142 0.00816893473835 0.0170922841091 0.0265784455866 0.0344474701084 0.0103090534768 0.0373191652111 0.0196261323497 0.0506246693005 0.00449810951503 0.0243652031166 0.0485036504881 0.00981215906572 0.118721901715 0.00291345975626 0.0445660422647 0.00815344505796 0.0117754554112 0.404659264988 0.0165089105496 0.0313564876233 0.0342923155794 
0.00261216440009 0.0193117779701 0.0116333698793 0.0214614888827 0.0143653077417 -0.00163739351447 0.0265834901325 0.00998055989064 0.0129432272318 0.0122480455352 0.0270785693821 0.00804151605624 -0.00312978761633 0.00889292512684 0.0207032076728 0.0341779461752 0.0208543221852 0.0155983656655 0.0221973733925 0.0475578119651 0.0166004256106 0.0420886875815 0.0109703788543 0.0137488441128 0.0154975764932 0.0149391592125 0.0165089105496 0.176212140142 0.0195129934446 0.00779061121719 
0.0207007112545 0.00811627750128 0.019634384246 0.0252638725503 0.00527562147593 0.00577040911676 0.0260819755755 0.00819362385889 0.0140779429415 0.00660335438369 -0.00523617356986 0.000175251822132 0.0161071516147 0.0212718657081 0.0214809678908 0.00215728211178 0.0123423117259 -0.00215699365859 0.00600321430704 0.0150311810562 0.0128222886621 0.0285286378051 0.0420809304552 0.00986590474886 0.0203844145369 0.0124778674116 0.0313564876233 0.0195129934446 0.461602895824 0.0271048872462 
0.00081636319749 0.0188794650309 0.0197711575314 0.0210517198829 0.0196917042984 -0.00592763417524 0.014226864057 0.0243214598948 0.0112781081443 0.00795001931193 0.0196479726606 0.00910725128248 0.0105351571387 0.0131839975588 0.0166167843114 0.0121070619416 0.0107487219885 0.0106635552918 0.0183109226898 0.0236189320918 0.017643497809 0.0225733385007 0.00373895545452 0.00165501205707 -0.00134811765263 0.0146266612866 0.0342923155794 0.00779061121719 0.0271048872462 0.215133792472 

['PFE', 'ASO', 'HAS', 'HON', 'DELL', 'KMI', 'PNC', 'BSX', 'SHLD', 'HMA', 'HSP', 'BLS', 'EDS', 'MCK', 'CPWR', 'CB', 'MHP', 'TRB', 'GD', 'IR', 'COF', 'FSL.B', 'PNW', 'AZO', 'ABI', 'UST', 'TXN', 'PFG', 'OXY', 'IFF']