20
0.0698927007 0.0635798530397 0.039859092222 0.0251604878384 0.0511846892664 0.0597278634654 0.0761836706695 0.0447966226616 0.0151091702759 0.0434942638749 0.118355026327 0.0707348977441 0.0406155741598 0.110625092132 0.0448147494519 0.114457978761 0.0206012582373 0.0387981152642 0.0123991351417 0.0672535079153 
0.453062618359 0.0769316447663 0.0242728387296 0.0245291813128 0.0313551401435 0.0582457753962 0.0338062716739 0.0507904720906 0.0213782048937 0.0272536348135 0.00896169868362 0.00956559297154 0.0308038435078 0.0225744641861 0.00235301552483 0.0171409923152 0.0350545484781 0.0256131744744 0.00745588332699 0.0204799934168 
0.0769316447663 0.463758681962 0.0150506041386 0.0394097925755 0.0259183723963 0.00187731045395 0.0281332648537 0.0194035303453 0.0175525155346 0.0238530099824 0.0281340637418 0.00414046855097 0.0477669904872 0.0521631490051 0.0123102864637 0.00345191108133 0.0242413046368 0.0185334445843 0.0242919511568 0.0541868426251 
0.0242728387296 0.0150506041386 0.283547466314 0.0130391702938 0.0172489558112 0.0198917906572 0.0358685023794 0.0443311972729 0.0102150494694 0.0416680073565 0.0301959476422 0.0158852532576 0.0268561233265 0.0258073501388 0.0162457949671 0.0438860031396 0.0281599706818 0.025966244096 0.0173285321456 0.0183744378896 
0.0245291813128 0.0394097925755 0.0130391702938 0.184434851464 -0.00547189040697 0.00515233576827 0.00507609168266 0.0216171501701 0.0193876615872 0.0238087655437 0.00773981531571 0.0267191643323 0.0290658263792 0.0224399773722 0.0187600790177 0.000229684216201 0.0205888786439 0.0232166183805 0.0177120593176 0.0343766424186 
0.0313551401435 0.0259183723963 0.0172489558112 -0.00547189040697 0.340973102375 0.0156337463275 0.0435454328416 0.0328849332345 0.00343713394182 0.0475438647677 0.0100525615821 0.0088406999008 0.0206944589347 0.0432218735952 0.0303512546668 0.0176169910369 0.0116460344351 0.0199159409713 0.00498198675812 0.0133813040983 
0.0582457753962 0.00187731045395 0.0198917906572 0.00515233576827 0.0156337463275 0.407762608054 0.0336697135041 0.0247245256522 0.0133686026459 0.0548753855706 0.0422448184445 0.00309320459263 0.0321211576125 0.0199699636283 0.0180376772247 0.0339591353442 0.0216997948264 0.0254822644184 0.0181281967455 0.0145397222345 
0.0338062716739 0.0281332648537 0.0358685023794 0.00507609168266 0.0435454328416 0.0336697135041 0.421149634441 0.052879465653 0.0102400598937 0.0501322552404 0.0280326427462 0.0121947617717 0.0308313581562 0.0316949551333 0.0411723996263 0.0318164074271 0.0313707145631 0.0367777137454 0.0185871328099 0.0343465054476 
0.0507904720906 0.0194035303453 0.0443311972729 0.0216171501701 0.0328849332345 0.0247245256522 0.052879465653 0.280984378006 0.022559275719 0.0483255719302 0.0368241257777 0.0115832770534 0.041414814109 0.0196469238438 0.00948172015342 0.00278678596221 0.0288496181855 0.0343867822198 0.0154059607723 0.0519947243431 
0.0213782048937 0.0175525155346 0.0102150494694 0.0193876615872 0.00343713394182 0.0133686026459 0.0102400598937 0.022559275719 0.163717395861 0.0285200216986 0.0198136395666 0.0124601524807 0.0228746388096 0.0109932949449 -0.00052573459692 0.00464347820035 0.0167261207081 0.012149661304 0.0162098432877 0.0240478085028 
0.0272536348135 0.0238530099824 0.0416680073565 0.0238087655437 0.0475438647677 0.0548753855706 0.0501322552404 0.0483255719302 0.0285200216986 0.311343151054 0.0326562331847 0.0278368555393 0.027178064672 0.0503880313074 0.0186770518605 0.0320719268912 0.030087408274 0.0450562445093 0.0248005655977 0.063087101767 
0.00896169868362 0.0281340637418 0.0301959476422 0.00773981531571 0.0100525615821 0.0422448184445 0.0280326427462 0.0368241257777 0.0198136395666 0.0326562331847 0.579655552927 0.00700490237723 0.0342080446142 0.00155093588202 0.0275960704499 -0.000378813811908 0.0218934128138 0.0226227408362 0.0141926232083 0.0585962059853 
0.00956559297154 0.00414046855097 0.0158852532576 0.0267191643323 0.0088406999008 0.00309320459263 0.0121947617717 0.0115832770534 0.0124601524807 0.0278368555393 0.00700490237723 0.311669444343 0.0160338236973 -0.00466759172695 0.013749470264 0.00874054387684 0.0157329003782 0.0274252615824 0.0169450636248 0.00717884919823 
0.0308038435078 0.0477669904872 0.0268561233265 0.0290658263792 0.0206944589347 0.0321211576125 0.0308313581562 0.041414814109 0.0228746388096 0.027178064672 0.0342080446142 0.0160338236973 0.236805089826 0.0182145556347 0.0153804469334 0.0363741944032 0.016873295159 0.0360226740105 0.0176821989685 0.0293364788414 
0.0225744641861 0.0521631490051 0.0258073501388 0.0224399773722 0.0432218735952 0.0199699636283 0.0316949551333 0.0196469238438 0.0109932949449 0.0503880313074 0.00155093588202 -0.00466759172695 0.0182145556347 0.585564753791 0.017661487298 0.0158133438509 0.0356952470969 0.056198633685 0.0140733671858 0.045176293421 
0.00235301552483 0.0123102864637 0.0162457949671 0.0187600790177 0.0303512546668 0.0180376772247 0.0411723996263 0.00948172015342 -0.00052573459692 0.0186770518605 0.0275960704499 0.013749470264 0.0153804469334 0.017661487298 0.474032520967 0.0066710574034 0.0132019519731 0.0165515100863 0.00726448028182 0.00798888166695 
0.0171409923152 0.00345191108133 0.0438860031396 0.000229684216201 0.0176169910369 0.0339591353442 0.0318164074271 0.00278678596221 0.00464347820035 0.0320719268912 -0.000378813811908 0.00874054387684 0.0363741944032 0.0158133438509 0.0066710574034 0.454572266914 0.0353638911453 0.0391548278889 0.0124545699917 0.0185179796623 
0.0350545484781 0.0242413046368 0.0281599706818 0.0205888786439 0.0116460344351 0.0216997948264 0.0313707145631 0.0288496181855 0.0167261207081 0.030087408274 0.0218934128138 0.0157329003782 0.016873295159 0.0356952470969 0.0132019519731 0.0353638911453 0.1929799702 0.0344994587638 0.0122002947274 0.00300458131976 
0.0256131744744 0.0185334445843 0.025966244096 0.0232166183805 0.0199159409713 0.0254822644184 0.0367777137454 0.0343867822198 0.012149661304 0.0450562445093 0.0226227408362 0.0274252615824 0.0360226740105 0.056198633685 0.0165515100863 0.0391548278889 0.0344994587638 0.231982829376 0.0160220345642 0.0264386192226 
0.00745588332699 0.0242919511568 0.0173285321456 0.0177120593176 0.00498198675812 0.0181281967455 0.0185871328099 0.0154059607723 0.0162098432877 0.0248005655977 0.0141926232083 0.0169450636248 0.0176821989685 0.0140733671858 0.00726448028182 0.0124545699917 0.0122002947274 0.0160220345642 0.19907258528 0.0113407381362 
0.0204799934168 0.0541868426251 0.0183744378896 0.0343766424186 0.0133813040983 0.0145397222345 0.0343465054476 0.0519947243431 0.0240478085028 0.063087101767 0.0585962059853 0.00717884919823 0.0293364788414 0.045176293421 0.00798888166695 0.0185179796623 0.00300458131976 0.0264386192226 0.0113407381362 0.35066881798 

['TXT', 'FNM', 'CIT', 'WFC', 'NCR', 'GR', 'TXN', 'MAR', 'KMB', 'IR', 'DDS', 'ABI', 'SPG', 'JNS', 'BSX', 'XTO', 'DD', 'APD', 'TWX', 'LTD']