60
0.0267965440056 0.0272516352802 0.0442230302855 0.0538205376978 0.0843714281037 0.066200000993 0.0149217979249 0.044891801276 0.018453974145 0.0486003975036 0.0357111585815 0.0347696809731 0.0479675113811 0.0645874353538 0.0307440439862 0.0629738483482 0.0522856391002 0.0523918745475 0.0331056926512 0.0298565853869 0.0255121646837 0.0511846892664 0.185879968849 0.0565521495323 0.0542920038725 0.0437869579852 0.0353466838873 0.0299059053764 0.0361599942098 0.0231907610599 0.0800378705657 0.0340091550877 0.126302472887 0.101481112582 0.0597094198611 0.02392892696 0.0634276035435 0.0414012394119 0.0304536481296 0.0330111524363 0.0651633165571 0.0377989606714 0.192324736986 0.148705689344 0.0910259677787 0.0308768641188 0.0260517267587 0.0794924924591 0.0487859931196 0.0223482457603 0.0427797721554 0.15397042743 0.0439476996979 0.0240188564254 0.128413882411 0.0168064994581 0.00873698993333 0.140066530531 0.0682562642732 0.143584613331 
0.159648952489 0.00132514652185 0.0147296553522 0.0348490241346 0.0173596343271 0.0254701334755 0.0259094049002 0.0193660624586 0.000289556179874 0.0100922181683 0.0187417490291 0.000976001290433 0.0191082450975 -0.00147048530324 0.0312991756314 -0.00348717688189 0.0135955771009 0.0113371367363 0.0213521180439 0.036976970233 0.0186464025751 -0.00521557652336 0.0118475825993 0.0118340101961 0.0042137838837 0.00705519813165 0.0306343661491 0.0103433360016 0.01919851053 0.00640453906344 0.0119125695416 0.0354859823688 0.0159512986198 -0.00346121083909 0.0157680502204 0.00379835291529 0.012937462884 0.00586900076022 0.0361599642434 0.0219503256986 0.00763853741077 0.0121124372872 0.0188190426896 0.0180680270154 0.0182172627625 0.0148230839693 0.00617751847768 0.0128615445626 0.0215522750754 0.0380971443618 0.0141205712282 -7.08770998705e-05 -0.00667292137163 0.0263042085028 0.0102270661212 0.0161614279271 0.00767742998691 0.0143993765149 0.0128469114396 0.0101187601626 
0.00132514652185 0.222306088377 0.01092323893 0.00163708891743 0.0187574950101 0.0246947985649 0.0226987305248 0.00850348782594 -0.0101976940012 0.00815276872319 0.000161394119798 0.0190601416025 0.0148214529694 0.00504596742444 0.0274661089656 0.0140147712368 -0.00748198382319 0.00208118369132 0.0118584427077 0.0132455067466 0.00354178127926 0.0115125760921 0.0146582769869 0.0112438776969 0.0239871620967 0.00561349686662 0.00616666974846 0.00338866774973 0.00584416687292 -0.00369935642578 0.0137025613387 0.00762894830789 0.0137100920442 0.00315181037402 0.00910163972082 -0.00255691976827 -0.00591531043303 0.00380330695019 0.0117826485227 0.00469037934062 -0.00233217687769 0.0116812526258 0.00722480194324 -0.00675870402901 0.0107526932446 0.000374055246122 0.00568726246992 0.00684078088454 0.026956352217 0.0155946730415 0.00160404432445 -0.0100408627594 -0.00789897726702 0.00482885844416 -0.0028963490611 0.0154465740267 0.0062270366521 0.00604505048885 0.00461865155091 0.0248581502237 
0.0147296553522 0.01092323893 0.189491872808 0.0320016299683 0.0169313150519 0.0165960361912 0.034698297679 0.0201939235119 0.0230309042703 0.0143692630923 0.0103944435448 0.0253437850096 0.00812650718403 0.0175540132127 0.0161914219899 0.014972231228 0.0225391184978 0.0143370846933 0.0106224748463 0.014262048039 0.0287347266937 0.0132202390328 0.0377679536278 0.0131266797029 0.0299883807869 0.0230672100105 0.00920675468409 0.013972949341 0.0193939072644 0.0196552163482 0.0107212839842 0.00698409808996 0.00876361513544 -0.00296679605892 0.0155997356333 0.0204127317474 0.0264503077445 0.0179607779657 0.0197268467409 0.0356275549647 0.0119416278107 0.0285059194634 0.0370030007133 0.0193206475333 0.02367067554 0.014432471377 0.0250642253294 0.025861384855 0.0208151831209 0.0230282874661 0.0302643399799 0.0402845677663 0.00396745307085 0.0157817419121 0.0251701921145 0.00659018666734 0.0100671746823 0.0236024418177 0.0339526680486 0.0325816246072 
0.0348490241346 0.00163708891743 0.0320016299683 0.28400103899 0.00501795450791 0.0144793383522 0.0252302102836 0.014215334059 0.00599879962875 0.0163568803364 0.0302781285409 0.0144815214696 0.0234364196755 0.00855548797891 0.033255545244 0.0144236361671 0.0358682844081 0.0127727482204 0.0189387099431 0.0266467857902 0.0237141545378 -0.00958473988926 -0.000284498105702 0.0053296054592 0.00400802157427 0.0436635734748 0.0373495025652 0.0250325730408 0.0180873652483 0.0397330259804 0.0212664952673 0.0412974838722 0.0194972036173 0.000192567057684 0.00678253236853 0.00071855836191 0.0226402264397 0.0229713937137 0.0497155112036 0.0233746100822 0.0144916886467 0.0103784519566 0.0175754460477 0.0114101187251 0.00942821686004 0.0315995506322 -0.00283983127337 0.020793879095 0.0156477321814 0.0402533524958 0.0147386641903 0.0082150746252 0.0132073664742 0.00355971232556 0.0128548747758 0.024141903328 0.0216865230082 0.0171821315828 0.0214287962047 0.00475769149693 
0.0173596343271 0.0187574950101 0.0169313150519 0.00501795450791 0.849505091766 -0.00770499859028 0.0116253416268 0.0148740888807 -0.00352973818114 0.0204058311767 0.00718234025169 0.0256468767989 0.013041149517 0.0207093805172 0.0133475578171 -0.0279881223366 0.000345270083382 0.00509669857088 0.0110474778839 0.0122684708859 0.00421938946988 0.00670061495748 0.149986123513 0.0055111792144 -0.0157636979488 0.0240184167852 -0.00152095766102 0.00347115489653 -0.00267274273723 -0.00719101130718 0.0175459960088 0.0175690839196 -0.0148191978138 0.00969148583517 -0.0044838635436 0.0181301710724 0.0105606939168 0.00355165688397 0.027296213598 0.0233529319069 0.00799817140966 0.0256880832064 0.0347894032438 -0.001371237422 0.0122906192128 0.00192608736781 0.00246448613007 0.0354236028689 0.0103452275376 0.0237401478423 0.0136754335533 -0.00295686321907 0.0158379221233 0.0139700619538 -0.00539595694658 0.00833566060903 0.0114225356915 0.052952830633 0.0227568906538 -0.004620455092 
0.0254701334755 0.0246947985649 0.0165960361912 0.0144793383522 -0.00770499859028 0.637860136274 0.0102529532442 0.0230526904617 0.0183383480401 0.0107146638447 0.0309568821516 0.00436252520336 0.0326926162746 0.0417769758979 0.0283522735953 -0.00550039888801 0.0103381314652 0.0412009295162 0.0131678476301 0.0229901473448 0.0120468512178 -0.00151281612185 0.0162577624216 0.000455434445995 0.0161534970402 0.0176448005292 0.0113630964436 0.0282866761354 0.0432756095899 0.0125710674776 0.00451921380994 0.0200311369126 -0.00305509259319 0.0114951782308 -0.00275306661033 0.0253177755481 0.010851914316 0.0371111830412 0.035432421494 0.0330713853712 0.0483402972725 -0.0336520728952 0.0105155873633 0.000424323563135 -0.00022654245597 0.00888905280518 0.00575793480448 0.023632367773 0.040184740456 0.0393122984208 0.0587301019959 -0.00894196921269 -0.0104932477866 0.0276473158079 0.042049802954 0.0152146181344 0.0157305899143 0.00658930020963 0.00486398102778 0.037154534057 
0.0259094049002 0.0226987305248 0.034698297679 0.0252302102836 0.0116253416268 0.0102529532442 0.312315292207 0.0237197896022 0.0162651523102 0.0134767942631 0.00533300844662 0.0129488273919 0.0349997019481 0.0201872300868 0.021914765212 0.00549759808182 0.0168949670388 0.0127612129588 0.0155925326176 0.0134735455915 0.0167951354749 0.0313294774084 0.00404789931716 0.0286328285714 0.00621033712032 0.00651567994707 0.0128230952855 -0.00952988728169 0.00350362358222 0.00420189800199 0.0119831291561 0.00734928792141 -0.000924479103208 0.028577623923 0.0076002181176 0.0215658125425 0.00800444226473 0.0141659928227 0.0235126425427 0.0341168845528 0.0075080697561 0.0690168623642 0.0225427635047 0.0349525825636 0.036876886785 0.0158299691284 0.0134881345169 0.0397058265852 0.021885621441 0.013375036857 0.0142823964276 0.00943426121156 0.0104345464953 0.0182722386479 0.0130304501074 0.00498042368377 0.00244395885268 0.036587677212 0.0316183037728 0.0103967786229 
0.0193660624586 0.00850348782594 0.0201939235119 0.014215334059 0.0148740888807 0.0230526904617 0.0237197896022 0.324099603625 -0.00205479868431 0.00785176556448 0.0266094632173 0.0229012340756 0.030042267766 0.0194534235663 0.0213945438949 0.0117025395672 0.0361707852026 0.0053036831722 0.0190913217952 0.0201029050057 0.0159355939797 0.00478001279279 0.0440572138686 0.0222153740148 0.0259110825008 0.00684272235744 0.0165889276244 0.024385296307 0.0144591947252 0.0132644841982 0.0139856841585 -0.000209978575256 0.0491675643138 -0.00452866853179 0.0302771409342 0.034170377313 0.0169844436394 0.0152587515088 0.0194251322407 0.0321295938128 0.014015640294 0.0196055905111 0.00999048395764 0.00625657116881 0.0471933374489 0.00279908879096 0.0156691455827 0.0164977832289 0.0353923702267 0.0231951769536 0.0267424461057 0.0232782202737 0.00772529353069 0.0293453153785 0.0290634718193 0.000218363051756 0.0186605905398 0.0192552734391 0.0366295271424 0.0344915785106 
0.000289556179873 -0.0101976940012 0.0230309042703 0.00599879962875 -0.00352973818114 0.0183383480401 0.0162651523102 -0.00205479868431 0.246457025106 0.0140157240113 0.00979713349173 0.00301168614543 0.00550308365963 0.0114475385883 0.00820859333241 0.00834868597391 -0.00559285932012 0.00213642230926 0.00728269122727 0.00817244729235 0.0229035601493 0.0217109259921 0.0163694024645 -0.0113389366493 0.0171756962087 0.0163762366156 -0.000228455268137 0.0038928133204 0.00330520261028 0.00190961101486 -0.00628785903555 0.00385740708682 0.00544747828506 0.00766771979246 0.00705432801345 0.00646503531268 0.00987941084369 -7.9568757242e-05 0.01246944927 0.00526332484704 0.00352464016676 0.00202907764888 -0.00414078818145 0.0141995806052 0.00221280258751 0.0142420523063 0.0174706443018 0.0188617847495 -0.00282298680191 0.00512643128733 0.0108759193744 0.0118563081059 0.00434774702706 0.00433811903316 0.0102417628287 -0.00553099730206 0.0111951307491 0.0164065403121 0.00722013469187 0.0298825141662 
0.0100922181683 0.00815276872319 0.0143692630923 0.0163568803364 0.0204058311767 0.0107146638447 0.0134767942631 0.00785176556448 0.0140157240113 0.398018297562 0.0170988156364 0.00179945349098 0.0261096604685 0.00304380642715 0.0101624331573 0.0193829724951 0.00202937754215 0.00628750915444 0.00848843975916 0.00793245282822 0.00171273497812 -0.00645382041987 0.00561931272695 0.0172874395788 0.00302131603182 0.000960056559127 0.000997411255503 0.0186363723975 0.0207858852043 0.0108072645334 0.039527914871 -0.00565970354735 -0.0013407364942 0.0223727614645 0.00133200294291 0.0016850350948 0.0107109490739 -0.00160215262144 0.00816777909667 0.032275551993 0.00866876334987 0.0241662402624 0.0244710762404 0.0295877675334 0.00819562347248 0.00664473655118 0.0128565457065 0.024892692529 -0.000346036791514 0.00620436632667 -0.000747837100894 0.0120602570984 0.00503365263538 0.00158069938572 0.00906676048028 -0.00431792176528 0.0190291547521 0.00588007926542 0.0324582233243 0.00511014276917 
0.0187417490291 0.000161394119798 0.0103944435448 0.0302781285409 0.00718234025169 0.0309568821516 0.00533300844662 0.0266094632173 0.00979713349173 0.0170988156364 0.279382928203 0.0228643576135 0.0268443454766 0.0369438380793 0.0126407368388 -0.0067152292305 0.000386535164945 0.0319873437848 0.0134649896944 0.0175150298176 0.0170540873351 0.0176367132535 0.0291372095326 0.00893031197896 0.00562571279965 0.0366699219495 0.0247032972008 0.0304497862952 -0.0109386685964 0.0247983744342 0.016539294878 0.00614025425671 0.0119191056285 0.00771881598745 0.0299701470974 0.00624709043124 0.0323289871016 0.0151992124317 0.0148370648034 0.0442582004742 0.016055688229 0.023570231438 0.00857096387907 0.00747592611304 0.0427209809592 0.0137957266081 0.0140618076834 0.0559738483007 0.0202155133486 0.00904770902216 0.0431666901201 -0.0144009226376 0.00694895598827 0.0265262310248 0.016062276761 0.0121084956583 0.00973792992543 0.0197180645695 0.0173747171141 -0.000555162223746 
0.000976001290433 0.0190601416025 0.0253437850096 0.0144815214696 0.0256468767989 0.00436252520336 0.0129488273919 0.0229012340756 0.00301168614543 0.00179945349098 0.0228643576135 0.22413189837 0.0151344737659 0.017642404117 0.0092245245482 0.0208649430148 0.0187361038911 0.013206554485 0.0231133001832 0.0069449263504 0.00769921095986 0.0249534173825 0.0363944745315 0.0248267588526 0.00742933889415 0.00897043300188 0.00623145041128 0.0239882596378 0.011076135748 0.0267241025411 0.0382519950433 0.00738088115679 0.00591170495861 -0.00349741211996 0.00871274451581 0.0171381074287 0.0224487074716 -0.00819841734766 0.0124916628975 0.0149941941365 0.015467397784 0.0380741687379 0.0386455212385 0.0174824631575 0.0160352357777 0.0202117998352 0.030764756411 0.0110972987074 0.0309639829962 0.019332615582 0.0239677225339 0.0185771916911 0.0133839582282 0.0159559807916 0.0184980082561 -0.000633537724305 0.0103141051867 0.0272339754753 0.0161034483556 0.0146222321156 
0.0191082450975 0.0148214529694 0.00812650718403 0.0234364196755 0.013041149517 0.0326926162746 0.0349997019481 0.030042267766 0.00550308365963 0.0261096604685 0.0268443454766 0.0151344737659 0.318170452384 0.0237492911992 0.0273451342483 0.0185850651429 0.0311160906063 0.0251008419483 0.00180763253503 -0.00384481949172 0.000235619723798 0.0294318401426 0.0376129062015 0.0288015651296 0.0120662323081 0.0240448644965 0.0774591360768 0.023032949707 0.0186494835252 0.0013903703532 -0.000378963899339 0.000458436580245 -0.00129378443616 -0.00519478629076 0.0248485065013 0.00597121352279 0.0213522120926 0.0243533921594 0.0506860534111 0.0181375192036 0.0118185480843 0.00713672832631 0.0290480380587 0.00836369583686 0.0166362853009 0.0232682387274 0.016778144629 0.0151958465439 0.0283936163314 0.00865009382144 0.0261367528746 0.0220352463637 0.0111925990866 0.0159722184239 0.0378518993685 0.00759571195013 0.0132815622677 0.00899517540166 0.0204408436926 0.0425326007384 
-0.00147048530324 0.00504596742444 0.0175540132127 0.00855548797891 0.0207093805172 0.0417769758979 0.0201872300868 0.0194534235663 0.0114475385883 0.00304380642715 0.0369438380793 0.017642404117 0.0237492911992 0.341397432482 0.0111290016658 0.00118556000055 -0.000340428301088 0.00803144848554 -0.00130543297469 0.00876565319966 0.013011584476 0.0190183689371 -0.00163335978983 0.0194725983881 0.00120650768534 -0.00688257692312 0.0120254431774 0.0224534257537 -0.00344870997012 0.00783867720627 0.0257164138182 0.025161623148 -0.00478965338841 0.00994423611194 0.0129907552814 0.0379121176692 0.0169585533942 0.0139516824151 0.013630766057 0.031872756701 0.00592939331716 0.019637046606 0.0412411916282 0.000666900098514 0.0241347037264 -0.010267241454 0.022704052424 0.0749339315958 0.022295971672 0.0123259482453 0.0154393076833 0.00181580382185 -0.00300156850038 0.0175185332132 0.014970679706 0.00403916728915 0.000518450639003 0.00786117368922 0.0159109341532 -0.0203296427929 
0.0312991756314 0.0274661089656 0.0161914219899 0.033255545244 0.0133475578171 0.0283522735953 0.021914765212 0.0213945438949 0.00820859333241 0.0101624331573 0.0126407368388 0.0092245245482 0.0273451342483 0.0111290016658 0.2224016372 0.00656808513531 0.0167102863611 0.0231642321033 0.0290859906011 0.0204760403457 0.0207814746588 0.0178775658092 0.0249492587888 0.0101291606756 0.0223335644824 0.0165239408355 0.0168838187256 0.00695011742823 0.0161198469569 0.0116897384486 0.0117689978793 0.0309856001271 0.012358287036 0.0147582351161 0.0279623583528 0.0152174698128 0.0207277854607 0.0333241532402 0.0272768708739 0.0319569922935 0.000359032158895 0.0210242919788 0.0460891769811 0.0374268755922 0.00919488487466 0.00924526343539 0.0269228753784 0.0155575571489 0.0106344941718 0.024179844553 0.0299012386858 0.0284690515705 0.00767059809703 0.0119997603915 0.0202605608629 0.0156108174535 0.0226660607482 0.0385965095449 0.00723376684608 0.0341229582243 
-0.00348717688189 0.0140147712368 0.014972231228 0.0144236361671 -0.0279881223366 -0.00550039888801 0.00549759808182 0.0117025395672 0.00834868597391 0.0193829724951 -0.0067152292305 0.0208649430148 0.0185850651429 0.00118556000055 0.00656808513531 0.319537517639 0.0239734583998 0.00268848037773 0.022743038018 -0.00629737483759 0.00875620546585 0.0170169288963 0.0396539557214 -0.00135217414573 0.0207079127742 -0.00200498747392 0.019939289394 0.00497760044212 0.0134197131762 -0.00597298343161 0.000977948095459 -0.0143787372299 0.044418442456 0.0163385242968 -0.00910941330582 0.0132065623612 0.0256052193078 -0.00345758612663 0.00454724209184 0.00194692160738 0.0338749388451 0.0114338551062 0.0690209540786 -0.00781608788285 -0.0135075309668 0.00989849291596 0.021432495647 0.0185138937595 0.00271324545036 -0.00925347469337 0.0161670137269 0.115577488793 0.00115470907475 0.00430063562528 0.0908359719958 -0.00105335137293 -0.00116212403091 0.00598741583457 0.0128017650068 0.0954746378559 
0.0135955771009 -0.00748198382319 0.0225391184978 0.0358682844081 0.000345270083382 0.0103381314652 0.0168949670388 0.0361707852026 -0.00559285932012 0.00202937754215 0.000386535164945 0.0187361038911 0.0311160906063 -0.000340428301089 0.0167102863611 0.0239734583998 0.26766646536 -0.00658791960375 0.00423801900755 0.0156908437815 0.00785578265917 0.0120045746931 0.0762826683979 0.0166050483687 0.0158708037328 0.0113775099592 0.015697883939 0.00935593508103 0.00960223858315 0.000473895718553 0.0499442688491 0.00920595776093 0.0477325604899 0.0106333608588 0.00926740858706 0.0087961356018 0.0103399570951 0.0176946417068 0.0137218020975 0.0143631857208 0.00415428157778 0.030005350347 0.0993507329688 0.021492347208 0.0352766990866 0.0237806806895 0.0172731805081 0.0251569469735 0.00557529653249 0.0103328950157 0.0241185880612 0.00921902350614 0.0137218008879 0.0270046400397 0.0115841773674 0.0130255227299 0.00805024929699 0.0276357990138 0.0359387175589 0.00807826371504 
0.0113371367363 0.00208118369132 0.0143370846933 0.0127727482204 0.00509669857088 0.0412009295162 0.0127612129588 0.0053036831722 0.00213642230926 0.00628750915444 0.0319873437848 0.013206554485 0.0251008419483 0.00803144848554 0.0231642321033 0.00268848037773 -0.00658791960375 0.331335330659 0.0131150727166 0.0125311761678 0.0102459469748 -0.0113292317075 0.0252692799805 0.00825344841997 0.00609234738679 0.0937260601713 0.0266027523077 0.0308179581764 0.015308572901 0.0132359279162 -0.00290495409434 0.0149105719158 0.00675426175888 -0.00757390165207 0.00577966846017 -0.00548104541208 0.0195053365772 0.0165841099535 0.0200849906694 0.0177409842468 0.0238596588825 0.0245592195529 0.0124366227135 -0.0198613242139 0.0260287303065 0.00923674169834 0.00989479822361 0.0295523895491 0.0213627302601 0.00132366860106 0.0089194338727 0.003074000166 0.0150054669153 0.0267744316237 -0.00122027289682 0.00797051461682 0.00204795647483 0.0545238305825 0.00705161323799 0.0175798548123 
0.0213521180439 0.0118584427077 0.0106224748463 0.0189387099431 0.0110474778839 0.0131678476301 0.0155925326176 0.0190913217952 0.00728269122727 0.00848843975916 0.0134649896944 0.0231133001832 0.00180763253503 -0.00130543297469 0.0290859906011 0.022743038018 0.00423801900755 0.0131150727166 0.203476255132 0.0257015278573 0.0116086478223 0.00910703158661 0.0325122958952 0.00843072957949 0.01591370986 0.00267134875564 0.0149825973131 0.00741059674273 0.0429324651387 0.00703801281979 0.0129157640564 0.0273102713325 0.0236845950333 0.0135275297515 0.0173886324374 0.00262154755494 0.00570356580709 0.0108592009886 0.0196588718641 0.00442713871507 0.0408380680743 0.0106467424195 0.0243678943336 0.0166313509405 0.0104578910563 -0.00249079883242 0.00361418184289 0.00484784807461 0.00677438309845 0.0309892711415 0.029461934174 0.0354926841624 0.00913175750018 -0.00532436205962 0.0309051454985 0.0110533648513 0.00535806612215 0.00713261183881 0.00207709731468 0.0345673417351 
0.036976970233 0.0132455067466 0.014262048039 0.0266467857902 0.0122684708859 0.0229901473448 0.0134735455915 0.0201029050057 0.00817244729235 0.00793245282822 0.0175150298176 0.0069449263504 -0.00384481949172 0.00876565319966 0.0204760403457 -0.00629737483759 0.0156908437815 0.0125311761678 0.0257015278573 0.135215844094 0.0128118410632 0.00245811933464 0.0187347228125 0.00396592051737 0.0250531971086 0.014119400537 0.0289180259378 0.0119382256289 0.0146771752112 0.0161160352474 0.00803514388741 0.0243614540176 0.016730631706 0.000644475307128 0.0135088312738 0.00268950147175 0.00901870626224 0.00947210139435 0.0288062423849 0.017375724844 0.013352463708 0.0104142723856 0.0279202790835 0.0139211797114 0.0209382970152 0.00900205856453 0.0069871494534 0.00569597090922 0.0174253935957 0.0291269538388 0.02449498286 -0.00346982545082 -0.00322369427193 0.0198885942912 0.000175699889404 0.00779371375333 0.0137601020051 0.0177439221623 0.0154567930952 0.0125410044485 
0.0186464025751 0.00354178127926 0.0287347266937 0.0237141545378 0.00421938946988 0.0120468512178 0.0167951354749 0.0159355939797 0.0229035601493 0.00171273497812 0.017054087335 0.00769921095986 0.000235619723798 0.013011584476 0.0207814746588 0.00875620546585 0.00785578265917 0.0102459469748 0.0116086478223 0.0128118410632 0.155914881203 0.00214378282586 0.0179072166578 0.0222698936272 -0.0055997657228 0.00187383303951 0.00965072140116 0.0295219641431 0.00598059383069 0.024741876864 0.0123320608215 0.0135839411852 -0.00160144454452 0.0103630007336 0.0064581350868 0.0112926318033 0.017950095476 0.0180656857811 0.0225681968863 0.0104945091159 0.0243395273204 0.00717853261937 0.00658374563227 0.0290318048186 0.0052765058127 -0.000612510834666 0.0116040195286 0.0156123806938 0.0153367724078 0.0232109550135 0.0179210063274 0.000404470433669 0.00843609547383 0.0102200125137 0.00714562639653 0.0172586955675 0.0167202051033 0.00430480499704 0.00503827335074 0.00987040882321 
-0.00521557652336 0.0115125760921 0.0132202390328 -0.00958473988926 0.00670061495748 -0.00151281612185 0.0313294774084 0.00478001279279 0.0217109259921 -0.00645382041987 0.0176367132535 0.0249534173825 0.0294318401426 0.0190183689371 0.0178775658092 0.0170169288963 0.0120045746931 -0.0113292317075 0.00910703158661 0.00245811933464 0.00214378282586 0.330206517481 0.0439322382237 0.0101850249236 -0.00236854423127 0.00590581186703 0.00546455811497 0.0100700564197 0.00402765573716 0.00828645246854 0.011634332885 -0.00522657215041 0.00640406338293 0.0128811136651 0.0172235203992 0.028826887564 0.00649586915399 0.00752410498517 0.00789318583552 0.018592834395 0.00768982471372 0.0512332934918 0.059655991233 0.0412149125291 0.022908399689 -0.000614831864027 0.00942472393135 0.0077885348107 0.00436612612242 3.84711955207e-05 0.00174374779892 -0.00116007881722 0.000961757810067 0.00857910222251 0.0250534544661 0.00492899375281 0.0115027224623 0.000179985069842 0.00364688185022 0.0145673295667 
0.0118475825993 0.0146582769869 0.0377679536278 -0.000284498105702 0.149986123513 0.0162577624215 0.00404789931716 0.0440572138686 0.0163694024645 0.00561931272695 0.0291372095326 0.0363944745315 0.0376129062015 -0.00163335978983 0.0249492587888 0.0396539557214 0.0762826683979 0.0252692799805 0.0325122958952 0.0187347228125 0.0179072166578 0.0439322382237 0.602376080441 0.0216994320427 0.031238197187 0.0363236702059 0.00178334727115 0.0143535416312 0.00133561979264 0.00645738907108 0.0519428346159 0.00643192243612 0.0648795688932 0.0166702231247 0.0230588743091 0.020816911718 0.0354220816524 0.0142579228048 0.0142080874092 0.0241566777365 0.0133883644681 0.038174345974 0.124746476335 0.054289751707 0.027885799628 0.0347285491535 0.0284178484405 0.0213465731604 0.00118959230035 0.021231345803 0.0604014791758 0.0548071222447 0.00196151079317 0.0339826553465 0.0770080177676 0.00665846598088 0.0162468151205 0.0656740049004 0.0325908499992 0.0853808878138 
0.0118340101961 0.0112438776969 0.0131266797029 0.0053296054592 0.0055111792144 0.000455434445996 0.0286328285714 0.0222153740148 -0.0113389366493 0.0172874395788 0.00893031197896 0.0248267588526 0.0288015651296 0.0194725983881 0.0101291606756 -0.00135217414573 0.0166050483687 0.00825344841997 0.00843072957949 0.00396592051737 0.0222698936272 0.0101850249236 0.0216994320427 0.367702560211 0.00704564331375 0.0309934754264 0.0141708474296 0.0229098330478 0.0267930534463 0.0078218452471 0.00137156191481 0.00503668699415 0.00953713080455 -0.00320706470131 -0.00276551665363 0.015977494246 0.0186761781051 0.00167952167306 0.0106966431155 0.0142076151617 0.0165011154262 0.024735236847 0.0218509443692 0.021945727884 0.0119490927486 0.00528361864537 0.0155017463111 0.0364312160124 0.00802361464735 0.0188907864065 0.00618963439109 0.0189447006622 0.00742189040361 0.00870006857366 0.00380197128457 0.00560507092631 0.00185475273385 0.0419037238791 0.0135073661423 0.0304229817438 
0.0042137838837 0.0239871620967 0.0299883807869 0.00400802157427 -0.0157636979488 0.0161534970402 0.00621033712032 0.0259110825008 0.0171756962087 0.00302131603182 0.00562571279965 0.00742933889415 0.0120662323081 0.00120650768534 0.0223335644824 0.0207079127742 0.0158708037328 0.00609234738679 0.01591370986 0.0250531971086 -0.0055997657228 -0.00236854423127 0.031238197187 0.00704564331375 0.274864022465 -0.000819671027899 0.0203955574874 0.0260676742636 0.0215726651306 -0.00787444224476 0.0178963112848 0.018290210548 0.0132890398457 0.0289790470562 0.0112911883027 0.000734874798314 0.0251530932936 0.0155207612615 0.0250357300849 0.00337534510213 0.0114456726371 0.0391015319747 0.0290124360064 0.0288965605598 0.00342021021244 0.0109223173002 0.00859686678072 0.00902834847183 0.0155918433752 0.000955016799887 0.0315214035862 0.0109335564015 -0.00801127930168 0.00705914891023 -0.00198975266113 0.00338853619369 0.0146457858026 0.00593555794842 0.0171858723752 0.0214267568148 
0.00705519813165 0.00561349686662 0.0230672100105 0.0436635734748 0.0240184167852 0.0176448005292 0.00651567994707 0.00684272235744 0.0163762366156 0.000960056559127 0.0366699219495 0.00897043300188 0.0240448644965 -0.00688257692312 0.0165239408355 -0.00200498747392 0.0113775099592 0.0937260601713 0.00267134875564 0.014119400537 0.00187383303951 0.00590581186703 0.0363236702059 0.0309934754264 -0.000819671027899 0.253071351738 0.0254778138591 0.01071962033 0.0259666052731 0.0197212276125 0.00224690986008 0.0122301428199 0.0130814440113 0.00150165112194 0.00517617405264 -0.00639071471178 0.00693656954123 0.0166457670552 0.00811525080547 0.026069093479 0.0258544146157 0.0103608074052 0.0281621645481 -0.00207700458085 0.0114708798829 0.0200975221716 0.00121436395174 0.00657972815503 0.0277984764492 0.00866372197398 0.00872548955503 -0.00713359000334 0.0177250216783 0.0109116343266 0.0117267382178 -0.00268818679283 0.00657000330044 0.000828471370398 0.0158417059881 0.025378603464 
0.0306343661491 0.00616666974846 0.00920675468409 0.0373495025652 -0.00152095766102 0.0113630964436 0.0128230952855 0.0165889276244 -0.000228455268137 0.000997411255504 0.0247032972008 0.00623145041128 0.0774591360768 0.0120254431774 0.0168838187256 0.019939289394 0.015697883939 0.0266027523077 0.0149825973131 0.0289180259378 0.00965072140116 0.00546455811497 0.00178334727115 0.0141708474296 0.0203955574874 0.0254778138591 0.247353856484 0.0122216185566 0.0232038113121 0.0118464799316 0.00294094519259 0.0328617055146 0.00431016555684 0.00743216055297 0.0101256623287 0.00982079555398 0.0095628627101 0.00906003902555 0.0597551647905 0.011219380323 0.0100925021075 0.0158635979265 0.00986783321954 0.00215178539043 0.00910871862481 0.0366265701018 0.00885883165871 0.0190359008065 0.0131905516182 0.0196938877855 0.01844533031 -0.0113113057385 0.00158900310577 0.0182504229568 0.0074812882737 0.00744498813958 0.00783713942685 0.00486824882758 0.0115698317189 -0.00555546007249 
0.0103433360016 0.00338866774973 0.013972949341 0.0250325730408 0.00347115489653 0.0282866761354 -0.00952988728169 0.024385296307 0.0038928133204 0.0186363723975 0.0304497862952 0.0239882596378 0.023032949707 0.0224534257537 0.00695011742823 0.00497760044212 0.00935593508103 0.0308179581764 0.00741059674273 0.0119382256289 0.0295219641431 0.0100700564197 0.0143535416312 0.0229098330478 0.0260676742636 0.01071962033 0.0122216185566 0.26254592482 0.00294893529762 0.045405007171 0.00557191622767 0.0158894712077 -0.00400721343659 0.0010981113982 0.00965525942596 0.0076455300185 0.00347780614712 0.0150923870212 0.0174313002597 0.00502821603758 0.013824889574 0.0191440479942 0.0121877662774 0.0123720946707 0.0229843669082 0.0106999198398 0.0156525297791 0.0362370506969 0.0219866021725 0.0268189610933 0.0300389744124 0.00145063181981 0.0172453965806 0.0168137401785 0.00959993159552 -0.000662060517311 0.00453349669142 0.00607940863622 -0.00364800094887 -0.00125418732417 
0.01919851053 0.00584416687292 0.0193939072644 0.0180873652483 -0.00267274273723 0.0432756095899 0.00350362358222 0.0144591947252 0.00330520261028 0.0207858852043 -0.0109386685964 0.011076135748 0.0186494835252 -0.00344870997012 0.0161198469569 0.0134197131762 0.00960223858315 0.015308572901 0.0429324651387 0.0146771752112 0.00598059383069 0.00402765573716 0.00133561979264 0.0267930534463 0.0215726651306 0.0259666052731 0.0232038113121 0.00294893529762 0.223928876475 0.00012625686136 0.0105381150325 0.0140883949519 0.0146206413157 0.00167640286338 -0.00810378279825 -0.0107103433544 0.0104256871959 0.0209220992227 0.0281335521461 0.0162994191741 0.0663268891987 0.00486471060125 0.0275102189678 0.00579084599173 0.00172631751343 -0.00174011471735 0.0108322546589 0.00703091569466 0.0194339300288 0.0210709087232 0.01821731665 0.027423144995 0.0059540345001 0.00448499799679 0.0354583524985 0.0123927554503 0.00830604470792 0.0121591634115 0.00661745428472 0.0285156706148 
0.00640453906344 -0.00369935642578 0.0196552163482 0.0397330259804 -0.00719101130718 0.0125710674776 0.00420189800199 0.0132644841982 0.00190961101486 0.0108072645334 0.0247983744342 0.0267241025411 0.0013903703532 0.00783867720627 0.0116897384486 -0.00597298343161 0.000473895718553 0.0132359279162 0.00703801281979 0.0161160352474 0.024741876864 0.00828645246854 0.00645738907108 0.0078218452471 -0.00787444224476 0.0197212276125 0.0118464799316 0.045405007171 0.00012625686136 0.222866361614 0.017106126843 0.00341514175213 0.007128508902 -0.00409844750407 0.00880507946429 0.0159167831852 0.00592092792825 0.00663376979428 0.0138682579 0.0137520596094 0.00873222654675 0.00752395611381 0.0351839049414 0.0172086579931 0.010824468962 0.031708267893 0.010184254463 0.0293067295067 0.000421340471118 0.0108582366392 0.0293028978807 -0.00955970446544 0.00943021930034 0.0115517350024 0.0053999531122 0.0126949243214 0.0154122795584 -0.00306501768818 0.00173866593362 0.00655967252184 
0.0119125695416 0.0137025613387 0.0107212839842 0.0212664952673 0.0175459960088 0.00451921380994 0.0119831291561 0.0139856841585 -0.00628785903555 0.039527914871 0.016539294878 0.0382519950433 -0.000378963899338 0.0257164138182 0.0117689978793 0.000977948095459 0.0499442688491 -0.00290495409434 0.0129157640564 0.00803514388741 0.0123320608215 0.011634332885 0.0519428346159 0.00137156191481 0.0178963112848 0.00224690986008 0.00294094519259 0.00557191622767 0.0105381150325 0.017106126843 0.361630365208 0.0230136563518 0.00356092653201 -0.00745997112445 -0.00864635068875 0.0119952833908 0.00336686121281 -0.000767391928303 0.000613832911596 0.0162702033385 0.00945341914641 0.0417664369448 0.0470447757603 0.0347568074883 0.0199233815539 0.0288851057627 0.0280849357169 0.00984247974733 0.00625093546478 0.00373480416876 0.0297662039823 0.00558249072205 -0.00166112569401 0.0277384859589 0.0252747599554 -0.00752037262849 0.00925075340189 0.0288115944776 0.063475056251 -0.00114415512816 
0.0354859823688 0.00762894830789 0.00698409808996 0.0412974838722 0.0175690839196 0.0200311369126 0.00734928792141 -0.000209978575256 0.00385740708682 -0.00565970354735 0.00614025425671 0.00738088115679 0.000458436580245 0.025161623148 0.0309856001271 -0.0143787372299 0.00920595776093 0.0149105719158 0.0273102713325 0.0243614540176 0.0135839411852 -0.00522657215041 0.00643192243612 0.00503668699415 0.018290210548 0.0122301428199 0.0328617055146 0.0158894712077 0.0140883949519 0.00341514175213 0.0230136563518 0.190146369397 0.00958384554816 0.00377722979953 0.0560607078124 0.0218482475772 0.0185724983212 0.0145925673458 0.0398694349739 0.0245159779552 0.0263007836367 0.0105594428997 0.0224259539935 0.00580430264201 0.00542072694566 0.00859195260044 0.0167995119781 0.0226912772449 0.0121130256251 0.0250523839321 0.0180681828566 -0.00299932091675 0.00818403257486 0.00933274945086 -0.0118328054432 0.0130963876931 0.0136614835873 0.016082909442 0.0144208734819 -0.000615059647431 
0.0159512986198 0.0137100920442 0.00876361513544 0.0194972036173 -0.0148191978138 -0.00305509259319 -0.000924479103208 0.0491675643138 0.00544747828506 -0.0013407364942 0.0119191056285 0.00591170495861 -0.00129378443616 -0.00478965338841 0.012358287036 0.044418442456 0.0477325604899 0.00675426175888 0.0236845950333 0.016730631706 -0.00160144454452 0.00640406338293 0.0648795688932 0.00953713080455 0.0132890398457 0.0130814440113 0.00431016555684 -0.00400721343659 0.0146206413157 0.007128508902 0.00356092653201 0.00958384554816 0.47149009226 0.0343410796849 -0.00519650700156 -0.00359646294022 0.0183375058526 0.00951492081479 0.00534862316519 -0.00931012504993 0.026002877394 0.0265250053849 0.191919577529 0.0016761063814 -0.00246402347289 0.00590605707034 -0.000574441064261 0.00635308844834 0.0150805538901 0.0140856932772 0.00424380353886 0.0639870613642 -0.0034235189123 0.00843943948639 0.0802246262866 -0.00194411183985 0.00103755279694 0.00319669746824 0.0263460781554 0.101135454466 
-0.00346121083909 0.00315181037402 -0.00296679605892 0.000192567057684 0.00969148583517 0.0114951782308 0.028577623923 -0.00452866853179 0.00766771979246 0.0223727614645 0.00771881598745 -0.00349741211996 -0.00519478629076 0.00994423611194 0.0147582351161 0.0163385242968 0.0106333608588 -0.00757390165207 0.0135275297515 0.000644475307128 0.0103630007336 0.0128811136651 0.0166702231247 -0.00320706470131 0.0289790470562 0.00150165112194 0.00743216055297 0.0010981113982 0.00167640286338 -0.00409844750407 -0.00745997112445 0.00377722979953 0.0343410796849 0.922689116616 0.019755870414 0.0136935544677 0.0133549519592 -0.000893369075373 0.00187118407045 -0.00545864677856 0.0176269646667 0.0601327881932 0.0221344901137 0.0220636308458 0.0118546769262 0.0300401780141 0.0104918089186 0.0292289961182 0.0103964909229 0.00425189625855 0.000290946962223 0.00190929492884 -0.00285893879797 0.0108929082228 0.0403198315691 -0.0121862861257 0.00897852529951 -0.0187438604203 -0.0008798446249 0.00218785441584 
0.0157680502204 0.00910163972082 0.0155997356333 0.00678253236853 -0.0044838635436 -0.00275306661033 0.0076002181176 0.0302771409342 0.00705432801345 0.00133200294291 0.0299701470974 0.00871274451581 0.0248485065013 0.0129907552814 0.0279623583528 -0.00910941330582 0.00926740858706 0.00577966846017 0.0173886324374 0.0135088312738 0.0064581350868 0.0172235203992 0.0230588743091 -0.00276551665363 0.0112911883027 0.00517617405264 0.0101256623287 0.00965525942596 -0.00810378279825 0.00880507946429 -0.00864635068875 0.0560607078124 -0.00519650700156 0.019755870414 0.396180521838 0.0122601941248 0.00313679039922 0.0157577306601 0.01885749139 0.0297832320921 0.0318281936484 0.0258658812431 0.00927077346909 0.0307126742748 0.00863033887514 0.0016403393963 0.00839154012655 0.0114876179802 -0.0131074697798 0.00872994370731 0.0126333959181 0.0190901919073 -0.00722077867964 -0.00318256926981 0.00170889360149 0.00383712017446 0.00829224415731 0.0207913964167 0.019850042864 0.0280107225078 
0.00379835291529 -0.00255691976827 0.0204127317474 0.00071855836191 0.0181301710724 0.0253177755481 0.0215658125425 0.034170377313 0.00646503531268 0.0016850350948 0.00624709043124 0.0171381074287 0.00597121352279 0.0379121176692 0.0152174698128 0.0132065623612 0.0087961356018 -0.00548104541208 0.00262154755494 0.00268950147175 0.0112926318033 0.028826887564 0.020816911718 0.015977494246 0.000734874798314 -0.00639071471178 0.00982079555398 0.0076455300185 -0.0107103433544 0.0159167831852 0.0119952833908 0.0218482475772 -0.00359646294022 0.0136935544677 0.0122601941248 0.237420796132 0.0152226563952 0.012181725269 0.0172551435996 0.0415430606077 0.00766852432169 0.0227560118646 0.00884089856689 0.00608460549422 0.0202141491457 -0.00013952754927 0.0166774874418 0.0359394740883 -0.000213708788853 0.0167742401985 0.0225457830589 0.00687895750225 0.0170734398438 0.0249774617029 0.0133541391203 0.0109469933383 0.00659560672513 0.0268263878456 0.0253926310831 -0.00604595715473 
0.012937462884 -0.00591531043303 0.0264503077445 0.0226402264397 0.0105606939168 0.010851914316 0.00800444226473 0.0169844436394 0.00987941084369 0.0107109490739 0.0323289871016 0.0224487074716 0.0213522120926 0.0169585533942 0.0207277854607 0.0256052193078 0.0103399570951 0.0195053365772 0.00570356580709 0.00901870626224 0.017950095476 0.00649586915399 0.0354220816524 0.0186761781051 0.0251530932936 0.00693656954122 0.0095628627101 0.00347780614712 0.0104256871959 0.00592092792825 0.00336686121281 0.0185724983212 0.0183375058526 0.0133549519592 0.00313679039922 0.0152226563952 0.374915321589 0.0131848056788 0.0143641616289 0.0130496811323 0.0256221111434 0.0528401094468 0.0478990849499 0.0344343782617 0.00721722801277 0.00791811123251 0.0245223602535 0.0331459541022 0.000392876031414 0.000858032326057 0.0272954988606 0.0583947516852 -4.78076782403e-06 0.0231958392261 0.0392810301375 0.0106020344682 0.0121685771338 0.0491874355864 -0.00342048690242 0.0600112163786 
0.00586900076022 0.00380330695019 0.0179607779657 0.0229713937137 0.00355165688397 0.0371111830412 0.0141659928227 0.0152587515088 -7.95687572422e-05 -0.00160215262144 0.0151992124317 -0.00819841734766 0.0243533921594 0.0139516824151 0.0333241532402 -0.00345758612663 0.0176946417068 0.0165841099535 0.0108592009886 0.00947210139435 0.0180656857811 0.00752410498517 0.0142579228048 0.00167952167306 0.0155207612615 0.0166457670552 0.00906003902555 0.0150923870212 0.0209220992227 0.00663376979428 -0.000767391928303 0.0145925673458 0.00951492081479 -0.000893369075373 0.0157577306601 0.012181725269 0.0131848056788 0.23950106451 0.0291528936285 0.0153268252794 0.00393480818875 0.00564963807683 0.0210795784262 0.0155810090945 -0.00442008112445 0.00754397186865 0.0103784166926 0.00892282148686 -0.000652173788942 0.014994035864 0.0211094791254 0.010612860275 0.007504987475 0.0189248722485 0.0167778834321 0.00439088886822 0.0132733046377 0.0074693661126 0.00190083819604 0.029451758891 
0.0361599642434 0.0117826485227 0.0197268467409 0.0497155112036 0.027296213598 0.035432421494 0.0235126425427 0.0194251322407 0.01246944927 0.00816777909667 0.0148370648034 0.0124916628975 0.0506860534111 0.013630766057 0.0272768708739 0.00454724209184 0.0137218020975 0.0200849906694 0.0196588718641 0.0288062423849 0.0225681968863 0.00789318583552 0.0142080874092 0.0106966431155 0.0250357300849 0.00811525080547 0.0597551647905 0.0174313002597 0.0281335521461 0.0138682579 0.000613832911596 0.0398694349739 0.00534862316519 0.00187118407045 0.01885749139 0.0172551435996 0.0143641616289 0.0291528936285 0.192344870301 0.0192183951552 0.015573201279 0.0208035648234 0.0296402370424 0.00900641729029 0.0101567016216 0.0130614964001 0.0145981595144 0.0101079872257 0.018256149853 0.0405827932663 0.0143713031046 0.00293547016971 -0.00154993016713 0.0126011864558 0.00875137993512 0.0283368596327 0.0105809822429 0.0209256440761 0.0115857472209 0.0124835009897 
