40
0.0693656588129 0.0594494044175 0.0623322546876 0.0535662105727 0.153319254475 0.0272696759741 0.070265204238 0.0352458247454 0.0559384191954 0.123612909007 0.0218855159469 0.0933125666969 0.0634276035435 0.0318751717172 0.114001255301 0.0128714932266 0.0324915821016 0.360667625942 0.106415927512 0.0353360638732 0.02473804396 0.0162851568228 0.0251604878384 0.0707348977441 0.169485482474 0.0952881581377 0.123248136701 0.0449016594387 0.0297209295042 0.147407151382 0.0122123060087 0.0635798530397 0.0406155741598 0.022369934908 0.0125275076286 0.0878126089614 0.0211692002509 0.0570579479668 0.0424048973372 0.0247746242904 
0.382925715875 0.0186449113763 0.0139590765384 0.0108490557486 0.0118436915089 0.0060662856587 -0.0031412836301 0.0151061193002 0.0360281514314 0.00386034705733 0.0141351757859 -0.00316133449406 0.0119113282698 0.00198217878741 0.00495419856353 0.007183745867 0.0340564966818 0.0546228878676 0.0245667210273 0.0288050198093 0.0122384382215 0.00117804365328 0.0233267002311 0.00101659831214 0.00290097546338 0.0300969580974 0.023560314722 0.00161047485307 0.0121142787522 0.00864262904559 -0.01134523686 0.033671685763 0.012915274676 0.014501004424 0.018832466189 0.0388805971138 0.00302820028645 0.03298910746 -0.00556345249737 0.00491592937962 
0.0186449113763 0.289352270658 0.0191392179601 0.0384209557099 0.0418060936789 0.0224557443423 0.00854088666596 0.0354901573066 0.0229055814092 -0.00380908681294 0.00382986637432 0.0180234643818 0.032682533288 0.0260769509828 0.0129133267492 0.00545045117734 0.0167795249046 0.0496971929375 0.0298503152449 0.0300856971666 0.0251162679944 0.0193959446922 0.0429238717697 0.0188019625998 0.0229313848064 0.0841153002368 0.0108188155904 0.0297352021073 0.00744509895062 0.0142720487739 0.0233880502375 0.048438700684 0.0338596293197 0.0173209690643 0.0160110913604 0.0274582350921 0.0198049813213 0.0215006223205 0.00839977827702 0.0294025254622 
0.0139590765384 0.0191392179601 0.534086918265 0.0063174028271 0.0167760589844 0.0085270992687 0.0142156953026 0.00304665474501 0.0141024092985 0.0105107609266 0.0109706843636 -0.0110854851429 0.0140137860557 -0.00507610972869 -0.00882635521175 0.0033049610301 0.0267348171564 -0.000488289803055 -0.00150973938128 0.0281687662284 -0.00180279576191 0.00467576166882 0.0183305904551 0.00162633588559 0.00662234820721 0.0229904071228 0.0157485851256 0.00469566881713 0.0154335148739 0.00174498770356 0.00837391060461 0.00406670876333 -0.00179915169168 -0.000135695921804 0.00564955842616 0.0010358938345 0.0347731179732 0.0105007658695 0.00856393542361 -0.00248292038029 
0.0108490557486 0.0384209557099 0.0063174028271 0.203302029566 0.037930703896 0.0130940601452 -0.000191564566706 0.0135063586117 0.0189536516093 0.00791422528816 0.0172302325803 0.00492969111557 0.0328637887029 0.0251710012622 -0.00598794478417 0.0102645730434 0.0130759137538 0.0286156457302 0.0243640760433 0.0134882391871 0.0266663492235 0.0285981138313 0.0226550897513 0.00485026108198 0.0157299456285 0.0592009658273 0.024325430337 0.0215833125089 0.017734891349 0.0307819211402 0.0216001379392 0.0310570513769 0.0911763034254 0.0237099213483 0.023032420712 0.00238297119629 0.00695593206241 0.0142885608961 0.0222744126576 0.0242491585759 
0.0118436915089 0.0418060936789 0.0167760589844 0.037930703896 0.621817950141 0.032201273315 0.0137616825511 0.0417789927336 0.0334189285611 0.0148191183837 -0.00418771301141 0.0271189037259 0.035612481934 0.0133298578687 -0.00292104806263 0.00686422922424 0.0259348288007 0.0443059413289 0.0671283184331 0.0180598146465 0.00833396809221 0.00725383282523 0.0408301122324 0.0165809965371 0.0461426237639 0.0687635992029 0.0389511636592 0.0536362011417 0.00965193550672 0.0163173626858 0.0215736744535 0.0324950017467 0.024670247401 0.0301878843686 0.0231582829447 0.0558631248089 0.00897170784324 0.00732243510329 0.012838684945 0.0243933584481 
0.0060662856587 0.0224557443423 0.0085270992687 0.0130940601452 0.032201273315 0.143836304604 0.00592218047129 0.0145988746791 0.0109133106447 -0.00702821797899 0.00680423451191 0.0034972725066 0.0187499859912 0.00943519932629 -0.00299242874579 -0.000121278754586 0.0098793868605 0.0267329354559 0.0301390872337 0.0135439012677 0.0108489320557 0.0131024687127 0.0154556595748 0.0171671031351 0.0118214993705 0.0341858507767 0.0400829515813 0.0303261448345 0.0006169349711 0.0155072002292 0.00968337958904 0.0265793090721 0.0170619646931 0.0183964532362 0.00586863712531 0.0288692983778 0.00663958226136 0.00125229216192 -0.00213214434673 0.0183744341984 
-0.0031412836301 0.00854088666596 0.0142156953026 -0.000191564566706 0.0137616825511 0.00592218047129 0.981991942869 0.000842963295316 0.0137188497031 -0.00812883807451 -0.000971578247363 0.00801932027968 0.0192830327678 0.0114564526709 -0.0015405740359 -0.00895996182596 0.0107751725132 0.00935158865613 0.0119652553992 0.00631540635432 0.0205142296355 0.00551940465085 0.0147734376162 0.00974919975619 0.0401441510672 0.0200432947609 0.0141740718504 0.00542585098264 -0.00318027140273 0.0276274198447 -0.0135193333359 0.00412187054818 0.000877034735825 0.00816868718382 0.015556875238 0.00789011425632 0.00954549192068 0.00367741987992 0.0145281571241 0.0135116890339 
0.0151061193002 0.0354901573066 0.00304665474501 0.0135063586117 0.0417789927336 0.0145988746791 0.000842963295316 0.211671512085 0.0161864083703 0.00531334092547 0.00364298234882 -6.48424196375e-05 0.00684115843731 0.0117478231489 -0.0136011046693 0.00240976353616 0.0238324180759 0.0197307229576 0.0192474600342 0.0159137560763 0.00798927993174 0.0166703975099 0.0129676608677 0.000906135406882 -0.0143684767368 0.0460649420583 0.0151089709436 0.0180981504834 0.0182927046909 0.0104161647917 0.0166414826275 0.0338792337548 0.0170493291545 0.0265253210263 0.0203683653058 0.0312008043578 0.00264723058417 0.00405030378883 -0.00201675289457 0.014205565903 
0.0360281514314 0.0229055814092 0.0141024092985 0.0189536516093 0.0334189285611 0.0109133106447 0.0137188497031 0.0161864083703 0.234833755653 -0.00177014128725 0.00985745432741 0.0101264309696 -0.00267760125524 0.0139083563552 -0.000928543546766 0.0173357594068 0.0130840729427 0.0322686206928 0.0217754310242 0.0145218457868 0.00185068672699 0.0118701696762 0.00963835171264 0.00932615782574 0.0192853004834 0.0345647096038 0.0257983803988 0.0126637190911 0.00117090714213 -0.000597644718406 0.00316834770801 0.010733049667 0.014191255991 0.0317544087194 0.0162601945968 0.0102138347491 0.00810927158484 0.0368021817285 0.00699281270214 0.0278879156219 
0.00386034705733 -0.00380908681294 0.0105107609266 0.00791422528816 0.0148191183837 -0.00702821797899 -0.00812883807451 0.00531334092547 -0.00177014128725 1.0458489893 -0.00466133930224 -0.0147577737297 -0.0040867446272 0.0111046472265 -0.00145940354704 0.0113856441064 0.00399849708226 0.0252971072845 0.0162135268909 0.0168704263002 0.000676950940167 0.00122701033464 -0.00698092095103 0.0122689092368 0.0125311151935 0.0264398477842 0.0072679188991 -0.00677607101884 -0.00155293170359 0.0353555340886 0.00448682322152 -0.00556178503681 0.0100751939373 0.00802698056597 0.0170884592229 0.0126163890683 -0.0151094575085 0.00538753637094 0.00419126135782 0.0234261208448 
0.0141351757859 0.00382986637432 0.0109706843636 0.0172302325803 -0.00418771301141 0.00680423451191 -0.000971578247363 0.00364298234882 0.00985745432741 -0.00466133930224 0.162234626201 -0.00288138100004 0.012343814653 0.00684678059806 -0.00375774241257 0.00371553082125 0.00597854535068 0.00712195254881 -0.00897830058308 0.0106618519223 0.0077436739033 0.010531837939 0.0104584501408 0.0193127827017 0.0114081556662 0.00325330000342 0.00958029972438 0.0215731034034 0.00958439257232 0.0143636304373 0.00698810909547 0.00954603713414 0.0164338703654 0.00422787251706 0.0143563566139 -0.00615321137082 0.00328250509719 0.0102495399096 0.010685333825 0.0110399089466 
-0.00316133449406 0.0180234643818 -0.0110854851429 0.00492969111557 0.0271189037259 0.0034972725066 0.00801932027968 -6.48424196374e-05 0.0101264309696 -0.0147577737297 -0.00288138100004 0.994120213537 0.0307308233266 0.0114018156389 0.000922300497433 0.00576668051437 -0.00473059322739 0.00230253596409 0.00300485015835 0.00292861872636 -0.00838721229162 0.00749270920027 0.0111702429597 0.10634460822 -0.0187731558032 0.0332530995687 -0.00920721765159 0.00863668350797 0.000825421573839 0.00154231395348 -0.00110285900524 0.0196529122058 0.0189422831628 0.00811980846959 -0.00217575109483 0.0100127142982 -0.0141174249907 0.0145601368314 -0.00418082817708 0.0180234397278 
0.0119113282698 0.032682533288 0.0140137860557 0.0328637887029 0.035612481934 0.0187499859912 0.0192830327678 0.00684115843731 -0.00267760125524 -0.0040867446272 0.012343814653 0.0307308233266 0.383208409003 0.0106586825231 0.00192683866137 0.0123193839726 0.012929262662 0.0444362499365 0.0612608071376 -0.000157226354482 0.0147500182598 0.01841589323 0.0124149014355 0.0181353905137 0.0285865540165 0.0344410409131 0.0337472624149 0.051267958234 -0.0033853818061 0.0626687277311 0.0188960853233 0.00927934173197 0.0236632068688 0.0131449456411 0.0355313462537 0.015990040839 0.0211032999328 0.00139156310663 -0.00550032949768 -0.00166957057413 
0.00198217878741 0.0260769509828 -0.00507610972869 0.0251710012622 0.0133298578687 0.00943519932629 0.0114564526709 0.0117478231489 0.0139083563552 0.0111046472265 0.00684678059806 0.0114018156389 0.0106586825231 0.184366876499 0.00665211208551 0.0042813778405 0.00412578219778 0.0038361256285 0.00268643195309 0.0152082247474 0.0446303828381 0.0443328235184 0.025159936279 0.0208799159041 0.0398848781796 0.022827723125 0.00576647406851 0.0103649590158 0.00307071559478 0.0205637483475 0.0128203196256 0.0156164025805 0.0308301822289 0.015931321199 0.000453751188904 -0.00137108421307 0.0132994573967 0.0143862502804 0.0110565988982 0.0113806070241 
0.00495419856353 0.0129133267492 -0.00882635521175 -0.00598794478417 -0.00292104806263 -0.00299242874579 -0.0015405740359 -0.0136011046693 -0.000928543546766 -0.00145940354704 -0.00375774241257 0.000922300497433 0.00192683866137 0.00665211208551 1.13921459509 -0.00405722017444 0.00819376778205 0.00154708228985 0.0181968361739 -0.00265455065518 0.00781292834033 -0.000665762271588 -0.000606436855514 -0.0156008373653 0.0100090637199 -0.00388654060748 -0.000550460088412 -0.00776336415213 -0.0024131109978 0.0267789053739 -0.00896231081713 -0.0126147259916 -0.00523056554164 -0.00699033197817 0.00976733199175 0.0124727686954 -0.00127344051228 -0.00339120977689 0.00152418598 0.00923142753036 
0.007183745867 0.00545045117734 0.0033049610301 0.0102645730434 0.00686422922424 -0.000121278754586 -0.00895996182596 0.00240976353616 0.0173357594068 0.0113856441064 0.00371553082125 0.00576668051437 0.0123193839726 0.0042813778405 -0.00405722017444 0.225900678344 0.0120014847495 -0.00305291586347 0.0166753636715 0.000169880270437 0.00369287051353 0.00786933066383 0.0176878448991 0.0139608805507 0.0110803076414 -0.00484464572262 0.0150853350995 0.00287412883133 0.0116859048 -0.00418198920698 0.0117655616354 -0.00238605295671 -0.00284616733144 0.0014378318311 0.0188418797235 0.00959554351281 0.00541621158036 0.00422905501474 0.0193414442392 0.00924452459694 
0.0340564966818 0.0167795249046 0.0267348171564 0.0130759137538 0.0259348288007 0.0098793868605 0.0107751725132 0.0238324180759 0.0130840729427 0.00399849708226 0.00597854535068 -0.00473059322739 0.012929262662 0.00412578219778 0.00819376778205 0.0120014847495 0.302529257358 0.0109170864804 0.047571946683 0.00678990857694 0.0137291803377 0.0123242604634 0.0126405888836 0.0195969489761 0.00810485469107 0.0628278179009 0.0207148926505 -0.00531109835696 0.00383885257988 0.00102864974065 -0.0118022619597 0.009688908209 0.0135075559265 0.0111969570635 0.0261754992646 0.0352452077518 0.000874435494784 0.024833070048 0.00880538541399 0.00832832493046 
0.0546228878676 0.0496971929375 -0.000488289803055 0.0286156457302 0.0443059413289 0.0267329354559 0.00935158865613 0.0197307229576 0.0322686206928 0.0252971072845 0.00712195254881 0.00230253596409 0.0444362499365 0.0038361256285 0.00154708228985 -0.00305291586347 0.0109170864804 1.18845411236 0.067804454437 0.0284566099351 -0.00588932844727 0.0151112279667 -0.00405298683827 0.0253288235521 0.0355261834057 0.0422169227726 0.0598416987924 0.0342003883549 0.0216448608418 0.0363092379498 0.0297412258606 0.0229566180884 0.0433003203815 0.00793232307178 0.0164214306026 0.0662955568398 0.0151628972367 0.0393410301429 -0.00294028842075 0.0241235167763 
0.0245667210273 0.0298503152449 -0.00150973938128 0.0243640760433 0.0671283184331 0.0301390872337 0.0119652553992 0.0192474600342 0.0217754310242 0.0162135268909 -0.00897830058308 0.00300485015835 0.0612608071376 0.00268643195309 0.0181968361739 0.0166753636715 0.047571946683 0.067804454437 0.601683300369 0.0252724400781 -0.00970909452492 0.0100123687821 0.0125604328207 0.00875686501903 -0.00243272596357 0.0730655581314 -0.000978233581453 0.0327081804322 0.0104818306644 0.0524347099636 0.021596822734 0.0292656954635 0.0207428924316 0.0128940679882 0.0292483683878 0.0507188791742 0.00721209974516 0.117867285192 0.0115684333576 0.0237764148885 
0.0288050198093 0.0300856971666 0.0281687662284 0.0134882391871 0.0180598146465 0.0135439012677 0.00631540635432 0.0159137560763 0.0145218457868 0.0168704263002 0.0106618519223 0.00292861872636 -0.000157226354482 0.0152082247474 -0.00265455065518 0.000169880270437 0.00678990857694 0.0284566099351 0.0252724400781 0.315223463762 0.0212938247106 0.0209777812388 -0.00496870609069 0.0128570633101 0.00917844511243 0.0193921573106 0.000475250819125 0.00985906377682 0.00212589116657 0.013078095315 0.0136903593494 0.00953704880724 0.00545487028722 0.0356296074775 0.0018573718018 0.0197714223324 0.0271050443119 0.0152984514925 -0.00239865516877 0.0206429822064 
0.0122384382215 0.0251162679944 -0.00180279576191 0.0266663492235 0.00833396809221 0.0108489320557 0.0205142296355 0.00798927993174 0.00185068672699 0.000676950940167 0.0077436739033 -0.00838721229162 0.0147500182598 0.0446303828381 0.00781292834033 0.00369287051353 0.0137291803377 -0.00588932844727 -0.00970909452492 0.0212938247106 0.162304021878 0.042794138727 0.0221939610652 0.0127036026972 0.00836333927837 0.0163529014547 0.029909236156 0.0026213492382 0.00746100313594 0.0206832345487 0.01383263487 0.0042977024698 0.0229487876999 0.00454543992469 0.0118572953661 0.0164392008988 0.00732511273248 0.00398993658283 0.00878719034804 0.0147602643706 
0.00117804365328 0.0193959446922 0.00467576166882 0.0285981138313 0.00725383282523 0.0131024687127 0.00551940465085 0.0166703975099 0.0118701696762 0.00122701033464 0.010531837939 0.00749270920027 0.01841589323 0.0443328235184 -0.000665762271588 0.00786933066383 0.0123242604634 0.0151112279667 0.0100123687821 0.0209777812388 0.042794138727 0.157676640798 0.0163028744296 0.00336383939615 0.018363269542 0.00952049274577 0.0233542092963 0.0106928091894 0.00123012400474 0.0300735880284 0.0103616430097 0.00776331436059 0.0281806768824 0.0172416431601 0.00296078349957 -0.000967896685022 0.0109620891914 0.0153719678043 0.00801206763169 0.0151170726974 
0.0233267002311 0.0429238717697 0.0183305904551 0.0226550897513 0.0408301122324 0.0154556595748 0.0147734376162 0.0129676608677 0.00963835171264 -0.00698092095103 0.0104584501408 0.0111702429597 0.0124149014355 0.025159936279 -0.000606436855514 0.0176878448991 0.0126405888836 -0.00405298683827 0.0125604328207 -0.00496870609069 0.0221939610652 0.0163028744296 0.170751139537 0.0214809698347 0.00265157271159 0.0262132342219 0.014128230939 0.01451734538 0.00963543256448 0.00578267450333 -0.00212130406327 0.0359957471899 0.0189394081359 0.00970781963363 0.0184844203305 0.0219714092383 0.0202994762326 0.0177725033977 0.0104076208271 0.0195573301355 
0.00101659831214 0.0188019625998 0.00162633588559 0.00485026108198 0.0165809965371 0.0171671031351 0.00974919975619 0.000906135406882 0.00932615782574 0.0122689092368 0.0193127827017 0.10634460822 0.0181353905137 0.0208799159041 -0.0156008373653 0.0139608805507 0.0195969489761 0.0253288235521 0.00875686501903 0.0128570633101 0.0127036026972 0.00336383939615 0.0214809698347 0.285423459807 0.000800347866445 0.030627173368 0.0159767977581 0.0101419017504 0.00305987153507 0.00460776683011 0.017327316946 -0.00323476762659 0.00687159061484 0.0147794001338 0.0181902664778 0.0105015384235 -0.00749885010702 0.0219998352391 -0.0203451584303 0.0246754837447 
0.00290097546338 0.0229313848064 0.00662234820721 0.0157299456285 0.0461426237639 0.0118214993705 0.0401441510672 -0.0143684767368 0.0192853004834 0.0125311151935 0.0114081556662 -0.0187731558032 0.0285865540165 0.0398848781796 0.0100090637199 0.0110803076414 0.00810485469107 0.0355261834057 -0.00243272596357 0.00917844511244 0.00836333927838 0.018363269542 0.00265157271159 0.000800347866445 0.676189931856 0.00737615313317 0.0510237464765 0.0112867852885 -0.00981924173137 0.0313012416465 0.0166204376564 0.0143446404637 0.0138708076973 0.0197832414111 0.011180383673 -2.38916511803e-05 -0.00502817202589 0.0249511046265 0.00469554858529 0.020559261981 
0.0300969580974 0.0841153002368 0.0229904071228 0.0592009658273 0.0687635992029 0.0341858507767 0.0200432947609 0.0460649420583 0.0345647096038 0.0264398477842 0.00325330000342 0.0332530995687 0.0344410409131 0.022827723125 -0.00388654060748 -0.00484464572262 0.0628278179009 0.0422169227726 0.0730655581314 0.0193921573106 0.0163529014547 0.00952049274577 0.0262132342219 0.030627173368 0.00737615313317 0.557046859918 0.0355348169272 0.0270624697046 0.0230834689247 0.0799722528909 0.0263990465656 0.0494534588605 0.0498696054972 0.0575023654035 0.00794324207126 0.0202185104605 0.011488953866 0.0107536467982 0.027133998066 0.0222702797862 
0.023560314722 0.0108188155904 0.0157485851256 0.024325430337 0.0389511636592 0.0400829515813 0.0141740718504 0.0151089709436 0.0257983803988 0.0072679188991 0.00958029972438 -0.00920721765159 0.0337472624149 0.00576647406851 -0.000550460088412 0.0150853350995 0.0207148926505 0.0598416987924 -0.000978233581453 0.000475250819125 0.029909236156 0.0233542092963 0.014128230939 0.0159767977581 0.0510237464765 0.0355348169272 0.467270586586 0.0580772902023 0.0161277039701 0.0674499896832 0.0107514346357 0.0383530117041 0.0421999101224 0.0326632197931 0.0207104823572 0.043638328907 0.00225863225864 0.00210363449433 0.0276979295899 0.0181742513962 
0.00161047485307 0.0297352021073 0.00469566881713 0.0215833125089 0.0536362011417 0.0303261448345 0.00542585098264 0.0180981504834 0.0126637190911 -0.00677607101884 0.0215731034034 0.00863668350797 0.051267958234 0.0103649590158 -0.00776336415213 0.00287412883133 -0.00531109835696 0.0342003883549 0.0327081804322 0.00985906377682 0.0026213492382 0.0106928091894 0.01451734538 0.0101419017504 0.0112867852885 0.0270624697046 0.0580772902023 0.324221777294 0.00338943021065 0.0239629041613 0.0019411046739 0.0277337925737 0.0260689076848 0.019408948047 0.0257082734482 0.0323362595746 0.014739816341 0.0171440120306 0.0134149179074 0.010611432042 
0.0121142787522 0.00744509895062 0.0154335148739 0.017734891349 0.00965193550672 0.0006169349711 -0.00318027140273 0.0182927046909 0.00117090714213 -0.00155293170359 0.00958439257232 0.000825421573839 -0.0033853818061 0.00307071559478 -0.0024131109978 0.0116859048 0.00383885257988 0.0216448608418 0.0104818306644 0.00212589116657 0.00746100313594 0.00123012400474 0.00963543256448 0.00305987153507 -0.00981924173137 0.0230834689247 0.0161277039701 0.00338943021065 0.221931829056 0.00399491323955 0.0165581593522 0.00478828575731 0.0162257389027 0.00748151613643 0.00795274742779 -0.00529550187929 0.00429944305436 0.00277641531561 0.0155456302602 0.0111891488416 
0.00864262904559 0.0142720487739 0.00174498770355 0.0307819211402 0.0163173626858 0.0155072002292 0.0276274198447 0.0104161647917 -0.000597644718406 0.0353555340886 0.0143636304373 0.00154231395348 0.0626687277311 0.0205637483475 0.0267789053739 -0.00418198920698 0.00102864974065 0.0363092379498 0.0524347099636 0.013078095315 0.0206832345487 0.0300735880284 0.00578267450333 0.00460776683011 0.0313012416465 0.0799722528909 0.0674499896832 0.0239629041613 0.00399491323955 0.564213127427 0.0153268533484 0.00477936855129 0.0295323346067 0.00980702329772 0.00955391328141 0.00394664824613 0.0298103074987 0.0122909894252 0.027493148489 0.0164618387371 
-0.01134523686 0.0233880502375 0.00837391060461 0.0216001379392 0.0215736744535 0.00968337958904 -0.0135193333359 0.0166414826275 0.00316834770801 0.00448682322152 0.00698810909547 -0.00110285900524 0.0188960853233 0.0128203196256 -0.00896231081713 0.0117655616354 -0.0118022619597 0.0297412258606 0.021596822734 0.0136903593494 0.01383263487 0.0103616430097 -0.00212130406327 0.017327316946 0.0166204376564 0.0263990465656 0.0107514346357 0.0019411046739 0.0165581593522 0.0153268533484 0.286339403402 0.00659873215476 0.00387018882539 0.0148403008992 0.0195553986856 0.00586585326879 0.00316052995267 0.000596045150766 0.0210856883644 0.0167179550453 
0.033671685763 0.048438700684 0.00406670876333 0.0310570513769 0.0324950017467 0.0265793090721 0.00412187054818 0.0338792337548 0.010733049667 -0.00556178503681 0.00954603713414 0.0196529122058 0.00927934173197 0.0156164025805 -0.0126147259916 -0.00238605295671 0.009688908209 0.0229566180884 0.0292656954635 0.00953704880724 0.0042977024698 0.00776331436059 0.0359957471899 -0.00323476762659 0.0143446404637 0.0494534588605 0.0383530117041 0.0277337925737 0.00478828575731 0.00477936855129 0.00659873215476 0.462467297518 0.0417805104549 0.0206022979978 0.0126067013043 0.048772780256 -0.00607948206819 0.00742445263778 -0.000115188638549 0.0283943324033 
0.012915274676 0.0338596293197 -0.00179915169168 0.0911763034254 0.024670247401 0.0170619646931 0.000877034735825 0.0170493291545 0.014191255991 0.0100751939373 0.0164338703654 0.0189422831628 0.0236632068688 0.0308301822289 -0.00523056554164 -0.00284616733144 0.0135075559265 0.0433003203815 0.0207428924316 0.00545487028722 0.0229487876999 0.0281806768824 0.0189394081359 0.00687159061484 0.0138708076973 0.0498696054972 0.0421999101224 0.0260689076848 0.0162257389027 0.0295323346067 0.00387018882539 0.0417805104549 0.210771914108 0.0248902578019 0.0195936884904 0.00601811573022 0.0113957523873 0.00926965409674 0.0187540129726 0.0269237933275 
0.014501004424 0.0173209690643 -0.000135695921804 0.0237099213483 0.0301878843686 0.0183964532362 0.00816868718382 0.0265253210263 0.0317544087194 0.00802698056597 0.00422787251706 0.00811980846959 0.0131449456411 0.015931321199 -0.00699033197817 0.0014378318311 0.0111969570635 0.00793232307178 0.0128940679882 0.0356296074775 0.00454543992469 0.0172416431601 0.00970781963363 0.0147794001338 0.0197832414111 0.0575023654035 0.0326632197931 0.019408948047 0.00748151613643 0.00980702329772 0.0148403008992 0.0206022979978 0.0248902578019 0.205751522427 0.00770503931719 0.0315250198269 0.0127513503269 0.00676913447018 0.0175442308128 0.0163108898109 
0.018832466189 0.0160110913604 0.00564955842616 0.023032420712 0.0231582829447 0.00586863712531 0.015556875238 0.0203683653058 0.0162601945968 0.0170884592229 0.0143563566139 -0.00217575109483 0.0355313462537 0.000453751188904 0.00976733199175 0.0188418797235 0.0261754992646 0.0164214306026 0.0292483683878 0.0018573718018 0.0118572953661 0.00296078349957 0.0184844203305 0.0181902664778 0.011180383673 0.00794324207126 0.0207104823572 0.0257082734482 0.00795274742779 0.00955391328141 0.0195553986856 0.0126067013043 0.0195936884904 0.00770503931719 0.300637045495 0.00469793930522 0.00796653947925 0.0218543667154 0.0160474779738 0.0414890184674 
0.0388805971138 0.0274582350921 0.0010358938345 0.00238297119629 0.0558631248089 0.0288692983778 0.00789011425633 0.0312008043578 0.0102138347491 0.0126163890683 -0.00615321137082 0.0100127142982 0.015990040839 -0.00137108421307 0.0124727686954 0.00959554351281 0.0352452077518 0.0662955568398 0.0507188791742 0.0197714223324 0.0164392008988 -0.000967896685022 0.0219714092383 0.0105015384235 -2.38916511804e-05 0.0202185104605 0.043638328907 0.0323362595746 -0.00529550187929 0.00394664824613 0.00586585326879 0.048772780256 0.00601811573022 0.0315250198269 0.00469793930522 0.478278376948 0.00706365564725 0.00988100793946 0.0355800564795 0.015050865365 
0.00302820028645 0.0198049813213 0.0347731179732 0.00695593206241 0.00897170784324 0.00663958226136 0.00954549192068 0.00264723058417 0.00810927158484 -0.0151094575085 0.00328250509719 -0.0141174249907 0.0211032999328 0.0132994573967 -0.00127344051228 0.00541621158036 0.000874435494784 0.0151628972367 0.00721209974516 0.0271050443119 0.00732511273248 0.0109620891914 0.0202994762326 -0.00749885010702 -0.00502817202589 0.011488953866 0.00225863225864 0.014739816341 0.00429944305436 0.0298103074987 0.00316052995267 -0.00607948206819 0.0113957523873 0.0127513503269 0.00796653947925 0.00706365564725 0.209052525114 0.00328734101804 0.0162174448514 0.00274656434127 
0.03298910746 0.0215006223205 0.0105007658695 0.0142885608961 0.00732243510329 0.00125229216192 0.00367741987992 0.00405030378883 0.0368021817285 0.00538753637094 0.0102495399096 0.0145601368314 0.00139156310663 0.0143862502804 -0.00339120977689 0.00422905501474 0.024833070048 0.0393410301429 0.117867285192 0.0152984514925 0.00398993658283 0.0153719678043 0.0177725033977 0.0219998352391 0.0249511046265 0.0107536467982 0.00210363449433 0.0171440120306 0.00277641531561 0.0122909894252 0.000596045150766 0.00742445263778 0.00926965409674 0.00676913447018 0.0218543667154 0.00988100793946 0.00328734101804 0.315276268849 0.0182999537005 0.0196114499812 
-0.00556345249737 0.00839977827702 0.00856393542361 0.0222744126576 0.012838684945 -0.00213214434674 0.0145281571241 -0.00201675289457 0.00699281270214 0.00419126135782 0.010685333825 -0.00418082817708 -0.00550032949768 0.0110565988982 0.00152418598 0.0193414442392 0.00880538541399 -0.00294028842075 0.0115684333576 -0.00239865516877 0.00878719034804 0.00801206763169 0.0104076208271 -0.0203451584303 0.00469554858529 0.027133998066 0.0276979295899 0.0134149179074 0.0155456302602 0.027493148489 0.0210856883644 -0.000115188638549 0.0187540129726 0.0175442308128 0.0160474779738 0.0355800564795 0.0162174448514 0.0182999537005 0.397090589084 0.0158190810891 
0.00491592937962 0.0294025254622 -0.00248292038029 0.0242491585759 0.0243933584481 0.0183744341984 0.0135116890339 0.014205565903 0.0278879156219 0.0234261208448 0.0110399089466 0.0180234397278 -0.00166957057413 0.0113806070241 0.00923142753036 0.00924452459694 0.00832832493046 0.0241235167763 0.0237764148885 0.0206429822064 0.0147602643706 0.0151170726974 0.0195573301355 0.0246754837447 0.020559261981 0.0222702797862 0.0181742513962 0.010611432042 0.0111891488416 0.0164618387371 0.0167179550453 0.0283943324033 0.0269237933275 0.0163108898109 0.0414890184674 0.015050865365 0.00274656434127 0.0196114499812 0.0158190810891 0.183094248485 

['CVS', 'STT', 'MAT', 'ASN', 'CC', 'SIAL', 'NFB', 'FII', 'TMO', 'UIS', 'GIS', 'GT', 'ASH', 'FE', 'FRX', 'MDT', 'AZO', 'JDSU', 'ADSK', 'EMC', 'XEL', 'AEP', 'WFC', 'ABI', 'ADM', 'PHM', 'GILD', 'ROH', 'TAP', 'SUN', 'WPI', 'FNM', 'SPG', 'PLL', 'S', 'NVLS', 'RX', 'BF.B', 'ZMH', 'VZ']