30
0.0296866664977 0.266244884644 0.0484031048171 0.0404531955786 0.0261881624723 0.125871369107 0.026407260569 0.0304896250645 0.0394797478448 0.0375994121509 0.200970993098 0.0743289823458 0.0646745186267 0.0280903462606 0.106366385329 0.0479675113811 0.039859092222 0.0466468708745 0.0184249616408 0.0471087328402 0.0424048973372 0.106415927512 0.0272696759741 0.13159191543 0.0526943852585 0.0766147585819 0.0535662105727 0.135299445153 0.0220203869342 0.0231907610599 
0.223262753885 0.0160180032831 0.021093250992 0.0207394311137 0.015469043792 0.00178282227815 0.0346405893429 0.0161950076854 0.015669664726 0.0186402945384 0.0365714672654 0.0521793138095 0.0233649600717 0.0424749652307 0.0112088972641 0.0158378955489 0.0196240066355 0.0330549140598 0.044691953922 0.0225673094148 0.00878606707082 0.0225555354796 0.0171843881466 0.015709698162 0.0484639365032 0.0293601244829 0.0293876747748 0.0212700952484 0.0369912560351 0.0111785442418 
0.0160180032831 2.2748349367 0.01267417317 0.0211500537784 0.0269310899383 0.00820337890532 0.0219057846938 0.0138576346835 0.0118992537111 0.0153352238571 -0.00476923361887 0.0652603220678 -0.00642977998765 0.0379219014014 0.00182833907794 -0.0320599361055 0.0111392076338 -0.00524704423656 0.0272222143473 -0.00877052370084 -0.00417089987315 0.00704643509452 0.0211743579596 0.010811616674 0.0252336931462 0.0219606410303 0.00225873514507 0.0121610258883 0.0283522500109 0.0697487383824 
0.021093250992 0.01267417317 0.264041711527 0.0350410110656 0.0119914328241 0.00737883039605 0.0197114444531 0.00217383840274 0.0256589079617 0.0216969522824 0.0211640338887 0.0469321311304 0.0115950232911 0.0364927460121 0.0410611770412 0.0187085982996 0.0332019601178 0.00581656120562 0.0187968323944 0.0242384933267 0.0241063492544 0.0371889344769 0.0174346182186 0.0362684661743 0.0305626497681 0.024114098337 0.0287465605893 0.0383143141863 0.0332141160974 0.0340144630344 
0.0207394311137 0.0211500537784 0.0350410110656 0.353922456877 0.00203205467437 0.00958218431887 0.0222290463401 -6.3837768743e-05 0.0266120266428 0.0113139247826 0.0347696425921 0.0429928287721 0.0035389022603 0.021276392234 0.0295183446424 0.0252687657138 0.0314634780855 0.0118916841469 0.0294966370025 0.0242767295247 0.0245716620628 0.0151668066932 0.0214739246311 0.0401913153456 0.0349063564018 0.027493521137 0.0180456021945 0.0346401983063 0.0324091577866 0.00813018718666 
0.015469043792 0.0269310899383 0.0119914328241 0.00203205467437 0.260768026345 0.00206678548374 0.0190275874007 0.000464256833867 0.0241159411956 0.0188286407479 0.0281576137873 0.0259459112059 0.0235103729613 0.0121375985011 0.00574390110377 0.0123175283266 0.00883726098709 0.011705426491 0.0159606119173 0.00232529841645 0.013205614288 0.0287666993417 0.00418849805941 0.0248772561974 0.02573757734 0.0180016734725 0.0128155318915 0.00366775137178 0.0319711259066 0.0100219833566 
0.00178282227815 0.00820337890532 0.00737883039605 0.00958218431887 0.00206678548374 0.846503473605 0.031569818743 0.0104330244078 0.0040633491128 -0.000184227162252 0.00806464381794 0.0110194422805 0.0078315394362 -0.00191590587167 -0.0133121542244 0.0131209054635 0.0113981296368 -0.0115276621285 0.0053886917462 -0.0210771057108 0.00286367421845 0.0337023119982 0.0158942737352 0.0100570454846 0.0150161455032 0.0118670881112 0.00587700273112 0.00593500541001 0.00141846719877 -0.00990548823052 
0.0346405893429 0.0219057846938 0.0197114444531 0.0222290463401 0.0190275874007 0.031569818743 0.204889556259 0.01024728586 0.0216785596353 0.0207159721879 0.00910284501076 0.0389334888787 0.0248694121763 0.0505309488936 0.00179665184599 0.0329334562377 0.0166529017484 0.0148025411871 0.0473227089533 0.0152628155717 0.0150726566315 0.0273757149659 0.0232545217193 0.00495401930694 0.025392471326 0.0152770576174 0.0335735223754 0.00604032872824 0.0194567642064 0.0173860925405 
0.0161950076854 0.0138576346835 0.00217383840274 -6.38377687431e-05 0.000464256833866 0.0104330244078 0.01024728586 0.213100477344 0.0256540336547 0.0103162356636 0.00602236524072 0.0210237329955 0.035620211763 0.0065472631853 0.00609164088057 0.00917023732905 0.00280808512406 0.0148742517324 0.00394144068249 0.00475030803905 -0.00156619929131 0.000481964872331 0.00879776794037 0.00902984752656 0.0250683725827 -0.000890815013649 0.0130858769795 -0.000264781132357 0.0119247873434 0.0237843361547 
0.015669664726 0.0118992537111 0.0256589079617 0.0266120266428 0.0241159411956 0.0040633491128 0.0216785596353 0.0256540336547 0.32136635875 0.0185183200179 0.00913103801688 0.0427642302479 0.0893006622813 0.00538438000882 0.0221800173465 0.032209466554 0.0177704304286 0.00954866880982 0.0194153034633 0.0118303281194 0.00798215138324 0.0344924520678 0.0342508714426 0.0289042541749 0.0259716555981 0.0399647788209 0.0246549581329 0.00610160230205 0.00314240461772 0.006832149267 
0.0186402945384 0.0153352238571 0.0216969522824 0.0113139247826 0.0188286407479 -0.000184227162252 0.0207159721879 0.0103162356636 0.0185183200179 0.268857333289 0.0239372415442 0.0240580468167 -0.00231765373593 0.0160370255397 0.0217161445649 0.00980082462547 -0.00123156042738 0.0289687961495 0.0150361082278 0.0134028924103 0.0121608294847 0.0129830353149 0.0113624388947 -0.00479413714611 0.0169370467133 0.0187605666353 0.0184025796798 -0.0014285604569 0.0106233759988 0.0225927738077 
0.0365714672654 -0.00476923361887 0.0211640338887 0.0347696425921 0.0281576137873 0.00806464381794 0.00910284501076 0.00602236524072 0.00913103801688 0.0239372415442 0.929429364349 0.0249105551825 0.023900492428 0.0133321370248 -0.00336021021837 0.029539237219 -0.0218698338264 0.0212309815785 0.0139931030383 0.00768482449509 0.00877121387268 -0.0212028614075 0.00596673395321 0.00230762366079 0.0153596628096 -0.00254329181561 0.0351081352349 0.0140551899402 0.00423018023141 -0.00100346022098 
0.0521793138095 0.0652603220678 0.0469321311304 0.0429928287721 0.0259459112059 0.0110194422805 0.0389334888787 0.0210237329955 0.0427642302479 0.0240580468167 0.0249105551825 0.31886668686 0.00385003693065 0.0533805653287 0.0473020324834 0.0413326743786 0.0572943137991 0.0245753803216 0.0421133115121 0.0193782152706 0.00692338114526 0.0506530750827 0.0431784508936 0.049551611421 0.0524292306589 0.0606839886613 0.0392132389649 0.0389061870079 0.0301222578468 0.018343109926 
0.0233649600717 -0.00642977998765 0.0115950232911 0.0035389022603 0.0235103729613 0.0078315394362 0.0248694121763 0.035620211763 0.0893006622813 -0.00231765373593 0.023900492428 0.00385003693065 0.5029305561 0.0163082692081 0.0388059847647 0.062546809821 0.0137590738829 0.0103697459676 0.0241089093952 0.0208525811264 0.0499755775853 -0.00251177254594 -0.00491921243155 0.0241151218555 0.0162464336746 0.0139963207507 0.027873168124 0.0566038338695 0.0158392657483 0.0169285611909 
0.0424749652307 0.0379219014014 0.0364927460121 0.021276392234 0.0121375985011 -0.00191590587167 0.0505309488936 0.0065472631853 0.00538438000882 0.0160370255397 0.0133321370248 0.0533805653287 0.0163082692081 0.251911894923 -0.0192458879245 0.0276698548794 0.021652128638 0.00725588195475 0.0492071391602 -0.00585209089863 0.0197913196806 0.0191575146148 0.0164493634018 0.00591722587468 0.0260672021398 0.0230952409275 0.027292757749 -0.0090108995904 0.0246022668186 0.0146264372567 
0.0112088972641 0.00182833907794 0.0410611770412 0.0295183446424 0.00574390110377 -0.0133121542244 0.00179665184599 0.00609164088057 0.0221800173465 0.021716144565 -0.00336021021837 0.0473020324834 0.0388059847647 -0.0192458879245 0.403746278631 0.0437177533015 0.0450204417644 0.0472593536597 0.0063419148894 0.0927250499609 0.000657089604684 0.0167284165588 0.0207562032289 0.162371244045 -0.0101450062712 0.0399993010353 0.0104094472381 0.161292635687 -0.00139854883312 -0.00498211296512 
0.0158378955489 -0.0320599361055 0.0187085982996 0.0252687657138 0.0123175283266 0.0131209054635 0.0329334562377 0.00917023732905 0.032209466554 0.00980082462547 0.029539237219 0.0413326743786 0.062546809821 0.0276698548794 0.0437177533015 0.330900113793 0.0207705402613 0.0236846987165 0.0293227310668 0.00412300875173 0.0296777391583 0.0368542852831 0.00799478871182 0.0356193964589 0.0329815835751 0.0305936753759 0.0313260594401 0.0472707991987 0.0229944539497 0.0122511597846 
0.0196240066355 0.0111392076338 0.0332019601178 0.0314634780855 0.00883726098709 0.0113981296368 0.0166529017484 0.00280808512406 0.0177704304286 -0.00123156042738 -0.0218698338264 0.0572943137991 0.0137590738829 0.021652128638 0.0450204417644 0.0207705402613 0.269789776936 0.0247892558944 0.0288981716514 0.0264801893988 0.0138740290866 0.0195533962508 0.02357685984 0.0326878483387 0.0457262406229 0.0488490686708 0.0177248981249 0.0246281343747 0.0307302020877 0.0157752545342 
0.0330549140598 -0.00524704423656 0.00581656120562 0.0118916841469 0.011705426491 -0.0115276621285 0.0148025411871 0.0148742517324 0.00954866880982 0.0289687961495 0.0212309815785 0.0245753803216 0.0103697459676 0.00725588195475 0.0472593536597 0.0236846987165 0.0247892558944 0.371302259575 0.0229645451006 0.0241728788383 0.0175003032648 0.00555060079453 0.00776091676462 0.0328928245428 0.0132170225146 0.0114832149913 0.0186178633331 0.0242170044276 0.010206092381 0.00961978943438 
0.044691953922 0.0272222143473 0.0187968323944 0.0294966370025 0.0159606119173 0.0053886917462 0.0473227089533 0.00394144068249 0.0194153034633 0.0150361082278 0.0139931030383 0.0421133115121 0.0241089093952 0.0492071391602 0.0063419148894 0.0293227310668 0.0288981716514 0.0229645451006 0.165719489738 0.0186475423143 0.0150876193436 0.016661052464 0.0197792483695 0.0269466254721 0.0320176371211 0.0173475012902 0.0355095058764 0.0130042586985 0.0219258800996 0.0160077586785 
0.0225673094148 -0.00877052370084 0.0242384933267 0.0242767295247 0.00232529841645 -0.0210771057108 0.0152628155717 0.00475030803905 0.0118303281194 0.0134028924103 0.00768482449509 0.0193782152706 0.0208525811264 -0.00585209089863 0.0927250499609 0.00412300875173 0.0264801893988 0.0241728788383 0.0186475423143 0.222199051966 0.00511442221097 0.0118238160069 0.0124684494908 0.110297026443 -0.00560453612917 0.0156370557932 0.013116078074 0.087207976771 -0.00367436958174 0.00878761609547 
0.00878606707082 -0.00417089987315 0.0241063492544 0.0245716620628 0.013205614288 0.00286367421845 0.0150726566315 -0.00156619929131 0.00798215138324 0.0121608294847 0.00877121387268 0.00692338114526 0.0499755775853 0.0197913196806 0.000657089604684 0.0296777391583 0.0138740290866 0.0175003032648 0.0150876193436 0.00511442221097 0.397574527814 0.0146340708986 0.000861340923016 0.000451099865944 0.00887572250084 0.00162800477482 0.0224188744951 0.0295305076103 0.0156121146625 -0.000109717755951 
0.0225555354796 0.00704643509452 0.0371889344769 0.0151668066932 0.0287666993417 0.0337023119982 0.0273757149659 0.000481964872331 0.0344924520678 0.0129830353149 -0.0212028614075 0.0506530750827 -0.00251177254594 0.0191575146148 0.0167284165588 0.0368542852831 0.0195533962508 0.00555060079453 0.016661052464 0.0118238160069 0.0146340708986 0.621165069566 0.0322650727903 0.0504671873788 0.0471098585603 0.0535388370526 0.0307235476228 0.0567106299467 0.0371995412861 0.00731925833561 
0.0171843881466 0.0211743579596 0.0174346182186 0.0214739246311 0.00418849805941 0.0158942737352 0.0232545217193 0.00879776794037 0.0342508714426 0.0113624388947 0.00596673395321 0.0431784508936 -0.00491921243155 0.0164493634018 0.0207562032289 0.00799478871182 0.02357685984 0.00776091676462 0.0197792483695 0.0124684494908 0.000861340923016 0.0322650727903 0.146611748529 0.0147184809229 0.034405945664 0.0237575238147 0.0177320791759 0.012028639477 0.0118622742511 0.0164573340167 
0.015709698162 0.010811616674 0.0362684661743 0.0401913153456 0.0248772561974 0.0100570454846 0.00495401930694 0.00902984752656 0.0289042541749 -0.00479413714611 0.00230762366079 0.049551611421 0.0241151218555 0.00591722587468 0.162371244045 0.0356193964589 0.0326878483387 0.0328928245428 0.0269466254721 0.110297026443 0.000451099865944 0.0504671873788 0.0147184809229 0.477359192389 0.0242279858774 0.0602326214468 0.0383495753318 0.232224782824 0.0260970807448 0.0118095247772 
0.0484639365032 0.0252336931462 0.0305626497681 0.0349063564018 0.02573757734 0.0150161455032 0.025392471326 0.0250683725827 0.0259716555981 0.0169370467133 0.0153596628096 0.0524292306589 0.0162464336746 0.0260672021398 -0.0101450062713 0.0329815835751 0.0457262406229 0.0132170225146 0.0320176371211 -0.00560453612917 0.00887572250084 0.0471098585603 0.034405945664 0.0242279858774 0.312002401211 0.0302850571477 0.0532411630862 0.00750490044337 0.046765893748 0.0275420944132 
0.0293601244829 0.0219606410303 0.024114098337 0.027493521137 0.0180016734725 0.0118670881112 0.0152770576174 -0.000890815013649 0.0399647788209 0.0187605666353 -0.00254329181561 0.0606839886613 0.0139963207507 0.0230952409275 0.0399993010353 0.0305936753759 0.0488490686708 0.0114832149913 0.0173475012902 0.0156370557932 0.00162800477482 0.0535388370526 0.0237575238147 0.0602326214468 0.0302850571477 0.487732930634 0.0185009522955 0.00932104870377 0.0516314984786 0.0186872307065 
0.0293876747748 0.00225873514507 0.0287465605893 0.0180456021945 0.0128155318915 0.00587700273112 0.0335735223754 0.0130858769795 0.0246549581329 0.0184025796798 0.0351081352349 0.0392132389649 0.027873168124 0.027292757749 0.0104094472381 0.0313260594401 0.0177248981249 0.0186178633331 0.0355095058764 0.013116078074 0.0224188744951 0.0307235476228 0.0177320791759 0.0383495753318 0.0532411630862 0.0185009522955 0.221740917551 0.0267246708214 0.0265633516188 0.0223791297795 
0.0212700952484 0.0121610258883 0.0383143141863 0.0346401983063 0.00366775137178 0.00593500541001 0.00604032872824 -0.000264781132357 0.00610160230205 -0.0014285604569 0.0140551899402 0.0389061870079 0.0566038338695 -0.0090108995904 0.161292635687 0.0472707991987 0.0246281343747 0.0242170044276 0.0130042586985 0.087207976771 0.0295305076103 0.0567106299467 0.012028639477 0.232224782824 0.00750490044337 0.00932104870377 0.0267246708214 0.48318464473 0.0145167364517 0.00557837685701 
0.0369912560351 0.0283522500109 0.0332141160974 0.0324091577866 0.0319711259066 0.00141846719877 0.0194567642064 0.0119247873434 0.00314240461772 0.0106233759988 0.00423018023141 0.0301222578468 0.0158392657483 0.0246022668186 -0.00139854883312 0.0229944539497 0.0307302020877 0.010206092381 0.0219258800996 -0.00367436958174 0.0156121146625 0.0371995412861 0.0118622742511 0.0260970807448 0.046765893748 0.0516314984786 0.0265633516188 0.0145167364517 0.224225024732 0.0400770296892 
0.0111785442418 0.0697487383824 0.0340144630344 0.00813018718666 0.0100219833566 -0.00990548823052 0.0173860925405 0.0237843361547 0.006832149267 0.0225927738077 -0.00100346022098 0.018343109926 0.0169285611909 0.0146264372567 -0.00498211296512 0.0122511597846 0.0157752545342 0.00961978943438 0.0160077586785 0.00878761609547 -0.000109717755952 0.00731925833561 0.0164573340167 0.0118095247772 0.0275420944132 0.0186872307065 0.0223791297795 0.00557837685701 0.0400770296892 0.226172783535 

['AXP', 'TLAB', 'IP', 'LPX', 'AN', 'CVG', 'NCC', 'HNZ', 'ITT', 'ACV', 'GM', 'LEH', 'SNA', 'FITB', 'DVN', 'SWK', 'CIT', 'CEG', 'HBAN', 'CVX', 'ZMH', 'ADSK', 'SIAL', 'RDC', 'HOT', 'QCOM', 'ASN', 'BJS', 'MTG', 'ALL']