40
0.0682562642732 0.0340091550877 0.0341115490789 0.140066530531 0.0753619397022 0.0285158318856 0.0363496030559 0.0383245101253 0.0388241127613 0.0434942638749 0.0589662330248 0.136312174374 0.0375994121509 0.0664901393557 0.126302472887 0.0297209295042 0.0235207120966 0.0896788789081 0.0374431650663 0.13159191543 0.0297343435849 0.0466521206007 0.126305303483 0.0486003975036 0.0347696809731 0.129241945615 0.153319254475 0.0754552666066 0.0256345374975 0.0878126089614 0.0594494044175 0.0646745186267 0.0285507317948 0.0761836706695 0.360667625942 0.0265193363437 0.0348828940045 0.275379497042 0.0629738483482 0.116988452624 
0.378569162936 0.0182985509416 0.00654617562949 0.0155889955696 0.019814593684 -0.00506017573158 0.0171629268269 0.0171181650406 0.00873549505896 0.0418877551194 0.0164716527175 0.00436586731474 0.00302501886805 0.0416551597933 0.0337177594914 -0.00204747907221 0.0145103361287 0.0444784898377 0.0227659728256 0.0334285150602 -0.000220912924898 -0.00755508601493 0.0193822174449 0.0374990317963 0.0220131205754 0.00673926605338 0.0401095539583 0.0176852154878 0.01177723828 0.0400507789918 0.0300429697677 0.00321318466259 0.0220930807288 0.021565362973 0.0363982459572 0.017256580585 0.0329059139446 -0.0147277711616 0.0174751271468 0.0192308684319 
0.0182985509416 0.207281014253 0.0159376454104 0.016455045388 -0.0100470053198 0.0219368170437 0.0131916755007 0.0194375782404 0.0264899168412 0.0237672535906 0.028696298103 -0.00636352093853 0.0168100306148 0.0503595878614 0.00964038616267 0.00249292358317 0.01593440574 0.00965177919712 0.0131594332505 0.00597686892234 0.00508344450885 0.0276348314812 -0.0051634700823 -0.00326071004599 0.0110125244221 0.00133742240015 0.0241112450182 0.0270153190881 0.0143099645782 0.0199340422893 0.0542127669876 0.0147818574383 0.0103152873521 0.0103445975336 0.00939187207091 5.61420304495e-05 0.0151758265018 -0.00984164140975 -0.00969751303785 0.00698977327241 
0.00654617562949 0.0159376454104 0.2254534757 0.0274042017555 0.00360719879603 0.0105376095723 0.0145835413292 0.00843286884787 0.0153324212412 0.0232406845571 0.0128178146823 -0.00978054093713 0.000735298034772 0.0134984871595 -0.0094475413887 0.00840457338637 0.00623171023176 0.00740705413142 0.0130389101129 0.0115820289695 -0.000377922626065 0.00300150130162 0.00436382087344 0.0218764242319 0.0136561254955 0.0143023358294 0.0113817212338 0.0168304224577 0.0176153858332 0.0195988322879 0.0205586105758 0.0273802569516 0.0197908024149 0.0237690704588 -0.00904066163765 -0.00574391486763 0.0134672646939 0.00230355752252 0.00714884779393 0.0176966294216 
0.0155889955696 0.016455045388 0.0274042017555 1.44643342681 0.0210828743842 0.0169202605503 0.00763497260665 0.014401640137 0.00652240209769 0.0337839507889 0.0168837475083 -0.0274469659663 0.0123601911732 0.0613877963384 0.00412271871486 -0.00131877755354 -0.00194274582175 0.0127219319465 0.0187154627107 0.0106285001681 0.0072701088743 0.0257179703193 -0.00974719307378 0.00477737427373 0.0283685888207 0.0722784037553 0.142404805357 0.0289036635331 0.0017255723514 -0.00144186336453 0.0237283664009 0.0158311167457 0.0103712016563 0.00843399180707 0.027191545511 0.0213541721545 0.0084024769434 -0.0154468720225 0.00772046607072 0.0283810006674 
0.019814593684 -0.0100470053198 0.00360719879603 0.0210828743842 0.340733354248 0.0395613289739 0.011513850066 0.00862103130741 0.0177547442474 0.0137179731127 -0.000889288171029 0.013661186695 0.0161992571402 0.0166841807122 0.0606525006781 -0.00244642723872 0.00567685554669 -0.00863771588777 -0.00609883602661 0.14204749536 0.0116972851108 0.0266211351455 0.0988574420512 0.0057993453988 0.0190298981572 0.0288187226245 0.00752779088998 0.0134355751766 0.0135555747633 0.00398395742775 -0.000746588589713 0.0212491249806 0.006891645862 0.0274250490147 0.0287105769999 0.0170100701528 0.0315401314204 -0.0110127215129 0.103564345508 0.0398616538524 
-0.00506017573158 0.0219368170437 0.0105376095723 0.0169202605503 0.0395613289739 0.194783339988 0.0104662559833 0.00573760875333 0.00666191707169 0.015058712406 0.00921662055749 0.00205545981481 0.0151403440332 0.00699408478809 0.0382495634604 0.00540053555449 0.00961709319796 0.0149593796781 0.00838093277251 0.0388341030147 0.00549887755595 0.0493505148902 0.0336036768474 0.0228216271394 0.0119086947419 0.0252775964072 0.0235251680647 0.00862183312596 0.0136954414356 -0.0045395280789 0.0336266041994 0.00657260483221 0.0101899452644 0.0102846469853 -0.00210733123424 0.00940896408708 0.00493505977692 0.000695148098729 0.0358821070505 0.00876180308363 
0.0171629268269 0.0131916755007 0.0145835413292 0.00763497260665 0.011513850066 0.0104662559833 0.314767485003 0.0158673304284 0.0150060505109 0.0162724388875 0.0207806656601 -0.0126062938171 0.017719789186 0.0108619817161 0.00338234763586 0.0112406010833 0.0117310760351 0.00648695915267 0.0314432321883 -0.00101236294627 -0.000458379073598 0.0102208299123 0.00392329309086 0.0209648691428 0.0118367572002 -0.000744390473424 0.0332136481165 0.0417691874751 0.0234141068364 0.0134887351718 0.0292688823433 0.0241403594257 0.00851710516622 0.0236738440401 0.000429318599059 0.0194129372299 0.00835750074641 -0.00152902498045 0.00322307071686 0.0157722559204 
0.0171181650406 0.0194375782404 0.00843286884787 0.014401640137 0.00862103130741 0.00573760875333 0.0158673304284 0.329064164423 0.0344530651689 0.0369462907244 0.0261590500772 -0.00589725332286 0.0142082561858 0.0467168020288 -0.0115292913424 0.010683870539 0.00550008922952 0.0262155218678 0.0168320271459 0.021012575751 0.014868794426 0.0112838629119 0.0112629302225 0.0145073787042 0.00022368113489 -0.0123110672973 0.0366338659771 0.0359220846246 0.0168052019286 0.0329337103503 0.0267153635741 0.0172820924301 0.0299884018728 0.0423286924114 0.0346859504435 0.0150341133561 0.0229111269128 0.0073971871845 0.00292211338417 0.047308713727 
0.00873549505896 0.0264899168412 0.0153324212412 0.00652240209769 0.0177547442474 0.00666191707169 0.0150060505109 0.0344530651689 0.185500846758 0.0253143728876 0.0119601297039 -0.0199251406146 0.0164546218664 0.0319008719517 0.0143765943852 0.0260592401461 0.0160264867955 0.0223674656496 0.00800399733109 0.0161879881828 0.0201129988468 0.00386782681655 0.000108840803718 0.0122635339361 0.0191811808276 0.00167793210365 0.0286111719706 0.020749860682 0.00805044547371 0.00313515745225 0.0209483405773 0.0216584389465 0.0101226625546 0.0181197735808 0.018224457412 0.0144548886096 0.0272576717902 0.0117710343173 -0.00388647099441 0.0364496690186 
0.0418877551194 0.0237672535906 0.0232406845571 0.0337839507889 0.0137179731127 0.015058712406 0.0162724388875 0.0369462907244 0.0253143728876 0.300361469263 0.0379343942489 -0.0182270458149 0.0214443471864 0.0437445786329 0.0104495940016 -0.0127977223377 0.0217951422106 0.0568850350064 0.0209913402341 0.0311553073998 0.00945453785151 0.00203652140409 0.040240572583 0.0072430144458 0.0356156605515 0.0211076981872 0.0345436858716 0.0443762211221 0.0288346755286 0.0152069446046 0.0493199293273 0.0122331883074 0.0176773986675 0.0424465253772 0.0390081835172 0.018440231931 0.0392344353612 -0.0197594318059 0.0105066008124 0.0525709991032 
0.0164716527175 0.028696298103 0.0128178146823 0.0168837475083 -0.00088928817103 0.00921662055749 0.0207806656601 0.0261590500772 0.0119601297039 0.0379343942489 0.401748649399 -0.0105145466691 0.0152774520709 0.0269857669962 0.0410879203458 0.0125605426899 0.00127618992151 0.0122330023504 0.0300760814219 0.0019976730406 0.00522238735037 0.00164982877117 0.0103309350752 0.00318757337068 0.00565590188542 0.00902572715204 0.0252222696926 0.0329863869371 0.00705310908919 0.0166223352072 0.0421795767773 -0.0101161264847 0.0048255859817 0.00899559227955 -0.00011126946346 0.00624021665346 0.0173660429236 0.000549917429873 0.00198656415307 0.023845977236 
0.00436586731474 -0.00636352093853 -0.00978054093713 -0.0274469659663 0.013661186695 0.00205545981481 -0.0126062938171 -0.00589725332286 -0.0199251406146 -0.0182270458149 -0.0105145466691 1.94212899815 0.0111714982413 -0.00745057542368 -0.00461518064815 0.00143384430488 -0.00303467612632 -0.0149115730958 -0.00946995680483 -0.00299077853521 -0.000276888702982 -0.00417685021362 0.0114292356444 -0.0232913269713 -0.000570205670881 0.0142542353321 -0.0177484028775 0.00140067666552 -0.0102644711936 0.014702522179 -0.0186437286021 -0.00690015074383 -0.0144708019924 -0.00595986563379 -0.0151132501153 -0.00439475812254 -0.00573928646971 -0.01176938157 -0.00153659386751 -0.0161877419055 
0.00302501886805 0.0168100306148 0.000735298034774 0.0123601911732 0.0161992571402 0.0151403440332 0.017719789186 0.0142082561858 0.0164546218664 0.0214443471864 0.0152774520709 0.0111714982413 0.264875295853 0.0142395413236 0.0255576376656 0.0102747596035 -0.00172076907827 -0.0094031253791 -0.00124526983531 -0.00911200312985 -0.00364441097662 0.022685379453 0.00431873838714 0.0353938477556 0.0316733089287 -0.00652329134155 0.0121856906158 0.0122109130594 0.0277783401344 0.0157191568763 0.0143816124055 0.002765828843 0.00205828654673 0.0132230354203 0.031599707379 0.00939111338194 0.00804015418602 -0.0125863229741 0.0151839580489 0.00808801901858 
0.0416551597933 0.0503595878614 0.0134984871595 0.0613877963384 0.0166841807122 0.00699408478809 0.0108619817161 0.0467168020288 0.0319008719517 0.0437445786329 0.0269857669962 -0.00745057542368 0.0142395413236 0.355810431346 0.0228238824744 0.0242233525434 0.0134621049575 0.0371050419763 0.02337981422 0.018039529817 0.0186814745168 0.0390507264377 -0.0183618657258 0.0100651497854 0.0198593603277 0.00214698882683 0.0901645495696 0.0280929054018 0.0274173905121 0.0160515085762 0.0530863081634 0.0424224133177 0.0160628033708 0.0188535697109 0.0153171518737 0.00183150002584 0.00840226434396 -0.00468476534053 0.00453469258297 0.025022723021 
0.0337177594914 0.00964038616267 -0.0094475413887 0.00412271871486 0.0606525006781 0.0382495634604 0.00338234763586 -0.0115292913424 0.0143765943852 0.0104495940016 0.0410879203458 -0.00461518064815 0.0255576376656 0.0228238824744 0.504807518634 0.0149567244818 0.00587012919341 0.00996546163495 0.019926099846 0.108497815084 0.0121528133394 0.015822878743 0.0897887133162 0.00271748888176 0.011524255083 0.018772628976 0.0260993627359 -0.00751682019027 0.0169911401229 0.00201701095379 0.0274854067798 0.0329884036509 0.00945683590469 0.0208658302793 0.0230014872 0.00804053086727 0.0203257862595 -0.00929881773579 0.0610119299462 0.0646209480399 
-0.00204747907221 0.00249292358317 0.00840457338637 -0.00131877755354 -0.00244642723872 0.00540053555449 0.0112406010833 0.010683870539 0.0260592401461 -0.0127977223377 0.0125605426899 0.00143384430488 0.0102747596035 0.0242233525434 0.0149567244818 0.219974818045 0.000723705641628 0.00718256472885 0.0174149619098 -0.00299633883146 0.0113910390913 0.00634292686833 0.00129417292675 -0.0022008868489 0.00453296847233 0.00369814811432 0.00930320914719 0.0100935163298 0.00983259376579 -0.0045437886874 0.0103284215474 0.00692246990656 0.00163769558372 0.00443620724905 0.0228762693242 0.0295540929864 0.0053359103475 0.0124990542181 -0.00822811099852 0.0103906457205 
0.0145103361287 0.01593440574 0.00623171023176 -0.00194274582175 0.00567685554669 0.00961709319796 0.0117310760351 0.00550008922952 0.0160264867955 0.0217951422106 0.00127618992151 -0.00303467612632 -0.00172076907827 0.0134621049575 0.00587012919341 0.000723705641624 0.220594347021 0.004493259437 0.00605629964855 0.0159537036422 0.0474574921134 0.0263562012343 0.00915266189979 0.00886753181982 0.0217707941311 -0.00323218709445 0.0146431149293 0.00678099065123 0.00404979854844 -0.000738920656757 0.0155316752928 -0.00184210783108 0.00102793236368 0.0191564008556 0.00619855563886 0.0176856093714 0.00654923447708 -0.00501230780113 0.00964310579292 0.0201395838558 
0.0444784898377 0.00965177919712 0.00740705413142 0.0127219319465 -0.00863771588777 0.0149593796781 0.00648695915267 0.0262155218678 0.0223674656496 0.0568850350064 0.0122330023504 -0.0149115730958 -0.0094031253791 0.0371050419763 0.00996546163495 0.00718256472885 0.004493259437 0.535114275262 0.0224619691047 0.0477700516761 0.0167889373318 0.0215047715574 0.0166532284297 0.0382885802807 0.0154602236175 0.00365251140466 0.0467645526289 0.025157141176 0.00583027372375 0.100873133477 0.0269336914977 0.0225259217091 0.0171565786185 0.0806305509631 0.110698316397 0.0304348405301 0.0308478533487 -0.018089616385 -0.00121860528674 0.0401877892236 
0.0227659728256 0.0131594332505 0.0130389101129 0.0187154627107 -0.00609883602661 0.00838093277251 0.0314432321883 0.0168320271459 0.00800399733109 0.0209913402341 0.0300760814219 -0.00946995680483 -0.00124526983531 0.02337981422 0.019926099846 0.0174149619098 0.00605629964855 0.0224619691047 0.462092014457 0.00857066725493 0.00394705422074 0.014714150987 0.0111127812679 -0.00201817722525 0.0278185414727 0.00912858430643 0.0237127813127 0.0223630243384 0.0178089473081 0.038231655599 0.020343167527 0.00639602359431 -0.00489662879133 -0.000342526156727 0.00665467562345 0.0162305985098 0.00978912978039 -0.00102248905795 0.00174734725661 0.0130746536069 
0.0334285150602 0.00597686892234 0.0115820289695 0.0106285001681 0.14204749536 0.0388341030147 -0.00101236294627 0.021012575751 0.0161879881828 0.0311553073998 0.0019976730406 -0.00299077853521 -0.00911200312985 0.018039529817 0.108497815084 -0.00299633883146 0.0159537036422 0.0477700516761 0.00857066725494 0.464037576679 0.023356805604 0.0505921502729 0.218581212395 0.000529647508214 0.0220520238783 0.0353920020872 0.00654903284482 0.0733236300594 -0.0122388237739 0.0344192670147 0.0273123075483 0.0370903080813 0.00517402548524 0.0533769657928 0.0841041329971 0.0186779501601 0.0448511989639 -0.0197629208676 0.104397977959 0.0424332858525 
-0.000220912924896 0.00508344450886 -0.000377922626071 0.0072701088743 0.0116972851108 0.00549887755596 -0.000458379073597 0.014868794426 0.0201129988468 0.00945453785152 0.00522238735037 -0.000276888702982 -0.00364441097663 0.0186814745168 0.0121528133394 0.0113910390913 0.0474574921134 0.0167889373318 0.00394705422074 0.023356805604 0.188684721681 0.00873345949755 0.0282723638089 0.00341510558128 0.0171370171142 -0.00449373404407 0.00426842061886 0.0157695781179 0.0150276455627 0.00608915972633 -0.00563961570923 0.0110152078647 0.00948939337106 0.00136486920625 0.00813132423249 0.00388374939162 0.00524392308193 -0.00103519563586 0.000956830621929 0.0145363396548 
-0.00755508601493 0.0276348314812 0.00300150130162 0.0257179703193 0.0266211351455 0.0493505148902 0.0102208299123 0.0112838629119 0.00386782681655 0.00203652140409 0.00164982877117 -0.00417685021362 0.022685379453 0.0390507264377 0.015822878743 0.00634292686833 0.0263562012343 0.0215047715574 0.014714150987 0.0505921502729 0.00873345949755 0.25491561383 0.0210700548115 0.0113043555255 0.016417665693 0.0158511731554 0.0141987063337 0.0331091522007 0.00681337138828 -0.00281682123538 0.0322167962967 0.00715028592086 0.00509778677143 -0.00522744201969 0.0112571989479 0.0172056546112 0.000980534078685 0.00235349045006 0.0192410598101 0.00984299043029 
0.0193822174449 -0.0051634700823 0.00436382087344 -0.00974719307378 0.0988574420512 0.0336036768474 0.00392329309086 0.0112629302225 0.000108840803718 0.040240572583 0.0103309350752 0.0114292356444 0.00431873838714 -0.0183618657258 0.0897887133162 0.00129417292675 0.00915266189979 0.0166532284297 0.0111127812679 0.218581212395 0.0282723638089 0.0210700548115 0.413861090138 -0.00895110542602 0.0194580317916 0.0178264724079 0.00610308794383 0.0102559619879 0.00134664601078 0.0248095170002 0.0198713767809 0.0177282621136 0.0173693761718 0.0294647922539 0.0343996266067 0.0019361419 0.0373643907093 -0.0206413103592 0.0904628945638 0.0495410981451 
0.0374990317963 -0.00326071004599 0.0218764242319 0.00477737427373 0.0057993453988 0.0228216271394 0.0209648691428 0.0145073787042 0.0122635339361 0.0072430144458 0.00318757337068 -0.0232913269713 0.0353938477556 0.0100651497854 0.00271748888176 -0.0022008868489 0.00886753181982 0.0382885802807 -0.00201817722525 0.000529647508214 0.00341510558128 0.0113043555255 -0.00895110542603 0.399927057934 0.00524563173511 0.0252992869874 0.0256128978388 0.00397247966575 0.00991978156952 0.00341176906091 0.0179124679946 -0.0046914864467 0.0253484502924 0.0187124483347 0.0162755591678 0.000640799893651 0.0115514006125 -0.0103604990266 0.0236171434044 0.017356398631 
0.0220131205754 0.0110125244221 0.0136561254955 0.0283685888207 0.0190298981572 0.0119086947419 0.0118367572002 0.000223681134887 0.0191811808276 0.0356156605515 0.00565590188542 -0.000570205670881 0.0316733089287 0.0198593603277 0.011524255083 0.00453296847233 0.0217707941311 0.0154602236175 0.0278185414727 0.0220520238783 0.0171370171142 0.016417665693 0.0194580317916 0.00524563173511 0.229458910614 0.0273012224105 0.029549788727 0.0187130168291 0.0107510106654 0.0381652400363 0.023795958288 0.000279170597075 0.0107875215054 0.0321539298804 0.0597051748922 0.0188079971221 0.0232074158928 -0.0177124901883 0.024979095693 0.0220481433443 
0.00673926605338 0.00133742240015 0.0143023358294 0.0722784037553 0.0288187226245 0.0252775964072 -0.000744390473423 -0.0123110672973 0.00167793210365 0.0211076981872 0.00902572715204 0.0142542353321 -0.00652329134155 0.00214698882683 0.018772628976 0.00369814811432 -0.00323218709445 0.00365251140466 0.00912858430643 0.0353920020872 -0.00449373404407 0.0158511731554 0.0178264724079 0.0252992869874 0.0273012224105 0.566569171089 0.0184564577486 0.0161925554263 0.00560289164024 -0.000433566256511 -0.00307269662945 0.0195357145146 -0.00132162152088 0.015103882765 0.0268080844708 0.0100799119625 0.0175245198419 -0.0162478550407 0.0339371324885 0.00454574233171 
0.0401095539583 0.0241112450182 0.0113817212338 0.142404805357 0.00752779088998 0.0235251680647 0.0332136481165 0.0366338659771 0.0286111719706 0.0345436858716 0.0252222696926 -0.0177484028775 0.0121856906158 0.0901645495696 0.0260993627359 0.00930320914719 0.0146431149293 0.0467645526289 0.0237127813127 0.00654903284482 0.00426842061886 0.0141987063337 0.00610308794383 0.0256128978388 0.029549788727 0.0184564577486 0.603949520877 0.0475004701228 0.0128857621505 0.0584495875278 0.0407014652389 0.0117660913603 0.0278058523463 0.0109815404974 0.0435212102437 0.0154690531798 0.0310624063774 -0.00174150572625 -0.00583245153439 0.0796846268642 
0.0176852154878 0.0270153190881 0.0168304224577 0.0289036635331 0.0134355751766 0.00862183312596 0.0417691874751 0.0359220846246 0.020749860682 0.0443762211221 0.0329863869371 0.00140067666552 0.0122109130594 0.0280929054018 -0.00751682019026 0.0100935163298 0.00678099065123 0.0251571411759 0.0223630243384 0.0733236300594 0.0157695781179 0.0331091522007 0.0102559619879 0.00397247966575 0.0187130168291 0.0161925554263 0.0475004701228 0.659710865475 0.0124075375503 -0.00154980796929 0.0284784288376 0.0108584418279 0.0156216489172 0.0293343472853 0.0520166197213 0.00471651455023 -0.00461649133267 -0.00293025798527 0.0423788153022 0.0829747553525 
0.01177723828 0.0143099645782 0.0176153858332 0.0017255723514 0.0135555747633 0.0136954414356 0.0234141068364 0.0168052019286 0.00805044547369 0.0288346755286 0.00705310908919 -0.0102644711936 0.0277783401344 0.0274173905121 0.0169911401229 0.00983259376579 0.00404979854845 0.00583027372375 0.0178089473081 -0.0122388237739 0.0150276455627 0.00681337138827 0.00134664601078 0.00991978156952 0.0107510106654 0.00560289164024 0.0128857621505 0.0124075375503 0.177473798261 0.0244862928921 0.015517083719 0.00288426671024 0.0067830944009 0.00960897556853 0.00421797617574 0.0165973738799 0.0152076297557 0.00356689036105 -0.00587597728457 0.0274305547028 
0.0400507789918 0.0199340422893 0.0195988322879 -0.00144186336453 0.00398395742775 -0.0045395280789 0.0134887351718 0.0329337103503 0.00313515745225 0.0152069446046 0.0166223352072 0.014702522179 0.0157191568763 0.0160515085762 0.00201701095379 -0.0045437886874 -0.000738920656756 0.100873133477 0.038231655599 0.0344192670147 0.00608915972632 -0.00281682123538 0.0248095170002 0.00341176906091 0.0381652400363 -0.000433566256505 0.0584495875278 -0.00154980796929 0.0244862928921 0.467865448063 0.0267623080454 0.00896322424116 -0.000608462003152 0.0685492358209 0.0585250185202 0.0225676064652 0.0325651189693 -0.024793312735 -0.0104737124652 0.029243613676 
0.0300429697677 0.0542127669876 0.0205586105758 0.0237283664009 -0.000746588589714 0.0336266041994 0.0292688823433 0.0267153635741 0.0209483405773 0.0493199293273 0.0421795767773 -0.0186437286021 0.0143816124055 0.0530863081634 0.0274854067798 0.0103284215474 0.0155316752928 0.0269336914977 0.020343167527 0.0273123075483 -0.00563961570923 0.0322167962967 0.0198713767809 0.0179124679946 0.023795958288 -0.00307269662945 0.0407014652389 0.0284784288376 0.015517083719 0.0267623080454 0.292177250987 0.035232298722 0.0121555830036 0.0261604615316 0.0495500048229 0.0131358952927 0.0255546012173 -0.00850411317008 -0.00758004891742 0.0299433713016 
0.00321318466259 0.0147818574383 0.0273802569516 0.0158311167457 0.0212491249806 0.00657260483221 0.0241403594257 0.0172820924301 0.0216584389465 0.0122331883074 -0.0101161264847 -0.00690015074383 0.002765828843 0.0424224133177 0.0329884036509 0.00692246990656 -0.00184210783108 0.0225259217091 0.00639602359431 0.0370903080813 0.0110152078647 0.00715028592086 0.0177282621136 -0.0046914864467 0.000279170597075 0.0195357145146 0.0117660913603 0.0108584418279 0.00288426671024 0.00896322424116 0.035232298722 0.517271908825 0.0103529390551 0.0102762019741 0.0113845275709 0.03032174709 0.00489954437523 -0.0144689333436 -0.00275947738798 0.00555129964858 
0.0220930807288 0.0103152873521 0.0197908024149 0.0103712016563 0.006891645862 0.0101899452644 0.00851710516622 0.0299884018728 0.0101226625546 0.0176773986675 0.0048255859817 -0.0144708019924 0.00205828654673 0.0160628033708 0.00945683590469 0.00163769558372 0.00102793236368 0.0171565786185 -0.00489662879133 0.00517402548524 0.00948939337106 0.00509778677143 0.0173693761718 0.0253484502924 0.0107875215054 -0.00132162152088 0.0278058523463 0.0156216489172 0.0067830944009 -0.000608462003152 0.0121555830036 0.0103529390551 0.250678981249 0.0272756533885 -0.00988129046362 0.00937734218904 0.0131949386674 0.00544395338818 -0.00294013489061 0.0314103404019 
0.021565362973 0.0103445975336 0.0237690704588 0.00843399180707 0.0274250490147 0.0102846469853 0.0236738440401 0.0423286924114 0.0181197735808 0.0424465253772 0.00899559227955 -0.00595986563379 0.0132230354203 0.0188535697109 0.0208658302793 0.00443620724905 0.0191564008556 0.0806305509631 -0.000342526156727 0.0533769657928 0.00136486920625 -0.00522744201969 0.0294647922539 0.0187124483347 0.0321539298804 0.015103882765 0.0109815404974 0.0293343472853 0.00960897556853 0.0685492358209 0.0261604615316 0.0102762019741 0.0272756533885 0.400050644207 0.0909039641621 0.0314355733062 0.00314077930096 -0.00674606494342 0.0202556020691 0.0396930039264 
0.0363982459572 0.00939187207091 -0.00904066163765 0.027191545511 0.0287105769999 -0.00210733123424 0.000429318599059 0.0346859504435 0.018224457412 0.0390081835172 -0.00011126946346 -0.0151132501153 0.031599707379 0.0153171518737 0.0230014872 0.0228762693242 0.00619855563886 0.110698316397 0.00665467562345 0.0841041329971 0.00813132423249 0.0112571989479 0.0343996266067 0.0162755591678 0.0597051748922 0.0268080844708 0.0435212102437 0.0520166197213 0.00421797617574 0.0585250185202 0.0495500048229 0.0113845275709 -0.00988129046362 0.0909039641621 1.18112910514 0.0243303361175 0.0187628095507 -0.0233294078782 0.0164728494059 0.0470855305565 
0.017256580585 5.61420304557e-05 -0.00574391486763 0.0213541721545 0.0170100701528 0.00940896408708 0.0194129372299 0.0150341133561 0.0144548886096 0.018440231931 0.00624021665346 -0.00439475812254 0.00939111338194 0.00183150002584 0.00804053086727 0.0295540929864 0.0176856093714 0.0304348405301 0.0162305985098 0.0186779501601 0.00388374939163 0.0172056546112 0.0019361419 0.000640799893652 0.0188079971221 0.0100799119625 0.0154690531798 0.00471651455023 0.0165973738799 0.0225676064652 0.0131358952927 0.03032174709 0.00937734218904 0.0314355733062 0.0243303361175 0.20884959686 0.0137113192163 0.000249930279059 -0.00180845217237 0.0237115739089 
0.0329059139446 0.0151758265018 0.0134672646939 0.0084024769434 0.0315401314204 0.00493505977692 0.00835750074641 0.0229111269128 0.0272576717902 0.0392344353612 0.0173660429236 -0.00573928646971 0.00804015418602 0.00840226434396 0.0203257862595 0.0053359103475 0.00654923447708 0.0308478533487 0.00978912978039 0.0448511989639 0.00524392308193 0.000980534078685 0.0373643907093 0.0115514006125 0.0232074158928 0.0175245198419 0.0310624063774 -0.00461649133267 0.0152076297557 0.0325651189693 0.0255546012173 0.00489954437523 0.0131949386674 0.00314077930096 0.0187628095507 0.0137113192163 0.231192110671 -0.0131705832423 0.00506371614958 0.0290141698483 
-0.0147277711616 -0.00984164140975 0.00230355752252 -0.0154468720225 -0.0110127215129 0.000695148098729 -0.00152902498045 0.0073971871845 0.0117710343173 -0.0197594318059 0.000549917429873 -0.01176938157 -0.0125863229741 -0.00468476534053 -0.00929881773579 0.0124990542181 -0.00501230780113 -0.018089616385 -0.00102248905795 -0.0197629208676 -0.00103519563586 0.00235349045006 -0.0206413103592 -0.0103604990266 -0.0177124901883 -0.0162478550407 -0.00174150572625 -0.00293025798527 0.00356689036105 -0.024793312735 -0.00850411317008 -0.0144689333436 0.00544395338818 -0.00674606494342 -0.0233294078782 0.000249930279059 -0.0131705832423 4.09517792754 -0.013463699546 -0.00768148171771 
0.0174751271468 -0.00969751303784 0.00714884779393 0.00772046607072 0.103564345508 0.0358821070505 0.00322307071686 0.00292211338416 -0.00388647099441 0.0105066008124 0.00198656415307 -0.00153659386751 0.0151839580489 0.00453469258297 0.0610119299462 -0.00822811099852 0.00964310579292 -0.00121860528674 0.00174734725661 0.104397977959 0.000956830621931 0.0192410598101 0.0904628945638 0.0236171434044 0.024979095693 0.0339371324885 -0.00583245153438 0.0423788153022 -0.00587597728457 -0.0104737124652 -0.00758004891741 -0.00275947738798 -0.00294013489061 0.0202556020691 0.0164728494059 -0.00180845217237 0.00506371614958 -0.013463699546 0.330423536706 0.0188836050484 
0.0192308684319 0.00698977327241 0.0176966294216 0.0283810006674 0.0398616538524 0.00876180308363 0.0157722559204 0.047308713727 0.0364496690186 0.0525709991032 0.023845977236 -0.0161877419055 0.00808801901858 0.025022723021 0.0646209480399 0.0103906457205 0.0201395838558 0.0401877892236 0.0130746536069 0.0424332858525 0.0145363396548 0.00984299043029 0.0495410981451 0.017356398631 0.0220481433443 0.00454574233171 0.0796846268642 0.0829747553525 0.0274305547028 0.029243613676 0.0299433713016 0.00555129964858 0.0314103404019 0.0396930039264 0.0470855305565 0.0237115739089 0.0290141698483 -0.00768148171771 0.0188836050484 0.458971609852 

['FDX', 'ZION', 'CTL', 'NAV', 'APA', 'D', 'SGP', 'BBBY', 'ABK', 'IR', 'VFC', 'KMI', 'ACV', 'CFC', 'NEM', 'TAP', 'CCE', 'XLNX', 'BMY', 'RDC', 'PBG', 'EXC', 'BHI', 'PAYX', 'HON', 'DYN', 'CC', 'TIF', 'PG', 'NVLS', 'STT', 'SNA', 'AT', 'TXN', 'JDSU', 'IFF', 'AVY', 'RSH', 'MUR', 'FLR']