30
0.0128714932266 0.0265193363437 0.166074759161 0.0988670942005 0.0418020448473 0.153319254475 0.185879968849 0.22311845274 0.104005811155 0.0538734886168 0.0592302274211 0.0664901393557 0.0335830315084 0.0278380444533 0.0522861094618 0.0399774891594 0.067654701563 0.0290232005544 0.0449680709256 0.0784336943662 0.0612619406497 0.0582377086348 0.199130076205 0.0700025840065 0.0429032651101 0.0291248595558 0.0540864966038 0.0412963652708 0.026407260569 0.136312174374 
0.229030790851 0.0169668868122 0.00441557857101 -0.000117576381816 -0.000707753392678 0.0116270290766 0.011985589791 -0.00130768821224 0.00488218910906 -0.00040625352559 -0.000411216125265 -0.00469670826152 0.0119790813896 0.0102416703773 -0.00548855531306 0.00298766097596 0.0137231734074 0.00120570531082 0.00771668703838 0.00456423229916 0.0113519467741 0.0175948396599 0.00167985771459 0.00446755393296 0.00048874003757 0.0198113297031 0.00936759762812 -0.00243872449022 0.0091060591603 0.00261285416225 
0.0169668868122 0.212533007753 0.0231932829125 0.0227394050296 0.00484666619449 0.018051825658 0.0145584291653 0.0117884659271 0.0192289764754 0.0295606456322 0.00576156915255 0.00626358361298 0.0122460875765 0.000827866876617 0.033682828367 -0.00569940031325 0.00582273915962 0.0136035465215 0.0102920490531 0.00805616797258 0.0252969908708 0.0364820499179 0.0114085557445 0.0136144777976 0.021919550035 0.0184307532488 0.0161485611868 -0.002958896225 0.0239409382269 -0.00428262203565 
0.00441557857101 0.0231932829125 0.467237991983 0.0504610078708 0.0393179029904 0.0298157744436 0.206428806717 0.0517978808816 0.0381930160778 0.0409928291478 0.0188488064407 0.0357424700673 0.00755575236058 0.0214029860195 0.0492675761622 -0.00933670240466 0.00555730555319 0.0236003721334 0.0266984246871 -0.000608073124553 0.020995588732 0.00987472674284 0.165071766117 0.029951980146 0.0471040089726 0.0543614782623 0.0275258170536 0.00401862657876 0.0327962107868 -0.0236631801993 
-0.000117576381817 0.0227394050296 0.0504610078708 0.482512660958 0.0483993459331 0.0384202639054 0.0535344475667 0.0792831249098 0.0508211986804 0.0393269902356 0.0307094130231 0.0333590767393 0.0859461034801 0.0153626247957 0.0433397330001 -0.00490351844639 0.00977408261033 0.00625859456498 0.0117369956752 0.045759508681 0.0564549537001 0.00287218757067 0.0748516436785 0.01682622042 0.0493706552949 0.031259640071 0.0124115666547 0.00022701175204 0.016037822894 0.0365038705171 
-0.000707753392679 0.00484666619449 0.0393179029904 0.0483993459331 0.254374191917 0.0297611533581 0.0514470756685 0.0113628331747 0.0556052687216 0.0283292898232 0.0194167237274 0.0353786780711 0.0222839524754 0.00617060764816 0.0480922701056 0.00198447632642 0.0171230868395 0.0213557990654 0.0292338888515 0.00765816706225 0.0256845730508 0.0163905545606 0.0364395439097 0.00563399875989 0.0141267765271 0.0120083249588 0.00644867206903 0.0120095043066 0.0305763273757 -0.000880561703369 
0.0116270290766 0.018051825658 0.0298157744436 0.0384202639054 0.0297611533581 0.616092724102 0.0354304100033 0.0862941026652 0.0872151084385 0.0350221800264 0.0120358481253 0.0970225006672 0.0251155919212 0.0139080415349 0.0543542072285 -0.00338940380216 0.017003719766 0.0190516547246 0.00844720168455 0.0111436905366 0.0185035870557 0.0301677001385 0.0521920977019 0.0437300416989 0.0303464622429 0.00961265516712 0.0485148575294 -0.000405122725967 0.03089635914 -0.0184463625598 
0.011985589791 0.0145584291653 0.206428806717 0.0535344475667 0.0514470756685 0.0354304100033 0.620020274245 0.0394510317619 -0.00240776102672 0.0245402272271 0.0197793465152 0.0293780189338 0.0383685101659 0.00362773900351 0.0408268243415 -0.00319140908105 0.0224476708977 0.0269632655904 0.0289179979058 0.0203331738455 0.0231852980424 0.0144184794094 0.138012164531 0.00886870853118 0.0508267713115 0.00994471666849 0.0293850950731 0.0326434542473 0.0396306721713 -0.0171595778354 
-0.00130768821224 0.0117884659271 0.0517978808816 0.0792831249098 0.0113628331747 0.0862941026652 0.0394510317619 0.905241009752 0.0549207936142 0.0323492729532 0.0218597366795 0.0132125115481 0.106757485932 -0.00661365072724 0.0239278452026 0.00790076584948 0.00439629087155 0.0204855430872 0.0175693665519 0.0162657547488 0.100802536558 0.059898846618 0.0211630501138 -0.0145110747859 0.055975697432 0.0110128843584 0.0162818736444 0.0133259587197 0.00941683568922 -0.00782681421236 
0.00488218910906 0.0192289764754 0.0381930160778 0.0508211986804 0.0556052687216 0.0872151084385 -0.00240776102672 0.0549207936142 0.527043523911 0.0181867674626 0.0151569123766 0.0529347980274 0.030936498127 0.00477405663036 0.0551724274449 -0.00580775097733 0.0138651463597 0.00742873142208 0.0237051209673 0.0224751181197 0.0206292377636 0.0274019610243 0.016075458459 0.0166243257386 0.023257917294 0.00797600675665 0.00175997635929 0.0228989566446 0.0177423250752 -0.0136047787113 
-0.00040625352559 0.0295606456322 0.0409928291478 0.0393269902356 0.0283292898232 0.0350221800264 0.0245402272271 0.0323492729532 0.0181867674626 0.384223511585 0.0236646712963 0.0294320473269 0.0296672736636 0.0115596718007 0.0473349199554 -0.00399433898384 0.00523754508975 0.0248219242484 0.0153691382708 -0.00963070660864 0.0215012950729 0.00188213814142 0.0221893708296 0.00188399719027 0.0291425125238 0.000122912178636 7.48633309977e-05 0.00699391328847 0.0205776227099 -0.0185313304611 
-0.000411216125265 0.00576156915255 0.0188488064407 0.0307094130231 0.0194167237274 0.0120358481253 0.0197793465152 0.0218597366795 0.0151569123766 0.0236646712963 0.345280343345 0.0304515868422 0.0233097859294 0.0101377190183 0.0147572753961 -0.00294847074307 0.0155303261114 0.0271176457679 0.0231177528969 0.0291462683637 0.0157483117975 0.00380900468186 0.0362232741005 0.0177597075971 0.0214250045967 0.0142707601297 0.0207424721952 0.00929387580899 0.0286349720262 -0.00258866195464 
-0.00469670826152 0.00626358361298 0.0357424700673 0.0333590767393 0.0353786780711 0.0970225006672 0.0293780189338 0.0132125115481 0.0529347980274 0.0294320473269 0.0304515868422 0.363144566721 0.0199210130985 0.0168434321145 0.0344674267616 0.0155358801022 0.0228583666183 0.0284889394488 0.035894609609 0.0330475083832 0.0117117973064 0.0129928952096 0.0252471391585 0.0136017154347 0.0284976137086 0.0158313887582 0.033878488883 0.0325656713504 0.0532075564349 -0.00868187109177 
0.0119790813896 0.0122460875765 0.00755575236058 0.0859461034801 0.0222839524754 0.0251155919212 0.0383685101659 0.106757485932 0.030936498127 0.0296672736636 0.0233097859294 0.0199210130985 0.28570428807 -0.000520391025501 0.0240473481475 -0.00978421694517 0.00858621731202 0.00605477787316 0.00466556633971 0.00785200403219 0.0500237005659 0.00200404199197 0.0168535746864 0.0173988948812 0.0145076081201 0.00295819635429 0.0162334861693 0.00146717755037 0.0161531576021 -0.0131273980853 
0.0102416703773 0.000827866876617 0.0214029860195 0.0153626247957 0.00617060764816 0.0139080415349 0.00362773900351 -0.00661365072724 0.00477405663036 0.0115596718007 0.0101377190183 0.0168434321145 -0.000520391025501 0.18950971888 0.00825043937663 0.00861703779023 0.0138467995875 0.0134168231653 0.00465911761064 0.0186160599203 0.0116516746733 0.0204695450485 0.0107477014314 0.00563199152508 0.00115819306478 0.0218756858577 0.0193306616148 0.00545595306627 0.0210125394517 -0.00606715161024 
-0.00548855531306 0.033682828367 0.0492675761622 0.0433397330001 0.0480922701056 0.0543542072285 0.0408268243415 0.0239278452026 0.0551724274449 0.0473349199554 0.0147572753961 0.0344674267616 0.0240473481475 0.00825043937663 0.314431288435 -0.00521967086536 0.00814299187456 0.00483070779347 0.0169334124877 0.008266163089 0.0119514116557 0.0234501004659 0.0376722063985 -0.00436549127246 0.0388552101611 0.00368086585544 -0.00239150465789 0.0180491224326 0.0266701914622 -0.0144412241271 
0.00298766097596 -0.00569940031325 -0.00933670240466 -0.00490351844639 0.00198447632642 -0.00338940380217 -0.00319140908105 0.00790076584948 -0.00580775097734 -0.00399433898384 -0.00294847074307 0.0155358801022 -0.00978421694517 0.00861703779023 -0.00521967086536 0.426011337886 0.143128446673 0.00555145708328 0.0164258154258 0.0221510594357 0.0103532607379 0.0137011729781 -0.00685055132601 0.00168633252378 0.00554319360656 -0.00938410248818 0.0176729889632 0.0143412802659 0.01280817014 0.00365414494131 
0.0137231734074 0.00582273915962 0.00555730555319 0.00977408261033 0.0171230868395 0.017003719766 0.0224476708977 0.00439629087156 0.0138651463597 0.00523754508975 0.0155303261114 0.0228583666183 0.00858621731202 0.0138467995875 0.00814299187456 0.143128446673 0.35472057009 0.02586686813 0.00809139818774 -0.00194489720284 0.00862740540164 0.0120233280437 0.0127079959077 0.0240121195238 -0.00370418223285 0.00656759473035 0.0153950414547 0.0621810683474 0.0353510377687 -0.00705801029046 
0.00120570531082 0.0136035465215 0.0236003721334 0.00625859456498 0.0213557990654 0.0190516547246 0.0269632655904 0.0204855430872 0.00742873142208 0.0248219242484 0.0271176457679 0.0284889394488 0.00605477787316 0.0134168231653 0.00483070779347 0.00555145708328 0.02586686813 0.256257990344 0.00619698951345 -0.000241287425534 0.0103287349769 0.00831612491521 0.0252658791385 0.00465107486829 0.0226301997238 0.0147316575626 0.0198313840252 0.013102838586 0.0271890187051 -0.0165262152664 
0.00771668703838 0.0102920490531 0.0266984246871 0.0117369956752 0.0292338888515 0.00844720168455 0.0289179979058 0.0175693665519 0.0237051209673 0.0153691382708 0.0231177528969 0.035894609609 0.00466556633971 0.00465911761064 0.0169334124877 0.0164258154258 0.00809139818774 0.00619698951345 0.193374206818 0.0199838973975 0.00839169564504 0.0256499046678 0.0119632620232 0.0117150785411 0.0517205149811 0.00691870446374 0.00980660874923 0.01608280043 0.0196021758485 0.0113586196015 
0.00456423229916 0.00805616797258 -0.000608073124553 0.045759508681 0.00765816706225 0.0111436905366 0.0203331738455 0.0162657547488 0.0224751181197 -0.00963070660864 0.0291462683637 0.0330475083832 0.00785200403219 0.0186160599203 0.008266163089 0.0221510594357 -0.00194489720284 -0.000241287425534 0.0199838973975 0.370493052413 0.0163296192835 0.022106530325 0.00936385589476 0.0167305122284 0.0273316495649 0.0147467413763 0.0120894528678 0.0216915367883 0.0153352346996 0.0280573795423 
0.0113519467741 0.0252969908708 0.020995588732 0.0564549537001 0.0256845730508 0.0185035870557 0.0231852980424 0.100802536558 0.0206292377636 0.0215012950729 0.0157483117975 0.0117117973064 0.0500237005659 0.0116516746733 0.0119514116557 0.0103532607379 0.00862740540164 0.0103287349769 0.00839169564504 0.0163296192835 0.355578631814 0.0069756449063 0.00446086057276 0.00971234400608 0.0117167112238 0.00341579366182 0.0248729986286 0.0133443038497 0.00775603493931 0.00276936076248 
0.0175948396599 0.0364820499179 0.00987472674284 0.00287218757067 0.0163905545606 0.0301677001385 0.0144184794094 0.059898846618 0.0274019610243 0.00188213814142 0.00380900468186 0.0129928952096 0.00200404199197 0.0204695450485 0.0234501004659 0.0137011729781 0.0120233280437 0.00831612491521 0.0256499046678 0.022106530325 0.0069756449063 0.462665779311 0.00791116378527 -0.00131633851 0.0132350107776 0.00856138598253 -0.0093649995309 0.0120569360184 0.0191071377509 -0.0137645229168 
0.00167985771459 0.0114085557446 0.165071766117 0.0748516436785 0.0364395439097 0.0521920977019 0.138012164531 0.0211630501138 0.016075458459 0.0221893708296 0.0362232741005 0.0252471391585 0.0168535746864 0.0107477014314 0.0376722063985 -0.00685055132601 0.0127079959077 0.0252658791385 0.0119632620232 0.00936385589476 0.00446086057276 0.00791116378527 0.605479256998 0.00678791748947 0.0232320530261 0.0238416063359 0.0236030434204 0.00972664932114 0.0176576109458 -0.0232444363688 
0.00446755393296 0.0136144777976 0.029951980146 0.01682622042 0.00563399875989 0.0437300416989 0.00886870853118 -0.0145110747859 0.0166243257386 0.00188399719027 0.0177597075971 0.0136017154347 0.0173988948812 0.00563199152508 -0.00436549127246 0.00168633252378 0.0240121195238 0.00465107486829 0.0117150785411 0.0167305122284 0.00971234400608 -0.00131633851 0.00678791748947 0.32830754244 0.0159990454165 0.0227219321457 0.0127030295954 0.00508142233188 0.0146666305419 -0.0303721541032 
0.00048874003757 0.021919550035 0.0471040089726 0.0493706552949 0.0141267765271 0.0303464622429 0.0508267713115 0.055975697432 0.023257917294 0.0291425125238 0.0214250045967 0.0284976137086 0.0145076081201 0.00115819306478 0.0388552101611 0.00554319360656 -0.00370418223285 0.0226301997238 0.0517205149811 0.0273316495649 0.0117167112238 0.0132350107776 0.0232320530261 0.0159990454165 0.274335266383 0.00895434093156 0.0219809310061 0.0069525391369 0.0203536503533 -0.0076425068244 
0.0198113297031 0.0184307532488 0.0543614782623 0.031259640071 0.0120083249588 0.00961265516712 0.00994471666849 0.0110128843584 0.00797600675665 0.000122912178636 0.0142707601297 0.0158313887582 0.00295819635429 0.0218756858577 0.00368086585544 -0.00938410248818 0.00656759473035 0.0147316575626 0.00691870446374 0.0147467413763 0.00341579366182 0.00856138598253 0.0238416063359 0.0227219321457 0.00895434093156 0.244919833985 0.00963536192991 0.00669676528587 0.0150032804128 -0.0166772426363 
0.00936759762812 0.0161485611868 0.0275258170536 0.0124115666547 0.00644867206903 0.0485148575294 0.0293850950731 0.0162818736444 0.00175997635929 7.48633309977e-05 0.0207424721952 0.033878488883 0.0162334861693 0.0193306616148 -0.00239150465789 0.0176729889632 0.0153950414547 0.0198313840252 0.00980660874923 0.0120894528678 0.0248729986286 -0.0093649995309 0.0236030434204 0.0127030295954 0.0219809310061 0.00963536192991 0.393215704974 0.00109981671391 0.0130423896762 -0.00973194324849 
-0.00243872449022 -0.002958896225 0.00401862657876 0.00022701175204 0.0120095043066 -0.000405122725968 0.0326434542473 0.0133259587197 0.0228989566446 0.00699391328847 0.00929387580899 0.0325656713504 0.00146717755037 0.00545595306627 0.0180491224326 0.0143412802659 0.0621810683474 0.013102838586 0.01608280043 0.0216915367883 0.0133443038497 0.0120569360184 0.00972664932114 0.00508142233188 0.0069525391369 0.00669676528587 0.00109981671391 0.243454917613 0.0126422251759 -0.00953238838789 
0.0091060591603 0.0239409382269 0.0327962107868 0.016037822894 0.0305763273757 0.03089635914 0.0396306721713 0.00941683568922 0.0177423250752 0.0205776227099 0.0286349720262 0.0532075564349 0.0161531576021 0.0210125394517 0.0266701914622 0.01280817014 0.0353510377687 0.0271890187051 0.0196021758485 0.0153352346996 0.00775603493931 0.0191071377509 0.0176576109458 0.0146666305419 0.0203536503533 0.0150032804128 0.0130423896762 0.0126422251759 0.209540444576 -0.00742905511512 
0.00261285416225 -0.00428262203565 -0.0236631801993 0.0365038705171 -0.000880561703369 -0.0184463625598 -0.0171595778354 -0.00782681421236 -0.0136047787113 -0.0185313304611 -0.00258866195464 -0.00868187109177 -0.0131273980853 -0.00606715161024 -0.0144412241271 0.00365414494131 -0.00705801029046 -0.0165262152664 0.0113586196015 0.0280573795423 0.00276936076248 -0.0137645229168 -0.0232444363688 -0.0303721541032 -0.0076425068244 -0.0166772426363 -0.00973194324848 -0.00953238838789 -0.00742905511512 1.94171464153 

['MDT', 'IFF', 'NUE', 'TER', 'GWW', 'CC', 'X', 'AMD', 'BBY', 'WHR', 'TSG', 'CFC', 'LLTC', 'CL', 'ASD', 'HCA', 'SWY', 'CB', 'LMT', 'MHS', 'QLGC', 'TSN', 'PD', 'MRK', 'COL', 'MSFT', 'GENZ', 'KR', 'NCC', 'KMI']