60
0.208286894217 0.123248136701 0.019144788815 0.026417897889 0.0255776045185 0.163811268696 0.0715007016099 0.0384738749472 0.0722101641432 0.0246645675501 0.0412963652708 0.039970875035 0.044344522835 0.0995242847704 0.0754225878746 0.0482651065397 0.0602494739115 0.0592302274211 0.0800378705657 0.0597278634654 0.0634276035435 0.0448250845436 0.00699576056141 0.0128714932266 0.0884893451388 0.0253746335001 0.0218855159469 0.0122123060087 0.0471087328402 0.0165000515881 0.0297343435849 0.0215013837744 0.0285995604788 0.026407260569 0.0441448787565 0.112290577846 0.0538205376978 0.105459344027 0.140066530531 0.0522861094618 0.0223482457603 0.0442487549982 0.0125275076286 0.0307440439862 0.0599327976672 0.0270000307956 0.0936563270582 0.0270240384822 0.0738036440579 0.0275926739743 0.0645874353538 0.0988670942005 0.0373994541978 0.0220144037379 0.0534443631468 0.114457978761 0.0395396308246 0.0184249616408 0.0486003975036 0.0870342926162 
1.32698362457 0.00857541570274 0.0155385814763 0.00536352713329 0.021117838909 -0.0333372515785 0.0074168204275 0.0224436801243 0.0212880160346 0.044831547057 -0.00269810781323 0.0107698806608 -0.000507580108636 0.0100175425804 0.0202018757921 0.0232225233822 0.0105902138147 0.00152661123617 0.000665011775435 -0.00239860023687 0.0107630061585 -0.00615895585721 0.0215607722871 -0.0243136571112 0.0411040616791 0.0140441800717 0.00534267668766 -0.00611903203596 -0.00250688619621 0.0129323834573 -0.00376775812764 0.0225486328252 0.0181462755486 0.0468774154712 0.0456142997423 -0.0215335624571 0.0629009364997 0.00781246271056 0.0374452691527 0.0012901304677 0.0432234894304 0.024617942449 -0.020787480644 0.0151565509758 0.0114590887268 0.0141832301009 0.125252442363 0.0100458363719 0.0104135507622 0.00177615325053 0.0098971364972 0.0365340946848 -0.0125263653992 -0.0109104801409 0.0157684945888 -0.0122716030819 0.0182923650533 0.020976680876 0.0271210829193 0.00359599794539 
0.00857541570274 0.464366612399 0.0193845402184 0.0121023402539 0.00258499454469 -0.00296178662783 -0.0022863830211 0.0284582175377 0.00390578155018 0.0142387593554 0.0227135558648 0.0250074564195 0.0360661978372 0.0344309067048 0.0398371325754 0.0303859516472 0.0229436541488 0.0305012986123 0.0151817569062 0.0743484170097 0.0280222960891 0.0121798824157 0.0209515295984 0.0135413685101 0.0390781285399 0.0256736557721 0.0108864127903 0.009093197456 0.0125697760314 0.012190376169 0.0115935036375 0.022352080413 -0.00533238715392 0.026674004852 0.0113462672313 0.0363937855029 0.0242020778625 0.0199254531438 0.0401183886418 0.0344945832281 0.0119923577004 0.00522524860178 0.0189399998854 0.034915953756 0.0345413896805 0.00469302751777 -0.0060655414245 0.00477072111624 0.0257697331132 -0.00122294111764 0.0139134043221 0.0361164745978 0.0226703342876 0.0225891359548 0.0132991705621 0.0444503699275 -0.000957041636597 0.0194302451199 0.0146680470637 0.0328720214973 
0.0155385814763 0.0193845402184 0.217243674397 0.0270835885922 0.0191709282553 -0.00680247419481 0.0144820088112 0.0163207070317 0.0207150469359 0.0132177782734 0.0141117533501 0.0145859216922 0.0259672211505 0.0110798780692 0.0261846279385 0.0112652905549 0.0466619950956 0.0144892699024 0.00272808446577 0.0144561311089 0.0167393101839 0.0433339841795 0.00749799771203 0.0186268822849 0.00765591816379 0.0303891535756 0.00591120238727 0.00970922838651 0.000971338762354 0.0116054784734 -0.00720594102311 0.0123967353833 0.0169349567886 0.029476459325 0.0317792798074 0.0179738439457 0.0234083930023 0.0211403865679 0.0247391112905 0.0184070183311 0.0231270138564 0.00710884772537 0.0116697555024 0.0292284266492 0.018956863181 0.0291624336697 0.00880861947429 0.020876221911 0.0395257231801 0.0141522093388 0.0219709125673 0.0183966160579 0.0365323200916 0.0045562967684 0.0246443116544 0.019816905995 0.0163728040066 0.0274377083545 0.0193524830893 0.0241123508097 
0.00536352713329 0.0121023402539 0.0270835885922 0.265772995167 0.0259705016328 0.000304365887243 0.0119878073948 0.00467589887971 0.0408385876193 0.00963522789668 0.00044146499189 0.0228914043024 0.0182786119202 0.0266132999082 0.00620271228634 0.00710226277548 0.0169295145079 0.0131944573832 0.0323533608689 0.0195547734567 0.0116999656586 0.0294617230686 0.00487308007745 0.011668189987 0.00394488506745 0.00551960855155 0.00131455221121 0.0110781007497 0.0142803466966 -0.00954444144895 0.00875443330539 0.00988645174247 0.0097497328853 0.0212685548837 0.0230674814745 0.0353821692577 0.00875161706898 0.0241557117215 0.0303841828698 0.0259801995021 0.0103087385472 0.00154758028155 0.014490188567 0.0303978215728 0.00958596759583 0.013632185261 -0.003109391225 0.0033501802897 0.0225624022477 0.00304416818596 0.0433369582079 0.0333952398505 0.0222071615204 0.00238298627683 0.0224237165732 0.0227313996424 0.0118112826259 0.0107678348794 -5.95094483732e-05 0.0313006099455 
0.021117838909 0.00258499454469 0.0191709282553 0.0259705016328 0.320386331115 0.000584222483082 0.0227536876858 -0.00732912567167 0.0111643528008 0.00872757598039 0.00983838799648 0.0105130493842 0.00293267316947 0.00875920886715 0.00922680070437 0.0124974441705 -0.00171703985164 0.00881449315644 0.00639491095411 0.00344073601494 0.0107709184411 0.0141374430803 -0.00133528950675 0.00178490007666 -0.00101424789795 0.0186598974964 0.016407866185 0.0158083979549 0.0185545836263 0.017530937438 0.0231145164689 0.0110645737214 0.019955239025 0.000513615120952 0.0241258947618 0.00385863178761 0.0193423016601 0.00846103278615 0.00398297005304 0.00977775830565 0.0104982910737 -0.00523909455133 0.0149330112042 0.016456028283 0.00217543513329 0.00826728288671 0.00602039961947 0.0139195676137 0.0231909192111 0.0121739199275 -0.00764452267582 0.0204952414415 -0.0015909085301 0.00133266330958 0.00818052634216 0.0119794103889 0.0219125998515 0.0231552157624 -0.00402173669022 -0.00364422962758 
-0.0333372515785 -0.00296178662783 -0.00680247419481 0.000304365887242 0.000584222483082 1.36877480661 0.00151942749802 0.019927422553 0.00709739390385 0.0134782830632 -0.0190781366107 -0.00466729912184 0.00501377792464 -0.00884689591608 -0.0070910689768 -0.00627366685763 -0.0237062845978 -0.00283627987399 0.0465367193519 -0.0345700253906 0.0142839003108 -0.00564326490979 -0.00330584243684 0.00475867955274 0.00334229092861 -0.00732121277386 -0.00688680580695 0.00590570371256 -0.00307978933152 -0.000672075537544 0.0150222647897 0.00827369485242 0.00894235569401 0.00584498574935 0.00743437614876 -0.00609540238104 0.0113204826399 0.00484271347083 -0.00182013168675 -0.0108910844611 0.00475840191516 0.00210196622686 -0.000943244635308 0.00340096319878 0.0316908957546 0.0107659649321 -0.0226561112842 0.0192019740878 0.00439864101314 0.00113804778538 -0.0263428962581 0.00290008465929 0.0023746610217 -0.00439876466019 0.00141145400025 -0.0136092386583 -0.00389493124991 0.0100693276456 0.000985877498162 -0.000620986280435 
0.0074168204275 -0.0022863830211 0.0144820088112 0.0119878073948 0.0227536876858 0.00151942749802 0.589953285794 0.0135247028252 0.00350063560815 0.00173078290763 0.00714230376259 0.00831432954212 0.0209955852303 0.00665647344817 0.0223481724227 -0.00530404743673 0.00664216805359 0.0149486424104 0.0144514123279 -0.0018073856672 0.000506999899469 0.00104099860668 0.0234353201071 0.0143580400908 0.019671294428 0.00784566837009 0.00347437418523 0.00908378229955 -0.012613337492 0.00974257940471 0.00534220241732 0.0169585552623 -0.00613699721291 0.0193495790923 0.0167554484672 0.0182825717948 0.00749431754853 0.0264024754893 -0.00276513806992 0.00983344274295 0.0127436430046 0.0169968739533 0.0142879563643 0.0135753691834 0.00886478553465 0.0104189097456 0.000169188621402 0.00948096445446 0.00759085877902 0.0188330035778 0.0127481211563 0.00843505884246 0.0068760661027 0.0192427783965 0.00393909692595 -0.0131510918974 -0.00686173238858 0.0170814593201 0.00277801118875 0.00216127961852 
0.0224436801243 0.0284582175377 0.0163207070317 0.00467589887971 -0.00732912567167 0.019927422553 0.0135247028252 0.228832423773 0.0124025228638 0.00700743472644 0.00113994629545 0.0137715941248 0.0214951969733 0.014559463884 0.00755308029792 0.00193837569532 -0.00117722458495 0.00344939317553 0.018802600565 0.0184439742613 0.0134870543156 0.00911203396896 0.00586581837405 -0.00352949848747 0.00745272975033 -0.00271963494624 -0.000847971874573 0.0197598740986 0.0112168840352 0.00739283055565 -0.00135240808531 0.00537443826611 0.0076412829159 0.0123249244139 0.0274014821798 0.0164826564544 0.0114300132449 0.0130571792463 -0.00224314397089 -0.000603370678443 0.0118045989853 0.00548857978768 0.00182925379738 0.0189088724864 0.0185009569812 0.0157107850902 -0.00100986131173 -0.0064256501467 0.0125745147227 -0.0107384572394 0.00576332023939 0.00672943512874 0.00663103563637 0.0139188695757 0.0311749486609 0.0213416628804 0.0248687039065 0.0136844291719 0.00567780396779 0.0151892637117 
0.0212880160346 0.00390578155018 0.0207150469359 0.0408385876193 0.0111643528008 0.00709739390385 0.00350063560815 0.0124025228638 0.296153728717 0.0113031951824 0.0087811396828 0.0185262651463 0.0289673251066 0.0272452755705 0.00506591213636 0.0184237656966 0.00805236703536 0.0181807395784 0.115971646761 0.0482127772456 0.0062628848696 0.0187875158826 -0.00291823749395 -0.0186634135359 0.0127666608739 0.0162000194555 0.00496972394435 0.0112873657394 0.0236241339562 0.013373553849 0.00901658074859 0.0216688398806 0.0193433443836 0.015264102336 0.0162219212825 0.0417637129334 0.0211902216719 0.0342372255514 0.0289321868663 0.0366664681186 0.0083622240948 0.0277287563523 0.00783129472936 0.0138036292742 0.00768838958827 0.0371086696765 0.0228229719857 0.0117495205336 0.0197369829203 -0.00210066213131 0.0338531704017 0.039428626796 0.012092201411 0.0141489283682 0.0147528475127 0.00521236468041 0.0181999981594 0.00950209969134 0.0164361934905 0.096030798622 
0.044831547057 0.0142387593553 0.0132177782734 0.00963522789668 0.00872757598039 0.0134782830632 0.00173078290763 0.00700743472644 0.0113031951824 0.150178376521 0.0071892104485 0.00695733655066 0.0148476902666 0.00235358918139 0.0144351334872 0.0237809613947 0.0138500672925 0.0189385673934 0.00158734427179 -0.0132307968833 0.0183058341573 0.0186509341644 0.0161972336705 0.0120525493959 0.0191447419558 0.00554588682694 0.00462031613768 0.00989482273065 0.0184317164872 0.0191759059074 0.00971806421977 0.0184524862184 0.0409777008737 0.0330111212289 0.03654096639 0.0118542170186 0.0422188066505 0.0312478572575 0.00503927039223 0.0151984683026 0.0298457038582 0.00475651593982 0.0170248131357 0.0258247842655 0.00654053182797 0.0158841247884 0.0128965244451 0.0296838471841 0.00343313492642 0.0106238174599 0.0121095327637 0.0120171737981 0.0176011257472 0.00839161888538 0.00807852776911 0.00236301593548 0.0122848471767 0.0574404925317 0.00703940025888 0.0201233700085 
-0.00269810781323 0.0227135558648 0.0141117533501 0.00044146499189 0.00983838799648 -0.0190781366107 0.00714230376259 0.00113994629545 0.0087811396828 0.0071892104485 0.245050164043 0.00733884615438 0.00947912954087 0.00141077344487 0.00691427695856 0.0157823214906 0.0122867360758 0.00790652687735 0.00111367941691 0.00153891535801 -0.0067540342468 0.0282265415388 0.0149255817229 -0.00383413931031 0.00698100535687 0.00242940822145 0.00728020202549 -0.00611704948819 0.0115088038421 0.0206868506361 0.00648778551276 0.014469415851 0.0121727405908 0.0121138812213 0.00614127408057 -0.00168596183569 0.0203791361304 0.00159395876097 0.00402851703949 0.0166173138147 0.018586306026 0.0220428713287 0.00469962670449 0.0217048608888 0.0139680093178 0.0142547108723 -0.00232768502588 0.0163046338349 0.0178887500026 0.00111747944375 0.00195514513259 0.00162098413272 0.0117891548588 0.0222092824687 -0.00544654291788 0.00789170810777 0.00286651835472 0.0159576590939 -0.00202352898867 0.00771954750253 
0.0107698806608 0.0250074564195 0.0145859216922 0.0228914043024 0.0105130493842 -0.00466729912184 0.00831432954212 0.0137715941248 0.0185262651463 0.00695733655066 0.00733884615438 0.184458578337 0.0349825201859 0.0199557720599 0.0213268158633 0.0139713256834 0.0221695022883 0.0124113928547 0.027858757452 0.0317456876675 0.0205216103521 0.0129632947875 0.00381232056724 0.00212070807078 0.00513787649653 0.0102048915444 0.00522043863641 0.0160916494222 0.00654025516962 0.000446328700369 -0.00290928543216 0.00964758488127 0.0256270928501 0.0222224434755 0.0331797402226 0.0137786747677 0.00532668836902 0.0259661620352 0.0351476836602 0.0386582273107 0.0049710387021 0.021455146217 0.00487312395254 0.0240547619818 0.0114479846223 0.0325774979418 0.022745715612 0.00949366541021 0.00511711561159 0.00301950397208 0.0120378671233 0.037102475601 0.0169695573359 0.00439201830693 0.0336077213018 0.0122503462073 0.0168173087748 0.0151549340764 0.0164901801341 0.0273778658795 
-0.000507580108636 0.0360661978372 0.0259672211505 0.0182786119202 0.00293267316947 0.00501377792464 0.0209955852303 0.0214951969733 0.0289673251066 0.0148476902666 0.00947912954087 0.0349825201859 0.192872445768 0.0267321401962 0.0184849311594 0.0195084515656 0.00628008645082 0.0150817325985 0.0380672693616 0.0299170441473 0.0261680621535 0.00947727845534 0.00240035665971 0.0169371716017 0.0267283929161 0.0257615963392 0.0108255960965 0.011670099988 0.0190498166279 0.0119718215077 0.0136234639637 0.0235546243604 0.0157277828708 0.0253111842463 0.0433420386396 0.0272516976268 0.0187207047374 0.0351507118783 0.0287692323567 0.0265066358387 0.0123522409772 0.00852163695382 0.0103802772308 0.0256698160607 0.0194884828855 0.0445014152638 0.0269271707817 0.0183485329685 0.025905262989 0.0186416715947 0.0159947855423 0.0444745639345 0.0299311869171 0.0168818943258 0.0111586106451 0.0248673159221 0.0189699687942 0.0241998475816 0.0159545521244 0.0455839296576 
0.0100175425804 0.0344309067048 0.0110798780692 0.0266132999082 0.00875920886715 -0.00884689591608 0.00665647344817 0.014559463884 0.0272452755705 0.00235358918139 0.00141077344487 0.0199557720599 0.0267321401962 0.418248907076 0.0137145088725 0.0106154282208 0.0102744226702 0.00924609923932 0.00917148358167 0.0187120238082 0.0229902088733 -0.00240099171438 0.0125079851339 -0.00252225313452 0.0176088027233 0.0152911191482 0.00760297527328 0.0186243996588 0.0703646827052 0.0240660976267 0.00366208719905 0.00928735054655 0.00122082859951 0.00484965229809 0.0194725514631 0.0938088860338 0.0201588487604 0.0077214240557 0.0117808486586 0.0147919737688 0.00203284659047 -0.00254063607515 0.00544194731735 0.0151375229895 0.000401645417698 0.0174988004384 0.0121344612579 -0.00146076579647 0.0159975293591 0.0233620150141 0.00657057764158 0.0299400999124 0.0162365139423 0.0214203831184 0.0187432548036 0.145885195201 0.00312778442106 0.0130992634828 0.0330309841889 0.0170092643028 
0.0202018757921 0.0398371325754 0.0261846279385 0.00620271228634 0.00922680070437 -0.0070910689768 0.0223481724227 0.00755308029792 0.00506591213636 0.0144351334872 0.00691427695856 0.0213268158633 0.0184849311594 0.0137145088725 0.485385771914 0.0103622607671 0.0114858873971 0.0218737434179 0.00971510411507 0.0322158489332 0.0209221842927 0.0158881185067 -0.000402744113875 0.0216147909588 0.033377453482 0.00750546578478 0.00766622285878 -0.0139176661779 0.00844097588357 -0.00312460525668 0.0106522052487 0.0214967415898 0.032311938739 0.0223974501266 0.0180819029882 -0.00953224159266 0.0507483525161 0.0156866569182 0.0228088158254 0.0235541361039 0.0258811088909 0.0347310858381 0.00684864916242 0.0252153089289 0.0187531596804 0.0175347028476 0.0131626853594 0.00389681689854 0.000298761749132 -0.00791898686643 -0.00395335050291 0.0266587088652 0.0229629226654 0.00282451500719 0.0347997911291 0.0146810431613 0.0108892598672 0.0071779336975 0.0216318474976 0.0215849147759 
0.0232225233822 0.0303859516472 0.0112652905549 0.00710226277548 0.0124974441705 -0.00627366685763 -0.00530404743673 0.00193837569532 0.0184237656966 0.0237809613947 0.0157823214906 0.0139713256834 0.0195084515656 0.0106154282208 0.0103622607671 0.29451009525 0.0502440314385 0.0180874709695 0.0184743712333 0.0195814658083 0.0315901025432 0.0170615573109 0.0078598194843 0.00286692594427 0.0291983592261 0.0228034684875 0.0221418613456 -0.00333367209655 0.00950067735094 0.00573082439631 0.0164985552532 0.0206763110243 0.0398569896422 0.00505979618326 0.0195943731448 0.0214295862292 0.00888118312913 0.0174838532841 0.0069302758991 0.0169927154225 0.000241252651803 0.0207313301215 0.0207975501304 0.0116917124611 0.00851220710739 0.0100487458618 -0.00665281054734 0.0108355657605 0.0175747937425 0.0156461603358 0.0190746184035 0.0524747699795 0.0202339809833 0.000590010137595 0.0332449391036 0.00663837094229 0.0455460415287 0.0174364576928 0.0111961565867 0.0189450984687 
0.0105902138147 0.0229436541488 0.0466619950956 0.0169295145079 -0.00171703985164 -0.0237062845978 0.00664216805359 -0.00117722458495 0.00805236703536 0.0138500672925 0.0122867360758 0.0221695022883 0.00628008645082 0.0102744226702 0.0114858873971 0.0502440314385 0.286629377391 0.0707502106335 0.00678706581775 0.0275215911915 0.0407007044371 0.0216390844456 0.0143842503942 0.0139901550683 0.00338177564851 0.0278995410365 0.0125572971323 0.00193906071615 -0.00182981852743 0.00757428517113 0.00607717616518 0.0115526468196 0.0291423464564 0.017483096166 0.0281231809956 0.0140602836481 0.00941619076946 0.0246156703609 0.0140391545338 0.0248095344736 0.00657786809907 0.0122930190979 0.018536361646 0.0177010360519 0.0190418033008 0.0184090744382 0.0307082984659 0.0150404493886 0.0180494116954 0.00567364624672 0.0231760519945 0.0136405019101 0.0257508533749 0.0193038452364 0.0200703136281 0.022869257073 0.0378823510425 0.00620607197618 0.00121764683658 0.0097661507267 
0.00152661123617 0.0305012986123 0.0144892699024 0.0131944573832 0.00881449315644 -0.00283627987399 0.0149486424104 0.00344939317553 0.0181807395784 0.0189385673934 0.00790652687735 0.0124113928547 0.0150817325985 0.00924609923932 0.0218737434179 0.0180874709695 0.0707502106335 0.330845947837 0.0222323732267 0.00597254350464 0.0345134143998 0.0117441457699 0.00635144102866 -0.00394617313832 0.00950832511362 0.0191365913087 0.00501292013063 -0.00651480728516 0.00474930209552 0.0108870047757 0.00998308753875 0.0297981883851 0.0145558448871 0.0223824835466 0.0307941063592 0.00272441827698 0.016312026891 0.0140137539951 0.0244254553888 0.00688837526034 0.00863674011359 0.00338753631818 0.0130567792303 0.0216035385945 0.00848125368599 0.016174912964 0.000611074823909 0.00994539424194 0.000190058892363 0.0262999161026 0.000970312446946 0.0267579980518 0.037713653924 0.00145761628425 0.0145700387296 0.00759666981016 0.00824734704064 0.0196464324732 0.034277220253 0.0207254013743 
0.000665011775435 0.0151817569062 0.00272808446577 0.0323533608689 0.00639491095411 0.0465367193519 0.0144514123279 0.018802600565 0.115971646761 0.00158734427178 0.00111367941691 0.027858757452 0.0380672693616 0.00917148358167 0.00971510411507 0.0184743712333 0.00678706581775 0.0222323732267 0.327886479016 0.036761133381 0.00191948299259 0.0158377517409 -0.0025755306759 -0.0152363064074 0.0288058528251 0.0197900413913 0.0038138237769 0.00581132660277 0.0109255061489 0.00706814688167 -0.00776157245433 0.0211968279742 0.00425719761843 0.00509011693985 0.0189449564673 0.0163445447062 0.0185969749339 0.0272942884762 0.0283503347883 0.00353514783605 0.00576742726023 0.00996634582991 0.0215771615878 0.0100333979655 0.0029233098777 0.0258727173475 0.0311317225433 0.00762294335024 0.0325478182192 -0.00220256725552 0.019198088173 0.037973443892 -0.00252463436558 0.00226850823641 0.0259013376627 -0.00905668920229 0.00153961361246 0.0135917781431 0.0332678291432 0.129655863164 
-0.00239860023687 0.0743484170097 0.0144561311089 0.0195547734567 0.00344073601495 -0.0345700253906 -0.0018073856672 0.0184439742613 0.0482127772456 -0.0132307968833 0.00153891535801 0.0317456876675 0.0299170441473 0.0187120238082 0.0322158489332 0.0195814658083 0.0275215911915 0.00597254350464 0.036761133381 0.379406091226 0.0321230902738 0.00415516754409 0.00441268067079 0.00962008885118 0.0225191317678 0.0141392814274 0.00166412813596 0.0127532358992 0.0131832987951 0.00803838567783 -0.00552310317771 0.0181129125104 0.014807659301 -0.00560213351293 0.0192409128605 0.0396807297721 0.0188212210156 0.00162521002932 0.00310053251384 0.0676972314335 -0.013768500465 -0.00132291590087 0.00810501083284 0.00676017224811 0.0124991653203 0.0319871686587 0.019380369123 0.00327934135863 0.0204816233983 0.00407420331536 0.0292125944374 0.0233526528362 0.024668940019 0.00659410446517 0.0765269085677 0.0179376361137 0.0109587759733 -0.00937721931354 0.00922325081665 0.032937249628 
0.0107630061585 0.0280222960891 0.0167393101839 0.0116999656586 0.0107709184411 0.0142839003108 0.000506999899469 0.0134870543156 0.0062628848696 0.0183058341573 -0.0067540342468 0.0205216103521 0.0261680621535 0.0229902088733 0.0209221842927 0.0315901025432 0.0407007044371 0.0345134143998 0.00191948299259 0.0321230902738 0.370526521857 0.0142174239356 0.00623792438374 0.0116184175241 0.0104984981688 0.00865482633923 0.0113135876826 0.0186387778744 0.0330429100529 -0.00434037658247 0.0117275249669 0.01095289842 0.0104385853703 0.0142436451893 0.0297101035359 0.0859052342451 0.0178808752868 0.00232577699029 0.050612845925 0.0314039879108 0.00381889849181 0.0194742439684 0.0314071056099 0.0221220166391 0.0102419213773 0.0214732623622 0.0381125511991 0.00845982865197 0.0262180632235 0.0108820674797 0.0178374467969 0.0615017399515 -0.000219990193814 0.0106914227481 0.018234061264 0.0375608308905 0.00174623732848 0.0205926286828 0.00764327880355 0.0060442464379 
-0.00615895585721 0.0121798824157 0.0433339841794 0.0294617230686 0.0141374430803 -0.00564326490979 0.00104099860668 0.00911203396896 0.0187875158826 0.0186509341644 0.0282265415388 0.0129632947875 0.00947727845534 -0.00240099171438 0.0158881185067 0.0170615573109 0.0216390844456 0.0117441457699 0.0158377517409 0.00415516754409 0.0142174239356 0.235548228745 0.0111017236369 0.0123388011745 0.017623437758 -0.00360240433354 0.0196902901324 0.000287432902736 -0.00900338614176 0.0120602763161 0.0154841405319 0.0117427656586 0.0329869055523 0.0226611701157 0.0285730441235 0.0124497813 0.0317885632139 0.032143879456 0.00852313888002 0.0187731305203 0.0200486751018 0.00721927878769 0.0166518918573 0.0205981960266 0.0113478473385 0.0141050986709 0.0112570250349 0.0273736852361 0.0167620244254 0.00918431585078 0.0436725607707 0.0104192588263 0.0283091194117 -0.00261831423969 0.0187373324022 -0.00574775504925 0.0303231595308 0.0164618334895 0.0186348332361 0.0149771990171 
0.0215607722871 0.0209515295984 0.00749799771203 0.00487308007745 -0.00133528950675 -0.00330584243684 0.0234353201071 0.00586581837405 -0.00291823749395 0.0161972336705 0.0149255817229 0.00381232056724 0.00240035665971 0.0125079851339 -0.000402744113875 0.0078598194843 0.0143842503942 0.00635144102866 -0.0025755306759 0.00441268067079 0.00623792438374 0.0111017236369 0.139381910623 0.0150329108111 -0.00109876599483 -0.000591966146087 0.0151310955913 0.0100292686287 0.0148111058448 0.0490759742158 0.0124324361194 0.00540648785783 0.000904137874936 0.0221706044214 0.0096666971533 0.00986614673101 0.0108784215713 0.00577764810125 0.00587341250547 0.00779826532674 0.02310016407 0.0224095587831 0.00154019279965 0.00986049412856 -0.000359640050223 0.00491724029308 0.00945140483441 -0.000260606521948 0.00412063338243 -0.00431975150061 -0.00256419715978 0.0121864255927 0.0066082868357 0.0479493388141 0.00654606868518 0.0132447747654 -0.00746319395473 0.0176138088823 0.00624811560989 -0.000709717885561 
-0.0243136571112 0.0135413685101 0.0186268822849 0.011668189987 0.00178490007666 0.00475867955274 0.0143580400908 -0.00352949848747 -0.0186634135359 0.0120525493959 -0.00383413931031 0.00212070807078 0.0169371716017 -0.00252225313452 0.0216147909588 0.00286692594427 0.0139901550683 -0.00394617313832 -0.0152363064074 0.00962008885118 0.0116184175241 0.0123388011745 0.0150329108111 0.21963138272 0.0167333726323 0.0248963584147 0.00329882390327 0.0131482443153 -0.00361316576013 0.00110853945348 -0.00540827032398 -0.000464885494385 0.0135145976583 0.00721520208541 -0.00258197939804 0.00794602717474 0.00127971148515 0.00559562943008 -0.00831815405321 -0.00720018633395 0.0126984052101 0.000634024199124 0.0202142570083 0.00629567307899 -0.00435098005367 0.00603841460811 -0.00509616605179 0.0106064486417 0.00213511802846 0.000115729323012 -0.00506281040451 0.00034823282134 -0.00399428240053 0.00572914969501 0.00343641468447 0.00768564279925 -0.00526595572208 0.00621992921832 0.00054453137425 -0.0027960741543 
0.0411040616791 0.0390781285399 0.00765591816379 0.00394488506745 -0.00101424789795 0.00334229092861 0.019671294428 0.00745272975033 0.0127666608739 0.0191447419558 0.00698100535687 0.00513787649653 0.0267283929161 0.0176088027233 0.033377453482 0.0291983592261 0.00338177564851 0.00950832511362 0.0288058528251 0.0225191317678 0.0104984981688 0.017623437758 -0.00109876599483 0.0167333726323 0.481333577177 0.0456988377238 0.00404318086387 0.0371688037161 -0.00452438925025 -0.00136366878157 -0.00211394987367 0.0277796333157 0.0153558602514 0.00936236035873 0.0208225239946 0.03558759759 0.02757460253 0.0155311106251 0.0172622817107 9.30522621119e-05 0.0224558591943 0.00362310333177 0.015321382144 0.0234477053583 0.00972430028908 0.0120169106257 0.0294608948389 0.00995766984508 0.00867515391547 0.00820326287881 0.0103916668013 0.0314259647104 0.00735224651775 0.00817101370651 0.0235722409185 -0.0135628408005 0.014208959982 0.00924957959922 0.0184362331554 0.019916923065 
0.0140441800717 0.0256736557721 0.0303891535756 0.00551960855155 0.0186598974964 -0.00732121277386 0.00784566837009 -0.00271963494624 0.0162000194555 0.00554588682694 0.00242940822145 0.0102048915444 0.0257615963392 0.0152911191482 0.00750546578478 0.0228034684875 0.0278995410365 0.0191365913087 0.0197900413913 0.0141392814274 0.00865482633923 -0.00360240433354 -0.000591966146087 0.0248963584147 0.0456988377238 0.279258520702 0.000379463603588 0.01048453194 -0.00643974019763 0.0119591678923 0.0123243160082 0.0139894029533 0.0188525342751 0.00895658727695 0.014277703191 0.0364004167569 0.00766121497441 0.0213060552657 0.00993098149455 0.00640911441057 0.011127091733 0.011262004654 0.00916425458343 0.00569042012761 0.0189908206072 0.0217847889443 0.0239536481244 0.0135616264073 0.0294868290913 0.0278989902578 0.00143354817281 0.0201044108999 0.0274670967025 0.00170801604978 0.0153105061997 0.0150321824417 0.0136726157638 0.00698136471966 0.0133600549892 0.0255537263567 
0.00534267668766 0.0108864127903 0.00591120238728 0.00131455221121 0.016407866185 -0.00688680580695 0.00347437418523 -0.000847971874575 0.00496972394435 0.00462031613768 0.00728020202549 0.0052204386364 0.0108255960965 0.00760297527328 0.00766622285878 0.0221418613456 0.0125572971323 0.00501292013063 0.00381382377691 0.00166412813596 0.0113135876826 0.0196902901324 0.0151310955913 0.00329882390327 0.00404318086387 0.000379463603588 0.159526799785 0.00729294431944 0.00810991735891 0.00935715078154 0.014253135317 0.0107998715555 0.0119150811027 -0.00133729611264 0.00623571848916 -0.0043096960765 0.0126668125076 0.00582447160362 -0.00819611834896 0.0104690544191 0.00238554389881 0.00348674254244 0.0128743575617 0.0130259306597 0.00383432239948 0.00594609384768 -0.0074356805449 0.0164160370354 0.0135088942708 0.00169986339184 -0.00213000622903 0.00341498396566 0.00925905364016 -0.000351422917353 0.0148489640929 0.0138229746659 0.000560523700493 0.00412788345281 0.00317035162253 0.00064344607752 
-0.00611903203596 0.009093197456 0.00970922838651 0.0110781007497 0.0158083979549 0.00590570371256 0.00908378229955 0.0197598740986 0.0112873657394 0.00989482273065 -0.00611704948819 0.0160916494222 0.011670099988 0.0186243996588 -0.0139176661779 -0.00333367209655 0.00193906071615 -0.00651480728516 0.00581132660277 0.0127532358992 0.0186387778744 0.000287432902736 0.0100292686287 0.0131482443153 0.0371688037161 0.01048453194 0.00729294431944 0.281919313593 0.00176466836476 0.0132402350523 -0.00534915451609 0.0140308716725 0.00471734798686 0.00961613268625 0.0210147433391 0.00203534927965 0.0218213742479 0.000428020897908 0.00461629998778 0.0113268655839 -0.000413964745912 -0.00253808344484 0.0158139419859 0.0277713954753 0.0313797861682 0.00354761559969 0.0184318548588 0.00298667018486 0.0099754502769 0.0172158605311 0.00257191563304 0.0219330852704 0.000361548780839 0.0194002710496 0.00475250623455 0.00931599152252 0.0170887777462 0.000793084811018 0.015405694688 0.0173180815537 
-0.00250688619621 0.0125697760314 0.000971338762353 0.0142803466966 0.0185545836263 -0.00307978933152 -0.012613337492 0.0112168840352 0.0236241339562 0.0184317164872 0.0115088038421 0.00654025516962 0.0190498166279 0.0703646827052 0.00844097588357 0.00950067735094 -0.00182981852743 0.00474930209552 0.0109255061489 0.0131832987951 0.0330429100529 -0.00900338614176 0.0148111058448 -0.00361316576013 -0.00452438925025 -0.00643974019763 0.00810991735891 0.00176466836476 0.223157756497 0.0215088457422 0.0103558523302 0.00748404547232 0.0023271703088 0.0136566782646 0.0174264454385 0.10486180201 0.00748706856709 -0.00159319791567 0.00449944821585 0.0106671804548 0.0140205847817 0.0158793511341 0.00730034680906 0.00865718490501 0.0178896135211 0.0174166032984 -0.00153489436201 -0.000374013989829 0.00433493046319 -0.00405325934191 -0.00028027251123 0.0164989764921 -0.00656266207123 0.032297267951 0.0095966138862 0.0968061812257 -0.00391867621868 0.0139988623576 0.00720204848138 0.00992003949302 
0.0129323834573 0.012190376169 0.0116054784734 -0.00954444144895 0.017530937438 -0.000672075537544 0.00974257940471 0.00739283055565 0.013373553849 0.0191759059074 0.0206868506361 0.000446328700369 0.0119718215077 0.0240660976267 -0.00312460525668 0.00573082439631 0.00757428517113 0.0108870047757 0.00706814688167 0.00803838567783 -0.00434037658247 0.0120602763161 0.0490759742158 0.00110853945348 -0.00136366878157 0.0119591678923 0.00935715078154 0.0132402350523 0.0215088457422 0.135323290513 0.00707315962917 0.00559132610388 0.00780849762128 0.0187939020142 0.0164809684596 0.0190083817127 0.0172449510474 0.0073788507072 0.0250699416413 0.00609283377017 0.0202990768683 0.00545659909871 0.00862729730538 0.0252577440113 0.00383599003391 0.00734984913089 0.0113567694471 -0.00181193921817 0.0152382157497 -0.00381035221333 -0.00149438846074 -0.00235671010608 0.00887182851263 0.0451629365925 -0.00204326829634 0.0159075245341 0.00119873824319 0.0207930316314 0.0120861422785 0.0209169703664 
-0.00376775812764 0.0115935036375 -0.00720594102311 0.00875443330539 0.0231145164689 0.0150222647897 0.00534220241733 -0.00135240808531 0.00901658074859 0.00971806421977 0.00648778551276 -0.00290928543216 0.0136234639637 0.00366208719905 0.0106522052487 0.0164985552532 0.00607717616518 0.00998308753875 -0.00776157245433 -0.00552310317771 0.0117275249669 0.0154841405319 0.0124324361194 -0.00540827032398 -0.00211394987367 0.0123243160082 0.014253135317 -0.0053491545161 0.0103558523302 0.00707315962917 0.187299700156 0.0213776156322 0.00971439081842 -0.00797162523121 -0.00579548706348 0.0160238724577 0.00586714710323 0.00150172968856 0.00650818578963 0.0122881924596 0.00945762304096 0.0112219482877 0.0176476274575 0.0105677633957 0.01311419679 0.0134218652575 0.0280010025984 8.37600311866e-05 0.000618897810323 0.00283805283461 0.00396590609637 0.0182305569104 0.00342944045933 0.0110208946046 0.0217568930021 0.0190732030448 -0.00075655212656 0.00633768942013 -0.0013210259928 0.00710612833368 
0.0225486328252 0.022352080413 0.0123967353833 0.00988645174247 0.0110645737214 0.00827369485242 0.0169585552623 0.00537443826611 0.0216688398806 0.0184524862184 0.014469415851 0.00964758488127 0.0235546243604 0.00928735054655 0.0214967415898 0.0206763110243 0.0115526468196 0.0297981883851 0.0211968279742 0.0181129125104 0.01095289842 0.0117427656586 0.00540648785783 -0.000464885494384 0.0277796333157 0.0139894029533 0.0107998715555 0.0140308716725 0.00748404547232 0.00559132610388 0.0213776156322 0.276948444339 0.00897980310909 0.00908069722461 0.0218732694762 0.0237458562487 0.0313374286539 0.0174089765221 0.0201511762601 0.0302583134812 0.00647621715152 0.0166835604191 0.0177900058709 0.0175115466014 0.00349238059941 0.0116714734066 0.0151114804588 0.0272599318852 0.0203095313199 0.0209824051453 0.0159891153871 0.0611006982559 0.0192673798458 -0.00688017855395 0.0228653735794 0.0109843317958 0.0181814680269 0.0162996284046 0.020492603743 0.0274465888885 
0.0181462755486 -0.00533238715392 0.0169349567886 0.0097497328853 0.019955239025 0.00894235569401 -0.00613699721291 0.0076412829159 0.0193433443836 0.0409777008737 0.0121727405908 0.0256270928501 0.0157277828708 0.00122082859951 0.032311938739 0.0398569896422 0.0291423464564 0.0145558448871 0.00425719761843 0.014807659301 0.0104385853703 0.0329869055523 0.000904137874936 0.0135145976583 0.0153558602514 0.0188525342751 0.0119150811027 0.00471734798686 0.0023271703088 0.00780849762128 0.00971439081842 0.00897980310909 0.270681343742 0.0262414262373 0.0302858182101 -0.00472597938631 0.0304113664463 0.0204534382298 0.00513455393112 0.0181429627491 0.0201365916891 0.000502430262493 0.0415692459445 0.0096138403084 0.0195083775727 0.0143945045413 0.01577916571 0.0196162309462 0.0140302217658 0.0150234110273 0.0150786330245 0.00574858370776 0.011497995399 -0.00191742407754 0.0140072284638 0.00203788411524 0.0195000507208 0.0356841187779 0.00550039112779 0.0237313304574 
0.0468774154712 0.026674004852 0.029476459325 0.0212685548837 0.000513615120951 0.00584498574935 0.0193495790923 0.0123249244139 0.015264102336 0.0330111212289 0.0121138812213 0.0222224434755 0.0253111842463 0.00484965229809 0.0223974501266 0.00505979618326 0.017483096166 0.0223824835466 0.00509011693985 -0.00560213351293 0.0142436451893 0.0226611701157 0.0221706044214 0.00721520208542 0.00936236035873 0.00895658727695 -0.00133729611264 0.00961613268624 0.0136566782646 0.0187939020142 -0.00797162523121 0.00908069722461 0.0262414262373 0.188702950955 0.0438153084708 -0.00785808976211 0.0320656568124 0.0243551982351 0.0149740972906 0.0270333846726 0.0464914604261 0.003640185054 0.0121557554647 0.0292687884105 0.0101057537662 0.0142452322469 0.0207321046148 0.0248027768572 0.0228719751454 0.0160171265763 0.00560347684912 0.0106929725387 0.0158605899005 0.0153031565522 0.00629627198624 0.00793438561442 0.00992288970457 0.0375885125365 0.0134357936833 0.0197289454846 
0.0456142997423 0.0113462672313 0.0317792798074 0.0230674814745 0.0241258947618 0.00743437614876 0.0167554484672 0.0274014821798 0.0162219212825 0.03654096639 0.00614127408057 0.0331797402226 0.0433420386396 0.0194725514631 0.0180819029882 0.0195943731448 0.0281231809956 0.0307941063592 0.0189449564673 0.0192409128605 0.0297101035359 0.0285730441235 0.0096666971533 -0.00258197939804 0.0208225239946 0.014277703191 0.00623571848916 0.0210147433391 0.0174264454385 0.0164809684596 -0.00579548706348 0.0218732694762 0.0302858182101 0.0438153084708 0.231904319954 0.02506691128 0.0471307624239 0.0240347181987 0.0255471718654 0.025755583416 0.0409362098283 0.0244051952853 0.0191940932539 0.0392856204804 0.00899166195514 0.0253504129846 0.00992354794869 0.0292727701265 0.0185688483962 -0.00391667751012 0.018377000917 0.0448124403363 0.0197888205969 0.0102440886333 0.0291838421134 0.00935061081093 0.00981424082394 0.0457212084323 0.0083228905874 0.0279290672826 
-0.0215335624571 0.0363937855029 0.0179738439457 0.0353821692577 0.00385863178761 -0.00609540238104 0.0182825717948 0.0164826564544 0.0417637129334 0.0118542170186 -0.00168596183569 0.0137786747677 0.0272516976268 0.0938088860338 -0.00953224159267 0.0214295862292 0.0140602836481 0.00272441827698 0.0163445447062 0.0396807297721 0.0859052342451 0.0124497813 0.00986614673101 0.00794602717474 0.03558759759 0.0364004167569 -0.0043096960765 0.00203534927965 0.10486180201 0.0190083817127 0.0160238724577 0.0237458562487 -0.00472597938631 -0.00785808976211 0.02506691128 0.449783547878 0.0136992092228 0.0114958280291 0.00563897192159 0.0237265218572 -0.00997836011635 0.0133542113182 0.0181935315087 0.0399374033701 0.0489718669062 0.0204550544614 0.0357914013564 -0.00482348109423 0.0320981946421 0.0090879809168 0.0130294271624 0.0449013925456 0.0130643658388 0.0212203636277 0.0353043665072 0.152365335489 0.0108913867415 0.0243047596334 0.000477503142959 0.0664149130912 
0.0629009364997 0.0242020778625 0.0234083930023 0.00875161706898 0.0193423016601 0.0113204826399 0.00749431754853 0.0114300132449 0.0211902216719 0.0422188066505 0.0203791361304 0.00532668836902 0.0187207047374 0.0201588487604 0.0507483525161 0.00888118312913 0.00941619076946 0.016312026891 0.0185969749339 0.0188212210156 0.0178808752868 0.0317885632139 0.0108784215713 0.00127971148515 0.02757460253 0.00766121497441 0.0126668125076 0.0218213742479 0.00748706856709 0.0172449510474 0.00586714710323 0.0313374286539 0.0304113664463 0.0320656568124 0.0471307624239 0.0136992092228 0.276776922757 0.00165326662376 0.0160659595748 0.0162842402588 0.0353188763292 -0.00497392229167 0.0208745465167 0.0281232488091 0.0103994527664 0.0151613216636 0.0283671212487 0.0338055405152 0.00535352866886 0.054290936507 0.00754659674483 0.0161112558392 0.0309956378524 0.01117334697 0.00805687164303 -0.00113948474922 0.00767609892446 0.0357616954734 0.0137926742779 0.0112059093892 
0.00781246271056 0.0199254531438 0.0211403865679 0.0241557117215 0.00846103278615 0.00484271347083 0.0264024754893 0.0130571792463 0.0342372255514 0.0312478572575 0.00159395876097 0.0259661620352 0.0351507118783 0.0077214240557 0.0156866569182 0.0174838532841 0.0246156703609 0.0140137539951 0.0272942884762 0.00162521002932 0.00232577699029 0.032143879456 0.00577764810125 0.00559562943008 0.0155311106251 0.0213060552657 0.00582447160362 0.000428020897908 -0.00159319791567 0.0073788507072 0.00150172968856 0.0174089765221 0.0204534382298 0.0243551982351 0.0240347181987 0.0114958280291 0.00165326662376 0.750518719259 0.0113940458869 0.0393679731585 0.0242296145875 0.0158811466372 0.00518659451485 0.0232836017642 0.0131917529626 0.00950749085304 0.0232065561027 0.0132503016201 0.0252272411547 -0.00995117368672 0.0336153006749 0.0511578209172 0.00403579739711 0.000884102821702 0.0172540718513 -0.00895880382001 0.0182476428125 0.0248110667681 0.0106291554782 0.0359384712542 
0.0374452691527 0.0401183886418 0.0247391112905 0.0303841828698 0.00398297005304 -0.00182013168675 -0.00276513806992 -0.00224314397089 0.0289321868663 0.00503927039223 0.00402851703949 0.0351476836602 0.0287692323567 0.0117808486586 0.0228088158254 0.0069302758991 0.0140391545338 0.0244254553888 0.0283503347883 0.00310053251384 0.050612845925 0.00852313888002 0.00587341250547 -0.00831815405321 0.0172622817107 0.00993098149455 -0.00819611834896 0.00461629998778 0.00449944821585 0.0250699416413 0.00650818578963 0.0201511762601 0.00513455393112 0.0149740972906 0.0255471718654 0.00563897192159 0.0160659595748 0.0113940458869 1.45103045665 0.0564332565437 0.00616011603426 0.0203732108338 0.00751867508237 0.038646527601 0.0176631910221 -0.0403187807661 0.015530957386 0.0249425637576 0.0171418583434 0.000521430925436 0.0081641632162 0.0167284611047 0.0184204305563 0.00836483654162 0.0171534888157 0.0128076945044 0.0243823938333 0.0184557905865 0.00453875657487 0.0338363916466 
