20
0.0348828940045 0.0388313797841 0.188050706821 0.0695535734162 0.0559549201136 0.0479675113811 0.0324915821016 0.214537342356 0.0347696809731 0.128413882411 0.126302472887 0.0427797721554 0.0270000307956 0.0395572708053 0.0602494739115 0.0764707668379 0.0715007016099 0.0220144037379 0.0151091702759 0.0248608942987 
0.232854353455 0.00714675062946 0.0399718941421 0.00442729495794 0.0573944610764 0.0166192910837 0.000755259397046 0.0366595753118 0.0237803458721 0.0198130794516 0.0328824912186 0.0311059680614 0.0264951845918 0.0120084650343 0.0138020415983 0.0679090813808 0.00699689857645 -0.00087845964389 0.000877342792965 0.0231921777519 
0.00714675062946 0.413111177093 0.0254862234909 0.0153674471095 0.0424044026825 0.0329367813916 0.0306223201677 0.016335945688 0.0244016987737 0.0307395769048 -0.00891788550622 0.0338873805583 0.00748168876113 0.0107286139862 0.0189479673325 0.0380886356745 0.012146011128 0.019813650519 0.0166079096171 0.0138530568056 
0.0399718941421 0.0254862234909 1.0139345993 0.0225301777968 0.070650327158 0.0232512753226 0.00748337296285 0.0759215952663 0.0586839124825 0.0362780657761 0.0264006841593 0.0282494501553 0.0315394412457 0.0295896810259 0.0379178195875 0.0577159149192 0.0158606473916 -0.00663875968862 0.0238788547004 0.0164209452077 
0.00442729495794 0.0153674471095 0.0225301777968 0.404396684699 0.0290079197422 0.0101195009515 0.00613137614088 0.0142832810058 0.0156758505503 -0.00445182364237 0.00582351656079 0.0140919344466 0.0256013907751 0.00744900272758 0.0138896226695 0.0158595838449 0.0107251655904 0.000729007106692 0.00694223196424 0.0203375220929 
0.0573944610764 0.0424044026825 0.070650327158 0.0290079197422 0.265640800022 0.0341639578552 0.0122965469905 0.0709418074219 0.040689201926 0.0454215838158 0.0209567308178 0.0492291319097 0.042757647444 0.0244609696525 0.0231932972153 0.0448561739929 0.0132640645302 0.0203913237167 0.0309871411453 0.042210425984 
0.0166192910837 0.0329367813916 0.0232512753226 0.0101195009515 0.0341639578552 0.343791932034 0.0105102881835 0.0470375320118 0.0223476257015 0.0548771062197 0.0126492217483 0.0359073432696 0.0325976883461 0.019709154628 0.0226351168161 0.0506314630584 0.00866286474317 0.00589235043433 0.0287754621057 0.0283776147015 
0.000755259397046 0.0306223201677 0.00748337296285 0.00613137614088 0.0122965469905 0.0105102881835 0.314109209203 0.0354742794245 0.0175627018467 0.0285559706603 0.0138373832671 0.0204300837716 0.0219400790915 -0.00176822306389 0.0280435019067 0.0393634787723 0.00103455191823 0.00585752178611 0.0213514889615 0.0267667617142 
0.0366595753118 0.016335945688 0.0759215952663 0.0142832810058 0.0709418074219 0.0470375320118 0.0354742794245 0.980815961475 0.0428967757932 0.0583953857592 0.00918594695377 0.0457610352227 0.0447027748692 0.0141058381784 0.0402461264422 0.0737892797748 0.0453353912052 0.0199157189482 0.0063094252823 0.0228290690971 
0.0237803458721 0.0244016987737 0.0586839124825 0.0156758505503 0.040689201926 0.0223476257015 0.0175627018467 0.0428967757932 0.238386144028 0.0313445820628 0.019504701955 0.03224007819 0.023609479553 0.0093635635386 0.0218228497495 0.0312414408096 0.0106626194933 0.0260133532195 0.0150811702645 0.0263348583222 
0.0198130794516 0.0307395769048 0.0362780657761 -0.00445182364237 0.0454215838158 0.0548771062197 0.0285559706603 0.0583953857592 0.0313445820628 0.495589132345 0.126202186256 0.0446956664936 0.0329110061323 0.00335653733645 0.0240512671031 0.0310537433117 0.0046647106059 0.0324656377901 0.0148494048092 0.0034948149207 
0.0328824912186 -0.00891788550622 0.0264006841593 0.00582351656079 0.0209567308178 0.0126492217483 0.0138373832671 0.00918594695377 0.019504701955 0.126202186256 0.524998695127 0.0226642953493 0.0104175507869 0.0088340061051 0.00621951839585 0.0306668616308 0.0345563001008 0.0217321014723 0.01362075683 0.0171111980456 
0.0311059680614 0.0338873805583 0.0282494501553 0.0140919344466 0.0492291319097 0.0359073432696 0.0204300837716 0.0457610352227 0.03224007819 0.0446956664936 0.0226642953493 0.290029323353 0.0415667633612 0.0198817182748 0.0390356277175 0.0321851595443 -0.00347982627699 0.027391243986 0.0220699883415 0.0273106365983 
0.0264951845918 0.00748168876113 0.0315394412457 0.0256013907751 0.042757647444 0.0325976883461 0.0219400790915 0.0447027748692 0.023609479553 0.0329110061323 0.0104175507869 0.0415667633612 0.225098392129 0.0102367422019 0.0251237846327 0.0277958310359 0.0120484979509 0.00635984065719 0.0186370940905 0.0318020253832 
0.0120084650343 0.0107286139862 0.0295896810259 0.00744900272758 0.0244609696525 0.019709154628 -0.00176822306389 0.0141058381784 0.0093635635386 0.00335653733645 0.0088340061051 0.0198817182748 0.0102367422019 0.186051957405 0.0107470906288 0.0121814173349 0.00186765505414 0.00769330126341 0.0142884242149 0.0102223966149 
0.0138020415983 0.0189479673325 0.0379178195875 0.0138896226695 0.0231932972153 0.0226351168161 0.0280435019067 0.0402461264422 0.0218228497495 0.0240512671031 0.00621951839585 0.0390356277175 0.0251237846327 0.0107470906288 0.313553421663 0.0340829874421 0.00779971671169 0.0214423671866 0.01487967325 0.0292360501981 
0.0679090813808 0.0380886356745 0.0577159149192 0.0158595838449 0.0448561739929 0.0506314630584 0.0393634787723 0.0737892797748 0.0312414408096 0.0310537433117 0.0306668616308 0.0321851595443 0.0277958310359 0.0121814173349 0.0340829874421 0.465319110856 0.023450158229 0.00735064370356 0.00484521638964 0.0410893520512 
0.00699689857645 0.012146011128 0.0158606473916 0.0107251655904 0.0132640645302 0.00866286474317 0.00103455191823 0.0453353912052 0.0106626194933 0.0046647106059 0.0345563001008 -0.00347982627699 0.0120484979509 0.00186765505414 0.00779971671169 0.023450158229 0.592231212335 0.0203330508868 0.0267990612968 0.0205667443968 
-0.00087845964389 0.019813650519 -0.00663875968862 0.000729007106692 0.0203913237167 0.00589235043433 0.00585752178611 0.0199157189482 0.0260133532195 0.0324656377901 0.0217321014723 0.027391243986 0.00635984065719 0.00769330126341 0.0214423671866 0.00735064370356 0.0203330508868 0.194378984968 0.0122245283442 0.0261496150729 
0.000877342792965 0.0166079096171 0.0238788547004 0.00694223196424 0.0309871411453 0.0287754621057 0.0213514889615 0.0063094252823 0.0150811702645 0.0148494048092 0.01362075683 0.0220699883415 0.0186370940905 0.0142884242149 0.01487967325 0.00484521638964 0.0267990612968 0.0122245283442 0.160960836019 0.0166366594224 
0.0231921777519 0.0138530568056 0.0164209452077 0.0203375220929 0.042210425984 0.0283776147015 0.0267667617142 0.0228290690971 0.0263348583222 0.0034948149207 0.0171111980456 0.0273106365983 0.0318020253832 0.0102223966149 0.0292360501981 0.0410893520512 0.0205667443968 0.0261496150729 0.0166366594224 0.234932761101 

['AVY', 'HAS', 'MNST', 'BLS', 'PCAR', 'SWK', 'AZO', 'PMCS', 'HON', 'HAL', 'NEM', 'EMN', 'ITW', 'HCR', 'WEN', 'COH', 'FSH', 'PNW', 'KMB', 'SNV']