20
0.0538734886168 0.0378384564622 0.121001700606 0.0997806882374 0.0251604878384 0.0428749123775 0.0307440439862 0.0271794955288 0.0223320424584 0.116792266476 0.0378808118353 0.0482651065397 0.0348883512333 0.242072249725 0.199130076205 0.0631330997176 0.0528259349661 0.0716450377603 0.153319254475 0.192324736986 
0.385613528755 -0.00676666233203 -0.00155297142073 0.0183250383781 0.0158904717422 0.0124146098136 0.0377501441829 0.0183422371993 0.0070406832735 0.0149569738864 0.030557255521 0.0355113752428 0.0396741022033 0.0584188261958 0.0185503515423 0.0337520690745 0.0098385219301 0.00395607685056 0.036496649685 0.0489962987568 
-0.00676666233203 0.474405760457 0.00478066303912 0.000898638612198 0.0161320681292 0.0102980056338 0.0233701384733 0.0213884120132 0.0106100756198 0.0168565220324 0.0105281255812 -0.000747576515406 0.0273808882513 -0.0156967635825 0.0180754851534 0.00543144689146 0.0171589552509 -0.0108385506156 0.0201515393991 0.0406485561952 
-0.00155297142073 0.00478066303912 0.741067357623 0.0191581537627 0.0112856614308 0.0262688231454 0.0300114808177 0.0131182481695 0.0173895321516 0.0106985609865 0.01830915519 0.0286053289806 -0.00330316575278 0.0489792020016 0.0486455025334 0.0217674185917 -0.00806407109487 0.0101783578174 0.0669062245356 0.0661747139754 
0.0183250383781 0.000898638612198 0.0191581537627 0.575793341782 0.0205519527454 0.00409684841113 0.0665411900693 0.0030508445847 0.0190198696858 -0.0170675758894 0.0175773306602 0.0171569490911 0.023432771626 0.0369169797873 0.0069478085452 0.0438080504987 0.0193584917629 0.0296337421839 0.0608454513464 0.0339519298149 
0.0158904717422 0.0161320681292 0.0112856614308 0.0205519527454 0.179823488582 0.0345408686098 0.0299967244652 0.0270921173636 0.00232490730224 0.00897927036575 0.0316654454309 0.0234288799432 0.0216504232018 0.0317134989841 0.0178548519879 0.00287491684525 0.0303835319473 0.0107012249518 0.042131190457 0.0169753380586 
0.0124146098136 0.0102980056338 0.0262688231454 0.00409684841113 0.0345408686098 0.260917597209 0.0342310416789 0.0356179192169 0.00264090579691 0.00064881169324 0.0207269295437 0.0337282753582 0.0255346058387 0.0318286481182 0.0270625277383 0.0203490523555 0.0184407390524 0.0645237687755 0.0267344733799 0.0436430425385 
0.0377501441829 0.0233701384733 0.0300114808177 0.0665411900693 0.0299967244652 0.0342310416789 0.240688627907 0.018000482672 0.00473963160469 0.0169978642777 0.0328279231867 0.0217837203525 0.033369117888 0.0434779397396 0.0111562141852 0.0114425879917 0.0194222287126 0.00973232227829 0.0396448416531 0.0587625012035 
0.0183422371993 0.0213884120132 0.0131182481695 0.0030508445847 0.0270921173636 0.0356179192169 0.018000482672 0.233248124356 0.0122818711435 0.0565107721856 0.0199798953684 0.0124563396615 0.0111577191683 0.00793424974232 0.00692743145205 0.0128071368118 0.0202956371771 0.0194820409282 0.027335397774 0.0134928509239 
0.0070406832735 0.0106100756198 0.0173895321516 0.0190198696858 0.00232490730224 0.00264090579691 0.00473963160469 0.0122818711435 0.208709263209 -0.00348466285761 0.00819855793339 -0.00163315881653 0.0197823054535 0.0200650096664 0.029661954162 0.00288284697847 0.00911968010611 -0.00800056156228 -0.00270630035043 0.0167246259306 
0.0149569738864 0.0168565220324 0.0106985609865 -0.0170675758894 0.00897927036575 0.00064881169324 0.0169978642777 0.0565107721856 -0.00348466285761 0.603485816969 0.0113465341133 0.000428833319335 0.0269756852052 0.0347564341674 0.00547542040001 0.000901877871925 0.0188305450275 0.00855277262506 0.00280312957161 0.0225108436479 
0.030557255521 0.0105281255812 0.01830915519 0.0175773306602 0.0316654454309 0.0207269295437 0.0328279231867 0.0199798953684 0.0081985579334 0.0113465341133 0.201574494394 0.0153562337738 0.0241682184419 0.0396897469681 0.0164072716427 0.0302970925034 0.0396135146083 0.0147823109383 0.0394789779158 0.0339335627913 
0.0355113752428 -0.000747576515406 0.0286053289806 0.0171569490911 0.0234288799432 0.0337282753582 0.0217837203525 0.0124563396615 -0.00163315881653 0.000428833319335 0.0153562337738 0.316898990614 0.029048223592 0.0211274551028 0.0107067998815 0.0114450144574 0.0201667541199 0.0185030474791 0.0217837248287 0.0517485457231 
0.0396741022033 0.0273808882513 -0.00330316575278 0.023432771626 0.0216504232018 0.0255346058387 0.033369117888 0.0111577191683 0.0197823054535 0.0269756852052 0.0241682184419 0.029048223592 0.329293400718 0.0597133567829 0.0349265976814 0.0317548705407 0.046549951175 0.00878327005653 0.0428789447564 0.059558544939 
0.0584188261958 -0.0156967635825 0.0489792020016 0.0369169797873 0.0317134989841 0.0318286481182 0.0434779397396 0.00793424974232 0.0200650096664 0.0347564341674 0.0396897469681 0.0211274551028 0.0597133567829 0.653719557724 0.18087554335 0.0597611036701 0.0297458647939 0.0200932618471 0.0921995469734 0.197234387453 
0.0185503515423 0.0180754851534 0.0486455025334 0.0069478085452 0.0178548519879 0.0270625277383 0.0111562141852 0.00692743145205 0.029661954162 0.00547542040001 0.0164072716427 0.0107067998815 0.0349265976814 0.18087554335 0.585100147276 0.033778213511 0.0227264148338 0.025111047511 0.0435378008946 0.213095051033 
0.0337520690745 0.00543144689146 0.0217674185917 0.0438080504987 0.00287491684525 0.0203490523555 0.0114425879917 0.0128071368118 0.00288284697847 0.000901877871925 0.0302970925034 0.0114450144574 0.0317548705407 0.0597611036701 0.033778213511 0.474888517821 0.0329628450776 0.0269779045526 0.0541055967123 0.0473577755252 
0.0098385219301 0.0171589552509 -0.00806407109487 0.0193584917629 0.0303835319473 0.0184407390524 0.0194222287126 0.0202956371771 0.00911968010611 0.0188305450275 0.0396135146083 0.0201667541199 0.046549951175 0.0297458647939 0.0227264148338 0.0329628450776 0.299204976161 0.00770146304863 0.0132732508106 0.0342984900789 
0.00395607685057 -0.0108385506156 0.0101783578174 0.0296337421839 0.0107012249518 0.0645237687755 0.00973232227829 0.0194820409282 -0.00800056156228 0.00855277262506 0.0147823109383 0.0185030474791 0.00878327005653 0.0200932618471 0.025111047511 0.0269779045526 0.00770146304863 0.468759349471 0.0173968941412 0.018475171141 
0.036496649685 0.0201515393991 0.0669062245356 0.0608454513464 0.042131190457 0.0267344733799 0.0396448416531 0.027335397774 -0.00270630035043 0.00280312957161 0.0394789779158 0.0217837248287 0.0428789447564 0.0921995469734 0.0435378008946 0.0541055967123 0.0132732508106 0.0173968941412 0.624967129342 0.0506472428418 
0.0489962987568 0.0406485561952 0.0661747139754 0.0339519298149 0.0169753380586 0.0436430425385 0.0587625012035 0.0134928509239 0.0167246259306 0.0225108436479 0.0339335627913 0.0517485457231 0.059558544939 0.197234387453 0.213095051033 0.0473577755252 0.0342984900789 0.018475171141 0.0506472428418 0.634151042512 

['WHR', 'DJ', 'EP', 'MEDI', 'WFC', 'CMCSA', 'PCL', 'WYE', 'CAG', 'NOVL', 'LNC', 'MCD', 'BDK', 'ATI', 'PD', 'SLR', 'ACE', 'SYMC', 'CC', 'FCX']