40
0.0246636786654 0.0572050688987 0.0770368317024 0.0318751717172 0.0589662330248 0.0884893451388 0.0299059053764 0.0664901393557 0.0695535734162 0.0528259349661 0.128413882411 0.0704019073317 0.0788996306534 0.0188066159349 0.0440278725419 0.0910259677787 0.0782010317916 0.15397042743 0.045759308444 0.0128714932266 0.0533662879029 0.0149217979249 0.110625092132 0.0251604878384 0.0267965440056 0.0540864966038 0.0272696759741 0.0388241127613 0.0115927538848 0.0466468708745 0.0743289823458 0.0130713531851 0.0256345374975 0.026417897889 0.0247746242904 0.0645874353538 0.0424048973372 0.100974868985 0.101481112582 0.0289058353667 
0.134393154543 0.0120632512218 0.0103765196247 0.0138492410069 0.00220888803425 0.00932992170112 0.0138185376317 0.0319727390065 0.00867857873096 0.0155848023915 0.00376879758515 0.0288499416598 0.0065958882204 0.012926959388 0.0107213882907 0.00619236163809 0.0226409360997 0.00322925454273 0.0122669430312 0.0122892130826 0.0197008114067 0.000779737572293 0.00735719617327 0.0207517615595 0.0240351534581 0.0114452297884 0.0130246367956 0.0179769188346 0.00872472053415 0.00801575942376 0.0191175789134 0.0185353760598 0.00703307035887 0.00614703220127 0.00264341442286 0.0104453097484 -0.00958872168457 0.00869788174519 -0.000753219639438 0.0216247947446 
0.0120632512218 0.26273294483 0.0268049154332 0.000459769974333 0.00953182489726 0.0215458961292 0.0148445154761 0.0237513321571 0.0039180096118 0.0302805212563 0.0339521656802 0.0320753190262 0.0176691258973 0.0206780643491 0.0167574490671 0.0138360780633 0.0304525935576 0.0344659471394 0.0199610397178 0.00699972243795 0.010065323077 0.0178731230875 0.0238102425355 0.0032220353071 0.0163179769427 0.0122437456884 0.0243604173225 0.0183005228796 0.0271337814475 0.030962909477 0.0410812442186 0.0170634944672 0.0149540210882 0.0199312953358 0.00956920406784 0.014562860018 0.00301057736829 0.0142545833214 -0.00705186583919 0.015895437567 
0.0103765196247 0.0268049154332 0.342716816957 0.023020637572 -0.00228793707265 0.027485335584 0.00867601245601 0.00165958411013 0.0110888324468 0.0217973121364 0.0436229814431 0.0381332470076 -0.0146657637401 0.0271108807014 0.00383920776846 0.0055682729905 0.0312262739291 0.01571387315 0.01524615419 0.0143216678869 0.00885384669971 0.0235275026855 -0.00106283061895 -0.00670250950842 0.0064311562406 -0.000889719512516 -7.84164766424e-05 0.0169709491721 -0.0120205315482 0.0180850091169 0.0194607463315 0.0073069957737 0.00416600069282 0.00816677523469 0.0109090328377 0.011921165673 0.00960414808606 0.0147483163587 0.00411908630155 0.00730962979062 
0.0138492410069 0.000459769974333 0.023020637572 0.183744124739 0.00573523160996 0.0116200610808 0.0114175265433 0.0224651723393 -0.0106066040327 0.0143936713049 0.0116365061604 0.0187740966681 -0.00678869778027 0.00553091090354 0.0158716746408 0.00331028723615 0.0110786142114 0.0263104957864 0.0273823888014 0.00320633005323 0.0198617032401 0.0129249265278 0.00940470809305 0.0223985030525 0.0224898258573 0.0118187423912 0.00844690939862 0.00199476884893 0.00537551481856 0.0504362204119 0.0209755495284 0.0460051118965 0.0123652162154 0.0105305445528 0.0167038357472 0.00178737611205 0.0113678064902 0.000400526057713 0.00739052544117 0.0321126277041 
0.00220888803425 0.00953182489726 -0.00228793707265 0.00573523160996 0.400315742224 0.00833852691274 0.013781419062 0.0270027589644 0.0039979499193 0.0157773202008 0.0131221518546 0.0318593920832 0.0214321029903 0.018545591415 0.0060080688759 0.0207593546227 0.0187570925032 0.00738209680536 -0.00329830796976 0.00325468908572 0.0103287357497 0.0560975434508 0.0255349140933 0.0200525760492 0.0129879177583 0.00413681562651 0.0345704498392 0.0109231013305 0.0193226704147 0.00574211139884 0.0381334227329 0.00773450694361 0.00955198998263 0.0254453634037 0.0191260370601 0.0310003830849 0.00758627073374 0.0153457529736 0.0100432698155 0.0143052510086 
0.00932992170112 0.0215458961292 0.027485335584 0.0116200610808 0.00833852691274 0.480472407877 0.0332776587628 0.0400179359526 0.0110021051642 0.0324214261546 0.0244654730725 0.0161951303071 0.00694117109233 0.0171212502218 -0.00156294158362 -0.00371785777516 0.0358616643988 0.0133928779542 -0.000770728889039 0.0141768266789 0.00298923301283 0.0363127961062 0.0279952509616 4.02037072685e-05 0.0147905958822 0.0278924177685 0.0094662864252 0.00966302858134 0.0135672404105 -0.00499697614883 0.0282127360394 0.00212289963612 0.0135709436993 0.00569845007515 0.0436781224534 0.0109134476273 0.0149688875426 0.0152121036234 0.0842820399173 0.0341753867981 
0.0138185376317 0.0148445154761 0.00867601245601 0.0114175265433 0.013781419062 0.0332776587628 0.263968913746 0.0334561625586 0.0037473060325 0.0641060811848 0.0105995346005 0.0193737573616 0.0183084213445 0.0114960070442 0.0118566656011 0.0231812802901 0.0248436779966 0.00164084041021 0.0129612654989 0.00324688917437 -0.00363489926106 -0.00552948169627 -0.0140521014152 0.0146490627865 0.0137726977013 0.0144486621222 0.0159689351266 0.0519905852354 0.0130970210292 0.0106970648426 0.0183525372324 0.0130174957293 0.00286462118708 0.0139625369981 0.00990061493947 0.0280479906229 0.0260842203737 0.0200055852875 0.00193052047821 0.0343898809698 
0.0319727390065 0.0237513321571 0.00165958411013 0.0224651723393 0.0270027589644 0.0400179359526 0.0334561625586 0.361137817952 0.00498799735636 0.0256861713966 0.00649672520384 0.0430931579111 -0.00789181052949 0.0281790375411 0.0457177690267 0.023410694667 0.0141775513067 0.0216395549392 0.0196186932461 -0.00637128597698 0.0403894333634 0.0361958836347 0.0201418967728 0.0523898342303 0.0440852995908 0.0326739240002 0.0190347334058 0.0320210571624 0.016523547438 0.0138650427495 0.0748726744407 0.0176545879898 0.0255323788011 0.0162568920405 0.017970397161 0.024264849367 0.00749220110175 0.0296403364564 -0.0180982407775 0.0255606041677 
0.00867857873096 0.0039180096118 0.0110888324468 -0.0106066040327 0.0039979499193 0.0110021051642 0.0037473060325 0.00498799735636 0.397380556945 0.0155423061083 -0.00682099919378 0.0176953313803 0.011862531027 0.00623892958554 0.0198604953439 0.02727476077 0.0200768234953 0.00122985224319 0.00155054589903 0.0130621999586 0.0112580262485 0.0267788872341 0.00477146927752 0.0141938088437 0.0164805711107 0.0146532082488 0.00594444615281 0.0101067363796 0.00516812142187 -0.00336506277404 0.0201738965718 0.00235961798444 0.0183138547079 0.00825310673395 0.041013898876 0.0351801214745 0.0172283615869 0.0286161871994 0.00081229132779 0.0149649931341 
0.0155848023915 0.0302805212563 0.0217973121364 0.0143936713049 0.0157773202008 0.0324214261546 0.0641060811848 0.0256861713966 0.0155423061083 0.281517460212 0.00250034967366 0.0173529826574 -0.00399809952336 0.0170851087411 0.0164311376241 0.02730133367 0.0228133780919 -0.000932340939534 0.00356337153922 0.0125754188639 0.0079251413775 0.00753276421433 0.0376114863186 0.0251715656219 0.0192445911 0.0168851015334 0.00608075144083 0.043550669939 0.00755666986369 0.0143106283349 0.019239068647 0.0152887461145 0.00386231249179 0.0191308179268 0.0134420049989 0.011546337258 0.0161833040428 0.029399048746 -0.00145730360998 0.0609380589967 
0.00376879758515 0.0339521656802 0.0436229814431 0.0116365061604 0.0131221518546 0.0244654730725 0.0105995346005 0.00649672520384 -0.00682099919378 0.00250034967366 0.465266437104 0.0403132937347 0.0172437234671 0.017571989234 0.0103981464207 0.0099818104047 0.0260609158803 0.178022964249 0.101964936802 -0.00220088319464 -0.00185241011481 0.016722565488 0.00891192114404 -0.00205001228699 0.017625486863 0.0170772749625 0.023738514149 0.0134187558698 0.0152469411208 0.0377977674166 0.0488226404735 0.0247820050502 0.00921599773899 0.0289021348708 0.0219323855204 0.0158111323809 0.0260206113888 0.0502575047217 0.0440199497856 0.0374585722339 
0.0288499416598 0.0320753190262 0.0381332470076 0.0187740966681 0.0318593920832 0.0161951303071 0.0193737573616 0.0430931579111 0.0176953313803 0.0173529826574 0.0403132937347 0.264611640505 0.00803933967655 0.0313933213427 0.0222915304654 0.0376806859875 0.0398552278172 0.0353313667152 0.037917373009 0.000403608476771 0.0311793057675 0.0320769204683 0.0516780586554 0.0231155670354 0.0210886737105 0.0294288878079 0.0262071331904 0.0292130135636 0.0147323399311 0.00717709178571 0.119535171363 0.0239726929629 -0.00042300837707 0.0368684904774 0.0240551685892 0.0277878873079 0.00230115815396 0.0411059628936 0.0164879501341 0.0295666588293 
0.0065958882204 0.0176691258973 -0.0146657637401 -0.00678869778027 0.0214321029903 0.00694117109233 0.0183084213445 -0.00789181052949 0.011862531027 -0.00399809952336 0.0172437234671 0.00803933967655 0.755974137788 0.0190475897924 0.00762572635404 0.0103056834754 0.000234668372897 0.0191556779334 0.010343368213 -0.00392054254893 0.000917372907089 0.0402646275388 0.0509111411411 0.0047424417076 0.00788981939999 -0.0128251848441 0.00856601136151 0.00352672921805 0.0181594016706 0.011995054744 0.0027965562481 0.00356114798801 -0.000933668209224 0.0141475625432 0.0175778104075 0.00409914855926 0.00809931375238 0.0209819094229 0.000586788581947 0.00705514690773 
0.012926959388 0.0206780643491 0.0271108807014 0.00553091090354 0.018545591415 0.0171212502218 0.0114960070442 0.0281790375411 0.00623892958554 0.0170851087411 0.017571989234 0.0313933213427 0.0190475897924 0.195871381619 0.00465116473975 0.00935948647972 0.0353768896142 0.00495420987524 0.00118098903494 0.0118687397101 0.00843310824887 0.0278427113451 0.0267427656957 0.0075662929689 0.00671471231968 -0.00848124004484 0.0185848106481 0.0194650625654 0.0212899248296 0.00689772202781 0.0320740363244 0.00884589367452 0.0116839925925 0.0162194645981 0.011762385759 0.0324309708539 0.00438095771827 0.033479792333 0.00230149149636 0.0175929534847 
0.0107213882907 0.0167574490671 0.00383920776846 0.0158716746408 0.0060080688759 -0.00156294158362 0.0118566656011 0.0457177690267 0.0198604953439 0.0164311376241 0.0103981464207 0.0222915304654 0.00762572635404 0.00465116473975 0.229727416156 0.0412591234657 0.00408522494451 0.00744144812466 0.00770952579369 0.00277191484207 0.0199650050761 0.0127479350737 0.0223637324767 0.0124113843759 0.0214072245373 0.00489911531092 0.0233941999166 0.0147311574639 0.0139597333699 0.0275693310796 0.0259115343266 0.00952968040039 0.0236917421214 0.0185825822049 0.0300850176224 0.0101762764736 0.00690171336744 0.0469076262919 -0.00739608640007 0.0136207537211 
0.00619236163809 0.0138360780633 0.0055682729905 0.00331028723615 0.0207593546227 -0.00371785777516 0.0231812802901 0.023410694667 0.02727476077 0.02730133367 0.0099818104047 0.0376806859875 0.0103056834754 0.00935948647972 0.0412591234657 0.434063970137 0.0385072612212 0.0108383151751 0.00730451520981 -0.00371296275974 0.00851897082502 0.0369441230438 0.0222343675488 0.0112887687315 0.0202128961022 0.0239399584755 0.00538049662314 0.0143397560578 0.0136051152491 0.0108375155716 0.0355799205012 0.000579261235451 0.0130899064983 0.0258938424284 0.0152491451351 0.0222989564822 0.0636632427712 0.0359825657928 0.0128788400642 0.0195395065416 
0.0226409360997 0.0304525935576 0.0312262739291 0.0110786142114 0.0187570925032 0.0358616643988 0.0248436779966 0.0141775513067 0.0200768234953 0.0228133780919 0.0260609158803 0.0398552278172 0.000234668372897 0.0353768896142 0.00408522494451 0.0385072612212 0.38537108529 0.021901619043 0.0110417294752 0.00847551908908 0.000528818691469 0.03939991947 0.0439758018546 0.00440110740652 0.0053006510065 0.0246479401824 0.018229248751 0.0214023268054 0.0186409158455 0.0154414607757 0.0451750577372 0.0116794500748 0.00769041279268 0.0266638101847 0.0267279716938 0.0240252204156 -0.0155231462623 0.0304949419791 0.0299644558047 0.0286589672656 
0.00322925454273 0.0344659471394 0.01571387315 0.0263104957864 0.00738209680536 0.0133928779542 0.00164084041021 0.0216395549392 0.00122985224319 -0.000932340939534 0.178022964249 0.0353313667152 0.0191556779334 0.00495420987524 0.00744144812466 0.0108383151751 0.021901619043 0.600642664056 0.0906758134163 0.00218813741621 0.0128627380916 0.0145165628594 0.0135098776625 0.00928567730131 0.00368281970611 0.0295720403333 0.0231688783718 0.00241559192327 0.0124732526868 0.0364889830367 0.0373621528988 0.0164753804365 -0.00105103042173 0.0429042017266 0.00907394248562 -0.00115305183999 0.0157908217977 0.0172892633637 0.00514260793056 -0.0152363446433 
0.0122669430312 0.0199610397178 0.01524615419 0.0273823888014 -0.00329830796976 -0.000770728889039 0.0129612654989 0.0196186932461 0.00155054589903 0.00356337153922 0.101964936802 0.037917373009 0.010343368213 0.00118098903494 0.00770952579369 0.00730451520981 0.0110417294752 0.0906758134163 0.208943938106 0.00814599151043 -0.00617113064384 0.00311449825268 0.00281551334822 0.0159995945607 0.00563777916205 0.00740588834341 0.00911734243487 0.00893928071965 0.0130725634795 0.0311386089807 0.0283679733289 0.0223597499983 0.0191648973927 0.00881739379044 0.00657943201067 0.00672732056096 0.00532788288879 -0.00381714013802 0.00841731642884 0.0156151602546 
0.0122892130826 0.00699972243795 0.0143216678869 0.00320633005323 0.00325468908572 0.0141768266789 0.00324688917437 -0.00637128597698 0.0130621999586 0.0125754188639 -0.00220088319464 0.000403608476771 -0.00392054254893 0.0118687397101 0.00277191484207 -0.00371296275974 0.00847551908908 0.00218813741621 0.00814599151043 0.225693866046 -0.00196163459005 0.01956413834 0.00335181137237 0.0205004703864 0.00654557774831 0.00956215806743 0.000741330134291 0.00199697799714 0.00874152697409 0.00279304391666 0.00034221486432 0.0108107338752 0.00367408681333 0.0109815336296 0.00813516315087 -0.00732378937898 0.019712286179 -0.00264840936523 0.0238651328296 0.00610722137412 
0.0197008114067 0.010065323077 0.00885384669971 0.0198617032401 0.0103287357497 0.00298923301283 -0.00363489926106 0.0403894333634 0.0112580262485 0.0079251413775 -0.00185241011481 0.0311793057675 0.000917372907089 0.00843310824887 0.0199650050761 0.00851897082502 0.000528818691469 0.0128627380916 -0.00617113064384 -0.00196163459005 0.428371454643 0.0258021317269 -0.0100815896681 0.0139012829138 0.0162798482405 0.0186311560575 0.00522133020201 0.0069237614129 0.0150271443395 0.0230640445434 0.0418280475666 0.0117458349144 0.00885756568807 0.00416737325874 0.00902178593977 0.018135674109 -0.00770281842984 0.0288184537073 0.0136019511528 0.000605897626896 
0.000779737572293 0.0178731230875 0.0235275026855 0.0129249265278 0.0560975434508 0.0363127961062 -0.00552948169627 0.0361958836347 0.0267788872341 0.00753276421433 0.016722565488 0.0320769204683 0.0402646275388 0.0278427113451 0.0127479350737 0.0369441230438 0.03939991947 0.0145165628594 0.00311449825268 0.01956413834 0.0258021317269 0.315676522934 0.0353332214271 0.0185223197637 0.0277899041512 0.0117535574537 0.0140209878023 0.00874638963528 0.0150435354784 0.0231262816995 0.048691959664 0.00298683487302 0.0161966842442 0.0128292117691 0.0307045363473 0.023634120818 0.0237208262663 0.00776263575825 0.0285436706434 0.0191244219794 
0.00735719617327 0.0238102425355 -0.00106283061895 0.00940470809305 0.0255349140933 0.0279952509616 -0.0140521014152 0.0201418967728 0.00477146927753 0.0376114863186 0.00891192114404 0.0516780586554 0.0509111411411 0.0267427656957 0.0223637324767 0.0222343675488 0.0439758018546 0.0135098776625 0.00281551334822 0.00335181137237 -0.0100815896681 0.0353332214271 0.57828932699 0.0183306187338 0.0183922879316 0.0169103016809 0.0189796555391 0.0178389689456 0.0148438908129 0.0188564732295 0.0696602228559 0.00176029298247 0.00952088745509 0.0338230424502 0.0204039656147 0.0186364964869 0.0105386744836 0.0429318667054 0.0200831695812 0.0249807288207 
0.0207517615595 0.0032220353071 -0.00670250950842 0.0223985030525 0.0200525760492 4.02037072684e-05 0.0146490627865 0.0523898342303 0.0141938088437 0.0251715656219 -0.00205001228699 0.0231155670354 0.0047424417076 0.0075662929689 0.0124113843759 0.0112887687315 0.00440110740652 0.00928567730131 0.0159995945607 0.0205004703864 0.0139012829138 0.0185223197637 0.0183306187338 0.165283214799 0.0489584743092 0.00816348854816 0.0146941369976 0.0160180289501 0.0143000209725 0.0164455431272 0.0436916521867 0.0231942133046 0.0212220952655 0.00929403720155 0.0205675634314 0.0178611972634 0.012024295838 0.00551189871603 -0.00815029794206 0.018198649212 
0.0240351534581 0.0163179769427 0.0064311562406 0.0224898258573 0.0129879177583 0.0147905958822 0.0137726977013 0.0440852995908 0.0164805711107 0.0192445911 0.017625486863 0.0210886737105 0.00788981939999 0.00671471231968 0.0214072245373 0.0202128961022 0.0053006510065 0.00368281970611 0.00563777916205 0.00654557774831 0.0162798482405 0.0277899041512 0.0183922879316 0.0489584743092 0.171620802493 0.0243511314855 0.0154623317664 0.0239216165155 0.0221331877956 0.00779061673613 0.0364541995794 0.0210805469844 0.0132670546587 0.0123995310154 0.0172325472995 0.00197930123708 0.000287316081179 0.00968152165209 -0.0012876584277 0.016700124892 
0.0114452297884 0.0122437456884 -0.000889719512516 0.0118187423912 0.00413681562651 0.0278924177685 0.0144486621222 0.0326739240002 0.0146532082488 0.0168851015334 0.0170772749625 0.0294288878079 -0.0128251848441 -0.00848124004484 0.00489911531092 0.0239399584755 0.0246479401824 0.0295720403333 0.00740588834341 0.00956215806743 0.0186311560575 0.0117535574537 0.0169103016809 0.00816348854816 0.0243511314855 0.39284821083 0.0175508583415 0.0135856633215 0.00892477565046 0.00151904332054 0.0311910862211 0.0166723298311 0.0126064228135 -0.00141546645565 0.019278600844 0.00482994799234 0.00881372282132 0.0126993348954 0.0019855102378 0.00903091731901 
0.0130246367956 0.0243604173225 -7.84164766423e-05 0.00844690939862 0.0345704498392 0.0094662864252 0.0159689351266 0.0190347334058 0.00594444615281 0.00608075144083 0.023738514149 0.0262071331904 0.00856601136151 0.0185848106481 0.0233941999166 0.00538049662314 0.018229248751 0.0231688783718 0.00911734243487 0.000741330134291 0.00522133020201 0.0140209878023 0.0189796555391 0.0146941369976 0.0154623317664 0.0175508583415 0.144151866074 0.00711449272547 0.0184871376935 0.00422313926537 0.0407634688131 0.0146077265635 0.0204422493174 0.0129391697569 0.0143732076285 0.0187017058304 -0.000174819557983 0.022744565295 0.0138053591087 0.025597624992 
0.0179769188346 0.0183005228796 0.0169709491721 0.00199476884893 0.0109231013305 0.00966302858134 0.0519905852354 0.0320210571624 0.0101067363796 0.043550669939 0.0134187558698 0.0292130135636 0.00352672921805 0.0194650625654 0.0147311574639 0.0143397560578 0.0214023268054 0.00241559192326 0.00893928071965 0.00199697799714 0.0069237614129 0.00874638963528 0.0178389689456 0.0160180289501 0.0239216165155 0.0135856633215 0.00711449272547 0.179463432434 0.0109265119867 0.00571086457416 0.0248987834869 0.00814131836476 0.0122030292284 0.0139480949538 0.0172162020802 0.0287629468022 0.00443914690044 0.0405934009999 0.0139447111142 0.0296555560557 
0.00872472053416 0.0271337814475 -0.0120205315482 0.00537551481856 0.0193226704147 0.0135672404105 0.0130970210292 0.016523547438 0.00516812142187 0.0075566698637 0.0152469411208 0.0147323399311 0.0181594016706 0.0212899248296 0.0139597333699 0.0136051152491 0.0186409158455 0.0124732526868 0.0130725634795 0.00874152697409 0.0150271443395 0.0150435354784 0.0148438908129 0.0143000209725 0.0221331877956 0.00892477565046 0.0184871376935 0.0109265119867 0.142960938543 0.0098207454073 0.020371849538 0.0105014080407 0.0194312303726 0.0106421256748 0.0146674380771 0.0044542992959 0.00644978919168 0.0118109354841 0.00888608546233 0.0246754341358 
0.00801575942376 0.030962909477 0.0180850091169 0.0504362204119 0.00574211139884 -0.00499697614883 0.0106970648426 0.0138650427495 -0.00336506277404 0.0143106283349 0.0377977674166 0.00717709178571 0.011995054744 0.00689772202781 0.0275693310796 0.0108375155716 0.0154414607757 0.0364889830367 0.0311386089807 0.00279304391666 0.0230640445434 0.0231262816995 0.0188564732295 0.0164455431272 0.00779061673613 0.00151904332054 0.00422313926536 0.00571086457416 0.0098207454073 0.366638452308 0.0228422146052 0.039473908161 0.0268073054158 0.000821341794671 0.00937155466912 0.00398201495414 0.0164789766056 0.00879745059534 0.0117229685194 0.0128722396137 
0.0191175789134 0.0410812442186 0.0194607463315 0.0209755495284 0.0381334227329 0.0282127360394 0.0183525372324 0.0748726744407 0.0201738965718 0.019239068647 0.0488226404735 0.119535171363 0.0027965562481 0.0320740363244 0.0259115343266 0.0355799205012 0.0451750577372 0.0373621528988 0.0283679733289 0.000342214864321 0.0418280475666 0.048691959664 0.0696602228559 0.0436916521867 0.0364541995794 0.0311910862211 0.0407634688131 0.0248987834869 0.020371849538 0.0228422146052 0.297370996192 0.0181896543251 0.0162659831073 0.0463895208997 0.0308647172911 0.0313306078509 0.00738063142477 0.0322262666547 0.00631360905479 0.0511766061587 
0.0185353760598 0.0170634944672 0.0073069957737 0.0460051118965 0.00773450694361 0.00212289963612 0.0130174957293 0.0176545879898 0.00235961798444 0.0152887461145 0.0247820050502 0.0239726929629 0.00356114798801 0.00884589367452 0.00952968040039 0.000579261235451 0.0116794500748 0.0164753804365 0.0223597499983 0.0108107338752 0.0117458349144 0.00298683487302 0.00176029298247 0.0231942133046 0.0210805469844 0.0166723298311 0.0146077265635 0.00814131836476 0.0105014080407 0.039473908161 0.0181896543251 0.140919232663 0.0120661896656 0.000185105193637 0.0133055988477 0.000123526819194 0.0177870244144 -0.00102089776606 -0.00451675533003 0.00405268254215 
0.00703307035887 0.0149540210882 0.00416600069282 0.0123652162154 0.00955198998263 0.0135709436993 0.00286462118708 0.0255323788011 0.0183138547079 0.00386231249179 0.00921599773899 -0.00042300837707 -0.000933668209224 0.0116839925925 0.0236917421214 0.0130899064983 0.00769041279268 -0.00105103042173 0.0191648973927 0.00367408681333 0.00885756568807 0.0161966842442 0.00952088745509 0.0212220952655 0.0132670546587 0.0126064228135 0.0204422493174 0.0122030292284 0.0194312303726 0.0268073054158 0.0162659831073 0.0120661896656 0.179795567078 0.0127314536003 0.0198780071607 0.0064185315586 0.0139275062929 0.0171119164229 0.00461954101047 0.0116390794738 
0.00614703220127 0.0199312953358 0.00816677523469 0.0105305445528 0.0254453634037 0.00569845007515 0.0139625369981 0.0162568920405 0.00825310673395 0.0191308179268 0.0289021348708 0.0368684904774 0.0141475625432 0.0162194645981 0.0185825822049 0.0258938424284 0.0266638101847 0.0429042017266 0.00881739379044 0.0109815336296 0.00416737325874 0.0128292117691 0.0338230424502 0.00929403720155 0.0123995310154 -0.00141546645565 0.0129391697569 0.0139480949538 0.0106421256748 0.000821341794672 0.0463895208997 0.000185105193637 0.0127314536003 0.27397184059 0.0152671516193 0.0459779721774 0.00582843811428 0.030866489678 0.0105545426799 0.0204329810754 
0.00264341442286 0.00956920406784 0.0109090328377 0.0167038357472 0.0191260370601 0.0436781224534 0.00990061493947 0.017970397161 0.041013898876 0.0134420049989 0.0219323855204 0.0240551685892 0.0175778104075 0.011762385759 0.0300850176224 0.0152491451351 0.0267279716938 0.00907394248562 0.00657943201067 0.00813516315087 0.00902178593977 0.0307045363473 0.0204039656147 0.0205675634314 0.0172325472995 0.019278600844 0.0143732076285 0.0172162020802 0.0146674380771 0.00937155466912 0.0308647172911 0.0133055988477 0.0198780071607 0.0152671516193 0.17842790762 0.0112326051509 0.0141968224444 0.0187770143754 0.0369702443234 0.0179001547263 
0.0104453097484 0.014562860018 0.011921165673 0.00178737611205 0.0310003830849 0.0109134476273 0.0280479906229 0.024264849367 0.0351801214745 0.011546337258 0.0158111323809 0.0277878873079 0.00409914855926 0.0324309708539 0.0101762764736 0.0222989564822 0.0240252204156 -0.00115305183999 0.00672732056096 -0.00732378937898 0.018135674109 0.023634120818 0.0186364964869 0.0178611972634 0.00197930123708 0.00482994799234 0.0187017058304 0.0287629468022 0.0044542992959 0.00398201495414 0.0313306078509 0.000123526819194 0.0064185315586 0.0459779721774 0.0112326051509 0.352009685661 0.0131650113597 0.0450686265888 0.0115656974049 0.0104139300193 
-0.00958872168457 0.00301057736829 0.00960414808606 0.0113678064902 0.00758627073374 0.0149688875426 0.0260842203737 0.00749220110175 0.0172283615869 0.0161833040428 0.0260206113888 0.00230115815396 0.00809931375238 0.00438095771827 0.00690171336744 0.0636632427712 -0.0155231462623 0.0157908217977 0.00532788288879 0.019712286179 -0.00770281842984 0.0237208262663 0.0105386744836 0.012024295838 0.000287316081179 0.00881372282132 -0.000174819557984 0.00443914690044 0.00644978919168 0.0164789766056 0.00738063142477 0.0177870244144 0.0139275062929 0.00582843811428 0.0141968224444 0.0131650113597 0.395247265543 0.0118676402638 0.014680748507 0.00429571201142 
0.00869788174519 0.0142545833214 0.0147483163587 0.000400526057713 0.0153457529736 0.0152121036234 0.0200055852875 0.0296403364564 0.0286161871994 0.029399048746 0.0502575047217 0.0411059628936 0.0209819094229 0.033479792333 0.0469076262919 0.0359825657928 0.0304949419791 0.0172892633637 -0.00381714013802 -0.00264840936523 0.0288184537073 0.00776263575825 0.0429318667054 0.00551189871603 0.00968152165209 0.0126993348954 0.022744565295 0.0405934009999 0.0118109354841 0.00879745059534 0.0322262666547 -0.00102089776606 0.0171119164229 0.030866489678 0.0187770143754 0.0450686265888 0.0118676402638 0.472262121941 -0.00581579533661 0.015593603619 
-0.000753219639438 -0.00705186583919 0.00411908630155 0.00739052544117 0.0100432698155 0.0842820399173 0.00193052047821 -0.0180982407775 0.00081229132779 -0.00145730360998 0.0440199497856 0.0164879501341 0.000586788581947 0.00230149149636 -0.00739608640007 0.0128788400642 0.0299644558047 0.00514260793056 0.00841731642884 0.0238651328296 0.0136019511528 0.0285436706434 0.0200831695812 -0.00815029794206 -0.0012876584277 0.0019855102378 0.0138053591087 0.0139447111142 0.00888608546233 0.0117229685194 0.00631360905479 -0.00451675533004 0.00461954101047 0.0105545426799 0.0369702443234 0.0115656974049 0.014680748507 -0.00581579533661 0.922629689543 -0.00415741021963 
0.0216247947446 0.015895437567 0.00730962979062 0.0321126277041 0.0143052510086 0.0341753867981 0.0343898809698 0.0255606041677 0.0149649931341 0.0609380589967 0.0374585722339 0.0295666588293 0.00705514690773 0.0175929534847 0.0136207537211 0.0195395065416 0.0286589672656 -0.0152363446433 0.0156151602546 0.00610722137412 0.000605897626896 0.0191244219794 0.0249807288207 0.018198649212 0.016700124892 0.00903091731901 0.025597624992 0.0296555560557 0.0246754341358 0.0128722396137 0.0511766061587 0.00405268254215 0.0116390794738 0.0204329810754 0.0179001547263 0.0104139300193 0.00429571201142 0.015593603619 -0.00415741021963 0.227481756556 

['TMK', 'CBE', 'KG', 'FE', 'VFC', 'BMC', 'XL', 'CFC', 'BLS', 'ACE', 'HAL', 'GS', 'JNY', 'WMT', 'WMI', 'AW', 'MOT', 'VLO', 'XOM', 'MDT', 'NWL', 'DELL', 'JNS', 'WFC', 'KEY', 'GENZ', 'SIAL', 'ABK', 'PBI', 'CEG', 'LEH', 'ED', 'PG', 'MWV', 'VZ', 'KSS', 'ZMH', 'ODP', 'CSCO', 'STA']