60
0.0146510565804 0.0528259349661 0.192324736986 0.0361599942098 0.0377989606714 0.079223051944 0.188050706821 0.0870342926162 0.0263662592882 0.0782010317916 0.112290577846 0.0131635076039 0.0442318588416 0.0766878163077 0.0669692816613 0.0612619406497 0.02392892696 0.0692922129373 0.0761836706695 0.0448147494519 0.135299445153 0.0559384191954 0.0482651065397 0.0499472002084 0.060830846045 0.133882810383 0.0597094198611 0.0794924924591 0.0413167922229 0.0362094771936 0.0442230302855 0.0874158444094 0.0255121646837 0.0383245101253 0.0161403943775 0.0791308905459 0.0427797721554 0.0248078828137 0.0235207120966 0.140066530531 0.0746691414478 0.0297343435849 0.119859861498 0.018453974145 0.074230100705 0.0970140476379 0.022286409141 0.043075945187 0.0576577356707 0.0125275076286 0.0446705301477 0.023015295127 0.023795453615 0.0206637964956 0.0248608942987 0.0284224966367 0.0793031051092 0.0621529110589 0.0447966226616 0.0260517267587 
0.142521052506 0.0142549644369 0.0165241772564 0.00346896828151 0.00870430903743 0.00611153920771 0.0250663181393 0.0231692023547 0.0193187645959 0.00851910842372 0.0015119200557 0.00967514202126 0.015598864191 0.00565947115107 0.000325690963628 0.00983816255762 0.0135345584768 0.0177300471481 0.00873484619171 0.00153280375774 -0.00621953924173 0.0231269594844 0.00527806449062 0.00854465752025 0.0129326970648 -0.00481628334611 -0.00384896378746 0.019519989493 0.0138850730502 0.0244235555766 0.0119911286928 0.00647407777779 0.0136683725639 0.00648957719873 0.0200616809307 0.0133579617609 0.0125522116883 0.0237473145682 0.00524719853645 0.0025689252684 0.0130037173721 0.00648663938525 0.00668611028217 0.0176348838378 0.013103046917 0.0115992869616 0.00682241174068 0.00856631116401 0.0162413278737 0.0162541117434 0.0168266767941 0.0189985072501 0.00661811997165 0.0215174821957 0.0118635491878 0.00236716736472 0.0187723868598 0.0241457782037 0.0191071604522 0.00340093786311 
0.0142549644369 0.282664325753 0.0282347420175 0.00705556584415 0.000288623853071 0.0123168854082 0.0294252543454 0.00432493912165 0.0132559454798 0.0213369249864 -0.0067945454356 0.00516586238669 0.0456126181784 0.00970605545893 0.0359484041166 0.012597730452 0.00996204729082 0.0125547365318 0.0282553473942 0.0105680505226 0.00836231595353 0.0232182929319 0.00478425809651 -0.00389114756404 0.0145656655152 0.0078000951119 0.0113032185573 0.0115129687026 0.0118707376868 0.0218189510783 0.0132359998774 0.0110904397866 0.0342381304017 0.0177062487528 0.00651198577263 -0.00655668782809 0.0181956417912 0.0106373125458 0.0133529836159 0.0015173363208 0.029362994983 0.0137293495085 0.011610894989 0.0169107689872 0.0191727838003 0.0200773360597 -0.0039827979664 0.0327780577345 0.0126256894493 0.0111102334292 0.018925900135 0.02203238476 0.0132477849774 0.0322463844068 0.0241125476877 0.00326364092766 0.037488127841 0.0119341233049 0.0320007238755 0.0165998061368 
0.0165241772564 0.0282347420175 0.637420008941 0.0338066368757 0.0561939687881 0.0101186439121 0.077800154109 0.0706998695645 0.040582223247 0.030363578675 0.116270623127 0.0159849732385 0.0507433799594 0.0451352605085 0.037964703932 0.0021430957651 0.00628028291081 0.0381222198222 0.0476347095104 0.0197849239868 0.140464592023 0.0401421939588 0.0377117702098 0.00875887690097 0.0346296679436 0.110243531445 0.00553692371978 0.0300677400971 0.0291681648433 0.0478751138367 0.0392455167763 -0.0133497357755 0.00739650543485 0.00471126374163 0.00556653291674 -0.00934569737758 0.0565876901889 0.0229868841307 0.0261101848378 0.027302280915 0.0426981741406 0.0163412813205 0.036108679588 0.00065156154732 0.0657172060587 0.051872384382 0.00075052149982 0.0281531808718 0.0352270816444 0.0204682113902 0.0377832830655 0.0259455289854 0.00580107821228 0.015893918927 0.0189385549233 0.0112025821649 0.0426881522284 0.0233645303773 0.012970034083 0.037007649124 
0.00346896828151 0.00705556584415 0.0338066368757 0.229238927715 0.00081675346979 0.0165139180864 0.0311755534439 0.00741379075433 0.0167359579643 0.0209165470603 0.0150554373293 0.0571697490206 0.0223767335465 0.000907538800918 0.0004663926376 0.0171472510913 -0.00999216826114 0.0157677297905 0.00285233620954 0.0168694135807 0.0197187834824 0.00631114765021 0.00565294746195 0.0136163969776 0.0155777744227 0.0209642073112 -0.00811113199417 0.00325875877971 0.0299669553293 0.0026646416536 0.0188617472858 0.0169797695065 0.00843368165385 0.00844715521881 0.00577148311358 0.00439103615861 0.0193042774562 0.0030424541442 0.0114780493092 0.0126198633667 -0.00136088587091 0.00143320568538 0.0143294855403 0.00429893951423 0.0233724883019 0.020869935387 0.0077920975711 0.0241006842243 0.0226345602225 0.0168064425018 -0.000978383472811 0.0114435347204 0.0603629370342 0.0124577418002 0.0154644060379 0.0187822869654 -0.00132009758973 0.00671055030533 -0.00134079307824 0.0088232914038 
0.00870430903743 0.000288623853071 0.0561939687881 0.000816753469789 0.296989908879 0.0174164241356 0.0472814145294 0.0424217982106 0.0104665786772 0.0257438266805 0.0376761517842 -5.64318130826e-05 0.0329743469959 0.108121093251 0.0402379797579 0.0322679004592 0.0189632094154 0.0953823981944 0.059996142313 0.0129922320967 0.0146966181979 0.019976452816 0.0205751656942 0.0164495037752 0.0360943079048 0.0178233226953 0.0192724737667 0.0389498983711 0.0146060289741 0.0201875694913 0.022171185831 0.0173056683219 0.00554640788315 0.0281764990686 -0.00246137558233 0.036698689948 -0.0101142979249 0.008279060242 0.00853319762254 0.00340315856975 0.0279698068049 -0.00228383315347 0.0569892284556 0.00328346718929 0.0374885092913 0.0386330438035 0.00400120887846 0.00953294306714 0.0166936061424 0.0143756254874 0.0649991693471 0.0129130151356 -0.00226751136391 0.00422384900287 0.020852842496 0.00248792708786 0.0283214270017 0.00127864252463 0.0293739527147 0.0195726586448 
0.00611153920771 0.0123168854082 0.0101186439121 0.0165139180864 0.0174164241356 0.379768370244 0.0207310988626 0.0347278338421 0.0273413070197 0.0266338423872 0.0223537435645 0.0207851272403 0.0223969001151 0.0258929339052 0.026738937531 0.00823620344184 0.0204343661934 0.0329135999364 0.0288488543534 0.0268111468101 0.0179429991896 0.0102997180401 0.00635754409893 0.00171627855827 0.026082532397 0.0124699806874 0.0172922681064 0.0186224724423 0.0276329372844 0.0161698932355 0.0271705019259 0.0289321788609 0.00669307143955 0.0244705086155 -0.00384368089054 0.0100394515746 0.0248416266617 0.0061240157398 0.0138584103576 0.00703728466657 0.0408756026281 -0.00185240145849 0.0264884021515 0.013591427445 0.0232212866663 0.0443947625608 0.00590805801747 0.00526811284923 0.0270080574886 0.0172333070938 0.00803870202751 0.000151812948517 0.00211526914898 0.00705962489019 0.0203879729754 0.00365684242395 0.0529052538964 0.0288986147993 0.0242894592243 0.014416252247 
0.0250663181393 0.0294252543454 0.077800154109 0.0311755534439 0.0472814145294 0.0207310988626 1.00094874802 0.0295116990377 0.0116852179029 0.0358471493644 0.0101602317137 0.0064082792161 0.0320573454472 0.073344014357 0.0267584317484 0.0352477976133 0.0198008048869 0.0840610465288 0.037905142264 0.0134441215226 -0.0120159998319 0.0119625312096 0.0488307546198 0.0223241129575 0.0463400451246 0.0117324185306 0.00545886132009 0.0325562307752 0.0167925234171 0.0191797396345 0.0320217831975 0.0129714276681 -0.00563489217223 0.022540448131 0.00433862237607 0.0137538432528 0.0228539024618 0.0125147791937 -0.000514543566427 0.013690067384 0.0189841175657 0.00206402719417 0.0492148270757 -0.000793191590702 0.0427422731418 0.0367460623383 0.0400562354917 0.0129357021262 0.022109190145 0.0191690131746 0.0351221346433 0.00361108013629 -0.00722637096108 0.0274956759921 0.00869745893854 0.0048432526769 0.0170430358479 -0.00275269296586 0.0424224183068 0.0197988887373 
0.0231692023547 0.00432493912165 0.0706998695645 0.00741379075433 0.0424217982106 0.0347278338421 0.0295116990377 0.374349000387 0.0355068417691 0.0364698179606 0.0500256263767 0.00450325982347 0.0275431019566 0.0535418855479 0.0237824197309 0.0303808981603 0.0221332829976 0.0306390495374 0.00444755173289 -0.000934875697579 0.0335573760708 0.0233154568809 0.0174984205913 0.00838859066948 0.0387139042959 0.0314920642627 0.0110510244886 0.022557202452 0.0233128362112 0.00996839537003 0.0285529212295 0.03580174346 0.00939363036192 0.0154275177563 -0.00102497542401 0.00220157521643 0.0388928477948 0.00859100956942 -0.000747519128395 0.0351323995187 0.00760604454048 0.00376951105478 0.0717936044569 0.0107869295899 0.0308914307942 0.0334516958344 0.00767767761569 0.0254507023638 0.0138196891736 0.0149570062366 0.0147196995298 0.0140924494799 -0.000246229252779 0.0069022530371 0.0230965219949 0.000236773517708 0.0555364358379 0.0163784862058 0.0162464170877 0.0387158265681 
0.0193187645959 0.0132559454798 0.040582223247 0.0167359579643 0.0104665786772 0.0273413070197 0.0116852179029 0.0355068417691 0.217050910038 -0.00280691538369 0.0124340628197 0.00384756743414 0.0220108108475 0.0317387521656 0.0333051464907 0.00850998607256 0.026286789891 0.0228726921944 0.0208070329716 -0.000142132608337 0.0190234619049 0.0142655970293 0.0334335892135 0.0286990662984 0.0235873734154 0.0289225144358 0.0185121221469 0.0249633373607 0.0175555852553 0.0222859229265 0.018806191932 -0.00628960636772 0.00722359139242 0.0183164950883 0.00308554194741 0.00616724820032 0.031262429794 0.0152457110535 0.00799534051634 0.0235491813313 0.0145325033192 0.00531721305881 0.000396055227431 0.0170188740872 0.07267023661 0.0780945998178 0.00158801329513 0.0221065204233 0.0219751001103 0.00944890298072 0.0158056166405 0.0221228647093 0.0200626246274 0.0142806098498 0.0239907529726 0.00946220817561 0.00798074402878 0.0150106955123 0.0294512947915 0.0230098972046 
0.00851910842372 0.0213369249864 0.030363578675 0.0209165470603 0.0257438266805 0.0266338423872 0.0358471493644 0.0364698179606 -0.00280691538369 0.373825098999 0.0293909003249 0.0189908720015 0.0189535441757 0.0365270244878 0.0283766272381 0.0375669450341 0.0135595545174 0.0326773884346 0.0424955770584 0.0131633224583 0.0176522483808 0.0127953524133 0.00582061476614 0.0236882836418 0.019636335626 0.00865093760329 0.0187900601839 0.027112603045 0.0172232049996 0.0105839527735 0.0268369492741 0.0489249622334 0.0164875251082 0.0463484563697 0.00773822905988 0.0316784702856 0.0156841525093 0.016006919649 0.002484982636 0.0125604462209 0.0412447630734 0.0033637182854 0.0286676781607 0.000336920629322 0.0361312454738 0.0340608663509 0.00768244790149 0.000661640783881 0.021332238388 0.0163728811684 0.0232317558487 0.0014311698753 0.00445606737525 0.0192653454689 0.00666462308149 -0.0124790566168 0.024414389837 0.0126756246254 0.0217352840098 0.0184034276176 
0.0015119200557 -0.0067945454356 0.116270623127 0.0150554373293 0.0376761517842 0.0223537435645 0.0101602317138 0.0500256263767 0.0124340628197 0.0293909003249 0.425327693956 0.0200618698723 0.0140546020914 0.042868966433 0.0116624495302 0.0320123120411 0.00363381138927 0.00860401152383 0.0399910736618 0.0122407309833 0.177749303326 -0.0106732678491 0.0164913486047 -0.00531462861769 0.0267837688583 0.161952997537 0.0197329332741 0.0449642660341 0.0198286240517 0.00724336208251 0.0331458678276 0.0336766695642 0.0129731349074 0.0169473099291 0.00297815457334 0.0146921593995 0.0249157549054 0.017348459364 -0.00349844851674 0.00699882332592 0.021072603099 0.0149738804043 0.0547729379091 0.00877245081756 0.050844969464 0.0620096672049 0.0149132932434 0.0129974508064 0.0138341895168 0.0215783864462 0.0287877107761 0.00361363664955 0.0165336008785 0.00502328232832 0.0058177251297 -0.00150888851856 0.0124539462677 0.00326449449772 0.00836415931656 0.0215494613082 
0.00967514202126 0.00516586238669 0.0159849732385 0.0571697490206 -5.64318130827e-05 0.0207851272403 0.0064082792161 0.00450325982347 0.00384756743414 0.0189908720015 0.0200618698723 0.145519510815 0.0113912176952 0.00445466359186 0.00606143254532 0.00588920103004 -0.00113277371293 0.0113183533198 -0.00527711172618 0.00609335384208 0.0221439225879 0.00760409788493 0.00510361384577 0.0021153171466 0.0146277483863 0.010205576183 0.0111138018775 0.00922624961752 0.0130222520338 0.00507826155611 0.0145607677945 0.0125106828456 0.0171489313996 -0.0033342383538 0.00210022378661 0.0107160731002 0.0213114734687 0.00288132060254 0.00769325887957 0.00666313628848 0.0217690802248 0.0076745323145 0.00343498551485 0.0151813688811 0.0119414572838 0.00669183979089 0.00642216332591 0.020112209685 0.0223293140012 0.00208784278083 0.00575016869698 0.0143241641955 0.0566709864047 0.0126923799312 0.0217051764428 0.0111378482505 0.00689624294753 -0.00617748001418 0.00317188050313 0.0134315693239 
0.015598864191 0.0456126181784 0.0507433799594 0.0223767335465 0.0329743469959 0.0223969001151 0.0320573454472 0.0275431019566 0.0220108108475 0.0189535441757 0.0140546020914 0.0113912176952 0.231396216291 0.0288356263267 0.0254897543608 0.0313788369948 0.0170526819611 0.0314747913497 0.0153987633332 0.0181644714434 0.0426075005354 0.0119249347427 0.0104415146528 0.00867305151397 0.0177743691696 0.0144945079113 0.00620836190585 0.0288441809972 0.0167909840494 0.0238695591629 0.0250966297237 0.028095758176 0.0223124646453 0.00758911129832 0.0157600252363 -0.00202336600878 0.0296820913831 0.0249822329803 0.0160787123056 0.0153968523094 0.00840295777581 0.00878826580556 0.0319464374169 -0.000504339798796 0.0331739135262 0.0260925531634 -0.00128888964253 0.0128804310188 0.0262427084765 0.0166278071535 0.0133897888998 0.0196801071031 0.0198040055996 0.0131167652315 0.0203544884688 0.00854157619207 0.0198609421718 0.00151945145289 0.0213648518644 0.0138775316843 
0.00565947115107 0.00970605545893 0.0451352605085 0.000907538800917 0.108121093251 0.0258929339052 0.073344014357 0.0535418855479 0.0317387521656 0.0365270244878 0.042868966433 0.00445466359186 0.0288356263267 0.404188257489 0.03471459569 0.0238115466988 0.0113273321717 0.102879212948 0.0916204676242 0.00119768763403 0.0197117437818 0.0142457727491 0.0398720334161 0.0118788512038 0.0215463437994 0.0502983144954 0.0195183774552 0.0469450427662 0.0182470308266 0.0256109482669 0.0168736981635 0.0254312830403 0.0171509977758 0.00402199653308 0.00659938978675 0.00540927184115 0.00144326466948 0.0201675790947 0.0225571856971 0.0300725635026 0.0409635473781 0.0480286308497 0.0532260792459 0.0083985956453 0.0408692901512 0.0496505305874 0.00185924236419 0.0205323221104 0.0187530593202 0.0139018204284 0.105861175751 0.0151712862001 0.00555012459457 0.00943495090659 0.0268798588951 0.0060558117996 0.0183364138873 0.0137401645368 0.0264078167057 0.0182331275408 
0.000325690963628 0.0359484041166 0.037964703932 0.0004663926376 0.0402379797579 0.026738937531 0.0267584317484 0.0237824197309 0.0333051464907 0.0283766272381 0.0116624495302 0.00606143254532 0.0254897543608 0.03471459569 0.468651534105 0.00648610073673 0.0233392062085 0.0274998182259 0.0104875670888 -0.00374252502681 0.0117850721022 0.00462240480516 0.0238257604301 0.0149981364827 0.0252081439705 0.0267059160695 0.0231839719649 0.0245010823165 0.00202276341216 0.023190340786 0.01321136641 -0.00700364351379 0.00743409921881 0.0128784312538 -0.00456065845065 0.0115048436403 0.0181133483198 0.0109424216448 0.0207591890601 0.0598573026669 0.0306510038144 0.00582836701489 0.0327169390721 -0.00859451884964 0.040172945085 0.0648709458742 0.0131646671281 0.0323216284999 0.0228566402569 0.00644759067565 0.0385955530206 0.0133940464095 0.0082941590367 0.020567806458 0.00773085512288 0.00133207181502 0.0245436828649 0.0165067002428 0.0235618918458 0.0105424683153 
0.00983816255762 0.012597730452 0.0021430957651 0.0171472510913 0.0322679004592 0.00823620344184 0.0352477976133 0.0303808981603 0.00850998607256 0.0375669450341 0.0320123120411 0.00588920103004 0.0313788369948 0.0238115466988 0.00648610073673 0.346915950182 -0.0083135478072 0.0279723486642 0.024759404128 0.0199872404505 0.0264207558578 0.0147060084455 0.0133850599517 0.0212167327542 0.00965156914418 0.0443353658179 0.0195914532558 0.0296707317782 0.00972047762566 0.00907398412406 0.0119368999399 0.075471297084 0.0106510981425 0.0285438716176 -0.000930460231463 0.0258537059898 0.0037494437132 0.0169618368074 0.00320597134259 -0.00540519049287 0.0312920330334 0.0146805828705 0.0376145551128 2.74615142331e-05 0.0164591400582 0.0246209352437 -0.00103429835273 -0.0019795461603 0.0198344508443 0.0153012029801 0.0085934370416 0.0138818575724 0.00926921094518 0.00928281155887 0.0165920380012 0.00842910825985 0.0105580209954 0.0128177531513 0.0132110042285 0.00585839305843 
0.0135345584768 0.00996204729082 0.00628028291081 -0.00999216826114 0.0189632094154 0.0204343661934 0.0198008048869 0.0221332829976 0.026286789891 0.0135595545174 0.00363381138927 -0.00113277371293 0.0170526819611 0.0113273321717 0.0233392062085 -0.0083135478072 0.239614941915 0.0142485092384 0.0212446773984 0.00708679858856 0.00762688471284 0.0155845266493 0.00715270050921 0.00794652790426 0.0217347610799 0.00472406534075 0.0120375928251 0.0364370647026 0.0128085130139 0.00936545172408 0.0139696917284 0.000733052271812 0.0120710020367 0.0241113170878 0.00348193385365 0.0217680426153 0.0239405260116 0.00289062382511 0.0188752702068 0.0261241229061 0.00708467220869 0.00153347319868 -8.35286601106e-05 0.00501127926926 0.0318904327427 0.0339173134031 0.0119993095956 0.00476944568377 0.0100238778699 0.0225207862738 0.00587760964698 0.0115091168199 -0.000834078020522 0.00388922278952 0.015418056746 -0.0051094458481 0.0202691448908 0.0334129256787 0.0206874599819 0.0182161625962 
0.0177300471481 0.0125547365318 0.0381222198222 0.0157677297905 0.0953823981944 0.0329135999364 0.0840610465288 0.0306390495374 0.0228726921944 0.0326773884346 0.00860401152383 0.0113183533198 0.0314747913497 0.102879212948 0.0274998182259 0.0279723486642 0.0142485092384 0.351940494037 0.108881750171 0.0173384488316 0.0407286272962 0.00601741239748 0.0136430814982 0.024440394101 0.0153389315604 0.01267015371 0.0180208188305 0.0171225639399 0.0283151235882 0.0162543907868 0.0299212641187 0.0237212709839 0.0197789279778 0.0214228063241 0.00835892515979 0.0311748805889 0.0251880257715 0.0170397154097 0.0170125456889 0.00762801337501 0.0347917168387 0.00296756865687 0.0306950530867 0.01894728166 0.0300364471518 0.0275756716106 -0.00154156829842 0.0245185887032 0.0242821992623 0.0128258288435 0.0767279818967 0.012058726019 0.00922335480236 0.00787840747621 0.0194744631859 0.012902936339 0.0166482946137 0.0142789091326 0.0247531742964 0.0225471319299 
0.00873484619171 0.0282553473942 0.0476347095104 0.00285233620954 0.059996142313 0.0288488543534 0.037905142264 0.00444755173289 0.0208070329716 0.0424955770584 0.0399910736618 -0.00527711172618 0.0153987633332 0.0916204676242 0.0104875670888 0.024759404128 0.0212446773984 0.108881750171 0.370562654832 0.0347500249938 0.0536789932404 0.0139208790834 0.0160656030665 0.000155005926028 0.000130875570648 0.0300959960303 0.0281823039483 0.0499871262127 0.00126160091694 0.0168458223273 0.0178892658655 0.0251562376027 0.00261283816375 0.031787686076 0.00575631708978 0.0139611658962 0.0319631138195 0.0102822777622 0.00985204959666 0.00619183140347 0.0445010493048 -0.00421195373769 0.0455874547803 -0.00516134318439 0.0464851066968 0.0365881906303 0.00355236049091 0.0156900372876 0.0299777205451 0.016776103058 0.0588684841703 0.00208246039535 0.00719821072902 0.00926214555633 0.00594735968741 0.00802926032374 0.0136075079399 0.00250144664077 0.0345327978392 0.00379530457376 
0.00153280375774 0.0105680505226 0.0197849239868 0.0168694135807 0.0129922320967 0.0268111468101 0.0134441215226 -0.000934875697579 -0.000142132608338 0.0131633224583 0.0122407309833 0.00609335384208 0.0181644714434 0.00119768763403 -0.00374252502681 0.0199872404505 0.00708679858856 0.0173384488316 0.0347500249938 0.464218686509 0.00581581706576 0.0122800940234 -0.00216484217641 0.00201874099538 0.032186243837 -0.0220140566999 0.0115437824472 0.0202451361911 0.00639241795608 0.0209010600688 0.0262653422669 0.00203406257594 0.00435362983823 0.0133106695555 0.015460704405 0.000921558405489 0.0236820720306 -0.00660267382486 -0.010647264531 0.0291353080793 0.0306180597908 0.00334833646675 0.035014322239 -0.0115708017097 0.0026165204331 0.0256061609641 0.00530063418434 0.0197939309961 0.00254823350562 0.0318504276296 -0.00459086609383 -0.000996942278961 0.00286592881618 0.00797231026852 0.0102415302989 0.0117121746658 0.0191284210201 0.0193588722447 0.0026973282928 -0.00445399472062 
-0.00621953924173 0.00836231595353 0.140464592023 0.0197187834824 0.0146966181979 0.0179429991896 -0.0120159998319 0.0335573760708 0.0190234619049 0.0176522483808 0.177749303326 0.0221439225879 0.0426075005354 0.0197117437818 0.0117850721022 0.0264207558578 0.00762688471283 0.0407286272962 0.0536789932404 0.00581581706576 0.485073913233 0.0136818152595 0.000245754456473 0.00807877545496 0.0195042695805 0.167601471897 0.00598049757958 -0.00973890371531 -0.000177759081823 -0.00195296872253 0.0209676104611 0.0205659524903 0.00264685732182 0.0091437808126 0.0059988263081 0.013658872787 0.0233981812595 0.0100497900558 0.0168452743696 0.00296171499845 0.0235608523375 0.0121237925756 0.0165632179149 0.00392770495506 0.065165583799 0.0549805592307 0.0132833816616 0.00926765305495 0.0065914091474 0.00123733367173 0.00486284390603 0.0120215251538 0.023451790407 0.0100162849827 -0.00161367721552 0.00485220885388 0.00377433647754 -0.00842501768449 0.00472396597799 0.00862303773574 
0.0231269594844 0.0232182929319 0.0401421939588 0.00631114765022 0.019976452816 0.0102997180401 0.0119625312096 0.0233154568809 0.0142655970293 0.0127953524133 -0.0106732678491 0.00760409788493 0.0119249347427 0.0142457727491 0.00462240480516 0.0147060084455 0.0155845266493 0.00601741239748 0.0139208790834 0.0122800940234 0.0136818152595 0.228445432257 0.0265119764495 0.0214061384829 0.0256936559711 -0.00651089955556 0.000986513638056 0.0195334060545 0.00646499059667 0.0125524439908 0.0135617843525 0.0124288526103 0.00518160273787 0.00720328666123 0.00711918009356 0.0174197653865 0.00950744519396 0.00452877747104 0.0141472815773 0.0130203808579 0.0345585019277 0.00264916665857 0.0184471701993 -0.00207970679311 0.0292227783316 0.0340139359708 -0.00219245018504 0.00367917759885 0.0136316467204 0.0116657702922 0.00386303195253 0.00329274356902 -0.000830352747311 0.00445657568441 0.0149194366421 0.022691898888 0.0367924931215 0.0192673408073 0.0156036390594 0.0100746429107 
0.00527806449062 0.00478425809651 0.0377117702098 0.00565294746195 0.0205751656942 0.00635754409893 0.0488307546198 0.0174984205913 0.0334335892135 0.00582061476614 0.0164913486047 0.00510361384577 0.0104415146528 0.0398720334161 0.0238257604301 0.0133850599517 0.00715270050921 0.0136430814982 0.0160656030665 -0.00216484217641 0.000245754456473 0.0265119764495 0.292768119627 0.0100155236218 0.0193916750182 0.016087088219 0.00449732616441 0.0481825855991 0.0115058092167 0.0112206207949 0.00310804461109 0.0275768986153 0.0149795919691 0.0423934658544 0.0118926495169 0.0069626911417 0.0193029062232 0.00998083665812 0.0190663313725 0.00671521179728 0.0173056049149 0.0136345516268 0.0182417146237 0.0145542987267 0.0341839330898 0.0223636491375 0.00911096973124 0.0166848330751 0.0108796140199 0.0214684157912 0.0235825201161 0.0056697137793 0.015421096731 0.0215468549823 0.00593337654141 -0.00131157717516 0.0157348315448 0.0162009361004 0.0486729172769 0.0166485057723 
0.00854465752025 -0.00389114756404 0.00875887690097 0.0136163969776 0.0164495037752 0.00171627855827 0.0223241129575 0.00838859066948 0.0286990662984 0.0236882836418 -0.00531462861769 0.0021153171466 0.00867305151397 0.0118788512038 0.0149981364827 0.0212167327542 0.00794652790426 0.024440394101 0.000155005926028 0.00201874099538 0.00807877545496 0.0214061384829 0.0100155236218 0.361224150351 0.0187689180154 0.0164487851426 0.00411726972932 0.0119510162068 0.0201675388758 0.0127652297749 0.0189210019694 0.0295275695451 0.0167800266511 -1.60340779034e-05 0.0212958293577 0.0536489482889 -0.000443235054606 0.0147882497372 0.00180907421652 0.00808189459896 -0.0163558379142 -0.0100459806064 0.0175322605399 0.00776070854731 0.0192803784065 0.0101436461245 0.00181718908233 0.0121722095922 0.0168863520663 0.018150839523 0.00872508023636 0.0194835480648 0.00739366937322 0.0168518865375 0.0302300868385 0.0117725268784 0.0150804834536 0.0247195940424 0.00300464104792 0.00691766127361 
0.0129326970648 0.0145656655152 0.0346296679436 0.0155777744227 0.0360943079048 0.026082532397 0.0463400451246 0.0387139042959 0.0235873734154 0.019636335626 0.0267837688583 0.0146277483863 0.0177743691696 0.0215463437994 0.0252081439705 0.00965156914418 0.0217347610799 0.0153389315604 0.000130875570648 0.032186243837 0.0195042695805 0.0256936559711 0.0193916750182 0.0187689180154 0.282324431978 0.0131016297135 0.00744232766264 0.0130172840842 0.0150714608415 0.0353354900016 0.0387233057476 0.0150060410167 0.00629339039277 0.0269597040898 0.00935403001052 0.00352054849289 0.0154534435974 0.0176367427734 0.0111176323381 0.0227254563899 0.0238769368437 -0.00272238202164 0.0348412331419 -0.00863188972278 0.0263076449007 0.0389755587342 0.00794326008787 0.0315666314594 0.0146176638646 0.0291232991846 0.0261380238622 0.0284529713953 0.00930025169599 0.0213308815198 0.0335363235621 0.00740969914268 0.0475259188413 0.0247705658298 0.0175696056283 0.0170507607132 
-0.00481628334611 0.0078000951119 0.110243531445 0.0209642073112 0.0178233226953 0.0124699806874 0.0117324185306 0.0314920642627 0.0289225144358 0.00865093760329 0.161952997537 0.010205576183 0.0144945079113 0.0502983144954 0.0267059160695 0.0443353658179 0.00472406534075 0.01267015371 0.0300959960303 -0.0220140566999 0.167601471897 -0.00651089955556 0.016087088219 0.0164487851426 0.0131016297135 0.433005230591 0.0118421947497 0.0218524754283 0.00670183350852 0.0162169476729 0.0234611230833 0.0559705068202 0.00132626188778 0.00456442410697 0.0023621577129 0.0154391928027 0.0201313894252 0.00523067764726 0.00406425424095 0.00425441568423 0.0267140223719 0.0182388174511 0.0317064301565 0.00782297389074 0.0470163734695 0.0286581444843 0.00834081359933 0.041855097968 0.0216979413988 0.0138170848354 0.00403690274601 0.000581692603963 0.0114749574492 0.00310209164287 0.0129137041584 0.00450667955726 0.00796347940648 0.00897152755052 0.00364513047144 0.026322150155 
-0.00384896378747 0.0113032185573 0.00553692371978 -0.00811113199417 0.0192724737667 0.0172922681064 0.00545886132009 0.0110510244886 0.0185121221469 0.0187900601839 0.0197329332741 0.0111138018775 0.00620836190585 0.0195183774552 0.0231839719649 0.0195914532558 0.0120375928251 0.0180208188305 0.0281823039483 0.0115437824472 0.00598049757958 0.000986513638057 0.00449732616441 0.00411726972931 0.00744232766264 0.0118421947497 0.397688230421 0.0101821727298 0.0406576052089 0.0181774638376 0.0118517902917 -0.00218236600694 0.0084365033107 0.0116725223139 0.0111651781913 -0.00397749860399 0.013077482453 0.00607347977092 0.0124562856224 0.019597845015 0.00564752379297 -0.00196511025117 0.0328524176557 0.0069407602352 0.0448730616058 0.0424864316613 0.00182722044891 0.0071426493026 0.0216229031859 -0.00289803429228 -0.0026271931049 0.0138167325539 0.00461249341069 0.00426256900828 0.0262920105853 0.00691140733291 0.0226530065375 -0.0113357223544 0.0105120678456 0.00637817477163 
0.019519989493 0.0115129687026 0.0300677400971 0.00325875877971 0.0389498983711 0.0186224724423 0.0325562307752 0.022557202452 0.0249633373607 0.027112603045 0.0449642660341 0.00922624961752 0.0288441809972 0.0469450427662 0.0245010823165 0.0296707317782 0.0364370647026 0.0171225639399 0.0499871262127 0.0202451361911 -0.00973890371531 0.0195334060545 0.0481825855991 0.0119510162068 0.0130172840842 0.0218524754283 0.0101821727298 0.322129342549 0.00872173775932 0.0179905563956 0.0228285286099 0.00598924538483 0.017078880408 0.0542346376331 0.017019673852 0.0255307069171 0.029085790698 0.00815327776438 0.0105204166868 0.019763272285 0.0135698478418 0.00239469129339 0.015320609877 0.0189383786379 0.0302777723782 0.0248488615119 0.0218156511573 0.0146270618592 0.0185633003897 0.013663517578 0.0231544416361 0.0112360789028 0.0213833424985 0.0124227111038 0.00601428410297 -0.000717400362646 0.00558315871689 0.0380290166213 0.0521478653433 0.0233681964602 
0.0138850730502 0.0118707376868 0.0291681648433 0.0299669553293 0.0146060289741 0.0276329372844 0.0167925234171 0.0233128362112 0.0175555852553 0.0172232049996 0.0198286240517 0.0130222520338 0.0167909840494 0.0182470308266 0.00202276341216 0.00972047762566 0.0128085130139 0.0283151235882 0.00126160091694 0.00639241795608 -0.000177759081823 0.00646499059667 0.0115058092167 0.0201675388758 0.0150714608415 0.00670183350852 0.0406576052089 0.00872173775932 0.241296438114 0.0210890413953 0.0143491692057 -0.00107297404157 0.0135048018468 0.00866593530249 0.0193204151744 0.0107884535952 0.00873806756313 -0.00456511324845 0.0119480020882 0.014901657762 0.00712885873319 0.00644485387632 0.0133401641195 0.00409566630923 0.0313040492521 0.0204816026208 0.00172212001243 0.00345243117246 0.00225705292757 0.0227653051858 0.0161826162092 0.0221189868 0.023236362737 0.0133553787148 0.0348082527337 0.0162208053175 0.0327684854438 0.0287843865462 0.0153935523094 0.0158029106339 
0.0244235555766 0.0218189510783 0.0478751138367 0.0026646416536 0.0201875694913 0.0161698932355 0.0191797396345 0.00996839537003 0.0222859229265 0.0105839527735 0.00724336208251 0.00507826155611 0.0238695591629 0.0256109482669 0.023190340786 0.00907398412406 0.00936545172408 0.0162543907868 0.0168458223273 0.0209010600688 -0.00195296872253 0.0125524439908 0.0112206207949 0.0127652297749 0.0353354900016 0.0162169476729 0.0181774638376 0.0179905563956 0.0210890413953 0.230591661791 0.0261715408175 -0.00976044829568 0.00888681878619 0.0131113326575 0.00703251510878 0.0075269611949 0.0307183361367 0.000626734277804 0.00144456762889 0.0101064087752 0.0305741594637 0.0125426805272 0.00770284168626 0.00658747789407 0.0290074368648 0.0228772508249 -0.0048172335317 0.0173167186189 0.0146935177471 0.00802707451538 0.0269700549317 0.0174203576934 0.00371080072614 0.0232094786245 0.0524702685025 -0.00282744017853 0.0858386895631 0.0281444413509 0.0288287711602 0.00613170370291 
0.0119911286928 0.0132359998774 0.0392455167763 0.0188617472858 0.022171185831 0.0271705019259 0.0320217831975 0.0285529212295 0.018806191932 0.0268369492741 0.0331458678276 0.0145607677945 0.0250966297237 0.0168736981635 0.01321136641 0.0119368999399 0.0139696917284 0.0299212641187 0.0178892658655 0.0262653422669 0.0209676104611 0.0135617843525 0.00310804461109 0.0189210019694 0.0387233057476 0.0234611230833 0.0118517902917 0.0228285286099 0.0143491692057 0.0261715408175 0.183892824308 0.00176735585112 0.0266954931333 0.0325268742931 -0.00168033602981 0.0196495603332 0.0303183448224 0.0203018152678 0.0160800704677 0.0250973345061 0.00420019193242 0.0147623806549 0.00453322638742 0.0243913452468 0.0364382610131 0.0472377841137 0.0098487740092 0.0133220581361 0.0124652437424 0.0230857761324 0.0109332635594 0.0154105381046 0.0105159246354 0.0142050031253 0.0280615200379 0.00895957274927 0.0378698735604 0.0225369718311 0.0198136709475 0.0228681381665 
0.00647407777779 0.0110904397866 -0.0133497357755 0.0169797695065 0.0173056683219 0.0289321788609 0.0129714276681 0.03580174346 -0.00628960636773 0.0489249622334 0.0336766695642 0.0125106828456 0.028095758176 0.0254312830403 -0.00700364351379 0.075471297084 0.000733052271812 0.0237212709839 0.0251562376027 0.00203406257594 0.0205659524903 0.0124288526103 0.0275768986153 0.0295275695451 0.0150060410167 0.0559705068202 -0.00218236600694 0.00598924538483 -0.00107297404157 -0.00976044829568 0.00176735585112 0.525998738431 0.00894643290132 0.012885477738 0.00684130482226 0.00120227698016 -0.00257273253051 0.00814990435476 0.010133780901 0.0218741021584 -0.0101948691523 0.00451414909025 0.15339001823 -0.00242555808151 -0.0055462709528 -0.000854134024682 0.00620224360869 0.0171730295435 0.00524184408489 0.00105492895106 0.0207904852431 0.000391467628334 0.00161691946697 -0.00758179381474 0.0425503458272 0.0191454977038 -0.00728435982068 0.0141739613089 0.0256761749058 0.0201245611147 
0.0136683725639 0.0342381304017 0.00739650543485 0.00843368165384 0.00554640788315 0.00669307143955 -0.00563489217223 0.00939363036192 0.00722359139242 0.0164875251082 0.0129731349074 0.0171489313996 0.0223124646453 0.0171509977758 0.00743409921881 0.0106510981425 0.0120710020367 0.0197789279778 0.00261283816375 0.00435362983823 0.00264685732182 0.00518160273787 0.0149795919691 0.0167800266511 0.00629339039277 0.00132626188778 0.0084365033107 0.017078880408 0.0135048018468 0.00888681878619 0.0266954931333 0.00894643290132 0.157216581778 0.0112241749869 0.00241579841414 0.0143103999308 0.0209363563528 0.0124985421847 0.0126842496339 0.00572938964245 0.028315547983 0.0127984041332 -0.00327660936893 0.0180316124372 0.0119613300459 0.0180018250703 0.000505736236701 0.0174336750278 0.0121182626613 0.0203575412429 0.0137105563763 0.0214378042809 0.01435189209 0.0181679934349 0.0235724220158 0.0100724910534 0.01163429787 0.0143647580363 0.0175809856219 0.0123265765694 
0.00648957719873 0.0177062487528 0.00471126374163 0.00844715521881 0.0281764990686 0.0244705086155 0.022540448131 0.0154275177563 0.0183164950883 0.0463484563697 0.0169473099292 -0.0033342383538 0.00758911129832 0.00402199653308 0.0128784312538 0.0285438716176 0.0241113170878 0.0214228063241 0.031787686076 0.0133106695555 0.0091437808126 0.00720328666123 0.0423934658544 -1.60340779034e-05 0.0269597040898 0.00456442410697 0.0116725223139 0.0542346376331 0.0086659353025 0.0131113326575 0.0325268742931 0.012885477738 0.0112241749869 0.312812502321 0.00634313501988 0.0030148871535 0.0184212428522 0.0469765068317 0.000821579732047 0.0135775320314 0.0372632069688 0.0144942469447 0.00591052092593 0.0113825742099 0.0528697491451 0.0524310597505 0.0112887042792 0.0208253617352 0.0204103063202 0.0363524853692 0.0124149588414 0.015703032128 0.00381648835019 0.0115082402297 0.00688025028497 -0.00100272442962 0.0228252641266 0.0336144950488 0.0316134056636 0.0154826705213 
0.0200616809307 0.00651198577263 0.00556653291674 0.00577148311358 -0.00246137558233 -0.00384368089054 0.00433862237607 -0.00102497542401 0.00308554194741 0.00773822905988 0.00297815457334 0.00210022378661 0.0157600252363 0.00659938978675 -0.00456065845065 -0.000930460231464 0.00348193385365 0.00835892515979 0.00575631708978 0.015460704405 0.0059988263081 0.00711918009356 0.0118926495169 0.0212958293577 0.00935403001052 0.00236215771291 0.0111651781913 0.017019673852 0.0193204151744 0.00703251510878 -0.00168033602981 0.00684130482226 0.00241579841414 0.00634313501988 0.17239671733 0.0342252666581 0.00592279566035 0.0184552730063 0.00446943996079 0.00688022808152 0.00387546350804 -0.0025568662903 0.00846770546304 0.00763725546599 0.00825621667622 0.00934392525562 -0.00911920772326 0.00919321068737 0.0165431001233 0.00849390027274 0.0109084943561 0.00702887455391 0.00207800109831 0.0147785626152 0.0113423580045 0.00412488057061 0.012478924245 0.00863879611923 0.00384279187958 -0.00220387059623 
0.0133579617609 -0.00655668782809 -0.00934569737758 0.00439103615861 0.036698689948 0.0100394515746 0.0137538432528 0.00220157521643 0.00616724820032 0.0316784702856 0.0146921593995 0.0107160731002 -0.00202336600878 0.00540927184115 0.0115048436403 0.0258537059898 0.0217680426153 0.0311748805889 0.0139611658962 0.000921558405489 0.013658872787 0.0174197653865 0.0069626911417 0.0536489482889 0.00352054849289 0.0154391928027 -0.00397749860399 0.0255307069171 0.0107884535952 0.0075269611949 0.0196495603332 0.00120227698016 0.0143103999308 0.0030148871535 0.0342252666581 0.615033448538 0.0138625063638 -0.000606083468306 0.0071749776265 0.00504330279475 0.00743135142882 -0.000620728891787 0.0111914633376 0.00269903488463 0.0199062955631 0.0103166482177 0.0159480439154 0.0145346708838 0.00518098166013 0.0273489025354 0.035342430914 0.00804279178404 0.0137565613019 0.0116959762456 -0.00091837706428 0.0192061538303 0.00816641456621 -0.0101971049399 -0.00494643346057 -0.00850661928834 
0.0125522116883 0.0181956417912 0.0565876901889 0.0193042774562 -0.0101142979249 0.0248416266617 0.0228539024618 0.0388928477948 0.031262429794 0.0156841525093 0.0249157549054 0.0213114734687 0.0296820913831 0.00144326466948 0.0181133483198 0.0037494437132 0.0239405260116 0.0251880257715 0.0319631138195 0.0236820720306 0.0233981812595 0.00950744519396 0.0193029062232 -0.000443235054606 0.0154534435974 0.0201313894252 0.013077482453 0.029085790698 0.00873806756313 0.0307183361367 0.0303183448224 -0.00257273253051 0.0209363563528 0.0184212428522 0.00592279566035 0.0138625063638 0.27350113751 0.0156246641159 0.0176637318797 0.0275322806735 0.0290682110094 0.00589379405895 0.0329340162248 0.0110795205758 0.0349971116179 0.00700489036761 0.00946740308243 0.0118720572794 0.0313107288142 0.0293439393218 0.00687422105271 0.0170915481291 0.0180964719104 0.0178488100723 0.0188158294385 0.00471155118838 0.0218993495231 0.0104087412338 0.0246373523263 0.028674422745 
0.0237473145682 0.0106373125458 0.0229868841307 0.0030424541442 0.008279060242 0.0061240157398 0.0125147791937 0.00859100956942 0.0152457110535 0.016006919649 0.017348459364 0.00288132060254 0.0249822329803 0.0201675790947 0.0109424216448 0.0169618368074 0.00289062382511 0.0170397154097 0.0102822777622 -0.00660267382486 0.0100497900558 0.00452877747104 0.00998083665812 0.0147882497372 0.0176367427734 0.00523067764726 0.00607347977092 0.00815327776438 -0.00456511324845 0.000626734277802 0.0203018152678 0.00814990435476 0.0124985421847 0.0469765068317 0.0184552730063 -0.000606083468306 0.0156246641159 0.205224071689 0.0157498586574 0.0170539278583 -0.00444825624304 0.00603388476224 0.0125442525393 0.0119406364353 0.0257646271798 0.00321562674856 0.0013602295645 0.01230096227 0.0177680747425 0.00496572422691 0.0137308065667 0.0117476467995 0.00111293784492 0.0174769541887 0.00135626467744 0.00205916861523 0.00272594258349 0.00366413836183 0.0115400632514 0.00692047943838 
0.00524719853645 0.0133529836159 0.0261101848378 0.0114780493092 0.00853319762254 0.0138584103576 -0.000514543566427 -0.000747519128395 0.00799534051634 0.002484982636 -0.00349844851674 0.00769325887957 0.0160787123056 0.0225571856971 0.0207591890601 0.00320597134259 0.0188752702068 0.0170125456889 0.00985204959666 -0.010647264531 0.0168452743696 0.0141472815773 0.0190663313725 0.00180907421652 0.0111176323381 0.00406425424095 0.0124562856224 0.0105204166868 0.0119480020882 0.00144456762889 0.0160800704677 0.010133780901 0.0126842496339 0.000821579732046 0.00446943996079 0.0071749776265 0.0176637318797 0.0157498586574 0.212265283615 -0.00260997216456 0.000108268516537 0.0438068451599 0.0139440479303 0.0303951299435 0.0139425593452 -0.000364931462201 -0.00217531729667 0.000530201743533 0.00608127163805 0.0123069365811 0.00832252344661 0.0115414926605 0.0120435413152 0.0141235158212 0.00160680708774 0.0103385260565 0.0033210179886 0.000277731512848 0.0285607133055 0.0108260177883 
