20
0.0832698050771 0.0123991351417 0.371102806834 0.090319564185 0.0355019489908 0.0162851568228 0.0359279599811 0.0406155741598 0.0262343191133 0.0223320424584 0.045759308444 0.133327922328 0.0330111524363 0.478952808182 0.0788996306534 0.0565521495323 0.0377827405953 0.0313696733512 0.0800378705657 0.0265193363437 
0.403444118859 0.0177752110979 0.0633799592067 0.0130703800286 0.0103423676957 0.0428026908861 0.0232363879223 0.0342427626515 -0.0037912204721 0.00381317410313 0.112943601169 0.0128477034662 0.00426744569362 0.0244407419338 0.00592558013413 0.0192164212872 0.0489708887557 0.0208545560406 0.0218766582829 0.0196495154609 
0.0177752110979 0.197899866434 0.00574018066852 0.0282635448047 0.014084826368 0.017177966533 -0.000118522144172 0.0202884747967 0.0201332577116 0.00552992873828 0.0238706428036 0.0276928280703 0.0178323243736 -0.0134615195456 0.00728229527528 0.0087631126748 0.0119815090199 0.0126590878723 0.0182727690903 0.0137283652144 
0.0633799592067 0.00574018066852 1.24831394028 0.0299244826632 0.0306566864051 0.0290707719877 0.0325533571305 0.0297960296343 -0.000140522277572 0.0110065725612 0.0269023489302 0.0384359436692 0.0257448750256 0.0843710197495 -0.000684116865498 0.0325874620817 0.0155756209961 0.027138352581 0.102448546167 0.0205163833261 
0.0130703800286 0.0282635448047 0.0299244826632 0.619350741687 0.00672042968121 0.0189982620649 0.0183281135231 0.0292924502742 0.0171484563555 0.0127633367277 -0.00246132488274 0.0334274241425 0.0340244996691 0.0151450743633 0.0155108064409 0.0292236783067 0.0110753503481 0.0235669572993 0.0148440937924 0.0395020909778 
0.0103423676957 0.014084826368 0.0306566864051 0.00672042968121 0.323033473591 0.0133161701134 0.016984801697 0.0258362329505 0.030756177605 0.0203561266921 0.0130107070225 0.0291733542879 0.0319451483922 0.0233098057269 0.0122228588785 0.00125667617075 0.0137881300601 0.00704651527296 0.0191217519047 0.020713896334 
0.0428026908861 0.017177966533 0.0290707719877 0.0189982620649 0.0133161701134 0.165922789927 0.0144995134473 0.0379628236437 0.0225861307485 0.0148453145092 0.0271916407318 0.0106194437801 0.0136907416518 -0.0128483204811 0.00265493966112 0.0184339578869 0.0267714097709 0.0157482970195 0.00338531474262 0.0166796680111 
0.0232363879223 -0.000118522144172 0.0325533571305 0.0183281135231 0.016984801697 0.0144995134473 0.238263022638 0.0179559831957 0.0176818470069 0.00281037343966 0.0173221128466 0.0177723451907 0.0338265907199 -0.00392825894472 0.005974877702 0.00334665053938 0.038009074462 0.0324193314016 0.0279112898186 0.0181874736905 
0.0342427626515 0.0202884747967 0.0297960296343 0.0292924502742 0.0258362329505 0.0379628236437 0.0179559831957 0.245020865475 0.0343770524584 0.00740889040482 0.0233951698044 0.0217778458459 0.0354389521877 0.00165825600232 0.00381252417764 0.0198890595851 0.0249607570828 0.0325869270706 0.0211688238184 0.0218812615991 
-0.0037912204721 0.0201332577116 -0.000140522277573 0.0171484563555 0.030756177605 0.0225861307485 0.0176818470069 0.0343770524584 0.202998057364 0.00542544049946 0.02019899465 0.00617559625202 0.0350722498477 -0.00553965494864 0.0121425979464 0.0216959213152 0.021606054297 0.0325868908689 0.0280100049818 0.0182898770927 
0.00381317410313 0.00552992873828 0.0110065725612 0.0127633367277 0.0203561266921 0.0148453145092 0.00281037343966 0.00740889040482 0.00542544049946 0.21252333001 0.00974050382687 0.00509705197581 0.00188477469061 -0.00608196788359 0.0117644156011 0.00935805351829 0.00536995757976 0.00187306396144 0.011284067202 0.000710413000822 
0.112943601169 0.0238706428036 0.0269023489302 -0.00246132488274 0.0130107070225 0.0271916407318 0.0173221128466 0.0233951698044 0.02019899465 0.00974050382687 0.221322476671 0.0143992521645 0.0185542225279 0.0261928097075 0.0129878287351 0.0137481943951 0.0525114692328 0.00758868355413 0.0117691762498 0.0168753463782 
0.0128477034662 0.0276928280703 0.0384359436692 0.0334274241425 0.0291733542879 0.0106194437801 0.0177723451907 0.0217778458459 0.00617559625202 0.00509705197581 0.0143992521645 0.834114393234 0.024601952749 0.00819041267596 0.00474237823202 0.0260397621863 0.022826094956 0.00929665245929 0.0255181087352 0.0231543607182 
0.00426744569362 0.0178323243736 0.0257448750256 0.0340244996691 0.0319451483922 0.0136907416518 0.0338265907199 0.0354389521877 0.0350722498477 0.00188477469061 0.0185542225279 0.024601952749 0.330783395445 0.0168414423286 0.015191391677 0.0261224120823 0.0298425622888 0.0314026664492 0.0287114694151 0.0271201421052 
0.0244407419338 -0.0134615195456 0.0843710197495 0.0151450743633 0.0233098057269 -0.0128483204811 -0.00392825894472 0.00165825600232 -0.00553965494864 -0.00608196788359 0.0261928097075 0.00819041267596 0.0168414423286 5.23754325135 0.00402546903982 0.00863455340626 -0.00748377763894 0.00846050648004 0.0215927954027 -0.00849830773732 
0.00592558013413 0.00728229527528 -0.000684116865502 0.0155108064409 0.0122228588785 0.00265493966112 0.005974877702 0.00381252417764 0.0121425979464 0.0117644156011 0.0129878287351 0.00474237823202 0.015191391677 0.00402546903982 0.76037133964 0.0323884341083 0.00493244408763 0.0117535389361 -0.00519375005707 -0.00412714993423 
0.0192164212872 0.0087631126748 0.0325874620817 0.0292236783067 0.00125667617075 0.0184339578869 0.00334665053938 0.0198890595851 0.0216959213152 0.00935805351829 0.0137481943951 0.0260397621863 0.0261224120823 0.00863455340626 0.0323884341083 0.380577899054 0.0234500201893 0.00138188360174 0.0109043597929 0.0109816771086 
0.0489708887557 0.0119815090199 0.0155756209961 0.0110753503481 0.0137881300601 0.0267714097709 0.038009074462 0.0249607570828 0.021606054297 0.00536995757976 0.0525114692328 0.022826094956 0.0298425622888 -0.00748377763894 0.00493244408763 0.0234500201893 0.331538332549 0.0143644465935 -0.0013497949424 0.00556874446194 
0.0208545560406 0.0126590878723 0.027138352581 0.0235669572993 0.00704651527296 0.0157482970195 0.0324193314016 0.0325869270706 0.0325868908689 0.00187306396144 0.00758868355413 0.0092966524593 0.0314026664492 0.00846050648004 0.0117535389361 0.00138188360174 0.0143644465935 0.186299544723 0.0158812399533 0.0221850768325 
0.0218766582829 0.0182727690903 0.102448546167 0.0148440937924 0.0191217519047 0.00338531474262 0.0279112898186 0.0211688238184 0.0280100049818 0.011284067202 0.0117691762498 0.0255181087352 0.0287114694151 0.0215927954027 -0.00519375005707 0.0109043597929 -0.0013497949424 0.0158812399533 0.377133732066 0.00809992515168 
0.0196495154609 0.0137283652144 0.0205163833261 0.0395020909778 0.020713896334 0.0166796680111 0.0181874736905 0.0218812615991 0.0182898770927 0.000710413000822 0.0168753463782 0.0231543607182 0.0271201421052 -0.00849830773732 -0.00412714993423 0.0109816771086 0.00556874446194 0.0221850768325 0.00809992515168 0.217811061408 

['APC', 'TWX', 'CIEN', 'DRI', 'FISV', 'AEP', 'GD', 'SPG', 'MI', 'CAG', 'XOM', 'ADCT', 'LOW', 'SBL', 'JNY', 'XRX', 'PGL', 'NOC', 'NSC', 'IFF']