30
0.0559549201136 0.0341115490789 0.0646745186267 0.0295384146509 0.0180781461794 0.110625092132 0.045759308444 0.0442230302855 0.0290232005544 0.0272696759741 0.0447966226616 0.0690415105338 0.0266110290159 0.0248608942987 0.360667625942 0.135299445153 0.0202574279786 0.0251604878384 0.0800378705657 0.0387981152642 0.0952892642352 0.0218855159469 0.118355026327 0.0861911318708 0.026417897889 0.0528259349661 0.0427797721554 0.0406155741598 0.0512444991133 0.0502759777883 
0.265908629333 0.0296061767217 0.00664669179 0.0267057615643 0.0132636027827 0.0354127901862 0.0174029296666 0.0400435286888 0.0102206895699 0.0363241768118 0.0432903999684 0.0526647917213 0.0249284500477 0.0330050706227 0.0388626863329 0.0336329706118 0.0487681749383 0.0212689679803 0.0435455849473 0.0390520397764 0.0344480022735 0.00664775304492 0.0323797734155 0.0337963236728 0.0350572577019 0.0261607868915 0.0458309233091 0.0427962272953 0.0295802624497 0.0154174038249 
0.0296061767217 0.224188522541 0.0273965045109 0.0163862632284 0.0107730274524 0.0135262728955 0.0103125132071 0.0231713297104 0.010889473412 0.00388271051529 0.00301653182266 0.0084922732551 0.00773465796152 0.025137019108 -0.00835330296697 0.0127888066512 0.0213662207688 0.0063353928127 0.0279877248242 0.0154818384928 -0.00744717016033 0.0052431700857 0.0310741471872 0.0234271452804 0.0171538921444 0.00739402447857 -0.0119569115094 0.0210545936403 0.0122639852636 0.0204798054256 
0.00664669179 0.0273965045109 0.51646395157 0.0171445904406 0.0203857882305 -0.0137999695923 0.0222107754175 0.0119446748409 0.00427103926673 0.00176007224137 0.00622539755622 0.00891534558508 0.019407169597 0.0177404733785 0.0136882565349 0.0652130215319 -0.00248276195302 0.0400915314355 -0.000446021320703 0.024362155889 -0.00204467062138 0.0122462129396 0.0157525614782 0.00825067474549 -0.00581403285527 0.0369934482099 0.0104540957732 0.0319104128357 0.0167555116495 0.000709657631633 
0.0267057615643 0.0163862632284 0.0171445904406 0.211575538792 0.0170559181945 0.026802511641 0.0197212592722 0.0198984527763 0.0289946219287 0.0110736251421 0.0220393801028 0.0379298998897 0.0174103880015 0.0284629943028 0.00976358732976 0.00229449997325 0.0132368836291 0.0429405072985 0.0107209919854 0.0278692309311 0.0244870326053 0.0093117319648 0.0386052824451 0.0154510328019 0.0327729009685 0.0284227953578 0.024893183302 0.0376235403962 0.0140852726023 0.0198956228617 
0.0132636027827 0.0107730274524 0.0203857882305 0.0170559181945 0.250460566979 0.0022053543857 0.0174252158876 0.0057798955363 0.000679506464346 0.0108039741369 0.0257593481215 0.00279368764659 -4.57107277447e-05 0.0186296605878 0.0169973663534 -0.00407403071498 0.0147604966154 0.0132565957896 0.00293005426052 0.00846954622497 0.00323499878297 0.0121735653259 0.0170621814667 0.0117512303359 0.0152894573192 0.0100349792877 0.0175566506366 0.00107697633713 0.0144939268426 0.00433251882442 
0.0354127901862 0.0135262728955 -0.0137999695923 0.026802511641 0.0022053543857 0.57367643373 0.003845973777 0.0353631416505 0.106862228416 0.0199605498536 0.0170850723684 0.040005755264 -0.00395345189933 0.0397887007641 0.0224052266914 0.0214007457649 0.0507065255346 0.0192316542947 0.00942836580048 0.0502781054479 0.0361789343787 0.00547861849483 -0.00120697895113 0.0284421896924 0.0352816615182 0.0330361466065 0.032810314065 0.0149952808986 0.018853179329 0.022427619954 
0.0174029296666 0.0103125132071 0.0222107754175 0.0197212592722 0.0174252158876 0.003845973777 0.224000447375 0.029517626629 0.000665621028918 0.0165305757565 0.000903958609791 0.00383152956615 0.0256245996899 0.00100637443105 0.0230996865081 0.112318217623 0.0216734338656 0.0191977787759 0.00881029671946 0.0199713058658 0.00562330926264 0.008477692592 0.0212993899677 0.0163269815847 0.0143571067212 0.00162924707733 0.0187465401229 0.0189433829166 0.0115511445414 0.0137092044306 
0.0400435286888 0.0231713297104 0.0119446748409 0.0198984527763 0.0057798955363 0.0353631416505 0.029517626629 0.203414824498 0.0214673703567 0.0232824716227 0.033570068636 0.0299447113348 0.00841723760627 0.0360030962437 0.0198388401875 0.0349627789319 0.0354814027211 0.0226976050004 0.0164662133575 0.0221352658773 0.0249016017641 0.00231649984431 0.0265323605691 0.0516175272464 0.0321435003665 0.0204524703737 0.0388232165514 0.0326122434616 0.0223239914487 0.0170629952705 
0.0102206895699 0.010889473412 0.00427103926673 0.0289946219287 0.000679506464346 0.106862228416 0.000665621028918 0.0214673703567 0.231238090872 0.0114017518292 0.0223078141603 0.0212985773167 0.0225999824372 0.0286506140379 0.00953992338246 0.00821415031735 0.0196711553524 0.0141162635955 -0.00706973445661 0.0277743790956 -0.0117139942942 0.00784717663225 0.0162060687465 0.0103065581488 0.0127403346631 0.0444591075346 0.0252052863538 0.00995841684632 0.0201248295802 0.0222743156725 
0.0363241768118 0.00388271051529 0.00176007224137 0.0110736251421 0.0108039741369 0.0199605498536 0.0165305757565 0.0232824716227 0.0114017518292 0.147466972804 0.0394256704268 0.0200399780463 0.00319565451962 0.0149104785704 0.0275657935202 0.0137063236715 0.0334459729863 0.0209784476451 0.0228677997788 0.0235927802754 0.0196637884688 0.0054307251451 0.010023163838 0.0143947187295 0.0139226726693 0.00581331718389 0.0269361541799 0.0201626621348 0.0186933621541 0.00700780165629 
0.0432903999684 0.00301653182266 0.00622539755622 0.0220393801028 0.0257593481215 0.0170850723684 0.000903958609791 0.033570068636 0.0223078141603 0.0394256704268 0.280479144972 0.0329586154049 0.032278502255 0.0152053275178 0.0442152278311 0.00807392169286 0.033191710407 0.0190994517361 0.00459777015816 0.030671225412 0.0145054870581 0.018608917344 0.0367458213477 0.0102042461838 0.0346863242927 0.0389132066226 0.0305741664029 0.0384696786967 0.0294408256618 0.0170157938128 
0.0526647917213 0.0084922732551 0.00891534558508 0.0379298998897 0.00279368764659 0.040005755264 0.00383152956615 0.0299447113348 0.0212985773167 0.0200399780463 0.0329586154049 0.435143117866 0.0120097132944 0.0287885949154 0.0660112230363 0.029550955292 0.0342887095847 -0.000115539121274 0.0687847975221 0.0395365984366 0.0213546223523 -0.000941821636599 0.0360435662193 0.0518634352551 0.0293604548268 0.0197332778105 0.0337337756804 0.0174547852473 0.0352027420704 0.0174259941486 
0.0249284500477 0.00773465796152 0.019407169597 0.0174103880015 -4.57107277447e-05 -0.00395345189933 0.0256245996899 0.00841723760627 0.0225999824372 0.00319565451962 0.032278502255 0.0120097132944 0.293848688737 0.0170668522751 0.011161552884 0.0264357902434 0.0181975553709 0.0250855310981 0.00111574767207 0.0178951629144 0.0225634960268 0.000669130850282 0.0171673892722 0.0167706910861 0.000337253797089 0.0126061626478 0.0190082262213 0.0161673276454 0.0123443085461 0.0027491684019 
0.0330050706227 0.025137019108 0.0177404733785 0.0284629943028 0.0186296605878 0.0397887007641 0.00100637443105 0.0360030962437 0.0286506140379 0.0149104785704 0.0152053275178 0.0287885949154 0.0170668522751 0.217387052885 -0.00131800554765 0.00737306776493 0.0321821184309 0.0556730055412 0.0146142208778 0.0195413476728 0.0248567473528 0.0130211994298 0.0185730718791 0.0348417496726 0.0171592030125 0.0286377329633 0.0202117695644 0.0340156292946 0.0215374090809 0.0348697110927 
0.0388626863329 -0.00835330296697 0.0136882565349 0.00976358732976 0.0169973663534 0.0224052266914 0.0230996865081 0.0198388401875 0.00953992338246 0.0275657935202 0.0442152278311 0.0660112230363 0.011161552884 -0.00131800554765 1.18835454846 0.0645048192156 0.0649063318448 -0.00131029647751 0.0697576159785 0.0476042174018 0.0042322815234 0.00674138309986 0.0228856525297 0.0415364138459 0.0197094681892 0.0567361409194 0.0498896119692 0.043814552091 0.0467818543712 0.030303199553 
0.0336329706118 0.0127888066512 0.0652130215319 0.00229449997325 -0.00407403071498 0.0214007457649 0.112318217623 0.0349627789319 0.00821415031735 0.0137063236715 0.00807392169286 0.029550955292 0.0264357902434 0.00737306776493 0.0645048192156 0.54858673681 0.0394775022609 -0.00277095552379 0.0175127552304 0.0339041034052 0.0244685608881 0.00995549335431 0.0112853630563 0.029036176519 0.0283490052756 0.00873749916574 0.03376002233 0.0315746622143 0.0575560546832 0.0198447617941 
0.0487681749383 0.0213662207688 -0.00248276195302 0.0132368836291 0.0147604966154 0.0507065255346 0.0216734338656 0.0354814027211 0.0196711553524 0.0334459729863 0.033191710407 0.0342887095847 0.0181975553709 0.0321821184309 0.0649063318448 0.0394775022609 0.272982204906 0.0164055451312 0.0347985101528 0.0265712300039 0.0350827153859 0.0121804190984 0.0205782583591 0.0331174108545 0.0238924538786 0.0217448022886 0.011437066987 0.0310586005725 0.0291851429754 0.0117546170838 
0.0212689679803 0.0063353928127 0.0400915314355 0.0429405072985 0.0132565957896 0.0192316542947 0.0191977787759 0.0226976050004 0.0141162635955 0.0209784476451 0.0190994517361 -0.000115539121274 0.0250855310981 0.0556730055412 -0.00131029647751 -0.00277095552379 0.0164055451312 0.170688180422 0.0112827307181 0.0172062738758 0.0179279904227 0.00985036543026 0.00486949842508 0.0117866872801 0.0115528888118 0.0256879426365 0.0175581113454 0.0210833842625 0.0139786063936 0.0223820982228 
0.0435455849473 0.0279877248242 -0.000446021320702 0.0107209919854 0.00293005426052 0.00942836580048 0.00881029671946 0.0164662133575 -0.00706973445661 0.0228677997788 0.00459777015816 0.0687847975221 0.00111574767207 0.0146142208778 0.0697576159785 0.0175127552304 0.0347985101528 0.0112827307181 0.367209016633 0.0351646913163 0.0159843131385 0.00347538170363 0.0359656830555 0.0231182012342 0.0387779170663 0.0154244519555 0.0341305104487 0.00928866882859 0.0448930300027 0.018584553921 
0.0390520397764 0.0154818384928 0.024362155889 0.0278692309311 0.00846954622497 0.0502781054479 0.0199713058658 0.0221352658773 0.0277743790956 0.0235927802754 0.030671225412 0.0395365984366 0.0178951629144 0.0195413476728 0.0476042174018 0.0339041034052 0.0265712300039 0.0172062738758 0.0351646913163 0.220498833245 0.0214317891446 0.0148999862384 0.0169078349045 0.0364445002569 0.0186306497503 0.0169222403754 0.0405300059635 0.0265545302622 0.0244342364836 0.0124579247948 
0.0344480022735 -0.00744717016033 -0.00204467062138 0.0244870326053 0.00323499878297 0.0361789343787 0.00562330926264 0.0249016017641 -0.0117139942942 0.0196637884688 0.0145054870581 0.0213546223523 0.0225634960268 0.0248567473528 0.0042322815234 0.0244685608881 0.0350827153859 0.0179279904227 0.0159843131385 0.0214317891446 0.510708067852 -0.00585272363214 0.0402069772555 -0.00380344721429 0.0205706627398 0.0257271869799 0.0403122057429 0.015747366945 0.0111769603848 0.00447177593406 
0.00664775304492 0.0052431700857 0.0122462129396 0.0093117319648 0.0121735653259 0.00547861849483 0.008477692592 0.00231649984431 0.00784717663225 0.0054307251451 0.018608917344 -0.000941821636599 0.000669130850282 0.0130211994298 0.00674138309986 0.00995549335431 0.0121804190984 0.00985036543027 0.00347538170363 0.0148999862384 -0.00585272363214 0.165423366872 0.00427714680828 -0.00566961575636 0.00342558591433 0.00513844748822 0.0213699015788 0.018890598543 0.0136207008829 0.00742808624397 
0.0323797734155 0.0310741471872 0.0157525614782 0.0386052824451 0.0170621814667 -0.00120697895112 0.0212993899677 0.0265323605691 0.0162060687465 0.010023163838 0.0367458213477 0.0360435662193 0.0171673892722 0.0185730718791 0.0228856525297 0.0112853630563 0.0205782583591 0.00486949842508 0.0359656830555 0.0169078349045 0.0402069772555 0.00427714680828 0.5772705131 0.025415718589 0.029195472136 0.00989198394899 0.0172761667243 0.0305992370335 0.0200775420831 0.017239191359 
0.0337963236728 0.0234271452804 0.00825067474549 0.0154510328019 0.0117512303359 0.0284421896924 0.0163269815847 0.0516175272464 0.0103065581488 0.0143947187295 0.0102042461838 0.0518634352551 0.0167706910861 0.0348417496726 0.0415364138459 0.029036176519 0.0331174108545 0.0117866872801 0.0231182012342 0.0364445002569 -0.00380344721429 -0.00566961575636 0.025415718589 0.408895525645 0.016887706786 0.017027229456 0.0364793870822 0.0323560977583 0.0194806180929 0.0219321871675 
0.0350572577019 0.0171538921444 -0.00581403285527 0.0327729009685 0.0152894573192 0.0352816615182 0.0143571067212 0.0321435003665 0.0127403346631 0.0139226726693 0.0346863242927 0.0293604548268 0.000337253797089 0.0171592030125 0.0197094681892 0.0283490052756 0.0238924538786 0.0115528888118 0.0387779170663 0.0186306497503 0.0205706627398 0.00342558591433 0.029195472136 0.016887706786 0.273920005056 0.0187429957327 0.0191501672679 0.0151895625822 0.0482677840801 0.0139865675732 
0.0261607868915 0.00739402447857 0.0369934482099 0.0284227953578 0.0100349792877 0.0330361466065 0.00162924707734 0.0204524703737 0.0444591075346 0.00581331718389 0.0389132066226 0.0197332778105 0.0126061626478 0.0286377329633 0.0567361409194 0.00873749916574 0.0217448022886 0.0256879426365 0.0154244519555 0.0169222403754 0.0257271869799 0.00513844748822 0.00989198394899 0.017027229456 0.0187429957327 0.289840792111 0.0214139038565 0.0214423455158 0.00883513475768 0.0090543943287 
0.0458309233091 -0.0119569115094 0.0104540957732 0.024893183302 0.0175566506366 0.032810314065 0.0187465401229 0.0388232165514 0.0252052863538 0.0269361541799 0.0305741664029 0.0337337756804 0.0190082262213 0.0202117695644 0.0498896119692 0.03376002233 0.011437066987 0.0175581113454 0.0341305104487 0.0405300059635 0.0403122057429 0.0213699015788 0.0172761667243 0.0364793870822 0.0191501672679 0.0214139038565 0.281641940621 0.0318027726313 0.029679999957 0.0252459478138 
0.0427962272953 0.0210545936403 0.0319104128357 0.0376235403962 0.00107697633713 0.0149952808986 0.0189433829166 0.0326122434616 0.00995841684632 0.0201626621348 0.0384696786967 0.0174547852473 0.0161673276454 0.0340156292946 0.043814552091 0.0315746622143 0.0310586005725 0.0210833842625 0.00928866882859 0.0265545302622 0.015747366945 0.018890598543 0.0305992370335 0.0323560977583 0.0151895625822 0.0214423455158 0.0318027726313 0.22804082428 0.0153846374954 0.0249595629185 
0.0295802624497 0.0122639852636 0.0167555116495 0.0140852726023 0.0144939268426 0.018853179329 0.0115511445414 0.0223239914487 0.0201248295802 0.0186933621541 0.0294408256618 0.0352027420704 0.0123443085461 0.0215374090809 0.0467818543712 0.0575560546832 0.0291851429754 0.0139786063936 0.0448930300027 0.0244342364836 0.0111769603848 0.0136207008829 0.0200775420831 0.0194806180929 0.0482677840801 0.00883513475768 0.029679999957 0.0153846374954 0.270672236036 0.0184621145098 
0.0154174038249 0.0204798054256 0.000709657631634 0.0198956228617 0.00433251882442 0.022427619954 0.0137092044306 0.0170629952705 0.0222743156725 0.00700780165629 0.0170157938128 0.0174259941486 0.0027491684019 0.0348697110927 0.030303199553 0.0198447617941 0.0117546170838 0.0223820982228 0.018584553921 0.0124579247948 0.00447177593406 0.00742808624397 0.017239191359 0.0219321871675 0.0139865675732 0.0090543943287 0.0252459478138 0.0249595629185 0.0184621145098 0.272470448586 

['PCAR', 'CTL', 'SNA', 'WM', 'RRD', 'JNS', 'XOM', 'DHR', 'CB', 'SIAL', 'MAR', 'A', 'AMGN', 'SNV', 'JDSU', 'BJS', 'APCC', 'WFC', 'NSC', 'APD', 'JCI', 'GIS', 'DDS', 'HPQ', 'MWV', 'ACE', 'EMN', 'SPG', 'TIN', 'UST']