20
0.0528259349661 0.0870342926162 0.0565521495323 0.0698927007 0.102128665084 0.02392892696 0.0533286406295 0.0502759777883 0.0406155741598 0.0125032911957 0.0766147585819 0.0353466838873 0.0355019489908 0.0784336943662 0.0780955523414 0.07971303899 0.0248078828137 0.0576577356707 0.0404531955786 0.0124927962784 
0.296635186602 0.01113752491 0.034624761578 0.0407135776987 0.00886387889965 0.0158978040162 0.0178382920397 0.016216998616 0.0294259876253 0.0191047712987 0.0419633249699 0.0368884883546 0.0343411526523 0.0142603359628 0.0157318368056 0.0196952090826 0.016438316783 0.0215963359566 0.0383367525058 0.0206129444932 
0.01113752491 0.39935473917 0.0191375920996 0.0500049297049 0.0444403189239 0.0293603386983 0.0303465388184 0.0379248945919 0.029394112783 0.0366980595356 0.0843989680264 0.0203613336553 0.0255759338907 0.0114319675432 0.050525762749 0.0302030269745 0.017150311928 0.0257097372561 0.0618301047146 0.0237122634051 
0.034624761578 0.0191375920996 0.376737805067 0.0099729146923 0.0163343050788 0.0206852042379 0.0252371835519 0.0191199505842 0.0159883456702 0.0225210875553 0.0414864595692 0.0190331810524 -0.00424135147371 0.02146977381 0.0150766853701 0.0329098922329 0.00754119899566 0.0197963336904 0.0346087368742 0.0199293756647 
0.0407135776987 0.0500049297049 0.0099729146923 0.45856997505 0.0337716609614 0.0247653353836 0.0227241704543 0.00396926222604 0.0353514109419 0.00646312077608 0.0393168617385 0.0165044373075 0.0327484812025 0.0264068585078 0.01571868471 0.0401560462484 0.00707039645404 0.0264495329411 0.027712971052 0.0295975439923 
0.00886387889965 0.0444403189239 0.0163343050788 0.0337716609614 0.68602437724 0.0161021913422 0.0281096333276 0.0122533767426 0.0254894181058 0.0234054024444 0.0673554481865 0.00758055207398 0.0288342217012 -0.001085815321 0.0452405942492 0.0362279140965 0.0348944615401 0.0274782661291 0.0424326775057 0.011506086348 
0.0158978040162 0.0293603386983 0.0206852042379 0.0247653353836 0.0161021913422 0.255209707588 0.0123045032651 0.0156796982307 0.0236718 0.0281035969047 0.0228627711652 0.0134476600018 0.0245790592099 0.0101262896789 0.028498864354 0.00644704106342 0.00864634816683 0.0205148460791 0.0305886088682 0.0234443075551 
0.0178382920397 0.0303465388184 0.0252371835519 0.0227241704543 0.0281096333276 0.0123045032651 0.270371006744 0.0168457252629 0.023305446624 0.000954254328089 0.0199064927179 0.0151653520574 0.0113119651553 0.0252398713591 0.027417736572 0.0213902898048 0.0116627059506 0.0310492551527 0.0202480529394 0.0251801886211 
0.016216998616 0.0379248945919 0.0191199505842 0.00396926222604 0.0122533767426 0.0156796982307 0.0168457252629 0.275030069296 0.0306403762043 0.00830851875603 0.00591430635746 0.0380629169419 0.00267803830989 0.00478075281627 0.033914074165 0.00802689258035 0.0116799004195 0.0309587746172 -0.00551558023635 0.0239768991868 
0.0294259876253 0.029394112783 0.0159883456702 0.0353514109419 0.0254894181058 0.0236718 0.023305446624 0.0306403762043 0.232311156501 -3.83713499956e-05 0.017513079 0.0248236751976 0.0195462875714 0.0226396723701 0.0201850862127 0.0206872423487 0.0218987426867 0.0872044303145 0.0259343509647 0.0320908870623 
0.0191047712987 0.0366980595356 0.0225210875553 0.00646312077608 0.0234054024444 0.0281035969047 0.000954254328089 0.00830851875603 -3.83713499958e-05 0.294657812288 0.0124615324366 0.0188299042736 0.00314745248197 0.00552282488397 0.0106025679366 0.00621539450407 0.0102798643147 0.0209162473654 0.00807763510704 0.0284176390991 
0.0419633249699 0.0843989680264 0.0414864595692 0.0393168617385 0.0673554481865 0.0228627711652 0.0199064927179 0.00591430635746 0.017513079 0.0124615324366 0.490143991057 0.0222981504903 0.0308684420813 0.0178378320411 0.0314845958756 0.0182914798331 0.0306532682016 0.036515834964 0.0255891099113 0.0169425532365 
0.0368884883546 0.0203613336553 0.0190331810524 0.0165044373075 0.00758055207398 0.0134476600018 0.0151653520574 0.0380629169419 0.0248236751976 0.0188299042736 0.0222981504903 0.276778916216 0.0227694033565 0.0184856246797 0.00937296775998 0.0167336319669 0.0144051409979 0.0219551688566 0.0250756148881 0.0159601119083 
0.0343411526523 0.0255759338907 -0.00424135147371 0.0327484812025 0.0288342217012 0.0245790592099 0.0113119651553 0.00267803830989 0.0195462875714 0.00314745248197 0.0308684420813 0.0227694033565 0.313522941837 0.0240872316611 0.0154125662269 0.020423465919 0.0145171317114 0.0211107354949 0.0717075717011 0.0147149310805 
0.0142603359628 0.0114319675432 0.02146977381 0.0264068585078 -0.001085815321 0.0101262896789 0.0252398713591 0.00478075281627 0.0226396723701 0.00552282488397 0.0178378320411 0.0184856246797 0.0240872316611 0.3764285037 0.0122941861766 0.0410983005405 0.0149746229366 0.00901574983819 -0.00156788930177 0.00752898574954 
0.0157318368056 0.050525762749 0.0150766853701 0.01571868471 0.0452405942492 0.028498864354 0.027417736572 0.033914074165 0.0201850862127 0.0106025679366 0.0314845958756 0.00937296775998 0.0154125662269 0.0122941861766 0.577166569448 0.00614325592906 0.00576194049958 0.0195669031355 0.0383881426077 0.014483938917 
0.0196952090826 0.0302030269745 0.0329098922329 0.0401560462484 0.0362279140965 0.00644704106342 0.0213902898048 0.00802689258035 0.0206872423487 0.00621539450407 0.0182914798331 0.0167336319669 0.020423465919 0.0410983005405 0.00614325592906 0.499766521254 0.00383418097395 0.0328116372262 0.0394151627192 0.0148010548773 
0.016438316783 0.017150311928 0.00754119899566 0.00707039645404 0.0348944615401 0.00864634816683 0.0116627059506 0.0116799004195 0.0218987426867 0.0102798643147 0.0306532682016 0.0144051409979 0.0145171317114 0.0149746229366 0.00576194049958 0.00383418097395 0.217180654626 0.0257742550608 0.0309542954858 0.0185639028463 
0.0215963359566 0.0257097372561 0.0197963336904 0.0264495329411 0.0274782661291 0.0205148460791 0.0310492551527 0.0309587746172 0.0872044303145 0.0209162473654 0.036515834964 0.0219551688566 0.0211107354949 0.00901574983819 0.0195669031355 0.0328116372262 0.0257742550608 0.247541585155 0.0155919858736 0.0224367604391 
0.0383367525058 0.0618301047146 0.0346087368742 0.027712971052 0.0424326775057 0.0305886088682 0.0202480529394 -0.00551558023635 0.0259343509647 0.00807763510704 0.0255891099113 0.0250756148881 0.0717075717011 -0.00156788930177 0.0383881426077 0.0394151627192 0.0309542954858 0.0155919858736 0.349204385709 0.013016083808 
0.0206129444932 0.0237122634051 0.0199293756647 0.0295975439923 0.011506086348 0.0234443075551 0.0251801886211 0.0239768991868 0.0320908870623 0.0284176390991 0.0169425532365 0.0159601119083 0.0147149310805 0.00752898574954 0.014483938917 0.0148010548773 0.0185639028463 0.0224367604391 0.013016083808 0.192095720075 

['ACE', 'BNI', 'XRX', 'TXT', 'JBL', 'LIZ', 'ECL', 'UST', 'SPG', 'DG', 'QCOM', 'RF', 'FISV', 'MHS', 'LXK', 'CI', 'MMM', 'PSA', 'LPX', 'GPC']