40
0.0576577356707 0.0144645316835 0.0179151897049 0.0162161188728 0.0459594094694 0.0155341374053 0.080285366307 0.0711634289065 0.0743441041655 0.0743289823458 0.200970993098 0.0357981155146 0.0388313797841 0.0997806882374 0.0231907610599 0.0123991351417 0.15717092416 0.0565518641406 0.0246636786654 0.0254946283421 0.110625092132 0.0716450377603 0.0260517267587 0.0545718905582 0.0278380444533 0.0755152896869 0.0843714281037 0.0572050688987 0.148705689344 0.0404531955786 0.121001700606 0.045759308444 0.0391901687574 0.0184249616408 0.119859861498 0.142835786571 0.0909027791802 0.0352458247454 0.0582377086348 0.0253425298527 
0.23321035284 0.0104089020125 0.0168270676276 0.0292257216275 0.0203584424458 0.00810429069541 0.0109471736471 0.0268139192487 0.0323958775978 0.0276697894775 0.0222426161661 0.0288886665398 0.0248153151328 0.0339005080748 0.0217437694498 0.0137076938935 0.0232479083093 0.0888511102025 0.00943912111916 0.0199391357646 0.0197034975262 0.0231459595763 0.0187273393006 0.0181198879015 0.0223248483973 0.0208978295536 0.0123785044092 0.0309284018155 0.041269302766 0.00952843744183 0.00238004303538 0.0185692656505 0.0138318369816 0.0324257299072 0.0174445240125 0.00579020087902 -0.00250934822314 0.0157402130147 0.0193034564884 0.020145121561 
0.0104089020125 0.288557701017 0.00163959049143 0.0114462913174 0.00966671137173 0.00584289725944 0.0164970625688 -0.000845591651712 0.016860737169 0.0308089408078 0.00670037094393 -0.00239800553724 -0.000203506240452 0.00918693820006 0.00376132860857 0.00474981041734 0.0182984812256 0.0147490015732 -0.00281307294743 0.0114319760939 5.68688659521e-05 0.0126611944937 0.012212081583 0.0205161616005 0.0145250321149 0.00190599815034 0.0268336793475 0.0098631376294 0.0362316800067 0.00611692326449 -0.0168203205727 -0.000623264031345 0.00943595647925 0.00842627034581 0.0125414332022 0.00807855951715 0.0107563700523 -0.00207187232794 0.0150502707191 0.0129718454853 
0.0168270676276 0.00163959049143 0.299145733518 0.0140016898444 0.0200856323103 0.0134142046094 0.000600524541469 0.00606283646256 0.0152136876875 0.0138245225642 0.0577223814128 0.0133032374855 0.0356796478849 0.0142231632376 0.0110134464562 0.00799694913586 0.0044176225315 0.0158527998491 0.0152727673286 -0.00259290915666 0.0150335104379 -0.00682836918332 0.0158748201192 0.0216143900581 0.00508669915699 0.00648851250426 -0.0152559285176 0.00352338993158 0.0320260924921 0.00790796241291 0.00194155045915 0.0135358520561 0.0123838448172 0.0178971843253 -0.0149474066623 0.0611377719498 0.00159151594071 0.00107727803404 0.0198082813559 -0.00150544707129 
0.0292257216275 0.0114462913174 0.0140016898444 0.184076527012 0.00610467076355 0.00712173877647 0.00167356141782 -0.00239248326487 0.00491695111781 0.0242521079768 -0.00160104638729 0.0121480035849 0.00237211245635 0.0228979603737 0.0189036604791 0.00665648514975 0.00115541909074 0.0224965719339 0.0190742525174 0.0559066940886 0.0131915822362 0.012916804876 0.00331931129438 0.0455732154967 0.00661540579301 -0.0126561744671 0.0153638312496 0.0164118830446 0.0410968291052 -0.000913482397837 0.0485982222471 0.0336706779446 0.0147385616116 0.0345078820614 0.00563466259657 0.00723730405232 0.0116201990473 0.0114489925684 0.0166663200735 -0.00374789324441 
0.0203584424458 0.00966671137173 0.0200856323103 0.00610467076355 0.351348376459 0.0108343529286 0.0277194614345 0.00517267633925 0.0359905977991 0.0367086144505 0.0162299720351 0.0135573237908 0.0354356345907 0.0139030928013 0.0495893063283 0.0219598289137 0.0359874305933 0.0278898767052 0.0286924569627 0.0094447789839 0.040384677881 -0.00495897452384 0.00824317667645 0.00962837323407 0.0132182393949 0.0251537689031 0.0209802087578 0.028107375617 0.0250820028984 0.0166354072762 0.0239871546634 0.00974184102408 0.0186649534015 0.0334374607981 0.0262250967224 0.00411158496567 0.0018859090197 0.0298434016317 0.0116036861555 0.0100896555567 
0.00810429069541 0.00584289725944 0.0134142046094 0.00712173877647 0.0108343529286 0.18823529559 0.0163896639995 0.00360099364389 0.0203218470976 0.0234798841891 0.00382684906519 0.0174359619094 0.00308309805159 0.0180100231783 6.12772512772e-05 0.00795931577792 0.012252411501 0.00246063692491 0.0161533410915 0.00863458994132 0.027560395873 -0.00176386243523 0.0184592101705 0.00256678504431 0.00773612579337 -0.00181203963035 -0.00286609876088 0.0112456816605 0.000647223283971 -0.0185221680371 0.00628422882129 0.00957912103771 0.00862834557491 0.0137312541776 0.0157043196731 0.00690139451241 0.00328412083871 0.00669853952769 0.00346487328517 0.00794337713746 
0.0109471736471 0.0164970625688 0.000600524541469 0.00167356141782 0.0277194614345 0.0163896639995 0.435304770356 0.00976433483074 0.0209220305501 0.0222671071768 0.0191456072569 0.0122027454922 0.0233034672426 0.0330578174967 0.022204013448 0.0436515496531 0.0475428494078 0.0202221853869 0.0106851005774 0.00158886412106 0.0186187283241 0.0174228759086 0.0340853192798 0.0158091550644 0.0209174620944 0.0103529300675 0.02791708972 0.0376964566932 0.0208857521478 0.0205746130473 0.00937675211934 0.0134986116901 0.0340831377902 0.0198115428117 0.0473049436141 0.00937151604934 0.00966257255498 0.00712099116061 0.0305509403816 0.0116901148195 
0.0268139192487 -0.000845591651712 0.00606283646256 -0.00239248326487 0.00517267633925 0.00360099364389 0.00976433483074 0.59674363811 -0.000819912418954 0.0115036535466 0.0076430164728 0.00647566686972 -0.00573009528795 0.00841727693074 0.000467476135203 0.00859567256975 0.018126584369 0.0188769493029 0.000222630499275 0.011258497551 0.0272656383608 0.00632267911825 0.00959692388015 0.024934785602 0.0134937810788 0.229898470274 -0.00150245323477 0.0133127202032 0.00955223791469 0.0438498326735 0.00937725393723 0.00818977342991 -0.00217210198987 0.0145133661556 0.0283391935262 -0.0170758427153 -0.00747519278252 0.0189469162864 -0.0186150751179 0.00367639644653 
0.0323958775978 0.016860737169 0.0152136876875 0.00491695111781 0.0359905977991 0.0203218470976 0.0209220305501 -0.000819912418954 0.397004949737 0.0520634537921 -0.0106158130243 0.0286145329743 0.0204341269341 0.0173814921249 0.0121645610977 0.0022031642613 0.0466913373549 0.035675508166 0.0124558712298 -0.00453071127757 0.0274274732065 0.0121546016316 0.0367190174238 -0.00586233897986 0.000492968637777 -0.00601545378623 0.0163505722433 0.0258512234505 0.00977048130484 0.0104952044211 0.0162070652451 -0.00395785353844 0.0155185436795 0.0252569657115 0.0463273779625 0.034281162349 0.00153291843314 0.0280857552932 0.0109651689401 0.0123723678293 
0.0276697894775 0.0308089408078 0.0138245225642 0.0242521079768 0.0367086144505 0.0234798841891 0.0222671071768 0.0115036535466 0.0520634537921 0.312544188404 0.0197323272216 0.0462895145735 0.046884564926 0.0310526228567 0.0248150657553 0.0185022613814 0.0735806009499 0.0391604277386 0.0266382840168 0.0177011509405 0.0670481088917 0.0303181559324 0.0399355749761 0.0234265771453 0.00869307279285 0.00861889109522 0.0157738019889 0.0360138739522 0.0330881843044 0.0411671991638 0.0730320749851 0.0332318151187 0.0228886198115 0.0447895267637 0.0472138152638 0.00362898972357 0.0204477360922 0.0567828765811 0.0286448835826 0.035204033378 
0.0222426161661 0.00670037094393 0.0577223814128 -0.00160104638729 0.0162299720351 0.00382684906519 0.0191456072569 0.0076430164728 -0.0106158130243 0.0197323272216 0.924317736329 -0.00566316805106 0.00691707926261 -0.00870875936232 -0.00206587861245 0.0116474228026 0.0387591156388 0.0264239695292 0.0115095031201 0.0143792350735 0.00182655280071 -0.0021101748703 -0.000266891987534 0.00668265329568 0.0126595444585 0.0239798381292 0.0558828236355 0.0437478486082 0.0276950251364 0.0291254407908 0.0126745891456 -0.00483313894837 0.0148712967171 0.0120343506754 0.0514974518003 -0.0256004187979 0.00633194108665 0.00236485101292 0.0212255912445 0.0106872249098 
0.0288886665398 -0.00239800553724 0.0133032374855 0.0121480035849 0.0135573237908 0.0174359619094 0.0122027454922 0.00647566686972 0.0286145329743 0.0462895145735 -0.00566316805106 0.256119353468 0.0172779294131 0.0141644521644 0.0289806388284 0.0124454702595 0.0040498986883 0.0139215990568 0.0180301577245 0.012957202134 0.00443121291178 0.0136416675251 0.0166955065376 0.0178175431432 0.0177235952173 0.00443069135296 0.0236398363156 0.0178821187383 0.00717899816325 0.0185955102192 0.0162586302656 0.0171302661201 0.00894460697126 0.0262094194315 0.00974418108268 0.0110349461922 0.0228024876207 0.0202237970703 0.0184939266704 0.0242815197472 
0.0248153151328 -0.000203506240452 0.0356796478849 0.00237211245635 0.0354356345907 0.00308309805159 0.0233034672426 -0.00573009528795 0.0204341269341 0.046884564926 0.00691707926261 0.0172779294131 0.408017504019 0.028029484775 0.0156293033321 0.00822574611142 0.0112197225582 0.0317690894651 -0.0058682371271 -0.000150266728398 0.0209729102368 0.00364090895058 0.011393992047 0.00870599203545 0.00210749850806 0.0173596241805 0.0324274862456 0.020517452843 0.00553523450955 0.0273247467836 -0.00172383146211 0.0167770633653 0.0104113146215 0.0160569421783 0.030602753287 -0.00825245533626 0.00936391494567 0.0132577346793 0.0197121576012 0.0218476094461 
0.0339005080748 0.00918693820006 0.0142231632376 0.0228979603737 0.0139030928013 0.0180100231783 0.0330578174967 0.00841727693074 0.0173814921249 0.0310526228567 -0.00870875936232 0.0141644521644 0.028029484775 0.570836476863 0.0112656333261 0.0133962746965 0.0151264826405 0.0275510890476 0.010391339754 0.0146047886419 0.0182018204661 0.026795686224 0.0216775071657 0.0282745041932 0.00938616838998 0.0138401429348 0.0153242886294 0.0120299657836 0.0882273716759 0.0313060218923 0.0175584865425 0.00486531399739 0.0101782317328 0.00634289093966 0.0115284031483 0.0133781577178 0.0135437171809 0.0303615806406 0.0281926325379 0.0221745811282 
0.0217437694498 0.00376132860857 0.0110134464562 0.0189036604791 0.0495893063283 6.12772512773e-05 0.022204013448 0.000467476135203 0.0121645610977 0.0248150657553 -0.00206587861245 0.0289806388284 0.0156293033321 0.0112656333261 0.233696322142 0.00468425971729 0.012273675722 0.019450380997 0.0211416285122 0.012730645909 0.013176887366 0.0040467250946 0.0145665195949 0.00705702429476 0.00130045619849 0.000463087006745 -0.00504394012339 0.0161600457256 0.0170397440624 0.0111096416913 -0.00311547254407 0.0108524658231 0.0265311178675 0.0176001723727 0.00459833696781 0.00627980377096 0.00188546414863 0.00378953105801 0.0159729216019 0.00939550984319 
0.0137076938935 0.00474981041734 0.00799694913585 0.00665648514975 0.0219598289137 0.00795931577793 0.0436515496531 0.00859567256975 0.0022031642613 0.0185022613814 0.0116474228026 0.0124454702595 0.00822574611142 0.0133962746965 0.00468425971729 0.190045753527 0.0152080657491 0.0138748050642 0.0149213733923 0.0160706314611 0.010058636952 0.0144299973886 0.00899686836394 0.0126864779186 0.00927065669883 0.012175183399 0.0130149563233 0.0116499689446 0.0131377436312 0.015320446543 0.00332134345521 0.0200814109048 0.00549180274806 0.0246555502049 0.0115177074433 0.0148295917365 0.0123487725676 0.0181592707108 0.00696680007914 0.0154550759712 
0.0232479083093 0.0182984812256 0.0044176225315 0.00115541909074 0.0359874305933 0.012252411501 0.0475428494078 0.018126584369 0.0466913373549 0.0735806009499 0.0387591156388 0.0040498986883 0.0112197225582 0.0151264826405 0.012273675722 0.0152080657491 0.629233781405 0.0225364118711 0.0171043840955 -0.000740956267057 0.0631682256876 0.0294861721256 0.0305691620037 0.00297285499953 0.0176858145009 0.00532436528476 0.0463280255177 0.0420852215507 0.0763214072262 0.0454122889761 0.0110057501132 0.0325449112496 0.0156439914667 0.0212897585412 0.0627114985224 0.00555625271079 0.0129174661052 0.0203268451953 0.027929686918 0.0198868795471 
0.0888511102025 0.0147490015732 0.0158527998491 0.0224965719339 0.0278898767052 0.00246063692491 0.0202221853869 0.0188769493029 0.035675508166 0.0391604277386 0.0264239695292 0.0139215990568 0.0317690894651 0.0275510890476 0.019450380997 0.0138748050642 0.0225364118711 0.238219762217 0.00816469600277 0.0206277504856 0.0116920162917 0.00836592364258 0.024655207498 0.0297313988854 0.00874150233458 0.0219878511837 0.023523745709 0.0224341753983 0.024736114922 0.0122841912166 0.0155145458162 0.0198907309076 0.0174639528395 0.0361032945335 0.00971252545047 0.000778462095313 0.00848631921084 0.0202633734475 0.0107055189639 0.0155796510639 
0.00943912111915 -0.00281307294743 0.0152727673286 0.0190742525174 0.0286924569627 0.0161533410915 0.0106851005774 0.000222630499275 0.0124558712298 0.0266382840168 0.0115095031201 0.0180301577245 -0.0058682371271 0.010391339754 0.0211416285122 0.0149213733923 0.0171043840955 0.00816469600278 0.132520607896 0.00751271262438 0.00585926705314 0.0152423502725 0.00458983922121 0.0193140164621 0.0108728769092 -0.00135323740141 0.0114166873063 0.0126476078158 -0.00529171755523 0.0129362111704 0.0113528232294 0.00887715154118 0.0267709680062 0.0284910661858 0.0015486629381 0.00561652640984 0.0210263471974 0.00916431810123 0.0162803794211 0.00982298842399 
0.0199391357646 0.0114319760939 -0.00259290915666 0.0559066940886 0.00944477898391 0.00863458994132 0.00158886412106 0.011258497551 -0.00453071127757 0.0177011509405 0.0143792350735 0.012957202134 -0.000150266728398 0.0146047886419 0.012730645909 0.0160706314611 -0.000740956267057 0.0206277504856 0.00751271262438 0.194441860969 0.00316880976894 0.0115504293917 0.0125570061783 0.0357164757212 0.0137890305763 0.0273833414997 -0.000494678789718 0.0128887637873 0.0216438486571 0.00711601074111 0.0416543667943 0.0229464206484 0.00689295202173 0.0174220120362 0.0228159185432 -0.00325799402087 0.0247680679192 0.00375793036014 -0.00382118873564 0.00770855086174 
0.0197034975262 5.6868865952e-05 0.0150335104379 0.0131915822362 0.040384677881 0.027560395873 0.0186187283241 0.0272656383608 0.0274274732065 0.0670481088917 0.00182655280071 0.00443121291178 0.0209729102368 0.0182018204661 0.013176887366 0.010058636952 0.0631682256876 0.0116920162917 0.00585926705314 0.00316880976894 0.575956733695 0.0113469079021 0.0520908318592 -0.0037195253612 0.00592453357117 -0.013137583135 0.0404514453449 0.0187895275624 0.0265093600323 0.0302260422355 0.0385345060629 0.00117034809416 0.02419234025 0.0259526102115 0.043926777774 0.0295263461094 0.0103940744034 0.0384290588625 0.0218231936849 0.0208077612015 
0.0231459595763 0.0126611944937 -0.00682836918332 0.012916804876 -0.00495897452384 -0.00176386243523 0.0174228759086 0.00632267911825 0.0121546016316 0.0303181559324 -0.0021101748703 0.0136416675251 0.00364090895058 0.026795686224 0.0040467250946 0.0144299973886 0.0294861721256 0.00836592364258 0.0152423502725 0.0115504293917 0.0113469079021 0.469699306533 0.00685292351829 0.00826671349468 0.00511915351122 0.0184391035713 -0.025151836382 0.00749060673772 0.0239340246508 0.011158912662 0.00947507735761 0.00439017608926 -0.00283582170067 0.0154322140541 0.0219287670174 0.00562550283832 0.00504061643482 0.0221953012967 0.00643672329168 0.00162403142376 
0.0187273393006 0.012212081583 0.0158748201192 0.00331931129438 0.00824317667645 0.0184592101705 0.0340853192798 0.00959692388015 0.0367190174238 0.0399355749761 -0.000266891987534 0.0166955065376 0.011393992047 0.0216775071657 0.0145665195949 0.00899686836394 0.0305691620037 0.024655207498 0.00458983922121 0.0125570061783 0.0520908318592 0.00685292351829 0.185592735568 0.0160436530347 0.00118039980808 0.0172804099256 0.00685826646292 0.0187691952261 0.0204889459477 0.0252970088244 0.0175070529399 0.0119677648675 0.023354654003 0.0102920446344 0.0258554041921 0.00832325124047 0.00808900475504 0.0170162608238 0.00776643100132 0.0067505997992 
0.0181198879015 0.0205161616005 0.0216143900581 0.0455732154967 0.00962837323407 0.00256678504431 0.0158091550644 0.024934785602 -0.00586233897986 0.0234265771453 0.00668265329568 0.0178175431432 0.00870599203545 0.0282745041932 0.00705702429476 0.0126864779186 0.00297285499953 0.0297313988854 0.0193140164621 0.0357164757212 -0.0037195253612 0.00826671349468 0.0160436530347 0.283240013325 0.0129523011343 0.00398014302475 0.00300643115929 0.00824661554722 -0.00212263658033 0.0123482917765 0.0256486393767 0.0344045003581 0.0207226087862 0.0276282997201 0.00544550730489 0.0142645745764 0.0558060863668 0.0126248152549 -0.00619975373558 0.00588024457472 
0.0223248483973 0.0145250321149 0.00508669915699 0.00661540579301 0.0132182393949 0.00773612579337 0.0209174620944 0.0134937810788 0.000492968637777 0.00869307279285 0.0126595444585 0.0177235952173 0.00210749850806 0.00938616838998 0.00130045619849 0.00927065669883 0.0176858145009 0.00874150233458 0.0108728769092 0.0137890305763 0.00592453357117 0.00511915351122 0.00118039980808 0.0129523011343 0.182113020318 0.0371368046031 -0.000601316963767 0.00187910288417 -0.00239184889899 0.0104957400591 0.00629570707645 -0.00482234301881 0.0065883826896 0.0226400925744 0.00247743482332 0.0170231559393 0.0237101930286 0.0148055459 0.0172714279857 0.0232599900165 
0.0208978295536 0.00190599815034 0.00648851250426 -0.0126561744671 0.0251537689031 -0.00181203963035 0.0103529300675 0.229898470274 -0.00601545378623 0.00861889109522 0.0239798381292 0.00443069135296 0.0173596241805 0.0138401429348 0.000463087006745 0.012175183399 0.00532436528476 0.0219878511837 -0.00135323740141 0.0273833414997 -0.013137583135 0.0184391035713 0.0172804099256 0.00398014302475 0.0371368046031 0.760290692619 0.00361755171757 0.00192356404955 0.0296566330358 0.0703852402034 0.0543580702316 0.0338515761051 0.000564612606047 0.00733264328783 0.00510304183513 0.00666209730697 -0.00473508663456 0.00819750601817 0.0175591428421 0.0237621997066 
0.0123785044092 0.0268336793475 -0.0152559285176 0.0153638312496 0.0209802087578 -0.00286609876088 0.02791708972 -0.00150245323477 0.0163505722433 0.0157738019889 0.0558828236355 0.0236398363156 0.0324274862456 0.0153242886294 -0.00504394012339 0.0130149563233 0.0463280255177 0.023523745709 0.0114166873063 -0.000494678789718 0.0404514453449 -0.025151836382 0.00685826646292 0.00300643115929 -0.000601316963767 0.00361755171757 0.862596128798 0.0153957291757 0.00208519616105 0.036696146003 -0.00903539776711 0.00365584740865 0.0164103791488 0.0205374023726 0.00759444320981 0.00758537590263 -0.00302309152871 0.0152205279762 -0.0122955560389 0.00900877936387 
0.0309284018155 0.0098631376294 0.00352338993158 0.0164118830446 0.028107375617 0.0112456816605 0.0376964566932 0.0133127202032 0.0258512234505 0.0360138739522 0.0437478486082 0.0178821187383 0.020517452843 0.0120299657836 0.0161600457256 0.0116499689446 0.0420852215507 0.0224341753983 0.0126476078158 0.0128887637873 0.0187895275624 0.00749060673772 0.0187691952261 0.00824661554722 0.00187910288417 0.00192356404955 0.0153957291757 0.248511430086 0.0327953857256 0.027967659053 0.0259434999437 0.0273863165882 0.0154113857071 0.0192152302808 0.0809677152339 0.00821101805225 0.0107569709132 0.00810575621429 0.0135607532255 0.0160144601081 
0.041269302766 0.0362316800067 0.0320260924921 0.0410968291052 0.0250820028984 0.000647223283971 0.0208857521478 0.00955223791469 0.00977048130484 0.0330881843044 0.0276950251364 0.00717899816325 0.00553523450955 0.0882273716759 0.0170397440624 0.0131377436312 0.0763214072262 0.024736114922 -0.00529171755523 0.0216438486571 0.0265093600323 0.0239340246508 0.0204889459477 -0.00212263658033 -0.00239184889899 0.0296566330358 0.00208519616105 0.0327953857256 0.639549295857 0.0326208858762 0.0229492209453 0.0087631384256 0.0310388317646 0.00145722037555 0.0319489063729 0.00395431866532 -0.00140794810371 0.0183859498411 0.00139885028759 0.0182989874007 
0.00952843744183 0.00611692326449 0.00790796241291 -0.000913482397837 0.0166354072762 -0.0185221680371 0.0205746130473 0.0438498326735 0.0104952044211 0.0411671991638 0.0291254407908 0.0185955102192 0.0273247467836 0.0313060218923 0.0111096416913 0.015320446543 0.0454122889761 0.0122841912166 0.0129362111704 0.00711601074111 0.0302260422355 0.011158912662 0.0252970088244 0.0123482917765 0.0104957400591 0.0703852402034 0.036696146003 0.027967659053 0.0326208858762 0.342437895006 0.0319122213228 0.0349940968605 0.0129883930281 0.0316963488056 0.0329159598673 -0.00546890995203 0.0096157314234 0.0279356109089 0.0190720574299 0.0123403482885 
0.00238004303538 -0.0168203205727 0.00194155045915 0.0485982222471 0.0239871546634 0.00628422882129 0.00937675211934 0.00937725393723 0.0162070652451 0.0730320749851 0.0126745891456 0.0162586302656 -0.00172383146211 0.0175584865425 -0.00311547254407 0.00332134345521 0.0110057501132 0.0155145458162 0.0113528232294 0.0416543667943 0.0385345060629 0.00947507735761 0.0175070529399 0.0256486393767 0.00629570707645 0.0543580702316 -0.00903539776711 0.0259434999437 0.0229492209453 0.0319122213228 0.733730267822 0.0590013691041 0.013907946847 0.0142069841524 0.0283226402549 0.0115335430165 0.0540922299048 0.00557131540839 0.026277703831 0.0251275893111 
0.0185692656505 -0.000623264031345 0.0135358520561 0.0336706779446 0.00974184102408 0.00957912103771 0.0134986116901 0.00818977342991 -0.00395785353844 0.0332318151187 -0.00483313894837 0.0171302661201 0.0167770633653 0.00486531399739 0.0108524658231 0.0200814109048 0.0325449112496 0.0198907309076 0.00887715154118 0.0229464206484 0.00117034809416 0.00439017608926 0.0119677648675 0.0344045003581 -0.00482234301881 0.0338515761051 0.00365584740865 0.0273863165882 0.0087631384256 0.0349940968605 0.0590013691041 0.233684335033 0.00248570885586 0.0185059672055 -0.00327817551004 0.00309381643588 0.0245489990112 0.000512080104807 0.00647731285661 0.00510141596459 
0.0138318369816 0.00943595647925 0.0123838448172 0.0147385616116 0.0186649534015 0.00862834557491 0.0340831377902 -0.00217210198987 0.0155185436795 0.0228886198115 0.0148712967171 0.00894460697126 0.0104113146215 0.0101782317328 0.0265311178675 0.00549180274806 0.0156439914667 0.0174639528395 0.0267709680062 0.00689295202173 0.02419234025 -0.00283582170067 0.023354654003 0.0207226087862 0.0065883826896 0.000564612606047 0.0164103791488 0.0154113857071 0.0310388317646 0.0129883930281 0.013907946847 0.00248570885586 0.20520093849 0.0213328335192 0.0342868316557 0.00278895958686 0.00887354024026 0.0159063641366 0.0138385686601 0.00301463578405 
0.0324257299072 0.00842627034581 0.0178971843253 0.0345078820614 0.0334374607981 0.0137312541776 0.0198115428117 0.0145133661556 0.0252569657115 0.0447895267637 0.0120343506754 0.0262094194315 0.0160569421783 0.00634289093966 0.0176001723727 0.0246555502049 0.0212897585412 0.0361032945335 0.0284910661858 0.0174220120362 0.0259526102115 0.0154322140541 0.0102920446344 0.0276282997201 0.0226400925744 0.00733264328783 0.0205374023726 0.0192152302808 0.00145722037555 0.0316963488056 0.0142069841524 0.0185059672055 0.0213328335192 0.168386643129 0.017452352048 -0.00402598805262 0.00982025439979 0.0231742110515 0.0124666532883 0.0234390767635 
0.0174445240125 0.0125414332022 -0.0149474066623 0.00563466259657 0.0262250967224 0.0157043196731 0.0473049436141 0.0283391935262 0.0463273779625 0.0472138152638 0.0514974518003 0.00974418108268 0.030602753287 0.0115284031483 0.00459833696781 0.0115177074433 0.0627114985224 0.00971252545047 0.0015486629381 0.0228159185432 0.043926777774 0.0219287670174 0.0258554041921 0.00544550730489 0.00247743482332 0.00510304183513 0.00759444320981 0.0809677152339 0.0319489063729 0.0329159598673 0.0283226402549 -0.00327817551004 0.0342868316557 0.017452352048 0.521304112334 -0.0130594908149 0.0394910752407 0.0157205752587 -0.00937746988574 0.00768834376188 
0.00579020087902 0.00807855951715 0.0611377719498 0.00723730405232 0.00411158496567 0.00690139451241 0.00937151604934 -0.0170758427153 0.034281162349 0.00362898972357 -0.0256004187979 0.0110349461922 -0.00825245533626 0.0133781577178 0.00627980377096 0.0148295917365 0.00555625271079 0.000778462095313 0.00561652640984 -0.00325799402087 0.0295263461094 0.00562550283832 0.00832325124047 0.0142645745764 0.0170231559393 0.00666209730697 0.00758537590263 0.00821101805225 0.00395431866532 -0.00546890995203 0.0115335430165 0.00309381643588 0.00278895958686 -0.00402598805262 -0.0130594908149 1.25307152818 -4.40824327718e-05 0.00782988089228 -0.00660092456921 -0.00283854333548 
-0.00250934822314 0.0107563700523 0.00159151594071 0.0116201990473 0.0018859090197 0.00328412083871 0.00966257255498 -0.00747519278252 0.00153291843314 0.0204477360922 0.00633194108665 0.0228024876207 0.00936391494567 0.0135437171809 0.00188546414863 0.0123487725676 0.0129174661052 0.00848631921084 0.0210263471974 0.0247680679192 0.0103940744034 0.00504061643482 0.00808900475504 0.0558060863668 0.0237101930286 -0.00473508663456 -0.00302309152871 0.0107569709132 -0.00140794810371 0.0096157314234 0.0540922299048 0.0245489990112 0.00887354024026 0.00982025439979 0.0394910752407 -4.40824327718e-05 0.496556531611 0.016566938209 -0.00484654923896 -0.00727957874529 
0.0157402130147 -0.00207187232794 0.00107727803404 0.0114489925684 0.0298434016317 0.00669853952769 0.00712099116061 0.0189469162864 0.0280857552932 0.0567828765811 0.00236485101292 0.0202237970703 0.0132577346793 0.0303615806406 0.00378953105801 0.0181592707108 0.0203268451953 0.0202633734475 0.00916431810123 0.00375793036014 0.0384290588625 0.0221953012967 0.0170162608238 0.0126248152549 0.0148055459 0.00819750601817 0.0152205279762 0.00810575621429 0.0183859498411 0.0279356109089 0.00557131540839 0.000512080104806 0.0159063641366 0.0231742110515 0.0157205752587 0.00782988089228 0.016566938209 0.210461920603 0.00534735589866 0.0144919547112 
0.0193034564884 0.0150502707191 0.0198082813559 0.0166663200735 0.0116036861555 0.00346487328517 0.0305509403816 -0.0186150751179 0.0109651689401 0.0286448835826 0.0212255912445 0.0184939266704 0.0197121576012 0.0281926325379 0.0159729216019 0.00696680007914 0.027929686918 0.0107055189639 0.0162803794211 -0.00382118873564 0.0218231936849 0.00643672329168 0.00776643100132 -0.00619975373558 0.0172714279857 0.0175591428421 -0.0122955560389 0.0135607532255 0.00139885028759 0.0190720574299 0.026277703831 0.00647731285661 0.0138385686601 0.0124666532883 -0.00937746988574 -0.00660092456921 -0.00484654923896 0.00534735589866 0.463463297331 0.0176810357854 
0.020145121561 0.0129718454853 -0.00150544707129 -0.00374789324441 0.0100896555567 0.00794337713746 0.0116901148195 0.00367639644653 0.0123723678293 0.035204033378 0.0106872249098 0.0242815197472 0.0218476094461 0.0221745811282 0.00939550984319 0.0154550759712 0.0198868795471 0.0155796510639 0.00982298842399 0.00770855086174 0.0208077612015 0.00162403142376 0.0067505997992 0.00588024457472 0.0232599900165 0.0237621997066 0.00900877936387 0.0160144601081 0.0182989874007 0.0123403482885 0.0251275893111 0.00510141596459 0.00301463578405 0.0234390767635 0.00768834376188 -0.00283854333548 -0.00727957874529 0.0144919547112 0.0176810357854 0.195935973696 

['PSA', 'IPG', 'SVU', 'NI', 'MBI', 'MDP', 'HPC', 'ACS', 'FDO', 'LEH', 'GM', 'WAG', 'HAS', 'MEDI', 'ALL', 'TWX', 'GLW', 'AIV', 'TMK', 'FPL', 'JNS', 'SYMC', 'SEE', 'PEG', 'CL', 'SYK', 'WAT', 'CBE', 'MU', 'LPX', 'EP', 'XOM', 'RTN', 'HBAN', 'CTXS', 'THC', 'AES', 'FII', 'TSN', 'LLY']