30
0.0482651065397 0.146363775453 0.197480990077 0.123612909007 0.0549811443135 0.0155341374053 0.0157982173188 0.0708595176859 0.0248078828137 0.045915457725 0.0678674292734 0.0131635076039 0.0761836706695 0.0304896250645 0.0162161188728 0.105459344027 0.0278380444533 0.0722101641432 0.0576577356707 0.166074759161 0.0522856391002 0.0597094198611 0.043075945187 0.0442230302855 0.107116270008 0.0420146984796 0.0597278634654 0.025657065471 0.121001700606 0.140066530531 
0.309693496006 0.0184412872047 0.0325913074729 0.00585140558157 0.00562266202435 0.011530364508 0.0255005729367 0.0143893158478 0.0158661834384 0.0151367858595 0.0426401503856 0.00866709429421 0.026735756653 0.0141557960873 -0.00188511326799 0.0210167040617 0.0150125373216 0.0239528986544 0.0212979561297 0.0200256276205 0.0268741799635 0.00888468675731 0.023482065882 0.0135302883263 0.0464867800092 0.0217864777362 0.030583243926 0.0326796564468 0.027241360373 0.0108564349945 
0.0184412872047 0.983855858936 -0.00432096114635 0.0138778417547 0.0108300499686 0.014937708182 0.00253069962052 0.0283734305045 0.0121820379354 0.0108654744996 0.012608525174 0.00725340182614 0.0256669403701 0.0171442170971 -0.00528776286645 0.0122878211091 0.0117514041351 0.00944272572474 0.00429134180032 0.0183571963919 0.0234184804416 0.0153536253122 0.0143867505821 0.00487356230059 -0.00559181066885 0.0162454386802 0.0094257853522 0.00915871685377 0.0140855673025 0.035950448039 
0.0325913074729 -0.00432096114635 0.877578103653 -0.0167952908714 0.0109227777468 0.0069469376124 0.00780538237368 -0.00557175340208 0.0289466569456 0.0201721343042 0.0650906469326 0.0124653489023 0.0631022469576 0.00078877236336 0.00721295131201 0.0211639957611 0.0042688202119 0.00518542066325 0.0167307028054 0.00164412933312 0.017051739061 0.0288993676855 0.0153081699718 0.0370914535184 0.085238087788 0.0275199020321 0.00885541082312 0.031507766925 0.026859828706 0.00176871731392 
0.00585140558156 0.0138778417547 -0.0167952908714 1.04315286286 0.0235897143924 0.00146402983903 -0.0127627708657 -0.0163623527239 0.0108085727342 -0.00254748326142 0.0211215469222 0.00198184488979 -0.0171578559111 -0.00308659845897 0.00472728320029 0.0144620862566 0.00176766673936 0.0318863512231 0.00869964481848 0.0227094830905 0.00271222936357 0.013195127286 -0.0061130389884 0.00302003156523 0.0113262351645 0.00288995097654 0.000384382435119 3.81523538614e-05 0.0153432404938 0.0836534081734 
0.00562266202435 0.0108300499686 0.0109227777468 0.0235897143924 0.443313125953 0.000134850578058 0.00282791628852 0.0109971563951 0.00631631176714 0.0361117288473 0.0127742410891 -0.00331291024933 0.0269554180377 0.024718386372 -0.00299129332138 0.0186192057205 0.0238333801265 0.0034262888393 0.0347583597544 0.0714072121864 0.00695128291132 4.58425385226e-05 -0.00243572742671 0.0120068138796 0.0174189277957 0.00274464291293 0.013321012055 0.00943053714852 0.0282363340317 0.0159018750068 
0.011530364508 0.014937708182 0.0069469376124 0.00146402983903 0.000134850578058 0.191965621507 -0.00225523360338 0.00992014180799 0.00416949405694 0.00147773233913 0.0190931220414 0.0125263599377 -1.90444758241e-05 0.0180739523366 0.00750731319189 0.0211677436452 0.00710250983245 0.00933128670003 0.0092577413582 0.0168555701834 0.0140306587717 0.0130823159682 0.0107535707511 0.0209402955982 0.00612322026106 0.00816018466313 0.013160294506 0.0140028498253 0.00740920989017 0.010664101542 
0.0255005729367 0.00253069962052 0.00780538237368 -0.0127627708657 0.00282791628852 -0.00225523360338 0.235714872146 -0.00347653675292 0.0213104090243 0.0143943642346 0.00165777982741 0.01898657029 -0.00201517149094 0.0129993098837 0.021521040713 0.032514516529 0.0174010243899 -0.00643950438652 0.0115619509244 0.00938395289712 0.00664808124273 0.00480626299826 0.0154544474452 0.0124132805125 0.00385259234054 0.0241548702285 0.0110196193444 0.0210113669786 0.0220965507478 0.0113145026624 
0.0143893158478 0.0283734305045 -0.00557175340208 -0.0163623527239 0.0109971563951 0.00992014180799 -0.00347653675292 0.408324598869 0.00631281890608 0.0233078167227 0.000333129633896 0.0115635148424 0.0183115183888 0.0176997056759 0.0121968092471 0.00700571070267 0.0202402461297 0.0130935694192 0.00337402898618 0.00690567830668 0.0134242700398 5.11918975892e-05 0.0123647326798 0.0263454766879 0.00729701531005 0.0178346868033 -0.00578500729191 0.0298932461945 0.0117986437497 0.00206353963891 
0.0158661834384 0.0121820379354 0.0289466569456 0.0108085727342 0.00631631176714 0.00416949405694 0.0213104090243 0.00631281890608 0.213725384496 0.00134991012453 0.0151054076475 0.00284758860739 0.0166946264008 0.00491304616186 0.00786247871484 0.0159006243213 0.00783253346753 0.0182513675141 0.0223412616154 0.0152359751087 0.032884140615 0.00738889516367 0.0152478838347 0.0255924820606 0.022794510802 0.0225322408885 0.0100168150142 0.0194793958138 0.0128626755436 0.0179958860242 
0.0151367858595 0.0108654744996 0.0201721343042 -0.00254748326142 0.0361117288473 0.00147773233913 0.0143943642346 0.0233078167227 0.00134991012453 0.327886818556 0.0267170748351 0.0180974995504 0.0409132819183 0.00608771118094 0.0146611139118 0.018358337392 0.00344217488612 0.0234556015052 0.00832030462052 0.0325131447985 0.00836026514582 0.022579975786 0.0201740753856 0.0223822982336 0.0257702114047 0.0327070084336 0.0389105431098 0.0216091937269 0.00641152039313 0.0425814349665 
0.0426401503856 0.012608525174 0.0650906469326 0.0211215469222 0.0127742410891 0.0190931220414 0.00165777982741 0.000333129633896 0.0151054076475 0.0267170748351 0.406871651339 0.0118151518387 0.045157421059 0.0122961753996 0.0120004862427 0.0435563385611 0.0232374246702 0.034899527697 0.0347488558946 0.046166398262 0.0270064710587 0.0125789182842 0.0247339206997 0.0384979406657 0.0509387831387 0.016648847838 0.0307301121611 0.0240173498249 0.0167517662251 0.00886332541859 
0.00866709429421 0.00725340182614 0.0124653489023 0.00198184488979 -0.00331291024933 0.0125263599377 0.01898657029 0.0115635148424 0.00284758860739 0.0180974995504 0.0118151518387 0.159533201651 0.00330042341078 0.00370884657053 0.0609784884136 -0.000741206309558 0.0173513730724 0.00786662347284 0.0272592546046 0.0167186235197 0.00830747525502 0.0123926432036 0.0240025592688 0.019658506744 0.00605489931524 0.0302485799431 0.00353461896751 0.0199786454686 0.0304536647708 0.00894178782427 
0.026735756653 0.0256669403701 0.0631022469576 -0.0171578559111 0.0269554180377 -1.9044475824e-05 -0.00201517149094 0.0183115183888 0.0166946264008 0.0409132819183 0.045157421059 0.00330042341078 0.393106430334 0.00196257638178 0.00548104007653 0.0272286500239 -0.00718530654286 0.0283174487378 0.0371569543098 0.0423536241533 0.0175806344429 0.0361925581193 0.0238504106505 0.0284254869267 0.149577782229 0.0342270000134 0.0296399294853 0.0239716945854 0.0194155038787 0.00956334009977 
0.0141557960873 0.0171442170971 0.00078877236336 -0.00308659845897 0.024718386372 0.0180739523366 0.0129993098837 0.0176997056759 0.00491304616186 0.00608771118094 0.0122961753996 0.00370884657053 0.00196257638178 0.21439991376 0.00957015386463 0.0217891373169 0.00385645138669 0.0118910316645 0.00477566331722 0.00908119601766 0.00288192539217 0.0108885337005 0.0156594581139 0.00620335827986 0.0136986414813 0.00826322395131 0.012453123231 0.0147759784293 0.026089706333 0.00526272938648 
-0.00188511326799 -0.00528776286645 0.00721295131201 0.00472728320029 -0.00299129332138 0.00750731319189 0.021521040713 0.0121968092471 0.00786247871484 0.0146611139118 0.0120004862427 0.0609784884136 0.00548104007653 0.00957015386463 0.193416581522 0.00325091790772 0.00449527041179 0.0189319678734 0.0343621173141 0.0218640439517 0.0153666317716 0.0215647257039 0.0201892428403 0.0237731843549 0.0127898254244 0.0337481547888 0.0161273807774 0.0297676720271 0.0508178750063 0.00439246914898 
0.0210167040617 0.0122878211091 0.0211639957611 0.0144620862566 0.0186192057205 0.0211677436452 0.032514516529 0.00700571070267 0.0159006243213 0.018358337392 0.0435563385611 -0.000741206309558 0.0272286500239 0.0217891373169 0.00325091790772 0.754096784456 0.0124879567647 0.0403497058866 0.0241608841352 0.0402284411936 0.0294622350884 0.0577486854177 0.0235034096594 0.0225440053514 0.0354961138869 0.00975674815912 0.00603107295069 0.0283578054936 0.00400623220923 0.0133949125682 
0.0150125373216 0.0117514041351 0.0042688202119 0.00176766673936 0.0238333801265 0.00710250983245 0.0174010243899 0.0202402461297 0.00783253346753 0.00344217488612 0.0232374246702 0.0173513730724 -0.00718530654286 0.00385645138669 0.00449527041179 0.0124879567647 0.188005071405 0.00917343247628 0.024121378604 0.0184397740989 0.00442170145415 -0.00228533369161 0.00792921809315 0.0157109884699 0.00761463385572 0.0117300108433 0.000442588333215 0.0202905240131 0.00911972665175 0.015539118095 
0.0239528986544 0.00944272572474 0.00518542066325 0.0318863512231 0.0034262888393 0.00933128670003 -0.00643950438652 0.0130935694192 0.0182513675141 0.0234556015052 0.034899527697 0.00786662347284 0.0283174487378 0.0118910316645 0.0189319678734 0.0403497058866 0.00917343247628 0.329420726797 0.0258024165194 0.063319851681 0.0514542655422 0.0121559429833 0.0276271815775 0.0261951216161 0.0673791509565 0.0285586916386 0.0573931975765 0.0246093966224 0.015820141611 0.030910204413 
0.0212979561297 0.00429134180032 0.0167307028054 0.00869964481848 0.0347583597544 0.0092577413582 0.0115619509244 0.00337402898618 0.0223412616154 0.00832030462052 0.0347488558946 0.0272592546046 0.0371569543098 0.00477566331722 0.0343621173141 0.0241608841352 0.024121378604 0.0258024165194 0.248430715675 0.036045847303 0.0345780387779 0.0268645276251 0.0292097175999 0.0258623620306 0.045544183103 0.0302821701086 0.018842924842 0.0220155337279 0.00431090039934 0.0184867965829 
0.0200256276205 0.0183571963919 0.00164412933312 0.0227094830905 0.0714072121864 0.0168555701834 0.00938395289712 0.00690567830668 0.0152359751087 0.0325131447985 0.046166398262 0.0167186235197 0.0423536241533 0.00908119601766 0.0218640439517 0.0402284411936 0.0184397740989 0.063319851681 0.036045847303 0.520222589434 0.0883137017104 0.00854883758251 0.0308516782406 0.0533582964571 0.0388379401113 0.0425106159007 0.0519364580115 0.0268718233175 0.0419732400883 0.0601620071856 
0.0268741799635 0.0234184804416 0.017051739061 0.00271222936357 0.00695128291132 0.0140306587717 0.00664808124273 0.0134242700398 0.032884140615 0.00836026514582 0.0270064710587 0.00830747525502 0.0175806344429 0.00288192539217 0.0153666317716 0.0294622350884 0.00442170145415 0.0514542655422 0.0345780387779 0.0883137017104 0.292417159062 0.0117229812933 0.0105138949384 0.0286892348829 0.0391186643223 0.021178900338 0.0148980275819 0.0260172645531 0.0411346255967 0.0306138705345 
0.00888468675731 0.0153536253122 0.0288993676855 0.013195127286 4.58425385229e-05 0.0130823159682 0.00480626299826 5.11918975892e-05 0.00738889516367 0.022579975786 0.0125789182842 0.0123926432036 0.0361925581193 0.0108885337005 0.0215647257039 0.0577486854177 -0.00228533369161 0.0121559429833 0.0268645276251 0.00854883758251 0.0117229812933 0.40400907719 0.0121474464345 0.0203552494589 0.0156492953851 0.0137652289321 0.0116470026596 0.0220357128717 -0.00381692258252 0.021881228406 
0.023482065882 0.0143867505821 0.0153081699718 -0.0061130389884 -0.00243572742671 0.0107535707511 0.0154544474452 0.0123647326798 0.0152478838347 0.0201740753856 0.0247339206997 0.0240025592688 0.0238504106505 0.0156594581139 0.0201892428403 0.0235034096594 0.00792921809315 0.0276271815775 0.0292097175999 0.0308516782406 0.0105138949384 0.0121474464345 0.219200725627 0.0259362184798 0.0335013440767 0.020061025587 0.000165487960866 0.0511095675956 0.019898162733 0.00637492968173 
0.0135302883263 0.00487356230059 0.0370914535184 0.00302003156523 0.0120068138796 0.0209402955982 0.0124132805125 0.0263454766879 0.0255924820606 0.0223822982336 0.0384979406657 0.019658506744 0.0284254869267 0.00620335827986 0.0237731843549 0.0225440053514 0.0157109884699 0.0261951216161 0.0258623620306 0.0533582964571 0.0286892348829 0.0203552494589 0.0259362184798 0.202870248702 0.0346607519535 0.0280585775574 0.0460352904285 0.0208801424509 0.0517731291415 0.0292506507192 
0.0464867800092 -0.00559181066885 0.085238087788 0.0113262351645 0.0174189277957 0.00612322026106 0.00385259234054 0.00729701531005 0.022794510802 0.0257702114047 0.0509387831387 0.00605489931524 0.149577782229 0.0136986414813 0.0127898254244 0.0354961138869 0.00761463385572 0.0673791509565 0.045544183103 0.0388379401113 0.0391186643223 0.0156492953851 0.0335013440767 0.0346607519535 0.526071251017 0.0283212719122 0.0388314974453 0.0133719294068 0.022512315243 0.031986418962 
0.0217864777362 0.0162454386802 0.0275199020321 0.00288995097654 0.00274464291293 0.00816018466313 0.0241548702285 0.0178346868033 0.0225322408885 0.0327070084336 0.016648847838 0.0302485799431 0.0342270000134 0.00826322395131 0.0337481547888 0.00975674815912 0.0117300108433 0.0285586916386 0.0302821701086 0.0425106159007 0.021178900338 0.0137652289321 0.020061025587 0.0280585775574 0.0283212719122 0.217096095551 0.0208756958775 0.0188210652356 0.0271486720027 0.00749735644106 
0.030583243926 0.0094257853522 0.00885541082312 0.000384382435119 0.013321012055 0.013160294506 0.0110196193444 -0.00578500729191 0.0100168150142 0.0389105431098 0.0307301121611 0.00353461896751 0.0296399294853 0.012453123231 0.0161273807774 0.00603107295069 0.000442588333215 0.0573931975765 0.018842924842 0.0519364580115 0.0148980275819 0.0116470026596 0.000165487960866 0.0460352904285 0.0388314974453 0.0208756958775 0.40583693314 0.0057186526598 0.0236303366021 0.00775941433063 
0.0326796564468 0.00915871685377 0.031507766925 3.81523538615e-05 0.00943053714852 0.0140028498253 0.0210113669786 0.0298932461945 0.0194793958138 0.0216091937269 0.0240173498249 0.0199786454686 0.0239716945854 0.0147759784293 0.0297676720271 0.0283578054936 0.0202905240131 0.0246093966224 0.0220155337279 0.0268718233175 0.0260172645531 0.0220357128717 0.0511095675956 0.0208801424509 0.0133719294068 0.0188210652356 0.0057186526598 0.193068161846 0.0111561524731 0.0143719007476 
0.027241360373 0.0140855673025 0.026859828706 0.0153432404938 0.0282363340317 0.00740920989017 0.0220965507478 0.0117986437497 0.0128626755436 0.00641152039313 0.0167517662251 0.0304536647708 0.0194155038787 0.026089706333 0.0508178750063 0.00400623220923 0.00911972665175 0.015820141611 0.00431090039934 0.0419732400883 0.0411346255967 -0.00381692258252 0.019898162733 0.0517731291415 0.022512315243 0.0271486720027 0.0236303366021 0.0111561524731 0.741637060061 -0.00333400151806 
0.0108564349945 0.035950448039 0.00176871731392 0.0836534081734 0.0159018750068 0.010664101542 0.0113145026624 0.00206353963891 0.0179958860242 0.0425814349665 0.00886332541859 0.00894178782427 0.00956334009977 0.00526272938648 0.00439246914898 0.0133949125682 0.015539118095 0.030910204413 0.0184867965829 0.0601620071856 0.0306138705345 0.021881228406 0.00637492968173 0.0292506507192 0.031986418962 0.00749735644106 0.00775941433063 0.0143719007476 -0.00333400151805 1.4533456322 

['MCD', 'HUM', 'AAPL', 'UIS', 'MIL', 'MDP', 'HSY', 'CMX', 'MMM', 'UNM', 'FD', 'AEE', 'TXN', 'HNZ', 'NI', 'TEK', 'CL', 'CSX', 'PSA', 'NUE', 'AA', 'CPWR', 'PNC', 'DHR', 'NSM', 'LTR', 'GR', 'BBT', 'EP', 'NAV']