30
0.044891801276 0.149246593495 0.148705689344 0.0313696733512 0.0909027791802 0.043075945187 0.00361039022472 0.0248608942987 0.0690593134036 0.0522856391002 0.0297343435849 0.067654701563 0.0151091702759 0.0389775871913 0.0388241127613 0.0285507317948 0.146363775453 0.00399952409326 0.133327922328 0.640104613609 0.110783759143 0.0429032651101 0.0440278725419 0.0254158643172 0.0716450377603 0.0612619406497 0.0304536481296 0.0590558874601 0.040534814632 0.0471087328402 
0.341139898803 0.0520556360271 0.0131114225484 0.0120777048175 0.00942498721415 0.0227331686017 0.0229617143924 0.0316036464677 0.0212499963073 0.0456731562502 0.0120354280957 0.00444591090269 0.0196154051314 0.0354676597538 0.0300248478409 0.0165718199635 0.0164782312019 0.0168848300979 0.0253050975344 0.0110317104766 0.0441413991989 0.0324439457937 0.0260103454405 0.0252777428564 0.00913510361648 0.0169117587699 0.0274063908876 0.025909471685 0.00463428598197 0.0325003932574 
0.0520556360271 0.58146334671 0.0217268870382 0.0121067118854 0.049827160804 0.0190204576323 0.00800475614508 0.00584085052935 0.0302442790157 0.0541523003172 0.0134476264653 0.0187579532185 0.0119711058723 0.0215435339088 0.0166502259799 -0.000454419454057 0.0223122157684 0.00733373865358 0.0181178406988 -0.0370444482398 0.0429835963528 0.0393832839541 0.0213838458736 0.0342498878434 -0.0040117999682 0.0277226382232 0.0222047198255 0.00306898600137 0.00891189660169 0.131283311103 
0.0131114225484 0.0217268870382 0.646603034947 0.0198226906373 0.000422764984902 0.0153192058317 0.0176058156166 0.0251259825613 0.0208174568999 0.0301319797743 0.0106303059281 0.0229359644199 -0.00134087900583 0.0254013887887 0.00817330538908 0.0103523875234 -0.033012557038 0.0265184129903 0.00405054192751 0.0278463368233 0.0871657489847 0.0434069413511 0.0442356263508 0.0260332547315 0.0281340088674 0.0439309523526 0.0123846406583 0.0086919396443 -0.00720082130832 0.0181207061226 
0.0120777048175 0.0121067118854 0.0198226906373 0.180506286999 0.0100970056878 0.00901572451736 0.0038387656094 0.0197718197245 0.0208954572662 0.0263669334263 0.00732169295725 0.00467107995842 0.0229398491726 0.0342635914762 0.00169343668676 -0.00138771056045 0.016738566569 0.00712547367189 0.00982766465028 -0.00940708794184 0.0260083454216 0.0480284118152 0.0256805813583 0.0203995883378 0.00553665855854 0.00639202686928 0.0239786465153 0.0180763389812 0.0057090678332 0.00365219462718 
0.00942498721415 0.049827160804 0.000422764984902 0.0100970056878 0.500101579379 0.0106026624007 0.00990984523878 0.024036518337 0.0124579134312 0.00523222397725 0.00709049194684 0.0127719208574 0.0126491715069 0.00181339922208 0.000187778804563 0.00340653407785 0.0257599199214 0.0077792492017 0.0359975019374 -0.0125432613134 0.0289959974823 0.00794076167305 -0.00714461881691 0.00330629612672 0.00684396665359 0.0260365637559 0.00802864563486 0.0166337698794 0.00902805800691 0.0316230344359 
0.0227331686017 0.0190204576323 0.0153192058317 0.00901572451736 0.0106026624007 0.219211796538 0.00847811962825 0.0370627703455 0.0309632688956 0.0141078601627 0.00455487048909 0.0123168783702 0.0149276914577 0.0269384374067 0.0206046492805 0.0193722641166 0.0150205504917 0.0198860349843 0.0110032207162 0.0149802262022 0.0494793285286 0.0290165887634 0.0118183896875 0.00689245513881 0.0153137493752 0.0101866870819 0.0416383127155 0.02414672198 -0.00599772185085 0.0175934795913 
0.0229617143924 0.00800475614508 0.0176058156166 0.0038387656094 0.00990984523878 0.00847811962825 0.224205008474 0.0162902075165 0.0176550058672 0.0279898324769 0.0129858028065 0.00778036970497 0.0144616473131 0.0178546687881 0.0236412372271 0.00978407895265 0.00441731497512 0.019386302318 0.0144194193386 0.00613844194888 0.0199030815289 0.0115344095981 0.0162228934448 0.0261627417173 0.0100392719318 0.0109143776236 0.0239870089741 0.0212332549933 0.0038844412935 0.00231173258672 
0.0316036464677 0.00584085052935 0.0251259825613 0.0197718197245 0.024036518337 0.0370627703455 0.0162902075165 0.217145977611 0.0427267977237 0.014831863443 0.00303579017813 0.0159046447612 0.0126849621802 0.0627890060446 0.0293544315943 0.0128586707077 0.0114493086588 0.0254600944596 0.00936507977254 -0.0140638100452 0.0322837204497 0.0229489677539 0.0210434498833 0.0198254753286 0.0167254321407 0.0276513453565 0.0584937321983 0.0189129769288 0.00704233267053 -0.00358609919182 
0.0212499963073 0.0302442790157 0.0208174568999 0.0208954572662 0.0124579134312 0.0309632688956 0.0176550058672 0.0427267977237 0.428517091684 0.0144914160104 0.00480300995967 -0.00929543229864 0.0029181807404 0.0465725701238 0.0254409200823 0.0176992866719 -0.00674026710657 0.00882666117315 0.00857419728674 0.0349636147822 0.0342094371251 0.0272509149729 0.0324478447003 0.0186934663963 0.0164517047592 0.0179858825187 0.00740091889439 -1.42299703399e-05 0.0100301885401 0.0256383409275 
0.0456731562502 0.0541523003172 0.0301319797743 0.0263669334263 0.00523222397725 0.0141078601627 0.0279898324769 0.014831863443 0.0144914160104 0.298317733862 -0.00253047187781 -0.00301485907376 0.020502848496 0.0361933279721 0.0152460731287 0.0241722739094 0.0244840579184 0.0241996991008 0.00463310105755 -0.00561971673804 0.0603247928215 0.0435834322816 0.0180127499136 0.0194069975968 0.00959597799159 0.0127961504828 0.0261350537231 -0.0183350546483 0.0057842229169 0.0274498203544 
0.0120354280957 0.0134476264653 0.0106303059281 0.00732169295725 0.00709049194684 0.00455487048909 0.0129858028065 0.00303579017813 0.00480300995967 -0.00253047187781 0.196412443688 0.005990123552 0.00391079305858 0.0116830700321 0.0217537632766 0.0100524151121 0.0109480771371 0.00185894086646 0.00690156536106 0.00737453252636 0.0246833667502 0.0130953622552 0.023975452768 0.00474048994076 0.000167089367812 0.0175576925757 0.0105071947037 0.00602079207972 0.0131912516762 0.0167502161928 
0.00444591090268 0.0187579532185 0.0229359644199 0.00467107995842 0.0127719208574 0.0123168783702 0.00778036970497 0.0159046447612 -0.00929543229864 -0.00301485907376 0.005990123552 0.38593021437 0.0185909842066 0.0180022405224 0.0110732314576 -0.00188956102589 -0.00259319372043 0.0141163256645 0.00718984111572 0.00432604581754 0.0559294754551 -0.00287401187426 0.00375445670724 0.0137538515363 0.00222918242518 0.00873816084678 0.0244311954133 0.0132767943198 0.0121439901052 0.0142066201946 
0.0196154051314 0.0119711058723 -0.00134087900583 0.0229398491726 0.0126491715069 0.0149276914577 0.0144616473131 0.0126849621803 0.0029181807404 0.020502848496 0.00391079305858 0.0185909842066 0.160393139154 0.0190823646601 0.0108072757657 0.00156450757056 0.0143307068139 0.0130589316816 0.0124219630132 0.00724679109152 0.0251085941365 0.0230923286454 0.0133199313553 0.0132822804138 0.00379451049311 0.0106390223696 0.0229203148064 0.0163513862942 0.0151418483209 0.00952257212062 
0.0354676597538 0.0215435339088 0.0254013887887 0.0342635914762 0.00181339922208 0.0269384374067 0.0178546687881 0.0627890060446 0.0465725701238 0.0361933279721 0.0116830700321 0.0180022405224 0.0190823646601 0.24125185879 0.0326114392652 -0.00218712791419 0.00560895477599 0.0239908950166 0.012772880449 0.0251190745149 0.0327622820866 0.0365006507268 0.00835444080668 0.0194741641214 0.0205891885109 -0.000396779426232 0.040252945675 0.00167218783157 -0.00817048838113 0.0165340360887 
0.0300248478409 0.0166502259799 0.00817330538908 0.00169343668676 0.000187778804563 0.0206046492805 0.0236412372271 0.0293544315943 0.0254409200823 0.0152460731287 0.0217537632766 0.0110732314576 0.0108072757657 0.0326114392652 0.187741895433 0.0137798002159 0.0107834935094 0.00712992722214 0.0221430621195 0.0438537557576 0.0384900023335 0.0192715494468 0.0169305605133 0.0273751674794 0.00121640744743 0.0187083282212 0.0298228060328 0.00364677149063 -0.00303479279261 0.0112514683108 
0.0165718199635 -0.000454419454059 0.0103523875234 -0.00138771056045 0.00340653407785 0.0193722641166 0.00978407895265 0.0128586707077 0.0176992866719 0.0241722739094 0.0100524151121 -0.00188956102589 0.00156450757056 -0.00218712791419 0.0137798002159 0.254251608105 0.00162723347246 0.00880396582366 0.0291965782223 0.0140448027116 0.0308030257355 0.0199155069134 0.0263757050598 0.0160953682375 0.01619239281 0.00223694111644 0.0124590369563 0.0129158479042 0.00856842564982 0.00791879612133 
0.0164782312019 0.0223122157684 -0.033012557038 0.016738566569 0.0257599199214 0.0150205504917 0.00441731497512 0.0114493086588 -0.00674026710657 0.0244840579184 0.0109480771371 -0.00259319372043 0.0143307068139 0.00560895477599 0.0107834935094 0.00162723347246 0.983521088557 0.00492853826157 0.00743964987832 -0.0243597719487 0.0101769018112 0.0340538167398 0.00687539565345 0.0050659050381 0.0235997589181 0.00621960770121 0.0133899422852 0.00657883865954 0.0118892362289 0.0158961686253 
0.0168848300979 0.00733373865357 0.0265184129903 0.00712547367189 0.0077792492017 0.0198860349843 0.019386302318 0.0254600944596 0.00882666117314 0.0241996991008 0.00185894086646 0.0141163256645 0.0130589316816 0.0239908950166 0.00712992722213 0.00880396582366 0.00492853826157 0.185774731 0.011997781913 0.00503903382343 0.00482575913595 0.0110664497914 0.00956932791747 0.00922320622157 0.0137998232339 0.00072942526754 0.015478496434 0.0141743104756 -2.53772798661e-05 -0.00415800177189 
0.0253050975344 0.0181178406988 0.00405054192751 0.00982766465028 0.0359975019374 0.0110032207162 0.0144194193386 0.00936507977254 0.00857419728674 0.00463310105755 0.00690156536106 0.00718984111572 0.0124219630132 0.012772880449 0.0221430621195 0.0291965782223 0.00743964987832 0.011997781913 0.833563668239 0.0169855908966 0.0165541249127 0.020823262355 0.0350678446186 0.0206882916039 0.00300574968076 0.0360123525393 0.0193884301796 0.00368523078515 0.0204984151074 0.00455681524156 
0.0110317104766 -0.0370444482398 0.0278463368233 -0.00940708794184 -0.0125432613134 0.0149802262022 0.00613844194888 -0.0140638100452 0.0349636147822 -0.00561971673804 0.00737453252636 0.00432604581754 0.00724679109152 0.0251190745149 0.0438537557576 0.0140448027116 -0.0243597719487 0.00503903382343 0.0169855908966 6.86759422944 0.000744903855024 -0.00571026675916 0.0292270356854 0.00356303140862 -0.0099320048417 0.00240108307897 0.00644428640023 -0.00196675620586 -0.00392434578701 -0.01302847729 
0.0441413991989 0.0429835963528 0.0871657489847 0.0260083454216 0.0289959974823 0.0494793285286 0.0199030815289 0.0322837204497 0.0342094371251 0.0603247928215 0.0246833667502 0.0559294754551 0.0251085941365 0.0327622820866 0.0384900023335 0.0308030257355 0.0101769018112 0.00482575913595 0.0165541249127 0.000744903855024 0.490749227285 0.0584048797371 0.0316006850646 0.0351811645975 0.0357703117462 0.0534951915502 0.026998780402 0.0129243815741 -0.0100071608454 0.0216263798961 
0.0324439457937 0.0393832839541 0.0434069413511 0.0480284118152 0.00794076167305 0.0290165887634 0.0115344095981 0.0229489677539 0.0272509149729 0.0435834322816 0.0130953622552 -0.00287401187426 0.0230923286454 0.0365006507268 0.0192715494468 0.0199155069134 0.0340538167398 0.0110664497914 0.020823262355 -0.00571026675916 0.0584048797371 0.276969045117 0.021355164458 0.0232478396319 0.000668169413115 0.0183861227558 0.0206327445242 0.0163899141659 -0.00245957410732 0.00815412015939 
0.0260103454405 0.0213838458736 0.0442356263508 0.0256805813583 -0.00714461881691 0.0118183896875 0.0162228934448 0.0210434498833 0.0324478447003 0.0180127499136 0.023975452768 0.00375445670724 0.0133199313554 0.00835444080668 0.0169305605133 0.0263757050598 0.00687539565345 0.00956932791747 0.0350678446186 0.0292270356854 0.0316006850646 0.021355164458 0.233555625252 0.00571665688314 0.00442243040088 0.0156747292397 0.0307898040163 0.00682758827023 0.010807645365 0.00137632520101 
0.0252777428564 0.0342498878434 0.0260332547315 0.0203995883378 0.00330629612672 0.00689245513881 0.0261627417173 0.0198254753286 0.0186934663963 0.0194069975968 0.00474048994075 0.0137538515363 0.0132822804138 0.0194741641214 0.0273751674794 0.0160953682375 0.0050659050381 0.00922320622157 0.0206882916039 0.00356303140862 0.0351811645975 0.0232478396319 0.00571665688314 0.299422286123 0.0157177840515 0.0269953100752 0.02799670695 0.0166378294122 -0.00263662679774 0.00861999060653 
0.00913510361648 -0.0040117999682 0.0281340088674 0.00553665855854 0.00684396665359 0.0153137493752 0.0100392719318 0.0167254321407 0.0164517047592 0.00959597799159 0.000167089367812 0.00222918242518 0.00379451049311 0.0205891885109 0.00121640744743 0.01619239281 0.0235997589181 0.0137998232339 0.00300574968076 -0.0099320048417 0.0357703117462 0.000668169413115 0.00442243040088 0.0157177840515 0.472413283347 0.0107734041022 0.0152068775153 -0.000581387872995 -0.00112654098966 0.0162700500515 
0.0169117587699 0.0277226382232 0.0439309523526 0.00639202686928 0.0260365637559 0.0101866870819 0.0109143776236 0.0276513453565 0.0179858825187 0.0127961504828 0.0175576925757 0.00873816084678 0.0106390223696 -0.000396779426232 0.0187083282212 0.00223694111644 0.00621960770121 0.00072942526754 0.0360123525393 0.00240108307897 0.0534951915502 0.0183861227558 0.0156747292397 0.0269953100752 0.0107734041022 0.368586581921 0.0230889808388 0.0164781219423 -0.00239427449943 0.00774535516266 
0.0274063908876 0.0222047198255 0.0123846406583 0.0239786465153 0.00802864563486 0.0416383127155 0.0239870089741 0.0584937321983 0.00740091889439 0.0261350537231 0.0105071947037 0.0244311954133 0.0229203148064 0.040252945675 0.0298228060328 0.0124590369563 0.0133899422852 0.015478496434 0.0193884301796 0.00644428640023 0.026998780402 0.0206327445242 0.0307898040163 0.02799670695 0.0152068775153 0.0230889808388 0.220196062028 0.0335057051674 4.42529072781e-05 0.0100622113426 
0.025909471685 0.00306898600137 0.0086919396443 0.0180763389812 0.0166337698794 0.02414672198 0.0212332549933 0.0189129769288 -1.42299703398e-05 -0.0183350546483 0.00602079207972 0.0132767943198 0.0163513862942 0.00167218783157 0.00364677149063 0.0129158479042 0.00657883865954 0.0141743104756 0.00368523078515 -0.00196675620586 0.0129243815741 0.0163899141659 0.00682758827023 0.0166378294122 -0.000581387872995 0.0164781219423 0.0335057051674 0.72544654627 0.0155187931818 0.00388727558253 
0.00463428598197 0.00891189660169 -0.00720082130832 0.0057090678332 0.00902805800691 -0.00599772185085 0.0038844412935 0.00704233267053 0.0100301885401 0.0057842229169 0.0131912516762 0.0121439901052 0.0151418483209 -0.00817048838113 -0.00303479279261 0.00856842564982 0.0118892362289 -2.5377279866e-05 0.0204984151074 -0.00392434578701 -0.0100071608454 -0.00245957410732 0.010807645365 -0.00263662679774 -0.00112654098966 -0.00239427449943 4.4252907278e-05 0.0155187931818 0.535100449364 0.0266638946556 
0.0325003932574 0.131283311103 0.0181207061226 0.00365219462718 0.0316230344359 0.0175934795914 0.00231173258673 -0.00358609919182 0.0256383409275 0.0274498203544 0.0167502161928 0.0142066201946 0.00952257212062 0.0165340360887 0.0112514683108 0.00791879612133 0.0158961686253 -0.00415800177189 0.00455681524156 -0.01302847729 0.0216263798961 0.00815412015939 0.00137632520101 0.00861999060653 0.0162700500515 0.00774535516266 0.0100622113426 0.00388727558253 0.0266638946556 0.24354129517 

['LEG', 'EOG', 'MU', 'NOC', 'AES', 'PNC', 'GCI', 'SNV', 'AOC', 'AA', 'PBG', 'SWY', 'KMB', 'MET', 'ABK', 'AT', 'HUM', 'SLE', 'ADCT', 'SANM', 'FSL.B', 'COL', 'WMI', 'CCL', 'SYMC', 'QLGC', 'FHN', 'BOL', 'KSE', 'CVX']