50
0.0253425298527 0.0248608942987 0.0761836706695 0.0420146984796 0.0347696809731 0.0788996306534 0.0197813299257 0.0231907610599 0.0424048973372 0.0359279599811 0.371102806834 0.106415927512 0.0267965440056 0.0124927962784 0.0791308905459 0.0428749123775 0.110783759143 0.0511846892664 0.0223482457603 0.266244884644 0.114457978761 0.0418020448473 0.0486959213786 0.192324736986 0.125871369107 0.0502759777883 0.126958151155 0.0514292405054 0.0168064994581 0.0559549201136 0.127416862275 0.0333203023267 0.0692922129373 0.0486664598358 0.106366385329 0.0678674292734 0.0282353637115 0.0733521468466 0.0157982173188 0.026407260569 0.0188066159349 0.0664901393557 0.0363496030559 0.0787213758152 0.0533662879029 0.060830846045 0.0151091702759 0.0295384146509 0.132143501856 0.0278380444533 
0.188723694908 0.0135773738976 0.0116223396807 0.00115894114914 0.0153018008925 0.00973205750754 0.00386714180993 0.00539528814402 0.017679710338 0.0153235902786 0.0130624776156 0.0166208882493 0.0175872505226 0.00418342500617 0.00864426756206 0.0143849414199 0.0236500804896 0.00629564228849 0.015658948566 0.00278947267474 0.0020833909221 0.0145007808775 0.026574516041 0.0183253240191 0.00282314803858 0.000269025881926 -0.00245786684919 0.0186369565124 0.00559629997188 0.0194135044124 -0.00802031203623 0.0214165408658 0.0308789975194 0.00580924897368 0.0231998033876 0.0221959988592 0.0113845311751 -0.000879753971493 0.00887764968979 0.0113325553827 0.0207386029591 0.0152728537457 0.0503056723558 -0.00187432074288 0.00678119627612 0.0135175592502 0.00851230773761 0.0137517114749 -0.0019749797529 0.0206405557459 
0.0135773738976 0.208193280354 0.0107351092013 0.00460139477735 0.0196621623479 0.00471889614283 0.0186063429441 0.0155610217205 0.0133581618563 0.00675102356562 0.0100896303729 0.0223025756733 0.0464687011899 0.014477722245 0.00153250357066 0.0168157683769 0.0217072175589 0.0092906032228 0.0366755768537 0.017578582933 0.00119431816679 0.0232974703264 0.0443982854371 0.0212490647227 0.0135072074028 0.0301232920572 -0.00271793422535 0.0283394801108 0.00699031253642 0.0299002474935 -0.00563030870912 0.0264860952948 0.0250098125119 0.0152262558904 0.00783873620279 0.0334145856224 0.0390512955139 0.00665971541713 0.000941272212391 0.041580153505 0.0221995042059 0.0391805669664 0.0261740178654 -0.0024441899481 0.0153076314877 0.0344260659748 0.00655815281443 0.023556192017 0.014229294238 0.0070696064636 
0.0116223396807 0.0107351092013 0.366954662772 0.02921097781 0.0295527848348 0.0188177152762 0.00761498170009 0.0296873022877 0.0248360723682 0.0171586439127 0.0633528505134 0.137604993954 0.0114578693371 0.0174725472436 0.0138513512285 0.00772506238437 0.0959996898953 0.0336555685907 0.0115398318571 0.0223136327703 0.0116854863376 0.023440170707 0.0155828832185 0.0453158678798 0.00389041681194 0.00613532149262 0.0357155129074 0.0211388929427 0.019033139539 0.0306966044986 0.0358325013934 -0.00981573938014 0.115861737878 0.00274034302418 0.021892519694 0.0445437468312 0.0193270184289 -0.00501787816084 -0.00566573129594 0.00557467235438 0.0040834594493 0.0140639437363 0.017918918973 0.00623294556856 0.00485672943867 0.00442625539785 0.00529937329448 0.00970583956 0.0214708176575 -0.00793176924877 
0.00115894114914 0.00460139477735 0.02921097781 0.20017483179 0.0110236275107 0.0136692674917 0.0160942226074 0.0157350412846 0.0056890538606 0.0213652694151 0.0258496495044 0.0209096265549 0.0165954648937 0.00865684118443 0.00634484936713 0.00607257821634 0.0253425687263 -0.00330660247176 0.0103767683711 0.0401474972807 0.0187996937311 0.023796374026 0.0228097312803 0.0380787249765 -0.00970929739003 0.0233272240126 0.0338223206559 0.0251231484827 0.0103387795471 0.00673579063996 0.0446630019364 0.013339342819 0.0187317397741 0.0136716209765 0.040157508163 0.0146282545683 0.00845824002861 0.0240486051388 0.0230227435276 0.0135067606023 0.00769678955643 0.0212138252283 0.00531371341217 0.0261443583134 0.0395318647445 0.0271927754654 0.00394809187311 0.016607555552 0.0348679283564 0.0142755983591 
0.0153018008925 0.0196621623479 0.0295527848348 0.0110236275107 0.22463176291 0.00937889092852 -0.000474017556584 0.0194176918002 0.00642205935493 0.0253181917823 0.0283562279504 0.0167608877681 0.00388532539613 0.0176795837376 0.0040361223039 0.00865748078226 0.028168741665 0.0258192689905 0.0185882225754 0.0703586389334 0.0138247492607 0.0265160289674 0.0155576805869 0.0377613394044 0.00205030247518 0.0281577905268 0.0272937777059 0.0149012088112 -0.000301595886644 0.0374037667649 0.0215024303385 0.0218723082498 0.0300244816163 0.0163949518824 0.019786418287 0.0139359648476 0.00686320036693 0.0116858702817 0.00436143662452 0.00728579753839 0.013799454874 0.017158047108 0.00773613667747 0.0120825374876 0.00456886161113 0.0261562179368 0.0121415515228 0.0136971097133 0.0173056740305 0.00160647550122 
0.00973205750754 0.00471889614283 0.0188177152762 0.0136692674917 0.00937889092852 0.755505776651 0.00611727179309 -0.00406084218991 0.0086098149478 0.00207061663409 -0.00663710232096 -0.00674137752869 0.00641096204415 0.000488578474525 -0.00201324882233 0.00563142950676 0.0547182899203 0.0106090609237 0.0148939269803 0.0287321994847 0.0129536066286 0.00334015169889 0.0106710946812 0.00647253271861 -0.00967929396654 0.0140218822166 0.0210377968207 0.00196660522395 0.00549512984278 0.0155504319522 0.016914732004 0.00389945859482 0.0264626869154 -0.00265952783828 0.00915937779064 0.0343729439466 0.00158964880276 -0.00572202482517 0.00288129256943 0.0134865591236 0.0193213942197 -0.00868959176535 0.00179352931432 -0.000507722376371 -0.00118329481347 0.0082958101616 0.00520612373641 0.00284883118497 -0.00984596749078 0.0139442743062 
0.00386714180993 0.0186063429441 0.00761498170009 0.0160942226074 -0.000474017556583 0.00611727179309 0.135442152638 0.0160661732178 0.00256556769376 0.00726020200455 -0.00595011871337 0.0173330483127 0.0322141646964 0.0195572300979 0.0104886471136 0.0274814809397 0.01775884439 -0.00674626724178 0.0187273230273 0.0228927160181 -0.00257352529366 0.014377869657 0.0323182423084 0.00948885118173 -0.00466283538918 -0.00395077486779 0.0103510023021 0.0219432773288 0.0173618126958 0.0186023399908 0.00204758802188 0.0143293775751 0.00270759469173 0.00438209073316 -0.00150767024215 0.0113457084262 0.0360456736445 0.0266539611978 0.0174967124272 0.021337333952 0.00660172116907 0.0308400837438 0.00478902409001 7.66891603782e-05 -0.00382381585636 0.0157619446912 0.0082657859616 0.0286555768162 -0.00905782598601 0.0136397547291 
0.00539528814402 0.0155610217205 0.0296873022877 0.0157350412846 0.0194176918002 -0.00406084218991 0.0160661732178 0.220736085722 0.00071590565858 0.0463872559789 0.0131166451852 -0.000689879258671 0.00533754697418 0.00297494255562 0.00487879295201 0.016232616041 0.0310433015532 0.00664723763407 0.011852823119 0.0662268005971 -0.00842611082026 0.0171528247757 0.0230301370809 0.0299718155623 -0.0117014596988 0.00727738862062 -0.00339635105908 0.00944662094517 0.0137557034415 0.00902736648897 -0.00197378102138 0.00559675923803 0.0157252973792 0.00552021030274 -0.000834347749497 0.0228937163839 0.0153809980945 0.0166450498234 0.0105073524866 0.0148214418779 0.0137099698936 0.0175086628508 0.00822331247979 -0.00284237681952 -0.00136318803915 0.0100346510281 0.00636645173519 0.0227860999381 0.0124681840556 0.00185127028717 
0.017679710338 0.0133581618563 0.0248360723682 0.0056890538606 0.00642205935493 0.0086098149478 0.00256556769376 0.000715905658579 0.395354289696 -0.00596756306998 -0.00316789610465 0.00930239065455 -0.00246645518869 0.000445986736747 0.0124514677837 0.0181360583257 0.0135476813814 0.0145103064759 0.0161494462221 -0.00608626708948 0.0202754391773 0.0087409779254 0.0109196058035 0.0150682213421 0.00201357078767 0.00319665955932 0.0116451741386 0.00760853275575 0.00815565798368 0.0228939653918 -0.00352128444398 0.0280344496845 0.00793465436712 0.0476184316346 0.0031731622629 0.00664878120705 0.00821421571286 0.0132302190684 0.0104892497625 0.0150723160516 0.00101460230481 0.00382596273073 0.0320115486049 0.00627263259312 -0.010800213867 0.0238292239958 0.0175769663813 0.00998071202893 0.00174709539502 0.00887239513528 
0.0153235902786 0.00675102356562 0.0171586439127 0.0213652694151 0.0253181917823 0.00207061663409 0.00726020200455 0.0463872559789 -0.00596756306998 0.222330446817 0.0224123733706 0.0206755370618 -0.000363687943873 0.00863043950254 -0.0122752458335 0.0133301797166 0.016497468693 0.00936253014952 0.00294948477391 0.0700659179007 0.0103927045328 0.0358194518918 -0.00144193140887 0.0253106747659 0.000534690479265 0.0105783286113 0.00352092592437 0.0143760201553 0.00619986167729 0.0196170625256 0.0122880769562 0.00567044907632 0.00840629025027 0.013995273182 0.0216308744262 0.0132397279625 0.0101035871876 -0.00506139614829 0.013321406326 0.00131417597491 0.00627104730636 0.0105779153267 0.00949578560319 0.00227076093467 0.00552142441552 0.0128966373166 0.0119813486222 0.0120197170865 0.0140961315191 0.0140849043608 
0.0130624776156 0.0100896303729 0.0633528505134 0.0258496495044 0.0283562279504 -0.00663710232096 -0.00595011871337 0.0131166451852 -0.00316789610465 0.0224123733706 1.23034015242 0.0944841453079 -0.00224643204468 -0.00136824844578 0.0226780173101 0.0186652831181 0.0580091246562 0.0268853305519 0.00216276042583 0.120656843096 0.0490007219132 0.0289120600384 -0.00185153399864 0.108551060534 0.0270812540274 0.00673451715778 0.0253302569639 0.0295993276742 0.000210119840368 0.0218959718587 0.0633884594426 0.024987723993 0.0676043533638 0.0461103002985 0.0692896697603 0.0524957523459 0.00502721367906 0.0198971588722 0.00569680342885 0.00456481770633 -0.00076633299403 -0.00599391981586 0.0227645113346 0.032108255836 0.0116502779078 0.0267352606483 0.0137369415824 0.0057603733392 0.0386230629277 -0.000932446917914 
0.0166208882493 0.0223025756733 0.137604993954 0.0209096265549 0.0167608877681 -0.00674137752869 0.0173330483127 -0.000689879258671 0.00930239065455 0.0206755370618 0.0944841453079 0.590318035683 0.00210677037583 0.0201371643226 0.0260777392483 0.0475039692616 0.070678997943 0.0280398573266 0.00907604730603 -0.00210276483389 0.028042186915 0.0424755791034 0.0228525167586 0.0513882360941 0.0303927539335 0.021818352116 0.0124910435705 0.0165233932667 0.0152852179696 0.0319030076038 0.0431688846764 0.0126375666861 0.0819100181654 0.0258271646243 0.00714396389871 0.0139584123997 0.0137060315918 -0.00982797778214 0.0019903834031 0.0228695518419 0.0114296996657 0.0427438268658 0.0151694791508 0.0225300011936 0.00204954303925 0.0372437879156 0.00219252039503 0.00852624433057 0.0316074024415 0.00850741332355 
0.0175872505226 0.0464687011899 0.0114578693371 0.0165954648937 0.00388532539613 0.00641096204415 0.0322141646964 0.00533754697418 -0.00246645518869 -0.000363687943872 -0.00224643204468 0.00210677037583 0.158538734595 0.00625268748296 0.0042287332783 0.0186613043384 0.0242153781069 -0.00228576329569 0.033497233627 0.0148648013883 0.00466152052175 0.00741767029014 0.0349358965615 0.020942879637 0.00458372246541 0.0144695730607 0.00458595221712 0.0248020342797 0.0174837083596 0.0233866642973 0.00417963678775 0.0179343525101 0.0178537121846 0.00794291839246 0.000770004758848 0.02612811953 0.0421910909778 0.0236131055999 0.00773348142115 0.0424814217035 0.00301140763696 0.0380558471308 0.013726864271 0.00288044689064 0.0139796207442 0.0260472807217 0.00905433523637 0.0314334701716 0.0119677104005 0.00827618005893 
0.00418342500617 0.014477722245 0.0174725472436 0.00865684118443 0.0176795837376 0.000488578474525 0.0195572300979 0.00297494255562 0.000445986736747 0.00863043950254 -0.00136824844578 0.0201371643226 0.00625268748296 0.181642788009 0.00863892871439 0.0173109708477 0.0244634431443 0.00525624748678 0.0086056538776 0.0168372236677 0.00761980761852 0.0262740000327 0.0161198222326 0.0161587116302 0.00388735448358 0.0172304472509 0.017013864495 0.0092854125195 0.00463861577123 0.0315193790058 0.00590851399735 0.0230954837725 0.0269226123409 0.000608987946254 0.005318790385 0.0364734832129 0.021938010987 0.0178069620907 0.00785295740935 0.00864560830356 0.0252440546849 0.0259658180263 0.0143671198965 0.0123221026742 0.00902163407045 0.0135078648784 0.0126063837462 0.0143329213221 0.00823780571289 0.00643237265714 
0.00864426756206 0.00153250357066 0.0138513512285 0.00634484936713 0.0040361223039 -0.00201324882233 0.0104886471136 0.00487879295201 0.0124514677837 -0.0122752458335 0.0226780173101 0.0260777392483 0.0042287332783 0.00863892871439 0.619053424182 0.000521533939764 0.0392215909295 -0.000605001915707 0.0126713132552 0.0348642963343 0.019568287227 0.0114846152384 0.00388637267523 -0.0123071288748 -0.0173618937896 -0.00177290590316 0.0217600743163 0.000868856512678 0.00290389639476 0.01942851563 0.00492749515994 -0.000239967362585 0.0343538045159 0.00125478432689 0.00427873201801 0.0311895771686 0.00778633300915 -0.00160483212973 -0.00106863722988 0.0202479461042 0.0131956525923 0.0212412816715 -0.000560501679685 0.0101846688552 0.00938797723117 0.00606134804982 0.00920942577919 0.00893771776647 0.0332810944816 -0.000130229803442 
0.0143849414199 0.0168157683769 0.00772506238437 0.00607257821634 0.00865748078226 0.00563142950676 0.0274814809397 0.016232616041 0.0181360583257 0.0133301797166 0.0186652831181 0.0475039692616 0.0186613043384 0.0173109708477 0.000521533939764 0.250076841216 0.0211507671798 -0.00805955274658 0.0242494703598 0.0369845977025 0.0111655380711 0.0116470080496 0.0303563637477 0.0372975784112 0.00663904053644 0.0240979769403 0.00672148142552 0.011388570827 0.00807998752413 0.0331766274877 0.0102132638905 0.00927307561098 0.0308555384685 0.0219096861068 -0.00222837154031 0.022418766433 0.0257556256025 0.0178787140274 0.00174595745762 0.016905412221 0.0100753287297 0.0210156263435 0.0117434973156 0.0228950533677 0.0480249378963 0.0399819116023 0.00637129723182 0.0152765430373 0.0176465302887 0.00856592831244 
0.0236500804896 0.0217072175589 0.0959996898953 0.0253425687263 0.028168741665 0.0547182899203 0.01775884439 0.0310433015532 0.0135476813814 0.016497468693 0.0580091246562 0.070678997943 0.0242153781069 0.0244634431443 0.0392215909295 0.0211507671798 0.453037170407 0.0270401412214 0.0325007773616 0.0453038781776 0.0111995243944 0.0381432597041 0.0334009216298 0.121441497257 0.0256929760019 0.0387283207572 0.0259822311118 0.0520627771525 0.0286174856535 0.0366643970819 0.0347831744607 0.00502016648547 0.0910798448264 0.0190928927957 0.006213660327 0.0489201708739 0.0190694359049 0.00630999554524 0.0194998397221 0.0289509387461 0.0275333703717 0.0277710301563 0.0261187593845 0.0202412711349 0.0374834417207 0.0297758006642 0.0185904888855 0.0163569106422 0.0125745955366 0.0125226115357 
0.00629564228849 0.0092906032228 0.0336555685907 -0.00330660247176 0.0258192689905 0.0106090609237 -0.00674626724178 0.00664723763407 0.0145103064759 0.00936253014952 0.0268853305519 0.0280398573266 -0.00228576329569 0.00525624748678 -0.000605001915706 -0.00805955274658 0.0270401412214 0.331758151258 0.00381254376134 0.011848069872 0.00170779678169 0.0307745386692 0.0110823020004 0.0561715807147 0.0151663135273 -0.00562382048348 -0.00212237245133 0.0124992925783 0.00632426208539 0.0348448272725 0.024118999298 0.0192079596594 0.0371574388594 0.0149586993172 0.0194367957272 0.0328697952901 -0.00221037076109 0.0138102474585 0.00706248996381 0.00821851633519 0.0173424217227 -0.0125940129825 0.00892936982019 0.00808524850869 -0.0195805608415 0.0126856054389 0.00124550597494 -0.00917088717392 0.0401052626203 0.0107392259193 
0.015658948566 0.0366755768537 0.0115398318571 0.0103767683711 0.0185882225754 0.0148939269803 0.0187273230273 0.011852823119 0.0161494462221 0.00294948477391 0.00216276042583 0.00907604730603 0.033497233627 0.0086056538776 0.0126713132552 0.0242494703598 0.0325007773616 0.00381254376134 0.200505233995 0.0218744476162 0.000787610375306 0.0117352686908 0.0274535159911 0.030327598932 0.00748467962283 0.0316563235611 0.0149570153075 0.0293068193557 -0.00689458436954 0.0183397842525 -0.00608597798938 0.0116825966048 0.00799486621504 0.0149025075038 0.00399015742407 0.0261535924393 0.0398077043555 0.0214662296831 0.00462974823825 0.0467665827627 0.00386567443001 0.0446135580585 0.0180174907595 0.0176531031644 0.0212641639777 0.015735327666 0.00838992849152 0.0273596443988 -0.00715121595148 0.00733988135084 
0.00278947267474 0.017578582933 0.0223136327703 0.0401474972807 0.0703586389334 0.0287321994847 0.0228927160181 0.0662268005971 -0.00608626708948 0.0700659179007 0.120656843096 -0.00210276483389 0.0148648013883 0.0168372236677 0.0348642963343 0.0369845977025 0.0453038781776 0.011848069872 0.0218744476162 2.26664046413 -0.0156800130512 -0.00715854886853 0.0479303040105 0.0344290456442 0.00666297234761 -0.0214425523999 0.0143747235249 0.0231677585106 0.00868620176191 0.0407670883907 0.0118318827193 0.022200168424 0.0578961218497 -0.00318240541026 -0.00493152828331 -0.0187927016038 0.0189909086347 0.00676142339754 -0.0081501174979 0.0191924292539 0.0131169101956 0.0298558798268 0.0120345923167 0.00831203989058 -0.0181427241995 0.0441812197037 0.0112633425016 0.0165382635155 0.028207267576 -0.0119353872362 
0.0020833909221 0.00119431816679 0.0116854863376 0.0187996937311 0.0138247492607 0.0129536066286 -0.00257352529366 -0.00842611082026 0.0202754391773 0.0103927045328 0.0490007219132 0.028042186915 0.00466152052175 0.00761980761852 0.019568287227 0.0111655380711 0.0111995243944 0.00170779678169 0.000787610375306 -0.0156800130512 0.344955359468 0.0243283983657 0.0125842967943 0.0829724884709 -0.00987814904768 -0.00638445386117 0.126565658614 0.0173553149102 0.00402700950712 0.0248177224903 0.131782506559 0.0042994297775 0.00253968034241 -0.0026453192592 0.167955349319 -0.0164228366905 0.00290780253424 0.0214285887527 0.0142443287158 0.00571618392717 0.0112424250482 -0.00266008351306 0.00873084646288 0.110977272207 -0.00703369200222 0.000481672068477 -0.00100286445929 0.00654544692351 0.0933329615902 -0.012093542258 
0.0145007808775 0.0232974703264 0.023440170707 0.023796374026 0.0265160289674 0.00334015169889 0.014377869657 0.0171528247757 0.0087409779254 0.0358194518918 0.0289120600384 0.0424755791034 0.00741767029014 0.0262740000327 0.0114846152384 0.0116470080496 0.0381432597041 0.0307745386692 0.0117352686908 -0.00715854886853 0.0243283983657 0.250015512627 0.0152805138035 0.0512955415924 0.00357770083362 0.00890799776227 0.0253552164422 0.0204942523742 0.0115230789824 0.0305092696259 0.0212578925055 0.0100588576645 0.0252041888042 0.0233992007097 0.0180910808969 0.0268684121393 0.0116528529314 0.0114847312216 0.00539403399788 0.0289972611691 0.0104267408998 0.0361751258763 0.00870087330127 0.0252477610749 0.0110392776704 0.0212803153393 0.00679523428098 0.0226748471037 0.00138103861741 0.00318619765318 
0.026574516041 0.0443982854371 0.0155828832185 0.0228097312803 0.0155576805869 0.0106710946812 0.0323182423084 0.0230301370809 0.0109196058035 -0.00144193140887 -0.00185153399864 0.0228525167586 0.0349358965615 0.0161198222326 0.00388637267523 0.0303563637477 0.0334009216298 0.0110823020004 0.0274535159911 0.0479303040105 0.0125842967943 0.0152805138035 0.18816647743 0.0474895216586 0.0101733056078 0.00805630798849 0.00171292278909 0.0378695013054 0.0126308217606 0.0192635079862 0.0220459702461 0.0257589618384 0.0248209073743 0.0148240146541 -0.000257914378467 0.0349039860532 0.0431795917827 0.0385926945406 0.00655081005908 0.0401335727342 0.0123641742984 0.0449603397339 0.0279141647514 0.0157289222552 0.0248726435126 0.042908857282 0.0197629175775 0.0245390694812 0.0149044711801 0.0141806436421 
0.0183253240191 0.0212490647227 0.0453158678798 0.0380787249765 0.0377613394044 0.00647253271861 0.00948885118173 0.0299718155623 0.0150682213421 0.0253106747659 0.108551060534 0.0513882360941 0.020942879637 0.0161587116302 -0.0123071288748 0.0372975784112 0.121441497257 0.0561715807147 0.030327598932 0.0344290456442 0.0829724884709 0.0512955415924 0.0474895216586 0.626634147873 0.0333844886465 0.0293459307297 0.0896258637993 0.0558342415886 0.00546511200431 0.0636749077972 0.0944011043465 0.00883169449229 0.0395835646404 0.0087147236099 0.105196899681 0.0332331442254 0.020158680699 0.0299713620108 0.0138094424444 0.0359489875883 0.012303915338 0.0373017657844 0.00334649812959 0.0938257227636 0.0274811695248 0.0400518675979 0.0173244413664 0.025290884372 0.105432784241 0.00744541570509 
0.00282314803858 0.0135072074028 0.00389041681194 -0.00970929739003 0.00205030247518 -0.00967929396654 -0.00466283538918 -0.0117014596988 0.00201357078767 0.000534690479265 0.0270812540274 0.0303927539335 0.00458372246541 0.00388735448358 -0.0173618937896 0.00663904053644 0.0256929760019 0.0151663135273 0.00748467962283 0.00666297234761 -0.00987814904768 0.00357770083362 0.0101733056078 0.0333844886465 0.843304298812 0.0213280383846 -0.0196248024187 0.0127090708648 0.0190873574324 0.0165329743639 -0.00836208571466 0.0174544383887 0.0148323877155 0.025318090775 -0.010971631912 0.00627358658178 0.00385488613755 0.00426273744933 -0.0114040953846 0.0306398086377 0.00977261207195 -0.00608882459672 -0.00404615627749 -0.0225004568567 0.00818399321705 0.00812176076986 -0.0124518156227 0.00516368352056 0.00975962526043 0.000206278642033 
0.000269025881926 0.0301232920572 0.00613532149262 0.0233272240126 0.0281577905268 0.0140218822166 -0.00395077486779 0.00727738862062 0.00319665955932 0.0105783286113 0.00673451715778 0.021818352116 0.0144695730607 0.0172304472509 -0.00177290590316 0.0240979769403 0.0387283207572 -0.00562382048348 0.0316563235611 -0.0214425523999 -0.00638445386117 0.00890799776227 0.00805630798849 0.0293459307297 0.0213280383846 0.261012614086 0.0192057523536 0.0154913018194 0.0100360619001 0.0121939731911 0.0181354314223 0.0163353708359 0.0258460265841 0.0213794205935 0.00407767048919 0.0106033366607 0.0168458777294 0.00709528164626 0.01125005112 0.0132340857377 0.0249418061965 0.0286491748919 0.00467048149282 0.00832088472674 0.0136411323597 0.0341563443383 0.000128249441751 0.0165946726681 0.0122728155548 0.0167529171679 
-0.00245786684919 -0.00271793422535 0.0357155129074 0.0338223206559 0.0272937777059 0.0210377968207 0.0103510023021 -0.00339635105908 0.0116451741386 0.00352092592437 0.0253302569639 0.0124910435705 0.00458595221712 0.017013864495 0.0217600743163 0.00672148142552 0.0259822311118 -0.00212237245133 0.0149570153075 0.0143747235249 0.126565658614 0.0253552164422 0.00171292278909 0.0896258637993 -0.0196248024187 0.0192057523536 0.37745339919 0.0122113882652 0.0162955086117 0.0326803314297 0.112073693041 0.025034108575 0.0132080884148 -0.000248852613451 0.106599244929 0.0151898880623 0.0135477505638 0.0197012151998 0.00437702523595 0.00503925295231 -0.00421986301337 0.0223731482358 0.00657242793522 0.109237410482 -0.00522200455441 0.00789138836153 0.0110363396736 0.0158045378599 0.0937818576901 0.00678993435961 
0.0186369565124 0.0283394801108 0.0211388929427 0.0251231484827 0.0149012088112 0.00196660522395 0.0219432773288 0.00944662094517 0.00760853275575 0.0143760201553 0.0295993276742 0.0165233932667 0.0248020342797 0.0092854125195 0.000868856512678 0.011388570827 0.0520627771525 0.0124992925783 0.0293068193557 0.0231677585106 0.0173553149102 0.0204942523742 0.0378695013054 0.0558342415886 0.0127090708648 0.0154913018194 0.0122113882652 0.197887533562 0.00282106297577 0.0306978911165 0.0295274862867 0.0237562961188 0.0257777564622 0.0284354053907 0.0184849655013 0.0243901046594 0.0304974077606 0.00601901675177 0.0183716424786 0.0269094111529 0.0260065122279 0.0296810746247 0.0165590476228 0.0179646150966 0.0146376580794 0.0593343344083 0.0103864729111 0.0204329671454 0.0176376180519 0.0177946394116 
0.00559629997188 0.00699031253642 0.019033139539 0.0103387795471 -0.000301595886644 0.00549512984278 0.0173618126958 0.0137557034415 0.00815565798368 0.00619986167729 0.000210119840368 0.0152852179696 0.0174837083596 0.00463861577123 0.00290389639476 0.00807998752413 0.0286174856535 0.00632426208539 -0.00689458436954 0.00868620176191 0.00402700950712 0.0115230789824 0.0126308217606 0.00546511200431 0.0190873574324 0.0100360619001 0.0162955086117 0.00282106297577 0.209881583728 0.0309512520935 0.0102961918983 0.0166955402887 0.00161013793498 0.0114885422895 0.00359975257907 0.0174599373064 0.0204737534735 0.0100245583746 0.00447042450492 0.0081146762874 -0.00453644099285 0.0169711258526 0.0339088324395 0.00543509740134 0.0237015171444 0.00781801327075 0.00605405521117 0.0286521335874 -0.00324952524724 0.0101251473151 
0.0194135044124 0.0299002474935 0.0306966044986 0.00673579063996 0.0374037667649 0.0155504319522 0.0186023399908 0.00902736648897 0.0228939653918 0.0196170625256 0.0218959718587 0.0319030076038 0.0233866642973 0.0315193790058 0.01942851563 0.0331766274877 0.0366643970819 0.0348448272725 0.0183397842525 0.0407670883907 0.0248177224903 0.0305092696259 0.0192635079862 0.0636749077972 0.0165329743639 0.0121939731911 0.0326803314297 0.0306978911165 0.0309512520935 0.261328213839 0.0150682946093 0.0138251979624 0.0356028256555 0.0110705721024 0.0135400589816 0.0252967074379 0.0272383449702 0.00130597999649 0.0146442774696 0.0238138811605 0.0244986595786 0.0386906134162 0.0232869068274 0.0187644485093 0.00630081668671 0.0367440375925 0.0252006602928 0.0247655221298 0.0263600538562 0.0169715879491 
-0.00802031203623 -0.00563030870912 0.0358325013934 0.0446630019364 0.0215024303385 0.016914732004 0.00204758802188 -0.00197378102138 -0.00352128444398 0.0122880769562 0.0633884594426 0.0431688846764 0.00417963678775 0.00590851399735 0.00492749515994 0.0102132638905 0.0347831744607 0.024118999298 -0.00608597798938 0.0118318827193 0.131782506559 0.0212578925055 0.0220459702461 0.0944011043465 -0.00836208571466 0.0181354314223 0.112073693041 0.0295274862867 0.0102961918983 0.0150682946093 0.402076781175 0.0055201318498 0.0125184932935 0.00734185379494 0.131214266073 0.0228574574348 0.00630347158612 0.0161224774895 -0.000912013445474 -0.000306085903578 -0.00196018404212 0.0194859101311 -0.0123780428044 0.100145044994 -0.000498024421485 0.0149134767982 0.00139507220939 0.0110014380279 0.131904453096 -0.00744059829613 
0.0214165408658 0.0264860952948 -0.00981573938014 0.013339342819 0.0218723082498 0.00389945859482 0.0143293775751 0.00559675923803 0.0280344496845 0.00567044907632 0.024987723993 0.0126375666861 0.0179343525101 0.0230954837725 -0.000239967362585 0.00927307561098 0.00502016648547 0.0192079596594 0.0116825966048 0.022200168424 0.0042994297775 0.0100588576645 0.0257589618384 0.00883169449229 0.0174544383887 0.0163353708359 0.025034108575 0.0237562961188 0.0166955402887 0.0138251979624 0.0055201318498 0.198861552439 0.0104298220598 0.0070829277724 0.0036972978409 0.0191344664793 0.0143222283702 0.0177302356811 0.00313817060471 0.0148264547697 0.0121827832986 0.0118773321364 0.0279527352387 -0.00520820883646 0.00265474803669 0.0171512975809 0.0254692420277 0.00121148227929 0.00878001949881 0.0321285656732 
0.0308789975194 0.0250098125119 0.115861737878 0.0187317397741 0.0300244816163 0.0264626869154 0.00270759469173 0.0157252973792 0.00793465436712 0.00840629025027 0.0676043533638 0.0819100181654 0.0178537121846 0.0269226123409 0.0343538045159 0.0308555384685 0.0910798448264 0.0371574388594 0.00799486621504 0.0578961218497 0.00253968034241 0.0252041888042 0.0248209073743 0.0395835646404 0.0148323877155 0.0258460265841 0.0132080884148 0.0257777564622 0.00161013793498 0.0356028256555 0.0125184932935 0.0104298220598 0.370659270173 0.000858370190713 0.0125008840917 0.028143340448 0.0172378497311 0.019263783706 0.0164247979613 0.0239012078605 0.0168053642723 0.0224939578118 0.0065211547233 0.0125610265569 0.0336088965831 0.0219941042435 0.0152369805691 0.0253351934496 0.00884192113111 0.0125295204765 
0.00580924897368 0.0152262558904 0.00274034302418 0.0136716209765 0.0163949518824 -0.00265952783828 0.00438209073316 0.00552021030274 0.0476184316346 0.013995273182 0.0461103002985 0.0258271646243 0.00794291839246 0.000608987946254 0.00125478432689 0.0219096861068 0.0190928927957 0.0149586993172 0.0149025075038 -0.00318240541026 -0.0026453192592 0.0233992007097 0.0148240146541 0.0087147236099 0.025318090775 0.0213794205935 -0.000248852613451 0.0284354053907 0.0114885422895 0.0110705721024 0.00734185379495 0.0070829277724 0.000858370190713 0.30746414101 0.00604040325177 0.0114960987734 -7.60503276877e-05 0.00788730987463 0.00132832125801 0.0113507915675 0.0173988006314 0.0226522578583 0.0086358405594 0.01559362547 0.0304875137012 0.0227432547259 0.0056800178258 0.00482550481154 0.0295955814119 0.00994329901142 
0.0231998033876 0.00783873620279 0.021892519694 0.040157508163 0.019786418287 0.00915937779064 -0.00150767024215 -0.000834347749497 0.0031731622629 0.0216308744262 0.0692896697603 0.00714396389871 0.000770004758848 0.005318790385 0.00427873201801 -0.00222837154031 0.006213660327 0.0194367957272 0.00399015742407 -0.00493152828331 0.167955349319 0.0180910808969 -0.000257914378467 0.105196899681 -0.010971631912 0.00407767048919 0.106599244929 0.0184849655013 0.00359975257907 0.0135400589816 0.131214266073 0.0036972978409 0.0125008840917 0.00604040325177 0.370706688688 0.00343289450548 0.0088099956463 0.020617862071 0.0042740747401 0.00248596280073 0.00860518846034 0.000534392092481 0.0256234908309 0.109231726314 0.0134924815485 0.00791151633457 0.00765162683705 -0.00305323483669 0.108456861894 -0.00112378009014 
0.0221959988592 0.0334145856224 0.0445437468312 0.0146282545683 0.0139359648476 0.0343729439466 0.0113457084262 0.0228937163839 0.00664878120705 0.0132397279625 0.0524957523459 0.0139584123997 0.02612811953 0.0364734832129 0.0311895771686 0.022418766433 0.0489201708739 0.0328697952901 0.0261535924393 -0.0187927016038 -0.0164228366905 0.0268684121393 0.0349039860532 0.0332331442254 0.00627358658178 0.0106033366607 0.0151898880623 0.0243901046594 0.0174599373064 0.0252967074379 0.0228574574348 0.0191344664793 0.028143340448 0.0114960987734 0.00343289450548 0.395709221647 0.0247366257565 0.0225012227968 -0.0014901371507 0.0102825206108 0.0467571825773 0.0215383816026 0.0268806078717 0.00902887109437 0.0231645721071 0.0496254384113 0.0266886639722 0.0268892377354 0.028124443588 0.0179105232732 
0.0113845311751 0.0390512955139 0.0193270184289 0.00845824002861 0.00686320036693 0.00158964880276 0.0360456736445 0.0153809980945 0.00821421571286 0.0101035871876 0.00502721367906 0.0137060315918 0.0421910909778 0.021938010987 0.00778633300915 0.0257556256025 0.0190694359049 -0.00221037076109 0.0398077043555 0.0189909086347 0.00290780253424 0.0116528529314 0.0431795917827 0.020158680699 0.00385488613755 0.0168458777294 0.0135477505638 0.0304974077606 0.0204737534735 0.0272383449702 0.00630347158612 0.0143222283702 0.0172378497311 -7.60503276876e-05 0.0088099956463 0.0247366257565 0.125879852417 0.0284521442276 0.0128277781263 0.0333206281773 0.0156074277905 0.0297527573099 0.0213998243712 0.0077712944341 0.01197637591 0.0239561547095 0.0129093513884 0.035158034684 -0.000515636488961 0.00785679866755 
-0.000879753971493 0.00665971541713 -0.00501787816084 0.0240486051388 0.0116858702817 -0.00572202482517 0.0266539611978 0.0166450498234 0.0132302190684 -0.00506139614829 0.0198971588722 -0.00982797778214 0.0236131055999 0.0178069620907 -0.00160483212973 0.0178787140274 0.00630999554524 0.0138102474585 0.0214662296831 0.00676142339754 0.0214285887527 0.0114847312216 0.0385926945406 0.0299713620108 0.00426273744933 0.00709528164626 0.0197012151998 0.00601901675177 0.0100245583746 0.00130597999649 0.0161224774895 0.0177302356811 0.019263783706 0.00788730987463 0.020617862071 0.0225012227968 0.0284521442276 0.440217827986 0.0100281736632 0.0243376413524 0.0117738937968 0.0528480386815 0.0220299545637 0.0249608881644 -0.0123331001895 0.0007484081617 0.018152277773 0.0141199180624 0.00723970202096 0.0219342714145 
0.00887764968979 0.000941272212391 -0.00566573129594 0.0230227435276 0.00436143662452 0.00288129256943 0.0174967124272 0.0105073524866 0.0104892497625 0.013321406326 0.00569680342885 0.0019903834031 0.00773348142115 0.00785295740935 -0.00106863722988 0.00174595745762 0.0194998397221 0.00706248996381 0.00462974823825 -0.0081501174979 0.0142443287158 0.00539403399788 0.00655081005908 0.0138094424444 -0.0114040953846 0.01125005112 0.00437702523595 0.0183716424786 0.00447042450492 0.0146442774696 -0.000912013445474 0.00313817060471 0.0164247979613 0.00132832125801 0.0042740747401 -0.0014901371507 0.0128277781263 0.0100281736632 0.231965158899 0.0241004757452 0.0196177747352 0.0285683924167 0.0161333954209 0.00204755912891 0.0400630027603 -0.000404423873392 0.0130441508296 0.0143933645711 -0.0065557005854 0.013219593313 
0.0113325553827 0.041580153505 0.00557467235438 0.0135067606023 0.00728579753839 0.0134865591236 0.021337333952 0.0148214418779 0.0150723160516 0.0013141759749 0.00456481770633 0.0228695518419 0.0424814217035 0.00864560830356 0.0202479461042 0.016905412221 0.0289509387461 0.00821851633519 0.0467665827627 0.0191924292539 0.00571618392717 0.0289972611691 0.0401335727342 0.0359489875883 0.0306398086377 0.0132340857377 0.00503925295231 0.0269094111529 0.0081146762874 0.0238138811605 -0.000306085903578 0.0148264547697 0.0239012078605 0.0113507915675 0.00248596280073 0.0102825206108 0.0333206281773 0.0243376413524 0.0241004757452 0.189926411941 0.00537651295089 0.0415311906582 0.00714841066391 0.0167256765597 0.00461212722048 0.0116556693284 0.0193304200766 0.0406239579786 -0.00464716897054 0.0161045861049 
0.0207386029591 0.0221995042059 0.0040834594493 0.00769678955643 0.013799454874 0.0193213942197 0.00660172116907 0.0137099698936 0.00101460230481 0.00627104730636 -0.000766332994031 0.0114296996657 0.00301140763696 0.0252440546849 0.0131956525923 0.0100753287297 0.0275333703717 0.0173424217227 0.00386567443001 0.0131169101956 0.0112424250482 0.0104267408998 0.0123641742984 0.012303915338 0.00977261207195 0.0249418061965 -0.00421986301337 0.0260065122279 -0.00453644099285 0.0244986595786 -0.00196018404212 0.0121827832986 0.0168053642723 0.0173988006314 0.00860518846034 0.0467571825773 0.0156074277905 0.0117738937968 0.0196177747352 0.00537651295089 0.196659027211 0.0286736649225 0.0278778489063 -0.0028765315927 0.00654037629057 0.0226957131965 0.00957538905584 0.0113026885386 0.0158626672083 0.0103347576487 
0.0152728537457 0.0391805669664 0.0140639437363 0.0212138252283 0.017158047108 -0.00868959176535 0.0308400837438 0.0175086628508 0.00382596273073 0.0105779153267 -0.00599391981586 0.0427438268658 0.0380558471308 0.0259658180263 0.0212412816715 0.0210156263435 0.0277710301563 -0.0125940129825 0.0446135580585 0.0298558798268 -0.00266008351306 0.0361751258763 0.044960339734 0.0373017657844 -0.00608882459672 0.0286491748919 0.0223731482358 0.0296810746247 0.0169711258526 0.0386906134162 0.0194859101311 0.0118773321364 0.0224939578118 0.0226522578583 0.000534392092481 0.0215383816026 0.0297527573099 0.0528480386815 0.0285683924167 0.0415311906582 0.0286736649225 0.353402121551 0.00885634336201 0.00289202579925 0.0407405250721 0.0394993568138 0.0257191366863 0.0638502643383 -0.00348268516701 0.0120659858842 
0.0503056723558 0.0261740178654 0.017918918973 0.00531371341217 0.00773613667747 0.00179352931432 0.00478902409002 0.00822331247979 0.0320115486049 0.00949578560319 0.0227645113346 0.0151694791508 0.013726864271 0.0143671198965 -0.000560501679686 0.0117434973156 0.0261187593845 0.00892936982019 0.0180174907595 0.0120345923167 0.00873084646288 0.00870087330127 0.0279141647514 0.00334649812959 -0.00404615627749 0.00467048149282 0.00657242793522 0.0165590476228 0.0339088324395 0.0232869068274 -0.0123780428044 0.0279527352387 0.0065211547233 0.0086358405594 0.0256234908309 0.0268806078717 0.0213998243712 0.0220299545637 0.0161333954209 0.00714841066391 0.0278778489063 0.00885634336201 0.306260491672 0.00970330883449 0.0117637784071 0.0161482113144 0.0132609056652 0.0208847542526 0.0100594636385 0.0176485826992 
-0.00187432074288 -0.0024441899481 0.00623294556856 0.0261443583134 0.0120825374876 -0.000507722376371 7.66891603783e-05 -0.00284237681952 0.00627263259312 0.00227076093467 0.032108255836 0.0225300011936 0.00288044689064 0.0123221026742 0.0101846688552 0.0228950533677 0.0202412711349 0.00808524850869 0.0176531031644 0.00831203989058 0.110977272207 0.0252477610749 0.0157289222552 0.0938257227636 -0.0225004568567 0.00832088472674 0.109237410482 0.0179646150966 0.00543509740134 0.0187644485093 0.100145044994 -0.00520820883646 0.0125610265569 0.01559362547 0.109231726314 0.00902887109437 0.0077712944341 0.0249608881644 0.00204755912891 0.0167256765597 -0.0028765315927 0.00289202579925 0.00970330883449 0.317361436538 -0.00406836978808 0.00426954189124 0.00605445318859 0.00450128616756 0.091292349791 0.00173329958502 
0.00678119627612 0.0153076314877 0.00485672943867 0.0395318647445 0.00456886161113 -0.00118329481347 -0.00382381585636 -0.00136318803915 -0.010800213867 0.00552142441552 0.0116502779078 0.00204954303925 0.0139796207442 0.00902163407046 0.00938797723117 0.0480249378963 0.0374834417207 -0.0195805608415 0.0212641639777 -0.0181427241995 -0.00703369200222 0.0110392776704 0.0248726435126 0.0274811695248 0.00818399321705 0.0136411323597 -0.00522200455441 0.0146376580794 0.0237015171444 0.00630081668671 -0.000498024421485 0.00265474803669 0.0336088965831 0.0304875137012 0.0134924815485 0.0231645721071 0.01197637591 -0.0123331001895 0.0400630027603 0.00461212722048 0.00654037629057 0.0407405250721 0.0117637784071 -0.00406836978808 0.420121685427 0.0275734568997 0.00342898326559 -0.00208517781194 0.00327328198511 0.0093065957752 
0.0135175592502 0.0344260659748 0.00442625539785 0.0271927754654 0.0261562179368 0.0082958101616 0.0157619446912 0.0100346510281 0.0238292239958 0.0128966373166 0.0267352606483 0.0372437879156 0.0260472807217 0.0135078648784 0.00606134804982 0.0399819116023 0.0297758006642 0.0126856054389 0.015735327666 0.0441812197037 0.000481672068477 0.0212803153393 0.042908857282 0.0400518675979 0.00812176076986 0.0341563443383 0.00789138836153 0.0593343344083 0.00781801327075 0.0367440375925 0.0149134767982 0.0171512975809 0.0219941042435 0.0227432547259 0.00791151633457 0.0496254384113 0.0239561547095 0.0007484081617 -0.000404423873392 0.0116556693284 0.0226957131965 0.0394993568138 0.0161482113144 0.00426954189124 0.0275734568997 0.285555762357 0.0157722649959 0.019982416011 0.0238022847951 0.00560369212205 
0.00851230773761 0.00655815281443 0.00529937329448 0.00394809187311 0.0121415515228 0.00520612373641 0.0082657859616 0.00636645173519 0.0175769663813 0.0119813486222 0.0137369415824 0.00219252039503 0.00905433523637 0.0126063837462 0.00920942577919 0.00637129723182 0.0185904888855 0.00124550597494 0.00838992849152 0.0112633425016 -0.00100286445929 0.00679523428098 0.0197629175775 0.0173244413664 -0.0124518156227 0.000128249441751 0.0110363396736 0.0103864729111 0.00605405521117 0.0252006602928 0.00139507220939 0.0254692420277 0.0152369805691 0.0056800178258 0.00765162683705 0.0266886639722 0.0129093513884 0.018152277773 0.0130441508296 0.0193304200766 0.00957538905583 0.0257191366863 0.0132609056652 0.00605445318859 0.00342898326559 0.0157722649959 0.154298989735 0.0163132050141 0.00143816062391 0.0180726085449 
