40
0.0374431650663 0.0511846892664 0.105459344027 0.0125032911957 0.123926899062 0.067654701563 0.114457978761 0.0850489592031 0.0263662592882 0.0538734886168 0.0610020106181 0.0253425298527 0.0357981155146 0.0787213758152 0.0800378705657 0.090319564185 0.15717092416 0.0439476996979 0.106415927512 0.0125275076286 0.140066530531 0.0501755430095 0.0210054402465 0.128222495688 0.0377827405953 0.143796644659 0.116988452624 0.0435638119902 0.0161403943775 0.0533286406295 0.0425593974561 0.0442230302855 0.0420146984796 0.022369934908 0.0715007016099 0.0459594094694 0.0220926651793 0.0482651065397 0.029419367 0.0528259349661 
0.461767987104 0.00281837990049 0.0237873545204 0.00387749213452 0.00585332515124 0.0174344808408 0.00545394937486 0.0265867671981 0.00840717608197 0.0155255195211 0.0380295799271 0.0396189063524 0.00655158267212 0.0146109009035 0.0333103698874 0.0138690953151 0.0151161096136 0.00842750293407 -0.00351638919037 0.00110492551139 0.019996884726 -0.000575992869378 0.00246803075468 0.0211448260533 0.0128717933056 0.033818724065 0.0159492980448 0.0150724271173 0.00996874017707 0.00289154988954 0.00140481037655 0.0189565213981 0.00788097422789 0.026536005674 0.01881316436 0.00429493731179 0.00675864421489 0.00109279735188 0.0055546272431 0.0132538462349 
0.00281837990049 0.337879429055 0.0298838339192 0.0170731111627 -0.00253535871665 0.000437238967706 0.0153131456097 0.031217363809 0.0132297659306 0.0266871385645 0.0260545719685 0.00766548297053 0.0100779136546 0.0194075313236 0.0137637491573 0.028526422961 0.0296890107306 -0.000197998399467 0.0318816719753 -0.00277669034551 0.0010086101132 0.0150936870306 0.0103908560591 0.0489200803467 0.0109752630159 0.0276062066924 0.0191563671455 -0.00151561299084 -0.00627985160138 0.0134554133319 -0.00373679545787 0.0145391051682 -0.00032812448176 0.0235155915666 0.0114226711249 0.0135484710865 0.0139703364262 0.0217913095967 0.00123842181665 0.0251751962014 
0.0237873545204 0.0298838339192 0.749343039368 0.0567096049844 0.00162599965423 0.0253784336789 -0.00723712113098 0.00451144732811 0.0533111542841 0.00941644512889 0.0153776464605 0.0220626591263 0.0235605823151 0.00444157168052 0.0320735233786 0.0172564328216 0.043302663308 0.0134559532466 0.0380787754708 0.00716222541227 0.0127149868198 0.00596140789342 0.00571338426119 0.0380083224219 0.014773579115 0.0638586607569 0.0223344153656 -0.00102251647637 0.0191409637577 0.0145985978821 0.017114563366 0.0172336203154 0.00971393338401 0.0448614645539 0.0242545621501 0.0157631977618 0.00152743794768 0.0194195871687 -0.0117492728929 0.00668823046951 
0.00387749213452 0.0170731111627 0.0567096049844 0.274034959013 0.00330871916521 0.0172643114736 -0.0265931090822 0.0127694871564 0.0269244240458 0.0476761068638 0.00236312943996 0.00441393023449 0.0216728253942 -0.022239599649 0.0213797928068 0.00928323204483 0.0216684813433 0.000161988031094 0.0131050547695 0.00203381477571 0.0209306965252 0.0115904233526 -0.0056288278137 0.0100767158901 0.0457831529185 0.0172448376404 0.00936849445448 0.024860243524 -0.00348662536735 -0.00240430941609 0.0378476371491 0.012819406765 0.00637655389282 0.00147837058255 0.0185290096418 0.0293581740157 -0.0080194189765 0.0276704995407 0.00465216098483 0.0107941582843 
0.00585332515124 -0.00253535871665 0.00162599965423 0.00330871916521 0.907303575593 0.00564552390641 0.0292157885424 0.0340243071715 -0.00805182003946 0.0205108870093 0.00788641891114 0.00628035743209 0.00343201627608 0.0303490017928 0.0265544276028 0.00288719188036 -0.00129933882913 0.000249914572287 0.0156378631226 0.044746721591 0.0196272934871 0.011670486024 -0.00510472599405 -0.00553573597064 0.00671379721314 0.056720494701 0.0124056128065 -0.00105395515122 -0.00278028241232 0.00826052187767 0.0172438806939 0.0229032106683 0.0346181102681 0.0172940516482 0.00737205395771 0.0073999363369 -0.0172185539145 0.0080703010704 0.0280688989501 0.00309119549751 
0.0174344808408 0.000437238967705 0.0253784336789 0.0172643114736 0.00564552390641 0.381865516524 0.0160430700547 0.00520002051685 0.00477362274514 0.00268025737003 0.00479068455225 0.0245467630819 0.0189744288289 0.00905968723357 -0.00101234255324 0.0128150709297 0.020648150195 0.00191027982939 0.0232404217532 0.0161637987677 0.00424643880809 -0.00877952640433 0.00334028006189 0.0186938017423 0.01738194599 0.0175012761964 -0.00182885890678 0.0248067843174 0.0167746708858 -0.00524914392058 0.0211373657863 0.0257334609949 0.00817895743434 0.00262199560727 0.0175991663104 0.0132224321055 0.0379415452024 0.00610173188425 0.026397626441 0.0229395120047 
0.00545394937486 0.0153131456097 -0.00723712113098 -0.0265931090822 0.0292157885424 0.0160430700547 0.414744144855 0.0432255508708 0.0312059088477 0.00769594766176 0.0107582591054 0.00306264679826 0.00777329695979 0.161428694831 -0.00518345693104 0.00293510536077 -0.00410206070428 0.00981150559607 0.0353905158031 0.00991743749052 0.0128818578005 0.0311511781871 -0.00230030531115 0.0295326649585 0.0367521902037 0.0334906298543 0.0502243429767 0.0221627443277 0.00303647638703 0.0073769782491 0.0316372578415 0.0273767292602 0.0392960840617 0.0120548945395 -0.0120607170107 -0.00315624152843 0.0242906135128 0.0106048543459 0.023585663508 -0.0129126027099 
0.0265867671981 0.031217363809 0.00451144732811 0.0127694871564 0.0340243071715 0.00520002051685 0.0432255508708 0.716725426074 0.0443666646001 0.0149542836114 0.0649916950641 0.0237653716269 0.0246566599086 0.0186603683958 0.0310544453019 0.0224347014099 0.0658692942045 0.0120375449578 0.0310352268798 -0.0149706241535 0.0306199921356 -0.00846725068265 0.0107810329342 0.01828750644 0.0115426151525 0.0721529325292 0.0301575558493 0.00620945110235 -0.00160474329552 0.0163186732404 0.0159159011273 0.0308352306142 -0.00616774168514 0.00923490718581 0.00562741430307 0.0284948414408 0.00569327607469 0.031989669958 0.0130032080078 0.0169309404052 
0.00840717608197 0.0132297659306 0.0533111542841 0.0269244240458 -0.00805182003946 0.00477362274514 0.0312059088477 0.0443666646001 0.234056830439 0.0285537545365 0.003784789772 0.0166576507012 0.0318037929305 0.0215437206353 0.0297125523255 0.0325535706595 0.0319235748814 0.00489276474425 0.0147135288057 0.0132747680179 0.0270615561323 0.0241548613667 0.0055833061607 0.0338639854678 0.0116523790983 0.0329409798647 0.0470465702085 0.00573750440113 0.00642846213455 0.0238113418187 0.0397146810791 0.0315188754282 0.015295307677 0.0324434877476 0.0145638630941 0.0283047030643 0.0167895983238 0.0376679744966 0.0157168213742 0.0190207644627 
0.0155255195211 0.0266871385645 0.00941644512889 0.0476761068638 0.0205108870093 0.00268025737003 0.00769594766176 0.0149542836114 0.0285537545365 0.374005423523 9.38676929052e-06 0.00464637211909 0.024631599088 0.0202674558271 0.0159051191496 0.0330681565364 0.0198227712951 0.00115287523372 0.00616130776094 0.0220904903978 0.0555177608436 0.0256177125082 0.0113685985125 0.0241887545112 0.00558874145537 0.0687682435232 0.0370412425315 0.00786826600865 0.00960763653707 0.0105770019062 0.048241982413 0.0195955936401 0.011863648511 0.0280203204968 0.0120678885282 0.0244184000184 -0.00401249992065 0.026464822227 0.00615229438645 0.00466350016233 
0.0380295799271 0.0260545719685 0.0153776464605 0.00236312943996 0.00788641891114 0.00479068455225 0.0107582591054 0.0649916950641 0.003784789772 9.38676929036e-06 0.418688500116 0.0130675114032 0.0140748012413 0.0206226801559 0.011930248244 0.0194501696596 0.0315001437784 0.0144601159632 0.0399019920385 0.0110481072362 0.0115643253676 0.0225800245717 0.00924200844218 0.0187777491044 0.0140299700528 0.0608203848261 0.0106046731974 -0.00116230358789 0.00381203417056 0.00334312560683 0.00269828882415 0.0238288733114 0.025443142822 -0.00551111113276 0.000131223923064 0.0180461481035 0.0126200913361 0.0187460301263 0.00486667826021 0.00696451312641 
0.0396189063524 0.00766548297053 0.0220626591263 0.00441393023449 0.00628035743209 0.0245467630819 0.00306264679826 0.0237653716269 0.0166576507012 0.00464637211909 0.0130675114032 0.192816352093 0.0234255709131 -0.00243165673593 0.011197065937 0.0236541783758 0.0172805551996 0.00341661238176 0.0189466933132 0.0206240133871 0.0219579268235 0.00807138503496 0.0181160995991 0.0188660991753 0.0172149597828 0.0260962436346 0.0114134630466 0.0064900544838 0.0209266377936 0.011766757342 0.0134204133893 0.0189392642901 0.0024586159111 0.00908730017814 0.0135303960831 0.00951352007331 -0.000497868440723 0.0223709046052 0.00397905344152 0.00892638409702 
0.00655158267212 0.0100779136546 0.0235605823151 0.0216728253942 0.00343201627608 0.0189744288289 0.00777329695979 0.0246566599086 0.0318037929305 0.024631599088 0.0140748012413 0.0234255709131 0.256206527903 0.0170340930388 0.0112165398885 0.0176039221969 0.0029983152239 0.00825571763285 0.000458267257408 0.014776473644 0.00793468748925 0.0213598575292 0.00962701261673 0.0258537326689 0.0255195786008 0.0186164857995 0.0251340346007 0.0137083563052 0.0178172498053 0.0168135960585 0.00840105902346 0.022454260309 0.0244906298446 0.0129691639031 0.00633135795517 0.0111605762468 0.00956216429816 0.0210196902199 0.0252565081497 0.028820548642 
0.0146109009035 0.0194075313236 0.00444157168052 -0.022239599649 0.0303490017928 0.00905968723357 0.161428694831 0.0186603683958 0.0215437206353 0.0202674558271 0.0206226801559 -0.00243165673593 0.0170340930388 0.355941337696 0.0195075577734 -0.00557100617651 0.0230775524133 -0.00164641145293 0.0268162859125 0.0210528786048 0.0133024328946 0.030545111961 -7.77840832991e-05 0.0247982277242 0.0453967277637 0.051833916192 0.0355870042665 0.00653054364796 0.00041924972793 0.000586896340529 0.0263383804465 0.0184968776496 0.0418503037929 -0.000153665611526 -0.00546122760956 -0.00867241936771 0.0365245023549 0.0058467767725 0.0325183540663 -0.00325337984496 
0.0333103698874 0.0137637491573 0.0320735233786 0.0213797928068 0.0265544276028 -0.00101234255324 -0.00518345693104 0.0310544453019 0.0297125523255 0.0159051191496 0.011930248244 0.011197065937 0.0112165398885 0.0195075577734 0.371087402777 0.00723656072205 0.0709304839581 0.000291205844207 0.0121489894697 0.0222015548523 0.0306912076471 0.0110493136335 -0.00347854730376 0.0310923485738 -0.00290141183671 0.0389234106303 0.0515119216523 -0.0071402892284 0.00409163667942 0.0231286819485 -0.00272054512618 0.01553839198 0.0114633198067 0.0186163792774 0.0114060850492 0.0222211022646 -0.00429292511237 0.022180176601 0.00570061536417 0.0168000690474 
0.0138690953151 0.028526422961 0.0172564328216 0.00928323204483 0.00288719188036 0.0128150709297 0.00293510536077 0.0224347014099 0.0325535706595 0.0330681565364 0.0194501696596 0.0236541783758 0.0176039221969 -0.00557100617651 0.00723656072205 0.606726795723 0.0289259344174 0.0102542436945 0.0498341091594 0.0120741597353 0.0106364372206 0.0194082088863 0.00802623663107 0.0498298870461 0.00698264973557 0.0542017469828 0.0447171657737 0.0135125824321 0.0213372573568 0.0342742630873 0.0354291117265 -0.00603265030425 0.00948647830962 0.0195512001328 0.00747032959508 0.0228351871295 0.0451391599783 0.033061094147 0.00739618382561 0.0311700801334 
0.0151161096136 0.0296890107306 0.043302663308 0.0216684813433 -0.00129933882913 0.020648150195 -0.00410206070428 0.0658692942045 0.0319235748814 0.0198227712951 0.0315001437784 0.0172805551996 0.0029983152239 0.0230775524133 0.0709304839581 0.0289259344174 0.615613283046 0.0170921841888 0.118615439337 0.00181355858317 0.0155550775154 0.00531776758853 0.000161183587808 0.0738800983456 0.00814258171455 0.106734608549 0.054683612828 0.0119644033156 -0.00360207049467 0.0108172862825 0.0115571758183 0.0253599034084 0.0201157674766 0.0368773666962 0.0288597751869 0.0304178641925 0.000648839817043 0.016207709636 0.00368544672572 0.0366088687168 
0.00842750293407 -0.000197998399467 0.0134559532466 0.000161988031093 0.000249914572287 0.00191027982939 0.00981150559607 0.0120375449578 0.00489276474425 0.00115287523372 0.0144601159632 0.00341661238176 0.00825571763285 -0.00164641145293 0.000291205844207 0.0102542436945 0.0170921841888 0.192044670484 -0.000252163092275 -0.0106646846841 0.00181601511592 0.0214913907897 -0.00054571744936 0.0160251789329 0.0134893478916 0.0181668384128 0.00721572040437 0.00548452646165 0.0108498331903 0.0177184060391 0.0130665294818 0.00359304497378 0.0108138101482 0.0105922557832 0.0186136351945 0.00375985565805 0.00296161846933 0.0107500364583 0.00300489428946 0.0171879349082 
-0.00351638919037 0.0318816719753 0.0380787754708 0.0131050547695 0.0156378631226 0.0232404217532 0.0353905158031 0.0310352268798 0.0147135288057 0.00616130776094 0.0399019920385 0.0189466933132 0.000458267257408 0.0268162859125 0.0121489894697 0.0498341091594 0.118615439337 -0.000252163092275 0.604826223865 0.0310524899739 0.0339068565784 0.066696007075 0.00219380730448 0.0610800258628 0.00034524439229 0.0638026909484 0.049345687915 7.90117553719e-05 -0.000866203863139 0.00959436995229 0.0215886359027 0.0440703815977 0.0279992953259 0.00977213487124 0.00314807139758 0.0264393302835 0.0145404815013 0.00795859987062 0.00659783747341 0.011335989847 
0.00110492551139 -0.00277669034551 0.00716222541227 0.00203381477571 0.044746721591 0.0161637987677 0.00991743749052 -0.0149706241535 0.0132747680179 0.0220904903978 0.0110481072362 0.0206240133871 0.014776473644 0.0210528786048 0.0222015548523 0.0120741597353 0.00181355858317 -0.0106646846841 0.0310524899739 0.294546085027 0.00746489931689 0.0313027735043 0.0111904323472 0.0218156955588 0.00828776572329 0.0298010644523 0.0330793632846 0.0106214760822 0.01190126442 0.0161744219279 0.0383954532929 0.0275286589321 0.0173223499934 0.00470982144756 0.0146154618009 0.0442851148613 -0.00741019100513 0.0254155872092 0.0028612244317 0.0146933990614 
0.019996884726 0.0010086101132 0.0127149868198 0.0209306965252 0.0196272934871 0.00424643880809 0.0128818578005 0.0306199921356 0.0270615561323 0.0555177608436 0.0115643253676 0.0219579268235 0.00793468748925 0.0133024328946 0.0306912076471 0.0106364372206 0.0155550775154 0.00181601511592 0.0339068565784 0.00746489931689 1.45471092586 0.00594950448432 0.00297655076764 0.0135740064632 0.0126362879704 0.0433330965691 0.0320749255166 0.00430036887115 0.00795476422335 0.0135843933641 0.0272059553314 0.0262321256101 0.00753763123835 0.0233248277439 -0.00312772780924 0.0217375927605 0.0226095601025 0.00899705002257 -0.00405886670405 0.00402256113985 
-0.000575992869378 0.0150936870306 0.00596140789342 0.0115904233526 0.011670486024 -0.00877952640433 0.0311511781871 -0.00846725068265 0.0241548613667 0.0256177125082 0.0225800245717 0.00807138503496 0.0213598575292 0.030545111961 0.0110493136335 0.0194082088863 0.00531776758853 0.0214913907897 0.066696007075 0.0313027735043 0.00594950448432 0.316031099039 0.000535240095901 0.0159745102511 0.00986671087631 0.0336919044918 0.0157528428223 0.00350394375733 0.0106827938142 0.00904373160674 0.0215255790158 0.0233730893606 0.0122301292084 0.00228698278769 0.0330997761872 0.0175835428485 0.0136581719797 0.0209089763806 0.00370494845865 0.0221193119275 
0.00246803075468 0.0103908560591 0.00571338426119 -0.0056288278137 -0.00510472599405 0.00334028006189 -0.00230030531115 0.0107810329342 0.0055833061607 0.0113685985125 0.00924200844218 0.0181160995991 0.00962701261673 -7.77840832989e-05 -0.00347854730376 0.00802623663107 0.000161183587808 -0.00054571744936 0.00219380730448 0.0111904323472 0.00297655076764 0.000535240095901 0.134314157515 0.00629347786202 0.0100517912949 0.00111352750217 0.00096592934839 0.0144641444344 0.0119185252413 0.00689994876596 0.00821488945181 0.00880860355459 0.00486793817317 0.00486841863382 -0.00297815844209 0.0141714982977 0.0126460668032 0.00449163830493 0.0116896498617 0.0181957952885 
0.0211448260533 0.0489200803467 0.0380083224219 0.0100767158901 -0.00553573597064 0.0186938017423 0.0295326649585 0.01828750644 0.0338639854678 0.0241887545112 0.0187777491044 0.0188660991753 0.0258537326689 0.0247982277242 0.0310923485738 0.0498298870461 0.0738800983456 0.0160251789329 0.0610800258628 0.0218156955588 0.0135740064632 0.0159745102511 0.00629347786202 0.52578110818 0.0228648624235 0.0752720356149 0.0367077075253 0.0295818965043 0.0163083187503 0.020985087103 0.0623213811731 0.0348511490807 0.0292527526323 0.0463875252878 -0.0003045487075 0.0459944192598 0.0247527474703 0.0436712054694 0.0250223926334 0.0215446253026 
0.0128717933056 0.0109752630159 0.014773579115 0.0457831529185 0.00671379721314 0.01738194599 0.0367521902037 0.0115426151525 0.0116523790983 0.00558874145537 0.0140299700528 0.0172149597828 0.0255195786008 0.0453967277637 -0.00290141183671 0.00698264973557 0.00814258171455 0.0134893478916 0.00034524439229 0.00828776572329 0.0126362879704 0.00986671087631 0.0100517912949 0.0228648624235 0.321974787799 0.0115840367312 0.0137909542641 0.0712056554668 0.0116647824172 0.011740691945 0.0103492649656 0.02244518675 0.0205262660343 0.0148858887753 0.0216878720219 0.0130496891503 0.0158678232301 0.00925904694833 0.0245091682495 0.0102585313632 
0.033818724065 0.0276062066924 0.0638586607569 0.0172448376404 0.056720494701 0.0175012761964 0.0334906298543 0.0721529325292 0.0329409798647 0.0687682435232 0.0608203848261 0.0260962436346 0.0186164857995 0.051833916192 0.0389234106303 0.0542017469828 0.106734608549 0.0181668384128 0.0638026909484 0.0298010644523 0.0433330965691 0.0336919044918 0.00111352750217 0.0752720356149 0.0115840367312 0.626225755868 0.0725174907965 0.00652773874587 0.00873167709849 0.0366460770099 0.013797608915 0.0831297214971 0.0554884037309 0.0467359572744 0.0429354589235 0.0447243067963 0.0210505792574 0.0254824073061 0.0259441683889 0.0435221229429 
0.0159492980448 0.0191563671455 0.0223344153656 0.00936849445448 0.0124056128065 -0.00182885890678 0.0502243429767 0.0301575558493 0.0470465702085 0.0370412425315 0.0106046731974 0.0114134630466 0.0251340346007 0.0355870042665 0.0515119216523 0.0447171657737 0.054683612828 0.00721572040437 0.049345687915 0.0330793632846 0.0320749255166 0.0157528428223 0.00096592934839 0.0367077075253 0.0137909542641 0.0725174907965 0.466524445222 0.0109236706914 -0.00832251642494 0.0263697571274 0.0350308363754 0.0337722902847 -0.00419746001228 0.00857783199467 0.0340748361835 0.0511417546834 0.0042417416895 0.0342766497966 0.0171150724251 0.0100740899873 
0.0150724271173 -0.00151561299084 -0.00102251647637 0.024860243524 -0.00105395515122 0.0248067843174 0.0221627443277 0.00620945110235 0.00573750440113 0.00786826600865 -0.00116230358789 0.0064900544838 0.0137083563052 0.00653054364796 -0.0071402892284 0.0135125824321 0.0119644033156 0.00548452646165 7.9011755372e-05 0.0106214760822 0.00430036887115 0.00350394375733 0.0144641444344 0.0295818965043 0.0712056554668 0.00652773874587 0.0109236706914 0.268875512136 0.00755304586726 0.00797779276241 0.0119678744934 0.000570684641537 0.0417057348701 0.00584673477665 -0.00750064373843 0.00967451919294 0.0188692574906 0.0135131860925 0.0235076249878 0.0128728248188 
0.00996874017707 -0.00627985160138 0.0191409637577 -0.00348662536736 -0.00278028241232 0.0167746708858 0.00303647638703 -0.00160474329552 0.00642846213455 0.00960763653707 0.00381203417056 0.0209266377936 0.0178172498053 0.000419249727931 0.00409163667942 0.0213372573568 -0.00360207049467 0.0108498331903 -0.000866203863139 0.01190126442 0.00795476422335 0.0106827938142 0.0119185252413 0.0163083187503 0.0116647824172 0.00873167709849 -0.00832251642494 0.00755304586726 0.177039741625 0.000740441278097 0.0139446810736 0.00624127963477 0.0140460439796 0.00852967020716 0.0160808620503 0.00814983205651 0.00284880029237 0.0140111607316 0.0109500686637 0.00790883002783 
0.00289154988954 0.0134554133319 0.0145985978821 -0.00240430941609 0.00826052187766 -0.00524914392058 0.0073769782491 0.0163186732404 0.0238113418187 0.0105770019062 0.00334312560683 0.011766757342 0.0168135960585 0.000586896340529 0.0231286819485 0.0342742630873 0.0108172862825 0.0177184060391 0.00959436995229 0.0161744219279 0.0135843933641 0.00904373160674 0.00689994876596 0.020985087103 0.011740691945 0.0366460770099 0.0263697571274 0.00797779276241 0.000740441278097 0.266256233914 0.0133370838754 0.0308020912074 0.016133013451 0.0157133004148 -0.00174864009723 0.00685628634893 0.0285240252403 0.0304655561716 -0.00183024723966 0.0161327395785 
0.00140481037655 -0.00373679545787 0.017114563366 0.0378476371491 0.0172438806939 0.0211373657863 0.0316372578415 0.0159159011273 0.0397146810791 0.048241982413 0.00269828882415 0.0134204133893 0.00840105902346 0.0263383804465 -0.00272054512618 0.0354291117265 0.0115571758183 0.0130665294818 0.0215886359027 0.0383954532929 0.0272059553314 0.0215255790158 0.00821488945181 0.0623213811731 0.0103492649656 0.013797608915 0.0350308363754 0.0119678744934 0.0139446810736 0.0133370838754 0.396971868498 0.029723136634 0.00599546240116 0.030168259153 -0.0019485242743 0.0437368210414 0.0121038682125 0.040223858089 0.0207250405868 0.0304824768696 
0.0189565213981 0.0145391051682 0.0172336203154 0.012819406765 0.0229032106683 0.0257334609949 0.0273767292602 0.0308352306142 0.0315188754282 0.0195955936401 0.0238288733114 0.0189392642901 0.022454260309 0.0184968776496 0.01553839198 -0.00603265030425 0.0253599034084 0.00359304497378 0.0440703815977 0.0275286589321 0.0262321256101 0.0233730893606 0.00880860355459 0.0348511490807 0.02244518675 0.0831297214971 0.0337722902847 0.000570684641537 0.00624127963477 0.0308020912074 0.029723136634 0.189921669708 0.0262514106615 0.0357517062916 0.00573806432972 0.0313417170816 0.00996064513491 0.011388193224 0.0159471962264 0.0192339648169 
0.00788097422789 -0.00032812448176 0.00971393338401 0.00637655389282 0.0346181102681 0.00817895743434 0.0392960840617 -0.00616774168514 0.015295307677 0.011863648511 0.025443142822 0.00245861591109 0.0244906298446 0.0418503037929 0.0114633198067 0.00948647830962 0.0201157674766 0.0108138101482 0.0279992953259 0.0173223499934 0.00753763123835 0.0122301292084 0.00486793817317 0.0292527526323 0.0205262660343 0.0554884037309 -0.00419746001228 0.0417057348701 0.0140460439796 0.016133013451 0.00599546240116 0.0262514106615 0.208119155367 0.026888965487 0.00881485858454 0.0209727353615 0.0263197415186 0.0255141894043 0.0231451146186 0.0231135163184 
0.026536005674 0.0235155915666 0.0448614645539 0.00147837058255 0.0172940516482 0.00262199560727 0.0120548945395 0.00923490718581 0.0324434877476 0.0280203204968 -0.00551111113276 0.00908730017814 0.0129691639031 -0.000153665611526 0.0186163792774 0.0195512001328 0.0368773666962 0.0105922557832 0.00977213487124 0.00470982144756 0.0233248277439 0.00228698278769 0.00486841863382 0.0463875252878 0.0148858887753 0.0467359572744 0.00857783199467 0.00584673477665 0.00852967020716 0.0157133004148 0.030168259153 0.0357517062916 0.026888965487 0.198083472059 0.020434604216 0.0192657524239 0.00928867476212 0.00508164655055 0.0175583647849 0.0233822563505 
0.01881316436 0.0114226711249 0.0242545621501 0.0185290096418 0.00737205395771 0.0175991663104 -0.0120607170107 0.00562741430307 0.0145638630941 0.0120678885282 0.000131223923064 0.0135303960831 0.00633135795517 -0.00546122760956 0.0114060850492 0.00747032959508 0.0288597751869 0.0186136351945 0.00314807139758 0.0146154618009 -0.00312772780924 0.0330997761872 -0.00297815844209 -0.0003045487075 0.0216878720219 0.0429354589235 0.0340748361835 -0.00750064373843 0.0160808620503 -0.00174864009723 -0.0019485242743 0.00573806432972 0.00881485858454 0.020434604216 0.588601441667 0.0107490659809 0.0298853144049 -0.00603517256655 0.00159078443653 0.0129902648895 
0.00429493731179 0.0135484710865 0.0157631977618 0.0293581740157 0.0073999363369 0.0132224321055 -0.00315624152843 0.0284948414408 0.0283047030643 0.0244184000184 0.0180461481035 0.00951352007331 0.0111605762468 -0.00867241936771 0.0222211022646 0.0228351871295 0.0304178641925 0.00375985565805 0.0264393302835 0.0442851148613 0.0217375927605 0.0175835428485 0.0141714982977 0.0459944192598 0.0130496891503 0.0447243067963 0.0511417546834 0.00967451919294 0.00814983205651 0.00685628634893 0.0437368210414 0.0313417170816 0.0209727353615 0.0192657524239 0.0107490659809 0.34578071844 0.0020677718402 0.0283742858913 0.0141105469519 0.0550138057288 
0.00675864421489 0.0139703364262 0.00152743794768 -0.0080194189765 -0.0172185539145 0.0379415452024 0.0242906135128 0.00569327607469 0.0167895983238 -0.00401249992065 0.0126200913361 -0.000497868440723 0.00956216429815 0.0365245023549 -0.00429292511237 0.0451391599783 0.000648839817043 0.00296161846933 0.0145404815013 -0.00741019100513 0.0226095601025 0.0136581719797 0.0126460668032 0.0247527474703 0.0158678232301 0.0210505792574 0.0042417416895 0.0188692574906 0.00284880029237 0.0285240252403 0.0121038682125 0.00996064513491 0.0263197415186 0.00928867476212 0.0298853144049 0.0020677718402 0.225449622039 0.00375967270875 0.0323793216434 0.0125589731262 
0.00109279735188 0.0217913095967 0.0194195871687 0.0276704995407 0.0080703010704 0.00610173188425 0.0106048543459 0.031989669958 0.0376679744966 0.026464822227 0.0187460301263 0.0223709046052 0.0210196902199 0.0058467767725 0.022180176601 0.033061094147 0.016207709636 0.0107500364583 0.00795859987062 0.0254155872092 0.00899705002257 0.0209089763806 0.00449163830493 0.0436712054694 0.00925904694833 0.0254824073061 0.0342766497966 0.0135131860925 0.0140111607316 0.0304655561716 0.040223858089 0.011388193224 0.0255141894043 0.00508164655055 -0.00603517256655 0.0283742858913 0.00375967270875 0.304418395401 0.00869705495337 0.0112190014946 
0.0055546272431 0.00123842181665 -0.0117492728929 0.00465216098483 0.0280688989501 0.026397626441 0.023585663508 0.0130032080078 0.0157168213742 0.00615229438645 0.00486667826021 0.00397905344152 0.0252565081497 0.0325183540663 0.00570061536417 0.00739618382561 0.00368544672572 0.00300489428946 0.00659783747341 0.0028612244317 -0.00405886670405 0.00370494845865 0.0116896498617 0.0250223926334 0.0245091682495 0.0259441683889 0.0171150724251 0.0235076249878 0.0109500686637 -0.00183024723966 0.0207250405868 0.0159471962264 0.0231451146186 0.0175583647849 0.00159078443653 0.0141105469519 0.0323793216434 0.00869705495337 0.205979182664 0.0130328683448 
0.0132538462349 0.0251751962014 0.00668823046951 0.0107941582843 0.00309119549751 0.0229395120047 -0.0129126027099 0.0169309404052 0.0190207644627 0.00466350016233 0.00696451312641 0.00892638409702 0.028820548642 -0.00325337984496 0.0168000690474 0.0311700801334 0.0366088687168 0.0171879349082 0.011335989847 0.0146933990614 0.00402256113985 0.0221193119275 0.0181957952885 0.0215446253026 0.0102585313632 0.0435221229429 0.0100740899873 0.0128728248188 0.00790883002783 0.0161327395785 0.0304824768696 0.0192339648169 0.0231135163184 0.0233822563505 0.0129902648895 0.0550138057288 0.0125589731262 0.0112190014946 0.0130328683448 0.290554146927 

['BMY', 'NCR', 'TEK', 'DG', 'CSC', 'SWY', 'XTO', 'EBAY', 'MAS', 'WHR', 'CMVT', 'LLY', 'WAG', 'COP', 'NSC', 'DRI', 'GLW', 'LH', 'ADSK', 'S', 'NAV', 'MHP', 'PEP', 'NTAP', 'PGL', 'ET', 'FLR', 'MO', 'JNJ', 'ECL', 'BC', 'DHR', 'LTR', 'PLL', 'FSH', 'MBI', 'CMS', 'MCD', 'CNP', 'ACE']