40
0.132143501856 0.0391901687574 0.0512444991133 0.0131635076039 0.0597278634654 0.0594687244428 0.147407151382 0.0442318588416 0.0375994121509 0.0722101641432 0.060830846045 0.0348828940045 0.0451551332239 0.0206637964956 0.251790956204 0.0884893451388 0.044891801276 0.0188066159349 0.123926899062 0.106415927512 0.0820701074714 0.0570579479668 0.0163484450471 0.0313696733512 0.0664901393557 0.0514292405054 0.0325349378307 0.192324736986 0.100974868985 0.0952881581377 0.0231907610599 0.0295384146509 0.0448250845436 0.0540864966038 0.0261881624723 0.0991765707177 0.126302472887 0.0426672552596 0.0324915821016 0.0132097716294 
0.461303174709 0.00764926250212 0.0303726779141 0.0213086306589 0.0339406789988 -0.00102265188726 0.116805755744 0.0222816452526 -0.00877331940451 0.0315990189526 0.0217604207247 0.0444713522908 0.0244941481622 0.00275604757375 0.046937548064 0.0167410860887 0.0450433260595 0.0133565765199 0.0478521845909 0.0336108401263 0.0154216040496 0.0190588010338 0.0211524704773 0.00172225487263 -0.00800842536854 0.0187524390844 -0.00986865587177 0.112118430303 0.0290732616403 0.0562803930336 0.00767621706192 -0.00280892864029 0.00238167668578 0.0233066319203 0.00983045517278 0.0154249370201 0.0898521146366 0.0079420738213 0.0035833867966 -0.00185214794845 
0.00764926250212 0.19338213258 0.0257973074563 0.0190059247436 0.0369451277708 0.0249946336268 0.00233537050285 0.0225980238051 0.000440365197573 0.0285597558296 0.0131885973339 0.0129563959603 -0.0027302404571 0.0125314858012 0.00531423044404 0.0159043715048 0.0143094562345 0.0170116929866 0.0413153959294 0.0152806179046 0.015680409259 0.00942762630733 0.0184310965785 0.0527583120188 0.0216465489722 0.0159020312266 0.0182751208923 0.0234151704767 0.0155082404203 0.0277596542745 0.0192203365499 0.0178316289221 0.0191724998657 0.00340985848173 0.00685482262188 0.0249366362572 -0.004891300503 0.00825758644184 0.0161471693447 0.0103942045794 
0.0303726779141 0.0257973074563 0.264570394962 0.00239387185315 0.0274895175585 0.0210903603851 0.0209299865503 0.0299502353897 -0.00154314732262 0.0387877550785 0.0332767013338 0.011794460545 0.00199061587287 -0.000315567974938 0.0133486313367 0.024076095839 0.0218755087036 0.0067177892464 0.0153775670588 0.022446233592 0.00588551514546 0.0170966334938 0.0115328101963 0.0250874971882 0.0277092024102 0.0195036694418 0.0149861006261 0.0828184814536 0.0378861787247 0.0432680620899 -0.00311690454936 0.0141198284813 0.0109036393878 0.0219255781323 -0.00513546775609 -0.00602494460938 0.0222692383518 0.00701031781295 0.0170059664743 0.0179455147352 
0.0213086306589 0.0190059247436 0.00239387185315 0.156369697208 0.00147225539125 0.00321997317136 0.023474139201 0.0185741411608 0.0109824785092 0.00624002798176 0.017277422588 0.000344015126919 0.00628186912485 0.0161142056091 -0.000331888872006 0.00206640465411 0.00730689542344 0.00831717557178 0.0135219649086 0.00263523484796 -0.00619635169645 0.0148872608775 0.061167469282 0.0238701208482 0.0206086978616 0.028985753508 0.0108927252694 0.0187743590622 -0.0050741475489 0.00727827696454 0.00711019488938 0.0140908402872 0.0108745803655 0.0206379916862 0.00464496252759 -0.00127542309988 0.00953644932473 0.0307449350714 0.00743184474063 0.00333199375233 
0.0339406789988 0.0369451277708 0.0274895175585 0.00147225539125 0.39208116603 0.0239241783955 0.0203015549076 0.015277725806 0.00469981456179 0.0507647757853 0.0336167298948 0.0393969763374 0.0582551054092 0.0157243754576 0.0168675674726 0.0217534736989 0.00539214260163 0.0215566832855 -0.0113562171924 0.0119581217709 0.0200701795111 0.00121877232257 0.005935808162 0.0251766654019 0.0215792304298 0.00897354172636 0.0190553295474 0.0637803039454 0.0267081225593 0.0197057735833 0.0568072938509 0.0115950338592 0.00623679125789 0.00460971966612 0.0193707472197 0.0057927918953 0.0200807725785 0.0195730951886 0.0284433488484 0.0196863052206 
-0.00102265188726 0.0249946336268 0.0210903603851 0.00321997317136 0.0239241783955 0.403435686533 0.0347094844393 0.0272860841445 0.00993490150292 0.0261974370058 0.00443420147518 0.0191953984995 0.00197283641998 0.0186172586005 -0.0192293282952 0.0142100213172 0.0218598682393 0.0208099160711 0.0304668250049 0.0370827146471 0.00578225196883 -0.00684453154745 0.0235003377457 0.0110364979091 -0.00267490669464 0.0271456203261 -0.0139516221688 0.0292149496982 0.039640214491 0.0286525326852 0.019644776777 0.0263434348094 0.00819568642023 0.0111859016314 0.0126144691935 0.0339674301126 0.00421549992078 -0.00376300105297 0.0316430399117 0.0170740783031 
0.116805755744 0.00233537050285 0.0209299865503 0.023474139201 0.0203015549076 0.0347094844393 0.538816985273 0.0121868175173 0.0103313564608 0.0106088490769 0.00140843446695 0.01490390875 0.0306938797399 0.00318978426615 0.0347893072289 0.0154528894356 0.0490521082717 0.00886589584147 0.0213368971272 0.048133193491 -0.00857926658423 0.00750952035969 0.027472583509 -0.00406171658248 0.0150614649873 0.0217194625339 -0.00440621928735 0.12285462202 0.0268463511996 0.0707530517061 -0.0107825470742 0.0116138622824 -0.00770465009646 0.0142788205903 0.0108713044132 0.0104956905726 0.103904258565 0.013990092122 0.00224978903728 -0.00462741667644 
0.0222816452526 0.0225980238051 0.0299502353897 0.0185741411608 0.015277725806 0.0272860841445 0.0121868175173 0.236685666116 0.0310433673631 0.0249275639799 0.0230969651817 0.0293110911794 0.0171749894323 0.0149351137629 0.00985083932001 0.0131074593334 0.0318125232463 0.0108643243572 0.00883145043518 0.0361124930134 0.0172877226597 0.0204532409773 0.0205384484848 0.019647520662 0.0270228194124 0.0243916690412 0.0267952997808 0.0593793028524 0.047204672099 0.0376920634561 0.0190995501043 0.0283156561091 0.0208078203915 0.0215139157419 0.00502736340497 0.0480052673214 0.0218961488416 0.0339586753357 0.00937373178165 0.0253105432968 
-0.00877331940451 0.000440365197573 -0.00154314732262 0.0109824785092 0.00469981456179 0.00993490150292 0.0103313564608 0.0310433673631 0.266367002444 0.0140082553588 0.022395919237 0.00600192649552 -0.00343534888428 0.0204559112357 0.00469972675728 0.023423666598 0.0165958040461 0.0120246201728 -0.00596729034288 0.00949605641538 0.00083142796008 0.00249085618092 0.0147937021202 0.0145141892368 0.00812435109235 0.0167548858902 0.0139748504892 0.011330270699 0.021606463021 0.0326157020906 0.022666060918 0.021011594948 0.00599440182391 0.016132967699 0.0186567013913 -0.0132142224871 0.0248554746712 0.0158024947993 0.000480954316866 0.00978623005956 
0.0315990189526 0.0285597558296 0.0387877550785 0.00624002798176 0.0507647757853 0.0261974370058 0.0106088490769 0.0249275639799 0.0140082553588 0.329010490342 0.0404988227655 0.0373173895756 0.00991737088094 0.0105142932836 0.00944045301287 0.0146452015818 0.0232689848849 0.0321093603992 0.0208593818968 0.0359747094711 0.0144549303776 0.0155129453352 0.0167764845645 0.00931410934288 0.0232075392112 0.0345664464715 0.00709841206996 0.0580360816489 0.0381703402769 0.0429837102335 0.0349653312589 0.021211352319 0.0216190276528 -0.00606511421388 0.00824477014641 -0.0117948122405 0.00847247834453 0.0254073199773 0.00512620943723 0.00681150376319 
0.0217604207247 0.0131885973339 0.0332767013338 0.017277422588 0.0336167298948 0.00443420147518 0.00140843446695 0.0230969651817 0.022395919237 0.0404988227655 0.290595865335 0.0223980588042 0.00769462330297 0.0243261458822 0.00405160417009 0.0328717362419 0.0251843286061 0.0240771913623 0.0310566437321 0.0378081935752 0.0334720399025 0.0229360073783 0.0136283047732 0.0267552992319 0.0403675804921 0.0625375532156 0.0278818487001 0.0412162425045 0.0376350985884 0.0429503696886 0.010026122402 0.0221531355247 0.0189836966571 0.0218303395891 0.00732498519765 0.00506489818004 0.0130289753461 0.0231783663935 0.011608924944 0.0151870355536 
0.0444713522908 0.0129563959603 0.011794460545 0.000344015126918 0.0393969763374 0.0191953984995 0.01490390875 0.0293110911794 0.00600192649552 0.0373173895756 0.0223980588042 0.228867697401 0.0212393135447 0.0136906007981 0.00530740683267 0.0259195585604 0.0323398274474 0.0115703197024 0.0243080295467 0.0138207017162 0.00657265778649 0.0222409463475 0.00272052158436 0.00860141723698 0.00834955793807 0.0234313514125 0.00873182900103 0.0567536961253 0.0175718928096 0.0264721850406 0.0205770603555 0.0178080267503 0.0136025514058 0.0115402405579 0.014068991567 0.00167277029781 0.0146414331267 0.00133783608468 -0.000575188321844 0.0113911885174 
0.0244941481622 -0.0027302404571 0.00199061587287 0.00628186912485 0.0582551054092 0.00197283641998 0.0306938797399 0.0171749894323 -0.00343534888428 0.00991737088094 0.00769462330297 0.0212393135447 0.302329100399 0.000432158278292 0.010238197201 0.0194548453884 0.00134135034095 0.00867192918047 -0.0123271986792 0.0168579076531 0.00516537593283 0.00506223025069 0.00933063867687 0.00777654768388 0.0122493217234 0.00858188132031 0.00579597842914 0.0238714349041 0.0183928649009 0.0214698168472 0.0362903406932 0.0103119301816 0.00817893432975 -0.0119263236551 0.00330698001135 -0.00343990774945 0.0122476585628 0.01569761728 -0.000842722820958 -0.00399289977269 
0.00275604757375 0.0125314858012 -0.000315567974937 0.0161142056091 0.0157243754576 0.0186172586005 0.00318978426615 0.0149351137629 0.0204559112357 0.0105142932836 0.0243261458822 0.0136906007981 0.000432158278291 0.152919334129 0.00921732478281 0.0146585639848 0.0218595938068 0.0179265264444 0.0191253510485 0.002407734632 0.0201952605453 0.0073594189883 0.0112705988884 0.0153283985127 0.0338695783071 0.0282360130537 0.0186510017562 0.0196066230489 0.020480112826 0.0195357432008 0.0290305171957 0.0216780774503 0.0174204292424 0.00823522341653 0.0132229103136 0.0183526174448 0.015505806955 0.0206387364497 0.0205525468055 0.0196241545942 
0.046937548064 0.00531423044404 0.0133486313367 -0.000331888872006 0.0168675674726 -0.0192293282952 0.0347893072289 0.00985083932001 0.00469972675728 0.00944045301287 0.00405160417009 0.00530740683267 0.010238197201 0.00921732478281 2.0802193054 0.00530710613709 0.0593915180186 -0.00461942365851 0.00435561368065 0.0496632689733 0.0298391916817 0.0288923697306 0.0014749149205 0.00318806382401 -0.011118655649 0.0209224467264 0.00423096611749 0.0456463568396 0.00696719475937 0.0503212074589 -0.00150562672684 0.0112797258717 0.000608462821909 0.0244958137663 0.00912019997571 0.00156167510264 0.0122851173182 0.0111133423325 0.0205427307754 0.0162136830086 
0.0167410860887 0.0159043715048 0.024076095839 0.00206640465411 0.0217534736989 0.0142100213172 0.0154528894356 0.0131074593334 0.023423666598 0.0146452015818 0.0328717362419 0.0259195585604 0.0194548453884 0.0146585639848 0.00530710613709 0.485309814318 0.0194850868237 0.0177520909397 0.00834029270159 0.0290154969031 0.0446571200466 0.0149408920904 0.0101524763235 0.0148207457318 0.0324373935587 0.0230432148254 0.0215133712893 0.0641866377594 0.012061224751 0.0202018289507 0.0117409096111 0.0159458915289 0.0139638830782 0.0287279054977 0.0198237727368 -0.00468438182698 0.00297039847898 0.0232992062274 -0.00215765197284 0.0169475328373 
0.0450433260595 0.0143094562345 0.0218755087036 0.00730689542344 0.00539214260163 0.0218598682393 0.0490521082717 0.0318125232463 0.0165958040461 0.0232689848849 0.0251843286061 0.0323398274474 0.00134135034095 0.0218595938068 0.0593915180186 0.0194850868237 0.329457044376 0.0175192930685 0.0060323419466 0.0180282935645 0.0209401175834 0.0141283533782 0.0113489810853 0.0129792314239 0.0360627224561 0.0176497053206 0.0225590740319 0.0157153581368 0.0312192022493 0.0613147276706 0.014744193696 0.0233617006695 0.00994912310679 0.00839209029933 0.0234491229271 0.00171032813169 0.0467718994 0.0243798327463 0.0192949658133 0.00999726491031 
0.0133565765199 0.0170116929865 0.0067177892464 0.00831717557178 0.0215566832855 0.0208099160711 0.00886589584147 0.0108643243572 0.0120246201728 0.0321093603992 0.0240771913623 0.0115703197024 0.00867192918047 0.0179265264444 -0.00461942365851 0.0177520909397 0.0175192930685 0.197426479172 0.00402094904136 0.00841288671815 0.0294662584761 0.012976907038 0.0107771535198 0.011565709766 0.024094666782 0.0260650992105 -9.92191552301e-06 0.0126570688457 0.0326688758829 0.0352777185034 0.00908391968093 0.00989796996014 0.0380338417953 -0.00479590915741 0.0149735857532 -0.0126082044573 -0.00348915586606 0.0152416401066 0.0231222039757 0.0204095735031 
0.0478521845909 0.0413153959294 0.0153775670588 0.0135219649086 -0.0113562171924 0.0304668250049 0.0213368971272 0.00883145043518 -0.00596729034288 0.0208593818968 0.0310566437321 0.0243080295467 -0.0123271986792 0.0191253510485 0.00435561368065 0.00834029270159 0.0060323419466 0.00402094904136 0.905102983927 0.012582420636 -0.0210640616959 0.0132021355703 0.0248733877553 0.0250612425216 -0.0109534014794 0.0160536316863 0.00277599296431 0.0380351964085 0.0495033848735 0.0451007080073 0.0170163508573 0.00547949760016 0.00581239365849 0.0149370329258 0.0159256261357 0.014977724079 0.0025700850369 0.00523293500711 -9.17998573652e-05 0.0103433288407 
0.0336108401263 0.0152806179046 0.022446233592 0.00263523484796 0.0119581217709 0.0370827146471 0.048133193491 0.0361124930134 0.00949605641538 0.0359747094711 0.0378081935752 0.0138207017162 0.0168579076531 0.002407734632 0.0496632689733 0.0290154969031 0.0180282935645 0.00841288671815 0.012582420636 0.604787519354 0.0153496872573 0.115300640678 0.0101883148959 0.0134053318574 0.0361830946697 0.0222937986218 0.0264244681203 0.0668025388503 0.0346634153069 0.0694859800816 0.00368228388077 0.00802231408946 0.0288010601017 0.0263806387054 0.0248464843015 -0.012257936224 0.00169149464119 0.0250780742263 0.0485462496153 0.0179826688569 
0.0154216040496 0.015680409259 0.00588551514546 -0.00619635169645 0.0200701795111 0.00578225196883 -0.00857926658423 0.0172877226597 0.00083142796008 0.0144549303776 0.0334720399025 0.00657265778649 0.00516537593283 0.0201952605453 0.0298391916817 0.0446571200466 0.0209401175834 0.0294662584761 -0.0210640616959 0.0153496872573 0.482614182356 0.0147188919267 0.00718394975655 0.0199211394211 0.0267898137784 0.0313030513443 0.00905035439155 0.0713505259456 0.00387669708427 0.0411525429892 0.0265980341773 0.0288354731192 0.066606620245 -0.00199009936331 0.0071800914697 -0.0247396792842 0.0131022234423 0.00204012888084 0.0130303781943 0.00592612604295 
0.0190588010338 0.00942762630732 0.0170966334938 0.0148872608775 0.00121877232257 -0.00684453154745 0.00750952035969 0.0204532409773 0.00249085618092 0.0155129453352 0.0229360073783 0.0222409463475 0.00506223025069 0.0073594189883 0.0288923697306 0.0149408920904 0.0141283533782 0.012976907038 0.0132021355703 0.115300640678 0.0147188919267 0.314766540525 0.0107478665121 0.00935178900002 0.0306048209114 0.0185533010744 0.0302608513338 0.0324473335544 0.0185449121845 0.00496097365368 0.0050607378809 0.0131087876864 0.0275624541237 -0.0177564868079 0.011718756491 0.00720473066493 0.0125770700081 0.013968340082 0.0256434847754 0.000423657805475 
0.0211524704773 0.0184310965785 0.0115328101963 0.061167469282 0.005935808162 0.0235003377457 0.027472583509 0.0205384484848 0.0147937021202 0.0167764845645 0.0136283047732 0.00272052158436 0.00933063867687 0.0112705988884 0.0014749149205 0.0101524763235 0.0113489810853 0.0107771535198 0.0248733877553 0.0101883148959 0.00718394975655 0.0107478665121 0.201094552323 0.01229814815 0.0187079253446 0.0346080192578 0.0159454649508 0.0247404834209 0.00207043885576 0.0102409803851 0.00829186624356 0.012450875459 0.00462350075646 0.0134440061923 0.00719975097225 0.0064158545713 0.0375401808467 0.0350433054825 0.00642750632185 0.00246656801456 
0.00172225487263 0.0527583120188 0.0250874971882 0.0238701208482 0.0251766654019 0.0110364979091 -0.00406171658248 0.019647520662 0.0145141892368 0.00931410934288 0.0267552992319 0.00860141723698 0.00777654768388 0.0153283985127 0.00318806382401 0.0148207457318 0.0129792314239 0.011565709766 0.0250612425216 0.0134053318574 0.0199211394211 0.00935178900002 0.01229814815 0.170594513933 0.0275430901152 0.0204918567191 0.00173212982139 0.0375452436213 -0.00545902570757 0.0145670506938 0.0118668984464 0.01478165572 0.0148903328625 0.0127348999193 0.0160611438303 0.0139238202748 0.0100332170276 0.0216725297634 0.0122835833434 0.00304945000888 
-0.00800842536854 0.0216465489722 0.0277092024102 0.0206086978616 0.0215792304298 -0.00267490669464 0.0150614649873 0.0270228194124 0.00812435109235 0.0232075392112 0.0403675804921 0.00834955793807 0.0122493217234 0.0338695783071 -0.011118655649 0.0324373935587 0.0360627224561 0.024094666782 -0.0109534014794 0.0361830946697 0.0267898137784 0.0306048209114 0.0187079253446 0.0275430901152 0.356433457991 0.0336130309003 0.0233150972777 0.036209615127 0.0263346700662 0.0753905400374 0.0193063523386 0.067394315472 0.0467614925509 0.0367538110806 0.0306135116968 -0.00883659316542 0.0180679623064 0.0377548085109 0.0418834804589 0.0192080172013 
0.0187524390844 0.0159020312266 0.0195036694418 0.028985753508 0.00897354172636 0.0271456203261 0.0217194625339 0.0243916690412 0.0167548858902 0.0345664464715 0.0625375532156 0.0234313514125 0.00858188132031 0.0282360130537 0.0209224467264 0.0230432148254 0.0176497053206 0.0260650992105 0.0160536316863 0.0222937986218 0.0313030513443 0.0185533010744 0.0346080192578 0.0204918567191 0.0336130309003 0.205530136281 0.0165265261162 0.0635788585052 0.0238778565766 0.0385551696261 0.0115909051904 0.0229249796127 0.0226159320622 0.0113034244987 0.0137001996721 0.00451300146243 0.0212383081781 0.016545627952 0.00955075489049 0.0119466256192 
-0.00986865587177 0.0182751208923 0.0149861006261 0.0108927252694 0.0190553295474 -0.0139516221688 -0.00440621928735 0.0267952997808 0.0139748504892 0.00709841206996 0.0278818487001 0.00873182900103 0.00579597842914 0.0186510017562 0.00423096611749 0.0215133712893 0.0225590740319 -9.92191552297e-06 0.00277599296431 0.0264244681203 0.00905035439155 0.0302608513338 0.0159454649508 0.00173212982139 0.0233150972777 0.0165265261162 0.294953246775 0.0125742972043 0.00597050869753 0.0166571697425 0.0245490642774 0.0188438166373 0.0133057370254 0.00635776664436 0.00573621561432 0.00392268228957 0.00575335674446 0.00443126815716 0.00314329355958 0.0142572350433 
0.112118430303 0.0234151704767 0.0828184814536 0.0187743590622 0.0637803039454 0.0292149496982 0.12285462202 0.0593793028524 0.011330270699 0.0580360816489 0.0412162425045 0.0567536961253 0.0238714349041 0.0196066230489 0.0456463568396 0.0641866377594 0.0157153581368 0.0126570688457 0.0380351964085 0.0668025388503 0.0713505259456 0.0324473335544 0.0247404834209 0.0375452436213 0.036209615127 0.0635788585052 0.0125742972043 0.62203596263 0.0149230476103 0.0569791123062 0.0304195727664 0.0230263564412 0.0258161526379 0.018313594241 0.0127341507739 -0.0106722377999 0.203137618437 0.0404507130119 -0.00949714195691 0.0282610164083 
0.0290732616403 0.0155082404203 0.0378861787247 -0.0050741475489 0.0267081225593 0.039640214491 0.0268463511996 0.047204672099 0.021606463021 0.0381703402769 0.0376350985884 0.0175718928096 0.0183928649009 0.020480112826 0.00696719475937 0.012061224751 0.0312192022493 0.0326688758829 0.0495033848735 0.0346634153069 0.00387669708427 0.0185449121845 0.00207043885576 -0.00545902570757 0.0263346700662 0.0238778565766 0.00597050869753 0.0149230476103 0.466131458538 0.085914667749 0.0126073614339 0.0095619266906 0.0197714528631 0.0123931588822 0.0234075234209 -0.00860548915936 0.00438577611058 0.00915853425528 0.0376854993862 0.0194095171645 
0.0562803930336 0.0277596542745 0.0432680620899 0.00727827696454 0.0197057735833 0.0286525326852 0.0707530517061 0.0376920634561 0.0326157020906 0.0429837102335 0.0429503696886 0.0264721850406 0.0214698168472 0.0195357432008 0.0503212074589 0.0202018289507 0.0613147276706 0.0352777185034 0.0451007080073 0.0694859800816 0.0411525429892 0.00496097365368 0.0102409803851 0.0145670506938 0.0753905400374 0.0385551696261 0.0166571697425 0.0569791123062 0.085914667749 0.546514601408 0.0222701975622 0.0350960395422 0.0419929969045 0.0300574385208 0.0319347457395 0.0306634935795 0.0250216039453 0.066565639359 0.0582084141367 0.0243176037089 
0.00767621706192 0.0192203365499 -0.00311690454936 0.00711019488937 0.0568072938509 0.019644776777 -0.0107825470742 0.0190995501043 0.022666060918 0.0349653312589 0.010026122402 0.0205770603555 0.0362903406932 0.0290305171957 -0.00150562672684 0.0117409096111 0.014744193696 0.00908391968093 0.0170163508573 0.00368228388077 0.0265980341773 0.0050607378809 0.00829186624356 0.0118668984464 0.0193063523386 0.0115909051904 0.0245490642774 0.0304195727664 0.0126073614339 0.0222701975622 0.222787691397 0.0223309742622 0.00941607081771 -0.00325854959363 0.0101796626482 0.00367829707781 0.0040856432306 0.0192761330761 0.0164249112513 0.00151104732051 
-0.00280892864029 0.0178316289221 0.0141198284813 0.0140908402872 0.0115950338592 0.0263434348094 0.0116138622824 0.0283156561091 0.021011594948 0.021211352319 0.0221531355247 0.0178080267503 0.0103119301816 0.0216780774503 0.0112797258717 0.0159458915289 0.0233617006695 0.00989796996014 0.00547949760016 0.00802231408946 0.0288354731192 0.0131087876864 0.012450875459 0.01478165572 0.067394315472 0.0229249796127 0.0188438166373 0.0230263564412 0.0095619266906 0.0350960395422 0.0223309742622 0.209762492076 0.0275836682317 0.0171329671012 0.0214657296476 0.00279202015674 0.0155740150124 0.0244707623383 0.0192987706504 0.000656522272726 
0.00238167668578 0.0191724998657 0.0109036393878 0.0108745803655 0.00623679125789 0.00819568642023 -0.00770465009646 0.0208078203915 0.00599440182391 0.0216190276528 0.0189836966571 0.0136025514058 0.00817893432975 0.0174204292424 0.000608462821909 0.0139638830782 0.00994912310679 0.0380338417953 0.00581239365849 0.0288010601017 0.066606620245 0.0275624541237 0.00462350075646 0.0148903328625 0.0467614925509 0.0226159320622 0.0133057370254 0.0258161526379 0.0197714528631 0.0419929969045 0.00941607081771 0.0275836682317 0.239908175934 0.00695355158963 0.00789029476589 -0.0147899593147 0.00456623699811 0.0153685008245 0.0270441695672 0.0186937327834 
0.0233066319203 0.00340985848173 0.0219255781323 0.0206379916862 0.00460971966612 0.0111859016314 0.0142788205903 0.0215139157419 0.016132967699 -0.00606511421388 0.0218303395891 0.0115402405579 -0.0119263236551 0.00823522341653 0.0244958137663 0.0287279054977 0.00839209029933 -0.00479590915741 0.0149370329258 0.0263806387054 -0.00199009936331 -0.0177564868079 0.0134440061923 0.0127348999193 0.0367538110806 0.0113034244987 0.00635776664436 0.018313594241 0.0123931588822 0.0300574385208 -0.00325854959363 0.0171329671012 0.00695355158963 0.3920945032 0.0123728520418 0.0270546491313 -0.00156639882046 0.0187966795527 0.0129803506394 0.0132564395356 
0.00983045517278 0.00685482262188 -0.00513546775609 0.00464496252759 0.0193707472197 0.0126144691935 0.0108713044132 0.00502736340497 0.0186567013913 0.00824477014641 0.00732498519765 0.014068991567 0.00330698001135 0.0132229103136 0.00912019997571 0.0198237727368 0.0234491229271 0.0149735857532 0.0159256261357 0.0248464843015 0.0071800914697 0.011718756491 0.00719975097225 0.0160611438303 0.0306135116968 0.0137001996721 0.00573621561432 0.0127341507739 0.0234075234209 0.0319347457395 0.0101796626482 0.0214657296476 0.00789029476589 0.0123728520418 0.26138675635 0.0011864248792 0.00304198683734 0.0158557378675 0.0217802765508 0.00983182793026 
0.0154249370201 0.0249366362572 -0.00602494460938 -0.00127542309989 0.0057927918953 0.0339674301126 0.0104956905726 0.0480052673214 -0.0132142224871 -0.0117948122405 0.00506489818004 0.00167277029781 -0.00343990774945 0.0183526174448 0.00156167510264 -0.00468438182698 0.00171032813169 -0.0126082044573 0.014977724079 -0.012257936224 -0.0247396792842 0.00720473066493 0.0064158545713 0.0139238202748 -0.00883659316542 0.00451300146243 0.00392268228957 -0.0106722377999 -0.00860548915936 0.0306634935795 0.00367829707781 0.00279202015674 -0.0147899593147 0.0270546491313 0.0011864248792 0.638411998473 -0.0125683018817 -0.00550423102799 0.00625082310521 0.00315674305848 
0.0898521146366 -0.004891300503 0.0222692383518 0.00953644932473 0.0200807725785 0.00421549992078 0.103904258565 0.0218961488416 0.0248554746712 0.00847247834452 0.0130289753461 0.0146414331267 0.0122476585628 0.015505806955 0.0122851173182 0.00297039847898 0.0467718994 -0.00348915586606 0.0025700850369 0.00169149464119 0.0131022234423 0.0125770700081 0.0375401808467 0.0100332170276 0.0180679623064 0.0212383081781 0.00575335674446 0.203137618437 0.00438577611058 0.0250216039453 0.0040856432306 0.0155740150124 0.00456623699811 -0.00156639882046 0.00304198683734 -0.0125683018817 0.47787384099 0.0247493985433 0.0176059503852 0.00342879105393 
0.0079420738213 0.00825758644184 0.00701031781295 0.0307449350714 0.0195730951886 -0.00376300105297 0.013990092122 0.0339586753357 0.0158024947993 0.0254073199773 0.0231783663935 0.00133783608468 0.01569761728 0.0206387364497 0.0111133423325 0.0232992062274 0.0243798327463 0.0152416401066 0.00523293500711 0.0250780742263 0.00204012888084 0.013968340082 0.0350433054825 0.0216725297634 0.0377548085109 0.016545627952 0.00443126815716 0.0404507130119 0.00915853425528 0.066565639359 0.0192761330761 0.0244707623383 0.0153685008245 0.0187966795527 0.0158557378675 -0.00550423102799 0.0247493985433 0.201303483664 0.00191697756311 0.0136541519543 
0.0035833867966 0.0161471693447 0.0170059664743 0.00743184474063 0.0284433488484 0.0316430399117 0.00224978903728 0.00937373178165 0.000480954316866 0.00512620943723 0.011608924944 -0.000575188321844 -0.000842722820958 0.0205525468055 0.0205427307754 -0.00215765197284 0.0192949658133 0.0231222039757 -9.17998573662e-05 0.0485462496153 0.0130303781943 0.0256434847754 0.00642750632185 0.0122835833434 0.0418834804589 0.00955075489049 0.00314329355958 -0.00949714195691 0.0376854993862 0.0582084141367 0.0164249112513 0.0192987706504 0.0270441695672 0.0129803506394 0.0217802765508 0.00625082310521 0.0176059503852 0.00191697756311 0.300059241962 0.00170789468456 
-0.00185214794845 0.0103942045794 0.0179455147352 0.00333199375233 0.0196863052206 0.0170740783031 -0.00462741667644 0.0253105432968 0.00978623005956 0.00681150376319 0.0151870355536 0.0113911885174 -0.00399289977269 0.0196241545942 0.0162136830086 0.0169475328373 0.00999726491031 0.0204095735031 0.0103433288407 0.0179826688569 0.00592612604295 0.000423657805475 0.00246656801456 0.00304945000888 0.0192080172013 0.0119466256192 0.0142572350433 0.0282610164083 0.0194095171645 0.0243176037089 0.00151104732051 0.000656522272726 0.0186937327834 0.0132564395356 0.00983182793026 0.00315674305848 0.00342879105393 0.0136541519543 0.00170789468456 0.167054001767 

['WFT', 'RTN', 'TIN', 'AEE', 'GR', 'PKI', 'SUN', 'PX', 'ACV', 'CSX', 'TROW', 'AVY', 'BCR', 'AIG', 'BRCM', 'BMC', 'LEG', 'WMT', 'CSC', 'ADSK', 'SBUX', 'BF.B', 'TE', 'NOC', 'CFC', 'MER', 'EFX', 'FCX', 'ODP', 'PHM', 'ALL', 'WM', 'COST', 'GENZ', 'AN', 'MYL', 'NEM', 'VNO', 'AZO', 'IBM']