60
0.0695535734162 0.093312473985 0.026417897889 0.0449680709256 0.022286409141 0.103194060275 0.0429032651101 0.0375994121509 0.00699576056141 0.079223051944 0.0715007016099 0.0487859931196 0.119859861498 0.0427797721554 0.114001255301 0.116792266476 0.0542920038725 0.0486003975036 0.0333203023267 0.0122123060087 0.0936563270582 0.0698927007 0.0711634289065 0.0297209295042 0.0597278634654 0.0426672552596 0.0206637964956 0.044891801276 0.0335319673985 0.0330111524363 0.0331056926512 0.10135047428 0.0440278725419 0.019144788815 0.0388313797841 0.0499472002084 0.239728898705 0.0436219100546 0.0995242847704 0.136312174374 0.0501483555771 0.0794924924591 0.0716450377603 0.043075945187 0.0348828940045 0.0746691414478 0.0125032911957 0.0594687244428 0.0304896250645 0.0254946283421 0.022369934908 0.0131635076039 0.126302472887 0.0256056876134 0.0247746242904 0.15717092416 0.163811268696 0.0130713531851 0.0125275076286 0.169485482474 
0.390380154899 0.00408509340508 0.00751835957196 0.00678628491156 0.00485875287877 0.00460932494397 0.0109767983785 0.00648214905924 0.000297947193187 0.01737763758 0.0070180731661 0.0114356712992 0.0021091112345 0.00705572724525 0.00918892290569 -0.000979958932755 0.0126051319036 0.0111128221646 0.0123874216958 0.00599110476175 -0.00825652155737 0.0373645792294 0.0177698767438 0.0091626480277 0.0019695478787 0.0182537922311 0.0190649625751 0.00305219930641 0.00420759378364 0.00782484869788 0.000150698815773 0.0172267252054 0.0182727953556 0.0123597339541 0.00688643609308 0.00208361700184 0.0450248348454 0.0258562309528 -0.0128780249193 -0.012227847375 0.0180981468251 0.00713525215136 -0.00117923364227 0.00378649139728 -0.00120193509111 0.0119338157494 -0.00392793935999 0.00313668195083 0.00542349219235 -0.000198509645275 0.00267183675053 -0.00911550454386 0.000511333806684 0.0174850345811 0.0351132529494 0.0174876866444 -0.000922970630498 -5.30315348124e-05 0.0689522516909 0.0108345248221 
0.00408509340508 0.431609064896 0.0150878038511 0.0105337548983 0.00762659022574 0.0272947377854 0.0232045605378 -0.00129971912231 0.0136393019188 0.017446632698 0.00156582949812 0.0211255635807 0.0156024721669 0.00392688991464 0.00432001485678 0.0152720250782 0.00535174759902 -0.00527276712273 0.00283395928979 0.00828787483308 0.00521625462469 0.0058788549431 0.0135462977984 -0.00364743076187 0.0198493652359 -0.00130695288553 0.00886730635979 0.0207825663183 0.0248750564366 0.00650539963508 0.0250852731544 0.0201168575078 0.0055387906571 0.00679569139025 0.022411114419 0.0142223268507 0.0763043386814 -0.0164654718307 0.103700125663 0.00162433206586 0.0377607909115 0.00653779018883 0.0347652639408 -0.000772555383061 0.0400678391413 0.0187160495323 -0.0144635137086 0.0173930667427 0.00138093209124 0.00786253438404 0.0066170302094 0.0174006045677 0.0992660730976 -0.00315139798392 0.00853520158818 0.0041142457944 0.0106806722114 0.0178616239855 0.00926948176104 0.046536107924 
0.00751835957196 0.0150878038511 0.26682534422 0.0050855146398 0.00224580629536 0.0359090137064 0.0240105425445 0.0262332588478 0.00270555064994 0.0243539344745 0.00872791423278 0.0240200788853 0.0155415392585 0.0164556230171 -0.0021055888456 0.0112536197397 0.00680594681994 0.00111389879546 -0.00171832525823 0.00686874881699 -0.000601110681044 0.013497454149 -0.00421989254818 0.0101645508891 0.0199845010699 0.011332680944 0.00317892585727 0.0127405888226 0.0252674285151 0.0340270524885 0.0116739134568 0.00615735514129 0.0153619141149 0.0255027439275 0.0159698560365 0.00926626246224 0.029297775721 0.0374963857316 0.0287370696531 -0.00967941013528 0.0415526991989 0.0246334908307 0.00780583875316 0.0241891228506 0.0281919159939 0.00998485666518 0.0189035491379 0.0216882840587 0.00217295841025 0.000857049328843 0.0224009835016 -0.0103442845201 0.0245739898885 0.0049180860993 0.0113415925182 0.0333177351139 -0.00244867646504 0.00056062040839 0.0175455615279 0.0308045625103 
0.00678628491156 0.0105337548983 0.0050855146398 0.183937944873 -0.00136857170133 0.0105754160043 0.0433371425079 0.0125651334256 0.0120585837731 0.00654593984373 -0.00211979861464 0.0118358915645 -0.00196981116604 0.0289098666449 0.0155274127716 -0.000174399419975 0.00597793022954 -0.000159008914652 0.00813691299571 0.000398996547946 -0.00753182419977 0.0400156132397 -0.0132747282533 0.0042214657331 0.0283318750795 0.0172231650232 0.0139767635605 0.0131863355767 0.0158087714439 0.0177049835305 0.00807920336551 0.0181610179395 0.0196814802527 0.0221239004908 0.0137454903471 0.00652772018019 0.0220315139154 0.0257661974378 0.0136707686903 0.0115165932625 0.0106561074429 0.0177148848872 0.0249209927616 0.0209461046435 0.00852435733576 0.0202265663351 0.0157441158744 -0.000494572649569 0.00558087348165 0.0118792136812 0.0119161719806 0.0223771667502 0.0127140182217 0.0132843477424 0.00607047274732 0.00469004338066 0.00708134832409 0.0202159524484 0.0104108282756 0.0164455252805 
0.00485875287877 0.00762659022574 0.00224580629536 -0.00136857170133 0.24141164464 0.0400708342386 0.00441623887874 0.0102043298533 0.00314084145589 0.00766595321901 0.00307601611602 0.0121373906323 0.0070824204593 0.00982058959187 -0.00231604757469 0.0205487484886 0.00542154150118 0.00380843850968 0.00627064137201 0.00438153762308 -0.00463190751111 0.00362441057516 0.00101501339884 0.00983838659915 0.00534567042963 0.00508779400905 0.000976610452034 0.00584311519643 0.00248628876399 0.00958286865858 -0.00402018193234 0.00729042777338 0.00417018327874 0.0135945676732 0.00584530918686 0.00434039121788 0.00149066160476 0.00393510122611 0.0287656564131 -0.0101491239963 0.00036255830649 0.0248597731285 -0.00255736506233 0.00683723744452 0.010649717842 0.0116120175425 0.015002152031 0.00738356366869 0.00661396848084 0.00567178982704 -0.000959170440441 0.00775194850695 -0.0166555965638 -0.00409262786647 -0.0021252150632 0.0260941998036 -0.0169725238591 0.00785493502946 0.00645177899095 -0.0112118837778 
0.00460932494397 0.0272947377854 0.0359090137064 0.0105754160043 0.0400708342386 0.55995862017 0.0492371322896 0.00912274399341 0.021394777086 0.0356496410994 0.00243514036796 0.0259893619244 0.0114135796213 0.0301511853653 -0.00328894612762 0.00165989907313 0.00985053118072 0.014283360204 0.0366090398187 0.0208690328039 0.0273342812792 0.0626632894964 0.00624252937465 0.001615951409 0.0563430137424 0.038087067616 0.0123429632004 0.0315286962094 0.0387018632499 0.0363009400851 0.0237917191607 0.0615434168589 0.0247894267542 0.0190724193847 0.0544658311097 0.0211432658339 0.0509201385476 0.0203867290319 0.0516586454885 -0.0149286722057 0.0254355905576 0.0231641715034 0.0143835491196 0.0107709216223 -0.00275765448667 0.0300481648063 0.00890694440734 0.0414674545853 0.0140428758823 0.00429385174728 0.0124687583036 0.014897182441 0.0283793439392 0.00713448550818 0.0059964959991 0.0325685208454 -0.0028257371632 0.00926998153101 0.0289293962329 0.00618741141768 
0.0109767983785 0.0232045605378 0.0240105425445 0.0433371425079 0.00441623887874 0.0492371322896 0.246452552421 0.0197057914602 0.0105207680598 0.0258389614527 0.0010734273798 0.0186542135632 0.0311945452701 0.0171099237529 -0.001146203481 0.00552903840485 0.0139508840863 0.0167953883567 0.0182446563276 0.0139316286755 0.0106780560572 0.112673741053 0.00373063508218 0.00654134962362 0.0482226131895 0.00801526447071 0.0199897346291 0.027978291072 0.0212246849329 0.0146996167373 0.0142357889132 0.0414128410937 0.0181029153734 0.0211360107211 0.0045264776433 0.0134163528418 0.0394011499935 0.0406605293519 0.0106324705354 -0.00690032638919 0.0145416213283 0.0150444192743 -0.0095868697198 0.0216121107272 0.0280273031101 0.0170599812144 0.0114177729308 0.0170577572354 0.00904289416947 0.00458485116033 0.016048105701 0.00990442840437 0.0190765611862 0.00212749820089 0.00591268628608 0.0139110925796 0.00335636769764 0.00949816229502 0.00866009021856 0.0241717513324 
0.00648214905924 -0.00129971912231 0.0262332588478 0.0125651334256 0.0102043298533 0.00912274399341 0.0197057914602 0.258299899293 0.00827817131664 0.0127540198065 -9.19721181196e-05 0.00696444399222 0.00725411742302 0.0136269823738 -0.00546897980824 -0.00430285411604 -0.00905832720791 0.0306004050567 0.0282283696487 0.0256872532723 -0.0227518621205 0.010911255962 -0.00300500865849 0.0100261168807 0.00384289053353 0.0174575247559 0.0219435014525 0.0147731777365 0.0109616575001 0.0144890305761 0.00870709082055 0.0190537357741 0.0072174628859 0.0129006906362 0.0134128143311 0.0148165723962 0.0217591301993 0.0115830429585 0.0376390654148 0.0103933758791 0.016252294567 0.01378333736 0.00477826811119 0.00319444443887 0.00492613842075 -0.0118067874198 0.0170432522053 0.00954076722979 0.0114504022335 0.0209332584533 0.00197718226639 0.00777600713755 0.0222814168243 0.0173261096475 0.0141593989146 -0.00459302388649 0.0222165845326 0.0156347919413 0.000358132315078 0.00808858913083 
0.000297947193187 0.0136393019188 0.00270555064994 0.0120585837731 0.00314084145589 0.021394777086 0.0105207680598 0.00827817131664 0.13641537692 0.00376938314915 0.0223171371194 0.0149266221628 0.00546892527295 0.0132801791819 -0.00387247198563 0.00383094824879 0.00434264002307 0.0050891340968 0.00618445863211 0.00847764484919 0.0117645479482 0.000418871400418 -0.00432991109928 0.0118340274813 0.00284042529684 0.0213447078831 0.00841285548667 0.00892180642741 0.00408784616017 0.0131177349092 0.0361445913165 0.000491243506604 0.01969986721 0.00723022840113 -0.000573838998179 0.00510584755475 -0.00565164063245 0.00727826582659 0.00901214457739 -0.00700331253117 0.00180623769185 0.000475167290093 0.00396036425657 0.00989607064044 0.00498191556548 0.0241693116813 -0.00275765830668 0.00990716739507 0.00206020350493 0.0438536396565 0.00590858375644 0.0448479402753 0.00750745215362 0.000353664110892 0.0090279617321 0.000193509973745 -0.00535403112242 0.0410560844913 0.000395230664514 0.020325441004 
0.01737763758 0.017446632698 0.0243539344745 0.00654593984373 0.00766595321901 0.0356496410994 0.0258389614527 0.0127540198065 0.00376938314915 0.379582403583 0.00738245391863 0.00015023664151 0.028666739066 0.0272480520074 -0.00160211539016 0.0122828496892 0.0133247938389 0.0257684694233 0.0150516841292 0.0167307333228 0.0125027665719 0.0315520991985 0.0357172471925 -0.00315325015159 0.0317490934578 0.0244799862861 0.0083424152236 0.0110719295253 0.0185015229509 0.0229682533184 0.00797903436234 -0.00309326281359 0.0110357536873 0.0190107442561 0.0353836223283 0.00217415097806 0.0794904624271 0.0212285796246 0.031112496054 0.00782020327503 0.024692571061 0.0228485904767 -0.00710955786654 0.0113729716503 0.0184471972727 0.0423259923265 0.00317169544725 0.015749295843 -0.00341840547619 0.00441910738249 0.0144541865844 0.0212695413289 -0.00333016617167 0.0133797100037 0.0258015512879 0.0131658063571 -0.000918724669494 0.0093470211552 0.0190031553068 0.0161413241941 
0.0070180731661 0.00156582949812 0.00872791423278 -0.00211979861464 0.00307601611602 0.00243514036796 0.0010734273798 -9.19721181196e-05 0.0223171371194 0.00738245391863 0.586384318663 0.0138897624712 0.00541069123959 -0.00679638249094 -0.0178624110405 -0.00730219279968 -0.0147956264773 0.000973772924154 0.00410271384858 0.00568395409319 -0.00144435031158 0.00367414643883 0.0123379487764 0.0285441170421 -0.0042076820153 0.0108935915742 0.014621317435 0.0168579736153 0.0193266086383 0.00810042226885 0.0189174176499 0.013091994587 0.00782722133843 0.0129107490559 0.00643058795874 0.0253634207599 0.0466754792812 0.0259613806069 0.00170695283064 0.00428606034307 0.00772219499833 0.00677074575783 0.00634549801115 0.00256617831889 0.00563459923687 0.00898902378994 0.0198497619201 0.0222760164528 0.00735581229079 0.0141017434282 0.0188458486265 0.00799288263334 0.0312067907246 0.0074331749176 0.00910142942159 0.028729165682 0.00015876325704 0.0186271093376 0.0130105858863 0.0339643556367 
0.0114356712992 0.0211255635807 0.0240200788853 0.0118358915645 0.0121373906323 0.0259893619244 0.0186542135632 0.00696444399222 0.0149266221628 0.000150236641509 0.0138897624712 0.446801758992 -0.00276322562754 -0.00473723946462 -0.00589134690788 0.0278770755379 0.0169493811145 0.00265431948396 0.0157809035901 0.00405216516148 -0.00801829530275 0.0099051094125 0.0409984260059 0.00301153122321 0.00377371386205 0.00605242596384 0.0158474067963 0.0358911396296 0.0197156889058 0.0193449793427 0.00813180177766 0.0194315909192 0.0175035821289 0.0168800716454 0.00767968623869 0.0133829867504 0.0601462767197 0.0164821826227 0.00115250178646 0.00679464961587 0.0234520123986 0.012953732802 0.0375369261685 0.00646784116725 0.0116784409731 0.0176337314926 0.015025094698 -0.00915557716031 0.000420077783278 0.0189709830297 0.0130110826077 0.00861810949135 0.0196751998061 0.0056495790852 0.018119806084 -0.0119108498047 0.0119895505055 0.0120041617431 0.0244535928865 0.0242013593513 
0.0021091112345 0.0156024721669 0.0155415392585 -0.00196981116604 0.0070824204593 0.0114135796213 0.0311945452701 0.00725411742302 0.00546892527295 0.028666739066 0.00541069123959 -0.00276322562754 0.518340747148 0.0314907197839 0.015380701747 0.0287157903322 0.0278675714385 0.0376464723791 0.00159032758381 0.0181246072762 0.0389184726972 0.019267986958 0.0269344828796 -0.00450103484132 0.024136184121 -0.00154037554254 0.00603456424977 0.00678529268119 0.0340419560542 0.0290667491781 0.000265402379421 0.0433526925223 0.00821839169984 0.0224542171975 0.0206677654534 0.0192937374207 0.101303037569 0.00545235248613 0.0148979706131 -0.0124542890464 0.0212226099864 0.0194436633506 0.0163081796302 0.0327847233125 0.0227849752098 0.0397117945337 0.00299164834707 0.0285645699419 0.0083089092364 0.0216266738156 0.0292664856912 0.00682221409679 3.2855436667e-05 0.0158126471513 0.00979122308362 0.0564393284243 -0.00557305984553 0.00596538770372 0.00355211606845 0.02037726559 
0.00705572724525 0.00392688991464 0.0164556230171 0.0289098666449 0.00982058959187 0.0301511853653 0.0171099237529 0.0136269823738 0.0132801791819 0.0272480520074 -0.00679638249094 -0.00473723946462 0.0314907197839 0.272512514174 0.0062566109798 0.017351476571 0.0303571130164 -0.00124606734956 0.00163860024412 0.00341487848175 0.00722137002364 0.0332124300045 -0.00716170387548 0.00149810210998 0.030698748478 0.0231921790547 0.0197295726878 0.0332483701876 0.0347449817673 0.0192010011188 0.0328908704702 0.0381544521428 0.0343775397114 0.0293323915541 0.0284517448098 0.000797352402423 0.0272876133659 0.0250677917787 0.0334991481905 -0.0109606851439 0.0156052057016 0.0307121728718 0.0140328577721 0.013744792699 0.0261702335221 0.0294828146468 0.0105695359475 0.045671963362 0.0150273616372 0.00578944749148 0.014118697053 0.021681325837 0.0168620888181 0.0128734875809 0.0245599411659 0.0272987569763 0.0025420375804 0.0149736408846 0.0327606583487 0.0196652346207 
0.00918892290569 0.00432001485678 -0.0021055888456 0.0155274127716 -0.00231604757469 -0.00328894612762 -0.00114620348099 -0.00546897980824 -0.00387247198563 -0.00160211539016 -0.0178624110405 -0.00589134690788 0.015380701747 0.0062566109798 1.13185475545 -0.00426144717342 0.0157667468825 0.0020491190038 -0.00045805308555 -0.0122033823096 -0.0123693534735 -0.00798649454135 0.0126292315385 -0.00466390544486 0.0067990069624 -0.00303675125947 -0.00718064046822 0.00482523759662 -0.0102564437923 0.0117798424306 -0.000267775658944 -0.0115561008564 -0.00780033661651 0.00041915034896 0.00835515288453 -0.00865218485847 0.0130929568432 0.00414980348573 0.0268455156146 -0.0114549162345 -0.0069778491518 0.0122790668048 -0.00319155740326 0.0245955142503 0.00339490818282 0.0521958499972 0.00053602101825 0.00152430708027 -0.00177370690888 0.00824225545256 -0.0114178172966 -0.000244720525797 0.0201135137105 -0.0109896477812 0.00535305197981 0.106638427398 -0.0111719384439 0.00534652887584 0.00759059917747 0.00890822562652 
-0.000979958932755 0.0152720250782 0.0112536197397 -0.000174399419975 0.0205487484886 0.00165989907313 0.00552903840485 -0.00430285411604 0.00383094824879 0.0122828496892 -0.00730219279968 0.0278770755379 0.0287157903322 0.017351476571 -0.00426144717342 0.60139545802 0.0151722938501 -0.00143658503498 0.00912247223765 -0.00326316735963 0.0161892077589 0.00550233499977 0.0218937809712 -0.000952856057622 0.00812346569629 -0.00102487028235 0.00248751413543 0.012223471158 0.00742257111438 0.011216824284 0.0166390025719 0.00449583678037 0.0142964171863 0.0185647472722 0.00523681379608 0.0033877956173 -0.0128856513986 0.0209797317454 0.0114785899726 -0.0140526471708 0.00920635922389 -0.00843337931662 0.00661560896877 0.0140687974734 0.00144313806874 0.00326449416823 0.0289983404557 0.00132643026136 -0.0160030869042 0.0129369358497 0.0077799125173 0.00812455853218 0.010679349021 0.0137832553561 0.0102776433781 0.0343667583755 -0.00933139200495 0.00759229616371 -0.0126466565593 -0.00705042625394 
0.0126051319036 0.00535174759902 0.00680594681994 0.00597793022954 0.00542154150118 0.00985053118072 0.0139508840863 -0.00905832720791 0.00434264002307 0.0133247938389 -0.0147956264773 0.0169493811145 0.0278675714385 0.0303571130164 0.0157667468825 0.0151722938501 0.271460398969 0.00101836248793 -0.00467318107243 0.0163993931328 0.0288163349633 -0.00519880913368 0.0166085649903 0.0184120701774 0.0209898936489 0.0235409813642 0.0121750749844 0.0240150594312 0.0188788455841 0.00100655274185 0.013463276422 0.0457282408776 0.0202113035751 0.0215513688985 -0.0158540111299 0.00260119006412 0.0230652028243 0.022417349983 0.0442334148015 0.00404378996866 0.0255685171812 0.00609198446808 0.0188318513681 0.00737863680607 0.0256060694467 0.0246469831415 -0.00397669329556 -0.000168378983628 -0.000856459283473 0.0130559869824 0.0139009029245 0.0258349443816 0.0189854500623 0.00919246346109 0.0171768132638 0.0324698904857 -0.0031924688674 0.0144832427363 0.00997120537272 -0.00222598242554 
0.0111128221646 -0.00527276712273 0.00111389879546 -0.000159008914652 0.00380843850968 0.014283360204 0.0167953883567 0.0306004050567 0.0050891340968 0.0257684694233 0.000973772924154 0.00265431948396 0.0376464723791 -0.00124606734956 0.0020491190038 -0.00143658503498 0.00101836248793 0.394402705314 0.0104968875757 0.0117601697838 0.0342051678205 -0.00253752331349 0.0150352422985 -0.00240499690663 0.0112937903923 0.00377170898653 0.0115190173287 0.00717312049437 0.0168622460961 0.0304968571971 0.00573214181647 0.02283674918 0.00238488117403 0.0173281528316 -0.00793543204725 0.0142881928666 0.0324469347606 0.0171071311232 0.0352193529366 -0.0234736224078 0.0105254083436 0.025610729347 0.00605965171692 0.00268033745955 0.0106394440744 0.0103219247491 0.00713403582553 0.0296300783678 0.00378726962052 0.0374206647789 0.0128425107953 0.011384085826 0.00236512117214 0.00481898899849 0.0248295317789 0.00207456156231 0.00140399168535 0.00669859207113 0.00126905721411 0.00313666046312 
0.0123874216958 0.00283395928979 -0.00171832525823 0.00813691299571 0.00627064137201 0.0366090398187 0.0182446563276 0.0282283696487 0.00618445863211 0.0150516841292 0.00410271384858 0.0157809035901 0.00159032758381 0.00163860024412 -0.00045805308555 0.00912247223765 -0.00467318107243 0.0104968875757 0.201154422547 0.0103852316613 0.00297869567161 0.0202857747456 0.0308176246786 0.00271151502454 0.00561372018591 0.0187693133593 0.011011575661 0.0165655724811 0.0178332604521 0.0299161250904 0.0187020512216 0.00606331819576 0.00384385536176 0.0241141563326 0.0186364014687 0.00708698777145 0.0205242737242 0.0154024398448 0.0105822883422 -0.00863707682796 0.0246017539683 0.0126634181663 0.00690864809083 0.00309267158913 0.00492017631798 -0.002576212207 0.018235938937 0.0171028372738 0.00750918351557 0.00647112574495 0.021542984967 0.0107813096262 0.01187179065 0.0151175241865 0.0147533600223 0.0109899336118 -0.00429217168226 0.0154006354072 0.00388831639234 0.00738273817919 
0.00599110476175 0.00828787483308 0.00686874881699 0.000398996547946 0.00438153762308 0.0208690328039 0.0139316286755 0.0256872532723 0.00847764484919 0.0167307333228 0.00568395409319 0.00405216516148 0.0181246072762 0.00341487848175 -0.0122033823096 -0.00326316735963 0.0163993931328 0.0117601697838 0.0103852316613 0.282078999902 0.0136543925903 0.000832951885277 0.00187589690957 0.0171065820001 0.0101208627019 0.0190032677987 0.00896858540007 0.0145409579877 0.00822972800358 0.00126085795224 0.0105479491757 0.0141054352654 -0.0118379332565 0.00566100723287 0.0258643093003 0.0034877802723 0.0408118896112 0.0177452646386 0.015651154348 -0.00631205862908 0.00028808317407 0.00932055477201 0.0240883739921 0.0128529461605 0.0146966997506 0.00564531782472 0.00936338114245 0.0128289559908 -0.00226532373898 0.0112562393301 0.0101707792268 0.00788948882081 0.0117324913157 0.0042202888175 0.0123090832339 0.0251125634878 0.00596545675273 0.00603212253223 0.0179925393199 0.0144907090397 
-0.00825652155737 0.00521625462469 -0.000601110681045 -0.00753182419977 -0.00463190751111 0.0273342812792 0.0106780560572 -0.0227518621205 0.0117645479482 0.0125027665719 -0.00144435031158 -0.00801829530275 0.0389184726972 0.00722137002364 -0.0123693534735 0.0161892077589 0.0288163349633 0.0342051678205 0.00297869567161 0.0136543925903 0.43537073968 0.0377362769415 0.00638779307246 0.00266366082479 0.0154408244547 0.0125473950714 0.0232208845238 0.00962005302645 0.0232248195639 0.00443041448743 0.0120498805267 0.0296741389167 0.007506152244 0.00804052154615 0.0311953161893 0.000193165491566 0.0399598593658 0.0215259395676 0.0112395351973 -0.0149341032491 0.00237140834491 0.0220948161439 0.0214322278205 0.00701777196427 0.0141061764588 0.0142447362998 0.013742654923 0.0456582989968 0.0217352618675 0.0179071949677 0.020546166397 0.0147418537377 0.00318045524193 -0.0047922257017 -0.000616113613942 0.0345081212761 -0.0247244381029 0.00277192771675 -0.00302222595641 0.0375128708813 
0.0373645792294 0.0058788549431 0.013497454149 0.0400156132397 0.00362441057516 0.0626632894964 0.112673741053 0.010911255962 0.000418871400418 0.0315520991985 0.00367414643883 0.0099051094125 0.019267986958 0.0332124300045 -0.00798649454135 0.00550233499977 -0.00519880913368 -0.00253752331349 0.0202857747456 0.000832951885277 0.0377362769415 0.422167781226 0.00568664051959 -0.00173180999632 0.039346455046 0.0160849560469 0.0115074507199 0.00934218224509 0.0181738037569 0.0355174770704 0.0134813909194 0.0715753101646 0.00659790500956 0.0240873882252 0.0178504825584 -0.000631930071825 0.0466067215385 0.0601167456038 0.0121441164495 -4.3016969285e-05 0.00700729603478 0.0245459624873 0.0257586855037 0.0223021845447 0.0264880552635 0.030431128876 -0.00141426897704 0.0317214804943 0.0146631171251 -0.00443797227862 0.0143381909994 0.0080515163854 0.0258681065521 0.00994662173254 0.0161710144827 0.0147056285627 -0.00296586519228 0.00170604574384 0.00542402644392 0.0338791544106 
0.0177698767438 0.0135462977984 -0.00421989254818 -0.0132747282533 0.00101501339884 0.00624252937465 0.00373063508218 -0.00300500865849 -0.00432991109928 0.0357172471925 0.0123379487764 0.0409984260059 0.0269344828796 -0.00716170387548 0.0126292315385 0.0218937809712 0.0166085649903 0.0150352422985 0.0308176246786 0.00187589690957 0.00638779307246 0.0056866405196 0.634533894624 0.00827239958935 -0.0065802225543 0.00237846786456 0.0133261220243 0.0394478701511 0.00770374996457 0.00470433271464 4.97074352964e-05 0.00603584111393 0.00862538739753 0.00108189864389 -0.00568236401481 0.0199977467949 0.0304861823912 0.00268080555224 0.0159185002907 -0.00442062820495 0.0104967194491 -0.00264713784113 0.00762901153185 0.0128090892139 -0.00317507128286 0.0143315600278 -0.00175173935685 -0.0190495559481 -0.00849304490276 0.0168721491665 0.0165030172007 0.00211078509477 0.00965325855763 0.0143096878694 0.02089113948 0.0150296643674 0.00843953839963 0.0191996211739 0.0326121006117 -0.00487243502311 
0.0091626480277 -0.00364743076187 0.0101645508891 0.0042214657331 0.00983838659915 0.001615951409 0.00654134962362 0.0100261168807 0.0118340274813 -0.00315325015159 0.0285441170421 0.00301153122321 -0.00450103484132 0.00149810210998 -0.00466390544486 -0.000952856057622 0.0184120701774 -0.00240499690663 0.00271151502454 0.0171065820001 0.00266366082479 -0.00173180999632 0.00827239958935 0.212741017172 -0.00595408293523 0.0133699140764 0.0198182683523 0.0558163652854 -0.000387142000134 0.00698884187391 0.00468451592094 0.000345659948223 0.0071834795054 0.00450525421259 0.00133185046577 0.0019335144712 0.00104007750636 0.0101040088022 -0.00912086105401 0.00166856200384 0.00458614777095 0.0191969999967 0.00535601462407 0.012401523272 0.000306533751729 0.0141737716543 0.00410931585956 0.00469700836502 0.00457412816309 -0.0064320398022 0.00694252654413 0.00579107782591 0.0117478879819 0.0165967421855 0.0104524381353 0.0174834460796 -0.00102349756691 0.00327039954922 0.00664191487408 -0.0108895122284 
0.0019695478787 0.0198493652359 0.0199845010699 0.0283318750795 0.00534567042963 0.0563430137424 0.0482226131895 0.00384289053353 0.00284042529684 0.0317490934578 -0.0042076820153 0.00377371386205 0.024136184121 0.030698748478 0.0067990069624 0.00812346569629 0.0209898936489 0.0112937903923 0.00561372018591 0.0101208627019 0.0154408244547 0.039346455046 -0.0065802225543 -0.00595408293523 0.38946120953 0.0197435180912 0.0177180708985 0.00400213481057 0.0272863437639 0.0294942717319 0.00259810245873 0.0149091130496 0.00668436848418 0.0128577437486 0.00914353776249 0.00318270997031 0.054302710787 0.0158045381533 0.0189630674416 0.0105283680269 0.0136562361176 0.059218097077 0.0243092945169 -0.00763113749011 0.0421563685216 0.0169115688554 0.00166634488101 0.0203518204039 0.00934836888182 0.0065231133134 0.0188409215952 -0.00210193452973 0.0296298036363 0.00967938308884 0.00108064359873 0.0307458448104 -0.0353444152533 0.00129295512224 0.00905435439032 0.0213752960123 
0.0182537922311 -0.00130695288553 0.011332680944 0.0172231650232 0.00508779400905 0.038087067616 0.00801526447071 0.0174575247559 0.0213447078831 0.0244799862861 0.0108935915742 0.00605242596384 -0.00154037554254 0.0231921790547 -0.00303675125947 -0.00102487028235 0.0235409813642 0.00377170898653 0.0187693133593 0.0190032677987 0.0125473950714 0.0160849560469 0.00237846786456 0.0133699140764 0.0197435180912 0.200755277148 0.0195318100596 0.0212462325787 0.0213341179979 0.0160638334254 0.0308186792603 0.0270796148509 0.00868149988069 0.0238880713297 0.0181942767217 0.0157013761495 0.0200788621716 0.0455092089208 0.0207656254363 0.00342164376862 0.0290191034469 0.0189588336879 0.00161580202231 0.0251265467654 0.00273368004451 -0.00323483616024 0.00604359717847 -0.00577267688432 0.0143949907504 0.0137058338751 0.0180493024318 0.02703897753 0.0314772866956 0.00124731032854 0.0126456375014 0.0283845738574 -0.00262251452918 0.0201391571213 -0.00156515233146 0.00173260470137 
0.0190649625751 0.00886730635979 0.00317892585727 0.0139767635605 0.000976610452034 0.0123429632004 0.0199897346291 0.0219435014525 0.00841285548667 0.0083424152236 0.014621317435 0.0158474067963 0.00603456424977 0.0197295726878 -0.00718064046822 0.00248751413543 0.0121750749844 0.0115190173287 0.011011575661 0.00896858540007 0.0232208845238 0.0115074507199 0.0133261220243 0.0198182683523 0.0177180708985 0.0195318100596 0.152476532923 0.0164418842014 0.0113184993499 0.016903584715 0.00709249913511 0.0195624545555 0.0178192489848 0.0143896306356 0.015056470498 0.0181697716396 0.0141359208366 0.0128411738699 -0.000463472570927 -0.00916893225842 0.0231318436574 0.0158229323339 0.013586388785 0.0219961771646 0.0115991062077 0.0223753479068 0.00850666683434 0.0185153673578 0.00726386641958 0.0154700813478 0.011045864023 0.0110318236611 0.0155710777111 0.0070518457347 0.0152730905723 0.0116842692129 0.00594742491899 0.0182963629027 0.0116407691051 0.00954455045751 
0.00305219930641 0.0207825663183 0.0127405888226 0.0131863355767 0.00584311519643 0.0315286962094 0.027978291072 0.0147731777365 0.00892180642741 0.0110719295253 0.0168579736153 0.0358911396296 0.00678529268119 0.0332483701876 0.00482523759662 0.012223471158 0.0240150594312 0.00717312049437 0.0165655724811 0.0145409579877 0.00962005302645 0.00934218224509 0.0394478701511 0.0558163652854 0.00400213481057 0.0212462325787 0.0164418842014 0.32259926758 0.0268732385774 0.0352129580672 0.021382665356 0.0261236798642 0.0172660496392 0.0250117609872 0.0328389150517 0.0147934280316 0.0550646934676 0.0282505419182 0.0134025922809 -0.00856681878278 0.036774629162 0.0184532823696 0.00160607615016 0.0158786844091 0.0270628190175 -0.00022522075535 0.0182768781629 0.0198384396828 0.0189231557687 0.0086431779367 0.0226597529504 0.00309223815994 0.0488493193514 0.00946895414948 0.0167488887329 0.0402240125485 0.0153826581219 0.00289918025329 0.0160974762018 0.0153184761192 
0.00420759378364 0.0248750564366 0.0252674285151 0.0158087714439 0.00248628876399 0.0387018632499 0.0212246849329 0.0109616575001 0.00408784616017 0.0185015229509 0.0193266086383 0.0197156889058 0.0340419560542 0.0347449817673 -0.0102564437923 0.00742257111438 0.0188788455841 0.0168622460961 0.0178332604521 0.00822972800358 0.0232248195639 0.0181738037569 0.00770374996457 -0.000387142000135 0.0272863437639 0.0213341179979 0.0113184993499 0.0268732385774 0.208328045394 0.0278599902929 0.00465576784935 0.0363102952435 0.0253062139433 0.0243948276415 0.00818921557088 0.0149542552405 0.0540063478838 0.0217094773386 0.0106582851456 -0.0117932042983 0.0211161359718 0.0273122559118 0.00625929774721 0.00583830732888 0.0121355754485 0.0225845833873 0.021249587021 0.0113125723162 -0.00202985132923 0.00738107678981 0.0324976095205 0.000310526743104 0.0262180813616 0.0118055711547 0.0135338420171 0.0454627939992 -0.00434927091399 0.0049994509416 0.023302177403 0.0106562766525 
0.00782484869788 0.00650539963508 0.0340270524885 0.0177049835305 0.00958286865858 0.0363009400851 0.0146996167373 0.0144890305761 0.0131177349092 0.0229682533184 0.00810042226885 0.0193449793427 0.0290667491781 0.0192010011188 0.0117798424306 0.011216824284 0.00100655274185 0.0304968571971 0.0299161250904 0.00126085795224 0.00443041448743 0.0355174770704 0.00470433271464 0.00698884187391 0.0294942717319 0.0160638334254 0.016903584715 0.0352129580672 0.0278599902929 0.300043286364 0.00658032097839 0.0186872898256 0.0266375518392 0.0885499449913 0.0281534795253 0.00602598608213 0.0409597216162 0.0206778860498 0.018400058479 -0.00637814617401 0.0230827338881 0.0411075969393 0.0023424072038 0.0209091735827 0.00569640579586 0.0212031493464 0.0365525115293 0.0130531510515 0.00881897896549 0.0100199541474 0.0249346812463 0.000409469155015 -0.0104042221816 0.011917122295 0.0114387760471 0.0183508066206 -0.0064899448055 0.000725718920422 0.0292151311388 0.00328059179888 
0.000150698815773 0.0250852731544 0.0116739134568 0.00807920336551 -0.00402018193234 0.0237917191607 0.0142357889132 0.00870709082055 0.0361445913165 0.00797903436234 0.0189174176499 0.00813180177766 0.000265402379422 0.0328908704702 -0.000267775658944 0.0166390025719 0.013463276422 0.00573214181647 0.0187020512216 0.0105479491757 0.0120498805267 0.0134813909194 4.97074352963e-05 0.00468451592094 0.00259810245873 0.0308186792603 0.00709249913511 0.021382665356 0.00465576784934 0.00658032097839 0.19815182179 0.0300361649939 0.00594474977085 0.0207860210222 0.00100732108811 0.00865187927442 0.0255791617689 0.0498745837185 0.0424831360516 -0.00201569938072 0.022693701333 0.00780493977536 0.0161314234693 0.0208243479304 0.00180435272876 0.00501923932304 -0.00758561471047 0.0078902774114 -0.00526992083836 0.0342938795389 0.0154270598104 0.044039013575 0.0315293774757 0.00562521738546 0.0113793333436 0.00396051294328 0.0113992623164 0.0407516919821 0.0124588464687 -0.0128593805378 
0.0172267252054 0.0201168575078 0.00615735514129 0.0181610179395 0.00729042777338 0.0615434168589 0.0414128410937 0.0190537357741 0.000491243506604 -0.00309326281359 0.013091994587 0.0194315909192 0.0433526925223 0.0381544521428 -0.0115561008564 0.00449583678037 0.0457282408776 0.02283674918 0.00606331819576 0.0141054352654 0.0296741389167 0.0715753101646 0.00603584111393 0.000345659948223 0.0149091130496 0.0270796148509 0.0195624545555 0.0261236798642 0.0363102952435 0.0186872898256 0.0300361649939 0.562570532432 0.0233076878137 0.0116534161502 0.0121137393082 0.0390465896276 0.0853010238418 0.030434417706 0.0302192826669 -0.013853045397 0.0285132497832 0.0648433905645 0.00962654518309 0.0287408179898 0.0287363162346 0.0612127827743 0.0144040415312 0.019285761562 0.0177978430844 0.0175222450587 0.0460385306097 0.00308847182171 0.0126587716057 0.00697288107477 0.043159566125 0.0429873835722 -0.0163234170744 0.00824000045577 0.0220228134071 0.0153584298844 
0.0182727953556 0.00553879065711 0.0153619141149 0.0196814802527 0.00417018327874 0.0247894267542 0.0181029153734 0.0072174628859 0.01969986721 0.0110357536873 0.00782722133843 0.0175035821289 0.00821839169984 0.0343775397114 -0.00780033661651 0.0142964171863 0.0202113035751 0.00238488117403 0.00384385536176 -0.0118379332565 0.007506152244 0.00659790500956 0.00862538739753 0.0071834795054 0.00668436848418 0.00868149988069 0.0178192489848 0.0172660496392 0.0253062139433 0.0266375518392 0.00594474977085 0.0233076878137 0.218368895389 0.0151548292223 0.0208093277163 -0.00605197591108 0.0342030751062 0.0202702585179 0.0116837822799 0.00295776479807 0.00967506209421 0.0112993167519 -0.000801334498622 0.00894030500258 0.0144222398413 0.0396393965601 0.0224511474302 0.00883755970184 0.0126983511101 0.0152891710946 0.0215954720217 0.00891649889632 0.000512414068498 0.0106654836176 0.0215880585039 0.00811471873747 0.0612993925938 0.00737622314892 0.0305804903407 0.0228263832354 
0.0123597339541 0.00679569139025 0.0255027439275 0.0221239004908 0.0135945676732 0.0190724193847 0.0211360107211 0.0129006906362 0.00723022840113 0.0190107442561 0.0129107490559 0.0168800716454 0.0224542171975 0.0293323915541 0.00041915034896 0.0185647472722 0.0215513688985 0.0173281528316 0.0241141563326 0.00566100723287 0.00804052154615 0.0240873882252 0.00108189864389 0.00450525421259 0.0128577437486 0.0238880713297 0.0143896306356 0.0250117609872 0.0243948276415 0.0885499449913 0.0207860210222 0.0116534161502 0.0151548292223 0.210334082996 0.0379284629997 0.0122257220737 0.0446029237207 0.0333963222169 0.0123034036635 -0.0140883578944 0.0234414887484 0.0272819951945 0.00330210164025 0.0187006992342 0.00985915254544 0.0204040255588 0.0255880638411 0.0249413962381 -0.00361215042624 0.00578495263561 0.0200214034414 0.0118616724801 -0.00372699478657 0.00970907153562 0.0156164389049 0.0322268159179 -0.00957274243933 0.00987513607912 0.0118987904045 0.0191894384418 
0.00688643609308 0.022411114419 0.0159698560365 0.0137454903471 0.00584530918686 0.0544658311097 0.0045264776433 0.0134128143311 -0.000573838998178 0.0353836223283 0.00643058795874 0.00767968623869 0.0206677654534 0.0284517448098 0.00835515288453 0.00523681379609 -0.0158540111299 -0.00793543204725 0.0186364014687 0.0258643093003 0.0311953161893 0.0178504825584 -0.00568236401481 0.00133185046577 0.00914353776249 0.0181942767217 0.015056470498 0.0328389150517 0.00818921557088 0.0281534795253 0.00100732108811 0.0121137393082 0.0208093277163 0.0379284629997 0.387286756504 0.0260010618752 0.118728972722 0.0160733564951 0.00862391949046 -0.00862084405069 -0.00143504169635 0.0198176097677 -0.0047030943782 -0.00716598529047 0.00233359159754 0.0155982302572 0.0179274542651 0.00621696619803 -0.00831545417473 0.00110561001029 0.0109874536351 0.00254879405001 -0.0129672605597 0.0063369055354 0.01319499093 0.0010593269143 -0.000637572094757 0.00530518567851 0.0200940742548 -0.00666305232892 
0.00208361700184 0.0142223268507 0.00926626246224 0.00652772018019 0.00434039121788 0.0211432658339 0.0134163528418 0.0148165723962 0.00510584755475 0.00217415097806 0.0253634207599 0.0133829867504 0.0192937374207 0.000797352402423 -0.00865218485847 0.0033877956173 0.00260119006412 0.0142881928666 0.00708698777145 0.0034877802723 0.000193165491566 -0.000631930071825 0.0199977467949 0.0019335144712 0.00318270997032 0.0157013761495 0.0181697716396 0.0147934280316 0.0149542552405 0.00602598608213 0.00865187927442 0.0390465896276 -0.00605197591108 0.0122257220737 0.0260010618752 0.361689310565 0.0484498276191 0.0260609502905 0.00679989615917 -0.012377088218 0.0188542116132 0.0138312616711 0.0155705877697 0.0149132402621 0.00456481450076 -0.0192251336677 0.00686782329557 -0.00538484815395 0.00818932624743 0.0220786416661 0.0108086151605 0.00259694338385 0.00159283978627 0.0460676939622 0.0284303565074 0.00623819187406 0.0144111837847 0.00768089642265 0.017230714253 0.00447470430926 
0.0450248348454 0.0763043386814 0.029297775721 0.0220315139154 0.00149066160476 0.0509201385476 0.0394011499935 0.0217591301993 -0.00565164063245 0.0794904624271 0.0466754792812 0.0601462767197 0.101303037569 0.0272876133659 0.0130929568432 -0.0128856513986 0.0230652028244 0.0324469347606 0.0205242737242 0.0408118896112 0.0399598593658 0.0466067215385 0.0304861823912 0.00104007750636 0.054302710787 0.0200788621716 0.0141359208366 0.0550646934676 0.0540063478838 0.0409597216162 0.0255791617689 0.0853010238418 0.0342030751062 0.0446029237207 0.118728972722 0.0484498276191 0.858064905993 0.0144742096392 0.0325423063346 -0.0146370477273 0.0318487501957 0.054429547032 0.046508825516 0.0351236328412 0.0430378937827 0.0996527649575 0.0212269339877 0.00883195458112 0.0216411465499 0.00196090996549 0.0367947023666 0.0158066044781 0.0316513046203 0.0167112986042 0.0399116557423 0.118018202435 0.00157602970995 0.0117068673119 0.0273000741066 0.028696342869 
0.0258562309528 -0.0164654718307 0.0374963857316 0.0257661974378 0.00393510122611 0.0203867290319 0.0406605293519 0.0115830429585 0.00727826582659 0.0212285796246 0.0259613806069 0.0164821826227 0.00545235248613 0.0250677917787 0.00414980348573 0.0209797317454 0.022417349983 0.0171071311232 0.0154024398448 0.0177452646386 0.0215259395676 0.0601167456038 0.00268080555224 0.0101040088022 0.0158045381533 0.0455092089208 0.0128411738699 0.0282505419182 0.0217094773386 0.0206778860498 0.0498745837185 0.030434417706 0.0202702585179 0.0333963222169 0.0160733564951 0.0260609502905 0.0144742096392 0.301620227849 0.0131645160196 -0.0157746639967 0.0325078502211 0.0196255833902 0.0159507472925 0.0458522592042 0.017500218998 0.0258317534558 0.010754398724 0.0164015909669 0.00471531078416 0.0117943698468 0.0162916891612 0.0174014625255 0.00939119054704 0.00835537211926 0.025782410692 0.0410932179771 0.00922924769177 0.0146782302161 -0.000220039994504 0.00862486065535 
-0.0128780249193 0.103700125663 0.0287370696531 0.0136707686903 0.0287656564131 0.0516586454885 0.0106324705354 0.0376390654148 0.00901214457739 0.031112496054 0.00170695283064 0.00115250178646 0.0148979706131 0.0334991481905 0.0268455156146 0.0114785899726 0.0442334148015 0.0352193529366 0.0105822883422 0.015651154348 0.0112395351973 0.0121441164495 0.0159185002907 -0.00912086105401 0.0189630674416 0.0207656254363 -0.000463472570927 0.0134025922809 0.0106582851456 0.018400058479 0.0424831360516 0.0302192826669 0.0116837822799 0.0123034036635 0.00862391949046 0.00679989615917 0.0325423063346 0.0131645160196 0.421007314947 0.0667673073217 0.0105069066577 0.0199625598485 0.00462681931804 0.0138415767152 0.00866889304467 0.0101556896996 -0.0172905251518 0.0200071655923 -0.00202949293987 0.032356530278 0.0152371013785 0.0291222694488 0.0756133108142 0.00348192899783 0.00666271083538 0.0238954070996 -0.0116867593284 0.0176521429104 0.00846415269299 0.0385023570112 
