50
0.0253425298527 0.360667625942 0.0791308905459 0.0231877092109 0.116671338284 0.0459594094694 0.0266042550295 0.126958151155 0.197480990077 0.0522861094618 0.114001255301 0.0352458247454 0.0793031051092 0.0448250845436 0.0861911318708 0.0434942638749 0.0484031048171 0.107238949757 0.0220203869342 0.0511846892664 0.0231907610599 0.275379497042 0.0612619406497 0.126305303483 0.0132097716294 0.02392892696 0.0995242847704 0.0285995604788 0.148169679735 0.018453974145 0.0267965440056 0.0584548507687 0.242072249725 0.0122123060087 0.067654701563 0.0113752176021 0.15397042743 0.0244433913508 0.0348828940045 0.0168064994581 0.0383245101253 0.0325349378307 0.0380825412642 0.0997806882374 0.0479675113811 0.192324736986 0.074230100705 0.143796644659 0.0367752030525 0.0261881624723 
0.194509559047 0.0169022644383 0.00991537581429 0.0102404115183 -0.00146022630748 0.00876104140927 0.013483292989 -0.00150941821303 0.00929079929221 0.0176723112057 0.00346946691079 0.0132465500482 0.0232902813817 0.0106363224064 0.0154865571672 0.0193618081391 0.0262511568843 0.0193124541785 0.0120408516712 0.00522324097855 0.00414756984459 -0.0065746911834 0.0187042896112 -0.0102483327216 0.0129584210666 0.0071721214033 0.00298748851619 0.00722899966774 0.00575088050978 0.0107518727267 0.0170978445845 0.0182003425877 0.0199817323493 0.0117597319294 0.0247719956907 0.0148972743632 0.00870042075196 0.0117832282569 0.00440907581752 0.00967414709637 0.0054701316512 0.00338775070454 0.0106990387418 0.0193817117891 0.010370818126 0.016750993665 0.0194946649722 0.0244002049881 0.0291763636526 0.00979839162762 
0.0169022644383 1.17821451989 0.0255773330962 0.0188273891319 0.069778783748 0.0424357141429 0.029723884294 0.0506755717805 0.0636647061863 0.0256433438896 -0.000219403740218 0.0172687229967 0.0601557882209 -0.00342747306399 0.0324448324713 0.0352860931819 0.035587502303 0.0473509857584 0.0316631232048 0.0517312672462 0.0516522614879 -0.0230820265749 0.0532058098511 0.0324054709748 0.0218852053907 0.0260001640977 0.0412908099449 0.0185792005165 0.0197459633218 0.00621246898652 -0.00309684698409 0.0342022464969 0.0689749896013 0.0256683547081 0.00826779849326 0.0163898953201 0.0353790675798 0.00308703363627 0.0157471864807 0.00293218886132 0.0315427213432 0.032828587247 0.0260730909234 0.0368753341045 0.0213288771335 0.0875185765853 0.0388353403443 0.0357757590261 -0.00142177528563 0.00936668518217 
0.00991537581429 0.0255773330962 0.614807010725 0.00777706190352 0.0607430288746 0.0217937805327 0.0147015984841 0.0242081866431 0.00310211185317 -0.00495370083657 -0.00128120955501 -0.00918937437906 0.00313182380314 0.00670734416737 0.0634413532345 0.0056781205694 -0.010257076245 0.041481928492 0.00653121740745 -0.00232961361296 0.00574005885689 -0.00276279739042 0.0275562299467 0.0132762290151 0.0148600477821 0.0230329671526 0.0224098676826 0.0116153435228 0.00258771160267 0.00559960334152 0.00612256752172 0.00894378642146 -0.00608500308708 0.00969619038688 -0.00833668531634 0.00139265723106 0.00103652330706 0.00631412128537 0.0071146634224 0.00211514651054 0.0053838587308 -0.000507559451809 0.0224651841706 -0.0117671304088 0.00564638590083 -0.00999974718773 0.0195719697601 0.0310164084086 -0.000503855329009 0.000622100306329 
0.0102404115183 0.0188273891319 0.00777706190352 0.219512439552 0.0151361354426 0.0287907998404 -0.00596760009924 0.00441205699999 0.0017365035263 0.00189867170703 -0.00382631425234 0.00571204982738 -0.00129323764993 -0.000746573486356 0.0149395892005 0.0140158856679 0.0157583775293 0.00804921298868 0.0230192849544 0.0134867132342 0.0138948412073 0.0121979448274 0.0129537639054 0.0116225093243 0.00439871663153 0.00130713746265 0.00204971074902 -0.0080655483866 0.0368287092735 -0.00145122856604 0.00130505820477 0.00877377823262 0.0166032560145 0.0213039173178 0.0164386990754 0.0170795615059 0.0183418665108 -0.00163551722053 0.0138466511054 0.00847055250204 0.00157548681583 0.0148058958426 0.0041876670923 0.00296334209906 0.00988880612425 0.0204891516547 -8.24208458487e-05 0.0315338057773 -0.000431149567639 -0.0060850983886 
-0.00146022630748 0.069778783748 0.0607430288746 0.0151361354426 1.05338036925 0.00810064728181 -0.00065932051566 0.0252335553268 -0.00844975002918 0.0502985149655 0.0106583051639 0.016517976842 0.0911696815198 0.0159152261608 0.016178528154 0.0180841312886 0.0286484105953 0.0140202089929 0.023052314518 0.00832229087623 0.0173888092555 -0.028036329579 -0.000798277053677 0.0168012634979 0.0130037363907 0.0138301697368 0.0234631312516 0.0307170633825 0.0198467636043 -0.00132951079683 0.0105350078586 0.0255664987084 0.0347328263239 0.00947184628441 -0.0128197212212 0.0175163243298 0.0339950201507 0.0040438816488 0.00616510659304 0.0137582035188 0.0280793872261 0.138522975686 0.023504284222 0.00727243065352 0.0280442606094 0.0561262801611 0.0416261899871 0.0555509909391 -0.00381055467775 -0.0210375811097 
0.00876104140928 0.0424357141429 0.0217937805327 0.0287907998404 0.00810064728181 0.334050609591 0.0165990528376 0.0207139346773 0.043398525082 0.0227543754268 0.0154709609837 0.026588857502 0.0249331835818 0.026270945328 0.0306823278025 0.0193298835078 0.0166797781719 0.0187673492047 0.0696613709284 0.00956127380481 0.0377037381369 -0.0013634435743 0.0352869622834 0.00437615549988 -0.000718786649402 0.0314410445852 -0.0168236929418 0.0491811963351 0.0223146240694 0.0116028798931 0.0214682756459 0.00636889292517 0.0162737904224 0.0113021375979 0.00753948398599 0.022384646831 -0.021059987047 0.0229275077302 0.0117396863552 0.0256896454128 0.0341874016452 0.00949233315863 0.00928233837005 0.0145797948789 0.0103967763921 0.0236123415388 0.0522532407903 0.0418287531472 0.00404122586107 0.0215430900424 
0.013483292989 0.029723884294 0.0147015984841 -0.00596760009924 -0.00065932051566 0.0165990528375 0.199456294699 0.00870415117717 0.00490093536426 0.0119338556382 -0.00377614246616 0.0221548080588 0.0264264856186 0.0290556706527 0.0127297657926 0.0347778787739 0.0112807207174 0.0420475219731 0.0245341033169 0.0082883964678 0.000423533268508 -0.00748228360979 0.0108802900018 -0.00475982469503 0.0236983453019 0.016832585753 0.0163567124441 0.0219437767574 0.00349948686584 0.0195209645836 0.0188239919263 0.0186547204162 0.0234426625049 0.0104166262732 0.00153287405133 0.0270565416262 -0.00303389048622 0.00632618511526 0.0212714693488 0.0039323246145 0.0204932135045 0.0111921232064 0.00355152134595 0.0249047240968 0.0256032003978 0.0176027732923 0.0316581626424 0.0331869677088 0.00979761630163 0.020171381047 
-0.00150941821303 0.0506755717805 0.0242081866431 0.00441205699998 0.0252335553268 0.0207139346773 0.00870415117717 0.383388802357 -0.00117818605873 -0.00806303609296 0.016984085413 0.00774318066701 -0.0210654139541 0.0036078024834 0.0250855908299 0.0175688638716 0.0203350537652 0.00859381104273 0.00574970674281 0.0027781598487 0.00146182599489 -0.00128729167296 0.00640297935827 0.104555537954 -0.00842339955879 0.0148282079134 0.113533920318 -0.00546781803834 0.0300896487369 0.00782308629778 0.00924611608486 0.0237513942739 0.0628573876323 0.014436195173 0.0125508218404 0.0140180855499 0.156923283962 0.000669192349473 0.0126820825463 0.01807618559 0.000705766497527 0.00381656099776 -0.00523027360082 -0.00722566678229 0.0150783578103 0.0951905404758 0.0643520247076 0.0226555303004 -0.00314218512928 0.0166843653953 
0.0092907992922 0.0636647061863 0.00310211185317 0.0017365035263 -0.00844975002917 0.043398525082 0.00490093536426 -0.00117818605874 0.863889543632 -0.00491884468275 -0.011040751896 4.04081410073e-05 0.0117032838308 0.0220691884827 0.0171527501837 0.0219305509565 0.0159686520675 0.0215858114401 0.0309292986509 0.0159234737472 0.0302521770871 -0.0110637638338 0.0201835801379 0.0186483781932 0.0249093579523 0.0150298844504 0.0110359525987 0.0289284075937 0.0108467035192 -0.00436800627863 0.0152874556446 0.00715829325446 0.0326488791126 0.0127748405278 0.135022112469 -0.00174779050655 0.0469029534001 0.0175105611374 0.0107248886899 -0.00629649697907 0.0709784316328 -0.0161864007251 0.0220218515076 -0.0109440580288 0.014489914619 0.0455585861352 0.054934754239 0.0332519844165 0.0141468697249 0.0140026977086 
0.0176723112057 0.0256433438896 -0.00495370083657 0.00189867170703 0.0502985149655 0.0227543754268 0.0119338556382 -0.00806303609295 -0.00491884468275 0.301403244453 -0.00966789836194 0.00776139902247 0.0115569702446 0.0223011411946 0.0133840642841 0.0448680970381 0.0478846535907 0.0295256596258 0.011109216813 0.0380188847942 0.0498063442411 -0.0168160944014 0.0083064629336 0.0111070757239 0.00120385259004 0.0256742015622 0.012590206179 0.0149919585147 0.023145055602 0.0176475596619 0.0100491682294 0.0195802029385 0.0333648609496 0.0077082579134 0.00752359703474 0.0313764432241 0.0372629031387 0.000127155589817 0.0306478130786 0.0149180503804 0.0221704254021 -0.00443405531212 0.0176346936585 0.0379747167515 0.0351472403273 0.0615731226571 0.0442564467153 0.0439883963135 0.00802657888216 0.0195533827696 
0.00346946691079 -0.000219403740215 -0.00128120955501 -0.00382631425234 0.0106583051639 0.0154709609837 -0.00377614246616 0.016984085413 -0.011040751896 -0.00966789836194 1.13629221653 -0.0150488680521 -0.00954292133426 -0.0106781521315 -0.00506835678216 -0.0129730294371 0.0352604234622 -0.0183165177324 -0.00185225063958 -0.00357360541357 0.000556877630835 0.00447184614683 0.0119825798152 0.0212010271715 -0.0071413062332 0.000567850376185 0.0265931790803 0.0032226464929 0.0309984152483 -0.0108861743977 0.0135727736664 -0.00810825437725 -0.0138070434959 -0.0101854710427 0.0147953471325 7.512218179e-05 0.00915988334535 -0.00424568282132 0.00599529621018 -0.00235249395889 0.00513012036456 0.0154807373925 0.00460212862658 -0.00538995359466 -0.00105477463528 0.0370236587004 -0.00999681961689 0.0331698125687 0.0109288555988 -0.00502686318582 
0.0132465500482 0.0172687229967 -0.00918937437906 0.00571204982738 0.016517976842 0.026588857502 0.0221548080588 0.00774318066701 4.04081410074e-05 0.00776139902247 -0.0150488680521 0.208738238501 0.0173805002627 0.0138551548469 0.012804973684 0.0130213320759 0.0268662616717 0.0169263883773 0.0167842310766 0.0165278659028 0.000735075023945 -0.00231110657344 0.0111938639488 -0.0122146843156 0.0100253099513 0.0135277691134 0.00733948116777 0.0121578428778 0.00546379858265 0.0114723129643 0.0193972955596 0.0214356423199 0.0281936981348 0.0131957300646 0.0122272486429 0.0212028122254 -0.00691357301287 0.00792887065847 0.0144879338772 0.00429267740575 0.0241628748006 0.00716596916061 0.00264421128747 0.0302055731087 0.0105347115447 0.0167043923664 0.0462859644675 0.0487917827668 0.00661329053864 -0.0051764890786 
0.0232902813817 0.0601557882209 0.00313182380314 -0.00129323764993 0.0911696815198 0.0249331835818 0.0264264856186 -0.0210654139541 0.0117032838308 0.0115569702446 -0.00954292133426 0.0173805002627 0.375087198406 0.0209939528716 0.0383658279756 0.030240046747 0.0147775394725 0.0167635657953 0.0232616540748 0.0183516317957 0.0131075074407 0.00937753715758 0.00725739419633 -0.00496439563553 0.0244072268112 0.0213847195704 -0.000367994119636 0.0523328464681 0.0163749678606 0.0113183601221 0.0277786246044 0.0257004537881 0.0576154495005 0.00269406140872 0.0136529800504 0.02827636326 -0.0199903155933 0.0185626794229 0.0115551837987 -0.00632786615815 0.016394711667 0.0328645451053 0.0109485290649 0.025417630649 0.04759177635 0.0358070824678 0.0341033921324 0.0913771826989 0.0213147174921 0.022136408588 
0.0106363224064 -0.00342747306399 0.00670734416737 -0.000746573486357 0.0159152261608 0.026270945328 0.0290556706527 0.0036078024834 0.0220691884827 0.0223011411946 -0.0106781521315 0.0138551548469 0.0209939528716 0.240267190855 0.0168543570975 0.0251329488874 0.00833164157 0.0264880674467 0.0183208372158 0.0168051270444 0.0106363443543 0.0105673737888 0.0149947226681 -0.0148774598392 0.0170117481677 0.0221848374423 -0.00129773545428 0.0310447594643 0.0169346077539 0.00711377634501 0.0116704619297 0.0224373563847 0.0424933189102 0.00122285696799 0.00896950925377 0.00615693468968 -0.0100915670427 0.0174406574647 0.00939878055652 0.0106983651909 0.0531241223921 0.0144053808487 0.0040113959956 0.012034835912 0.0241401551191 0.0259667240815 0.0349345583789 0.0221409370613 0.0240416108434 0.00623714828402 
0.0154865571672 0.0324448324713 0.0634413532345 0.0149395892005 0.016178528154 0.0306823278025 0.0127297657926 0.0250855908298 0.0171527501837 0.0133840642841 -0.00506835678216 0.012804973684 0.0383658279756 0.0168543570975 0.389968264459 0.026076027396 0.0075752983544 0.0316228488067 0.00346401397276 0.0377926391899 0.000499240855115 -0.00629709814011 0.0495728026393 0.0150245838024 0.0175961559312 -0.00287720114326 0.0164782179874 0.0173134659169 0.0263000290953 0.00820740801743 0.00813598143573 0.0184339124457 0.0352332860509 0.0182753681516 0.00613256667119 0.015274095455 0.0397009218878 0.00662976317101 0.0247550401072 0.0147223239173 0.00583146965448 0.0257716332294 0.0139472925659 0.0264679956779 0.00811361452516 0.0513313189616 0.0446502764526 0.0821904541547 0.0157839460588 0.0165621356039 
0.0193618081391 0.0352860931819 0.0056781205694 0.0140158856679 0.0180841312886 0.0193298835078 0.0347778787739 0.0175688638716 0.0219305509565 0.0448680970381 -0.0129730294371 0.0130213320759 0.030240046747 0.0251329488874 0.026076027396 0.28454573838 0.0287143856734 0.0535194068434 0.020771392061 0.0361650701757 -0.00238843400206 -0.0197582087596 0.0118298175727 0.0323111183728 0.0215338633483 0.0309326686233 0.0274351008349 0.0250025987576 0.0181371848845 0.0095797404044 0.0123527201408 0.0142045109092 0.0764141753207 0.0197715836661 0.00536384551391 0.0313319393861 0.0194994337622 0.0284983038235 0.0316783890723 0.0325022629836 0.0311213641516 0.0032245596049 0.0215709009448 0.0276444622742 0.0234681478208 0.0400009162067 0.0894777737227 0.0333276789362 0.0162471404387 0.024560822662 
0.0262511568843 0.035587502303 -0.010257076245 0.0157583775293 0.0286484105953 0.0166797781719 0.0112807207174 0.0203350537652 0.0159686520675 0.0478846535907 0.0352604234622 0.0268662616717 0.0147775394725 0.00833164157 0.0075752983544 0.0287143856734 0.252466791433 0.0370300093693 0.0278172813635 0.00124198152229 0.0268976928373 -0.00120075797133 0.00776517286875 0.0213093843152 0.0172259163401 0.0165108965273 0.0120749496314 0.00102226782388 0.0147712590346 0.0125634659969 0.0158926091783 0.0186347974548 0.0564844362649 0.0233986451025 0.00161435472161 0.0150882854598 0.0265259155298 0.0129295448838 0.0137765002556 0.00944931797075 0.0175642953454 0.0130411368371 0.022066371922 0.00997758348129 0.0187633174368 0.049869555705 0.0400831050923 0.0434439762075 0.00716197478822 0.0117864747217 
0.0193124541785 0.0473509857584 0.041481928492 0.00804921298868 0.0140202089929 0.0187673492047 0.0420475219731 0.00859381104273 0.0215858114401 0.0295256596258 -0.0183165177324 0.0169263883773 0.0167635657953 0.0264880674467 0.0316228488067 0.0535194068434 0.0370300093693 0.467933518991 0.0256577250113 0.0173908164118 0.0166516608638 -0.0118862927217 0.0219527663441 0.0226905049225 0.0129267391729 0.0391313207842 0.00972154103353 0.0204146556568 -0.00401267039936 0.00432202106742 0.031152718424 0.0290164784182 0.0764529901163 -0.00362442842326 0.00390063667852 0.00806974136838 0.00869162334395 0.000593699155082 0.0332550942393 0.0106832264184 0.0131747350379 -0.0120310884857 0.0152863661757 0.00948106502334 0.0165908626282 0.061178593775 0.0546369500396 0.0663157781708 0.0172669207432 0.0255496461793 
0.0120408516712 0.0316631232048 0.00653121740745 0.0230192849544 0.023052314518 0.0696613709284 0.0245341033169 0.00574970674281 0.0309292986509 0.011109216813 -0.00185225063958 0.0167842310766 0.0232616540748 0.0183208372158 0.00346401397276 0.020771392061 0.0278172813635 0.0256577250113 0.212653088628 0.0030568082415 0.0325824176956 0.00514987539574 0.00904691896244 0.0102773656992 0.0240910596732 0.0179603010505 -0.00045636132201 0.025537450248 0.0160622147645 0.0167153239699 0.0166283121878 0.0165953254762 0.0244360490225 0.0234833358214 -0.000434739571634 0.00941608847851 -0.00913879528746 0.0203397229092 0.016613595294 0.0172226817641 0.0192492594328 0.0166890206335 0.0107780306198 0.00562350478635 0.0198353002615 0.0233592067272 0.0461629911437 0.041028667548 0.0110782105545 0.0310141748589 
0.00522324097855 0.0517312672462 -0.00232961361296 0.0134867132342 0.00832229087623 0.00956127380481 0.0082883964678 0.0027781598487 0.0159234737472 0.0380188847942 -0.00357360541357 0.0165278659028 0.0183516317957 0.0168051270444 0.0377926391899 0.0361650701757 0.00124198152229 0.0173908164118 0.00305680824151 0.326890613193 0.00313078939741 -0.0265425456568 0.033014226187 0.0327752510155 0.0218832788149 0.0285070014176 -0.00240948461226 -0.00950601168221 0.020201699798 0.0203281874672 -0.0076138255683 0.0103448051122 0.0263664046362 0.0106480631821 0.000229906563693 -0.00260260891045 -0.00492453029496 0.0132595738998 0.00854623278081 0.00490411910499 0.000245799971607 0.0138130541321 0.00627035908837 0.0177014193144 0.0264572854253 0.0543030054771 0.0375582079223 0.0222137903964 -0.000694150436935 0.00904185959589 
0.00414756984459 0.0516522614879 0.00574005885688 0.0138948412073 0.0173888092555 0.0377037381369 0.00042353326851 0.00146182599489 0.0302521770871 0.0498063442411 0.000556877630835 0.000735075023944 0.0131075074407 0.0106363443543 0.000499240855119 -0.00238843400207 0.0268976928373 0.0166516608638 0.0325824176956 0.00313078939741 0.217698413362 0.00762037506046 0.0117094509959 -0.00186204276131 0.00101423299015 0.00970971283524 -0.00309983252307 0.0337232071526 -0.00140368654793 0.00322467194571 0.00890077162374 0.0163663178199 -0.00594787495008 0.0121907963091 0.0131403952875 0.00424609528996 -0.00992654641067 0.0152235087799 0.0247208815934 0.0113812914008 0.01552738125 0.0216924506624 0.0167700222027 0.0109665923384 0.00232224199314 0.0304895531322 0.0171352198477 0.0269313801782 0.0134118784785 0.0102743441141 
-0.0065746911834 -0.0230820265749 -0.00276279739042 0.0121979448274 -0.028036329579 -0.0013634435743 -0.00748228360979 -0.00128729167296 -0.0110637638338 -0.0168160944014 0.00447184614683 -0.00231110657344 0.00937753715758 0.0105673737888 -0.00629709814011 -0.0197582087596 -0.00120075797133 -0.0118862927217 0.00514987539574 -0.0265425456568 0.00762037506046 4.09449958862 -0.0230151547506 -0.0204439865828 -0.0172346876878 0.00254265553836 -0.00794441741019 -0.0058749758376 -0.0380574418746 0.00168485845821 0.00153760886644 -0.0029017714262 -0.0253086520209 -0.0194249486132 -0.018335038231 0.0106355261869 -0.014545686591 0.0121533505407 -0.0132447527481 0.00286640812799 0.00785144310911 -0.0196454204028 -0.0161795383265 0.0367153452527 -0.00602359259635 -0.0166948445745 0.00679647076325 -0.0167144531994 0.00149270889003 -0.0103638557664 
0.0187042896112 0.0532058098511 0.0275562299467 0.0129537639054 -0.000798277053677 0.0352869622834 0.0108802900018 0.00640297935827 0.0201835801379 0.0083064629336 0.0119825798152 0.0111938639488 0.00725739419633 0.0149947226681 0.0495728026393 0.0118298175727 0.00776517286875 0.0219527663441 0.00904691896244 0.033014226187 0.0117094509959 -0.0230151547506 0.352736626085 0.0357374497092 0.00658189069805 -0.00802670399758 0.00215048208151 0.00756181482318 0.0377182390943 -0.000835832034944 0.014568767803 0.0235485888421 0.017877960791 0.0119200921617 0.00372553646085 0.0146500717951 0.0356254809769 0.00541501758006 0.0148793467526 -0.0090435103079 0.0354095050748 0.0171494551349 0.0255202487859 0.031276319474 0.0488156555761 0.00380795543221 0.018198663462 0.0167639673585 0.017267024555 0.00619179946485 
-0.0102483327216 0.0324054709748 0.0132762290151 0.0116225093243 0.0168012634979 0.00437615549989 -0.00475982469503 0.104555537954 0.0186483781932 0.0111070757239 0.0212010271715 -0.0122146843156 -0.00496439563553 -0.0148774598392 0.0150245838024 0.0323111183728 0.0213093843152 0.0226905049225 0.0102773656992 0.0327752510155 -0.00186204276131 -0.0204439865828 0.0357374497092 0.438359476382 -0.000699137807629 0.00140126459471 0.081266306997 -0.00161186116194 0.0351208213071 0.00956733733305 0.00463518911932 0.0147980325289 0.0455274550543 0.0016875036538 -0.0101763414941 -0.00525127024033 0.130649436658 0.0172788316661 0.0395174639526 -0.00571384655548 0.00857500586637 0.000126251602454 0.00624998248476 0.000679672357647 0.00911664919753 0.106948800244 0.0341727918729 0.078719841344 0.000889297600822 -0.00531497073661 
0.0129584210666 0.0218852053907 0.0148600477821 0.00439871663153 0.0130037363907 -0.000718786649401 0.0236983453019 -0.00842339955879 0.0249093579523 0.00120385259004 -0.0071413062332 0.0100253099513 0.0244072268112 0.0170117481677 0.0175961559312 0.0215338633483 0.0172259163401 0.0129267391729 0.0240910596732 0.0218832788149 0.00101423299015 -0.0172346876878 0.00658189069805 -0.00069913780763 0.160016204157 0.00663652409105 0.012714804452 0.00151611433517 0.00714554729964 0.0161465896045 0.0075562285467 0.0109890265417 0.0189753003653 0.0172046870644 -0.00142236983986 0.0174549060572 -0.00154773955319 0.019534497076 0.00801467330959 1.06028177289e-05 0.00721482280204 0.0111553319562 0.010727514789 0.0137924926325 0.00629651888553 0.0236193788038 0.00849747804989 0.0191212909195 0.0132668420279 0.00826579163798 
0.0071721214033 0.0260001640977 0.0230329671526 0.00130713746265 0.0138301697368 0.0314410445852 0.016832585753 0.0148282079134 0.0150298844504 0.0256742015622 0.000567850376184 0.0135277691134 0.0213847195704 0.0221848374423 -0.00287720114326 0.0309326686233 0.0165108965273 0.0391313207842 0.0179603010505 0.0285070014176 0.00970971283524 0.00254265553835 -0.00802670399758 0.00140126459471 0.00663652409105 0.241997884995 0.00730231285719 0.0219951976299 0.0165763384067 0.00398671927312 0.00310889668791 0.0146039360805 0.0239381141701 0.0149404300868 0.00183092316818 0.0160724617801 0.00437387463879 0.00628893605776 0.010714268127 0.00988262330241 0.0266843123842 0.0118626603382 0.00486754979241 0.015990415755 0.00589642813685 0.00322835224175 0.0363309659411 0.0249071173144 0.0102130164698 0.0172882936433 
0.00298748851619 0.0412908099449 0.0224098676826 0.00204971074902 0.0234631312516 -0.0168236929418 0.0163567124441 0.113533920318 0.0110359525987 0.012590206179 0.0265931790803 0.00733948116777 -0.000367994119636 -0.00129773545428 0.0164782179874 0.0274351008349 0.0120749496314 0.00972154103353 -0.00045636132201 -0.00240948461226 -0.00309983252307 -0.00794441741019 0.00215048208151 0.081266306997 0.012714804452 0.00730231285719 0.41253160027 0.00162759395994 0.0157034876848 0.0105383323015 -0.00431858456878 0.0242379462512 0.0351715405728 0.0184458093058 0.0165940517858 0.0104879005698 0.111740778987 -0.0008417785579 0.00542811185321 0.00951780954179 0.0181075083048 -0.00807075231231 0.0152612333966 0.0252236902095 0.0384679303879 0.0643449546722 0.0607197547846 0.0467100938731 -0.00553669853722 0.00396146747073 
0.00722899966774 0.0185792005165 0.0116153435228 -0.0080655483866 0.0307170633825 0.0491811963351 0.0219437767574 -0.00546781803834 0.0289284075937 0.0149919585147 0.0032226464929 0.0121578428778 0.0523328464681 0.0310447594643 0.0173134659169 0.0250025987576 0.00102226782388 0.0204146556568 0.025537450248 -0.00950601168221 0.0337232071526 -0.0058749758376 0.00756181482318 -0.00161186116194 0.00151611433517 0.0219951976299 0.00162759395994 0.26461940429 -0.0103284378367 0.0188942546379 0.0257731306875 0.0233480986366 0.0183483448024 0.00426123066793 0.0187277494115 0.0121206549551 -0.0145544432927 0.0100143409136 0.00890458412254 0.0136731149816 0.0460551868223 0.0197360402183 0.0123624302832 0.0260394752434 0.039380455446 0.0071869447452 0.0342823147417 0.0334844639306 0.0194953737546 0.00958888661838 
0.00575088050978 0.0197459633218 0.00258771160267 0.0368287092735 0.0198467636043 0.0223146240694 0.00349948686584 0.0300896487369 0.0108467035192 0.023145055602 0.0309984152483 0.00546379858265 0.0163749678606 0.0169346077539 0.0263000290953 0.0181371848845 0.0147712590346 -0.00401267039936 0.0160622147645 0.020201699798 -0.00140368654793 -0.0380574418746 0.0377182390943 0.0351208213071 0.00714554729963 0.0165763384067 0.0157034876848 -0.0103284378367 0.464064707374 0.00635097302926 0.0123953483072 0.0201339287821 0.0208253828266 0.0238916793272 0.0260315851861 0.0213102586685 0.0610519885906 0.00959438413808 -0.00192825124203 0.00951660701192 0.0281390721943 -0.000543258346795 0.0279202546948 0.0322835597966 0.00191794023199 0.0252043967951 0.0453668490553 0.0134387255396 0.0102070379612 -0.0128641273803 
0.0107518727267 0.00621246898652 0.00559960334152 -0.00145122856604 -0.00132951079683 0.0116028798931 0.0195209645836 0.00782308629779 -0.00436800627863 0.0176475596619 -0.0108861743977 0.0114723129643 0.0113183601221 0.00711377634501 0.00820740801743 0.00957974040441 0.0125634659969 0.00432202106742 0.0167153239699 0.0203281874672 0.00322467194571 0.00168485845821 -0.000835832034947 0.00956733733305 0.0161465896045 0.00398671927313 0.0105383323015 0.0188942546379 0.00635097302926 0.248493945983 -0.00080074963143 0.019290117712 0.0162021690225 0.00153227524494 0.0186418109077 0.00512411530962 0.0167422978084 0.00238432927346 -0.00802635513207 -0.00646776049981 0.013272926164 0.00286913555519 -0.00694883920561 0.0135696087212 0.00492647336103 -0.000570957777726 0.0248138604964 0.00651938993025 0.0130762501957 0.0180930349894 
0.0170978445845 -0.00309684698409 0.00612256752172 0.00130505820477 0.0105350078586 0.0214682756459 0.0188239919263 0.00924611608486 0.0152874556446 0.0100491682294 0.0135727736664 0.0193972955596 0.0277786246044 0.0116704619297 0.00813598143573 0.0123527201408 0.0158926091783 0.031152718424 0.0166283121878 -0.0076138255683 0.00890077162374 0.00153760886644 0.014568767803 0.00463518911932 0.0075562285467 0.00310889668791 -0.00431858456878 0.0257731306875 0.0123953483072 -0.000800749631432 0.173636494149 0.0278525189433 0.0206171859265 0.00440510329879 0.0225903036324 0.0122246915472 0.000342542816824 0.0127801903056 0.00294716816497 0.0210098864847 0.0117882545138 0.0171257664001 0.00925179217108 0.01914123725 0.0256943197634 0.0213226513945 0.0343893221546 0.0360189418805 0.0224348824449 0.024123682718 
0.0182003425877 0.0342022464969 0.00894378642146 0.00877377823262 0.0255664987084 0.00636889292517 0.0186547204162 0.0237513942739 0.00715829325446 0.0195802029385 -0.00810825437725 0.0214356423199 0.0257004537881 0.0224373563847 0.0184339124457 0.0142045109092 0.0186347974548 0.0290164784182 0.0165953254762 0.0103448051122 0.0163663178199 -0.0029017714262 0.0235485888421 0.0147980325289 0.0109890265417 0.0146039360805 0.0242379462512 0.0233480986366 0.0201339287821 0.019290117712 0.0278525189433 0.244458295312 0.0209846604384 0.0126966236744 0.0234129402683 0.0213587396592 0.0169059418034 0.0134329973638 -0.00102704377848 0.0260132050413 0.020289907552 0.0166327795975 0.00796643938239 0.0300236555934 0.0327001109962 0.0363669397861 0.0516523802266 0.0492154771582 0.0195561932434 0.00484646728097 
0.0199817323493 0.0689749896013 -0.00608500308707 0.0166032560145 0.0347328263239 0.0162737904224 0.0234426625049 0.0628573876323 0.0326488791126 0.0333648609496 -0.0138070434959 0.0281936981348 0.0576154495005 0.0424933189102 0.0352332860509 0.0764141753207 0.0564844362649 0.0764529901163 0.0244360490225 0.0263664046362 -0.00594787495008 -0.0253086520209 0.017877960791 0.0455274550543 0.0189753003653 0.0239381141701 0.0351715405729 0.0183483448024 0.0208253828266 0.0162021690225 0.0206171859265 0.0209846604384 0.645464820736 0.0187617875191 0.00870045663601 0.00736155672695 0.0789524587715 0.0159959630776 0.0449320457972 0.000872725848226 0.0263062233467 0.0117864658062 0.0315370939842 0.0238354084252 0.0510316573389 0.190383729371 0.0797650236102 0.109079778341 0.0362055034261 0.0145171684831 
0.0117597319294 0.0256683547081 0.00969619038688 0.0213039173178 0.00947184628441 0.0113021375979 0.0104166262732 0.014436195173 0.0127748405278 0.0077082579134 -0.0101854710427 0.0131957300646 0.00269406140872 0.00122285696799 0.0182753681516 0.0197715836661 0.0233986451025 -0.00362442842326 0.0234833358214 0.0106480631821 0.0121907963091 -0.0194249486132 0.0119200921617 0.0016875036538 0.0172046870644 0.0149404300868 0.0184458093058 0.00426123066793 0.0238916793272 0.00153227524493 0.00440510329879 0.0126966236744 0.0187617875191 0.284464847301 -0.00278181907875 0.0113950054826 0.00201254149226 0.00171173628759 0.0154298924389 0.00276307630425 -0.00327520285752 0.00625232278567 0.000567657750334 0.0277662304745 0.0156013303919 0.00480715695623 0.0160813509382 0.0253391297501 0.00763584025418 -0.00206491555864 
0.0247719956907 0.00826779849326 -0.00833668531634 0.0164386990754 -0.0128197212211 0.00753948398599 0.00153287405133 0.0125508218404 0.135022112469 0.00752359703474 0.0147953471325 0.0122272486429 0.0136529800504 0.00896950925377 0.00613256667119 0.00536384551391 0.00161435472161 0.00390063667852 -0.000434739571633 0.000229906563697 0.0131403952875 -0.018335038231 0.00372553646085 -0.0101763414941 -0.00142236983986 0.00183092316818 0.0165940517858 0.0187277494115 0.0260315851861 0.0186418109077 0.0225903036324 0.0234129402683 0.00870045663601 -0.00278181907874 0.359329588123 0.0196735071976 0.0176857748443 0.00652246884605 -0.00711563295953 -0.00219839525563 0.0283842397467 -0.00752590688097 0.00774388355353 0.0199857665855 0.00947571198197 0.0106784000521 0.00987305801224 0.0174467864531 0.0232316866592 0.00440841291776 
0.0148972743632 0.0163898953201 0.00139265723106 0.0170795615059 0.0175163243298 0.022384646831 0.0270565416262 0.0140180855499 -0.00174779050655 0.0313764432241 7.51221817899e-05 0.0212028122254 0.02827636326 0.00615693468968 0.015274095455 0.0313319393861 0.0150882854598 0.00806974136838 0.00941608847851 -0.00260260891045 0.00424609528996 0.0106355261869 0.0146500717951 -0.00525127024033 0.0174549060572 0.0160724617801 0.0104879005698 0.0121206549551 0.0213102586685 0.00512411530962 0.0122246915472 0.0213587396592 0.00736155672695 0.0113950054826 0.0196735071976 0.222837845808 0.000858353840542 0.0133393616556 0.0108272361791 0.00879117960656 0.018407928628 -0.0011076461554 0.0113548629355 0.0120319768951 0.0140934825736 0.0152766048668 0.0354487481761 0.0256413453999 0.00906335938507 0.00987267659704 
0.00870042075196 0.0353790675798 0.00103652330706 0.0183418665108 0.0339950201507 -0.021059987047 -0.00303389048622 0.156923283962 0.0469029534001 0.0372629031387 0.00915988334535 -0.00691357301287 -0.0199903155933 -0.0100915670427 0.0397009218879 0.0194994337622 0.0265259155298 0.00869162334395 -0.00913879528746 -0.00492453029496 -0.00992654641067 -0.014545686591 0.0356254809769 0.130649436658 -0.00154773955319 0.00437387463879 0.111740778987 -0.0145544432927 0.0610519885906 0.0167422978084 0.000342542816823 0.0169059418034 0.0789524587715 0.00201254149226 0.0176857748443 0.000858353840542 0.54726092491 -0.00974142682641 0.0137253314684 0.00369870948007 0.00368874783972 -0.00807806737863 0.0123619273686 0.127900077869 0.0223241507406 0.110573974722 0.0798383657105 0.0274999326278 -0.0113116520834 0.0157973052455 
0.0117832282569 0.00308703363627 0.00631412128537 -0.00163551722052 0.0040438816488 0.0229275077302 0.00632618511526 0.000669192349475 0.0175105611374 0.000127155589816 -0.00424568282132 0.00792887065847 0.0185626794229 0.0174406574647 0.00662976317101 0.0284983038235 0.0129295448838 0.000593699155083 0.0203397229092 0.0132595738998 0.0152235087799 0.0121533505407 0.00541501758006 0.0172788316661 0.019534497076 0.00628893605776 -0.0008417785579 0.0100143409136 0.00959438413808 0.00238432927346 0.0127801903056 0.0134329973638 0.0159959630776 0.00171173628759 0.00652246884604 0.0133393616556 -0.00974142682641 0.187923571925 0.0171344807632 0.00738371782344 0.00756006869702 0.0118062475194 0.000978596605752 -0.00351687892389 0.000790757915781 0.0146621545043 0.0171855288053 0.00974612799334 0.0021278204104 0.00657547251495 
0.00440907581752 0.0157471864807 0.0071146634224 0.0138466511054 0.00616510659304 0.0117396863552 0.0212714693488 0.0126820825463 0.0107248886899 0.0306478130786 0.00599529621018 0.0144879338772 0.0115551837987 0.00939878055651 0.0247550401072 0.0316783890723 0.0137765002556 0.0332550942393 0.016613595294 0.00854623278081 0.0247208815934 -0.0132447527481 0.0148793467526 0.0395174639526 0.00801467330959 0.010714268127 0.00542811185321 0.00890458412254 -0.00192825124203 -0.00802635513207 0.00294716816497 -0.00102704377848 0.0449320457972 0.0154298924389 -0.00711563295953 0.0108272361791 0.0137253314684 0.0171344807632 0.222722012983 0.0087786662353 0.0192875080675 0.00752163396436 0.0171559404997 0.017756315007 0.0129485460479 0.0464547440829 0.0166445071917 0.0658585818929 0.0179125707786 0.0119440929377 
0.00967414709637 0.00293218886132 0.00211514651054 0.00847055250204 0.0137582035188 0.0256896454128 0.0039323246145 0.01807618559 -0.00629649697907 0.0149180503804 -0.00235249395889 0.00429267740574 -0.00632786615815 0.0106983651909 0.0147223239173 0.0325022629836 0.00944931797075 0.0106832264184 0.0172226817641 0.00490411910499 0.0113812914008 0.00286640812799 -0.0090435103079 -0.00571384655548 1.06028177281e-05 0.00988262330241 0.0095178095418 0.0136731149816 0.00951660701192 -0.00646776049981 0.0210098864847 0.0260132050413 0.000872725848226 0.00276307630426 -0.00219839525563 0.00879117960656 0.00369870948007 0.00738371782344 0.0087786662353 0.211281530105 0.0129267533102 0.0323881091063 0.0118266530687 0.00819432369589 0.0129259888573 0.00912852989208 0.0163276151058 0.0249247587071 0.0187837487231 0.0112084180333 
0.00547013165121 0.0315427213432 0.0053838587308 0.00157548681583 0.0280793872261 0.0341874016452 0.0204932135045 0.000705766497528 0.0709784316328 0.0221704254021 0.00513012036456 0.0241628748006 0.016394711667 0.0531241223921 0.00583146965448 0.0311213641516 0.0175642953454 0.0131747350379 0.0192492594328 0.000245799971608 0.01552738125 0.00785144310911 0.0354095050748 0.00857500586637 0.00721482280204 0.0266843123842 0.0181075083048 0.0460551868223 0.0281390721943 0.013272926164 0.0117882545138 0.020289907552 0.0263062233467 -0.00327520285752 0.0283842397468 0.018407928628 0.00368874783972 0.00756006869703 0.0192875080675 0.0129267533102 0.313689751076 -0.000306558681998 0.00803632096028 0.00934315508201 0.016064104756 0.00250748885753 0.0605167641754 0.0575558957329 0.00981312786325 0.0224617826292 
0.00338775070454 0.032828587247 -0.00050755945181 0.0148058958426 0.138522975686 0.00949233315863 0.0111921232064 0.00381656099776 -0.0161864007251 -0.00443405531212 0.0154807373925 0.00716596916061 0.0328645451053 0.0144053808487 0.0257716332294 0.0032245596049 0.0130411368371 -0.0120310884857 0.0166890206335 0.0138130541321 0.0216924506624 -0.0196454204028 0.0171494551349 0.000126251602452 0.0111553319562 0.0118626603382 -0.00807075231231 0.0197360402183 -0.000543258346794 0.00286913555519 0.0171257664001 0.0166327795975 0.0117864658062 0.00625232278567 -0.00752590688097 -0.0011076461554 -0.00807806737863 0.0118062475194 0.00752163396436 0.0323881091063 -0.000306558682 0.256562153176 0.0194527779095 0.00241972311565 0.0074719514699 0.00313539453034 0.0237096073392 0.0326558638297 0.0135947363782 0.0121269625019 
0.0106990387418 0.0260730909234 0.0224651841706 0.0041876670923 0.023504284222 0.00928233837005 0.00355152134594 -0.00523027360082 0.0220218515076 0.0176346936585 0.00460212862658 0.00264421128746 0.0109485290649 0.0040113959956 0.0139472925659 0.0215709009448 0.022066371922 0.0152863661757 0.0107780306198 0.00627035908837 0.0167700222027 -0.0161795383265 0.0255202487859 0.00624998248476 0.010727514789 0.00486754979241 0.0152612333966 0.0123624302832 0.0279202546948 -0.00694883920561 0.00925179217108 0.00796643938239 0.0315370939842 0.000567657750334 0.00774388355354 0.0113548629355 0.0123619273686 0.000978596605751 0.0171559404997 0.0118266530687 0.00803632096028 0.0194527779095 0.24741224924 0.0165025904683 -0.0105582377487 0.0336131512271 0.029184961997 0.0405589857761 0.00973989671172 0.016069084457 
0.0193817117891 0.0368753341045 -0.0117671304088 0.00296334209906 0.00727243065352 0.0145797948789 0.0249047240968 -0.00722566678229 -0.0109440580288 0.0379747167515 -0.00538995359466 0.0302055731087 0.025417630649 0.012034835912 0.0264679956779 0.0276444622742 0.00997758348129 0.00948106502334 0.00562350478635 0.0177014193144 0.0109665923384 0.0367153452527 0.031276319474 0.000679672357644 0.0137924926325 0.015990415755 0.0252236902095 0.0260394752434 0.0322835597966 0.0135696087212 0.01914123725 0.0300236555934 0.0238354084252 0.0277662304745 0.0199857665855 0.0120319768951 0.127900077869 -0.00351687892389 0.017756315007 0.00819432369589 0.00934315508201 0.00241972311565 0.0165025904683 0.555379175165 0.0309963821159 0.0167619523468 0.0570466212785 0.0325936798975 0.0156576807999 0.0171611075027 
0.010370818126 0.0213288771335 0.00564638590083 0.00988880612425 0.0280442606094 0.0103967763921 0.0256032003978 0.0150783578103 0.014489914619 0.0351472403273 -0.00105477463528 0.0105347115447 0.04759177635 0.0241401551191 0.00811361452516 0.0234681478208 0.0187633174368 0.0165908626282 0.0198353002615 0.0264572854253 0.00232224199315 -0.00602359259635 0.0488156555761 0.00911664919753 0.00629651888553 0.00589642813684 0.0384679303879 0.039380455446 0.00191794023199 0.00492647336103 0.0256943197634 0.0327001109962 0.0510316573389 0.0156013303919 0.00947571198198 0.0140934825736 0.0223241507406 0.00079075791578 0.0129485460479 0.0129259888573 0.016064104756 0.0074719514699 -0.0105582377487 0.0309963821159 0.330235929162 0.0291838755211 0.0412009010351 0.0342706625791 -0.00662549352167 0.0124851552269 
0.016750993665 0.0875185765853 -0.00999974718773 0.0204891516547 0.0561262801611 0.0236123415388 0.0176027732923 0.0951905404757 0.0455585861352 0.0615731226571 0.0370236587004 0.0167043923664 0.0358070824678 0.0259667240815 0.0513313189616 0.0400009162067 0.049869555705 0.061178593775 0.0233592067272 0.0543030054771 0.0304895531322 -0.0166948445745 0.00380795543221 0.106948800244 0.0236193788038 0.00322835224175 0.0643449546721 0.0071869447452 0.0252043967951 -0.000570957777725 0.0213226513945 0.0363669397861 0.190383729371 0.00480715695623 0.0106784000521 0.0152766048668 0.110573974722 0.0146621545043 0.0464547440829 0.00912852989208 0.00250748885753 0.00313539453034 0.0336131512271 0.0167619523468 0.0291838755211 0.613932389978 0.0603086631413 0.131644282013 0.000896172719043 0.00978832720766 
0.0194946649722 0.0388353403443 0.0195719697601 -8.24208458493e-05 0.0416261899871 0.0522532407903 0.0316581626424 0.0643520247076 0.054934754239 0.0442564467153 -0.00999681961689 0.0462859644675 0.0341033921324 0.0349345583789 0.0446502764526 0.0894777737227 0.0400831050923 0.0546369500395 0.0461629911437 0.0375582079223 0.0171352198477 0.00679647076325 0.018198663462 0.034172791873 0.00849747804989 0.0363309659411 0.0607197547846 0.0342823147417 0.0453668490553 0.0248138604964 0.0343893221546 0.0516523802266 0.0797650236102 0.0160813509382 0.00987305801224 0.0354487481761 0.0798383657105 0.0171855288053 0.0166445071917 0.0163276151058 0.0605167641754 0.0237096073392 0.029184961997 0.0570466212785 0.0412009010351 0.0603086631413 0.476145434091 0.0618044821058 0.0267180634172 0.0332126900124 
