40
0.0794924924591 0.163811268696 0.0146510565804 0.142835786571 0.0223320424584 0.0262343191133 0.0449680709256 0.126302472887 0.147407151382 0.199130076205 0.0572050688987 0.0610020106181 0.0442487549982 0.0766147585819 0.127416862275 0.0755152896869 0.0459594094694 0.0482651065397 0.0124927962784 0.10135047428 0.0559384191954 0.0206012582373 0.0244433913508 0.0404531955786 0.0631330997176 0.0501755430095 0.0604038345904 0.0597094198611 0.0651633165571 0.0522861094618 0.0218855159469 0.0206637964956 0.0324915821016 0.0399774891594 0.0280903462606 0.0436219100546 0.039859092222 0.0333203023267 0.0425593974561 0.0715007016099 
0.331904290253 -0.0142118030958 0.0256204808933 0.0340877697163 0.00524799835452 0.0182276366753 0.018082089399 0.00923985872961 0.021224175878 0.0289533492086 0.0238355218753 0.0167522319695 0.00350270009422 0.0637123560239 0.0263040059153 -0.00492386789358 0.0428167159968 0.053686925955 0.0175604746477 0.0647432330876 0.0188483466795 0.0205735932581 0.0129065965704 0.0183748599675 0.0232637954447 0.0145205096175 0.03741480668 0.0142526541676 0.00735659890746 0.0320626834902 0.004380116521 0.0136188183702 0.0507191522195 0.014505300074 0.00794609285196 0.0240675926346 0.0337369866201 0.0145914213605 0.0452638253496 0.01115244217 
-0.0142118030958 1.37131434107 0.00622385804384 0.00547347345889 0.000691609403042 0.0113066596572 0.00702444084095 0.00635573870465 -0.00126341652483 -0.00159813633227 0.00981779820914 0.00148128337802 0.0015385310589 -0.0155553126382 -0.00629685905553 0.0206431506938 0.0224191554442 -0.00604051694737 3.05264056464e-05 -0.0124749849075 0.0050611804128 0.014086555389 0.00591274362838 0.00210437969092 0.00749508000537 0.00107654126529 0.00317058806069 -0.0175612768887 -0.00421773727734 -0.0126572856606 -0.00672848786737 0.00674956658994 -0.00444762445532 -0.00145751226167 0.0169788463399 0.0112783728309 0.000369155197192 -0.00416128674574 -0.0168466668792 0.00136408270028 
0.0256204808933 0.00622385804384 0.149179370482 0.000210933192836 0.00241791106767 0.0202377704134 0.0131024643732 0.0166170905972 -0.00760990280951 0.00908153507588 0.017678315771 0.0131266496815 0.00326657698748 0.027186166286 -0.00358610178439 0.00917444704616 0.018327755343 0.0100674472945 0.0182985941997 0.0164582379716 0.0243526032809 0.0196408631202 0.0140592085029 0.00405763237383 0.0221609181442 0.0221037383466 0.00378938288015 -0.00222233109857 0.00856017348045 0.0110813283804 0.00925503210315 0.025871576939 0.0107101386704 0.0011516484102 0.0192246711791 0.0219486387217 0.015504024717 0.0247675221923 0.0108257858556 0.00954826012132 
0.0340877697163 0.00547347345889 0.000210933192836 1.25064335125 0.00544705940336 0.011792828129 0.00295760048269 -0.00490451136244 0.00422398402149 0.0466477522205 0.00323428190198 0.0584626578312 0.00755853413973 0.000670642943095 -0.000738181860626 0.00162332802574 0.00105613609787 0.012794873866 0.0634785883685 -0.00609429155439 0.00980482753729 0.00311669240098 0.00244112781834 -0.00790863856107 0.0116180737162 -0.00345219747924 0.0106482735516 0.00468738114905 0.0235471918487 0.00706007040371 0.00652140161851 0.0249828278344 0.0205597182916 0.00634626463779 0.000974642971392 0.00709622895018 -0.0123476239787 0.00978885131178 0.0355759749754 0.00501514491052 
0.00524799835452 0.000691609403042 0.00241791106767 0.00544705940336 0.206363924115 0.00378782054464 -0.00268080918816 0.0170146351189 0.00955651246789 0.030985750727 0.0168608801603 0.000472913248932 0.00359984135749 0.0140165288272 -0.00418131207487 0.0211351814986 0.00112813449382 -0.00228140297924 0.00183038445857 0.00047546176154 0.017274277054 -0.00114447820661 0.0053157217993 0.0124213211674 0.00386957755091 -0.00211422852464 -0.00123664955756 0.00133072447778 0.0106181777317 -0.00149899353245 0.00964686183353 0.00401360106442 -0.0160407799312 -0.00315850878702 0.00879595527618 0.00682872801043 -0.00258378443545 0.0105475491244 0.02002798287 0.0122525526151 
0.0182276366753 0.0113066596572 0.0202377704134 0.011792828129 0.00378782054464 0.183474274413 0.0174614440702 0.00971479323798 0.00679225538048 0.0102870075308 0.0108594220272 0.0152498173242 0.0178312575459 0.0169998733856 0.00130657344714 0.00860262766444 0.0331178013997 0.0223196924301 0.0141881546567 0.0364953629589 0.0159744006788 0.0237818227733 0.0198786144391 0.0145553309171 0.0132095505775 0.00920265635046 0.00944559625783 0.0223698907024 0.0135770149582 0.0166886245078 0.0106624409443 0.0216759885722 0.0109518129143 0.00683871385751 0.0541013929652 0.0577180987613 0.0126320637909 0.0156787474664 0.0160201667502 0.00814374048765 
0.018082089399 0.00702444084095 0.0131024643732 0.00295760048269 -0.00268080918816 0.0174614440702 0.195216370384 0.0145364989437 0.00289183404549 0.013349799209 0.0215361166486 0.0164016683015 0.00672736539882 0.00786332819914 0.0229051289357 -0.00336136656515 0.0114975821125 0.025018189925 0.0176836891823 0.0205333872717 0.0110093229139 0.011004909247 0.00401441210807 0.00867474682699 0.0189583921404 0.026170571108 0.025208556777 -3.44725906893e-05 0.019685144184 0.0173691994298 0.0115812870277 0.0158118124334 0.015916176625 0.0175425920542 0.0244831635098 0.031416222829 0.0211178152552 0.0121245893994 0.0270566414909 -0.000846361667637 
0.00923985872961 0.00635573870465 0.0166170905972 -0.00490451136244 0.0170146351189 0.00971479323798 0.0145364989437 0.502263115897 0.11520605579 0.120010489247 0.020118429807 0.0243361116549 -0.00179552193446 0.00581840667382 0.0916331525072 0.00303443017997 0.00934727833519 0.00555154563096 0.00814825951171 0.00916230568087 0.014753099103 0.0161918669154 0.0149294272545 0.0343201065674 0.0339417405698 0.0113612995848 0.0308005296427 0.00108968959502 0.0310562710767 0.0233522989213 0.0136728402532 0.0176331141116 0.0118667566567 -0.0105677151261 0.00626558226992 0.0104036126069 0.0133761687176 0.0101008670287 0.00170459202724 0.0323422511049 
0.021224175878 -0.00126341652483 -0.00760990280951 0.00422398402149 0.00955651246789 0.00679225538048 0.00289183404549 0.11520605579 0.538764439739 0.0685053963888 0.0325765432988 0.0444764194176 0.000722498054783 0.0317623370349 0.145689854496 0.0313389817297 -0.00117909298739 0.00116182926491 0.0221070367906 0.0540394675487 0.000138156602148 0.01803116003 0.00326055289716 0.0502147309201 -0.00701847703978 0.0133314351137 0.0150558795726 0.0079490327686 0.056541416034 0.0350594981776 0.011906151438 0.00242478858157 0.00421003955159 0.00882831478898 -0.0090054538468 0.0192310787443 0.0306708140271 0.00875514500435 0.0307070510718 0.000132323332272 
0.0289533492086 -0.00159813633227 0.00908153507588 0.0466477522205 0.030985750727 0.0102870075308 0.013349799209 0.120010489247 0.0685053963888 0.608681270239 0.0316905257577 0.00611585897996 0.00511517479035 0.0361377119778 0.0900213758923 0.0869704244745 0.0254085532171 0.0114891836961 0.0151670105989 0.0675635790007 0.0316177331947 0.0323596916987 0.00602902896286 0.0352314797595 0.0362902812243 0.0405128599186 0.0419922551733 0.00784432074502 0.0347749352985 0.0412367796376 0.00827943358251 0.0117816964862 0.0150801832575 -0.00672335468864 0.00965779149391 0.0274780301147 0.0236303798058 0.0271526695951 0.0130779149686 0.0107536283387 
0.0238355218753 0.00981779820914 0.017678315771 0.00323428190198 0.0168608801603 0.0108594220272 0.0215361166486 0.020118429807 0.0325765432988 0.0316905257577 0.25578391451 0.0244473331192 0.0295646484623 0.0269439898905 0.0319085519453 0.00410074715465 0.0285012324926 0.0308216399644 0.0198152735407 0.0292975374152 0.0227467180385 0.017786735198 0.00184565418269 0.0287410544425 0.0355537404554 0.0139644061409 0.0483091507731 0.00619102977859 0.00852621505139 0.0358376953117 0.00983326449584 0.0144547519338 0.00504046092475 0.00450974263864 0.00138269158226 0.0215788894423 0.016756228695 0.0128719426565 0.036802691029 0.0104904894305 
0.0167522319695 0.00148128337802 0.0131266496815 0.0584626578312 0.000472913248932 0.0152498173242 0.0164016683015 0.0243361116549 0.0444764194176 0.00611585897996 0.0244473331192 0.416334895419 0.0021522782617 0.0585801799376 0.0448846332748 0.010957985546 0.018623105964 0.0168815955377 0.0129208642724 0.0383691847206 0.0103157893632 0.00958144250169 0.0141867735596 0.00681559980532 0.0390965793254 0.0243138234133 0.000229109047556 0.0292929952127 -0.000827895179107 0.00173298305569 0.0130556639656 0.0167549397979 0.0148242722757 0.00427731076525 0.0176802928153 0.01505574248 0.0138166524042 -0.00151268754806 -0.00254260956327 0.00161036821773 
0.00350270009422 0.0015385310589 0.00326657698748 0.00755853413973 0.00359984135749 0.0178312575459 0.00672736539882 -0.00179552193446 0.000722498054783 0.00511517479035 0.0295646484623 0.0021522782617 0.275539845938 0.0285891036554 -0.000478675982735 0.00520248951872 0.0218732983745 0.0201221571058 0.00637132588408 0.0253342627838 0.00781682074429 0.0136684508454 0.0102996621262 0.0164214804041 0.0184328657653 0.0117319509809 0.043665347861 -0.00173137403627 0.023400495089 0.0192557086727 0.00538855133137 0.0258332124065 0.0213143473144 0.00673673075001 0.00401421848218 0.0148136919565 0.0289476297022 0.00447317458131 0.0278914180201 0.0178264561887 
0.0637123560239 -0.0155553126382 0.027186166286 0.000670642943095 0.0140165288272 0.0169998733856 0.00786332819914 0.00581840667382 0.0317623370349 0.0361377119778 0.0269439898905 0.0585801799376 0.0285891036554 0.479508206266 0.0317252170003 0.0155687756837 0.018819954736 0.0556210635677 0.0126178633971 0.0588168759229 0.0283803858304 0.0235679805562 0.0221007013667 0.0223581106457 0.0588081545336 0.0169705297822 0.0450033783187 0.0290326981595 0.00275546750417 0.0169084891851 0.00223121975513 0.0167086599982 0.0172441486307 -0.00474308167313 0.0234385160928 0.0200104399151 0.049548892641 0.0126313680129 -0.00510638288279 0.00684725467619 
0.0263040059153 -0.00629685905553 -0.00358610178439 -0.000738181860626 -0.00418131207487 0.00130657344714 0.0229051289357 0.0916331525072 0.145689854496 0.0900213758923 0.0319085519453 0.0448846332748 -0.000478675982735 0.0317252170003 0.454773291371 0.015666578834 0.0210223686843 0.020268237482 0.00739347360634 0.0245244773331 -0.00651673014847 0.0360799778853 -0.00563769549209 0.0285993611569 0.0356012073556 0.0198247376806 0.0324284003323 0.00424240546055 0.0420596103214 0.0105424057309 0.00099907597683 0.0145675059146 0.0169935187774 -0.00217529093446 -0.0133752535294 0.0130534200621 0.0457497604018 0.00570029139314 0.02178670773 0.0114578495259 
-0.00492386789358 0.0206431506938 0.00917444704616 0.00162332802574 0.0211351814986 0.00860262766444 -0.00336136656515 0.00303443017997 0.0313389817297 0.0869704244745 0.00410074715465 0.010957985546 0.00520248951872 0.0155687756837 0.015666578834 0.790683342052 0.0232491922919 0.00415117915004 0.00327124675174 -0.00696879587115 0.0046190411138 0.00603398929275 -0.000995630378938 0.0770637335441 -0.00112421411884 0.018196040501 -0.00276662905612 -0.00608476455588 0.016808959697 0.0048163182197 0.0147929849964 0.00906926394345 0.0188972064109 -0.00205270846368 0.0173410076192 0.0124325798539 0.0270051740475 0.0474548378773 0.0260440089338 0.0245877040093 
0.0428167159968 0.0224191554442 0.018327755343 0.00105613609787 0.00112813449382 0.0331178013997 0.0114975821125 0.00934727833519 -0.00117909298739 0.0254085532171 0.0285012324926 0.018623105964 0.0218732983745 0.018819954736 0.0210223686843 0.0232491922919 0.345273854998 0.0281504457461 0.0100762855615 0.034493030128 0.0211226266032 0.0225042673445 0.0269320289349 0.0174722357041 0.0456517596685 0.0159544839399 0.0237934268872 0.0148477412378 0.01417175374 0.0234762798675 0.00430701100581 0.0312610567759 0.0641900574021 0.0185368015919 0.0304053685424 0.021615469903 0.0221761299601 0.0162855468879 0.0443576915447 0.0125772988104 
0.053686925955 -0.00604051694737 0.0100674472945 0.012794873866 -0.00228140297924 0.0223196924301 0.025018189925 0.00555154563096 0.00116182926491 0.0114891836961 0.0308216399644 0.0168815955377 0.0201221571058 0.0556210635677 0.020268237482 0.00415117915004 0.0281504457461 0.298152294788 0.00714451279925 0.0355023288731 0.0279855658874 0.0279402973623 0.00533028859737 0.0421962121311 3.26623359466e-06 0.0196082293983 0.0259428999597 0.00644190840166 0.00391692120091 0.0215938399655 0.0255228427806 0.0232457010223 0.0348933523167 -0.00522901603454 0.0028461454808 0.0169383162647 0.021737468634 0.0177664941302 0.0407595417137 -0.00437839813381 
0.0175604746477 3.05264056463e-05 0.0182985941997 0.0634785883685 0.00183038445857 0.0141881546567 0.0176836891823 0.00814825951171 0.0221070367906 0.0151670105989 0.0198152735407 0.0129208642724 0.00637132588408 0.0126178633971 0.00739347360634 0.00327124675174 0.0100762855615 0.00714451279925 0.175767309608 0.0400581429487 0.0143397731312 0.0253143664552 0.0124089709908 0.012517223057 0.00481987525422 0.0200872568817 0.0185036712987 0.0235511685885 0.0137276357304 0.0212909050171 0.00799217452105 0.0118729152062 0.0149010978208 0.00970907981365 0.0200452894997 0.00940917894972 0.0180423833468 0.02456070039 0.0226237062222 0.0111644332381 
0.0647432330876 -0.0124749849075 0.0164582379716 -0.00609429155439 0.00047546176154 0.0364953629589 0.0205333872717 0.00916230568087 0.0540394675487 0.0675635790007 0.0292975374152 0.0383691847206 0.0253342627838 0.0588168759229 0.0245244773331 -0.00696879587115 0.034493030128 0.0355023288731 0.0400581429487 0.569522529701 0.035737901248 0.0230869749821 0.00233805159977 0.0174581517017 0.0536601509944 0.0136586884735 0.0663169924955 0.027849302332 0.0238380679937 0.0460054237461 0.0140555129225 0.0233772504238 0.00992750068906 -0.00819602037156 0.0476688135939 0.0374951852505 0.0149777740739 0.0105577948644 0.0612571484114 0.01682302679 
0.0188483466795 0.0050611804128 0.0243526032809 0.00980482753729 0.017274277054 0.0159744006788 0.0110093229139 0.014753099103 0.000138156602148 0.0316177331947 0.0227467180385 0.0103157893632 0.00781682074429 0.0283803858304 -0.00651673014847 0.0046190411138 0.0211226266032 0.0279855658874 0.0143397731312 0.035737901248 0.232183275246 -0.000558884167726 0.0101928165613 0.0205384445287 0.0181649805222 0.0393381643924 0.0311965105098 0.00428468259843 0.0112535840325 0.0230140019184 0.00831452964098 0.00767752056736 0.0150518658711 -0.0107420554135 0.00765369983601 0.0242683612715 0.00461551666732 0.0304842213528 0.0183889051971 0.0298308240084 
0.0205735932581 0.014086555389 0.0196408631202 0.00311669240098 -0.00114447820661 0.0237818227733 0.011004909247 0.0161918669154 0.01803116003 0.0323596916987 0.017786735198 0.00958144250169 0.0136684508454 0.0235679805562 0.0360799778853 0.00603398929275 0.0225042673445 0.0279402973623 0.0253143664552 0.0230869749821 -0.000558884167726 0.187382698633 0.00470757326292 0.0162915748244 0.0246734446353 0.0248221324723 0.0240881235399 0.0204833778751 0.006020250079 0.0248694697461 0.00651659558738 0.0198147100567 0.0133338326301 -0.00054882219827 0.0150203918307 0.0201835802116 0.0238996958439 0.01119244147 0.0161312213778 -0.0130232868705 
0.0129065965704 0.00591274362838 0.0140592085029 0.00244112781834 0.0053157217993 0.0198786144391 0.00401441210807 0.0149294272545 0.00326055289716 0.00602902896286 0.00184565418269 0.0141867735596 0.0102996621262 0.0221007013667 -0.00563769549209 -0.000995630378938 0.0269320289349 0.00533028859737 0.0124089709908 0.00233805159977 0.0101928165613 0.00470757326292 0.184463175996 0.0404604047242 0.0328775036661 0.0162249977825 0.00274070138682 0.00763128463464 0.00798776358557 0.00274741919343 0.00291293516043 0.0228748165229 -0.00384599567635 0.00363382418899 0.0148414600213 0.0237055816792 -0.00132588883607 0.0168426084314 -0.00588231665936 0.0200548268664 
0.0183748599675 0.00210437969092 0.00405763237383 -0.00790863856107 0.0124213211674 0.0145553309171 0.00867474682699 0.0343201065674 0.0502147309201 0.0352314797595 0.0287410544425 0.00681559980532 0.0164214804041 0.0223581106457 0.0285993611569 0.0770637335441 0.0174722357041 0.0421962121311 0.012517223057 0.0174581517017 0.0205384445287 0.0162915748244 0.0404604047242 0.338971962832 0.0445292147646 0.00224657270584 0.0367773096926 0.034521196837 0.00523637434998 0.030283474903 0.0185326822224 0.00772843856099 0.00188521886955 -0.014599448968 0.0211076069004 0.0418037574678 0.0287618312605 0.0267698214998 0.0115243090878 0.000843611474734 
0.0232637954447 0.00749508000537 0.0221609181442 0.0116180737162 0.00386957755091 0.0132095505775 0.0189583921404 0.0339417405698 -0.00701847703978 0.0362902812243 0.0355537404554 0.0390965793254 0.0184328657653 0.0588081545336 0.0356012073556 -0.00112421411884 0.0456517596685 3.26623359463e-06 0.00481987525422 0.0536601509944 0.0181649805222 0.0246734446353 0.0328775036661 0.0445292147646 0.463521462505 0.0109787357958 0.0267663173926 0.0161578959593 0.00164954412239 0.0316155068999 -0.00699216070766 0.0202819372515 0.0239272631467 0.00605399315507 0.0315566546526 0.0156937958113 0.0451290070565 0.00723482079722 0.0222758669221 0.0239335613526 
0.0145205096175 0.00107654126529 0.0221037383466 -0.00345219747924 -0.00211422852464 0.00920265635046 0.026170571108 0.0113612995848 0.0133314351137 0.0405128599186 0.0139644061409 0.0243138234133 0.0117319509809 0.0169705297822 0.0198247376806 0.018196040501 0.0159544839399 0.0196082293983 0.0200872568817 0.0136586884735 0.0393381643924 0.0248221324723 0.0162249977825 0.00224657270584 0.0109787357958 0.320634793804 0.0190836319712 0.0154269416361 0.0224546870654 0.0192019458781 0.00813391406443 0.0106278984474 0.029213832241 0.00548401362677 0.010989484582 0.0215672132036 -0.00126912983571 0.0122735582817 0.0234666761868 0.0322561546185 
0.03741480668 0.00317058806069 0.00378938288015 0.0106482735516 -0.00123664955756 0.00944559625783 0.025208556777 0.0308005296427 0.0150558795726 0.0419922551733 0.0483091507731 0.000229109047556 0.043665347861 0.0450033783187 0.0324284003323 -0.00276662905612 0.0237934268872 0.0259428999597 0.0185036712987 0.0663169924955 0.0311965105098 0.0240881235399 0.00274070138682 0.0367773096926 0.0267663173926 0.0190836319712 0.274844009588 0.0114015895137 0.00748553743722 0.042498381628 -0.0014864456049 0.00880908969578 0.00840461026845 -0.00500487426657 0.0124885210839 0.0211489822262 0.0229200368619 0.0147300480979 0.0362796933023 0.0253970305706 
0.0142526541676 -0.0175612768887 -0.00222233109857 0.00468738114905 0.00133072447778 0.0223698907024 -3.44725906893e-05 0.00108968959502 0.0079490327686 0.00784432074502 0.00619102977859 0.0292929952127 -0.00173137403627 0.0290326981595 0.00424240546055 -0.00608476455588 0.0148477412378 0.00644190840166 0.0235511685885 0.027849302332 0.00428468259843 0.0204833778751 0.00763128463464 0.034521196837 0.0161578959593 0.0154269416361 0.0114015895137 0.404474578595 0.0342327683504 0.0295558895766 -0.00474044261396 0.0078899057756 0.014624692363 0.00181869939515 0.0204667224418 0.0131672873892 0.00836557434288 0.0183057163038 0.0135285258334 -0.00647123454779 
0.00735659890746 -0.00421773727734 0.00856017348045 0.0235471918487 0.0106181777317 0.0135770149582 0.019685144184 0.0310562710767 0.056541416034 0.0347749352985 0.00852621505139 -0.000827895179107 0.023400495089 0.00275546750417 0.0420596103214 0.016808959697 0.01417175374 0.00391692120091 0.0137276357304 0.0238380679937 0.0112535840325 0.006020250079 0.00798776358557 0.00523637434998 0.00164954412239 0.0224546870654 0.00748553743722 0.0342327683504 0.252319179183 0.0295419452596 0.0117439883367 0.0121078782434 0.0145574216433 0.0254292955223 0.0209741234009 0.0186416637099 0.0120011514235 0.0156594796694 0.0372144825326 0.0096223101893 
0.0320626834902 -0.0126572856606 0.0110813283804 0.00706007040371 -0.00149899353245 0.0166886245078 0.0173691994298 0.0233522989213 0.0350594981776 0.0412367796376 0.0358376953117 0.00173298305569 0.0192557086727 0.0169084891851 0.0105424057309 0.0048163182197 0.0234762798675 0.0215938399655 0.0212909050171 0.0460054237461 0.0230140019184 0.0248694697461 0.00274741919343 0.030283474903 0.0316155068999 0.0192019458781 0.042498381628 0.0295558895766 0.0295419452596 0.317729072919 0.0114918082736 0.0163901568692 0.0166498238898 -0.00646229679856 0.0155240763741 0.0389128132941 0.0224082448186 0.0131502184154 0.047919624882 0.00910715858004 
0.004380116521 -0.00672848786737 0.00925503210315 0.00652140161851 0.00964686183353 0.0106624409443 0.0115812870277 0.0136728402532 0.011906151438 0.00827943358251 0.00983326449584 0.0130556639656 0.00538855133137 0.00223121975513 0.00099907597683 0.0147929849964 0.00430701100581 0.0255228427806 0.00799217452105 0.0140555129225 0.00831452964098 0.00651659558738 0.00291293516043 0.0185326822224 -0.00699216070766 0.00813391406443 -0.0014864456049 -0.00474044261396 0.0117439883367 0.0114918082736 0.162976674726 0.0129090399007 0.00319883208588 -0.000623893312703 0.0057184460545 0.000648640842408 -0.00917045607183 0.00289755505265 0.0141490360805 0.00414244622836 
0.0136188183702 0.00674956658994 0.025871576939 0.0249828278344 0.00401360106442 0.0216759885722 0.0158118124334 0.0176331141116 0.00242478858157 0.0117816964862 0.0144547519338 0.0167549397979 0.0258332124065 0.0167086599982 0.0145675059146 0.00906926394345 0.0312610567759 0.0232457010223 0.0118729152062 0.0233772504238 0.00767752056736 0.0198147100567 0.0228748165229 0.00772843856099 0.0202819372515 0.0106278984474 0.00880908969578 0.0078899057756 0.0121078782434 0.0163901568692 0.0129090399007 0.15468579183 0.0179410929946 0.00876592796752 0.024375161678 0.0177152029026 0.0130938696916 0.0144680432131 0.0233515412691 0.0171244583055 
0.0507191522195 -0.00444762445532 0.0107101386704 0.0205597182916 -0.0160407799312 0.0109518129143 0.015916176625 0.0118667566567 0.00421003955159 0.0150801832575 0.00504046092475 0.0148242722757 0.0213143473144 0.0172441486307 0.0169935187774 0.0188972064109 0.0641900574021 0.0348933523167 0.0149010978208 0.00992750068906 0.0150518658711 0.0133338326301 -0.00384599567635 0.00188521886955 0.0239272631467 0.029213832241 0.00840461026845 0.014624692363 0.0145574216433 0.0166498238898 0.00319883208588 0.0179410929946 0.300735695914 -0.00524761342737 0.0093514197712 0.0111711205253 0.00508521834982 0.0238126193624 0.0360680061346 0.000372144160467 
0.014505300074 -0.00145751226167 0.0011516484102 0.00634626463779 -0.00315850878702 0.00683871385751 0.0175425920542 -0.0105677151261 0.00882831478898 -0.00672335468864 0.00450974263864 0.00427731076525 0.00673673075001 -0.00474308167313 -0.00217529093446 -0.00205270846368 0.0185368015919 -0.00522901603454 0.00970907981365 -0.00819602037156 -0.0107420554135 -0.00054882219827 0.00363382418899 -0.014599448968 0.00605399315507 0.00548401362677 -0.00500487426657 0.00181869939515 0.0254292955223 -0.00646229679856 -0.000623893312703 0.00876592796752 -0.00524761342737 0.448827519641 0.00813036760879 0.016355552764 -0.002153336421 0.00571041555483 0.00918096868089 -0.00513274065133 
0.00794609285196 0.0169788463399 0.0192246711791 0.000974642971392 0.00879595527618 0.0541013929652 0.0244831635098 0.00626558226992 -0.0090054538468 0.00965779149391 0.00138269158226 0.0176802928153 0.00401421848218 0.0234385160928 -0.0133752535294 0.0173410076192 0.0304053685424 0.0028461454808 0.0200452894997 0.0476688135939 0.00765369983601 0.0150203918307 0.0148414600213 0.0211076069004 0.0315566546526 0.010989484582 0.0124885210839 0.0204667224418 0.0209741234009 0.0155240763741 0.0057184460545 0.024375161678 0.0093514197712 0.00813036760879 0.247191919019 0.0743950438342 0.0215216382943 0.0184926301008 0.0395420552289 0.0152569367187 
0.0240675926346 0.0112783728309 0.0219486387217 0.00709622895018 0.00682872801043 0.0577180987613 0.031416222829 0.0104036126069 0.0192310787443 0.0274780301147 0.0215788894423 0.01505574248 0.0148136919565 0.0200104399151 0.0130534200621 0.0124325798539 0.021615469903 0.0169383162647 0.00940917894972 0.0374951852505 0.0242683612715 0.0201835802116 0.0237055816792 0.0418037574678 0.0156937958113 0.0215672132036 0.0211489822262 0.0131672873892 0.0186416637099 0.0389128132941 0.000648640842408 0.0177152029026 0.0111711205253 0.016355552764 0.0743950438342 0.311860865458 0.0426153198256 0.0184053687051 0.0103190466547 0.0280137701432 
0.0337369866201 0.000369155197192 0.015504024717 -0.0123476239787 -0.00258378443545 0.0126320637909 0.0211178152552 0.0133761687176 0.0306708140271 0.0236303798058 0.016756228695 0.0138166524042 0.0289476297022 0.049548892641 0.0457497604018 0.0270051740475 0.0221761299601 0.021737468634 0.0180423833468 0.0149777740739 0.00461551666732 0.0238996958439 -0.00132588883607 0.0287618312605 0.0451290070565 -0.00126912983571 0.0229200368619 0.00836557434288 0.0120011514235 0.0224082448186 -0.00917045607183 0.0130938696916 0.00508521834982 -0.002153336421 0.0215216382943 0.0426153198256 0.271944263686 0.00867278124214 0.0280341667759 0.00360611475127 
0.0145914213605 -0.00416128674574 0.0247675221923 0.00978885131178 0.0105475491244 0.0156787474664 0.0121245893994 0.0101008670287 0.00875514500435 0.0271526695951 0.0128719426565 -0.00151268754806 0.00447317458131 0.0126313680129 0.00570029139314 0.0474548378773 0.0162855468879 0.0177664941302 0.02456070039 0.0105577948644 0.0304842213528 0.01119244147 0.0168426084314 0.0267698214998 0.00723482079722 0.0122735582817 0.0147300480979 0.0183057163038 0.0156594796694 0.0131502184154 0.00289755505265 0.0144680432131 0.0238126193624 0.00571041555483 0.0184926301008 0.0184053687051 0.00867278124214 0.20421338248 -0.00475817309601 0.00582150097808 
0.0452638253496 -0.0168466668792 0.0108257858556 0.0355759749754 0.02002798287 0.0160201667502 0.0270566414909 0.00170459202724 0.0307070510718 0.0130779149686 0.036802691029 -0.00254260956327 0.0278914180201 -0.00510638288279 0.02178670773 0.0260440089338 0.0443576915447 0.0407595417137 0.0226237062222 0.0612571484114 0.0183889051971 0.0161312213778 -0.00588231665936 0.0115243090878 0.0222758669221 0.0234666761868 0.0362796933023 0.0135285258334 0.0372144825326 0.047919624882 0.0141490360805 0.0233515412691 0.0360680061346 0.00918096868089 0.0395420552289 0.0103190466547 0.0280341667759 -0.00475817309601 0.393333986041 -0.00265393091597 
0.01115244217 0.00136408270028 0.00954826012132 0.00501514491052 0.0122525526151 0.00814374048765 -0.000846361667637 0.0323422511049 0.000132323332271 0.0107536283387 0.0104904894305 0.00161036821773 0.0178264561887 0.00684725467619 0.0114578495259 0.0245877040093 0.0125772988104 -0.00437839813381 0.0111644332381 0.01682302679 0.0298308240084 -0.0130232868705 0.0200548268664 0.000843611474734 0.0239335613526 0.0322561546185 0.0253970305706 -0.00647123454779 0.0096223101893 0.00910715858004 0.00414244622836 0.0171244583055 0.000372144160467 -0.00513274065133 0.0152569367187 0.0280137701432 0.00360611475127 0.00582150097808 -0.00265393091597 0.590337123618 

['JCP', 'ESRX', 'GE', 'THC', 'CAG', 'MI', 'LMT', 'NEM', 'SUN', 'PD', 'CBE', 'CMVT', 'DIS', 'QCOM', 'RIG', 'SYK', 'MBI', 'MCD', 'GPC', 'LSI', 'TMO', 'DD', 'BUD', 'LPX', 'SLR', 'MHP', 'ROK', 'CPWR', 'AYE', 'ASD', 'GIS', 'AIG', 'AZO', 'HCA', 'FITB', 'NTRS', 'CIT', 'CAH', 'BC', 'FSH']