60
0.0341115490789 0.0436219100546 0.0590558874601 0.0246645675501 0.0715007016099 0.0629738483482 0.0514292405054 0.0592302274211 0.142835786571 0.0470472683343 0.0285158318856 0.0646745186267 0.022369934908 0.0451551332239 0.0466468708745 0.0414012394119 0.0268988212896 0.22311845274 0.265107550494 0.0612619406497 0.0690415105338 0.0435638119902 0.0223320424584 0.0184249616408 0.0682562642732 0.0613427887106 0.0538205376978 0.0852779749864 0.0725669815102 0.0161403943775 0.0610020106181 0.0313696733512 0.118814959333 0.045759308444 0.128413882411 0.114001255301 0.0388313797841 0.0434942638749 0.0442487549982 0.0645874353538 0.0113752176021 0.0254946283421 0.0695535734162 0.0788996306534 0.185879968849 0.0565521495323 0.0314738433907 0.0448147494519 0.0353360638732 0.0472748306646 0.251790956204 0.0206637964956 0.0125032911957 0.0449680709256 0.0831725949645 0.0254158643172 0.0754225878746 0.067654701563 0.0654803135324 0.0247746242904 
0.219394878181 0.023168596192 0.0102192867348 0.0121707851828 -0.00334073488206 0.00543174766713 0.0104325864873 0.0115945035921 0.0160733279806 0.00671398474015 0.00512579876467 0.0221214400898 0.00589994904001 0.00184232186262 0.0239723697699 -5.39576631259e-05 0.00189340860142 0.0161586078786 0.00647248573445 0.0123515677523 0.00746927909381 0.00775259945493 0.010117464284 0.000918036470398 0.00535462077289 0.00917361594716 0.0144543832195 0.0139876909586 0.011704494128 -0.00102198356515 0.0280265418767 -0.00444411220486 0.0171844440047 0.00889379107739 0.00866927747804 -0.000909270217172 0.00509241503588 0.0224477462744 0.0184750164014 0.0194826417141 0.045405679362 0.0195082043531 0.0144692499104 0.00619805425301 0.0110203846483 0.0281029274568 0.0105163274217 0.0129809201233 0.00864694656471 0.00312394597522 0.000819216148635 0.00719847087144 0.0082709672325 -0.00677301356188 -0.00368203930766 0.00763740488526 0.0080479633158 0.00403541146663 0.00437116239641 0.00878947671288 
0.023168596192 0.304041160493 0.0142274680228 0.04724444208 0.025062079127 0.00557955671999 0.0234049500029 0.0219651390784 0.00686343639535 0.0301183424513 0.0366155083419 0.00749740588687 0.0161867855636 0.00784677043019 0.0138490263101 0.0216751446697 0.0194707771789 0.023602441345 0.0249705994061 0.0136972170907 0.03285565996 0.0110218972439 0.00376113233612 0.0585651440568 0.018853332213 0.0125265315979 0.0423721036891 0.00724181174069 0.0356845878524 0.00741692054021 0.00701804271068 0.0228722212737 0.0274544420755 0.0121994163764 0.00741865498998 0.0058139799993 0.0142816973122 0.0464185847541 0.0120228810523 0.0314469537817 0.0115131261198 0.0112365177336 0.022562371751 0.0122159631338 0.0415942707283 0.0130618312215 0.0286115287718 0.0155370022332 0.0129529715901 0.0162567316297 0.00824876237942 0.0128834267377 0.008334669514 0.0291777463273 0.0205886610288 0.0216416468569 0.012943592907 0.0287020267574 0.0134956876919 0.0257115783639 
0.0102192867348 0.0142274680228 0.72175554262 0.0178591917992 0.00838167405003 0.00679516479493 0.00756151036008 -0.00415498128119 -0.0120193537032 0.0297057200938 0.00989991478494 0.0297581705739 0.0142331091843 0.0070314572291 -0.0010489742123 0.0109418601341 0.00697448724326 0.017465473964 -0.00959846151929 0.0114771408915 0.0282234225395 0.0178407856709 0.00887444666391 0.0235864607505 0.00428921377825 0.0168812857925 0.0215366499226 0.0155565598569 0.00797432349795 0.0269458832143 0.00176754239444 0.0147685364931 -0.0119625277755 0.0113180060079 0.00415530710088 -0.0058025305195 0.00721695734863 -0.00192348494208 0.0149007772666 0.0148135314133 -0.00014489941384 0.00926551641318 0.00710495790424 0.00366237752475 0.00577188511111 0.0106195929856 0.0188170003538 0.00347982672991 -0.00307265469371 0.00975750936966 0.0146314297994 0.0133698087941 0.0199246252068 0.0216803368136 0.0183440502542 0.0139937687944 0.0246479900168 0.0103442648736 0.0110646950997 -0.000572262885115 
0.0121707851828 0.04724444208 0.0178591917992 0.151887171226 0.00256191240937 -0.00570087163073 0.0239991534161 0.0223485256417 0.000469446863711 0.0201307413304 0.0138911132521 0.031042158606 0.00362056342708 0.00498331536471 0.00829511757596 0.0217574660042 0.01982790966 0.00828121430823 -0.00416452822022 0.00284531105838 -0.000982276378295 0.0177195045451 0.00152092666903 0.0614727336052 0.0116959829802 -0.00167321730163 0.0496199185049 0.02152397474 0.0318887535545 0.024367887616 0.0100556490503 0.0170097792311 0.00622451989471 0.0214746601263 0.0105505585377 0.0251488706918 0.00331078134145 0.0238763427732 0.0103329106715 0.0126170964071 0.0117361513907 0.0115826769378 0.00574817589556 0.00141084250484 0.00901100975733 0.0199179832723 0.0117962497435 0.00889114124735 -0.00208897556803 0.0117254498991 0.000789661294719 0.0228973707639 0.0219974892062 0.0260613402482 0.0286159386535 0.0138834242 0.0148156369412 0.0116471017292 0.0102900873096 0.0148974203665 
-0.00334073488205 0.025062079127 0.00838167405002 0.00256191240937 0.586661084748 0.00282892867239 0.00844960831053 0.0132315196132 0.00377909150177 0.017756126292 0.0202713736333 -0.00132417192928 0.0172413836068 0.0108161434713 0.0139098999475 0.00853882207469 0.00430311109983 -0.00551526098052 -0.00531879392332 -0.00146200738409 0.0209528664628 -0.00902837432888 0.0108055023323 0.0170874548971 0.0106127166549 0.0107244588974 0.00900141758529 0.00351644256193 0.0105470044759 0.0139466782579 0.00345057180095 0.0194358023959 0.00694134243031 0.00106055001139 0.00155878557155 -0.0166882893798 0.00856067001103 0.013169662665 0.0154629542292 0.0109349677216 0.00937110568054 0.0133419960934 0.00899239300491 -0.00572869704984 0.00828532318082 0.0134696611284 0.000541834614887 0.0294103106587 0.00873946881577 0.0113551901277 0.0637388073899 0.0151717311315 0.0211462197301 -0.000758267554119 -0.000342182865398 0.0164025297053 0.0203607028107 0.0153119684133 0.0163286350087 0.0106315279993 
0.00543174766713 0.00557955671999 0.00679516479493 -0.00570087163073 0.00282892867239 0.340639091444 0.0160747669798 0.00582610948223 -0.00407403804627 0.00616381394189 0.0391706887513 -0.000856846041505 0.00501585187669 -0.00192406700099 0.0287254284185 0.00477388293057 0.0117771108483 0.0179281062573 0.00591805090636 0.000336990882058 0.0167126033209 0.00991114791378 0.00268113936708 0.00569178465646 0.0217888722307 0.0100268986654 0.0163531096464 -0.00513901629113 0.0125290943898 -0.0111000639726 -0.00300546020706 -0.00149102479025 0.00574564132889 0.0734773777707 0.123517052828 0.0370852173194 0.0108451715628 0.0124179799714 -0.00238406628471 0.00320914294192 0.00251487429733 0.0186491293784 -0.00660229514656 0.0390084157307 0.0517138859932 0.00664177337144 -0.00660282724723 -0.0103689889403 -0.00339084611465 -0.00424684930821 0.0261946922357 -0.0102373147256 -0.033229909926 -0.0042588275816 0.0224882887125 0.0156725600371 0.000891087084563 0.0110157618765 0.00884705588376 0.0051720704056 
0.0104325864873 0.0234049500029 0.00756151036008 0.0239991534161 0.00844960831053 0.0160747669798 0.190232012282 0.0148490695035 -0.0014144114451 0.0160082868945 0.0256297363211 -0.00233030519293 0.0304168532893 0.00643303769264 0.00892278620922 0.0173288266687 0.0101842139426 0.0577413390572 0.00632956679492 0.0223369855009 0.0467774226 0.0174087050925 0.0115958052339 0.0308851743076 0.0271779058322 0.00688002001809 0.0170110549942 0.0143525655925 0.0753883207239 0.0057640443212 0.0164554160351 0.0232169424661 0.0257467269414 0.0165188841008 0.027600090061 -0.00244739418091 0.0165788793681 0.0218273300654 0.0172593081993 0.017764113038 0.0144838381949 0.0248995837997 0.0134970800607 0.00369903149164 0.0356842437357 0.0198409903373 0.0173170557076 0.0210568512243 0.0316563005553 0.00672268418916 0.0167421640992 0.0283092916806 0.0269907316029 0.0150386583371 0.032134744755 0.0110909274325 0.0292481234535 0.0284378875605 0.0116806652707 0.0133676600225 
0.0115945035921 0.0219651390784 -0.00415498128119 0.0223485256417 0.0132315196132 0.00582610948223 0.0148490695035 0.338902746499 -0.00160898982307 0.014395562588 -0.00106113983312 0.0101353233538 0.0209219399421 -0.00301461025071 0.0214839355846 0.00695614595848 0.0102524938977 0.0193293492654 -0.0236232230423 0.0131077468366 0.0178801874481 0.0205735910074 0.0129789487312 0.0238011754525 0.0089710042219 0.0217353197377 0.0228806442907 0.0122749921907 0.0110207487592 0.0137544717837 0.00466582234269 0.0108693514394 0.0483750427875 0.00952636719546 0.0148262263074 0.014208468692 0.0106469113253 0.0201516955444 0.00562276875374 0.00689347539039 0.0156393039555 0.00363744351585 0.0104417536962 0.00137003243146 0.0199739772845 0.0176278823129 -0.00486035358323 -0.00967442649064 0.0154749390315 0.010461747543 0.0372841819906 0.0167835663716 0.0110675769886 0.0214373775785 0.0211351275619 0.0144026386598 0.025227340825 0.0118877894849 0.00634847126387 0.00356814903064 
0.0160733279806 0.00686343639535 -0.0120193537032 0.000469446863712 0.00377909150177 -0.00407403804627 -0.0014144114451 -0.00160898982307 1.25057648964 -0.00540473696215 0.00459734632407 0.0140206315868 0.0256758745514 0.0367348389106 -0.0154327364952 -0.000775940311969 0.0064231035974 0.0278574047129 -0.00713529245552 0.00688918788216 0.0161533343896 -0.0045898565532 0.00646149073515 -0.00475692605983 0.00293321610454 0.0136199772547 0.00212057289711 0.00975055060721 0.00940705863258 -0.00436272676585 0.0565411795794 0.00982194069757 0.00572514986461 0.00130269957142 0.0259034751658 -0.0125144126164 -0.00917042129955 0.0161533399466 0.00749025176545 0.0187763839071 -0.000836142408682 -0.00533723156931 -0.000548439011051 -0.00776428306125 0.00925372168468 0.00585730106869 0.0164237166872 0.0240597127113 0.0522945716322 0.00681527914897 0.0259145874404 0.0262572747568 0.00890890958698 0.00441054949474 0.00223039147143 -0.00480268708273 -0.0167085781096 0.00845913223727 0.00438769096213 -0.00253877412205 
0.00671398474015 0.0301183424513 0.0297057200938 0.0201307413304 0.017756126292 0.00616381394189 0.0160082868945 0.014395562588 -0.00540473696215 0.191564609614 0.0101703080725 0.0196971074031 0.0133772250021 0.00943005809675 0.011482113889 0.0654787366868 0.0100180241715 0.0143903585921 -0.0104762414996 0.0152012961994 0.0182102855894 0.0169494078751 0.00642806265995 0.0196972384622 0.00411288034554 0.00476890228017 0.0350259097669 0.0244459605709 0.0205075483695 0.00573447587123 0.0164358203936 0.0136470510062 0.0171502580683 0.00729757330253 0.0278685513695 -0.012242322944 0.0149739086527 0.0146722451662 0.0176097014768 0.0137537989473 0.0149245197601 0.0133025816427 0.0419160672232 -0.000886223811794 0.020377157314 0.013241999622 0.0077449658386 0.0067354204683 0.00958863763557 0.00810429429829 0.0277280618109 0.0163685206306 0.0102911378853 0.0149552258038 0.0221831165584 0.0102378988957 0.0209532694461 0.0159989304412 0.0231920170046 0.0238590442567 
0.00512579876467 0.0366155083419 0.00989991478494 0.0138911132521 0.0202713736333 0.0391706887513 0.0256297363211 -0.00106113983312 0.00459734632407 0.0101703080725 0.181220132385 0.00871167096031 0.0014492362872 0.00200929062906 0.0510622005451 0.0137004674503 0.0068210408674 0.0339764091787 -0.0172217614766 -0.00017125391838 0.0182202613805 0.0169457127142 0.00439152922596 0.0161769941687 -0.00502863864037 0.0207282564503 0.0021250045916 0.0105584500674 0.0272524819175 0.00337968175615 -0.00190083995969 0.0107246200004 0.00689056288444 0.0467116853575 0.0409775327719 0.0103187695074 -0.00284440546882 0.0143875773579 0.00337571539194 0.00476173169603 0.0129344962451 0.0562924527645 -0.00302128085741 -0.00159176048442 0.0150224027197 0.00724560030025 0.0116571273624 0.00263447603223 0.00737997153004 0.000903301971186 -0.00235832539524 0.00215718593208 1.25910071625e-06 0.00872042447683 0.00864614821533 0.0127872223841 -0.00354738905163 0.0242417454608 0.000960194422281 0.0147190673557 
0.0221214400898 0.00749740588687 0.0297581705739 0.031042158606 -0.00132417192928 -0.000856846041503 -0.00233030519293 0.0101353233538 0.0140206315868 0.0196971074031 0.00871167096031 0.505882075354 0.00832125097147 0.00401648036974 0.0125547090028 0.0171755014518 -0.0309873988817 0.00583309976126 0.0167624375686 0.056900441367 0.000928581211199 0.0211878026433 0.00516257465321 0.0242694289816 0.00380397257165 -0.0013229849562 0.0400762732427 0.0379616235531 0.00644802094461 0.00896478630302 0.0434421778428 -0.00406558054754 0.0337773404518 0.020956246759 0.030011319889 -0.00842656408443 0.00833553606214 0.00878187095283 0.0162677519535 0.00249992547954 0.00518917570548 0.00983597104005 0.00641778906897 0.00589759324722 0.0498689643196 0.0136319175703 0.0337804177942 0.0179977271477 -0.00161293191561 -0.00386057906164 0.0333814543228 0.015817169834 0.014791260083 0.010379058764 0.0194951766115 -0.00382401779175 -0.00453750498189 -0.00077102546465 -0.00607881277665 0.00833845976202 
0.00589994904001 0.0161867855636 0.0142331091843 0.00362056342708 0.0172413836068 0.00501585187669 0.0304168532893 0.0209219399421 0.0256758745514 0.0133772250021 0.0014492362872 0.00832125097147 0.193506084189 0.00303831154748 0.0121661459601 0.00708464891497 0.00100649289753 0.0258209869125 0.00167001053481 0.017411715358 0.043542031641 0.00379931057565 0.00838691344056 0.0239624721724 0.0209666299149 0.0202217253593 0.0222553220544 0.0129812034774 0.0287551428251 0.00915000159467 -0.0105655789033 0.0145780181859 0.0208900235392 -0.00430709974698 0.01052093752 -0.00892497211586 0.0124973158251 0.0424309143532 0.0178467470852 0.020274850879 0.0225824562917 0.0098898787548 0.00191466034402 0.0100594743232 0.0444014400982 0.0136367720776 0.0138646367458 0.0234424595037 0.0237011717379 0.00135447400946 0.0426793050454 0.0109632761126 0.00503864988208 0.0126498295888 0.0185678115807 0.0171390761161 -0.000856022373992 0.00268955424124 0.0147479599583 0.0132372246445 
0.00184232186261 0.0078467704302 0.0070314572291 0.00498331536471 0.0108161434713 -0.00192406700099 0.00643303769264 -0.00301461025071 0.0367348389106 0.00943005809675 0.00200929062906 0.00401648036974 0.00303831154748 0.300377819026 -0.00425290695509 0.0167524424924 -0.000364741883814 -0.00271709206151 0.00137397002531 0.00967486327154 0.0279742536766 -0.000304709300685 0.00360654350121 -0.00165605233212 0.0147080289616 0.000675670231134 0.0116470181034 0.00690280002192 0.00608956751719 0.0121683535651 0.00629231075102 0.00557404745709 0.00501672868533 0.0148848645399 0.0367933984931 0.00844404337284 0.0205992947586 0.0147845214522 -0.00961464655817 0.00550675780627 0.0196812874546 0.00484380997871 -0.00448178138097 -0.00546074326274 0.0241611935974 0.00453688587764 0.0100499749733 0.00953814669655 0.0199819759041 0.00801822572235 0.00788517887038 -0.0035962750347 0.0123026760931 0.00249760284734 0.0447861129027 -0.00350057364139 0.0435126497291 -0.0026234990949 0.00392244162917 0.00380983116591 
0.0239723697699 0.0138490263101 -0.0010489742123 0.00829511757596 0.0139098999475 0.0287254284185 0.00892278620922 0.0214839355846 -0.0154327364952 0.011482113889 0.0510622005451 0.0125547090028 0.0121661459601 -0.00425290695509 0.354327492233 -0.0153956934629 0.008677552401 0.0391893795271 -0.0181108550238 0.0223222028154 0.0118480139611 0.00731029062695 0.00978996827109 0.0180815467149 0.00552926789371 0.0228431760536 0.0406326574413 0.0197074025935 0.00677744053197 0.00435114703193 0.00233553816549 0.00478577958542 0.01235146905 0.0283668609531 0.0363691217762 0.00942158839712 -0.000471791317105 0.0168149028773 0.0224173549199 0.00399171295171 0.0156931722789 0.0603342400198 -0.0031563331958 0.011066273303 -0.00358524938952 0.0454546631774 0.00337921722603 -0.00142891689075 0.0198491082282 0.0229528862735 0.0347105180211 0.0142747146261 -0.00147646907945 0.00607119243377 0.0134602766803 0.000504097634208 0.0021410404453 0.0107832791193 0.0158121534039 0.00537960454433 
-5.39576631255e-05 0.0216751446697 0.0109418601341 0.0217574660042 0.00853882207469 0.00477388293057 0.0173288266687 0.00695614595848 -0.000775940311969 0.0654787366868 0.0137004674503 0.0171755014518 0.00708464891497 0.0167524424924 -0.0153956934629 0.230866000792 -0.00389739383951 0.0260133911037 -0.00817084328513 0.0114512349322 0.00601173544657 0.00872119154336 -0.000827886367997 0.0182779935165 0.000790928477652 0.00780060952254 0.0223097779873 0.0188894832943 0.0240078142407 0.0104770851823 0.0128025290313 0.0104017949569 0.0179268085847 0.00304284605565 0.0222619708352 -0.011884162362 0.0181364419297 0.020112692776 0.00816631456651 0.0129573217612 0.0138683841328 0.0128090372002 0.0464173650905 0.0040298230687 0.0170918143838 0.00377453983294 0.0169517017239 -0.00733063127618 0.00547981704942 0.00429314105924 0.0129158593429 0.0144760812768 -0.00419250793576 0.0115394426373 0.0171569448628 0.00874943548797 0.0227555290684 0.00699487827561 0.0181568843523 0.0154868699847 
0.00189340860142 0.0194707771789 0.00697448724326 0.01982790966 0.00430311109983 0.0117771108483 0.0101842139426 0.0102524938977 0.0064231035974 0.0100180241715 0.0068210408674 -0.0309873988817 0.00100649289753 -0.000364741883814 0.008677552401 -0.00389739383951 0.215933343401 0.0345829484226 -0.0118668489188 0.00795652061967 0.0129583666952 0.00153689135447 0.015588097865 0.0158000332392 0.0156888934915 -0.00173945656043 0.00529780627263 0.00775062863352 0.0160259015982 0.00879016581784 0.0100088157476 0.00354238398752 0.00722338110577 -0.00582870503687 -0.0111222382695 0.0052051222181 0.00449726692556 0.0268292775315 0.026796108978 0.00475203763014 0.00990132279554 0.00468586465667 0.00886580798601 0.021905013258 0.011044873164 0.00657962754934 0.0143543673928 0.00468506139021 0.0112006314048 0.00529855404259 0.00768759812865 0.00526607401432 0.0120144844743 0.00398965768032 0.0123757605132 0.0056884964325 0.0301857433033 0.0120047029807 0.00459858117232 0.0220829695374 
0.0161586078786 0.023602441345 0.017465473964 0.00828121430823 -0.00551526098052 0.0179281062573 0.0577413390572 0.0193293492654 0.0278574047129 0.0143903585921 0.0339764091787 0.00583309976126 0.0258209869125 -0.00271709206151 0.0391893795271 0.0260133911037 0.0345829484226 0.898018152327 0.0273103935758 0.0983519893018 0.0764806807403 0.00650462700393 -0.00748017905092 0.0169507164682 0.0526630490063 0.00296559654685 0.0217198044949 0.00363820955792 0.0568481076586 0.00285957193368 0.0619917946556 0.0141149737879 0.0460663707699 0.0188431545814 0.038424758751 -0.011453573918 0.0187086106012 0.0407019053145 0.0628710771083 0.0164794449235 0.0240534811339 0.0184382989575 0.0323612616585 0.0597880128389 0.0333735975577 0.0156053702455 -0.00240478909704 0.027017976773 0.0466135531537 -0.0137468338889 0.052076037161 0.0084628208472 0.0237466108583 0.0163666019616 0.0186496221566 0.0320602689957 0.033934965434 -0.000370758343856 0.0415672700575 0.0208351236232 
0.00647248573445 0.0249705994061 -0.00959846151929 -0.00416452822022 -0.00531879392332 0.00591805090636 0.00632956679492 -0.0236232230423 -0.00713529245552 -0.0104762414996 -0.0172217614766 0.0167624375686 0.00167001053481 0.00137397002531 -0.0181108550238 -0.00817084328513 -0.0118668489188 0.0273103935758 2.98910330396 0.00702055636581 -0.00997026278234 -0.0094987974324 -0.00429995473371 -0.00170034372553 -0.00722446944201 -0.00314125715791 0.0131909158801 0.00226761616054 -0.00200097596515 -0.00203622791023 0.0652623222 -0.00523579058263 0.010727911088 0.0108983015009 0.0267238162561 -0.017050886352 0.000819024628047 0.00278196193739 -0.0161488274607 0.00218534237767 -0.00893402058964 -0.0184400961998 0.0121915152895 0.00729041894369 0.0152054948579 -0.00841956952238 0.0207005176181 -0.00563871235112 -0.0207553196874 0.0115847637693 0.0137011685513 0.00126339758306 -0.0111472253776 -0.0149138949279 0.0134008083286 -0.00873194503458 -0.0127324892789 -0.00930588798048 -0.0133536172693 -0.00544821314038 
0.0123515677523 0.0136972170907 0.0114771408915 0.00284531105838 -0.00146200738409 0.000336990882057 0.0223369855009 0.0131077468366 0.00688918788216 0.0152012961994 -0.000171253918378 0.056900441367 0.017411715358 0.00967486327155 0.0223222028154 0.0114512349322 0.00795652061967 0.0983519893018 0.00702055636581 0.343378392403 0.0329593997745 0.00299440790535 0.00349938693366 0.00908176692112 0.00290183290281 0.0191929780438 0.0148090701629 0.0280572783049 0.0237331991111 0.0019050600125 0.0291709851575 0.000268585592793 0.030227321402 0.00521265123519 0.0361039996183 0.0124185990731 0.0259695216377 0.0107495239949 0.0263118135609 0.0205069683382 0.0100482980673 0.0267773390897 0.00155020110405 -0.00138657136245 0.016873544726 0.00666223718916 0.0384393002015 0.0169139705369 0.0325127007812 0.0161306975285 0.0122826682611 0.00463344923119 0.00847359008833 0.0031694727694 0.00888457746735 0.0212179311632 0.0300400838288 0.00583727592657 0.00925424540953 0.025870012498 
0.00746927909381 0.03285565996 0.0282234225395 -0.000982276378295 0.0209528664628 0.0167126033209 0.0467774226 0.0178801874481 0.0161533343896 0.0182102855894 0.0182202613805 0.000928581211199 0.043542031641 0.0279742536766 0.0118480139611 0.00601173544657 0.0129583666952 0.0764806807403 -0.00997026278234 0.0329593997745 0.422208093175 0.00865623848451 0.00401691486344 0.0187999311449 0.0299449831568 -0.0229708199374 0.0136126344598 0.00718750211531 0.0361955122921 0.032055742925 0.0190271826733 0.0184053363624 0.0534608934533 -0.00411214199575 0.0245586747263 0.0228190733184 0.0536564707331 0.0394193183271 0.0190447638686 0.0192898301777 0.0179345796895 0.00647258681524 0.0101019819747 -0.011869513734 0.0538122844951 0.0339573061379 0.00384876582874 0.001951108764 0.0449641841666 0.0187366994747 0.0444815457251 0.0177673083884 0.0217399204876 0.0044636871884 0.0235046215432 0.0216209541185 0.00749685064012 0.0155567996235 0.0211212558686 0.0148548951128 
0.00775259945493 0.0110218972439 0.0178407856709 0.0177195045451 -0.00902837432888 0.00991114791378 0.0174087050925 0.0205735910074 -0.0045898565532 0.0169494078751 0.0169457127142 0.0211878026433 0.00379931057565 -0.000304709300687 0.00731029062695 0.00872119154336 0.00153689135447 0.00650462700393 -0.0094987974324 0.00299440790535 0.00865623848451 0.255891678439 -0.000878890974385 0.00739771617498 -0.00367829650112 0.102166232866 0.0128977325854 0.0212699660798 0.0344382783908 0.00641821507328 -0.00108697089469 0.0157161056874 -0.0040359385608 0.0177027246822 0.00753556608422 0.00979298935182 -0.00123896536505 0.00652104138475 0.0017980693605 -0.00293851627655 0.0157678814038 0.00580076203389 -0.00171024721119 -0.0032243197566 -0.000147582347766 -0.0018722365237 0.00375889468933 -0.00406640744592 0.0124724136362 0.0134526264933 0.012003729717 0.0166693988211 0.0266682714287 0.011262864348 0.0241221461935 0.00835419115227 0.0131017109822 0.0215600052427 -0.000314637175671 0.0027359119776 
0.010117464284 0.00376113233612 0.00887444666391 0.00152092666903 0.0108055023323 0.00268113936708 0.0115958052339 0.0129789487312 0.00646149073515 0.00642806265995 0.00439152922596 0.00516257465321 0.00838691344056 0.00360654350121 0.00978996827109 -0.000827886367998 0.015588097865 -0.00748017905092 -0.00429995473371 0.00349938693366 0.00401691486344 -0.000878890974386 0.200043365903 0.00903526377583 0.0487495797182 -0.000422503089389 -0.00214775129212 0.0107125116598 0.0179333382296 0.00295471683666 -0.0019068331642 -0.00323713036977 0.00622969363639 0.00609920093262 -0.00311250393582 -0.0019179064297 -0.00487965849022 -0.00050629253023 -0.00180031593993 -6.62626279862e-05 0.00351872660687 0.0176323683956 -0.00439762356394 0.0125880384979 0.0217862685239 0.00509776465728 -0.00182276790363 -0.00439998691117 0.0167085389276 0.00418941204614 0.0228373164719 0.00029832242655 -0.010142454444 -0.00564429832221 0.00472033468186 0.00539006339574 0.0161397741313 0.00411783825963 -0.00101151606922 0.0112463563476 
0.000918036470397 0.0585651440568 0.0235864607505 0.0614727336052 0.0170874548971 0.00569178465646 0.0308851743076 0.0238011754525 -0.00475692605983 0.0196972384622 0.0161769941687 0.0242694289816 0.0239624721724 -0.00165605233212 0.0180815467149 0.0182779935165 0.0158000332392 0.0169507164682 -0.00170034372553 0.00908176692112 0.0187999311449 0.00739771617498 0.00903526377583 0.149177374787 0.0178572943213 0.00693917560684 0.0406163904487 0.0208570006987 0.0248389866255 0.017523652824 0.00846669703809 0.0200301180521 0.0097381223005 0.015559466476 0.0134582166799 0.00632013415144 0.0161713066503 0.0212620998036 0.0175481620708 0.0115969332017 0.0132308194204 0.0142214069773 0.0143419855811 0.0175161644493 0.0288598896239 0.022199251318 0.0171675679249 0.0180459543086 0.0174361281336 0.00880790617584 -0.000258974179535 0.0211331864049 0.00713319868265 0.017595158342 0.0276303257803 0.0104346095756 0.00806522223835 0.0165627937498 0.0165182835691 0.0267669291981 
0.00535462077289 0.018853332213 0.00428921377825 0.0116959829802 0.0106127166549 0.0217888722307 0.0271779058322 0.0089710042219 0.00293321610454 0.00411288034554 -0.00502863864037 0.00380397257165 0.0209666299149 0.0147080289616 0.00552926789371 0.000790928477652 0.0156888934915 0.0526630490063 -0.00722446944201 0.00290183290281 0.0299449831568 -0.00367829650112 0.0487495797182 0.0178572943213 0.377390369742 0.00973294840865 0.0255989890086 0.0144530395601 0.0417294574044 0.0104986593932 0.0232887248806 0.0126925432944 0.0281293286084 0.00639224772075 0.0208584401887 -0.00548109425186 0.0196182941351 0.041419115773 0.0140569464562 0.0207642547779 0.0094326932276 0.000970161618399 0.00532346138417 -0.00181690003455 0.0428734741574 0.015879839714 0.0126826660158 -0.0060246107021 0.0136807326284 0.0047247473451 0.0224867226709 0.015372513992 0.0218180743959 0.0093084100699 0.0107832425001 0.0270800957145 0.0125021304446 -0.00154357411899 0.0271456120765 0.0159103091193 
0.00917361594716 0.0125265315979 0.0168812857925 -0.00167321730163 0.0107244588974 0.0100268986654 0.00688002001809 0.0217353197377 0.0136199772547 0.00476890228017 0.0207282564503 -0.0013229849562 0.0202217253593 0.000675670231132 0.0228431760536 0.00780060952254 -0.00173945656043 0.00296559654685 -0.00314125715791 0.0191929780438 -0.0229708199374 0.102166232866 -0.000422503089389 0.00693917560684 0.00973294840865 0.251879331042 0.00889778677226 0.0256747956401 0.000349235526372 0.00631458711114 0.0120353825171 0.0107601249839 0.0139550327176 0.0165819009752 0.0111654205156 0.0233549021167 -0.00147827465831 0.0202294916781 0.00432003146665 0.00374030745803 0.014296614468 0.00309089106172 -0.00265466523382 -4.16894368546e-05 0.0142272384479 0.0129429115013 0.0156213963042 -0.0129890919645 0.0151392386248 0.0148637375887 0.0129838731518 0.0103815993402 0.00842657354355 0.0129264100499 0.021779736178 0.0058316840941 0.0126978724286 0.0265713425011 -0.000250658147988 0.0138806242832 
0.0144543832195 0.0423721036891 0.0215366499226 0.0496199185049 0.00900141758529 0.0163531096464 0.0170110549942 0.0228806442907 0.00212057289711 0.0350259097669 0.0021250045916 0.0400762732427 0.0222553220544 0.0116470181034 0.0406326574413 0.0223097779873 0.00529780627263 0.0217198044949 0.0131909158801 0.0148090701629 0.0136126344598 0.0128977325854 -0.00214775129212 0.0406163904487 0.0255989890086 0.00889778677226 0.288669495507 0.0212927243974 0.0386280124263 0.00500094532138 0.00692940121797 0.013584681306 0.00276379609107 0.0181265496703 0.00911709919406 0.00466981349972 0.00416607509655 0.020417697686 -0.00399072276724 0.0100588432706 0.0146368255002 0.0160952956699 0.0125135933543 -0.00845397692612 0.00279980189202 0.0070321542165 0.0124875231513 -0.000387059742947 0.0143753258677 -0.00457682354873 0.00778362922718 0.0268377289775 0.0144619087811 0.0166837854789 0.0299479536272 0.0180947596243 0.0528164876447 0.0160685562692 0.0310018037853 0.0115076958004 
0.0139876909586 0.00724181174069 0.0155565598569 0.02152397474 0.00351644256193 -0.00513901629114 0.0143525655925 0.0122749921907 0.00975055060721 0.0244459605709 0.0105584500674 0.0379616235531 0.0129812034774 0.00690280002192 0.0197074025935 0.0188894832943 0.00775062863352 0.00363820955792 0.00226761616054 0.0280572783049 0.00718750211531 0.0212699660798 0.0107125116598 0.0208570006987 0.0144530395601 0.0256747956401 0.0212927243974 0.396439942338 0.0226822912912 0.0146134079859 0.0171876383463 0.0432380141834 0.0124256235673 -0.000336053272943 0.0108679373713 0.00320261549031 0.0375981136611 0.0384596533244 0.00775246333147 0.00969924959298 0.00775342698179 0.0194840915541 0.000685088421941 -0.00457282245668 0.0375270553856 0.0434107361446 -0.00773103272589 0.0111216657597 0.0107332246095 0.0450944332069 0.0128877312814 0.0169334812252 0.0112118939673 0.0408422153829 0.00243875830442 0.0201886385914 0.0111046054648 0.00465327672143 0.0298227075687 0.0172809642002 
0.011704494128 0.0356845878524 0.00797432349795 0.0318887535545 0.0105470044759 0.0125290943898 0.0753883207239 0.0110207487592 0.00940705863258 0.0205075483695 0.0272524819175 0.00644802094461 0.0287551428251 0.00608956751719 0.00677744053197 0.0240078142407 0.0160259015982 0.0568481076586 -0.00200097596515 0.0237331991111 0.0361955122921 0.0344382783908 0.0179333382296 0.0248389866255 0.0417294574044 0.000349235526372 0.0386280124263 0.0226822912912 0.26821671323 0.00502030711313 0.0238284683104 0.0128078362655 0.0324668159661 0.0238227885866 0.0367962207624 -0.00111449963711 0.0266749763142 0.0346271185432 0.0203716035566 0.0208837316911 0.0244975172869 0.0126742337581 0.0139695732299 0.00485617313901 0.0609949193769 0.0175470447176 0.0265052356349 0.0189837965772 0.0222732797463 0.00400968379201 0.0179730357253 0.0116453713505 0.0119272181325 0.0279656465308 0.0441795438001 0.0189730293526 0.0344317920416 0.0129632791386 0.0406471017715 0.0340070823866 
-0.00102198356515 0.00741692054021 0.0269458832143 0.024367887616 0.0139466782579 -0.0111000639726 0.0057640443212 0.0137544717837 -0.00436272676585 0.00573447587123 0.00337968175615 0.00896478630302 0.00915000159467 0.0121683535651 0.00435114703193 0.0104770851823 0.00879016581784 0.00285957193368 -0.00203622791023 0.0019050600125 0.032055742925 0.00641821507328 0.00295471683666 0.017523652824 0.0104986593932 0.00631458711114 0.00500094532138 0.0146134079859 0.00502030711313 0.171010662308 0.00292020972707 0.00550233710895 0.000348659700476 0.0091973021078 0.00358134643133 0.0030295484224 0.00758937420232 0.00813435141918 -0.00142895744306 -0.00125183729318 0.0088001320417 0.00591470210095 0.0142095709311 0.00135017712861 -0.0153971478013 0.00578825190691 0.00832801327159 0.0155030234856 0.00278797233357 0.00470612755422 0.00355344305505 0.0142175904187 -0.00329448006742 0.0114939079079 0.00942610835858 0.00257113205649 0.011294081825 0.0167875307948 0.00141513160801 0.0181576615117 
0.0280265418767 0.00701804271067 0.00176754239444 0.0100556490503 0.00345057180095 -0.00300546020706 0.0164554160351 0.00466582234269 0.0565411795794 0.0164358203936 -0.00190083995969 0.0434421778428 -0.0105655789033 0.00629231075102 0.00233553816549 0.0128025290313 0.0100088157476 0.0619917946556 0.0652623222 0.0291709851575 0.0190271826733 -0.00108697089469 -0.0019068331642 0.00846669703809 0.0232887248806 0.0120353825171 0.00692940121797 0.0171876383463 0.0238284683104 0.00292020972707 0.404676681179 0.0154950520472 0.0344575275866 0.00843482127791 0.0336071805705 0.00527023559597 0.00658648401167 0.0146418152797 -0.0041432081879 0.0186812576111 -0.00186633786616 0.00575189263694 0.0147722368952 0.0175352254585 0.0386618485614 0.0069226824943 0.0490586707585 0.00220535358298 0.0142566710029 -0.00286935256656 0.00825680844351 0.0139181298615 -0.000573442907855 0.0156048755643 0.0230348595296 0.0126440421191 0.0191022995337 0.00651339525106 0.0414917489198 0.022122691055 
-0.00444411220486 0.0228722212737 0.0147685364931 0.0170097792311 0.0194358023959 -0.00149102479025 0.0232169424661 0.0108693514394 0.00982194069757 0.0136470510062 0.0107246200004 -0.00406558054754 0.0145780181859 0.00557404745709 0.00478577958542 0.0104017949569 0.00354238398752 0.0141149737879 -0.00523579058263 0.000268585592793 0.0184053363624 0.0157161056874 -0.00323713036977 0.0200301180521 0.0126925432944 0.0107601249839 0.013584681306 0.0432380141834 0.0128078362655 0.00550233710895 0.0154950520472 0.170783792105 0.0093733897653 0.00612386298715 0.015893577036 0.00132233073532 0.00832579406843 0.00485664381732 0.0118020464085 0.0111648972892 0.0134169294099 0.00871018011849 -0.00640990429815 0.0110141049073 0.0344257846116 -0.00703475549766 0.00557856779298 0.0123168684948 0.0157357997556 0.00174790045686 0.000685841883289 0.015363604123 0.00269252867097 0.0467358486912 0.0131220942487 0.0170805187368 0.0137374965622 -0.00211135920301 0.0160808431856 0.0122809645692 
0.0171844440047 0.0274544420755 -0.0119625277755 0.00622451989471 0.00694134243031 0.00574564132889 0.0257467269414 0.0483750427875 0.00572514986461 0.0171502580683 0.00689056288444 0.0337773404518 0.0208900235392 0.00501672868533 0.01235146905 0.0179268085847 0.00722338110577 0.0460663707699 0.010727911088 0.030227321402 0.0534608934533 -0.0040359385608 0.00622969363639 0.0097381223005 0.0281293286084 0.0139550327176 0.00276379609107 0.0124256235673 0.0324668159661 0.000348659700476 0.0344575275866 0.0093733897653 0.499026720544 0.0229966755265 0.0207527002571 0.0120425864655 0.0376622880682 0.027545535288 0.0128566804619 0.00946540602524 0.0127187911117 0.0110434515386 0.0219152369483 -0.00435367849918 0.0376329001088 0.0105052752321 0.0241538881579 0.0320310050843 0.041321742061 0.00953247244448 0.00533910426391 -0.000993662302791 0.00988853872648 0.0149191445455 0.0114108065474 0.02787391418 0.00899434887338 0.00359098164386 0.0210588646728 0.0161499263415 
0.00889379107739 0.0121994163764 0.0113180060079 0.0214746601263 0.00106055001139 0.0734773777707 0.0165188841008 0.00952636719547 0.00130269957142 0.00729757330253 0.0467116853575 0.020956246759 -0.00430709974698 0.0148848645399 0.0283668609531 0.00304284605565 -0.00582870503687 0.0188431545814 0.0108983015009 0.00521265123519 -0.00411214199575 0.0177027246822 0.00609920093262 0.015559466476 0.00639224772075 0.0165819009752 0.0181265496703 -0.000336053272944 0.0238227885866 0.0091973021078 0.00843482127791 0.00612386298715 0.0229966755265 0.201229886161 0.0975277565884 0.0191068827223 0.0152515162992 0.0155803492331 0.00242483156434 0.00647653162124 0.00608600376642 0.0186419072628 -0.000866865830111 0.007328666941 0.0495736955078 0.0109232156126 0.023226421188 -0.0106390856692 0.00635691757932 -0.00121243539536 0.0284018648368 0.0142237578764 -0.00975375675248 0.0134246483504 0.022743809857 0.0081780112797 -0.000238806046573 0.0142513259643 0.00803971239727 0.00152275972744 
0.00866927747804 0.00741865498998 0.00415530710089 0.0105505585377 0.00155878557155 0.123517052828 0.027600090061 0.0148262263074 0.0259034751658 0.0278685513695 0.0409775327719 0.030011319889 0.01052093752 0.0367933984931 0.0363691217762 0.0222619708352 -0.0111222382695 0.038424758751 0.0267238162561 0.0361039996183 0.0245586747263 0.00753556608421 -0.00311250393582 0.0134582166799 0.0208584401887 0.0111654205156 0.00911709919406 0.0108679373713 0.0367962207624 0.00358134643133 0.0336071805705 0.015893577036 0.0207527002571 0.0975277565884 0.461033176649 0.0112610155288 0.0238148262969 0.0281764630725 -0.00387829455172 0.01809459355 0.0116965139514 0.0227729219537 -0.00972410184762 0.0147134029739 0.0909604878136 0.0131129599163 0.0263960475862 0.0110070358493 0.0106703335486 0.00115746971674 0.101227806384 0.0134173443645 -0.0124230461298 0.0201751102571 0.0376404485434 0.016149615738 0.0210778231229 0.00257533828175 0.0225778663918 0.0187290683885 
-0.000909270217173 0.0058139799993 -0.00580253051951 0.0251488706918 -0.0166882893798 0.0370852173194 -0.00244739418091 0.014208468692 -0.0125144126164 -0.012242322944 0.0103187695074 -0.00842656408443 -0.00892497211586 0.00844404337284 0.00942158839712 -0.011884162362 0.0052051222181 -0.011453573918 -0.017050886352 0.0124185990731 0.0228190733184 0.00979298935182 -0.0019179064297 0.00632013415144 -0.00548109425186 0.0233549021167 0.00466981349972 0.00320261549031 -0.00111449963711 0.0030295484224 0.00527023559597 0.00132233073532 0.0120425864655 0.0191068827223 0.0112610155288 1.1368110254 0.00769355974015 -0.0153320310424 -0.00597945522738 -0.00190857026434 -0.000382725531286 0.00669284782226 0.0117894923478 -0.0192259681965 0.0197913459158 0.00319847222641 -0.000635981180041 0.00141954866021 -0.00404966438941 -0.0107112568329 0.00702368298928 -0.00601123668149 0.00203767168703 0.0155762785163 0.00248093427349 0.0173256700292 0.00487056699325 0.0123036759106 -0.00877952357796 0.00729499237124 
0.00509241503588 0.0142816973122 0.00721695734863 0.00331078134145 0.00856067001103 0.0108451715628 0.0165788793681 0.0106469113253 -0.00917042129955 0.0149739086527 -0.00284440546882 0.00833553606214 0.0124973158251 0.0205992947586 -0.000471791317106 0.0181364419297 0.00449726692556 0.0187086106012 0.000819024628047 0.0259695216377 0.0536564707331 -0.00123896536505 -0.00487965849022 0.0161713066503 0.0196182941351 -0.00147827465831 0.00416607509655 0.0375981136611 0.0266749763142 0.00758937420232 0.00658648401167 0.00832579406843 0.0376622880682 0.0152515162992 0.0238148262969 0.00769355974015 0.403541559908 0.0141656391074 0.0308229901895 0.0274353799786 0.014923642633 -0.00284264689484 0.0101561871029 0.0161901309439 0.00775652724039 0.0110391096561 0.00945669752299 0.00902300448561 0.00109607392679 0.00877434190777 0.00964332749185 0.0144184128577 0.0196915448139 0.0137529454829 0.0309129283595 0.0121338238944 0.0215107912365 0.00441589287332 0.0398926511662 0.0159817151817 
0.0224477462744 0.0464185847541 -0.00192348494208 0.0238763427732 0.013169662665 0.0124179799714 0.0218273300654 0.0201516955444 0.0161533399466 0.0146722451662 0.0143875773579 0.00878187095283 0.0424309143532 0.0147845214522 0.0168149028773 0.020112692776 0.0268292775314 0.0407019053145 0.00278196193739 0.0107495239949 0.0394193183271 0.00652104138475 -0.000506292530231 0.0212620998036 0.041419115773 0.0202294916781 0.020417697686 0.0384596533244 0.0346271185432 0.00813435141918 0.0146418152797 0.00485664381732 0.027545535288 0.0155803492331 0.0281764630725 -0.0153320310424 0.0141656391074 0.296748699321 0.00537719963945 0.0301506455767 0.0316374070664 -0.00393097602636 0.0127425161717 0.0129800292202 0.0751248888631 0.0158942457936 0.0133041627701 0.0178694717463 0.0142632872757 0.0168393818493 0.0459584920268 0.00703309113849 0.0340287120098 0.0100579587065 0.034391091258 0.0290509798911 0.0196923753508 0.00530522426462 0.040386169605 0.0240408703837 
0.0184750164014 0.0120228810523 0.0149007772666 0.0103329106715 0.0154629542292 -0.0023840662847 0.0172593081993 0.00562276875374 0.00749025176545 0.0176097014768 0.00337571539194 0.0162677519535 0.0178467470852 -0.00961464655817 0.0224173549199 0.00816631456651 0.026796108978 0.0628710771083 -0.0161488274607 0.0263118135609 0.0190447638686 0.0017980693605 -0.00180031593993 0.0175481620708 0.0140569464562 0.00432003146665 -0.00399072276724 0.00775246333147 0.0203716035566 -0.00142895744306 -0.0041432081879 0.0118020464085 0.0128566804619 0.00242483156434 -0.00387829455173 -0.00597945522738 0.0308229901895 0.00537719963945 0.265642039817 0.0102098402835 0.00800857178146 0.0211041319633 -0.0051664119722 -0.00725665359526 0.0257866788825 0.0175634317325 -0.00323108131525 0.012800452653 0.017160771294 -0.00339580411886 0.0146277435591 0.0248045664644 0.00244565968384 0.00727181561987 0.00395160932124 0.00826937917552 0.034055730779 0.0191557242464 0.0166272654919 0.0121363393446 
