20
0.0314738433907 0.0331056926512 0.0340754658053 0.041097516798 0.0533286406295 0.0231877092109 0.0384738749472 0.0282353637115 0.0501483555771 0.0878126089614 0.266244884644 0.0251604878384 0.0357111585815 0.0435638119902 0.0122123060087 0.0764707668379 0.0534443631468 0.127416862275 0.129241945615 0.100974868985 
0.297140731048 0.0165847879914 0.00685813984987 0.019688818479 0.00307378003708 0.0152552932376 0.00645160065981 0.0213293667309 0.0109627414576 0.0161708485247 0.00992998381191 0.0324273345081 0.0211770125407 0.00932894030716 0.0208531092957 0.034448479162 0.0100444532537 0.0353467663735 -0.009227683399 0.0107620301887 
0.0165847879914 0.221630085649 0.0217900882306 0.0337558623746 0.0170999165286 0.00430317259238 0.0302794811549 0.0357288374121 0.0299580106821 0.0172986257962 0.00722703847552 0.0341531738297 0.0142600375775 0.0209064162295 0.0179525641888 0.0183795508189 0.0118045844584 0.0500018714301 0.0305453727784 0.0183625565608 
0.00685813984987 0.0217900882306 0.187468375035 0.0099557912488 0.0228692792508 0.0125310583505 0.00871978587962 0.0165632348123 0.00986543318242 -0.0121900406244 0.00500273156185 0.0122073682918 0.00799058826753 0.0154876242591 0.0206081444478 0.00271754790689 0.0297679191652 0.0198097892815 0.00607469733658 0.0113037948921 
0.019688818479 0.0337558623746 0.0099557912488 0.261179626962 0.0245920952143 0.00379230728906 0.0174265440201 0.0358831079146 0.0229773519807 0.0120426545729 0.0367984989541 0.0291715037099 0.0241208552696 0.0167733458771 0.016751768536 0.0229931016011 0.0186413674286 0.0495543380455 0.0191059492415 0.0141160261907 
0.00307378003708 0.0170999165286 0.0228692792508 0.0245920952143 0.274782564192 0.0151467330049 0.0142591131723 0.0244910589433 0.0296319190558 0.0190491307069 0.00473151848616 0.0156134678273 0.00992022849806 0.00998901336033 -0.000162842112479 0.0276817134004 0.0305567206369 0.0158462962069 0.00468677529931 0.0189978838393 
0.0152552932376 0.00430317259238 0.0125310583505 0.00379230728906 0.0151467330049 0.231244897959 0.0147624325725 0.0136083599925 0.0230013964328 0.0158969554512 0.00972114922858 0.00407690072077 0.00943153011815 0.00847703401457 0.0266974805025 0.0117376737761 0.00112365187723 0.0208550314087 0.0135271632696 0.0113976913069 
0.00645160065981 0.0302794811549 0.00871978587962 0.0174265440201 0.0142591131723 0.0147624325725 0.235198892542 0.0170904628381 0.0277230887413 0.000606147810813 0.010296056448 0.00837136638988 0.0289735602554 0.0159082800266 0.0219338511706 0.0317004861936 0.0348261994826 0.0249918335077 0.0205165384462 0.00688550513935 
0.0213293667309 0.0357288374121 0.0165632348123 0.0358831079146 0.0244910589433 0.0136083599925 0.0170904628381 0.154321642189 0.0308421653153 0.0285324541745 0.0212666177075 0.0599663026254 0.0288602910548 0.0169627758791 0.00895480870017 0.0338541693996 0.0155440643627 0.00912967282175 0.000939068890409 0.0259674392554 
0.0109627414576 0.0299580106821 0.00986543318242 0.0229773519807 0.0296319190558 0.0230013964328 0.0277230887413 0.0308421653153 0.278572766174 0.0322588204506 -0.00926803636823 0.0295867018614 0.0192249210963 0.0101968305618 0.0128528200559 0.067435201693 0.0309328022163 0.0322706283266 0.0145768618221 0.0318649220258 
0.0161708485247 0.0172986257962 -0.0121900406244 0.0120426545729 0.0190491307069 0.0158969554512 0.000606147810813 0.0285324541745 0.0322588204506 0.469737291516 0.161053720951 0.0256759057034 0.0262776561073 0.0123051013951 0.0101396109419 0.0414961366051 0.0254963932756 0.0254530510926 0.00483705409505 0.018113157735 
0.00992998381191 0.00722703847552 0.00500273156185 0.0367984989541 0.00473151848616 0.00972114922858 0.010296056448 0.0212666177075 -0.00926803636823 0.161053720951 2.27058130089 0.0168311263724 0.0321864961868 -0.00018771863761 0.0092627221733 0.0206713402155 0.0564641977597 0.0167250915383 -0.0194168291019 0.0588938661425 
0.0324273345081 0.0341531738297 0.0122073682918 0.0291715037099 0.0156134678273 0.00407690072077 0.00837136638988 0.0599663026254 0.0295867018614 0.0256759057034 0.0168311263724 0.178564462119 0.0206738340479 0.0230044432635 0.00150429550069 0.0219069529345 0.0185302608684 0.000568998179898 0.00238592245481 0.011408348571 
0.0211770125407 0.0142600375775 0.00799058826753 0.0241208552696 0.00992022849806 0.00943153011815 0.0289735602554 0.0288602910548 0.0192249210963 0.0262776561073 0.0321864961868 0.0206738340479 0.300216144648 0.00917770453327 0.0220862397184 0.0562424758671 0.0394247628548 0.0174810486982 0.0581490263911 0.0444984392265 
0.00932894030716 0.0209064162295 0.0154876242591 0.0167733458771 0.00998901336033 0.00847703401457 0.0159082800266 0.0169627758791 0.0101968305618 0.0123051013951 -0.00018771863761 0.0230044432635 0.00917770453327 0.284379956926 0.0107751732004 0.0143067357975 0.0111516069428 0.0139522627963 0.0232891573162 0.0169827962683 
0.0208531092957 0.0179525641888 0.0206081444478 0.016751768536 -0.000162842112479 0.0266974805025 0.0219338511706 0.00895480870017 0.0128528200559 0.0101396109419 0.0092627221733 0.00150429550069 0.0220862397184 0.0107751732004 0.292957856354 0.0171667443381 0.00937870085823 0.0111160518416 0.0125059218233 0.0130866964316 
0.034448479162 0.0183795508189 0.00271754790689 0.0229931016011 0.0276817134004 0.0117376737761 0.0317004861936 0.0338541693996 0.067435201693 0.0414961366051 0.0206713402155 0.0219069529345 0.0562424758671 0.0143067357975 0.0171667443381 0.472969845166 0.0458614536001 0.0453836558792 0.0165459542709 0.0442706208496 
0.0100444532537 0.0118045844584 0.0297679191652 0.0186413674286 0.0305567206369 0.00112365187723 0.0348261994826 0.0155440643627 0.0309328022163 0.0254963932756 0.0564641977597 0.0185302608684 0.0394247628548 0.0111516069428 0.00937870085823 0.0458614536001 0.315190081661 0.0298677926602 0.0259760325588 0.0214068168556 
0.0353467663735 0.0500018714301 0.0198097892815 0.0495543380455 0.0158462962069 0.0208550314087 0.0249918335077 0.00912967282175 0.0322706283266 0.0254530510926 0.0167250915383 0.000568998179898 0.0174810486982 0.0139522627963 0.0111160518416 0.0453836558792 0.0298677926602 0.494343453381 0.0565997756725 0.0300584718728 
-0.009227683399 0.0305453727784 0.00607469733658 0.0191059492415 0.00468677529931 0.0135271632696 0.0205165384462 0.00093906889041 0.0145768618221 0.00483705409505 -0.0194168291019 0.00238592245481 0.0581490263911 0.0232891573162 0.0125059218233 0.0165459542709 0.0259760325588 0.0565997756725 0.56983399918 0.0280983104082 
0.0107620301887 0.0183625565608 0.0113037948921 0.0141160261907 0.0189978838393 0.0113976913069 0.00688550513935 0.0259674392554 0.0318649220258 0.018113157735 0.0588938661425 0.011408348571 0.0444984392265 0.0169827962683 0.0130866964316 0.0442706208496 0.0214068168556 0.0300584718728 0.0280983104082 0.484232861711 

['MMC', 'SRE', 'CPB', 'PRU', 'ECL', 'CZN', 'ABC', 'MTB', 'BMS', 'NVLS', 'TLAB', 'WFC', 'HET', 'MO', 'WPI', 'COH', 'BA', 'RIG', 'DYN', 'ODP']