60
0.371102806834 0.13159191543 0.0884893451388 0.0314738433907 0.042606905642 0.0220926651793 0.0501755430095 0.0602494739115 0.0754552666066 0.0355019489908 0.102128665084 0.015652967587 0.0832698050771 0.0526943852585 0.123612909007 0.0441448787565 0.0266042550295 0.0764707668379 0.0387981152642 0.0244433913508 0.0211692002509 0.107116270008 0.0331056926512 0.0361599942098 0.0267965440056 0.0528259349661 0.0484031048171 0.0285507317948 0.0486003975036 0.0429032651101 0.0434942638749 0.0843714281037 0.0396221554001 0.0357981155146 0.0533286406295 0.0268988212896 0.0631385093148 0.0682562642732 0.0590558874601 0.0486664598358 0.0437869579852 0.0363496030559 0.0395572708053 0.242072249725 0.0406155741598 0.0131635076039 0.022286409141 0.0794924924591 0.0265193363437 0.135299445153 0.039859092222 0.114457978761 0.0754225878746 0.0191748751409 0.0267221777707 0.0471087328402 0.0599327976672 0.0266110290159 0.0425593974561 0.0436219100546 
1.22795102561 0.0804731841604 0.0508596077079 0.00555293187811 0.00230078579212 0.0189855487509 0.03456827229 0.0259046172516 0.0772731706232 0.0223569226694 0.024687397434 0.0310559569107 0.043164069674 0.00844665388899 0.0089016065851 0.0230640912332 0.00257709370559 0.0302604292872 0.0326984817322 -0.00422494757357 -0.000416149590466 0.0793253918796 0.0150641692351 0.00891376749746 -0.00571916869992 0.0202614069262 0.0493184729126 0.0147776536551 0.0807026636387 0.0440177757875 0.00283068776677 0.06400026573 -0.00354086869004 -0.000583332291717 0.0103831980328 0.0121975871866 0.0809650775059 0.040159335122 -0.0114353640682 0.0441639402411 0.0115316979668 0.0208249853066 0.0109209067526 0.0804130402754 0.0175842320431 0.0111081856259 -0.00271772597997 0.0358844911912 0.0126247107725 0.0915192918121 0.0261625208151 0.0436452708973 0.039310601848 0.0186509052035 0.015552935948 0.0283630677855 0.0174625732446 0.0199116870873 0.00600035929671 0.0423154494413 
0.0804731841604 0.448701883471 0.0268410464445 0.0134465534191 0.031496212489 0.0150582335837 0.0126351298377 0.0043042910403 0.0690816021642 0.0136325475245 0.0483148844735 0.00959204869791 0.137139848212 0.0129715335773 0.0610562843245 0.0140235789086 0.0150058638404 0.0328368413736 0.0299696125159 0.0045995110297 0.0125487517324 0.0603342313757 0.0311989748015 0.0203371703893 0.00927736197548 0.0149989106358 0.027556834568 0.00377242226615 -0.00788840056894 0.0199180161934 0.0262016471839 0.0111660241135 0.00843666237196 0.014406443502 0.00594899530828 -0.00905514661821 0.0390423013412 0.0301952294735 0.00539610186825 0.00674358065431 0.0171369207338 -0.00959444820766 0.0049653343616 0.0686283431139 0.0266519885707 0.0194942194222 -0.00121818363068 0.0286560827086 0.00658427091002 0.213951467743 0.0261157989299 0.136802434215 -0.000226013723758 0.00377224289032 0.0448650393435 0.102287813751 0.0390833602026 0.0314680713266 0.0385105651025 0.000926033079062 
0.0508596077079 0.0268410464445 0.476553957949 0.0107544784487 0.00222127051678 0.00188149170141 0.010877894984 0.00288210763139 0.0187828401454 0.0223786294211 0.0505978295813 0.00954349999783 0.0109792225354 0.00763493701458 0.0172497915205 0.0235062822892 0.0148965412619 0.0142128304029 -0.00792296009526 0.0146174328617 0.00484682826232 0.0491703561851 -0.00562289688535 0.0151991511828 0.0126605949678 0.0307040179783 0.0123318368458 0.00511322570064 0.0167887473079 0.0430280333868 0.0213811509635 0.00387936193128 0.00592376312599 0.00118360097493 0.00537940346064 0.011706232927 0.0186983981713 0.0231751786842 0.0170740022512 0.0187909437764 0.0238419420974 0.0265966902724 0.0109227181787 0.0583066585614 0.0286999126912 0.00315869825521 -0.00566189482275 0.0419711092426 0.012524106462 0.0109623893378 0.00406514306013 -0.0179921255074 0.0319946876674 0.0149315230963 0.0145108983214 -0.00828755430449 0.0104359922607 0.0143164944328 -0.0134318211994 0.0110836626049 
0.00555293187811 0.0134465534191 0.0107544784487 0.286143667405 0.00560937210312 0.00120381566695 -0.00184624578642 0.00372976920844 0.0242034960466 0.0277602832585 0.00516373799825 0.00016412204608 0.00872926190083 0.00965571235583 -0.00435971205903 0.00793727012203 0.0155047761652 0.0298542232709 0.0180797614093 0.0164452110628 0.0079060324768 0.0123290317065 0.01006182462 0.00418223312495 0.0189692459443 0.00367307160621 0.00944913742125 0.0115089236942 0.0220719600943 0.0021151892631 0.00905474646923 0.0106230950657 0.0265833278954 0.00123856114395 -0.00299297328531 0.0104867768627 0.003476881279 0.0088792799463 0.0178865066574 0.0109309484357 0.00265797620542 0.0224382562259 0.00590897695679 0.0117102814552 0.00851400276538 0.00467694668825 8.24240893408e-05 0.0207087012754 0.0416744670122 0.0324113012048 -0.00309789638442 0.0145594134271 0.0206247907514 0.0022995939101 0.00363636581737 0.0162581008076 0.00228541733731 0.0188413718069 0.014648287848 0.0298660946662 
0.00230078579212 0.031496212489 0.00222127051678 0.00560937210312 0.241148233201 0.0176532002983 0.0101995857921 0.0154134065447 0.0132373909473 0.0135354860806 0.00762935372655 0.0260615186292 0.0231757230171 0.025837027649 -0.00161567096904 0.0324988102571 0.0226872405099 0.0366587431742 0.013095111299 0.0106979055794 0.00418880939361 0.0152224237084 0.0114832081274 0.0075931476642 -0.000408582270332 0.0245184093771 0.0235353220935 -0.0110880194062 0.00749446905362 0.0297630037349 0.0322945602326 0.0483074449797 0.0094410093686 0.0262558348971 0.00822403169437 0.00277861410363 0.0155664121279 0.0181464625674 0.0119457271177 0.0009236302051 0.0111339239141 0.0267528821985 0.0143473773951 0.0451608497841 0.030425936831 0.00476875010857 0.00614342046073 0.0264552251205 0.0159299451262 0.0300557890336 0.0146748320686 0.00761434076973 0.0210533572674 0.0128664023305 0.0142892021685 0.00183336836996 0.00163188372376 0.00348596870428 0.0175249249713 0.0250062374129 
0.0189855487509 0.0150582335837 0.00188149170141 0.00120381566695 0.0176532002983 0.223547125172 0.0144502056826 0.0117844441889 0.0124344652641 0.00979766748974 -0.0106660928907 -0.00123588340007 0.0302941735903 0.00605808849798 0.00340220325777 0.00938790724591 -0.0013904594997 0.00319803552774 0.00440685256117 -0.0066626368641 0.00477364721653 -0.00416696792481 0.0414828609328 0.0455869945601 0.0121059713748 0.0132759681317 0.00392182343191 -0.00516154761099 -0.0019311997429 0.00816384522429 0.00338710497486 0.0182747688731 0.0124028731732 0.00934403998 0.0264055974248 0.00523042468991 -0.00530538140357 0.00194849456846 0.00802774222753 0.00677271252808 0.0172922166491 0.00680021024046 0.0123138284011 0.0151716036893 0.0293017766289 0.0414797807551 -0.00402159479328 0.0186205316292 0.0168394978514 0.0221760122614 0.00630524383411 0.0165010254478 -0.00010914101963 0.00601998126323 0.0172748744752 0.0129039713127 0.000482331144463 0.00997264263285 0.0114972417366 0.0165295796481 
0.03456827229 0.0126351298377 0.010877894984 -0.00184624578642 0.0101995857921 0.0144502056826 0.311502675084 0.0185168655526 0.0236307479673 0.00147061071555 0.0156476494106 0.0193667920229 0.00405656404101 0.0209230950871 0.00367760390776 0.0185197799925 -0.0155583776313 0.0432128695859 0.022017951784 0.0161656126243 0.000491590041187 0.0282731166416 0.000525776253357 -0.000971352789794 0.0156765694576 0.0147264764013 0.0321023561398 0.025860928422 0.00169512550255 0.0267535632227 0.00546366245049 -0.00312910076596 0.0104308863082 0.0181073006331 0.00428574987165 0.0171947651993 0.0188236747825 -0.00116246383337 -0.0029977281798 0.00093453624513 0.0224797542761 0.0068164478942 0.0137936240993 0.0332188762032 0.0168954784712 0.0131216322298 -0.00407686999491 0.010787350795 0.00753147990156 0.0466494412208 -0.00779361292479 0.0236486451844 0.0316633915709 0.00622246226146 0.00945774436071 0.00742644647365 0.0155200750991 0.0250257805973 0.020328617752 0.0148454638814 
0.0259046172516 0.0043042910403 0.00288210763139 0.00372976920844 0.0154134065447 0.0117844441889 0.0185168655526 0.301633798114 0.0180915041646 0.00376442372962 0.0216272882258 0.0233451340406 0.00502829236311 0.0314564966993 0.0116560987618 0.028738408139 0.00414141433414 0.0218076818404 0.023819927521 0.0144150536232 0.0150307085598 0.017440969017 0.00959228902643 0.0208499597748 0.00527014802139 0.0172311361556 0.0121951622893 0.0189337567042 0.00410185006306 0.028170497036 0.0192956790072 0.0155343489945 0.0135224128592 0.0121046271606 0.0212322964152 -0.00209935568856 0.00408108742589 0.00849549999651 0.00623767423761 0.0327404216262 0.0139345232326 0.0184067484232 0.00527012236876 0.0375091983101 0.0254420138072 0.0136707074446 0.0148282053451 0.028279209369 0.0200666104542 0.0168483025733 0.00976991227677 0.0194625214495 0.0130613813568 0.0260304911535 0.0213700869359 -0.00288139384331 0.0176936963214 0.00347513851872 0.0284331289284 0.0183280614634 
0.0772731706232 0.0690816021642 0.0187828401454 0.0242034960466 0.0132373909473 0.0124344652641 0.0236307479673 0.0180915041646 0.656678807398 0.0348963571441 0.0230125792291 0.00837723508934 0.00598317534656 0.0347358000549 0.0119177385912 0.0250218417807 0.0229404776846 0.0410289501133 -0.00870969570926 -0.00533108400127 0.0171667630739 0.0188760050261 0.0186039954773 0.0163969599785 0.0234884864625 0.0167416444958 0.023031918582 0.0138898279211 -0.00128447478664 0.0144673927045 0.0457331091163 0.00354633696657 0.0235296580519 0.0356537167441 0.0359276877037 -0.0053756597837 0.0208370756431 0.0134041825393 0.00106190493274 0.0102668733821 0.0124408286602 0.0397217660589 -0.00860982994485 0.00710671196325 0.036256136021 0.00943063515983 0.0216061532686 0.0260153669915 0.00498787247383 -0.0011540170294 0.0312214639123 0.0430131871591 0.0261601643087 0.00170572814572 0.01685372367 0.0113280622217 0.0113499178065 0.00905081702057 0.0408016953104 0.0166143818396 
0.0223569226694 0.0136325475245 0.0223786294211 0.0277602832585 0.0135354860806 0.00979766748974 0.00147061071555 0.00376442372962 0.0348963571441 0.299866831152 0.0237745812532 0.00568775327138 0.00523658597786 0.0299063147984 0.017443160946 0.00696232370498 0.00287297956687 -0.00314408056403 0.0139332082935 0.0635038736186 -0.000748686363738 0.0229298920708 0.015717428468 -0.00241201115411 0.0109512407531 0.0307500365052 0.00809831112787 0.00255698133753 0.018447793285 0.00777454634209 0.052178293249 0.0275218970547 0.0193928938478 0.0194405195608 0.00684216081991 0.0111419990614 0.00721948112741 0.0255097898457 0.00510246436592 -0.000432558509521 0.0030013132392 0.0180703294883 0.0137900722737 0.0193552132866 0.0134145736249 0.00272846736778 -0.00413134091203 0.0364055477815 0.0104652890646 0.0185717471874 0.00209187744322 0.00507992359141 0.0074453464674 0.0188527498272 0.0118829990307 0.0077310450586 0.00046857939923 0.0271837755188 -0.00715551829948 0.0250583125868 
0.024687397434 0.0483148844735 0.0505978295813 0.00516373799825 0.00762935372655 -0.0106660928907 0.0156476494106 0.0216272882258 0.0230125792291 0.0237745812532 0.674646381044 0.0287619959027 0.00604642973954 0.0557655427655 0.0206802757312 0.0156839187823 0.0350553211202 0.0375590272769 0.0253459241379 0.00573528097236 0.0114361672371 0.056213994221 0.0108189087212 -0.00976384729768 0.0128435073001 0.00540955271832 0.017569009551 -0.00423669592938 0.0160981788747 0.0189686147317 0.0347956488054 0.0277380155516 0.0105795621911 0.00671572460212 0.0249608528983 0.0161397464411 0.0304428219552 0.0373202391714 -0.00545515882863 -0.00458309640349 -0.00261034162281 0.0149788721639 0.0150588976696 0.0500789046333 0.0175199199773 0.0059970892268 -0.00988250554654 0.0210209726572 0.018722713353 0.0530339326236 0.0182839956332 0.0112767315843 0.0105700200344 -0.00201234347527 0.00126862296463 -0.00707207579378 0.00772589751546 0.0190376895204 0.0213116753385 0.00291676184744 
0.0310559569107 0.0095920486979 0.00954349999783 0.00016412204608 0.0260615186292 -0.00123588340007 0.0193667920229 0.0233451340406 0.00837723508934 0.00568775327138 0.0287619959027 0.219399003381 0.00853254102178 0.0394908260282 0.00954021070149 0.0190982740397 0.017114826881 0.0229682007738 0.0255718173255 0.00566403637037 0.0122389469588 0.0163381510326 0.0148682478238 0.00796977538374 0.0149018678078 0.0150851256673 0.0263831920531 0.0211302297374 -0.00163891787607 0.00831712808323 0.0385302278054 0.00274069666462 0.00350785054167 0.0154113531711 0.019888425231 0.0242439679105 0.0173351479658 0.0178405087058 -0.00152280918711 -0.0043319697718 0.0100925341511 0.012822747036 0.0252868047122 0.0340193112445 0.00771193621069 -0.00041197488287 0.00826828793179 0.0321535380172 0.0193752278154 0.00488875239481 0.0137050249156 0.00776428334331 0.0321602423059 0.0137064396687 0.0147771825833 0.00311852590912 0.010223708514 0.00146296893996 0.0196042057635 0.00369864348649 
0.043164069674 0.137139848212 0.0109792225354 0.00872926190083 0.0231757230171 0.0302941735903 0.00405656404101 0.0050282923631 0.00598317534656 0.00523658597786 0.00604642973954 0.00853254102178 0.334031580003 -0.00567358517932 0.0225375905539 0.00701524325458 0.0069070906525 0.0219892830534 0.0166298700935 -0.00467672161443 -0.000889074185728 0.0257837569889 0.0308665637532 0.0304558379609 -0.00860599625066 -0.00959512059496 0.0230023506033 0.00500793291038 0.00427822362794 0.020867433647 0.000319514780689 -0.0171416565512 -0.00115680643328 8.24212124966e-05 0.00699198930764 0.00364925454545 0.026873278228 0.0105776139881 0.0138861027806 0.0221285628374 0.00285349389229 0.0117262697208 0.00423996159441 0.0748091453915 0.01693823852 0.0229698099004 0.0154652358396 0.0171169134167 0.00632280369233 0.119624716735 0.0436891524831 0.132957060518 0.00272953450953 0.0141056543862 0.0168597852293 0.0717713805489 0.00832743823296 0.00904396969746 0.0245574520819 0.00498292987489 
0.00844665388899 0.0129715335773 0.00763493701457 0.00965571235583 0.025837027649 0.00605808849798 0.0209230950871 0.0314564966993 0.0347358000549 0.0299063147984 0.0557655427655 0.0394908260282 -0.00567358517932 0.291541813652 0.0161872587007 0.0190180664338 0.031421141577 0.0436078959596 0.0272704785549 0.0132746360563 -0.0123279874241 0.0481564882933 0.014880778842 0.00792608456541 0.0194631758629 0.0334345695728 0.0227076511578 0.0050715579266 0.0114424524843 0.0239939059759 0.0361211948814 0.00931226507324 0.0247773838924 0.0191065253597 0.00810288979713 0.0120479417038 0.0113560324605 0.0302868181859 0.0174274198154 0.0177539863077 0.0311617153551 0.0114136102719 0.0184728618197 0.0166435309044 0.0414732649863 0.018638708066 0.0240037126591 0.0407833272281 0.028848731358 0.00279437487731 0.0401031414051 -0.00143104536732 0.0358478662181 0.0186245488026 0.0142322135885 -0.00378772767682 0.0243282511464 0.00844178855222 0.071656643625 0.0156675109606 
0.0089016065851 0.0610562843245 0.0172497915205 -0.00435971205903 -0.00161567096904 0.00340220325777 0.00367760390776 0.0116560987618 0.0119177385912 0.017443160946 0.0206802757312 0.00954021070149 0.0225375905539 0.0161872587007 1.03657286966 -0.00595291892143 0.0073222091799 0.0734663287761 -0.00248174978186 -0.00253544552161 -0.0169062200049 0.00214763840476 0.0018111275834 -0.00252955164318 -0.00553882577958 -0.00124103665215 -0.0035001854197 0.00728944646759 0.00558129266597 0.00220108586863 0.0152840607844 0.0549532083619 -0.00928123726089 -0.00315148927285 -0.00870220071986 0.0012873859569 0.0285195410764 0.00910396655187 0.0111252159788 0.00352044591066 -0.0237105489019 0.0161401959444 -0.0180343743254 0.0438874395662 0.00715865416146 8.85741470346e-05 -0.000273914419607 -0.00986926059523 -0.00984272979839 0.0586585887808 0.019184436959 0.032982788225 0.00275636515007 -0.00531160221489 -0.00232925720368 0.0118643250691 0.00484084485665 0.0164876021963 0.0123828608637 -0.0154805395747 
0.0230640912332 0.0140235789086 0.0235062822892 0.00793727012203 0.0324988102571 0.00938790724591 0.0185197799925 0.028738408139 0.0250218417807 0.00696232370498 0.0156839187823 0.0190982740397 0.00701524325458 0.0190180664338 -0.00595291892143 0.219532681701 0.0248891608035 0.0499812068034 0.044896711799 0.019512439219 0.0200019983623 0.029141862515 0.0350416546513 0.0224749896547 0.0426530698377 0.0240423627257 0.0324577187054 0.00171606270392 0.013550483436 0.027989324164 0.0334732262697 0.0389394157517 0.04299318669 0.0280404663739 0.0112768197866 0.0150816760341 0.00639018222986 0.0176380761743 -0.00585668938022 0.0182443914774 0.0144131412012 0.0213059147004 0.00842582095012 0.0575777585949 0.0315816050185 0.0190893035181 0.0018786876874 0.0150895358369 0.0133525265241 0.015269747482 0.0262222955796 0.00602417915016 0.0212523617399 0.0219702358428 0.0256320628817 0.0179244177827 0.00957312094266 0.0140999347656 0.01261240963 0.100070730793 
0.00257709370559 0.0150058638404 0.0148965412619 0.0155047761652 0.0226872405099 -0.0013904594997 -0.0155583776313 0.00414141433414 0.0229404776846 0.00287297956687 0.0350553211202 0.017114826881 0.0069070906525 0.031421141577 0.0073222091799 0.0248891608035 0.185186920002 0.0292536778623 0.016348687922 0.00765088383273 0.00891468658603 0.0164031449009 0.00716092230395 0.00956661934093 0.0177478823103 -0.000638826526698 0.0132196360898 0.00961204630852 0.0256062065578 0.00197610550184 0.0348483929005 0.0140340775096 0.0209500749438 0.0226738193016 0.00941071090756 0.00955501874677 0.0477957684285 0.0756960523203 0.0143079091026 0.011984838557 0.0124828612824 0.00186089687403 0.00563366590567 0.0267648984745 0.0179078569984 0.0163259302152 0.010454331013 0.0166582990633 -0.0027256008222 -0.0159681013196 0.0175951225435 -0.0086720988224 0.0107751704835 0.0190656828797 0.0175221214369 0.00380002374519 0.00504650897522 0.00366640025481 0.013205965439 0.016002850635 
0.0302604292872 0.0328368413736 0.0142128304029 0.0298542232709 0.0366587431742 0.00319803552774 0.0432128695859 0.0218076818404 0.0410289501133 -0.00314408056403 0.0375590272769 0.0229682007738 0.0219892830534 0.0436078959596 0.0734663287761 0.0499812068034 0.0292536778623 0.403637821184 0.0178678076627 0.00982104791144 0.00579350826163 0.0311319995125 0.0101206294124 -0.0057888051929 0.0188240680836 0.021348628358 0.017896057795 0.0316571942479 0.00240112987275 0.0319332172324 0.0542498165928 0.185514893956 0.0261947314842 0.0277736553454 0.0146725889718 0.0139936908178 0.012796985801 0.0187538549091 0.00853560375462 0.0110277503961 0.0402235067562 0.0168690804023 0.00798202750621 0.0867793078514 0.0190008248648 -0.00591693010362 0.0241101559253 0.0534900530048 -0.00570985164983 0.0219543321144 0.0200550734757 0.0156762899169 0.0199890082249 0.00899344768629 0.0176120754103 0.000693279157671 0.0236524013458 0.00978517698453 0.015674780463 0.0271401627041 
0.0326984817322 0.0299696125159 -0.00792296009526 0.0180797614093 0.013095111299 0.00440685256117 0.022017951784 0.023819927521 -0.00870969570926 0.0139332082935 0.0253459241379 0.0255718173255 0.0166298700935 0.0272704785549 -0.00248174978186 0.044896711799 0.016348687922 0.0178678076627 0.204379032918 -0.000851229494042 0.0118268170278 0.053788588659 0.0151752030966 0.016674845595 0.00700492638028 0.0190382326921 0.0328015075404 0.0117719346004 0.0149720497357 0.0192379570397 0.0289222581452 0.0304144850905 0.0144359009058 0.00737595977861 0.0203578125056 0.0302574700412 0.0348391755446 0.01223970888 0.0159468485436 0.0141858864791 0.00854270473445 0.0123072298834 -0.00305472707632 0.0545946545705 0.0226655322345 0.0115596373257 0.00410952696016 0.022079617737 0.0255076921418 0.0164761225555 0.0130621687945 0.0226609791543 0.0174608177373 0.00617782322744 0.0174551523069 0.0156973555819 0.0105649551889 0.0113331839381 0.0301436597059 0.0440846228731 
-0.00422494757357 0.00459951102969 0.0146174328617 0.0164452110628 0.0106979055794 -0.0066626368641 0.0161656126243 0.0144150536232 -0.00533108400127 0.0635038736186 0.00573528097236 0.00566403637037 -0.00467672161443 0.0132746360563 -0.00253544552161 0.019512439219 0.00765088383273 0.00982104791144 -0.000851229494041 0.172386281371 0.00923171908689 0.0047371517966 0.0100392924569 -0.00197254190022 0.00790693608503 0.0193664618535 0.0121340171063 0.00155273030218 0.002431100995 0.0103379477185 0.0214099103554 0.0297911932378 0.00607738723797 0.0172287649583 0.0215176512055 -0.00632665110161 0.00676901094737 0.00837994272962 0.00146164293254 0.0177328618668 0.00351734554483 0.0168513897303 0.00199910417699 0.0111406125011 0.00744277745522 0.00755281098634 -0.00447999698494 0.00662379926004 0.00515835745757 0.0103279572198 -0.000723180668523 -0.0078546521241 0.0309891865554 0.0234312117845 0.0100864367231 0.00636192224819 0.00443302197343 0.00841460781103 -0.00694010548619 0.0185890619642 
-0.000416149590466 0.0125487517324 0.00484682826232 0.00790603247679 0.00418880939361 0.00477364721653 0.000491590041186 0.0150307085598 0.0171667630739 -0.000748686363738 0.0114361672371 0.0122389469587 -0.000889074185729 -0.0123279874241 -0.0169062200049 0.0200019983623 0.00891468658603 0.00579350826163 0.0118268170278 0.00923171908689 0.205766520295 0.017828765714 0.00646401811146 0.0124197823548 0.00755714586099 0.0191177721673 -0.0013033152039 0.0114950861537 0.000345117036159 0.0091765888041 0.020993748524 0.0154140463328 0.0159283287868 -0.00130612437865 0.0117404829372 0.00737892057961 0.0199221163335 0.0054924561057 0.00463820715657 -0.00110170154175 -0.00405699677068 0.0143112453556 0.0108002914844 -0.000806199370471 0.00420715464577 0.00941774151728 0.00123370132479 0.0135451058044 0.0175313572585 0.0175127757452 -0.00219048718041 0.0126477310193 0.0140204879297 0.00594222082943 0.00906873700244 0.0102761548884 0.00563155190273 0.0208883606164 0.0280510439271 0.00241525548128 
0.0793253918796 0.0603342313757 0.0491703561851 0.0123290317065 0.0152224237084 -0.00416696792481 0.0282731166416 0.017440969017 0.0188760050261 0.0229298920708 0.056213994221 0.0163381510326 0.0257837569889 0.0481564882933 0.00214763840476 0.029141862515 0.0164031449009 0.0311319995125 0.053788588659 0.0047371517966 0.017828765714 0.522737354515 0.00333997937264 0.0144226671673 0.013107638883 0.0153334543372 0.0441220660951 0.0179722523035 0.0426492883728 0.0412425878084 0.0423271109583 0.00659641180677 0.00984498367537 0.00857832816672 0.0161245406503 0.0264937107444 0.0646081668964 0.0315158050724 -0.00557729082321 0.000667739344009 -0.0124604949156 0.0106222307292 0.0169786577754 0.0416851212281 0.0284929894631 0.000561921163578 0.0162800704787 0.0611364749128 0.0246222050056 0.0440544923305 0.0289042168325 0.0175744635467 0.013158262542 -0.00280556009391 0.0171297622675 0.0132145810037 0.000218294568554 0.0151233404679 0.0643131358667 0.0268243459412 
0.0150641692351 0.0311989748015 -0.00562289688535 0.01006182462 0.0114832081274 0.0414828609328 0.000525776253357 0.00959228902643 0.0186039954773 0.015717428468 0.0108189087212 0.0148682478238 0.0308665637532 0.014880778842 0.0018111275834 0.0350416546513 0.00716092230395 0.0101206294124 0.0151752030966 0.0100392924569 0.00646401811146 0.00333997937264 0.196963147662 0.0384362907792 0.021844218429 0.00697613110427 0.00697770969081 0.00266481767285 0.00950781712444 0.0138021003294 0.010414323923 0.00897851817398 0.0266091456129 0.0127445738937 0.00953682311834 -0.0019892894404 0.00579079393349 0.00269356114602 0.021822276962 0.00903359092237 0.00432099546469 0.00753388115742 0.00444602168411 0.035480040209 0.030136548569 0.0429261454912 -0.00496091766328 0.00395807385715 0.00900034484522 0.0301039601302 0.00949888131397 0.0341742861796 -0.00844571914368 0.0185281269964 0.0341244295501 0.0232736096864 -0.00226481468503 0.0251788583525 0.00736924523352 0.0435267790917 
0.00891376749746 0.0203371703893 0.0151991511828 0.00418223312495 0.0075931476642 0.0455869945601 -0.000971352789794 0.0208499597748 0.0163969599785 -0.00241201115411 -0.00976384729768 0.00796977538374 0.0304558379609 0.00792608456541 -0.00252955164318 0.0224749896547 0.00956661934093 -0.0057888051929 0.016674845595 -0.00197254190022 0.0124197823548 0.0144226671673 0.0384362907792 0.224448742308 0.0214205300021 0.00728177920501 0.00866409606775 0.00988155793026 0.0193479826256 0.0080878359822 0.0125568588878 -0.00265908086658 0.0149069159657 0.0145382760088 0.00781501823712 0.00678539352393 0.0202763643129 0.00807670940684 0.0113451669492 0.0153286937789 0.0307009140277 0.0176373762723 0.0102310844992 0.00719230422448 0.0330760317421 0.053241257513 0.00776036719024 0.0014069757011 0.00803745871726 0.015024801198 0.014248242443 0.0317379133018 0.00963063800526 0.0149364933829 0.0451449746424 0.0231869490587 0.00278451466012 0.0273645588625 0.0227313601217 0.0146066824529 
-0.00571916869992 0.00927736197548 0.0126605949678 0.0189692459443 -0.000408582270332 0.0121059713748 0.0156765694576 0.00527014802139 0.0234884864625 0.0109512407531 0.0128435073001 0.0149018678078 -0.00860599625067 0.0194631758629 -0.00553882577958 0.0426530698377 0.0177478823103 0.0188240680836 0.00700492638028 0.00790693608503 0.00755714586099 0.013107638883 0.021844218429 0.0214205300021 0.169074550127 0.0165316265705 0.01518212361 0.00274434988194 0.0113437354694 0.0117154928888 0.00907939205555 0.0155258793508 0.037495988565 0.020173954598 0.0103133369507 0.0123409045203 0.0088886454598 0.0144605696899 0.0144852045585 0.00806426485707 0.0125444601737 0.0158125764367 0.00618452027773 0.0246234455305 0.0165972326505 0.0154835890249 -0.000982745381251 0.012813117122 0.0141873992194 0.00135927195561 0.0220488730243 -0.00076506196671 0.012616602768 0.0264354858688 0.02890471757 0.00541446063997 0.0131226149285 0.0118536025756 0.0207565209797 0.0279717117155 
0.0202614069262 0.0149989106358 0.0307040179783 0.00367307160621 0.0245184093771 0.0132759681317 0.0147264764013 0.0172311361556 0.0167416444958 0.0307500365052 0.00540955271832 0.0150851256673 -0.00959512059496 0.0334345695728 -0.00124103665215 0.0240423627257 -0.000638826526698 0.021348628358 0.0190382326921 0.0193664618535 0.0191177721673 0.0153334543372 0.00697613110427 0.00728177920501 0.0165316265705 0.283662076342 0.0207435260573 0.0164224160181 0.00417187306578 0.0222401979151 0.0266686091255 0.000199839292652 0.0281951668578 0.0228980507201 0.0130619814195 0.00247067227777 0.000624217555097 0.00278982574741 0.0194390605253 0.0133918112684 0.0240326269909 0.0131708309828 0.00836450704905 0.0237785892773 0.0154439794983 0.00767775411433 -0.00298209024062 0.0104192136373 0.0117721842387 0.0113251507712 0.0192792902322 -0.0191416339552 0.0363279857463 0.0299133820916 0.0137833663739 -0.000865948911058 0.0210294711714 0.00787302328679 0.0274157340437 0.0405795420277 
0.0493184729126 0.0275568345681 0.0123318368458 0.00944913742125 0.0235353220935 0.00392182343191 0.0321023561398 0.0121951622893 0.023031918582 0.00809831112787 0.017569009551 0.0263831920531 0.0230023506033 0.0227076511578 -0.0035001854197 0.0324577187054 0.0132196360898 0.017896057795 0.0328015075404 0.0121340171063 -0.0013033152039 0.0441220660951 0.00697770969081 0.00866409606775 0.01518212361 0.0207435260573 0.247560288862 0.0153205930309 -0.00185631087032 0.0279090192473 0.0288458289993 -0.00738557729828 0.0266190121841 0.0113002633792 0.0326157735123 0.0222926822124 0.0210195000346 0.0168864661393 0.0126382713929 0.0236046885439 0.00483983881707 0.00405497390912 0.0205054452972 0.0573274701246 0.015677449845 -0.00225748304783 -0.00958964316381 0.0161628720558 0.0061335832142 0.0283001238825 0.0267573778533 0.0229645639969 0.0225511623172 0.0119257657242 0.00882087833096 0.0243422536455 0.0211094246366 0.0114222525813 0.0318926311101 0.0378624925113 
0.0147776536551 0.00377242226615 0.00511322570064 0.0115089236942 -0.0110880194062 -0.00516154761099 0.025860928422 0.0189337567042 0.0138898279211 0.00255698133753 -0.00423669592938 0.0211302297374 0.00500793291038 0.0050715579266 0.00728944646759 0.00171606270392 0.00961204630852 0.0316571942479 0.0117719346004 0.00155273030218 0.0114950861537 0.0179722523035 0.00266481767285 0.00988155793026 0.00274434988194 0.0164224160181 0.0153205930309 0.247207601434 0.0238951852969 0.0143857730037 0.0168808644697 0.00711008957366 0.00678195594988 0.0107062509294 0.0154617483812 0.00506577353946 0.0066569918052 0.0196907692449 0.0103927498872 0.0189962823325 0.0168804244494 0.00656958627749 0.015181152977 0.0156595136144 0.0191910444532 -0.00276719200889 0.018736310547 0.0129066315529 0.00824459908794 0.00597296255418 0.0134222405604 0.00192749740409 0.00845639457476 0.00634211410023 0.0179572306944 0.00240917096821 0.0147626325173 0.00766445131587 0.0110998076558 0.00285563968625 
0.0807026636387 -0.00788840056894 0.0167887473079 0.0220719600943 0.00749446905361 -0.0019311997429 0.00169512550255 0.00410185006306 -0.00128447478664 0.018447793285 0.0160981788747 -0.00163891787607 0.00427822362794 0.0114424524843 0.00558129266597 0.013550483436 0.0256062065578 0.00240112987275 0.0149720497357 0.002431100995 0.000345117036158 0.0426492883728 0.00950781712444 0.0193479826256 0.0113437354694 0.00417187306578 -0.00185631087032 0.0238951852969 0.38758802065 0.0153199431407 0.00487056009518 0.0155736780644 0.0034008858975 0.00482290990851 0.00755758863916 0.0537325905699 0.0247150786558 0.0288962114232 0.0065840564891 0.0178769219474 0.00470731407186 0.0165121849342 0.0135119219387 0.00922987455943 0.0114813549155 0.013180609574 0.0051830700604 0.021831183056 -0.00230776662867 -0.0164633148977 0.00642017093421 0.0222627603646 0.021401609401 0.00884360201043 0.00324500613436 0.0118146777613 0.00171162977636 0.011846692415 0.0120899254549 0.0119732643586 
0.0440177757875 0.0199180161934 0.0430280333868 0.0021151892631 0.0297630037349 0.00816384522429 0.0267535632227 0.028170497036 0.0144673927045 0.00777454634209 0.0189686147317 0.00831712808323 0.020867433647 0.0239939059759 0.00220108586863 0.027989324164 0.00197610550184 0.0319332172324 0.0192379570397 0.0103379477185 0.0091765888041 0.0412425878084 0.0138021003294 0.0080878359822 0.0117154928888 0.0222401979151 0.0279090192473 0.0143857730037 0.0153199431407 0.267178744879 0.0151613614307 0.0071700878908 0.0156811431731 0.0185092225199 0.00763128322703 -0.0063321881674 0.0149325262504 0.0223311074502 0.0146926414057 0.0163504085803 0.0338724601142 0.0134071331768 0.00155428841437 0.0656117371243 0.00713973727397 0.0134183545813 0.00660523829911 0.0166634417149 0.0186850490343 0.0164535997232 0.0206931054392 0.00561195685645 0.00968618545227 0.0133246500225 0.0137990494178 0.00532303929352 0.00162681513253 0.01378392572 0.00299259222254 0.0415717283307 
0.00283068776677 0.0262016471839 0.0213811509635 0.00905474646923 0.0322945602326 0.00338710497486 0.00546366245049 0.0192956790072 0.0457331091163 0.052178293249 0.0347956488054 0.0385302278054 0.000319514780689 0.0361211948814 0.0152840607844 0.0334732262697 0.0348483929005 0.0542498165928 0.0289222581452 0.0214099103554 0.020993748524 0.0423271109583 0.010414323923 0.0125568588878 0.00907939205555 0.0266686091255 0.0288458289993 0.0168808644697 0.00487056009518 0.0151613614307 0.283863463145 0.0449291586385 0.0222516523452 0.0259352576537 0.012585803588 0.0258744577811 0.0475959378643 0.0304671157343 -0.000270756159244 0.0187468041996 0.00623970900804 0.0112103639637 0.00024490166957 0.0795214749185 0.0157851090794 -0.0075833409722 0.0054371159192 0.0305009070235 0.0138501459714 0.0329099546428 0.0285492109074 0.0190663191514 0.014777270522 0.021649996058 0.0134694776959 0.0105934746098 0.010443091058 0.0233045570034 0.0288719781818 0.0415142628181 
0.06400026573 0.0111660241135 0.00387936193128 0.0106230950657 0.0483074449797 0.0182747688731 -0.00312910076596 0.0155343489945 0.00354633696657 0.0275218970547 0.0277380155516 0.00274069666462 -0.0171416565512 0.00931226507324 0.0549532083619 0.0389394157517 0.0140340775096 0.185514893956 0.0304144850905 0.0297911932378 0.0154140463328 0.00659641180677 0.00897851817398 -0.00265908086658 0.0155258793508 0.000199839292653 -0.00738557729828 0.00711008957366 0.0155736780644 0.0071700878908 0.0449291586385 0.832650349916 0.00403631052157 0.0154997754484 0.0192138062879 0.0165883993506 0.0123172531625 0.0168691743195 0.0161934053159 0.00528015890476 0.0206581583862 -0.00719659948378 0.00465324323516 0.0952454183103 0.00374148979377 0.0142953064616 0.0111120745649 0.025592347825 -0.00263805231419 -0.0296791396402 0.015623368642 -0.00164118210859 -0.009603639159 -0.00347026008086 0.01579696521 0.000267473914045 0.0161530701056 0.00351716127385 -0.000587192983294 0.00242964515512 
-0.00354086869004 0.00843666237196 0.00592376312599 0.0265833278954 0.0094410093686 0.0124028731732 0.0104308863082 0.0135224128592 0.0235296580519 0.0193928938478 0.0105795621911 0.00350785054167 -0.00115680643328 0.0247773838924 -0.00928123726089 0.04299318669 0.0209500749438 0.0261947314842 0.0144359009058 0.00607738723797 0.0159283287868 0.00984498367537 0.0266091456129 0.0149069159657 0.037495988565 0.0281951668578 0.0266190121841 0.00678195594988 0.0034008858975 0.0156811431731 0.0222516523452 0.00403631052157 0.170405111599 0.0156038716042 0.0223206302195 0.0146939667278 0.00894367778006 0.0240219897752 0.00793447734037 0.0128360161987 0.0171211232388 0.0250843513857 0.00985183073384 0.0241850456958 0.0180470729533 0.022050848158 0.000984265285474 0.0177526354963 0.00586261095928 -0.000635529959621 0.0181236098093 0.00599284120928 0.0146630328151 0.0212146979809 0.0254947348067 -7.61308713542e-05 0.0080464084914 0.0187560729103 0.0194381029337 0.0530498126386 
-0.000583332291717 0.014406443502 0.00118360097493 0.00123856114395 0.0262558348971 0.00934403998 0.0181073006331 0.0121046271606 0.0356537167441 0.0194405195608 0.00671572460212 0.0154113531711 8.2421212497e-05 0.0191065253597 -0.00315148927285 0.0280404663739 0.0226738193016 0.0277736553454 0.00737595977861 0.0172287649583 -0.00130612437865 0.00857832816672 0.0127445738937 0.0145382760088 0.020173954598 0.0228980507201 0.0113002633792 0.0107062509294 0.00482290990851 0.0185092225199 0.0259352576537 0.0154997754484 0.0156038716042 0.249128643493 0.0135954343604 0.00712511069347 0.0205711933022 0.0129918432074 0.0376017988687 0.00348246347649 0.0201778465752 0.0131805043659 -0.00350505246332 -0.00104308921505 0.00779592128125 0.0156741118517 0.00845394473211 0.0304587233274 0.0161777205794 0.00618786519716 0.0117036470489 0.0094378844009 0.0230028442549 0.0113720220881 0.0146596569413 0.0155206111429 0.0164243537182 0.0224888409433 0.0080222953377 0.0202414285566 
0.0103831980328 0.00594899530828 0.00537940346064 -0.00299297328531 0.00822403169437 0.0264055974248 0.00428574987165 0.0212322964152 0.0359276877037 0.00684216081991 0.0249608528983 0.019888425231 0.00699198930764 0.00810288979713 -0.00870220071986 0.0112768197866 0.00941071090756 0.0146725889718 0.0203578125056 0.0215176512055 0.0117404829372 0.0161245406503 0.00953682311834 0.00781501823712 0.0103133369507 0.0130619814195 0.0326157735123 0.0154617483812 0.00755758863916 0.00763128322703 0.012585803588 0.0192138062879 0.0223206302195 0.0135954343604 0.260876934211 0.0240998674607 0.0233570848682 0.0189204379748 0.00383686313376 0.00703982894305 0.0248441700706 0.00970370175071 0.0114776375635 0.0286245944158 0.0174594534152 0.0217651992066 0.00593778594696 0.0120700767563 0.0155101921565 0.0051814645325 0.0150524920339 0.00403088832594 0.00987589661475 0.0132449127294 0.0107321241752 -0.00163655369618 0.00361525274959 0.00386036969229 0.0104016796163 0.0040659415449 
0.0121975871866 -0.00905514661821 0.011706232927 0.0104867768627 0.00277861410363 0.00523042468991 0.0171947651993 -0.00209935568856 -0.0053756597837 0.0111419990614 0.0161397464411 0.0242439679105 0.00364925454545 0.0120479417038 0.0012873859569 0.0150816760341 0.00955501874677 0.0139936908178 0.0302574700412 -0.0063266511016 0.00737892057961 0.0264937107444 -0.0019892894404 0.00678539352393 0.0123409045203 0.00247067227777 0.0222926822124 0.00506577353946 0.0537325905699 -0.0063321881674 0.0258744577811 0.0165883993506 0.0146939667278 0.00712511069347 0.0240998674607 0.209648663861 0.0169561640283 0.0151855631761 0.00711991958568 0.0107689042225 -0.0143666921052 0.00308262636286 0.00203461833507 -0.0074318481458 -0.00370293446582 0.00869874786327 0.00178369275845 0.016503123433 0.0014241291028 0.000676348255975 0.0130416553714 0.00342334120719 0.0306200442848 0.00960175579447 0.00650142988501 -0.0126620280476 0.00585616031543 0.00520863637857 0.00349667091842 0.0206222565116 
0.0809650775059 0.0390423013412 0.0186983981713 0.003476881279 0.0155664121279 -0.00530538140357 0.0188236747825 0.00408108742589 0.0208370756431 0.00721948112741 0.0304428219552 0.0173351479658 0.026873278228 0.0113560324605 0.0285195410764 0.00639018222986 0.0477957684285 0.012796985801 0.0348391755446 0.00676901094737 0.0199221163335 0.0646081668964 0.00579079393349 0.0202763643129 0.0088886454598 0.000624217555097 0.0210195000346 0.0066569918052 0.0247150786558 0.0149325262504 0.0475959378643 0.0123172531625 0.00894367778006 0.0205711933022 0.0233570848682 0.0169561640283 0.348095091247 0.0674366435829 0.00600358812895 0.000261672337705 0.00845619712349 0.0162047928789 -0.0166422100257 0.0429010923843 0.0178373788225 0.0139554381942 0.00236659362828 0.00754388925278 0.0181568788881 0.025407501175 0.0266831398892 -0.00905586020111 0.0245397890152 0.00606396982948 0.0129052442628 0.00594179736627 0.00455191308118 0.00856714342849 0.0110404376508 0.00798083526572 
0.040159335122 0.0301952294735 0.0231751786842 0.0088792799463 0.0181464625674 0.00194849456846 -0.00116246383337 0.00849549999651 0.0134041825393 0.0255097898457 0.0373202391714 0.0178405087058 0.0105776139881 0.0302868181859 0.00910396655187 0.0176380761743 0.0756960523203 0.0187538549091 0.01223970888 0.00837994272962 0.0054924561057 0.0315158050724 0.00269356114602 0.00807670940684 0.0144605696899 0.00278982574741 0.0168864661393 0.0196907692449 0.0288962114232 0.0223311074502 0.0304671157343 0.0168691743195 0.0240219897752 0.0129918432074 0.0189204379748 0.0151855631761 0.0674366435829 0.364416696252 0.00568952472017 -0.00153739102867 0.0158250015937 0.012639622225 0.00965220603537 0.0701559833335 0.0100623771373 -0.00422126432807 0.000950358697879 0.0162538831777 0.0140839747517 0.0144822834761 0.0238485912682 0.00838936139621 0.0105170704481 0.0112564952389 0.00397987537348 0.00266164875036 0.0198890744647 0.00491145970635 0.0221024835345 0.0135031012327 
-0.0114353640682 0.00539610186825 0.0170740022512 0.0178865066574 0.0119457271177 0.00802774222753 -0.0029977281798 0.00623767423761 0.00106190493274 0.00510246436592 -0.00545515882863 -0.00152280918711 0.0138861027806 0.0174274198154 0.0111252159788 -0.00585668938022 0.0143079091026 0.00853560375462 0.0159468485436 0.00146164293254 0.00463820715657 -0.00557729082322 0.021822276962 0.0113451669492 0.0144852045585 0.0194390605253 0.0126382713929 0.0103927498872 0.0065840564891 0.0146926414057 -0.000270756159244 0.0161934053159 0.00793447734037 0.0376017988687 0.00383686313376 0.00711991958568 0.00600358812895 0.00568952472017 0.717137202515 0.00566784667902 0.0173827259135 0.0727822548737 0.0137805252245 -0.0125562349923 0.0314180356146 0.0190365526042 -0.00566241260578 0.0123973807967 0.0139652877177 -0.0111301414237 -0.00176329979729 0.00741066300376 0.025626609574 0.041521030019 0.0209771965799 0.00169209700361 0.00993252726092 0.0329713262764 0.0183912068846 0.0158142637689 
