30
0.0231877092109 0.0220203869342 0.0522861094618 0.0406155741598 0.275379497042 0.0715007016099 0.0340091550877 0.0612619406497 0.0896788789081 0.0296866664977 0.0528259349661 0.106366385329 0.0396221554001 0.0442487549982 0.0525709156995 0.148705689344 0.0347696809731 0.0270000307956 0.0278380444533 0.0610020106181 0.0146510565804 0.040534814632 0.0471087328402 0.0995242847704 0.0436219100546 0.029419367 0.133327922328 0.0388241127613 0.0282353637115 0.0162851568228 
0.227396705854 0.0275890164313 0.0101692862128 0.0144312293328 0.0113970612028 0.0127331599441 0.00258238533888 0.0166968505816 0.0159072252421 0.0053799868369 0.0115012703516 0.0273959462065 0.0122045343726 0.00963288268693 0.00500187867865 0.0303166211091 0.0173466632315 0.00595870715616 0.0102749263783 0.0220029614314 0.00229093316329 0.0029922061278 -0.000875733974871 0.0048568057704 -0.00478140268386 -0.00105150347694 0.00461936403665 0.012415163032 0.00958586693287 0.0147134322624 
0.0275890164313 0.22653402064 0.0211245880743 0.0244670028579 0.00466692068913 0.0243782162649 0.0229985554681 0.0111712301059 0.0489554699064 0.0392793305973 0.0524425212863 0.00886191158372 0.0235796347049 0.0157992282904 0.0285758077056 0.012494263183 0.0215261897652 0.0284303040097 0.00961474741068 0.0293400108377 0.0204628284754 -0.00799289173966 0.00503881234144 0.00559010851649 0.017610226224 0.00851381673712 0.0240025090403 0.0454075219526 0.0338282297838 0.00897967755906 
0.0101692862128 0.0211245880743 0.324831457077 0.039465276063 -0.017358266897 0.00937911099498 0.0216960973209 0.0120819425754 0.0428938348784 0.0154785193234 0.0400197310074 0.0280815142303 0.0156960495569 0.0174561532314 0.0313767449406 0.0577768997471 0.0407934009791 0.0235054302325 0.0094326601267 0.00154092518007 0.0123089296093 -0.00731128505936 0.0173060938051 0.0234379931684 0.0368560190609 0.00569414093938 0.0246569979165 0.0268837104915 0.0211831219872 0.00736607267049 
0.0144312293328 0.0244670028579 0.039465276063 0.229752683262 -0.00140450981219 0.0198326868524 0.0240742540419 0.0323376752348 0.0314119569552 0.0269150689686 0.022786165869 0.0256244442468 0.0253185216947 0.0172684069946 0.0219884584279 0.0199968349899 0.014325776811 0.042373741902 0.0169897659506 0.0197361506806 0.0238954990463 0.022591806274 0.0174745401837 0.0288808576131 0.0385235352875 0.0300448017227 0.0177298710063 0.0194630053534 0.0376298511404 0.0325383900413 
0.0113970612028 0.00466692068913 -0.017358266897 -0.00140450981219 4.09527577065 -0.0188319095453 -0.0101816471194 -0.0233819919938 -0.0185955554248 -0.00708966568278 0.0051676284871 -0.0121437509887 -0.00285876898096 -0.00425203656452 -0.000624381592931 -0.0233160741467 -0.0181524368147 -0.0163102518078 -0.00236449744387 -0.0224598027615 -0.00201229819128 -0.00647860067192 -0.00352412832734 -0.00855341153988 -0.00367451421138 0.0036016531005 -0.0253307099239 0.0115756956115 0.00722395099509 0.0122338682288 
0.0127331599441 0.0243782162649 0.00937911099498 0.0198326868524 -0.0188319095453 0.592607311019 0.00729975823883 -0.000666619248031 0.0285032287909 0.0128254809128 0.0140271183666 -0.00471973259141 0.0165426754906 0.0179619334298 0.01300423449 0.0126116281939 0.0108574994264 0.011342279225 0.0123415759479 0.00153196884532 0.01035271961 0.00482454449076 -0.00920576475538 0.00891538213469 0.0277252250955 0.00230002552681 0.0181325179097 0.0019381688213 0.0225553778039 0.00168679901286 
0.00258238533888 0.0229985554681 0.0216960973209 0.0240742540419 -0.0101816471194 0.00729975823883 0.208478353194 0.0156688947368 0.0123810059158 0.0329881596141 0.0223821753173 -0.00460557716469 0.0541949996677 0.00222864704659 0.0107453486173 0.00873245806468 0.0145763023909 0.0112742845061 0.0253711955927 0.00376539133249 0.0156330525393 -0.00972612357574 -0.00041934898039 -0.00128347312747 0.0480371589674 0.0131269021076 0.00430683589663 0.0269969659411 0.0443174282221 0.0218445389705 
0.0166968505816 0.0111712301059 0.0120819425754 0.0323376752348 -0.0233819919938 -0.000666619248032 0.0156688947368 0.362471914352 0.0637359481654 0.0116379497607 0.0167065686117 0.041451566822 0.0119837393531 0.0340716764875 0.028456083258 0.0386616684565 0.0227296414133 0.00520528332227 0.00992148739972 0.038412810394 0.0140681400589 -0.00308421069582 0.0062611864572 0.0071554851901 0.0174343810148 0.0179658447504 0.0320298174735 0.0179405483229 0.0100559483207 0.0179026456818 
0.0159072252421 0.0489554699064 0.0428938348784 0.0314119569552 -0.0185955554248 0.0285032287909 0.0123810059158 0.0637359481654 0.552516727012 0.0310853916936 0.0300929038512 0.00941095362311 0.0171281310256 0.0230380664818 0.0408829497934 0.0684610589594 0.0225568595049 0.0162457407529 0.00867902198595 0.0688032004522 0.0252184474749 -0.00609369941304 0.00536822283302 0.0186891014437 0.0458049116972 0.0108363757777 0.0488329096246 0.0236023801997 0.0298011310176 0.0110226937082 
0.00537998683689 0.0392793305973 0.0154785193234 0.0269150689686 -0.00708966568278 0.0128254809128 0.0329881596141 0.0116379497607 0.0310853916936 0.229247615692 0.0271936996079 0.0135477355504 0.037893287228 0.0270224453407 0.0141081958603 0.0152719634963 0.0316744365791 0.0243509814044 0.0152927114854 0.0310443299373 0.030295670026 0.0094269556775 0.0245683180616 0.0264177793836 0.0415236602647 0.0250139605327 0.0130783183015 0.020450480669 0.0429581544962 0.017081431857 
0.0115012703517 0.0524425212863 0.0400197310074 0.022786165869 0.0051676284871 0.0140271183666 0.0223821753173 0.0167065686117 0.0300929038512 0.0271936996079 0.287792071359 0.000524477720661 0.0327587422727 0.0221933609235 0.0204427234021 0.0206738488323 0.0291705436706 0.0277628902757 0.0102261682429 0.00862875867233 0.0178314932544 -0.00404799311232 0.00364968378328 -0.0105339263565 0.0463757620013 0.0133628021663 0.0209690909532 0.0485007041738 0.0224510154924 0.0107306279966 
0.0273959462065 0.00886191158371 0.0280815142303 0.0256244442468 -0.0121437509887 -0.00471973259141 -0.00460557716469 0.041451566822 0.00941095362311 0.0135477355504 0.000524477720657 0.437316225 0.00511078160089 0.0157870334499 0.0180480547164 0.0201701705681 0.0273045472488 0.0217870622004 -0.00505822711171 0.0343619448187 -0.00132296284833 0.0107804160288 0.118140209193 0.155879719724 0.0209701224803 0.0294519904545 0.0141945744974 0.00990305788421 0.0100658661297 0.039467613306 
0.0122045343726 0.0235796347049 0.0156960495569 0.0253185216947 -0.00285876898096 0.0165426754906 0.0541949996678 0.0119837393531 0.0171281310256 0.037893287228 0.0327587422727 0.00511078160089 0.179624514831 0.00940600348197 0.0214391346804 0.0211987091714 0.0100633853395 0.0213885974308 0.0172339254974 0.0179882661793 0.0154419189377 0.00243256016622 0.00502412058717 0.0166267755044 0.0637874955597 0.0110146295367 0.00726517856571 0.0133745980966 0.0525258970961 0.017972618028 
0.00963288268693 0.0157992282904 0.0174561532314 0.0172684069946 -0.00425203656452 0.0179619334298 0.00222864704659 0.0340716764875 0.0230380664818 0.0270224453407 0.0221933609235 0.0157870334499 0.00940600348196 0.267194148566 0.0218796938071 0.0921358459834 0.0211674182317 0.00679217643721 0.00292161269032 -0.00195129228385 0.00334894871004 -0.00202439619197 0.0157876572433 -0.00372048724127 0.00955650418855 0.0145375129208 0.0162019316808 0.0122408245519 0.0189135715202 0.0159072826498 
0.00500187867866 0.0285758077056 0.0313767449406 0.0219884584279 -0.000624381592931 0.01300423449 0.0107453486173 0.028456083258 0.0408829497934 0.0141081958603 0.0204427234021 0.0180480547164 0.0214391346804 0.0218796938071 0.331681125413 0.0411607163487 0.0283048109084 0.0322873897617 -0.00295881348073 0.0134940189351 0.00969103489433 -0.00799214784088 0.0103766643501 0.0103925330086 0.0389824540986 0.0156928387593 0.0278570297779 0.0316468189908 0.0275634660541 0.00725015961048 
0.0303166211091 0.012494263183 0.0577768997471 0.0199968349899 -0.0233160741467 0.0126116281939 0.00873245806468 0.0386616684565 0.0684610589594 0.0152719634963 0.0206738488323 0.0201701705681 0.0211987091714 0.0921358459834 0.0411607163487 0.64074780538 0.019592162306 0.0342069691853 0.0018106055581 0.030907748294 0.0164744865347 -0.00784947559742 0.0140768021074 0.032909220242 0.050402687434 0.0108305530472 -0.000221020662637 0.00827519380665 0.011560585613 0.0111180855384 
0.0173466632315 0.0215261897652 0.0407934009791 0.014325776811 -0.0181524368147 0.0108574994264 0.0145763023909 0.0227296414133 0.0225568595049 0.0316744365791 0.0291705436706 0.0273045472488 0.0100633853395 0.0211674182317 0.0283048109084 0.019592162306 0.233231916994 0.0245197332721 0.000205045154452 0.03148977629 0.0263319943235 0.02272658766 0.0119899903935 0.0341852011727 0.0356640253187 0.0204294301444 0.0533642982951 0.017656510391 0.0107261333673 0.00799972388305 
0.00595870715616 0.0284303040097 0.0235054302325 0.042373741902 -0.0163102518078 0.011342279225 0.0112742845061 0.00520528332227 0.0162457407529 0.0243509814044 0.0277628902757 0.0217870622004 0.0213885974308 0.00679217643721 0.0322873897617 0.0342069691853 0.0245197332721 0.225366699137 0.0132471729034 0.0173904573652 0.0220478352446 0.00400149773359 0.021177473628 0.0229609032545 0.0337221405782 0.0165124041226 0.0188616469137 0.0232401457066 0.0265292103817 0.00786756398461 
0.0102749263783 0.00961474741068 0.0094326601267 0.0169897659506 -0.00236449744387 0.0123415759479 0.0253711955927 0.00992148739972 0.00867902198595 0.0152927114854 0.0102261682429 -0.00505822711171 0.0172339254974 0.00292161269033 -0.00295881348073 0.0018106055581 0.000205045154454 0.0132471729034 0.189341101405 -0.0029184373735 0.0214554959265 0.00228118002539 -0.0021671884856 0.00760855678134 0.0140218982658 0.0149837326404 0.0237027571593 0.0177592593434 0.0124814030025 0.0155632023734 
0.0220029614314 0.0293400108377 0.00154092518007 0.0197361506806 -0.0224598027615 0.00153196884532 0.00376539133249 0.038412810394 0.0688032004522 0.0310443299373 0.00862875867233 0.0343619448187 0.0179882661793 -0.00195129228385 0.0134940189351 0.030907748294 0.03148977629 0.0173904573652 -0.0029184373735 0.421284803428 0.0124783489892 0.00315663601298 0.00274811360807 0.0297137558253 0.0138385423576 0.003645263087 0.030491110431 0.0150263335433 0.013894026644 0.00844445598575 
0.00229093316329 0.0204628284754 0.0123089296093 0.0238954990463 -0.00201229819128 0.01035271961 0.0156330525393 0.0140681400588 0.0252184474749 0.030295670026 0.0178314932544 -0.00132296284833 0.0154419189377 0.00334894871004 0.00969103489433 0.0164744865347 0.0263319943235 0.0220478352446 0.0214554959265 0.0124783489892 0.154257225106 0.0118145844041 0.00256872385374 0.0047292375011 0.0211435497277 0.00982706302522 0.0173794650918 0.0159794156952 0.0206142908137 0.00515231893488 
0.00299220612781 -0.00799289173966 -0.00731128505936 0.022591806274 -0.00647860067192 0.00482454449076 -0.00972612357574 -0.00308421069582 -0.00609369941304 0.0094269556775 -0.00404799311232 0.0107804160288 0.00243256016621 -0.00202439619197 -0.00799214784088 -0.00784947559743 0.02272658766 0.00400149773359 0.00228118002539 0.00315663601298 0.0118145844041 0.534193058961 0.0249803127019 0.0104202947779 -0.00351238739364 0.018329470047 0.0197804045494 -0.00267053341388 0.0137644850209 0.0195318811626 
-0.000875733974873 0.00503881234144 0.0173060938051 0.0174745401837 -0.00352412832734 -0.00920576475538 -0.000419348980391 0.0062611864572 0.00536822283302 0.0245683180616 0.00364968378328 0.118140209193 0.00502412058717 0.0157876572433 0.01037666435 0.0140768021074 0.0119899903935 0.021177473628 -0.00216718848561 0.00274811360807 0.00256872385374 0.0249803127019 0.241816542553 0.0788118459485 0.0191572327501 0.0285462921015 0.00283873509195 0.015400141641 0.0115679280835 0.0225731306806 
0.0048568057704 0.0055901085165 0.0234379931684 0.0288808576131 -0.00855341153988 0.00891538213468 -0.00128347312747 0.0071554851901 0.0186891014437 0.0264177793836 -0.0105339263565 0.155879719724 0.0166267755044 -0.00372048724128 0.0103925330086 0.032909220242 0.0341852011727 0.0229609032545 0.00760855678135 0.0297137558253 0.0047292375011 0.0104202947779 0.0788118459485 0.427952513438 0.0153481192166 0.0306815843526 0.0347672001512 0.000571778816357 0.00231084051316 0.0290125677799 
-0.00478140268385 0.017610226224 0.0368560190609 0.0385235352875 -0.00367451421138 0.0277252250955 0.0480371589674 0.0174343810148 0.0458049116972 0.0415236602647 0.0463757620013 0.0209701224803 0.0637874955597 0.00955650418854 0.0389824540986 0.050402687434 0.0356640253187 0.0337221405782 0.0140218982658 0.0138385423576 0.0211435497277 -0.00351238739364 0.0191572327501 0.0153481192166 0.31089118163 0.0216381783933 0.00282323218091 0.0177136943681 0.0281563710346 0.0216585744507 
-0.00105150347695 0.00851381673712 0.00569414093938 0.0300448017227 0.0036016531005 0.00230002552681 0.0131269021076 0.0179658447504 0.0108363757777 0.0250139605327 0.0133628021663 0.0294519904545 0.0110146295367 0.0145375129208 0.0156928387593 0.0108305530472 0.0204294301444 0.0165124041226 0.0149837326404 0.003645263087 0.00982706302522 0.018329470047 0.0285462921015 0.0306815843526 0.0216381783933 0.206780879621 0.0225142595977 0.00774789197471 0.0199171007032 0.0418998781066 
0.00461936403665 0.0240025090403 0.0246569979165 0.0177298710063 -0.0253307099239 0.0181325179097 0.00430683589664 0.0320298174735 0.0488329096246 0.0130783183015 0.0209690909532 0.0141945744974 0.00726517856571 0.0162019316808 0.0278570297779 -0.000221020662621 0.0533642982951 0.0188616469137 0.0237027571593 0.030491110431 0.0173794650918 0.0197804045494 0.00283873509194 0.0347672001511 0.00282323218092 0.0225142595977 0.830024156219 0.0206699169361 0.00760397559774 0.0099246542215 
0.012415163032 0.0454075219526 0.0268837104915 0.0194630053534 0.0115756956115 0.0019381688213 0.0269969659411 0.0179405483229 0.0236023801997 0.020450480669 0.0485007041738 0.00990305788421 0.0133745980966 0.0122408245519 0.0316468189908 0.00827519380665 0.017656510391 0.0232401457066 0.0177592593434 0.0150263335433 0.0159794156952 -0.00267053341388 0.015400141641 0.000571778816356 0.0177136943681 0.00774789197471 0.0206699169361 0.187460498494 0.0292880892258 0.00470422300133 
0.00958586693287 0.0338282297838 0.0211831219872 0.0376298511404 0.00722395099509 0.0225553778039 0.0443174282221 0.0100559483207 0.0298011310176 0.0429581544962 0.0224510154924 0.0100658661297 0.0525258970961 0.0189135715202 0.0275634660541 0.011560585613 0.0107261333673 0.0265292103817 0.0124814030025 0.013894026644 0.0206142908137 0.0137644850209 0.0115679280835 0.00231084051316 0.0281563710346 0.0199171007032 0.00760397559773 0.0292880892258 0.140323967729 0.0235199232121 
0.0147134322624 0.00897967755906 0.00736607267049 0.0325383900413 0.0122338682288 0.00168679901286 0.0218445389704 0.0179026456818 0.0110226937082 0.017081431857 0.0107306279966 0.039467613306 0.017972618028 0.0159072826498 0.00725015961048 0.0111180855384 0.00799972388305 0.00786756398461 0.0155632023734 0.00844445598575 0.00515231893488 0.0195318811626 0.0225731306806 0.0290125677799 0.0216585744507 0.0418998781066 0.0099246542215 0.00470422300133 0.0235199232121 0.161036717515 

['CZN', 'MTG', 'ASD', 'SPG', 'RSH', 'FSH', 'ZION', 'QLGC', 'XLNX', 'AXP', 'ACE', 'DVN', 'CBSS', 'DIS', 'SPLS', 'MU', 'HON', 'ITW', 'CL', 'CMVT', 'GE', 'KSE', 'CVX', 'WMB', 'NTRS', 'CNP', 'ADCT', 'ABK', 'MTB', 'AEP']