40
0.116988452624 0.0590558874601 0.0766147585819 0.0375994121509 0.066200000993 0.0251604878384 0.0380825412642 0.123248136701 0.0533662879029 0.142835786571 0.0482651065397 0.185879968849 0.0418020448473 0.13159191543 0.266244884644 0.0335830315084 0.136312174374 0.0766878163077 0.061476397973 0.0246636786654 0.039859092222 0.0884893451388 0.101481112582 0.0255776045185 0.0711634289065 0.0202574279786 0.0113752176021 0.0933125666969 0.0439476996979 0.0437869579852 0.0446705301477 0.0299059053764 0.0240188564254 0.023795453615 0.0936509155003 0.0752984700253 0.106415927512 0.0651633165571 0.153319254475 0.0373994541978 
0.463757242891 -0.00363442503375 0.0198513693451 0.0117219771438 0.0329848060629 0.012809346164 0.0138951037058 0.036873375742 0.0203889048745 -0.000980408047064 0.0373219907454 0.0878149602942 0.0418040226627 0.0579874895289 0.0230905847916 0.0206497872607 -0.0161499394777 0.0438365655421 0.0426717303743 0.00851185367956 0.0377439450044 -0.00600969543296 -0.00139884034539 0.0206141581967 0.0116164641199 0.0213522364082 0.0310317078522 0.0212819421355 0.00923837616153 0.00392451642277 0.0010979273463 0.0141864208667 0.032750071373 -0.0113007721369 0.0435181578486 0.0380081355207 0.0489182310296 0.0142123360436 0.0795470759014 0.0206985299053 
-0.00363442503375 0.722348401288 0.0184018003046 0.016990020945 0.0374745111334 0.0152013636594 0.0195868288148 0.0488155796342 -0.000118110958329 -0.0109676876501 0.00729510229462 0.00815221446771 0.00541619594731 0.00210390903022 -0.0103219268927 0.0175423419703 0.00579606592313 0.00268587854893 0.00966258359863 0.012012746764 0.00133890519745 0.0172136963315 0.0105527700729 0.0187545065269 -0.00648565789202 0.00992698763569 0.0018247834301 -0.0163213059188 0.0102055816648 0.0194291384832 -0.00483434560828 0.0248127237443 -0.00506423030948 0.0249327660593 0.0083295088424 0.0305509119383 0.00426726888483 0.0254737788086 0.0101745540591 0.0136038875231 
0.0198513693451 0.0184018003046 0.461641631556 0.0176163717025 -0.0203287648177 0.0150374680938 0.0155843648313 0.0472899843968 0.0127911822488 -0.000243153928771 0.0506775253111 0.0390987013068 0.0230662122684 0.0528868127793 0.0136824193067 0.0577651933923 -0.0151571967518 0.0968206315784 0.028334895686 0.0189575105625 0.0485786571656 0.0776296688234 0.027038203742 -0.0101764354676 0.0463610334317 0.0533398973957 0.0325452632341 -0.000102357919041 0.0191022376392 0.00542318921024 0.057340736472 0.0150495583536 0.0160958978659 0.0189333771384 0.0359761833558 0.0157604254926 0.0392752608929 -0.000307567712177 0.0480886333416 0.0173385419008 
0.0117219771438 0.016990020945 0.0176163717025 0.266679528998 0.0462727375122 0.015523153076 0.0130579587173 0.0319554270713 0.0133977870208 -0.00200951144331 0.0157645609516 0.0144164604342 0.00381199764518 -0.00461559780824 0.0140160562459 0.00418616900584 0.0109532282624 0.00613057669966 0.0195784982681 0.00491064659853 0.00244779441899 0.0191453432622 0.0162709955627 0.00491628129882 -0.00337138109272 0.0162449704415 0.0127024509346 0.0154402701554 0.0156630168687 0.0108047917399 0.00403377488224 0.0159956566579 0.00585296604842 0.0179001616732 0.0122792205968 0.00400952644096 0.0125496000806 0.0134402242282 0.0128364941015 0.0109771843708 
0.0329848060629 0.0374745111334 -0.0203287648177 0.0462727375122 0.645533117134 0.0299015471931 -0.000942628977567 0.0484319794116 0.0113744593916 0.00651679312647 0.026835546345 0.020871405015 0.0250624320227 0.0281949898349 0.0143221576011 -0.00764976289983 0.0133211723568 -0.0150392359487 -0.00659648378536 0.00885643988513 0.01116981075 0.0233183566971 0.0114932336637 0.0209439009016 -0.00249688235478 -0.00649069186027 0.0194035652965 -0.0198591390905 -0.00896181515621 0.0246851260251 -0.00688740061175 0.0327702428536 0.0365510517446 0.0442983297199 0.045470479918 -0.00381057519911 0.00510925886278 0.05108256479 0.0145593977194 0.0275656418967 
0.012809346164 0.0152013636594 0.0150374680938 0.015523153076 0.0299015471931 0.176591762881 0.00320526327606 0.0120374244525 0.0177876806572 -0.00650174644547 0.0180484730115 0.00694498844518 0.0175835198837 0.00338111753063 0.0160899178189 0.00950564831256 -0.0116407727914 0.0214827296744 0.0271597951153 0.0256463574292 0.00523198392492 -0.00100771225141 -0.00977538030256 0.0176059165083 0.00115821259114 0.0187663099613 0.00756923791712 0.0128354049687 -0.000769483162209 0.0192018678418 0.0201184932118 0.0153973815862 0.0180484541531 0.0149585445066 0.0167151759573 0.0225309412924 0.0155996005275 0.0199010827722 0.0382212672333 0.028590136457 
0.0138951037058 0.0195868288148 0.0155843648313 0.0130579587173 -0.000942628977567 0.00320526327606 0.221391057205 0.0290303230175 0.0161102614125 0.00299063381636 0.0209304507407 0.0108528376508 0.0257289327815 0.0188975166938 0.0543491242976 0.0281220175028 -0.00605595620801 0.0293321605272 0.0270731809624 0.00470118467584 0.00163512453154 0.0238069926275 0.00452343879251 0.010024004348 0.0236157027632 0.0143981812899 0.00916282380619 0.104907874669 0.0112124039819 0.0137982099461 0.0134069743957 0.01944683226 0.023519788029 0.000686052631921 0.0248045947036 0.0225748604578 0.0270603258797 0.0220125429803 0.0245758860485 0.000556500746068 
0.036873375742 0.0488155796342 0.0472899843968 0.0319554270713 0.0484319794116 0.0120374244525 0.0290303230175 0.465372741119 0.00620546243115 -0.00443448289999 0.0286941740702 0.0585567141808 0.0277841143914 0.0613138629421 0.0329745102683 0.0260662542765 -0.00818356405891 0.0479698283929 0.0338056385497 0.0112915872285 0.0143228226884 0.03493572175 0.00267275056656 -0.00118774571796 0.0199585294591 0.0284634733544 0.0177960188072 -0.011056727531 0.0026543817269 0.0164743088102 0.0318511727928 0.0272658551512 0.018038145298 0.0210622700688 0.0183103445123 0.0375866061752 -0.00388755846067 0.024824567238 0.0372875931778 0.0268719552799 
0.0203889048745 -0.000118110958329 0.0127911822488 0.0133977870208 0.0113744593916 0.0177876806572 0.0161102614125 0.00620546243115 0.426575221558 -0.0116235050901 0.0351891383762 0.00220108234613 0.0136872743843 0.00744040899705 -0.0163602676181 0.044349726299 8.47732466902e-05 0.00353349793022 0.010969738514 0.0229720413233 0.0133777812367 0.00491121448616 0.011479149697 0.00920243272393 0.00753239335738 0.0104692106242 0.0455197733223 0.0192733344691 0.00156891307649 -0.00589912133493 0.0319841619242 -0.00544475697689 0.0171311171426 0.0111626221863 0.0258370652749 0.0229237365945 0.00684815872861 0.00930952817766 0.00979232608751 0.00837455685366 
-0.000980408047064 -0.0109676876501 -0.000243153928771 -0.00200951144331 0.00651679312647 -0.00650174644547 0.00299063381636 -0.00443448289999 -0.0116235050901 1.25243783583 0.0144753672834 0.0144687393497 0.00306419599324 0.00601210192103 0.0211267972502 0.0264698267242 -0.0171140174772 0.01349462625 0.00448514475985 0.00640910296073 -0.0104752813429 0.0375290931378 -0.0023550148344 0.00323048582278 -0.0172331840679 0.032748057199 0.00129766170208 -0.00108360053174 0.0247698746897 0.00155813118007 0.0329936871353 0.0010080609779 0.00125545088469 0.0140928780411 0.00578716465212 -0.0331867706377 0.0297295840163 0.0250304697161 0.024202706118 0.00571156445497 
0.0373219907454 0.00729510229462 0.0506775253111 0.0157645609516 0.026835546345 0.0180484730115 0.0209304507407 0.0286941740702 0.0351891383762 0.0144753672834 0.300699991268 0.0202547549094 -0.00501495811402 0.0148542808586 0.00339381613918 0.0146889292709 -0.000228773048289 0.0494962217395 0.0305937720928 0.0178052340766 0.0219030699456 0.0285317925782 -0.00016812604097 0.016556888556 -0.000628966239437 0.030310284791 0.0226335275818 -0.00906125892104 0.00744998344855 0.0229212310343 0.0286384418327 0.0221745875641 0.0120285497101 0.0152414583637 0.038054754171 0.0152769573779 0.00767124796422 0.00176806665776 0.0111783003209 0.0233860634708 
0.0878149602942 0.00815221446771 0.0390987013068 0.0144164604342 0.020871405015 0.00694498844518 0.0108528376508 0.0585567141808 0.00220108234613 0.0144687393497 0.0202547549094 0.639520422856 0.0496315835234 0.116547242129 0.0468579226493 0.0322062813643 -0.0177623575271 0.0423573494309 0.0414679114593 0.013376343619 0.0390236741142 0.00776222012918 0.0201039374649 0.0200285841507 0.0272071144234 0.0459282336895 0.0149666777341 0.0151216482465 0.00439848332079 0.0426294803486 0.0148048351024 0.0135877108115 0.043411662017 0.00782552003785 0.0462576094098 0.076746096947 0.0603215177536 0.024036011779 0.0267604403168 0.0169841763895 
0.0418040226627 0.00541619594731 0.0230662122684 0.00381199764518 0.0250624320227 0.0175835198837 0.0257289327815 0.0277841143914 0.0136872743843 0.00306419599324 -0.00501495811401 0.0496315835234 0.249718549955 0.0402553679195 -0.00545824118184 0.0165308867865 -0.00038127053503 0.0345363506575 0.0354346845188 0.0177933206279 0.0253264603189 0.00403265251297 0.0116534524879 0.0154590063492 -0.00220211718044 0.0458462951607 0.0285291975922 0.0141120400106 -0.00279646780183 0.0174121887176 0.0189028200629 0.0309995752425 0.0130081715892 0.0205637704088 0.0261961018217 0.0103027678299 0.0469398101237 0.028044408311 0.0285531935581 0.0259134417535 
0.0579874895289 0.00210390903022 0.0528868127793 -0.00461559780825 0.0281949898349 0.00338111753063 0.0188975166938 0.0613138629421 0.00744040899705 0.00601210192103 0.0148542808586 0.116547242129 0.0402553679195 0.541496803854 0.00491583916707 0.0147918675081 -8.10492738745e-05 0.0583314699436 0.0394010069698 0.00892030141077 0.0431332520837 0.0293675727151 0.0212642486919 0.00611916953871 0.00704189162996 0.0507138470395 0.00178401539985 0.0134043647154 0.017408336455 0.0175004409126 0.0266869422554 0.0129346829812 0.0200331723087 0.0319354315485 0.0319733818649 0.0289874958768 0.0491153832867 0.056785935987 0.0019373660416 0.015837958114 
0.0230905847916 -0.0103219268927 0.0136824193067 0.0140160562459 0.0143221576011 0.0160899178189 0.0543491242976 0.0329745102683 -0.0163602676181 0.0211267972502 0.00339381613918 0.0468579226493 -0.00545824118184 0.00491583916707 2.26842528981 0.027481683327 -0.0121679323927 0.063457223275 0.064483972488 0.0211135582586 0.00964427407992 0.123398151914 0.00476273114757 0.0236194814533 0.021330186398 0.0413814593675 -0.00406799657545 0.0237355993365 0.00863898441897 0.0299111500629 0.0746132159509 0.00950141970856 0.013083480198 -0.011297755003 0.0242352178695 -0.000823878247668 0.00100677607896 0.00273119816518 0.054323478805 0.0015794204977 
0.0206497872607 0.0175423419703 0.0577651933923 0.00418616900585 -0.00764976289983 0.00950564831256 0.0281220175028 0.0260662542765 0.044349726299 0.0264698267242 0.0146889292709 0.0322062813643 0.0165308867865 0.0147918675081 0.027481683327 0.277161314592 -0.0116125863505 0.0990680090677 0.0339759336924 -0.00288768525808 0.0112217989973 0.0284602916552 0.0162708691072 0.0285035552805 0.0147626465749 0.0308358301726 0.0391795146379 0.00181454473632 0.00188069272008 -0.00716831232039 0.0580709553389 0.0123997292157 0.00874790324257 0.00473557177132 0.0254221931963 0.00863021605891 0.0510849102336 0.00503331143159 0.021351062387 0.000120460441662 
-0.0161499394777 0.00579606592313 -0.0151571967518 0.0109532282624 0.0133211723568 -0.0116407727914 -0.00605595620801 -0.00818356405891 8.477324669e-05 -0.0171140174772 -0.00022877304829 -0.0177623575271 -0.000381270535031 -8.10492738751e-05 -0.0121679323927 -0.0116125863505 1.94219900015 0.00969578886269 -0.0148327230723 -0.00882938634734 -0.00359464007448 -0.00798554055419 -0.0184906187642 0.00705384581688 -0.00388418409595 -0.0074376689749 -0.0136723121151 -0.0278699176742 -0.00207116052589 -0.0117223377011 -0.00665293644292 -0.0174510597257 -0.00963503118724 0.00620336283472 -0.00704629255809 -0.0120275385195 -0.00384081656602 -0.00146633025599 -0.0183297642799 -0.01534689558 
0.0438365655421 0.00268587854893 0.0968206315784 0.00613057669966 -0.0150392359487 0.0214827296744 0.0293321605272 0.0479698283929 0.00353349793022 0.01349462625 0.0494962217395 0.0423573494309 0.0345363506575 0.0583314699436 0.063457223275 0.0990680090677 0.00969578886269 0.419622809581 0.0443770705732 0.00478173789911 0.0140794878309 0.0165204203279 0.0215196359945 0.00873894098105 0.0131937735436 0.0429784186276 0.035779491756 0.01284301913 0.0126399451341 0.0104960825002 0.112696819526 0.0120829893086 0.0349520836075 0.00913870057667 0.0476206370707 0.0502824641299 0.0695377342829 0.0158944150135 0.0700968058753 0.00321088422917 
0.0426717303743 0.00966258359863 0.028334895686 0.0195784982681 -0.00659648378536 0.0271597951153 0.0270731809624 0.0338056385497 0.010969738514 0.00448514475985 0.0305937720928 0.0414679114593 0.0354346845188 0.0394010069698 0.064483972488 0.0339759336924 -0.0148327230723 0.0443770705732 0.266220691119 0.0252037797937 0.042703469081 0.0282839578067 0.0259747749345 0.0150951328431 0.0172706498437 0.0268420015488 0.0351358755168 0.0438612248185 0.00849075475142 0.0257520417101 0.0274715039295 0.0142819488521 0.0197388884585 0.0178414203065 0.0447550283888 0.0413234894131 0.0379238942831 0.0289129076631 0.0776490983298 0.0469549437436 
0.00851185367956 0.012012746764 0.0189575105625 0.00491064659853 0.00885643988513 0.0256463574292 0.00470118467584 0.0112915872285 0.0229720413233 0.00640910296073 0.0178052340766 0.013376343619 0.0177933206279 0.00892030141077 0.0211135582586 -0.00288768525808 -0.00882938634734 0.00478173789911 0.0252037797937 0.137156957664 0.0188666638929 0.00545041212108 -0.00144837974847 0.0133688333613 -0.00329851464085 0.0124450626101 0.00448478734753 0.00814907941633 0.00497163101155 0.0139286717942 0.00701068762345 0.0163501060171 0.0223173402914 0.0219719975461 0.0118764806091 0.0139872524917 0.00409674064996 0.00977024324041 0.0116292032033 0.00776143992971 
0.0377439450044 0.00133890519745 0.0485786571656 0.00244779441899 0.01116981075 0.00523198392492 0.00163512453154 0.0143228226884 0.0133777812367 -0.0104752813429 0.0219030699456 0.0390236741142 0.0253264603189 0.0431332520837 0.00964427407992 0.0112217989973 -0.00359464007448 0.0140794878309 0.042703469081 0.0188666638929 0.274236009914 0.0095884753101 -0.0158499254977 0.0126342294114 0.0205488659649 0.017575037901 0.016223490231 0.00437548196497 0.00052908571893 0.00569793455953 0.027605988209 0.019995894518 0.0105012393133 0.0180261133683 0.0283146196053 0.0275330345794 0.0186498521977 0.0131989842198 0.0371009430372 0.0255343756546 
-0.00600969543296 0.0172136963315 0.0776296688234 0.0191453432622 0.0233183566971 -0.00100771225141 0.0238069926275 0.03493572175 0.00491121448616 0.0375290931378 0.0285317925782 0.00776222012918 0.00403265251297 0.0293675727151 0.123398151914 0.0284602916552 -0.00798554055419 0.0165204203279 0.0282839578067 0.00545041212108 0.0095884753101 0.458512042408 0.0836148147677 0.00025135420689 0.00709464674606 0.0448920195453 0.0156591144118 -0.00211502461259 0.0238715946312 0.0234276000215 0.0215251249398 0.0314147079838 0.0248060740201 0.00330838517024 0.0254759528351 0.00333405603466 0.02655783671 0.000268212767616 0.0265787231055 0.00753494490719 
-0.00139884034539 0.0105527700729 0.027038203742 0.0162709955627 0.0114932336637 -0.00977538030256 0.00452343879251 0.00267275056656 0.011479149697 -0.0023550148344 -0.00016812604097 0.0201039374649 0.0116534524879 0.0212642486919 0.00476273114757 0.0162708691072 -0.0184906187642 0.0215196359945 0.0259747749345 -0.00144837974847 -0.0158499254977 0.0836148147677 0.922119522215 -0.00633875113473 -0.0015800879744 0.0102697402227 0.00711455229502 -0.000122775228414 -0.0042988465166 0.000338000723235 0.027879334321 0.000269705021402 0.00925147233917 0.000242365431229 0.0163938618155 0.00306265762407 0.0574341832978 0.0196977635692 -0.00784746180797 0.00511662101058 
0.0206141581967 0.0187545065269 -0.0101764354676 0.00491628129882 0.0209439009016 0.0176059165083 0.010024004348 -0.00118774571796 0.00920243272393 0.00323048582278 0.016556888556 0.0200285841507 0.0154590063492 0.00611916953871 0.0236194814533 0.0285035552805 0.00705384581688 0.00873894098105 0.0150951328431 0.0133688333613 0.0126342294114 0.000251354206891 -0.00633875113473 0.322869802661 0.0236449874869 0.0126581253586 0.00858285616224 0.0117202901817 0.00451885205865 0.0119637050519 0.0121346804494 0.0176172957039 0.0242721498273 0.006037719926 0.0171202676444 0.0163914184596 -0.0161843840251 0.0103272443254 0.0270885430874 -0.000916657173347 
0.0116164641199 -0.00648565789202 0.0463610334317 -0.00337138109272 -0.00249688235478 0.00115821259114 0.0236157027632 0.0199585294591 0.00753239335738 -0.0172331840679 -0.000628966239437 0.0272071144234 -0.00220211718044 0.00704189162996 0.021330186398 0.0147626465749 -0.00388418409595 0.0131937735436 0.0172706498437 -0.00329851464085 0.0205488659649 0.00709464674606 -0.0015800879744 0.0236449874869 0.636119149637 0.015992996886 0.00993859857516 0.00807261252938 0.00709212540073 0.0339158458413 0.00531512678877 0.0117814358357 0.0145522222405 0.0227344517894 0.0170718968567 0.00936745618532 0.0457756968651 -0.000761543469661 0.0264256394337 0.0140221936366 
0.0213522364082 0.00992698763569 0.0533398973957 0.0162449704415 -0.00649069186027 0.0187663099613 0.0143981812899 0.0284634733544 0.0104692106242 0.032748057199 0.030310284791 0.0459282336895 0.0458462951607 0.0507138470395 0.0413814593675 0.0308358301726 -0.0074376689749 0.0429784186276 0.0268420015488 0.0124450626101 0.017575037901 0.0448920195453 0.0102697402227 0.0126581253586 0.015992996886 0.270941701608 0.0198128903882 -0.0138311662431 0.00728170159827 0.00544818965062 0.0311185628098 0.0171424248554 0.0177332129658 0.0160230511102 0.0208567410471 0.0255495793147 0.0344492614987 0.00474488886188 0.0250742783529 0.0103811732107 
0.0310317078522 0.0018247834301 0.0325452632341 0.0127024509346 0.0194035652965 0.00756923791712 0.00916282380619 0.0177960188072 0.0455197733223 0.00129766170208 0.0226335275818 0.0149666777341 0.0285291975922 0.00178401539985 -0.00406799657545 0.0391795146379 -0.0136723121151 0.035779491756 0.0351358755168 0.00448478734753 0.016223490231 0.0156591144118 0.00711455229502 0.00858285616224 0.00993859857516 0.0198128903882 0.216951427587 0.000935358272261 -0.0128787276253 0.0135114431244 0.00539949004692 0.0162328476983 0.00939648241481 0.0149656968714 0.0280127011659 0.00924786444847 0.00965803795237 0.0154072002967 0.0104332145015 0.0322572454645 
0.0212819421355 -0.0163213059188 -0.00010235791904 0.0154402701554 -0.0198591390905 0.0128354049687 0.104907874669 -0.011056727531 0.0192733344691 -0.00108360053174 -0.00906125892104 0.0151216482465 0.0141120400106 0.0134043647154 0.0237355993365 0.00181454473632 -0.0278699176742 0.01284301913 0.0438612248185 0.00814907941633 0.00437548196498 -0.00211502461259 -0.000122775228413 0.0117202901817 0.00807261252938 -0.0138311662431 0.000935358272261 0.992760981228 -0.0097395780476 0.0372290439089 0.0125956172989 -0.00187187931191 0.0113985722861 0.00609046013987 -0.00319777770326 0.0153552283358 0.00294353477332 -0.0044063199789 0.0240329605503 0.00658146224735 
0.00923837616153 0.0102055816648 0.0191022376392 0.0156630168687 -0.00896181515621 -0.000769483162209 0.0112124039819 0.0026543817269 0.00156891307649 0.0247698746897 0.00744998344855 0.00439848332079 -0.00279646780183 0.017408336455 0.00863898441897 0.00188069272008 -0.00207116052589 0.0126399451341 0.00849075475142 0.00497163101155 0.00052908571893 0.0238715946312 -0.0042988465166 0.00451885205865 0.00709212540073 0.00728170159827 -0.0128787276253 -0.0097395780476 0.187069676489 0.022941831976 0.0195278601067 0.0143120281413 0.0256569423098 0.00325304641884 0.0154770133493 0.0148565310912 -0.00176467216346 0.00883576562978 0.0126626230434 0.0187371643256 
0.00392451642277 0.0194291384832 0.00542318921023 0.0108047917399 0.0246851260251 0.0192018678418 0.0137982099461 0.0164743088102 -0.00589912133493 0.00155813118007 0.0229212310343 0.0426294803486 0.0174121887176 0.0175004409126 0.0299111500629 -0.00716831232039 -0.0117223377011 0.0104960825002 0.0257520417101 0.0139286717942 0.00569793455953 0.0234276000215 0.000338000723234 0.0119637050519 0.0339158458413 0.00544818965062 0.0135114431244 0.0372290439089 0.022941831976 0.273027995278 -0.0142976813402 0.0158091118282 0.014763659341 0.0212425928592 0.0286205886228 0.015783706766 0.0114817886543 0.0320882051211 0.0154698827487 0.0190321312901 
0.0010979273463 -0.00483434560828 0.057340736472 0.00403377488224 -0.00688740061175 0.0201184932118 0.0134069743957 0.0318511727928 0.0319841619242 0.0329936871353 0.0286384418327 0.0148048351024 0.0189028200629 0.0266869422554 0.0746132159509 0.0580709553389 -0.00665293644292 0.112696819526 0.0274715039295 0.00701068762345 0.027605988209 0.0215251249398 0.027879334321 0.0121346804494 0.00531512678877 0.0311185628098 0.00539949004692 0.0125956172989 0.0195278601067 -0.0142976813402 0.300195743973 0.0157891170839 0.0118257027505 0.0122649000189 0.025056071055 0.0326504580225 0.0441415560281 0.0157498943833 0.0185509929987 0.0238688828152 
0.0141864208667 0.0248127237443 0.0150495583536 0.0159956566579 0.0327702428536 0.0153973815862 0.01944683226 0.0272658551512 -0.00544475697689 0.0010080609779 0.0221745875641 0.0135877108115 0.0309995752425 0.0129346829812 0.00950141970856 0.0123997292157 -0.0174510597257 0.0120829893086 0.0142819488521 0.0163501060171 0.019995894518 0.0314147079838 0.000269705021402 0.0176172957039 0.0117814358357 0.0171424248554 0.0162328476983 -0.00187187931191 0.0143120281413 0.0158091118282 0.0157891170839 0.270559380309 0.020269095882 0.00926251892123 0.0351824247323 0.0368115164814 0.00695561574836 0.0168860069739 0.0118492926982 0.0250590630066 
0.032750071373 -0.00506423030948 0.0160958978659 0.00585296604842 0.0365510517446 0.0180484541531 0.0235197880289 0.018038145298 0.0171311171426 0.00125545088469 0.0120285497101 0.043411662017 0.0130081715892 0.0200331723087 0.013083480198 0.00874790324257 -0.00963503118724 0.0349520836075 0.0197388884585 0.0223173402914 0.0105012393133 0.0248060740201 0.00925147233917 0.0242721498273 0.0145522222405 0.0177332129658 0.00939648241481 0.0113985722861 0.0256569423098 0.014763659341 0.0118257027505 0.020269095882 0.191762680479 0.000472932999206 0.0261080930885 0.0255085466096 0.0376851694344 0.00396552910673 0.0351196052325 0.0334806633368 
-0.0113007721369 0.0249327660593 0.0189333771384 0.0179001616732 0.0442983297199 0.0149585445066 0.000686052631921 0.0210622700688 0.0111626221863 0.0140928780411 0.0152414583637 0.00782552003785 0.0205637704088 0.0319354315485 -0.011297755003 0.00473557177132 0.00620336283472 0.00913870057667 0.0178414203065 0.0219719975461 0.0180261133683 0.00330838517024 0.000242365431228 0.006037719926 0.0227344517894 0.0160230511102 0.0149656968714 0.00609046013987 0.00325304641884 0.0212425928592 0.0122649000189 0.00926251892123 0.000472932999206 0.186665703008 0.00269773170848 0.00212203122898 -0.00179680129536 0.0557735985999 0.00957581459204 0.0091200846221 
0.0435181578486 0.0083295088424 0.0359761833558 0.0122792205968 0.045470479918 0.0167151759573 0.0248045947036 0.0183103445123 0.0258370652749 0.00578716465212 0.038054754171 0.0462576094098 0.0261961018217 0.0319733818649 0.0242352178695 0.0254221931963 -0.00704629255809 0.0476206370707 0.0447550283888 0.0118764806091 0.0283146196053 0.0254759528351 0.0163938618155 0.0171202676444 0.0170718968567 0.0208567410471 0.0280127011659 -0.00319777770326 0.0154770133493 0.0286205886228 0.025056071055 0.0351824247323 0.0261080930885 0.00269773170848 0.453629646202 0.0322570284097 0.0695072452123 0.00419880540374 0.0722812845473 0.0462221728039 
0.0380081355207 0.0305509119383 0.0157604254926 0.00400952644096 -0.00381057519911 0.0225309412924 0.0225748604578 0.0375866061752 0.0229237365945 -0.0331867706377 0.0152769573779 0.076746096947 0.0103027678299 0.0289874958768 -0.000823878247668 0.00863021605891 -0.0120275385195 0.0502824641299 0.0413234894131 0.0139872524917 0.0275330345794 0.00333405603466 0.00306265762407 0.0163914184596 0.00936745618532 0.0255495793147 0.00924786444847 0.0153552283358 0.0148565310912 0.015783706766 0.0326504580225 0.0368115164814 0.0255085466096 0.00212203122898 0.0322570284097 0.482128167252 0.0407614977318 0.00695928636455 0.0734041408665 0.0105337238341 
0.0489182310296 0.00426726888484 0.0392752608929 0.0125496000806 0.00510925886278 0.0155996005275 0.0270603258797 -0.00388755846067 0.0068481587286 0.0297295840163 0.00767124796422 0.0603215177536 0.0469398101237 0.0491153832867 0.00100677607896 0.0510849102336 -0.00384081656602 0.0695377342829 0.0379238942831 0.00409674064996 0.0186498521977 0.02655783671 0.0574341832978 -0.0161843840251 0.0457756968651 0.0344492614987 0.00965803795236 0.00294353477332 -0.00176467216346 0.0114817886543 0.0441415560281 0.00695561574836 0.0376851694344 -0.00179680129536 0.0695072452123 0.0407614977318 0.605153478573 0.0210496288179 0.0623107686471 0.0236876815839 
0.0142123360436 0.0254737788086 -0.000307567712178 0.0134402242282 0.05108256479 0.0199010827722 0.0220125429803 0.024824567238 0.00930952817766 0.0250304697161 0.00176806665776 0.024036011779 0.028044408311 0.056785935987 0.00273119816518 0.00503331143159 -0.00146633025599 0.0158944150135 0.0289129076631 0.00977024324041 0.0131989842198 0.000268212767616 0.0196977635692 0.0103272443254 -0.000761543469661 0.00474488886188 0.0154072002967 -0.0044063199789 0.00883576562978 0.0320882051211 0.0157498943833 0.0168860069739 0.00396552910673 0.0557735985999 0.00419880540374 0.00695928636455 0.0210496288179 0.24938890232 0.0218762839674 0.0130790555811 
0.0795470759014 0.0101745540591 0.0480886333416 0.0128364941015 0.0145593977194 0.0382212672333 0.0245758860485 0.0372875931778 0.00979232608751 0.024202706118 0.0111783003209 0.0267604403168 0.0285531935581 0.0019373660416 0.054323478805 0.021351062387 -0.0183297642799 0.0700968058753 0.0776490983298 0.0116292032033 0.0371009430372 0.0265787231055 -0.00784746180797 0.0270885430874 0.0264256394337 0.0250742783529 0.0104332145015 0.0240329605503 0.0126626230434 0.0154698827487 0.0185509929987 0.0118492926982 0.0351196052325 0.00957581459204 0.0722812845473 0.0734041408665 0.0623107686471 0.0218762839674 0.610491623328 0.0324086726303 
0.0206985299053 0.0136038875231 0.0173385419008 0.0109771843708 0.0275656418967 0.028590136457 0.000556500746068 0.0268719552799 0.00837455685366 0.00571156445497 0.0233860634708 0.0169841763895 0.0259134417535 0.015837958114 0.0015794204977 0.000120460441663 -0.01534689558 0.00321088422917 0.0469549437436 0.00776143992971 0.0255343756546 0.00753494490719 0.00511662101058 -0.000916657173346 0.0140221936366 0.0103811732107 0.0322572454645 0.00658146224735 0.0187371643256 0.0190321312901 0.0238688828152 0.0250590630066 0.0334806633368 0.0091200846221 0.0462221728039 0.0105337238341 0.0236876815839 0.0130790555811 0.0324086726303 0.317563499939 

['FLR', 'BOL', 'QCOM', 'ACV', 'AVP', 'WFC', 'EDS', 'GILD', 'NWL', 'THC', 'MCD', 'X', 'GWW', 'RDC', 'TLAB', 'LLTC', 'KMI', 'KLAC', 'BEN', 'TMK', 'CIT', 'BMC', 'CSCO', 'HRB', 'ACS', 'APCC', 'FO', 'GT', 'LH', 'WLP', 'AMAT', 'XL', 'PPG', 'ETR', 'JWN', 'STJ', 'ADSK', 'AYE', 'CC', 'GPS']