20
0.0309081568087 0.542098982398 0.0215013837744 0.0394797478448 0.0256056876134 0.214537342356 0.123612909007 0.0511846892664 0.022369934908 0.0231907610599 0.0442487549982 0.0746691414478 0.0621529110589 0.0780955523414 0.039859092222 0.0399774891594 0.00873698993333 0.0347696809731 0.0997806882374 0.045759308444 
0.296262148888 -0.00100001099125 0.0296073520069 0.0147870473067 0.0112927504456 0.0373038358967 -0.0115892241005 0.00785593899147 0.031557480479 0.024946162598 0.0264092152089 0.0385406416423 0.0585153552645 0.0477187958627 0.0310403096029 0.0198973768898 0.00776093862314 0.00400142317109 0.018245323027 0.00269986767852 
-0.00100001099125 8.19497289574 0.0397479636474 0.0266966925049 0.00478663254423 0.0463188227829 -0.010541338287 -0.00105044466944 0.003726944419 0.0166517762331 0.0263539831362 0.0249098483482 -0.0052907339624 0.00448560299094 0.0210414759054 0.000558474247397 0.0215346908925 0.00637514890884 -0.0128978624773 0.0738238588493 
0.0296073520069 0.0397479636474 0.287931253611 0.0385737832741 0.00880448388394 0.0537287100496 0.0181153540755 0.0271029904647 0.0229648579599 0.0258292464749 0.0203413602859 0.0372776398493 0.0215180793729 0.0180102645095 0.0315964243495 -0.0249499501554 0.0278108306795 0.0226101351933 0.0281062940752 0.0146201157996 
0.0147870473067 0.0266966925049 0.0385737832741 0.337706763548 0.0255978841329 0.0559798977268 -0.00414620095615 0.0130178060933 0.0336537222057 0.012852039577 0.017963682993 0.00680147576896 0.0208744855074 0.0110194544361 0.0264374426538 0.00517191549855 0.0143303769651 0.0257280803276 0.0279858617098 0.0257426859865 
0.0112927504456 0.00478663254423 0.00880448388395 0.0255978841329 0.22359009193 0.0256410597541 0.00317622534745 0.0137510513012 0.0117761202628 0.0227416911703 -0.00473469432792 0.0170472700561 0.0242486443725 0.00502567984478 0.0049285062878 -0.0036307949649 0.0209221854618 0.0118523824293 0.0136510868605 0.00890304977531 
0.0373038358967 0.0463188227829 0.0537287100496 0.0559798977268 0.0256410597541 0.983009616873 0.0448558517333 0.0503680857745 0.0543069041211 0.00807991461764 0.035686772442 0.0379174486147 0.0391220054095 0.0481616651653 0.0448740196032 0.00897279362376 0.00693271912311 0.047251409984 0.0510072316482 0.0127086785523 
-0.0115892241005 -0.010541338287 0.0181153540755 -0.00414620095615 0.00317622534744 0.0448558517333 1.04471317701 0.00937913825172 0.00646058518255 -0.0179630282105 0.0302135414891 -0.0101131501995 0.0122605135358 0.0343564880858 0.023049522239 -0.00623920194861 0.00847347921092 0.0115676982911 0.0466017743154 0.0141369078317 
0.00785593899147 -0.00105044466944 0.0271029904647 0.0130178060933 0.0137510513012 0.0503680857745 0.00937913825172 0.342849690814 0.0250440993331 0.0127189175786 0.0229590071185 0.0330710900474 0.00825542478675 0.0472192502249 0.0193733326832 -0.000941614159486 0.0128837440295 0.0312871850031 0.0218270172361 0.0122774981288 
0.031557480479 0.003726944419 0.0229648579599 0.0336537222057 0.0117761202628 0.0543069041211 0.00646058518256 0.0250440993331 0.212931664172 0.00524499229586 0.0232737846621 0.0293950896747 0.0174322380168 0.025420355785 0.0222962133434 0.0019598488961 0.0193771405844 0.0357637469831 0.0364606184157 0.00857949687909 
0.024946162598 0.0166517762331 0.0258292464749 0.012852039577 0.0227416911703 0.00807991461764 -0.0179630282105 0.0127189175786 0.00524499229586 0.237600217059 0.0061070021427 0.0234296770224 0.0179481459477 0.000316061037185 0.024164686518 0.0354051821545 0.0216203419742 0.0380073219888 0.0175728085823 0.0118873815491 
0.0264092152088 0.0263539831362 0.0203413602859 0.017963682993 -0.00473469432792 0.035686772442 0.0302135414891 0.0229590071185 0.0232737846621 0.0061070021427 0.279769951473 0.0195920149184 0.0172300378642 0.0219838444283 0.0298770619851 0.0076063633158 0.0182841703327 0.0238363183589 0.0167063162688 0.00189630349007 
0.0385406416423 0.0249098483482 0.0372776398493 0.00680147576896 0.0170472700561 0.0379174486147 -0.0101131501995 0.0330710900474 0.0293950896747 0.0234296770224 0.0195920149184 0.511020159205 0.0109144985772 0.0312819023858 0.0147228720183 -0.00141609209186 0.00839953490929 0.0195501890966 0.0347171750425 0.0284660887007 
0.0585153552645 -0.0052907339624 0.0215180793729 0.0208744855074 0.0242486443726 0.0391220054095 0.0122605135358 0.00825542478675 0.0174322380168 0.0179481459477 0.0172300378642 0.0109144985772 0.336499210581 0.0309461680223 0.0150947717508 -0.00477455372543 0.0125072047213 0.016707374342 0.0228960714198 0.0157112320844 
0.0477187958627 0.00448560299094 0.0180102645095 0.0110194544361 0.00502567984478 0.0481616651652 0.0343564880858 0.0472192502249 0.025420355785 0.000316061037185 0.0219838444283 0.0312819023858 0.0309461680223 0.574938534143 0.0352704008319 0.00878170107497 0.0186805348041 0.0336332732397 0.0187917722736 0.00305276906371 
0.0310403096029 0.0210414759054 0.0315964243495 0.0264374426538 0.00492850628781 0.0448740196032 0.023049522239 0.0193733326832 0.0222962133434 0.024164686518 0.029877061985 0.0147228720183 0.0150947717508 0.0352704008319 0.28580858423 -0.00111316857712 0.00471993572616 0.0298454851019 0.014300174915 0.038745221919 
0.0198973768898 0.000558474247397 -0.0249499501554 0.00517191549855 -0.0036307949649 0.00897279362376 -0.00623920194861 -0.000941614159486 0.0019598488961 0.0354051821545 0.0076063633158 -0.00141609209186 -0.00477455372543 0.00878170107497 -0.00111316857712 0.449379424916 0.00495017480647 -0.00808067975163 -0.00132684052896 0.00533248834799 
0.00776093862314 0.0215346908925 0.0278108306795 0.0143303769651 0.0209221854618 0.00693271912311 0.00847347921092 0.0128837440295 0.0193771405844 0.0216203419742 0.0182841703327 0.00839953490929 0.0125072047213 0.0186805348041 0.00471993572615 0.00495017480647 0.116308216772 0.0169842855073 0.0250818506368 0.0108136724501 
0.0040014231711 0.00637514890884 0.0226101351933 0.0257280803276 0.0118523824293 0.047251409984 0.0115676982911 0.0312871850031 0.0357637469831 0.0380073219889 0.0238363183589 0.0195501890966 0.016707374342 0.0336332732397 0.0298454851019 -0.00808067975162 0.0169842855073 0.244099239966 0.018410502815 0.0350026614425 
0.018245323027 -0.0128978624773 0.0281062940752 0.0279858617098 0.0136510868605 0.0510072316482 0.0466017743154 0.0218270172361 0.0364606184157 0.0175728085823 0.0167063162688 0.0347171750425 0.0228960714198 0.0187917722736 0.014300174915 -0.00132684052896 0.0250818506368 0.018410502815 0.579238710461 0.0126898850846 
0.00269986767853 0.0738238588493 0.0146201157996 0.0257426859865 0.00890304977532 0.0127086785523 0.0141369078317 0.0122774981288 0.00857949687909 0.0118873815492 0.00189630349004 0.0284660887006 0.0157112320844 0.00305276906371 0.038745221919 0.005332488348 0.0108136724501 0.0350026614425 0.0126898850846 0.242671162554 

['TGT', 'VIA.B', 'INTC', 'ITT', 'CLX', 'PMCS', 'UIS', 'NCR', 'PLL', 'ALL', 'DIS', 'ERTS', 'TJX', 'LXK', 'CIT', 'HCA', 'KO', 'HON', 'MEDI', 'XOM']