40
0.0124927962784 0.0522856391002 0.0502759777883 0.119859861498 0.0874158444094 0.0514292405054 0.0482651065397 0.0820701074714 0.0115927538848 0.0165000515881 0.0298565853869 0.0995242847704 0.0850489592031 0.041097516798 0.143584613331 0.026407260569 0.0325349378307 0.15397042743 0.0988670942005 0.0425593974561 0.0254158643172 0.0388313797841 0.0272696759741 0.0449680709256 0.0151091702759 0.0664901393557 0.214537342356 0.0270240384822 0.0766147585819 0.0396471392927 0.0654803135324 0.0511846892664 0.166074759161 0.050100863095 0.0149217979249 0.0266110290159 0.0418020448473 0.0113752176021 0.0361599942098 0.0535662105727 
0.176068449083 0.0183411129863 0.018042574782 0.0113800270339 0.00867078926981 0.0104709498495 0.00887755506597 0.000910447719214 0.0201180753033 0.0143864476767 0.0154732286042 0.00598832577524 0.0194798176102 0.0138714412573 0.0100195952142 0.00929319031755 0.00919672165142 0.0273068312084 0.0117912287463 0.0211369190672 0.0107249601825 0.033212378778 0.0204862450689 0.0166617081098 0.015143780793 0.0267866178256 0.0539947508676 0.00955153358287 0.00444670774985 0.00512260887845 0.0227803797637 0.00251939258274 0.0237845468494 0.0185217424571 0.0132715144828 0.0249315045026 0.0232641082504 0.0237350057031 0.00592637349702 0.0273261279675 
0.0183411129863 0.288690399456 0.0123616552642 0.0245714814536 0.0128186078921 0.0375250365452 0.0254767375194 0.0225501678991 0.00790697869501 0.00571533676111 0.0184960224105 0.0303432994379 0.0116520248435 0.0274818025639 0.0239588216767 0.0266422893713 -0.00465412284065 0.0180755341667 0.0374746935133 0.000678659504748 0.0154657977153 0.0020662118717 0.0179421321252 0.0248504301719 0.0172022335663 0.0317938301161 0.0512992995549 0.0203247920341 0.0202207635307 -0.0107728841364 0.015482795581 0.0179413245669 0.0834862670684 0.0391520929713 0.0178163432537 0.00850049932318 0.019685431291 0.00840230294567 0.0127632571891 0.0239093047724 
0.018042574782 0.0123616552642 0.268733097763 0.0158812748667 0.0116124322127 0.0223772270347 0.0105600398236 0.00412315219222 0.0115643188488 0.0198946259399 0.0183740388752 0.00559518500237 0.00671304881059 0.0118811033334 0.0288510243407 0.0190732598273 0.00545817430178 0.000730777353724 0.0163777497988 0.0221726444617 0.00404826641244 -0.0109448685262 0.00673252411602 0.0126140174511 0.00271946055989 0.0325428382069 0.0275471406898 0.00516795484522 0.00143764565452 0.0211947192351 0.0129798772248 -0.00180405691182 0.0239066096934 0.0270867438314 0.00998014285022 -0.000813288788446 0.0114882687943 0.0333001728847 0.0251128133226 0.0310574535234 
0.0113800270339 0.0245714814536 0.0158812748667 0.502814717784 0.154836483089 0.0407172188255 0.0233069306147 0.0336184675538 0.017682708447 0.0156796509746 0.0181367934983 0.0202060071741 0.0274211767085 0.00494645994555 0.0268249026531 0.0133002826056 0.0430827724261 0.0143053525296 0.056400260921 0.0216169974006 0.0374536954901 0.0257565613262 0.0280581000676 0.000257637277345 -0.00121484364123 0.00146180976023 0.088111071968 -0.00462243930228 0.0335997305444 -0.000612747177378 0.0230960260061 0.0288546997883 0.0261307616683 0.0139323437448 0.0178920343331 0.0067259308452 0.0274692972007 0.00900002643071 0.0155127849335 0.0193400151645 
0.00867078926981 0.0128186078921 0.0116124322127 0.154836483089 0.537439390785 0.0353278937066 0.0234725269363 0.0176245526141 0.011950930418 0.0129201237616 0.00514051324256 -0.00678313256009 0.0321387063795 -0.00726332754796 0.0166164207126 -0.00306425245197 0.0417142612281 -0.00539033794381 0.0514369043008 0.0278606542268 0.00289140823046 0.0252192202607 0.00662591906075 0.0107847691883 0.0065147778613 0.00439691473876 0.0240357953065 -0.00325560943354 0.0136441883475 0.001646764731 0.0365845485152 0.0210564478739 -0.00205185001208 -0.00285549390492 0.0154825510572 0.00910823002356 -0.00951724352982 -0.000775770036372 0.0219856386946 0.0107411835997 
0.0104709498495 0.0375250365452 0.0223772270347 0.0407172188255 0.0353278937066 0.203086606334 0.0272728511449 0.0302071460827 0.0185144679084 0.0217613183546 0.0341796626932 0.0215515546129 0.0345910425144 0.0374789806779 0.0298986048143 0.0318460749565 0.0109359901889 0.011868398375 0.0349805050842 0.0324613657949 0.0159728569563 0.0205547284469 0.0182078068624 0.0149880136624 0.0138467461208 0.031364577073 0.0198489037372 0.0334424283474 0.0297022523242 0.0258069619336 0.0133651462402 0.0134417315459 0.0425824695652 0.0139802305758 0.0239900457628 0.00516377829246 0.0220497481587 0.0188372747258 0.0337300058506 0.0253442754549 
0.00887755506597 0.0254767375194 0.0105600398236 0.0233069306147 0.0234725269363 0.0272728511449 0.298488754994 0.0445209237985 0.0230788384591 0.00510177239614 0.0117132096247 0.0138826907319 0.0298343904992 0.0249565482188 0.0136289963254 0.00804331602893 0.0164110588295 -0.000373990637668 0.0514096527138 0.0431723665004 0.0132635402465 0.00845382754283 0.021728816164 0.0244380532004 0.018939094177 0.0293316688244 0.0149003354551 0.0131874648676 0.0502806660487 0.00997028922374 0.0357812773845 0.020983847721 0.0131414942612 0.00598461837643 0.0229976660801 0.0252989655715 -0.00571632119815 0.0254703859441 0.00729669150165 0.0147017058934 
0.000910447719214 0.0225501678991 0.00412315219222 0.0336184675538 0.0176245526141 0.0302071460827 0.0445209237985 0.485511163389 0.0122659703988 -0.000170598987897 0.0138187915451 -0.0165993875704 0.0264070127445 0.0182548442227 0.0176505959257 0.0167780729459 0.00687549153998 0.00149698455344 0.0324887098714 0.0223293354801 0.0288845318764 0.013727102401 0.013874989022 0.0211992229009 0.00620491899276 0.0298355889869 0.04153320453 0.0179942002983 0.0253891865643 0.0013035155686 0.028762600703 0.0311260054263 0.0338196758044 0.0237640668632 0.0220323617852 0.0069870542595 0.0295665494278 0.0475995752293 0.01645001827 0.00794966197312 
0.0201180753033 0.00790697869501 0.0115643188488 0.017682708447 0.011950930418 0.0185144679084 0.0230788384591 0.0122659703988 0.140705725249 0.00532124318826 0.0144511731753 0.00707717485553 0.00673809637293 0.0120215712381 0.0221143973244 0.00902781720686 0.0112586102438 0.00549365480716 0.0286444284404 0.0191077429455 0.00910717990781 0.0059984879708 0.0176804918648 0.0132593757308 0.00974992583425 0.0149199594126 0.00540189487418 0.0150209345982 0.0149820056955 0.0257966453084 0.0162215893562 0.0136841051225 0.0293893969738 0.0117350066124 0.0184665509062 0.00463439032326 0.0158995047853 0.00493057372692 0.0189769010418 0.0142961932906 
0.0143864476767 0.00571533676111 0.0198946259399 0.0156796509746 0.0129201237616 0.0217613183546 0.00510177239614 -0.000170598987897 0.00532124318826 0.142408743389 0.023175226418 0.0214645405209 0.022385399307 0.0206169487031 0.0216500232285 0.0213641655864 0.00749557104519 0.0127532460895 -0.00152858221125 0.0102569142179 -0.000496177280248 0.0050690901104 0.0173987206131 0.0108440957792 0.010296015663 0.0202602613333 0.00948060982579 0.00304196583503 0.00110781205547 0.0520238655041 0.00444472048959 0.00159031615399 0.00974049337876 0.00374580278156 0.00726112314745 0.0117056360228 0.0101048898695 0.00538524717089 0.0471789976382 0.0213361700733 
0.0154732286042 0.0184960224105 0.0183740388752 0.0181367934983 0.00514051324256 0.0341796626932 0.0117132096247 0.0138187915451 0.0144511731753 0.023175226418 0.139967884434 0.00387368787109 0.00952834735014 0.0291133556017 0.0132121388594 0.0435388150262 0.019253958363 -0.00138044422057 0.00732898695803 0.0168180193385 0.0127438409704 0.00416176763336 0.0143854786698 0.0176018800005 0.0152383122392 0.0389279656694 0.000896678088269 0.0298005382743 0.0107200789919 0.0153150664514 0.0256426961561 0.00138615750969 0.0320935015024 0.0163411337794 0.0183533607794 0.0187934958157 0.0137774541704 0.0125060316892 0.0153289724278 0.0243563597754 
0.00598832577524 0.0303432994379 0.00559518500237 0.0202060071741 -0.00678313256009 0.0215515546129 0.0138826907319 -0.0165993875704 0.00707717485553 0.0214645405209 0.00387368787109 0.419425431963 0.024212602915 0.0353233217608 0.115401744853 0.002543277608 -0.00815198657319 0.121960043572 0.0306262536768 0.00300169356562 0.0140705210378 0.0111971354514 0.0172421573696 0.0170104462437 0.0203907549062 0.00815892509064 0.0234165594576 0.00016820632149 0.038769088691 0.0453391559808 0.0169958297217 0.00190399017722 0.057666440949 0.0210594012977 0.0102040478804 0.0309229129777 0.0374508108541 0.0105997922846 0.0412122240656 0.0154400101986 
0.0194798176102 0.0116520248435 0.00671304881059 0.0274211767085 0.0321387063795 0.0345910425144 0.0298343904992 0.0264070127445 0.00673809637293 0.022385399307 0.00952834735014 0.024212602915 0.71251846811 0.0112290883593 0.0642695906397 0.0102828345874 -0.00280042106448 0.0366489260077 0.0212950672192 0.00942826292426 0.0181761832568 0.0157805278809 0.0165091094451 0.0101565562077 0.00293988417406 0.0293445241286 0.0940134434445 0.0394725286221 0.0409931122603 -0.00371519957424 0.0565332428286 0.0272264095518 0.0356951887568 0.0609171242634 0.0172061560866 0.00461899173807 0.00931014928485 -0.00242542106297 0.0138373008424 0.0407079635715 
0.0138714412573 0.0274818025639 0.0118811033334 0.00494645994555 -0.00726332754796 0.0374789806779 0.0249565482188 0.0182548442227 0.0120215712381 0.0206169487031 0.0291133556017 0.0353233217608 0.0112290883593 0.244308535913 0.0306069745928 0.0187479116868 0.00180636131519 0.0256270614751 0.00557921284987 -0.017068512273 0.0155294502918 0.00403804290989 0.0115636512409 0.0235648656931 0.0146455795947 0.0254135134563 0.0219559781718 0.0172121223629 0.0664220249284 0.0297455864168 0.0119661569609 0.00695445027534 0.0279252001402 -0.000274841057703 0.0109121204071 0.0378737039804 0.0195740692505 0.0084112807795 0.0131992015316 0.0256781730565 
0.0100195952142 0.0239588216767 0.0288510243407 0.0268249026531 0.0166164207126 0.0298986048143 0.0136289963254 0.0176505959257 0.0221143973244 0.0216500232285 0.0132121388594 0.115401744853 0.0642695906397 0.0306069745928 0.51826252917 -0.00644002656608 0.0221041708538 0.224087175204 0.0221976745078 0.033280491332 0.0102928780415 0.000712293998847 0.0105538979091 0.0160304331587 0.000615934721906 0.0144497306779 0.0129251556745 -0.0156211617017 0.0249886647204 0.0463536414741 0.00531633695912 0.0249569438954 0.102842847541 0.0398873505815 0.0144928775996 0.0150232733116 0.0326039361307 0.00892870009914 0.0328637958993 0.0379741850762 
0.00929319031755 0.0266422893713 0.0190732598273 0.0133002826056 -0.00306425245197 0.0318460749565 0.00804331602893 0.0167780729459 0.00902781720686 0.0213641655864 0.0435388150262 0.002543277608 0.0102828345874 0.0187479116868 -0.00644002656608 0.203682551288 0.00555799639627 0.0173801679455 0.0135293371057 0.0218623405688 0.0195187868936 0.0161921683781 0.0223563789674 0.0172873498125 0.0215235812743 0.0496174742033 0.0189777637472 0.0289925161058 0.0143523615047 0.0347828253951 0.0060235214437 0.00859492836527 0.0373548739769 0.0163671579582 0.0240711977884 0.0110249599484 0.0276481615575 0.0145158477715 0.0234259152105 0.0298183324105 
0.00919672165142 -0.00465412284065 0.00545817430178 0.0430827724261 0.0417142612281 0.0109359901889 0.0164110588295 0.00687549153998 0.0112586102438 0.00749557104519 0.019253958363 -0.00815198657319 -0.00280042106448 0.00180636131519 0.0221041708538 0.00555799639627 0.28801539265 -0.00908494210608 0.0419275874446 0.0109846474649 0.0200255621948 0.00341343010579 0.00542446688891 0.000543892672032 0.00181849100219 0.0275115110542 -0.0125196929857 0.0176087722828 0.0331710749625 0.00729679848974 0.0208448384749 0.0141347039935 0.0399484572955 -0.00116900025796 0.0103820823437 0.00864139908038 0.0195980851276 0.00346478996026 0.0119680558661 0.0163206858983 
0.0273068312084 0.0180755341667 0.000730777353723 0.0143053525296 -0.00539033794381 0.011868398375 -0.000373990637668 0.00149698455344 0.00549365480716 0.0127532460895 -0.00138044422057 0.121960043572 0.0366489260077 0.0256270614751 0.224087175204 0.0173801679455 -0.00908494210608 0.568314692451 0.0515345953991 0.0354715464501 0.00337096389407 0.0183266690761 0.0195975444347 -0.00425822449575 0.00585487816393 0.0173060992005 0.0805282926655 -0.0107675918154 0.0071184564389 0.0467216708775 0.00027685976561 0.00698779899558 0.074075536986 0.00365312350781 0.00805039842507 0.00822705155416 0.0264014103248 0.00209893501962 0.0317653107823 0.021590186015 
0.0117912287463 0.0374746935133 0.0163777497988 0.056400260921 0.0514369043008 0.0349805050842 0.0514096527138 0.0324887098714 0.0286444284404 -0.00152858221125 0.00732898695803 0.0306262536768 0.0212950672192 0.00557921284987 0.0221976745078 0.0135293371057 0.0419275874446 0.0515345953991 0.473742201288 0.0532639166923 0.0159005995696 0.0483918807319 0.0242843981243 0.0128050846844 0.00988032192414 0.0282211173975 0.113414885048 0.0213145433465 0.0618657568344 0.034522922515 0.0421271427685 0.024184170211 0.0548959640916 0.0182902772887 0.0465532009214 0.0313300879131 0.0449110985157 0.0180888967478 0.00127834022544 0.0130343290354 
0.0211369190672 0.000678659504748 0.0221726444617 0.0216169974006 0.0278606542268 0.0324613657949 0.0431723665004 0.0223293354801 0.0191077429455 0.0102569142179 0.0168180193385 0.00300169356562 0.00942826292426 -0.017068512273 0.033280491332 0.0218623405688 0.0109846474649 0.0354715464501 0.0532639166923 0.393144989675 0.0316269526776 0.0498594201952 0.0199848757852 0.0280699139461 0.0132528177494 0.0447374296945 0.0422784651835 0.00995062127703 -0.00522145977665 0.0449138843809 0.0189537830129 -0.00357915474219 0.0293424024971 0.0415293848518 0.0140461552904 0.023202769179 0.0239400787472 0.0188024711879 0.0180867977404 0.0303330840711 
0.0107249601825 0.0154657977153 0.00404826641244 0.0374536954901 0.00289140823046 0.0159728569563 0.0132635402465 0.0288845318764 0.00910717990781 -0.000496177280248 0.0127438409704 0.0140705210378 0.0181761832568 0.0155294502918 0.0102928780415 0.0195187868936 0.0200255621948 0.00337096389407 0.0159005995696 0.0316269526776 0.292632614812 0.0156496869152 0.0133835179885 0.00768698508589 0.0131965779066 0.0192148313463 0.0611875223209 0.0178003456544 0.0140264540361 0.00852478543337 0.0325753577689 0.0132759143429 0.0214405929736 0.0103118479527 0.0150674387452 0.0207608445587 0.0253253581 0.0117472411369 0.00998725528135 0.0114742284214 
0.033212378778 0.0020662118717 -0.0109448685262 0.0257565613262 0.0252192202607 0.0205547284469 0.00845382754283 0.013727102401 0.0059984879708 0.0050690901104 0.00416176763336 0.0111971354514 0.0157805278809 0.00403804290989 0.000712293998847 0.0161921683781 0.00341343010578 0.0183266690761 0.0483918807319 0.0498594201952 0.0156496869152 0.404997687334 0.0127183719114 0.0151808170439 0.0157335174377 0.0170977001809 0.00744520648083 0.00388381540516 0.0215613515987 0.0248678703653 0.0393953225167 0.0309748735161 0.0291200911413 0.0115560140176 0.0400302647277 0.00319566653147 0.00782283532305 0.0165457505936 0.00477036170104 0.0225450995784 
0.0204862450689 0.0179421321252 0.00673252411602 0.0280581000676 0.00662591906075 0.0182078068624 0.021728816164 0.013874989022 0.0176804918648 0.0173987206131 0.0143854786698 0.0172421573696 0.0165091094451 0.0115636512409 0.0105538979091 0.0223563789674 0.00542446688891 0.0195975444347 0.0242843981243 0.0199848757852 0.0133835179885 0.0127183719114 0.144576593252 0.0142848017981 0.00830835864071 0.0189652887732 0.0153305154414 0.0097972520327 0.0215224040121 0.00978735236965 0.0257403552473 0.0131920478003 0.0369935901752 0.0154000494157 0.0161685384124 -0.00111280642001 0.0319168850502 0.00799782406392 0.00889614340581 0.0117128599611 
0.0166617081098 0.0248504301719 0.0126140174511 0.000257637277345 0.0107847691883 0.0149880136624 0.0244380532004 0.0211992229009 0.0132593757308 0.0108440957792 0.0176018800005 0.0170104462437 0.0101565562077 0.0235648656931 0.0160304331587 0.0172873498125 0.000543892672032 -0.00425822449575 0.0128050846844 0.0280699139461 0.00768698508589 0.0151808170439 0.0142848017981 0.193623358892 0.0190635993607 0.0314383213503 0.00262347257929 0.0161659906294 0.00738678790719 0.0244728720453 0.0138552379585 0.00576766279824 0.0282010591239 0.00359887355198 0.0131885578096 0.00755486548102 0.0272358698465 0.0183895093031 0.0227142423836 0.0129551816137 
0.015143780793 0.0172022335663 0.00271946055989 -0.00121484364123 0.0065147778613 0.0138467461208 0.018939094177 0.00620491899276 0.00974992583425 0.010296015663 0.0152383122392 0.0203907549062 0.00293988417406 0.0146455795947 0.000615934721906 0.0215235812743 0.00181849100219 0.00585487816393 0.00988032192414 0.0132528177494 0.0131965779066 0.0157335174377 0.00830835864071 0.0190635993606 0.157615858263 0.0264957451144 0.00454931559737 0.0109675208961 0.0226847974616 0.000327976154604 0.00741358806729 0.00409678460137 0.0152711158297 0.0171737045849 0.0162680788919 0.0208608123155 0.00808835821259 0.0169484531335 0.0147945435671 0.0145120141499 
0.0267866178256 0.0317938301161 0.0325428382069 0.00146180976023 0.00439691473876 0.031364577073 0.0293316688244 0.0298355889869 0.0149199594126 0.0202602613333 0.0389279656694 0.00815892509064 0.0293445241286 0.0254135134563 0.0144497306779 0.0496174742033 0.0275115110542 0.0173060992005 0.0282211173975 0.0447374296945 0.0192148313463 0.0170977001809 0.0189652887732 0.0314383213503 0.0264957451144 0.361399776759 0.0226546280048 0.0367791595647 0.0464770346984 0.0216904731554 0.0446555584456 -0.0190209524133 0.0312744019419 0.0325686437903 0.0362284480065 0.0181825983737 0.0357421720475 0.0202424751633 0.0223619380242 0.0438317310412 
0.0539947508676 0.0512992995549 0.0275471406898 0.088111071968 0.0240357953065 0.0198489037372 0.0149003354551 0.04153320453 0.00540189487418 0.00948060982579 0.000896678088269 0.0234165594576 0.0940134434445 0.0219559781718 0.0129251556745 0.0189777637472 -0.0125196929857 0.0805282926655 0.113414885048 0.0422784651835 0.0611875223209 0.00744520648082 0.0153305154414 0.00262347257929 0.00454931559737 0.0226546280048 0.958082237076 0.0121681015051 0.0878166209525 0.00583120544201 0.0543547225134 0.0429063448608 0.0283672140834 0.0266208361116 0.0859893254814 0.0181180078645 0.0443841421707 0.03950810703 0.0110466678809 0.0302521466495 
0.00955153358287 0.0203247920341 0.00516795484522 -0.00462243930228 -0.00325560943354 0.0334424283474 0.0131874648676 0.0179942002983 0.0150209345982 0.00304196583503 0.0298005382743 0.00016820632149 0.0394725286221 0.0172121223629 -0.0156211617017 0.0289925161058 0.0176087722828 -0.0107675918154 0.0213145433465 0.00995062127703 0.0178003456544 0.00388381540516 0.0097972520327 0.0161659906294 0.0109675208962 0.0367791595647 0.0121681015051 0.224000917328 0.016827098719 0.00570932978512 -0.00736781475243 0.00955528043545 0.00863676239274 0.00500108886597 0.00973695694126 0.000647829473527 0.0226973472365 0.00373292930005 0.00161290908176 0.0262597367723 
0.00444670774985 0.0202207635307 0.00143764565452 0.0335997305444 0.0136441883475 0.0297022523242 0.0502806660487 0.0253891865643 0.0149820056955 0.00110781205547 0.0107200789919 0.038769088691 0.0409931122603 0.0664220249284 0.0249886647204 0.0143523615047 0.0331710749625 0.0071184564389 0.0618657568344 -0.00522145977665 0.0140264540361 0.0215613515987 0.0215224040121 0.00738678790719 0.0226847974616 0.0464770346984 0.0878166209525 0.016827098719 0.469400814967 0.000156526939926 0.0601573968176 0.0262661566722 0.0365083715286 0.0204824722017 0.0453277080873 0.0534858243928 0.0228444501944 0.0350022488557 -0.00566349938991 0.0117990775643 
0.00512260887845 -0.0107728841364 0.0211947192351 -0.000612747177378 0.001646764731 0.0258069619336 0.00997028922374 0.0013035155686 0.0257966453084 0.0520238655041 0.0153150664514 0.0453391559808 -0.00371519957424 0.0297455864168 0.0463536414741 0.0347828253951 0.00729679848974 0.0467216708775 0.034522922515 0.0449138843809 0.00852478543337 0.0248678703653 0.00978735236965 0.0244728720453 0.000327976154604 0.0216904731554 0.00583120544201 0.00570932978512 0.000156526939925 0.252977232788 0.0160568581419 0.00207068516003 0.0140147888571 0.0276408444808 0.000224447919043 0.0213692235594 0.0345736644445 0.0259116076762 0.0586052936255 0.0239149066325 
0.0227803797637 0.015482795581 0.0129798772248 0.0230960260061 0.0365845485152 0.0133651462402 0.0357812773845 0.028762600703 0.0162215893562 0.00444472048959 0.0256426961561 0.0169958297217 0.0565332428286 0.0119661569609 0.00531633695912 0.0060235214437 0.0208448384749 0.00027685976561 0.0421271427685 0.0189537830129 0.0325753577689 0.0393953225167 0.0257403552473 0.0138552379585 0.00741358806729 0.0446555584456 0.0543547225134 -0.00736781475243 0.0601573968176 0.0160568581419 0.384538885191 0.0427162346967 0.050390291606 0.00669329978732 0.0219998162784 0.0142260539861 0.0137509222814 0.022597107119 -0.00194908454559 0.0269781154483 
0.00251939258274 0.0179413245669 -0.00180405691182 0.0288546997883 0.0210564478739 0.0134417315459 0.020983847721 0.0311260054263 0.0136841051225 0.00159031615399 0.00138615750969 0.00190399017722 0.0272264095518 0.00695445027534 0.0249569438954 0.00859492836527 0.0141347039935 0.00698779899558 0.024184170211 -0.00357915474219 0.0132759143429 0.0309748735161 0.0131920478003 0.00576766279824 0.00409678460137 -0.0190209524133 0.0429063448608 0.00955528043545 0.0262661566722 0.00207068516003 0.0427162346967 0.334255908544 0.0408001799793 0.0214216656782 0.0314661300673 0.00541088136959 0.0327508857863 -0.00115591951127 0.00290796853951 0.0182280708491 
0.0237845468494 0.0834862670684 0.0239066096934 0.0261307616683 -0.00205185001208 0.0425824695652 0.0131414942612 0.0338196758044 0.0293893969738 0.00974049337876 0.0320935015024 0.057666440949 0.0356951887568 0.0279252001402 0.102842847541 0.0373548739769 0.0399484572955 0.074075536986 0.0548959640916 0.0293424024971 0.0214405929736 0.0291200911413 0.0369935901752 0.0282010591239 0.0152711158297 0.0312744019419 0.0283672140834 0.00863676239274 0.0365083715286 0.0140147888571 0.050390291606 0.0408001799793 0.503369774995 0.0619614483079 0.0220027504649 0.00503099183558 0.0401076440501 0.00759965454718 0.0073507704891 0.0393560609999 
0.0185217424571 0.0391520929713 0.0270867438314 0.0139323437448 -0.00285549390492 0.0139802305758 0.00598461837643 0.0237640668632 0.0117350066124 0.00374580278156 0.0163411337794 0.0210594012977 0.0609171242634 -0.000274841057703 0.0398873505815 0.0163671579582 -0.00116900025796 0.00365312350781 0.0182902772887 0.0415293848518 0.0103118479527 0.0115560140176 0.0154000494157 0.00359887355198 0.0171737045849 0.0325686437903 0.0266208361116 0.00500108886597 0.0204824722017 0.0276408444808 0.00669329978732 0.0214216656782 0.0619614483079 0.298819298522 0.0211477012548 0.024681430958 0.0244956961846 0.00907972315999 0.0197872075569 0.0313939256989 
0.0132715144828 0.0178163432537 0.00998014285022 0.0178920343331 0.0154825510572 0.0239900457628 0.0229976660801 0.0220323617852 0.0184665509062 0.00726112314745 0.0183533607794 0.0102040478804 0.0172061560866 0.0109121204071 0.0144928775996 0.0240711977884 0.0103820823437 0.00805039842507 0.0465532009214 0.0140461552904 0.0150674387452 0.0400302647277 0.0161685384124 0.0131885578096 0.0162680788919 0.0362284480065 0.0859893254814 0.00973695694126 0.0453277080873 0.000224447919043 0.0219998162784 0.0314661300673 0.0220027504649 0.0211477012548 0.317630619911 0.00934095621334 0.00337783829445 0.0195785178704 0.00800919132107 0.0206931734475 
0.0249315045026 0.00850049932318 -0.000813288788446 0.0067259308452 0.00910823002356 0.00516377829246 0.0252989655715 0.0069870542595 0.00463439032326 0.0117056360228 0.0187934958157 0.0309229129777 0.00461899173807 0.0378737039804 0.0150232733116 0.0110249599484 0.00864139908038 0.00822705155416 0.0313300879131 0.023202769179 0.0207608445587 0.00319566653147 -0.00111280642001 0.00755486548102 0.0208608123155 0.0181825983737 0.0181180078645 0.000647829473528 0.0534858243928 0.0213692235594 0.0142260539861 0.00541088136959 0.00503099183558 0.024681430958 0.00934095621334 0.283742182145 0.0150588094955 0.0207929636532 0.0304087142535 0.0123470039663 
0.0232641082504 0.019685431291 0.0114882687943 0.0274692972007 -0.00951724352982 0.0220497481587 -0.00571632119815 0.0295665494278 0.0158995047853 0.0101048898695 0.0137774541704 0.0374508108541 0.00931014928485 0.0195740692505 0.0326039361307 0.0276481615575 0.0195980851276 0.0264014103248 0.0449110985157 0.0239400787472 0.0253253581 0.00782283532305 0.0319168850502 0.0272358698465 0.00808835821259 0.0357421720475 0.0443841421707 0.0226973472365 0.0228444501944 0.0345736644445 0.0137509222814 0.0327508857863 0.0401076440501 0.0244956961846 0.00337783829445 0.0150588094955 0.247025057972 0.0281439453741 0.0237369740346 0.0276069099256 
0.0237350057031 0.00840230294567 0.0333001728847 0.00900002643071 -0.000775770036371 0.0188372747258 0.0254703859441 0.0475995752293 0.00493057372692 0.00538524717089 0.0125060316892 0.0105997922846 -0.00242542106297 0.0084112807795 0.00892870009914 0.0145158477715 0.00346478996026 0.00209893501962 0.0180888967478 0.0188024711879 0.0117472411369 0.0165457505936 0.00799782406392 0.0183895093031 0.0169484531335 0.0202424751633 0.03950810703 0.00373292930005 0.0350022488557 0.0259116076762 0.022597107119 -0.00115591951127 0.00759965454718 0.00907972315999 0.0195785178704 0.0207929636532 0.0281439453741 0.217828131403 0.0215123631289 0.0280007513283 
0.00592637349702 0.0127632571891 0.0251128133226 0.0155127849335 0.0219856386946 0.0337300058506 0.00729669150165 0.01645001827 0.0189769010418 0.0471789976382 0.0153289724278 0.0412122240656 0.0138373008424 0.0131992015316 0.0328637958993 0.0234259152105 0.0119680558661 0.0317653107823 0.00127834022544 0.0180867977404 0.00998725528135 0.00477036170104 0.00889614340581 0.0227142423836 0.0147945435671 0.0223619380242 0.0110466678809 0.00161290908176 -0.00566349938991 0.0586052936255 -0.00194908454559 0.00290796853951 0.0073507704891 0.0197872075569 0.00800919132107 0.0304087142535 0.0237369740346 0.0215123631289 0.227566626678 0.0390566625268 
0.0273261279675 0.0239093047724 0.0310574535234 0.0193400151645 0.0107411835997 0.0253442754549 0.0147017058934 0.00794966197312 0.0142961932906 0.0213361700733 0.0243563597754 0.0154400101986 0.0407079635715 0.0256781730565 0.0379741850762 0.0298183324105 0.0163206858983 0.021590186015 0.0130343290354 0.0303330840711 0.0114742284214 0.0225450995784 0.0117128599611 0.0129551816137 0.0145120141498 0.0438317310412 0.0302521466495 0.0262597367723 0.0117990775643 0.0239149066325 0.0269781154483 0.0182280708491 0.0393560609999 0.0313939256989 0.0206931734475 0.0123470039663 0.0276069099256 0.0280007513283 0.0390566625268 0.212469457826 

['GPC', 'AA', 'UST', 'CTXS', 'IGT', 'MER', 'MCD', 'SBUX', 'PBI', 'PGN', 'BAC', 'WMB', 'EBAY', 'PRU', 'NOV', 'NCC', 'EFX', 'VLO', 'TER', 'BC', 'CCL', 'HAS', 'SIAL', 'LMT', 'KMB', 'CFC', 'PMCS', 'FRE', 'QCOM', 'EIX', 'HLT', 'NCR', 'NUE', 'BLL', 'DELL', 'AMGN', 'GWW', 'FO', 'PPL', 'ASN']