30
0.0708595176859 0.0549811443135 0.0726136826411 0.0589662330248 0.0414012394119 0.0538205376978 0.0427797721554 0.019144788815 0.140066530531 0.0253425298527 0.0442230302855 0.0240188564254 0.0352458247454 0.0162851568228 0.0528259349661 0.078059567066 0.119859861498 0.0318751717172 0.0395396308246 0.0284224966367 0.13159191543 0.0449016594387 0.0523918745475 0.0399774891594 0.15717092416 0.0348828940045 0.0896788789081 0.0268988212896 0.208286894217 0.106415927512 
0.399230267082 0.0090076788019 0.0110226880148 0.00497011696595 0.0166680046278 0.0496322376636 0.00671158079597 0.00502621623619 -0.000431799769084 -0.000216054969231 0.019402542989 0.0209223931506 0.00105573603324 0.0116903088237 0.027967054705 0.0216673428514 0.0117515183519 0.0219395207868 0.0123536633286 0.00549276759089 0.013463307143 0.0021383328948 0.0665372596707 0.00696710522776 0.0459173106627 -0.000193849146199 -0.00645335683588 0.0131254027875 -0.0107217610416 0.020378336085 
0.0090076788019 0.445417977282 0.0366573506573 0.000238799453216 0.0226059023034 0.0154970497765 -0.00637743310243 0.0103042447565 0.0173936729993 0.0265234946783 0.014253299466 0.0202966303499 0.0161567987985 0.00881752968686 0.00316363894392 0.0233412849645 0.0224025971379 0.0058765315113 0.0538466113852 0.0172409675993 0.0137375565731 0.0146885038625 0.0214333353659 -0.00281607699282 0.00568102478708 0.00467829823004 0.0350393661161 0.00127045669625 0.0139745524444 0.00925498521868 
0.0110226880148 0.0366573506573 0.301406270245 0.0344974242738 0.0172045830529 0.0373687168467 0.0445169760431 0.0381288718482 0.0315185991544 0.01884850831 0.0560804893509 0.0332992235894 0.0184877526795 0.0131983792819 0.0246619887107 0.0299963047727 0.0340018608183 0.0220089461033 0.0211251303528 0.00670878412831 0.0466631835099 0.0475443030698 0.0206911135011 0.00585806277842 0.0523326263847 0.0373453895539 0.0424755529781 0.00454675096558 0.0225311418861 0.0365701788308 
0.00497011696595 0.000238799453216 0.0344974242738 0.407821442608 0.00467807889435 0.0145637491651 0.0124510015416 0.0238914075145 0.0190856197137 0.0162578547627 0.0283701028811 0.0271397886995 0.0197093834248 0.00221454962386 0.0182094291149 0.0164805996423 0.00536690634273 0.00782443181084 0.0277647386288 0.00862746765212 0.00867615555323 0.0118796702118 0.0103969130788 0.0114156809054 0.021320539069 0.0189394569182 0.0129370413331 0.00587379300691 0.0134726102594 0.0259122474997 
0.0166680046278 0.0226059023034 0.0172045830529 0.00467807889435 0.248144084037 0.0276539479287 0.0304172398578 0.0218380880581 0.0090481096586 0.01478105819 0.0221503288099 0.0212126774235 0.017773223591 0.0208805816349 0.0195813270849 0.00286563307444 0.0121873144988 0.0147082681423 0.00483648703899 0.00695677189018 0.0289263244284 0.0083455914178 0.0220284738206 0.00194225134841 0.0209829124653 0.0047013596248 0.0204221898052 0.00102246427013 0.02090809399 0.012873129922 
0.0496322376636 0.0154970497765 0.0373687168467 0.0145637491651 0.0276539479287 0.298717136038 0.0245995329656 0.0367954238367 0.0192288639568 0.0178339458304 0.0366755593465 0.00767700826987 0.0181934482043 0.00280458750302 0.0376295862655 0.0231862651859 0.0202648672038 0.0267815704623 0.0126225509106 0.0157569240416 0.0211029055837 0.020592371485 0.0231453978234 0.00282552264626 0.0216382367284 0.0109231799224 0.026561018598 0.00406576807211 0.0675851131548 0.0130699820212 
0.00671158079597 -0.00637743310243 0.0445169760431 0.0124510015416 0.0304172398578 0.0245995329656 0.281419674295 0.0368421127478 0.0296163878406 0.00644904494004 0.0368614880435 0.0585633731003 0.0143691238726 0.0303946716336 0.0251308364997 0.0113807195266 0.0340365987947 0.00785501065896 0.0370405478336 0.00847890587964 0.0477173516705 0.0489894478248 0.0184725029181 0.0172302337048 0.0308049942782 0.0280368189154 0.0233912560738 0.0152267169311 0.0164847327657 0.0318135714771 
0.00502621623619 0.0103042447565 0.0381288718482 0.0238914075145 0.0218380880581 0.0367954238367 0.0368421127478 0.236625413591 0.0265887526428 0.0237710119479 0.0337791330161 0.0259684808731 0.0290894418307 0.0161362125033 0.0206977450275 0.0117671853536 0.0316554577372 0.0157861987139 0.0235404571199 -0.00688103093983 0.017523748214 0.0278665523844 0.02789383544 -0.00036323629256 0.0366865271618 0.0160877879778 0.0121283886767 0.0222740024825 0.0179080929612 0.0307857841322 
-0.000431799769084 0.0173936729993 0.0315185991544 0.0190856197137 0.0090481096586 0.0192288639568 0.0296163878406 0.0265887526428 1.45527828597 0.0223549404093 0.0275499748151 0.0233600086171 0.0186894092193 0.0112968896797 0.00424324729147 0.0148039686804 -0.00355373961168 0.0137076343277 0.0250707293583 -0.00103152057168 0.0139580038146 0.0251702607017 0.0570413626196 0.00401618644246 0.0185514445821 0.0114027364707 0.0152942111867 0.012763111672 0.0389542668946 0.0346182933629 
-0.000216054969231 0.0265234946783 0.01884850831 0.0162578547627 0.01478105819 0.0178339458304 0.00644904494004 0.0237710119479 0.0223549404093 0.19849599069 0.0224612997354 0.0010896845825 0.0165843070832 0.00393631423474 0.0127590803318 0.0249182933422 0.00960646961835 0.0165306469722 0.0231915995783 0.00618562264737 0.00536807588228 0.0292426523335 0.00164328551578 0.0133734191412 0.0216480789073 0.00870816320896 0.0227706241785 0.0167870864081 0.00991509258089 0.0197700986406 
0.019402542989 0.014253299466 0.0560804893509 0.0283701028811 0.0221503288099 0.0366755593465 0.0368614880435 0.0337791330161 0.0275499748151 0.0224612997354 0.198745095035 0.0181218216936 0.0212521903555 0.0143460977774 0.0206714500205 0.00991084498663 0.0122511918507 0.0210792925042 0.0172672386993 0.0146217523736 0.05535358532 0.0314974263136 0.0218063471876 0.0307945955075 0.0315145589544 0.0311881387079 0.0293714694841 0.0202210754327 0.0197289560591 0.04700791613 
0.0209223931506 0.0202966303499 0.0332992235894 0.0271397886995 0.0212126774235 0.00767700826987 0.0585633731003 0.0259684808731 0.0233600086171 0.0010896845825 0.0181218216936 0.184309851106 0.0093751463473 0.00642109093665 0.0265979832022 0.0262948966419 0.0474756353862 0.0116841575123 0.0240033644742 0.0208697627937 0.023684228152 0.0324006989647 0.0302879484117 0.00202180919404 0.0474893043147 0.0199947982723 0.0304806070049 0.012597628404 0.0134551665452 0.0347036638733 
0.00105573603324 0.0161567987985 0.0184877526795 0.0197093834248 0.017773223591 0.0181934482043 0.0143691238726 0.0290894418307 0.0186894092193 0.0165843070832 0.0212521903555 0.0093751463473 0.22075388233 0.019232990605 0.0208950720322 0.0149852299047 0.0193323050212 0.0110707916898 0.0156020057432 0.00196684364707 0.00503986104421 0.0198516357982 0.0121280254561 0.00150383523232 0.0246126551848 0.0193337363541 0.0405011114367 0.0207108385786 0.00853664652914 0.0229150354383 
0.0116903088237 0.00881752968686 0.0131983792819 0.00221454962386 0.0208805816349 0.00280458750302 0.0303946716336 0.0161362125033 0.0112968896797 0.00393631423474 0.0143460977774 0.00642109093665 0.019232990605 0.16454223954 0.0113435500351 0.0184401926291 0.0104526831426 0.0523027604612 0.00571314627049 0.0162924646529 0.0394609267012 0.0138802534986 0.0202296680484 0.0116976704471 0.00963930332318 -0.000232474158454 0.00899706870036 0.00932893570787 0.00883579319623 0.0112418508449 
0.027967054705 0.00316363894392 0.0246619887107 0.0182094291149 0.0195813270849 0.0376295862655 0.0251308364997 0.0206977450275 0.00424324729147 0.0127590803318 0.0206714500205 0.0265979832022 0.0208950720322 0.0113435500351 0.296431430419 0.0108885077778 0.0169246938453 0.0172351159113 0.0248458944129 0.00868371640831 0.0148773878554 0.0148327541557 0.0165107176218 0.0239721149663 0.0386492279879 0.0286304953953 0.0335863381362 0.0076911925835 0.0140815790139 0.0126958488695 
0.0216673428514 0.0233412849645 0.0299963047727 0.0164805996423 0.00286563307444 0.0231862651859 0.0113807195266 0.0117671853536 0.0148039686804 0.0249182933422 0.00991084498663 0.0262948966419 0.0149852299047 0.0184401926291 0.0108885077778 0.524133473308 0.0269536755067 0.00678561300826 0.0192393543993 -0.00637619645712 0.0169079777955 0.0150524322446 0.0289508774892 -0.00193971985367 0.0153265330823 0.0111563278062 0.0147584780051 0.0664293964222 -0.00198484945404 0.027896111134 
0.0117515183519 0.0224025971379 0.0340018608183 0.00536690634273 0.0121873144988 0.0202648672038 0.0340365987947 0.0316554577372 -0.00355373961168 0.00960646961835 0.0122511918507 0.0474756353862 0.0193323050212 0.0104526831426 0.0169246938453 0.0269536755067 0.528689569378 -0.000240364955549 0.0197374648068 0.0108819331235 0.0455657082843 0.0472451341847 0.0140234876011 -0.0218459261279 0.0645952490194 0.0274715311742 0.0619430127208 0.0222851527933 -0.0101576531268 0.0520085507379 
0.0219395207868 0.0058765315113 0.0220089461033 0.00782443181084 0.0147082681423 0.0267815704623 0.00785501065896 0.0157861987139 0.0137076343277 0.0165306469722 0.0210792925042 0.0116841575123 0.0110707916898 0.0523027604612 0.0172351159113 0.00678561300826 -0.000240364955549 0.189537773689 0.000561629058035 0.0204546324717 0.0321850707937 0.01085105784 0.0174081504905 0.00629343452709 0.005862374699 0.00556007164289 0.0284444707312 0.0107651063416 0.0371740465804 0.00329263380218 
0.0123536633286 0.0538466113852 0.0211251303528 0.0277647386288 0.00483648703899 0.0126225509106 0.0370405478336 0.0235404571199 0.0250707293583 0.0231915995783 0.0172672386993 0.0240033644742 0.0156020057432 0.00571314627049 0.0248458944129 0.0192393543993 0.0197374648068 0.000561629058035 0.296777694036 -0.0101071145827 0.00568626196775 0.00573605908024 0.0243484177225 -0.0174950630037 0.0238908063175 0.0187443788077 0.0330200085117 -0.00542460674236 0.0188136361009 0.0296102116656 
0.00549276759089 0.0172409675993 0.00670878412831 0.00862746765212 0.00695677189018 0.0157569240416 0.00847890587964 -0.00688103093983 -0.00103152057168 0.00618562264737 0.0146217523736 0.0208697627937 0.00196684364706 0.0162924646529 0.00868371640831 -0.00637619645712 0.0108819331235 0.0204546324717 -0.0101071145827 0.201139975826 0.00645065783902 0.00944635950791 0.00625141474409 -0.00131422771282 -0.00825361108664 0.011576954418 0.0138895042331 0.0132645257461 0.00810779038361 0.0048489475059 
0.013463307143 0.0137375565731 0.0466631835099 0.00867615555323 0.0289263244284 0.0211029055837 0.0477173516705 0.017523748214 0.0139580038146 0.00536807588228 0.05535358532 0.023684228152 0.00503986104421 0.0394609267012 0.0148773878554 0.0169079777955 0.0455657082843 0.0321850707937 0.00568626196775 0.00645065783902 0.559303223018 0.0266426656339 0.0182960778213 -0.00955579052804 0.0458691774726 0.0566954971706 0.0585099465182 -0.00775191452771 -0.0165646125093 0.056178077305 
0.0021383328948 0.0146885038625 0.0475443030698 0.0118796702118 0.0083455914178 0.020592371485 0.0489894478248 0.0278665523844 0.0251702607017 0.0292426523335 0.0314974263136 0.0324006989647 0.0198516357982 0.0138802534986 0.0148327541557 0.0150524322446 0.0472451341847 0.01085105784 0.00573605908024 0.00944635950791 0.0266426656339 0.327983832433 0.00710366448636 -0.000587494652484 0.030864879286 0.0239970536875 0.0385690909824 0.019824890889 -0.00232794231879 0.0328587364716 
0.0665372596707 0.0214333353659 0.0206911135011 0.0103969130788 0.0220284738206 0.0231453978234 0.0184725029181 0.02789383544 0.0570413626196 0.00164328551578 0.0218063471876 0.0302879484117 0.0121280254561 0.0202296680484 0.0165107176218 0.0289508774892 0.0140234876011 0.0174081504905 0.0243484177225 0.00625141474409 0.0182960778213 0.00710366448636 0.347851773486 0.0098051101909 0.000159775798703 -0.00873084520515 -0.0014838392993 -0.00647194482547 -0.00516467237397 0.0188805574214 
0.00696710522776 -0.00281607699281 0.00585806277842 0.0114156809054 0.00194225134841 0.00282552264626 0.0172302337048 -0.00036323629256 0.00401618644246 0.0133734191412 0.0307945955075 0.00202180919404 0.00150383523232 0.0116976704471 0.0239721149663 -0.00193971985367 -0.0218459261279 0.00629343452709 -0.0174950630037 -0.00131422771282 -0.00955579052804 -0.000587494652484 0.0098051101909 0.447884546792 0.00955822539292 -0.00425115758496 -0.00787598731349 -0.0114020454354 -0.0140644608313 0.0123350383838 
0.0459173106627 0.00568102478708 0.0523326263847 0.021320539069 0.0209829124653 0.0216382367284 0.0308049942782 0.0366865271618 0.0185514445821 0.0216480789073 0.0315145589544 0.0474893043147 0.0246126551848 0.00963930332318 0.0386492279879 0.0153265330823 0.0645952490194 0.005862374699 0.0238908063175 -0.00825361108664 0.0458691774726 0.030864879286 0.000159775798703 0.00955822539292 0.62646252239 0.0540358319622 0.0510756652711 0.00940002677417 0.0357480399727 0.121211954536 
-0.000193849146199 0.00467829823004 0.0373453895539 0.0189394569182 0.0047013596248 0.0109231799224 0.0280368189154 0.0160877879778 0.0114027364707 0.00870816320896 0.0311881387079 0.0199947982723 0.0193337363541 -0.000232474158454 0.0286304953953 0.0111563278062 0.0274715311742 0.00556007164289 0.0187443788077 0.011576954418 0.0566954971706 0.0239970536875 -0.00873084520515 -0.00425115758496 0.0540358319622 0.233309821163 0.0301713833135 0.0154005024279 0.0192693460205 0.0127433625792 
-0.00645335683588 0.0350393661161 0.0424755529781 0.0129370413331 0.0204221898052 0.026561018598 0.0233912560738 0.0121283886767 0.0152942111867 0.0227706241785 0.0293714694841 0.0304806070049 0.0405011114367 0.00899706870036 0.0335863381362 0.0147584780051 0.0619430127208 0.0284444707312 0.0330200085117 0.0138895042331 0.0585099465182 0.0385690909824 -0.0014838392993 -0.00787598731349 0.0510756652711 0.0301713833135 0.544253133271 0.0168672076328 0.113767350515 0.0594654238054 
0.0131254027875 0.00127045669625 0.00454675096558 0.00587379300691 0.00102246427013 0.00406576807211 0.0152267169311 0.0222740024825 0.012763111672 0.0167870864081 0.0202210754327 0.012597628404 0.0207108385786 0.00932893570787 0.0076911925835 0.0664293964222 0.0222851527933 0.0107651063416 -0.00542460674236 0.0132645257461 -0.00775191452771 0.019824890889 -0.00647194482547 -0.0114020454354 0.00940002677417 0.0154005024279 0.0168672076328 0.216541074533 0.0252151096414 0.0170512390264 
-0.0107217610416 0.0139745524444 0.0225311418861 0.0134726102594 0.02090809399 0.0675851131548 0.0164847327657 0.0179080929612 0.0389542668946 0.00991509258089 0.0197289560591 0.0134551665452 0.00853664652914 0.00883579319623 0.0140815790139 -0.00198484945404 -0.0101576531268 0.0371740465804 0.0188136361009 0.00810779038361 -0.0165646125093 -0.00232794231879 -0.00516467237397 -0.0140644608313 0.0357480399727 0.0192693460205 0.113767350515 0.0252151096414 1.33327488232 0.00754718750036 
0.020378336085 0.00925498521868 0.0365701788308 0.0259122474997 0.012873129922 0.0130699820212 0.0318135714771 0.0307857841322 0.0346182933629 0.0197700986406 0.04700791613 0.0347036638733 0.0229150354383 0.0112418508449 0.0126958488695 0.027896111134 0.0520085507379 0.00329263380218 0.0296102116656 0.0048489475059 0.056178077305 0.0328587364716 0.0188805574214 0.0123350383838 0.121211954536 0.0127433625793 0.0594654238054 0.0170512390264 0.00754718750036 0.611499842605 

['CMX', 'MIL', 'CAT', 'VFC', 'EOP', 'GDW', 'EMN', 'HD', 'NAV', 'LLY', 'DHR', 'PPG', 'FII', 'AEP', 'ACE', 'MCO', 'CTXS', 'FE', 'YUM', 'MKC', 'RDC', 'ROH', 'UNH', 'HCA', 'GLW', 'AVY', 'XLNX', 'ADP', 'OMX', 'ADSK']