40
0.0387981152642 0.0690415105338 0.0218855159469 0.044891801276 0.0255776045185 0.0115927538848 0.0874158444094 0.0270240384822 0.114457978761 0.0466521206007 0.0449680709256 0.107116270008 0.0248608942987 0.0612619406497 0.040534814632 0.105459344027 0.0394797478448 0.0800378705657 0.060830846045 0.118355026327 0.0253746335001 0.0486959213786 0.0335346879574 0.0210054402465 0.0383245101253 0.153319254475 0.0391901687574 0.0404531955786 0.200970993098 0.0399774891594 0.0589662330248 0.0395572708053 0.066200000993 0.0698927007 0.0123991351417 0.0396221554001 0.0746691414478 0.251790956204 0.103528049483 0.0355019489908 
0.220286472632 0.0363395457296 0.0139928387355 0.0327991318195 0.0209338470412 0.0167954909946 0.0155874588897 0.0156218853224 0.034209704363 0.0211083431368 0.0131873459042 0.0603476843772 0.0213423905683 0.0231800298667 0.0107927107433 0.017943612022 0.0275425735397 0.0336981641295 0.0260797793396 0.0144290835527 0.025094130839 0.0244591065755 0.00877524944371 0.0108985646132 0.0100804736424 0.0316341950462 0.036930071673 0.0191499756181 0.0174041267105 -0.0064189466405 0.0169504555555 0.00333374645107 0.017542712924 0.0182820747072 0.0094522984161 0.0235730126193 0.0291831062928 0.0425122653173 0.0210516039684 0.0141794379039 
0.0363395457296 0.421395709996 -0.00364061041835 0.0250157542622 0.0211777507446 0.0294000158739 0.0510832899343 0.0124881402991 0.0198908739573 0.024007604023 0.0051392549232 0.0471109014216 0.0215423724879 0.0366185486652 0.00956214772698 0.0502941738532 0.0294645459366 0.0661745881516 0.0488610624047 0.0330060474668 0.084254036204 0.032968257776 0.00813855325024 -0.00497451141344 0.015940958879 0.0475919375433 0.0365251816832 0.0230698852526 -0.00330095245448 0.0108421287369 0.0388612102902 0.0083847776152 0.00876475079274 0.0292992348592 0.0225402402772 0.0245447323528 0.0404399380148 0.048229204525 0.0119973853529 0.0053942644737 
0.0139928387355 -0.00364061041835 0.162816835112 0.00468159303688 0.0191519003586 0.0110618736837 0.00692869975622 0.0156743690886 0.0150844022108 0.00288259377323 0.0113093522902 0.00180621706535 0.0119235057668 0.0121483645739 0.0111865817056 0.00756955199082 0.00972080540626 0.00415649647368 0.005443501229 0.00310012377151 0.00507399946326 0.0108691896648 0.00083457005464 0.0216578858491 0.0105511663725 -0.00497861373651 0.00738035078067 0.0175076279426 0.00560487458804 -0.00142494294794 0.00675125902792 0.0107901581133 0.0107168508428 0.00381489130612 0.00315629746046 0.0118562523329 0.00489271084726 0.014173400761 0.00329917235157 -0.00168559354293 
0.0327991318195 0.0250157542622 0.00468159303688 0.334741798495 0.0255741702205 0.0186737123051 0.00518138598292 0.00457214474621 0.00807591538758 0.0154826697069 0.018842913127 0.028118785631 0.0327676200277 0.0137386711218 0.00206499918878 0.025660715987 0.0213235237436 0.0195348387597 0.0270666364438 0.022257130765 0.00859448187286 0.0223630231907 0.00694755110568 0.0111390645637 0.0243783114973 0.0386395379239 0.0163350544859 0.0269064073354 0.00497877929304 0.00702507090246 0.0189637899584 0.0108873826976 0.0310570144571 0.0187608203186 0.0201359325358 0.0111939966825 0.00967360427868 0.0593100613952 0.072179627723 0.0158186878043 
0.0209338470412 0.0211777507446 0.0191519003586 0.0255741702205 0.313981254944 0.00754561922528 0.0026397602387 0.0151478498894 0.0158106004093 -0.0017324958763 0.00407051408358 0.0252612596091 0.00416034075131 0.00459907250291 0.0133699223343 0.00715846923808 -0.000417639526169 -0.000633745465822 0.0150649449582 0.0685391542718 0.0157214882358 0.0186861207925 0.00197882199632 0.00807614445517 0.016271112431 0.0255305884415 0.00832014728458 0.0193921913354 0.0532871161053 -0.0111761229127 0.0016820121638 0.0102404495396 0.0196772911323 0.00872067108016 0.00805288395828 0.0187754390136 -0.00444205072162 -0.00978867868053 0.00253589350077 0.00178956108381 
0.0167954909946 0.0294000158739 0.0110618736837 0.0186737123051 0.00754561922528 0.142119318976 0.0143297948369 0.0132004313059 0.00262956522002 0.0193124886158 0.0164731906227 0.0184306512021 0.0150605222008 0.0167409938198 0.000127835373512 0.00998233965245 0.0147761552214 0.000348585204277 0.0165148549744 0.0236448198496 0.0129280674172 0.0118180405196 0.0117632562601 0.0146008175767 0.0231725809679 0.014074786734 0.0105624942089 0.00496407837048 0.000557472279563 0.00683248933007 0.0177915878657 0.00789507077103 0.0241520978115 0.0109050878026 0.00766594656233 0.0166540312256 0.0104622522138 0.00734174631034 0.0285615648526 0.0111126270917 
0.0155874588897 0.0510832899343 0.00692869975622 0.00518138598292 0.0026397602387 0.0143297948369 0.546984202939 -0.00642586808128 0.00132734855069 0.0119163768058 0.00798279751044 0.0579761727848 0.0413937820032 0.082752966787 -0.00164836713937 0.0221602705156 0.0176331947292 0.0369708726596 0.0180087167032 0.00347946231578 0.0138839685202 0.00351397958124 0.047929603282 -0.0112976971294 0.0153168911423 0.014354022657 0.0241762481818 0.00294866811278 0.0722466515805 0.0184258211031 0.0042367057742 -0.00127194880632 0.00736021497783 0.00290327579738 0.00985496947552 0.010150211274 -0.00433376150435 0.0116222713556 -0.00332039081607 -0.00363386225046 
0.0156218853224 0.0124881402991 0.0156743690886 0.00457214474621 0.0151478498894 0.0132004313059 -0.00642586808128 0.226397659776 -0.00781595460847 0.0171838281806 0.0181683188621 0.00260884153879 0.0324060939349 0.0210953444704 0.00153820419004 0.0156036797586 0.00686893952551 0.00864137879718 0.0179441080217 0.0140922023459 0.0129394045462 0.028551953926 0.00330739097724 0.0243017132054 0.0109808816475 0.0318056695926 0.00909436639442 0.0213439750651 0.0113384931277 -0.00072663518495 0.00692446855706 0.00899166886851 0.0101914263482 0.0207724977845 0.017558695686 0.0297080591529 0.0151642110385 0.0218470110563 -0.00210964138493 0.0137799086487 
0.034209704363 0.0198908739573 0.0150844022108 0.00807591538758 0.0158106004093 0.00262956522002 0.00132734855069 -0.00781595460847 0.419023707564 0.034246466467 0.0100737947543 0.0356861408467 -0.00101048646435 0.0306624761123 0.00767404638332 -0.00716028032213 0.0235919747507 -0.00359515784248 0.00719820801183 -0.0014017312195 0.0212074997722 0.00928261724636 0.00927481639188 -0.00190923402549 0.0212032204604 0.00555216115464 0.0175026089137 0.0377701647919 -0.00651253102362 0.00279136240149 0.00958183798274 0.00788765454546 0.0364249748686 0.0154521484921 0.00973060669133 0.00438830157867 0.0181172410401 0.0282302609687 0.171424027041 0.0127136762858 
0.0211083431368 0.024007604023 0.00288259377323 0.0154826697069 -0.0017324958763 0.0193124886158 0.0119163768058 0.0171838281806 0.034246466467 0.259252529439 0.0337061135259 0.00461238985249 0.0208727181468 0.0137767469869 0.0195454106066 0.000569145760808 0.0092589054418 0.0107766748773 0.0133532765909 0.0202728693798 0.00755137412634 0.0167900539573 0.0291615535699 0.0129351894412 0.00845603715446 0.0208986055012 0.021762968204 0.0127563309169 0.0130830864513 0.0236839119792 -0.00060323225661 0.0077142217743 0.0270509451361 0.00656526660659 0.018272045149 0.0215292018913 0.0114869227127 0.00898019252174 0.0469918314013 -0.000956543548565 
0.0131873459042 0.0051392549232 0.0113093522902 0.018842913127 0.00407051408359 0.0164731906227 0.00798279751044 0.0181683188621 0.0100737947543 0.0337061135259 0.18838829659 0.0195466493771 0.0139073839566 0.00684538627774 0.0123752709897 0.00324663926999 0.0102844496358 0.0121262375813 0.0330120497977 0.000261453248293 0.0101615879574 0.0136350177137 0.0191060151005 -0.0015579739659 0.0204563854924 0.0109582510252 0.041353425117 0.0120667609371 0.00517186822906 0.0136305985629 0.0154987785871 0.0228200415675 0.0329953122657 0.0478659946139 0.00983040147313 0.0142713596278 0.0242048008082 -0.00984040678188 0.0137818360374 0.00240313402741 
0.0603476843772 0.0471109014216 0.00180621706535 0.028118785631 0.0252612596091 0.0184306512021 0.0579761727848 0.00260884153879 0.0356861408467 0.00461238985249 0.0195466493771 0.535860921334 0.0244543437084 0.0611463561765 -0.00622522359311 0.0340746637849 0.0355770759343 0.0609885694108 0.0322390029238 0.0508657598924 0.0260736640205 0.0231981382779 0.0163675370918 0.00219887567507 0.0370308859121 0.0544305064084 0.0259788429157 0.0319056350132 0.00245116969626 -0.00900314275198 0.0176798230616 0.0200461211418 0.0249693368357 0.0425356155573 0.0154862865703 0.0104444812641 0.0426891841434 0.0484229833954 0.0295006758631 0.0270622097281 
0.0213423905683 0.0215423724879 0.0119235057668 0.0327676200277 0.00416034075131 0.0150605222008 0.0413937820032 0.0324060939349 -0.00101048646435 0.0208727181468 0.0139073839566 0.0244543437084 0.215622291218 0.0198493489422 0.00536044430779 0.0199203448728 0.0120187315991 0.00829993909367 0.0399564986632 0.0173909125991 0.0122752489009 0.0537067834043 0.0123385695598 0.0112828454938 0.0110806220257 0.0335187400308 0.0174932598342 0.0114486581046 0.0122694619002 0.00125968333488 0.0309583909817 0.0064795866259 0.0275271515779 0.0301495030568 0.0208285718912 0.0513841920477 0.0169726956984 0.00857696813162 0.000646676980021 0.0129755419968 
0.0231800298667 0.0366185486652 0.0121483645739 0.0137386711218 0.00459907250291 0.0167409938198 0.082752966787 0.0210953444704 0.0306624761123 0.0137767469869 0.00684538627774 0.0611463561765 0.0198493489422 0.353353338201 -0.00325533591313 0.0116781465543 0.0252896037482 0.0338487277171 0.0147113015144 0.00102723449543 0.000951432897117 0.0140928093374 -0.00106229838137 0.0137220873447 0.033751262205 0.0208749399594 0.00689453313332 0.0223996580504 0.0139095512952 0.00947256519568 0.00683328982142 -0.00247516722258 0.0304701970536 0.00768055594399 0.0150658935712 0.00843158434424 0.0370193573061 0.0150154967187 0.015777169606 0.0168215420264 
0.0107927107433 0.00956214772698 0.0111865817056 0.00206499918878 0.0133699223343 0.000127835373512 -0.00164836713937 0.00153820419004 0.00767404638332 0.0195454106066 0.0123752709897 -0.00622522359311 0.00536044430779 -0.00325533591313 0.533762284778 0.00650230109666 0.00285963019945 -0.0114034701256 0.00219399046523 -0.0077253136737 -0.00219878145436 0.000174537752594 -0.000275944927159 0.00924704565681 -0.00609480722044 -0.00468382675522 -0.00758478821277 0.01052308882 -0.00462726759116 -0.00174014471784 -0.0122680566277 0.0143412681452 0.0278430778686 0.0175148107526 -0.000136017023451 0.000309680412769 0.00773616960772 0.00644524223149 0.0309773709414 0.010857381136 
0.017943612022 0.0502941738532 0.00756955199082 0.025660715987 0.00715846923808 0.00998233965245 0.0221602705156 0.0156036797586 -0.00716028032213 0.000569145760808 0.00324663926999 0.0340746637849 0.0199203448728 0.0116781465543 0.00650230109666 0.753223054617 0.0339671535302 0.0304188926411 0.0264724234231 0.0271963057515 0.0200061811447 0.0285254673405 0.0161272771748 0.00528577641181 0.0101032311134 0.0633659844606 0.0185751953172 0.0211229292222 0.0162260564669 -0.0105081590312 0.0370147791735 0.0082059606027 0.00788679664396 0.0267209435693 0.00810059373928 0.0197602798498 0.00804905441926 0.0189729433739 0.0103064860231 0.00819266383035 
0.0275425735397 0.0294645459366 0.00972080540626 0.0213235237436 -0.000417639526167 0.0147761552214 0.0176331947292 0.00686893952551 0.0235919747507 0.0092589054418 0.0102844496358 0.0355770759343 0.0120187315991 0.0252896037482 0.00285963019945 0.0339671535302 0.325856767239 0.0225767738227 0.0104246833813 0.0199869215424 0.0203577288698 0.0370547706402 0.000467201146543 0.00817693786497 0.0191127670969 0.0692974847485 -0.00926390556369 0.0286585997922 0.00829169372109 0.00281625755212 -0.000307786491419 0.0354330587593 0.0282307506384 0.0252339325574 0.0199551628671 0.0129581754336 0.000674760485304 -0.0129120797876 0.0153624284336 0.0112378697923 
0.0336981641295 0.0661745881516 0.00415649647368 0.0195348387597 -0.000633745465819 0.000348585204276 0.0369708726596 0.00864137879718 -0.00359515784248 0.0107766748773 0.0121262375813 0.0609885694108 0.00829993909367 0.0338487277171 -0.0114034701256 0.0304188926411 0.0225767738227 0.359444399787 0.051635961158 0.0345678905561 0.0152743527628 0.017094258087 -0.00867971487338 -0.00292759886586 0.00831831789389 0.0352430653794 0.0214355104878 0.0530226114265 0.0287444662825 -0.0205992984031 0.00804844278798 -0.00960479036949 0.0061113326052 0.0632802312207 0.00840310845872 0.00474242336837 0.023480818403 0.0161077487727 -0.00312327458634 0.00856207817273 
0.0260797793396 0.0488610624047 0.005443501229 0.0270666364438 0.0150649449582 0.0165148549744 0.0180087167032 0.0179441080217 0.00719820801183 0.0133532765909 0.0330120497977 0.0322390029238 0.0399564986632 0.0147113015144 0.00219399046523 0.0264724234231 0.0104246833813 0.051635961158 0.288742726503 0.0226355439511 0.0375949868842 0.0491662192894 0.01237071471 0.00212153077256 0.0337660347048 0.064854531851 0.0149162451871 0.0227228832356 0.0201246490194 0.00295525053599 0.0324595388125 0.00984796195257 0.0151791607465 0.0306627092749 0.012575597309 0.031680973814 0.0299519305808 0.00289315697795 0.00880439741916 0.033512768752 
0.0144290835527 0.0330060474668 0.00310012377151 0.022257130765 0.0685391542718 0.0236448198496 0.00347946231578 0.0140922023459 -0.0014017312195 0.0202728693798 0.000261453248293 0.0508657598924 0.0173909125991 0.00102723449543 -0.0077253136737 0.0271963057515 0.0199869215424 0.0345678905561 0.0226355439511 0.57006287382 0.0230020521024 0.0185257032276 0.0152973190125 0.0117866239075 0.0300037925477 0.0453231989433 0.0139581227918 0.0196370773408 0.0568047300653 -0.00101297211939 0.0382645372804 0.00495486029724 0.0173180304619 0.00481032943933 0.0115682677443 0.0247204773539 -0.000987392951011 0.0157076630932 0.00699259044602 0.0250444770379 
0.025094130839 0.084254036204 0.00507399946326 0.00859448187286 0.0157214882358 0.0129280674172 0.0138839685202 0.0129394045462 0.0212074997722 0.00755137412634 0.0101615879574 0.0260736640205 0.0122752489009 0.000951432897116 -0.00219878145436 0.0200061811447 0.0203577288698 0.0152743527628 0.0375949868842 0.0230020521024 0.275847724456 0.024894323209 0.00721880769543 -0.00492396011479 0.0235109395062 0.0227029241407 0.0222405377557 0.00338552794942 0.0163414509701 0.001186715742 0.015457575083 0.000171834456434 0.00190996864034 0.023315319337 0.0169011212667 0.0146530156624 0.0504112161766 0.000198370692723 0.00833302539742 0.0258161770489 
0.0244591065755 0.032968257776 0.0108691896648 0.0223630231907 0.0186861207925 0.0118180405196 0.00351397958124 0.028551953926 0.00928261724636 0.0167900539573 0.0136350177137 0.0231981382779 0.0537067834043 0.0140928093374 0.000174537752594 0.0285254673405 0.0370547706402 0.017094258087 0.0491662192894 0.0185257032276 0.024894323209 0.205646497507 0.00884800192387 0.00387119817569 0.0208341376718 0.0393032595026 0.0140340540442 0.0231552639363 0.00838082286844 0.00774998399605 0.0301345848906 0.0122146373357 0.0246621444129 0.057586789276 0.0217564120533 0.0465217498419 0.0232000295849 0.0137547478268 0.0265077684958 0.016515244901 
0.00877524944371 0.00813855325024 0.000834570054639 0.00694755110568 0.00197882199632 0.0117632562601 0.047929603282 0.00330739097724 0.00927481639188 0.0291615535699 0.0191060151005 0.0163675370918 0.0123385695598 -0.00106229838137 -0.000275944927159 0.0161272771748 0.000467201146544 -0.00867971487339 0.01237071471 0.0152973190125 0.00721880769543 0.00884800192387 0.229562181526 0.0140903831228 0.00859352734743 0.0104901248421 0.01000860288 0.0151836377564 0.0212190716928 0.0558837336156 -0.00366006402998 0.0124748171422 0.0128466017296 0.00600034366027 0.00267106587674 0.0357957910553 0.0177309016 -0.00731361411658 0.0101530023879 -0.000207125813822 
0.0108985646132 -0.00497451141344 0.0216578858491 0.0111390645637 0.00807614445517 0.0146008175767 -0.0112976971294 0.0243017132054 -0.00190923402549 0.0129351894412 -0.0015579739659 0.00219887567507 0.0112828454938 0.0137220873447 0.00924704565681 0.00528577641181 0.00817693786497 -0.00292759886586 0.00212153077256 0.0117866239075 -0.00492396011479 0.00387119817569 0.0140903831228 0.129525467096 0.00299533272895 0.00527993767467 0.00219632186771 0.00441762590001 -0.00116532281309 0.0021475636626 -0.00213375550764 0.011650361778 0.00882534994919 0.0025824280102 0.0106105416338 0.0179139138391 0.00135937683837 0.0163758117167 -0.000645836282387 0.0167899157182 
0.0100804736424 0.015940958879 0.0105511663725 0.0243783114973 0.016271112431 0.0231725809679 0.0153168911423 0.0109808816475 0.0212032204604 0.00845603715446 0.0204563854924 0.0370308859121 0.0110806220257 0.033751262205 -0.00609480722044 0.0101032311134 0.0191127670969 0.00831831789389 0.0337660347048 0.0300037925477 0.0235109395061 0.0208341376718 0.00859352734743 0.00299533272895 0.32783077401 0.0410805656169 0.0225923944666 0.035618327888 -0.00433121579241 0.0382910913225 0.0241829449445 0.00649135586339 0.04195168122 0.0393183176726 0.0139958037528 0.0194923746938 0.0458394357076 0.0226962049467 0.00126981426876 0.02657163977 
0.0316341950462 0.0475919375433 -0.00497861373651 0.0386395379239 0.0255305884415 0.014074786734 0.014354022657 0.0318056695926 0.00555216115464 0.0208986055012 0.0109582510252 0.0544305064084 0.0335187400308 0.0208749399594 -0.00468382675522 0.0633659844606 0.0692974847485 0.0352430653794 0.064854531851 0.0453231989433 0.0227029241407 0.0393032595026 0.0104901248421 0.00527993767467 0.0410805656169 0.620329771356 0.00918836410373 0.0199124524754 0.0271559056103 -0.00246399861951 0.0265923361908 0.0295206508847 0.0121327041369 0.0430625442058 0.00698927000005 0.0285227792566 0.040355890219 0.0346578228969 -0.00503401945237 0.00668219448227 
0.036930071673 0.0365251816832 0.00738035078067 0.0163350544859 0.00832014728458 0.0105624942089 0.0241762481818 0.00909436639442 0.0175026089137 0.021762968204 0.041353425117 0.0259788429157 0.0174932598342 0.00689453313332 -0.00758478821277 0.0185751953172 -0.00926390556369 0.0214355104878 0.0149162451871 0.0139581227918 0.0222405377557 0.0140340540442 0.01000860288 0.00219632186771 0.0225923944666 0.00918836410373 0.199156814268 0.0134622787797 0.0154577119035 -0.00104813189977 0.0135183430369 0.010774741517 0.0273522443685 0.033654936602 0.0061715227325 0.0157033785554 0.0235635091067 0.0039476731663 -0.000133801140728 0.00569388785746 
0.0191499756181 0.0230698852526 0.0175076279426 0.0269064073354 0.0193921913354 0.00496407837048 0.00294866811278 0.0213439750651 0.0377701647919 0.0127563309169 0.0120667609371 0.0319056350132 0.0114486581046 0.0223996580504 0.01052308882 0.0211229292222 0.0286585997922 0.0530226114265 0.0227228832356 0.0196370773408 0.00338552794942 0.0231552639363 0.0151836377564 0.00441762590001 0.035618327888 0.0199124524754 0.0134622787797 0.337833374755 0.0294872835288 -0.016312228488 0.00525024969615 0.00352585821053 -0.00103274091461 0.0240063779952 0.0157323045384 0.0245991180509 0.0275084043594 0.0868125927103 0.025330997243 0.0659924722533 
0.0174041267105 -0.00330095245448 0.00560487458804 0.00497877929304 0.0532871161053 0.000557472279564 0.0722466515805 0.0113384931277 -0.00651253102362 0.0130830864513 0.00517186822906 0.00245116969626 0.0122694619002 0.0139095512952 -0.00462726759116 0.0162260564669 0.00829169372109 0.0287444662825 0.0201246490194 0.0568047300653 0.0163414509701 0.00838082286844 0.0212190716928 -0.00116532281309 -0.00433121579241 0.0271559056103 0.0154577119035 0.0294872835289 0.923562307288 0.0172850142762 0.0113186574311 0.00847922786501 0.017382534983 0.000801569041915 0.0117967828818 0.0121080470478 0.0233500238075 0.025523049677 0.00701066812614 0.0476624515305 
-0.0064189466405 0.0108421287369 -0.00142494294794 0.00702507090246 -0.0111761229127 0.00683248933007 0.0184258211031 -0.000726635184951 0.00279136240149 0.0236839119792 0.0136305985629 -0.00900314275198 0.00125968333488 0.00947256519569 -0.00174014471784 -0.0105081590312 0.00281625755211 -0.0205992984031 0.00295525053599 -0.00101297211939 0.001186715742 0.00774998399605 0.0558837336156 0.0021475636626 0.0382910913225 -0.00246399861951 -0.00104813189977 -0.016312228488 0.0172850142762 0.443096805597 0.0102616632157 0.00976821169134 0.0112180888248 0.0184783615053 -0.000764850217998 0.0126121846641 -0.00457780473473 -0.00594414398888 0.00263021860861 0.00146148804685 
0.0169504555555 0.0388612102902 0.00675125902792 0.0189637899584 0.0016820121638 0.0177915878657 0.0042367057742 0.00692446855706 0.00958183798274 -0.000603232256611 0.0154987785871 0.0176798230616 0.0309583909817 0.00683328982142 -0.0122680566277 0.0370147791735 -0.00030778649142 0.00804844278798 0.0324595388125 0.0382645372804 0.015457575083 0.0301345848906 -0.00366006402998 -0.00213375550764 0.0241829449445 0.0265923361908 0.0135183430369 0.00525024969615 0.0113186574311 0.0102616632157 0.398435380794 0.00570272508998 0.0288944149828 0.0253074860506 0.00146915577789 0.0471198271861 0.0032120967216 -0.0013083587028 0.0306723965202 0.0155529998081 
0.00333374645107 0.0083847776152 0.0107901581133 0.0108873826976 0.0102404495396 0.00789507077103 -0.00127194880632 0.00899166886851 0.00788765454546 0.0077142217743 0.0228200415675 0.0200461211418 0.0064795866259 -0.00247516722258 0.0143412681452 0.0082059606027 0.0354330587593 -0.00960479036949 0.00984796195257 0.00495486029724 0.000171834456434 0.0122146373357 0.0124748171422 0.011650361778 0.00649135586339 0.0295206508847 0.010774741517 0.00352585821053 0.00847922786501 0.00976821169134 0.00570272508998 0.179162349707 -0.000961357938386 0.0175595735343 0.0011526998138 0.0138688646354 0.00124675754368 0.02022499999 -0.00554525952068 0.0134190244032 
0.017542712924 0.00876475079274 0.0107168508428 0.0310570144571 0.0196772911323 0.0241520978115 0.00736021497783 0.0101914263482 0.0364249748686 0.0270509451361 0.0329953122657 0.0249693368357 0.0275271515779 0.0304701970536 0.0278430778686 0.00788679664396 0.0282307506384 0.0061113326052 0.0151791607465 0.0173180304619 0.00190996864034 0.0246621444129 0.0128466017296 0.00882534994919 0.04195168122 0.0121327041369 0.0273522443685 -0.00103274091462 0.017382534983 0.0112180888248 0.0288944149828 -0.000961357938386 0.651906399602 0.0119099796294 0.0121448980492 0.0186997344164 0.0187074692805 -0.00648378622183 0.0115568442708 0.0149877261257 
0.0182820747072 0.0292992348592 0.00381489130612 0.0187608203186 0.00872067108016 0.0109050878027 0.00290327579738 0.0207724977845 0.0154521484921 0.00656526660659 0.0478659946139 0.0425356155573 0.0301495030568 0.00768055594399 0.0175148107526 0.0267209435693 0.0252339325574 0.0632802312207 0.0306627092749 0.00481032943933 0.023315319337 0.057586789276 0.00600034366027 0.0025824280102 0.0393183176726 0.0430625442058 0.033654936602 0.0240063779952 0.000801569041914 0.0184783615053 0.0253074860506 0.0175595735343 0.0119099796294 0.444931018758 0.00452584579094 0.0260868243865 0.0371573595149 -0.00338060915657 0.0146412988663 0.0328232500174 
0.0094522984161 0.0225402402772 0.00315629746046 0.0201359325358 0.00805288395828 0.00766594656233 0.00985496947552 0.017558695686 0.00973060669133 0.018272045149 0.00983040147313 0.0154862865703 0.0208285718912 0.0150658935712 -0.000136017023451 0.00810059373928 0.0199551628671 0.00840310845872 0.012575597309 0.0115682677443 0.0169011212667 0.0217564120533 0.00267106587674 0.0106105416338 0.0139958037528 0.00698927000005 0.0061715227325 0.0157323045384 0.0117967828818 -0.000764850217998 0.00146915577789 0.0011526998138 0.0121448980492 0.00452584579094 0.192772265042 0.0125378068073 0.0344427208937 0.0182299998593 0.0068785040313 0.00680852170677 
0.0235730126193 0.0245447323528 0.0118562523329 0.0111939966825 0.0187754390136 0.0166540312256 0.0101502112739 0.0297080591529 0.00438830157867 0.0215292018913 0.0142713596278 0.0104444812641 0.0513841920477 0.00843158434424 0.000309680412769 0.0197602798498 0.0129581754336 0.00474242336837 0.031680973814 0.0247204773539 0.0146530156624 0.0465217498419 0.0357957910553 0.0179139138391 0.0194923746938 0.0285227792566 0.0157033785554 0.0245991180509 0.0121080470478 0.0126121846641 0.0471198271861 0.0138688646354 0.0186997344164 0.0260868243865 0.0125378068073 0.174265737401 0.0189763116267 -0.000793492414764 0.0182032675025 0.0232405317329 
0.0291831062928 0.0404399380148 0.00489271084726 0.00967360427868 -0.00444205072162 0.0104622522138 -0.00433376150435 0.0151642110385 0.0181172410401 0.0114869227127 0.0242048008082 0.0426891841434 0.0169726956984 0.0370193573061 0.00773616960772 0.00804905441926 0.000674760485303 0.023480818403 0.0299519305808 -0.000987392951011 0.0504112161766 0.0232000295849 0.0177309016 0.00135937683837 0.0458394357076 0.040355890219 0.0235635091067 0.0275084043594 0.0233500238075 -0.00457780473472 0.0032120967216 0.00124675754368 0.0187074692805 0.0371573595149 0.0344427208937 0.0189763116267 0.500860902796 0.0218846469605 0.00914766447977 0.0197103527254 
0.0425122653173 0.048229204525 0.014173400761 0.0593100613952 -0.00978867868053 0.00734174631034 0.0116222713556 0.0218470110563 0.0282302609687 0.00898019252174 -0.00984040678188 0.0484229833954 0.00857696813162 0.0150154967187 0.00644524223149 0.0189729433739 -0.0129120797876 0.0161077487727 0.00289315697795 0.0157076630932 0.000198370692723 0.0137547478268 -0.00731361411658 0.0163758117167 0.0226962049467 0.0346578228969 0.0039476731663 0.0868125927103 0.025523049677 -0.00594414398888 -0.0013083587028 0.02022499999 -0.00648378622183 -0.00338060915657 0.0182299998593 -0.000793492414764 0.0218846469605 2.07813720171 0.0177965880825 0.0530979417112 
0.0210516039684 0.0119973853529 0.00329917235156 0.072179627723 0.00253589350077 0.0285615648526 -0.00332039081607 -0.00210964138493 0.171424027041 0.0469918314013 0.0137818360374 0.0295006758631 0.000646676980022 0.015777169606 0.0309773709414 0.0103064860231 0.0153624284336 -0.00312327458634 0.00880439741916 0.00699259044602 0.00833302539743 0.0265077684958 0.0101530023879 -0.000645836282387 0.00126981426876 -0.00503401945237 -0.000133801140727 0.025330997243 0.00701066812614 0.00263021860861 0.0306723965202 -0.00554525952068 0.0115568442708 0.0146412988663 0.0068785040313 0.0182032675025 0.00914766447977 0.0177965880825 0.422013792556 -0.00210607575166 
0.0141794379039 0.0053942644737 -0.00168559354293 0.0158186878043 0.0017895610838 0.0111126270917 -0.00363386225046 0.0137799086487 0.0127136762858 -0.000956543548563 0.00240313402741 0.0270622097281 0.0129755419968 0.0168215420264 0.010857381136 0.00819266383035 0.0112378697923 0.00856207817274 0.033512768752 0.0250444770379 0.0258161770489 0.016515244901 -0.000207125813822 0.0167899157182 0.02657163977 0.00668219448227 0.00569388785746 0.0659924722532 0.0476624515305 0.00146148804684 0.0155529998081 0.0134190244032 0.0149877261257 0.0328232500174 0.00680852170677 0.0232405317329 0.0197103527254 0.0530979417112 -0.00210607575166 0.305693265186 

['APD', 'A', 'GIS', 'LEG', 'HRB', 'PBI', 'IGT', 'FRE', 'XTO', 'EXC', 'LMT', 'NSM', 'SNV', 'QLGC', 'KSE', 'TEK', 'ITT', 'NSC', 'TROW', 'DDS', 'CA', 'JPM', 'BAX', 'PEP', 'BBBY', 'CC', 'RTN', 'LPX', 'GM', 'HCA', 'VFC', 'HCR', 'AVP', 'TXT', 'TWX', 'CBSS', 'ERTS', 'BRCM', 'OXY', 'FISV']