20
0.042606905642 0.005148759701 0.0340091550877 0.0184249616408 0.0246636786654 0.0484031048171 0.0589662330248 0.093312473985 0.0690415105338 0.0314514366364 0.0538734886168 0.0299059053764 0.0389775871913 0.0991765707177 0.0282353637115 0.0253425298527 0.0363496030559 0.0424048973372 0.143796644659 0.143584613331 
0.257971481703 0.0387081009914 0.0162798034434 0.0262931295951 0.0127983612591 0.0307898115209 0.031436200322 0.017757800044 0.0286322951559 0.0331737191744 0.0243505110267 0.0138840979877 0.0246650480388 -0.00665571422975 0.0171399823519 0.0148488592187 0.0292873173532 0.0129522417782 0.0609546309873 0.0296584782265 
0.0387081009914 0.237033623758 0.0120169321767 0.00143759397947 0.00594239021194 0.0185664611954 -0.00495896437661 0.00565445417022 0.00721499546601 0.0152611966591 0.00646565356528 0.0120761227809 0.0104393534503 0.00320862520523 0.0156250119305 0.0134420813806 0.00462776790227 0.0160061886391 0.0196260758153 0.0117208351204 
0.0162798034434 0.0120169321767 0.211036382413 0.0533302877432 0.0152399998132 0.024708597596 0.0333350485738 -0.012648792108 0.0229032755486 0.0467835829477 0.0136025038519 0.0211731146935 0.0349646108998 0.00095800246319 0.0434714868231 0.00622043692433 0.0157625345403 0.011363444777 0.0233298544529 0.00561543181473 
0.0262931295951 0.00143759397947 0.0533302877432 0.167356958665 0.0310649418464 0.0246442590716 0.0153666572936 0.00769124465923 0.0260527003507 0.053452496375 0.021974143891 0.0247829135184 0.0371409867619 0.0147591309281 0.053666240895 0.0257314076816 0.0240121289178 0.0194493967137 0.0464552723586 0.0310717963231 
0.0127983612591 0.00594239021194 0.0152399998132 0.0310649418464 0.13851203383 0.011980931412 0.0040632419994 0.0031532749265 0.00929898371092 0.0346892404983 0.00694726626822 0.0196888893231 0.0305321989121 0.00725494827462 0.027437897058 0.00993839186117 0.0138174192534 -0.0105261649337 0.0361172847292 0.00283149390483 
0.0307898115209 0.0185664611954 0.024708597596 0.0246442590716 0.011980931412 0.269283150729 0.0200424731778 0.0361842367879 0.0505662462073 0.0167806401064 0.0433335193635 0.0284726710683 0.0282048056154 -0.0142156048183 0.0261544825367 0.0319584075036 0.00900312890921 0.0277098847067 0.0608741472811 0.0386308275074 
0.031436200322 -0.00495896437661 0.0333350485738 0.0153666572936 0.0040632419994 0.0200424731778 0.404158236382 0.0351223658962 0.0431510990307 0.0111241510778 0.0314486302911 0.0156727502005 0.0331366599619 -0.0107658641444 0.0226794326293 0.0152512817872 0.0216369857788 0.0100937370802 0.0425185666448 -0.00165691626257 
0.017757800044 0.00565445417022 -0.012648792108 0.00769124465923 0.0031532749265 0.0361842367879 0.0351223658962 0.41810452598 0.0239977814729 -0.00351935379124 0.0149488202559 0.000276897535814 0.0092721512022 0.046745963617 0.00542037461421 -0.00151407760404 0.00764606073722 0.0171590448278 0.0682080257859 0.205431879365 
0.0286322951559 0.00721499546601 0.0229032755486 0.0260527003507 0.00929898371092 0.0505662462073 0.0431510990307 0.0239977814729 0.445516942362 0.0261016310822 0.0260141654187 0.0212913565608 0.0159492375284 0.00183054562959 0.0279226577992 0.0373460177735 0.0284386108659 -0.00319873751691 0.0941889785774 0.0309105688454 
0.0331737191744 0.0152611966591 0.0467835829477 0.053452496375 0.0346892404983 0.0167806401064 0.0111241510778 -0.00351935379124 0.0261016310822 0.187191431152 0.0146653390626 0.0242604984713 0.0537794850941 -0.00201454897753 0.0591619574335 0.0134423689641 0.0167229930805 0.00584060075497 0.0457232184232 0.027138067682 
0.0243505110267 0.00646565356528 0.0136025038519 0.021974143891 0.00694726626822 0.0433335193635 0.0314486302911 0.0149488202559 0.0260141654187 0.0146653390626 0.387487178618 0.0225250093742 0.0232278784525 0.00422210110213 0.0198252053197 0.00849284891683 0.0287550638968 0.0104097791947 0.0770707879725 0.0122021603538 
0.0138840979877 0.0120761227809 0.0211731146935 0.0247829135184 0.0196888893231 0.0284726710683 0.0156727502005 0.000276897535814 0.0212913565608 0.0242604984713 0.0225250093742 0.281231638571 0.0298019392041 -0.00459265684087 0.0205416639621 0.00564258006368 0.011134832529 0.0285204568081 0.0373801803769 0.00665512281995 
0.0246650480388 0.0104393534503 0.0349646108998 0.0371409867619 0.0305321989121 0.0282048056154 0.0331366599619 0.0092721512022 0.0159492375284 0.0537794850941 0.0232278784525 0.0298019392041 0.246103478972 0.00350334389874 0.026532460949 0.0186896509681 0.00508872028099 0.00851247859776 0.0755735143479 0.0223950557282 
-0.00665571422975 0.00320862520523 0.00095800246319 0.0147591309281 0.00725494827462 -0.0142156048183 -0.0107658641444 0.046745963617 0.00183054562959 -0.00201454897753 0.00422210110213 -0.00459265684087 0.00350334389874 0.642124764378 0.000942161984477 0.00559387054711 0.0105570849038 0.0299079740322 0.00641265033177 0.0195406528041 
0.0171399823519 0.0156250119305 0.0434714868231 0.053666240895 0.027437897058 0.0261544825367 0.0226794326293 0.00542037461421 0.0279226577992 0.0591619574335 0.0198252053197 0.0205416639621 0.026532460949 0.000942161984477 0.144364208278 0.0178421439992 0.0292093912287 0.0118951676745 0.0418403805751 0.0188049927023 
0.0148488592187 0.0134420813806 0.00622043692433 0.0257314076816 0.00993839186117 0.0319584075036 0.0152512817872 -0.00151407760404 0.0373460177735 0.0134423689641 0.00849284891683 0.00564258006368 0.0186896509681 0.00559387054711 0.0178421439992 0.195805858136 0.0555551959426 0.0206896734028 0.0329884976904 0.00313535053982 
0.0292873173532 0.00462776790227 0.0157625345403 0.0240121289178 0.0138174192534 0.00900312890921 0.0216369857788 0.00764606073722 0.0284386108659 0.0167229930805 0.0287550638968 0.011134832529 0.00508872028099 0.0105570849038 0.0292093912287 0.0555551959426 0.314273310794 0.0354855719099 0.0380547619206 0.00984214245463 
0.0129522417782 0.0160061886391 0.011363444777 0.0194493967137 -0.0105261649337 0.0277098847067 0.0100937370802 0.0171590448278 -0.00319873751691 0.00584060075497 0.0104097791947 0.0285204568081 0.00851247859776 0.0299079740322 0.0118951676745 0.0206896734028 0.0354855719099 0.400198694443 0.0142322050355 0.014208489189 
0.0609546309873 0.0196260758153 0.0233298544529 0.0464552723586 0.0361172847292 0.0608741472811 0.0425185666448 0.0682080257859 0.0941889785774 0.0457232184232 0.0770707879725 0.0373801803769 0.0755735143479 0.00641265033177 0.0418403805751 0.0329884976904 0.0380547619206 0.0142322050355 0.650460007871 0.0902338300448 
0.0296584782265 0.0117208351204 0.00561543181473 0.0310717963231 0.00283149390483 0.0386308275074 -0.00165691626257 0.205431879365 0.0309105688454 0.027138067682 0.0122021603538 0.00665512281995 0.0223950557282 0.0195406528041 0.0188049927023 0.00313535053982 0.00984214245463 0.014208489189 0.0902338300448 0.554840280452 

['UTX', 'WWY', 'ZION', 'HBAN', 'TMK', 'IP', 'VFC', 'NBR', 'A', 'WB', 'WHR', 'XL', 'MET', 'MYL', 'MTB', 'LLY', 'SGP', 'ZMH', 'ET', 'NOV']