50
0.0791308905459 0.0325349378307 0.0936509155003 0.0262343191133 0.0448250845436 0.0377989606714 0.146363775453 0.107116270008 0.0534443631468 0.0246645675501 0.0135350028622 0.0395572708053 0.0384738749472 0.0528259349661 0.005148759701 0.0210054402465 0.0211692002509 0.0267221777707 0.360667625942 0.0275926739743 0.136312174374 0.0610020106181 0.0707348977441 0.0753619397022 0.0576577356707 0.0770368317024 0.00399952409326 0.00422555400052 0.0413167922229 0.242072249725 0.143796644659 0.0125032911957 0.0289058353667 0.0399774891594 0.041097516798 0.0375994121509 0.0265193363437 0.0131635076039 0.0459594094694 0.00699576056141 0.0861911318708 0.042606905642 0.0545934085328 0.0316848802341 0.044891801276 0.0793031051092 0.0197813299257 0.275379497042 0.019144788815 0.0766147585819 
0.61461085757 0.00718402123469 0.00977263485817 0.00418302640628 0.00663443995996 0.038620998745 -0.0120619495006 0.00340087048765 0.000426631138465 0.00452133905632 0.00489236452782 0.00274428810128 0.00136301636608 -0.00858866847776 -0.00999125618661 0.00888409591804 0.0166687801249 -0.00234792300129 0.026174377189 0.0470604540418 -0.0117374666989 0.0170447464743 0.0155329820151 0.00814073003759 0.00720848768716 0.0189050817319 0.0144653428203 0.000717539704701 0.0138613138341 -0.00790285296056 0.0307629264851 0.000201025390548 0.00116307898255 -0.00559514376033 0.0256903776313 0.00360916963757 0.00208397901321 0.0124867323424 0.0206952686821 0.00445873730291 0.0635712367446 -0.00983504861626 0.00333980439548 0.0128799643646 0.012199588192 0.00599672724766 0.0114474335131 -0.00342292422432 0.0116087442354 0.0556909847967 
0.00718402123469 0.284573762057 0.0102250672335 0.00711063900738 0.0126195475197 0.0129803008781 0.00660218762329 0.0109234024411 0.0151084412416 0.015066934441 0.017221241102 0.031248807035 0.00800375254089 0.0360478830619 0.0126545066215 0.00208044986003 0.0234557662027 0.014200703505 0.0355295096447 -0.00100036292898 -0.0175437369501 0.00518712930673 0.0072017224147 -0.0112156449465 0.00468704146725 -0.022001652093 0.0198828984603 0.00704054859834 0.022739783905 0.00795895395335 0.0340998939759 -0.00610173395072 0.0154873140428 -0.0144195143811 -0.00348095630574 0.0127125208616 -0.00279383414755 0.0107983482582 0.0117613583133 0.00918275230749 0.0240175502173 0.0134931185893 0.00499151682575 0.00894228222822 0.0188601774221 0.0470598086837 0.0200627402569 -0.0202910493625 0.0136821462653 0.0260152089404 
0.00977263485818 0.0102250672335 0.446802481943 0.0217641708021 0.0376336070578 0.0310895532145 0.0102546007515 0.0568119815818 0.0305384340081 0.0226849988736 0.0183790247619 0.00708072305453 0.0211854970643 0.00649181200498 -0.00234170735765 -0.000983554807296 0.00618693720973 0.0085804054481 0.0411095465106 0.0243714949121 -0.00818525060156 0.0465228910133 0.0107199475923 0.0155351543379 0.049890922662 0.0102525483211 0.0107323872465 0.0243245094463 0.0271786018121 0.0604344896038 0.0870587067486 0.0622057077407 0.0288659149331 0.00635143021854 0.0274408421812 0.0120662870418 0.00589862584739 -0.00400103435351 0.0174576147322 -0.00374407168541 0.017798325734 0.0246125193787 0.0293829310782 0.0169915276149 0.0313994431532 0.0537188675742 0.0127371218729 0.00397193358747 0.0531988256313 0.0316387534805 
0.00418302640628 0.00711063900738 0.0217641708021 0.180454535172 0.0151995264768 0.0305096208148 -0.00479083057626 0.0111150006248 0.0108546943199 0.0566316196643 0.0233392060071 0.00554219569004 0.00782690003135 0.0266876397175 0.00490693437653 0.0198482407284 0.0101525054804 0.0196961588696 0.0156822363941 0.00939083614461 -0.0100522578611 0.0138914959795 0.0131918299195 -0.0076952502419 0.0122916058774 0.0064232965991 0.0161489708853 0.0114876281098 0.0132986556342 0.0264050115003 0.0301651204695 0.0081202828782 0.0152103594321 0.00608843002789 0.0286515284747 0.0133164485927 0.00954082222279 0.0204929482992 0.0316089644777 0.0166986464899 0.0175806686062 0.0122455385323 0.015390807667 0.0169597356425 0.0132121643915 0.0233213141274 0.0349925089263 0.00439271952873 0.021997496812 0.00981031077539 
0.00663443995996 0.0126195475197 0.0376336070578 0.0151995264768 0.24171143394 0.0103472417207 0.0128449636129 0.00358878823292 0.0196829161837 0.0234504538425 0.0168025061566 0.00533542477484 0.00313786134039 0.0224383666187 0.0173679870596 0.0172243468352 -0.00245634126626 0.0155085113326 -0.000439451077491 0.00874014732802 -0.0135325146986 0.0109675201484 0.000507705409509 -0.00983236760934 0.0158318818388 0.0120176543424 0.020392792487 0.027934067282 0.0130854704163 0.0461698492982 0.0221203315554 0.038178093918 0.0128968240791 -0.00448935571153 0.0128564726279 0.00397489207719 0.0168624283631 0.00822701666641 0.030649619538 0.0100231193507 0.0198597244721 0.0209533190003 0.0120458649989 0.0211496068586 0.00761924502544 0.0239835560102 0.019123631584 0.00982461284293 0.0460519803224 0.0235404483022 
0.038620998745 0.0129803008781 0.0310895532145 0.0305096208148 0.0103472417207 0.313312751202 0.0266755916841 0.125716854275 0.0178786186817 0.00155342755833 0.0222574301322 0.0132273413709 0.00816364152071 0.00273137396189 0.00891741011221 -0.00128864786748 -0.00259089134231 0.012355746641 0.0568514926242 -0.00200263822945 -0.00906092001485 0.0354952277989 0.0176725677327 0.00140132650528 0.0195375895337 0.0114815389118 0.0146252764761 0.0138666708264 0.0181010876734 0.0624812724157 0.0858719337002 0.00735162206557 0.0253668340631 -0.00948712932102 0.0100548143503 0.00305466463996 0.0115606579768 0.00437364282886 0.0278991220774 0.000305646450453 0.0415503566152 0.0201709540106 0.0464436045819 0.00150645335774 0.0182619367417 0.0222994346467 0.00155147409252 -0.0102693586567 0.0140493250786 0.0735322006768 
-0.0120619495006 0.00660218762329 0.0102546007515 -0.00479083057626 0.0128449636129 0.0266755916841 0.981203072499 -0.00874263362409 0.024964572565 0.0179911506333 -0.0200278674758 0.00824796945788 0.0186393734604 0.000785599664401 0.019975875788 0.00408964246422 0.021702732325 0.00424773919278 0.0196072157803 0.00647137004447 -0.000936259077232 0.0117951654736 -0.00390719742326 0.0209662668874 0.00312390144659 0.0051434480106 0.00274835039316 -0.00790252096273 0.0407297826286 0.0439933388261 0.0231178611212 0.0185533597951 0.00375032915607 0.00342843341705 -0.00251719994822 0.0126859740319 0.0096929764725 0.00646531982016 0.00585883065837 0.00698600854969 0.0085992034181 0.0252595246281 0.0249913362882 -0.00794853113252 0.0136326307321 0.00773841424406 0.0211538668398 -0.00211335925274 0.00279411702561 0.00504233035299 
0.00340087048766 0.0109234024411 0.0568119815818 0.0111150006248 0.00358878823292 0.125716854275 -0.00874263362409 0.522855579902 0.0286041159545 0.02286479039 0.0216040582254 0.0137453827569 0.00019298166393 0.0161865673773 0.02058358459 0.00199847800748 0.0223624660153 0.0208969810208 0.0896369021211 0.00264711896187 3.78403758179e-05 0.0318521599916 0.00826535088842 0.0369763333859 0.0434446421912 0.0311220409484 0.0179465948263 0.0180993929385 0.0226696121071 0.0489681976358 0.0471351223282 0.0234540856526 0.0234142138043 -0.00708318599076 -0.000515326205407 0.0156558692102 0.0282067797508 0.0055288077671 0.0144585610553 0.00705682244083 0.0660949419274 0.0167277596079 0.0526619866462 0.00482158554335 0.0279479838076 0.0033923519587 0.00689934164686 -0.00727331547862 0.0167733910759 0.0650965881517 
0.000426631138464 0.0151084412416 0.0305384340081 0.0108546943199 0.0196829161837 0.0178786186817 0.024964572565 0.0286041159545 0.303516131218 0.00440991890894 0.014484666667 0.0113517960698 0.0282703040969 0.0136718709772 0.0151732966675 0.00118065551125 -0.000730462122782 0.00975385318149 0.0385024322996 0.000238459780081 -0.00905141673175 0.00844728481747 0.0258069776552 0.0295846939894 0.00612807223812 0.00492785248628 0.0164322386183 0.0111231562336 0.029995929944 0.0591618360708 0.0389122538966 0.00867580411341 0.0311949862325 -0.00406515158054 0.0100550789838 0.021925111936 0.00790026807746 0.010782782559 0.0160036976583 0.0075419510818 0.0131243977612 0.0320264000496 0.0233244593037 0.0154828385159 0.0219595389361 0.0293900391402 0.00677220935987 -0.00766021839957 0.0260705170635 0.0349811232058 
0.00452133905632 0.015066934441 0.0226849988736 0.0566316196643 0.0234504538425 0.00155342755833 0.0179911506333 0.02286479039 0.00440991890894 0.15956119748 0.0204998888437 0.0186358641145 0.00766092159176 0.0256438101676 0.00943603668037 0.0117125889113 0.0184976522072 0.0283444652675 0.0149995416802 0.014818447212 -0.00917664498763 0.00773678376208 0.0164499253366 0.00712473734334 0.024245356976 -0.00116267745574 0.011857934303 0.0190926161376 0.0173188100348 0.0149891281962 0.0241054125979 0.0207972202398 0.0178827800386 -0.00615071623681 0.0346706375889 0.0136799416657 0.0111272439586 0.0191862009845 0.0292960868133 0.0154754894515 0.0108551986985 0.00356681149169 0.0185779826781 0.0243007662554 0.0114271669029 0.0151498530092 0.0501955656763 0.00115998841057 0.0162348399346 0.0223696107312 
0.00489236452782 0.017221241102 0.0183790247619 0.0233392060071 0.0168025061566 0.0222574301322 -0.0200278674758 0.0216040582254 0.014484666667 0.0204998888437 0.191416657382 0.00819293272442 0.00832968936121 0.0080916223905 0.0102744098359 0.00518028714327 0.00769693158421 0.0149227905092 0.0215516231922 -0.00206376385402 0.0257498052668 0.00425068238306 0.0208417886568 0.0176228965081 0.0184476204587 0.00746676959735 0.0092329809511 0.0118044483045 0.0113193337951 0.0148395211093 0.0263112723775 0.0129518505038 0.0357200236746 -0.00592860406834 0.0221282215535 0.00525499884426 0.00542809915867 0.0147289019812 0.0296502108899 0.0107094280678 0.00719595107532 0.0281075102214 0.0299598223049 0.0224639035769 0.017617501808 0.014861256881 0.0203888313698 -0.0102754664269 0.0235551881136 0.0244230424724 
0.00274428810129 0.031248807035 0.00708072305453 0.00554219569004 0.00533542477484 0.0132273413709 0.00824796945788 0.0137453827569 0.0113517960698 0.0186358641145 0.00819293272442 0.174935900219 0.0053080597127 0.00880938912143 0.024917764444 0.0120066531711 0.00826847716347 0.0149142191295 0.00245412825973 0.00356988930405 -0.00493466913789 0.00363742436981 0.0129929303619 0.000885638208349 0.0221050394853 0.00522416967669 0.018985973394 0.00185308467066 0.00716343292537 0.0331161347395 0.0178283679939 0.00807997630328 0.008190064673 0.0126969954932 0.00114956842152 0.0101958820365 0.00923254292284 0.0037976322637 0.00285483686844 0.00449799502793 0.0020655104386 0.0120396786106 0.0158008294027 -0.000160376642606 0.00428412512085 -0.00233899508055 0.0108402997454 0.00589772190283 0.00257699372532 0.0281761365559 
0.00136301636608 0.00800375254089 0.0211854970643 0.00782690003135 0.00313786134039 0.00816364152071 0.0186393734604 0.000192981663929 0.0282703040969 0.00766092159176 0.00832968936121 0.0053080597127 0.226775544327 0.0106402208755 0.00462746978187 0.00435520682516 0.00939706462339 0.0154437527432 0.00240506816419 -0.00937119558547 -0.0153023945265 0.00120340381868 0.0201234605071 0.0200282354806 0.0137554668961 0.0217797923725 0.00211449846709 0.0178178983146 0.0455148191345 0.040840586167 0.015364716244 0.0183275839861 0.000268872030984 0.00379567220685 0.0147442657212 0.00747441881678 -0.000833915569851 0.0140818896715 0.0119124929967 0.00524749401463 0.0250464241482 0.0185835306143 0.0117437288302 0.00399421084136 0.0132481177101 0.0241441326965 0.00536883817612 0.0108118692419 0.0125586417986 0.00771278965553 
-0.00858866847775 0.0360478830619 0.00649181200498 0.0266876397175 0.0224383666187 0.00273137396189 0.000785599664401 0.0161865673773 0.0136718709772 0.0256438101676 0.0080916223905 0.00880938912143 0.0106402208755 0.275567760034 0.0248821715881 0.0152974430351 0.0188244106564 0.0106974079763 0.0522092616178 0.00870579733798 -0.0176437437404 0.00475948559562 0.00220577419549 -0.00923034195016 0.0142910553988 0.0172465080263 0.00953447343886 0.0186268384219 0.0114890183747 0.0226535774439 0.035451395296 0.0109938487901 0.0586474570093 0.0213010021927 0.0255842336919 0.0263875973225 0.0127446601032 0.00552018875729 0.0494044145633 0.00807137802351 0.0130569686885 0.0222686019138 0.0193503748441 0.0422996412609 0.0183490690624 0.0311992324281 0.0176633801791 0.00512949676544 0.0135425418651 0.0288615062795 
-0.0099912561866 0.0126545066215 -0.00234170735766 0.00490693437653 0.0173679870596 0.00891741011221 0.019975875788 0.02058358459 0.0151732966675 0.00943603668037 0.0102744098359 0.024917764444 0.00462746978187 0.0248821715881 0.229262850582 0.00963845159621 0.00464702747875 0.00116344981688 0.00735851405891 -0.00158574584444 -0.00557578596059 -0.00550697848703 -0.0112790044223 0.0109943246042 0.0163945064989 -0.00340265996922 0.0184167532417 0.00791256403258 0.00807221249617 -0.0145629041476 0.0181576447029 0.0163626853637 0.00503669435607 -4.44186870748e-05 0.0105400951581 0.0163865046957 0.00570770163722 0.00771712399715 0.0037986202663 0.00586298353457 0.00405977456588 0.0352875413773 0.0043446048215 0.00577599325749 0.013496802692 0.0128291564304 0.00668660650422 -0.00179758369727 0.00691938770869 -0.00090271211897 
0.00888409591804 0.00208044986003 -0.000983554807296 0.0198482407284 0.0172243468352 -0.00128864786748 0.00408964246422 0.00199847800748 0.00118065551125 0.0117125889113 0.00518028714327 0.0120066531711 0.00435520682516 0.0152974430351 0.00963845159621 0.13097882561 -0.00455758245792 0.0110650502113 0.0111919846524 -0.00892495388226 -0.0026082212729 0.00892578598735 0.0189346370291 -0.00545200033822 0.00827233193957 0.00176799778798 0.00748316176118 0.00589559766929 0.0113771454985 0.00678782371591 -0.000127458070358 -0.00350076520898 0.00487262809138 0.00181979182464 0.0117652814796 0.00568627269852 0.0154271192499 0.00971908147776 0.013077534578 0.00786210619832 0.00730125024038 0.00327828821714 0.00111320874559 0.00829989679751 0.0109248599688 -0.00350755880617 0.00535962918841 0.00103898418134 0.000892711763734 0.00335254478541 
0.0166687801249 0.0234557662027 0.00618693720973 0.0101525054804 -0.00245634126626 -0.00259089134231 0.021702732325 0.0223624660153 -0.000730462122781 0.0184976522072 0.00769693158422 0.00826847716347 0.00939706462339 0.0188244106564 0.00464702747875 -0.00455758245792 0.209680377951 0.0143723187323 0.0115201263575 -0.0026751559735 0.000377206087196 0.0141542728997 -0.0101920145041 0.00997644285772 0.00640976701087 0.00249614086132 0.00200629453391 -0.00525694193305 0.00461637291558 0.00396379015422 0.0152447535656 0.0039184327105 -0.00106090308218 -0.00481493864302 0.00514354957764 0.000620977083179 0.0197364544585 0.0113209729 0.00988531618529 0.0130318028597 0.0144116068629 0.0075919885501 0.0198015701829 0.0135576340079 0.0212574540512 0.00147341778445 0.00819690456827 0.00307643852857 0.00449936061829 0.0143274126507 
-0.00234792300129 0.014200703505 0.0085804054481 0.0196961588696 0.0155085113326 0.012355746641 0.00424773919278 0.0208969810208 0.00975385318149 0.0283444652675 0.0149227905092 0.0149142191295 0.0154437527432 0.0106974079763 0.00116344981688 0.0110650502113 0.0143723187323 0.179945408366 0.0202797950557 0.0172599769703 0.00130908244322 0.0140829780651 0.014202756371 0.0367924688233 0.0314647443994 0.00783874120188 0.0127347486627 0.0289577595169 0.0222921528625 0.0123638968029 0.0338892997931 0.00507139030445 0.0300704360402 0.0102770492111 0.0281948031089 0.0180989292043 0.00923674823229 0.0392425696973 0.0111761609845 0.0422736638587 0.0110457496865 0.0153632748096 0.0297124372 0.0209298594172 0.0332823310895 0.00449856537692 0.0163321527344 0.00544356343954 0.0259995236182 0.0105198295185 
0.026174377189 0.0355295096447 0.0411095465106 0.0156822363941 -0.00043945107749 0.0568514926242 0.0196072157803 0.0896369021211 0.0385024322996 0.0149995416802 0.0215516231922 0.00245412825973 0.00240506816419 0.0522092616178 0.00735851405891 0.0111919846524 0.0115201263575 0.0202797950557 1.17832975775 -0.0102412778563 -0.0130908138654 0.0336269478809 0.022428268409 0.0310836736494 0.0381170223492 0.0598984208286 -0.00666502832824 0.000800139447516 0.00648386945957 0.0761969972284 0.04123832372 -0.00543242910699 0.0128802695543 0.010488876871 0.00461924412381 0.0287344274731 0.0254143776409 0.00248817661005 0.0448861876965 0.00146076370083 0.033506774448 0.0273710014388 0.0624342474679 0.0150707344814 0.0148587819186 0.0615029092623 -0.000411870139874 -0.0245385131516 0.00516919767914 0.111399242717 
0.0470604540418 -0.00100036292899 0.0243714949121 0.00939083614461 0.00874014732802 -0.00200263822945 0.00647137004447 0.00264711896187 0.000238459780079 0.014818447212 -0.00206376385402 0.00356988930405 -0.00937119558547 0.00870579733798 -0.00158574584444 -0.00892495388226 -0.0026751559735 0.0172599769703 -0.0102412778563 0.322181534475 0.164647469547 0.0157626183412 0.00879202457394 -0.00150899045072 0.00867996591362 0.00921493592553 0.00270086357207 0.0540005696062 0.00283325793629 0.0182406166967 -0.000957953081905 0.00665363256767 0.0101611668541 -0.00450097099334 -0.0117970375952 0.00812854233965 0.006974120868 0.0032788997281 0.0283004376675 -0.00420725669003 -0.00494594112539 -0.00126099735213 0.0104130870549 0.00722374750714 0.0145341768831 0.00529496473436 0.00900093286152 0.00219122188107 0.0184137395848 0.0210712004836 
-0.0117374666989 -0.0175437369501 -0.00818525060156 -0.0100522578611 -0.0135325146986 -0.00906092001485 -0.000936259077232 3.78403758181e-05 -0.00905141673175 -0.00917664498763 0.0257498052668 -0.00493466913789 -0.0153023945265 -0.0176437437404 -0.00557578596059 -0.0026082212729 0.000377206087195 0.00130908244322 -0.0130908138654 0.164647469547 1.93492101982 -0.00351924714512 -0.0226823153905 0.0146233352342 -0.00533527611475 -0.00943810126261 -0.0188918117635 -0.00388471507736 0.00097958351029 -0.0304979068389 -0.0169791492351 -0.00469568632093 -0.00929798675199 0.00419996276683 -0.000708906986912 0.0107647055734 -0.00465261201774 -0.00403972829652 -0.0132230862645 -0.00647430750402 -0.00833786678048 0.00531046699265 -0.00765833898157 0.000310036676218 -0.00973289333894 -0.0039395341282 -0.00514278408247 -0.0119192716746 -0.0155250672199 -0.0157172048798 
0.0170447464743 0.00518712930673 0.0465228910133 0.0138914959795 0.0109675201484 0.0354952277989 0.0117951654736 0.0318521599916 0.00844728481747 0.00773678376208 0.00425068238306 0.00363742436981 0.00120340381868 0.00475948559562 -0.00550697848703 0.00892578598735 0.0141542728997 0.0140829780651 0.0336269478809 0.0157626183412 -0.00351924714512 0.414240671957 -0.00878532805849 0.021606306297 0.0154463487566 -0.000845224759382 0.00435718542528 0.0294656849714 0.00303847927785 0.0478545827044 0.0553849074167 0.00059199914902 0.00971843540378 0.00468588831838 0.00715060115398 0.00483384839153 0.0488111685226 0.00562908983124 0.015207617151 0.0115756425212 0.0269387747861 0.00709852925267 0.0101678126457 0.0138141828716 0.0121244135997 0.00711368537071 0.0081508519219 -0.0226755864654 0.00942618469471 0.0527147400276 
0.0155329820151 0.00720172241469 0.0107199475923 0.0131918299195 0.000507705409509 0.0176725677327 -0.00390719742326 0.00826535088842 0.0258069776552 0.0164499253366 0.0208417886568 0.0129929303619 0.0201234605071 0.00220577419549 -0.0112790044223 0.0189346370291 -0.0101920145041 0.014202756371 0.022428268409 0.00879202457394 -0.0226823153905 -0.00878532805849 0.301891385908 0.00148644923068 0.00286839648666 0.0146024626621 -0.00302480786884 -0.00492508467929 0.0223116383242 0.0288903336532 0.000988096719404 -0.0020586915128 0.0110833445318 -0.00924451771392 0.0208379948687 0.0128809712707 -0.00218556541375 0.0157233717944 0.0140385353594 0.015332344646 0.0141385937345 0.0118617694152 0.0150592400025 0.00926537186197 0.0175336550669 0.0212381555408 0.00273640997866 -0.0188027943567 0.0162915912534 0.0170325339772 
0.00814073003758 -0.0112156449465 0.0155351543379 -0.0076952502419 -0.00983236760934 0.00140132650528 0.0209662668874 0.0369763333859 0.0295846939894 0.00712473734334 0.0176228965081 0.000885638208349 0.0200282354806 -0.00923034195016 0.0109943246042 -0.00545200033822 0.00997644285772 0.0367924688233 0.0310836736494 -0.00150899045073 0.0146233352342 0.021606306297 0.00148644923068 0.381439532369 0.0115720374684 0.0216925335438 -0.0117150378057 0.0125354973798 0.0156856105998 0.0788732660367 0.0492834458149 -0.0166931944408 0.0129302835209 0.00305588009029 0.0269490105157 0.0156081872902 0.0141772743903 0.0241746354295 0.0259996789279 0.0135043162534 0.0332494679183 0.0479305173798 0.0345695728595 0.010108561165 0.0217189003996 -0.0234770610787 -0.0137689475119 -0.0121676863768 0.010116463792 0.0154223131334 
0.00720848768716 0.00468704146725 0.049890922662 0.0122916058774 0.0158318818388 0.0195375895337 0.00312390144659 0.0434446421912 0.00612807223812 0.024245356976 0.0184476204587 0.0221050394853 0.0137554668961 0.0142910553988 0.0163945064989 0.00827233193957 0.00640976701087 0.0314647443994 0.0381170223492 0.00867996591362 -0.00533527611475 0.0154463487566 0.00286839648666 0.0115720374684 0.242957481482 0.00719178601775 0.00942100908041 0.022114468288 0.00835089641084 0.0203557666703 0.0307474941813 0.00969667617169 0.0108063982915 0.00921099418916 0.0147321700998 0.0236427286437 0.0137634469485 0.0251945978934 0.0204256100322 0.0225037114954 0.0161399104928 0.0197206096519 0.0358511144965 0.0144748493778 0.0340665851468 0.0226431896247 0.0267779841272 -0.00150684636519 0.022331429519 0.0225680953403 
0.0189050817319 -0.022001652093 0.0102525483211 0.0064232965991 0.0120176543424 0.0114815389118 0.0051434480106 0.0311220409484 0.00492785248628 -0.00116267745574 0.00746676959735 0.00522416967669 0.0217797923725 0.0172465080263 -0.00340265996922 0.00176799778798 0.00249614086132 0.00783874120188 0.0598984208286 0.00921493592553 -0.00943810126261 -0.000845224759382 0.0146024626621 0.0216925335438 0.00719178601776 0.338839690508 0.00402054409233 0.0125586444384 0.00895779064123 0.0254832931277 0.0315926571231 0.0119641488721 0.00691342452624 -0.00370062326412 0.008163128026 0.00102683269846 0.0137181311561 0.00496675633765 0.037714612264 0.0175437876948 0.0117271096599 0.00302787393861 0.0208408055371 0.0120768369451 0.0104770334733 0.0173241303878 -0.00608568862776 0.022573135376 0.0168459053004 0.0167597675127 
0.0144653428203 0.0198828984603 0.0107323872465 0.0161489708853 0.020392792487 0.0146252764761 0.00274835039316 0.0179465948263 0.0164322386183 0.011857934303 0.0092329809511 0.018985973394 0.00211449846709 0.00953447343886 0.0184167532417 0.00748316176118 0.00200629453391 0.0127347486627 -0.00666502832824 0.00270086357207 -0.0188918117635 0.00435718542528 -0.00302480786884 -0.0117150378057 0.00942100908041 0.00402054409233 0.177069311835 0.00577805408445 0.0202006152504 0.0167461818598 0.0169420975018 0.00671281171828 0.0207278115023 0.0106132344071 0.014890947871 0.0177105643779 0.00920004388014 0.0164068449543 0.00473258657102 0.0129110537867 -0.00149108395101 0.0162458471014 0.00786352637339 0.0075020244207 0.0129861094647 0.00605379727751 0.00717422022896 0.00252497877458 0.0120353015491 0.0322225785176 
0.000717539704702 0.00704054859834 0.0243245094463 0.0114876281098 0.027934067282 0.0138666708264 -0.00790252096273 0.0180993929385 0.0111231562336 0.0190926161376 0.0118044483045 0.00185308467066 0.0178178983146 0.0186268384219 0.00791256403258 0.00589559766929 -0.00525694193305 0.0289577595169 0.000800139447515 0.0540005696062 -0.00388471507736 0.0294656849714 -0.00492508467929 0.0125354973798 0.022114468288 0.0125586444384 0.00577805408445 0.261943950294 0.00128520896278 0.0394691354773 0.0601619409064 0.01547465597 -0.000511784420311 0.00321488571884 0.0165546926791 0.0291997657236 0.00437581731008 0.00714159417919 0.0323949767357 0.0101308461182 0.0186232179082 0.00111517682464 0.0212726629297 0.0264952651677 0.0159973049317 -0.0159941155729 0.00276306785188 0.00494594878424 0.00469152782397 0.0200895917277 
0.0138613138341 0.022739783905 0.0271786018121 0.0132986556342 0.0130854704163 0.0181010876734 0.0407297826286 0.0226696121071 0.029995929944 0.0173188100348 0.0113193337951 0.00716343292537 0.0455148191345 0.0114890183747 0.00807221249617 0.0113771454985 0.00461637291559 0.0222921528625 0.00648386945957 0.00283325793629 0.00097958351029 0.00303847927785 0.0223116383242 0.0156856105998 0.00835089641084 0.00895779064123 0.0202006152504 0.00128520896278 0.239457478382 0.0455662609076 0.0375973981987 0.00515528767393 0.0202819061898 0.00977634005382 0.0248270288091 0.013100121924 0.00784670458075 0.0154855303532 0.0168056363978 0.00480998483822 0.0277361630982 0.00953390518999 0.0136602733126 0.000288949406935 0.0312524336436 0.0344416182561 0.0102369221204 0.0200336876433 0.0236870186852 0.00284951065218 
-0.00790285296057 0.00795895395335 0.0604344896038 0.0264050115003 0.0461698492982 0.0624812724157 0.0439933388261 0.0489681976358 0.0591618360708 0.0149891281962 0.0148395211093 0.0331161347395 0.040840586167 0.0226535774439 -0.0145629041476 0.00678782371591 0.00396379015422 0.0123638968029 0.0761969972284 0.0182406166967 -0.0304979068389 0.0478545827044 0.0288903336532 0.0788732660367 0.0203557666703 0.0254832931277 0.0167461818598 0.0394691354773 0.0455662609076 0.667792435171 0.119926864245 0.00702398092489 0.0373781160622 -0.0118606878021 0.0315405864553 0.0181362939689 0.0265757681865 0.00512850067407 0.0147255612969 0.00245814250353 0.0418279995491 0.0496192577465 0.0803695267766 0.0363458034207 0.0550628621746 0.0594405359309 0.0105105265639 -0.0271619909691 0.0370014610708 0.0454076630835 
0.0307629264851 0.0340998939759 0.0870587067486 0.0301651204695 0.0221203315554 0.0858719337002 0.0231178611212 0.0471351223282 0.0389122538966 0.0241054125979 0.0263112723775 0.0178283679939 0.015364716244 0.035451395296 0.0181576447029 -0.000127458070358 0.0152447535656 0.0338892997931 0.04123832372 -0.000957953081904 -0.0169791492351 0.0553849074167 0.000988096719404 0.0492834458149 0.0307474941813 0.0315926571231 0.0169420975018 0.0601619409064 0.0375973981987 0.119926864245 0.616665095253 0.0154353953352 0.0606698338704 0.0198083384057 0.0456238311131 -0.00399494607388 0.0244569654712 0.0159897712754 0.0427273253837 -0.000844124551563 0.0846034057674 0.0481298788725 0.0633455111196 0.0496771174709 0.0569757583461 0.0935149514757 0.0232616478159 -0.0183006278827 0.0364915128947 0.0433217293735 
0.000201025390551 -0.00610173395072 0.0622057077407 0.0081202828782 0.038178093918 0.00735162206557 0.0185533597951 0.0234540856526 0.00867580411341 0.0207972202398 0.0129518505038 0.00807997630328 0.0183275839861 0.0109938487901 0.0163626853637 -0.00350076520898 0.0039184327105 0.00507139030445 -0.00543242910699 0.00665363256767 -0.00469568632093 0.00059199914902 -0.0020586915128 -0.0166931944408 0.00969667617169 0.0119641488721 0.00671281171828 0.01547465597 0.00515528767394 0.00702398092489 0.0154353953352 0.280677993391 0.00659022844436 0.00630052907808 -0.00291806828561 0.0158771562956 0.00153300812416 -0.00551994214389 0.0331211807105 -0.002790966823 0.00964934740622 0.00900537710908 0.0087855856287 0.014364286511 0.0215995705796 0.0355362673515 0.0120883426028 0.00668442448092 0.0272807675254 0.0106237602944 
0.00116307898255 0.0154873140428 0.0288659149331 0.0152103594321 0.0128968240791 0.0253668340631 0.00375032915608 0.0234142138043 0.0311949862325 0.0178827800386 0.0357200236746 0.008190064673 0.000268872030985 0.0586474570093 0.00503669435607 0.00487262809138 -0.00106090308218 0.0300704360402 0.0128802695543 0.0101611668541 -0.00929798675199 0.00971843540378 0.0110833445318 0.0129302835209 0.0108063982915 0.00691342452624 0.0207278115023 -0.000511784420311 0.0202819061898 0.0373781160622 0.0606698338704 0.00659022844436 0.221041832149 0.0144280017712 0.0385038347663 0.00789815131486 0.00789582925728 0.0130122137416 0.0383791206978 0.00163654712376 0.00908893865585 0.0306683291698 0.0127853112214 0.0309094094889 0.0182329733451 0.0275504459824 0.0147692300961 -0.00966533156728 0.0178663702345 0.0191157074549 
-0.00559514376032 -0.0144195143811 0.00635143021854 0.00608843002789 -0.00448935571153 -0.00948712932102 0.00342843341705 -0.00708318599076 -0.00406515158054 -0.00615071623681 -0.00592860406834 0.0126969954932 0.00379567220685 0.0213010021927 -4.44186870748e-05 0.00181979182464 -0.00481493864302 0.0102770492111 0.010488876871 -0.00450097099334 0.00419996276683 0.00468588831838 -0.00924451771392 0.00305588009029 0.00921099418916 -0.00370062326412 0.0106132344071 0.00321488571884 0.00977634005382 -0.0118606878021 0.0198083384057 0.00630052907808 0.0144280017712 0.447235413159 0.00705028157349 0.0102973384707 -0.00667338160373 0.0204724531655 0.0163105610768 0.0193180910831 0.00137697729265 0.00230457982622 -0.00646604351465 0.00585854285209 0.00675830432319 0.0109693805857 0.0119269125261 0.0157470655847 -0.000503645448959 -0.00623720858308 
0.0256903776313 -0.00348095630574 0.0274408421812 0.0286515284747 0.0128564726279 0.0100548143503 -0.00251719994822 -0.000515326205407 0.0100550789838 0.0346706375889 0.0221282215535 0.00114956842152 0.0147442657212 0.0255842336919 0.0105400951581 0.0117652814796 0.00514354957763 0.0281948031089 0.00461924412381 -0.0117970375952 -0.000708906986912 0.00715060115398 0.0208379948687 0.0269490105157 0.0147321700998 0.008163128026 0.014890947871 0.0165546926792 0.0248270288091 0.0315405864553 0.0456238311131 -0.00291806828561 0.0385038347663 0.00705028157349 0.239186469213 0.00346803190426 0.000377845536668 0.0302487788521 0.00426281295147 0.0164733732817 0.00335881527888 0.0186415456092 0.00581439342832 0.0336117075075 0.0181925222477 -0.000675684338342 0.0246001541582 -0.00579772316242 0.0234118136637 0.0697160343948 
0.00360916963757 0.0127125208616 0.0120662870418 0.0133164485927 0.00397489207718 0.00305466463996 0.0126859740319 0.0156558692102 0.021925111936 0.0136799416657 0.00525499884426 0.0101958820365 0.00747441881678 0.0263875973225 0.0163865046957 0.00568627269852 0.00062097708318 0.0180989292043 0.0287344274731 0.00812854233965 0.0107647055734 0.00483384839153 0.0128809712707 0.0156081872902 0.0236427286437 0.00102683269846 0.0177105643779 0.0291997657236 0.013100121924 0.0181362939689 -0.00399494607388 0.0158771562956 0.00789815131486 0.0102973384707 0.00346803190426 0.265614851272 0.00752491576506 0.0101429396231 0.0129658959456 0.00673162407718 0.00565373284005 0.0155813447522 0.00842482175942 0.0210273591765 0.0175102490504 0.00770969525733 0.0112172540236 -0.0129287319855 0.0157883791951 0.0123741174428 
0.00208397901321 -0.00279383414756 0.00589862584739 0.00954082222279 0.0168624283631 0.0115606579768 0.0096929764725 0.0282067797508 0.00790026807746 0.0111272439586 0.00542809915867 0.00923254292285 -0.000833915569853 0.0127446601032 0.00570770163722 0.0154271192499 0.0197364544585 0.00923674823229 0.0254143776409 0.006974120868 -0.00465261201774 0.0488111685226 -0.00218556541375 0.0141772743903 0.0137634469485 0.0137181311561 0.00920004388014 0.00437581731008 0.00784670458075 0.0265757681865 0.0244569654712 0.00153300812416 0.00789582925728 -0.00667338160373 0.000377845536665 0.00752491576506 0.205341544477 0.0134424922189 0.0148903439285 0.0122126663273 0.0135297265993 0.0176102812104 0.0173600427658 0.00312919542967 0.0418260053955 0.0174208935976 0.00790521553732 -0.000102534197469 0.0238883682918 0.00494952122734 
0.0124867323424 0.0107983482582 -0.00400103435351 0.0204929482992 0.00822701666641 0.00437364282886 0.00646531982016 0.00552880776709 0.010782782559 0.0191862009845 0.0147289019812 0.0037976322637 0.0140818896715 0.00552018875729 0.00771712399715 0.00971908147776 0.0113209729 0.0392425696973 0.00248817661005 0.0032788997281 -0.00403972829652 0.00562908983124 0.0157233717944 0.0241746354295 0.0251945978934 0.00496675633765 0.0164068449543 0.00714159417919 0.0154855303532 0.00512850067407 0.0159897712754 -0.00551994214389 0.0130122137416 0.0204724531655 0.0302487788521 0.0101429396231 0.0134424922189 0.153617516836 0.00638651717227 0.0509782336456 0.0116230899705 0.0061433631941 0.020127760362 0.0132376650651 0.00459956070863 0.010933404659 0.0124700552328 0.0154629058528 0.0127822826823 0.00453187908996 
0.0206952686821 0.0117613583133 0.0174576147322 0.0316089644777 0.030649619538 0.0278991220774 0.00585883065837 0.0144585610553 0.0160036976583 0.0292960868133 0.0296502108899 0.00285483686844 0.0119124929967 0.0494044145633 0.0037986202663 0.013077534578 0.00988531618529 0.0111761609845 0.0448861876965 0.0283004376675 -0.0132230862645 0.015207617151 0.0140385353594 0.0259996789279 0.0204256100322 0.0377146122641 0.00473258657102 0.0323949767357 0.0168056363978 0.0147255612969 0.0427273253837 0.0331211807105 0.0383791206978 0.0163105610768 0.00426281295147 0.0129658959456 0.0148903439285 0.00638651717227 0.34424298741 0.0100498099416 0.031071588217 0.00717239801688 0.0225052237676 0.0309606086629 0.022685994255 0.0280699508873 0.0121676696223 -0.00183549829318 0.018957958098 0.0128287810208 
0.00445873730291 0.00918275230749 -0.00374407168541 0.0166986464899 0.0100231193507 0.000305646450453 0.00698600854969 0.00705682244083 0.0075419510818 0.0154754894515 0.0107094280678 0.00449799502793 0.00524749401463 0.00807137802351 0.00586298353457 0.00786210619832 0.0130318028597 0.0422736638587 0.00146076370083 -0.00420725669003 -0.00647430750402 0.0115756425212 0.015332344646 0.0135043162534 0.0225037114954 0.0175437876948 0.0129110537867 0.0101308461182 0.00480998483822 0.00245814250353 -0.000844124551563 -0.002790966823 0.00163654712376 0.0193180910831 0.0164733732817 0.00673162407718 0.0122126663273 0.0509782336456 0.0100498099416 0.144587869357 0.015128392495 0.00934822804482 0.0119045227815 0.0220689684316 0.00984573380079 -0.000298158028086 0.0159521886245 0.0118012183104 0.00915822873517 -0.00246700806434 
0.0635712367446 0.0240175502173 0.017798325734 0.0175806686062 0.0198597244721 0.0415503566152 0.0085992034181 0.0660949419274 0.0131243977612 0.0108551986985 0.00719595107532 0.0020655104386 0.0250464241482 0.0130569686885 0.00405977456588 0.00730125024038 0.0144116068629 0.0110457496865 0.033506774448 -0.00494594112539 -0.00833786678048 0.0269387747861 0.0141385937345 0.0332494679183 0.0161399104928 0.0117271096599 -0.00149108395101 0.0186232179082 0.0277361630982 0.0418279995491 0.0846034057674 0.00964934740622 0.00908893865585 0.00137697729265 0.00335881527888 0.00565373284006 0.0135297265993 0.0116230899705 0.031071588217 0.015128392495 0.391724050074 0.00396462226901 0.0501122729785 0.00155811968006 0.00919688424394 0.03882936449 0.00603037441006 -0.00770264309355 0.0259942095144 0.0273886082984 
-0.00983504861626 0.0134931185893 0.0246125193787 0.0122455385323 0.0209533190003 0.0201709540106 0.0252595246281 0.0167277596079 0.0320264000496 0.00356681149169 0.0281075102214 0.0120396786106 0.0185835306143 0.0222686019138 0.0352875413773 0.00327828821714 0.0075919885501 0.0153632748096 0.0273710014388 -0.00126099735213 0.00531046699265 0.00709852925268 0.0118617694152 0.0479305173798 0.0197206096519 0.00302787393861 0.0162458471014 0.00111517682464 0.00953390518999 0.0496192577465 0.0481298788725 0.00900537710908 0.0306683291698 0.00230457982622 0.0186415456092 0.0155813447522 0.0176102812104 0.0061433631941 0.00717239801688 0.00934822804482 0.00396462226901 0.242732901415 0.0321853548412 0.0238345653356 0.0110957129593 0.0298874554083 0.0225817805729 -0.00963100577059 0.017817953812 0.019256575924 
0.00333980439548 0.00499151682575 0.0293829310782 0.015390807667 0.0120458649989 0.0464436045819 0.0249913362882 0.0526619866462 0.0233244593037 0.0185779826781 0.0299598223049 0.0158008294027 0.0117437288302 0.0193503748441 0.0043446048215 0.00111320874559 0.0198015701829 0.0297124372 0.0624342474679 0.0104130870549 -0.00765833898157 0.0101678126457 0.0150592400025 0.0345695728595 0.0358511144965 0.0208408055371 0.00786352637339 0.0212726629297 0.0136602733126 0.0803695267766 0.0633455111196 0.00878558562869 0.0127853112214 -0.00646604351465 0.00581439342832 0.00842482175942 0.0173600427658 0.020127760362 0.0225052237676 0.0119045227815 0.0501122729785 0.0321853548412 0.259324199962 0.0274897538542 0.033588977004 0.0341883671978 0.00866740201684 0.0168489594076 0.0326430992979 0.0362228518924 
0.0128799643646 0.00894228222822 0.0169915276149 0.0169597356425 0.0211496068586 0.00150645335774 -0.00794853113252 0.00482158554335 0.0154828385159 0.0243007662554 0.0224639035769 -0.000160376642606 0.00399421084136 0.0422996412609 0.00577599325749 0.00829989679751 0.0135576340079 0.0209298594172 0.0150707344814 0.00722374750715 0.000310036676218 0.0138141828716 0.00926537186197 0.010108561165 0.0144748493778 0.0120768369451 0.0075020244207 0.0264952651677 0.000288949406935 0.0363458034207 0.0496771174709 0.014364286511 0.0309094094889 0.00585854285209 0.0336117075075 0.0210273591765 0.00312919542967 0.0132376650651 0.0309606086629 0.0220689684316 0.00155811968006 0.0238345653356 0.0274897538542 0.155062596021 0.00956170877473 0.0206169103233 0.0178982270257 -0.0127821290519 0.0207063894486 0.0287727083451 
0.012199588192 0.0188601774221 0.0313994431532 0.0132121643915 0.00761924502544 0.0182619367417 0.0136326307321 0.0279479838076 0.0219595389361 0.0114271669029 0.017617501808 0.00428412512085 0.0132481177101 0.0183490690624 0.013496802692 0.0109248599688 0.0212574540512 0.0332823310895 0.0148587819186 0.0145341768831 -0.00973289333894 0.0121244135997 0.0175336550669 0.0217189003996 0.0340665851468 0.0104770334733 0.0129861094647 0.0159973049317 0.0312524336436 0.0550628621746 0.0569757583461 0.0215995705796 0.0182329733451 0.00675830432319 0.0181925222477 0.0175102490504 0.0418260053955 0.00459956070863 0.022685994255 0.00984573380079 0.00919688424394 0.0110957129593 0.033588977004 0.00956170877474 0.33463329161 0.0120407895476 0.00831662356001 -0.0145982073342 0.0296128031413 0.0156606654358 
0.00599672724766 0.0470598086837 0.0537188675742 0.0233213141274 0.0239835560102 0.0222994346467 0.00773841424406 0.0033923519587 0.0293900391402 0.0151498530092 0.014861256881 -0.00233899508055 0.0241441326965 0.0311992324281 0.0128291564304 -0.00350755880617 0.00147341778445 0.00449856537692 0.0615029092623 0.00529496473436 -0.0039395341282 0.00711368537071 0.0212381555408 -0.0234770610787 0.0226431896247 0.0173241303878 0.00605379727751 -0.015994115573 0.0344416182561 0.0594405359309 0.0935149514757 0.0355362673515 0.0275504459824 0.0109693805857 -0.000675684338341 0.00770969525733 0.0174208935976 0.010933404659 0.0280699508873 -0.000298158028086 0.03882936449 0.0298874554083 0.0341883671978 0.0206169103233 0.0120407895476 0.383831272153 0.0145549231909 0.00819692090222 0.0332416881324 0.038758895303 
0.0114474335131 0.0200627402569 0.0127371218729 0.0349925089263 0.019123631584 0.00155147409252 0.0211538668398 0.00689934164686 0.00677220935987 0.0501955656763 0.0203888313698 0.0108402997454 0.00536883817612 0.0176633801791 0.00668660650422 0.00535962918841 0.00819690456827 0.0163321527344 -0.000411870139875 0.00900093286152 -0.00514278408247 0.0081508519219 0.00273640997866 -0.0137689475119 0.0267779841272 -0.00608568862776 0.00717422022896 0.00276306785188 0.0102369221204 0.0105105265639 0.0232616478159 0.0120883426028 0.0147692300961 0.0119269125261 0.0246001541582 0.0112172540236 0.00790521553732 0.0124700552328 0.0121676696223 0.0159521886245 0.00603037441006 0.0225817805729 0.00866740201684 0.0178982270257 0.00831662356001 0.0145549231909 0.138327813041 -0.00336841853493 0.0230185688163 0.0102438659789 
