30
0.116671338284 0.0466521206007 0.0716450377603 0.0333203023267 0.0613427887106 0.0559384191954 0.0442318588416 0.133882810383 0.0357111585815 0.15397042743 0.044891801276 0.104903250727 0.0261881624723 0.0440278725419 0.0534443631468 0.0501483555771 0.0266042550295 0.105459344027 0.110783759143 0.158041803894 0.0162161188728 0.360667625942 0.0396471392927 0.0678674292734 0.0743289823458 0.0179151897049 0.0511846892664 0.0623322546876 0.0340754658053 0.080285366307 
1.07096091051 0.0394656484204 -0.0028594933438 0.0053158219094 0.00511331888252 0.0269388291857 0.0333473654956 0.00858712417564 0.0169021964176 0.0390321535125 0.0208658185909 0.0249106305222 -0.0171345166462 0.0323445764876 0.0112516055545 0.00124443648404 0.00584792942004 0.0148219554341 0.068983960758 0.0345184418429 0.0203518535739 0.0766424584872 0.0207361520835 0.0129327044321 0.0316241809372 0.000240480989806 0.0132147268419 0.00584024554145 0.00984460458281 0.0315080241427 
0.0394656484204 0.251918971978 0.00588603403088 0.0252748656898 0.0455972234619 0.018866929333 0.0280214270659 0.0376206118735 0.0141485244317 0.0265017711464 0.0142964270364 -0.000382676449471 0.0140885471208 0.0129592494769 0.00409596258368 0.0120117903298 0.0190954296016 0.000679107529506 0.0134831849776 0.0188353959541 0.0474514219462 0.0120225772149 0.0593082150504 0.0132937665705 0.0284618366087 0.0212529020297 -0.00884944621299 -0.00358842859806 0.0115553189818 0.0163902612846 
-0.0028594933438 0.00588603403088 0.469970099869 0.00907202049864 0.00318756874891 0.00628602498338 0.00632807638188 0.0194313557714 0.0109156238736 0.0282732094115 0.00503804860738 0.0334609057536 0.00430037455865 0.00393356789367 -0.000583582679406 0.0277695507903 0.0231880295666 0.000538145622122 0.0355974339856 0.0130266450853 0.0128715765144 -0.0218936281096 0.0184876390506 0.00602239779203 0.0330074227026 -0.00537683117022 -0.00407112579056 0.0085315521559 0.00116996969539 0.0173938900198 
0.0053158219094 0.0252748656898 0.00907202049864 0.207440236976 0.0110763973506 0.0303330682476 0.0166320792376 0.0121545370009 0.0123632268059 0.00778260770994 0.0216673657383 0.0321943837525 0.0229501962208 0.00189874871797 0.0255339252343 0.0255355823237 0.0197938806092 0.0200105383078 0.00733592166674 0.0213200155759 0.0123098613099 0.00950335150287 0.00638795507675 0.0205435854568 0.0318046822419 0.0224023947646 0.017241429498 0.00531629921928 -0.00277237312844 0.0139455417454 
0.00511331888252 0.0455972234619 0.00318756874891 0.0110763973506 0.273403518782 0.00566805203165 0.0181642002809 0.00448237171748 0.00369628098223 0.0221932507786 0.0292947522918 0.00748560048608 0.012762895267 -0.0058864984085 0.0125683834479 0.0115502549161 0.00657207493185 0.0118050366598 0.0506727572455 -0.00550777132831 0.0164645292023 0.00717054580502 0.0233498532515 0.00308970570757 0.00527636634576 0.0228332424044 0.0094348901967 -0.00161271699784 0.0148919585552 0.0140621301033 
0.0269388291857 0.018866929333 0.00628602498338 0.0303330682476 0.00566805203165 0.231325144964 0.0177323272892 -0.000743077247579 0.0137340249301 -0.00106776857727 0.00859258070968 0.0429874052068 0.0206677670149 0.0345707185057 0.0201532140744 0.0257897359253 0.0112718993964 0.029966890591 0.0370746341031 0.0203784387784 -0.00512124961776 0.0307160708652 0.00391369081517 0.045086588652 0.0357462573642 -0.0107798966134 0.0166538894374 0.0137525559292 0.00911694920738 0.00202426956259 
0.0333473654956 0.0280214270659 0.00632807638188 0.0166320792376 0.0181642002809 0.0177323272892 0.24955826279 0.029755594824 0.0311287384955 0.0193362818407 0.0321896646159 0.0499841508143 0.00848863844281 0.0225353756188 0.0237131976121 0.040771340711 0.0127292610357 0.021079644482 0.0481168580327 0.0228404916425 0.0187829211746 0.0322780002494 0.0189754199068 0.0133384040957 0.0466587971381 0.0105068119492 0.0262271741071 0.00776357379486 0.0132922858602 0.0295910279246 
0.00858712417564 0.0376206118735 0.0194313557714 0.0121545370009 0.00448237171749 -0.000743077247579 0.029755594824 0.486604591631 0.0110552694577 0.136224385112 0.0367086658901 0.0577709112561 0.0119900560885 0.0132197367035 0.0270562548916 0.0451943072734 0.0119068002532 0.000843931969442 0.0488987423741 0.0109453355155 0.0248771198898 0.054626842961 0.0324738186923 0.0332166486581 0.0454558447514 0.0117948892678 0.0266059041521 -0.0182543279258 0.00675541442791 0.03377187547 
0.0169021964176 0.0141485244317 0.0109156238736 0.0123632268059 0.00369628098223 0.0137340249301 0.0311287384955 0.0110552694577 0.294701610901 -0.0108030329431 0.0327825807478 0.0361138505646 0.0201164270563 0.0208678717407 0.0355219962247 0.0129961647283 0.0258345852186 0.0463374368345 0.0160357399909 0.0334891173245 0.0101826312848 0.0349068616455 0.0168562726196 0.059134803318 0.0402354652586 0.0262408036315 0.0132719610592 0.0212448474475 0.00551147448848 0.0289538685514 
0.0390321535125 0.0265017711464 0.0282732094115 0.00778260770994 0.0221932507786 -0.00106776857727 0.0193362818407 0.136224385112 -0.0108030329431 0.61009684519 0.0342725527943 0.0467226659566 0.0179633290885 0.00506988543903 0.00989946019415 0.0231182072849 0.00191190012805 -0.000782033477517 0.0726906729781 -0.0116804775034 0.0342318963041 0.048567154677 0.0558818336615 0.00411473733425 0.0394685533657 0.0146249182503 0.0109365346303 0.00887939538823 0.0160712579686 0.0168232742069 
0.0208658185909 0.0142964270364 0.00503804860738 0.0216673657383 0.0292947522918 0.00859258070968 0.0321896646159 0.0367086658901 0.0327825807478 0.0342725527943 0.335845811943 0.0499367815091 0.0239641579094 0.0219622195754 0.0246671171411 0.0422485366201 0.0273656895262 0.0237059111822 0.0349555390081 0.0326858160756 0.0138840847734 0.0161738065283 0.0219128074219 0.0454559166335 0.0396903185161 0.0057287852938 0.00448094387627 0.00274267446272 0.00805844188832 0.0426996908251 
0.0249106305222 -0.000382676449472 0.0334609057536 0.0321943837525 0.00748560048608 0.0429874052068 0.0499841508143 0.0577709112561 0.0361138505646 0.0467226659566 0.0499367815091 0.463462542589 0.00951913667968 0.0257241210577 0.018248426369 0.0451226305102 0.0235183301794 0.0208870976925 0.0815572201647 0.0151357785308 0.00329395453723 0.058472192998 0.00414141852314 0.0325191405957 0.0609818447654 0.00456490472597 0.0543414366477 0.00854009054866 0.0112461994713 0.0524222802077 
-0.0171345166462 0.0140885471208 0.00430037455865 0.0229501962208 0.0127628952671 0.0206677670149 0.00848863844281 0.0119900560885 0.0201164270563 0.0179633290885 0.0239641579094 0.00951913667968 0.261031827786 0.0288035983759 0.023780758084 0.0172093657679 0.0256175018323 0.0138624911075 0.0241334587549 0.0121884066549 0.00446370459479 0.0116370905238 0.00478367127478 0.0237039219988 0.0276755071959 0.0218292333716 0.0109802789247 0.0091456398173 0.00662462636387 0.0170841592256 
0.0323445764876 0.0129592494769 0.00393356789367 0.00189874871797 -0.0058864984085 0.0345707185057 0.0225353756188 0.0132197367035 0.0208678717407 0.00506988543903 0.0219622195754 0.0257241210577 0.0288035983759 0.230424200516 0.0205863634051 0.0146373813169 0.0143349894465 0.0167147558066 0.0262913417936 0.0437954481811 0.0212710584888 0.0281895315853 0.0187425997846 0.0241875242488 0.0303856175214 0.0204379113218 0.00951011817366 0.0217000217523 0.0208266283441 0.0234960348096 
0.0112516055545 0.00409596258368 -0.000583582679406 0.0255339252343 0.0125683834479 0.0201532140744 0.0237131976121 0.0270562548916 0.0355219962247 0.00989946019415 0.0246671171411 0.018248426369 0.023780758084 0.0205863634052 0.306219934492 0.0226865868152 0.0167441834553 0.0159741088115 0.0158011589233 0.00106620862807 0.00968014218848 0.0445830156727 0.0236460806067 0.0239466613002 0.0664965242753 0.0112841707159 0.00734751232936 0.0361894354833 0.024946858043 0.0589582275828 
0.00124443648404 0.0120117903298 0.0277695507903 0.0255355823237 0.0115502549161 0.0257897359253 0.040771340711 0.0451943072734 0.0129961647283 0.0231182072849 0.0422485366201 0.0451226305102 0.0172093657679 0.0146373813169 0.0226865868152 0.269981318531 0.0277812520279 0.0344902895724 0.0326356015887 0.00929175292037 0.015769981367 0.0205315775823 0.0221254478496 0.0361763477538 0.0328953409382 0.00669963658623 0.0106069562282 0.00930137059381 0.00706180355985 0.0363042923751 
0.00584792942004 0.0190954296016 0.0231880295666 0.0197938806092 0.00657207493185 0.0112718993964 0.0127292610357 0.0119068002532 0.0258345852186 0.00191190012805 0.0273656895262 0.0235183301794 0.0256175018323 0.0143349894465 0.0167441834553 0.0277812520279 0.211903032421 0.0205879433385 0.0219174974353 0.0114421696721 0.0173455829045 0.0344005489489 0.00308564518351 0.0285901533947 0.0493263642326 0.00216904882765 0.0138305902316 0.00935070503378 0.00543649139977 0.0215624497465 
0.0148219554341 0.000679107529506 0.000538145622122 0.0200105383078 0.0118050366598 0.029966890591 0.021079644482 0.000843931969443 0.0463374368345 -0.000782033477517 0.0237059111822 0.0208870976925 0.0138624911075 0.0167147558066 0.0159741088115 0.0344902895724 0.0205879433385 0.751709998624 0.0423437099564 0.0194015497835 0.00604575005715 0.0444329413408 0.00341790115936 0.0398628582847 0.0344227524922 0.00924394798479 0.0292821096052 0.0177659374119 0.0126412236034 0.0782706505053 
0.068983960758 0.0134831849776 0.0355974339856 0.00733592166674 0.0506727572455 0.0370746341031 0.0481168580327 0.0488987423741 0.0160357399909 0.0726906729781 0.0349555390081 0.0815572201647 0.0241334587549 0.0262913417936 0.0158011589233 0.0326356015887 0.0219174974353 0.0423437099564 0.474081307206 0.0110731370739 0.0271879598805 0.100572634985 0.0248642018602 0.0581916636108 0.0639506561956 0.0259843406843 0.0308773166825 0.00823400542255 -0.000516141171865 0.057098644607 
0.0345184418429 0.0188353959541 0.0130266450853 0.0213200155759 -0.00550777132831 0.0203784387784 0.0228404916425 0.0109453355155 0.0334891173245 -0.0116804775034 0.0326858160756 0.0151357785308 0.0121884066549 0.0437954481811 0.00106620862807 0.00929175292037 0.0114421696721 0.0194015497835 0.0110731370739 1.03448106477 -0.000834008241794 0.0356377992802 0.025345081982 0.00420228075128 0.0235079996182 0.0124721532118 0.0390291482878 -0.00179163541166 -0.0053306045395 0.0256320177721 
0.0203518535739 0.0474514219462 0.0128715765144 0.0123098613099 0.0164645292023 -0.00512124961776 0.0187829211746 0.0248771198898 0.0101826312848 0.0342318963041 0.0138840847734 0.00329395453723 0.00446370459479 0.0212710584888 0.00968014218848 0.015769981367 0.0173455829045 0.00604575005715 0.0271879598805 -0.000834008241794 0.193419959838 0.00504049139192 0.0693770329521 0.011353202448 0.0296653212174 0.0137169483643 0.00357575426413 -0.000676905757238 0.011948166443 0.000313673134174 
0.0766424584873 0.0120225772149 -0.0218936281096 0.00950335150287 0.00717054580502 0.0307160708652 0.0322780002494 0.054626842961 0.0349068616455 0.048567154677 0.0161738065283 0.058472192998 0.0116370905238 0.0281895315853 0.0445830156727 0.0205315775823 0.0344005489489 0.0444329413408 0.100572634985 0.0356377992802 0.00504049139192 1.18590674851 0.0226779228073 0.0486751752798 0.0356622481025 0.0270902145129 0.0551823244045 -0.000137562951675 -0.00506189322576 0.0298516814987 
0.0207361520835 0.0593082150504 0.0184876390506 0.00638795507675 0.0233498532515 0.00391369081517 0.0189754199068 0.0324738186923 0.0168562726197 0.0558818336615 0.0219128074219 0.00414141852314 0.00478367127478 0.0187425997846 0.0236460806067 0.0221254478496 0.00308564518352 0.00341790115936 0.0248642018602 0.025345081982 0.0693770329521 0.0226779228073 0.264128973056 0.0204747329609 0.0340277213787 0.0145518407102 0.00206098660171 0.00343338780174 0.0184954323083 0.00682220151351 
0.0129327044321 0.0132937665705 0.00602239779203 0.0205435854568 0.00308970570757 0.045086588652 0.0133384040957 0.0332166486581 0.059134803318 0.00411473733425 0.0454559166335 0.0325191405957 0.0237039219988 0.0241875242488 0.0239466613002 0.0361763477538 0.0285901533947 0.0398628582847 0.0581916636108 0.00420228075128 0.011353202448 0.0486751752798 0.0204747329609 0.402772661443 0.0537276324204 0.024238378607 0.0325401768547 0.0231091734992 0.0066951588888 0.0319501972672 
0.0316241809372 0.0284618366087 0.0330074227026 0.0318046822419 0.00527636634576 0.0357462573642 0.0466587971381 0.0454558447514 0.0402354652586 0.0394685533657 0.0396903185161 0.0609818447654 0.0276755071959 0.0303856175214 0.0664965242753 0.0328953409382 0.0493263642326 0.0344227524922 0.0639506561956 0.0235079996182 0.0296653212174 0.0356622481025 0.0340277213787 0.0537276324204 0.32878307413 0.0152856070568 0.0166194027279 0.00730410803666 0.021873923018 0.0165595113372 
0.000240480989806 0.0212529020297 -0.00537683117022 0.0224023947646 0.0228332424044 -0.0107798966134 0.0105068119492 0.0117948892678 0.0262408036315 0.0146249182503 0.0057287852938 0.00456490472597 0.0218292333716 0.0204379113218 0.0112841707159 0.00669963658623 0.00216904882765 0.00924394798479 0.0259843406843 0.0124721532118 0.0137169483644 0.0270902145129 0.0145518407102 0.024238378607 0.0152856070568 0.31136083776 0.00449899945416 0.017232711065 0.00864598613414 -0.00111020892656 
0.0132147268419 -0.00884944621298 -0.00407112579056 0.017241429498 0.00943489019671 0.0166538894374 0.0262271741071 0.0266059041521 0.0132719610592 0.0109365346303 0.00448094387627 0.0543414366477 0.0109802789247 0.00951011817366 0.00734751232936 0.0106069562282 0.0138305902316 0.0292821096052 0.0308773166825 0.0390291482878 0.00357575426413 0.0551823244045 0.00206098660171 0.0325401768547 0.0166194027279 0.00449899945416 0.336449563622 0.00654731195503 0.00846196080765 0.0308508916444 
0.00584024554145 -0.00358842859806 0.0085315521559 0.00531629921928 -0.00161271699784 0.0137525559292 0.00776357379486 -0.0182543279258 0.0212448474475 0.00887939538823 0.00274267446272 0.00854009054866 0.0091456398173 0.0217000217523 0.0361894354833 0.00930137059381 0.00935070503378 0.0177659374119 0.00823400542255 -0.00179163541166 -0.000676905757238 -0.000137562951675 0.00343338780174 0.0231091734992 0.00730410803666 0.017232711065 0.00654731195503 0.535186458102 0.0158369595111 0.0193790953031 
0.00984460458281 0.0115553189818 0.00116996969539 -0.00277237312844 0.0148919585552 0.00911694920738 0.0132922858602 0.00675541442791 0.00551147448848 0.0160712579686 0.00805844188832 0.0112461994713 0.00662462636387 0.0208266283441 0.024946858043 0.00706180355985 0.00543649139977 0.0126412236034 -0.000516141171865 -0.0053306045395 0.011948166443 -0.00506189322576 0.0184954323083 0.0066951588888 0.021873923018 0.00864598613414 0.00846196080765 0.0158369595111 0.186637748948 0.022705017408 
0.0315080241427 0.0163902612846 0.0173938900198 0.0139455417454 0.0140621301033 0.00202426956259 0.0295910279246 0.03377187547 0.0289538685514 0.0168232742069 0.0426996908251 0.0524222802077 0.0170841592256 0.0234960348096 0.0589582275828 0.0363042923751 0.0215624497465 0.0782706505053 0.057098644607 0.0256320177721 0.000313673134174 0.0298516814987 0.00682220151351 0.0319501972672 0.0165595113372 -0.00111020892656 0.0308508916444 0.0193790953031 0.022705017408 0.424764758948 

['RHI', 'EXC', 'SYMC', 'CAH', 'RAI', 'TMO', 'PX', 'SLB', 'HET', 'VLO', 'LEG', 'MON', 'AN', 'WMI', 'BA', 'BMS', 'UPS', 'TEK', 'FSL.B', 'ADBE', 'NI', 'JDSU', 'EIX', 'FD', 'LEH', 'SVU', 'NCR', 'MAT', 'CPB', 'HPC']