100
0.0664901393557 0.0289058353667 0.0389775871913 0.0755152896869 0.0188066159349 0.0361599942098 0.0690593134036 0.0746691414478 0.0255776045185 0.0383245101253 0.0054327763703 0.0260517267587 0.0132097716294 0.0308834605432 0.0284224966367 0.0214039426083 0.0391901687574 0.0206012582373 0.140066530531 0.0570579479668 0.0428749123775 0.0698927007 0.0754552666066 0.125871369107 0.0324915821016 0.0307440439862 0.0800378705657 0.0788996306534 0.0565521495323 0.025657065471 0.0791308905459 0.0870342926162 0.0414012394119 0.0157982173188 0.0785675118811 0.0285507317948 0.0426672552596 0.0646745186267 0.0215013837744 0.0396471392927 0.0270240384822 0.0820701074714 0.133882810383 0.0487859931196 0.0654803135324 0.149246593495 0.0272696759741 0.0340754658053 0.0413167922229 0.040534814632 0.026417897889 0.0308768641188 0.0470472683343 0.0707348977441 0.0348883512333 0.0434942638749 0.0599327976672 0.0715007016099 0.0832698050771 0.118814959333 0.107238949757 0.00422555400052 0.0952881581377 0.029419367 0.0794924924591 0.15397042743 0.0367752030525 0.0572050688987 0.0782010317916 0.0165000515881 0.0738036440579 0.0545934085328 0.0202574279786 0.143584613331 0.0377827405953 0.0911559741232 0.026407260569 0.0427797721554 0.0726136826411 0.0784336943662 0.104005811155 0.00699576056141 0.02473804396 0.0761836706695 0.105459344027 0.0716450377603 0.0522861094618 0.0285158318856 0.0743289823458 0.0309081568087 0.0296866664977 0.188050706821 0.0753619397022 0.045759308444 0.0330111524363 0.0387981152642 0.0276848810082 0.0484031048171 0.103528049483 0.0297585566085 
0.331341055152 0.018888109575 0.0298556409526 -0.00390729541072 0.0151905744519 0.0188482954444 0.0201529772245 0.049682715663 0.0108005681173 0.0331934210811 0.00392883887048 0.00476123257545 0.0138967841066 0.0114140782896 0.0188119495469 0.0120741918646 0.0186635224704 0.00802142221367 0.0602775271192 0.0259586820524 0.0177694115556 0.0262604033541 0.0180171199542 -0.0103433772158 0.0329337642819 0.0322493883538 0.0131048283139 -0.013481900761 0.0202523430851 0.0282934536295 0.0191288566904 0.0103249100065 0.0257609427568 0.0285781119898 -0.0111944950581 0.00792320230448 0.0325152840169 0.0369651120922 0.0265336458727 0.014336389549 0.0273930178857 0.0185985837995 -0.00425800738437 0.0200547682615 0.0375577475626 0.0121150325454 0.00960064185415 0.0269149941378 0.0325282847351 0.000483408174956 0.00186222128533 0.00885154760148 0.022247659552 0.0222338722815 0.0459983379999 0.0304059007241 0.0037970199418 -0.00967550873314 -0.00129395604459 0.00712797534567 0.0291347277635 0.0240591639968 0.0556963249322 -0.000794670489787 0.0269472486121 0.0134914901533 0.0138680780663 0.0153483174988 0.0047534176571 0.0144113762672 0.0072306974092 0.0118481188485 0.00259266764506 0.00992224952432 0.0135828856238 0.0164671493599 0.0397194469981 0.0210794604307 0.0252937867903 0.0221785360936 0.0420685094002 0.00425379371255 0.014269041888 0.00278744296929 0.02880735349 0.00159115091913 0.0245532437765 0.00100497570569 0.0594812713831 0.0224073349605 0.0214368042002 0.00896170061763 0.00545783972383 0.0129902475854 0.0395340974065 0.022153297553 0.0445261580068 0.0150230925959 0.00214088879675 0.011778088132 
0.018888109575 0.215558143598 0.036529626387 0.00652300831459 0.0140713162587 0.00762775185924 0.0105891619931 0.0239874700151 0.00304664138531 0.0286609184731 0.0168276745094 0.00766186831129 0.00597894873758 0.0160532124001 0.00747942877195 0.00535114016241 0.0192125209914 0.0159003762438 0.00485100684215 0.0160134632862 0.0135927888315 0.0415632124741 -0.00404770754547 0.00276854078287 0.00800261454953 0.0133429446214 0.0127332461266 0.00405809225512 0.0181525313736 0.0240771800982 -0.000810265035399 0.025946307968 0.012751573617 0.00170437743027 0.0160179321508 0.0164969129017 0.00940086430273 0.0191704254784 0.0238044668367 0.0101216592763 0.0210829470757 0.0201426584018 0.0337976529329 0.0120911158656 0.0115144931115 0.00260505784599 0.0165300294058 -0.00301381850765 0.0156611739983 -0.00326418743027 0.0131365149803 0.0242814346661 -0.00203998843481 0.0119315682055 0.0203116932651 0.00652107942185 0.0039689941365 0.0169200322176 0.00511205274577 0.00878802586866 0.0240405872707 -0.000378137727818 0.0223359740492 0.018853189015 0.0174845869073 -0.0248743099399 0.00512572688117 0.0076563807923 0.0228481376921 0.0118392089823 0.0152641981992 0.00925647679846 0.0155435491637 0.026579756359 0.0135018869097 0.00979400044391 0.0111995911322 0.0069171812284 0.0258260401399 0.00526279849588 0.00770035601418 0.000923315831677 0.00638379890453 0.0149222044162 -0.0104216327226 0.0210272919475 0.0200016956881 0.00734998172933 0.0374985443368 0.0195974526771 0.014029885698 0.0252459114409 0.0113339415623 0.00921138107577 0.00688620095643 0.00344479760182 0.0220803542641 0.0239196391628 0.0135046506584 0.014150612664 
0.0298556409526 0.036529626387 0.223884812496 -0.0041540734519 0.0110798573512 0.00427506232533 0.0419100813776 0.0057691323002 0.00359884714964 0.00851186300092 0.0133573077915 0.00935563083739 0.0116907013509 0.0191330196863 0.00738260250919 0.00922482295835 0.0172655201182 0.00926489892645 0.030907901517 0.00600662726323 0.0174099512184 0.040289406018 0.0067213058096 -0.000960659567229 -0.00330802795879 0.0223204695796 0.0126151798662 0.00388383060756 0.0127062588797 0.0256066142613 3.77258517365e-05 0.00543892303425 0.00597469314657 0.0127595064212 0.0174554450174 -0.00855910528916 0.0217066800366 0.0108731078437 0.00404591094101 0.0168025442341 0.0123625887402 0.00976451084889 0.00964967783286 0.0141055064515 0.0159661580204 0.0120863284821 0.00958800312105 0.00547734285207 0.0232498975943 -0.00999222250019 0.015583287786 0.00926638776997 0.00354354366697 0.0370845035608 0.0113177539376 0.0140041814385 0.034936864332 0.0149183791694 -0.0056887175392 0.000399890713157 0.022760952682 0.0107285985403 0.0344360944713 0.00217223480913 0.00962986408215 -0.00318124757006 0.0145903823096 0.000204424086397 0.0118510991379 0.0125550888326 0.0174237451093 0.00155302153813 0.0156547566887 0.017216260785 0.0151785312666 0.0198921554978 0.0272582975078 0.0198181306211 0.0124430369004 0.00840289846358 0.0248815989424 0.0097947888218 0.0117528881771 0.00349840802319 0.017929261133 0.0156295869236 0.00676169806405 0.0161944389245 0.0349864978809 0.0202863877663 0.0313731485528 0.010848873492 -0.00964963682274 0.0129733107433 0.0161550770507 0.0132988284362 0.0243557433118 0.0195889383582 0.0159799048037 0.014634998373 
-0.00390729541072 0.00652300831459 -0.0041540734519 0.774956951114 -0.00508710158416 0.00730372749747 -0.00702688072804 0.00963217547845 0.00390309746027 0.0088663853669 -0.00901342799791 0.0134878828191 0.00694841747372 0.0126069112213 0.00984481758112 0.0126974976219 -0.00300700967781 0.00334620996549 0.00946657884841 0.00956791766104 0.0137114535521 -0.00802909595094 0.0136681377477 -0.0141997540514 0.0149871992881 0.0103599127689 -0.00536459723418 0.0141889795384 0.0052612549069 0.00631923736145 0.0239921567003 0.00510106552471 0.015729306701 0.0100448518841 0.00168154956065 -0.00194613279107 0.00567730360594 0.0244638458555 0.0178864991147 -0.0048262092279 0.0116658037631 0.0221748860005 0.0123749005268 0.0908988479302 0.0202681756338 -0.000230788565427 0.00762895793789 0.00804766965309 0.0423685499549 0.009960885597 -0.0101924123266 -0.00133497245701 0.0267480320483 0.0341249962207 0.0147497431642 0.0255098461029 0.0253677671467 0.020533459661 0.0366925280724 -0.020416029692 0.0188298790641 -0.0022481569887 0.03534190226 0.0200142475663 -0.0115926534677 0.0158552970385 0.0139045104383 0.000350481687848 -0.0220514927429 0.00956413274712 0.030427504207 0.0226908975492 0.0136513703735 0.00679101016425 0.0426257439223 0.107983089059 0.0187809260617 -0.0283377625577 0.0497733883181 0.00824903749379 -0.001134113403 0.0046472662209 0.0146062100332 0.0027826894295 0.00973678144362 0.0154517977997 -5.23352560689e-05 0.00362184407625 0.00128760505504 0.0051657147895 -0.000464565338513 -0.00152730558251 0.0332545232104 0.0290352947211 -0.00185206513653 0.0259975599375 0.00234988528378 0.0140667717098 0.0123091911875 0.0167138378712 
0.0151905744519 0.0140713162587 0.0110798573512 -0.00508710158416 0.179614397688 0.00585439584342 0.00408412755573 -0.00136177648728 0.0154894840947 0.0210424273072 0.0129051143126 0.0178534164284 0.0131919054008 0.00527491029747 0.00446277592745 0.00117546046826 0.010184118676 0.00416246430524 0.0106036375145 0.011761763967 0.0030172168145 0.0138284363735 0.00630562810443 0.00477195357561 0.0175762312528 0.0165465203453 0.00823318482147 0.0173649046661 0.00801958303261 0.00208329958135 0.0102217318438 0.0223334681239 0.00958973274077 0.0210707363973 0.0138957884544 0.00603124668068 0.0105302999941 -0.00312153254801 0.0198691984108 0.000631590541331 0.0190240562802 0.0220376489476 0.0084312185517 0.000461410531131 0.0207833365855 0.00454875770586 0.0102466989638 0.0107983046627 0.0139571976725 -0.00566732418151 0.00899355575348 0.00290169886088 0.0141246896555 0.00619045977843 0.0161326021778 0.0162794480619 0.00238011582135 0.0238967808026 0.0121361346128 0.00215465314628 0.0319375596484 0.0113843839177 0.0245004028068 -0.00685883325463 0.0227840107432 0.00500031930883 0.0121878517234 0.0154613585309 0.033138813899 0.00499119288893 0.024758261038 0.0127168981111 0.00708251432723 0.00284872831368 -0.00116179988422 0.00860537837408 0.00124952847594 0.021114304997 0.0145884599718 -0.00198623957102 0.0291350428155 -0.00472605171098 0.00270918524935 -0.00396722935852 0.00924891046297 0.00963907461874 0.0174519411581 0.00555216329161 0.0229121802918 0.0331750663322 0.00543992552984 0.0104695143345 0.000822962636191 0.00425560533894 0.0406164760722 0.00252980766723 0.00387596638036 0.0080957481328 -0.00847178494361 0.0164077171875 
0.0188482954444 0.00762775185924 0.00427506232533 0.00730372749747 0.00585439584342 0.20901257151 -0.00298080438039 -0.00122015560131 0.0105765393178 0.00800589045526 0.000401865643413 0.00628623782226 -0.00606281351501 0.0253377592099 0.0170941961986 -0.0059773328827 0.00809409865341 0.000940732973901 0.00910782122682 0.00392048073032 0.0109473883752 -0.00803657152014 0.00892852600352 -0.0158709661937 -0.0061352430808 0.0115916694789 0.00825042949502 -0.0140254114616 0.026067863897 0.0147031873585 0.00350019845672 0.00431992287916 0.0167391646337 0.0193722342539 0.0160491247306 0.00734081911295 0.0180650840703 0.0118092701527 0.000505270321897 0.0471585377278 0.000130056393738 0.0159902650825 0.0138115066949 0.0202841603806 -0.00544807104037 0.0411583053771 0.00435756586658 0.019242324817 0.0223187425594 0.0112674810409 -0.00811172961476 0.000972093962619 0.0237586141194 0.00504064150595 0.0162970977626 0.00693338710333 0.00147366887677 0.00979037763349 0.0234575632856 0.0127468696227 0.0132625524892 -0.00267284939551 0.0106354254125 0.0379719970731 0.000865018890692 0.0263617477572 0.0036285760185 0.0127698600353 0.0172331898599 0.0391266483816 0.0139800439765 0.0121979801203 0.00294276370014 0.0224325360215 0.0234038985907 0.00143849214889 0.0197266635477 0.0171135774936 0.0191002746186 0.00560892216682 0.00237667371817 0.0346113632268 0.0355047558535 0.00132107199837 -0.00211107542442 0.0191627836945 0.0120841155836 0.0464079861524 0.0228466546355 0.00472450177404 0.00692694197597 0.0322817685786 0.0123509879213 0.00946721922217 0.0130416174348 0.0137023341554 0.0185666427597 0.00380323868273 0.015314637858 0.020444158352 
0.0201529772245 0.0105891619931 0.0419100813776 -0.00702688072805 0.00408412755572 -0.00298080438039 0.41722357234 0.0313069034754 -0.000586041487165 0.00970380135806 0.00948150626129 -0.00594646085408 0.0161368689105 0.0206169039017 0.0175539284704 0.0154399720056 0.0129912145621 0.0189481818875 0.022454980999 0.0278160027537 -0.00243654614874 0.0106121616796 0.0212409652305 0.00921773499309 -0.00244220216437 0.017065879323 0.00581922803074 0.0055467693342 0.0293754868241 0.0233266728723 0.0141109361882 0.0226295007798 -0.00355763322908 0.0148142723528 -0.00819265775793 0.0124751096018 0.00552918319329 0.0153406795671 0.0132975934536 0.00528934305982 0.0199136509947 0.0217937758724 0.0409909056754 0.0130549058189 0.00701102735357 0.0157539930222 0.00871692086509 0.0101828221021 -0.00655274945646 0.00846971322668 0.0231024192883 0.0100749458357 0.00341837596139 0.00318825111289 0.0192241758191 0.0321128326379 0.0117279548412 -0.00891342015807 0.0104005895614 -0.00148077805289 0.00785006984096 0.0176643064151 0.0313732789063 0.012712546315 0.00623200873028 0.0053278198994 0.0155722960405 0.00967385372233 0.00699587475145 0.00439381192684 0.0148205916958 0.00436207658599 0.0171663518254 0.0142529351896 0.00453524402383 0.018992567505 0.0119874858568 0.00577385380898 0.0157798795129 0.00756458581481 0.00526816444235 0.00582077721523 0.00741014073429 0.0177380295009 0.0225708886828 0.0132293024788 0.00628068778803 0.00206664964117 0.0133088514149 0.0243420487947 0.0123853427831 0.012430539727 0.0136312242952 0.0109650588238 0.0155378129995 0.0155340192989 0.0238805839864 0.0167852715174 0.0228404782794 0.0173009610733 
0.049682715663 0.0239874700151 0.0057691323002 0.00963217547845 -0.00136177648728 -0.00122015560131 0.0313069034754 0.481633211483 -0.00850614193546 0.0339290560447 0.0268226499699 0.00725500484247 -0.000632047164745 0.0343791046282 -0.00841670469694 0.0136983922617 0.0163004742465 0.0167691759702 0.00797371731353 0.00845263317134 0.0300834419569 0.0259478281852 0.0196719918867 0.0213670023162 0.0500362821114 0.00783125347346 0.0213163409403 0.0262268688596 0.0153640333145 0.0150183595969 0.00753652636489 0.00359274997211 -0.00370165094146 -0.0165083289611 0.0309007684465 0.020178603308 -0.00714732511997 -0.00550765825682 0.0218601972262 0.0078175956611 0.0127359000632 0.0138186986769 0.0266455662213 0.0154642084389 0.0181153861042 0.00362105928002 0.0235285089537 -0.00655893293079 0.0056361010153 0.00842538887506 0.00206769340387 0.0292387669889 0.0117489272397 0.0234007516206 0.0357247700077 0.0195166778572 0.0417869698011 0.00932812415166 0.000391130824514 0.0159329590272 0.0208912252342 0.00886801136031 0.0327043474618 0.00466029062477 0.0105454616792 0.00965173640178 -0.0034909173023 0.0133994192878 0.0427080540694 0.0111302229841 0.014219925277 0.0202889311053 0.0196634303389 0.0224825823988 0.00377662215681 0.018443941901 0.0161559745293 0.0259800872968 0.0227665600023 -0.0124320220221 0.0211780688479 0.0213675342927 0.0122927411701 0.0511389045519 0.00276219025864 0.0114386656424 0.0192919291656 0.0146591701377 0.0201729766665 0.0206885669463 0.0313526628474 0.01915583045 0.0269399598552 0.0160349794073 0.0150518514541 0.0217643292677 0.0106941348716 0.0179526979829 -0.00263905018773 0.0160589425764 
0.0108005681173 0.00304664138531 0.00359884714964 0.00390309746027 0.0154894840947 0.0105765393178 -0.000586041487165 -0.00850614193546 0.30768840666 0.0106681831465 0.0103427947051 0.00440416277259 0.0054547983477 0.00535899157828 0.0103825564386 0.00468981996555 0.00717849167592 -9.80674762956e-05 0.000193149377032 -0.00358044979395 0.0168777923484 0.00545111111294 0.00891679752486 -0.0181144533368 -0.00480932493345 0.0120329542717 0.00280388077688 0.0217702588498 0.0269452230158 0.0120210001114 0.0186171976703 -0.00881850568877 0.0206078597582 0.00771538543231 0.0508752511533 0.0195712431531 0.0191317529484 0.00424936724617 0.0102563594193 0.00104600849635 0.0106508298738 0.00355301982752 0.00221719538491 0.0207091991099 0.000166520586252 0.00408472609466 -0.000983674313119 0.0178564499784 0.00131801099467 0.0113766334304 0.021825067952 -0.00260730995987 0.0135308235824 0.00849095509866 0.0113417356937 0.022894403266 0.00252928827168 0.0165984018852 -0.00238249856498 0.014866006287 0.0293274573657 -0.00338586611309 0.0335510578255 3.72120258392e-05 -0.00146633110104 0.0019005533685 0.00938866784984 0.00826383253269 0.00272994536675 0.0158588942391 0.0183267103924 -0.000914171643067 0.00548569778093 0.0151190344249 0.0087411216022 0.00200829182821 -0.00160299149279 0.0215272247451 -0.00221912544188 0.00824350837133 0.00641975240793 -0.00273287934615 0.0102215532656 0.00180422439667 0.00478650452653 0.00431631176218 0.00704083076618 -0.00150533012215 0.0195356253817 0.0106891938602 0.0190092477131 0.00525211409728 -0.00219400718045 0.00832444545442 0.0103112333756 0.0147715015462 0.0467228674942 0.0170199558299 0.0011192820215 0.00823121575795 
0.0331934210811 0.0286609184731 0.00851186300092 0.0088663853669 0.0210424273072 0.00800589045526 0.00970380135806 0.0339290560447 0.0106681831465 0.302150537822 0.00801851098184 0.0133124274136 0.00422388256936 0.011684100924 -0.0021950867585 0.0253728219976 0.0156802121829 0.0132051746121 0.00977410827868 0.0161041497138 0.0279144355615 0.0275319083842 0.0295338254477 0.00799358539111 0.0345645071584 0.0217089166852 0.0017827319609 0.0122619210299 0.0192760276923 0.020832200273 0.00693687014485 0.00840336249146 0.00649572403167 0.00558657630726 0.0099529779923 0.0200420493001 0.00999841614945 0.0152685070835 0.00560965606727 0.0158268868714 0.0049924947856 0.0235096764044 0.00371798884582 0.0137097002189 0.0304242718029 0.00724390786128 0.0115350101036 0.00359827671908 9.55912482757e-05 -0.00326512160045 0.0607567020805 0.015959337436 0.00891568563492 -0.00132721290778 0.0225693953578 0.0270188366995 0.00348458859582 -0.0102298555426 0.000749354242772 0.0143821591002 0.00536498071773 0.0180839401765 0.0382307664055 -0.00015607302196 0.0483997020425 0.00143514734373 0.00841240118443 0.00268953373166 0.0466934603813 -0.000718200393826 0.024411854272 -0.00139838920887 0.0227283528986 0.0116333349648 5.0622151974e-05 0.00778281243208 0.00606839656603 0.0137602164597 0.0303162086046 0.0116698209293 0.0170715677724 0.00199907434104 0.00337318374501 0.030302490195 0.00206623425547 0.0152578701654 0.0154031373339 -0.000321585583861 0.0379565194014 0.0579344145451 0.00899036002614 0.0205931454903 0.00314312581214 0.0107865908417 0.0462485540781 0.00483202227587 0.0117724607278 0.00838110142831 0.000369773237993 0.0159426422395 
0.00392883887048 0.0168276745094 0.0133573077915 -0.00901342799791 0.0129051143126 0.000401865643413 0.00948150626129 0.0268226499699 0.0103427947051 0.00801851098184 0.173954618829 0.0163474058557 0.0170044577857 0.0151614410257 0.00245239740473 0.00378204444127 -0.000574617593505 0.0122982720532 -0.00200697559814 0.0134322030709 0.0228681667259 0.00923231626678 0.00381526110001 -0.00201313983323 0.00645685479117 0.00801791319634 -0.00420013732286 0.0130242960781 0.01614973162 0.00911561315355 0.00334757961449 0.0033605264154 0.0101981973106 0.0112941687776 0.0110531438538 0.00417882204884 0.0144441623194 0.00431245741968 0.0179704403815 -0.000275004114782 0.00981153462879 0.0206360667269 0.00203852409617 -0.0041582660822 0.0209790169956 0.00239630618304 0.0129805559222 0.0139059365169 0.00491790596759 6.20074731636e-05 0.0154436079758 0.00578179548464 0.00748110168033 0.00740455702824 0.0148845394923 0.00862296021178 0.00270484355903 0.0166051691969 0.0021169707235 0.0104799421112 0.00272133866702 0.0159068734401 0.0100157476446 0.0128849099005 0.0242810238341 0.000284637151802 0.000464807346691 0.0205030628602 0.0269542655895 0.00531162049467 0.00167273932675 0.00154840991617 0.0152423306487 -0.00660424033512 0.0109275656167 0.0244960142334 0.0148421171051 0.00428319876622 0.012441979081 0.0198229529735 0.0186546690211 0.0120033377137 0.0122178075738 0.00254160982639 0.00592515545571 0.00202649589913 0.0119059262316 -0.00155413875466 0.00613651161684 0.0116170142342 0.00580657500638 0.0162638330116 -0.00269712964656 0.00257729335929 0.00213831879658 -0.0100338309335 0.0195140589823 0.0013276991738 0.00415589776213 0.00625859962272 
0.00476123257545 0.00766186831129 0.00935563083739 0.0134878828191 0.0178534164284 0.00628623782226 -0.00594646085408 0.00725500484247 0.00440416277259 0.0133124274136 0.0163474058557 0.161744947729 0.00146116467712 0.00276341208411 0.000659454126563 0.0141806455924 0.0163676254311 0.0225262473621 0.00769800883311 0.00400031274451 0.0037576654891 0.00983852676892 0.0187448925906 0.0115550634783 0.0119874689798 0.0193661301366 0.019778211992 0.00490301434926 0.0149868888948 0.0101929053889 -0.0086312868495 0.0324924358849 0.00504413437956 -0.00539648692622 0.00794357832437 0.00551589720419 0.00542665499305 -0.0155892302466 0.0066733821461 0.000831234690035 0.00930676311945 0.00516484201472 0.0278414868394 0.0103446868773 0.0205352329666 0.0117489919556 0.0190968633818 0.00588393641853 0.0129762066472 0.0108509635314 0.014087357933 0.0183576259758 0.0087709148394 -0.0097101789439 0.0242798524485 0.0219264127278 0.00487576062865 0.0112208831031 0.0189916634208 -0.00217596171941 0.0461295180905 -0.000522563312403 0.0110519860568 0.0170451106608 0.0203291322421 0.0130732997143 0.00168547406753 0.00970771104217 0.019707615801 0.00351674122495 0.0287826795183 0.0218781173406 0.0214889602608 0.00962610484968 0.00129401200146 0.0205525281589 0.00832102619776 0.0175370279647 0.0121417199196 0.0199514560695 0.0324752064468 0.0106911799726 0.00411570642318 0.0038415157404 0.0128983944177 0.00565853465612 0.0375514447602 0.00245776232907 0.0278910611092 0.0153480149828 0.00716475571273 0.0172420124701 0.00627905450843 0.0053416388557 0.0138132889979 0.0168093124181 0.0159497287187 0.0361159284457 -0.00174435579515 0.0141507803969 
0.0138967841066 0.00597894873758 0.0116907013509 0.00694841747372 0.0131919054008 -0.00606281351501 0.0161368689105 -0.000632047164745 0.0054547983477 0.00422388256936 0.0170044577857 0.00146116467712 0.153030971725 0.000885240710128 0.00510499676434 0.0167008543933 0.00784736822455 0.0110156969698 0.0112656501236 0.000561452650275 0.0121035073711 0.010503776192 0.0120643207794 -0.00543837363665 0.00145020869459 0.0140728767156 0.0118382029681 0.00525628286801 0.00939645867205 0.0101294355283 0.0122117041541 0.00980592311495 0.00252431865589 0.00357798299129 0.011198400351 -0.00297754275955 0.00980710576182 -0.00774395021239 0.0217641931684 0.00201263527065 0.0118251452878 0.00329605892714 -0.00779854753203 0.007548457408 0.0212392456161 0.0167770406968 0.00907356524099 0.00549227290568 0.0084564426933 -0.00544531761476 0.0058437851532 0.0123711661182 0.000794753327286 0.0178330241498 0.00572990437591 0.0188706074819 -0.00174669809273 0.00691245888842 0.00884238035142 0.0213974274913 0.0124393036659 -0.00784244008145 0.0163037842559 -0.000744231654626 0.021040954399 -0.0018492586496 0.00759962167631 0.00850519845457 0.0126372700142 -0.00239028239804 0.00667106636801 0.0206404899922 0.0212918239076 -0.000922349416002 0.00173061322275 0.00193229389688 0.00503409421974 0.00309426963633 0.00153222411406 0.00624874090676 0.0290059951809 -0.0024515665768 0.000704764156184 0.00489982920604 0.00745072701218 0.0187923864635 -0.000908393399334 0.00882261705305 0.010777763896 -0.000469878210694 0.0108403889671 0.0294206818699 -0.0120771318547 0.00413072171923 0.0108209820631 0.0159808588215 0.0036929994471 0.0132763365392 -0.00017761603296 0.00818051403845 
0.0114140782896 0.0160532124001 0.0191330196863 0.0126069112213 0.00527491029747 0.0253377592099 0.0206169039017 0.0343791046282 0.00535899157828 0.011684100924 0.0151614410257 0.00276341208411 0.000885240710128 0.193184372409 0.0109000943451 0.00447496024266 0.00393488918296 0.0155832604373 -0.00926405525219 0.000217984799299 0.0128224029317 0.00650465747812 0.0104402343192 -0.00195659140201 0.0164458691277 0.0106912419521 -0.00367213337357 0.0026434017454 0.00262336650411 0.047167648631 0.00225965481478 0.00722458028489 0.0057109595191 0.00441088751018 -0.000161152209388 0.0117095050942 0.0100665238074 0.023379406944 0.0144864614436 0.0165235021582 0.0220106185637 0.00967920154673 0.00933307062522 0.0101716150953 0.00550477415721 0.00131040355806 0.00672590522117 0.00525675685737 0.00868469409698 0.00477270588236 0.00567287267697 0.0187638958414 0.00533541029002 0.0152870824065 0.0130169240012 0.00407333917212 0.0104592187429 0.00657250485192 0.00717847742803 0.00667674849042 0.0170704959765 0.00758218817406 0.0170349421473 0.0169204088021 0.02590558822 -0.00374168856936 0.0154928425809 0.000373815147229 0.010932779901 0.0124643494146 0.00577236793289 0.0117292029667 0.00457152233518 0.000856202016095 0.00836737492628 0.00461213795199 0.0387436293866 0.0135973393937 0.0177991710485 0.00933702807961 0.0136577888209 0.00908115846946 0.0185714168255 0.0142641552468 0.0210778087102 0.00400838864102 0.00882028536622 0.0203592204381 0.0229138130029 0.0158153748152 0.0181086735448 0.00499548644576 -0.00606532034047 0.00687763561461 0.0162603739741 0.00705715326988 0.00827823394159 0.0135947856499 0.00253940816392 0.0156211077864 
0.0188119495469 0.00747942877195 0.00738260250919 0.00984481758112 0.00446277592745 0.0170941961986 0.0175539284704 -0.00841670469694 0.0103825564386 -0.0021950867585 0.00245239740473 0.000659454126564 0.00510499676434 0.0109000943451 0.182271918371 0.0120583668117 0.00431529817748 0.00218243007629 -0.0046229530626 0.0136498038738 0.00449580675149 -0.00310425679236 0.00169901699007 0.000597846320812 -0.00329773595335 0.015060317909 0.0059532739138 0.0380064786375 0.0239679631889 0.0135997799808 0.0199855958394 0.000507793043646 0.00224755362 0.0107257554409 0.00631935860587 0.00763362275098 0.00557714000571 -0.00719242692903 0.0211618088064 0.00646669895452 0.00589786411512 0.0136176349394 0.0051679032442 0.00327285207242 0.00743256590471 -0.00394551857269 0.00204627535701 0.0115056029399 0.0181343231502 0.0169834311811 -0.00150682690445 0.00359011741893 0.0063881834027 0.00171731357572 0.00457559622214 0.00052726131317 -0.0113757070496 0.0112222613656 0.000582854534547 -0.000378174729646 0.00510870217728 0.00437686250949 -0.0137065641615 0.0143341170753 -0.00426274452833 0.0076220777965 -0.00612841431826 0.0123445517245 -0.00828699905617 0.0107696172993 -0.00692815122221 -0.000264882447569 0.00886426196434 -0.00224332865257 0.02351994002 0.0211424409011 0.001263680157 0.00352297860128 0.00497096179692 0.00180757306392 -0.0117477598658 0.0101906633695 0.0154137292259 0.00824174920332 0.00624748659694 -0.00395229233801 0.0177310545241 0.00942399016481 0.0046845185102 0.0104045880581 0.00712821219338 0.00236843906203 0.00680208599421 0.00515461865115 -0.00282647511306 8.11770043024e-05 0.015768952335 0.00504547205011 -0.00356507310063 0.00273444544129 
0.0120741918646 0.00535114016241 0.00922482295835 0.0126974976219 0.00117546046826 -0.0059773328827 0.0154399720056 0.0136983922617 0.00468981996555 0.0253728219976 0.00378204444127 0.0141806455924 0.0167008543933 0.00447496024266 0.0120583668117 0.193459138054 0.0234057909843 0.0154983250251 0.0273578332014 -0.00557923523834 -0.003344878379 0.0320999928806 0.0153688890538 -0.00129696815345 -0.000441991741898 0.0219777118024 0.0170419188838 0.000820576000529 0.0103678597806 0.00659037212998 -0.00198004023477 0.0394393280753 0.0133941706405 0.00856345823865 0.0210709899623 0.0253957975549 0.0153138681548 0.0171896004731 0.000588542696023 0.00275444705977 -0.00181945665401 0.0106439803394 0.0205856747346 0.00680396266774 0.0200873513409 0.0231790543467 -0.00181510384994 -0.00496719969003 0.0105336723681 -0.00257914772552 0.0460050654041 0.0242499555776 0.0131837722585 -0.00643925715306 0.0257093386967 0.0254432006422 0.0126932443195 0.0147093203688 0.0246332112041 0.0154815903916 0.0223800038754 0.0103852138733 0.0463764260797 0.00241214677917 0.00213920985087 0.0283930598838 0.00379993214343 0.0219127530343 0.00420368701231 -0.00183066548166 0.0276612797456 0.0229786770032 0.0303652542704 0.0479787144093 -0.00170293252796 0.0190427361259 0.00392704539633 0.0103664090385 0.0223018304584 0.0101980982754 0.00547503372353 0.00475982996466 -0.00264981898537 0.0256858037926 0.0170492490751 0.0116494160368 0.0265189739318 0.0108493226075 0.0263187863839 0.00269082773257 0.0104736450765 0.0107930522841 0.0101136567647 0.0016683411381 0.0227865607764 0.0271629215429 0.0156069716519 0.0432799964443 0.00670712532637 0.00756955763208 
0.0186635224704 0.0192125209914 0.0172655201182 -0.00300700967781 0.010184118676 0.00809409865341 0.0129912145621 0.0163004742465 0.00717849167592 0.0156802121829 -0.000574617593504 0.0163676254311 0.00784736822455 0.00393488918296 0.00431529817748 0.0234057909843 0.188175393734 0.0166409150403 0.00725527522379 0.00711346852 0.00760930144071 0.0274179647026 -0.0103634270663 -0.00751366241593 0.0115254233407 0.00942958747446 0.016391753142 0.0192892380004 0.00384982928304 0.0161676564668 -0.00352715381289 0.0209831671888 0.00243795005208 0.00570585466709 0.0132637413834 0.00856330001358 0.00444886452577 -0.0175740305705 0.00597141147084 0.0152413493232 0.00576208193525 0.0099404342665 0.0164510622175 0.00258471183992 0.008427878913 0.00663336519542 0.00660921678064 0.0100272124846 0.0200010908826 -0.00670380075341 0.00890738129391 0.0142366273486 0.0080524574943 0.00998103956668 0.0154261007865 0.00812248907711 0.00986498706883 0.0016003662992 0.014565896386 0.0198595232007 0.0126964588949 0.00757063012901 0.0208823531253 0.0136166131307 0.00701402879135 -0.00905765099848 0.00390458439313 0.0146451434544 0.0136288714286 0.00958613324534 0.017701278724 0.0217394449946 0.0131399065712 0.00167728437749 0.00433158077075 0.0144701501428 -0.000514994467963 0.0328216298148 0.00143591035257 -0.000371551222704 0.0103421520512 0.0137505690143 0.00909531849197 0.0205324842932 0.0154605043015 -0.00549328025455 0.00334403814119 0.00654184957298 0.00539379961961 0.0216918004852 0.0150143177463 0.0160170413011 0.00910197306062 -0.0042732202663 0.0266368914427 0.0285812423054 0.00424062386344 0.0208114329781 -0.00106317139092 0.0267310255497 
0.00802142221367 0.0159003762438 0.00926489892645 0.00334620996549 0.00416246430524 0.000940732973901 0.0189481818875 0.0167691759702 -9.80674762959e-05 0.0132051746121 0.0122982720532 0.0225262473621 0.0110156969698 0.0155832604373 0.00218243007629 0.0154983250251 0.0166409150403 0.168910591564 0.0153271936789 0.00796726166339 0.0102273099958 0.0185858685912 0.0110963438613 -0.0010123931696 0.00779221118215 0.015911167728 0.0289813908136 0.00993496608625 0.00337755017592 0.0267411501647 0.00217808811067 0.0346205202771 0.00250720380535 0.00341756360211 0.00684101315883 0.0148922443274 0.00315126716172 0.0133703545009 0.0176286709623 0.000260066994924 0.0126815681551 0.00958249801242 0.0203061658451 0.00985899408722 0.0147154582589 0.0214812383401 0.0107848447784 0.00279672755037 0.0165540372882 0.00321078937764 0.0120798503109 0.0159150886196 0.0056978428386 0.0087955899835 0.0112876124254 0.0123241131835 0.00333981991182 -0.0142463980701 0.0157753110178 0.00868029431974 0.0270677341617 0.0154155400601 0.0230171575519 -0.00522858643319 0.0125555213428 0.00649685936624 0.0123064301104 0.00941693350723 0.0120347697625 0.00439762821232 0.0188181720239 0.0117481332442 0.0165485202191 0.0103229178577 -0.000262829784055 0.0128229517286 0.00803281723144 0.030884164624 0.0196095152085 0.0236408993232 0.0193113330053 0.00362802495305 -0.00227865285889 0.0173525737081 0.00944334380854 -0.00380954360957 0.0164816506691 6.98542675982e-05 0.00840106631789 -0.000381390843236 0.0154684581374 0.0224248914278 0.0248419448411 0.00219566331574 0.00704238476469 0.0198099509642 0.00149541688037 0.0298099978643 0.02481666217 0.00454336319727 
0.0602775271192 0.00485100684215 0.030907901517 0.00946657884841 0.0106036375145 0.00910782122682 0.022454980999 0.00797371731353 0.000193149377032 0.00977410827868 -0.00200697559814 0.00769800883311 0.0112656501236 -0.00926405525219 -0.0046229530626 0.0273578332014 0.00725527522379 0.0153271936789 1.44683171034 -0.00267934478765 0.0297548492533 0.00683332520024 0.0243178342366 0.00409621681349 0.00810737929362 0.0352187134737 0.0245982456429 0.0130220738361 0.0396860279511 0.00749752805942 0.00398569162023 0.0275409402549 0.00497389247453 0.00694873301919 0.0325400838423 0.00820505139471 0.0112934788568 0.0136499375816 0.0171654480938 0.0211995083285 0.0225523208994 0.00820253675102 -0.000472451025597 0.0322419699138 0.0140662701533 0.0154116705459 0.00944751482317 0.00380792058554 0.0105020105367 -0.000824009723359 0.025178078081 0.0130335807678 0.0124278790796 0.00490849493083 0.0268725266423 0.028298005883 0.014940120238 -0.00437501938518 0.0175942477211 0.0321734780706 0.0274033263808 -0.0021634053223 0.0339393634126 -0.00659248259314 0.0165616881914 0.0260861262532 0.00356323862827 -0.00147132830589 0.0116184393727 0.0229307362092 0.0124747557729 0.00824902925457 0.0175052354871 0.00654249212986 0.00826255293403 0.0559008152224 0.0124826163281 0.0229014468827 0.0224850716307 0.00352146537103 0.0233656387469 0.00516345026055 0.000839387697075 0.00313315103985 0.00849117648724 0.00379637657144 0.0527545013134 0.0166657443714 0.0478694676822 0.00882887379561 0.0178484686728 0.00920404549158 0.0156315929841 0.00071892298541 0.0130601588365 0.0163331693531 0.0138618669273 0.0400978044314 -0.00281747242558 0.0126807564585 
0.0259586820524 0.0160134632862 0.00600662726323 0.00956791766104 0.011761763967 0.00392048073032 0.0278160027537 0.00845263317134 -0.00358044979395 0.0161041497138 0.0134322030709 0.00400031274451 0.000561452650275 0.000217984799299 0.0136498038738 -0.00557923523834 0.00711346852 0.00796726166339 -0.00267934478765 0.311151373221 0.0154329819309 -0.00235289275201 -0.00363594977981 0.00230914706031 0.0241650945708 0.0119575919367 0.0167660171449 -0.0071614181968 0.027707430292 0.00390414365117 0.0122836709277 0.0160826993151 0.0214198676069 0.0123466201002 -0.00819547390996 0.0021639363285 0.0105626795354 0.00235427981953 0.0138142382097 0.00280399392376 0.0216629498699 0.0113756914411 0.0329622745648 0.0101940031409 -0.00586263058353 0.0197491079122 -0.00131296119995 -0.000559934958202 0.010450824197 -0.00254246089544 0.00576133453236 0.00937110785768 0.00463407136492 0.0174847078464 0.025529509352 0.0270490016998 0.0225268501068 0.012418922171 0.000812896441113 0.0268708235715 0.0146730592721 0.00854274149699 -0.000302618113462 0.0170094340271 0.00236459756277 -0.00443378809504 0.00344169258348 -0.0038235356479 0.00869823925697 0.00809723377069 0.000852616237694 0.018358061619 0.00520888140846 0.0153483037943 0.0139085402517 0.0275419579765 0.00572913678131 0.0253070169354 0.0102954268234 0.0723117779378 0.0167691749967 0.000840144987342 -0.00506851465866 0.0598240661076 0.015928481807 -0.00062122891925 0.00604787949046 0.00641075471583 0.0139366304168 0.0131383763721 0.0213342669427 0.00562262419504 0.0113902725658 0.0162452811428 0.00392754067467 0.0194507092725 0.0179822689145 0.00275514122457 0.00585776722859 0.00485142167506 
0.0177694115556 0.0135927888315 0.0174099512184 0.0137114535521 0.0030172168145 0.0109473883752 -0.00243654614874 0.0300834419569 0.0168777923484 0.0279144355615 0.0228681667259 0.0037576654891 0.0121035073711 0.0128224029317 0.00449580675149 -0.003344878379 0.00760930144071 0.0102273099958 0.0297548492533 0.0154329819309 0.233008850142 0.0241664667977 -0.00148649993877 0.00800977528337 0.00916156582621 0.0179827364119 0.016617007915 0.00485919949172 -0.00934038864163 0.0283513867113 -0.00187283156228 0.00996091543457 0.00767440217255 0.00670903954897 0.00639503387458 0.0220825918748 0.021136701906 0.0180600389049 0.0227437192411 0.0157542885839 0.0158770502612 0.0033776067305 0.0131632756394 0.0278341889417 0.0324465606072 0.00241862583287 0.0135709175083 0.00532916416309 0.00972745862417 -0.00112706150181 0.0109570649973 0.0186054347336 0.021656053434 0.0258162973481 0.0131464383383 -0.00365497061034 0.0137514633552 0.0175834624689 0.00984465652555 -0.00411746077225 0.0187394866047 0.00744197058164 0.0216543910004 0.0210974517439 0.0260107119601 -0.00254771361232 0.0224904475298 -0.00035604381039 0.0351365867595 0.0071893618948 0.0124050986287 0.0130338301371 0.0191213668735 0.0138619776087 0.0144076486614 0.0131501547748 0.0166949337941 -0.00146163394545 0.0163984318476 -0.00655334731775 0.023626391524 0.01007210409 0.015766344871 0.0104491346457 0.00114838258426 0.0612762695305 -0.000939438777976 0.010812799078 0.0260498427804 0.0108595292095 0.0272642007433 0.0363761616635 0.0177557893435 0.0153188583136 0.00635724694521 0.0199415490286 0.0142323116213 0.00206253966681 0.0227847305383 0.00369646794541 
0.0262604033541 0.0415632124741 0.040289406018 -0.00802909595094 0.0138284363735 -0.00803657152014 0.0106121616796 0.0259478281852 0.00545111111294 0.0275319083842 0.00923231626678 0.00983852676892 0.010503776192 0.00650465747812 -0.00310425679236 0.0320999928806 0.0274179647026 0.0185858685912 0.00683332520024 -0.00235289275201 0.0241664667977 0.416116849156 0.0199262327655 0.0352029912161 -2.77212788603e-05 0.0102167343695 0.0522512063468 0.0127584521121 0.00288140467277 0.0211798905777 0.00145045769117 0.0183524398694 0.010600474726 -0.00162452832631 0.0083980780009 0.00703832237816 0.0120956356701 -0.00360734343975 0.0208948403437 0.00164260403603 0.0187869592719 0.0369995859301 0.0351562037146 0.00938654359891 0.0329009446021 0.00525851371591 0.0203118559305 0.00806089109278 0.0266129614001 0.0219092799809 0.00544098096333 0.0763788332768 0.0175235048143 0.000206840479809 0.0186287823394 0.00580584414767 -0.00315195061662 0.00286908840111 0.00096902557106 0.0119696225531 0.0182890819055 0.0219181831166 0.0208479599417 0.00515075130244 0.0224179378254 0.024115713751 0.0280552789071 0.0050258978155 0.0205153109613 0.00297597948783 0.0478272915735 0.0264061625006 0.0398678248567 0.0199421733425 0.0064973247854 0.0135602358486 0.0233469313178 0.0266428375296 0.0701309313126 0.0191131048278 0.0301270838357 0.00226365213125 0.00860011515873 0.0164414432527 0.0202956344149 0.0195404341733 0.0341163150004 -0.00324679284325 0.0441843253137 -0.00465277636599 0.0100218629323 0.0317316573545 0.00178330421141 -0.000488469984742 0.0219573813681 0.00821817735654 0.0204494328495 0.00616448074364 0.00605182229219 0.0477194960493 
0.0180171199542 -0.00404770754547 0.0067213058096 0.0136681377477 0.00630562810443 0.00892852600352 0.0212409652305 0.0196719918867 0.00891679752486 0.0295338254477 0.00381526110001 0.0187448925906 0.0120643207794 0.0104402343192 0.00169901699007 0.0153688890538 -0.0103634270663 0.0110963438613 0.0243178342366 -0.00363594977981 -0.00148649993877 0.0199262327655 0.624788572467 0.00895891851154 0.0370402012825 0.0599816141692 0.0119227254331 0.0218903260491 0.00565826346247 0.017632193746 -0.00278244051702 0.0230300076913 0.0209804008637 0.0150047209239 0.0318292186129 0.00897331835823 0.01607327881 0.00397766788123 0.0151926681508 0.0316043817073 0.00618799474686 0.0201856815787 0.0128738661277 0.0185611871576 0.0138929151572 -0.00233156090629 0.0190777998186 0.006535137601 0.0213307903099 0.00113886575367 0.0310272521616 0.00392683915122 0.0241976266321 0.0130842093689 0.0325062032943 0.0312851370353 0.00486610107609 0.0302842611493 -0.00691966918592 0.0310685034748 0.00876638698222 0.0015436689652 0.0508590161914 0.0166905468263 0.0247430810376 0.177198210361 0.0209880199275 0.0153097692136 0.00775562581892 0.0209108418896 0.02802335562 0.0296508051187 0.0335741592009 0.0752490388127 0.0194211320003 0.0310873619226 0.0150678189991 0.0111595340644 0.0406552702147 0.0231591177229 0.0488856836912 0.0128316707748 0.0092752743532 0.0173788258402 0.0257978742541 0.0173625363778 0.0279102608527 0.00162150927682 0.016853068734 0.0129275126884 0.00304380527515 0.0130182461538 0.000839773734264 0.0158353554868 0.0445063108095 -0.0132072138033 0.0192005555699 0.0174106972479 0.00553261264952 0.0195919554154 
