40
0.164482556217 0.118355026327 0.0753619397022 0.0314514366364 0.0255121646837 0.128413882411 0.0380825412642 0.0852779749864 0.0291248595558 0.0218855159469 0.0470472683343 0.0270240384822 0.0363496030559 0.0437869579852 0.214537342356 0.0570579479668 0.0210495138202 0.0909027791802 0.126305303483 0.0214039426083 0.0247746242904 0.0285995604788 0.0316848802341 0.0782010317916 0.0357111585815 0.0991765707177 0.0285158318856 0.0487859931196 0.0348828940045 0.0690415105338 0.00399952409326 0.125871369107 0.0276848810082 0.0766147585819 0.0361599942098 0.0861911318708 0.0743441041655 0.0434942638749 0.0582377086348 0.0162161188728 
1.88893118586 -0.016365232156 0.0395494522859 -0.00627980647126 -0.00652561380226 -0.0284172604074 -0.00171625147464 -0.0202634931155 -0.00058886813237 0.000291716042339 0.00520542802959 -0.00804565707433 -0.00517803917819 -0.0176080053654 -0.00233948157985 -0.000393747732499 -0.00498429516367 0.0120061953591 0.0754788341794 0.00273405220904 0.0212548680335 -0.00794264716037 0.027844135301 0.00770369342848 -0.0126571225008 -0.00762563226795 -0.000518802438383 0.0292384564808 0.124194123278 0.00997856345699 0.00541168252955 0.0314401540775 -0.00893586684594 0.000289594171153 -0.00565438617626 -0.0200658958508 -0.0131608407404 0.0166936163274 -0.00349408320044 0.00702135429753 
-0.016365232156 0.571188241274 0.00991496882894 0.0188308653576 0.0223976060359 0.0293815332893 0.00826746338964 0.0286074050794 0.0129159625408 0.00437277899187 0.0206694793113 0.0143955941776 0.0306634107248 0.0249285549218 0.0652431206616 0.0129119050478 0.00304581031163 0.0267052071865 0.0154645835123 0.00579505905259 0.0128086139757 0.00417161337117 0.0108968652767 0.0390009734199 0.032484172808 -0.00721348915684 0.0145227505272 0.0310488636328 0.0171322764695 0.0306364251876 0.0340735062091 0.0137917562352 0.0337414169543 0.0426289833664 0.00664678661233 0.0187013145252 0.0390693978645 0.0257710666375 0.0201153743345 0.0167143384732 
0.0395494522859 0.00991496882894 0.350162286328 0.00209093931936 0.00854962543657 0.154562277769 0.0170142437036 0.0222038769204 0.0189811916191 0.00640284135307 0.0107919402446 -0.00829498031098 0.00630374822486 -0.000489436475218 0.0284425240774 0.0152066154434 -0.00323378737137 0.017100547935 0.112809326917 0.0252042853646 0.00312032499583 -0.00682213265188 0.0102356080457 0.0102275052822 0.0148205691644 0.011617296168 0.0442711374775 0.0260739609724 0.0325420984582 0.0140998153801 -0.00557540264753 -0.0126517783048 0.00463988415876 0.0172286539983 0.0266986033037 0.0302063534541 0.0102753903765 0.0125660888721 -0.00444410891876 0.0290729282265 
-0.00627980647126 0.0188308653576 0.00209093931936 0.190419619187 0.0299083946448 0.0103383878215 0.0110423620168 0.0318459114965 0.0193144943303 0.00320141062351 0.0328773782106 0.0334831055597 0.012599343172 0.0313898571825 0.0163457009793 0.00862355207915 0.0149120754438 0.0160610854472 0.00704973112555 0.0113799775072 0.0186478940211 0.0415204178094 0.0272620178844 0.0111746256644 0.0268759300214 -0.00348173857501 0.0220534512717 0.0249798993159 0.0232437787187 0.0236622746807 0.0226647665657 0.00153655591027 0.0314913510312 0.0230481391124 0.0222037733458 0.0133424442137 0.0271001069083 0.0211900474335 0.0125889658419 0.0279502460317 
-0.00652561380226 0.0223976060359 0.00854962543657 0.0299083946449 0.163852496096 0.0109679014472 0.00648166448466 0.0127689768648 0.00343990607603 0.0111961644692 0.0109251967874 0.0170101030014 0.0195838299172 0.00442357891616 0.00632961564359 0.018283795518 0.0147671758784 0.0109351849826 0.00289265745966 0.0181201904452 0.0181532871045 0.0258459858382 0.032604009807 0.0228982201003 0.0213508698773 0.00468777797646 0.0132332551651 0.0162438240697 0.00913688524363 0.00556302892564 0.0132010284586 -0.00105704937225 0.0149229546642 0.0156259382485 0.00713436237184 0.016250200604 0.0160053635332 0.0195130592735 0.0141630108531 0.0318491536435 
-0.0284172604074 0.0293815332893 0.154562277769 0.0103383878215 0.0109679014472 0.44366821898 0.0130962328715 0.0132396543009 0.01907214935 0.00983246673264 0.033533630276 -0.0135335993045 0.0198842232587 0.0191664700856 0.0519769786997 0.0306071032954 0.00896193524715 0.025952971889 0.187806465838 0.0412645268275 0.023355132678 0.0117793667193 0.0187544902242 0.0243367428161 0.0160785233552 0.00102190888824 0.03333277403 0.0494200680016 0.0162045757185 0.0276114433815 -0.00438803745783 -0.00138730643947 0.0116198179171 0.0336833538042 0.0430012016201 0.0439986143408 0.0106916021862 0.0316221295924 -0.00376520957524 0.0298605700049 
-0.00171625147464 0.00826746338964 0.0170142437036 0.0110423620168 0.00648166448466 0.0130962328715 0.247052635095 0.032976959304 0.0101201384173 0.00740451079172 0.00417360710378 0.0232682743535 -0.00188060848763 0.0225946271428 0.058209867922 0.0197690270153 0.016464023055 -0.00358988198877 0.0169802828661 0.0140180725545 0.023179583698 0.011983421315 -0.00460765494868 0.0315762254408 0.00518463905167 -0.00649217904783 -0.00464452274772 0.0150405242926 0.0244656934575 0.0291552053902 0.0128570745995 0.00288740767649 0.0197968874204 0.0202371669726 0.0154962697651 0.0185509122496 0.0209353998233 0.0225380143864 0.0208995645528 -0.0036177243724 
-0.0202634931155 0.0286074050794 0.0222038769204 0.0318459114965 0.0127689768648 0.0132396543009 0.032976959304 0.388374791901 0.0231106471603 0.00911350535622 0.0231314060643 0.0128800201985 0.0283073215665 0.104901459214 0.0259806738161 0.00646232224457 0.0240164446321 0.0248772092323 -0.0150193237538 0.0233953752548 0.0197285923371 0.0260667240434 0.0115240618004 0.00998462326173 0.0544449235039 -0.00648179790112 0.00972326130011 0.0226107543148 -0.00121955632351 0.0111310638985 0.0063319191737 -0.0147711216267 0.0302393355488 -0.00277023490782 0.0314806733874 0.0188045500057 0.0122228401308 0.0448382161995 0.022294003286 0.0153777008026 
-0.00058886813237 0.0129159625408 0.0189811916191 0.0193144943303 0.00343990607603 0.01907214935 0.0101201384173 0.0231106471603 0.246497889123 0.00758244762782 0.0243613034492 0.0201092790134 0.0247323240342 -0.00118364920468 0.011598098163 0.0120140886424 -0.00465115308202 0.0130012803832 0.00951886896891 0.0126594951239 0.0221554950114 0.00756539252391 0.0101076749056 0.0117301488215 0.00952741718072 0.0038401331913 0.012210002138 0.0287097189299 0.00422052337441 0.0109251756609 0.0100559710633 0.00104304743429 0.000229053015009 0.0127031677574 0.006624834523 0.0249583691781 0.00135292805163 0.0233956337595 0.00864473362841 0.00303688435081 
0.000291716042338 0.00437277899187 0.00640284135307 0.00320141062351 0.0111961644692 0.00983246673264 0.00740451079172 0.00911350535622 0.00758244762782 0.163775402947 0.0240252872464 0.0178082168494 0.0100838520382 0.0118218857419 -0.000980063894906 0.0091897984621 0.000773361408591 0.00912561847923 0.00542066638231 0.00905002690495 0.0133216841189 0.0163172572737 0.00446578702577 -0.00933441446362 0.00745824848286 1.73859709946e-05 -0.000181100171884 -0.000972866942559 0.00772163316819 0.000428913361804 0.00554534194641 -0.00793254424002 0.00596411046601 0.00499363246264 0.0137871884438 -0.00511363292559 5.52084909633e-05 0.0210338384351 0.00836088464453 0.00784127197973 
0.00520542802959 0.0206694793113 0.0107919402446 0.0328773782106 0.0109251967874 0.033533630276 0.00417360710379 0.0231314060643 0.0243613034492 0.0240252872464 0.207701363402 0.0171195216299 0.0223033673629 0.0292548024138 0.0018967569796 0.010701972522 0.00977206165676 0.00388754403646 0.0073223096309 0.0253513467603 0.0306910290055 0.0152624743749 0.021712629621 0.0267487909312 0.0294808952421 0.00918081535473 0.0106024193282 0.00499324422128 0.00881511814699 0.0262766409888 0.0175056941766 -0.00305485961165 0.0245421508346 0.0124133262508 0.0340844754192 0.00944054440224 0.0184593523022 0.0242396516587 0.0120383578026 0.0217673193367 
-0.00804565707433 0.0143955941776 -0.00829498031098 0.0334831055597 0.0170101030014 -0.0135335993045 0.0232682743535 0.0128800201985 0.0201092790134 0.0178082168494 0.0171195216299 0.227279454514 0.0100376526414 0.0127068723012 0.0121063046297 0.0250115790236 0.00408583337533 0.0119987386407 0.000498200246306 0.00276041697118 0.0120798479954 0.0221595956239 0.0251345123207 0.0117375630589 0.00187302722804 -0.000552208487892 -0.00607847322354 0.0221773252109 0.0089308043751 0.0175544885891 0.0168579876973 -0.00826636972516 0.0172609800973 0.0182732539359 0.00330732266434 0.00808452844431 0.0251623450802 0.0257083191036 0.0173347840358 0.00933538271978 
-0.00517803917819 0.0306634107248 0.00630374822486 0.012599343172 0.0195838299172 0.0198842232587 -0.00188060848763 0.0283073215665 0.0247323240342 0.0100838520382 0.0223033673629 0.0100376526414 0.312905868203 0.000960304052028 0.0149085489385 0.00463092775304 0.0176059691242 0.00528503701705 -4.19396154333e-05 0.0152219180801 0.0213607167015 0.0303725575274 0.0118788009091 0.0177183338057 0.0271366141683 0.0108670008613 0.00780571296979 0.0205975713721 0.00829100685438 0.026920296017 0.0173185240843 -0.00161502408058 0.00879632570956 0.0122376941054 0.0174676222353 0.032910264457 0.0224557954954 0.0154727144189 0.0271647713749 0.00627314749008 
-0.0176080053654 0.0249285549218 -0.000489436475217 0.0313898571825 0.00442357891617 0.0191664700856 0.0225946271428 0.104901459214 -0.00118364920468 0.0118218857419 0.0292548024138 0.0127068723012 0.000960304052028 0.258148977806 0.00797918757469 0.0115444615644 0.0249699562284 0.0211818665728 0.0129160569539 0.0255633680052 0.000921597849381 0.0339774077234 0.0174526390574 0.00963472434709 0.036694512232 0.00574978628163 0.00628474938893 0.0310598566276 0.010632210317 0.00989704353061 0.00821425722089 0.00799924429954 0.0198633820779 0.010036879825 0.0273824099336 5.51884005416e-05 -0.00208839913633 0.009016783699 0.00579915426035 0.0128755245273 
-0.00233948157985 0.0652431206616 0.0284425240774 0.0163457009793 0.00632961564359 0.0519769786997 0.058209867922 0.0259806738161 0.011598098163 -0.000980063894906 0.0018967569796 0.0121063046297 0.0149085489385 0.00797918757469 0.963646685574 0.0542420784278 0.00619946722409 0.0257778444022 0.0150401369267 0.0476071061394 0.0305446625386 0.014740231631 0.0172277057216 0.0930838647791 0.0482165707679 0.0301996828838 0.00250468987226 0.011627649608 0.0343331459239 0.111045755154 0.0056180326909 0.0153237266958 0.0297009590848 0.0872274089205 0.0128295422614 0.0683111077584 0.0602245428928 0.0749544683353 0.0175352217643 0.0133276855711 
-0.000393747732499 0.0129119050478 0.0152066154434 0.00862355207915 0.018283795518 0.0306071032954 0.0197690270153 0.00646232224457 0.0120140886424 0.0091897984621 0.010701972522 0.0250115790236 0.00463092775304 0.0115444615644 0.0542420784278 0.330771233942 -0.00789167328921 -0.0026328281144 0.0183546486694 -0.00418083925873 0.0210321912488 0.0204532125222 0.028577118783 0.0114201350704 0.0200296507064 0.00152734480652 0.00862055939062 0.0133978571892 0.0204101004095 0.0290535697935 0.00224360263881 0.00296243771653 0.0225328665262 0.0280897160775 0.00834949576029 0.0283238897436 0.00135215891644 0.0282710436354 0.0206583657683 0.0103911490089 
-0.00498429516367 0.00304581031163 -0.00323378737137 0.0149120754438 0.0147671758784 0.00896193524715 0.016464023055 0.0240164446321 -0.00465115308202 0.000773361408591 0.00977206165676 0.00408583337533 0.0176059691242 0.0249699562284 0.00619946722409 -0.00789167328921 0.319699538197 0.0208042527468 0.0174801250573 -0.00197386567112 0.01134342925 0.0422076917167 0.0100123627809 0.0483378062448 0.0281966642937 -0.00465092682362 0.00903739280006 -0.00113224331648 0.00848831913632 0.0133612218605 0.0116368706009 -0.0196871530188 0.014074579425 0.0116290420065 0.0295672674802 0.0375093771487 -0.00262751448636 2.26621594302e-05 0.0140197800564 0.007187157288 
0.0120061953591 0.0267052071865 0.017100547935 0.0160610854472 0.0109351849826 0.025952971889 -0.00358988198877 0.0248772092323 0.0130012803832 0.00912561847923 0.00388754403646 0.0119987386407 0.00528503701705 0.0211818665728 0.0257778444022 -0.0026328281144 0.0208042527468 0.498779804597 0.0395583900918 0.0122702171303 0.00388008935703 -0.00278420900113 -0.00260524754089 0.0339735209561 0.00992333409378 -0.00836531850471 0.0106077578281 0.00626247330687 -0.00842719506748 0.0208643072893 0.00596245062842 -0.0153842077303 0.00480229895379 0.00433833310718 0.0280655505884 0.0270618035133 0.00330558086265 0.00242642640145 -0.00433556610369 0.0149465739693 
0.0754788341794 0.0154645835123 0.112809326917 0.00704973112555 0.00289265745966 0.187806465838 0.0169802828661 -0.0150193237538 0.00951886896891 0.00542066638231 0.0073223096309 0.000498200246306 -4.19396154336e-05 0.0129160569539 0.0150401369267 0.0183546486694 0.0174801250573 0.0395583900918 0.438247008165 0.0353002995739 0.00305986593374 -0.00430196472703 0.0196374768089 0.020782522949 0.000512153616249 0.00381504587482 0.0398301245184 -0.00381617952637 0.0362337623339 0.0241226899049 -0.00874016017122 -0.00884216637506 0.0073196141142 0.0286282328765 0.0176297858493 0.0280822180644 -0.00204308373677 0.043938957804 0.0207367800672 0.0158645883615 
0.00273405220904 0.00579505905259 0.0252042853646 0.0113799775072 0.0181201904452 0.0412645268275 0.0140180725545 0.0233953752548 0.0126594951239 0.00905002690495 0.0253513467603 0.00276041697118 0.0152219180801 0.0255633680052 0.0476071061394 -0.00418083925873 -0.00197386567112 0.0122702171303 0.0353002995739 0.225673306851 0.0243613999528 0.0183453831074 0.0239371762461 0.0130393910763 0.0153752801829 0.0261124066616 0.0149949479032 0.0121663169867 0.0289243186984 0.0369253188796 0.00392077450413 0.00400067862258 0.0243475210749 0.0319968464483 -0.00095857759067 0.0275607741698 0.0156262644801 0.0440648411501 0.01227793111 0.0162527664134 
0.0212548680335 0.0128086139757 0.00312032499584 0.0186478940211 0.0181532871045 0.023355132678 0.023179583698 0.0197285923371 0.0221554950114 0.0133216841189 0.0306910290055 0.0120798479954 0.0213607167015 0.000921597849383 0.0305446625386 0.0210321912488 0.01134342925 0.00388008935703 0.00305986593374 0.0243613999528 0.180939395012 0.0168973301257 0.011780916694 0.0285873362167 0.0089908718604 0.0255390367682 0.0156073449094 0.0199100655432 0.0170152278867 0.0155656120636 0.0145200125323 0.00722986067046 0.0231872016057 0.0126514930041 0.0242960540091 0.0462894831313 0.0114639221124 0.0244226525673 0.0196279825316 0.0101138350587 
-0.00794264716037 0.00417161337117 -0.00682213265188 0.0415204178094 0.0258459858382 0.0117793667193 0.011983421315 0.0260667240434 0.00756539252391 0.0163172572737 0.0152624743749 0.0221595956239 0.0303725575274 0.0339774077234 0.014740231631 0.0204532125222 0.0422076917167 -0.00278420900113 -0.00430196472703 0.0183453831074 0.0168973301257 0.275230925973 0.0350119380241 0.0173361574521 0.0351453419015 0.00139985029164 -0.000774660165494 0.0116891971255 0.0166338087638 0.0278068537656 0.00149496985208 -0.0142484054771 0.0336208955875 0.0161292283766 0.0082827909702 0.0210533712505 0.0355665283032 0.0313265940677 0.0170708381451 0.00446740221771 
0.027844135301 0.0108968652767 0.0102356080457 0.0272620178844 0.032604009807 0.0187544902242 -0.00460765494868 0.0115240618003 0.0101076749056 0.00446578702577 0.021712629621 0.0251345123207 0.0118788009091 0.0174526390574 0.0172277057216 0.028577118783 0.0100123627809 -0.00260524754089 0.0196374768089 0.0239371762461 0.011780916694 0.0350119380241 0.165396144243 0.0184528767878 0.0143382579072 0.00177775142952 0.0213546681767 0.0171837595433 0.0320925023388 0.015072029166 0.011579692601 0.011612760658 0.012763798796 0.0355987113837 0.0158646656259 0.00601725043241 0.0141378324198 0.0392882598593 0.00995762044289 0.0232507926914 
0.00770369342848 0.0390009734199 0.0102275052822 0.0111746256644 0.0228982201003 0.0243367428161 0.0315762254408 0.00998462326173 0.0117301488215 -0.00933441446362 0.0267487909312 0.0117375630589 0.0177183338057 0.00963472434709 0.0930838647791 0.0114201350704 0.0483378062448 0.0339735209561 0.020782522949 0.0130393910763 0.0285873362167 0.0173361574521 0.0184528767878 0.381172990136 0.011396104374 0.0021593479966 0.0162936840018 0.0066974190421 0.00927922906984 0.0433436491294 0.00846170790445 0.00919859747637 0.0196453997098 0.0397755013567 0.0216300464229 0.0341232197121 0.0284490243988 0.0197985380838 0.002385837511 0.0157216067624 
-0.0126571225008 0.032484172808 0.0148205691644 0.0268759300214 0.0213508698773 0.0160785233552 0.00518463905167 0.0544449235039 0.00952741718072 0.00745824848286 0.0294808952421 0.00187302722804 0.0271366141683 0.036694512232 0.0482165707679 0.0200296507064 0.0281966642937 0.00992333409378 0.00051215361625 0.0153752801829 0.00899087186041 0.0351453419015 0.0143382579072 0.011396104374 0.28883633669 0.00527295065896 -0.00162676551249 0.0242050913488 0.0162835581606 0.0267293343353 0.020509813529 0.0233445256338 0.0333364190572 0.040035875175 -0.00827718180323 0.0190493954906 0.0506157668134 0.0130429738629 0.0192490302948 0.00763777146361 
-0.00762563226795 -0.00721348915684 0.011617296168 -0.00348173857501 0.00468777797646 0.00102190888824 -0.00649217904783 -0.00648179790112 0.0038401331913 1.73859709946e-05 0.00918081535472 -0.000552208487892 0.0108670008613 0.00574978628163 0.0301996828838 0.00152734480652 -0.00465092682362 -0.00836531850471 0.00381504587482 0.0261124066616 0.0255390367682 0.00139985029164 0.00177775142952 0.0021593479966 0.00527295065896 0.641831955371 0.00868348812508 0.0234260008836 0.00234530984477 -0.0026936962585 -0.0189170369841 0.0027191295196 0.0134594093853 0.0197933284239 -0.00830090046496 -0.00428623838795 0.000603681280714 0.00423411346874 -0.000518720962708 0.00605657605966 
-0.000518802438383 0.0145227505272 0.0442711374775 0.0220534512717 0.0132332551651 0.03333277403 -0.00464452274772 0.00972326130011 0.012210002138 -0.000181100171884 0.0106024193282 -0.00607847322354 0.00780571296979 0.00628474938893 0.00250468987226 0.00862055939062 0.00903739280006 0.0106077578281 0.0398301245184 0.0149949479032 0.0156073449094 -0.000774660165493 0.0213546681767 0.0162936840018 -0.00162676551249 0.00868348812508 0.190349966975 0.0170661475266 0.00821918247346 0.0218124927843 0.00784080851954 -0.000919662163188 0.00902112616651 0.0115906072801 0.0592470485542 0.0277593392073 -0.012027594957 0.0193646386825 0.0262697515319 0.0524486679029 
0.0292384564808 0.0310488636328 0.0260739609724 0.0249798993159 0.0162438240697 0.0494200680016 0.0150405242926 0.0226107543148 0.0287097189299 -0.000972866942559 0.00499324422128 0.0221773252109 0.0205975713721 0.0310598566276 0.011627649608 0.0133978571892 -0.00113224331648 0.00626247330687 -0.00381617952637 0.0121663169866 0.0199100655432 0.0116891971255 0.0171837595433 0.0066974190421 0.0242050913488 0.0234260008836 0.0170661475266 0.450839780117 0.00800044365313 0.00224640087192 0.0176809098455 -0.00338113275684 0.027795448117 0.024688100024 0.0240426271367 0.0258256970091 0.0139800012445 0.0229839972803 0.00472127173149 0.011442269789 
0.124194123278 0.0171322764695 0.0325420984582 0.0232437787187 0.00913688524363 0.0162045757185 0.0244656934575 -0.00121955632351 0.00422052337441 0.00772163316818 0.00881511814699 0.0089308043751 0.00829100685438 0.010632210317 0.0343331459239 0.0204101004095 0.00848831913632 -0.00842719506748 0.0362337623339 0.0289243186984 0.0170152278867 0.0166338087638 0.0320925023388 0.00927922906984 0.0162835581606 0.00234530984477 0.00821918247346 0.00800044365313 0.198068887861 0.027439646891 0.00435783270397 0.0251997052768 0.0137602305411 0.0286715012041 -0.000707011535821 0.0386347716583 0.0217472182387 0.0376516248801 0.0166715794972 0.00919656392889 
0.00997856345699 0.0306364251876 0.0140998153801 0.0236622746807 0.00556302892564 0.0276114433815 0.0291552053902 0.0111310638985 0.0109251756609 0.000428913361804 0.0262766409888 0.0175544885891 0.026920296017 0.00989704353061 0.111045755154 0.0290535697935 0.0133612218605 0.0208643072893 0.0241226899049 0.0369253188796 0.0155656120636 0.0278068537656 0.015072029166 0.0433436491294 0.0267293343353 -0.0026936962585 0.0218124927843 0.00224640087192 0.027439646891 0.429444589483 0.0143169969174 0.0222118166024 0.0246680555211 0.0661233412444 0.0113227005176 0.0453557317457 0.00940029394685 0.0398490685329 0.0131889533972 0.00881176393753 
0.00541168252955 0.0340735062091 -0.00557540264753 0.0226647665657 0.0132010284586 -0.00438803745783 0.0128570745995 0.0063319191737 0.0100559710633 0.00554534194641 0.0175056941766 0.0168579876973 0.0173185240843 0.00821425722089 0.0056180326909 0.00224360263882 0.0116368706009 0.00596245062842 -0.00874016017122 0.00392077450413 0.0145200125323 0.00149496985208 0.011579692601 0.00846170790445 0.020509813529 -0.0189170369841 0.00784080851954 0.0176809098455 0.00435783270397 0.0143169969174 0.174523100043 -0.0058771748315 0.01963660817 0.0355211352837 0.0211903332737 0.00164449390553 0.0298157499136 0.0059352420965 0.0249526879328 0.0230931656166 
0.0314401540775 0.0137917562352 -0.0126517783048 0.00153655591027 -0.00105704937225 -0.00138730643947 0.00288740767649 -0.0147711216267 0.00104304743429 -0.00793254424002 -0.00305485961165 -0.00826636972516 -0.00161502408058 0.00799924429954 0.0153237266958 0.00296243771653 -0.0196871530188 -0.0153842077303 -0.00884216637506 0.00400067862258 0.00722986067046 -0.0142484054771 0.011612760658 0.00919859747637 0.0233445256338 0.0027191295196 -0.000919662163188 -0.00338113275684 0.0251997052768 0.0222118166024 -0.0058771748315 0.84386711383 -0.00185164282371 0.0092672419586 -0.0126312488834 0.0233149033261 0.0549515316151 0.0199213430831 -0.00244680888643 -0.0034847087809 
-0.00893586684594 0.0337414169543 0.00463988415876 0.0314913510312 0.0149229546642 0.0116198179171 0.0197968874204 0.0302393355488 0.000229053015012 0.00596411046601 0.0245421508346 0.0172609800973 0.00879632570955 0.0198633820779 0.0297009590848 0.0225328665262 0.014074579425 0.00480229895379 0.00731961411421 0.0243475210749 0.0231872016057 0.0336208955875 0.012763798796 0.0196453997098 0.0333364190572 0.0134594093853 0.00902112616651 0.027795448117 0.0137602305411 0.0246680555211 0.01963660817 -0.00185164282371 0.252895810092 0.0108352865837 0.0217208189249 0.0120256067416 0.0379096728285 0.018159724266 0.0377959483249 0.0135261950863 
0.000289594171153 0.0426289833664 0.0172286539983 0.0230481391124 0.0156259382485 0.0336833538042 0.0202371669726 -0.00277023490782 0.0127031677574 0.00499363246264 0.0124133262508 0.0182732539359 0.0122376941054 0.010036879825 0.0872274089205 0.0280897160775 0.0116290420065 0.00433833310718 0.0286282328765 0.0319968464483 0.0126514930041 0.0161292283766 0.0355987113837 0.0397755013567 0.040035875175 0.0197933284239 0.0115906072801 0.024688100024 0.0286715012041 0.0661233412444 0.0355211352837 0.0092672419586 0.0108352865837 0.4802215317 -0.00172021523892 0.0354668183149 0.0433828910985 0.0491556024281 0.00630394489686 0.00368340035448 
-0.00565438617626 0.00664678661233 0.0266986033037 0.0222037733458 0.00713436237183 0.0430012016201 0.0154962697651 0.0314806733874 0.006624834523 0.0137871884438 0.0340844754192 0.00330732266435 0.0174676222353 0.0273824099336 0.0128295422614 0.00834949576029 0.0295672674802 0.0280655505884 0.0176297858493 -0.00095857759067 0.0242960540091 0.0082827909702 0.0158646656259 0.0216300464229 -0.00827718180323 -0.00830090046496 0.0592470485543 0.0240426271367 -0.000707011535818 0.0113227005176 0.0211903332737 -0.0126312488834 0.0217208189249 -0.00172021523892 0.229832327553 0.0282711746687 0.00558039904685 0.0139728859461 0.010992269017 0.0442003062275 
-0.0200658958508 0.0187013145252 0.0302063534541 0.0133424442137 0.016250200604 0.0439986143408 0.0185509122496 0.0188045500057 0.0249583691781 -0.00511363292559 0.00944054440224 0.00808452844431 0.032910264457 5.51884005411e-05 0.0683111077584 0.0283238897436 0.0375093771487 0.0270618035133 0.0280822180644 0.0275607741698 0.0462894831313 0.0210533712505 0.00601725043241 0.0341232197121 0.0190493954906 -0.00428623838795 0.0277593392073 0.0258256970091 0.0386347716583 0.0453557317457 0.00164449390553 0.0233149033261 0.0120256067416 0.0354668183149 0.0282711746687 0.39774887844 0.0161262786758 0.0327260668796 -0.0106889466406 0.0225950792276 
-0.0131608407404 0.0390693978645 0.0102753903765 0.0271001069083 0.0160053635332 0.0106916021862 0.0209353998233 0.0122228401308 0.00135292805163 5.52084909633e-05 0.0184593523022 0.0251623450802 0.0224557954954 -0.00208839913633 0.0602245428928 0.00135215891644 -0.00262751448636 0.00330558086265 -0.00204308373677 0.0156262644801 0.0114639221124 0.0355665283032 0.0141378324198 0.0284490243988 0.0506157668134 0.000603681280715 -0.012027594957 0.0139800012445 0.0217472182387 0.00940029394685 0.0298157499136 0.0549515316151 0.0379096728285 0.0433828910985 0.00558039904685 0.0161262786758 0.38928729058 0.0672466589673 0.0100081203251 0.00793577804519 
0.0166936163274 0.0257710666375 0.0125660888721 0.0211900474335 0.0195130592735 0.0316221295924 0.0225380143864 0.0448382161995 0.0233956337595 0.0210338384351 0.0242396516587 0.0257083191036 0.0154727144189 0.009016783699 0.0749544683353 0.0282710436354 2.26621594299e-05 0.00242642640144 0.043938957804 0.0440648411501 0.0244226525673 0.0313265940677 0.0392882598593 0.0197985380838 0.0130429738629 0.00423411346874 0.0193646386825 0.0229839972803 0.0376516248801 0.0398490685329 0.0059352420965 0.0199213430831 0.018159724266 0.0491556024281 0.0139728859461 0.0327260668796 0.0672466589673 0.300707097653 0.014106727226 -0.00240709943725 
-0.00349408320044 0.0201153743345 -0.00444410891876 0.0125889658419 0.0141630108531 -0.00376520957524 0.0208995645528 0.022294003286 0.00864473362841 0.00836088464453 0.0120383578026 0.0173347840358 0.0271647713749 0.00579915426035 0.0175352217643 0.0206583657683 0.0140197800564 -0.00433556610369 0.0207367800672 0.01227793111 0.0196279825316 0.0170708381451 0.00995762044289 0.002385837511 0.0192490302948 -0.000518720962707 0.0262697515319 0.00472127173149 0.0166715794972 0.0131889533972 0.0249526879328 -0.00244680888643 0.0377959483249 0.00630394489686 0.010992269017 -0.0106889466406 0.0100081203251 0.014106727226 0.464315136074 0.0147063767348 
0.00702135429753 0.0167143384732 0.0290729282265 0.0279502460317 0.0318491536435 0.0298605700049 -0.0036177243724 0.0153777008026 0.00303688435081 0.00784127197973 0.0217673193367 0.00933538271978 0.00627314749008 0.0128755245273 0.0133276855711 0.0103911490089 0.007187157288 0.0149465739693 0.0158645883615 0.0162527664134 0.0101138350587 0.00446740221771 0.0232507926914 0.0157216067624 0.00763777146361 0.00605657605966 0.0524486679029 0.011442269789 0.00919656392889 0.00881176393753 0.0230931656166 -0.0034847087809 0.0135261950863 0.00368340035448 0.0442003062275 0.0225950792276 0.00793577804519 -0.00240709943725 0.0147063767348 0.194067015688 

['PTV', 'DDS', 'APA', 'WB', 'CINF', 'HAL', 'EDS', 'AET', 'MSFT', 'GIS', 'EQR', 'FRE', 'SGP', 'WLP', 'PMCS', 'BF.B', 'HMA', 'AES', 'BHI', 'WY', 'VZ', 'PGR', 'PFG', 'MOT', 'HET', 'MYL', 'D', 'BMET', 'AVY', 'A', 'SLE', 'CVG', 'COF', 'QCOM', 'PPL', 'HPQ', 'FDO', 'IR', 'TSN', 'NI']