30
0.0441448787565 0.0251604878384 0.542098982398 0.153319254475 0.0522861094618 0.0418020448473 0.0330111524363 0.0549811443135 0.0878126089614 0.100974868985 0.199130076205 0.185879968849 0.079223051944 0.0782010317916 0.039859092222 0.0755152896869 0.0275926739743 0.104903250727 0.0214039426083 0.0501483555771 0.0188066159349 0.0192488530763 0.0357111585815 0.0380288664812 0.0296866664977 0.0255121646837 0.0367752030525 0.0163484450471 0.0162851568228 0.0623322546876 
0.252511710907 0.0436986630764 0.0423838909757 0.047606564427 0.0317317429753 0.0541204782769 0.0251876296991 0.0143027594699 0.0302950451329 0.0060574886867 0.0328210015744 0.0473722827571 0.0302619743569 0.0304399722255 0.0373930290197 -0.00341500589025 0.00189674491871 0.0363747778092 0.0272571004407 0.0307352592247 0.0213663601961 0.0155990887824 0.0197826640814 0.0297246711196 0.0468219137625 0.0283021670403 0.0302877659519 0.0228126031055 0.0208452599694 0.0103076520529 
0.0436986630764 0.174103087397 0.0219101854639 0.0406699255717 0.00616048874433 0.0204254629938 0.0274857217744 0.00817179665359 0.0230042330702 0.006959404614 0.0206426736197 0.00504201560345 0.0145296286931 0.00507582560677 0.00586433640867 0.0119297258818 0.010827419919 0.0208519122124 0.00629727404465 0.021785545163 0.0083315469078 0.0182588905428 0.013568330834 0.00407048223132 0.0425404152337 0.0202187669163 0.0266300453914 0.0168611094711 0.01877780264 0.0213515569067 
0.0423838909757 0.0219101854639 8.19453646865 0.00604367420379 -0.00733813424693 0.0104955941422 0.00835749782268 0.0277751702313 0.0189904861326 0.0250394742258 0.0575998026578 0.0366760359862 0.0174030511674 0.0332358460843 0.0205389080502 0.00094477735189 0.0240208040887 0.0474247259094 0.00421479265975 0.0404875303364 -0.0122086494358 0.0161535305069 0.0215800490874 0.0339774205988 0.032508992989 0.00536830348548 0.00232304115671 0.0312174307498 0.00924527116197 -0.0219492940049 
0.047606564427 0.0406699255717 0.00604367420379 0.6237634991 0.0527246038202 0.0311307358087 0.0456990208966 0.0153661645503 0.0566884039417 0.0350554066633 0.051935186744 0.0302691416511 0.0395826607172 0.0324637105786 0.0400765281035 0.0270412028761 0.0163816186706 0.0555921519112 0.0460727461266 0.0294144913375 0.0398784593636 0.0130831482685 0.0382539473324 0.0318916726909 0.0275743917475 0.0217549045806 0.0178922200929 0.0307989508171 0.00848288517662 0.016601433767 
0.0317317429753 0.00616048874433 -0.00733813424693 0.0527246038202 0.309616357545 0.0528690676219 0.0313909757185 0.0242291115545 0.041377283732 0.0312914633267 0.0448577885638 0.0396522546034 0.028028472312 -0.0071438100662 0.0199968315546 -7.84479187069e-05 0.00794459043574 0.0649769078977 0.0342497719655 0.0220362030661 0.0234224263849 0.018883879794 0.0345878377767 0.0520850830612 0.0111986406389 0.0171664710812 0.00460465131459 0.0237888742516 0.00697471327788 0.0335186473148 
0.0541204782769 0.0204254629938 0.0104955941422 0.0311307358087 0.0528690676219 0.251174223125 0.0218788489282 -0.00460990798932 0.0136981734867 0.0305577932571 0.0404477103819 0.0507241781254 0.0396891598776 0.026151971329 0.0287933219784 -0.00886684600805 0.0106419798209 0.0367906546235 0.0243069353074 0.032381058426 0.00876845813466 0.00955502649789 0.0122861601476 0.0203975057117 0.0175049309981 0.0192199795084 0.0124357487965 0.0210662341569 0.0230605985553 -0.0334201992657 
0.0251876296991 0.0274857217744 0.00835749782268 0.0456990208967 0.0313909757185 0.0218788489282 0.31476104794 0.0202689880413 0.0270945367837 0.0538591865477 0.00166377925668 0.0299235622586 0.0294649439344 0.013501720828 0.0210225016718 0.00451521316847 0.00894748729144 0.0324042433473 0.0336714388766 0.0265409327636 0.0504280506287 0.00250004116736 0.0493048564071 0.0262862778979 0.0385738933485 0.0124967041006 0.0236161936762 0.0178945612166 0.0126164416169 0.0116070821429 
0.0143027594699 0.00817179665359 0.0277751702313 0.0153661645503 0.0242291115545 -0.0046099079893 0.0202689880413 0.410682561016 0.015280144814 0.00734451955658 0.0365596095384 0.0274825295731 0.00742317199312 0.00756855481986 0.00642845129255 0.181683012229 0.00370872920626 0.0191062157234 0.00615513173592 0.0334471112941 0.00225215964228 0.00146530459363 0.0267089869854 0.020512657876 0.0116935197293 0.00398628382044 0.00612323064723 0.00184191163446 0.00501312953733 -0.00298910613159 
0.0302950451329 0.0230042330702 0.0189904861326 0.0566884039417 0.041377283732 0.0136981734867 0.0270945367837 0.015280144814 0.480246862441 0.0192327831039 0.0268843895403 0.0474168489166 0.0120016639903 0.0333465736437 0.0147688834931 0.00315405292054 0.0271237443821 0.0355793663868 0.0201179588928 0.018336124033 0.0170244159617 -0.000543715464821 0.0217784331194 0.0799531211776 0.0120008766412 0.0211353358067 0.0315236334593 0.0073254483296 0.00169931730522 0.000794147527808 
0.0060574886867 0.006959404614 0.0250394742258 0.0350554066633 0.0312914633267 0.0305577932571 0.0538591865477 0.00734451955659 0.0192327831039 0.474960511433 0.0176153803533 0.0617449985949 0.0380867154161 0.0345914359961 0.0371978632768 0.00941674763007 0.00744934571816 0.0174778549918 0.0253841924402 0.0213875710666 0.0346661986537 0.0082713036325 0.0379765231285 0.00448695384375 0.0305490742074 0.0255490011234 0.00527365659628 0.00339755299828 0.010095393313 0.0321907706035 
0.0328210015744 0.0206426736197 0.0575998026578 0.051935186744 0.0448577885638 0.0404477103819 0.00166377925668 0.0365596095384 0.0268843895403 0.0176153803533 0.614083369003 0.153040920055 0.00910614831554 0.0354707234781 0.0241442117739 0.0830639134732 -0.00223741919274 0.0336406510375 0.0339000019191 0.041577999634 0.019918794559 0.0138895486131 0.0250174828111 0.0233439972557 0.0277483118357 0.00539475960667 0.023458611591 0.0225411116994 0.0195266572832 -0.024028259475 
0.0473722827571 0.00504201560345 0.0366760359862 0.0302691416511 0.0396522546034 0.0507241781254 0.0299235622587 0.0274825295731 0.0474168489166 0.061744998595 0.153040920055 0.636171546089 0.0362724251247 0.0293535882732 0.0391546907756 0.0509890253646 0.011426783551 0.0639386666205 0.0759387260644 0.0496027184716 0.0130327258851 0.00984737821492 0.0306795047467 0.0433054602681 0.042484982081 0.0188668435182 -0.00485410573123 0.0225868123005 0.0225365094873 0.00236133737569 
0.0302619743569 0.0145296286931 0.0174030511674 0.0395826607172 0.028028472312 0.0396891598776 0.0294649439344 0.00742317199309 0.0120016639903 0.0380867154161 0.00910614831554 0.0362724251247 0.393440473557 0.040692967631 0.0073977779103 0.00805152225903 0.0192698756472 0.0211038756589 0.02700995664 0.0274498392606 0.0292555639523 0.015596611427 0.0278924132513 0.0226738128419 0.00275649694272 0.0116883325014 0.0192678537886 0.0110265506315 0.0132309075837 0.0111055235164 
0.0304399722255 0.00507582560677 0.0332358460843 0.0324637105786 -0.00714381006619 0.026151971329 0.013501720828 0.00756855481992 0.0333465736437 0.034591435996 0.035470723478 0.0293535882732 0.040692967631 0.390917185026 0.0160690289194 -0.0194013116033 0.00730458270208 0.0419671801 0.0160404605261 0.0323592889421 0.0407226346614 -0.00829428549598 0.0172233804191 0.0430766499604 0.0167298057931 0.0228282440174 0.0201736819972 0.0193741240937 0.017489884067 0.0160934345489 
0.0373930290197 0.00586433640866 0.0205389080502 0.0400765281035 0.0199968315546 0.0287933219784 0.0210225016718 0.00642845129254 0.0147688834931 0.0371978632768 0.0241442117739 0.0391546907756 0.0073977779103 0.0160690289193 0.27881845236 0.0269770657207 0.00611524280942 0.040581604664 0.0329112008976 0.0183585566038 0.00907281663779 0.0145047059951 0.0323775973532 0.0263443956657 0.0233114433281 0.00968879373015 0.00934631372493 0.0107405479396 0.0138899131483 0.0131685446865 
-0.00341500589024 0.0119297258818 0.000944777351888 0.0270412028761 -7.84479187115e-05 -0.00886684600804 0.00451521316847 0.181683012229 0.00315405292055 0.00941674763006 0.0830639134733 0.0509890253646 0.00805152225902 -0.0194013116033 0.0269770657207 0.774143512642 0.0224179135157 0.0362533338998 0.0142679974235 0.0240796044201 -0.00189691062152 0.0145071859881 0.0144361334417 0.00701724725394 0.00534174389277 0.0110951508991 0.0143022813065 0.00221622757969 0.0201960940721 0.0153413834183 
0.0018967449187 0.010827419919 0.0240208040887 0.0163816186706 0.00794459043568 0.0106419798209 0.00894748729141 0.00370872920625 0.0271237443821 0.00744934571817 -0.00223741919274 0.011426783551 0.0192698756471 0.00730458270218 0.00611524280941 0.0224179135157 0.370305170909 0.00614780295651 -0.00025943405046 0.00314490531956 -0.00589450419314 -0.00207867588205 0.011981239355 0.00452179284988 0.0176909924983 0.00756225440298 0.0093808163409 -0.00539478198489 -0.000400418749618 -0.011681847162 
0.0363747778092 0.0208519122124 0.0474247259094 0.0555921519112 0.0649769078977 0.0367906546235 0.0324042433473 0.0191062157234 0.0355793663868 0.0174778549918 0.0336406510375 0.0639386666205 0.0211038756589 0.0419671801 0.040581604664 0.0362533338998 0.00614780295649 0.470320102494 0.0413990568851 0.0445049008817 0.0319320896232 0.0130514157643 0.0332068037877 0.0246104583778 0.0344417070019 0.0253024147128 0.0240620019868 0.00505581085674 0.00690755117431 0.00857674195339 
0.0272571004407 0.00629727404466 0.00421479265975 0.0460727461266 0.0342497719655 0.0243069353074 0.0336714388766 0.00615513173591 0.0201179588928 0.0253841924402 0.0339000019191 0.0759387260644 0.02700995664 0.0160404605261 0.0329112008976 0.0142679974235 -0.000259434050453 0.0413990568851 0.221177452728 0.03804389294 0.00661109707077 0.00103390146676 0.013079615158 0.0275852423904 0.0158367428445 0.0147713642805 0.00914821897538 0.015912792555 0.00855362567949 0.0105429447647 
0.0307352592248 0.021785545163 0.0404875303364 0.0294144913375 0.0220362030661 0.032381058426 0.0265409327636 0.0334471112941 0.018336124033 0.0213875710666 0.041577999634 0.0496027184716 0.0274498392606 0.0323592889421 0.0183585566038 0.0240796044201 0.00314490531956 0.0445049008817 0.03804389294 0.266373829847 0.0220992756351 0.00387017707941 0.0109109220213 0.0161496098074 0.029677723339 0.0144402807768 0.0338135591964 0.00370110678311 0.0122636231443 0.0115229918301 
0.0213663601961 0.00833154690779 -0.0122086494358 0.0398784593636 0.0234224263849 0.00876845813466 0.0504280506287 0.00225215964229 0.0170244159617 0.0346661986537 0.019918794559 0.0130327258851 0.0292555639523 0.0407226346614 0.00907281663779 -0.00189691062152 -0.00589450419314 0.0319320896232 0.00661109707077 0.0220992756351 0.194922872176 0.00645867521242 0.0262549565677 0.00758838372028 0.0160787589716 0.0226886369177 0.0156171472755 0.0114454553343 0.00583687290627 0.0163624580117 
0.0155990887824 0.0182588905428 0.0161535305069 0.0130831482685 0.018883879794 0.00955502649789 0.00250004116735 0.00146530459362 -0.00054371546482 0.0082713036325 0.0138895486131 0.00984737821492 0.015596611427 -0.00829428549599 0.0145047059951 0.0145071859881 -0.00207867588203 0.0130514157643 0.00103390146676 0.00387017707941 0.00645867521242 0.144328933194 0.0166617944394 0.0112465235298 0.0197687328294 0.0092812855425 0.0170266360946 0.0129607215684 0.0137655189163 0.018092910103 
0.0197826640814 0.013568330834 0.0215800490874 0.0382539473324 0.0345878377767 0.0122861601476 0.0493048564071 0.0267089869854 0.0217784331194 0.0379765231285 0.0250174828111 0.0306795047467 0.0278924132513 0.0172233804191 0.0323775973532 0.0144361334417 0.011981239355 0.0332068037877 0.013079615158 0.0109109220213 0.0262549565677 0.0166617944394 0.296867975077 0.0167198456315 0.0271219907928 0.0216675328799 0.0323082026866 0.0151257860447 0.00871477537501 0.0221096740519 
0.0297246711196 0.00407048223132 0.0339774205988 0.0318916726909 0.0520850830612 0.0203975057117 0.0262862778979 0.020512657876 0.0799531211776 0.00448695384375 0.0233439972557 0.043305460268 0.0226738128419 0.0430766499604 0.0263443956657 0.00701724725394 0.00452179284989 0.0246104583778 0.0275852423904 0.0161496098074 0.00758838372028 0.0112465235298 0.0167198456315 0.325108772407 0.0176310796474 0.008946669273 0.0145343597053 0.00987808403919 -0.000808809258416 0.0188229151006 
0.0468219137625 0.0425404152337 0.032508992989 0.0275743917475 0.0111986406389 0.0175049309981 0.0385738933485 0.0116935197293 0.0120008766412 0.0305490742074 0.0277483118357 0.042484982081 0.00275649694272 0.0167298057931 0.0233114433281 0.00534174389277 0.0176909924983 0.0344417070019 0.0158367428445 0.029677723339 0.0160787589716 0.0197687328294 0.0271219907928 0.0176310796474 0.228836543719 0.0202753095331 0.0251429440396 0.0254695991885 0.0197168666528 0.00583761643123 
0.0283021670403 0.0202187669163 0.00536830348548 0.0217549045806 0.0171664710812 0.0192199795084 0.0124967041006 0.00398628382044 0.0211353358067 0.0255490011234 0.00539475960667 0.0188668435182 0.0116883325014 0.0228282440174 0.00968879373015 0.0110951508991 0.00756225440298 0.0253024147128 0.0147713642805 0.0144402807768 0.0226886369177 0.0092812855425 0.0216675328799 0.008946669273 0.0202753095331 0.168568037157 0.0127689928979 0.0163484466035 0.021829229421 0.0138868582965 
0.0302877659519 0.0266300453914 0.00232304115671 0.017892220093 0.00460465131459 0.0124357487965 0.0236161936762 0.00612323064723 0.0315236334593 0.00527365659628 0.023458611591 -0.00485410573124 0.0192678537886 0.0201736819972 0.00934631372493 0.0143022813065 0.00938081634091 0.0240620019868 0.00914821897539 0.0338135591964 0.0156171472755 0.0170266360946 0.0323082026866 0.0145343597053 0.0251429440396 0.0127689928979 0.256988557139 -0.000385106499705 0.0060308173058 0.00911689878285 
0.0228126031055 0.0168611094712 0.0312174307498 0.0307989508171 0.0237888742516 0.0210662341569 0.0178945612166 0.00184191163446 0.0073254483296 0.00339755299828 0.0225411116994 0.0225868123005 0.0110265506315 0.0193741240937 0.0107405479396 0.00221622757968 -0.00539478198488 0.00505581085674 0.015912792555 0.00370110678312 0.0114454553343 0.0129607215684 0.0151257860447 0.00987808403919 0.0254695991886 0.0163484466035 -0.000385106499717 0.206968257031 0.0665517559556 -0.000473933684937 
0.0208452599694 0.01877780264 0.00924527116197 0.00848288517662 0.00697471327788 0.0230605985553 0.0126164416169 0.00501312953733 0.00169931730522 0.010095393313 0.0195266572832 0.0225365094873 0.0132309075837 0.017489884067 0.0138899131483 0.0201960940721 -0.000400418749616 0.00690755117431 0.00855362567949 0.0122636231443 0.00583687290627 0.0137655189163 0.00871477537501 -0.000808809258414 0.0197168666528 0.021829229421 0.00603081730579 0.0665517559556 0.162767749477 0.00692558649388 
0.0103076520529 0.0213515569067 -0.0219492940049 0.016601433767 0.0335186473148 -0.0334201992657 0.0116070821429 -0.00298910613158 0.000794147527811 0.0321907706034 -0.0240282594751 0.00236133737565 0.0111055235164 0.016093434549 0.0131685446865 0.0153413834183 -0.011681847162 0.0085767419534 0.0105429447647 0.0115229918301 0.0163624580117 0.018092910103 0.0221096740519 0.0188229151006 0.00583761643122 0.0138868582965 0.00911689878285 -0.000473933684938 0.00692558649388 0.53234780398 

['MEL', 'WFC', 'VIA.B', 'CC', 'ASD', 'GWW', 'LOW', 'MIL', 'NVLS', 'ODP', 'PD', 'X', 'INTU', 'MOT', 'CIT', 'SYK', 'TRB', 'MON', 'WY', 'BMS', 'WMT', 'K', 'HET', 'ADI', 'AXP', 'CINF', 'ABT', 'TE', 'AEP', 'MAT']