20
0.060830846045 0.0442230302855 0.043075945187 0.0545718905582 0.0612619406497 0.107116270008 0.106366385329 0.0128714932266 0.0425593974561 0.133882810383 0.0439476996979 0.0746691414478 0.0486003975036 0.0383245101253 0.0406155741598 0.0850489592031 0.140066530531 0.0314738433907 0.0268988212896 0.22311845274 
0.30690098734 0.0591825887193 0.0445078564556 0.0138017983837 0.0164882050843 0.0381204550031 0.0118967020139 0.00717901425346 0.00503986148278 0.0264974569332 0.014005941713 0.0384644964166 0.0196995023164 0.0407385298614 0.0349307776981 0.0241760472908 0.0277972057841 0.032911669521 0.0199664231767 0.0479489176127 
0.0591825887193 0.211689974256 0.0262545210223 0.0128306246469 0.01693916253 0.0361862997376 0.0384408995669 0.00567642896578 0.0356537111522 0.0340848668231 0.00702714646653 0.0201441982779 0.0190636639493 0.0485200109762 0.0396829264027 0.0375726912808 0.0296389121748 0.0165477259997 0.0196128131506 0.0340247590331 
0.0445078564556 0.0262545210223 0.220685429162 0.0244157410932 0.00233100599862 0.0320346917826 0.00314890131549 0.00122897033832 0.0225143353195 0.0502559783735 0.0109514883819 0.0264588409802 0.00856263285553 0.027996311017 0.0323186713037 0.0299310510164 0.00648347867943 0.0269891220509 0.00846354141327 0.0287351000109 
0.0138017983837 0.0128306246469 0.0244157410932 0.296457161592 0.0134295472459 0.00437460201579 0.0409244202493 0.0215201426284 0.0201257729 0.036526422748 0.0101328359084 0.0149847205895 0.0161551437113 0.0126063179318 0.0323761280481 0.0202803674912 0.0321928174477 0.0131160457033 -0.0019420591474 0.00998888916595 
0.0164882050843 0.01693916253 0.00233100599862 0.0134295472459 0.350867825876 0.0518887467615 0.0297102728134 0.00955549918015 0.0334175068472 0.0490440060359 0.0135929331073 0.0353275970254 0.0221862785983 0.0355004482645 0.0295672106758 0.0410542912406 -0.0048217942067 0.0436283614757 0.00579036935338 0.09819885858 
0.0381204550031 0.0361862997376 0.0320346917826 0.00437460201579 0.0518887467615 0.524938837161 0.0406938443842 0.00377727355352 0.0671920026676 0.0704900269799 0.0148586950556 0.0427703101869 0.0509656296479 0.0412998467922 0.0367062059703 0.0239349091369 0.0305733464314 0.0175960476573 0.0271805897594 0.165446106142 
0.0118967020139 0.0384408995669 0.00314890131549 0.0409244202493 0.0297102728134 0.0406938443842 0.453826585256 0.000418206469359 0.024687840549 0.152884298319 0.0148181068042 0.0184582340082 0.0135030679559 0.00531367182399 0.026347855653 0.0283168987833 0.0225428260478 0.02134634083 -0.00631715460259 0.0414719380295 
0.00717901425346 0.00567642896579 0.00122897033832 0.0215201426284 0.00955549918015 0.00377727355352 0.000418206469359 0.229419077181 0.000815353493834 0.00260573057251 0.00449373315429 0.0170887325055 -0.00182778295772 0.0202283337937 0.00204894831814 0.0115406112977 -0.00843606671906 0.0141628467812 0.0160010561477 -0.000387933698311 
0.00503986148278 0.0356537111522 0.0225143353195 0.0201257729 0.0334175068472 0.0671920026676 0.024687840549 0.000815353493834 0.405780743553 0.0138038980824 0.0134583911177 0.0388966415933 0.01286196387 0.0401776354979 0.0495122664162 0.015370125335 0.0292672630024 0.0182027262538 0.00758442879597 0.0552149580061 
0.0264974569332 0.0340848668231 0.0502559783735 0.036526422748 0.0490440060359 0.0704900269799 0.152884298319 0.00260573057251 0.0138038980824 0.483614083684 0.0107660589929 0.0380409427108 -0.00417259655178 0.0130824065943 0.0349240688955 0.0452044234967 0.00655504766706 0.0100503393924 0.00957415272977 0.0566294828977 
0.014005941713 0.00702714646653 0.0109514883819 0.0101328359084 0.0135929331073 0.0148586950556 0.0148181068042 0.00449373315429 0.0134583911177 0.0107660589929 0.197303714781 0.00472033043494 0.00603381896294 0.011283077968 0.0150503708132 0.0137364558781 0.00217107379484 0.0030211020309 0.010166972016 0.0099422379812 
0.0384644964166 0.0201441982779 0.0264588409802 0.0149847205895 0.0353275970254 0.0427703101869 0.0184582340082 0.0170887325055 0.0388966415933 0.0380409427108 0.00472033043494 0.507398008332 0.0149970144046 0.0494324960882 0.00846580134459 0.0154164314411 0.0169163781536 0.0194825804808 0.0334837042582 0.0383351402871 
0.0196995023164 0.0190636639493 0.00856263285553 0.0161551437113 0.0221862785983 0.0509656296479 0.0135030679559 -0.00182778295772 0.01286196387 -0.00417259655178 0.00603381896294 0.0149970144046 0.40136337618 0.0142279642613 0.0173955720956 0.0180678999939 0.00772711683153 0.023062048217 0.0569279990235 0.0233013032926 
0.0407385298614 0.0485200109762 0.027996311017 0.0126063179318 0.0355004482645 0.0412998467922 0.00531367182399 0.0202283337937 0.0401776354979 0.0130824065943 0.011283077968 0.0494324960882 0.0142279642613 0.337448924855 0.0297709034592 0.0241276546798 0.0185450845177 0.018340315698 0.00846322294362 0.0268583854255 
0.0349307776981 0.0396829264027 0.0323186713037 0.0323761280481 0.0295672106758 0.0367062059703 0.026347855653 0.00204894831814 0.0495122664162 0.0349240688955 0.0150503708132 0.00846580134459 0.0173955720956 0.0297709034592 0.236708641531 0.043753386422 0.025867322757 0.0146704804433 0.00413880990613 0.0228614621626 
0.0241760472908 0.0375726912808 0.0299310510164 0.0202803674912 0.0410542912406 0.0239349091369 0.0283168987833 0.0115406112977 0.015370125335 0.0452044234967 0.0137364558781 0.0154164314411 0.0180678999939 0.0241276546798 0.043753386422 0.724141101826 0.0331057773676 0.0305792478719 0.00332106727338 0.0833029787351 
0.0277972057841 0.0296389121748 0.00648347867943 0.0321928174477 -0.0048217942067 0.0305733464314 0.0225428260478 -0.00843606671906 0.0292672630024 0.00655504766706 0.00217107379484 0.0169163781536 0.00772711683153 0.0185450845177 0.025867322757 0.0331057773676 1.45690320217 0.003125897384 0.0133662734125 0.046725819223 
0.032911669521 0.0165477259997 0.0269891220509 0.0131160457033 0.0436283614757 0.0175960476573 0.02134634083 0.0141628467812 0.0182027262538 0.0100503393924 0.00302110203089 0.0194825804808 0.023062048217 0.018340315698 0.0146704804433 0.0305792478719 0.003125897384 0.294634973466 0.0135340097747 0.00348662497466 
0.0199664231767 0.0196128131506 0.00846354141327 -0.0019420591474 0.00579036935338 0.0271805897594 -0.00631715460259 0.0160010561477 0.00758442879597 0.00957415272977 0.010166972016 0.0334837042582 0.0569279990235 0.00846322294362 0.00413880990613 0.00332106727338 0.0133662734125 0.0135340097747 0.220082447262 0.0374839541011 
0.0479489176127 0.0340247590331 0.0287351000109 0.00998888916595 0.09819885858 0.165446106142 0.0414719380295 -0.000387933698311 0.0552149580061 0.0566294828977 0.0099422379812 0.0383351402871 0.0233013032926 0.0268583854255 0.0228614621626 0.0833029787351 0.046725819223 0.00348662497466 0.0374839541011 0.900273435823 

['TROW', 'DHR', 'PNC', 'PEG', 'QLGC', 'NSM', 'DVN', 'MDT', 'BC', 'SLB', 'LH', 'ERTS', 'PAYX', 'BBBY', 'SPG', 'EBAY', 'NAV', 'MMC', 'ADP', 'AMD']