20
0.0693656588129 0.0348828940045 0.070265204238 0.0304536481296 0.0373994541978 0.0970140476379 0.0308768641188 0.0784336943662 0.026407260569 0.0285507317948 0.0210054402465 0.0151091702759 0.0124927962784 0.0267221777707 0.0377989606714 0.0215013837744 0.0424048973372 0.0486003975036 0.0153161335694 0.0290232005544 
0.388515247872 0.010424023464 -0.00207298792534 0.0168929279892 0.0442818765418 0.0449351553495 0.0168444630196 0.0349162188596 0.0196464088299 0.0229592538444 0.0118128841693 0.017460705013 0.0120771432786 0.0178325377896 0.0398734653522 0.0361129362582 -0.00698748502785 0.0182945811962 0.000458194221859 0.0123527270999 
0.010424023464 0.249058230653 0.0122577738082 0.0213466707195 0.0159989482339 0.0311812393269 0.0267282004685 0.00398033595801 0.0197498203276 0.0163867656461 0.00890854585468 0.00428059502623 0.0179115738605 0.0229770352643 0.0481055313661 0.0304977261001 0.0027344832357 0.013986409338 0.0109603474733 0.0131311535022 
-0.00207298792534 0.0122577738082 0.982968413235 0.0419770314969 0.00797777370767 0.0238491747156 0.0157217778315 0.00603393663258 0.0256145665027 -0.00147719557291 0.00464784350734 0.0202503083547 -0.000200668400838 0.000401070258736 0.00580119303449 0.00311747909339 0.0144245694572 -0.00189944801307 0.00603173986464 0.0228134909549 
0.0168929279892 0.0213466707195 0.0419770314969 0.218624046545 0.0288891669021 0.0558333475943 0.0238790413708 0.0132668294228 0.064469035416 0.0107011260561 0.0211301263791 0.0218174924547 0.022709022388 0.0455806741182 0.0285761039689 0.0272308709981 0.0150458435742 0.011963082792 0.0249743807708 0.0355621638767 
0.0442818765418 0.0159989482339 0.00797777370767 0.0288891669021 0.321794299329 0.0578170514569 0.0090879077127 0.0290267367792 0.0216984920555 0.0220975645974 0.0127067116252 0.023300431642 0.0242777376594 0.0217374327316 0.0205251800867 0.0249036233359 0.0416179267448 0.0168112616498 0.0117159086911 0.0311504321063 
0.0449351553495 0.0311812393269 0.0238491747156 0.0558333475943 0.0578170514569 0.600958467641 0.0328235415356 0.0243886459057 0.0531567536039 0.0410036686136 -0.00311171843019 0.0289247119124 0.0636413354033 0.0474475275273 0.0710188824767 0.0373143696435 0.0393505426001 0.0328102473277 0.0200754125856 0.0397548973492 
0.0168444630196 0.0267282004685 0.0157217778315 0.0238790413708 0.0090879077127 0.0328235415356 0.268520826951 0.0236314107004 0.0226437750082 0.013351526315 -0.00594368356453 0.0139772012389 0.0136498568329 0.00753399257715 0.0464143098216 0.0312640610122 0.00736786141248 0.0114564029654 0.00475599611724 0.0161978243142 
0.0349162188596 0.00398033595801 0.00603393663258 0.0132668294228 0.0290267367792 0.0243886459057 0.0236314107004 0.37734879674 0.0183238771985 -0.00909015291768 0.0130345949641 0.0157880304796 0.00859299467399 0.0135356071909 0.0110363898176 0.0190426748923 0.0096813793924 0.0152700819206 0.014182726608 2.08132246857e-05 
0.0196464088299 0.0197498203276 0.0256145665027 0.064469035416 0.0216984920555 0.0531567536039 0.0226437750082 0.0183238771985 0.211967445466 0.0101347566695 0.00511166855199 0.023732882669 0.015315990556 0.0351952077351 0.022116891198 0.0180356895179 0.0173370604401 0.0199276693386 0.0297466692565 0.0277657453315 
0.0229592538444 0.0163867656461 -0.00147719557291 0.0107011260561 0.0220975645974 0.0410036686136 0.013351526315 -0.00909015291768 0.0101347566695 0.253984007072 0.00351294420168 0.000627643802224 0.0235403536676 0.0208105167735 0.0210171788268 0.0203476645772 0.0122269958243 0.0263272136659 0.0108535241269 0.0161530582594 
0.0118128841693 0.00890854585468 0.00464784350734 0.0211301263791 0.0127067116252 -0.00311171843019 -0.00594368356453 0.0130345949641 0.00511166855199 0.00351294420168 0.136486059017 0.00926809889294 0.0125254019437 0.014898588642 0.00305355051354 0.0212060789885 0.0110489530695 0.00228569213634 0.00675855504766 0.00498262050926 
0.017460705013 0.00428059502623 0.0202503083547 0.0218174924547 0.023300431642 0.0289247119124 0.0139772012389 0.0157880304796 0.023732882669 0.000627643802224 0.00926809889294 0.161671321047 0.0194719160393 0.0135423514319 0.0135865308353 0.0215340953517 0.0188147827262 0.0107772500124 0.00787694980548 0.0241864671384 
0.0120771432786 0.0179115738605 -0.000200668400838 0.022709022388 0.0242777376594 0.0636413354033 0.0136498568329 0.00859299467399 0.015315990556 0.0235403536676 0.0125254019437 0.0194719160393 0.189166556823 0.0230911060824 0.0194059443458 0.0206145776044 0.000586000433434 0.00549653940939 0.0228649158771 0.0164829870165 
0.0178325377896 0.0229770352643 0.000401070258736 0.0455806741182 0.0217374327316 0.0474475275273 0.00753399257715 0.0135356071909 0.0351952077351 0.0208105167735 0.014898588642 0.0135423514319 0.0230911060824 0.198868470038 0.0208969490044 0.024769026783 0.0143963967534 0.00843230039462 0.0453709635858 0.0197680242532 
0.0398734653522 0.0481055313661 0.00580119303449 0.0285761039689 0.0205251800867 0.0710188824767 0.0464143098216 0.0110363898176 0.022116891198 0.0210171788268 0.00305355051354 0.0135865308353 0.0194059443458 0.0208969490044 0.360998194992 0.0561936023052 0.0215802226295 0.0328002922875 0.0106165012476 0.0130438339201 
0.0361129362582 0.0304977261001 0.00311747909339 0.0272308709981 0.0249036233359 0.0373143696435 0.0312640610122 0.0190426748923 0.0180356895179 0.0203476645772 0.0212060789885 0.0215340953517 0.0206145776044 0.024769026783 0.0561936023052 0.290401008034 0.0292612968003 0.0292102630574 0.00848602260916 0.0164059206004 
-0.00698748502785 0.0027344832357 0.0144245694572 0.0150458435742 0.0416179267448 0.0393505426001 0.00736786141248 0.0096813793924 0.0173370604401 0.0122269958243 0.0110489530695 0.0188147827262 0.000586000433434 0.0143963967534 0.0215802226295 0.0292612968003 0.399888403134 -0.00505225489887 0.0134415718062 0.00630202517146 
0.0182945811962 0.013986409338 -0.00189944801307 0.011963082792 0.0168112616498 0.0328102473277 0.0114564029654 0.0152700819206 0.0199276693386 0.0263272136659 0.00228569213634 0.0107772500124 0.00549653940939 0.00843230039462 0.0328002922875 0.0292102630574 -0.00505225489887 0.40604342486 0.0101739150217 0.0214898646052 
0.000458194221859 0.0109603474733 0.00603173986464 0.0249743807708 0.0117159086911 0.0200754125856 0.00475599611724 0.014182726608 0.0297466692565 0.0108535241269 0.00675855504766 0.00787694980548 0.0228649158771 0.0453709635858 0.0106165012476 0.00848602260916 0.0134415718062 0.0101739150217 0.157457573615 0.0169486434699 
0.0123527270999 0.0131311535022 0.0228134909549 0.0355621638767 0.0311504321063 0.0397548973492 0.0161978243142 2.08132246864e-05 0.0277657453315 0.0161530582594 0.00498262050926 0.0241864671384 0.0164829870165 0.0197680242532 0.0130438339201 0.0164059206004 0.00630202517146 0.0214898646052 0.0169486434699 0.257487852015 

['CVS', 'AVY', 'NFB', 'FHN', 'GPS', 'DHI', 'FDC', 'MHS', 'NCC', 'AT', 'PEP', 'KMB', 'GPC', 'GAS', 'MXIM', 'INTC', 'ZMH', 'PAYX', 'SO', 'CB']