30
0.10135047428 0.0353360638732 0.0695535734162 0.0739523233915 0.0884893451388 0.0584548507687 0.0240188564254 0.0449016594387 0.026417897889 0.0722101641432 0.0698927007 0.126958151155 0.0378808118353 0.0188066159349 0.0395396308246 0.0246636786654 0.0635798530397 0.0333203023267 0.042606905642 0.0690415105338 0.0447966226616 0.0522856391002 0.164482556217 0.0388241127613 0.0754225878746 0.0255121646837 0.0511846892664 0.148705689344 0.0399774891594 0.133327922328 
0.567651041267 0.036631211105 0.0227507294671 0.0486932801902 0.0611925917257 0.0230299095999 0.0172584754825 0.0603898973921 0.0101936336065 0.0356701006923 0.0705967362148 0.0508723344472 0.0213771603289 0.0154418349718 0.0413872522361 0.0192550081014 0.0991355523774 0.0093124044952 0.0181247901984 0.0700356391448 0.0493690222491 0.0435405418525 -0.00462912746642 0.0360352552891 0.0196202012215 0.0232268465627 0.0272700839962 0.0438843719132 -0.0101105128513 0.0239210819824 
0.036631211105 0.311513765071 0.00471651263133 0.0208888224648 0.0327165258395 0.00164531969571 0.022314302289 0.00566640711321 -0.00300189099321 0.0186565070521 -0.00506279471645 0.0103376304681 0.0194573427534 0.0281187735909 0.0140307842096 0.0159435374261 0.00817306590527 0.0119677602964 0.0247752981393 0.0522351947259 0.0274216731285 0.0103397088584 -0.00239059977112 0.00306199457642 0.0122926739779 0.00840849919732 0.0121624481176 0.040872508771 0.0149041815813 0.0342915065724 
0.0227507294671 0.00471651263133 0.401073505977 0.0214406854772 0.0088153152204 0.0330155554002 0.0145406792584 0.00158622030054 0.0112485852479 0.00969271301048 0.0380822011488 -0.00984413804217 0.00936064175462 0.00956952231635 0.00941617279342 0.00937437366158 0.0104981811589 0.0147404815047 0.00776223638366 0.0130758207326 0.0276543376774 0.0127321991146 0.015478859609 0.0138341935789 0.0114778870474 0.0116974381949 0.00372110445778 0.011916069544 0.00079737645642 -0.00318000620913 
0.0486932801902 0.0208888224648 0.0214406854772 0.504651084054 0.0495637189999 0.0226441983949 0.0194351524696 0.0159313802336 0.0257421730969 0.0492151759162 0.040244566312 0.0318794457259 0.0222378767598 0.00990842271424 0.0317420823467 0.00603281900717 0.0258843047611 0.0166158980438 0.026308624927 0.0570656179035 0.0296980509497 0.0385635060006 -0.00771394143294 0.00730080947762 0.000413312282456 -0.00270735460634 0.0153442589903 0.0355873328031 0.0170133408804 0.0199609460358 
0.0611925917257 0.0327165258395 0.0088153152204 0.0495637189999 0.479870546755 0.0303682353475 0.0252679554767 0.00688976314864 0.0055940158271 0.0114688105694 0.0706136009773 0.0126538750891 0.0345521720659 0.0171494443883 0.0105360765499 0.0075345057065 0.00929100551061 0.0157230965992 0.0041647887956 0.0352374897698 0.0347646950142 0.0161888224415 0.00259629518582 0.0114153477593 0.0363831541805 0.0166650009307 0.00842020078426 0.0392929861649 -0.00346327624083 0.0421402875496 
0.0230299095999 0.00164531969571 0.0330155554002 0.0226441983949 0.0303682353475 0.250976584881 0.0203487788215 0.0241439006125 0.0182490702303 0.0278058805183 0.0244457992784 0.0382986937875 0.0365587618959 0.0237205182116 0.020187504882 0.0224930267655 0.0322586214372 0.0326152914125 0.026365876412 0.0354764681597 0.0341187272685 0.024588918644 -0.00255467615109 0.0199339371016 0.0456245471927 0.0269046634859 0.0179498450878 0.0327163728718 0.00288127688291 0.012542994342 
0.0172584754825 0.022314302289 0.0145406792584 0.0194351524696 0.0252679554767 0.0203487788215 0.195017509531 0.0355507593758 0.0225263299998 0.0316013091083 0.0176936811427 0.0224242125112 0.026220243489 0.0178478610331 0.0260100182799 0.0195881535594 0.0321021260614 0.0210672967461 0.0284823411845 0.0400770543303 0.0288794186618 0.0353070126868 -0.00823534628015 0.0335203880072 0.0259677645224 0.0144000079171 0.0123170881942 0.0205460698448 0.000928914353793 -0.00152679092172 
0.0603898973921 0.00566640711321 0.00158622030054 0.0159313802336 0.00688976314864 0.0241439006125 0.0355507593758 0.325480349421 0.0327986243399 0.0314252238144 0.030985520279 0.0157455978017 0.0322981066102 0.0245610835545 0.00405740749469 0.0148047895266 0.024572419015 -0.000331531379641 0.02471594177 0.0366427954487 0.0332289119988 0.0591150509882 -0.0057599372311 0.0160642804333 0.0197825985477 0.0126891116666 0.00805985616524 0.0340057599515 0.00012085041108 0.0038189570905 
0.0101936336065 -0.00300189099321 0.0112485852479 0.0257421730969 0.0055940158271 0.0182490702303 0.0225263299998 0.0327986243399 0.275846773457 0.0481888999794 0.0177954189074 0.0280185506412 0.0241281055136 0.0220577378048 0.014562023622 0.00789614261322 0.0211704418716 0.00654158905496 0.0296313967073 0.0332103801784 0.0351366275581 0.0452777918377 0.0141884252079 0.0197911521332 0.0100709228841 0.0151663279536 0.0234091441022 0.0281684100409 -0.00987916027421 0.00792686971991 
0.0356701006923 0.0186565070521 0.00969271301048 0.0492151759162 0.0114688105694 0.0278058805183 0.0316013091083 0.0314252238144 0.0481888999794 0.327081883412 0.0489215375073 0.027870953227 0.0374860609401 0.0351881899917 0.0180552714199 0.0197267925737 0.0190582197382 0.0129939450136 0.025851246857 0.063182108115 0.0199841790739 0.048987501792 0.027521603747 0.0172472388922 0.0109268471134 0.0150685822274 0.0142621516522 0.0432053317093 -0.00614333115665 0.0270681239408 
0.0705967362148 -0.00506279471645 0.0380822011488 0.040244566312 0.0706136009773 0.0244457992784 0.0176936811427 0.030985520279 0.0177954189074 0.0489215375073 0.43639315332 0.021772405533 0.0200768651127 0.022137493373 0.0180501286647 0.0139301154368 0.0671541746633 0.0245818660127 0.0349425075159 0.0271764411495 0.0389430734905 0.0550485746948 0.000602211421529 0.0151716560693 0.0267776143124 0.0194388245869 0.0269253465708 0.0418998896074 0.019225108522 0.013932799494 
0.0508723344472 0.0103376304681 -0.00984413804217 0.0318794457259 0.0126538750891 0.0382986937875 0.0224242125112 0.0157455978017 0.0280185506412 0.027870953227 0.021772405533 0.456990718762 0.0110620183041 0.00125935145809 -0.00440822857209 0.00464163022059 0.00816976094166 0.0246143066976 0.0255949675327 0.0201347258017 0.00953131028224 0.0451874218074 0.0266558952873 0.0121323580388 -0.00368753112243 0.0151330352358 0.013905982521 0.0157727365022 0.00498683593081 0.0271590601575 
0.0213771603289 0.0194573427534 0.00936064175462 0.0222378767598 0.0345521720659 0.0365587618959 0.026220243489 0.0322981066102 0.0241281055136 0.0374860609401 0.0200768651127 0.0110620183041 0.193294692635 0.018180144356 0.00949108004701 0.0254198312588 0.0371370807877 0.0110405116009 0.0229361849817 0.0366468282368 0.0160763112987 0.0248826008718 0.00576908311105 0.0163517931019 0.0142115324993 0.0243755838755 -0.0120360273661 0.0291743695402 0.0166347247299 0.0163670959867 
0.0154418349718 0.0281187735909 0.00956952231635 0.00990842271424 0.0171494443883 0.0237205182116 0.0178478610331 0.0245610835545 0.0220577378048 0.0351881899917 0.022137493373 0.00125935145809 0.018180144356 0.203345502211 0.0192967071458 0.0140567507573 0.0169297749149 0.0156828006274 0.0205707155927 0.0159268807936 0.0242387535809 0.0117193108114 -0.00848984682336 0.0239775958058 0.0236628177292 0.0234504531138 0.0175343585984 0.012513849902 0.00461044512878 0.0166456007983 
0.0413872522361 0.0140307842096 0.00941617279342 0.0317420823467 0.0105360765499 0.020187504882 0.0260100182799 0.00405740749469 0.014562023622 0.0180552714199 0.0180501286647 -0.00440822857209 0.00949108004701 0.0192967071458 0.291823952163 0.00820396379584 0.0479864222571 0.0252474025089 0.0294591323243 0.0416198246938 0.0553604600868 0.00438509482114 0.00778225431818 0.0210452062627 0.0110936989136 0.0126238084 0.0146259616002 0.0196468678102 -0.0188733453241 0.0364712043014 
0.0192550081014 0.0159435374261 0.00937437366158 0.00603281900717 0.0075345057065 0.0224930267655 0.0195881535594 0.0148047895266 0.00789614261322 0.0197267925737 0.0139301154368 0.00464163022059 0.0254198312588 0.0140567507573 0.00820396379584 0.135231204395 0.0136828314453 0.0122963163575 0.0126635203049 0.00696188820928 0.016050741987 0.0258059087501 -0.00911694445441 0.021188253039 0.00969163955307 0.0274722535531 -0.00716679153373 -0.00422003700304 0.0302000782491 0.0177530884704 
0.0991355523774 0.00817306590527 0.0104981811589 0.0258843047611 0.00929100551061 0.0322586214372 0.0321021260614 0.024572419015 0.0211704418716 0.0190582197382 0.0671541746633 0.00816976094166 0.0371370807877 0.0169297749149 0.0479864222571 0.0136828314453 0.456444046453 0.0137921651114 0.0129834049913 0.0251692077153 0.0136652298613 0.0342632312704 -0.00284943506574 0.0163348168046 0.0255281660092 0.0162913101753 0.0258241524124 0.00974087489259 0.0170893856177 0.00176503112083 
0.0093124044952 0.0119677602964 0.0147404815047 0.0166158980438 0.0157230965992 0.0326152914125 0.0210672967461 -0.000331531379642 0.00654158905496 0.0129939450136 0.0245818660127 0.0246143066976 0.0110405116009 0.0156828006274 0.0252474025089 0.0122963163575 0.0137921651114 0.211540838362 0.0217213418126 0.0132314834306 0.021527246855 0.0113518214027 -0.00251002349483 0.0185708675569 0.0111212199762 0.0185287375423 0.0194050211514 0.00307923676002 0.003502638399 0.0199047393013 
0.0181247901984 0.0247752981393 0.00776223638366 0.026308624927 0.0041647887956 0.026365876412 0.0284823411845 0.02471594177 0.0296313967073 0.025851246857 0.0349425075159 0.0255949675327 0.0229361849817 0.0205707155927 0.0294591323243 0.0126635203049 0.0129834049913 0.0217213418126 0.258155804066 0.0250157716951 0.036464842859 0.024173508124 0.00448311395933 0.0103492802725 0.0260392616926 0.00960372235335 0.0196998584189 0.0173025832863 0.00303884861367 0.0162763747444 
0.0700356391448 0.0522351947259 0.0130758207326 0.0570656179035 0.0352374897698 0.0354764681597 0.0400770543303 0.0366427954487 0.0332103801784 0.063182108115 0.0271764411495 0.0201347258017 0.0366468282368 0.0159268807936 0.0416198246938 0.00696188820928 0.0251692077153 0.0132314834306 0.0250157716951 0.433195898665 0.0251626758359 0.020643058715 0.0107099496634 0.0135337630371 0.0151819764045 0.00521306553233 0.0329887224289 0.0467506451887 0.0106456073435 0.0176057266569 
0.0493690222491 0.0274216731285 0.0276543376774 0.0296980509497 0.0347646950142 0.0341187272685 0.0288794186618 0.0332289119988 0.0351366275581 0.0199841790739 0.0389430734905 0.00953131028224 0.0160763112987 0.0242387535809 0.0553604600868 0.016050741987 0.0136652298613 0.021527246855 0.036464842859 0.0251626758359 0.270783107983 0.0174753012352 -0.00336622770423 0.0300185511382 0.0481897179607 0.0203716597134 0.0309694713714 0.0499788320638 0.0110712448074 0.0170606004999 
0.0435405418525 0.0103397088584 0.0127321991146 0.0385635060006 0.0161888224415 0.024588918644 0.0353070126868 0.0591150509882 0.0452777918377 0.048987501792 0.0550485746948 0.0451874218074 0.0248826008718 0.0117193108114 0.00438509482114 0.0258059087501 0.0342632312704 0.0113518214027 0.024173508124 0.020643058715 0.0174753012352 0.290211585989 0.000228714092434 0.0124172881836 0.0223788118775 0.00842198765048 0.0228124358142 0.0247110723573 -0.0147938355419 0.00404929168327 
-0.00462912746642 -0.00239059977112 0.015478859609 -0.00771394143294 0.00259629518582 -0.00255467615109 -0.00823534628015 -0.0057599372311 0.0141884252079 0.027521603747 0.000602211421529 0.0266558952873 0.00576908311105 -0.00848984682336 0.00778225431818 -0.00911694445441 -0.00284943506574 -0.00251002349483 0.00448311395933 0.0107099496634 -0.00336622770423 0.000228714092434 1.8958527943 -0.00373380670627 0.00640326029025 -0.00623585060598 -0.00169786544469 0.0167670201092 -0.0113872356763 0.0145504459125 
0.0360352552891 0.00306199457642 0.0138341935789 0.00730080947762 0.0114153477593 0.0199339371016 0.0335203880072 0.0160642804333 0.0197911521332 0.0172472388922 0.0151716560693 0.0121323580388 0.0163517931019 0.0239775958058 0.0210452062627 0.021188253039 0.0163348168046 0.0185708675569 0.0103492802725 0.0135337630371 0.0300185511382 0.0124172881836 -0.00373380670627 0.188439875419 0.0396464628059 0.0424950580627 0.0173803256622 0.00780500066926 0.00597508228524 0.0229344115529 
0.0196202012215 0.0122926739779 0.0114778870474 0.000413312282456 0.0363831541805 0.0456245471927 0.0259677645224 0.0197825985477 0.0100709228841 0.0109268471134 0.0267776143124 -0.00368753112243 0.0142115324993 0.0236628177292 0.0110936989136 0.00969163955307 0.0255281660092 0.0111212199762 0.0260392616926 0.0151819764045 0.0481897179607 0.0223788118775 0.00640326029025 0.0396464628059 0.494269759835 0.0227610373728 0.0106858380904 0.0171062924794 0.00755863558452 -0.00338821941968 
0.0232268465627 0.00840849919732 0.0116974381949 -0.00270735460634 0.0166650009307 0.0269046634859 0.0144000079171 0.0126891116666 0.0151663279536 0.0150685822274 0.0194388245869 0.0151330352358 0.0243755838755 0.0234504531138 0.0126238084 0.0274722535531 0.0162913101753 0.0185287375423 0.00960372235335 0.00521306553233 0.0203716597134 0.00842198765048 -0.00623585060598 0.0424950580627 0.0227610373728 0.164430985362 0.00411711326357 0.0317733447953 0.0115105169616 0.00937980520374 
0.0272700839962 0.0121624481176 0.00372110445778 0.0153442589903 0.00842020078426 0.0179498450878 0.0123170881942 0.00805985616524 0.0234091441022 0.0142621516522 0.0269253465708 0.013905982521 -0.0120360273661 0.0175343585984 0.0146259616002 -0.00716679153373 0.0258241524124 0.0194050211514 0.0196998584189 0.0329887224289 0.0309694713714 0.0228124358142 -0.00169786544469 0.0173803256622 0.0106858380904 0.00411711326357 0.341392631266 0.0450571952819 -0.0013922635768 0.0320657398254 
0.0438843719132 0.040872508771 0.011916069544 0.0355873328031 0.0392929861649 0.0327163728718 0.0205460698448 0.0340057599515 0.0281684100409 0.0432053317093 0.0418998896074 0.0157727365022 0.0291743695402 0.012513849902 0.0196468678102 -0.00422003700304 0.00974087489259 0.00307923676002 0.0173025832863 0.0467506451887 0.0499788320638 0.0247110723573 0.0167670201092 0.00780500066926 0.0171062924794 0.0317733447953 0.0450571952819 0.645325607317 -0.0069026869621 0.00176036898753 
-0.0101105128513 0.0149041815813 0.00079737645642 0.0170133408804 -0.00346327624083 0.00288127688291 0.000928914353793 0.00012085041108 -0.00987916027421 -0.00614333115665 0.019225108522 0.00498683593081 0.0166347247299 0.00461044512878 -0.0188733453241 0.0302000782491 0.0170893856177 0.003502638399 0.00303884861367 0.0106456073435 0.0110712448074 -0.0147938355419 -0.0113872356763 0.00597508228524 0.00755863558452 0.0115105169616 -0.0013922635768 -0.0069026869621 0.447927524992 0.0107524439788 
0.0239210819824 0.0342915065724 -0.00318000620913 0.0199609460358 0.0421402875496 0.012542994342 -0.00152679092172 0.0038189570905 0.00792686971991 0.0270681239408 0.013932799494 0.0271590601575 0.0163670959867 0.0166456007983 0.0364712043014 0.0177530884704 0.00176503112083 0.0199047393013 0.0162763747444 0.0176057266569 0.0170606004999 0.00404929168327 0.0145504459125 0.0229344115529 -0.00338821941968 0.00937980520374 0.0320657398254 0.00176036898754 0.0107524439788 0.832572271239 

['LSI', 'EMC', 'BLS', 'LU', 'BMC', 'PLD', 'PPG', 'ROH', 'MWV', 'CSX', 'TXT', 'MRO', 'LNC', 'WMT', 'YUM', 'TMK', 'FNM', 'CAH', 'UTX', 'A', 'MAR', 'AA', 'PTV', 'ABK', 'HSP', 'CINF', 'NCR', 'MU', 'HCA', 'ADCT']