50
0.0308834605432 0.0770368317024 0.143796644659 0.0268988212896 0.0335830315084 0.242072249725 0.103194060275 0.0298565853869 0.0220144037379 0.0746691414478 0.0782010317916 0.022286409141 0.0383245101253 0.0168064994581 0.0522861094618 0.0764707668379 0.128413882411 0.0394797478448 0.0223482457603 0.043075945187 0.0479675113811 0.0466468708745 0.0251604878384 0.0635798530397 0.0263662592882 0.0850489592031 0.0210495138202 0.0267221777707 0.0248078828137 0.0698927007 0.0514292405054 0.123612909007 0.0404531955786 0.0466521206007 0.123926899062 0.0359279599811 0.114457978761 0.0437869579852 0.0434942638749 0.0191748751409 0.0755152896869 0.0210054402465 0.0471087328402 0.123248136701 0.005148759701 0.0911559741232 0.0743441041655 0.126305303483 0.0559384191954 0.0367752030525 
0.199701352748 -0.00243555201761 0.0197764005971 0.0154764102643 0.0152726367733 0.0049443292761 0.0182497522495 0.0257013500278 0.0170951726194 0.038584580901 0.016266522684 0.0040313454489 0.0166979435654 0.0184111045714 0.0102882085529 0.0179610264571 -0.00547570150629 0.00803882752035 0.024566614389 0.0408556034952 0.0328625433879 0.0176181583973 0.0388590275507 0.0238244138737 0.0301614722086 -0.000803301795661 0.0159743470232 0.025956169782 0.00515106844448 0.0124429051251 0.0218576047049 0.000502170573626 0.0122764664693 0.0217899017709 0.00549574170219 0.00792877972512 -0.00588421881283 0.0108595513774 0.00706330874809 0.0108071264093 0.0160632933666 0.0152283341277 0.00869084193912 0.0149255771695 0.00974308466423 0.00923149108281 0.0182095945805 0.00763846321841 0.00641354030928 0.0208564917435 
-0.00243555201761 0.340536798868 0.0334723416792 -0.00204336887651 0.00657593317287 0.0253669681137 -0.000594426333841 0.00166767967166 0.00993457506799 0.0440965481239 0.0326796438714 0.00597889716179 0.000806789355324 -0.00123555704765 0.00589788455024 -0.00290825828722 0.042313422627 0.0135228801475 0.00568802764645 -0.00104688744843 0.0201375626005 0.0195677697039 -0.00633470924093 0.00443445720555 0.0157474089298 0.00382913989027 -0.00222579339156 0.00851939815925 -0.00256343228864 0.00517088063742 0.0157064635107 0.0208584478951 0.0214208420633 0.00839460892065 0.0279798515451 0.0151310710042 0.00510149690501 -0.00429855855241 0.0148764179183 0.0169049412211 0.0120942241706 0.00475621477143 0.0043984052906 0.0129417374249 -0.00107717037835 0.0290562093182 -4.20784239637e-05 0.00614622812762 0.0218960544989 0.0140739493382 
0.0197764005971 0.0334723416792 0.615827502288 0.0232447344039 0.0406144473887 0.117912839999 0.0439913515522 0.0463595012042 0.00943245434214 0.0441296182579 0.040318023363 0.0176369761671 0.051987680163 0.0271693857358 0.0483614901356 0.07548400084 0.053829428312 0.024959406411 0.0292844422308 0.0502563602726 0.0371618957626 0.0170057407183 0.0206427103104 0.0502380879117 0.0257986814969 0.066468981277 0.0643469649199 0.027857483177 0.0290399498905 0.0749264220204 0.0851481030145 0.00729486308257 0.0324030452291 0.0148259203773 0.0527365485739 0.0228403495787 0.0186321873306 0.0430770255546 0.0365460793836 0.0372650263839 0.0269781809437 0.000149913284846 0.0318509495968 0.0294089204205 0.0171672749034 0.0514018208557 0.0579939288259 0.0827163307704 0.0275870788141 0.019408148982 
0.0154764102643 -0.00204336887651 0.0232447344039 0.220533211611 0.0269675696878 0.000297875553464 0.00974276834274 0.013926518926 -0.00320983362361 0.033252606723 0.0164177592638 0.000653480260064 0.00421112079934 0.00106205367786 -0.00261835874555 0.0179207543921 -0.00786771366074 -0.00202492957163 0.0123354291755 0.00554346151886 0.0101203518172 0.0131944803234 0.00355902470422 -0.00100648316614 0.0184955566763 0.00419191901618 0.00135215603059 0.00646787697208 0.0113433824424 -0.000185073754884 0.0171118504894 0.00223700625437 0.00725734222979 0.00157933172429 0.017251627357 0.0161376849241 0.00716345966032 -0.0103667576418 0.0294885353166 0.0105704068109 -0.000115182319184 0.00314487248159 -0.011084577375 0.00119273000705 0.0273749746502 0.0122375624713 0.0204517479711 -0.00227680126943 0.00878321861599 -0.00450052530193 
0.0152726367733 0.00657593317287 0.0406144473887 0.0269675696878 0.30153606272 0.0241626459071 0.0239201139381 0.00469235791295 0.00736713346921 0.024703072935 0.0378581583866 0.0032845902826 0.027951227318 0.0039421869628 0.0255527822048 0.0243069284592 0.00905113822047 0.0175864402692 0.0107453471871 0.021147042005 -0.000745330852032 0.00886850817151 0.00844345796809 0.0499793605041 0.0190551622458 0.034536900766 0.00314400704563 0.0145775697085 0.0243814275633 0.0220895920053 0.0266353374351 0.00470678441803 0.0118643209289 0.00650774099722 0.0138230495068 0.00841825660731 -0.0132037023957 -0.00810889830321 0.0305434994221 0.00331878566358 0.00386992236177 0.00640183118238 0.00138557113824 0.0304455567593 0.00956300658702 0.0182066954835 0.0254467331573 0.0213715315855 0.0260482475559 0.0099534927974 
0.0049443292761 0.0253669681137 0.117912839999 0.000297875553464 0.0241626459071 0.650938932191 0.0510575262263 0.0197086357316 0.00892719559375 0.025919672325 0.0364545075515 0.00321879678712 0.0200453527006 -0.00213031686916 0.0419235128613 0.0972544525812 0.0884964829773 0.0586486676417 0.0273596492911 0.0251778337882 0.0481148792674 -0.000530781805931 0.0288722780117 0.0664565767981 0.0494897523339 0.0403718661736 -0.00057813226692 0.00848804286851 0.0231198039659 0.0777998375488 0.0278524218595 0.0500214498509 0.0602286926215 0.00932963257547 0.0216069367266 0.00287800666702 0.0730349694606 0.0358441026583 0.0768566960115 0.0263988127678 0.0750622374375 0.00535571226768 0.0376323901786 0.0389174918736 -0.0116997186405 0.0976910284956 0.029565128585 0.0524963625178 0.0266671911355 0.032701676285 
0.0182497522495 -0.000594426333841 0.0439913515522 0.00974276834274 0.0239201139381 0.0510575262263 0.5617603186 0.00873982252664 0.025959369228 0.0324444351757 0.0271072510896 0.0374481207164 0.0213912195935 0.00531689777727 0.0620562753051 0.0440028830763 0.0415732219365 0.0292090968939 0.0182153776895 0.00550087639138 0.0306140679446 0.0572153438299 0.0204044043722 0.0280965383762 0.041838916092 0.030005416713 0.016592833861 0.0264423702419 0.0140475407391 0.0659018513643 0.0109555915297 -0.00480327269308 0.0390890670173 0.0162225113094 0.032625120071 0.0115300876953 0.0351913732853 0.0252807294211 0.0427858016418 0.00656907170669 0.00232951874923 -0.000564033880975 0.0223835192781 0.0407858908103 0.00927925597368 0.0465099385928 0.0297865248449 0.0238011169782 0.0118276249676 0.0173417646715 
0.0257013500278 0.00166767967166 0.0463595012042 0.013926518926 0.00469235791295 0.0197086357316 0.00873982252664 0.12886250399 0.0157519499979 0.0276660487413 0.00672444112284 0.00835836039607 0.00587061138245 0.0083865430591 0.0142650258329 0.0166785203552 -0.00206940465562 0.0158096964291 0.0306464292966 0.0271766136037 0.00399112578315 0.0123640836146 0.0529419903693 0.0244884602906 0.0247013720859 0.00763291888302 0.00125501579853 0.0243396636248 0.0145389425068 0.0159725821523 0.0293125639433 -0.00429601183659 0.014568573673 0.0210740653514 0.0205941327613 0.00334685341722 -0.000699303644563 0.0177155586571 0.0196218067142 0.028571213905 0.00789397750257 0.0142759389937 0.0174231080063 0.012611758814 0.00946014979532 0.00102185375484 0.0111990685988 0.0116034123063 0.00715042394298 0.026120926929 
0.0170951726194 0.00993457506799 0.00943245434214 -0.00320983362361 0.00736713346921 0.00892719559375 0.025959369228 0.0157519499979 0.170372948469 0.0098656683879 0.0260320541827 -0.018101317155 0.00346149477201 0.00635724371816 0.0100218976435 0.00150187375224 0.0180075480296 0.0101630576245 0.0134322966093 0.0118744370253 -0.00218143527353 0.0471909907596 0.00402404548791 0.00953624106343 0.00464277760601 0.0163521944952 0.0211828306329 0.0357390263413 0.00228805697687 -0.00259502272669 0.0200592370636 0.00770462874552 0.00479417152551 0.0571835880316 0.0125893389827 0.0120683559687 0.0186616481482 0.017395084655 0.00411530714553 0.0150858336631 0.00136098863685 0.00454539192057 0.0280002836275 0.0210368441455 0.0150606502804 0.00495018687 -0.00275278996863 0.0167926325622 0.0146843529448 0.0032494607532 
0.038584580901 0.0440965481239 0.0441296182579 0.033252606723 0.024703072935 0.025919672325 0.0324444351757 0.0276660487413 0.0098656683879 0.493867965965 0.0499011714921 0.0108693837937 0.0430171326651 0.0189276017605 0.0272846958614 0.0106332139347 0.0357027861298 -0.00270799260945 0.0169684368127 0.0189017419766 0.027038385118 -0.00156271528599 0.0144312232168 0.026984051526 0.021128021437 0.00808606645689 0.0138067803065 0.0173706136789 -0.00156962969138 0.0327553961547 0.0140883788867 -0.0105638268673 0.0233581666532 0.00711190272272 0.0260555604045 0.0146784179289 0.0084063062685 -0.00341719958534 0.0276362334202 0.00773743274991 0.010339709425 -0.000440825631294 0.017747228728 0.0547019544679 0.00443226598256 0.0215973682604 -0.000124537489436 0.016719448411 0.0368857154561 0.00125326941381 
0.016266522684 0.0326796438714 0.040318023363 0.0164177592638 0.0378581583866 0.0364545075515 0.0271072510896 0.00672444112284 0.0260320541827 0.0499011714921 0.379349875259 0.0102591356739 0.05023522026 -0.00626819375018 -0.00806363059531 0.0351877929939 0.0246082454599 0.016188457659 0.0383581848835 0.00427035951904 0.0145547904173 0.0141917814734 0.00147838549567 0.0168645788025 0.00108678460865 0.0445093127632 0.048011352251 0.0083057352014 0.0215547378542 0.0244057602134 0.0447047710746 0.0175958377298 0.0129391480799 0.0128187951591 0.00767431817049 0.014896555992 0.0186798154004 0.00835104485719 0.022014493989 0.00470886425327 -0.0213312296219 0.00286404448505 0.00135082760727 0.00914759025203 0.00377071220812 0.0158109020452 0.0312876437324 0.0144667534641 0.0161671860057 0.0192248669339 
0.0040313454489 0.00597889716179 0.0176369761671 0.000653480260064 0.0032845902826 0.00321879678712 0.0374481207164 0.00835836039607 -0.018101317155 0.0108693837937 0.0102591356739 0.241389776415 0.0140891414405 0.00228773909029 0.0146686937265 0.0253269064141 0.0141908056808 -0.00301183261541 0.00729266283548 0.00495873630518 0.00744936815707 0.0397055314011 0.000761696882583 0.00365136009684 0.00344292972746 0.00455440880172 0.00809207680555 0.015889595622 0.00182889631288 0.000227093535202 0.00962923520671 0.00152841641506 0.00200261963409 0.00861359038468 0.0063745924473 -0.00694954685931 0.0233606466092 0.00244733195829 0.00490125711081 0.00968275527247 -0.00391371138111 0.00335927920897 -0.00520710750227 0.00853350055923 0.00689283478462 0.00496729270606 0.0151617561862 0.00088983581436 -0.00108475501637 0.00612494514843 
0.0166979435654 0.000806789355325 0.051987680163 0.00421112079934 0.027951227318 0.0200453527006 0.0213912195935 0.00587061138245 0.00346149477201 0.0430171326651 0.05023522026 0.0140891414405 0.320539031568 0.0112534536407 0.0219837224293 0.0551953742014 0.0271134603727 0.0158155572955 0.022193956851 0.0160521356775 0.0172078289048 0.000809465662232 0.0188490091225 0.0145055432775 0.0236396898922 0.0145719909614 0.0238899177576 0.021357229906 0.0471322195382 0.0317544571515 0.0225642596276 -1.35791881171e-06 0.0296414030941 0.00508945202147 0.016074369441 0.028101039712 0.0184511211389 0.0233419268312 0.0323613677172 0.0166285606196 0.00702184095356 0.00360699058638 0.00285646431631 0.00880780757467 0.00975189105825 0.0163949231597 0.0318756175049 -3.70737011709e-05 0.00875411463177 0.0130229588785 
0.0184111045714 -0.00123555704765 0.0271693857358 0.00106205367786 0.0039421869628 -0.00213031686916 0.00531689777727 0.0083865430591 0.00635724371816 0.0189276017605 -0.00626819375018 0.00228773909029 0.0112534536407 0.208970253294 0.0151883717596 0.00852234779802 0.0141514857509 -0.00115459563169 -0.00255667831841 0.020706489374 0.00828296270518 0.0118821965591 0.0145592700987 0.0135470451569 0.0105846045338 0.00459309027964 -0.00455911957471 0.0278505887813 0.0104365211584 0.00963416139748 0.0025511104589 0.005416639335 0.00752713057237 0.0120094281196 -0.0129118205107 0.00425912418217 0.00508043657137 0.00182113499879 0.0294700729375 0.017501838265 0.0236579351794 0.00866523356634 0.000663319433482 0.0311886694727 -0.00215616603447 0.018801231957 0.0325408031659 -0.00689204619747 0.0158061349539 0.0184279578812 
0.0102882085529 0.00589788455024 0.0483614901356 -0.00261835874555 0.0255527822048 0.0419235128613 0.0620562753051 0.0142650258329 0.0100218976435 0.0272846958614 -0.00806363059531 0.0146686937265 0.0219837224293 0.0151883717596 0.30644871107 0.0122192070457 0.0175644690453 0.0343660990032 0.0034592002519 0.0202870052449 0.036087431947 0.0106797966807 0.00426921387633 0.00117255996456 0.0417966271909 0.0243663448225 0.0171475263289 0.00914206150995 0.00865281314676 0.0374252151734 0.0207084084451 0.00386904261132 0.0240308228927 0.004211014383 0.00348378421816 0.0431946151901 0.0180381829964 0.0111813243416 0.0474600835928 0.0197746659082 0.00110110781503 0.00277264636608 0.010071072291 0.0325486658171 0.0422463655146 0.0372601701687 0.0342735168849 0.0150497888973 0.0195899520575 0.00512873642125 
0.0179610264571 -0.00290825828722 0.07548400084 0.0179207543921 0.0243069284592 0.0972544525812 0.0440028830763 0.0166785203552 0.00150187375224 0.0106332139347 0.0351877929939 0.0253269064141 0.0551953742014 0.00852234779802 0.0122192070457 0.437041292425 0.0195514078121 0.0219862403084 0.027744484625 0.0230608467818 0.0420742197275 0.00478506015044 0.0118942060345 0.0283177910662 0.0272655256754 0.0523390937836 0.00900292659336 0.0200932631608 0.00428243529685 0.0452125191268 0.0243344073314 0.0805234000467 0.0314209682512 0.0137387903569 -0.00685853993977 0.0190632550433 0.0163454012251 0.0402529421206 0.0604191577918 0.00469183725432 0.00624520113563 0.000912389894156 0.00121604257316 0.0279898375231 0.0168698446498 0.00921694479949 0.0450104460799 0.0205589092287 0.0437378338974 0.0213872420634 
-0.00547570150629 0.042313422627 0.053829428312 -0.00786771366074 0.00905113822047 0.0884964829773 0.0415732219365 -0.00206940465562 0.0180075480296 0.0357027861298 0.0246082454599 0.0141908056808 0.0271134603727 0.0141514857509 0.0175644690453 0.0195514078121 0.419377270029 0.0219958083199 -0.0022047401495 0.0399458854799 0.0396171370771 0.0299810473347 -0.00467766313876 -0.000448518960119 0.0308617726657 0.0596624370451 0.0104106749522 0.0303967801854 0.0158379620358 0.0179259914032 0.0227202797185 -0.0182739257866 0.0274976639053 0.0324471342581 0.0446530742221 0.0192111099177 0.150356738487 0.0117233887356 0.0193485842437 0.00679163307926 0.0734319524781 0.000169449843379 0.0847706347843 0.0475383413905 -0.0130404522289 0.031635719756 0.00996362524927 0.174670740566 0.000734667108385 -0.0245391098025 
0.00803882752035 0.0135228801475 0.024959406411 -0.00202492957163 0.0175864402692 0.0586486676417 0.0292090968939 0.0158096964291 0.0101630576245 -0.00270799260945 0.016188457659 -0.00301183261541 0.0158155572955 -0.00115459563169 0.0343660990032 0.0219862403084 0.0219958083199 0.322822357116 0.00961441278996 0.0137590353969 0.0338082898532 0.0106541368174 0.0337780699625 0.0105911608335 0.0295351663425 0.00615300651133 0.0126302705222 0.0109149521361 0.0244983417381 0.0194976543551 0.0129593768583 -0.00469991216327 0.0212895969031 0.00539445719654 0.0162512494288 -0.000815173921667 0.0133708964266 0.028655519087 0.0251809284423 -0.0026488676455 -0.0220860785517 0.0079994713765 0.0133709645797 0.0460937627836 0.0161392193904 0.0241686285501 0.0210925045171 0.0091667704875 0.0254912007783 0.0237476271832 
0.024566614389 0.00568802764645 0.0292844422308 0.0123354291755 0.0107453471871 0.0273596492911 0.0182153776895 0.0306464292966 0.0134322966093 0.0169684368127 0.0383581848835 0.00729266283548 0.022193956851 -0.00255667831841 0.0034592002519 0.027744484625 -0.0022047401495 0.00961441278996 0.206215189028 0.0316945034299 0.0136678450272 0.0285763385007 0.0378890233084 0.0317593017719 0.0223064334399 -0.00494137798679 0.0147879299665 0.0307362989871 0.0115142165484 0.0297769051837 0.0309586524023 0.0160111119366 0.011156930777 0.0114150473711 0.00453131422023 0.00189346526713 -5.43988139336e-05 0.0128792858535 0.00941933240154 0.0215184486971 0.0155419664045 0.0129756248907 0.0126926197758 0.00873492203223 0.00907263991871 0.00567358203874 0.0248748714964 -0.00947891579101 0.018315649609 0.0103641075275 
0.0408556034952 -0.00104688744843 0.0502563602726 0.00554346151886 0.021147042005 0.0251778337882 0.00550087639138 0.0271766136037 0.0118744370253 0.0189017419766 0.00427035951904 0.00495873630518 0.0160521356775 0.020706489374 0.0202870052449 0.0230608467818 0.0399458854799 0.0137590353969 0.0316945034299 0.201761507841 0.0114693976185 0.00895931672899 0.0288309822968 0.034922698827 0.0206047566092 0.0226927457793 0.00631011251265 0.0228811617381 0.010702476231 0.0178363466202 0.027650532408 -0.00721313921025 0.0208965744212 0.0183355873931 0.0027708698597 0.0149402485723 6.94306832191e-05 0.0132664778166 0.0139145379548 0.0222181029487 -0.00874611572741 0.0130417941712 0.0063266623527 0.0187188230404 0.0179046115913 0.0203714355534 0.0309786611677 0.0148713164654 0.00269185091493 0.0119210684965 
0.0328625433879 0.0201375626005 0.0371618957626 0.0101203518172 -0.000745330852032 0.0481148792674 0.0306140679446 0.00399112578315 -0.00218143527353 0.027038385118 0.0145547904173 0.00744936815707 0.0172078289048 0.00828296270518 0.036087431947 0.0420742197275 0.0396171370771 0.0338082898532 0.0136678450272 0.0114693976185 0.328636494236 0.0230412891437 0.0105978916423 0.0150574205803 0.0295740938747 0.0131424941636 0.0149600303475 0.0128540722613 0.020715545088 -0.0101278674177 0.024825558677 -0.000977593059695 0.0169460787788 0.0316027607255 0.000141491594585 0.00540330259697 0.0430783244722 0.0329361548094 0.0226449470332 0.00297114773493 0.0193772891045 0.00899779382465 0.0069739555731 0.0259920170911 0.00247335502126 0.0407720772697 0.0401374565618 0.00482273493071 0.021929960326 -0.00310039350792 
0.0176181583973 0.0195677697039 0.0170057407183 0.0131944803234 0.00886850817151 -0.000530781805931 0.0572153438299 0.0123640836146 0.0471909907596 -0.00156271528599 0.0141917814734 0.0397055314011 0.000809465662232 0.0118821965591 0.0106797966807 0.00478506015044 0.0299810473347 0.0106541368174 0.0285763385007 0.00895931672899 0.0230412891437 0.360623962374 0.0168200882485 0.00653504502045 0.00842225806943 0.0126581729292 0.00729253346624 0.0297937961702 0.00417069797358 0.00687087294649 0.0115411734134 0.0093643644128 0.00592998662677 0.0345157684721 0.00671349482519 0.00666278555879 0.0379013998481 0.0102384603016 0.0175441945776 0.0141697281247 0.033231734492 0.00700041224794 0.0223984837256 0.00325942033521 0.0111552110182 0.0153230389615 0.00433003675762 0.0276110193467 0.00546997747779 0.00543910785102 
0.0388590275507 -0.00633470924093 0.0206427103104 0.00355902470422 0.00844345796809 0.0288722780117 0.0204044043722 0.0529419903693 0.00402404548791 0.0144312232168 0.00147838549567 0.000761696882583 0.0188490091225 0.0145592700987 0.00426921387633 0.0118942060345 -0.00467766313876 0.0337780699625 0.0378890233084 0.0288309822968 0.0105978916423 0.0168200882485 0.159251542626 0.0298312664497 0.0267954267412 0.008855257705 0.0260307741361 0.022909089088 0.0110591087049 0.0128973112955 0.0230361989835 -0.00746956917476 0.00906353854477 0.0110532858269 0.00805972962829 0.00244034847067 -0.00173671892856 0.0131897963081 0.014413542207 0.0284474480011 0.011473061393 0.0107255202186 0.00317508453237 0.0115283895497 0.00498498702397 0.0081877869117 0.00979466292156 0.0012574363994 0.0107013337979 0.0242098713765 
0.0238244138737 0.00443445720555 0.0502380879117 -0.00100648316614 0.0499793605041 0.0664565767981 0.0280965383762 0.0244884602906 0.00953624106343 0.026984051526 0.0168645788025 0.00365136009684 0.0145055432775 0.0135470451569 0.00117255996456 0.0283177910662 -0.000448518960119 0.0105911608335 0.0317593017719 0.034922698827 0.0150574205803 0.00653504502045 0.0298312664497 0.448504751499 0.0214041270589 0.0556280330909 0.00993491115792 0.0163310447346 0.00920758595573 0.0631846346079 0.0334080901008 -0.00576341490985 0.0180099749225 0.00605148375472 0.0645351512711 0.00769243600512 -0.00269219612953 0.0114967590029 0.0140202370957 0.0342642068082 0.0146023500143 0.0151002460714 -0.00420639930918 0.0325603483152 -0.00481923774571 0.0180043612873 0.00709629491815 -0.000745148216693 0.00684845980841 0.0182472488692 
0.0301614722086 0.0157474089298 0.0257986814969 0.0184955566763 0.0190551622458 0.0494897523339 0.041838916092 0.0247013720859 0.00464277760601 0.021128021437 0.00108678460865 0.00344292972746 0.0236396898922 0.0105846045338 0.0417966271909 0.0272655256754 0.0308617726657 0.0295351663425 0.0223064334399 0.0206047566092 0.0295740938747 0.00842225806943 0.0267954267412 0.0214041270589 0.222986831443 0.0412921814637 0.0179508062124 0.0317376488606 0.0157214965738 0.0156032748109 0.0317939828837 0.0136116247265 0.0272043095862 0.0169787134769 -0.0117230076527 0.00696872117707 0.0220821266172 0.0150205019246 0.0508206353318 0.0164331488524 0.0141041908334 0.00112184322262 0.0162707142206 0.0313449332292 0.0184893428686 0.0284752300379 0.05785625618 0.00740850244802 0.0160914992028 -0.000471673058954 
-0.000803301795661 0.00382913989027 0.066468981277 0.00419191901618 0.034536900766 0.0403718661736 0.030005416713 0.00763291888302 0.0163521944952 0.00808606645689 0.0445093127632 0.00455440880172 0.0145719909614 0.00459309027964 0.0243663448225 0.0523390937836 0.0596624370451 0.00615300651133 -0.00494137798679 0.0226927457793 0.0131424941636 0.0126581729292 0.008855257705 0.0556280330909 0.0412921814637 0.714578907313 0.0111715598227 0.00690643020089 0.00191804480907 0.0352592896448 0.0301970120572 0.000473213943414 0.0273528732694 0.00428953605838 0.0292296613551 0.0148324861871 0.0306289589805 0.0317003117975 0.024801936555 0.00738428523483 0.00789935295366 0.010964675831 0.0334839166756 0.0196393683267 0.00253203124164 0.0279356788837 0.0208720463407 0.0322464254243 0.0164336871118 0.0166244654954 
0.0159743470232 -0.00222579339156 0.0643469649199 0.00135215603059 0.00314400704563 -0.00057813226692 0.016592833861 0.00125501579853 0.0211828306329 0.0138067803065 0.048011352251 0.00809207680555 0.0238899177576 -0.00455911957471 0.0171475263289 0.00900292659336 0.0104106749522 0.0126302705222 0.0147879299665 0.00631011251265 0.0149600303475 0.00729253346624 0.0260307741361 0.00993491115792 0.0179508062124 0.0111715598227 0.317167359471 0.00899208954767 -0.00108869697559 0.0186574377816 0.00362644195288 0.00243958050719 0.00237473302646 0.0255908299767 -0.0173747455588 0.010501323654 -0.0121549703215 0.0239319759395 -0.000176381692307 0.0179553494303 0.00570565470855 -0.000682690422055 0.00683341220925 -0.00081704609886 0.00814204497236 -0.00681375599149 -0.00665961637004 0.0123984356243 -0.00360098603473 0.0128320283208 
0.025956169782 0.00851939815925 0.027857483177 0.00646787697208 0.0145775697085 0.00848804286851 0.0264423702419 0.0243396636248 0.0357390263413 0.0173706136789 0.0083057352014 0.015889595622 0.021357229906 0.0278505887813 0.00914206150995 0.0200932631608 0.0303967801854 0.0109149521361 0.0307362989871 0.0228811617381 0.0128540722613 0.0297937961702 0.022909089088 0.0163310447346 0.0317376488606 0.00690643020089 0.00899208954767 0.171917876882 0.0159755033943 0.0149548049738 0.0219198323498 0.000192177025967 0.0170769780948 0.0458936129711 0.0335615910181 0.0204615887995 0.0281447570178 0.0159302548631 0.0127985829713 0.00956632090708 0.00607575737331 0.0125211216391 0.0362754482148 0.0244762184397 0.00272812255486 0.020741290561 0.00574646712194 0.0329675395116 0.00423993753169 0.0113715167887 
0.00515106844448 -0.00256343228864 0.0290399498905 0.0113433824424 0.0243814275633 0.0231198039659 0.0140475407391 0.0145389425068 0.00228805697687 -0.00156962969138 0.0215547378542 0.00182889631288 0.0471322195382 0.0104365211584 0.00865281314676 0.00428243529685 0.0158379620358 0.0244983417381 0.0115142165484 0.010702476231 0.020715545088 0.00417069797358 0.0110591087049 0.00920758595573 0.0157214965738 0.00191804480907 -0.00108869697559 0.0159755033943 0.20763089374 0.000460043187706 0.0152323495563 0.0101133220409 0.024034425973 0.0170663824969 -0.00759624560307 0.0117998420004 -0.00337419749906 0.00515585449349 0.0151068795767 0.00770115918891 0.0083947171268 0.0112478870839 0.0151865222995 0.00553878411639 -0.00874420492741 0.0148340405808 0.013331506489 0.00668284599939 0.0048489451825 0.00690321218024 
0.0124429051251 0.00517088063742 0.0749264220204 -0.000185073754884 0.0220895920053 0.0777998375488 0.0659018513643 0.0159725821523 -0.00259502272669 0.0327553961547 0.0244057602134 0.000227093535202 0.0317544571515 0.00963416139748 0.0374252151734 0.0452125191268 0.0179259914032 0.0194976543551 0.0297769051837 0.0178363466202 -0.0101278674177 0.00687087294649 0.0128973112955 0.0631846346079 0.0156032748109 0.0352592896448 0.0186574377816 0.0149548049738 0.000460043187706 0.429090232406 0.022658528028 -0.0119055602471 0.0186064594284 0.00564791399847 0.0101941230028 0.0630845147096 0.00761184533921 0.0307950748657 0.0119124891004 0.00633632429062 -0.00846215942177 0.000873445695775 -0.00613327563788 0.0402320479744 0.0172352129814 0.0210617196834 0.0160927362053 0.00951196856841 0.0159680542388 0.0321894752951 
0.0218576047049 0.0157064635107 0.0851481030145 0.0171118504894 0.0266353374351 0.0278524218595 0.0109555915297 0.0293125639433 0.0200592370636 0.0140883788867 0.0447047710746 0.00962923520671 0.0225642596276 0.0025511104589 0.0207084084451 0.0243344073314 0.0227202797185 0.0129593768583 0.0309586524023 0.027650532408 0.024825558677 0.0115411734134 0.0230361989835 0.0334080901008 0.0317939828837 0.0301970120572 0.00362644195288 0.0219198323498 0.0152323495563 0.022658528028 0.194505946843 0.00635325474111 0.0246722130783 0.0247259351778 0.0138201560825 0.0121993548983 0.0180157967496 0.00100470787891 0.0213488186418 0.029464860653 0.0122986452879 -0.000418165261821 0.0114736717304 0.0275741505359 0.0136198657103 0.0276200239549 0.0205230831451 0.0268365002966 0.0250763112461 0.0247394447394 
0.000502170573626 0.0208584478951 0.00729486308257 0.00223700625437 0.00470678441803 0.0500214498509 -0.00480327269308 -0.00429601183659 0.00770462874552 -0.0105638268673 0.0175958377298 0.00152841641506 -1.35791881164e-06 0.005416639335 0.00386904261132 0.0805234000467 -0.0182739257866 -0.00469991216327 0.0160111119366 -0.00721313921025 -0.000977593059695 0.0093643644128 -0.00746956917476 -0.00576341490984 0.0136116247265 0.000473213943415 0.00243958050719 0.000192177025968 0.0101133220409 -0.0119055602471 0.00635325474111 1.03804359128 0.017923223435 0.00914951143501 -0.0285265529303 -0.012266656519 0.0413309283051 -0.0208022897772 0.017978170692 -0.00490750794651 0.0141177727959 0.00456924004665 0.0156062926937 0.00779710381815 -0.0146822771242 0.0327576085967 -0.012981587051 0.0704374451988 -0.00408108309483 0.0156155410118 
0.0122764664693 0.0214208420633 0.0324030452291 0.00725734222979 0.0118643209289 0.0602286926215 0.0390890670173 0.014568573673 0.00479417152551 0.0233581666532 0.0129391480799 0.00200261963409 0.0296414030941 0.00752713057237 0.0240308228927 0.0314209682512 0.0274976639053 0.0212895969031 0.011156930777 0.0208965744212 0.0169460787788 0.00592998662677 0.00906353854477 0.0180099749225 0.0272043095862 0.0273528732694 0.00237473302646 0.0170769780948 0.024034425973 0.0186064594284 0.0246722130783 0.017923223435 0.331999667772 0.00784525746194 0.00830342254347 0.00926334653235 0.0205596162483 0.0125667349156 0.0716602556657 0.0144091053839 0.0704196729101 0.00476426757273 0.0185536360362 0.0204158717722 -0.00301604447665 0.054152335226 0.00169853589768 0.0457062622159 0.0142452733146 0.000699600650701 
0.0217899017709 0.00839460892065 0.0148259203773 0.00157933172429 0.00650774099722 0.00932963257547 0.0162225113094 0.0210740653514 0.0571835880316 0.00711190272272 0.0128187951591 0.00861359038468 0.00508945202147 0.0120094281196 0.004211014383 0.0137387903569 0.0324471342581 0.00539445719654 0.0114150473711 0.0183355873931 0.0316027607255 0.0345157684721 0.0110532858269 0.00605148375472 0.0169787134769 0.00428953605838 0.0255908299767 0.0458936129711 0.0170663824969 0.00564791399847 0.0247259351778 0.00914951143501 0.00784525746194 0.247981524835 0.00660812595317 0.0225287881867 0.0268771139114 0.0282110487495 0.00232892948267 0.0251815884145 0.00945911198222 0.0107835040287 0.0242507664494 0.0380847257957 0.000614520346216 0.00657695315822 0.00304763958519 0.0197877061774 0.0152942321077 0.000366751531646 
0.00549574170219 0.0279798515451 0.0527365485739 0.017251627357 0.0138230495068 0.0216069367266 0.032625120071 0.0205941327613 0.0125893389827 0.0260555604045 0.00767431817049 0.0063745924473 0.016074369441 -0.0129118205107 0.00348378421816 -0.00685853993977 0.0446530742221 0.0162512494288 0.00453131422023 0.0027708698597 0.000141491594585 0.00671349482519 0.00805972962829 0.0645351512711 -0.0117230076527 0.0292296613551 -0.0173747455588 0.0335615910181 -0.00759624560307 0.0101941230028 0.0138201560825 -0.0285265529303 0.00830342254347 0.00660812595317 0.903250515946 0.0050735216008 0.0255298771965 0.00288510586587 0.0157019017041 0.0257331375112 0.00796157310252 -0.00642337862288 0.0163170659481 0.0272070349962 -0.00975071939387 0.019664362169 0.00534791851904 0.024835130123 0.00460527075109 -0.00172881821163 
0.00792877972512 0.0151310710042 0.0228403495787 0.0161376849241 0.00841825660731 0.00287800666702 0.0115300876953 0.00334685341722 0.0120683559687 0.0146784179289 0.014896555992 -0.00694954685931 0.028101039712 0.00425912418217 0.0431946151901 0.0190632550433 0.0192111099177 -0.000815173921666 0.00189346526713 0.0149402485723 0.00540330259697 0.00666278555879 0.00244034847067 0.00769243600512 0.00696872117707 0.0148324861871 0.010501323654 0.0204615887995 0.0117998420004 0.0630845147096 0.0121993548983 -0.012266656519 0.00926334653235 0.0225287881867 0.0050735216008 0.223190323495 0.0086179031236 0.00406991402565 0.0137876716513 0.0166131348934 0.000188666654942 0.00688065664433 0.00345700127292 0.041340085498 0.0253472594633 0.0181364223294 -0.00693186643518 0.0107588482274 0.0166605552681 0.0136751549206 
-0.00588421881283 0.00510149690501 0.0186321873306 0.00716345966032 -0.0132037023957 0.0730349694606 0.0351913732853 -0.000699303644563 0.0186616481482 0.0084063062685 0.0186798154004 0.0233606466092 0.0184511211389 0.00508043657137 0.0180381829964 0.0163454012251 0.150356738487 0.0133708964266 -5.43988139336e-05 6.94306832192e-05 0.0430783244722 0.0379013998481 -0.00173671892856 -0.00269219612953 0.0220821266172 0.0306289589805 -0.0121549703215 0.0281447570178 -0.00337419749906 0.00761184533921 0.0180157967496 0.0413309283051 0.0205596162483 0.0268771139114 0.0255298771965 0.0086179031236 0.385194180099 0.00608121255254 0.0150981798828 -0.00714449349744 0.0172616335055 -0.00183813715994 0.0963168825366 0.0444836088347 0.00909871250467 0.0158395442145 -0.0157152988175 0.120709502233 -0.00180992182462 -0.00830064873163 
0.0108595513774 -0.00429855855241 0.0430770255546 -0.0103667576418 -0.00810889830321 0.0358441026583 0.0252807294211 0.0177155586571 0.017395084655 -0.00341719958534 0.00835104485719 0.00244733195829 0.0233419268312 0.00182113499879 0.0111813243416 0.0402529421206 0.0117233887356 0.028655519087 0.0128792858535 0.0132664778166 0.0329361548094 0.0102384603016 0.0131897963081 0.0114967590029 0.0150205019246 0.0317003117975 0.0239319759395 0.0159302548631 0.00515585449349 0.0307950748657 0.00100470787891 -0.0208022897772 0.0125667349156 0.0282110487495 0.00288510586587 0.00406991402565 0.00608121255254 0.271426843556 0.0097319039481 0.0179557735155 0.0174707025017 0.00630937291525 0.0109098469692 0.0176161925027 0.0115415975414 -0.00377722784232 -0.003969943963 0.00174152845998 -2.29093301431e-05 0.0111012968087 
0.00706330874809 0.0148764179183 0.0365460793836 0.0294885353166 0.0305434994221 0.0768566960115 0.0427858016418 0.0196218067142 0.00411530714553 0.0276362334202 0.022014493989 0.00490125711081 0.0323613677172 0.0294700729375 0.0474600835928 0.0604191577918 0.0193485842437 0.0251809284423 0.00941933240154 0.0139145379548 0.0226449470332 0.0175441945776 0.014413542207 0.0140202370957 0.0508206353318 0.024801936555 -0.000176381692307 0.0127985829713 0.0151068795767 0.0119124891004 0.0213488186418 0.017978170692 0.0716602556657 0.00232892948267 0.0157019017041 0.0137876716513 0.0150981798828 0.0097319039481 0.283063099297 0.0192802224292 0.0231476182615 0.00799313770571 0.00710417242543 0.0336571703128 -0.00220306312602 0.0575559409782 0.0609142534437 0.0357394955338 0.0317265543527 0.0187631996786 
0.0108071264093 0.0169049412211 0.0372650263839 0.0105704068109 0.00331878566358 0.0263988127678 0.00656907170669 0.028571213905 0.0150858336631 0.00773743274991 0.00470886425327 0.00968275527247 0.0166285606196 0.017501838265 0.0197746659082 0.00469183725432 0.00679163307926 -0.0026488676455 0.0215184486971 0.0222181029487 0.00297114773493 0.0141697281247 0.0284474480011 0.0342642068082 0.0164331488524 0.00738428523483 0.0179553494303 0.00956632090708 0.00770115918891 0.00633632429062 0.029464860653 -0.00490750794651 0.0144091053839 0.0251815884145 0.0257331375112 0.0166131348934 -0.00714449349744 0.0179557735155 0.0192802224292 0.175071382656 -0.00207905360886 0.00820100127991 0.0104463866402 0.00869001507453 0.0115972521604 0.0232429866347 0.0176998846528 0.00846047220906 0.0184541138993 0.0184493286064 
0.0160632933666 0.0120942241706 0.0269781809437 -0.000115182319184 0.00386992236177 0.0750622374375 0.00232951874923 0.00789397750257 0.00136098863685 0.010339709425 -0.0213312296219 -0.00391371138111 0.00702184095356 0.0236579351794 0.00110110781503 0.00624520113563 0.0734319524781 -0.0220860785517 0.0155419664045 -0.00874611572741 0.0193772891045 0.033231734492 0.011473061393 0.0146023500143 0.0141041908334 0.00789935295366 0.00570565470855 0.00607575737331 0.0083947171268 -0.00846215942177 0.0122986452879 0.0141177727958 0.0704196729101 0.00945911198222 0.00796157310252 0.000188666654942 0.0172616335055 0.0174707025017 0.0231476182615 -0.00207905360886 0.782504730884 0.0201393197838 0.00248474752551 0.0267812740356 0.0105551490654 0.104668208943 -0.0110549019052 -0.00408893989471 0.00366702093756 0.0171660312209 
0.0152283341277 0.00475621477143 0.000149913284846 0.00314487248159 0.00640183118238 0.00535571226768 -0.000564033880975 0.0142759389937 0.00454539192057 -0.000440825631294 0.00286404448505 0.00335927920897 0.00360699058638 0.00866523356634 0.00277264636608 0.000912389894156 0.000169449843379 0.0079994713765 0.0129756248907 0.0130417941712 0.00899779382465 0.00700041224794 0.0107255202186 0.0151002460714 0.00112184322263 0.010964675831 -0.000682690422055 0.0125211216391 0.0112478870839 0.000873445695775 -0.000418165261821 0.00456924004665 0.00476426757273 0.0107835040287 -0.00642337862288 0.00688065664433 -0.00183813715994 0.00630937291525 0.00799313770571 0.00820100127991 0.0201393197838 0.133067855459 0.00207527005542 0.00767269395112 0.0106744301064 0.0109540366611 0.000629889308657 -0.00400714964308 0.0061145704099 -0.00293303296097 
0.00869084193912 0.0043984052906 0.0318509495968 -0.011084577375 0.00138557113824 0.0376323901786 0.0223835192781 0.0174231080063 0.0280002836275 0.017747228728 0.00135082760728 -0.00520710750227 0.00285646431631 0.000663319433482 0.010071072291 0.00121604257316 0.0847706347843 0.0133709645797 0.0126926197758 0.0063266623527 0.0069739555731 0.0223984837256 0.00317508453237 -0.00420639930918 0.0162707142206 0.0334839166756 0.00683341220925 0.0362754482148 0.0151865222995 -0.00613327563788 0.0114736717304 0.0156062926937 0.0185536360362 0.0242507664494 0.0163170659481 0.00345700127292 0.0963168825366 0.0109098469692 0.00710417242543 0.0104463866402 0.00248474752551 0.00207527005542 0.22148085771 0.0118295726133 -0.00422993215732 0.0100443804026 -0.00538097966645 0.08713774845 -0.000941061509615 -0.000759955803871 
0.0149255771695 0.0129417374249 0.0294089204205 0.00119273000705 0.0304455567593 0.0389174918736 0.0407858908103 0.012611758814 0.0210368441455 0.0547019544679 0.00914759025203 0.00853350055923 0.00880780757467 0.0311886694727 0.0325486658171 0.0279898375231 0.0475383413905 0.0460937627836 0.00873492203223 0.0187188230404 0.0259920170911 0.00325942033521 0.0115283895497 0.0325603483152 0.0313449332292 0.0196393683267 -0.00081704609886 0.0244762184397 0.00553878411639 0.0402320479744 0.0275741505359 0.00779710381815 0.0204158717722 0.0380847257957 0.0272070349962 0.041340085498 0.0444836088347 0.0176161925027 0.0336571703128 0.00869001507453 0.0267812740356 0.00767269395112 0.0118295726133 0.464088464958 0.0197064320676 0.0452301430995 0.0349353698056 0.0134820301386 0.0185018803639 0.0105000941189 
0.00974308466423 -0.00107717037835 0.0171672749034 0.0273749746502 0.00956300658702 -0.0116997186405 0.00927925597368 0.00946014979532 0.0150606502804 0.00443226598256 0.00377071220812 0.00689283478462 0.00975189105825 -0.00215616603447 0.0422463655146 0.0168698446498 -0.0130404522289 0.0161392193904 0.00907263991871 0.0179046115913 0.00247335502126 0.0111552110182 0.00498498702397 -0.00481923774571 0.0184893428686 0.00253203124164 0.00814204497236 0.00272812255486 -0.00874420492741 0.0172352129814 0.0136198657103 -0.0146822771242 -0.00301604447665 0.000614520346216 -0.00975071939387 0.0253472594633 0.00909871250467 0.0115415975414 -0.00220306312602 0.0115972521604 0.0105551490654 0.0106744301064 -0.00422993215732 0.0197064320676 0.226509439613 0.0020802437566 -0.00410214598613 0.0132000491066 0.0173366764539 0.0177958644231 
0.00923149108281 0.0290562093182 0.0514018208557 0.0122375624713 0.0182066954835 0.0976910284956 0.0465099385928 0.00102185375484 0.00495018687 0.0215973682604 0.0158109020452 0.00496729270606 0.0163949231597 0.018801231957 0.0372601701687 0.00921694479949 0.031635719756 0.0241686285501 0.00567358203874 0.0203714355534 0.0407720772697 0.0153230389615 0.0081877869117 0.0180043612873 0.0284752300379 0.0279356788837 -0.00681375599149 0.020741290561 0.0148340405808 0.0210617196834 0.0276200239549 0.0327576085967 0.054152335226 0.00657695315822 0.019664362169 0.0181364223294 0.0158395442145 -0.00377722784232 0.0575559409782 0.0232429866347 0.104668208943 0.0109540366611 0.0100443804026 0.0452301430995 0.0020802437566 0.342202966681 0.0310961554292 0.00977259829881 0.0359781473307 0.00221993984405 
0.0182095945805 -4.20784239633e-05 0.0579939288259 0.0204517479711 0.0254467331573 0.029565128585 0.0297865248449 0.0111990685988 -0.00275278996863 -0.000124537489436 0.0312876437324 0.0151617561862 0.0318756175049 0.0325408031659 0.0342735168849 0.0450104460799 0.00996362524927 0.0210925045171 0.0248748714964 0.0309786611677 0.0401374565618 0.00433003675762 0.00979466292156 0.00709629491815 0.05785625618 0.0208720463407 -0.00665961637004 0.00574646712194 0.013331506489 0.0160927362053 0.0205230831451 -0.012981587051 0.00169853589768 0.00304763958519 0.00534791851904 -0.00693186643518 -0.0157152988175 -0.003969943963 0.0609142534437 0.0176998846528 -0.0110549019052 0.000629889308657 -0.00538097966645 0.0349353698056 -0.00410214598613 0.0310961554292 0.386375304271 -0.00613833895966 0.0153949836516 0.0166965386519 
