50
0.0285995604788 0.0791308905459 0.116988452624 0.0308834605432 0.0582377086348 0.148705689344 0.0289058353667 0.0597278634654 0.080285366307 0.0412963652708 0.0501483555771 0.0391901687574 0.0592302274211 0.0559549201136 0.0511846892664 0.0314514366364 0.0341115490789 0.104005811155 0.0449680709256 0.166074759161 0.15397042743 0.0654803135324 0.0254946283421 0.0726136826411 0.0764707668379 0.0690593134036 0.0512444991133 0.00399952409326 0.0191748751409 0.133327922328 0.185879968849 0.0538205376978 0.0399774891594 0.0299059053764 0.0210495138202 0.0314738433907 0.093312473985 0.0820701074714 0.0545718905582 0.0739523233915 0.112290577846 0.045915457725 0.0437869579852 0.0256056876134 0.0631385093148 0.0646745186267 0.0933125666969 0.0161403943775 0.0418020448473 0.023015295127 
0.267647939855 0.0153251556396 0.0335574564221 0.0261287592755 0.0166694740142 -0.0086509514183 0.0385147731376 0.0139072421081 0.0161648879509 0.0116879942255 0.00993902251188 0.0184415850276 0.0182376548808 0.0165109860938 -0.00289038508307 0.0364852900566 -0.00800346622721 0.0124394339562 0.00957657317264 0.0167414979768 -0.0100480920885 0.00419236936396 0.00242238465232 0.0273315827963 0.0321678202552 0.0125023325914 0.00493167781863 0.00222598553725 0.0333314770676 0.0218742092931 0.0159941309436 0.0354130976146 0.00985141863268 0.0509233453495 0.0406041680575 0.0181527777397 0.00166531380455 0.0381975315363 0.00429115657916 -0.0111816367142 -0.00700203218736 0.0171617476854 0.0295746446017 0.0114995472423 0.0145628878278 0.0210927540089 0.00971592306628 0.0234885049185 0.0203713746444 0.0206010241223 
0.0153251556396 0.620720090396 -0.00849123604514 0.00515349363921 0.000677872039151 0.00320809807239 0.00284524395471 -0.00674622248709 0.0024766741951 0.0068228485879 -0.00446401643795 -0.00032188429153 0.0212168515189 0.0233647636934 0.0010238350909 0.0139100641324 0.00680161487265 0.0204173070924 -0.00230827137652 0.00616130424446 0.00426267008933 0.0140256779171 0.0156735937019 0.0235070974516 0.013000555065 0.0131964371636 -0.0118400240914 0.0149662887021 0.00125997586513 0.0109802995047 -0.00229488468619 0.013179904282 -0.00575496074781 0.00336448579731 0.0027079145015 0.0458942548116 0.0196270737381 0.00686668378754 0.00117925551588 0.0188700723602 0.0203184873595 0.0104100310564 0.00575659091684 0.00589772248038 0.00185355841282 0.00314863770633 -0.0154720708427 0.0351665722525 0.0148857294349 0.010566028611 
0.0335574564221 -0.00849123604514 0.454281693497 0.027117849994 0.0226922139384 0.0297950208283 0.011764874325 0.0425358997675 0.0392242791678 -0.0143330615415 0.0424883975863 0.0157589903263 0.0287937638385 0.0402347526948 0.0133427460162 0.00710145289318 0.0157539262207 0.0347269004081 0.00757750203757 0.0545172070607 0.0748050357212 0.0325803168151 0.00342359790093 0.0446212299015 0.0750030966051 0.00998957141171 0.0384810756063 -0.0117679926833 0.0132598791979 0.0191360540435 0.0739619020916 0.00931532509651 -0.00959234490201 0.0133879004166 0.00513258459626 0.0104712920247 0.0316984338157 0.0318445027473 0.00915555119925 0.0103008663519 0.0549545758956 0.0413772224627 0.00218113212064 0.00802177785758 0.0442584643975 0.004571438834 0.0216435800772 -0.00437498191983 0.0368095003528 0.0147519296052 
0.0261287592755 0.00515349363921 0.027117849994 0.204540025018 0.005115719489 0.00443936872604 0.0184581786805 0.00310930702565 0.0219585481484 0.011884244116 0.015900178894 0.00799738912484 0.00825596302405 0.0294202735292 0.00527211682193 0.0424212262823 0.00297321356407 0.0181990008258 0.0166696545275 0.0166398684807 -0.000303876989587 0.00616244794793 0.0212485058264 0.0217946172592 0.0178394286031 0.024978522046 0.0133396640692 0.0151696593465 0.0121747713668 0.0157495663 0.00746526154451 0.0387158980049 0.00636587920346 0.0196334392904 0.0161535147655 0.0166279756303 -0.00570018247135 0.0136497052416 0.0227288683869 0.00370964801635 0.0106794020056 0.0203142462438 0.00455084849387 0.00312924867589 0.00666168927037 0.0240712725336 0.00489861312953 0.0151240955239 0.00467182917116 0.0193720994614 
0.0166694740142 0.000677872039151 0.0226922139384 0.005115719489 0.46212013852 0.00488257564027 0.00687490419243 -0.00181111906927 0.027468058334 0.0124156590984 0.0149604495744 0.0123709222685 0.00333854762945 0.0216307169458 0.014052584421 0.0144847106053 -0.00469729323397 0.0305002599414 0.025722263355 0.00924369866045 -0.000665585400198 0.0127785123557 -0.00348883955618 0.00910860792794 -0.0143571735302 0.00774128125367 0.0148915285589 0.0270495685516 0.0215104533205 0.018707311221 0.0136934569206 -0.00267246429229 0.015202025029 0.0184666202111 0.0105416865808 0.0221929825545 0.0259427752026 0.0139679924163 -0.00746009041725 0.00973305059503 -0.0124445470544 0.0160997818948 0.00857582760068 0.0251244309049 0.018876086436 0.0129959581672 -0.0107332022158 0.0121457365284 0.0148409980517 0.0161589692055 
-0.0086509514183 0.00320809807239 0.0297950208283 0.00443936872604 0.00488257564027 0.642502656337 0.017307005056 0.0459873993913 0.0159640621198 0.0122424750631 0.0239064564307 0.0290313624243 0.0195444097518 0.0389174903632 0.0411486081394 0.0134984422369 0.0291794075894 0.027558950546 0.00911248211313 0.0356629079753 0.043094789798 0.0285687366472 0.0251406775252 0.0318162965967 0.0205855012971 0.0197001298203 0.0325357240329 0.0246886910537 0.00546133284057 0.00104982586866 0.0498127952777 0.0113058353043 -0.00634777764619 0.0134137775071 0.00845074681974 0.0069439190197 -0.00121457448014 0.0321008812891 -0.00175043270095 0.0335416832067 0.0231736672815 0.0391147758177 -0.00560807595061 0.0124415341871 0.0315929935755 0.011256148883 0.0105401307489 0.00486952505362 0.0292662187153 0.00613563398832 
0.0385147731376 0.00284524395471 0.011764874325 0.0184581786805 0.00687490419243 0.017307005056 0.221415661555 0.0365162507711 0.0264788444995 -0.00384739061167 0.0207600665555 0.0203908109881 0.0165905600306 0.0320438194679 0.00696429766832 0.0265233453993 -4.18498927043e-05 0.0141308729388 0.0136487318506 0.0258189223512 -0.019596747116 0.0156635426033 0.01216701329 0.0324186761294 0.0194887138756 0.0163545640792 0.0062878858146 0.0218969034242 0.0260066504655 0.0222819000913 0.0152824115117 0.0271464127894 0.0144081148628 0.0359404060351 0.0230786176588 0.0116546246171 0.0240831724766 0.0235153847385 0.02313518617 0.0125672553576 0.0472645297544 0.0362418814688 0.0165301982013 0.0177877194306 0.0157924110777 0.0195617616837 0.033024866222 0.00834923774127 0.0155086423355 0.0218579482993 
0.0139072421081 -0.00674622248709 0.0425358997675 0.00310930702565 -0.00181111906927 0.0459873993913 0.0365162507711 0.394444338096 0.0395704953886 0.0033430240836 0.0133175309741 0.0319345358223 0.00971721663473 0.0291796921499 0.00826014085839 0.00528638370849 0.00924626673961 0.0332268798152 0.0316452279773 0.0326376660912 0.0269265244152 0.0268972681149 0.00286459473414 0.0353199907907 0.0225894326952 0.00367377860605 0.0244101790455 0.00463788865653 0.00879320339639 0.0266382797503 0.0445378119583 0.0188634172029 0.00163693563038 0.0184796951036 0.0063884390095 0.00702564813801 0.017318442587 0.0175046349589 0.00791072867667 0.0335772971236 0.0388828904326 0.0314067884575 0.00729949372013 0.00882261126763 0.0210238496707 0.000856249810039 -0.0166318666526 -0.0044661627974 0.029871990896 -0.00022204391484 
0.0161648879509 0.0024766741951 0.0392242791678 0.0219585481484 0.027468058334 0.0159640621198 0.0264788444995 0.0395704953886 0.425264280409 -0.0140718585108 0.0329793914402 0.0284734845198 0.0194701785874 0.0379293042001 0.0306735430999 0.0196669507065 0.0125326975646 0.0236516771202 0.00758926794998 0.0526722015894 0.0152130430666 0.0293016293781 0.00226203476922 0.0395244649867 0.0257043197858 0.0166426152104 0.0200019950199 0.0189073677934 0.0121440871842 0.0320272844343 0.0473673640655 0.0020000747592 -0.0124425508801 0.0141273369225 0.0330447402901 0.00352400352306 0.0190147114802 0.0258504148159 0.010881208142 0.0178481053124 0.0117702433059 0.0378028177014 0.0272804727054 0.0171553907481 0.0259922491147 -0.00420709138238 0.000713970170045 0.0112735384325 0.0299352507879 0.00954451312087 
0.0116879942255 0.0068228485879 -0.0143330615415 0.011884244116 0.0124156590984 0.0122424750631 -0.00384739061167 0.0033430240836 -0.0140718585108 0.239206021521 0.00094014032662 0.00886248456266 0.0104778143648 0.0219201706567 0.00998395058745 0.0187267499769 0.0107864646897 0.0222672348435 0.0137116879203 0.00468365442882 0.0034860574264 0.00742829976614 0.0204894569655 0.0154715980489 -0.00729720163145 0.00775835480247 -0.00533780797038 0.00908564457488 0.00463790959593 0.000950917342207 0.035259375098 0.0177516530427 0.0248455589314 0.0078941784808 0.0117724064636 0.0229965820562 -0.0104112452575 0.0244137448411 0.0299887088618 0.00361822769633 0.000831546482485 0.00704517883063 0.0220208421946 -0.00218383604295 0.00818510270641 0.0356764255281 -0.0148450770308 0.0134557732749 0.0122190141096 0.0195659932438 
0.00993902251188 -0.00446401643795 0.0424883975863 0.015900178894 0.0149604495744 0.0239064564307 0.0207600665555 0.0133175309741 0.0329793914402 0.00094014032662 0.260413616861 0.0109755799219 0.00721204442044 0.0446376869328 0.00541009986186 0.0202834047958 0.035100165687 0.0317480527846 0.00929536114281 0.0451366458068 0.0166956600077 0.0192859110542 0.00644010453399 0.0330320610303 0.0521008972351 0.0137889689975 0.0241795526278 0.0130891138911 0.0239779522727 0.0121273375753 0.038316101845 0.0106648144781 -0.00609374282657 0.0112997107983 0.00386624903459 0.00432448513749 0.0344994949088 0.0191089485254 0.0150223847842 0.00886621566334 0.0278002338891 0.00889148022591 0.00844287137691 0.0180274625309 0.0276066501906 0.0178520311885 0.0117131511533 0.0124012087779 0.0245852723477 0.0174069362555 
0.0184415850276 -0.00032188429153 0.0157589903263 0.00799738912484 0.0123709222685 0.0290313624243 0.0203908109881 0.0319345358223 0.0284734845198 0.00886248456266 0.0109755799219 0.195556760934 0.00372113484353 0.0267765564692 0.00809990907226 0.0166318217565 -0.008489597561 0.0151399452944 0.0394378757596 0.0300918530416 -0.0114376529719 0.0128506629847 0.00885122214664 0.00728240356337 0.0163071352767 0.0155382272516 0.0251555586164 0.00206552675683 0.0198981206528 0.0151837080566 0.0321837138774 0.0127657177787 0.00173841681137 0.0185803027653 0.00677243054293 0.00865930023886 0.00720350723447 0.0124380531916 0.0168030481541 0.0143075703523 0.0230904248592 0.00664023029751 0.0179845010055 -0.00234036125338 0.0273239491146 -0.0183366558083 -0.00056229336155 0.00487213984521 0.0232779109134 0.00293604850412 
0.0182376548808 0.0212168515189 0.0287937638385 0.00825596302405 0.00333854762945 0.0195444097518 0.0165905600306 0.00971721663473 0.0194701785874 0.0104778143648 0.00721204442044 0.00372113484353 0.342973526674 0.0148822231128 0.00788595130564 0.0237275276575 0.0114606653095 0.012411438488 0.0229863512231 0.0192502582309 0.0295331664832 0.00654734476193 0.00806515787943 0.0325828730269 0.018444392364 0.00940297362331 0.0118456648994 0.0107176825338 0.0137878912681 0.023492162013 0.0183039861401 0.0217169649378 -0.00157058432335 0.0240553690705 0.00441231780006 -0.00645197299675 -0.00943946991787 0.0127633818877 0.0147341126877 0.022290874888 0.00465644917274 0.0110340195508 0.0114768617381 0.0119368368943 0.0212739194444 0.0104219096499 0.0150941987811 0.0142530158704 0.0159194902796 0.0241302444286 
0.0165109860938 0.0233647636934 0.0402347526948 0.0294202735292 0.0216307169458 0.0389174903632 0.0320438194679 0.0291796921499 0.0379293042001 0.0219201706567 0.0446376869328 0.0267765564692 0.0148822231128 0.256523849674 0.0329877910847 0.0222647383204 0.0262488357269 0.0242523074393 0.00501411587647 0.052545657918 0.0223578788261 0.0376271426103 0.00733850160999 0.0510519557204 0.0377260969542 0.0297050325579 0.024882899981 0.0142057285917 0.0233499641645 0.0159710382006 0.0528822580573 0.0312027197867 -0.000440248807829 0.0240395900306 -0.0117961641739 0.0162767859917 0.0225356397996 0.0138077442312 0.0166330855078 0.0313434533301 0.0173845942191 0.0221003312204 0.000621960619216 0.0106920683264 0.0415942169173 -0.00151121119663 0.00118645540841 0.0177970690505 0.0281214512917 0.0175546582584 
-0.00289038508307 0.0010238350909 0.0133427460162 0.00527211682193 0.014052584421 0.0411486081394 0.00696429766832 0.00826014085839 0.0306735430999 0.00998395058745 0.00541009986186 0.00809990907226 0.00788595130564 0.0329877910847 0.33035317393 -0.00197289498873 0.0124085355944 0.0389316640127 0.00228346340508 0.0320593680006 0.00420216851774 0.0428897061028 0.00316630256136 0.0169734127956 0.0141752985089 -0.000925513574658 0.0303915947645 -2.08462666506e-05 -0.0016181391007 0.0300378571845 0.0432256881876 -0.0125867249133 0.000557959717156 0.00831784817614 0.0116277372236 0.0293829305086 0.0183624577184 0.0317553682496 -0.0095651426837 0.0120688294614 0.0310054947022 5.40978529801e-05 0.00115519487896 0.0102895550578 0.0167896526618 0.0215968836519 0.0198279334208 -0.00542275280018 0.0269025377591 0.00281128617451 
0.0364852900566 0.0139100641324 0.00710145289318 0.0424212262823 0.0144847106053 0.0134984422369 0.0265233453993 0.00528638370849 0.0196669507065 0.0187267499769 0.0202834047958 0.0166318217565 0.0237275276575 0.0222647383204 -0.00197289498873 0.174500442004 0.00580643832344 0.0328787779784 0.020889938074 0.0205513097968 0.00947907245747 0.0190276450334 0.0212005924105 0.0275494450763 0.0316405022289 0.0119664390496 0.00664636528473 0.020979805544 0.0296139444187 0.0133411329264 0.0148350675542 0.0439040666079 -0.00196604398877 0.0159854513817 0.0113945078445 0.0180753621368 -0.00870190609837 0.0186371123452 0.0182924675131 0.0154817393569 0.0133066671745 0.0295256113744 0.0234782682185 0.00805578026237 0.00224970686446 0.047710513399 0.0183211228019 0.0152776946145 0.017620801507 0.0424617113986 
-0.00800346622721 0.00680161487265 0.0157539262207 0.00297321356407 -0.00469729323397 0.0291794075894 -4.18498927043e-05 0.00924626673961 0.0125326975646 0.0107864646897 0.035100165687 -0.008489597561 0.0114606653095 0.0262488357269 0.0124085355944 0.00580643832344 0.218444531004 0.0166752157948 -0.00237114819795 -0.00456812156057 0.0135403521887 0.00402848163089 0.0211165990261 0.00493525505869 0.02066872528 0.0232694072261 0.0112951898685 0.0112359353147 0.00780832858151 0.0190297815606 0.00900179454771 0.0161035510858 -0.00621002927089 0.00663512522977 0.00638331827364 0.0117105485529 0.0111025396044 0.0358170242938 0.00262572094034 0.0290927696065 -0.00417933564414 0.0101334014809 0.00049898329876 0.0109686815765 0.0139525975296 0.0252095999544 -0.0104275652642 -0.000553863496655 0.0217762257457 0.00980062617163 
0.0124394339562 0.0204173070924 0.0347269004081 0.0181990008258 0.0305002599414 0.027558950546 0.0141308729388 0.0332268798152 0.0236516771202 0.0222672348435 0.0317480527846 0.0151399452944 0.012411438488 0.0242523074393 0.0389316640127 0.0328787779784 0.0166752157948 0.52388521145 0.0192809985368 0.030299354514 0.0154426582677 0.0536075116954 0.0132504391561 0.0350330009547 0.0469590352794 0.0124924980319 0.0146476635797 0.0178279358248 0.0396119936205 0.0312398226155 -0.0123066907079 0.0312599369921 -0.00624542009053 -3.78403517493e-05 0.0269164099165 0.0179149728519 -0.00118184099449 0.0337170112166 0.0265526629779 0.0244695595004 0.0451185333478 0.018271926962 0.0139380517317 0.012150501912 0.0233862786223 0.00847343145516 0.0210438493475 0.00513652520022 0.0501484695028 0.0181102507457 
0.00957657317264 -0.00230827137652 0.00757750203757 0.0166696545275 0.025722263355 0.00911248211313 0.0136487318506 0.0316452279773 0.00758926794998 0.0137116879203 0.00929536114281 0.0394378757596 0.0229863512231 0.00501411587647 0.00228346340508 0.020889938074 -0.00237114819795 0.0192809985368 0.186769648907 0.0222646700775 -0.00154842588803 0.0119696336194 0.0131369091295 0.0268586242241 0.0170534145348 0.0147754387342 0.022229600287 0.0107146691496 0.0199334357499 0.0113890126844 0.0233207712718 0.0166618609054 0.01596538745 0.0041015015936 0.010447813381 0.00398881246768 0.013068504696 0.0196796716065 0.0233625874731 0.00450547318254 0.0166511782743 -0.00194078921709 0.0328111411214 0.013096082803 0.00982570763067 0.00871670475305 0.0105617644355 0.0140533859075 0.0233481298753 0.0147724343088 
0.0167414979768 0.00616130424446 0.0545172070607 0.0166398684807 0.00924369866045 0.0356629079753 0.0258189223512 0.0326376660912 0.0526722015894 0.00468365442882 0.0451366458068 0.0300918530416 0.0192502582309 0.052545657918 0.0320593680006 0.0205513097968 -0.00456812156057 0.030299354514 0.0222646700775 0.467508715001 0.0707244103548 0.0398409181958 -0.000321251727742 0.0572066147911 0.055973795162 0.0379039353502 0.0432738251214 0.00197370198838 0.0094293077397 -0.00489396940921 0.196434296999 0.0225369646008 -0.0119900236045 0.0193713986837 0.0190519755741 0.0094460219519 0.0616169045999 0.0280214263969 0.0132558837754 0.0588701230351 0.0838582866015 0.0237640065101 0.0322767760784 0.00758048037062 0.0344424609681 0.032549300163 0.0135719560083 0.0132820034491 0.0332475613311 0.020535464695 
-0.0100480920885 0.00426267008933 0.0748050357212 -0.000303876989587 -0.000665585400198 0.043094789798 -0.019596747116 0.0269265244152 0.0152130430666 0.0034860574264 0.0166956600077 -0.0114376529719 0.0295331664832 0.0223578788261 0.00420216851774 0.00947907245747 0.0135403521887 0.0154426582677 -0.00154842588803 0.0707244103548 0.591243622498 -0.000257157001182 0.0165512064621 0.0578446616929 0.0177138696592 0.0109267577679 0.0290413240769 -0.0135099233861 -0.00793639955644 -0.0126645531361 0.0622722090257 0.0155654790194 0.00403473737658 0.00193601148793 0.00198206815284 0.0289576901866 0.12013719747 -0.000200903048397 0.035458303425 0.0344110994461 0.138755573893 0.00802870943378 -0.000527900517505 -0.00265832193232 0.00905486538708 0.0112572924137 0.00237872269511 -0.0051217067827 0.0339585993792 0.0101138690798 
0.00419236936396 0.0140256779171 0.0325803168151 0.00616244794793 0.0127785123557 0.0285687366472 0.0156635426033 0.0268972681149 0.0293016293781 0.00742829976614 0.0192859110542 0.0128506629847 0.00654734476193 0.0376271426103 0.0428897061028 0.0190276450334 0.00402848163089 0.0536075116954 0.0119696336194 0.0398409181958 -0.000257157001182 0.386930812769 0.00404732591151 0.0396387907025 0.0530944005282 0.00928883225426 0.0268810653423 0.0188727314245 0.0183726400473 0.010318646758 0.0366485415421 0.0295047123085 -0.00291702205436 0.0384854635463 0.00400317411272 0.0193458475172 0.00216122379052 0.0284651187698 -0.00136262592869 0.0292024912771 0.0311584732456 0.0245329542342 0.0379978825635 0.00374517192051 0.0327086029574 -0.00605350946691 0.00517908175182 0.00271061175048 0.00929096384471 0.0184358039061 
0.00242238465232 0.0156735937019 0.00342359790093 0.0212485058264 -0.00348883955618 0.0251406775252 0.01216701329 0.00286459473414 0.00226203476922 0.0204894569655 0.00644010453399 0.00885122214664 0.00806515787943 0.00733850160999 0.00316630256136 0.0212005924105 0.0211165990261 0.0132504391561 0.0131369091295 -0.000321251727742 0.0165512064621 0.00404732591151 0.201225388995 0.00684550255874 -0.00374990670066 0.00672619915382 0.00195017721524 0.0100664703706 0.0158888979278 0.00881659794841 0.00710570983784 0.0197053777737 0.0199763607482 0.00988122116157 0.0183105631173 0.00268949597493 0.017400844522 -0.00930628204876 0.0405241461798 0.0292090547331 0.0111201928216 0.00626018618313 0.0139009954529 0.00965861231475 0.0265637980908 0.01111834366 -0.0030579697735 0.00806782891194 0.0156420083621 0.0108192657178 
0.0273315827963 0.0235070974516 0.0446212299015 0.0217946172592 0.00910860792794 0.0318162965967 0.0324186761294 0.0353199907907 0.0395244649867 0.0154715980489 0.0330320610303 0.00728240356337 0.0325828730269 0.0510519557204 0.0169734127956 0.0275494450763 0.00493525505869 0.0350330009547 0.0268586242241 0.0572066147911 0.0578446616929 0.0396387907025 0.00684550255874 0.281080837306 0.0190375991298 0.0218523244063 0.0295296983985 0.0141939249456 0.018118526281 0.010299080306 0.0608257225574 0.0314965916795 0.00789113951891 0.0211826660361 0.010460295629 0.0102346393166 0.00701481862692 0.0220965081184 0.0038836089299 0.0260667840554 0.0310966354757 0.0255017651088 0.0204052792509 0.0150525446756 0.0608270629515 0.0208791185693 0.02043657325 0.0113883959555 0.0286307848712 0.0171682051691 
0.0321678202552 0.013000555065 0.0750030966051 0.0178394286031 -0.0143571735302 0.0205855012971 0.0194887138756 0.0225894326952 0.0257043197858 -0.00729720163145 0.0521008972351 0.0163071352767 0.018444392364 0.0377260969542 0.0141752985089 0.0316405022289 0.02066872528 0.0469590352794 0.0170534145348 0.055973795162 0.0177138696592 0.0530944005282 -0.00374990670066 0.0190375991298 0.444179563767 0.0268396015092 0.0295068587303 0.0105169922855 0.00536418077517 0.0116494931658 0.104503507726 0.0239414482882 0.0116382408229 0.0174594315983 0.011017811356 0.0299281989589 0.0190404364245 0.0445877580838 0.013425561752 0.0450468732136 0.0357698650365 0.0151457324019 0.0388302907814 0.00233973166412 0.0169064292148 0.0122871985707 0.00775570657613 -0.0116229609799 0.0258256740371 0.0128340131839 
0.0125023325914 0.0131964371636 0.00998957141171 0.024978522046 0.00774128125367 0.0197001298203 0.0163545640792 0.00367377860605 0.0166426152104 0.00775835480247 0.0137889689975 0.0155382272516 0.00940297362331 0.0297050325579 -0.000925513574657 0.0119664390496 0.0232694072261 0.0124924980319 0.0147754387342 0.0379039353502 0.0109267577679 0.00928883225426 0.00672619915382 0.0218523244063 0.0268396015092 0.426585118401 0.0126620280972 0.00725127406133 0.0092674228615 0.00756017223515 0.0404556460313 0.010203257112 -0.00390018463204 0.0086440497976 0.00674910856102 0.044252370888 0.0164058778284 0.0262595438627 0.0168161238488 0.0184706643081 0.0442067358674 0.0169406141988 0.00269248408706 -0.00588307456986 0.00976223812453 0.015091694373 0.0026215671674 0.0112410700225 0.0203677728608 0.0185176518035 
0.00493167781863 -0.0118400240914 0.0384810756063 0.0133396640692 0.0148915285589 0.0325357240329 0.0062878858146 0.0244101790455 0.0200019950199 -0.00533780797038 0.0241795526278 0.0251555586164 0.0118456648994 0.024882899981 0.0303915947645 0.00664636528473 0.0112951898685 0.0146476635797 0.022229600287 0.0432738251214 0.0290413240769 0.0268810653423 0.00195017721524 0.0295296983985 0.0295068587303 0.0126620280972 0.265578250372 0.00973811596539 0.0111573841297 0.00902769277491 0.0537179923607 0.0160495935677 -0.00504880274735 0.00845329610758 0.00142736756432 0.0101787522103 0.0389984090938 0.00478065490595 0.000782603177695 0.0261426484491 0.0289891699557 0.00684822787205 0.0194687684543 0.0149839560159 0.0343139702043 0.0108339239769 0.00386500041479 0.00678102659147 0.0280299469842 0.0151560519095 
0.00222598553725 0.0149662887021 -0.0117679926833 0.0151696593465 0.0270495685516 0.0246886910537 0.0218969034242 0.00463788865653 0.0189073677934 0.00908564457488 0.0130891138911 0.00206552675683 0.0107176825338 0.0142057285917 -2.08462666508e-05 0.020979805544 0.0112359353147 0.0178279358248 0.0107146691496 0.00197370198838 -0.0135099233861 0.0188727314245 0.0100664703706 0.0141939249456 0.0105169922855 0.00725127406133 0.00973811596539 0.175265398952 0.011873082615 0.00834907207194 0.0154340808345 0.0313327986644 0.00856427751645 0.0143447758335 0.00924583385516 0.00613708453376 -0.00563633622265 0.0123430426842 0.0230162639884 0.0233173438446 -0.0011686079476 -0.000438100962489 0.004210651339 0.00896683835128 0.00554309861699 -0.00230779547557 0.00449016762748 0.00759006591518 0.0109866147616 0.0193257473592 
0.0333314770676 0.00125997586513 0.0132598791979 0.0121747713668 0.0215104533205 0.00546133284057 0.0260066504655 0.00879320339639 0.0121440871842 0.00463790959593 0.0239779522727 0.0198981206528 0.0137878912681 0.0233499641645 -0.0016181391007 0.0296139444187 0.00780832858151 0.0396119936205 0.0199334357499 0.0094293077397 -0.00793639955644 0.0183726400473 0.0158888979278 0.018118526281 0.00536418077517 0.0092674228615 0.0111573841297 0.011873082615 0.175449933679 0.0188513596482 0.01528722432 0.0159695929572 0.00652039476388 0.0219147922372 0.0133180827363 0.0038349556878 0.00406661135209 0.0130944999732 0.0188809761 0.0119901348832 0.0127174493258 0.0145289563637 0.0125174833578 0.021862400422 0.00308662103654 -0.00656493561128 0.0266151578789 0.0111916102345 0.0248312084745 0.022778510737 
0.0218742092931 0.0109802995047 0.0191360540435 0.0157495663 0.018707311221 0.00104982586866 0.0222819000913 0.0266382797503 0.0320272844343 0.000950917342207 0.0121273375753 0.0151837080566 0.023492162013 0.0159710382006 0.0300378571845 0.0133411329264 0.0190297815606 0.0312398226155 0.0113890126844 -0.00489396940921 -0.0126645531361 0.010318646758 0.00881659794841 0.010299080306 0.0116494931658 0.00756017223515 0.00902769277491 0.00834907207194 0.0188513596482 0.82776480155 0.00997674094545 0.0339169207395 0.00742802104824 0.0132508785501 0.0631358497653 0.00972682423025 0.0323235270748 0.0109029591126 0.0206309759629 0.0196922995263 0.0143749252366 0.0238102504921 -0.00773156070202 -0.00781429710777 0.040533771821 0.0154489386973 0.00343835949799 0.0072232425765 0.0136841370351 -0.00156465201058 
0.0159941309436 -0.00229488468619 0.0739619020916 0.00746526154451 0.0136934569206 0.0498127952777 0.0152824115117 0.0445378119583 0.0473673640655 0.035259375098 0.038316101845 0.0321837138774 0.0183039861401 0.0528822580573 0.0432256881876 0.0148350675542 0.00900179454771 -0.0123066907079 0.0233207712718 0.196434296999 0.0622722090257 0.0366485415421 0.00710570983784 0.0608257225574 0.104503507726 0.0404556460313 0.0537179923607 0.0154340808345 0.01528722432 0.00997674094545 0.601152935731 0.00184488536451 -0.00135254413798 0.0127992864852 0.00276873487599 0.000458050304229 0.0655495445763 0.0149400016342 0.03032837063 0.0318169963016 0.0864380295274 0.0290561587396 0.0328388635815 0.0129550641872 0.0327280004216 0.0456205410534 0.0147669094686 -0.0140086489206 0.0425598688457 0.0196074394706 
0.0354130976146 0.013179904282 0.00931532509651 0.0387158980049 -0.00267246429229 0.0113058353043 0.0271464127894 0.0188634172029 0.0020000747592 0.0177516530427 0.0106648144781 0.0127657177787 0.0217169649378 0.0312027197867 -0.0125867249133 0.0439040666079 0.0161035510858 0.0312599369921 0.0166618609054 0.0225369646008 0.0155654790194 0.0295047123085 0.0197053777737 0.0314965916795 0.0239414482882 0.010203257112 0.0160495935677 0.0313327986644 0.0159695929572 0.0339169207395 0.00184488536451 0.291006070629 -0.000428292146388 0.0264655297702 0.00330811750792 0.015577925844 -0.018003090009 0.0220573552188 0.0165696892803 0.016845251385 0.0150886904244 0.0225789520733 0.0421692807867 0.0109209560647 0.0155319016142 0.0368014423588 0.0194375873493 0.00694867179123 0.019210167033 0.0375026948 
0.00985141863268 -0.00575496074781 -0.00959234490201 0.00636587920346 0.015202025029 -0.00634777764619 0.0144081148628 0.00163693563037 -0.0124425508801 0.0248455589314 -0.00609374282657 0.00173841681137 -0.00157058432335 -0.000440248807829 0.000557959717156 -0.00196604398877 -0.00621002927089 -0.00624542009053 0.01596538745 -0.0119900236045 0.00403473737658 -0.00291702205436 0.0199763607482 0.00789113951891 0.0116382408229 -0.00390018463204 -0.00504880274735 0.00856427751645 0.00652039476388 0.00742802104824 -0.00135254413798 -0.000428292146388 0.441271757437 0.0269727641865 0.0687535179736 -0.0148486621535 -0.00297227222626 -0.00491001652424 0.0186878900138 0.0175411540606 -0.00747990145839 0.0106847327563 0.0169902576635 -0.00432118089025 -0.00694593257645 0.00674079860855 0.000167916569514 0.00988105745199 0.00139511541957 0.00526812411078 
0.0509233453495 0.00336448579731 0.0133879004166 0.0196334392904 0.0184666202111 0.0134137775071 0.0359404060351 0.0184796951036 0.0141273369225 0.0078941784808 0.0112997107983 0.0185803027653 0.0240553690705 0.0240395900306 0.00831784817614 0.0159854513817 0.00663512522977 -3.78403517492e-05 0.0041015015936 0.0193713986837 0.00193601148793 0.0384854635463 0.00988122116157 0.0211826660361 0.0174594315983 0.0086440497976 0.00845329610758 0.0143447758335 0.0219147922372 0.0132508785501 0.0127992864852 0.0264655297702 0.0269727641865 0.268115097975 0.00257126765598 0.0190591081056 -0.00368900414376 0.0103118252784 0.00899014715118 0.00373030269428 0.0107902870613 0.021860450836 0.0152317655927 0.000397929246549 0.00298258518658 0.00373022405435 -0.00290546688686 0.0028025013625 0.0302108307898 0.00824368410853 
0.0406041680575 0.0027079145015 0.00513258459626 0.0161535147655 0.0105416865808 0.00845074681974 0.0230786176588 0.0063884390095 0.0330447402901 0.0117724064636 0.00386624903459 0.00677243054293 0.00441231780006 -0.0117961641739 0.0116277372236 0.0113945078445 0.00638331827364 0.0269164099165 0.010447813381 0.0190519755741 0.00198206815284 0.00400317411272 0.0183105631173 0.010460295629 0.011017811356 0.00674910856102 0.00142736756432 0.00924583385516 0.0133180827363 0.0631358497653 0.00276873487599 0.00330811750792 0.0687535179736 0.00257126765599 0.309469061528 0.0168404463414 0.00407352280803 0.0169905821109 0.0149742548912 0.0115193642211 0.0201293601168 0.00898875389447 0.0242253861389 0.00891988924654 0.015190409801 0.0150196062713 0.0062550820222 -0.00311452018387 0.0263055655018 0.00828268484884 
0.0181527777397 0.0458942548116 0.0104712920247 0.0166279756303 0.0221929825545 0.0069439190197 0.0116546246171 0.00702564813801 0.00352400352306 0.0229965820562 0.00432448513749 0.00865930023886 -0.00645197299675 0.0162767859917 0.0293829305086 0.0180753621368 0.0117105485529 0.0179149728519 0.00398881246768 0.0094460219519 0.0289576901866 0.0193458475172 0.00268949597493 0.0102346393166 0.0299281989589 0.044252370888 0.0101787522103 0.00613708453376 0.0038349556878 0.00972682423025 0.000458050304229 0.015577925844 -0.0148486621535 0.0190591081056 0.0168404463414 0.282251452213 0.0303995158312 0.0140431436083 0.0116667256214 0.0106669170203 0.0070128950603 0.00786421701934 -0.00359424747849 0.00690351560945 0.00498896843807 0.0357503558749 0.0116863341163 0.0102745525503 0.00841169543772 0.0193485072704 
0.00166531380455 0.0196270737381 0.0316984338157 -0.00570018247135 0.0259427752026 -0.00121457448014 0.0240831724766 0.017318442587 0.0190147114802 -0.0104112452575 0.0344994949088 0.00720350723447 -0.00943946991787 0.0225356397996 0.0183624577184 -0.00870190609837 0.0111025396044 -0.00118184099449 0.013068504696 0.0616169045999 0.12013719747 0.00216122379052 0.017400844522 0.00701481862692 0.0190404364245 0.0164058778284 0.0389984090938 -0.00563633622265 0.00406661135209 0.0323235270748 0.0655495445763 -0.018003090009 -0.00297227222626 -0.00368900414376 0.00407352280803 0.0303995158312 0.404127971196 0.00808338583795 0.015183990825 0.0243888473627 0.164923634449 0.0125590718992 0.00996044890792 0.00357612770731 0.00891914920695 0.0520477950959 0.0145937934296 -0.00454967804452 -0.000933186804311 0.0117065157104 
0.0381975315363 0.00686668378754 0.0318445027473 0.0136497052416 0.0139679924163 0.0321008812891 0.0235153847385 0.0175046349589 0.0258504148159 0.0244137448411 0.0191089485254 0.0124380531916 0.0127633818877 0.0138077442312 0.0317553682496 0.0186371123452 0.0358170242938 0.0337170112166 0.0196796716065 0.0280214263969 -0.000200903048397 0.0284651187698 -0.00930628204876 0.0220965081184 0.0445877580838 0.0262595438627 0.00478065490595 0.0123430426842 0.0130944999732 0.0109029591126 0.0149400016342 0.0220573552188 -0.00491001652424 0.0103118252784 0.0169905821109 0.0140431436083 0.00808338583795 0.480194789637 -0.00342158291328 0.0394364653713 0.0237653988479 0.022552533797 0.0272794107252 0.064824897016 0.00914224583343 0.0073306306364 0.00102156443552 0.0199152601888 0.0263326867375 0.00538003304049 
0.00429115657916 0.00117925551588 0.00915555119925 0.0227288683869 -0.00746009041725 -0.00175043270095 0.02313518617 0.00791072867667 0.010881208142 0.0299887088618 0.0150223847842 0.0168030481541 0.0147341126877 0.0166330855078 -0.0095651426837 0.0182924675131 0.00262572094034 0.0265526629779 0.0233625874731 0.0132558837754 0.035458303425 -0.00136262592869 0.0405241461798 0.0038836089299 0.013425561752 0.0168161238488 0.000782603177695 0.0230162639884 0.0188809761 0.0206309759629 0.03032837063 0.0165696892803 0.0186878900138 0.00899014715118 0.0149742548912 0.0116667256214 0.015183990825 -0.00342158291329 0.284543147569 0.00190971830991 0.0341962336211 0.02016432485 0.0274771830808 0.010214743252 0.00846690504349 0.00359366116731 -0.00144033903278 0.0067226950733 0.027858508676 0.00683922684319 
-0.0111816367142 0.0188700723602 0.0103008663519 0.00370964801635 0.00973305059503 0.0335416832067 0.0125672553576 0.0335772971236 0.0178481053124 0.00361822769633 0.00886621566334 0.0143075703523 0.022290874888 0.0313434533301 0.0120688294614 0.0154817393569 0.0290927696065 0.0244695595004 0.00450547318254 0.0588701230351 0.0344110994461 0.0292024912771 0.0292090547331 0.0260667840554 0.0450468732136 0.0184706643081 0.0261426484491 0.0233173438446 0.0119901348832 0.0196922995263 0.0318169963016 0.016845251385 0.0175411540606 0.00373030269428 0.0115193642211 0.0106669170203 0.0243888473627 0.0394364653713 0.00190971830991 0.502918448361 0.021778908186 0.015420631554 0.0105235262257 0.00902105121007 0.0448945541306 0.0109073086095 0.00231859489282 0.00670466957022 0.00678849145228 0.0132851306855 
-0.00700203218736 0.0203184873595 0.0549545758956 0.0106794020056 -0.0124445470544 0.0231736672815 0.0472645297544 0.0388828904326 0.0117702433059 0.000831546482485 0.0278002338891 0.0230904248592 0.00465644917274 0.0173845942191 0.0310054947022 0.0133066671745 -0.00417933564414 0.0451185333478 0.0166511782743 0.0838582866015 0.138755573893 0.0311584732456 0.0111201928216 0.0310966354757 0.0357698650365 0.0442067358674 0.0289891699557 -0.0011686079476 0.0127174493258 0.0143749252366 0.0864380295274 0.0150886904244 -0.00747990145839 0.0107902870613 0.0201293601168 0.0070128950603 0.164923634449 0.0237653988479 0.0341962336211 0.021778908186 0.442247464978 0.0201290575596 0.0143901984304 -0.00222680688497 0.0512889176332 0.0175198103861 0.000811251775341 0.0117396796196 0.0374352057667 0.00325371133641 
0.0171617476854 0.0104100310564 0.0413772224627 0.0203142462438 0.0160997818948 0.0391147758177 0.0362418814688 0.0314067884575 0.0378028177014 0.00704517883063 0.00889148022591 0.00664023029751 0.0110340195508 0.0221003312204 5.40978529801e-05 0.0295256113744 0.0101334014809 0.018271926962 -0.00194078921709 0.0237640065101 0.00802870943378 0.0245329542342 0.00626018618313 0.0255017651088 0.0151457324019 0.0169406141989 0.00684822787205 -0.00043810096249 0.0145289563637 0.0238102504921 0.0290561587396 0.0225789520733 0.0106847327563 0.021860450836 0.00898875389447 0.00786421701934 0.0125590718992 0.022552533797 0.02016432485 0.015420631554 0.0201290575596 0.32228382999 0.00284727346624 0.0109149510407 0.0135643864894 0.00963612826863 0.0260960189273 -0.00135967139275 0.00181031358081 0.0146188056393 
0.0295746446017 0.00575659091684 0.00218113212064 0.00455084849387 0.00857582760068 -0.00560807595061 0.0165301982013 0.00729949372013 0.0272804727054 0.0220208421946 0.00844287137691 0.0179845010055 0.0114768617381 0.000621960619216 0.00115519487896 0.0234782682185 0.000498983298759 0.0139380517317 0.0328111411214 0.0322767760784 -0.000527900517505 0.0379978825635 0.0139009954529 0.0204052792509 0.0388302907814 0.00269248408706 0.0194687684543 0.004210651339 0.0125174833578 -0.00773156070202 0.0328388635815 0.0421692807867 0.0169902576635 0.0152317655927 0.0242253861389 -0.00359424747849 0.00996044890792 0.0272794107252 0.0274771830808 0.0105235262257 0.0143901984304 0.00284727346624 0.259500716446 0.011521794883 0.00379530122604 0.0641084490315 0.0371362957281 0.00834628260169 0.00952591610008 0.0176303492258 
0.0114995472423 0.00589772248038 0.00802177785758 0.00312924867589 0.0251244309049 0.0124415341871 0.0177877194306 0.00882261126763 0.0171553907481 -0.00218383604295 0.0180274625309 -0.00234036125338 0.0119368368943 0.0106920683264 0.0102895550578 0.00805578026237 0.0109686815765 0.012150501912 0.013096082803 0.00758048037062 -0.00265832193232 0.00374517192051 0.00965861231476 0.0150525446756 0.00233973166412 -0.00588307456986 0.0149839560159 0.00896683835128 0.021862400422 -0.00781429710777 0.0129550641872 0.0109209560647 -0.00432118089025 0.000397929246549 0.00891988924654 0.00690351560945 0.00357612770731 0.064824897016 0.010214743252 0.00902105121007 -0.00222680688497 0.0109149510407 0.011521794883 0.21084412275 0.0127035471839 -0.00412498213801 -0.00328393544786 0.0115654647009 0.0112301077471 -0.000531560593253 
0.0145628878278 0.00185355841282 0.0442584643975 0.00666168927037 0.018876086436 0.0315929935755 0.0157924110777 0.0210238496707 0.0259922491147 0.00818510270641 0.0276066501906 0.0273239491146 0.0212739194444 0.0415942169173 0.0167896526618 0.00224970686446 0.0139525975296 0.0233862786223 0.00982570763067 0.0344424609681 0.00905486538708 0.0327086029574 0.0265637980908 0.0608270629515 0.0169064292148 0.00976223812453 0.0343139702043 0.00554309861699 0.00308662103654 0.040533771821 0.0327280004216 0.0155319016142 -0.00694593257645 0.00298258518658 0.015190409801 0.00498896843807 0.00891914920695 0.00914224583343 0.00846690504349 0.0448945541306 0.0512889176332 0.0135643864894 0.00379530122604 0.0127035471839 0.361805092358 0.00947688501335 0.00749147221449 0.0104650968652 0.0145050610108 0.00223434355765 
0.0210927540089 0.00314863770633 0.004571438834 0.0240712725336 0.0129959581672 0.011256148883 0.0195617616837 0.000856249810039 -0.00420709138238 0.0356764255281 0.0178520311885 -0.0183366558083 0.0104219096499 -0.00151121119663 0.0215968836519 0.047710513399 0.0252095999544 0.00847343145516 0.00871670475305 0.032549300163 0.0112572924137 -0.00605350946691 0.01111834366 0.0208791185693 0.0122871985707 0.015091694373 0.0108339239769 -0.00230779547557 -0.00656493561128 0.0154489386973 0.0456205410534 0.0368014423588 0.00674079860855 0.00373022405435 0.0150196062713 0.0357503558749 0.0520477950959 0.0073306306364 0.00359366116731 0.0109073086095 0.0175198103861 0.00963612826863 0.0641084490315 -0.00412498213801 0.00947688501335 0.504478260802 0.00410430514568 0.00878756969039 0.0064812783126 0.0529081847821 
0.00971592306628 -0.0154720708427 0.0216435800772 0.00489861312953 -0.0107332022158 0.0105401307489 0.033024866222 -0.0166318666526 0.000713970170045 -0.0148450770308 0.0117131511533 -0.00056229336155 0.0150941987811 0.00118645540841 0.0198279334208 0.0183211228019 -0.0104275652642 0.0210438493475 0.0105617644355 0.0135719560083 0.00237872269511 0.00517908175182 -0.0030579697735 0.02043657325 0.00775570657613 0.0026215671674 0.00386500041479 0.00449016762748 0.0266151578789 0.00343835949799 0.0147669094686 0.0194375873493 0.000167916569514 -0.00290546688686 0.0062550820222 0.0116863341163 0.0145937934296 0.00102156443552 -0.00144033903278 0.00231859489282 0.000811251775341 0.0260960189273 0.0371362957281 -0.00328393544786 0.00749147221449 0.00410430514568 0.998235789187 -0.0127242238043 0.0149962926605 0.00551429600507 
