30
0.0761836706695 0.0441448787565 0.102128665084 0.023015295127 0.0260517267587 0.0726136826411 0.0599327976672 0.0597278634654 0.065735385914 0.123612909007 0.0995242847704 0.200970993098 0.0466521206007 0.148169679735 0.0754552666066 0.0125275076286 0.0540864966038 0.135299445153 0.360667625942 0.0271794955288 0.0594494044175 0.0522856391002 0.0428749123775 0.478952808182 0.0479675113811 0.0785675118811 0.0425593974561 0.0549811443135 0.0418020448473 0.266244884644 
0.401194686823 0.0367230573733 0.0623615160457 0.0113028409019 0.018999845914 0.0282511700802 0.0267285455556 0.0263079372482 0.0194571214361 -0.0230043685665 0.019074073052 0.0167737369371 -0.00519220234192 0.0206121291577 0.0286100427493 0.0256658772855 0.0203772853388 0.0691922554463 0.08646722791 0.00913643245556 0.0264225730481 0.0205752236318 0.0253617720735 0.069550172124 0.014506497839 0.0268917662435 0.0525411799178 0.0287203958663 0.0393798228457 0.026685449549 
0.0367230573733 0.24168881403 0.0230698391898 0.0323762276536 0.0240085884551 0.026463604558 0.0108946083059 0.0250133196851 0.0404501257245 -0.000753358261159 0.021733845567 0.00133873630064 0.0323220703707 0.021621776599 0.026780837368 0.024486346017 0.0301439910757 0.0213852540686 0.0283859131553 0.0201140694608 0.115320628978 0.0351056547442 0.0395119892527 0.00707925189618 0.0372743655249 0.00645944464883 0.0192515596999 0.0143908857677 0.0515987830971 0.0174581182895 
0.0623615160457 0.0230698391898 0.680818800148 0.0174939803457 0.0268788782914 0.035187589479 0.00905950600485 0.00939214566506 0.00375950779868 0.0256437807205 0.0159286677293 0.00328712674227 -0.00120375103242 0.0595608585138 0.0241004643877 0.00625555069677 0.0327053137806 0.0563817773831 0.0657570766561 0.0172348979543 0.0119570112832 0.0323687339444 0.00995927965248 0.029928351668 0.0263351107158 0.0138504012429 0.0263903053488 0.0143778397019 0.0106291548439 0.0272896532597 
0.0113028409019 0.0323762276536 0.0174939803457 0.15522235228 0.0149432680591 0.024189009519 0.0218067505332 0.00383071402193 0.0201038285915 0.00525493870526 0.000969722814082 0.00720862021758 0.0147202192295 0.00497071322026 0.0213153177184 0.018318534249 0.00793427780434 0.0169997026382 0.00251333296843 0.0196330617556 0.0297442985844 0.0223521766893 0.0198527364211 -0.00120987676552 0.0226795338262 0.00666984473876 0.0165097885849 0.00350048326814 0.019698588598 0.0277712391149 
0.018999845914 0.0240085884551 0.0268788782914 0.0149432680591 0.192343534942 0.0329381272284 0.00777316864171 0.0317486093272 0.0181654249168 0.0244082029625 0.0164905063407 -0.00019053328401 0.0189153309868 0.0175364694696 0.0287041730963 0.00687089413601 0.0041552550198 0.018007310007 0.0257972962119 0.00473839599952 0.0282800307132 0.0319546117649 0.012253830948 -0.0144596515916 0.0213788672052 0.0156700945231 0.0286956714702 0.015132970346 0.0320111457201 0.00515911831577 
0.0282511700802 0.026463604558 0.035187589479 0.024189009519 0.0329381272284 0.286016605232 0.0271860339989 0.0461614292496 0.0361246277708 0.0213808835682 0.0346380077058 0.0146410469206 0.0102356614428 0.0205256311719 0.0595217410157 0.0235236765333 0.0211422511093 0.0290375822161 0.0471778874043 0.0233393618981 0.0347529460093 0.0537471484608 0.0312176626187 -0.0045023477533 0.0333213211266 0.00550843184013 0.0274267921355 0.0351726849518 0.0436238361324 0.100126521457 
0.0267285455556 0.0108946083059 0.00905950600485 0.0218067505332 0.00777316864171 0.0271860339989 0.340253521148 0.0151076453645 0.025040459085 0.00816678488374 0.00506395263711 -0.00859257255477 0.00954192176004 0.0320232679493 0.0125365484747 0.0310501381457 0.0241310596575 0.0318810106998 0.0380130385451 0.0104446563364 0.0193723778503 0.0086959221619 0.0179058234789 -0.0235057085262 0.0138133782474 0.0172298970118 0.021547431463 0.0211926321886 0.0155506457525 -0.00482544820795 
0.0263079372482 0.0250133196851 0.00939214566507 0.00383071402193 0.0317486093272 0.0461614292496 0.0151076453645 0.403792792147 0.0248094458653 -0.00201493739986 0.0219435315729 0.0212689448521 0.0108118390819 0.0413939066974 0.0223949164521 0.0120749028493 0.00262648544996 0.0409226802529 0.0411237325711 0.0164391932572 0.0167292526809 0.0157705960286 0.00796729129951 0.0345453842974 0.0250544478352 0.0364287175968 0.0141712654877 0.0148407826344 0.0374056207229 0.0236792539622 
0.0194571214361 0.0404501257245 0.00375950779868 0.0201038285915 0.0181654249168 0.0361246277708 0.025040459085 0.0248094458653 0.26877066212 -0.0128914478584 0.00734609276482 -0.0223305013278 0.0205060853635 0.0172396508405 0.0260412555191 0.0163671588351 0.0204825094295 0.0109176113173 0.0187387068866 0.0324802721071 0.0368247208477 0.0313271420134 0.0226351192608 0.233547990301 0.0188952083324 0.0081360214529 0.00877479460658 -0.000822405405508 0.00964375389404 0.25500408011 
-0.0230043685665 -0.00075335826116 0.0256437807205 0.00525493870527 0.0244082029625 0.0213808835682 0.00816678488374 -0.00201493739986 -0.0128914478584 1.04294945121 0.00519573028116 0.0136175384281 0.00833206161188 0.0200051880718 0.0146137640815 0.0165358566596 0.00836370740051 0.0705262290984 0.0217465251291 -0.00112701698749 -0.0028302068048 0.00407368666702 0.00778014306624 0.0359357245144 -0.000346813890444 0.0277836041578 0.0136037019087 0.0236228949437 -0.0058624425351 -0.0110714186653 
0.019074073052 0.021733845567 0.0159286677294 0.000969722814082 0.0164905063407 0.0346380077058 0.00506395263711 0.0219435315729 0.00734609276482 0.00519573028116 0.429122353954 0.00584753211027 0.040376262631 0.0273150428429 0.0516293639428 0.00851341904179 0.0202022790616 0.136125908272 0.0386308094887 0.00103328032533 0.0124269007747 0.0332638693202 0.0130420389232 0.0775922445355 0.0356406793945 0.00816884825777 0.0115156438283 0.0149910538073 0.0437293896529 0.00133197191185 
0.0167737369371 0.00133873630064 0.00328712674227 0.00720862021758 -0.000190533284009 0.0146410469206 -0.00859257255477 0.0212689448521 -0.0223305013278 0.0136175384281 0.00584753211027 0.908216900309 0.0169134501049 -0.0094698161508 -0.000494052113318 -0.010559639315 0.00112980395778 0.0102687222199 0.00621550751011 0.00656431515462 0.0173768509712 0.0305435958128 0.0143790331925 -0.0106906137507 0.0298667556492 0.204351526974 0.0460547950713 0.0160386739892 0.0157768887825 -0.00348774408483 
-0.00519220234191 0.0323220703707 -0.00120375103242 0.0147202192295 0.0189153309868 0.0102356614428 0.00954192176004 0.0108118390819 0.0205060853635 0.00833206161188 0.040376262631 0.0169134501049 0.26132135543 0.00755970885698 0.0334386000396 0.0134560284541 0.0223231939896 0.0382308468012 0.011278039475 0.0120055808018 0.0300136465603 0.0130114581909 0.0198556800325 0.0163351231158 0.0306150040167 -0.00333859098432 0.020683154511 0.00738467037325 0.0353074698593 -0.00773827873931 
0.0206121291577 0.021621776599 0.0595608585138 0.00497071322026 0.0175364694696 0.0205256311719 0.0320232679493 0.0413939066974 0.0172396508405 0.0200051880718 0.0273150428429 -0.0094698161508 0.00755970885698 0.469034161873 0.0518026357063 0.0436782093386 0.00145016555702 0.0290685221567 0.0218488399822 0.00968543287893 0.0187967786606 0.0166432947278 0.0307636476211 0.000213785207935 0.00626387464396 0.0167766886654 0.00381914414598 0.0126138531713 0.0297457789604 0.0422668178411 
0.0286100427493 0.026780837368 0.0241004643877 0.0213153177184 0.0287041730963 0.0595217410157 0.0125365484747 0.0223949164521 0.0260412555191 0.0146137640815 0.0516293639428 -0.000494052113321 0.0334386000396 0.0518026357063 0.661889568467 0.035849259877 0.0345681916882 0.0145404252622 0.0471522625367 0.0169265312187 0.030817868563 -0.00446701435627 0.00676261664001 0.0538664799383 0.0409778897127 0.0362476255596 0.045004886347 0.0150502251259 0.0445687928711 0.0192688879573 
0.0256658772855 0.024486346017 0.00625555069678 0.0183185342491 0.00687089413603 0.0235236765333 0.0310501381457 0.0120749028493 0.0163671588352 0.0165358566596 0.00851341904179 -0.010559639315 0.0134560284541 0.0436782093386 0.035849259877 0.295911771926 0.0125861672407 0.00638045251982 0.0171612820555 0.00752640867477 0.0138776101133 0.0202554722996 0.0482287755751 -0.0151203443705 0.0225544225801 0.0266922499777 0.0406801045025 0.0345223160146 0.00805864798193 0.00340802352136 
0.0203772853388 0.0301439910757 0.0327053137806 0.00793427780434 0.00415525501981 0.0211422511093 0.0241310596575 0.00262648544996 0.0204825094295 0.00836370740051 0.0202022790616 0.00112980395778 0.0223231939896 0.00145016555702 0.0345681916882 0.0125861672407 0.393600023009 0.0107674032968 0.0194933856239 0.0105678585117 0.0269901579184 0.0169533576484 0.0201138153675 0.023707197548 0.023719849217 0.0172087665308 0.00544151682562 0.0170268694896 0.00364266563414 0.0106422613608 
0.0691922554463 0.0213852540686 0.0563817773831 0.0169997026382 0.018007310007 0.0290375822161 0.0318810106998 0.0409226802529 0.0109176113173 0.0705262290984 0.136125908272 0.0102687222199 0.0382308468012 0.0290685221567 0.0145404252622 0.00638045251982 0.0107674032968 0.53724670726 0.060955983575 0.00698823150622 0.0286968669407 0.0454756827491 0.0110306336667 0.00238200367389 0.0549297959392 0.0162001096198 0.0119370251636 0.00076506168966 0.021429856348 0.00774489065634 
0.08646722791 0.0283859131553 0.0657570766561 0.00251333296843 0.0257972962119 0.0471778874043 0.0380130385451 0.0411237325711 0.0187387068866 0.0217465251291 0.0386308094887 0.00621550751011 0.011278039475 0.0218488399822 0.0471522625367 0.0171612820555 0.0194933856239 0.060955983575 1.16849958378 0.00340902338468 0.0519762266316 0.0124313501298 0.0150444870369 0.190429605759 0.0302268743283 0.02916698407 0.0967219362789 0.0227629183128 0.0250758230621 0.0822910257582 
0.00913643245556 0.0201140694608 0.0172348979543 0.0196330617556 0.00473839599956 0.0233393618981 0.0104446563364 0.0164391932572 0.0324802721071 -0.00112701698749 0.00103328032533 0.00656431515463 0.0120055808018 0.00968543287892 0.0169265312187 0.00752640867477 0.0105678585117 0.00698823150623 0.00340902338468 0.236569055709 0.0323967929727 0.00146203365595 0.0353096642047 0.017594692623 0.00707338715148 0.0177860434282 0.0167192132738 0.0151840036411 0.0136000628425 0.0109736986522 
0.0264225730481 0.115320628978 0.0119570112832 0.0297442985844 0.0282800307132 0.0347529460093 0.0193723778503 0.0167292526809 0.0368247208477 -0.0028302068048 0.0124269007747 0.0173768509712 0.0300136465603 0.0187967786606 0.030817868563 0.0138776101133 0.0269901579184 0.0286968669407 0.0519762266316 0.0323967929727 0.283115670872 0.0409758337533 0.0433672289024 -0.00854575955841 0.0270513987905 0.0198930091501 0.0236922220788 0.00378502880093 0.0509143097279 0.0280081636161 
0.0205752236318 0.0351056547442 0.0323687339444 0.0223521766893 0.0319546117649 0.0537471484608 0.0086959221619 0.0157705960286 0.0313271420134 0.00407368666702 0.0332638693202 0.0305435958128 0.0130114581909 0.0166432947278 -0.00446701435627 0.0202554722996 0.0169533576484 0.0454756827491 0.0124313501298 0.00146203365596 0.0409758337533 0.29423122049 0.0216044412935 0.0130401020945 0.0398007933516 0.00523172664609 0.0124468650063 0.011952969754 0.0276564984844 0.0610902427392 
0.0253617720736 0.0395119892527 0.00995927965248 0.0198527364211 0.0122538309479 0.0312176626187 0.0179058234789 0.00796729129951 0.0226351192608 0.00778014306624 0.0130420389232 0.0143790331925 0.0198556800325 0.0307636476211 0.00676261664001 0.0482287755751 0.0201138153675 0.0110306336667 0.0150444870369 0.0353096642047 0.0433672289024 0.0216044412935 0.255640207541 -0.0433628025372 0.0100351464686 0.0104944317981 0.0339785595291 0.026185495214 0.0167785620771 0.0375117560491 
0.069550172124 0.00707925189618 0.029928351668 -0.00120987676552 -0.0144596515916 -0.0045023477533 -0.0235057085262 0.0345453842974 0.233547990301 0.0359357245144 0.0775922445355 -0.0106906137507 0.0163351231158 0.000213785207936 0.0538664799383 -0.0151203443705 0.023707197548 0.00238200367389 0.190429605759 0.017594692623 -0.00854575955841 0.0130401020945 -0.0433628025372 5.22774887389 -0.00701395465528 0.0154942008608 -0.0215169101818 0.000148239635432 -0.00363258611839 -0.00761386309703 
0.014506497839 0.0372743655249 0.0263351107158 0.0226795338262 0.0213788672052 0.0333213211266 0.0138133782474 0.0250544478352 0.0188952083324 -0.000346813890445 0.0356406793945 0.0298667556492 0.0306150040167 0.00626387464396 0.0409778897127 0.0225544225801 0.023719849217 0.0549297959392 0.0302268743283 0.00707338715149 0.0270513987904 0.0398007933516 0.0100351464686 -0.00701395465528 0.334998514013 0.00727668341721 0.0399705311172 0.0226524385144 0.038047152741 -0.0345724020145 
0.0268917662435 0.00645944464883 0.0138504012429 0.00666984473875 0.0156700945231 0.00550843184013 0.0172298970118 0.0364287175968 0.00813602145289 0.0277836041578 0.00816884825777 0.204351526974 -0.00333859098432 0.0167766886654 0.0362476255596 0.0266922499777 0.0172087665308 0.0162001096198 0.02916698407 0.0177860434282 0.0198930091501 0.00523172664609 0.0104944317981 0.0154942008608 0.00727668341721 0.502583924162 0.0166761080564 0.014235509872 0.0227794998836 0.0167516239022 
0.0525411799178 0.0192515596999 0.0263903053488 0.0165097885849 0.0286956714702 0.0274267921355 0.021547431463 0.0141712654877 0.00877479460658 0.0136037019087 0.0115156438283 0.0460547950713 0.020683154511 0.00381914414598 0.045004886347 0.0406801045025 0.00544151682562 0.0119370251636 0.0967219362789 0.0167192132738 0.0236922220788 0.0124468650063 0.0339785595291 -0.0215169101818 0.0399705311172 0.0166761080564 0.392067521652 0.0137345289807 0.0271753433038 -0.0459843941053 
0.0287203958663 0.0143908857677 0.0143778397019 0.00350048326814 0.015132970346 0.0351726849518 0.0211926321886 0.0148407826344 -0.000822405405507 0.0236228949437 0.0149910538073 0.0160386739892 0.00738467037325 0.0126138531713 0.0150502251259 0.0345223160146 0.0170268694896 0.00076506168966 0.0227629183128 0.0151840036411 0.00378502880093 0.011952969754 0.026185495214 0.000148239635431 0.0226524385144 0.014235509872 0.0137345289807 0.447401880988 -0.00647910789107 0.0186626926357 
0.0393798228457 0.0515987830971 0.0106291548439 0.019698588598 0.0320111457201 0.0436238361324 0.0155506457525 0.0374056207229 0.00964375389406 -0.0058624425351 0.0437293896529 0.0157768887825 0.0353074698593 0.0297457789604 0.0445687928711 0.00805864798193 0.00364266563415 0.021429856348 0.0250758230621 0.0136000628425 0.0509143097279 0.0276564984844 0.0167785620771 -0.00363258611839 0.038047152741 0.0227794998836 0.0271753433037 -0.00647910789107 0.250226944565 -0.00420892534185 
0.026685449549 0.0174581182895 0.0272896532597 0.0277712391149 0.00515911831578 0.100126521457 -0.00482544820794 0.0236792539622 0.25500408011 -0.0110714186653 0.00133197191185 -0.00348774408483 -0.00773827873932 0.0422668178411 0.0192688879573 0.00340802352136 0.0106422613608 0.00774489065634 0.0822910257582 0.0109736986522 0.0280081636161 0.0610902427392 0.0375117560491 -0.00761386309703 -0.0345724020145 0.0167516239022 -0.0459843941053 0.0186626926357 -0.00420892534185 2.25728807896 

['TXN', 'MEL', 'JBL', 'C', 'SEE', 'CAT', 'AGN', 'GR', 'BDX', 'UIS', 'WMB', 'GM', 'EXC', 'Q', 'TIF', 'S', 'GENZ', 'BJS', 'JDSU', 'WYE', 'STT', 'AA', 'CMCSA', 'SBL', 'SWK', 'F', 'BC', 'MIL', 'GWW', 'TLAB']