30
0.0304896250645 0.0223482457603 0.0743289823458 0.123248136701 0.0297209295042 0.023015295127 0.039859092222 0.0256056876134 0.0248608942987 0.042606905642 0.371102806834 0.0220203869342 0.0412963652708 0.0472748306646 0.199130076205 0.0645874353538 0.0599327976672 0.0831725949645 0.0297585566085 0.0936563270582 0.214537342356 0.0291248595558 0.15717092416 0.0155341374053 0.0470472683343 0.0514292405054 0.0559549201136 0.0678674292734 0.0991765707177 0.026407260569 
0.214218445715 0.00957880823963 0.0199832677231 0.00800027625925 0.00484967562784 0.0224857491256 0.00516896828342 0.00855281035074 0.0108552539605 0.020847184513 0.00328645976147 0.0116298590976 0.00893483225041 0.0233667276815 0.0242805125729 0.00587932362054 0.00898088435733 0.00610619178547 0.00364454080025 0.0224979913367 0.00557625122565 -0.00537106766008 -0.000953016967117 0.017574364312 0.0148437236566 0.0101944043899 -0.00559061684397 0.0113286014061 0.00808069104136 0.0109350036209 
0.00957880823962 0.212446781995 0.0355158638434 0.013283129153 0.0212781017119 0.0336178785211 0.0234252093471 0.00425555310551 0.0468817064576 -0.00438806614292 0.00421674089731 0.0152650873576 0.0209559890878 0.00175248456688 0.0183874470283 0.0159145796483 0.0134777537858 -0.00334392148199 0.0209210221299 0.0100720251833 0.0120130124637 0.0100164187555 0.0225701490993 0.00111422063589 0.026654646408 0.0359652250456 0.027627943693 0.0311247183409 0.00828109180431 0.057891668434 
0.0199832677231 0.0355158638434 0.313293041232 0.0308053357568 0.00671178168159 0.0423186065 0.0586261379122 0.0160502704903 0.0531360025748 0.0462740609399 0.0457137513194 0.0268347270759 0.0116020100256 0.0110111102394 0.0455988623719 0.0326794670267 0.0237723045288 0.0488946466553 0.0407670011795 0.039686675141 0.0389685688564 0.0266014252962 0.0692010811289 0.0228372005615 0.0340486201985 0.0995943628619 0.0525602530987 0.0511292994868 0.000671259271939 0.0366007688955 
0.00800027625925 0.013283129153 0.0308053357568 0.472093328137 0.0148742245914 0.0268594276697 0.0170933363204 0.0267682013536 0.0173840920019 0.0448636246255 0.0392757234998 0.0310489039065 0.022137750218 0.00796969109539 0.0614278257135 0.0124618132196 0.0354447109904 0.0751788144934 0.0477632879866 -0.00394894947219 0.0376398790995 0.0188387436252 0.0193517879112 0.00842744715314 0.0273279120413 0.0305535872885 0.0425556546348 0.0235049546804 -0.00141845256748 0.0273161556301 
0.00484967562784 0.0212781017119 0.00671178168159 0.0148742245914 0.220458241212 0.00593814582368 0.00791599825523 0.0146673383464 0.00596885952937 0.00155866248744 0.0125497201008 0.0198927138005 0.0155517128314 0.00641168471555 -0.00666453968857 0.0104379052611 0.0289284441618 0.00245432586529 0.0171737610398 -0.000729004505177 0.0179079156901 0.00511651332953 0.0159722714741 0.00166716964899 0.0178942209454 0.0028125560154 -0.00101384654438 0.0232416242875 0.00671097365192 0.0117689113554 
0.0224857491256 0.0336178785211 0.0423186065 0.0268594276697 0.00593814582368 0.143289943489 0.0211596677411 0.00229547131948 0.0247965001146 0.0080485142026 -0.000446458819213 0.0262369492635 0.0244155073767 0.00712089967858 0.0257821924334 0.00622089387198 0.0178020881962 0.0217886489137 0.00682651914928 0.0144159287646 0.00366424750755 0.00183796565483 0.012761563212 0.0213242535556 0.0179574890409 0.0283903966948 0.0207703167175 0.0152615173371 0.0140579243057 0.0368714599735 
0.00516896828342 0.0234252093471 0.0586261379122 0.0170933363204 0.00791599825523 0.0211596677411 0.275125109923 0.0012960156737 -0.0027488142829 0.0222589930423 0.0336158684473 0.0305808317894 0.00879693214662 -0.0102362965922 0.0266552533321 0.0219379084539 0.0170586568932 0.0388515371574 0.0267171086912 0.0272646947822 0.0366749896119 0.0118561994836 0.0320468194817 0.00562923034264 0.00565375369986 0.0335617288797 0.0423775060196 0.0202614867786 -0.00755057379677 0.0184526024859 
0.00855281035074 0.00425555310551 0.0160502704903 0.0267682013536 0.0146673383464 0.00229547131948 0.0012960156737 0.2198237482 0.00500493255489 0.021593795052 0.01086182799 0.0192279029302 0.000292357220607 0.0192363641977 0.00826822827572 0.013442177481 0.00908619422511 0.00537893340457 0.00397572643927 -0.00349235696403 0.0236809270013 0.00892644866995 0.00464090721235 -0.000964958682848 0.0161407433469 0.0184724117783 0.0133513350961 0.0304393053328 -0.0162742955656 0.0146220014161 
0.0108552539605 0.0468817064576 0.0531360025748 0.0173840920019 0.00596885952937 0.0247965001146 -0.0027488142829 0.00500493255489 0.219109932078 0.0191417204209 0.0116141685347 0.0251535953534 0.0197848454358 0.0175012787398 0.0126654511896 0.0203869691442 0.0132363957331 0.0060985569901 0.0200752860023 0.0297494593617 0.0185346319313 0.0324304761066 0.0262414926466 0.0136830961795 0.0227468168767 0.0324533957516 0.0371437166323 0.0382214695162 -0.00180076055563 0.0499061526416 
0.020847184513 -0.00438806614292 0.0462740609399 0.0448636246255 0.00155866248744 0.0080485142026 0.0222589930423 0.021593795052 0.0191417204209 0.247945881055 0.0122275424301 0.0211680133611 0.00424373337562 0.0319219119714 0.0337326549563 0.0202341953846 0.00655231825518 0.0655384427777 0.0284382091051 0.0129271941194 0.0053585511875 0.0127417401617 0.0175729673573 0.00962186345846 0.0307094762027 0.0240486379243 0.0354424218322 0.0342300375133 -0.0041407393089 0.0194322107369 
0.00328645976147 0.00421674089731 0.0457137513194 0.0392757234998 0.0125497201008 -0.000446458819213 0.0336158684473 0.01086182799 0.0116141685347 0.0122275424301 1.240601845 0.0247233329062 0.00254915584279 0.00540869599007 0.0925230031996 0.0359082842002 0.0196480580098 -0.000894978453195 0.00382363127762 0.0616135668199 0.126290307986 0.00106578094778 0.0893683155018 -0.00061508415428 0.0237469119195 0.034413551232 0.0263083951614 0.0490426916711 0.0454057861047 0.00663336462459 
0.0116298590976 0.0152650873576 0.0268347270759 0.0310489039065 0.0198927138005 0.0262369492635 0.0305808317894 0.0192279029302 0.0251535953534 0.0211680133611 0.0247233329062 0.225112159707 0.00846219874053 0.00367068986969 0.0106316203698 0.0170396601783 0.0415146028989 0.0385707706704 0.0290903807924 0.0393301819936 0.0337221732838 0.00797854176063 0.0402851757884 0.0141927748098 0.0190283318323 0.029278461123 0.0340786912665 0.0355732530019 0.00289093456987 0.0191959310586 
0.00893483225041 0.0209559890878 0.0116020100256 0.022137750218 0.0155517128314 0.0244155073767 0.00879693214662 0.000292357220607 0.0197848454358 0.00424373337562 0.00254915584279 0.00846219874053 0.249731128194 0.00373547750467 0.0110288035657 0.00341988596775 0.0116100424078 0.0152375998092 0.0204543040073 -0.00531452734896 0.0321076401414 0.00305489102391 -0.00692555540022 0.00460387424832 0.0151380646728 0.0196977146856 0.0185282091928 0.0141125279283 0.0126654314575 0.0150331472596 
0.0233667276815 0.00175248456688 0.0110111102394 0.00796969109539 0.00641168471555 0.00712089967858 -0.0102362965922 0.0192363641977 0.0175012787398 0.0319219119714 0.00540869599007 0.00367068986969 0.00373547750467 0.359835051511 -0.00818379869943 0.00903041888104 0.00237525844506 0.00637063136271 0.0159856774029 -0.00107995811865 0.0145601813065 0.00599718479445 0.00386515772895 -0.00256633735304 0.00908146924123 0.00942497805711 0.013019833492 0.0176287591638 -0.00636830754278 0.00939519203369 
0.0242805125729 0.0183874470283 0.0455988623719 0.0614278257135 -0.00666453968857 0.0257821924334 0.0266552533321 0.00826822827572 0.0126654511896 0.0337326549563 0.0925230031996 0.0106316203698 0.0110288035657 -0.00818379869943 0.630718021865 0.0219780090524 0.0410706716657 0.0175331370885 0.0261466096841 0.0205769224776 0.0437588213601 0.0315492930534 0.0514836511938 0.018868291566 0.0180498597603 0.0418923817548 0.0444354456394 0.0322548950363 0.00555752233407 0.0247442211458 
0.00587932362054 0.0159145796483 0.0326794670267 0.0124618132196 0.0104379052611 0.00622089387198 0.0219379084539 0.013442177481 0.0203869691442 0.0202341953846 0.0359082842002 0.0170396601783 0.00341988596775 0.00903041888104 0.0219780090524 0.350288731253 0.00858802721936 0.0197224827385 0.0115706516673 0.0245408672053 0.0653518143022 0.00521952893921 0.0402384901582 0.00707675167288 0.0171573500326 0.014701703707 0.0198222242376 0.0534864867416 -0.0326692673054 0.00864005171216 
0.00898088435733 0.0134777537858 0.0237723045288 0.0354447109904 0.0289284441618 0.0178020881962 0.0170586568932 0.00908619422511 0.0132363957331 0.00655231825518 0.0196480580098 0.0415146028989 0.0116100424078 0.00237525844506 0.0410706716657 0.00858802721936 0.339794506673 0.00523934761135 0.0213086644088 0.00860537687177 0.0230741722279 0.0143261453127 0.0375345540497 0.0171925570214 -0.00171375922856 0.0093312356231 0.00345554086489 0.0239049731924 0.0164168574585 0.011153120759 
0.00610619178547 -0.00334392148199 0.0488946466553 0.0751788144934 0.00245432586529 0.0217886489137 0.0388515371574 0.00537893340457 0.0060985569901 0.0655384427777 -0.000894978453195 0.0385707706704 0.0152375998092 0.00637063136271 0.0175331370885 0.0197224827385 0.00523934761135 0.447966714137 0.0306798083377 0.0284620461244 0.051584526037 0.0317661236164 0.0471166915045 0.0122529724097 0.0260714494943 0.0331224812115 0.0410765589188 0.0179688329897 -0.000427580848693 0.0168809993815 
0.00364454080025 0.0209210221299 0.0407670011795 0.0477632879866 0.0171737610398 0.00682651914928 0.0267171086912 0.00397572643927 0.0200752860023 0.0284382091051 0.00382363127762 0.0290903807924 0.0204543040073 0.0159856774029 0.0261466096841 0.0115706516673 0.0213086644088 0.0306798083377 0.26366413319 0.00495642819156 0.0214567035377 0.0225788076508 0.0290170500454 0.0118304818839 0.0217703266328 0.0268724835436 0.0325034235499 0.0314106126544 0.00714702114698 0.0218657550743 
0.0224979913367 0.0100720251833 0.039686675141 -0.00394894947219 -0.000729004505177 0.0144159287646 0.0272646947822 -0.00349235696403 0.0297494593617 0.0129271941194 0.0616135668199 0.0393301819936 -0.00531452734896 -0.00107995811865 0.0205769224776 0.0245408672053 0.00860537687177 0.0284620461244 0.00495642819156 0.438546098472 0.0682487442595 0.000812918618321 0.023786612038 0.0105348197346 0.0110127999718 0.0202853334528 0.0230911171963 0.00480185405787 0.0244469877563 0.0270413958602 
0.00557625122565 0.0120130124637 0.0389685688564 0.0376398790995 0.0179079156901 0.00366424750755 0.0366749896119 0.0236809270013 0.0185346319313 0.0053585511875 0.126290307986 0.0337221732838 0.0321076401414 0.0145601813065 0.0437588213601 0.0653518143022 0.0230741722279 0.051584526037 0.0214567035377 0.0682487442595 0.959092933551 0.0126776549254 0.160346409016 0.00552694283879 0.00174498894895 0.0198066299977 0.0680527880754 0.0834539783616 0.0328015089536 0.0201948676215 
-0.00537106766008 0.0100164187555 0.0266014252962 0.0188387436252 0.00511651332953 0.00183796565483 0.0118561994836 0.00892644866995 0.0324304761066 0.0127417401617 0.00106578094778 0.00797854176063 0.00305489102391 0.00599718479445 0.0315492930534 0.00521952893921 0.0143261453127 0.0317661236164 0.0225788076508 0.000812918618321 0.0126776549254 0.246481901182 0.0172232493685 0.00514179899772 0.023837591531 0.0203670767582 0.0237145255144 0.0117745538369 0.00608839295738 0.0125999279991 
-0.000953016967116 0.0225701490993 0.0692010811289 0.0193517879112 0.0159722714741 0.012761563212 0.0320468194817 0.00464090721235 0.0262414926466 0.0175729673573 0.0893683155018 0.0402851757884 -0.00692555540022 0.00386515772895 0.0514836511938 0.0402384901582 0.0375345540497 0.0471166915045 0.0290170500454 0.023786612038 0.160346409016 0.0172232493685 0.613098110231 0.012235575345 0.0212593764067 0.0508891803614 0.0439421766086 0.0328599706342 -0.0339939225031 0.0262918207501 
0.017574364312 0.00111422063589 0.0228372005615 0.00842744715314 0.00166716964899 0.0213242535556 0.00562923034264 -0.000964958682848 0.0136830961795 0.00962186345846 -0.00061508415428 0.0141927748098 0.00460387424832 -0.00256633735304 0.018868291566 0.00707675167288 0.0171925570214 0.0122529724097 0.0118304818839 0.0105348197346 0.00552694283879 0.00514179899772 0.012235575345 0.191162829499 0.0107611440947 0.0216916777267 0.00264699992532 0.0188846890831 -0.000441700647063 0.00996762588219 
0.0148437236566 0.026654646408 0.0340486201985 0.0273279120413 0.0178942209454 0.0179574890409 0.00565375369986 0.0161407433469 0.0227468168767 0.0307094762027 0.0237469119195 0.0190283318323 0.0151380646728 0.00908146924123 0.0180498597603 0.0171573500326 -0.00171375922856 0.0260714494943 0.0217703266328 0.0110127999718 0.00174498894895 0.023837591531 0.0212593764067 0.0107611440947 0.212307258177 0.0202003059786 0.0386846444372 0.0336823511693 0.0107793014212 0.0261520714037 
0.0101944043899 0.0359652250456 0.0995943628619 0.0305535872885 0.0028125560154 0.0283903966948 0.0335617288797 0.0184724117783 0.0324533957516 0.0240486379243 0.034413551232 0.029278461123 0.0196977146856 0.00942497805711 0.0418923817548 0.014701703707 0.0093312356231 0.0331224812115 0.0268724835436 0.0202853334528 0.0198066299977 0.0203670767582 0.0508891803614 0.0216916777267 0.0202003059786 0.19588385703 0.0331831033822 0.0270760262744 0.00547917875679 0.0300295050269 
-0.00559061684397 0.027627943693 0.0525602530987 0.0425556546348 -0.00101384654438 0.0207703167175 0.0423775060196 0.0133513350961 0.0371437166323 0.0354424218322 0.0263083951614 0.0340786912665 0.0185282091928 0.013019833492 0.0444354456394 0.0198222242376 0.00345554086489 0.0410765589188 0.0325034235499 0.0230911171963 0.0680527880754 0.0237145255144 0.0439421766086 0.00264699992532 0.0386846444372 0.0331831033822 0.269989458361 0.0264734832258 0.00866810997175 0.0300080824804 
0.0113286014061 0.0311247183409 0.0511292994868 0.0235049546804 0.0232416242875 0.0152615173371 0.0202614867786 0.0304393053328 0.0382214695162 0.0342300375133 0.0490426916711 0.0355732530019 0.0141125279283 0.0176287591638 0.0322548950363 0.0534864867416 0.0239049731924 0.0179688329897 0.0314106126544 0.00480185405787 0.0834539783616 0.0117745538369 0.0328599706342 0.0188846890831 0.0336823511693 0.0270760262744 0.0264734832258 0.400526913465 -0.0130230620455 0.013677149228 
0.00808069104136 0.00828109180431 0.000671259271939 -0.00141845256748 0.00671097365192 0.0140579243057 -0.00755057379677 -0.0162742955656 -0.00180076055563 -0.0041407393089 0.0454057861047 0.00289093456987 0.0126654314575 -0.00636830754278 0.00555752233407 -0.0326692673054 0.0164168574585 -0.000427580848693 0.00714702114698 0.0244469877563 0.0328015089536 0.00608839295738 -0.0339939225031 -0.000441700647063 0.0107793014212 0.00547917875679 0.00866810997175 -0.0130230620455 0.63953454629 -6.6622705578e-05 
0.0109350036209 0.057891668434 0.0366007688955 0.0273161556301 0.0117689113554 0.0368714599735 0.0184526024859 0.0146220014161 0.0499061526416 0.0194322107369 0.00663336462459 0.0191959310586 0.0150331472596 0.00939519203369 0.0247442211458 0.00864005171216 0.011153120759 0.0168809993815 0.0218657550743 0.0270413958602 0.0201948676215 0.0125999279991 0.0262918207501 0.00996762588219 0.0261520714037 0.0300295050269 0.0300080824804 0.013677149228 -6.6622705578e-05 0.2060501607 

['HNZ', 'CMA', 'LEH', 'GILD', 'TAP', 'C', 'CIT', 'CLX', 'SNV', 'UTX', 'CIEN', 'MTG', 'KR', 'DGX', 'PD', 'KSS', 'AGN', 'YHOO', 'LLL', 'AV', 'PMCS', 'MSFT', 'GLW', 'MDP', 'EQR', 'MER', 'PCAR', 'FD', 'MYL', 'NCC']