20
0.0482651065397 0.0285995604788 0.0383245101253 0.066200000993 0.0361599942098 0.0289058353667 0.542098982398 0.15397042743 0.142835786571 0.127416862275 0.0436219100546 0.100974868985 0.0597278634654 0.0335830315084 0.105459344027 0.0206637964956 0.148705689344 0.0244433913508 0.0584548507687 0.0442487549982 
0.310996527828 0.0443542873206 0.0510655059291 0.0256334265468 0.0130062077646 0.0218395131128 -0.00792691726218 0.00754349351473 0.0139317064272 0.02935891647 0.0218660544724 0.0375718758972 0.0322245706434 0.033434975074 0.0257834519304 0.0279282269001 0.0108879298173 0.00672699016974 0.0245539224547 0.0275864080392 
0.0443542873206 0.277848036847 0.0551300046483 0.0518091579208 0.0117182899218 0.0514455365739 -0.0111979362779 -0.00458175200317 0.0221978984968 0.00343478630446 0.0367241680613 0.0332568103777 0.0185398807502 -0.000359758852324 0.0289283491369 0.0271512671335 -0.00541566607772 0.0130679251441 0.0327271794759 0.00835256697462 
0.0510655059291 0.0551300046483 0.333350823919 0.0442858164422 0.010357531218 0.0426751695574 0.00988424275517 0.0173096932032 0.020258918756 0.0189619157453 0.0294378581219 0.0511003622483 0.0307328238247 0.0395324215454 0.0143742308042 0.0177486332608 0.0166916655146 0.0116668617887 0.0292244228272 0.0113926544434 
0.0256334265468 0.0518091579208 0.0442858164422 0.652886170073 0.0531719638068 0.0112255908679 -0.012106483117 0.00557619946765 0.00572368430953 0.0222875444404 0.019056326394 0.0325852732753 -0.00526354299633 -0.00823258777843 0.0105652918128 0.0246211853011 0.00444837776344 0.00594945231415 0.0594731740337 0.0185428473998 
0.0130062077646 0.0117182899218 0.010357531218 0.0531719638068 0.246374184429 0.0191666592421 0.0293888685503 0.0420155495048 0.00565645283174 0.0329230340218 0.0297073542368 0.0124830081733 0.0152171537213 0.0119665322145 0.00351537210048 0.0178608799768 0.0074953416237 -0.000110961773923 0.0414815801356 0.0157135892753 
0.0218395131128 0.0514455365739 0.0426751695574 0.0112255908679 0.0191666592421 0.236212969135 0.0487901791142 -0.0129194963584 0.00226876691135 0.0350314674299 0.0410662307951 0.0205418666106 0.0483200770161 0.0241003297408 -0.00105344307427 0.0343021573097 0.022582985372 0.0270081324646 0.0214887765958 0.0143958620282 
-0.00792691726218 -0.0111979362779 0.00988424275517 -0.012106483117 0.0293888685503 0.0487901791142 8.19409115152 0.0975678319271 0.0129586500869 0.0896455281094 0.0106809968868 0.0251387782528 -0.0269874181552 0.02978993155 0.0166431279792 0.0328328769499 0.0145926966645 0.0235705805536 0.0259702898685 0.0261350301504 
0.00754349351474 -0.00458175200317 0.0173096932032 0.00557619946765 0.0420155495048 -0.0129194963584 0.0975678319271 0.607489131927 0.0271820807129 0.160361578412 0.01427748923 0.0222294354802 0.0420648124722 0.0128639011599 0.00221313007591 -0.000176406106236 0.0502973191901 -0.00519620044561 0.0347640170644 0.00537074483083 
0.0139317064273 0.0221978984968 0.0202589187561 0.00572368430955 0.00565645283175 0.00226876691135 0.0129586500869 0.0271820807129 1.25485077957 0.00114476672739 0.00794435726452 0.0262989708966 -0.00424640016066 0.0286587853926 0.00899754866219 0.0266085669898 0.00355643117243 0.00281975202291 -0.00281306420099 0.00777142163915 
0.02935891647 0.00343478630446 0.0189619157453 0.0222875444404 0.0329230340218 0.0350314674299 0.0896455281094 0.160361578412 0.00114476672737 0.46887635997 0.0197147784647 0.0285596510289 0.0392548814997 0.00259797199654 0.00862145244153 0.0167875692852 0.0206150017603 -0.00265878665826 0.0289261489494 0.00154549824286 
0.0218660544723 0.0367241680613 0.0294378581219 0.019056326394 0.0297073542368 0.0410662307951 0.0106809968868 0.01427748923 0.0079443572645 0.0197147784646 0.324783783529 0.0181339994732 0.0240721868187 0.0390159855134 0.045398334638 0.0235634075854 0.0543061333285 0.0294624208564 0.0533440875441 0.013310456685 
0.0375718758972 0.0332568103777 0.0511003622483 0.0325852732753 0.0124830081733 0.0205418666106 0.0251387782528 0.0222294354802 0.0262989708966 0.0285596510289 0.0181339994732 0.479892844898 0.0343219174979 0.0186915665055 0.0216188563816 0.0221596697785 0.0286937103555 0.0568178570431 0.0234769740723 0.0291660995167 
0.0322245706434 0.0185398807502 0.0307328238247 -0.00526354299633 0.0152171537213 0.0483200770161 -0.0269874181552 0.0420648124722 -0.00424640016068 0.0392548814997 0.0240721868187 0.0343219174979 0.407418478673 0.0214577089176 0.0114491432075 0.0249979203836 0.0553167200684 0.0177877260088 0.017396576795 0.00338956107977 
0.033434975074 -0.000359758852322 0.0395324215454 -0.00823258777843 0.0119665322145 0.0241003297408 0.02978993155 0.0128639011599 0.0286587853926 0.00259797199654 0.0390159855134 0.0186915665055 0.0214577089176 0.306837835011 0.0381913777024 0.00860192877062 0.0749151074157 0.00302645303858 0.0326523532611 0.0310219594198 
0.0257834519304 0.0289283491369 0.0143742308042 0.0105652918128 0.00351537210048 -0.00105344307427 0.0166431279792 0.00221313007591 0.00899754866215 0.00862145244153 0.045398334638 0.0216188563816 0.0114491432075 0.0381913777024 0.759817596094 0.0134305563056 0.0387623981093 0.0119105676648 0.0355750504959 0.0191368291102 
0.0279282269001 0.0271512671335 0.0177486332608 0.0246211853011 0.0178608799768 0.0343021573097 0.0328328769499 -0.000176406106235 0.0266085669898 0.0167875692852 0.0235634075854 0.0221596697785 0.0249979203836 0.00860192877062 0.0134305563056 0.158376268189 0.0174774325921 0.0230711577201 0.0279293603476 0.02752905206 
0.0108879298173 -0.00541566607772 0.0166916655146 0.00444837776344 0.0074953416237 0.022582985372 0.0145926966645 0.0502973191901 0.0035564311724 0.0206150017603 0.0543061333285 0.0286937103555 0.0553167200684 0.0749151074157 0.0387623981093 0.0174774325921 0.642390772702 0.00676616820588 0.0350912233342 0.0935591579877 
0.00672699016974 0.0130679251441 0.0116668617887 0.00594945231415 -0.000110961773923 0.0270081324646 0.0235705805536 -0.00519620044561 0.00281975202291 -0.00265878665826 0.0294624208564 0.0568178570431 0.0177877260088 0.00302645303858 0.0119105676648 0.0230711577201 0.00676616820588 0.187100895111 0.015391800906 0.00974388120255 
0.0245539224547 0.0327271794759 0.0292244228272 0.0594731740337 0.0414815801356 0.0214887765958 0.0259702898685 0.0347640170644 -0.002813064201 0.0289261489494 0.0533440875441 0.0234769740723 0.017396576795 0.0326523532611 0.0355750504959 0.0279293603476 0.0350912233342 0.015391800906 0.253040921233 0.0183721007877 
0.0275864080392 0.00835256697462 0.0113926544434 0.0185428473998 0.0157135892753 0.0143958620282 0.0261350301504 0.00537074483083 0.00777142163915 0.00154549824286 0.013310456685 0.0291660995167 0.00338956107977 0.0310219594198 0.0191368291102 0.02752905206 0.0935591579877 0.00974388120255 0.0183721007877 0.268643785535 

['MCD', 'PGR', 'BBBY', 'AVP', 'PPL', 'STA', 'VIA.B', 'VLO', 'THC', 'RIG', 'NTRS', 'ODP', 'GR', 'LLTC', 'TEK', 'AIG', 'MU', 'BUD', 'PLD', 'DIS']