30
0.0428749123775 0.101481112582 0.0220203869342 0.0260517267587 0.0540864966038 0.00699576056141 0.478952808182 0.0353466838873 0.0559384191954 0.0565518641406 0.0850489592031 0.0396471392927 0.126305303483 0.0161403943775 0.0752984700253 0.143796644659 0.0590558874601 0.0426672552596 0.0377989606714 0.067654701563 0.025657065471 0.0738036440579 0.0459594094694 0.0439476996979 0.0157982173188 0.0191748751409 0.116671338284 0.0572050688987 0.118355026327 0.10135047428 
0.254901650673 0.0198819682153 0.0274487541593 0.00825035265741 0.0194164486276 0.0156038519666 -0.0418447989843 0.0184700634853 0.018747620129 0.0265963054077 0.0404107315274 0.0235000014125 0.0217409986705 0.00986265497013 0.0108436935512 0.0348758581105 0.0164738492992 0.0235441734959 0.0425975426437 0.0351597676833 0.0336964222749 0.0197633591761 0.0328122045974 0.00182164601351 0.00397805456281 0.0255450498546 0.00202262632569 0.00696613461235 0.0306398811552 0.0446424008515 
0.0198819682153 0.926151212868 -0.00798225244784 0.0127002525934 0.00387118065816 0.00124645723417 -0.00977523305723 0.00732440793763 0.0115854484152 0.00718586590614 -0.00119300427537 0.0276260776004 0.00904134953863 0.0122717738393 0.0040659708956 0.0151518735956 0.00993996295392 0.0104422780153 0.0640916539996 -0.00695152857402 0.00716150417961 -0.0007797724686 0.00302666725482 -0.00196160754081 0.00567456455878 0.00598342886139 0.0125848078967 -0.00674378923146 0.0131279450619 0.0458150748446 
0.0274487541593 -0.00798225244784 0.221354335861 0.0256405337059 0.0188168003753 0.00623546617214 -0.000408775797591 0.0194540078062 0.0123690209504 0.0109385885455 0.0285525086415 0.00609887263601 0.00907217473052 0.0145094392868 0.0295123604552 0.0463483938567 0.0177159193342 0.0334358829821 0.0399834341418 0.00487554307025 0.0210691417685 0.0129768576468 0.078885435448 0.00803896031015 -0.00205107579508 0.0388094838361 0.0293334945153 0.0175718577763 0.0328632033287 0.0235611406608 
0.00825035265741 0.0127002525934 0.0256405337059 0.192106233553 0.00572069598423 0.0141466521066 -0.0120472727884 0.0138715039049 0.0152805810707 0.0251112315543 0.0269097224201 0.00941988775004 0.0255010926598 -0.000238369598754 0.0148569995006 0.0513868158244 0.00356423710032 0.0116462363074 0.0286264281983 0.0100711190561 0.0171401795938 0.0419537265358 0.0117857423304 0.0153955309778 -0.00213458595421 0.0231068578592 0.0136004863168 0.0233432254532 0.0283452982459 0.0257125285066 
0.0194164486276 0.00387118065816 0.0188168003753 0.00572069598423 0.395293824486 0.0120397154004 0.0263237938855 0.0103555519306 0.00266552357028 0.0198990944276 0.00685090088126 0.0140284470183 0.00283863867404 0.0151007477087 0.0146043965666 0.042248117632 0.0106744130559 0.0196380721749 0.0154095734375 0.0173920238602 0.0214218955854 0.0164904034002 0.0329472686744 0.0129208533776 0.0169097782871 0.00842307253352 0.00131789157822 0.0136914098634 0.00947657844614 0.023613480971 
0.0156038519666 0.00124645723417 0.00623546617214 0.0141466521066 0.0120397154004 0.152569984638 -0.00966604677814 0.0107415014762 0.00836461094289 0.0230245422783 0.0149338045294 0.0510083822029 0.0166775708539 0.00200778427464 0.0128165817432 -0.00149273037271 0.0196062066436 0.0195499638316 -0.00022027054013 0.025965624931 0.0193430052625 0.0091013106309 0.0116944878186 0.00584610586436 0.0203009659841 0.0100861418383 0.00328553059312 0.0136364657422 0.00934673023565 0.00497592717513 
-0.0418447989843 -0.00977523305723 -0.000408775797591 -0.0120472727884 0.0263237938855 -0.00966604677814 5.23746853003 -0.0079142895393 0.0155588837603 -0.00995177053528 0.0110422659082 0.000228336718513 0.0233086600428 -0.00103112916138 -0.0134773962116 -0.00227418571501 -0.0070870632458 -0.00615054687695 0.0263277395756 -0.00439233072975 -0.00484281771857 -0.00916089284446 -0.0247293666954 0.00527204152228 -0.0131945235122 -0.00858521146731 0.0121074907156 -0.00924743355543 0.0685800766757 0.0270467095101 
0.0184700634853 0.00732440793764 0.0194540078062 0.0138715039049 0.0103555519306 0.0107415014762 -0.0079142895393 0.265545452728 0.0176340668559 0.0282811981326 -0.00369219686609 0.0161599467636 0.00523834012367 0.0125444953535 0.012284565622 0.0338148173479 0.0308235171919 0.0128406032779 0.0142296489679 0.0120673958955 0.0693255571263 0.00728369136661 0.0364533975846 0.00338846809281 0.00904294749375 0.0190968885946 0.0240870972256 0.0147131644477 0.0165363588233 0.0373311471112 
0.018747620129 0.0115854484152 0.0123690209504 0.0152805810707 0.00266552357028 0.00836461094289 0.0155588837603 0.0176340668559 0.238694636657 0.0272975768478 0.0186399416727 0.00183266947017 0.00450734727579 0.0134110161335 0.0234170734198 0.0326694540026 -0.00965647277465 0.0169294636467 0.0247925788485 0.0127676726591 0.0162861562303 0.0162064788616 0.0243241122332 0.00958782297835 0.00879697245921 0.0221327277987 0.0282977083267 0.0267571811444 0.0347772868593 0.0378620729948 
0.0265963054077 0.00718586590614 0.0109385885455 0.0251112315543 0.0198990944276 0.0230245422783 -0.00995177053528 0.0282811981326 0.0272975768478 0.239332540914 0.0488744492306 0.0278796971963 0.0170123294487 0.00889123974329 0.00600515500207 0.037942305065 0.0187153891177 0.0801435163341 0.0168130127175 0.0189284165876 0.016185372996 0.0362558063114 0.0303555768532 0.00912772933049 0.0110538037783 0.0234837381195 0.0306243325739 0.027142449324 0.0268517320226 0.0450344191674 
0.0404107315274 -0.00119300427539 0.0285525086415 0.0269097224201 0.00685090088126 0.0149338045294 0.0110422659082 -0.00369219686609 0.0186399416727 0.0488744492306 0.722548127806 -0.000393343282749 0.0456330156749 -0.00247152644555 0.0331434304522 0.0773702765836 0.0013226685943 0.0390609362173 0.0149995058979 0.00658367766813 0.0203950027958 0.0277593923394 0.0299656159183 0.0126145048164 0.0266045519252 0.00981348161414 0.0180697038605 0.0227714085023 0.0186884219101 0.0422504388835 
0.0235000014125 0.0276260776004 0.00609887263601 0.00941988775004 0.0140284470183 0.0510083822029 0.000228336718513 0.0161599467636 0.00183266947017 0.0278796971963 -0.000393343282749 0.273802098508 0.0277002597399 0.0129810242175 0.016841524687 0.0476600550134 0.0117504610354 0.0394356026472 0.00389018365869 0.0323222385232 0.026604128859 0.00676552793895 0.0113818579522 0.00704524872894 0.025198245806 0.0227056436515 0.0243186133834 0.0105919915439 0.0173703368436 0.0248392256505 
0.0217409986705 0.00904134953862 0.00907217473052 0.0255010926598 0.00283863867404 0.0166775708539 0.0233086600428 0.00523834012367 0.00450734727579 0.0170123294487 0.0456330156749 0.0277002597399 0.488287975968 -2.00869262429e-06 0.0445903949332 0.0899388019669 -0.0037083766305 0.012727456468 0.0378810016498 -0.0025414265815 0.0024212162143 0.0167768824878 0.00390843724522 0.00592306859746 -0.00277164300168 0.00996780665027 0.0259883143178 0.0430337362418 0.0146637379762 0.0327994102487 
0.00986265497013 0.0122717738393 0.0145094392868 -0.000238369598754 0.0151007477087 0.00200778427464 -0.00103112916138 0.0125444953535 0.0134110161335 0.00889123974329 -0.00247152644555 0.0129810242175 -2.00869262448e-06 0.178222358301 0.0100317447051 0.00806592882881 0.0281357375654 0.0124094415095 0.00294394071053 0.0179795200095 0.0226046656716 0.0084496474241 0.00588981396365 0.0115563293241 0.00798574406635 0.00902953455128 0.00227846576175 0.0134982504818 -0.00470248517504 0.0188614456377 
0.0108436935512 0.0040659708956 0.0295123604552 0.0148569995006 0.0146043965666 0.0128165817432 -0.0134773962116 0.012284565622 0.0234170734198 0.00600515500207 0.0331434304522 0.016841524687 0.0445903949332 0.0100317447051 0.479879761017 0.137730114081 0.0297658953878 0.00386768307994 0.044813016351 0.018820959309 0.0200006538174 0.0221128930803 0.0445154356128 0.0130828425307 0.0213524897093 0.0253177328762 0.0140745518596 0.0259171137686 0.0354676297726 0.00346303713425 
0.0348758581105 0.0151518735956 0.0463483938567 0.0513868158244 0.042248117632 -0.00149273037271 -0.00227418571501 0.0338148173479 0.0326694540026 0.037942305065 0.0773702765836 0.0476600550134 0.0899388019669 0.00806592882881 0.137730114081 0.627267384016 0.00972111296391 0.0346643187052 0.0927156875524 0.0225088419751 0.0471392522464 0.0760743437506 0.047828247967 0.0193449150973 0.000567643542252 0.0435338815074 0.0720497671213 0.0514112226681 0.0337062904565 0.0748067260795 
0.0164738492992 0.00993996295395 0.0177159193342 0.00356423710032 0.0106744130559 0.0196062066436 -0.0070870632458 0.0308235171919 -0.00965647277465 0.0187153891177 0.00132266859429 0.0117504610354 -0.00370837663051 0.0281357375654 0.0297658953878 0.0097211129639 0.722590795899 0.0320665845499 0.03259286944 0.0115411133094 0.0161494840107 0.0021340107285 0.0258449739317 0.00991272733992 0.026265857394 0.0414919182768 -0.00360999764252 0.00395733396855 0.00915273282105 0.0145880554597 
0.0235441734959 0.0104422780153 0.0334358829821 0.0116462363074 0.0196380721749 0.0195499638316 -0.00615054687695 0.0128406032779 0.0169294636467 0.0801435163341 0.0390609362173 0.0394356026472 0.012727456468 0.0124094415095 0.00386768307994 0.0346643187052 0.0320665845499 0.199883544186 0.0229150188323 0.0150183418457 0.0232093069445 0.0282686417199 0.00888498846799 0.00950481484453 0.0132259934679 0.0252902058628 0.0154241222994 0.0148904284942 0.0226540697151 0.0287182186252 
0.0425975426437 0.0640916539996 0.0399834341418 0.0286264281983 0.0154095734375 -0.000220270540129 0.0263277395756 0.0142296489679 0.0247925788485 0.0168130127175 0.0149995058979 0.00389018365869 0.0378810016498 0.00294394071053 0.044813016351 0.0927156875524 0.03259286944 0.0229150188323 0.333585539169 -0.000179624161201 0.0196957855698 0.0316981202707 0.0272871678199 0.00804926925747 -0.000211190659867 0.0130975441111 0.0320469008751 0.0364249667463 0.0413500596766 0.0881597707511 
0.0351597676833 -0.00695152857402 0.00487554307025 0.0100711190561 0.0173920238602 0.025965624931 -0.00439233072975 0.0120673958955 0.0127676726591 0.0189284165876 0.00658367766813 0.0323222385232 -0.0025414265815 0.0179795200095 0.018820959309 0.0225088419751 0.0115411133094 0.0150183418457 -0.0001796241612 0.385733437722 0.0181892957256 0.0160287625812 0.0147430662491 0.00207471565605 0.00906445656964 0.0163702584577 -0.0114091215075 0.00854961001644 0.00966684911964 0.0167442734548 
0.0336964222749 0.00716150417961 0.0210691417685 0.0171401795938 0.0214218955854 0.0193430052625 -0.00484281771857 0.0693255571263 0.0162861562303 0.016185372996 0.0203950027958 0.026604128859 0.0024212162143 0.0226046656716 0.0200006538174 0.0471392522464 0.0161494840107 0.0232093069445 0.0196957855698 0.0181892957256 0.181843313326 0.0154434944018 0.0238002459798 0.019151174913 0.0218118781825 0.0301251105789 0.0164086232131 0.0411642736183 0.0222219582103 0.0265039036103 
0.0197633591761 -0.000779772468601 0.0129768576468 0.0419537265358 0.0164904034002 0.0091013106309 -0.00916089284446 0.0072836913666 0.0162064788616 0.0362558063114 0.0277593923394 0.00676552793895 0.0167768824878 0.0084496474241 0.0221128930803 0.0760743437506 0.0021340107285 0.0282686417199 0.0316981202707 0.0160287625812 0.0154434944018 0.359504492971 0.0073837346098 0.0102359102789 0.0145077866753 0.00371552218143 0.0177362807536 0.0157178821831 0.0170725872789 0.0369148092555 
0.0328122045974 0.00302666725483 0.078885435448 0.0117857423304 0.0329472686744 0.0116944878186 -0.0247293666954 0.0364533975846 0.0243241122332 0.0303555768532 0.0299656159183 0.0113818579522 0.00390843724522 0.00588981396365 0.0445154356128 0.047828247967 0.0258449739317 0.00888498846799 0.0272871678199 0.0147430662491 0.0238002459798 0.0073837346098 0.347465794558 0.00401464739979 0.00846351860842 0.0255893151864 0.0153461094392 0.0319927342242 0.0193348978667 0.0399558052411 
0.00182164601351 -0.00196160754081 0.00803896031015 0.0153955309778 0.0129208533776 0.00584610586436 0.00527204152228 0.00338846809281 0.00958782297835 0.00912772933049 0.0126145048164 0.00704524872894 0.00592306859746 0.0115563293241 0.0130828425307 0.0193449150973 0.00991272733992 0.00950481484453 0.00804926925747 0.00207471565605 0.019151174913 0.0102359102789 0.00401464739979 0.193405996007 0.00402028480886 0.00124021482152 -0.00283120738283 0.0285483748032 0.021736457015 0.00669707385546 
0.00397805456281 0.00567456455878 -0.00205107579508 -0.00213458595421 0.0169097782871 0.0203009659841 -0.0131945235122 0.00904294749375 0.00879697245921 0.0110538037783 0.0266045519252 0.025198245806 -0.00277164300168 0.00798574406635 0.0213524897093 0.000567643542252 0.026265857394 0.0132259934679 -0.000211190659868 0.00906445656964 0.0218118781825 0.0145077866753 0.00846351860842 0.00402028480886 0.237170157221 0.0105217232383 0.0166422628511 0.0105769820646 0.0201231907095 0.00573141660834 
0.0255450498546 0.00598342886139 0.0388094838361 0.0231068578592 0.00842307253352 0.0100861418383 -0.00858521146731 0.0190968885946 0.0221327277987 0.0234837381195 0.00981348161413 0.0227056436515 0.00996780665027 0.00902953455128 0.0253177328762 0.0435338815074 0.0414919182768 0.0252902058628 0.0130975441111 0.0163702584577 0.0301251105789 0.00371552218144 0.0255893151864 0.00124021482152 0.0105217232383 0.177928525371 0.0257457953964 0.00737957069086 0.00069955753822 0.0199789675689 
0.00202262632569 0.0125848078967 0.0293334945153 0.0136004863168 0.00131789157822 0.00328553059312 0.0121074907156 0.0240870972256 0.0282977083267 0.0306243325739 0.0180697038605 0.0243186133834 0.0259883143178 0.00227846576174 0.0140745518596 0.0720497671213 -0.00360999764252 0.0154241222994 0.0320469008751 -0.0114091215075 0.0164086232131 0.0177362807536 0.0153461094392 -0.00283120738283 0.0166422628511 0.0257457953964 1.07459719146 0.0270578258011 0.010978493994 0.0273780649513 
0.00696613461235 -0.00674378923146 0.0175718577763 0.0233432254532 0.0136914098634 0.0136364657422 -0.00924743355543 0.0147131644477 0.0267571811444 0.027142449324 0.0227714085023 0.0105919915439 0.0430337362418 0.0134982504818 0.0259171137686 0.0514112226681 0.00395733396855 0.0148904284942 0.0364249667463 0.00854961001644 0.0411642736183 0.0157178821831 0.0319927342242 0.0285483748032 0.0105769820646 0.00737957069086 0.0270578258011 0.261698192644 0.0173892681354 0.0376429354393 
0.0306398811552 0.0131279450619 0.0328632033287 0.0283452982459 0.00947657844614 0.00934673023565 0.0685800766757 0.0165363588233 0.0347772868593 0.0268517320226 0.0186884219101 0.0173703368436 0.0146637379762 -0.00470248517504 0.0354676297726 0.0337062904565 0.00915273282105 0.0226540697151 0.0413500596766 0.00966684911964 0.0222219582103 0.0170725872789 0.0193348978667 0.021736457015 0.0201231907095 0.000699557538221 0.010978493994 0.0173892681354 0.574768389037 0.036878628218 
0.0446424008515 0.0458150748446 0.0235611406608 0.0257125285066 0.023613480971 0.00497592717513 0.0270467095101 0.0373311471112 0.0378620729948 0.0450344191674 0.0422504388835 0.0248392256505 0.0327994102487 0.0188614456377 0.00346303713425 0.0748067260795 0.0145880554597 0.0287182186252 0.0881597707511 0.0167442734548 0.0265039036103 0.0369148092554 0.0399558052411 0.00669707385546 0.00573141660834 0.0199789675689 0.0273780649513 0.0376429354393 0.036878628218 0.577754679492 

['CMCSA', 'CSCO', 'MTG', 'SEE', 'GENZ', 'DTE', 'SBL', 'RF', 'TMO', 'AIV', 'EBAY', 'EIX', 'BHI', 'JNJ', 'STJ', 'ET', 'BOL', 'VNO', 'MXIM', 'SWY', 'BBT', 'SHW', 'MBI', 'LH', 'HSY', 'AFL', 'RHI', 'CBE', 'DDS', 'LSI']