50
0.0266110290159 0.164482556217 0.169485482474 0.0231907610599 0.0235207120966 0.162626926374 0.0197813299257 0.0487859931196 0.0348883512333 0.0784336943662 0.0446705301477 0.0130713531851 0.0623322546876 0.126302472887 0.0331056926512 0.0589662330248 0.0132097716294 0.138528932385 0.140066530531 0.0291248595558 0.0255776045185 0.147407151382 0.104005811155 0.0123991351417 0.0313696733512 0.0599327976672 0.080285366307 0.0466521206007 0.0594687244428 0.0447966226616 0.0285507317948 0.542098982398 0.02736418452 0.00422555400052 0.0276848810082 0.0672535079153 0.0374431650663 0.116671338284 0.100974868985 0.114457978761 0.0933125666969 0.136312174374 0.0054327763703 0.0290232005544 0.0318751717172 0.0355019489908 0.0387981152642 0.0743289823458 0.0570579479668 0.103528049483 
0.283340024731 0.0151622570458 -0.00325411573592 -0.0105220459993 -0.000946877377037 -0.00188400159612 0.0203268631927 0.0202543199379 0.0151980077688 0.0131017523978 0.0156211411294 0.0169521961177 0.0143689813849 0.00592028098271 0.0233376306503 -0.00442405471534 0.0249592620841 -0.00436370715471 0.0189882706053 0.0222360689898 -0.00244696921164 0.016169600723 0.000159242655961 0.0261892677874 0.02321085574 0.00535232174607 0.0329412901946 0.0331032779478 0.0142169707049 0.0283154947961 0.0120364496062 0.0257228669654 0.0176638144023 0.0177851170269 0.00863513412714 0.00905556142347 0.0111547255063 -0.00105310300212 0.0149924198791 0.025185801104 -0.0139135153299 -0.0170387409008 0.0113058703101 0.0154363288313 0.0150008199232 0.0283304525384 0.0155648158117 0.0116322809809 0.0096108199776 0.0159830401614 
0.0151622570458 1.89373724564 0.0055168804286 -0.0111189121137 -0.00455237932894 0.000420450041622 0.00166494819499 0.0267576630745 -0.00682791237898 -0.0291387198374 0.0176889981539 -0.00868284831645 -0.000981750445158 0.0153186024304 0.00497014147793 0.0190546844924 0.00434932252927 -0.0142662344846 0.0107495827285 -0.000801141406765 -0.00985618573538 0.0269584779871 -0.0111383492727 -0.00209458256255 -0.0116922811971 -0.00373964671742 0.00316956673421 0.00243573401759 -0.009480209828 -0.00322980130145 0.00465414284706 -0.0114512334317 0.0253088433814 0.00773234116359 -0.00907575342977 0.00760669539763 0.00320132917439 -0.00306160249058 -0.00381277502885 0.0568274808403 -0.0147789509787 0.00115600781787 0.00551978505315 -0.00589981699426 0.00682804844836 0.0184729493262 0.00198064775765 0.00358807537688 0.00158312217462 0.0414494687683 
-0.00325411573592 0.0055168804286 0.627992730198 0.0162895146226 0.00616785879689 0.242799186361 0.0119414604522 0.0244140265773 0.024652682829 -0.0226727311513 0.00797392230919 0.0107865850706 0.00822808800962 0.0342335832031 -0.0118995280601 0.00214695178277 0.0115561927349 -0.0189305755305 0.0274956230141 0.0121379749637 0.0013601261658 0.0183338951943 0.0140758552081 -0.00111957908814 0.0175245268193 -0.000298807758046 0.0510545108917 0.0301856551505 -0.0020857812557 0.0219677074094 0.0319883081117 -0.0266522277265 0.009485412298 0.0311331879225 -0.0027716559864 0.0116856612316 -0.00227493554835 0.00480507244086 0.0179287525581 0.0296296093149 -0.0184627825941 -0.0261929253879 0.0233290920018 0.00904609217477 0.0268902497789 0.000803933819251 0.0186147174822 0.026721190221 0.0183051161887 0.0498677951455 
-0.0105220459993 -0.0111189121137 0.0162895146226 0.233928310462 0.00632080081504 0.0123906241749 0.0212373635584 0.00463394927416 0.0167790593908 -8.79362174635e-06 0.0215157359719 0.0125508398674 0.0202888997172 0.0087913964511 0.0100811428187 0.0118723658629 0.00475195578616 0.0131641141062 -0.00229117075808 0.00841282770353 0.00295858658162 -0.00570448283422 0.0180941616448 0.00726820891671 0.0178392022958 0.0260948004709 0.0191137826122 0.00585907328247 0.0215820420676 0.0264869957398 0.00328492700421 0.0164103787794 0.0128917359744 0.00890134001309 0.0205605614185 0.0142869756912 0.00769327578932 0.0249242738428 0.0151810161784 -0.00735894077396 0.0138384651383 -0.00274763676965 0.0082091726451 0.0102707298734 0.0122441689426 0.0151238940737 0.0124385779765 0.023913419778 0.00350898209733 -0.00039395217089 
-0.000946877377038 -0.00455237932894 0.00616785879688 0.00632080081504 0.215473048157 0.0018577288359 0.00436457123652 0.0123098913756 0.00847930217371 0.0162172605384 0.0136740342021 0.0142807486892 0.0235581454747 0.00612183792691 0.0125955168052 -0.00288743693967 0.00993489475288 0.000938080573843 -0.0014428343101 0.0239426482916 0.0324374947781 0.0175830690337 0.0354257069429 0.00508293838345 0.0101796934323 0.008672265204 0.0171048254358 0.0247048798905 0.0052744995625 0.0284639731671 7.21877143802e-05 0.00592634500211 0.00358039110104 0.0162377615157 0.00723027509999 0.0146430319644 0.00541336344629 0.00578833653621 0.00628440663957 0.00798947546686 -0.0157534908486 -0.00363729632651 0.0206485237937 0.00416349307928 0.00700942806299 0.00358277299739 0.0250856290552 0.00416738422866 0.0198450326952 0.0126450839352 
-0.00188400159612 0.000420450041614 0.242799186361 0.0123906241749 0.0018577288359 1.09436832014 0.00715148825867 0.0113259011457 0.0278465662174 0.0441889844077 0.00240958679847 0.00676227054217 -0.0127496794629 0.010708146475 0.0120620637935 0.00025451526063 0.00689616248218 0.00215993770483 0.00792874964151 0.0001817183344 0.00249628769891 0.0532662969799 -0.00240495809181 0.0115737045623 -0.000459706045025 -0.00217549540549 0.0877488769597 0.0374743062955 0.00096629693485 -0.00706097573678 0.000228078932937 0.0314056917662 0.00425492758741 0.00110565577981 0.0110217551077 -0.00102906325841 1.13586027016e-05 0.0293572960145 0.00542653615346 0.0455567819621 0.0108450792287 0.00155410395909 0.0174638710099 0.0176449642428 0.0569590941959 -0.0052577119399 0.00837158963628 0.0291760045068 0.0401666386202 0.0496201225931 
0.0203268631927 0.00166494819499 0.0119414604522 0.0212373635584 0.00436457123652 0.00715148825867 0.147759189715 0.0131908523091 0.0171100957184 0.0099782229807 0.00597191219632 0.0192101758766 0.0103789474696 0.00329203598191 0.0137940451519 0.0103158730925 0.00542587644804 0.00649117843232 0.0142582723697 0.0093076222429 0.0168406777843 0.00977322323668 0.00881723842889 0.00438923607605 0.0198951352749 -0.00208328918843 0.00910335121138 0.0103162597881 0.00314401341855 0.0242458953983 0.00508037395729 0.0175920984423 0.00840592120735 0.00559615317852 0.0261818214454 0.0152585104993 0.0093761097311 0.0309277748284 0.0045299961963 -0.0132565633418 0.0018804164041 -0.00463391785412 0.00890953743499 0.0247596123225 0.0140556833852 0.0197671919741 0.0102011678574 0.0306217684352 0.0112817774879 0.0061545439348 
0.0202543199379 0.0267576630745 0.0244140265773 0.00463394927416 0.0123098913756 0.0113259011457 0.0131908523091 0.451267085886 0.0182716921083 0.00297079058458 0.0241897747701 0.0113964864526 0.0126413442805 0.0166921246627 0.00700013161467 0.00676270000102 0.0084403410136 0.00382776379111 0.0362272570233 0.0289238577426 0.0206468680714 0.0385650375185 0.0255170138796 0.0117695872363 0.0196668168659 0.0158667205225 0.00444662873315 0.0142854347746 -0.0133495690657 0.0255389061909 0.00715536080622 0.00811138685476 0.01640935937 -0.0029494895113 0.0296963959931 0.0206306226767 0.0116877428765 0.00689022195752 0.0047090475856 0.0141664101359 0.00315029811239 0.0061639735255 -0.00426634624862 0.00591683357095 0.027476357368 0.0267871875768 0.0241097263016 0.0251268495229 0.0145519404205 0.00995744953073 
0.0151980077688 -0.00682791237899 0.024652682829 0.0167790593908 0.00847930217371 0.0278465662174 0.0171100957184 0.0182716921083 0.306900356679 0.0136729312749 0.00781056705192 0.0132664902703 0.00385724043538 0.0391780116021 0.00648012075189 0.0910267358608 0.00542240300252 0.0100947679957 0.0328649768664 0.022176198252 0.0140111839897 0.0204191007647 0.0345390076045 0.0195313588362 0.0367427730443 0.0330565248724 0.0206435975853 0.0202157385328 0.00403195567812 0.0439950958491 0.0196606581369 0.0125343347123 0.0183352202896 0.0324750442286 0.019818745029 0.0280198140381 0.0201208393577 0.0359297354568 0.0484202958948 0.0184656758875 0.0013098192374 -0.0142900219012 0.0176587810855 0.0235759165718 0.00519861209315 0.0118265601089 0.0183026484332 0.0507352911076 0.0297262284055 0.029495431257 
0.0131017523978 -0.0291387198374 -0.0226727311513 -8.79362174754e-06 0.0162172605384 0.0441889844077 0.0099782229807 0.00297079058458 0.0136729312749 0.352183523382 0.0107127809034 0.00833130321506 -0.0090034391542 -0.0136830394467 0.0193904724627 0.00273482632177 0.0102686318849 0.0219696672955 0.00718439310844 0.0120650956901 0.0075567271802 0.00997278639934 0.0195464916568 0.00492771225115 0.01576264117 -0.00216856687256 0.0109621469262 0.00197790476544 0.000524359636012 0.0265917518237 -0.008429830004 0.0339084945849 0.01026646991 0.0206617126202 0.0154397656253 -0.00124354103351 0.00951162262598 0.0172757140548 0.00967937631839 0.017789867425 0.0760128641115 0.0289194091631 0.0207836423156 -0.0032136673074 0.0115711782385 0.0187655506119 -0.0046000564761 0.0301417686994 0.0729982452338 -0.00118286847766 
0.0156211411294 0.0176889981539 0.00797392230918 0.0215157359719 0.0136740342021 0.00240958679848 0.00597191219632 0.0241897747701 0.00781056705192 0.0107127809034 0.330158280134 0.00572878603217 0.0158269092534 0.0113592402689 0.0165168237398 0.0102815187812 0.0364138766949 0.0244264074041 0.0125362519593 0.0173849650216 0.0106620862779 0.00734806470824 0.0489216544218 0.0248613841264 0.018699677534 -0.0025289006526 0.0238600989135 -0.000258278440706 0.0312527333987 0.0343648718031 0.00617501226485 0.0330780668988 0.00848019078368 0.0135949977715 0.00993931747633 0.0296882657021 0.0255786337516 0.0221397511259 0.0063055251163 -0.00842920860045 0.0133955823837 -0.0070757667794 0.025173351375 0.00365086511991 0.00456609722414 0.029815052487 0.0376932687877 0.0593492407531 0.0138154292724 0.00282802122558 
0.0169521961177 -0.00868284831645 0.0107865850706 0.0125508398674 0.0142807486892 0.00676227054217 0.0192101758766 0.0113964864526 0.0132664902703 0.00833130321506 0.00572878603217 0.132042269832 0.00284002851916 0.0189502673791 0.0429939548702 0.00680649192282 -0.00437447845428 0.00538140105154 0.0181016233587 0.0168501960555 0.0111603642968 0.0153594072582 0.00681062581189 0.0125744781243 0.0107549485828 0.00811086987918 0.00568067068338 0.0405591218184 0.00443064624918 0.000293102728824 0.00121565624805 0.00942147592831 0.0446536666209 0.00741456694438 0.0118289208782 0.00986393045163 0.00949064867539 0.0193164562395 -0.00121546221816 0.00971988761476 -0.000758636833039 -0.00159863286744 0.0103910437942 0.0130989159581 0.0399902930671 0.00738382231467 0.00839868165677 0.0182712203792 0.00847117383701 0.0199395110348 
0.0143689813849 -0.00098175044516 0.00822808800961 0.0202888997172 0.0235581454747 -0.0127496794629 0.0103789474696 0.0126413442805 0.00385724043538 -0.0090034391542 0.0158269092534 0.00284002851916 0.530504340921 -0.0119436213581 0.00958417263742 0.0191299276258 0.00715819294473 -0.00258130023337 0.0173170929113 0.0129542805036 0.00200959625299 0.00835885965413 0.0210249942838 -0.00132168839252 0.000214881717007 0.016467953962 0.0203872278839 -0.00390651409334 0.0243492001629 0.0409317332425 0.0156785917679 -0.0220394160078 0.00205476078671 -0.000358609736936 -0.00301923047797 0.0244188079238 0.0227973672444 0.00390696950045 0.0305757697002 -0.00588163622016 -0.00958041917822 0.00276799378738 0.020294146839 -0.00656921735872 -0.00111621839045 -0.00709399821228 -0.00387066144225 0.00536645725066 0.0135955074676 -0.00181817166449 
0.00592028098271 0.0153186024304 0.0342335832031 0.0087913964511 0.00612183792691 0.010708146475 0.00329203598191 0.0166921246627 0.0391780116021 -0.0136830394467 0.0113592402689 0.0189502673791 -0.0119436213581 0.48597617025 0.0230434557271 0.0387169903385 0.0094155569189 -0.00168613370569 0.00504486318634 0.00543427592397 -0.00220269605052 0.0990508069815 0.0226929554096 0.000935277777222 0.0163902967073 0.0310287734977 0.0370857120155 0.00878627190062 0.00406452709942 0.0044083615244 0.00683504535846 0.161851304569 0.0318416482803 0.0220033752346 0.027935076182 0.00126815687886 0.0165774464391 0.0276156357524 0.00446082870326 0.0591038016369 0.00819258470124 -0.00562674748721 0.00774517659596 -0.00153049284488 0.00974613949446 0.00301858258105 0.0207391509384 0.0398846251283 0.00973771682575 0.085751499407 
0.0233376306503 0.00497014147793 -0.0118995280601 0.0100811428187 0.0125955168052 0.0120620637935 0.0137940451519 0.00700013161467 0.00648012075188 0.0193904724627 0.0165168237398 0.0429939548702 0.00958417263742 0.0230434557271 0.200011857797 0.00907368265316 0.00437744745006 0.0154973546253 0.00945929934141 0.0241239153392 0.0142882414749 0.0352964272144 0.0124825072593 0.0133065467675 0.0241471500358 -0.00513602152416 0.00920560231424 0.0349617688795 0.00703553399998 0.00311889555529 0.00430375984659 0.0440100724828 0.0295831225326 0.0155498619116 0.018373172881 0.0396004273417 0.0118411522835 0.00569248282618 0.0137366221856 0.0372985170001 0.0110875281425 -0.00232118280647 0.000917422911935 0.0128306264797 0.0427600015008 0.0171452343487 0.0234288234274 0.0223230180029 0.0133111931053 0.0383849069777 
-0.00442405471533 0.0190546844924 0.00214695178277 0.0118723658629 -0.00288743693967 0.000254515260632 0.0103158730925 0.00676270000102 0.0910267358608 0.00273482632177 0.0102815187812 0.00680649192282 0.0191299276258 0.0387169903385 0.00907368265317 0.388576479506 0.0164935387215 0.0349762855987 0.0166048723377 0.0104127059177 0.0060114338005 0.00108524917345 0.0285215679136 0.00067895975006 0.0181758512194 0.00870488784135 0.0223327252418 0.000241496738894 0.0273997922519 0.0403922179053 0.00362956037205 -0.0102000520463 -0.000299517756224 0.00847780796059 0.0268353854601 0.0362969790418 0.0290494197249 -0.00725126511672 0.0125007469935 0.00679654686183 -0.00508970043149 -0.0098624438541 0.0183491594581 0.0106417876178 0.00643469327784 0.0138744306781 0.0146528577072 0.0374556854925 0.00776778201364 0.0318743116626 
0.0249592620841 0.00434932252927 0.0115561927349 0.00475195578616 0.00993489475288 0.00689616248218 0.00542587644804 0.0084403410136 0.00542240300252 0.0102686318849 0.0364138766949 -0.00437447845428 0.00715819294473 0.0094155569189 0.00437744745006 0.0164935387215 0.163046790552 0.0138948969333 0.0141660562199 0.0199268417765 0.00932942861785 -0.00253485877343 0.0354340828007 0.00926522787489 0.00479877558571 -0.000833535494796 0.0133770877378 0.00824416326008 0.0151528155207 0.0136862795416 -0.00137117551896 -0.00253681774859 -0.000187158253616 -0.00206145069183 0.0084788621152 0.00934022038545 0.015923044714 0.017798879505 0.0220744831691 0.00716409919731 0.00514455606088 -0.00471208810788 0.0177114963542 0.010248465526 0.0100801252513 0.0165722502074 0.0216774413132 0.0201800756047 0.00200214026678 0.00154050091598 
-0.00436370715471 -0.0142662344846 -0.0189305755304 0.0131641141062 0.000938080573843 0.00215993770483 0.00649117843232 0.00382776379111 0.0100947679957 0.0219696672955 0.0244264074041 0.00538140105154 -0.00258130023337 -0.00168613370569 0.0154973546253 0.0349762855987 0.0138948969333 1.0005029459 0.0124028933754 0.015871950135 -0.0140983917738 0.00197968571292 0.0392853061377 0.00164337164178 0.0184219751915 0.0362934483449 0.00859430381698 0.0250219551072 0.0200517813331 0.0222726155283 0.0263502500958 0.0098440326166 0.017001393451 0.0186544262791 0.0200957377002 0.0946562694509 0.00644061864143 0.01876785801 0.0362934997322 0.00567450268435 -0.00289641722865 -0.0111463287274 0.0286217478117 0.00370098517206 0.0209481078744 0.0165473410065 0.0230777740484 0.0199884260753 0.00166610279696 0.0136720863896 
0.0189882706053 0.0107495827285 0.0274956230141 -0.00229117075808 -0.0014428343101 0.00792874964151 0.0142582723697 0.0362272570233 0.0328649768664 0.00718439310844 0.0125362519593 0.0181016233587 0.0173170929113 0.00504486318634 0.00945929934141 0.0166048723377 0.0141660562199 0.0124028933754 1.45415747971 0.0107835992764 0.00464900770852 0.0176667814773 0.0301345588299 0.0130472254833 0.0054747780901 0.0172108537766 0.0143454486671 0.0264490482852 0.0402943787704 0.0261753488455 0.0115057394867 0.00143309639576 0.024110448658 0.00189996349566 0.0192025364462 0.0179558468241 0.0191371956086 0.00696284281413 0.0200606173705 0.0125879387923 0.0101736118627 -0.0273246553181 0.000154089880209 0.00878825292989 0.0122383442294 0.0147174013846 0.022806776665 0.0569151132828 0.0014624003584 0.000986198659351 
0.0222360689898 -0.000801141406766 0.0121379749637 0.00841282770353 0.0239426482916 0.000181718334401 0.0093076222429 0.0289238577426 0.022176198252 0.0120650956901 0.0173849650216 0.0168501960555 0.0129542805036 0.00543427592397 0.0241239153392 0.0104127059177 0.0199268417765 0.015871950135 0.0107835992764 0.240111752428 0.00459237631753 0.0103316570295 0.00317767835283 0.0163431862462 0.0126806378499 0.0142084026467 0.0120634425278 0.00366716233597 -0.0014327310124 0.0133706345285 0.00682659258235 0.0410353453202 0.0132990309106 0.00776852220155 -0.000427411761538 0.00413772912705 -0.00411302820635 0.00288565211163 -0.00511642542591 0.010484420488 0.00225557595449 -0.0169666503155 0.0122331031057 0.0143040834164 0.00450506946212 0.0264158633152 0.0143799873809 0.0299316170882 0.00826037775717 0.0100066093924 
-0.00244696921165 -0.00985618573538 0.0013601261658 0.00295858658162 0.0324374947781 0.00249628769891 0.0168406777843 0.0206468680714 0.0140111839897 0.00755672718021 0.0106620862779 0.0111603642968 0.00200959625299 -0.00220269605052 0.0142882414749 0.0060114338005 0.00932942861785 -0.0140983917738 0.00464900770852 0.00459237631753 0.317021303524 0.0176020857647 0.00901975658083 0.0082678938152 -0.00428937862396 0.00347623322272 0.0140571522263 -0.00220293146462 0.00446197127051 0.0155491772741 0.0214364350301 -0.00451773650321 0.00516353558647 0.00162012479887 0.0500257914528 0.0292490683716 0.0136925311302 0.0461347229573 0.0232351634377 0.0119211115258 0.0135118309606 0.00725183104981 0.0150240717467 0.00692023076295 0.00659015390452 0.00759299776611 0.0213381402891 0.0248370066098 -0.00347568899902 0.00492575393841 
0.016169600723 0.0269584779871 0.0183338951943 -0.00570448283422 0.0175830690337 0.0532662969799 0.00977322323668 0.0385650375185 0.0204191007647 0.00997278639933 0.00734806470824 0.0153594072582 0.00835885965412 0.0990508069815 0.0352964272144 0.00108524917345 -0.00253485877343 0.00197968571292 0.0176667814773 0.0103316570295 0.0176020857647 0.510887685692 0.0295627080796 0.0178899462905 -0.00100669498775 0.0240279256706 0.0235004429355 0.00640935059356 0.0378744291043 0.00195216118268 0.0165314615245 0.119091312543 0.0235589334896 0.0152386953425 -0.00852532090107 0.0181479758711 0.00179624297184 0.0377618827352 0.029685215474 0.164381332126 0.000232021150074 0.00277307115848 -0.00210787397158 -0.014449178766 0.0108787160547 0.0133273445603 0.0200707516746 0.0378060863076 0.00507321542721 0.134564987782 
0.000159242655962 -0.0111383492727 0.0140758552081 0.0180941616448 0.0354257069429 -0.0024049580918 0.00881723842889 0.0255170138796 0.0345390076045 0.0195464916568 0.0489216544218 0.00681062581189 0.0210249942838 0.0226929554096 0.0124825072593 0.0285215679136 0.0354340828007 0.0392853061377 0.0301345588299 0.00317767835283 0.00901975658084 0.0295627080796 0.521220202704 0.000541535034081 0.0258487864314 0.0223276121534 0.0285589574668 0.0337756617996 0.029324245409 0.0453591948444 0.00763299262683 0.0427340685204 0.0136352625015 0.0110339988474 0.0249028316248 0.0734470427742 0.0118359170971 0.0262383451459 0.0302550742768 -0.00106916725195 0.0213119211404 -0.0131990667855 0.0239203650662 0.00203821321678 0.0140475313255 -0.00395885264865 0.0222232552842 0.0672338147132 0.021160655588 0.0145847701918 
0.0261892677874 -0.00209458256255 -0.00111957908814 0.00726820891671 0.00508293838345 0.0115737045623 0.00438923607605 0.0117695872363 0.0195313588362 0.00492771225115 0.0248613841264 0.0125744781243 -0.00132168839252 0.000935277777223 0.0133065467675 0.000678959750059 0.00926522787489 0.00164337164178 0.0130472254833 0.0163431862462 0.00826789381521 0.0178899462905 0.00054153503408 0.18786197822 0.00558201113868 0.0129167862212 0.0431598326623 0.0156475068427 0.0106237586213 0.00993390825149 0.00156533864477 0.0172762722683 0.0110969298472 0.0120948122578 0.00787050113875 0.0104597415015 0.00991688022751 0.00164972057608 0.0205959115382 0.00642636917955 0.00659835282585 -0.00656359938943 0.0248532297818 0.0204063350445 0.0151021678654 0.00473804207414 0.0119847213195 0.0200606763205 0.00831265585179 0.00157016775528 
0.02321085574 -0.0116922811971 0.0175245268193 0.0178392022958 0.0101796934323 -0.000459706045024 0.0198951352749 0.0196668168659 0.0367427730443 0.01576264117 0.018699677534 0.0107549485828 0.000214881717007 0.0163902967073 0.0241471500358 0.0181758512194 0.00479877558571 0.0184219751915 0.0054747780901 0.0126806378499 -0.00428937862395 -0.00100669498775 0.0258487864314 0.00558201113868 0.169885135454 0.0158807409688 0.025632818866 0.0227365948688 0.014182401288 0.02808528013 -0.00290474335029 -0.0111781801238 0.0296555965839 0.0142807186385 0.0243010554358 0.0157704066239 0.00346045799105 -0.00939851374247 -0.00148801761232 0.0121594538535 0.000310181118814 -0.000896712584081 0.000915721638377 0.0104025741706 0.0152112749195 0.00246770878975 0.0203167259685 0.033540618 0.0123181092684 0.00613107698015 
0.00535232174607 -0.00373964671742 -0.000298807758047 0.0260948004709 0.008672265204 -0.00217549540548 -0.00208328918843 0.0158667205225 0.0330565248724 -0.00216856687256 -0.00252890065259 0.00811086987918 0.016467953962 0.0310287734977 -0.00513602152416 0.00870488784135 -0.000833535494796 0.0362934483449 0.0172108537766 0.0142084026467 0.00347623322273 0.0240279256706 0.0223276121534 0.0129167862211 0.0158807409688 0.336671250575 0.0186558346741 0.00657886467566 0.0246886926481 0.0183948414755 0.0166186239273 0.0117340332214 0.0134838177994 0.0205028383308 0.00804547093312 0.0196897062816 0.0317528626649 0.00492331434633 0.0238831544205 0.0113094015392 0.019537764213 -0.0148707322203 0.00343492342513 0.0240060423317 0.00302580755716 -0.00117094929064 0.0115065690254 0.0205803866801 0.0271559862765 0.00978008752886 
0.0329412901946 0.00316956673421 0.0510545108917 0.0191137826122 0.0171048254358 0.0877488769597 0.00910335121138 0.00444662873315 0.0206435975853 0.0109621469262 0.0238600989135 0.00568067068338 0.0203872278839 0.0370857120155 0.00920560231424 0.0223327252418 0.0133770877378 0.00859430381698 0.0143454486671 0.0120634425278 0.0140571522263 0.0235004429355 0.0285589574668 0.0431598326623 0.025632818866 0.0186558346741 0.423745314547 0.00683558062538 0.017416170077 0.0400350062688 0.0340839802502 0.0198625104978 0.0150389775875 0.00849058337576 0.0146511142725 0.0155353505309 0.0247208498011 0.0305556182098 0.0289347040571 0.00216699377231 0.00382234757538 -0.0137559343036 0.0198275626447 0.0322071335283 0.00750974351109 0.00741098088253 0.0321310529844 0.018612601466 0.0153783906995 -0.00495609887773 
0.0331032779478 0.00243573401759 0.0301856551505 0.00585907328247 0.0247048798905 0.0374743062955 0.0103162597881 0.0142854347746 0.0202157385328 0.00197790476544 -0.00025827844071 0.0405591218184 -0.00390651409334 0.00878627190062 0.0349617688795 0.00024149673889 0.00824416326008 0.0250219551072 0.0264490482852 0.00366716233597 -0.00220293146461 0.00640935059356 0.0337756617996 0.0156475068427 0.0227365948688 0.00657886467567 0.00683558062538 0.242834926331 -0.00145151596001 0.00799933211273 -0.000664718237669 0.0417715155159 0.0410548770774 0.00544321373329 0.0127270199456 0.0169513882512 0.0131999218831 0.0396207540402 0.0029606968106 0.0279802602719 0.00566458013614 -0.00382407990972 0.00532397757292 0.0170635201528 0.0432417257059 -1.80523758915e-05 0.0175215352893 0.0208699986862 0.0096588815991 0.0311225568414 
0.0142169707049 -0.009480209828 -0.00208578125571 0.0215820420676 0.0052744995625 0.000966296934852 0.00314401341855 -0.0133495690657 0.00403195567812 0.000524359636009 0.0312527333987 0.00443064624918 0.0243492001629 0.00406452709942 0.00703553399998 0.0273997922519 0.0151528155207 0.0200517813331 0.0402943787704 -0.0014327310124 0.0044619712705 0.0378744291043 0.029324245409 0.0106237586213 0.014182401288 0.0246886926481 0.017416170077 -0.00145151596001 0.399477008942 0.00641736737218 -0.00124610162234 0.0264524636607 0.00979027177883 0.0165375366373 0.017244327541 0.0367028877515 0.00852185506033 0.00320342491456 0.0409154122188 0.0208116460455 -0.00487597873302 -0.0109193601872 0.0083930983715 0.06828853504 0.00535666438563 0.016349777203 0.0326707281922 0.0222213169007 -0.00468365015407 -0.00591190868517 
0.0283154947961 -0.00322980130145 0.0219677074094 0.0264869957398 0.0284639731671 -0.00706097573677 0.0242458953983 0.0255389061909 0.0439950958491 0.0265917518237 0.0343648718031 0.000293102728825 0.0409317332425 0.00440836152439 0.00311889555529 0.0403922179053 0.0136862795416 0.0222726155283 0.0261753488455 0.0133706345285 0.0155491772741 0.00195216118268 0.0453591948444 0.00993390825149 0.02808528013 0.0183948414755 0.0400350062688 0.00799933211273 0.00641736737218 0.26716146717 0.016931909626 0.00901044372899 0.0110750747844 0.019389196053 0.0229864240204 0.0411874917523 0.015321204051 0.02812022445 0.0348141049492 0.00694818991602 0.00226835540171 -0.0109711892458 0.0334212689862 0.0221213977751 0.0038519902728 0.0345047025135 0.0320472161062 0.0394324197606 -0.000258082004361 0.0025962794376 
0.0120364496062 0.00465414284706 0.0319883081117 0.00328492700421 7.21877143804e-05 0.000228078932938 0.00508037395729 0.00715536080622 0.0196606581369 -0.008429830004 0.00617501226486 0.00121565624805 0.0156785917679 0.00683504535846 0.00430375984659 0.00362956037205 -0.00137117551895 0.0263502500958 0.0115057394867 0.00682659258235 0.0214364350301 0.0165314615245 0.00763299262683 0.00156533864477 -0.00290474335029 0.0166186239273 0.0340839802502 -0.000664718237672 -0.00124610162234 0.016931909626 0.241904943044 0.00279683082427 0.00967384190725 0.0298771864653 0.00478394534692 0.0230057379406 -0.00574446868122 0.0607498673691 0.021087411339 0.00373706144174 -0.000625905027027 -0.014082493885 0.0086044952665 0.0118972963633 -0.000541478257322 0.0058153786824 0.0147599948627 0.0247133582296 0.00162618076123 -0.00126794061239 
0.0257228669654 -0.0114512334317 -0.0266522277265 0.0164103787794 0.00592634500211 0.0314056917662 0.0175920984423 0.00811138685476 0.0125343347123 0.0339084945849 0.0330780668988 0.00942147592831 -0.0220394160078 0.161851304569 0.0440100724828 -0.0102000520463 -0.00253681774859 0.0098440326166 0.00143309639576 0.0410353453202 -0.00451773650321 0.119091312543 0.0427340685204 0.0172762722683 -0.0111781801238 0.0117340332214 0.0198625104978 0.0417715155159 0.0264524636607 0.00901044372899 0.00279683082427 8.18936401504 0.0172177189139 0.03980859723 0.006903438914 -0.0046271921031 0.0130762168875 -0.0180345118294 0.0246686096898 0.0553668463824 0.0379562786671 0.0282222204254 0.0188520549268 0.00139035438444 0.0295775516141 0.0120839513025 0.00652793526794 0.0144936488126 0.0431910926094 0.192734743334 
0.0176638144023 0.0253088433814 0.009485412298 0.0128917359744 0.00358039110104 0.00425492758741 0.00840592120735 0.01640935937 0.0183352202896 0.01026646991 0.00848019078368 0.0446536666209 0.00205476078671 0.0318416482803 0.0295831225326 -0.000299517756226 -0.000187158253617 0.017001393451 0.024110448658 0.0132990309106 0.00516353558648 0.0235589334896 0.0136352625015 0.0110969298472 0.0296555965839 0.0134838177994 0.0150389775875 0.0410548770774 0.00979027177883 0.0110750747844 0.00967384190725 0.0172177189139 0.187539885487 0.00781344285824 0.0127020247396 0.0104860792067 0.0189944531605 0.0126844162062 0.00480722475617 0.0271042998671 -0.00151760472093 0.0115950997191 0.0115587833496 0.0192166326428 0.0469368732471 0.00651308249028 0.0123656164364 0.030094161409 0.00816037785211 0.0235972541517 
0.0177851170269 0.00773234116359 0.0311331879225 0.00890134001309 0.0162377615157 0.00110565577981 0.00559615317852 -0.0029494895113 0.0324750442286 0.0206617126202 0.0135949977715 0.00741456694438 -0.000358609736936 0.0220033752346 0.0155498619116 0.00847780796059 -0.00206145069183 0.0186544262791 0.00189996349566 0.00776852220155 0.00162012479888 0.0152386953425 0.0110339988474 0.0120948122578 0.0142807186385 0.0205028383308 0.00849058337577 0.00544321373329 0.0165375366373 0.019389196053 0.0298771864653 0.03980859723 0.00781344285824 0.274356047498 0.0151267217068 0.0198855672705 -0.0116243570451 0.00610357218893 0.022600012962 -0.00614188108111 0.00250015319731 -0.000547498184196 0.017229614173 0.0195891844515 0.0125439568202 0.0199999252234 0.0106163681895 0.0248492433572 0.0104223037283 0.0118357709644 
0.00863513412714 -0.00907575342977 -0.00277165598641 0.0205605614185 0.00723027509999 0.0110217551077 0.0261818214454 0.0296963959931 0.019818745029 0.0154397656253 0.00993931747633 0.0118289208782 -0.00301923047797 0.027935076182 0.018373172881 0.0268353854601 0.0084788621152 0.0200957377002 0.0192025364462 -0.000427411761538 0.0500257914528 -0.00852532090107 0.0249028316248 0.00787050113875 0.0243010554358 0.00804547093312 0.0146511142725 0.0127270199456 0.017244327541 0.0229864240204 0.00478394534692 0.006903438914 0.0127020247396 0.0151267217068 0.246344308151 0.0304484062262 0.0338751534232 0.0475768719051 0.00655065555806 0.00217145157412 0.00843142364725 -0.00750438150496 0.027691354955 0.0151245806215 0.0135748149339 0.0107641731962 0.0264704166343 0.04425129817 0.0219698013932 0.00881226517894 
0.00905556142347 0.00760669539763 0.0116856612316 0.0142869756912 0.0146430319644 -0.00102906325841 0.0152585104993 0.0206306226767 0.0280198140381 -0.0012435410335 0.0296882657021 0.00986393045163 0.0244188079238 0.00126815687886 0.0396004273417 0.0362969790418 0.00934022038545 0.0946562694509 0.0179558468241 0.00413772912705 0.0292490683716 0.0181479758711 0.0734470427742 0.0104597415014 0.0157704066239 0.0196897062816 0.0155353505309 0.0169513882512 0.0367028877515 0.0411874917523 0.0230057379406 -0.0046271921031 0.0104860792067 0.0198855672705 0.0304484062262 0.328368478015 0.0145130458588 0.0196257999548 0.0507125918102 0.0124059868226 -0.00136450718025 -0.00373011271932 0.00532683335568 0.0198380496958 0.0047432395564 0.0235806296534 0.018415009132 0.052201600708 0.0133373634864 0.00542631102673 
0.0111547255063 0.00320132917439 -0.00227493554836 0.00769327578932 0.00541336344629 1.13586027036e-05 0.0093761097311 0.0116877428765 0.0201208393577 0.00951162262598 0.0255786337516 0.00949064867539 0.0227973672444 0.0165774464391 0.0118411522835 0.0290494197249 0.015923044714 0.00644061864143 0.0191371956086 -0.00411302820635 0.0136925311302 0.00179624297184 0.0118359170971 0.00991688022751 0.00346045799105 0.0317528626649 0.0247208498011 0.0131999218831 0.00852185506033 0.015321204051 -0.00574446868122 0.0130762168875 0.0189944531605 -0.0116243570451 0.0338751534232 0.0145130458588 0.460915941807 0.0123331134129 0.00682487570536 0.00480866424404 0.00776985012793 -0.00921004231712 0.00606206676087 0.0113594308361 0.00269921654007 0.0182908446488 0.0225003719328 0.0430916468553 -0.00897458580094 0.00930363543262 
-0.00105310300212 -0.00306160249059 0.00480507244087 0.0249242738428 0.00578833653621 0.0293572960145 0.0309277748284 0.00689022195752 0.0359297354568 0.0172757140548 0.0221397511259 0.0193164562395 0.00390696950045 0.0276156357524 0.00569248282618 -0.00725126511672 0.017798879505 0.01876785801 0.00696284281413 0.00288565211163 0.0461347229573 0.0377618827352 0.0262383451459 0.00164972057608 -0.00939851374247 0.00492331434633 0.0305556182098 0.0396207540402 0.00320342491456 0.02812022445 0.0607498673691 -0.0180345118294 0.0126844162062 0.00610357218893 0.0475768719051 0.0196257999548 0.0123331134129 1.06700963263 0.0526304411427 0.0332250637568 0.0019157404674 -0.0106740649344 -0.00162035562813 0.0352039565752 -0.00144676980654 -0.0242881830832 0.024906189991 0.0279046166081 0.0535621417469 0.0182863100783 
0.0149924198791 -0.00381277502885 0.0179287525581 0.0151810161784 0.00628440663957 0.00542653615346 0.0045299961963 0.0047090475856 0.0484202958948 0.00967937631839 0.0063055251163 -0.00121546221816 0.0305757697002 0.00446082870326 0.0137366221856 0.0125007469935 0.0220744831691 0.0362934997322 0.0200606173705 -0.00511642542591 0.0232351634377 0.029685215474 0.0302550742768 0.0205959115382 -0.00148801761232 0.0238831544205 0.0289347040571 0.0029606968106 0.0409154122188 0.0348141049492 0.021087411339 0.0246686096898 0.00480722475617 0.022600012962 0.00655065555806 0.0507125918102 0.00682487570536 0.0526304411427 0.466011600684 0.0165574383573 0.00576773939278 -0.00332105922564 0.0079439094976 0.0188076673617 -0.00138416621045 0.0848707958246 0.00851638191062 0.0383240191652 0.0168630495484 0.00596852626471 
0.025185801104 0.0568274808403 0.029629609315 -0.00735894077396 0.00798947546686 0.0455567819621 -0.0132565633418 0.0141664101359 0.0184656758875 0.017789867425 -0.00842920860045 0.00971988761476 -0.00588163622016 0.0591038016369 0.0372985170001 0.00679654686183 0.00716409919731 0.00567450268435 0.0125879387923 0.010484420488 0.0119211115258 0.164381332126 -0.00106916725195 0.00642636917955 0.0121594538535 0.0113094015392 0.00216699377231 0.0279802602719 0.0208116460455 0.00694818991602 0.00373706144174 0.0553668463824 0.0271042998671 -0.00614188108111 0.00217145157412 0.0124059868226 0.00480866424403 0.0332250637568 0.0165574383573 0.384531006421 -0.0109836185305 0.00603965482052 -0.00302610461031 0.00803233047724 0.0130594250227 0.0123166093204 0.0321920188797 0.0347577056525 0.014640646234 0.13743302202 
-0.0139135153299 -0.0147789509787 -0.0184627825941 0.0138384651383 -0.0157534908486 0.0108450792287 0.0018804164041 0.00315029811239 0.0013098192374 0.0760128641115 0.0133955823837 -0.000758636833039 -0.00958041917822 0.00819258470124 0.0110875281425 -0.00508970043149 0.00514455606088 -0.00289641722866 0.0101736118627 0.00225557595449 0.0135118309606 0.000232021150072 0.0213119211404 0.00659835282585 0.000310181118814 0.019537764213 0.00382234757538 0.00566458013614 -0.00487597873302 0.00226835540171 -0.000625905027027 0.0379562786671 -0.00151760472093 0.00250015319731 0.00843142364725 -0.00136450718025 0.00776985012793 0.0019157404674 0.00576773939278 -0.0109836185305 0.996596702801 -0.0297297232495 -0.00147530735295 0.00340184743472 0.0119674508649 0.0129264592805 0.0114093293661 0.0246419456218 0.0105896967437 0.00529314213434 
-0.0170387409008 0.00115600781787 -0.0261929253879 -0.00274763676965 -0.00363729632651 0.00155410395909 -0.00463391785412 0.0061639735255 -0.0142900219012 0.0289194091631 -0.0070757667794 -0.00159863286744 0.00276799378738 -0.00562674748721 -0.00232118280647 -0.0098624438541 -0.00471208810788 -0.0111463287274 -0.0273246553181 -0.0169666503155 0.00725183104981 0.00277307115848 -0.0131990667855 -0.00656359938943 -0.000896712584081 -0.0148707322203 -0.0137559343036 -0.00382407990972 -0.0109193601872 -0.0109711892458 -0.014082493885 0.0282222204254 0.0115950997191 -0.000547498184196 -0.00750438150496 -0.00373011271932 -0.00921004231712 -0.0106740649344 -0.00332105922564 0.00603965482052 -0.0297297232495 1.94155053389 -0.00537864447564 -0.0161554819538 -0.00746053254973 -0.015966899344 -0.0153914816981 -0.0105904102147 0.00747984087043 0.00384503172215 
0.0113058703101 0.00551978505315 0.0233290920018 0.0082091726451 0.0206485237937 0.0174638710099 0.00890953743499 -0.00426634624862 0.0176587810855 0.0207836423156 0.025173351375 0.0103910437942 0.020294146839 0.00774517659596 0.000917422911935 0.0183491594581 0.0177114963542 0.0286217478117 0.000154089880209 0.0122331031057 0.0150240717467 -0.00210787397158 0.0239203650662 0.0248532297818 0.000915721638376 0.00343492342512 0.0198275626447 0.00532397757292 0.0083930983715 0.0334212689862 0.0086044952665 0.0188520549268 0.0115587833496 0.017229614173 0.027691354955 0.00532683335568 0.00606206676087 -0.00162035562813 0.0079439094976 -0.00302610461031 -0.00147530735295 -0.00537864447564 0.179914474347 0.0177136677087 0.0136401179866 0.0187031920456 -0.00630961412253 0.0152289906063 0.0140017296709 -0.00210257998074 
0.0154363288313 -0.00589981699426 0.00904609217477 0.0102707298734 0.00416349307929 0.0176449642428 0.0247596123225 0.00591683357095 0.0235759165718 -0.0032136673074 0.0036508651199 0.0130989159581 -0.00656921735872 -0.00153049284488 0.0128306264797 0.0106417876178 0.010248465526 0.00370098517206 0.00878825292989 0.0143040834164 0.00692023076295 -0.014449178766 0.00203821321677 0.0204063350445 0.0104025741706 0.0240060423317 0.0322071335283 0.0170635201528 0.06828853504 0.0221213977751 0.0118972963633 0.00139035438444 0.0192166326428 0.0195891844515 0.0151245806215 0.0198380496958 0.0113594308361 0.0352039565752 0.0188076673617 0.00803233047724 0.00340184743472 -0.0161554819538 0.0177136677087 0.240977973595 0.0134351614546 0.00494184788206 0.031488166863 0.0247446080069 0.014615946365 0.00400239762548 
0.0150008199232 0.00682804844836 0.0268902497789 0.0122441689426 0.00700942806299 0.0569590941959 0.0140556833852 0.027476357368 0.00519861209315 0.0115711782385 0.00456609722414 0.0399902930671 -0.00111621839045 0.00974613949446 0.0427600015008 0.00643469327784 0.0100801252513 0.0209481078744 0.0122383442294 0.00450506946212 0.00659015390452 0.0108787160547 0.0140475313255 0.0151021678654 0.0152112749195 0.00302580755716 0.00750974351109 0.0432417257059 0.00535666438563 0.0038519902728 -0.00054147825732 0.0295775516141 0.0469368732471 0.0125439568202 0.0135748149339 0.00474323955641 0.00269921654007 -0.00144676980654 -0.00138416621045 0.0130594250227 0.0119674508649 -0.00746053254973 0.0136401179866 0.0134351614546 0.169687441325 0.0169638745258 0.00708285316826 0.0222407399656 0.00660319741802 0.01632628614 
0.0283304525384 0.0184729493262 0.000803933819246 0.0151238940737 0.00358277299739 -0.0052577119399 0.0197671919741 0.0267871875768 0.0118265601089 0.0187655506119 0.029815052487 0.00738382231467 -0.00709399821228 0.00301858258105 0.0171452343487 0.0138744306781 0.0165722502074 0.0165473410065 0.0147174013846 0.0264158633152 0.00759299776611 0.0133273445603 -0.00395885264865 0.00473804207414 0.00246770878975 -0.00117094929064 0.00741098088253 -1.80523758882e-05 0.016349777203 0.0345047025135 0.0058153786824 0.0120839513025 0.00651308249028 0.0199999252234 0.0107641731962 0.0235806296534 0.0182908446488 -0.0242881830832 0.0848707958246 0.0123166093204 0.0129264592805 -0.015966899344 0.0187031920456 0.00494184788206 0.0169638745258 0.301752798378 0.0187850679776 0.0259473386154 0.0373671686919 -0.00311655784367 
0.0155648158117 0.00198064775765 0.0186147174822 0.0124385779765 0.0250856290552 0.00837158963628 0.0102011678574 0.0241097263016 0.0183026484332 -0.0046000564761 0.0376932687877 0.00839868165677 -0.00387066144225 0.0207391509384 0.0234288234274 0.0146528577072 0.0216774413132 0.0230777740484 0.022806776665 0.0143799873809 0.0213381402891 0.0200707516746 0.0222232552842 0.0119847213195 0.0203167259685 0.0115065690254 0.0321310529844 0.0175215352893 0.0326707281922 0.0320472161062 0.0147599948627 0.00652793526794 0.0123656164364 0.0106163681895 0.0264704166343 0.018415009132 0.0225003719328 0.024906189991 0.00851638191063 0.0321920188797 0.0114093293661 -0.0153914816981 -0.00630961412253 0.031488166863 0.00708285316826 0.0187850679776 0.224516688721 0.0439807583879 0.0263250789635 0.0207406074077 
