40
0.050100863095 0.0377827405953 0.133327922328 0.0180781461794 0.266244884644 0.0210495138202 0.0220203869342 0.142835786571 0.0716450377603 0.126305303483 0.0314738433907 0.106366385329 0.0267965440056 0.0631385093148 0.0384738749472 0.0218855159469 0.15397042743 0.169485482474 0.041097516798 0.0612619406497 0.0784336943662 0.0318751717172 0.239728898705 0.0414012394119 0.0246636786654 0.0522861094618 0.0247746242904 0.0380825412642 0.0466468708745 0.0389775871913 0.0843714281037 0.0418020448473 0.0770368317024 0.0151091702759 0.0442487549982 0.0449680709256 0.0738036440579 0.0179151897049 0.0766878163077 0.106415927512 
0.30201389579 0.00579378577536 0.0234701529599 0.0194850715878 -0.0308293573729 0.00632037886008 0.0139506202339 0.0142862916958 0.0149061721804 0.0226068061511 0.00915113965308 0.0432685400608 0.0334293554099 0.0436533262922 0.0256152823406 0.0145407405801 0.0139273282125 0.0182796410788 0.0043161730374 0.00943132518029 0.0162888405093 -0.00489456135029 0.0310919439751 0.0394625551432 0.0115107585763 0.0340951868988 0.0479334415583 0.0164061497264 -0.00982665515884 0.0250056944775 0.0267506599475 0.0294496458179 0.017527445861 0.0182451622411 0.0109222201983 0.0107224800664 0.0277986274817 0.0200760581634 0.0181617277971 0.0220847564203 
0.00579378577535 0.329542821476 0.0173213541846 0.0194355545139 -0.00138573541346 0.00442828615216 0.0133737574819 0.0172185916659 -0.00173759454617 0.0213159301422 0.0125310105067 0.0322033708585 0.017771827319 0.00955138351897 0.0308260380965 -0.00315653287289 0.0315978813253 0.0196194423894 0.025673094632 0.016654953571 0.00053336879902 0.0242900618748 0.0200516788508 0.0124846880256 0.0082822636535 0.0150170749563 0.00596724298069 0.0150830867276 0.040513184617 0.0200970326156 0.0069323972585 0.0218695203155 0.0152161742934 0.00555067237591 0.0137756101654 0.0207473842771 0.0144257096888 0.0119292211593 0.0260206440229 0.00100784273112 
0.0234701529599 0.0173213541846 0.810964432263 0.0103960276968 0.0316727233094 0.0629934642861 0.0222760924725 0.121316081537 -0.00169471027643 0.0177428115739 0.0109900175192 0.01558036105 0.0105032764318 0.0396128564458 0.00526026813568 -0.00362050442911 -0.0186901684845 0.000752054132281 0.00887501703553 0.0311031111431 0.0153948429602 0.0129832353721 0.0364761687257 -0.0149810438738 0.0154147611974 0.0256978068712 0.00871668437893 0.0123531911443 0.123871184327 0.00547198056858 0.00470741261135 0.0159482851809 0.0285545262 0.0108470682035 0.0105872262053 0.0113208587121 -0.0175691087368 0.0353627922866 0.00219311852019 0.0196658891141 
0.0194850715878 0.0194355545139 0.0103960276968 0.247373432379 0.0221743169416 0.00683392593495 0.0189492000083 0.0186102092352 -0.00503453571188 -0.0054214517624 0.0119407391263 0.00471909344246 0.0165770125087 -0.00171423721769 0.00806047457495 0.0151034506344 0.010613491152 0.00431518488455 0.00156034474968 0.0120903384119 0.00947846161727 0.0114729113744 0.0210016304028 -0.00863293588646 0.0179885123233 0.0236664020143 0.00167781134067 -0.00882667705544 -0.00175424126479 0.0260591066084 -0.00351418455033 0.0113140176135 0.0131481072802 0.00590356831301 -0.00179026575462 0.00707548924474 -0.00533288112339 0.00747859204588 0.0120947810502 0.00759287409191 
-0.0308293573729 -0.00138573541346 0.0316727233094 0.0221743169416 2.27119755668 0.0262533845186 0.0272393359985 0.0216868247695 0.0253204836371 0.0175011002129 0.0080273311204 -0.00145613527707 0.0155901723468 0.0215185643847 0.00901572296575 -0.00610471046445 0.0180790959567 0.0187245120585 0.0343820538835 0.00368480214885 0.0201366884688 0.00310952937314 0.087016421829 0.00204058816025 0.0204723076636 0.0211982924647 0.0261971965026 0.0548440502081 -0.00788688460581 0.0525318063677 0.013911030094 -0.00516623610463 0.00147811624929 0.0124811302903 -0.00943498671671 0.0492909768539 0.0629228860107 -0.00614100324247 0.0651168729222 0.00247187106275 
0.00632037886008 0.00442828615216 0.0629934642861 0.00683392593495 0.0262533845186 0.320419833549 0.0108427219254 0.0197075637701 0.0104911670039 0.0131765162575 0.0153486497352 0.00608204537742 0.0112823518586 0.0118234324701 0.00477698164186 0.00151413412291 -0.00114483408704 0.00803955785079 0.00946748331994 0.017179537984 0.0137419738742 0.0160468911333 0.0372700111915 0.00556967386463 0.0153590517191 0.0146140783091 0.0108205497911 0.0120123660405 0.000751765016622 0.0149006755187 -0.0127430110258 0.0298307833498 -0.00362161610153 0.00553355266553 0.0130434088267 0.01255386787 0.0182330679831 0.00714528041146 0.0085385939129 0.0224491759883 
0.0139506202339 0.0133737574819 0.0222760924725 0.0189492000083 0.0272393359985 0.0108427219254 0.23096230223 0.0168832669711 0.0111757632396 0.0118828781492 0.0203516578367 0.00594534526302 0.0228773341875 0.0177054180284 0.0121459021963 0.0119830354343 -0.0081403214298 0.00895438732269 0.0180195818938 0.0116558788395 0.00875498717418 0.00584966758271 0.0447944684207 0.0219698407362 0.022072936428 0.0209678028914 0.00652321264829 0.0118812287735 0.0113337208511 0.0393321104849 0.0105226940216 0.0348085396959 0.024937912172 0.0169300994965 0.0129249265859 0.0109106348583 0.0115901050415 0.028374574483 0.039151186749 0.0375080517136 
0.0142862916958 0.0172185916659 0.121316081537 0.0186102092352 0.0216868247695 0.0197075637701 0.0168832669711 1.2462375003 0.00546880392185 0.0011126199233 0.0177759919142 -0.0089612651756 -0.00624971481436 0.00635226057475 0.00830714877199 0.00834809503049 0.0281828275372 -0.000873324952228 -0.0039991030613 0.00820686855295 -0.0107273073587 0.00780931949981 0.00255969485796 6.71711028039e-05 0.00355784944611 0.00562744126874 -0.00179053278637 0.00126095316022 -0.0228187718559 0.0323244596514 0.00609016241054 0.000416168010206 -0.00606918124704 0.00440234006652 0.00694660743485 0.00325409354953 0.0390749433978 0.057230448954 0.0151351275225 0.0296101826765 
0.0149061721804 -0.00173759454617 -0.00169471027643 -0.00503453571188 0.0253204836371 0.0104911670039 0.0111757632396 0.00546880392185 0.466334653567 0.0119555612914 0.0187750275182 0.000739502465219 0.00726835020942 0.014189534804 -0.00275012904976 0.00546658538515 0.0267749769321 0.039731868049 0.0121952170281 0.00525478566746 -4.4022902792e-05 0.0070278885356 0.0521868620121 0.00893937577003 0.0142943944095 0.0161253966219 0.0101154344701 0.00675117303337 0.0235046948605 0.0202250726005 -0.0259838820852 0.024677132736 0.00554333620815 0.000189325630075 0.0166852755196 0.0246274695182 -0.00521552471088 -0.0070570991317 0.0115332916134 0.0109375266294 
0.0226068061511 0.0213159301422 0.0177428115739 -0.0054214517624 0.0175011002129 0.0131765162575 0.0118828781492 0.0011126199233 0.0119555612914 0.447431514475 0.012097689527 0.140716472477 0.00538148042379 0.0523011926136 0.00296221402692 0.00549797766815 0.142924529903 0.0658543461044 0.0296826423547 0.0276491427831 -0.0102398955298 0.0116396788707 0.0473507676179 0.00751796701537 0.0069465053636 0.0162337039344 0.00393542465112 0.0096552842124 0.0275644870455 0.0170912519974 -0.00556754660304 0.0156692820585 0.0114500588818 -0.00545985437626 0.00770062702557 0.00844459963418 0.0133750585497 0.0182861308913 0.0426694557547 0.0366328674215 
0.00915113965308 0.0125310105067 0.0109900175192 0.0119407391263 0.0080273311204 0.0153486497352 0.0203516578367 0.0177759919142 0.0187750275182 0.012097689527 0.290165902664 0.0157270252027 0.0206970105031 0.00104328487311 0.00394910290346 0.0132430768153 0.0257338724467 -0.00191249464874 0.0168706970256 0.0414489108369 -0.00570368988632 0.0117900717174 0.0331414905385 0.0204692536596 0.008672585747 0.0042325159137 0.0230598268252 0.0176893686589 0.00280463872485 0.0219369181461 0.0154918681331 0.0116358758803 0.0116892774787 0.0242682665581 -0.00341964648236 0.00403673334215 0.0194417761279 -0.00308808885558 0.0236527870151 0.00487457893641 
0.0432685400608 0.0322033708585 0.01558036105 0.00471909344246 -0.00145613527707 0.00608204537742 0.00594534526302 -0.0089612651756 0.000739502465219 0.140716472477 0.0157270252027 0.423435896041 -0.00379460662962 0.0151687114399 0.0311566644114 0.00836635915992 0.148905351797 0.0554469153362 0.0421289111147 0.0276197859386 0.0186226181187 0.0187778181566 0.0515141716144 0.0170645336664 0.00396614845966 0.0189006564556 0.0144365848834 -0.00132213964053 0.0455470722955 0.000167628183159 0.00205427272094 0.0253529959149 0.0211211092519 0.00606782285976 0.01237767211 0.0272757518639 0.0114206632197 0.00875712181567 0.0109354616696 0.0193187040774 
0.0334293554099 0.017771827319 0.0105032764318 0.0165770125087 0.0155901723468 0.0112823518586 0.0228773341875 -0.00624971481436 0.00726835020942 0.00538148042379 0.0206970105031 -0.00379460662962 0.17387383846 0.00607297646189 0.0142021747965 0.00216651296463 0.00549272198907 0.00483285721915 0.0321055945583 0.0155177527004 0.00850570349003 0.0229889355459 0.0476299413164 0.0149962300175 0.0271848713021 0.0164146520455 0.0194487273104 0.00727416640962 0.0125724134079 0.0477096970118 0.0200354771944 0.0112756111823 0.00192325667845 0.0151672876361 0.015351807499 0.0147580894233 0.0103554525324 0.0288564186831 0.0101030569626 0.00752737117497 
0.0436533262922 0.00955138351897 0.0396128564458 -0.00171423721769 0.0215185643847 0.0118234324701 0.0177054180284 0.00635226057475 0.014189534804 0.0523011926136 0.00104328487311 0.0151687114399 0.00607297646189 0.358323912333 0.0122917747926 0.00762914365928 0.00944780577781 0.0252284522695 0.0126002735537 0.0647962002244 0.00089079860007 0.00463902471919 0.0916775601533 0.00725931264973 0.016692816272 0.0148120609725 0.0116041402467 0.0180457474411 0.0133300357439 0.00694377122344 0.0210883029787 0.0202967155736 0.0250053144716 0.011617042726 0.0367607880191 0.012583918497 0.0369129782474 0.0116034625793 0.0388998430706 0.0287890952211 
0.0256152823406 0.0308260380965 0.00526026813568 0.00806047457495 0.00901572296575 0.00477698164186 0.0121459021963 0.00830714877199 -0.00275012904976 0.00296221402692 0.00394910290346 0.0311566644114 0.0142021747965 0.0122917747926 0.231688932182 0.000656195400087 0.0152502065592 0.0169008601477 0.0151461601547 0.00907016375047 0.0238174425498 0.0111518609319 0.0425921084892 0.0139450641561 0.00372367809362 0.00471491672112 0.00492197300538 -0.0033969682253 0.0121628824757 0.0222876119813 0.0232850692447 0.0124651632383 0.0207869800667 0.0206549308346 0.00333129754917 0.00357936676995 0.0138463540577 0.00793050261655 0.00331053597216 0.00719142533195 
0.0145407405801 -0.00315653287289 -0.00362050442911 0.0151034506344 -0.00610471046445 0.00151413412291 0.0119830354343 0.00834809503049 0.00546658538515 0.00549797766815 0.0132430768153 0.00836635915992 0.00216651296463 0.00762914365928 0.000656195400087 0.163894710245 0.00557838455582 0.0107579654757 -0.000331779876988 0.0115394199171 0.0117003636653 0.00840474792331 0.00620753989436 0.0152010245028 0.00555073212443 0.013893818764 0.0131544940548 0.00779224371104 0.0189723931593 -0.00124310354573 -0.0052289789698 0.00364181314476 0.00372496474163 0.01379353374 0.00594348041453 0.0124518959452 0.0164716307938 0.00452131551828 0.00543342726783 -0.00771542638481 
0.0139273282125 0.0315978813253 -0.0186901684845 0.010613491152 0.0180790959567 -0.00114483408704 -0.0081403214298 0.0281828275372 0.0267749769321 0.142924529903 0.0257338724467 0.148905351797 0.00549272198907 0.00944780577781 0.0152502065592 0.00557838455582 0.590377291432 0.018968137549 0.0269706573017 0.0348886639634 0.0111147657429 0.0232597832504 0.0736978440221 0.0163890536312 0.00404825501699 0.0449763584323 0.00661344457101 0.0192816294313 0.0384231185942 0.00399365886345 0.000334299817181 0.0361199558806 0.0180414434932 0.00683191547416 2.65002887487e-05 -0.00405066606488 0.0208537419551 0.0157610850019 0.0348962671565 0.0427648466745 
0.0182796410788 0.0196194423894 0.000752054132281 0.00431518488455 0.0187245120585 0.00803955785079 0.00895438732269 -0.000873324952228 0.039731868049 0.0658543461044 -0.00191249464874 0.0554469153362 0.00483285721915 0.0252284522695 0.0169008601477 0.0107579654757 0.018968137549 0.672661262304 0.0191473768049 0.0313610327668 -0.0150157136224 0.037261591964 0.0319100699513 0.0288920390311 0.000698601078035 0.0150415945463 0.0193135035067 0.0311071166702 0.0190757135798 -0.000344568492103 0.0211861302152 0.0241051662806 0.0261919484808 0.0113302100273 0.00864575610291 0.0175181513281 0.0256651608204 -0.00275973728325 0.00158221598117 -0.000242890993231 
0.0043161730374 0.025673094632 0.00887501703553 0.00156034474968 0.0343820538835 0.00946748331994 0.0180195818938 -0.0039991030613 0.0121952170281 0.0296826423547 0.0168706970256 0.0421289111147 0.0321055945583 0.0126002735537 0.0151461601547 -0.000331779876988 0.0269706573017 0.0191473768049 0.251034619232 0.00180015986973 0.0254652248159 0.0231952159804 0.0195807766048 0.0130179295478 0.0335032746317 0.00626116106997 0.0154018653181 0.0178635051462 0.00690931174061 0.0479199835773 0.0182658170006 0.0258498265045 0.00803299753435 0.0188408852845 0.0155032967716 0.0195780143881 0.010933406019 0.0163251239619 0.0272243785312 0.000661107096366 
0.00943132518029 0.016654953571 0.0311031111431 0.0120903384119 0.00368480214885 0.017179537984 0.0116558788395 0.00820686855295 0.00525478566746 0.0276491427831 0.0414489108369 0.0276197859386 0.0155177527004 0.0647962002244 0.00907016375047 0.0115394199171 0.0348886639634 0.0313610327668 0.00180015986973 0.354879735864 0.0191727709419 0.0208695634523 0.0534661224922 0.0178767341017 0.00091390397611 0.00976326243568 0.0293284602149 0.0231262916887 0.0215874317962 -0.00125331639332 0.0110908098029 0.0203289542561 0.0116411873139 0.00577416157136 0.0328843096677 0.0069435091005 0.0236154557348 -0.000140190262283 0.0363286316386 0.0259633017973 
0.0162888405093 0.00053336879902 0.0153948429602 0.00947846161727 0.0201366884688 0.0137419738742 0.00875498717418 -0.0107273073587 -4.40229027931e-05 -0.0102398955298 -0.00570368988632 0.0186226181187 0.00850570349003 0.000890798600071 0.0238174425498 0.0117003636653 0.0111147657429 -0.0150157136224 0.0254652248159 0.0191727709419 0.36649721894 0.0173200951495 0.00525630909801 0.0141049669652 0.0138226426191 0.00708746233258 0.00736672484387 0.024803622873 0.0311771587155 0.0154281197745 0.00678188602895 0.00518402835176 -0.00615041488865 0.014690175782 0.000880249579379 0.0242366239098 0.00365777534398 0.0084930288194 0.0177180740939 0.0752036413288 
-0.00489456135029 0.0242900618748 0.0129832353721 0.0114729113744 0.00310952937314 0.0160468911333 0.00584966758271 0.00780931949981 0.0070278885356 0.0116396788707 0.0117900717174 0.0187778181566 0.0229889355459 0.00463902471919 0.0111518609319 0.00840474792331 0.0232597832504 0.037261591964 0.0231952159804 0.0208695634523 0.0173200951495 0.183668333004 0.0159484611804 0.0181764940903 0.0150208845317 0.00713146451012 0.0158111301908 0.00880238777552 0.0512376334614 0.0327772065993 0.0186543098453 0.0169213883849 0.0212704950486 0.0177384026283 0.0135813518012 0.0156376829802 0.0179180098684 0.00863996511473 0.00226292361178 0.00414993537883 
0.0310919439751 0.0200516788508 0.0364761687257 0.0210016304028 0.087016421829 0.0372700111915 0.0447944684207 0.00255969485796 0.0521868620121 0.0473507676179 0.0331414905385 0.0515141716144 0.0476299413164 0.0916775601533 0.0425921084892 0.00620753989436 0.0736978440221 0.0319100699513 0.0195807766048 0.0534661224922 0.00525630909801 0.0159484611804 0.874290970156 0.0226516565463 0.00468335451689 0.0440301803024 0.0499310361959 0.0497001567277 0.0126155917927 0.00581664035362 0.0367433532451 0.0237720203425 0.048021064445 0.0170865036875 0.0466602756957 0.0263532684079 0.0612371188396 0.00469419909115 0.147851786143 0.109796742004 
0.0394625551432 0.0124846880256 -0.0149810438738 -0.00863293588646 0.00204058816025 0.00556967386463 0.0219698407362 6.71711028039e-05 0.00893937577003 0.00751796701537 0.0204692536596 0.0170645336664 0.0149962300175 0.00725931264973 0.0139450641561 0.0152010245028 0.0163890536312 0.0288920390311 0.0130179295478 0.0178767341017 0.0141049669652 0.0181764940903 0.0226516565463 0.244937600327 0.0101975572521 0.0222450770583 0.023504853134 -0.00475765098445 -0.00799728003523 0.0137148309589 0.00500649653804 0.008100647961 0.0114993223845 0.0143011487796 0.0109168519354 0.0182641331772 0.0263429953642 0.0192298839207 0.0152724472114 0.0153886538443 
0.0115107585763 0.0082822636535 0.0154147611974 0.0179885123233 0.0204723076636 0.0153590517191 0.022072936428 0.00355784944611 0.0142943944095 0.0069465053636 0.008672585747 0.00396614845966 0.0271848713021 0.016692816272 0.00372367809362 0.00555073212443 0.00404825501699 0.000698601078035 0.0335032746317 0.00091390397611 0.0138226426191 0.0150208845317 0.00468335451689 0.0101975572521 0.135411008341 -0.00148432377566 0.00726613184631 0.00814701757506 0.0080225769454 0.0261770382865 0.0116786299134 0.0180248772713 0.012066049463 0.00585915846797 0.00787871202456 0.0234186796575 0.0114914928447 0.0142282598007 0.00951676540077 0.00621428859327 
0.0340951868988 0.0150170749563 0.0256978068712 0.0236664020143 0.0211982924647 0.0146140783091 0.0209678028914 0.00562744126874 0.0161253966219 0.0162337039344 0.0042325159137 0.0189006564556 0.0164146520455 0.0148120609725 0.00471491672112 0.013893818764 0.0449763584323 0.0150415945463 0.00626116106997 0.00976326243568 0.00708746233258 0.00713146451012 0.0440301803024 0.0222450770583 -0.00148432377566 0.322167947702 0.0115932754301 0.0223983477212 0.013299086183 0.0185662298189 0.00228426154537 0.052442524102 0.00704666595978 0.020923018612 0.0227932779494 0.0206531410619 0.0257192299151 0.0167593006965 0.0483893260157 0.0432384466701 
0.0479334415583 0.00596724298069 0.00871668437893 0.00167781134067 0.0261971965026 0.0108205497911 0.00652321264829 -0.00179053278637 0.0101154344701 0.00393542465112 0.0230598268252 0.0144365848834 0.0194487273104 0.0116041402467 0.00492197300538 0.0131544940548 0.00661344457101 0.0193135035067 0.0154018653181 0.0293284602149 0.00736672484387 0.0158111301908 0.0499310361959 0.023504853134 0.00726613184631 0.0115932754301 0.185271763732 0.0201776145468 0.0136227063124 0.0255164638883 0.0035559474393 0.01583841863 0.0109015688075 0.0213713010853 0.0159447301603 0.00830573767396 0.0197248460277 0.00550663775712 0.0101904364253 0.0277372086884 
0.0164061497264 0.0150830867276 0.0123531911443 -0.00882667705544 0.0548440502081 0.0120123660405 0.0118812287735 0.00126095316022 0.00675117303337 0.0096552842124 0.0176893686589 -0.00132213964053 0.00727416640962 0.0180457474411 -0.0033969682253 0.00779224371104 0.0192816294313 0.0311071166702 0.0178635051462 0.0231262916887 0.024803622873 0.00880238777552 0.0497001567277 -0.00475765098445 0.00814701757506 0.0223983477212 0.0201776145468 0.243690163641 0.00728660047393 0.0288629163986 0.00684517676579 0.0249041490842 0.00108195533324 0.0175859519318 -0.000573142981331 0.0154095768031 0.0174231454854 0.0102799499579 0.0330950254643 0.0273072952259 
-0.00982665515884 0.040513184617 0.123871184327 -0.00175424126479 -0.00788688460581 0.000751765016623 0.0113337208511 -0.0228187718559 0.0235046948605 0.0275644870455 0.00280463872485 0.0455470722955 0.0125724134079 0.0133300357439 0.0121628824757 0.0189723931593 0.0384231185942 0.0190757135798 0.0069093117406 0.0215874317962 0.0311771587155 0.0512376334614 0.0126155917927 -0.00799728003523 0.0080225769454 0.013299086183 0.0136227063124 0.00728660047393 0.34439732584 0.0118819910062 0.00614353889023 0.017077856143 0.0143234400201 0.0100661615188 0.0258625199348 0.00619605822694 0.0221848270094 -0.000652228384553 0.0131128218884 0.00213248625108 
0.0250056944775 0.0200970326156 0.00547198056858 0.0260591066084 0.0525318063677 0.0149006755187 0.0393321104849 0.0323244596514 0.0202250726005 0.0170912519974 0.0219369181461 0.000167628183159 0.0477096970118 0.00694377122344 0.0222876119813 -0.00124310354573 0.00399365886345 -0.000344568492103 0.0479199835773 -0.00125331639332 0.0154281197745 0.0327772065993 0.00581664035362 0.0137148309589 0.0261770382865 0.0185662298189 0.0255164638883 0.0288629163986 0.0118819910062 0.236366879848 0.0249970217975 0.0239105411761 0.016354872433 0.0166567844526 0.02150490927 0.0223824736817 0.0258355193344 0.0208021154167 0.0341066933137 0.00953918547057 
0.0267506599475 0.0069323972585 0.00470741261135 -0.00351418455033 0.013911030094 -0.0127430110258 0.0105226940216 0.00609016241054 -0.0259838820852 -0.00556754660304 0.0154918681331 0.00205427272094 0.0200354771944 0.0210883029787 0.0232850692447 -0.0052289789698 0.00033429981718 0.0211861302152 0.0182658170006 0.0110908098029 0.00678188602895 0.0186543098453 0.0367433532451 0.00500649653804 0.0116786299134 0.00228426154537 0.0035559474393 0.00684517676579 0.00614353889023 0.0249970217975 0.865111850912 0.0293052738707 0.00870638687471 -0.00637614023067 0.0327228823577 0.00204434409627 0.0219904032275 -0.0121038299345 0.0421392711088 0.0193252862865 
0.0294496458179 0.0218695203155 0.0159482851809 0.0113140176135 -0.00516623610463 0.0298307833498 0.0348085396959 0.000416168010206 0.024677132736 0.0156692820585 0.0116358758803 0.0253529959149 0.0112756111823 0.0202967155736 0.0124651632383 0.00364181314476 0.0361199558806 0.0241051662806 0.0258498265045 0.0203289542561 0.00518402835176 0.0169213883849 0.0237720203425 0.008100647961 0.0180248772713 0.052442524102 0.01583841863 0.0249041490842 0.017077856143 0.0239105411761 0.0293052738707 0.251630294058 0.0099728109232 0.0100811938232 0.00642604314922 0.0316676616947 0.0362833401351 0.0114858628343 0.0398794946281 0.0518905953971 
0.017527445861 0.0152161742934 0.0285545262 0.0131481072802 0.00147811624929 -0.00362161610153 0.024937912172 -0.00606918124704 0.00554333620815 0.0114500588818 0.0116892774787 0.0211211092519 0.00192325667845 0.0250053144716 0.0207869800667 0.00372496474163 0.0180414434932 0.0261919484808 0.00803299753435 0.0116411873139 -0.00615041488865 0.0212704950486 0.048021064445 0.0114993223845 0.012066049463 0.00704666595978 0.0109015688075 0.00108195533324 0.0143234400201 0.016354872433 0.00870638687471 0.0099728109232 0.342897863412 0.0188101509659 0.0273254880214 0.00675877244373 -0.0178825971488 0.000684318957929 0.024025346952 0.0122891526014 
0.0182451622411 0.00555067237591 0.0108470682035 0.00590356831301 0.0124811302903 0.00553355266553 0.0169300994965 0.00440234006652 0.000189325630074 -0.00545985437626 0.0242682665581 0.00606782285976 0.0151672876361 0.011617042726 0.0206549308346 0.01379353374 0.00683191547416 0.0113302100273 0.0188408852845 0.00577416157136 0.014690175782 0.0177384026283 0.0170865036875 0.0143011487796 0.00585915846797 0.020923018612 0.0213713010853 0.0175859519318 0.0100661615188 0.0166567844526 -0.00637614023067 0.0100811938232 0.0188101509659 0.157737949744 0.00502726021766 0.021498916635 0.00922819069805 0.00602651273887 0.0166859888875 0.00553303296251 
0.0109222201983 0.0137756101654 0.0105872262053 -0.00179026575462 -0.00943498671671 0.0130434088267 0.0129249265859 0.00694660743485 0.0166852755196 0.00770062702557 -0.00341964648236 0.01237767211 0.015351807499 0.0367607880191 0.00333129754917 0.00594348041453 2.65002887489e-05 0.00864575610291 0.0155032967716 0.0328843096677 0.00088024957938 0.0135813518012 0.0466602756957 0.0109168519354 0.00787871202456 0.0227932779494 0.0159447301603 -0.000573142981332 0.0258625199348 0.02150490927 0.0327228823577 0.00642604314922 0.0273254880214 0.00502726021766 0.271002900229 0.00974653859263 -0.00147801275691 0.0325458148566 0.0340175167299 0.0222172754182 
0.0107224800664 0.0207473842771 0.0113208587121 0.00707548924474 0.0492909768539 0.01255386787 0.0109106348583 0.00325409354953 0.0246274695182 0.00844459963418 0.00403673334215 0.0272757518639 0.0147580894233 0.012583918497 0.00357936676995 0.0124518959452 -0.00405066606488 0.0175181513281 0.0195780143881 0.0069435091005 0.0242366239098 0.0156376829802 0.0263532684079 0.0182641331772 0.0234186796575 0.0206531410619 0.00830573767396 0.0154095768031 0.00619605822694 0.0223824736817 0.00204434409627 0.0316676616947 0.00675877244373 0.021498916635 0.00974653859263 0.190819949505 0.0221584642641 0.0167411372133 0.0116561180261 0.00411839859928 
0.0277986274817 0.0144257096888 -0.0175691087368 -0.00533288112339 0.0629228860107 0.0182330679831 0.0115901050415 0.0390749433978 -0.00521552471088 0.0133750585497 0.0194417761279 0.0114206632197 0.0103554525324 0.0369129782474 0.0138463540577 0.0164716307938 0.0208537419551 0.0256651608204 0.010933406019 0.0236154557348 0.00365777534398 0.0179180098684 0.0612371188396 0.0263429953642 0.0114914928447 0.0257192299151 0.0197248460277 0.0174231454854 0.0221848270094 0.0258355193344 0.0219904032275 0.0362833401351 -0.0178825971488 0.00922819069805 -0.00147801275691 0.0221584642641 0.350189871191 0.00484600974713 0.0335520059648 0.0196780598135 
0.0200760581634 0.0119292211593 0.0353627922866 0.00747859204588 -0.00614100324247 0.00714528041146 0.028374574483 0.057230448954 -0.0070570991317 0.0182861308913 -0.00308808885558 0.00875712181567 0.0288564186831 0.0116034625793 0.00793050261655 0.00452131551828 0.0157610850019 -0.00275973728325 0.0163251239619 -0.000140190262282 0.0084930288194 0.00863996511473 0.00469419909115 0.0192298839207 0.0142282598007 0.0167593006965 0.00550663775712 0.0102799499579 -0.000652228384553 0.0208021154167 -0.0121038299345 0.0114858628343 0.000684318957929 0.00602651273887 0.0325458148566 0.0167411372133 0.00484600974713 0.304526972119 0.00601208765611 -0.000133315973828 
0.0181617277971 0.0260206440229 0.00219311852019 0.0120947810502 0.0651168729222 0.0085385939129 0.039151186749 0.0151351275225 0.0115332916134 0.0426694557547 0.0236527870151 0.0109354616696 0.0101030569626 0.0388998430706 0.00331053597216 0.00543342726783 0.0348962671565 0.00158221598117 0.0272243785312 0.0363286316386 0.0177180740939 0.00226292361178 0.147851786143 0.0152724472114 0.00951676540077 0.0483893260157 0.0101904364253 0.0330950254643 0.0131128218884 0.0341066933137 0.0421392711089 0.0398794946281 0.024025346952 0.0166859888875 0.0340175167299 0.0116561180261 0.0335520059648 0.00601208765611 0.442100498525 0.0750342770992 
0.0220847564203 0.00100784273112 0.0196658891141 0.00759287409191 0.00247187106275 0.0224491759883 0.0375080517136 0.0296101826765 0.0109375266294 0.0366328674215 0.00487457893641 0.0193187040774 0.00752737117497 0.0287890952211 0.00719142533195 -0.00771542638481 0.0427648466745 -0.000242890993231 0.000661107096366 0.0259633017973 0.0752036413288 0.00414993537883 0.109796742004 0.0153886538443 0.00621428859327 0.0432384466701 0.0277372086884 0.0273072952259 0.00213248625108 0.00953918547057 0.0193252862865 0.0518905953971 0.0122891526014 0.00553303296251 0.0222172754182 0.00411839859928 0.0196780598135 -0.000133315973828 0.0750342770992 0.609988830806 

['BLL', 'PGL', 'ADCT', 'RRD', 'TLAB', 'HMA', 'MTG', 'THC', 'SYMC', 'BHI', 'MMC', 'DVN', 'KEY', 'UNP', 'ABC', 'GIS', 'VLO', 'ADM', 'PRU', 'QLGC', 'MHS', 'FE', 'NVDA', 'EOP', 'TMK', 'ASD', 'VZ', 'EDS', 'CEG', 'MET', 'WAT', 'GWW', 'KG', 'KMB', 'DIS', 'LMT', 'SHW', 'SVU', 'KLAC', 'ADSK']