50
0.0870342926162 0.0843714281037 0.0168064994581 0.0246645675501 0.0597094198611 0.02392892696 0.0388241127613 0.015652967587 0.0459594094694 0.0380825412642 0.0256345374975 0.0404531955786 0.126958151155 0.0997806882374 0.0254158643172 0.029419367 0.147407151382 0.0272696759741 0.0623322546876 0.0362094771936 0.0621529110589 0.0613427887106 0.0629738483482 0.0282353637115 0.039970875035 0.0831725949645 0.0192488530763 0.188050706821 0.0340754658053 0.065735385914 0.0267221777707 0.0933125666969 0.0113752176021 0.0307440439862 0.0248078828137 0.043075945187 0.0309081568087 0.0449680709256 0.0523918745475 0.0290232005544 0.0545718905582 0.0210495138202 0.0995242847704 0.110783759143 0.0722101641432 0.0295384146509 0.0739523233915 0.0375994121509 0.0314514366364 0.126302472887 
0.371380151627 0.0809250117869 -0.00343335735845 0.0203937521586 0.016253181484 0.0200197303409 0.00857042817754 0.029918284001 0.0227399861816 0.019368557631 0.00999321620579 0.0512893025916 0.0297533171788 0.0508836070518 0.0353563499454 0.00919972737575 0.0084438224843 0.0334270024888 0.00855021504043 0.020558133377 0.0229242136963 0.00956023454077 0.0177324919589 0.0245183520184 0.0341600569475 0.0204995083178 0.00430751191059 0.0355531529799 -0.00042693156016 0.0347129959087 0.0148922993507 0.00927514460181 0.0156362217461 0.0207638357291 0.0148547644542 0.0274489201974 0.0227259943777 0.0163326044753 0.0156767271739 0.0134635697915 0.00567209788227 0.00813466055445 0.0213407760036 0.0535360836613 0.120529236866 0.00866240582431 0.0456649413689 -0.00334852231703 0.0183622508337 0.033606041724 
0.0809250117869 0.859429073459 0.00904663096179 0.00557364207076 -0.00194630023325 0.0212229657465 0.00671317952847 0.0105808611869 0.0197647167003 0.00332361694844 0.00661690332907 0.0336260358594 0.0171201461181 0.0109959598138 -0.00731809506684 0.0093088647863 0.0103642397544 0.0123235644982 0.00313680137073 0.0120792834389 0.0160684183021 0.00793775170066 -0.0248241289004 0.0161197299237 0.0129704668297 0.0281173841918 0.00185697467519 0.0538827133001 0.00147165992713 0.0229258214107 0.0179346790742 0.0240926705304 0.010793753022 0.0167023676704 -0.00679876467802 0.0188570548175 0.0495659375792 -0.00142093874931 0.0117333528042 -0.00446035598133 0.00301627375128 -0.0124786862244 0.00226044620378 0.0237282080776 -0.0124500545961 0.00218890762986 0.0267991293883 0.00434665766259 0.0199378515644 -0.00915586384651 
-0.00343335735845 0.00904663096179 0.211883592926 0.0248395300514 0.00280854689038 0.0105772513207 0.00582973057002 0.0215701364139 0.0246100534271 0.0122730602694 0.0185155676191 0.0119177786512 0.0168649248055 0.0087099119307 0.0119382269587 0.00680249458952 0.00378102726505 0.010113373612 0.00752794158341 0.00951780994273 0.0122964745528 0.00655897716795 -0.00148413523159 0.0205896369825 0.014539958507 0.0221079281042 0.00140561851372 0.00890415620422 0.00103119598274 0.0106159221179 0.0237882248595 -0.00277429773386 0.0103914976149 0.0160774796659 0.00817280865189 0.0202998515406 -0.00023962719994 0.00822720552443 0.0108056161207 -0.00381131830528 0.00814259050307 -0.00586493458427 0.0089406447033 0.0295913807204 0.00598934045099 0.0264857021334 0.00789797282042 0.00383466537762 0.00937645230374 -0.00553132694499 
0.0203937521586 0.00557364207076 0.0248395300514 0.156412219256 0.0121979005346 0.00543608114254 0.0136034431051 0.000671696156433 0.0259045590448 0.00906029760164 0.016004118783 0.0198561870648 0.00947266629022 0.0108475423903 0.0140410330432 0.0112995914057 0.00917786781952 0.0139731122236 0.00810922021163 0.0172134689415 0.00784123248801 0.00384952802417 -0.00205887203858 0.048931337215 0.0100056223835 0.025626673158 0.0134966338643 0.00837159389608 0.0150007205777 0.0223357767294 0.0265844614158 0.0150098601894 0.0118211504658 0.0324935589699 0.0135572542631 0.0432113217761 0.0381413652238 0.0291957697007 0.0128998813612 0.0231648363573 0.0170130104931 0.0045132870565 0.00462344739768 0.0229731380885 0.0107033381937 0.0409501422193 -0.0062863420595 0.0149674360206 0.0483612575143 0.0131853777171 
0.016253181484 -0.00194630023325 0.00280854689038 0.0121979005346 0.402396808037 0.0142633826513 0.00815935219587 0.0110733744637 0.0125494841421 -0.000237067145615 -0.00816807918419 0.030911243738 0.00697241385119 0.0389052095443 0.0181356819313 0.00994806258276 0.0102816973166 0.00974508340522 0.0101468117145 0.022749951433 -0.00617387325437 0.00373278685469 -0.00625040675114 0.026509326347 0.0158150464049 0.0296498050437 0.005489169686 0.00899451641487 0.0009245763757 0.0322738234306 0.0198985716702 -0.0033811493441 0.0212043061859 0.0306389077359 0.00712657334486 0.00832646220256 0.0109160446748 -0.00167717932659 0.00764746577997 0.0218598854225 0.0122844991116 0.0122565815644 0.0102277163825 0.0189286847433 0.0111073897399 0.0144485536971 0.01835527234 0.00268427911972 0.0147661322313 -0.00129081583499 
0.0200197303409 0.0212229657465 0.0105772513207 0.00543608114254 0.0142633826513 0.241049727209 0.0226243204526 0.030809022431 0.0325048580671 0.0131059418632 0.00492066015712 0.027743027131 0.0174637779717 0.0166657714372 0.0117192072396 0.00465151844588 0.000897909918498 0.0121677375316 0.00862443111793 0.0163977444927 0.0353311569839 -0.000771201672304 0.0154040108809 0.0147257439273 0.0225000053187 0.0257087578852 -0.000476747767138 0.0209808259027 0.0046891739422 0.0187617118273 0.00264118393339 -0.0283750038135 0.0149743173584 0.016782407725 0.0043611492799 0.00511362316331 0.0340262764788 0.014625140136 -0.00314592682012 0.0212622842571 -0.000848768551996 0.00788718215296 0.00699208161637 0.0217610456769 0.0289390636324 0.0167536722931 0.0168717745003 0.0216547689085 0.0117042812478 -0.00677130815045 
0.00857042817754 0.00671317952847 0.00582973057002 0.0136034431051 0.00815935219587 0.0226243204526 0.173135713827 0.0171658772019 0.0761583277999 0.00580663616452 0.0072875233582 0.0170157807363 0.0106126541942 0.0139624128944 0.0206335305316 0.00614410878031 0.00188260763008 0.00748411027494 0.00893682533736 0.0161490583778 0.0237134935457 0.0153954624476 -0.00028251753813 0.0256669252622 0.0241490155597 0.0309946982694 0.00575763051972 0.0142121694606 0.00872793783848 0.00645841251986 0.00973232922949 0.0125024520223 0.0169365731653 0.0184901368569 0.00628275962089 0.0147276526121 0.0313907203281 -0.00133198752965 0.0198961326945 0.0257012337032 -0.00102632390846 0.0130043758097 -0.000528042254654 0.0285511774008 0.0149558782019 0.0288848279129 0.00751933095759 0.0103742741603 0.0217120673687 0.0172457929248 
0.029918284001 0.0105808611869 0.0215701364139 0.000671696156433 0.0110733744637 0.030809022431 0.0171658772019 0.224249750143 0.0113911179325 0.0195376839398 0.0103499785658 0.0165939884655 0.0112464256509 0.00761139198989 0.0224633850688 -0.00524242618802 0.0168225867326 0.0247913568308 0.0104198853997 0.0272630795151 0.0208335757837 0.000133206513015 -0.000978717718534 0.0141717993803 0.0256813416065 0.0102028201709 0.0198143953836 0.024974726456 0.00705210773518 0.00785483297438 0.0128286689794 0.030034818556 -0.002856145097 0.0178927807465 0.0158404995191 0.00280033227207 0.024670150004 0.00882209672536 0.0141817368222 0.0255398821081 0.00548774386402 0.0167748143411 0.021690446765 0.0305279798616 0.0380325631323 0.0203242690947 0.0215184848967 0.0133805661836 0.0156529173805 0.0172540166244 
0.0227399861816 0.0197647167003 0.0246100534271 0.0259045590448 0.0125494841421 0.0325048580671 0.0761583277999 0.0113911179325 0.338475243878 0.0094591418565 0.0166804787297 0.0175839595093 0.0193100519889 0.0115839502842 0.0414718562419 0.0137024161287 0.00296339937307 0.0100168949415 0.0214696210837 0.0253177550968 0.0277906018928 0.0108195463357 -0.000758428141811 0.0179459464849 0.012183651571 0.0237407418946 0.00229724021495 0.0163745770919 0.00397380256936 0.0186655208371 0.0137829376668 0.0155865769687 0.021964788694 0.0187065952131 0.0111861998352 0.0171547169502 0.0503797047996 0.0125674175917 0.0209477909827 0.0382889682018 0.00708034734457 0.019769848202 -0.0136015881376 0.0629752227034 0.0275218361473 0.0247613836786 0.00595559701241 0.014120641497 0.0332653196715 0.012510566149 
0.019368557631 0.00332361694844 0.0122730602694 0.00906029760164 -0.000237067145615 0.0131059418632 0.00580663616452 0.0195376839398 0.0094591418565 0.223862395036 0.0089314914358 0.0196798555409 0.00100581429907 0.0145087657617 0.022005627147 0.00175841237104 0.0120463283302 0.0053989281051 0.00198431527044 0.005978871324 0.00331531000571 0.011736751605 -0.00278383076768 0.00897182386394 0.0109952797995 0.0212274423758 0.00184284027637 0.0551719707639 0.00923539326699 0.0342265883737 0.00682783836744 0.10469901281 0.00698596449647 0.00500185899444 0.00839599794683 0.00942635360892 0.0111545085585 0.0169323586877 0.0210074281992 0.00643746259539 0.00311191150214 0.016222013106 0.0198065243701 0.0432744451866 0.0341944672142 0.015783998529 0.0205529964869 0.00918479646128 0.00582504737947 0.021954502767 
0.00999321620579 0.00661690332907 0.0185155676191 0.016004118783 -0.00816807918419 0.00492066015712 0.0072875233582 0.0103499785658 0.0166804787297 0.0089314914358 0.176790695988 0.0150176715137 0.00863945141276 0.0148157969336 0.00694768271429 0.00649817839477 0.0212483231194 0.018685643794 0.00697960075666 0.015428389309 0.0197201888195 0.0144673189981 -0.0114915810737 0.0179501379018 0.0132993698112 0.00640444356408 0.017354028953 0.0235711756269 0.00828249543627 0.0115843813843 0.0160286215281 0.00194385410209 0.00651805231027 0.017073668797 0.00159192845774 0.00691078249657 0.0148515701278 0.0123946908894 0.0113106166028 0.00939470583902 0.00623263573987 0.0170172715939 8.80763376346e-05 0.00777506269385 0.0114716699329 0.0260263136385 0.0105565635899 0.024459174957 0.00719195518355 0.0124463079794 
0.0512893025916 0.0336260358594 0.0119177786512 0.0198561870648 0.030911243738 0.027743027131 0.0170157807363 0.0165939884655 0.0175839595093 0.0196798555409 0.0150176715137 0.343580554778 0.0290785574686 0.0273043181075 -0.00376975833863 0.00205427530655 0.0496981254709 0.0156232961675 0.0199402679336 0.014659026725 0.00218916553605 0.0203131832085 0.00934874476809 0.00559325058491 0.0182625044936 0.0286203897807 0.0053234350117 0.054437431373 0.00133174817861 -0.00456532509416 0.0191731740653 0.0114981048135 0.0202257941102 0.0248274662463 0.026741679814 0.0193000798195 0.0210914331216 0.00769922673746 0.00740558114767 0.0203818986947 0.0105120212603 0.00213557306011 0.0251846386644 0.0351082171954 0.0366929156946 0.00471727359083 0.0193000498247 0.00788952673394 0.01335157591 0.0345718639598 
0.0297533171788 0.0171201461181 0.0168649248055 0.00947266629022 0.00697241385119 0.0174637779717 0.0106126541942 0.0112464256509 0.0193100519889 0.00100581429907 0.00863945141276 0.0290785574686 0.380191504959 0.00599991872249 0.00394300243575 0.0320805154135 0.18255208316 0.0111601709484 -0.0145031350317 -0.001802247923 0.0034983168096 0.0245624760263 0.100486154116 0.0102380389424 -0.00101191818065 0.0169003326527 0.00187727519566 0.0103659132305 0.0147857708333 0.0130687841366 0.0497070232137 -0.0077468160546 0.0132737878402 0.0198135138703 0.0181924608357 0.0201359692802 -0.0042913104801 0.014565505732 0.00454599941351 0.0109524246156 0.0296011752006 -0.00302837005463 0.112708926378 0.0313580881128 0.0224056661977 0.0141211345867 0.0231230159609 0.0125633384724 0.0139377229294 0.0932556746882 
0.0508836070518 0.0109959598138 0.0087099119307 0.0108475423903 0.0389052095443 0.0166657714372 0.0139624128944 0.00761139198989 0.0115839502842 0.0145087657617 0.0148157969336 0.0273043181075 0.00599991872249 0.568066611834 0.0208956687324 0.0098099292824 0.029121784479 0.0240647143395 0.0108335748596 0.00774391798938 0.0187629526051 0.00622330477495 0.0366964309558 0.0177731474591 0.0383902865128 0.0259343463863 0.00820229292447 0.0272354377335 0.0101453445844 0.0206797154368 0.0091080667082 0.0196380172595 0.0131536716528 0.0597744589199 -0.00437854299562 0.00888760627376 0.0119842937204 0.00453866168362 0.0270378157509 0.0122454129395 0.0238856090577 0.0422049065039 0.0321861625501 0.034817918134 0.00341715885742 0.0186291713879 0.0225803216883 0.0184653459767 0.0157069459792 0.0166487961009 
0.0353563499454 -0.00731809506684 0.0119382269587 0.0140410330432 0.0181356819313 0.0117192072396 0.0206335305316 0.0224633850688 0.0414718562419 0.022005627147 0.00694768271429 -0.00376975833863 0.00394300243575 0.0208956687324 0.291469569188 0.00404078680967 0.00923425548133 0.0120871391746 0.00142570957739 0.0327496232294 0.0174185568424 0.00714271600554 0.0157071882104 0.00782990903169 0.0265756157685 0.00685775655759 0.00164301282793 0.0378762471504 0.00736029014741 0.0177069895615 0.0214692082065 -0.00142713717583 0.0113331958786 0.0174655339634 0.010722331903 0.00321797500919 0.0372676860678 0.00620878452685 0.0131339536166 0.0109230067602 0.0105641556916 0.0144786365756 0.0129929824264 0.0281937696417 0.0131127814078 0.0199001246167 0.0176556695347 0.0181775812846 0.0121831119784 0.0060540223384 
0.00919972737575 0.0093088647863 0.00680249458952 0.0112995914057 0.00994806258276 0.00465151844588 0.00614410878031 -0.00524242618802 0.0137024161287 0.00175841237104 0.00649817839477 0.00205427530655 0.0320805154135 0.0098099292824 0.00404078680967 0.203110917085 0.0176242262804 0.0221865940677 0.0021200882989 0.00676371198753 0.0107195100808 0.0133295646465 0.0172097116445 0.0181856963877 0.0115170999126 0.026423676134 0.0147986642417 0.0103420199748 0.0157302783392 -0.00111355194936 0.0355096895927 0.00391288457254 0.0117482585031 0.0200679535699 0.00201096890842 0.0224609077117 0.015600961075 0.016958345376 0.0186309863665 0.0122470497857 0.0372985408756 0.013583590372 0.0285987383319 0.00347822315767 0.011787202645 0.0138553891082 0.0176459676938 0.0118243060287 0.0111009895938 -0.0079321214996 
0.0084438224843 0.0103642397544 0.00378102726505 0.00917786781952 0.0102816973166 0.000897909918498 0.00188260763008 0.0168225867326 0.00296339937307 0.0120463283302 0.0212483231194 0.0496981254709 0.18255208316 0.029121784479 0.00923425548133 0.0176242262804 0.51406636892 0.0112930973324 0.0101890797024 0.00806647132859 0.017427903481 0.0116382968732 0.11923927253 0.0194057096086 0.0101771252847 0.025040742847 0.0001644246186 0.0059734477524 0.0243588093066 0.00845821518949 0.0211417763976 0.00197920640262 0.00188743889708 0.0220748993002 0.0147180565949 0.0229436894094 -0.0168884361639 0.00399954877957 0.0123518532366 -0.0131595995035 0.0225931463992 0.0150226933721 0.105493071196 0.0527946597753 0.0130981955081 0.00974805363301 0.028544429004 0.00223452019555 0.0149941211896 0.106834006504 
0.0334270024888 0.0123235644982 0.010113373612 0.0139731122236 0.00974508340522 0.0121677375316 0.00748411027494 0.0247913568308 0.0100168949415 0.0053989281051 0.018685643794 0.0156232961675 0.0111601709484 0.0240647143395 0.0120871391746 0.0221865940677 0.0112930973324 0.138291858399 0.0087372910175 0.0192542653371 0.0102463648125 -0.000749170675541 0.0135357409458 0.0131236667448 0.0131544534835 0.0337237372136 0.0127072594292 0.0247738596067 0.0101150631189 0.0199008041691 0.0177385489715 0.00382290358755 0.00628401680099 0.0206095826405 0.00774565966327 0.0146868739602 0.0233677248363 0.0123786801134 0.00740224527659 0.00719769018032 0.00597778747407 0.00555998077063 0.0166030094082 0.0440852608058 0.0231473928522 0.00531350336467 0.011885049652 0.00807950980463 0.0140030768771 0.0225173934236 
0.00855021504043 0.00313680137073 0.00752794158341 0.00810922021163 0.0101468117145 0.00862443111793 0.00893682533736 0.0104198853997 0.0214696210837 0.00198431527044 0.00697960075666 0.0199402679336 -0.0145031350317 0.0108335748596 0.00142570957739 0.0021200882989 0.0101890797024 0.0087372910175 0.53425650647 0.0205185656317 0.0374373467563 -0.00141857132089 -0.0103824138646 0.0036895152215 0.00306704053252 0.0106480164979 0.0182081738296 -0.00352880392074 0.0176811356248 0.0248851040885 0.000928791310351 -0.0115349285948 -0.00147049883538 -0.00265725572622 -0.000905348270477 0.00567970421251 0.0109853888819 0.00923391544051 -0.000882610631448 -0.00381445655425 -0.00118069270305 0.000861556043062 -0.00380988027869 0.00855462382345 0.00112408994228 0.0116229699436 0.00102480924459 0.00852449218066 0.0104969843564 -0.013419253784 
0.020558133377 0.0120792834389 0.00951780994273 0.0172134689415 0.022749951433 0.0163977444927 0.0161490583778 0.0272630795151 0.0253177550968 0.005978871324 0.015428389309 0.014659026725 -0.001802247923 0.00774391798939 0.0327496232294 0.00676371198753 0.00806647132859 0.0192542653371 0.0205185656317 0.245340596403 0.0359678892845 -0.00630507095587 -0.00466296291154 0.0293208281338 0.0292641711608 -0.00768416719309 0.0127882769826 0.0268682667143 -0.00118587375852 0.0267400023774 0.0187137155527 0.0114547748833 0.0124234665282 0.025751606369 0.00429861465529 0.0214429700602 0.0176009396584 0.00637755331373 0.043165139902 0.0355208042555 0.000493671318296 0.0252762438952 0.013353979161 0.0422758272779 0.0131853791847 0.0371324972245 0.0117563599654 0.0130062189576 0.0372208664416 0.033578148806 
0.0229242136963 0.0160684183021 0.0122964745528 0.00784123248801 -0.00617387325437 0.0353311569839 0.0237134935457 0.0208335757837 0.0277906018928 0.00331531000571 0.0197201888195 0.00218916553605 0.00349831680959 0.0187629526051 0.0174185568424 0.0107195100808 0.017427903481 0.0102463648125 0.0374373467563 0.0359678892845 0.325587162812 0.0186929391847 -0.00359628537666 0.0244361482404 0.0240284017726 0.0198130958177 0.00551050932566 0.00341429571487 -0.00105465571318 0.0181307412463 0.0126036363909 -0.00761182083908 0.0177693253392 0.0235889521397 0.00809917454963 0.0122956146844 0.0492776471574 0.0158707595905 0.0165616546066 0.0141896671708 -0.00273022787596 0.00821432576153 -0.00214648529307 0.0239367827993 0.0135433288257 0.0194077257054 0.00633903731192 0.0238476326768 0.0183911688531 0.0102093183887 
0.00956023454077 0.00793775170066 0.00655897716795 0.00384952802417 0.00373278685469 -0.000771201672304 0.0153954624476 0.000133206513016 0.0108195463357 0.011736751605 0.0144673189981 0.0203131832085 0.0245624760263 0.00622330477495 0.00714271600554 0.0133295646465 0.0116382968732 -0.000749170675541 -0.00141857132089 -0.00630507095587 0.0186929391847 0.270298822976 0.00872029432676 0.00101495441075 0.00923233125931 0.0197768482353 0.0140938571446 0.0169786762933 0.0121001066329 -0.00435851645421 0.0169470149727 -0.000344162810199 0.0123686525948 0.0111430865498 0.0173523509532 0.0106017391306 0.00744847091847 0.0158044491698 0.00520856745552 0.0181864517065 0.044383409298 -0.00957830359195 0.0082887081435 0.0475179695521 -0.00588485790035 0.00456853917845 0.0251341340805 0.0149669102683 0.00690083010064 0.00182047126435 
0.0177324919589 -0.0248241289004 -0.00148413523159 -0.00205887203858 -0.00625040675114 0.0154040108809 -0.00028251753813 -0.000978717718534 -0.000758428141811 -0.00278383076768 -0.0114915810737 0.00934874476809 0.100486154116 0.0366964309558 0.0157071882104 0.0172097116445 0.11923927253 0.0135357409458 -0.0103824138646 -0.00466296291154 -0.00359628537666 0.00872029432676 0.320636028346 -0.00147983169043 0.00772184703622 0.0209891053838 0.00157311322934 0.0172103263417 0.00751776258878 -0.00141380254128 0.021665401246 0.00488275957866 0.0034219535313 0.0134085425159 0.000482941690026 -0.00363502103039 -0.0152884976844 -0.00454933061603 0.00582711958512 0.0185182605727 0.0182123372259 -0.000596057122354 0.115444343266 0.0216202766562 0.0212652665816 0.00102211076516 0.0142197895508 0.00821848406005 0.000239492503695 0.0563953085196 
0.0245183520184 0.0161197299237 0.0205896369825 0.048931337215 0.026509326347 0.0147257439273 0.0256669252622 0.0141717993803 0.0179459464849 0.00897182386394 0.0179501379018 0.00559325058491 0.0102380389424 0.0177731474591 0.00782990903169 0.0181856963877 0.0194057096086 0.0131236667448 0.0036895152215 0.0293208281338 0.0244361482404 0.00101495441075 -0.00147983169043 0.130875231157 0.0118939458173 0.0182876766444 0.0183128748018 0.0125960283947 0.0088923329751 0.0161375744216 0.0262001511512 0.00698650415272 0.0182152952149 0.0260756800207 0.00865683215043 0.0339907681222 0.0213279150973 0.0130129452496 0.0159039622164 0.0212938918477 0.0146215236387 0.00402653350121 -0.00352306268744 0.0243000140173 0.0207018261852 0.0356003274938 0.0115284000262 0.013606456204 0.0500832546794 0.0139931252772 
0.0341600569475 0.0129704668297 0.014539958507 0.0100056223835 0.0158150464049 0.0225000053187 0.0241490155597 0.0256813416065 0.012183651571 0.0109952797995 0.0132993698112 0.0182625044936 -0.00101191818065 0.0383902865128 0.0265756157685 0.0115170999126 0.0101771252847 0.0131544534835 0.00306704053252 0.0292641711608 0.0240284017726 0.00923233125931 0.00772184703622 0.0118939458173 0.19244522989 0.0182033227103 0.00727193725133 0.0436650998395 0.00689949117292 0.0131241528114 0.00831208123061 0.0010178804683 0.0153179700497 0.0258553165504 0.0129648057887 0.0166478682492 0.0127173643488 0.0120947662183 0.0232499256939 -1.97936142839e-05 0.0149966727095 0.00394109419003 0.0247169666715 0.0498326117445 0.0290722592032 0.00996232448846 0.0140797500733 0.0108632592728 0.0185832365186 0.0122571949217 
0.0204995083178 0.0281173841918 0.0221079281042 0.025626673158 0.0296498050437 0.0257087578852 0.0309946982694 0.0102028201709 0.0237407418946 0.0212274423758 0.00640444356408 0.0286203897807 0.0169003326527 0.0259343463863 0.00685775655759 0.026423676134 0.025040742847 0.0337237372136 0.0106480164979 -0.00768416719309 0.0198130958177 0.0197768482353 0.0209891053838 0.0182876766444 0.0182033227103 0.443740698286 0.0140040051886 0.0634278689089 0.0256461671251 0.0182088621638 0.0189889987334 0.0218477518193 0.00552841150565 0.0188708978248 0.0271881481064 0.0347100296855 0.0476444177434 0.0233309762191 0.0025697918571 0.00107294244889 0.0210620309886 0.0345925095916 0.030554883969 0.0271233615834 0.0234199303617 0.0268445171552 0.0272822450309 0.0083799547114 0.0271400980033 0.0535267232342 
0.00430751191059 0.00185697467519 0.00140561851372 0.0134966338643 0.005489169686 -0.000476747767138 0.00575763051972 0.0198143953836 0.00229724021495 0.00184284027637 0.017354028953 0.0053234350117 0.00187727519566 0.00820229292447 0.00164301282793 0.0147986642417 0.0001644246186 0.0127072594292 0.0182081738296 0.0127882769826 0.00551050932566 0.0140938571446 0.00157311322934 0.0183128748018 0.00727193725133 0.0140040051886 0.13637312809 0.0282087098513 0.0279528725949 0.005777140336 0.0171017121387 -0.000329176066844 -0.00049628173873 0.0148931107583 0.00595704960149 0.0156902438221 -0.000150103475609 0.00938848045258 0.0141830916755 0.00913785563809 0.0155193399052 0.00923867623314 0.00192302349078 0.00612603064272 0.00782343427582 0.00747736689564 0.00814996680739 0.0151916874434 0.0191154777919 0.0136355077463 
0.0355531529799 0.0538827133001 0.00890415620422 0.00837159389608 0.00899451641487 0.0209808259027 0.0142121694606 0.024974726456 0.0163745770919 0.0551719707639 0.0235711756269 0.054437431373 0.0103659132305 0.0272354377335 0.0378762471504 0.0103420199748 0.0059734477524 0.0247738596067 -0.00352880392074 0.0268682667143 0.00341429571487 0.0169786762933 0.0172103263417 0.0125960283947 0.0436650998395 0.0634278689089 0.0282087098513 1.00904751477 0.0107269507724 0.00409138787124 0.017503833404 0.0202632861103 0.0526873793983 0.0200506466746 0.0165171869913 0.0172736065642 0.0219550576162 0.0102035825256 -0.00529019607366 0.0410179494078 -0.0163492014934 0.00400291044566 0.0227368012114 0.0608327740016 0.0266587820091 0.0043765121784 0.0203441675504 0.0341028492295 0.00743382363269 0.0227197220371 
-0.00042693156016 0.00147165992713 0.00103119598274 0.0150007205777 0.0009245763757 0.0046891739422 0.00872793783848 0.00705210773518 0.00397380256936 0.00923539326699 0.00828249543627 0.00133174817861 0.0147857708333 0.0101453445844 0.00736029014741 0.0157302783392 0.0243588093066 0.0101150631189 0.0176811356248 -0.00118587375852 -0.00105465571318 0.0121001066329 0.00751776258878 0.0088923329751 0.00689949117292 0.0256461671251 0.0279528725949 0.0107269507724 0.180909000712 0.00226097516367 0.00750687930222 -0.00093824587859 0.0152874887717 0.00949785745511 0.00646677669303 0.0119112443555 0.00378877973503 0.0111554328909 0.0130826045758 0.00357395770377 0.00794065999747 0.0089604782219 0.010240852801 -0.00205053981104 0.00903634347687 0.012264557769 0.0155543644684 0.0290994882526 0.0101961346766 0.00551865895535 
0.0347129959087 0.0229258214107 0.0106159221179 0.0223357767294 0.0322738234306 0.0187617118273 0.00645841251986 0.00785483297438 0.0186655208371 0.0342265883737 0.0115843813843 -0.00456532509416 0.0130687841366 0.0206797154368 0.0177069895615 -0.00111355194936 0.00845821518949 0.0199008041691 0.0248851040885 0.0267400023774 0.0181307412463 -0.00435851645421 -0.00141380254128 0.0161375744216 0.0131241528114 0.0182088621638 0.005777140336 0.00409138787124 0.00226097516367 0.430495983308 0.00474023514281 0.011726380344 0.0192875078156 0.0125024870814 0.00549006843418 0.0189280463438 -0.00489908444252 0.0366715087308 0.00837616648483 0.00137361276999 0.0216646858518 0.00580239983644 0.0270374129832 0.0416757983033 0.0220271834603 0.0202270155083 0.0488263856865 0.0123052482924 0.0330431962445 0.0124835726457 
0.0148922993507 0.0179346790742 0.0237882248595 0.0265844614158 0.0198985716702 0.00264118393339 0.00973232922949 0.0128286689794 0.0137829376668 0.00682783836744 0.0160286215281 0.0191731740653 0.0497070232137 0.0091080667082 0.0214692082065 0.0355096895927 0.0211417763976 0.0177385489715 0.000928791310351 0.0187137155527 0.0126036363909 0.0169470149727 0.021665401246 0.0262001511512 0.00831208123061 0.0189889987334 0.0171017121387 0.017503833404 0.00750687930222 0.00474023514281 0.1761244386 0.0133991689794 0.0128102518067 0.0345223803837 0.0141401188641 0.0227359571389 0.0138109231096 0.0252701992637 0.0107793147601 0.0119758034978 0.0436874686547 0.011506826099 0.0375207335065 0.0240062315437 0.0095972372831 0.0220456216427 0.014902740636 0.0150224779897 0.0239211953176 0.0200777504996 
0.00927514460181 0.0240926705304 -0.00277429773386 0.0150098601894 -0.0033811493441 -0.0283750038134 0.0125024520223 0.030034818556 0.0155865769687 0.10469901281 0.00194385410209 0.0114981048135 -0.0077468160546 0.0196380172595 -0.00142713717583 0.00391288457254 0.00197920640262 0.00382290358755 -0.0115349285948 0.0114547748833 -0.00761182083908 -0.000344162810199 0.00488275957866 0.00698650415272 0.0010178804683 0.0218477518193 -0.000329176066844 0.0202632861103 -0.00093824587859 0.011726380344 0.0133991689794 0.993895498653 0.00210309852497 0.00477087588176 0.00579783927592 0.0144981887411 -0.000471318364766 0.0100502698148 0.0219915870465 0.00101968460268 -0.000285575598032 0.00562352697442 -0.0109427211416 0.00814722711999 0.0116868580933 0.00845303489794 0.0010283736184 0.0140500092474 0.0181883687031 0.00801329134396 
0.0156362217461 0.010793753022 0.0103914976149 0.0118211504658 0.0212043061859 0.0149743173584 0.0169365731653 -0.002856145097 0.021964788694 0.00698596449647 0.00651805231027 0.0202257941102 0.0132737878402 0.0131536716528 0.0113331958786 0.0117482585031 0.00188743889708 0.00628401680099 -0.00147049883538 0.0124234665282 0.0177693253392 0.0123686525948 0.0034219535313 0.0182152952149 0.0153179700497 0.00552841150565 -0.00049628173873 0.0526873793983 0.0152874887717 0.0192875078156 0.0128102518067 0.00210309852497 0.220370967796 0.0241490365828 0.0122591062154 0.0038198999989 0.0337417271968 0.0199164708084 0.0051974775753 0.00992491294343 0.0229682062918 0.0243489396528 0.0119891689551 0.0328234275206 0.0188686804025 0.00476887725802 0.022497670597 0.00935026756715 0.0110282675797 -0.0026550755019 
0.0207638357291 0.0167023676704 0.0160774796659 0.0324935589699 0.0306389077359 0.016782407725 0.0184901368569 0.0178927807465 0.0187065952131 0.00500185899444 0.017073668797 0.0248274662463 0.0198135138703 0.0597744589199 0.0174655339634 0.0200679535699 0.0220748993002 0.0206095826405 -0.00265725572622 0.025751606369 0.0235889521397 0.0111430865498 0.0134085425159 0.0260756800207 0.0258553165504 0.0188708978248 0.0148931107583 0.0200506466746 0.00949785745511 0.0125024870814 0.0345223803837 0.00477087588176 0.0241490365828 0.230358702916 0.0208652531266 0.0250252565707 0.015971182863 0.00972716092144 0.0263453768264 0.0316936028755 0.0336085737043 -0.000628605092553 0.0171846536872 0.0353009020103 0.019627576351 0.0261619563312 0.0259694374447 0.00640554506469 0.0216232117294 0.0216404743941 
0.0148547644542 -0.00679876467802 0.00817280865189 0.0135572542631 0.00712657334486 0.0043611492799 0.00628275962089 0.0158404995191 0.0111861998352 0.00839599794683 0.00159192845774 0.026741679814 0.0181924608357 -0.00437854299562 0.010722331903 0.00201096890842 0.0147180565949 0.00774565966327 -0.000905348270477 0.00429861465529 0.00809917454963 0.0173523509532 0.000482941690026 0.00865683215043 0.0129648057887 0.0271881481064 0.00595704960149 0.0165171869913 0.00646677669303 0.00549006843418 0.0141401188641 0.00579783927592 0.0122591062154 0.0208652531266 0.210781238038 0.00943164011562 0.0169717273644 0.0124389653295 0.00268515900402 -0.00150767325299 0.013633245135 0.0026592424613 0.00570140822071 0.0286206537998 0.0155605334698 0.0298894176961 0.0219639149719 0.0214464643036 0.0146902799857 0.0131519911219 
0.0274489201974 0.0188570548175 0.0202998515406 0.0432113217761 0.00832646220256 0.00511362316331 0.0147276526121 0.00280033227207 0.0171547169502 0.00942635360892 0.00691078249657 0.0193000798195 0.0201359692802 0.00888760627376 0.00321797500919 0.0224609077117 0.0229436894094 0.0146868739602 0.00567970421251 0.0214429700602 0.0122956146844 0.0106017391306 -0.00363502103039 0.0339907681222 0.0166478682492 0.0347100296855 0.0156902438221 0.0172736065642 0.0119112443555 0.0189280463438 0.0227359571389 0.0144981887411 0.0038198999989 0.0250252565707 0.00943164011562 0.205319665693 0.0243815075503 0.0179978291712 3.26295480583e-05 0.0232869307825 0.0157203562265 0.0107065130768 0.0138458269479 0.0402141192511 0.0211487916155 0.0375153262505 0.0176603843694 0.00188267897671 0.0303477214724 0.0170181859476 
0.0227259943777 0.0495659375792 -0.00023962719994 0.0381413652238 0.0109160446748 0.0340262764788 0.0313907203281 0.024670150004 0.0503797047996 0.0111545085585 0.0148515701278 0.0210914331216 -0.0042913104801 0.0119842937204 0.0372676860678 0.015600961075 -0.0168884361639 0.0233677248363 0.0109853888819 0.0176009396584 0.0492776471574 0.00744847091847 -0.0152884976844 0.0213279150973 0.0127173643488 0.0476444177434 -0.000150103475609 0.0219550576162 0.00378877973503 -0.00489908444252 0.0138109231096 -0.000471318364766 0.0337417271968 0.015971182863 0.0169717273644 0.0243815075503 0.273429372639 0.0275712372719 0.0259757799468 0.0264460876774 0.0125731630999 0.00885989005467 0.00574360052985 0.0245234391141 0.0194018839173 0.0242939186636 0.0116581722688 0.00496340913104 0.0242847899871 -0.0100106176508 
0.0163326044753 -0.00142093874931 0.00822720552443 0.0291957697007 -0.00167717932659 0.014625140136 -0.00133198752965 0.00882209672536 0.0125674175917 0.0169323586877 0.0123946908894 0.00769922673746 0.014565505732 0.00453866168362 0.00620878452685 0.016958345376 0.00399954877957 0.0123786801134 0.00923391544051 0.00637755331373 0.0158707595905 0.0158044491698 -0.00454933061603 0.0130129452496 0.0120947662183 0.0233309762191 0.00938848045258 0.0102035825256 0.0111554328909 0.0366715087308 0.0252701992637 0.0100502698148 0.0199164708084 0.00972716092144 0.0124389653295 0.0179978291712 0.0275712372719 0.191014998862 0.0294998997209 0.0041443435053 0.0215893559362 0.0149364135059 0.01810398706 0.0276577092998 0.0144728450276 0.0118228098466 0.00591159496009 0.012673312066 0.019885805466 0.0140667211196 
0.0156767271739 0.0117333528042 0.0108056161207 0.0128998813612 0.00764746577997 -0.00314592682013 0.0198961326945 0.0141817368222 0.0209477909827 0.0210074281992 0.0113106166028 0.00740558114767 0.00454599941351 0.0270378157509 0.0131339536166 0.0186309863665 0.0123518532366 0.00740224527659 -0.000882610631449 0.043165139902 0.0165616546066 0.00520856745552 0.00582711958512 0.0159039622164 0.0232499256939 0.0025697918571 0.0141830916755 -0.00529019607366 0.0130826045758 0.00837616648483 0.0107793147601 0.0219915870465 0.0051974775753 0.0263453768264 0.00268515900402 3.26295480583e-05 0.0259757799468 0.0294998997209 0.350725992451 0.00723225279724 0.0276929657382 0.0251538320474 0.00764006197347 0.0177930418864 0.0127552279629 0.0108934447679 0.00449311095712 0.0131897199919 0.0377586657407 0.00658359231651 
0.0134635697915 -0.00446035598133 -0.00381131830528 0.0231648363573 0.0218598854225 0.0212622842571 0.0257012337032 0.0255398821081 0.0382889682018 0.00643746259539 0.00939470583902 0.0203818986947 0.0109524246156 0.0122454129395 0.0109230067602 0.0122470497857 -0.0131595995035 0.00719769018032 -0.00381445655425 0.0355208042555 0.0141896671708 0.0181864517065 0.0185182605727 0.0212938918477 -1.9793614284e-05 0.00107294244889 0.00913785563809 0.0410179494078 0.00357395770377 0.00137361276999 0.0119758034978 0.00101968460268 0.00992491294343 0.0316936028755 -0.00150767325299 0.0232869307825 0.0264460876774 0.0041443435053 0.00723225279724 0.241555836529 0.0186281696282 0.0172653170255 0.00558970862165 0.0388750346723 0.00296655160826 0.0281511895352 -0.00792658724848 0.0154274952435 0.0198227571551 -0.00240633781336 
0.00567209788227 0.00301627375128 0.00814259050307 0.0170130104931 0.0122844991116 -0.000848768551996 -0.00102632390846 0.00548774386402 0.00708034734457 0.00311191150214 0.00623263573987 0.0105120212603 0.0296011752006 0.0238856090577 0.0105641556916 0.0372985408756 0.0225931463992 0.00597778747407 -0.00118069270305 0.000493671318296 -0.00273022787596 0.044383409298 0.0182123372259 0.0146215236387 0.0149966727095 0.0210620309886 0.0155193399052 -0.0163492014934 0.00794065999747 0.0216646858518 0.0436874686547 -0.000285575598032 0.0229682062918 0.0336085737043 0.013633245135 0.0157203562265 0.0125731630999 0.0215893559362 0.0276929657382 0.0186281696282 0.281331428818 0.0199986533364 0.03662657775 0.0169497149824 0.00601262554121 0.00278171672794 0.0012158330387 0.01067547402 0.0198938077908 0.0211434506371 
0.00813466055445 -0.0124786862244 -0.00586493458427 0.0045132870565 0.0122565815644 0.00788718215296 0.0130043758097 0.0167748143411 0.019769848202 0.016222013106 0.0170172715939 0.00213557306011 -0.00302837005463 0.0422049065039 0.0144786365756 0.013583590372 0.0150226933721 0.00555998077063 0.000861556043062 0.0252762438952 0.00821432576153 -0.00957830359195 -0.000596057122355 0.00402653350121 0.00394109419003 0.0345925095916 0.00923867623314 0.00400291044566 0.0089604782219 0.00580239983644 0.011506826099 0.00562352697442 0.0243489396528 -0.000628605092553 0.0026592424613 0.0107065130768 0.00885989005467 0.0149364135059 0.0251538320474 0.0172653170255 0.0199986533364 0.322534025672 0.00934940179343 0.0149311285041 0.0153626793931 0.00956545862308 0.0143090794849 0.0157499786207 0.0148182965992 -4.82415380663e-05 
0.0213407760036 0.00226044620378 0.0089406447033 0.00462344739768 0.0102277163825 0.00699208161637 -0.000528042254654 0.021690446765 -0.0136015881376 0.0198065243701 8.80763376345e-05 0.0251846386644 0.112708926378 0.0321861625501 0.0129929824264 0.0285987383319 0.105493071196 0.0166030094082 -0.00380988027869 0.013353979161 -0.00214648529307 0.0082887081435 0.115444343266 -0.00352306268744 0.0247169666715 0.030554883969 0.00192302349078 0.0227368012114 0.010240852801 0.0270374129832 0.0375207335065 -0.0109427211416 0.0119891689551 0.0171846536872 0.00570140822071 0.0138458269479 0.00574360052985 0.01810398706 0.00764006197347 0.00558970862165 0.03662657775 0.00934940179343 0.409329376749 0.0110857818571 0.0276278311763 0.0136777167484 0.0295526361599 0.0385177841557 -0.00377355504356 0.0619418256903 
0.0535360836613 0.0237282080776 0.0295913807204 0.0229731380885 0.0189286847433 0.0217610456769 0.0285511774008 0.0305279798616 0.0629752227034 0.0432744451866 0.00777506269385 0.0351082171954 0.0313580881128 0.034817918134 0.0281937696417 0.00347822315767 0.0527946597753 0.0440852608058 0.00855462382345 0.0422758272779 0.0239367827993 0.0475179695521 0.0216202766562 0.0243000140173 0.0498326117445 0.0271233615834 0.00612603064272 0.0608327740016 -0.00205053981104 0.0416757983033 0.0240062315437 0.00814722711999 0.0328234275206 0.0353009020103 0.0286206537998 0.0402141192511 0.0245234391141 0.0276577092998 0.0177930418864 0.0388750346723 0.0169497149824 0.0149311285041 0.0110857818571 0.479011669624 0.0431749670445 0.0197155038623 0.0553197356905 0.00453037178869 0.0124275472834 0.0327609770783 
0.120529236866 -0.0124500545961 0.00598934045099 0.0107033381937 0.0111073897399 0.0289390636324 0.0149558782019 0.0380325631323 0.0275218361473 0.0341944672142 0.0114716699329 0.0366929156946 0.0224056661977 0.00341715885742 0.0131127814078 0.011787202645 0.0130981955081 0.0231473928522 0.00112408994228 0.0131853791847 0.0135433288257 -0.00588485790035 0.0212652665816 0.0207018261852 0.0290722592032 0.0234199303617 0.00782343427582 0.0266587820091 0.00903634347687 0.0220271834603 0.0095972372831 0.0116868580933 0.0188686804025 0.019627576351 0.0155605334698 0.0211487916155 0.0194018839173 0.0144728450276 0.0127552279629 0.00296655160826 0.00601262554121 0.0153626793931 0.0276278311763 0.0431749670445 0.315342014867 0.0217447105911 0.0496711127334 0.0141271603565 0.0251385501841 0.0126076029598 
0.00866240582431 0.00218890762986 0.0264857021334 0.0409501422193 0.0144485536971 0.0167536722931 0.0288848279129 0.0203242690947 0.0247613836786 0.015783998529 0.0260263136385 0.00471727359083 0.0141211345867 0.0186291713879 0.0199001246167 0.0138553891082 0.00974805363301 0.00531350336467 0.0116229699436 0.0371324972245 0.0194077257054 0.00456853917845 0.00102211076516 0.0356003274938 0.00996232448846 0.0268445171552 0.00747736689564 0.0043765121784 0.012264557769 0.0202270155083 0.0220456216427 0.00845303489794 0.00476887725802 0.0261619563312 0.0298894176961 0.0375153262505 0.0242939186636 0.0118228098466 0.0108934447679 0.0281511895352 0.00278171672794 0.00956545862308 0.0136777167484 0.0197155038623 0.0217447105911 0.203670437021 0.0170610846866 0.0177540714247 0.0378156378308 0.0158649470651 
0.0456649413689 0.0267991293883 0.00789797282042 -0.0062863420595 0.01835527234 0.0168717745003 0.00751933095759 0.0215184848967 0.00595559701241 0.0205529964869 0.0105565635899 0.0193000498247 0.0231230159609 0.0225803216883 0.0176556695347 0.0176459676938 0.028544429004 0.011885049652 0.00102480924459 0.0117563599654 0.00633903731192 0.0251341340805 0.0142197895508 0.0115284000262 0.0140797500733 0.0272822450309 0.00814996680739 0.0203441675504 0.0155543644684 0.0488263856865 0.014902740636 0.0010283736184 0.022497670597 0.0259694374447 0.0219639149719 0.0176603843694 0.0116581722688 0.00591159496009 0.00449311095712 -0.00792658724848 0.0012158330387 0.0143090794849 0.0295526361599 0.0553197356905 0.0496711127334 0.0170610846866 0.505724318007 0.00645914378153 0.0167181862422 0.0153774050264 
-0.00334852231703 0.00434665766259 0.00383466537762 0.0149674360206 0.00268427911972 0.0216547689085 0.0103742741603 0.0133805661836 0.014120641497 0.00918479646128 0.024459174957 0.00788952673394 0.0125633384724 0.0184653459767 0.0181775812846 0.0118243060287 0.00223452019555 0.00807950980463 0.00852449218066 0.0130062189576 0.0238476326768 0.0149669102683 0.00821848406005 0.013606456204 0.0108632592728 0.0083799547114 0.0151916874434 0.0341028492295 0.0290994882526 0.0123052482924 0.0150224779897 0.0140500092474 0.00935026756715 0.00640554506469 0.0214464643036 0.00188267897671 0.00496340913104 0.012673312066 0.0131897199919 0.0154274952435 0.01067547402 0.0157499786207 0.0385177841557 0.00453037178869 0.0141271603565 0.0177540714247 0.00645914378153 0.26183451435 0.00907872252273 0.0210036341231 
