40
0.0275926739743 0.0256056876134 0.0220203869342 0.0123991351417 0.0540864966038 0.118355026327 0.0314514366364 0.0331056926512 0.105459344027 0.0289058353667 0.0188066159349 0.0396471392927 0.0565518641406 0.0375994121509 0.0594687244428 0.0952881581377 0.0335346879574 0.0629738483482 0.0470472683343 0.0707348977441 0.0936563270582 0.0378384564622 0.0260517267587 0.0791308905459 0.0314738433907 0.0254158643172 0.0442230302855 0.0280903462606 0.0231907610599 0.0374431650663 0.0471087328402 0.0299059053764 0.00699576056141 0.0125275076286 0.123612909007 0.067654701563 0.0479675113811 0.542098982398 0.02473804396 0.121001700606 
0.365981126949 0.0203409940068 0.0236642248346 0.000756739420461 -0.00248377717906 0.0125714878724 0.00994252857909 -0.00720005467123 -0.00956705963953 0.00622292243518 -0.00635682930275 -0.00527847694733 0.00783550959417 0.0128075315095 -0.000307625543032 0.0166334951152 -0.00298676728443 -0.0109541721368 0.0103358146218 0.00294329118903 -0.00149561724068 0.0368781913455 -0.00369281443461 0.0426241196999 -0.00426383903613 0.0102483236015 0.00181065584207 0.0133574179625 0.0148261887853 -0.00425160908819 -0.00448977790809 -0.000985405386619 -0.003197519511 0.0102048243938 -4.79707372551e-05 0.00362981792481 0.0175530483056 0.0224174019668 0.00555513014019 0.0150396656874 
0.0203409940068 0.218421833416 0.01926098605 0.0167287344782 0.00155804023499 0.0232725356324 0.0104953309845 0.00835337671397 0.0324179252563 0.0214213427038 0.0126019491327 -0.00384592242198 0.0203737171072 0.0200142247038 0.000106372296267 0.00693017849614 0.0107872579093 -0.00776611279919 0.0122770530956 0.00201922695521 -0.00173515304985 0.0014632245412 0.000513791652657 0.00378965449132 0.00499426554574 0.0215448238053 0.0116694727024 -0.000283661202994 0.0177251091421 0.0149207615048 0.00847578423718 0.00127591864823 0.00446121994854 0.0179766221996 0.00357069597736 0.00578878136148 0.0104978334616 0.00427577070582 0.00304733417667 0.00617027402671 
0.0236642248346 0.01926098605 0.224018978021 0.0129839382322 0.0203884660892 0.0300295846678 0.0274939454503 0.00130067059387 0.0213498415348 0.0335399845744 0.0140985084864 0.00153350076622 0.013694524194 0.00942918320112 0.0282291878364 0.0508910704173 0.0142776171244 5.56257529053e-05 0.0174203088855 0.000418116434458 0.0405520196336 0.0175490538656 0.0257539811178 0.00710581568085 0.0208627127647 0.0230340376547 0.0277293829664 0.0254069449769 0.0382352937017 0.0138657261369 -0.00254703801567 0.0343012031106 0.00466932056225 0.0213929735128 0.00895041430212 0.00270131808712 0.022844633373 0.0319276443223 0.0174849137909 0.018453135688 
0.000756739420462 0.0167287344782 0.0129839382322 0.192724937394 0.0160568321919 0.0111803776275 0.0229339235874 0.0144913896333 0.00927665377435 0.0155188260131 0.0160934950242 0.0152834419725 0.0139405927763 0.0140052063214 0.0147565275009 0.0138791138144 0.00163162055988 0.0119011966556 0.0167955100901 0.0139368351572 0.006108102238 0.0110625436317 0.0138838637121 0.00875651307121 0.0169333421294 0.00916602700968 0.00610648735656 0.00520978664579 0.00453624987942 0.0120187533741 0.0132519775584 0.00998149505551 0.00391367654235 0.0249943336832 0.00191384702333 0.0174524374359 0.0294554814784 0.01713935768 0.00776469594093 0.00433744540927 
-0.00248377717907 0.00155804023499 0.0203884660892 0.0160568321919 0.394460311659 0.0121185985958 0.0195178873367 0.0176656982013 0.0121964867779 0.0131353120773 -0.00651830302595 0.010569883733 0.0177506037887 0.0155936380604 0.0123710838493 0.032889967847 0.0124982890147 0.0156868492153 0.0207090236238 0.0183888339222 0.0124637874153 -0.00195973013446 0.00446582177292 -0.00701392102037 0.00190595031985 0.00218882804261 0.0262409139224 0.0139095020417 -0.00647635703496 0.0266419445541 0.00114473881993 0.0158099840282 0.00901593621083 0.0157870268532 0.00962068885229 0.0161319829438 0.0245015624001 0.019088190016 0.0163479975236 0.0219704075716 
0.0125714878724 0.0232725356324 0.0300295846678 0.0111803776275 0.0121185985958 0.577811815518 0.020955989717 0.0132461542658 0.0306252990107 0.0211009735396 0.047321394572 0.0161900137574 0.0244691661966 0.00749058950697 0.0280526390726 0.0337404608143 0.0141235924799 0.011139868967 0.0202493757637 0.00475932272517 0.0230993563023 0.0115062054853 0.0276681184508 0.0184149049446 0.0263015912989 0.0144758967701 0.0267504788909 0.00991340302976 0.0176603415262 0.0155276709285 0.00983457571786 0.0146235954461 0.00776615248331 0.0192489276197 0.00547188105645 0.00743961762222 0.0177254060542 0.0285949130749 0.0190261540354 -0.00228734247574 
0.00994252857909 0.0104953309845 0.0274939454503 0.0229339235874 0.0195178873367 0.020955989717 0.184891656651 0.0282077071549 0.0177307556667 0.0327269772711 0.0179720099284 0.0257457707066 0.0274198095861 0.0119621714056 0.00850376475675 0.0430475498235 0.000753623094294 -0.00537732009595 0.0277178326757 0.0242012309609 0.0335951642043 0.0163643397506 0.0181246130525 0.013049982774 0.0224049130866 0.0122146624359 0.0258069578109 0.0490494903406 0.0244992255629 0.0163625430609 0.00816516286938 0.0155652423698 0.0136044746945 0.0206644680952 -0.00775351881929 0.0116310537355 0.0152081140821 0.0345604270678 0.0338784186417 0.0141815873177 
-0.00720005467123 0.00835337671397 0.00130067059387 0.0144913896333 0.0176656982013 0.0132461542658 0.0282077071549 0.203539702214 0.00995748244656 0.00521081161294 0.00939301639015 0.0585848271027 0.0382856961993 0.0109209535516 0.0101231730258 0.0449209956463 0.00972625139649 0.0275974571157 0.0177342962366 0.0170827005645 0.0105217548316 0.000112622360045 0.01099662502 0.00110961439267 0.0149257182579 0.0149805350498 0.0139019139579 0.0194829137458 0.00756298788846 0.0131736403794 0.0287897077914 0.00679556915055 0.0355867871693 0.0133717097784 0.0046759742271 0.0234213064403 0.00851558742112 0.0454367703538 0.0331195270196 0.0408817776397 
-0.00956705963953 0.0324179252563 0.0213498415348 0.00927665377435 0.0121964867779 0.0306252990107 0.0177307556667 0.00995748244657 0.754045557481 -0.0047808509866 0.0156316758137 0.00180587346957 0.0196829525488 0.0233267577812 0.0124462536292 0.0760325634894 0.0141958482709 -0.0162888278374 0.0310366646047 0.00339297500803 0.0274871673384 -0.00753238295542 0.0201244630653 0.0168841554764 0.0119574076596 0.0371107787463 0.0225532226493 0.0273366265014 0.0166900017569 0.0251045922096 2.12366794642e-05 0.00655138120517 0.00751818990491 0.010294341401 0.0154565037777 0.0273353951035 0.0128314104476 0.0160666996813 0.000219179827581 0.00418678007566 
0.00622292243518 0.0214213427038 0.0335399845744 0.0155188260131 0.0131353120773 0.0211009735396 0.0327269772711 0.00521081161294 -0.00478085098661 0.232852851023 0.0267020421099 0.0137689702942 0.0155109184832 0.0113718884683 0.00571032490722 0.0336435740769 0.00715733451583 0.0010958810852 0.00671589477409 0.0142651972671 0.0299634131169 0.00827488067975 0.0248915998484 0.00192998777608 0.0156814934118 0.029468276568 0.0320587269517 0.0249196617273 0.0546542012602 0.0173231120418 0.0154668709526 0.0363782320554 0.00392337637473 0.00988115861069 0.00860596638153 0.00925286734199 0.0242641115979 0.0476746869052 0.013744211631 0.00619561684649 
-0.00635682930275 0.0126019491327 0.0140985084864 0.0160934950242 -0.00651830302595 0.047321394572 0.0179720099284 0.00939301639015 0.0156316758137 0.0267020421099 0.198372761277 0.00335171171576 0.0207964051715 0.011785807534 0.0233573574375 0.0417540610285 0.00856944414193 -0.000556245328477 0.0221961283799 0.00809417234033 0.00316268889944 0.000931521295505 0.030216092564 0.0139657234784 0.0151828790995 0.0145925169105 0.0311202450781 0.0160973272062 0.0115567345085 0.0112029960384 0.000676275428139 0.0134445105365 -0.00102663482739 0.0186830788078 -0.00650203105397 0.0141458603977 0.0142341809088 -0.0124439680617 0.00458965798504 0.0235216562119 
-0.00527847694733 -0.00384592242198 0.00153350076622 0.0152834419725 0.010569883733 0.0161900137574 0.0257457707066 0.0585848271027 0.00180587346956 0.0137689702942 0.00335171171576 0.25781461459 0.0231556308548 0.0113490186506 0.0130422563954 0.0441595546178 0.0232199440359 0.0278762359995 0.0157578645077 0.0114128560004 0.0232016800001 0.00900910382729 0.00520377709386 0.0151514106988 -0.00199310863429 0.00489540980773 0.0221796849128 0.0288239049533 0.0144572535193 -0.00466527770899 0.0399672947988 0.0171037145437 0.0414616519412 0.0149802954917 0.0332565314531 0.0285918901384 0.0191719870732 0.0390340671195 0.0415259257701 0.0496908755309 
0.00783550959417 0.0203737171072 0.013694524194 0.0139405927763 0.0177506037887 0.0244691661966 0.0274198095861 0.0382856961993 0.0196829525488 0.0155109184832 0.0207964051715 0.0231556308548 0.23325018511 0.0101484442219 0.00936981522924 0.0585557612189 0.0194009732979 0.00829871444831 0.0985828737071 0.00917213329946 0.00730755331543 -0.00317918138766 0.0290050055332 0.0140807579019 0.0106311193658 0.0172964313014 0.0312415382247 0.0198418500299 0.0174529343466 0.0132204931274 0.0170498598549 0.0156502902409 0.0204863310275 0.014808256511 -0.000994000926249 0.0158648233411 0.0335744531874 0.0315417786242 0.0226237279284 0.0133053863572 
0.0128075315095 0.0200142247038 0.00942918320112 0.0140052063214 0.0155936380604 0.00749058950697 0.0119621714056 0.0109209535516 0.0233267577812 0.0113718884683 0.011785807534 0.0113490186506 0.0101484442219 0.265546747421 0.0128353391 0.0294038189756 0.00803339671694 0.0123209869308 0.0181577257217 0.0133221251611 -0.0233687920928 0.0159040809215 0.0144376117567 0.00156720399365 0.0160230427653 0.0195452763148 0.015319421888 0.0200769456922 0.0227112947098 -0.00131042825855 0.00657410941126 0.016204506075 0.00708003283215 0.00143979194964 0.00672097340544 0.00357992536665 0.00832549667814 0.0111970029073 0.0137279748614 0.0408898229295 
-0.000307625543039 0.000106372296264 0.0282291878364 0.0147565275009 0.0123710838493 0.0280526390726 0.00850376475675 0.0101231730258 0.0124462536292 0.00571032490722 0.0233573574375 0.0130422563954 0.00936981522924 0.0128353391 0.407842629152 0.0343632344986 0.0146100798072 0.0344231947696 0.00271352140892 0.00408966575161 0.0480893328847 0.00398105130225 0.0376507676707 0.0181080096969 0.00484476420316 0.0173460415423 0.0312584783935 0.0293378677981 0.0215910165461 0.011453649802 -0.000323560508881 -0.00178163101357 0.011244450047 -0.00118273360408 0.0022204742752 0.0162385521369 0.014138317715 0.0262576716234 0.010449686303 -0.00808152033977 
0.0166334951152 0.00693017849614 0.0508910704173 0.0138791138144 0.032889967847 0.0337404608142 0.0430475498235 0.0449209956463 0.0760325634894 0.0336435740769 0.0417540610285 0.0441595546178 0.0585557612189 0.0294038189756 0.0343632344986 0.555595057656 0.0154061099786 0.0274116838279 0.0296892456566 0.0321461108151 0.0327141136208 0.00287639829757 0.0307837430511 0.0312807640097 0.0278291701441 0.0475569244177 0.0519153728291 0.0381586559348 0.0230229207972 0.0255220676519 0.0368390215688 0.0451941750187 -0.00114231151577 0.0108775647922 0.0273499857967 0.011279995127 0.0600967912104 0.0872033250346 0.0107906431851 0.0694040789544 
-0.00298676728443 0.0107872579093 0.0142776171244 0.00163162055988 0.0124982890147 0.0141235924799 0.000753623094296 0.00972625139649 0.0141958482709 0.00715733451583 0.00856944414193 0.0232199440359 0.0194009732979 0.00803339671694 0.0146100798072 0.0154061099786 0.236603557329 -0.00144405861054 0.0180409991466 -0.00661361851261 -0.00852290725556 0.0183466766937 0.00673166189891 0.0155812951011 0.0110684986371 0.0147153749405 0.0132806000609 0.00915125230024 0.0153544938815 0.00490506608868 0.0125934810821 0.00112826800412 0.0171493394324 0.0074751019198 -0.00130413155012 0.0480945820238 0.00236198649626 0.026505838304 0.0185880499412 0.00252586363775 
-0.0109541721368 -0.00776611279919 5.56257529064e-05 0.0119011966556 0.0156868492153 0.011139868967 -0.00537732009595 0.0275974571157 -0.0162888278374 0.0010958810852 -0.00055624532848 0.0278762359995 0.00829871444831 0.0123209869308 0.0344231947696 0.0274116838279 -0.00144405861054 0.352588518487 0.00619071059285 0.0172254499747 0.0140094343083 0.00542992247356 0.0293914780023 0.00160176498053 -0.00495862212929 0.0121377867557 0.0266199243941 -0.0100023339218 -0.00122511333975 0.00169934945281 0.0907115795811 0.00202323087533 0.00757237843413 0.015478821142 0.0287491884777 0.0100859216942 0.0331259827278 0.0488014259493 0.0211519011782 0.0792159162649 
0.0103358146218 0.0122770530956 0.0174203088855 0.0167955100901 0.0207090236238 0.0202493757637 0.0277178326757 0.0177342962366 0.0310366646047 0.00671589477408 0.0221961283799 0.0157578645077 0.0985828737071 0.0181577257217 0.00271352140892 0.0296892456566 0.0180409991466 0.00619071059285 0.188753312263 0.013135792554 0.0114319828035 -0.00225087352533 0.018894363413 -0.00224129942736 0.0143214454275 0.0108155447044 0.0152449741067 0.0236182433221 0.0206954273334 0.0190013203718 0.00457718562251 0.00859723114979 0.0207509300254 0.028512503011 0.00466352135192 0.0152657500246 0.033643608166 0.0321478700177 0.0199920487436 0.0157392574522 
0.00294329118903 0.00201922695521 0.000418116434457 0.0139368351572 0.0183888339221 0.00475932272517 0.0242012309609 0.0170827005645 0.00339297500803 0.0142651972671 0.00809417234033 0.0114128560004 0.00917213329946 0.0133221251611 0.00408966575161 0.0321461108151 -0.00661361851261 0.0172254499747 0.013135792554 0.306383547137 0.0274103498482 -0.00455881576878 -0.00524978738006 0.0172864893524 0.00869937576202 0.0188158716982 0.0141050717401 0.0152136850462 0.0121474752721 0.00672465641963 0.0119273540906 0.0160275587287 0.0133775068337 0.0188018771201 0.0114367430808 0.0132428890755 0.000656622995009 0.0119384395012 0.00777873084683 0.0173417137198 
-0.00149561724068 -0.00173515304985 0.0405520196336 0.006108102238 0.0124637874153 0.0230993563023 0.0335951642043 0.0105217548316 0.0274871673384 0.0299634131169 0.00316268889945 0.0232016800001 0.00730755331543 -0.0233687920928 0.0480893328847 0.0327141136208 -0.00852290725556 0.0140094343083 0.0114319828035 0.0274103498482 0.44200451645 -0.00224412634998 0.0169386276692 -0.00130496421106 0.00961990317129 0.0216568015773 0.0327873263099 0.0434788523742 0.0178894422247 0.0123725737309 0.00238451502982 0.0162535520939 0.0114989860113 -0.0029400041031 0.00467397308212 0.00312824822708 0.0153612331733 0.00795719573616 0.0142276982154 0.00641127779124 
0.0368781913455 0.0014632245412 0.0175490538656 0.0110625436317 -0.00195973013446 0.0115062054853 0.0163643397506 0.000112622360045 -0.00753238295543 0.00827488067975 0.000931521295504 0.00900910382729 -0.00317918138766 0.0159040809215 0.00398105130225 0.00287639829757 0.0183466766937 0.00542992247356 -0.00225087352533 -0.00455881576878 -0.00224412634999 0.295748593737 0.0107430290316 0.00425906172422 0.000355798665397 0.0222160321575 0.0135724338925 0.00918625928354 0.0107269589422 0.00282987457204 0.009980778552 0.0145428888356 0.00888483245594 0.0232813293105 -0.000348080850275 0.0152770240369 0.00419949232627 0.371569596484 -0.00114673176805 0.0028962392856 
-0.00369281443461 0.000513791652657 0.0257539811178 0.0138838637121 0.00446582177292 0.0276681184508 0.0181246130525 0.01099662502 0.0201244630653 0.0248915998484 0.030216092564 0.00520377709386 0.0290050055332 0.0144376117567 0.0376507676707 0.0307837430511 0.00673166189891 0.0293914780023 0.018894363413 -0.00524978738006 0.0169386276692 0.0107430290316 0.187158916792 -0.00419258475385 -0.016039648605 0.0200487727055 0.0329606628192 0.0251650027079 0.0126292722153 0.0118657524745 0.0102069750975 0.0215052600513 0.0121158377095 0.010958979178 0.0250265028012 0.00668835231444 0.0252465162121 -0.0163689900328 0.00723683928406 0.02036170767 
0.0426241196999 0.00378965449132 0.00710581568085 0.00875651307121 -0.00701392102037 0.0184149049446 0.013049982774 0.00110961439267 0.0168841554764 0.00192998777608 0.0139657234784 0.0151514106988 0.0140807579019 0.00156720399365 0.0181080096969 0.0312807640097 0.0155812951011 0.00160176498054 -0.00224129942736 0.0172864893524 -0.00130496421106 0.00425906172422 -0.00419258475385 0.619119302919 0.046324811567 0.0193981171145 0.022700452364 0.0243080189205 0.00676282375317 0.0126957664446 0.0108161261736 0.00285225720018 0.00549327146074 0.0311330960795 0.0134038060608 -0.0109100606649 0.00595160547335 0.0288469988166 -0.00891373716154 -0.00162434437642 
-0.00426383903613 0.00499426554574 0.0208627127647 0.0169333421294 0.00190595031985 0.0263015912989 0.0224049130866 0.0149257182579 0.0119574076596 0.0156814934118 0.0151828790995 -0.00199310863429 0.0106311193658 0.0160230427653 0.00484476420316 0.0278291701441 0.0110684986371 -0.00495862212929 0.0143214454275 0.00869937576202 0.00961990317129 0.000355798665398 -0.016039648605 0.046324811567 0.289832067518 0.0148366051923 0.0136517798472 0.0233646871129 -9.4604017432e-05 0.0119608279998 0.0228961647617 0.0176693464467 0.00707487508332 0.00909868942255 -2.63471030347e-05 0.0165619315927 0.0315344306452 0.00406916812285 0.0122356234146 0.0240556545408 
0.0102483236015 0.0215448238053 0.0230340376547 0.00916602700968 0.00218882804262 0.0144758967701 0.0122146624359 0.0149805350498 0.0371107787463 0.029468276568 0.0145925169105 0.00489540980773 0.0172964313014 0.0195452763148 0.0173460415423 0.0475569244177 0.0147153749405 0.0121377867557 0.0108155447044 0.0188158716982 0.0216568015773 0.0222160321575 0.0200487727055 0.0193981171145 0.0148366051923 0.292048944547 0.0373464820205 0.0010784001729 0.00464915333767 0.0196953210679 0.00572288350806 0.0239017421231 0.00710198769539 0.0215758084838 0.0218441949107 0.0112455355252 0.0227048248379 0.0299475281831 0.00393588606315 0.0115795116782 
0.00181065584207 0.0116694727024 0.0277293829664 0.00610648735656 0.0262409139224 0.0267504788909 0.0258069578109 0.0139019139579 0.0225532226493 0.0320587269517 0.0311202450781 0.0221796849128 0.0312415382247 0.015319421888 0.0312584783935 0.0519153728291 0.0132806000609 0.0266199243941 0.0152449741067 0.0141050717401 0.0327873263099 0.0135724338925 0.0329606628192 0.022700452364 0.0136517798472 0.0373464820205 0.198274266842 0.0286644066357 0.0206283683816 0.0204076174841 0.0240749569213 0.0145413967159 0.0125031416955 0.0347391490853 0.00251281400898 0.0234735064698 0.0198785117188 0.0117895125744 -0.002323008923 0.04987524431 
0.0133574179625 -0.000283661202994 0.0254069449769 0.00520978664579 0.0139095020417 0.00991340302976 0.0490494903406 0.0194829137458 0.0273366265014 0.0249196617273 0.0160973272062 0.0288239049533 0.0198418500299 0.0200769456922 0.0293378677981 0.0381586559348 0.00915125230024 -0.0100023339218 0.0236182433221 0.0152136850462 0.0434788523742 0.00918625928354 0.0251650027079 0.0243080189205 0.0233646871129 0.0010784001729 0.0286644066357 0.252702241194 0.0135719962683 0.0359473497334 -0.00948764717084 0.0269188781111 0.00743554042564 0.018429876577 -0.00497117898484 0.0142925651617 0.025799479345 0.00351466482917 0.0182159753182 -0.00492772655838 
0.0148261887853 0.0177251091421 0.0382352937017 0.00453624987942 -0.00647635703496 0.0176603415262 0.0244992255629 0.00756298788846 0.0166900017569 0.0546542012602 0.0115567345085 0.0144572535193 0.0174529343466 0.0227112947098 0.0215910165461 0.0230229207972 0.0153544938815 -0.00122511333975 0.0206954273334 0.0121474752721 0.0178894422247 0.0107269589422 0.0126292722153 0.00676282375316 -9.46040174321e-05 0.00464915333767 0.0206283683816 0.0135719962683 0.224563800573 0.00989379261387 0.0055874596544 0.0473697101888 0.00726424948056 0.00616688080965 -0.0178887550055 0.0140713847821 0.00577765046251 0.015195072766 0.013146783 -0.00174027233042 
-0.00425160908818 0.0149207615048 0.0138657261369 0.0120187533741 0.0266419445541 0.0155276709285 0.0163625430609 0.0131736403794 0.0251045922096 0.0173231120417 0.0112029960384 -0.00466527770899 0.0132204931274 -0.00131042825855 0.011453649802 0.0255220676518 0.00490506608868 0.00169934945281 0.0190013203718 0.00672465641963 0.0123725737309 0.00282987457205 0.0118657524745 0.0126957664446 0.0119608279998 0.0196953210679 0.0204076174841 0.0359473497334 0.00989379261386 0.465218447585 0.00106478332566 0.00294426005401 0.00577040966852 0.00137272974674 0.00346181515012 0.0179326651094 0.00742712955243 0.013042460092 0.0105468835494 0.0146457437042 
-0.00448977790808 0.00847578423718 -0.00254703801567 0.0132519775584 0.00114473881994 0.00983457571786 0.00816516286937 0.0287897077914 2.12366794572e-05 0.0154668709526 0.000676275428137 0.0399672947988 0.0170498598549 0.00657410941126 -0.000323560508878 0.0368390215688 0.0125934810821 0.0907115795811 0.0045771856225 0.0119273540906 0.00238451502982 0.009980778552 0.0102069750975 0.0108161261736 0.0228961647617 0.00572288350806 0.0240749569213 -0.00948764717084 0.0055874596544 0.00106478332566 0.245292122372 0.0156901139332 0.0128798558194 0.0122317334592 0.0201463810995 0.0110940089942 0.0171546848907 0.0712544215869 0.0190330283053 0.0449287437266 
-0.000985405386617 0.00127591864823 0.0343012031106 0.00998149505551 0.0158099840282 0.0146235954461 0.0155652423698 0.00679556915055 0.00655138120516 0.0363782320554 0.0134445105365 0.0171037145437 0.0156502902409 0.016204506075 -0.00178163101357 0.0451941750187 0.00112826800412 0.00202323087533 0.00859723114979 0.0160275587287 0.0162535520939 0.0145428888356 0.0215052600513 0.00285225720017 0.0176693464467 0.0239017421231 0.0145413967159 0.0269188781111 0.0473697101888 0.00294426005402 0.0156901139332 0.269310098267 0.0149285792381 0.0259013926985 -0.0124949626971 0.0203749292457 0.0271418251936 0.0156416049262 0.0111751860627 0.0101928734504 
-0.003197519511 0.00446121994854 0.00466932056226 0.00391367654235 0.00901593621083 0.00776615248331 0.0136044746945 0.0355867871693 0.00751818990491 0.00392337637472 -0.00102663482739 0.0414616519412 0.0204863310275 0.00708003283215 0.011244450047 -0.00114231151577 0.0171493394324 0.00757237843413 0.0207509300254 0.0133775068337 0.0114989860113 0.00888483245594 0.0121158377095 0.00549327146074 0.00707487508332 0.00710198769539 0.0125031416955 0.00743554042563 0.00726424948056 0.00577040966852 0.0128798558194 0.0149285792381 0.147790805888 0.00082146375392 0.0150243335207 0.0229071766814 0.0104934837295 0.0164066851086 0.0344439129404 0.023143313058 
0.0102048243938 0.0179766221996 0.0213929735128 0.0249943336832 0.0157870268532 0.0192489276197 0.0206644680952 0.0133717097784 0.010294341401 0.00988115861069 0.0186830788078 0.0149802954917 0.014808256511 0.00143979194964 -0.00118273360408 0.0108775647921 0.0074751019198 0.015478821142 0.028512503011 0.0188018771201 -0.0029400041031 0.0232813293105 0.010958979178 0.0311330960795 0.00909868942255 0.0215758084838 0.0347391490853 0.018429876577 0.00616688080965 0.00137272974674 0.0122317334592 0.0259013926985 0.00082146375392 0.302407533088 0.0174624822504 0.0153004583593 0.0242829628908 -0.0116127060754 0.011349067052 0.0102409334502 
-4.79707372564e-05 0.00357069597736 0.00895041430212 0.00191384702333 0.00962068885229 0.00547188105646 -0.00775351881929 0.0046759742271 0.0154565037777 0.00860596638153 -0.00650203105397 0.0332565314531 -0.000994000926248 0.00672097340544 0.0022204742752 0.0273499857967 -0.00130413155012 0.0287491884777 0.00466352135192 0.0114367430808 0.00467397308212 -0.000348080850276 0.0250265028012 0.0134038060608 -2.63471030343e-05 0.0218441949107 0.00251281400898 -0.00497117898483 -0.0178887550055 0.00346181515012 0.0201463810995 -0.0124949626971 0.0150243335207 0.0174624822504 1.04552107846 -0.0173555163872 0.00213120060496 -0.0110236804789 0.00027354608278 0.0118123032562 
0.00362981792481 0.00578878136148 0.00270131808711 0.0174524374359 0.0161319829438 0.00743961762222 0.0116310537355 0.0234213064403 0.0273353951035 0.009252867342 0.0141458603977 0.0285918901384 0.0158648233411 0.00357992536665 0.0162385521369 0.011279995127 0.0480945820238 0.0100859216942 0.0152657500246 0.0132428890755 0.00312824822708 0.0152770240369 0.00668835231444 -0.0109100606649 0.0165619315927 0.0112455355252 0.0234735064698 0.0142925651617 0.0140713847821 0.0179326651094 0.0110940089942 0.0203749292457 0.0229071766814 0.0153004583593 -0.0173555163872 0.380082109055 0.00966169300326 -0.00468913499841 0.0234600950709 0.0272208936083 
0.0175530483056 0.0104978334616 0.022844633373 0.0294554814784 0.0245015624001 0.0177254060542 0.0152081140821 0.00851558742111 0.0128314104476 0.0242641115979 0.0142341809088 0.0191719870732 0.0335744531874 0.00832549667815 0.014138317715 0.0600967912104 0.00236198649626 0.0331259827278 0.033643608166 0.000656622995007 0.0153612331733 0.00419949232627 0.0252465162121 0.00595160547335 0.0315344306452 0.0227048248379 0.0198785117188 0.025799479345 0.00577765046251 0.00742712955243 0.0171546848907 0.0271418251936 0.0104934837295 0.0242829628908 0.00213120060496 0.00966169300326 0.342213087721 0.0024596722936 0.0201406973876 0.0197135369895 
0.0224174019668 0.00427577070582 0.0319276443223 0.01713935768 0.019088190016 0.0285949130749 0.0345604270678 0.0454367703538 0.0160666996813 0.0476746869052 -0.0124439680617 0.0390340671195 0.0315417786242 0.0111970029073 0.0262576716234 0.0872033250346 0.026505838304 0.0488014259493 0.0321478700177 0.0119384395012 0.00795719573616 0.371569596484 -0.0163689900328 0.0288469988166 0.00406916812285 0.0299475281831 0.0117895125744 0.00351466482917 0.015195072766 0.013042460092 0.0712544215869 0.0156416049262 0.0164066851086 -0.0116127060754 -0.0110236804789 -0.00468913499841 0.0024596722936 8.18532320553 0.00676915293338 0.00916082381814 
0.00555513014019 0.00304733417667 0.0174849137909 0.00776469594093 0.0163479975236 0.0190261540354 0.0338784186417 0.0331195270196 0.000219179827575 0.013744211631 0.00458965798504 0.0415259257701 0.0226237279284 0.0137279748614 0.010449686303 0.0107906431851 0.0185880499413 0.0211519011782 0.0199920487436 0.00777873084683 0.0142276982154 -0.00114673176805 0.00723683928406 -0.00891373716154 0.0122356234146 0.00393588606316 -0.00232300892301 0.0182159753182 0.013146783 0.0105468835494 0.0190330283053 0.0111751860627 0.0344439129404 0.011349067052 0.000273546082783 0.0234600950709 0.0201406973876 0.00676915293338 0.159181302911 0.0279320475584 
0.0150396656874 0.0061702740267 0.018453135688 0.00433744540927 0.0219704075716 -0.00228734247575 0.0141815873176 0.0408817776397 0.00418678007561 0.00619561684648 0.0235216562119 0.0496908755309 0.0133053863572 0.0408898229295 -0.00808152033979 0.0694040789543 0.00252586363774 0.0792159162649 0.0157392574522 0.0173417137198 0.00641127779123 0.0028962392856 0.0203617076699 -0.00162434437643 0.0240556545408 0.0115795116781 0.04987524431 -0.00492772655839 -0.00174027233043 0.0146457437042 0.0449287437266 0.0101928734504 0.023143313058 0.0102409334502 0.0118123032563 0.0272208936083 0.0197135369895 0.00916082381814 0.0279320475584 0.734083964867 

['TRB', 'CLX', 'MTG', 'TWX', 'GENZ', 'DDS', 'WB', 'SRE', 'TEK', 'STA', 'WMT', 'EIX', 'AIV', 'ACV', 'PKI', 'PHM', 'BAX', 'MUR', 'EQR', 'ABI', 'AV', 'DJ', 'SEE', 'UVN', 'MMC', 'CCL', 'DHR', 'FITB', 'ALL', 'BMY', 'CVX', 'XL', 'DTE', 'S', 'UIS', 'SWY', 'SWK', 'VIA.B', 'XEL', 'EP']