50
0.0131635076039 0.0396221554001 0.0629738483482 0.0267221777707 0.0592302274211 0.066200000993 0.104903250727 0.0340091550877 0.0831725949645 0.0599327976672 0.0682562642732 0.0559384191954 0.0522861094618 0.0316848802341 0.079223051944 0.103194060275 0.0223320424584 0.0435638119902 0.100974868985 0.043075945187 0.0180781461794 0.0631330997176 0.242072249725 0.039859092222 0.0206637964956 0.0988670942005 0.0377989606714 0.10135047428 0.0765601453803 0.0125032911957 0.0884893451388 0.0576577356707 0.0128714932266 0.0404531955786 0.0244433913508 0.188050706821 0.0333203023267 0.0280903462606 0.0766878163077 0.0523918745475 0.0162161188728 0.0634276035435 0.0482651065397 0.0276848810082 0.029419367 0.0486959213786 0.0690415105338 0.0254158643172 0.118814959333 0.0211692002509 
0.147018336375 0.0188576232017 0.0231155499391 0.0350235604564 0.00164593019998 0.023678983536 0.00451066407341 0.0174248728857 0.0140563328644 -0.00365423636539 -0.000886305939585 0.00941061437948 0.00367775704463 0.0148000655916 0.0245549994307 0.0134264725919 0.00589090232736 0.0220411588837 -0.00504634314767 0.0184685420033 0.00945692358419 0.00122597483262 0.00558321257367 0.00870027904865 0.0128053978497 0.00210924349554 0.00365183184301 0.00900819368619 0.0087297001098 -0.00784441697128 0.0030193587318 0.0197620962584 0.0139421408384 -0.00329778840571 0.00733603359393 0.00811838940167 0.0122704743658 0.00887688433909 0.00741707611935 0.0131544495771 0.0553126534359 0.0149018658394 0.00690925457222 0.0216872982024 0.0451278631731 0.0204947370312 0.019180935632 0.00619406278101 0.0126916114935 0.0116014992091 
0.0188576232017 0.169206208093 0.000235264511967 0.0216924114627 0.00278793529592 0.0167026490878 0.0206943743219 0.048110169066 0.0198726503094 0.0059954635086 0.0213096746203 0.0141453784156 0.00548380365949 0.0299247720436 0.0181797950163 0.0251255172335 0.0106649210909 0.0058475331163 0.00374937704056 0.0377131541071 0.0118810363572 0.00471203534784 0.0229019836925 0.0194913219857 0.0182842099657 0.0227414192369 0.00890183113577 0.0284315123839 0.0152723372691 0.00930809664237 0.00312309866267 0.0127256968571 0.011524600308 0.0175972238139 0.010043062428 0.0134037727468 0.0205714386499 0.0535108032135 0.0197300990961 0.0161933135503 0.0291293976278 0.0177544293809 0.0287188035268 0.0198832721825 0.00651124588601 0.0430943979538 0.0233798154881 0.0101303092815 0.00897920287804 0.0160949610212 
0.0231155499391 0.000235264511968 0.364973178304 0.0307498166369 0.0032116855698 0.00415937644514 0.0232498892186 -0.0185141220323 0.0253192783193 0.0219494542705 0.0182304361106 -0.00802913737168 0.0067095588917 0.00986051175486 0.0146144698868 0.0469192551902 0.00543246352245 0.0105780201972 0.0100205867872 0.00187802981361 0.00981159922573 0.00967669060647 0.049913484448 0.0206035205718 -0.0099086755753 0.0204817664652 0.0185631387299 0.0243879358021 0.00945310438908 -0.0362926970171 -0.00402526720091 0.0120047864572 -0.00376068833075 0.0177211759221 -0.0174283488093 0.00825873533279 0.00305663576374 -0.013701767014 0.00784909195651 0.00143385762579 0.0354964110801 0.0413636707788 0.00265949314416 -0.00373308921243 0.0216417455947 0.00921465412035 0.0155301528608 0.0152312511914 0.00463074771101 0.0051899767574 
0.0350235604564 0.0216924114627 0.0307498166369 0.178440456086 0.01231722865 0.0350837303126 0.0199066636426 0.0276347185928 0.0229078574837 0.020859630499 0.00518252871061 0.00734995742834 0.00777438121263 0.0247171170459 0.0142998721325 0.0294092557572 0.00603149920243 0.022820816837 0.012926447027 0.0256452595763 0.00894317382338 0.00387033115338 0.0153445609712 0.0189067038082 0.0143896390276 0.0109730958499 0.0108665175585 0.00999014993351 0.0139389401173 0.00237972713304 0.0131639681407 0.0291704177688 0.00373804716461 0.0226658479688 0.00815068016543 0.0132717754367 0.0139947661545 0.0119749118722 0.0249580559988 0.0101937750651 0.0493666735116 0.0209654698537 0.0190341918212 0.015810226901 0.0344511145384 0.0220152897222 0.0212538911767 0.0218119509966 0.00909397533372 0.0130447201557 
0.00164593019998 0.00278793529592 0.0032116855698 0.01231722865 0.336553843518 0.0233707274018 0.0187596806588 0.00517712767203 0.0190963615083 0.01045697516 0.00689032575061 0.000162291338762 0.00613349820628 0.0233809684567 -0.00360743630656 0.0429492948853 0.0135081186455 0.022577763627 0.00444621466347 0.014435270359 0.00516063083973 0.000693681435695 0.0411110498038 0.00823087592561 0.0166671322474 0.0219918102372 0.0125139040344 0.0183012765879 0.0242313125745 0.0115423736298 0.00890854140487 0.0239218063901 -0.00246348297196 0.0250772791695 0.0084301897187 0.0211265422202 0.00971723067562 0.0088091483661 0.0256147970935 0.0133497071705 -0.00200140189515 0.033332383962 0.0227307089096 0.0239173973898 0.0180191898133 0.0040745541868 0.0165834003891 0.014231182528 0.0467689902627 0.0275495600185 
0.023678983536 0.0167026490878 0.00415937644514 0.0350837303126 0.0233707274018 0.64504051329 0.0404264428727 0.0226081075824 0.00922396812148 0.0190943754372 0.00925383312825 0.0144645584687 0.0347958098366 0.00413700828401 0.0274418266215 -0.0168240284449 0.00465354501344 0.0271252160355 0.0318022412703 0.0251030765066 0.0215407275692 0.000473786193314 -0.0111751317957 0.00907764740218 0.0190752399533 -0.0106050001004 -0.0283673061761 0.0344427660883 0.00360814864222 0.0144342656577 0.0226052451459 0.0331504101615 0.00335775969213 -0.000416487730168 0.00179304531269 0.00849730181282 0.0230172038266 0.0521050743412 -0.0147462880335 0.0467555700566 0.0270672492514 0.0178855534323 0.0254976089482 0.0161284088203 0.0372076649052 0.0233475096832 0.0107970599761 0.0180051520615 0.00127113250784 0.00966587776848 
0.00451066407341 0.0206943743219 0.0232498892186 0.0199066636426 0.0187596806588 0.0404264428727 0.459990392752 0.00921433382101 0.0410976051953 0.0342024475713 0.0293307637464 0.0406283647296 0.056158662729 0.0181869601082 0.0145831705128 0.0333739253851 0.00261316857649 0.0149375111171 0.00985097253056 0.0228904924952 0.0207520763572 0.0343603036336 0.0675186485036 0.0362517337562 0.0181501804297 0.0441548194896 0.020420733315 0.0175379221285 0.0289812910799 0.0190971441808 0.0308528574161 0.0356928630767 0.0134029803259 0.0548414172673 0.0178307998078 0.0545290803646 0.0278073398554 0.0177662035203 0.0438739272183 0.00991893767333 0.00123756555454 0.0240753876157 0.0350790130535 0.0292016872935 0.00410131318433 0.0341150014825 0.0249869311225 0.018440782621 0.0221984306799 0.0392451858132 
0.0174248728857 0.048110169066 -0.0185141220323 0.0276347185928 0.00517712767203 0.0226081075824 0.00921433382101 0.199758214204 0.0211615822534 0.0068142226461 0.0134486690111 0.0237269261741 0.0134076587593 0.00967225324406 0.00838915342388 0.0191131693645 0.00741827792337 0.0193887456995 0.0157480767874 0.0278388514414 0.00906412807876 -0.00778667017684 0.0305631110882 0.0017133959293 0.0126361263247 0.0279135125552 0.0080725289276 0.0358049236 0.00119678665993 0.0126282618105 0.0130000390315 0.0147252196755 -0.00434467449322 0.0216288985243 0.00832184228269 -0.00158217517501 0.0235316122512 0.0404428812729 0.0092312008101 0.0179571490704 0.0222415647809 0.0162406947106 0.0168362368035 0.00606187240907 0.0063326613949 0.0325773729055 0.014432072199 0.0100289339111 0.00903841890532 0.00807916666626 
0.0140563328644 0.0198726503094 0.0253192783193 0.0229078574837 0.0190963615083 0.00922396812148 0.0410976051953 0.0211615822534 0.446782719609 0.00464754249235 0.00889312870749 0.00259599937846 0.0546138604697 0.0269438370747 0.041095110058 0.0158039296658 0.00491728663131 0.0250608662948 0.0184622161791 0.0360691508357 0.00184373465323 0.0377892629384 0.013901699065 0.0370267274533 0.0217729374602 0.0294082529134 0.0246321578123 0.029880409973 0.0179980156321 0.0119508458517 0.0155623731485 0.025207049462 0.02133317248 0.0300487622068 0.0260600519301 0.0579884167376 -0.00333304843145 0.0134849165296 0.0269679775807 0.00636570513055 0.0117861096204 0.0425398652208 0.0112254126884 0.00755922968538 0.0300171224946 0.0203462248817 0.0171087696578 0.00693878868509 0.00968737869428 0.00605710433778 
-0.00365423636539 0.0059954635086 0.0219494542705 0.020859630499 0.01045697516 0.0190943754372 0.0342024475713 0.0068142226461 0.00464754249235 0.334534596897 0.0155438736363 0.00841949949685 0.0113930388427 0.0045924834982 0.0250998112315 0.0101780572735 -0.000275062365882 0.00443197198983 0.0213851630064 0.0070943052466 0.0197237584555 0.0415052163171 0.0412954018768 0.0138572076364 0.0216606137656 -0.00256705361456 0.030423112483 0.00386062946813 0.0300038028643 0.00989185752246 0.00879116431371 0.00743304944304 -0.00361035493089 0.00628277572266 0.00160733568674 0.010715414104 0.0110148774641 0.015049477066 0.0201947183065 0.0392143328464 -0.00407906514354 0.0124263383493 0.00885519183849 0.00631969709405 0.00433351986545 0.0317565163253 0.0144632518899 0.0168581928245 -0.0139933317612 0.00491501787588 
-0.000886305939585 0.0213096746203 0.0182304361106 0.00518252871061 0.00689032575061 0.00925383312825 0.0293307637464 0.0134486690111 0.00889312870749 0.0155438736363 0.36775112015 0.0143016819231 0.025481722011 0.0146495736145 0.0366587591835 0.0351782952619 0.0481033116132 -0.00251167299958 0.0311162956036 0.0205412482149 0.00195400641906 0.0476626494466 0.0708359761298 0.0256724964291 0.0127106110976 0.0373141745934 0.0314182269529 0.0383007003177 0.0427802150985 0.020535622815 0.0243414844154 0.00884350423005 -0.00462184622046 0.0200682582872 0.00702663437902 0.00221928529766 0.015751586225 0.0152438500834 0.0390613058037 0.00600698723193 0.00994041135705 -0.00505340891725 0.0158719752194 0.0123995140921 -0.00757625103553 0.0254429926942 0.0256705986269 0.0257951660804 0.0192513635155 0.00507297028203 
0.00941061437948 0.0141453784156 -0.00802913737168 0.00734995742834 0.000162291338762 0.0144645584687 0.0406283647296 0.0237269261741 0.00259599937846 0.00841949949685 0.0143016819231 0.229055552214 0.0203181988417 0.0162384306278 0.013877763625 0.0117852661162 0.0175424522389 0.00375359684921 0.0202119282011 0.00413252163602 0.00806274784614 0.0159517444762 0.0281444153225 -0.000580609385903 0.00865324288732 0.0249735564685 0.0195228877539 0.0309525828113 0.0281128024237 0.029245644862 0.02204039857 0.0158437453037 0.0181642315985 0.0147937560958 0.00987444323241 0.0114626817303 0.0262521991782 0.00496167330904 0.0114116130442 0.00988352516086 -0.00617192266273 -0.00375261447374 0.0258233225734 0.0206452897698 0.00769456386401 0.0145499682649 0.0308177810932 0.0179442479783 0.0347016373519 0.00274152170465 
0.00367775704463 0.00548380365949 0.0067095588917 0.00777438121263 0.00613349820628 0.0347958098366 0.056158662729 0.0134076587593 0.0546138604697 0.0113930388427 0.025481722011 0.0203181988417 0.305248646664 0.0282669851692 0.0225435036773 0.0577221548017 -0.00203912945132 0.00546522763314 0.024868780169 0.019742271244 0.0184210148311 0.0214827787546 0.0425668548802 0.0139781377929 0.0123039050034 0.0283102109987 0.0318851810248 0.040532795313 0.0191633082363 0.0257283959848 -0.00348539026873 0.0300159009929 -0.00859058705546 0.0224114575558 -0.00243112191836 0.048793072069 0.00831143073207 0.0100446358332 0.0351807741338 0.00525346546665 0.0138584012343 0.0326401638046 0.015774641224 0.0156544424693 0.00184324155044 0.0196371214183 0.0309173310177 0.0182528681686 0.0223524382229 0.0102294253422 
0.0148000655916 0.0299247720436 0.00986051175486 0.0247171170459 0.0233809684567 0.00413700828401 0.0181869601082 0.00967225324406 0.0269438370747 0.0045924834982 0.0146495736145 0.0162384306278 0.0282669851692 0.167037911277 0.0185798875417 0.00602910644087 0.00688367592411 0.00734596713987 0.0173345155848 0.0157054256748 0.00660229875652 0.0110808683852 0.0396888715705 0.0277781601122 0.0216872175914 0.0188844014619 0.00249999335951 0.0103248556617 0.0190095705497 0.0150824037515 0.0123643935218 0.0166244364968 0.0095245080169 0.0184167978174 0.0171766072983 0.0150377953452 0.0128198094623 0.0281664018117 0.0189922322697 -0.00360792471702 0.0229018231385 0.000548683766664 0.0151876063921 0.00845020841157 0.0185734729187 0.0249064633747 0.0118241992185 0.0145567220162 0.00214745535845 0.0118448307275 
0.0245549994307 0.0181797950163 0.0146144698868 0.0142998721325 -0.00360743630656 0.0274418266215 0.0145831705128 0.00838915342388 0.041095110058 0.0250998112315 0.0366587591835 0.013877763625 0.0225435036773 0.0185798875417 0.383895731378 0.0390223821064 0.0099478192408 -0.0100172957105 0.0343312652166 0.0110729208205 -0.00571670947325 0.0276760643396 0.0221674626613 0.00267825226903 0.00980459528555 0.0331631861426 0.022817772995 -0.00213288947056 0.0147388614415 0.00244645774382 0.0296398241791 0.0311006563766 0.00984487857823 0.0224738935422 0.0193009083145 0.0188919433664 0.0168347839157 0.00631432436591 0.0317698249071 0.0165062680505 0.00252399624156 0.0151035763564 0.00987477194899 0.0143123750537 0.00219795161269 0.0138138031259 0.034528129749 0.0361632644173 0.04250618717 0.0299929196294 
0.0134264725919 0.0251255172335 0.0469192551902 0.0294092557572 0.0429492948853 -0.0168240284449 0.0333739253851 0.0191131693645 0.0158039296658 0.0101780572735 0.0351782952619 0.0117852661162 0.0577221548017 0.00602910644087 0.0390223821064 0.545607831268 0.00466011284065 0.00716668252328 0.0186729807734 0.00583063336241 0.0389641452442 0.0233597719117 0.047090082051 0.026181714124 0.010933373539 0.0533489109468 0.0334721743329 0.0536811019331 0.0292683003004 0.00997291276603 0.0141848858127 0.0402388795079 0.00347539845262 0.0343852313355 -0.00438872295306 0.139532248715 0.0387777729683 0.0177387907392 0.0458141673202 0.0343618825703 0.0321838983246 0.0493240422096 0.0207702957207 0.0292455627114 0.0189950912605 0.0318063396601 0.0343000014156 0.0132571985657 0.0229616328667 0.0174558778526 
0.00589090232736 0.0106649210909 0.00543246352245 0.00603149920243 0.0135081186455 0.00465354501344 0.00261316857649 0.00741827792337 0.00491728663131 -0.000275062365882 0.0481033116132 0.0175424522389 -0.00203912945132 0.00688367592411 0.0099478192408 0.00466011284065 0.202368384424 -0.00085151567212 -0.00861091993692 0.0100924842961 0.00600255119984 0.00279274779284 0.0208281488569 -0.00507103720787 0.00281727405099 0.0205977433712 -0.00417137535153 -0.00259924049224 0.0155059095433 -0.00836175830671 -0.00379205211372 0.00438518796641 0.0016444405334 0.0130710949811 0.00514029089781 0.013144664524 0.00984539210825 0.00704634114108 -0.00114468846243 0.00884561110265 0.00329609706517 -0.00607033563722 -0.00431571718181 0.00568435054254 0.0142501093507 -0.00100320612592 0.00460951255707 0.00420641926903 0.00576816935479 0.00801248810294 
0.0220411588837 0.0058475331163 0.0105780201972 0.022820816837 0.022577763627 0.0271252160355 0.0149375111171 0.0193887456995 0.0250608662948 0.00443197198983 -0.00251167299958 0.00375359684921 0.00546522763314 0.00734596713987 -0.0100172957105 0.00716668252328 -0.00085151567212 0.275254927935 0.0131666705192 0.0103659601993 0.0109234287589 -0.00317414309646 0.016438758533 0.0109803174057 0.016987844361 0.0236863270764 -0.00311625404515 0.000226303966752 0.00296990753671 0.0268521095982 0.0065720980786 0.0116991931375 0.0170285850578 0.00370575491772 0.00988968637418 0.01051391705 0.00645948579225 0.01966983985 0.00785737032002 0.00796435910679 0.0200677305879 0.0184526872754 0.0116144915718 0.0081479799633 0.022567011503 0.0113916840312 0.00303719824472 0.00790548672779 -0.00147906163386 0.00294516248748 
-0.00504634314767 0.00374937704056 0.0100205867872 0.012926447027 0.00444621466347 0.0318022412703 0.00985097253056 0.0157480767874 0.0184622161791 0.0213851630064 0.0311162956036 0.0202119282011 0.024868780169 0.0173345155848 0.0343312652166 0.0186729807734 -0.00861091993692 0.0131666705192 0.460114000908 0.00729491604233 0.0173948079223 0.0849536859274 0.0253571926064 0.031151932917 0.0187310793243 0.0194766504392 0.0228382620873 0.0272135135256 0.0265988115875 0.0417887461655 0.00845669059478 0.0214072118368 -0.00484597569951 0.0786290068593 0.0517397550818 0.0468566782791 0.0138752181518 0.00948689256465 0.0100218272262 0.00977693764036 0.00291188237645 0.0132232966688 0.0308641704095 0.00885892057621 0.0146699018515 0.0119182890901 0.0402667052449 0.0173942011962 0.0221773702458 0.00185418357219 
0.0184685420033 0.0377131541071 0.00187802981361 0.0256452595763 0.014435270359 0.0251030765066 0.0228904924952 0.0278388514414 0.0360691508357 0.0070943052466 0.0205412482149 0.00413252163603 0.019742271244 0.0157054256748 0.0110729208205 0.00583063336241 0.0100924842961 0.0103659601993 0.00729491604233 0.20334637221 0.00715628978778 0.0246185418098 0.0273805599789 0.0358739499301 0.015363333462 0.00482353807729 0.0163050565249 0.0265310245589 0.0435678847784 0.0149258671489 0.0156250618599 0.0210197020408 -0.000298309376937 0.0182022515133 0.0184426306653 0.0137937753007 0.00047520160191 0.0348366885317 0.0260605583759 0.00246810414886 0.0159721651675 0.0160047051687 0.0177349850017 0.0307933872288 0.0225222746729 0.0202706205057 0.0137853476317 0.00286900515298 0.0115665415786 0.00752574562974 
0.00945692358419 0.0118810363572 0.00981159922573 0.00894317382338 0.00516063083973 0.0215407275692 0.0207520763572 0.00906412807876 0.00184373465323 0.0197237584555 0.00195400641906 0.00806274784614 0.0184210148311 0.00660229875652 -0.00571670947325 0.0389641452442 0.00600255119984 0.0109234287589 0.0173948079223 0.00715628978778 0.24492207943 0.0118550119649 0.0126411963251 0.00141191271831 0.00437841484618 0.0139850911724 0.00169786146307 0.0114780135282 0.00914110534706 0.0176973199227 0.00401574856384 -0.00336575585581 -0.00239392298405 0.0157460613535 0.0115742701087 -0.00868237896016 0.00635604108696 0.0180934488643 0.0121849669252 0.0134597214765 0.00357598214948 0.0106780006257 -0.00414300634051 0.0182068935762 0.0072288784982 0.0153850213244 0.000468291075432 0.00737462137657 0.000522515147901 -0.00946196102896 
0.00122597483262 0.00471203534784 0.00967669060647 0.00387033115338 0.000693681435694 0.000473786193314 0.0343603036336 -0.00778667017684 0.0377892629384 0.0415052163171 0.0476626494466 0.0159517444762 0.0214827787546 0.0110808683852 0.0276760643396 0.0233597719117 0.00279274779284 -0.00317414309646 0.0849536859274 0.0246185418098 0.0118550119649 0.450193468367 0.0495980255764 0.0404704090256 0.0225733373852 0.0242819726683 0.0620678943062 0.0442264277151 0.0202754345175 0.012179911288 0.0263110956996 0.00367558088663 0.0140305061082 0.0308123775867 0.0279680305095 0.0493510781138 0.00451681080127 0.0302604168987 0.0346929371092 -0.00418074851683 0.0104122827118 0.0315567768457 -0.00223311988182 -0.00860821077776 -0.00607960008002 0.0106958006368 0.0256586590408 0.010231583087 0.0550264902823 0.0064039515642 
0.00558321257367 0.0229019836926 0.049913484448 0.0153445609712 0.0411110498038 -0.0111751317957 0.0675186485036 0.0305631110882 0.013901699065 0.0412954018768 0.0708359761298 0.0281444153225 0.0425668548802 0.0396888715705 0.0221674626613 0.047090082051 0.0208281488569 0.016438758533 0.0253571926064 0.0273805599789 0.0126411963251 0.0495980255764 0.66971018894 0.0408457869376 0.0097002928553 0.0655832019567 0.0536048799625 0.0681199590899 0.0710528123539 0.00903576756663 0.0592842165159 0.0212023198071 0.00820456544559 0.0720757867459 0.0144389214099 0.0713211660357 0.0263501016383 0.0279002932109 0.0670057864037 0.0376914664037 0.0127366583175 0.0562060381067 0.00929408616638 0.0483105702461 0.0167632924916 0.0428412707798 0.0393350793509 0.0241291479737 0.0519181602063 5.05113195952e-05 
0.00870027904865 0.0194913219857 0.0206035205718 0.0189067038082 0.00823087592561 0.00907764740218 0.0362517337562 0.0017133959293 0.0370267274533 0.0138572076364 0.0256724964291 -0.000580609385902 0.0139781377929 0.0277781601122 0.00267825226903 0.026181714124 -0.00507103720786 0.0109803174057 0.031151932917 0.0358739499301 0.00141191271831 0.0404704090256 0.0408457869376 0.268073801288 0.00987485651566 0.0322067972786 0.0169023055385 0.0112533984441 0.0335709773233 0.0202064864967 0.00558852286098 0.0193893257555 -0.0060706504492 0.0252397507117 -0.00437907869419 0.0166912864538 0.00730990878485 0.0176728748154 0.0138957710382 0.00330665415416 0.0183984237545 0.0347784205441 0.0195889896501 0.0251660991773 0.019958120605 0.0114961631455 0.0318222863583 0.0195041038582 0.0181671475379 -0.00217681290465 
0.0128053978497 0.0182842099657 -0.0099086755753 0.0143896390276 0.0166671322474 0.0190752399533 0.0181501804297 0.0126361263247 0.0217729374602 0.0216606137656 0.0127106110976 0.00865324288732 0.0123039050034 0.0216872175914 0.00980459528555 0.010933373539 0.00281727405099 0.016987844361 0.0187310793243 0.015363333462 0.00437841484618 0.0225733373852 0.0097002928553 0.00987485651566 0.153461798758 0.00890010626943 0.00454348609959 0.0221386075927 0.0114525223183 0.00504530067883 0.0144034903109 0.0204886420973 0.00061563315687 0.00370532479776 0.0184839903254 0.0273457126566 0.0134197953502 0.0205905444813 0.0133200167791 0.0197867221905 0.0183445958562 0.0133461842023 0.0221838832474 0.0168018177665 0.0110717971863 0.0282034116769 0.0140530676866 0.0144778861431 0.000207416481039 0.00398706041279 
0.00210924349554 0.0227414192369 0.0204817664652 0.0109730958499 0.0219918102372 -0.0106050001004 0.0441548194896 0.0279135125552 0.0294082529134 -0.00256705361456 0.0373141745934 0.0249735564685 0.0283102109987 0.0188844014619 0.0331631861426 0.0533489109468 0.0205977433712 0.0236863270764 0.0194766504392 0.00482353807729 0.0139850911724 0.0242819726683 0.0655832019567 0.0322067972786 0.00890010626943 0.452309366788 0.0953598137139 0.101554827702 0.0357654186707 0.00587147001137 0.0240035197847 0.0192104766924 -0.00480105654464 0.0354895248446 0.00578543992153 0.0715462979598 0.011152287467 0.0163035239753 0.124426961739 0.0170270510944 0.0233167962424 0.0550869246046 0.0437744787909 0.0114408271237 0.0111220687285 0.0172301392593 0.0574867661908 0.0177749462901 0.0483169859317 0.0187743987211 
0.00365183184301 0.00890183113577 0.0185631387299 0.0108665175585 0.0125139040344 -0.0283673061761 0.020420733315 0.0080725289276 0.0246321578123 0.030423112483 0.0314182269529 0.0195228877539 0.0318851810248 0.00249999335951 0.022817772995 0.0334721743329 -0.00417137535152 -0.00311625404515 0.0228382620873 0.0163050565249 0.00169786146307 0.0620678943062 0.0536048799625 0.0169023055385 0.00454348609959 0.0953598137139 0.301875583136 0.0680417239214 0.0228884088107 0.00781137330088 0.0396003526123 0.0217188878969 0.00925265356882 0.015764000968 0.0022510529202 0.0472260422318 0.0194847207636 0.0254875782526 0.115329358719 0.0205522199415 -0.00132704389038 0.0445998806232 0.0248054314596 0.0211840375291 0.00901690677695 0.0340456675613 0.0430112417915 0.0300042532677 0.049700159235 -0.00278797494101 
0.00900819368619 0.0284315123839 0.0243879358021 0.00999014993351 0.0183012765879 0.0344427660883 0.0175379221285 0.0358049236 0.029880409973 0.00386062946813 0.0383007003177 0.0309525828113 0.040532795313 0.0103248556617 -0.00213288947056 0.0536811019331 -0.00259924049224 0.000226303966752 0.0272135135256 0.0265310245589 0.0114780135282 0.0442264277151 0.0681199590899 0.0112533984441 0.0221386075927 0.101554827702 0.0680417239214 0.554723795821 0.0505614005315 0.0128654761385 0.0586487592145 0.0258038372313 -0.00618942906347 0.00963607500431 0.00105847984422 0.0680193599313 0.00519058436491 0.0399627253851 0.0641961037647 0.00607661058844 0.00661613758982 0.0187508440479 0.0290506438529 0.0221076401881 0.014812179393 0.0275255066435 0.0560768143691 0.0109524318122 0.0633347896176 0.00206079148414 
0.0087297001098 0.0152723372691 0.00945310438908 0.0139389401173 0.0242313125745 0.00360814864222 0.0289812910799 0.00119678665993 0.0179980156321 0.0300038028643 0.0427802150985 0.0281128024237 0.0191633082363 0.0190095705497 0.0147388614415 0.0292683003004 0.0155059095433 0.00296990753671 0.0265988115875 0.0435678847784 0.00914110534706 0.0202754345175 0.0710528123539 0.0335709773233 0.0114525223183 0.0357654186707 0.0228884088107 0.0505614005315 0.32743581846 0.00998512221665 0.0316520081942 0.0226032641609 -0.00528051224187 0.0296876082215 -0.0063029398971 0.0189258630044 0.0105079401027 0.00427836296262 0.0271668385549 0.00503030541436 0.00713711619961 0.0160047638296 0.0251906405854 0.0252925078912 0.0208680968645 0.0170184376816 0.0486525159005 0.0210745950878 0.0302629289076 0.0158558930905 
-0.00784441697128 0.00930809664237 -0.0362926970171 0.00237972713304 0.0115423736298 0.0144342656577 0.0190971441808 0.0126282618105 0.0119508458517 0.00989185752246 0.020535622815 0.029245644862 0.0257283959848 0.0150824037515 0.00244645774382 0.00997291276603 -0.00836175830671 0.0268521095982 0.0417887461655 0.0149258671489 0.0176973199227 0.012179911288 0.00903576756663 0.0202064864967 0.00504530067883 0.00587147001137 0.00781137330088 0.0128654761385 0.00998512221665 0.280495306577 0.00332774847687 0.0136532689806 -0.010619849456 0.00184648108415 -0.00681025559394 0.00151088409815 0.0191278516117 0.0104877465161 0.00483561330747 0.00396960309257 0.00730954525872 -0.00278657943717 0.0292602674689 0.0265549439589 0.00194138520073 0.0201366048976 0.0238280641766 0.0375879985092 0.00874589774824 0.00423285052628 
0.0030193587318 0.00312309866267 -0.00402526720091 0.0131639681407 0.00890854140487 0.0226052451459 0.0308528574161 0.0130000390315 0.0155623731485 0.00879116431371 0.0243414844154 0.02204039857 -0.00348539026873 0.0123643935218 0.0296398241791 0.0141848858127 -0.00379205211372 0.0065720980786 0.00845669059478 0.0156250618599 0.00401574856384 0.0263110956996 0.0592842165159 0.00558852286098 0.0144034903109 0.0240035197847 0.0396003526123 0.0586487592145 0.0316520081942 0.00332774847687 0.482071067931 0.0263547616123 0.016376487621 0.0124265277096 0.0161066748447 0.0158510197317 0.0144038606271 0.0252899786427 0.0241809761433 0.0157392109774 -3.39616828164e-05 0.0113595432565 0.0290186552072 0.0154069290311 0.000851786993869 0.00543342759512 0.0339926698549 0.0120464438534 0.012269039257 0.00431491815642 
0.0197620962584 0.0127256968571 0.0120047864572 0.0291704177688 0.0239218063901 0.0331504101615 0.0356928630767 0.0147252196755 0.025207049462 0.00743304944304 0.00884350423005 0.0158437453037 0.0300159009929 0.0166244364968 0.0311006563766 0.0402388795079 0.00438518796641 0.0116991931375 0.0214072118368 0.0210197020408 -0.00336575585581 0.00367558088663 0.0212023198071 0.0193893257555 0.0204886420973 0.0192104766924 0.0217188878969 0.0258038372313 0.0226032641609 0.0136532689806 0.0263547616123 0.242919481728 -0.00383248559238 0.00817071894506 0.0122385833127 0.0203977370593 0.0115955453908 0.0228100446869 0.0246974486812 0.0214747107204 0.0294045511172 0.0181454953476 0.0139293192155 0.0108193228442 0.0234952342 0.0124229258563 0.028351221937 0.0149037758701 0.0223114524899 0.00358697875677 
0.0139421408384 0.011524600308 -0.00376068833075 0.00373804716461 -0.00246348297196 0.00335775969213 0.0134029803259 -0.00434467449322 0.02133317248 -0.00361035493089 -0.00462184622046 0.0181642315985 -0.00859058705546 0.0095245080169 0.00984487857823 0.00347539845262 0.0016444405334 0.0170285850578 -0.00484597569951 -0.000298309376937 -0.00239392298405 0.0140305061082 0.00820456544559 -0.0060706504492 0.000615633156869 -0.00480105654464 0.00925265356882 -0.00618942906347 -0.00528051224187 -0.010619849456 0.016376487621 -0.00383248559238 0.223119441575 0.00187883184671 0.02008026225 -0.00585256558606 0.0153732373998 0.00190002231804 0.0183607982858 0.0166672777821 0.00657694898729 0.0123998753431 0.003214005011 0.00567653201657 -0.00608948375203 0.0115808619723 0.00857839050989 0.015433673356 0.00396176657881 0.00321745242893 
-0.00329778840571 0.0175972238139 0.0177211759221 0.0226658479688 0.0250772791695 -0.000416487730167 0.0548414172673 0.0216288985243 0.0300487622068 0.00628277572266 0.0200682582872 0.0147937560958 0.0224114575558 0.0184167978174 0.0224738935422 0.0343852313355 0.0130710949811 0.00370575491772 0.0786290068593 0.0182022515133 0.0157460613535 0.0308123775867 0.0720757867459 0.0252397507117 0.00370532479776 0.0354895248446 0.015764000968 0.00963607500431 0.0296876082215 0.00184648108415 0.0124265277096 0.00817071894506 0.00187883184671 0.333374199151 0.0311832803381 0.0457609952668 0.0278517413016 0.0179855299379 0.0169659059613 0.00555908395523 0.00122320839487 0.0207249891861 0.0333290044805 0.00938796694209 0.00337425209795 0.0181557303734 0.0180689998058 -0.0058670028957 0.00493662352257 0.012886096831 
0.00733603359394 0.010043062428 -0.0174283488093 0.00815068016543 0.0084301897187 0.00179304531269 0.0178307998078 0.00832184228269 0.0260600519301 0.00160733568674 0.00702663437902 0.00987444323241 -0.00243112191836 0.0171766072983 0.0193009083145 -0.00438872295306 0.00514029089781 0.00988968637418 0.0517397550818 0.0184426306653 0.0115742701087 0.0279680305095 0.0144389214099 -0.00437907869419 0.0184839903254 0.00578543992153 0.0022510529202 0.00105847984422 -0.0063029398971 -0.00681025559393 0.0161066748447 0.0122385833127 0.02008026225 0.0311832803381 0.175870209874 0.0151613632528 0.0147542777056 0.013156747744 0.0185445522726 0.00770162181656 0.00886272714233 -0.00066786252566 0.00148125089537 0.0158781911332 0.00422745761963 0.0236035906573 0.00246525539613 0.0105828160627 0.00937967638586 0.00901703851172 
0.00811838940167 0.0134037727468 0.00825873533279 0.0132717754367 0.0211265422202 0.00849730181282 0.0545290803646 -0.00158217517501 0.0579884167376 0.010715414104 0.00221928529766 0.0114626817303 0.048793072069 0.0150377953452 0.0188919433664 0.139532248715 0.013144664524 0.01051391705 0.0468566782791 0.0137937753007 -0.00868237896016 0.0493510781138 0.0713211660357 0.0166912864538 0.0273457126566 0.0715462979598 0.0472260422318 0.0680193599313 0.0189258630044 0.00151088409815 0.0158510197317 0.0203977370593 -0.00585256558606 0.0457609952668 0.0151613632528 0.991551074639 0.00424023548458 0.00685667907972 0.0709472005757 -0.00963346254375 -0.0142186720066 0.0395501767797 0.0482195534044 0.0166160380473 0.00750126649247 0.0148198469955 0.0715211514124 0.03462754288 0.0120893413825 0.00671193485095 
0.0122704743658 0.0205714386499 0.00305663576374 0.0139947661545 0.00971723067562 0.0230172038266 0.0278073398554 0.0235316122512 -0.00333304843145 0.0110148774641 0.015751586225 0.0262521991782 0.00831143073207 0.0128198094623 0.0168347839157 0.0387777729683 0.00984539210825 0.00645948579225 0.0138752181518 0.00047520160191 0.00635604108696 0.00451681080127 0.0263501016383 0.00730990878485 0.0134197953502 0.011152287467 0.0194847207636 0.00519058436491 0.0105079401027 0.0191278516117 0.0144038606271 0.0115955453908 0.0153732373998 0.0278517413016 0.0147542777056 0.00424023548458 0.202779038697 0.0118703937405 0.0189609606133 0.0134700244841 0.00714874448495 -0.00181157448711 0.0126913995543 0.00838352838342 0.00970469959167 0.0258566825553 0.00724036567127 0.0127624305496 0.00665963842994 0.00115226448105 
0.00887688433909 0.0535108032135 -0.013701767014 0.0119749118722 0.0088091483661 0.0521050743412 0.0177662035203 0.0404428812729 0.0134849165296 0.015049477066 0.0152438500834 0.00496167330904 0.0100446358332 0.0281664018117 0.00631432436591 0.0177387907392 0.00704634114108 0.01966983985 0.00948689256465 0.0348366885317 0.0180934488643 0.0302604168987 0.0279002932109 0.0176728748154 0.0205905444813 0.0163035239753 0.0254875782526 0.0399627253851 0.00427836296262 0.0104877465161 0.0252899786427 0.0228100446869 0.00190002231804 0.0179855299379 0.013156747744 0.00685667907972 0.0118703937405 0.243489794343 0.0316169814354 0.00643419747094 0.00827660429319 0.0101715674536 -0.00296849466577 0.030671835564 0.00847073647052 0.0403057322282 0.0176543282131 0.00277920491847 0.0204664669891 0.00678387528095 
0.00741707611935 0.0197300990961 0.00784909195651 0.0249580559988 0.0256147970935 -0.0147462880335 0.0438739272183 0.00923120081009 0.0269679775807 0.0201947183065 0.0390613058037 0.0114116130442 0.0351807741338 0.0189922322697 0.0317698249071 0.0458141673202 -0.00114468846243 0.00785737032002 0.0100218272262 0.0260605583759 0.0121849669252 0.0346929371092 0.0670057864037 0.0138957710382 0.0133200167791 0.124426961739 0.115329358719 0.0641961037647 0.0271668385549 0.00483561330747 0.0241809761433 0.0246974486812 0.0183607982858 0.0169659059613 0.0185445522726 0.0709472005757 0.0189609606133 0.0316169814354 0.422626230022 0.0105231361246 0.00962394639869 0.0353744783947 0.0439769653832 0.0194092678207 -0.00321428994544 0.0335924586673 0.0542800222296 0.0190758157234 0.0455271991921 0.0159445063549 
0.0131544495771 0.0161933135503 0.00143385762579 0.0101937750651 0.0133497071705 0.0467555700566 0.00991893767333 0.0179571490704 0.00636570513055 0.0392143328464 0.00600698723193 0.00988352516086 0.00525346546665 -0.00360792471702 0.0165062680505 0.0343618825703 0.00884561110265 0.00796435910679 0.00977693764036 0.00246810414886 0.0134597214765 -0.00418074851683 0.0376914664037 0.00330665415415 0.0197867221905 0.0170270510944 0.0205522199415 0.00607661058844 0.00503030541436 0.00396960309257 0.0157392109774 0.0214747107204 0.0166672777821 0.00555908395523 0.00770162181656 -0.00963346254375 0.0134700244841 0.00643419747094 0.0105231361246 0.349588657657 0.0124412071535 0.0227614913292 0.0171262014099 0.0244470545716 0.0180305391278 0.0384865062843 0.00901646142692 0.0146104249563 0.00385807675445 0.00371999008994 
0.0553126534359 0.0291293976278 0.0354964110801 0.0493666735116 -0.00200140189515 0.0270672492514 0.00123756555454 0.0222415647809 0.0117861096204 -0.00407906514354 0.00994041135705 -0.00617192266273 0.0138584012343 0.0229018231385 0.00252399624156 0.0321838983246 0.00329609706517 0.0200677305879 0.00291188237645 0.0159721651675 0.00357598214948 0.0104122827118 0.0127366583175 0.0183984237545 0.0183445958562 0.0233167962424 -0.00132704389038 0.00661613758982 0.00713711619961 0.00730954525872 -3.39616828163e-05 0.0294045511172 0.00657694898729 0.00122320839487 0.00886272714233 -0.0142186720066 0.00714874448495 0.00827660429319 0.00962394639869 0.0124412071535 0.183632319485 0.0178073069244 -0.0020760502588 0.0138721342804 0.0381436048568 0.0212407667575 0.00695008310806 0.00210420842013 0.0144096309755 0.00705024139278 
0.0149018658394 0.0177544293809 0.0413636707788 0.0209654698537 0.033332383962 0.0178855534323 0.0240753876157 0.0162406947106 0.0425398652208 0.0124263383493 -0.00505340891725 -0.00375261447374 0.0326401638046 0.000548683766664 0.0151035763564 0.0493240422096 -0.00607033563722 0.0184526872754 0.0132232966688 0.0160047051687 0.0106780006257 0.0315567768457 0.0562060381067 0.0347784205441 0.0133461842023 0.0550869246046 0.0445998806232 0.0187508440479 0.0160047638296 -0.00278657943717 0.0113595432565 0.0181454953476 0.0123998753431 0.0207249891861 -0.00066786252566 0.0395501767797 -0.00181157448711 0.0101715674536 0.0353744783947 0.0227614913292 0.0178073069244 0.377600080598 0.0322140990279 0.00380393613938 0.00677645854783 0.0132080012666 0.0111120447935 0.0217804217097 0.0141135763248 0.0182728240442 
0.00690925457222 0.0287188035268 0.00265949314416 0.0190341918212 0.0227307089096 0.0254976089482 0.0350790130535 0.0168362368035 0.0112254126884 0.00885519183849 0.0158719752194 0.0258233225734 0.015774641224 0.0151876063921 0.00987477194899 0.0207702957207 -0.00431571718181 0.0116144915718 0.0308641704095 0.0177349850017 -0.00414300634051 -0.00223311988182 0.00929408616638 0.0195889896501 0.0221838832474 0.0437744787909 0.0248054314596 0.0290506438529 0.0251906405854 0.0292602674689 0.0290186552072 0.0139293192155 0.003214005011 0.0333290044805 0.00148125089537 0.0482195534044 0.0126913995543 -0.00296849466577 0.0439769653832 0.0171262014099 -0.0020760502588 0.0322140990279 0.296761663433 0.0103991393505 0.00742288655881 0.0197731703068 0.0181277259081 0.0115833848925 0.0132490420564 0.0167935857197 
0.0216872982024 0.0198832721825 -0.00373308921243 0.015810226901 0.0239173973898 0.0161284088203 0.0292016872935 0.00606187240907 0.00755922968538 0.00631969709405 0.0123995140921 0.0206452897698 0.0156544424693 0.00845020841157 0.0143123750537 0.0292455627114 0.00568435054254 0.0081479799633 0.00885892057621 0.0307933872288 0.0182068935762 -0.00860821077776 0.0483105702461 0.0251660991773 0.0168018177665 0.0114408271237 0.0211840375291 0.0221076401881 0.0252925078912 0.0265549439589 0.0154069290311 0.0108193228442 0.00567653201657 0.00938796694209 0.0158781911332 0.0166160380473 0.00838352838342 0.030671835564 0.0194092678207 0.0244470545716 0.0138721342804 0.00380393613938 0.0103991393505 0.25085826695 0.0119171398504 0.0427456632685 0.0189875678897 0.0177450192369 0.0101356813276 0.0100054519229 
0.0451278631731 0.00651124588601 0.0216417455947 0.0344511145384 0.0180191898133 0.0372076649052 0.00410131318433 0.0063326613949 0.0300171224946 0.00433351986545 -0.00757625103553 0.00769456386401 0.00184324155044 0.0185734729187 0.00219795161269 0.0189950912605 0.0142501093507 0.022567011503 0.0146699018515 0.0225222746729 0.0072288784982 -0.00607960008002 0.0167632924916 0.019958120605 0.0110717971863 0.0111220687285 0.00901690677695 0.014812179393 0.0208680968645 0.00194138520073 0.000851786993869 0.0234952342 -0.00608948375203 0.00337425209795 0.00422745761963 0.00750126649247 0.00970469959167 0.00847073647052 -0.00321428994544 0.0180305391278 0.0381436048568 0.00677645854783 0.00742288655881 0.0119171398504 0.198103478595 0.00818303871643 0.0200574842282 0.00547073787448 -0.00313283994072 -0.000927427631924 
0.0204947370312 0.0430943979538 0.00921465412035 0.0220152897222 0.0040745541868 0.0233475096832 0.0341150014825 0.0325773729055 0.0203462248817 0.0317565163253 0.0254429926942 0.0145499682649 0.0196371214183 0.0249064633747 0.0138138031259 0.0318063396601 -0.00100320612592 0.0113916840312 0.0119182890901 0.0202706205057 0.0153850213244 0.0106958006368 0.0428412707798 0.0114961631455 0.0282034116769 0.0172301392593 0.0340456675613 0.0275255066435 0.0170184376816 0.0201366048976 0.00543342759512 0.0124229258563 0.0115808619723 0.0181557303734 0.0236035906573 0.0148198469955 0.0258566825553 0.0403057322282 0.0335924586673 0.0384865062843 0.0212407667575 0.0132080012666 0.0197731703068 0.0427456632685 0.00818303871643 0.200239008969 0.0329838058455 0.0199708243768 0.0220323660051 0.00816408646512 
0.019180935632 0.0233798154881 0.0155301528608 0.0212538911767 0.0165834003891 0.0107970599761 0.0249869311225 0.014432072199 0.0171087696578 0.0144632518899 0.0256705986269 0.0308177810932 0.0309173310177 0.0118241992185 0.034528129749 0.0343000014156 0.00460951255707 0.00303719824472 0.0402667052449 0.0137853476317 0.000468291075432 0.0256586590408 0.0393350793509 0.0318222863583 0.0140530676866 0.0574867661908 0.0430112417915 0.0560768143691 0.0486525159005 0.0238280641766 0.0339926698549 0.028351221937 0.00857839050989 0.0180689998058 0.00246525539613 0.0715211514124 0.00724036567127 0.0176543282131 0.0542800222296 0.00901646142692 0.00695008310806 0.0111120447935 0.0181277259081 0.0189875678897 0.0200574842282 0.0329838058455 0.423874177952 0.0189369363924 0.047959154077 0.009002679235 
0.00619406278101 0.0101303092815 0.0152312511914 0.0218119509966 0.014231182528 0.0180051520615 0.018440782621 0.0100289339111 0.00693878868509 0.0168581928245 0.0257951660804 0.0179442479783 0.0182528681686 0.0145567220162 0.0361632644173 0.0132571985657 0.00420641926903 0.00790548672779 0.0173942011962 0.00286900515298 0.00737462137657 0.010231583087 0.0241291479737 0.0195041038582 0.0144778861431 0.0177749462901 0.0300042532677 0.0109524318122 0.0210745950878 0.0375879985092 0.0120464438534 0.0149037758701 0.015433673356 -0.0058670028957 0.0105828160627 0.03462754288 0.0127624305496 0.00277920491847 0.0190758157234 0.0146104249563 0.00210420842013 0.0217804217097 0.0115833848925 0.0177450192369 0.00547073787448 0.0199708243768 0.0189369363924 0.292256968981 0.0273245541154 -0.004756919342 
