50
0.0700025840065 0.044891801276 0.0545934085328 0.070265204238 0.0441448787565 0.0418020448473 0.0153161335694 0.0472748306646 0.0442318588416 0.0878126089614 0.00422555400052 0.13159191543 0.143796644659 0.125871369107 0.0266110290159 0.044344522835 0.0785675118811 0.0179151897049 0.0538205376978 0.0331056926512 0.0268988212896 0.0486959213786 0.0155341374053 0.0231907610599 0.199130076205 0.0220203869342 0.0253425298527 0.0347696809731 0.0414012394119 0.0800378705657 0.0426672552596 0.0743289823458 0.0355019489908 0.061476397973 0.0191748751409 0.0695535734162 0.104005811155 0.0791308905459 0.135299445153 0.0413167922229 0.0295384146509 0.0380288664812 0.005148759701 0.045915457725 0.0576577356707 0.0308834605432 0.136312174374 0.0784336943662 0.0297209295042 0.0215013837744 
0.323664417136 0.0227374425704 0.00201009886236 0.0147117118034 0.0133465030892 0.000173986498744 0.00156540311711 0.0150225036734 0.0099553589618 0.00719528026922 0.0223528725989 0.0143518303772 0.0283885217128 0.00228145037275 0.0280865482342 0.0148326837782 0.0311360670129 -0.00580729722782 0.00778216984682 0.0159621918262 0.00269555652054 0.0170878112973 0.00322965613106 0.00803772627033 0.00549706127579 0.00462055945729 0.0272646872841 0.0253937088639 0.00724306892379 0.0098861568968 0.0119936265944 0.0231365213479 0.0136392969007 0.0137525929139 0.00535064726508 0.011215597758 0.0119952354846 0.0252175757548 0.014082398884 0.0149084650289 0.00733757066612 0.00960412830204 0.00381303458117 0.00436684972404 0.0130578465313 0.00342272095703 -0.0295569771199 0.0125666173804 -0.00593036203846 0.00982163187899 
0.0227374425704 0.330505946826 0.0294696839919 0.0167591350044 0.0208276174452 0.0156097122163 0.00696611436249 -0.00132969600708 0.0272967823629 0.0270672952023 0.0172526734878 0.0344953474194 0.0535611113986 0.0215951103231 -0.000426425225575 0.0362509201991 0.00246143727091 0.00665902274136 0.0155512699782 0.0201090105146 0.0125975802186 0.0145052822568 0.0031756941308 0.0107145415914 0.0215455258477 0.0155109460753 0.0159794792856 0.0252739281179 0.0163322705392 0.0155112965525 0.0220327789091 0.031352054998 0.0132104664725 0.0201427979416 0.0114800266987 0.00596601624771 0.0297119896223 0.012341062676 0.040852597055 0.0332512126639 0.0225109171723 0.0165868853089 0.0113638503299 0.020804673952 0.0320676650372 0.0181592206683 -0.00936329891724 0.0258035493695 0.0571563800337 0.0165437438369 
0.00201009886236 0.0294696839919 0.247967803585 0.000364142889387 0.0488821898031 0.0669190801821 0.00362391517006 0.0162277468144 0.0381108225696 0.0250347222348 0.0194293035579 0.0607241434151 0.0641325754649 0.00712736764897 0.00657107841364 0.0604244552441 0.0154721162307 0.0192685346415 0.0127988670529 0.0171759252207 0.0109870958081 0.0162944624956 -0.0050938246276 0.0134948129724 0.0526960320604 0.0317334131834 0.0176846561382 0.0432772539818 0.024999963696 0.0421747490167 0.0253302210412 0.0297419556985 0.0271076259207 0.0330330464456 0.0318074573519 0.00495004735104 0.0625756586049 0.00677227479778 0.0406928125743 0.0153620146153 0.0098034389255 0.0281172458895 0.0016572801144 0.0195906346301 0.0338618485355 0.0178682492137 -0.00752669094613 0.0257194991477 -0.00123979987127 0.015678919476 
0.0147117118034 0.0167591350044 0.000364142889387 0.979976086541 0.0095042416317 -0.00129892952203 0.00495505305288 -0.00361224371622 0.0132660164539 0.00499145332163 -0.00939816669552 0.0389707100731 0.022278060391 0.00292021060725 0.00279286055004 0.00840836602696 0.00244937241039 0.0025672170991 0.014876131337 0.00949474910568 0.000574259029294 0.0122198140508 0.00435201246317 0.0111181220873 -0.0358961357491 0.0132343955483 0.00565715389673 -0.00128046871031 0.00510942529201 0.014663968082 -0.00226205635926 0.0136258664378 0.00224719756434 0.0144308031288 0.0128321171356 0.011650162011 0.0269266715953 0.00376970933564 0.0271344933835 -0.00815347598358 0.0450849731213 0.0142673073775 -0.0058332554435 0.00355664821229 -0.00476185922065 0.0251069229504 -0.00135874287179 0.0050025242105 -0.00505058905031 0.000789814032468 
0.0133465030892 0.0208276174452 0.0488821898031 0.0095042416317 0.235538109128 0.0475198136345 0.0214328930728 0.0128514410915 0.0316599629109 0.024405887146 0.00949324524415 0.0109818831708 0.0481572251338 -0.00340466514332 0.0141210700553 0.0371630415139 0.00141419902535 0.00349100730679 0.0512330047177 0.0383130999076 0.018901652433 0.048159558693 -0.00248033329906 0.025215639121 0.0306218840053 0.018538687198 0.0271046513304 0.0232269982411 0.0298032780649 0.0191980222382 0.0367632101655 0.0556167026533 0.00998050003985 0.0357076063807 0.0196146609698 0.0208259981336 0.0272008832171 0.000948695744304 0.0200082505887 0.0326288788842 0.0257369576188 0.0274332332768 0.00824544777261 0.0204623184702 0.0312904112779 0.0334004246032 -0.0101730326714 0.011072687162 0.00059696774857 0.022841210454 
0.000173986498744 0.0156097122163 0.0669190801821 -0.00129892952203 0.0475198136345 0.244974334253 0.0123783919964 0.00873295528027 0.0304233098634 0.0107914907165 0.0101438822627 0.0434318422335 0.0344205830606 0.003844284016 0.0202334717959 0.0341118399283 0.0226257335822 0.00678642089548 0.0160343120753 0.0179233377793 0.0117388840876 0.0131639758272 -0.00556927723584 0.0148101522294 0.0372011958209 0.0252076678801 0.0129619370071 0.0192160394477 0.00270133927092 0.0230218328433 0.0253464807568 0.0319429256465 0.0285451189686 0.029734093539 0.0231760224817 0.00118623488474 0.0487306187832 0.0131099284229 0.0135601148547 0.00575328879118 0.023819554926 0.0161385325185 0.00800903277555 0.00539010180197 0.0231694311637 0.00634516115704 3.48308706253e-05 0.00563758905966 -0.00407664351149 0.00641798742941 
0.00156540311711 0.00696611436249 0.00362391517006 0.00495505305288 0.0214328930728 0.0123783919964 0.144863404967 -3.10670357571e-05 0.0163231472464 -0.00146547952844 0.00139736233283 0.0250825167262 0.0220150303937 0.00202995787838 0.0173360785823 0.00687296452257 0.0197791382273 0.0175917077671 0.0138771223734 0.0437750043037 -0.00216408415374 0.0178472248252 0.00505279626187 0.00410112577365 0.0157929150577 0.00375698068936 0.00706205242507 0.00446230880892 0.0117719479064 0.00514374846382 0.024882539867 0.019782696761 0.00265445998644 0.0161476222214 0.0171570151505 -0.00201796501024 0.00892958764319 0.00316646624737 0.016466031433 0.0138912404467 0.00800915632089 -0.000683734514648 0.0140710292362 0.018017618874 0.0183954433465 0.0205938238824 -0.0114815604494 0.0086710278224 -0.000804982431888 0.00097916283788 
0.0150225036734 -0.00132969600708 0.0162277468144 -0.00361224371622 0.0128514410915 0.00873295528027 -3.10670357577e-05 0.356011751032 0.011732805399 -0.00966206058401 0.00738250702031 -0.00703939629496 0.00908465624329 0.00277627677375 0.0117072386978 0.0206600188056 0.0285760155484 0.00546703024433 -0.00330182834717 0.00341297609388 0.00479485970966 0.00744191327862 -0.00339024368915 0.0207229032206 -0.008458884044 0.00103694349623 -0.003499022963 0.0188283172196 0.00519989138692 -0.00365110329475 0.00466628977855 0.0104353540045 0.00737843846218 0.00882544337042 0.0114539887596 -0.0036274073404 0.00704712689737 0.0262856398022 -0.0043106996722 0.0146519650179 0.013603236623 0.00920900813523 0.00468343030043 -0.00137506393365 0.00914262384545 0.0144115583451 -0.00753773456198 0.0345438991214 0.00769206010445 0.00653789879633 
0.0099553589618 0.0272967823629 0.0381108225696 0.0132660164539 0.0316599629109 0.0304233098634 0.0163231472464 0.011732805399 0.232859927009 0.0277039913372 0.0130981490536 0.0210922899889 0.0361260416689 0.0174380011798 0.0233299526771 0.0244451055524 0.0246365202068 0.00727487453143 0.0227793878574 0.012694604421 0.0318609891127 0.0224747600481 0.0041187530466 0.0194158495051 0.0369175449715 0.029034657419 0.00891711237213 0.0401371953424 0.0200967212157 0.0235147373047 0.0297398562138 0.0340725164489 0.0547160764712 0.0189086548082 0.010889430263 0.0251175985643 0.0167770245723 0.00288555393948 0.0447919189904 0.0180554008141 0.0264923242335 0.0162971210573 0.00232864198896 0.0092050127037 0.0272457140737 0.024820845962 -0.012202118223 0.0115164202322 0.0144809552309 0.0149166372782 
0.00719528026922 0.0270672952023 0.0250347222348 0.00499145332163 0.024405887146 0.0107914907165 -0.00146547952844 -0.00966206058401 0.0277039913372 0.470193378376 0.00527809199461 0.0280108859511 0.0563857878204 0.0186156746424 0.0116437623819 0.0121630978206 0.0107466972792 -0.0133862667152 0.023441433818 0.00850061592329 0.0152396208595 0.0303650532616 0.00828799191843 0.0233966581766 0.0214803838233 0.0128868204683 0.0161142075287 0.035669903029 0.0101005897948 0.0679726364595 -0.000850564500753 0.0527345848226 0.0225362887824 0.0396195429801 0.00091796762876 0.0141001534916 0.0289095680043 0.0180387066882 0.0301809204734 0.00858882960369 0.0100140198066 0.0766861365828 0.00560787971937 0.0303317529224 -0.000360939841846 0.0312036402443 0.0155781253008 -0.00513997380901 -0.00453138842538 0.0347512638923 
0.0223528725989 0.0172526734878 0.0194293035579 -0.00939816669552 0.00949324524415 0.0101438822627 0.00139736233283 0.00738250702031 0.0130981490536 0.00527809199461 0.268936471851 0.0261736722394 0.0574391227869 0.0191556079302 0.0171317420691 0.011420684935 0.00991751811851 0.0233949195216 0.0464334853565 0.0135852062396 0.00638596667954 0.000418517514905 0.0232696070148 0.00465563429739 0.0257494134849 0.0176082551007 0.00961515201021 0.0158899894298 0.00843686841422 0.0108681521656 0.00631821586601 0.0134833772766 0.0187133278634 0.0172097270451 0.0103371110043 -0.00229747955294 0.00868981437761 0.00428826722558 0.0169251797213 -0.000921743010423 0.0220933981155 0.0281265002513 0.00561191298311 0.016358598109 0.0223644852151 0.0101326246308 0.000137929114618 0.0169783190502 0.0025090703863 0.0131365313105 
0.0143518303772 0.0344953474194 0.0607241434151 0.0389707100731 0.0109818831708 0.0434318422335 0.0250825167262 -0.00703939629496 0.0210922899889 0.0280108859511 0.0261736722394 0.488555568373 0.077999312606 0.00342033614148 0.0373185754909 0.042968249335 0.000903731335286 0.0271296634408 0.0152892018403 0.0379965620199 -0.0102757252487 0.0155605686862 0.0171994194013 0.00718796358473 0.092026381589 0.0204092684866 0.00120201989584 0.026120824344 0.0206920445423 0.0167142906224 0.0224287883303 0.0457965025044 0.0181580064548 0.0305071329123 -0.00139256490645 -0.0101644444762 0.0279454698559 0.0273014445893 0.244855756523 0.0185880738789 0.00885526737389 0.0318114244163 -0.00156261312928 0.0266027898089 0.0276276325972 0.00774383034213 -0.00133050566938 0.00256159131872 -0.00380364183467 0.0274440868075 
0.0283885217128 0.0535611113986 0.0641325754649 0.022278060391 0.0481572251338 0.0344205830606 0.0220150303937 0.00908465624329 0.0361260416689 0.0563857878204 0.0574391227869 0.077999312606 0.618344822637 0.0505782023914 -0.000116628327218 0.0378348036379 0.029302983579 0.0188834784774 0.0270474463465 0.0240365781503 0.0180002358166 0.0559029634611 0.030486035104 0.0293990538598 0.0858491792324 0.0432315272638 0.0226315846514 0.0409217585685 0.0246594526055 0.0332087832375 0.0274343362466 0.109983048575 0.0174779565077 0.105369771309 0.0376056962865 0.0243556350463 0.0356657839406 0.0348437336072 0.0738904502827 0.0397590472271 0.0394948370343 0.0431744029112 0.014876902469 0.041148680557 0.0319574196748 0.0186751760306 -0.0171140869832 0.0207270342196 0.0166366263356 0.0330042660857 
0.00228145037275 0.0215951103231 0.00712736764897 0.00292021060725 -0.00340466514332 0.003844284016 0.00202995787838 0.00277627677375 0.0174380011798 0.0186156746424 0.0191556079302 0.00342033614148 0.0505782023914 0.836268580303 -0.0182035631622 -0.00238855755875 0.00057063592814 -0.0165097550965 -0.00989619322289 -0.0106817439457 0.00971941891681 0.0108958563849 -0.00248120032189 -0.010665052668 0.00221335142461 -8.14090594551e-05 0.00193526177846 0.0011713416475 -0.0100278340847 0.00931930043474 -0.00775464105467 0.00402464104254 -0.000450692783235 0.01031494726 0.00682279020389 -0.0106601948764 0.0375345384209 -0.0192235820646 0.00326211058828 0.00295887320896 0.00415364921953 0.111297855772 -0.00371294152423 0.0157860517316 0.000681937146529 -0.000700520044144 -0.0376695361629 -0.00489497250664 -0.00481631451174 0.0123497822683 
0.0280865482342 -0.000426425225576 0.00657107841364 0.00279286055004 0.0141210700553 0.0202334717959 0.0173360785823 0.0117072386978 0.0233299526771 0.0116437623819 0.0171317420691 0.0373185754909 -0.000116628327218 -0.0182035631622 0.287243517027 0.0173095826133 0.00405375641885 -0.00237312360936 0.017914542385 0.0248082472521 0.00991550209263 0.0176436284634 0.00607943474315 -0.0122869748778 0.0212272011541 0.0103735526561 0.00870600599613 0.0221582480854 0.0135082123158 -0.00142599765435 0.0108606120285 0.0130630112698 0.0289200634115 0.00545299840891 0.0135629706294 0.00304225890988 0.00145049113536 0.000741751815289 0.0193297741561 0.0233428033916 0.0173286843266 0.018491722601 0.00247019857884 -0.00597105661339 0.0176647878958 0.0180649632558 -0.0168090209571 0.00959268032091 0.00492969441802 0.0182756118744 
0.0148326837782 0.0362509201991 0.0604244552441 0.00840836602696 0.0371630415139 0.0341118399283 0.00687296452258 0.0206600188056 0.0244451055524 0.0121630978206 0.011420684935 0.042968249335 0.0378348036379 -0.00238855755875 0.0173095826133 0.190056769169 0.0210877880428 0.004240440635 0.0197323071425 0.0226449382123 0.0167167032179 0.041629073094 0.00394233966574 0.0131256505769 0.0537023762091 0.0206192380039 0.0272414117814 0.0280426420705 0.011590463001 0.0424759388731 0.0251580281748 0.0394363722151 0.028430557313 0.0385000259494 0.0143129638442 0.0053974308315 0.0481758667372 0.000356652374887 0.0258595135458 0.0232184254287 0.0200191783984 0.0242858128451 0.00749805875547 0.017089747734 0.0227117091291 0.0122999566105 0.001806084475 0.016667114448 0.00331974822911 0.0238654321774 
0.0311360670129 0.00246143727091 0.0154721162307 0.00244937241039 0.00141419902535 0.0226257335822 0.0197791382273 0.0285760155484 0.0246365202068 0.0107466972792 0.00991751811851 0.000903731335286 0.029302983579 0.00057063592814 0.00405375641885 0.0210877880428 0.535445062181 0.0369223127508 0.00598927666183 0.00643576105047 0.0135024225307 -0.00903480760653 0.0189511059005 0.0116346326288 -0.00421050113524 0.029873433188 0.01956688182 0.0190499969648 0.00967033745933 0.0417129606105 0.0130248824949 0.0145320312086 0.0219025109166 0.0206996471528 0.00372197947446 0.0370838219199 0.020411796023 0.0206410957487 0.0221031320883 0.019064886126 0.0119933732092 0.0190490976472 0.0101338265299 0.00300466183482 0.0224572951292 -0.00215189993049 -0.0275657409347 0.00623856687278 -0.0152731535309 0.0173414265921 
-0.00580729722782 0.00665902274136 0.0192685346415 0.0025672170991 0.00349100730679 0.00678642089548 0.0175917077671 0.00546703024433 0.00727487453144 -0.0133862667152 0.0233949195216 0.0271296634408 0.0188834784774 -0.0165097550965 -0.00237312360936 0.004240440635 0.0369223127508 0.308397643622 0.00234231485499 0.00660730380145 0.00283307685829 0.00935669804419 0.011094100848 0.0111651731766 0.0252134782763 0.0240121386631 -0.000699398241717 0.00875502586228 0.0149979581036 0.00980941386749 0.0192838655199 0.0149011332669 0.0122889763297 -0.00579933374853 0.0168307970668 0.0023439162898 0.0186969569052 0.00156683013253 0.00231550644356 0.00593562769247 0.00503015542517 0.00286121366546 0.00297526588241 0.00465165408781 0.0178878764218 0.0239497594531 -0.00311215933039 0.00527577604674 0.00979861851623 0.00765117735769 
0.00778216984682 0.0155512699782 0.0127988670529 0.014876131337 0.0512330047177 0.0160343120753 0.0138771223734 -0.00330182834717 0.0227793878574 0.023441433818 0.0464334853565 0.0152892018403 0.0270474463465 -0.00989619322289 0.017914542385 0.0197323071425 0.00598927666183 0.00234231485499 0.284363928513 0.0184802174747 0.00262256828035 0.0379330640077 0.0257189344918 0.0387866601088 0.00925411629541 0.0286924054554 0.008168053601 0.0120744415246 0.0223046461602 0.0173511221463 0.0317212103945 0.0337577535439 0.00746318508133 0.0394307231278 0.0132586468884 0.0128897986328 0.0277191223415 0.0145672887411 -0.00701123622524 0.0195678211946 0.0673906628683 0.0205446335743 0.0100825392764 0.019061916956 0.0262195126247 0.0344723228726 0.00358888193827 0.0103814443829 0.00872305931424 0.0329920421336 
0.0159621918262 0.0201090105146 0.0171759252207 0.00949474910568 0.0383130999076 0.0179233377793 0.0437750043037 0.00341297609388 0.012694604421 0.00850061592329 0.0135852062396 0.0379965620199 0.0240365781503 -0.0106817439457 0.0248082472521 0.0226449382123 0.00643576105047 0.00660730380145 0.0184802174747 0.208495978919 -0.000704828898108 0.0287898360193 -0.00179290823412 0.00483484110111 0.0197901221219 -0.0032457323814 0.00683262997226 0.0221969163462 0.00805760556279 0.0104772127905 0.0324860759224 0.017587551753 0.0155279973985 0.0167244634921 0.0218723697512 -0.0008317482546 0.0136949136199 0.00205189426064 0.0404626840598 0.0238986173276 0.0161916288868 0.00946574282297 -0.00204673014092 0.0102271671183 0.0250161009114 0.0218604391392 -0.00126845273713 0.0188784787613 0.00642880870603 0.0099174227301 
0.00269555652054 0.0125975802186 0.0109870958081 0.000574259029295 0.018901652433 0.0117388840876 -0.00216408415374 0.00479485970966 0.0318609891127 0.0152396208595 0.00638596667954 -0.0102757252487 0.0180002358166 0.00971941891681 0.00991550209263 0.0167167032179 0.0135024225307 0.00283307685829 0.00262256828035 -0.000704828898108 0.220269880432 0.00447178521076 0.0150775134128 -0.00133596278062 0.00554370946299 0.00755288022984 0.0136939465251 0.00726852581922 -0.0020625757299 0.0150422204935 -0.0041112810819 0.0191098418654 0.0130235923397 0.0335889217922 0.00634432925915 0.00855653928955 0.0156400792111 0.0182327270932 -0.00149992581817 0.00569896528833 0.00972677103405 0.0131944829961 0.026751741621 -0.00120633679397 0.0207253312872 0.0140573230401 -0.0113768520136 -0.00705431789753 -0.00296700052856 0.0106895176752 
0.0170878112973 0.0145052822568 0.0162944624956 0.0122198140508 0.048159558693 0.0131639758272 0.0178472248252 0.00744191327862 0.0224747600481 0.0303650532616 0.000418517514905 0.0155605686862 0.0559029634611 0.0108958563849 0.0176436284634 0.041629073094 -0.00903480760653 0.00935669804419 0.0379330640077 0.0287898360193 0.00447178521076 0.194939816873 0.0204700253226 0.0248076719189 0.0304014374503 0.0238775854626 0.0227092645448 0.0133004110182 0.0118795690955 0.0149000836092 0.016847976221 0.0637703542688 0.0159803010999 0.0306000036455 0.0245223977629 0.0214398859596 0.0347184380008 0.00703132632037 0.0167023953129 0.0307354141677 0.0287803321223 0.014349548137 0.00708580229517 0.0274754328446 0.0130907143902 0.0259075814775 -0.0116801751441 0.0268375947139 0.0158007963803 0.0234103504562 
0.00322965613106 0.00317569413081 -0.0050938246276 0.00435201246317 -0.00248033329906 -0.00556927723584 0.00505279626187 -0.00339024368915 0.0041187530466 0.00828799191843 0.0232696070148 0.0171994194013 0.030486035104 -0.00248120032189 0.00607943474315 0.00394233966573 0.0189511059005 0.011094100848 0.0257189344918 -0.00179290823412 0.0150775134128 0.0204700253226 0.182496521503 -0.0023351288287 0.0186220959267 0.0130184527881 0.0067019795651 0.00226599077418 0.00123331168936 0.00124386013277 0.00166236126689 0.020324135225 -0.0164922817821 0.010601939285 0.0115569401259 -0.0109498994985 0.0226838427015 0.00896682992129 -0.00284814444388 0.014657560741 0.0118623051816 -0.00491984530848 0.0151670173924 -0.000582822875046 0.0101072011301 0.0196601676635 0.00461086521443 0.0145640006244 0.00304482443173 0.00908186666541 
0.00803772627033 0.0107145415914 0.0134948129724 0.0111181220873 0.025215639121 0.0148101522294 0.00410112577365 0.0207229032206 0.0194158495051 0.0233966581766 0.0046556342974 0.00718796358473 0.0293990538598 -0.010665052668 -0.0122869748778 0.0131256505769 0.0116346326288 0.0111651731766 0.0387866601088 0.00483484110111 -0.00133596278062 0.0248076719189 -0.0023351288287 0.224041959742 0.0125737222255 0.0353654554811 0.00485521263053 0.025501157583 0.00647418115735 0.0140421314277 0.0159696087309 0.0149303287648 0.0100432849746 0.00795415053999 0.00986836343886 0.00521351079549 0.0148077036097 0.00637928048597 0.000896520366934 0.00447078313225 0.0180929723319 0.00389396721624 0.0394933346362 0.0370319743843 0.0204395926474 0.0184254445362 -0.00291814917404 -0.00121439336767 0.00980338199444 0.0138288697323 
0.00549706127579 0.0215455258477 0.0526960320604 -0.0358961357491 0.0306218840053 0.0372011958209 0.0157929150577 -0.008458884044 0.0369175449715 0.0214803838233 0.0257494134849 0.092026381589 0.0858491792324 0.00221335142461 0.0212272011541 0.0537023762091 -0.00421050113524 0.0252134782763 0.00925411629541 0.0197901221219 0.00554370946299 0.0304014374503 0.0186220959267 0.0125737222255 0.610059940122 0.00956428197068 0.0079556033402 0.033013277295 0.00825333220135 0.0540826578538 0.0170462794536 0.0335026799524 -0.00450679802868 0.0543936898878 0.00923203176532 0.00478580297328 0.0108556935629 0.023977100785 0.120788226057 0.0319211257512 0.0124924376546 0.025645461874 0.0154508082357 0.0243719734893 0.00524920006431 -0.000565424501711 -0.0245595619184 0.00659948314304 -0.00429050752377 0.0215213483384 
0.00462055945729 0.0155109460753 0.0317334131834 0.0132343955483 0.018538687198 0.0252076678801 0.00375698068936 0.00103694349623 0.029034657419 0.0128868204683 0.0176082551007 0.0204092684866 0.0432315272638 -8.14090594547e-05 0.0103735526561 0.0206192380039 0.029873433188 0.0240121386631 0.0286924054554 -0.0032457323814 0.00755288022984 0.0238775854626 0.0130184527881 0.0353654554811 0.00956428197068 0.219165802843 0.0107588417027 0.014133360632 0.0136377836076 0.0183713516624 0.0243438571369 0.0234686646553 0.0207746065946 0.0181896092285 0.0344993845398 0.0129890361325 0.046116676416 0.00923878506294 0.011097898417 0.0090969877883 0.0263980384585 0.0130856318641 0.0152228844539 0.0408540003296 0.0128305222507 0.0234270987334 -0.00511158964113 0.00624348700927 0.0219465076491 0.0186500343385 
0.0272646872841 0.0159794792856 0.0176846561382 0.00565715389673 0.0271046513304 0.0129619370071 0.00706205242507 -0.003499022963 0.00891711237213 0.0161142075287 0.00961515201021 0.00120201989584 0.0226315846514 0.00193526177846 0.00870600599613 0.0272414117814 0.01956688182 -0.000699398241717 0.008168053601 0.00683262997226 0.0136939465251 0.0227092645448 0.0067019795651 0.00485521263053 0.0079556033402 0.0107588417027 0.190854254764 0.0109756914436 0.00642923828963 0.00717525489663 0.0124672781163 0.0295275952807 0.00614743557525 0.023039770119 0.00970752891455 0.0263476696743 0.0201294930561 0.00899673288735 -0.00370576522069 0.0132349016795 0.012421142072 0.0190533560879 0.00915820599253 -0.0030876943935 0.0173534684456 0.0173514848802 -0.0112303337557 0.0121513978189 0.0139034991143 0.0297830186386 
0.0253937088639 0.0252739281179 0.0432772539818 -0.00128046871031 0.0232269982411 0.0192160394477 0.00446230880892 0.0188283172196 0.0401371953424 0.035669903029 0.0158899894298 0.026120824344 0.0409217585685 0.0011713416475 0.0221582480854 0.0280426420705 0.0190499969648 0.00875502586228 0.0120744415246 0.0221969163462 0.00726852581922 0.0133004110182 0.00226599077418 0.025501157583 0.033013277295 0.014133360632 0.0109756914436 0.226106140026 -0.0105441550176 0.0360260598928 0.00987496623341 0.0210691804601 0.0139503535758 0.0247595513256 0.0142882511681 0.0131745299945 0.0392980644671 0.0060603580738 0.0167418729289 0.0194777735003 0.01049961742 0.0112269198117 0.0072227147847 0.0151550541632 0.010037528163 0.00598770991366 0.000523379640817 0.0163606670434 0.00383844775044 0.0129988430386 
0.00724306892379 0.0163322705392 0.024999963696 0.00510942529201 0.0298032780649 0.00270133927092 0.0117719479064 0.00519989138692 0.0200967212157 0.0101005897948 0.00843686841422 0.0206920445423 0.0246594526055 -0.0100278340847 0.0135082123158 0.011590463001 0.00967033745933 0.0149979581036 0.0223046461602 0.00805760556279 -0.0020625757299 0.0118795690955 0.00123331168937 0.00647418115735 0.00825333220135 0.0136377836076 0.00642923828963 -0.0105441550176 0.229350730404 -0.00473723811757 0.0606795862591 0.017601818738 0.0102159267371 0.020892818492 0.00550785026392 0.0489111739126 0.0174656712198 -0.00455391621235 0.0222287908212 0.0139938224756 0.0112729197028 0.0138147407192 0.0108800480589 -0.00518096089653 0.0594273328961 0.00611309089464 -0.00527721114432 0.0107469645256 0.0043371541243 0.0148643230342 
0.0098861568968 0.0155112965525 0.0421747490167 0.014663968082 0.0191980222382 0.0230218328433 0.00514374846382 -0.00365110329475 0.0235147373047 0.0679726364595 0.0108681521656 0.0167142906224 0.0332087832375 0.00931930043474 -0.00142599765435 0.0424759388731 0.0417129606105 0.00980941386749 0.0173511221463 0.0104772127905 0.0150422204935 0.0149000836092 0.00124386013277 0.0140421314277 0.0540826578538 0.0183713516624 0.00717525489663 0.0360260598928 -0.00473723811757 0.362293901765 0.0177472824261 0.0439290334627 0.00979801215947 0.0449722940669 0.00891940168619 0.0147113553687 0.0222948295985 -0.00800575505458 0.0107839725595 0.00911395469064 0.0100754995165 0.0254603236153 -0.00828826679072 0.0271201618328 0.0107458261404 -0.00466915285083 -0.0152842671067 0.00808146741713 -0.0136994482057 0.0245072774779 
0.0119936265944 0.0220327789091 0.0253302210412 -0.00226205635926 0.0367632101655 0.0253464807568 0.024882539867 0.00466628977855 0.0297398562138 -0.000850564500753 0.00631821586601 0.0224287883303 0.0274343362466 -0.00775464105467 0.0108606120285 0.0251580281748 0.0130248824949 0.0192838655199 0.0317212103945 0.0324860759224 -0.0041112810819 0.016847976221 0.00166236126689 0.0159696087309 0.0170462794536 0.0243438571369 0.0124672781163 0.00987496623341 0.0606795862591 0.0177472824261 0.18823098719 0.0239546785821 0.0109465394698 0.0196289094698 0.0252109764867 0.0100898521004 0.018382018733 0.0111626926666 0.0158525110054 0.0184439326364 0.0222162943608 0.0254636914468 0.0111477947428 0.00413970302385 0.0672738619137 0.0104362544692 0.00423552878285 0.00505240015841 0.0116410315079 0.0215947284879 
0.0231365213479 0.031352054998 0.0297419556985 0.0136258664378 0.0556167026533 0.0319429256465 0.019782696761 0.0104353540045 0.0340725164489 0.0527345848226 0.0134833772766 0.0457965025044 0.109983048575 0.00402464104254 0.0130630112698 0.0394363722151 0.0145320312086 0.0149011332669 0.0337577535439 0.017587551753 0.0191098418654 0.0637703542688 0.020324135225 0.0149303287648 0.0335026799524 0.0234686646553 0.0295275952807 0.0210691804601 0.017601818738 0.0439290334627 0.0239546785821 0.29425576308 0.0224879955226 0.0886331458962 0.0335154396673 0.0175133014326 0.0625120604195 -8.58885734445e-05 0.0352284286544 0.0412272708825 0.0274251408285 0.0286860240044 0.00113380081808 0.0301809538027 0.0256082438828 0.0225748900787 -0.0103856302183 0.0252901004856 0.00535426240046 0.036409347034 
0.0136392969007 0.0132104664725 0.0271076259207 0.00224719756434 0.00998050003985 0.0285451189686 0.00265445998644 0.00737843846218 0.0547160764712 0.0225362887824 0.0187133278634 0.0181580064548 0.0174779565077 -0.000450692783235 0.0289200634115 0.028430557313 0.0219025109166 0.0122889763297 0.00746318508133 0.0155279973985 0.0130235923397 0.0159803010999 -0.0164922817821 0.0100432849746 -0.00450679802868 0.0207746065946 0.00614743557525 0.0139503535758 0.0102159267371 0.00979801215947 0.0109465394698 0.0224879955226 0.308332151356 0.0259185929836 0.0191032985861 0.0094101715548 -0.00544764872239 -0.0103975271216 0.0206048513312 0.0102434834143 0.00439286175644 0.0202760095676 -0.010348753821 0.0270357586175 0.0147458509927 0.0204016440023 -0.0155651959374 0.0202968504193 0.0143115548983 0.0289465175856 
0.0137525929139 0.0201427979416 0.0330330464456 0.0144308031288 0.0357076063807 0.029734093539 0.0161476222214 0.00882544337042 0.0189086548082 0.0396195429801 0.0172097270451 0.0305071329123 0.105369771309 0.01031494726 0.00545299840891 0.0385000259494 0.0206996471528 -0.00579933374853 0.0394307231278 0.0167244634921 0.0335889217921 0.0306000036455 0.010601939285 0.00795415053999 0.0543936898878 0.0181896092285 0.023039770119 0.0247595513256 0.020892818492 0.0449722940669 0.0196289094698 0.0886331458962 0.0259185929836 0.25607304621 0.0406838241086 0.00837104281076 0.0436153283883 0.00192960818489 0.0223743493333 0.0187601143928 0.0159402198492 0.0193324033965 0.00937846609948 0.0314471832252 0.0205081987751 0.0291439740885 -0.0153185640371 0.0173604739023 0.0185405656317 0.013223143943 
0.00535064726508 0.0114800266987 0.0318074573519 0.0128321171356 0.0196146609698 0.0231760224817 0.0171570151506 0.0114539887596 0.010889430263 0.000917967628761 0.0103371110043 -0.00139256490646 0.0376056962865 0.00682279020389 0.0135629706294 0.0143129638442 0.00372197947446 0.0168307970668 0.0132586468884 0.0218723697512 0.00634432925915 0.0245223977628 0.0115569401259 0.00986836343886 0.00923203176532 0.0344993845398 0.00970752891455 0.0142882511681 0.00550785026392 0.00891940168619 0.0252109764867 0.0335154396673 0.0191032985861 0.0406838241086 0.172192086275 0.0140816665721 0.0343203327736 0.00209995665586 -0.00120109493514 0.0125172147475 0.0197995759121 -0.0116701998848 0.00973131485608 0.0133932091062 0.00981320175623 0.00924018746535 -0.00983459897423 0.0190129270028 0.0107394501381 0.0133974606425 
0.011215597758 0.00596601624771 0.00495004735104 0.011650162011 0.0208259981336 0.00118623488474 -0.00201796501024 -0.0036274073404 0.0251175985643 0.0141001534916 -0.00229747955294 -0.0101644444762 0.0243556350463 -0.0106601948764 0.00304225890988 0.0053974308315 0.0370838219199 0.00234391628981 0.0128897986328 -0.000831748254599 0.00855653928955 0.0214398859596 -0.0109498994985 0.00521351079549 0.00478580297328 0.0129890361325 0.0263476696743 0.0131745299945 0.0489111739126 0.0147113553687 0.0100898521004 0.0175133014326 0.0094101715548 0.00837104281076 0.0140816665721 0.394651319118 0.0122415772399 0.00397812024596 0.013754950793 0.0153484616353 0.000500759467964 0.0149901627028 0.0208247606595 0.0201407506483 0.0263558096615 0.0080462537217 -0.0126756501514 -0.00648166991816 0.00974785117042 0.0116734886751 
0.0119952354846 0.0297119896223 0.0625756586049 0.0269266715953 0.0272008832171 0.0487306187832 0.00892958764319 0.00704712689737 0.0167770245723 0.0289095680043 0.00868981437761 0.0279454698559 0.0356657839406 0.0375345384209 0.00145049113536 0.0481758667372 0.020411796023 0.0186969569052 0.0277191223415 0.0136949136199 0.0156400792112 0.0347184380008 0.0226838427015 0.0148077036097 0.0108556935629 0.046116676416 0.0201294930561 0.0392980644671 0.0174656712198 0.0222948295985 0.018382018733 0.0625120604195 -0.00544764872239 0.0436153283883 0.0343203327736 0.0122415772399 0.519986405487 0.0207639857969 0.00986960278969 0.00982412618497 0.021874357066 0.0234418642081 0.0209615244048 0.0164479875565 0.0306292091116 0.0148345598855 -0.0123512028254 0.0192907026113 0.00694563019484 0.0350957112741 
0.0252175757548 0.012341062676 0.00677227479778 0.00376970933564 0.000948695744303 0.0131099284229 0.00316646624737 0.0262856398022 0.00288555393948 0.0180387066882 0.00428826722558 0.0273014445893 0.0348437336072 -0.0192235820646 0.000741751815289 0.000356652374887 0.0206410957487 0.00156683013253 0.0145672887411 0.00205189426064 0.0182327270932 0.00703132632036 0.00896682992129 0.00637928048597 0.023977100785 0.00923878506294 0.00899673288735 0.0060603580738 -0.00455391621235 -0.00800575505458 0.0111626926666 -8.58885734458e-05 -0.0103975271216 0.00192960818489 0.00209995665586 0.00397812024596 0.0207639857969 0.621550064231 0.012335190885 0.0144256247455 0.0102260632847 0.0172503831763 -0.0127472898387 0.00918194883148 0.00898105298076 0.00617098027364 -0.00922274975147 -0.00699567441566 0.0067670210555 0.0103831813872 
0.014082398884 0.040852597055 0.0406928125743 0.0271344933835 0.0200082505887 0.0135601148547 0.016466031433 -0.00431069967221 0.0447919189904 0.0301809204734 0.0169251797213 0.244855756523 0.0738904502827 0.00326211058828 0.0193297741561 0.0258595135458 0.0221031320883 0.00231550644356 -0.00701123622523 0.0404626840598 -0.00149992581817 0.0167023953129 -0.00284814444388 0.000896520366935 0.120788226057 0.011097898417 -0.00370576522069 0.0167418729289 0.0222287908212 0.0107839725595 0.0158525110054 0.0352284286544 0.0206048513312 0.0223743493333 -0.00120109493514 0.013754950793 0.00986960278969 0.012335190885 0.491349535748 -0.00302900973838 0.000679264465851 0.00243609313328 0.019941150949 0.0109099729272 0.0126688665202 -0.0031682412226 0.0145950786939 0.0138154574626 0.000864343109837 0.00726144369171 
0.0149084650289 0.0332512126639 0.0153620146153 -0.00815347598358 0.0326288788842 0.00575328879118 0.0138912404467 0.0146519650179 0.0180554008141 0.00858882960369 -0.000921743010423 0.0185880738789 0.0397590472271 0.00295887320897 0.0233428033916 0.0232184254287 0.019064886126 0.00593562769247 0.0195678211946 0.0238986173276 0.00569896528833 0.0307354141677 0.014657560741 0.00447078313225 0.0319211257512 0.0090969877883 0.0132349016795 0.0194777735003 0.0139938224756 0.00911395469064 0.0184439326364 0.0412272708825 0.0102434834143 0.0187601143928 0.0125172147474 0.0153484616353 0.00982412618497 0.0144256247455 -0.00302900973838 0.243006165787 0.0114082274261 0.0117609804117 0.00825879125673 0.0237436605955 0.00559268033831 0.0131012171746 0.000508150298549 0.0431020523095 0.00114965978138 0.0269517761267 
0.00733757066612 0.0225109171723 0.00980343892551 0.0450849731213 0.0257369576188 0.023819554926 0.00800915632089 0.013603236623 0.0264923242335 0.0100140198066 0.0220933981155 0.00885526737389 0.0394948370343 0.00415364921953 0.0173286843266 0.0200191783984 0.0119933732092 0.00503015542517 0.0673906628683 0.0161916288868 0.00972677103405 0.0287803321223 0.0118623051816 0.0180929723319 0.0124924376546 0.0263980384585 0.012421142072 0.01049961742 0.0112729197028 0.0100754995165 0.0222162943608 0.0274251408285 0.00439286175644 0.0159402198492 0.0197995759121 0.000500759467964 0.021874357066 0.0102260632847 0.000679264465851 0.0114082274261 0.201709239104 0.0166561164477 0.00992777015474 0.0139483333266 0.0158873794911 0.0334330588905 -0.00159277802506 0.0120626852022 0.0201475847163 0.0210194112924 
0.00960412830204 0.0165868853089 0.0281172458895 0.0142673073775 0.0274332332768 0.0161385325185 -0.000683734514646 0.00920900813523 0.0162971210573 0.0766861365828 0.0281265002513 0.0318114244163 0.0431744029112 0.111297855772 0.018491722601 0.0242858128451 0.0190490976472 0.00286121366546 0.0205446335743 0.00946574282297 0.0131944829961 0.014349548137 -0.00491984530848 0.00389396721624 0.025645461874 0.0130856318641 0.0190533560879 0.0112269198117 0.0138147407192 0.0254603236153 0.0254636914468 0.0286860240044 0.0202760095676 0.0193324033965 -0.0116701998848 0.0149901627028 0.0234418642081 0.0172503831763 0.00243609313328 0.0117609804117 0.0166561164477 0.30024650632 0.00751130700156 0.0111045802933 0.0331773006588 0.0191335028693 0.0043618312135 0.011527420407 0.0103278219113 0.0559446436313 
0.00381303458117 0.0113638503299 0.00165728011439 -0.0058332554435 0.00824544777261 0.00800903277555 0.0140710292362 0.00468343030043 0.00232864198896 0.00560787971937 0.00561191298311 -0.00156261312928 0.014876902469 -0.00371294152423 0.00247019857884 0.00749805875547 0.0101338265299 0.00297526588241 0.0100825392764 -0.00204673014092 0.026751741621 0.00708580229517 0.0151670173924 0.0394933346362 0.0154508082357 0.0152228844539 0.00915820599253 0.0072227147847 0.010880048059 -0.00828826679072 0.0111477947428 0.00113380081808 -0.010348753821 0.00937846609948 0.00973131485608 0.0208247606594 0.0209615244048 -0.0127472898387 0.019941150949 0.00825879125673 0.00992777015474 0.00751130700156 0.229757301281 0.0064225518072 0.0137400708878 0.0115336908905 -0.00532386681912 0.0101000491436 0.00645696931533 0.0148536196229 
0.00436684972404 0.020804673952 0.0195906346301 0.00355664821229 0.0204623184702 0.00539010180197 0.018017618874 -0.00137506393365 0.0092050127037 0.0303317529224 0.016358598109 0.0266027898089 0.041148680557 0.0157860517316 -0.00597105661339 0.017089747734 0.00300466183482 0.00465165408781 0.019061916956 0.0102271671183 -0.00120633679397 0.0274754328446 -0.000582822875046 0.0370319743843 0.0243719734893 0.0408540003296 -0.0030876943935 0.0151550541632 -0.00518096089653 0.0271201618328 0.00413970302385 0.0301809538027 0.0270357586175 0.0314471832252 0.0133932091062 0.0201407506483 0.0164479875565 0.00918194883148 0.0109099729272 0.0237436605955 0.0139483333266 0.0111045802933 0.0064225518072 0.322831699187 0.00974504936698 0.0208170172947 -0.00590211644254 0.00917896645667 0.0177870648213 0.0282923681483 
0.0130578465313 0.0320676650372 0.0338618485355 -0.00476185922065 0.0312904112779 0.0231694311637 0.0183954433465 0.00914262384545 0.0272457140737 -0.000360939841845 0.0223644852151 0.0276276325972 0.0319574196748 0.000681937146529 0.0176647878958 0.0227117091291 0.0224572951292 0.0178878764218 0.0262195126247 0.0250161009114 0.0207253312872 0.0130907143902 0.0101072011301 0.0204395926474 0.00524920006431 0.0128305222507 0.0173534684456 0.010037528163 0.0594273328961 0.0107458261404 0.0672738619137 0.0256082438828 0.0147458509927 0.0205081987751 0.00981320175623 0.0263558096615 0.0306292091116 0.00898105298076 0.0126688665202 0.00559268033831 0.0158873794911 0.0331773006588 0.0137400708878 0.00974504936698 0.231808229165 0.00911418856332 -0.00438202832643 0.00536650492607 0.0204101653142 0.0211443598401 
0.00342272095703 0.0181592206683 0.0178682492137 0.0251069229504 0.0334004246032 0.00634516115704 0.0205938238824 0.0144115583451 0.024820845962 0.0312036402443 0.0101326246308 0.00774383034213 0.0186751760306 -0.000700520044144 0.0180649632558 0.0122999566105 -0.00215189993049 0.0239497594531 0.0344723228726 0.0218604391392 0.0140573230401 0.0259075814775 0.0196601676635 0.0184254445362 -0.000565424501711 0.0234270987334 0.0173514848802 0.00598770991366 0.00611309089464 -0.00466915285083 0.0104362544692 0.0225748900787 0.0204016440023 0.0291439740885 0.00924018746535 0.0080462537217 0.0148345598855 0.00617098027364 -0.0031682412226 0.0131012171746 0.0334330588905 0.0191335028693 0.0115336908905 0.0208170172947 0.00911418856332 0.201139524765 -0.0150544694012 0.0123328346347 0.00447054210412 0.0133048345206 
-0.0295569771199 -0.00936329891724 -0.00752669094613 -0.00135874287179 -0.0101730326714 3.48308706252e-05 -0.0114815604494 -0.00753773456198 -0.012202118223 0.0155781253008 0.000137929114618 -0.00133050566938 -0.0171140869832 -0.0376695361629 -0.0168090209571 0.001806084475 -0.0275657409347 -0.00311215933039 0.00358888193827 -0.00126845273713 -0.0113768520136 -0.0116801751441 0.00461086521443 -0.00291814917404 -0.0245595619184 -0.00511158964113 -0.0112303337557 0.000523379640817 -0.00527721114432 -0.0152842671067 0.00423552878284 -0.0103856302183 -0.0155651959374 -0.0153185640371 -0.00983459897423 -0.0126756501514 -0.0123512028254 -0.00922274975147 0.0145950786939 0.000508150298549 -0.00159277802506 0.0043618312135 -0.00532386681912 -0.00590211644254 -0.00438202832643 -0.0150544694012 1.94136374229 0.0292166903306 0.00106902249305 -0.0141000247773 
