100
0.0589662330248 0.103528049483 0.0545718905582 0.0791308905459 0.0784336943662 0.0353466838873 0.0722101641432 0.0374431650663 0.0210495138202 0.0297343435849 0.0377989606714 0.128413882411 0.143796644659 0.0206637964956 0.0711634289065 0.040534814632 0.026407260569 0.0307440439862 0.0316848802341 0.037496284255 0.0231877092109 0.0743441041655 0.0878126089614 0.0427797721554 0.103194060275 0.0333203023267 0.0297585566085 0.0395572708053 0.0909027791802 0.0739523233915 0.0429032651101 0.0572050688987 0.0594687244428 0.0297209295042 0.0646745186267 0.0270240384822 0.123612909007 0.0135350028622 0.0404531955786 0.0525709156995 0.0282353637115 0.045759308444 0.039970875035 0.0378808118353 0.0534443631468 0.0273717205438 0.0399774891594 0.0634276035435 0.039859092222 0.0831725949645 0.0449680709256 0.0787213758152 0.0437869579852 0.00361039022472 0.0549811443135 0.0406155741598 0.0413167922229 0.0197813299257 0.123248136701 0.0486664598358 0.0852779749864 0.0202574279786 0.107116270008 0.0442230302855 0.0244433913508 0.0220926651793 0.025657065471 0.0211692002509 0.0267221777707 0.0559549201136 0.0223482457603 0.0522856391002 0.0442318588416 0.163811268696 0.0441448787565 0.0313696733512 0.101481112582 0.0268988212896 0.019144788815 0.0278380444533 0.0253746335001 0.0266042550295 0.0373994541978 0.0631330997176 0.0267965440056 0.0952892642352 0.0716450377603 0.0451551332239 0.0262343191133 0.185879968849 0.10135047428 0.0501755430095 0.0502759777883 0.0115927538848 0.0347696809731 0.0353360638732 0.15397042743 0.060830846045 0.0936563270582 0.0466521206007 
0.384870085374 0.0344462073824 -0.00168628357061 0.0815558268846 -0.000715335467597 0.0120586972502 0.0100533618198 0.028011517125 0.01040607529 0.00472120890633 0.0319382187825 0.00503262165781 0.0293776906382 0.00168221008554 -0.0127853760877 -0.0112835359035 0.0212030283179 0.0109568040357 0.00827765671535 0.0135698042385 0.00612990822987 0.0164253986212 0.00649062176743 0.00249049256583 0.0241717528071 0.0267401114009 0.00884552734309 0.00603796196488 0.00316014288175 0.00577495256192 0.0199013107008 0.00698298329014 0.0231930010493 0.00938625222599 -0.0115879756737 0.0073078727933 0.0106941415604 0.000586120365069 0.0054625037204 0.0101990644522 0.0157297483859 -0.0096571302119 0.0206559119208 -0.00474416298405 0.017556748679 0.0188584246545 0.0112021951513 0.0138681019623 1.24214527492e-05 0.00263940923837 0.0140405594756 -0.00207168913061 -0.0090734387972 0.00204890505722 -0.000673981438709 0.0127671715659 0.0227783209967 0.00686108312122 0.00674352103297 0.00803143094134 0.0207121541312 0.0108821781491 0.0123531874573 0.016894258689 0.00626365862559 -0.00711231734399 0.0100825426204 0.00709838362358 0.0055722049753 0.0174028470281 0.0172862073798 0.0146249528846 0.00463491641548 -0.0120387165826 0.0299687129777 0.0213362487924 0.0041669231919 -0.00228058373562 0.0114601834063 0.0147601887371 0.0147681228006 0.0121819184002 0.0122295280241 0.00909869139978 0.0085045327183 0.0135438745104 -0.00903501406227 0.00543091704287 0.0118038721198 0.0234826342582 0.0150370268345 0.0237965798415 0.0261597913281 0.0168275338512 -0.00458766437992 0.00384425260361 0.000593027445537 0.0333162765352 0.00123475311382 -0.00317091705084 
0.0344462073824 0.371232468673 0.0366543026625 0.00212662357542 0.00706805272953 -0.0141235166225 0.0144294905541 0.0057090413589 -0.000347884602535 0.00869969212555 0.0024203030725 0.112190572446 0.0296071187961 0.00697785671886 0.0146981845693 0.024842266119 0.00975433614915 0.00964523327881 0.00351520102915 0.00265293223301 0.0110837395208 -0.00971312150371 -0.0048641197174 0.0214228384165 0.0109029985021 -0.00477924309118 0.0113239410494 -0.0105335360722 0.0266057475832 5.00252003491e-06 0.010914366365 0.017688456269 -0.00272534104933 0.00877539911728 0.0323027074364 -0.00185985185108 0.0378079906517 0.00886354531292 0.00360606716125 0.0089910397361 0.0178671197782 0.09361289452 0.00117955142024 0.0090343186135 -0.0042710410693 0.0196370857906 0.00394124597815 0.0637879910039 0.0250838113739 0.0314191433946 0.00747264332036 0.122349505239 -0.00796689570499 -0.0100917469574 0.00118226692075 0.0162950476824 0.0137692308613 0.010145629173 0.0259612197743 0.00445081797787 0.0035138806354 -0.00262359822557 0.0140724920027 0.0204752363201 0.00434632409579 0.00719872257656 0.00258862591294 0.0199157879654 0.0509194847649 -0.00376512510691 0.00459111134944 0.0351871585869 0.0128359335737 0.00213617690922 0.0056179553323 -0.00115886334686 0.00906348271263 -0.00532998709565 0.0217071605699 -0.0150272161876 0.00579543067938 -0.0177278262894 0.00204555362773 -0.00108380236912 0.0124127194232 -0.00461448969069 0.00645560360537 -0.00836451008482 0.00393250066479 0.0631475773359 0.0143684138584 -0.00348464427845 0.00570509472043 0.0207683593722 0.0138566877858 -0.0120274862719 0.133497909567 -0.00123111072153 0.0114476246405 0.0322891047939 
-0.00168628357061 0.0366543026625 0.234181111521 0.00238781170136 -0.00146338694589 0.0184146692122 0.000583480170629 0.0187310217048 0.0123746917132 0.012733547982 0.00688725138198 0.023314104361 0.00326116429508 0.0177712664023 0.0186403258881 0.0157162950873 0.0232971599759 0.0228909497057 0.0128511557649 0.0105898740387 0.00615611259928 -0.00818175990106 -0.00461834796967 0.0131328118633 0.0224507199059 0.0105535073509 0.021044566451 0.000510343352542 0.0554227725575 0.000669281128996 0.0122668581781 0.00075216939115 -0.00424622336122 0.00862871323602 0.000464004565517 0.0173928733068 0.00565663891805 0.00573095312959 0.00173236265183 -0.00959643664016 0.00682010143189 0.0184559086266 0.00789838820841 0.0118360390823 -0.000431896566572 0.0087999887506 0.015985758693 0.0200614594099 0.0157489481627 0.0148843785815 0.0160571484252 0.0162682771105 0.016697932026 0.00377903991548 -0.00455787094375 0.0118891760598 0.0165403644819 0.0099687344239 0.0276757418244 0.0306217125559 0.0263501242798 0.0165786825345 0.00182977637096 -0.00395777945421 -0.00247888672015 0.0390765704163 0.0160928750809 -0.00532553233388 0.0311904249693 0.0106713466376 0.00375763845054 0.0104943140657 0.0124151905789 -3.98539873523e-05 0.0212337002309 0.0144315829805 0.00140402414471 -0.00321489899103 0.00960664561286 0.00942295305397 0.00445022580474 0.00515281756816 -0.000478960245106 -0.00201977840586 0.0117122369281 0.016420360431 0.00731892548365 0.0119316301837 0.00307100479421 0.0229133395631 -0.00147740429663 0.00820073284264 0.0211122178398 0.00378473035708 0.00636729570707 0.0168793402851 0.0217610619251 0.00311704919589 0.0167819887141 0.136228373098 
0.0815558268846 0.00212662357542 0.00238781170136 0.603265601763 -0.00732953525619 0.00531324358985 -0.00646250933472 0.0105069828231 0.00138503600079 -9.14310098853e-05 0.0318048509914 0.0363570287885 0.0272636192855 0.0132501317496 0.0376536927428 0.000166268242615 0.0184266856899 0.0120810646825 0.0127095483339 0.00924178903175 0.00742189758215 0.00144052217878 0.0107724797272 0.0147554305625 -0.00977277015986 -0.00198708964796 -0.0035168795328 -7.03078257285e-05 0.00837277559702 0.0121981676139 0.00622330292999 -0.000745678021251 0.014707201214 0.00427699498633 0.00618790287379 0.00111326600741 0.0117479933989 0.00506905590456 -0.0273766533488 0.0157702839118 0.00420317854276 0.0124919768314 0.0156797460793 0.00286965698146 0.000243257252127 0.00571269642581 -0.00746832083473 0.00523444480393 -0.00308783686212 -0.00513165207134 -0.00254494402452 0.0113817815333 0.00491809003101 0.0159710451476 -0.002070181595 0.00867024164667 0.0121767436675 0.0102109739513 -0.00522503025349 0.0018028251469 -0.00495570326297 0.00304621751987 0.00076241742036 0.020148459956 0.00767621815281 0.00739276516885 0.00762077296759 0.0190134181034 -0.00122046612029 0.0135262829696 0.0108514430343 0.0106738493098 -0.00080826321966 -0.00699453961109 -0.00563405810011 -0.0119265893895 0.0672652191362 0.015406971163 0.0136027491168 -0.00533890192224 0.0175112523735 0.0132336062711 -0.00301460552736 0.0218106517724 0.00229671859253 -0.0120020405664 0.00560628681059 0.0127464570646 0.00397842882144 -0.0122276642082 0.0803299063783 0.0157347255121 -0.00619548453892 0.00557615422592 0.00584330703938 0.00997791160055 0.000944860386794 0.00126163471152 -0.00667399471075 0.00662498060011 
-0.000715335467597 0.00706805272953 -0.00146338694589 -0.00732953525619 0.342610049098 0.0104542426476 0.00855828769388 0.00514873357401 0.00579974038241 0.00928647484178 0.00487444891158 -0.00938532480983 0.0182505728127 -0.00268530737858 0.00913488109889 -0.000166849986258 0.00844597996405 0.00477835458858 0.00702673776123 0.0273553255515 -0.0123878528919 0.0136556442761 -0.00378332631381 0.0245723345031 0.0189997874027 0.0205984029521 0.0192105437748 0.0185828423144 0.0326841578301 0.0471196183735 0.0209165859214 0.0115749555353 -0.000261561382485 0.00477993874818 0.0189650191515 0.00647749490884 -0.0175215659114 0.0128120077863 -0.00644454121379 -0.00102065093757 0.0136467997774 0.00794590891189 0.0216346889323 0.000604955300624 0.0113409872665 0.0151151439277 0.0184748702485 0.00766529371814 0.0131867300898 -0.00218394192487 0.0166840423098 -0.000691238250748 0.0336718494584 0.0120957926661 0.00359829355513 0.00857139402768 0.0374627668376 0.00522151741428 -0.0152020897645 0.0210494379466 0.0511336350445 -0.0140124088739 0.015525316253 0.0097716359129 0.0124845996047 0.0304742437285 0.0186508099787 0.0143566770536 0.00244294775612 -0.000334043449767 0.000416003569547 0.00434469674064 0.0076672490753 0.0908335770955 0.00819148854068 0.00538158525055 0.00899497791357 -0.0104542820587 0.0166543667927 0.0126454038744 0.00629832358439 0.00691520492647 0.0224778321432 -0.0164038522018 -0.000219281773714 0.00430692161506 -0.00175324353033 7.07316321784e-05 0.0014217913324 0.0115303525414 0.00640844463 0.0221889753836 -4.82413364168e-05 0.00424294340897 0.0140179851866 0.01491171198 0.0129259092743 0.00426398371673 0.00446507196192 0.000101599563203 
0.0120586972502 -0.0141235166225 0.0184146692122 0.00531324358985 0.0104542426476 0.248439007177 0.00683795864595 0.00408934211897 0.0230358402086 0.00221779055824 0.012169059781 0.00596317667725 0.0216930402314 0.00945559204703 0.0147820005052 0.0020558008644 0.0368195962947 0.0128645121623 0.0114126956326 0.0132318657906 0.00225421994981 0.019072436826 0.0133290161163 0.0180069978218 0.0112570900491 0.014150236963 0.0121216839991 0.00909604419633 0.0172203070333 -0.00359662372906 0.00547495753267 0.0107110467872 0.0132557561367 0.0143152967632 0.02354064002 0.0220559728339 -0.00592384752233 0.00451396036086 0.0220572767256 0.0045633983224 0.0175876426056 0.0113054295191 0.00828416552061 0.0110783454342 0.0110227192307 -0.0115854999674 0.0148805632295 0.00875321309312 0.0179333559491 0.00666409629639 0.0256786728795 0.00918124614217 0.0243385469836 0.0112852100666 0.00535427484055 0.0111367817597 0.0140008291787 0.0155084818099 0.0114057043388 -0.0022871412688 0.00834421426046 0.00337720252635 0.00472645122705 0.00401248701123 0.0116128008646 0.0114194134802 0.0541284906156 0.0021757439278 0.0176713852227 0.0168191885103 0.0106286267048 0.0152154844375 0.0100522079769 0.00363325793072 0.0249738867962 0.00964235767588 0.00728259327635 0.012536950673 0.00982274827231 0.00761930315747 0.0203396924359 0.0247269413169 0.00812128920518 0.00214186747979 0.0265042903662 0.000232766135949 0.00620130779405 0.0102066340358 0.028857677957 -0.00465199539953 0.0312551351292 0.00942443958515 0.0280633102418 0.0132160278021 0.00551478859316 0.00607014487147 -0.0112300650839 0.020537912675 -0.00179257361364 0.0277349776053 
0.0100533618198 0.0144294905541 0.000583480170629 -0.00646250933471 0.00855828769388 0.00683795864595 0.308594146659 0.0134789838298 0.0144131030475 0.00654993854045 0.0255392324554 0.0220755107467 0.0651022193492 0.00605841775273 -0.00900930413712 -0.002863860655 0.0103133351218 0.0105087442397 0.0301291596766 0.021097062415 0.019165814125 0.0310803971721 0.0268686785148 0.0421415209616 0.036752506803 0.00800381688966 0.00644095881977 -0.0072202346412 0.0102229645264 0.0435717128115 0.0187116867115 0.0171458357364 0.0169649356024 -0.0136670435597 0.0115500443028 0.0113178244957 0.0299782264645 0.0207066398794 0.0308991707184 0.0272543597029 0.0143520974495 0.0123233341431 0.0231066297772 0.0319632899739 0.0165559931019 0.0103566928719 -0.00555797350308 0.000951355997729 0.035445547208 0.0147740576727 0.00921615798347 0.0206722539679 0.0109757155473 0.00350330156862 0.00119078314428 0.0156028786756 0.00509731932859 -4.55447375987e-05 -0.00154262771005 0.00615828192584 0.00906468323052 0.00460076084017 0.0546165304669 0.0096649419452 0.00829873086173 0.00314405111436 0.0127435971601 0.00568650218437 0.00278620182497 0.033757504644 -0.000827229880362 0.0424637835893 0.0129939316355 0.00686221775372 0.0142658856628 0.00555709591554 -0.0106800156152 0.00788325140079 0.0157040258233 0.00959863946271 0.0125190078719 0.0252201124431 0.00753696468608 0.015879899169 0.00853957865166 0.0235143035246 0.0227676708395 0.0115782696113 0.0115220839561 0.040273870856 0.0251830237357 0.0203389298078 0.0109714916588 0.0138222260341 0.0283428749078 0.0117172800154 0.00701942554439 0.0305218975045 0.0233515873828 0.00712551874119 
0.028011517125 0.0057090413589 0.0187310217048 0.0105069828231 0.00514873357401 0.00408934211897 0.0134789838298 0.45519673932 0.00512652056487 0.00229053030085 0.0189611591564 0.000930503062956 0.0246094054939 0.0129662345177 0.00598237009712 0.00311544709767 0.0160831775097 0.0212586270296 -0.00273207762753 0.0199166017424 0.0050341875377 0.00453660782587 0.0341715567618 0.00688988309329 0.028452797037 0.0125948835309 0.00932716887082 0.00642324745854 0.0015698610817 0.022269352121 0.0166310867611 0.010825318443 0.00544723132294 0.0145309850313 0.00296299023988 0.000855670441 -0.000741622838512 0.00557498337314 0.0237914560225 0.00658057519306 0.0128306872813 0.00201536229842 0.00995985635032 0.00204722440134 0.00820666180911 0.0160236363914 0.00926573871775 0.00643637835011 0.00413784488666 0.0179968838876 -0.00724596686255 0.00989820320137 0.00260661812396 0.00246292737077 0.0287372097108 0.0100409484115 0.00601439435336 0.00753137654344 0.0114185592346 0.0121646429759 0.0148223379735 0.0234285054923 0.010618826577 0.0130178723411 0.0112472362622 0.00467544735104 0.00647555707841 0.0104789676449 0.00609504890298 0.00683188846347 0.0157127151506 0.0146503134946 0.0178818028301 -0.00160006610385 0.0153699329024 0.00121561528897 0.00755297764216 -0.00394517584812 0.014079826707 0.019915334623 0.0118561067092 0.0139717171822 0.0167046620552 0.0268344299105 0.0104014116388 0.00642203478679 -0.00316011926142 0.00490792644553 0.00640515177439 0.0382361761177 0.00117466480723 -0.007533197504 -0.00747793636006 0.00604092384042 0.0204061804149 -0.00377748981378 0.00486824787433 0.000841902222707 0.00758140047692 0.00945601239993 
0.01040607529 -0.000347884602535 0.0123746917132 0.00138503600079 0.00579974038241 0.0230358402086 0.0144131030475 0.00512652056487 0.306643449775 0.0108177387941 0.00636959219901 0.00935731568666 0.0600044927449 0.00639363849172 -0.000322267240636 -0.00147780709768 0.01367338695 -0.000743523056066 0.00087824268852 0.010592355776 0.0174490861588 -0.0065500657495 0.00269908806652 0.00611609152787 0.0154424052521 0.0140600801629 0.00729860281922 0.00753193909537 0.0199368799369 0.0099178053232 0.0117382391798 -0.000263847913717 0.00438489408599 0.0139784834624 0.0162197079951 0.00216818891255 0.00342809345607 0.0121822591947 0.00196951972908 0.0083569577611 0.0015976302941 0.00254351691853 0.00572306206467 0.00185713383471 0.0112503443321 0.00894338745032 0.0651118294272 0.0225976512381 -0.00923712227951 0.0313124087385 0.0096262650367 -0.0062776333381 0.0176885514018 0.00991935574731 -0.00106465657584 0.00398362012045 0.0169711962063 0.00466975242248 -0.00420224222617 0.0200301962064 0.0227441460899 0.0115859063464 -0.00137784044228 0.0280590541487 0.0107852557409 0.0177434589085 0.00951369171364 0.0235383422408 0.00724344374185 -0.0142267948801 0.00977392717228 8.89721744463e-05 0.0118348162851 0.0014256982762 0.00903986890639 -0.00914727575666 0.00395804184832 0.000693716138234 -0.00251233947635 0.014366203573 -2.07331224932e-05 0.00864217577824 0.0136341199394 0.00433672317568 0.0060233765011 -0.00676256638941 0.0071866267112 -0.00136906211962 0.00469997453558 0.00234407121259 -0.000877558985109 0.0117451114555 0.000624492923229 0.020225648084 -7.70345286551e-07 0.00238011824687 -0.00207899207243 0.010933468934 0.0234414329227 0.0205520151445 
0.00472120890633 0.00869969212555 0.012733547982 -9.14310098852e-05 0.00928647484178 0.00221779055824 0.00654993854045 0.00229053030085 0.0108177387941 0.182971397273 0.000747786517337 0.0268342928505 0.00998018035814 0.00611493578072 0.00713084310439 0.0116165144044 -0.0119131865893 0.00722014220515 0.00645857788085 0.00271815083363 0.00750147223746 -0.0104102419763 0.00247543409626 0.00538028568052 0.0173085808973 0.00267271813314 0.00845113936831 0.00287747187205 0.00242273816758 -0.0107353084641 0.00598098079435 0.0136723270927 0.0137725436564 0.0119957985215 0.00581116965299 0.00236375914332 0.00432125752686 0.007370794404 0.00577770959378 -0.00207578174855 0.00867391061421 0.0125305492068 -0.00549266726945 0.00198219568783 0.0181774355425 -0.00272963996029 -0.00337091968664 0.0107351039395 -0.00285207443409 0.00869721543661 0.00703928768211 -0.00019083258067 0.0224417362658 0.00981398081531 0.00925018321157 0.0088186344473 0.00282251036702 0.00879297255872 0.00639538517544 0.0016910242846 0.0168104218234 0.0048202036854 0.0252215523434 0.0121796721645 0.00474246578696 0.0115651928004 0.00637832195367 0.0160035850077 0.0062084310829 0.00569445787339 0.010240594343 -0.00465387176579 0.00935429073302 0.0129853606016 -0.00500232056572 0.00247513025649 -0.0125767001038 -0.00493173372335 -0.0064560247809 0.00587208012573 0.0109294043447 0.00518118096502 0.0039502491561 0.00545850272128 0.00339991987463 -0.00171754874573 -0.00345550687739 -0.000882213766405 0.00746413083676 0.00952074811313 0.0126345760999 0.00354828654462 0.00563799354684 0.0128063334834 0.00936777525669 -0.000778426128574 0.0215127948651 -0.00077378925428 0.0241520565485 0.00406434057561 
0.0319382187825 0.0024203030725 0.00688725138198 0.0318048509914 0.00487444891157 0.012169059781 0.0255392324554 0.0189611591564 0.00636959219901 0.000747786517338 0.287478251143 0.0174314946534 0.0706676642471 0.00107674201007 0.0311652486413 -0.0134969707087 0.00568945053324 0.0147794801387 -0.00401107856527 0.0151216160313 0.00729991582981 0.0185187942003 0.0585451826008 -0.0137697945456 0.0399103481396 0.0154860842539 0.0160684969701 0.0145625240186 -0.00943830032222 0.0435402562685 0.0311013633263 0.0229440469541 0.0292162416595 0.0148068625568 0.00623878665268 0.0135547145441 0.0225964380126 0.0130581428767 0.00935851245949 0.0144567674913 0.00455577586295 0.0060103739642 0.0227860801522 0.00322759947197 0.0134981396751 0.0260608178914 -0.00646900041206 0.0456507515048 0.0126491719598 0.0183562594332 -0.0081133423606 0.00704561888639 0.01424641235 0.0197681343747 0.019092120256 0.0063870631451 0.0121962495804 -0.00520888157715 0.0308995763801 0.0181048189191 0.00644598813388 0.0475756897588 0.114812249824 0.0140092439863 0.0043748326576 0.000931963785123 0.0150847912584 -0.00415020299575 0.00586395105368 0.032465365184 -0.0037451921386 0.0239512978078 0.0280131306383 -0.0044863647754 0.0277360961325 0.0141187781891 0.056663355052 0.0117131170609 0.00904750913356 -0.00657762262354 0.0225286558902 0.0278023679021 0.0114923863664 0.0536799640598 0.00678574969078 0.0234741293759 0.0318753471595 -0.00113390681166 0.0236936682483 0.0362921325472 0.0633870604791 0.022589209137 -0.00153444786912 0.0131842425805 0.0237446512789 0.0204891347847 0.011337858774 0.0293681247823 0.0267601466007 0.008341670682 
0.00503262165781 0.112190572446 0.023314104361 0.0363570287885 -0.00938532480983 0.00596317667725 0.0220755107467 0.000930503062956 0.00935731568666 0.0268342928505 0.0174314946534 0.425630228377 0.0532247874769 0.0106597968406 0.035809840297 -0.00306618722617 -0.008730518669 0.0203214451204 0.0137171805083 0.00980527423046 0.0197703002076 0.00538236061912 0.0218066979253 0.0289485702705 0.023567978919 0.0122497592456 0.0169394535848 -0.00594899558828 0.0287668936188 0.0321823383644 0.0141617331686 0.0236535718963 0.0148236971237 -0.00428766827095 0.031518689626 -0.015965782393 -0.0180590307341 0.0210440144305 0.0315677932543 0.0159229769317 -0.00164612474657 0.0767221292613 0.0126523435589 0.00404274365209 0.0319560479437 0.0237608606159 -0.00349301635421 0.0348751139558 0.0368084376508 0.0299058053797 0.0132405957876 0.109364093554 0.014154344227 0.0188777388397 0.0249033399197 0.0355986625346 0.00961387645538 -0.0165415302462 0.0366565406086 0.0146764686957 0.00562322229105 0.0202781318223 0.046462249875 0.0213643545175 -0.00620651027155 0.0178716145668 0.003004738114 0.00310836759328 0.0299385575367 0.0313968530911 -0.00664783286155 0.0104158211561 0.00497851316204 -0.0068388026996 0.00590090859938 0.0148010648344 0.0399857230412 -0.00994427061746 0.0107023129543 -0.000430765434731 0.0139751608516 0.0156318200136 0.0118749489409 0.0157115887111 0.0122435063305 -0.00860410219773 0.00945512245186 0.0330070896586 -0.00246487571122 0.0743483498194 0.0228747740664 0.00392964578563 0.0195159799691 0.00654805382556 0.0180731659977 0.00928798300536 0.152519851668 0.0259971276675 0.00669586048906 0.0284183667277 
0.0293776906382 0.0296071187961 0.00326116429508 0.0272636192855 0.0182505728127 0.0216930402314 0.0651022193492 0.0246094054939 0.0600044927449 0.00998018035814 0.0706676642471 0.0532247874769 0.583707850513 0.0162044439413 0.0519945747224 0.00405182572731 0.0217217263892 0.0351255252103 0.0434074361038 0.0270696868459 0.0286287243193 0.0457221496084 0.0461751843232 0.0536280655707 0.0294639901454 0.000320625461536 0.035945699909 0.0121686762892 0.00786489954379 0.0578491842872 0.0591361163118 0.0382055118377 0.0357454796962 0.0142758407387 -0.00122010716042 0.00926864567619 0.00430946626378 0.0115208645136 0.0249883886348 0.0651844430141 0.0229971341658 0.0168296672931 0.00940937971128 0.0345805921213 0.030969781009 0.00544510752932 0.0154580303204 0.0394202712345 0.0608127561167 0.0551990424885 0.0220686206245 0.0391648498265 0.0386438943982 0.00916119297861 0.0238628937171 0.0292535444611 0.0346872984279 0.0159982593492 0.0187764545487 0.0273669747815 0.0226182025561 0.0543851250344 0.0323698493283 0.0625839139758 0.00246820050389 0.0147882648949 0.0344124606377 0.0107389214009 0.0219557503392 0.0395601181048 0.0250927508268 0.0379084002756 0.0213667863431 0.0169413238204 0.0398958972935 0.0271577049181 0.00586321647453 0.0119896468374 0.029511910645 0.0029296643027 0.0369648186714 0.0234511314365 0.0362369031767 0.109090615019 0.0312292642699 0.0472175792086 0.0479479912475 0.022951516892 0.0207797801487 0.0924467133548 0.0507474601252 0.0248333163993 0.0283133446741 0.0191988895613 0.0265378377322 0.0373836365267 0.0336712804261 0.0884301183714 0.0462880183538 0.00852714324754 
0.00168221008554 0.00697785671886 0.0177712664023 0.0132501317496 -0.00268530737858 0.00945559204703 0.00605841775273 0.0129662345177 0.00639363849172 0.00611493578072 0.00107674201007 0.0106597968406 0.0162044439413 0.139737106211 0.0100627576605 -0.00787690568785 0.00324323246079 0.0127104827074 0.0145173338824 0.0261179932575 0.00520854850573 0.0182571240964 0.00902358401121 0.0161692313436 0.00839456953312 0.00759245709531 0.0208714126651 0.00836371475187 -0.00342173275687 0.0119746084025 0.0149713078263 0.00862477124679 0.0187736505857 0.0193196204752 0.0139997125556 0.0270168768004 0.00403476052655 0.0155807589096 0.00559684591454 0.00941270423823 0.0169886537393 0.0122923676647 0.0218923581743 0.0226994400765 0.0181862798955 0.0110078440288 0.00494304538312 0.00950752523984 0.004302341332 0.0168472472488 0.00764201981859 0.00566967324476 0.0101220815268 0.0128854361536 0.00729875561872 0.0183867213579 0.0130065936197 0.0134421436269 0.0123174664036 0.00592976775522 0.0113027701493 0.0161143226158 -0.00527850976743 0.00827417745629 0.016974990361 0.00873716117149 0.0141221167626 0.0036446302681 0.00950355270896 0.0132651416009 0.0154405714887 0.00137038660411 0.00753422477191 0.00656031858707 0.0146248829056 0.0123971801813 -0.00856229203192 0.00268764656413 0.0075787828406 0.00526538809144 0.0117860188276 0.0136985432791 0.0159183306035 0.0174928708039 0.0131870072439 0.00107012812805 0.011725756775 -0.000892144352077 0.0136266291013 0.00459312257476 0.0194041711378 0.0102647096374 0.0180873361735 0.0161512999384 0.0139136203076 0.014358651818 -0.00495948741572 0.0189469359869 0.0191177414766 0.00971326414321 
-0.0127853760877 0.0146981845693 0.0186403258881 0.0376536927428 0.00913488109889 0.0147820005052 -0.00900930413712 0.00598237009712 -0.000322267240636 0.00713084310439 0.0311652486413 0.035809840297 0.0519945747224 0.0100627576605 0.614186199682 0.0062233542002 -0.00483096821794 0.00302129256314 0.00642964963918 0.00131666296024 0.0235773385884 -0.00467905472146 0.0165432807629 -0.0102864413708 -1.80976008855e-05 0.0256212399444 -0.00300758790603 0.0338298155571 -0.00974010133293 0.0206971174929 0.000256633823369 0.00955697220232 -0.0203190950127 0.00759418151039 -0.00520013504691 0.0204093753991 -0.00543935044308 0.020893961875 0.0537566250153 0.00420023784855 0.00402203909109 0.008027215046 0.0126495026492 0.00404677719873 -0.0101534366344 0.0111146458759 -0.00909989022188 0.0109167889358 0.0172679365688 0.00969610215583 -0.0186702743604 0.000736564266573 0.0300632900105 0.0331496037689 0.116083489573 0.0218962550543 0.0259164082792 0.0230370553548 0.0146565023796 -0.00116413083056 0.0282820021602 0.010496675302 0.00889524752084 0.0106802865728 -0.00526323628994 -0.00301137136375 -0.000803271751077 -0.00668348885228 0.00246913137294 0.0235215602895 0.00395664294869 0.010643570613 0.0122052519611 0.00613225429665 0.00551508740848 -0.0114733971636 -0.00557280492394 0.00510302406057 -0.00351650711882 0.0186095760036 0.013393479551 -0.00822018021666 0.0121606987823 -0.000470938237849 0.00106542677325 -0.0147920104582 0.00614021470907 -0.000177965647209 0.000118461592478 0.0191079091063 -0.00263488654454 0.0292958292508 -0.0100907666908 0.00746100856068 0.0077332137476 0.00666011982519 0.00389247808263 -0.00165341652381 0.00220846059701 0.0299878198934 
-0.0112835359035 0.024842266119 0.0157162950873 0.000166268242616 -0.000166849986258 0.0020558008644 -0.002863860655 0.00311544709767 -0.00147780709769 0.0116165144044 -0.0134969707087 -0.00306618722617 0.00405182572731 -0.00787690568785 0.0062233542002 0.528939598354 -0.00137758345325 0.00597256400761 -0.00388178566814 0.00500504415983 0.00208032795688 0.00530746198603 -0.00468077675945 0.01425977859 0.00557709410391 0.00217461748443 -0.00618683255687 0.012754057939 0.00872041525583 -0.014828247789 -0.00309747660655 0.00105431099936 -0.00441013893901 -0.0017801996031 -0.00191555814127 0.000962591580652 0.000388086654501 -0.00142525510698 0.0098370337831 -0.00720346142308 0.0119833682998 0.0107350642415 -0.00960850556231 -0.00387011133003 0.00549812656419 0.012944918875 -0.00230353025486 -0.00275897121159 -0.00925772415108 0.00598773800311 0.0135707243562 0.0324640704445 -0.00917469066707 0.00387254608957 0.0079086275165 0.0194477797363 8.62912513693e-05 0.00418803271394 0.00592647035819 -0.028920845758 -0.00374339265978 0.00314207710073 -0.00622239744458 0.00968405245201 -0.000779815317897 0.0210520420677 -0.00690095607867 0.0109588301355 0.0364531075558 0.0040091664527 0.00128654265536 0.00102535239202 0.0125834646015 -0.000139771614925 0.00195552341147 0.00321217574909 0.000683522226442 -0.00143823011483 0.00154492132753 0.00314857350689 -0.00131502175493 0.00539086654927 0.00123049161679 -0.0158068972837 0.00120341871132 0.00502381860506 -0.00222206144392 0.00643736255062 0.00443916482011 0.00507845212499 0.00122551410704 0.00174406324803 -0.00408218102997 0.00153166512014 0.0242364246467 0.00390174687129 0.00832053632426 0.00246416978385 0.00352918527614 0.0149441657596 
0.0212030283179 0.00975433614915 0.0232971599759 0.0184266856899 0.00844597996405 0.0368195962947 0.0103133351218 0.0160831775097 0.01367338695 -0.0119131865893 0.00568945053324 -0.008730518669 0.0217217263892 0.00324323246079 -0.00483096821794 -0.00137758345325 0.175258581239 0.0214728582313 0.0197178919462 0.0191419755232 0.000599625333443 0.0207949078986 0.0173358214863 0.0180109609893 0.0194630923988 0.00826660609805 0.0108354852365 0.0176123147732 -0.000527213795518 0.0104990243527 0.00859795973205 0.0010960887611 0.0204213291927 0.00820976578463 0.0182162001287 0.0216616825556 -0.00373433366821 0.00925179754567 0.0167616821899 0.0144301529994 0.026621342441 0.0025230379391 0.0191839460319 0.0116196409012 0.00148298073502 -0.00541124971819 0.0119029639821 0.00787553465732 0.0109566118475 0.0107801193359 0.0122909813963 0.00680922724005 0.0172181077393 0.0207137094754 0.0157902268419 0.0165568058265 0.0214157233087 0.0185777704849 0.0188023470451 0.0110234825183 0.0103748484763 0.0151302691391 0.00372696009923 0.00380854914349 0.00838264803955 0.0167312893406 0.0393393449501 0.00800705140599 0.0189199650279 0.0190404195476 0.0445773754169 0.0167880000886 0.0195870723546 0.00390943844619 0.0407348216504 0.0114683147972 0.00294627492086 0.000650661206304 0.0275084826635 0.0160719135031 0.00428124731312 0.0223778739242 0.0138260685743 0.00473858902532 0.0360387456975 0.00134727243694 -0.00962585117582 -0.00337907189529 0.0259922284756 0.0317308449853 0.0299819184123 0.0221518711371 0.0129289292964 0.00217657183533 -0.000343950621841 -0.0118268848136 0.0143612297609 0.0105124202988 0.0246070450986 0.0228019988833 
0.0109568040357 0.00964523327881 0.0228909497057 0.0120810646825 0.00477835458858 0.0128645121623 0.0105087442397 0.0212586270296 -0.000743523056066 0.00722014220515 0.0147794801387 0.0203214451204 0.0351255252103 0.0127104827074 0.00302129256314 0.00597256400761 0.0214728582313 0.208904854024 0.015302233815 0.00948054514111 0.00343969038303 0.00320543838343 0.00586711516204 0.0313295688949 0.0442867682173 0.0248504510132 0.0147795876561 0.00487443069726 0.0110022491729 0.0176073685562 0.0126949929019 0.00887793573668 0.00767088344618 0.0129283490704 0.00869380037638 0.022436131619 0.0162811916601 0.0142513579489 0.0160267036155 0.0157051720115 0.0187838253535 0.00577649548635 0.0208404774177 0.0184352679507 0.00330637642601 0.00823541436561 -0.00843783811299 0.0211776000224 0.012472113276 0.0161929074061 0.00527342184811 0.0159178949631 0.0158516759717 0.0139201640835 0.054693232379 0.0430857924995 0.0220890238044 0.0201832386286 0.0273664449161 0.0242184020873 0.013943965266 0.0319853039147 0.0121150880413 0.0141329260349 0.00564315898682 0.0148492819697 0.0266536230451 0.000187709483163 0.0240278198832 0.0282712222267 0.0209052861302 0.0143039353845 0.019220992212 0.000967825742471 0.0353284619552 0.00646429534991 0.0128917288794 0.0142136909776 0.0275630951304 0.00607461440049 0.0039400974358 0.0134949318198 0.0224656890946 0.000132953136402 0.0275030109695 0.00929461359459 0.00127131155736 0.00711685750535 0.0174999206077 0.0235559180272 0.0221782665172 0.00372717455051 0.0342742382084 0.0152184648349 0.000940004466903 0.00547795485171 0.0274999846957 0.0233150906983 0.010395511717 0.0243662244235 
0.00827765671535 0.00351520102915 0.0128511557649 0.0127095483339 0.00702673776123 0.0114126956326 0.0301291596766 -0.00273207762753 0.000878242688521 0.00645857788085 -0.00401107856527 0.0137171805083 0.0434074361038 0.0145173338824 0.00642964963918 -0.00388178566814 0.0197178919462 0.015302233815 0.149196028538 0.0191624321852 0.0122889795092 0.00821375915135 0.00868155536328 0.0172597623108 0.00391602404214 0.0118259339713 0.0112819417467 0.00158483188822 -0.00637629340605 0.00682431883827 0.0167243726829 0.0184271948794 0.00439050027023 0.00145962358039 0.00483989177207 0.0194059849415 0.0282420081916 0.0215036787945 0.0142534351016 0.0199425706271 0.0162485124502 0.0133108587643 0.0170646525054 0.0170616227239 0.0138112469952 0.0149827663323 0.00679059816063 -0.00307292266855 0.0191118999893 0.0232134072479 0.0121477686338 0.00483005690594 0.0123748829972 0.0110868287501 0.00159040903362 0.00899937736779 -0.00420947775395 0.0151813558165 -0.00116929300098 0.0192287539227 0.00395565881924 0.0199242985621 0.000902414170363 0.0207894089458 0.0138293288463 0.0107941101256 0.0188906673556 0.0130675170938 0.0200273963503 0.0161225614498 0.0164820493326 0.013393966447 0.0196120606195 -0.0103033584773 0.0285907758525 0.00746735121585 0.00695427786799 0.018008778205 0.0154803593743 0.00623904319972 0.00976254013833 0.0139684762876 0.00781736042157 0.000339814523081 0.0110225494207 0.013348583126 0.00325281362701 0.00167778784428 0.0166151947597 0.0384606948124 0.00659071564519 0.0147527635345 0.00777284098066 0.00354157509936 0.0107152736892 0.00747437112818 0.00638300166578 0.0146550997273 0.011296989667 0.0113671842416 
0.0135698042385 0.00265293223301 0.0105898740387 0.00924178903175 0.0273553255515 0.0132318657906 0.021097062415 0.0199166017424 0.010592355776 0.00271815083363 0.0151216160313 0.00980527423046 0.0270696868459 0.0261179932575 0.00131666296024 0.00500504415983 0.0191419755232 0.00948054514111 0.0191624321852 0.21403174752 0.0103762097035 0.00895635196308 0.0159231980898 0.019789150109 0.0127091181421 0.00544401121847 -0.000959098950135 0.00789735100816 0.0125075726996 0.0126184911025 0.0226320890768 0.0111653086826 0.0129846887567 0.00671374730628 0.0814505828633 0.00811611409663 0.000901168799356 0.0154282053843 -0.0010726255197 0.0209470794265 0.0192770302056 0.0157244118962 0.0144730396698 0.0305844232869 0.00829060585247 0.0155640345697 0.0341065168085 0.0139941842448 0.0154053283987 0.0372056518702 -0.00184362918446 0.0121733760687 0.0307362609123 0.0234915340424 0.00673853448237 0.0127688242191 -0.00182895792656 0.0209426425301 0.0121525649483 0.00825259613398 0.01354659782 0.00660477448091 0.0259309185892 0.0194543263602 0.015202397896 0.00178172747106 0.0193598360102 -0.000424799081791 0.0152153313228 0.00530337755108 0.018586085247 0.0150418101342 0.0213276694725 0.0217619741012 0.0192339084101 0.00824064778572 0.00313761021775 0.00250145257917 0.0104102584742 0.00767230399586 0.00391388887129 0.00381518831018 0.0174261501695 0.0113713701921 0.0197449110746 0.0264548610421 0.0125916624286 0.013934798799 0.0215305822443 0.0112775277319 0.0201636650859 0.0114896856147 0.0073878990283 0.00171081452061 0.0154826095539 0.0262042946042 0.00743833286441 0.0231356494805 0.0144297652093 0.0132242949479 
0.00612990822987 0.0110837395208 0.00615611259928 0.00742189758215 -0.0123878528919 0.00225421994981 0.019165814125 0.0050341875377 0.0174490861588 0.00750147223746 0.00729991582981 0.0197703002076 0.0286287243193 0.00520854850573 0.0235773385884 0.00208032795688 0.000599625333442 0.00343969038303 0.0122889795092 0.0103762097035 0.2134082431 -0.00414226588011 0.00740930983224 -0.00338302789788 0.0157238162401 -0.00358766993645 -0.0086410715387 0.0044472502023 0.00594397907589 0.0114895167019 0.00041501280215 0.00969424420264 0.00479462405303 0.00499789784879 0.00938280205156 -0.00334756797859 0.0364139848935 -0.00487088323914 0.0073802440316 0.00120442713997 0.00917754962156 -0.000311812734303 -0.00432898335229 0.0120360997276 -0.00425703788035 0.0121101623998 0.00812695354794 0.0129995997793 0.0161651780752 0.00284399631814 0.0101787732348 -0.006509668432 -0.00620736053711 0.0176924301731 0.0221556193886 0.00812782048739 0.0132773457551 -0.00436414863846 0.003498351118 0.00100734598982 0.020255951468 0.00812217832861 0.0142808211576 0.00276493195725 0.00318297040868 0.0106941469251 0.00380125227678 0.00600175988832 -0.00223410255766 0.0165709370539 -0.000665315417003 0.0186201957247 0.00894456404855 0.00352176949996 0.00108845222669 -0.00338158281875 -0.000913493113385 0.0196009375053 -0.00461677188676 0.00724200287982 0.0213276732816 -0.00637532790319 -0.00609333571108 0.00399824737342 -4.02815151019e-05 0.00228416641675 0.000454020468976 0.0186705280965 0.00441105318204 0.0139995067301 -0.00173704356592 0.00224621301896 0.00762947332319 0.00346493436663 0.0117325441569 0.00766641550109 0.0148684134977 0.015299383351 0.00409266018497 0.00128244910819 
0.0164253986212 -0.00971312150371 -0.00818175990106 0.00144052217878 0.0136556442761 0.019072436826 0.0310803971721 0.00453660782587 -0.0065500657495 -0.0104102419763 0.0185187942003 0.00538236061912 0.0457221496084 0.0182571240964 -0.00467905472146 0.00530746198603 0.0207949078986 0.00320543838343 0.00821375915135 0.00895635196308 -0.00414226588011 0.37897269349 0.0114270440235 0.0236981026141 0.0263840618679 0.0153859189755 0.0244076082635 -0.000851424115594 0.00024848504186 0.017293436648 0.00677073462107 0.0213216670494 0.0236682876315 0.00603617560091 0.00884241602022 0.019376543711 -0.0118929188438 0.0101678508682 0.000607631293459 0.0475726348367 0.0252105904908 -0.00619078922595 0.0150940067775 0.0311968197554 0.0226596449738 0.0016728612659 0.00163169932331 0.0170848948747 0.0279698671726 0.022588652307 0.0108727647111 0.00145385857194 -0.00187662199676 0.0105497668896 0.00496053853493 0.0221946912038 -0.002163573243 0.00995524903244 0.0304964654852 0.000457341224291 0.00976994414002 0.00325097211673 0.0610906580153 0.0248278485783 0.00820178842454 -0.0129023452551 0.0154744455832 0.00633285652825 0.00236141779678 0.0290840645233 0.0209449195841 0.0143793676678 0.0274075008687 -0.016044754036 0.0222506493629 0.00690751863918 -0.0045008732249 0.0147554742889 0.0385509340321 -0.00238862714475 0.0159418728596 0.0343129470596 0.0206096448913 0.0298333674202 0.0230658840946 0.00804962553419 0.0045404550707 0.014775459188 0.0152981530058 0.01025226257 0.0280178257871 -0.00381908276484 0.0126601279781 0.0127183925563 0.0105897537823 0.0274719612622 -0.00516410859242 0.0176967339373 0.0308631600045 0.00283686217402 
0.00649062176743 -0.0048641197174 -0.00461834796967 0.0107724797272 -0.00378332631381 0.0133290161163 0.0268686785148 0.0341715567618 0.00269908806652 0.00247543409626 0.0585451826008 0.0218066979253 0.0461751843232 0.00902358401121 0.0165432807629 -0.00468077675945 0.0173358214863 0.00586711516204 0.00868155536328 0.0159231980898 0.00740930983224 0.0114270440235 0.456340505044 0.00112481651991 0.0196016714656 0.00726711767456 0.0239352618871 0.00263475912486 -0.00216081945151 0.0308003969438 0.0514883427616 0.00545020712867 0.0295152982263 -0.00416908173808 0.00666838953392 0.0089741404638 0.0113333965836 0.00736070365902 0.0128489870069 0.0397122001228 0.0178928420192 0.00876273175419 0.00526674554263 0.00756283012058 0.0151220470404 0.0224143070384 -0.00791014561446 0.00781248214409 0.00533975069496 0.0188355076927 0.0210066746428 -0.00788337199971 -0.00384697826859 0.0160059762978 0.00725373929753 -0.000651085437477 0.00659887195564 0.00319168448329 0.0345351453813 -0.00326253269649 0.00166759229537 0.0200407977044 0.102732985001 0.0144232745883 0.00564318310799 0.00572368871251 0.00468971725118 0.00368888213613 0.0183367655209 0.0245573782184 0.00310917159342 0.0201312315968 0.0198409043217 -0.000219758323834 0.0226686610995 0.0108104602017 0.0144935199748 0.00951582322023 0.011646976669 -0.00239784768512 0.028555539264 0.0156761851943 0.00294117823128 0.0196680393003 0.00901331303355 0.0178934700797 0.0133946814585 0.00900337162719 0.0155860840578 0.0373679446064 0.0644977041528 0.0112050203647 0.019241160325 0.00558942849811 0.0260752857912 0.00945525803014 -0.0176922379762 0.0314853091163 0.0318443061202 -0.00839957462395 
