40
0.0125275076286 0.0690593134036 0.0367752030525 0.0545934085328 0.104903250727 0.0144645316835 0.0559384191954 0.0254946283421 0.106366385329 0.0289058353667 0.0695535734162 0.0788996306534 0.0122123060087 0.0284224966367 0.0538734886168 0.0248078828137 0.0270000307956 0.0357981155146 0.0952881581377 0.0340091550877 0.143796644659 0.0151091702759 0.044344522835 0.0878126089614 0.0362094771936 0.123926899062 0.0434942638749 0.0267965440056 0.0240188564254 0.118814959333 0.0153161335694 0.0451551332239 0.0545718905582 0.0115927538848 0.0324915821016 0.0256345374975 0.0672535079153 0.0313696733512 0.0210054402465 0.10135047428 
0.292632817826 0.00642165216808 0.00856390830116 0.0176310867794 0.0184898720226 0.00647509758443 0.013498315019 0.00685032086245 0.0159719144627 0.00294441160555 0.0715311837183 0.0256179996009 0.0194432167721 0.0126777973801 0.0235030697514 0.0123516686156 0.0188620423926 0.0156807477535 0.0035916221623 0.0197634552406 0.0310526519847 0.0127374911429 0.0171649547481 0.00471784462349 0.0146156758011 0.0450127142056 0.0172960259624 0.0145671751918 0.0293680917145 0.0109606705371 0.0131704981362 0.0136984217374 0.00962000362578 0.0190114457089 0.0307569100425 0.0152190523676 0.000486528420633 0.00873458047318 0.0103883523796 0.0233779551223 
0.00642165216808 0.427695516372 0.0158402035139 0.0115703244159 0.0211862615079 0.00897828408821 0.0136260061578 0.00618161690774 0.0304073393603 0.0167596238889 0.0314645121776 0.00882889285745 0.0166753535081 0.0207787625651 0.00800469680435 0.0164768118679 0.018861389311 0.0202591609629 0.0428400505851 0.0152589629733 0.0567798582464 0.00109385448046 0.016105403212 0.0160149091519 0.0316548785454 0.021581997499 0.0388287222242 0.0171034716904 0.00233205713913 0.00201825036575 0.0109438397045 0.00405622345183 0.0203702900259 0.00557579043431 0.00631520946205 0.013939215602 0.010437302931 0.0181115502536 0.00745180597904 0.0113933863181 
0.00856390830116 0.0158402035139 0.255718346355 0.0131620141446 0.0218720227217 0.0184095010371 0.0143196736067 0.0043363545149 -0.00695807184826 0.00886241300811 0.0175167106424 -0.00244597958701 0.00660384723668 -0.0058166306105 0.00384806000696 0.00566893956659 0.014982106056 0.0292961111614 0.028652109064 0.0390430310964 0.0221298583699 0.00477328047789 0.0174458997752 0.0294529416345 0.027402041418 -0.00450928938183 0.0133115715361 0.0200774454958 0.0188579480913 0.0149778108962 0.0115454764872 0.00813921634045 0.00300618794816 0.0100075614644 0.00721336226516 0.0108438481329 0.0131450325228 0.0128565577643 -0.00142487584318 0.0259333374336 
0.0176310867794 0.0115703244159 0.0131620141446 0.261221203802 0.0502969395331 0.02227417986 0.0162607113663 0.0107530784793 0.0509045980221 0.0165522646772 0.0068931562437 0.00995124788627 0.0190671180089 0.00225959530961 0.0225217548835 0.0098085506795 0.0527545150357 0.00519071284746 0.0642335279584 0.0132443103006 0.0710645160025 0.010427479505 0.0659849701937 0.0322928986055 0.0237540371952 0.0198303554767 0.0730835407986 0.0108778183369 0.0298709042455 0.0215334836675 0.0143072812594 0.0141594737667 0.0237324936594 0.0191887700384 0.0151272379531 0.00172658696986 0.0238925293275 0.0312162062276 0.00252786445268 0.0518261495536 
0.0184898720226 0.0211862615079 0.0218720227217 0.0502969395331 0.467965779062 0.0038750509199 0.0421334829957 0.00992496335076 0.03755917769 0.0249000286854 0.0246927875671 -0.00283770507434 0.0133488701838 -0.000750454514225 0.0348611989738 0.0256963815653 0.0338256255773 0.0370138867369 0.0700285040984 0.012066913029 0.0711160877782 0.00848819305128 0.0518516746519 0.038020542366 0.0287637402634 0.0216631677823 0.0461405885381 0.028332732607 0.0409901966063 0.0234108889681 0.0016214555686 0.0196892795078 0.00327623098587 0.0178647856593 -0.00423228568276 0.0272244181491 0.0255705444638 0.0273949076488 0.0148017005404 0.0257266796416 
0.00647509758443 0.00897828408821 0.0184095010371 0.02227417986 0.0038750509199 0.283199001341 0.0145073900018 0.00914136773021 -0.00922085137772 0.0108839387075 -0.00216461558341 -0.0208618111894 0.0316334078829 0.0115408289744 0.00711609584743 0.00954864603047 0.0207389804714 -0.00262916017329 0.000379561913869 0.015225603544 0.0141570075188 0.00484303513414 0.0246693189803 0.022106770346 0.00472196702902 0.0251343693387 0.0235712761373 0.00326224997035 0.0135327408309 0.0380672911778 0.00113620274976 0.0184878524274 0.0181423173404 0.00746707681357 0.00433485017235 0.00953007188181 0.0239025247029 0.00931170134725 0.00540286473477 0.023292301125 
0.013498315019 0.0136260061578 0.0143196736067 0.0162607113663 0.0421334829957 0.0145073900018 0.228681084629 0.0122787936797 -0.00121597994031 0.0182107163427 0.0215132804356 0.000605868321712 0.00306256967238 0.0235203236658 0.0509626773286 0.0038243403232 0.013577771879 0.0135186002691 0.0257207231644 0.0223465753935 0.0281268675031 0.0156409296181 0.0213465170253 0.00819566600485 0.0170925566258 0.00233052318104 0.0326144103891 0.00856250322823 0.019542948151 0.0354086142999 0.00537628527074 0.0164831586428 0.0140333970759 -3.54411448859e-05 0.017605551682 0.00955780360041 0.0317672328236 0.00341202568763 0.00429380422093 0.0339208323853 
0.00685032086245 0.00618161690774 0.0043363545149 0.0107530784793 0.00992496335076 0.00914136773021 0.0122787936797 0.202904087698 0.0322041494048 0.0124459359709 8.91605519916e-06 -0.0100267346089 0.0147091078994 0.0158063068359 0.000303784323845 -0.00136983538038 0.0136713135672 0.0132013587328 0.010547458707 0.0129846997147 0.0208554902014 0.0131782964187 0.0199959222204 0.00549429379349 -0.000816563842146 0.00423433270495 0.000129126696834 0.0159214138632 0.00183435938259 0.0104419760119 0.0471564349909 0.0019125091838 0.0384160053806 0.0115438766911 0.00720372180793 0.018319401212 0.0178587495502 0.00850681035552 0.00626512657183 0.0207777174366 
0.0159719144627 0.0304073393603 -0.00695807184826 0.0509045980221 0.03755917769 -0.00922085137772 -0.00121597994031 0.0322041494048 0.468100064023 0.0189905837518 -0.00582977887173 0.0108779627064 0.00473619754749 0.00165294594831 0.0127498439751 0.00926009266641 0.0179220265628 0.0169448191787 0.0499260947093 -0.0110026787743 0.0584113189631 0.00589697933132 0.0287332038542 0.00561499638874 -0.00417691487314 0.00610560985874 0.0232822914316 -0.00219161438413 0.0180525628344 0.0336262683227 0.0254423169605 0.0233809444184 0.0416908640312 0.0153880519166 0.0147738694775 0.00581606919212 0.00923629912004 0.0124560802777 0.00312105597424 0.0355256620622 
0.00294441160555 0.0167596238889 0.00886241300811 0.0165522646772 0.0249000286854 0.0108839387075 0.0182107163427 0.0124459359709 0.0189905837518 0.234704212924 0.0151731147527 0.0072351166402 0.0103690690861 0.00979751793704 0.0297112194544 0.0162785630984 0.0190041794994 0.0156753439341 0.0311443306842 0.0161871474552 0.066621539412 0.0177204389226 0.0211645870274 0.0412408262885 0.0210345117565 0.0259741956759 0.0118064461449 0.0180819716619 0.0259778168338 0.010346783994 0.0110656665717 0.0150225546477 0.0277223671984 0.0239828904949 0.0146044063009 0.0115574269032 0.0179523402593 0.00875848286131 0.00853884342784 0.0236869100391 
0.0715311837183 0.0314645121776 0.0175167106424 0.0068931562437 0.0246927875671 -0.00216461558341 0.0215132804356 8.9160551991e-06 -0.00582977887173 0.0151731147527 0.393606718134 0.0106026884993 0.00799463220384 0.00838944757599 0.0124435295524 -0.0109625377189 0.0213146109246 0.00639699887323 0.0277630485819 0.0132949109147 0.0224790669313 0.0050123765936 0.004718415431 0.0163572703778 0.0138005647806 0.00581211758659 0.0107971370617 0.0140786231256 0.0103597667108 0.0241333209818 0.00254181625773 -0.00446006290694 -0.00967921808222 0.00393585656935 0.000510508868104 0.0166237968754 0.0101807589934 -0.00497488485525 0.00708755759302 0.0195760844032 
0.0256179996009 0.00882889285745 -0.00244597958701 0.00995124788627 -0.00283770507434 -0.0208618111894 0.000605868321712 -0.0100267346089 0.0108779627064 0.0072351166402 0.0106026884993 0.756174354314 -0.00330458068476 0.0373237248522 0.0176837706048 0.00793256633399 0.0100375178589 0.00318061448369 0.0162592080409 0.00302726345641 0.00981643336135 0.00611690688783 0.0107183240633 0.0105923638021 0.0108340037599 0.00049361741153 0.0125654704307 0.00610643442721 0.0155551506216 -0.00469142514154 0.0039615169813 -0.00696409257308 -0.0110010862521 0.0191573625663 0.0128613826864 -0.00131111135527 0.0320868954537 0.00920763132848 -0.00649303310201 0.0472892943273 
0.0194432167721 0.0166753535081 0.00660384723668 0.0190671180089 0.0133488701838 0.0316334078829 0.00306256967238 0.0147091078994 0.00473619754749 0.0103690690861 0.00799463220384 -0.00330458068476 0.287954418201 -0.00497775464046 -0.00308174332442 0.014788349989 0.00302227179976 0.00236334920053 0.0272480850602 0.00405382085674 0.0283194428992 0.00457181647259 0.0146729766792 0.00491705923013 0.00270298666689 0.0229394006437 0.0230128710307 0.00439991151148 0.00871105057613 0.014580430333 0.0149189629831 0.0126572470704 0.00955522843733 0.00874615578296 -0.00883939940351 0.01718045959 -0.000414159275547 0.00238655404922 -0.00107327649684 0.0193259697205 
0.0126777973801 0.0207787625651 -0.0058166306105 0.00225959530961 -0.000750454514225 0.0115408289744 0.0235203236658 0.0158063068359 0.00165294594831 0.00979751793704 0.00838944757599 0.0373237248522 -0.00497775464046 0.194726791195 0.00581232350258 0.00250454131017 0.00748210566518 0.00553890983763 -0.00683026752934 0.00416382697394 0.0136305244183 0.0113666471001 0.00589669699417 -0.00134105172253 -0.000516946656067 -0.00383929280832 0.00358413281502 0.0170094157514 0.016950136828 2.15452530867e-05 0.018240554986 0.0128800787035 0.00335547116861 0.0127324024151 -0.00415294861998 0.0158774085639 0.0116268801069 0.0157066802794 0.0111230681811 0.0140576837228 
0.0235030697514 0.00800469680435 0.00384806000696 0.0225217548835 0.0348611989738 0.00711609584743 0.0509626773286 0.000303784323845 0.0127498439751 0.0297112194544 0.0124435295524 0.0176837706048 -0.00308174332442 0.00581232350258 0.376369837179 0.0162856847974 0.022264018059 0.0231537756253 0.0441304771227 0.00737508776364 0.065920736957 0.0156448975947 0.0182948824319 0.0149470380948 0.0192488959032 0.0180064178928 0.0309553834954 0.0157882310508 0.0257249922245 0.0297718602159 -0.0072439526094 0.0125955065313 0.00436201122299 0.00856112945006 0.0153158907664 0.0166528380515 0.0355113403757 0.0120419830345 0.0097537001807 0.0400853566917 
0.0123516686156 0.0164768118679 0.00566893956659 0.00980855067949 0.0256963815653 0.00954864603047 0.0038243403232 -0.00136983538038 0.00926009266641 0.0162785630984 -0.0109625377189 0.00793256633399 0.014788349989 0.00250454131017 0.0162856847974 0.213714262878 0.0194573408853 0.0111845533696 0.0195749161687 0.00795700407263 0.0305730147778 0.0155443045589 0.0188088773875 0.0270733428403 0.00161165040974 -0.00789887708749 0.0185976964923 0.00827443040593 0.019796868097 0.0189180207519 0.00275634232186 0.00294975611969 0.0168365661048 0.0155399485816 0.00430285408844 0.00310822168476 0.0103869538228 0.0109024663991 0.0129952158334 0.0126559153046 
0.0188620423926 0.018861389311 0.014982106056 0.0527545150357 0.0338256255773 0.0207389804714 0.013577771879 0.0136713135672 0.0179220265628 0.0190041794994 0.0213146109246 0.0100375178589 0.00302227179976 0.00748210566518 0.022264018059 0.0194573408853 0.208767358734 0.0113144561777 0.0385566040506 0.00809440049917 0.0565310402389 0.0139023877627 0.0373971833034 0.000986008696583 0.0277382535505 0.00259454134377 0.0571124722992 0.00977122901219 0.031515766587 0.0119571704083 0.00154774123139 0.0128507496786 0.00160034724362 0.01720029544 0.01881733469 0.0123243586928 0.0176571266979 0.0191015130404 0.0048519658769 0.0119190257131 
0.0156807477535 0.0202591609629 0.0292961111614 0.00519071284746 0.0370138867369 -0.00262916017329 0.0135186002691 0.0132013587328 0.0169448191787 0.0156753439341 0.00639699887323 0.00318061448369 0.00236334920053 0.00553890983763 0.0231537756253 0.0111845533696 0.0113144561777 0.253662362147 0.0449386055153 0.0178965385913 0.0185754132701 0.00919687929606 0.020115721645 0.0158840416849 0.0219308946388 0.00212067617602 0.028071095722 0.0212093338314 0.00431299846777 0.00248009187224 0.0220933790095 0.0101898624343 0.0186773270101 0.0203763325972 0.0239825953797 0.0207028220548 0.0328188931024 0.0244722720725 0.0107350803098 0.00949713979381 
0.0035916221623 0.0428400505851 0.028652109064 0.0642335279584 0.0700285040984 0.000379561913869 0.0257207231644 0.010547458707 0.0499260947093 0.0311443306842 0.0277630485819 0.0162592080408 0.0272480850602 -0.00683026752934 0.0441304771227 0.0195749161687 0.0385566040506 0.0449386055153 0.550026032275 0.0343775673867 0.0786603548269 0.021903639522 0.0674232825682 0.0182933169455 0.0391041763147 0.0452750993897 0.0957920291023 0.0307402968256 0.0222492967982 0.0497167183032 0.0128610241559 0.0236809264074 0.0218200145869 0.0175074108671 0.0640961991213 0.017692346699 0.0712687746817 0.0135763145819 0.00428249153796 0.0453099937607 
0.0197634552406 0.0152589629733 0.0390430310964 0.0132443103006 0.012066913029 0.015225603544 0.0223465753935 0.0129846997147 -0.0110026787743 0.0161871474552 0.0132949109147 0.00302726345641 0.00405382085674 0.00416382697394 0.00737508776364 0.00795700407263 0.00809440049917 0.0178965385913 0.0343775673867 0.206317732028 0.0158279292164 0.00434910996293 0.0167172396785 0.0157910738167 0.0289889629198 0.00982298077579 0.0229997964725 0.0413087475525 0.012632418027 0.00928819293329 0.0245940603803 0.00721669011456 0.0275523077066 0.0121622198609 0.0124528230977 0.0126260565403 0.033334681237 0.0171669418084 0.0146327722565 0.0376459446965 
0.0310526519847 0.0567798582464 0.0221298583699 0.0710645160025 0.0711160877782 0.0141570075188 0.0281268675031 0.0208554902014 0.0584113189631 0.066621539412 0.0224790669313 0.00981643336135 0.0283194428992 0.0136305244183 0.065920736957 0.0305730147778 0.0565310402389 0.0185754132701 0.0786603548269 0.0158279292164 0.633289287034 0.00903858329487 0.0432829435806 0.0655463580896 0.0705193643902 0.0526508279572 0.0436008209806 0.0390638776126 0.0586949806756 0.0685694135988 0.0301609372416 0.0294098816417 0.0157626067486 0.0322570632222 0.00257861951443 0.00741745442427 0.0418338864237 0.0330834161306 0.00149522494058 0.0674267594717 
0.0127374911429 0.00109385448046 0.00477328047789 0.010427479505 0.00848819305128 0.00484303513414 0.0156409296181 0.0131782964187 0.00589697933132 0.0177204389226 0.0050123765936 0.00611690688783 0.00457181647259 0.0113666471001 0.0156448975947 0.0155443045589 0.0139023877627 0.00919687929606 0.021903639522 0.00434910996293 0.00903858329487 0.157619879962 0.0218680896333 0.0110812935954 0.0178552021044 0.00956282104833 0.0227799969979 0.0132342931874 0.0140944879496 0.0155509581442 0.00475875503669 0.00498344794417 0.0236194454649 0.00826828474656 0.015182337722 0.0202301588253 0.0185259270638 0.0218901954956 0.00909343072908 0.0150133811762 
0.0171649547481 0.016105403212 0.0174458997752 0.0659849701937 0.0518516746519 0.0246693189803 0.0213465170253 0.0199959222204 0.0287332038542 0.0211645870274 0.004718415431 0.0107183240633 0.0146729766792 0.00589669699417 0.0182948824319 0.0188088773875 0.0373971833034 0.020115721645 0.0674232825682 0.0167172396785 0.0432829435806 0.0218680896333 0.192997104772 0.0196398079615 0.0378098758588 0.0105752586528 0.0634084271968 0.0225393374218 0.0224205369496 0.043235578395 0.0152994478926 0.0118580725983 0.0185063390218 0.00736886483949 0.0128845510566 0.0155829378046 0.023702688887 0.0220021119215 0.00677240728118 0.03554465613 
0.00471784462349 0.0160149091519 0.0294529416345 0.0322928986055 0.038020542366 0.022106770346 0.00819566600485 0.00549429379349 0.00561499638874 0.0412408262885 0.0163572703778 0.0105923638021 0.00491705923013 -0.00134105172253 0.0149470380948 0.0270733428403 0.000986008696583 0.0158840416849 0.0182933169455 0.0157910738167 0.0655463580896 0.0110812935954 0.0196398079615 0.479452630564 0.0199981461017 0.0107135774018 0.021805330894 0.0123006087199 0.00964767506162 0.0299402458519 0.00201994325669 0.0118728205488 -0.00280912510383 0.00905555706995 0.0398191421375 0.0225097285431 0.0262801863297 0.0171633899776 -0.00197444994401 0.0813168931879 
0.0146156758011 0.0316548785454 0.027402041418 0.0237540371952 0.0287637402634 0.00472196702902 0.0170925566258 -0.000816563842146 -0.00417691487314 0.0210345117565 0.0138005647806 0.0108340037599 0.00270298666689 -0.000516946656067 0.0192488959032 0.00161165040974 0.0277382535505 0.0219308946388 0.0391041763147 0.0289889629198 0.0705193643902 0.0178552021044 0.0378098758588 0.0199981461017 0.246400142728 0.0101890224043 0.0261123581993 0.0360579079755 0.0207012576386 0.0125037217136 0.00748402238853 0.0131784883223 0.00197393778727 0.0144938438111 0.0183799312876 0.0170221084511 0.0356220594866 0.029308823849 0.00616589928054 0.0297423127554 
0.0450127142056 0.021581997499 -0.00450928938183 0.0198303554767 0.0216631677823 0.0251343693387 0.00233052318104 0.00423433270495 0.00610560985874 0.0259741956759 0.00581211758659 0.00049361741153 0.0229394006437 -0.00383929280832 0.0180064178928 -0.00789887708749 0.00259454134377 0.00212067617602 0.0452750993897 0.00982298077579 0.0526508279572 0.00956282104833 0.0105752586528 0.0107135774018 0.0101890224043 0.905060017762 0.0123253164489 0.00839249222563 0.0154917933901 0.0163835050406 0.00786257541177 -0.0133281170961 0.00331229310791 -0.00169446623152 -0.000243322854002 -0.00602720381942 0.0250938534981 0.0249639876195 -0.00618124887479 0.0702705735774 
0.0172960259624 0.0388287222242 0.0133115715361 0.0730835407986 0.0461405885381 0.0235712761373 0.0326144103891 0.000129126696834 0.0232822914316 0.0118064461449 0.0107971370617 0.0125654704307 0.0230128710307 0.00358413281502 0.0309553834954 0.0185976964923 0.0571124722992 0.028071095722 0.0957920291023 0.0229997964725 0.0436008209806 0.0227799969979 0.0634084271968 0.021805330894 0.0261123581993 0.0123253164489 0.286625968517 0.0112072134419 0.0365975140443 0.0253831848682 -0.00375628803897 0.0151312550321 -0.000158697656589 0.00908404473667 0.0180728559061 0.0262527371853 0.0496110845399 0.00377761249918 0.00801150237268 0.0445443442739 
0.0145671751918 0.0171034716904 0.0200774454958 0.0108778183369 0.028332732607 0.00326224997035 0.00856250322823 0.0159214138632 -0.00219161438413 0.0180819716619 0.0140786231256 0.00610643442721 0.00439991151148 0.0170094157514 0.0157882310508 0.00827443040593 0.00977122901219 0.0212093338314 0.0307402968256 0.0413087475525 0.0390638776126 0.0132342931874 0.0225393374218 0.0123006087199 0.0360579079755 0.00839249222563 0.0112072134419 0.171581122548 0.0270758871123 0.0105634653291 0.0168994430184 -0.00788630900598 0.0203279741448 0.0197457153798 0.0172488010575 0.0123894088055 0.0269282216351 0.0132607606444 0.00832311138936 0.0329946361887 
0.0293680917145 0.00233205713913 0.0188579480913 0.0298709042455 0.0409901966063 0.0135327408309 0.019542948151 0.00183435938259 0.0180525628344 0.0259778168338 0.0103597667108 0.0155551506216 0.00871105057613 0.016950136828 0.0257249922245 0.019796868097 0.031515766587 0.00431299846777 0.0222492967982 0.012632418027 0.0586949806756 0.0140944879496 0.0224205369496 0.00964767506162 0.0207012576386 0.0154917933901 0.0365975140443 0.0270758871123 0.191832127374 0.013349954806 0.0103450427793 0.0162510656588 0.00952926124643 0.0103674456419 0.0146557813224 0.0106167801796 0.0200812326187 0.0177700646136 -0.00126047639883 0.0192439018168 
0.0109606705371 0.00201825036575 0.0149778108962 0.0215334836675 0.0234108889681 0.0380672911778 0.0354086142999 0.0104419760119 0.0336262683227 0.010346783994 0.0241333209818 -0.00469142514154 0.014580430333 2.15452530868e-05 0.0297718602159 0.0189180207519 0.0119571704083 0.00248009187224 0.0497167183032 0.00928819293329 0.0685694135988 0.0155509581442 0.043235578395 0.0299402458519 0.0125037217136 0.0163835050406 0.0253831848682 0.0105634653291 0.013349954806 0.500997507137 0.009645687195 0.00443382015583 0.020784532806 0.0156062407507 0.0084511055651 0.00768979304706 0.0237704402353 0.00975218318997 -0.0051046163006 0.0702922179286 
0.0131704981362 0.0109438397045 0.0115454764872 0.0143072812594 0.0016214555686 0.00113620274976 0.00537628527074 0.0471564349909 0.0254423169605 0.0110656665717 0.00254181625773 0.0039615169813 0.0149189629831 0.018240554986 -0.0072439526094 0.00275634232186 0.00154774123139 0.0220933790095 0.0128610241559 0.0245940603803 0.0301609372416 0.00475875503669 0.0152994478926 0.00201994325669 0.00748402238853 0.00786257541177 -0.00375628803897 0.0168994430184 0.0103450427793 0.009645687195 0.141181125891 0.0106352880621 0.0524637648214 0.0115990990432 0.00884856257474 0.0075100589309 0.00884434066608 0.0147233480631 0.00668944941934 0.00588997469838 
0.0136984217374 0.00405622345183 0.00813921634045 0.0141594737667 0.0196892795078 0.0184878524274 0.0164831586428 0.0019125091838 0.0233809444184 0.0150225546477 -0.00446006290694 -0.00696409257308 0.0126572470704 0.0128800787035 0.0125955065313 0.00294975611969 0.0128507496786 0.0101898624343 0.0236809264074 0.00721669011456 0.0294098816417 0.00498344794417 0.0118580725983 0.0118728205488 0.0131784883223 -0.0133281170961 0.0151312550321 -0.00788630900598 0.0162510656588 0.00443382015583 0.0106352880621 0.309215043857 0.0168354176445 -0.00180884637239 0.00160543553382 -0.0029319344463 0.00585449924377 0.00665798544129 0.00884948971879 0.0151299250853 
0.00962000362577 0.0203702900259 0.00300618794816 0.0237324936594 0.00327623098587 0.0181423173404 0.0140333970759 0.0384160053806 0.0416908640312 0.0277223671984 -0.00967921808222 -0.0110010862521 0.00955522843733 0.00335547116861 0.00436201122299 0.0168365661048 0.00160034724362 0.0186773270101 0.0218200145869 0.0275523077066 0.0157626067486 0.0236194454649 0.0185063390218 -0.00280912510383 0.00197393778727 0.00331229310791 -0.000158697656589 0.0203279741448 0.00952926124643 0.020784532806 0.0524637648214 0.0168354176445 0.286627516308 0.0159128199489 0.0104682579451 0.0083051774838 0.0152903359886 0.0235879629513 0.00919008909237 0.00475525737853 
0.0190114457089 0.00557579043431 0.0100075614644 0.0191887700384 0.0178647856593 0.00746707681357 -3.54411448858e-05 0.0115438766911 0.0153880519166 0.0239828904949 0.00393585656935 0.0191573625663 0.00874615578296 0.0127324024151 0.00856112945006 0.0155399485816 0.01720029544 0.0203763325972 0.0175074108671 0.0121622198609 0.0322570632222 0.00826828474656 0.00736886483949 0.00905555706995 0.0144938438111 -0.00169446623152 0.00908404473667 0.0197457153798 0.0103674456419 0.0156062407507 0.0115990990432 -0.00180884637239 0.0159128199489 0.142303123496 0.0213933184282 0.0190814972043 0.0110380595259 0.0106947939427 0.015104017837 0.0224743049376 
0.0307569100425 0.00631520946205 0.00721336226516 0.0151272379531 -0.00423228568276 0.00433485017235 0.017605551682 0.00720372180793 0.0147738694775 0.0146044063009 0.000510508868104 0.0128613826864 -0.00883939940351 -0.00415294861998 0.0153158907664 0.00430285408844 0.01881733469 0.0239825953797 0.0640961991213 0.0124528230977 0.00257861951443 0.015182337722 0.0128845510566 0.0398191421375 0.0183799312876 -0.000243322854002 0.0180728559061 0.0172488010575 0.0146557813224 0.0084511055651 0.00884856257474 0.00160543553382 0.0104682579451 0.0213933184282 0.304835783328 0.0155593651699 0.0422939545405 0.0134963827075 -0.00106655025353 0.0122356431994 
0.0152190523676 0.013939215602 0.0108438481329 0.00172658696986 0.0272244181491 0.00953007188181 0.00955780360041 0.018319401212 0.00581606919212 0.0115574269032 0.0166237968754 -0.00131111135527 0.01718045959 0.0158774085639 0.0166528380515 0.00310822168476 0.0123243586928 0.0207028220548 0.017692346699 0.0126260565403 0.00741745442427 0.0202301588253 0.0155829378046 0.0225097285431 0.0170221084511 -0.00602720381942 0.0262527371853 0.0123894088055 0.0106167801796 0.00768979304706 0.0075100589309 -0.0029319344463 0.0083051774838 0.0190814972043 0.0155593651699 0.178309125156 0.0138317897953 0.00749800606811 0.00932280042232 0.0205545343358 
0.000486528420633 0.010437302931 0.0131450325228 0.0238925293275 0.0255705444638 0.0239025247029 0.0317672328236 0.0178587495502 0.00923629912004 0.0179523402593 0.0101807589934 0.0320868954537 -0.000414159275547 0.0116268801069 0.0355113403757 0.0103869538228 0.0176571266979 0.0328188931024 0.0712687746817 0.033334681237 0.0418338864237 0.0185259270638 0.023702688887 0.0262801863297 0.0356220594866 0.0250938534981 0.0496110845399 0.0269282216351 0.0200812326187 0.0237704402353 0.00884434066608 0.00585449924377 0.0152903359886 0.0110380595259 0.0422939545405 0.0138317897953 0.338833277422 0.0183385263469 0.00111844088081 0.0572899543808 
0.00873458047318 0.0181115502536 0.0128565577643 0.0312162062276 0.0273949076488 0.00931170134725 0.00341202568763 0.00850681035552 0.0124560802777 0.00875848286131 -0.00497488485525 0.00920763132848 0.00238655404922 0.0157066802794 0.0120419830345 0.0109024663991 0.0191015130404 0.0244722720725 0.0135763145819 0.0171669418084 0.0330834161306 0.0218901954956 0.0220021119215 0.0171633899776 0.029308823849 0.0249639876195 0.00377761249918 0.0132607606444 0.0177700646136 0.00975218318997 0.0147233480631 0.00665798544129 0.0235879629513 0.0106947939427 0.0134963827075 0.00749800606811 0.0183385263469 0.177710493494 0.000757508414741 0.00858252673674 
0.0103883523796 0.00745180597904 -0.00142487584318 0.00252786445268 0.0148017005404 0.00540286473477 0.00429380422093 0.00626512657183 0.00312105597424 0.00853884342784 0.00708755759302 -0.00649303310201 -0.00107327649684 0.0111230681811 0.0097537001807 0.0129952158334 0.0048519658769 0.0107350803098 0.00428249153796 0.0146327722565 0.00149522494058 0.00909343072908 0.00677240728118 -0.00197444994401 0.00616589928054 -0.00618124887479 0.00801150237268 0.00832311138936 -0.00126047639883 -0.0051046163006 0.00668944941934 0.00884948971879 0.00919008909237 0.015104017837 -0.00106655025353 0.00932280042232 0.00111844088081 0.000757508414741 0.135031629608 0.0175430652936 
0.0233779551223 0.0113933863181 0.0259333374336 0.0518261495536 0.0257266796416 0.023292301125 0.0339208323853 0.0207777174366 0.0355256620622 0.0236869100391 0.0195760844032 0.0472892943273 0.0193259697205 0.0140576837228 0.0400853566917 0.0126559153046 0.0119190257131 0.00949713979381 0.0453099937607 0.0376459446965 0.0674267594717 0.0150133811762 0.03554465613 0.0813168931879 0.0297423127554 0.0702705735774 0.0445443442739 0.0329946361887 0.0192439018168 0.0702922179286 0.00588997469838 0.0151299250853 0.00475525737853 0.0224743049376 0.0122356431994 0.0205545343358 0.0572899543808 0.00858252673674 0.0175430652936 0.567704520501 

['S', 'AOC', 'ABT', 'PH', 'MON', 'IPG', 'TMO', 'FPL', 'DVN', 'STA', 'BLS', 'JNY', 'WPI', 'MKC', 'WHR', 'MMM', 'ITW', 'WAG', 'PHM', 'ZION', 'ET', 'KMB', 'DOV', 'NVLS', 'BK', 'CSC', 'IR', 'KEY', 'PPG', 'SUNW', 'SO', 'BCR', 'PEG', 'PBI', 'AZO', 'PG', 'LTD', 'NOC', 'PEP', 'LSI']