30
0.0511846892664 0.153319254475 0.0265727047954 0.0646745186267 0.065735385914 0.0180781461794 0.0739523233915 0.0211692002509 0.0340754658053 0.0192488530763 0.0420146984796 0.0340091550877 0.0669692816613 0.015652967587 0.0991765707177 0.02473804396 0.0285995604788 0.0482651065397 0.0522861094618 0.0231877092109 0.0307440439862 0.0743441041655 0.0584548507687 0.025657065471 0.0157982173188 0.0308834605432 0.0715007016099 0.0347696809731 0.0447966226616 0.00422555400052 
0.339999731104 0.0109378169773 0.00321274114464 0.0251373095225 -0.0014201480099 0.0202433556175 0.0193328029725 0.00629577735943 0.00573270385041 0.0077640609388 0.00378792429822 -0.00297399047261 0.056609085634 0.0208229376981 0.0103981120931 -0.00273370256901 -0.00121262069709 0.0260211593393 0.0464000974063 0.0157031547635 0.0243216830465 -0.0137200100619 0.0209747081155 0.0103989435289 0.00351780190087 0.00692009403393 0.0138619715777 0.0332911614752 0.0365189932715 0.00502935262188 
0.0109378169773 0.627746693137 0.0257922500622 0.0160166230369 0.0523795761057 0.0146443847272 0.0457462056698 0.0094749019127 0.0178383340566 0.0118113818463 0.0205395279395 0.0290624080529 0.0508833262356 0.0366810756163 -0.00355399959713 0.00807280836302 0.0443914577505 0.0168912904205 0.0582838250837 0.022908703217 0.0421403410349 0.0530990353027 0.0374734550557 0.0347768916811 0.0302158442042 0.0267250921457 0.0275080478251 0.0357721012535 0.0456264613356 0.0211500777026 
0.00321274114464 0.0257922500622 0.207813679548 0.019206619896 0.0050494315487 0.00997374458745 0.0113450703872 0.0133205774989 0.0119648067722 0.00607681528855 0.0391264999019 0.00715203300841 0.0073726474376 0.0173501910532 0.00274868268528 0.0114624939377 0.0412292950818 0.0233528171451 0.0347694238535 0.00569289593865 0.0188114123221 0.0372864023838 0.0110081476258 0.041698948461 0.0177898991598 0.00902045398109 0.00974181599584 0.00833939190596 0.0236781109363 0.00834591490894 
0.0251373095225 0.0160166230369 0.019206619896 0.515366213323 0.0124629743853 0.0200740630852 0.0144890486539 0.0154280343754 0.00914673139753 0.0204759487465 0.0255153873535 0.0151560639245 0.0138261892863 -0.00782507127017 0.0715576792463 0.0309999467196 0.0262270664393 0.0154076316533 0.0230071854651 0.00960536362935 0.0155289397616 0.0131952860832 0.0280441536403 0.023928532517 0.0043978330605 0.026659481685 0.000425264273924 -2.81728212308e-05 0.00316474851158 0.0134380807273 
-0.0014201480099 0.0523795761057 0.0050494315487 0.0124629743853 0.434393249069 0.0108032978722 0.0502193688315 -0.00174783117535 0.00302831905322 0.00619636162523 0.0254959397743 0.0236461195645 0.0340661031527 0.00957443295888 0.00974257101014 0.00456821507902 0.0117933599334 0.0242095972436 0.014093369844 0.00718460230882 0.0156137124527 0.0246656823588 0.0169162856491 0.0305357097088 -0.0048950361415 0.023813098418 0.0131669076528 0.0486111733155 0.0359139833065 0.0231779489799 
0.0202433556175 0.0146443847272 0.00997374458745 0.0200740630852 0.0108032978722 0.248923493723 0.00782351207914 -0.00647895075049 0.0126163201485 0.00318441175228 0.0182412119538 0.0122620108155 0.00882496443528 0.0104575210334 -0.0102266811142 0.0122147786519 0.00874066124702 -0.00324089141176 0.0202092474542 0.0181417240934 0.0151244381692 0.0133812996478 -0.000281812884794 0.0222446094643 0.0115883107099 0.00792150250102 0.000374121975085 0.0194686880941 0.0246286783717 0.0115597190885 
0.0193328029725 0.0457462056698 0.0113450703872 0.0144890486539 0.0502193688315 0.00782351207914 0.510398511374 -0.00419910844084 0.0160204045846 0.00821145068202 0.0384623547168 0.0078836966486 0.047259695061 0.0246601776911 0.0351158678634 0.0118644511318 -0.00832116005782 0.0201688473884 0.0181489476757 0.0169907513944 0.0295720706332 0.0263491311786 0.0275560620088 0.00999990552829 0.014587850404 0.00554058349454 0.0175499546669 0.028712128288 0.0346747602169 0.0194386284439 
0.00629577735943 0.0094749019127 0.0133205774989 0.0154280343754 -0.00174783117535 -0.00647895075049 -0.00419910844084 0.213732899459 0.000287838864844 0.00402850463386 0.00650608642114 0.00930997319407 0.00230431544568 0.0165998753871 0.0139591772682 0.00922401764893 0.0246028463003 0.022254834602 0.0166735366973 0.00914990492983 0.00544836869647 0.0114912935721 0.0181052350844 0.0281029906775 0.0147528617301 0.0127165533486 0.00656928530282 0.0161800694934 7.05263569544e-05 -0.00100074913661 
0.00573270385041 0.0178383340566 0.0119648067722 0.00914673139753 0.00302831905322 0.0126163201485 0.0160204045846 0.000287838864844 0.185408394051 0.0295557988014 0.018024262475 0.00838929748701 0.0190169689777 0.00549845668134 -0.0053195121453 0.00532452809271 0.00641794597507 0.00688180524842 0.0177308499224 0.0120563523279 0.00997723473558 0.00865323994586 0.0155228473054 0.00854147596115 0.0263303059225 0.00676341355825 -0.00294555240405 0.010929990125 0.0108108523207 0.0166590185811 
0.0077640609388 0.0118113818463 0.00607681528855 0.0204759487465 0.00619636162523 0.00318441175228 0.00821145068202 0.00402850463386 0.0295557988014 0.139044699755 0.00716995350458 0.0190280321249 0.0146918019115 0.0203873164875 -0.00638192479848 0.016505983984 0.00582149319989 0.0170561982687 0.0168456507689 0.00761920526853 0.0152736637894 -0.00286845983845 0.0178517857671 0.018214313544 0.020735198838 0.0167255075022 0.00365525242678 0.00976054406659 0.0268970721356 0.00469021844945 
0.00378792429822 0.0205395279395 0.0391264999019 0.0255153873535 0.0254959397743 0.0182412119538 0.0384623547168 0.00650608642114 0.018024262475 0.00716995350458 0.221859613836 0.0131467299125 0.0144259074973 0.0215985741823 0.00594807839206 0.0230587912501 0.0087947206243 0.0247230741871 0.0272424234726 0.00456779300785 0.0295017519119 0.00711099977224 0.0298589001323 0.0194988279108 0.02365424736 0.0192577371744 0.0094643010658 0.0264566540823 0.0163159267325 0.0312912185655 
-0.00297399047261 0.0290624080529 0.00715203300841 0.0151560639245 0.0236461195645 0.0122620108155 0.0078836966486 0.00930997319407 0.00838929748701 0.0190280321249 0.0131467299125 0.210404214516 0.0137433202398 0.0205732696007 -0.00181994697154 0.0241233831926 0.0183945808441 0.0205128818569 0.0182437164809 0.000911825495286 0.0410970048798 0.0359678772369 0.0218024702705 0.0472730397736 0.00675116833683 0.0405613526409 0.00869348071799 0.0127423783051 0.0207963976988 0.0119902851968 
0.056609085634 0.0508833262356 0.0073726474376 0.0138261892863 0.0340661031527 0.00882496443528 0.047259695061 0.00230431544568 0.0190169689777 0.0146918019115 0.0144259074973 0.0137433202398 0.480913287663 0.0292637988305 -0.00202658220618 0.0190267814328 0.0288725267607 0.0318419875615 0.0422614123937 0.0195423458723 0.0272369575401 0.037403206419 0.0204935468765 0.00301000968932 0.00174108247859 0.0129395305207 0.0198247504225 0.0347772806577 0.0321354543466 0.0392061175982 
0.0208229376981 0.0366810756163 0.0173501910532 -0.00782507127017 0.00957443295888 0.0104575210334 0.0246601776911 0.0165998753871 0.00549845668134 0.0203873164875 0.0215985741823 0.0205732696007 0.0292637988305 0.231043852371 0.00776895259772 0.00392302111002 0.0299392130499 0.0179221429885 0.0375472090035 0.0139610068592 0.0213311667143 0.0398930445022 0.0207661524511 0.0148878078907 0.00284568574259 0.0146643929625 0.00308522717973 0.0227972652871 0.0377547790049 0.0197936313189 
0.0103981120931 -0.00355399959713 0.00274868268528 0.0715576792463 0.00974257101014 -0.0102266811142 0.0351158678634 0.0139591772682 -0.0053195121453 -0.00638192479848 0.00594807839206 -0.00181994697154 -0.00202658220618 0.00776895259772 0.638676299751 0.0131995252075 0.00161632084296 0.00855422761604 -0.000842237151803 0.0205393906294 -0.000677371776764 0.00258501849176 -0.00229744763495 0.00793025684605 0.00130229187801 0.00410369249398 0.00253330365742 0.0258459948777 -0.000450902132325 -0.0166156133394 
-0.00273370256901 0.00807280836302 0.0114624939377 0.0309999467196 0.00456821507901 0.0122147786519 0.0118644511318 0.00922401764893 0.00532452809271 0.016505983984 0.0230587912501 0.0241233831926 0.0190267814328 0.00392302111002 0.0131995252075 0.170708170352 0.0081431588015 0.00560089149536 0.00444386964023 0.0164607349163 0.0205352584306 -0.00312840735155 0.0373367154482 0.0262850539666 0.0131750382532 0.0277990783404 0.0186638481717 0.0103116315905 0.0187085281832 0.0107028830479 
-0.00121262069709 0.0443914577505 0.0412292950818 0.0262270664393 0.0117933599334 0.00874066124702 -0.00832116005782 0.0246028463003 0.00641794597507 0.00582149319989 0.0087947206243 0.0183945808441 0.0288725267607 0.0299392130499 0.00161632084296 0.0081431588015 0.278459694859 0.0434229385723 0.0205316625569 -0.00530013705604 0.0171027400643 0.0315664797129 0.0319874162299 0.0483556037322 0.0129374277028 0.0299079921682 -0.00329404401156 0.00121495061461 0.0242354603754 0.0176718617427 
0.0260211593393 0.0168912904205 0.0233528171451 0.0154076316533 0.0242095972436 -0.00324089141176 0.0201688473884 0.022254834602 0.00688180524842 0.0170561982687 0.0247230741871 0.0205128818569 0.0318419875615 0.0179221429885 0.00855422761604 0.00560089149536 0.0434229385723 0.306131763882 0.0246510483293 0.0116112026444 0.0188491559611 0.0321968281648 0.0205182476733 0.0272188513466 0.0245979783762 0.0306347269573 -0.00436228762168 0.0134119070439 0.0608626979599 0.0198085964751 
0.0464000974063 0.0582838250837 0.0347694238535 0.0230071854651 0.014093369844 0.0202092474542 0.0181489476757 0.0166735366973 0.0177308499224 0.0168456507689 0.0272424234726 0.0182437164809 0.0422614123937 0.0375472090035 -0.000842237151803 0.00444386964023 0.0205316625569 0.0246510483293 0.320527116107 0.00933962587816 0.0339505233517 0.0391253458018 0.0279556737638 0.01380496026 0.0138439194923 0.0127398660874 0.0098214250056 0.0402219346522 0.0374927004244 0.0135137781021 
0.0157031547635 0.022908703217 0.00569289593865 0.00960536362935 0.00718460230882 0.0181417240934 0.0169907513944 0.00914990492983 0.0120563523279 0.00761920526853 0.00456779300785 0.000911825495286 0.0195423458723 0.0139610068592 0.0205393906294 0.0164607349163 -0.00530013705604 0.0116112026444 0.00933962587816 0.228580871326 0.0109025270018 -0.00335464772891 0.0140356534359 0.00584600483269 -0.0120324666019 0.0155629773826 0.0120224732735 0.0152988585956 0.0170041997211 0.0111081978172 
0.0243216830465 0.0421403410349 0.0188114123221 0.0155289397616 0.0156137124527 0.0151244381692 0.0295720706332 0.00544836869647 0.00997723473558 0.0152736637894 0.0295017519119 0.0410970048798 0.0272369575401 0.0213311667143 -0.000677371776763 0.0205352584306 0.0171027400643 0.0188491559611 0.0339505233517 0.0109025270018 0.239385533296 0.0124978225655 0.0741101252733 0.0431498934485 0.0181386447809 0.0180383943596 0.0163077974152 0.0208019338424 0.0251734427228 0.0259533542691 
-0.0137200100619 0.0530990353027 0.0372864023838 0.0131952860832 0.0246656823588 0.0133812996478 0.0263491311786 0.0114912935721 0.00865323994586 -0.00286845983845 0.00711099977224 0.0359678772369 0.037403206419 0.0398930445022 0.00258501849176 -0.00312840735155 0.0315664797129 0.0321968281648 0.0391253458018 -0.00335464772891 0.0124978225655 0.395468693867 0.0310048000517 0.0247691416071 -0.00173148541045 0.0195778976937 0.0158538033567 0.0218129974815 0.0585969988363 0.0403305232592 
0.0209747081155 0.0374734550557 0.0110081476258 0.0280441536403 0.0169162856491 -0.000281812884794 0.0275560620088 0.0181052350844 0.0155228473054 0.0178517857671 0.0298589001323 0.0218024702705 0.0204935468765 0.0207661524511 -0.00229744763495 0.0373367154482 0.0319874162299 0.0205182476733 0.0279556737638 0.0140356534359 0.0741101252733 0.0310048000517 0.250074296703 0.0255555810137 0.0167550467573 0.0190132044612 0.0229798366634 0.0193983266712 0.0382274354616 0.0156574877119 
0.0103989435289 0.0347768916811 0.041698948461 0.023928532517 0.0305357097088 0.0222446094643 0.00999990552829 0.0281029906775 0.00854147596115 0.018214313544 0.0194988279108 0.0472730397736 0.00301000968932 0.0148878078907 0.00793025684605 0.0262850539666 0.0483556037322 0.0272188513466 0.01380496026 0.00584600483269 0.0431498934485 0.0247691416071 0.0255555810137 0.177467322198 0.0189989026093 0.0563443824906 0.0129834810535 0.0197438023884 0.0234086003366 0.0125678088222 
0.00351780190087 0.0302158442042 0.0177898991598 0.0043978330605 -0.0048950361415 0.0115883107099 0.014587850404 0.0147528617301 0.0263303059225 0.020735198838 0.02365424736 0.00675116833683 0.00174108247859 0.00284568574259 0.00130229187801 0.0131750382532 0.0129374277028 0.0245979783762 0.0138439194923 -0.0120324666019 0.0181386447809 -0.00173148541045 0.0167550467573 0.0189989026093 0.23626889891 0.00883717139321 0.0064757975449 0.00467221131798 0.011321839495 0.00697089792312 
0.00692009403393 0.0267250921457 0.00902045398109 0.026659481685 0.023813098418 0.00792150250102 0.00554058349454 0.0127165533486 0.00676341355825 0.0167255075022 0.0192577371744 0.0405613526409 0.0129395305207 0.0146643929625 0.00410369249398 0.0277990783404 0.0299079921682 0.0306347269573 0.0127398660874 0.0155629773826 0.0180383943596 0.0195778976937 0.0190132044612 0.0563443824906 0.00883717139321 0.20624272171 0.0110633154419 0.0127006824511 0.0250425609372 0.0136130866044 
0.0138619715777 0.0275080478251 0.00974181599584 0.000425264273924 0.0131669076528 0.000374121975085 0.0175499546669 0.00656928530282 -0.00294555240405 0.00365525242678 0.0094643010658 0.00869348071799 0.0198247504225 0.00308522717973 0.00253330365742 0.0186638481717 -0.00329404401156 -0.00436228762168 0.0098214250056 0.0120224732735 0.0163077974152 0.0158538033567 0.0229798366634 0.0129834810535 0.0064757975449 0.0110633154419 0.593651530868 0.0114831720457 0.014182560471 0.0186163957919 
0.0332911614752 0.0357721012535 0.00833939190596 -2.81728212308e-05 0.0486111733155 0.0194686880941 0.028712128288 0.0161800694934 0.010929990125 0.00976054406659 0.0264566540823 0.0127423783051 0.0347772806577 0.0227972652871 0.0258459948777 0.0103116315905 0.00121495061461 0.0134119070439 0.0402219346522 0.0152988585956 0.0208019338424 0.0218129974815 0.0193983266712 0.0197438023884 0.00467221131798 0.0127006824511 0.0114831720457 0.239640952468 0.0189259358703 0.0227580563952 
0.0365189932715 0.0456264613356 0.0236781109363 0.00316474851158 0.0359139833065 0.0246286783717 0.0346747602169 7.05263569543e-05 0.0108108523207 0.0268970721356 0.0163159267325 0.0207963976988 0.0321354543466 0.0377547790049 -0.000450902132325 0.0187085281832 0.0242354603754 0.0608626979599 0.0374927004244 0.0170041997211 0.0251734427228 0.0585969988363 0.0382274354616 0.0234086003366 0.011321839495 0.0250425609372 0.014182560471 0.0189259358703 0.274195384769 0.0180493811167 
0.00502935262188 0.0211500777026 0.00834591490894 0.0134380807273 0.0231779489799 0.0115597190885 0.0194386284439 -0.00100074913661 0.0166590185811 0.00469021844945 0.0312912185655 0.0119902851968 0.0392061175982 0.0197936313189 -0.0166156133394 0.0107028830479 0.0176718617427 0.0198085964751 0.0135137781021 0.0111081978172 0.0259533542691 0.0403305232592 0.0156574877119 0.0125678088222 0.00697089792312 0.0136130866044 0.0186163957919 0.0227580563952 0.0180493811167 0.277972760809 

['NCR', 'CC', 'SAFC', 'SNA', 'BDX', 'RRD', 'LU', 'RX', 'CPB', 'K', 'LTR', 'ZION', 'EK', 'DOW', 'MYL', 'XEL', 'PGR', 'MCD', 'ASD', 'CZN', 'PCL', 'FDO', 'PLD', 'BBT', 'HSY', 'ASO', 'FSH', 'HON', 'MAR', 'NYT']