30
0.0970140476379 0.0635798530397 0.0135350028622 0.0738036440579 0.0424048973372 0.0220144037379 0.0367752030525 0.192324736986 0.0115927538848 0.00422555400052 0.0576577356707 0.0251604878384 0.0282353637115 0.0363496030559 0.078059567066 0.0308834605432 0.0113752176021 0.0780955523414 0.0272696759741 0.0952881581377 0.214537342356 0.0157982173188 0.129241945615 0.0179151897049 0.0340754658053 0.0280903462606 0.0220926651793 0.0261881624723 0.0988670942005 0.0128714932266 
0.540084681687 0.0487795277917 0.039332825349 0.0418794470499 0.034779342675 0.0158550138605 0.0294878261263 0.0762133194646 0.0240409602943 0.0227174614493 0.0492239648832 0.0393060685582 0.0448092296898 0.0120376576964 0.050936198688 0.0202873302524 0.0372690724008 0.0233160050111 0.0401056571354 0.25278583859 0.0816988013298 0.0255006409163 0.0115489784651 0.0117411310421 0.0273370916515 0.0264870838808 0.0188336352575 0.0397448678255 0.0354492932707 0.0115469150853 
0.0487795277917 0.461990233501 0.0135353143572 0.0333986190524 -0.000511798445558 0.0106063169251 0.0220177480631 0.0300078733234 0.0239897669823 0.00493195895776 0.0265513283668 0.0355200852248 0.0339641502966 0.0138656903543 0.0144760571106 0.0259369756316 0.00433854256379 0.0198908013737 0.0282212928006 0.0402994667213 0.0678930861626 0.0121820502299 -0.0153324970152 0.00504787201654 0.0106696575338 0.051539229503 0.00891784850334 0.0227363615823 0.035916943845 -0.0026651637375 
0.039332825349 0.0135353143572 0.19968778584 0.00741231872135 0.0103971180697 0.0086511475977 0.0163359586025 0.021338375061 0.0177074375731 0.0108029049123 0.0213328042398 0.0132511896953 0.0215245334457 0.0185870242623 0.0105144558835 0.0167921430591 0.0153613200502 0.0419152581556 0.0318294724567 0.038741495244 0.0146485067267 0.0110051595839 8.50001179901e-05 0.0177982054208 0.0137234535587 0.0128570720443 0.00336801281687 0.0167329508427 0.0315462507456 0.0186619520893 
0.0418794470499 0.0333986190524 0.00741231872135 0.360401108979 0.014160156987 0.0213700765794 0.0214176741476 0.0508346673184 0.00889696995061 0.00572263561161 0.0253190445759 0.0160539776349 0.00967050701303 0.0164355588602 0.0127818720849 0.0116869688492 0.0157196783961 0.0217894872621 0.0319464821764 0.0441045071959 0.0425081211645 0.0118234902396 0.0186347426844 0.00486535696644 0.00286889475672 0.0214823981078 0.014221628291 0.0115463879874 0.0310197218538 0.0045089296663 
0.034779342675 -0.000511798445558 0.0103971180697 0.014160156987 0.398278408082 0.00952618418986 0.0283578418832 0.0173460648348 0.00448994019133 0.00537576087859 0.0198532008212 0.00841661477892 0.00653059886389 0.0323305393994 0.0309268167974 0.0121334625631 0.0210123427795 -0.00730193173152 -0.0025876261486 0.0198015513405 0.014287732333 0.0103752877645 0.00968152506447 -0.00419889444207 -0.00151100676066 0.0197418424406 0.00795088458456 0.0131021899135 0.0147596951689 0.0180126340107 
0.0158550138605 0.0106063169251 0.0086511475977 0.0213700765794 0.00952618418986 0.187950030726 0.00242475287775 0.0229100464666 0.0156263989196 0.00797775283878 0.0351995866646 0.0087210841132 0.0210830618871 0.00442474365922 0.00357434785405 0.0198424476863 0.0111536354171 0.01230650989 0.00914611986865 0.0205727792607 0.0165760021245 0.0188045862959 0.0221773805781 0.0190359968869 0.00948065213933 0.00968370726525 0.0434060929218 0.0116011187554 0.00733342279227 0.00768082847635 
0.0294878261263 0.0220177480631 0.0163359586025 0.0214176741476 0.0283578418832 0.00242475287775 0.255643269525 0.00581495024499 0.0105303934879 0.00900696168468 0.0129721239777 0.0272015242859 0.0325073106322 0.0395246111741 -0.00299872373888 0.0195074775222 0.00705946962572 -0.017738041749 0.00983653826668 0.0260952834242 0.0335806358268 0.00134089303404 0.011983135486 0.00992466510094 0.00472153132672 0.0150987641441 0.00553182311736 0.0120146744161 0.0224590372485 0.0141509800502 
0.0762133194646 0.0300078733234 0.021338375061 0.0508346673184 0.0173460648348 0.0229100464666 0.00581495024499 0.681848499263 0.0248343279233 0.0544753687395 0.045204933684 0.02509386587 0.0267533517916 0.0143134932608 0.0359576880193 0.0132292883436 0.0173356247212 0.0585315626017 0.0478931947539 0.0652981096285 0.0551549423748 0.018926662808 0.0661231643106 0.0192088926672 0.0158482685995 0.0378634096451 0.0357127804283 0.0152782587583 0.102764451022 -0.00293869806395 
0.0240409602943 0.0239897669823 0.0177074375731 0.00889696995061 0.00448994019133 0.0156263989196 0.0105303934879 0.0248343279233 0.144298409355 0.0182695957228 0.0243502572522 0.0148333988055 0.0198020153947 0.0157758023578 0.0184353076417 0.0199719394022 0.00838630559746 0.0093458487615 0.0197506495071 0.0156995481404 0.00736114299384 0.0191720246354 0.014381780796 0.00936991475608 0.00873206297131 0.00715860990274 0.00615868827992 0.0136861707168 0.0341631787113 0.00890193303937 
0.0227174614493 0.00493195895776 0.0108029049123 0.00572263561161 0.00537576087859 0.00797775283878 0.00900696168468 0.0544753687395 0.0182695957228 0.274452677158 0.0242722554837 0.00533803685399 0.0243658989043 0.0120942811374 0.00301375646222 0.012698549426 0.0280984619829 0.0474491190052 0.0160463074854 0.0369994791216 0.0113341777807 0.00510220064618 0.016920347505 0.0251790991833 0.0164917041693 0.0203395569247 0.00798171993111 0.0116766925905 0.0157149070697 -0.00543676357349 
0.0492239648832 0.0265513283668 0.0213328042398 0.0253190445759 0.0198532008212 0.0351995866646 0.0129721239777 0.045204933684 0.0243502572522 0.0242722554837 0.246243164727 0.0138854299484 0.0263162469848 0.0261608453929 0.0171643969998 0.0108940110143 0.030495175309 0.0147840397285 0.0210947146379 0.0509034160657 0.0352916962526 0.00878037489084 -0.0101324591991 0.0223641972808 0.0152985001369 0.023440293179 0.0180371331691 -0.00109544396625 0.0274022752261 -0.00283687996645 
0.0393060685582 0.0355200852248 0.0132511896953 0.0160539776349 0.00841661477892 0.0087210841132 0.0272015242859 0.02509386587 0.0148333988055 0.00533803685399 0.0138854299484 0.168513603731 0.0492825015184 0.0179925057584 0.0118077140253 0.0426051043352 0.0115139871651 0.00341016806422 0.0159898057202 0.0234610189053 -0.00314741385375 0.00961613375778 0.00369686255145 0.0062320504734 0.00739046662669 0.046061614074 0.00909115062861 0.0247331277903 0.0125050180956 0.0182188641058 
0.0448092296898 0.0339641502966 0.0215245334457 0.00967050701303 0.00653059886389 0.0210830618871 0.0325073106322 0.0267533517916 0.0198020153947 0.0243658989043 0.0263162469848 0.0492825015184 0.135932347028 0.024662975466 0.0150475521666 0.0404552225419 0.0166936856793 0.0202558500834 0.0155297077798 0.0295357199835 0.0230889592926 0.0146268125369 0.00132458721696 0.0176721381442 0.00889737161454 0.0449476254774 0.0165463197844 0.0266304561956 0.0171617160963 0.0084788419822 
0.0120376576964 0.0138656903543 0.0185870242623 0.0164355588602 0.0323305393994 0.00442474365922 0.0395246111741 0.0143134932608 0.0157758023578 0.0120942811374 0.0261608453929 0.0179925057584 0.024662975466 0.313585008776 0.0109963543014 0.0256898071943 0.0266427832884 0.011164114626 0.0107546427195 0.0392014719622 0.0171934741633 0.017445188194 0.000750303302006 0.00330979548956 0.00689531988174 0.0267704383474 0.00930195348258 0.0128750618709 0.0156455427439 0.0303091915446 
0.050936198688 0.0144760571106 0.0105144558835 0.0127818720849 0.0309268167974 0.00357434785405 -0.00299872373888 0.0359576880193 0.0184353076417 0.00301375646222 0.0171643969998 0.0118077140253 0.0150475521666 0.0109963543014 0.525807216339 0.0251362146065 0.00832399298011 0.0108258110886 0.0139917389359 0.0355353470469 0.0242318763208 -0.0167838630663 0.0137420689645 0.0169516110214 0.00632113807183 0.0169921139715 -0.0016227972058 0.00886079535155 0.0344668318233 0.0128724693949 
0.0202873302524 0.0259369756316 0.0167921430591 0.0116869688492 0.0121334625631 0.0198424476863 0.0195074775222 0.0132292883436 0.0199719394022 0.012698549426 0.0108940110143 0.0426051043352 0.0404552225419 0.0256898071943 0.0251362146065 0.206974290627 0.0185375634839 0.0237705022405 0.0123373721068 0.0271510855567 0.0154610774297 0.00932896449322 0.00352634025018 0.0215827964163 0.00624261397267 0.0379012795188 0.0144462219479 0.0121932132249 0.024677474452 0.0133568891367 
0.0372690724008 0.00433854256379 0.0153613200502 0.0157196783961 0.0210123427795 0.0111536354171 0.00705946962572 0.0173356247212 0.00838630559746 0.0280984619829 0.030495175309 0.0115139871651 0.0166936856793 0.0266427832884 0.00832399298011 0.018537563484 0.226544036469 0.0151813008748 0.0095972730302 0.0357833323544 0.041000436858 0.0110595604866 0.0110665567162 0.00730114696446 0.0135356776938 0.0161537879116 0.0172428722707 0.00953944325142 0.0234518374281 0.000594963678546 
0.0233160050111 0.0198908013737 0.0419152581556 0.0217894872621 -0.00730193173152 0.01230650989 -0.017738041749 0.0585315626017 0.0093458487615 0.0474491190052 0.0147840397285 0.00341016806422 0.0202558500834 0.011164114626 0.0108258110886 0.0237705022405 0.0151813008748 0.568511364103 0.0107560939327 0.0416562746239 0.0424644316512 0.0100197009027 0.0214935550363 -0.0168854063602 0.00619274164241 0.0256400905325 0.00925566238616 0.00423003572396 0.0749427585289 0.00512009779197 
0.0401056571354 0.0282212928006 0.0318294724567 0.0319464821764 -0.0025876261486 0.00914611986865 0.00983653826668 0.0478931947539 0.0197506495071 0.0160463074854 0.0210947146379 0.0159898057202 0.0155297077798 0.0107546427195 0.0139917389359 0.0123373721068 0.00959727303019 0.0107560939327 0.14433318111 0.0265885520184 0.0188106178966 0.0136774865797 0.00939873913568 0.0198746135978 0.00998811098299 0.0131961531342 0.0113444643477 0.003283339611 0.0276629371734 0.00129855582005 
0.25278583859 0.0402994667213 0.038741495244 0.0441045071959 0.0198015513405 0.0205727792607 0.0260952834242 0.0652981096285 0.0156995481404 0.0369994791216 0.0509034160657 0.0234610189053 0.0295357199835 0.0392014719622 0.0355353470469 0.0271510855567 0.0357833323544 0.0416562746239 0.0265885520184 0.5108303161 0.118194548095 0.0154469198566 -0.00259471952675 0.00972318105223 0.0160896468986 0.0339361794585 0.0142146033882 0.028561446202 0.0586346704735 -0.0064951847401 
0.0816988013298 0.0678930861626 0.0146485067267 0.0425081211645 0.014287732333 0.0165760021245 0.0335806358268 0.0551549423748 0.00736114299384 0.0113341777807 0.0352916962526 -0.00314741385375 0.0230889592926 0.0171934741633 0.0242318763208 0.0154610774297 0.041000436858 0.0424644316512 0.0188106178966 0.118194548095 0.969981601611 -0.000599438725081 0.0353325617501 0.00893613963179 0.00111566387961 0.025185532303 0.0163492613324 0.0376795386985 0.119522590626 0.0113769642505 
0.0255006409163 0.0121820502299 0.0110051595839 0.0118234902396 0.0103752877645 0.0188045862959 0.00134089303404 0.018926662808 0.0191720246354 0.00510220064618 0.00878037489084 0.00961613375778 0.0146268125369 0.017445188194 -0.0167838630663 0.00932896449322 0.0110595604866 0.0100197009027 0.0136774865797 0.0154469198566 -0.000599438725081 0.235949880483 -0.00831565819635 0.014078351035 0.0265718605125 0.0116515958587 0.0281645956308 0.00524163204439 -0.000159653516898 0.0201689833159 
0.0115489784651 -0.0153324970152 8.50001179901e-05 0.0186347426844 0.00968152506446 0.0221773805781 0.011983135486 0.0661231643106 0.014381780796 0.016920347505 -0.0101324591991 0.00369686255145 0.00132458721696 0.000750303302006 0.0137420689645 0.00352634025018 0.0110665567162 0.0214935550363 0.00939873913568 -0.00259471952676 0.0353325617501 -0.00831565819635 0.569780724823 0.0143921303359 0.00828138605161 -0.00359436197878 0.0403230767103 0.00752444002902 0.033377392275 -0.00594183201445 
0.0117411310421 0.00504787201654 0.0177982054208 0.00486535696644 -0.00419889444207 0.0190359968869 0.00992466510094 0.0192088926672 0.00936991475608 0.0251790991833 0.0223641972808 0.0062320504734 0.0176721381442 0.00330979548956 0.0169516110214 0.0215827964163 0.00730114696446 -0.0168854063602 0.0198746135978 0.00972318105223 0.00893613963179 0.014078351035 0.0143921303359 0.312250211987 0.0064642542709 0.0225762553696 0.0136497559819 0.0238952138495 0.0171912937035 -0.000793342034462 
0.0273370916515 0.0106696575338 0.0137234535587 0.00286889475672 -0.00151100676066 0.00948065213933 0.00472153132672 0.0158482685995 0.00873206297131 0.0164917041693 0.0152985001369 0.00739046662669 0.00889737161454 0.00689531988174 0.00632113807183 0.00624261397267 0.0135356776938 0.00619274164241 0.00998811098299 0.0160896468986 0.00111566387961 0.0265718605125 0.00828138605161 0.0064642542709 0.187263361543 0.0179466263555 0.0149846247283 0.00689245500188 0.0069293664668 0.00461508220525 
0.0264870838808 0.051539229503 0.0128570720443 0.0214823981078 0.0197418424406 0.00968370726525 0.0150987641441 0.0378634096451 0.00715860990274 0.0203395569247 0.023440293179 0.046061614074 0.0449476254774 0.0267704383474 0.0169921139715 0.0379012795188 0.0161537879116 0.0256400905325 0.0131961531342 0.0339361794585 0.025185532303 0.0116515958587 -0.00359436197878 0.0225762553696 0.0179466263555 0.254067451815 -0.00394887401058 0.0112572004476 0.0236649619192 0.00296664934903 
0.0188336352575 0.00891784850334 0.00336801281687 0.014221628291 0.00795088458456 0.0434060929218 0.00553182311736 0.0357127804283 0.00615868827992 0.00798171993111 0.0180371331691 0.00909115062861 0.0165463197844 0.00930195348258 -0.0016227972058 0.0144462219479 0.0172428722707 0.00925566238616 0.0113444643477 0.0142146033882 0.0163492613324 0.0281645956308 0.0403230767103 0.0136497559819 0.0149846247283 -0.00394887401058 0.234645840961 0.000607408595997 0.0119977872312 0.0141208602008 
0.0397448678255 0.0227363615823 0.0167329508427 0.0115463879874 0.0131021899135 0.0116011187554 0.012014674416 0.0152782587583 0.0136861707168 0.0116766925905 -0.00109544396625 0.0247331277903 0.0266304561956 0.0128750618709 0.00886079535155 0.0121932132249 0.00953944325143 0.00423003572396 0.003283339611 0.028561446202 0.0376795386985 0.00524163204439 0.00752444002902 0.0238952138495 0.00689245500188 0.0112572004476 0.000607408595997 0.261603656307 0.0176549141765 -0.000769215881678 
0.0354492932707 0.035916943845 0.0315462507456 0.0310197218538 0.0147596951689 0.00733342279227 0.0224590372485 0.102764451022 0.0341631787113 0.0157149070697 0.0274022752261 0.0125050180956 0.0171617160963 0.0156455427439 0.0344668318233 0.024677474452 0.0234518374281 0.0749427585289 0.0276629371734 0.0586346704735 0.119522590626 -0.000159653516898 0.033377392275 0.0171912937035 0.0069293664668 0.0236649619192 0.0119977872312 0.0176549141765 0.48326171899 0.000295124203077 
0.0115469150853 -0.0026651637375 0.0186619520893 0.0045089296663 0.0180126340107 0.00768082847635 0.0141509800502 -0.00293869806395 0.00890193303937 -0.00543676357349 -0.00283687996645 0.0182188641058 0.0084788419822 0.0303091915446 0.0128724693949 0.0133568891367 0.000594963678547 0.00512009779197 0.00129855582005 -0.0064951847401 0.0113769642505 0.0201689833159 -0.00594183201445 -0.000793342034462 0.00461508220525 0.00296664934903 0.0141208602008 -0.000769215881678 0.000295124203077 0.225670557772 

['DHI', 'FNM', 'CTAS', 'SHW', 'ZMH', 'PNW', 'ABT', 'FCX', 'PBI', 'NYT', 'PSA', 'WFC', 'MTB', 'SGP', 'MCO', 'ASO', 'FO', 'LXK', 'SIAL', 'PHM', 'PMCS', 'HSY', 'DYN', 'SVU', 'CPB', 'FITB', 'CMS', 'AN', 'TER', 'MDT']