40
0.0486003975036 0.026417897889 0.185879968849 0.0348828940045 0.0389775871913 0.126302472887 0.0162161188728 0.0123991351417 0.0482651065397 0.0770368317024 0.163811268696 0.0214039426083 0.0870342926162 0.136312174374 0.0704019073317 0.0418020448473 0.0272516352802 0.143584613331 0.0933125666969 0.275379497042 0.371102806834 0.0244433913508 0.142835786571 0.0765601453803 0.188050706821 0.106366385329 0.0755152896869 0.0151091702759 0.0738036440579 0.208286894217 0.0248078828137 0.0911559741232 0.0220926651793 0.0512444991133 0.0282353637115 0.0280903462606 0.199130076205 0.0340754658053 0.0124927962784 0.0695535734162 
0.393192676766 0.0031943324134 0.00130582501234 0.00824576501917 0.00914888584013 -0.00225486990575 0.0168583944652 0.0174280264128 0.0128244697843 0.00915761038093 0.00620931194618 0.0103143082509 0.0282065133562 -0.0222933558939 0.0286736045097 0.0204995658086 0.00704515026623 0.00577744067702 -0.0161153530595 -0.00963789763989 0.0812158305024 0.0051016610655 0.00179487483242 0.0195611549619 0.0387267610083 0.00409324427726 0.0108295585316 0.00811617826267 0.0167558247092 0.0304452080213 0.000247238030326 0.0025552177837 0.000303225574615 0.00358268969148 0.00760815813443 0.012892669313 0.0441502694949 0.013811132041 0.00359870268708 0.00848085893976 
0.0031943324134 0.260959082496 0.0716302006021 0.0257735428128 0.0211910708599 0.020481295683 0.00628732248894 -0.00439367689762 0.0115938340495 0.00826894823752 -0.0017528148843 0.0504149119661 0.0323926835062 -0.00934734047457 0.0371567999904 0.033543191223 0.0147839605993 0.0177969274208 0.00050789254373 -0.00564028126995 0.0338176725842 0.0139720827489 -0.00755680853591 0.0188025909092 0.0220109808828 0.0135878793477 -0.00662226723928 0.0155633238192 0.0228427964845 0.00621426289593 0.0549741258106 0.0368014933719 0.00756865792031 0.0399682658107 0.0138763074834 0.0115838744337 0.00520903347438 0.0101098129021 0.0160009741773 0.00963330786945 
0.00130582501234 0.0716302006021 0.616200157974 0.0458645712222 0.032458830881 0.0678046424602 0.0128095002453 0.0173619767733 0.0176128726793 0.00161824235118 0.0150425901993 0.0639402177758 0.0765969843575 -0.0167138019634 0.0558365113219 0.043677989192 0.0146651462083 0.0886791057955 0.0058163207708 -0.00816727992377 0.0785437101113 0.0247780940555 0.0125079915836 0.0423734154788 0.0763127194155 0.0699886687987 0.0513503930094 0.00805421087325 0.0641138484454 -0.00722968168846 0.0165712954324 0.0505556847617 0.0258209954082 0.0511550962809 0.0196591549727 0.0192620972019 0.134370237572 0.0291578611927 0.0135935834156 0.0159131034712 
0.00824576501917 0.0257735428128 0.0458645712222 0.226059067654 0.0265010916037 0.0222778772031 0.00807291245713 -0.00239869539703 0.0110386688374 0.00657816358089 0.00758680904194 0.0208624035929 0.0592402065358 -0.00475398787471 0.0244266176138 0.0197471802212 0.0443387510501 0.0277384823392 0.00438195408162 -0.0132078828031 0.0192311974791 0.0149123104839 0.00678868715307 0.0316405455669 0.0384820471342 0.0229992187847 -0.0044691377331 -0.00311537899495 0.00997025067597 0.021121989129 0.0140614602441 0.0335096554598 0.00377414775426 0.0100684090137 0.00886472422035 0.0255565694134 0.0125397610598 0.0100150256229 0.00845198050656 0.00360398134032 
0.00914888584013 0.0211910708599 0.032458830881 0.0265010916037 0.237103369728 0.0407961014718 0.0326468269186 0.012772942505 0.0106004338449 0.0167757770812 0.0447743509698 0.0139487370377 0.0138181289236 -0.0244076547862 0.0385595111992 0.0195908584469 0.00985445251549 0.0158705107446 0.035278296717 -0.00238003147802 0.0288469463169 0.0244969726113 0.0339942799105 0.02822493395 0.0140830154632 -0.00739296215832 -0.00096847309664 0.0171661678544 0.024310401042 0.0294805312681 0.0117915345755 0.0253626046946 0.00608301696254 0.021486277086 0.0295001576778 0.0439944753322 0.0238686029827 0.00984669248478 0.0126157343314 0.0139194022781 
-0.00225486990575 0.020481295683 0.0678046424602 0.0222778772031 0.0407961014718 0.500764838665 0.0140344609341 0.00380422284776 0.00344857244654 0.0106944410381 0.00324490739197 0.0275540844571 0.0206341991935 -0.00369439963289 0.0290231417335 0.0106202111812 0.0106714542471 0.119473207426 0.00624755371221 -0.00918180333996 0.0360690377681 0.0145984059471 -0.00308074290023 0.0135849716062 0.0201592159251 0.0811768598832 0.00532399815687 0.0108953556862 -0.00226312439272 -0.00518519693784 0.0155183387488 0.018024974703 0.0203507741375 0.0259721158831 0.0161048801809 0.00404318009764 0.112256043452 0.00853170485191 0.00835773776317 0.00181070229576 
0.0168583944652 0.00628732248894 0.0128095002453 0.00807291245713 0.0326468269186 0.0140344609341 0.192385277392 0.0117477717949 0.00139917612507 0.00564624110391 -0.00503779067762 0.0119313880985 0.0144006285961 0.0110402740393 0.0245169388662 0.0296296877962 0.0113292243545 0.0336493681105 -0.000966737769865 0.0150964036558 0.0337971683696 0.00814437416625 0.0068094106085 0.00683482754018 -0.0116192669379 0.0383088146178 -0.00876264338634 0.014467594682 0.01770754249 0.0294751032737 0.0119930687806 0.000391304791743 0.0474643966474 0.00933737863784 0.0313591389391 0.0149241613403 0.0134718516426 0.0120503397072 0.01918513005 0.00186557019512 
0.0174280264128 -0.00439367689762 0.0173619767733 -0.00239869539703 0.012772942505 0.00380422284776 0.0117477717949 0.180230264607 0.0297802276385 0.0222341467547 0.0119978705188 0.00372821031659 0.0132446638648 -0.00611213260235 0.0172705773362 0.00876175859763 0.019178921785 0.0156049589534 -0.00131912485933 -0.00635316283215 -0.0017222413026 -0.000444989108727 0.0148181279189 0.011329205721 0.0657502317247 0.00775144044577 0.0121757350444 0.00971383363074 0.0245047262101 0.0300039539401 0.00558416799531 0.0238502244031 0.0213846223372 0.00710533107588 0.0132262041109 0.0071048260547 0.0169152126286 0.00261397084619 0.00208202313651 0.0113035992363 
0.0128244697843 0.0115938340495 0.0176128726793 0.0110386688374 0.0106004338449 0.00344857244653 0.00139917612507 0.0297802276385 0.309553906766 0.00529788188099 -0.00519237764796 0.021440168911 0.0268194577674 -4.54454636765e-05 0.0369880777253 0.00085306863397 0.016101074785 0.0132555691704 -0.00749597778972 -0.0119335258578 0.0294893350975 0.009054877641 0.0158007887795 0.0332164768625 0.0543250514705 0.0198554729041 0.00465496126976 0.0211032315539 0.0208538183614 0.0243973229323 0.0184263112287 0.0342155236794 0.00784512522314 0.0207030567284 0.0207141673712 0.00795257348255 0.0100613431992 0.0109263361468 0.0104497048315 0.00419690639939 
0.00915761038093 0.00826894823752 0.00161824235118 0.00657816358089 0.0167757770812 0.0106944410381 0.00564624110391 0.0222341467547 0.00529788188099 0.343366263863 -0.0140939007226 0.0164221445588 0.0206985382436 -0.00971633837408 0.0421503815342 0.0117190381414 0.00612468995965 0.0161858224589 -0.00745026362034 0.0229495877119 0.0454613227128 0.0116503447964 -0.00304498096782 0.0125612715 0.00519926472393 0.0235933732828 0.0181790612326 0.019933099426 -0.0174149570101 0.00654189000522 0.00080868407749 0.0342530576375 0.0185723239674 0.0132569846831 0.00627757152297 0.0105588406655 0.00125974569499 -0.000114519669948 0.00896897267371 0.0103587100783 
0.00620931194618 -0.0017528148843 0.0150425901993 0.00758680904194 0.0447743509698 0.00324490739197 -0.00503779067762 0.0119978705188 -0.00519237764796 -0.0140939007226 1.21699982217 0.00798843585973 -0.00332767706899 -0.0115352475073 0.00232836373856 -0.00463477697135 0.00869493127362 0.00346628364399 0.629355243035 -0.0110261826752 0.0291249805537 0.00479668047648 0.00601093097336 -0.00892107707809 0.00879924858064 -0.00611235705993 0.0198680299974 0.00995659641801 -0.00629769168801 -0.0374873097327 0.000907769443398 0.00391032825107 -0.0151035073738 -0.0120733075196 0.000735414043628 0.0104545035138 -0.0151431538603 0.00140858276754 -0.000506359208692 -0.00442729586845 
0.0103143082509 0.0504149119661 0.0639402177758 0.0208624035929 0.0139487370377 0.0275540844571 0.0119313880985 0.00372821031659 0.021440168911 0.0164221445588 0.00798843585973 0.205811056862 0.0433137557199 -0.0035930521767 0.0326041193157 0.0219353822537 0.0025839456188 0.0517082911248 0.00183456835758 0.00393226352611 0.0321050754897 0.0119512024713 -0.00192771535996 0.0336213550401 0.0145728669674 0.0281468983829 0.0144357668766 0.0170037782681 0.0350549397367 0.00388628225484 0.0222910020871 0.0264204305748 0.00748998309127 0.06225625707 0.0113331952594 0.0137059988846 0.0216116584686 -0.00109262373999 0.0201360625244 0.0347672338768 
0.0282065133562 0.0323926835062 0.0765969843575 0.0592402065358 0.0138181289236 0.0206341991935 0.0144006285961 0.0132446638648 0.0268194577674 0.0206985382436 -0.00332767706899 0.0433137557199 0.376043441119 -0.0138727352185 0.0401207934717 0.0226190204015 0.0112321966118 0.0303206844825 0.0113028355523 -0.00461448308432 0.0930712367778 0.0140939458655 -0.0147884710992 0.0645091573989 0.0318147610252 0.0236446304043 0.00682942764397 0.00444459093835 0.0368324885027 0.00678692232227 0.0123250836237 0.0486929280308 -0.000241501421452 0.0482590047452 0.0315360714849 0.0168424228166 0.0621214467712 -0.000883270056948 0.02187022275 0.00935936330456 
-0.0222933558939 -0.00934734047457 -0.0167138019635 -0.00475398787471 -0.0244076547862 -0.00369439963289 0.0110402740393 -0.00611213260235 -4.54454636766e-05 -0.00971633837408 -0.0115352475073 -0.0035930521767 -0.0138727352185 1.94183028219 -0.00783153496235 -0.000293767744276 -0.000949818779912 0.0149541519191 -0.0272516800473 -0.012119966045 -0.0212501479749 -0.00461379518876 -0.016412258931 -0.0163847232299 -0.0184992202367 0.00849359421929 -0.0127073315724 0.0111933284693 -0.0158697192933 -0.00760270887871 -0.0015814742037 -0.014584323476 0.00824204428347 0.00657042389271 -0.0105119909063 -0.00442194806508 -0.0224985033291 -0.00798915498797 -0.0145720651206 -0.0126431916687 
0.0286736045097 0.0371567999904 0.0558365113219 0.0244266176138 0.0385595111992 0.0290231417335 0.0245169388662 0.0172705773362 0.0369880777253 0.0421503815342 0.00232836373856 0.0326041193157 0.0401207934717 -0.00783153496235 0.279609457366 0.0426236306524 0.0126729542812 0.0361751614157 0.00991371428524 -0.00934791076505 0.0171991593618 0.0162658017216 0.00151042341859 0.0377607470668 0.042068697867 0.0308783696295 0.0129276094824 0.0148397041606 0.0349054326364 0.0207270930958 0.0260985273263 0.0404840436627 0.0183612938811 0.0250167542484 0.0403059220069 0.048754213532 0.0596081074142 0.0189958284653 0.0176816921984 0.0218296019407 
0.0204995658086 0.033543191223 0.043677989192 0.0197471802212 0.0195908584469 0.0106202111812 0.0296296877962 0.00876175859763 0.00085306863397 0.0117190381414 -0.00463477697135 0.0219353822537 0.0226190204015 -0.000293767744276 0.0426236306524 0.252484804577 0.00353829467827 0.0355822424091 0.0193678960521 -0.00517372365731 0.0292344970477 0.0207461698903 0.00367766507453 0.0280080632786 0.0431478997871 0.0224860713254 -0.0119468416062 0.00788008013937 0.0296298661836 0.0126515751066 0.0180252590184 0.0309126640617 0.0280561973866 0.0253385250186 0.0145572189292 0.0402662575942 0.0349790186403 0.0120919739722 0.0276570214002 0.0026675431586 
0.00704515026623 0.0147839605993 0.0146651462083 0.0443387510501 0.00985445251549 0.0106714542471 0.0113292243545 0.019178921785 0.016101074785 0.00612468995965 0.00869493127362 0.0025839456188 0.0112321966118 -0.000949818779911 0.0126729542812 0.00353829467827 0.224319421934 0.0230283406079 -0.00891629370762 -0.0106736422714 0.00936497605315 0.0190768089962 0.00152283415383 0.00500072138163 0.0264380187672 -0.00329210898714 0.011479294089 0.0132538151628 -0.012105738051 0.00556413072223 0.01849636415 0.0217402308948 0.00723341394653 0.00284383698332 0.0106144134787 0.00133408438009 0.000750015606814 -0.000683613859871 0.00460797669041 0.0111481787366 
0.00577744067701 0.0177969274208 0.0886791057955 0.0277384823392 0.0158705107446 0.119473207426 0.0336493681105 0.0156049589534 0.0132555691704 0.0161858224589 0.00346628364399 0.0517082911248 0.0303206844825 0.0149541519191 0.0361751614157 0.0355822424091 0.0230283406079 0.530086284972 0.0147618471325 -0.0203101844119 0.0662187826933 0.00644449140316 -5.32006668576e-05 0.0353852065437 0.016224517416 0.179381505266 0.013134282504 0.000365626308115 0.0192310298593 -0.00951782355213 0.0159006400434 0.0164704868364 0.0215530466943 0.0281755568377 0.0152196029863 -0.00354735446011 0.0992390706956 0.0148964999891 0.0200279324824 0.00328882797862 
-0.0161153530595 0.000507892543731 0.0058163207708 0.00438195408162 0.035278296717 0.00624755371221 -0.000966737769865 -0.00131912485933 -0.00749597778972 -0.00745026362034 0.629355243035 0.00183456835758 0.0113028355523 -0.0272516800473 0.00991371428524 0.0193678960521 -0.00891629370762 0.0147618471325 0.774391008694 -0.0126891811957 0.0321303755316 0.00342062363483 -0.00466655595973 0.0352342570408 0.0209196090181 -0.0133177957424 0.00861729042322 0.0012340945181 0.0231138928241 0.00507623576933 0.00620077249143 0.0381283643669 0.00981099401864 0.0108509509394 0.00934999642851 0.019257064143 0.0274448946224 -0.000894847377493 0.000473212451438 0.0118520100855 
-0.00963789763989 -0.00564028126995 -0.00816727992377 -0.0132078828031 -0.00238003147802 -0.00918180333996 0.0150964036558 -0.00635316283215 -0.0119335258578 0.0229495877119 -0.0110261826752 0.00393226352611 -0.00461448308432 -0.012119966045 -0.00934791076505 -0.00517372365731 -0.0106736422714 -0.0203101844119 -0.0126891811957 4.09471324952 -0.048067711086 0.0119016638892 0.00245848572103 -0.0148554960067 -0.0266295929391 -0.0108377940862 0.00553163835018 -0.00693186185086 0.00106721321844 0.00326484606545 -0.0492023058999 -0.0104083596033 0.00858521473449 -0.00725394973904 0.00721830730195 -0.00553699347842 -0.0178682030601 -0.0144309215765 -0.00646565484172 0.00671776373781 
0.0812158305024 0.0338176725842 0.0785437101113 0.0192311974791 0.0288469463169 0.0360690377681 0.0337971683696 -0.0017222413026 0.0294893350975 0.0454613227128 0.0291249805537 0.0321050754897 0.0930712367778 -0.0212501479749 0.0171991593618 0.0292344970477 0.00936497605315 0.0662187826933 0.0321303755316 -0.048067711086 1.23554450522 -0.0015281664628 0.0129782259157 0.0261548173758 0.039947349332 0.0719458025505 -0.004867484709 0.0128686738382 0.0227904691035 0.0239386494149 0.0115072737465 0.0507814688486 0.0208083226603 0.0528086336344 0.00458159719747 0.0093102205058 0.0804487216134 0.0100810494867 -0.000572498841274 0.0384940496804 
0.0051016610655 0.0139720827489 0.0247780940555 0.0149123104839 0.0244969726113 0.0145984059471 0.00814437416625 -0.000444989108727 0.009054877641 0.0116503447964 0.00479668047648 0.0119512024713 0.0140939458655 -0.00461379518876 0.0162658017216 0.0207461698903 0.0190768089962 0.00644449140316 0.00342062363483 0.0119016638892 -0.0015281664628 0.189839469996 0.00362636373837 -0.0023187328682 0.0175336811549 -0.00672241970307 0.00134033074119 0.0162742189022 0.00368305139776 0.00407951178428 0.0110032953914 0.0167253152999 -0.00262290217881 0.00261511402326 0.0179116295923 0.0166877905378 0.00412346369017 0.012508602297 0.00926161442246 0.0204431924517 
0.00179487483242 -0.0075568085359 0.0125079915836 0.00678868715307 0.0339942799105 -0.00308074290023 0.0068094106085 0.0148181279189 0.0158007887795 -0.00304498096782 0.00601093097336 -0.00192771535996 -0.0147884710992 -0.016412258931 0.00151042341859 0.00367766507453 0.00152283415383 -5.32006668581e-05 -0.00466655595973 0.00245848572103 0.0129782259157 0.00362636373837 1.25193411395 0.0170364085097 -0.0157738074011 -0.00647915788103 0.00143092900799 0.00551805691195 0.0378458508526 -0.00369127563654 0.00908239123754 0.00574259002874 0.00964458248006 -0.0204532175271 0.0036759483937 0.00260637325188 0.047536475015 0.000699432099868 0.064680902236 8.00810722922e-05 
0.0195611549619 0.0188025909092 0.0423734154788 0.0316405455669 0.02822493395 0.0135849716062 0.00683482754018 0.011329205721 0.0332164768625 0.0125612715 -0.00892107707809 0.0336213550401 0.0645091573989 -0.0163847232299 0.0377607470668 0.0280080632786 0.00500072138163 0.0353852065437 0.0352342570408 -0.0148554960067 0.0261548173758 -0.0023187328682 0.0170364085097 0.334286006192 0.0263532645722 0.0282061607419 0.0314344415558 0.0154098377503 0.0295977445363 0.00459320073241 0.0157046395614 0.0413664153559 0.00529164288755 0.0216731735024 0.0236273741403 0.0115671496279 0.0441340093777 0.00384695960098 0.0256558458998 0.0189893871249 
0.0387267610084 0.0220109808828 0.0763127194155 0.0384820471342 0.0140830154632 0.0201592159251 -0.0116192669379 0.0657502317247 0.0543250514705 0.00519926472393 0.00879924858064 0.0145728669674 0.0318147610252 -0.0184992202367 0.042068697867 0.0431478997871 0.0264380187672 0.016224517416 0.0209196090181 -0.0266295929391 0.039947349332 0.0175336811549 -0.0157738074011 0.0263532645722 1.00571911839 0.0138662714061 -0.000138133068413 0.0211390065843 0.0458908245347 0.0491081613123 0.0157948908855 0.0745868919615 -0.00047664978047 0.0524813115554 0.0121575576197 0.0101136404289 0.0412077181137 0.0111451225788 0.0303705404783 0.0211989243667 
0.00409324427726 0.0135878793477 0.0699886687987 0.0229992187847 -0.00739296215832 0.0811768598832 0.0383088146178 0.00775144044577 0.0198554729041 0.0235933732828 -0.00611235705993 0.0281468983829 0.0236446304043 0.00849359421929 0.0308783696295 0.0224860713254 -0.00329210898714 0.179381505266 -0.0133177957424 -0.0108377940862 0.0719458025506 -0.00672241970307 -0.00647915788103 0.0282061607419 0.0138662714061 0.418722031023 0.0184173170683 0.00589632041696 0.00879873510686 -0.00281435919553 0.00661409114524 0.0315950412177 0.0304627171439 0.0427033265228 0.0050256102063 -0.0193787096008 0.0637230573107 0.0164070409479 0.00542143800906 -0.00528338176025 
0.0108295585316 -0.00662226723928 0.0513503930094 -0.00446913773309 -0.000968473096638 0.00532399815687 -0.00876264338634 0.0121757350444 0.00465496126977 0.0181790612326 0.0198680299974 0.0144357668766 0.00682942764397 -0.0127073315724 0.0129276094824 -0.0119468416062 0.0114792940891 0.013134282504 0.00861729042322 0.00553163835018 -0.004867484709 0.00134033074119 0.00143092900799 0.0314344415558 -0.000138133068416 0.0184173170683 0.787900041826 0.0110110625757 0.0319786015046 -0.00086270855493 0.0123898178444 0.110461325515 0.0100290330551 0.00321162898575 0.0116040279077 0.018087908388 0.0827170288251 0.0088581718456 0.00152979223943 0.0066295717582 
0.00811617826267 0.0155633238192 0.00805421087325 -0.00311537899495 0.0171661678544 0.0108953556862 0.014467594682 0.00971383363074 0.0211032315539 0.019933099426 0.00995659641801 0.0170037782681 0.00444459093835 0.0111933284693 0.0148397041606 0.00788008013937 0.0132538151628 0.000365626308114 0.0012340945181 -0.00693186185086 0.0128686738382 0.0162742189022 0.00551805691195 0.0154098377503 0.0211390065843 0.00589632041696 0.0110110625757 0.156569736569 0.00887280551156 0.0151245785492 0.0129718702327 0.0272033573957 0.0170316180513 0.0191941413955 0.0196648119193 0.0230322660028 0.0139118602207 0.00766566913149 0.0163477171183 0.0062403356085 
0.0167558247092 0.0228427964845 0.0641138484454 0.00997025067597 0.024310401042 -0.00226312439271 0.01770754249 0.0245047262101 0.0208538183614 -0.0174149570101 -0.00629769168801 0.0350549397367 0.0368324885027 -0.0158697192933 0.0349054326364 0.0296298661836 -0.012105738051 0.0192310298593 0.0231138928241 0.00106721321844 0.0227904691035 0.00368305139776 0.0378458508526 0.0295977445363 0.0458908245347 0.00879873510686 0.0319786015046 0.00887280551156 0.348910339751 0.010780650069 0.00980975549516 0.021475646801 0.0158045958799 0.0262393909293 0.0102085759375 0.0222885790429 0.0330501130666 0.00132745326278 0.0359691503395 0.0151526000391 
0.0304452080213 0.00621426289593 -0.00722968168846 0.021121989129 0.0294805312681 -0.00518519693784 0.0294751032737 0.0300039539401 0.0243973229323 0.00654189000522 -0.0374873097327 0.00388628225484 0.00678692232227 -0.00760270887871 0.0207270930958 0.0126515751066 0.00556413072223 -0.00951782355213 0.00507623576933 0.00326484606545 0.0239386494149 0.00407951178428 -0.00369127563654 0.00459320073241 0.0491081613123 -0.00281435919552 -0.000862708554929 0.0151245785492 0.010780650069 1.33699510901 -0.00189703446596 0.0187106108367 -0.00293166116969 0.0236632296707 0.0472801336725 0.0487208815846 -0.0197709571299 0.00554371570176 0.0203625286991 0.00999108303016 
0.000247238030327 0.0549741258106 0.0165712954324 0.0140614602441 0.0117915345755 0.0155183387488 0.0119930687806 0.00558416799531 0.0184263112287 0.000808684077489 0.000907769443399 0.0222910020871 0.0123250836237 -0.0015814742037 0.0260985273263 0.0180252590184 0.01849636415 0.0159006400434 0.00620077249143 -0.0492023058999 0.0115072737465 0.0110032953914 0.00908239123754 0.0157046395614 0.0157948908855 0.00661409114524 0.0123898178444 0.0129718702327 0.00980975549516 -0.00189703446596 0.201983110933 0.0136227116633 -0.000151031576009 0.01286476909 0.0119124822653 0.0397059907886 0.00430159583672 0.00698382564242 0.0129838608945 -0.00915015305806 
0.0025552177837 0.0368014933719 0.0505556847617 0.0335096554598 0.0253626046946 0.018024974703 0.000391304791742 0.0238502244031 0.0342155236794 0.0342530576375 0.00391032825107 0.0264204305748 0.0486929280308 -0.014584323476 0.0404840436627 0.0309126640617 0.0217402308948 0.0164704868364 0.0381283643669 -0.0104083596033 0.0507814688486 0.0167253152999 0.00574259002874 0.0413664153559 0.0745868919615 0.0315950412177 0.110461325515 0.0272033573957 0.021475646801 0.0187106108367 0.0136227116633 0.34513309401 0.00986439034456 0.0270367839576 0.0135963554591 0.0274734607427 0.0619497685463 0.00444934179137 0.0322046440166 0.00310857891787 
0.000303225574615 0.0075686579203 0.0258209954082 0.00377414775426 0.00608301696254 0.0203507741375 0.0474643966474 0.0213846223372 0.00784512522314 0.0185723239674 -0.0151035073738 0.00748998309127 -0.000241501421452 0.00824204428347 0.0183612938811 0.0280561973866 0.00723341394653 0.0215530466943 0.00981099401864 0.00858521473449 0.0208083226603 -0.00262290217881 0.00964458248006 0.00529164288755 -0.00047664978047 0.0304627171439 0.0100290330551 0.0170316180513 0.0158045958799 -0.00293166116969 -0.000151031576009 0.00986439034456 0.23339531206 0.0131735140871 0.0201869165474 0.000213295185095 0.00698345732458 0.0167343034254 0.00644787139409 -0.00903853476287 
0.00358268969148 0.0399682658107 0.0511550962809 0.0100684090137 0.021486277086 0.0259721158831 0.00933737863784 0.00710533107588 0.0207030567284 0.0132569846831 -0.0120733075196 0.06225625707 0.0482590047452 0.00657042389271 0.0250167542484 0.0253385250186 0.00284383698332 0.0281755568377 0.0108509509394 -0.00725394973904 0.0528086336344 0.00261511402326 -0.0204532175271 0.0216731735024 0.0524813115554 0.0427033265228 0.00321162898575 0.0191941413955 0.0262393909293 0.0236632296707 0.01286476909 0.0270367839576 0.0131735140871 0.254994488454 0.0124134410232 0.0204177469686 0.0450921045592 -0.00673864282814 0.00580831471068 0.0075598040521 
0.00760815813443 0.0138763074834 0.0196591549727 0.00886472422035 0.0295001576778 0.0161048801809 0.0313591389391 0.0132262041109 0.0207141673712 0.00627757152297 0.000735414043628 0.0113331952594 0.0315360714849 -0.0105119909063 0.0403059220069 0.0145572189292 0.0106144134787 0.0152196029863 0.00934999642851 0.00721830730195 0.00458159719747 0.0179116295923 0.0036759483937 0.0236273741403 0.0121575576197 0.0050256102063 0.0116040279077 0.0196648119193 0.0102085759375 0.0472801336725 0.0119124822653 0.0135963554591 0.0201869165474 0.0124134410232 0.146513392458 0.0508918512975 0.0135719995936 0.012598232082 0.0299170430749 0.0137838222649 
0.012892669313 0.0115838744337 0.0192620972019 0.0255565694134 0.0439944753322 0.00404318009764 0.0149241613403 0.0071048260547 0.00795257348255 0.0105588406655 0.0104545035138 0.0137059988846 0.0168424228166 -0.00442194806508 0.048754213532 0.0402662575942 0.00133408438009 -0.00354735446011 0.019257064143 -0.00553699347842 0.0093102205058 0.0166877905378 0.00260637325188 0.0115671496279 0.0101136404289 -0.0193787096008 0.018087908388 0.0230322660028 0.0222885790429 0.0487208815846 0.0397059907887 0.0274734607427 0.000213295185095 0.0204177469686 0.0508918512975 0.250995504584 0.00917286951468 0.0193801643646 0.0181847274404 0.0164394001575 
0.0441502694949 0.00520903347438 0.134370237572 0.0125397610598 0.0238686029827 0.112256043452 0.0134718516426 0.0169152126286 0.0100613431992 0.00125974569499 -0.0151431538603 0.0216116584686 0.0621214467712 -0.0224985033291 0.0596081074142 0.0349790186403 0.000750015606814 0.0992390706956 0.0274448946224 -0.0178682030601 0.0804487216134 0.00412346369017 0.047536475015 0.0441340093777 0.0412077181137 0.0637230573107 0.0827170288251 0.0139118602207 0.0330501130666 -0.0197709571299 0.00430159583672 0.0619497685463 0.00698345732458 0.0450921045592 0.0135719995936 0.00917286951467 0.58768590475 -0.00258060762094 0.0146087226124 0.00282654158454 
0.013811132041 0.0101098129021 0.0291578611927 0.0100150256229 0.00984669248478 0.00853170485191 0.0120503397072 0.00261397084619 0.0109263361468 -0.000114519669948 0.00140858276754 -0.00109262373999 -0.000883270056948 -0.00798915498797 0.0189958284653 0.0120919739722 -0.000683613859871 0.0148964999891 -0.000894847377493 -0.0144309215765 0.0100810494867 0.012508602297 0.000699432099868 0.00384695960098 0.0111451225788 0.0164070409479 0.0088581718456 0.00766566913149 0.00132745326278 0.00554371570176 0.00698382564242 0.00444934179137 0.0167343034254 -0.00673864282813 0.012598232082 0.0193801643646 -0.00258060762094 0.185942479334 0.0157303570402 0.0105035450143 
0.00359870268708 0.0160009741773 0.0135935834156 0.00845198050656 0.0126157343314 0.00835773776317 0.01918513005 0.00208202313651 0.0104497048315 0.00896897267371 -0.000506359208692 0.0201360625244 0.02187022275 -0.0145720651206 0.0176816921984 0.0276570214002 0.00460797669041 0.0200279324824 0.000473212451438 -0.00646565484172 -0.000572498841274 0.00926161442246 0.064680902236 0.0256558458998 0.0303705404783 0.00542143800906 0.00152979223943 0.0163477171183 0.0359691503395 0.0203625286991 0.0129838608945 0.0322046440166 0.00644787139409 0.00580831471068 0.0299170430749 0.0181847274404 0.0146087226124 0.0157303570402 0.173998062235 0.00977583231712 
0.00848085893976 0.00963330786945 0.0159131034712 0.00360398134032 0.0139194022781 0.00181070229576 0.00186557019511 0.0113035992363 0.00419690639939 0.0103587100783 -0.00442729586846 0.0347672338768 0.00935936330456 -0.0126431916687 0.0218296019407 0.0026675431586 0.0111481787366 0.00328882797862 0.0118520100855 0.00671776373781 0.0384940496804 0.0204431924517 8.00810722919e-05 0.0189893871249 0.0211989243667 -0.00528338176026 0.00662957175819 0.00624033560849 0.0151526000391 0.00999108303016 -0.00915015305806 0.00310857891787 -0.00903853476287 0.0075598040521 0.0137838222649 0.0164394001575 0.00282654158454 0.0105035450143 0.00977583231712 0.400619148622 

['PAYX', 'MWV', 'X', 'AVY', 'MET', 'NEM', 'NI', 'TWX', 'MCD', 'KG', 'ESRX', 'WY', 'BNI', 'KMI', 'GS', 'GWW', 'OMC', 'NOV', 'GT', 'RSH', 'CIEN', 'BUD', 'THC', 'MOLX', 'MNST', 'DVN', 'SYK', 'KMB', 'SHW', 'OMX', 'MMM', 'CMI', 'CMS', 'TIN', 'MTB', 'FITB', 'PD', 'CPB', 'GPC', 'BLS']