40
0.0387981152642 0.125871369107 0.0253746335001 0.0425593974561 0.0273717205438 0.0261881624723 0.0211692002509 0.0248608942987 0.0210054402465 0.251790956204 0.163811268696 0.0162851568228 0.0722101641432 0.103528049483 0.0623593213805 0.0988670942005 0.0743441041655 0.0442487549982 0.0604038345904 0.0132097716294 0.0690415105338 0.0247746242904 0.0843714281037 0.040534814632 0.0522856391002 0.0285995604788 0.0251604878384 0.0220926651793 0.0256056876134 0.026417897889 0.0502759777883 0.02736418452 0.0299059053764 0.0253425298527 0.043075945187 0.0412963652708 0.0861911318708 0.0396471392927 0.0526943852585 0.0997806882374 
0.219299285384 0.0189499479746 0.0298447656823 0.0314917285744 0.0266009229536 0.00728829030319 0.0179352891435 0.0211774706046 0.00869300805907 0.0433423731625 0.00179082591122 0.0266906354483 0.0280736167567 0.0257636283328 0.0341606007584 0.0446636716499 0.0232597107328 0.024806207777 0.0241167537765 0.0204616237185 0.0381761824052 0.0253115814736 0.0339033389118 0.0102110083095 0.0378554070103 0.0119137547679 0.0184918458269 0.00691583488779 -0.00104850128368 0.0208867408644 0.0155227117117 0.0101604383778 0.0231099546843 0.0175656778103 0.0148981474981 0.0178798775867 0.0356004110512 0.0212903281782 0.0295361105795 0.00895999527394 
0.0189499479746 0.835550954862 -0.00627509984697 0.0282553996823 -0.00546492179293 0.00241375663815 -0.0111539431124 0.0138652475516 -0.00490108431977 0.0151819981661 -0.0166143025907 -0.00749724649007 0.0031364844352 -0.0153923970363 0.00575285799058 0.0188748422437 0.0523750687399 -0.00139000203107 0.00671202855153 -0.00378062597906 0.0201922135853 0.00629894176932 0.117257449739 -0.0116634481133 -0.00232662793725 -0.0151300736958 -0.00111658142621 -0.0149852464503 -0.00547241586592 0.00410376322577 0.0195756033765 -0.00111389226413 -0.00428930574131 0.00204534043962 0.021482096805 0.00248883218558 0.0202655787636 -0.0112845231986 0.0109459209409 0.034467808497 
0.0298447656823 -0.00627509984697 0.280977880642 0.0119581448081 0.0202266305404 0.0215130752869 0.00311361528163 0.0165469206784 -0.00420759889231 0.000753214701522 -0.00817745859107 0.00950199869113 0.0182998887476 0.0124751410653 0.0187027469434 0.0222041054582 0.0291036660015 0.0094343651241 0.0151588015663 0.0104706763382 0.0890055640351 0.0186268623229 0.0171276683371 -0.00378813138292 0.0111142067218 0.0202305380029 0.0137744328784 0.0142460020835 0.0202142250127 0.00742917365566 -0.00417478591711 -0.00232601657834 0.0093162745011 0.0116260490433 0.00984577930007 0.00377805367263 0.0195010463776 0.00621872960436 0.0246729588294 0.0303804192261 
0.0314917285744 0.0282553996823 0.0119581448081 0.390404315584 0.0192540418358 0.0244297528186 0.0290389540362 0.0181320811989 0.00844848316909 0.0159841109984 -0.0162725413542 0.03165043332 0.014380494296 0.0324925747114 0.0127588610979 0.056136484642 0.0553203631703 0.0278227795132 0.0353446119254 -0.00313486286608 0.021742680395 0.0246437703738 -0.00192262664509 -0.00460519149679 0.00402231567991 0.0348184696893 0.0153863340214 0.0106728410044 0.0101110718379 0.0213879813308 0.0224372887084 0.0137832704891 0.0429814099178 0.0121547210472 0.0121111418056 0.0145827984436 0.0433077468209 0.0486386727856 0.073320429086 0.00967931791092 
0.0266009229536 -0.00546492179293 0.0202266305404 0.0192540418358 0.23718741739 0.00757374391968 0.0165561684416 0.00511990786884 0.00710603171034 0.0073630832856 0.0103967498566 0.00847563420088 0.015243227526 0.0275188648324 0.0238343678584 0.0302497498973 0.00749304158742 0.0111716012055 0.0333730653194 0.0145616190035 0.0250703852794 0.0260193617999 0.00846594708578 0.0121102140125 0.0227626975687 0.0159267168218 0.0124890959981 0.0153537867211 0.00382231244238 0.0112339865111 0.00126667731037 0.0116508258941 0.023111037639 0.0197334274323 0.0147153933319 0.0118635286538 0.0249514876343 0.0065122847347 0.0326277459914 0.0318445524244 
0.00728829030319 0.00241375663815 0.0215130752869 0.0244297528186 0.00757374391968 0.259416735156 0.013003279271 0.0261949577943 0.0030033283258 0.00915126013387 0.0306716539176 0.0144186478467 0.00738468401998 0.0148265439272 0.0231303166974 0.0168668458986 0.0205802348073 0.0114497004691 0.0247964667544 0.00931140761096 0.0210283540733 0.00573455768932 0.000784128648648 0.0106947458908 0.016786929891 0.0129165219057 0.0241398600871 0.00109817474006 0.0101334747235 0.00518460289969 0.00755065539343 0.00198173931251 0.0230571083376 0.0113703543529 0.00613160493724 0.0195715908467 0.0179361077986 0.00418232728458 0.025581703996 0.0189266877972 
0.0179352891435 -0.0111539431124 0.00311361528163 0.0290389540362 0.0165561684416 0.013003279271 0.206265376268 0.0194846110324 -0.00133950287012 -0.0237448210787 -0.0169479193419 0.0121915960718 0.00772632225675 0.0222528810503 0.0187893147888 0.0230370780802 0.0100804596667 0.00878091276302 0.01881464497 0.0135484905728 0.0132874067133 -0.000377066956814 0.0168110687944 0.0114164214708 -0.00335221559664 0.0254295891605 0.0171444823276 0.00392416781075 0.00659439829622 0.000662759059667 -0.00164750448561 0.0192570583944 0.00594450849913 0.00117214402586 0.0109712351368 0.00363428479376 0.016367384623 0.00214529000853 -0.00926413358085 0.00978351993436 
0.0211774706046 0.0138652475516 0.0165469206784 0.0181320811989 0.00511990786884 0.0261949577943 0.0194846110324 0.219823758139 0.0101497367263 0.0098316392105 0.00728138784933 0.0181928795044 0.0237389290317 0.000790826877991 0.0163134102134 0.0172968257405 0.0300897469966 0.0200447992749 0.00678939281392 0.0175541988666 0.0269231448189 0.0198787841001 0.0223087906715 0.00516315022328 0.017371676598 0.0256914626943 0.0557415619378 0.0107381733021 0.006464789546 0.0210080811029 0.0343739829214 0.0187093134714 0.022400190236 0.0212798312231 0.0337176808125 0.0191419433743 0.0330617566815 0.0265956538534 0.0151074279408 0.0292523346032 
0.00869300805907 -0.00490108431977 -0.00420759889231 0.00844848316909 0.00710603171034 0.0030033283258 -0.00133950287012 0.0101497367263 0.131170092041 0.0164400872843 0.0203547790522 0.00381380392117 -4.49174183684e-05 -0.000718540800295 0.0105069847694 0.011143678089 0.00153521636446 0.00598245454461 -0.00386605441768 0.0139475535996 -0.00693879784195 0.00886331633753 0.0135210406744 0.0103735380051 -0.0018852040472 0.00139889376946 0.0128211262545 0.0115223004428 0.00516789584474 -0.00198154779873 0.0116327717622 0.00604226976009 0.0111957846416 0.0177487764383 0.0155642147318 0.00902278309121 0.00643244234296 0.0110365235839 0.0161562666824 0.000962245464184 
0.0433423731625 0.0151819981661 0.000753214701522 0.0159841109984 0.0073630832856 0.00915126013387 -0.0237448210787 0.0098316392105 0.0164400872843 2.08050374634 0.0227887242555 0.0159814301219 0.00923389721368 0.0205333563506 0.0333251538678 0.0584435620159 0.00228463950377 0.0165036723613 0.00916178994511 0.0150373996117 0.0483895907053 0.0256393757068 0.0262412560554 0.006371153155 0.0281704971993 -0.012440425144 0.00339121208452 0.00535287524984 0.0184912103963 -0.00411358889067 -0.0156242760825 0.0169757633266 0.00695519264656 0.0244488345155 0.000839920927676 0.00085644679721 0.0193250371222 -0.00841888324006 0.0316387847474 0.0286641601751 
0.00179082591121 -0.0166143025907 -0.00817745859107 -0.0162725413542 0.0103967498566 0.0306716539176 -0.0169479193419 0.00728138784933 0.0203547790522 0.0227887242555 1.37056544689 0.00906529445633 0.00777001206125 0.00160086000619 0.00502577810518 0.00107549889939 -0.0140637835726 0.00069971927382 0.00161726490273 -0.000389368308337 0.000441624461219 0.0186112006472 0.0273454895183 -0.000564839852373 0.0150912828761 0.00913559098465 0.00642491778235 -0.0101516836953 0.00431558060572 -0.000952282995238 -0.010207951756 -0.00101147807982 -0.0051005426271 0.00113036784106 0.00633729213197 -0.0192462723974 0.0107317647381 -0.00325467041998 -0.012306610804 0.00140666272111 
0.0266906354483 -0.00749724649007 0.00950199869113 0.03165043332 0.00847563420088 0.0144186478467 0.0121915960718 0.0181928795044 0.00381380392117 0.0159814301219 0.00906529445633 0.145193976001 0.0104461274292 0.0392547986713 0.00685463701025 0.00657145399798 -0.00897202443594 0.0125681688793 -0.0106929124914 0.00165293331671 0.0107536020716 0.0149629652458 0.017226833426 0.0184068629756 0.0104684326387 -0.00185948814121 0.0146919388843 0.03998330051 0.00763076995992 0.00453195289894 0.0331603119724 0.0428971872816 0.0107768321383 0.00281505813619 0.0155869542268 0.0130217466662 0.0207735666108 0.0493025125976 0.024166521719 0.0132468586706 
0.0280736167567 0.0031364844352 0.0182998887476 0.014380494296 0.015243227526 0.00738468401998 0.00772632225675 0.0237389290317 -4.49174183679e-05 0.00923389721368 0.00777001206125 0.0104461274292 0.328760197496 0.0228992249435 0.0433138494937 0.0478839625615 0.0451215627132 0.0293903180964 0.0379123988332 0.00610121124212 0.0650560278146 0.0253784977636 -0.00754339963328 -0.00418329357389 0.0529502235336 0.0207524023049 0.00899920646546 0.00499916586894 0.0124922248266 0.0493776567892 0.0157193278101 0.0158044832546 0.0207312141549 0.00958831731167 0.0241107992551 0.010657531389 0.0334648062846 0.0308016209439 0.025651637711 0.0106395659946 
0.0257636283328 -0.0153923970363 0.0124751410653 0.0324925747114 0.0275188648324 0.0148265439272 0.0222528810503 0.000790826877991 -0.000718540800295 0.0205333563506 0.00160086000619 0.0392547986713 0.0228992249435 0.451667735634 0.0276868412585 0.0284143047305 -0.00412783720553 0.00961040210016 0.0275813702119 0.00161870285447 0.012418043459 0.00290138303302 -0.00828657289394 0.0294495727402 0.0506965332485 -0.0109986015794 0.0105915533979 0.0214732453265 0.00884043475384 0.0169456351163 0.0111044202485 0.0362757148631 0.00157231531636 -0.0036600306101 0.0254985098292 0.00521044602686 0.0185187187555 0.0542998968072 -0.00604500314804 0.00850626481296 
0.0341606007584 0.00575285799058 0.0187027469434 0.0127588610979 0.0238343678584 0.0231303166974 0.0187893147888 0.0163134102134 0.0105069847694 0.0333251538678 0.00502577810518 0.00685463701025 0.0433138494937 0.0276868412585 0.344597024439 0.037726734432 0.0213032297658 0.0257655677555 0.0302461207186 0.0221869241029 0.0291044658676 0.0232643588996 0.0410903177056 0.0172594480928 0.0434306461061 0.02783934765 0.017953014907 0.0161840364252 0.0171631284429 0.0354827976135 0.0204512738847 0.0212572927593 0.0122225277607 0.0163104785585 0.0126941398315 0.000553406435156 0.00770862616811 0.0134154337422 0.0408604568529 0.0182206372225 
0.0446636716499 0.0188748422437 0.0222041054582 0.056136484642 0.0302497498973 0.0168668458986 0.0230370780802 0.0172968257405 0.011143678089 0.0584435620159 0.00107549889939 0.00657145399798 0.0478839625615 0.0284143047305 0.037726734432 0.482475734098 0.0398990666322 0.0207144621384 0.0732445728008 0.0437347443494 0.0719044633897 0.0220422760331 0.0663588649441 -0.00661132323123 0.0417892845172 0.0106570699602 0.0111422885187 0.0124141298947 -0.00157632643011 0.0318442463474 0.0145477444398 0.0260614693747 0.0234966184428 0.0196392143715 0.0156177232229 0.00213898261164 0.0464823020782 0.033070932283 0.0549023678809 0.0367583067994 
0.0232597107328 0.0523750687399 0.0291036660015 0.0553203631703 0.00749304158742 0.0205802348073 0.0100804596667 0.0300897469966 0.00153521636446 0.00228463950377 -0.0140637835726 -0.00897202443594 0.0451215627132 -0.00412783720553 0.0213032297658 0.0398990666322 0.392555919436 0.00269898091405 0.0384110082167 0.015943902131 0.0115532334097 0.0129734202279 0.0122735064674 0.00526044262353 0.0253890818152 0.0342923045737 0.0130840522266 -0.00665044433661 0.00509539615128 0.0117558522594 0.0178178736192 0.000729433769535 0.0275506627596 0.0122270979368 0.0373327561224 0.00443021320296 0.0185394601865 -0.00273940267713 0.0603297102072 0.0168663571082 
0.024806207777 -0.00139000203107 0.0094343651241 0.0278227795132 0.0111716012055 0.0114497004691 0.00878091276302 0.0200447992749 0.00598245454461 0.0165036723613 0.00069971927382 0.0125681688793 0.0293903180964 0.00961040210016 0.0257655677555 0.0207144621384 0.00269898091405 0.27401921299 0.0431897034341 0.0142221791059 0.0239213130852 0.0146408246097 0.0316012282406 -0.00359769704077 0.0204617408128 0.00353734299234 0.0093931578295 0.00985769712355 -0.00668662870581 -0.00205281765486 0.00768651873218 0.00529075922176 0.013928827072 0.0170167013555 0.00579118271328 0.0220525059172 0.0169464427621 0.0197377635579 0.0257628202723 0.0150742895139 
0.0241167537765 0.00671202855153 0.0151588015663 0.0353446119254 0.0333730653194 0.0247964667544 0.01881464497 0.00678939281392 -0.00386605441768 0.00916178994511 0.00161726490273 -0.0106929124914 0.0379123988332 0.0275813702119 0.0302461207186 0.0732445728008 0.0384110082167 0.0431897034341 0.274036221985 0.0231488484907 0.0297430282062 0.01106090971 0.0289046456349 0.0116607249184 0.0480037257156 0.0148730217912 0.00524472434711 0.0207700875007 0.0173387844087 0.0463090527604 0.0234217622712 0.0120167216677 0.0181858864761 0.0197223723298 0.00892069537642 0.000968639113511 0.0308767230057 0.0111481238999 0.0311255965987 0.025822424549 
0.0204616237185 -0.00378062597906 0.0104706763382 -0.00313486286608 0.0145616190035 0.00931140761096 0.0135484905728 0.0175541988666 0.0139475535996 0.0150373996117 -0.000389368308337 0.00165293331671 0.00610121124212 0.00161870285447 0.0221869241029 0.0437347443494 0.015943902131 0.0142221791059 0.0231488484907 0.165769567091 0.0252015001933 0.011432984925 0.000305127965534 -0.00816858747219 0.0086369870715 0.00758610993886 0.0117349179436 0.00568866966785 0.0101596472427 0.0138145348675 -0.00102507984519 0.00103514903407 0.0139663070338 0.0144955296493 -0.00065695578603 0.00476722122185 0.022478314683 0.00583052663361 0.0146637017372 0.0128271048066 
0.0381761824052 0.0201922135853 0.0890055640351 0.021742680395 0.0250703852794 0.0210283540733 0.0132874067133 0.0269231448189 -0.00693879784195 0.0483895907053 0.000441624461219 0.0107536020716 0.0650560278146 0.012418043459 0.0291044658676 0.0719044633897 0.0115532334097 0.0239213130852 0.0297430282062 0.0252015001933 0.42557589094 0.0142140388164 0.0172728352056 0.00843860289336 0.023984081437 0.0281859452724 -0.00353099935288 0.00225754260767 0.0286316726021 0.0311501150622 0.0215786833802 0.022767811259 0.0137309549319 0.0321115350227 0.0223056600248 0.00951682121126 0.0486231006037 0.0243438814155 0.038328742281 0.0329086872665 
0.0253115814736 0.00629894176932 0.0186268623229 0.0246437703738 0.0260193617999 0.00573455768932 -0.000377066956814 0.0198787841001 0.00886331633753 0.0256393757068 0.0186112006472 0.0149629652458 0.0253784977636 0.00290138303302 0.0232643588996 0.0220422760331 0.0129734202279 0.0146408246097 0.01106090971 0.011432984925 0.0142140388164 0.18550254248 0.00199919910492 0.0096586252261 0.0222635815763 0.0185804837614 0.0207881447263 0.014704576286 0.0167668451361 0.0171700261225 0.00591815953642 0.015080468582 0.0107053411013 0.0209195654637 0.021413545458 0.0189646663514 0.0469020774655 0.0136154707614 0.0203219593013 0.0183493246568 
0.0339033389118 0.117257449739 0.0171276683371 -0.0019226266451 0.00846594708578 0.000784128648648 0.0168110687944 0.0223087906715 0.0135210406744 0.0262412560554 0.0273454895183 0.017226833426 -0.00754339963328 -0.00828657289394 0.0410903177056 0.0663588649441 0.0122735064674 0.0316012282406 0.0289046456349 0.000305127965534 0.0172728352056 0.00199919910492 0.854455601936 -0.00184530437513 0.0102029348695 -0.00495236511599 0.00839859022595 0.0198776241528 0.00177474147941 0.0325224829389 0.0293090697383 0.0165939973027 0.00628567365799 0.00817953259267 0.0201963347308 -9.57169821537e-06 0.00436956957134 0.0136654390025 0.0168326960357 0.00972391286466 
0.0102110083095 -0.0116634481133 -0.00378813138292 -0.00460519149679 0.0121102140125 0.0106947458908 0.0114164214708 0.00516315022328 0.0103735380051 0.006371153155 -0.000564839852373 0.0184068629756 -0.00418329357389 0.0294495727402 0.0172594480928 -0.00661132323123 0.00526044262353 -0.00359769704077 0.0116607249184 -0.00816858747219 0.00843860289336 0.0096586252261 -0.00184530437513 0.533866872673 0.00207649577356 0.00118289451102 -0.000279348731872 0.022124845323 0.0122772023774 -0.00266946720596 -0.00376746251671 0.0195254195528 0.00570512048774 -0.006470689342 -0.00790606013047 0.00263424064175 -0.00291358791795 0.00605258296101 0.00386670327547 0.014653199763 
0.0378554070103 -0.00232662793725 0.0111142067218 0.00402231567991 0.0227626975687 0.016786929891 -0.00335221559664 0.017371676598 -0.0018852040472 0.0281704971993 0.0150912828761 0.0104684326387 0.0529502235336 0.0506965332485 0.0434306461061 0.0417892845172 0.0253890818152 0.0204617408128 0.0480037257156 0.0086369870715 0.023984081437 0.0222635815763 0.0102029348695 0.00207649577356 0.294319376271 0.0115895076452 0.0235753098082 0.00525956770228 0.0194107489655 0.0469154149 0.0179714668149 0.0179142660377 0.0136392505634 0.0159502016366 0.0141412564083 0.0077685395814 0.00134505224751 -0.0072496168315 0.0188651540893 0.00541762525371 
0.0119137547679 -0.0151300736958 0.0202305380029 0.0348184696893 0.0159267168218 0.0129165219057 0.0254295891605 0.0256914626943 0.00139889376946 -0.012440425144 0.00913559098465 -0.00185948814121 0.0207524023049 -0.0109986015794 0.02783934765 0.0106570699602 0.0342923045737 0.00353734299233 0.0148730217912 0.00758610993886 0.0281859452724 0.0185804837614 -0.00495236511599 0.00118289451102 0.0115895076452 0.277747877018 0.0388652229362 0.00251141974051 0.0165471169561 0.0127070812614 0.00328803505513 0.00821235095261 0.0527155463419 0.0116262495043 0.033351607941 0.0157368761447 0.0219266475996 0.00889335336606 0.032983465825 0.0277842655869 
0.0184918458269 -0.00111658142621 0.0137744328784 0.0153863340214 0.0124890959981 0.0241398600871 0.0171444823276 0.0557415619378 0.0128211262545 0.00339121208452 0.00642491778235 0.0146919388843 0.00899920646546 0.0105915533979 0.017953014907 0.0111422885187 0.0130840522266 0.0093931578295 0.00524472434711 0.0117349179436 -0.00353099935288 0.0207881447263 0.00839859022595 -0.000279348731872 0.0235753098082 0.0388652229362 0.171127136114 0.00713203157457 0.0123639453463 0.0107294702225 0.0207281825092 0.0198351284924 0.0133010151592 0.0185148819649 0.0358922225505 0.0132669840807 0.00814338569329 0.0133675890165 0.027271164217 0.0194555582945 
0.00691583488779 -0.0149852464503 0.0142460020835 0.0106728410044 0.0153537867211 0.00109817474006 0.00392416781075 0.0107381733021 0.0115223004428 0.00535287524984 -0.0101516836953 0.03998330051 0.00499916586894 0.0214732453265 0.0161840364252 0.0124141298947 -0.00665044433661 0.00985769712355 0.0207700875007 0.00568866966785 0.00225754260767 0.014704576286 0.0198776241528 0.022124845323 0.00525956770228 0.00251141974051 0.00713203157457 0.229845754085 0.00858016624604 0.00931853633925 0.0187624572148 0.038553581452 0.00777227078348 0.00312953431532 0.0111798253931 0.0206022870757 0.0175170825925 0.051773232 0.00688944874994 0.0145257585664 
-0.00104850128368 -0.00547241586592 0.0202142250127 0.0101110718379 0.00382231244238 0.0101334747235 0.00659439829622 0.00646478954599 0.00516789584474 0.0184912103963 0.00431558060572 0.00763076995992 0.0124922248266 0.00884043475384 0.0171631284429 -0.00157632643011 0.00509539615128 -0.00668662870581 0.0173387844087 0.0101596472427 0.0286316726021 0.0167668451361 0.00177474147941 0.0122772023774 0.0194107489655 0.0165471169561 0.0123639453463 0.00858016624604 0.220713562612 0.00957524870096 0.0100331578622 0.00885269060187 0.00337235973184 0.0188892364263 0.0106934093953 0.00227416768275 0.0135931454113 -0.00549570822506 0.0046991872646 0.0125808717428 
0.0208867408644 0.00410376322577 0.00742917365566 0.0213879813308 0.0112339865111 0.00518460289969 0.000662759059666 0.0210080811029 -0.00198154779873 -0.00411358889067 -0.000952282995238 0.00453195289894 0.0493776567892 0.0169456351163 0.0354827976135 0.0318442463474 0.0117558522594 -0.00205281765486 0.0463090527604 0.0138145348675 0.0311501150622 0.0171700261226 0.0325224829389 -0.00266946720596 0.0469154149 0.0127070812614 0.0107294702225 0.00931853633925 0.00957524870096 0.272349167548 0.0133356079191 0.00455133082171 0.0129172264357 0.0113904465866 0.0271538829612 0.00327628598046 0.0172991626924 0.0139301292033 0.0350811602997 0.0261624694397 
0.0155227117117 0.0195756033765 -0.00417478591711 0.0224372887084 0.00126667731037 0.00755065539343 -0.00164750448561 0.0343739829214 0.0116327717622 -0.0156242760825 -0.010207951756 0.0331603119724 0.0157193278101 0.0111044202485 0.0204512738847 0.0145477444398 0.0178178736192 0.00768651873218 0.0234217622712 -0.00102507984519 0.0215786833802 0.00591815953642 0.0293090697383 -0.00376746251671 0.0179714668149 0.00328803505513 0.0207281825092 0.0187624572148 0.0100331578622 0.0133356079191 0.267984522464 0.0295610698407 0.0154069899764 0.00480119543967 0.0194065667548 0.0105593894145 0.0222302542302 0.0205223168877 0.0208587846688 0.019654797836 
0.0101604383778 -0.00111389226413 -0.00232601657834 0.0137832704891 0.0116508258941 0.00198173931251 0.0192570583944 0.0187093134714 0.00604226976009 0.0169757633266 -0.00101147807982 0.0428971872816 0.0158044832546 0.0362757148631 0.0212572927593 0.0260614693747 0.000729433769535 0.00529075922176 0.0120167216677 0.00103514903407 0.022767811259 0.015080468582 0.0165939973027 0.0195254195528 0.0179142660377 0.00821235095261 0.0198351284924 0.038553581452 0.00885269060187 0.00455133082171 0.0295610698407 0.194741355586 0.00524879285595 0.00728383710512 0.0232569090135 0.018044109523 0.0236718478283 0.038563294225 0.0284486895534 0.0167723564981 
0.0231099546843 -0.00428930574131 0.0093162745011 0.0429814099178 0.023111037639 0.0230571083376 0.00594450849913 0.022400190236 0.0111957846416 0.00695519264656 -0.0051005426271 0.0107768321383 0.0207312141549 0.00157231531636 0.0122225277607 0.0234966184428 0.0275506627596 0.013928827072 0.0181858864761 0.0139663070338 0.0137309549319 0.0107053411013 0.00628567365799 0.00570512048774 0.0136392505634 0.0527155463419 0.0133010151592 0.00777227078348 0.00337235973184 0.0129172264357 0.0154069899764 0.00524879285595 0.271466018522 0.00231220775237 0.0183699399643 0.00900176736125 0.0124372568355 0.0181153973345 0.0357179748532 0.0176864113548 
0.0175656778103 0.00204534043962 0.0116260490433 0.0121547210472 0.0197334274323 0.0113703543529 0.00117214402586 0.0212798312231 0.0177487764383 0.0244488345155 0.00113036784106 0.00281505813619 0.00958831731167 -0.0036600306101 0.0163104785585 0.0196392143715 0.0122270979368 0.0170167013555 0.0197223723298 0.0144955296493 0.0321115350227 0.0209195654637 0.00817953259267 -0.006470689342 0.0159502016366 0.0116262495043 0.0185148819649 0.00312953431532 0.0188892364263 0.0113904465866 0.00480119543967 0.00728383710512 0.00231220775237 0.196393687244 0.018859095883 0.0182336665185 0.0182793002511 0.00820720999656 0.0216569609736 0.0220267189211 
0.0148981474981 0.021482096805 0.00984577930007 0.0121111418056 0.0147153933319 0.00613160493724 0.0109712351368 0.0337176808125 0.0155642147318 0.000839920927676 0.00633729213197 0.0155869542268 0.0241107992551 0.0254985098292 0.0126941398315 0.0156177232229 0.0373327561224 0.00579118271328 0.00892069537642 -0.00065695578603 0.0223056600248 0.021413545458 0.0201963347308 -0.00790606013047 0.0141412564083 0.033351607941 0.0358922225505 0.0111798253931 0.0106934093953 0.0271538829612 0.0194065667548 0.0232569090134 0.0183699399643 0.018859095883 0.213650077377 0.0197670757005 0.0255957222716 0.0328972324859 0.026175748061 0.0121258026751 
0.0178798775867 0.00248883218558 0.00377805367263 0.0145827984436 0.0118635286538 0.0195715908467 0.00363428479376 0.0191419433743 0.00902278309121 0.00085644679721 -0.0192462723974 0.0130217466662 0.010657531389 0.00521044602686 0.000553406435156 0.00213898261164 0.00443021320296 0.0220525059172 0.000968639113512 0.00476722122185 0.00951682121127 0.0189646663514 -9.57169821545e-06 0.00263424064175 0.0077685395814 0.0157368761447 0.0132669840807 0.0206022870757 0.00227416768275 0.00327628598046 0.0105593894145 0.018044109523 0.00900176736124 0.0182336665185 0.0197670757005 0.250609815115 0.00451331542891 0.0106972307925 0.00928085932809 0.0112230031531 
0.0356004110512 0.0202655787636 0.0195010463776 0.0433077468209 0.0249514876343 0.0179361077986 0.016367384623 0.0330617566815 0.00643244234296 0.0193250371222 0.0107317647381 0.0207735666108 0.0334648062846 0.0185187187555 0.00770862616811 0.0464823020782 0.0185394601865 0.0169464427621 0.0308767230057 0.022478314683 0.0486231006037 0.0469020774655 0.00436956957134 -0.00291358791795 0.00134505224751 0.0219266475996 0.00814338569329 0.0175170825925 0.0135931454113 0.0172991626924 0.0222302542302 0.0236718478283 0.0124372568355 0.0182793002511 0.0255957222716 0.00451331542891 0.404428309338 0.0428533857342 0.0160965789208 0.032640174367 
0.0212903281782 -0.0112845231986 0.00621872960436 0.0486386727856 0.0065122847347 0.00418232728458 0.00214529000853 0.0265956538534 0.0110365235839 -0.00841888324006 -0.00325467041998 0.0493025125976 0.0308016209439 0.0542998968072 0.0134154337422 0.033070932283 -0.00273940267713 0.0197377635579 0.0111481238999 0.00583052663361 0.0243438814155 0.0136154707614 0.0136654390025 0.00605258296101 -0.00724961683149 0.00889335336606 0.0133675890165 0.051773232 -0.00549570822506 0.0139301292033 0.0205223168877 0.038563294225 0.0181153973345 0.00820720999656 0.0328972324859 0.0106972307925 0.0428533857342 0.259719523752 0.00992423464051 0.0312413330543 
0.0295361105795 0.0109459209409 0.0246729588294 0.073320429086 0.0326277459914 0.025581703996 -0.00926413358085 0.0151074279408 0.0161562666824 0.0316387847474 -0.012306610804 0.024166521719 0.025651637711 -0.00604500314804 0.0408604568529 0.0549023678809 0.0603297102072 0.0257628202723 0.0311255965987 0.0146637017372 0.038328742281 0.0203219593013 0.0168326960357 0.00386670327547 0.0188651540893 0.032983465825 0.027271164217 0.00688944874994 0.0046991872646 0.0350811602997 0.0208587846688 0.0284486895534 0.0357179748532 0.0216569609736 0.026175748061 0.00928085932809 0.0160965789208 0.00992423464051 0.304526686366 0.0217694945074 
0.00895999527393 0.034467808497 0.0303804192261 0.00967931791092 0.0318445524244 0.0189266877972 0.00978351993436 0.0292523346032 0.000962245464184 0.0286641601751 0.00140666272111 0.0132468586706 0.0106395659946 0.00850626481295 0.0182206372225 0.0367583067994 0.0168663571082 0.0150742895139 0.025822424549 0.0128271048066 0.0329086872665 0.0183493246568 0.00972391286466 0.014653199763 0.00541762525371 0.0277842655869 0.0194555582945 0.0145257585664 0.0125808717428 0.0261624694397 0.019654797836 0.0167723564981 0.0176864113548 0.0220267189211 0.0121258026751 0.0112230031531 0.032640174367 0.0312413330543 0.0217694945074 0.575607926971 

['APD', 'CVG', 'CA', 'BC', 'TYC', 'AN', 'RX', 'SNV', 'PEP', 'BRCM', 'ESRX', 'AEP', 'CSX', 'OXY', 'DE', 'TER', 'FDO', 'DIS', 'ROK', 'IBM', 'A', 'VZ', 'WAT', 'KSE', 'AA', 'PGR', 'WFC', 'CMS', 'CLX', 'MWV', 'UST', 'DUK', 'XL', 'LLY', 'PNC', 'KR', 'HPQ', 'EIX', 'HOT', 'MEDI']