60
0.0285158318856 0.0155341374053 0.0214039426083 0.0295384146509 0.0161403943775 0.0597278634654 0.0210054402465 0.07971303899 0.0424048973372 0.275379497042 0.0449680709256 0.0831725949645 0.13159191543 0.0784336943662 0.164482556217 0.0316848802341 0.0313696733512 0.0314738433907 0.0353360638732 0.0246645675501 0.0413167922229 0.112290577846 0.0832698050771 0.0347696809731 0.0262343191133 0.0297209295042 0.0267965440056 0.0384738749472 0.0459594094694 0.022286409141 0.019144788815 0.0442487549982 0.149246593495 0.0466521206007 0.018453974145 0.0451551332239 0.0220203869342 0.239728898705 0.133882810383 0.266244884644 0.0276848810082 0.0355019489908 0.142835786571 0.0278380444533 0.0449016594387 0.0122123060087 0.143796644659 0.101481112582 0.133327922328 0.0549811443135 0.0191748751409 0.0602494739115 0.0253746335001 0.0425593974561 0.116988452624 0.0115927538848 0.126302472887 0.0715007016099 0.0359279599811 0.0235207120966 
0.187084229677 -0.00417756116742 0.01205993197 0.0106730251771 0.00202642851679 0.00231278078809 0.00157079828401 0.00358637708572 0.00386159226633 0.000903647482773 0.00984607535239 0.00489078632126 0.0330551303492 0.00618654658928 -0.0022574850803 0.0210989013129 0.00926828615742 0.0108411124177 0.0111573386872 0.0177670835258 0.0123969435512 0.0177607974026 0.0429479614719 0.0110265753785 0.0164016832147 0.0014890554803 0.017114281525 0.0036285717302 0.00261620119362 0.0129237175222 0.0190159281192 0.00758339568477 0.0679647744876 0.0461862775703 -0.00366161915893 -0.00318769905736 -0.0008463429886 0.00953381547712 0.0143210319431 -0.0152718692736 0.00803745799716 0.0088141876019 0.00380559728158 0.0143710770172 0.00179361182828 0.0165929038744 0.0272487612537 0.0149753448248 0.0184780522527 0.00683029379632 0.0143313101242 0.000566376469838 0.00118921206912 0.00375532315967 0.00933965530997 0.0111387408439 0.034599922629 0.019870991099 0.0211616543381 0.0114783675919 
-0.00417756116743 0.183397170925 -0.00105986635657 0.014933054482 -0.00124051155366 0.0101947057478 0.00554094830968 0.0107913245623 -0.00896264656924 0.00104859375438 0.00435698922497 0.0102620092638 0.00821502601902 0.0157157781773 -0.00573782780506 0.00533673974058 0.0147431340439 -0.00471615922436 0.013473565411 0.0123813184677 0.0139710608297 0.0218402661567 0.0152439841346 0.00253137077063 0.00811265475221 0.00179919927014 0.0245858155996 0.00369657505365 0.00942514460627 0.0156324288871 0.01200994355 0.0063596784593 -0.00539543264596 -0.000208790563094 0.00406703746545 -0.000499975124248 0.012997853683 0.0242067782135 0.00598031203777 -0.00306442104598 0.00974162212698 -0.018061185007 0.00769745870519 0.00850668124234 0.00242665218556 0.00802847515825 0.0263705596124 0.0094628427521 0.00492304527989 4.52331506338e-05 0.00952910050521 0.00464203510031 0.0139913567274 0.0109489067189 0.00916167960492 0.00661252458456 0.0204271612502 0.000315844248431 -0.00714775310841 0.0100600730075 
0.01205993197 -0.00105986635657 0.215047670181 0.0111794588353 0.0090269167774 0.0294709166208 -0.0040006482155 0.0221312281097 0.0172082682343 0.00376673697428 0.0167409517956 0.00468329427277 0.0382942446011 0.0110407692542 0.0029394959158 0.0182407599131 0.0228586124117 0.0119987328553 0.00074112256034 0.0107104025875 0.0159391093983 0.0313466000394 0.0234045879881 0.0252134930181 0.00658063815493 0.0178342668948 0.0148936726035 0.0112560843305 0.0174058167988 0.00240090615603 0.0225123588904 0.0253898843897 0.0287000119191 -0.00216276588878 0.0182032993087 0.0123936396153 0.0294241635799 0.0285971433551 0.0242680503642 0.0247702052787 0.0186945380279 0.0130487624376 -0.00182518002319 -0.00248341774053 0.0208419609746 0.0181406857269 0.0622198046666 0.0165010507198 -0.002361820918 0.00758026948227 0.00317081154847 0.0186801281038 0.0129709739927 0.0219255834708 0.0490398541473 0.00222532292591 0.0281723383066 0.0101068739512 0.0115526367882 0.0105811415225 
0.0106730251771 0.014933054482 0.0111794588353 0.20037222054 0.0109618065591 0.0130643872081 0.00840342860376 0.00382592003456 0.0089277873849 0.00168613445494 0.0109565409058 0.0247854209599 0.0137926570474 0.014770252033 0.00303305565451 0.0129428134523 0.0161735756385 0.0221948196454 -0.00258759889154 0.0451164407854 0.0123397061926 0.00695057961518 -0.000933832927095 0.0104627659441 0.0391675664821 0.0175005106593 0.0357577972696 0.0102676746875 0.0260510011284 0.00827232900508 0.0291584408018 -0.00586264811798 0.00675020404235 0.00624176243944 0.00465237797353 0.00923588027143 0.0241401454323 0.0174650177129 0.000983765304548 0.0166583088673 0.029165904965 0.00434305891483 0.001970460425 0.0142753410935 0.0479616910792 0.00239145571702 0.0379108640418 -0.0112261586132 0.031422997425 0.0184821812569 0.0170113207391 0.0282218736083 0.0198814934325 0.0292946586592 0.0203728740045 0.0213244795505 0.0169964358531 0.0125232789805 0.0104583556643 0.00482716590472 
0.00202642851679 -0.00124051155366 0.0090269167774 0.0109618065591 0.173521101472 -0.00459383818372 0.010171522304 0.0202428796762 0.012653335788 0.00168189142828 0.0112814366187 0.00992660094978 0.00437471227696 0.0171779531863 -0.00586225698837 -0.000585944234103 0.00435808154028 0.0100164035154 0.00555091144836 0.0229003992146 0.0160373325583 0.00484350081881 -0.000755914128676 -0.00419338902487 0.0202831289252 0.00560880506664 0.00978697241439 0.00847374420168 0.00562332126671 -0.00744278991416 0.0176480775892 0.00124241992475 0.0158316395753 0.00418479932119 0.00459481371565 0.0126921691174 0.00908767978172 0.0101579361991 0.00286925864455 0.00696267984286 0.0106340865019 0.00865034556709 -0.00566861788974 0.016100070809 -9.72012695971e-05 0.00304655724881 0.00469477874124 0.0114904770175 0.007412881702 0.00830329732446 0.00970751080926 0.00563412146892 0.0031494517775 0.0125516632341 -0.00956779374203 0.015250376741 0.00285392607279 0.0156776126042 0.00466227876842 0.00497855740919 
0.00231278078809 0.0101947057478 0.0294709166208 0.0130643872081 -0.00459383818372 0.384751088722 -0.00674648374044 0.00676765008918 0.00707973166579 -0.00146512446026 0.0287947960808 0.047226345307 0.0225335975875 -0.00302399506909 -0.00282317470962 0.0173022984097 0.0258022151937 0.00398526682573 0.0115114694942 -0.0149203669953 0.00536104800226 0.0306229211324 0.0257873217146 0.0414306491999 -6.63141867224e-05 -0.0094505153025 -0.013632625178 0.0195475784207 0.0361013110017 0.00598837045078 0.0158161938561 0.00172473651348 0.0284503236672 0.00558233045738 0.0167933969852 0.0585377356718 0.0286388732845 0.0537757923308 0.0308597119317 0.0204159230965 0.00584326868477 0.000198481195536 -0.00757817935618 0.00119126414977 0.0225122019647 0.0159189434468 0.0595000327185 -0.0145361086758 0.0256416674491 0.0141140809731 0.00895350417379 0.0262800365177 0.0157647666945 0.00791480207145 0.0429554464383 0.00267634577954 0.021882618931 -0.00577927104769 0.0558907412269 0.0102368246609 
0.00157079828401 0.00554094830968 -0.0040006482155 0.00840342860376 0.010171522304 -0.00674648374044 0.127848583298 0.00848718422501 0.00775246405316 0.00103159554903 -0.00218238828359 0.0143312443665 0.00361279897053 0.0117258968282 0.00278356840119 0.0101295981414 0.000797768533171 0.0180904826137 -0.000469892382191 0.0127829143222 0.00910969563554 -0.00669969774537 0.00544247863703 0.0181502740989 0.0198291700449 0.00403846959867 0.00631997499299 0.00389734045579 0.0131974329954 0.00453429902998 0.00259183227827 0.00641331540316 0.00293313091756 0.0115911208965 0.00461373879406 0.00935836921997 0.00831539967353 0.00739377152194 -0.00316341735397 -0.00435530566488 -0.000364955711093 0.0149139140703 0.00974777854798 0.0134137729861 0.00356065721402 -0.00148004105253 0.00122169934483 -0.0047622760248 0.00381493296551 0.0139101267302 0.00475644040126 0.00356895740291 -0.00877023943362 0.00356847435563 0.00107253569817 0.0131187393232 0.000912605024967 -0.00324297390798 0.00768944669174 0.0207356161836 
0.00358637708572 0.0107913245623 0.0221312281097 0.00382592003456 0.0202428796762 0.00676765008919 0.00848718422501 0.486941980182 0.0327122995744 -0.00344862441608 0.0334624967442 -0.0121531581107 0.0175467640362 0.0353343296351 -0.0150359282247 0.0105824625624 0.0227570919238 -0.00836035449921 -0.00279635098106 0.016226046643 0.041080614672 0.00848150938871 0.0111270813944 0.0171711777161 0.00983084387334 -0.000160138292569 0.00538153793607 0.0173295092476 0.00474030548178 0.00502436508459 0.00532617042174 0.0081520844492 0.0111097455837 0.0101514949866 0.0208557533837 0.00484140618057 0.0248081839095 0.0531637982246 0.0179290798755 0.0175765903132 0.0230799593668 0.0216514868224 0.00241531595642 0.0241833740037 0.00531087317271 0.0248239940741 0.039710072577 0.00651600969536 0.0198348296781 0.0403173043883 0.00226335532265 0.0105421472236 0.0503178833147 0.0302234389476 0.00687404981531 0.0170709142031 0.0176540007989 -0.00579660670704 0.00965509626264 0.0251654063548 
0.00386159226633 -0.00896264656924 0.0172082682343 0.0089277873849 0.012653335788 0.00707973166579 0.00775246405316 0.0327122995744 0.394137344473 -0.00425976334363 0.00769392930883 -0.0106306588555 0.00476852039073 0.00861758299081 0.00171259058653 0.00153014961086 0.00616447155213 0.0344830770478 -0.0053134849056 0.00819122841165 0.00930074212696 -0.00908822932703 0.0160942884768 0.00694726456049 0.0153494465301 0.0136689986957 0.000540037376843 0.00973084974124 0.0170414650975 0.0112464645581 0.00992559986236 0.00350213279582 0.0143658253519 0.00213304405547 0.00889620115096 0.0228677363077 0.0135248438988 0.0329897174504 0.00855896628843 -0.00638537916606 0.00726697974872 0.0190221584763 0.00929540883975 0.00818067094206 0.0125327202485 0.016383418388 0.0088893625131 0.0139580147318 0.0115934021816 0.0371140839046 -0.00887334650861 0.0106693861583 0.010710755948 0.0271516600909 0.00258546325219 0.00409434240862 -0.00552313339873 0.003097878807 -0.00551994158864 0.0111065972082 
0.000903647482773 0.00104859375438 0.00376673697428 0.00168613445494 0.00168189142828 -0.00146512446026 0.00103159554903 -0.00344862441608 -0.00425976334363 4.09484380223 -0.00252280300443 -0.0156746205061 -0.0195922777441 0.0127140608667 -0.0212363195019 -0.0122525482737 -0.0130007331789 0.00280135442714 0.0154379748056 0.00144909797612 0.0201716240431 -0.010321267602 -0.0263744920928 -0.0178622026423 0.00451462464589 0.0126423584244 0.00118405681838 0.0113883168866 -0.00123251856885 -0.00767396733543 0.0033642338662 -0.0045091351736 -0.0231221734391 0.00219878977961 0.00157648307446 0.00514397211751 0.00491512776915 -0.0195514492423 -0.0150446382738 -0.0282434749173 0.0105857988692 -0.0108203128554 0.00259010280933 -0.00270363454052 -0.0140310353599 -0.0193901187291 -0.0168362698237 -0.013874607931 -0.0252332136954 0.00149346020077 -0.00143445787093 -0.0049076668566 2.77947926012e-05 0.00694180986121 -0.00769698862661 0.00255243341355 -0.008837458364 -0.0188305235805 -0.00694981703877 -0.00511775449286 
0.00984607535239 0.00435698922497 0.0167409517956 0.0109565409058 0.0112814366187 0.0287947960808 -0.00218238828359 0.0334624967442 0.00769392930883 -0.00252280300443 0.175717102302 0.0204372220944 0.00916888555546 0.0200598216046 -0.0117986948788 0.0163469822716 0.0436997892402 0.00311167945115 0.0169896066561 0.0314579283874 0.0113049024594 0.0108304912766 0.0234249194178 0.00964896903276 0.0134952403105 0.00605565224396 0.0108146503641 0.000243938003245 0.0106121984903 -0.00248324492789 0.0199947183019 0.00753269440695 0.0132648727271 0.0303770367298 0.0112832702775 -0.00219819644507 0.00337416188622 0.0217736681288 0.0157562061403 0.0485172763209 0.00927965930973 -0.00128057784303 0.00284452687476 0.00133438942632 0.00849807296844 0.0052331760375 0.0279061228693 -0.0127316095942 0.00886224983828 -0.0117284093685 0.0206532302384 0.0206550989914 0.00414419009493 0.0306593067552 0.00502699643448 0.0128845222694 0.0108553919034 -0.000529243701925 0.0297481635493 0.0167809737033 
0.00489078632126 0.0102620092638 0.00468329427277 0.0247854209599 0.00992660094978 0.047226345307 0.0143312443665 -0.0121531581107 -0.0106306588555 -0.0156746205061 0.0204372220944 0.434130531301 0.0447972471322 0.000629106668222 -0.00203732297973 0.0239804859831 0.0120644755009 0.0159961761533 0.0118086239956 0.0294315028068 0.000435801583819 0.0500666883427 0.00741066847327 -0.00764782320414 0.0183874017774 0.00207006440293 0.0129582545727 0.00209272892171 0.018207414137 0.0140256921311 0.0206088099146 0.00148851805449 0.0391451060128 0.0134411354267 0.0166845480693 0.0401407165171 0.0342449883463 0.0578804373232 0.0379141494824 0.0396915987328 0.00654648933053 0.0569727393408 -0.000814936460777 0.00625967907404 0.0323872483307 0.0225842808567 0.0594267642863 0.00428752730548 0.0463862178961 -0.00651587279099 0.0187768590306 0.031554037491 0.0121930251249 0.0111392631253 0.0254215398265 0.0223449221077 0.0462602337247 -0.00374891877286 0.0401357086276 0.0196796184357 
0.0330551303492 0.00821502601902 0.0382942446011 0.0137926570474 0.00437471227696 0.0225335975875 0.00361279897053 0.0175467640362 0.00476852039073 -0.0195922777441 0.00916888555546 0.0447972471322 0.439132802175 0.00715215337407 0.0561351087898 0.0179533579861 0.0118179087189 0.0209610789341 0.0104086096617 0.0108517603855 0.0119439419065 0.21180604038 0.127867966303 0.0262720656746 0.00330559701311 -0.00101399329907 0.00642694434981 0.0206001830379 0.0116088389436 0.00153448867375 0.00636879524875 0.015050490754 0.153990673054 0.0446889377638 0.0174187547613 0.0259562009891 0.021160829901 0.047031472738 0.15895771103 0.00409237422917 -0.00543190583544 0.0217120204257 0.00817820207857 -0.0137998028014 0.0191752669418 0.00849411614021 0.0727400316191 0.0179216058953 0.0115203384473 0.0103553100221 -0.00273086605754 0.00307219184245 0.0200034489242 0.0482531398437 0.041092514612 0.000864745344391 0.0953325969517 0.00540865616474 0.00896276969124 0.0151950069634 
0.00618654658928 0.0157157781773 0.0110407692542 0.014770252033 0.0171779531863 -0.00302399506909 0.0117258968282 0.0353343296351 0.00861758299081 0.0127140608667 0.0200598216046 0.000629106668221 0.00715215337407 0.366601012607 -0.0301332406989 0.00849244878306 0.0116848323852 -0.00655827633253 0.0196265203635 0.0163919971213 0.0414936335737 0.0216451937573 -0.0110296606321 0.0175377519989 0.00387438763591 0.00496739830347 0.00573525663599 0.0196922325572 0.00468649154378 -0.0036397664434 0.0181189599922 0.00190713973159 0.0355886406551 0.00494505924972 0.00198283115695 0.0028825295052 0.00832338510714 0.00602994449072 0.00243702622256 0.0189231760038 0.0183961615234 0.021705918988 -0.0110414613657 0.0146008355478 0.00983435988708 0.00258134579994 0.0230012930769 0.0102091604865 0.0178085013274 0.00617706010165 0.0220327807869 0.0163404860861 0.0041172475708 0.0076806028908 0.00114736844071 0.00726459760716 -0.0100742319344 -0.00464135220961 -0.00275258858833 0.0160471237312 
-0.0022574850803 -0.00573782780506 0.0029394959158 0.00303305565451 -0.00586225698837 -0.00282317470962 0.00278356840119 -0.0150359282247 0.00171259058653 -0.0212363195019 -0.0117986948788 -0.00203732297973 0.0561351087898 -0.0301332406989 1.8913911575 0.0293562187347 -0.0109286625892 -0.00795811115305 -0.00187159539882 -0.00130313692975 -0.00246342709494 0.0268208250005 0.0237326592611 0.0029906581707 -0.00832161289023 -0.0016337532087 -0.00429099157276 -0.0162512007167 -0.00845539987212 -0.00723812597821 -0.00282364022847 0.0147732829029 0.0638336896548 0.000986799562752 -0.0159335039679 -0.010629816507 0.00562245197383 0.0192887791994 0.064584376693 -0.0100649461338 -0.00847680169057 0.0181018528088 -0.0231276156572 0.0011127954579 -0.00724780150893 -0.00382569021844 -0.00681278959635 0.00125219437151 0.0152416072197 0.0240478729657 0.00153557111965 0.0152976780086 -0.00324645086766 0.00828611749936 -0.00491842909604 0.0216232021022 0.0118364368528 -0.00219834098017 -0.0121948447659 -0.00385863357592 
0.0210989013129 0.00533673974058 0.0182407599131 0.0129428134523 -0.000585944234102 0.0173022984097 0.0101295981414 0.0105824625624 0.00153014961086 -0.0122525482737 0.0163469822716 0.0239804859831 0.0179533579861 0.00849244878306 0.0293562187347 0.162086664249 0.0109324972554 0.0077135275133 0.014130435041 0.0299926242183 0.00282331432399 0.0170131635685 0.00263510462906 0.0168305937443 0.0202068013626 -0.000860700430381 0.0183090240116 0.00981951495898 0.0351787081247 0.0088021117394 0.0244686412862 0.0270732718808 0.008457113734 0.0171837801926 0.0143996254589 0.00526016046201 0.0173625856232 0.00810066377931 0.0151419990734 0.0115988261631 0.0122783928732 0.0204071747425 0.00146587734316 0.00700347479722 0.0141773890145 0.0139669208064 0.0521581830127 0.00706515590298 0.00814384748455 0.00569850713773 0.0246682000792 0.0217620030521 0.0154580291407 0.00808515566712 0.0180437155667 0.00859978252705 0.00721815041773 0.00908971501152 0.0141949740273 0.0103043772728 
0.00926828615742 0.0147431340439 0.0228586124117 0.0161735756385 0.00435808154028 0.0258022151937 0.00079776853317 0.0227570919238 0.00616447155213 -0.0130007331789 0.0436997892402 0.0120644755009 0.0118179087189 0.0116848323852 -0.0109286625892 0.0109324972554 0.16837443622 0.0046895645016 0.0177228085148 0.0146529202189 0.0173937760471 0.0178892240308 0.0119610078218 0.022310992367 0.0212131422537 0.0107100019364 0.0137008333067 0.0165779090505 0.00512763878551 -0.0053139547643 0.0271583377964 0.0127089064866 0.00261625362716 0.0207384274181 -0.000819410709128 0.00114952169725 0.00554961190608 0.00416067683928 0.0141558498452 0.0170272791031 0.0219616891261 0.0036980996947 0.00975458766246 0.0125364668405 0.00590596672485 0.000961076959756 0.0289951659859 0.00157042640549 0.00367862181738 -0.00794236511674 0.0143565202842 0.0162528956251 0.0112167981069 0.0234247995794 0.0144667628489 0.00899466884903 0.0106434980144 0.0184644725716 0.0231085709582 0.00674905942479 
0.0108411124177 -0.00471615922436 0.0119987328553 0.0221948196454 0.0100164035154 0.00398526682573 0.0180904826137 -0.00836035449921 0.0344830770478 0.00280135442714 0.00311167945115 0.0159961761533 0.0209610789341 -0.00655827633252 -0.00795811115305 0.0077135275133 0.0046895645016 0.286033487446 0.02013276483 0.0153498287761 0.0149230831159 0.0129847260308 0.0132361270331 0.0016251953893 0.0149319582644 0.0266550608641 0.0171505999814 0.00542561221481 0.0267547584383 0.00110223092737 0.0172807023971 -0.00256998040628 0.00183121823109 0.00099321630478 -0.000790597305153 0.00860173655969 0.0128406693197 0.0315859510799 0.00750133102345 0.00762418284704 0.0246605321308 0.029945605747 0.017587856316 0.0019843854149 0.0175208358961 0.016824106955 0.0251351059391 0.00222787643598 0.00907990130243 0.00360208855289 0.00213711273527 0.00134336898085 0.025003285623 0.0121630573359 0.00769992291065 0.0150130669162 0.0171378094324 -0.00168012443187 0.00869515176378 0.0190976706426 
0.0111573386872 0.013473565411 0.00074112256034 -0.00258759889154 0.00555091144836 0.0115114694942 -0.000469892382192 -0.00279635098106 -0.0053134849056 0.0154379748056 0.0169896066561 0.0118086239956 0.0104086096617 0.0196265203635 -0.00187159539882 0.014130435041 0.0177228085148 0.02013276483 0.305230337843 0.00102407786696 0.0176212971139 0.0179881599849 -0.00627591244764 0.0155280132688 0.0140898155891 -0.000844909717425 0.00782206182243 -0.000808265875396 0.00956303096771 0.0252761570676 0.0177368871114 0.0227210424042 0.0144573565166 0.023109352029 0.0103833339021 0.0207676630705 0.00197972542273 0.0337670184503 0.00185200338164 -0.00108231475558 0.00960986556687 0.025369896042 0.0530776128131 0.0176556860053 0.00436572636907 0.0103647571429 0.0470264725679 0.0203351079651 0.026650329087 0.00960912703278 0.00462694055222 0.0152935564705 0.0242763795357 0.0159627070223 0.0158254894099 0.0148741175492 -0.0109405238418 0.0102589934534 0.0165533954049 0.00017759755843 
0.0177670835258 0.0123813184677 0.0107104025875 0.0451164407854 0.0229003992146 -0.0149203669953 0.0127829143222 0.016226046643 0.00819122841165 0.00144909797612 0.0314579283874 0.0294315028068 0.0108517603855 0.0163919971213 -0.00130313692975 0.0299926242183 0.0146529202189 0.0153498287761 0.00102407786696 0.159232070381 0.0166017362216 0.0100124311612 0.00578825002267 0.00269972756867 0.0524762953575 0.00308794195368 0.0430956382422 0.00911003387252 0.0279858197905 0.00264206630966 0.016443239203 0.0102488102738 0.00620027128837 0.0221465721905 0.00948008087029 0.00661657181188 0.0191178988169 0.0175647727627 0.00327024139685 0.0194441454791 0.0241677813774 0.0161390641614 -0.00143524500769 0.0112024505441 0.00962944522422 0.00958983669698 0.022968275958 0.00803839095506 0.0114242037665 0.00281266459721 0.0277546183305 0.0161689790501 0.00623556467188 0.0282108807325 0.0203562477524 0.00829061568305 0.0127963545943 0.00151573281672 0.00721740245562 0.0038780822925 
0.0123969435512 0.0139710608297 0.0159391093983 0.0123397061926 0.0160373325583 0.00536104800226 0.00910969563554 0.041080614672 0.00930074212696 0.0201716240431 0.0113049024594 0.000435801583818 0.0119439419065 0.0414936335737 -0.00246342709494 0.00282331432399 0.0173937760471 0.0149230831159 0.0176212971139 0.0166017362216 0.234675038498 0.0133172634439 0.0106341035937 0.0196586511537 0.0123072034224 0.00297288040467 0.0210765020306 0.0452538516124 0.0163707133818 0.00605993878242 0.0251689985339 0.00926362483453 0.0350890045231 0.0223778151883 0.00628333239649 -0.000989878334382 0.0071998720452 0.0517306258755 0.000644444837558 0.0337788322472 0.0190126269141 0.0124556849405 0.00647965280639 0.0222250047347 0.0150095311548 0.00579695383685 0.0389939661988 0.00444233245759 -0.0028701423728 0.0351674709297 0.0156400179277 0.00746155655438 -0.00486326773901 0.0198025451294 0.000775472308191 0.0144335588726 0.019993258899 0.00341197021871 -0.00188785176966 0.00849228403778 
0.0177607974026 0.0218402661567 0.0313466000394 0.00695057961518 0.00484350081881 0.0306229211324 -0.00669969774537 0.00848150938871 -0.00908822932703 -0.010321267602 0.0108304912766 0.0500666883427 0.21180604038 0.0216451937573 0.0268208250005 0.0170131635685 0.0178892240308 0.0129847260308 0.0179881599849 0.0100124311612 0.0133172634439 0.382921921425 0.126383328445 0.02084604725 -0.0012243856405 0.00220839809166 0.000599179774005 0.00734414945701 0.0125517797821 0.0175952649561 0.0154385861541 0.00568453288191 0.134632017953 0.0194523254667 0.00278716032928 0.010116368618 0.0175363153196 0.0800216510422 0.144463484764 0.014198271969 0.00537613013753 0.0120136717154 -0.000180159551352 -0.00186375817731 0.00989843531658 -0.00129839661735 0.103306563045 0.0231230201722 0.0111710024449 -0.00407039488796 0.00877130027034 0.0113319137909 0.0330316103824 -0.00328717162598 0.0554735904502 0.0177739003488 0.0660156862485 0.0106843070927 0.0176007920836 -0.00154390805556 
0.0429479614719 0.0152439841346 0.0234045879881 -0.000933832927095 -0.000755914128675 0.0257873217146 0.00544247863703 0.0111270813944 0.0160942884768 -0.0263744920928 0.0234249194178 0.00741066847327 0.127867966303 -0.0110296606321 0.0237326592611 0.00263510462906 0.0119610078218 0.0132361270331 -0.00627591244764 0.00578825002267 0.0106341035937 0.126383328445 0.337367323388 0.0168434198443 -0.00600076146508 -0.00847992081039 -0.00898128969111 0.0183135173165 -0.00092167266229 0.0168796994814 0.00206851667729 0.00588005111615 0.124409864166 0.0342436234226 0.0151575394023 0.0197576732905 -0.00253689865005 0.0364707145288 0.0828807933966 -0.00550987259975 0.00803666611692 0.00523850571233 4.83350134229e-05 0.000285947969394 0.0169311839865 0.0041972537647 0.0458087917283 0.0289941031935 0.00856602666103 0.00903481690442 0.0148515122638 0.00487696411541 0.00581131553436 0.0242680482115 0.0265287768982 0.011223981995 0.0634713182071 -0.00756565512189 0.015879008402 0.00935749364795 
0.0110265753785 0.00253137077063 0.0252134930181 0.0104627659441 -0.00419338902487 0.0414306491999 0.0181502740989 0.0171711777161 0.00694726456049 -0.0178622026423 0.00964896903276 -0.00764782320414 0.0262720656746 0.0175377519989 0.0029906581707 0.0168305937443 0.022310992367 0.0016251953893 0.0155280132688 0.00269972756867 0.0196586511537 0.02084604725 0.0168434198443 0.216892336464 0.0197737907351 0.00650599641962 0.00390375183809 0.00940484750369 0.00635706217294 0.00540711141019 0.0171575928151 0.0208261043114 0.0266805252937 0.0143853969858 -0.00122175575805 -0.00895040486161 0.016947002603 0.0401717413391 0.0163007858393 0.070614172901 0.0256245714069 0.0154682102252 -0.000185668391126 0.000797989027269 0.0174673270881 0.00484363088866 0.0348543953626 -0.00255462941961 0.0542277598778 0.0248984396762 0.0195618274859 0.0158261281514 0.0164248737949 0.0117134313797 0.0204404970821 0.00477121415404 0.0107507570266 0.00673892937413 0.0260796078327 0.0209683054833 
0.0164016832147 0.00811265475221 0.00658063815493 0.0391675664821 0.0202831289252 -6.63141867231e-05 0.0198291700449 0.00983084387334 0.0153494465301 0.00451462464589 0.0134952403105 0.0183874017774 0.00330559701311 0.00387438763591 -0.00832161289023 0.0202068013626 0.0212131422537 0.0149319582644 0.0140898155891 0.0524762953575 0.0123072034224 -0.0012243856405 -0.00600076146508 0.0197737907351 0.174201587013 0.00759049109795 0.0419251622846 0.0107688686272 0.0299243876393 0.00150622495896 0.0186332475773 0.016625237759 0.00565506554181 0.006578651061 0.0187433659442 0.00853168225684 0.0200177116161 0.0232828130214 0.00110746290691 0.0227426918172 0.0279657725546 0.0183679022982 0.0122792434067 0.0115986330183 0.0231235955723 0.00381964129982 0.031949263434 0.00861000762686 -0.00190869940175 0.00450616275341 0.0330367858611 0.0171819497642 0.0188195268199 0.0150977480786 0.0214165751817 0.010799288635 0.00721221603766 0.00437626932208 0.0109279566057 0.00306664062429 
0.0014890554803 0.00179919927014 0.0178342668948 0.0175005106593 0.00560880506664 -0.0094505153025 0.00403846959867 -0.000160138292569 0.0136689986957 0.0126423584244 0.00605565224396 0.00207006440293 -0.00101399329906 0.00496739830347 -0.0016337532087 -0.000860700430381 0.0107100019364 0.0266550608641 -0.000844909717425 0.00308794195368 0.00297288040467 0.00220839809166 -0.00847992081039 0.00650599641962 0.00759049109796 0.21467255943 0.0126906389392 -0.00894006701517 0.0243255305127 0.0100119272916 0.00367267735296 0.00713642955398 -0.0014506413258 0.00622052144512 -0.00657351481205 0.0192543346955 0.0162507765153 0.00190348007012 -0.00385188411947 -0.00545381988496 0.0201171283028 0.0128042232061 0.000184545182984 0.0152100657827 0.00109841384513 0.0183875867855 0.0169687876847 0.00577857157583 0.00211619141587 0.0136856480642 0.0101695090615 0.0220979580695 0.00998625552386 0.00399500483778 0.00861886522062 0.000592111185902 0.0153732356854 0.0266918905161 0.00665925551452 -0.00021440020261 
0.017114281525 0.0245858155996 0.0148936726035 0.0357577972696 0.00978697241439 -0.013632625178 0.00631997499299 0.00538153793607 0.000540037376843 0.00118405681838 0.0108146503641 0.0129582545727 0.00642694434981 0.00573525663599 -0.00429099157276 0.0183090240116 0.0137008333067 0.0171505999814 0.00782206182243 0.0430956382422 0.0210765020306 0.000599179774006 -0.00898128969111 0.00390375183809 0.0419251622846 0.0126906389392 0.161614745591 0.0159667754849 0.0201557724359 -0.00105836739695 0.0198831626662 0.0156208973031 -0.00228108783416 0.0209471168386 -0.000383792622787 -0.00600419832769 0.0151777944184 0.040849108488 0.0259315904291 0.0142805012135 0.0287660127793 0.0144385009439 -0.00495301130885 0.011702979621 0.0165835271028 0.00338845015871 0.0357991745433 -0.00286632608801 0.0102667555507 0.0065421242941 0.0245867744636 0.00435906510474 0.0124704913031 0.0225476179538 0.0145282826364 0.0188761151928 0.0171679059889 0.0162525026836 0.000589164886832 0.0049168885634 
0.0036285717302 0.00369657505365 0.0112560843305 0.0102676746875 0.00847374420168 0.0195475784207 0.00389734045579 0.0173295092476 0.00973084974124 0.0113883168866 0.000243938003245 0.00209272892171 0.0206001830379 0.0196922325572 -0.0162512007167 0.00981951495898 0.0165779090505 0.00542561221481 -0.000808265875396 0.00911003387252 0.0452538516124 0.00734414945701 0.0183135173165 0.00940484750369 0.0107688686272 -0.00894006701517 0.0159667754849 0.224351377446 0.0118364819611 0.00253364703039 0.016145130185 0.00711270394791 0.0299515943526 0.0215781867118 0.00163943311678 0.0105723345413 0.00997535474187 0.0367481015901 0.0183392494528 0.00802325598101 -0.00080026879079 -0.0160539639884 0.00872603159319 0.0195249153683 -0.00163199176764 0.0161884789974 0.0169100168393 0.0160579210604 0.00601587282378 0.0238276283641 0.00426107689311 -0.000745767155194 -0.00348335562568 0.0124834310235 0.0158782385933 -0.0023213599835 0.0203517459836 0.0118486226332 0.00841934371915 0.00938732724071 
0.00261620119362 0.00942514460627 0.0174058167988 0.0260510011284 0.00562332126671 0.0361013110017 0.0131974329954 0.00474030548178 0.0170414650975 -0.00123251856885 0.0106121984903 0.018207414137 0.0116088389436 0.00468649154378 -0.00845539987212 0.0351787081247 0.00512763878551 0.0267547584383 0.00956303096771 0.0279858197905 0.0163707133818 0.0125517797821 -0.000921672662289 0.00635706217294 0.0299243876393 0.0243255305127 0.0201557724359 0.0118364819611 0.338392760686 0.0177975956651 0.0147877786355 0.0224911958351 0.0177514728656 0.00905182087568 0.00728915987042 0.00257922658601 0.0722093635348 0.0475545501024 0.00831797910236 0.0398972121743 0.0120743315056 0.0291021864955 0.000197861997692 0.0123795642133 0.00576100526703 0.0122128133795 0.0395114905597 0.00225053612724 0.0366235705222 0.0125915144128 0.0242871172535 0.0196877305618 0.00891642407954 0.0476181797557 0.0487927865284 0.00354659837651 0.00661895543658 0.00864219832804 0.00426038763737 0.0135346877581 
0.0129237175222 0.0156324288871 0.00240090615603 0.00827232900508 -0.00744278991416 0.00598837045078 0.00453429902998 0.00502436508459 0.0112464645581 -0.00767396733543 -0.00248324492789 0.0140256921311 0.00153448867375 -0.0036397664434 -0.00723812597821 0.0088021117394 -0.0053139547643 0.00110223092737 0.0252761570676 0.00264206630966 0.00605993878242 0.0175952649561 0.0168796994814 0.00540711141019 0.00150622495897 0.0100119272916 -0.00105836739695 0.00253364703039 0.0177975956651 0.23990523271 0.0144226230169 -0.00361648039087 0.0130591709941 0.00866580840637 -0.00621510841887 0.00111145246999 0.00567930208569 0.00167951708661 0.0114768401366 0.00124882611924 0.0226418755126 -0.00502962570136 -0.0140738475613 -0.000774486974423 0.00457362839225 0.00419015813974 0.016740219093 0.00388289341098 0.0403510852971 -0.00174512403483 0.00927222490594 0.0151707393483 0.00705154671726 0.00569450947109 0.0273509372532 -0.00284002836756 -0.0192950334613 0.000733425067913 -0.00685491819493 -0.000906386629287 
0.0190159281192 0.01200994355 0.0225123588904 0.0291584408018 0.0176480775892 0.0158161938561 0.00259183227827 0.00532617042174 0.00992559986236 0.0033642338662 0.0199947183019 0.0206088099146 0.00636879524875 0.0181189599922 -0.00282364022847 0.0244686412862 0.0271583377964 0.0172807023971 0.0177368871114 0.016443239203 0.0251689985339 0.0154385861541 0.00206851667729 0.0171575928151 0.0186332475773 0.00367267735296 0.0198831626662 0.016145130185 0.0147877786355 0.0144226230169 0.221906859823 0.00629096771709 0.0326355132431 0.0173298453467 0.0138360834826 0.000270053204194 0.0242172186858 0.0491287461127 0.00719156035354 0.019785832801 0.023743210307 0.0106873822441 -0.00192075513409 0.00119498916916 0.0208691660031 0.0101335039181 0.0354319668038 0.00418727981033 0.00425732624467 0.00811519089769 0.0246026346258 0.04597269758 0.0274992177275 0.0354388971134 0.0463157100785 0.0235192491413 -0.00911254374235 0.0131064085962 0.0128310456126 0.00371755285447 
0.00758339568477 0.0063596784593 0.0253898843897 -0.00586264811798 0.00124241992475 0.00172473651348 0.00641331540316 0.0081520844492 0.00350213279582 -0.0045091351736 0.00753269440695 0.00148851805449 0.015050490754 0.00190713973159 0.0147732829029 0.0270732718808 0.0127089064866 -0.00256998040628 0.0227210424042 0.0102488102738 0.00926362483453 0.00568453288191 0.00588005111614 0.0208261043114 0.016625237759 0.00713642955398 0.0156208973031 0.0071127039479 0.0224911958351 -0.00361648039087 0.00629096771709 0.272383860387 0.0125165020459 0.0135173438536 0.0172631245605 -0.00996712656638 0.0129641268714 0.0494905900673 0.00797179691455 -0.0105235681885 -0.000321140017863 0.0264817740263 0.0067774243173 -0.00185424647241 0.015773953767 -0.00790492281389 0.0240898099325 0.00878024535368 0.0133749837689 -0.00390780315708 0.0147353681146 0.0121816413546 0.00495494492018 0.0271483532152 0.0242576609367 0.0202886109785 -0.00599604301715 0.0162334001846 0.00960081481237 0.0119220727341 
0.0679647744876 -0.00539543264596 0.0287000119191 0.00675020404235 0.0158316395753 0.0284503236672 0.00293313091756 0.0111097455837 0.0143658253519 -0.0231221734391 0.0132648727271 0.0391451060128 0.153990673054 0.0355886406551 0.0638336896548 0.008457113734 0.00261625362716 0.00183121823109 0.0144573565166 0.00620027128837 0.0350890045231 0.134632017953 0.124409864166 0.0266805252937 0.00565506554181 -0.0014506413258 -0.00228108783416 0.0299515943526 0.0177514728656 0.0130591709941 0.0326355132431 0.0125165020459 0.513855693977 0.0344522742286 0.0206709264611 0.0114038240564 0.00387177193196 0.0502513929194 0.11909980771 -0.0063723203336 -0.000646431052952 0.0161258022246 -0.00235831073576 0.00483953939505 0.0191762406432 0.019690208219 0.0174066861952 0.013966929817 0.0101434624365 0.00378144314858 0.0108623908703 0.0346769195387 0.00510645736011 0.0272263625949 0.0231701615497 0.0137701997706 0.107022936405 -0.00558475524683 0.0163642927252 -0.000758759021913 
0.0461862775703 -0.000208790563095 -0.00216276588878 0.00624176243945 0.00418479932119 0.00558233045738 0.0115911208965 0.0101514949866 0.00213304405547 0.00219878977961 0.0303770367298 0.0134411354267 0.0446889377638 0.00494505924973 0.000986799562752 0.0171837801926 0.0207384274181 0.000993216304779 0.023109352029 0.0221465721905 0.0223778151883 0.0194523254667 0.0342436234226 0.0143853969858 0.006578651061 0.00622052144512 0.0209471168386 0.0215781867118 0.00905182087568 0.00866580840637 0.0173298453467 0.0135173438536 0.0344522742286 0.250158547047 0.00166832236432 0.011596354088 0.0126994877634 0.0116240112732 0.0239376471294 -0.00880092643727 0.0197421644226 -0.00354614375834 0.0121773035542 0.0174709929789 0.0113855241602 0.0154633641571 0.0132009837779 0.00238289120373 0.00990439129642 0.00500672856461 0.0234493930237 0.0281017457526 0.00826960357666 0.0111837556975 0.00873750468598 0.0178934141971 0.0120189325041 0.0051299999578 0.0214963662432 0.0231651371108 
-0.00366161915893 0.00406703746546 0.0182032993087 0.00465237797353 0.00459481371565 0.0167933969852 0.00461373879406 0.0208557533837 0.00889620115096 0.00157648307446 0.0112832702775 0.0166845480693 0.0174187547613 0.00198283115695 -0.0159335039679 0.0143996254589 -0.000819410709129 -0.000790597305153 0.0103833339021 0.00948008087029 0.0062833323965 0.00278716032928 0.0151575394023 -0.00122175575805 0.0187433659442 -0.00657351481205 -0.000383792622787 0.00163943311678 0.00728915987042 -0.00621510841886 0.0138360834826 0.0172631245605 0.0206709264611 0.00166832236432 0.243697351569 0.00505030181128 0.0137803577955 0.00990798790732 0.00440135005906 0.00710604595519 0.00714130739563 0.00501062275948 0.0134698497912 0.0144899258002 0.00728183907893 -0.00104774296311 0.00383067321337 0.0097901075162 0.020807419007 -0.011518832079 0.0125489191174 0.0150778642002 0.0143101080678 0.0350385545174 -0.000322336580945 0.00798678863003 0.00313124244733 -0.00859223524245 -0.00196641458789 0.031187344139 
-0.00318769905736 -0.000499975124248 0.0123936396153 0.00923588027143 0.0126921691174 0.0585377356718 0.00935836921997 0.00484140618057 0.0228677363077 0.00514397211751 -0.00219819644507 0.0401407165171 0.0259562009891 0.0028825295052 -0.010629816507 0.00526016046201 0.00114952169725 0.00860173655969 0.0207676630705 0.00661657181188 -0.000989878334382 0.010116368618 0.0197576732905 -0.00895040486161 0.00853168225684 0.0192543346955 -0.00600419832769 0.0105723345413 0.00257922658601 0.00111145246999 0.000270053204196 -0.00996712656638 0.0114038240564 0.011596354088 0.00505030181128 0.292675020703 0.0210816155724 0.0157776845829 0.0362609600456 -0.0130511062594 0.0138130510948 0.00681905745897 0.037623186652 0.00700241765305 0.000784270555279 0.00901794092062 0.0247277946914 0.00496975516776 -0.00682982294776 0.000289311103086 0.00610120977133 0.0144792154368 0.00069567900955 0.0288540681586 0.00883909679218 -0.00529599703766 0.0122563717255 0.0116757000097 0.037002565024 -0.00227005825287 
-0.000846342988601 0.012997853683 0.0294241635799 0.0241401454323 0.00908767978172 0.0286388732845 0.00831539967353 0.0248081839095 0.0135248438988 0.00491512776915 0.00337416188622 0.0342449883463 0.021160829901 0.00832338510714 0.00562245197383 0.0173625856232 0.00554961190608 0.0128406693197 0.00197972542273 0.0191178988169 0.0071998720452 0.0175363153196 -0.00253689865005 0.016947002603 0.0200177116161 0.0162507765153 0.0151777944184 0.00997535474187 0.0722093635348 0.00567930208569 0.0242172186858 0.0129641268714 0.00387177193196 0.0126994877634 0.0137803577955 0.0210816155724 0.208757298536 0.0365922276443 0.00934234786709 0.0251346114849 0.0339712936868 0.0194103816402 0.0186319411712 0.00651124859164 0.014494653307 0.0296936501138 0.0366772128428 -0.0106414929009 0.0174375856886 0.00418237891003 0.0355057315619 0.0292895280488 0.0213302207152 0.0315084998261 0.0238317033982 0.0107403079186 0.0155812995788 0.0208746960069 0.0109247877296 -0.0011353862878 
0.00953381547712 0.0242067782135 0.0285971433551 0.0174650177129 0.0101579361991 0.0537757923308 0.00739377152194 0.0531637982246 0.0329897174504 -0.0195514492423 0.0217736681288 0.0578804373232 0.047031472738 0.00602994449072 0.0192887791994 0.00810066377931 0.00416067683928 0.0315859510799 0.0337670184503 0.0175647727627 0.0517306258755 0.0800216510422 0.0364707145288 0.0401717413391 0.0232828130214 0.00190348007012 0.040849108488 0.0367481015901 0.0475545501024 0.00167951708661 0.0491287461127 0.0494905900673 0.0502513929194 0.0116240112732 0.00990798790732 0.0157776845829 0.0365922276443 0.86849765303 0.0605652977516 0.0842615684468 0.0261630716092 0.0162862496521 0.00514434204263 0.00428565818339 0.0485774740761 0.0417297472583 0.143759094288 0.0532219962921 0.0307054473366 0.0492868140918 0.00590219219536 0.0259665117601 0.0928707888328 0.0405011918139 0.0696194784009 0.0374347746391 0.0240059622154 0.0466395620445 0.0119036804943 0.00986034974211 
0.0143210319431 0.00598031203777 0.0242680503642 0.000983765304548 0.00286925864455 0.0308597119317 -0.00316341735397 0.0179290798755 0.00855896628843 -0.0150446382738 0.0157562061403 0.0379141494824 0.15895771103 0.00243702622256 0.064584376693 0.0151419990734 0.0141558498452 0.00750133102345 0.00185200338164 0.00327024139685 0.000644444837559 0.144463484764 0.0828807933966 0.0163007858393 0.00110746290691 -0.00385188411947 0.0259315904291 0.0183392494528 0.00831797910236 0.0114768401366 0.00719156035354 0.00797179691455 0.11909980771 0.0239376471294 0.00440135005906 0.0362609600456 0.00934234786709 0.0605652977516 0.427113964642 0.0474514451566 0.0109638222995 0.00953272310467 0.0023557436276 -0.00138359644456 0.0112390822265 0.00664995403921 0.0557266496192 -2.13859048492e-05 0.0124526372978 0.0113627596562 -0.00139740609792 0.0166904294939 0.00529751365337 0.0104782063547 0.0476018954521 0.0129649638729 0.0620881409599 -0.00278629659906 0.0229782663852 0.00790853188583 
