40
0.0743289823458 0.0363496030559 0.128413882411 0.0387981152642 0.105459344027 0.0597094198611 0.093312473985 0.123248136701 0.0299059053764 0.197480990077 0.0487859931196 0.153319254475 0.0395396308246 0.169485482474 0.0597278634654 0.0988670942005 0.0434942638749 0.0223482457603 0.0235207120966 0.0291248595558 0.251790956204 0.371102806834 0.0270000307956 0.148169679735 0.107116270008 0.0629738483482 0.0272516352802 0.0722101641432 0.0448147494519 0.0144645316835 0.0197813299257 0.0471087328402 0.0122123060087 0.0621529110589 0.0388241127613 0.0482651065397 0.0911559741232 0.0896788789081 0.0645874353538 0.143584613331 
0.30979689166 0.0364564402824 0.0377806209225 0.0404563978896 0.029038347575 0.0146425241232 0.038253830417 0.0262380878316 0.0162821669287 0.033312922782 0.0254972349188 0.102957893015 0.0344081012051 0.0254483835861 0.0238997992627 0.0510503122126 0.0371042528284 0.0403985820468 0.00384923161823 0.0292910822605 0.0102075773127 0.0386172714463 0.034413133452 0.0224321107376 0.0558412182974 0.0234986198151 0.0102983120228 0.0474455811471 0.0174622597428 0.0227402319775 0.0361930056174 0.0217546685106 0.00613542847595 0.046234131205 0.0282576755432 0.0370722656684 0.0570818982723 0.0355581073585 0.0304075595212 0.0468108990908 
0.0364564402824 0.310090782011 0.0156450032514 0.0126816008466 0.0333004493774 0.022455056906 0.00422913722117 0.0145050997984 0.00677515641163 0.0227237087176 0.0193854600663 0.0285087693134 0.019000534382 0.000800310413359 0.0341969784117 0.0100215161699 0.0116706766699 0.0223136338131 0.00972102003455 0.0207245164393 0.0309735229194 0.0218305797682 0.0119693659032 0.00979105945945 0.0084677893253 0.00180084673556 0.012408628594 0.00827638247332 0.0371683111959 0.00342068636629 0.0099420392829 0.00357980649811 0.0175042876945 0.0348187447131 0.0138233967242 0.00635129880489 0.0187754790059 0.00121585430427 0.0179143520164 0.00396085938231 
0.0377806209225 0.0156450032514 0.420797677553 0.0222529747967 0.00601191197032 0.00911457673842 0.121621416695 0.0457542953724 0.0082384822849 0.042482206684 0.0419010844112 0.0138187122168 0.00591202797556 0.0328773476162 0.0341022179253 0.0227332807841 0.027399741746 -0.00208699247758 0.00946280430774 0.00436188638062 0.102189469342 0.0813332053484 0.0178180972051 0.0463566273186 0.0458030528641 0.0958821605435 -0.00844282617873 0.0268134796439 0.00770757510106 0.00525979494934 -0.0102900471908 0.0898905749852 0.0226907019794 0.00884159426174 0.012608558223 0.0283017042817 0.0291877326986 0.0163759965244 0.0169900003832 0.184046494521 
0.0404563978896 0.0126816008466 0.0222529747967 0.221493947996 0.0187303446914 0.00363740728022 0.0108038574798 0.0224955349927 0.022909078411 0.0209359389402 0.0204169055893 0.0306271261783 0.00363368933191 0.015438147638 0.0167375413361 0.0395851807794 0.0349601391898 0.0220011179317 0.0219530712742 0.0107644042778 0.0387158843504 0.0352002356987 0.0314926059199 0.0196885178807 0.0528847463009 0.0140928750338 0.0105809452012 0.0253425302624 0.0163641918887 0.0211931930898 0.0143191249687 0.0228703913524 0.0139785909326 0.00918039915307 0.0136608776042 0.018311390206 0.027759455253 0.0313172017018 0.0135757261939 0.0187396447228 
0.029038347575 0.0333004493774 0.00601191197032 0.0187303446914 0.750514978485 0.0556717815989 -0.00277959986492 0.022062061987 0.00589056675882 0.0188232041124 0.00734896296795 0.0635205314846 0.0193818470882 0.00473590862284 0.00333125492956 0.0495784490658 0.041722613348 0.0265902746165 0.00572122961442 0.0114614913553 0.0168410535349 0.0269221738987 0.0116639046515 -0.00630759658308 0.0291532765401 -0.0148952523337 0.00333312587526 0.0399261872168 0.00469845637875 0.00241878055152 0.00761684977783 0.00313131635373 1.39905614467e-05 0.0162860712649 0.00538461677213 0.019613858391 0.0144345140733 0.0436454181484 0.0352238221872 -0.00391643769423 
0.0146425241232 0.022455056906 0.00911457673842 0.00363740728022 0.0556717815989 0.398108211859 0.00549680092191 0.0106095646993 0.0126276811377 0.0260801547518 -0.00848472165034 0.0256927482676 0.0124939406764 0.000210968107957 0.00890853499154 0.044036716436 0.0164043589884 0.0106245495257 0.0117059387722 0.0435144975396 -0.00968480421148 -0.0017391730249 0.0233477782827 -0.00957666961618 0.012380860473 -0.000689095798087 0.00907226191864 0.0137436789817 0.0144389573795 0.00592565249669 0.0163784358395 -0.016666857548 0.0199328442839 -0.00439896847849 0.00873918973401 0.00600121262709 0.0150285665685 0.0358545160368 0.0144031099981 0.0337625149146 
0.038253830417 0.00422913722117 0.121621416695 0.0108038574798 -0.00277959986492 0.00549680092191 0.399999869971 0.0175107268277 -0.00562080985487 0.0163520492772 0.0233854217466 0.0278361529919 0.0100334041739 0.0441972030107 0.0180473437745 0.022281204891 0.00567113773876 0.00739682789761 0.00625508299609 0.0165265162443 0.0170704961828 0.0290010187142 0.0210486349533 0.0256394130679 0.0107276564617 0.0773679364273 0.0391414751469 0.0120450742643 -0.0012023406591 -0.0105147752875 -0.00865958967616 0.0645451208629 0.010672177083 0.00127389175146 0.0145490086759 0.0050701277624 0.0243736037151 0.0162329412071 -0.00165422313514 0.176196977589 
0.0262380878316 0.0145050997984 0.0457542953724 0.0224955349927 0.022062061987 0.0106095646993 0.0175107268277 0.465815288423 0.0307131722782 0.0192486225146 0.029832604346 0.0384364458063 0.00185605153103 0.047953689509 0.0743095900391 0.0309486337524 0.0364987454237 0.015868623809 0.0202383213964 0.0186864870909 0.0277378228753 0.0297194740375 0.00379910086534 0.0119162735279 0.0540122983203 0.0496381525557 0.00587881413353 0.00357142402567 0.0213281100212 0.0166478536591 0.0193618660263 0.0114294165747 0.00947476442493 0.0242974909955 0.0213958662455 0.0317652004819 0.0465517700113 0.0276499620587 0.0111113611957 0.0407312463548 
0.0162821669287 0.00677515641163 0.0082384822849 0.022909078411 0.00589056675882 0.0126276811377 -0.00562080985487 0.0307131722782 0.270379394061 0.0186565407465 0.0250849755455 0.0154302701766 0.0164923789661 0.0165591015256 0.0192689916713 0.0218651200093 0.0169088068226 0.0313860071634 0.0195901147379 0.021763804032 0.00283780560475 0.0191283213565 0.010642647981 0.00933956183202 0.0205707639638 0.00539895368794 0.00397128262026 0.0181288942968 0.00557624965191 0.00127284014743 0.0135989386181 0.0189030521779 0.0120038222097 0.0160102919336 0.0557883152573 0.023496197003 0.0244716715556 0.00886635491015 0.0249397055078 -0.00019813113037 
0.033312922782 0.0227237087176 0.042482206684 0.0209359389402 0.0188232041124 0.0260801547518 0.0163520492772 0.0192486225146 0.0186565407465 0.873149125076 0.00549388050673 0.0306780671963 -0.01832815122 0.00239064406559 0.0080091226694 0.0548870938341 0.0240947955681 0.0575373896522 0.014525445018 0.00775725669721 0.0218759058924 -0.0260359981416 0.011146343867 0.0173796335573 0.0830924668921 0.00633567680538 -0.00224020472589 0.00547110422795 0.0211479941112 -0.0111715700216 0.0278392233039 0.0104039462941 0.0119393947292 0.00397408252463 0.023083459585 0.0330883058247 0.00166636412719 0.0620553501509 0.0394611046183 0.0268764960559 
0.0254972349188 0.0193854600663 0.0419010844112 0.0204169055893 0.00734896296795 -0.00848472165034 0.0233854217466 0.029832604346 0.0250849755455 0.00549388050673 0.446981295314 0.0351109945506 0.0128694385889 0.0230188129609 0.00220756623249 0.0157664165472 0.0169858385615 0.0247115103751 0.0126082697229 0.0219326030629 0.0744825931507 -0.00292701541515 0.00805032832763 0.00485072894353 0.019353961893 0.0027426747729 0.0293059865897 0.0241279102151 0.00636481689175 0.00675351439169 0.0161685807055 0.0165697154125 0.00562825452719 0.0188424988915 0.000898955700619 0.00354362570291 0.0306956446788 0.013728321908 0.0265280920369 0.00311177338883 
0.102957893015 0.0285087693134 0.0138187122168 0.0306271261783 0.0635205314846 0.0256927482676 0.0278361529919 0.0384364458063 0.0154302701766 0.0306780671963 0.0351109945506 0.618106678414 0.0266744760218 0.0411795404369 0.0276132972717 0.033445304295 0.0371492662038 0.0246284805526 0.0124521375414 0.00464197678256 0.0302195205973 0.0398726710422 0.017201957085 0.0165605565688 0.048348529213 -0.00753851590618 -0.0059784374198 0.0255612631096 0.0279549570171 0.00735897065272 0.0149724635689 -0.0131592733956 0.0216404431076 0.0296200657447 0.0306287539365 0.0146350574082 0.0351055745159 0.0471458025356 0.0355242666438 0.023460829236 
0.0344081012051 0.019000534382 0.00591202797556 0.00363368933191 0.0193818470882 0.0124939406764 0.0100334041739 0.00185605153103 0.0164923789661 -0.01832815122 0.0128694385889 0.0266744760218 0.290355417633 -0.00744987739524 0.0138459324667 0.0200164330742 0.0283677948611 0.00994695115979 0.00938471142106 0.00664891016321 0.0477096967984 -0.000421529008077 0.0181884083053 0.00903806383841 0.0115487627983 -0.0236107930969 0.016011322351 0.0241437360481 0.00387177543071 0.01843011278 0.020123721086 0.000519449675572 0.0172924158671 0.0436203945519 0.0224864848355 0.0506532590263 0.0264017277923 0.031964785599 0.0282526137395 0.00386194297168 
0.0254483835861 0.000800310413359 0.0328773476162 0.015438147638 0.00473590862283 0.000210968107957 0.0441972030107 0.047953689509 0.0165591015256 0.00239064406559 0.0230188129609 0.0411795404369 -0.00744987739524 0.672794017173 0.0179308070552 0.0113762719149 0.0325619691597 0.00863469004128 0.0069027084182 0.00778795408126 0.0123907814405 0.059472644253 0.00782185655639 0.00915667697562 0.00810273294348 -0.00125873990553 -0.00128294721984 0.0303528263075 0.0346627941461 0.0228510627 0.0130021124469 0.0286362756908 0.0139036252034 0.0249964299881 0.00726858751579 0.00819141461348 0.0252822213843 0.00926617348534 -0.00231255164693 0.0375298479938 
0.0238997992627 0.0341969784117 0.0341022179253 0.0167375413361 0.00333125492956 0.00890853499154 0.0180473437745 0.0743095900391 0.0192689916713 0.0080091226694 0.00220756623249 0.0276132972717 0.0138459324667 0.0179308070552 0.391404860099 0.023936153048 0.0414548372871 -0.0162087079325 0.00933616860962 0.00239759885079 0.0105227421841 0.0467044375454 0.033953704298 0.0371648307234 0.025662084344 0.00954356518138 0.00301813130671 0.0510453476546 0.0140036702945 0.010015932861 -0.00713916471872 0.0127771269905 0.0114295535499 0.0187219014072 0.0104393744789 0.0232848441828 0.0497673890138 0.0248666783026 0.0306715847981 0.0328581323816 
0.0510503122126 0.0100215161699 0.0227332807841 0.0395851807794 0.0495784490658 0.044036716436 0.022281204891 0.0309486337524 0.0218651200093 0.0548870938341 0.0157664165472 0.033445304295 0.0200164330742 0.0113762719149 0.023936153048 0.461907918193 0.0489905100972 0.00346357359231 0.0451420776112 0.0248618155046 0.050735117433 0.107026154197 0.0207491122401 0.020654461756 0.12799952273 0.0221728482921 0.017300261645 0.0385699255489 0.00680381344412 0.0305774558943 0.0104283087419 0.0205442129179 0.0164118770263 0.00498691854645 0.0253212269543 0.0498269446055 0.032285842633 0.0788703697644 0.00703500297862 0.0186640467957 
0.0371042528284 0.0116706766699 0.027399741746 0.0349601391898 0.041722613348 0.0164043589884 0.00567113773876 0.0364987454237 0.0169088068226 0.0240947955681 0.0169858385615 0.0371492662038 0.0283677948611 0.0325619691597 0.0414548372871 0.0489905100972 0.293396696007 0.0140323952886 0.0147593558026 0.0155555668067 0.042650524909 0.00581075050894 0.0629467246511 0.0254896276324 0.0361795735661 0.0141014517174 0.0168067211301 0.0492035936003 0.0201904947962 0.0216103849342 0.0146965577898 0.0131515127979 0.0215708590926 0.0280460645949 0.025102794123 0.0311034056078 0.0632746452527 0.0558237583059 0.0267746884329 0.0276893725255 
0.0403985820468 0.0223136338131 -0.00208699247758 0.0220011179317 0.0265902746165 0.0106245495257 0.00739682789761 0.015868623809 0.0313860071634 0.0575373896522 0.0247115103751 0.0246284805526 0.00994695115979 0.00863469004128 -0.0162087079325 0.00346357359231 0.0140323952886 0.21371909938 0.00948190445286 0.0108287646594 1.13717095515e-05 0.00663713779602 0.0268235729881 0.00876023428471 0.00730047886624 -0.00349073112787 0.0190332534474 0.0131479734037 0.0113460443853 0.0101443769714 0.027681305339 0.0134331012362 0.00214097535134 0.0216493376407 0.0278495444262 0.00363754644724 0.0146260197739 0.0278972585443 0.0115563663032 0.0128427542673 
0.00384923161823 0.00972102003455 0.00946280430774 0.0219530712742 0.00572122961442 0.0117059387722 0.00625508299609 0.0202383213964 0.0195901147379 0.014525445018 0.0126082697229 0.0124521375414 0.00938471142106 0.0069027084182 0.00933616860962 0.0451420776112 0.0147593558026 0.00948190445286 0.219675557838 0.0204818881105 0.0154033435093 0.00967813910861 0.017306859357 0.0180801566828 0.00621722714621 0.00747629357276 -0.000248482951274 0.0161840096691 -0.00927242674464 0.00713185722166 0.00681579949141 0.00668427026148 0.00816805617356 0.00222238963758 0.0140418546041 0.0223139645965 0.0174505866202 0.00193418836955 0.000797346456762 0.00808869028143 
0.0292910822605 0.0207245164393 0.00436188638062 0.0107644042778 0.0114614913553 0.0435144975396 0.0165265162443 0.0186864870909 0.021763804032 0.00775725669721 0.0219326030629 0.00464197678256 0.00664891016321 0.00778795408126 0.00239759885079 0.0248618155046 0.0155555668067 0.0108287646594 0.0204818881105 0.227929968339 0.0863162959659 -0.00249138299266 0.00642331211435 0.00650011494327 -0.00209101411345 0.00443326545166 0.000959105758278 0.00878793445184 0.00805353596916 0.00594909551242 0.0105542670094 0.0113635952924 0.00873474993056 0.0187503170966 0.015841631486 0.0100896995163 0.024533298439 0.00126256199007 0.00704817453989 0.0254487633756 
0.0102075773127 0.0309735229194 0.102189469342 0.0387158843504 0.0168410535349 -0.00968480421148 0.0170704961828 0.0277378228753 0.00283780560475 0.0218759058924 0.0744825931507 0.0302195205973 0.0477096967984 0.0123907814405 0.0105227421841 0.050735117433 0.042650524909 1.13717095515e-05 0.0154033435093 0.0863162959659 2.06838445928 0.0464561901676 0.0276285864261 0.00598221028759 0.0404507094298 0.0283657027009 0.0100852231154 0.00328954362103 -0.02421791365 -0.00401954092601 0.00824161137004 -0.00138471096897 0.0233869912644 0.0154288419083 -0.00321609419131 0.00816507327828 0.131224061132 0.0887124896209 -0.00987825877297 0.019710478691 
0.0386172714463 0.0218305797682 0.0813332053484 0.0352002356987 0.0269221738987 -0.0017391730249 0.0290010187142 0.0297194740375 0.0191283213565 -0.0260359981416 -0.00292701541515 0.0398726710422 -0.000421529008076 0.059472644253 0.0467044375454 0.107026154197 0.00581075050894 0.00663713779602 0.00967813910861 -0.00249138299266 0.0464561901676 1.23303489709 0.0262691825492 0.0684314086787 0.0793715092745 0.0557582172679 0.00998593614688 0.0679220527312 0.0341338484801 0.0439504500749 -0.00393102136255 0.0315674096259 0.0238644866901 0.0179209543333 0.0201630692232 0.0269674274026 0.0481105442018 0.0376736283941 0.0388734194429 0.0659832588462 
0.034413133452 0.0119693659032 0.0178180972051 0.0314926059199 0.0116639046515 0.0233477782827 0.0210486349533 0.00379910086534 0.010642647981 0.011146343867 0.00805032832763 0.017201957085 0.0181884083053 0.00782185655639 0.033953704298 0.0207491122401 0.0629467246511 0.0268235729881 0.017306859357 0.00642331211435 0.0276285864261 0.0262691825492 0.212400140099 0.00912372153352 0.0312375737556 0.00763041838037 0.0211354506394 0.0383135135707 -0.00132922039979 0.0187661897381 0.0183025086539 0.0147825423452 0.00337468263202 0.0130213539407 0.0207552924007 0.0135736732597 0.0319003622856 0.00978577314602 0.0200627444741 0.0280657842561 
0.0224321107376 0.00979105945945 0.0463566273186 0.0196885178807 -0.00630759658308 -0.00957666961618 0.0256394130679 0.0119162735279 0.00933956183202 0.0173796335573 0.00485072894353 0.0165605565688 0.00903806383841 0.00915667697562 0.0371648307234 0.020654461756 0.0254896276324 0.00876023428471 0.0180801566828 0.00650011494327 0.00598221028759 0.0684314086787 0.00912372153352 0.46843548352 0.0197445771245 0.0343302540018 0.00261966303801 0.022024748611 0.0316674261762 0.0232492054751 0.0104027428159 0.00619043521246 0.0247231085718 0.0214533279187 0.0111228634166 0.00150593544118 0.00764241830124 -0.00324733361297 0.0362893374733 0.0433350268692 
0.0558412182974 0.0084677893253 0.0458030528641 0.0528847463009 0.0291532765401 0.012380860473 0.0107276564617 0.0540122983203 0.0205707639638 0.0830924668921 0.019353961893 0.048348529213 0.0115487627983 0.00810273294348 0.025662084344 0.12799952273 0.0361795735661 0.00730047886624 0.00621722714621 -0.00209101411345 0.0404507094298 0.0793715092745 0.0312375737556 0.0197445771245 0.51054925131 0.0105550562283 -0.00202319721155 0.061513942577 0.0268800288794 0.016796458623 0.000124973279026 0.0134472636113 0.0118715170984 0.0281603474921 0.00339376270467 0.0371760330736 0.0413600719669 0.086941362704 0.0248789229461 0.0526711572731 
0.0234986198151 0.00180084673556 0.0958821605435 0.0140928750338 -0.0148952523337 -0.000689095798087 0.0773679364273 0.0496381525557 0.00539895368794 0.00633567680538 0.0027426747729 -0.00753851590618 -0.0236107930969 -0.00125873990553 0.00954356518138 0.0221728482921 0.0141014517174 -0.00349073112787 0.00747629357277 0.00443326545166 0.0283657027009 0.0557582172679 0.00763041838037 0.0343302540018 0.0105550562283 0.327669762537 0.00928032510481 0.0211633495441 -0.0136408337725 -0.020136885508 -0.0122771594957 0.0694751293441 0.00597534876106 -0.00194723773778 -0.00540634457712 -0.000396712037173 0.0163113157591 -0.00352489434628 0.00378267269482 0.108629321907 
0.0102983120228 0.012408628594 -0.00844282617873 0.0105809452012 0.00333312587526 0.00907226191864 0.0391414751469 0.00587881413353 0.00397128262026 -0.00224020472589 0.0293059865897 -0.0059784374198 0.016011322351 -0.00128294721984 0.00301813130671 0.017300261645 0.0168067211301 0.0190332534474 -0.000248482951273 0.000959105758278 0.0100852231154 0.00998593614688 0.0211354506394 0.00261966303801 -0.00202319721155 0.00928032510481 0.224548563152 0.00198104994929 0.00081088738319 0.0157701882546 0.0120951739469 0.00991208152727 0.00269025353139 0.0015626732296 0.0125891837472 0.0182979921043 0.0228219861335 0.0199273676565 0.00770175203105 0.0176702937578 
0.0474455811471 0.00827638247332 0.0268134796439 0.0253425302624 0.0399261872168 0.0137436789817 0.0120450742643 0.00357142402567 0.0181288942968 0.00547110422795 0.0241279102151 0.0255612631096 0.0241437360481 0.0303528263075 0.0510453476546 0.0385699255489 0.0492035936003 0.0131479734037 0.0161840096691 0.00878793445184 0.00328954362103 0.0679220527312 0.0383135135707 0.022024748611 0.061513942577 0.0211633495441 0.00198104994929 0.321106924849 -0.00293235425827 0.014319521409 0.0109373675114 0.0246584243713 0.0125786392776 0.00874450098919 0.015543473063 0.0196033070916 0.0495301062822 -0.00508219823161 0.0335858809785 0.00403414638002 
0.0174622597428 0.0371683111959 0.00770757510106 0.0163641918887 0.00469845637874 0.0144389573795 -0.0012023406591 0.0213281100212 0.00557624965191 0.0211479941112 0.00636481689175 0.0279549570171 0.00387177543071 0.0346627941461 0.0140036702945 0.00680381344412 0.0201904947962 0.0113460443853 -0.00927242674464 0.00805353596916 -0.02421791365 0.0341338484801 -0.00132922039979 0.0316674261762 0.0268800288794 -0.0136408337725 0.00081088738319 -0.00293235425827 0.468664832998 0.00289680170349 0.0144261919986 -0.00617770078138 0.00851464095227 0.0188328388932 0.0040864754293 0.00074537428254 -0.00383115083317 0.0218394298687 0.0140724630706 0.0106021022035 
0.0227402319775 0.00342068636629 0.00525979494934 0.0211931930898 0.00241878055152 0.00592565249669 -0.0105147752875 0.0166478536591 0.00127284014743 -0.0111715700216 0.00675351439169 0.00735897065272 0.01843011278 0.0228510627 0.010015932861 0.0305774558943 0.0216103849342 0.0101443769714 0.00713185722166 0.00594909551242 -0.00401954092601 0.0439504500749 0.0187661897381 0.0232492054751 0.016796458623 -0.020136885508 0.0157701882546 0.014319521409 0.00289680170349 0.282084677629 0.00316909257405 -0.000247634262446 0.0312158238988 0.0172220691337 0.00503854721149 0.001906456559 0.0258786126746 0.0210811418675 0.008539182713 0.00493929841229 
0.0361930056174 0.0099420392829 -0.0102900471908 0.0143191249687 0.00761684977783 0.0163784358395 -0.00865958967616 0.0193618660263 0.0135989386181 0.0278392233039 0.0161685807055 0.0149724635689 0.020123721086 0.0130021124469 -0.00713916471872 0.0104283087419 0.0146965577898 0.027681305339 0.00681579949141 0.0105542670094 0.00824161137004 -0.00393102136255 0.0183025086539 0.0104027428159 0.000124973279026 -0.0122771594957 0.0120951739469 0.0109373675114 0.0144261919986 0.00316909257405 0.151756296352 0.0109842502635 0.00265448279336 0.0129006205728 0.0131014376126 0.0160312769149 0.011021651907 0.0214172115271 0.00332952182337 0.0105806430648 
0.0217546685106 0.00357980649811 0.0898905749852 0.0228703913524 0.00313131635373 -0.016666857548 0.0645451208629 0.0114294165747 0.0189030521779 0.0104039462941 0.0165697154125 -0.0131592733956 0.000519449675572 0.0286362756908 0.0127771269905 0.0205442129179 0.0131515127979 0.0134331012362 0.00668427026148 0.0113635952924 -0.00138471096897 0.0315674096259 0.0147825423452 0.00619043521246 0.0134472636113 0.0694751293441 0.00991208152727 0.0246584243713 -0.00617770078138 -0.000247634262445 0.0109842502635 0.224684167293 0.00215439053373 -0.00628120697064 0.0092228192554 0.00909339827125 0.0127616908106 -0.000181425634941 -0.000133998273685 0.0971452537772 
0.00613542847595 0.0175042876945 0.0226907019794 0.0139785909326 1.39905614467e-05 0.0199328442839 0.010672177083 0.00947476442493 0.0120038222097 0.0119393947292 0.00562825452719 0.0216404431076 0.0172924158671 0.0139036252034 0.0114295535499 0.0164118770263 0.0215708590926 0.00214097535134 0.00816805617356 0.00873474993056 0.0233869912644 0.0238644866901 0.00337468263202 0.0247231085718 0.0118715170984 0.00597534876106 0.00269025353139 0.0125786392776 0.00851464095227 0.0312158238988 0.00265448279336 0.00215439053373 0.285416876608 0.000290121270241 0.0178372674385 -0.00193263318093 -0.00254134167826 0.0369351062345 0.00102406116407 0.0105478925079 
0.046234131205 0.0348187447131 0.00884159426174 0.00918039915307 0.0162860712649 -0.00439896847849 0.00127389175146 0.0242974909955 0.0160102919336 0.00397408252463 0.0188424988915 0.0296200657447 0.0436203945519 0.0249964299881 0.0187219014072 0.00498691854645 0.0280460645949 0.0216493376407 0.00222238963758 0.0187503170966 0.0154288419083 0.0179209543333 0.0130213539407 0.0214533279187 0.0281603474921 -0.00194723773778 0.0015626732296 0.00874450098919 0.0188328388932 0.0172220691337 0.0129006205728 -0.00628120697064 0.000290121270241 0.325124871451 0.0274929111574 0.0217708689485 0.0331327669885 0.0157744558929 0.0419629022525 -0.0016807373263 
0.0282576755432 0.0138233967242 0.012608558223 0.0136608776042 0.00538461677213 0.00873918973401 0.0145490086759 0.0213958662455 0.0557883152573 0.023083459585 0.000898955700619 0.0306287539365 0.0224864848355 0.00726858751579 0.0104393744789 0.0253212269543 0.025102794123 0.0278495444262 0.0140418546041 0.015841631486 -0.00321609419131 0.0201630692232 0.0207552924007 0.0111228634166 0.00339376270467 -0.00540634457712 0.0125891837472 0.015543473063 0.0040864754293 0.00503854721149 0.0131014376126 0.0092228192554 0.0178372674385 0.0274929111574 0.182496380767 0.0050467233399 0.0231185603778 0.0243789281575 0.0291098140089 0.00987675952802 
0.0370722656684 0.00635129880489 0.0283017042817 0.018311390206 0.019613858391 0.00600121262709 0.0050701277624 0.0317652004819 0.023496197003 0.0330883058247 0.00354362570291 0.0146350574082 0.0506532590263 0.00819141461348 0.0232848441828 0.0498269446055 0.0311034056078 0.00363754644724 0.0223139645965 0.0100896995163 0.00816507327828 0.0269674274026 0.0135736732597 0.00150593544118 0.0371760330736 -0.000396712037173 0.0182979921043 0.0196033070916 0.00074537428254 0.001906456559 0.0160312769149 0.00909339827125 -0.00193263318093 0.0217708689485 0.0050467233399 0.303125220012 0.0305088814093 0.021765933529 0.0188563362262 0.00996736422854 
0.0570818982723 0.0187754790059 0.0291877326986 0.027759455253 0.0144345140733 0.0150285665685 0.0243736037151 0.0465517700113 0.0244716715556 0.00166636412719 0.0306956446788 0.0351055745159 0.0264017277923 0.0252822213843 0.0497673890138 0.032285842633 0.0632746452527 0.0146260197739 0.0174505866202 0.024533298439 0.131224061132 0.0481105442018 0.0319003622856 0.00764241830124 0.0413600719669 0.0163113157591 0.0228219861335 0.0495301062822 -0.00383115083317 0.0258786126746 0.011021651907 0.0127616908106 -0.00254134167826 0.0331327669885 0.0231185603778 0.0305088814093 0.340933975604 0.00873091527512 0.0316477713694 0.0203133723524 
0.0355581073585 0.00121585430427 0.0163759965244 0.0313172017018 0.0436454181484 0.0358545160368 0.0162329412071 0.0276499620587 0.00886635491015 0.0620553501509 0.013728321908 0.0471458025356 0.031964785599 0.00926617348534 0.0248666783026 0.0788703697644 0.0558237583059 0.0278972585443 0.00193418836955 0.00126256199007 0.0887124896209 0.0376736283941 0.00978577314602 -0.00324733361297 0.086941362704 -0.00352489434628 0.0199273676565 -0.00508219823161 0.0218394298687 0.0210811418675 0.0214172115271 -0.000181425634941 0.0369351062345 0.0157744558929 0.0243789281575 0.021765933529 0.00873091527512 0.538449895202 0.00569304670401 0.0407372175323 
0.0304075595212 0.0179143520164 0.0169900003832 0.0135757261939 0.0352238221872 0.0144031099981 -0.00165422313514 0.0111113611957 0.0249397055078 0.0394611046183 0.0265280920369 0.0355242666438 0.0282526137395 -0.00231255164693 0.0306715847981 0.00703500297862 0.0267746884329 0.0115563663032 0.000797346456762 0.00704817453989 -0.00987825877297 0.0388734194429 0.0200627444741 0.0362893374733 0.0248789229461 0.00378267269482 0.00770175203105 0.0335858809785 0.0140724630706 0.008539182713 0.00332952182337 -0.000133998273685 0.00102406116407 0.0419629022525 0.0291098140089 0.0188563362262 0.0316477713694 0.00569304670401 0.346647989482 -0.0186958800218 
0.0468108990908 0.00396085938231 0.184046494521 0.0187396447228 -0.00391643769423 0.0337625149146 0.176196977589 0.0407312463548 -0.00019813113037 0.0268764960559 0.00311177338883 0.023460829236 0.00386194297168 0.0375298479938 0.0328581323816 0.0186640467957 0.0276893725255 0.0128427542673 0.00808869028143 0.0254487633756 0.019710478691 0.0659832588462 0.0280657842561 0.0433350268692 0.0526711572731 0.108629321907 0.0176702937578 0.00403414638002 0.0106021022035 0.00493929841229 0.0105806430648 0.0971452537772 0.0105478925079 -0.0016807373263 0.00987675952802 0.00996736422854 0.0203133723524 0.0407372175323 -0.0186958800218 0.504322153114 

['LEH', 'SGP', 'HAL', 'APD', 'TEK', 'CPWR', 'NBR', 'GILD', 'XL', 'AAPL', 'BMET', 'CC', 'YUM', 'ADM', 'GR', 'TER', 'IR', 'CMA', 'CCE', 'MSFT', 'BRCM', 'CIEN', 'ITW', 'Q', 'NSM', 'MUR', 'OMC', 'CSX', 'BSX', 'IPG', 'USB', 'CVX', 'WPI', 'TJX', 'ABK', 'MCD', 'CMI', 'XLNX', 'KSS', 'NOV']