60
0.0782010317916 0.0188066159349 0.0296866664977 0.114457978761 0.0725669815102 0.116792266476 0.0163484450471 0.371102806834 0.0991765707177 0.0362094771936 0.0355019489908 0.0559549201136 0.0597278634654 0.0128714932266 0.0631330997176 0.0331056926512 0.0325349378307 0.140066530531 0.037496284255 0.169485482474 0.0545934085328 0.0391901687574 0.125871369107 0.0285507317948 0.0997806882374 0.0542920038725 0.0113752176021 0.0743289823458 0.192324736986 0.0765601453803 0.0273717205438 0.0131635076039 0.0377827405953 0.0220926651793 0.0206637964956 0.119859861498 0.0576577356707 0.0297209295042 0.0427797721554 0.104005811155 0.0270000307956 0.0936509155003 0.0424048973372 0.0672535079153 0.0153161335694 0.0215013837744 0.114001255301 0.0754225878746 0.103194060275 0.0380288664812 0.0514292405054 0.0276848810082 0.208286894217 0.00699576056141 0.0125275076286 0.0669692816613 0.0434942638749 0.0124927962784 0.0197813299257 0.0682562642732 
0.380357547838 0.0352056399374 0.00546699723623 0.0166274946796 0.0150440882701 -0.000914166969065 0.0076840078638 0.0440754619923 0.00300282145413 0.014843731076 0.0142032887962 0.0296662762622 0.0074208944624 0.0105967851245 0.034359170272 0.0127134235714 -0.016600153797 0.0126791330652 0.030292604614 0.0201642567113 0.0231545116765 0.0181215083904 0.000435128044455 0.0127509713282 -0.00189015390437 0.0118820871433 0.00926716045858 0.0401977640153 0.0303157784481 0.0153981336513 0.0105380159499 0.0182719238335 0.0235074880201 0.0117480116093 0.0186680029754 0.0417523508895 0.0250386796542 -0.000350958879205 0.0149081036176 0.0371365252845 0.00865665714185 0.0460601057629 -0.0138906860052 0.015748359268 0.0167345056108 0.00761125164707 -0.00263216388873 0.0126674339926 0.0255191061065 0.0368906593358 0.0388136808401 0.0188240699229 0.00698780198097 0.0206777081273 0.0233464379059 0.0314991986154 0.0186359385119 0.0175566523195 0.0185941615209 0.014933842868 
0.0352056399374 0.187305947636 0.0105186032982 0.00243040682538 0.02653591001 0.0101124208055 0.00942765854616 -0.00368779977644 -0.0131235109807 0.0109807249462 0.00811644287441 0.0157615877398 0.0203229539589 0.0126121738048 0.00691092315963 0.00721894457519 -0.00221677926527 0.0126156821058 0.0107720636274 0.0180147532981 0.0172565598374 0.0181621498984 0.00790416273591 0.00736481653558 -3.13568661386e-06 0.00793517245241 0.01199181483 0.027582146787 0.00865629690754 0.0114216777741 0.00603036854426 0.0062169437032 -0.00032092249752 -0.000392519594105 0.016851502884 0.0156586405147 0.00778427507437 0.000819860421023 0.0227583180212 0.0325490372962 0.0219090898853 0.0478133309484 0.00218110689526 0.0413111509698 0.00746448551079 0.0253205209473 -0.0159245984178 0.0211745797799 0.00805680292711 0.000392594220597 0.0157401198731 0.00986989544777 -0.0033326023901 -0.0025139937097 0.0162915606798 0.0258335739286 0.0209096547154 0.0233505312626 0.0048735259304 0.01678499839 
0.00546699723623 0.0105186032982 0.208378904547 0.0152279327815 0.0226036032003 0.0149103983136 0.0120393901089 0.0188452182458 0.0238743012225 0.0286761291741 0.017275071989 0.0309837867342 0.00307330898899 0.0234381126677 0.019365822791 0.0269079641779 0.00155947176746 0.0195781986792 0.0190997024268 -0.00734109071464 0.0134169316364 0.0152401733858 -0.00341221334948 -0.00020136679779 -0.00178910507672 0.0191054243338 0.0122711294568 0.0382566946483 0.0400376897487 0.0183382398502 0.0228824024676 0.0263005537784 0.0180963536989 0.0140731932662 0.0258659891682 0.0215669972021 0.025374633681 0.0118027023077 0.0372459466297 0.0307146680426 0.0145286403365 0.0202272197682 0.00701577370679 0.0245612836125 0.016851733707 0.0276477898335 0.0107849182825 0.0246768086967 0.012683360497 0.0077147220259 0.02735417699 0.0348499898805 0.0492503949381 0.0159158907364 0.0158379568483 0.0308048910291 0.0275239883106 0.0084034944836 0.0241554982353 0.0141392751537 
0.0166274946796 0.00243040682538 0.0152279327815 0.424164365567 0.0177868165609 0.016629792053 0.0347605724037 0.0532635696545 0.035528769454 -0.0102661439451 0.00908354816059 0.0217772052189 0.0228748928806 0.0088830656133 0.00134746798995 0.0442124388396 -0.0136227225159 0.0119704982042 6.20875109174e-05 0.0346052975512 0.0285016179095 0.0079616036312 -0.0154124759398 0.00175363825393 0.0208018262335 0.021409720725 -0.0138171775264 0.0336085518719 0.116954481996 0.0329907065103 0.0172645477464 0.0190686131639 0.0361192245427 0.021495037321 -0.0091816870534 0.00275917224362 0.0107946968414 -0.0106839791792 0.0264482816516 -0.00293738039596 0.0169525302753 0.0272804008196 0.0141105529135 0.0105173089667 0.0171026674196 0.00770354827064 0.00396996804945 0.00708603221952 0.0394740436971 -0.00121882649107 0.0124226804581 -0.00399606187505 -0.0162004026133 0.0127299592534 0.0118485752536 -0.0095887865586 0.0215613912567 0.00452495827104 -0.00654845823398 0.00848967802396 
0.0150440882701 0.02653591001 0.0226036032003 0.0177868165609 0.254900754892 0.0178486141223 0.0144331713528 0.0287484837941 -0.00223748878833 0.0217616250658 0.0187449512867 0.021724549869 0.0205910014911 0.010944413229 0.0524597446915 0.0188961361783 0.0223419641132 0.0281113931655 0.0192004369157 0.0291838497128 0.031886863089 0.0121778960294 -0.00318935519176 0.017943880084 0.0246293239298 0.0329744883442 0.0225447441226 0.106154547179 0.0660699855718 0.0337989985283 0.0123054334983 0.0187473177645 0.0205879048432 0.0244802460995 0.0113656767062 0.0249781526605 0.0251900892865 0.00380209951709 0.0215805466764 0.0246337289876 0.0289013330107 0.0414878488147 0.0099741990919 0.0190510583136 0.0139653574362 0.0265028050834 -0.00182516675104 0.0305196524135 0.0229078928461 0.0236469806188 0.0631867424467 0.0306829481137 0.0231072554021 0.00678755139348 0.0173515957061 0.0363310915569 0.0290548832005 0.00704134437391 0.0199968800467 0.0326719756768 
-0.000914166969065 0.0101124208055 0.0149103983136 0.016629792053 0.0178486141223 0.590932326167 0.00229970846372 0.0115899883282 0.0142192301731 0.0120623889812 0.0247140413764 0.000773760288127 0.00492221024833 -0.0051224918289 -0.00341756184701 0.014672707577 0.00375479617594 0.00177932013568 -0.00648562208926 -0.00790771417999 0.00197928642773 -0.00149774765057 0.0366869356764 0.035829391669 -0.0218760295495 0.0154998460447 0.00985858164173 0.016325433777 0.0188921827723 0.0106030645358 0.00650316591651 0.00810612279452 -0.00397319718629 0.00776410545948 0.00108806832738 0.0229400402 -0.0033601354697 -0.00238310573109 0.0138925755907 0.0100452007488 0.0053527771189 0.0148993218132 0.101789151871 -0.00160029147326 0.0100170662266 0.0154548161717 -0.00256287188512 0.00668978800393 0.00338939559081 0.00941796288938 0.0312852801225 0.0166915979656 0.0358363979429 0.00371704623001 -0.0148722665656 0.0202003971905 0.0153757723028 0.00549248715998 0.014514802354 0.0112071143863 
0.0076840078638 0.00942765854616 0.0120393901089 0.0347605724037 0.0144331713528 0.00229970846372 0.18473575026 0.023337872324 0.00485957850311 0.000313464155708 -0.00334506735548 0.0110958650842 0.00416696042561 0.00883568059191 0.00864325560514 0.0425322795371 0.0127853896847 0.023360360574 0.0290376677934 0.0105352637964 0.0153289767758 0.0150517944772 -0.0032473863457 0.00712290177451 0.0154476576084 0.0262869000019 0.0100831927205 0.016738404044 0.0265056957027 0.00794664660747 0.0124863760792 0.0447470794315 0.0287964584426 0.0464756403971 0.00843554741258 0.014218234481 0.0187817615689 0.00244091329718 0.0235286006194 0.0189627911137 0.00408172596375 0.0112118986632 0.00231070292306 0.0142848856383 0.0421255938501 0.0073363376351 0.000224940656982 -0.0020467787477 0.0105427381146 0.0087772583915 0.0283093947922 0.0163015715671 0.0103842704346 0.0385835080825 0.00907512063372 0.00137576116876 -0.00946020074382 0.0100520824214 0.00714153960375 0.00693853058037 
0.0440754619923 -0.00368779977644 0.0188452182458 0.0532635696545 0.0287484837941 0.0115899883282 0.023337872324 1.23424017081 0.0442077266469 -0.00259236777063 0.0263694502822 0.0202530284274 0.0469777799097 -0.000214242408774 0.0303562756429 0.017301316733 0.0251062008203 -0.0136141734044 0.0270482859959 0.0599955033519 0.0568545517188 0.0338381876747 0.022437691993 0.0145970853162 0.0663933223458 0.0183661283634 0.00765857846438 0.0353747042624 0.113068054627 0.0261272845712 0.0183242537908 0.010755856081 0.0089960531052 0.0175649462823 0.00926718411351 0.0374663979229 0.0135342314589 0.0129401106874 0.0329369867664 0.077852053775 0.0252608377395 0.0523800008803 -0.00369943651085 0.0281877397755 0.00542388468254 0.0196894866258 0.00120513265144 0.0370024698659 0.0433994487513 0.0408620679519 0.0271830556421 0.0154591748589 0.0191224002324 0.0117372232467 0.0110915921223 0.0306855692814 0.00556293488551 -0.00244711508961 -0.00737089075022 0.0420940353564 
0.00300282145413 -0.0131235109807 0.0238743012225 0.035528769454 -0.00223748878833 0.0142192301731 0.00485957850311 0.0442077266469 0.638375938534 0.000278839426993 0.0211297214443 0.00332219513785 0.00358902690337 -0.00317002261458 0.0114605506912 0.00842859516723 0.00200512127816 0.0128736053721 0.00393425001186 -0.00384942359616 -2.32723891454e-05 0.0241772963086 0.00273754242521 -0.00131377095567 0.00969445876872 -0.00601540580527 -0.00609182836482 -0.00451444368196 -0.0185803519863 0.0159647807392 0.00715009564757 -0.00151278276118 0.0036022280995 0.00438887364956 0.0170488151745 0.00286200851996 -0.000204854276377 0.00459283417287 0.00355530562302 -0.00618559700994 -0.00196733773966 0.00241315411663 0.0296135485338 -0.00384300691741 -0.001635769642 0.00534035983271 0.0025302240856 0.0161112293192 0.000100469167072 0.000698266655401 0.00295075648582 0.0125070363577 0.0238107132104 -0.0012187052124 0.0126910981623 -0.00280985603307 0.00471072598642 -0.00786187090244 -0.0020180069635 -0.00631292849158 
0.014843731076 0.0109807249462 0.0286761291741 -0.0102661439451 0.0217616250658 0.0120623889812 0.000313464155708 -0.00259236777063 0.000278839426993 0.242211679746 0.0119345921069 0.0144773072159 0.0219124175498 0.00317590794897 0.0172034177527 0.0318308772875 0.0308194515712 0.0095369038729 0.0294819600024 0.0132966486543 0.0199209893518 0.00834884819054 0.00707728283194 0.00280607723125 0.00978028748696 0.0200019722607 0.00657090382465 0.0408956219764 0.0520956583575 0.017285348064 0.0113753895375 0.00374310911842 0.00514400641344 -0.000703657098236 0.0235562126826 0.00183708686851 0.0141175837529 0.0161848721398 0.0286188757539 0.0404330367258 0.0289180450332 0.0359371584563 0.0147699284791 0.0330782138242 0.00383711879738 0.012515224265 0.000222481883522 0.0159240385644 0.0237935136213 0.024487754668 0.0140615001662 0.0271901594177 0.0206074149227 0.00342668484794 0.014820376862 0.0230085228216 0.0245414670626 0.0120008853878 0.0238324846432 0.0202270456787 
0.0142032887962 0.00811644287441 0.017275071989 0.00908354816059 0.0187449512867 0.0247140413764 -0.00334506735548 0.0263694502822 0.0211297214443 0.0119345921069 0.302191576817 0.0581909333603 -0.00263269322202 0.0188348288372 0.0484250497945 0.0162285618575 -0.00241308601083 0.0136585594625 0.023771212154 -0.00379145888316 0.0264710923195 0.0029952294694 -0.00260734342451 0.00197709995189 0.021314485254 0.0105836770063 0.0114742294639 0.0213891416444 0.000930978208508 0.0083614063385 0.00649577037951 0.00568162395467 0.00897431951573 0.0111414307372 0.0113458773086 0.0113535764484 0.0131356748959 0.0146791860461 -0.00179226414293 -0.00674907266274 0.0270898914256 0.0247272768458 0.0152182450544 0.019443434411 0.00696330436261 0.0270253791194 0.00519618418267 0.00745294071699 0.0112826767854 0.0174077247431 0.00341482702003 0.00566439966907 0.0255831587707 0.00647990802176 -0.00681457614926 0.00464250015843 0.0521853586936 0.0085951385779 0.0158267859305 0.0229678597498 
0.0296662762622 0.0157615877398 0.0309837867342 0.0217772052189 0.021724549869 0.000773760288127 0.0110958650842 0.0202530284274 0.00332219513785 0.0144773072159 0.0581909333603 0.240467646991 0.0296843541114 0.00502083248352 0.0331044174326 0.0206493186231 -9.31461599337e-05 0.0527307687545 0.00846018598964 0.00225614145642 0.0483259571556 0.0231264971813 0.0104788005884 0.00473823162648 0.0170274431416 0.0270914572767 0.0169011178685 0.0338044022228 0.0624163536072 0.0310719407884 0.0224692529069 0.0129687035955 0.0178949217457 0.00303952534983 0.016537142343 0.037750558507 0.0325740090563 -0.00180175031019 0.0344986614883 0.0162406589108 0.0317976476738 0.0360106239879 0.0251751079121 0.0337524186991 0.00758381667595 0.0332802729819 -0.00440556927257 0.0394786652167 0.0331181511234 0.0259745314818 0.0245909740563 0.0256882620906 0.0311543963938 0.0106744251064 0.0200097997456 0.0145387947436 0.0490557981767 0.0252307229417 0.0191688938488 0.0440999332261 
0.0074208944624 0.0203229539589 0.00307330898899 0.0228748928806 0.0205910014911 0.00492221024833 0.00416696042561 0.0469777799097 0.00358902690337 0.0219124175498 -0.00263269322202 0.0296843541114 0.390400459904 0.00948666045523 0.0177159832202 0.000770330099367 0.0158295686341 0.00503187005396 0.0236715072279 0.0197502884789 0.033941636976 0.0369210691549 0.0219072086742 0.00370902117853 0.018892699653 0.0191459347541 0.0497129421346 0.0227371722492 0.0576387921907 0.0170026500478 0.0102838969103 -0.0019117703251 0.0034547262135 0.0185361732779 0.0161626789883 0.0207635762578 0.0101285066937 -0.00678036418291 0.0276185626867 0.0260535217089 0.0269263046478 0.01797811803 0.00416271038251 0.00563159119527 0.00489929529131 0.0183344902809 0.00963454018782 0.0307063123028 0.0543876295754 0.00819815639729 0.00469852470489 0.00286093214322 -0.00346366409171 0.0015394806806 0.00597078333811 0.0413101800652 0.0419312560115 0.00675125161505 -0.00846770053985 0.0165469338106 
0.0105967851245 0.0126121738048 0.0234381126677 0.0088830656133 0.010944413229 -0.0051224918289 0.00883568059191 -0.000214242408774 -0.00317002261458 0.00317590794897 0.0188348288372 0.00502083248352 0.00948666045523 0.219408814128 0.0137437018692 -0.00186351109888 0.0107804577842 -0.00944681730512 0.00642311561853 0.0095636032 0.00652934103221 0.00220359472822 -0.00990580774496 0.00389311263123 0.0260361256387 0.00569002428043 -0.0013582073831 0.000279417764491 -0.00880073379164 -0.00675135941448 0.0171190673961 0.011373154958 0.0129189278073 0.0113806057658 -0.000124214338391 -2.48149911793e-06 -0.00376721344718 0.00906489375238 -0.00569304972304 0.00446246876131 0.00344514552528 -0.00123264066837 0.019263221866 -0.0101104609095 0.00720760357681 -0.00216834958447 -0.00412575344103 0.0208401666217 -0.00255412182625 -0.00200980591473 0.0119770354415 0.00624754726015 -0.0238076318547 0.0125722002726 0.0207622821186 -0.00238136533504 0.00453920931278 -0.00217912977115 0.0126906879151 -0.000960798399243 
0.034359170272 0.00691092315963 0.019365822791 0.00134746798995 0.0524597446915 -0.00341756184701 0.00864325560514 0.0303562756429 0.0114605506912 0.0172034177527 0.0484250497945 0.0331044174326 0.0177159832202 0.0137437018692 0.453996093196 0.00745328467838 0.00160808535077 0.0133108824276 0.0141880338863 0.0450962801198 0.0352750610021 0.0205557897582 0.0287132742741 0.014429293091 0.0357405184183 0.0130822697946 0.013928512088 0.031648429443 0.0395331255221 0.0207020258025 0.0225518260985 -0.00384518145927 -0.00736574002569 -0.000557867056836 0.0224335764386 0.0679263198451 0.00224444153283 0.0161028000004 0.0140320649018 0.0134401819489 0.0304768540321 0.022117468501 -0.00489813525352 0.0217458258143 -0.000797439507145 0.0161146445025 0.0128667466913 0.00259057952212 0.0267229817318 0.0204570822786 0.0205022786933 -0.00740867813067 0.0166472825724 -0.00424950291587 0.0210351137646 0.0486111764449 0.0489386876753 0.00342598193235 -0.00190354881944 0.0458697415214 
0.0127134235714 0.00721894457519 0.0269079641779 0.0442124388396 0.0188961361783 0.014672707577 0.0425322795371 0.017301316733 0.00842859516723 0.0318308772875 0.0162285618575 0.0206493186231 0.000770330099367 -0.00186351109888 0.00745328467838 0.195724070804 0.0102752601844 0.00739588937398 0.00460712804945 -0.0109099657023 0.0204219905365 0.0137288906564 -0.0121428679894 -0.00100734606679 0.00996397084242 0.0154936801587 0.0124693758632 0.019730213869 0.0354575355121 0.00522481491334 0.0084607808512 0.0429389674438 0.0389133798027 0.0406069615759 0.00856459110647 0.0027368489275 0.021139645315 0.00690181135811 0.0270566296867 0.00952067944124 0.00457826005728 0.0185184450996 0.0130700936994 0.0314538605983 0.0356937725322 0.010854477027 -0.000309183125471 -0.00929053567891 0.0221688935976 0.0111481384771 0.00911521653596 0.0144957680237 0.0107411653198 0.0308259947019 0.0100443827183 -0.00229419883063 0.0150466797742 0.0159529717147 0.012355257733 0.00284349849466 
-0.016600153797 -0.00221677926527 0.00155947176746 -0.0136227225159 0.0223419641132 0.00375479617594 0.0127853896847 0.0251062008203 0.00200512127816 0.0308194515712 -0.00241308601083 -9.31461599335e-05 0.0158295686341 0.0107804577842 0.00160808535077 0.0102752601844 0.286699921215 0.00879464947371 0.0158331560896 -0.00298304513794 0.00816912929753 0.0156474545631 -0.00421654241559 0.0214802880386 -0.00108910245744 -0.0029704999635 6.55233851605e-05 0.0208532627519 0.00700757512675 0.0297627113704 0.0246651668488 0.0098157600259 0.00162871192802 0.00619712508758 0.017364017084 0.048195626483 0.00802919305841 0.0025380540283 0.00452263306973 0.0171503584251 0.0158989563024 0.0128693653075 0.00839878323521 0.00342205489894 0.0155477486321 0.0120294231096 0.0153339934127 0.0277299162747 0.0136608464777 0.00449783760832 0.0109990575682 0.0271652903842 -0.0053712318886 0.00834679978633 0.017078068011 0.0224110469042 0.00744906519844 0.00445533331338 0.023826357489 0.0106407248638 
0.0126791330652 0.0126156821058 0.0195781986792 0.0119704982042 0.0281113931655 0.00177932013568 0.023360360574 -0.0136141734044 0.0128736053721 0.0095369038729 0.0136585594625 0.0527307687545 0.00503187005396 -0.00944681730512 0.0133108824276 0.00739588937398 0.00879464947371 1.45035062114 0.00898599073487 0.0271185550989 0.0138528425746 0.0101024289914 0.00460214105476 0.0103378782747 0.035420328007 0.00594122109099 0.00534706706257 0.0529626386987 0.0253144110614 0.0148061768103 0.0110640263231 0.00489811781059 0.00955877525917 0.0207309617159 0.0166401630283 -0.00728333895101 0.0140243186239 -0.00104479379809 0.0270132101324 0.0285278791558 -0.0409240761325 0.0343239104299 0.00762206092062 0.0147748923929 0.027976870053 0.019427759135 -0.00919456999993 0.0225286795521 0.0332224862123 0.0193943861215 0.0286790972018 0.0163849551517 0.0352341958677 0.00461801159413 0.00752190530767 0.0595420145958 0.0338642724687 0.0149974382971 0.0125412589748 0.0149239683794 
0.030292604614 0.0107720636274 0.0190997024268 6.20875109174e-05 0.0192004369157 -0.00648562208926 0.0290376677934 0.0270482859959 0.00393425001186 0.0294819600024 0.023771212154 0.00846018598964 0.0236715072279 0.00642311561853 0.0141880338863 0.00460712804945 0.0158331560896 0.00898599073487 0.238443052337 0.0216821245424 0.0135434213912 -0.0048390979706 -0.00801685949812 0.0144198830954 0.00888143894277 0.0147430966126 0.0155277003876 0.0271539513239 0.037323108398 0.0244730219786 0.0168032499621 0.0160191091691 0.0122978206941 0.00566135480643 0.028809485599 0.0232618347941 0.0110773069209 0.00650983311479 0.0227742607337 0.0185557108062 0.018182499233 0.0194757421713 0.00610496219882 0.0149230592481 0.0209092670891 0.0184008204951 -0.00322658343433 0.0271360788897 0.0146676383725 0.0117283795018 0.0185080533149 0.0328519020721 -0.000932041301478 0.0106439785114 0.01754493397 0.0281704283788 0.00751887743594 0.0157233833076 0.0316804564853 0.00963074711099 
0.0201642567113 0.0180147532981 -0.00734109071464 0.0346052975512 0.0291838497128 -0.00790771417999 0.0105352637964 0.0599955033519 -0.00384942359616 0.0132966486543 -0.00379145888316 0.00225614145642 0.0197502884789 0.0095636032 0.0450962801198 -0.0109099657023 -0.00298304513794 0.0271185550989 0.0216821245424 0.670857957182 0.0297229370442 0.0067080872438 -0.00418070150469 0.0289251678168 0.0104208005849 -0.00193125154094 0.00160314430227 0.0228895083827 0.058113184141 0.0214840806444 0.00456084039146 0.0181574238382 0.0210924187924 0.013982711265 0.010210909521 0.0188777416831 0.00416752591821 -0.00931817683645 0.0156982324556 0.00721232331466 0.00687744617913 -0.00157506890989 0.00784467750932 0.0068914178757 0.00649678438773 0.00288239798267 0.00866279775971 0.0291898481983 0.00421997491194 -0.00687559836385 0.0411349660925 -0.00118455381114 0.0046619801034 0.021711628686 0.00924009757912 0.00296218854649 0.0324366086963 0.00952183586706 0.012693560406 0.0121415736361 
0.0231545116765 0.0172565598374 0.0134169316364 0.0285016179095 0.031886863089 0.00197928642773 0.0153289767758 0.0568545517188 -2.32723891455e-05 0.0199209893518 0.0264710923195 0.0483259571556 0.033941636976 0.00652934103221 0.0352750610021 0.0204219905365 0.00816912929753 0.0138528425746 0.0135434213912 0.0297229370442 0.244028869174 0.0237221429896 0.0028927327899 -0.00283491184422 0.0167818994429 0.0251775066033 0.0173836635538 0.0289306495622 0.0783007620122 0.0341688774851 0.0255800311716 0.0125247736621 0.0166686304283 0.0226249185446 0.00506602268505 0.0347789742368 0.0291217171865 0.00194527362751 0.0391279103809 0.0607400068161 0.0471593523321 0.0254296055922 0.00771142524888 0.0181051041763 0.00778104320858 0.0129876663077 0.00145877886872 0.0241915584134 0.0589652196277 0.0260116997327 0.0269949287178 0.00823609445118 0.0088897050804 0.00714056906744 0.0143542474494 0.025330552057 0.0676555343505 0.00724606710693 0.00811348507497 0.0217453566796 
0.0181215083904 0.0181621498984 0.0152401733858 0.0079616036312 0.0121778960294 -0.00149774765057 0.0150517944772 0.0338381876747 0.0241772963086 0.00834884819054 0.0029952294694 0.0231264971813 0.0369210691549 0.00220359472822 0.0205557897582 0.0137288906564 0.0156474545631 0.0101024289914 -0.0048390979706 0.0067080872438 0.0237221429896 0.196844057988 -0.00868992232364 0.0110781304426 0.00817206929032 0.0186793107188 0.00113159231175 0.0153098770789 0.0181216185293 0.0199464543913 0.0177281626324 0.0165505319032 0.00552642707513 0.00408959334673 0.0144160974229 0.0317809907089 0.00906918485303 0.00456393867866 0.0342744880675 0.0109070577277 0.0108070238693 0.0149119106074 -0.0023609205122 0.0186796637971 0.00456972815687 0.0100858548871 0.00499248666541 0.0130126272858 0.00885876577245 0.00444579706732 0.0142352321615 0.00849330887522 0.0236802272451 0.012522070013 0.0106456801644 0.00708421861218 0.0104867290474 0.0139542041084 0.0146046167089 0.0175303794767 
0.000435128044456 0.00790416273591 -0.00341221334948 -0.0154124759398 -0.00318935519176 0.0366869356764 -0.0032473863457 0.022437691993 0.00273754242521 0.00707728283194 -0.00260734342451 0.0104788005884 0.0219072086742 -0.00990580774496 0.0287132742741 -0.0121428679894 -0.00421654241559 0.00460214105476 -0.00801685949812 -0.00418070150469 0.0028927327899 -0.00868992232364 0.827535125171 0.00763094380189 0.0335680039262 -0.00201499485871 0.00238829643442 0.000755059705564 0.0294218079548 -0.00752519953117 -0.0103532915073 0.00126483368952 0.0180039305023 -0.0154904338538 -0.00825444559393 0.115456928643 -0.00344308876953 -0.0031003555427 0.0220226772258 0.034081868618 -0.00632993144536 0.0125174040282 -0.00119926956177 0.0137089592217 0.00121422945815 0.00946444716284 -0.0151898672873 -0.0113389132998 -0.00356211256485 0.104709428465 0.00991220837106 -0.00270078333553 0.0342711996636 0.00341418750822 -0.00684071182399 0.0302514749811 0.0132231731177 -0.000248477977341 -0.0031333835505 0.0157619105485 
0.0127509713282 0.00736481653558 -0.00020136679779 0.00175363825393 0.017943880084 0.035829391669 0.00712290177451 0.0145970853162 -0.00131377095567 0.00280607723125 0.00197709995189 0.00473823162648 0.00370902117853 0.00389311263124 0.014429293091 -0.00100734606679 0.0214802880386 0.0103378782747 0.0144198830954 0.0289251678168 -0.00283491184422 0.0110781304426 0.00763094380189 0.238602986553 0.0161392398522 0.000892658109454 0.0221243528266 0.0143078641635 0.0269915145261 0.00273772577377 0.0139888522873 -0.00463754905378 0.0130414142999 -0.0049714013211 0.0100415843354 0.0180499125878 0.016970572301 -0.000214812819596 0.0177512468796 0.00388380153119 0.0076923632899 0.0203973269931 0.00465648204791 0.0263924490611 0.0058703217028 0.0133026332952 0.0235649623391 0.00851939946621 0.0183388003754 0.0098880216057 0.0115854395573 0.00442682543025 0.00071604999867 0.00342734538644 0.0550974273362 0.0192014463532 0.0131700187088 0.0167019463836 0.00422848262661 0.0166627605771 
-0.00189015390437 -3.13568661379e-06 -0.00178910507672 0.0208018262335 0.0246293239298 -0.0218760295495 0.0154476576084 0.0663933223458 0.00969445876872 0.00978028748697 0.021314485254 0.0170274431416 0.018892699653 0.0260361256387 0.0357405184183 0.00996397084242 -0.00108910245744 0.035420328007 0.00888143894277 0.0104208005849 0.0167818994429 0.00817206929032 0.0335680039262 0.0161392398522 0.550834106569 0.00593881782205 0.00929385237645 0.0251088112751 0.0186854102682 0.0163354892538 0.0288501809039 0.021797742875 0.00918096437918 0.0132509192219 0.00673060061946 0.00459664857024 0.0297795784464 0.0201946137436 0.00921753660272 0.00625478434213 0.00431810784711 0.0191189357947 0.00599476177283 0.0199433901253 0.0139833774829 0.02046683091 -0.00439738507263 0.0354194744499 0.145665777182 0.0253120474887 0.0130017167623 0.00781300690777 0.0244877815665 0.0105331233412 0.0176605476376 0.0224228634314 0.0274616801215 0.0248568228151 0.00552382035317 0.0101806420855 
0.0118820871433 0.00793517245241 0.0191054243338 0.021409720725 0.0329744883442 0.0154998460447 0.0262869000019 0.0183661283634 -0.00601540580527 0.0200019722607 0.0105836770063 0.0270914572767 0.0191459347541 0.00569002428043 0.0130822697946 0.0154936801587 -0.0029704999635 0.00594122109099 0.0147430966126 -0.00193125154094 0.0251775066033 0.0186793107188 -0.00201499485871 0.000892658109454 0.00593881782205 0.278555044243 0.00434033333559 0.0171217308844 0.0260922323819 0.011275441929 0.00788546949188 0.0247240554031 0.008456140054 0.00367907023061 0.0111810847717 0.0277071780871 0.00963090097524 0.018877623413 0.0280006623593 0.0195756854689 0.0196279799327 0.0110219522636 0.00220382556264 0.00109879663345 0.011739779975 0.0237192138332 0.0185010299739 0.0112281013909 0.00882427474442 0.0192471956346 0.0258232948667 0.0129845339334 0.00864286980436 0.0030222407736 0.012117050907 0.0250077589556 0.0135075771158 0.00669357566435 0.00410015344379 0.0146520553318 
0.00926716045858 0.01199181483 0.0122711294568 -0.0138171775264 0.0225447441226 0.00985858164173 0.0100831927205 0.00765857846438 -0.00609182836482 0.00657090382465 0.0114742294639 0.0169011178685 0.0497129421346 -0.0013582073831 0.013928512088 0.0124693758632 6.55233851611e-05 0.00534706706257 0.0155277003876 0.00160314430227 0.0173836635538 0.00113159231175 0.00238829643442 0.0221243528266 0.00929385237645 0.00434033333559 0.21274720663 0.0162335460547 0.0117317697602 0.00951913455829 0.0250247298845 0.0143708868931 0.023250879452 0.0160787402791 0.0160199184259 0.0068718643888 0.0251721329703 0.00968110065441 0.012773595706 0.0170119232714 0.0336696516876 0.0246206840514 0.0203630156494 0.0183982717527 0.0112039681447 0.0107611235534 0.000256358968084 0.0119442244126 0.0332090995549 0.0206426327004 0.0188138398632 0.00245138312855 0.0162138224273 0.00720664027238 0.038134376885 0.00216771659009 0.0269923588795 0.0197712067383 -0.00377975409671 0.00651369179209 
0.0401977640153 0.027582146787 0.0382566946483 0.0336085518719 0.106154547179 0.016325433777 0.016738404044 0.0353747042624 -0.00451444368196 0.0408956219764 0.0213891416444 0.0338044022228 0.0227371722492 0.000279417764491 0.031648429443 0.019730213869 0.0208532627519 0.0529626386987 0.0271539513239 0.0228895083827 0.0289306495622 0.0153098770789 0.000755059705564 0.0143078641635 0.0251088112751 0.0171217308844 0.0162335460547 0.27946512207 0.0680119258127 0.0418294251898 0.0153549706399 0.0200659016196 0.0189415423057 0.0145981653728 0.0124086349608 0.0416252874157 0.0152100854608 0.00813278151824 0.0234960057746 0.0583932683549 0.0293419126347 0.0665564457508 0.00423318654943 0.0400449649775 0.016719142692 0.0338286831386 0.0117008886138 0.0232063212971 0.0302823242112 0.0254121006147 0.0868562106755 0.0356615518191 0.044905346339 0.00609598756925 0.0122380530786 0.0425603138614 0.0265223754988 0.0130344671377 0.0248481134337 0.0454342078419 
0.0303157784481 0.00865629690754 0.0400376897487 0.116954481996 0.0660699855718 0.0188921827723 0.0265056957027 0.113068054627 -0.0185803519863 0.0520956583575 0.000930978208507 0.0624163536072 0.0576387921907 -0.00880073379164 0.0395331255221 0.0354575355121 0.00700757512675 0.0253144110614 0.037323108398 0.058113184141 0.0783007620122 0.0181216185293 0.0294218079548 0.0269915145261 0.0186854102682 0.0260922323819 0.0117317697602 0.0680119258127 0.64411006801 0.0469722850617 0.0281134813966 0.0137722452338 0.0303213185175 0.0297408114117 0.0190496439794 0.0340005988269 0.0363235610487 0.00164629487135 0.0514521787547 0.0288320306651 0.0247885043814 0.0211591989005 0.0120898013277 0.005037868657 0.0178228396381 0.0435816645314 0.0382973064634 0.0429725149718 0.0549245725028 0.0317033469626 0.0548592120716 0.0284946379171 -0.00733393148891 0.00904810023534 0.0211154007284 0.0416129644884 0.0530901846738 0.0162638031485 0.00778183521315 0.0560446954024 
0.0153981336513 0.0114216777741 0.0183382398502 0.0329907065103 0.0337989985283 0.0106030645358 0.00794664660747 0.0261272845712 0.0159647807392 0.017285348064 0.0083614063385 0.0310719407884 0.0170026500478 -0.00675135941448 0.0207020258025 0.00522481491334 0.0297627113704 0.0148061768103 0.0244730219786 0.0214840806444 0.0341688774851 0.0199464543913 -0.00752519953117 0.00273772577377 0.0163354892538 0.011275441929 0.00951913455829 0.0418294251898 0.0469722850617 0.328327790918 0.0198614566224 0.00504145787195 0.00892923543047 0.00184691246049 0.0105853482043 0.0680228303858 0.0229878524159 0.00203894923138 0.0275449513706 0.0200475480644 0.022186487767 0.0122894092439 0.00993903728474 0.021270579919 0.0122192207874 0.0195678488197 0.00283391923899 0.0125679489973 0.0301840639421 0.012145201228 0.0250922450546 0.0288373460898 0.00144483340091 -0.00208040402204 0.0284881366185 0.0144235266352 0.04322448659 0.0233380866113 0.0085489640687 0.044056672874 
0.0105380159499 0.00603036854426 0.0228824024676 0.0172645477464 0.0123054334983 0.00650316591651 0.0124863760792 0.0183242537908 0.00715009564757 0.0113753895375 0.00649577037951 0.0224692529069 0.0102838969103 0.0171190673961 0.0225518260985 0.0084607808512 0.0246651668488 0.0110640263231 0.0168032499621 0.00456084039146 0.0255800311716 0.0177281626324 -0.0103532915073 0.0139888522873 0.0288501809039 0.00788546949188 0.0250247298845 0.0153549706399 0.0281134813966 0.0198614566224 0.232059446998 0.0103686069583 0.0126990853342 0.011845980432 0.0103777106791 0.021302293069 0.0186597388966 0.0115610671644 0.0129233618956 0.0194725307996 0.00362934779 0.00556151656335 0.0114611400581 0.0251041460139 0.00641047148356 0.0216267853402 -0.0149905720985 0.00322838945019 0.0128880910531 0.0193845017852 0.0166703781509 0.0197637085723 -0.00886290184997 0.00385867103856 0.011193148511 0.0227235580634 0.0350588090841 0.00699612594547 0.00168233526161 0.0123669595864 
0.0182719238335 0.0062169437032 0.0263005537784 0.0190686131639 0.0187473177645 0.00810612279452 0.0447470794315 0.010755856081 -0.00151278276118 0.00374310911842 0.00568162395467 0.0129687035955 -0.0019117703251 0.011373154958 -0.00384518145927 0.0429389674438 0.0098157600259 0.00489811781059 0.0160191091691 0.0181574238382 0.0125247736621 0.0165505319032 0.00126483368952 -0.00463754905378 0.021797742875 0.0247240554031 0.0143708868931 0.0200659016196 0.0137722452338 0.00504145787195 0.0103686069583 0.134366209708 0.0200736725949 0.0386976192122 0.010592525563 0.00840440867763 0.0194941246248 0.00356007121344 0.0197499806579 0.0196616270603 0.00221351872307 -0.0114155967999 0.00237107343043 0.00447754924966 0.0419653428084 0.000995005459151 0.00113602391812 0.00268325988434 0.0122123274201 -0.00369854516985 0.0176899996418 0.0193114199392 0.0155030897013 0.0389459519186 0.00454256696211 0.00572706467501 -0.00635411419323 0.0127593768584 0.00992177710028 -0.00329567968056 
0.0235074880201 -0.00032092249752 0.0180963536989 0.0361192245427 0.0205879048432 -0.00397319718629 0.0287964584426 0.0089960531052 0.0036022280995 0.00514400641344 0.00897431951573 0.0178949217457 0.0034547262135 0.0129189278073 -0.00736574002569 0.0389133798027 0.00162871192802 0.00955877525917 0.0122978206941 0.0210924187924 0.0166686304283 0.00552642707513 0.0180039305023 0.0130414142999 0.00918096437918 0.008456140054 0.023250879452 0.0189415423057 0.0303213185175 0.00892923543047 0.0126990853342 0.0200736725949 0.323967351797 0.0127179631859 0.0108146558719 -0.00143517999238 0.0163945486072 0.000360760830771 -0.00129213006968 0.00748914307429 0.00302890597477 0.0344565555324 0.0286810396287 0.0181804385569 0.0233107973048 0.00863588758215 -0.00161889246249 0.00245125857 0.0213792120648 -0.00401034255368 0.018162798705 0.0122975914153 0.0175760773192 0.0249190489002 0.00604427662368 0.00673121329239 0.00768509869711 0.0280822315588 0.0119057712392 0.00246198162155 
0.0117480116093 -0.000392519594105 0.0140731932662 0.021495037321 0.0244802460995 0.00776410545948 0.0464756403971 0.0175649462823 0.00438887364956 -0.000703657098236 0.0111414307372 0.00303952534983 0.0185361732779 0.0113806057658 -0.000557867056836 0.0406069615759 0.00619712508758 0.0207309617159 0.00566135480643 0.013982711265 0.0226249185446 0.00408959334673 -0.0154904338538 -0.0049714013211 0.0132509192219 0.00367907023061 0.0160787402791 0.0145981653728 0.0297408114117 0.00184691246049 0.011845980432 0.0386976192122 0.0127179631859 0.22204183588 0.0101732398917 0.00869542871785 0.0127886934897 0.00153110098662 0.0111090512551 0.0180860258949 0.0106215306452 -0.00237427401303 0.00635639079269 0.0220505690244 0.0277559228575 -0.000335799656702 -0.000836799656584 -0.00160185668697 0.00596676713986 0.000904765531701 0.0140033727995 0.00949304940319 -0.0043421721133 0.0347100088042 -0.00804668972654 -0.003971928705 0.000907079891648 0.00409279953583 0.00327957802569 -0.000540114476057 
0.0186680029754 0.016851502884 0.0258659891682 -0.0091816870534 0.0113656767062 0.00108806832738 0.00843554741258 0.00926718411351 0.0170488151745 0.0235562126826 0.0113458773086 0.016537142343 0.0161626789883 -0.000124214338391 0.0224335764386 0.00856459110647 0.017364017084 0.0166401630283 0.028809485599 0.010210909521 0.00506602268505 0.0144160974229 -0.00825444559393 0.0100415843354 0.00673060061946 0.0111810847717 0.0160199184259 0.0124086349608 0.0190496439794 0.0105853482043 0.0103777106791 0.010592525563 0.0108146558719 0.0101732398917 0.149478681155 0.00606864842998 0.0172984769135 0.0194109864597 0.0172874629813 0.023774021992 0.0147325794422 0.0151757580256 0.00340571030497 0.0101247209063 0.0147340133105 0.0195008908161 -0.00621628950969 0.0215181971646 0.0130808113186 0.0048878136821 0.0270860988767 0.0110361539201 0.0130069812194 0.010462409742 0.0143942834148 0.0207129844898 0.0040328734464 0.0121311524411 0.0196438097605 0.0109560997337 
0.0417523508895 0.0156586405147 0.0215669972021 0.00275917224362 0.0249781526605 0.0229400402 0.014218234481 0.0374663979229 0.00286200851996 0.00183708686851 0.0113535764484 0.037750558507 0.0207635762578 -2.48149911811e-06 0.0679263198451 0.0027368489275 0.048195626483 -0.00728333895101 0.0232618347941 0.0188777416831 0.0347789742368 0.0317809907089 0.115456928643 0.0180499125878 0.00459664857024 0.0277071780871 0.0068718643888 0.0416252874157 0.0340005988269 0.0680228303858 0.021302293069 0.00840440867763 -0.00143517999238 0.00869542871785 0.00606864842998 0.500104737018 0.0142225698007 -0.00587910052394 0.024705303831 0.026951620801 0.0320021504143 0.036540855419 0.0107399202307 -0.00314132322074 0.0131981460679 0.0153124327533 0.0198405216493 0.0318492945039 0.0114645810687 0.0647232378384 0.0352480475463 -0.0101284762009 -0.0141508758467 0.00532187188091 0.00146783526772 0.027239802097 0.0284695643391 0.012965061274 -0.00589575542738 0.0448870667621 
0.0250386796542 0.00778427507437 0.025374633681 0.0107946968414 0.0251900892865 -0.0033601354697 0.0187817615689 0.0135342314589 -0.000204854276377 0.0141175837529 0.0131356748959 0.0325740090563 0.0101285066937 -0.00376721344718 0.00224444153283 0.021139645315 0.00802919305841 0.0140243186239 0.0110773069209 0.00416752591821 0.0291217171865 0.00906918485303 -0.00344308876953 0.016970572301 0.0297795784464 0.00963090097524 0.0251721329703 0.0152100854608 0.0363235610487 0.0229878524159 0.0186597388966 0.0194941246248 0.0163945486072 0.0127886934897 0.0172984769135 0.0142225698007 0.235493219987 0.0212025393912 0.0276859539479 0.0265178906172 0.0233103426139 0.0419072323658 0.0209814056542 0.033298745469 0.0175665430562 0.0189394604192 -0.00406934602638 0.0251305180511 0.0354129373679 0.0289317376906 0.0161914117348 0.00533171956443 0.0303305534222 0.0172132639045 0.00801981999306 0.0263718137658 0.0235379090061 0.0100970104833 0.0250779979715 0.00698131416045 
-0.000350958879205 0.000819860421023 0.0118027023077 -0.0106839791792 0.00380209951709 -0.00238310573109 0.00244091329718 0.0129401106874 0.00459283417287 0.0161848721398 0.0146791860461 -0.00180175031019 -0.00678036418291 0.00906489375238 0.0161028000004 0.00690181135811 0.0025380540283 -0.00104479379809 0.00650983311479 -0.00931817683645 0.00194527362751 0.00456393867866 -0.0031003555427 -0.000214812819596 0.0201946137436 0.018877623413 0.00968110065441 0.00813278151824 0.00164629487134 0.00203894923138 0.0115610671644 0.00356007121344 0.000360760830771 0.00153110098662 0.0194109864597 -0.00587910052394 0.0212025393912 0.215763926853 0.00306983390134 0.00617406814957 0.0035154144601 0.0223777280966 0.017003932616 0.00840593877741 -0.00173846854704 -0.000170569407348 -0.00315963121313 0.028315016476 -0.00179850043695 0.00647269358654 0.004338786259 0.0243170978653 0.00174875685868 0.0146957705433 0.00916043617894 0.0206271453758 -0.0132811833904 -0.00341684214788 0.0108861832667 -0.0022783572115 
0.0149081036176 0.0227583180212 0.0372459466297 0.0264482816516 0.0215805466764 0.0138925755907 0.0235286006194 0.0329369867664 0.00355530562302 0.0286188757539 -0.00179226414293 0.0344986614883 0.0276185626867 -0.00569304972304 0.0140320649018 0.0270566296867 0.00452263306973 0.0270132101324 0.0227742607337 0.0156982324556 0.0391279103809 0.0342744880675 0.0220226772258 0.0177512468796 0.00921753660272 0.0280006623593 0.012773595706 0.0234960057746 0.0514521787547 0.0275449513706 0.0129233618956 0.0197499806579 -0.00129213006968 0.0111090512551 0.0172874629813 0.024705303831 0.0276859539478 0.00306983390134 0.270148291774 0.0192295494898 0.0304750257535 0.0399277895446 0.00409359451657 0.0254969137602 0.0110620296071 0.0123963550784 0.00926063712971 0.0165843107828 0.0288827611222 0.0116923109417 0.020945883776 0.0143496130441 0.0114515493836 0.0121382881416 0.0309855739685 0.0158159475925 0.034587743487 0.0238710473855 0.0123987644801 0.0151673627519 
