30
0.02736418452 0.0486959213786 0.119859861498 0.0202574279786 0.0752984700253 0.208286894217 0.0442230302855 0.0223320424584 0.101481112582 0.0308834605432 0.060830846045 0.0353360638732 0.0270240384822 0.02473804396 0.0755152896869 0.0125275076286 0.0843714281037 0.023015295127 0.0440278725419 0.0442487549982 0.0466468708745 0.0266110290159 0.0832698050771 0.123926899062 0.0884893451388 0.0128714932266 0.0584548507687 0.0162851568228 0.0785675118811 0.0522861094618 
0.190570672248 0.027019850429 0.0360748311117 0.0325626973361 0.0225491020781 0.0172663560115 0.0200930243208 0.00948983671881 -0.0112143954179 0.0208782882921 0.0172204712712 0.00987000080541 0.00642166187264 0.038880453532 0.0192426143539 0.01078497461 0.0189491002233 0.0213351209279 0.0168983243545 0.00546559836759 0.0498310016612 0.0246896759412 0.043431911784 0.00724962823578 0.00507099799324 -0.00286243060845 0.0248523025939 0.0455154264197 -0.00333615402796 0.0158070858863 
0.027019850429 0.2105024598 0.018214654199 0.0322800902208 0.0411531520976 0.0487873152344 0.037938536838 0.0053306578628 0.00789365505283 0.0348716634621 0.0584816825065 0.0132138220969 0.0333839963646 0.0304612548431 0.0150274416997 0.0206214841474 0.00847932360422 0.0596486375247 0.0176025920777 0.00953408823371 0.017227616883 0.0214382021127 0.00698123905937 0.0287484346938 0.0136323100058 0.014281538285 0.0328495196255 0.0146098727687 -0.00307962669228 0.0364033831834 
0.0360748311117 0.018214654199 0.528955782498 0.0475424928297 0.0559458216595 -0.00711985718613 0.0126767093039 0.00837529586993 0.00265804891907 0.0230664328078 0.0434141471736 0.0654592000297 -0.00300418503376 0.00863028878404 0.0106103088767 0.00685247531726 0.011652817331 0.00835200867133 0.0142152114362 0.0283011733797 0.0241440232823 0.0115102238651 0.0252226162408 0.0428184651031 0.0596878955654 -0.00295457008102 0.0257788979369 0.00702546568458 0.0366448779653 0.0393524239298 
0.0325626973361 0.0322800902208 0.0475424928297 0.281643009816 0.0288354365144 0.0242510243041 0.0426879380173 0.00322975899775 0.0126669130529 0.0111193747132 0.0257461566801 0.021078245117 0.0201277388727 0.00885923584126 0.020289489696 0.0219798105424 0.0189685061307 0.0168456775353 0.00506696803266 0.0280341624795 0.017735208741 0.0195559129867 0.0195757603379 0.0322252703073 0.0557725926127 0.00774535461115 0.038686996734 0.00639135365178 0.0364857526658 0.0432255395121 
0.0225491020781 0.0411531520976 0.0559458216595 0.0288354365144 0.4894668471 -0.00817259932758 0.0351729479524 0.00951200641578 0.00424587183196 0.0193673107021 0.0547828848633 0.00747514415995 0.0149532814755 0.0057569073888 0.030029239692 0.0130706967249 0.0143142590694 0.0167542987552 0.0260841726727 0.0286097560105 0.00811887047258 0.0037551477015 0.0406582070799 0.0163994030786 0.00458990473716 0.0707005503146 0.0217696185563 0.0124345791739 0.0410200838373 0.0394321420412 
0.0172663560115 0.0487873152344 -0.00711985718613 0.0242510243041 -0.00817259932758 1.33780564315 0.0222768312036 0.00215316003445 0.0122906870581 0.0191886077617 0.00296024983088 0.0101461453249 0.0141982053965 0.029923829636 -0.00265843954577 -0.0184313753254 0.0371225444655 0.0103628095936 0.032278385572 0.0266609775385 0.0294102808603 0.0197287752488 0.00816949742224 -0.0149219779983 0.0460094619416 -0.0245267413052 0.0341589014551 0.00686644449595 -0.00039122635839 0.00735220887226 
0.0200930243208 0.037938536838 0.0126767093039 0.0426879380173 0.0351729479524 0.0222768312036 0.207515714149 0.00517198122857 -0.00121921544742 0.0167588991773 0.0529925972685 0.0301419265957 0.0195299612791 0.00423313971174 0.0146159270686 0.0340399531504 0.0235428197937 0.0244896661086 0.0232899851561 0.0206603171723 0.0193368167755 0.0114627373933 0.0384538823157 0.0260674439031 0.0254611103734 0.00235875576081 0.0330935788591 0.0154435270145 0.0139370751574 0.046626274703 
0.00948983671881 0.0053306578628 0.00837529586993 0.00322975899775 0.00951200641578 0.00215316003445 0.00517198122857 0.210377128859 0.00422699821001 0.00731629269037 0.00237262446476 0.0175004616494 0.00292691500873 0.0113448425466 0.0248180073249 -0.00532335871928 0.0113865290163 0.0103587735656 0.00992740817866 0.00245184847155 0.0103335982762 0.00881684491882 0.00348426646172 0.000432771817514 0.000410173900253 0.000405363476103 -0.000707281898957 0.0114306129572 0.0185853544036 0.00321040927107 
-0.0112143954179 0.00789365505283 0.00265804891907 0.0126669130529 0.00424587183196 0.0122906870581 -0.00121921544742 0.00422699821001 0.923938407676 0.0124781459543 0.0183362215784 0.0203640818646 0.0124867121331 -0.00338807187591 0.0152250425081 0.0377411744659 0.00990001693371 0.002445951344 -0.00865986333201 0.0094104192153 0.0121288827179 0.0122206924462 0.034255838192 0.0209309212616 0.0846297437621 0.0236966206503 0.00365961605991 0.00535275500777 0.0074636671481 0.00310241019555 
0.0208782882921 0.0348716634621 0.0230664328078 0.0111193747132 0.0193673107021 0.0191886077617 0.0167588991773 0.00731629269037 0.0124781459543 0.211419306899 0.0243004581289 0.0149021560658 0.02911315668 0.0275506132956 0.01617050712 0.0294539616826 0.0250944020327 0.0256325363215 0.0236172135229 0.0146706514157 0.0183073189292 0.0199832875634 0.00719358652068 0.00550628156183 0.0138861940747 0.0139020427863 0.01901857823 0.0193438826898 0.00168987239825 0.0171537253299 
0.0172204712712 0.0584816825065 0.0434141471736 0.0257461566801 0.0547828848633 0.00296024983088 0.0529925972685 0.00237262446476 0.0183362215784 0.0243004581289 0.29663378367 0.0331255166711 0.0246619447484 0.0104951425668 0.00425256491074 0.0351328922653 0.0298985647004 0.0314845106333 0.021702061967 0.00854646316219 0.0179967947463 0.0128876308644 0.0257831633503 0.0311334035436 0.0392420819772 -0.00203318696527 0.0359947396175 0.0129247210632 0.0239465955304 0.0195340550176 
0.00987000080541 0.0132138220969 0.0654592000297 0.021078245117 0.00747514415995 0.0101461453249 0.0301419265957 0.0175004616494 0.0203640818646 0.0149021560658 0.0331255166711 0.307384624074 0.0165473773956 0.0193668624197 -0.00675560825498 0.000729215431538 0.0448707347953 0.000976032894476 0.0158300622788 0.023106433291 0.0246184402806 0.0349246896327 0.00107616559606 0.00729608076955 0.0332004276099 -0.00108866443101 0.00222061712314 0.0209782483292 0.0283795634781 0.0098351002881 
0.00642166187264 0.0333839963646 -0.00300418503376 0.0201277388727 0.0149532814755 0.0141982053965 0.0195299612791 0.00292691500873 0.0124867121331 0.02911315668 0.0246619447484 0.0165473773956 0.231669580644 0.0041058409306 0.0169152765318 -0.0010770381054 0.0123085862493 0.0309549190175 0.00774737743582 0.0188557060449 0.00744860957362 0.0038491839284 -0.0122336233041 0.0159251968715 0.0146693286478 0.0101350683314 0.0278946635383 0.00280874799099 0.00672204074651 0.0138226472359 
0.038880453532 0.0304612548431 0.00863028878404 0.00885923584126 0.0057569073888 0.029923829636 0.00423313971174 0.0113448425466 -0.00338807187591 0.0275506132956 0.0104951425668 0.0193668624197 0.0041058409306 0.160785666988 0.0166059147962 0.0142472304084 0.00527194710056 0.0249803121487 0.0014164336205 -0.00361934341864 0.0398832090711 0.020893280171 0.0156458342506 0.00291516323295 0.00971953832617 0.00516289967962 0.0332795965772 0.041205288202 0.0157612233951 0.00672598415682 
0.0192426143539 0.0150274416997 0.0106103088767 0.020289489696 0.030029239692 -0.00265843954577 0.0146159270686 0.0248180073249 0.0152250425081 0.01617050712 0.00425256491074 -0.00675560825498 0.0169152765318 0.0166059147962 0.798682886373 0.0201491699209 0.00441318743414 0.00402969553028 0.00985178895501 0.00534738985624 0.0336746967533 -0.000336927551594 0.044511749132 0.0110778769281 0.00162305878694 0.00193288974239 0.0458435033149 0.0166731768233 0.00287422406307 0.00798415629252 
0.01078497461 0.0206214841474 0.00685247531726 0.0219798105424 0.0130706967249 -0.0184313753254 0.0340399531504 -0.00532335871928 0.0377411744659 0.0294539616826 0.0351328922653 0.000729215431538 -0.0010770381054 0.0142472304084 0.0201491699209 0.298017531971 0.0112612863845 0.0172012345823 0.0400337065371 0.00973577224232 0.00397022158609 0.0156152359724 0.0192048495815 0.0447029755892 0.0168507356448 0.019796665013 0.0285347375797 0.00199001100719 0.0240402092893 0.017867276464 
0.0189491002233 0.00847932360422 0.011652817331 0.0189685061307 0.0143142590694 0.0371225444655 0.0235428197937 0.0113865290163 0.00990001693371 0.0250944020327 0.0298985647004 0.0448707347953 0.0123085862493 0.00527194710056 0.00441318743414 0.0112612863845 0.866516592798 0.0095741062813 0.020764634161 0.0323328965236 0.00404706242607 0.00846849771893 -0.00644831258555 0.00223914809326 0.0121902294075 0.00571950881269 0.00944417001985 0.0172893487753 0.0126674261672 0.00405437085486 
0.0213351209279 0.0596486375247 0.00835200867133 0.0168456775353 0.0167542987552 0.0103628095936 0.0244896661086 0.0103587735656 0.002445951344 0.0256325363215 0.0314845106333 0.000976032894476 0.0309549190175 0.0249803121487 0.00402969553028 0.0172012345823 0.0095741062813 0.145634949935 0.0174117884004 0.0201053965028 0.0114227344006 0.0112445749043 0.00656895706792 0.0162401376317 0.00786572178807 0.00712828367967 0.0276237694576 0.00976045407709 0.00902363991752 0.0167612848065 
0.0168983243545 0.0176025920777 0.0142152114362 0.00506696803266 0.0260841726727 0.032278385572 0.0232899851561 0.00992740817866 -0.00865986333201 0.0236172135229 0.021702061967 0.0158300622788 0.00774737743582 0.0014164336205 0.00985178895501 0.0400337065371 0.020764634161 0.0174117884004 0.232678751855 0.0392507341433 0.0261701428649 0.00630857031703 0.0144657877728 0.00643643308726 0.00114993907526 0.000396608455479 0.0261397705197 0.030419982314 0.0236433773805 0.0402262628828 
0.00546559836759 0.00953408823371 0.0283011733797 0.0280341624795 0.0286097560105 0.0266609775385 0.0206603171723 0.00245184847155 0.0094104192153 0.0146706514157 0.00854646316219 0.023106433291 0.0188557060449 -0.00361934341864 0.00534738985624 0.00973577224232 0.0323328965236 0.0201053965028 0.0392507341433 0.276424079591 0.0254658987735 0.00102956758595 0.0117184570897 0.0233345114493 0.00647816620364 -0.00231180475231 0.0202773188274 0.0146548166944 0.00125004831724 0.0231287903239 
0.0498310016612 0.017227616883 0.0241440232823 0.017735208741 0.00811887047258 0.0294102808603 0.0193368167755 0.0103335982762 0.0121288827179 0.0183073189292 0.0179967947463 0.0246184402806 0.00744860957362 0.0398832090711 0.0336746967533 0.00397022158609 0.00404706242607 0.0114227344006 0.0261701428649 0.0254658987735 0.367416838483 0.00347761175395 0.0407018704667 0.0106409899448 -0.00454268020601 0.00649089122045 0.0135579377697 0.03551232269 0.0104093255452 0.0167925923072 
0.0246896759412 0.0214382021127 0.0115102238651 0.0195559129867 0.0037551477015 0.0197287752488 0.0114627373933 0.00881684491882 0.0122206924462 0.0199832875634 0.0128876308644 0.0349246896327 0.0038491839284 0.020893280171 -0.000336927551594 0.0156152359724 0.00846849771893 0.0112445749043 0.00630857031703 0.00102956758595 0.00347761175395 0.294680067886 0.0235688895684 0.0137323769332 0.0180289031984 0.020310831118 0.0266596428116 0.0168423757361 0.00685572734124 0.0120520574683 
0.043431911784 0.00698123905937 0.0252226162408 0.0195757603379 0.0406582070799 0.00816949742224 0.0384538823157 0.00348426646172 0.034255838192 0.00719358652068 0.0257831633503 0.00107616559606 -0.0122336233041 0.0156458342506 0.044511749132 0.0192048495815 -0.00644831258555 0.00656895706792 0.0144657877728 0.0117184570897 0.0407018704667 0.0235688895684 0.413944752309 0.0124942658777 0.0165069848526 -0.0013574646355 0.030986641934 0.0430379436622 0.000907652344307 0.0234986879128 
0.00724962823578 0.0287484346938 0.0428184651031 0.0322252703073 0.0163994030786 -0.0149219779983 0.0260674439031 0.000432771817514 0.0209309212616 0.00550628156183 0.0311334035436 0.00729608076955 0.0159251968715 0.00291516323295 0.0110778769281 0.0447029755892 0.00223914809326 0.0162401376317 0.00643643308726 0.0233345114493 0.0106409899448 0.0137323769332 0.0124942658777 0.909243493972 0.00811711277145 -0.0041298879432 0.00798538357112 0.00294161426212 0.0203017852695 0.0061580008918 
0.00507099799324 0.0136323100058 0.0596878955654 0.0557725926127 0.00458990473716 0.0460094619416 0.0254611103734 0.000410173900253 0.0846297437621 0.0138861940747 0.0392420819772 0.0332004276099 0.0146693286478 0.00971953832617 0.00162305878694 0.0168507356448 0.0121902294075 0.00786572178807 0.00114993907526 0.00647816620364 -0.00454268020601 0.0180289031984 0.0165069848526 0.00811711277145 0.48087070934 0.0182625492113 0.0357966937544 -0.00215476167877 0.0162341630475 0.00895727339351 
-0.00286243060845 0.014281538285 -0.00295457008102 0.00774535461115 0.0707005503146 -0.0245267413052 0.00235875576081 0.000405363476103 0.0236966206503 0.0139020427863 -0.00203318696527 -0.00108866443101 0.0101350683314 0.00516289967962 0.00193288974239 0.019796665013 0.00571950881269 0.00712828367967 0.000396608455478 -0.00231180475231 0.00649089122045 0.020310831118 -0.0013574646355 -0.0041298879432 0.0182625492113 0.215103555449 0.00860987456068 0.00900890794004 0.0105973052716 -0.00892541079141 
0.0248523025939 0.0328495196254 0.0257788979369 0.038686996734 0.0217696185563 0.0341589014551 0.0330935788591 -0.000707281898957 0.00365961605991 0.01901857823 0.0359947396175 0.00222061712314 0.0278946635383 0.0332795965772 0.0458435033149 0.0285347375797 0.00944417001985 0.0276237694576 0.0261397705197 0.0202773188274 0.0135579377697 0.0266596428116 0.030986641934 0.00798538357112 0.0357966937544 0.00860987456068 0.248990307214 0.0412675945245 0.0220049563737 0.0338564265303 
0.0455154264197 0.0146098727687 0.00702546568458 0.00639135365178 0.0124345791739 0.00686644449595 0.0154435270145 0.0114306129572 0.00535275500777 0.0193438826898 0.0129247210632 0.0209782483292 0.00280874799099 0.041205288202 0.0166731768233 0.00199001100719 0.0172893487753 0.00976045407709 0.030419982314 0.0146548166944 0.03551232269 0.0168423757361 0.0430379436622 0.00294161426212 -0.00215476167877 0.00900890794004 0.0412675945245 0.152369657248 0.0169999277045 0.00710257166532 
-0.00333615402796 -0.00307962669228 0.0366448779653 0.0364857526658 0.0410200838373 -0.00039122635839 0.0139370751574 0.0185853544036 0.0074636671481 0.00168987239825 0.0239465955304 0.0283795634781 0.00672204074651 0.0157612233951 0.00287422406307 0.0240402092893 0.0126674261672 0.00902363991752 0.0236433773805 0.00125004831724 0.0104093255452 0.00685572734124 0.000907652344307 0.0203017852695 0.0162341630475 0.0105973052716 0.0220049563737 0.0169999277045 0.542570199569 0.0130592905179 
0.0158070858863 0.0364033831834 0.0393524239298 0.0432255395121 0.0394321420412 0.00735220887226 0.046626274703 0.00321040927107 0.00310241019555 0.0171537253299 0.0195340550176 0.0098351002881 0.0138226472359 0.00672598415682 0.00798415629252 0.017867276464 0.00405437085486 0.0167612848065 0.0402262628828 0.0231287903239 0.0167925923072 0.0120520574683 0.0234986879128 0.0061580008918 0.00895727339351 -0.00892541079141 0.0338564265303 0.00710257166532 0.0130592905179 0.330721004846 

['DUK', 'JPM', 'CTXS', 'APCC', 'STJ', 'OMX', 'DHR', 'CAG', 'CSCO', 'ASO', 'TROW', 'EMC', 'FRE', 'XEL', 'SYK', 'S', 'WAT', 'C', 'WMI', 'DIS', 'CEG', 'AMGN', 'APC', 'CSC', 'BMC', 'MDT', 'PLD', 'AEP', 'F', 'ASD']