60
0.15717092416 0.0843714281037 0.039970875035 0.123612909007 0.125871369107 0.0220203869342 0.0246636786654 0.188050706821 0.0449680709256 0.0788996306534 0.0260517267587 0.0766878163077 0.0831725949645 0.0545718905582 0.074230100705 0.200970993098 0.015652967587 0.0690415105338 0.0153161335694 0.060830846045 0.042606905642 0.0565521495323 0.0764707668379 0.0631385093148 0.0307440439862 0.0559549201136 0.0487859931196 0.100974868985 0.135299445153 0.129241945615 0.0780955523414 0.0273717205438 0.0265727047954 0.0743441041655 0.0348828940045 0.0220926651793 0.0285507317948 0.0933125666969 0.0262343191133 0.153319254475 0.0387981152642 0.133327922328 0.0629738483482 0.0707348977441 0.0144645316835 0.0359279599811 0.239728898705 0.0613427887106 0.0471087328402 0.114001255301 0.0270240384822 0.103194060275 0.0995242847704 0.0852779749864 0.0280903462606 0.0522856391002 0.0482651065397 0.00422555400052 0.0215013837744 0.158041803894 
0.593575214775 0.0340385892907 0.0454360545829 0.015627851994 0.0148123900984 0.0406360034656 0.0126589859404 0.0782011369649 0.0033340990883 -0.00816259104215 0.0236072615889 0.0765109658952 0.0358117102821 -0.00352016259889 0.0462094744783 0.0389680644393 0.027714944164 0.0590717151015 0.00515910505466 0.035564890612 0.00871414150286 0.0134477694169 0.0438724390905 0.0392875902012 0.012736641763 0.0340134873105 -0.00953716200009 0.00673738129339 0.0255283059196 0.0194570829016 0.0211616147146 0.0174190915804 0.0200891974826 0.0403650136492 0.0419317176682 0.0040679704893 0.0177697898875 0.104522415933 0.0165802402713 0.0464974829811 0.015862298472 0.0374620912132 0.0260720321523 0.0299778952868 0.0160089029298 0.00955715553031 0.103804858602 0.0127896980692 0.0226035196165 0.108305533475 0.0227541497611 0.0182989820044 0.0194041656499 0.00418593926185 0.0328380294898 0.035013843222 0.00950546109128 0.0107867001009 0.0294098774068 0.017294902711 
0.0340385892907 0.779946429953 0.00727008198627 0.0528453341009 0.103869395064 0.00480382896907 0.0108940377957 0.0410220526934 -0.00231914554048 0.00306943980022 -0.00202256756559 0.0311895256402 0.0199942809519 -0.000118460778034 0.0209756018128 0.0423023039622 -0.000893641310208 0.00732562246631 0.015858722331 0.0102535539449 0.0430184050346 0.00447966503305 0.170718215013 0.0156910048127 0.00514222332841 0.0366201119528 0.0111906126546 0.0233084740353 -0.0235520474909 0.00616931224558 0.298565573347 0.000296427932327 -0.0214828735439 0.00340498915644 0.027555911141 0.0202236136262 0.00343270314582 0.0211955313149 0.0111278158153 0.0236301260025 0.0276106397589 -0.000311700620697 -0.0279177971673 0.0185178012941 0.019480840281 0.0110251099564 0.0190241743452 0.0066453012461 0.00521300747942 -0.00209395657165 0.00718052696051 0.0125059159643 0.00125124386888 0.0302899582075 -0.011856256522 0.00585093764629 0.00618162890551 0.0382988634694 0.00242645814254 0.00597823398241 
0.0454360545829 0.00727008198627 0.179596316589 0.00771725707709 0.00439920371659 0.0217720763448 0.00208629939378 0.0367647395933 0.0101522383831 0.00872340100873 0.0227209473242 0.0244466170864 0.0125283403283 0.0110214201342 0.0289821825106 0.00572228071983 0.0196198108417 0.0305577819267 0.00476930195081 0.0168584587672 0.0370160489177 0.0102824160165 0.022597612544 0.0193884275207 0.0243036396115 0.0201281979582 0.00225202387749 0.0193540094656 0.0334277036016 0.023431846725 0.0083318174937 0.0124805661112 0.0292562007287 0.0172257855048 0.0173196920358 0.000734396973688 0.00516423747059 -0.00569327067511 0.00992924118537 0.0432370119527 0.0307615422359 0.00875389247888 0.0001393895644 0.0282719899382 0.00957869608447 0.0219523805139 0.00311096521792 0.0105661587777 0.00310215688412 -0.00395391517733 0.00997092258658 0.0398726471945 0.0159780242551 0.0224000068079 0.00605205744399 0.0282393137021 0.0128462445473 -0.00483408650736 0.0110980097243 0.00734968743547 
0.015627851994 0.0528453341009 0.00771725707709 1.03039871584 0.0215067071586 0.00510815960583 -0.00996474048069 -0.00328538980129 -0.016743612743 -0.00860397033679 0.0198530831315 0.0132627587217 -0.00152962860678 0.00580577251583 -0.01050054156 0.0108381122216 0.00739551290916 0.0196291809119 0.00945840386811 -0.00268518246863 -0.00262112931711 0.00869962741014 0.0724559608371 0.0257697878935 0.0149678397908 0.0537593614227 0.0235151774706 0.00492072666482 0.0633664414261 0.0221132598841 0.0183685931413 0.0085625867755 -0.00637332869869 -0.0159248687614 0.109830407675 0.00222199075031 0.00579373006679 -0.0162198397729 -0.0155874431101 0.00687740879704 -0.00491586495785 0.0187281682499 0.0251916962276 0.00986390310357 0.000411669003238 -0.0164217435622 0.0541475993985 0.0132029735774 0.0138928563354 -0.00209566171818 -0.00434934229013 -0.006814621931 0.00423046492774 -0.0165664693422 -0.00750460921549 -0.000117493092447 0.00233049432353 0.00423294329226 0.0129992910396 0.00207441707818 
0.0148123900984 0.103869395064 0.00439920371659 0.0215067071586 0.831434998944 -0.00143272466777 -0.0135488151563 0.0210836407012 -0.0129156865878 -0.0108744305371 0.0143925483884 0.0175329962563 0.00135812380933 0.000110397899834 0.00570263645234 0.00225603428838 0.0104533653928 0.0153612342835 0.00130277242602 0.0050959434046 0.021224655523 -0.0116777787756 0.0420163360514 0.00845901814185 0.0336962048241 0.00805840416234 -0.00592405907452 -0.00972599102894 0.00591151942561 0.000849378272305 0.0738756685786 -0.00631330672012 0.00506047880677 0.0535839965263 0.0187897026072 -0.0159782378373 0.0101262838445 -0.015464490946 0.00343740948574 0.0159348849194 0.0168420927247 0.00770421207514 -0.00604461681767 0.00516077947806 0.00204863027452 -0.000194103843361 0.0288741301254 0.00420288330527 -0.0210652229145 -0.0122808378683 -0.0118715670129 -1.16992577584e-05 -0.0077501011585 -0.0176806428689 -0.00350433249353 -0.003805496745 -0.017662853349 0.0145901728071 0.014866994277 0.0111118925246 
0.0406360034656 0.00480382896907 0.0217720763448 0.00510815960583 -0.00143272466777 0.218725064433 0.0201922816751 0.018999491877 0.00946966870658 0.00519589618215 0.0153723059797 0.0328200147673 0.0361362468344 0.0169902167293 0.0433694475844 -0.000807604081983 0.0250391625116 0.0318701462355 0.011023024502 0.0187853093191 0.017916569408 0.0134763827558 0.0069425030929 0.0110723563368 0.0171721041353 0.0227968848516 0.0139568572793 0.0382241870463 0.0136246083562 -0.00348925080547 0.0101038865875 0.00951204832803 0.0217836863811 0.0277698316224 0.0146556057832 -0.0135155686737 0.00866428463556 -0.00554263365082 0.0242285643071 0.0278800259427 0.0161044268961 0.0196650172868 0.00318691090147 0.00231952765911 0.000546459547768 0.0122377743682 0.0286364330419 -0.000548146490852 -0.000512631787974 -0.00377276094672 0.0096379037287 0.0136102974684 -0.00466515957776 0.0313919840191 0.0212088547047 0.014476564693 0.0181737881804 0.0213560433769 0.0194292131439 0.0271670719009 
0.0126589859404 0.0108940377957 0.00208629939378 -0.00996474048069 -0.0135488151563 0.0201922816751 0.130932616627 0.00519656284672 0.0225836459934 0.00419738719184 0.00265165611108 0.00577122004707 0.0199298684728 0.0186281437895 0.0123790000154 0.00945506574399 0.00656791293598 0.00688168295513 0.0113454749699 0.0123549690399 0.00837407968742 0.0085385230166 0.0124548873013 0.0146869709928 0.0182948255572 0.0176707610576 0.00246223174739 0.00761284062356 -0.00314328392355 0.00551299945 0.0013228550167 0.00787873158196 0.0217907026253 0.00967269824533 0.00968848836698 0.0124013174111 -0.000932250689785 0.00606115280543 0.029938487156 0.0130818117121 0.00714500512927 0.0156905847499 0.0118730266349 0.014807018103 -0.00424623209246 0.00497200721579 0.00146821598401 0.0144777341407 0.00598457983121 0.00467702658813 0.0144365272571 0.00536065372342 0.00315186024095 0.0108392646451 0.018525658536 0.0205728363774 0.0152291214344 0.0127605408101 0.0105815880658 1.19182357293e-05 
0.0782011369649 0.0410220526934 0.0367647395933 -0.0032853898013 0.0210836407012 0.018999491877 0.00519656284672 0.989106379563 0.00817726031251 0.0065881250401 0.0169474196205 0.070501041461 0.0568986561826 -0.0193142089243 0.0329305146988 0.037404715366 0.0159761735417 0.0688191719464 -0.00288282856237 0.0438464177432 0.00798777222241 0.0185317220071 0.041710150193 0.00606959810205 0.0118785940202 0.0588863283208 -0.0013516063044 0.0450966469473 -0.00959255352929 0.00750252151278 0.0379069777305 0.0162410702328 0.00569689735923 0.0166308907011 0.0348335262569 -0.000562169438082 0.0180486643321 0.0172590042045 0.00497286353633 0.0179310225479 0.0321118378949 0.0393764833055 0.0123771784693 0.027514528091 0.0168523617652 0.0132501379156 0.0738843867741 0.0182428398618 0.0063709343201 0.0161680225198 0.0102954451855 0.142045717882 0.0186620241237 -0.00576227718843 0.00506066803045 0.0182183606379 0.0492455168905 0.0281337910262 0.0465323968984 0.0295409642572 
0.0033340990883 -0.00231914554048 0.0101522383831 -0.016743612743 -0.0129156865878 0.00946966870658 0.0225836459934 0.00817726031251 0.182860057505 0.00874723562962 0.0166318111809 0.0100753190163 0.0201376428958 0.0195225028671 0.0188059637827 0.0044723453446 0.00469969624418 0.0036571547367 0.0142436042552 0.0297187651408 0.0262828607424 0.0069672025853 0.0209643072674 0.0110138944527 0.00926611139149 0.00576196081579 0.0118570041088 0.00223544362811 0.0259207683237 0.00943059933275 0.00189421720805 0.0128990027968 0.01020758645 0.0156238078286 0.0142309088657 0.0182313952506 -0.000950484794748 0.00996742747337 0.0151410866236 0.00488691711807 0.0108758991164 0.00950226233341 -0.00907814724586 -0.00361729948665 0.00776506885325 0.0390052172972 0.0255740611563 0.0151653339854 0.00529838694805 0.0173709517002 0.0152277941865 0.0134727726204 0.0153100598823 0.0421630426736 0.0241987957632 0.0214943838128 0.0237429405982 0.0195729426943 0.000482852320987 0.01203688739 
-0.00816259104215 0.00306943980022 0.00872340100873 -0.00860397033679 -0.0108744305371 0.00519589618215 0.00419738719185 0.0065881250401 0.00874723562962 0.747843108543 0.00703421718883 0.01909371114 0.0126092597444 -0.011954227509 0.0197323320347 0.0752185048878 0.00312769748923 -0.015918635026 0.00343426380378 0.00663709189359 0.00193644253217 0.0285115716272 0.0128955348214 -0.00585919171338 -0.00301742788396 0.0111005444808 -0.0119095903816 0.0161417924514 0.00725700240351 -0.0254111936127 0.00664132129208 0.0144982958468 0.00199331500626 0.0225008442756 0.0118172252988 -0.00513828127242 -0.000855586769775 -0.00291336507585 0.0083027938091 0.00570640835342 0.039009556779 0.00153589425736 0.0427754657849 -0.0195633434136 -0.0208331035754 0.00555109902914 0.0592163811629 -0.0021141038733 0.00411173600751 -0.0187301613666 0.00609599924881 0.0266042981795 -0.0156505452866 -0.00546305799299 0.0140680051886 0.00839623172966 0.0290296999468 0.00478219689429 0.0171181938841 -0.000908746271484 
0.0236072615889 -0.00202256756559 0.0227209473242 0.0198530831315 0.0143925483884 0.0153723059797 0.00265165611108 0.0169474196205 0.0166318111809 0.00703421718883 0.172837714867 0.0195056896301 0.00755683864953 0.00898425948812 0.0304900792538 -0.00254662952372 0.0284226904526 0.0196313516259 0.0143137241839 0.0158936900046 0.0144730640671 0.0127572372569 0.0257334426032 0.0338163854046 0.0212271713987 0.0183928424879 0.0104378293648 0.00761502042921 0.0119142152945 0.00436771359415 0.010456594164 0.0172358908444 0.0158192792285 0.0316906651771 0.0233456511892 0.00843582543749 0.00603683261961 0.0147213559348 0.0027159255864 0.0329400669434 0.0232081283583 0.0230398009028 0.0309200434019 -0.0128007288602 0.00555627196707 0.0107005898879 0.02868888829 0.00472795205423 0.00313523284168 -0.00631906516045 0.00564449301529 0.0416030583408 0.00664316669417 0.0180122325972 0.0179420573829 0.020153117175 0.0206517207683 0.00298997893962 0.00961400442605 0.0271003420331 
0.0765109658952 0.0311895256402 0.0244466170864 0.0132627587217 0.0175329962563 0.0328200147673 0.00577122004707 0.070501041461 0.0100753190163 0.01909371114 0.0195056896301 0.424160008919 0.0214565972693 0.00897743962354 0.0435513017591 0.0120709360695 0.0186731848387 0.0436121609028 -0.00276785468381 0.0197474307524 0.0235480594936 0.0338743893193 0.0296168412545 0.0327140279746 0.019313180556 0.0425863877668 0.0173344515687 0.00502290686462 0.034538946922 0.0102920923309 0.0153657494308 0.0333806937868 0.00155288895302 0.0295268261298 0.0267120115354 0.00427780319096 0.00284202405887 0.00710951165307 0.0243166951457 0.0604138061571 0.0557518612181 -0.00409466176118 0.00595050947021 0.0218692372528 0.0196281354038 0.0331964302206 0.131842575603 0.0102902865061 0.0135699175377 0.00658014738846 0.0063964095632 0.0530367169604 0.0164896542311 0.00522058535982 0.0308723794653 0.0170621303351 0.0488444112453 0.0155211081581 0.0725643352802 0.0107130137183 
0.0358117102821 0.0199942809519 0.0125283403283 -0.00152962860678 0.00135812380933 0.0361362468344 0.0199298684728 0.0568986561826 0.0201376428958 0.0126092597444 0.00755683864953 0.0214565972693 0.437454837765 0.021149432134 0.0575755570242 0.0156710047752 0.0064110464327 0.0119758856528 0.0143388127388 0.0267310524189 0.0592212669095 -0.00162029190143 0.034075113721 0.000505693047831 0.0179218845249 0.0334895304803 -0.00339283849492 0.014291329829 0.0517213390837 0.00458588592391 0.0232263114348 0.0248892222593 0.0334530202153 0.0241779524779 0.0366783576669 0.0142039959305 0.0204989249572 0.0189917780934 0.0189732596987 0.0191985232763 0.00555191089312 0.0435227629033 0.0194082029339 0.0140994255422 0.00776013998396 0.0426332675933 0.0550816655809 0.0206395100929 0.0134733442026 0.00286648669743 0.0183478045203 0.013690068619 0.0250258082599 0.00318227264251 0.0124302940277 0.011608690317 0.00902482262361 0.0121892409251 0.0205613196219 0.00670227114066 
-0.00352016259889 -0.000118460778034 0.0110214201342 0.00580577251583 0.000110397899835 0.0169902167293 0.0186281437895 -0.0193142089243 0.0195225028671 -0.011954227509 0.00898425948812 0.00897743962354 0.021149432134 0.273464535211 0.01159611019 0.00617498240162 0.00148839741321 0.0231158041494 0.0467756660507 0.00596574693474 0.0129967856197 0.0167553082993 0.0196667582442 0.0061078006624 0.0316255913425 0.0180803853153 0.0134724606894 -0.0113304730595 0.0249288667746 0.0146739597712 -0.00136759104484 0.00964863074539 0.0182965777581 -0.00549015064605 -0.00615323745161 0.0492834889484 0.00722707757212 0.000251240169735 0.0077022383011 0.0105157988562 0.0214196574481 0.0193924611436 0.0197461263681 0.00791754203751 0.0170624123666 0.0220276259999 0.00621310011373 0.0447565864704 0.0321970324913 0.00865001402144 0.0201609861805 0.0301456354207 0.0366765579609 0.0305090210529 0.0135431707097 0.01167049062 0.018782978657 0.00574674275159 0.00114928752915 0.0199382760202 
0.0462094744783 0.0209756018128 0.0289821825106 -0.01050054156 0.00570263645234 0.0433694475845 0.0123790000154 0.0329305146988 0.0188059637827 0.0197323320347 0.0304900792538 0.0435513017591 0.0575755570242 0.01159611019 0.466550155797 0.0133948769156 0.0181000756506 0.0342070571086 0.0103593376731 0.0261118356655 0.0400397905691 0.0207812184706 0.0694853491985 0.0166961306688 0.0601371290455 0.0337223112025 0.0119128049353 0.0828859496397 0.0727053157646 0.0200691670373 0.0289442284828 0.0409842999709 0.0202746691314 0.0847780093664 0.0157952701571 0.0149165468332 0.0239321536145 0.0131727982807 0.031690656759 0.0829742238735 0.0308123730445 0.0642396220094 0.0346377660574 0.0107025417263 0.00700179508785 0.0151734788306 0.10449912142 0.0178293452305 0.0242705800904 -0.0107864818448 0.0217073319437 0.0909407810015 0.0640588972464 0.0279420676957 0.0357733599436 0.0407774587133 0.0366202221435 0.0148775008313 0.0221676872012 0.02345623968 
0.0389680644393 0.0423023039622 0.00572228071983 0.0108381122216 0.00225603428838 -0.000807604081983 0.00945506574399 0.037404715366 0.0044723453446 0.0752185048878 -0.00254662952372 0.0120709360695 0.0156710047752 0.00617498240162 0.0133948769156 0.919261162306 0.0269597812124 -0.00237626852396 0.0202909409603 0.0175464499385 0.0182925980866 -0.00163262535505 0.0385027134694 0.0375834167522 0.0105082911842 0.0330048854339 -0.00720711710214 0.0523017720956 0.00856162726163 0.0065727596957 0.0511301960223 0.0186808417187 0.0107604915447 -0.0171532243495 0.0071691015638 0.0199530698756 0.0124017232789 -0.00136673456138 -0.000916836778662 0.02484357256 0.0135895226688 0.0246530869798 0.000328088165494 0.00760643551623 0.00638004185249 -0.0241057945067 0.00708302098118 0.03424518218 0.00499909834433 -0.0140674088613 0.0107119356492 -0.00482993907892 0.00362939610547 0.0142903794157 0.0104803920303 0.0232295363375 0.0211893651791 0.010808906762 0.00489165548424 -0.00127976297202 
0.027714944164 -0.000893641310208 0.0196198108417 0.00739551290916 0.0104533653928 0.0250391625116 0.00656791293598 0.0159761735417 0.00469969624418 0.00312769748923 0.0284226904526 0.0186731848387 0.0064110464327 0.00148839741321 0.0181000756506 0.0269597812124 0.213907857212 0.0296962220993 0.00283054440291 0.00285927338738 0.0256065210362 0.0140755126886 0.0219491138781 0.0117677332653 0.0146714437143 0.0220451215362 -0.00841740490585 0.0406689020256 0.008764819341 0.0216142334127 0.0177749918614 0.00547777952385 0.0157997377367 0.0339495873326 0.0179774027105 -0.000972976906277 0.0193818536996 0.0283412103353 0.00391786000564 0.0252512247047 0.0282849406977 0.0145683758835 -0.00069154648306 -0.000592436880296 0.0208477880079 0.0120709120183 0.0439742059997 -0.000737922601797 0.00406450068712 0.0122236590921 0.0136138225653 0.0249046814848 0.0203016697519 0.0301561207498 0.0177656357019 0.0177735177774 0.0133800803282 0.0149665160913 0.016274805197 0.0177168800837 
0.0590717151015 0.00732562246631 0.0305577819267 0.0196291809119 0.0153612342835 0.0318701462355 0.00688168295513 0.0688191719464 0.0036571547367 -0.015918635026 0.0196313516259 0.0436121609028 0.0119758856528 0.0231158041494 0.0342070571086 -0.00237626852396 0.0296962220993 0.404848331657 0.0168517388547 0.0417386096609 0.0196884798005 0.0268141534305 0.031554601298 0.062782116537 0.0239351332547 0.0324818013704 -0.00611025453257 0.0366170476127 0.0194116811007 0.0271478714528 0.0233643973859 0.017650064918 0.0175061168535 0.00335188704017 0.0162982098901 0.00289001199693 0.0110323392505 0.00487454986839 0.0197400437454 0.0324894035232 0.0341713007198 0.00955894697076 0.0128209276598 0.0100595187961 0.0172775400419 0.0212745115993 0.134049706245 -0.0199737415538 0.00171992473304 0.0188627594974 0.00960804104337 0.0364231748529 0.00936735972258 0.00921570434431 0.0200194298736 0.0195156966628 0.0220641488019 -0.00509178506156 0.0302259733838 0.0202507943583 
0.00515910505466 0.015858722331 0.00476930195081 0.00945840386811 0.00130277242602 0.011023024502 0.0113454749699 -0.00288282856237 0.0142436042552 0.00343426380378 0.0143137241839 -0.00276785468381 0.0143388127388 0.0467756660507 0.0103593376731 0.0202909409603 0.00283054440291 0.0168517388547 0.136087879303 0.0289091904536 0.00581906901 0.0184791005378 0.0032020725275 0.0116204317254 0.0251663510087 0.012337473337 0.00954594817549 -0.0019301732627 0.0174213116704 0.0181641423946 0.00122500341144 0.00641493522123 0.0111857081525 -0.0142673787651 0.00150326485867 0.0337183379957 0.00876438359894 -0.000994185490017 0.0176553812842 0.0148930068648 0.0155093979573 5.08133591581e-05 0.011638225713 0.0150744976625 0.000553618338093 0.00759067942351 0.00531844020393 0.0186193378932 0.0243598155604 0.00554057111076 0.00563430573624 0.0131048309407 0.0155896565161 0.0162109134452 0.0123808419642 -0.00275420867833 0.00119433317913 0.00590675612581 0.00730441733542 0.019257588426 
0.035564890612 0.0102535539449 0.0168584587672 -0.00268518246863 0.0050959434046 0.0187853093191 0.0123549690399 0.0438464177432 0.0297187651408 0.00663709189359 0.0158936900046 0.0197474307524 0.0267310524189 0.00596574693474 0.0261118356655 0.0175464499385 0.00285927338738 0.0417386096609 0.0289091904536 0.280309142195 0.0224729069954 0.0130454373504 0.043806780418 0.0257501356686 0.0313079886027 0.0247715834084 0.0399415436153 0.0344941521923 0.0204559417832 0.00866009802011 0.0324774656789 0.00745503327111 0.0193151669969 0.0221549342127 0.0156911294171 0.00988751779859 0.0259827364961 0.0196661738097 0.0255341169032 0.0553023565046 0.0204729202485 0.011800173033 0.00200468189769 -0.00550742372985 0.0256709568638 0.0118902939816 0.0660308513963 -0.00109389550012 0.0096446961258 -0.00116104197786 0.015417249397 0.0153197369757 0.0100567491518 0.00493049269774 0.0248640463822 0.0244448102443 0.0225720982394 0.0225214226151 0.00580902591538 0.0084926402241 
0.00871414150286 0.0430184050346 0.0370160489177 -0.00262112931711 0.021224655523 0.017916569408 0.00837407968742 0.00798777222241 0.0262828607424 0.00193644253216 0.0144730640671 0.0235480594936 0.0592212669095 0.0129967856197 0.0400397905691 0.0182925980866 0.0256065210362 0.0196884798005 0.00581906901 0.0224729069954 0.229802413347 -0.00891108330028 0.035497743499 0.0130856743379 0.014045151272 0.0248093322439 0.0103186125834 -0.000436309217468 0.0280979279863 0.0190041581519 0.027699519513 0.000389797867264 0.0264529161333 0.0165040389187 0.0375754654407 0.0166756248105 -0.00966343126443 0.0123111178854 0.0109952840616 0.024618955329 0.0148507548431 0.0101541222816 0.0016524025276 0.00700197288169 0.00670750029536 0.0458508249843 0.0233014876226 -0.00202066864963 0.0097246440381 -0.0220889061903 0.00285387721233 0.0129608729173 0.0283690194986 0.0273127124057 0.000615621857611 0.0209358499544 0.0187543621382 -0.00252354578467 0.019950966838 0.0261507919442 
0.0134477694169 0.00447966503305 0.0102824160165 0.00869962741014 -0.0116777787756 0.0134763827558 0.0085385230166 0.0185317220071 0.0069672025853 0.0285115716272 0.0127572372569 0.0338743893193 -0.00162029190143 0.0167553082993 0.0207812184706 -0.00163262535505 0.0140755126886 0.0268141534305 0.0184791005378 0.0130454373504 -0.00891108330028 0.36347152592 0.0333817432971 -0.00769434706752 0.0119852391632 0.0104263690745 0.0103862442529 0.0321460757899 0.0237207969811 0.00617352355911 0.00967212844829 0.0260229949447 0.0119330499114 0.00730249185453 0.00539451699551 0.00665161073708 0.0465952186145 -0.000915070070965 0.00995802592734 0.0294426672346 0.0199778644502 0.0212335263999 0.00533803639881 0.00206775658443 0.00782039200784 -0.00225921690376 0.0357085791442 0.0113243510258 0.0184285824324 0.00284161257822 0.0239473890551 0.0222812789082 -0.00519172930872 0.039246005697 0.00608765642735 0.0182848234248 0.0199816416701 0.0109894482288 0.0034063542858 0.0275768840678 
0.0438724390905 0.170718215013 0.022597612544 0.0724559608371 0.0420163360514 0.0069425030929 0.0124548873013 0.041710150193 0.0209643072674 0.0128955348214 0.0257334426032 0.0296168412545 0.034075113721 0.0196667582442 0.0694853491985 0.0385027134694 0.0219491138781 0.031554601298 0.0032020725275 0.043806780418 0.035497743499 0.0333817432971 0.400951347395 0.0113154675909 0.0186600279506 0.0194780747155 0.0076559299439 0.0208255600114 0.0288058534978 0.00882754618521 0.099603075487 0.0107003130568 0.00291763579331 0.0461983711252 0.0444506293237 0.0021612865612 0.0283347582176 0.00543957894025 0.00692042211238 0.038964124225 0.01998834219 0.00282105744063 0.00768045929391 -0.00579096778253 0.0147193218359 0.0189517082538 0.0423442523308 0.00132379089316 0.00638190974222 -0.0138631000134 0.00988830975549 0.0425092088497 0.0150666914765 0.0342905291556 0.0163606133839 0.0196322575183 0.0376890513057 0.0364452548408 0.0145543749708 0.0113576780625 
0.0392875902012 0.0156910048127 0.0193884275207 0.0257697878935 0.00845901814185 0.0110723563368 0.0146869709928 0.00606959810205 0.0110138944527 -0.00585919171338 0.0338163854046 0.0327140279746 0.000505693047831 0.0061078006624 0.0166961306688 0.0375834167522 0.0117677332653 0.062782116537 0.0116204317254 0.0257501356686 0.0130856743379 -0.00769434706752 0.0113154675909 0.351209414405 0.0128906835649 0.0309006061035 0.0135742279082 0.026281577894 0.0367182753703 0.0107279157523 0.0088112841139 0.0222256065119 0.0144542326899 0.0272400002783 0.0128115246659 -0.00690321416431 0.00718132506567 0.00351164906908 0.00567806725127 0.0239535449251 0.0370402443848 0.0374125787007 0.00767819678392 0.0128543937069 0.0261385765029 0.0183197998954 0.0829938477662 0.003511053622 0.0121278662079 -0.00638657408784 0.0139314281262 0.0411374780769 0.00828526433673 0.0115794045757 0.00235532565898 0.0449297368467 0.0191037120671 0.00634758898927 0.0135587303433 0.020504830571 
0.012736641763 0.00514222332841 0.0243036396115 0.0149678397908 0.0336962048241 0.0171721041353 0.0182948255572 0.0118785940202 0.00926611139149 -0.00301742788396 0.0212271713986 0.019313180556 0.0179218845249 0.0316255913425 0.0601371290455 0.0105082911842 0.0146714437143 0.0239351332547 0.0251663510087 0.0313079886027 0.014045151272 0.0119852391632 0.0186600279506 0.0128906835649 0.225926789312 0.0373720332474 0.0137681266462 0.0125732624928 0.0219848667826 -0.00053115602023 0.0177277485669 0.00916338507895 0.0154012818442 0.00389973822454 0.0214310587098 0.0204694953837 0.0108216974748 0.00275589813878 0.0243797592045 0.0311397377058 0.0262845026288 0.0013633877758 0.0137044047303 0.0160550770133 0.0132713517758 0.0149456084055 0.0211732120872 0.0143735343305 0.0142051873386 -0.0150765839765 0.0253492239704 0.0535968298588 0.0169201774899 0.0228001271637 0.0288232263475 0.0194101007068 0.0149679701648 0.0223895735398 0.020886829489 0.0176543611291 
0.0340134873105 0.0366201119528 0.0201281979582 0.0537593614227 0.00805840416234 0.0227968848516 0.0176707610576 0.0588863283208 0.00576196081579 0.0111005444808 0.0183928424879 0.0425863877668 0.0334895304803 0.0180803853153 0.0337223112025 0.0330048854339 0.0220451215362 0.0324818013704 0.012337473337 0.0247715834084 0.0248093322439 0.0104263690745 0.0194780747155 0.0309006061035 0.0373720332474 0.235137386987 0.0390095948904 0.0546861354336 0.0214715149376 0.016998692164 0.0256878638004 0.0176895573837 0.0137096927631 0.0343309109801 0.0337717677232 0.00580429202945 0.00291209404331 -0.00271273600552 0.0308381665462 0.0358871329017 0.0316176714553 0.00789940173946 0.0191617887961 0.00549989540537 0.0244804788296 0.020720815044 0.0777824040461 0.00678304042787 0.0124960624492 -0.00548148820968 0.0104105776803 0.0321940416004 0.014051699446 0.0160680612829 0.0320953866501 0.0372980143233 0.0234676733896 0.0121461137036 0.0293372844993 0.0125984533965 
-0.00953716200009 0.0111906126546 0.00225202387749 0.0235151774706 -0.00592405907452 0.0139568572793 0.00246223174739 -0.0013516063044 0.0118570041088 -0.0119095903816 0.0104378293648 0.0173344515687 -0.00339283849492 0.0134724606894 0.0119128049353 -0.00720711710214 -0.00841740490585 -0.00611025453258 0.00954594817549 0.0399415436153 0.0103186125834 0.0103862442529 0.0076559299439 0.0135742279082 0.0137681266462 0.0390095948904 0.44737820145 0.00140956785887 0.0253646911942 0.0237940582197 0.00645333961045 0.0103927685177 0.00364362696548 0.0156040899235 0.00900404238797 0.0121476680523 0.0077880325755 0.00221439398938 0.0344842953441 0.0309205981592 0.0231056418399 0.0108369500858 0.00879785962414 0.00433077695533 0.00479126252342 0.0104491855939 0.0571923038391 0.0114688617898 0.0192258665622 -0.00525146235 0.0190698005192 0.0275128968682 0.00179821110991 0.0255121881872 0.0293007453962 0.00999504165829 0.00482295354637 -0.00475959363758 0.0175551394808 0.0352531593806 
0.00673738129339 0.0233084740353 0.0193540094656 0.00492072666482 -0.00972599102894 0.0382241870463 0.00761284062356 0.0450966469473 0.00223544362811 0.0161417924514 0.00761502042921 0.00502290686462 0.014291329829 -0.0113304730595 0.0828859496397 0.0523017720956 0.0406689020256 0.0366170476127 -0.0019301732627 0.0344941521923 -0.000436309217468 0.0321460757899 0.0208255600114 0.026281577894 0.0125732624928 0.0546861354336 0.00140956785887 0.45606259497 0.0181598843303 0.0208965391591 0.0265338497872 0.0158679980172 0.00569993052269 0.0569342044774 0.0165018866396 0.0101219976738 0.0205869214467 0.00479802826922 0.0109712365649 0.022274101949 0.000543567115162 0.0363929029581 0.00805251501163 -0.0075302855685 0.00508709749544 0.0211509198923 0.0508280289011 0.0155598225537 0.00460417172092 0.0117117093144 0.00898986140379 0.0126623102395 0.0124722269668 0.0340341039813 0.00880678316315 0.00789398086326 0.0253169853107 0.0177336786922 0.0165058183718 0.035980830699 
0.0255283059196 -0.0235520474909 0.0334277036016 0.0633664414261 0.00591151942561 0.0136246083562 -0.00314328392355 -0.00959255352929 0.0259207683237 0.00725700240351 0.0119142152945 0.034538946922 0.0517213390837 0.0249288667746 0.0727053157646 0.00856162726163 0.008764819341 0.0194116811007 0.0174213116704 0.0204559417832 0.0280979279863 0.0237207969811 0.0288058534978 0.0367182753703 0.0219848667826 0.0214715149376 0.0253646911942 0.0181598843303 0.516440908871 0.0378004569865 0.0117818365813 0.0225701680126 0.0170212804994 -0.00189277514102 0.0373538047891 0.0255318255082 0.00549479128217 0.011418461579 0.000146245589251 0.0120100176999 0.031085901572 0.0137749078757 0.0952835988669 -0.00399895127325 0.00459656606829 0.00987347114247 0.0632395405394 0.0165487267873 0.108892887571 -0.00523643048286 -0.0127474134776 0.0197634264633 0.116359069254 0.00015689951906 -0.0137515835713 0.0379192256503 0.00490987810634 0.0229719925728 0.00657210859618 0.00761671052772 
0.0194570829016 0.00616931224558 0.023431846725 0.0221132598841 0.000849378272306 -0.00348925080547 0.00551299945 0.00750252151278 0.00943059933275 -0.0254111936127 0.00436771359415 0.0102920923309 0.00458588592391 0.0146739597712 0.0200691670373 0.0065727596957 0.0216142334127 0.0271478714528 0.0181641423946 0.00866009802011 0.0190041581519 0.00617352355911 0.00882754618521 0.0107279157523 -0.00053115602023 0.016998692164 0.0237940582197 0.0208965391591 0.0378004569865 0.563884650002 0.0206482580972 0.0121981842603 0.0129866944564 0.0148320488124 0.00997372797153 0.0363846107619 -0.00530029852061 0.00743357780627 -0.00778251444453 0.0162181311904 0.0109259887127 0.0240051340989 0.0336527505432 0.0252407231167 0.00485096634052 0.00774020712011 0.0359618776341 0.0135912049626 0.0162203995142 0.0162266674331 -0.00618470972256 -0.00533266875116 0.0408264738583 0.0111713476897 -0.00580661282791 0.0058476083992 0.0237686723262 0.0159832857836 0.0170325729326 0.00543954118978 
0.0211616147146 0.298565573347 0.0083318174937 0.0183685931413 0.0738756685786 0.0101038865875 0.0013228550167 0.0379069777305 0.00189421720805 0.00664132129208 0.010456594164 0.0153657494308 0.0232263114348 -0.00136759104484 0.0289442284828 0.0511301960223 0.0177749918614 0.0233643973859 0.00122500341144 0.0324774656789 0.027699519513 0.00967212844829 0.099603075487 0.0088112841139 0.0177277485669 0.0256878638004 0.00645333961045 0.0265338497872 0.0117818365813 0.0206482580972 0.470154631087 0.0203501859622 -0.00389288606977 0.00343589574498 0.0216067488655 0.00466849394609 0.0145662553366 0.0126257133619 0.0201190754047 0.0148172791216 0.0254929066378 -0.000865463360126 0.00506001722291 0.0194019555447 0.0126073518749 0.00450015248198 0.0319342342288 0.00548058285707 0.00240034844103 -0.0123764481095 0.0173680224484 0.012266768457 0.0110199552849 -0.00250122121683 0.0314697198207 0.00809206947657 0.00601226963474 0.0338974361357 0.00955215896757 0.0226853441821 
0.0174190915804 0.000296427932327 0.0124805661112 0.0085625867755 -0.00631330672012 0.00951204832803 0.00787873158196 0.0162410702328 0.0128990027968 0.0144982958468 0.0172358908444 0.0333806937868 0.0248892222593 0.00964863074539 0.0409842999709 0.0186808417187 0.00547777952385 0.017650064918 0.00641493522123 0.00745503327111 0.000389797867265 0.0260229949447 0.0107003130568 0.0222256065119 0.00916338507895 0.0176895573837 0.0103927685177 0.0158679980172 0.0225701680126 0.0121981842603 0.0203501859622 0.230250248444 0.0118530091023 0.00243485171748 0.00902048372618 0.012620617478 0.0140167121844 0.0154940360197 0.0116945107626 0.0199097904904 0.0209267271851 0.0107195818318 0.0107408620844 0.00600961963346 0.00947886793565 0.0181176001403 0.0385387200987 0.00987110737258 0.00731874973413 -0.0156153810713 0.00947076250442 0.0130656642282 0.0221097754189 0.0237460113971 0.0173282502015 0.0159836913416 0.0183633991212 0.00271654391183 0.0185343190855 0.01960890429 
0.0200891974826 -0.0214828735439 0.0292562007287 -0.00637332869869 0.00506047880677 0.0217836863811 0.0217907026253 0.00569689735923 0.01020758645 0.00199331500626 0.0158192792285 0.00155288895302 0.0334530202153 0.0182965777581 0.0202746691314 0.0107604915447 0.0157997377367 0.0175061168535 0.0111857081525 0.0193151669969 0.0264529161333 0.0119330499114 0.00291763579331 0.0144542326899 0.0154012818442 0.0137096927631 0.00364362696548 0.00569993052269 0.0170212804994 0.0129866944564 -0.00389288606977 0.0118530091023 0.201597799193 0.0362196880892 0.020202792613 0.0117472578453 0.00958385880077 0.00797896511687 0.0222496220476 0.0233183241539 0.00132432015304 0.00558132439211 -0.00569948568605 0.00474859370963 -0.00182528701915 0.0203019399512 0.00978292841426 0.0070903993198 0.0221112208867 -0.0152802071361 0.0207506905995 -0.00168214975028 0.0114001870455 0.0158648210461 0.0117099636868 0.00999286181334 0.0253014259412 0.00977387486724 0.00136822057756 -0.0060785250355 
0.0403650136492 0.00340498915644 0.0172257855048 -0.0159248687614 0.0535839965263 0.0277698316224 0.00967269824533 0.0166308907011 0.0156238078286 0.0225008442756 0.0316906651771 0.0295268261298 0.0241779524779 -0.00549015064605 0.0847780093664 -0.0171532243495 0.0339495873326 0.00335188704017 -0.0142673787651 0.0221549342127 0.0165040389187 0.00730249185453 0.0461983711252 0.0272400002783 0.00389973822454 0.0343309109801 0.0156040899235 0.0569342044774 -0.00189277514102 0.0148320488124 0.00343589574498 0.00243485171748 0.0362196880892 0.372957726907 0.0132393669636 -0.00792558860649 -0.00549994295527 -0.0118957139052 0.020680067629 0.0405571116207 0.020623357661 0.0264690972233 -0.0150836573671 0.000748985803204 0.0138790411224 -0.0113139936614 0.0428527861712 0.015141072009 -0.00670904797177 0.00226515160959 0.0225924247043 0.0243237232081 0.0161028786958 0.0110237322905 0.024440528458 0.0164893321149 0.0281897270229 0.0369811287286 0.00440767323309 -0.019301161654 
0.0419317176682 0.027555911141 0.0173196920358 0.109830407675 0.0187897026072 0.0146556057832 0.00968848836698 0.0348335262569 0.0142309088657 0.0118172252988 0.0233456511892 0.0267120115354 0.0366783576669 -0.00615323745161 0.0157952701571 0.0071691015638 0.0179774027105 0.0162982098901 0.00150326485867 0.0156911294171 0.0375754654407 0.00539451699552 0.0444506293237 0.0128115246659 0.0214310587098 0.0337717677232 0.00900404238797 0.0165018866396 0.0373538047891 0.00997372797153 0.0216067488655 0.00902048372618 0.020202792613 0.0132393669636 0.189521733763 0.000414066135275 0.00741846309755 0.00554424867203 0.00622609076569 0.0225068256169 0.017960630659 0.00829611663092 0.00542422781775 0.012222076519 0.00902907176087 0.0239369800061 0.0321295089312 0.0146291232275 0.0137036893311 0.00564327125408 0.00172529704689 -0.00415196269541 0.00942778441198 -0.0052632708873 0.0239951569859 0.0203210501237 0.0053227476176 0.020037239426 0.0113132695026 0.0092837162055 
0.0040679704893 0.0202236136262 0.000734396973689 0.00222199075031 -0.0159782378373 -0.0135155686737 0.0124013174111 -0.000562169438082 0.0182313952506 -0.00513828127242 0.00843582543749 0.00427780319096 0.0142039959305 0.0492834889484 0.0149165468332 0.0199530698756 -0.000972976906279 0.00289001199693 0.0337183379957 0.00988751779859 0.0166756248105 0.00665161073708 0.0021612865612 -0.00690321416431 0.0204694953837 0.00580429202946 0.0121476680523 0.0101219976738 0.0255318255082 0.0363846107619 0.00466849394609 0.012620617478 0.0117472578454 -0.00792558860649 0.000414066135275 0.22378342487 -0.00438227626733 -0.00235847641931 0.00628888299095 0.0375355879554 0.00908726688498 0.0139773399742 0.0157656009637 0.006133180437 0.00107539667096 0.0160499664708 0.0142523439636 0.0100616896009 0.0149403014853 -0.00128907427864 0.00199871007496 0.0107877085007 0.0249126073241 0.0251602401276 -0.000841356879407 -0.00014253177112 0.00241869178262 0.0106782832696 0.00325184945281 0.0200038218536 
0.0177697898875 0.00343270314582 0.00516423747059 0.00579373006679 0.0101262838445 0.00866428463556 -0.000932250689786 0.0180486643321 -0.000950484794747 -0.000855586769775 0.00603683261961 0.00284202405887 0.0204989249572 0.00722707757212 0.0239321536145 0.0124017232789 0.0193818536996 0.0110323392505 0.00876438359894 0.0259827364961 -0.00966343126443 0.0465952186145 0.0283347582176 0.00718132506567 0.0108216974748 0.00291209404331 0.0077880325755 0.0205869214467 0.00549479128217 -0.00530029852061 0.0145662553366 0.0140167121844 0.00958385880076 -0.00549994295527 0.00741846309755 -0.00438227626733 0.241240648682 -0.00495813396412 0.00836673076472 0.0227736753449 0.0143673384129 0.023993871157 -0.00281312523689 -0.00103539708314 -0.000334768488889 0.013586017458 0.0264583278156 -0.00679510017283 0.00221267755555 0.0237616184561 -0.00264706052362 0.0187229892138 -0.00162597230123 0.00705254045523 0.00975987746363 0.0172284521591 0.0198665930705 0.0258569492765 0.0166017454976 -0.00301296990067 
0.104522415933 0.0211955313149 -0.00569327067512 -0.0162198397729 -0.015464490946 -0.00554263365082 0.00606115280543 0.0172590042045 0.00996742747337 -0.00291336507585 0.0147213559348 0.00710951165307 0.0189917780934 0.000251240169735 0.0131727982807 -0.00136673456138 0.0283412103353 0.00487454986839 -0.000994185490017 0.0196661738097 0.0123111178854 -0.000915070070965 0.00543957894025 0.00351164906908 0.00275589813878 -0.00271273600552 0.00221439398938 0.00479802826922 0.011418461579 0.00743357780627 0.0126257133619 0.0154940360197 0.00797896511687 -0.0118957139052 0.00554424867203 -0.00235847641931 -0.00495813396412 0.987390719866 0.01061615254 0.0220484299411 0.00619319189744 0.00205280176895 -0.000203062769881 0.105314277669 0.00809970274247 0.00629706879525 0.0145135685874 -0.00242205295616 -0.00117399944907 -0.00435282707425 0.0188369588188 0.0151935016025 -0.0125453661807 0.0367048231673 0.0181313262515 0.0149049694379 -0.0103938362137 0.000832748002816 0.0123532156453 -0.0222974503919 
0.0165802402713 0.0111278158153 0.00992924118537 -0.0155874431101 0.00343740948574 0.0242285643071 0.029938487156 0.00497286353633 0.0151410866236 0.0083027938091 0.0027159255864 0.0243166951457 0.0189732596987 0.0077022383011 0.031690656759 -0.000916836778662 0.00391786000564 0.0197400437454 0.0176553812842 0.0255341169032 0.0109952840616 0.00995802592733 0.00692042211238 0.00567806725127 0.0243797592045 0.0308381665462 0.0344842953441 0.0109712365649 0.000146245589251 -0.00778251444453 0.0201190754047 0.0116945107626 0.0222496220476 0.020680067629 0.00622609076569 0.00628888299095 0.00836673076472 0.01061615254 0.178056190518 0.0138910699903 0.021877425924 0.000484264270465 -0.00681558656214 0.0163018412043 0.00145063499077 0.00890401266748 0.0185341270567 -0.00413127993635 0.00425098957623 0.00376510493782 0.0277930902582 0.0261323513297 0.00181433629132 0.0164628817379 0.0533230388256 0.0144734706141 0.0218412328595 0.0161946817875 0.0101106418444 0.0140491961699 
