20
0.135299445153 0.22311845274 0.0708595176859 0.119859861498 0.02473804396 0.066200000993 0.0184249616408 0.0353466838873 0.065735385914 0.0991765707177 0.0610020106181 0.118814959333 0.0273717205438 0.0180781461794 0.090319564185 0.0352458247454 0.112290577846 0.0162851568228 0.0442487549982 0.104005811155 
0.525438859399 0.0413449267995 0.013351323914 0.0297414738248 0.0260605009079 0.00950443068545 0.0224128225909 -0.00370707827297 0.00771586590915 0.0569741327608 0.0635024482577 0.0455286977029 0.0338443970121 0.00179948842222 0.00873847567961 0.00444647529606 0.215305974562 0.0303425247423 -0.000155521037852 0.0160394898602 
0.0413449267995 0.909441684371 -0.0282645981752 0.12282039394 0.00226294251035 0.00658832759396 0.0239674504514 0.0148992533292 0.0424288247604 3.35160130956e-05 0.0662065180854 0.0537458306026 0.0507436673082 0.0180006194408 0.0322749584947 0.0457454168224 0.0653848553293 0.0264305950466 0.0688020560747 0.0585301649308 
0.013351323914 -0.0282645981752 0.409810592518 0.0203181580379 0.00936136087677 0.00781820607625 0.0185380395901 0.0199661236888 0.0147319694547 0.0183883944131 0.00829758574328 0.0104050090848 0.0171220630643 0.00864872940949 0.0212955086514 0.00711218441558 0.0102833673316 0.0167065577337 0.00789063460571 0.0258200500321 
0.0297414738248 0.12282039394 0.0203181580379 0.5235785699 0.01164813215 0.0117992517524 0.0210634567561 0.0256812394376 -0.00331222396904 0.0013290306642 0.0441319777151 0.0370084267856 0.0236111600993 0.00151746615237 0.0536373383885 0.0197453044386 0.0679991269711 0.00598900402901 0.0243337846994 0.0363041858367 
0.0260605009079 0.00226294251035 0.00936136087677 0.01164813215 0.171777945767 0.0173402823554 0.0362611888251 0.0239994768521 0.00654382445104 0.0133245418113 0.0120003701878 0.00760403769553 0.0146565529828 0.0148428089841 0.0107392224968 0.0122343745832 0.0196659655987 0.0492128839 0.000971707201693 0.0299999082913 
0.00950443068545 0.00658832759396 0.00781820607625 0.0117992517524 0.0173402823554 0.655595603598 0.0442935635945 0.0237929662053 0.0231888211947 -0.0320378186781 0.003243321168 0.00469120232688 0.0305465276714 0.0238633888322 0.045540259109 0.0134226501177 0.00887490417858 0.0490837064966 0.0197435321967 0.0140757721053 
0.0224128225909 0.0239674504514 0.0185380395901 0.0210634567561 0.0362611888251 0.0442935635945 0.177341502304 0.0574585556176 0.0243649273892 0.0122251757747 0.0120264008597 0.0189734170654 0.0239859461671 0.0153345478542 0.0341358639627 0.0358721964811 0.0268849093293 0.0285808212376 0.025956171303 0.0254619622645 
-0.00370707827297 0.0148992533292 0.0199661236888 0.0256812394376 0.0239994768521 0.0237929662053 0.0574585556176 0.273683108556 0.0195232942799 0.0107482868343 0.0123165213263 0.0236680732924 -0.00145394011872 0.0124976416134 0.0294161856298 0.0165782057325 0.0214792695363 0.0103724292012 0.0132616617208 0.0362073773106 
0.00771586590915 0.0424288247604 0.0147319694547 -0.00331222396904 0.00654382445104 0.0231888211947 0.0243649273892 0.0195232942799 0.434332585074 0.00826269710105 0.0576777261202 0.0469494056284 0.0269064676039 0.0136359077778 0.0232759673587 0.0101589735038 0.0282311638035 -0.00106986912302 -0.00208508803107 0.0681659245619 
0.0569741327608 3.35160130954e-05 0.0183883944131 0.0013290306642 0.0133245418113 -0.0320378186781 0.0122251757747 0.0107482868343 0.00826269710105 0.636744050852 0.0669100629271 0.0310135970215 0.00789028631131 -0.00824226988931 0.0102125999942 0.00545837131989 -0.00427768612727 0.00934422066469 0.0159612261705 -0.00659006792858 
0.0635024482577 0.0662065180854 0.00829758574328 0.0441319777151 0.0120003701878 0.003243321168 0.0120264008597 0.0123165213263 0.0576777261202 0.0669100629271 0.413555853955 0.0361767430916 0.0121646777935 0.0106369168079 0.0212606406653 0.00994838373092 0.032285730706 0.0068615723002 -0.000182743595023 0.0262583604494 
0.0455286977029 0.0537458306026 0.0104050090848 0.0370084267856 0.00760403769553 0.00469120232688 0.0189734170654 0.0236680732924 0.0469494056284 0.0310135970215 0.0361767430916 0.510538800575 -0.0008906172664 0.0050085264797 0.0208906675446 0.0189166519721 0.0347191487251 0.0245892334512 0.019953587461 0.0346226084606 
0.0338443970121 0.0507436673082 0.0171220630643 0.0236111600993 0.0146565529828 0.0305465276714 0.0239859461671 -0.00145394011872 0.0269064676039 0.00789028631131 0.0121646777935 -0.0008906172664 0.243153450184 0.00396640027015 0.0251734914286 0.016759815559 0.0302626821787 0.0103378706217 0.0170275284937 0.0280907764143 
0.00179948842222 0.0180006194408 0.00864872940949 0.00151746615237 0.0148428089841 0.0238633888322 0.0153345478542 0.0124976416134 0.0136359077778 -0.00824226988931 0.0106369168079 0.0050085264797 0.00396640027015 0.254182487822 0.0145262043174 0.018470738681 0.00774897590716 0.0106837507068 0.00114837055224 0.0108053998084 
0.00873847567961 0.0322749584947 0.0212955086514 0.0536373383885 0.0107392224968 0.045540259109 0.0341358639627 0.0294161856298 0.0232759673587 0.0102125999942 0.0212606406653 0.0208906675446 0.0251734914286 0.0145262043174 0.613520197716 0.0147775897805 0.0354767341127 0.0157363152792 0.0129059575136 0.065082322923 
0.00444647529606 0.0457454168224 0.00711218441558 0.0197453044386 0.0122343745832 0.0134226501177 0.0358721964811 0.0165782057325 0.0101589735038 0.00545837131989 0.00994838373092 0.0189166519721 0.016759815559 0.018470738681 0.0147775897805 0.226117634888 0.0187333127885 0.0174374996293 0.0222578218685 0.0205970397618 
0.215305974562 0.0653848553293 0.0102833673316 0.0679991269711 0.0196659655987 0.00887490417858 0.0268849093293 0.0214792695363 0.0282311638035 -0.00427768612727 0.032285730706 0.0347191487251 0.0302626821787 0.00774897590716 0.0354767341127 0.0187333127885 0.467182084741 0.0292575502956 0.0177550767566 0.0489338461138 
0.0303425247423 0.0264305950466 0.0167065577337 0.00598900402901 0.0492128839 0.0490837064966 0.0285808212376 0.0103724292012 -0.00106986912302 0.00934422066469 0.0068615723002 0.0245892334512 0.0103378706217 0.0106837507068 0.0157363152792 0.0174374996293 0.0292575502956 0.160560112256 0.0163708385912 0.0110683157975 
-0.000155521037852 0.0688020560747 0.00789063460571 0.0243337846994 0.000971707201693 0.0197435321967 0.025956171303 0.0132616617208 -0.00208508803107 0.0159612261705 -0.000182743595023 0.019953587461 0.0170275284937 0.00114837055224 0.0129059575136 0.0222578218685 0.0177550767566 0.0163708385912 0.279136611964 0.016575734766 
0.0160394898602 0.0585301649308 0.0258200500321 0.0363041858367 0.0299999082913 0.0140757721053 0.0254619622645 0.0362073773106 0.0681659245619 -0.00659006792858 0.0262583604494 0.0346226084606 0.0280907764143 0.0108053998084 0.065082322923 0.0205970397618 0.0489338461138 0.0110683157975 0.016575734766 0.533242250444 

['BJS', 'AMD', 'CMX', 'CTXS', 'XEL', 'AVP', 'HBAN', 'RF', 'BDX', 'MYL', 'CMVT', 'SUNW', 'TYC', 'RRD', 'DRI', 'FII', 'NE', 'AEP', 'DIS', 'BBY']