30
0.0604038345904 0.239728898705 0.0791308905459 0.0289058353667 0.112290577846 0.0766878163077 0.0394797478448 0.15717092416 0.0486959213786 0.0299059053764 0.0952881581377 0.0335346879574 0.0210054402465 0.132143501856 0.110625092132 0.146363775453 0.123926899062 0.105459344027 0.0610020106181 0.0878126089614 0.0357111585815 0.0800378705657 0.0220926651793 0.0377827405953 0.0466521206007 0.0597094198611 0.0540864966038 0.0280903462606 0.0870342926162 0.275379497042 
0.283138461828 0.027843668967 0.0277293892709 0.0165343625738 0.040471109449 0.0617219776046 0.0204446732748 0.0485295385596 0.0278742469167 0.026632610353 0.0367581668493 0.00726860062091 -0.000570359058045 0.0221002967863 0.0362959743323 0.00802260320162 0.00241146837895 0.0457201604579 0.000229919890167 0.0290855727192 0.0211764660684 0.0405939429504 0.0222542258915 0.0223206823793 0.0160895032697 0.00785530826579 0.0097043257348 0.0120362721837 0.0423075389301 -0.0129259064906 
0.027843668967 0.86465645162 0.0230791868229 0.0470804288123 0.0805337273 0.137358786066 0.0858306524606 0.111353056238 0.0413932873248 0.00602789296809 0.0997140428324 0.00698577634975 0.00734406594535 0.0872723407763 0.0713397518774 0.0201756010669 0.0186443817203 0.0512726683285 0.0705467095996 0.0968697961974 0.0486304516236 0.0686132749081 0.0184669230981 0.0183774609666 0.0166689427032 0.0354432452483 0.0596874028995 0.0303810815554 0.0987994237444 -0.0191304954617 
0.0277293892709 0.0230791868229 0.62035197716 0.00267152782187 0.0141368051711 0.0150899450021 -0.00209628690295 1.99837479949e-05 0.00568072448194 -0.000173379821359 0.0330219844601 0.0183150328718 0.00975687731882 0.0315786509156 0.00244838793344 -0.0113160009821 0.0585985912082 0.0168861277292 0.0211273865669 0.0172951719577 0.008333572628 -0.00815572177389 0.00744292183115 0.00113202351009 0.00714694915536 -0.00198562955833 -0.00832436483895 0.027441785029 0.0059178918271 -0.00331551486838 
0.0165343625738 0.0470804288123 0.00267152782187 0.233838627345 0.0385148847143 0.0293022761672 0.0145676715864 0.0337180209062 0.0403784036923 0.0414685030081 0.0323316845756 0.0097624297165 0.0101480686899 0.022396993782 0.0250106375812 0.00369239806098 0.0250253771218 -0.00786216868734 0.00990393746383 0.0356154274804 0.0293401228628 0.0192899941311 0.00730079831816 0.0171192069606 0.0323732866681 0.00999593313945 0.0079077961477 0.0250945187605 0.0310152057351 -0.00924133470462 
0.040471109449 0.0805337273 0.0141368051711 0.0385148847143 0.458316687102 0.0494173925758 0.0224694231783 0.045764083249 0.0234903166172 0.00888500468643 0.0646010667393 0.0151282686473 -0.00460340619665 0.194467509794 0.0550188794422 0.0158048797629 0.0334021870123 0.00792285734414 0.0334317557253 0.0490595249762 0.0205788642113 0.0160811604275 0.0234268743597 0.0345379783225 0.0388717914132 0.0203420568138 0.0205717544869 -0.0162945861313 0.0595721487577 -0.0120190058539 
0.0617219776046 0.137358786066 0.0150899450021 0.0293022761672 0.0494173925758 0.427524124453 0.0239147624022 0.0781226326568 0.034810471207 0.0168699965403 0.0579445582383 0.0256763579545 0.0155197039659 0.0289719438755 0.0491344142617 0.00968660575123 0.00469071144856 0.0498625706615 0.0350192109091 0.120826820926 0.0222962955224 0.0391929528292 0.00414176789075 0.0224253666732 0.00851772616236 0.021569653912 0.0173156313645 0.0329145926061 0.0480572566902 -0.00805470623582 
0.0204446732748 0.0858306524606 -0.00209628690295 0.0145676715864 0.0224694231783 0.0239147624022 0.324459857763 0.021337324693 0.0381805335705 0.0101356381297 0.0195462212434 0.00274728003919 0.00920987016082 0.0147096804237 -0.00506967505898 0.0219730112094 0.0179816386068 0.0316802455437 -0.00465843320783 0.0284716649269 0.0297530554631 0.0161181204649 0.0259624333376 0.018515668059 0.00966457417803 0.0382721530728 0.00887767192131 0.00938880642074 0.045711580759 0.000316386123501 
0.0485295385596 0.111353056238 1.99837479956e-05 0.0337180209062 0.045764083249 0.0781226326568 0.021337324693 0.619528369727 0.0307372591072 0.0408481815102 0.0632378098356 0.0209324381097 0.000306639144918 0.0283647123948 0.0604883150778 -0.002552969591 -0.00337479511693 0.043982521372 0.0317202290563 0.0488921613598 0.0174136830895 0.0613460726974 0.00554533378779 0.00523293525317 0.000438721279388 0.00324583335293 0.0158764496512 0.036235380187 0.0719239136193 -0.0310789281707 
0.0278742469167 0.0413932873248 0.00568072448194 0.0403784036923 0.0234903166172 0.034810471207 0.0381805335705 0.0307372591072 0.214183562978 0.013848405545 0.0517571901523 0.0126356622574 0.00734542710174 0.0146224684635 0.0368375426242 0.013247875728 0.0271700856025 0.0274614877784 0.025281603135 0.0288966310578 0.0345503674778 0.0211868627618 0.012386751014 0.0189165135053 0.0198221710103 0.0162531147171 0.0201963322868 0.0516289642589 0.0179263907761 0.00241783241747 
0.026632610353 0.00602789296809 -0.000173379821359 0.0414685030081 0.00888500468643 0.0168699965403 0.0101356381297 0.0408481815102 0.013848405545 0.260737224184 0.0474129108043 0.00794318548462 0.0144495403211 -0.000814419599919 -0.0121293830102 0.0188514836964 0.0824532620766 0.0050589065506 0.0119857186251 0.0136471895912 0.0460292865209 0.00678568570315 0.0117597389177 0.0142362498318 0.011851368903 0.0134413142032 0.0150774092894 0.0307436672584 0.00793513061647 0.0145769812397 
0.0367581668492 0.0997140428324 0.0330219844601 0.0323316845756 0.0646010667393 0.0579445582383 0.0195462212434 0.0632378098356 0.0517571901523 0.0474129108043 0.558163325628 0.0169900667254 0.00517437206571 0.0591124984316 0.0511058050614 0.0190810631658 0.0455485701186 0.0706087792644 0.0154289008528 0.0108336999447 0.0299013053788 0.0240864652007 0.0173307952941 0.0521410475198 0.0222642763685 0.0534334010026 0.0311112808107 0.0394877684019 0.0479460774332 0.0099692136825 
0.00726860062091 0.00698577634975 0.0183150328718 0.0097624297165 0.0151282686473 0.0256763579545 0.00274728003919 0.0209324381097 0.0126356622574 0.00794318548462 0.0169900667254 0.239491145106 0.0109390633585 -0.00299326354794 0.0122879213999 0.0119723499214 -0.0163381314017 0.0135667015056 0.0110531112886 -0.012630591042 0.00823976521201 -0.00482429320714 0.0214059203638 0.00715377670855 0.0336419558238 0.0351664383084 0.0130120182885 0.00873604919238 0.01319320367 -0.00743400608472 
-0.000570359058053 0.00734406594535 0.00975687731882 0.0101480686899 -0.00460340619665 0.0155197039659 0.00920987016082 0.000306639144919 0.00734542710173 0.0144495403211 0.00517437206571 0.0109390633585 0.13650023295 0.000604053820701 0.00230803597719 0.0036604856281 -0.00564495340675 0.00494073570456 0.00999906273471 -0.00243162022657 0.00550389935977 -0.00145610437301 0.0127334023021 0.0117964924611 0.0132950346493 0.0103994555751 0.000216595030492 0.0202445787281 -0.000236157060368 0.00106320975257 
0.0221002967863 0.0872723407763 0.0315786509156 0.022396993782 0.194467509794 0.0289719438755 0.0147096804237 0.0283647123948 0.0146224684635 -0.000814419599919 0.0591124984316 -0.00299326354794 0.000604053820698 0.455069338576 0.0176593310524 0.0232656300058 0.0489227142995 -0.00482061572703 0.0387444170864 0.00380020634745 0.0113447256366 0.00960684195051 0.0190887380368 0.025539821433 0.0284219409166 0.0145994938826 0.0182423865017 -0.0190812050491 0.0296683828816 -0.0177545668689 
0.0362959743323 0.0713397518774 0.00244838793344 0.0250106375812 0.0550188794422 0.0491344142617 -0.00506967505898 0.0604883150778 0.0368375426242 -0.0121293830102 0.0511058050614 0.0122879213999 0.00230803597719 0.0176593310524 0.577166641 0.00338570209149 0.0165982967551 0.0154954103756 0.0164907825776 0.0377139796213 0.00898366155438 0.00322784651928 0.00747494720414 0.00754659868224 -0.0012336211851 0.0407236389647 0.0142880483769 0.0463133715194 0.0283498111269 -0.00923813786567 
0.00802260320162 0.0201756010669 -0.0113160009821 0.00369239806098 0.0158048797629 0.00968660575123 0.0219730112094 -0.002552969591 0.013247875728 0.0188514836964 0.0190810631658 0.0119723499214 0.0036604856281 0.0232656300058 0.0033857020915 0.98312757353 -0.00766538563224 0.0113203257745 0.0123724081887 0.00568371101027 0.0453266495612 -0.000387480979268 0.0258734048892 0.0106289157469 0.0217943300192 0.0128949939441 0.0130745198097 0.00707935942096 0.0342970545694 -0.00180978645588 
0.00241146837894 0.0186443817203 0.0585985912082 0.0250253771218 0.0334021870123 0.00469071144856 0.0179816386068 -0.00337479511693 0.0271700856025 0.0824532620766 0.0455485701186 -0.0163381314017 -0.00564495340675 0.0489227142995 0.0165982967551 -0.00766538563225 0.903191044226 0.000804355270904 0.00830083847997 0.0128543499253 0.00291599102675 0.0248382792636 -0.0164374738505 0.00566566241928 0.0094971325835 -0.00784134674937 0.0161649117987 0.0157922402869 0.0364961930711 -0.00182890094311 
0.0457201604579 0.0512726683285 0.0168861277292 -0.00786216868734 0.00792285734414 0.0498625706615 0.0316802455437 0.043982521372 0.0274614877784 0.0050589065506 0.0706087792644 0.0135667015056 0.00494073570456 -0.00482061572703 0.0154954103756 0.0113203257745 0.000804355270924 0.748724559508 0.0134803758496 0.0336459140817 0.0466493665305 0.0293945785713 0.00202678570602 0.0146953480264 0.001739881235 0.0539752420631 0.00975371478857 0.024692390787 0.0356299989248 -0.0139807798306 
0.000229919890167 0.0705467095996 0.0211273865669 0.00990393746383 0.0334317557253 0.0350192109091 -0.00465843320783 0.0317202290563 0.025281603135 0.0119857186251 0.0154289008528 0.0110531112886 0.00999906273471 0.0387444170864 0.0164907825776 0.0123724081887 0.00830083847997 0.0134803758496 0.419022643477 0.0502299398171 0.0243994178472 0.00708958430995 0.0147889340013 0.0127825221815 0.00270209334695 0.0260666545861 0.0102967833099 0.0158636154626 0.0252760925821 -0.022092500529 
0.0290855727192 0.0968697961974 0.0172951719577 0.0356154274804 0.0490595249762 0.120826820926 0.0284716649269 0.0488921613598 0.0288966310578 0.0136471895912 0.0108336999447 -0.012630591042 -0.00243162022657 0.00380020634745 0.0377139796213 0.00568371101027 0.0128543499253 0.0336459140817 0.0502299398171 0.457066029969 0.0171131383348 0.0621033295569 0.00432673393663 0.018787016621 -0.0044603537728 0.00791172400988 0.0146605817494 0.0236598510343 0.0374716527479 -0.0245338858495 
0.0211764660684 0.0486304516236 0.008333572628 0.0293401228628 0.0205788642113 0.0222962955224 0.0297530554631 0.0174136830895 0.0345503674778 0.0460292865209 0.0299013053788 0.00823976521201 0.00550389935976 0.0113447256366 0.00898366155438 0.0453266495612 0.00291599102676 0.0466493665305 0.0243994178472 0.0171131383348 0.295804330954 0.0166567054366 0.0144891116219 0.00579237644605 0.0141008493431 0.027348116522 0.0270531945521 0.00718591061043 0.0271479170237 -0.0280069828012 
0.0405939429504 0.0686132749081 -0.00815572177389 0.0192899941311 0.0160811604275 0.0391929528292 0.0161181204649 0.0613460726974 0.0211868627618 0.00678568570315 0.0240864652007 -0.00482429320714 -0.00145610437301 0.00960684195051 0.00322784651928 -0.00038748097927 0.0248382792636 0.0293945785713 0.00708958430995 0.0621033295569 0.0166567054366 0.346337995039 -0.00332159726902 -0.00284003471479 0.0138230379543 -0.00783037132743 -0.00287653023825 0.0168616382902 0.136551544827 -0.0133786085985 
0.0222542258915 0.0184669230981 0.00744292183115 0.00730079831816 0.0234268743597 0.00414176789075 0.0259624333376 0.00554533378779 0.012386751014 0.0117597389177 0.0173307952941 0.0214059203638 0.0127334023021 0.0190887380368 0.00747494720414 0.0258734048892 -0.0164374738505 0.00202678570602 0.0147889340013 0.00432673393663 0.0144891116219 -0.00332159726902 0.233438999333 0.0197842578907 0.0581403109001 0.015968670547 0.0188285978616 0.000275726741435 0.00332943630212 0.00864525135014 
0.0223206823793 0.0183774609666 0.0011320235101 0.0171192069606 0.0345379783225 0.0224253666732 0.018515668059 0.00523293525318 0.0189165135053 0.0142362498318 0.0521410475198 0.00715377670855 0.0117964924611 0.025539821433 0.00754659868224 0.0106289157469 0.00566566241928 0.0146953480264 0.0127825221815 0.018787016621 0.00579237644605 -0.00284003471479 0.0197842578907 0.332629886968 0.0314443928143 0.00433112890289 0.0164283071665 0.0251063473553 -0.00180184473955 -0.00970862588374 
0.0160895032697 0.0166689427032 0.00714694915536 0.0323732866681 0.0388717914132 0.00851772616236 0.00966457417803 0.000438721279388 0.0198221710103 0.011851368903 0.0222642763685 0.0336419558238 0.0132950346493 0.0284219409166 -0.0012336211851 0.0217943300192 0.0094971325835 0.001739881235 0.00270209334695 -0.0044603537728 0.0141008493431 0.0138230379543 0.0581403109001 0.0314443928143 0.259585459783 0.00987096476977 0.0225515335963 0.0253341538215 0.0161646472426 0.00184633653932 
0.00785530826579 0.0354432452483 -0.00198562955833 0.00999593313945 0.0203420568138 0.021569653912 0.0382721530728 0.00324583335293 0.0162531147171 0.0134413142032 0.0534334010026 0.0351664383084 0.0103994555751 0.0145994938826 0.0407236389647 0.0128949939441 -0.00784134674937 0.0539752420631 0.0260666545861 0.00791172400988 0.027348116522 -0.00783037132743 0.015968670547 0.00433112890289 0.00987096476977 0.397331062385 0.00470995636912 0.0193936300163 0.0151317086105 -0.0136735991248 
0.0097043257348 0.0596874028995 -0.00832436483895 0.0079077961477 0.0205717544869 0.0173156313645 0.00887767192131 0.0158764496512 0.0201963322868 0.0150774092894 0.0311112808107 0.0130120182885 0.000216595030493 0.0182423865017 0.0142880483769 0.0130745198097 0.0161649117987 0.00975371478857 0.0102967833099 0.0146605817494 0.0270531945521 -0.00287653023825 0.0188285978616 0.0164283071665 0.0225515335963 0.00470995636912 0.393389015083 0.0159435695236 0.010857599884 -0.00748131322377 
0.0120362721837 0.0303810815554 0.027441785029 0.0250945187605 -0.0162945861313 0.0329145926061 0.00938880642074 0.036235380187 0.0516289642589 0.0307436672584 0.0394877684019 0.00873604919238 0.0202445787281 -0.0190812050492 0.0463133715194 0.00707935942095 0.0157922402869 0.024692390787 0.0158636154626 0.0236598510343 0.00718591061043 0.0168616382902 0.000275726741434 0.0251063473553 0.0253341538215 0.0193936300163 0.0159435695236 0.255442707031 0.0155120923621 -0.00563177346424 
0.0423075389301 0.0987994237444 0.0059178918271 0.0310152057351 0.0595721487577 0.0480572566902 0.045711580759 0.0719239136193 0.0179263907761 0.00793513061647 0.0479460774332 0.01319320367 -0.000236157060369 0.0296683828816 0.0283498111269 0.0342970545694 0.0364961930711 0.0356299989248 0.0252760925821 0.0374716527479 0.0271479170237 0.136551544827 0.00332943630212 -0.00180184473955 0.0161646472426 0.0151317086105 0.010857599884 0.0155120923621 0.361538784759 -0.00470231540741 
-0.0129259064906 -0.0191304954617 -0.00331551486838 -0.00924133470462 -0.0120190058539 -0.00805470623582 0.000316386123501 -0.0310789281707 0.00241783241747 0.0145769812397 0.0099692136825 -0.00743400608472 0.00106320975257 -0.0177545668689 -0.00923813786567 -0.00180978645588 -0.00182890094311 -0.0139807798306 -0.022092500529 -0.0245338858495 -0.0280069828012 -0.0133786085985 0.00864525135014 -0.00970862588374 0.00184633653932 -0.0136735991248 -0.00748131322377 -0.00563177346424 -0.00470231540741 4.09521930804 

['ROK', 'NVDA', 'UVN', 'STA', 'NE', 'KLAC', 'ITT', 'GLW', 'JPM', 'XL', 'PHM', 'BAX', 'PEP', 'WFT', 'JNS', 'HUM', 'CSC', 'TEK', 'CMVT', 'NVLS', 'HET', 'NSC', 'CMS', 'PGL', 'EXC', 'CPWR', 'GENZ', 'FITB', 'BNI', 'RSH']