40
0.143584613331 0.0794924924591 0.0690415105338 0.023015295127 0.044891801276 0.074230100705 0.200970993098 0.0388241127613 0.0418020448473 0.0449680709256 0.0623593213805 0.162626926374 0.166074759161 0.0538205376978 0.0733521468466 0.0852779749864 0.0218855159469 0.185879968849 0.0486003975036 0.0267221777707 0.0282353637115 0.0373994541978 0.0266042550295 0.208286894217 0.0589662330248 0.0261881624723 0.0268988212896 0.0800378705657 0.0325349378307 0.0754225878746 0.0861911318708 0.0155341374053 0.0161403943775 0.0363496030559 0.192324736986 0.0211692002509 0.0623322546876 0.0743441041655 0.0538734886168 0.0545718905582 
0.545371099986 0.0181135093114 0.0203097455144 0.00932021746388 0.0381266276 0.0994908108199 0.00108613752272 0.00757795082193 0.0294271239984 0.0109326427308 0.0324884961956 0.0529933598747 0.0890079040454 0.00729355025786 0.0255130211336 0.0106676491453 0.00283626471533 0.0898880373968 0.0106500103928 0.0476197306055 0.00949567686013 0.0174382477419 -0.00180413802842 -0.011428546496 -0.0048951629684 0.0150030776886 -0.0137698172434 -0.00439524227756 0.0159323442978 0.0081653427509 0.0362633141936 0.0117540945557 0.00851570713085 0.00670490100313 0.158611750732 0.0351026374207 0.00220861769301 -0.00720694002448 0.00374906265134 0.0455586462939 
0.0181135093114 0.336914846817 0.0397994508359 0.0125243160952 0.0221520583004 0.0394074152191 0.0178945172292 0.0305384256316 0.0361364008225 0.0179249662795 0.0034724078623 0.00326122840788 0.0116939508659 0.0240184322288 0.0289613677668 0.0456007173457 0.00605060106313 0.0324436381265 0.0257538467228 0.0115147595032 0.0170765177806 0.0200851374493 0.0193303313678 0.0156457956906 0.0452928550596 0.0157451060164 0.0210207688184 0.0151381641718 0.00563685193168 0.0141794712987 0.0384233768638 0.0181854115626 0.0156750730716 0.0318476383041 0.0404210933162 0.0140866925012 0.0159972286778 0.060680265038 0.0281598434335 0.0278767384344 
0.0203097455144 0.0397994508359 0.434658341641 0.0167365401616 0.0238979537386 0.0506460796416 0.000848672338034 0.0128621276735 0.0361507607602 0.00688443910377 0.0285846328922 0.018057414422 0.0423509493398 0.0113238648082 0.00833446988139 0.00789243195942 -0.00167391806831 0.0529407102366 0.0193676135732 0.0239783314787 0.0232139110472 0.0203444426081 0.0364924445612 0.0179138087723 0.0379070228303 0.0228586198975 0.0153833845561 0.0710165993751 0.0244532879369 0.0142110249288 0.0492464403344 0.0107908655262 0.0301560825798 0.0264935264725 0.0398443179926 0.0116019548527 0.0143073437329 0.0111796465647 0.0216124397621 0.0200326203035 
0.00932021746388 0.0125243160952 0.0167365401616 0.139781316877 0.0116423254077 0.0286694895355 0.00386035587974 0.0212966872509 0.0131130045186 0.0164529156291 0.0232422155943 0.00893962277162 0.0208439628505 0.0386508342319 0.038491281388 0.0158912702536 0.0103121747166 0.0213588798739 0.00598047826172 0.0173844856862 0.0400283833738 0.0243137306487 0.0187199439071 0.00986083551251 0.0137357801166 0.0128253931601 0.0103590895382 0.00883524035652 0.0113212052561 0.0221123824692 0.00230876131767 0.019774786213 0.00757887374954 0.0161034916768 0.0254653137502 0.0141184146432 -0.0141387977312 0.0117582179131 -0.00457192166081 0.00927778395071 
0.0381266276 0.0221520583004 0.0238979537386 0.0116423254077 0.330958309956 0.0542540744874 0.0045593097275 0.0287072958801 0.011883463619 0.0136570280728 0.028437077418 0.0515466968607 0.052352219116 0.0163602435182 0.00437115852456 0.0266371292799 0.00403291499345 0.0471622014411 0.00650365042843 0.0302551105932 0.0152856540803 0.038095513165 0.0249013897555 0.0240547501234 0.0178421257335 0.0228146194191 0.0115254432335 0.0171414393151 0.0180125922481 0.0239819453277 0.012682972968 0.00324527741868 0.0144670405776 0.0335212859087 0.0225258393603 0.0199687588078 0.00292823832222 0.0271325516914 0.0245921405133 0.00716013361946 
0.0994908108199 0.0394074152191 0.0506460796416 0.0286694895355 0.0542540744874 0.486638296856 0.0217825980491 0.0353395470892 0.0600160517159 0.0225739329917 0.0581185119651 0.000677936985162 0.0709598484179 0.0584465446282 0.0271578025551 0.0295023213571 0.00824102431845 0.0672045135074 0.0203075476335 0.0373424294911 0.0380832349199 0.0510608406649 0.0356614546535 0.064009276228 0.044218069646 0.0343011693181 0.0257100212766 0.015439604765 0.0205744068823 0.0342671838465 0.0531839502641 0.0113133240531 0.0108908810096 0.0226736229787 0.0729826885511 0.011616354984 0.0267096234169 0.091154442121 0.042203041111 0.0162495500402 
0.00108613752272 0.0178945172292 0.000848672338034 0.00386035587974 0.0045593097275 0.0217825980491 0.926667901917 0.0194876039683 0.0161793573133 0.00515069537268 0.016812335008 0.0192628494407 0.016548650293 -0.0121580695407 0.00707207074877 0.0145385234211 0.0064892290783 0.0436794804379 -0.00610439962832 0.0171799310739 0.0155791528956 -0.00115294581484 0.0140734002929 0.00593933788638 0.0115732758677 0.0268234599398 0.00311509010928 0.0317449980913 0.0318383738064 0.0665777599458 0.0177567118581 0.0040993644649 -0.0056786966953 0.0253552390087 0.0102708664111 0.0358128436454 -0.000885726624547 -0.0111010159606 -0.00242801998878 0.00572903477847 
0.00757795082193 0.0305384256316 0.0128621276735 0.0212966872509 0.0287072958801 0.0353395470892 0.0194876039683 0.187173099983 0.0196571394378 0.00152585403098 0.0189149410943 -0.00530624677946 0.0162679301562 0.0212441663572 0.00932540967782 0.0253749622742 0.00353273867061 0.0213962459853 0.0108884688348 0.0123034960396 0.0278757030519 0.0158592828462 0.0121284814235 0.0156199820836 0.00992856883116 0.0214787653471 -0.00429391112909 0.00697910126734 0.00254431760626 0.0362774405861 0.0217325922845 0.00707086644895 0.000548219589037 0.0131634241585 0.0250318834142 0.00548958102732 0.0107576636667 0.0287833642889 0.0178665142517 0.0018153333078 
0.0294271239984 0.0361364008225 0.0361507607602 0.0131130045186 0.011883463619 0.0600160517159 0.0161793573133 0.0196571394378 0.246813231091 0.027742856595 0.0258370163787 0.0159651305859 0.0314817965719 0.0205015697953 0.00818398370099 0.0226213318474 0.00335893686005 0.0439309323654 0.018829431083 0.0284652554192 0.0108532084582 0.0244351176323 0.0260157701262 0.011516028732 0.0187531661249 0.00937785128975 0.0129822724164 0.0253918352697 0.017704867172 0.00416319967833 0.0277912037211 -0.00757699935115 0.00142575751726 0.0100459512184 0.0536077124094 0.0227558640912 -0.0334400200217 0.0182818359201 0.0256449804272 0.0279494129982 
0.0109326427308 0.0179249662795 0.00688443910377 0.0164529156291 0.0136570280728 0.0225739329917 0.00515069537268 0.00152585403098 0.027742856595 0.194758350689 0.00377775625475 0.00574992576835 0.0223349204455 0.0191548484892 0.019828336644 0.0412323385955 0.00906744674417 0.0271253638046 -0.000357483178866 0.0264726510318 0.0155722209172 0.0257443943744 0.00775060043451 0.00644801987091 0.0153414230418 0.0168272498052 0.00731064101246 0.0157908924567 -0.0013960620624 0.00927262906009 0.00540280788439 0.00688965507573 0.0142250241598 0.00961397881886 0.0241463450684 0.00966231485742 0.0104465403451 0.016666967604 0.0114768795322 0.0247418391054 
0.0324884961956 0.0034724078623 0.0285846328922 0.0232422155943 0.028437077418 0.0581185119651 0.016812335008 0.0189149410943 0.0258370163787 0.00377775625475 0.329832363029 0.0547322447328 0.0383235683458 0.0238440011541 0.0355267715092 0.0319304721906 0.00494751630399 0.0497464962333 0.00029294329745 0.0156971078266 0.0161663279198 0.0454451003366 0.0400603317724 0.0102730648612 0.0232296150928 0.0185602945259 0.00781677849395 0.0402038454096 0.00554498694459 0.0319228127491 0.00329289021302 0.00938433338368 -0.00703338420255 0.0179785960677 0.0741921901026 0.0148205605499 0.0083351809793 0.0148500844155 0.0317155594352 -0.00211784304657 
0.0529933598747 0.00326122840788 0.018057414422 0.00893962277162 0.0515466968607 0.000677936985162 0.0192628494407 -0.00530624677946 0.0159651305859 0.00574992576835 0.0547322447328 1.12562622774 0.0262131440502 -0.000500262184111 0.0181620707267 0.0102924709762 -0.00173016013873 0.0456186364841 0.0165748629633 0.037653533445 0.0061320264567 0.0126836678428 0.00907566262193 0.00887346801319 0.00177858305443 0.00143792174911 0.0033417626767 0.017461921824 -0.0020480595163 -0.00658814771785 0.00901558946489 -0.00509616340295 0.00489600821725 0.0109789620357 0.0167028170691 0.018558441943 -0.0112627387302 0.00903888416043 0.00135993595067 0.046701363284 
0.0890079040454 0.0116939508659 0.0423509493398 0.0208439628505 0.052352219116 0.0709598484179 0.016548650293 0.0162679301562 0.0314817965719 0.0223349204455 0.0383235683458 0.0262131440502 0.46013743204 0.022152604837 0.0279241332566 0.0475254411708 0.0206947663231 0.198260862463 0.0102886552662 0.0304356670617 0.0125971134962 0.038361057834 0.0215069602246 -0.0136220899176 0.0297468612142 0.00967439970743 0.0142609200745 0.0592986735206 0.0389562119031 0.00275866058747 0.0462303389824 0.0127816305849 0.011331600266 0.0111128910207 0.152745470477 -0.0142692233049 -0.000985642767123 0.0168139071372 0.0358343553774 0.00938312168252 
0.00729355025786 0.0240184322288 0.0113238648082 0.0386508342319 0.0163602435182 0.0584465446282 -0.0121580695407 0.0212441663572 0.0205015697953 0.0191548484892 0.0238440011541 -0.000500262184111 0.022152604837 0.287223635088 0.0313858042791 0.018882564168 0.0154539779554 0.00414354899796 0.0143253165617 0.0374341708124 0.0363757796831 0.0311824241323 0.0271498409041 0.0659741428835 0.0103218850254 0.0165979684428 0.00141489289294 0.0248660307476 0.0252774162934 0.0529265354109 0.0107770512304 0.0263246505687 0.00905793366272 0.0100897564623 0.0251250445916 -0.0120295059951 0.00394282260359 0.0387085439614 0.00372811541159 0.0209985738627 
0.0255130211336 0.0289613677668 0.00833446988139 0.038491281388 0.00437115852456 0.0271578025551 0.00707207074877 0.00932540967782 0.00818398370099 0.019828336644 0.0355267715092 0.0181620707267 0.0279241332566 0.0313858042791 0.426921607386 0.113115987798 0.00818981026269 0.0313404157504 -1.30100426829e-05 0.0114339498514 0.0286632222104 0.025938326616 0.00048512814303 -0.0196270879233 -0.0053408509819 0.0272698793919 -0.0243053734163 -0.00619584362248 0.0109088890851 0.0180690254935 0.00185197180362 0.0122967203179 0.022510986391 0.0196910533498 0.0299381033851 0.00342161529752 0.00260842557697 0.0177929261753 0.0140383917517 0.0173669255451 
0.0106676491453 0.0456007173457 0.00789243195942 0.0158912702536 0.0266371292799 0.0295023213571 0.0145385234211 0.0253749622742 0.0226213318474 0.0412323385955 0.0319304721906 0.0102924709762 0.0475254411708 0.018882564168 0.113115987798 0.384071014053 0.00967363723897 0.0313317473201 0.0103484144663 0.0191754076649 0.0230969373191 0.0206952299142 0.00523719709187 -0.00751725489431 0.0179149556268 0.0347997279543 0.0103254317496 0.000211345369651 0.0428260168968 0.0108661302633 0.0187352856305 0.0132991609891 0.0108446939369 0.0255917149575 0.00315562729037 0.010712853067 0.0142169118265 0.00870326308886 0.0308858369292 0.0349005827111 
0.00283626471533 0.00605060106313 -0.00167391806831 0.0103121747166 0.00403291499345 0.00824102431845 0.0064892290783 0.00353273867061 0.00335893686005 0.00906744674417 0.00494751630399 -0.00173016013873 0.0206947663231 0.0154539779554 0.00818981026269 0.00967363723897 0.1651991866 0.0102963767968 0.00562850600336 0.0197329528477 0.00899959230533 0.00943098639517 0.0102037973922 0.00597302259097 0.00560329607049 0.00812064470759 0.00505885589312 0.00262776133322 -0.00326060881445 0.0091384957892 -0.00615378238175 0.00592328221955 0.00368750851467 0.0112396942413 0.0132345198416 0.00562385115433 0.0124456938878 -0.00312595131981 0.0116629358736 0.00498328198606 
0.0898880373968 0.0324436381265 0.0529407102366 0.0213588798739 0.0471622014411 0.0672045135074 0.0436794804379 0.0213962459853 0.0439309323654 0.0271253638046 0.0497464962333 0.0456186364841 0.198260862463 0.00414354899795 0.0313404157504 0.0313317473201 0.0102963767968 0.611410255347 0.0110154884044 0.0261668725371 0.0200435285316 0.00826375565357 0.0171518562422 -0.00637883890991 0.0250126094232 0.0197844449924 0.0116853990646 0.051395812863 0.00243607530533 0.0186087555608 0.020993526264 0.00835706211095 -0.0164044187208 -0.0049229771386 0.131572085255 -0.00195890486343 0.00332700494439 0.0217638501615 0.0216518169323 0.0283562136108 
0.0106500103928 0.0257538467228 0.0193676135732 0.00598047826172 0.00650365042843 0.0203075476335 -0.00610439962832 0.0108884688348 0.018829431083 -0.000357483178866 0.00029294329745 0.0165748629633 0.0102886552662 0.0143253165617 -1.30100426831e-05 0.0103484144663 0.00562850600336 0.0110154884044 0.396579305953 0.0049827168589 0.00483022859506 0.013932835652 0.0257376921064 0.0289471372521 0.000119121226283 -0.00621543693341 0.0538071921155 0.0390917861514 0.0207366893182 0.0247885109767 0.0347747177215 0.00325736117339 0.00405210266956 0.0189092764933 0.0237264275547 0.00135301619154 -0.0023503531389 0.0233968758565 0.0269491718891 0.0119933275425 
0.0476197306055 0.0115147595032 0.0239783314787 0.0173844856862 0.0302551105932 0.0373424294911 0.0171799310739 0.0123034960396 0.0284652554192 0.0264726510318 0.0156971078266 0.037653533445 0.0304356670617 0.0374341708124 0.0114339498514 0.0191754076649 0.0197329528477 0.0261668725371 0.0049827168589 0.18100622097 0.032354321577 0.0149305103282 0.0148761196479 0.00499718795544 0.00950011592025 0.00232978088958 0.00871234770958 0.0050681234343 0.0117668077697 0.00919123787078 0.0126760498477 0.00191916098857 0.0103763666176 0.00736793316403 0.0358733198329 0.0125951401294 0.00160230691633 0.0077419736776 0.00780103700719 0.0457779955517 
0.00949567686013 0.0170765177806 0.0232139110472 0.0400283833738 0.0152856540803 0.0380832349199 0.0155791528956 0.0278757030519 0.0108532084582 0.0155722209172 0.0161663279198 0.0061320264567 0.0125971134962 0.0363757796831 0.0286632222104 0.0230969373191 0.00899959230533 0.0200435285316 0.00483022859506 0.032354321577 0.13707809972 0.0134424630604 0.021438300539 0.0459917646914 0.0192467372699 0.0243763968597 0.0122100309141 0.0118666970791 0.0182914210512 0.0194533421828 0.0131193195477 0.0189143371339 0.0198201119011 0.0259595901348 0.0251149066802 0.0131484151355 0.00687680608138 0.0253066634258 0.0137046678667 0.0167733324418 
0.0174382477419 0.0200851374493 0.0203444426081 0.0243137306487 0.038095513165 0.0510608406649 -0.00115294581484 0.0158592828462 0.0244351176323 0.0257443943744 0.0454451003366 0.0126836678428 0.038361057834 0.0311824241323 0.025938326616 0.0206952299142 0.00943098639517 0.00826375565357 0.013932835652 0.0149305103282 0.0134424630604 0.311101500543 0.0170095950097 -0.0119327703362 0.0114400325853 0.01298953825 0.0203851950978 0.00246287526196 0.0171039898615 0.0236009228979 0.00566366304915 0.0172885653542 0.000376216976834 0.0170686789619 0.0275128836821 0.0164198039572 0.0350026996629 0.0226278055417 0.0426050428894 0.00508758402593 
-0.00180413802842 0.0193303313678 0.0364924445612 0.0187199439071 0.0249013897555 0.0356614546535 0.0140734002929 0.0121284814235 0.0260157701262 0.00775060043451 0.0400603317724 0.00907566262193 0.0215069602246 0.0271498409041 0.00048512814303 0.00523719709187 0.0102037973922 0.0171518562422 0.0257376921064 0.0148761196479 0.021438300539 0.0170095950097 0.198849551436 0.0120234732387 0.0136324850162 0.0240390172739 0.0114266433304 0.0550033801703 0.00676902550698 0.0107947503647 0.0178702619442 0.0220324951842 0.00272693083268 0.00586107807344 0.0196938712137 0.00864146596349 0.00960764761726 0.0385425364124 0.0190232745359 0.0124372407801 
-0.011428546496 0.0156457956906 0.0179138087723 0.00986083551251 0.0240547501234 0.064009276228 0.00593933788638 0.0156199820836 0.011516028732 0.00644801987091 0.0102730648612 0.00887346801319 -0.0136220899176 0.0659741428835 -0.0196270879233 -0.00751725489431 0.00597302259097 -0.00637883890991 0.0289471372521 0.00499718795544 0.0459917646914 -0.0119327703362 0.0120234732387 1.33322796607 0.0121793250511 0.0093417948112 0.0231084978358 0.00395745873324 -0.00521531295528 0.0222936782925 0.0309281988621 0.00607373821573 0.00861762768996 0.0115160360103 -0.000282890964804 0.00676562287402 -0.0149266885395 0.0923500837586 0.033972342806 0.00809613241509 
-0.0048951629684 0.0452928550596 0.0379070228303 0.0137357801166 0.0178421257335 0.044218069646 0.0115732758677 0.00992856883116 0.0187531661249 0.0153414230418 0.0232296150928 0.00177858305443 0.0297468612142 0.0103218850254 -0.0053408509819 0.0179149556268 0.0056032960705 0.0250126094232 0.000119121226283 0.00950011592025 0.0192467372699 0.0114400325853 0.0136324850162 0.0121793250511 0.400768973095 0.0131902669377 0.00191334225779 0.00817339551399 0.0125482508863 0.0110247174046 0.0289580924643 0.00709493574675 0.0184039431966 0.0183591659999 0.0215532602008 0.00995661100697 0.0210295590091 0.0142559957525 0.0272163338557 0.0018453513536 
0.0150030776886 0.0157451060164 0.0228586198975 0.0128253931601 0.0228146194191 0.0343011693181 0.0268234599398 0.0214787653471 0.00937785128975 0.0168272498052 0.0185602945259 0.00143792174911 0.00967439970743 0.0165979684428 0.0272698793919 0.0347997279543 0.00812064470759 0.0197844449924 -0.00621543693341 0.00232978088958 0.0243763968597 0.01298953825 0.0240390172739 0.0093417948112 0.0131902669377 0.257871380305 0.000451894109141 0.00159121354302 0.00218855966715 0.00246554555809 0.0181272880812 0.0152099818853 0.00632319797408 0.00923612887798 0.011186079588 0.0101172881421 0.00930627671933 0.017620497348 0.0100085608845 0.00788789605954 
-0.0137698172434 0.0210207688184 0.0153833845561 0.0103590895382 0.0115254432335 0.0257100212766 0.00311509010928 -0.00429391112909 0.0129822724164 0.00731064101246 0.00781677849395 0.0033417626767 0.0142609200745 0.00141489289294 -0.0243053734163 0.0103254317496 0.00505885589312 0.0116853990646 0.0538071921155 0.00871234770958 0.0122100309141 0.0203851950978 0.0114266433304 0.0231084978358 0.00191334225779 0.000451894109141 0.215991467135 0.014353136213 0.00902061350902 0.032809443941 0.0218646249338 0.0156950015128 0.0105777573725 0.0038178466209 0.0097598518872 0.0095902760693 0.000999709140095 0.0145354572555 0.0144289009209 -0.00299297724136 
-0.00439524227756 0.0151381641718 0.0710165993751 0.00883524035652 0.0171414393151 0.015439604765 0.0317449980913 0.00697910126734 0.0253918352697 0.0157908924567 0.0402038454096 0.017461921824 0.0592986735206 0.0248660307476 -0.00619584362248 0.000211345369651 0.00262776133322 0.051395812863 0.0390917861514 0.0050681234343 0.0118666970791 0.00246287526196 0.0550033801703 0.00395745873324 0.00817339551399 0.00159121354302 0.014353136213 0.364311880406 0.0131697825157 0.0100545427375 0.0230448730668 0.000443818805808 0.00154191580945 0.00192022580157 0.0510806497055 0.00187400298659 0.00614318150758 0.0268262792434 0.0163907708434 0.00582888305882 
0.0159323442978 0.00563685193168 0.0244532879369 0.0113212052561 0.0180125922481 0.0205744068823 0.0318383738064 0.00254431760626 0.017704867172 -0.0013960620624 0.00554498694459 -0.0020480595163 0.0389562119031 0.0252774162934 0.0109088890851 0.0428260168968 -0.00326060881445 0.00243607530533 0.0207366893182 0.0117668077697 0.0182914210512 0.0171039898615 0.00676902550698 -0.00521531295528 0.0125482508863 0.00218855966715 0.00902061350902 0.0131697825157 0.290089616137 0.0286989574738 0.0264995823082 0.0131133726825 0.000773946897067 0.0216097317126 0.00690425875025 0.0236574364847 0.00332627818208 0.00973799258367 -0.00321004130467 0.0171168731903 
0.0081653427509 0.0141794712987 0.0142110249288 0.0221123824692 0.0239819453277 0.0342671838465 0.0665777599458 0.0362774405861 0.00416319967833 0.00927262906009 0.0319228127491 -0.00658814771785 0.00275866058747 0.0529265354109 0.0180690254935 0.0108661302633 0.0091384957892 0.0186087555608 0.0247885109767 0.00919123787078 0.0194533421828 0.0236009228979 0.0107947503647 0.0222936782925 0.0110247174046 0.00246554555809 0.032809443941 0.0100545427375 0.0286989574738 0.485314754831 -0.00083048053136 0.00122363369621 0.0142276525791 0.012631316284 0.0546427470752 0.0116308077414 0.0131465122483 0.0311407472427 0.0229346164715 0.010890943332 
0.0362633141936 0.0384233768638 0.0492464403344 0.00230876131767 0.012682972968 0.0531839502641 0.0177567118581 0.0217325922845 0.0277912037211 0.00540280788439 0.00329289021302 0.00901558946489 0.0462303389824 0.0107770512304 0.00185197180362 0.0187352856305 -0.00615378238175 0.020993526264 0.0347747177215 0.0126760498477 0.0131193195477 0.00566366304915 0.0178702619442 0.0309281988621 0.0289580924643 0.0181272880812 0.0218646249338 0.0230448730668 0.0264995823082 -0.00083048053136 0.402582436917 0.00737036212048 0.0161114924502 0.0335192986479 0.0643286124507 0.0150399750738 0.0201241360545 0.0136406715644 0.0246405560187 0.00809970127831 
0.0117540945557 0.0181854115626 0.0107908655262 0.019774786213 0.00324527741868 0.0113133240531 0.0040993644649 0.00707086644895 -0.00757699935114 0.00688965507573 0.00938433338368 -0.00509616340295 0.0127816305849 0.0263246505687 0.0122967203179 0.0132991609891 0.00592328221955 0.00835706211095 0.00325736117339 0.00191916098857 0.0189143371339 0.0172885653542 0.0220324951842 0.00607373821573 0.00709493574675 0.0152099818853 0.0156950015128 0.000443818805808 0.0131133726825 0.00122363369621 0.00737036212048 0.187568237499 -0.00183979116552 0.00356947172786 0.0178802380439 -0.000325319946456 0.0107691663501 0.0187621499601 0.0129619118994 0.00337492719859 
0.00851570713085 0.0156750730716 0.0301560825798 0.00757887374954 0.0144670405776 0.0108908810096 -0.0056786966953 0.000548219589038 0.00142575751726 0.0142250241598 -0.00703338420255 0.00489600821725 0.011331600266 0.00905793366272 0.022510986391 0.0108446939369 0.00368750851467 -0.0164044187208 0.00405210266956 0.0103763666176 0.0198201119011 0.000376216976834 0.00272693083268 0.00861762768996 0.0184039431966 0.00632319797408 0.0105777573725 0.00154191580945 0.000773946897067 0.0142276525791 0.0161114924502 -0.00183979116552 0.171900712827 0.0353684234223 0.00834120493598 0.0188830984089 0.00259126480193 0.00475125750408 0.00748748798432 0.00626559033127 
0.00670490100312 0.0318476383041 0.0264935264725 0.0161034916768 0.0335212859087 0.0226736229787 0.0253552390087 0.0131634241585 0.0100459512184 0.00961397881886 0.0179785960677 0.0109789620357 0.0111128910207 0.0100897564623 0.0196910533498 0.0255917149575 0.0112396942413 -0.0049229771386 0.0189092764933 0.00736793316403 0.0259595901348 0.0170686789619 0.00586107807344 0.0115160360103 0.0183591659999 0.00923612887798 0.0038178466209 0.00192022580157 0.0216097317126 0.012631316284 0.0335192986479 0.00356947172786 0.0353684234223 0.312040845441 0.0123260032551 0.0103939164856 0.00440672323319 0.0201217845979 0.0246113226143 0.00172924602702 
0.158611750732 0.0404210933162 0.0398443179926 0.0254653137502 0.0225258393603 0.0729826885511 0.0102708664111 0.0250318834142 0.0536077124094 0.0241463450684 0.0741921901026 0.0167028170691 0.152745470477 0.0251250445916 0.0299381033851 0.00315562729037 0.0132345198416 0.131572085255 0.0237264275547 0.0358733198329 0.0251149066802 0.0275128836821 0.0196938712137 -0.000282890964804 0.0215532602008 0.011186079588 0.0097598518872 0.0510806497055 0.00690425875025 0.0546427470752 0.0643286124507 0.0178802380439 0.00834120493598 0.0123260032551 0.640626681654 0.0188825553613 -0.0119424437465 0.0106956625866 0.0494818825387 0.0327695904318 
0.0351026374207 0.0140866925012 0.0116019548527 0.0141184146432 0.0199687588078 0.011616354984 0.0358128436454 0.00548958102732 0.0227558640912 0.00966231485742 0.0148205605499 0.018558441943 -0.0142692233049 -0.0120295059951 0.00342161529752 0.010712853067 0.00562385115433 -0.00195890486343 0.00135301619154 0.0125951401294 0.0131484151355 0.0164198039572 0.00864146596349 0.00676562287402 0.00995661100697 0.0101172881421 0.0095902760693 0.00187400298659 0.0236574364847 0.0116308077414 0.0150399750738 -0.000325319946456 0.0188830984089 0.0103939164856 0.0188825553613 0.202157678814 0.0369876884768 0.0105240555895 0.00198631853128 -0.00354466125687 
0.00220861769301 0.0159972286778 0.0143073437329 -0.0141387977312 0.00292823832222 0.0267096234169 -0.000885726624547 0.0107576636667 -0.0334400200217 0.0104465403451 0.0083351809793 -0.0112627387302 -0.000985642767122 0.00394282260359 0.00260842557697 0.0142169118265 0.0124456938878 0.00332700494439 -0.0023503531389 0.00160230691633 0.00687680608138 0.0350026996629 0.00960764761726 -0.0149266885395 0.021029559009 0.00930627671933 0.000999709140095 0.00614318150758 0.00332627818208 0.0131465122483 0.0201241360545 0.0107691663501 0.00259126480193 0.00440672323319 -0.0119424437465 0.0369876884768 0.532516060769 0.0175886857711 0.0123372785852 0.000464873619937 
-0.00720694002449 0.060680265038 0.0111796465647 0.0117582179131 0.0271325516914 0.091154442121 -0.0111010159606 0.0287833642889 0.0182818359201 0.016666967604 0.0148500844155 0.00903888416043 0.0168139071372 0.0387085439614 0.0177929261753 0.00870326308886 -0.00312595131981 0.0217638501615 0.0233968758565 0.0077419736776 0.0253066634258 0.0226278055417 0.0385425364124 0.0923500837586 0.0142559957525 0.017620497348 0.0145354572555 0.0268262792434 0.00973799258367 0.0311407472427 0.0136406715644 0.0187621499601 0.00475125750408 0.0201217845979 0.0106956625866 0.0105240555895 0.0175886857711 0.376709105963 0.056286540561 -0.00830585293867 
0.00374906265134 0.0281598434335 0.0216124397621 -0.00457192166081 0.0245921405133 0.042203041111 -0.00242801998878 0.0178665142517 0.0256449804272 0.0114768795322 0.0317155594352 0.00135993595067 0.0358343553774 0.00372811541159 0.0140383917517 0.0308858369292 0.0116629358736 0.0216518169323 0.0269491718891 0.00780103700719 0.0137046678667 0.0426050428894 0.0190232745359 0.033972342806 0.0272163338557 0.0100085608845 0.0144289009209 0.0163907708434 -0.00321004130467 0.0229346164715 0.0246405560187 0.0129619118994 0.00748748798432 0.0246113226143 0.0494818825387 0.00198631853128 0.0123372785852 0.056286540561 0.376545328678 0.0044693874473 
0.0455586462939 0.0278767384344 0.0200326203035 0.00927778395071 0.00716013361946 0.0162495500402 0.00572903477847 0.0018153333078 0.0279494129982 0.0247418391054 -0.00211784304657 0.046701363284 0.00938312168252 0.0209985738627 0.0173669255451 0.0349005827111 0.00498328198606 0.0283562136108 0.0119933275425 0.0457779955517 0.0167733324418 0.00508758402593 0.0124372407801 0.00809613241509 0.0018453513536 0.00788789605954 -0.00299297724136 0.00582888305882 0.0171168731903 0.010890943332 0.00809970127831 0.00337492719859 0.00626559033127 0.00172924602702 0.0327695904318 -0.00354466125687 0.000464873619937 -0.00830585293867 0.0044693874473 0.285838248088 

['NOV', 'JCP', 'A', 'C', 'LEG', 'KBH', 'GM', 'ABK', 'GWW', 'LMT', 'DE', 'TXU', 'NUE', 'GDW', 'CVH', 'AET', 'GIS', 'X', 'PAYX', 'GAS', 'MTB', 'GPS', 'UPS', 'OMX', 'VFC', 'AN', 'ADP', 'NSC', 'EFX', 'HSP', 'HPQ', 'MDP', 'JNJ', 'SGP', 'FCX', 'RX', 'MAT', 'FDO', 'WHR', 'PEG']