30
0.0357981155146 0.126302472887 0.0534443631468 0.135299445153 0.0565518641406 0.0910259677787 0.061476397973 0.138528932385 0.0335319673985 0.0163484450471 0.101481112582 0.0764707668379 0.13159191543 0.0330111524363 0.0331056926512 0.0698927007 0.105459344027 0.0378384564622 0.142835786571 0.0353360638732 0.0373994541978 0.188050706821 0.251790956204 0.0449680709256 0.149246593495 0.266244884644 0.0396471392927 0.0785675118811 0.128413882411 0.0341115490789 
0.256007842269 0.0164192949078 0.0310220397769 0.00307639761855 0.0196600812677 0.0255452788235 0.0269620146087 0.0179491862038 0.0192098163809 0.0160270518457 -0.00609293154314 0.0335043899149 0.0184646995707 0.0447682159085 0.0181470038836 0.0200556793109 0.0256501725332 0.0142463879944 0.0103643228217 0.0204374609002 0.0433305975696 0.0086090896082 -0.00120874268709 0.0193038720288 0.0171431672262 0.0215852031627 0.0110963276391 0.00321789203866 0.00708046646081 0.00761092087193 
0.0164192949078 0.50018218539 0.0171804705607 0.0942172984522 0.0059169706554 -0.00152955889908 0.0316769942984 6.37211262381e-05 0.0275097082263 0.0361906001044 0.0354659819002 0.0271783749145 0.0931611773296 -0.011596255901 0.026815421477 0.0223372638159 0.0204120059635 0.0536591997786 -0.000598619290375 -0.0109840819222 0.0159439617598 0.0245570661978 0.0138778958621 0.0132414145673 0.104127217461 0.0213099705283 0.00340795635818 -0.00033013172216 0.0879592662565 -0.00868296217999 
0.0310220397769 0.0171804705607 0.28905393464 0.0250533674026 0.014093328889 0.0219612622675 0.0194919266634 0.0121131196969 0.0188360999488 0.003688673335 -4.08012781888e-05 0.0357300722939 0.0249082067891 0.0304424290932 0.00721973228721 0.0446513393648 0.0214973016381 0.00456468156246 -0.00403849614122 0.0180680548611 0.0285967901261 0.119387733778 0.00743514456063 0.0357360323953 0.0373499759337 0.0497555506587 0.0233601485166 -0.0043343669478 0.026323984384 -0.00109260120971 
0.00307639761855 0.0942172984522 0.0250533674026 0.473988454413 0.0203129991142 0.0135752031721 0.0283171994487 -0.0152202170375 0.0174192030744 0.0203826473265 -0.00195183317272 0.0328527347047 0.217236862267 0.00941189009344 0.0332241428735 0.0202013164933 0.0119141987533 0.0207704487055 0.00648738955384 0.0105508314934 0.0171207225996 -0.00388356498342 0.0173345006533 0.0245395886518 0.158217427088 0.00751498361605 0.0281098668283 0.0244013922319 0.152661575395 0.0145709980647 
0.0196600812677 0.0059169706554 0.014093328889 0.0203129991142 0.251197039531 0.00835930824413 0.0445229936062 0.0366828839046 0.0242680474882 0.036947521468 0.00546283803351 0.0278665798015 0.0343157916876 0.0240047906661 0.0419053671274 0.0327644365695 0.0242447627552 0.0111759503129 -0.000515320748148 0.014557977943 0.0161127414978 0.0255290227606 0.0289693476454 0.030023539608 0.0130264698996 0.00430331328258 0.0257484049603 0.0304321837699 0.0345488592449 0.00633805491059 
0.0255452788235 -0.00152955889908 0.0219612622675 0.0135752031721 0.00835930824413 0.440445022346 0.0239738853784 0.0275303252565 0.0388537848112 -0.00148321763503 0.0124967357766 0.0266058984359 0.0136886725814 0.0255401246987 0.0136535825527 0.0276062184785 0.0368362089029 0.031470066017 0.00554821808052 0.00580638322304 0.0288574100566 0.0450029823204 0.0114862527092 0.00964933722145 0.0153421833091 0.0279792812252 0.00844252282832 0.0304896792243 0.0100198331145 0.0245533614381 
0.0269620146087 0.0316769942984 0.0194919266634 0.0283171994487 0.0445229936062 0.0239738853784 0.281486190073 0.0315731455198 0.043088834886 0.035706565546 0.025419775362 0.0462982592105 0.0352761894301 0.0425386456696 0.020820158761 0.0405180452129 0.0271139928808 0.00524495378527 0.00449977428423 0.0336730763218 0.0495408853393 0.0598656912538 0.0232757475641 0.0313957510422 0.0385958555496 0.0643832247228 0.0251449532048 0.0232075032145 0.0338855920413 0.0225539734751 
0.0179491862038 6.37211262386e-05 0.0121131196969 -0.0152202170375 0.0366828839046 0.0275303252565 0.0315731455198 1.00472374552 0.0241606722127 0.0175497735788 0.0208787253196 0.0420139381055 0.0140269096112 0.0396752684253 0.0177957063937 0.015450394685 0.0420556895429 -0.00422547372766 0.0377339988783 0.00867992792781 0.0226964958589 0.0253482207594 0.0236906842021 0.0119377128008 0.0235519294254 0.0140104130185 0.0193757677143 0.0196032973888 0.00218761763344 0.00952110627319 
0.0192098163809 0.0275097082263 0.0188360999488 0.0174192030744 0.0242680474882 0.0388537848112 0.043088834886 0.0241606722127 0.221256243018 0.00646174416382 0.00751774710855 0.0307888313187 0.0378130372658 0.0383697623432 0.00871488585879 0.0345884588259 0.028285333601 0.000222648517879 0.00384204085921 0.0181553307379 0.0318414441132 0.0448343897852 0.0449476199409 0.0209986668646 0.0259213301436 0.00812888294763 0.0136927322303 0.0182117449807 0.0238280512553 0.0194408662844 
0.0160270518457 0.0361906001044 0.003688673335 0.0203826473265 0.036947521468 -0.00148321763503 0.035706565546 0.0175497735788 0.00646174416382 0.196000845098 0.0166491843229 0.00432814195324 0.0330775572659 0.0179183706685 0.047633539858 0.0116333303604 0.00458323914653 0.00808013035479 0.0111575040916 0.026149218484 0.0154575047022 -0.0040991789323 0.000769451733684 0.013041380859 0.0379043831309 0.000325258111475 0.0605231891523 0.0108114814306 0.0284194280309 0.00501869338309 
-0.00609293154314 0.0354659819002 -4.08012781887e-05 -0.00195183317272 0.00546283803351 0.0124967357766 0.025419775362 0.0208787253196 0.00751774710855 0.0166491843229 0.92371908786 0.0142630175622 0.0199842766814 -0.00368696581393 0.0126472284585 -0.00558055715116 0.0306704839425 -0.00260009248962 -0.00124156227157 0.0207913843569 0.00525635092069 0.0166576831444 0.0753438334553 -0.0112841397607 0.0180137982274 0.00947398750225 0.0266289737945 0.0072159038335 0.0360767403901 -0.00327243522973 
0.0335043899149 0.0271783749145 0.0357300722939 0.0328527347047 0.0278665798015 0.0266058984359 0.0462982592105 0.0420139381055 0.0307888313187 0.00432814195324 0.0142630175622 0.463916248045 0.0525881036132 0.0486123747602 0.0162180432715 0.0664095511249 0.0361728689858 -0.00557076971784 0.00660892431532 0.038029023409 0.0308471948269 0.0576512420985 0.0180313884095 0.0200095947131 -0.00229831894579 0.0131743240879 0.0206737257164 0.0208023899289 0.0246281929604 0.0278518026914 
0.0184646995707 0.0931611773296 0.0249082067891 0.217236862267 0.0343157916876 0.0136886725814 0.0352761894301 0.0140269096112 0.0378130372658 0.0330775572659 0.0199842766814 0.0525881036132 0.460509899377 0.010116864043 0.0301638150143 0.0289098146593 0.0103975637628 0.057943484102 0.0065533452835 0.0139256670486 0.0124420108167 0.0134484601069 0.0195696630097 0.01223878295 0.161880587637 0.00546670259278 0.0390008633712 0.00605231811477 0.173649073512 0.00625928541398 
0.0447682159085 -0.011596255901 0.0304424290932 0.00941189009344 0.0240047906661 0.0255401246987 0.0425386456696 0.0396752684253 0.0383697623432 0.0179183706685 -0.00368696581393 0.0486123747602 0.010116864043 0.315358953633 0.00846413819792 0.0309999978092 0.034357130379 0.00465908645028 0.0313736544978 0.0290012571171 0.0418729031888 0.0280049278026 0.00998504568236 0.0198690799647 0.0312217468387 0.0363531240317 0.0180207316218 0.0111939193939 0.025597657354 0.0038919295238 
0.0181470038836 0.026815421477 0.00721973228721 0.0332241428735 0.0419053671274 0.0136535825527 0.020820158761 0.0177957063937 0.00871488585879 0.047633539858 0.0126472284585 0.0162180432715 0.0301638150143 0.00846413819792 0.208115674018 0.0249227916238 0.012282159509 0.0154019894028 0.00585039520314 0.0109975799536 0.0194955613879 0.00841420405618 0.0136722318944 0.012815424187 0.0472462590268 0.00463037900029 0.0617788979513 0.00804584014803 0.0302249035173 0.012872371453 
0.0200556793109 0.0223372638159 0.0446513393648 0.0202013164933 0.0327644365695 0.0276062184785 0.0405180452129 0.015450394685 0.0345884588259 0.0116333303604 -0.00558055715116 0.0664095511249 0.0289098146593 0.0309999978092 0.0249227916238 0.306869889187 0.0352683472117 -0.00483781624099 0.00764529750374 0.000449237352317 0.0204270041837 0.0349473671402 -0.0030548323411 0.0319594256079 0.0176605437276 0.333909158595 0.0115564603853 0.0171058681837 0.0186077062176 0.0029309478471 
0.0256501725332 0.0204120059635 0.0214973016381 0.0119141987533 0.0242447627552 0.0368362089029 0.0271139928808 0.0420556895429 0.028285333601 0.00458323914653 0.0306704839425 0.0361728689858 0.0103975637628 0.034357130379 0.012282159509 0.0352683472117 0.757110626668 -0.00184834290979 0.00829708872922 0.0205406203124 0.00862180826237 0.0262840189886 0.0200396391851 0.00480976635779 0.00470307304864 -0.000943797657465 0.00394507409157 0.0128322480328 0.00334029587062 0.013124806456 
0.0142463879944 0.0536591997786 0.00456468156246 0.0207704487055 0.0111759503129 0.031470066017 0.00524495378527 -0.00422547372766 0.000222648517879 0.00808013035479 -0.00260009248962 -0.00557076971784 0.057943484102 0.00465908645028 0.0154019894028 -0.00483781624099 -0.00184834290979 0.462245793391 -0.0107567895817 -0.0110192430735 0.00252091921242 0.0210799165609 -0.0143175876799 -0.00318975304118 0.0616142643243 0.0494279976738 0.0182213086155 0.0182426779838 0.0275575196923 0.0123121747847 
0.0103643228217 -0.000598619290375 -0.00403849614122 0.00648738955384 -0.000515320748148 0.00554821808052 0.00449977428423 0.0377339988783 0.00384204085921 0.0111575040916 -0.00124156227157 0.00660892431532 0.0065533452835 0.0313736544978 0.00585039520314 0.00764529750374 0.00829708872922 -0.0107567895817 1.25311859769 0.0550636106042 0.00464196618262 -0.0153966916296 0.0266647612693 0.00449225589882 -0.00447743191712 0.0236031629473 0.00559150758451 0.00106503716032 0.0285086777619 0.0178084532497 
0.0204374609002 -0.0109840819222 0.0180680548611 0.0105508314934 0.014557977943 0.00580638322304 0.0336730763218 0.00867992792781 0.0181553307379 0.026149218484 0.0207913843569 0.038029023409 0.0139256670486 0.0290012571171 0.0109975799536 0.000449237352317 0.0205406203124 -0.0110192430735 0.0550636106042 0.31095482878 0.0129951384782 0.0296638763826 0.011005898931 0.0175520344214 0.0155576322971 0.00154702958666 0.0273323033265 0.0303880554164 0.0115730441458 0.0120320383947 
0.0433305975696 0.0159439617598 0.0285967901261 0.0171207225996 0.0161127414978 0.0288574100566 0.0495408853393 0.0226964958589 0.0318414441132 0.0154575047022 0.00525635092069 0.0308471948269 0.0124420108167 0.0418729031888 0.0194955613879 0.0204270041837 0.00862180826237 0.00252091921242 0.00464196618262 0.0129951384782 0.319926703623 0.00826000032255 0.0254789254789 0.0281768830468 0.0237191588077 -4.21741279804e-05 0.00469813494237 0.0144814129817 0.0127381871066 0.022128436809 
0.0086090896082 0.0245570661978 0.119387733778 -0.00388356498342 0.0255290227606 0.0450029823204 0.0598656912538 0.0253482207594 0.0448343897852 -0.0040991789323 0.0166576831444 0.0576512420985 0.0134484601069 0.0280049278026 0.00841420405618 0.0349473671402 0.0262840189886 0.0210799165609 -0.0153966916296 0.0296638763826 0.00826000032255 1.00741759982 0.049167924055 0.00780307276279 0.018972293657 0.0582703597635 0.00552687274736 0.0366378651009 0.0349365097467 0.0206820393549 
-0.00120874268709 0.0138778958621 0.00743514456063 0.0173345006533 0.0289693476454 0.0114862527092 0.0232757475641 0.0236906842021 0.0449476199409 0.000769451733684 0.0753438334553 0.0180313884095 0.0195696630097 0.00998504568236 0.0136722318944 -0.0030548323411 0.0200396391851 -0.0143175876799 0.0266647612693 0.011005898931 0.0254789254789 0.049167924055 2.07818668604 -0.00959699845593 0.00572086051444 0.00790119826797 -0.00887778214534 0.0173827662335 0.107609017107 0.00293349988994 
0.0193038720288 0.0132414145673 0.0357360323953 0.0245395886518 0.030023539608 0.00964933722145 0.0313957510422 0.0119377128008 0.0209986668646 0.013041380859 -0.0112841397607 0.0200095947131 0.01223878295 0.0198690799647 0.012815424187 0.0319594256079 0.00480976635779 -0.00318975304118 0.00449225589882 0.0175520344214 0.0281768830468 0.00780307276279 -0.00959699845593 0.190300922723 0.0153662294245 0.0469561290575 0.0295235368642 0.0184067116476 0.0144509568343 -0.00153037372303 
0.0171431672262 0.104127217461 0.0373499759337 0.158217427088 0.0130264698996 0.0153421833091 0.0385958555496 0.0235519294254 0.0259213301436 0.0379043831309 0.0180137982274 -0.00229831894579 0.161880587637 0.0312217468387 0.0472462590268 0.0176605437276 0.00470307304864 0.0616142643243 -0.00447743191712 0.0155576322971 0.0237191588077 0.018972293657 0.00572086051444 0.0153662294245 0.522805117675 -0.00594454269237 0.0691351089646 -0.005605236417 0.140280199212 0.0148391512676 
0.0215852031627 0.0213099705283 0.0497555506587 0.00751498361605 0.00430331328258 0.0279792812252 0.0643832247228 0.0140104130185 0.00812888294763 0.000325258111475 0.00947398750225 0.0131743240879 0.00546670259278 0.0363531240317 0.00463037900029 0.333909158595 -0.000943797657465 0.0494279976738 0.0236031629473 0.00154702958666 -4.21741279803e-05 0.0582703597635 0.00790119826797 0.0469561290575 -0.00594454269237 2.24981153771 -0.00257692079326 0.0146712866203 0.0233625797327 -0.00083322753706 
0.0110963276391 0.00340795635818 0.0233601485166 0.0281098668283 0.0257484049603 0.00844252282832 0.0251449532048 0.0193757677143 0.0136927322303 0.0605231891523 0.0266289737945 0.0206737257164 0.0390008633712 0.0180207316218 0.0617788979513 0.0115564603853 0.00394507409156 0.0182213086155 0.00559150758451 0.0273323033265 0.00469813494237 0.00552687274736 -0.00887778214534 0.0295235368642 0.0691351089646 -0.00257692079326 0.258940419052 0.00995100478979 0.0389886815874 0.0248800208804 
0.00321789203866 -0.00033013172216 -0.0043343669478 0.0244013922319 0.0304321837699 0.0304896792243 0.0232075032145 0.0196032973888 0.0182117449807 0.0108114814306 0.0072159038335 0.0208023899289 0.00605231811477 0.0111939193939 0.00804584014803 0.0171058681837 0.0128322480328 0.0182426779838 0.00106503716032 0.0303880554164 0.0144814129817 0.0366378651009 0.0173827662335 0.0184067116476 -0.00560523641699 0.0146712866203 0.00995100478979 0.543086904423 0.0130362911089 0.0194206329434 
0.00708046646081 0.0879592662565 0.026323984384 0.152661575395 0.0345488592449 0.0100198331145 0.0338855920413 0.00218761763344 0.0238280512553 0.0284194280309 0.0360767403901 0.0246281929604 0.173649073512 0.025597657354 0.0302249035173 0.0186077062176 0.00334029587062 0.0275575196923 0.0285086777619 0.0115730441458 0.0127381871066 0.0349365097467 0.107609017107 0.0144509568343 0.140280199212 0.0233625797327 0.0389886815874 0.0130362911089 0.41703405593 0.0113778787156 
0.00761092087192 -0.00868296217999 -0.00109260120971 0.0145709980647 0.00633805491059 0.0245533614381 0.0225539734751 0.00952110627319 0.0194408662844 0.00501869338309 -0.00327243522973 0.0278518026914 0.00625928541397 0.0038919295238 0.012872371453 0.0029309478471 0.013124806456 0.0123121747847 0.0178084532497 0.0120320383947 0.022128436809 0.0206820393549 0.00293349988994 -0.00153037372303 0.0148391512676 -0.00083322753706 0.0248800208804 0.0194206329434 0.0113778787156 0.229765751659 

['WAG', 'NEM', 'BA', 'BJS', 'AIV', 'AW', 'BEN', 'SHLD', 'ETN', 'TE', 'CSCO', 'COH', 'RDC', 'LOW', 'SRE', 'TXT', 'TEK', 'DJ', 'THC', 'EMC', 'GPS', 'MNST', 'BRCM', 'LMT', 'EOG', 'TLAB', 'EIX', 'F', 'HAL', 'CTL']