40
0.0439476996979 0.0631330997176 0.119859861498 0.0266110290159 0.0168064994581 0.132143501856 0.0635798530397 0.0202574279786 0.0223320424584 0.0447966226616 0.0755152896869 0.0406155741598 0.0128714932266 0.0852779749864 0.0289058353667 0.0479675113811 0.0952892642352 0.100974868985 0.0268988212896 0.0254158643172 0.0131635076039 0.0442487549982 0.103194060275 0.169485482474 0.0448147494519 0.0270240384822 0.025657065471 0.0753619397022 0.0265193363437 0.023795453615 0.0612619406497 0.0704019073317 0.0559384191954 0.0698927007 0.0374431650663 0.0297585566085 0.065735385914 0.0192488530763 0.0387981152642 0.041097516798 
0.189157281387 -0.00130758363762 0.0226901559532 0.0135989562252 0.0122171331852 0.0116482803395 0.022398303774 0.0114764689853 0.00641431364782 0.0141825231871 0.0167842688987 0.00943709259965 0.00235642709102 0.0288306372841 0.0099537618245 0.00908579623684 -0.00560949573587 0.00238185790251 0.00925267961689 0.00173569485184 -0.00671190591252 -0.00425411068157 -0.00329064706399 0.0176993419154 0.00680823900841 0.00671907569209 0.0154777908168 0.00944829050285 0.00619188698027 -0.000316474816373 0.0113956374541 0.00592445399161 0.00912710020678 0.0120158789718 0.00740483128688 0.0146906049311 0.0167768363947 0.00487720397947 0.0133516386566 0.00248999501578 
-0.00130758363762 0.457815386687 0.0757588620343 0.00427545484307 0.00935136075774 0.0364520760213 0.0386412904109 0.0338819403125 0.00549666432003 0.0356764213111 0.00137080726395 0.00442089385154 0.0131473823426 0.00275021907651 0.0199304161544 0.0034618923821 0.0148486196248 0.0906406952349 0.0117598823759 0.0117967371747 -0.00134271891163 0.0176180795924 0.0326674002002 0.0451690395794 0.0338552195971 0.018830849322 0.00410562664115 0.0262152967107 0.00395370160046 -0.00929270025159 0.0245911784955 0.0387452248383 0.0183301605165 0.0420800241073 0.0333846757951 0.0267824002149 0.0232696153637 0.0129254408431 0.0282629999249 0.0156104420914 
0.0226901559532 0.0757588620343 0.523327030765 0.01034631855 0.0442249374039 0.0364462929417 0.00802295982999 0.0448346093769 0.00790149018762 0.02315467482 0.00880476324182 0.0167085633471 -0.0039255349025 0.0191798805091 0.0257643478673 0.0203139348527 0.0425857558341 0.0239016710074 0.0218402690128 0.0390569028082 0.0101043557708 0.0272020566756 0.0162835145577 0.0182852194335 0.0350634275441 -0.00701071275291 0.0399246655328 0.0189953060927 0.0120153989249 -0.00103831249888 0.0581069638551 0.0351341443077 0.0214185827397 0.0265026197307 0.0187747218736 0.0297841080911 -0.00326714117812 0.00187142914847 0.0370667671009 0.00279804988283 
0.0135989562252 0.00427545484307 0.01034631855 0.285672853336 0.00697462371327 0.00474549095925 -0.00660089348457 0.01820391164 0.00798334802328 0.0280051467734 -0.00183296555941 0.0159430657957 0.0148012910978 0.0191088283251 -0.00111588176832 0.0218310469111 0.0219916452248 0.0190610794276 0.00762957912523 0.019818598633 0.0191610867404 0.00022017499824 0.0134826068734 -0.00224539347391 0.0302061664426 0.00446127535421 0.0211711457728 0.0239505668677 0.0202346469371 0.0298009711825 0.0165761796605 0.0182493058495 0.000154950396807 -0.0172878546964 0.0123088308345 0.0153176527878 0.0382599839492 0.0115079479262 0.0184430159012 0.0414271070653 
0.0122171331852 0.00935136075774 0.0442249374039 0.00697462371327 0.211291056878 -0.00361910316506 0.0128203343332 0.00710150627818 -0.00106449489921 0.0204641141208 0.0252321621964 0.0196113944815 0.00608133156473 0.0182622548072 0.00879761695799 0.011287782127 0.0196230601076 0.0178616747386 0.00191568669377 0.0113485856233 0.0111503450938 -0.00217055192094 0.00851366078837 0.0145004988927 0.00220883213595 0.00911079048549 0.0355022368157 0.013167089103 0.00581235846573 0.0122364135065 -0.00956719723877 0.0181046286283 0.0162105065509 0.00679183503677 0.00263815536924 0.0121394005747 0.0121363840249 0.00279042166801 -3.31959491692e-05 0.0167476726924 
0.0116482803395 0.0364520760213 0.0364462929417 0.00474549095925 -0.00361910316506 0.474532468955 0.00443439733454 0.0385855308251 -0.000562480101281 -0.00019598020455 0.0346431315461 0.0278226861015 0.00582854707772 -0.00103246070227 0.027907638713 0.0378431416013 0.0216487203454 0.0358825022821 -0.00311168297737 0.0129690694967 0.0196545907752 0.0197290733463 0.0308913412978 0.0604411236409 -0.000864450644946 -0.0166819760262 0.00247816547344 0.145818420642 0.019135790816 0.0160914855738 0.0380408014711 0.0287033462395 0.00767635431801 0.029259101446 0.0142986840924 0.0227262366613 0.00826157918214 0.0107610441167 0.0218526222749 0.035024610866 
0.022398303774 0.0386412904109 0.00802295982999 -0.00660089348457 0.0128203343332 0.00443439733454 0.453912294057 0.0344216814832 -0.00041032749911 0.0165221440099 0.0178208439189 0.0428255638936 -0.00436550117324 0.0227411387282 0.0365384087291 0.0174865961918 0.0112169849659 0.00823800047634 0.00116959818406 -0.000183164281301 0.00644944477533 0.0240304499379 0.0323685877366 0.00871161093146 0.012558356177 0.0867253443336 0.0418422857587 -0.00119278017636 0.0044183813367 0.0111294764903 0.0217882915881 0.0424255645274 0.0115410697025 0.0662591688651 0.0294486979478 0.0164259629701 0.0326271213392 0.0130267016303 0.0168893093507 0.0290859245575 
0.0114764689853 0.0338819403125 0.0448346093769 0.01820391164 0.00710150627818 0.0385855308251 0.0344216814832 0.273327722096 0.00152398168085 0.0291645518191 0.0185574215338 0.0299285451664 0.00579306477662 -0.00252305978315 0.0200743801435 0.0248149001362 0.0354251407804 0.0182644242251 0.0218863275726 0.0290406523279 0.0197658218292 0.0262821225239 0.0599624642051 -0.00287797702082 0.0161514377424 0.0154512052994 0.0180568457588 0.0125570786607 0.0194112042415 0.0146347110156 0.0170348884878 0.0360904942968 0.0242995898743 0.0484935081427 0.0271695086061 0.0264882542733 0.020905557949 0.0112268508173 0.0323627291702 0.0151121659752 
0.00641431364782 0.00549666432003 0.00790149018762 0.00798334802328 -0.00106449489921 -0.000562480101281 -0.00041032749911 0.00152398168085 0.206962631361 0.0074354237231 0.0233677768353 0.00187236139523 -0.000999650611076 0.00897658914435 0.00978967723202 0.0168715943006 0.0101793845811 -0.00503454719236 0.0177164676116 0.00572469666608 0.00592723377453 0.00285424345352 0.0110605744392 0.0212994558151 -0.00444616619514 0.00106306343409 0.00940355307979 0.00518742484418 -0.00167344755067 0.00890632625489 0.00256797798291 0.00667160697898 0.0186340469154 -0.00908733088335 0.0152543666509 0.00370489015402 -0.00608476532448 0.0215090171114 0.0100961954579 0.00507749770698 
0.0141825231871 0.0356764213111 0.02315467482 0.0280051467734 0.0204641141208 -0.00019598020455 0.0165221440099 0.0291645518191 0.0074354237231 0.271790290941 0.0219944925984 0.0341795354308 0.0126935061097 0.0419814940544 0.0215295963013 0.0318468705086 0.01475878971 0.0386540378811 0.0257244699125 0.0385224651369 0.000598835548857 0.0192959234687 0.054866032949 0.015957570895 0.00624481701674 0.0153340576729 0.0204562872695 0.00776889353487 0.020012607871 0.0151374755693 0.0189565872794 0.034034415395 0.0230134236377 0.0384621651409 0.0144050445005 0.0388490555236 0.031320587221 0.0263453542718 0.0303068959364 0.0169882773424 
0.0167842688987 0.00137080726395 0.00880476324182 -0.00183296555941 0.0252321621964 0.0346431315461 0.0178208439189 0.0185574215338 0.0233677768353 0.0219944925984 0.796075628192 0.0508452327143 0.00455053359523 0.0324807793965 0.00953827587363 0.0244826872073 0.00851782708037 0.0110608470028 0.000427298234181 0.00621369678974 0.00084944549216 0.00562509111451 0.00847424916263 0.0170365030738 -0.0215895202988 0.0154133905748 0.0114012941599 0.0388408261548 0.0143237677988 0.0174263907914 0.00185733902245 0.0169067312095 0.00736929904908 -0.00560540230024 0.024653996988 0.0168955395067 0.0130829913379 0.0136271709517 0.0311545058237 -0.00892514079192 
0.00943709259965 0.00442089385154 0.0167085633471 0.0159430657957 0.0196113944815 0.0278226861015 0.0428255638936 0.0299285451664 0.00187236139523 0.0341795354308 0.0508452327143 0.221658853989 -0.00262172341374 0.0280424800904 0.0104601396103 0.036672851533 0.0174864504846 0.0170542934317 0.00150515032486 0.0104652392865 0.0263820943884 0.0161440174366 0.0442843924165 0.0113738524676 0.0168493757846 0.0180653639782 0.0230258832924 0.0217725582496 0.0124521079225 0.038081291051 0.0290541954427 0.0330990348699 0.0179473663791 0.0255690090295 0.0148665175426 0.026484950482 0.0125379968513 0.0197634124004 0.0297244850166 0.0205677037782 
0.00235642709102 0.0131473823426 -0.0039255349025 0.0148012910978 0.00608133156473 0.00582854707772 -0.00436550117324 0.00579306477662 -0.000999650611076 0.0126935061097 0.00455053359523 -0.00262172341374 0.223201887394 0.00907253022465 0.00334429671877 0.00999688811174 0.018493860033 -0.00760788801681 0.0137745604955 0.0117231873269 0.0147637454746 -0.00107333208143 0.000293619540259 0.00897119543801 0.0312715779007 0.0101847226282 0.0113278896329 -0.0051127984021 0.0137536376382 -0.0042826693023 0.00887533885799 -0.00346684181193 0.0159060914231 0.00311168882698 0.0241719457454 0.0112397408828 0.00930847036452 0.00342525321655 -0.000415209645217 0.0176938202158 
0.0288306372841 0.00275021907651 0.0191798805091 0.0191088283251 0.0182622548072 -0.00103246070227 0.0227411387282 -0.00252305978315 0.00897658914435 0.0419814940544 0.0324807793965 0.0280424800904 0.00907253022465 0.399988445427 0.0171366280505 0.0291085812062 0.00552865261943 0.0390403286916 0.00725839853678 0.0194318197059 0.0113357941528 0.0103841408363 0.0397776829325 0.0398692220844 0.0111730619663 0.0109309884516 0.0322216631957 0.0146428477329 0.00418258242787 0.033595801035 0.0284712622814 0.0256016176749 0.0137989335002 0.0242669438565 0.0191952852737 0.0502622333763 0.00951114074933 0.0182002642194 0.0119714667271 0.0139030536539 
0.0099537618245 0.0199304161544 0.0257643478673 -0.00111588176832 0.00879761695799 0.027907638713 0.0365384087291 0.0200743801435 0.00978967723202 0.0215295963013 0.00953827587363 0.0104601396103 0.00334429671877 0.0171366280505 0.229963016614 0.0217032413977 0.0361315648492 0.0196991390363 0.0171830501296 0.0310978418077 0.0127691554727 0.0129915512082 0.00773596849026 0.0455763850126 0.000123544911747 0.02251540639 0.0328798554467 0.0125268706696 0.00965839291818 0.0185980981286 0.0247703172355 0.0293561902427 0.0196837732405 0.0482348050176 0.0135266883001 0.0166519974487 0.0242550462734 0.0130861517898 0.0142987888044 0.0415679848771 
0.00908579623684 0.0034618923821 0.0203139348527 0.0218310469111 0.011287782127 0.0378431416013 0.0174865961918 0.0248149001362 0.0168715943006 0.0318468705086 0.0244826872073 0.036672851533 0.00999688811174 0.0291085812062 0.0217032413977 0.33744958543 0.00711423152432 0.00786833102306 0.0101498728875 0.0208653343491 0.0156099496121 0.00681903954274 0.0385735708049 0.0151272882657 0.00127431496819 0.0153109073419 0.035261662042 0.0292026018986 0.0447348452427 0.00984964602901 0.0460373864238 0.0350934515442 0.0271665313965 -0.0024911274887 0.0049416955297 0.0267188548524 0.00065506516656 0.0060895897565 0.0261474976554 0.0166089209746 
-0.00560949573587 0.0148486196248 0.0425857558341 0.0219916452248 0.0196230601076 0.0216487203454 0.0112169849659 0.0354251407804 0.0101793845811 0.01475878971 0.00851782708037 0.0174864504846 0.018493860033 0.00552865261943 0.0361315648492 0.00711423152432 0.511488076557 0.0259239425707 0.00742417618385 0.00893450427792 0.00400603386043 -0.0173581218951 0.0147224820196 0.0159324933531 0.00145133088447 0.00448172194928 0.0122943327723 0.0225851379689 0.0231941328432 0.0106074670614 -0.0086610593563 0.0194762464484 0.0166856972209 0.0192605567632 0.0100694207122 0.0200211362044 0.0125463858618 0.011023825599 0.0241389578801 0.0195046880223 
0.00238185790251 0.0906406952349 0.0239016710074 0.0190610794276 0.0178616747386 0.0358825022821 0.00823800047634 0.0182644242251 -0.00503454719237 0.0386540378811 0.0110608470028 0.0170542934317 -0.00760788801681 0.0390403286916 0.0196991390363 0.00786833102306 0.0259239425707 0.471408796069 0.00974258616471 0.0195331865459 -0.00332866951696 0.0280601253692 0.0275698845788 0.00999463209519 0.036947403852 0.0156484802491 0.00788843842144 0.0159295944449 0.0164159337226 0.00694086100867 0.0217333044717 0.0450161975733 0.0260172165481 0.0296684069692 0.00782094273283 0.033046862186 -0.00824432898778 0.00718424887548 0.010211498337 0.0113362571196 
0.00925267961689 0.0117598823759 0.0218402690128 0.00762957912523 0.00191568669377 -0.00311168297737 0.00116959818406 0.0218863275726 0.0177164676116 0.0257244699125 0.000427298234181 0.00150515032486 0.0137745604955 0.00725839853678 0.0171830501296 0.0101498728875 0.00742417618385 0.00974258616471 0.223078546719 0.00892738454891 0.0103026902242 0.0293616011423 0.0107273361185 -0.0055170725356 0.00514360356732 0.0138735560986 0.0123008963405 -0.00852924306218 0.00429463351131 0.0042372145695 0.0101546234125 0.0131859461759 0.0121590867503 0.00177661674713 -0.00205842518532 0.00322658168266 0.000169493495343 0.00596738437741 0.0374946336615 0.0224002028735 
0.00173569485184 0.0117967371747 0.0390569028082 0.019818598633 0.0113485856233 0.0129690694967 -0.000183164281301 0.0290406523279 0.00572469666608 0.0385224651369 0.00621369678974 0.0104652392865 0.0117231873269 0.0194318197059 0.0310978418077 0.0208653343491 0.00893450427792 0.0195331865459 0.00892738454891 0.293064394834 0.00573434773845 0.0109007117308 0.0205583031167 -0.00112277707848 0.0324625323522 0.0200062178154 0.0120042743661 0.0248042703585 0.010783828062 0.00791383041299 0.0222248189751 0.0387487415791 0.020907413627 0.0126138439318 0.0185007497878 0.0286099742102 0.018295406586 0.0028838671582 0.0159207230732 0.0122290492787 
-0.00671190591252 -0.00134271891163 0.0101043557708 0.0191610867404 0.0111503450938 0.0196545907752 0.00644944477533 0.0197658218292 0.00592723377453 0.000598835548857 0.00084944549216 0.0263820943884 0.0147637454746 0.0113357941528 0.0127691554727 0.0156099496121 0.00400603386043 -0.00332866951696 0.0103026902242 0.00573434773845 0.15588226429 0.00966099031711 0.0185932097254 0.0172974575659 0.00773137388057 0.00854968007032 0.0182969749389 0.0185764380418 0.0113950584653 0.0629808600418 0.0090529462812 0.0224768483243 0.00815086843796 0.00898452159223 0.0146109717923 0.0122057443794 0.010968723065 0.0158501384354 0.0149978586021 0.0284534196985 
-0.00425411068157 0.0176180795924 0.0272020566756 0.000220174998241 -0.00217055192094 0.0197290733463 0.0240304499379 0.0262821225239 0.00285424345352 0.0192959234687 0.00562509111451 0.0161440174366 -0.00107333208143 0.0103841408363 0.0129915512082 0.00681903954274 -0.0173581218951 0.0280601253692 0.0293616011423 0.0109007117308 0.00966099031711 0.275681174344 0.0235984044635 0.00942433850184 0.0140781294413 0.0156731672723 0.00278592289884 -0.00252401229239 0.0064310169187 0.0231328045714 0.0335056339638 0.0208683574021 0.0116883190625 0.0050317736122 -0.000933272358881 0.0205205516647 -0.00224817033323 0.0056298039155 0.0313470698512 0.0167921134418 
-0.00329064706399 0.0326674002002 0.0162835145577 0.0134826068734 0.00851366078837 0.0308913412978 0.0323685877366 0.0599624642051 0.0110605744392 0.054866032949 0.00847424916263 0.0442843924165 0.000293619540259 0.0397776829325 0.00773596849026 0.0385735708049 0.0147224820196 0.0275698845788 0.0107273361185 0.0205583031167 0.0185932097254 0.0235984044635 0.571993383404 0.00848132733422 0.00435520828858 0.00927779251116 0.0307571187482 0.0292849615283 0.0134031924417 -0.00325413161451 0.0364085535432 0.0402129129202 0.0169505111221 0.0688288736238 0.0331658319825 0.0455270491774 0.0282370246757 0.0205903170069 0.0271175072654 0.0264836113996 
0.0176993419154 0.0451690395794 0.0182852194335 -0.00224539347391 0.0145004988927 0.0604411236409 0.00871161093146 -0.00287797702082 0.0212994558151 0.015957570895 0.0170365030738 0.0113738524676 0.00897119543801 0.0398692220844 0.0455763850126 0.0151272882657 0.0159324933531 0.00999463209519 -0.0055170725356 -0.00112277707848 0.0172974575659 0.00942433850184 0.00848132733422 0.671930985925 0.0357922188142 0.0211922860672 0.00316521602027 0.0460114489969 0.00723204735626 0.017419462955 0.0316076281806 0.0360047663746 0.0181006976076 0.0336264789022 -0.00581194682976 0.0267441304064 0.0190484684041 0.000851380155858 0.017659275696 0.0171166562711 
0.00680823900841 0.0338552195971 0.0350634275441 0.0302061664426 0.00220883213595 -0.000864450644946 0.012558356177 0.0161514377424 -0.00444616619514 0.00624481701674 -0.0215895202988 0.0168493757846 0.0312715779007 0.0111730619663 0.000123544911747 0.00127431496819 0.00145133088447 0.036947403852 0.00514360356732 0.0324625323522 0.00773137388057 0.0140781294413 0.00435520828858 0.0357922188142 0.467421374308 0.00748611815245 0.0208085269204 0.00755361230907 0.0251363367746 0.00410723342146 0.0191115570829 0.0156876180212 0.0162400582848 -0.00223681754955 -0.0113546278023 0.00423358963414 0.0130314127321 0.0073363134681 0.0160402123799 0.0103079455615 
0.00671907569209 0.018830849322 -0.00701071275291 0.00446127535421 0.00911079048549 -0.0166819760262 0.0867253443336 0.0154512052994 0.00106306343409 0.0153340576729 0.0154133905748 0.0180653639782 0.0101847226282 0.0109309884516 0.02251540639 0.0153109073419 0.00448172194928 0.0156484802491 0.0138735560986 0.0200062178154 0.00854968007032 0.0156731672723 0.00927779251116 0.0211922860672 0.00748611815245 0.213738957053 0.0356936939119 -0.0119490527726 0.00653194130939 0.00769570364867 0.0187840373118 0.0236994506427 0.0157367801803 0.0157174139187 0.00224939711571 0.0141935694709 0.00339950659095 0.00880488147318 0.0183181476285 0.0147839506823 
0.0154777908168 0.00410562664115 0.0399246655328 0.0211711457728 0.0355022368157 0.00247816547344 0.0418422857587 0.0180568457588 0.00940355307979 0.0204562872695 0.0114012941599 0.0230258832924 0.0113278896329 0.0322216631957 0.0328798554467 0.035261662042 0.0122943327723 0.00788843842144 0.0123008963405 0.0120042743661 0.0182969749389 0.00278592289884 0.0307571187482 0.00316521602027 0.0208085269204 0.0356936939119 0.181039817889 -0.00104507563104 0.0117537785026 0.0169042093054 0.0060840289785 0.0398435702921 0.0163392687084 0.0254826948632 0.00859915957494 0.0238491199425 0.0240884584468 0.0200630234132 0.0159582035801 0.0352308737906 
0.00944829050285 0.0262152967107 0.0189953060927 0.0239505668677 0.013167089103 0.145818420642 -0.00119278017636 0.0125570786607 0.00518742484418 0.00776889353487 0.0388408261548 0.0217725582496 -0.0051127984021 0.0146428477329 0.0125268706696 0.0292026018986 0.0225851379689 0.0159295944449 -0.00852924306218 0.0248042703585 0.0185764380418 -0.00252401229239 0.0292849615283 0.0460114489969 0.00755361230907 -0.0119490527726 -0.00104507563104 0.368129138756 0.0141913225527 0.0336762155455 0.0128767700792 0.0389807206052 0.00614438284115 0.00502057331113 -0.00826203971968 0.016245787637 0.00932678227221 -0.000926995976023 0.029885514057 0.0248180473743 
0.00619188698027 0.00395370160046 0.0120153989249 0.0202346469371 0.00581235846573 0.019135790816 0.0044183813367 0.0194112042415 -0.00167344755067 0.020012607871 0.0143237677988 0.0124521079225 0.0137536376382 0.00418258242787 0.00965839291818 0.0447348452427 0.0231941328432 0.0164159337226 0.00429463351131 0.010783828062 0.0113950584653 0.0064310169187 0.0134031924417 0.00723204735626 0.0251363367746 0.00653194130939 0.0117537785026 0.0141913225527 0.209033600041 0.00644379841652 0.0208111164202 0.0291422000932 0.0103382706816 0.0199628121791 0.0163381490122 0.0214519021277 0.0106478435743 0.00536393150462 0.03125797917 -0.0023894566925 
-0.000316474816373 -0.00929270025159 -0.00103831249888 0.0298009711825 0.0122364135065 0.0160914855738 0.0111294764903 0.0146347110156 0.00890632625489 0.0151374755693 0.0174263907914 0.038081291051 -0.0042826693023 0.033595801035 0.0185980981286 0.00984964602901 0.0106074670614 0.00694086100867 0.0042372145695 0.00791383041299 0.0629808600418 0.0231328045714 -0.00325413161451 0.017419462955 0.00410723342146 0.00769570364867 0.0169042093054 0.0336762155455 0.00644379841652 0.182545996651 0.010135873528 0.012489098369 0.000727987881289 -0.00356876069699 0.00583247300163 0.00888026672535 0.02065076493 0.0138379187011 0.0248397039674 0.0230032753399 
0.0113956374541 0.0245911784955 0.0581069638551 0.0165761796605 -0.00956719723877 0.0380408014711 0.0217882915881 0.0170348884878 0.00256797798291 0.0189565872794 0.00185733902245 0.0290541954427 0.00887533885799 0.0284712622814 0.0247703172355 0.0460373864238 -0.0086610593563 0.0217333044717 0.0101546234125 0.0222248189751 0.0090529462812 0.0335056339638 0.0364085535432 0.0316076281806 0.0191115570829 0.0187840373118 0.0060840289785 0.0128767700792 0.0208111164202 0.010135873528 0.358832915839 0.0214558678735 0.0175300675543 0.00643895899787 0.0151957971546 0.0147397532415 0.00498227533387 -0.000268089125503 0.0261880137261 0.0021985834665 
0.00592445399161 0.0387452248383 0.0351341443077 0.0182493058495 0.0181046286283 0.0287033462395 0.0424255645274 0.0360904942968 0.00667160697898 0.034034415395 0.0169067312095 0.0330990348699 -0.00346684181193 0.0256016176749 0.0293561902427 0.0350934515442 0.0194762464484 0.0450161975733 0.0131859461759 0.0387487415791 0.0224768483243 0.0208683574021 0.0402129129202 0.0360047663746 0.0156876180212 0.0236994506427 0.0398435702921 0.0389807206052 0.0291422000932 0.012489098369 0.0214558678735 0.283188151977 0.0288910779895 0.045334312 0.0302086763955 0.0408316259656 0.0340550038994 0.00601826338573 0.0321397455702 0.0387986514973 
0.00912710020678 0.0183301605165 0.0214185827397 0.000154950396807 0.0162105065509 0.00767635431801 0.0115410697025 0.0242995898743 0.0186340469154 0.0230134236377 0.00736929904908 0.0179473663791 0.0159060914231 0.0137989335002 0.0196837732405 0.0271665313965 0.0166856972209 0.0260172165481 0.0121590867503 0.020907413627 0.00815086843796 0.0116883190625 0.0169505111221 0.0181006976076 0.0162400582848 0.0157367801803 0.0163392687084 0.00614438284115 0.0103382706816 0.000727987881289 0.0175300675543 0.0288910779895 0.240865389186 0.0207994962248 0.0098602402922 0.00857697728306 0.0106907777427 0.00762905526923 0.0128280348107 0.018952179494 
0.0120158789718 0.0420800241073 0.0265026197307 -0.0172878546964 0.00679183503677 0.029259101446 0.0662591688651 0.0484935081427 -0.00908733088335 0.0384621651409 -0.00560540230024 0.0255690090295 0.00311168882698 0.0242669438565 0.0482348050176 -0.0024911274887 0.0192605567632 0.0296684069692 0.00177661674713 0.0126138439318 0.00898452159223 0.0050317736122 0.0688288736238 0.0336264789022 -0.00223681754955 0.0157174139187 0.0254826948632 0.00502057331113 0.0199628121791 -0.00356876069699 0.00643895899787 0.045334312 0.0207994962248 0.412234140378 0.0338104729106 0.0478362568098 0.156238110938 0.0125925094989 0.0219454691068 0.0234500455098 
0.00740483128688 0.0333846757951 0.0187747218736 0.0123088308345 0.00263815536924 0.0142986840924 0.0294486979478 0.0271695086061 0.0152543666509 0.0144050445005 0.024653996988 0.0148665175426 0.0241719457454 0.0191952852737 0.0135266883001 0.0049416955297 0.0100694207122 0.00782094273283 -0.00205842518532 0.0185007497878 0.0146109717923 -0.000933272358881 0.0331658319825 -0.00581194682976 -0.0113546278023 0.00224939711571 0.00859915957494 -0.00826203971968 0.0163381490122 0.00583247300163 0.0151957971546 0.0302086763955 0.0098602402922 0.0338104729106 0.459763125295 0.0122046041873 0.0400896714582 0.00988519947056 0.023245063227 0.00916475870464 
0.0146906049311 0.0267824002149 0.0297841080911 0.0153176527878 0.0121394005747 0.0227262366613 0.0164259629701 0.0264882542733 0.00370489015402 0.0388490555236 0.0168955395067 0.026484950482 0.0112397408828 0.0502622333763 0.0166519974487 0.0267188548524 0.0200211362044 0.033046862186 0.00322658168266 0.0286099742102 0.0122057443794 0.0205205516647 0.0455270491774 0.0267441304064 0.00423358963414 0.0141935694709 0.0238491199425 0.016245787637 0.0214519021277 0.00888026672535 0.0147397532415 0.0408316259656 0.00857697728306 0.0478362568098 0.0122046041873 0.251909367465 0.02043660861 0.00214003253299 0.0113798783855 0.0129765375307 
0.0167768363947 0.0232696153637 -0.00326714117812 0.0382599839492 0.0121363840249 0.00826157918214 0.0326271213392 0.020905557949 -0.00608476532448 0.031320587221 0.0130829913379 0.0125379968513 0.00930847036452 0.00951114074933 0.0242550462734 0.00065506516656 0.0125463858618 -0.00824432898778 0.000169493495343 0.018295406586 0.010968723065 -0.00224817033323 0.0282370246757 0.0190484684041 0.0130314127321 0.00339950659095 0.0240884584468 0.00932678227221 0.0106478435743 0.02065076493 0.00498227533387 0.0340550038994 0.0106907777427 0.156238110938 0.0400896714582 0.02043660861 0.405142371504 0.00295138825096 0.00965403831509 0.0596145670254 
0.00487720397947 0.0129254408431 0.00187142914847 0.0115079479262 0.00279042166801 0.0107610441167 0.0130267016303 0.0112268508173 0.0215090171114 0.0263453542718 0.0136271709517 0.0197634124004 0.00342525321655 0.0182002642194 0.0130861517898 0.0060895897565 0.011023825599 0.00718424887548 0.00596738437741 0.0028838671582 0.0158501384354 0.0056298039155 0.0205903170069 0.000851380155858 0.0073363134681 0.00880488147318 0.0200630234132 -0.000926995976023 0.00536393150462 0.0138379187011 -0.000268089125503 0.00601826338573 0.00762905526923 0.0125925094989 0.00988519947056 0.00214003253299 0.00295138825096 0.142103817392 0.011599681192 0.0085694825986 
0.0133516386566 0.0282629999249 0.0370667671009 0.0184430159012 -3.31959491692e-05 0.0218526222749 0.0168893093507 0.0323627291702 0.0100961954579 0.0303068959364 0.0311545058237 0.0297244850166 -0.000415209645217 0.0119714667271 0.0142987888044 0.0261474976554 0.0241389578801 0.010211498337 0.0374946336615 0.0159207230732 0.0149978586021 0.0313470698512 0.0271175072654 0.017659275696 0.0160402123799 0.0183181476285 0.0159582035801 0.029885514057 0.03125797917 0.0248397039674 0.0261880137261 0.0321397455702 0.0128280348107 0.0219454691068 0.023245063227 0.0113798783855 0.00965403831509 0.011599681192 0.227525033784 0.00932168078005 
0.00248999501578 0.0156104420914 0.00279804988283 0.0414271070653 0.0167476726924 0.035024610866 0.0290859245575 0.0151121659752 0.00507749770698 0.0169882773424 -0.00892514079192 0.0205677037782 0.0176938202158 0.0139030536539 0.0415679848771 0.0166089209746 0.0195046880223 0.0113362571196 0.0224002028735 0.0122290492787 0.0284534196985 0.0167921134418 0.0264836113996 0.0171166562711 0.0103079455615 0.0147839506823 0.0352308737906 0.0248180473743 -0.0023894566925 0.0230032753399 0.0021985834665 0.0387986514973 0.018952179494 0.0234500455098 0.00916475870464 0.0129765375307 0.0596145670254 0.0085694825986 0.00932168078005 0.244413306769 

['LH', 'SLR', 'CTXS', 'AMGN', 'SLM', 'WFT', 'FNM', 'APCC', 'CAG', 'MAR', 'SYK', 'SPG', 'MDT', 'AET', 'STA', 'SWK', 'JCI', 'ODP', 'ADP', 'CCL', 'AEE', 'DIS', 'VMC', 'ADM', 'BSX', 'FRE', 'BBT', 'APA', 'IFF', 'ETR', 'QLGC', 'GS', 'TMO', 'TXT', 'BMY', 'LLL', 'BDX', 'K', 'APD', 'PRU']