60
0.0594687244428 0.045915457725 0.060830846045 0.0335346879574 0.0766878163077 0.143584613331 0.133882810383 0.0470472683343 0.0773240107923 0.0220144037379 0.0299059053764 0.214537342356 0.0501755430095 0.0162161188728 0.0502759777883 0.0533286406295 0.0782010317916 0.0559549201136 0.127416862275 0.0180781461794 0.0594494044175 0.0420146984796 0.0387981152642 0.0406155741598 0.0192488530763 0.0412963652708 0.0690415105338 0.0396471392927 0.0251604878384 0.0884893451388 0.0623322546876 0.019144788815 0.0952881581377 0.0340091550877 0.0363496030559 0.07971303899 0.0341115490789 0.0113752176021 0.0394797478448 0.0831725949645 0.0698927007 0.0188066159349 0.0535662105727 0.149246593495 0.0179151897049 0.0424048973372 0.043075945187 0.026417897889 0.0375994121509 0.0896788789081 0.0612619406497 0.0246645675501 0.0389775871913 0.0441448787565 0.0265727047954 0.0240188564254 0.0447966226616 0.0645874353538 0.0335830315084 0.0256345374975 
0.402995599032 0.0243743629479 0.00115995197908 0.0135121737747 0.0267394629716 0.0056423258924 0.0185664953816 0.00486465202513 0.0267756048854 0.00663248135605 -0.00387256814744 0.0406110279872 0.0112857349796 0.0191507740223 0.00882532300257 0.0150009184096 0.0273766750261 0.0215232835987 0.0163614210266 0.00396230559547 0.0200438167671 0.0123540736502 0.0299112651756 -0.0133629211519 -0.000106013342834 0.0134240295413 0.0326427775539 0.0105698525869 0.00714024726639 0.00924660568096 0.0247471993985 0.0244666733589 0.0212281338149 0.00335905804905 -0.000615774219313 -0.00106910908001 0.00424482990753 -0.000535062840432 -0.00349264642755 0.00997416194247 0.0321882123574 0.0173773568533 -1.58891053569e-05 0.0212926657258 0.019715759824 0.00490298865698 0.0117654969368 0.0190725760791 0.0108987879485 0.0352002251646 0.00554926195594 0.000437900704629 0.0336453523457 0.00592275339198 0.0119190252267 0.0233920166895 0.00689934019582 0.018583433383 0.0129592712233 0.00810546707179 
0.0243743629479 0.315076738056 0.0213823951978 0.0127502045604 0.0496436537949 0.0152277843309 0.0106012325136 0.0143132925235 0.0486495791709 0.00898888635269 0.0192601967086 0.0405630363423 0.00804442666601 0.00801719724295 0.0343915434381 -0.000532646495187 0.0141104045685 0.0182971542337 0.0200774290426 0.0199018462951 0.009548178745 0.0224010302103 0.00733423271761 0.00381077528043 0.00565634250289 0.00442042297027 0.0431791945453 0.0144585493842 0.0059804865536 0.0250015005193 -0.00178725693365 0.000647055356581 0.0177178681054 0.00795374830253 -0.000153574267424 0.00132734090414 0.00736896915781 0.0258332762117 0.00343462240273 0.0201712472131 0.0464825367295 0.00768580304527 0.0133654992294 0.0121849226878 0.00370468416032 0.0134135705759 0.0111957511045 0.00180234023326 0.00495532747955 0.0285666178654 0.0172479118635 0.0152638525621 0.0346384675311 0.0169328654476 0.0124645426313 0.00994405760073 0.0182408548305 0.00491185143769 -0.00964612803066 0.0191705154562 
0.00115995197908 0.0213823951978 0.280094411328 0.00748499198874 0.0231754691314 0.0210527221808 0.0150941955956 0.00868174059542 0.0277014388091 0.00985246592398 0.00389390233843 0.0185704489903 0.0227430574614 0.00952638379119 0.0328496495766 0.0273096816972 0.022476127288 0.0340779410916 0.0179982800821 -0.000994873566471 0.0523174747294 0.0269872975671 0.0225383647997 0.0159630218338 0.00862991577964 0.00675150493538 0.0505599933162 0.00769848664998 0.0277358471651 0.0318852180479 0.000998963304991 0.0315713131073 0.034623063238 0.016955452186 0.0126724715563 -0.000579550549566 0.0311602390461 0.0413827129519 0.00974667083401 0.0306219273631 0.0296802054626 0.0201159695006 0.0214126179695 0.0067690407427 -0.000839388197521 0.0229025803113 0.0295469402047 0.0243710951022 0.0201817294709 0.00781927683803 0.0126943937526 0.0160904567826 0.0397266897107 0.03940077939 0.0151840587214 0.021699012281 0.0200821846684 0.0302424810602 0.0408784106996 0.00933984653995 
0.0135121737747 0.0127502045604 0.00748499198874 0.234362521901 0.0216611742572 0.0135391297727 0.00617339011642 0.0141030856824 0.0122423316854 0.0142808174698 -0.000529187141507 -0.000535702874538 0.0139666440191 0.0152719848405 0.0200172817221 0.0100982537207 0.0442754928163 0.00317484866489 0.00139676930734 0.0132831632988 0.013127364944 0.00312177064214 0.00472408371004 0.0137164069828 0.0148368500072 0.0159043028648 0.0073301246788 0.0209937656618 0.00864673574459 0.0176175114605 0.00130937164458 0.0104556524941 0.00990148684466 0.0160246655892 0.0204682477226 -0.00707438900197 0.00120959158897 0.0148548416009 -0.00145488656613 0.00776754960493 0.00243628477036 0.00258813103991 0.0170082161544 0.005288067738 0.010660866904 0.0148698648251 0.0155480772882 0.00829738054838 0.00639849733534 -0.00564660023928 0.00235434639445 0.0146262931384 0.00463667366303 0.00743796345665 0.00563898395139 0.0129669944928 0.0123687026885 -0.00381571122088 -0.000136151058855 0.00247623816196 
0.0267394629716 0.0496436537949 0.0231754691314 0.0216611742572 0.425565667432 0.0301611237157 0.0580099537754 0.0152172927336 0.0451700882451 0.00167967829711 0.00887499371379 0.0954258538224 0.0184983470223 0.0038512416111 0.0102123081947 0.0445878533055 0.0403099041396 0.0508658661537 0.0257964453128 0.00923529688973 0.0261122436097 0.0141003756158 0.0570385548374 0.00332462490231 0.0095033157692 -0.0090262031885 0.0519656845064 0.0128259305448 0.0232764801703 0.0203924374152 0.0138094596933 0.012541418011 0.0429583238369 0.010721278658 0.0141755912882 0.00283804905987 0.0163860591672 0.028083698475 0.0288900196852 0.0249679436004 0.048933060449 0.0124845117915 0.00976523431241 0.0224548460619 0.00304757611387 0.0215360900734 0.020401335082 0.0186190174682 0.00674037524368 0.0906553566958 0.0226311761703 0.0159587317115 0.0248450553741 0.0396378029811 0.00119113478532 0.028773838286 0.0378422945 0.0143557160463 0.10010954338 0.0153647225651 
0.0056423258924 0.0152277843309 0.0210527221808 0.0135391297727 0.0301611237157 0.497736300045 0.156939319898 0.0311915658162 0.0540708148126 0.0243539705328 -0.00125113069082 0.0124867152886 0.0148998667838 0.0213055850882 0.0250207775533 0.0121684450032 0.0234287272306 0.0207618861986 0.181121577429 0.00476797700909 0.0182260173911 0.0382546190177 0.0141799943365 0.0354542217124 0.0148185022718 -0.0038201770503 0.0151112047599 0.0384032263497 0.0116062260172 0.0307371238864 0.00567142299946 0.0178485018694 0.0504623006552 -0.00394200637632 0.0033501485182 0.014174613185 0.0051191110338 0.00644081645724 0.0443837271763 0.0439243391983 0.0195407788728 0.00297026215339 0.0338767734369 0.175199833639 0.0116975265386 0.0121644104267 0.0167388419552 0.0205928613388 -0.00131349769635 0.0394514369234 0.0383209386985 0.00793774876137 0.0161015419925 0.0189517777859 0.0103618600875 0.00519715722691 -0.0135681619108 -0.0176079059732 0.0057426021456 -0.0104635323496 
0.0185664953816 0.0106012325136 0.0150941955956 0.00617339011642 0.0580099537754 0.156939319898 0.438468018447 0.0123336909393 0.0349395433365 0.020779491339 -0.00384784870442 0.0212541924629 0.0118770071812 0.0120776645521 0.0245219917556 0.00889701543901 0.00943042503295 0.0291724897339 0.135485705893 0.00406289699575 0.0251329937966 0.0400407161086 0.0194028941906 0.0238119963572 0.00890417699681 0.00117615501115 0.032702808149 0.0171537781396 -0.00265722677165 0.015554443608 -0.018220931634 0.00355390273947 0.0489594067104 0.000105221551097 0.011954796144 0.0198199319481 -0.00471451303972 0.00559451322394 0.00726253343094 0.0433809604768 0.0374174004416 0.0117960386033 0.0167497520066 0.12847950783 0.0102119040232 0.00653587008419 0.0448545099729 0.0185838110536 -0.00712812856643 0.0108176257739 0.052383437389 -0.0020631670436 0.00940616406545 0.017888125602 0.0256568769162 0.0202306279296 0.0055817518683 0.00689124778772 0.00264876920571 0.00621367220525 
0.00486465202513 0.0143132925235 0.00868174059542 0.0141030856824 0.0152172927336 0.0311915658162 0.0123336909393 0.179292011396 0.0212844249506 0.0127340101661 0.00381917673631 -0.00333419559668 0.0131419087644 0.0173486166169 0.0132011331811 0.0121343851889 0.0194457532999 0.0268356589285 0.0093499341986 -0.00558190985132 0.026290930634 0.00402213073674 0.023145896524 0.0721983128543 0.0189047876048 0.0108371833646 0.0176546677341 0.00945747512014 0.0136497311032 0.0107533563401 -0.00154674583175 0.0165363391666 0.0241039518717 0.0144975635775 0.017204838851 0.0206395207457 0.00700600435969 0.0132408392183 0.025600318751 0.0187523040324 0.0173491201954 0.0154731134791 0.0785279325965 0.0057612549949 0.0152434553364 0.00952556584101 0.0175759458429 0.00769595002255 0.0149021198725 0.00547325537245 0.017532075926 0.0183094151249 0.00772871984706 0.0331439544543 0.00474782818857 0.0094409037402 0.0312734836115 0.0164059794791 0.00396926218302 0.0158052871424 
0.0267756048854 0.0486495791709 0.0277014388091 0.0122423316854 0.0451700882451 0.0540708148126 0.0349395433365 0.0212844249506 0.398531855386 0.0011043887568 0.031844551432 0.0485112199997 0.0309670961227 0.0105043939346 0.0153628073164 0.0161862302044 0.0340778453759 0.0332379559677 0.0479103704353 0.0256036241799 0.0496001196119 0.0317478601515 0.0185324961904 0.0437396773083 0.00800062893265 0.0140593818838 0.0300511433787 0.0437144755109 0.0192169452977 0.0121997312428 0.00989965647586 0.0546649057682 0.243586353714 0.0195248403526 0.0298861339943 0.0311788069362 0.0150117406514 0.0278761843286 0.0241871968288 0.0614116315685 0.0322285487522 0.0261153496789 0.0320814228819 0.056895642969 0.0272956183789 0.0292343018568 0.0258421623755 0.031347376544 0.0204592940387 0.0320289660834 0.0155855942896 0.0277009022528 0.0283434810395 0.0343335978749 0.0242755469719 0.0352446694672 0.0434128429689 0.0258212672692 0.0282180232376 -0.00342715569328 
0.00663248135605 0.00898888635269 0.00985246592398 0.0142808174698 0.00167967829711 0.0243539705328 0.020779491339 0.0127340101661 0.0011043887568 0.172473479793 0.0112368967911 0.0142699195888 0.0182595596343 0.0425041736118 0.0268724964179 0.00919735725469 0.0225079841086 0.0109662961929 0.0134246954253 0.00897051933489 0.0108829226263 0.0269848704154 0.0116355739097 0.0183740071539 0.00343363755958 0.0204321464767 0.00786061269325 0.0472755139946 0.00679946968131 0.00209369624435 -0.00391128596158 0.00359804416228 0.0138825347169 0.0265545096848 0.00393190748185 0.0101631936083 0.0102049761308 0.00823963855255 0.00724437740627 0.00906188503082 -0.000535284489178 0.00161448819087 0.02086345753 0.0295998477615 0.0181173131316 0.00800042751364 0.0109323646322 -0.00058541802733 0.0130011480046 0.00432730863714 0.0149126219894 0.00152192342399 0.0145419489816 0.00184234507032 0.0111726117845 -0.000617835155585 0.0081713958955 -0.00834360438301 0.00897635414038 0.0120058050867 
-0.00387256814744 0.0192601967086 0.00389390233843 -0.000529187141507 0.00887499371379 -0.00125113069082 -0.00384784870442 0.00381917673631 0.031844551432 0.0112368967911 0.263726607655 0.0351559464921 0.0209159908687 0.00778014016716 0.0131738799735 0.0030861945576 0.0174547362472 0.0206023811281 0.00580791865524 0.00558438727301 0.0125435384688 0.0179993377667 0.0222168435533 0.0235541195905 0.0160245650639 0.00611679603794 0.00942064591064 0.0162604550483 0.0144813391117 0.0286389690271 0.0117566462629 0.0103588472487 0.033261648684 0.0122038510192 0.00275161721045 0.00669846723406 -0.000680810498655 0.0138401760675 0.00470822756069 0.0272400500195 0.0172191607713 0.00780866351399 0.0139057253109 -0.00310111942207 0.0122034786482 0.0248023591533 0.0157416477676 0.00756236858903 0.0137173936455 -0.00215331547557 0.0310284133259 0.014326463512 0.0233161927939 0.0252072370969 0.030611797458 0.0184528664343 0.039427447215 0.0230879731386 0.00782783204564 0.00109023021252 
0.0406110279872 0.0405630363423 0.0185704489903 -0.000535702874538 0.0954258538224 0.0124867152886 0.0212541924629 -0.00333419559668 0.0485112199997 0.0142699195888 0.0351559464921 0.938850210472 0.0216151793434 0.011106695632 0.0222902611159 -0.00331661880719 0.0850045572001 0.0549203175514 0.0373733431237 0.0107660099394 0.00924498323351 0.0277882737456 0.0346051108342 0.0233834288482 -0.0154508051347 0.0306367131801 0.103051615658 -0.0014817704131 -0.00505055331965 0.0523340557911 -0.00476509254287 0.0177362358253 0.111281250788 0.0100110110779 0.0124781715099 0.0450564816201 0.0262996103011 0.0325875309024 0.0467612278747 0.0434785455129 0.0101815744735 0.0331113812565 0.0257510092424 0.0267299301993 0.00708296008069 0.0124775173782 0.0173031586201 0.0356235641637 -0.00539721713496 0.169016501395 0.0602637060422 -0.00177506495955 0.00875439482811 0.0143696334248 0.000949244891663 0.0346888241565 0.0286269549808 0.0685078021149 0.068874278976 -0.00252113416215 
0.0112857349796 0.00804442666601 0.0227430574614 0.0139666440191 0.0184983470223 0.0148998667838 0.0118770071812 0.0131419087644 0.0309670961227 0.0182595596343 0.0209159908687 0.0216151793434 0.315796284339 0.0020762129218 0.00660717423938 0.00678578031739 0.0317383012736 0.000138546490463 0.0184249609715 0.0040773416184 0.0263824707598 0.0133512965858 0.0218731299455 0.0167626988818 0.0125559006829 0.000843592255683 0.0126734575394 0.00459752185548 0.0106417690289 0.00912682441471 -0.000735769103747 0.0158121068774 0.0379066888147 0.0144479318019 0.00358427000815 0.030062301803 0.00791890705554 0.0155138400052 0.0164193311997 -0.00177938113996 0.0376124094995 0.0127102046386 0.0139486292896 0.0160681792904 -0.00433574258409 0.0183752768378 0.000772516082018 0.00890767940336 0.00611586286233 -0.00402209623973 0.0131660053561 0.0160758329814 0.00977503205871 0.0165027146821 0.00261359265655 0.026608156681 0.0353629498613 0.0171870368743 0.0216207731943 0.00744794210609 
0.0191507740223 0.00801719724295 0.00952638379119 0.0152719848405 0.0038512416111 0.0213055850882 0.0120776645521 0.0173486166169 0.0105043939346 0.0425041736118 0.00778014016716 0.011106695632 0.0020762129218 0.179217019385 0.0251723762633 0.014687396311 0.0107939739875 0.011028229407 0.0277143893833 0.00667651815083 0.0190639580417 0.0243837304818 0.0142768995778 0.0255679603277 0.00669390733698 0.021914244152 0.00222924502153 0.0615104895735 0.0170732058256 -0.00513401430738 -0.000914896577946 0.0161035311265 0.0165237456849 0.0195742458868 0.00745226610418 -0.0104193618594 0.00992634059681 0.0096888698427 0.00787084468735 0.00641243122602 0.0117658384009 0.00230221611449 0.0148645007695 0.0510313993523 0.0115027930967 0.00421227242015 0.0119200457155 0.0045958263208 0.00427935742298 0.0102607173319 0.0109854908666 0.0203478390374 0.02408466344 0.0262827892494 0.0166679858134 0.00898154718052 0.00377999048073 -0.00204463348734 -0.00450325967363 -0.000405088402344 
0.00882532300257 0.0343915434381 0.0328496495766 0.0200172817221 0.0102123081947 0.0250207775533 0.0245219917556 0.0132011331811 0.0153628073164 0.0268724964179 0.0131738799735 0.0222902611159 0.00660717423938 0.0251723762633 0.260721599748 0.0130153910004 0.0249804567631 0.0115848135185 0.0137318550858 0.00174604983735 0.010033459866 0.0202751119678 0.0113204840198 0.0170543355893 0.00377444711016 0.00791511545347 0.0122579072278 0.0180435579539 0.0162854301898 -0.000569933693273 -0.00731213579433 0.00597595872833 0.0185475072051 0.0239953288445 0.00331277613636 0.0017043802215 0.0157382586994 0.0269140423471 0.0146839764066 -0.00250631419248 -0.00682690726215 0.0247290212462 0.0281880807551 -0.00359697982461 0.0112009095407 0.00278119499449 0.0157742328815 0.0124028993319 0.0152967051567 0.0114054932342 -0.00275990161779 0.0149573060466 0.00750959509906 0.0184635621242 -0.000349824193642 0.0160507304028 0.0135339127981 0.0159011934937 0.0068213854304 0.0221993205983 
0.0150009184096 -0.000532646495186 0.0273096816972 0.0100982537207 0.0445878533055 0.0121684450032 0.00889701543901 0.0121343851889 0.0161862302044 0.00919735725469 0.0030861945576 -0.00331661880719 0.00678578031739 0.014687396311 0.0130153910004 0.263795808588 0.00281607866979 0.016321182369 0.011314733208 0.00657270278355 0.0228665468396 0.0158796642898 0.0203397192959 0.0209722809814 0.011306295765 -0.00245688042098 0.0285278604973 0.00583398671628 0.00818201992868 0.00699549297971 0.00966818378968 0.0173604357083 0.0160921377013 0.0121031476817 0.00994963450403 0.0223686413237 0.00432341688129 0.0136808567516 0.0147332099381 0.0158766282538 0.0167070786071 0.0152484594606 0.0186634114862 0.00187784307957 0.00378513460282 -0.000410394877356 0.00247701512372 0.0237025097826 0.0148143819772 0.00049754907774 0.0139420676393 0.00817782098424 -0.00156101967242 0.0125449369911 0.00913371494192 0.015912435924 0.0037741389005 -0.00245682511234 0.0107152860582 0.0194921041752 
0.0273766750261 0.0141104045685 0.022476127288 0.0442754928163 0.0403099041396 0.0234287272306 0.00943042503295 0.0194457532999 0.0340778453759 0.0225079841086 0.0174547362472 0.0850045572001 0.0317383012736 0.0107939739875 0.0249804567631 0.00281607866979 0.37036766111 0.025446286538 0.00966724032482 -0.00273582772998 0.028333479853 0.00880868939355 0.011490970151 0.0125622622696 -0.0113626138526 0.00735103635019 0.0365114309969 0.0134459175257 0.00385093305164 0.0296477079035 0.0122243760271 0.015333964572 0.0404262988129 0.00862946325182 0.0140209369322 0.029620229203 0.0106124915703 0.00383988198815 0.00961031305816 0.0366180140785 0.0240948078107 0.0328737003367 0.0157168178226 0.0374755917458 -0.00516972082272 -0.0179449241894 0.00193355246626 0.0195625404918 0.00805433148032 0.0186051639889 0.0430598555711 0.0081642488316 0.0143970925431 0.0190123125664 0.021478600377 0.0165092100591 0.0218739245592 0.0194925986916 0.0280461982201 0.00460260674697 
0.0215232835987 0.0182971542337 0.0340779410916 0.00317484866489 0.0508658661537 0.0207618861986 0.0291724897339 0.0268356589285 0.0332379559677 0.0109662961929 0.0206023811281 0.0549203175514 0.000138546490463 0.011028229407 0.0115848135185 0.016321182369 0.025446286538 0.254580488863 0.0200855243115 0.0104924870017 0.0195295414728 0.00355066533109 0.034585113991 0.0342352676466 0.0133771128518 0.0166054408472 0.0418313284922 0.0243630470667 0.014780635591 0.0341216719763 0.0114804806366 0.0293676825913 0.0375706115563 0.0175740608378 0.0215667251147 0.0236545551781 0.0247287647073 0.0166279950661 0.0246905498961 0.0356819477007 0.0386994967064 0.0172966878847 0.0247421156567 0.0250723121633 0.012629450707 0.0215806971425 0.0219345865217 0.0309717042365 0.00987054956641 0.0427175652582 0.00592319901972 0.0219507549741 0.0196824952572 0.0284399853198 0.0114456530338 0.0235130981716 0.0319611550886 0.0167479694462 0.0235371300474 0.0167959830447 
0.0163614210266 0.0200774290426 0.0179982800821 0.00139676930734 0.0257964453128 0.181121577429 0.135485705893 0.0093499341986 0.0479103704353 0.0134246954253 0.00580791865524 0.0373733431237 0.0184249609715 0.0277143893833 0.0137318550858 0.011314733208 0.00966724032482 0.0200855243115 0.412126479393 0.00223217360155 -0.00119608699213 0.0461113847231 0.0225536868962 0.00955888815566 -0.00188016054122 0.000923574286259 0.0205465589733 0.0269779791833 0.00175080994452 -0.00112472098794 -0.00429475799259 -0.000609329912338 0.0339760708943 -0.00438966965859 -0.00836378353262 0.0141565220744 0.00747205449313 -0.00104353988068 0.00800339752656 0.0334828421104 0.0220924120626 -0.0033865971391 0.0166065646468 0.151647978162 0.0156309055048 -0.00398029714851 0.0108452870344 0.0208614154693 0.000141676324529 0.0203217591397 0.00731405914004 0.0158179817 0.000696401686139 0.00233123634382 0.0175144148132 0.0233441517127 0.0226213347439 0.0105657735476 -0.00247116557255 -0.00686513953367 
0.00396230559547 0.0199018462951 -0.000994873566471 0.0132831632988 0.00923529688973 0.00476797700909 0.00406289699575 -0.00558190985132 0.0256036241799 0.00897051933489 0.00558438727301 0.0107660099394 0.0040773416184 0.00667651815083 0.00174604983735 0.00657270278355 -0.00273582772998 0.0104924870017 0.00223217360155 0.246288559837 0.00473069229739 0.0168722854557 0.0078159496735 0.00166951551044 0.00321596965313 0.0103300421664 8.01157217769e-05 0.0157266055155 0.0102290448586 7.14715244273e-05 0.00603605405527 0.0080670028309 0.0136026457349 0.0086430806295 0.00313952668203 0.0211533286014 0.0104763088689 0.00237899728856 0.0117055073772 0.000380982407017 0.0185316885163 0.00360373760356 -0.000501197752689 -0.0125516917403 0.00726361596484 0.00925970400241 0.00741665150682 0.0131533457419 0.00927458713389 0.0134151955811 0.0100741665046 0.00947701514415 0.0232152221308 0.0125746916924 0.00916694380125 0.00918135326421 0.0214716336304 0.0170523354214 -0.00107883982072 0.00793258401971 
0.0200438167671 0.009548178745 0.0523174747294 0.013127364944 0.0261122436097 0.0182260173911 0.0251329937966 0.026290930634 0.0496001196119 0.0108829226263 0.0125435384688 0.00924498323351 0.0263824707598 0.0190639580417 0.010033459866 0.0228665468396 0.028333479853 0.0195295414728 -0.00119608699213 0.00473069229739 0.257511406095 0.0110170371479 0.0423401490516 0.0238702426031 0.0115324415275 0.00526337879978 0.0325714149875 0.0242299868939 0.0286545280788 0.0134269243441 0.0168061889785 0.0312214483101 0.0623850008055 0.042804798144 0.0209800282191 0.0319835467645 0.0166550817238 0.00328941155523 0.0130188190538 0.0283351991106 0.0387886626746 0.0198326040286 0.0273477981761 0.0223505304721 0.0154754570513 0.00327724538115 0.0432312517675 0.0254808412129 0.00703030093842 0.0262989755589 0.0227046917736 0.0477211296809 0.0392035751813 0.0949755464687 0.0364351974472 0.0108876125163 0.0333895362738 0.016539046051 0.0205422363789 0.00709190544048 
0.0123540736502 0.0224010302103 0.0269872975671 0.00312177064214 0.0141003756158 0.0382546190177 0.0400407161086 0.00402213073674 0.0317478601515 0.0269848704154 0.0179993377667 0.0277882737456 0.0133512965858 0.0243837304818 0.0202751119678 0.0158796642898 0.00880868939355 0.00355066533109 0.0461113847231 0.0168722854557 0.0110170371479 0.199794987854 0.00942730146619 0.0121887621694 0.00815189922689 0.00966176026071 0.021345305621 0.0273468754099 0.0145393919238 0.0284584317225 -0.0115338580189 0.00726546166262 0.012745860331 0.0101938413129 0.00695677990416 0.00687314893133 0.00762447082168 0.0177953099494 0.016204200661 0.0299968673064 0.0266806683867 0.00400757294752 0.00915484255876 0.0411812332751 0.0120175698967 0.00390432260633 0.0124532463673 0.00287852815928 0.0179022490914 0.0261405626607 0.0156953083734 0.0145959182595 0.0268877394163 0.00825335024642 0.0308449458298 0.0140029381351 0.0116237990584 0.0136244945942 0.000888137280861 0.000789192111975 
0.0299112651756 0.00733423271762 0.0225383647997 0.00472408371004 0.0570385548374 0.0141799943365 0.0194028941906 0.023145896524 0.0185324961904 0.0116355739097 0.0222168435533 0.0346051108342 0.0218731299455 0.0142768995778 0.0113204840198 0.0203397192959 0.011490970151 0.034585113991 0.0225536868962 0.00781594967351 0.0423401490516 0.00942730146619 0.210900171638 0.0218626389188 0.00973355544056 0.0148752326654 0.0336534640753 0.0140802126939 0.0109639410468 -0.0080877669577 -0.00421690592289 0.0177395516415 0.0262227200601 0.0138059047718 0.0114690798414 0.0278341067537 0.0114140535216 0.00382483363068 0.0215018905884 0.00740267250409 0.0130210120938 0.00919584021815 0.0275193168639 0.0355725933496 0.00314885821059 0.0213939475105 0.00774978210433 0.0152519613136 0.00799002330576 0.0282078413294 0.0209343054005 0.0130053192121 0.0144015252316 0.0457753312479 0.00131627560894 0.0262214905777 0.0230691282364 0.0127637238317 0.0245774989354 0.00881832072757 
-0.0133629211519 0.00381077528043 0.0159630218338 0.0137164069828 0.00332462490231 0.0354542217124 0.0238119963572 0.0721983128543 0.0437396773083 0.0183740071539 0.0235541195905 0.0233834288482 0.0167626988818 0.0255679603277 0.0170543355893 0.0209722809814 0.0125622622696 0.0342352676466 0.00955888815566 0.00166951551044 0.0238702426031 0.0121887621694 0.0218626389188 0.195948151901 0.0147458677343 0.0161315371795 0.0102526412067 0.023233319079 0.0159665110044 0.0242183900959 -0.00274697076562 0.0230850087775 0.0324379330647 0.013564438569 0.012596784564 0.0117117772025 0.0194371362406 0.0198738635989 0.0126928344354 0.0224340813823 0.0237294131793 0.0123853628724 0.0780424813505 0.0254556863682 0.0249467726522 0.0145785039801 0.0179140990206 0.00892213804893 0.0173749006645 0.0261134629143 0.0232218448294 0.0192757371731 0.00682809812902 0.0265834327505 0.00658298901322 0.0231492927528 0.0272916743826 0.015017404821 0.0138192785012 0.00806970112093 
-0.000106013342834 0.00565634250289 0.00862991577964 0.0148368500072 0.0095033157692 0.0148185022718 0.00890417699681 0.0189047876048 0.00800062893265 0.00343363755958 0.0160245650639 -0.0154508051347 0.0125559006829 0.00669390733698 0.00377444711016 0.011306295765 -0.0113626138526 0.0133771128518 -0.00188016054122 0.00321596965313 0.0115324415275 0.00815189922689 0.00973355544056 0.0147458677343 0.133385634625 0.0163141210113 0.00542276901118 0.00841426543823 0.010581236663 0.0107043475399 0.0164370509591 -0.00199760106109 0.000276465824155 0.0162291578882 0.00967476008441 0.0171952096564 0.000753924307129 5.73958746363e-05 0.0154226084147 0.0175011703767 0.0084410054594 0.00448748692462 0.0139436780455 -0.00113313269208 0.00936987887514 0.00685540744812 0.0144595106008 0.00509611176819 0.0183772880295 0.0207862811115 -0.000537297411553 0.00980653586319 0.0147411647854 0.00895181617039 0.00455553547673 0.0102012413083 0.0232252739797 -0.00212366799817 0.00478335678467 0.0168683924571 
0.0134240295413 0.00442042297027 0.00675150493538 0.0159043028648 -0.0090262031885 -0.0038201770503 0.00117615501115 0.0108371833646 0.0140593818838 0.0204321464767 0.00611679603794 0.0306367131801 0.000843592255683 0.021914244152 0.00791511545347 -0.00245688042098 0.0073510363502 0.0166054408472 0.000923574286259 0.0103300421664 0.00526337879978 0.00966176026071 0.0148752326654 0.0161315371795 0.0163141210113 0.244491470178 0.00561612609268 0.00679805524997 0.0128635219387 0.00497971740323 0.00412103724123 0.0160653022537 0.00741420762809 0.018802973304 0.00593712234386 0.00623495407251 0.00975461031841 0.00377335919434 0.0267811374165 0.0130195661682 0.00533868200188 0.013941130432 0.00776715330886 0.0192819228882 0.0245903116411 0.0143648908463 0.0181315679794 -5.46804294473e-05 -0.00212932418035 -0.00883177972154 0.0112724460098 0.00856989169809 0.0155377059657 0.00761593878634 0.00503900649778 -0.00133223065494 0.00459788124088 -0.000990015893179 0.00217079100655 0.0118075234096 
0.0326427775539 0.0431791945453 0.0505599933162 0.0073301246788 0.0519656845064 0.0151112047599 0.032702808149 0.0176546677341 0.0300511433787 0.00786061269325 0.00942064591064 0.103051615658 0.0126734575394 0.00222924502153 0.0122579072278 0.0285278604973 0.0365114309969 0.0418313284922 0.0205465589733 8.01157217768e-05 0.0325714149875 0.021345305621 0.0336534640753 0.0102526412067 0.00542276901118 0.00561612609268 0.417570612726 0.0220890096479 -0.0056985564139 0.0288821870168 0.013011926791 0.0455222488266 0.0333077726441 0.0145358837215 0.0234868977425 0.0131828553564 0.00441806999755 0.0115328084434 0.0262777069234 0.0141768377628 0.0241327284739 0.00724334282812 0.0320415088152 0.0196664992542 0.00570368768661 -0.00943836643566 0.0140009438922 0.023953251191 0.00824475057435 0.0473860982644 0.0295599992093 -0.00328468835426 0.00793708499588 0.0382570373249 0.0159835561774 0.0323611820568 0.0213514861803 0.0117513956725 0.0288251440741 0.0107135543231 
0.0105698525869 0.0144585493842 0.00769848664998 0.0209937656618 0.0128259305448 0.0384032263497 0.0171537781396 0.00945747512014 0.0437144755109 0.0472755139946 0.0162604550483 -0.0014817704131 0.00459752185548 0.0615104895735 0.0180435579539 0.00583398671628 0.0134459175257 0.0243630470667 0.0269779791833 0.0157266055155 0.0242299868939 0.0273468754099 0.0140802126939 0.023233319079 0.00841426543823 0.00679805524997 0.0220890096479 0.249813235973 0.00856992156238 0.0149515895444 0.00237750806647 0.00969427818086 0.0291427000408 0.0196340139638 0.00826739461367 0.0262571224347 0.0176040368844 0.0259322755571 0.00314917210708 0.0101699741673 -0.00037186639365 0.000544413706233 0.020794974147 0.0669875595498 0.0138685931594 0.00540018302097 0.0280749471861 0.00970487610428 0.00809946169147 0.0156392186767 0.00906875545924 0.0165858602112 0.0139203674575 0.0367951799784 0.0139446162409 -0.00202720054271 8.52678500393e-06 0.00419968305282 -0.00120069554972 0.00163492590788 
0.00714024726639 0.0059804865536 0.0277358471651 0.00864673574459 0.0232764801703 0.0116062260172 -0.00265722677165 0.0136497311032 0.0192169452977 0.00679946968131 0.0144813391117 -0.00505055331965 0.0106417690289 0.0170732058256 0.0162854301898 0.00818201992868 0.00385093305164 0.014780635591 0.00175080994452 0.0102290448586 0.0286545280788 0.0145393919238 0.0109639410468 0.0159665110044 0.010581236663 0.0128635219387 -0.0056985564139 0.00856992156238 0.159076624125 -0.00548031084085 0.0179922298527 0.0285132326114 0.0205408908101 0.0358049235134 0.0200684860215 0.00988016776385 0.00644206523744 0.00515783572596 0.0351582235449 0.00622531293373 0.0154182887954 0.00392636246926 0.0190819032014 -0.00755956640896 0.00613594398375 0.00768684153332 0.0278640405555 0.00688803372035 0.0127541680642 0.0226539287107 0.00420123118554 0.0465874939137 0.0286611508885 0.0318797697298 0.0108537398 0.0149164402357 0.00824680724625 0.0153765884712 0.00519801755322 0.0213964725895 
0.00924660568096 0.0250015005193 0.0318852180479 0.0176175114605 0.0203924374152 0.0307371238864 0.015554443608 0.0107533563401 0.0121997312428 0.00209369624435 0.0286389690271 0.0523340557911 0.00912682441471 -0.00513401430738 -0.000569933693273 0.00699549297971 0.0296477079035 0.0341216719763 -0.00112472098793 7.14715244272e-05 0.0134269243441 0.0284584317225 -0.0080877669577 0.0242183900959 0.0107043475399 0.00497971740323 0.0288821870168 0.0149515895444 -0.00548031084085 0.473375377753 0.00680866223934 0.00737608969854 0.0115305345636 0.0135566187064 0.028553321549 0.038408531708 0.0177661099865 0.00779434862381 0.0101247989672 0.00979680697225 0.067726424654 0.014829637808 0.0173630730907 0.00538275446257 0.00496660737091 0.0114906158039 0.0142094038 -0.000295486328286 0.0231925650615 0.0667101571866 0.019997201469 0.0199441622221 0.0152131938095 0.0198919079025 0.0156337385464 0.0200767367879 0.0327114831473 0.00709849192628 0.0274145444563 0.00813372808655 
0.0247471993985 -0.00178725693365 0.00099896330499 0.00130937164458 0.0138094596933 0.00567142299946 -0.018220931634 -0.00154674583175 0.00989965647586 -0.00391128596158 0.0117566462629 -0.00476509254287 -0.000735769103747 -0.000914896577946 -0.00731213579433 0.00966818378968 0.0122243760271 0.0114804806366 -0.00429475799259 0.00603605405527 0.0168061889785 -0.0115338580189 -0.00421690592289 -0.00274697076562 0.0164370509591 0.00412103724123 0.013011926791 0.00237750806647 0.0179922298527 0.00680866223934 0.532606924709 0.00558361398998 0.0221038632772 0.0168795356673 0.00302298584518 0.0117387578243 0.0115043193139 -0.00232108351525 -0.00671055374789 0.00852688016165 0.000585554922736 0.0175854279866 0.00656346885876 -0.00124237976327 0.0163752422207 0.00895884382809 0.00571173002186 0.00215483557682 0.00734106277765 0.0166147660581 0.00425014621319 0.00603177105227 0.00562516645096 0.00402373091689 0.00240703451263 0.0133028255166 0.0429771173204 0.020778926084 0.00241066913715 0.0059268669682 
0.0244666733589 0.000647055356581 0.0315713131073 0.0104556524941 0.012541418011 0.0178485018694 0.00355390273947 0.0165363391666 0.0546649057682 0.00359804416228 0.0103588472487 0.0177362358253 0.0158121068774 0.0161035311265 0.00597595872833 0.0173604357083 0.015333964572 0.0293676825913 -0.000609329912338 0.0080670028309 0.0312214483101 0.00726546166262 0.0177395516415 0.0230850087775 -0.00199760106109 0.0160653022537 0.0455222488266 0.00969427818086 0.0285132326114 0.00737608969854 0.00558361398998 0.214393415343 0.0621617610986 0.0217726327858 0.0165330632385 0.00731547599996 -0.00608036873906 0.00418209927566 0.0140405740301 0.0142967842709 0.027361297657 0.0498642443211 0.0264071516797 0.0271251850421 0.00291910276294 0.00921359789848 0.0157559848927 0.0254592826818 0.00994384916557 0.00700972519741 0.0101468692116 0.0157558623771 0.0162450162779 0.0300625029411 0.00861672046483 0.0242386732403 0.0204649505976 0.0227629594667 0.0104867339314 0.0103346985326 
0.0212281338149 0.0177178681054 0.034623063238 0.00990148684466 0.0429583238369 0.0504623006552 0.0489594067104 0.0241039518717 0.243586353714 0.0138825347169 0.033261648684 0.111281250788 0.0379066888147 0.0165237456849 0.0185475072051 0.0160921377013 0.0404262988129 0.0375706115563 0.0339760708943 0.0136026457349 0.0623850008055 0.012745860331 0.0262227200601 0.0324379330647 0.000276465824155 0.00741420762809 0.0333077726441 0.0291427000408 0.0205408908101 0.0115305345636 0.0221038632772 0.0621617610986 0.483261223034 0.0280775093936 0.0269649728568 0.0226640791244 0.0141493696631 0.0333727371827 0.0108416521264 0.0659001097305 0.0259941394254 0.0232807512894 0.0451728564315 0.0812890671353 0.00132759397293 0.0180673223016 0.021931373864 0.0425813104696 0.0259553577626 0.0552497358969 0.0199907291094 0.0310792214661 0.0389528336088 0.0466839773367 0.0233855371851 0.012081862143 0.0509623370526 0.0147193036665 0.0170185533262 0.0224894328842 
0.00335905804905 0.00795374830253 0.016955452186 0.0160246655892 0.010721278658 -0.00394200637632 0.000105221551096 0.0144975635775 0.0195248403526 0.0265545096848 0.0122038510192 0.0100110110779 0.0144479318019 0.0195742458868 0.0239953288445 0.0121031476817 0.00862946325182 0.0175740608378 -0.00438966965859 0.0086430806295 0.042804798144 0.0101938413129 0.0138059047718 0.013564438569 0.0162291578882 0.018802973304 0.0145358837215 0.0196340139638 0.0358049235134 0.0135566187064 0.0168795356673 0.0217726327858 0.0280775093936 0.198409673882 0.00880482422723 0.00960831448905 0.0124497171615 0.00220996232137 0.0226806675723 0.0176283397193 0.0130934788049 0.00618564969668 0.0173173908077 -0.00617743185937 -0.000917924778616 0.00651488476451 0.0210279411694 0.0055435257646 0.0118660320835 0.00634553291334 0.00935706150059 0.035695817536 0.0278796207108 0.0370245648715 0.00268699459255 0.010861996897 0.0139933186252 0.0268133299391 0.017590571939 0.0103066594932 
-0.000615774219313 -0.000153574267424 0.0126724715563 0.0204682477226 0.0141755912882 0.0033501485182 0.011954796144 0.017204838851 0.0298861339943 0.00393190748185 0.00275161721045 0.0124781715099 0.00358427000815 0.00745226610418 0.00331277613636 0.00994963450403 0.0140209369322 0.0215667251147 -0.00836378353262 0.00313952668203 0.0209800282191 0.00695677990416 0.0114690798414 0.012596784564 0.00967476008441 0.00593712234386 0.0234868977425 0.00826739461367 0.0200684860215 0.028553321549 0.00302298584518 0.0165330632385 0.0269649728568 0.00880482422723 0.310017033422 0.00555001052551 0.0116485606045 0.0238300032651 0.0119042760173 0.0147966228166 0.00866696089333 0.02619930627 0.0255237198827 0.0125505631053 0.00268873285858 0.0324850919617 0.0100879801376 0.0123889605023 0.0132423745895 0.00151096397654 0.0247161017693 0.0092792512949 0.00258040552698 0.019346180762 0.0139381280706 0.0171057782648 0.01787572152 0.0205612033749 0.0065806470631 0.0226596547731 
-0.00106910908001 0.00132734090414 -0.000579550549566 -0.00707438900197 0.00283804905987 0.014174613185 0.0198199319481 0.0206395207457 0.0311788069362 0.0101631936083 0.00669846723406 0.0450564816201 0.030062301803 -0.0104193618594 0.0017043802215 0.0223686413237 0.029620229203 0.0236545551781 0.0141565220744 0.0211533286014 0.0319835467645 0.00687314893133 0.0278341067537 0.0117117772025 0.0171952096564 0.00623495407251 0.0131828553564 0.0262571224347 0.00988016776385 0.038408531708 0.0117387578243 0.00731547599996 0.0226640791244 0.00960831448905 0.00555001052551 0.486673460167 0.0029676469135 0.00733350289944 0.0088508454247 -0.0117310949134 0.0338313553133 0.000611009953313 0.0133082592068 0.0114212937823 0.0230412948504 0.0361817274856 -0.00707039643266 0.00518752960724 0.0118458769218 0.0139850034523 0.00278205825065 0.0165387927186 0.0147331267093 0.0155023395382 -0.00183748670811 0.0285531316817 0.0427089090346 0.0127608356086 -0.00908421420298 0.0620733224355 
0.00424482990753 0.00736896915781 0.0311602390461 0.00120959158897 0.0163860591672 0.0051191110338 -0.00471451303972 0.00700600435969 0.0150117406514 0.0102049761308 -0.000680810498656 0.0262996103011 0.00791890705554 0.00992634059681 0.0157382586994 0.00432341688129 0.0106124915703 0.0247287647073 0.00747205449313 0.0104763088689 0.0166550817238 0.00762447082168 0.0114140535216 0.0194371362406 0.000753924307129 0.00975461031841 0.00441806999755 0.0176040368844 0.00644206523744 0.0177661099865 0.0115043193139 -0.00608036873906 0.0141493696631 0.0124497171615 0.0116485606045 0.0029676469135 0.217819952224 0.0400085141764 0.00414585583221 -0.00529204154315 -0.00307129295512 0.00838267577467 0.00677316849592 0.0137425938074 -0.006613500527 0.0317826472059 0.0144367147885 0.015539109472 -0.00382806526883 -0.00104130482312 0.0164475246457 0.0101164277814 0.0119126465151 0.0124544680611 0.00400320378015 -0.00127291859373 -0.00361673202419 0.0175009505119 0.0237382209259 0.0178872093275 
-0.000535062840432 0.0258332762117 0.0413827129519 0.0148548416009 0.028083698475 0.00644081645724 0.00559451322394 0.0132408392183 0.0278761843286 0.00823963855255 0.0138401760675 0.0325875309024 0.0155138400052 0.0096888698427 0.0269140423471 0.0136808567516 0.00383988198815 0.0166279950661 -0.00104353988068 0.00237899728856 0.00328941155523 0.0177953099494 0.00382483363068 0.0198738635989 5.73958746361e-05 0.00377335919434 0.0115328084434 0.0259322755571 0.00515783572596 0.00779434862381 -0.00232108351525 0.00418209927566 0.0333727371827 0.00220996232137 0.0238300032651 0.00733350289944 0.0400085141764 0.212116984124 0.0203846637382 0.00765637077452 0.00948069841491 0.0134500587543 0.0210646883685 0.000854133093871 0.00722792232946 0.0163319822932 0.000678419699947 0.00981621595405 0.0116455097709 0.025138927818 0.00470388983061 0.0112017366406 0.00601122492629 0.0163786614367 0.00417124969584 0.00762869563748 0.018511495115 0.0196452252833 0.0383711381683 0.00591978872298 
-0.00349264642755 0.00343462240273 0.00974667083401 -0.00145488656613 0.0288900196852 0.0443837271763 0.00726253343094 0.025600318751 0.0241871968288 0.00724437740627 0.00470822756069 0.0467612278747 0.0164193311997 0.00787084468735 0.0146839764066 0.0147332099381 0.00961031305816 0.0246905498961 0.00800339752656 0.0117055073772 0.0130188190538 0.016204200661 0.0215018905884 0.0126928344354 0.0154226084147 0.0267811374165 0.0262777069234 0.00314917210708 0.0351582235449 0.0101247989672 -0.00671055374789 0.0140405740301 0.0108416521264 0.0226806675723 0.0119042760173 0.0088508454247 0.0041458558322 0.0203846637382 0.324782991914 0.0201760709547 0.0248866705311 0.0182253522809 0.0191144768824 0.0289989644261 0.0161155535207 0.0107340035157 0.0153598685569 0.0107231502263 0.0168352667672 0.0145556276402 0.0225872351836 0.0111397966204 0.00235414564884 0.00986664993662 0.01255943 0.0282873520525 0.0174775037872 0.0239251569835 0.0116845116375 0.000434129819825 
