50
0.0711634289065 0.0590558874601 0.126958151155 0.0210054402465 0.0599327976672 0.0355019489908 0.0782010317916 0.0313696733512 0.371102806834 0.0936563270582 0.0610020106181 0.153319254475 0.13159191543 0.0260517267587 0.0248608942987 0.043075945187 0.0439476996979 0.0584548507687 0.0255776045185 0.090319564185 0.0613427887106 0.0394797478448 0.0878126089614 0.0304536481296 0.0484031048171 0.0788996306534 0.023795453615 0.140066530531 0.0246636786654 0.0565518641406 0.0380825412642 0.022369934908 0.0629738483482 0.0297209295042 0.0486003975036 0.0220203869342 0.0442487549982 0.116792266476 0.0165000515881 0.045915457725 0.025657065471 0.079223051944 0.0645874353538 0.0592302274211 0.0794924924591 0.0331056926512 0.0791308905459 0.0623322546876 0.0559384191954 0.0565521495323 
0.627019901357 -0.0075301985352 0.0314935538886 0.00857562761794 0.00499403356557 0.0104755886345 -0.000783872354225 -0.00914891779104 0.0277230354585 0.00351658915076 0.00225613023082 0.030371262435 0.00368470607468 0.0122089899813 0.00911831026086 0.0100384194368 0.00776147070981 0.0336322561022 0.0173070729556 0.0215893198751 0.0118893936734 -0.0125983476563 0.0159888106835 0.00285807013683 0.00321244185986 0.0116946353642 0.0188513265326 -0.00224927162489 -0.00299335412744 0.0192212643518 0.0223010964263 0.0153888126072 0.0146005724429 0.00949570252831 0.0127745794199 0.0202175184027 0.00454711497287 0.0229051246757 0.00389883107638 0.0152249312523 0.00343204738158 0.0334928712018 0.00433787061269 0.0256071117565 -0.0107073601281 -0.00212070567212 0.033571953239 -0.00701589581267 0.000863980709582 0.108288078613 
-0.0075301985352 0.721248578377 -0.00663486649932 0.0192540603393 0.00995334494706 0.00834925107665 -0.00354850141189 0.0159916849083 -0.0100106832834 -0.00684758247739 0.00282019201328 0.00714678695589 0.00404328043005 0.00241298925801 0.0164821191719 0.0201105321392 0.0100355639196 0.0503303748947 0.0160952889808 0.027805340583 0.0168404585903 0.0143330380825 0.00984644412585 0.0286976267723 0.0113206276315 0.00425642360593 0.0242399680778 0.0123923742242 0.00971983724793 0.0154926222658 0.0178975553524 0.0150375784763 0.00889767890888 0.0196402368626 0.0100672415364 0.0197862879969 0.0166803027309 -0.00262889620659 0.00940012486887 0.00981956985405 0.0161517452665 -0.00955896309898 0.0149788793269 -0.00418403158085 0.0130827188162 0.0215398878287 0.0271632833619 0.0137936885369 -0.0107390112942 0.0117210923981 
0.0314935538886 -0.00663486649932 0.404566850145 0.0017047346635 0.034412460333 0.0162170167334 0.0157245170781 0.0123414122972 0.0329641552892 0.00637717513522 0.0164581723813 0.00606500331667 0.17089316952 0.00502849818473 -0.0035674243435 0.0275652024589 0.00106920044054 0.0246279622413 0.0142834142264 0.00160998697292 0.026015917231 0.0292289648152 0.00405970977532 0.00881232213804 0.0258887949591 0.0191421387319 0.029773634561 0.010224448546 -2.03894633553e-05 0.0277020569197 0.00130222978898 0.0128389017856 0.117569218384 -0.00760150556997 0.00261313397459 0.00548714227724 0.00105461657366 0.00925096429882 0.0259419509314 0.0126633850996 0.00728973947367 0.0141910632551 -0.00618673863346 0.0180132444432 0.032493142995 0.0496567272494 0.0234349072681 -0.0130287446071 -0.00295201108627 0.01719695446 
0.00857562761794 0.0192540603393 0.0017047346635 0.131903516818 -0.00138055725194 0.017065589315 0.00124739395548 0.00104090758523 -0.000771559709075 0.0034600525775 0.00878284576533 0.00478290710762 0.00251015527242 0.0026246817234 0.010805707229 0.0120054885396 -0.000628618285682 0.0191446241241 0.00788959783275 0.0087386666494 0.0183952132322 0.00783619042512 -0.00389026465545 0.0152022734153 0.00279970165064 -0.00517496172096 0.0115711064548 0.00226903299179 0.00556460228877 0.00464742857459 0.00129399072865 0.00426218585309 -0.00632397844181 0.00297870825126 0.00191641704651 0.00898597137349 0.00690445597568 0.0128870095214 0.00315291514387 0.00644198015571 0.00953765353381 -0.0098544820558 0.00242117169956 -0.0030500903392 0.00842052950865 0.00865910794306 0.00711432587154 0.00677507075065 0.00576814078376 0.00697882847544 
0.00499403356557 0.00995334494706 0.034412460333 -0.00138055725194 0.334558542281 -0.00144337345015 0.00755809433735 0.0169996789131 0.0192425638544 0.00595699951717 0.0193122870598 0.0150658264665 0.0390970077274 0.00561015827866 0.0122349274441 0.00860025847606 0.00792895241222 -0.00393754385395 0.0030422017446 0.0138075024567 0.00758667796356 0.0116301597334 0.0257004779321 0.0243799821736 0.0201958302288 -0.00497923494088 -0.00555761350982 0.0172354891152 0.00530376232788 0.000853966871428 0.0133781108843 0.0149710440006 0.0169640243591 0.0301878213576 0.00120415842953 0.0396864127723 0.00530221185351 0.00482583678781 0.00618239536861 0.0556199045043 0.00926008496116 0.0261117520118 0.008842304711 0.0104237991571 0.0231764606264 -0.00369830925908 0.00938194260326 0.0179876744885 0.0112391791129 0.0082072555045 
0.0104755886345 0.00834925107665 0.0162170167334 0.017065589315 -0.00144337345015 0.312329877254 0.0155487376105 0.00133234819139 0.0263099107912 0.012862007174 0.0299798874748 0.00686541501763 0.0226915003587 0.000766441797501 0.0108892293993 0.0182487516464 0.0063453766975 0.0130448026065 0.00836409503991 0.00180773815338 0.00870285244825 0.0112123387649 0.0224912039901 0.0145360463723 0.0117046658517 0.00957128854316 0.00630345522355 0.0160886487105 0.00937608839179 0.0183908057254 0.0166041808837 0.0246218813878 -0.00390430186865 0.0145598680384 0.0210199369533 0.02329519126 0.0268534479167 0.0255770791827 0.00263048765272 0.0263750064369 0.0281546378714 0.0267548104356 0.00542022065427 0.00724181917737 0.041798349364 0.0187808938163 -0.0135638191087 -0.00189483249194 0.018386347822 -0.00783975220421 
-0.000783872354225 -0.00354850141189 0.0157245170781 0.00124739395548 0.00755809433735 0.0155487376105 0.386972512513 0.00462624901895 0.0467259778623 0.0229182361048 0.032899838123 0.0280845885737 0.034053673745 0.0238929770221 0.0143005620454 0.00738445488585 0.0142139701426 0.0301473370007 0.00857316163534 0.0201135083851 0.0230883253637 0.0160066252915 0.0298423828744 0.0217970579781 0.0187067452518 0.00279811676064 0.00534797690783 0.0144445931025 0.0222567802985 0.0246580819415 0.0336205367661 0.0194683778015 0.00146934934406 -0.000631032433825 0.00296539108366 0.029906987617 0.0350595053783 -0.000633212064722 0.0155922433268 0.0223961980784 0.0149130362831 0.0386342803045 0.0245821676348 0.0224336998392 0.0357532615944 0.0167798177774 0.034006964486 0.0128887674311 0.017931562526 0.00309941154954 
-0.00914891779104 0.0159916849083 0.0123414122972 0.00104090758523 0.0169996789131 0.00133234819139 0.00462624901895 0.177700031879 0.0247548528985 -0.00361002426927 0.0169636417069 0.010793463266 0.0188738958595 0.0211337413296 0.0170109328333 0.00482389400032 0.00989631994853 0.0154525294544 -0.00375489106896 0.0207730504002 0.0165618423358 8.67425277908e-05 0.0178613495544 0.0217222703607 0.0212417618439 0.0100152367092 0.0235042993116 0.00724446893211 0.0180048180032 0.0132943163517 0.00987519430877 0.0209361811394 -0.00568344162967 0.0102166249693 0.00965914993035 0.0130792436753 0.0144961880072 0.00766340778919 0.0111522966302 0.0106892753781 0.0285322253256 0.0308858098144 0.0101111160956 0.0118459355907 0.0117775904807 0.0229199522767 -0.011108015214 0.00214634085887 0.00862010029661 -0.00299755441455 
0.0277230354585 -0.0100106832834 0.0329641552892 -0.000771559709075 0.0192425638544 0.0263099107912 0.0467259778623 0.0247548528985 1.239195774 0.0613582129317 0.035298712594 0.0442015129906 0.0967113521457 0.0281085814833 0.00919508107676 0.00604428512402 0.0250153135503 0.0191502057468 0.00230576775176 0.0256865463939 0.00427870809686 0.0146774070907 0.0529912569969 -0.0003958252837 0.0559812390606 -0.00520424244997 0.011233125122 -0.0115052757645 0.010365281901 0.020113378419 0.0344477402165 0.0153653693645 0.0601230631779 0.0143726803141 0.0823531713217 0.0239878287125 0.0214338012087 0.0126062326499 0.0197123576639 0.0329220159923 0.00175417704694 0.0330659436496 0.039454195549 0.0363853579366 0.0386418081345 0.0188923112296 0.024333283987 -0.0130702271197 0.0289118481132 0.0250648653055 
0.00351658915076 -0.00684758247739 0.00637717513522 0.0034600525775 0.00595699951717 0.012862007174 0.0229182361048 -0.00361002426927 0.0613582129317 0.438149941361 0.0391771220405 0.0209992392994 0.0356407860826 0.0134901762572 0.0264520856623 0.00613908579369 0.00155623159473 0.0263180740431 0.00839627133685 0.0252847021941 0.00563122354553 0.021324179077 0.0339630380181 0.0253887241902 0.0113811598658 -0.0107713891921 -0.000290620326398 0.0194881826593 0.0157912905963 0.00219032816006 0.0136641322773 0.0249598865682 0.00851600415825 -0.000168454724637 0.0336690281747 0.038751764442 0.0159124025883 0.0138104778137 0.0108231940327 0.0227724041527 0.0151131914928 0.0137588240963 0.0251926179002 0.00112784854997 0.0200194179238 0.00949793243729 -0.00311735677367 0.00377911771605 0.010265046551 -0.000380985234789 
0.00225613023082 0.00282019201328 0.0164581723813 0.00878284576533 0.0193122870598 0.0299798874748 0.032899838123 0.0169636417069 0.035298712594 0.0391771220405 0.417849440919 0.0200567355048 0.040230634374 0.00294122439054 0.0111858060366 0.0184764696994 0.0149208014963 0.0172710210374 0.00995105359759 0.0214710378674 0.0109843947621 0.000340695461864 0.0546766599191 0.0112399795306 0.0162613814159 0.0208437943917 -0.00117811787008 0.0119117597383 0.00338196052285 0.0122173677848 0.019639193392 -0.00615066487316 -0.00186242426931 0.00804568663953 -0.00214983245849 0.0250684526346 -0.000402924376647 0.0362003768453 0.0120505135465 0.0156370906908 0.0158812180238 0.023067832772 0.0168717726784 0.00325667345748 0.0172888292413 0.01074682244 0.0201377481496 0.0237788250933 0.00839739778427 0.0074952590598 
0.030371262435 0.00714678695589 0.00606500331667 0.00478290710762 0.0150658264665 0.00686541501763 0.0280845885737 0.010793463266 0.0442015129906 0.0209992392994 0.0200567355048 0.605559945605 0.00977132316883 0.0386403819481 0.0324854407745 0.0376095695515 0.014725487964 0.0335578636805 0.0272634800206 0.0279031690555 0.0088308891305 0.0680511620779 0.0561773358622 0.0449019678464 0.0468651392564 0.0109392538886 0.00477526394237 0.144769755717 0.0126160925013 0.0218000945112 0.0291465431204 0.0284994380104 -0.0057925393796 0.00937964231067 0.0241166507287 0.0336340347884 0.0254582550185 0.00112799306738 0.00716969411294 0.0382502767835 0.0322859350483 0.0383870847227 0.0359990274411 0.00802998784902 0.0385743866116 0.00646785050905 0.0161194092646 0.0153622549755 0.030450069447 0.025031733232 
0.00368470607468 0.00404328043005 0.17089316952 0.00251015527242 0.0390970077274 0.0226915003587 0.034053673745 0.0188738958595 0.0967113521457 0.0356407860826 0.040230634374 0.00977132316883 0.513900153708 0.0252719713868 0.0199019857577 0.0244288876376 0.0162770148425 0.0377681198347 0.000678087903206 0.0114164033505 0.0159093560406 0.0317873783545 0.0366668397374 0.0131068649633 0.0396842823992 0.0176480844813 0.0269984228581 0.0118736986557 0.0094627164028 0.0341645962968 0.0210410883228 0.0232920924543 0.121516212015 -0.00187053793107 -0.00761215117401 0.0250978723448 0.0206408782814 0.00291796253242 0.017138245093 0.0265534167419 0.0108190901847 0.020399109862 0.000823616074632 -0.00064203909106 0.0274990375233 0.039207472095 0.0269206348738 0.00183463212804 0.0065368735348 0.0291477961908 
0.0122089899813 0.00241298925801 0.00502849818473 0.0026246817234 0.00561015827866 0.000766441797501 0.0238929770221 0.0211337413296 0.0281085814833 0.0134901762572 0.00294122439054 0.0386403819481 0.0252719713868 0.182882723374 0.024304578951 0.0176782481129 0.01218657843 0.0181298876711 0.00863797507889 0.033785181337 0.00660323014386 0.0153482542034 0.0218664631129 0.0129211700781 0.0428213561399 0.0091711881863 -0.00309861410713 0.0111204286584 0.00279171074175 0.0222782252268 0.018854474289 0.0187759418879 0.0286781283673 -0.00428148303448 0.0146836479504 0.0203775489096 0.0192915577837 0.000304021983821 0.0112136951031 0.0156220879778 0.012865746469 0.0191440912699 0.0238825039609 0.0203464856021 0.0274466316127 0.00657853232387 -0.00771275492817 0.0176754472787 0.0115678807567 0.0130826766701 
0.00911831026086 0.0164821191719 -0.0035674243435 0.010805707229 0.0122349274441 0.0108892293993 0.0143005620454 0.0170109328333 0.00919508107676 0.0264520856623 0.0111858060366 0.0324854407745 0.0199019857577 0.024304578951 0.213293548667 0.0301415834674 0.0158682230274 0.0300215971075 0.00398778699656 0.0201540581572 0.00120479065087 0.011384484317 0.0402218274193 0.0496360983041 0.0153091692597 0.00706603246084 0.0145155992024 0.00875472066748 0.0154894763184 0.0232854353341 0.0090431921078 0.0191450391601 -0.000771393197393 0.00643891775349 0.0120104151526 0.0223066027928 0.0195087040654 0.0225613945241 0.0148827500015 0.0156139078935 0.0499650444042 0.0307439324055 0.0197872955174 0.0296196702853 0.00981614233652 0.0367884559935 0.00243884091183 0.0171379538309 0.0211316060352 0.00906944949655 
0.0100384194368 0.0201105321392 0.0275652024589 0.0120054885396 0.00860025847606 0.0182487516464 0.00738445488585 0.00482389400032 0.00604428512402 0.00613908579369 0.0184764696994 0.0376095695515 0.0244288876376 0.0176782481129 0.0301415834674 0.210361511022 0.00729793577442 0.0325749233822 0.0121667792055 0.0165369174022 0.0129012705104 0.0151749178012 0.0332973754586 0.0315926665666 0.0230316192571 -0.00242109568461 0.0140540060574 0.00236902238629 0.0154072058054 0.0165087706969 0.0135844593071 0.0152973126432 -0.00127778729155 0.0119444638043 0.00788440002471 0.0251061461597 0.00583601653261 0.01357077188 0.0274634023321 0.0149386898879 0.0436129470284 0.0131854360446 0.0189049427053 0.0165450127294 0.0169956076261 0.0201782479707 0.0138147102137 0.00471065147727 0.00781898637968 0.0108869728074 
0.00776147070981 0.0100355639196 0.00106920044054 -0.000628618285682 0.00792895241222 0.0063453766975 0.0142139701426 0.00989631994854 0.0250153135503 0.00155623159473 0.0149208014963 0.014725487964 0.0162770148425 0.01218657843 0.0158682230274 0.00729793577442 0.190002923372 0.00896374009132 0.00334609131503 0.0108217584506 0.0115543754278 0.00807954208509 0.00154217636205 -0.00146139089541 0.0199158746525 0.00329719133105 0.00275287644936 0.000625301401183 0.00394341169824 0.00759895772512 0.00809948144868 0.0124561740635 -3.50301495229e-05 0.0045593240442 0.00339731218963 0.00593596961341 -0.00430256937498 -0.0172829993274 -0.000273887672063 -0.00878841563816 0.0190763565577 0.00656081017 -0.00424115356707 0.0151674229663 0.0165536776318 0.00442709667116 0.00179156865115 0.00723656487683 0.00889366046024 0.006064326151 
0.0336322561022 0.0503303748947 0.0246279622413 0.0191446241241 -0.00393754385395 0.0130448026065 0.0301473370007 0.0154525294544 0.0191502057468 0.0263180740431 0.0172710210374 0.0335578636805 0.0377681198347 0.0181298876711 0.0300215971075 0.0325749233822 0.00896374009132 0.224667638166 0.0259755205065 0.0241895888682 -0.00136593373597 0.0276058024818 0.00789339060495 0.0387400295929 0.0197101913231 -0.00235635563456 0.0331616522755 0.0185313218879 0.0182031196578 0.0902828548619 0.00828580447804 0.0178449134857 0.0133212038543 0.0126178943936 0.00478662018852 0.0177429735187 0.0167885041922 0.00584720989095 0.024811539134 0.000564779095655 0.0208399080371 0.0347391282103 0.0176804901532 0.0286736912151 0.0220466793588 0.0371396647121 0.00735011801486 0.000181580641985 0.0172685782689 0.000813492910282 
0.0173070729556 0.0160952889808 0.0142834142264 0.00788959783275 0.0030422017446 0.00836409503991 0.00857316163534 -0.00375489106896 0.00230576775176 0.00839627133685 0.00995105359759 0.0272634800206 0.000678087903207 0.00863797507889 0.00398778699656 0.0121667792055 0.00334609131503 0.0259755205065 0.321178149024 0.0225433139086 0.00497877238532 0.00187074874818 0.0144564656788 0.0246784488124 0.0213565975235 0.0235154126599 0.00308514697197 0.00262419495892 0.0135363008961 0.0222164305074 0.0119475198921 0.0234396603373 0.011521948318 -0.00144416758343 -0.00309763264953 0.018232833889 -0.00482663551806 0.00692932161265 0.016451765456 -0.00118268985541 0.015156082559 0.0180033452494 -0.00813772859876 0.00909073133418 0.00504228572319 0.0128533826498 0.0211078181683 0.00462643691572 0.0155838842579 0.0287958802542 
0.0215893198751 0.027805340583 0.00160998697292 0.0087386666494 0.0138075024567 0.00180773815338 0.0201135083851 0.0207730504002 0.0256865463939 0.0252847021941 0.0214710378674 0.0279031690555 0.0114164033505 0.033785181337 0.0201540581572 0.0165369174022 0.0108217584506 0.0241895888682 0.0225433139086 0.610224594934 0.00127341796918 0.0564657140909 0.0125936724954 0.0222935459873 0.0157436106221 0.0130519456582 0.000443809688218 0.0109859405987 0.00188103917658 0.0387017489893 0.00690763426372 0.0205530417249 -0.00249045700194 0.00992094543391 -0.0048765286829 0.0309346001807 0.0118705643445 0.0120227131821 0.0118426341192 0.00951187401089 0.0280376494515 0.0187557970124 0.0323030073657 0.0152596666575 0.0264861341187 0.0127791098664 0.00943196325338 0.00175573926731 0.0373066502524 0.0209282786422 
0.0118893936734 0.0168404585903 0.026015917231 0.0183952132322 0.00758667796356 0.00870285244825 0.0230883253637 0.0165618423358 0.00427870809686 0.00563122354553 0.0109843947621 0.0088308891305 0.0159093560406 0.00660323014386 0.00120479065087 0.0129012705104 0.0115543754278 -0.00136593373597 0.00497877238532 0.00127341796918 0.273138080921 0.00540293614722 0.0172201551404 0.00721397382456 0.0166498668242 -0.00107229248346 0.0141573876503 0.0137691928565 0.014975697088 0.00613982088609 0.00941120117709 0.0180503901807 0.0105363656657 0.0187891150336 0.0122442656149 -0.000774643044106 0.00353852375952 -0.0017755991524 0.0109470465439 -0.000724661361279 0.0123667939414 -0.00653899212409 0.00193948565569 0.0249274100932 0.0246519876466 0.0185242265362 0.0424437577398 -0.00256548771733 0.00560666620682 0.0072582980072 
-0.0125983476563 0.0143330380825 0.0292289648152 0.00783619042512 0.0116301597334 0.0112123387649 0.0160066252915 8.67425277903e-05 0.0146774070907 0.021324179077 0.000340695461864 0.0680511620779 0.0317873783545 0.0153482542034 0.011384484317 0.0151749178012 0.00807954208509 0.0276058024818 0.00187074874818 0.0564657140909 0.00540293614722 0.324244255682 0.0350442645809 0.0192931121581 0.0235713012434 0.00420686868098 0.00124615428148 0.0176117695093 0.00418481793475 0.0234550470139 0.0155880303464 0.0275347594859 0.000605804137516 0.00758623812224 0.0124649261457 0.0046612841337 0.0141794610271 -0.0081979609222 0.00941774126862 0.0067933476604 0.0150833996017 0.0051767635245 0.0234923047481 0.0170990444666 0.0299285077882 0.00666094340506 -0.00400054952782 -0.0054473903814 0.0252495100667 0.0200609727367 
0.0159888106835 0.00984644412585 0.00405970977533 -0.00389026465545 0.0257004779321 0.0224912039901 0.0298423828744 0.0178613495544 0.0529912569969 0.0339630380181 0.0546766599191 0.0561773358622 0.0366668397374 0.0218664631129 0.0402218274193 0.0332973754586 0.00154217636205 0.00789339060495 0.0144564656788 0.0125936724954 0.0172201551404 0.0350442645809 0.475039129746 0.026346126225 0.0217800537357 0.011795385689 0.00306658457842 -0.00190286081528 0.00385100387076 0.0144437744942 0.0256247441791 0.028750752897 -0.0120337974409 -0.00723629686883 0.000641206400755 0.01112324281 0.0244830378858 0.0397443212135 -0.00544117560966 0.0328057494475 0.00886824850588 0.00946291563626 0.0153018563118 0.028128297322 0.0317361479156 0.0106858069118 0.0146404442798 0.000593780053397 0.00857354373646 0.0248963992046 
0.00285807013683 0.0286976267723 0.00881232213804 0.0152022734153 0.0243799821736 0.0145360463723 0.0217970579781 0.0217222703607 -0.000395825283701 0.0253887241902 0.0112399795306 0.0449019678464 0.0131068649633 0.0129211700781 0.0496360983041 0.0315926665666 -0.00146139089541 0.0387400295929 0.0246784488124 0.0222935459873 0.00721397382456 0.0192931121581 0.026346126225 0.206046657176 0.0184728654455 0.0224979415249 0.0293472103157 0.0202721111975 0.0140941970279 0.0338368435954 0.00160347957286 0.0126242050867 0.0110968419675 0.0120093490675 0.0104033513125 0.0223605841165 0.0169808319815 0.0122033895456 0.022889858596 0.0142573351653 0.0499211176113 0.00797816901373 0.0172904266899 0.0231452387134 0.0145058983031 0.0221308312591 0.0153623356766 0.0158955081117 0.0230622751555 0.0126638372284 
0.00321244185986 0.0113206276315 0.0258887949591 0.00279970165065 0.0201958302288 0.0117046658517 0.0187067452518 0.0212417618439 0.0559812390606 0.0113811598658 0.0162613814159 0.0468651392564 0.0396842823992 0.0428213561399 0.0153091692597 0.0230316192571 0.0199158746525 0.0197101913231 0.0213565975235 0.0157436106221 0.0166498668242 0.0235713012434 0.0217800537357 0.0184728654455 0.253778839688 0.0192592287247 0.00106905778912 0.0446453778688 0.00511528587502 0.029179482715 0.0210631521489 0.00837247433063 0.0326182994321 0.0137681128603 0.00227277316359 0.031322982996 0.0114559615996 0.0268401854831 0.00105467153317 0.0219455371224 0.0273275463879 0.0289388388906 0.0121688120076 0.0151039476706 0.0190324858401 0.011673455977 -0.0113717840614 0.0140973201067 0.0131876033263 0.0355298493598 
0.0116946353642 0.00425642360593 0.0191421387319 -0.00517496172096 -0.00497923494088 0.00957128854316 0.00279811676064 0.0100152367092 -0.00520424244997 -0.0107713891921 0.0208437943917 0.0109392538886 0.0176480844813 0.0091711881863 0.00706603246084 -0.00242109568461 0.00329719133105 -0.00235635563456 0.0235154126599 0.0130519456582 -0.00107229248346 0.00420686868098 0.011795385689 0.0224979415249 0.0192592287247 0.756596446306 -0.00940937525484 0.0141427736112 0.00573997265105 0.0164556006258 0.0158219915274 0.0094793516303 0.0376908431749 0.000888208576812 0.00776721123136 0.00783306236843 -0.00380573968503 0.000521916568299 -0.00124336759466 0.00363073959136 0.00119414566524 0.0219486030888 0.00575225190424 0.00109286485657 0.0231539908693 -0.00416688824355 -0.000227068496314 -0.012717504354 0.00188209846626 0.0283629139415 
0.0188513265326 0.0242399680778 0.029773634561 0.0115711064548 -0.00555761350982 0.00630345522355 0.00534797690783 0.0235042993116 0.011233125122 -0.000290620326398 -0.00117811787008 0.00477526394237 0.0269984228581 -0.00309861410713 0.0145155992024 0.0140540060574 0.00275287644936 0.0331616522755 0.00308514697197 0.000443809688218 0.0141573876503 0.00124615428148 0.00306658457842 0.0293472103157 0.00106905778912 -0.00940937525484 0.182185004269 0.0213872635952 0.017624968091 0.0320030452396 0.00230753363182 0.00161492361348 0.00834732471592 -0.00101436419444 0.00952891036003 0.0120658983079 0.020628889471 0.000279387570265 0.0445616948946 0.00820906017074 0.0141078227456 0.00641754496387 -0.00877559290155 0.0101408050972 0.0241761043013 0.0434921642589 0.0127427041784 0.00564997445001 0.00134634266406 0.0194919518988 
-0.00224927162489 0.0123923742242 0.010224448546 0.00226903299179 0.0172354891152 0.0160886487105 0.0144445931025 0.00724446893211 -0.0115052757645 0.0194881826593 0.0119117597383 0.144769755717 0.0118736986557 0.0111204286584 0.00875472066748 0.00236902238629 0.000625301401183 0.0185313218879 0.00262419495892 0.0109859405987 0.0137691928565 0.0176117695093 -0.00190286081528 0.0202721111975 0.0446453778688 0.0141427736112 0.0213872635952 1.44803426995 0.011088609773 0.0328017329932 0.0166813417278 0.0225181830217 0.00949899255015 -0.00181457821335 0.00605106788863 0.0125582613852 0.0212775552137 0.00441119195894 0.0246697690146 0.0395305279488 0.0103015899819 0.00807141813592 0.00843399874385 0.0274831605493 0.0200620034808 0.00910304308555 0.00499412079633 0.0171545201176 0.0119953080363 0.0426471749806 
-0.00299335412744 0.00971983724793 -2.03894633554e-05 0.00556460228877 0.00530376232788 0.00937608839179 0.0222567802985 0.0180048180032 0.010365281901 0.0157912905963 0.00338196052285 0.0126160925013 0.0094627164028 0.00279171074175 0.0154894763184 0.0154072058054 0.00394341169824 0.0182031196578 0.0135363008961 0.00188103917658 0.014975697088 0.00418481793475 0.00385100387076 0.0140941970279 0.00511528587502 0.00573997265105 0.017624968091 0.011088609773 0.134148470445 0.00570995041454 0.00618455919131 0.0103083089657 0.0102310965172 0.0114669989189 0.00596506477139 0.019113693902 0.00729974857752 0.0046470470879 0.0119059117551 0.0176252787331 0.0357682657056 0.00995541507315 0.00892626938933 0.0183062988356 0.0257755167974 0.0146366764553 0.00530719134033 0.00665951606428 0.0107668658227 0.0087790511327 
0.0192212643518 0.0154926222658 0.0277020569197 0.00464742857459 0.000853966871428 0.0183908057254 0.0246580819415 0.0132943163517 0.020113378419 0.00219032816006 0.0122173677848 0.0218000945112 0.0341645962968 0.0222782252268 0.0232854353341 0.0165087706969 0.00759895772512 0.0902828548619 0.0222164305074 0.0387017489893 0.00613982088609 0.0234550470139 0.0144437744942 0.0338368435954 0.029179482715 0.0164556006258 0.0320030452396 0.0328017329932 0.00570995041454 0.230736530164 0.0119053218609 0.0239103510619 0.00229717596972 0.0114791881655 0.00940671062543 0.0139419349182 0.012833247845 0.00462598208323 0.025240820642 0.0102081801247 0.016121982093 0.0279061692232 0.023010275286 0.0189327162306 0.0231055118238 0.0353755497726 0.0117972104996 -0.0093629630217 0.0268064757712 0.00860779029132 
0.0223010964263 0.0178975553524 0.00130222978898 0.00129399072865 0.0133781108843 0.0166041808837 0.0336205367661 0.00987519430877 0.0344477402165 0.0136641322773 0.019639193392 0.0291465431204 0.0210410883228 0.018854474289 0.0090431921078 0.0135844593071 0.00809948144868 0.00828580447804 0.0119475198921 0.00690763426372 0.00941120117709 0.0155880303464 0.0256247441791 0.00160347957286 0.0210631521489 0.0158219915274 0.00230753363182 0.0166813417278 0.00618455919131 0.0119053218609 0.247656025095 0.00973661735088 0.00096239585213 0.0117676007035 0.0109197600933 0.00922376246779 -0.00024354600608 0.0092775011446 -0.000968240182873 0.0244762234292 0.0156009288368 0.0172970004258 0.0132987180743 0.0175158732022 0.0235731659252 0.0119697198054 0.0200301432776 -0.00131611228955 0.0273155145333 0.0321677723968 
0.0153888126072 0.0150375784763 0.0128389017856 0.00426218585309 0.0149710440006 0.0246218813878 0.0194683778015 0.0209361811394 0.0153653693645 0.0249598865682 -0.00615066487316 0.0284994380104 0.0232920924543 0.0187759418879 0.0191450391601 0.0152973126432 0.0124561740635 0.0178449134857 0.0234396603373 0.0205530417249 0.0180503901807 0.0275347594859 0.028750752897 0.0126242050867 0.00837247433063 0.00947935163031 0.00161492361348 0.0225181830217 0.0103083089657 0.0239103510619 0.00973661735088 0.20649150491 0.00564146115079 0.00731006050055 0.0160070999432 0.0160886218072 0.0214520329698 0.0094051941886 0.0104379834466 0.0117687542381 0.0123637948655 0.0191651301297 0.0193650305393 0.0229662425801 0.0167343149658 0.0170652510966 0.00903040652257 0.00237013532483 0.0315239108142 0.0119205022503 
0.0146005724429 0.00889767890888 0.117569218384 -0.00632397844181 0.0169640243591 -0.00390430186865 0.00146934934406 -0.00568344162967 0.0601230631779 0.00851600415825 -0.00186242426931 -0.0057925393796 0.121516212015 0.0286781283673 -0.000771393197393 -0.00127778729155 -3.50301495226e-05 0.0133212038543 0.011521948318 -0.00249045700194 0.0105363656657 0.000605804137516 -0.0120337974409 0.0110968419675 0.0326182994321 0.0376908431749 0.00834732471592 0.00949899255015 0.0102310965172 0.00229717596972 0.000962395852129 0.00564146115079 0.333207796121 -0.00840400251623 0.019422757165 -0.00122704440783 -0.00294116896283 -0.00884800359767 0.0216488749514 0.00750902589934 0.00707475512468 0.0149373345798 0.00379411129856 0.0067122596572 0.0195295975553 0.0286724792044 -0.00340524009037 -0.0107109385933 -0.00582724113032 -0.000463101962768 
0.00949570252831 0.0196402368626 -0.00760150556997 0.00297870825126 0.0301878213576 0.0145598680384 -0.000631032433825 0.0102166249693 0.0143726803141 -0.000168454724636 0.00804568663953 0.00937964231067 -0.00187053793107 -0.00428148303448 0.00643891775349 0.0119444638043 0.0045593240442 0.0126178943936 -0.00144416758343 0.00992094543391 0.0187891150336 0.00758623812224 -0.00723629686883 0.0120093490675 0.0137681128603 0.000888208576812 -0.00101436419444 -0.00181457821335 0.0114669989189 0.0114791881655 0.0117676007035 0.00731006050055 -0.00840400251623 0.21842594334 -0.00542883451555 0.0190712352504 0.00621919481747 -0.00113260044313 0.00232292796624 0.0168112654231 0.0120968784192 -0.00477367820543 0.0101333649717 0.01566294265 0.0149927961794 0.00776909159166 0.00455166784691 0.0146416557886 0.00123263328513 0.00818690768581 
0.0127745794199 0.0100672415364 0.00261313397459 0.00191641704651 0.00120415842953 0.0210199369533 0.00296539108366 0.00965914993035 0.0823531713217 0.0336690281747 -0.00214983245849 0.0241166507287 -0.00761215117401 0.0146836479504 0.0120104151526 0.00788440002471 0.00339731218963 0.00478662018852 -0.00309763264953 -0.0048765286829 0.0122442656149 0.0124649261457 0.000641206400755 0.0104033513125 0.00227277316359 0.00776721123136 0.00952891036003 0.00605106788863 0.00596506477139 0.00940671062543 0.0109197600933 0.0160070999432 0.019422757165 -0.00542883451555 0.393642728053 0.00645571256427 0.0233300358664 0.000154507552829 0.0119835210385 0.0169388643813 0.0113376012282 0.0286749744753 0.00243552786179 0.0349105066816 0.0268853960218 0.00896422368585 0.0184291012831 -0.00159165941127 0.0130697916648 0.0160862195476 
0.0202175184027 0.0197862879969 0.00548714227724 0.00898597137349 0.0396864127723 0.02329519126 0.029906987617 0.0130792436753 0.0239878287125 0.038751764442 0.0250684526346 0.0336340347884 0.0250978723448 0.0203775489096 0.0223066027928 0.0251061461597 0.00593596961341 0.0177429735187 0.018232833889 0.0309346001807 -0.000774643044105 0.0046612841337 0.01112324281 0.0223605841165 0.031322982996 0.00783306236843 0.0120658983079 0.0125582613852 0.019113693902 0.0139419349182 0.00922376246779 0.0160886218072 -0.00122704440783 0.0190712352504 0.00645571256427 0.222756003439 0.0147032920656 0.0168975944833 0.00187779152871 0.0395118516415 0.0189766488764 0.0156469987028 0.0165166369216 0.0185160354835 0.0341475099915 0.0014367218182 0.00721528755226 0.0202507330573 0.0123584626673 0.0146166078648 
0.00454711497287 0.0166803027309 0.00105461657366 0.00690445597568 0.00530221185351 0.0268534479167 0.0350595053783 0.0144961880072 0.0214338012087 0.0159124025883 -0.000402924376647 0.0254582550185 0.0206408782814 0.0192915577837 0.0195087040654 0.00583601653261 -0.00430256937498 0.0167885041922 -0.00482663551806 0.0118705643445 0.00353852375952 0.0141794610271 0.0244830378858 0.0169808319815 0.0114559615996 -0.00380573968503 0.020628889471 0.0212775552137 0.00729974857752 0.012833247845 -0.00024354600608 0.0214520329698 -0.00294116896283 0.00621919481747 0.0233300358664 0.0147032920656 0.276711262438 0.00168106603434 0.0073638465601 -3.01062093676e-06 0.00191345766823 0.0100672270661 0.00852189203689 0.00783842961141 0.0058516727175 0.00870097779169 0.00778795389311 0.0180706265169 0.00958336796763 0.0193410926138 
0.0229051246757 -0.00262889620659 0.00925096429882 0.0128870095214 0.00482583678781 0.0255770791827 -0.000633212064722 0.00766340778919 0.0126062326499 0.0138104778137 0.0362003768453 0.00112799306738 0.00291796253242 0.000304021983821 0.0225613945241 0.01357077188 -0.0172829993274 0.00584720989095 0.00692932161265 0.0120227131821 -0.0017755991524 -0.0081979609222 0.0397443212135 0.0122033895456 0.0268401854831 0.0005219165683 0.000279387570265 0.00441119195894 0.0046470470879 0.00462598208323 0.0092775011446 0.0094051941886 -0.00884800359767 -0.00113260044313 0.000154507552829 0.0168975944833 0.00168106603434 0.60231250737 0.00368675836872 0.00773869225703 0.00454904059138 0.0107790959927 0.0222945258906 0.00749640036721 -0.00880595249517 0.0177655773727 0.00257440571746 0.00875978698336 0.0127070756983 -0.00266803024776 
0.00389883107638 0.00940012486887 0.0259419509314 0.00315291514387 0.00618239536861 0.00263048765272 0.0155922433268 0.0111522966302 0.0197123576639 0.0108231940327 0.0120505135465 0.00716969411294 0.017138245093 0.0112136951031 0.0148827500015 0.0274634023321 -0.000273887672064 0.024811539134 0.016451765456 0.0118426341192 0.0109470465439 0.00941774126862 -0.00544117560966 0.022889858596 0.00105467153317 -0.00124336759465 0.0445616948946 0.0246697690146 0.0119059117551 0.025240820642 -0.000968240182873 0.0104379834466 0.0216488749514 0.00232292796624 0.0119835210385 0.00187779152871 0.0073638465601 0.00368675836872 0.141683850771 0.0167012365679 0.0222787695702 0.00594492131213 -0.00150318807925 0.00843597319488 -0.00182476561251 0.0389919821264 0.000652863109195 0.00829692898888 0.0070374048647 0.00858283318545 
0.0152249312523 0.00981956985405 0.0126633850996 0.00644198015571 0.0556199045043 0.0263750064369 0.0223961980784 0.0106892753781 0.0329220159923 0.0227724041527 0.0156370906908 0.0382502767835 0.0265534167419 0.0156220879778 0.0156139078935 0.0149386898879 -0.00878841563816 0.000564779095656 -0.00118268985541 0.00951187401089 -0.000724661361279 0.0067933476604 0.0328057494475 0.0142573351653 0.0219455371224 0.00363073959136 0.00820906017074 0.0395305279488 0.0176252787331 0.0102081801247 0.0244762234292 0.0117687542381 0.00750902589934 0.0168112654231 0.0169388643813 0.0395118516415 -3.01062093724e-06 0.00773869225703 0.0167012365679 0.320770351069 0.0184320560921 0.0275391605742 0.00583303566157 0.0125973961028 0.027929360985 0.013763897133 0.00686258690159 -0.0023937532707 0.0127226671161 0.00703823851223 
0.00343204738158 0.0161517452665 0.00728973947367 0.00953765353381 0.00926008496116 0.0281546378714 0.0149130362831 0.0285322253256 0.00175417704694 0.0151131914928 0.0158812180238 0.0322859350483 0.0108190901847 0.012865746469 0.0499650444042 0.0436129470284 0.0190763565577 0.0208399080371 0.015156082559 0.0280376494515 0.0123667939414 0.0150833996017 0.00886824850588 0.0499211176113 0.0273275463879 0.00119414566524 0.0141078227456 0.0103015899819 0.0357682657056 0.016121982093 0.0156009288368 0.0123637948655 0.00707475512468 0.0120968784192 0.0113376012282 0.0189766488764 0.00191345766823 0.00454904059138 0.0222787695702 0.0184320560921 0.179591761819 0.0224774488102 0.0147067390846 0.0210676328682 0.022145727795 0.0175247248431 0.00961159576716 0.0112955871541 0.0153954614552 0.0128627109901 
0.0334928712018 -0.00955896309898 0.0141910632551 -0.0098544820558 0.0261117520118 0.0267548104356 0.0386342803045 0.0308858098144 0.0330659436496 0.0137588240963 0.023067832772 0.0383870847227 0.020399109862 0.0191440912699 0.0307439324055 0.0131854360446 0.00656081017 0.0347391282103 0.0180033452494 0.0187557970124 -0.00653899212409 0.0051767635245 0.00946291563626 0.00797816901373 0.0289388388906 0.0219486030888 0.00641754496387 0.00807141813592 0.00995541507315 0.0279061692232 0.0172970004258 0.0191651301297 0.0149373345798 -0.00477367820543 0.0286749744753 0.0156469987028 0.0100672270661 0.0107790959927 0.00594492131213 0.0275391605742 0.0224774488102 0.388562852704 0.0159784982492 -0.000360051024436 0.0251210558208 0.0107255297863 0.0115633861004 0.0122041342232 0.0154505422464 0.0217584301088 
0.00433787061269 0.0149788793269 -0.00618673863346 0.00242117169956 0.008842304711 0.00542022065427 0.0245821676348 0.0101111160956 0.039454195549 0.0251926179002 0.0168717726784 0.0359990274411 0.000823616074632 0.0238825039609 0.0197872955174 0.0189049427053 -0.00424115356707 0.0176804901532 -0.00813772859876 0.0323030073657 0.00193948565569 0.0234923047481 0.0153018563118 0.0172904266899 0.0121688120076 0.00575225190424 -0.00877559290155 0.00843399874385 0.00892626938933 0.023010275286 0.0132987180743 0.0193650305393 0.00379411129856 0.0101333649717 0.00243552786179 0.0165166369216 0.00852189203689 0.0222945258906 -0.00150318807925 0.00583303566157 0.0147067390846 0.0159784982492 0.347240090183 0.00516257634623 0.0799366386716 3.40455872073e-05 0.0139756806111 0.0202856384256 0.0216140540997 0.0180033751798 
0.0256071117565 -0.00418403158085 0.0180132444432 -0.0030500903392 0.0104237991571 0.00724181917737 0.0224336998392 0.0118459355907 0.0363853579366 0.00112784854997 0.00325667345748 0.00802998784902 -0.00064203909106 0.0203464856021 0.0296196702853 0.0165450127294 0.0151674229663 0.0286736912151 0.00909073133418 0.0152596666575 0.0249274100932 0.0170990444666 0.028128297322 0.0231452387134 0.0151039476706 0.00109286485657 0.0101408050972 0.0274831605493 0.0183062988356 0.0189327162306 0.0175158732022 0.0229662425801 0.0067122596572 0.01566294265 0.0349105066816 0.0185160354835 0.00783842961141 0.00749640036721 0.00843597319488 0.0125973961028 0.0210676328682 -0.000360051024436 0.00516257634623 0.340784260657 0.00807827590344 0.0188823179422 0.0176014099095 0.00826664162534 0.00263446289424 0.0132409876871 
-0.0107073601281 0.0130827188162 0.032493142995 0.00842052950865 0.0231764606264 0.041798349364 0.0357532615944 0.0117775904807 0.0386418081345 0.0200194179238 0.0172888292413 0.0385743866116 0.0274990375233 0.0274466316127 0.00981614233652 0.0169956076261 0.0165536776318 0.0220466793588 0.00504228572319 0.0264861341187 0.0246519876466 0.0299285077882 0.0317361479156 0.0145058983031 0.0190324858401 0.0231539908693 0.0241761043013 0.0200620034808 0.0257755167974 0.0231055118238 0.0235731659252 0.0167343149658 0.0195295975553 0.0149927961794 0.0268853960218 0.0341475099915 0.0058516727175 -0.00880595249517 -0.00182476561251 0.027929360985 0.022145727795 0.0251210558208 0.0799366386716 0.00807827590344 0.32905296367 0.00509238803434 0.0273209339493 0.0157399032695 0.0191599534443 0.0390032958287 
-0.00212070567212 0.0215398878287 0.0496567272494 0.00865910794306 -0.00369830925908 0.0187808938163 0.0167798177774 0.0229199522767 0.0188923112296 0.00949793243729 0.01074682244 0.00646785050905 0.039207472095 0.00657853232387 0.0367884559935 0.0201782479707 0.00442709667116 0.0371396647121 0.0128533826498 0.0127791098664 0.0185242265362 0.00666094340506 0.0106858069118 0.0221308312591 0.011673455977 -0.00416688824355 0.0434921642589 0.00910304308555 0.0146366764553 0.0353755497726 0.0119697198054 0.0170652510966 0.0286724792044 0.00776909159166 0.00896422368585 0.0014367218182 0.00870097779169 0.0177655773727 0.0389919821264 0.013763897133 0.0175247248431 0.0107255297863 3.40455872073e-05 0.0188823179422 0.00509238803434 0.205198006397 -6.57552301368e-05 0.00884070143492 0.00652171313197 0.0129003091548 
0.033571953239 0.0271632833619 0.0234349072681 0.00711432587154 0.00938194260326 -0.0135638191087 0.034006964486 -0.011108015214 0.024333283987 -0.00311735677367 0.0201377481496 0.0161194092646 0.0269206348738 -0.00771275492817 0.00243884091183 0.0138147102137 0.00179156865115 0.00735011801486 0.0211078181683 0.00943196325338 0.0424437577398 -0.00400054952782 0.0146404442798 0.0153623356766 -0.0113717840614 -0.000227068496314 0.0127427041784 0.00499412079633 0.00530719134033 0.0117972104996 0.0200301432776 0.00903040652257 -0.00340524009037 0.00455166784691 0.0184291012831 0.00721528755226 0.00778795389311 0.00257440571746 0.000652863109195 0.00686258690159 0.00961159576716 0.0115633861004 0.0139756806111 0.0176014099095 0.0273209339493 -6.57552301369e-05 0.617894162303 0.0120170907089 0.0184525632432 0.0213690821471 
