60
0.0265193363437 0.128222495688 0.0282353637115 0.0486664598358 0.0266110290159 0.0391901687574 0.015652967587 0.0413167922229 0.0427797721554 0.188050706821 0.0613427887106 0.119859861498 0.169485482474 0.0325349378307 0.10135047428 0.045759308444 0.158041803894 0.0285507317948 0.105459344027 0.0253425298527 0.0538734886168 0.0448250845436 0.0131635076039 0.0267221777707 0.103528049483 0.0832698050771 0.185879968849 0.0559384191954 0.065735385914 0.197480990077 0.050100863095 0.118814959333 0.0389775871913 0.0766147585819 0.125871369107 0.0711634289065 0.0582377086348 0.02736418452 0.079223051944 0.0690593134036 0.0153161335694 0.0272696759741 0.166074759161 0.0289058353667 0.0255121646837 0.026417897889 0.0248078828137 0.0831725949645 0.0698927007 0.0623322546876 0.0708595176859 0.0399774891594 0.0512444991133 0.0909027791802 0.0542920038725 0.0220926651793 0.0244433913508 0.110625092132 0.0459594094694 0.0549811443135 
0.203937794915 0.0151967693407 0.0127970197265 0.000839024913522 0.0204920550543 0.0209752051893 0.0163468813384 0.00729379855338 0.0368334688904 0.00460773963003 0.00724401500215 0.00959814437719 0.00845362285902 0.00287883992913 0.0212954495553 0.00626198695616 0.0214964125377 0.00702011446159 0.0166736193095 0.00421369263144 0.0247365562921 0.0142438348213 0.00804638484283 0.00721015639498 0.019973090351 0.0105465518478 0.00706066046734 0.00454364995772 0.00700151778986 0.0191435653169 0.015048600072 0.0280318397831 0.0051891297385 0.00811039159378 0.00513467740964 -0.00262992955061 0.0352984407768 0.0136299733118 0.00376413167596 0.0106325719585 0.00366292145357 2.81423780772e-05 0.0162149006755 0.00860092669986 0.00419076085646 0.00625947960518 0.0184810856097 0.0109889439193 0.0203909468154 0.00929550132528 -0.00327557966325 -0.0122942956582 0.0184587840446 0.0165646024187 0.0188247681757 0.0169113417992 0.00658005850583 0.00759981994528 0.0161570975954 0.018976814654 
0.0151967693407 0.516460797849 0.0134998905138 0.0133620592501 0.0135953220735 0.0139606551356 0.0211254582033 0.0302747311353 0.025267379859 0.037750151232 0.0118965337742 0.0681421195392 0.0124898769672 0.023842989199 0.0456827322539 0.0158114190388 0.0537800118055 0.017835848634 0.0372273542255 0.0169935217302 0.0227330200218 0.0391195928334 0.0142953485293 0.0250087613207 0.0140024941383 0.0460900943936 0.0240789280628 0.024788746972 0.00728990770161 0.077535873527 0.0332898741501 0.0239160707692 0.00182699023609 0.0625985072431 0.00276325916146 0.0328078135589 0.00721645799392 0.0249517175204 0.0577549967146 0.0217079443812 0.021980635582 0.01698647804 0.0679138780659 0.0162731546953 0.00950101297618 0.0103637296172 0.017332036416 0.0228426995138 0.0225477007872 0.00167844881652 -0.0023743786272 0.0159042287307 0.0240426535886 0.00488783058538 0.0259380486646 0.0255495403564 0.0079864645642 0.0478233252272 0.0447837077226 0.0416555512869 
0.0127970197266 0.0134998905138 0.143590061896 0.00338064637708 0.0192062512063 0.00255378419046 0.013634489449 0.0219329683735 0.0199377195151 0.0095779074185 -0.00119276969663 0.00754730529039 0.0055625396209 0.0218410294456 0.0388379335671 0.00902317642005 0.0151748774572 0.0131927867893 0.0316148019665 0.0177217959024 0.0158788504215 0.0195865059232 0.0238013505754 0.0279139694484 0.0170236483156 0.00405554649293 0.0149042152995 0.0126987531482 0.0154774225612 0.0238978015125 0.0194361323341 0.0173698164999 0.0225805836024 0.0156225730854 0.00375217374695 0.00484862278359 0.0147450040589 0.0187266090445 0.0011913027391 0.0173054880578 0.021288693408 0.0165437584282 0.0108427322721 0.019575113031 0.0250678490987 0.0127995706429 0.00808159832883 0.0212547996678 0.01999659079 0.00520288738935 0.0165409933346 0.00347490581922 0.0133582852265 0.0145443849407 0.00460426795319 0.0136113046678 0.014842526938 0.021342833513 0.0237339536832 0.00763182522451 
0.000839024913522 0.0133620592501 0.00338064637708 0.307153502073 -0.0105250070531 0.00427556098115 -0.00620777418044 0.0170709954729 0.0177350178337 -0.00101785657431 0.0153442338736 0.00656048121874 0.0333655562665 0.00219471306905 -0.0125604262152 0.0133161293894 0.0327932660677 0.0196833632975 0.00206453536839 0.0093315679669 0.0104067248975 0.031277456839 0.0197214193954 0.00602731415708 0.0107728462098 0.0205294558316 0.0205868844505 0.0135659420456 0.0093543371791 0.00563918296775 0.00534768848098 -0.00523616605213 0.00880563821959 0.018789242105 0.0266051732832 -0.00134297794734 -0.00357706411991 0.00667097814916 0.0218942509164 0.00306980900184 0.0169335400937 0.000635285770678 0.0117373474874 0.0196705614088 0.0193266106345 0.0214809267239 0.00564775109764 -0.00199113015948 0.00613553117274 0.0122884554156 0.0349477665228 0.00522559372569 0.0220274482028 -0.00193489884305 0.01282844124 0.00831703635537 0.0174574918354 0.0319885939018 0.015310911421 0.0226281758219 
0.0204920550543 0.0135953220735 0.0192062512063 -0.0105250070531 0.275136208359 0.0204968051772 0.00590392366241 0.0247165632681 0.0191234336331 0.0610008049588 0.0129450560659 0.0096541293894 -0.000364212122767 0.00710850526877 0.00623935933261 0.0186542356121 0.00938155604887 0.0120412767168 0.0054692618221 0.00796377108999 0.00282029154525 0.0126911620132 0.0181764221909 0.0228942928726 0.0207338821164 0.0151522236607 -0.00109787679295 8.06370041211e-05 0.0359422161135 0.0339665831406 0.027067902252 0.0143019480567 0.00944969230564 0.0539007106213 -0.0170734362657 -0.00375119520534 -0.00104002022615 0.0197274870116 0.011269145248 0.0213475696335 0.0174273307385 -0.000587360300536 0.00666056851015 -0.00443969039458 0.00854311872334 -0.000139536446583 0.0127669127636 0.0149982291108 -0.0186702310446 0.013914502481 0.0131661135819 0.000405585886961 0.00963427708228 0.0130566948347 0.0053256713561 0.0138268194085 0.0111654586848 -0.00685501004027 -0.00323545871724 0.00839445723625 
0.0209752051893 0.0139606551356 0.00255378419046 0.00427556098115 0.0204968051772 0.191330324596 0.0195886400508 0.0188098229039 0.0305264218501 0.0171843107645 0.00903796080987 0.0317310398391 0.00681979001503 0.0145805466612 0.0218978965357 -0.00263154872622 0.00697447372547 0.00561547274608 0.0152729041558 8.84062199089e-05 0.029863546423 0.0171827858187 0.0148140051951 0.02033086976 -0.00521226053381 0.0129624920929 0.033495456228 0.00302680448955 0.0127503571229 0.0158350334701 -0.0014236129227 0.0143916479181 0.0175023976804 0.013730609786 -0.00911371465409 -0.00698049721663 0.0125322661344 0.0161833627969 0.0472090516886 0.0137817682876 0.00601125197473 0.00620924233508 0.0289149578483 0.0204883038979 0.0129602978139 0.0113776273333 0.0019325439125 0.00259024160055 0.0288679065375 0.00410946544158 0.00948742507564 -0.00039676085058 0.0218914552128 0.00799021875782 0.0194180087339 0.00471220435787 0.010945968007 0.0204329430594 0.0134871070412 -0.00470079764973 
0.0163468813384 0.0211254582033 0.013634489449 -0.00620777418044 0.00590392366241 0.0195886400508 0.20794022091 0.000205663082552 0.0736218335013 0.0206399489943 0.00176823543163 0.0160161927326 0.0143565251308 0.0290024795796 0.0308347509607 0.00247655870556 0.0203283975328 0.0162066968626 0.00983726071723 0.00822377451981 0.0129271079633 0.0250095619518 -0.00485273103694 0.0103547104961 -0.00210852242247 0.0107486967106 0.0260222167509 0.0040686046278 0.0050429343904 0.00981586776921 0.0148584205319 0.0322688857902 0.013293611702 0.019095855698 0.011397753047 0.010352968779 0.020237165584 0.000101222919959 0.0312119855818 0.0136169898935 0.00103082259813 0.0222584540642 0.0409136981871 0.011539614058 0.00675666154756 0.0190465806479 0.0122628789721 0.00900620931072 0.0125667598887 0.0102667861298 0.0299231162669 0.0107367147083 0.0226570707519 0.0103634107152 0.0235292973698 -0.00158059724956 0.00428716943196 0.0491401638779 0.0101767044727 -0.00454993337522 
0.00729379855338 0.0302747311353 0.0219329683735 0.0170709954729 0.0247165632681 0.0188098229039 0.000205663082552 0.239937561343 0.00855901879032 0.0187417623953 0.017785033424 0.0124132261655 0.012949079566 0.0179860355211 0.0251563345857 0.00351658435857 0.032632820837 0.00699324788941 -0.00343319894068 0.0172540274501 0.0165557507806 0.0173646164981 0.0117155837442 0.0201769641318 0.0141509454535 0.0138972965884 0.0250706192634 0.00887845463701 0.0345089767224 -0.00593925025994 0.0169077224084 0.0231641480252 0.0277293318069 0.000919755417373 0.000666128564498 0.0264300159868 0.00808881813506 0.0104244203643 0.0283908351151 -0.00227779326145 0.0140596115504 0.0125157768033 0.0278640840356 0.0208003399504 0.0142530002969 0.0123048257634 -0.0019551217615 -0.000696357345252 0.0290570624905 0.00491485656556 0.0245722216381 0.0122625938341 0.0121604615178 0.0269515344703 0.0154352138452 0.00777473738815 -0.00141290141693 0.0185398789396 0.015526413899 0.0352072277301 
0.0368334688904 0.025267379859 0.0199377195151 0.0177350178337 0.0191234336331 0.0305264218501 0.0736218335013 0.00855901879032 0.259992357413 0.023340015216 0.00676090320574 0.0304444379957 0.0149545280619 0.0062538605453 0.0411440481974 0.0108227545224 0.00644381522031 0.0208718050335 0.00657444461235 0.00354441525462 0.0327008499734 0.0172100496403 0.0209019002947 0.033495171465 0.0254433576031 0.0195690014532 0.0585544516142 0.00984652839729 0.0164692272426 -0.00378585640663 0.0464875543882 0.0170727112578 0.0213630283329 0.00590474293726 0.0214716269155 -0.0125541026727 0.0247496959575 0.015642510602 0.0239318585994 0.00976907602897 0.0156567502985 0.020439288624 0.0534999123825 0.0115131317 0.019988039661 0.0128418621557 0.0160450743254 0.0115567937913 0.0330521482933 0.0103266790216 0.0056880599782 0.0202349458961 0.0224757047015 0.0078474708139 0.0278610930741 0.0126243965024 -0.00108555687843 0.0284516354106 0.0313540949233 -0.00785864043559 
0.00460773963003 0.037750151232 0.0095779074185 -0.00101785657431 0.0610008049588 0.0171843107645 0.0206399489943 0.0187417623953 0.023340015216 1.00324495463 0.0181380776121 0.0516430153127 -0.0127492650641 0.0365419984844 0.079435045039 0.00415376343384 0.0305187844701 0.0217022862143 0.0207527628795 0.0299658804613 0.01120078236 -1.93386729715e-05 0.0085163859217 0.0164689246447 -0.0133876050127 0.000282957155443 0.0771000014976 0.0150769849308 -0.00212453705033 0.0351358339031 0.00971072492925 0.018898803552 0.0131334551316 0.0423757605462 0.0211639967626 0.0317636688561 0.0279829940818 0.00800466987838 0.0221781730615 0.0133051051272 -0.003412167404 0.0232821470647 0.04798303642 0.028957235561 -0.00291576146677 0.0232405358609 0.0137541398303 0.0606660646151 0.0413816105209 -0.00419224564401 0.00752422388996 -0.001509345746 0.0543292872063 -0.00312676406947 0.0223182409125 -0.001404723779 0.0156526998896 0.0411624300939 0.0147668270682 0.0172523681188 
0.00724401500215 0.0118965337742 -0.00119276969663 0.0153442338736 0.0129450560659 0.00903796080987 0.00176823543163 0.017785033424 0.00676090320574 0.0181380776121 0.26962677015 0.00160278047833 0.0168228410076 -0.00261139374691 0.0307569335699 0.0133661282397 -0.00788280755499 -0.00433902612549 0.0111109462759 0.00679321472245 0.0229690520813 0.00466660958405 0.0134954380452 0.0184030633844 0.0224197237127 0.0281728420396 0.00691314900755 0.00190137007495 -0.00386307984284 0.0252919629801 0.0245737769514 0.00887380832855 0.0171808672996 0.0153189551302 0.00359374288815 0.0126821179256 0.00366550318719 0.00948266810136 -0.00804713892239 0.00341254624069 0.0185864500025 0.00152583142982 0.00936312866983 -0.00133988560909 0.0195233188782 0.00494357116949 0.0185274988223 0.0205796204009 0.000496008822687 -0.00111175197842 0.00301868223629 0.0326860480037 0.00662802844062 -0.00107439621121 0.00643299704019 0.0136941288265 0.0181640666571 0.00041058101304 0.0124371823319 0.0130738054633 
0.00959814437719 0.0681421195392 0.00754730529039 0.00656048121874 0.0096541293894 0.0317310398391 0.0160161927326 0.0124132261655 0.0304444379957 0.0516430153127 0.00160278047833 0.504773665945 0.0244904445786 0.0468973389479 0.0432358823463 -0.00286588997577 0.0296715524503 0.0163867386878 0.044964946831 0.00710798440839 0.0266390854397 0.00926293524474 0.00616764227813 0.0145233214 -0.00175259141305 0.0247246790223 0.00853978355091 0.0156090857661 -0.00342730655296 0.0221944135797 0.0132481853896 0.0326535592595 -0.0100478196343 0.0320314765076 0.119036963876 0.0225246725167 -0.00784264771572 0.032199297906 0.0292835327075 0.010608427009 0.0131311047335 0.0244680396672 0.0171317553228 0.0241733889241 0.000184112479155 0.0153324589188 0.0175316315487 0.0308751268193 0.0219721743327 0.00964607067238 0.0131889000179 -0.025208279569 0.0401847473766 0.041988665625 0.0311879719599 0.00662600457335 0.000960636749395 0.0413546597926 0.0252040709679 0.0109354721622 
0.00845362285902 0.0124898769672 0.0055625396209 0.0333655562665 -0.000364212122767 0.00681979001503 0.0143565251308 0.012949079566 0.0149545280619 -0.012749265064 0.0168228410076 0.0244904445786 0.670329138823 -0.00199696940452 0.0180352141832 0.020740182835 -0.00575626061084 0.029371768755 0.00381040007284 -0.00432755834387 0.0105293586025 0.0133886496051 0.0170105869382 0.0274057300494 0.0453624929919 0.0337623327491 0.048693172344 0.0186872085203 0.0197554853001 0.0053511177013 0.0161717213113 0.00646997700563 -0.00330632863981 0.0147511748894 -0.00392770892277 -0.0061552610792 0.00887641429188 0.00981678629516 0.0149558143361 -0.0101787798999 0.0073000081405 0.00891831677848 0.0496753015517 0.0478064628412 0.0276003366701 0.0295218489055 -0.00219460982278 -0.00010904894856 0.0333232641131 0.00755413967335 0.0376089317303 -0.018035567127 0.0197434612073 0.0246519118011 -0.00130552701986 0.014908770188 0.0128233066166 -0.00913910711602 -0.00386176534297 0.00197462447372 
0.00287883992913 0.023842989199 0.0218410294456 0.00219471306905 0.00710850526877 0.0145805466612 0.0290024795796 0.0179860355211 0.0062538605453 0.0365419984844 -0.00261139374691 0.0468973389479 -0.00199696940452 0.271155518331 -0.00976176940478 -0.00219385123655 0.03261636075 0.0174696425423 0.00896665051603 0.0012620451316 -0.00173654558527 0.0148142161548 0.00882438581674 0.0127386975084 0.00825505530029 -0.0108967254463 0.00352354029261 0.00729016366767 0.0196012299605 -0.0174495945077 -0.00289345550682 -0.00331987317754 0.0184039984161 0.028160380679 -0.003992878884 0.0771427719971 0.00971700100039 0.000867377585367 0.0373966886011 0.000349057945316 0.0153175366394 0.00365199465653 0.0290368989754 0.0163502432609 0.00727526837336 -0.00356849845275 0.015378171104 0.0039527057528 0.00833756067572 0.00597089096953 0.0489645852233 -0.00618753133658 0.0108959088336 -0.00156501499885 -0.00360115550913 0.00937995330046 0.00922166180656 0.0204098891936 0.0128823977493 0.00241944040986 
0.0212954495553 0.0456827322539 0.0388379335671 -0.0125604262152 0.00623935933261 0.0218978965357 0.0308347509607 0.0251563345857 0.0411440481974 0.079435045039 0.0307569335699 0.0432358823463 0.0180352141832 -0.00976176940478 0.561669837013 0.0215024341979 0.0143065352346 0.0159793439064 0.0511168830894 0.0218418602778 0.0417615122796 0.01005221617 0.00863482343928 0.00905068214506 0.0204204291134 0.0207233952046 0.0372568202664 0.0319262400532 0.0305135393708 0.0427025897635 0.0266461159389 0.0689411749988 0.0209517818358 0.0561445665336 0.0342588061815 0.00281706424773 0.00920670246575 0.0110899336548 0.00201486503539 0.00880472749995 0.00653823952865 0.0206345012343 0.0320736786933 0.0235951713034 0.0245814169598 0.0101110695349 0.0107188540013 0.0306672988294 0.0762894016279 -0.00186107204778 -0.00735690830923 -0.0161405895182 0.00671949685299 0.0300586449564 0.0484448737757 0.00481954550174 -0.00037135191482 -0.00886488502797 0.0369481537017 0.0345006686132 
0.00626198695616 0.0158114190388 0.00902317642005 0.0133161293894 0.0186542356121 -0.00263154872622 0.00247655870556 0.00351658435857 0.0108227545224 0.00415376343384 0.0133661282397 -0.00286588997577 0.020740182835 -0.00219385123655 0.0215024341979 0.194828565793 0.00576899986081 0.000960311282211 -0.00176171942519 0.00865233637171 0.00424939506948 0.00317303466643 0.011777607716 0.034768228267 0.106658978709 0.088851475521 0.0425813388807 0.00585345934454 0.0144001314309 0.0176019239605 0.0173328468727 0.0188969077081 0.0113849378773 0.026648005404 -0.0118613602331 0.0115624268884 0.00771667232652 0.0259062201523 0.00368548639679 0.013309789983 0.0192165970925 0.00567570412355 0.0366173492031 0.00990326072 0.0116243139682 0.00896809724318 0.0123112091181 0.0226194704401 0.00208625652407 0.00842537957748 0.00581789540803 -0.00291042742342 0.0110515183935 0.0239126401144 0.0131203168484 0.0126867288905 0.00434645337825 -9.82277130381e-05 0.0122010381839 0.0136440618485 
0.0214964125377 0.0537800118055 0.0151748774572 0.0327932660677 0.00938155604887 0.00697447372547 0.0203283975328 0.032632820837 0.00644381522031 0.0305187844701 -0.00788280755499 0.0296715524503 -0.00575626061084 0.03261636075 0.0143065352346 0.00576899986081 1.03048528191 -0.00178410739549 0.0187488814268 0.020548919582 0.0137889119868 0.000154652918029 0.0127674257767 0.00942900064667 -0.00116064865397 0.00953869534451 0.0109262623861 0.019212306926 0.00566158176993 0.0235354084091 0.0158984383703 0.0243933383682 0.00648772352559 0.0100636955799 0.00965519468968 0.0471823015345 0.0147113272899 0.000335166763257 0.00373351521483 0.00760169223019 0.0186184144363 0.0170010842523 0.0519516216752 0.0111566235542 0.00445395996589 -0.00800101588849 -0.00446673889752 0.0103501930091 0.000115748954371 -0.00155308837985 0.0073692648725 0.00185903146182 0.0232939877781 0.00323671752229 0.00776384462882 0.0207440850632 0.000803461601981 0.0261575179264 0.0151322484781 0.0223927317008 
0.00702011446159 0.017835848634 0.0131927867893 0.0196833632975 0.0120412767168 0.00561547274608 0.0162066968626 0.00699324788941 0.0208718050335 0.0217022862143 -0.00433902612549 0.0163867386878 0.029371768755 0.0174696425423 0.0159793439064 0.000960311282211 -0.00178410739549 0.243133252663 0.0194893605086 -0.00161822970035 0.0180207905189 0.0216892623567 -0.00386997742661 0.0175509764071 -0.000865842978738 0.00528219454075 0.0243434016073 0.0133883627028 -0.00473773974179 0.0088448187058 -0.00289010093524 0.0113917869648 -0.00678062382437 0.00933505797083 0.00808000900743 0.0322027197753 0.00611765643917 0.0061749966052 0.0384159122029 0.0158256693544 0.00988470959129 0.00351976780118 0.019905079198 0.0141340755286 0.0033657761615 0.018612008878 -0.000231690648298 0.0198996828032 0.0115908867447 0.0166271580408 0.00678190102851 -0.00957801699593 0.00850585254263 0.000934287940646 0.0013093189526 -0.00498708756851 -0.000839999883489 0.010642284516 0.00833784399591 -0.00309380409545 
0.0166736193095 0.0372273542255 0.0316148019665 0.00206453536839 0.0054692618221 0.0152729041558 0.00983726071723 -0.00343319894068 0.00657444461235 0.0207527628795 0.0111109462759 0.044964946831 0.00381040007284 0.00896665051603 0.0511168830894 -0.00176171942519 0.0187488814268 0.0194893605086 0.74961473464 0.0223872074259 0.0102467302431 0.0333426692272 -0.00166858391558 0.0211398916526 0.00625390350494 0.000719591408699 0.0465011778667 0.0277650295678 0.00616804701807 0.0192162043499 0.0195995147932 0.0199400233225 0.022028568858 0.0533889971623 0.00896993234368 -0.00355528366165 0.0142709315392 0.0158911758944 0.0131159358133 0.0247199975534 0.00727685407686 0.00554413683905 0.0317607918415 -0.00764359505583 0.00934938888817 0.025215268324 0.0137428257804 0.000903264330975 0.0245792364784 0.0190610810947 0.00692555791782 -0.00913465285428 0.0332325996736 0.00129318531152 0.0015450453899 0.00209828302047 0.0078331415801 0.0167416112159 0.0158779846699 0.0166719598663 
0.00421369263144 0.0169935217302 0.0177217959024 0.0093315679669 0.00796377108999 8.84062199096e-05 0.00822377451981 0.0172540274501 0.00354441525462 0.0299658804613 0.00679321472245 0.00710798440839 -0.00432755834387 0.0012620451316 0.0218418602778 0.00865233637171 0.020548919582 -0.00161822970035 0.0223872074259 0.195115061284 0.00654057819426 0.0126486669521 0.00417568931014 0.0121030420307 -0.0065530817268 0.00216222302308 0.0165114252412 0.014995631792 0.0106915251401 0.0087211884919 0.0101822401365 0.0179494251783 0.0124132639711 0.0261008432209 0.000625548528198 0.00332461096261 0.0189852379031 0.007786864476 0.00831710730284 0.0117081062185 0.00887382560434 0.00874711958499 0.0186496244666 0.00992652804188 0.0137588528075 0.0124500400525 0.0112275379381 0.00755854208629 0.0121627547036 0.00638649544635 0.0003812837152 0.0128710117927 0.00527218555879 -0.00458628646186 0.0183632776244 0.0030187246584 0.0089858536368 0.0197516953181 0.00971528675889 0.0250946639203 
0.0247365562921 0.0227330200218 0.0158788504215 0.0104067248975 0.00282029154525 0.029863546423 0.0129271079633 0.0165557507806 0.0327008499734 0.01120078236 0.0229690520813 0.0266390854397 0.0105293586025 -0.00173654558527 0.0417615122796 0.00424939506948 0.0137889119868 0.0180207905189 0.0102467302431 0.00654057819426 0.374247590678 0.0233404907244 -0.000704036569016 0.00650523866083 -0.000371073948387 0.00994550448032 0.0176977097221 0.0536356471677 0.013284667551 0.0271250967769 0.0298673323563 0.029723243198 0.0187448127122 0.0138969146222 0.0337921870375 0.00290540414117 0.00156060024814 0.00967648187091 0.0168564399448 0.00796312736603 -0.00694481642489 0.0196699972675 0.0368703879007 0.0314388932269 0.00872762491393 0.0224560415868 0.01637708687 0.0152197379978 0.00729820711379 0.0117042541416 0.00623932598526 -0.0071999887757 0.024912054369 0.00726505029817 0.00162626898184 -0.000632527573868 -0.000765975945079 0.0380466751897 0.0248066815868 0.0241681422654 
0.0142438348213 0.0391195928334 0.0195865059232 0.031277456839 0.0126911620132 0.0171827858187 0.0250095619518 0.0173646164981 0.0172100496403 -1.93386729714e-05 0.00466660958405 0.00926293524474 0.0133886496051 0.0148142161548 0.01005221617 0.00317303466643 0.000154652918029 0.0216892623567 0.0333426692272 0.0126486669521 0.0233404907244 0.241829804299 0.00860631849307 0.0131308273614 -0.014685498926 -0.00576762307338 0.0216087099669 0.016569161622 0.0144424352581 0.0239088700589 0.0187484829927 0.0188636343884 0.0244787005431 0.0187209914483 0.0120387841095 0.00354156340178 0.00515212968083 0.00582858112155 0.0125999069543 0.0249250261612 0.00742987069546 0.012562575725 0.0268208577456 0.0127711802054 0.0190160102163 0.028225560644 0.0223554969136 0.0261795942354 0.0237810285987 0.0138073349709 0.00606575145402 -0.00824322838231 0.00913463136927 0.0055070283745 0.0128502249516 0.00173750456697 0.0146591709103 0.00280548258168 0.0283061564951 0.00118828233357 
0.00804638484283 0.0142953485293 0.0238013505754 0.0197214193954 0.0181764221909 0.0148140051951 -0.00485273103694 0.0117155837442 0.0209019002947 0.0085163859217 0.0134954380452 0.00616764227813 0.0170105869382 0.00882438581675 0.00863482343928 0.011777607716 0.0127674257767 -0.00386997742661 -0.00166858391558 0.00417568931014 -0.000704036569016 0.00860631849307 0.138968354714 0.0353464367262 0.0225199342351 0.0242842032879 0.0110516328018 0.00595977796294 0.0134764815885 0.0061931696129 0.00216659723077 0.00985859570647 0.0236773139142 0.00433181639508 0.00228367810488 0.00299726648715 0.0165129421139 0.0484425897617 0.0229011349097 0.00584463017067 0.0455814061894 0.0140073584682 0.00510482076566 0.00849119290385 0.0186909991832 -0.00705998962432 0.00284587614295 0.0124492050953 0.00616487901954 0.00226359663935 0.00729010988203 0.0177519203958 -0.000307204389612 0.0113494725821 0.0273294157722 0.0425456840937 0.00500418256542 0.00604959470587 0.00488860327943 -0.00392325598975 
0.00721015639497 0.0250087613207 0.0279139694484 0.00602731415708 0.0228942928726 0.02033086976 0.0103547104961 0.0201769641318 0.033495171465 0.0164689246447 0.0184030633844 0.0145233214 0.0274057300494 0.0127386975084 0.00905068214506 0.034768228267 0.00942900064667 0.0175509764071 0.0211398916526 0.0121030420307 0.00650523866083 0.0131308273614 0.0353464367262 0.174993849036 0.0508352453123 0.0196187059325 0.0236390064019 0.00613402202093 0.00431879002001 0.0103667307339 0.0128684299133 0.00577738048707 0.0244749054284 0.0128532692833 0.00397760617516 0.00387448038823 0.00920860444539 0.0288399025448 0.0127996532781 0.0119677908531 0.0276002033557 0.0181404726066 0.0278599316385 0.0269162436602 0.0164312010037 0.00965532866752 0.0153816250938 0.0202671307254 0.0160394543082 -3.25609550744e-05 0.0133327455088 0.0102455728339 0.0124923745232 0.00822049784846 0.0193243802126 0.0225141473725 0.0081720781941 0.00927909992892 0.014638694564 0.0115297232044 
0.019973090351 0.0140024941383 0.0170236483156 0.0107728462098 0.0207338821164 -0.00521226053381 -0.00210852242247 0.0141509454535 0.0254433576031 -0.0133876050127 0.0224197237127 -0.00175259141305 0.0453624929919 0.00825505530029 0.0204204291134 0.106658978709 -0.00116064865397 -0.000865842978738 0.00625390350494 -0.0065530817268 -0.000371073948388 -0.014685498926 0.0225199342351 0.0508352453123 0.407672154188 0.129987645295 0.0700991681289 -0.0035995841847 0.000645923087173 0.0335047452727 0.0196007209772 0.023171586506 0.0136923203431 0.00500849918939 -0.0161309883396 0.0142506887679 0.00870773888433 0.0254471133069 -0.0032693837488 0.0241564625292 0.0249128183652 0.0128419072036 0.07400293696 0.00960704694423 0.00703101197763 0.00463791703098 0.0204586083932 0.0352997101622 0.0108916344748 -0.00807273772299 0.00507203280964 -0.00390535175528 0.0143040914299 0.0267571980077 0.0295111437973 0.0133544095305 -0.00238945405779 0.00400801422871 -0.0106829812624 0.00175501593382 
0.0105465518478 0.0460900943936 0.00405554649293 0.0205294558316 0.0151522236607 0.0129624920929 0.0107486967106 0.0138972965884 0.0195690014532 0.000282957155443 0.0281728420396 0.0247246790223 0.0337623327491 -0.0108967254463 0.0207233952046 0.088851475521 0.00953869534451 0.00528219454075 0.000719591408699 0.00216222302308 0.00994550448032 -0.00576762307338 0.0242842032879 0.0196187059325 0.129987645295 0.370696695669 0.0761703388899 0.00153105967087 0.009520987779 0.0116684107265 0.015672873878 0.0120748216245 -0.00539508308359 0.0280563279503 -0.0140856319715 0.00145388041796 0.0052987489958 0.0351436620276 -0.00261936150301 0.0122853499373 0.0158945314233 0.0150816349193 0.0690192712611 0.00934926008001 0.00510704568777 0.0163964708319 0.00537192483915 0.022961287657 0.00498649508936 -0.00357184432725 -0.00376334504634 0.00490647272167 0.03802486553 0.0212379543545 0.0120886601244 0.0311174416974 -0.00875043718869 0.00625240622937 0.00378793145199 0.0060535710575 
0.00706066046734 0.0240789280628 0.0149042152995 0.0205868844505 -0.00109787679295 0.033495456228 0.0260222167509 0.0250706192634 0.0585544516142 0.0771000014976 0.00691314900755 0.00853978355091 0.048693172344 0.00352354029261 0.0372568202664 0.0425813388807 0.0109262623861 0.0243434016073 0.0465011778667 0.0165114252412 0.0176977097221 0.0216087099669 0.0110516328018 0.0236390064019 0.0700991681289 0.0761703388899 0.603403254412 0.0262227363785 0.00665517168398 0.000875886568774 0.0628983006075 0.0370374952297 0.0270513957216 0.0385815614154 0.0328785332104 0.0150198428924 0.00869058878919 0.00882384717493 0.0229034587026 0.0402316821168 0.0173417214466 0.0276416433104 0.198707750972 0.0145968950881 0.0156193289644 0.0681388604704 0.0185066513061 0.0393993186389 0.0538425454034 0.000831049563735 0.0171123569654 0.00101966595444 0.0545917931283 0.000228906456512 0.0243585133435 0.0287397780758 0.0227457607898 0.0481547644983 0.0277838102297 0.0271853350934 
0.00454364995772 0.024788746972 0.0126987531482 0.0135659420456 8.0637004121e-05 0.00302680448955 0.0040686046278 0.00887845463701 0.00984652839729 0.0150769849308 0.00190137007495 0.0156090857661 0.0186872085203 0.00729016366767 0.0319262400532 0.00585345934454 0.019212306926 0.0133883627028 0.0277650295678 0.014995631792 0.0536356471677 0.016569161622 0.00595977796294 0.00613402202093 -0.0035995841847 0.00153105967087 0.0262227363785 0.227906022087 0.0053451207044 0.0130685149535 0.0249039993831 0.0357485886355 0.0231236675907 0.0251011617109 0.0178246176144 0.00486765701451 0.0227697097428 0.0169352210058 0.0131936090831 0.0137644014202 0.00265209036531 0.00778091698469 0.0103187719707 0.0179392019352 0.00655965029305 0.00884550267635 0.0035521545285 0.00213441436377 0.0195410883297 0.0141501495379 0.00601698162865 -0.0144241839772 0.0213587271889 0.0107683471539 0.00900022406045 0.021671759013 0.0105940006282 -0.00386424867252 0.0203283159928 0.00798187300838 
0.00700151778986 0.00728990770161 0.0154774225612 0.0093543371791 0.0359422161135 0.0127503571229 0.0050429343904 0.0345089767224 0.0164692272426 -0.00212453705033 -0.00386307984284 -0.00342730655296 0.0197554853001 0.0196012299605 0.0305135393708 0.0144001314309 0.00566158176993 -0.00473773974179 0.00616804701807 0.0106915251401 0.013284667551 0.0144424352581 0.0134764815885 0.00431879002001 0.000645923087173 0.009520987779 0.00665517168398 0.0053451207044 0.392163985188 0.0176359387532 -0.0105977201655 0.0406857038609 0.0331919502804 0.102543418025 -0.009834437936 0.00603678770398 0.0243562495162 0.00476515983988 0.0187605476346 0.0218345336451 -0.00534552556017 0.0168838037175 0.0326835215513 0.0219289446908 0.0108115963465 -0.00284274575084 0.00433134924945 0.014380605903 0.160812521263 0.024211418642 0.00982228690192 0.00648480445056 0.00786525270104 -0.00303834195122 0.00752028695989 0.0103392375666 0.0122546390558 0.00950879149877 0.0166145372443 0.00198464122393 
0.0191435653169 0.077535873527 0.0238978015125 0.00563918296775 0.0339665831406 0.0158350334701 0.00981586776921 -0.00593925025994 -0.00378585640663 0.0351358339031 0.0252919629801 0.0221944135797 0.0053511177013 -0.0174495945077 0.0427025897635 0.0176019239605 0.0235354084091 0.0088448187058 0.0192162043499 0.0087211884919 0.0271250967769 0.0239088700589 0.0061931696129 0.0103667307339 0.0335047452727 0.0116684107265 0.000875886568774 0.0130685149535 0.0176359387532 0.856937619893 0.00170059666801 0.0348054185911 0.0380921951677 0.0421021509666 0.0184769402909 -0.00439626772764 -0.00466549898439 0.0253403328336 -0.00626393594807 0.0381412073655 0.0125444109486 0.0162654627319 -0.00387788979152 0.0337270682935 0.0096486839109 0.032250421224 0.0254793133573 0.0383516798202 0.0066446334574 0.0303054982172 -0.00700578311245 0.16191564309 0.00651939847381 -0.0211567955273 0.000124002701216 0.0123741524472 0.0185962464384 0.0286587993283 0.0435805112301 0.00815231742168 
0.015048600072 0.0332898741501 0.0194361323341 0.00534768848098 0.027067902252 -0.0014236129227 0.0148584205319 0.0169077224084 0.0464875543882 0.00971072492925 0.0245737769514 0.0132481853896 0.0161717213113 -0.00289345550682 0.0266461159389 0.0173328468727 0.0158984383703 -0.00289010093524 0.0195995147932 0.0101822401365 0.0298673323563 0.0187484829927 0.00216659723077 0.0128684299133 0.0196007209772 0.015672873878 0.0628983006075 0.0249039993831 -0.0105977201655 0.00170059666801 0.297162527783 0.0270004468995 0.0154332797008 0.0185261869837 -0.012191651294 0.00975653365897 0.0108356005288 0.0098592859055 0.0223096901655 0.0206740724203 3.79971399071e-05 0.0146731983963 0.0504139633784 0.00758744111247 0.015948365093 0.0264200422544 0.0114263301682 0.0122064558352 -0.000405681906945 0.0039776328061 0.0185536708695 0.00179511398211 0.0201777795966 0.0122849212369 0.0129481217415 0.00884272293544 0.0193371166442 0.0265736396452 0.0191382464329 0.0136865345833 
0.0280318397831 0.0239160707692 0.0173698164999 -0.00523616605213 0.0143019480567 0.0143916479181 0.0322688857902 0.0231641480252 0.0170727112578 0.018898803552 0.00887380832855 0.0326535592595 0.00646997700563 -0.00331987317754 0.0689411749988 0.0188969077081 0.0243933383682 0.0113917869648 0.0199400233225 0.0179494251783 0.029723243198 0.0188636343884 0.00985859570647 0.00577738048707 0.023171586506 0.0120748216245 0.0370374952297 0.0357485886355 0.0406857038609 0.0348054185911 0.0270004468995 0.495459560818 0.00317089419288 0.06519433157 -0.00124277010927 -0.00998693172001 -0.00991590171173 0.0133861155195 0.0451497052884 0.000325606791308 0.0101437827515 0.00603316191497 0.0161538447663 0.0118286309237 0.00628794030683 0.015136100517 0.0172731991478 0.00837054625795 0.0102593074259 0.0105732787503 0.00701112512434 0.014389661891 0.0255792686095 0.0213383856284 0.0208244501905 0.0126487878783 0.0107828006966 0.0240868501706 0.0044495777092 0.0136957079357 
0.0051891297385 0.00182699023609 0.0225805836024 0.00880563821959 0.00944969230564 0.0175023976804 0.013293611702 0.0277293318069 0.0213630283329 0.0131334551316 0.0171808672996 -0.0100478196343 -0.00330632863981 0.0184039984161 0.0209517818358 0.0113849378773 0.00648772352559 -0.00678062382437 0.022028568858 0.0124132639711 0.0187448127122 0.0244787005431 0.0236773139142 0.0244749054284 0.0136923203431 -0.00539508308359 0.0270513957216 0.0231236675907 0.0331919502804 0.0380921951677 0.0154332797008 0.00317089419288 0.229427808054 0.0045580825719 0.0022022966388 0.00684483761986 0.0223090147785 0.0162274888101 0.011933355973 0.0426731439365 0.0284992689551 0.0126535118262 0.0412214701034 0.0388359785932 0.0299936951189 0.0181846284113 0.0101340620992 0.0228362386594 0.0397731476259 0.00834500020645 0.0289473153314 -0.00323804008935 0.0216403661785 0.00235396792124 0.0177277505731 0.00274324325815 0.0172093792371 0.0387130618314 0.0321731469678 0.0114611168474 
0.00811039159378 0.0625985072431 0.0156225730854 0.018789242105 0.0539007106213 0.013730609786 0.019095855698 0.000919755417373 0.00590474293726 0.0423757605462 0.0153189551302 0.0320314765076 0.0147511748894 0.028160380679 0.0561445665336 0.026648005404 0.0100636955799 0.00933505797083 0.0533889971623 0.0261008432209 0.0138969146222 0.0187209914483 0.00433181639508 0.0128532692833 0.00500849918939 0.0280563279503 0.0385815614154 0.0251011617109 0.102543418025 0.0421021509666 0.0185261869837 0.06519433157 0.0045580825719 0.461053959841 0.00787800461101 0.0462454625458 0.00507403871995 0.00234440855173 0.0200320880714 0.0272077132965 0.000849679551126 0.0203121124545 0.0247711659446 0.0234100497576 0.0123208369827 0.00327998341756 0.0246357045343 0.0380740824037 0.0153150512893 0.0232620393326 0.0105518470396 -0.0113748414997 0.0171234891789 0.005810228737 0.00456270836723 0.00110564216853 0.0177254139894 0.0498917882632 0.0161216361496 0.014191564179 
0.00513467740964 0.00276325916146 0.00375217374695 0.0266051732832 -0.0170734362657 -0.00911371465409 0.011397753047 0.000666128564498 0.0214716269155 0.0211639967626 0.00359374288815 0.119036963876 -0.00392770892277 -0.003992878884 0.0342588061815 -0.0118613602331 0.00965519468968 0.00808000900743 0.00896993234368 0.000625548528198 0.0337921870375 0.0120387841095 0.00228367810488 0.00397760617516 -0.0161309883396 -0.0140856319715 0.0328785332104 0.0178246176144 -0.009834437936 0.0184769402909 -0.012191651294 -0.00124277010927 0.0022022966388 0.00787800461101 0.83191637036 -0.00677321537215 -0.00315877629057 -0.00238320346967 0.00267281472664 0.00896002570505 0.00168093816397 0.0114994274032 0.00967543945485 0.00223555243121 -0.00301727545683 0.00419538901537 -0.00976240132424 0.00449454895945 0.0364975780293 0.00843088757835 -0.00977035891506 -0.00955911609594 0.00618405137316 -0.0179844305651 -0.00117162646248 -0.0136669721063 -0.00301813561949 0.0129662088869 -0.00270088129496 0.0677502700133 
-0.00262992955061 0.0328078135589 0.00484862278359 -0.00134297794734 -0.00375119520534 -0.00698049721663 0.010352968779 0.0264300159868 -0.0125541026727 0.0317636688561 0.0126821179256 0.0225246725167 -0.0061552610792 0.0771427719971 0.00281706424773 0.0115624268884 0.0471823015345 0.0322027197753 -0.00355528366165 0.00332461096261 0.00290540414117 0.00354156340178 0.00299726648715 0.00387448038823 0.0142506887679 0.00145388041796 0.0150198428924 0.00486765701451 0.00603678770398 -0.00439626772764 0.00975653365897 -0.00998693172001 0.00684483761986 0.0462454625458 -0.00677321537215 0.612433861928 -0.0174126352008 0.0166479510397 0.0306280533106 -0.000408144481989 0.0165907026085 0.0045456285433 0.0941939755165 0.0191007107958 0.005622687485 -0.00629425515029 0.00744369852602 0.00877577343715 -0.000758699945477 -0.00614329230142 0.00740454469666 -0.00474129619253 0.00317232621097 -0.00701007359451 0.0147211357688 0.000988531863388 -0.00239751391067 0.0180950884819 0.00535273536571 0.117869968312 
0.0352984407768 0.00721645799392 0.0147450040589 -0.00357706411991 -0.00104002022615 0.0125322661344 0.020237165584 0.00808881813506 0.0247496959575 0.0279829940818 0.00366550318719 -0.00784264771572 0.00887641429188 0.00971700100039 0.00920670246575 0.00771667232652 0.0147113272899 0.00611765643917 0.0142709315392 0.0189852379031 0.00156060024813 0.00515212968083 0.0165129421139 0.00920860444539 0.00870773888433 0.0052987489958 0.00869058878919 0.0227697097428 0.0243562495162 -0.00466549898439 0.0108356005288 -0.00991590171173 0.0223090147785 0.00507403871995 -0.00315877629057 -0.0174126352008 0.460401433469 0.0074456870272 0.0136157352521 0.00574218015062 0.0215116783916 0.0202455103514 0.00827871907957 0.00679153985264 0.0133646907975 0.00594360968273 0.037226772071 0.017250024414 0.000321318491957 -0.00276189047852 -0.00374543240613 0.0169638362823 0.0151497887362 -0.00508897046489 0.00549688075812 0.0204524489859 0.0325015188086 0.0216754169548 0.0118590653454 0.00780530949116 
0.0136299733118 0.0249517175204 0.0187266090445 0.00667097814916 0.0197274870116 0.0161833627969 0.000101222919959 0.0104244203643 0.015642510602 0.00800466987838 0.00948266810136 0.032199297906 0.00981678629516 0.000867377585368 0.0110899336548 0.0259062201523 0.000335166763257 0.0061749966052 0.0158911758944 0.007786864476 0.00967648187091 0.00582858112155 0.0484425897617 0.0288399025448 0.0254471133069 0.0351436620276 0.00882384717493 0.0169352210058 0.00476515983988 0.0253403328336 0.0098592859055 0.0133861155195 0.0162274888101 0.00234440855173 -0.00238320346967 0.0166479510397 0.0074456870272 0.183778536946 0.010198853333 0.0271852429528 0.043823073563 0.017269204077 0.0121930335234 0.0125358335621 0.0017329955723 0.00339867359856 0.00956711473918 0.0211478599056 0.00934304710694 0.00219257384618 0.00640571088043 0.0101826266035 0.0172246410319 0.0196318214371 0.00933485335895 0.0354197067348 0.00217096136903 0.0207231455071 0.0266849789888 0.0021437577075 
0.00376413167596 0.0577549967146 0.0011913027391 0.0218942509164 0.011269145248 0.0472090516886 0.0312119855818 0.0283908351151 0.0239318585994 0.0221781730615 -0.00804713892239 0.0292835327075 0.0149558143361 0.0373966886011 0.00201486503539 0.00368548639679 0.00373351521483 0.0384159122029 0.0131159358133 0.00831710730284 0.0168564399448 0.0125999069543 0.0229011349097 0.0127996532781 -0.0032693837488 -0.00261936150301 0.0229034587026 0.0131936090831 0.0187605476346 -0.00626393594807 0.0223096901655 0.0451497052884 0.011933355973 0.0200320880714 0.00267281472664 0.0306280533106 0.0136157352521 0.010198853333 0.376841375605 0.0153949126914 0.00557243788716 0.0205512035079 0.0430312033348 0.0217675754158 0.00914748314447 0.0250309643503 0.00544099230089 0.0394019638909 0.0333411145676 0.0103306379041 0.00734646200296 -0.00352226365597 0.0156409909396 0.0175192536413 0.011562069027 0.0179725922974 0.019592656147 0.0197538301722 0.0347379275264 0.00156669071808 
