50
0.0395396308246 0.0428749123775 0.0115927538848 0.0909027791802 0.0255776045185 0.0621529110589 0.0355019489908 0.0299059053764 0.0631330997176 0.0220926651793 0.043075945187 0.0466521206007 0.0404531955786 0.0534443631468 0.0861911318708 0.0425593974561 0.0197813299257 0.129241945615 0.0391901687574 0.0716450377603 0.0313696733512 0.0377827405953 0.0693656588129 0.0502759777883 0.0522861094618 0.0348828940045 0.0471087328402 0.00873698993333 0.197480990077 0.0852779749864 0.0442318588416 0.0418020448473 0.0486959213786 0.153319254475 0.0352458247454 0.0285507317948 0.0165000515881 0.166074759161 0.0743289823458 0.044891801276 0.0304896250645 0.0429032651101 0.078059567066 0.0528259349661 0.045759308444 0.0629738483482 0.0785675118811 0.0451551332239 0.0335346879574 0.039970875035 
0.287921210117 0.0234064585171 0.0121463086998 0.0175078737055 0.0187483399215 0.0420083123517 0.0281327594763 0.0105914430304 0.0201872596337 -0.00333412877451 0.0121602739841 0.00377064881063 0.00414175974252 0.0234888950344 0.0204919535549 0.0350798620777 0.0160359027112 0.0338320885441 0.0103417362097 0.015667069588 0.0190424336502 0.00134652208707 0.0419183359378 0.0130110058096 0.0275261941081 0.0128936564502 -0.00535449977174 0.0112667796522 -0.01625056598 0.0241759922157 0.00773601198633 -0.000164283602034 0.0256259739794 0.0250884995134 0.0104370801508 0.00018707497622 0.00104805193535 0.0264708830082 0.0267816443551 0.0264271357514 0.011083529818 0.0217518264968 0.0164846074812 0.0202042297532 0.00831129523248 -0.02543762773 0.0298566407293 0.00723716873003 0.00030019341563 0.0169140995825 
0.0234064585171 0.251150959128 0.0171715526159 0.0179307442264 0.0164785909389 0.0208109941562 0.0318788671989 0.0262877656111 0.0136390261931 0.00301201252116 0.0188318971872 0.0139085305853 0.00842196628492 0.0116016782872 0.0224465604841 0.0288605961009 0.0265694946413 0.00248724713149 0.0116332731554 0.0620714604051 0.00230720243774 0.0190350239616 0.00306338885871 0.0247563680609 0.00366088035345 0.00884307747664 0.0236470793685 0.0142642073992 0.0323295428929 0.00957142123769 0.0306340447291 0.0123955920007 0.0367240801804 0.0239346475188 0.0110606927465 0.0217078022734 0.0158291769981 0.0177805455096 0.0371294439851 0.0150391815145 0.00815748810746 0.0178437503577 0.0244339321184 0.00928452387435 0.01584014032 0.0134562836138 0.00983333167167 0.0107014372123 -0.000812105068174 0.00877238983011 
0.0121463086998 0.0171715526159 0.139891175702 0.013110610431 0.00903085581892 0.0149460684193 0.0100536414835 0.00959185724808 0.0118868968601 0.00501700991516 0.0196086375956 0.0196643240618 0.00123980212463 0.0125004931395 0.0167825333419 0.0203430792268 0.0197092137613 0.00932911081122 0.00828583823001 0.021207427428 0.00885416511554 0.00922388933665 0.00842564281715 0.010230662197 0.0210338117304 0.0218685187528 0.00651528036022 0.0114364746502 0.0111967658165 0.0169411713111 0.0212726737669 0.0160328127755 0.00822707736393 0.0123886638523 0.0052039833189 0.00708667466172 0.00658114655643 0.0284125968504 0.0186381516901 0.0160600894829 0.0127882295909 0.0144765481767 0.0170698695636 0.00578666473003 0.00781248607138 0.0103033845457 4.80184612384e-05 -0.00494789511697 0.0127578648762 0.0129597152344 
0.0175078737055 0.0179307442264 0.013110610431 0.499501743184 0.00168210917887 0.0149779260639 0.0119343577922 0.0015265778462 -0.00508917349138 0.0206381977659 0.00970136039645 0.0187573165446 0.010057184487 0.00732496289645 0.0295715781429 0.00208584488426 0.0120414055457 0.0149907850593 0.010130252665 0.00485730863692 0.00669988802083 0.0150045470511 0.00418526704523 0.0119152385364 0.00323624146364 -0.00615368878201 0.0316961763526 0.00261137496413 -0.016734749789 0.0256582549227 0.00856323389609 0.00526454137058 0.01681603736 0.0049569131252 0.0166083924198 0.00218431262777 0.013255767996 0.0157669560573 0.0233286017776 0.0089883412542 0.0159790197499 0.00688383285934 -0.00261036982123 -0.00425398583162 0.0216375939176 0.0285406603291 0.00223863062836 0.00291635903996 0.0227234749361 0.00418571969464 
0.0187483399215 0.0164785909389 0.00903085581892 0.00168210917887 0.318591314208 0.00232375728635 0.00425754002221 0.0165307008238 -0.0131029539772 0.00665049180251 0.0148627590717 -0.00317203328695 0.0169059024304 0.00827802704735 0.0125667465973 0.0175637296513 0.0182376534933 -0.00807626736655 0.0108221250892 0.00568346985801 -0.00535890265824 0.0129729743865 0.0159552524307 -0.0015204421263 0.0068888094818 0.00686335864362 0.016721228523 0.0121153177846 -0.00453411636745 0.0172809706728 0.02597723447 0.0100768090607 0.0179047954048 0.0271382108146 0.00652731039256 0.0216642287201 0.0166094819627 0.0174736445933 0.0237733473915 0.0221604907451 0.0119889207502 0.00425081927348 -0.00320746479219 0.00547139607814 0.00412800470928 0.0121226044571 0.0537798093947 0.00789552483044 0.00354455105016 0.00787875574523 
0.0420083123517 0.0208109941562 0.0149460684193 0.0149779260639 0.00232375728635 0.319641466816 0.00772132061526 0.0161123194225 0.0180434121275 -0.0104176822973 0.0121925926846 0.00151214304164 0.00243308398823 0.0269501472016 0.0219417864584 0.0311068017188 0.0108984434429 0.0116920129701 0.0097604517819 -0.00168146890148 0.0115271195944 0.0639937944256 0.0214837694803 0.017903606329 0.0242967410263 0.0211490918702 -0.010242510067 0.00537698571514 0.00554082527189 0.0250299619 0.00532768250322 0.000592066255183 0.0222006401521 0.0315378137168 0.0292871725607 0.02441241419 -0.000215499700517 0.00774801595633 0.0458786699389 0.0365099331965 -0.0107778480859 0.0180115204237 -0.0126337697878 0.0153577324418 0.00753936815061 -0.00439082083202 0.0103758553001 0.0151644662989 0.00261461219801 0.0235051497265 
0.0281327594763 0.0318788671989 0.0100536414835 0.0119343577922 0.00425754002221 0.00772132061526 0.302790623427 0.0198703377532 0.0511613436669 0.0136173666869 0.0162304367695 -0.0042132700813 0.0690710150233 0.00988260142592 0.00519277633568 -0.00422131553932 0.0170736274266 0.000771737993803 0.00523635714197 0.00664494680234 0.00389940333101 0.0095476216736 0.0246287054132 -0.000834393184691 0.00366877725224 0.0238811993557 0.010228377248 0.0184162374111 0.0158431634024 0.0146065171716 0.0545388215449 0.0282508339774 0.0169182595617 0.00817552699721 0.0204011424081 -0.000221069392729 0.00642542977907 0.0011139381155 0.0235388734328 0.0161003907659 -0.00979642137763 0.0100125132487 -0.000666834735749 0.0281756850467 0.00903399260913 0.00044922545267 0.0210481649767 0.00804508404183 -0.000547368260734 0.0123930653449 
0.0105914430304 0.0262877656111 0.00959185724808 0.0015265778462 0.0165307008238 0.0161123194225 0.0198703377532 0.265616385794 0.00500679848121 0.00411339471289 0.0160953814813 0.00830364479768 0.00490098751454 0.0308513279308 0.0116364758148 0.0441295264809 0.00930659533245 0.0125205449931 0.018949285685 0.0201955291829 0.0063610495705 0.0108066840124 0.0115712851123 0.0139009624302 0.0255495101982 0.0129020998341 0.0151301033589 0.00559568389915 0.0190914425177 0.0190139899313 0.0188342863958 0.0269649617221 0.0148957507053 0.0154612150878 0.00728482292028 0.00707105943274 0.00686045448145 0.0166807120486 0.0123051762981 0.0257727950858 0.00581834958238 0.0127923575386 -0.00195561276656 0.0659286528176 0.0086434698786 0.00405750092549 0.0127688697585 0.00758964797803 0.000704557074122 0.021782777278 
0.0201872596337 0.0136390261931 0.0118868968601 -0.00508917349138 -0.0131029539772 0.0180434121275 0.0511613436669 0.00500679848121 0.460188874682 -0.00117350252217 0.0262709842067 -0.0067315394559 0.0374572759864 0.0249816576497 0.0450279475918 0.0215208104065 -0.00169089078054 0.0309050722147 0.0220734991456 0.0242288097787 0.001391947773 -0.0064175850618 0.00962026953984 0.0168753212945 0.0281655121862 0.0356076058528 0.00167932483816 0.00427182148392 0.0410188779717 0.00356160959803 0.0440432970251 0.0228790085873 0.0138698160854 0.050573744587 0.0267051145957 0.0175321088222 -0.00439056209338 0.0607742098551 0.0374196766684 0.01938793806 0.00867070987362 0.0420816106508 0.0127365114764 0.0232088870794 0.00471205376469 0.0155386208337 0.0412727032034 -0.0042428065682 0.00312565913038 0.0117305776485 
-0.00333412877451 0.00301201252116 0.00501700991516 0.0206381977659 0.00665049180251 -0.0104176822973 0.0136173666869 0.00411339471289 -0.00117350252217 0.225870745652 0.00759161233664 0.0516255570309 0.00212734534954 0.0116629378345 0.0180381662172 0.0111001510868 0.00327617139674 0.0386120142872 0.0044983763549 0.00322765792551 0.0176778609766 0.0175362404099 0.00471888561439 0.0193999057313 0.0167539614879 0.00178612162546 0.0175754447046 0.00630343331857 0.0161998437262 0.0267078111113 0.00841566129213 0.0228322363771 0.00725060642852 0.0373499455978 0.00898527977248 -0.0037469303784 0.0313309010533 0.00963144636086 0.0155957593175 0.00360916022788 0.00942830819846 0.00670369798875 -0.00384064511438 0.0144074526971 0.0166857153681 0.0166806397418 0.0134308590935 0.00158695025162 0.018256475108 -0.000879547153073 
0.0121602739841 0.0188318971872 0.0196086375956 0.00970136039645 0.0148627590717 0.0121925926846 0.0162304367695 0.0160953814813 0.0262709842067 0.00759161233664 0.209975668189 0.0189963367261 0.0210488349502 -0.00464585740752 0.0243798074906 0.0157570792935 0.0292181624168 0.0120137869734 0.00633801051602 0.00990288485588 0.00584736122432 0.012135959988 0.0205095699649 0.0204575387509 0.0199352961829 0.0227544766928 0.0110681222235 0.00471106123533 0.0143777131589 -0.000486808449287 0.0144655085165 0.0258856729706 0.0226868800111 0.0358811849437 0.0158982998044 0.0128253789063 0.0278464430061 0.0196713328871 0.0444617398906 0.0187937123152 0.0129501678232 0.0255495657865 0.00417744098448 0.0326020875616 0.0190797536139 0.000186046291829 -0.00186073556602 0.0127060153907 0.0166211641306 0.0151482253408 
0.00377064881063 0.0139085305853 0.0196643240618 0.0187573165446 -0.00317203328695 0.00151214304164 -0.0042132700813 0.00830364479768 -0.0067315394559 0.0516255570309 0.0189963367261 0.24971825374 0.0101723437665 0.00154699147195 0.00964953748214 0.0163367900747 0.0130698960814 0.0128548728046 0.0198307321167 0.0056636442412 0.0193594374286 0.0262233711991 0.0181180911242 0.026017670269 0.00250522689363 0.000800655320589 0.0282105111056 0.0118308085824 0.0101260491625 0.0320764764645 0.0248854316713 0.0335594146795 0.0114061436851 0.017505656811 0.00809366461739 0.00280706823845 0.0455495360794 0.018716350715 0.0237242674576 0.0149334654813 0.00410854502934 0.0202936716498 0.0023706979933 0.0193793612055 0.0274170710417 0.024994732925 0.00127973019566 0.0164472967485 0.0273838028154 0.013850791766 
0.00414175974252 0.00842196628492 0.00123980212463 0.010057184487 0.0169059024304 0.00243308398823 0.0690710150233 0.00490098751454 0.0374572759864 0.00212734534954 0.0210488349502 0.0101723437665 0.339127558729 0.0167739832556 0.00401462279413 0.0130463782627 0.00182015513855 0.00982506401757 0.0108917669032 0.0115159815636 0.0053755107239 0.0139567156968 0.0317901064034 -0.00874462333425 0.0274260905552 0.0187202512076 0.0232584415711 0.00398927343457 0.00896822580179 0.0277613431692 0.0318274342552 0.0399869623455 0.0206608825672 0.0207841725978 0.0283617531581 0.0243656720759 0.00878640658308 0.0774745339576 0.0393735511998 0.0267922687046 -0.00101858533909 0.00847474180455 0.00975830931869 0.0337374748831 0.0305784572015 0.0157166672754 0.0237420980261 0.0171631275743 0.0115174471429 0.0191743817835 
0.0234888950344 0.0116016782872 0.0125004931395 0.00732496289645 0.00827802704735 0.0269501472016 0.00988260142592 0.0308513279308 0.0249816576497 0.0116629378345 -0.00464585740752 0.00154699147195 0.0167739832556 0.295215570511 0.0164048705774 0.0182970107471 0.00578464659693 0.0190744201061 0.0324979776702 -0.00318693201143 0.0244795428366 0.0101536824107 0.0228488166338 0.00677617475495 0.0354298672375 0.0247290511252 0.0166481406347 0.00863093086301 -0.00290241854111 0.0337384741302 0.0162447068991 0.0139228448333 0.0124797714472 0.0489844190718 0.0156452522639 -0.00393768268965 -0.00166999489241 0.0372031879773 0.0544933830261 0.0189545712824 0.0191950065343 0.077737986259 0.0125625455504 0.016291969635 0.0108473052977 0.0128962415283 -0.00420708117385 0.010827144924 0.0115833333782 0.0346917733343 
0.0204919535549 0.0224465604841 0.0167825333419 0.0295715781429 0.0125667465973 0.0219417864584 0.00519277633568 0.0116364758148 0.0450279475918 0.0180381662172 0.0243798074906 0.00964953748214 0.00401462279413 0.0164048705774 0.403915566353 0.0454776312558 0.00429766614086 0.0225362925242 0.03549105169 0.0254896762573 0.0111107745798 0.0163233807296 0.0105791072713 0.0195658652512 0.0165414886858 0.0308614920566 0.0154505926241 0.00938982230421 0.0219403726669 0.0147120432672 0.0301626018173 0.0296299035896 0.018329582866 0.0182421220419 0.0153517966303 0.0286212767638 0.0158360417097 0.0485751168741 0.0385652291925 0.0123092407796 0.00330849989383 0.0250285535052 0.0303006711399 0.0141295125297 0.0125860035244 0.0153495569045 0.0178433319923 0.00884048843107 0.015995206384 0.0170350616954 
0.0350798620777 0.0288605961009 0.0203430792268 0.00208584488426 0.0175637296513 0.0311068017188 -0.00422131553932 0.0441295264809 0.0215208104065 0.0111001510868 0.0157570792935 0.0163367900747 0.0130463782627 0.0182970107471 0.0454776312558 0.39644523709 0.0115965719296 0.00183187520144 0.0253181694462 0.00692085361081 0.0206647908945 0.0098994862759 0.0168330182957 0.0220523361633 0.0488991224932 0.0107737854389 0.00452552072382 0.0152069199981 0.0436789378645 0.0428703371284 0.0197866191999 0.0252180822463 0.00934447357877 0.0217142200679 0.00799326338998 0.00985878089284 0.0129780763913 0.0298972833908 0.036713086908 0.0336068114279 0.0115476390367 -0.000489365120876 0.0113852700221 0.0219990847262 0.00825050440427 0.00568412352919 0.0239486163663 0.0277872994405 0.0264442052783 0.0195489555721 
0.0160359027112 0.0265694946413 0.0197092137613 0.0120414055457 0.0182376534933 0.0108984434429 0.0170736274266 0.00930659533245 -0.00169089078054 0.00327617139674 0.0292181624168 0.0130698960814 0.00182015513855 0.00578464659693 0.00429766614086 0.0115965719296 0.142534153961 -0.00194323277629 0.00985142282596 0.00972825703621 0.0155721334688 0.0131201913713 0.0060291498066 -0.00250218298936 0.00626349599338 0.00283788255265 9.78479377784e-05 0.00975448340278 0.0278723629965 0.0272175614762 0.017796586958 0.013801827002 0.038605763384 0.0132491359678 0.0131613380532 0.00662823772793 0.0189192643931 0.020545979186 0.0247500159028 0.00828852950447 0.00684300427306 0.0119917254957 0.00998132914118 0.0204465964637 0.00924436029421 -0.0176986314469 -0.000553265119321 0.00103455914749 0.0104992960113 0.0134018359 
0.0338320885441 0.00248724713149 0.00932911081122 0.0149907850593 -0.00807626736655 0.0116920129701 0.000771737993803 0.0125205449931 0.0309050722147 0.0386120142872 0.0120137869734 0.0128548728046 0.00982506401757 0.0190744201061 0.0225362925242 0.00183187520144 -0.00194323277629 0.566370610047 0.0109393795024 0.0358436150702 0.00967214835418 0.0328249291591 -0.0017619937669 -0.0139032375691 0.0112865660795 0.0130867813434 0.0221864520584 0.00510363147579 0.00996111887961 0.0107726297805 0.0126469018747 0.0109306344113 0.00016037685297 0.0201642321598 0.00478229201546 -0.00406218910952 0.0260501648849 0.0318567955007 0.0243790043069 0.00933663445734 0.00678072851213 0.0242936293094 0.0117738151953 0.00556813814828 0.00797761299662 0.0386814989046 0.00932676389458 0.00683755618147 0.00843665641909 0.0243794232127 
0.0103417362097 0.0116332731554 0.00828583823001 0.010130252665 0.0108221250892 0.0097604517819 0.00523635714197 0.018949285685 0.0220734991456 0.0044983763549 0.00633801051602 0.0198307321167 0.0108917669032 0.0324979776702 0.03549105169 0.0253181694462 0.00985142282596 0.0109393795024 0.194145310392 -0.00479425019247 0.0520392212384 0.0041443765158 0.0136620855205 0.0171426551079 0.00742925541333 0.0139871940364 -0.00160752315324 0.0104575352255 0.0172069193581 0.0273741590627 0.0200655382785 0.0264651020428 0.0122450540599 0.00775702981513 0.0144803548559 0.0121974862528 0.0103196461042 0.0332087592633 0.0162856736484 0.0115897171178 -0.00121775939432 0.0368351681253 0.0123703837147 0.00451994860884 -0.00172093564051 0.00865617228669 0.0186264042251 -0.00123763405966 0.0097020679987 0.0196754523966 
0.015667069588 0.0620714604051 0.021207427428 0.00485730863692 0.00568346985801 -0.00168146890148 0.00664494680234 0.0201955291829 0.0242288097787 0.00322765792551 0.00990288485588 0.0056636442412 0.0115159815636 -0.00318693201143 0.0254896762573 0.00692085361081 0.00972825703621 0.0358436150702 -0.00479425019247 0.464399340866 0.00520705082264 -0.00268190768977 -0.00598305679354 0.0251597121967 0.0156911629956 0.0110281647346 0.0111480312617 0.00813986152788 0.00363977733374 -0.00868644552756 0.000740461600412 0.0226226223317 0.0280227843138 0.0146692589866 0.0219883696824 0.012509463164 0.00143620369356 0.0168277818597 0.0267170786519 0.00533779564871 0.00354722920059 -0.00230563522173 0.0126513895237 0.00449094028224 0.00316280568133 0.00034541133882 0.0123450977461 0.0114322977946 0.000800339535388 0.0111572440021 
0.0190424336502 0.00230720243774 0.00885416511554 0.00669988802083 -0.00535890265824 0.0115271195944 0.00389940333101 0.0063610495705 0.001391947773 0.0176778609766 0.00584736122432 0.0193594374286 0.0053755107239 0.0244795428366 0.0111107745798 0.0206647908945 0.0155721334688 0.00967214835418 0.0520392212384 0.00520705082264 0.165575180515 0.0111836823887 0.0154032858991 0.0187742119063 0.0131604501611 0.00995063873908 0.000111201097173 0.0109564892878 0.00854408651715 0.0378090391808 0.0214234499257 0.0179808209359 0.0302456849776 0.0074084320078 0.0111011695407 -0.0046049627566 0.0108545125648 0.0353963532942 0.0324794425635 0.00799508474059 -0.00409176343543 0.0407170604491 -0.00244776437423 0.00484370037091 0.00748104028056 -0.00160805450945 -0.0024713066872 0.00694697645132 0.0104432611012 0.0185621770827 
0.00134652208707 0.0190350239616 0.00922388933665 0.0150045470511 0.0129729743865 0.0639937944256 0.0095476216736 0.0108066840124 -0.0064175850618 0.0175362404099 0.012135959988 0.0262233711991 0.0139567156968 0.0101536824107 0.0163233807296 0.0098994862759 0.0131201913713 0.0328249291591 0.0041443765158 -0.00268190768977 0.0111836823887 0.32131935261 0.0123970319075 0.0172658544831 0.0123248398223 0.0124425140147 0.0269496823739 0.0198512535134 0.0224712923752 0.0104420350255 0.0154769049141 0.0219540100147 0.0169937040603 2.13628359174e-06 0.0182390185453 0.013527808022 0.0184873785131 0.0176369256147 0.0194243251877 0.0354780139663 -0.00186269650709 0.0043756586147 0.0130058538515 0.00702337279698 0.0486049835626 0.0233952403007 0.00437376252597 0.0131553580558 0.00323209360388 0.00592844635191 
0.0419183359378 0.00306338885871 0.00842564281715 0.00418526704523 0.0159552524307 0.0214837694803 0.0246287054132 0.0115712851123 0.00962026953984 0.00471888561439 0.0205095699649 0.0181180911242 0.0317901064034 0.0228488166338 0.0105791072713 0.0168330182957 0.0060291498066 -0.0017619937669 0.0136620855205 -0.00598305679354 0.0154032858991 0.0123970319075 0.384195400954 0.00526687743791 0.0203813939597 0.0052329473172 0.013623051124 0.0106501974179 0.0375692774379 0.0258927464213 0.0110676146983 0.0146251174421 0.0220781314712 0.0108026860289 0.0164091489032 0.0217819111884 -0.00454185901644 0.0183851257669 0.0378214965515 0.0108233043344 0.0138532377432 0.00955502524111 0.00636005394084 0.0122935679875 0.0197723868564 0.00783305479787 0.0108772804471 -0.00312115296733 0.0132738110973 0.00644781597222 
0.0130110058096 0.0247563680609 0.010230662197 0.0119152385364 -0.0015204421263 0.017903606329 -0.000834393184691 0.0139009624302 0.0168753212945 0.0193999057313 0.0204575387509 0.026017670269 -0.00874462333425 0.00677617475495 0.0195658652512 0.0220523361633 -0.00250218298936 -0.0139032375691 0.0171426551079 0.0251597121967 0.0187742119063 0.0172658544831 0.00526687743791 0.267313412891 0.00481715394911 0.00209990088745 0.0138856323188 0.0128502006634 0.0132535209156 0.00838979040322 0.0191328785321 0.0133818233003 0.0124187494437 0.029574239628 0.0181838355141 0.00415298043627 0.022196882683 0.0246294802954 0.0209411703407 0.0209172203659 0.0146578457516 0.010829267344 0.0143667964271 0.00992438249551 0.00839939347702 0.00881629726331 -0.000671994374692 0.0135296345245 0.0233238379108 0.0156139979195 
0.0275261941081 0.00366088035345 0.0210338117304 0.00323624146364 0.0068888094818 0.0242967410263 0.00366877725224 0.0255495101982 0.0281655121862 0.0167539614879 0.0199352961829 0.00250522689363 0.0274260905552 0.0354298672375 0.0165414886858 0.0488991224932 0.00626349599338 0.0112865660795 0.00742925541333 0.0156911629956 0.0131604501611 0.0123248398223 0.0203813939597 0.00481715394911 0.306855471771 0.0295400673052 0.0137632229743 0.0146067915528 0.00150487508414 0.00973067636154 0.0234800232654 0.048755382289 0.0239427109965 0.0534526777535 0.0111295526727 0.027783245938 0.010811160198 0.0476155819466 0.0281771200389 0.0246436624599 0.0164601495148 0.0356769849173 0.00966816651061 0.0341043351965 0.015468020575 0.0134114242541 0.0078329190802 0.0547911188388 0.00224752954186 0.0422846432388 
0.0128936564502 0.00884307747664 0.0218685187528 -0.00615368878201 0.00686335864362 0.0211490918702 0.0238811993557 0.0129020998341 0.0356076058528 0.00178612162546 0.0227544766928 0.000800655320589 0.0187202512076 0.0247290511252 0.0308614920566 0.0107737854389 0.00283788255265 0.0130867813434 0.0139871940364 0.0110281647346 0.00995063873908 0.0124425140147 0.0052329473172 0.00209990088745 0.0295400673052 0.228574462692 0.0176516942974 0.0128400551566 0.0143736648132 -0.009923342764 0.0253729441025 0.018848988051 0.0124981053204 0.0282841695342 0.0127038254027 0.00770933433657 0.000120785528293 0.0506690946034 0.0301062778054 0.0286682943352 0.00722721431864 0.0295534786691 0.00744861850336 0.0219343779192 0.0125698133331 0.0129430089599 0.0158696765592 0.0230625067937 0.00389475522414 0.0222557583358 
-0.00535449977174 0.0236470793685 0.00651528036022 0.0316961763526 0.016721228523 -0.010242510067 0.010228377248 0.0151301033589 0.00167932483816 0.0175754447046 0.0110681222235 0.0282105111056 0.0232584415711 0.0166481406347 0.0154505926241 0.00452552072382 9.78479377784e-05 0.0221864520584 -0.00160752315324 0.0111480312617 0.000111201097173 0.0269496823739 0.013623051124 0.0138856323188 0.0137632229743 0.0176516942974 0.230124942887 0.00024620217629 0.0132792901294 0.00329160640073 0.0159642459351 0.0238604448968 0.0128215435759 -0.012646716529 0.000601515273698 0.00398098953798 0.0193013606323 0.0456837570672 0.0238787511802 0.0313240696123 0.00379367841247 0.00891805240184 -0.00125665475088 -0.00303682545566 0.107284943925 0.0827980297159 0.000204301564714 0.00354388192215 0.0129838642231 0.0092637604163 
0.0112667796522 0.0142642073992 0.0114364746502 0.00261137496413 0.0121153177846 0.00537698571514 0.0184162374111 0.00559568389915 0.00427182148392 0.00630343331857 0.00471106123533 0.0118308085824 0.00398927343457 0.00863093086301 0.00938982230421 0.0152069199981 0.00975448340278 0.00510363147579 0.0104575352255 0.00813986152788 0.0109564892878 0.0198512535134 0.0106501974179 0.0128502006634 0.0146067915528 0.0128400551566 0.00024620217629 0.107642667564 0.00698987571947 0.00336608092715 0.0186342363042 0.0041790142754 0.0174649370127 0.010511763922 -0.00020195822516 0.00470502425072 0.0104646265596 0.029744673509 0.0126894644555 0.0187112855414 0.0136414588218 0.00321359221721 -8.74123062117e-05 0.0123479347081 0.00519110575824 0.000423975445457 0.0277157351626 0.00438540311928 0.0130359159428 0.0137194967281 
-0.01625056598 0.0323295428929 0.0111967658165 -0.016734749789 -0.00453411636745 0.00554082527189 0.0158431634024 0.0190914425177 0.0410188779717 0.0161998437262 0.0143777131589 0.0101260491625 0.00896822580179 -0.00290241854111 0.0219403726669 0.0436789378645 0.0278723629965 0.00996111887961 0.0172069193581 0.00363977733374 0.00854408651715 0.0224712923752 0.0375692774379 0.0132535209156 0.00150487508414 0.0143736648132 0.0132792901294 0.00698987571947 0.879731824377 0.010629414789 0.0302073487366 0.0111361844527 0.0384156667115 0.0357860235682 0.00348257487262 0.00769347430714 0.00867369874993 0.00024779655121 0.0375883570605 0.00279044280282 0.000515955626545 0.00819443474656 0.0143351114554 0.0443791999231 0.0214018875161 0.010291538803 0.0139565046507 0.00201561689751 0.0371440497369 0.00912052096325 
0.0241759922157 0.00957142123769 0.0169411713111 0.0256582549227 0.0172809706728 0.0250299619 0.0146065171716 0.0190139899313 0.00356160959803 0.0267078111113 -0.000486808449287 0.0320764764645 0.0277613431692 0.0337384741302 0.0147120432672 0.0428703371284 0.0272175614762 0.0107726297805 0.0273741590627 -0.00868644552756 0.0378090391808 0.0104420350255 0.0258927464213 0.00838979040322 0.00973067636154 -0.009923342764 0.00329160640073 0.00336608092715 0.010629414789 0.394798535206 0.0343616699962 0.021396012264 0.0312768122526 0.0282831423339 0.00775971659753 0.00595366680958 0.0173668012651 0.0459301788578 0.0226371021611 0.0254373698384 0.00885861892528 0.0320167008126 0.0549139082644 0.0145854699377 -0.00112919032288 -0.00659535217343 0.0190265005991 0.00542659762141 0.010377238371 0.0175837676904 
0.00773601198633 0.0306340447291 0.0212726737669 0.00856323389609 0.02597723447 0.00532768250322 0.0545388215449 0.0188342863958 0.0440432970251 0.00841566129213 0.0144655085165 0.0248854316713 0.0318274342552 0.0162447068991 0.0301626018173 0.0197866191999 0.017796586958 0.0126469018747 0.0200655382785 0.000740461600412 0.0214234499257 0.0154769049141 0.0110676146983 0.0191328785321 0.0234800232654 0.0253729441025 0.0159642459351 0.0186342363042 0.0302073487366 0.0343616699962 0.231411813936 0.0292008053405 0.0236483163904 0.0245694178026 0.0111203447716 0.0238026156055 0.0113723144578 0.0374429638485 0.0344886973555 0.0287135494526 0.0111929131265 0.0291811785726 0.0329092283522 0.0440232338771 0.0114437835381 0.0138709460306 0.0237145708242 0.0147589239671 0.0132280873161 0.0340402410982 
-0.000164283602034 0.0123955920007 0.0160328127755 0.00526454137058 0.0100768090607 0.000592066255183 0.0282508339774 0.0269649617221 0.0228790085873 0.0228322363771 0.0258856729706 0.0335594146795 0.0399869623455 0.0139228448333 0.0296299035896 0.0252180822463 0.013801827002 0.0109306344113 0.0264651020428 0.0226226223317 0.0179808209359 0.0219540100147 0.0146251174421 0.0133818233003 0.048755382289 0.018848988051 0.0238604448968 0.0041790142754 0.0111361844527 0.021396012264 0.0292008053405 0.249195062761 0.0161673277227 0.0305491034672 0.0106915075923 0.00979223624505 0.00953498842997 0.0409647871427 0.0352932125387 0.0142485703129 0.00389828436692 0.0116297999722 0.0167294064838 0.0171945581201 0.0176909570722 0.0194814069534 0.0232022706585 0.00423595376583 0.0103211997705 0.0397653911721 
0.0256259739794 0.0367240801804 0.00822707736393 0.01681603736 0.0179047954048 0.0222006401521 0.0169182595617 0.0148957507053 0.0138698160854 0.00725060642852 0.0226868800111 0.0114061436851 0.0206608825672 0.0124797714472 0.018329582866 0.00934447357877 0.038605763384 0.00016037685297 0.0122450540599 0.0280227843138 0.0302456849776 0.0169937040603 0.0220781314712 0.0124187494437 0.0239427109965 0.0124981053204 0.0128215435759 0.0174649370127 0.0384156667115 0.0312768122526 0.0236483163904 0.0161673277227 0.202090177392 0.0392488114897 0.0108767633222 0.00620610108749 0.0225853194247 0.0435163978713 0.0725990246816 0.0195460448285 0.0191180845488 0.032130354511 0.0156793808033 0.0220104481689 0.0111288612403 0.0102177804267 -0.00641536183553 0.010046129211 0.00839047754798 0.0268685012338 
0.0250884995134 0.0239346475188 0.0123886638523 0.0049569131252 0.0271382108146 0.0315378137168 0.00817552699721 0.0154612150878 0.050573744587 0.0373499455978 0.0358811849437 0.017505656811 0.0207841725978 0.0489844190718 0.0182421220419 0.0217142200679 0.0132491359678 0.0201642321598 0.00775702981513 0.0146692589866 0.0074084320078 2.1362835917e-06 0.0108026860289 0.029574239628 0.0534526777535 0.0282841695342 -0.012646716529 0.010511763922 0.0357860235682 0.0282831423339 0.0245694178026 0.0305491034672 0.0392488114897 0.618027621177 0.0400234171592 0.0277178908384 0.0102194148677 0.0341780387483 0.101029991531 0.0365877175097 0.0226586110598 0.0263922822338 0.017600291238 0.004383549376 0.0056797906782 -0.00524561945976 0.0233951806546 0.0223985689781 0.00928550540726 0.0457639689092 
0.0104370801508 0.0110606927465 0.0052039833189 0.0166083924198 0.00652731039256 0.0292871725607 0.0204011424081 0.00728482292028 0.0267051145957 0.00898527977248 0.0158982998044 0.00809366461739 0.0283617531581 0.0156452522639 0.0153517966303 0.00799326338998 0.0131613380532 0.00478229201546 0.0144803548559 0.0219883696824 0.0111011695407 0.0182390185453 0.0164091489032 0.0181838355141 0.0111295526727 0.0127038254027 0.000601515273698 -0.00020195822516 0.00348257487262 0.00775971659753 0.0111203447716 0.0106915075923 0.0108767633222 0.0400234171592 0.211214332111 0.0123139406952 0.00387758662668 0.0168996086962 0.0536405338508 0.01594309256 -0.00352793797354 0.0272821690845 0.015094829501 0.0178149468004 -0.00153674703959 0.00415560704874 0.0145854867869 0.0109074933931 0.00897861395308 0.00483106109508 
0.00018707497622 0.0217078022734 0.00708667466172 0.00218431262777 0.0216642287201 0.02441241419 -0.000221069392729 0.00707105943274 0.0175321088222 -0.0037469303784 0.0128253789063 0.00280706823845 0.0243656720759 -0.00393768268965 0.0286212767638 0.00985878089284 0.00662823772793 -0.00406218910952 0.0121974862528 0.012509463164 -0.0046049627566 0.013527808022 0.0217819111884 0.00415298043627 0.027783245938 0.00770933433657 0.00398098953798 0.00470502425072 0.00769347430714 0.00595366680958 0.0238026156055 0.00979223624505 0.00620610108749 0.0277178908384 0.0123139406952 0.247838040878 0.00231873479623 0.0287226448548 0.017537377212 0.0113927777772 0.00221682346446 0.0159138392003 0.0100570288754 0.0146161498611 -0.000163428139653 -0.00085833342041 0.0102603549212 0.0133946434166 0.0124291497983 0.00433378167076 
0.00104805193535 0.0158291769981 0.00658114655643 0.013255767996 0.0166094819627 -0.000215499700517 0.00642542977907 0.00686045448145 -0.00439056209338 0.0313309010533 0.0278464430061 0.0455495360794 0.00878640658308 -0.00166999489241 0.0158360417097 0.0129780763913 0.0189192643931 0.0260501648849 0.0103196461042 0.00143620369356 0.0108545125648 0.0184873785131 -0.00454185901644 0.022196882683 0.010811160198 0.000120785528293 0.0193013606323 0.0104646265596 0.00867369874993 0.0173668012651 0.0113723144578 0.00953498842997 0.0225853194247 0.0102194148677 0.00387758662668 0.00231873479623 0.143465402875 0.00818002557824 0.0192535357398 0.00882143386399 0.00381840571965 0.0113984940905 0.00768807724695 0.00836795664215 0.0214439268428 0.0222665167712 0.0129747399051 0.000838721682627 0.0174103896332 0.00107400871757 
0.0264708830082 0.0177805455096 0.0284125968504 0.0157669560573 0.0174736445933 0.00774801595633 0.0011139381155 0.0166807120486 0.0607742098551 0.00963144636086 0.0196713328871 0.018716350715 0.0774745339576 0.0372031879773 0.0485751168741 0.0298972833908 0.020545979186 0.0318567955007 0.0332087592633 0.0168277818597 0.0353963532942 0.0176369256147 0.0183851257669 0.0246294802954 0.0476155819466 0.0506690946034 0.0456837570672 0.029744673509 0.000247796551209 0.0459301788578 0.0374429638485 0.0409647871427 0.0435163978713 0.0341780387483 0.0168996086962 0.0287226448548 0.00818002557824 0.504595600957 0.0529663504743 0.0548416151482 0.00609188209025 0.0464113208115 0.0609906586207 0.0270073841882 0.0506152276064 0.0528802106381 0.00510230042844 0.0195006391172 -0.00261132812878 0.0350220806608 
0.0267816443551 0.0371294439851 0.0186381516901 0.0233286017776 0.0237733473915 0.0458786699389 0.0235388734328 0.0123051762981 0.0374196766684 0.0155957593175 0.0444617398906 0.0237242674576 0.0393735511998 0.0544933830261 0.0385652291925 0.036713086908 0.0247500159028 0.0243790043069 0.0162856736484 0.0267170786519 0.0324794425635 0.0194243251877 0.0378214965515 0.0209411703407 0.0281771200389 0.0301062778054 0.0238787511802 0.0126894644555 0.0375883570605 0.0226371021611 0.0344886973555 0.0352932125387 0.0725990246816 0.101029991531 0.0536405338508 0.017537377212 0.0192535357398 0.0529663504743 0.300157624555 0.0330202603155 0.0153173686996 0.0439177043861 0.0240884592544 0.0210743503701 0.0277778175379 0.0277140838337 0.0185020278456 0.00657009437896 0.00615625458956 0.0253036193773 
0.0264271357514 0.0150391815145 0.0160600894829 0.0089883412542 0.0221604907451 0.0365099331965 0.0161003907659 0.0257727950858 0.01938793806 0.00360916022788 0.0187937123152 0.0149334654813 0.0267922687046 0.0189545712824 0.0123092407796 0.0336068114279 0.00828852950447 0.00933663445734 0.0115897171178 0.00533779564871 0.00799508474059 0.0354780139663 0.0108233043344 0.0209172203659 0.0246436624599 0.0286682943352 0.0313240696123 0.0187112855414 0.00279044280282 0.0254373698384 0.0287135494526 0.0142485703129 0.0195460448285 0.0365877175097 0.01594309256 0.0113927777772 0.00882143386399 0.0548416151482 0.0330202603155 0.333748186752 0.0176801681729 0.0288791419743 0.029268366344 0.0183313769932 0.0261800686103 0.0195467111038 0.00203714533885 0.000470188970722 0.0053166995815 0.0219347814439 
0.011083529818 0.00815748810746 0.0127882295909 0.0159790197499 0.0119889207502 -0.0107778480859 -0.00979642137763 0.00581834958238 0.00867070987362 0.00942830819846 0.0129501678232 0.00410854502934 -0.00101858533909 0.0191950065343 0.00330849989383 0.0115476390367 0.00684300427306 0.00678072851213 -0.00121775939432 0.00354722920059 -0.00409176343543 -0.00186269650709 0.0138532377432 0.0146578457516 0.0164601495148 0.00722721431864 0.00379367841247 0.0136414588218 0.000515955626545 0.00885861892528 0.0111929131265 0.00389828436692 0.0191180845488 0.0226586110598 -0.00352793797354 0.00221682346446 0.00381840571965 0.00609188209025 0.0153173686996 0.0176801681729 0.212088454948 0.0105355280644 0.012006346186 0.0197247909198 0.00344365989677 -0.00437757912254 0.0061052577803 0.0101390577587 0.00785667655758 0.0143883513582 
0.0217518264968 0.0178437503577 0.0144765481767 0.00688383285934 0.00425081927348 0.0180115204237 0.0100125132487 0.0127923575386 0.0420816106508 0.00670369798875 0.0255495657865 0.0202936716498 0.00847474180455 0.077737986259 0.0250285535052 -0.000489365120875 0.0119917254957 0.0242936293094 0.0368351681253 -0.00230563522173 0.0407170604491 0.0043756586147 0.00955502524111 0.010829267344 0.0356769849173 0.0295534786691 0.00891805240184 0.00321359221721 0.00819443474656 0.0320167008126 0.0291811785726 0.0116297999722 0.032130354511 0.0263922822338 0.0272821690845 0.0159138392003 0.0113984940905 0.0464113208115 0.0439177043861 0.0288791419743 0.0105355280644 0.261845800647 0.00349117957772 0.0248091401431 0.0110313487637 0.0113809848617 0.00477098459852 0.00429268155671 0.0162348680297 0.0241458589827 
0.0164846074812 0.0244339321184 0.0170698695636 -0.00261036982123 -0.00320746479219 -0.0126337697878 -0.000666834735749 -0.00195561276656 0.0127365114764 -0.00384064511438 0.00417744098448 0.0023706979933 0.00975830931869 0.0125625455504 0.0303006711399 0.0113852700221 0.00998132914118 0.0117738151953 0.0123703837147 0.0126513895237 -0.00244776437423 0.0130058538515 0.00636005394084 0.0143667964271 0.00966816651061 0.00744861850336 -0.00125665475088 -8.74123062118e-05 0.0143351114554 0.0549139082644 0.0329092283522 0.0167294064838 0.0156793808033 0.017600291238 0.015094829501 0.0100570288754 0.00768807724695 0.0609906586207 0.0240884592544 0.029268366344 0.012006346186 0.00349117957772 0.51889047352 0.00854739745611 0.0126581442891 -0.0040145403957 0.0627021718875 0.00714190973396 -0.00143831622608 0.00708724302358 
0.0202042297532 0.00928452387435 0.00578666473003 -0.00425398583162 0.00547139607814 0.0153577324418 0.0281756850467 0.0659286528176 0.0232088870794 0.0144074526971 0.0326020875616 0.0193793612055 0.0337374748831 0.016291969635 0.0141295125297 0.0219990847262 0.0204465964637 0.00556813814828 0.00451994860884 0.00449094028224 0.00484370037091 0.00702337279698 0.0122935679875 0.00992438249551 0.0341043351965 0.0219343779192 -0.00303682545566 0.0123479347081 0.0443791999231 0.0145854699377 0.0440232338771 0.0171945581201 0.0220104481689 0.004383549376 0.0178149468004 0.0146161498611 0.00836795664215 0.0270073841882 0.0210743503701 0.0183313769932 0.0197247909198 0.0248091401431 0.00854739745611 0.280270911905 -0.000926582468298 -0.0138812082472 0.0110518744963 0.0227359069127 0.012741061947 0.0197625221599 
0.00831129523248 0.01584014032 0.00781248607138 0.0216375939176 0.00412800470928 0.00753936815061 0.00903399260913 0.0086434698786 0.00471205376469 0.0166857153681 0.0190797536139 0.0274170710417 0.0305784572015 0.0108473052977 0.0125860035244 0.00825050440427 0.00924436029421 0.00797761299662 -0.00172093564051 0.00316280568133 0.00748104028056 0.0486049835626 0.0197723868564 0.00839939347702 0.015468020575 0.0125698133331 0.107284943925 0.00519110575824 0.0214018875161 -0.00112919032288 0.0114437835381 0.0176909570722 0.0111288612403 0.0056797906782 -0.00153674703959 -0.000163428139653 0.0214439268428 0.0506152276064 0.0277778175379 0.0261800686103 0.00344365989677 0.0110313487637 0.0126581442891 -0.000926582468298 0.197003989847 0.0790054481233 -0.0022609007104 0.0175553717772 0.0111512417008 0.00746442443716 
-0.02543762773 0.0134562836138 0.0103033845457 0.0285406603291 0.0121226044571 -0.00439082083202 0.000449225452669 0.00405750092549 0.0155386208337 0.0166806397418 0.000186046291829 0.024994732925 0.0157166672754 0.0128962415283 0.0153495569045 0.00568412352919 -0.0176986314469 0.0386814989046 0.00865617228669 0.00034541133882 -0.00160805450945 0.0233952403007 0.00783305479787 0.00881629726331 0.0134114242541 0.0129430089599 0.0827980297159 0.000423975445457 0.010291538803 -0.00659535217343 0.0138709460306 0.0194814069534 0.0102177804267 -0.00524561945976 0.00415560704874 -0.00085833342041 0.0222665167712 0.0528802106381 0.0277140838337 0.0195467111038 -0.00437757912254 0.0113809848617 -0.0040145403957 -0.0138812082472 0.0790054481233 0.354271985444 0.000111479468595 0.00327195732628 -0.00145985748801 0.010362671091 
0.0298566407293 0.00983333167167 4.80184612384e-05 0.00223863062836 0.0537798093947 0.0103758553001 0.0210481649767 0.0127688697585 0.0412727032034 0.0134308590935 -0.00186073556602 0.00127973019566 0.0237420980261 -0.00420708117385 0.0178433319923 0.0239486163663 -0.000553265119321 0.00932676389458 0.0186264042251 0.0123450977461 -0.0024713066872 0.00437376252597 0.0108772804471 -0.000671994374692 0.0078329190802 0.0158696765592 0.000204301564714 0.0277157351626 0.0139565046507 0.0190265005991 0.0237145708242 0.0232022706585 -0.00641536183553 0.0233951806546 0.0145854867869 0.0102603549212 0.0129747399051 0.00510230042844 0.0185020278456 0.00203714533885 0.0061052577803 0.00477098459852 0.0627021718875 0.0110518744963 -0.0022609007104 0.000111479468596 0.535473054905 0.0167603013988 0.00901517759172 0.014712083622 
