40
0.106366385329 0.132143501856 0.0589662330248 0.103528049483 0.0280903462606 0.0378808118353 0.0352458247454 0.0285995604788 0.0270240384822 0.0534443631468 0.025657065471 0.0335319673985 0.0255776045185 0.112290577846 0.045759308444 0.0161403943775 0.0502759777883 0.0538734886168 0.0179151897049 0.123926899062 0.162626926374 0.0436219100546 0.02392892696 0.0970140476379 0.02736418452 0.275379497042 0.251790956204 0.101481112582 0.0374431650663 0.0210495138202 0.0377989606714 0.018453974145 0.0210054402465 0.0780955523414 0.037496284255 0.02473804396 0.0297343435849 0.0739523233915 0.0394797478448 0.0538205376978 
0.401338692394 0.119514555714 0.00981993238859 0.131836147536 -0.0107421752675 0.012620802177 0.00285583519304 -0.00716162798448 -0.006004404353 0.0524454946821 0.00327263788031 0.0220770346153 0.00210135589177 0.158307719106 0.0842349756017 0.00436902697024 0.00114866295207 0.0146209721173 0.00569077737263 0.00219528794849 0.0686499396929 0.0215894941461 0.00968242863898 0.0404989699841 0.0381033005492 -0.011971686226 0.0170777569387 0.0101911687084 -0.00829334618148 0.00459173718739 0.00162133162509 0.0227185601553 0.00767133277554 0.00535558388823 0.00156391957292 0.0230669983615 0.00562251546494 0.030925179257 0.0276320466988 0.00204668099379 
0.119514555714 0.43798595134 0.0109313824801 0.108384215317 -0.0128743269161 0.00357317983358 0.00202550206621 0.00119893406174 -0.0150936021997 0.023916075685 -0.000271106036131 0.0171170397861 0.0108698692924 0.171608126982 0.0590897687229 0.00156143161546 0.0139348495815 0.0127553485861 0.0125239523795 0.0500592288948 0.0624133650608 0.0155518454674 0.0124069016048 0.0491162600991 0.0216392607642 -0.017949776037 0.0488952751687 0.0184508436423 0.0152157811179 0.0130734579001 0.028448077049 -0.00529947054095 0.000108172407684 0.00698646458461 0.0196840739127 0.00499712366225 0.0272336510856 0.0255079486742 0.0176874965354 0.00724328935888 
0.00981993238859 0.0109313824801 0.399000678713 0.0334601088846 0.0247085996122 0.000499503429388 0.0140236854823 0.0169880787611 0.00846735206905 0.0248652166364 0.0152706689148 0.0257678455339 0.00468561310426 0.00295073390317 -0.00737080178471 0.0205700931796 0.0272449575664 0.0288032780793 0.00748498948472 0.00342652195527 0.00223419198501 0.0330363294381 0.0375529418043 0.0554863463541 0.00321636723644 4.2882054688e-05 -0.00214016361125 0.0101980311344 0.0319668952297 0.013043228793 0.0399806135756 0.0071460345471 -0.00159784477171 0.0231879058531 0.0150074136092 0.00438986694569 0.00431586990314 0.0094670323382 0.00130441622787 0.0104541800959 
0.131836147536 0.108384215317 0.0334601088846 0.394624945172 -0.00941362305476 0.0168313293752 -0.00544287853149 -0.00845765759711 0.0018213455245 -0.008910177675 0.00723479632823 0.0130182031784 0.00475929336346 0.133351326117 0.0990834507652 0.00277807619782 0.00595417064364 -0.00172543753943 0.0247916461661 0.0214953410578 0.0524676222217 0.0119791026105 0.0064368253269 0.0420787800606 0.0266742901481 -0.0129052222068 0.0166339255928 0.0102964060308 0.012992708339 0.00250553362294 0.00530253870646 0.00937290179229 0.00156438606671 0.00236046251906 0.00915994806071 0.0240342630085 0.0137688719636 0.00600633396038 0.00956434693862 0.00632715855365 
-0.0107421752675 -0.0128743269161 0.0247085996122 -0.00941362305476 0.242382053931 0.0274512583397 0.0169134560508 0.0373183976551 0.0359909326493 0.00733299268133 0.0424758366674 0.0196101789661 0.0201183505231 -0.0062006476345 0.00404273181393 0.0205940911316 0.0206229969881 0.0236805318985 0.0255626155778 0.0178279142997 -0.00255164195945 0.0706492810117 0.0112657426404 0.0331896525549 0.0126866855575 -0.00634234523608 0.00975641896006 0.022183594508 0.0348205065167 0.00546776564832 0.0286060461505 0.0205645010121 0.0157213944566 0.0280634414001 0.0276167717216 0.0199775459079 0.0084101099692 0.0183072277673 0.00814986728179 0.046267543473 
0.012620802177 0.00357317983358 0.000499503429388 0.0168313293752 0.0274512583397 0.195370025963 0.0181317880346 0.0240298567066 0.0209795192988 0.019415853823 0.031056638578 0.0272262135405 0.0132649000916 0.0162758825964 0.00923827802999 0.00869274649149 0.0126465563946 0.0297404575422 0.00793408605503 0.00662524039909 0.0131605199811 0.0321525153163 0.0154066864662 0.0320574197995 0.0146068072791 -0.002073628045 0.00947820190032 0.0140917721521 0.00755706401208 0.00764618717587 0.0188066491637 0.00969141223011 0.00644958768657 0.0102627367668 0.0375349504233 0.023735122427 0.00571617836642 0.0264004630179 0.0265138383444 0.0430404852098 
0.00285583519304 0.0020255020662 0.0140236854823 -0.00544287853149 0.0169134560508 0.0181317880346 0.214597816542 0.0192629065661 0.0208644833508 0.0232699218188 0.0184636547654 0.0156053094212 0.0073404872903 0.0173606511383 0.00446328159871 0.00436354206043 0.0202903073588 0.0313886074818 0.00544961184644 -0.00113319316162 0.00131459310768 0.0367508295027 0.0156092357012 0.0471496371941 0.00846812537751 -0.00269204292909 0.0258582327957 0.0202979759614 0.00803573738919 0.0130178572523 0.03608873604 0.0136020551057 -0.000198908004698 0.0205754652951 0.000441956791731 0.0120025468557 -0.00271396467449 0.0179926978362 0.0116299198559 0.013573381953 
-0.00716162798448 0.00119893406174 0.0169880787611 -0.00845765759711 0.0373183976551 0.0240298567066 0.0192629065661 0.271789494447 0.0210851392918 0.0196268699173 0.0450422613643 0.0209098009943 0.0197307554012 0.000313729830999 0.0071346463913 0.0242829945452 0.00151962637153 0.0362610719615 0.00633075096232 0.0328943050672 0.00459707127801 0.0276513209851 0.0295089742804 0.052321994737 0.00817816581236 -0.00662988167197 -0.0124344255397 0.00651779569592 -0.000519388343438 0.0449477056196 0.00423238002446 0.0207676087745 0.00176531464999 0.00564383460423 0.0394768811204 0.00893119680338 0.0111526354751 -0.00762325467825 0.0170518832986 0.036495184559 
-0.006004404353 -0.0150936021997 0.00846735206905 0.0018213455245 0.0359909326493 0.0209795192988 0.0208644833508 0.0210851392918 0.222382341083 0.0153744354917 0.0343219194448 0.0201483880288 0.0167966455483 3.52238202136e-05 -0.00220738980036 0.000115514288146 0.00389740199559 0.00270847771874 0.00212661545685 0.0163172914215 0.0254378040356 0.0356632828351 0.014711120792 0.0230742776592 0.00638108739333 0.00108302139707 0.0231301605106 0.0112075353744 0.00511803234604 0.00418656166548 0.0186356101423 0.0135664702316 0.0274921494152 0.0193460633613 0.0113968722136 0.00285395503765 0.000315288295936 -0.00683056038131 0.0113069469494 0.0372506672851 
0.0524454946821 0.023916075685 0.0248652166364 -0.008910177675 0.00733299268133 0.019415853823 0.0232699218188 0.0196268699173 0.0153744354917 0.310803793794 0.0169557400333 0.0219352172075 0.00826167672243 0.0352293540531 0.00757939356474 0.00933714404168 0.00994830679258 0.0342994910659 0.0148240505462 0.0201625955692 0.0295360234728 0.0304691216259 0.0197877530882 0.0390090534093 0.00846270053452 -0.00822147172681 0.00770716578718 -6.12371946045e-05 0.0166847514743 0.0139880277437 0.0303613357957 0.0158648791538 0.00417854689497 0.00626166062194 0.0131165032545 -0.00504496715737 0.021133521013 0.0231785977531 0.0290358161005 0.0162158099029 
0.00327263788031 -0.000271106036131 0.0152706689148 0.00723479632823 0.0424758366674 0.031056638578 0.0184636547654 0.0450422613644 0.0343219194448 0.0169557400333 0.178455887438 0.0194220674125 0.0144164958615 0.0194443863289 0.0145106270401 0.0220197768289 0.0194443057616 0.0136718680746 0.0147811131027 0.0196416965528 0.00762753481101 0.0603795381488 0.0169198157919 0.0423876785701 0.0286991641229 -0.00124777042512 0.00285689526704 0.00735425469824 0.0105489134463 0.0154649503126 0.0215360864943 0.00495438311885 0.0116151790626 0.00511509839585 0.0292075581276 0.0256471291544 0.010692046418 0.00836107679396 0.0164862543008 0.0382294471622 
0.0220770346153 0.0171170397861 0.0257678455339 0.0130182031784 0.0196101789661 0.0272262135405 0.0156053094212 0.0209098009943 0.0201483880288 0.0219352172075 0.0194220674125 0.214105735784 0.0128759395585 0.0352903456877 0.0147271248598 0.00672525063364 0.0271906611788 0.032977020364 0.0186048524785 0.0179204233165 0.0135045552684 0.0256495343758 0.0354678854106 0.0620989166999 0.0166047463022 -0.0159807384644 0.0438066895477 0.0067896167352 0.0223198508761 0.0134358483476 0.0319392347301 0.0132640926297 -2.74823284771e-05 0.0213463143926 0.0220448462792 0.00113615184726 0.00612391664869 0.0340470429328 0.0437058895608 0.0161781078054 
0.00210135589177 0.0108698692924 0.00468561310426 0.00475929336346 0.0201183505231 0.0132649000916 0.0073404872903 0.0197307554012 0.0167966455483 0.00826167672243 0.0144164958615 0.0128759395585 0.321050128986 0.00569641177875 0.00942730297271 0.00583541591626 -0.00228777141406 0.0241053116594 0.0161869379618 0.0194399162977 0.00499549847165 0.0158117681817 0.0141268656627 0.033783418705 0.00333051168341 -0.00951522432171 -0.00968976374732 -0.00868866518503 0.0152688225304 0.0142132573252 0.00592262996036 0.00902460311724 0.00828633742998 0.018037132425 0.0099476463818 0.0166121920187 0.0242590331171 0.0485503486381 0.00113579459927 0.0216194708868 
0.158307719106 0.171608126982 0.00295073390317 0.133351326117 -0.0062006476345 0.0162758825964 0.0173606511383 0.000313729830999 3.52238202138e-05 0.0352293540531 0.0194443863289 0.0352903456877 0.00569641177875 0.426334494494 0.0736344744396 0.00697543561749 0.023335784219 0.0365175494744 0.0158763889623 0.033816892118 0.0577815215411 0.0102941078166 0.00672945802388 0.0736616999224 0.0358419974306 -0.01298276035 0.00866564972922 0.0263635495863 0.0101446025442 0.0213975279696 0.0604617544476 0.00898548854972 -0.00520896118039 0.00983426663058 0.0247899092882 0.0156742118039 0.0154093908421 0.0292326197549 0.0214198332543 0.0142753594516 
0.0842349756017 0.0590897687229 -0.00737080178471 0.0990834507652 0.00404273181393 0.00923827802999 0.00446328159871 0.0071346463913 -0.00220738980036 0.00757939356474 0.0145106270401 0.0147271248598 0.00942730297271 0.0736344744396 0.188342186858 0.00497031809803 0.0126098081256 0.00282498525241 0.00733869880701 0.0177700936466 0.0438867316805 0.0192364896212 0.00839079536052 0.028566299916 0.0245078043248 -0.00840288007911 0.0334780265768 0.00624375961302 0.00678836694044 0.00217571418709 0.0101035420797 0.0216504956054 0.00704239102336 0.00243300159537 0.0184846588002 0.0177437335314 0.0138697011771 0.0062616162894 0.0178792260525 0.0238197860203 
0.00436902697024 0.00156143161546 0.0205700931796 0.00277807619782 0.0205940911316 0.00869274649149 0.00436354206043 0.0242829945452 0.000115514288145 0.00933714404168 0.0220197768289 0.00672525063364 0.00583541591626 0.00697543561749 0.00497031809803 0.178123225011 0.00690847918829 0.00791779328155 0.00857608664774 -0.00330834205785 0.00539672550111 0.0109018462117 0.00708160140933 0.0103861939967 0.0092064557673 0.0016881232588 0.00440691928238 0.0124912395066 0.00944679107319 -0.000382711496859 0.00520633533315 0.00726421354428 0.0151620895042 -0.0155466678462 0.00573398006015 0.00666488460954 -0.00270479016989 0.0067080457051 0.0177089636254 0.00941780151669 
0.00114866295207 0.0139348495815 0.0272449575664 0.00595417064364 0.0206229969881 0.0126465563946 0.0202903073588 0.00151962637153 0.00389740199559 0.00994830679258 0.0194443057616 0.0271906611788 -0.00228777141406 0.023335784219 0.0126098081256 0.00690847918829 0.268616364585 0.0222990895253 0.0147225738236 0.00262403543907 0.0302937479733 0.0187579882441 0.0125335272475 0.0366099715653 0.0332506168992 0.00315463979035 -0.0161401085108 0.00631874274209 -0.000899248950554 0.00623020468366 0.00894122290996 -0.00463369050465 0.0124739248405 0.0323414080217 0.00824152048679 0.0180162872985 0.00831109906759 0.0140471600413 0.0176183616908 0.0225671968481 
0.0146209721173 0.0127553485861 0.0288032780793 -0.00172543753943 0.0236805318985 0.0297404575422 0.0313886074818 0.0362610719615 0.00270847771874 0.0342994910659 0.0136718680746 0.032977020364 0.0241053116594 0.0365175494744 0.00282498525241 0.00791779328155 0.0222990895253 0.380857591109 0.0078804117168 0.021083209068 0.00284153495765 0.0113838936834 0.0225079501099 0.0518133568875 0.0117301924795 0.00273724461378 0.0159758253752 -0.00213715692921 0.0150540171857 0.00903263808775 0.0488132321569 0.00590439182101 0.0125588138072 0.00505814398586 0.0224898904819 -0.0009970903007 -0.0010698588046 0.0160108082866 0.0331057655378 0.00870560008113 
0.00569077737263 0.0125239523795 0.00748498948472 0.0247916461661 0.0255626155778 0.00793408605503 0.00544961184644 0.00633075096232 0.00212661545685 0.0148240505462 0.0147811131027 0.0186048524785 0.0161869379618 0.0158763889623 0.00733869880701 0.00857608664774 0.0147225738236 0.0078804117168 0.313132845542 0.00794597967996 0.0058433732733 0.00427955264556 0.0116234020969 0.010795186861 0.00725249884195 0.00123928178167 0.0104538505891 -0.0131678879129 -0.00031329020251 0.011494679201 0.0157266469969 0.0125030722163 0.0113282641092 -0.0128958113565 0.0154682687445 0.0222216074156 0.00649500033788 0.00572299569207 0.0180625982529 0.00551982073143 
0.00219528794849 0.0500592288948 0.00342652195527 0.0214953410578 0.0178279142997 0.00662524039909 -0.00113319316162 0.0328943050672 0.0163172914215 0.0201625955692 0.0196416965528 0.0179204233165 0.0194399162977 0.033816892118 0.0177700936466 -0.00330834205785 0.00262403543907 0.021083209068 0.00794597967996 0.908066293791 -0.00482161452712 -0.00262110947269 0.00609370920308 0.033992765079 0.00693061368084 -0.00144203530759 0.00371099272389 0.0208204946074 0.00614471426618 -0.01611090894 0.0393526522978 -0.0129478479781 -0.00514341908011 0.00505058571231 0.0156812827109 0.00292727215194 0.0142805496284 0.00252369971994 0.016804379582 0.0121996087216 
0.0686499396929 0.0624133650608 0.00223419198501 0.0524676222217 -0.00255164195945 0.0131605199811 0.00131459310768 0.00459707127801 0.0254378040356 0.0295360234728 0.00762753481101 0.0135045552684 0.00499549847165 0.0577815215411 0.0438867316805 0.00539672550111 0.0302937479733 0.00284153495765 0.0058433732733 -0.00482161452712 1.12359620206 0.0188579832313 -0.00855386377898 0.00487835464466 0.00701348829428 0.00800726320918 0.00302076479764 0.00837641356067 0.00151658055113 0.0111283843644 -0.0119437028481 -0.00926807782815 -0.00193162194019 0.00700559065218 0.0441884967 0.0127546725574 0.00976839984569 0.00501785667175 0.0102655906115 -0.00117067129305 
0.0215894941461 0.0155518454674 0.0330363294381 0.0119791026105 0.0706492810117 0.0321525153163 0.0367508295027 0.0276513209851 0.0356632828351 0.0304691216259 0.0603795381488 0.0256495343758 0.0158117681817 0.0102941078166 0.0192364896212 0.0109018462117 0.0187579882441 0.0113838936834 0.00427955264556 -0.00262110947269 0.0188579832313 0.307933421256 0.0205414468965 0.0369039670146 0.0135851164046 -0.00445260299109 0.00958310156121 0.0142385174425 0.0204262739456 0.0204066413818 0.0456966898328 0.00958202271472 0.0129392201277 0.038713831509 0.0293941899473 0.0212743263747 0.000347832593871 0.0239523759688 -0.000338680172885 0.0423803130485 
0.00968242863898 0.0124069016048 0.0375529418043 0.0064368253269 0.0112657426404 0.0154066864662 0.0156092357012 0.0295089742804 0.014711120792 0.0197877530882 0.0169198157919 0.0354678854106 0.0141268656627 0.00672945802388 0.00839079536052 0.00708160140933 0.0125335272475 0.0225079501099 0.0116234020969 0.00609370920308 -0.00855386377898 0.0205414468965 0.248711588593 0.0448106763065 0.00324997161507 0.0020109815987 0.0187741889212 0.0131807522305 0.006206778314 0.00834754028283 0.0238224632639 0.00688903721232 -0.00212807786892 0.0289315041058 0.0103822370468 0.0014820347137 0.0034686359347 0.016633988733 0.0118579942419 0.00158148024466 
0.0404989699841 0.0491162600991 0.0554863463541 0.0420787800606 0.0331896525549 0.0320574197995 0.0471496371941 0.052321994737 0.0230742776592 0.0390090534093 0.0423876785701 0.0620989166999 0.033783418705 0.0736616999224 0.028566299916 0.0103861939967 0.0366099715653 0.0518133568875 0.010795186861 0.033992765079 0.00487835464466 0.0369039670146 0.0448106763065 0.579130812385 0.0280996566085 0.0135753209641 0.0539791483276 -0.00597982346524 0.0233876250415 0.0324064672533 0.0554708561495 0.0231540116189 -0.00494709982641 0.0335273465568 0.0262428434596 0.0146350552771 0.020727095113 0.0437677218692 0.0543740698161 0.061503327957 
0.0381033005492 0.0216392607642 0.00321636723644 0.0266742901481 0.0126866855575 0.0146068072791 0.00846812537751 0.00817816581236 0.00638108739333 0.00846270053452 0.0286991641229 0.0166047463022 0.00333051168341 0.0358419974306 0.0245078043248 0.0092064557673 0.0332506168992 0.0117301924795 0.00725249884195 0.00693061368084 0.00701348829428 0.0135851164046 0.00324997161507 0.0280996566085 0.196474903773 0.0100639913391 0.0165387094844 -0.0124637555331 0.0213999916774 0.0136772854784 0.0212883114409 -0.00236483355461 0.00846309836557 0.0179091235866 0.0280693366632 0.0426722322696 0.0139431443887 0.0155160401338 0.00344974201389 0.0209748549869 
-0.011971686226 -0.017949776037 4.28820546878e-05 -0.0129052222068 -0.00634234523608 -0.002073628045 -0.00269204292909 -0.00662988167197 0.00108302139707 -0.00822147172681 -0.00124777042512 -0.0159807384644 -0.00951522432171 -0.01298276035 -0.00840288007911 0.0016881232588 0.00315463979035 0.00273724461378 0.00123928178167 -0.00144203530759 0.00800726320918 -0.00445260299109 0.0020109815987 0.0135753209641 0.0100639913391 4.09533628018 -0.0247931567867 -0.0142444160882 -0.00158280186725 0.0286046076235 -0.0106485430362 0.00139094299309 0.00109800041967 -0.0137547530932 -0.00765589903088 0.0218313644528 -0.00143121514689 -0.00804452577687 -0.000742269410554 0.00433191771363 
0.0170777569387 0.0488952751687 -0.00214016361125 0.0166339255928 0.00975641896006 0.00947820190032 0.0258582327957 -0.0124344255397 0.0231301605106 0.00770716578718 0.00285689526704 0.0438066895477 -0.00968976374732 0.00866564972922 0.0334780265768 0.00440691928238 -0.0161401085108 0.0159758253752 0.0104538505891 0.00371099272389 0.00302076479764 0.00958310156121 0.0187741889212 0.0539791483276 0.0165387094844 -0.0247931567867 2.07639324785 0.0741812365745 0.0200774108717 0.00144497372018 0.0672317848879 0.0110183360297 0.0173321691892 0.013041816352 -0.00201351056742 0.0141277729536 0.013345575569 0.105271100865 -0.012044748272 0.0106169844715 
0.0101911687084 0.0184508436423 0.0101980311344 0.0102964060308 0.022183594508 0.0140917721521 0.0202979759614 0.00651779569592 0.0112075353744 -6.12371946049e-05 0.00735425469824 0.0067896167352 -0.00868866518503 0.0263635495863 0.00624375961302 0.0124912395066 0.00631874274209 -0.00213715692921 -0.0131678879129 0.0208204946074 0.00837641356067 0.0142385174425 0.0131807522305 -0.00597982346524 -0.0124637555331 -0.0142444160882 0.0741812365745 0.922072442462 0.0088411925132 0.00568545564684 0.059581298399 0.00941583834507 -0.00536625315479 0.0196017244957 0.00598700645168 -0.00232198095399 -0.0119920708473 0.0488937912611 0.00134761637215 0.000472460181215 
-0.00829334618148 0.0152157811179 0.0319668952297 0.012992708339 0.0348205065167 0.00755706401208 0.00803573738919 -0.000519388343437 0.00511803234604 0.0166847514743 0.0105489134463 0.0223198508761 0.0152688225304 0.0101446025442 0.00678836694044 0.00944679107319 -0.000899248950555 0.0150540171857 -0.000313290202509 0.00614471426618 0.00151658055113 0.0204262739456 0.006206778314 0.0233876250415 0.0213999916774 -0.00158280186725 0.0200774108717 0.0088411925132 0.462914299932 0.0099457089953 0.0288481790105 0.0144512138002 0.00390502463388 -0.0176538043253 0.0239928117534 0.0106839771241 0.00440719647012 0.0277232130547 0.0180341268022 0.0248072632514 
0.00459173718739 0.0130734579001 0.013043228793 0.00250553362294 0.00546776564832 0.00764618717587 0.0130178572523 0.0449477056196 0.00418656166548 0.0139880277437 0.0154649503126 0.0134358483476 0.0142132573252 0.0213975279696 0.00217571418709 -0.000382711496859 0.00623020468366 0.00903263808775 0.011494679201 -0.01611090894 0.0111283843644 0.0204066413818 0.00834754028283 0.0324064672533 0.0136772854784 0.0286046076235 0.00144497372018 0.00568545564684 0.0099457089953 0.324636281092 0.0126312525424 0.0169994149388 0.000654308619939 -0.0014949929411 0.0201537566965 0.0170322415509 0.0141911695531 0.0152020382543 0.0118534105123 0.00758034597771 
0.00162133162509 0.028448077049 0.0399806135756 0.00530253870646 0.0286060461505 0.0188066491637 0.03608873604 0.00423238002446 0.0186356101423 0.0303613357957 0.0215360864943 0.0319392347301 0.00592262996036 0.0604617544476 0.0101035420797 0.00520633533315 0.00894122290996 0.0488132321569 0.0157266469969 0.0393526522978 -0.0119437028481 0.0456966898328 0.0238224632639 0.0554708561495 0.0212883114409 -0.0106485430362 0.0672317848879 0.059581298399 0.0288481790105 0.0126312525424 0.336385193763 0.00463111102024 0.000903156146603 0.0304440808606 0.0300242284161 -0.000472033791877 0.00976681676227 0.054016153527 0.0167931749681 0.0129700974427 
0.0227185601553 -0.00529947054095 0.0071460345471 0.00937290179229 0.0205645010121 0.00969141223011 0.0136020551057 0.0207676087745 0.0135664702316 0.0158648791538 0.00495438311885 0.0132640926297 0.00902460311724 0.00898548854972 0.0216504956054 0.00726421354428 -0.00463369050465 0.00590439182101 0.0125030722163 -0.0129478479781 -0.00926807782815 0.00958202271472 0.00688903721232 0.0231540116189 -0.00236483355461 0.00139094299309 0.0110183360297 0.00941583834507 0.0144512138002 0.0169994149388 0.00463111102024 0.248452594557 0.00498682676112 -0.000112383247505 -0.00528489174244 -0.00207369120899 0.0303867511742 0.0151624375368 0.0144168712697 0.00580992859141 
0.00767133277554 0.000108172407684 -0.00159784477171 0.00156438606671 0.0157213944566 0.00644958768657 -0.000198908004698 0.00176531464999 0.0274921494152 0.00417854689497 0.0116151790626 -2.74823284772e-05 0.00828633742998 -0.00520896118039 0.00704239102336 0.0151620895042 0.0124739248405 0.0125588138072 0.0113282641092 -0.00514341908011 -0.00193162194019 0.0129392201277 -0.00212807786892 -0.00494709982641 0.00846309836557 0.00109800041967 0.0173321691892 -0.00536625315479 0.00390502463388 0.000654308619939 0.000903156146603 0.00498682676112 0.130215989055 0.0211702924797 0.0095245707234 0.00426432216152 0.0204044475335 0.00373857295451 0.00877746801208 0.00896123315651 
0.00535558388823 0.00698646458461 0.0231879058531 0.00236046251905 0.0280634414001 0.0102627367668 0.0205754652951 0.00564383460423 0.0193460633613 0.00626166062194 0.00511509839585 0.0213463143926 0.018037132425 0.00983426663058 0.00243300159537 -0.0155466678462 0.0323414080217 0.00505814398586 -0.0128958113565 0.00505058571231 0.00700559065218 0.038713831509 0.0289315041058 0.0335273465568 0.0179091235866 -0.0137547530932 0.0130418163519 0.0196017244957 -0.0176538043253 -0.0014949929411 0.0304440808606 -0.000112383247504 0.0211702924797 0.576660121095 0.0120324098845 0.0151624889467 0.00656301328187 0.0269695334521 0.0132024405303 0.0191332755004 
0.00156391957292 0.0196840739127 0.0150074136092 0.00915994806071 0.0276167717216 0.0375349504233 0.000441956791731 0.0394768811204 0.0113968722136 0.0131165032545 0.0292075581276 0.0220448462792 0.0099476463818 0.0247899092882 0.0184846588002 0.00573398006015 0.00824152048679 0.0224898904819 0.0154682687445 0.0156812827109 0.0441884967 0.0293941899473 0.0103822370468 0.0262428434596 0.0280693366632 -0.00765589903088 -0.00201351056742 0.00598700645168 0.0239928117534 0.0201537566965 0.0300242284161 -0.00528489174244 0.0095245707234 0.0120324098845 0.238000008138 0.0263720368961 0.00693900234142 0.0236646112274 0.042398433897 0.0502708388865 
0.0230669983615 0.00499712366225 0.00438986694569 0.0240342630085 0.0199775459079 0.023735122427 0.0120025468557 0.00893119680338 0.00285395503765 -0.00504496715737 0.0256471291544 0.00113615184726 0.0166121920187 0.0156742118039 0.0177437335314 0.00666488460954 0.0180162872985 -0.0009970903007 0.0222216074156 0.00292727215194 0.0127546725574 0.0212743263747 0.0014820347137 0.0146350552771 0.0426722322696 0.0218313644528 0.0141277729536 -0.00232198095399 0.0106839771241 0.0170322415509 -0.000472033791877 -0.00207369120899 0.00426432216152 0.0151624889467 0.0263720368961 0.164429946665 0.00758589864714 0.00993552058965 0.0143511359368 0.0247183145981 
0.00562251546494 0.0272336510856 0.00431586990314 0.0137688719636 0.0084101099692 0.00571617836642 -0.00271396467449 0.0111526354751 0.000315288295936 0.021133521013 0.010692046418 0.00612391664869 0.0242590331171 0.0154093908421 0.0138697011771 -0.00270479016989 0.00831109906759 -0.0010698588046 0.00649500033788 0.0142805496284 0.00976839984569 0.000347832593871 0.0034686359347 0.020727095113 0.0139431443887 -0.00143121514689 0.013345575569 -0.0119920708473 0.00440719647012 0.0141911695531 0.00976681676227 0.0303867511742 0.0204044475335 0.00656301328187 0.00693900234142 0.00758589864714 0.19064207582 -0.00896406533312 0.0113793111021 0.0071912085831 
0.030925179257 0.0255079486742 0.0094670323382 0.00600633396038 0.0183072277673 0.0264004630179 0.0179926978362 -0.00762325467825 -0.00683056038131 0.0231785977531 0.00836107679396 0.0340470429328 0.0485503486381 0.0292326197549 0.0062616162894 0.0067080457051 0.0140471600413 0.0160108082866 0.00572299569207 0.00252369971994 0.00501785667175 0.0239523759688 0.016633988733 0.0437677218692 0.0155160401338 -0.00804452577687 0.105271100865 0.0488937912611 0.0277232130547 0.0152020382543 0.054016153527 0.0151624375368 0.00373857295451 0.0269695334521 0.0236646112274 0.00993552058965 -0.00896406533312 0.496439586967 0.026903491091 0.0187214102213 
0.0276320466988 0.0176874965354 0.00130441622787 0.00956434693862 0.00814986728179 0.0265138383444 0.0116299198559 0.0170518832986 0.0113069469494 0.0290358161005 0.0164862543008 0.0437058895608 0.00113579459927 0.0214198332543 0.0178792260525 0.0177089636254 0.0176183616908 0.0331057655378 0.0180625982529 0.016804379582 0.0102655906115 -0.000338680172885 0.0118579942419 0.0543740698161 0.00344974201389 -0.000742269410554 -0.012044748272 0.00134761637215 0.0180341268022 0.0118534105123 0.0167931749681 0.0144168712697 0.00877746801208 0.0132024405303 0.042398433897 0.0143511359368 0.0113793111021 0.026903491091 0.330058033274 0.0267046791334 
0.00204668099379 0.00724328935888 0.0104541800959 0.00632715855365 0.046267543473 0.0430404852098 0.013573381953 0.036495184559 0.0372506672851 0.0162158099029 0.0382294471622 0.0161781078054 0.0216194708868 0.0142753594516 0.0238197860203 0.00941780151669 0.0225671968481 0.00870560008113 0.00551982073143 0.0121996087216 -0.00117067129305 0.0423803130485 0.00158148024466 0.061503327957 0.0209748549869 0.00433191771363 0.0106169844715 0.000472460181215 0.0248072632514 0.00758034597771 0.0129700974427 0.00580992859141 0.00896123315651 0.0191332755004 0.0502708388865 0.0247183145981 0.0071912085831 0.0187214102213 0.0267046791334 0.294514955958 

['DVN', 'WFT', 'VFC', 'OXY', 'FITB', 'LNC', 'FII', 'PGR', 'FRE', 'BA', 'BBT', 'ETN', 'HRB', 'NE', 'XOM', 'JNJ', 'UST', 'WHR', 'SVU', 'CSC', 'TXU', 'NTRS', 'LIZ', 'DHI', 'DUK', 'RSH', 'BRCM', 'CSCO', 'BMY', 'HMA', 'MXIM', 'SYY', 'PEP', 'LXK', 'HIG', 'XEL', 'PBG', 'LU', 'ITT', 'GDW']