60
0.0788996306534 0.0113752176021 0.066200000993 0.114001255301 0.0528259349661 0.00399952409326 0.0235207120966 0.118355026327 0.0355019489908 0.251790956204 0.0427797721554 0.0374431650663 0.0220144037379 0.0223482457603 0.0831725949645 0.0610020106181 0.0267221777707 0.0589662330248 0.0396221554001 0.133882810383 0.0629738483482 0.112290577846 0.0318751717172 0.0441448787565 0.0218855159469 0.0743289823458 0.0538205376978 0.0440278725419 0.0594494044175 0.090319564185 0.0284224966367 0.0353466838873 0.126302472887 0.0244433913508 0.0645874353538 0.0395572708053 0.0380825412642 0.140066530531 0.0388241127613 0.0272696759741 0.0698927007 0.135299445153 0.0535662105727 0.0545934085328 0.123926899062 0.045759308444 0.0389775871913 0.0246636786654 0.0700025840065 0.0268988212896 0.00873698993333 0.0534443631468 0.0377989606714 0.0437869579852 0.0612619406497 0.242072249725 0.0132097716294 0.188050706821 0.0533662879029 0.128413882411 
0.755007254478 0.00602231737483 0.0103064184297 -0.0199657168328 -0.00279952244853 0.0111054251267 0.0241293947279 0.00645458221525 0.00834385567935 0.0113200042764 0.0114487894001 -0.000562324665224 0.00723335819784 0.0180150779518 0.0152427247488 0.0200277378237 -0.0096676945314 0.0227453021917 0.016222396017 0.0164204307564 0.0392850444793 0.00608221623998 -0.0082548928161 0.0120185800158 0.00498886225137 0.00356804322567 -0.00829388285638 0.00712485148752 0.00458134008022 0.0123259523223 0.0368174222595 0.00797952789294 -0.00709930442027 -0.0107561129307 0.00458210071273 0.00481673608996 0.0153142671154 0.0147314056231 0.00438713381027 0.00795376873684 0.0139811516198 0.00606988437271 0.00488936854783 0.00802805188468 -4.6983078395e-05 0.0092013599992 0.00585752075262 0.00485812157025 0.00807977553261 0.0211925976549 0.00229069063586 0.0126697937066 0.0295794922164 -0.0121937907428 0.000964755078095 -0.00198872038869 0.00569022643529 0.0114523555597 -0.00067333362786 0.0155651431309 
0.00602231737483 0.215156042822 0.0134941485076 -0.000668989232859 0.00964799720219 0.00692054559284 0.0143728701337 0.0207766095843 0.0115802312117 0.0206227109359 0.0225212281879 0.00314160964745 0.0137062125076 0.0207373940487 0.0107264974554 -0.000825828366296 0.0160010696964 0.0115929251685 0.0104490419196 0.00752685658221 0.00476633324247 -0.00377227826322 0.0119659401104 0.0182397392387 0.00108546692467 0.0187024482657 0.0133282028032 0.0189125948457 0.00629127274551 0.0367701967232 0.00988989994063 0.0142886434066 -0.00381876120236 0.0113430251993 0.0195176105431 -1.39602689877e-06 0.00771460804439 0.00649105148376 0.0177508460778 0.00754580582428 0.0104628353075 -0.0046504318832 0.0245793472984 0.0217476517515 -0.0131870258365 0.0135086039637 0.01223319016 0.0031957135621 0.0235226021215 0.00908410691686 0.00302868317478 0.0213897977667 0.0261239801208 0.0121488259963 0.0103828038013 0.00823492348008 0.0126221075691 0.0488729816535 0.0443041718928 0.0181014905035 
0.0103064184297 0.0134941485076 0.638874933137 -0.00800550007515 0.0290634894784 -0.00248345312137 -0.00204325660765 0.016061892007 0.0151683377019 -0.0062688818732 0.0613375776913 0.0146484564125 0.0108446194381 0.0428721878358 0.00998098255431 -0.00292123725675 0.0343934388726 0.0291727841786 0.0164186916592 0.0243082049918 0.000833341219091 -0.00110214252773 0.00928283526601 0.00615269429357 0.00858127252096 0.0404516168899 0.018031260256 0.0692670726623 0.0149748886253 0.0405025342913 0.0285977871236 0.0178879964489 0.00226027488866 0.00299024886451 0.0436887888457 -0.000880528944255 -0.00319631837042 0.00980114643305 0.0204135678235 0.0195038988466 0.0118572086626 -0.00353456235124 0.0349919804023 0.0202068007101 0.0124968154958 0.00346975007034 -0.0161473631576 0.00699259435885 0.0240609056376 -0.00687035363938 0.0181733961618 0.030651475056 -0.0296473128715 0.0274441454923 0.0314067817286 -0.0151029259235 -0.010865894048 0.00230128599384 0.00763377806122 0.0508947749657 
-0.0199657168328 -0.000668989232858 -0.00800550007514 1.13351249686 -0.00473068061347 -0.00165037344995 -0.003335033589 0.000428755320936 0.00387944524922 0.00659704334193 0.00988140014463 0.000457527075101 -0.0111683034326 0.0128744474301 0.00179092819736 0.0042661344809 0.0220477180722 -0.0129906558064 -0.00688279280885 0.0403197018503 0.0362348423134 0.00296718853432 0.00471330157265 0.00415726821061 -0.00615800550147 0.010787156768 0.00214097296984 -0.00606576755802 0.0100505203782 0.00309059175521 -0.000763470287167 0.0912774848176 0.022408231557 -0.00478779468639 -0.00224100529775 0.00623140657481 0.00603419414632 -0.00903027806311 -0.00767793750692 -0.00417052938711 -0.00642129910223 -0.00602045939532 -0.00954535298579 -2.55918412398e-05 0.00600027337955 0.0190380953748 0.000439378982329 0.0039400891181 -0.00686760446669 0.00431033297548 -0.00675012774016 -0.0143989569171 0.00708153908279 -6.80550108415e-06 0.0109982905497 -0.0122854777776 -0.00739473554288 0.0197446790769 -0.00277791327716 0.0098134747239 
-0.00279952244853 0.00964799720219 0.0290634894784 -0.00473068061347 0.281936994813 0.00982953605977 0.0170392849814 0.00791172973756 0.0270481413528 0.0134462398538 0.0222302863293 0.00847493632533 0.0186775292302 0.0258458215058 0.0389445118023 0.0067329520852 0.0115603486154 0.0119838594533 0.0248390829649 0.0100328568052 -0.0123558221064 -0.00268972968812 0.0118264227209 0.0231564378254 0.00377748990799 0.016928658018 0.0268878418057 0.013108712449 0.049793735261 0.0304454255144 0.00533010382068 0.0296917295958 0.00455385678393 0.0166767394668 0.0129653483452 0.00882865442202 0.005133753826 0.00228222741443 0.0462919161518 0.00295498935991 0.0295728947454 0.014176549595 0.0179389226524 0.0174003153409 -0.000158841787484 0.00143792775411 0.0354348936927 0.0148824910275 0.00152189252287 0.00474941192472 0.00979132011153 0.0141727797386 0.00768461599743 0.0226419029543 0.0145722620053 0.0246971667225 0.00481077345508 0.0301679722819 0.00494470038517 -0.000605641184967 
0.0111054251267 0.00692054559284 -0.00248345312137 -0.00165037344995 0.00982953605977 0.167245053458 0.00647930227983 0.0332693329465 0.0147350177434 0.00518271178446 0.000952315711011 0.020339819017 0.0149433774049 0.0153222397901 0.00591153340798 0.0030450600742 0.0140950962713 0.00918188465503 0.0113867728181 -0.00175715599554 -0.00302337556427 -0.00359111164284 0.0140446995686 0.0248666784971 0.00388819460019 0.0306655954806 0.0263716870636 0.00388771258059 0.0104379339768 0.0451791392203 0.0176871157323 0.0138872860903 -0.0045869758015 0.00332113501872 0.0214867112441 0.020155451131 0.00884369801967 0.0135195973609 -0.00111621625363 0.0105366226737 0.0214989119672 -0.0046881327096 0.0113413411453 0.00229295834402 0.00380477997852 0.00289883437406 0.0160908866353 0.0117725255114 0.00511478782092 0.0116655722596 0.014569288346 0.015443185343 0.0126877328954 0.00658459421499 -0.00293733663792 0.0130074218399 0.0210901017534 0.00696697412784 0.0064935855213 -0.00395785384524 
0.0241293947279 0.0143728701337 -0.00204325660765 -0.003335033589 0.0170392849814 0.00647930227983 0.219012818367 0.0088004476166 0.000629534550483 0.0178042459074 0.0197367788907 0.00477655764008 0.0126014865403 0.00594030907828 0.0181433551686 0.00117149388399 0.0157818086437 -0.00117924952739 0.0228421853205 0.00540625574283 0.00658620177178 -0.00312398777622 0.00599812943802 0.00400932650167 0.0149544685754 0.00764485360924 -0.00349464375948 0.00981839227929 0.0106524337468 0.00976220948259 0.012442835958 0.00526720340559 0.00467872262632 0.000921216102651 0.00471684835213 0.00471491514464 0.00959140474448 -0.00175226252084 0.0157598821235 0.00841259640277 0.0167920957516 0.0168028043806 0.0214103424158 0.0197066585245 0.0141020062854 0.0150419557661 0.00302117785457 0.00559193883707 0.00957161787812 0.00614443515638 0.018967392621 0.0116054651281 0.0128146026133 0.0187053151842 0.00675050487291 0.0150750945908 0.0109088795105 0.00025852950745 -0.00591457047284 0.0094826016836 
0.00645458221525 0.0207766095843 0.016061892007 0.000428755320936 0.00791172973756 0.0332693329465 0.0088004476166 0.571373409089 0.0255347177782 0.0145401467325 0.0167659856048 0.0108153030158 0.0169934372495 0.00992638624063 0.012231557022 0.0373494318092 0.0126113854499 0.0370869581822 0.0227036933105 0.0113210327344 0.00805865630955 0.0130607466636 0.0094382564582 0.0196308732619 0.00267291272127 0.0220115004077 0.038497086003 0.0133151174083 0.0286923338102 0.0216136430114 0.00136487171374 0.0110701273978 0.0110073125691 0.0130712662183 0.0501960331133 0.00409453525051 0.0109977828274 0.0264142926328 0.0147127714126 0.00666906555211 -0.000569642453347 0.00707889831235 0.0177635494001 0.00470076381546 0.00804759691343 0.0176654035839 0.0240770451833 0.0131027700494 0.0336346331079 0.00318280143952 0.00911143169581 0.0123443044286 0.0425536895912 0.0275555810513 -0.000117313355725 0.0193759870004 0.022739399191 0.0130450514539 0.021130888928 0.0310856346126 
0.00834385567935 0.0115802312117 0.0151683377019 0.00387944524922 0.0270481413528 0.0147350177434 0.000629534550483 0.0255347177782 0.298320469581 0.0547065927702 0.00464257574759 0.0111859317914 -0.00028006043856 0.00888026044322 0.0523790835663 0.0273876856696 0.00927765413555 0.0127035600673 0.0194841134216 0.00787151378422 -0.00185404113311 0.0162043766386 0.0121947297436 0.0103262717527 0.00122373964457 0.0188504392812 0.0028640330705 0.0217854320001 0.02273333675 -0.00411222264859 0.00787216094184 0.0187588215799 -0.00530543261991 0.0638192230593 0.00369589294997 0.00685695396528 0.011730286302 0.0142636894679 0.0311993840343 0.0243663166638 0.0263170145785 0.0217005435205 0.00295550720341 0.0234354270789 -0.00139412154056 0.0060995231804 0.0244145978738 0.00781994799644 0.0123792131929 0.0115282893494 0.0117934888653 0.00272805619577 0.0159998102447 0.000111477012788 0.0150779320534 0.0182912015991 0.0122685871468 0.0347931950915 -0.00523268524488 0.00476121605202 
0.0113200042764 0.0206227109359 -0.0062688818732 0.00659704334193 0.0134462398538 0.00518271178446 0.0178042459074 0.0145401467325 0.0547065927702 2.07259411423 -0.0343085489066 0.0193530170057 -0.00128184781017 0.00211630327696 0.00758221443134 0.00904806062709 0.0097213965046 -0.00301374394191 -0.00103229788846 0.0376665529127 0.0280829954479 0.0023278412632 0.00562602924997 -0.00747385486442 0.0140004699227 0.015032045129 0.0100350597324 0.00144098140453 -0.00906499679216 0.0289435645985 0.008742487963 0.00753130112735 0.00908953339153 -0.0103614567125 -0.00768213727474 0.0183153203512 0.0226563160863 0.0435006395013 -0.000792149647226 0.0174775192923 -0.00748995830528 0.00935166089865 0.0375721588957 0.045491072819 0.00147820178562 0.0300256129252 -0.00602886817339 -0.00490141893028 0.0277027258185 0.00858298194188 0.0199636859505 0.00422030541118 0.0671512557039 0.0115555330923 0.0144155614011 0.118935326352 0.013739282649 0.0442115214629 0.00852186736632 0.103929675061 
0.0114487894001 0.0225212281879 0.0613375776913 0.00988140014463 0.0222302863293 0.00095231571101 0.0197367788907 0.0167659856048 0.00464257574759 -0.0343085489066 0.260340383407 0.0102164191027 0.020783605824 0.00738216926572 0.012485443322 0.0194670134178 0.0283815250752 0.00619465690165 0.0141379918968 0.0191753257837 0.0163310861347 0.0223978664657 0.00368817646653 0.0254304928708 0.0174002603632 0.0265590163178 0.0166201687819 0.0330095493069 0.0268941603526 0.025522797943 0.00544546802498 0.0191955004744 0.0111077490426 0.00273007560633 0.0222925503248 0.0157896075089 0.00900216149141 0.0287648283603 0.019199869379 0.0238858622703 0.0357979542338 0.0258512754836 0.0238720016862 0.0513137914044 0.0794245414292 0.0099273132189 0.021165990908 0.018477121365 0.0229549547611 0.0146831464774 0.0198481172772 0.0168145380443 0.000212134920577 0.0114610506969 0.00619502222209 0.0463475039803 0.00778810752365 0.0211193244822 0.0207339442379 0.0343953134591 
-0.000562324665224 0.00314160964745 0.0146484564125 0.000457527075101 0.00847493632533 0.020339819017 0.00477655764008 0.0108153030158 0.0111859317914 0.0193530170057 0.0102164191027 0.458817252389 0.0127442467355 0.0154916274783 0.0204018634964 0.0343334833788 0.00937518297307 0.0278110181596 0.0130859201828 -0.000215293604299 -0.00111611820966 0.00524288395831 0.00162552657921 0.0162798598808 0.0137757759266 0.0372048423539 0.0209342369024 -0.00118822837309 0.0155335643036 0.0103758089073 -0.00755309345876 0.00424668498483 0.0144754579954 0.0130017956179 0.00547196256592 0.00543273309225 -0.00220713061976 0.0184952434278 0.00565465743548 0.0215643114567 0.035535946201 0.0100669449967 0.00852468481286 0.0111280074614 0.00356105664012 0.00528058547698 0.0117488390739 0.00504319069206 0.0303361525312 -0.00187375029842 0.0043527606852 0.00851604572402 0.024439038187 0.00598329349474 0.014886090392 0.0372555813646 0.0136792111827 0.018125288857 0.00515772475013 0.00439095241061 
0.00723335819784 0.0137062125076 0.0108446194381 -0.0111683034326 0.0186775292302 0.0149433774049 0.0126014865403 0.0169934372495 -0.000280060438561 -0.00128184781017 0.020783605824 0.0127442467355 0.178052515436 0.0155522737565 0.0114993156897 0.000717310022191 0.0380071518935 0.00482474191522 0.0171375237986 0.0225752055886 0.0189632300872 0.0166851526003 0.0431088524223 0.00539675256831 -0.00202185588544 0.00794779608523 0.00291542387727 0.00580895806931 0.0137649933784 0.0106005253803 0.0172501922235 0.0116895291117 0.012351263407 0.00941049189971 -0.00648370376912 0.00223277088103 0.000788259558559 0.00943703849623 0.00272290708641 0.0111087695821 -0.000878341624534 0.0199869158199 0.0243831310898 0.0175136893875 0.0134649118753 0.0231279889383 0.0156708557364 0.00245025618451 0.00458115835967 -0.00354533344436 0.00191823519645 0.00147360319192 0.00807824558024 0.0185610351482 0.0201561701066 0.00658726392907 -0.00353352548407 -0.00830315164878 0.00501100243461 0.0177432292274 
0.0180150779518 0.0207373940487 0.0428721878358 0.0128744474301 0.0258458215058 0.0153222397901 0.00594030907828 0.00992638624063 0.00888026044322 0.00211630327696 0.00738216926573 0.0154916274783 0.0155522737564 0.199306591411 -0.00823388513207 0.020784807097 0.0272382919733 0.0181594184756 0.0298697119564 -0.0120493861316 -0.00549935467929 -0.0114178984091 0.0263923113404 0.0386093631815 0.00200933768919 0.0296864540515 0.0380047261185 0.0173173142522 0.0362792157499 0.0110244553012 0.0109764693729 0.0178977247212 0.0180545112618 0.012903802953 0.0120452606127 0.00245270424813 0.0112245852986 0.00569232059121 0.0266196759534 -0.00049785617706 0.0286373945022 0.0117047406286 0.0278022518401 0.0181628344242 0.00600760396268 0.0148227943551 0.021343098049 0.0243848951622 0.015764403287 0.0144824505825 0.0123931811696 -0.00187062618056 0.00323053902673 0.0106629634256 0.00779698684751 0.0327061592019 0.0040046841679 0.00744121760167 0.0231670469457 -0.000627724035863 
0.0152427247488 0.0107264974554 0.00998098255431 0.00179092819736 0.0389445118023 0.00591153340798 0.0181433551686 0.012231557022 0.0523790835663 0.00758221443134 0.012485443322 0.0204018634964 0.0114993156897 -0.00823388513207 0.439390548063 0.021083422769 0.0174676930164 0.00209971108802 0.0179013203228 0.0446422571376 0.0115728949545 0.0573539106758 0.0102871865099 0.0184682782893 0.00574852039772 0.0425130135736 0.0307518317301 0.00400043308023 0.0331228783372 0.027103616398 0.00539128643429 0.00949235986555 0.0467124542508 0.0222123404334 0.0227990048749 0.0354506550796 0.023568353778 0.0137606104904 0.0298795903738 0.0335354184777 0.0273950540473 0.0448095803666 0.0300741154959 0.026301068947 0.014973851493 0.0170066390582 0.0222301009571 0.0211074962634 -0.00623413610614 0.0107551501663 0.0133817057322 0.00811794350357 0.0242947567289 0.0134414468145 0.00549549026077 0.00408440156458 0.00538979071633 0.0610548181573 0.0106476666621 0.0234002842057 
0.0200277378237 -0.000825828366297 -0.00292123725675 0.0042661344809 0.0067329520852 0.0030450600742 0.00117149388399 0.0373494318092 0.0273876856696 0.00904806062709 0.0194670134178 0.0343334833788 0.00071731002219 0.020784807097 0.021083422769 0.412307493852 0.0149496212137 -0.00477284575392 0.0157620412889 0.00267810899986 -0.0114357465015 0.0291924652523 -0.00343234493732 -0.00210700563434 0.0123314452416 0.0187538057914 0.00982582974421 0.0068388376963 0.00144221621744 0.0195546658223 0.00154720022724 0.0115540693318 0.0180104709374 0.0109822709215 0.0184921723753 0.00390531910743 0.0168710410284 0.0113769483788 0.0098690771045 0.00806591937784 0.0528626114052 0.0629237505696 0.0102844564507 0.0128640500484 0.00602400584501 0.00710971798016 0.00604103699765 0.00492942347221 0.0172635648119 0.0122735330585 0.00107804903817 0.0076725061265 0.0402706911751 0.00669379737536 0.0401737696502 0.0458791728658 0.0148895295407 0.0119930951779 0.00855084844221 0.0303114256625 
-0.0096676945314 0.0160010696964 0.0343934388726 0.0220477180722 0.0115603486154 0.0140950962713 0.0157818086437 0.0126113854499 0.00927765413556 0.0097213965046 0.0283815250752 0.00937518297307 0.0380071518935 0.0272382919733 0.0174676930164 0.0149496212137 0.168579526591 0.00851680179951 0.0223945359269 0.0306907473223 0.0169576364572 0.0354263478484 0.0351385862416 0.0285142228332 0.0163825933017 0.0241686493833 0.0274777509549 0.0210857932945 0.0302114809787 0.00487285019281 0.00803471879758 0.0168023362054 0.0157385795487 0.00869288156021 0.000902084327614 0.0144306249225 0.00641054594435 0.012079235986 0.00892435168049 0.019413671466 0.0129130731847 0.0367540216223 0.0279133704041 0.0200867926689 0.0316961184563 0.0310461579977 0.0238705013932 0.00818724918841 0.00933150013291 0.00398755467809 0.0184949513269 0.00743620106273 0.0101449138381 0.0134313655762 0.00223449224198 0.00588908188696 -0.00644646136591 0.0158762541052 0.0124367070929 0.025736225957 
0.0227453021917 0.0115929251685 0.0291727841786 -0.0129906558064 0.0119838594533 0.00918188465503 -0.00117924952739 0.0370869581822 0.0127035600673 -0.00301374394191 0.00619465690165 0.0278110181596 0.00482474191522 0.0181594184756 0.00209971108802 -0.00477284575392 0.00851680179951 0.393854296418 0.0449184530288 0.00577404192012 -0.000598158823308 0.00366891260702 0.0024647771362 0.0237000524952 0.00574643735015 0.0344760921474 0.00640998038025 0.00436354645691 0.0322167279522 0.0157196073516 0.00465965842638 0.0146901291841 0.0364220585836 0.00780727788412 0.0293684128718 0.00247523731634 0.00564817139692 0.0163972195538 0.00890593279345 0.0310293719596 0.0203276314979 0.0104860330607 0.00554173395139 0.0226471239573 0.00238375935011 -0.00730313999838 0.0259229280872 -0.000197323355333 0.00737047064196 0.00329078402086 0.0024407474892 0.0174866348797 0.0363487232733 -0.0074766849521 0.0066806081439 0.0418865102842 0.012850640284 0.0193834575709 0.00998439861727 0.00760090488445 
0.016222396017 0.0104490419196 0.0164186916592 -0.00688279280885 0.0248390829649 0.0113867728181 0.0228421853205 0.0227036933105 0.0194841134216 -0.00103229788846 0.0141379918968 0.0130859201828 0.0171375237986 0.0298697119564 0.0179013203228 0.0157620412889 0.0223945359269 0.0449184530288 0.163759224283 0.00930666161 0.00283870092506 0.0069267453604 0.0212709583889 0.0385522628139 0.0110273370294 0.0342751000231 0.0293335246437 0.0126962119135 0.0650574884965 0.0124979354584 0.00652794551901 0.0412630831492 0.0126817977233 0.00553169437264 0.00752545830041 0.00887190934623 0.00752807727967 0.0209370639504 0.00788716494533 0.0176002230887 0.0192413881994 -0.00389002817515 0.023851727451 0.016018611719 0.00535523757453 0.00453326327348 0.0238857754951 0.0219090053562 0.00814737125701 0.013084209837 0.00932236022809 0.00734457392542 0.010446295112 0.0161291402867 0.00736918567669 0.0226011954067 0.0150305478625 0.0151663584092 0.00859207311065 0.00887187934964 
0.0164204307564 0.00752685658221 0.0243082049918 0.0403197018503 0.0100328568052 -0.00175715599554 0.00540625574283 0.0113210327344 0.00787151378422 0.0376665529127 0.0191753257837 -0.000215293604299 0.0225752055886 -0.0120493861316 0.0446422571376 0.00267810899986 0.0306907473223 0.00577404192012 0.00930666161 0.41867380433 0.0670701256545 0.14843490029 0.00511618864605 0.0202011556281 0.00393283251447 0.0281329353656 0.0115674996732 0.0143580895947 0.0283075507181 0.0145455149803 0.00596284228091 0.0137608969425 0.0604290401954 0.00366090952397 0.00401038458282 -0.0154613880382 0.00373636359072 0.00542988963678 0.00466057693814 0.00929637151132 0.0415027472502 0.155408357646 0.0162265071971 0.0366534467667 0.00300502575607 0.0553274241943 0.0140680422194 0.00261132876868 0.0199745162955 0.0128689113846 0.00634327599113 0.0124812290192 0.0244353256165 0.00638017289561 0.0483528927516 0.0569923250123 -0.004774566067 0.0132634884826 0.00257618674731 0.154867046747 
0.0392850444793 0.00476633324247 0.00083334121909 0.0362348423134 -0.0123558221064 -0.00302337556427 0.00658620177178 0.00805865630955 -0.00185404113311 0.0280829954479 0.0163310861347 -0.00111611820966 0.0189632300872 -0.00549935467929 0.0115728949545 -0.0114357465015 0.0169576364572 -0.000598158823308 0.00283870092506 0.0670701256545 0.324118092637 0.0970580409823 0.0145597370893 0.00680024380302 0.0206925918505 0.01592168603 0.0156248151715 -0.00805331407581 -0.0142219234271 -0.00676190031767 -0.00283995705919 0.0123990519469 0.0558066797165 -0.0152536736507 0.00332260126769 -0.00195728744743 -0.0040253502873 0.00779386675223 -0.00225195465334 0.0113194149851 0.0175683137562 0.0805212056365 0.0117527112426 0.022088967496 0.034348967803 0.0583554223276 -0.00160939972106 0.00877057775505 -0.000664076452655 0.0122649752765 2.27482371013e-05 0.00385484915661 0.0125238781924 -0.00015704999299 -0.00590951670329 0.0275811160199 0.00667055065302 0.0137115616375 0.00679669259267 0.0907385790649 
0.00608221623998 -0.00377227826322 -0.00110214252773 0.00296718853432 -0.00268972968812 -0.00359111164284 -0.00312398777622 0.0130607466636 0.0162043766386 0.0023278412632 0.0223978664657 0.00524288395831 0.0166851526003 -0.0114178984091 0.0573539106758 0.0291924652523 0.0354263478484 0.00366891260702 0.00692674536039 0.14843490029 0.0970580409823 0.407014359475 0.011343637958 0.016284715342 -0.00626973637141 0.0557124635424 0.00827423036151 0.00413710444629 0.0159442780608 0.0338628902114 0.000826467607572 0.0154235151974 0.0690575537499 0.00159617665385 0.0160197863813 0.00343356895058 0.00838156577805 0.00777382290047 0.00722430365207 0.0175663494625 0.0209217041497 0.158296833752 0.0181752854374 0.0611910329753 0.0310639513318 0.0719733982159 0.0107267333759 0.0166647948297 0.00691877974432 0.00413288845819 0.0025753451577 0.0345855686538 0.0469681367425 0.0171374485646 0.0388643140548 0.0851650336924 0.00730680908783 0.00870224748441 0.0114946069498 0.144051969346 
-0.0082548928161 0.0119659401104 0.00928283526601 0.00471330157265 0.0118264227209 0.0140446995686 0.00599812943802 0.0094382564582 0.0121947297436 0.00562602924997 0.00368817646653 0.00162552657921 0.0431088524223 0.0263923113404 0.0102871865099 -0.00343234493732 0.0351385862416 0.0024647771362 0.0212709583889 0.00511618864605 0.0145597370893 0.011343637958 0.180794491314 0.0220872483044 0.00749595355036 0.0179626094142 0.0212001654456 0.0118490960019 0.0168114635675 0.00623791721107 0.0171005790383 0.010169912229 0.0135097566796 0.0153515730481 0.000545350681957 0.0115364176961 0.010921813213 0.013584620688 -0.000330872100837 0.00665811192254 0.0107946502782 0.0233317653676 0.0250297079575 0.0221406264155 -0.00538402679479 0.0242451083063 0.0285104065645 0.0118538207958 0.0118772014408 0.0106293893855 0.0137643402272 0.0105722805063 0.00674209820678 0.00722317533764 0.0249703154052 0.00646393498106 0.00788882699188 -0.00321215416165 0.0198744349709 0.0129149674261 
0.0120185800158 0.0182397392387 0.00615269429357 0.00415726821061 0.0231564378254 0.0248666784971 0.00400932650167 0.0196308732619 0.0103262717527 -0.00747385486442 0.0254304928708 0.0162798598808 0.00539675256831 0.0386093631815 0.0184682782893 -0.00210700563434 0.0285142228332 0.0237000524952 0.0385522628139 0.0202011556281 0.00680024380302 0.016284715342 0.0220872483044 0.220200127941 0.0105761061034 0.0517741876571 0.0471287027476 0.015823327365 0.0970968986727 0.0182289975382 0.0127136207064 0.0323557447841 0.0163394375227 0.0187091874976 0.0177529916367 0.00671804318675 -0.000907178000194 0.0261430358385 0.0132160917539 0.0159713028896 0.0287544910671 0.0154434905352 0.0359941699614 0.0502361742115 -0.00488137953486 0.0127327425895 0.0473003185503 0.0134660035284 0.0147643193543 0.0156304869663 0.00671004081158 0.0269882301542 0.0342958259194 0.014881147552 0.0182034863867 0.0652582667411 0.0175868453372 0.0239460643929 0.0182741785129 0.0126909646803 
0.00498886225137 0.00108546692467 0.00858127252096 -0.00615800550147 0.00377748990799 0.00388819460019 0.0149544685754 0.00267291272127 0.00122373964457 0.0140004699227 0.0174002603632 0.0137757759266 -0.00202185588544 0.00200933768919 0.00574852039772 0.0123314452416 0.0163825933017 0.00574643735015 0.0110273370294 0.00393283251447 0.0206925918505 -0.00626973637141 0.00749595355036 0.0105761061034 0.158983153073 -0.00128014479118 0.0129524010241 0.0131053038928 0.00259258775739 0.00923852285087 0.0110213834028 0.0142387021114 0.013448151371 0.00334256827797 0.000427208983803 0.00823641140784 0.00396120891218 -0.0075149435111 0.00302538556396 0.0024400882792 0.000188097570562 0.00703678590446 0.0154626123879 0.00729668314781 0.0145580757688 0.0044064171582 -0.0043758758719 0.00144684101482 0.0020287106745 0.00406861584896 0.00969749471354 0.0173199382674 -0.00116352754501 0.0114269408961 0.0127716627666 0.00882047004497 0.00302151592157 0.00405082843101 0.0138704975406 0.001613600811 
0.00356804322567 0.0187024482657 0.0404516168899 0.010787156768 0.016928658018 0.0306655954806 0.00764485360924 0.0220115004077 0.0188504392812 0.015032045129 0.0265590163178 0.0372048423539 0.00794779608523 0.0296864540515 0.0425130135736 0.0187538057914 0.0241686493833 0.0344760921474 0.0342751000231 0.0281329353656 0.01592168603 0.0557124635424 0.0179626094142 0.0517741876571 -0.00128014479118 0.299239640967 0.0341359119963 0.0266086048375 0.0603957153141 0.0305366329104 0.00592781079441 0.0266915068502 0.0291679407614 0.0148241381208 0.0315878961337 0.0184068976635 0.0261733198453 0.0553909032703 0.0264880819383 0.0339345189494 0.0504987199006 0.0302148325289 0.0276933804553 0.0323086619428 0.0324549600621 0.022253731275 0.0397683839357 0.0199562087781 0.0214135100767 0.0217813967322 0.0101808457465 0.0501419188619 0.0385989564545 0.00374966614116 0.0288822364093 0.0714498594883 0.0161967901384 0.039814823488 0.0428516408936 0.0315484537586 
-0.00829388285638 0.0133282028032 0.018031260256 0.00214097296984 0.0268878418057 0.0263716870636 -0.00349464375948 0.038497086003 0.0028640330705 0.0100350597324 0.0166201687819 0.0209342369024 0.00291542387727 0.0380047261185 0.0307518317301 0.00982582974421 0.0274777509549 0.00640998038025 0.0293335246437 0.0115674996732 0.0156248151715 0.00827423036151 0.0212001654456 0.0471287027476 0.0129524010241 0.0341359119963 0.28504665209 0.0161705048673 0.0454175981256 0.00973402867689 0.0134551382942 0.0434598561153 0.0156870755526 0.0154504374966 0.0063471499396 0.00518043241646 0.00714456909106 0.0177285580777 0.0216562900923 0.0105275223664 0.0480206106469 -0.0101656977999 0.0322950231012 0.012987367731 0.0104289843954 0.0201461178344 0.0288141926375 0.0206826781445 0.00650359567491 0.00560085026096 0.022068455837 0.00616756329233 0.00821925141828 0.042102113476 0.021270595317 0.0211060247975 0.0050580347064 0.0164312147957 0.0174021176972 0.0129869503863 
0.00712485148752 0.0189125948457 0.0692670726623 -0.00606576755802 0.013108712449 0.00388771258058 0.00981839227929 0.0133151174083 0.0217854320001 0.00144098140453 0.0330095493069 -0.00118822837309 0.00580895806931 0.0173173142522 0.00400043308023 0.0068388376963 0.0210857932945 0.00436354645691 0.0126962119135 0.0143580895947 -0.00805331407581 0.00413710444629 0.0118490960019 0.015823327365 0.0131053038928 0.0266086048375 0.0161705048673 0.222114568082 0.0208400214005 0.0283558927586 0.0113314805476 0.00992238019723 0.00295044719265 0.00237189599033 0.00884809116814 0.0107855058093 0.0297789411253 0.0222893701644 0.0157891505103 0.0207031198888 0.0113998473772 0.0153472587365 0.0165879020702 0.0306151546636 0.00249775547688 0.00935460955738 0.0109778443016 0.0108195273955 -0.00134526045212 0.0209262131634 0.0172806028024 0.0194486787249 0.0162474064393 0.0106785179852 0.010734613044 -0.00416921731015 -0.000723973668264 0.0173213484708 0.0207920918982 0.00516734260201 
0.00458134008022 0.00629127274551 0.0149748886253 0.0100505203782 0.049793735261 0.0104379339768 0.0106524337468 0.0286923338102 0.02273333675 -0.00906499679216 0.0268941603526 0.0155335643036 0.0137649933784 0.0362792157499 0.0331228783372 0.00144221621744 0.0302114809787 0.0322167279522 0.0650574884965 0.0283075507181 -0.0142219234271 0.0159442780608 0.0168114635675 0.0970968986727 0.00259258775738 0.0603957153141 0.0454175981256 0.0208400214005 0.25870651191 0.0205411460524 -0.00952810442461 0.0246404897076 0.0201467227715 0.0170587481506 0.0187074553259 0.00954013904875 0.0140444563091 0.0240596789405 0.0122423990233 0.0161188666268 0.0372043478343 0.0236878820305 0.0346675785201 0.0480041608435 -0.00832579939501 0.016531533361 0.0395283803854 0.0139780675468 0.00971194132084 0.0317730473672 0.00735836668475 0.0168882254671 0.0296024899401 0.0202557703962 0.0253002455638 0.0436907192473 0.0264571199117 0.0224282588914 0.0148364589283 0.00811184901059 
0.0123259523223 0.0367701967232 0.0405025342913 0.00309059175521 0.0304454255144 0.0451791392203 0.00976220948259 0.0216136430114 -0.00411222264859 0.0289435645985 0.025522797943 0.0103758089073 0.0106005253803 0.0110244553012 0.027103616398 0.0195546658223 0.00487285019281 0.0157196073516 0.0124979354584 0.0145455149803 -0.00676190031767 0.0338628902114 0.00623791721107 0.0182289975382 0.00923852285088 0.0305366329104 0.00973402867689 0.0283558927586 0.0205411460524 0.605981551276 -0.00277545902079 0.0263329125388 0.00836591332811 0.0110012239171 0.0303321419236 0.0169249995375 0.00668024034753 0.0103866403896 0.0197873159954 0.013134802651 0.0168599253438 0.0040514753312 0.0372019584114 0.0464108569403 -0.000694903903634 -0.00934784435747 -0.00379414854885 0.00133244362408 0.0194087553343 0.0101927386203 0.0110701114166 0.0198769138906 0.0253274553228 0.0062421744144 0.0211442907473 0.0456675427633 0.0170861553376 0.0292281801757 0.0052389475863 0.00591876975113 
0.0368174222595 0.00988989994063 0.0285977871236 -0.000763470287168 0.00533010382067 0.0176871157323 0.012442835958 0.00136487171374 0.00787216094184 0.008742487963 0.00544546802498 -0.00755309345876 0.0172501922235 0.0109764693729 0.00539128643429 0.00154720022724 0.00803471879758 0.00465965842638 0.00652794551901 0.00596284228091 -0.00283995705919 0.000826467607572 0.0171005790383 0.0127136207064 0.0110213834028 0.00592781079441 0.0134551382942 0.0113314805476 -0.00952810442461 -0.00277545902079 0.192660854289 0.00870735186131 0.00892112778439 0.00341024657602 -0.000192742738886 0.010950200665 0.0195096579102 -0.00179497124361 0.0010629353696 0.00244115242081 -0.00159263026934 0.00688187695454 0.0072477578715 -0.000463079354787 -0.00440914429766 0.00852746742432 0.00862492985196 0.0110519447257 0.00286840262275 0.00986117597168 0.0174641490421 0.0192419716898 0.00603203934976 -0.000761929860715 0.010905849326 -0.000140376100426 0.005879723667 0.00420853829138 0.00715224973298 -0.00116804167527 
0.00797952789294 0.0142886434066 0.0178879964489 0.0912774848176 0.0296917295958 0.0138872860903 0.00526720340559 0.0110701273978 0.0187588215799 0.00753130112735 0.0191955004744 0.00424668498483 0.0116895291117 0.0178977247212 0.00949235986555 0.0115540693318 0.0168023362054 0.0146901291841 0.0412630831492 0.0137608969425 0.0123990519469 0.0154235151974 0.010169912229 0.0323557447841 0.0142387021114 0.0266915068502 0.0434598561153 0.00992238019723 0.0246404897076 0.0263329125388 0.00870735186131 0.245615116516 -0.00138970551937 0.0150402504701 0.0151739344316 0.0130440784291 0.0041722404203 0.00612817343566 0.015589424642 0.000301412582983 0.00367921143942 -0.00889352093289 0.0221062340823 0.0167392779276 0.0178185954584 0.00635352824455 0.0179302148502 0.0188262097917 0.0068777759818 0.0122428704446 0.0106137170986 0.0148364208565 0.0153790939719 0.0318788973768 0.0101457283876 0.0138674792994 0.000714686175383 0.0116211538864 -0.00258270602616 0.00176095154442 
-0.00709930442027 -0.00381876120236 0.00226027488866 0.022408231557 0.00455385678393 -0.0045869758015 0.00467872262632 0.0110073125691 -0.00530543261991 0.00908953339153 0.0111077490426 0.0144754579954 0.012351263407 0.0180545112618 0.0467124542508 0.0180104709374 0.0157385795487 0.0364220585836 0.0126817977233 0.0604290401954 0.0558066797165 0.0690575537499 0.0135097566796 0.0163394375227 0.013448151371 0.0291679407614 0.0156870755526 0.00295044719265 0.0201467227715 0.00836591332811 0.00892112778439 -0.00138970551937 0.495836736106 0.0143724157394 -0.00744380214376 0.000993779399652 0.0198833222509 0.00327569341421 0.0130104248361 0.0202033983182 0.0134600055149 0.0911810269152 0.0239722884139 0.0117423836332 -9.32323582526e-05 0.0598871451025 0.03710280517 0.0075470264704 0.00363909852257 -0.012718813331 0.00281732584425 0.0137345942666 0.0293244263471 0.0153469072534 -0.00545490348157 0.0884604088294 0.00434421987882 0.0193157033242 0.00314647227458 0.0878669446295 
-0.0107561129307 0.0113430251993 0.00299024886451 -0.00478779468639 0.0166767394668 0.00332113501871 0.000921216102651 0.0130712662183 0.0638192230593 -0.0103614567125 0.00273007560633 0.0130017956179 0.0094104918997 0.012903802953 0.0222123404334 0.0109822709215 0.00869288156022 0.00780727788412 0.00553169437264 0.00366090952397 -0.0152536736507 0.00159617665385 0.0153515730481 0.0187091874977 0.00334256827797 0.0148241381208 0.0154504374966 0.00237189599033 0.0170587481506 0.0110012239171 0.00341024657602 0.0150402504701 0.0143724157394 0.172120394494 0.0122527902488 0.00233809891309 -0.000259278473601 -0.0171307223971 0.0272868728631 0.00363421824096 0.020379494713 0.00710012489364 0.00320781372412 0.0226189536845 -0.00752768674365 0.00576389822592 0.0183707297172 0.0116016708885 0.0165202345006 -0.000104528577526 0.0167125740976 0.00761939629236 0.00504282497802 0.00483768555889 0.00277435705804 0.0159058970597 0.0181565430543 0.0157625375282 -0.000913129832497 -0.00426559119031 
0.00458210071273 0.0195176105431 0.0436887888457 -0.00224100529775 0.0129653483452 0.0214867112441 0.00471684835213 0.0501960331133 0.00369589294997 -0.00768213727474 0.0222925503248 0.00547196256592 -0.00648370376912 0.0120452606127 0.0227990048749 0.0184921723753 0.000902084327613 0.0293684128718 0.00752545830041 0.00401038458282 0.00332260126769 0.0160197863813 0.000545350681957 0.0177529916367 0.000427208983803 0.0315878961337 0.0063471499396 0.00884809116814 0.0187074553259 0.0303321419236 -0.000192742738887 0.0151739344316 -0.00744380214376 0.0122527902488 0.348680735076 0.00171560276932 0.0186778797402 0.00934627220099 0.0314914118408 0.0176634943644 0.0102077588398 -0.014061266699 0.0105120964666 0.0200843956999 -0.0130300240062 0.0072891380716 0.000168367211602 0.00963646197229 0.0105306212934 0.00573940281868 0.00127234794928 0.0110345855828 0.0226680797922 -0.0053452488136 0.0197250096972 0.0400902687251 0.0102838098122 0.0267677724984 0.0159357086732 0.0162511224454 
0.00481673608996 -1.39602689867e-06 -0.000880528944255 0.00623140657481 0.00882865442202 0.020155451131 0.00471491514464 0.00409453525051 0.00685695396528 0.0183153203512 0.0157896075089 0.00543273309225 0.00223277088103 0.00245270424813 0.0354506550796 0.00390531910743 0.0144306249225 0.00247523731634 0.00887190934623 -0.0154613880382 -0.00195728744743 0.00343356895058 0.0115364176961 0.00671804318675 0.00823641140783 0.0184068976635 0.00518043241646 0.0107855058093 0.00954013904875 0.0169249995375 0.010950200665 0.0130440784291 0.000993779399652 0.00233809891309 0.00171560276932 0.173718436159 0.0110396595219 0.00407282671649 0.00162250329252 0.017357621742 0.0114361883459 0.00416198704233 0.0131384543505 0.0118674958695 0.015071482038 0.00605795909939 0.00929074720654 0.00732918707828 0.00617302822742 0.00283822917555 0.0081275970999 0.00784138785537 0.0125464942584 0.0218619885752 -0.00380705727938 0.0298320511384 0.00667883643284 0.0240513285228 -0.000145410929868 0.00114265591967 
0.0153142671154 0.00771460804439 -0.00319631837042 0.00603419414632 0.005133753826 0.00884369801967 0.00959140474448 0.0109977828274 0.011730286302 0.0226563160863 0.00900216149141 -0.00220713061976 0.000788259558557 0.0112245852986 0.023568353778 0.0168710410284 0.00641054594435 0.00564817139692 0.00752807727967 0.00373636359072 -0.0040253502873 0.00838156577805 0.010921813213 -0.000907178000194 0.00396120891218 0.0261733198453 0.00714456909106 0.0297789411253 0.0140444563091 0.00668024034753 0.0195096579102 0.0041722404203 0.0198833222509 -0.000259278473602 0.0186778797402 0.0110396595219 0.239909566064 0.0172086950603 0.00600853680776 0.00349073212539 0.0404446777052 0.0161465653849 0.00350207122087 0.0202154500722 0.0400820699891 0.00435079164466 0.0232349747467 0.00665742501294 0.0089468094664 0.0121569466796 0.0038541946151 0.0119906971147 0.0382617273606 0.023377409519 0.0250513984427 0.0294559433905 0.0082177425843 0.0495002063413 0.0155834083716 0.00891575354776 
0.0147314056231 0.00649105148376 0.00980114643305 -0.0090302780631 0.00228222741443 0.0135195973609 -0.00175226252084 0.0264142926328 0.0142636894679 0.0435006395013 0.0287648283603 0.0184952434278 0.00943703849623 0.00569232059121 0.0137606104904 0.0113769483788 0.012079235986 0.0163972195538 0.0209370639504 0.00542988963678 0.00779386675223 0.00777382290047 0.013584620688 0.0261430358385 -0.0075149435111 0.0553909032703 0.0177285580777 0.0222893701644 0.0240596789405 0.0103866403896 -0.00179497124361 0.00612817343566 0.00327569341421 -0.0171307223971 0.00934627220099 0.00407282671649 0.0172086950603 1.45260164198 0.00874976536189 0.0116175768725 0.0101621220391 0.00323189905971 0.0238421023221 0.0141973091908 0.0182652466966 0.00401900433714 0.0342431891404 0.0114711410848 0.00992895532149 0.0117596399181 0.00872790306807 0.0171241898784 0.00346683660652 0.00549986191702 -0.00365096234915 0.0803704870105 0.0138320789458 0.0132309417922 -0.00243373225584 8.71280150205e-05 
0.00438713381027 0.0177508460778 0.0204135678235 -0.00767793750692 0.0462919161518 -0.00111621625363 0.0157598821235 0.0147127714126 0.0311993840343 -0.000792149647226 0.019199869379 0.00565465743548 0.00272290708641 0.0266196759534 0.0298795903738 0.0098690771045 0.00892435168049 0.00890593279345 0.00788716494533 0.00466057693814 -0.00225195465334 0.00722430365207 -0.000330872100837 0.0132160917539 0.00302538556396 0.0264880819383 0.0216562900923 0.0157891505103 0.0122423990233 0.0197873159954 0.0010629353696 0.015589424642 0.0130104248361 0.0272868728631 0.0314914118408 0.00162250329252 0.00600853680775 0.00874976536189 0.179548030316 0.00639921875853 0.0104289463537 0.0104974152549 0.0120490372262 0.0179765570833 0.0202679171496 0.0053458263984 0.0295180221259 0.0179676254941 0.00845046815697 -0.000733130420964 0.00710007597583 0.013487651531 0.0159610296789 0.0122122655981 0.0166497933864 0.0249732492903 0.0183624908909 0.010485222411 0.00718184272509 0.0113356387033 
