50
0.0576577356707 0.0831725949645 0.13159191543 0.0240188564254 0.0610020106181 0.0559549201136 0.0424048973372 0.0354646018646 0.0788996306534 0.0389775871913 0.0523918745475 0.107238949757 0.015652967587 0.0447966226616 0.133327922328 0.0387981152642 0.0267965440056 0.0206637964956 0.0324915821016 0.0589662330248 0.0325349378307 0.15397042743 0.0318751717172 0.101481112582 0.0125032911957 0.0394797478448 0.0538205376978 0.066200000993 0.0878126089614 0.0353466838873 0.0599327976672 0.0800378705657 0.0466468708745 0.0446705301477 0.0272516352802 0.0218855159469 0.199130076205 0.0782010317916 0.0256345374975 0.0377827405953 0.0304896250645 0.0197813299257 0.090319564185 0.0266042550295 0.0582377086348 0.0404531955786 0.026417897889 0.0307440439862 0.0352458247454 0.0331056926512 
0.242666630819 0.0271820987069 0.0279695451615 0.0170545123566 0.0184639412818 0.0402854516976 0.0198464026794 0.0142890365534 0.00907410002535 0.0157709761833 0.0200281919882 0.0242716555553 0.0176584463251 0.0358356349449 0.0137827663668 0.0235832050145 0.0166224513786 0.0192987367486 0.00658186960409 0.00838540482445 0.0097645863672 0.0213733491006 0.0158802988227 0.015431752219 0.0149257380692 0.0134339939586 0.0295384433548 0.0316170668534 0.000550205637776 0.0144678483184 0.0102758747284 0.0142824998377 0.0223304197241 0.0196964686334 0.00305878374354 0.00365340130522 0.00742307503181 0.0287374564322 0.0204637561229 0.0173033267035 0.00347045504355 0.0219695902727 0.0280658596312 0.0177006094121 0.0160200981498 0.0109668344277 0.00782049562584 0.0537749570355 0.0172823577863 0.0243378684415 
0.0271820987069 0.448977928665 0.0649610727907 0.00500480735886 0.0227128849077 0.0429315874731 -0.011200563858 0.0213853719647 0.0140493850602 0.0284913984933 0.00541612773083 0.0328140081714 0.0118916894884 0.0379710310016 0.0482003898504 0.0112286889944 0.013633768548 0.0224750233814 0.00814595352115 0.0070502728804 0.0110779092611 0.0206863580062 0.0115810946971 0.00672765259061 0.0095033182082 0.0244338998892 0.0318763846423 0.00902731206464 0.0264815223923 0.0118571802443 0.00582095539852 -0.00816235820361 0.00503880334699 0.0221531766642 -0.00655129113945 0.00827958378678 0.0156071789468 0.0427882393697 0.0117085836042 0.0270686025127 0.00715116602225 0.0265211360008 0.0295494940833 0.0225354457145 0.0177831096428 0.0352446948207 0.038254598671 0.0189555287752 0.0184984070623 0.0107620482668 
0.0279695451615 0.0649610727907 0.513901461996 0.0246490376445 0.0382408148014 0.0367313139472 -0.000735510858183 0.0239983726309 0.0185140546395 0.0178737732276 0.0144758074278 0.0276581231531 0.0137355503089 0.014918837108 0.0182722112955 0.036665093517 0.00609046741885 0.0111524397068 0.0183801324399 0.00380677673804 0.00475221032655 0.187628502001 0.0225451319601 0.0227055860185 -0.0236566168116 0.0210681631207 0.0130084320993 0.0294384638704 0.0382496364406 0.00869618170713 0.041051260361 0.0228633693715 0.0349872480395 0.0300519676462 0.0273158223769 0.00544317920274 0.108109816166 0.0319502771707 -0.0133822148391 0.0375925905306 0.00448980070154 -7.64821432274e-06 0.0118020378859 0.0138874617729 -0.00317809354527 0.0342908297762 0.0243472481577 0.0396376608065 0.00126836454695 0.0390443502629 
0.0170545123566 0.00500480735886 0.0246490376445 0.185133601781 0.0135459545232 0.0266631934637 0.000530767266897 0.00115761512475 0.0135811336667 0.0282408871753 0.0263293945113 0.0366684406799 0.051929807093 0.0251258632644 -0.00198267194196 0.0246272202951 0.024475865728 0.0123721307515 0.0124590674418 0.0219161495695 0.0311296382717 0.0149585876761 0.0136956740352 0.0104574480953 0.00939430787751 0.0240377939203 0.00716862771241 0.030710242802 0.0079077955886 0.019669361013 0.0140137464335 0.0299556463784 -0.00162298641271 0.0184095222011 0.00129889900084 0.00652209366762 0.026926780404 0.0237403204638 0.0120711289942 0.00392637910961 0.0200474342583 0.0133380259389 0.0355440500116 0.0186362217545 0.0202649119194 0.0200281849326 0.0204906094888 0.0152807982922 0.0105219340195 -0.00294982296308 
0.0184639412818 0.0227128849077 0.0382408148014 0.0135459545232 0.41806341626 0.0273617246531 0.0323998470019 -0.00296340663743 0.0179794361252 0.00734361608465 -0.000443866145103 0.0231759415765 0.0283629882452 0.0336793964302 0.0320611287951 0.0240380795717 0.00388170800876 0.0180746188313 0.0129237760171 -0.000433408889231 0.00947122125263 0.0297466141584 0.000644024231166 0.0147916483614 0.00294140100916 -0.000582381308309 0.010205242825 -0.00471131369002 0.054504876314 0.00994068825329 0.0202878094468 0.0108093862657 -0.00385633026365 0.0279758223328 0.0235949919249 0.0137172771434 0.0103974973588 0.033573347162 0.0140299536821 0.00969151889362 0.00293332868941 0.00927566682982 0.0210798398585 0.00231137111465 0.00996432264184 0.0044209185907 0.0192571700642 0.0193015907738 0.0054505973706 0.0113339695443 
0.0402854516976 0.0429315874731 0.0367313139472 0.0266631934637 0.0273617246531 0.256725948997 0.0232529080955 0.00243838065751 0.0144199334381 0.0239473229354 0.00421859238379 0.0470234838206 0.0319937254563 0.0392331743582 0.0141786160496 0.0363152618363 0.0228730894539 0.0191079997836 0.00609228464315 0.0229268092785 0.00227858873818 0.0256590117381 0.017442901261 0.0203013155738 0.00735478967291 0.0268229170021 0.0251841392281 0.0364425834802 0.0352082880872 0.0233369074345 0.00273701082446 0.0425091066193 0.0157196625756 0.0334323568055 0.0380818643238 0.00406904493476 0.0384221268789 0.0324976564088 0.0174595237727 0.0176279916256 -0.00917539644195 0.0169849539358 0.0202721695865 0.038213536578 0.0181546736706 0.0428218648363 0.0289175315311 0.0355780555736 0.0277253358698 0.0220704785424 
0.0198464026794 -0.011200563858 -0.000735510858182 0.000530767266897 0.0323998470019 0.0232529080955 0.392825034199 -0.00620577240816 0.00737642141694 0.0053205894303 0.0189037102655 0.0111736180997 -0.0120762376127 0.00959483937725 0.0126268525835 0.0228426844736 -0.00171259910477 0.00330273683856 0.00669439885757 0.00768989073997 0.00974350946548 0.016776324689 0.0100422721993 0.0149069024578 0.00477891049891 0.00867408766776 0.0138079369894 0.0249072889478 0.0313395601397 0.0187832972587 0.0257225681651 -0.0117287013171 0.0140179905772 0.0210218846341 0.0091363533069 0.00819098571234 0.0289086761432 -0.0146020802003 0.0103605834811 0.0242599363997 -0.00140101073453 0.00306074582085 0.0320687208011 -0.0122191886748 0.00918392677603 0.0241922434725 0.00515138767863 0.0105237281582 -0.00254300546555 0.0137911295746 
0.0142890365534 0.0213853719647 0.0239983726309 0.00115761512475 -0.00296340663743 0.00243838065751 -0.00620577240816 0.198539939143 -0.00419693160541 0.016259857424 0.0144020324634 0.000133238660011 0.00241738230467 0.00620565037726 0.0262046757648 0.0106940247095 0.0171280741298 0.0140782999236 0.0107041871375 -0.00730982214885 0.012781415716 0.0261239778211 0.0438325980955 0.0082674158559 -0.00340995267425 0.0125830273243 0.00229149195075 0.0122656349628 -0.00428419823983 0.00930076866244 0.0127520438517 0.00504354311406 0.0335035474512 0.00431451822994 0.00788023400707 0.00389759462194 0.0237736572898 0.00426004721792 0.00139923918163 0.0222541733574 0.00887004621633 0.0109757379104 -0.00298733751503 0.00342175579603 0.0150417444256 0.00316333172161 -0.00302326322896 0.0119527144679 0.0113164092523 0.0448705849137 
0.00907410002535 0.0140493850602 0.0185140546395 0.0135811336667 0.0179794361252 0.0144199334381 0.00737642141693 -0.00419693160541 0.755325027088 0.00519810814724 0.00335751639162 0.0449116255725 0.00338481050956 0.0339721328589 0.00283548932794 0.0366870139057 0.00781576962925 -0.0014084671072 0.0137308171797 0.0217996725483 0.00999131356614 0.0193950377995 -0.00738429664383 0.0011407108333 -0.00278864988073 0.00342453247146 -0.00906654944963 0.00894113872231 0.00971204300165 0.00651447138077 -0.0049742328764 -0.011137281871 0.0127666566527 0.0190632461801 0.00366163337563 0.00518386812198 0.00520700450939 0.000643320623066 -0.000840515537147 0.00213692922837 0.00219295438351 0.00606156705066 0.0109516299936 0.00217685407699 0.0375569121165 0.00600310327865 0.0138862439136 -0.00386586652011 0.00356577697732 -0.00451704564805 
0.0157709761833 0.0284913984933 0.0178737732276 0.0282408871753 0.00734361608465 0.0239473229354 0.0053205894303 0.016259857424 0.00519810814724 0.234251022515 0.0367924596361 0.0289237322073 0.0156793836137 0.0196495875539 0.00990899347188 0.0181945817277 0.0449643960907 0.031620036858 -0.0016664876066 0.0325703519059 0.0171608734664 0.00164937649006 0.0302453803724 0.000876954394933 0.0135144902766 0.000526058527522 0.0373095880492 -0.0186127840605 0.0317618983428 0.0198297998556 0.0383528125917 0.0176810069943 0.00460867554586 0.0295827694337 0.0101374306866 -0.0031406500884 0.0304515523552 0.0173254432549 0.00783584020001 0.0168509327239 0.00318365238621 0.0223676313962 -0.00307844758136 0.0145349957265 0.0234066356552 0.0154069819832 0.0218277835644 0.0325388464309 0.017115141928 0.0341774498199 
0.0200281919882 0.00541612773083 0.0144758074278 0.0263293945113 -0.000443866145103 0.00421859238379 0.0189037102655 0.0144020324634 0.00335751639162 0.0367924596361 0.344425920569 0.00693895620303 0.0144534765594 0.0271258344021 -0.0260305371627 0.00621353412955 0.0105063014882 0.0161586046731 0.0193527889654 0.00560027560717 0.0302608211563 0.00393134875397 0.0151382607898 -0.00734360382552 0.00364052062919 0.0340590907617 0.0203303044987 0.0443465833826 -0.010136348108 0.0319660089889 0.0388551686306 9.88972175239e-05 0.0151377363807 -0.0132220099325 0.0045258774707 0.0213777591481 0.0283265792538 0.0239123824612 0.0131353028998 0.00944070758688 0.00151095612543 0.0248119408194 0.0196642339924 0.00831210432309 0.0212992280543 0.00525426105248 0.0135717875907 0.0252796656797 0.0123881435812 0.0122216709234 
0.0242716555553 0.0328140081714 0.0276581231531 0.0366684406799 0.0231759415765 0.0470234838206 0.0111736180997 0.000133238660011 0.0449116255725 0.0289237322073 0.00693895620303 0.466291037473 0.0434280882977 0.01714992721 0.0052856698284 0.0641534251507 0.0271325057346 0.00874369887395 0.0286324709833 0.0246150857365 -0.0111878869575 0.0158260532274 0.0188593725184 0.00727118669611 0.0247403342488 0.018015306206 0.0345056078577 0.0396860337211 0.0463345850775 0.0127475971151 0.0191302643751 0.0431668202529 0.027523407377 0.0216441563822 8.19025248246e-05 0.0128783698683 0.0658427842852 0.041375553747 0.0133773377671 0.0192847639595 0.0260308177904 0.0206513762883 0.0293633611817 0.0428961934684 0.0221022183737 0.0328884125304 0.0260307345467 0.0400507345365 0.0178931654792 0.00767905090013 
0.0176584463251 0.0118916894884 0.0137355503089 0.051929807093 0.0283629882452 0.0319937254563 -0.0120762376127 0.00241738230467 0.00338481050956 0.0156793836137 0.0144534765594 0.0434280882977 0.219218182066 0.0342412410252 0.0217896473277 0.0275183495576 0.00941291534247 0.00932115814045 0.0176128617517 0.0120447932999 0.0343883459879 0.0115396847031 0.000718852091559 0.0249874386624 0.0195638603998 0.0210558360743 0.0145964476266 0.00828991018662 0.011713610075 0.014763957746 0.0109509412966 0.0188644412001 -0.00370725022541 0.0136794647305 -0.000545389000897 0.0134625448202 0.0311687688924 0.0215582346664 0.0126873314066 -0.00429793313468 0.00979076278762 0.0139873565556 0.0148971925941 0.0144709210236 0.0187356530477 0.0172581999199 0.0209999910324 0.0142449065065 0.00925321989683 0.0150012220663 
0.0358356349449 0.0379710310016 0.014918837108 0.0251258632644 0.0336793964302 0.0392331743582 0.00959483937725 0.00620565037726 0.0339721328589 0.0196495875539 0.0271258344021 0.01714992721 0.0342412410252 0.268660917109 0.0144683437923 0.0274806576136 0.0160566074854 0.0195953745903 0.0219961223542 0.0431097238227 0.0198144272493 0.00229304997818 0.00363643879611 0.0123031453229 0.0349031754321 0.0161696761161 0.0334141515424 0.0248887940733 0.0165592615417 0.0213050025099 0.0190634960709 0.00482924589402 -6.9901110685e-05 0.0367199837972 0.00202119708132 0.0155900088082 0.0196704594658 0.0313921277349 0.0175365975481 0.00526444229869 0.0189520626541 0.0207680610585 0.0392713556667 0.0174005252847 0.0270333488235 0.0264570572453 0.0294465135293 0.0188004788636 0.0238645241713 0.00352900891981 
0.0137827663668 0.0482003898504 0.0182722112955 -0.00198267194196 0.0320611287951 0.0141786160496 0.0126268525835 0.0262046757648 0.00283548932794 0.00990899347188 -0.0260305371627 0.0052856698284 0.0217896473277 0.0144683437923 0.819691461439 -0.00135483903088 0.0091952777198 0.0231632375456 0.0479136647652 0.00287227915495 0.0125586416373 -0.0124826235904 0.0138929430834 0.0179031701069 0.033202956464 -0.000726226184151 0.0286433411784 0.0215869251135 0.0229937376432 0.015750394384 0.0121492546791 0.0240291053233 0.118306342365 0.0113830820466 0.0113539618094 -0.00319757439858 -0.00271767274363 0.0303737547135 0.0212168542117 0.0153651003752 0.00115127673923 0.000615747541706 0.0295524765151 0.0205184364507 0.020293624978 0.00366037619492 0.00484578179311 0.00658177950527 0.0263637670492 0.0118707648833 
0.0235832050145 0.0112286889944 0.036665093517 0.0246272202951 0.0240380795717 0.0363152618363 0.0228426844736 0.0106940247095 0.0366870139057 0.0181945817277 0.00621353412955 0.0641534251507 0.0275183495576 0.0274806576136 -0.00135483903088 0.21467162547 0.0101292346431 0.0138350174296 0.00536740950779 0.0156202313163 0.0199117266606 0.0126362463411 0.0076759755458 0.00905487772791 -0.0047348033506 0.0218452591404 0.0179596682881 0.0168269134221 0.0220786551076 0.00828297347546 0.0124646270138 0.0343926674579 0.0207802848541 0.0322738396904 0.00709267806093 0.013045051493 0.049834069632 0.0203807708046 0.0126319572709 0.0191571912073 0.0149651871656 0.00853590389653 0.0159252830214 0.016459322637 0.0122604689362 0.0208673096204 0.0187161648584 0.0273930003742 0.022934061062 0.0211787875309 
0.0166224513786 0.013633768548 0.00609046741885 0.024475865728 0.00388170800876 0.0228730894539 -0.00171259910477 0.0171280741298 0.00781576962925 0.0449643960907 0.0105063014882 0.0271325057346 0.00941291534247 0.0160566074854 0.0091952777198 0.0101292346431 0.163568115934 0.0183853542412 0.0162583896552 0.0126060799183 0.0147466096221 0.00688378728049 0.019094982983 -0.00247517950509 0.0176723904266 0.0332617352938 0.0385319310923 0.0288911260895 0.012794168127 0.0363756307069 0.011931594599 0.0118639878424 0.00443848904435 0.0109248034284 0.00437981693264 -0.00269315332913 0.0112234155551 0.00543756747351 0.0151623283294 0.0123958674138 0.00960856257888 0.0359909555347 0.0265711336069 0.0154881735229 0.00748986359407 0.0110469322886 0.00704074955451 0.0328366099751 0.0180798195939 0.0251522986309 
0.0192987367486 0.0224750233813 0.0111524397068 0.0123721307515 0.0180746188313 0.0191079997836 0.00330273683856 0.0140782999236 -0.0014084671072 0.031620036858 0.0161586046731 0.00874369887395 0.00932115814045 0.0195953745903 0.0231632375456 0.0138350174296 0.0183853542412 0.151524114999 0.0183305996136 0.0060984302112 0.0175203167868 0.000382016372585 0.0184584174116 -0.00717253538388 0.00699635699189 0.0139099999221 0.0254510617291 0.0214629355778 0.00889219404866 0.0152664889735 0.0219790021029 0.0143397050221 0.0103957068961 0.0234847555194 0.0125722644514 0.0130942189579 0.0149358276655 0.0228331027794 0.0208200407042 0.0074197513003 0.00796210167638 0.0187945401665 0.0107062330463 0.0178601134872 0.0176115613229 0.00848527889758 0.00515236694497 0.0190573297523 0.013320339046 0.00697584799834 
0.00658186960409 0.00814595352115 0.0183801324399 0.0124590674418 0.0129237760171 0.00609228464315 0.00669439885757 0.0107041871375 0.0137308171797 -0.0016664876066 0.0193527889654 0.0286324709833 0.0176128617517 0.0219961223542 0.0479136647652 0.00536740950779 0.0162583896552 0.0183305996136 0.299661091675 0.0296819448854 0.00340802680804 0.00386915504632 0.00189540977571 -0.000963301063365 0.0266880519867 -0.00170424785475 0.0358767794231 0.0253676346942 0.0313990547749 0.0135856478346 0.0468036672549 0.0011468924239 0.0194577611403 0.036594594313 0.00206302076706 0.00363755469917 0.0187221203784 0.0196770335372 0.0133552541351 0.0108692520735 -0.00770509148615 4.05132525654e-05 0.00700382644312 0.0201358585853 -0.00388245374727 0.00484495529455 0.011544007042 0.0109787451533 0.0238327516289 0.00677249198753 
0.00838540482445 0.0070502728804 0.00380677673804 0.0219161495695 -0.000433408889231 0.0229268092785 0.00768989073997 -0.00730982214885 0.0217996725483 0.0325703519059 0.00560027560717 0.0246150857365 0.0120447932999 0.0431097238227 0.00287227915495 0.0156202313163 0.0126060799183 0.0060984302112 0.0296819448854 0.401368868719 0.014725033377 0.0103180081507 0.00670281674063 0.0102010971583 0.0302092519315 0.000476939280038 0.00989882765754 0.0279451567375 0.0141063964305 0.0140306910404 0.0136437666116 0.0103821775591 0.00742039596117 0.0115715830943 0.0100739806414 0.00547143921835 0.0253136697655 0.0223446845988 0.0094338115819 -0.000567774293546 0.0187703282378 0.00970908153158 0.0189067621107 0.0150212785783 0.0130503706697 0.00341794666103 0.0259355008381 0.017162041442 0.0153631775199 0.0119539511379 
0.0097645863672 0.0110779092611 0.00475221032655 0.0311296382717 0.00947122125263 0.00227858873818 0.00974350946548 0.012781415716 0.00999131356614 0.0171608734664 0.0302608211563 -0.0111878869575 0.0343883459879 0.0198144272493 0.0125586416373 0.0199117266606 0.0147466096221 0.0175203167868 0.00340802680804 0.014725033377 0.290511150378 -0.00470259396157 0.000178839402003 -0.00340081826872 -0.00159917394203 0.0132523116216 0.0240603671012 0.00194258284191 0.00970435938357 0.0139114896616 0.0128738173974 0.0165992383898 0.0301120603769 0.0134388803 0.0234087839246 -0.00593002207322 0.0187187792523 -0.0111656795899 0.00247558355976 0.000910755110602 0.018110600924 0.022085344426 0.0283731993856 0.0103678100559 0.00732646087379 0.0156029347397 -0.00451942045982 0.00743069677093 0.0125393429847 0.00802303951809 
0.0213733491006 0.0206863580062 0.187628502001 0.0149585876761 0.0297466141584 0.0256590117381 0.016776324689 0.0261239778211 0.0193950377995 0.00164937649006 0.00393134875397 0.0158260532274 0.0115396847031 0.00229304997818 -0.0124826235904 0.0126362463411 0.00688378728049 0.000382016372585 0.00386915504632 0.0103180081507 -0.00470259396157 0.593120700767 0.0221423983915 0.00609953510959 -0.0202897091507 0.0349582840346 0.0121074487329 0.000902072685913 -0.0108710616337 -0.0095279281628 0.0259314042265 0.0087573149533 0.0400779684092 0.0153367270068 -0.00907970033605 0.00556577449748 0.0750548625075 0.0206098409971 0.00527174570782 0.032184204777 0.0140777567648 -0.00785520655086 -0.00980037800474 0.00443373963271 -0.00105824289552 0.0644420951443 0.040770036642 0.0372323414712 0.00192609773959 0.0443076143902 
0.0158802988227 0.0115810946971 0.0225451319601 0.0136956740352 0.000644024231166 0.017442901261 0.0100422721993 0.0438325980955 -0.00738429664383 0.0302453803724 0.0151382607898 0.0188593725184 0.000718852091558 0.00363643879611 0.0138929430834 0.0076759755458 0.019094982983 0.0184584174116 0.00189540977571 0.00670281674063 0.000178839402002 0.0221423983915 0.182344326725 0.00639120637281 -0.00158457055604 0.00168779056693 0.0249446739216 0.0105623262391 -0.00242477771938 0.0125067911935 0.00148437670325 -0.0031451870633 0.0473539330286 0.00778327946661 0.00805968386198 0.00810817709591 0.0123608159519 0.0113277179297 0.0130823773067 0.0220945544061 0.00753388479109 0.013469281971 0.00792383739336 0.00817021504504 0.00732436973146 0.0155642573501 0.00885954233778 0.0180504780305 0.00861255090922 0.0397344202074 
0.015431752219 0.00672765259061 0.0227055860185 0.0104574480953 0.0147916483614 0.0203013155738 0.0149069024578 0.0082674158559 0.0011407108333 0.000876954394934 -0.00734360382552 0.00727118669611 0.0249874386624 0.0123031453229 0.0179031701069 0.00905487772791 -0.00247517950509 -0.00717253538388 -0.000963301063364 0.0102010971583 -0.00340081826872 0.00609953510959 0.00639120637281 0.926697902183 0.0120775800564 -0.00103983969719 -3.31238890192e-05 0.0106812142316 0.0189673594022 0.00747080560507 0.0149858315277 -0.00693779665739 0.0100052018629 0.0294816674797 0.00302578044869 0.00109003996555 0.0239053520218 0.0304685035387 0.00421336055826 0.00673992381344 -0.00274661842744 0.00548947502293 0.00415297512497 0.0151742534033 0.00174784407649 0.00928377800251 0.00887922021496 0.0149097998485 0.021170844038 0.0137583703546 
0.0149257380692 0.0095033182082 -0.0236566168116 0.00939430787751 0.00294140100916 0.00735478967291 0.00477891049891 -0.00340995267425 -0.00278864988073 0.0135144902766 0.00364052062919 0.0247403342488 0.0195638603998 0.0349031754321 0.033202956464 -0.0047348033506 0.0176723904266 0.00699635699189 0.0266880519867 0.0302092519315 -0.00159917394203 -0.0202897091507 -0.00158457055604 0.0120775800564 0.278507168089 0.0254872055857 0.0119390398663 0.0145703466505 0.010331541106 0.011291179333 0.0118152235551 0.0232293562486 -0.00427296636037 8.34390623126e-05 -0.00697938335338 0.00800209705725 0.000800714592952 0.0226124179324 0.0118574802515 0.0483398450816 0.00690187397644 0.0135790978044 0.0100997055183 0.0281769990155 0.0181880976169 0.00799336784122 0.0221038741542 0.0122895999084 0.024541677705 -0.00955421905775 
0.0134339939586 0.0244338998892 0.0210681631207 0.0240377939203 -0.000582381308309 0.0268229170021 0.00867408766776 0.0125830273243 0.00342453247146 0.000526058527522 0.0340590907617 0.018015306206 0.0210558360743 0.0161696761161 -0.000726226184151 0.0218452591404 0.0332617352938 0.0139099999221 -0.00170424785475 0.000476939280037 0.0132523116216 0.0349582840346 0.00168779056693 -0.00103983969719 0.0254872055857 0.319255355957 0.0262371182666 0.0238875111804 0.038651777671 0.01385424782 0.00792534536822 0.0196229382158 0.0110407591704 0.0102082845881 -1.99205457516e-05 0.00541056949531 0.0710121352387 0.0159368950796 2.25095784787e-05 0.0120734732182 0.0264198072929 0.00853205189161 0.0555871868079 0.0194719527797 0.0201380130917 0.0198072334093 0.0112631108742 0.0255068486931 0.00891974085942 0.00288178073651 
0.0295384433548 0.0318763846423 0.0130084320993 0.0071686277124 0.010205242825 0.0251841392281 0.0138079369894 0.00229149195075 -0.00906654944963 0.0373095880492 0.0203303044987 0.0345056078577 0.0145964476266 0.0334141515424 0.0286433411784 0.0179596682881 0.0385319310923 0.0254510617291 0.0358767794231 0.00989882765754 0.0240603671012 0.0121074487329 0.0249446739216 -3.31238890195e-05 0.0119390398663 0.0262371182666 0.291578299116 0.0193773760258 0.0256868688154 0.0450622694896 0.0129794491547 0.0215997690572 0.0346367553602 0.0168996726166 0.000703853940717 0.0149350745511 0.00983036946325 0.0065357642008 0.0152542326211 0.0210914030142 0.0137061098778 0.0351722039033 0.0101596855166 0.0268931065546 -0.00562189867771 0.00853493424247 0.00980089931056 0.0345732558986 0.0100275756571 0.0191287688734 
0.0316170668534 0.00902731206464 0.0294384638704 0.030710242802 -0.00471131369002 0.0364425834802 0.0249072889478 0.0122656349628 0.00894113872231 -0.0186127840605 0.0443465833826 0.0396860337211 0.00828991018662 0.0248887940733 0.0215869251135 0.0168269134221 0.0288911260895 0.0214629355778 0.0253676346942 0.0279451567375 0.00194258284191 0.000902072685914 0.0105623262391 0.0106812142316 0.0145703466505 0.0238875111804 0.0193773760258 0.647341815932 0.0106876448895 0.0165339635261 0.0178599150505 0.00470458231802 -6.78883891119e-05 -0.0131192633638 0.0245884606063 0.00987548469244 0.0022605707276 0.00316072257255 0.0165783662925 0.017806119272 0.0173418289376 0.0316233047315 0.0394646368392 0.0162810561971 0.0238231778614 -0.00235773987314 0.0228029874611 0.0302450304936 0.00744565732444 0.0205906169201 
0.000550205637776 0.0264815223923 0.0382496364406 0.0079077955886 0.054504876314 0.0352082880872 0.0313395601397 -0.00428419823983 0.00971204300165 0.0317618983428 -0.010136348108 0.0463345850775 0.011713610075 0.0165592615417 0.0229937376432 0.0220786551076 0.012794168127 0.00889219404866 0.0313990547749 0.0141063964305 0.00970435938357 -0.0108710616337 -0.00242477771938 0.0189673594022 0.010331541106 0.038651777671 0.0256868688154 0.0106876448895 0.464369849813 0.0174699972022 0.0272624357704 0.07066971335 0.00107332003438 0.10701574683 0.00789810101762 -0.00736165491288 0.0235812693901 0.0275289655783 0.0230207002799 0.0177863510615 -0.00517465172609 0.00556066766256 0.0127923142599 0.0163594617977 -0.00103750262197 0.0174141657342 0.0323006476262 0.00986623827601 0.0288584888455 0.0106697088738 
0.0144678483184 0.0118571802443 0.00869618170713 0.019669361013 0.00994068825329 0.0233369074345 0.0187832972587 0.00930076866244 0.00651447138077 0.0198297998556 0.0319660089889 0.0127475971151 0.014763957746 0.0213050025099 0.015750394384 0.00828297347546 0.0363756307069 0.0152664889735 0.0135856478346 0.0140306910404 0.0139114896616 -0.0095279281628 0.0125067911935 0.00747080560507 0.011291179333 0.01385424782 0.0450622694896 0.0165339635261 0.0174699972022 0.265299212244 0.00670858029388 0.000142643692587 0.0140466726958 0.009522664787 0.00644430583572 0.0133341553437 0.00581022350002 0.0174935297484 0.00616440821975 0.010850022217 0.0144608272979 0.0228111781029 0.0262378960674 0.0311748022788 0.00880428373295 0.0236331381586 0.01233572829 0.0198279967003 0.00852854712369 0.0161490019551 
0.0102758747284 0.00582095539852 0.041051260361 0.0140137464335 0.0202878094468 0.00273701082446 0.0257225681651 0.0127520438517 -0.0049742328764 0.0383528125917 0.0388551686306 0.0191302643751 0.0109509412966 0.0190634960709 0.0121492546791 0.0124646270138 0.011931594599 0.0219790021029 0.0468036672549 0.0136437666116 0.0128738173974 0.0259314042265 0.00148437670325 0.0149858315277 0.0118152235551 0.00792534536822 0.0129794491547 0.0178599150505 0.0272624357704 0.00670858029388 0.334263313802 0.00615213048714 -0.00153924362769 -0.00618952884193 0.00559927830056 0.00142436234014 0.0365306004672 0.00921231612402 0.018222246086 0.00978775321359 0.00961688288652 -0.00269068957169 0.0141683994569 0.00699663416872 0.00880805324913 0.0124827402744 0.00911187624442 -0.00283530709666 0.00157571301138 -0.00549521556676 
0.0142824998377 -0.00816235820361 0.0228633693715 0.0299556463784 0.0108093862657 0.0425091066193 -0.0117287013171 0.00504354311406 -0.011137281871 0.0176810069943 9.88972175241e-05 0.0431668202529 0.0188644412001 0.00482924589402 0.0240291053233 0.0343926674579 0.0118639878424 0.0143397050221 0.0011468924239 0.0103821775591 0.0165992383898 0.0087573149533 -0.0031451870633 -0.00693779665739 0.0232293562486 0.0196229382158 0.0215997690572 0.00470458231802 0.07066971335 0.000142643692587 0.00615213048714 0.359604127 0.0110491751143 0.0246065795872 0.00913055480424 0.00289056052165 0.0569882579375 0.0322368440577 0.016488707371 -0.00972573993036 -0.000164704956966 -0.00283328776574 0.00840362787001 0.0564146486059 0.0260132372921 0.0511870270738 0.0371711304073 0.0115397364679 0.0155325809482 0.0137905194203 
0.0223304197241 0.00503880334699 0.0349872480395 -0.00162298641271 -0.00385633026365 0.0157196625756 0.0140179905772 0.0335035474512 0.0127666566527 0.00460867554586 0.0151377363807 0.027523407377 -0.00370725022541 -6.99011106849e-05 0.118306342365 0.0207802848541 0.00443848904435 0.0103957068961 0.0194577611403 0.00742039596117 0.0301120603769 0.0400779684092 0.0473539330286 0.0100052018629 -0.00427296636037 0.0110407591704 0.0346367553602 -6.7888389112e-05 0.00107332003438 0.0140466726958 -0.00153924362769 0.0110491751143 0.342709687503 0.0123866599675 0.0097740892974 0.0172370282071 -0.00199800415184 0.0123558032231 0.0247310520671 0.0378714649047 0.0153898816618 0.00636742681639 0.0247018989178 0.00158018851859 -0.00552568827856 0.010516933478 0.00223213385018 0.00979331004707 0.0047808115088 0.0455485273034 
0.0196964686334 0.0221531766642 0.0300519676462 0.0184095222011 0.0279758223328 0.0334323568055 0.0210218846341 0.00431451822994 0.0190632461801 0.0295827694337 -0.0132220099325 0.0216441563822 0.0136794647305 0.0367199837972 0.0113830820466 0.0322738396904 0.0109248034284 0.0234847555194 0.036594594313 0.0115715830943 0.0134388803 0.0153367270068 0.00778327946661 0.0294816674797 8.34390623129e-05 0.0102082845881 0.0168996726166 -0.0131192633638 0.10701574683 0.009522664787 -0.00618952884193 0.0246065795872 0.0123866599675 0.316946872211 0.00924668762666 0.00148781103865 0.0285075879235 0.0350098412226 0.00694145832423 0.0127840653319 0.00757367908554 0.0100221725915 0.0241436487832 0.0165650424481 -0.00161700856823 0.0112022398216 0.0149931053494 0.0147583917668 0.0320850568166 0.0139625167641 
0.00305878374354 -0.00655129113945 0.0273158223769 0.00129889900084 0.0235949919249 0.0380818643238 0.0091363533069 0.00788023400707 0.00366163337563 0.0101374306866 0.0045258774707 8.19025248247e-05 -0.000545389000897 0.00202119708132 0.0113539618094 0.00709267806093 0.00437981693264 0.0125722644514 0.00206302076706 0.0100739806414 0.0234087839246 -0.00907970033605 0.00805968386198 0.00302578044869 -0.00697938335338 -1.99205457513e-05 0.000703853940717 0.0245884606063 0.00789810101762 0.00644430583572 0.00559927830056 0.00913055480424 0.0097740892974 0.00924668762666 0.223267625276 0.00607280267381 0.0040664432999 0.00372202201525 0.0160182560171 0.0132526969985 0.00522262194135 0.00945663660355 0.0102637027299 0.011684056697 0.00965639542535 0.0189601998199 0.0162579234873 0.025981056281 0.0131654221109 0.0101300531458 
0.00365340130522 0.00827958378678 0.00544317920274 0.00652209366762 0.0137172771434 0.00406904493476 0.00819098571234 0.00389759462194 0.00518386812199 -0.0031406500884 0.0213777591481 0.0128783698683 0.0134625448202 0.0155900088082 -0.00319757439858 0.013045051493 -0.00269315332913 0.0130942189579 0.00363755469917 0.00547143921835 -0.00593002207322 0.00556577449748 0.00810817709591 0.00109003996555 0.00800209705725 0.00541056949531 0.0149350745511 0.00987548469244 -0.00736165491288 0.0133341553437 0.00142436234014 0.00289056052165 0.0172370282071 0.00148781103865 0.00607280267381 0.160135522531 0.0108336420286 -0.0114087279889 0.0184651685485 -0.00452663735268 0.0165236675223 -0.000275931891073 0.00907438937377 0.00875235379018 0.00701239333089 0.0184812149968 0.00097795599973 0.0131380192356 0.00237271840802 0.0055606534557 
0.00742307503181 0.0156071789468 0.108109816166 0.026926780404 0.0103974973588 0.0384221268789 0.0289086761432 0.0237736572898 0.00520700450939 0.0304515523552 0.0283265792538 0.0658427842852 0.0311687688924 0.0196704594658 -0.00271767274363 0.049834069632 0.0112234155551 0.0149358276655 0.0187221203784 0.0253136697655 0.0187187792523 0.0750548625075 0.0123608159519 0.0239053520218 0.000800714592953 0.0710121352387 0.00983036946325 0.0022605707276 0.0235812693901 0.00581022350002 0.0365306004672 0.0569882579375 -0.00199800415184 0.0285075879235 0.0040664432999 0.0108336420286 0.617489820333 0.029551591656 0.00843412494163 0.0273444590981 0.0211590549131 0.00865565174524 0.0205663216625 0.00771294716027 0.00531792487004 0.0390422797902 0.014224356103 0.0140629003206 0.00390918561756 0.0236858325425 
0.0287374564322 0.0427882393697 0.0319502771707 0.0237403204638 0.033573347162 0.0324976564088 -0.0146020802003 0.00426004721792 0.000643320623066 0.0173254432549 0.0239123824612 0.041375553747 0.0215582346664 0.0313921277349 0.0303737547135 0.0203807708046 0.00543756747351 0.0228331027794 0.0196770335372 0.0223446845988 -0.0111656795899 0.0206098409971 0.0113277179297 0.0304685035387 0.0226124179324 0.0159368950796 0.0065357642008 0.00316072257255 0.0275289655783 0.0174935297484 0.00921231612402 0.0322368440577 0.0123558032231 0.0350098412226 0.00372202201525 -0.0114087279889 0.029551591656 0.386188509935 0.00654248499153 0.0234328030509 -0.00726044649838 0.019651235415 0.020936052924 0.00991751763493 0.00105433031976 0.0129633957261 0.0253460828022 0.0192996917248 0.0124262239243 0.0156964857792 
0.0204637561229 0.0117085836042 -0.0133822148391 0.0120711289942 0.0140299536821 0.0174595237727 0.0103605834811 0.00139923918163 -0.000840515537148 0.00783584020001 0.0131353028998 0.0133773377671 0.0126873314066 0.0175365975481 0.0212168542117 0.0126319572709 0.0151623283294 0.0208200407042 0.0133552541351 0.0094338115819 0.00247558355976 0.00527174570782 0.0130823773067 0.00421336055826 0.0118574802515 2.25095784788e-05 0.0152542326211 0.0165783662925 0.0230207002799 0.00616440821975 0.018222246086 0.016488707371 0.0247310520671 0.00694145832423 0.0160182560171 0.0184651685485 0.00843412494163 0.00654248499153 0.176320516919 0.0224600979133 0.00781226350929 0.0102215629326 0.00655206227262 -0.000712945039022 0.0115519764858 0.0167144542915 0.0080122361383 0.017893421287 0.00211471532864 0.00717365006661 
0.0173033267035 0.0270686025127 0.0375925905306 0.00392637910961 0.00969151889362 0.0176279916256 0.0242599363997 0.0222541733574 0.00213692922837 0.0168509327239 0.00944070758688 0.0192847639595 -0.00429793313468 0.00526444229869 0.0153651003752 0.0191571912073 0.0123958674138 0.0074197513003 0.0108692520735 -0.000567774293547 0.000910755110602 0.032184204777 0.0220945544061 0.00673992381344 0.0483398450816 0.0120734732182 0.0210914030142 0.017806119272 0.0177863510615 0.010850022217 0.00978775321359 -0.00972573993036 0.0378714649047 0.0127840653319 0.0132526969985 -0.00452663735268 0.0273444590981 0.0234328030509 0.0224600979133 0.321527140571 -0.00399087979895 0.0109631884904 0.00497842075718 0.00473083659244 0.0294516934714 0.0124134641459 0.00329615556227 0.0162024467342 0.0164325566244 0.0386784341362 
0.00347045504355 0.00715116602225 0.00448980070154 0.0200474342583 0.00293332868941 -0.00917539644195 -0.00140101073453 0.00887004621633 0.00219295438351 0.00318365238621 0.00151095612543 0.0260308177904 0.00979076278762 0.0189520626541 0.00115127673923 0.0149651871656 0.00960856257888 0.00796210167638 -0.00770509148615 0.0187703282378 0.018110600924 0.0140777567648 0.00753388479109 -0.00274661842744 0.00690187397644 0.0264198072929 0.0137061098778 0.0173418289376 -0.00517465172609 0.0144608272979 0.00961688288652 -0.000164704956965 0.0153898816618 0.00757367908554 0.00522262194135 0.0165236675223 0.0211590549131 -0.00726044649838 0.00781226350929 -0.00399087979895 0.209479487282 0.00604713023578 0.00674811499484 0.00829965291015 0.020150093938 -0.00238894093448 0.00357456339856 0.0166840770781 -0.000192522746689 -0.00600666936218 
0.0219695902727 0.0265211360008 -7.64821432289e-06 0.0133380259389 0.00927566682982 0.0169849539358 0.00306074582085 0.0109757379104 0.00606156705066 0.0223676313962 0.0248119408194 0.0206513762883 0.0139873565556 0.0207680610585 0.000615747541706 0.00853590389653 0.0359909555347 0.0187945401665 4.05132525651e-05 0.00970908153158 0.022085344426 -0.00785520655086 0.013469281971 0.00548947502293 0.0135790978044 0.00853205189161 0.0351722039033 0.0316233047315 0.00556066766256 0.0228111781029 -0.00269068957169 -0.00283328776574 0.00636742681639 0.0100221725915 0.00945663660355 -0.000275931891075 0.00865565174524 0.019651235415 0.0102215629326 0.0109631884904 0.00604713023577 0.140480480659 0.00961460779585 0.00403216923917 0.00812760378972 0.00731660840773 0.00680766038793 0.0221564586481 0.00961116648077 0.0132169928134 
0.0280658596312 0.0295494940833 0.0118020378859 0.0355440500116 0.0210798398585 0.0202721695865 0.0320687208011 -0.00298733751503 0.0109516299936 -0.00307844758136 0.0196642339924 0.0293633611817 0.0148971925941 0.0392713556667 0.0295524765151 0.0159252830214 0.0265711336069 0.0107062330463 0.00700382644312 0.0189067621107 0.0283731993856 -0.00980037800474 0.00792383739336 0.00415297512497 0.0100997055183 0.0555871868079 0.0101596855166 0.0394646368392 0.0127923142599 0.0262378960674 0.0141683994569 0.00840362787001 0.0247018989178 0.0241436487832 0.0102637027299 0.00907438937377 0.0205663216625 0.020936052924 0.00655206227262 0.00497842075718 0.00674811499484 0.00961460779585 0.60917461214 0.0170793398715 0.0234160212265 0.0227610303191 0.0132472734352 0.0285986059962 0.0108453255204 0.0126862304353 
0.0177006094121 0.0225354457145 0.0138874617729 0.0186362217545 0.00231137111465 0.038213536578 -0.0122191886748 0.00342175579603 0.00217685407699 0.0145349957265 0.00831210432309 0.0428961934684 0.0144709210236 0.0174005252847 0.0205184364507 0.016459322637 0.0154881735229 0.0178601134872 0.0201358585853 0.0150212785783 0.0103678100559 0.00443373963271 0.00817021504504 0.0151742534033 0.0281769990155 0.0194719527797 0.0268931065546 0.0162810561971 0.0163594617977 0.0311748022788 0.00699663416872 0.0564146486059 0.00158018851859 0.0165650424481 0.011684056697 0.00875235379018 0.00771294716027 0.00991751763493 -0.000712945039023 0.00473083659244 0.00829965291015 0.00403216923917 0.0170793398715 0.198158625837 0.0182186259738 0.0226970462876 0.0211812498188 0.0196584038257 0.0229037225373 0.00803604596567 
0.0160200981498 0.0177831096428 -0.00317809354527 0.0202649119194 0.00996432264184 0.0181546736706 0.00918392677603 0.0150417444256 0.0375569121165 0.0234066356552 0.0212992280543 0.0221022183738 0.0187356530477 0.0270333488235 0.020293624978 0.0122604689362 0.00748986359407 0.0176115613229 -0.00388245374727 0.0130503706697 0.00732646087379 -0.00105824289552 0.00732436973146 0.00174784407649 0.0181880976169 0.0201380130917 -0.00562189867771 0.0238231778614 -0.00103750262197 0.00880428373295 0.00880805324913 0.0260132372921 -0.00552568827855 -0.00161700856823 0.00965639542535 0.00701239333089 0.00531792487004 0.00105433031976 0.0115519764858 0.0294516934714 0.020150093938 0.00812760378972 0.0234160212265 0.0182186259738 0.461048417647 0.0182144911895 0.00463296451098 0.0210826642505 0.00295019537641 0.0186770428692 
0.0109668344277 0.0352446948207 0.0342908297762 0.0200281849326 0.0044209185907 0.0428218648363 0.0241922434725 0.00316333172161 0.00600310327865 0.0154069819832 0.00525426105248 0.0328884125304 0.0172581999199 0.0264570572453 0.00366037619492 0.0208673096204 0.0110469322886 0.00848527889758 0.00484495529456 0.00341794666103 0.0156029347397 0.0644420951443 0.0155642573501 0.00928377800251 0.00799336784122 0.0198072334093 0.00853493424247 -0.00235773987314 0.0174141657342 0.0236331381586 0.0124827402744 0.0511870270738 0.010516933478 0.0112022398216 0.0189601998199 0.0184812149968 0.0390422797902 0.0129633957261 0.0167144542915 0.0124134641459 -0.00238894093448 0.00731660840773 0.0227610303191 0.0226970462876 0.0182144911895 0.342691880816 0.0549462023005 0.023177279315 0.030189513745 0.0143672503951 
0.00782049562584 0.038254598671 0.0243472481577 0.0204906094888 0.0192571700642 0.0289175315311 0.00515138767863 -0.00302326322896 0.0138862439136 0.0218277835644 0.0135717875907 0.0260307345467 0.0209999910324 0.0294465135293 0.00484578179311 0.0187161648584 0.00704074955451 0.00515236694497 0.011544007042 0.0259355008381 -0.00451942045982 0.040770036642 0.00885954233778 0.00887922021496 0.0221038741542 0.0112631108742 0.00980089931056 0.0228029874611 0.0323006476262 0.01233572829 0.00911187624443 0.0371711304073 0.00223213385018 0.0149931053494 0.0162579234873 0.00097795599973 0.014224356103 0.0253460828022 0.0080122361383 0.00329615556227 0.00357456339856 0.00680766038793 0.0132472734352 0.0211812498188 0.00463296451098 0.0549462023005 0.26736024539 0.0303695781704 0.0252154389037 0.0102990818188 
