50
0.0307440439862 0.0304536481296 0.275379497042 0.0426672552596 0.0115927538848 0.0275926739743 0.110625092132 0.0123991351417 0.102128665084 0.114457978761 0.0820701074714 0.044891801276 0.0502759777883 0.0773240107923 0.0621529110589 0.162626926374 0.153319254475 0.126958151155 0.0151091702759 0.0255121646837 0.00873698993333 0.0406155741598 0.0388313797841 0.0482651065397 0.242072249725 0.0764707668379 0.188050706821 0.0952881581377 0.015652967587 0.0131635076039 0.0535662105727 0.0271794955288 0.0297209295042 0.0146510565804 0.142835786571 0.0933125666969 0.0623593213805 0.106366385329 0.0878126089614 0.0698927007 0.079223051944 0.0629738483482 0.0161403943775 0.0296866664977 0.0122123060087 0.0682562642732 0.0589662330248 0.0188066159349 0.039859092222 0.0522861094618 
0.225850111857 0.030279664667 -0.00822795884022 0.0360124924165 0.0221074076696 0.00789991912205 0.0333784840514 0.014017303176 0.00826869550538 0.0254934924363 0.0182751291941 0.0201094442966 0.037211809509 0.0357939691363 0.0173856336681 0.00355398984776 0.0337759673242 0.0165735649885 0.0148164225225 0.0216522166845 0.0243961693929 0.0471568197164 0.0118846328212 0.0136319531218 0.0359254484886 0.0241721891446 0.0161463012286 0.0403229990352 0.0169981846991 0.0239446918684 0.0547106248702 0.0126123518738 0.012217914379 0.0157155750544 0.00340532921012 0.00416008421377 0.0131307117586 0.0148800406334 0.00971191887762 0.0222755582296 0.0137666607986 0.0136238290408 0.0208481365266 0.0342930124573 0.0248268269814 0.0100098591907 0.0131323250812 0.0191746845793 0.0174571012128 0.0259616582785 
0.030279664667 0.207923200311 0.0120798759811 0.0275776594873 0.0152630592944 0.019124836979 0.0253120113546 0.0277483104026 0.0116930664021 0.00391375030931 0.0220061073337 0.019461072931 0.0306970520437 0.0355935855984 0.0118286413368 0.00174627774588 0.0412809032498 0.00189711503685 0.0201144983198 0.0265777736128 0.0171525915563 0.0338899296153 0.0127293053684 0.00859187708073 0.0240817046626 0.0336590178747 0.0226611771793 0.0465044420292 0.0183062368851 0.0317615511803 0.0375359321901 0.010797282677 0.00963308926664 0.0169405150282 5.11530518472e-06 0.0186053465747 0.0175018598272 0.0125028001393 0.025906011805 0.00964729804871 0.00677283419838 0.00784351396993 0.0104960444321 0.031649380151 0.00336325174949 0.0118056688669 0.0119951009687 0.00540485527445 0.0149881382328 0.0263083502993 
-0.00822795884022 0.0120798759811 4.09442456385 -0.00125451939999 0.00279383544648 0.00224049066962 -0.00899962585349 -0.00595760888428 -0.0114441591095 -0.0231286409996 -0.0347907045269 -0.0143199055254 0.00388319983251 0.0123310987636 0.0237159495372 0.0086279680423 -0.00164841553669 -0.00202831768702 -0.00701650781729 -0.00548174646428 -0.00192935231496 -0.00108587516247 0.0107325356327 -0.0119677840071 -0.0249839210829 -0.0170854524996 -0.0261980940102 0.0101179682685 -0.00859971133265 0.0163612815483 -0.00589457384428 0.00594144010496 0.0126505392361 -0.00198718466785 0.00204918366545 -0.0138136578744 -0.0152804616962 -0.0110551494606 -0.0246008325177 -0.0127534737092 -0.0579447560713 -0.0137182841112 0.0018414498893 -0.00687249724867 -0.0195790575168 -0.0144280085417 0.000673320615043 -0.010816993408 -0.00758401590674 -0.0164764950682 
0.0360124924165 0.0275776594873 -0.00125451939999 0.181235060181 0.00765157999583 0.0077054220789 0.0038716487009 0.0105162860212 0.00324517565648 0.00782417908996 0.00383485633091 0.0192648779333 0.020864422228 0.0302548372902 0.00943440336462 -0.000269571888401 0.0123242682032 0.0218874618501 0.00699070416761 0.00841698813487 0.00957029351941 0.0716280464638 0.0134969880826 0.0109031077722 0.0411043718356 0.0175689239682 0.0172135091413 0.0551519343338 0.0119205300374 0.0279342849886 0.0735890935324 0.00784584548501 0.00964230667383 0.0175069499478 0.0369986919258 0.00764747463945 0.0171720248808 0.00465294603781 0.00185072882107 0.0188028071543 0.0203871600268 0.00233187408023 0.0121451596907 0.0270951773355 0.0191875894062 0.00894571103875 0.0178423770924 0.00949225031628 0.0119787318202 0.014261969672 
0.0221074076696 0.0152630592944 0.00279383544648 0.00765157999583 0.139531778837 0.000974617709464 0.0128766405248 0.00465050325464 0.0309570234236 0.00227817374953 0.0118487497916 0.0187445153439 0.00983868684632 0.0209305458388 0.0108457812679 0.00999375195721 0.0107235048943 0.0180884727484 0.00799919419031 0.010155806624 0.0137498905273 0.0189873139341 0.00546785410996 0.0249628173891 0.0156540939845 0.0123431218948 0.0157930060247 0.00722340686423 0.00884874142239 0.0140214106033 0.0122371659526 0.0067159061339 0.000636037324192 0.0139735843491 0.0196685116689 -0.000397418100683 0.00368067198593 0.0125609055922 0.00945819987631 0.00743941805054 0.0197202956313 0.00743268136091 0.015490860435 0.0149194171316 0.00538656029941 0.00558819793976 0.019539385713 0.0188092132048 0.0172714722486 0.0215146216864 
0.00789991912205 0.019124836979 0.00224049066962 0.0077054220789 0.000974617709463 0.368031239941 0.007029697125 -0.00115064974671 0.00197386769479 -0.0140103509398 0.00993014118504 0.0104916043039 -0.00401261174019 0.0095947953948 0.00920607096492 0.00532874910295 0.0144160910536 0.0155874150326 0.019651370459 0.00615062526956 0.00336125867741 0.00229584438291 0.00710216807911 0.0157507524949 0.0109087446902 0.00369874849204 0.0165113675586 0.0137945250895 0.0064438583621 0.000968934456102 0.0102119246135 -0.0109225512241 0.0114764571074 0.00703579862295 -0.0176368909476 -0.00291670108416 -0.000497311536439 -0.0032067074517 0.0270962683239 -0.00677223679052 0.0188676904021 -0.00906267399285 0.0074468478444 0.0152162957811 0.0178440820487 0.0019054113922 0.00522074172808 -0.00715340081683 0.00465412556776 0.00410142780662 
0.0333784840514 0.0253120113546 -0.00899962585349 0.0038716487009 0.0128766405248 0.007029697125 0.572713565003 0.006480106374 0.0327188571398 0.0116846423221 0.0236354523679 0.0307884206235 0.0213068517646 0.0418152617075 0.0371330251188 -0.000359690938768 0.0434285798932 0.00933918247048 0.00550381102272 0.021436202717 0.0107746861461 0.00742176598957 0.0158089013174 0.0246382832454 0.0416301082127 0.0282688400843 0.039633075315 0.0394573893691 0.0474208076426 0.00587246102841 0.0230930517152 -0.000880227162013 0.0182388205267 0.00537011570006 0.028041969759 0.053361867807 0.0423648388954 -0.00248269963163 0.0415798744264 0.0125756076504 0.0243679599534 0.0352337793617 -0.00331370482385 0.0233722631239 0.0117441890026 0.0211639675329 0.0253110099722 0.0236098886884 0.017748195031 0.0254150343509 
0.014017303176 0.0277483104026 -0.00595760888428 0.0105162860212 0.00465050325464 -0.00115064974671 0.006480106374 0.180734997427 0.00125005705825 0.00821436348758 0.00941418164076 0.0177159657952 0.017662278951 0.00915151013123 0.00111157775099 0.0139901208953 0.00584211326069 0.00812241581237 0.00881036012556 0.0114399535673 0.00321490280583 0.00810857606919 0.00804794267655 0.0294835480609 0.0131715242757 0.00611841809671 0.065668863432 0.0088565631672 0.00708242889169 0.0172534316168 0.0140883759831 0.0108841535966 0.00553932278165 0.0173692731206 0.015639185359 0.00599994077208 0.019977029089 0.00504595769433 0.0193927915638 0.00104750863182 0.0111395901491 0.0134996997369 0.0102373647857 0.0267204321672 -0.000916849449803 0.00744165859814 1.46663463105e-05 0.0132903856661 0.0122738227128 0.00544363826993 
0.00826869550538 0.0116930664021 -0.0114441591095 0.00324517565648 0.0309570234236 0.00197386769479 0.0327188571398 0.00125005705825 0.678680331417 0.0130824012334 0.0200218691799 0.0174886388298 0.00745691160867 0.046559569495 0.0143829633431 -0.00971748293611 0.0366202364766 0.0112065445134 -0.000265026350898 0.00849514140527 -0.00187489318595 0.0197983621856 0.024342767214 0.0289956586025 0.0522156153803 0.0395667572342 0.0242858350527 0.0628260426654 0.0307546994125 0.00662747763472 0.00981300387348 0.0136370965704 -0.00302242327386 0.00418557530217 -0.000342565747707 0.00392640700196 0.0347509162311 0.0336775651542 0.0428532874918 0.0244267893324 0.00752483138567 0.0294395712906 0.00750474792554 0.0181792473575 0.0273437228994 0.0410983808525 0.00857881033353 0.0170673296735 0.0161557859637 0.0114029105572 
0.0254934924363 0.00391375030931 -0.0231286409996 0.00782417908996 0.00227817374953 -0.0140103509398 0.0116846423221 0.00821436348758 0.0130824012334 0.360787562999 -0.00572440762466 0.00238022493439 -0.00707497261175 0.0462590096492 -0.00579758832574 0.0478093621773 -0.000857109171241 0.142009760953 -0.00280667928939 0.00261602035806 0.0029288237123 0.021085476785 -0.00115628145438 0.00977212281927 0.0724872356499 0.0242362549325 0.00708358836466 0.0539889805153 0.0106617767164 0.0210778736138 0.0207427304185 0.00232196377622 -0.00517339825396 -0.0105211393891 -0.0204658531448 -0.0105372565061 0.0220867086437 0.186436688622 -0.0130456446928 0.00470662596972 0.000376849234041 0.11251040372 0.00429573231617 0.0156442555597 0.00792861913569 0.00672614294748 0.00768942653928 0.00482267735626 0.0219591786062 0.0243027569641 
0.0182751291941 0.0220061073337 -0.0347907045269 0.00383485633091 0.0118487497916 0.00993014118504 0.0236354523679 0.00941418164075 0.0200218691799 -0.00572440762466 0.479910797486 0.0150882084132 0.00479914886387 0.0411677917976 0.0442131792383 0.00981579003513 0.029450704244 0.00113548248612 0.00341713752047 0.0053644981552 0.00773653663618 0.0237822068954 0.00796470161985 0.0458108974707 0.031622796338 0.0428906485492 0.012351687156 0.028912301382 0.00395247588174 -0.00418718439324 0.00797972550115 0.0373063899434 0.0102583263355 0.0180356850944 -0.00362815362063 0.00150740284375 0.0150357547953 0.0157424627697 0.0360442971433 0.0394407356962 0.0213751408737 -0.0185242673707 0.0195108701848 0.00881618324527 -0.0122513420054 0.0353482936186 0.00708869302535 0.025775938076 0.0303549246419 0.0497170585428 
0.0201094442966 0.019461072931 -0.0143199055254 0.0192648779333 0.0187445153439 0.0104916043039 0.0307884206235 0.0177159657952 0.0174886388298 0.00238022493439 0.0150882084132 0.322582274121 0.0162071940505 0.0377833339765 0.0330045516914 0.0515526637433 0.0290334170038 0.0458395348377 0.0135720045194 0.0148201330036 0.0192346471112 0.0250893681381 0.0284996700601 0.00247802751203 0.0476071218202 0.0226901319213 0.0190190844708 0.0565066391231 0.0226174305099 0.00454387910953 0.0320628729392 0.0149452527821 0.0581517963526 0.0054452432889 -0.000314384415477 0.0149277417399 0.0260872478745 0.0200421359826 0.0272476747342 0.0104795545862 0.0104869762399 0.0159686606083 0.014573020336 0.010798275799 0.0154864318411 0.0351927511078 0.0157471554698 0.0108263697446 0.023494201032 0.0223539919014 
0.037211809509 0.0306970520437 0.00388319983251 0.020864422228 0.00983868684632 -0.00401261174019 0.0213068517646 0.017662278951 0.00745691160867 -0.00707497261176 0.00479914886387 0.0162071940505 0.263345494716 0.0189395625814 0.0150297270479 0.0298087109947 0.0259644148812 0.0213905770288 -0.000792811658358 0.00818955643633 0.0116582208512 0.0193340142979 -0.0139678771981 0.0101733350849 0.0302543541968 0.0178163794454 0.0176463463037 0.0204215557704 -0.00206031597714 0.0260646423054 0.0268733444045 0.00943372607415 0.0126088701834 0.0029500636749 0.0134999624855 -0.0139807849974 0.0134587263161 0.00533617949559 0.0206118508857 -0.00592627556255 0.0132164332364 0.00826451611946 0.00402706834453 0.0173760606072 0.0166279970978 0.0162746164888 0.0250661643163 0.0231444023315 -0.00218027839676 0.00434149673935 
0.0357939691363 0.0355935855984 0.0123310987636 0.0302548372902 0.0209305458388 0.0095947953948 0.0418152617075 0.00915151013122 0.046559569495 0.0462590096492 0.0411677917976 0.0377833339765 0.0189395625814 0.402582189499 0.0346181701361 0.0111020023493 0.0638061759296 0.0549660688968 0.013060983161 0.0268079036112 0.00327131386299 0.0461912167349 0.0540135080332 0.0202170097865 0.0444492233764 0.0618687252216 0.0315704195047 0.244487576113 0.020444094392 0.00728232063604 0.0354864610123 0.0262365938624 0.0143029502377 0.0141934287058 0.0228989250151 0.00472371348372 0.0397882780146 0.0400931878093 0.0282764008157 0.0355211395906 0.0515149673048 0.0155498712855 0.0103285495183 0.0237867811203 0.0148142842831 0.0307964837361 0.0330175854855 0.0255073010508 0.0613803407137 0.0421168804334 
0.0173856336681 0.0118286413368 0.0237159495372 0.00943440336462 0.0108457812679 0.00920607096492 0.0371330251188 0.00111157775099 0.0143829633431 -0.00579758832574 0.0442131792383 0.0330045516914 0.015029727048 0.0346181701361 0.316416868313 0.000350262565974 0.0252573882105 -0.000568945324572 0.00834500834923 0.0146875412844 0.00627354766236 0.0146567085742 0.0425577262216 0.0192481637797 0.0316750189233 0.0458110133663 -7.18731854071e-05 0.0489702254186 0.0168270367748 -0.00402916061342 0.0198346123769 0.0161272342259 0.00996608694451 0.027429727484 0.0168350570946 -0.0094381565412 0.0080242388792 0.00722696567173 0.0127543006025 0.00879890353376 0.0305320667582 -0.00457784355207 0.00862856985987 0.0116447596263 -0.00119883245194 0.0265018700464 0.0262785793749 0.0375387909459 0.00217202810697 0.0225164935172 
0.00355398984776 0.00174627774588 0.0086279680423 -0.000269571888401 0.00999375195721 0.00532874910295 -0.000359690938768 0.0139901208953 -0.00971748293611 0.0478093621773 0.00981579003513 0.0515526637433 0.0298087109947 0.0111020023493 0.000350262565973 1.12294917824 0.0265049993684 0.0411082157126 0.0163256081242 0.0227468144285 0.0118839137812 0.00158524166071 0.0045267070358 0.00370430751135 0.0332312994812 0.0164006860294 0.00374314802627 -0.00415801247179 0.0101998112685 0.0256131110707 0.0112615214744 0.0121878672194 -0.00862573453662 0.000428275097349 -0.0236825594906 0.0109976263847 0.0533757489961 0.0724824783427 -0.00699145476384 0.0166885836094 0.00782832586602 0.0170457363236 0.0053122041754 0.00498937914916 0.0152180242429 0.0219520826164 0.000245170736489 0.012642732342 0.0220540019833 0.0342582419807 
0.0337759673242 0.0412809032498 -0.00164841553669 0.0123242682032 0.0107235048943 0.0144160910536 0.0434285798932 0.00584211326068 0.0366202364766 -0.000857109171243 0.029450704244 0.0290334170038 0.0259644148812 0.0638061759296 0.0252573882105 0.0265049993684 0.614453181324 -0.00141156007901 0.0160533347576 0.0195428343425 0.00874017339537 0.0212310416703 0.0286413995932 0.0148988578379 0.0846794850503 0.0417339548553 0.0251411882308 0.0534634277237 0.0292249119832 0.0205615712048 0.0332189743478 0.0210482388246 0.00752744264748 0.0243485211535 0.0225353593457 0.0247066278438 0.0437842822252 -0.00360416099796 0.049004970937 0.035064440767 0.0347665276605 -0.00602358762068 0.003163638942 0.0236558816726 0.0192525086826 0.0349757914637 0.02302542298 0.0346815653922 0.035626555756 0.0495370903114 
0.0165735649885 0.00189711503686 -0.00202831768702 0.0218874618501 0.0180884727484 0.0155874150326 0.00933918247048 0.00812241581237 0.0112065445134 0.142009760953 0.00113548248612 0.0458395348377 0.0213905770288 0.0549660688968 -0.00056894532457 0.0411082157126 -0.00141156007901 0.391285506138 0.0113744573144 0.00927291683726 0.00358602034787 0.0314684397839 0.0292940536926 0.00446094161648 0.0688414884823 0.0120709333036 0.00637368530674 0.0583556882501 0.0122441269169 0.0186295616867 0.0254564393712 0.00145078925832 -0.00850663537454 0.002853807482 -0.00587996512391 -0.00784194527544 0.0259478236393 0.122100422205 0.00861531484369 0.0164717560452 0.0130835041285 0.105791863512 0.00317127916892 0.0209043680785 0.0127541070293 0.0249430308632 0.00990961252739 -0.00679037810998 0.0286991881252 -0.00120576206655 
0.0148164225225 0.0201144983198 -0.00701650781729 0.0069907041676 0.00799919419031 0.019651370459 0.00550381102272 0.00881036012556 -0.000265026350898 -0.00280667928939 0.00341713752047 0.0135720045194 -0.000792811658362 0.013060983161 0.00834500834923 0.0163256081242 0.0160533347576 0.0113744573144 0.154233699964 0.0117030447862 0.00523801531324 0.0159785854839 0.0138679059118 0.0198961928444 0.0283485900157 -0.00226327240459 0.0200834663214 0.0189659182644 0.0056459892327 0.0132224862559 0.00931598753582 0.0129336286078 0.0146741238062 0.0172341303509 0.00587152314109 0.00654494321359 0.0100593281212 0.00415360152286 0.00649697519482 0.0163100671236 0.00956375508698 0.00269226006384 0.0119028729047 0.0257884693462 0.000779194784061 0.0216232754731 0.0154477333537 0.0101459753478 0.00323422790625 0.0141266881513 
0.0216522166846 0.0265777736128 -0.00548174646428 0.00841698813487 0.010155806624 0.00615062526956 0.021436202717 0.0114399535674 0.00849514140527 0.00261602035807 0.0053644981552 0.0148201330036 0.00818955643633 0.0268079036112 0.0146875412845 0.0227468144285 0.0195428343425 0.00927291683726 0.0117030447862 0.163739024595 0.0196360933967 0.0157690160708 0.0140707102597 0.0202806755062 0.00457885964044 0.00796024586435 -0.00470027393517 0.0122149668585 0.00769452563588 0.0186941793282 0.0147322594932 0.00937817019748 0.00889050476766 0.0176650323956 0.00767784802715 0.014506447829 0.0134810937731 0.00658785427749 0.0214493633412 0.0213409817008 0.0112996516899 0.00753686125429 0.00560030941197 0.0188235271191 0.0167676758281 0.00402683599361 0.0112213130365 0.0219550417777 0.00884450232968 0.0164634953384 
0.0243961693929 0.0171525915563 -0.00192935231496 0.00957029351941 0.0137498905273 0.00336125867741 0.0107746861461 0.00321490280585 -0.00187489318595 0.00292882371229 0.00773653663618 0.0192346471112 0.0116582208512 0.00327131386299 0.00627354766235 0.0118839137812 0.00874017339537 0.00358602034787 0.00523801531325 0.0196360933967 0.108636814199 0.0252180314413 0.00709959803436 0.0094458599885 0.0188801145554 0.0101853428734 0.0121375361072 0.00769485382313 0.0122848498267 0.0127169303338 0.0167209318413 0.0127230772732 0.00293087101926 0.0148184519359 0.000219562151491 0.00620763477414 0.0125496400339 0.000335826448754 0.00671643940626 0.0167241339291 -0.00167657037491 0.0024514204991 0.0163222096229 0.0237091797103 0.00777761182576 0.00669920090163 0.00201988048408 0.00982531196222 3.59421109409e-05 0.0146513689395 
0.0471568197164 0.0338899296153 -0.00108587516247 0.0716280464638 0.0189873139341 0.00229584438291 0.00742176598957 0.00810857606919 0.0197983621856 0.021085476785 0.0237822068954 0.0250893681381 0.0193340142979 0.0461912167349 0.0146567085742 0.00158524166071 0.0212310416703 0.0314684397839 0.0159785854839 0.0157690160708 0.0252180314413 0.200794302346 0.0133180295079 0.0214895361547 0.0300285208636 0.019644516535 0.0225668076511 0.0307047334208 0.012893777776 0.0212741087081 0.0805831804906 0.00459797738035 0.0163833882746 0.0186133246599 0.0164004437282 0.0192397159227 0.0205119744411 0.018568938733 0.0046778631413 0.0245495739381 0.0173088352407 0.0131657599009 0.0119472197548 0.0181641993466 0.00229484238914 0.0127605692929 0.0128030169019 0.0138284312964 0.0168075758492 0.0279461447131 
0.0118846328212 0.0127293053684 0.0107325356327 0.0134969880826 0.00546785410996 0.00710216807911 0.0158089013174 0.00804794267654 0.024342767214 -0.00115628145438 0.00796470161985 0.0284996700601 -0.0139678771981 0.0540135080332 0.0425577262216 0.0045267070358 0.0286413995932 0.0292940536926 0.0138679059118 0.0140707102597 0.00709959803436 0.0133180295079 0.393687127176 0.0103047076822 0.00323485691535 0.0267026452279 0.0195644293096 0.0622071203043 0.0251033773114 0.00269016639775 0.0154281756973 0.0432181080937 -0.00183261787269 0.0129015272772 -0.00940811026245 -0.00119831696179 0.0333827431812 0.0121286645442 0.0191515899725 0.0198349988408 0.0409467559216 0.00796008876145 0.00855474969971 -0.000741614706565 0.0279267775296 0.0132514742643 0.00801818709597 0.010909534911 0.0581841859184 0.017369677831 
0.0136319531218 0.00859187708073 -0.0119677840071 0.0109031077722 0.0249628173891 0.0157507524949 0.0246382832454 0.0294835480609 0.0289956586025 0.00977212281927 0.0458108974707 0.00247802751203 0.0101733350849 0.0202170097865 0.0192481637797 0.00370430751135 0.0148988578379 0.00446094161648 0.0198961928444 0.0202806755062 0.0094458599885 0.0214895361547 0.0103047076822 0.301834283684 0.0122020937423 0.0376299495547 0.0536248796445 0.0364624306416 0.0201905078458 0.00711479797153 0.0137609060073 0.00597671440492 0.0116538139096 0.00998074912578 0.0144643817658 -0.00853132214513 0.0117215562452 0.0220680912914 0.01016353085 0.0115892969781 0.011626323536 0.000795926567691 0.0122589503985 0.0367319204348 -0.00306802161719 0.0183179387838 0.0206188165081 0.0095363931174 0.0214047771701 0.0196738524084 
0.0359254484886 0.0240817046626 -0.0249839210829 0.0411043718356 0.0156540939845 0.0109087446902 0.0416301082127 0.0131715242757 0.0522156153803 0.0724872356499 0.031622796338 0.0476071218202 0.0302543541968 0.0444492233764 0.0316750189233 0.0332312994812 0.0846794850503 0.0688414884823 0.0283485900157 0.00457885964043 0.0188801145554 0.0300285208636 0.00323485691535 0.0122020937423 0.656395641204 0.0999313480407 0.0740293325606 0.0737327519811 0.0350463632926 8.1831295147e-05 0.0319641334421 0.00343556957643 0.0113910964121 0.00718190872467 0.00668297595577 0.0293472315916 0.0668985195723 0.0861060797024 0.0882147904068 0.0749698933538 0.0209106065808 0.0332624019107 0.00325507077695 0.0382479057399 0.0190126499643 0.070510389119 0.0403299575888 0.0279113408844 0.0378894542154 0.038400685274 
0.0241721891446 0.0336590178747 -0.0170854524996 0.0175689239682 0.0123431218948 0.00369874849204 0.0282688400843 0.00611841809671 0.0395667572342 0.0242362549325 0.0428906485492 0.0226901319213 0.0178163794454 0.0618687252216 0.0458110133663 0.0164006860294 0.0417339548553 0.0120709333036 -0.00226327240459 0.00796024586435 0.0101853428734 0.019644516535 0.0267026452279 0.0376299495547 0.0999313480407 0.446029838921 0.0508676158115 0.0603782598595 0.0245543659896 -0.000239109907344 0.0161688142553 0.0150847964652 -0.00547629784961 0.00608064944623 0.00670752911129 0.00838679530215 0.0282179833996 0.0103782480842 0.022424691538 0.0482538800401 0.0325676901023 0.00148563029076 -0.0160580290376 0.0300656908833 0.00930742991881 0.0201511455565 0.0553470059238 0.0213842458307 0.0241174816282 0.0120727366613 
0.0161463012286 0.0226611771793 -0.0261980940102 0.0172135091413 0.0157930060247 0.0165113675586 0.039633075315 0.065668863432 0.0242858350527 0.00708358836467 0.012351687156 0.0190190844708 0.0176463463037 0.0315704195047 -7.18731854081e-05 0.00374314802627 0.0251411882308 0.00637368530674 0.0200834663214 -0.00470027393517 0.0121375361072 0.0225668076511 0.0195644293096 0.0536248796445 0.0740293325606 0.0508676158115 1.00395919846 0.0465869478145 0.0211884740398 0.00726820863802 0.0336047154285 0.00525323166116 0.000806784864662 0.0267726783546 -0.0159069957547 0.0214116198841 0.0869837154128 0.0153290481495 0.0530819518323 0.0384069018931 0.0249648043424 0.0148994988894 0.00669051087106 0.0316830331288 0.0265076832263 0.00831661763383 0.0197340277155 0.0144397038235 0.0219829610317 0.0587184566593 
0.0403229990352 0.0465044420292 0.0101179682685 0.0551519343338 0.00722340686423 0.0137945250895 0.0394573893691 0.00885656316721 0.0628260426654 0.0539889805153 0.028912301382 0.0565066391232 0.0204215557704 0.244487576113 0.0489702254186 -0.00415801247179 0.0534634277237 0.0583556882501 0.0189659182644 0.0122149668586 0.00769485382313 0.0307047334208 0.0622071203043 0.0364624306416 0.0737327519811 0.0603782598595 0.0465869478145 0.489899450879 0.0076615833513 0.00137709539889 0.0446494458647 0.0175046520796 0.0204567056478 0.0102347728876 0.0514765782072 0.0352410304106 0.0443425250022 0.0310254452497 0.0109871271512 0.0283090892253 0.0473103408006 0.0201714945788 0.0157469010092 0.040148044518 0.019718241572 0.0409133164677 0.0384945240221 0.027658343612 0.0439063593855 0.029685436018 
0.0169981846991 0.0183062368851 -0.00859971133265 0.0119205300374 0.00884874142239 0.0064438583621 0.0474208076426 0.00708242889167 0.0307546994125 0.0106617767164 0.00395247588174 0.0226174305099 -0.00206031597714 0.020444094392 0.0168270367748 0.0101998112685 0.0292249119832 0.0122441269169 0.00564598923271 0.00769452563588 0.0122848498267 0.012893777776 0.0251033773114 0.0201905078458 0.0350463632926 0.0245543659896 0.0211884740398 0.0076615833513 0.221211701428 -0.000671597401451 0.0052910840938 0.0174882248023 0.0013008812332 0.0113060201879 0.00604115917537 0.0286989797005 0.0331661270878 0.0138386888814 0.0094490763698 0.0148404450557 0.0373657053072 -0.0030019924865 -0.0003388772176 0.0128729164881 0.020941062202 0.019668306089 0.0131064002128 0.0240016906312 0.0174645435804 0.034836836253 
0.0239446918684 0.0317615511803 0.0163612815483 0.0279342849886 0.0140214106033 0.000968934456102 0.00587246102841 0.0172534316168 0.00662747763472 0.0210778736138 -0.00418718439324 0.00454387910953 0.0260646423054 0.00728232063604 -0.00402916061342 0.0256131110707 0.0205615712048 0.0186295616867 0.0132224862559 0.0186941793282 0.0127169303338 0.0212741087081 0.00269016639775 0.00711479797153 8.18312951476e-05 -0.000239109907345 0.00726820863802 0.00137709539889 -0.000671597401451 0.154073220631 0.0270502807397 0.00955230044703 0.00638294701963 0.0077433074624 0.0159421937484 0.00301606895558 0.0081855762319 0.0225708830329 0.0110491080376 0.0109337647132 0.0291105410273 0.0179975301945 0.00209193232479 0.034321877523 0.0104992282043 -0.00217944022037 0.00786833292236 0.0053522976677 0.0116027623045 0.0032036202829 
0.0547106248702 0.0375359321901 -0.00589457384428 0.0735890935324 0.0122371659526 0.0102119246135 0.0230930517152 0.0140883759831 0.00981300387348 0.0207427304185 0.00797972550115 0.0320628729392 0.0268733444045 0.0354864610123 0.0198346123769 0.0112615214744 0.0332189743478 0.0254564393712 0.00931598753581 0.0147322594932 0.0167209318413 0.0805831804906 0.0154281756973 0.0137609060073 0.0319641334421 0.0161688142553 0.0336047154285 0.0446494458647 0.0052910840938 0.0270502807397 0.186943151647 0.0166391941182 0.0149232620204 0.0173890281389 0.0168463245947 0.00429653342115 0.0182643666482 0.0070603541327 -0.00113503333712 0.0152858399865 0.0296131883674 0.0132803261301 0.00659259758696 0.0241236102668 0.0177207967356 0.00798313900304 0.00390478358179 0.0195345717562 0.0121044156881 0.0280766148284 
0.0126123518738 0.010797282677 0.00594144010496 0.00784584548501 0.0067159061339 -0.0109225512241 -0.000880227162013 0.0108841535966 0.0136370965704 0.00232196377623 0.0373063899434 0.0149452527821 0.00943372607415 0.0262365938624 0.0161272342259 0.0121878672194 0.0210482388246 0.00145078925831 0.0129336286078 0.00937817019747 0.0127230772732 0.00459797738035 0.0432181080937 0.00597671440492 0.00343556957643 0.0150847964652 0.00525323166116 0.0175046520796 0.0174882248023 0.00955230044703 0.0166391941182 0.230223213417 0.0038729286478 0.00932639719083 -0.0154773248759 0.00645819425607 0.0115967062042 0.0131941471401 0.00260047289308 0.0154676531837 0.0139535760004 -0.00753250062612 0.0193181296621 0.0235640964297 0.011610784484 0.00816707166631 0.00934255257478 0.0164273256354 0.0180978906263 0.00600144845173 
0.012217914379 0.00963308926665 0.0126505392361 0.00964230667382 0.000636037324194 0.0114764571074 0.0182388205267 0.00553932278165 -0.00302242327386 -0.00517339825396 0.0102583263355 0.0581517963526 0.0126088701834 0.0143029502377 0.00996608694451 -0.00862573453662 0.00752744264748 -0.00850663537453 0.0146741238062 0.00889050476767 0.00293087101925 0.0163833882746 -0.00183261787269 0.0116538139096 0.0113910964121 -0.00547629784961 0.000806784864662 0.0204567056478 0.00130088123319 0.00638294701963 0.0149232620204 0.00387292864781 0.213177196893 0.00755150636432 -0.00053839767167 -0.000478673671639 -0.00523387774497 -0.0137775826405 -0.00469248740514 -0.000146296600559 -0.00314542497803 -0.00504821547301 0.0049578828009 0.0142387402523 0.0181824282775 -0.00538263699363 0.011104227232 -0.000709354974215 0.00925840474138 0.0125996112927 
0.0157155750544 0.0169405150283 -0.00198718466785 0.0175069499478 0.0139735843491 0.00703579862295 0.00537011570006 0.0173692731206 0.00418557530217 -0.0105211393891 0.0180356850944 0.0054452432889 0.0029500636749 0.0141934287058 0.027429727484 0.000428275097349 0.0243485211535 0.002853807482 0.0172341303509 0.0176650323956 0.0148184519359 0.0186133246599 0.0129015272772 0.00998074912578 0.00718190872467 0.00608064944623 0.0267726783546 0.0102347728876 0.0113060201879 0.0077433074624 0.0173890281389 0.00932639719084 0.00755150636432 0.147023608704 0.0016250804078 0.0114330266945 0.0188000881235 0.00152939895236 0.0090283841114 0.0205931302858 0.00971846957624 0.000552111210282 0.021910551623 0.0275955466251 0.0123097182862 0.021013906344 0.0116014477387 0.011943059464 0.014200594788 0.00542066204035 
0.00340532921012 5.11530518459e-06 0.00204918366545 0.0369986919258 0.0196685116689 -0.0176368909476 0.028041969759 0.015639185359 -0.000342565747706 -0.0204658531448 -0.00362815362063 -0.000314384415477 0.0134999624855 0.0228989250151 0.0168350570946 -0.0236825594906 0.0225353593457 -0.00587996512391 0.00587152314109 0.00767784802715 0.000219562151492 0.0164004437282 -0.00940811026245 0.0144643817658 0.00668297595577 0.00670752911129 -0.0159069957547 0.0514765782072 0.00604115917537 0.0159421937484 0.0168463245947 -0.0154773248759 -0.00053839767167 0.0016250804078 1.25223802919 -0.00248588603554 -0.00958516054522 -0.00200771648685 0.00783366002106 0.0102201152194 0.00865079913708 -0.00217909124667 -0.00406639632297 -0.00785925824445 0.00412699820962 0.00503018996104 0.00318331687698 0.0176916670274 -0.0106359349618 0.00919574034832 
0.00416008421377 0.0186053465747 -0.0138136578744 0.00764747463945 -0.000397418100683 -0.00291670108416 0.053361867807 0.00599994077208 0.00392640700196 -0.0105372565061 0.00150740284375 0.0149277417399 -0.0139807849974 0.00472371348373 -0.0094381565412 0.0109976263847 0.0247066278438 -0.00784194527544 0.00654494321359 0.014506447829 0.00620763477414 0.0192397159227 -0.00119831696179 -0.00853132214513 0.0293472315916 0.00838679530215 0.0214116198841 0.0352410304106 0.0286989797005 0.00301606895558 0.00429653342115 0.00645819425607 -0.000478673671638 0.0114330266945 -0.00248588603554 0.997926943278 0.00964521411699 -0.00943514720658 0.00664284110109 0.0128813921011 -0.00519470284082 0.00308403195754 -0.0127790506289 -0.00028601249268 -0.0012325345218 0.00523719150922 -0.00712138770937 0.000288606431332 0.00392730895124 0.00188418648351 
0.0131307117586 0.0175018598272 -0.0152804616962 0.0171720248808 0.00368067198593 -0.000497311536439 0.0423648388954 0.019977029089 0.0347509162311 0.0220867086437 0.0150357547953 0.0260872478745 0.0134587263161 0.0397882780146 0.0080242388792 0.0533757489961 0.0437842822252 0.0259478236393 0.0100593281212 0.0134810937731 0.0125496400339 0.0205119744411 0.0333827431812 0.0117215562452 0.0668985195723 0.0282179833996 0.0869837154128 0.0443425250022 0.0331661270878 0.0081855762319 0.0182643666482 0.0115967062042 -0.00523387774497 0.0188000881235 -0.00958516054522 0.00964521411699 0.322624749822 0.031061201168 0.0258072102871 0.0223588437123 -0.00273556910673 0.0143861906963 -0.00727443389018 0.0280358029096 -0.00033402691142 0.0249409276981 0.0191766957665 0.0241572929972 0.0198361890809 0.0220714503649 
0.0148800406334 0.0125028001393 -0.0110551494606 0.00465294603781 0.0125609055922 -0.00320670745169 -0.00248269963163 0.00504595769433 0.0336775651542 0.186436688622 0.0157424627697 0.0200421359826 0.00533617949559 0.0400931878093 0.00722696567173 0.0724824783427 -0.00360416099796 0.122100422205 0.00415360152286 0.0065878542775 0.000335826448743 0.018568938733 0.0121286645442 0.0220680912914 0.0861060797024 0.0103782480842 0.0153290481495 0.0310254452497 0.0138386888814 0.0225708830329 0.0070603541327 0.0131941471401 -0.0137775826405 0.00152939895236 -0.00200771648685 -0.00943514720658 0.031061201168 0.390854045483 0.00693055378892 0.0172904771557 0.00304821981761 0.119027021993 0.00628087647052 0.00601273996938 0.00124313439418 0.0122876636531 0.00729169321192 0.00379600157246 0.0424858129779 0.0179615098422 
0.00971191887762 0.025906011805 -0.0246008325177 0.00185072882107 0.00945819987631 0.0270962683239 0.0415798744264 0.0193927915638 0.0428532874918 -0.0130456446928 0.0360442971433 0.0272476747342 0.0206118508857 0.0282764008157 0.0127543006025 -0.00699145476384 0.049004970937 0.00861531484369 0.00649697519482 0.0214493633412 0.00671643940626 0.0046778631413 0.0191515899725 0.01016353085 0.0882147904068 0.022424691538 0.0530819518323 0.0109871271512 0.0094490763698 0.0110491080376 -0.00113503333712 0.00260047289308 -0.00469248740514 0.0090283841114 0.00783366002106 0.00664284110109 0.0258072102871 0.00693055378892 0.467333022721 0.0840662507868 0.0074900137067 -0.0111134148242 0.0173559941456 0.00910002582946 0.00264247137022 0.0378409250449 0.00959405157627 0.0118627602093 0.0115031165948 0.0372731643025 
0.0222755582296 0.00964729804871 -0.0127534737092 0.0188028071543 0.00743941805054 -0.00677223679052 0.0125756076504 0.00104750863182 0.0244267893324 0.00470662596972 0.0394407356962 0.0104795545862 -0.00592627556255 0.0355211395906 0.00879890353376 0.0166885836094 0.035064440767 0.0164717560452 0.0163100671236 0.0213409817008 0.0167241339291 0.0245495739381 0.0198349988408 0.0115892969781 0.0749698933538 0.0482538800401 0.0384069018931 0.0283090892253 0.0148404450557 0.0109337647132 0.0152858399865 0.0154676531837 -0.000146296600559 0.0205931302858 0.0102201152194 0.0128813921011 0.0223588437123 0.0172904771557 0.0840662507868 0.438562108895 0.0360776862409 0.0182589922367 0.00260653740066 0.0201518801859 0.00611311556661 0.0210109004799 0.0233962126085 0.018895697826 0.0140216782885 0.0382650685635 
0.0137666607986 0.00677283419838 -0.0579447560713 0.0203871600268 0.0197202956313 0.0188676904021 0.0243679599534 0.0111395901491 0.00752483138567 0.00037684923404 0.0213751408737 0.0104869762399 0.0132164332364 0.0515149673048 0.0305320667582 0.00782832586602 0.0347665276605 0.0130835041285 0.00956375508698 0.0112996516899 -0.00167657037491 0.0173088352407 0.0409467559216 0.011626323536 0.0209106065808 0.0325676901023 0.0249648043424 0.0473103408006 0.0373657053072 0.0291105410273 0.0296131883674 0.0139535760004 -0.00314542497803 0.00971846957624 0.00865079913708 -0.00519470284082 -0.00273556910673 0.00304821981761 0.0074900137067 0.0360776862409 0.38109068245 0.0180264065851 0.0004321372704 -0.000290879838787 0.0181551124588 0.0387640514302 0.00994746735587 0.0244424672053 0.000368578044755 0.0223947120405 
0.0136238290408 0.00784351396993 -0.0137182841112 0.00233187408023 0.00743268136091 -0.00906267399285 0.0352337793617 0.0134996997369 0.0294395712906 0.11251040372 -0.0185242673707 0.0159686606083 0.00826451611946 0.0155498712855 -0.00457784355207 0.0170457363236 -0.00602358762068 0.105791863512 0.00269226006384 0.00753686125429 0.0024514204991 0.0131657599009 0.00796008876145 0.00079592656769 0.0332624019107 0.00148563029077 0.0148994988894 0.0201714945788 -0.0030019924865 0.0179975301945 0.0132803261301 -0.00753250062612 -0.00504821547301 0.000552111210283 -0.00217909124667 0.00308403195754 0.0143861906963 0.119027021993 -0.0111134148242 0.0182589922367 0.0180264065851 0.323064562505 -0.0121972950896 0.0117656735611 0.00554732245418 0.0171097635964 -0.000667582977698 0.00034578719078 0.013364372505 0.0115341452047 
0.0208481365266 0.0104960444321 0.0018414498893 0.0121451596907 0.015490860435 0.0074468478444 -0.00331370482385 0.0102373647857 0.00750474792554 0.00429573231617 0.0195108701848 0.014573020336 0.00402706834453 0.0103285495183 0.00862856985986 0.0053122041754 0.003163638942 0.00317127916892 0.0119028729047 0.00560030941197 0.0163222096229 0.0119472197548 0.00855474969971 0.0122589503985 0.00325507077695 -0.0160580290376 0.00669051087106 0.0157469010092 -0.0003388772176 0.00209193232479 0.00659259758696 0.0193181296621 0.0049578828009 0.021910551623 -0.00406639632297 -0.0127790506289 -0.00727443389018 0.00628087647052 0.0173559941456 0.00260653740066 0.0004321372704 -0.0121972950896 0.173065197013 0.0180840783407 0.00747778673148 0.00765341944459 0.0209282668833 0.00796851249298 0.00355997250478 0.000797013327189 
0.0342930124573 0.031649380151 -0.00687249724867 0.0270951773355 0.0149194171316 0.0152162957811 0.0233722631239 0.0267204321672 0.0181792473575 0.0156442555597 0.00881618324527 0.010798275799 0.0173760606072 0.0237867811202 0.0116447596263 0.00498937914916 0.0236558816726 0.0209043680785 0.0257884693462 0.0188235271191 0.0237091797103 0.0181641993466 -0.000741614706565 0.0367319204347 0.0382479057399 0.0300656908833 0.0316830331288 0.040148044518 0.0128729164881 0.034321877523 0.0241236102668 0.0235640964297 0.0142387402523 0.0275955466251 -0.00785925824445 -0.00028601249268 0.0280358029096 0.00601273996939 0.00910002582947 0.0201518801859 -0.000290879838788 0.0117656735611 0.0180840783407 0.220839647807 0.0156658100226 0.0199887183738 0.0127024743683 0.0120639997034 0.0202356329571 0.00825451449521 
0.0248268269814 0.00336325174949 -0.0195790575168 0.0191875894062 0.00538656029941 0.0178440820487 0.0117441890026 -0.000916849449801 0.0273437228994 0.0079286191357 -0.0122513420054 0.0154864318411 0.0166279970978 0.0148142842831 -0.00119883245194 0.0152180242429 0.0192525086826 0.0127541070293 0.000779194784058 0.0167676758281 0.00777761182576 0.00229484238914 0.0279267775296 -0.00306802161719 0.0190126499643 0.0093074299188 0.0265076832263 0.019718241572 0.020941062202 0.0104992282043 0.0177207967356 0.011610784484 0.0181824282775 0.0123097182862 0.00412699820962 -0.0012325345218 -0.00033402691142 0.00124313439417 0.00264247137022 0.00611311556661 0.0181551124588 0.00554732245419 0.00747778673148 0.0156658100226 0.284141300115 0.00917900377501 0.00173561183282 0.00706463518754 0.0133901196792 0.00955892134325 
0.0100098591907 0.0118056688669 -0.0144280085417 0.00894571103875 0.00558819793976 0.0019054113922 0.0211639675329 0.00744165859814 0.0410983808525 0.00672614294748 0.0353482936186 0.0351927511078 0.0162746164888 0.0307964837361 0.0265018700464 0.0219520826164 0.0349757914637 0.0249430308632 0.0216232754731 0.00402683599361 0.00669920090162 0.0127605692929 0.0132514742643 0.0183179387838 0.070510389119 0.0201511455565 0.00831661763383 0.0409133164677 0.019668306089 -0.00217944022037 0.00798313900304 0.00816707166631 -0.00538263699363 0.021013906344 0.00503018996104 0.00523719150922 0.0249409276981 0.0122876636531 0.0378409250449 0.0210109004799 0.0387640514302 0.0171097635964 0.00765341944459 0.0199887183738 0.00917900377501 0.373664309383 0.0128442934098 0.0145335128797 0.0262468716858 0.0263618692796 
0.0131323250812 0.0119951009687 0.000673320615043 0.0178423770924 0.019539385713 0.00522074172808 0.0253110099722 1.46663463107e-05 0.00857881033353 0.00768942653928 0.00708869302535 0.0157471554698 0.0250661643163 0.0330175854855 0.0262785793749 0.000245170736489 0.02302542298 0.00990961252739 0.0154477333537 0.0112213130365 0.00201988048408 0.0128030169019 0.00801818709597 0.0206188165081 0.0403299575888 0.0553470059238 0.0197340277155 0.0384945240221 0.0131064002128 0.00786833292236 0.00390478358179 0.00934255257478 0.011104227232 0.0116014477387 0.00318331687698 -0.00712138770937 0.0191766957665 0.00729169321192 0.00959405157627 0.0233962126085 0.00994746735587 -0.000667582977697 0.0209282668834 0.0127024743683 0.00173561183282 0.0128442934098 0.398799528476 0.0176295996104 -0.00167800013019 0.0156457144316 
