20
0.0124927962784 0.0388313797841 0.0395396308246 0.0482651065397 0.0831725949645 0.0502759777883 0.0254158643172 0.15397042743 0.102128665084 0.00361039022472 0.0533286406295 0.0522856391002 0.0909027791802 0.0197813299257 0.0995242847704 0.0298565853869 0.0623593213805 0.126958151155 0.0843714281037 0.0428749123775 
0.188537222549 0.036034548111 0.0111978243969 0.0139907638223 0.0201320495274 0.0254203349216 0.0203463365327 0.0342656516279 0.0114221169387 0.020703912053 0.0250090597645 0.0265142153283 0.0139267970762 0.0271380542546 0.0117650039109 0.0202569615229 0.0325378753825 0.0140081024594 0.0104193612406 0.0247989823064 
0.036034548111 0.41259078348 0.0185367579279 0.0174823426653 0.0349922899157 -0.00781026365702 0.0218623374983 0.0174828198464 0.0328456932594 0.0214840544458 0.0224226309997 0.00572149089906 0.00875094820654 0.0112054120114 0.0111183629142 0.00817250360351 0.0419178754535 0.0365533253858 0.0333175608408 0.0228556204951 
0.0111978243969 0.0185367579279 0.303777018529 0.0526856519945 0.0205520845747 0.0178606347741 0.0387746273521 -0.0120074211918 0.0232078035892 0.0206160821118 0.0145178320844 0.0125741877651 0.0191146880898 0.0206927924394 0.00762047610245 0.0284317424077 0.0250356212033 0.00280715187813 0.0118546407602 0.0283924443626 
0.0139907638223 0.0174823426653 0.0526856519945 0.312356120738 0.0218915664797 0.014852969418 0.0215786335932 0.00668061317164 0.0351816017208 0.031033016815 0.0357280426565 0.0325181956536 0.033250794288 0.0165613044167 0.019527605848 0.0182574257473 0.024029652721 0.00961824289395 0.0157237277873 0.0345154075233 
0.0201320495274 0.0349922899157 0.0205520845747 0.0218915664797 0.461949977756 0.0102388202999 0.0173590719878 0.0281941878496 0.0535163195273 0.0290149047997 0.0204113552436 0.0241115875245 0.0228271402796 0.0321149492245 0.0401062233657 0.0263943182987 0.0292044528195 0.0267501149249 0.033096161924 0.0333168400299 
0.0254203349216 -0.00781026365702 0.0178606347741 0.014852969418 0.0102388202999 0.27702018897 0.0108958454528 0.00987788336603 0.0126780543898 0.00643927757326 0.0194246058166 0.0197815722985 0.0151017119317 0.00385120899535 0.0115079963227 0.0261059587289 0.0234895263569 0.0254063164233 0.0335337419426 0.0343921950049 
0.0203463365327 0.0218623374983 0.0387746273521 0.0215786335932 0.0173590719878 0.0108958454528 0.304207008763 0.0141657744633 0.000333704000088 0.0286764608019 0.0110608228947 0.025396327844 0.00615268185096 0.0161284550806 0.0199129314485 0.0197186842295 0.0371065170254 0.00732734867317 -0.00147095048632 0.0234065279684 
0.0342656516279 0.0174828198464 -0.0120074211918 0.00668061317164 0.0281941878496 0.00987788336603 0.0141657744633 0.597322493786 0.0418915587255 -0.00528330613873 0.0287200041162 0.025327590896 0.0198052587929 -0.00642196570753 0.131552971859 0.00277834537461 0.0442298172004 0.17640310695 -0.000115332510359 0.0127800530844 
0.0114221169387 0.0328456932594 0.0232078035892 0.0351816017208 0.0535163195273 0.0126780543898 0.000333704000088 0.0418915587255 0.688535328415 0.0206156227398 0.0288664618869 0.0365880888687 0.0104858782795 0.00546424793475 0.0229307700571 0.0168970510512 0.0444621221133 0.0183842616579 0.0362221630589 0.012556708814 
0.020703912053 0.0214840544458 0.0206160821118 0.031033016815 0.0290149047997 0.00643927757326 0.0286764608019 -0.00528330613873 0.0206156227398 0.223945176616 0.0134920447564 0.0279919174928 0.00887187907342 0.0157584167151 0.00367854960786 0.00625844839495 0.0229215395359 0.0198864479398 -0.00691832577994 0.0246619143496 
0.0250090597645 0.0224226309997 0.0145178320844 0.0357280426565 0.0204113552436 0.0194246058166 0.0110608228947 0.0287200041162 0.0288664618869 0.0134920447564 0.272260740761 0.0207628553152 0.0150275597126 0.0141187364065 0.0107957705079 0.0201390187018 0.0200040729771 0.00875058767787 0.0253001429431 0.00372587371622 
0.0265142153283 0.00572149089906 0.0125741877651 0.0325181956536 0.0241115875245 0.0197815722985 0.025396327844 0.025327590896 0.0365880888687 0.0279919174928 0.0207628553152 0.307410383603 0.00625397708661 0.0210505525283 0.0362441705065 0.0273794491688 0.0501091119965 0.0428487840838 0.0140417815818 0.0283338545173 
0.0139267970762 0.00875094820654 0.0191146880898 0.033250794288 0.0228271402796 0.0151017119317 0.00615268185096 0.0198052587929 0.0104858782795 0.00887187907342 0.0150275597126 0.00625397708661 0.50246048032 0.0135617688471 0.0317688728459 0.0084400181674 -0.00231402795613 0.0436034416249 -0.00248955110289 0.0201715263161 
0.0271380542546 0.0112054120114 0.0206927924394 0.0165613044167 0.0321149492245 0.00385120899535 0.0161284550806 -0.00642196570753 0.00546424793475 0.0157584167151 0.0141187364065 0.0210505525283 0.0135617688471 0.153124679732 -0.00372004947125 0.0477167552266 0.0174327778048 0.0142488394469 0.00943335333928 0.0328955109801 
0.0117650039109 0.0111183629142 0.00762047610245 0.019527605848 0.0401062233657 0.0115079963227 0.0199129314485 0.131552971859 0.0229307700571 0.00367854960786 0.0107957705079 0.0362441705065 0.0317688728459 -0.00372004947125 0.428225779477 0.0106063266218 0.032988174596 0.12698470062 0.00260102683467 0.00945511395159 
0.0202569615229 0.00817250360351 0.0284317424077 0.0182574257473 0.0263943182987 0.0261059587289 0.0197186842295 0.00277834537461 0.0168970510512 0.00625844839495 0.0201390187018 0.0273794491688 0.0084400181674 0.0477167552266 0.0106063266218 0.154685033831 0.028681490031 0.021202755171 0.0168826776152 0.0390545016103 
0.0325378753825 0.0419178754535 0.0250356212033 0.024029652721 0.0292044528195 0.0234895263569 0.0371065170254 0.0442298172004 0.0444621221133 0.0229215395359 0.0200040729771 0.0501091119965 -0.00231402795613 0.0174327778048 0.032988174596 0.028681490031 0.348959119556 0.0350040749303 0.0444842624091 0.0236570467505 
0.0140081024594 0.0365533253858 0.00280715187813 0.00961824289395 0.0267501149249 0.0254063164233 0.00732734867316 0.17640310695 0.0183842616579 0.0198864479398 0.00875058767787 0.0428487840838 0.0436034416249 0.0142488394469 0.12698470062 0.021202755171 0.0350040749303 0.407572328672 0.017662706358 0.015965080378 
0.0104193612406 0.0333175608408 0.0118546407602 0.0157237277873 0.033096161924 0.0335337419426 -0.00147095048632 -0.000115332510359 0.0362221630589 -0.00691832577994 0.0253001429431 0.0140417815818 -0.00248955110289 0.00943335333928 0.00260102683468 0.0168826776152 0.0444842624091 0.017662706358 0.866976803503 0.0101083394307 
0.0247989823064 0.0228556204951 0.0283924443626 0.0345154075233 0.0333168400299 0.0343921950049 0.0234065279684 0.0127800530844 0.012556708814 0.0246619143496 0.00372587371622 0.0283338545173 0.0201715263161 0.0328955109801 0.00945511395159 0.0390545016103 0.0236570467505 0.015965080378 0.0101083394307 0.269157289455 

['GPC', 'HAS', 'YUM', 'MCD', 'YHOO', 'UST', 'CCL', 'VLO', 'JBL', 'GCI', 'ECL', 'AA', 'AES', 'USB', 'WMB', 'BAC', 'DE', 'MRO', 'WAT', 'CMCSA']