50
0.0545718905582 0.123248136701 0.0791308905459 0.0340754658053 0.0446705301477 0.0246636786654 0.242072249725 0.0295384146509 0.0361599942098 0.0501483555771 0.0487859931196 0.0429032651101 0.0752984700253 0.090319564185 0.0787213758152 0.0764707668379 0.0388313797841 0.164482556217 0.0285158318856 0.0146510565804 0.208286894217 0.147407151382 0.0255776045185 0.0261881624723 0.0693656588129 0.0389775871913 0.0449016594387 0.0646745186267 0.0852779749864 0.22311845274 0.0634276035435 0.0743289823458 0.0377989606714 0.0256345374975 0.0272696759741 0.0850489592031 0.0678674292734 0.126958151155 0.133882810383 0.103194060275 0.0231877092109 0.0414012394119 0.0997806882374 0.0267221777707 0.0180781461794 0.0682562642732 0.0282353637115 0.0375994121509 0.061476397973 0.0602494739115 
0.279424699861 0.031706766539 0.003063388392 0.00738850177122 0.00178592590943 0.0192210653803 0.016511399555 0.00171102427052 0.0558618638999 0.0128736074787 0.0139666761072 0.0151671202565 0.0142108961986 0.00542786676523 0.0216309510172 0.0131697683296 0.00508116163143 0.0048188142885 0.0388478522777 0.0116060246425 0.00662770282302 0.0178866317372 -0.00369152862231 0.00750408477162 0.0217891544543 0.021468389985 0.0141152650247 0.00395457816363 0.0323487294809 0.00515460941799 0.0277529906109 0.0154065275812 0.00581731897339 0.00183371913906 0.00451757649431 0.0164825419436 0.00296471750137 0.0284162478584 0.0288066024082 0.0221250175389 0.00640032658513 0.0168918855041 0.0219119973344 0.0401373218836 0.0209127760281 -0.0157449458848 0.0116092878862 0.00806463359087 0.0185797268764 0.0241474548619 
0.031706766539 0.4602984243 -0.00240143577285 0.0101583072127 0.0324488132861 0.00957608359616 0.0365377931344 0.0314322565116 0.0178440107422 0.0182018159797 0.0265564586065 0.0312484897501 0.0383220886473 0.00094592586079 0.0340618627372 0.0285933925164 0.00715500788229 0.00783198588899 0.0179578478577 0.0183582801035 0.00784604112942 0.0534598050452 -0.00243274235858 0.0180390954596 0.0210242683415 0.0195785805668 0.051866602469 0.0283834399292 0.0445125355003 0.0394017612513 0.0259223141441 0.0189399867992 0.0368098081182 0.0236583639546 0.0360139738093 0.0187949984614 0.0208428723702 0.0452748768448 0.0286048656002 0.03134425973 0.00497514259709 0.0264782504439 0.0650972755191 0.0222687284509 0.00917799394982 0.0233841050153 0.0166119140112 0.028920299831 0.0294170700501 0.0216611352653 
0.003063388392 -0.00240143577285 0.620499168692 0.00204899237202 0.0390202268144 0.0078921137447 -0.00637416323177 0.011523693275 0.00921816518615 -0.00654456851389 0.0235545840412 0.0117871123035 0.0106023522929 0.0108639136473 0.0130573720159 0.0111376164995 -0.000674788244197 0.00938346299625 0.00687861403741 0.0166285983216 0.00260078631198 0.0137585497915 0.0215631997178 0.000735232144731 0.0229777954844 0.00488183782297 0.002414087328 0.00611942649465 -0.000197159531084 0.00642711099208 0.00829314870943 0.00105614806726 0.0422490535249 0.00435893133986 0.0110679376967 0.0206652071038 0.0300584735981 0.0252427810347 0.0156318045342 -0.00503809775666 0.00929905308948 -0.00325722841161 -0.00880432693388 -0.00061664712584 -0.000475811628009 0.0207872139061 0.0105158312786 0.0041527518507 0.00355770390767 0.00263236457666 
0.00738850177122 0.0101583072127 0.00204899237202 0.180171426955 0.00129327675075 0.00523431572197 0.000311712787758 0.0131149389935 0.0217970305241 0.00778954576761 -0.00968724178019 0.012712686318 0.00874624626002 0.00512252127681 0.0227375587834 -0.00138188964222 0.0109598793297 -0.00382405196783 0.00441829681837 0.0112546939376 0.00516425255494 0.0218065106342 0.0183009070138 0.00427796601853 0.0070342587584 0.0102405659576 0.00696884988277 0.00760234298617 0.0200068776849 -0.00446866982624 0.0136192753781 0.0180851110714 0.00868988035124 0.00831818754877 0.0112514492788 0.0252996308027 0.00547746936106 0.0137098476309 0.00153125527979 -0.00399491509394 0.00941861773691 0.0132046370771 0.0124256244155 0.00772045802105 0.0134961994109 -0.00100914616826 0.00823708227857 0.0292890165437 0.00309822026807 0.00916231519154 
0.00178592590943 0.0324488132861 0.0390202268144 0.00129327675075 0.312585793741 0.00712373836849 0.0492589409126 0.00608393069167 0.000927619401605 0.00667604366903 0.0201382072895 0.0396707378406 0.0283083506817 0.0180996150985 -0.00334473337317 0.00431852916247 0.0213359716918 0.0149108758205 -0.00192239640078 0.0181423425353 0.0340605110315 0.000358584822918 0.00909768076373 0.0152835274383 0.0224207971051 0.0245886974761 0.0309039210733 -0.001429757462 -0.0163455946082 0.0572915117751 0.0361529396937 0.0461198478636 0.0800254976432 0.00641564444396 0.0247235483834 0.00543474382282 0.0377052479853 0.00151372469437 0.0129512621121 0.0475273352401 0.00915733499459 0.00736866147356 0.0201273240887 0.015271744261 -0.00387238118027 0.0240489684082 0.0101688904391 0.00376741006447 0.031039705644 0.0124370592756 
0.0192210653803 0.00957608359616 0.0078921137447 0.00523431572198 0.00712373836849 0.131892546322 0.00947330866669 0.0169723514618 0.0144201842878 0.0135940350491 0.00113957862162 0.0139799270953 0.0130242372347 0.00183876486321 0.000550125083903 0.00910368296009 -0.00429534514526 -0.0105630263322 0.00851584595988 0.0218431202093 0.0310333502241 0.000613960033944 0.0103534930501 0.0100045536399 0.0172348789183 0.0273834275967 0.0128820155388 0.00741044742916 0.0126720967521 0.00438034378426 0.0191082440188 0.0198667134184 0.00185442409923 0.00321113932062 0.0120004665651 0.00765872510281 0.0140048905185 0.00413319041502 0.00571356094929 0.00495056657678 0.008888730873 0.00517947544117 0.00846611865787 0.0104997215091 0.0157160365943 0.0155922322222 0.0225378012203 0.00294733133348 0.0240336758458 0.0170592078192 
0.016511399555 0.0365377931344 -0.00637416323177 0.000311712787758 0.0492589409126 0.00947330866669 0.658205786739 0.0182882055495 0.0054129414855 0.0680702926805 0.0474704206643 0.0661901856631 0.0516671162584 0.046782014432 0.0749569224063 0.0998659223772 0.00742283653102 0.0411428397277 0.00917056479406 0.00938215220751 0.0218971288723 0.0802239338887 0.0124560662308 0.0123515015862 0.0292614740246 0.0424106882797 0.062827857095 0.0452938789795 0.0417207038582 0.0480642542193 0.0491984314099 0.071923680536 0.059879044906 0.0224631342211 0.0344200707856 0.0462590119622 0.0345033144375 0.0659466116305 0.0658582391182 0.0494240564935 0.0178496014783 0.0183817497986 0.0258861279161 0.00668632938844 0.0119192434418 0.0713442315181 0.0216578142688 0.0165668544588 0.0590467128097 0.0377958556586 
0.00171102427052 0.0314322565116 0.011523693275 0.0131149389935 0.00608393069167 0.0169723514618 0.0182882055495 0.206039002643 0.0130606656712 0.0247544764851 0.0225395616163 0.0151342789422 0.0214973867896 0.017540832024 0.00221881045994 0.0121022985851 -0.00164467424045 0.000574450356725 0.00975377376717 0.0223650993166 0.0301181376926 0.00480259033471 0.0200481648859 0.0186161732346 0.0180543568397 0.0211298834915 0.0465989891866 0.0143449301607 0.00895621091809 0.00455328202171 0.0230010282332 0.0299769454153 0.0065252455405 0.0223857637253 0.00494916369117 0.0217785765646 0.0239217350777 0.015902580445 0.00252789258357 0.023510174298 0.00819935003816 0.0128083699858 0.0143247621964 0.0255174596108 0.0150000067238 0.0273440808991 0.0408349032211 0.0181381986172 0.0220905570329 0.0315794677175 
0.0558618638999 0.0178440107422 0.00921816518615 0.0217970305241 0.000927619401605 0.0144201842878 0.0054129414855 0.0130606656712 0.223305292987 0.0112908000193 0.0235986668757 0.00605544668566 -0.00113161725727 0.0102461706707 0.029706136715 -0.0055715422877 0.00160638156201 -0.00795163760422 0.0531060371055 0.00210830921588 0.00445101896156 0.0248401355982 0.0176320574788 -0.00119084403214 -0.00381146077434 0.00575829921774 0.0108902800753 0.0164359433673 0.0316323632682 0.0209501911114 0.0100023499613 0.0311198571098 0.00215676172027 0.0119421044009 0.00667455710555 0.0119119623999 0.00183483133128 0.0341928634115 0.0174367928452 0.0326154842317 0.0230559304709 0.0216690702715 0.0231004436844 0.0445173544963 0.00494995200445 0.00883504211181 0.0204780009717 0.019254376937 0.0355070506426 0.0219089811227 
0.0128736074787 0.0182018159797 -0.00654456851389 0.00778954576761 0.00667604366903 0.0135940350491 0.0680702926805 0.0247544764851 0.0112908000193 0.229677352937 0.0201831301834 0.0139547959161 0.0104328880035 0.0269105627313 0.0142281111741 0.0437510235007 0.00330970036652 0.130513967825 0.0101111818236 0.0134471013333 0.00765492571312 0.0217670107506 0.0249636232378 0.0169835398916 0.00593209813333 0.0255063364437 0.0239841169995 0.0209797781226 0.0125474514862 0.0200003039623 0.0176572970817 0.0255609876946 0.0270323007762 0.0203258606725 0.0142367871217 0.0128773119074 0.0319893840969 0.02332463577 0.0290570937145 0.0243379578624 0.0109314027545 0.0211253098948 0.0204218413816 0.0199615626411 0.00624936644353 0.0229539277269 0.0217177538121 0.0166073365799 0.0283121046651 0.0164751357414 
0.0139666761072 0.0265564586065 0.0235545840412 -0.00968724178019 0.0201382072895 0.00113957862162 0.0474704206643 0.0225395616163 0.0235986668757 0.0201831301834 0.449512377766 0.0161731124215 0.0164689920927 0.00651168384234 0.0172279791108 0.00300244971118 0.0123235411075 0.0252331045078 0.0165235400727 0.0166988417283 0.00565030508901 0.0299901558464 0.0196195483978 0.00970041367236 0.0193805570375 0.0148883698152 0.00754340902614 0.0298261089871 0.0235340254296 0.00330764958542 0.00144638734504 0.0235109618008 0.0215016351191 0.018146821612 0.00226893786983 0.015668314068 0.0240174521141 0.0216206551984 0.0148643160852 0.0220246291939 0.00110840769797 0.0016213013453 0.0143397331295 0.00810535820008 0.017416645072 0.0365574683551 0.00847844529059 0.00742559683431 0.018303031694 0.00775390574384 
0.0151671202565 0.0312484897501 0.0117871123035 0.012712686318 0.0396707378406 0.0139799270953 0.0661901856631 0.0151342789422 0.00605544668567 0.0139547959161 0.0161731124215 0.265133948161 0.0214188118364 0.0173437096453 0.0172675033544 0.0310298051862 0.00855398486265 0.00359701385452 0.0114753621658 0.0135091256649 0.0104725945651 0.0044963000598 0.00410149495269 0.0222397260522 0.0073603971753 0.0276406194223 0.0146228389984 -0.00193097071198 0.0335868826822 0.0499181061506 0.0209623037676 0.0413566747409 0.0394605785268 0.0137354585367 0.00980227868748 0.00367826257326 0.0154833728747 0.0125616124096 0.0305688334945 0.0505776108927 0.0012747640021 0.00796609683668 0.0232562359475 0.0106494387543 0.0186377050038 0.018658720627 0.0132761132921 0.0206869454499 0.0265537233483 0.0278425043636 
0.0142108961986 0.0383220886473 0.0106023522929 0.00874624626002 0.0283083506817 0.0130242372347 0.0516671162584 0.0214973867896 -0.00113161725727 0.0104328880035 0.0164689920927 0.0214188118364 0.484843970421 0.0292556425556 0.0252699886814 0.0548941949921 -0.00100588635627 0.000952884446701 0.0202651693802 0.0187269972967 -0.0144289346686 -0.00519403155911 0.0162293013914 0.0122843698949 0.00687610715875 0.0278484096431 0.010072015046 -0.00251871036618 0.00683988595891 0.0272596878611 0.040606362202 0.0565787316362 0.0419691857148 0.0101118784872 0.0194485657277 0.0325385405175 0.0369341322519 0.00281697398625 0.0164403577161 0.0165941431448 0.0239572325376 0.00202114716424 0.0347682921569 0.0174784661995 0.0122317459028 0.0105923248904 0.0200755056004 0.00107364711986 0.0374036757548 0.032321661846 
0.00542786676523 0.000945925860791 0.0108639136473 0.00512252127681 0.0180996150985 0.00183876486321 0.046782014432 0.017540832024 0.0102461706707 0.0269105627313 0.00651168384234 0.0173437096453 0.0292556425556 0.609800862359 -0.00437993107451 0.0326632683143 0.0213840505431 0.0145735724225 0.00174800092308 0.0185604354984 0.0185646099835 -0.00113772167447 0.0221690935327 0.0351055968721 0.0124345716953 -0.0047728944013 0.00153431206864 0.0241101266014 0.0261543596585 0.0301005285819 0.0491136444929 0.0333417508178 0.026095917777 0.00707726138961 0.0164529745615 0.0217470837895 0.0330600532738 -0.0026315988343 0.0179113932702 0.030960494487 0.0203941628719 0.0147752898738 0.0121135303757 0.00863923752827 0.0120777000699 0.0226978566966 0.022983392046 0.0118467053063 0.0157833990381 0.018916753953 
0.0216309510172 0.0340618627372 0.0130573720159 0.0227375587834 -0.00334473337317 0.000550125083903 0.0749569224063 0.00221881045994 0.029706136715 0.0142281111741 0.0172279791108 0.0172675033544 0.0252699886814 -0.00437993107451 0.33065028525 0.0140207435578 0.00667553972141 0.0479925123233 0.0490945411432 0.00161312615848 -0.00994447915308 0.130963708903 0.00472688501799 -0.0054334572132 0.00852593442221 0.00545123020901 0.0220800307389 0.0180219812256 0.0116915179419 0.00371949951065 0.037754807452 0.0363143912392 0.010978501901 0.00335331823056 0.0174693848177 0.0163568057436 0.00573791281531 0.11774510036 0.0962993869955 0.0223611241703 -0.00309330698245 0.00852899648981 -0.00498950833646 0.0313871448816 -0.00223048533833 0.0109584245098 0.00509974141382 0.0013249478042 0.0205833398598 -0.0171740763417 
0.0131697683296 0.0285933925164 0.0111376164995 -0.00138188964222 0.00431852916247 0.00910368296009 0.0998659223772 0.0121022985851 -0.0055715422877 0.0437510235007 0.00300244971118 0.0310298051862 0.0548941949921 0.0326632683143 0.0140207435578 0.440280406011 0.0331720298051 0.0605371507387 0.00179106701801 0.00523158259804 0.0482671267909 0.00566499563968 0.0160868111205 0.00781183165743 0.0576856871535 0.0226389472875 0.0237754271256 0.0182968556675 0.0327795307934 0.034339166685 0.0304561130892 0.039590319439 0.0396983463342 0.000558163393108 0.0178018298441 0.0536786996393 0.0711039269077 0.013799708438 0.0200665000948 0.0480210295684 0.00305302349518 0.0189508759008 0.00871878769816 0.0199865176033 0.00750070154091 0.0205374232792 0.0188246315395 0.0151281655456 0.03948653987 0.0226502352607 
0.00508116163143 0.00715500788229 -0.000674788244197 0.0109598793297 0.0213359716918 -0.00429534514526 0.00742283653102 -0.00164467424045 0.00160638156201 0.00330970036652 0.0123235411075 0.00855398486265 -0.00100588635627 0.0213840505431 0.00667553972141 0.0331720298051 0.40311536116 -0.015131134021 -0.00286817337536 0.0169986143603 0.000665337803408 0.0221988021937 0.00996850027794 0.0335705628893 0.0155958718381 -0.00292923808407 0.00710248862813 0.00871181081402 0.0335519279456 0.0215454022192 0.0324361771237 0.0442500856583 0.0286068649556 0.0111825697794 0.0129127823792 0.0129193460442 0.03871766881 0.0286629122407 0.0188677385732 0.0530606987077 0.0120665757493 0.0201849927731 0.0227238220733 0.0108577473175 0.00366116966707 0.0180497247218 0.0190491360213 0.01377932549 0.00698229854533 0.0157536395362 
0.0048188142885 0.00783198588899 0.00938346299625 -0.00382405196783 0.0149108758205 -0.0105630263322 0.0411428397277 0.000574450356725 -0.00795163760422 0.130513967825 0.0252331045078 0.00359701385452 0.000952884446701 0.0145735724225 0.0479925123233 0.0605371507387 -0.015131134021 1.88636692704 -0.00175639630781 -0.0020248743463 0.0168091827734 0.0244024575704 -0.0116211527102 -0.00419691317701 -0.00918177230764 -0.0120651697041 -0.00990016180475 -0.017553457018 -0.0242746888533 0.0199069158929 -0.0261337916439 -0.000730287004634 0.00830222667889 0.0147641852362 -0.00498945040844 -0.0198187247618 0.0116678195404 0.0180585234488 0.0663099705783 -0.0164769187703 0.0282206427667 -0.00769150960859 0.0472243207043 0.00264535140625 -0.00287838636252 0.00921041883912 -0.00163133135182 0.00599694207258 -0.0117703200533 0.0142882276064 
0.0388478522777 0.0179578478577 0.00687861403741 0.00441829681837 -0.00192239640078 0.00851584595988 0.00917056479406 0.00975377376717 0.0531060371055 0.0101111818236 0.0165235400727 0.0114753621658 0.0202651693802 0.00174800092308 0.0490945411432 0.00179106701801 -0.00286817337536 -0.00175639630781 0.18636915164 0.00500190325848 0.0116561510102 0.0445465972338 -0.000388805243117 -0.00538285770585 0.00272382853936 0.0184712094007 0.000209743117736 0.0051741070987 0.00645322191911 0.0341407036182 0.00321366463612 0.0230008636599 0.00113788979379 0.00969530521995 0.00729758892127 -0.00317381948401 0.0163136058008 0.0396216059159 0.0173023952062 0.0113016673166 0.0058363509883 0.010647771188 0.00927742965848 0.0408627481026 -0.000110054499511 -0.00496422791686 0.0174853057841 0.015106284083 0.0303307035184 0.00475066848098 
0.0116060246425 0.0183582801035 0.0166285983216 0.0112546939376 0.0181423425353 0.0218431202093 0.00938215220751 0.0223650993166 0.00210830921588 0.0134471013333 0.0166988417283 0.0135091256649 0.0187269972967 0.0185604354984 0.00161312615848 0.00523158259804 0.0169986143603 -0.0020248743463 0.00500190325849 0.148298704777 0.0121652605934 -0.0108724834757 0.019651607884 0.00943939656872 0.00188470120322 0.0179202697315 0.00291557750486 0.012298136485 0.00929921497038 0.00953740124081 0.00613891511059 0.0193734335216 0.0125450625565 0.0179139671813 0.0128533295717 0.0156957566848 0.0229378428879 0.00181128116292 -0.00276546494906 0.0245583393382 0.000844241071888 0.0126777883134 0.0148504018084 0.0106931569994 0.00794898047044 0.0187929868183 0.0152830528298 0.015056387521 0.0173425393612 0.00533952356261 
0.00662770282302 0.00784604112942 0.00260078631198 0.00516425255494 0.0340605110315 0.0310333502241 0.0218971288723 0.0301181376926 0.00445101896156 0.00765492571312 0.00565030508901 0.0104725945651 -0.0144289346686 0.0185646099835 -0.00994447915308 0.0482671267909 0.000665337803408 0.0168091827734 0.0116561510102 0.0121652605934 1.33475544805 0.0249166553836 0.020518558154 0.00903607238636 0.026132411775 0.0280671779003 -0.00307230206098 0.00403301459735 -0.0100329877056 0.0332489748523 0.0139830350028 0.0500021589776 0.00281373478796 0.0244252781629 0.0190964633082 0.0439293052563 0.0291650553954 -0.0248941958646 -0.00476321334272 0.00141761914555 0.0010656480951 0.019963148241 0.0260474319222 0.00518987832176 -0.000482744146607 0.0261495563673 0.0459105068988 -0.00508220774756 -0.0218527507467 0.0121164271472 
0.0178866317372 0.0534598050452 0.0137585497915 0.0218065106342 0.000358584822919 0.000613960033944 0.0802239338887 0.00480259033471 0.0248401355982 0.0217670107506 0.0299901558464 0.0044963000598 -0.00519403155911 -0.00113772167447 0.130963708903 0.00566499563968 0.0221988021937 0.0244024575704 0.0445465972338 -0.0108724834757 0.0249166553836 0.505312210825 0.0154915648502 0.00986755415984 0.002377661064 -0.00185230181124 0.0171259143309 0.0368157905614 0.00530298864235 0.0348239518629 0.0511738233188 0.0300965657113 0.0139941995298 0.0154995636215 0.0071669753495 0.0435176608301 0.00512499274845 0.175255467961 0.116236310346 0.057100556184 0.0259962892064 0.018310680742 0.0257286594074 0.0169642480012 0.0258558753346 0.0208034644082 0.00973203317191 0.00595564670147 0.0221024827779 0.00421522980442 
-0.00369152862231 -0.00243274235858 0.0215631997178 0.0183009070138 0.00909768076373 0.0103534930501 0.0124560662308 0.0200481648859 0.0176320574788 0.0249636232378 0.0196195483978 0.00410149495269 0.0162293013914 0.0221690935327 0.00472688501799 0.0160868111205 0.00996850027794 -0.0116211527102 -0.000388805243117 0.019651607884 0.020518558154 0.0154915648502 0.31998104803 0.0098896833513 0.0135715631415 0.0099999210892 0.0259749260124 0.00569542825662 0.0181703098638 0.00982622948482 0.00910218010219 0.0216251978394 0.00381868018981 0.00670230693611 0.000381976075588 0.0272009270362 0.0314327812506 0.0126773402758 0.00188439686107 -0.00311869366004 0.0032054712442 0.0239301515422 0.00653475444623 0.00936619367473 0.00379540724462 0.0105992745966 0.0187279414365 0.00109897745068 0.0127200382596 -0.00141220960349 
0.00750408477162 0.0180390954596 0.000735232144731 0.00427796601853 0.0152835274383 0.0100045536399 0.0123515015862 0.0186161732346 -0.00119084403214 0.0169835398916 0.00970041367236 0.0222397260522 0.0122843698949 0.0351055968721 -0.0054334572132 0.00781183165743 0.0335705628893 -0.00419691317701 -0.00538285770585 0.00943939656872 0.00903607238636 0.00986755415984 0.0098896833513 0.253667489185 0.0111518999704 0.0206035944059 0.0112542845741 0.0239948314753 0.0351395366896 0.00372354698866 0.00364066179898 0.0199302526816 0.0073958205615 0.0139580748722 0.000119756855522 0.0222559029435 0.0200351911363 0.0115288855329 0.0122317963843 0.0325113710796 -0.0107159336808 0.00864581525141 0.0130974700744 0.00292972533185 0.00615960700895 0.0271030680619 0.0226119519421 0.0166235507673 0.0167755818799 0.00929023118873 
0.0217891544543 0.0210242683415 0.0229777954844 0.0070342587584 0.0224207971051 0.0172348789183 0.0292614740246 0.0180543568397 -0.00381146077434 0.00593209813333 0.0193805570375 0.0073603971753 0.00687610715875 0.0124345716953 0.00852593442221 0.0576856871535 0.0155958718381 -0.00918177230764 0.00272382853936 0.00188470120322 0.026132411775 0.002377661064 0.0135715631415 0.0111518999704 0.378128147801 0.00994838196763 -0.00350732089802 0.00481754373016 0.0237852439274 -0.00185997280515 0.0043460404726 0.0364792180018 0.0340429019058 0.0250970809523 0.00256560276778 0.0307855075623 0.054748123196 0.010824597972 0.0167103579754 0.0140618592046 0.00856619817261 0.0105409566621 0.00464431802372 0.0118740131992 -0.00140050004492 0.00954812664449 0.0137152204213 0.0232495389088 0.0116537755341 0.022586072855 
0.021468389985 0.0195785805668 0.00488183782297 0.0102405659576 0.0245886974761 0.0273834275967 0.0424106882797 0.0211298834915 0.00575829921774 0.0255063364437 0.0148883698152 0.0276406194223 0.0278484096431 -0.0047728944013 0.00545123020901 0.0226389472875 -0.00292923808407 -0.0120651697041 0.0184712094007 0.0179202697315 0.0280671779003 -0.00185230181123 0.0099999210892 0.0206035944059 0.00994838196763 0.238072446572 0.0093272079321 0.0161772564444 0.0353808251199 0.0226382018452 0.00602649996817 0.0423385305192 0.0318487012199 0.00743417897442 0.01251380862 0.00670178705091 0.0260679870465 -0.000372639120919 0.0164461087107 0.0254386804123 0.00527393102589 0.00999126813441 0.014074188152 0.0284099859565 0.0238389619695 0.0167175445352 0.0230795675081 0.0166413635547 0.0515296703081 0.00109558703524 
0.0141152650247 0.051866602469 0.002414087328 0.00696884988277 0.0309039210733 0.0128820155388 0.062827857095 0.0465989891866 0.0108902800753 0.0239841169995 0.00754340902614 0.0146228389984 0.010072015046 0.00153431206864 0.0220800307389 0.0237754271256 0.00710248862813 -0.00990016180475 0.000209743117736 0.00291557750486 -0.00307230206098 0.0171259143309 0.0259749260124 0.0112542845741 -0.00350732089802 0.0093272079321 0.310445181543 0.00415352362217 1.09702929843e-05 0.0349734368953 0.0441029887393 0.0254167148424 0.042169706233 0.0236736448977 0.0257437197939 0.0211855266376 0.0163955216054 -0.000643440796592 0.0116900835728 0.037680258694 0.00478334361965 0.00462952263319 0.0236427712388 0.0168007753563 0.0104579107382 0.0243473352557 0.0164250075947 0.0194854167904 0.0426594089235 0.0543179672191 
0.00395457816363 0.0283834399292 0.00611942649465 0.00760234298617 -0.001429757462 0.00741044742916 0.0452938789795 0.0143449301607 0.0164359433673 0.0209797781226 0.0298261089871 -0.00193097071198 -0.00251871036618 0.0241101266014 0.0180219812256 0.0182968556675 0.00871181081402 -0.017553457018 0.0051741070987 0.012298136485 0.00403301459735 0.0368157905614 0.00569542825662 0.0239948314753 0.00481754373016 0.0161772564444 0.00415352362217 0.514278112714 0.0370778083765 0.0110226867352 0.017278454814 0.00610046415646 0.00848544216438 0.00022437524494 -0.00332477750336 0.00713623439246 0.0161040231572 0.0182537639159 0.0297048627998 -0.00849294092931 0.0103105193423 0.0190421451257 0.0103892977185 0.0158780514977 0.0174029607902 0.000928306869962 0.0356700452386 -0.00145853096052 0.0188925111857 0.011859025687 
0.0323487294809 0.0445125355003 -0.000197159531084 0.0200068776849 -0.0163455946082 0.0126720967521 0.0417207038582 0.00895621091809 0.0316323632682 0.0125474514862 0.0235340254296 0.0335868826822 0.00683988595891 0.0261543596585 0.0116915179419 0.0327795307934 0.0335519279456 -0.0242746888533 0.00645322191911 0.00929921497038 -0.0100329877056 0.00530298864235 0.0181703098638 0.0351395366896 0.0237852439274 0.0353808251199 1.09702929842e-05 0.0370778083765 0.394480573858 0.006023032021 0.0147611255511 0.0283057506095 0.0101012900615 0.0359910356116 0.0159939269429 0.00613125686489 0.0351848801205 0.0141190041778 0.000847685881758 0.0354558964011 0.0186664260045 0.0184627484328 0.00917284412365 0.018200467319 0.0203513649126 0.0126248958387 0.0239601743698 0.0201959766518 0.0116143212857 0.0149599438045 
0.00515460941799 0.0394017612513 0.00642711099208 -0.00446866982624 0.0572915117751 0.00438034378426 0.0480642542193 0.00455328202171 0.0209501911114 0.0200003039623 0.00330764958542 0.0499181061506 0.0272596878611 0.0301005285819 0.00371949951065 0.034339166685 0.0215454022192 0.0199069158929 0.0341407036182 0.00953740124081 0.0332489748523 0.0348239518629 0.00982622948482 0.00372354698866 -0.00185997280515 0.0226382018452 0.0349734368953 0.0110226867352 0.006023032021 0.903100596463 0.0155902635174 0.0777800357035 0.0951118979223 -0.000222654255505 0.0212104571295 0.0790235705873 0.026323131536 0.0256617078283 0.0568184452445 0.0352401894397 0.0171517467625 0.025524407387 0.0469563661739 0.0219843004376 0.0141361726364 0.0480618885156 0.0226662769886 1.24987519445e-05 0.0567847791795 0.0231045925756 
0.0277529906109 0.0259223141441 0.00829314870943 0.0136192753781 0.0361529396937 0.0191082440188 0.0491984314099 0.0230010282332 0.0100023499613 0.0176572970817 0.00144638734504 0.0209623037676 0.040606362202 0.0491136444929 0.037754807452 0.0304561130892 0.0324361771237 -0.0261337916439 0.00321366463612 0.00613891511059 0.0139830350028 0.0511738233188 0.00910218010219 0.00364066179898 0.0043460404726 0.00602649996817 0.0441029887393 0.017278454814 0.0147611255511 0.0155902635174 0.372866126347 0.0200205266873 0.0488669949435 -0.00255441458417 0.0131767839601 0.0206958844117 0.0139856323302 0.0349082136142 0.0394305910794 0.0500683432223 0.0133889747516 0.0144440865262 0.0128495559498 0.0181389088773 0.00845676980374 -0.00457565831628 0.0132175420247 0.0130785703246 0.0233294243299 0.0421434439388 
0.0154065275812 0.0189399867992 0.00105614806726 0.0180851110714 0.0461198478636 0.0198667134184 0.071923680536 0.0299769454153 0.0311198571098 0.0255609876946 0.0235109618008 0.0413566747409 0.0565787316362 0.0333417508178 0.0363143912392 0.039590319439 0.0442500856583 -0.000730287004635 0.0230008636599 0.0193734335216 0.0500021589776 0.0300965657113 0.0216251978394 0.0199302526816 0.0364792180018 0.0423385305192 0.0254167148424 0.00610046415646 0.0283057506095 0.0777800357035 0.0200205266873 0.291937624716 0.0278528421849 0.0110686949429 0.0362043953399 0.0335659696308 0.0407990500738 0.0218267025531 0.0352011917373 0.0288250445422 0.0102304346682 0.0179047353995 0.0235168496603 0.0267486972255 0.00831038286174 0.0483591335304 0.0362123020511 0.0221717102159 0.0984124933079 0.0428666718079 
0.00581731897339 0.0368098081182 0.0422490535249 0.00868988035124 0.0800254976432 0.00185442409923 0.059879044906 0.0065252455405 0.00215676172027 0.0270323007762 0.0215016351191 0.0394605785268 0.0419691857148 0.026095917777 0.010978501901 0.0396983463342 0.0286068649556 0.00830222667889 0.00113788979379 0.0125450625565 0.00281373478796 0.0139941995298 0.00381868018981 0.0073958205615 0.0340429019058 0.0318487012199 0.042169706233 0.00848544216438 0.0101012900615 0.0951118979223 0.0488669949435 0.0278528421849 0.319632230908 0.00626667680286 0.0257583580767 0.00852029423592 0.0332885526264 0.00649454778118 0.0283502016207 0.0426775722437 0.0123140824111 0.00295133926214 0.023167717349 0.00837735324383 0.00217046332547 0.0356238226848 0.0102050814449 0.00193850464811 0.0540709062056 0.0106698657895 
0.00183371913906 0.0236583639546 0.00435893133986 0.00831818754877 0.00641564444396 0.00321113932063 0.0224631342211 0.0223857637253 0.0119421044009 0.0203258606725 0.018146821612 0.0137354585367 0.0101118784872 0.00707726138961 0.00335331823056 0.000558163393108 0.0111825697794 0.0147641852362 0.00969530521995 0.0179139671813 0.0244252781629 0.0154995636215 0.00670230693611 0.0139580748722 0.0250970809523 0.00743417897442 0.0236736448977 0.000224375244941 0.0359910356116 -0.000222654255505 -0.00255441458417 0.0110686949429 0.00626667680286 0.171218158694 0.0168508420564 0.00856467000604 0.015193461223 0.00508057372576 0.0017217774884 0.010680156689 0.0257836066376 -0.00501321479797 0.0119833282365 0.0174629987269 0.00663978895958 0.00740129146103 0.0162811295789 0.0231847800184 0.0080309551775 0.0185127403349 
0.00451757649431 0.0360139738093 0.0110679376967 0.0112514492788 0.0247235483834 0.0120004665651 0.0344200707856 0.00494916369117 0.00667455710555 0.0142367871217 0.00226893786983 0.00980227868748 0.0194485657277 0.0164529745615 0.0174693848177 0.0178018298441 0.0129127823792 -0.00498945040844 0.00729758892127 0.0128533295717 0.0190964633082 0.0071669753495 0.000381976075588 0.000119756855522 0.00256560276778 0.01251380862 0.0257437197939 -0.00332477750336 0.0159939269429 0.0212104571295 0.0131767839601 0.0362043953399 0.0257583580767 0.0168508420564 0.138096687619 0.0152446303133 0.013563132227 0.0112423651278 0.0133026875936 0.0273222613047 0.00534702667855 0.00619669027297 0.0212018031804 0.0205010420918 0.00938169424713 0.0218541595837 0.0139153870434 0.00885120787669 0.0218979895248 0.0134813687519 
0.0164825419436 0.0187949984614 0.0206652071038 0.0252996308027 0.00543474382282 0.00765872510281 0.0462590119622 0.0217785765646 0.0119119623999 0.0128773119074 0.015668314068 0.00367826257326 0.0325385405175 0.0217470837895 0.0163568057436 0.0536786996393 0.0129193460442 -0.0198187247618 -0.00317381948401 0.0156957566848 0.0439293052563 0.0435176608301 0.0272009270362 0.0222559029435 0.0307855075623 0.00670178705091 0.0211855266376 0.00713623439246 0.00613125686489 0.0790235705873 0.0206958844117 0.0335659696308 0.00852029423592 0.00856467000604 0.0152446303133 0.713723678087 0.018215245663 0.0274356334908 0.0390046305966 0.0302019615038 0.015147355744 0.0470648846396 0.0314812452018 0.00844855992422 0.00234710064838 0.0302290699154 0.0153022035397 0.0106914423008 0.0351004716567 0.0351625784785 
0.00296471750137 0.0208428723702 0.0300584735981 0.00547746936106 0.0377052479853 0.0140048905185 0.0345033144375 0.0239217350777 0.00183483133128 0.0319893840969 0.0240174521141 0.0154833728747 0.0369341322519 0.0330600532738 0.00573791281531 0.0711039269077 0.03871766881 0.0116678195404 0.0163136058008 0.0229378428879 0.0291650553954 0.00512499274845 0.0314327812506 0.0200351911363 0.054748123196 0.0260679870465 0.0163955216054 0.0161040231572 0.0351848801205 0.026323131536 0.0139856323302 0.0407990500738 0.0332885526264 0.015193461223 0.013563132227 0.018215245663 0.395364864783 0.0123727677421 0.0301402435518 0.0179833858137 0.00217150133154 0.0222427645203 0.00200374363864 0.0256546276581 0.00828312090448 0.0346458701189 0.0220734529344 0.0124070496702 0.0336543791523 0.0168894873694 
0.0284162478584 0.0452748768448 0.0252427810347 0.0137098476309 0.00151372469437 0.00413319041502 0.0659466116305 0.015902580445 0.0341928634115 0.02332463577 0.0216206551984 0.0125616124096 0.00281697398625 -0.0026315988343 0.11774510036 0.013799708438 0.0286629122407 0.0180585234488 0.0396216059159 0.00181128116292 -0.0248941958646 0.175255467961 0.0126773402758 0.0115288855329 0.010824597972 -0.000372639120919 -0.000643440796592 0.0182537639159 0.0141190041778 0.0256617078283 0.0349082136142 0.0218267025531 0.00649454778118 0.00508057372576 0.0112423651278 0.0274356334908 0.0123727677421 0.373686655848 0.1196694917 0.052077248252 0.0060620129247 0.0078280887406 0.00436379729384 0.047143205937 0.000955591362597 0.0249763464286 0.0102815312045 0.0174605446165 0.00999296647586 0.00920345955358 
0.0288066024082 0.0286048656002 0.0156318045342 0.00153125527978 0.0129512621121 0.00571356094929 0.0658582391182 0.00252789258357 0.0174367928452 0.0290570937145 0.0148643160852 0.0305688334945 0.0164403577161 0.0179113932702 0.0962993869955 0.0200665000948 0.0188677385732 0.0663099705783 0.0173023952062 -0.00276546494906 -0.00476321334272 0.116236310346 0.00188439686107 0.0122317963843 0.0167103579754 0.0164461087107 0.0116900835728 0.0297048627998 0.000847685881758 0.0568184452445 0.0394305910794 0.0352011917373 0.0283502016207 0.0017217774884 0.0133026875936 0.0390046305966 0.0301402435518 0.1196694917 0.460418245802 0.0301336739483 0.00577723645684 0.00853213207168 0.00513721953383 0.0370895162782 -0.000921783476303 0.0186109584193 -0.000601440378193 -0.00452180378551 0.0274148865224 0.0201306878506 
0.0221250175389 0.03134425973 -0.00503809775666 -0.00399491509394 0.0475273352401 0.00495056657678 0.0494240564935 0.023510174298 0.0326154842317 0.0243379578624 0.0220246291939 0.0505776108927 0.0165941431448 0.030960494487 0.0223611241703 0.0480210295684 0.0530606987077 -0.0164769187703 0.0113016673166 0.0245583393382 0.00141761914555 0.057100556184 -0.00311869366003 0.0325113710796 0.0140618592046 0.0254386804123 0.037680258694 -0.00849294092931 0.0354558964011 0.0352401894397 0.0500683432223 0.0288250445422 0.0426775722437 0.010680156689 0.0273222613047 0.0302019615038 0.0179833858137 0.052077248252 0.0301336739483 0.542962700127 0.0164684876204 0.0109505288188 0.146773392196 0.0271786387456 0.0338629346217 0.0345134415401 0.0216447919431 0.0075228159179 0.0319582894053 0.0172804530816 
0.00640032658513 0.00497514259709 0.00929905308948 0.00941861773691 0.00915733499459 0.008888730873 0.0178496014783 0.00819935003816 0.0230559304709 0.0109314027545 0.00110840769797 0.0012747640021 0.0239572325376 0.0203941628719 -0.00309330698245 0.00305302349518 0.0120665757493 0.0282206427667 0.0058363509883 0.000844241071888 0.0010656480951 0.0259962892064 0.0032054712442 -0.0107159336808 0.00856619817261 0.00527393102589 0.00478334361965 0.0103105193423 0.0186664260045 0.0171517467625 0.0133889747516 0.0102304346682 0.0123140824111 0.0257836066376 0.00534702667855 0.015147355744 0.00217150133154 0.0060620129247 0.00577723645684 0.0164684876204 0.22296113941 -0.0001937494653 0.00186557054989 -0.000873313831491 0.014989132492 0.00585246269119 0.00577059036647 0.00504311956496 0.0177890489629 0.0049094047908 
0.0168918855041 0.0264782504439 -0.00325722841161 0.0132046370771 0.00736866147356 0.00517947544117 0.0183817497986 0.0128083699858 0.0216690702715 0.0211253098948 0.0016213013453 0.00796609683668 0.00202114716424 0.0147752898738 0.00852899648981 0.0189508759008 0.0201849927731 -0.00769150960859 0.010647771188 0.0126777883134 0.019963148241 0.018310680742 0.0239301515422 0.00864581525141 0.0105409566621 0.00999126813441 0.00462952263319 0.0190421451257 0.0184627484328 0.025524407387 0.0144440865262 0.0179047353995 0.00295133926214 -0.00501321479797 0.00619669027297 0.0470648846396 0.0222427645203 0.0078280887406 0.00853213207168 0.0109505288188 -0.0001937494653 0.24105735619 0.00822655867742 0.0203093642635 -0.00994459146896 0.000374030300203 0.0230421341681 0.0159362873151 0.0198334403904 0.00420080233936 
0.0219119973344 0.0650972755191 -0.00880432693388 0.0124256244155 0.0201273240887 0.00846611865787 0.0258861279161 0.0143247621964 0.0231004436844 0.0204218413816 0.0143397331295 0.0232562359475 0.0347682921569 0.0121135303757 -0.00498950833646 0.00871878769816 0.0227238220733 0.0472243207043 0.00927742965848 0.0148504018084 0.0260474319222 0.0257286594074 0.00653475444623 0.0130974700744 0.00464431802372 0.014074188152 0.0236427712388 0.0103892977185 0.00917284412365 0.0469563661739 0.0128495559498 0.0235168496603 0.023167717349 0.0119833282365 0.0212018031804 0.0314812452018 0.00200374363864 0.00436379729384 0.00513721953383 0.146773392196 0.00186557054989 0.00822655867742 0.551953803531 0.00865468719024 0.0153985719351 0.011314376685 0.0145401361369 0.0186742108722 0.0212950179484 0.0226670290912 
0.0401373218836 0.0222687284509 -0.00061664712584 0.00772045802105 0.015271744261 0.0104997215091 0.00668632938844 0.0255174596108 0.0445173544963 0.0199615626411 0.00810535820008 0.0106494387543 0.0174784661995 0.00863923752827 0.0313871448816 0.0199865176033 0.0108577473175 0.00264535140625 0.0408627481026 0.0106931569994 0.00518987832176 0.0169642480012 0.00936619367473 0.00292972533185 0.0118740131992 0.0284099859565 0.0168007753563 0.0158780514977 0.018200467319 0.0219843004376 0.0181389088773 0.0267486972255 0.00837735324383 0.0174629987269 0.0205010420918 0.00844855992422 0.0256546276581 0.047143205937 0.0370895162782 0.0271786387456 -0.000873313831491 0.0203093642635 0.00865468719024 0.173250949047 0.0096204250357 0.00587030419609 0.0270641323854 0.0168019300849 0.0261502249521 0.0209997402775 
0.0209127760281 0.00917799394982 -0.000475811628009 0.0134961994109 -0.00387238118027 0.0157160365943 0.0119192434418 0.0150000067238 0.00494995200445 0.00624936644353 0.017416645072 0.0186377050038 0.0122317459028 0.0120777000699 -0.00223048533833 0.00750070154091 0.00366116966707 -0.00287838636252 -0.000110054499511 0.00794898047044 -0.000482744146607 0.0258558753346 0.00379540724462 0.00615960700895 -0.00140050004492 0.0238389619695 0.0104579107382 0.0174029607902 0.0203513649126 0.0141361726364 0.00845676980374 0.00831038286174 0.00217046332547 0.00663978895958 0.00938169424713 0.00234710064838 0.00828312090448 0.000955591362597 -0.000921783476302 0.0338629346217 0.014989132492 -0.00994459146896 0.0153985719351 0.0096204250357 0.245279093858 0.00426934694483 0.0129296901607 0.00766335451934 0.0072783639726 0.00527764693416 
-0.0157449458848 0.0233841050153 0.0207872139061 -0.00100914616826 0.0240489684082 0.0155922322222 0.0713442315181 0.0273440808991 0.00883504211181 0.0229539277269 0.0365574683551 0.018658720627 0.0105923248904 0.0226978566966 0.0109584245098 0.0205374232792 0.0180497247218 0.00921041883912 -0.00496422791686 0.0187929868183 0.0261495563673 0.0208034644082 0.0105992745966 0.0271030680619 0.00954812664449 0.0167175445352 0.0243473352557 0.000928306869962 0.0126248958387 0.0480618885156 -0.00457565831628 0.0483591335304 0.0356238226848 0.00740129146103 0.0218541595837 0.0302290699154 0.0346458701189 0.0249763464286 0.0186109584193 0.0345134415401 0.00585246269119 0.000374030300203 0.011314376685 0.00587030419609 0.00426934694483 0.371509280848 0.0127972361963 0.00232479384405 0.0291344580265 0.0070155718726 
0.0116092878862 0.0166119140112 0.0105158312786 0.00823708227857 0.0101688904391 0.0225378012203 0.0216578142688 0.0408349032211 0.0204780009717 0.0217177538121 0.00847844529059 0.0132761132921 0.0200755056004 0.022983392046 0.00509974141382 0.0188246315395 0.0190491360213 -0.00163133135182 0.0174853057841 0.0152830528298 0.0459105068988 0.00973203317191 0.0187279414365 0.0226119519421 0.0137152204213 0.0230795675081 0.0164250075947 0.0356700452386 0.0239601743698 0.0226662769886 0.0132175420247 0.0362123020511 0.0102050814449 0.0162811295789 0.0139153870434 0.0153022035397 0.0220734529344 0.0102815312045 -0.000601440378193 0.0216447919431 0.00577059036647 0.0230421341681 0.0145401361369 0.0270641323854 0.0129296901607 0.0127972361963 0.133284371416 0.0119199699936 0.0306138434311 0.0145064605351 
0.00806463359087 0.028920299831 0.0041527518507 0.0292890165437 0.00376741006447 0.00294733133348 0.0165668544588 0.0181381986172 0.019254376937 0.0166073365799 0.00742559683431 0.0206869454499 0.00107364711985 0.0118467053063 0.0013249478042 0.0151281655456 0.01377932549 0.00599694207258 0.015106284083 0.015056387521 -0.00508220774756 0.00595564670147 0.00109897745068 0.0166235507673 0.0232495389088 0.0166413635547 0.0194854167904 -0.00145853096052 0.0201959766518 1.24987519442e-05 0.0130785703246 0.0221717102159 0.00193850464811 0.0231847800184 0.00885120787669 0.0106914423008 0.0124070496702 0.0174605446165 -0.00452180378551 0.0075228159179 0.00504311956496 0.0159362873151 0.0186742108722 0.0168019300849 0.00766335451934 0.00232479384405 0.0119199699936 0.264730622059 0.0146203431902 0.0110463057955 
