60
0.0256056876134 0.0261881624723 0.102128665084 0.0313696733512 0.112290577846 0.0522861094618 0.0218855159469 0.0330111524363 0.0361599942098 0.0375994121509 0.0952892642352 0.0441448787565 0.0707348977441 0.0610020106181 0.199130076205 0.0289058353667 0.0146510565804 0.148169679735 0.0442230302855 0.0540864966038 0.0511846892664 0.0380825412642 0.0254158643172 0.0590558874601 0.0383245101253 0.0896788789081 0.0514292405054 0.0425593974561 0.0832698050771 0.0592302274211 0.0210054402465 0.0565518641406 0.0466521206007 0.0535662105727 0.0297209295042 0.0130713531851 0.018453974145 0.0265727047954 0.0597094198611 0.0936563270582 0.0782010317916 0.0852779749864 0.0793031051092 0.0399774891594 0.045915457725 0.0255776045185 0.0878126089614 0.0484031048171 0.200970993098 0.0533286406295 0.0565521495323 0.0378384564622 0.0597278634654 0.0348828940045 0.0295384146509 0.132143501856 0.0435638119902 0.0672535079153 0.0424048973372 0.10135047428 
0.215064361942 0.00747922584387 0.00630470645142 0.001423557211 -0.00498085036882 0.0109533931372 0.0101658383403 0.0144647631361 0.0106628180577 0.0164766763809 0.011810390667 0.00321854462226 -0.00218767061985 -0.000569255990906 0.0062821850053 0.0176475379116 0.0175542101328 -0.00366129890334 0.00808394856999 0.000453513000238 0.0111730872692 0.0226624959763 0.0216778937104 0.0203121827654 -0.0122825911297 0.006818347413 0.0139950337924 0.00432699039998 0.00641921267417 0.0113930392549 0.00295306835104 0.0154758744331 0.00621261200622 0.0103852259885 0.014637186436 0.00915624384497 -0.00132716462305 0.00473886027627 0.00515805538572 -0.00286440805441 -0.00060242795809 0.0178332262278 0.0238927833825 -0.00315006680491 0.0122170607554 0.00847891002664 0.00763503488168 0.0108604008547 0.0212075818529 0.0183055980954 0.00801533062231 0.0022849795143 0.00678043952678 0.00644939086154 0.0165549639303 0.0162469067728 0.000284575439798 0.0187448993114 0.00728459822943 0.00855907544695 
0.00747922584387 0.246486357136 0.0118942163992 0.0118873877447 0.0131426153336 0.0146106227573 0.00586577183837 0.0175508067719 -0.00199916249134 0.0138400157041 0.0167913711359 0.00860874931304 0.0140429400171 0.00728806418389 0.00764437906505 0.0115267033175 0.0126902985424 -0.0118486174504 0.0256545379913 0.0104357508417 0.00859819533707 0.0100486187937 0.0161219095498 0.00214603531986 0.020757941283 0.000723676588366 0.00692512424201 0.0166325762245 0.00213778125924 0.0199625835831 0.00148354983899 0.00944506077738 0.0112197171079 0.0101584226394 -0.00250873266528 0.00256359325325 0.016776008117 0.00682648833769 0.0141897225176 0.0037050786417 0.00637165588541 0.0377373788061 0.0185805201778 0.00395562724264 0.00847864702321 0.00699136679492 0.00604349594135 0.00879194895782 0.0242585196186 0.00820483976209 -0.000541822298934 0.00755844813823 0.0134050197989 0.010447731748 0.019755415726 0.0120204447269 0.0151170729713 0.015242227634 0.0135560379773 0.0810250481166 
0.00630470645142 0.0118942163992 0.67315385214 0.0116096355352 0.03442788251 0.0115963705588 0.0121501082187 0.0129125785472 -0.0108197954593 0.0268221682088 -0.0126402983653 0.0169439194226 0.00234762635689 0.0328272566172 0.0478667273116 0.00813480035709 0.0034149637279 0.0586097974247 0.0149422306177 0.0297867672309 0.0402145089883 0.0221409130272 -0.00793640800178 -0.00614724268516 0.0255009452244 0.0733702596631 0.0292007349325 0.0253090841288 0.00997297327067 0.00100526915408 -0.00166521445328 0.00809776472175 -0.000604286152899 0.010635628154 -0.00248977550066 -0.00516994549425 0.0363542598596 0.00493860660103 0.0223141918504 0.0442759374337 0.0526792886231 0.00118829013481 0.031315128323 0.00101809447538 0.0279741467792 0.00555786665593 0.0379186635889 0.020772741469 0.000707630843365 0.0268471506874 0.0122631249737 0.00336986513512 0.00900685005369 0.0138664946915 0.01469158744 0.0186429506479 -0.0032365042542 0.0288874759004 0.00737814493748 0.043553508733 
0.001423557211 0.0118873877447 0.0116096355352 0.1724318076 0.0204623487118 0.0112799760841 -0.00113258732939 0.0219185164407 0.0194942942926 0.00810585223827 0.0143884297594 0.0281959872936 0.00382222976113 0.0170110480815 0.0161088437762 0.00900740841007 0.00896796128374 3.07922939319e-07 0.0185802693414 0.0110837826172 0.00985070207011 0.00694625232908 0.0154070740481 0.0153197139306 0.00427197869499 0.00450192948218 0.0206267022423 0.0222160297228 0.0148171203562 0.0104667060715 0.000238237124454 0.0114540305217 0.0198150487223 0.0107348308438 0.0115826333003 0.0158660255882 4.99549474115e-05 0.0125793357158 0.00709790974212 -0.00266874855937 0.00581358094389 0.0408267097923 0.0299578008796 -0.00207561205594 0.0104963035719 -0.00522990746793 0.0170835970313 0.0164309195669 -0.00195111763016 0.0212473673911 -0.00909231483301 -0.00737673769886 0.0235093407863 0.0110464635123 0.018896014877 0.0010416238297 0.0141518605333 0.0179679662393 0.00218298931139 0.009171512243 
-0.00498085036882 0.0131426153336 0.03442788251 0.0204623487118 0.435381288314 0.019199277268 0.0015601770539 0.0166248507851 0.0129003875832 -0.00122183003198 0.0223127689506 0.0215022623261 0.00176528554777 0.0330135678998 0.0789168166619 0.0384937793781 0.000787559156947 0.0382735753744 0.0333666447717 0.022685637368 0.0286720685757 0.00988463731408 0.0295367973101 0.0161895945594 0.0199266796971 0.0328564841826 0.0332224956696 0.0116210150469 0.156340028804 0.00431774308501 -0.00757333679243 0.0153417699533 0.0303518151275 0.022595116888 0.00058411934997 0.015184333998 0.00816872715186 0.0285234018119 0.0228482581654 0.0208554085565 0.037050482129 0.0122563861807 0.0141936104661 -0.0103571903457 0.0157331898646 0.00736181847657 0.0521084613745 0.0381167220064 -0.0116478311051 0.0219294363433 0.0274015129588 0.0495330545098 0.0386575317615 0.0379785757634 0.00778468777414 0.178874262193 0.00423289201096 0.00870832488609 -0.0129755559162 0.0324523707484 
0.0109533931372 0.0146106227573 0.0115963705588 0.0112799760841 0.019199277268 0.295199297828 0.00910800307342 0.027755598211 0.0151724825765 0.0173897843316 0.0616261128834 0.0287703286745 -0.00307084299341 -0.00579361427986 0.0403508367562 0.0136291838952 0.0053240539027 0.0244423548205 0.0274966198682 -0.00367880124433 0.0449344925665 0.0183726838432 0.0167826221475 0.0198799604989 0.0206826715238 0.0316543348704 0.0165179433506 0.0499002712108 0.00545400805711 0.00991958619527 0.00128990098586 0.0298014811561 0.0042180155885 0.026864000145 0.0118339560654 0.00666199126546 0.0159561454814 0.0341755822111 0.0203579291275 0.027139947971 -0.00792854405859 0.0113693980942 0.0148117420897 -0.00161587146734 0.0185174595949 0.00726051883298 0.0386041325519 0.0454842204329 -0.0075516885479 0.0227489947467 0.0336482896435 0.00285824029832 0.0654637837616 0.0302055868607 0.0196845350968 0.0258471634068 0.00771580535772 0.032314349441 0.0155657483646 0.0419908102667 
0.0101658383403 0.00586577183837 0.0121501082187 -0.00113258732939 0.0015601770539 0.00910800307342 0.157480919724 0.0110105684749 0.0116349885476 0.00947868702175 -0.00474608601202 0.0102190834775 0.0180572513287 0.0146837326873 0.010759400328 -0.00401194803476 0.00535989694389 -0.00311330344424 -0.000495162400928 -0.00331132684127 0.0136132033357 0.00282162237141 -0.00151785942099 0.025305395721 0.0107953996421 0.00279628296885 0.00852989692166 0.0116271832986 0.00880055747799 0.00952044271307 0.0199640331708 0.00982782343151 -0.000454036590098 0.0152192767439 0.00949831103848 0.0134806560897 0.00998882957803 0.00398757807349 -0.00497372128134 -0.0043418921114 -0.0116752133092 0.00847356020806 0.00839869037079 0.000310144398053 -0.00484293946415 0.0164578678608 -0.00922913628993 0.00613875214363 0.00418347945775 0.00289317027455 0.0138916347121 0.00508086050771 0.00778986845372 0.00603930707708 0.00501602107529 0.000999906264001 0.0056226775133 0.0129625557251 0.0070982957987 0.0126771529323 
0.0144647631361 0.0175508067719 0.0129125785472 0.0219185164407 0.0166248507851 0.027755598211 0.0110105684749 0.309068054148 0.0162609532437 0.0170099139303 0.0194923536906 0.0224318638848 0.0193244940843 0.0238532910643 0.00326132210473 0.0145571800589 0.0193743653895 0.0309313521514 0.0373382851811 0.0152476535677 0.0184073792947 0.00530901464323 0.0271154834473 0.0194756180236 0.0599294812009 0.0257729310398 0.0342487140723 0.0296050634328 5.57231563589e-06 0.0201746435503 0.00519613222274 0.015970290728 0.011541309688 0.0191415658981 0.00644995999982 -0.00243308598482 0.0046581733249 0.00872793207319 0.0309871533787 0.00431038218242 0.00991518082646 0.0416645835678 0.0176589021161 -0.00437976199264 0.0175641320118 0.0122681272444 0.0240859759467 0.0261692245009 0.00710952387502 0.0120055729851 0.0143816861787 0.00204845483211 0.029859815197 0.00863169225971 0.0106855798346 0.00180212969494 0.0105880212098 0.0507885676188 0.00581744022505 0.0194745040227 
0.0106628180577 -0.00199916249134 -0.0108197954593 0.0194942942926 0.0129003875832 0.0151724825765 0.0116349885476 0.0162609532437 0.225457138142 0.0209184249294 -0.00171536928497 0.0238648294939 0.00702197238075 -0.00374410747293 0.014135192975 0.0108165217408 0.00180310091607 0.026749901366 0.0199025978105 0.017649663106 0.00224243092847 0.0129308027719 0.00748691843977 0.0125931594716 0.00510031524522 0.0126627279244 0.0342883970763 0.020336333881 0.0350610205425 0.0110615045589 0.00441298465278 0.0341029432278 0.0588521088092 0.0347305145327 0.00222859052091 0.0429699658916 0.00323781206451 0.0094349582942 -0.00403092266657 0.0135595709287 0.0198364551405 0.0306179305455 -0.0035223573041 0.0209330228006 -0.00648570592799 0.0149109177845 0.00510767184742 0.00484889723362 0.0174634222084 0.0102758591063 0.0260536208553 0.0162139991376 0.00787025770216 -0.00489554475611 0.0150173446253 0.0274967465015 0.0180991252962 0.00961385727223 0.00721987442542 0.0160721881739 
0.0164766763809 0.0138400157041 0.0268221682088 0.00810585223827 -0.00122183003198 0.0173897843316 0.00947868702175 0.0170099139303 0.0209184249294 0.26184883167 0.00491805768207 0.00974388953192 0.0134018336093 0.0079822194315 0.0233377623492 0.00790244046538 0.0156172340962 -0.012221553386 0.0149438289676 0.0136880180065 -0.00928120703173 0.0131689345464 0.0204398450725 0.0171874251037 0.00941596583025 -0.00865669786577 0.0132411894662 0.0156216571591 0.011442220524 0.0161044274462 0.00667167887066 0.00780492846821 0.0160314695164 0.0154460144753 0.00963483681001 0.0132643656935 0.0108200936191 0.0214338294318 0.00279538842015 -0.022134874247 0.010173829758 0.0213477699787 0.00722453365859 0.00727113197517 0.00712845513265 0.000773200710999 0.0153296846812 0.018847613571 0.0225795496945 0.0150765240027 -0.00250899543731 0.0154505060049 0.00396914496222 0.00720147758557 0.0200225332399 -0.00591144641777 0.0118158563619 0.0117111521201 0.00685121791519 0.0169128130334 
0.011810390667 0.0167913711359 -0.0126402983653 0.0143884297594 0.0223127689506 0.0616261128834 -0.00474608601202 0.0194923536906 -0.00171536928497 0.00491805768207 0.485334565312 -0.00079911304528 -0.016572193541 0.00734172377817 0.0232803389627 0.0295584450987 0.0126022865503 0.0114723098423 0.0195288291249 -0.0112921735385 -0.0030535218026 0.00816294975393 0.00364406812472 -0.00184244993429 0.00891042446385 0.0300252641056 0.019619433287 0.00554142147013 -0.00295212220643 -0.00382459938909 0.00227849646368 0.0242891644757 0.0101072715297 0.0159653945999 0.00863615783342 0.00407392967604 0.00432017999877 0.0228613233395 0.102485706842 0.0325550726166 -0.020365307159 0.00386345112287 0.0133551071885 -0.0214080829833 0.0185838405184 -0.00241988265028 0.0219351174436 0.0195957996722 0.0500387248153 0.00799213475004 0.00161585409802 0.0246454250897 0.0886686271214 0.0328792186959 0.0233996497686 0.017681333457 -0.00160029266762 0.00991963206633 0.0221161219268 0.022078938963 
0.00321854462226 0.00860874931303 0.0169439194226 0.0281959872936 0.0215022623261 0.0287703286745 0.0102190834775 0.0224318638848 0.0238648294939 0.00974388953192 -0.000799113045281 0.241894065641 0.0229099549025 0.00107091791905 0.0326976538472 0.0282460196834 0.0169139082625 0.0215903097851 0.0211272456052 0.0272109464484 0.0142200364621 0.000203315538877 0.014329635954 -0.00366148442352 0.0121754368456 0.0241553673414 0.0363295116541 0.0111080349273 0.0127938296524 0.0359625831461 0.0136926329571 0.0348121451462 0.0269146499861 0.0399686250833 0.00345106465068 0.0171396259186 0.00921183068343 0.0260455321583 0.0158081112679 0.0193125366295 0.0264324323111 0.0256289965422 0.0695440705151 -0.00196809235908 0.0212181902514 0.0249846171815 0.0278224581314 0.04100155886 -0.0021252695087 0.0151132915569 0.0201848275977 0.0162435630449 0.0172873791453 0.0282610339403 0.0343398880046 0.00952397887483 0.0121046071552 0.040795342602 0.0054277445035 0.0334816663662 
-0.00218767061985 0.0140429400171 0.00234762635689 0.00382222976113 0.00176528554777 -0.00307084299341 0.0180572513287 0.0193244940843 0.00702197238075 0.0134018336093 -0.016572193541 0.0229099549025 0.298794536778 -0.00978720526837 0.0193198599429 0.0126586177457 0.013833123553 0.016059945021 0.0145044332768 0.0175013877023 0.00632111114827 0.0424409478965 0.0182425909427 0.00938390634439 -0.00119502318034 0.0292821000445 0.00216120095536 0.0182275103442 0.0026958722402 0.00628457605264 0.0191076993737 0.0106624073243 0.011173158332 0.00495340576399 0.00343897727335 0.0210413933662 -0.00560486481647 0.00629562365948 -0.0132754377385 0.0242529029145 0.0113473341779 0.00870994005334 0.021576750091 -0.0118032601295 0.0178198027922 0.00433899646666 0.00912663754608 0.00209310962938 0.00829612448506 0.0136352485236 -0.00299892688924 0.00219571957816 -0.000516704712024 0.0161237763669 0.00839079729526 0.0139921621294 0.0182423417162 0.000714312500991 -0.0186056354114 0.0218727527828 
-0.000569255990906 0.00728806418389 0.0328272566172 0.0170110480815 0.0330135678998 -0.00579361427986 0.0146837326873 0.0238532910643 -0.00374410747293 0.0079822194315 0.00734172377817 0.00107091791905 -0.00978720526837 0.412792486721 0.00818497305899 0.00701440921824 0.0116633958028 0.0111869231232 0.0226386903578 0.00977158610828 0.0216912813697 0.0200099037022 0.0113142163338 0.0013267163237 0.0249743774617 0.0591816998207 0.017084628757 -0.00370719741516 0.015215707729 0.00206694971128 0.00943555145461 0.0116600798758 0.00165746387068 0.00921438050491 0.00908127589697 0.00774217170858 0.00309381126309 0.00450711264062 0.024631049772 0.0372950319586 0.0304195849074 0.0215612786908 0.0097021687104 0.0027528970345 0.0147244875957 0.00673339369243 0.0489744826492 0.0180559370605 0.0259462878921 0.00312294126807 0.00714669675566 0.0077816304739 0.0203528012701 0.0171885704346 0.0219532109979 0.0412767398409 -0.00223638961802 0.0139852063498 0.0351027204343 0.0303787796067 
0.0062821850053 0.00764437906505 0.0478667273116 0.0161088437762 0.0789168166619 0.0403508367562 0.010759400328 0.00326132210473 0.014135192975 0.0233377623492 0.0232803389627 0.0326976538472 0.0193198599429 0.00818497305899 0.615791867366 0.0164803146432 0.0112101125813 0.0212994962022 0.0308629408955 0.0250312683809 0.0153924728746 0.0396833363662 0.0186534628521 -0.0101404582069 0.0116214641077 0.00613943158903 0.0367075799141 0.0149338360146 0.090591416942 0.0371506307396 0.00297878277364 0.0134677495204 0.0145704674992 0.0202321223426 -0.0043160958666 0.0233988218784 0.0109938886691 0.0176858577833 0.00531333450963 0.0210765537322 0.029168684154 0.0178757992672 0.0416549692493 -0.0112179497641 0.0235494233616 0.0064993287412 0.0223861952467 0.0388819997907 0.0310465572773 0.00971464569466 0.0387647010108 0.0112937793228 0.0295943937244 0.0156627229343 0.00985687994053 0.0744768768339 0.0185967491151 0.00469704344687 0.0297513008058 0.0647513321051 
0.0176475379116 0.0115267033175 0.00813480035709 0.00900740841007 0.0384937793781 0.0136291838952 -0.00401194803476 0.0145571800589 0.0108165217408 0.00790244046538 0.0295584450987 0.0282460196834 0.0126586177457 0.00701440921824 0.0164803146432 0.220122220306 0.0190204908093 0.00104184080968 0.0180964750293 0.0077458628726 0.00871839779388 0.0251642780509 0.0235105665619 0.00446132392278 0.0351640309462 0.0248688954209 0.0243909329888 -0.00571370264521 0.00266119213753 0.0152866545051 0.00961051819052 0.00853711013597 0.0252258683708 0.0167296286675 -0.00132896261707 0.00558498186866 0.00176449221467 0.0538470722506 0.00287535210208 0.0248655146084 0.0248942970386 0.0183102426079 0.0297798268741 0.0138574719203 0.0373840093355 0.0060962246753 0.0352679226729 0.0247173675026 0.0180263398284 0.0130908688794 0.0170042217064 0.0248266298566 0.0320018195038 0.027545701671 0.0184237964698 0.0227133422254 0.00967072304579 0.0207812187214 0.00552821914113 0.0230922121884 
0.0175542101328 0.0126902985424 0.0034149637279 0.00896796128374 0.000787559156947 0.0053240539027 0.00535989694389 0.0193743653895 0.00180310091608 0.0156172340962 0.0126022865503 0.0169139082625 0.013833123553 0.0116633958028 0.0112101125813 0.0190204908093 0.148837552914 0.0091251957286 0.0156426679486 0.0125463084996 0.00755181645052 0.00189058975735 0.00967625562961 0.0120091758332 0.0108403384381 0.0217804937558 0.0137245918408 0.00706232138025 -0.00286044240087 0.0142003188628 0.0157884993695 0.0142796972293 0.0136805011999 0.0196566188795 0.00813238282377 0.00839797214844 0.0186797830409 0.0159562606676 -0.00623697449661 0.016310007188 0.0157238920421 0.010947591279 0.0204717508867 -0.00132060194211 0.00590421751175 0.0203710247918 0.00924056756626 0.0110932389637 0.00301578804523 0.00391006429229 0.00644523288225 0.00389486269139 0.0189886734619 0.00925235116083 0.0217727906278 -0.00342486600386 0.00547184146401 0.0124983547851 0.0102528737893 0.0141551348053 
-0.00366129890334 -0.0118486174504 0.0586097974247 3.07922939229e-07 0.0382735753744 0.0244423548205 -0.00311330344424 0.0309313521514 0.026749901366 -0.012221553386 0.0114723098423 0.0215903097851 0.016059945021 0.0111869231232 0.0212994962022 0.00104184080968 0.0091251957286 0.463625982695 0.0225522369158 0.00293756115758 0.0232605083922 0.0278851858356 0.00297604884655 0.00134328986561 0.0261373411429 -0.0104084870173 0.00611367398569 0.00253809488368 0.0467432859131 0.0116715026959 0.00109391351601 0.0146862422882 0.00349786247835 0.0241807607529 0.00532987223781 0.0145737317315 0.00588588104076 -0.00497606388496 -0.013513532675 0.0275282907447 0.044013577177 0.00680741394473 0.0129095014889 0.0110414072355 0.0449061708411 0.00348368248204 0.0127702103028 0.0143406387876 -0.00897348850248 0.0104999095006 0.0165495773758 -0.00259822365221 0.0373856307094 -0.00138886676118 0.0126907229485 0.0335761672818 0.00631684086649 0.0360717525107 0.00589521889528 0.00741769696842 
0.00808394856999 0.0256545379913 0.0149422306177 0.0185802693414 0.0333666447717 0.0274966198682 -0.000495162400927 0.0373382851811 0.0199025978105 0.0149438289676 0.0195288291249 0.0211272456052 0.0145044332768 0.0226386903578 0.0308629408955 0.0180964750293 0.0156426679486 0.0225522369158 0.185788210025 0.0215019212916 0.012547303031 0.0218854191298 0.0324780646479 -0.00277533628294 0.032884961189 0.020706792848 0.0337472937039 0.023550287664 0.0245627721034 0.00530165516423 0.00929033123703 0.0228836307995 0.009740586631 0.0211658737417 0.00258405487298 0.0115236979616 0.0254433899491 0.0179038089712 0.0125079352077 0.028545648601 0.0261902819998 0.0218336206126 0.0429797824669 0.0286943254121 0.014915057153 0.0134695508178 0.017353365214 0.0220213150138 0.00469920219527 0.027944657829 0.0133003863787 0.00922372503754 0.0325444421925 0.0261012253667 0.0174251253907 0.0240829568483 -0.00160191870938 0.0271046361778 0.00565755353445 0.039705039461 
0.000453513000238 0.0104357508417 0.0297867672309 0.0110837826172 0.022685637368 -0.00367880124433 -0.00331132684127 0.0152476535677 0.017649663106 0.0136880180065 -0.0112921735385 0.0272109464484 0.0175013877023 0.00977158610828 0.0250312683809 0.0077458628726 0.0125463084996 0.00293756115758 0.0215019212916 0.390154011003 -0.006394296833 -0.00754050267678 0.00176737749579 0.0110656978963 0.0158769797092 0.0390520530304 0.00670569396814 0.00317093632841 0.000712731853528 0.0187085032248 -0.00150751859796 0.0167374883707 0.0178926692473 0.0187869680755 0.0111756256906 0.014334416523 0.0142863411805 0.0101138054924 0.00760189886076 0.00850894363044 0.0190920802794 0.0199222754568 0.0233148162337 0.0175640804276 0.00847215873232 0.00816733986159 0.0141696862288 0.0109642794199 0.000693310517054 0.0170592883922 0.00381400562909 0.00162567699088 0.00228232242321 0.00982338239387 0.0156741522979 0.0223638817497 0.00508274217462 0.00560674306873 0.0100333852606 0.0191944315766 
0.0111730872692 0.00859819533707 0.0402145089883 0.00985070207011 0.0286720685757 0.0449344925665 0.0136132033357 0.0184073792947 0.00224243092847 -0.00928120703173 -0.0030535218026 0.0142200364621 0.00632111114827 0.0216912813697 0.0153924728746 0.00871839779388 0.00755181645052 0.0232605083922 0.012547303031 -0.006394296833 0.331782363087 0.00889206658385 0.0184206259904 0.00743090692922 0.00461030739483 0.0417466272875 0.0142495320706 -0.00445461820143 0.0204349163004 0.00998281256385 0.0126802464301 0.0112808393 -0.0105779702579 0.0167934311422 -0.00208778513366 -0.00178199750485 0.0180792647917 0.000793571707403 0.0191079487684 0.0130152994666 0.0107457754156 0.0043614665023 0.0247517860534 -0.000552134250379 0.00178413526261 -0.00643108733622 0.016589560849 0.00749729324685 0.0399881386512 0.0128553087667 0.0110366140691 -0.00934031963347 0.00867895876896 0.0137381445727 -0.01070610359 0.0431391119075 -0.00117334555005 0.0121830291806 0.0171219562845 0.0243625923126 
0.0226624959763 0.0100486187937 0.0221409130272 0.00694625232908 0.00988463731408 0.0183726838432 0.00282162237142 0.00530901464323 0.0129308027719 0.0131689345464 0.00816294975393 0.000203315538877 0.0424409478965 0.0200099037022 0.0396833363662 0.0251642780509 0.00189058975735 0.0278851858356 0.0218854191298 -0.00754050267678 0.00889206658385 0.238921424068 0.0179617221631 0.0176109975169 0.00917137969984 0.0211155152709 0.0211693424209 0.0052936146054 0.0037432383593 0.0176051491036 -0.000945632443521 0.0116854284739 6.36394928188e-05 0.00444806374688 0.0139079742533 0.00371233187282 -0.00808062658955 0.0014237506752 -0.000760310115446 0.0120011290342 0.0328396873056 0.0336863327444 0.0123089865739 -0.00132733131593 0.021776612492 0.0101642483494 0.0228050422168 0.0215243794932 0.0102525531869 0.00422428117644 0.0334225673984 0.00708523168935 0.0171894896374 0.0213166423728 0.0123107717626 0.00131495933769 -0.00498226870963 0.0106899171452 0.00640577855929 0.035438780687 
0.0216778937104 0.0161219095498 -0.00793640800178 0.0154070740481 0.0295367973101 0.0167826221475 -0.00151785942099 0.0271154834473 0.00748691843977 0.0204398450725 0.00364406812472 0.014329635954 0.0182425909427 0.0113142163338 0.0186534628521 0.0235105665619 0.00967625562961 0.00297604884655 0.0324780646479 0.00176737749579 0.0184206259904 0.0179617221631 0.288922681963 0.013880701259 0.0367533427108 0.0195207252389 0.013140387895 0.0307342851024 0.00994894425945 0.0146072278333 -0.0033389663196 0.0166802016198 0.0102865468227 0.00820666648739 0.00632466801203 8.70121211274e-05 0.00506714898973 0.00539993641554 0.0157854804583 0.0208617248757 0.0210871552203 0.0160684640605 0.0412497729755 0.000717115744884 0.0168080894754 0.00755368700277 0.00999831585198 0.00969248368992 0.00848451342899 0.00355583825535 0.0167579210605 0.02744011655 0.0263385081518 0.0150040970432 0.0185666438688 0.0080234882693 0.00712428843767 0.0123317898886 0.00894488099575 0.0118048482565 
0.0203121827654 0.00214603531986 -0.00614724268517 0.0153197139306 0.0161895945594 0.0198799604989 0.025305395721 0.0194756180236 0.0125931594716 0.0171874251037 -0.00184244993429 -0.00366148442352 0.00938390634439 0.0013267163237 -0.0101404582069 0.00446132392278 0.0120091758332 0.00134328986561 -0.00277533628294 0.0110656978963 0.00743090692922 0.0176109975169 0.013880701259 0.720724471178 0.0158894593024 0.0113887379106 0.00952465989452 0.0157759308717 0.0100135830703 -0.00423224374024 0.0199330718834 0.0151854154363 0.0231495060089 0.0420342087935 0.0193562845107 0.0163775049652 0.0297707056039 0.0108209266281 0.022975613345 -0.00630471340391 -0.00348682455023 0.0144332325015 0.00578189559289 0.0106149046674 0.00821038490987 0.0160003724637 0.00952040338391 0.00870785079818 -0.00196090654761 0.00395285221201 0.0101738736523 -0.00132091330521 0.0138115655566 -0.00368158617202 0.0306807219006 0.00883104653602 0.019577617602 0.015780517505 0.0186380879009 0.0140410782015 
-0.0122825911297 0.020757941283 0.0255009452244 0.00427197869499 0.0199266796971 0.0206826715238 0.0107953996421 0.0599294812009 0.00510031524522 0.00941596583025 0.00891042446385 0.0121754368456 -0.00119502318034 0.0249743774617 0.0116214641077 0.0351640309462 0.0108403384381 0.0261373411429 0.032884961189 0.0158769797092 0.00461030739483 0.00917137969984 0.0367533427108 0.0158894593024 0.318949560886 0.0282810916773 0.0247247244726 0.034181692566 -0.000249582109271 0.0120916566652 0.00358183517547 0.0203611572802 0.00534724286172 0.01693213208 0.0111928734175 0.0032052744295 0.0132288986965 0.0198920517378 0.0118799542238 0.00294703154478 0.0484877316524 0.0213673042837 0.0219721402787 0.0329709540905 0.0128110802339 0.0140429579431 0.0305227209214 0.0150242029188 -0.00253800929735 0.0128025353096 0.0219391359976 0.0142486472254 0.0215608850751 0.0202473857223 0.0327363456935 0.0116661396199 0.0086980222137 0.050013777733 0.00566968246737 0.0164629255281 
0.006818347413 0.000723676588366 0.0733702596631 0.00450192948218 0.0328564841826 0.0316543348704 0.00279628296885 0.0257729310398 0.0126627279244 -0.00865669786577 0.0300252641056 0.0241553673414 0.0292821000445 0.0591816998207 0.00613943158903 0.0248688954209 0.0217804937558 -0.0104084870173 0.020706792848 0.0390520530304 0.0417466272875 0.0211155152709 0.0195207252389 0.0113887379106 0.0282810916773 0.522176989041 0.0117717169935 0.0345399575288 0.00942981667474 0.0222955548199 0.00565083728054 0.0137101512242 0.0176218814656 0.0270110155269 0.00762671161466 0.0135884996143 0.0119968243134 0.00614469883729 0.0305713324267 0.100868664318 0.0316108129223 -0.00437441277023 0.060173457067 -0.012062905736 0.0344323116109 0.0190291892312 0.0978520888832 0.0144579983776 0.0348311471475 -0.000814892303298 0.0253689611695 -0.00562589720242 0.0167100559994 0.0271063273061 0.0213593825136 0.0144537459397 0.0104533198071 0.0297100055877 0.00761592918197 0.0947458571229 
0.0139950337924 0.00692512424201 0.0292007349325 0.0206267022423 0.0332224956696 0.0165179433506 0.00852989692166 0.0342487140723 0.0342883970763 0.0132411894662 0.019619433287 0.0363295116541 0.00216120095536 0.017084628757 0.0367075799141 0.0243909329888 0.0137245918408 0.00611367398569 0.0337472937039 0.00670569396814 0.0142495320706 0.0211693424209 0.013140387895 0.00952465989452 0.0247247244726 0.0117717169935 0.199001398467 0.0311728812618 0.0278297929285 0.0159612495282 0.000910054825088 0.0194314474507 0.0199302777193 0.0257934989211 0.00545905318411 0.0193279178434 0.00400768845931 0.0207791322741 0.0162571984443 0.0213914130356 0.0406973002648 0.0108980164209 0.0260827754001 0.0208506304777 0.0328830142978 0.0184666648446 0.0289168780407 0.029661702137 0.0297078797573 0.0284179172603 0.0148680299322 0.00130349683615 0.00513082334801 0.0233128927143 0.0237167528005 0.0207994285268 0.0181754468543 0.022168966565 0.00985322921809 0.0287669566312 
0.00432699039998 0.0166325762245 0.0253090841288 0.0222160297228 0.0116210150469 0.0499002712108 0.0116271832986 0.0296050634328 0.020336333881 0.0156216571591 0.00554142147013 0.0111080349273 0.0182275103442 -0.00370719741516 0.0149338360146 -0.00571370264521 0.00706232138025 0.00253809488368 0.023550287664 0.00317093632841 -0.00445461820143 0.0052936146054 0.0307342851024 0.0157759308717 0.034181692566 0.0345399575288 0.0311728812618 0.389071047193 0.0359165182107 0.0138198506695 0.00693826135568 0.0251985869638 0.0136155085708 0.0286390539047 0.00625571174521 0.0136593528917 0.0362552145533 0.0152697561446 0.0108267630124 0.0221137326433 0.0194221412029 0.0436850985762 0.0155010674913 0.00543751964642 0.0127706309593 0.012710310653 -0.0128211651768 0.0320266272997 0.0435172285585 0.0093874565728 0.016840529204 0.0162392054881 0.00813019877935 0.0161936903026 0.0287072255259 -0.0171244570618 0.00981639208816 0.0477716100779 0.032581969437 0.0605693946072 
0.00641921267417 0.00213778125924 0.00997297327067 0.0148171203562 0.156340028804 0.00545400805711 0.00880055747799 5.57231563573e-06 0.0350610205425 0.011442220524 -0.00295212220643 0.0127938296524 0.0026958722402 0.015215707729 0.090591416942 0.00266119213753 -0.00286044240087 0.0467432859131 0.0245627721034 0.000712731853528 0.0204349163004 0.0037432383593 0.00994894425945 0.0100135830703 -0.000249582109271 0.00942981667474 0.0278297929285 0.0359165182107 0.350691101382 -0.0017287660984 0.0047506980696 0.0186530159948 0.0432617366183 0.0117600754508 -0.0108552087253 0.0175676779805 0.0194371962549 0.00128845040259 -0.0101029693289 0.00453874969124 -0.00223744323556 0.0060565137515 -0.0203408003019 0.0124383856681 0.007077887273 -0.00218316224237 0.0149643138887 0.0322719165153 0.002140514433 0.00510493362086 0.0116938210824 0.00416628099384 0.0325776106239 0.0274695721108 0.00325540250069 0.12894590949 0.0240348711295 0.00237479135888 0.0169547843168 0.019339475233 
0.0113930392549 0.0199625835831 0.00100526915408 0.0104667060715 0.00431774308501 0.00991958619527 0.00952044271307 0.0201746435503 0.0110615045589 0.0161044274462 -0.00382459938909 0.0359625831461 0.00628457605264 0.00206694971128 0.0371506307396 0.0152866545051 0.0142003188628 0.0116715026959 0.00530165516423 0.0187085032248 0.00998281256385 0.0176051491036 0.0146072278333 -0.00423224374024 0.0120916566652 0.0222955548199 0.0159612495282 0.0138198506695 -0.0017287660984 0.340968602274 -0.00347187015134 0.0199607222089 0.016351389119 0.0182094553693 0.0162340642391 0.0123837477015 0.00499290349438 0.020767377757 0.0188106144396 0.00264265889295 0.0224486009437 0.0119371551349 0.00113716852252 -0.00262827434375 0.011224722486 0.0085306865038 0.0268160293623 0.0136536006977 -0.00805105338936 0.0159397430249 0.0154014584789 0.01340889486 0.0145002660655 0.000431890687099 0.0286800010693 0.0111356967976 0.0238384589006 0.0166939088336 0.0162883039405 0.0216920524921 
0.00295306835104 0.00148354983899 -0.00166521445328 0.000238237124454 -0.00757333679243 0.00128990098586 0.0199640331708 0.00519613222274 0.00441298465278 0.00667167887066 0.00227849646368 0.0136926329571 0.0191076993737 0.00943555145461 0.00297878277364 0.00961051819052 0.0157884993695 0.00109391351601 0.00929033123703 -0.00150751859796 0.0126802464301 -0.00094563244352 -0.0033389663196 0.0199330718834 0.00358183517548 0.00565083728054 0.000910054825087 0.00693826135568 0.0047506980696 -0.00347187015134 0.129630948147 0.00641582375506 0.0110998814785 0.00930057126115 0.00542012402826 0.0097545157863 0.00472170666335 0.00143902721755 0.0113373631723 0.00392804370096 0.00263016074113 0.0103729789322 -0.00395355338452 0.00180165625189 0.00473466220485 0.00757478149317 -0.0023600364156 0.00168207908523 -0.00175634812098 0.00781472446129 0.00727442387064 0.0118293945192 -0.00520517857916 0.00804128635086 0.00914679779983 -0.00270600739929 0.01382152733 -0.000248399868075 0.00922890138287 0.0147785853119 
0.0154758744331 0.00944506077738 0.00809776472175 0.0114540305217 0.0153417699533 0.0298014811561 0.00982782343151 0.015970290728 0.0341029432278 0.00780492846821 0.0242891644757 0.0348121451462 0.0106624073243 0.0116600798758 0.0134677495204 0.00853711013597 0.0142796972293 0.0146862422882 0.0228836307995 0.0167374883707 0.0112808393 0.0116854284739 0.0166802016198 0.0151854154363 0.0203611572802 0.0137101512242 0.0194314474507 0.0251985869638 0.0186530159948 0.0199607222089 0.00641582375507 0.231353470891 0.031745107984 0.0869028550242 0.00883043893452 0.0239653420527 0.000310721938327 0.00792681245609 0.0140537215734 0.00465683806944 0.0260181179761 0.0189454489398 0.0260533277115 0.00117957500489 0.00773771569715 0.0194525268514 0.0133378654866 0.0250286758619 0.0245088471785 0.0154015908498 0.00952662284277 0.00690117926015 0.0187430878649 0.00414849776928 0.0207181384899 0.0206184907026 0.00557710001703 0.0380692640965 0.0148905133367 0.0406788623667 
0.00621261200622 0.0112197171079 -0.000604286152899 0.0198150487223 0.0303518151275 0.0042180155885 -0.000454036590097 0.011541309688 0.0588521088092 0.0160314695164 0.0101072715297 0.0269146499861 0.011173158332 0.00165746387068 0.0145704674992 0.0252258683708 0.0136805011999 0.00349786247835 0.009740586631 0.0178926692473 -0.0105779702579 6.36394928182e-05 0.0102865468227 0.0231495060089 0.00534724286172 0.0176218814656 0.0199302777193 0.0136155085708 0.0432617366183 0.016351389119 0.0110998814785 0.031745107984 0.242867510913 0.0278740748318 0.00467434992641 0.0409327601038 0.00278416704808 0.0173212262171 0.00874539538742 0.0135629445856 0.00884244281902 0.0297200548935 0.0270778678086 0.0223225959447 0.0125779009786 -0.00360050911577 -0.00768875067316 0.0127340849466 0.0118737940694 0.00663626559374 0.0183329277943 0.0126715368291 0.00578225416303 -0.000961482274075 0.00289672787315 0.0239002320351 0.0410799646427 0.0198053130306 -8.28702614104e-05 0.00323565205737 
0.0103852259885 0.0101584226394 0.010635628154 0.0107348308438 0.022595116888 0.026864000145 0.0152192767439 0.0191415658981 0.0347305145327 0.0154460144753 0.0159653945999 0.0399686250833 0.00495340576399 0.00921438050491 0.0202321223426 0.0167296286675 0.0196566188795 0.0241807607529 0.0211658737417 0.0187869680755 0.0167934311422 0.00444806374688 0.00820666648739 0.0420342087935 0.01693213208 0.0270110155269 0.0257934989211 0.0286390539047 0.0117600754508 0.0182094553693 0.00930057126115 0.0869028550242 0.0278740748318 0.195421946129 0.0197603664574 0.0170723755147 0.0054007160557 0.00268980829309 0.0215323103362 0.0142676414049 0.0236833683811 0.0188279330338 0.0253611976352 -0.000592260440516 0.0163858825225 0.0186501010708 -0.00331914088797 0.0221551676641 0.0318088763628 0.0192489870607 0.0141620312437 0.0201202208516 0.0167429612592 0.00807897247234 0.0235815028898 0.0310620117248 0.0153246332082 0.0187498604344 0.020915069724 0.0254347904551 
0.014637186436 -0.00250873266528 -0.00248977550066 0.0115826333002 0.00058411934997 0.0118339560654 0.00949831103848 0.00644995999982 0.00222859052091 0.00963483681001 0.00863615783342 0.00345106465068 0.00343897727335 0.00908127589697 -0.0043160958666 -0.00132896261707 0.00813238282377 0.00532987223781 0.00258405487298 0.0111756256906 -0.00208778513366 0.0139079742533 0.00632466801203 0.0193562845107 0.0111928734175 0.00762671161466 0.00545905318411 0.00625571174521 -0.0108552087253 0.0162340642391 0.00542012402826 0.00883043893452 0.00467434992642 0.0197603664574 0.218985495737 0.00315825095088 -0.00595486767787 0.00456030146312 0.00181887783058 0.0014611810297 0.00222279277331 0.00825798675971 0.00777183543696 0.00189313865301 0.020158659062 -0.00148933108275 -0.00466358187853 0.0144973873428 -0.0132396364947 0.00446240702566 0.00925667378148 -0.0109065848317 -0.00960853752817 0.0045056359779 0.0200896492189 0.0184897402974 0.0109589944848 0.00972865433641 0.0163903449163 0.00341563290771 
0.00915624384497 0.00256359325325 -0.00516994549425 0.0158660255882 0.015184333998 0.00666199126546 0.0134806560897 -0.00243308598482 0.0429699658916 0.0132643656935 0.00407392967604 0.0171396259186 0.0210413933662 0.00774217170858 0.0233988218784 0.00558498186866 0.00839797214844 0.0145737317315 0.0115236979616 0.014334416523 -0.00178199750485 0.00371233187282 8.70121211276e-05 0.0163775049652 0.0032052744295 0.0135884996143 0.0193279178434 0.0136593528917 0.0175676779805 0.0123837477015 0.0097545157863 0.0239653420527 0.0409327601038 0.0170723755147 0.00315825095088 0.135247188766 0.0113739499269 0.00266082828234 0.00442794212859 0.00234162159432 0.00719608504122 0.0154036967447 0.00964070227434 0.011907793475 0.0173375893813 0.00809669626572 0.00119695611638 0.00099584246185 0.0211495888946 0.0116426673633 0.0137362026584 0.00962070199108 -0.00257540848702 0.000807282904539 0.0184649277931 0.0063351779826 0.0150332748132 0.0101255122101 0.015033076208 0.00642858428938 
-0.00132716462305 0.016776008117 0.0363542598596 4.99549474116e-05 0.00816872715186 0.0159561454814 0.00998882957803 0.0046581733249 0.00323781206451 0.0108200936191 0.00432017999877 0.00921183068343 -0.00560486481647 0.00309381126309 0.0109938886691 0.00176449221467 0.0186797830409 0.00588588104076 0.0254433899491 0.0142863411805 0.0180792647917 -0.00808062658955 0.00506714898973 0.0297707056039 0.0132288986965 0.0119968243134 0.00400768845931 0.0362552145533 0.0194371962549 0.00499290349438 0.00472170666335 0.000310721938328 0.00278416704808 0.0054007160557 -0.00595486767787 0.0113739499269 0.242006356525 0.0022790430499 0.00756375068472 0.0116888414076 -9.29223650656e-05 0.0156057881119 0.0111230852306 0.00371781725941 0.00820861294569 0.00789765812018 0.00150255144119 0.00869301846296 0.0294792548186 0.0101350049549 -0.0110680851678 0.00388709097637 0.0148995672414 -0.00925851636672 0.00381722670494 -0.00510376481973 0.00669638784128 0.00387722865498 0.00717858461886 0.00350016193038 
0.00473886027627 0.00682648833769 0.00493860660103 0.0125793357158 0.0285234018119 0.0341755822111 0.00398757807349 0.00872793207319 0.0094349582942 0.0214338294318 0.0228613233395 0.0260455321583 0.00629562365948 0.00450711264062 0.0176858577833 0.0538470722506 0.0159562606676 -0.00497606388496 0.0179038089712 0.0101138054924 0.000793571707403 0.0014237506752 0.00539993641554 0.0108209266281 0.0198920517378 0.00614469883729 0.0207791322741 0.0152697561446 0.00128845040259 0.020767377757 0.00143902721755 0.00792681245609 0.0173212262171 0.00268980829309 0.00456030146312 0.00266082828234 0.0022790430499 0.202835795989 0.00943291524383 0.0219931955255 0.0218904408662 0.0139429628933 0.0205474974712 0.0120869530329 0.013933708131 0.00254368814814 0.00187824714349 0.018338882182 0.0109401894238 0.00712254608513 0.00899684695788 0.0149393305832 0.00111851859549 0.0155929192494 0.0182813415961 0.0162872938626 0.00926490279396 0.0114976327434 -0.00517508958559 0.00255068000175 
0.00515805538572 0.0141897225176 0.0223141918504 0.00709790974212 0.0228482581654 0.0203579291275 -0.00497372128134 0.0309871533787 -0.00403092266657 0.00279538842015 0.102485706842 0.0158081112679 -0.0132754377385 0.024631049772 0.00531333450963 0.00287535210208 -0.00623697449661 -0.013513532675 0.0125079352077 0.00760189886076 0.0191079487684 -0.000760310115445 0.0157854804583 0.022975613345 0.0118799542238 0.0305713324267 0.0162571984443 0.0108267630124 -0.0101029693289 0.0188106144396 0.0113373631723 0.0140537215734 0.00874539538742 0.0215323103362 0.00181887783058 0.00442794212859 0.00756375068472 0.00943291524383 0.386066004932 0.022862084426 0.0263455837604 0.00849708264731 0.02483119699 0.00184408741098 0.018323136481 0.00363723561466 0.00437132327436 0.000120588238831 -0.00867311188987 0.00891900913619 -0.00120100400982 0.0462250347999 -0.00257384021114 0.00661306482054 0.0102109589078 0.0138903771678 0.00584395328042 0.0232136626744 0.0103674317106 0.0239978962183 
