30
0.0738036440579 0.0223320424584 0.0678674292734 0.0449680709256 0.0348828940045 0.114001255301 0.0716450377603 0.0754552666066 0.039970875035 0.0113752176021 0.0168064994581 0.147407151382 0.0251604878384 0.15717092416 0.0602494739115 0.0435638119902 0.0439476996979 0.102128665084 0.040534814632 0.0155341374053 0.02736418452 0.0367752030525 0.0340091550877 0.0511846892664 0.026417897889 0.360667625942 0.066200000993 0.0383245101253 0.0693656588129 0.0357111585815 
0.36343734787 -0.00422729734413 0.0325385955561 0.0288484617572 0.0179923377901 0.00210681861018 0.000495820735268 0.0402808368273 0.0141754594876 0.0191003365989 -0.00171148152407 0.0179449934209 0.018967061599 0.0227557591714 0.0230213627899 0.00868251745313 0.0133128604007 0.0365156892108 -0.00945998133554 0.0114296485946 0.0223442648228 0.0216363289097 0.02096349747 0.0218419323841 0.0287487740007 0.0246613799668 0.0180475947514 0.0343397441585 0.0152267174273 0.0295714819381 
-0.00422729734413 0.210725069187 0.0119356960863 -0.00141332493337 0.010283210577 -0.00296018592718 -0.00809718862076 0.00928014404243 0.0111958933596 0.00726198488203 0.000934971231078 0.0138581458622 0.00369359116939 0.0180958568639 -0.00198897611265 0.0012004115024 0.00923762571714 0.0212328692319 0.00117930390656 -0.00213584559867 0.0123968503095 0.00832851587862 0.0113376323471 -0.00130929803329 0.00659907965858 -0.00504308049958 0.00652114246197 -0.00448220869286 0.00539165722066 0.0127552702308 
0.0325385955561 0.0119356960863 0.405086542733 0.010656343028 0.0356777895718 -0.00242780627975 0.00619394361539 0.0417269817958 0.0238420280814 0.0404688081091 0.0207959882441 0.0147899380351 0.0162919118472 0.0483212643689 0.0211599017983 -0.00811599935049 0.0215030409596 0.026753030072 0.00685284032804 0.0180833023552 0.0130238272945 0.0221147814484 0.0194710837716 0.0352574401196 0.0251335903312 0.0494905496558 0.0277259660623 0.0437220211671 0.0571139577272 0.0598577691825 
0.0288484617572 -0.00141332493337 0.010656343028 0.198019012948 0.0166170855641 0.0160453555935 0.0273897936903 0.00671477268922 0.0182824409557 0.0222517936342 0.0122190526955 0.0122060281666 0.0126425246983 0.0113294095574 0.0281004810757 0.0176855764694 0.0201556476307 0.00173773461528 0.0142307280082 0.00850072882282 0.0216072084052 0.0153851470531 0.0206668165585 0.00985376644834 0.0110718812257 0.0130803005301 0.0341361681298 0.0226610506821 0.0151554904598 0.0261527704011 
0.0179923377901 0.010283210577 0.0356777895718 0.0166170855641 0.239201626042 0.00310638457657 0.0150947626098 -0.0015486227244 0.0313846258655 0.0139256751816 0.011080173577 0.0304639079697 0.0117798267509 0.0559298680057 0.0135083200241 0.0114313713778 0.00500381816545 0.0161697181179 0.00840875522355 0.013133967689 0.0263000126737 0.0185344035932 0.0153211475844 0.0181953549312 0.0357592084931 0.0238219791248 0.0041050559222 0.0236862542227 0.00619958999939 0.0144612986717 
0.00210681861018 -0.00296018592718 -0.00242780627975 0.0160453555935 0.00310638457657 1.134654479 -0.00305767355644 -0.00898219719757 -0.00487028389049 -0.000247002064111 -0.00291749601887 0.0245672003655 -0.00321093927009 0.10754262767 -0.00795858107384 0.0117793361573 0.00322516794549 -0.0113188899995 4.03002875611e-05 -0.000265291578999 0.00980397142276 0.00814964321831 0.00592193353275 -0.00569063930339 -0.000751512261139 -0.00142061677887 -0.00572470479575 0.00462937406087 0.00470403105285 0.00175258159052 
0.000495820735268 -0.00809718862076 0.00619394361539 0.0273897936903 0.0150947626098 -0.00305767355644 0.468289177028 0.0268020100442 0.0148637575478 0.0558926829525 0.0100609580804 0.0235804714843 0.0129638039297 0.0334451002664 0.0105548462408 0.00484917897572 0.00122486846914 0.0203966145979 -0.00170672743625 -0.000770150769889 0.0137669083138 0.0141413474569 -0.000217652669864 -0.00228294290102 0.0115127962077 -0.0215898195124 0.0158231692262 0.0226566397097 -0.00618454259648 0.00990369749372 
0.0402808368273 0.00928014404243 0.0417269817958 0.00671477268922 -0.0015486227244 -0.00898219719757 0.0268020100442 0.6651567922 0.0400025247441 0.0259654977422 0.0215765485324 0.0783628243533 0.0232338741936 0.0249859708228 0.0210019768649 0.0127137385385 -0.000327370689021 0.0255707704124 0.00405423687291 0.00833056583645 0.00937094049041 0.0238138694546 0.0282595458876 0.0168837064163 0.0435983647752 0.0548778629607 0.0461526619785 0.03646171209 0.0365922919633 0.0144152355488 
0.0141754594876 0.0111958933596 0.0238420280814 0.0182824409557 0.0313846258655 -0.00487028389049 0.0148637575478 0.0400025247441 0.199226702668 0.0227403346387 0.0175694285145 0.012227004163 0.023573140881 0.051194531299 0.0313839294498 0.00993870525553 0.0111456798439 0.016616706966 -0.00915339995004 0.0132495329398 0.0159524258703 0.0169178195101 0.0130807292505 0.0274614147913 0.0317383761167 0.0508948173036 0.00882634446701 0.016525203884 0.00406010388717 0.0239334489294 
0.0191003365989 0.00726198488203 0.0404688081091 0.0222517936342 0.0139256751816 -0.000247002064111 0.0558926829525 0.0259654977422 0.0227403346387 0.222829669573 0.0116293139536 0.00432850511311 0.0114211391454 0.0188844623398 0.0171415832398 0.0221803920496 -0.0109705806081 0.0202082123063 0.0108904637359 0.000943179570543 0.0159604451795 0.00841807071706 0.0118727894352 0.00286414817211 0.0153121074449 0.0202061591985 0.0156066790866 0.0186748028658 0.0370268189475 0.0234412363359 
-0.00171148152407 0.000934971231078 0.0207959882441 0.0122190526955 0.011080173577 -0.00291749601887 0.0100609580804 0.0215765485324 0.0175694285145 0.0116293139536 0.218320831738 0.00913257393968 0.0159295015548 0.0258364283775 0.0162689400039 0.0135065354582 0.016948406864 0.00556462008614 0.0105456413404 0.0113538540272 0.0218737985045 0.01615247628 0.0174734625623 0.00689700063889 0.00707423663173 0.00443301276555 0.0181587431694 0.014092251558 0.00396731618922 0.0171301478445 
0.0179449934209 0.0138581458622 0.0147899380351 0.0122060281666 0.0304639079697 0.0245672003655 0.0235804714843 0.0783628243533 0.012227004163 0.00432850511311 0.00913257393968 0.57320027166 0.0102141401966 0.048067714991 0.0138240901514 0.0116462941124 0.00203274706091 0.0489764104194 0.0135619750199 0.0110815940244 0.0388974335845 0.0020399919252 0.00399234091391 0.0272963595686 0.0365380983017 0.0395560400659 0.00750581707536 0.0152985923678 0.00875839410194 -0.0106114624198 
0.018967061599 0.00369359116939 0.0162919118472 0.0126425246983 0.0117798267509 -0.00321093927009 0.0129638039297 0.0232338741936 0.023573140881 0.0114211391454 0.0159295015548 0.0102141401966 0.179660749499 0.0255066753862 0.0190922545872 0.0206003649165 0.00231745870018 0.00999817026445 0.0028389464451 0.0210424290724 0.0230959635274 0.0266592973039 0.0481473401919 -0.0011659812024 0.0113993408516 -0.00204275329123 0.0288836464266 0.0213823055066 0.022901207754 0.0166954757851 
0.0227557591714 0.0180958568639 0.0483212643689 0.0113294095574 0.0559298680057 0.10754262767 0.0334451002664 0.0249859708228 0.051194531299 0.0188844623398 0.0258364283775 0.048067714991 0.0255066753862 0.625116661406 0.0341591120177 0.0116918062729 0.0187000641241 0.0534374241427 -0.0147756655472 0.0140780122569 0.02392310886 0.0331554261885 0.032129700035 0.0364310149733 0.0397359287061 0.0890449014326 -0.0126483443162 0.0258235520299 0.00942141488109 0.0236687184874 
0.0230213627899 -0.00198897611265 0.0211599017983 0.0281004810757 0.0135083200241 -0.00795858107384 0.0105548462408 0.0210019768649 0.0313839294498 0.0171415832398 0.0162689400039 0.0138240901514 0.0190922545872 0.0341591120177 0.308860387036 0.033274273965 0.00767333438478 0.0243336122911 0.00481926715679 0.00645654871355 0.0226128158996 0.0257643099374 0.0127244971127 0.0161681890726 0.0202877061985 0.028106274185 0.0302522803089 0.0432637788877 0.0215841052685 0.0311203086266 
0.00868251745313 0.0012004115024 -0.00811599935049 0.0176855764694 0.0114313713778 0.0117793361573 0.00484917897572 0.0127137385385 0.00993870525553 0.0221803920496 0.0135065354582 0.0116462941124 0.0206003649165 0.0116918062729 0.033274273965 0.281202338947 0.00999815029274 -0.00121910270134 0.00246795653622 0.00146700760523 0.0203938691318 0.0100445278752 0.0237994124098 0.00352782257873 -0.000495144281868 0.00541442137209 0.030266547847 0.0103877191566 0.00564417473945 0.0107975308777 
0.0133128604007 0.00923762571714 0.0215030409596 0.0201556476307 0.00500381816545 0.00322516794549 0.00122486846914 -0.000327370689021 0.0111456798439 -0.0109705806081 0.016948406864 0.00203274706091 0.00231745870018 0.0187000641241 0.00767333438478 0.00999815029274 0.194839531812 0.0090047464411 0.00529065515267 0.00835340095087 0.00812564756348 0.00592469068843 0.0083712108397 0.00186603837069 0.00617782304818 0.0150067593287 -0.00787238440821 0.0103536471709 0.0112500147729 0.00795757595673 
0.0365156892108 0.0212328692319 0.026753030072 0.00173773461528 0.0161697181179 -0.0113188899995 0.0203966145979 0.0255707704124 0.016616706966 0.0202082123063 0.00556462008614 0.0489764104194 0.00999817026445 0.0534374241427 0.0243336122911 -0.00121910270134 0.0090047464411 0.683811949979 0.00093835154696 0.0127391472236 0.0227767179734 0.0166635246402 0.00913695472821 0.0425790113774 0.0195135369473 0.0710266401288 0.00877655000284 0.0301395398862 0.0138093503312 0.0376250515613 
-0.00945998133554 0.00117930390656 0.00685284032804 0.0142307280082 0.00840875522355 4.03002875612e-05 -0.00170672743625 0.00405423687291 -0.00915339995004 0.0108904637359 0.0105456413404 0.0135619750199 0.0028389464451 -0.0147756655472 0.00481926715679 0.00246795653622 0.00529065515267 0.00093835154696 0.534882629099 0.000809208284961 0.0224536787 -0.00229433577872 -0.00888232481738 0.00464339095169 -0.00052698407003 0.023658400434 0.0265569725282 -0.00486092422173 -0.00784588805089 -0.00519221909814 
0.0114296485946 -0.00213584559867 0.0180833023552 0.00850072882282 0.013133967689 -0.000265291578999 -0.000770150769889 0.00833056583645 0.0132495329398 0.000943179570542 0.0113538540272 0.0110815940244 0.0210424290724 0.0140780122569 0.00645654871355 0.00146700760523 0.00835340095087 0.0127391472236 0.000809208284961 0.190163391844 0.0145367490585 0.0231381992888 0.0180238002966 -0.00590204390355 -0.000157158110326 0.00307874687649 0.0105640533769 0.0123938232189 0.00819439207298 0.032730815997 
0.0223442648228 0.0123968503095 0.0130238272945 0.0216072084052 0.0263000126737 0.00980397142276 0.0137669083138 0.00937094049041 0.0159524258703 0.0159604451795 0.0218737985045 0.0388974335845 0.0230959635274 0.02392310886 0.0226128158996 0.0203938691318 0.00812564756349 0.0227767179734 0.0224536787 0.0145367490585 0.206213490477 0.00620681801362 0.0182760593495 0.0181998289158 0.00719088839182 0.00898994334656 0.0318489107148 0.00875596296249 0.0109000523126 0.00955404010257 
0.0216363289097 0.00832851587862 0.0221147814484 0.0153851470531 0.0185344035932 0.00814964321831 0.0141413474569 0.0238138694546 0.0169178195101 0.00841807071706 0.01615247628 0.0020399919252 0.0266592973039 0.0331554261885 0.0257643099374 0.0100445278752 0.00592469068842 0.0166635246402 -0.00229433577872 0.0231381992888 0.00620681801362 0.257154396313 0.0409712846996 0.00275675563926 0.00751849612132 -0.000589606833018 0.0180927285658 0.0117920951577 0.013742797978 0.0312042384034 
0.02096349747 0.0113376323471 0.0194710837716 0.0206668165585 0.0153211475844 0.00592193353275 -0.000217652669864 0.0282595458876 0.0130807292505 0.0118727894352 0.0174734625623 0.00399234091391 0.0481473401919 0.032129700035 0.0127244971127 0.0237994124098 0.0083712108397 0.00913695472821 -0.00888232481738 0.0180238002966 0.0182760593496 0.0409712846996 0.213355335236 -0.00179569219721 0.0132209071788 0.010467881213 0.0262488610485 0.0208860137006 0.0201167340852 0.017116609818 
0.0218419323841 -0.00130929803329 0.0352574401196 0.00985376644834 0.0181953549312 -0.00569063930339 -0.00228294290102 0.0168837064163 0.0274614147913 0.00286414817211 0.00689700063889 0.0272963595686 -0.0011659812024 0.0364310149733 0.0161681890726 0.00352782257873 0.00186603837069 0.0425790113774 0.00464339095169 -0.00590204390355 0.0181998289158 0.00275675563926 -0.00179569219721 0.340381582848 0.0234081845363 0.0572017647345 -0.00304690124277 0.00478737102566 0.0166970602561 0.018627587491 
0.0287487740007 0.00659907965858 0.0251335903312 0.0110718812257 0.0357592084931 -0.000751512261139 0.0115127962077 0.0435983647752 0.0317383761167 0.0153121074448 0.00707423663173 0.0365380983017 0.0113993408516 0.0397359287061 0.0202877061985 -0.000495144281868 0.00617782304818 0.0195135369473 -0.00052698407003 -0.000157158110326 0.00719088839182 0.00751849612132 0.0132209071788 0.0234081845363 0.271955745089 0.0189401213081 0.0228920791485 0.065564832501 0.0362341440216 0.0224015620519 
0.0246613799668 -0.00504308049958 0.0494905496558 0.0130803005301 0.0238219791248 -0.00142061677887 -0.0215898195124 0.0548778629607 0.0508948173036 0.0202061591985 0.00443301276555 0.0395560400659 -0.00204275329123 0.0890449014326 0.028106274185 0.00541442137209 0.0150067593287 0.0710266401288 0.023658400434 0.00307874687649 0.00898994334656 -0.000589606833018 0.010467881213 0.0572017647345 0.0189401213081 1.18745182174 0.0788132244979 0.0350822592734 0.0543695709602 0.0355341563199 
0.0180475947514 0.00652114246197 0.0277259660623 0.0341361681298 0.0041050559222 -0.00572470479575 0.0158231692262 0.0461526619785 0.00882634446701 0.0156066790866 0.0181587431694 0.00750581707536 0.0288836464266 -0.0126483443162 0.0302522803089 0.030266547847 -0.00787238440821 0.00877655000284 0.0265569725282 0.0105640533769 0.0318489107148 0.0180927285658 0.0262488610485 -0.00304690124277 0.0228920791485 0.0788132244979 0.648194193125 0.0395127835806 0.0181412030162 0.0368065927976 
0.0343397441585 -0.00448220869286 0.0437220211671 0.0226610506821 0.0236862542227 0.00462937406087 0.0226566397097 0.03646171209 0.016525203884 0.0186748028658 0.014092251558 0.0152985923678 0.0213823055066 0.0258235520299 0.0432637788877 0.0103877191566 0.0103536471709 0.0301395398862 -0.00486092422173 0.0123938232189 0.00875596296249 0.0117920951577 0.0208860137006 0.00478737102566 0.065564832501 0.0350822592734 0.0395127835806 0.323868435014 0.0664556422868 0.0354777435941 
0.0152267174273 0.00539165722066 0.0571139577272 0.0151554904598 0.00619958999939 0.00470403105285 -0.00618454259648 0.0365922919633 0.00406010388717 0.0370268189475 0.00396731618922 0.00875839410194 0.022901207754 0.00942141488109 0.0215841052685 0.00564417473945 0.0112500147729 0.0138093503312 -0.00784588805089 0.00819439207298 0.0109000523126 0.013742797978 0.0201167340852 0.0166970602561 0.0362341440216 0.0543695709602 0.0181412030162 0.0664556422868 0.377376724688 0.037829455527 
0.0295714819381 0.0127552702308 0.0598577691825 0.0261527704011 0.0144612986717 0.00175258159052 0.00990369749372 0.0144152355488 0.0239334489294 0.0234412363359 0.0171301478445 -0.0106114624198 0.0166954757851 0.0236687184874 0.0311203086266 0.0107975308777 0.00795757595673 0.0376250515613 -0.00519221909814 0.032730815997 0.00955404010257 0.0312042384034 0.017116609818 0.018627587491 0.0224015620519 0.0355341563199 0.0368065927976 0.0354777435941 0.037829455527 0.295637178837 

['SHW', 'CAG', 'FD', 'LMT', 'AVY', 'FRX', 'SYMC', 'TIF', 'EMR', 'FO', 'SLM', 'SUN', 'WFC', 'GLW', 'WEN', 'MO', 'LH', 'JBL', 'KSE', 'MDP', 'DUK', 'ABT', 'ZION', 'NCR', 'MWV', 'JDSU', 'AVP', 'BBBY', 'CVS', 'HET']