60
0.041097516798 0.0599327976672 0.0874158444094 0.0406155741598 0.0223320424584 0.188050706821 0.0231877092109 0.0733521468466 0.0214039426083 0.0341115490789 0.0487859931196 0.0394797478448 0.0698927007 0.0331056926512 0.0572050688987 0.0528259349661 0.0163484450471 0.0362094771936 0.045759308444 0.0271794955288 0.0910259677787 0.0472748306646 0.0441448787565 0.0459594094694 0.0180781461794 0.0389775871913 0.0220203869342 0.0149217979249 0.0466468708745 0.13159191543 0.146363775453 0.0202574279786 0.0700025840065 0.026417897889 0.162626926374 0.0313696733512 0.148169679735 0.0162851568228 0.0565518641406 0.0124927962784 0.0988670942005 0.0716450377603 0.140066530531 0.164482556217 0.133327922328 0.0285507317948 0.067654701563 0.199130076205 0.0387981152642 0.0396471392927 0.0297585566085 0.126302472887 0.0155341374053 0.0785675118811 0.0272696759741 0.0380288664812 0.0693656588129 0.147407151382 0.110625092132 0.0678674292734 
0.23914143576 -0.00848619963414 -0.00947897087584 0.0207371987316 0.00327935098564 0.0206145724726 0.00141525363962 0.00437765812565 0.0113181411779 -0.000427270561454 0.0172139822535 0.0081717247506 0.0317680804611 0.0241758298898 0.00823925834642 0.0271567462438 0.0136941481943 0.000983531261615 0.0244029765168 0.0156096504427 0.00942294897158 0.00803006759507 0.0325552543274 0.00739076133542 0.00208860727508 0.0470614676637 0.0135229550158 0.0124528995153 0.00495590926016 0.0500976279929 -0.00446393348651 0.0149792948658 0.0250119711943 0.00872705493207 0.035120757866 0.0150919933991 0.0146539774456 0.0125430384289 0.00845294227806 0.0131362456003 0.00532234839156 0.0105769927306 0.0133020045769 -0.00978720260062 0.00613650430941 0.00710093732829 0.016603655273 0.0224050418588 0.00279203161139 0.0247687963205 0.0142875073637 0.0175071365596 0.015321858902 0.00657662612197 0.0121996094198 0.00432912215058 0.0566283662734 0.0287831574305 0.0370987954407 0.0127924148355 
-0.00848619963414 0.328346494176 -0.00694411661123 0.00843682450758 0.00106636309539 0.0139305723095 0.0220344440839 0.0269021741406 0.012415488023 0.00934437682552 0.0120197209867 0.00876949627685 -0.00235441435237 -0.00524562779888 0.00439527192532 0.0170453618233 0.00420038522674 0.0227097583771 0.0135418525064 0.00625947697019 0.0193636650048 0.00287260723241 0.00752360213742 0.0610840408332 0.016800267009 0.0332398437252 0.0324428792092 -0.000992073444607 0.000961186980172 0.0404165653859 0.0339612885801 0.0140490048301 0.0178944947277 0.00629814072985 -0.0032224792668 0.0163482355671 0.029619994134 0.00134745902149 -0.00350343493093 0.00239886481396 -0.000409633567649 0.00402499740746 0.0163534225646 -0.00483419692987 0.00979601372148 0.016532801214 0.00658286460943 0.0322838636481 0.00921687245042 0.00520463616754 0.0187835146576 0.023657868138 0.0127490531762 0.0120639500914 0.0140688527172 0.00839113829069 0.0238311159862 0.0182390123981 0.0257461249554 0.0183822248696 
-0.00947897087584 -0.00694411661123 0.545377350607 0.0240763412815 0.0103659973413 0.0184287192666 0.0128320096382 0.00695363971495 0.0146714848051 0.00690669664596 0.00967427086789 0.0185973363275 0.00292084452346 -0.000534949887429 0.0696210024807 0.0127944048353 0.0177601795431 -0.00755771598892 -0.00478735559625 0.00993883322853 -0.00183594915993 0.104240612232 0.00946574975881 0.0110615727904 -0.000370025545873 -0.00290802873928 0.00269844144083 0.0186847838175 0.0284997793899 0.0434652462391 0.0187061753923 0.022102142103 0.0106523262622 0.00310414560736 -0.0127732021465 0.00711718034508 0.00301875387239 0.0144950911841 0.00389578909494 0.00842656650431 0.0516666426882 0.00231430483984 0.0196739644997 0.00874809607315 -0.005353875503 -0.00106325387687 0.0244500154943 -0.00260003935732 0.0189850347606 -0.00442877392257 0.0134920815349 -0.00797529693566 0.0118092116204 0.00816849583836 0.0103684164811 0.0254834871724 0.0112944702454 0.000580451538565 0.0180628487022 0.0148090998991 
0.0207371987316 0.00843682450758 0.0240763412815 0.209647116811 0.00288693360047 0.0237877839706 0.00906088457375 0.0356261672867 0.0231001124478 0.0211424275353 0.0131027583269 0.0161868528897 0.0229683067247 0.0261583230529 0.0127535341453 0.0206351336783 0.0250315140708 0.0268149819336 0.0104798169843 0.00624292283175 0.00546676022432 0.0144096842639 0.0322584317605 0.0171204211897 0.00172928829571 0.00696176699203 0.0200602805822 0.00704168334839 0.0190344314508 0.0286570235481 0.0166800927547 0.0258196358909 0.013629941206 0.0125240511649 0.00168181098952 0.0225561059721 0.0167396352745 0.0269056991678 0.0815671822762 0.0180243122921 0.017674290606 0.0078839888259 0.0214133344267 0.0096539515992 0.01790790209 0.0191006392391 0.0157974227958 0.0273638610533 0.0233350790551 0.025438096975 0.02509140219 0.0162636342263 0.00551835307744 0.0163396273045 0.0154356526093 0.028715931404 0.00913608326219 0.0246720518711 0.0111679106084 0.0274841592961 
0.00327935098564 0.00106636309539 0.0103659973413 0.00288693360047 0.202421957445 0.0118367096377 0.0103000433454 0.00164678931563 -0.00388897229841 0.0108710538343 0.00775923736563 0.00743417048003 -0.0120322443038 0.000503004191942 0.0132633604531 0.00762555929522 0.0142838789316 0.00468093273935 -0.000216092420265 0.00905459478904 0.00183451508817 0.00272282347383 0.00373271824041 -0.00345266053373 0.0059320571682 0.0123123409315 0.00970066285717 -0.00322631675675 0.0101645527615 -0.00668417697132 -0.0160886697996 0.000183989274482 0.00899426976179 0.00362978027674 0.0268614396223 -0.000310211420159 -0.0124642002342 0.0107350969826 0.00365007991618 0.000820256128855 0.019568359739 -0.00998394748659 0.000731056090982 0.000102940173445 0.00447532027504 -0.000659304525815 0.00540722790205 0.032928354733 0.00753281799916 0.00384872373468 0.00538719109393 0.016709963696 -0.00244881673827 0.0173772263406 0.0116425397511 0.00347729606942 0.00295381318302 0.0102923214918 0.00146013734489 0.00885242445958 
0.0206145724726 0.0139305723095 0.0184287192666 0.0237877839706 0.0118367096377 1.006507843 0.00754882745106 0.0149451482467 0.0157672356987 0.0161821965252 0.000982830075582 0.0309171994132 0.0391011137182 0.00466251599723 0.0388196296056 0.0303265939342 -0.00712054809053 0.0218713788093 0.00436029110346 0.00465146638559 0.0431586566981 0.01288843004 0.0269934665413 0.0133562860455 -0.00438756177564 0.013526811972 0.0232877322073 0.0393820108737 0.0174328070548 0.00741013325235 -0.00818134576692 0.0415148946831 0.00980974699178 0.0245917039369 0.0073228771266 0.012692608623 0.0506223072149 -0.0104521112458 0.0228391344369 0.0277360877393 0.0857367254709 0.0133944275477 0.0148314187603 0.0107164684501 0.0472896271616 0.0215350481439 0.0236957124947 0.0454878692528 0.0343288031778 0.00398491178198 0.0387785488967 0.0246108488455 -0.00321362159215 0.0325807492489 0.023612334507 0.0478621448765 0.010101596756 0.00363350015587 0.0416339696031 0.0256005630519 
0.00141525363962 0.0220344440839 0.0128320096382 0.00906088457375 0.0103000433454 0.00754882745106 0.209031585095 -0.00362875531114 0.0152392856986 0.0229010232941 0.00291003986367 0.00180348457631 0.00854414031293 1.25357784272e-05 0.00648438596305 0.0102795378102 0.00329020168799 -0.00702016463233 0.00170845145328 -0.000106673801941 0.0117758892083 0.0110217425538 0.00258517205327 0.0253347046175 0.0145081525584 0.00197874153461 0.0195403007006 0.0145701252934 0.0213266179846 0.000120295276749 -0.00531309811593 0.00850611761747 0.00656017046998 0.00455431357312 0.0036151214117 0.000602746842354 0.0354095730539 0.0113991230059 0.00907087592402 -0.00290431480515 0.0247835792911 0.00473019751524 0.00803680302516 0.0274859098336 0.00227754674095 0.0144450038071 0.0138937446697 0.0134764497771 0.0061360186418 0.00176993450601 -0.00566985251482 0.0156006558641 0.0118054012202 0.0649239977082 0.00609443333668 0.00574577111244 0.00851536411251 0.024936445995 0.0148560334411 -0.000584737099013 
0.00437765812565 0.0269021741406 0.00695363971495 0.0356261672867 0.00164678931563 0.0149451482467 -0.00362875531113 0.427849229466 0.0143789606621 -0.00128808264758 0.0172648523348 0.0572089195773 0.015796737604 0.0177367815862 0.0166433222879 0.0237651264426 0.0151684175733 0.0158995461106 0.00700932887497 0.0101949303866 0.00526986248283 0.0316956383806 0.00109564878079 0.0141276301846 0.0277807212376 0.00743564473671 0.021696891915 0.0126184921439 0.00931387135369 0.0168679727688 0.068260367414 -0.00370211027951 0.00360365443149 -0.00489865317472 0.0177346384931 0.0243600180143 0.0173563623403 0.0263100061383 0.0258139099744 0.0151140965024 -0.00329441311824 -0.00178242435277 0.0100465494214 -0.0440270567902 0.0148320465156 0.0030810584673 0.0206859514998 0.0521325443236 0.00262639582962 0.0318478525903 0.0261178752679 0.0146086743528 0.0132323169136 -0.00320683431395 0.00574568701544 0.00861610932477 0.0221672102705 0.0141389554238 -0.00797164867645 0.0189213536326 
0.0113181411779 0.012415488023 0.0146714848051 0.0231001124478 -0.00388897229841 0.0157672356987 0.0152392856986 0.0143789606621 0.20816244933 0.00723076922415 0.00805597452451 0.0203578981036 0.0384755260189 0.0114968819383 0.0285431093246 0.0250748837861 0.00709327989575 0.0134686434562 0.00551946626086 0.00414279524423 0.0265154269292 -0.00663177491697 0.0211887316992 0.0190426861253 0.00337799872123 0.00868769892737 0.0269190949157 0.0323939653627 0.0120213718942 0.0445002340548 0.0166534363278 0.0327567371412 0.0110003459959 0.0568331531269 0.00300357072447 0.0260948683636 0.00431152874126 0.00341124968722 0.0150617653269 0.0131925802365 0.021158502248 0.0136630804434 0.0315842196712 0.00140447982637 -0.00138666617121 0.0284170511878 0.00546438385635 0.0302982436278 0.0291752747193 0.011041390666 0.0135551539013 0.0311693156991 -0.00213054890505 0.0237359916335 0.00352401674224 0.0219711210547 0.0142344012753 0.033953172491 0.0412583993784 0.0143314817705 
-0.000427270561454 0.00934437682552 0.00690669664596 0.0211424275353 0.0108710538343 0.0161821965252 0.0229010232941 -0.00128808264758 0.00723076922415 0.21815274069 0.0115821938721 0.00899815197812 -0.00367402326814 0.00930622754893 0.00380936368634 0.00394932814823 0.00151462047975 -0.00125793609212 0.0103555622914 0.0105759458625 0.0193714444027 0.00236019545888 0.0182763694369 0.0269134604331 0.00826065050921 0.0145089371039 0.0160107159139 0.0119370357855 0.0226486762849 0.00147100603409 0.00914393556515 0.0149127928193 0.00924946512045 0.0140782798278 0.00682572336541 -0.00177952781645 0.0223326899414 0.000724561710424 -0.00118571820752 0.00426659921933 0.0153538761429 0.0220962752382 0.0267424631617 0.0365296035363 0.0163839467028 0.0171054498318 0.00427351419042 0.00569686072192 0.012983299008 0.0182787098418 0.0015237582441 -0.00990791836387 -0.00243373945764 0.0132315123734 0.00136499407124 0.0168134249802 0.0184364934494 0.0153899118586 0.0100433630376 0.0154544669307 
0.0172139822535 0.0120197209867 0.00967427086789 0.0131027583269 0.00775923736563 0.000982830075582 0.00291003986367 0.0172648523348 0.00805597452451 0.0115821938721 0.447657912632 0.000748643365817 0.0116569070243 0.00576541345379 -0.00111520422749 0.0136547557467 0.00931533183974 0.00991483423646 0.0194691317231 0.0190169461842 0.0299109718578 0.00302207859989 0.0158420248011 0.0146610822415 0.0173275815294 0.0153306652704 0.0129427546104 0.027114097412 0.0229014319624 0.000907215665902 0.0490851040937 0.00869068429518 0.0217449831473 0.023170256858 0.0124942505704 0.0203308977844 0.00344353199812 0.01442000458 0.0144760336022 0.00745156097996 0.0139161267796 0.0384109707626 0.0349565861667 0.0271570863624 0.0105905789331 0.00471714206248 -0.00366204983312 0.0223825494544 0.0248944313677 0.0196193994901 0.0104942011927 0.0157242033432 0.00595631491102 -0.00266860068508 0.00470410991617 0.017685744552 0.0213763698814 0.0356621148799 0.00279567459529 0.0260574104857 
0.00817172475059 0.00876949627685 0.0185973363275 0.0161868528897 0.00743417048003 0.0309171994132 0.00180348457631 0.0572089195773 0.0203578981036 0.00899815197812 0.000748643365817 0.321324148202 0.0242009732065 0.00262208738854 0.0349564072348 0.0120286982625 0.00955313162704 0.0267839190846 0.014189873236 0.0164507771914 0.0146263589823 0.000436761857086 0.0131987334668 0.00745744776457 0.0105962308192 0.00195625268289 0.00649207712125 0.0330691849805 0.0107146211841 0.0221460206866 0.0174660940637 0.0235688028103 0.00244010412677 0.0162509646847 0.0099178282767 -0.00332065169165 0.0135640137467 0.00666387673446 0.0244646872648 0.0176865640164 0.0115993324224 0.00399166852042 0.0202910393575 -0.00616299980168 0.000929910634635 -4.22877688248e-05 0.0186818071993 0.0664971120653 0.02213344415 0.00773951469215 0.0135150902743 0.0213400389715 0.0172260912031 0.0188193073144 0.0288728610314 0.02167569046 0.00258158282661 0.0168084017078 -0.00210335187796 0.0138296280274 
0.0317680804611 -0.00235441435237 0.00292084452346 0.0229683067247 -0.0120322443038 0.0391011137182 0.00854414031293 0.015796737604 0.0384755260189 -0.00367402326814 0.0116569070243 0.0242009732065 0.439441828053 0.0130730852916 0.0133430231151 0.0311998317425 0.00599896407874 0.0355627379686 -0.000565328344576 0.0122646060384 0.0283769578353 0.01794008659 0.037090056125 0.0261759205773 0.0201368736442 0.0433177527141 0.0225912029217 0.0147256956304 0.00601795843816 0.0184974741914 0.00279757981671 0.049121659013 0.0291637422916 0.0147180432509 0.0171758883087 0.0290556447985 0.03493925511 -0.00423490203809 0.0202458778189 0.019530113015 0.0399807411302 0.0241488879512 0.0119783252248 -0.000641307385092 0.0133985088754 0.0119830658402 0.00723947067815 0.0300387973228 0.0144783839383 0.00339651446087 0.0514527139532 0.0231257355911 0.00193539262927 0.0135180306513 0.0273410537276 0.0426711723483 0.0263381302018 0.0206332006912 0.0141906300122 0.00150215114531 
0.0241758298898 -0.00524562779888 -0.000534949887429 0.0261583230529 0.000503004191943 0.00466251599723 1.25357784273e-05 0.0177367815862 0.0114968819383 0.00930622754893 0.00576541345379 0.00262208738854 0.0130730852916 0.195091717458 0.000843944302143 0.00801813964615 0.043071255485 0.0294991131006 0.0283041746234 0.0138077606437 0.0109002097617 0.00530979770361 0.0353966577604 0.00326100607474 0.00876810835543 0.0287936010909 0.000142675268929 0.0132842590383 0.04438613065 0.0335934952113 -0.000776780461234 0.0131014932211 0.0172540770823 0.00966249548708 0.00863944852301 0.020740295882 0.0261779672076 0.0293533536474 0.0347437909805 0.0173508647054 0.0148780664957 0.0142339300416 0.00786123572276 0.00466590107996 0.0146249197768 0.000300241865855 0.0232732135095 0.0196143208178 0.0172637638436 0.0539441190081 0.0119266019013 0.027630828435 -0.00211459795902 0.00705405969603 0.00960038389863 0.00805454262196 0.0058839799633 0.0367066789045 0.00565063090139 0.0114771561846 
0.00823925834642 0.00439527192532 0.0696210024807 0.0127535341453 0.0132633604531 0.0388196296056 0.00648438596305 0.0166433222879 0.0285431093246 0.00380936368634 -0.00111520422749 0.0349564072348 0.0133430231151 0.000843944302143 0.238979697039 0.0261871028433 0.0121267105319 0.00706445270737 0.0162585681487 0.0162876075171 0.00960336162563 0.0575775883616 0.0187017813982 0.0285254146617 0.00914872893147 0.00802055651562 0.0130241408649 0.0135358197095 0.0254976750623 0.0325402567405 0.0113467171043 0.0287626870504 -0.00103151636229 0.0156563537976 0.0227656997842 0.0140370191015 0.0205954025364 0.00637196116676 0.0235221401534 0.0147273243989 0.0408637635714 0.00919429748541 0.00270013337291 0.00977270673883 0.0129133592458 0.00427456713919 0.00311038632262 0.0279893689344 0.0237089980303 0.00245699708854 0.0230178852194 0.02137948513 0.011910795032 0.014417030395 0.0181401463606 0.0255025494232 0.0064938628182 0.0302108832732 0.0196731058114 0.0269851135325 
0.0271567462438 0.0170453618233 0.0127944048353 0.0206351336783 0.00762555929522 0.0303265939342 0.0102795378102 0.0237651264426 0.0250748837861 0.00394932814823 0.0136547557467 0.0120286982625 0.0311998317425 0.00801813964615 0.0261871028433 0.283120066527 0.0130709700945 0.0263716331923 -0.000708580256981 0.014225611001 0.0260657884958 0.00523711802464 0.0311853184432 0.0490342399246 0.00894144295121 0.0325640042933 0.0469104494761 0.00670284977462 0.0099882208684 0.01144960332 -0.000449874915253 0.0207481644142 0.00170391676385 0.0153015188109 0.0219530202099 0.00282318098651 -0.00534623202657 0.00744075256598 0.0130402533027 0.0159226664388 0.00477785199615 0.00469143879103 0.00185187699347 -0.00247359753358 0.0185443750987 0.0170748079795 0.0226589319875 0.0216789616649 0.018484906979 0.01200011776 0.0211117543624 0.00450848705202 0.0061360169712 0.00955937659451 0.00409833962234 0.00729343590636 0.011831806135 -0.00913560526225 0.0309857016109 0.0179762914274 
0.0136941481943 0.00420038522674 0.0177601795431 0.0250315140708 0.0142838789316 -0.00712054809053 0.00329020168799 0.0151684175733 0.00709327989575 0.00151462047975 0.00931533183974 0.00955313162704 0.00599896407874 0.043071255485 0.0121267105319 0.0130709700945 0.184776224557 0.00164942257685 0.01758373997 -9.53596140614e-05 -0.00449607009869 0.00412780287681 0.0135918441268 0.00353064643093 0.00332233828761 0.0212419840676 0.0130348470668 0.00189424572037 0.0426679781405 0.0329507906052 0.0141337150765 0.00763742437335 -0.00162728736978 0.00599210991723 0.0281385159325 0.0144719600291 0.0186520301646 0.0488108242982 0.0320851463351 0.0125576014267 0.014744488986 0.00499886084112 0.0239377305315 -0.00564372466513 0.00465083836742 0.0127267691391 0.0191460132731 0.01367352525 0.0140064885602 0.0558131704139 0.0072176452812 0.0370442941072 0.0125854451589 0.00809617919737 0.0049938782771 0.0097985688425 0.00286255965106 0.0158951831075 0.0185060377407 0.00965461607537 
0.000983531261615 0.0227097583771 -0.00755771598892 0.0268149819336 0.00468093273935 0.0218713788093 -0.00702016463233 0.0158995461106 0.0134686434562 -0.00125793609212 0.00991483423646 0.0267839190846 0.0355627379686 0.0294991131006 0.00706445270737 0.0263716331923 0.00164942257685 0.230161094503 -0.0031446798856 0.0157220021422 0.0204416128506 1.26999633405e-05 0.0664897848549 0.0264530595127 0.0149496129557 0.0525089480959 0.0220994306142 0.040996065614 0.00662470812587 0.00263693297692 0.00244471188769 0.014925749405 0.00975551338524 0.0243027242363 0.000933042209765 0.0266160928972 0.00997286597191 0.00367468665417 0.0276781597554 0.0129381803753 0.0191806343395 0.0339657996396 0.0102794637519 0.00413186917784 -0.00980494703333 0.00614619699615 0.00723182381958 0.040665289054 0.0273054425838 -0.00300529442499 0.0186659339573 0.0245660377865 0.0142397568468 -0.00621594836138 0.0134686250479 0.0226325589559 0.0146345501003 0.00272687148342 0.0360495862703 0.0529528198226 
0.0244029765168 0.0135418525064 -0.00478735559625 0.0104798169843 -0.000216092420265 0.00436029110346 0.00170845145328 0.00700932887497 0.00551946626086 0.0103555622914 0.0194691317231 0.014189873236 -0.000565328344576 0.0283041746234 0.0162585681487 -0.000708580256981 0.01758373997 -0.0031446798856 0.183600111624 0.0114319949276 0.00488010372026 0.0035005533866 0.0159965576839 0.0111106425165 0.0123761788579 0.0124300966069 0.0027379453701 0.00320530353899 0.0296638647763 0.101382761191 0.00167942635052 0.0174813360588 0.0116687989703 0.00483594500741 0.0444230374694 0.00688742412862 0.0147890017762 0.0182578044953 0.0124507208627 0.00299760464295 0.0114763373903 2.67386519058e-05 0.00392104768057 0.00416457909306 0.01166197084 0.00110164860344 0.0177617752545 0.0485966986764 0.0139077054844 0.0255247757271 0.0111038917392 0.0592936615785 0.00363394972271 -0.00219309913617 0.00866275756181 0.00738307295435 0.0205898005971 0.0998677043273 -0.00217035166828 0.00946416607833 
0.0156096504427 0.00625947697019 0.00993883322853 0.00624292283175 0.00905459478904 0.00465146638559 -0.000106673801941 0.0101949303866 0.00414279524423 0.0105759458625 0.0190169461842 0.0164507771914 0.0122646060384 0.0138077606437 0.0162876075171 0.014225611001 -9.53596140612e-05 0.0157220021422 0.0114319949276 0.225212127995 0.0468338132389 0.00996653514887 0.01822211075 0.0171954988907 0.0175076034986 0.0133521245104 0.0140008100814 0.0122344018041 0.00143940804697 9.23409785603e-05 0.0129578094928 0.00324333935502 0.0480947453113 0.00682414061866 0.0125539072655 0.016487466052 0.00928298338323 0.0170055862048 0.0125840688692 0.0105253578153 0.0133579281338 0.0181484025932 0.003820603029 -0.00885241924325 0.00196049583266 0.00334519915971 0.033643129864 0.00282647139084 0.00366135759532 0.0038625540264 0.00897989450438 0.00383970866486 0.00522555930621 0.0146819216997 0.00613930926225 0.00840594514044 0.0226555231359 0.00282273527352 0.000835533008547 0.0176446763967 
0.00942294897158 0.0193636650048 -0.00183594915993 0.00546676022432 0.00183451508817 0.0431586566981 0.0117758892083 0.00526986248283 0.0265154269292 0.0193714444027 0.0299109718578 0.0146263589823 0.0283769578353 0.0109002097617 0.00960336162563 0.0260657884958 -0.00449607009869 0.0204416128506 0.00488010372026 0.0468338132389 0.433873641555 0.0158620580171 0.0152691802348 0.0248412540404 0.00917130089802 0.0196460039811 0.018011537386 0.036477007646 0.00778340553648 0.0103062113649 0.0198401364377 0.0169056668996 0.00059571125972 0.0240309715993 0.0181329628611 -9.36683444041e-05 0.0310206201354 0.0056923706925 0.00445560656156 0.0135367957846 0.0124906149751 0.00972812915594 0.0222464554315 0.0121436170441 0.0193599845918 0.025434022318 0.00625688992945 0.0179097164518 0.0241621441779 0.00579653069397 0.0173059402243 -0.00416539505054 0.0118031903854 0.026288549812 0.00625074588432 0.0101363222692 0.00120138558669 0.0161978773345 0.0212572046629 0.0266273476307 
0.00803006759507 0.00287260723241 0.104240612232 0.0144096842639 0.00272282347383 0.01288843004 0.0110217425538 0.0316956383806 -0.00663177491697 0.00236019545888 0.00302207859989 0.000436761857086 0.01794008659 0.00530979770361 0.0575775883616 0.00523711802464 0.00412780287681 1.26999633406e-05 0.0035005533866 0.00996653514887 0.0158620580171 0.331782166943 0.0108095061628 0.011335327747 0.00443906981236 -0.00196092873098 0.000999066446542 -0.00551657229927 0.0172089750055 -0.0130585815927 0.0252642651128 0.00794860901731 0.0166812976498 0.00130032903877 0.00675717044672 0.00327827324725 0.00452272343438 0.00871978017267 0.00556724511278 0.00441056060143 0.0496468835403 -0.0174275167746 -0.00217994946687 -0.0115018425878 0.000222072181643 -0.000950369031457 -0.00344757046876 -0.00957099357555 -0.00397752323762 0.0178942683419 0.00906737410945 -0.0193616750507 -0.00615966666438 0.0280975783185 0.00397157031073 -0.000217332919844 -0.0076135958715 -0.00767164319028 0.00231946026781 0.0169560362798 
0.0325552543274 0.00752360213742 0.00946574975881 0.0322584317605 0.00373271824041 0.0269934665413 0.00258517205327 0.00109564878079 0.0211887316992 0.0182763694369 0.0158420248011 0.0131987334668 0.037090056125 0.0353966577604 0.0187017813982 0.0311853184432 0.0135918441268 0.0664897848549 0.0159965576839 0.01822211075 0.0152691802348 0.0108095061628 0.234185670208 0.0136291568398 0.0125198457429 0.0493735641567 0.0234600291092 0.0294560363148 0.016859240574 0.0116098233574 0.0394290158139 0.0204173165715 0.0135590920234 0.0245258832094 0.0143903962397 0.0229323371179 0.0195777453179 0.0119302486699 0.0366922858258 0.0085079245774 0.0442950822896 0.0151422537288 0.0265333422161 -0.00523099356871 0.000461905907126 0.00509437712059 0.0173780712742 0.0270609457202 0.0516704862413 0.0460189670832 0.0262550759695 0.0216979991305 -0.00185312592586 0.00252650815712 0.0193569327043 0.0239700268878 0.0227460801321 0.0138525943469 0.0286874652386 0.0313388630745 
0.00739076133542 0.0610840408332 0.0110615727904 0.0171204211897 -0.00345266053373 0.0133562860455 0.0253347046175 0.0141276301846 0.0190426861253 0.0269134604331 0.0146610822415 0.00745744776457 0.0261759205773 0.00326100607474 0.0285254146617 0.0490342399246 0.00353064643093 0.0264530595127 0.0111106425165 0.0171954988907 0.0248412540404 0.011335327747 0.0136291568398 0.336801438975 0.0201692832366 0.0315067259299 0.0704587198194 0.017368185698 0.00738591287722 0.0121554750146 0.00259685531644 0.0138121279213 0.0062340379795 0.0133195177558 0.0121107702247 0.00441376042557 0.0207685910013 0.012960615773 0.03074468291 0.00833934943705 0.0245000769661 -0.0073865963405 0.020838274329 -0.00876251923414 0.038910821528 0.00622035658256 0.0136821602269 0.0255502005037 0.0145105154412 0.010044462691 0.0292490112181 0.00726296138647 0.00781822941591 0.0211922565665 0.0131493606851 0.0222609552454 0.0126456750506 -0.00326063824393 0.0358415746416 0.0450311102687 
0.00208860727508 0.016800267009 -0.000370025545873 0.00172928829571 0.0059320571682 -0.00438756177564 0.0145081525584 0.0277807212376 0.00337799872123 0.00826065050921 0.0173275815294 0.0105962308192 0.0201368736442 0.00876810835543 0.00914872893147 0.00894144295121 0.00332233828761 0.0149496129557 0.0123761788579 0.0175076034986 0.00917130089802 0.00443906981236 0.0125198457429 0.0201692832366 0.242767009273 0.0222632492378 0.0155357929882 -0.00456614437339 -0.00529438849 -0.00639165453934 0.00966899186733 0.0134168324435 -0.00368315961784 0.0145698326834 -0.0106908938921 0.0109718148555 0.0241557813618 0.00801756297393 -0.0118024026275 0.0086156775509 0.016458692516 -0.00435184567089 0.0144752683798 -0.00258911870435 0.0141846966605 0.00532199378203 0.00842543789802 0.00484386003549 0.00818225878091 0.0152042396123 -0.00305792000298 0.0144777256115 0.00659443679778 0.00762532801579 0.00928733416821 0.00450159806705 -0.00271044895365 0.0255359248552 -0.000530864798481 0.00688466383587 
0.0470614676637 0.0332398437252 -0.00290802873928 0.00696176699203 0.0123123409315 0.013526811972 0.00197874153461 0.00743564473671 0.00868769892737 0.0145089371039 0.0153306652704 0.00195625268289 0.0433177527141 0.0287936010909 0.00802055651562 0.0325640042933 0.0212419840676 0.0525089480959 0.0124300966069 0.0133521245104 0.0196460039811 -0.00196092873098 0.0493735641567 0.0315067259299 0.0222632492378 0.226404565509 0.0281167198386 0.0239327542869 0.00664814726185 0.0138641863297 -0.000219358675243 0.0194686798498 0.00625828997628 0.0190543426555 0.000321241416244 0.0261612783462 0.0124209560232 0.00638291302336 0.0120207267018 0.0153476920478 0.0131950521379 0.0169982795356 0.0349629329402 -0.0104226365438 0.00885719124671 -0.00583180514561 0.013416209561 0.0240854838196 0.0137960505351 0.0205831746966 0.0171163874724 0.0395489013095 0.0133684396404 0.0173344813546 0.0131142257845 0.00667956770213 0.00983958368565 -0.00621524906115 0.0358207774747 0.0247945848441 
0.0135229550158 0.0324428792092 0.00269844144083 0.0200602805822 0.00970066285717 0.0232877322073 0.0195403007006 0.021696891915 0.0269190949157 0.0160107159139 0.0129427546104 0.00649207712125 0.0225912029217 0.000142675268929 0.0130241408649 0.0469104494761 0.0130348470668 0.0220994306142 0.0027379453701 0.0140008100814 0.018011537386 0.000999066446542 0.0234600291092 0.0704587198194 0.0155357929882 0.0281167198386 0.212047366056 0.0142943715236 0.00550254844208 0.0223754165865 0.00463626439446 0.0312087661486 0.0048844446929 0.0177455050394 -0.00424962085114 0.00789998913065 0.0118139080088 0.00603609185194 0.0109352322976 0.018003398003 0.0258669633825 0.0123113411261 0.0133800763827 0.00369773388778 0.0209543270228 0.00933983254975 0.00243839278933 0.00565218433161 0.0153086406777 0.00244825789084 0.0245962307936 0.0165322072764 0.0116502730358 0.0272385227845 0.0101692432272 0.00920563471364 0.018486812465 0.00753731275887 0.0468143251088 0.0304064529783 
0.0124528995153 -0.000992073444607 0.0186847838175 0.00704168334839 -0.00322631675675 0.0393820108737 0.0145701252934 0.0126184921439 0.0323939653627 0.0119370357855 0.027114097412 0.0330691849805 0.0147256956304 0.0132842590383 0.0135358197095 0.00670284977462 0.00189424572037 0.040996065614 0.00320530353899 0.0122344018041 0.036477007646 -0.00551657229927 0.0294560363148 0.017368185698 -0.00456614437339 0.0239327542869 0.0142943715236 0.315161085966 0.023505293782 0.0192942301007 -0.00557497521465 0.021209123574 0.0217233131287 0.00938506002563 -0.00714487414896 0.0107253073093 0.0225079060872 0.00714980572003 0.0238218923133 0.0149213168395 0.0523468628729 0.0214638345073 0.0365893016691 0.00924494180201 0.00553450317605 0.0173299559204 -0.00120178311004 0.00924278813408 0.018120643533 -0.00235175025211 0.000301233712266 0.000323539042523 0.00720355546736 0.0220273621936 0.0157334476251 0.0306292312099 0.0147803684265 0.0177020994585 0.0356399287225 0.04431304572 
0.00495590926016 0.000961186980172 0.0284997793899 0.0190344314508 0.0101645527615 0.0174328070548 0.0213266179846 0.00931387135369 0.0120213718942 0.0226486762849 0.0229014319624 0.0107146211841 0.00601795843816 0.04438613065 0.0254976750623 0.0099882208684 0.0426679781405 0.00662470812587 0.0296638647763 0.00143940804697 0.00778340553648 0.0172089750055 0.016859240574 0.00738591287722 -0.00529438849 0.00664814726185 0.00550254844208 0.023505293782 0.341022285717 0.0290852652011 0.000187798118102 0.00848586613287 -0.00105492150214 -0.002179525924 0.0377079477034 0.00172192282356 0.0235968894688 0.0314195117675 0.0125045118416 0.00838347234264 0.0173951944215 0.0187043227108 -0.00013744664227 0.0118564512489 0.118910381107 0.00616966166387 0.0119853737534 -0.000951772950677 0.018963123514 0.0451559519518 0.0051638456882 -0.00186242368115 0.00898734758737 0.00547474739591 0.00342859743116 -0.00562256681494 0.00979887211216 0.0277631421714 0.0130863722645 0.00134898439369 
0.0500976279929 0.0404165653859 0.0434652462391 0.0286570235481 -0.00668417697132 0.00741013325235 0.000120295276749 0.0168679727688 0.0445002340548 0.00147100603409 0.000907215665903 0.0221460206866 0.0184974741914 0.0335934952113 0.0325402567405 0.01144960332 0.0329507906052 0.00263693297692 0.101382761191 9.23409785604e-05 0.0103062113649 -0.0130585815927 0.0116098233574 0.0121554750146 -0.00639165453934 0.0138641863297 0.0223754165865 0.0192942301007 0.0290852652011 0.494096192345 0.0211655173524 0.0434395194175 0.0149852119642 0.022401251049 0.0683581568291 0.016911755464 0.0498551370315 0.0216202836862 0.0320202261682 0.014136554782 0.0544893730834 0.0129782396722 0.00757764606104 0.0622176080304 0.0170092594443 0.000399621794802 -0.0134822315805 0.0958506425853 0.0326290755955 0.0465489658713 0.0198801023215 0.105588575798 0.0116888845666 0.00675747408227 0.0096654937117 0.0296775248959 0.0292155055375 0.154032590597 0.0332112371726 0.0296354470571 
-0.00446393348651 0.0339612885801 0.0187061753923 0.0166800927547 -0.0160886697996 -0.00818134576692 -0.00531309811593 0.068260367414 0.0166534363278 0.00914393556515 0.0490851040937 0.0174660940637 0.00279757981671 -0.000776780461234 0.0113467171043 -0.000449874915253 0.0141337150765 0.00244471188769 0.00167942635052 0.0129578094928 0.0198401364377 0.0252642651128 0.0394290158139 0.00259685531644 0.00966899186733 -0.000219358675243 0.00463626439446 -0.00557497521465 0.000187798118102 0.0211655173524 0.975245540509 0.0068668709364 0.00411330769467 0.00478795506081 0.00987755305056 0.0120502350738 0.0011199996674 0.0138053778694 0.0128233678583 0.0124268764111 0.0300072377239 0.0204829852138 0.0338143874699 -0.0164128123407 0.0071101649919 -0.00134064052144 -0.00535813066163 0.0557523909975 0.00852732959003 0.00456745559335 0.0257993515358 0.0438629789057 0.0130074305095 -0.00550271272643 0.00357027491481 0.00417898329047 -0.00347913023991 0.0200241388192 0.00177715455794 0.00737934270277 
0.0149792948658 0.0140490048301 0.022102142103 0.0258196358909 0.000183989274482 0.0415148946831 0.00850611761747 -0.00370211027951 0.0327567371412 0.0149127928193 0.00869068429518 0.0235688028103 0.049121659013 0.0131014932211 0.0287626870504 0.0207481644142 0.00763742437335 0.014925749405 0.0174813360588 0.00324333935502 0.0169056668996 0.00794860901731 0.0204173165715 0.0138121279213 0.0134168324435 0.0194686798498 0.0312087661486 0.021209123574 0.00848586613287 0.0434395194175 0.00686687093641 0.260266232046 0.0108353244897 0.0218693886111 -0.0136888249995 0.0149284994882 0.00353848178831 0.00617513717275 0.0232388682194 0.0245021005269 0.046338958511 0.0200500854542 0.0210685441972 0.055255633985 0.0355746946166 0.0061290235173 0.0176678412821 0.0333570804555 0.0252158365879 0.0157535896742 0.0263444288967 0.0184782604315 0.00857560947446 0.029543410781 0.0309535652131 0.0243262556555 0.0162265153241 0.0213623342694 0.0463886702576 0.0222186065789 
0.0250119711943 0.0178944947277 0.0106523262622 0.013629941206 0.00899426976179 0.00980974699178 0.00656017046998 0.00360365443149 0.0110003459959 0.00924946512045 0.0217449831473 0.00244010412677 0.0291637422916 0.0172540770823 -0.00103151636229 0.00170391676385 -0.00162728736978 0.00975551338524 0.0116687989703 0.0480947453113 0.00059571125972 0.0166812976498 0.0135590920234 0.0062340379795 -0.00368315961784 0.00625828997628 0.0048844446929 0.0217233131287 -0.00105492150214 0.0149852119642 0.00411330769467 0.0108353244897 0.321837325691 0.00161413306135 0.0156685726721 0.0028488759946 -0.0111875815312 -0.000167011997817 0.0107906032094 0.0143931859437 0.00843305754463 0.0181089001054 0.0107171723389 -0.00193284683029 -0.00192770135182 0.00485735909903 0.0208461711164 0.00600112240315 0.0144193096646 0.0136158128432 0.00398512262867 0.00510486583266 0.00503792336487 0.0322903962231 -0.000420210617866 0.0101493896171 0.0121430491526 0.0220025721348 0.0130779995743 0.028536365165 
0.00872705493207 0.00629814072985 0.00310414560736 0.0125240511649 0.00362978027674 0.0245917039369 0.00455431357312 -0.00489865317472 0.0568331531269 0.0140782798278 0.023170256858 0.0162509646847 0.0147180432509 0.00966249548708 0.0156563537976 0.0153015188109 0.00599210991723 0.0243027242363 0.00483594500741 0.00682414061866 0.0240309715993 0.00130032903877 0.0245258832094 0.0133195177558 0.0145698326834 0.0190543426555 0.0177455050394 0.00938506002563 -0.002179525924 0.022401251049 0.00478795506081 0.0218693886111 0.00161413306135 0.266113652723 0.0390788065007 0.0168807491273 0.0189661830884 0.00214434872592 0.0142845630914 0.0134110212794 0.0323689064667 0.00804882809923 0.0304541885405 0.0120883090299 0.00563017757376 0.0194972321773 0.0045073362084 0.0106962377141 0.0155035080304 0.0120768802562 0.0143915655216 0.0233825070747 -0.00054205285561 0.0135917305274 0.0147828375139 0.0172252060724 0.0402373316865 0.026904737188 0.0326260964374 0.022958742879 
0.035120757866 -0.0032224792668 -0.0127732021465 0.00168181098952 0.0268614396223 0.0073228771266 0.0036151214117 0.0177346384931 0.00300357072447 0.00682572336541 0.0124942505704 0.0099178282767 0.0171758883087 0.00863944852301 0.0227656997842 0.0219530202099 0.0281385159325 0.000933042209764 0.0444230374694 0.0125539072655 0.0181329628611 0.00675717044672 0.0143903962397 0.0121107702247 -0.0106908938921 0.000321241416244 -0.00424962085114 -0.00714487414896 0.0377079477034 0.0683581568291 0.00987755305056 -0.0136888249995 0.0156685726721 0.0390788065007 1.12240915509 0.00376694326348 0.016444594751 0.0294693487639 0.0037540762326 0.00183572838987 0.00794469178204 0.0425112422831 0.0102759000537 0.000214160559209 -0.00230005724709 0.00661616126229 -0.0115003033912 0.027615251938 0.012164199599 0.0341049764966 0.020020069035 0.0167738992534 -0.00578033812393 0.000505497138103 0.00759995198454 -0.0133081485995 0.0175470438201 0.0532152090306 0.000575159324447 0.00442476336852 
0.0150919933991 0.0163482355671 0.00711718034508 0.0225561059721 -0.000310211420159 0.012692608623 0.000602746842354 0.0243600180143 0.0260948683636 -0.00177952781645 0.0203308977844 -0.00332065169165 0.0290556447985 0.020740295882 0.0140370191015 0.00282318098651 0.0144719600291 0.0266160928972 0.00688742412862 0.016487466052 -9.36683444041e-05 0.00327827324725 0.0229323371179 0.00441376042557 0.0109718148555 0.0261612783462 0.00789998913065 0.0107253073093 0.00172192282356 0.016911755464 0.0120502350738 0.0149284994882 0.0028488759946 0.0168807491273 0.00376694326348 0.171916602963 0.000463309091275 0.0114298659211 0.0116697518768 0.0135397978115 0.0224996800068 0.00184773523133 0.00597649426173 -0.0117125447378 0.00757922423987 -0.00350849276879 0.000882174667446 0.0126585837382 0.020031736158 0.017000290905 0.0325799539076 0.0105022397465 0.0163867514214 -0.00402905167167 0.0173606717406 0.00129537317278 0.0134076535119 -0.00703092599635 0.0159194578469 0.019351208738 
0.0146539774456 0.029619994134 0.00301875387239 0.0167396352745 -0.0124642002342 0.0506223072149 0.0354095730539 0.0173563623403 0.00431152874126 0.0223326899414 0.00344353199813 0.0135640137467 0.03493925511 0.0261779672076 0.0205954025364 -0.00534623202657 0.0186520301646 0.00997286597191 0.0147890017762 0.00928298338323 0.0310206201354 0.00452272343438 0.0195777453179 0.0207685910013 0.0241557813618 0.0124209560232 0.0118139080088 0.0225079060872 0.0235968894688 0.0498551370315 0.0011199996674 0.00353848178831 -0.0111875815312 0.0189661830884 0.016444594751 0.000463309091275 0.465663237904 0.0209759876699 0.0123578000598 0.0135608130246 0.0177549487374 0.0067530484792 0.0165891026817 -0.00198439108423 -0.00334905022201 0.0256185699832 0.027271089667 0.0214601556537 0.0163095887071 0.0113754597898 0.0124169851787 0.00130823215363 0.00848829605785 0.0132800076485 0.00580846215301 0.0156160683104 0.00188731662935 0.0467061819008 0.0170332443967 0.010631797518 
0.0125430384289 0.00134745902149 0.0144950911841 0.0269056991678 0.0107350969826 -0.0104521112458 0.0113991230059 0.0263100061383 0.00341124968722 0.000724561710424 0.01442000458 0.00666387673446 -0.00423490203809 0.0293533536474 0.00637196116676 0.00744075256598 0.0488108242982 0.00367468665417 0.0182578044953 0.0170055862048 0.0056923706925 0.00871978017267 0.0119302486699 0.012960615773 0.00801756297393 0.00638291302336 0.00603609185194 0.00714980572003 0.0314195117675 0.0216202836862 0.0138053778694 0.00617513717275 -0.000167011997817 0.00214434872592 0.0294693487639 0.0114298659211 0.0209759876699 0.143443472136 0.023555833556 0.0087196520765 0.00863968451 0.0102494568767 0.00909598623571 -0.00344675469738 0.00814140275949 -0.00149203144434 0.00719811848864 0.0141287754138 0.026638217856 0.0460588548257 0.0125811049275 0.016242983406 0.0013283379798 0.0156461363458 0.0140532300147 -0.00326580208257 0.00233096125958 0.0193564634029 0.0142410471076 0.000171296442579 
0.00845294227806 -0.00350343493094 0.00389578909494 0.0815671822762 0.00365007991618 0.0228391344369 0.00907087592402 0.0258139099744 0.0150617653269 -0.00118571820752 0.0144760336022 0.0244646872648 0.0202458778189 0.0347437909805 0.0235221401534 0.0130402533027 0.0320851463351 0.0276781597554 0.0124507208627 0.0125840688692 0.00445560656156 0.00556724511278 0.0366922858258 0.03074468291 -0.0118024026275 0.0120207267018 0.0109352322976 0.0238218923133 0.0125045118416 0.0320202261682 0.0128233678583 0.0232388682194 0.0107906032094 0.0142845630914 0.0037540762326 0.0116697518768 0.0123578000598 0.023555833556 0.230068175038 0.0261407314561 0.0156577177704 0.00627284901214 0.0323654901501 -0.00605800409258 -0.00329265527032 0.00999963281695 0.0156657499195 0.0105680051783 0.0177186586303 0.0191515886805 0.0274538470517 0.000703650635284 0.00240255960774 0.0268773228606 0.0169240974661 0.026351453562 0.0101066389719 0.0347852922304 0.0110978345462 0.0391490126719 
