100
0.0255121646837 0.0235207120966 0.106415927512 0.0246645675501 0.0538734886168 0.0244433913508 0.121001700606 0.0377827405953 0.0549811443135 0.0388313797841 0.0610020106181 0.067654701563 0.0280903462606 0.0330111524363 0.126305303483 0.0123991351417 0.15397042743 0.0353466838873 0.0525709156995 0.0299059053764 0.239728898705 0.0210054402465 0.037496284255 0.107116270008 0.0357981155146 0.0472748306646 0.0404531955786 0.060830846045 0.0952881581377 0.0482651065397 0.0502759777883 0.0276848810082 0.0131635076039 0.0572050688987 0.0788996306534 0.0304536481296 0.0128714932266 0.0271794955288 0.0669692816613 0.0832698050771 0.0449680709256 0.0770368317024 0.0761836706695 0.0124927962784 0.0352458247454 0.0297209295042 0.242072249725 0.114001255301 0.0192488530763 0.0298565853869 0.0542920038725 0.02392892696 0.0565518641406 0.0313696733512 0.0355019489908 0.0533662879029 0.0936563270582 0.0631330997176 0.0442487549982 0.0523918745475 0.0220144037379 0.0406155741598 0.0733521468466 0.0442318588416 0.02473804396 0.0211692002509 0.0314514366364 0.197480990077 0.045759308444 0.00422555400052 0.019144788815 0.0512444991133 0.07971303899 0.0526943852585 0.0654803135324 0.0165000515881 0.0130713531851 0.0275926739743 0.0594494044175 0.0373994541978 0.0584548507687 0.0708595176859 0.0766878163077 0.0773240107923 0.138528932385 0.0348828940045 0.066200000993 0.0752984700253 0.0266110290159 0.0936509155003 0.0787213758152 0.0707348977441 0.0162161188728 0.0791308905459 0.0711634289065 0.018453974145 0.0357111585815 0.0307440439862 0.044891801276 0.0970140476379 
0.149912473158 0.0117217175286 0.0041335124763 0.0209075899506 0.00910760209678 0.0176164302391 0.0137020434412 0.0172169441712 0.0012768299619 0.0119584837856 0.000226832682305 0.00871756595716 0.0164933630309 0.00764613330497 -0.000974910527549 0.00571625528952 0.00312598500868 0.00762391790134 0.0198401945285 0.0270144338776 0.00567113902867 0.0125769092198 0.0232485722772 -0.00154772522395 0.0143029451329 0.00264246780548 0.0112426766288 0.00525036510907 0.00224994024782 0.0119653480959 0.00708218824184 0.0106818553322 0.00933462445542 0.00483631112449 0.0137772487832 0.0162998871236 0.00166322155983 0.00636038155507 0.00750700427611 0.0074071432888 0.0114190437675 0.00919986488666 0.00900247981514 0.0133813110672 0.00599556947668 0.00644779220656 0.00392106349321 -0.00999571035532 0.00138096889699 0.00503672501194 -0.00492290224199 0.0116847500208 0.00482018956231 0.00497233795774 0.0096978365372 0.0131294412054 0.0154676066839 0.00586210068309 0.0229096522631 0.00408846183581 0.0161795593973 0.00998000594473 0.00941017982971 0.0180208042613 0.0127311722503 0.0105860446363 0.0175576928835 0.00981116360872 0.01056215622 0.0104653445819 0.0127759443719 0.00675888465325 0.00341606239828 0.0164017959528 0.00712331659843 0.0103193446113 0.0112921633965 0.00455215497501 0.0224229781229 0.00515906981381 0.0164290321747 0.0174705465988 0.0199803339362 0.0213272551556 0.00486537693535 0.0047334623876 0.0105251036319 0.0113987889271 -0.000357744553175 0.0073235786323 -0.001523114382 0.0189178544616 0.0238204808686 0.0161144082476 0.00218344351394 0.0201831423238 0.0149101819198 0.0181867917811 0.0136197941929 0.0128434522321 
0.0117217175286 0.206819436704 0.00835748725858 0.00488415824018 -0.00179530362363 -0.00124341843843 -0.00143575683403 0.0202616811055 0.0165542320349 0.0180664599774 -0.00301439689846 0.0126879622908 0.0140399384368 0.0111837799204 0.00965012137161 0.00175780614425 0.0168868800497 0.00397820128172 -0.00818129587781 0.0171665775156 0.00465941132907 0.0208163809539 -0.00115208433563 0.00667458484479 0.00562034360691 0.0175347917702 0.000393179177561 0.0097104029232 0.0114819071188 0.0200347205924 0.00884359075984 0.00562627743438 0.00467734964059 0.0186045067558 0.0225851554131 0.00409751808622 0.00167908871466 0.0037016549205 0.0172846282838 0.00806346343443 0.0178528871674 0.00203261405163 0.00859356264889 0.0171361628954 -0.00322195827162 -0.00361537879791 0.0111761884316 -0.00414381205361 0.00804690852141 0.00867260873888 0.0273955960656 0.0158662413215 0.00765189977858 0.00906988211071 0.00100773233202 -0.00967726334458 0.00659174377913 0.00404069454842 0.00968404736573 0.00485565500544 0.0100847314457 0.00843211408286 -0.000125992817024 0.0172479264595 0.01003627708 0.00996744770944 0.00233723079113 0.0109651942271 0.0098862308015 0.0136150375568 0.00325606260271 0.00333815440846 0.0249132870612 0.0225484488624 0.0179336707499 0.00336607849209 0.013091785667 -0.00284476088059 0.005933814752 0.0120406454035 0.0146679693864 2.19512263397e-05 0.0240412518544 0.00390189522627 -0.000753838718507 0.00244414702368 -0.00478724755698 0.0208813880491 -0.000968884741289 0.000471247589225 0.00052685275489 -0.00249783048596 0.00733616453842 0.00741748203464 0.0082218216993 0.030496312521 0.00911843062076 0.00452206568535 0.0128880733534 -0.00427062515997 
0.0041335124763 0.00835748725858 0.582135711398 0.00818518327873 -0.00388575170125 0.00390608783771 -0.00108293715901 -0.0051612080617 -0.00278145277279 0.0316114573726 0.0289437880317 0.0223757921024 0.00651325586879 0.011458589467 0.0238392437038 0.008515573782 0.0310205161703 0.015469879424 0.0183027554607 -0.000760752058851 0.0856267696109 0.000490446171735 0.0146301118187 0.0673313339909 -0.00478193948492 0.000389446375227 4.46379607434e-05 0.0301781248361 0.0493787525326 0.00244114826811 0.0247878046722 0.0126824733478 0.0036690589192 0.0130768275879 -0.011389768116 0.0160455725128 0.0140432109084 0.017787714304 -0.00349350704181 0.0107506493971 -0.00260233173303 0.00353083225184 0.133910825367 0.0135027105673 0.0144356425192 0.0087790264465 0.0616805956468 0.0127966034638 0.000343767185071 -0.00203133856542 0.0315259792176 0.0307530741345 0.0185695441838 0.0123381749718 0.0287961483949 0.0037091055452 0.019752634484 0.0340495048311 0.0165895879053 0.0191398532911 0.00582712399534 0.0101572126867 -0.00949694023413 0.0278208859755 -0.0117478521042 0.00299177808052 0.0109166579742 0.0433874337368 0.00905957863683 0.0130935685315 0.0211449731385 0.017219098596 -0.00757408501228 0.0316869236829 0.0191152191531 -0.00218500192838 -0.000482056265637 0.00828137973585 0.0253795772856 0.017951679365 0.0166582485294 0.0224249628884 0.0492472649757 0.0375023461279 0.0430763363494 0.0107642567095 -0.000624701065859 0.0322116893351 -0.00366134679626 0.0541135933916 0.0262180190342 0.00569885679231 -0.000525598744146 0.0265939212406 0.0445696681051 0.00299150891825 0.0207262525603 0.0244689161278 0.0108155661921 0.0398320352044 
0.0209075899506 0.00488415824018 0.00818518327873 0.140298946412 0.00331351937846 0.00859609930156 0.00641728105159 0.0114725169624 -0.00469197670327 -0.00314547937845 0.00600644702718 0.00520807074388 0.0416575761921 0.0118420459127 0.000865502468267 0.0160965126964 -0.00149423476825 0.0342954304556 0.0125876550294 0.0124510426175 0.00974997623734 0.0129248788761 0.0154042264544 0.0157764094703 0.0215160595401 0.00750035279849 0.0119460375274 0.0136743632524 0.0232022992453 0.0206797199089 0.0106835163594 0.0173650698223 0.0105619248504 0.0119174670021 -0.000405993902672 0.0425621310623 0.0105012797825 0.0186371342772 -5.05482740149e-05 1.74403917423e-05 0.0244746920314 -0.000292408571897 0.00706003889471 0.00194197825675 0.0159990135508 0.00456864231951 0.012373661348 0.0239722867004 0.00834582108228 0.0333136905584 -0.000562834311688 0.00501775754523 0.0105804590614 0.00787801797995 0.0100323919007 0.0109266278138 0.0151510627574 0.00959882758253 0.0057247468294 0.00514252375118 0.00094512790183 0.0136500517761 0.00798293350675 0.00398742234716 0.0167944460244 0.0169720606794 0.0357488726302 0.0197713306618 0.0193465663106 0.017741602795 0.00611282276291 0.00576912142726 0.0110933321785 0.0192788402399 0.00541298256544 0.0120062114954 0.0174810636383 0.0110000356484 0.0455985049589 0.0103449952064 0.0246051625933 0.0153631985942 0.0116371771119 0.0198250750043 0.00668388241698 0.00373281667174 0.0269417497414 0.00278553570578 0.0146499744751 0.0120842537697 0.0104788580121 0.0134693633406 0.0130971339536 0.00288597441903 0.0139614117014 0.00526443513282 0.0169859245056 0.0264642196202 0.00481276572749 0.0344551247925 
0.00910760209678 -0.00179530362363 -0.00388575170125 0.00331351937846 0.365937477054 -0.00147350327473 -0.00680294530061 0.00376515954115 0.0216403131927 0.0114995535594 -0.00767681561446 -0.000382190818782 0.0149819170148 0.0327279876278 0.00679188981534 0.00525073283274 0.00099646800961 0.0132152855322 0.0172785162012 0.0122172255878 0.0412140406107 0.0102748669187 0.0158987788622 0.0544103261392 0.0189784789384 0.00890858731884 0.0100264939181 0.0199845076846 0.0301258957436 0.0214860208659 0.0146223872205 0.0158724935197 -0.00120075613359 0.0205905300878 0.0146063151625 0.0213742561397 -0.00128901791258 0.0127649390839 0.023876743661 0.00397427951499 0.0064010302177 0.01167651372 0.0245443184158 0.0135606728082 0.024542644592 0.00460109567233 0.0501380366503 0.00180205238699 0.0056868563111 0.00313745906735 0.00373886558873 0.0142399533589 0.01415932474 0.00839655095164 -0.00563806283625 0.01700088964 0.00748037263846 0.0242957628444 0.0216485505886 0.0247221276993 -0.00881240573129 0.0089154559293 0.00800503321792 0.0143791029147 -0.00344380334988 0.00165531695794 0.00289409358402 0.0223072050247 0.0016884856349 0.00736438229442 0.0136598251497 0.0181163938055 0.0172997771965 0.0261552080896 0.0172966891672 0.000102333062425 0.00299451185524 -0.000198453339726 0.0134187815528 0.0373375729191 0.0107499172216 0.00353450338742 0.0150676519013 0.0161216680289 0.00478379059488 0.0122762521788 0.025243028478 -0.00651298800672 -0.00337029411529 0.0346341315733 0.0197742190131 0.0012053253272 0.00344829243582 0.0225313832806 0.00119899621957 0.00523309948929 0.0222301097584 0.0266020749375 0.0164609219501 0.0387017695196 
0.0176164302391 -0.00124341843843 0.00390608783771 0.00859609930156 -0.00147350327473 0.166780990537 0.0029071861904 0.00305186265586 -0.00762699317415 0.00243593605159 0.00891674556795 0.00172831419849 0.00816802032893 0.0109788100521 0.0131227812398 -0.00245500510036 -0.011961167561 0.0137499074483 0.000823268202726 0.00825513258044 0.00198259890751 0.0119049328069 0.0128803584687 0.00145818623203 0.0141390107925 0.00663870393695 0.0357635469548 0.0192737499891 0.0239585072797 -0.000273793951383 0.0120592206254 0.0113231095405 0.00490737357649 -0.00321213137487 -0.0124555063667 0.00751438136477 0.0167906149789 0.0123694845422 0.0146865624338 -0.00852382568069 -0.00162591320316 0.0083710317876 -0.00239674374905 0.00613396289572 0.00018470255491 0.0163993981654 0.0124318091662 -0.00618307957969 0.00948432139537 0.0102584973266 0.00527297177603 0.00374449094609 0.00167340333433 0.0120826580081 0.0578175067412 0.000242903222778 0.00269572787174 0.0270975722967 0.00540209798587 0.00409902493052 0.00728049421956 0.00621777591121 -0.00158405291271 0.0205017195145 0.00180516039816 0.00813454389153 0.0156720127265 0.0157552493042 0.00605030817819 0.00953484975098 0.0142000453075 -0.00329604226991 0.00191527268303 0.00698992496668 0.00744857173265 -0.00392412718283 0.00695248940002 -0.00323189239541 0.016759807197 0.0152874020545 0.00842309847819 0.0222533569069 0.0170915381355 0.00975601997942 0.00218643642914 0.0114862809292 0.0030332998888 0.0174479204273 0.00579555378809 0.00245549497645 -0.00361589491861 -0.00288937559353 0.004094566182 0.00642554149465 -0.00316146613929 0.000568199291485 0.00610405452129 0.00276619484644 0.00935828845123 0.0120614205319 
0.0137020434412 -0.00143575683403 -0.00108293715901 0.00641728105159 -0.00680294530061 0.0029071861904 0.72061279148 0.0320784155018 0.0227273725511 -0.00699853022957 0.0121834430253 0.0223880857192 -0.00473185541696 0.0459004041383 0.0565631445526 0.000604562301206 0.0619797929739 0.00296590043679 -0.0139407061668 0.00892126665315 0.0256372627378 0.0123064362659 -0.00032793832161 0.0115096653374 0.0106630117572 0.01301499284 0.0225088104129 0.0160990701555 0.053244517959 0.0222159334732 -0.0014117309643 0.00939493615402 0.0239545377604 0.0191637329517 0.0022799345317 0.00730739191904 -0.00400406642373 0.00882156078953 -0.00997147157456 0.0594437415246 0.00826185543483 0.0162078485408 0.0105880463044 -0.00217595097695 0.00487960864616 0.00380439429336 0.0385543647168 0.0136613365552 0.00771723959818 0.00676330847997 0.0190165871998 0.00628863036099 0.0059939862042 0.006720893353 0.0100554478451 0.00923175932465 0.000685901033668 0.016683191385 0.0209186264523 -0.0169157607638 0.0154851731313 0.0344227188769 0.0504861612259 0.0178530447543 0.0240800916551 -0.0111471403023 0.0081539696042 0.0173862087262 0.0434396678961 0.021736529075 0.0215566504804 0.00508172227064 0.0177530403523 0.0205890245742 0.0033952869146 0.0172169225081 0.0267422990719 0.010649680828 0.00407515633441 0.0205917860543 0.0295900669588 0.00624948640535 0.0139280915883 0.0497958590572 -0.00210380149441 0.00729655103171 -0.00348755321148 0.0259203020314 0.0124575010571 0.0162874101458 0.0544869043604 0.0155106512504 0.0409652202949 -0.00390077517126 0.0117836727748 0.00989627010146 -0.000432787638778 0.0181811597627 0.000392573320277 0.0348920564641 
0.0172169441712 0.0202616811055 -0.0051612080617 0.0114725169624 0.00376515954115 0.00305186265586 0.0320784155018 0.3132932572 0.0195228193767 0.0131657594269 0.00812798081178 0.0158471909818 0.0181079490465 0.0163781525031 0.0132574075086 0.00448813375937 0.0200684491166 0.00569991422498 -0.00252597102274 0.00730516606082 0.00934111405141 0.00712946883012 0.0101118962449 0.00455867377225 0.0198371938335 0.00461171984838 0.00764808662912 0.00874628637819 0.0348297253712 0.00563791662275 0.0146215117586 0.00840701843539 0.0189004896847 0.0205318979735 0.00250722153328 0.012171201146 0.0128965533124 0.0137965047872 0.00178800002272 0.0384399940657 0.0135092418915 0.0129186010699 -0.00197058856054 0.0217165603264 0.0148336211813 -0.0039455176628 0.0135987585494 -0.0019518804188 -0.00697891320343 0.0107531008072 0.004273617868 0.00401357798621 0.0133252828038 0.00681902212057 0.00504459065261 0.00310773033336 0.0290511831124 -0.00882345164987 0.0123307498589 0.00583418886162 0.0292863956403 0.00785509782546 0.00447021525584 0.0110721799224 0.0118075940394 0.00791923150421 0.0185092563345 0.0132566389501 0.0404539014053 0.00254950066785 0.00883791233176 -0.00610858006076 0.0198571422979 -0.0032568343182 -0.000329511022954 0.0119620346481 0.0161628241074 0.0111936660652 0.00415278480632 0.00478312047002 0.0173048639256 0.00745758407984 0.0197472419063 0.019332004169 0.00784233316327 0.0115090068369 0.0127376718449 0.00734765844765 0.0176819727352 0.0316672785686 0.0301248357534 0.00767784813516 0.0258062720026 -0.00186847618649 0.0229899219279 0.00286548123988 0.000283748086068 0.00935213258718 0.0304915751048 0.0250649844046 
0.0012768299619 0.0165542320349 -0.00278145277279 -0.00469197670327 0.0216403131927 -0.00762699317415 0.0227273725511 0.0195228193767 0.415715849578 -0.00396951892825 -0.00200674919339 0.00306116603312 0.0062618488742 0.00895612041932 -0.00827018244363 0.0119951786339 0.00828630948827 0.00594565322993 0.0118970892194 0.00664941923791 0.0410254074213 0.0106578498647 0.0060413239837 0.00899216918326 -0.0040382405441 0.0219900768256 0.0301130025696 0.0153511135961 0.0122660598957 -0.00015872531063 0.0111100492944 -0.00512100804515 -0.00791349637927 0.000777714440806 -0.00062337688124 0.0108942093011 -0.00710339401224 0.0124269937776 0.0244285401096 0.00367086090893 -0.00912838131376 0.0193709978653 0.0194559101849 -0.000296465448466 0.0051130804584 0.00840931681225 0.0410123748461 -0.00948157444414 -0.000119610409157 0.00796007298401 0.0117639831144 0.00493244776054 0.0138261119372 -0.00801765848739 0.0123080305142 0.00842391292514 0.0184968302596 0.00503991849688 -0.00822671105864 0.0138339597003 -0.00111983486341 0.0320039114819 0.0134848965254 -0.000330962126398 0.00558146253775 -0.00855421472757 0.00282883293832 0.00629345522317 0.010767222756 -0.00139099772011 0.00363086865337 -0.00204557768228 0.031286408505 0.00633500822877 0.0162051921601 0.00531149078006 -0.000283057638971 0.0062995033056 -0.0067009703404 0.0110202171669 0.0180331413775 0.0044732794828 0.0277967097626 0.0125245263123 0.00743067689286 -0.00133757656684 0.00426500133263 0.0180225567657 0.00387793224007 0.00880072354147 0.00232872676068 0.0393925452606 -0.00402748233724 -0.000847590329301 0.116125810406 -0.01232491327 0.0211501464194 0.057341753163 0.0365303501244 0.0159726065312 
0.0119584837856 0.0180664599774 0.0316114573726 -0.00314547937845 0.0114995535594 0.00243593605159 -0.00699853022957 0.0131657594269 -0.00396951892825 0.373683523968 0.0024098025658 -0.00132765047108 0.0136047520021 0.0230938306854 -0.00573139904934 0.00436566664954 0.0120532627761 0.0110898852819 0.0294346381442 0.0129723859417 0.114788755498 0.0052343377261 -0.00109317597056 -0.00119596200171 0.0113198085929 0.00843923109164 0.0211056649714 0.018430276695 0.0591225739215 0.00748102183185 -0.0193568981042 -0.00103964714911 0.000313748333712 0.010533195677 0.00956080350815 0.00799161167424 0.00389248020517 0.0394390033233 0.0210736339649 0.0094635384794 0.00977766836076 0.0162646890545 0.00715092566483 0.0241458431214 0.0052877130807 -0.00025361847245 -0.000278975109737 0.00838044017069 0.00688681414778 -0.00543667745259 -0.0172105388535 0.0422152738688 0.0227306569379 0.00661288724359 -0.00205878748972 0.00258337996806 0.0283794837122 -0.00071705427727 0.0260434272313 0.0204271041666 0.0176219484055 0.011990178324 0.00776924123181 -0.0024071499724 0.012028590045 0.00545671650938 -0.0063681924565 0.0167028020508 0.0139145651238 0.00561561981329 0.0289389255335 0.0103616755145 0.00421172375963 0.028001659932 0.0325939010375 -0.00208244672413 0.00242439240635 0.00772803848363 0.0199120420203 0.0275057716869 0.0168194722499 0.00303075785626 0.0078804596994 0.0556355329837 0.0143581881913 0.000471331578633 0.0228423522064 -0.00705086032481 0.00339433572627 0.0117383749 0.0067893001734 0.0272570444261 -0.00146353524685 -0.00460662394558 -0.00730520621876 0.00380650227454 0.0183977638611 0.0121675736457 0.0253458172437 0.000354451197476 
0.000226832682306 -0.00301439689846 0.0289437880317 0.00600644702718 -0.00767681561446 0.00891674556795 0.0121834430253 0.00812798081178 -0.00200674919339 0.0024098025658 0.404622991324 -0.00396130402909 0.0088497057683 0.0215325247294 0.0230783895428 0.00725162357247 0.0187208159383 0.00692724348616 0.00330331734991 0.00633216158735 0.0647285242452 0.00815311943777 -0.00053957105499 0.021963156768 0.0105880443093 -0.00440403233806 0.000547331850573 0.0123288750753 0.00408074942217 0.0111352452463 0.0149237243715 0.021611134475 0.000165246888087 0.0180199199053 0.017548903341 0.00880564312475 0.00769018676677 0.015475948303 0.0190185318071 0.0113503689109 0.0133379139363 -0.0021146223503 0.026561661509 0.0108639133592 0.00298311872565 0.00573143261656 0.0438400173939 0.00272415620549 0.00037481412734 0.0101839613427 0.00932664024054 -0.00743046046873 0.00688231252578 0.0135374756351 0.0264757811468 0.00268208183355 0.0363913192922 0.0263668080453 -0.00535520445542 -0.00492524402574 -0.000798710668417 0.0155260742551 -0.00150462998362 0.0409471547686 0.00992334976222 0.013373500657 0.00506546883438 0.0501016785254 0.00720806823873 0.0298721934522 0.00500483662864 0.00548699369304 0.0146619395996 0.0189591224549 0.0319971530008 0.0114111901186 0.00681175926323 0.0125952613896 -0.000173166077427 0.0205183608005 0.00965941858781 0.00567943921483 0.0252049932421 -0.000953790015105 0.0215012622242 0.0124408789564 -0.00452048002897 0.0219848318937 0.0197591414725 0.040791490617 0.0142291495891 -0.0114762314832 -0.00289789785064 0.0218695552128 0.000326404712296 0.00408324487377 0.0146636782177 0.0167991028894 0.0101064903748 0.00294705763913 
0.00871756595716 0.0126879622908 0.0223757921024 0.00520807074388 -0.000382190818782 0.00172831419849 0.0223880857192 0.0158471909818 0.00306116603312 -0.00132765047108 -0.00396130402909 0.351411154296 0.0109254619064 0.0130367894629 -0.0116146544089 0.0157424910831 0.0190984535767 0.00465260490119 0.00507541303805 0.0207407392172 0.0105718597396 0.00142821961598 0.00700438355659 -0.0100094396761 0.0149303518483 0.00144470410645 0.0130849682407 0.00322715137054 -0.00292314436569 0.000314933555862 0.00620754423569 0.0205773718355 0.0172210999458 0.00355569358687 0.00412744574318 0.0165129311117 0.00604362752475 0.031187288448 0.0032722159157 0.0102012332889 0.00828822508689 0.00332021871851 -0.000860590451648 0.00167302249235 0.0108587831146 0.0093573115482 0.00713394765888 0.0156632953477 0.0078097052318 0.0126584582672 0.00638029587145 0.000701696910506 0.0129415660117 -0.00252169201948 0.0189952404721 0.0161051692288 -0.0039006710968 0.0106799957483 0.0190071051443 -0.00490000855284 0.0125183113454 0.0150433227437 0.0192367880134 0.0030494175253 0.0204421184472 -0.00956239450284 0.00372280230601 0.138335723297 0.0116336367644 0.00717052534556 0.0116910257643 -0.00109819770374 0.0136221001954 0.00432897806474 0.000544675559768 0.024640932143 0.0116581050126 -0.000675572082968 0.0081431118334 0.00685789962792 0.0169730934592 0.0029824868867 -0.00529098498079 0.00245630876958 0.0041903087383 -0.00799564442912 0.0130618743508 0.0151921588682 0.00679756654276 0.00619289318021 0.00346166295053 0.0121647478572 0.019765764121 -0.0101153624546 -0.00531632316834 0.0161948294482 0.00197595277739 0.0267935715917 0.00262283107452 0.0169562337351 
0.0164933630309 0.0140399384368 0.00651325586879 0.0416575761921 0.0149819170148 0.00816802032893 -0.00473185541696 0.0181079490465 0.00626184887421 0.0136047520021 0.0088497057683 0.0109254619064 0.225171482682 -0.00255550682154 -0.0209129137245 -0.0010197321972 -0.0096537394956 0.0293349779696 0.0191013880188 0.0174290901474 0.0172143755122 0.0127184178919 0.0207296755594 0.018519249723 0.0038025761011 -0.00269278104822 0.0199565142657 0.0174488303517 0.0172263567518 -0.0050057728817 0.0135666884036 0.0239475108552 0.00473244783946 -0.00674695267933 0.0150504498625 0.0346674606952 0.000990711617827 0.0105911612036 0.025812845902 -0.0130385646558 0.0179485275884 0.00611391299685 0.0172775642293 0.00909393951863 0.012997152478 0.00512150282141 0.0290925853529 -0.00439633596986 0.00996062547535 0.022101439785 0.0131960130566 0.00282644899839 0.012694266615 0.015649022939 0.00735363428352 0.0190837649213 0.0394833902118 0.0279200204925 -0.00244131329289 0.00325174859362 0.00891151923466 0.0116058929445 -0.00524397655612 0.0237429799317 0.0133982228194 0.000504839075891 0.0354018852148 0.0199670798924 -0.00523254428693 0.0157967506274 0.0100891323141 0.011793567114 0.014045695914 0.014891716338 -0.00722206084181 0.00784849793529 0.00837813631671 0.00767668736003 0.0562189482019 0.019247274057 0.0114231653487 0.0134568064164 0.0278170338496 0.0355110077652 0.012550676038 0.0181047666919 0.0471763271819 0.0183266732836 0.0128222668495 0.0142845449013 -0.00536184570604 0.010486400833 0.0057315031846 0.0245387448797 0.00268225561465 0.0200687063462 -0.00760300807755 0.0215895444719 0.0221438233954 0.0151697070695 
0.00764613330497 0.0111837799204 0.011458589467 0.0118420459127 0.0327279876278 0.0109788100521 0.0459004041383 0.0163781525031 0.00895612041932 0.0230938306854 0.0215325247294 0.0130367894629 -0.00255550682154 0.278277843469 -0.00789583733779 0.00506363457903 0.015223513728 0.00773040717478 0.0227662739993 -6.10590459824e-05 0.0296837912089 0.00556213176723 0.0087728568521 0.0345979857251 0.0326300789608 0.00886460096838 0.0420709667699 0.0210017672238 0.0394830828895 0.0291497708917 0.0119538338016 0.0045760340617 -0.000152099922455 0.0113181168886 0.00637965632547 0.0157485380429 0.0261942113807 0.0138756985308 0.0138383170055 -0.010770801221 0.0143645808849 0.0232777723346 0.0158699824008 0.0204916919188 0.0225415629397 0.00130431160223 0.0226167572056 0.0132569992855 -0.00144665107107 0.0114172202997 0.00079070432628 0.0331320528796 0.00659513057813 0.0138840387342 0.0137004486117 0.0162108907179 0.00198043103812 -0.00121585847846 0.00618548711769 0.0167487932647 -0.00100049557432 0.00707944577715 0.0303864455822 0.013719765522 0.0047676826143 -0.00982024147225 0.0125242316009 0.0179472292431 0.00718088658644 0.0129630325076 0.0773367399568 0.0340376781729 0.0118178056411 0.0180128218829 0.0290778258942 0.013183383847 -0.00578865774007 0.00357334432464 0.0201418213702 0.0242886601763 0.00345395325666 0.00211272552361 0.0174092837668 0.0352762155411 0.0329206605304 0.00674441330327 0.0290665549602 0.00137838028774 0.0169794206424 0.0460453250038 -0.00568081865166 0.0122416733915 0.00413470829 0.00137854660763 0.000717525389919 0.00465140365128 0.0401342309073 0.0237217861764 0.0304702376118 0.0537911028233 
-0.000974910527549 0.00965012137161 0.0238392437038 0.000865502468267 0.00679188981534 0.0131227812398 0.0565631445526 0.0132574075086 -0.00827018244363 -0.00573139904934 0.0230783895428 -0.0116146544089 -0.0209129137245 -0.00789583733779 0.423268897829 0.00523528346895 0.12454502353 -0.00107766614385 0.0145312657675 -0.0049836415816 0.0365522259361 -0.0071026025167 0.0222219898399 0.0476848861126 0.0119852378687 -0.0170293598168 0.0387415002966 0.0216078290298 0.0304675670205 0.0159202602197 0.010179204147 -7.42100559945e-05 0.011527883844 0.0306270083751 0.0202100107441 0.000325318579503 0.00851045007062 -6.54645622428e-05 0.00375940360611 0.128015949841 0.00487666668233 0.0129986638673 0.0242460065477 0.00330440745687 -0.0174535173787 -0.00383054451176 0.0460040039778 0.0237026794719 0.0124707043427 0.013460466828 0.0128259216122 -0.00203283008502 0.00909603498228 0.00354505337434 0.0215431282004 0.00469982405298 0.017057815333 0.0499881620287 0.00794549575604 -0.00105640172774 0.0218343881915 0.0129747239064 -0.00152749324647 0.0195571887127 0.00585940377702 0.00534897217715 -0.00285185117873 0.0132815943328 0.0701526106333 0.0127448089501 0.000479646964431 0.0228485148877 -0.0081213621634 -0.00334568320099 0.0233787696596 0.00350435053745 0.00890107834011 0.0041930111134 0.0140402858675 0.0109517974756 0.0155691046868 0.0102940096936 0.0276536598344 0.0220139009947 -0.00454811959516 0.0361535219758 -0.0139048568234 0.0345520180427 0.00505315129031 0.0164005276625 0.102234398987 0.0060015915818 0.00623175739687 0.0140089928385 0.0084997672476 0.00541195874171 -0.00706425171132 0.0102190237685 0.0300200656899 0.0358137760351 
0.00571625528952 0.00175780614425 0.008515573782 0.0160965126964 0.00525073283274 -0.00245500510036 0.000604562301206 0.00448813375937 0.0119951786339 0.00436566664954 0.00725162357247 0.0157424910831 -0.0010197321972 0.00506363457903 0.00523528346895 0.179426705502 0.00663451549014 0.0246974679863 0.00917741844537 0.00697811411565 0.0284606881433 0.00750894624441 0.0118502088203 0.00990859106646 0.00712559775842 -0.00135276600212 0.01214025939 0.00700502689913 0.00733267433713 0.0272641241599 0.0172510400866 0.0027883728963 0.0157572604167 0.00946192814812 0.00409535205312 0.0209993387392 0.00139668472671 0.00503962341391 -0.00124679967029 0.00777537137821 0.000342979301726 0.016555983419 0.00916289113835 0.00655543694797 0.0144537046721 0.00161856316161 0.0113294696407 -0.00320629964143 0.00372905024797 0.0113519101859 0.00808489166971 -0.00468611792448 0.00930626446553 0.00448769940962 0.00445456512384 0.0276789197109 0.000275535178322 0.0103861619812 0.0219629073283 0.0117256156333 0.00195284379055 0.00650190058869 0.00777034242085 0.00501647025199 0.00378676680622 0.0136366810372 0.0167440257912 0.00475469210054 0.0156780257291 0.00933000291597 0.00523920665396 0.00472041830748 0.0248864228199 0.0125628266464 0.00974772734148 0.00644639710298 0.00861497769382 -0.0012437079388 0.0168814932946 0.00218816888144 0.0124120593371 0.00137804005275 0.00741372171155 0.0053697120758 -0.0011488250331 0.000361129348905 0.00528522965503 0.00826255459011 0.0257946846117 0.0100573051734 0.0118739366493 0.00682234601106 0.0015610675159 0.00814360377052 0.00596598536031 0.0176698937742 0.016715848829 0.00854371327391 0.0147001771265 0.00292639175129 
0.00312598500868 0.0168868800497 0.0310205161703 -0.00149423476825 0.00099646800961 -0.011961167561 0.0619797929739 0.0200684491166 0.00828630948828 0.0120532627761 0.0187208159383 0.0190984535767 -0.0096537394956 0.015223513728 0.12454502353 0.00663451549014 0.562657818504 -0.0150072448361 -0.000252395879314 -0.00376356511747 0.0583277860835 0.000282332480891 0.00819371804023 0.0438243023535 0.0077650443629 -0.014465622112 0.054122942206 -0.0093996873742 0.0385358436563 -0.00729893951213 0.000530706904346 -0.00659622766436 0.00905462383801 0.0208760678173 0.0176136170498 0.00229758856043 -0.00160134402429 -0.00399224868145 0.0122827422614 0.106157712582 -0.00588005547569 0.0122047375053 0.0364813519786 0.0242501643444 -0.00765943479061 3.86942253933e-05 0.0786862540435 0.0126179561431 0.000196337205352 -0.0049975284235 0.0156051648989 -0.000607214234968 0.0184652585943 -0.00504357264599 -0.00110974058238 0.00885737697508 0.0226235184839 0.013451137016 -0.000952089919709 0.00649442971469 0.0170934387768 0.0222727775813 0.0121875261934 0.0102237484133 0.00677708336874 0.0301451821748 0.00212458131943 0.0363386942999 0.0718698251084 0.0108206207065 -0.00263957230263 0.023124089286 0.00175506458947 0.00672606461252 -0.00738453801297 0.0134285625118 0.0120207357159 -0.0126600261691 -0.00385536012373 0.0168220633351 0.0174882574167 0.000825620013918 0.023886586697 0.0287656058291 0.00803051003689 0.0128246276923 -0.00320592308682 0.0164993898272 0.00547933324126 0.0248389903439 0.122804882185 0.0202134704478 0.0296526300747 0.00301239742673 0.00311580298319 0.01362895814 -0.0153724088547 0.0305725367492 0.0210543750174 0.104565188089 
0.00762391790134 0.00397820128172 0.015469879424 0.0342954304556 0.0132152855322 0.0137499074483 0.00296590043679 0.00569991422498 0.00594565322993 0.0110898852819 0.00692724348616 0.00465260490119 0.0293349779696 0.00773040717478 -0.00107766614385 0.0246974679863 -0.0150072448361 0.231813448983 0.00530003278671 0.0146530538801 0.0192169887737 0.00523564261947 0.0154956348524 0.00278928964933 0.0192189377429 0.00573368617835 0.0146249923296 0.0210867099317 0.0156847552508 0.0265311451372 0.027281807025 0.0219674372831 0.0166979136619 0.0153227525261 0.00660819574452 0.0644186386249 0.0111897139249 0.00583179875343 0.00632963844713 0.0209403963596 0.0239569430448 0.000518646340898 -0.00277576530738 0.00681494586868 0.00657351098502 0.0115452292061 0.0082740085773 0.0918900667992 0.0102559565738 0.0215728658728 0.0179766232387 0.00691222773717 0.0218263522609 0.00927486165989 0.0172804511082 -0.00692819163353 0.000749632747851 0.00236785124387 0.00774771505348 0.0262761038853 0.00692218961122 0.00880890499291 0.0156335384677 0.00976675662893 0.0109908925601 0.00290574590466 0.0247564401747 0.0099709977468 0.00407596981703 0.000276615687632 0.00778627526272 0.0196002747106 0.00628458485588 0.0112682615821 -0.0131235515268 0.0134814819007 0.00595167334699 0.00604160356684 0.0209161933405 0.00646764044479 0.00969869598831 0.00897839469048 0.00954661728207 0.0124982998109 0.00419352439066 0.00706922107226 0.00813668349712 0.00888026043293 0.0073016991497 0.0283791542219 0.00186219513876 -3.27956351625e-05 0.0125633459293 0.00842984834363 0.0138373776042 -0.000919135160312 0.0269839681033 0.0174051702892 0.0146877306413 0.0136852694175 
0.0198401945285 -0.00818129587781 0.0183027554607 0.0125876550294 0.0172785162012 0.000823268202726 -0.0139407061668 -0.00252597102273 0.0118970892194 0.0294346381442 0.00330331734991 0.00507541303805 0.0191013880188 0.0227662739993 0.0145312657675 0.00917741844537 -0.000252395879314 0.00530003278671 0.305720261139 0.0215953083454 0.0289997316023 -0.00384400416645 0.0167487925896 0.0270823791815 0.00789806752671 0.00776404696302 0.0215191189265 0.0197462460459 0.0372515200297 0.00357692901661 0.00301057380445 0.00127163390836 0.00510199309171 0.0021874726404 0.00373398939333 0.0135591668071 -0.0143437330642 -0.00182792997983 0.0258482071716 0.0068794803147 -0.00138907877047 -0.0120338912497 0.0396398800399 0.00696027031484 0.00727735159045 -0.00754744266808 0.0452494520712 -0.00499311309353 -0.00326522777196 0.0139924666288 -0.000542813953597 0.0161909719927 0.0205006998266 -0.00438430316207 0.0300300589105 0.00694938330636 0.0239384439529 0.0393934042496 0.0178275191284 0.00971495246643 0.0101602894926 0.0100177811128 0.00848149673502 0.0231272844614 0.00195333010111 -0.000368011853776 0.00849632739561 0.00987370796001 0.00367813006578 0.0225672367426 0.031623847768 0.0216244399986 0.0250068526096 0.023704895609 0.0351774483025 0.00679287878804 0.00295588577093 -0.006072053437 0.0209394211678 0.0206207114999 0.0104646519869 0.00462660181753 0.0291649088768 0.0444688384754 0.00454351404459 0.0166141973208 0.0175118535176 0.0265253955042 0.00221084808659 0.040187945949 0.00253010112322 0.00643247354173 0.00873056613281 0.0178586423613 0.00363926920941 0.00511464621609 0.0230090492696 0.0139682121866 0.00432571983038 0.0238800340042 
0.0270144338776 0.0171665775156 -0.000760752058851 0.0124510426175 0.0122172255878 0.00825513258044 0.00892126665315 0.00730516606082 0.00664941923791 0.0129723859417 0.00633216158735 0.0207407392172 0.0174290901474 -6.10590459823e-05 -0.0049836415816 0.00697811411565 -0.00376356511747 0.0146530538801 0.0215953083454 0.256062523132 -0.00365524940326 0.0059889343863 0.0333517510547 0.0194863232088 0.00298831494202 0.0106408424251 0.00705998876213 0.00826840107453 0.0311734751091 0.0159494389629 0.0123346532314 0.0133305512609 0.00320084181129 0.00718804665377 0.0134619295307 0.0132391952642 0.000584632929695 -0.00204127296706 0.0203222025164 -0.0097814139994 0.00236308794713 0.00826527665565 0.0290311451417 0.0141882865113 0.00335104265535 0.022594430916 0.0102059581153 0.00119663441848 0.010543281907 0.00656233349568 0.0202510448113 0.00665682853337 0.00729906875389 0.00118419074755 0.0142774823614 -0.0080023427619 0.0152260167876 -3.422806371e-05 0.0113059722914 0.0278481741317 0.00928381566908 0.0160237085097 0.00986779570704 0.015471881428 0.00858454849648 0.00694738264453 0.00838467950671 0.0115282498865 0.00986050014071 0.0147750186492 0.00634300387958 0.00370461405303 0.00293143507656 0.0244276351148 0.0285319142042 0.00281943772493 0.0084704832856 -0.00249300091947 0.012620690931 0.0198215558552 0.0161499046294 0.0224107528164 0.00444040556829 0.0282973692438 0.00507035366698 0.0179185541286 0.0273577575604 0.0343695481667 0.0164364038444 0.0253970989945 0.00951275896988 0.0143104660401 0.00347156457571 0.00132823782452 0.00951194622661 0.00278029983995 0.0296486916497 0.000647134014722 0.0191364787088 0.0208072369963 
0.00567113902867 0.00465941132907 0.0856267696109 0.00974997623734 0.0412140406107 0.00198259890751 0.0256372627378 0.00934111405141 0.0410254074213 0.114788755498 0.0647285242452 0.0105718597396 0.0172143755122 0.0296837912089 0.0365522259361 0.0284606881433 0.0583277860835 0.0192169887737 0.0289997316023 -0.00365524940326 0.832893781563 0.00511581806922 0.00996213960119 0.111587753615 0.00333213596734 -0.00132693572848 0.0311271971839 0.0662410867341 0.0645052595422 0.0158563134306 0.0239199508498 0.0181108929002 0.0164481462189 0.0425160416228 0.0521231477461 0.0295016847444 0.00486384542938 0.0324088165407 0.0669993171373 0.0352544858465 0.0174163185194 0.0390091780377 0.075030725165 0.0137722099071 0.0450968467251 -0.00232992032305 0.0980649441016 0.020223053762 0.0123186836529 0.0243914496199 0.0200591461807 0.0455960361996 0.0322019054473 -0.00112617840495 0.00817135892232 0.0398951976322 0.0308704917238 0.0757640128575 0.0399977069071 -0.00115099551723 0.0175688250885 0.0119464996912 -0.00888041889427 0.0213329451248 0.0153462535934 0.00655556229516 0.0213788022607 0.0311151794259 0.0128309562885 0.0077111172664 0.0379107150522 0.0250516826625 0.0560345164557 0.0386372624388 0.0387233102733 0.018011352775 0.0104087570086 0.034313642881 0.0328579058293 0.0308857159866 0.039436746269 -0.013831084918 0.124792742178 0.0748770366489 0.0236826902998 0.0389445428128 0.0278242617906 0.0684217648555 -0.00630733078554 0.0580274668897 0.0226192354018 0.0312743290087 -0.000971852405069 0.016288008931 0.0221760073011 0.00759098336239 0.0386780492926 0.0152106655388 0.0444619067517 0.0859035963649 
0.0125769092198 0.0208163809539 0.000490446171735 0.0129248788761 0.0102748669187 0.0119049328069 0.0123064362659 0.00712946883012 0.0106578498647 0.0052343377261 0.00815311943777 0.00142821961598 0.0127184178919 0.00556213176723 -0.0071026025167 0.00750894624442 0.000282332480891 0.00523564261947 -0.00384400416645 0.0059889343863 0.00511581806922 0.120782925385 0.0032809688539 -0.0018363191392 0.00906293495794 -0.00580642427022 0.00906828844753 -0.00336152753932 0.00129186890666 0.00430294142842 0.00957625638314 -0.00297927159712 0.00717265644122 -0.00340075945782 -0.0062989994723 0.0116297397853 0.00198341679279 0.00452387489619 0.00266901225337 0.00420762078308 -0.00303250834223 0.00394843602272 0.00623919707938 0.00697202988138 -0.00309980886235 0.00350887581507 0.0049021630172 -0.00685316501054 0.0214586225372 0.00927920811714 0.0023795438085 -0.0029074352796 0.00229212599998 -0.00296917359221 0.015293690973 -0.00155071218088 0.000687262222075 -0.00260382196142 0.0012207393881 0.00514064827731 0.00433387229984 0.0185157507922 0.000887353074589 0.0121689601021 0.00110120166923 -0.00384221841963 0.00938990762087 0.00431919346195 0.00297989413518 0.00692267934013 0.00257665942627 -0.00829177341341 0.00523000865046 0.0122296324142 0.00181450773607 -0.000478129955137 0.00720912675558 -0.00957635447936 0.00825480622474 0.0101787666196 0.0126226629643 0.0162418009026 0.0125606145245 0.00330270785745 -0.0110416138657 0.00501057827024 0.00548089311474 0.0016642305851 0.00342999766919 -0.0031964278351 -0.00386344728363 0.0146000138012 0.0093662255956 0.00902843379143 0.00524108596558 0.00354816649466 -0.00106219818947 0.0100977126598 0.00807727956788 -0.00990065334686 
0.0232485722772 -0.00115208433563 0.0146301118187 0.0154042264544 0.0158987788622 0.0128803584687 -0.000327938321609 0.0101118962449 0.0060413239837 -0.00109317597056 -0.00053957105499 0.00700438355659 0.0207296755594 0.0087728568521 0.0222219898399 0.0118502088203 0.00819371804023 0.0154956348524 0.0167487925896 0.0333517510547 0.00996213960119 0.0032809688539 0.213814988972 0.0260556040109 0.0127214174278 0.00618615229097 0.00404905302159 0.0283697949867 0.00910686036072 0.0210187616002 0.00396267357675 0.0273467624848 0.0121945027686 0.0121689048632 0.0076965689111 0.0229866707568 0.00454593842015 0.00842746311453 0.0259705533362 -0.00691820013979 0.00549211809225 0.00283968243928 0.0224871571995 0.00993866255035 -0.00248590503654 0.00130852214641 0.0222602501642 -0.00340707265991 0.0176328786502 0.0209553604219 0.0151582089085 0.00538195740133 0.00224480876491 0.00406765167346 0.0160892426365 -0.00925983048663 0.0176902409367 0.012717158829 0.00839182570723 0.0194285976141 0.024805924091 0.0132598363741 0.0597884725164 0.0226048834988 0.0203760026382 0.000817948238747 0.0313648159251 0.0529455907458 0.0190711559806 0.0106252343381 0.00821486315313 0.00602964794941 -0.00622414250459 0.0241670024735 0.0207758028197 0.0144112019895 0.0111530194237 0.0231434294327 0.0356819422798 0.0188721924056 0.000176646397738 0.0376547849988 0.00513803359519 0.0131621788455 0.0105423599515 0.02113608292 0.0253145258727 0.0186689330029 0.00449313360949 0.00996168089371 0.0073987891202 0.0112435956409 0.0173287360283 0.0100506869776 0.00180720129196 -0.0090342966443 0.0316453913783 0.0111021308461 0.0146038587031 0.0149478076145 
