40
0.166074759161 0.0746691414478 0.0347696809731 0.133327922328 0.0782010317916 0.0256056876134 0.0831725949645 0.0155341374053 0.0850489592031 0.0559384191954 0.126305303483 0.0420146984796 0.197480990077 0.0459594094694 0.0752984700253 0.104005811155 0.0695535734162 0.104903250727 0.0295384146509 0.0542920038725 0.0582377086348 0.079223051944 0.114001255301 0.0482651065397 0.146363775453 0.0629738483482 0.239728898705 0.00873698993333 0.0206012582373 0.0353466838873 0.0162161188728 0.0296866664977 0.0149217979249 0.0359279599811 0.026417897889 0.0884893451388 0.0248078828137 0.0304536481296 0.0223482457603 0.0054327763703 
0.506725241939 0.0316245554596 0.0462666739747 -0.00441173297502 0.0186516571968 0.00711220977929 0.0397908922205 0.0143367777001 0.0390198191453 0.0188437143333 0.0927775991494 0.0344181450108 -0.00313943764844 0.0213884546924 0.0540705214178 0.0278483396906 0.0463859642044 0.0614382670041 0.0212606870287 0.0451822894322 0.00948826980416 0.0486125441036 0.0159468908985 0.0173433988359 0.0175347132729 0.0458270311956 0.109501213012 0.0298510845991 0.0458058471568 0.0207806407547 0.019291741873 0.0347236227617 0.0175676936616 0.0141949277115 0.0525004940294 0.0292234023061 0.0139989537622 0.025467686537 0.0259618786577 0.00986459393877 
0.0316245554596 0.478254693999 0.00610076443111 0.0303719867397 0.0396801122838 0.00939666987172 0.0165070248163 -0.000124479728735 0.00684085094567 0.0338410542412 0.0153180661108 0.00602479541448 0.0292250405271 0.105067045685 0.0533119316728 0.0271790033846 0.0126326003853 0.0383617588357 0.0188349895847 0.0269448956959 0.0065249885066 0.0384567483803 0.0522051381367 0.0198076395731 0.0101253857794 0.0230630356091 0.100904084626 0.00329249544294 0.0206741447298 0.0342244711275 0.0037674444785 0.0330671080882 0.0111630689159 0.0194420333619 0.00678611497886 0.0235283690592 -0.00294392121 0.0302753887376 0.012179435463 0.0238620265108 
0.0462666739747 0.00610076443111 0.226903472359 0.0554375625553 0.0107805546567 0.00789282949281 -0.00252743479096 0.000948251903898 0.0166757937427 0.0230540445622 0.019866696538 0.0203281987678 -0.00285690651762 0.0155304355439 0.0162622967404 0.0412498687349 0.011548789735 0.0345659406281 0.0123937025634 0.010221490338 0.0183995841051 0.00926082811371 -0.0108429231694 0.00778570511138 0.0305340152933 0.0298109414643 0.0473406930424 0.0118958065134 0.0224769097568 0.0102940670094 0.0130689826898 0.0308561650095 0.0170646897706 0.0371458261587 0.0217414738173 0.016584677797 0.0113197843521 0.0143529922784 0.0209932074559 0.0108608593716 
-0.00441173297502 0.0303719867397 0.0554375625553 0.826518180371 0.0278454256113 -0.00780484497856 0.0473861931244 0.0063342062304 0.019607803494 0.0157244625111 0.0204733169695 0.011866910988 0.00129802034324 0.0364019712524 0.00335934113123 0.0306300042835 -0.00543642305518 0.0105495158455 0.0303570669888 0.0020319569429 0.0177189855932 0.0449923471666 -0.00941554403521 0.0295199638247 0.00572105558753 -0.0130853654157 0.032538854391 -0.000257999624803 0.00816074904241 0.0163042829034 0.00684526474071 0.0117916904248 0.00437737740253 0.0129521402103 0.00372009654734 0.039344293727 0.0214545108868 0.01386439238 0.032790136547 0.033267966119 
0.0186516571968 0.0396801122838 0.0107805546567 0.0278454256113 0.360833775235 -0.0041089569473 0.0331474624888 0.00488045305348 0.0451637157726 0.0158630254284 0.0174491314343 0.0127034523984 0.133131531799 0.0351594633591 0.0178059695054 0.0371591204039 0.0193001575936 0.0266811109996 0.00234269054987 0.01669094867 0.00155621726773 0.0343567120761 -0.00446648094751 0.00969118364137 0.0198374208094 0.00240577462741 0.0761784368378 0.00220200178717 0.0161878798953 0.0143334813521 0.0197880673819 0.00984060871502 0.0314744904122 0.0150247795653 0.0235988910311 0.034614059592 0.0163589829072 0.0150628818745 0.031318366906 0.0303699730802 
0.00711220977929 0.00939666987172 0.00789282949282 -0.00780484497856 -0.0041089569473 0.215203425779 0.0052929345237 -0.00222821817827 0.0216811230567 0.0405735606402 0.0104430362669 0.0083262543882 -0.00226486132357 0.0118511193087 0.0273597290846 0.0128859152149 0.0169904977938 0.00522698522841 0.0182682962732 0.00756569321804 0.0246612839209 0.0155840841973 -0.0108318439546 0.0112799843454 0.015100927874 -0.0093881388151 0.0211544280584 0.0157763134598 0.0102517970849 0.0155061874808 0.00438442974375 0.0169925603441 0.00894618277987 0.00997450247996 0.00890088542587 0.0114606790592 -0.000820121513527 0.0137036350693 0.00221360123553 0.0128212055429 
0.0397908922205 0.0165070248163 -0.00252743479096 0.0473861931244 0.0331474624888 0.0052929345237 0.438210723583 0.0123686151112 0.0982515736225 0.000885918278014 0.0387096617513 0.0369437526529 0.0432784107533 0.0214510199018 0.0333767943189 0.0161362529133 0.0169908413702 0.0398011854714 0.0266217786993 0.018516946993 0.0167799002563 0.0361327742106 0.00279669031464 0.0118469140958 0.00628912899996 0.0212415518319 0.060438659015 0.0156223943608 0.0135364708494 0.0140214485478 0.013938865849 0.0159684744977 0.00193154107508 0.0487493346382 0.0327946322718 0.012245161575 0.0269199147359 0.0262469231913 -0.00824142647775 0.0293407088027 
0.0143367777001 -0.000124479728735 0.000948251903898 0.0063342062304 0.00488045305348 -0.00222821817827 0.0123686151112 0.189350982317 0.000706437656836 0.00789249740001 0.0117989636388 0.00628139648283 0.00521436820635 0.0115093997122 0.0069714216861 0.0232113892722 -0.0107934707651 0.00890210363366 0.0175578767638 0.00750253248281 0.00441694981183 0.00896921166887 -0.000481754712006 0.00975405290108 0.0156728030003 0.011335683614 0.0288121372129 0.00988101473345 0.0137085558671 0.00740963393189 0.00734087073443 0.0237083947223 0.00607661264974 -0.00655336796293 -0.00111655500528 0.0051225936334 0.00186389786502 0.0167214845533 0.00204635254585 0.014925361759 
0.0390198191453 0.00684085094567 0.0166757937427 0.019607803494 0.0451637157726 0.0216811230567 0.0982515736225 0.000706437656835 0.716654689299 0.0179923541241 0.0428465230834 -0.00731691825131 0.00439665082761 0.0291247068823 0.0308886123232 0.0176536862513 0.00497178038138 0.0479456139189 0.0255731401272 0.0255954532257 0.0202424933378 0.0147693014488 -0.0133562699443 0.0318626877206 0.00575490435298 0.0182205963983 0.059240301834 0.00801159239828 0.0129473647217 -0.00301912627474 0.00820578588411 0.0267971952865 0.0235247129362 0.014756392174 0.0294626086428 0.0260579889227 0.000652006424312 0.0121179685426 0.00172636878374 0.0151027011422 
0.0188437143333 0.0338410542412 0.0230540445622 0.0157244625111 0.0158630254284 0.0405735606402 0.000885918278014 0.00789249740001 0.0179923541241 0.230505699042 0.00701481463406 0.0102101234683 0.0113281435649 0.0161948901915 0.0175493629915 0.0276243056387 0.0209629280532 0.0422069337111 0.00132552126989 0.00983548715956 0.0178993407504 0.0150915903918 -0.00392863515325 0.0278727563961 -0.00998069952688 -0.00845115111946 0.0310608393954 0.0130290327008 -0.00117562552764 0.0156582280324 -0.00549004462868 0.0310568346532 0.0255472714968 0.0194655863118 0.0134675573917 0.0245509760859 0.00539762626182 0.0207771100768 0.0195397911925 0.0175644536076 
0.0927775991494 0.0153180661108 0.019866696538 0.0204733169695 0.0174491314343 0.0104430362669 0.0387096617513 0.0117989636388 0.0428465230834 0.00701481463406 0.466316887957 0.0549637543131 0.0247213261314 0.000229808344169 0.0460129859336 0.0226084099774 -0.000124269552372 0.0353443100051 0.0008536653894 0.0148782728622 0.0140589429617 0.0152486378967 0.0240430574199 0.0175157926926 0.0219288527276 0.11897963278 0.0519208797148 0.00643846855573 0.0326346910072 -0.00127018326056 0.0196279522187 0.00981577928615 0.00106192948041 0.0106569036428 0.0175152672716 0.010889359889 0.00852061691776 0.00283311850296 -0.00661278927061 0.00285734229389 
0.0344181450108 0.00602479541448 0.0203281987678 0.011866910988 0.0127034523984 0.0083262543882 0.0369437526529 0.00628139648283 -0.00731691825131 0.0102101234683 0.0549637543131 0.209960335508 0.0264099728604 0.0203167016857 0.0197353435146 0.00436854611986 0.00640216641848 0.037261018587 0.0183956090402 0.010183838757 0.0158287546047 0.0159638876749 0.0102874093653 0.0213671005208 0.0152783363755 0.0288679428536 0.0321109149518 0.00413169535513 0.0104423363718 0.0113706868246 0.038296612771 0.0249498592463 0.011275936376 0.0272626280664 0.00567814476574 0.0341948241567 0.0218291583384 0.0175844920148 0.0144541997955 0.0102685034548 
-0.00313943764844 0.0292250405271 -0.00285690651762 0.00129802034324 0.133131531799 -0.00226486132357 0.0432784107533 0.00521436820635 0.00439665082761 0.0113281435649 0.0247213261314 0.0264099728604 0.868187442694 0.0435116275999 0.0151927795028 0.0453042425612 -0.00103982247096 0.0599184725806 0.0238005435521 0.00366321310455 -0.00235241850091 -0.00775925683336 -0.0114183033519 0.0335331044235 -0.00659398976121 0.00891315244514 0.0479888600729 0.00756484864206 0.012170168443 0.011285382589 0.00507592024696 0.0199153716258 0.0338298306975 -0.00155958427105 0.0274129254753 0.0141051108574 0.0258507954502 0.0139606364811 0.0568104360741 0.00464888312363 
0.0213884546924 0.105067045685 0.0155304355439 0.0364019712524 0.0351594633591 0.0118511193087 0.0214510199018 0.0115093997122 0.0291247068823 0.0161948901915 0.000229808344169 0.0203167016857 0.0435116275999 0.335970091231 0.0399727503665 0.0233709348096 0.013281292592 0.0249300780872 0.027533406584 0.00421409839959 0.0121306246615 0.032084226 0.0101745195386 0.0286949030082 0.00671963590786 -0.00665681186111 0.0440654287831 0.011722802838 0.0235681910938 0.0311067005661 0.00852555110089 0.0359153203571 0.014237424212 0.00835149839096 0.0146961765723 0.0092384729047 0.0114054918241 0.0250823066799 0.0224146741602 0.0216484960576 
0.0540705214178 0.0533119316728 0.0162622967404 0.00335934113123 0.0178059695054 0.0273597290846 0.0333767943189 0.0069714216861 0.0308886123232 0.0175493629915 0.0460129859336 0.0197353435146 0.0151927795028 0.0399727503665 0.483574059212 0.0281437863945 0.0231920589189 0.0337945175437 0.0216746410314 0.0389098621097 0.0194100339751 0.0335149632226 -0.00428534978486 0.0161966644226 -0.00864009572247 -0.00346087149566 0.0789342528052 0.0113988004606 0.00531351787468 0.0121303798009 0.0149095868972 0.0277382408851 0.0231881135481 0.0216531409602 0.033951161559 -0.000922630844693 -0.000978016412472 0.00809144376252 0.0259571972113 0.0180382193586 
0.0278483396906 0.0271790033846 0.0412498687349 0.0306300042835 0.0371591204039 0.0128859152149 0.0161362529133 0.0232113892722 0.0176536862513 0.0276243056387 0.0226084099774 0.00436854611986 0.0453042425612 0.0233709348096 0.0281437863945 0.526087869115 0.0118799480469 0.0512165160819 0.0247465937092 0.0233481581956 0.0279675141134 0.0321013145582 -0.0069183615611 0.0192711419643 0.00394325223985 0.0118501421343 0.0588389514992 0.0074867231139 0.0248006386526 0.0314395083817 0.0254384623565 0.0351853408478 0.0431494551243 0.0318656201695 0.0273598937818 0.0172480666714 0.0231204593533 0.0378592052881 0.00853142641517 0.0215335004102 
0.0463859642044 0.0126326003853 0.011548789735 -0.00543642305518 0.0193001575936 0.0169904977938 0.0169908413702 -0.0107934707651 0.00497178038138 0.0209629280532 -0.000124269552372 0.00640216641848 -0.00103982247096 0.013281292592 0.0231920589189 0.0118799480469 0.39672163199 0.0236546814964 0.00292726713803 0.01005830073 -0.00015870116062 0.0181422647922 0.00891031151119 0.00233174841721 0.00327392309206 -0.0102692773595 0.0435463381082 0.0167286432112 0.000218792520064 0.0120190742375 0.000509310160263 0.0157396350155 0.0254193342036 0.013040964815 0.00767395091027 0.00894195641543 -0.0100165548299 0.0162311287197 0.0141904540192 0.0117377781191 
0.0614382670041 0.0383617588357 0.0345659406281 0.0105495158455 0.0266811109996 0.00522698522841 0.0398011854714 0.00890210363366 0.0479456139189 0.0422069337111 0.0353443100051 0.037261018587 0.0599184725806 0.0249300780872 0.0337945175437 0.0512165160819 0.0236546814964 0.464718596246 0.0241903317003 0.0102934624717 0.0340704129784 0.0175718975421 0.0134636000681 0.039747125539 0.033446233345 0.0211417761719 0.0491140127146 0.0193937001083 0.0197712074595 0.000420347830013 0.00209654565118 0.0302407550442 0.0417855246801 0.0179742958537 0.039895883017 0.0324185595993 0.0212458758933 0.0236940538303 0.0149665037616 0.0269123056542 
0.0212606870287 0.0188349895847 0.0123937025634 0.0303570669888 0.00234269054987 0.0182682962732 0.0266217786993 0.0175578767638 0.0255731401272 0.00132552126989 0.0008536653894 0.0183956090402 0.0238005435521 0.027533406584 0.0216746410314 0.0247465937092 0.00292726713803 0.0241903317003 0.208764864705 0.017050567372 0.00918334147831 0.0140967504347 0.0096485081248 0.016620519498 0.00180746072365 0.00136628680418 0.0198934119418 0.0112270080457 0.0246509806114 0.034428881765 0.0199135012625 0.0286500914459 0.0190865820592 0.0117457796288 0.0315258589677 0.0182598064944 0.0261201601189 0.04887256872 0.0358693250845 0.0170131170242 
0.0451822894322 0.0269448956959 0.010221490338 0.0020319569429 0.01669094867 0.00756569321804 0.018516946993 0.00750253248281 0.0255954532257 0.00983548715956 0.0148782728622 0.010183838757 0.00366321310455 0.00421409839959 0.0389098621097 0.0233481581956 0.01005830073 0.0102934624717 0.017050567372 0.282961734904 0.00659551947898 0.0136336401496 0.0164385225613 0.0130525133942 0.00937979495686 0.0243643588817 0.0253175337869 0.0163279710097 0.0230770765178 0.0180694166368 0.0219196842951 0.0250256981566 0.00822384668085 0.0113106004652 0.00476726793963 0.0110652320602 0.0132813323574 0.027274588499 0.0039569315951 0.0133932023078 
0.00948826980416 0.0065249885066 0.0183995841051 0.0177189855932 0.00155621726773 0.0246612839209 0.0167799002563 0.00441694981183 0.0202424933378 0.0178993407504 0.0140589429617 0.0158287546047 -0.00235241850091 0.0121306246615 0.0194100339751 0.0279675141134 -0.00015870116062 0.0340704129784 0.00918334147831 0.00659551947898 0.464005164175 0.0132957166916 -0.0142864704976 0.0165176674136 0.0104536933861 -0.00530308938149 0.0100032202297 0.0214329306744 0.0130763293523 0.013734220075 0.0155222558551 0.015017071946 0.00869006997115 0.0160095366175 0.00511425706023 0.0163921137216 0.0359523976578 0.00298824062667 0.0210000051975 0.00813508262498 
0.0486125441036 0.0384567483803 0.00926082811371 0.0449923471666 0.0343567120761 0.0155840841973 0.0361327742106 0.00896921166887 0.0147693014488 0.0150915903918 0.0152486378967 0.0159638876749 -0.00775925683336 0.032084226 0.0335149632226 0.0321013145582 0.0181422647922 0.0175718975421 0.0140967504347 0.0136336401496 0.0132957166916 0.383373212967 -0.00122696389345 0.013141114505 0.00940720568229 0.0157837119076 0.0806263807976 -0.000888563186626 0.0208724167079 0.00774214132154 0.00738481821698 0.001318691699 0.0267338982892 0.0218115825166 0.02629271883 0.026887879946 0.00545516376605 0.00853481634552 0.00489570927779 0.00790331477797 
0.0159468908985 0.0522051381367 -0.0108429231694 -0.00941554403521 -0.00446648094751 -0.0108318439546 0.00279669031464 -0.000481754712006 -0.0133562699443 -0.00392863515325 0.0240430574199 0.0102874093653 -0.0114183033519 0.0101745195386 -0.00428534978486 -0.0069183615611 0.00891031151119 0.0134636000681 0.0096485081248 0.0164385225613 -0.0142864704976 -0.00122696389345 1.13351690904 -0.000662575938203 0.00286534285706 0.0348822983449 0.0171433167967 -0.00776529102334 0.00305894804388 0.0899726693664 0.0068073706758 0.00777914845695 0.0155364376373 0.00445336620465 -0.000126300715571 0.0156261487487 -0.00263878439419 -0.0052209538458 0.0113649531379 -0.00472026448937 
0.0173433988359 0.0198076395731 0.00778570511138 0.0295199638247 0.00969118364137 0.0112799843454 0.0118469140958 0.00975405290108 0.0318626877206 0.0278727563961 0.0175157926926 0.0213671005208 0.0335331044235 0.0286949030082 0.0161966644226 0.0192711419643 0.00233174841721 0.039747125539 0.016620519498 0.0130525133942 0.0165176674136 0.013141114505 -0.000662575938203 0.305499774997 0.0186536978798 0.00279456684929 0.0297327972224 0.00911369709749 0.0297425778928 0.0301154193339 0.000783217397986 0.0384588578968 0.0257618359757 0.0196862172014 0.011487050909 0.0302020502184 0.0143281657847 0.012093913957 -0.000521752669291 0.0268932030129 
0.0175347132729 0.0101253857794 0.0305340152933 0.00572105558753 0.0198374208094 0.015100927874 0.00628912899996 0.0156728030003 0.00575490435298 -0.00998069952688 0.0219288527276 0.0152783363755 -0.00659398976121 0.00671963590786 -0.00864009572247 0.00394325223985 0.00327392309206 0.033446233345 0.00180746072365 0.00937979495686 0.0104536933861 0.00940720568229 0.00286534285706 0.0186536978798 0.983817852865 0.00775208141064 0.0223103877287 0.00832771889848 0.00498788246585 0.00991119621141 -0.00533942762767 0.00575967441069 -0.00279379826103 0.0102092871272 0.00776496096346 0.0144065258716 0.0120467122272 0.012700956864 0.0186138006656 -0.00412476408756 
0.0458270311956 0.0230630356091 0.0298109414643 -0.0130853654157 0.00240577462741 -0.0093881388151 0.0212415518319 0.011335683614 0.0182205963983 -0.00845115111946 0.11897963278 0.0288679428536 0.00891315244514 -0.00665681186111 -0.00346087149566 0.0118501421343 -0.0102692773595 0.0211417761719 0.00136628680419 0.0243643588817 -0.00530308938149 0.0157837119076 0.0348822983449 0.00279456684929 0.00775208141064 0.353277593621 0.0303188951418 0.00100657427022 0.0147435873836 0.0132956094044 0.0361149614196 0.0147969292695 0.00916524121875 0.00328478517515 0.0218631055279 -0.0027955214261 0.00312804109082 0.00774793729786 -0.00424630394371 0.00449860672737 
0.109501213012 0.100904084626 0.0473406930424 0.032538854391 0.0761784368378 0.0211544280584 0.060438659015 0.0288121372129 0.059240301834 0.0310608393954 0.0519208797148 0.0321109149518 0.0479888600729 0.0440654287831 0.0789342528052 0.0588389514992 0.0435463381082 0.0491140127146 0.0198934119418 0.0253175337869 0.0100032202297 0.0806263807976 0.0171433167967 0.0297327972224 0.0223103877287 0.0303188951418 0.877163823721 0.0101887928624 0.0317649613753 0.0225233366606 0.00526216590344 0.0202145750276 0.098978202224 0.0155595895599 0.0318880209094 0.0625934156345 0.0258075147009 0.0396984193246 0.0253141321071 0.014299363327 
0.0298510845991 0.00329249544294 0.0118958065134 -0.000257999624803 0.00220200178717 0.0157763134598 0.0156223943608 0.00988101473345 0.00801159239828 0.0130290327008 0.00643846855573 0.00413169535513 0.00756484864206 0.011722802838 0.0113988004606 0.0074867231139 0.0167286432112 0.0193937001083 0.0112270080457 0.0163279710097 0.0214329306744 -0.000888563186626 -0.00776529102334 0.00911369709749 0.00832771889848 0.00100657427022 0.0101887928624 0.110714778531 0.0114199158356 0.0128683270675 0.0173457305223 0.0234212388941 0.00680849929397 0.0119661909573 0.00702783501609 0.00744827374171 0.00614552351455 0.0191904551993 0.0173937269891 0.00662417538056 
0.0458058471568 0.0206741447298 0.0224769097568 0.00816074904241 0.0161878798953 0.0102517970849 0.0135364708494 0.0137085558671 0.0129473647217 -0.00117562552764 0.0326346910072 0.0104423363718 0.012170168443 0.0235681910938 0.00531351787468 0.0248006386526 0.000218792520063 0.0197712074595 0.0246509806114 0.0230770765178 0.0130763293523 0.0208724167079 0.00305894804388 0.0297425778928 0.00498788246585 0.0147435873836 0.0317649613753 0.0114199158356 0.186468315741 0.0120988792318 0.0180157859961 0.0229671553014 0.0281188272393 0.00708565331167 0.0213587008942 0.0114834349407 0.0225481012561 0.00295059284347 0.0115391189744 0.0124104035996 
0.0207806407547 0.0342244711275 0.0102940670094 0.0163042829034 0.0143334813521 0.0155061874808 0.0140214485478 0.00740963393189 -0.00301912627474 0.0156582280324 -0.00127018326056 0.0113706868246 0.011285382589 0.0311067005661 0.0121303798009 0.0314395083817 0.0120190742375 0.000420347830013 0.034428881765 0.0180694166368 0.013734220075 0.00774214132154 0.0899726693664 0.0301154193339 0.00991119621141 0.0132956094044 0.0225233366606 0.0128683270675 0.0120988792318 0.245177200648 0.0161244736134 0.0253095759142 0.0149565058412 0.0067672134875 0.0129658900346 0.013350733919 0.00966161590357 0.0722110016746 0.0196645462666 0.0242999889221 
0.019291741873 0.0037674444785 0.0130689826898 0.00684526474071 0.0197880673819 0.00438442974375 0.013938865849 0.00734087073443 0.00820578588411 -0.00549004462868 0.0196279522187 0.038296612771 0.00507592024696 0.00852555110089 0.0149095868972 0.0254384623565 0.000509310160262 0.00209654565118 0.0199135012625 0.0219196842951 0.0155222558551 0.00738481821698 0.0068073706758 0.000783217397986 -0.00533942762767 0.0361149614196 0.00526216590344 0.0173457305223 0.0180157859961 0.0161244736134 0.199227370523 0.0354835897139 0.0154482907017 0.02003650417 0.00919263635599 -0.000912530579607 0.00596453246656 0.0269948185568 0.033655560166 0.00171735438589 
0.0347236227617 0.0330671080882 0.0308561650095 0.0117916904248 0.00984060871502 0.0169925603441 0.0159684744977 0.0237083947223 0.0267971952865 0.0310568346532 0.00981577928615 0.0249498592463 0.0199153716258 0.0359153203571 0.0277382408851 0.0351853408478 0.0157396350155 0.0302407550442 0.0286500914459 0.0250256981566 0.015017071946 0.001318691699 0.00777914845695 0.0384588578968 0.00575967441069 0.0147969292695 0.0202145750276 0.0234212388941 0.0229671553014 0.0253095759142 0.0354835897139 0.221341779779 0.0202631711458 0.00274007248898 0.00884801676554 0.00766065857353 0.0198072318403 0.0319618553495 0.03792922113 0.00969634907744 
0.0175676936616 0.0111630689159 0.0170646897706 0.00437737740253 0.0314744904122 0.00894618277987 0.00193154107508 0.00607661264974 0.0235247129362 0.0255472714968 0.00106192948041 0.011275936376 0.0338298306975 0.014237424212 0.0231881135481 0.0431494551243 0.0254193342036 0.0417855246801 0.0190865820592 0.00822384668085 0.00869006997115 0.0267338982892 0.0155364376373 0.0257618359757 -0.00279379826103 0.00916524121875 0.098978202224 0.00680849929397 0.0281188272393 0.0149565058412 0.0154482907017 0.0202631711458 0.314806867754 0.00091997152278 0.0125859993079 0.0342166925467 0.0169686684013 0.027573990741 0.0120099329481 0.0171483450336 
0.0141949277115 0.0194420333619 0.0371458261587 0.0129521402103 0.0150247795653 0.00997450247996 0.0487493346382 -0.00655336796293 0.014756392174 0.0194655863118 0.0106569036428 0.0272626280664 -0.00155958427105 0.00835149839096 0.0216531409602 0.0318656201695 0.013040964815 0.0179742958537 0.0117457796288 0.0113106004652 0.0160095366175 0.0218115825166 0.00445336620465 0.0196862172014 0.0102092871272 0.00328478517514 0.0155595895599 0.0119661909573 0.00708565331167 0.0067672134875 0.02003650417 0.00274007248898 0.000919971522781 0.231437250902 0.0161026396105 0.0216318433798 0.00775204788119 0.00929182162251 0.00630667182517 -0.00341123609523 
0.0525004940294 0.00678611497886 0.0217414738173 0.00372009654734 0.0235988910311 0.00890088542587 0.0327946322718 -0.00111655500528 0.0294626086428 0.0134675573917 0.0175152672716 0.00567814476574 0.0274129254753 0.0146961765723 0.033951161559 0.0273598937818 0.00767395091027 0.039895883017 0.0315258589677 0.00476726793963 0.00511425706023 0.02629271883 -0.000126300715571 0.011487050909 0.00776496096346 0.0218631055279 0.0318880209094 0.00702783501609 0.0213587008942 0.0129658900346 0.00919263635599 0.00884801676554 0.0125859993079 0.0161026396105 0.269192118716 0.00467072702293 0.0554477358257 0.0201214483257 0.00933667620916 0.0159195852311 
0.0292234023061 0.0235283690592 0.016584677797 0.039344293727 0.034614059592 0.0114606790592 0.012245161575 0.0051225936334 0.0260579889227 0.0245509760859 0.010889359889 0.0341948241567 0.0141051108574 0.0092384729047 -0.000922630844693 0.0172480666714 0.00894195641543 0.0324185595993 0.0182598064944 0.0110652320602 0.0163921137216 0.026887879946 0.0156261487487 0.0302020502184 0.0144065258716 -0.0027955214261 0.0625934156345 0.00744827374171 0.0114834349407 0.013350733919 -0.000912530579607 0.00766065857353 0.0342166925467 0.0216318433798 0.00467072702293 0.485392614951 0.00919084389713 0.0169880302243 0.0224853062015 0.00868833941864 
0.0139989537622 -0.00294392121 0.0113197843521 0.0214545108868 0.0163589829072 -0.000820121513527 0.0269199147359 0.00186389786502 0.000652006424311 0.00539762626182 0.00852061691776 0.0218291583384 0.0258507954502 0.0114054918241 -0.000978016412472 0.0231204593533 -0.0100165548299 0.0212458758933 0.0261201601189 0.0132813323574 0.0359523976578 0.00545516376605 -0.00263878439419 0.0143281657847 0.0120467122272 0.00312804109082 0.0258075147009 0.00614552351455 0.0225481012561 0.00966161590357 0.00596453246656 0.0198072318403 0.0169686684013 0.00775204788119 0.0554477358257 0.00919084389713 0.203040973785 0.0115838685516 0.0113716348041 0.00737164140579 
0.025467686537 0.0302753887376 0.0143529922784 0.01386439238 0.0150628818745 0.0137036350693 0.0262469231913 0.0167214845533 0.0121179685426 0.0207771100768 0.00283311850296 0.0175844920148 0.0139606364811 0.0250823066799 0.00809144376252 0.0378592052881 0.0162311287197 0.0236940538303 0.04887256872 0.027274588499 0.00298824062667 0.00853481634552 -0.00522095384579 0.012093913957 0.012700956864 0.00774793729786 0.0396984193246 0.0191904551993 0.00295059284347 0.0722110016746 0.0269948185568 0.0319618553495 0.027573990741 0.00929182162251 0.0201214483257 0.0169880302243 0.0115838685516 0.204666851807 0.0521157838854 0.0201153981238 
0.0259618786577 0.012179435463 0.0209932074559 0.032790136547 0.031318366906 0.00221360123553 -0.00824142647775 0.00204635254585 0.00172636878374 0.0195397911925 -0.00661278927061 0.0144541997955 0.0568104360741 0.0224146741602 0.0259571972113 0.00853142641517 0.0141904540192 0.0149665037616 0.0358693250845 0.0039569315951 0.0210000051975 0.00489570927779 0.0113649531379 -0.000521752669292 0.0186138006656 -0.00424630394371 0.0253141321071 0.0173937269891 0.0115391189744 0.0196645462666 0.033655560166 0.03792922113 0.0120099329481 0.00630667182517 0.00933667620916 0.0224853062015 0.0113716348041 0.0521157838854 0.205118636408 0.00556952754208 
0.00986459393878 0.0238620265108 0.0108608593716 0.033267966119 0.0303699730802 0.0128212055429 0.0293407088027 0.014925361759 0.0151027011422 0.0175644536076 0.00285734229389 0.0102685034548 0.00464888312363 0.0216484960576 0.0180382193586 0.0215335004102 0.0117377781191 0.0269123056542 0.0170131170242 0.0133932023078 0.00813508262498 0.00790331477797 -0.00472026448937 0.0268932030129 -0.00412476408756 0.00449860672737 0.014299363327 0.00662417538056 0.0124104035996 0.0242999889221 0.00171735438589 0.00969634907744 0.0171483450336 -0.00341123609523 0.0159195852311 0.00868833941864 0.00737164140579 0.0201153981238 0.00556952754208 0.182369594636 

['NUE', 'ERTS', 'HON', 'ADCT', 'MOT', 'CLX', 'YHOO', 'MDP', 'EBAY', 'TMO', 'BHI', 'LTR', 'AAPL', 'MBI', 'STJ', 'BBY', 'BLS', 'MON', 'WM', 'ORCL', 'TSN', 'INTU', 'FRX', 'MCD', 'HUM', 'MUR', 'NVDA', 'KO', 'DD', 'RF', 'NI', 'AXP', 'DELL', 'GD', 'MWV', 'BMC', 'MMM', 'FHN', 'CMA', 'CCU']