60
0.0223482457603 0.0367752030525 0.0449680709256 0.0307440439862 0.0451551332239 0.0502759777883 0.0333203023267 0.0754552666066 0.125871369107 0.0253746335001 0.0576577356707 0.0545718905582 0.126958151155 0.0426672552596 0.0700025840065 0.0131635076039 0.0794924924591 0.0273717205438 0.022369934908 0.0180781461794 0.0486003975036 0.0125275076286 0.0352458247454 0.039970875035 0.0752984700253 0.0340754658053 0.0466521206007 0.0711634289065 0.0773240107923 0.0394797478448 0.0669692816613 0.0570579479668 0.0353466838873 0.040534814632 0.251790956204 0.136312174374 0.0726136826411 0.0355019489908 0.0206012582373 0.0162851568228 0.0722101641432 0.0878126089614 0.153319254475 0.0115927538848 0.107116270008 0.0542920038725 0.0297209295042 0.0396471392927 0.0646745186267 0.0486664598358 0.0635798530397 0.0206637964956 0.0331056926512 0.0592302274211 0.0484031048171 0.164482556217 0.043075945187 0.080285366307 0.102128665084 0.185879968849 
0.207352660409 0.0152999629146 0.013654905588 0.0203319065133 -0.0196825350134 0.0333088473686 0.0143621169632 0.0194745825692 0.00790941545318 0.0108295952726 0.0231486696042 0.00382057265399 0.00526060253176 0.0290632846363 0.0184520526459 0.020270479556 0.00723404922494 0.0123052195173 0.00610203892708 0.0138073103134 0.00934412027195 0.0163440169806 0.0121317826357 0.00295886575844 0.0220932538683 0.00583957240087 0.00915540551415 0.0067379692697 0.0377812130109 0.00843440208031 0.015103939682 0.00889374819479 0.0229070058845 0.00296728515545 -0.000498191618354 -0.00537156180601 0.0153382955309 0.00938891003111 0.00654428401304 0.0143601115635 0.00420082233483 0.00808030446598 0.0218966169459 0.00911147866164 0.0117324601138 0.00261272299328 0.0212491155418 0.0366971896144 0.0271085698585 0.0164412207275 0.0340505356145 0.0216064172759 0.0268056875345 0.00822280881091 0.0150859658309 0.0204402329922 0.0297679335512 0.000738024491361 0.00841155105497 0.0234410177335 
0.0152999629146 0.250968345201 0.0146283616257 0.0181971126102 0.00876010725978 0.00329557658137 0.0463489427532 0.0205757701041 0.000696203093992 -0.0033608364166 0.0126881633194 0.00510451814317 -0.0110189639993 0.0193733615253 0.0223868183437 0.00161117171014 0.0147903738046 0.0113197299693 0.0174956198621 0.00740294097071 -0.0133770376947 0.00947237081608 0.00617444675722 0.0157472009005 0.0188617182624 0.00738034347833 -0.00105260200334 -0.00731500563745 0.0234077623827 0.0180907531005 0.00462071878464 0.00433866076354 0.0170598635964 -0.00297875308025 0.00159732261736 -0.00011777924629 0.0281520829304 0.00125181315068 0.0151578432661 0.0076517948882 0.0294711235457 0.0309683528123 0.0159499132947 0.0089158184878 0.010821534817 0.00819449231187 0.00408830246996 -0.0065331719545 0.0244766888811 0.0132495446275 0.020824919944 0.000987695785898 0.00704840605715 0.00731721966529 0.00614794051522 0.0140097602108 0.0108520645227 0.00581534291439 0.0158174327431 -0.00504892311536 
0.013654905588 0.0146283616257 0.18799825007 0.00771735099578 0.00390707662425 0.0101696339182 0.0121649905513 0.00176638188935 -0.0125593944835 0.00886652365747 0.0211193036964 0.0162004479828 0.0107311269712 0.0144497124676 0.00898350997856 0.0205270737783 0.019516050708 0.0154957976115 0.0118942182886 0.00628009589094 0.00247416983507 0.0130423540243 0.01298397116 0.0124414894705 0.0223036208875 0.0119600016054 0.0293449400094 -0.0116408904149 0.020074978711 0.00325104521789 0.00105511400964 0.00743937444056 0.0293232559984 0.0129952263886 -0.010579112822 0.0114672718297 0.0292598151881 0.00176081215343 0.0131774078736 0.0123748632548 0.0119868968021 0.0230605062146 0.00771691861336 0.0147126283794 0.015728981079 0.00557307240572 0.00199746262852 0.0216660981553 0.0119729856715 0.00599691552071 0.0220619631625 0.0148092638439 0.00478718614258 0.0214004527661 0.0251855978298 -0.0120697243043 0.0179126459909 0.0108140953347 0.000630429113996 0.0283869980707 
0.0203319065133 0.0181971126102 0.00771735099578 0.213756189956 0.00687728113183 0.0342430196375 0.0251408318402 0.0648320478287 0.0335817881944 0.00625659762146 0.0477833606571 0.0261063019199 0.0161006409937 0.040670637066 0.00652063795985 0.018483838687 0.0179956125661 0.0125044602968 0.0155483930972 0.0131938726668 0.0106240401466 0.027611395882 0.0337798991778 0.0224700673331 0.0165532245917 0.00802926335974 0.023657586687 0.0124934639209 0.037299684298 0.0248650123042 0.0179405625918 0.0124462533708 0.0186234997083 0.00737423061987 0.0120693026278 0.00407634978788 0.0104074205195 0.0168701526966 0.0197777271381 0.0234544265383 0.0142896170728 0.00959964013783 0.0323978827734 0.0163402587457 0.0153312773945 0.0246999427996 0.0117551632395 0.0230057062644 0.0116969946125 0.0285243563509 0.042650441006 0.0160831423941 0.0259021782805 0.0207017088131 0.019269328725 0.027720872628 0.0207010316505 0.0197190640077 0.00900109441036 0.0334480635603 
-0.0196825350134 0.00876010725978 0.00390707662424 0.00687728113183 0.305255920999 0.0118338322463 -0.00148387685687 0.0234153845581 0.0144659028622 0.00277136780815 0.0112931739246 0.0132452282321 -0.00132969326293 0.0180755778348 0.00672688219154 0.00345459321823 0.0159164938042 -0.00084642046125 0.00211248102681 0.0118243364793 -7.06393916196e-05 0.0105750764388 0.00952074665035 0.0155516157926 0.0195660206291 0.00771596295723 0.0127172402727 0.000703775864409 0.0208131775752 0.0158477855525 0.0228172535315 0.00704554190703 0.00723977939679 0.00833530152948 0.00956437015219 -0.0108466351068 0.00479798622946 0.00640393745267 0.00790081659604 0.00971408215382 0.013277006998 0.00927125036901 0.019401098142 -0.00253153944663 0.0195487800786 0.0104596911073 0.0177727751022 0.00874479924669 0.00425424526257 0.0202030218663 -0.00646888913669 -0.000145248320397 0.000203039797935 -0.00482142976653 0.0272661710525 -0.00935486849598 0.0125037829012 0.00957573167218 0.00646652021731 0.0223863202346 
0.0333088473686 0.00329557658137 0.0101696339182 0.0342430196375 0.0118338322463 0.260812467729 0.0155611214609 0.00474457194584 0.0220497996973 -0.00597007029516 0.0228847992105 0.0208885587591 0.0213886064653 0.0218555228876 0.0062701452951 0.021029842242 0.00979975052496 -0.00279099071232 0.0103182028757 0.0031401839499 0.00246030309932 0.0250642111626 0.0146962094557 0.0137825687302 0.0145860058281 -0.00421348824059 0.0210230645563 -0.00512013435958 0.0202336913156 0.0149018272343 0.0202750103637 0.0180370034975 0.0293051113583 -0.00388528784927 -0.0165854102288 -0.00810190787778 0.00390254441356 -0.000785199430231 -0.00131885097041 0.0314974027538 0.015429943392 0.0199954427894 0.0264252023707 0.0101207343721 0.0155818808619 0.00826614520355 0.012056833429 0.0155866935362 -0.00284089046293 0.021625914367 0.00647229221531 0.0188120923171 0.0173365669016 0.00954800843269 0.0104583808434 -0.0054532153908 0.0132969982258 0.0241333986592 0.00930904214713 0.0134190664218 
0.0143621169632 0.0463489427532 0.0121649905513 0.0251408318402 -0.00148387685687 0.0155611214609 0.190137075108 0.0422429196233 0.0170555249095 0.000817061361154 0.00458605826232 0.0159735429193 0.0135906338681 0.017879081157 0.0109857387177 0.0101888536211 0.00902969787817 0.018977498614 0.0136116426013 0.00969991657794 0.0132813303291 0.0020040537116 0.0271149281621 0.0122037403999 -0.000573944796723 -0.00484432245365 0.018493189725 0.0176491446547 0.0303258134537 0.0224206429848 0.0266176600112 0.0280430821854 0.0208215742222 0.00221494722465 0.0419748435397 -0.0077079613328 0.0134739233277 0.0229886947312 0.00986306094101 0.000506829895164 0.0088477028197 0.00714209806345 0.0179918596246 0.0120270424961 0.00557121701031 -0.00764976814028 0.000570153852451 0.00139677201411 -0.00146477450913 0.00920299028381 0.00764550588907 0.0127594484708 0.0175942775616 0.00407613632984 0.00838362541083 -0.00367026829961 -0.0037214648801 0.0134281406703 0.00581880151158 0.0123697677027 
0.0194745825692 0.0205757701041 0.00176638188935 0.0648320478287 0.0234153845581 0.00474457194584 0.0422429196233 0.654444123278 0.0120694805087 0.0413898660609 0.0360238687147 0.02457228504 0.0541269930439 0.0214742465465 0.00324160303654 0.00727259821828 0.0279953090131 0.00998706073923 0.0257746339535 0.0112252819274 0.000995799168992 0.0365045844099 0.00538707190907 0.0349515683807 0.025655062008 0.00602090345351 0.0297143417727 0.00556376971583 0.071150049297 0.0277464346526 0.0277336954698 -0.00147769942575 0.00206704301035 0.000672619187605 0.0103277856131 0.00187273751387 0.053492231965 0.0358275448044 0.0151149582072 0.0105868640437 0.00674034187311 -0.00250533730361 0.0456421799801 0.0174608826162 0.0230084183555 -0.00178490800925 0.00668123469905 0.0353992920431 0.00642605998785 0.00966756768234 0.020741053052 0.00697131017662 0.0149464542876 0.051300504249 0.0230149944697 -0.0137721250766 0.0196993598351 0.0166363967394 0.0239009589617 0.0115756152292 
0.00790941545318 0.000696203093993 -0.0125593944835 0.0335817881944 0.0144659028622 0.0220497996973 0.0170555249095 0.0120694805087 0.841106662041 -0.00465556301276 -2.77852632693e-05 -0.00233042893873 -0.0240515157749 -0.00790867554703 0.00253109054719 0.000694223389653 0.00709343220864 -0.00655027685184 0.00749542540802 -0.00942352582426 0.0303800071067 -0.00769246801035 0.00201999807187 0.00476040791245 0.00949207578916 -0.00598995505624 9.26262038503e-06 -0.00225081042875 0.0091891089603 0.00262176597038 0.0340740738813 0.00303245606991 0.00523703769337 -0.0101135040179 0.0148149048762 -0.0367652717397 -0.00511601653006 -0.0018765736021 0.00216902086749 -0.0060723624157 0.000304416181245 0.0226410250836 0.0185371594217 -0.00285280925776 0.0250794546835 0.00330634518855 -0.00426242475662 -0.00986732810716 0.00745179954359 0.0257993485132 0.00536221836494 -0.00737713550516 -0.00962728857688 -0.00837803073767 0.0035334462462 0.0320033782395 0.0224394700059 0.00722697225845 0.0310377344068 0.0333384193947 
0.0108295952726 -0.0033608364166 0.00886652365747 0.00625659762146 0.00277136780815 -0.00597007029516 0.000817061361156 0.0413898660609 -0.00465556301276 0.281076842822 0.0104306603375 0.00431150342919 0.0117169162185 0.00149601237572 0.00889502870093 0.0136255803632 0.0337041771975 0.0166399995007 0.024885722034 0.00409437002595 0.0168612637184 0.00903355598024 0.0150416183702 0.00949457093184 0.0329129041582 0.000984704779058 0.00605664297012 0.0185740230508 0.0182134583734 0.015835276345 0.0209824481803 0.0194256171216 0.0225564888973 -0.00183745683063 -0.00417080578487 -0.0182616788739 0.0266500087889 0.0202168688218 0.0247958323779 0.00731345687623 0.0173599095526 0.0352112571598 0.0209465834225 0.0117935078571 0.0235782247705 0.0213371412042 0.00864281820354 0.00309097751572 0.00736953288268 0.0119544903551 0.0220731264721 0.0154813421161 0.0085618487615 0.0210192981002 0.0235284474014 -0.00312074279435 0.00150306457748 0.0107044668687 0.0240999044247 0.0225979328555 
0.0231486696042 0.0126881633194 0.0211193036964 0.0477833606571 0.0112931739246 0.0228847992105 0.00458605826232 0.0360238687147 -2.77852632692e-05 0.0104306603375 0.228398456748 0.00912756146889 0.0184419506176 0.0691314071652 0.0121664297213 0.0184008916376 0.025029499869 0.0178294148674 0.0114348028917 -0.00198033586772 0.019057500134 0.00781599150535 0.0131853217697 0.0268375963649 0.00385984053504 0.0115294689533 0.0199931854769 0.0225998865588 0.0425302673611 0.0117910186231 0.0256306003769 0.00437391432915 0.01448631005 0.0157349827354 0.031268587985 -0.00414769424846 0.0118937232388 0.0117178632158 0.00901385239868 0.013949601446 0.022504245636 -0.00325498840335 0.0218327887835 0.0182885992789 0.0435791198741 0.0111941391867 0.0200026333092 0.017653381436 0.0176900524144 0.00976479663196 0.0231296516512 0.0176289182579 0.0208249563977 0.0186302332507 0.0279733658196 0.00667081939478 0.0182686494056 0.0067546338248 0.0228616319064 0.0239601042957 
0.00382057265399 0.00510451814317 0.0162004479828 0.0261063019199 0.0132452282321 0.0208885587591 0.0159735429193 0.02457228504 -0.00233042893873 0.00431150342919 0.00912756146889 0.245906624923 0.0308593262944 0.0130490643519 0.00637868492181 0.0444063630546 0.0274483707939 0.010928122333 0.00556079259867 0.0232096904725 0.0112355343592 -0.000278669231446 0.0099922499411 0.00960664009202 0.014926397831 0.00689609448039 0.137961493415 0.0217923180108 0.0165695457314 0.00990580402137 -0.00708353137287 0.00668681955501 0.0219577221875 0.0171371889766 0.00154311976472 -0.00529488522317 0.00845200661159 -0.00797040825869 0.00927026704949 0.0321027452233 0.00167277457997 -0.00215008164551 0.00823750911195 0.007302204302 0.00412374077048 0.0132468363648 0.0106276911619 0.044022951487 0.00600756433536 0.0282762395927 0.00764110878006 0.0196707699333 0.0311285310755 0.010063182756 0.0181993140041 0.00615456779749 0.0128610785269 0.00984475770642 -0.000190360870642 0.029082972621 
0.00526060253176 -0.0110189639993 0.0107311269712 0.0161006409937 -0.00132969326293 0.0213886064653 0.0135906338681 0.0541269930439 -0.0240515157749 0.0117169162185 0.0184419506176 0.0308593262944 0.425283806971 0.018709535266 0.03378488695 0.0179467503265 0.0294595125894 0.0241824011835 0.00190244812731 0.00354729080866 0.000912752577775 0.0146773288746 8.04625034925e-05 -0.00495156322958 0.000743535853962 0.0158138530406 0.0251769608873 0.0191536459732 0.0650672531983 0.022416820462 0.0296646329595 0.0292401838084 -0.000988221876331 0.0362237441151 0.0528152706427 0.0043596658847 0.0382563116556 0.00546415345469 0.0191840842242 0.0262835909498 0.0164880425111 0.00248413641394 -0.00453575674923 0.0128695515644 0.0308960291979 0.027823876617 -0.010610308842 0.053154726145 0.0235334641685 0.000494641271155 0.00124780953079 0.00537016203307 0.0460777792001 0.00504278471074 0.0260151318669 0.0264790377417 0.0230409003259 0.0183189144861 0.0150527201201 0.0903970179726 
0.0290632846363 0.0193733615253 0.0144497124676 0.040670637066 0.0180755778348 0.0218555228876 0.017879081157 0.0214742465465 -0.00790867554703 0.00149601237572 0.0691314071652 0.0130490643519 0.018709535266 0.191945034488 0.0113673944593 0.0246577048812 0.0183156915456 0.0174066115404 0.0143094342916 -0.00396560561968 0.00437166305453 -0.00168468116209 0.0130338776026 0.0180332558913 0.00330445823597 0.00822366524388 0.0208330674659 -0.00247599932793 0.0422569573086 0.0125397723082 0.0216919415028 0.0159247796466 0.00991302209952 0.00725623402616 0.00993172240703 0.00374258747363 0.01531152294 0.0114625872418 0.0073416889796 0.0183502722285 0.0229254647074 -0.000421503072392 0.0166012028113 0.0079450133006 0.0276889106474 0.0249525806689 0.0113370323767 0.0265065890445 0.0121737115826 -0.00239664725556 0.0307680429385 0.0179451721831 0.0285273096178 0.0157557796103 0.0167604352613 -0.00650693865122 0.0192346066936 0.00998115712919 0.00521338282748 0.0218693783862 
0.0184520526459 0.0223868183437 0.00898350997856 0.00652063795985 0.00672688219155 0.0062701452951 0.0109857387177 0.00324160303654 0.00253109054719 0.00889502870092 0.0121664297213 0.00637868492181 0.03378488695 0.0113673944593 0.323034779171 0.00213806632135 0.0165630264364 0.0124082970942 0.00293405752065 -0.00396352588083 0.00648030532147 0.0184393025318 0.00491558019365 -0.00208088505764 0.00134615357492 0.0110268326694 0.00476445374187 0.00410744146287 0.0199553552832 0.00104352711768 0.0222279751883 0.0141515357715 0.00560698141104 0.00747704851045 0.0270918431902 -0.0293839449651 0.0109867919034 0.0139119979211 0.0166113849471 -0.000331659920745 0.0142253647217 0.00723545585617 0.0388099598218 -0.00181682342533 0.0169845722743 -0.000795668270718 -0.00584933441036 0.0128529153567 0.00801517742525 0.02738365588 0.0162153451635 0.0167378388972 0.0165252508357 0.014046458139 0.00108367052546 -0.00186084501639 0.0120834392369 0.00445954027386 0.00774398729692 0.00295448698048 
0.020270479556 0.00161117171014 0.0205270737783 0.018483838687 0.00345459321823 0.021029842242 0.0101888536211 0.00727259821828 0.000694223389653 0.0136255803632 0.0184008916376 0.0444063630546 0.0179467503265 0.0246577048812 0.00213806632135 0.137304799137 0.00659097823404 0.0121254635486 0.00967114028611 0.00695040554655 0.0144209249812 0.00309570644664 0.00132251232196 0.00645935257402 0.00828937248389 0.01718584543 0.0483927164752 0.00310601777043 0.00331700232194 0.00047430474408 0.00662423633834 0.00955967364713 0.0179483693895 0.0126080243745 -0.00177619546799 -0.0038945011951 0.00457472411589 0.0059946352746 0.00732198990407 0.0393121445949 0.00366893656361 0.00990364193162 0.0210919414803 0.0098417852541 0.0012262182748 0.0243602926661 0.00326873918944 0.0404166223312 0.0100315992693 0.0170617141612 0.00439007846645 0.00858125052045 0.0441157014472 -0.00067395483574 -0.00352129511074 0.0034889840049 0.0159380762741 0.0113926403965 0.00690042092993 0.00991949470061 
0.00723404922494 0.0147903738046 0.019516050708 0.0179956125661 0.0159164938042 0.00979975052496 0.00902969787817 0.0279953090131 0.00709343220864 0.0337041771975 0.025029499869 0.0274483707939 0.0294595125894 0.0183156915456 0.0165630264364 0.00659097823404 0.335916052992 0.0293064046644 0.013990973316 0.0119170085413 0.0255835365993 0.0229183484009 0.0204293750502 0.0216734008111 0.026276376784 0.00790754437375 0.0110186300319 -0.00577168068177 0.0410937085126 0.0284013671521 0.0275219398953 0.014434114288 0.0217000422879 -0.00539682315193 0.00593617214698 -0.0117498575466 0.0220071443134 0.0391072576645 0.0223935299129 0.00488782731025 0.0242055738015 0.0258451787205 0.036969723819 0.0223138203093 0.0634762085977 0.00743135823232 0.0165278991564 0.0111223501656 0.00865665757554 0.0170681197127 0.00804362377972 0.0157577749651 0.0051712883289 0.00636590614208 0.0158420634632 -0.0120423971352 0.0139840820604 0.0285255666646 0.023842299151 0.0261866112367 
0.0123052195173 0.0113197299693 0.0154957976115 0.0125044602968 -0.000846420461246 -0.00279099071232 0.018977498614 0.00998706073923 -0.00655027685184 0.0166399995007 0.0178294148674 0.010928122333 0.0241824011835 0.0174066115404 0.0124082970942 0.0121254635486 0.0293064046644 0.231507361018 0.0282374167825 -0.000991830384934 0.00953836366918 0.0151701965329 0.00615010495547 0.0137511821784 0.0147689893859 0.0130388355782 0.0118441128083 0.0165463057769 0.0422071878495 0.0186883404961 0.0209528379711 0.013107811714 -0.00893101659488 0.0135886389676 0.00253863079718 -0.00880043447597 0.0220353530157 0.00856794517411 0.0144187577602 0.0086364738294 0.0104374799449 0.0265715302223 0.0236808978993 0.0100240268684 0.0406305548702 0.00963876210788 0.0121163360285 0.00403593687301 0.00693416531303 0.0118077174387 0.00174137133825 0.0109697458649 0.0117742030825 0.00526048327842 0.0155218741815 0.00281526970435 0.00955394277368 0.0224199524019 0.027253762912 0.0177899218885 
0.00610203892709 0.0174956198621 0.0118942182886 0.0155483930972 0.00211248102681 0.0103182028757 0.0136116426013 0.0257746339535 0.00749542540802 0.024885722034 0.0114348028917 0.00556079259867 0.00190244812731 0.0143094342916 0.00293405752065 0.00967114028612 0.013990973316 0.0282374167825 0.196544846759 0.00833363310931 0.0135514715598 0.00339025716056 0.023229133961 0.0189565617899 0.0131070648124 0.0165891905515 0.012114467642 0.00174647766236 0.0462229139505 0.0262218337023 0.0253601755398 0.00312001205313 0.0145097634924 0.0028083126966 0.0432827151367 -0.00651660044292 0.0320034229772 0.0164816391859 -0.00229824142446 0.0155829813768 0.0172784451397 0.021417546955 0.0245969228922 0.0108982575011 0.0265891139017 0.0192553971583 0.00521527047102 0.00948364050493 0.00671359261993 0.0112561216584 0.0163919220439 0.0135368895135 0.0136863766903 0.016661128742 0.00304656063725 -0.00233821939946 0.0116525997149 0.0193798995027 0.0196423722114 0.0407238794159 
0.0138073103134 0.00740294097071 0.00628009589094 0.0131938726668 0.0118243364793 0.0031401839499 0.00969991657794 0.0112252819274 -0.00942352582425 0.00409437002595 -0.00198033586772 0.0232096904725 0.00354729080866 -0.00396560561968 -0.00396352588083 0.00695040554655 0.0119170085413 -0.000991830384933 0.00833363310931 0.24875376223 -0.00216189587667 0.0059245300775 0.0121295129068 0.0107986686272 0.010787397599 0.0135033281232 0.000191650909262 -3.17428672238e-05 0.025820099488 0.00868557876765 0.00786306069584 0.000406535453277 0.0080772443682 0.0020940655847 0.0149797635541 -0.00602672942234 0.00928966933811 0.00696257206344 0.00459257990173 0.00706636120742 0.0087299440137 0.0120395457751 0.0126884460785 0.00393271460966 0.00626996114438 0.000899620887043 0.00058180154853 0.0138998988716 0.0170257893884 0.00821136039653 0.0108146871959 0.00416351292448 0.00774804159669 0.00588296130997 0.0115082401987 -0.00232456611568 0.0074493599857 0.00857725506684 0.00630861975712 0.0178780325208 
0.00934412027195 -0.0133770376947 0.00247416983507 0.0106240401466 -7.06393916197e-05 0.00246030309932 0.0132813303291 0.000995799168992 0.0303800071067 0.0168612637184 0.019057500134 0.0112355343592 0.000912752577776 0.00437166305453 0.00648030532146 0.0144209249812 0.0255835365993 0.00953836366918 0.0135514715598 -0.00216189587667 0.394619044138 0.00429648577378 0.0156572381633 0.0204415391277 -0.000497376711841 0.0131389607106 0.00624016763132 0.00696948835314 0.0238195663752 0.0132387704137 0.00156663203139 -0.00152578245201 0.00479572226433 -0.0116291539524 0.0357233503145 -0.0219609244025 -0.00382305110082 0.0211508466811 0.00811743575344 0.00568225776113 0.025678273915 0.000588390329526 0.0233854182662 0.00977395924183 0.0470753665102 0.00604491521395 -0.00401371443442 0.0241388138334 -0.00768362038623 0.0200277833303 -0.0225477595122 0.0156453211555 0.00994572413913 0.0367312787585 0.002048445919 0.00575347409695 0.00631557590645 0.0228791399158 0.0156537902509 0.00920208231197 
0.0163440169806 0.00947237081608 0.0130423540243 0.027611395882 0.0105750764388 0.0250642111626 0.0020040537116 0.0365045844099 -0.00769246801035 0.00903355598025 0.00781599150535 -0.000278669231448 0.0146773288746 -0.00168468116209 0.0184393025318 0.00309570644664 0.0229183484009 0.0151701965329 0.00339025716056 0.0059245300775 0.00429648577378 0.297137914638 0.0183847096458 0.00482314257507 0.0128936546627 0.00662416647006 0.00746499484443 0.0326899344366 0.0168694253172 0.0116702596181 0.00673827705035 0.0244472276424 0.0363341160726 0.0189413329811 0.0150049583767 -0.0163373914747 0.0215285384167 -0.00904970820608 0.0202527927967 0.000922808171454 0.0104910346553 0.00407995098943 0.0200864864408 0.0165905696731 0.0202052883599 0.0117081779986 0.00747601106828 0.0117260510609 0.0143868964496 0.0145446265713 0.00982995015201 0.015858414137 0.00865620719551 0.0132271274342 0.00555628890153 0.00989665584982 0.00407443371109 0.0223253058546 0.00712753169723 0.0216635312163 
0.0121317826357 0.00617444675722 0.01298397116 0.0337798991778 0.00952074665035 0.0146962094557 0.0271149281621 0.00538707190907 0.00201999807187 0.0150416183702 0.0131853217697 0.0099922499411 8.04625034907e-05 0.0130338776026 0.00491558019365 0.00132251232196 0.0204293750502 0.00615010495547 0.023229133961 0.0121295129068 0.0156572381633 0.0183847096458 0.206033526282 0.00308819081596 0.0214630009621 -0.00104433789503 0.00329405004309 0.0124944491006 0.0358992839662 0.00906331473518 0.0186575671381 0.00249837393444 0.00704431008173 -0.00138668103703 0.0231258402235 -0.00979232974226 0.00989870326024 0.019247958463 0.00725861059082 0.0137736392787 0.00612197469537 0.0275009769952 0.0376924299442 0.00219138627276 0.021386812473 0.010955423135 0.0160195673936 0.0141040877071 -0.0189452801777 0.0210886058798 0.0321892089657 0.0103978498918 0.0202349732102 0.0154503974718 0.0245323778858 0.00709421107154 0.0165447782736 0.00324090233824 0.0162007279341 0.0182786477937 
0.00295886575843 0.0157472009005 0.0124414894705 0.022470067333 0.0155516157926 0.0137825687302 0.0122037403999 0.0349515683807 0.00476040791245 0.00949457093185 0.0268375963649 0.00960664009202 -0.00495156322958 0.0180332558913 -0.00208088505764 0.00645935257402 0.0216734008111 0.0137511821784 0.0189565617899 0.0107986686272 0.0204415391277 0.00482314257507 0.00308819081596 0.188901737473 0.0149996088832 0.00188622430092 0.0115686261383 0.0108207983302 0.0307833012823 0.0191979104915 0.0173500637356 0.0299266109171 0.0121850923303 -0.00819332310697 0.0131392279392 -0.0126885956377 0.0323928782771 0.00871408877773 0.0138073372387 0.002179995516 0.0243821343455 0.00967625373333 0.0424651176509 0.0132788667528 0.0333117813948 0.014423742021 0.00306901279364 0.0048706903885 0.0116590141074 0.0162487025206 0.00829778546694 0.0252439976108 0.00835043452392 0.0158414523177 0.0261983741764 0.0109314058815 0.0134259703079 0.0313214168498 0.0139880456103 0.0432400676257 
0.0220932538683 0.0188617182624 0.0223036208875 0.0165532245917 0.0195660206291 0.0145860058281 -0.000573944796723 0.025655062008 0.00949207578916 0.0329129041582 0.00385984053504 0.014926397831 0.000743535853961 0.00330445823597 0.00134615357492 0.00828937248389 0.026276376784 0.0147689893859 0.0131070648124 0.010787397599 -0.00049737671184 0.0128936546627 0.0214630009621 0.0149996088832 0.483867122586 0.00526728785908 0.00727233154146 0.0104667035744 0.0484309621541 0.0166515078327 0.045001373459 0.00645733774854 0.0118923014638 -0.00574047183495 0.0162671802786 -0.0113432670513 0.0208672098561 0.0111310812795 0.00849640146392 0.01299813238 0.00103729542903 0.0204253598845 0.0734194729009 0.0175782011151 0.0239923195403 0.0403131481508 0.0195093076908 0.0156096523377 -0.00353503900316 0.0221310874587 0.0147594880639 0.0191472809211 0.0116019978343 -0.00205950301083 0.0283849610525 0.00465218328165 0.0210582919075 0.0201490923451 0.0180789498623 0.0763461081885 
0.00583957240087 0.00738034347833 0.0119600016054 0.00802926335974 0.00771596295723 -0.00421348824059 -0.00484432245365 0.00602090345351 -0.00598995505624 0.000984704779059 0.0115294689533 0.00689609448039 0.0158138530406 0.00822366524388 0.0110268326694 0.01718584543 0.00790754437375 0.0130388355782 0.0165891905515 0.0135033281232 0.0131389607106 0.00662416647006 -0.00104433789504 0.00188622430092 0.00526728785908 0.181153421693 0.00636626295037 0.00220135562122 0.0179582822649 0.00156795070004 0.017536553249 0.00377627275809 -0.00301095311026 0.00378897468354 -0.00434382156289 -0.00730733065507 0.00508350093986 0.00510691368591 0.00267132612574 0.010449401109 0.00469052522334 -0.0182579321332 0.0177076180091 0.00822868671129 0.0119325830185 0.00567969343042 0.0036498106064 0.0110037199475 0.00721781627225 0.00690344118763 0.0105459763981 0.0167688838075 0.0167416714733 0.0053037885765 0.0129920401451 -0.00354517298801 0.0114872089265 0.0209764799676 -0.0022062948883 0.0263367668165 
0.00915540551415 -0.00105260200334 0.0293449400094 0.023657586687 0.0127172402727 0.0210230645563 0.018493189725 0.0297143417727 9.26262038577e-06 0.00605664297012 0.0199931854769 0.137961493415 0.0251769608873 0.0208330674659 0.00476445374187 0.0483927164752 0.0110186300319 0.0118441128083 0.012114467642 0.000191650909262 0.00624016763132 0.00746499484444 0.00329405004309 0.0115686261383 0.00727233154146 0.00636626295037 0.208038980575 0.0324316358897 0.0153221240349 0.00587278206798 0.00225631688034 0.0132697190067 0.0319107486427 0.0165923883211 0.00417003157806 -0.00369878883249 0.00433176023782 -0.00190928154812 0.0108087249501 0.0377223650576 0.00853367824513 -0.00332464250276 0.0158858481706 0.016106288697 0.00632859718228 0.0138364712617 0.00202780892853 0.0478306463175 0.00709505164263 0.0233314856493 0.00561572647348 0.0133853930051 0.0283453178172 0.0127129370196 0.0117868534538 0.00256824081403 0.014685554695 0.0117642700131 -0.00051443909637 0.02597822361 
0.0067379692697 -0.00731500563745 -0.0116408904149 0.0124934639209 0.000703775864409 -0.00512013435958 0.0176491446547 0.00556376971583 -0.00225081042875 0.0185740230508 0.0225998865588 0.0217923180108 0.0191536459732 -0.00247599932793 0.00410744146287 0.00310601777043 -0.00577168068177 0.0165463057769 0.00174647766236 -3.17428672238e-05 0.00696948835314 0.0326899344366 0.0124944491006 0.0108207983302 0.0104667035744 0.00220135562122 0.0324316358897 0.552833009063 0.0178719769115 -0.00404735032841 0.00880296693804 0.025339663159 0.0158379125871 0.00542225379642 0.319071612292 -0.00152747101936 -0.00733684362813 -0.00777987131841 0.00250815670248 0.0113586878321 -0.00253431144853 0.0153026495974 0.0265001674774 0.0103971817296 0.00283210220495 0.01936322851 0.00588110504613 -0.00660857902597 -0.00611462438843 0.00244577862105 0.0116931909702 0.012511775821 -0.00385470101248 0.0187555104175 0.00657340123343 -0.00704214400561 0.0177304228283 0.00727311203679 -0.00144108284981 0.0114588995319 
0.0377812130109 0.0234077623827 0.020074978711 0.037299684298 0.0208131775752 0.0202336913156 0.0303258134537 0.071150049297 0.0091891089603 0.0182134583734 0.0425302673611 0.0165695457314 0.0650672531983 0.0422569573086 0.0199553552832 0.00331700232194 0.0410937085126 0.0422071878495 0.0462229139505 0.025820099488 0.0238195663752 0.0168694253172 0.0358992839662 0.0307833012823 0.0484309621541 0.0179582822649 0.0153221240349 0.0178719769115 0.457773306023 0.0192822052674 0.0480162894356 0.00171723512086 0.0187749412931 -0.00291341259832 0.0319540234635 -0.00813939656734 0.0666233861431 0.0304541750847 0.0321389754924 0.0136491030514 0.0391684029219 0.0228416798645 0.067198162647 0.0175957070639 0.0467333456549 -0.000398769187646 0.0170650651497 0.0493326477437 0.027777848609 0.00866740140936 0.0444278836194 0.0196132844151 0.0265556183886 0.0329342814343 0.032971085416 0.000579043333035 0.0267598593571 0.0328569107797 0.0538854020053 0.0536662255598 
0.00843440208031 0.0180907531005 0.00325104521789 0.0248650123042 0.0158477855525 0.0149018272343 0.0224206429848 0.0277464346526 0.00262176597038 0.015835276345 0.0117910186231 0.00990580402137 0.022416820462 0.0125397723082 0.00104352711768 0.00047430474408 0.0284013671521 0.0186883404961 0.0262218337023 0.00868557876765 0.0132387704137 0.0116702596181 0.00906331473518 0.0191979104915 0.0166515078327 0.00156795070004 0.00587278206798 -0.00404735032841 0.0192822052674 0.310904019858 0.00129895828492 0.0240654559419 0.0125204856705 0.00427503637282 -0.0156940163573 0.00251616904422 0.0295461168407 0.00528469147748 0.0137284164427 0.00711866586705 0.0246474910733 0.0300340692673 0.0662457257519 0.0116304614516 0.0302464252151 0.00975874083257 0.00785030281674 0.00430879451347 0.0906949746178 -0.00163611559874 0.0134033532624 0.00991385796858 0.00372681893042 0.0130348674597 0.0157020092113 -0.00542713205446 0.00961826169193 0.0268330434052 0.0205759335163 0.0474961392692 
0.015103939682 0.00462071878464 0.00105511400964 0.0179405625918 0.0228172535315 0.0202750103637 0.0266176600112 0.0277336954698 0.0340740738813 0.0209824481803 0.0256306003769 -0.00708353137287 0.0296646329595 0.0216919415028 0.0222279751883 0.00662423633834 0.0275219398953 0.0209528379711 0.0253601755398 0.00786306069584 0.00156663203139 0.00673827705035 0.0186575671381 0.0173500637356 0.045001373459 0.017536553249 0.00225631688034 0.00880296693804 0.0480162894356 0.00129895828492 0.467362185629 -0.00152238812694 0.00876701625329 0.00314327590566 0.022531611488 -0.0205607863288 0.0370474979935 0.00321956864922 -0.00505067188662 -0.000108830175187 0.0405459929651 0.0474721706003 0.0404607772612 0.0124886010254 0.0245654788963 0.0270536085351 0.0205711211568 0.0135512639677 0.0104170409562 0.00461960352236 0.0173421324469 0.0231167706147 -0.00688258640118 0.0159217360318 0.0171155038361 -0.00340886906655 0.0322328669772 0.0448161486973 0.0438449170502 0.0662653158072 
0.00889374819479 0.00433866076354 0.00743937444056 0.0124462533708 0.00704554190703 0.0180370034975 0.0280430821854 -0.00147769942575 0.00303245606991 0.0194256171216 0.00437391432915 0.00668681955501 0.0292401838084 0.0159247796466 0.0141515357715 0.00955967364713 0.014434114288 0.013107811714 0.00312001205313 0.000406535453278 -0.00152578245201 0.0244472276424 0.00249837393444 0.0299266109171 0.00645733774854 0.00377627275809 0.0132697190067 0.025339663159 0.00171723512086 0.0240654559419 -0.00152238812693 0.329602399368 0.0145343708795 -0.00223779283865 0.0253795602308 0.00907395476836 0.0134843026807 0.0334561659763 0.0139310829627 0.0120196530341 0.0182007447442 0.011447191986 0.0123222799233 0.00350859994975 0.0245533447696 0.0314433225587 0.00291215180581 0.00805118197781 0.00663834167746 0.0289464677348 0.00732554230208 0.00697127611394 0.0136317305737 0.0161167522139 0.0068416662345 -0.000261451416683 0.0217264274319 0.0185761201944 0.000418646607042 0.0290007987776 
0.0229070058845 0.0170598635964 0.0293232559984 0.0186234997083 0.00723977939678 0.0293051113583 0.0208215742222 0.00206704301035 0.00523703769337 0.0225564888973 0.01448631005 0.0219577221875 -0.000988221876332 0.00991302209952 0.00560698141104 0.0179483693895 0.0217000422879 -0.00893101659488 0.0145097634924 0.0080772443682 0.00479572226433 0.0363341160726 0.00704431008173 0.0121850923303 0.0118923014638 -0.00301095311026 0.0319107486427 0.0158379125871 0.0187749412931 0.0125204856705 0.00876701625329 0.0145343708795 0.259974423718 0.00219438988537 0.00485320873188 -0.00930079955739 0.0256788101904 0.0212438612341 0.0129959100141 0.00326782586016 0.0098147591388 0.014373579019 0.0259349300531 0.0151837601259 0.00724823500739 0.0225552895546 0.014404716641 0.0122662853497 0.0265608715582 -0.00172195468686 0.0331681955761 0.0122888215039 0.0126722579648 0.0153164099644 0.0184188569978 -0.0120685422742 0.0375310121612 0.0128639490234 0.0057390202973 -0.00128822277155 
0.00296728515545 -0.00297875308025 0.0129952263886 0.00737423061987 0.00833530152948 -0.00388528784927 0.00221494722465 0.000672619187606 -0.0101135040179 -0.00183745683063 0.0157349827354 0.0171371889766 0.0362237441151 0.00725623402616 0.00747704851045 0.0126080243745 -0.00539682315193 0.0135886389676 0.0028083126966 0.0020940655847 -0.0116291539524 0.0189413329811 -0.00138668103703 -0.00819332310697 -0.00574047183495 0.00378897468354 0.0165923883211 0.00542225379642 -0.00291341259832 0.00427503637282 0.00314327590566 -0.00223779283865 0.00219438988537 0.530880211517 0.00502331043121 -0.00607246239603 0.00217330391439 0.012519747712 0.00195299158648 0.0184024426943 -0.00293591417797 -0.00471983234412 -0.00318217393072 0.00141278940006 -0.00551789413945 -1.79112892205e-05 -0.00199759578686 0.00327640575907 -0.00185129679559 -0.0288597633522 -0.00676882180723 -0.00701536016782 0.025375587778 0.0361075490327 -0.00335096212391 0.00490026880949 -0.00732962373754 0.00746971433884 0.00129098623772 0.00642957286887 
-0.000498191618355 0.00159732261736 -0.010579112822 0.0120693026278 0.00956437015219 -0.0165854102288 0.0419748435397 0.0103277856131 0.0148149048762 -0.00417080578487 0.031268587985 0.00154311976472 0.0528152706427 0.00993172240703 0.0270918431902 -0.00177619546799 0.00593617214698 0.00253863079718 0.0432827151367 0.0149797635541 0.0357233503145 0.0150049583767 0.0231258402235 0.0131392279392 0.0162671802786 -0.00434382156289 0.00417003157806 0.319071612292 0.0319540234635 -0.0156940163573 0.022531611488 0.0253795602308 0.00485320873188 0.00502331043121 2.05045314681 -0.0237667156027 0.0705816889982 0.0533517296394 0.00892025977097 0.0136614089148 0.00500392715753 0.0253769996372 0.0292130925788 0.00457529266973 0.0459111833377 0.00494353714014 0.0101574018586 -0.0100121927645 0.035402511387 0.00623480167364 0.026755099603 0.00516054092177 0.0117347365641 0.0349143498867 0.012284236467 0.0069120665337 -0.00558672944584 0.011943103794 0.0556485952157 0.0826373289487 
-0.00537156180601 -0.00011777924629 0.0114672718297 0.00407634978788 -0.0108466351068 -0.00810190787778 -0.0077079613328 0.00187273751387 -0.0367652717397 -0.0182616788739 -0.00414769424846 -0.00529488522317 0.0043596658847 0.00374258747363 -0.0293839449651 -0.0038945011951 -0.0117498575466 -0.00880043447597 -0.00651660044292 -0.00602672942234 -0.0219609244025 -0.0163373914747 -0.00979232974226 -0.0126885956377 -0.0113432670513 -0.00730733065507 -0.00369878883249 -0.00152747101936 -0.00813939656734 0.00251616904422 -0.0205607863288 0.00907395476836 -0.00930079955739 -0.00607246239603 -0.0237667156027 1.94138880784 -0.0172882600206 -0.014873198012 -0.00304113040179 0.00459163726393 -0.00899792271791 0.0159966408213 -0.017341512266 -0.00590838014536 0.000640948673673 0.00449867549198 0.00171961197987 0.00371833150653 -0.00632659283603 -0.0158439098553 -0.00389717826826 -0.00900055123299 -0.00117151571361 -0.00181530232297 -0.0157078813742 0.00164313910343 -0.00384621933688 -0.0130720059525 -0.0149839579877 -0.0160055550633 
0.0153382955309 0.0281520829304 0.0292598151881 0.0104074205195 0.00479798622946 0.00390254441356 0.0134739233277 0.053492231965 -0.00511601653006 0.0266500087889 0.0118937232388 0.00845200661159 0.0382563116556 0.01531152294 0.0109867919034 0.00457472411589 0.0220071443134 0.0220353530157 0.0320034229772 0.00928966933811 -0.00382305110082 0.0215285384167 0.00989870326023 0.0323928782771 0.0208672098561 0.00508350093985 0.00433176023781 -0.00733684362813 0.0666233861431 0.0295461168407 0.0370474979935 0.0134843026807 0.0256788101904 0.00217330391439 0.0705816889982 -0.0172882600206 0.272254891289 0.0244941551359 0.0288725534529 0.00954959607954 0.0711141962667 0.0388584475591 0.0384742821013 0.0119365651996 0.0253671346625 0.0184778439652 -1.95562911256e-05 0.0222875424314 0.0175867332573 0.0221544704459 0.0357994789128 0.0122940176914 0.011508459021 0.0295349778373 0.0236576381229 0.00873069952512 0.0260311470061 0.0408895201299 0.0282107240862 0.0619687799366 
0.00938891003111 0.00125181315068 0.00176081215344 0.0168701526966 0.00640393745267 -0.000785199430233 0.0229886947312 0.0358275448044 -0.0018765736021 0.0202168688218 0.0117178632158 -0.00797040825869 0.00546415345469 0.0114625872418 0.0139119979211 0.0059946352746 0.0391072576645 0.00856794517411 0.0164816391859 0.00696257206344 0.0211508466811 -0.00904970820608 0.019247958463 0.00871408877773 0.0111310812795 0.00510691368591 -0.00190928154812 -0.00777987131841 0.0304541750847 0.00528469147748 0.00321956864922 0.0334561659763 0.0212438612341 0.012519747712 0.0533517296394 -0.014873198012 0.0244941551359 0.305187557814 0.00984566037305 0.00989321852452 0.0219855190374 0.0212075599448 0.004166637139 0.00570098375149 0.0215612807726 0.0134597708867 0.0145332501779 0.00499008959602 0.019125904439 0.00205092828009 0.031188267525 0.0127600273531 0.0147442912524 -0.000118705586519 0.00979349786937 0.0188315621237 0.0175510480462 0.00314260146199 0.0244410073986 0.0301280291227 
0.00654428401305 0.0151578432661 0.0131774078736 0.0197777271381 0.00790081659604 -0.00131885097041 0.009863060941 0.0151149582072 0.00216902086749 0.0247958323779 0.00901385239867 0.00927026704949 0.0191840842242 0.0073416889796 0.0166113849471 0.00732198990408 0.0223935299129 0.0144187577602 -0.00229824142445 0.00459257990173 0.00811743575344 0.0202527927967 0.00725861059082 0.0138073372387 0.00849640146392 0.00267132612574 0.0108087249501 0.00250815670248 0.0321389754924 0.0137284164427 -0.00505067188662 0.0139310829627 0.0129959100141 0.00195299158648 0.00892025977097 -0.00304113040179 0.0288725534529 0.00984566037305 0.172522894111 0.00769741945749 0.0471554203293 0.00187099191006 0.0126312665175 0.0130236136481 0.0213477776386 0.0230601191716 0.00540291528618 -0.00270477574507 0.0159210652586 -0.000369292473422 0.0206865018196 0.0203721740031 0.0127138158768 0.0038722838727 0.0387769707621 0.052057121044 0.0108155268605 0.030355891345 0.0181537731443 0.0403309886626 
