50
0.121001700606 0.0623593213805 0.105459344027 0.0255121646837 0.266244884644 0.112290577846 0.00361039022472 0.0380825412642 0.0678674292734 0.0870342926162 0.0149217979249 0.0262343191133 0.018453974145 0.0861911318708 0.0584548507687 0.197480990077 0.050100863095 0.0135350028622 0.0634276035435 0.118814959333 0.0559384191954 0.0389775871913 0.0130713531851 0.15717092416 0.0289058353667 0.0359279599811 0.129241945615 0.114001255301 0.0646745186267 0.0054327763703 0.0202574279786 0.0210495138202 0.0486959213786 0.147407151382 0.239728898705 0.0266042550295 0.0235207120966 0.0325349378307 0.0304536481296 0.023795453615 0.0604038345904 0.045915457725 0.0347696809731 0.0399774891594 0.0357981155146 0.0388313797841 0.0424048973372 0.0753619397022 0.00399952409326 0.126305303483 
0.73053928162 0.0188591214943 0.00241420205558 0.0160502911599 -0.000660463504122 0.0667717820512 0.021790496296 0.0200569321908 0.0120434884107 0.000883311358021 0.00582939081337 0.0237131892607 0.0120646843116 0.0325543291826 0.0361625143963 0.0217749874872 -0.00424271989845 0.00668324904065 0.00340816111381 0.0320098566431 0.00292927550486 0.0139232497617 0.028747294292 0.00768815605861 0.00116413979482 0.0202659549439 0.0454407388714 0.0135388704828 0.0201130600513 0.0116159816688 0.0236134075735 0.017963075423 0.0259051084995 0.0524071245927 0.0310548418799 0.0132404380747 0.00289396015446 0.00391631377492 0.0117606145221 0.0396464701815 0.02673382256 0.00439880357987 0.0166871076116 0.0094735479843 0.01693574509 -0.00266647388285 0.00561447195455 0.0734283100259 0.0294075365305 0.0607749862101 
0.0188591214943 0.334412935923 0.0189573880605 0.0120441565307 0.00500643130444 0.0251032116893 0.018288769596 0.0106622761197 0.0139580480952 0.0488993681189 0.0153765233894 0.0166068820323 0.0097699307168 0.000717224294779 0.0259452446407 0.00567345749572 0.0456403420385 0.0122006571473 0.0218134041296 0.0213196259275 0.00594705645596 0.0268590578267 0.00382809069042 0.0444625628188 0.0277730519186 -0.000250244158528 0.0168689007303 -0.0104090851739 0.029582698727 0.0237888187552 0.0296656548358 -0.0162049438832 0.0393551231469 0.0258347945564 0.0580623822736 0.0365183995032 0.0113783811215 0.00782049254632 0.0211311640138 0.00860091501614 0.03089780034 0.0256655511806 0.0465227708988 -0.0101839745921 0.0222708539571 0.0360662970919 0.0074126183206 0.0136724715845 0.008493041956 0.0308132495142 
0.00241420205558 0.0189573880605 0.749114002372 0.00914154938915 0.00027110937578 0.0112500337257 -0.0116415749573 0.0281390029991 0.0376329244055 0.0368582287302 0.0219495733575 0.0302551947369 0.0130227152672 0.0358286811652 0.0294526394827 0.0212343549483 0.0200345438565 -0.00834855665195 0.00394901697826 0.0185794331654 0.0264522379455 0.021600835354 -0.000864008194532 0.0433728067241 -0.00866365843633 0.0200336442413 0.0156160671627 0.000462361334057 0.015664292732 0.0072657573534 0.0515263195098 0.0022997202268 0.0272654311225 -0.00875592811928 0.0540486118643 0.0161163263866 0.0057604504456 0.00928884877792 0.0329574673787 -0.00464326361262 0.0452171436093 0.0182844231501 0.0279770077443 -0.0113088340566 0.0249353509553 0.0190012370424 0.0173509030249 0.00120607582684 0.0129378481376 -0.0045036122747 
0.0160502911599 0.0120441565307 0.00914154938915 0.15901113418 0.0224139483112 0.0099106682334 0.0179087882826 0.0011820740027 0.0132927512126 0.0102894237521 0.0170189580695 0.032323087365 0.0191989153819 0.0167671455017 0.0242897122896 0.0111524570385 0.0194221287523 0.00996593553004 0.0187240709744 0.00501423888075 0.00728674904467 0.0318527856568 0.0167453059355 0.0102409610057 0.0222698434939 0.0100197150264 0.00435579339197 -0.0104349012287 0.0189352029777 0.0144853428737 0.015507108581 0.010979133176 0.00972727253754 0.00418718782345 0.00691650453714 0.0118046951921 0.0152129792925 0.00783611514156 0.0217207317383 0.0145523407645 0.0203588564275 0.0266174204556 0.00896104573179 0.0101751282601 0.0178064087251 0.0185756649399 0.00547308242187 0.00717228259578 0.012177117011 0.000115535673976 
-0.000660463504121 0.00500643130443 0.00027110937578 0.0224139483112 2.2676057779 0.0178390872906 0.0141694460707 0.0552488638503 -0.0158648807285 0.0322431900215 0.0120461532852 0.02347192317 0.00647171744726 -0.00654849489896 0.0122941909739 -0.0113067215782 -0.0303782240235 0.0342570040716 0.00430874847142 0.00580971639577 0.0105335972411 0.0524340067734 0.00200308483156 0.00191615551741 0.0636606337843 0.0712871353733 -0.0210377430007 0.0125489809386 -0.00812129394208 0.00315930741833 0.0436970565324 0.0261417338233 0.0483539228329 0.026647723893 0.0880089486031 -0.00926856369482 0.0106401070197 0.0141446740073 0.0125564114771 -0.0121374454139 0.0110620613083 0.0873449899495 0.0723379312765 0.0182093788961 0.0237831685843 0.0282163448166 -0.00645984687691 -0.00991722413351 0.0200366746394 0.0170574632106 
0.0667717820512 0.0251032116893 0.0112500337257 0.0099106682334 0.0178390872906 0.42329525483 0.00338655953844 0.00410051234756 0.034453340702 0.0555340011424 0.0138162570289 -0.00387549999572 0.00495438501624 0.051076160989 0.0174704154307 0.0286910304587 0.0220665791025 0.0188642225678 0.0812622685675 0.0245505936294 -0.00746179045054 0.0164975137149 0.0103146801191 0.0416940802031 0.0442904382478 0.0211794758238 0.0389542043153 0.00312360513718 0.0198015681334 0.00619540832023 0.0338058320881 0.014133456982 0.0207442812355 0.119905597209 0.0799323114585 0.0165682799528 -0.0010052472867 0.0137285761791 0.0142674932208 0.0117488571147 0.0317937174741 0.0221752594391 0.0209664478552 -0.0109813641142 0.0218597175246 0.0167101240562 -0.00785625036512 0.130212788538 -0.00246337165617 0.183383163472 
0.021790496296 0.018288769596 -0.0116415749573 0.0179087882826 0.0141694460707 0.00338655953844 0.212820723315 0.00767686394516 0.0352977131566 -0.000250565761215 0.0224494582607 0.00966517209061 0.00726883490825 0.00585959626083 0.0132289183942 0.026090364849 0.00948796951057 0.0176731698942 0.032252783518 0.00667633399696 0.00330009384877 0.0141149338909 0.00883350971084 0.00327986290382 0.014508599072 0.0140252097528 0.0204583602255 -0.00300270644024 0.0248678577778 0.0197773005977 0.0166344343077 0.0105707276374 0.00500488166349 0.00319664006229 0.0301489058528 0.00843706514871 0.0123767321669 -0.000320762393473 0.02071715967 0.00776592544833 0.00363967732442 0.0214112747842 0.0108191786998 -0.0114515858437 0.0165782875439 0.0143787469497 0.0279458825264 -0.00196676779206 0.014671413487 -0.00403716224191 
0.0200569321908 0.0106622761197 0.0281390029991 0.0011820740027 0.0552488638503 0.00410051234756 0.00767686394516 0.238400345701 0.0158130276959 0.0156529581735 0.0117060353585 0.00750049157136 -0.00772895022281 0.01472366435 0.00923559095579 0.0232502661196 0.012916732522 0.0108903525081 0.0231783219755 0.0271882413707 0.0225730368283 0.0220505724781 0.00900170743585 0.0565422174813 0.0200417887044 0.0134036586001 0.0145791297038 0.00158455228199 -0.0027787029983 0.00858358964631 0.00782587173612 0.0151414958636 0.014749946084 0.00576093366631 0.0453696868346 0.00322733840349 0.0120971096067 0.020613424125 0.00112938774931 0.00245800553997 0.0230190647695 0.0193211184449 0.0251558450723 -0.00395064256586 0.0120610599367 -0.0102578282035 0.00825486106734 0.0158029645998 0.00640318291539 0.00952881242028 
0.0120434884107 0.0139580480952 0.0376329244055 0.0132927512126 -0.0158648807285 0.034453340702 0.0352977131566 0.0158130276959 0.391628901863 0.0270274415246 0.0341719672346 0.0135796289775 -0.0044668002745 0.0317674762591 0.0272446947381 0.0629849450926 0.0321635347369 0.0176603067688 0.0128636885201 0.0425855320386 0.0403058231427 0.0287177250377 0.00573690093216 0.0321095411235 0.0262837671607 0.0124622353792 0.0150150732314 -0.001838512372 0.0132465045439 0.0246932551893 0.0226704236064 0.0266709843913 0.0329821137647 0.00303332577498 0.0767912343712 0.0218055256296 0.0176931241724 0.0144563786386 0.0228834488956 0.00922169250834 0.0447223353686 0.0259933995069 0.013924545736 -0.0101919872505 0.0368963392465 0.0333408347785 0.00638498228186 0.0091252881032 0.0224354911403 0.0147972086065 
0.00088331135802 0.0488993681189 0.0368582287302 0.0102894237521 0.0322431900215 0.0555340011424 -0.000250565761215 0.0156529581735 0.0270274415246 0.371744703539 0.0216387186061 0.0188782347003 0.0112365169147 0.0307233552083 0.0224418861342 -0.000897619900975 0.0504795980228 0.0326698399531 0.00751520622829 0.0410878060244 0.0228147822474 0.0156201587486 0.0113254288965 0.0729344214928 0.0264793765654 0.0116964558765 0.0252639426917 0.0117452916998 0.0273161882855 0.00445942614486 0.0356443080609 0.00641644266447 0.0167892609775 -0.00190676447222 0.102181714006 0.0648946557633 0.00570657605339 0.0100481464831 0.00629548548014 0.000785491804836 0.0426539278007 0.0219749427226 0.0296008170291 -0.00504103510451 0.0186206882762 0.0110775027687 0.00161684696274 0.0275129339676 0.0122356365514 0.050023998589 
0.00582939081337 0.0153765233894 0.0219495733575 0.0170189580695 0.0120461532852 0.0138162570289 0.0224494582607 0.0117060353585 0.0341719672346 0.0216387186061 0.309217728153 0.0174145530239 0.0165478490104 0.0373059482247 0.0202151489708 0.0343353275779 0.0173989339843 0.0136707274141 0.00964473365993 0.0472908163499 0.0222036017935 0.024793489491 0.00374305287861 0.0338698164358 0.0126691791612 0.00176346124829 -0.00122842468955 0.0160888617768 0.0304980554141 0.0168805028551 0.0215187816434 0.0175432734848 0.0361799540523 0.013125208483 0.0925234913354 0.0274992889096 0.00491954733253 0.00710344310677 0.0204132494496 0.00210756083386 0.0298640316282 0.00110133445472 0.016550472942 -0.00365142602387 0.0292731260937 0.0274715810096 0.0208910223472 -0.00415610771246 0.0103091074543 0.00183767199455 
0.0237131892607 0.0166068820323 0.0302551947369 0.032323087365 0.02347192317 -0.00387549999572 0.00966517209061 0.00750049157136 0.0135796289775 0.0188782347003 0.0174145530239 0.178789420974 0.0178693105197 0.0181736363158 0.0222720483147 0.0303201317923 0.0235975830344 0.0243481397394 0.0139205050714 0.0154964472074 0.0125757378022 0.0353790924809 0.0155924666039 0.0169589078708 0.017992323118 0.0129584145292 -0.00737020835666 0.00269011979431 0.0249244842978 0.010995055811 0.0191468052594 0.00475779137221 0.0386369922625 0.00558437627289 0.0227412586183 0.0150524802678 0.00583826616929 0.012073277332 0.0446722244077 0.0200352168732 0.00888424114065 0.0182409050397 0.0166498905247 0.00105736127895 0.018994873283 0.000961523062395 0.0130671739151 -0.00550643173407 0.0125722618886 -0.0046982416851 
0.0120646843116 0.0097699307168 0.0130227152672 0.0191989153819 0.00647171744726 0.00495438501624 0.00726883490825 -0.00772895022281 -0.0044668002745 0.0112365169147 0.0165478490104 0.0178693105197 0.247384789433 0.00829320294704 0.017596001374 -0.00203944485123 0.00368787390897 0.0246563828853 0.01350352599 0.0135954741334 0.000950916698966 0.00443686856336 0.00955262679831 -0.000861646336814 0.00165745116843 0.00115535715766 -0.00143290464557 -0.0113482341901 -0.00339243494759 0.0103691693674 0.0161550161134 0.0172926866462 0.00267111331691 0.0210030468776 0.00972846378375 0.0213257301838 0.0317238337661 0.00148118036741 0.00902650584721 0.00803994160333 0.00990123857584 0.00959929931152 0.00114822036804 0.00736759695751 0.0124078766555 0.00417525520438 0.0103024786702 0.0115934891032 0.011869110941 0.00704748839294 
0.0325543291826 0.000717224294779 0.0358286811652 0.0167671455017 -0.00654849489896 0.051076160989 0.00585959626083 0.01472366435 0.0317674762591 0.0307233552083 0.0373059482247 0.0181736363158 0.00829320294704 0.394222797534 0.0205425873175 0.0164983583586 0.0233047172968 0.0104355287758 0.0387748396654 0.0429069351781 0.0220554328255 0.011036927133 0.00455536488983 0.0584778274535 0.0113873591897 0.0210362508322 0.0209504554795 -0.00819926704727 0.00067553136183 -0.00568924879931 0.0264579165632 0.0356004333247 0.0166889057457 0.0348132162154 0.0746031890123 0.0129769940147 0.00816368843402 0.0272019945804 0.024071966651 0.00972193694603 0.0235397400032 0.014020544674 0.0274720768275 -0.00186676244109 0.00329532274951 0.0099609096665 0.0136900822521 0.0232197770372 -0.00116056608718 0.0171229353169 
0.0361625143963 0.0259452446407 0.0294526394827 0.0242897122896 0.0122941909739 0.0174704154307 0.0132289183942 0.00923559095579 0.0272446947381 0.0224418861342 0.0202151489708 0.0222720483147 0.017596001374 0.0205425873175 0.243010103391 0.00976699394909 0.0353272673705 0.0157558554259 0.0332766100288 0.0221953020215 0.0164369107655 0.006497604293 0.0291588220533 0.0176377574932 0.0146699460435 0.0147423077305 0.0128297289274 -0.00852943499983 0.0203772502262 0.0099715241178 0.0327544242955 0.0149750956861 0.0268921305576 0.0212846650448 0.0451979612114 0.0209507572102 0.0180435785814 0.0216809043844 0.0428827062787 0.0391780146722 0.00117028536506 0.00345870602614 0.00988765296797 0.0024251777076 0.0211647530362 0.0244452934012 0.0198171628341 0.0150821188992 0.0213276464854 0.0178543678674 
0.0217749874872 0.00567345749572 0.0212343549483 0.0111524570385 -0.0113067215782 0.0286910304587 0.026090364849 0.0232502661196 0.0629849450926 -0.000897619900975 0.0343353275779 0.0303201317923 -0.00203944485123 0.0164983583586 0.00976699394909 0.861365744226 1.07716519415e-05 -0.00214694301636 0.0261150324099 0.0330584458026 0.0129706660067 0.0373470645283 0.00536915504444 0.0548705652384 0.0365217367069 -0.000927866285219 0.00430237667809 -0.0143142568248 0.0205965347779 0.00750009597761 0.0214816320178 0.014491429526 0.0338763707158 0.0387212738363 0.0454805977841 0.00704009231729 0.0156505800167 -0.0164151763545 0.0144440760946 0.0150844874683 0.0203958156796 0.0189413891161 -0.0016884514515 0.160858912458 0.0195130111062 0.020594571086 0.00379186043883 0.0176029702639 0.00856131195464 0.021484109815 
-0.00424271989845 0.0456403420385 0.0200345438565 0.0194221287523 -0.0303782240235 0.0220665791025 0.00948796951057 0.012916732522 0.0321635347369 0.0504795980228 0.0173989339843 0.0235975830344 0.00368787390897 0.0233047172968 0.0353272673705 1.07716519416e-05 0.298906471979 0.0230834508406 0.0228260404392 0.0241855542607 0.0253854874783 0.0216778479088 0.0140386258556 0.0471194558876 0.0110340154679 0.0119401040308 0.00387793759582 0.0010526144885 0.0357220775499 0.000398410794169 0.027567578289 0.00821545753002 0.0128480046532 0.0382085838713 0.0228697656596 0.0160385307376 0.0136446782446 -0.00101763746983 0.0175476074694 0.0135065495136 0.0182510767767 -0.00392275564812 0.0190998651888 0.00483072718192 0.0183319372584 0.0103150301361 0.0074668322937 0.0171936323932 0.00487441706713 0.0172831383119 
0.00668324904065 0.0122006571473 -0.00834855665195 0.00996593553004 0.0342570040716 0.0188642225678 0.0176731698942 0.0108903525081 0.0176603067688 0.0326698399531 0.0136707274141 0.0243481397394 0.0246563828853 0.0104355287758 0.0157558554259 -0.00214694301636 0.0230834508406 0.190761576478 0.0170994478425 0.00761740284283 0.0164337004027 0.0268227866179 0.0134425910693 0.00901045247032 0.0337813646827 0.0175347060149 -0.00165729627303 -0.00373297507272 0.00847790148601 0.0100873435467 0.0294412323432 0.00877505380012 0.0231075916645 0.0150757571591 0.0169404589932 0.0218595479687 0.0048363434226 0.020376930331 0.0184647871216 0.014290807438 0.011492555545 0.0215895841194 0.00624453918091 -0.00340685505731 0.0266570201894 0.0309297277014 0.0114646621769 0.0168224539185 0.00781799093106 0.0107347386542 
0.00340816111381 0.0218134041296 0.00394901697826 0.0187240709744 0.00430874847142 0.0812622685675 0.032252783518 0.0231783219755 0.0128636885201 0.00751520622829 0.00964473365993 0.0139205050714 0.01350352599 0.0387748396654 0.0332766100288 0.0261150324099 0.0228260404392 0.0170994478425 0.377975174053 0.0147687013655 -0.00250170621072 0.0113428690519 0.0082587107744 0.0219481422828 0.0100311399478 0.0308520567711 0.019485235695 0.000741439230264 0.0200532090372 0.0154570013106 0.02825008402 0.0244605233626 0.016790478167 0.0495737400366 0.0420977681975 0.0116538360421 0.0173576104534 0.0106629655863 0.0182054682707 0.0108916528222 0.0426454455927 0.00710386219948 0.0257305806487 -0.00539685296195 0.00328390531827 0.0341653808421 -0.00537731552872 0.0242490813176 0.00650175956606 0.0397813374439 
0.0320098566431 0.0213196259275 0.0185794331654 0.00501423888075 0.00580971639577 0.0245505936294 0.00667633399696 0.0271882413707 0.0425855320386 0.0410878060244 0.0472908163499 0.0154964472074 0.0135954741334 0.0429069351781 0.0221953020215 0.0330584458026 0.0241855542607 0.00761740284283 0.0147687013655 0.493897514566 0.0331856895103 0.00301933939654 0.00582753397241 0.0582924184876 0.00928424875214 0.015021615585 0.016429399294 0.00925367142583 0.0330102088972 0.0109672465233 0.0352451838199 0.0103302470769 0.0186788526314 0.0221981693564 0.079555087732 0.00890295683783 0.0184729601882 -0.00442002441627 0.0138141576448 0.0181362855342 0.0293345872038 -0.00534172200282 0.0148266880073 0.0117472842316 0.000692825208622 0.0318469028367 0.00851665415946 0.0243123365316 0.0153780403156 0.00866479736222 
0.00292927550486 0.00594705645596 0.0264522379455 0.00728674904467 0.0105335972411 -0.00746179045054 0.00330009384877 0.0225730368283 0.0403058231427 0.0228147822474 0.0222036017935 0.0125757378022 0.000950916698966 0.0220554328255 0.0164369107655 0.0129706660067 0.0253854874783 0.0164337004027 -0.00250170621072 0.0331856895103 0.23007848353 0.0200956223935 0.00825108408956 0.0434807653245 0.0188268340324 0.0200404138196 -0.00475630578745 -0.00453867356527 0.0036683045366 0.0203997247181 0.0190330370339 -0.0035940667671 0.0160687841946 0.000442577923995 0.0277552788455 0.00785909720598 0.0136569023579 0.00606499305052 0.0209887271805 0.00100858018622 0.0296987987864 0.0129499958724 0.022418468455 -0.012636584578 0.0170985950536 0.0160493204257 0.00655663193762 0.00950124973813 0.0110322357959 0.00907682303728 
0.0139232497617 0.0268590578267 0.021600835354 0.0318527856568 0.0524340067734 0.0164975137149 0.0141149338909 0.0220505724781 0.0287177250377 0.0156201587486 0.024793489491 0.0353790924809 0.00443686856336 0.011036927133 0.006497604293 0.0373470645283 0.0216778479088 0.0268227866179 0.0113428690519 0.00301933939654 0.0200956223935 0.232092526747 0.0214438720662 0.0409483828019 0.0346186815574 0.00651996700606 0.0153729609032 -0.000600787785238 0.0145559925983 0.014345582703 0.0209259245902 0.0142425417732 0.0551542069211 0.00359826826103 -0.00133562704965 0.0170084851805 0.00588679928651 0.0168822082201 0.0349426956676 0.0175732617519 0.0125991604325 0.0317637818413 0.0149185103705 -0.00174627909893 0.0264215930769 -0.000209957945475 0.00715860191529 -0.000548720239727 0.0202768818086 0.0105743857556 
0.028747294292 0.00382809069042 -0.000864008194532 0.0167453059355 0.00200308483156 0.0103146801191 0.00883350971084 0.00900170743585 0.00573690093216 0.0113254288965 0.00374305287861 0.0155924666039 0.00955262679831 0.00455536488983 0.0291588220533 0.00536915504444 0.0140386258556 0.0134425910693 0.0082587107744 0.00582753397241 0.00825108408956 0.0214438720662 0.140573456018 -0.000653444494263 0.00487270480177 0.00582573686323 0.0195319721634 0.00573168925505 0.0173356410964 0.0108656779344 0.0170415115431 0.00628296296664 0.0232060846418 0.0185204797285 0.0108441249142 0.00608253616146 0.0149693986286 0.014914633333 0.0227277781721 0.0427630136169 -0.000220890185695 0.0178619693175 0.00425663795529 0.0143573302908 0.012459292292 0.00384106157281 0.014685557003 0.0155974145636 0.0158572944116 0.0129248565613 
0.00768815605861 0.0444625628188 0.0433728067241 0.0102409610057 0.00191615551741 0.0416940802031 0.00327986290382 0.0565422174813 0.0321095411235 0.0729344214928 0.0338698164358 0.0169589078708 -0.000861646336815 0.0584778274535 0.0176377574932 0.0548705652384 0.0471194558876 0.00901045247032 0.0219481422828 0.0582924184876 0.0434807653245 0.0409483828019 -0.000653444494263 0.605209724985 0.0334966152975 0.0138964477179 0.0218368454051 0.107182186033 -0.00756714087111 0.0291409334115 0.0323360991141 0.00117071962027 0.0295465196395 0.0373183330968 0.112154004548 0.026392332724 -0.00402356261282 0.0339387504054 0.0256747123311 -0.00903841233474 0.0477674863087 0.0293352202416 0.018547895329 0.00278756833607 0.00263869050883 0.00146616728829 0.00952342201395 0.0110428534951 0.00312207091148 0.0335604850648 
0.00116413979482 0.0277730519186 -0.00866365843633 0.0222698434939 0.0636606337843 0.0442904382478 0.014508599072 0.0200417887044 0.0262837671607 0.0264793765654 0.0126691791612 0.017992323118 0.00165745116843 0.0113873591897 0.0146699460435 0.0365217367069 0.0110340154679 0.0337813646827 0.0100311399478 0.00928424875214 0.0188268340324 0.0346186815574 0.00487270480177 0.0334966152975 0.216717504088 0.0273904197044 0.00252777946632 0.00354410739069 0.0234818651031 0.0209690304614 0.0173460808141 0.025215070721 0.027698130822 -0.0203969641891 0.0443579254741 0.0205158479695 0.00170331708401 0.0205631078004 0.0243751106966 0.019399047299 0.0142263913252 0.0308762221715 0.0145864246237 0.0085606721997 0.0120859951532 0.00390596400328 0.0071254598803 0.0156204243265 0.0205804150605 0.0222613793734 
0.0202659549439 -0.000250244158527 0.0200336442413 0.0100197150264 0.0712871353733 0.0211794758238 0.0140252097528 0.0134036586001 0.0124622353792 0.0116964558765 0.00176346124829 0.0129584145292 0.00115535715766 0.0210362508322 0.0147423077305 -0.000927866285219 0.0119401040308 0.0175347060149 0.0308520567711 0.015021615585 0.0200404138196 0.00651996700606 0.00582573686323 0.0138964477179 0.0273904197044 0.224494766674 0.0109542027246 0.00388664930347 -0.0194956374319 0.000614389194592 0.0173230002779 0.0098350281846 0.00354496936195 0.0113529150051 0.0120023771073 0.00804905912745 0.0106159834879 -0.0073335884198 0.0113552002108 0.0134944821771 0.025212116414 0.00198081545105 0.0264570880418 0.00893940092953 0.0125368878574 0.00711411953365 -0.00284485547891 0.0201900348003 0.00794039897221 0.00608037540147 
0.0454407388714 0.0168689007303 0.0156160671627 0.00435579339197 -0.0210377430007 0.0389542043153 0.0204583602255 0.0145791297038 0.0150150732314 0.0252639426917 -0.00122842468955 -0.00737020835666 -0.00143290464557 0.0209504554795 0.0128297289274 0.00430237667809 0.00387793759582 -0.00165729627303 0.019485235695 0.016429399294 -0.00475630578745 0.0153729609032 0.0195319721634 0.0218368454051 0.00252777946632 0.0109542027246 0.566090662335 0.0163433074382 0.0174238074072 0.00110372679269 0.0195132749593 0.00222034416541 0.0041492869654 0.0143443441437 0.0398147609023 0.0026230864402 -0.00496394887791 0.0253438968493 -0.0114747207309 0.020487774472 0.00964860401527 0.00827846587402 0.0296008677045 0.029469966673 -0.00499519241774 0.00312840393993 0.00722030639792 0.0278746199068 0.0163672357452 0.0158769724796 
0.0135388704828 -0.0104090851739 0.000462361334058 -0.0104349012287 0.0125489809386 0.00312360513718 -0.00300270644024 0.00158455228199 -0.001838512372 0.0117452916998 0.0160888617768 0.00269011979431 -0.0113482341901 -0.00819926704727 -0.00852943499983 -0.0143142568248 0.0010526144885 -0.00373297507272 0.000741439230264 0.00925367142583 -0.00453867356527 -0.000600787785238 0.00573168925505 0.107182186033 0.00354410739069 0.00388664930347 0.0163433074382 1.13339737598 -0.00757379826494 -0.00371756734701 -0.00561116878601 0.00322905939202 -0.00467243382186 0.0223719588456 0.0141732757091 -0.0064008195112 -0.00285230995069 0.0139783747199 0.00129722657489 0.0127071515416 -0.00783541798637 0.00569043010208 -0.0109624983812 0.0229935900691 0.00080487695194 0.00814335157022 0.00121283114181 0.00838622161749 -0.00160838457438 0.0237746236401 
0.0201130600513 0.029582698727 0.015664292732 0.0189352029777 -0.00812129394208 0.0198015681334 0.0248678577778 -0.0027787029983 0.0132465045439 0.0273161882855 0.0304980554141 0.0249244842978 -0.00339243494759 0.00067553136183 0.0203772502262 0.0205965347779 0.0357220775499 0.00847790148601 0.0200532090372 0.0330102088972 0.0036683045366 0.0145559925983 0.0173356410964 -0.00756714087111 0.0234818651031 -0.0194956374319 0.0174238074072 -0.00757379826494 0.508766162329 0.00272838788452 -0.00798295982918 0.0191803146089 0.04464037639 0.0393131961118 0.0319027366858 -0.00504662553375 -0.00330355603096 0.0123887385655 0.0330719044048 0.00552660126714 -0.014722898847 0.0121213752944 -0.000835307050523 0.00498378155216 0.0115555058718 0.00463050846084 0.0505071020468 0.0172934398552 -0.00167910670692 0.0163900354243 
0.0116159816688 0.0237888187552 0.0072657573534 0.0144853428737 0.00315930741833 0.00619540832023 0.0197773005977 0.00858358964631 0.0246932551893 0.00445942614486 0.0168805028551 0.010995055811 0.0103691693674 -0.00568924879931 0.0099715241178 0.00750009597761 0.000398410794169 0.0100873435467 0.0154570013106 0.0109672465233 0.0203997247181 0.014345582703 0.0108656779344 0.0291409334115 0.0209690304614 0.000614389194592 0.00110372679269 -0.00371756734701 0.00272838788452 0.1848328502 0.0186934960331 0.027590033443 0.012264766083 -0.00281764088147 0.0180858351482 0.00327889793562 0.022629577568 -0.00115893396628 0.0248702825427 0.0026355814099 0.0252358702344 0.00897587237034 0.0134311036715 0.000523511443347 0.0189291385116 0.00140171478598 -0.00191593371908 -0.00139491303444 0.0133584733476 0.00589616923581 
0.0236134075735 0.0296656548358 0.0515263195098 0.015507108581 0.0436970565324 0.0338058320881 0.0166344343077 0.00782587173612 0.0226704236064 0.0356443080609 0.0215187816434 0.0191468052594 0.0161550161134 0.0264579165632 0.0327544242955 0.0214816320178 0.027567578289 0.0294412323432 0.02825008402 0.0352451838199 0.0190330370339 0.0209259245902 0.0170415115431 0.0323360991141 0.0173460808141 0.0173230002779 0.0195132749593 -0.00561116878601 -0.00798295982918 0.0186934960331 0.269646440172 0.0140114095297 0.0197795056726 0.0259675487052 0.0431026964305 0.0291979153663 0.0200172127032 0.00521298069702 0.0205829928731 0.0131768283449 0.0412005827474 0.0111741171342 0.020996204856 -0.0141977914022 -0.000735240328227 0.00916967478447 0.0102829673003 0.00582905059465 0.00971581032998 0.0252281561456 
0.017963075423 -0.0162049438832 0.0022997202268 0.010979133176 0.0261417338233 0.014133456982 0.0105707276374 0.0151414958636 0.0266709843913 0.00641644266447 0.0175432734848 0.00475779137221 0.0172926866462 0.0356004333247 0.0149750956861 0.014491429526 0.00821545753002 0.00877505380012 0.0244605233626 0.0103302470769 -0.0035940667671 0.0142425417732 0.00628296296664 0.00117071962027 0.025215070721 0.0098350281846 0.00222034416541 0.00322905939202 0.0191803146089 0.027590033443 0.0140114095297 0.313304266424 0.00584149529998 0.00841337670381 0.033629156312 0.00838070374797 0.00423039595795 0.0187408095398 0.0112002276859 0.0125140088867 0.00264982536342 0.0107901036379 0.000993347973382 0.0696132721481 0.0206577814531 0.0170451908667 -0.00882861439219 -0.00875323320195 0.00800112696166 0.0141510683772 
0.0259051084995 0.0393551231469 0.0272654311225 0.00972727253754 0.0483539228329 0.0207442812355 0.00500488166349 0.014749946084 0.0329821137647 0.0167892609775 0.0361799540523 0.0386369922625 0.00267111331691 0.0166889057457 0.0268921305576 0.0338763707158 0.0128480046532 0.0231075916645 0.016790478167 0.0186788526314 0.0160687841946 0.0551542069211 0.0232060846418 0.0295465196395 0.027698130822 0.00354496936195 0.0041492869654 -0.00467243382186 0.04464037639 0.012264766083 0.0197795056726 0.00584149529998 0.194135621943 0.0138315999895 0.0375304070907 0.0242576362915 0.00577807129899 0.0307699672718 0.0453405107081 0.0137507186493 0.0246575514258 0.0268823133866 0.0140387079665 0.00415831228771 0.0238558380114 0.0186477012699 0.0116426893351 -0.000331937909626 0.0173792742553 0.0193670408618 
0.0524071245927 0.0258347945564 -0.00875592811928 0.00418718782345 0.026647723893 0.119905597209 0.00319664006229 0.00576093366631 0.00303332577498 -0.00190676447222 0.013125208483 0.00558437627289 0.0210030468776 0.0348132162154 0.0212846650448 0.0387212738363 0.0382085838713 0.0150757571591 0.0495737400366 0.0221981693564 0.000442577923995 0.00359826826103 0.0185204797285 0.0373183330968 -0.0203969641891 0.0113529150051 0.0143443441437 0.0223719588456 0.0393131961118 -0.00281764088147 0.0259675487052 0.00841337670381 0.0138315999895 0.525827282014 0.0803613643433 0.000348369838901 0.0175245432107 -0.00619105527912 0.0148865522876 0.00182235711074 0.0164038198471 0.0107410059206 0.0250905128176 0.00200205463858 0.0151262758383 0.0205297447261 0.0297379060461 0.120157408026 -0.0180230792198 0.124911785597 
0.0310548418799 0.0580623822736 0.0540486118643 0.00691650453714 0.0880089486031 0.0799323114585 0.0301489058528 0.0453696868346 0.0767912343712 0.102181714006 0.0925234913354 0.0227412586183 0.00972846378375 0.0746031890123 0.0451979612114 0.0454805977841 0.0228697656596 0.0169404589932 0.0420977681975 0.079555087732 0.0277552788455 -0.00133562704965 0.0108441249142 0.112154004548 0.0443579254741 0.0120023771073 0.0398147609023 0.0141732757091 0.0319027366858 0.0180858351482 0.0431026964305 0.033629156312 0.0375304070907 0.0803613643433 0.856976728376 0.0542350334503 0.0121078762813 0.0306232320553 0.0362482596211 0.0116248085243 0.0262635528761 0.049964314975 0.036052737972 0.00801472865463 0.00832734746442 0.117911635735 0.0324336436766 0.0491194611477 0.0276674988342 0.0413525596405 
0.0132404380747 0.0365183995032 0.0161163263866 0.0118046951921 -0.00926856369482 0.0165682799528 0.00843706514871 0.00322733840349 0.0218055256296 0.0648946557633 0.0274992889096 0.0150524802678 0.0213257301838 0.0129769940147 0.0209507572102 0.00704009231729 0.0160385307376 0.0218595479687 0.0116538360421 0.00890295683783 0.00785909720598 0.0170084851805 0.00608253616146 0.026392332724 0.0205158479695 0.00804905912745 0.0026230864402 -0.0064008195112 -0.00504662553375 0.00327889793562 0.0291979153663 0.00838070374797 0.0242576362915 0.000348369838901 0.0542350334503 0.192823817386 -0.000105213613013 0.00822951208066 0.0305296937703 0.00274300881917 0.0272114574083 0.0153446161054 0.0124613714771 -0.00655794725321 0.0253113283973 0.0223729555161 -0.0129142847116 -0.000409885108142 0.0142646029338 -0.00932084019561 
0.00289396015446 0.0113783811215 0.0057604504456 0.0152129792925 0.0106401070197 -0.0010052472867 0.0123767321669 0.0120971096067 0.0176931241724 0.00570657605339 0.00491954733253 0.00583826616929 0.0317238337661 0.00816368843402 0.0180435785814 0.0156505800167 0.0136446782446 0.0048363434226 0.0173576104534 0.0184729601882 0.0136569023579 0.00588679928651 0.0149693986286 -0.00402356261282 0.00170331708401 0.0106159834879 -0.00496394887791 -0.00285230995069 -0.00330355603096 0.022629577568 0.0200172127032 0.00423039595795 0.00577807129899 0.0175245432107 0.0121078762813 -0.000105213613013 0.21884149223 0.0179120441769 0.00898524372791 0.0139538144974 0.024566206802 0.0041790396829 0.0192908453389 0.00323102067541 0.00796127098306 0.0189097680432 0.0141546877752 0.00685115121922 0.00591230510339 0.0136880441205 
0.00391631377492 0.00782049254632 0.00928884877792 0.00783611514156 0.0141446740073 0.0137285761791 -0.000320762393473 0.020613424125 0.0144563786386 0.0100481464831 0.00710344310677 0.012073277332 0.00148118036741 0.0272019945804 0.0216809043844 -0.0164151763545 -0.00101763746983 0.020376930331 0.0106629655863 -0.00442002441627 0.00606499305052 0.0168822082201 0.014914633333 0.0339387504054 0.0205631078004 -0.0073335884198 0.0253438968493 0.0139783747199 0.0123887385655 -0.00115893396628 0.00521298069702 0.0187408095398 0.0307699672718 -0.00619105527912 0.0306232320553 0.00822951208066 0.0179120441769 0.29166827147 0.0119279037766 0.0170735704213 0.00704175484621 0.0060260115065 0.0199248205527 -0.0104526033078 0.00443083962563 0.00585885074664 0.0101264985134 -0.0119393212589 0.0212144942698 -0.000421716123051 
0.0117606145221 0.0211311640138 0.0329574673787 0.0217207317383 0.0125564114771 0.0142674932208 0.02071715967 0.00112938774931 0.0228834488956 0.00629548548014 0.0204132494496 0.0446722244077 0.00902650584721 0.024071966651 0.0428827062787 0.0144440760946 0.0175476074694 0.0184647871216 0.0182054682707 0.0138141576448 0.0209887271805 0.0349426956676 0.0227277781721 0.0256747123311 0.0243751106966 0.0113552002108 -0.0114747207309 0.00129722657489 0.0330719044048 0.0248702825427 0.0205829928731 0.0112002276859 0.0453405107081 0.0148865522876 0.0362482596211 0.0305296937703 0.00898524372791 0.0119279037766 0.208941690706 0.030929726165 0.00790410575689 0.0144252898603 0.016367675423 0.00371078608381 0.0207974473033 0.0142361248734 0.0133618300914 0.00375093707715 0.0107550475503 0.000314739901687 
0.0396464701815 0.00860091501614 -0.00464326361262 0.0145523407645 -0.0121374454139 0.0117488571147 0.00776592544833 0.00245800553997 0.00922169250834 0.000785491804836 0.00210756083386 0.0200352168732 0.00803994160333 0.00972193694603 0.0391780146722 0.0150844874683 0.0135065495136 0.014290807438 0.0108916528222 0.0181362855342 0.00100858018622 0.0175732617519 0.0427630136169 -0.00903841233474 0.019399047299 0.0134944821771 0.020487774472 0.0127071515416 0.00552660126714 0.0026355814099 0.0131768283449 0.0125140088867 0.0137507186493 0.00182235711074 0.0116248085243 0.00274300881917 0.0139538144974 0.0170735704213 0.030929726165 0.184370540256 0.00614893936496 0.0121402355293 0.00947046855875 0.0149499913994 0.0224405149338 0.00259699785723 0.0033034397651 0.0329379554796 0.0147445432867 0.0119565107063 
0.02673382256 0.03089780034 0.0452171436093 0.0203588564275 0.0110620613083 0.0317937174741 0.00363967732442 0.0230190647695 0.0447223353686 0.0426539278007 0.0298640316282 0.00888424114065 0.00990123857584 0.0235397400032 0.00117028536506 0.0203958156796 0.0182510767767 0.011492555545 0.0426454455927 0.0293345872038 0.0296987987864 0.0125991604325 -0.000220890185695 0.0477674863087 0.0142263913252 0.025212116414 0.00964860401527 -0.00783541798637 -0.014722898847 0.0252358702344 0.0412005827474 0.00264982536342 0.0246575514258 0.0164038198471 0.0262635528761 0.0272114574083 0.024566206802 0.00704175484621 0.00790410575689 0.00614893936496 0.274299085068 0.0202178275461 0.0309418434547 -0.00633122116205 0.0145301617473 0.00677090106092 0.0101111435563 0.0156234431193 0.0189978456826 0.0340843366923 
0.00439880357987 0.0256655511806 0.0182844231501 0.0266174204556 0.0873449899495 0.0221752594391 0.0214112747842 0.0193211184449 0.0259933995069 0.0219749427226 0.00110133445472 0.0182409050397 0.00959929931152 0.014020544674 0.00345870602614 0.0189413891161 -0.00392275564812 0.0215895841194 0.00710386219948 -0.00534172200282 0.0129499958724 0.0317637818413 0.0178619693175 0.0293352202416 0.0308762221715 0.00198081545105 0.00827846587402 0.00569043010208 0.0121213752944 0.00897587237034 0.0111741171342 0.0107901036379 0.0268823133866 0.0107410059206 0.049964314975 0.0153446161054 0.0041790396829 0.0060260115065 0.0144252898603 0.0121402355293 0.0202178275461 0.316084862927 0.0107891631477 0.00636621847 -0.00576867348633 -0.00615782929083 0.0156262967571 0.0167289346265 -0.000804767018347 0.00766411282024 
0.0166871076116 0.0465227708988 0.0279770077443 0.00896104573179 0.0723379312765 0.0209664478552 0.0108191786998 0.0251558450723 0.013924545736 0.0296008170291 0.016550472942 0.0166498905247 0.00114822036804 0.0274720768275 0.00988765296797 -0.0016884514515 0.0190998651888 0.00624453918091 0.0257305806487 0.0148266880073 0.022418468455 0.0149185103705 0.00425663795529 0.018547895329 0.0145864246237 0.0264570880418 0.0296008677045 -0.0109624983812 -0.000835307050523 0.0134311036715 0.020996204856 0.000993347973382 0.0140387079665 0.0250905128176 0.036052737972 0.0124613714771 0.0192908453389 0.0199248205527 0.016367675423 0.00947046855875 0.0309418434547 0.0107891631477 0.221896799042 -0.00669943142616 0.00921104016122 0.0177403847414 0.00875399712081 0.0213574975997 0.00778055118903 0.0179971760845 
0.0094735479843 -0.0101839745921 -0.0113088340566 0.0101751282601 0.0182093788961 -0.0109813641142 -0.0114515858437 -0.00395064256586 -0.0101919872505 -0.0050410351045 -0.00365142602387 0.00105736127895 0.00736759695751 -0.00186676244109 0.0024251777076 0.160858912458 0.00483072718192 -0.00340685505731 -0.00539685296195 0.0117472842316 -0.012636584578 -0.00174627909893 0.0143573302908 0.00278756833607 0.0085606721997 0.00893940092953 0.029469966673 0.0229935900691 0.00498378155216 0.000523511443346 -0.0141977914022 0.0696132721481 0.00415831228771 0.00200205463858 0.00801472865463 -0.00655794725321 0.00323102067541 -0.0104526033078 0.00371078608381 0.0149499913994 -0.00633122116205 0.00636621847 -0.00669943142616 0.411201329765 0.00203808708974 0.0105285187718 0.00117743207279 0.00292929725549 0.00836921549444 -0.0214034168848 
0.01693574509 0.0222708539571 0.0249353509553 0.0178064087251 0.0237831685843 0.0218597175246 0.0165782875439 0.0120610599367 0.0368963392465 0.0186206882762 0.0292731260937 0.018994873283 0.0124078766555 0.00329532274951 0.0211647530362 0.0195130111062 0.0183319372584 0.0266570201894 0.00328390531827 0.000692825208621 0.0170985950536 0.0264215930769 0.012459292292 0.00263869050883 0.0120859951532 0.0125368878574 -0.00499519241774 0.00080487695194 0.0115555058718 0.0189291385116 -0.000735240328227 0.0206577814531 0.0238558380114 0.0151262758383 0.00832734746442 0.0253113283973 0.00796127098306 0.00443083962563 0.0207974473033 0.0224405149338 0.0145301617473 -0.00576867348633 0.00921104016122 0.00203808708974 0.253701607934 0.01688665938 0.000908875145217 0.00899532823044 0.0139300862713 0.00978708998819 
-0.00266647388285 0.0360662970919 0.0190012370424 0.0185756649399 0.0282163448166 0.0167101240562 0.0143787469497 -0.0102578282035 0.0333408347785 0.0110775027687 0.0274715810096 0.000961523062395 0.00417525520438 0.0099609096665 0.0244452934012 0.020594571086 0.0103150301361 0.0309297277014 0.0341653808421 0.0318469028367 0.0160493204257 -0.000209957945475 0.00384106157281 0.00146616728829 0.00390596400329 0.00711411953365 0.00312840393993 0.00814335157022 0.00463050846084 0.00140171478598 0.00916967478447 0.0170451908667 0.0186477012699 0.0205297447261 0.117911635735 0.0223729555161 0.0189097680432 0.00585885074664 0.0142361248734 0.00259699785723 0.00677090106092 -0.00615782929083 0.0177403847414 0.0105285187718 0.01688665938 0.392077284669 0.0142815900025 0.017515421713 0.000584088299112 -0.00699867764132 
0.00561447195455 0.0074126183206 0.0173509030249 0.00547308242187 -0.00645984687691 -0.00785625036512 0.0279458825264 0.00825486106734 0.00638498228186 0.00161684696274 0.0208910223472 0.0130671739151 0.0103024786702 0.0136900822521 0.0198171628341 0.00379186043883 0.0074668322937 0.0114646621769 -0.00537731552872 0.00851665415946 0.00655663193762 0.00715860191529 0.014685557003 0.00952342201395 0.0071254598803 -0.00284485547891 0.00722030639792 0.00121283114181 0.0505071020468 -0.00191593371908 0.0102829673003 -0.00882861439219 0.0116426893351 0.0297379060461 0.0324336436766 -0.0129142847116 0.0141546877752 0.0101264985134 0.0133618300914 0.0033034397651 0.0101111435563 0.0156262967571 0.00875399712081 0.00117743207279 0.000908875145218 0.0142815900025 0.395289680228 0.0138295141185 0.0190311010031 -0.0101365434204 
