60
0.110625092132 0.0266110290159 0.0612619406497 0.050100863095 0.0449680709256 0.0231907610599 0.147407151382 0.0420146984796 0.0357111585815 0.0451551332239 0.0197813299257 0.0223320424584 0.0270240384822 0.0270000307956 0.0122123060087 0.0210495138202 0.153319254475 0.0594687244428 0.079223051944 0.0184249616408 0.0295384146509 0.0874158444094 0.0168064994581 0.0512444991133 0.114001255301 0.0297209295042 0.0271794955288 0.0318751717172 0.0251604878384 0.0125032911957 0.188050706821 0.0538205376978 0.127416862275 0.041097516798 0.040534814632 0.0256056876134 0.0135350028622 0.060830846045 0.0377989606714 0.208286894217 0.07971303899 0.0442487549982 0.0613427887106 0.0130713531851 0.0435638119902 0.090319564185 0.0231877092109 0.0800378705657 0.0247746242904 0.042606905642 0.0631330997176 0.0936509155003 0.0153161335694 0.0155341374053 0.0785675118811 0.0211692002509 0.118355026327 0.22311845274 0.018453974145 0.0995242847704 
0.558949202362 -0.00731782210931 0.00626294338193 0.0257816852682 0.00101279384951 0.0102804597564 0.0212145159788 0.00756032204302 0.00408619204468 -0.00537447077395 0.0163309206925 0.000653244574326 0.0334275017209 0.037305566246 0.00997283041136 0.0228866161986 0.0468463270749 0.125987513291 0.02514675405 0.0239023635476 0.028667581073 0.0119459087045 0.015459593838 0.0136534059605 -0.004244520792 0.0195961045833 0.000845094461009 0.0108158418907 0.0164372265458 0.0156484240838 0.0426630080085 0.0083854921609 0.02487098147 0.0390597267862 -0.00279743730135 0.00261293857922 0.0107615634048 0.0442715972903 0.0480360008865 -0.018767593421 0.0212079741562 0.0292127919799 0.000602468548331 -0.00086427094621 0.00431571480288 0.045854923829 0.0148660484936 -0.00150001973689 0.0204929973324 0.0156208766763 0.0364558170236 0.0244845131125 0.0030392902618 0.024562999351 0.0155192957965 0.0173892287325 -0.00774921416658 0.0770143888989 0.00794822024374 0.00447539301352 
-0.00731782210931 0.277518705682 0.0134125440068 0.0261304879657 0.00813745820515 -0.0155802053108 0.0152142575667 0.0190483527099 0.0220885557924 0.000250522118203 0.0172250086736 0.00615810789117 0.00066451964169 -0.000985513806746 0.00443473925391 0.00975646934103 -0.0116994096135 0.0162266432875 0.011880368512 0.0205571259905 0.0160693938546 0.00989910401459 0.00545641766592 0.00567198850072 -0.0088650988116 0.00386936735922 0.0177658921103 0.0146530848942 0.0231740189219 0.00372382195671 0.0608227242996 0.0166320846088 0.0256710999014 0.0407719321191 0.0253392800329 0.00260163655831 0.0156315815895 0.00815652612615 0.0138592773837 0.0166845372382 0.0258578813699 -0.00309387314923 0.0107335456115 0.0150331333424 0.0258419817841 0.00688711148047 0.000320946260022 -0.003308017435 0.00953199967416 0.0056556214949 0.000318098383701 0.0181753109925 0.0145693738477 0.00380275628156 0.00161900352573 0.0218691987719 0.016536477425 0.0117851015879 0.0173476328705 0.0300459708407 
0.00626294338193 0.0134125440068 0.345242109928 0.0131040772262 0.00505402747785 0.0133039515409 0.0302310135201 0.0171067993728 0.0219785031033 0.0143650419077 0.00620182123203 0.00243811193565 0.022075307883 0.00108534861668 0.0111137287902 0.0221748448834 0.014862239904 0.0032711471416 0.0144013502716 0.0131329268916 0.00432852547298 0.075484069502 -0.00818462637353 0.0121382993572 0.0117870021729 0.00130256204173 0.00356850095892 0.0272087517348 0.00341563027654 0.0120518980571 0.0367551777056 0.0193072830625 0.0158825408719 0.00336940985359 -0.00135101793287 -0.000381279015912 0.0129062397259 0.0105583536826 0.0351874186576 0.00845665101239 0.00602120154331 0.0269808246183 0.0193167032133 0.00908770444175 0.00454521206857 0.021042728324 0.0127561451393 0.0296626512644 0.0284908788017 0.00274826370768 0.0217906140692 0.0352610906028 0.0105432628671 0.000387365131965 0.0103168135634 0.0142759123326 -0.00145436201838 0.0929332389753 4.00104596995e-05 0.00813987860686 
0.0257816852682 0.0261304879657 0.0131040772262 0.298024206309 0.00509935669657 0.00332396975519 0.0386415032154 -0.000258614082642 0.00925426244065 0.0287495635734 0.0153020623937 -0.00150127157255 0.00943120902882 0.0341394796844 -0.0100426415193 0.00771497164554 0.00968415332027 0.0331858975242 0.0251540753989 0.0324091181438 0.024273906008 -0.0042720080595 0.00804966287811 0.024552239342 0.00254273657599 0.010499571599 0.0133586533433 -0.00205740474836 0.0114458030334 0.0121534096752 0.0133537666397 0.00886485607962 0.0263178949545 -0.00104426236159 0.000716747705007 0.0164476923236 0.0211425547023 0.0197745726708 0.00434946646177 -0.00313556468989 0.0327860414851 0.0166688088724 0.029241692137 0.0145030471175 0.0207355910888 0.043640478541 0.00152586211146 0.0501825164206 0.0433733893338 0.0189977181332 0.00851517906978 0.0224388504971 0.00150802356943 0.000489313970074 0.0109782200017 0.00390210851204 0.01111304747 0.0213084310558 0.00214518052117 0.0237844307643 
0.00101279384951 0.00813745820515 0.00505402747785 0.00509935669657 0.188648609641 0.0271065374159 0.00323247003789 0.0138522898382 0.0183607887462 0.0020459193015 0.0172668293696 -0.00610380834226 0.0180450668343 0.0174086856912 0.0022861721576 0.0160128524551 0.00794395506794 0.0029171264836 0.00981196117148 0.0235032285938 0.0148466578547 0.00774954064848 0.00868924663725 0.0241091607385 0.0162722204542 0.00458248663512 0.0109429925134 0.0147154028718 0.00605070640584 0.0143965336593 0.00890246592489 0.0160715912056 0.0219357478817 0.0212812318437 0.0133206174458 0.0112952621903 0.0129190331194 0.0316405072062 0.00251933331711 0.00504027483452 0.0347601564442 0.010201506452 0.0176874816443 0.0173171359408 0.0146030145072 0.0168772127994 0.00048138428186 0.011393862971 0.00880864959075 0.029288301273 0.0178432798582 0.0133462493959 0.0109547507074 0.00684685696879 0.0152990235272 0.00785484980641 -0.00481638495273 0.0167402409067 0.0168460349355 0.0160737663529 
0.0102804597564 -0.0155802053108 0.0133039515409 0.00332396975519 0.0271065374159 0.221070992207 -0.00547873662674 0.0208425475104 0.030113696506 0.0360681516874 0.01640675022 0.0025632367861 0.00694187332348 0.0117285451836 0.0117774141224 0.018272634649 0.0120577169502 0.0219617557688 0.0144695622517 0.0150775540037 0.0201973419094 -0.00205162785903 0.0089110369046 -0.000497971440061 0.00204096102705 0.010180883395 0.0148461883401 0.010205310154 0.0107482996609 0.00774410080072 0.0228696300815 0.0411758205285 0.00160364177074 0.0184028039875 0.00522999411035 0.0154777747185 0.0184891219871 0.00881357705154 0.00857608827774 0.00771832341158 0.000896210754466 0.00282748768691 0.00188736266091 0.0105896853368 0.0112636050226 0.00112798422793 0.0168479051788 0.0167029209472 0.00846676483845 0.0545337422497 0.0100516383685 0.0196986219239 0.00529191097429 -0.00300159092785 0.00992819844452 0.0113343815278 0.0162047234778 0.0133010501977 0.00230309613095 -0.00599841586462 
0.0212145159788 0.0152142575667 0.0302310135201 0.0386415032154 0.00323247003789 -0.00547873662674 0.538997900228 0.0419959950244 -0.0168900327907 0.0314726191088 0.010547355963 0.0133523384284 -0.011943180327 0.0244001840535 0.0156362511925 0.0116721779243 0.0206641759382 0.0312059016159 0.0170998650668 0.0123498027191 0.0119198107564 0.00108854058013 0.00668833964575 0.0263737120716 0.024505949923 0.00981331001643 0.00737699930697 0.0171159845794 0.0077930970093 -0.0182397657876 0.00679224047336 0.0115126836946 0.147058722879 0.0352135783709 0.0123881252613 -0.00379050965963 0.0149396283864 0.00637727348282 0.0221978456133 0.024651999483 0.0329801239543 -0.00178427631959 0.0170226106475 0.0149111896802 0.00464870343562 0.00385683030362 0.0273217934467 0.005171337814 0.0162851266802 0.0141674972873 -0.00590952807271 0.032191581496 0.0174598138836 0.00663567322627 -0.00333145945301 0.0266518020729 0.00238291005609 0.0436138706934 0.0224238663535 0.121485327559 
0.00756032204302 0.0190483527099 0.0171067993728 -0.000258614082642 0.0138522898382 0.0208425475104 0.0419959950244 0.203366323826 0.0111807849147 0.0164506706615 0.0149235869727 -0.0109998508908 0.00559829744875 0.0151681268772 0.0274971013112 0.0208695049108 0.0155533931734 0.0158897981411 0.0165180166936 0.0205100319902 0.0169923241644 0.00605266878847 0.0110568893833 0.0188995250264 0.0117249717058 0.0111015824678 0.00649295354385 0.025721149358 0.0107081866269 0.0046482740488 0.0138221995711 0.0196588479501 0.0577576449611 0.0241708419503 0.000479764646655 0.00727602329914 0.0111852979407 0.030378889994 0.0166695890098 0.0121465861951 0.0097435059568 0.00100331534047 0.029275442861 0.0151672234793 0.0385821265671 0.0120398243375 -0.00175906584527 0.00705868477303 0.0121446179652 0.0180160567094 0.0229842657746 0.0248624283811 0.0280295980609 0.00610785510816 -0.00238730466772 0.000523723112848 0.0091297530197 0.030273308425 -0.0037430922367 0.0253622428739 
0.00408619204468 0.0220885557924 0.0219785031033 0.00925426244065 0.0183607887462 0.030113696506 -0.0168900327907 0.0111807849147 0.280622915711 0.0095378358717 0.011639671268 0.0128442687899 -8.62503745756e-05 0.00898266303972 0.0142656066897 0.0252873367186 0.033366085988 -0.000532893489418 0.0249064634485 0.0181260705257 0.0272743895044 0.019206420035 0.0114855380328 0.0217690905867 0.00264264769896 0.0228568278853 0.0224136856036 0.00955836321132 0.0104112604691 0.0431431015742 0.00777388331015 0.0286002048395 0.0229411427817 0.020459518674 -0.00229425443501 0.00699865603174 0.0156464656337 0.0120982055399 0.0203364902345 0.022121011594 0.046561426708 0.0087067671022 0.00192136954101 0.00397275078959 0.00676277096824 0.041121535977 0.000421063703596 0.0134555548968 0.00697533993342 0.0311437795445 0.0419075905413 0.0606246925461 0.0034280076152 0.0273171181466 0.0211336238762 -0.00212377871019 0.0320308795269 0.0306670461409 0.0107550437814 0.00264761308787 
-0.00537447077395 0.000250522118203 0.0143650419077 0.0287495635734 0.0020459193015 0.0360681516874 0.0314726191088 0.0164506706615 0.0095378358717 0.300133231987 0.000225435423588 0.00529106100374 -0.0101591604396 0.0124560794359 0.0120268413195 -0.00213065394781 0.0248776690229 0.00213220947403 0.0134042172778 -0.0023800218231 0.00757605248563 -0.000643249385946 0.0150967253209 0.00324929893878 0.00899103027158 0.0200330128375 0.0197475050025 0.0032713452095 -0.00382880741867 0.0120813807596 0.00243954749925 0.00997948195579 0.0209136083373 0.00487156558779 0.00737070951328 0.0149492481535 0.0148812016311 0.00787795424199 0.0112364129997 0.0181812386413 0.00327318263743 -0.00633149712245 -0.000121432521908 0.0012842477622 -0.000317234205785 0.0039652308052 0.0172832440598 0.00190000530655 0.00115513505226 0.0531828566602 -0.000768075207966 0.013991950267 0.0113813790763 0.00118084397672 0.0160445201046 0.0106837460568 0.00872080779413 -0.0014789745313 0.0107376362403 0.0118048787218 
0.0163309206925 0.0172250086736 0.00620182123203 0.0153020623937 0.0172668293696 0.01640675022 0.010547355963 0.0149235869727 0.011639671268 0.000225435423588 0.136102066665 -0.00226075428587 0.0252962003588 0.013062234758 0.00182634861323 0.00804059159862 0.0125097765848 0.00187361638221 0.00908098231414 0.0425160032103 0.0303254866053 0.000833839908029 0.0154134009088 -0.0062931235624 0.0063812933591 0.0107837434648 0.0143330917199 0.0094549472078 0.0325316186051 0.0130198603144 0.00573446333781 0.030556847718 -0.00166535813282 0.0255677284816 0.00536237483606 0.00413421792443 0.0175974369094 0.0167566502233 0.00395459888349 0.0221514788846 0.016471546019 0.00610528471485 0.00170706442958 0.014290880728 0.0117466020604 0.0107170226718 -0.002335045993 -0.00217224841891 0.0159661065752 0.0210102814971 0.00062140739705 0.012712278254 0.0186529745253 0.0112333436742 0.00113676032901 0.0103969191426 0.00386532306695 0.0113936209147 0.00324919889319 -0.0091370528036 
0.000653244574326 0.00615810789117 0.00243811193565 -0.00150127157255 -0.00610380834226 0.0025632367861 0.0133523384284 -0.0109998508908 0.0128442687899 0.00529106100374 -0.00226075428587 0.20704721016 0.00474565664654 0.0109719467773 0.0171398200837 0.00855150958828 0.000916922206633 0.0104223930195 0.010076724962 0.0124997613324 0.0114373619503 0.0113433766485 -0.000779004907523 0.00688177191948 -0.00218737597287 -0.00473331942951 0.00853049669744 0.0130744078358 0.0030320721475 -0.00546574727849 0.0135405778555 0.000829442577423 -0.00220952037173 0.00462463049052 -0.000189382802799 0.00561799732588 0.00954323349986 0.000902463625885 0.000102295441091 0.00155609849584 0.00690510280045 0.00338491799893 0.00337111128532 0.012068559623 0.000986414510024 0.0099219895065 0.00963053030624 0.00871553926802 0.0138844651555 0.00947563831572 0.00309309467135 -0.00325693950189 0.0114477645107 -0.000124619632619 0.0168111435256 0.00616015205189 -0.00696075813768 -0.00424032032796 0.00057767193322 0.0133218466428 
0.0334275017209 0.00066451964169 0.022075307883 0.00943120902882 0.0180450668343 0.00694187332348 -0.011943180327 0.00559829744875 -8.62503745757e-05 -0.0101591604396 0.0252962003588 0.00474565664654 0.223231156088 0.0020409205895 0.003011663722 0.00275710980915 0.0298937656204 0.00215991320097 0.0054306062422 0.0297026033438 0.0229031487424 -0.00593406158746 0.00897500537294 -0.00326295451864 -0.011947196463 0.00369099853328 0.00879617353532 0.014551450898 0.0256019717872 0.0124516737924 0.0138632158286 0.0351907815221 -0.00276235667941 0.0159558258838 0.00403555718884 0.0116331631002 0.00974825132424 0.0168790443095 0.0172115524439 0.0123106506394 0.00853652264322 0.0160649136843 0.00472814643403 0.00178540057189 0.0116897943548 0.0171406727581 -0.00477910902862 0.0111339944957 0.0100576889987 0.00828087421064 0.0180744510968 0.0106618660678 0.00716473674293 0.0145577884702 0.00247154801624 -0.00213344669075 0.0152114622806 0.0102440101424 0.0134449183145 -0.000100164699955 
0.037305566246 -0.000985513806746 0.00108534861668 0.0341394796844 0.0174086856912 0.0117285451836 0.0244001840535 0.0151681268772 0.00898266303972 0.0124560794359 0.013062234758 0.0109719467773 0.0020409205895 0.212496442528 0.00336721554203 -0.000642658417558 0.0136956308084 0.0116885028432 0.0239980337525 0.00920383792494 0.0192493398875 0.00952705441273 0.0182353594672 0.0225263892421 0.00115670134179 0.00356906891319 0.0229932981363 0.005476943191 0.0155857784916 0.004745230347 0.0289743058128 0.019984624894 0.0239962424911 0.0187712653585 0.00676493406693 0.0179013590473 0.0188743123508 0.0394098110349 0.0232688070934 0.0127557471088 0.0259434572869 0.00802863332353 0.00572487426823 -0.00264251906732 0.00381052433361 0.0207241538721 -0.000170269969776 0.0324999433828 0.0189972130143 0.0261860158843 0.0341006539726 0.0306515772036 0.0013220384966 -0.00177300459872 0.00667234358905 0.0252772041384 0.0148336879175 0.0212620504633 0.0127170627087 0.0153298518773 
0.00997283041136 0.00443473925391 0.0111137287902 -0.0100426415193 0.0022861721576 0.0117774141224 0.0156362511925 0.0274971013112 0.0142656066897 0.0120268413195 0.00182634861323 0.0171398200837 0.003011663722 0.00336721554203 0.2796512251 0.00854938438939 0.0182188222441 0.0129049954643 0.0182899093525 0.00376692641801 -0.00360281691623 -0.000915184593312 0.00437619083907 0.0124919677957 -0.0109117078446 0.0177365789318 0.0130536877364 0.0147661728121 -0.00209590467145 0.0102458334747 0.025747086519 0.0229971317409 0.00331246208829 0.00984252787686 -0.0312517048542 0.00384882721158 0.00984314238127 0.0145570199172 0.033161150474 -0.005187156223 0.0239454218673 -0.00675002755335 0.0126157048481 0.00839286966543 0.00791808128576 0.0090467821036 0.019161089479 0.00525506573482 0.0159192447586 -0.0047614224586 0.0233460914238 0.0112566428892 0.0110305462893 0.00737896951941 0.0223407409003 0.0037198289971 0.0185602379836 0.0225262381756 0.000154625978429 0.0187693247894 
0.0228866161986 0.00975646934103 0.0221748448834 0.00771497164554 0.0160128524551 0.018272634649 0.0116721779243 0.0208695049108 0.0252873367186 -0.00213065394781 0.00804059159862 0.00855150958828 0.00275710980915 -0.000642658417558 0.00854938438939 0.314033305952 0.0178896366018 0.00443518420221 0.0826235588848 0.00914903475418 0.0107421092441 0.008562822671 -0.00591896354399 0.00142881896339 0.00441324087321 0.0138796768487 0.0154827896233 0.0149198446399 0.0257219690361 -0.000789408318818 0.00513196543103 0.00962351521108 0.00167850070281 0.00875089887573 0.00141118904651 0.00724763067132 0.00965002521113 0.0170186367462 0.00970452975127 -0.00409797913318 0.0284894251139 0.0131784312845 -0.00499432512146 0.00663933356643 -0.0145029965768 0.0105265726514 0.018848240796 -0.00986147409889 0.00781097413128 -0.00085342606935 0.0107096572506 0.0121160385512 0.0139093159093 0.00147304750355 8.01322328099e-05 0.0181408022164 0.00507852794727 -0.00397038067284 0.0162125314344 0.00836890755682 
0.0468463270749 -0.0116994096135 0.014862239904 0.00968415332027 0.00794395506794 0.0120577169502 0.0206641759382 0.0155533931734 0.033366085988 0.0248776690229 0.0125097765848 0.000916922206633 0.0298937656204 0.0136956308084 0.0182188222441 0.0178896366018 0.615503573659 0.00420555378355 0.0368682296669 0.0232556505346 0.034676021723 0.0105066293843 0.013029043406 0.0339618498904 -0.0036197594725 0.00766951771683 0.0208298285787 0.014463338807 0.0383860546636 0.0305389955719 0.0297043392699 0.0488693611771 0.0155470397369 0.0193287253914 -0.00165953312681 0.0262604995067 0.0218872711921 0.0587991670836 0.0336869080958 0.0142968170282 0.0129205839868 0.0248026130724 0.0125976732372 0.0161468843167 0.00203865748651 0.0275773989046 0.0174566627559 0.0347521014348 0.0235280338182 0.0302976051958 0.0467259337503 0.0729185657996 0.0136435329601 0.0222997022474 0.0164059006177 0.00723088074047 0.0425424799345 0.0790766241328 0.0189709759675 0.0128837285603 
0.125987513291 0.0162266432875 0.0032711471416 0.0331858975242 0.0029171264836 0.0219617557688 0.0312059016159 0.0158897981411 -0.000532893489418 0.00213220947403 0.00187361638221 0.0104223930195 0.00215991320097 0.0116885028432 0.0129049954643 0.00443518420221 0.00420555378355 0.383847418479 0.0135404065812 0.0085145737079 0.0192365867534 0.00736969897816 -0.00777823206979 0.0172932305912 0.00348700474102 0.00175453712624 -0.002988634789 0.00339560042206 0.00445851762277 0.0274326719745 0.0178286236297 0.0133466932448 0.0157705591844 -0.000346130447216 -0.00227340256243 -0.001016407665 0.0103254051465 -0.00230204710045 0.0315523542463 0.0409642766813 0.000617247753053 0.0231157357389 0.00780423388157 0.00653477176867 -0.000659915796607 -0.00185064873809 0.00430463614127 0.0232355589992 0.00681447551047 0.0104184713042 0.0277996827284 0.0437941295359 0.00353278501968 0.0118317122662 0.00507153746737 0.027291624879 0.027683106219 0.0430971379627 0.021947473222 0.0171970226539 
0.02514675405 0.011880368512 0.0144013502716 0.0251540753989 0.00981196117147 0.0144695622517 0.0170998650668 0.0165180166936 0.0249064634485 0.0134042172778 0.00908098231414 0.010076724962 0.0054306062422 0.0239980337525 0.0182899093525 0.0826235588848 0.0368682296669 0.0135404065812 0.379124439098 0.00795855974093 0.0134743511397 0.0328577412359 0.0130372151978 0.0193140450892 0.00114294957322 -0.00466349174979 0.0113625168829 0.00502853919174 0.011156789162 0.00283555579169 0.025741856883 0.000644148616079 0.0158821898782 0.00757349121811 -0.0311505470678 0.0136472363468 0.0300444168772 0.0311906977837 0.0296059945675 0.0121887171239 0.00686203744362 0.00902163172926 -0.00554372513381 0.0122089742184 -0.00408294522111 0.0156755084133 0.0080359987289 0.0295842824998 0.0298482686669 0.0191503355076 0.0286080620314 0.0262724025283 0.0083770469073 0.00897945539615 0.0253817397362 0.02826242457 0.020595191738 0.00492621505969 0.0122830323465 0.0357895428435 
0.0239023635476 0.0205571259905 0.0131329268916 0.0324091181438 0.0235032285938 0.0150775540037 0.0123498027191 0.0205100319902 0.0181260705257 -0.0023800218231 0.0425160032103 0.0124997613324 0.0297026033438 0.00920383792494 0.00376692641801 0.00914903475418 0.0232556505346 0.0085145737079 0.00795855974093 0.154652082352 0.0322512668129 0.00136774921546 0.0168353084574 0.0187102578335 0.00716648509902 0.00521278503562 0.0195017913115 0.0206741864275 0.0382840985819 0.00899692614553 0.0124275486551 0.0399973674381 0.0227533863632 0.028549311636 0.00820282525411 0.00373883484061 0.0261318955821 0.0291907426903 0.0190729644462 0.0225696419517 0.0180248481956 0.0207980500295 0.00903225293145 0.0280596117312 0.00640122117614 0.0303449448315 -0.00510805415247 0.0132876657563 0.0300992273119 0.0191270415313 0.0104086015928 0.0184356017127 0.0234513066057 0.00695333157843 0.00802533743315 0.0136440407278 0.014042238508 0.0168603401522 0.00900325752774 0.0114364052231 
0.028667581073 0.0160693938546 0.00432852547298 0.024273906008 0.0148466578547 0.0201973419094 0.0119198107564 0.0169923241644 0.0272743895044 0.00757605248563 0.0303254866053 0.0114373619503 0.0229031487424 0.0192493398875 -0.00360281691623 0.0107421092441 0.034676021723 0.0192365867534 0.0134743511397 0.0322512668129 0.200123655144 0.00558126116526 0.0250136977214 0.0148139953712 0.0122669066878 0.0202523583376 0.00779740909015 0.014819742952 0.0337228377897 0.015474910013 0.00436231894581 0.0659737749209 0.00808823349208 0.00944533387367 0.00171271299928 0.0137072271348 0.0131151762321 0.0183174069234 0.0109279910676 0.0271636765652 0.0058712859363 -0.00454562647426 0.00315040023849 0.0152189611389 0.0114950738255 0.0152737276847 0.00888081859378 0.0126962733983 0.00765424297732 0.0129734967725 0.0135961249121 0.0295693001042 0.00875062893578 0.00950745764053 0.00879106163894 0.014193208893 0.0360507351205 0.0048559050574 0.00589902957361 0.0117969239425 
0.0119459087045 0.00989910401459 0.075484069502 -0.0042720080595 0.00774954064848 -0.00205162785903 0.00108854058013 0.00605266878847 0.019206420035 -0.000643249385946 0.000833839908029 0.0113433766485 -0.00593406158746 0.00952705441273 -0.000915184593312 0.008562822671 0.0105066293843 0.00736969897816 0.0328577412359 0.00136774921546 0.00558126116526 0.545314153549 0.0242902210293 0.0117209038968 0.00559454393855 -0.0108787660819 0.011446645732 0.0048077903253 0.00444033891683 0.00324475370018 0.0161827868184 0.0137244371273 0.0175322311659 -0.00962141377724 -0.000903290713607 0.00935602466002 0.000813876211517 0.0176419810089 0.0215437741971 -0.000611309531082 -0.00179072842532 0.0340217009508 0.0134152008921 0.0102504941981 0.0076024480719 0.026122120676 0.011890136312 0.0343679558106 0.00993472134064 0.0170809459966 0.0173046775582 0.017874458032 0.00762359549896 0.00903662952932 0.00743951270535 0.0323188751267 0.00687167280577 0.112502050571 -0.0035736955343 -0.00640923279127 
0.015459593838 0.00545641766592 -0.00818462637353 0.00804966287811 0.00868924663725 0.0089110369046 0.00668833964575 0.0110568893833 0.0114855380328 0.0150967253209 0.0154134009088 -0.000779004907523 0.00897500537294 0.0182353594672 0.00437619083907 -0.00591896354399 0.013029043406 -0.00777823206979 0.0130372151978 0.0168353084574 0.0250136977214 0.0242902210293 0.207481806431 0.0121496503302 -0.00180847865732 0.00398478071572 0.0152274343588 0.012638233309 0.00968072724818 0.00727744236968 0.00899498267702 0.0201356980108 0.00950435550616 0.0158111794718 0.00999412131062 0.0198578650407 0.0164966472018 0.00513831021468 0.0199139144736 0.0325110687003 0.00255143582044 -0.00245314712684 0.00795291937198 0.0147380289588 0.0109953304295 0.0181569894693 0.0101426966515 -0.0047775080612 0.00302897406428 0.0277963357066 0.0108136131541 0.0169322207191 0.00572281975256 0.00979428738705 0.0134930014513 0.0145992909615 0.00988376627791 -0.0116353259625 -0.00597130890107 0.00632601949083 
0.0136534059605 0.00567198850072 0.0121382993572 0.024552239342 0.0241091607385 -0.000497971440061 0.0263737120716 0.0188995250264 0.0217690905867 0.00324929893878 -0.0062931235624 0.00688177191948 -0.00326295451864 0.0225263892421 0.0124919677957 0.00142881896339 0.0339618498904 0.0172932305912 0.0193140450892 0.0187102578335 0.0148139953712 0.0117209038968 0.0121496503302 0.263217485236 0.0223639521631 0.00565714285898 0.00517464444982 0.00750689906758 0.0156152542061 0.00828239309728 0.0529892260634 0.00825220454452 0.038090275516 0.00664034303762 0.0122971871758 0.011775288958 0.00930459188898 0.0301178924596 0.0252785754462 0.0207379345458 0.0239921531379 0.0117438972249 0.00591685367592 -0.000516337669519 0.00873593907854 0.0158680085496 0.00832021430934 0.0400967195208 0.0122089341077 0.0138515524845 0.0273394492002 0.0375898804526 0.00480923837425 -0.00777612671264 0.0222245056117 0.00233130679221 0.0164686064411 0.0540025832552 0.00308592741435 0.0325823156685 
-0.004244520792 -0.0088650988116 0.0117870021729 0.00254273657599 0.0162722204542 0.00204096102705 0.024505949923 0.0117249717058 0.00264264769896 0.00899103027158 0.0063812933591 -0.00218737597287 -0.011947196463 0.00115670134179 -0.0109117078446 0.00441324087321 -0.0036197594725 0.00348700474102 0.00114294957322 0.00716648509902 0.0122669066878 0.00559454393855 -0.00180847865732 0.0223639521631 1.13769184261 -0.00407697389027 0.0222183225982 0.00442922708977 -0.00182598177062 0.00218487235867 0.0197848416853 0.00536963966536 0.00130667536576 -0.00117691952723 -0.00191811215371 -0.0100923696331 -0.00247287298577 -8.42028404085e-05 0.00838537321128 -0.00246289323557 -0.00488963893134 -0.00561689537789 0.0224141441666 0.00561021645121 0.0104157010835 0.00360395321457 -0.00125676243468 -0.00502402029276 0.00780859568589 -0.0238914655386 0.0125314575217 -0.00645310323018 0.00533911598306 0.00139265586764 -0.0109597801301 -0.00172052276379 0.000982823646189 -0.0113886540292 -0.0115671245226 0.027838858939 
0.0195961045833 0.00386936735922 0.00130256204173 0.010499571599 0.00458248663512 0.010180883395 0.00981331001643 0.0111015824678 0.0228568278853 0.0200330128375 0.0107837434648 -0.00473331942951 0.00369099853328 0.00356906891319 0.0177365789318 0.0138796768487 0.00766951771683 0.00175453712624 -0.00466349174979 0.00521278503562 0.0202523583376 -0.0108787660819 0.00398478071572 0.00565714285898 -0.00407697389027 0.217202772041 0.00206078402322 0.0013355112637 0.00625766376519 0.00280542761682 0.00169603786783 0.0103295219195 -0.00825324293938 0.0035883977529 -0.0012790482482 0.0163351436693 -0.000114384783917 0.0107627741462 0.014182691021 0.00245574809526 0.0010444544795 0.00905800366657 0.0195861064107 0.00736555534873 0.006769977874 0.0107425361621 0.00727168418746 -0.0121938310219 0.0127041984165 0.000130044086698 0.0148256517818 0.0230121104134 0.00091483199085 0.00117006996258 -0.016564897701 0.0079189255986 0.00611096602133 -0.00322173484372 -0.0080691243184 -0.0081946121186 
0.000845094461009 0.0177658921103 0.00356850095892 0.0133586533433 0.0109429925134 0.0148461883401 0.00737699930697 0.00649295354385 0.0224136856036 0.0197475050025 0.0143330917199 0.00853049669744 0.00879617353532 0.0229932981363 0.0130536877364 0.0154827896233 0.0208298285787 -0.002988634789 0.0113625168829 0.0195017913115 0.00779740909015 0.011446645732 0.0152274343588 0.00517464444982 0.0222183225982 0.00206078402322 0.227798376226 0.0156413698454 0.0219472621056 0.017559224449 0.00482342421957 0.00207931018818 0.00593200838316 0.0159595951021 0.00156657661483 0.0275591242688 0.0110813324065 0.0319785767168 0.00865587223036 0.019679099166 0.00149647980567 0.00469411666654 0.00703146139651 0.0048040257515 0.0174612731081 0.0226516490145 0.000722826801091 0.00611313600081 0.0160366672584 0.0260403698947 0.00646402274162 0.0217091334307 0.00666529687671 0.00355567273913 0.0154546814961 0.00699036321823 0.0169448347134 -0.0033400327434 0.00588582944671 -0.0011522962537 
0.0108158418907 0.0146530848942 0.0272087517348 -0.00205740474836 0.0147154028718 0.010205310154 0.0171159845794 0.025721149358 0.00955836321132 0.0032713452095 0.0094549472078 0.0130744078358 0.014551450898 0.005476943191 0.0147661728121 0.0149198446399 0.014463338807 0.00339560042206 0.00502853919174 0.0206741864275 0.014819742952 0.0048077903253 0.012638233309 0.00750689906758 0.00442922708977 0.0013355112637 0.0156413698454 0.176740555895 0.0199564747241 -0.00322077202798 -0.00192620880289 0.0216492335482 0.0221555731639 0.0224517411704 0.0337507589071 0.00666122460132 0.0121966598023 0.0139792182746 0.0127633213227 0.0388711560164 0.00298862402138 0.0185700941092 0.0138377529821 0.0408215383531 0.0182579112186 0.00720773207583 0.0075162039946 0.000106420865079 0.0146641995541 0.00776498368241 0.011248349645 -0.00715410026675 0.04258309388 -0.00367278978408 0.00247164903777 0.00897278489329 0.01276749081 -0.00211877852772 0.00095220037985 0.0217765060779 
0.0164372265458 0.0231740189219 0.00341563027654 0.0114458030334 0.00605070640584 0.0107482996609 0.0077930970093 0.0107081866269 0.0104112604691 -0.00382880741867 0.0325316186051 0.0030320721475 0.0256019717872 0.0155857784916 -0.00209590467145 0.0257219690361 0.0383860546636 0.00445851762277 0.011156789162 0.0382840985819 0.0337228377897 0.00444033891683 0.00968072724818 0.0156152542061 -0.00182598177062 0.00625766376519 0.0219472621056 0.0199564747241 0.159140451428 0.00890060559966 -0.00205884658585 0.0380457798598 -3.6910377221e-05 0.0221044206361 0.000238168228024 0.00857607786755 0.00808095408832 0.0276476455984 0.0158177242786 0.0306014886858 0.0123710417596 0.00816429881909 0.00412509478051 0.0229211291544 0.019055250545 0.0128057205584 0.00265426735177 0.00794847941415 0.0213293383176 0.0162062142183 0.00197865683174 0.0142478116424 0.0126395783353 0.0194715848797 -0.0179411551627 0.0193580953113 0.00457337736461 0.0107990441348 0.0100415744111 -0.0063339298706 
0.0156484240838 0.00372382195671 0.0120518980571 0.0121534096752 0.0143965336593 0.00774410080072 -0.0182397657876 0.0046482740488 0.0431431015742 0.0120813807596 0.0130198603144 -0.00546574727849 0.0124516737924 0.004745230347 0.0102458334747 -0.000789408318818 0.0305389955719 0.0274326719745 0.00283555579169 0.00899692614553 0.015474910013 0.00324475370018 0.00727744236968 0.00828239309728 0.00218487235867 0.00280542761682 0.017559224449 -0.00322077202798 0.00890060559966 0.275091297853 0.00259084557179 0.00557781343234 -0.0148593052849 -0.00276086075764 0.000309882405422 0.0234944487832 0.0108547631633 0.0203460535351 0.00531601307749 0.046662170785 0.00619343651062 0.0049210579672 0.0125533994666 -0.00759506848447 0.0263721146862 0.00857258852113 -0.00369790246747 0.022466681138 0.00286576158675 0.00757233809098 0.0108899142897 0.0567777472271 -0.00305110195499 0.0230633674177 -0.00271382176097 0.00477366193765 0.030889426057 0.0202585614848 0.00844728736546 -0.0133441979587 
0.0426630080085 0.0608227242996 0.0367551777056 0.0133537666397 0.00890246592489 0.0228696300815 0.00679224047336 0.0138221995711 0.00777388331015 0.00243954749925 0.00573446333781 0.0135405778555 0.0138632158286 0.0289743058128 0.025747086519 0.00513196543103 0.0297043392699 0.0178286236297 0.025741856883 0.0124275486551 0.00436231894581 0.0161827868184 0.00899498267702 0.0529892260634 0.0197848416853 0.00169603786783 0.00482342421957 -0.00192620880289 -0.00205884658585 0.00259084557179 1.00790653254 0.018744147414 0.00512191805546 0.0194215368185 0.0221983340326 0.0131707348767 0.0111803618883 0.0494125989923 0.0600785932403 0.0479935621291 0.015213150146 0.0231008812467 0.0191455698118 -0.0021062637592 0.012283156714 0.0331441190405 0.00926971258933 0.0449580562169 0.0204553599751 0.0171791942185 0.0541832502061 0.0474652998051 -0.00171360236562 -0.00254813589179 0.0321736582255 0.0101450686457 0.0125925419707 0.0518993052286 0.00107513220199 0.0227432049885 
0.0083854921609 0.0166320846088 0.0193072830625 0.00886485607962 0.0160715912056 0.0411758205285 0.0115126836946 0.0196588479501 0.0286002048395 0.00997948195579 0.030556847718 0.000829442577423 0.0351907815221 0.019984624894 0.0229971317409 0.00962351521108 0.0488693611771 0.0133466932448 0.000644148616079 0.0399973674381 0.0659737749209 0.0137244371273 0.0201356980108 0.00825220454452 0.00536963966536 0.0103295219195 0.00207931018818 0.0216492335482 0.0380457798598 0.00557781343234 0.018744147414 0.279804717049 0.00835783704613 0.0183899177211 -0.00244907280458 0.00603447622475 0.0194124261754 0.0332573413906 0.00877293948022 0.0649481558097 0.0173503742371 -0.000521024304703 0.0109850518838 0.0153120055293 0.0168916084933 0.0105377861733 0.015842782313 0.0191098001744 0.0101561961296 0.0167989917747 0.0127212951085 0.0258678729618 0.0110868005756 0.0240143538509 0.0025159608815 -0.0151746855503 0.0371646092601 0.018997596842 0.00966393783697 0.0216957065048 
0.02487098147 0.0256710999014 0.0158825408719 0.0263178949545 0.0219357478817 0.00160364177074 0.147058722879 0.0577576449611 0.0229411427817 0.0209136083373 -0.00166535813282 -0.00220952037173 -0.00276235667941 0.0239962424911 0.00331246208829 0.00167850070281 0.0155470397369 0.0157705591844 0.0158821898782 0.0227533863632 0.00808823349208 0.0175322311659 0.00950435550616 0.038090275516 0.00130667536576 -0.00825324293938 0.00593200838316 0.0221555731639 -3.69103772211e-05 -0.0148593052849 0.00512191805546 0.00835783704613 0.451588718029 0.035799440305 0.00757454506671 9.32987788309e-05 0.0138097886099 0.0167289243285 0.0227744370673 -0.0331740430421 0.0106437959024 0.000949567964274 0.0105534295037 0.0216761566673 0.0115693654671 0.0112932250908 0.0166808757378 0.0169119277412 0.00386386290782 0.0250013188429 0.0370359092839 0.034245281621 0.0209666273519 0.0140403188019 -0.00297044774979 0.00657363452196 0.00689173711794 0.0379204473803 0.0105715825029 0.119759337861 
0.0390597267862 0.0407719321191 0.00336940985359 -0.00104426236159 0.0212812318437 0.0184028039875 0.0352135783709 0.0241708419503 0.020459518674 0.00487156558779 0.0255677284816 0.00462463049052 0.0159558258838 0.0187712653585 0.00984252787686 0.00875089887573 0.0193287253914 -0.000346130447216 0.00757349121811 0.028549311636 0.00944533387367 -0.00962141377724 0.0158111794718 0.00664034303762 -0.00117691952723 0.0035883977529 0.0159595951021 0.0224517411704 0.0221044206361 -0.00276086075764 0.0194215368185 0.0183899177211 0.035799440305 0.244872334781 0.00223104393471 0.0127359600186 0.0247387240256 0.0294722851284 0.0108518619301 0.00137101333286 0.0110371098721 0.0175735164634 0.0146747482794 0.0179281395837 0.011499998412 -0.00754951586811 -0.000149433644375 0.0217995290457 0.0115194747627 0.0186477232224 0.0138351306253 0.0265819011369 0.013152507811 0.0123911574278 0.0049666788443 0.00336681919454 0.0250719946804 0.0128547695439 0.00650292578232 0.0364443426683 
-0.00279743730135 0.0253392800329 -0.00135101793287 0.000716747705008 0.0133206174458 0.00522999411035 0.0123881252613 0.000479764646655 -0.00229425443501 0.00737070951328 0.00536237483606 -0.000189382802799 0.00403555718884 0.00676493406693 -0.0312517048542 0.00141118904651 -0.00165953312681 -0.00227340256243 -0.0311505470678 0.00820282525411 0.00171271299928 -0.000903290713608 0.00999412131062 0.0122971871758 -0.00191811215371 -0.0012790482482 0.00156657661483 0.0337507589071 0.000238168228024 0.000309882405422 0.0221983340326 -0.00244907280458 0.00757454506671 0.00223104393471 0.531446877482 0.013540340649 0.000645854726511 0.00340254809195 -0.0113641416692 -0.00477680831204 0.00437808379106 -0.000540947946704 0.00447477396776 0.0128672723497 0.000731084680303 -0.000650705887023 0.00309767425558 -0.00869375250426 0.0124828883538 0.00184383592088 -0.0140769782413 -0.00416855022626 0.00990975310051 0.00247971950422 0.00416890782262 0.012928074683 -0.00700425810733 -0.0122526836625 -0.00289010965998 0.0143550499009 
0.00261293857922 0.00260163655831 -0.000381279015912 0.0164476923236 0.0112952621903 0.0154777747185 -0.00379050965963 0.00727602329914 0.00699865603174 0.0149492481535 0.00413421792443 0.00561799732588 0.0116331631002 0.0179013590473 0.00384882721158 0.00724763067132 0.0262604995067 -0.001016407665 0.0136472363468 0.00373883484061 0.0137072271348 0.00935602466002 0.0198578650407 0.011775288958 -0.0100923696331 0.0163351436693 0.0275591242688 0.00666122460132 0.00857607786755 0.0234944487832 0.0131707348767 0.00603447622475 9.32987788308e-05 0.0127359600186 0.013540340649 0.212536876396 0.00950629299351 0.019359045143 -0.000821830854073 -0.00510298696098 0.0227016991939 -0.00587629833589 0.000498432014926 0.0103660480175 0.00144110424985 0.0217057143736 0.00665938742117 0.00969662148796 0.012493774129 0.0152837082939 0.0202271179457 0.00742592750823 0.000984968216863 -0.0048091839871 0.0176327801567 0.00279314771807 0.0193278930433 0.00529853752553 -0.00146874281622 0.00681752355214 
0.0107615634048 0.0156315815895 0.0129062397259 0.0211425547023 0.0129190331194 0.0184891219871 0.0149396283864 0.0111852979407 0.0156464656337 0.0148812016311 0.0175974369094 0.00954323349986 0.00974825132424 0.0188743123508 0.00984314238127 0.00965002521113 0.0218872711921 0.0103254051465 0.0300444168772 0.0261318955821 0.0131151762321 0.000813876211517 0.0164966472018 0.00930459188898 -0.00247287298577 -0.000114384783917 0.0110813324065 0.0121966598023 0.00808095408832 0.0108547631633 0.0111803618883 0.0194124261754 0.0138097886099 0.0247387240256 0.000645854726511 0.00950629299351 0.194519670983 0.0232872997467 0.0229780374512 0.0253327229409 0.0169839339074 0.015671957553 -0.00190708311169 0.0134890428036 0.00488715552766 0.0122155977003 -0.00293750102642 0.0199641452229 0.00891006751567 0.0266614962457 0.0123712941297 0.0149652908076 0.00749985265967 0.00300572238745 0.00992790875111 0.00228185749848 0.0120527133076 0.0285952369252 0.0258120296556 0.0161974115299 
0.0442715972903 0.00815652612615 0.0105583536826 0.0197745726708 0.0316405072062 0.00881357705154 0.00637727348282 0.030378889994 0.0120982055399 0.00787795424199 0.0167566502233 0.000902463625885 0.0168790443095 0.0394098110349 0.0145570199172 0.0170186367462 0.0587991670836 -0.00230204710045 0.0311906977837 0.0291907426903 0.0183174069234 0.0176419810089 0.00513831021468 0.0301178924596 -8.42028404085e-05 0.0107627741462 0.0319785767168 0.0139792182746 0.0276476455984 0.0203460535351 0.0494125989923 0.0332573413906 0.0167289243285 0.0294722851284 0.00340254809195 0.019359045143 0.0232872997467 0.279394368469 0.0398605339501 -0.00201809514972 -0.0016399029943 0.00498296797917 -0.00356415082706 0.0124440805314 0.00704385266709 0.0158991763168 0.0164605496851 0.0483044280128 0.023741188292 0.0236781640221 0.0332042924307 0.0456128401499 0.0268977375243 0.0153159415375 0.0166942086712 0.00543306510334 0.0210441342418 0.0355882668538 -0.00796584966883 0.00901544741422 
0.0480360008865 0.0138592773837 0.0351874186576 0.00434946646177 0.00251933331711 0.00857608827774 0.0221978456133 0.0166695890098 0.0203364902345 0.0112364129997 0.00395459888349 0.000102295441091 0.0172115524439 0.0232688070934 0.033161150474 0.00970452975127 0.0336869080958 0.0315523542463 0.0296059945675 0.0190729644462 0.0109279910676 0.0215437741971 0.0199139144736 0.0252785754462 0.00838537321128 0.014182691021 0.00865587223036 0.0127633213227 0.0158177242786 0.00531601307749 0.0600785932403 0.00877293948022 0.0227744370673 0.0108518619301 -0.0113641416692 -0.000821830854073 0.0229780374512 0.0398605339501 0.329908864541 0.0016716154834 0.0236827991782 0.0275283542061 0.0215884528463 -0.00288494233464 -0.00131280408892 0.027555507616 0.0122225004534 0.0353843334762 0.0185162403017 0.0263552313579 0.0651338468841 0.0373381396025 0.000862300344285 0.0116783646852 0.00372957127001 -0.000452642815927 0.0422139592493 0.092000598119 0.00303827878208 0.0177562925655 
