30
0.040534814632 0.0997806882374 0.0256056876134 0.0373994541978 0.0752984700253 0.0282353637115 0.0223320424584 0.371102806834 0.0436219100546 0.0261881624723 0.0425593974561 0.0623593213805 0.0253425298527 0.0621529110589 0.0412963652708 0.0708595176859 0.0289058353667 0.0738036440579 0.0179151897049 0.0565521495323 0.0502759777883 0.136312174374 0.045915457725 0.0501483555771 0.0441448787565 0.0131635076039 0.023015295127 0.0635798530397 0.0280903462606 0.022286409141 
0.535567869634 0.0147675646388 0.0140849374822 0.00300771938721 -0.00640172025674 0.0141710155079 0.00055143417394 0.0130569520932 -0.00313232029595 0.012554295753 -0.00204966346412 0.0195267068681 -0.00516885359797 -0.0155648280185 0.00415173398951 -0.00579709925939 -0.00276713356051 -0.00947564379428 0.0126577622453 0.00851267879461 -0.00228953088228 -0.00556331870087 0.00513472848316 0.00273596241854 0.00519214720737 0.0163462739354 -0.00285140098389 -0.00340441408501 0.00173529955935 0.00624879431854 
0.0147675646388 0.575553965023 0.012168485604 0.0109580160362 0.0386587168789 0.0222446216384 0.0181634226529 0.0735563052164 0.0136468969514 0.0214631103421 0.0159506950031 0.0194106967005 0.0238232921315 0.0205652739468 0.0112903959019 0.00990720502571 0.00626884173834 0.0272195974879 0.0176857877185 0.0193334770788 0.0198094055472 -0.0229447748552 0.0285966728653 0.0331317558038 0.0269652118915 0.0237354023021 0.0205948245761 -0.000808163443215 0.0129420281717 0.014314620763 
0.0140849374822 0.012168485604 0.220352008445 0.0238110310316 0.0310253658717 0.015059096725 0.00668406760687 0.0116192448149 0.0133326608699 0.00951962421815 0.00839257432857 0.0174353050206 0.0194946205308 0.0213411270309 0.00107344222594 0.0128136509492 0.0187915867822 0.0137990239334 0.00485222476088 0.0126372481377 0.0073607598692 0.00325384805848 0.012737420366 0.0198449938064 0.00445041014799 0.0105360963456 -0.000149746577869 0.0146345638269 -0.00297260456642 -0.00364319239993 
0.00300771938721 0.0109580160362 0.0238110310316 0.319820068921 0.0160111494643 0.0141034894897 0.0149654192338 0.0108815137878 0.0236674240305 0.0154212749588 0.0395416022545 0.0532394901872 0.0178017379652 0.032232465839 0.0168863019303 0.0183465806195 0.0279916071245 0.0263591030448 0.0114330888166 0.0197420995895 0.0188680109182 -0.0150706338052 -0.0030309136145 0.0273440444548 0.0274309072051 0.0119464650133 0.0269231417689 0.0317863998603 0.0216899711744 0.0207843935238 
-0.00640172025674 0.0386587168789 0.0310253658717 0.0160111494643 0.497953399452 0.0228079361951 0.00912641138093 0.0348489073965 0.0293478717439 0.0144478855091 0.0302720095374 0.0140896543855 0.0291748795331 0.0275555726749 0.0109670020668 0.0242350200504 0.0259359343585 0.0296024848374 0.0140421829966 0.0234988999136 0.0184080859848 -0.0120756892839 0.0447250360029 0.0191155391433 0.0306364479658 0.0119355875967 0.0180237865087 0.02251425468 0.0255274812764 0.00642050989327 
0.0141710155079 0.0222446216384 0.015059096725 0.0141034894897 0.0228079361951 0.14182725944 0.00639452157133 0.00810907118252 0.0286218033713 0.0268330391283 0.033564523855 0.0214294962588 0.0140428976373 0.0284610421983 0.0210966529678 0.017153693991 0.023523742542 0.0123979073674 0.0180037625778 0.0194808136821 0.0207121237849 -0.0100706103344 0.0213124383479 0.024648989893 0.0396018296585 0.027320658255 0.0423339668812 0.0375911994515 0.0452511815139 0.00640821310764 
0.00055143417394 0.0181634226529 0.00668406760687 0.0149654192338 0.00912641138093 0.00639452157133 0.209554109979 0.00986535049628 0.00732841941415 0.00532457333077 0.0187619585228 -0.00215661243811 0.00903502265938 -0.0112311101247 0.0120161875748 0.0225317103621 0.0119932337545 -0.00316601889535 0.00307481918653 0.00713789498187 0.0152450204076 -0.00865902705115 2.58630358443e-05 0.00453165518594 0.00538728769174 0.00633872728401 0.00656340939723 0.000165850393471 0.00814700612301 -0.00414176322264 
0.0130569520932 0.0735563052164 0.0116192448149 0.0108815137878 0.0348489073965 0.00810907118252 0.00986535049628 1.25143061821 0.0513740639298 0.00296888534576 0.0175644366658 0.041328131203 0.01694243253 0.0231364170077 0.00495120830151 0.0574080124472 0.03889908971 0.0311123523883 0.00628270221661 0.0305857434996 0.0100028541173 -0.0218869649142 0.0385246780735 0.02851193752 0.0341317826204 0.0164356860787 0.00113435547072 -0.0065183616683 0.010685570346 0.00204512764123 
-0.00313232029595 0.0136468969514 0.0133326608699 0.0236674240305 0.0293478717439 0.0286218033713 0.00732841941415 0.0513740639298 0.29887999015 0.0133439882923 0.0153213259303 0.0279269656857 0.0342578259928 0.0218234867827 0.0163866411533 0.00203473465284 0.0313462018255 0.0387104120805 0.00552238615572 0.0160834817995 0.019826794486 -0.0154678734002 0.0124620403248 0.0372487219692 0.112440442951 0.0220592800212 0.0149259451222 0.0512322093407 0.0709449643684 0.00767739216097 
0.012554295753 0.0214631103421 0.00951962421815 0.0154212749588 0.0144478855091 0.0268330391283 0.00532457333077 0.00296888534576 0.0133439882923 0.261997628882 0.0284092088756 0.0246742242771 0.0125502845593 0.0359929000324 0.0165561096081 0.0193951316276 0.0190849601911 0.0129179740056 0.0227035096902 0.00524069080483 0.0075907776375 -0.00476375752124 0.0128803687453 0.0187221795734 0.0138131774177 0.00403691315549 0.0158229059866 0.025932998513 0.0105870615112 -0.000900320227158 
-0.00204966346412 0.0159506950031 0.00839257432857 0.0395416022545 0.0302720095374 0.033564523855 0.0187619585228 0.0175644366658 0.0153213259303 0.0284092088756 0.409247975393 0.0204959740371 0.0161571399317 0.0363494213688 0.0157188880631 0.00208514007266 0.00310367176278 0.0161532889073 0.0475251276281 0.0263408319158 0.0266456484686 -0.00770018573112 0.0193520017272 0.0364854965221 0.0221553349307 0.0153888595909 0.0119986262769 0.0143731266504 0.038864659037 0.0095886324172 
0.0195267068681 0.0194106967005 0.0174353050206 0.0532394901872 0.0140896543855 0.0214294962589 -0.00215661243811 0.041328131203 0.0279269656857 0.0246742242771 0.0204959740371 0.348598714173 0.0176604900592 0.0147356387794 0.000468790622285 0.0213789713552 0.0300726155848 0.0415737978219 0.00838383648216 0.00721130455915 0.0209443376922 -0.0183405414183 0.0287147969456 0.0400306040459 0.0471903039849 0.00980417605439 0.0305753193983 0.026689249249 0.0333372646326 0.0174880072807 
-0.00516885359797 0.0238232921315 0.0194946205308 0.0178017379652 0.0291748795331 0.0140428976373 0.00903502265938 0.01694243253 0.0342578259928 0.0125502845593 0.0161571399317 0.0176604900592 0.196576780598 0.0188206617817 0.0179747485347 -0.0016114208799 0.0105048808913 0.0126463489448 0.000334209559957 0.0098806629093 0.00457154379118 -0.0114265860996 0.00111959406785 0.0175215622912 0.0312423876183 0.00506971817271 0.0229925869913 0.0280718489109 0.0237521212798 0.0119464341236 
-0.0155648280185 0.0205652739468 0.0213411270309 0.032232465839 0.0275555726749 0.0284610421983 -0.0112311101247 0.0231364170077 0.0218234867827 0.0359929000324 0.0363494213688 0.0147356387794 0.0188206617817 0.330806906124 0.0121170922991 0.0100386320298 0.0176663323171 0.034292176923 0.00356778433495 0.0211205678836 0.0191609030011 -0.0117381737137 0.0136430678607 0.0319732828659 0.0308750730497 -0.0045902594398 -0.00138560175926 0.0174577109526 0.0235412009243 0.0120637118874 
0.00415173398951 0.0112903959019 0.00107344222594 0.0168863019303 0.0109670020668 0.0210966529678 0.0120161875748 0.00495120830151 0.0163866411533 0.0165561096081 0.0157188880631 0.000468790622285 0.0179747485347 0.0121170922991 0.251005935957 0.00649436831646 -9.18391931889e-05 0.0204225185559 0.0261767088823 0.00907725519861 0.0118942464012 -0.00918310359176 0.00852171654205 0.000698712514616 0.0106944816596 0.0180058147054 0.0254334129998 0.0193981586786 0.0103584313645 -0.00217098979187 
-0.00579709925939 0.00990720502571 0.0128136509492 0.0183465806195 0.0242350200504 0.017153693991 0.0225317103621 0.0574080124472 0.00203473465284 0.0193951316276 0.00208514007266 0.0213789713552 -0.0016114208799 0.0100386320298 0.00649436831646 0.403152437395 0.0365922095099 -0.00983375318649 0.00386959309336 0.0250413118925 0.00518753838083 -0.000137729320521 0.0181268204744 0.00948092802667 0.0236201277192 0.0105105656007 0.0255107741919 0.00147540853554 0.0152692846549 0.005439843579 
-0.00276713356051 0.00626884173834 0.0187915867822 0.0279916071245 0.0259359343585 0.023523742542 0.0119932337545 0.03889908971 0.0313462018255 0.0190849601911 0.00310367176278 0.0300726155848 0.0105048808913 0.0176663323171 -9.18391931892e-05 0.0365922095099 0.237062787416 0.0281871471092 0.00745079322357 0.0241245066669 0.0165210531684 -0.00846538583876 0.0440635346282 0.0283569944851 0.0332275725203 0.0164048916766 0.0244640409635 0.0420030510158 0.0213320575331 0.0111228431176 
-0.00947564379428 0.0272195974879 0.0137990239334 0.0263591030448 0.0296024848374 0.0123979073674 -0.00316601889535 0.0311123523883 0.0387104120805 0.0129179740056 0.0161532889073 0.0415737978219 0.0126463489448 0.034292176923 0.0204225185559 -0.00983375318649 0.0281871471092 0.362305829628 0.00652329781346 0.0201916224662 0.00459210717161 -0.0165640716862 0.0126653874254 0.0279002998089 0.0251024354103 0.0203336890735 0.0107038686963 0.0373498082635 0.0209390198807 0.00404303148838 
0.0126577622453 0.0176857877185 0.00485222476088 0.0114330888166 0.0140421829966 0.0180037625778 0.00307481918653 0.00628270221661 0.00552238615572 0.0227035096902 0.0475251276281 0.00838383648216 0.000334209559957 0.00356778433495 0.0261767088823 0.00386959309336 0.00745079322357 0.00652329781346 0.312837394154 0.00341671896115 0.013138479007 -0.00330291981461 0.00710259707438 0.0076512290039 0.00807189430887 0.017287388347 0.0118862755326 0.00689140831231 0.0219550671769 0.00412815001556 
0.00851267879461 0.0193334770788 0.0126372481377 0.0197420995895 0.0234988999136 0.0194808136821 0.00713789498187 0.0305857434996 0.0160834817995 0.00524069080483 0.0263408319158 0.00721130455915 0.0098806629093 0.0211205678836 0.00907725519861 0.0250413118925 0.0241245066669 0.0201916224662 0.00341671896115 0.378025337021 0.0168087155088 -0.0188681491126 0.0141964914622 0.0189592917375 0.0310103376082 0.00725867043328 0.0212503218727 0.0038238704307 0.0117161012391 0.00717748397161 
-0.00228953088228 0.0198094055472 0.0073607598692 0.0188680109182 0.0184080859848 0.0207121237849 0.0152450204076 0.0100028541173 0.019826794486 0.0075907776375 0.0266456484686 0.0209443376922 0.00457154379118 0.0191609030011 0.0118942464012 0.00518753838083 0.0165210531684 0.00459210717161 0.013138479007 0.0168087155088 0.272534912121 -0.00791800637683 0.0382424864512 0.030059226217 0.0248499813657 0.031006623674 0.0077998276603 0.0114385299608 0.0190366156602 0.0137913832045 
-0.00556331870087 -0.0229447748552 0.00325384805848 -0.0150706338052 -0.0120756892839 -0.0100706103344 -0.00865902705115 -0.0218869649142 -0.0154678734002 -0.00476375752124 -0.00770018573112 -0.0183405414183 -0.0114265860996 -0.0117381737137 -0.00918310359176 -0.000137729320521 -0.00846538583876 -0.0165640716862 -0.00330291981461 -0.0188681491126 -0.00791800637683 1.94259312419 -0.00591494734816 -0.00606850432411 -0.00926003466789 -0.00329366931361 -0.00706050918499 -0.00395774089624 -0.00441101991305 -0.00918547109714 
0.00513472848316 0.0285966728653 0.012737420366 -0.0030309136145 0.0447250360029 0.0213124383479 2.58630358445e-05 0.0385246780735 0.0124620403248 0.0128803687453 0.0193520017272 0.0287147969456 0.00111959406785 0.0136430678607 0.00852171654205 0.0181268204744 0.0440635346282 0.0126653874254 0.00710259707438 0.0141964914622 0.0382424864512 -0.00591494734816 0.329249140944 0.0169869371923 0.0278099638292 0.0153026019324 0.0180435974646 0.030145202879 0.0158791671815 0.0166182912919 
0.00273596241854 0.0331317558038 0.0198449938064 0.0273440444548 0.0191155391433 0.024648989893 0.00453165518594 0.02851193752 0.0372487219692 0.0187221795734 0.0364854965221 0.0400306040459 0.0175215622912 0.0319732828659 0.000698712514616 0.00948092802667 0.0283569944851 0.0279002998089 0.0076512290039 0.0189592917375 0.030059226217 -0.00606850432411 0.0169869371923 0.276816834521 0.0352319489938 0.0127238049712 0.0223339318018 0.0247163424004 0.016151578116 0.00341457471807 
0.00519214720737 0.0269652118915 0.00445041014799 0.0274309072051 0.0306364479658 0.0396018296585 0.00538728769174 0.0341317826204 0.112440442951 0.0138131774177 0.0221553349307 0.0471903039849 0.0312423876183 0.0308750730497 0.0106944816596 0.0236201277192 0.0332275725203 0.0251024354103 0.00807189430887 0.0310103376082 0.0248499813657 -0.00926003466789 0.0278099638292 0.0352319489938 0.241770173808 0.0255163394779 0.0283891598635 0.0343006910441 0.0449782510345 0.00545681774564 
0.0163462739354 0.0237354023021 0.0105360963456 0.0119464650133 0.0119355875967 0.027320658255 0.00633872728401 0.0164356860787 0.0220592800212 0.00403691315549 0.0153888595909 0.00980417605439 0.00506971817271 -0.0045902594398 0.0180058147054 0.0105105656007 0.0164048916766 0.0203336890735 0.017287388347 0.00725867043328 0.031006623674 -0.00329366931361 0.0153026019324 0.0127238049712 0.0255163394779 0.16830735103 0.0172008294124 0.0086255911222 0.0107615290604 0.009611434317 
-0.00285140098389 0.0205948245761 -0.000149746577869 0.0269231417689 0.0180237865087 0.0423339668812 0.00656340939723 0.00113435547072 0.0149259451222 0.0158229059866 0.0119986262769 0.0305753193983 0.0229925869913 -0.00138560175926 0.0254334129998 0.0255107741919 0.0244640409635 0.0107038686963 0.0118862755326 0.0212503218727 0.0077998276603 -0.00706050918499 0.0180435974646 0.0223339318018 0.0283891598635 0.0172008294124 0.142596017155 0.0379468956965 0.0320225620862 0.00875353318059 
-0.003404414085 -0.000808163443214 0.0146345638269 0.0317863998603 0.02251425468 0.0375911994515 0.000165850393471 -0.0065183616683 0.0512322093407 0.025932998513 0.0143731266504 0.026689249249 0.0280718489109 0.0174577109526 0.0193981586786 0.00147540853553 0.0420030510158 0.0373498082635 0.00689140831231 0.0038238704307 0.0114385299608 -0.00395774089624 0.030145202879 0.0247163424004 0.0343006910441 0.0086255911222 0.0379468956965 0.465613399265 0.0511465684339 0.00677241901863 
0.00173529955935 0.0129420281717 -0.00297260456642 0.0216899711744 0.0255274812764 0.0452511815139 0.00814700612301 0.010685570346 0.0709449643684 0.0105870615112 0.038864659037 0.0333372646326 0.0237521212798 0.0235412009243 0.0103584313645 0.0152692846549 0.0213320575331 0.0209390198807 0.0219550671769 0.0117161012391 0.0190366156602 -0.00441101991305 0.0158791671815 0.016151578116 0.0449782510345 0.0107615290604 0.0320225620862 0.0511465684339 0.248765835438 0.00451790515543 
0.00624879431854 0.014314620763 -0.00364319239993 0.0207843935238 0.00642050989327 0.00640821310764 -0.00414176322264 0.00204512764123 0.00767739216097 -0.000900320227158 0.0095886324172 0.0174880072807 0.0119464341236 0.0120637118874 -0.00217098979187 0.005439843579 0.0111228431176 0.00404303148838 0.00412815001556 0.00717748397161 0.0137913832045 -0.00918547109714 0.0166182912919 0.00341457471807 0.00545681774564 0.009611434317 0.00875353318059 0.00677241901863 0.00451790515543 0.250631536473 

['KSE', 'MEDI', 'CLX', 'GPS', 'STJ', 'MTB', 'CAG', 'CIEN', 'NTRS', 'AN', 'BC', 'DE', 'LLY', 'TJX', 'KR', 'CMX', 'STA', 'SHW', 'SVU', 'XRX', 'UST', 'KMI', 'UNM', 'BMS', 'MEL', 'AEE', 'C', 'FNM', 'FITB', 'NKE']