20
0.0435638119902 0.0307440439862 0.0621529110589 0.0266110290159 0.026417897889 0.0330111524363 0.0576577356707 0.00361039022472 0.042606905642 0.0502759777883 0.0220926651793 0.0375994121509 0.0597094198611 0.0442487549982 0.0359279599811 0.102128665084 0.0214039426083 0.0285995604788 0.093312473985 0.0572050688987 
0.280994137321 0.0310162972458 0.0272969748266 0.0310157026743 -0.000333525971811 0.0123247105856 0.0147980005077 0.0152402786642 0.000970112544811 0.0277991408723 0.0238520450926 0.0153468222719 0.005635503442 0.00508276549086 0.0234816884993 -0.000715323401785 0.00984806207006 0.00338167723537 0.00587472865516 0.0202119695611 
0.0310162972458 0.242595799083 0.0246684804107 0.0209166745816 0.0400792641637 0.0423598209376 0.0639332713217 0.0279642246984 0.0286795463591 0.0447132709647 0.0247934196641 0.0113139426177 0.0362900750328 0.0220711010443 0.0198041460162 0.017880641144 0.0355539056846 0.02471410131 0.0268041349855 0.0209990117391 
0.0272969748266 0.0246684804107 0.332216777357 0.0055492865764 0.0291356029011 0.0523759930279 0.0464979246185 0.0278893877308 0.0184010280002 0.0205774424475 -0.00642469518727 0.0240681123094 -0.00274614945932 0.0170532455634 0.029102575235 0.0241761541954 0.024393002014 0.028570167119 0.00386945295942 0.0235251461933 
0.0310157026743 0.0209166745816 0.0055492865764 0.29469260135 0.00245011168011 0.0318857633493 0.0220690335058 0.0179846733833 0.0122851159103 0.00337691219689 0.0176153917056 0.0322040637842 0.0316617238336 0.0040069728586 0.0108346838682 0.0248736171191 0.00660410663956 0.0205543011114 0.0241053496613 0.0127826124 
-0.000333525971812 0.0400792641637 0.0291356029011 0.00245011168011 0.278484777745 0.0427000824058 0.0122210714023 0.0198104292242 0.0327590448748 0.0185685049615 0.0119143684656 0.0298019677797 0.0157885565548 0.00786098245501 0.0196568027279 0.0245452319175 0.065699969177 0.0169781828716 0.0251476042679 0.0229263389848 
0.0123247105856 0.0423598209376 0.0523759930279 0.0318857633493 0.0427000824058 0.323919711666 0.017745252307 0.0260938293519 0.0311358457511 0.0200893789084 0.00343030170659 0.0190484714575 0.0366742304908 0.0199603433239 0.032706289985 0.020546387788 0.0372399540256 0.0348802592066 0.0113837965574 0.0288736627359 
0.0147980005077 0.0639332713217 0.0464979246185 0.0220690335058 0.0122210714023 0.017745252307 0.248564159249 0.0197868736628 0.0271025808551 0.0284517839364 0.0210255528107 0.0277551422613 0.0287626874756 0.0403769923294 0.0213808652444 0.030617637406 0.0426526155502 0.0202027910313 0.0104999449312 0.0361545081024 
0.0152402786642 0.0279642246984 0.0278893877308 0.0179846733833 0.0198104292242 0.0260938293519 0.0197868736628 0.226607522038 0.0067212989004 0.00404808373734 0.00424351162398 0.0237391541379 0.00711963874282 0.0116800035049 0.0153659563242 0.02144940504 0.010085968857 0.0235385246365 0.00735301069454 0.0185186766696 
0.000970112544811 0.0286795463591 0.0184010280002 0.0122851159103 0.0327590448748 0.0311358457511 0.0271025808551 0.0067212989004 0.25927865554 0.0194740850594 0.0237055534717 0.0202457297258 0.0132645748233 0.00814608918978 0.0560798603784 0.0192997299464 0.0259723956357 0.0258373951619 0.0240051849281 0.0502291710202 
0.0277991408723 0.0447132709647 0.0205774424475 0.00337691219689 0.0185685049615 0.0200893789084 0.0284517839364 0.00404808373734 0.0194740850594 0.275089513902 0.022197454329 0.0178416459271 0.0173236180743 0.0135863622792 0.0101134939334 0.01264439976 0.0125404509201 0.00838747540726 0.0252676645913 0.0241191963404 
0.0238520450926 0.0247934196641 -0.00642469518727 0.0176153917056 0.0119143684656 0.00343030170659 0.0210255528107 0.00424351162398 0.0237055534717 0.022197454329 0.239934485594 0.0154339573773 0.0204791126182 0.0158754510129 0.0193310920179 -0.00801216123317 0.0111789317734 0.00448839589602 0.0320216836672 0.0303511532764 
0.0153468222719 0.0113139426177 0.0240681123094 0.0322040637842 0.0298019677797 0.0190484714575 0.0277551422613 0.0237391541379 0.0202457297258 0.0178416459271 0.0154339573773 0.269458493156 0.0035758887804 -0.00138182000942 0.0113765332066 0.0254620227649 0.00694927899873 0.0242732035074 0.00853767326657 0.0188827621724 
0.005635503442 0.0362900750328 -0.00274614945932 0.0316617238336 0.0157885565548 0.0366742304908 0.0287626874756 0.00711963874282 0.0132645748233 0.0173236180743 0.0204791126182 0.0035758887804 0.407326269205 0.00104869817223 0.00189845255637 0.0269470827713 0.0318702344325 0.0222916467289 0.00937072829671 0.00755409651321 
0.00508276549086 0.0220711010443 0.0170532455634 0.0040069728586 0.00786098245501 0.0199603433239 0.0403769923294 0.0116800035049 0.00814608918978 0.0135863622792 0.0158754510129 -0.00138182000942 0.00104869817223 0.284194170444 0.0104434445976 0.0144148522841 0.0302437060798 0.0100419923847 0.00832476790561 0.0359651482007 
0.0234816884993 0.0198041460162 0.029102575235 0.0108346838682 0.0196568027279 0.032706289985 0.0213808652444 0.0153659563242 0.0560798603784 0.0101134939334 0.0193310920179 0.0113765332066 0.00189845255637 0.0104434445976 0.237961450594 0.00869072693996 0.0205869786971 0.00859263622287 0.00693739111231 0.0103570434167 
-0.000715323401785 0.017880641144 0.0241761541954 0.0248736171191 0.0245452319175 0.020546387788 0.030617637406 0.02144940504 0.0192997299464 0.01264439976 -0.00801216123317 0.0254620227649 0.0269470827713 0.0144148522841 0.00869072693996 0.690751840294 0.0401073033582 0.0108497250831 0.0471334784517 0.0435099168004 
0.00984806207006 0.0355539056846 0.024393002014 0.00660410663956 0.065699969177 0.0372399540256 0.0426526155502 0.010085968857 0.0259723956357 0.0125404509201 0.0111789317734 0.00694927899873 0.0318702344325 0.0302437060798 0.0205869786971 0.0401073033582 0.225074575977 0.0239485954027 0.0555562984801 0.0351345439906 
0.00338167723537 0.02471410131 0.028570167119 0.0205543011114 0.0169781828716 0.0348802592066 0.0202027910313 0.0235385246365 0.0258373951619 0.00838747540726 0.00448839589602 0.0242732035074 0.0222916467289 0.0100419923847 0.00859263622287 0.0108497250831 0.0239485954027 0.293723505349 0.00198957778662 0.0268910093268 
0.00587472865516 0.0268041349855 0.00386945295942 0.0241053496613 0.0251476042679 0.0113837965574 0.0104999449312 0.00735301069454 0.0240051849281 0.0252676645913 0.0320216836672 0.00853767326657 0.00937072829671 0.00832476790561 0.00693739111231 0.0471334784517 0.0555562984801 0.00198957778662 0.465933476161 0.032453681898 
0.0202119695611 0.0209990117391 0.0235251461933 0.0127826124 0.0229263389848 0.0288736627359 0.0361545081024 0.0185186766696 0.0502291710202 0.0241191963404 0.0303511532764 0.0188827621724 0.00755409651321 0.0359651482007 0.0103570434167 0.0435099168004 0.0351345439906 0.0268910093268 0.032453681898 0.265059639989 

['MO', 'PCL', 'TJX', 'AMGN', 'MWV', 'LOW', 'PSA', 'GCI', 'UTX', 'UST', 'CMS', 'ACV', 'CPWR', 'DIS', 'GD', 'JBL', 'WY', 'PGR', 'NBR', 'CBE']