50
0.158041803894 0.0396471392927 0.0151091702759 0.0698927007 0.025657065471 0.0610020106181 0.0267965440056 0.132143501856 0.0512444991133 0.0378808118353 0.050100863095 0.0383245101253 0.0487859931196 0.0333203023267 0.0197813299257 0.129241945615 0.123248136701 0.188050706821 0.0308834605432 0.0256056876134 0.0991765707177 0.0526943852585 0.0280903462606 0.163811268696 0.042606905642 0.0391901687574 0.0278380444533 0.0113752176021 0.07971303899 0.0273717205438 0.0594687244428 0.0499472002084 0.0330111524363 0.0459594094694 0.0682562642732 0.0533662879029 0.0304536481296 0.0594494044175 0.0266042550295 0.0374431650663 0.0380825412642 0.0335319673985 0.0754225878746 0.371102806834 0.107116270008 0.0540864966038 0.0800378705657 0.0604038345904 0.0582377086348 0.0261881624723 
1.0138986165 0.0203255204085 0.00315141342588 -0.00521230128021 0.0178299390351 0.0118703080741 0.0276187900281 0.0177243121652 0.0222950156907 0.0148326645286 0.0129615620651 0.0226835235685 0.0343160102251 0.0167724686574 0.00538556944383 0.00548593198525 0.00775729676395 0.0331724413479 0.0150082255515 0.028347412386 0.00698165507235 0.0146520085335 0.0146534981098 -0.0139895580079 0.0259622080673 0.00378166877367 0.0140260186444 0.00292002876855 0.201673968715 0.0228329376375 0.0101408824579 -0.0173658533327 0.0093746194394 0.0168468233155 0.0111311891594 0.0215555912846 0.0211437189948 0.0434782943436 0.0102298126152 0.00855161259276 0.0198832432701 0.0177137171981 0.00437033576834 -0.00166800466157 0.0242419655921 0.00844413245663 0.010598710504 0.0127972211727 0.0107892608081 0.00959484748926 
0.0203255204085 0.267639855893 0.00762278425737 0.00622626533084 0.0250645938167 -0.00827305713232 0.0221794530621 0.0378643080756 0.011805730525 0.0269958733722 0.0267260406706 0.0191568836952 0.023966854129 0.00419551881401 0.0113324783198 0.0526464838978 0.0187018958651 0.00405377123658 0.0218229958944 -0.00791170708454 -0.00285644387358 0.0146615307741 0.024352447637 -0.00501018754878 0.0134639625761 0.0187098208777 0.00579745327674 0.0303888297934 0.0199280814935 0.00843881204003 0.0145911289606 0.0113224514564 0.0175760109437 0.00921232067218 -0.00917289120941 0.0155322955857 0.0377375427184 0.0354996793299 0.00378759669636 -0.00202450897047 -0.0019140829559 0.00896939597666 -0.00994672503301 0.0379751745468 0.0206725261782 0.0113854806378 0.00128854631847 0.0134209228576 0.0112981384982 0.00604541178114 
0.00315141342588 0.00762278425737 0.152800072135 0.0146135373955 0.0157499152995 0.0082703912208 0.0106022505486 0.00244192653104 0.0187713037868 0.00271395731655 0.0152554811179 0.010490994911 0.0172232484369 0.0235939782572 0.0120348195378 -0.00515905346476 0.0136712680114 0.020453992979 0.00463590127271 0.018455314675 0.0120632126728 0.00913830848593 0.018423055266 0.0073897039668 0.00944642743841 0.0165206717694 0.020044346662 0.0153047898196 0.00904494874248 0.00892679595094 0.00698582030853 0.0123395415769 0.0210674556538 0.0132657541533 0.0210813253114 0.00307788381672 0.0175211893905 0.00872405587069 0.00685236740004 0.0136965456058 0.0149525567548 0.0111919203449 0.022852395078 0.0133218688717 0.010740720369 0.00311099280964 -0.000220954705414 0.0111390324016 0.0145829639785 0.0142893307186 
-0.00521230128021 0.00622626533084 0.0146135373955 0.435771115418 0.0293536695703 0.0506908202193 0.017348313443 0.0280898171924 0.0213368114253 0.0216460585534 -0.00519454827527 0.034865210978 0.0108095912835 0.0208021209695 0.0165166861598 0.00805051386399 0.0418258287572 0.0406799327341 0.0132287783802 0.0115836251125 0.0100406882278 0.0419854154429 0.0294242738095 -0.00938378051844 0.031059020752 0.0270803999525 -0.00663542957425 0.0106347517062 0.0371069359454 0.0240095839625 0.0309312170733 0.000986202810615 0.0326428782992 0.0246575774918 0.0222538981615 -0.00198822269135 0.0114807108328 0.045025658447 0.000368571580475 0.0387821788072 0.042311685092 0.0178397170896 0.0212665355021 0.0448807448218 0.0320342204614 0.0126430525294 0.0584536573935 0.029824704392 0.0016631726447 0.0317572214621 
0.0178299390351 0.0250645938167 0.0157499152995 0.0293536695703 0.169231014222 0.0168006245267 0.0361637173908 0.00274359657836 0.011987201139 0.0279684065759 0.017102346758 0.0264447304428 0.0154578617653 0.0192704737078 0.0407758222603 0.00467493634164 0.0125804801313 0.0118412526736 0.0503676025106 0.00986623297711 0.00793812894044 0.0101073966927 0.0402198695806 0.0126249604667 0.0255708027106 0.0200670592483 0.0152187573138 0.00433720581632 0.00185052911441 0.00148709157158 0.016334256624 0.0112027224355 0.0294336445363 0.0217019943185 0.0136573153987 0.0116347589814 0.0427005596313 0.0542970217436 0.0276512588916 0.00748707961496 0.0138872909724 0.0196304285941 0.0174543123463 0.00311667884851 0.0146456538814 0.0193771145941 0.00234296671484 0.0138277113427 0.0169041263258 0.0193857113676 
0.0118703080741 -0.00827305713232 0.0082703912208 0.0506908202193 0.0168006245267 0.413954136909 0.00131176891486 0.0454285478309 0.0113861630406 0.0123838363307 0.00879463977841 0.0276276924012 0.0247070906628 -0.00517248030818 0.00965867676062 0.0155798603829 0.0261276293256 0.0139200426138 0.00941068952801 0.00200875680323 0.0679021578463 0.0291343756429 0.0140265564243 -0.0010377647078 0.00996589485383 0.0183111353629 -0.00121882532489 0.00197065089892 0.0169793048072 0.0100443532979 0.0232117170634 0.0137259166935 0.023954152031 0.016092889283 0.0221316994133 0.00724061592952 0.0145648749514 0.00449424828159 0.00510745476354 0.0372614829312 0.0220996613939 0.00570766012962 0.0146089205229 0.034521708698 0.038427575952 0.0089706884425 0.00751199161468 0.00239323223176 0.0105495251614 0.0101950481379 
0.0276187900281 0.0221794530621 0.0106022505486 0.017348313443 0.0361637173908 0.00131176891486 0.161190837474 0.00999670699028 0.016537827302 0.0237343322114 0.0253920881279 0.0138865934188 0.0230410718506 0.016961504146 0.0364717092142 0.0158077434715 0.0157276853077 0.0115348367388 0.0391055515225 0.00282021444247 0.00431952645977 0.0222357983432 0.0312704913451 0.00933752584723 -0.000189127511329 0.00554331120661 0.00858596244324 0.0123348095776 -0.00223843481105 0.00561908030718 0.01576386741 0.0139059298303 0.0238552237263 0.0207259986671 0.0135046677758 0.0157355396551 0.0409226388896 0.0400506114973 0.0149965578907 0.0117542323786 0.00965480372044 0.0159466901689 0.0129625527759 -0.00283393158277 0.0118167091193 0.0221399792928 0.0111291595509 0.00762553141896 0.0110901687666 0.0215930232635 
0.0177243121652 0.0378643080756 0.00244192653104 0.0280898171924 0.00274359657836 0.0454285478309 0.00999670699028 0.495510009976 0.0413055468752 0.00581922637189 0.0333192101322 0.0141898029517 0.0195324074248 0.0108462048422 -0.00849192437103 0.0383660815664 0.0245474851258 0.0215016524491 0.00658590490016 0.013291174978 0.0109809621638 0.00702398173584 -0.0223400355542 -0.00229613140878 0.0384470577335 0.00982271150168 -0.0112949985387 -0.0015955748626 0.0242628180263 0.0209927463738 0.0054391543409 0.0129497441456 0.000828514296405 0.0195104404627 0.0235028367515 0.00325761823559 0.0184708023239 0.0242590086479 -0.000915176618626 0.0135699930634 0.00657993597859 0.0272925215243 0.0163660883224 0.0546017287114 0.0317819697512 0.0234330042767 0.00875204498426 0.0273712292803 0.0119278083111 0.0130720771871 
0.0222950156907 0.011805730525 0.0187713037868 0.0213368114253 0.011987201139 0.0113861630406 0.016537827302 0.0413055468752 0.260933585653 0.0174555907653 0.0219017355547 0.016765615091 0.0068689462198 0.00460940554307 -0.00743023982525 0.0222075901023 0.024847534172 0.0520155150306 0.0111678521316 0.010864259893 -0.00791399291083 0.0223450895142 0.0155092978706 -0.00927626038609 0.00967763760168 0.0229897530585 0.00056954926375 0.0128322010776 0.0179577634769 0.0207782531921 0.0173085595814 0.0121383974313 0.0408933235288 0.0118767278129 0.0314736898719 0.0262859332838 0.0219300437748 0.0302293996228 0.00823416029492 0.0142968409714 0.0120250471355 0.0234815761154 0.0214313127736 0.0551513924192 0.0345356849419 0.0185065873524 0.0360634743825 0.0359240745489 0.0114182675508 -0.00619711844896 
0.0148326645286 0.0269958733722 0.00271395731655 0.0216460585534 0.0279684065759 0.0123838363307 0.0237343322114 0.00581922637189 0.0174555907653 0.190712680693 0.0179625392204 0.0210191342459 0.0258212193489 0.00466377108679 0.0225429041508 0.00727806793763 0.0326929702109 0.00653904380977 0.0192726472796 0.00631294556926 -0.00285414468038 0.0205022753156 0.0242461306751 0.00520407108211 0.0179765490939 0.018489565274 -0.000903990705652 0.0111003932415 0.016119861754 0.0117825323842 0.0183101846179 0.0143976326586 0.027645370032 0.00717943290169 0.0263832555063 0.00665320205468 0.0271423269307 0.0345487049379 0.0179253672715 0.00483145275655 0.0149655085758 0.0229875179094 0.0116385484063 0.0193951944824 0.0212364238022 0.0205897281241 0.0283265670655 0.0132758914145 0.0245703480018 0.0031119023235 
0.0129615620651 0.0267260406706 0.0152554811179 -0.00519454827527 0.017102346758 0.0087946397784 0.0253920881279 0.0333192101322 0.0219017355547 0.0179625392204 0.299640806493 0.00662991387945 0.0177475650731 0.00977648960559 0.0153139872509 0.00282887854136 0.0256985627784 0.0130985726576 0.00278499569097 0.0163607050453 -0.00887882969736 0.0194469165219 0.0292559868671 0.0394126875574 0.0209657450472 0.00362065649198 0.0154154780019 0.0104265058117 0.0296825668817 0.0160966534135 0.0349864586245 0.0165540361418 0.0129835561061 0.0194111697754 0.0236281384062 0.00573393832666 0.017915381892 0.0451298126666 0.0178315629344 0.00514987339015 0.00250363418882 0.0336254555191 0.0103602673256 0.0478156758002 0.0142066871143 0.024241550074 0.0414047457319 0.0189515772108 0.00938952123157 0.0186152209063 
0.0226835235685 0.0191568836952 0.010490994911 0.034865210978 0.0264447304428 0.0276276924012 0.0138865934188 0.0141898029517 0.016765615091 0.0210191342459 0.00662991387946 0.325573851514 0.0197146889857 0.00393637871189 0.0256721108193 -0.0155248816538 0.0107702198434 0.0272565486236 0.0173381289399 -0.0119599095938 -0.00519439519241 0.0384577989019 0.012642113472 -0.00882809743895 0.0184751840463 0.0188126371322 0.012149090275 0.0218895549191 0.0275886838009 0.00252256435005 0.0107275641589 0.00587826866777 0.061148103022 0.0455514235809 0.0132626820775 0.0121932845444 0.0158006056935 0.022725989113 0.0256871686316 0.0159039529958 0.0157292560157 0.0161472692251 0.0229415144288 0.0300171720905 0.0355698684983 0.0164979649285 0.00652625984832 0.0212258723171 0.00696367128832 0.0219383364625 
0.0343160102251 0.023966854129 0.0172232484369 0.0108095912835 0.0154578617653 0.0247070906628 0.0230410718506 0.0195324074248 0.0068689462198 0.0258212193489 0.0177475650731 0.0197146889857 0.449794958231 0.0165505681142 0.0116826982956 0.0261024984311 0.0299524806687 0.000675160556445 0.0124701290252 0.00933646824732 0.0233446723112 0.00944488873161 0.0282166490267 0.00968254038264 0.008641509776 0.000662033258737 0.0106026824908 0.00624788993214 0.0367661342353 0.0108834433238 -0.0144946918987 0.0171915028579 0.0193225887776 0.0131328788977 0.0406053481629 -0.00469361340759 0.0220534852059 0.0164297929135 0.0115590511956 0.00978787334244 0.0129893051681 0.0198134814604 0.0277593001748 -0.000602599441946 0.0248664099758 0.0153545497064 0.00962852928067 0.00687439761657 0.00301308776276 0.0105474453934 
0.0167724686574 0.00419551881401 0.0235939782572 0.0208021209695 0.0192704737078 -0.00517248030818 0.016961504146 0.0108462048422 0.00460940554307 0.00466377108679 0.00977648960559 0.00393637871189 0.0165505681142 0.202353246476 0.0143855152712 0.0119309131037 0.0106461535938 0.00845783274392 0.00981982605391 0.0129849231079 0.0109158884555 0.00922320607337 0.0127718726404 -0.00633117157934 0.0174354095009 0.0127209761525 0.0325866578425 0.0139172175208 0.0233852937536 0.0185636700093 0.0156495201907 0.00971468950952 0.0326941729908 0.0159751444738 0.0158295233309 0.00144765433283 0.0188092762985 0.0207013890455 0.0163558586825 0.0172205241558 0.0111574490515 0.014023857908 0.00652681217238 0.0248319155009 0.0072586842519 0.0146749353556 0.0172115373935 0.0107456290824 0.0128560791944 0.0217739535244 
0.00538556944383 0.0113324783198 0.0120348195378 0.0165166861598 0.0407758222603 0.00965867676062 0.0364717092142 -0.00849192437103 -0.00743023982525 0.0225429041508 0.0153139872509 0.0256721108193 0.0116826982956 0.0143855152712 0.138546569431 0.00313747513362 0.0127228381897 0.00587588588309 0.0193641735904 0.00762759940396 -0.0020415825275 0.0270951414797 0.0285387981574 -0.0063486762311 0.0222256503332 0.0096295320333 0.0126309887712 -0.000761803560581 0.0149581559966 0.00540501714155 0.00368369962959 0.0108692862592 0.0169950620865 0.0120243807452 0.00320039916738 0.00108609118848 0.0244494307081 0.0369712848372 0.00389804730331 0.00775050661376 0.00410472453725 0.0118546664569 0.0191657074967 -0.0040466284669 0.0049219180076 0.0105828291702 6.71455680581e-05 -0.000907453549546 0.00974661814501 0.00904681869345 
0.00548593198525 0.0526464838978 -0.00515905346476 0.00805051386399 0.00467493634164 0.0155798603829 0.0158077434715 0.0383660815664 0.0222075901023 0.00727806793763 0.00282887854136 -0.0155248816538 0.0261024984311 0.0119309131037 0.00313747513362 0.562457122116 0.0113288055368 0.0112966693559 0.00622625023266 -0.00821716110661 0.0099168676593 0.000422534654711 -0.00436457704521 -0.00590051085299 0.0254412790868 0.0105157298807 0.0166661376019 0.0104652194766 0.0310796708158 0.0160212629807 0.00592488251993 0.00566620198161 -0.0015077690078 -0.00254754711364 0.00440813106296 0.0196895633512 -0.0092387627743 -0.00645284237506 0.00735274892636 0.00980849390538 0.0168929449077 0.0193794618762 0.00617537469351 0.0913130728323 -0.00604982949939 0.0152938882355 0.017650600289 0.0118470480719 0.00798669010634 0.00809490729267 
0.00775729676395 0.0187018958651 0.0136712680114 0.0418258287572 0.0125804801313 0.0261276293256 0.0157276853077 0.0245474851258 0.024847534172 0.0326929702108 0.0256985627784 0.0107702198434 0.0299524806687 0.0106461535938 0.0127228381897 0.0113288055368 0.466858988705 0.0294029348433 0.0182919837691 0.025354781504 -0.0036473221073 0.0216283533463 0.0125797916249 -0.00796158702087 0.0465557207052 0.00799688063377 0.0118650311644 0.0170756900054 0.0306639706942 0.0411173055437 0.0204374646577 0.0147488962702 0.0375652758063 0.0367045535162 0.0236174018944 0.00460712364638 0.0200788619526 0.00593685021904 0.0145147336321 0.015903278726 0.0289115344078 0.0300803868174 0.0403843095395 0.0352443019456 0.0562973597286 0.0561035359041 0.0110199456584 0.0387555895363 0.010652003362 0.0197894385451 
0.0331724413479 0.00405377123658 0.020453992979 0.0406799327341 0.0118412526736 0.0139200426138 0.0115348367388 0.0215016524491 0.0520155150306 0.00653904380977 0.0130985726576 0.0272565486236 0.000675160556445 0.00845783274392 0.00587588588309 0.0112966693559 0.0294029348433 1.00826178436 0.00842560649453 0.0106980514015 0.000728143255882 0.0407284091638 0.00976297386506 0.0110093295283 0.0147864929208 0.0193201503399 0.00368965398735 0.0497899333914 0.0110485446817 0.0188255448359 0.0210417930819 0.0250529009221 0.0251539713177 0.015837650035 0.00975094077406 0.0432645888224 0.027437501631 0.0257733847027 0.0187590329111 0.01906491369 0.0535888443485 0.0426220928475 0.0615596496998 0.041350664134 0.0688213623671 0.0271881392734 0.0422838452961 0.0279271296968 0.0259262572822 0.0121716997951 
0.0150082255515 0.0218229958944 0.00463590127271 0.0132287783802 0.0503676025106 0.00941068952801 0.0391055515225 0.00658590490016 0.0111678521316 0.0192726472796 0.00278499569097 0.0173381289399 0.0124701290252 0.00981982605391 0.0193641735904 0.00622625023266 0.0182919837691 0.00842560649453 0.198660265954 0.00202099798193 0.0060569998384 0.0136639960683 0.03230905221 -0.00112728727577 0.0161186294842 0.007112950431 0.014200825651 0.0175212326366 0.00859702185179 0.00688908929511 0.0126028649581 0.0166082076141 0.0216163125468 0.0341476546808 0.0076573415079 0.00936499805242 0.0468613155962 0.0372999287572 0.017837658538 0.00864258477166 0.00653381032766 0.00723574393333 0.0129099138309 -0.0155451570815 0.0230350365711 0.00400858746812 0.00197214770996 0.00468082691842 0.00507584286184 0.0116575348502 
0.028347412386 -0.00791170708454 0.018455314675 0.0115836251125 0.00986623297711 0.00200875680323 0.00282021444247 0.013291174978 0.010864259893 0.00631294556926 0.0163607050453 -0.0119599095938 0.00933646824732 0.0129849231079 0.00762759940396 -0.00821716110661 0.025354781504 0.0106980514015 0.00202099798193 0.207407218494 -0.0165243501841 0.00274830745578 -0.00618006351919 0.00194473311357 0.0192337960717 0.00212650382221 0.0210257086864 0.030861697825 0.0170559631312 3.98906390012e-07 -0.000310549193404 0.0459613937426 0.0147127588098 0.0143992941513 0.000404462076998 0.018770357289 0.0149797271775 0.0182580112136 0.00325601686832 0.0117944781793 0.0237364081852 0.0108935963915 0.010202768812 0.0123871031811 -0.00593178056302 -0.00112952408075 0.00997142784609 0.0102856164966 0.0243843489251 0.00921871694842 
0.00698165507235 -0.00285644387358 0.0120632126728 0.0100406882278 0.00793812894044 0.0679021578463 0.00431952645977 0.0109809621638 -0.00791399291082 -0.00285414468038 -0.00887882969736 -0.00519439519241 0.0233446723112 0.0109158884555 -0.0020415825275 0.0099168676593 -0.0036473221073 0.000728143255881 0.0060569998384 -0.0165243501841 0.634978490598 0.0147553922605 0.00311939568631 0.00881778909903 -0.00619519411847 0.0234377273904 -0.0200938988805 -0.00260739913416 -0.00431683710819 0.00884406925149 0.0331349791117 -0.00511598825653 -0.000390968100582 0.0206726530502 -0.00586813814297 0.00602140469052 0.0110133982021 0.00470089633408 -0.0163185086148 -0.00544478007754 -0.00877952497894 0.00103871637004 0.0152980173549 0.0437926081729 -0.00406770863513 0.0272371187036 -0.00581861089194 -0.0246375148973 0.000815581386165 0.000685636527305 
0.0146520085335 0.0146615307741 0.00913830848593 0.0419854154429 0.0101073966927 0.0291343756429 0.0222357983432 0.00702398173584 0.0223450895142 0.0205022753156 0.0194469165219 0.0384577989019 0.00944488873161 0.00922320607337 0.0270951414797 0.000422534654711 0.0216283533463 0.0407284091638 0.0136639960683 0.00274830745578 0.0147553922605 0.301676413625 0.0240570925054 -0.0136456551534 0.0304895832237 0.0268053831188 0.0186143465897 0.0160929531899 0.0378121615764 0.0278845559577 0.0100080870644 0.00105435997046 0.0336329777444 0.0449554837817 0.031906508367 0.0472388790332 0.0280235395705 0.0267637219791 0.0340957855674 0.0219107346157 0.000382714029605 0.0367042108534 0.0385834936462 0.0113066487727 0.0526701726043 0.023534647575 0.00517347497902 0.0334854910658 0.0317774260755 0.0233134066934 
0.0146534981098 0.024352447637 0.018423055266 0.0294242738095 0.0402198695806 0.0140265564243 0.0312704913451 -0.0223400355542 0.0155092978706 0.0242461306751 0.0292559868671 0.012642113472 0.0282166490267 0.0127718726404 0.0285387981574 -0.00436457704521 0.0125797916249 0.00976297386506 0.03230905221 -0.00618006351919 0.00311939568631 0.0240570925054 0.241032701319 0.0141550688161 0.000935322942395 0.0195906625505 0.0101745282109 0.0147393504169 0.0169071733765 0.0197109492294 0.0275088667426 0.0221356123824 -0.000456761176856 0.029893888466 0.0167654164962 0.0222394295366 0.046321437887 0.0593877030126 0.0185925844571 0.0326405681327 0.0154858171107 0.0174875251449 0.0176123849788 0.00837406332068 0.0260088399681 0.00956302727646 0.00809071289645 0.00926919506661 0.0189556420216 0.0100809514828 
-0.0139895580079 -0.00501018754878 0.0073897039668 -0.00938378051844 0.0126249604667 -0.0010377647078 0.00933752584723 -0.00229613140878 -0.00927626038609 0.00520407108211 0.0394126875574 -0.00882809743895 0.00968254038264 -0.00633117157934 -0.0063486762311 -0.00590051085299 -0.00796158702087 0.0110093295283 -0.00112728727577 0.00194473311357 0.00881778909903 -0.0136456551534 0.0141550688161 1.36503265814 0.00446622949735 -0.00562270764904 0.00870371706792 0.00250815126208 0.0322390790394 0.0089473688849 -0.00969982780608 0.0118232849766 -0.00775208937998 0.0206371598986 0.00617328071158 0.016745840718 0.00891598785576 0.0165092509592 -0.00377460865276 -0.000603801805274 0.104242167318 -0.00644668465356 -0.0092012079164 0.031816769704 -0.00184289157182 -0.00652588072244 0.0413594485932 -0.00173903540269 -0.0176766408541 0.0295782995408 
0.0259622080673 0.0134639625761 0.00944642743841 0.031059020752 0.0255708027106 0.00996589485383 -0.000189127511329 0.0384470577335 0.00967763760168 0.0179765490939 0.0209657450472 0.0184751840463 0.008641509776 0.0174354095009 0.0222256503332 0.0254412790868 0.0465557207052 0.0147864929208 0.0161186294842 0.0192337960717 -0.00619519411847 0.0304895832237 0.000935322942395 0.00446622949735 0.247495912547 0.026314447481 0.0170987475549 0.0183675123476 0.0196730131307 0.0039137171183 0.00977194742961 0.00649712839338 0.0227637053897 0.00781039026523 0.0204393998689 0.00406238533088 0.0198321263485 0.0324756762765 0.022992849633 0.0185337235073 0.00711999045443 0.0204879206128 0.0212337622597 0.00791598302314 0.018033985023 0.000782451005905 0.0162410688392 0.0429543493188 0.00716037993859 0.0114026093361 
0.00378166877367 0.0187098208777 0.0165206717694 0.0270803999525 0.0200670592483 0.0183111353629 0.00554331120661 0.00982271150168 0.0229897530585 0.018489565274 0.00362065649198 0.0188126371322 0.000662033258737 0.0127209761525 0.0096295320333 0.0105157298807 0.00799688063377 0.0193201503399 0.007112950431 0.00212650382221 0.0234377273904 0.0268053831188 0.0195906625505 -0.00562270764904 0.026314447481 0.197578077779 0.00745244182928 0.00134138083511 0.022365614032 0.0175115400415 0.0239747705143 -0.0035538741794 0.0275367346035 0.0186100100555 0.0178935974447 0.0189389267727 0.0140491281484 0.0218106177206 0.011173520244 -0.00598321307264 0.0231116855815 0.0208071685361 0.0149633714486 0.0340686114942 0.0229512691949 0.00230551722876 0.0193945043383 0.00682941663313 0.0105137393594 0.00804945190184 
0.0140260186444 0.00579745327674 0.020044346662 -0.00663542957425 0.0152187573138 -0.00121882532489 0.00858596244324 -0.0112949985387 0.00056954926375 -0.000903990705652 0.0154154780019 0.012149090275 0.0106026824908 0.0325866578425 0.0126309887712 0.0166661376019 0.0118650311644 0.00368965398735 0.014200825651 0.0210257086864 -0.0200938988805 0.0186143465897 0.0101745282109 0.00870371706792 0.0170987475549 0.00745244182928 0.178951355498 0.00571121736703 0.022179949158 0.00149899147804 0.00864469139246 0.022670295097 0.00697514160063 0.0118922504058 0.00612454137011 0.0104064829511 0.00939829872025 0.00780324903421 0.00947714554051 0.0198469781802 -0.00593012784874 0.00823408542638 0.00530500702943 -0.00247012760068 0.00537907238017 0.0177376354284 0.00991901943985 0.0133758658365 0.0169240819505 0.0124372780271 
0.00292002876855 0.0303888297934 0.0153047898196 0.0106347517062 0.00433720581632 0.00197065089892 0.0123348095776 -0.0015955748626 0.0128322010776 0.0111003932415 0.0104265058117 0.0218895549191 0.00624788993214 0.0139172175208 -0.000761803560581 0.0104652194766 0.0170756900054 0.0497899333914 0.0175212326366 0.030861697825 -0.00260739913416 0.0160929531899 0.0147393504169 0.00250815126208 0.0183675123476 0.00134138083511 0.00571121736703 0.214066715843 0.00888978248293 0.0229269640443 -0.00054408027892 0.0189623526181 0.0233916778733 0.0252992518631 0.00632471722112 0.0427446066802 0.0217291534065 0.00814348703133 0.0249405945341 0.00210842807117 0.0038236403495 0.0163908859371 0.0136797159837 0.00858720625388 0.0276940999254 0.00174877299173 0.0246947743856 0.0395650835814 0.0170182723674 0.00801872839881 
0.201673968715 0.0199280814935 0.00904494874248 0.0371069359454 0.00185052911441 0.0169793048072 -0.00223843481105 0.0242628180263 0.0179577634769 0.016119861754 0.0296825668817 0.0275886838009 0.0367661342353 0.0233852937536 0.0149581559966 0.0310796708158 0.0306639706942 0.0110485446817 0.00859702185179 0.0170559631312 -0.00431683710819 0.0378121615764 0.0169071733765 0.0322390790394 0.0196730131307 0.022365614032 0.022179949158 0.00888978248293 0.448763617142 0.0132701436717 -0.000688556688403 0.00742678050153 0.0204922407409 0.00175732443267 0.0184641494181 -0.0199058287069 0.00836605387952 0.0214715457766 -0.0034442007391 0.00445801838639 0.0144007552479 0.0253841760331 0.00922213765433 0.0335307796637 0.00625676622928 0.0304097867737 0.00914400666361 0.0170447036293 0.018995483975 0.0154400898715 
0.0228329376375 0.00843881204003 0.00892679595094 0.0240095839625 0.00148709157158 0.0100443532979 0.00561908030718 0.0209927463738 0.0207782531921 0.0117825323842 0.0160966534135 0.00252256435005 0.0108834433238 0.0185636700093 0.00540501714155 0.0160212629807 0.0411173055437 0.0188255448359 0.00688908929511 3.98906390437e-07 0.00884406925149 0.0278845559577 0.0197109492294 0.0089473688849 0.0039137171183 0.0175115400415 0.00149899147804 0.0229269640443 0.0132701436717 0.231464265622 -0.000159761763193 0.0101997629198 0.0291313531023 0.0117282276316 0.0107827011172 0.0126968347842 0.0111952380012 0.0167215939845 0.0239957907915 0.0193210873899 0.0211826552456 0.0119454121569 0.00520963874085 0.019543341673 0.0420301656321 0.014241877796 0.0138762539897 0.0313581712387 0.0320921088826 0.00787638710572 
0.0101408824579 0.0145911289606 0.00698582030853 0.0309312170733 0.016334256624 0.0232117170634 0.01576386741 0.0054391543409 0.0173085595814 0.0183101846179 0.0349864586245 0.0107275641589 -0.0144946918987 0.0156495201907 0.00368369962959 0.00592488251993 0.0204374646577 0.0210417930819 0.0126028649581 -0.000310549193404 0.0331349791117 0.0100080870644 0.0275088667426 -0.00969982780608 0.00977194742961 0.0239747705143 0.00864469139246 -0.00054408027892 -0.000688556688403 -0.000159761763193 0.40386012238 -0.00576443603587 0.0167102334306 0.0214133047555 0.0227314337705 0.00413873483699 0.00973065993474 0.0187037546829 0.0146603210875 0.00985360703864 0.0165062530743 0.013132390744 0.0244071627009 0.0460610687067 0.0468667201648 0.00861478782067 0.0161739614492 0.0280058240558 0.00268336074211 0.0131937064234 
-0.0173658533327 0.0113224514564 0.0123395415769 0.000986202810615 0.0112027224355 0.0137259166935 0.0139059298303 0.0129497441456 0.0121383974313 0.0143976326586 0.0165540361418 0.00587826866777 0.0171915028579 0.00971468950952 0.0108692862592 0.00566620198161 0.0147488962702 0.0250529009221 0.0166082076141 0.0459613937426 -0.00511598825653 0.00105435997046 0.0221356123824 0.0118232849766 0.00649712839338 -0.0035538741794 0.022670295097 0.0189623526181 0.00742678050153 0.0101997629198 -0.00576443603587 0.366366352031 0.008509131646 0.0122318434448 0.0196365554441 0.0150373683269 0.0201298615542 0.0183837729836 0.000937263976566 0.0349731410997 0.0140913332586 0.017070210363 0.00942708238651 0.00400404484154 0.0226987018904 0.00575972006282 0.0136091680593 0.0172992045302 0.00733548585781 0.0171805538589 
0.0093746194394 0.0175760109437 0.0210674556538 0.0326428782992 0.0294336445363 0.023954152031 0.0238552237263 0.000828514296405 0.0408933235288 0.027645370032 0.0129835561061 0.061148103022 0.0193225887776 0.0326941729908 0.0169950620865 -0.0015077690078 0.0375652758063 0.0251539713177 0.0216163125468 0.0147127588098 -0.000390968100582 0.0336329777444 -0.000456761176856 -0.00775208937998 0.0227637053897 0.0275367346035 0.00697514160063 0.0233916778733 0.0204922407409 0.0291313531023 0.0167102334306 0.008509131646 0.307657622924 0.0199575964406 0.0305950884235 0.0193157086097 0.0215511795072 0.0288105158919 0.0244812862228 0.00866604436728 0.00657995575302 0.0317207328969 0.0237071840109 0.0186136517125 0.0402908392636 0.0107602849518 0.0118933246572 0.0037281386873 0.00783529406032 0.0187087775377 
0.0168468233155 0.00921232067218 0.0132657541533 0.0246575774918 0.0217019943185 0.016092889283 0.0207259986671 0.0195104404627 0.0118767278129 0.00717943290169 0.0194111697754 0.0455514235809 0.0131328788977 0.0159751444738 0.0120243807452 -0.00254754711364 0.0367045535162 0.015837650035 0.0341476546808 0.0143992941513 0.0206726530502 0.0449554837817 0.029893888466 0.0206371598986 0.00781039026523 0.0186100100555 0.0118922504058 0.0252992518631 0.00175732443267 0.0117282276316 0.0214133047555 0.0122318434448 0.0199575964406 0.348594455116 0.0151835006223 -0.000749065875905 0.026364216915 0.0282056970713 0.0194338861818 0.000967057833895 0.00946889316747 0.0387301804134 0.0278877373879 0.0246501061456 0.0150735579535 0.0297460694868 0.0218283577899 0.02703813719 0.0118917519119 0.0214147916527 
0.0111311891594 -0.00917289120941 0.0210813253114 0.0222538981615 0.0136573153987 0.0221316994133 0.0135046677758 0.0235028367515 0.0314736898719 0.0263832555063 0.0236281384062 0.0132626820775 0.0406053481629 0.0158295233309 0.00320039916738 0.00440813106296 0.0236174018944 0.00975094077406 0.0076573415079 0.000404462076998 -0.00586813814297 0.031906508367 0.0167654164962 0.00617328071158 0.0204393998689 0.0178935974447 0.00612454137011 0.00632471722112 0.0184641494181 0.0107827011172 0.0227314337705 0.0196365554441 0.0305950884235 0.0151835006223 0.367695381654 0.0129395935425 0.0127768582009 0.0242177223438 0.0778092323507 0.0196683140471 0.0199910293351 0.0403582832375 0.0117700666243 0.0451607012134 0.0355165178146 0.00471100359608 0.0566584198608 0.0250276240562 0.0170413505515 0.0275775429634 
0.0215555912846 0.0155322955857 0.00307788381672 -0.00198822269135 0.0116347589814 0.00724061592952 0.0157355396551 0.00325761823559 0.0262859332838 0.00665320205468 0.00573393832666 0.0121932845444 -0.00469361340759 0.00144765433283 0.00108609118848 0.0196895633512 0.00460712364638 0.0432645888224 0.00936499805242 0.018770357289 0.00602140469052 0.0472388790332 0.0222394295366 0.016745840718 0.00406238533088 0.0189389267727 0.0104064829511 0.0427446066802 -0.0199058287069 0.0126968347842 0.00413873483699 0.0150373683269 0.0193157086097 -0.000749065875905 0.0129395935425 0.423456624758 0.0138286831347 0.0136968504592 0.0185756137269 0.00431045316101 0.0130244831547 -0.000500486378084 -0.000198277457474 0.00920292287941 0.0252950786701 0.0191630174201 0.0298287106219 0.0157771797768 0.00281881644868 0.00505004834714 
0.0211437189948 0.0377375427184 0.0175211893905 0.0114807108328 0.0427005596313 0.0145648749514 0.0409226388896 0.0184708023239 0.0219300437748 0.0271423269307 0.017915381892 0.0158006056935 0.0220534852059 0.0188092762985 0.0244494307081 -0.0092387627743 0.0200788619526 0.027437501631 0.0468613155962 0.0149797271775 0.0110133982021 0.0280235395705 0.046321437887 0.00891598785576 0.0198321263485 0.0140491281484 0.00939829872025 0.0217291534065 0.00836605387952 0.0111952380012 0.00973065993474 0.0201298615542 0.0215511795072 0.026364216915 0.0127768582009 0.0138286831347 0.204656371883 0.0419097096333 0.0309149561278 0.0139308140552 0.00396926258701 0.015912972244 0.0331226272012 0.00188262201742 0.0150171390981 0.01701795488 -0.00105691396596 0.0102471407841 0.00195874339787 0.0085899756125 
0.0434782943436 0.0354996793299 0.00872405587069 0.045025658447 0.0542970217436 0.00449424828159 0.0400506114973 0.0242590086479 0.0302293996228 0.0345487049379 0.0451298126666 0.022725989113 0.0164297929135 0.0207013890455 0.0369712848372 -0.00645284237506 0.00593685021904 0.0257733847027 0.0372999287572 0.0182580112136 0.00470089633408 0.0267637219791 0.0593877030126 0.0165092509592 0.0324756762765 0.0218106177206 0.00780324903421 0.00814348703133 0.0214715457766 0.0167215939845 0.0187037546829 0.0183837729836 0.0288105158919 0.0282056970713 0.0242177223438 0.0136968504592 0.0419097096333 0.27655343713 0.0203119631347 0.0183399306658 0.00926114088687 0.0275716489283 0.0231377841349 0.0439845279034 0.0321757669647 0.0249801600216 0.0341703910173 0.0292933432351 0.0199472206476 0.0076305784344 
0.0102298126152 0.00378759669636 0.00685236740004 0.000368571580475 0.0276512588916 0.00510745476354 0.0149965578907 -0.000915176618626 0.00823416029492 0.0179253672715 0.0178315629344 0.0256871686316 0.0115590511956 0.0163558586825 0.00389804730331 0.00735274892636 0.0145147336321 0.0187590329111 0.017837658538 0.00325601686832 -0.0163185086148 0.0340957855674 0.0185925844571 -0.00377460865276 0.022992849633 0.011173520244 0.00947714554051 0.0249405945341 -0.0034442007391 0.0239957907915 0.0146603210875 0.000937263976566 0.0244812862228 0.0194338861818 0.0778092323507 0.0185756137269 0.0309149561278 0.0203119631347 0.185870176693 0.0144180362131 0.00274253578436 0.0204328098627 0.0120980456004 0.00505067127728 0.0158130709701 0.0165128264066 0.0562526541623 0.0257890693136 0.017598374326 0.0228442576353 
0.00855161259276 -0.00202450897047 0.0136965456058 0.0387821788072 0.00748707961496 0.0372614829312 0.0117542323786 0.0135699930634 0.0142968409714 0.00483145275655 0.00514987339015 0.0159039529958 0.00978787334244 0.0172205241558 0.00775050661376 0.00980849390538 0.015903278726 0.01906491369 0.00864258477166 0.0117944781793 -0.00544478007754 0.0219107346157 0.0326405681327 -0.000603801805274 0.0185337235073 -0.00598321307264 0.0198469781802 0.00210842807117 0.00445801838639 0.0193210873899 0.00985360703864 0.0349731410997 0.00866604436728 0.000967057833895 0.0196683140471 0.00431045316101 0.0139308140552 0.0183399306658 0.0144180362131 0.458296310879 -0.00193229733925 0.0203510907472 0.0343082912024 -0.00459552266188 0.0145622136391 0.0247188625975 0.031269132227 0.0123291615081 0.0163145638372 0.00438923541253 
0.0198832432701 -0.0019140829559 0.0149525567548 0.042311685092 0.0138872909724 0.0220996613939 0.00965480372044 0.00657993597859 0.0120250471355 0.0149655085758 0.00250363418882 0.0157292560157 0.0129893051681 0.0111574490515 0.00410472453725 0.0168929449077 0.0289115344078 0.0535888443485 0.00653381032766 0.0237364081852 -0.00877952497894 0.000382714029605 0.0154858171107 0.104242167318 0.00711999045443 0.0231116855815 -0.00593012784874 0.0038236403495 0.0144007552479 0.0211826552456 0.0165062530743 0.0140913332586 0.00657995575303 0.00946889316747 0.0199910293351 0.0130244831547 0.00396926258701 0.00926114088687 0.00274253578436 -0.00193229733925 0.218271205583 0.0252419503944 0.0110438791787 0.0313407348726 0.0343907460443 -0.0045790571304 0.0256852818287 0.0270194412374 0.021696468002 0.00683935477827 
0.0177137171981 0.00896939597666 0.0111919203449 0.0178397170896 0.0196304285941 0.00570766012962 0.0159466901689 0.0272925215243 0.0234815761154 0.0229875179094 0.0336254555191 0.0161472692251 0.0198134814604 0.014023857908 0.0118546664569 0.0193794618762 0.0300803868174 0.0426220928475 0.00723574393333 0.0108935963915 0.00103871637004 0.0367042108534 0.0174875251449 -0.00644668465356 0.0204879206128 0.0208071685361 0.00823408542638 0.0163908859371 0.0253841760331 0.0119454121569 0.013132390744 0.017070210363 0.0317207328969 0.0387301804134 0.0403582832375 -0.000500486378085 0.015912972244 0.0275716489283 0.0204328098627 0.0203510907472 0.0252419503944 0.210337533512 0.0071915484734 0.0315761795513 0.0344925579256 0.00508135298778 0.0384725491015 0.0242292260062 0.021503267339 0.0285931942303 
0.00437033576834 -0.00994672503301 0.022852395078 0.0212665355021 0.0174543123463 0.0146089205229 0.0129625527759 0.0163660883224 0.0214313127736 0.0116385484063 0.0103602673256 0.0229415144288 0.0277593001748 0.00652681217238 0.0191657074967 0.00617537469351 0.0403843095395 0.0615596496998 0.0129099138309 0.010202768812 0.0152980173549 0.0385834936462 0.0176123849788 -0.0092012079164 0.0212337622597 0.0149633714486 0.00530500702943 0.0136797159837 0.00922213765432 0.00520963874085 0.0244071627009 0.00942708238651 0.0237071840109 0.0278877373879 0.0117700666243 -0.000198277457473 0.0331226272012 0.0231377841349 0.0120980456004 0.0343082912024 0.0110438791787 0.0071915484734 0.487171014281 0.0426773206962 0.0135315569077 0.0136022161183 0.00669140560533 0.0104827573937 0.0137605976645 0.00436683185226 
-0.00166800466157 0.0379751745468 0.0133218688717 0.0448807448218 0.00311667884851 0.034521708698 -0.00283393158277 0.0546017287114 0.0551513924192 0.0193951944824 0.0478156758002 0.0300171720905 -0.000602599441947 0.0248319155009 -0.0040466284669 0.0913130728323 0.0352443019456 0.041350664134 -0.0155451570815 0.0123871031811 0.0437926081729 0.0113066487727 0.00837406332068 0.031816769704 0.00791598302314 0.0340686114942 -0.00247012760068 0.00858720625388 0.0335307796637 0.019543341673 0.0460610687067 0.00400404484154 0.0186136517125 0.0246501061456 0.0451607012134 0.00920292287941 0.00188262201742 0.0439845279034 0.00505067127728 -0.00459552266188 0.0313407348726 0.0315761795513 0.0426773206962 1.23661369282 0.0875658808753 0.00695202383649 0.0923688880562 0.0275732623988 0.0107338449129 1.29252395594e-05 
0.0242419655921 0.0206725261782 0.010740720369 0.0320342204614 0.0146456538814 0.038427575952 0.0118167091193 0.0317819697512 0.0345356849419 0.0212364238022 0.0142066871143 0.0355698684983 0.0248664099758 0.0072586842519 0.0049219180076 -0.00604982949939 0.0562973597286 0.0688213623671 0.0230350365711 -0.00593178056302 -0.00406770863514 0.0526701726043 0.0260088399681 -0.00184289157182 0.018033985023 0.0229512691949 0.00537907238017 0.0276940999254 0.00625676622928 0.0420301656321 0.0468667201648 0.0226987018904 0.0402908392636 0.0150735579535 0.0355165178146 0.0252950786701 0.0150171390981 0.0321757669647 0.0158130709701 0.0145622136391 0.0343907460443 0.0344925579256 0.0135315569077 0.0875658808753 0.530178294603 0.0100791508171 0.0562283796959 0.0607877332807 -0.00262966626944 0.0120091627835 
0.00844413245663 0.0113854806378 0.00311099280964 0.0126430525294 0.0193771145941 0.0089706884425 0.0221399792928 0.0234330042767 0.0185065873524 0.0205897281241 0.024241550074 0.0164979649285 0.0153545497064 0.0146749353556 0.0105828291702 0.0152938882355 0.0561035359041 0.0271881392734 0.00400858746812 -0.00112952408075 0.0272371187036 0.023534647575 0.00956302727646 -0.00652588072244 0.000782451005905 0.00230551722876 0.0177376354284 0.00174877299173 0.0304097867737 0.014241877796 0.00861478782067 0.00575972006282 0.0107602849518 0.0297460694868 0.00471100359608 0.0191630174201 0.01701795488 0.0249801600216 0.0165128264066 0.0247188625975 -0.0045790571304 0.00508135298778 0.0136022161183 0.00695202383649 0.0100791508171 0.387339756906 -0.00295014917245 0.00750963596544 -0.0112321534026 0.0102294302923 
0.010598710504 0.00128854631847 -0.000220954705414 0.0584536573935 0.00234296671484 0.00751199161468 0.0111291595509 0.00875204498426 0.0360634743825 0.0283265670655 0.0414047457319 0.00652625984832 0.00962852928067 0.0172115373935 6.7145568058e-05 0.017650600289 0.0110199456584 0.0422838452961 0.00197214770996 0.00997142784608 -0.00581861089194 0.00517347497902 0.00809071289645 0.0413594485932 0.0162410688392 0.0193945043383 0.00991901943985 0.0246947743856 0.00914400666361 0.0138762539897 0.0161739614492 0.0136091680593 0.0118933246572 0.0218283577899 0.0566584198608 0.0298287106219 -0.00105691396596 0.0341703910173 0.0562526541623 0.031269132227 0.0256852818287 0.0384725491015 0.00669140560533 0.0923688880562 0.0562283796959 -0.00295014917245 0.344836839064 0.0348423234278 0.0218855669698 -0.0050105685252 
0.0127972211727 0.0134209228576 0.0111390324016 0.029824704392 0.0138277113427 0.00239323223176 0.00762553141896 0.0273712292803 0.0359240745489 0.0132758914145 0.0189515772108 0.0212258723171 0.00687439761657 0.0107456290824 -0.000907453549546 0.0118470480719 0.0387555895363 0.0279271296968 0.00468082691842 0.0102856164966 -0.0246375148973 0.0334854910658 0.00926919506661 -0.00173903540269 0.0429543493188 0.00682941663313 0.0133758658365 0.0395650835814 0.0170447036293 0.0313581712387 0.0280058240558 0.0172992045302 0.0037281386873 0.02703813719 0.0250276240562 0.0157771797768 0.0102471407841 0.0292933432351 0.0257890693136 0.0123291615081 0.0270194412374 0.0242292260062 0.0104827573937 0.0275732623988 0.0607877332807 0.00750963596544 0.0348423234278 0.276939645098 0.0221127308983 0.0247924717862 
