20
0.0388313797841 0.114457978761 0.044344522835 0.107238949757 0.0388241127613 0.0180781461794 0.147407151382 0.0215013837744 0.0754225878746 0.542098982398 0.0163484450471 0.079223051944 0.0125275076286 0.0261881624723 0.0570579479668 0.0852779749864 0.0367752030525 0.023795453615 0.0122123060087 0.0514292405054 
0.410406561005 0.00711842433162 0.0298133669299 0.0228070510845 0.025703284582 0.00570184457035 0.0361902067915 0.0220969640814 0.0289510089595 -0.0116618993664 0.00546393635529 0.0480009957456 0.0260577590017 0.0383244671481 0.0164528134274 0.0375185342985 0.0115658562283 0.00830041432109 0.0321120517365 0.0262612509124 
0.00711842433162 0.414459689442 0.0265938533409 0.0257875735613 0.00754672413167 0.00495871524187 0.188127403343 0.0159944691359 0.0196820843302 0.0590608228283 0.0389201648483 0.00634041812507 0.0181988507762 0.0101092780194 0.0199310920517 0.0183291918791 -0.0106514990033 0.0308540824458 0.009839567197 0.0262491495665 
0.0298133669299 0.0265938533409 0.216655646999 0.0672260847099 0.0213199567308 0.0207056172533 0.049595845974 0.0382321320397 0.0313028345692 0.0375737419781 0.0164885930494 0.0422763956974 0.0242637265429 0.0346062608755 0.025583939018 0.0448570131212 0.0277814442826 0.0150350824741 0.0202390879054 0.0462013275054 
0.0228070510845 0.0257875735613 0.0672260847099 0.492085509529 0.0222857576067 0.00768265784928 0.0249784826118 0.0416036859936 0.0360944150515 -0.0116685770875 0.0257107952487 0.0330049216781 0.0172503993449 0.032833373548 0.02982981501 0.0246484558563 0.024487351031 0.0184618647665 0.00592968630915 0.0528314523928 
0.025703284582 0.00754672413166 0.0213199567308 0.0222857576067 0.194170348459 0.0233051678839 0.00321347930983 0.0220572593027 0.0434044202657 0.0180462581142 0.0132284526985 0.0242571404506 0.0270697413945 0.0264708206621 0.0218222954195 0.0299561596939 0.0186277672874 0.00568740731465 0.0206507543871 0.0323884658843 
0.00570184457036 0.00495871524187 0.0207056172533 0.00768265784928 0.0233051678839 0.251742380234 0.0309962355549 0.0170852684883 0.00573587657475 -0.00843369616065 0.00673003725376 -0.00180021134129 0.00887692255786 0.0112493962041 0.00353267338725 0.0268486447184 0.0109571790764 0.0116709476971 0.0123372165061 0.0152281125982 
0.0361902067915 0.188127403343 0.049595845974 0.0249784826118 0.00321347930984 0.0309962355549 0.537711388645 0.00950081007353 0.00207827761444 0.123989697143 0.0286505178449 0.024406504441 0.016384848493 0.0125257812791 0.0114815723567 0.0167284661335 0.00754580425009 0.00188199252702 0.0165360758643 0.0329185883086 
0.0220969640814 0.0159944691359 0.0382321320397 0.0416036859936 0.0220572593027 0.0170852684883 0.00950081007352 0.292748378182 0.0319747158987 0.0397621634262 0.0139393142675 0.038057258387 0.0264440046626 0.0181408033492 0.0259660374707 -0.000420696394042 0.0254583257082 0.0149730769184 0.0192032590139 0.0295548850741 
0.0289510089595 0.0196820843302 0.0313028345692 0.0360944150514 0.0434044202657 0.00573587657475 0.00207827761443 0.0319747158987 0.499244555984 0.00805538763156 0.0072345356397 0.0105655205879 0.0151219093726 0.00745812602756 0.0115349606628 0.0194905898991 0.00759908396211 0.000140782828567 -0.00831803062779 0.0404387304505 
-0.0116618993664 0.0590608228283 0.0375737419781 -0.0116685770875 0.0180462581142 -0.00843369616065 0.123989697143 0.0397621634262 0.00805538763156 8.19401477124 0.0308464531182 0.0177375727815 -0.0102203700313 0.0180937149514 0.043807636176 -0.00654590418502 0.00309557723403 0.0412501940746 0.0183877596606 0.0140525826006 
0.00546393635529 0.0389201648483 0.0164885930494 0.0257107952487 0.0132284526985 0.00673003725373 0.0286505178449 0.0139393142675 0.00723453563971 0.0308464531182 0.207715306431 0.0131738834065 0.0155157945948 0.00878265209357 0.0126188944947 0.0280200062934 0.0033612699398 0.0561166582049 0.0251373984029 0.0424209209155 
0.0480009957456 0.00634041812507 0.0422763956974 0.0330049216781 0.0242571404506 -0.00180021134129 0.024406504441 0.038057258387 0.0105655205879 0.0177375727815 0.0131738834065 0.398229540798 0.0278554537731 0.019075892374 0.0187884626705 0.0324524454675 0.0223938174608 0.0103982439084 0.0233189224374 0.0269937528379 
0.0260577590017 0.0181988507762 0.0242637265429 0.0172503993449 0.0270697413945 0.00887692255786 0.016384848493 0.0264440046626 0.0151219093726 -0.0102203700313 0.0155157945947 0.0278554537731 0.309131998626 0.00370448812886 0.0296379937146 0.0207044542204 0.0140716116955 0.00808388685096 0.020888909188 0.0158133233104 
0.0383244671481 0.0101092780194 0.0346062608755 0.032833373548 0.0264708206621 0.0112493962041 0.0125257812791 0.0181408033492 0.00745812602756 0.0180937149514 0.00878265209357 0.019075892374 0.00370448812886 0.261904404342 0.0156021824796 0.0419858797868 0.0168767411793 0.00287708085073 -0.00247182700759 0.016411036984 
0.0164528134274 0.0199310920517 0.025583939018 0.02982981501 0.0218222954195 0.00353267338726 0.0114815723567 0.0259660374707 0.0115349606628 0.043807636176 0.0126188944947 0.0187884626705 0.0296379937146 0.0156021824796 0.338977760068 0.0120798487177 0.00802073636882 0.0133935901537 0.00389217399427 0.0285531231637 
0.0375185342985 0.0183291918791 0.0448570131212 0.0246484558563 0.0299561596939 0.0268486447184 0.0167284661334 -0.000420696394036 0.0194905898991 -0.00654590418502 0.0280200062934 0.0324524454675 0.0207044542204 0.0419858797868 0.0120798487177 0.408460416413 0.0215153254863 0.03914222952 0.0337739181196 0.0206753218853 
0.0115658562283 -0.0106514990033 0.0277814442826 0.024487351031 0.0186277672874 0.0109571790764 0.00754580425009 0.0254583257082 0.00759908396211 0.00309557723403 0.00336126993977 0.0223938174608 0.0140716116955 0.0168767411793 0.00802073636883 0.0215153254863 0.265410813093 0.000495496190474 0.00920621463672 0.0334762644684 
0.00830041432109 0.0308540824458 0.0150350824741 0.0184618647665 0.00568740731465 0.0116709476971 0.00188199252701 0.0149730769184 0.000140782828568 0.0412501940746 0.0561166582049 0.0103982439084 0.00808388685096 0.00287708085073 0.0133935901537 0.03914222952 0.000495496190511 0.195250619054 0.00171988257872 0.0242295095836 
0.0321120517365 0.00983956719699 0.0202390879054 0.00592968630916 0.0206507543871 0.0123372165062 0.0165360758643 0.0192032590139 -0.00831803062779 0.0183877596606 0.0251373984029 0.0233189224374 0.020888909188 -0.00247182700759 0.00389217399427 0.0337739181196 0.00920621463669 0.00171988257871 0.289730045272 0.0186704676887 
0.0262612509124 0.0262491495665 0.0462013275054 0.0528314523928 0.0323884658843 0.0152281125982 0.0329185883086 0.029554885074 0.0404387304505 0.0140525826006 0.0424209209155 0.0269937528379 0.0158133233104 0.0164110369841 0.0285531231637 0.0206753218853 0.0334762644684 0.0242295095836 0.0186704676887 0.225078701932 

['HAS', 'XTO', 'DOV', 'R', 'ABK', 'RRD', 'SUN', 'INTC', 'HSP', 'VIA.B', 'TE', 'INTU', 'S', 'AN', 'BF.B', 'AET', 'ABT', 'ETR', 'WPI', 'MER']