20
0.0261881624723 0.0272696759741 0.0589662330248 0.169485482474 0.0559549201136 0.0746691414478 0.0313696733512 0.0594687244428 0.0144645316835 0.0132097716294 0.0404531955786 0.0501755430095 0.0695535734162 0.0690593134036 0.0559384191954 0.0267221777707 0.0272516352802 0.133882810383 0.136312174374 0.0597094198611 
0.267969545978 0.00824440980405 0.0186430096817 0.00526559410959 0.0342850806353 0.0220374959158 0.0206058909305 0.0181928223708 0.0118429005252 0.0145055120791 0.00756308007877 0.0128721070246 -0.00237465156658 0.00174568552748 0.0256347435948 0.0123225439171 0.0144198500371 0.0191823018504 -0.00579286997093 0.0223149652343 
0.00824440980405 0.150291549645 0.0393764469586 0.015127316162 0.0463856399284 0.0355159971815 0.0218518280748 0.0229261221799 0.0202761757491 0.019802082116 0.0260899466716 0.0223215674986 0.00864338205984 0.0167094723984 0.0134059056875 0.028427182122 -0.00143394010281 0.0226934475078 -0.00403198674851 0.0146856701107 
0.0186430096817 0.0393764469586 0.406929094818 0.0081710958187 0.0291820902737 0.00574215342915 0.0274715484907 0.0310341549975 0.0141800058337 0.0194794628111 0.0092066817068 0.0294895119619 0.00859646949541 0.0229229818782 0.0359955116647 0.0146305818647 0.0125453492111 0.0138366854938 -0.0111840647748 0.0253251654011 
0.00526559410959 0.015127316162 0.0081710958187 0.68173615241 0.0139220000221 0.00738310330193 0.020001535137 -0.000148079591767 0.0284679830285 0.0150984788391 0.0291165917245 0.0255425025353 0.0147034031356 -0.00555208058291 0.0235389198115 0.0353336784057 0.00134033155108 0.0521163567222 -0.0267885795008 0.00238395361418 
0.0342850806353 0.0463856399284 0.0291820902737 0.0139220000221 0.28143019064 0.0344503567993 0.0276911488861 0.0353660703252 0.0335828189816 0.0336502794798 0.0576222759291 0.0119574387152 0.0314325950388 0.0379897965284 0.0331336067916 0.040818168738 0.0426250052691 0.0471962532627 -0.0160158670948 0.027085244249 
0.0220374959158 0.0355159971815 0.00574215342915 0.00738310330193 0.0344503567993 0.506599258074 0.0192347417772 0.0204498940752 0.00622510793902 0.00777153592186 0.0344898589936 0.0660345621096 0.0205894611818 0.0398543498684 0.0421469259035 0.0275770897819 0.00228670492579 0.0413775068421 -0.0225028746204 0.0177457881419 
0.0206058909305 0.0218518280748 0.0274715484907 0.020001535137 0.0276911488861 0.0192347417772 0.188254761479 0.0170154486055 0.012787183769 0.0104291081126 0.013241578106 0.0297159733054 -0.00206329241843 0.0235111538781 0.00966029843317 0.0282148398153 0.00603482797431 0.0216561224141 -0.00167233268159 0.0124411752511 
0.0181928223708 0.0229261221799 0.0310341549975 -0.000148079591767 0.0353660703252 0.0204498940752 0.0170154486055 0.416478699243 0.0149858047073 0.0206789251142 0.0227610774989 0.0170321403601 0.00457463734468 0.0210060075576 0.00854930379258 0.00995261181647 -0.00553288831252 0.0300399398132 -0.0119257156196 0.010890548299 
0.0118429005252 0.0202761757491 0.0141800058337 0.0284679830285 0.0335828189816 0.00622510793902 0.012787183769 0.0149858047073 0.292104681948 0.0130578811802 0.00786127684425 0.0160022781934 1.30978094985e-05 0.0127996944903 0.0206266104095 0.0186223317978 0.0173035505179 -0.00410145129565 0.00630626973337 0.00861857134118 
0.0145055120791 0.019802082116 0.0194794628111 0.0150984788391 0.0336502794798 0.00777153592186 0.0104291081126 0.0206789251142 0.0130578811802 0.173615571415 0.0247075546228 0.0194737912101 0.0134701763637 0.0216916165868 0.012813302846 0.000632558360202 0.0103180234147 -0.000248035458205 -0.00558806804312 0.0162920823215 
0.00756308007877 0.0260899466716 0.0092066817068 0.0291165917245 0.0576222759291 0.0344898589936 0.013241578106 0.0227610774989 0.00786127684424 0.0247075546228 0.3599495977 0.00694032795984 0.0202345694498 0.0166482311048 0.0273001927301 0.0276622391271 0.0211325497848 0.0528907262306 -0.00842220853271 0.0356736388832 
0.0128721070246 0.0223215674986 0.0294895119619 0.0255425025353 0.0119574387152 0.0660345621096 0.0297159733054 0.0170321403601 0.0160022781934 0.0194737912101 0.00694032795984 0.321124945823 0.0432210186619 0.0132362746572 0.0411862543126 0.0180910357198 0.00407550275072 0.0243848035509 -0.0127127681108 0.0178542496179 
-0.00237465156658 0.00864338205984 0.00859646949541 0.0147034031356 0.0314325950388 0.0205894611818 -0.00206329241843 0.00457463734468 1.30978094993e-05 0.0134701763637 0.0202345694498 0.0432210186619 0.401529322697 0.0343295907008 0.0252983410422 0.00883944995979 0.0112541786599 -0.00185971128392 -0.0131027949224 -0.0050544489256 
0.00174568552748 0.0167094723984 0.0229229818782 -0.00555208058291 0.0379897965284 0.0398543498685 0.0235111538781 0.0210060075576 0.0127996944903 0.0216916165868 0.0166482311048 0.0132362746572 0.0343295907008 0.432752667348 0.0187149346926 0.021589201457 0.00913741921867 0.0538513259863 -0.0207098149732 0.00895909178238 
0.0256347435948 0.0134059056875 0.0359955116647 0.0235389198115 0.0331336067916 0.0421469259035 0.00966029843317 0.00854930379258 0.0206266104095 0.012813302846 0.0273001927301 0.0411862543126 0.0252983410422 0.0187149346926 0.241483035259 0.0132426766667 0.011406790847 0.00416672328467 -0.0067068578789 0.00738694022751 
0.0123225439171 0.028427182122 0.0146305818647 0.0353336784057 0.040818168738 0.0275770897819 0.0282148398153 0.00995261181647 0.0186223317978 0.000632558360201 0.0276622391271 0.0180910357198 0.00883944995979 0.021589201457 0.0132426766667 0.200508141373 0.0166940195766 0.0529626286221 0.00184742828113 0.0251030203221 
0.0144198500371 -0.00143394010281 0.0125453492111 0.00134033155108 0.0426250052691 0.00228670492579 0.00603482797431 -0.00553288831252 0.0173035505179 0.0103180234147 0.0211325497848 0.00407550275072 0.0112541786599 0.00913741921867 0.011406790847 0.0166940195766 0.230588377741 0.026061201194 -0.00132187078321 0.00949220176264 
0.0191823018504 0.0226934475078 0.0138366854938 0.0521163567222 0.0471962532627 0.0413775068421 0.0216561224141 0.0300399398132 -0.00410145129565 -0.000248035458205 0.0528907262306 0.0243848035509 -0.00185971128392 0.0538513259863 0.00416672328467 0.0529626286221 0.026061201194 0.509540398531 0.00520890324553 0.0208492301304 
-0.00579286997094 -0.00403198674851 -0.0111840647748 -0.0267885795008 -0.0160158670948 -0.0225028746204 -0.00167233268159 -0.0119257156196 0.00630626973337 -0.00558806804312 -0.00842220853271 -0.0127127681108 -0.0131027949224 -0.0207098149732 -0.0067068578789 0.00184742828113 -0.00132187078321 0.00520890324553 1.94281789288 0.00805893001836 
0.0223149652343 0.0146856701107 0.0253251654011 0.00238395361418 0.027085244249 0.0177457881419 0.0124411752511 0.010890548299 0.00861857134118 0.0162920823215 0.0356736388832 0.0178542496179 -0.0050544489256 0.00895909178238 0.00738694022751 0.0251030203221 0.00949220176264 0.0208492301304 0.00805893001836 0.409936965738 

['AN', 'SIAL', 'VFC', 'ADM', 'PCAR', 'ERTS', 'NOC', 'PKI', 'IPG', 'IBM', 'LPX', 'MHP', 'BLS', 'AOC', 'TMO', 'GAS', 'OMC', 'SLB', 'KMI', 'CPWR']