100
0.045759308444 0.0297343435849 0.066200000993 0.0270000307956 0.146363775453 0.0482651065397 0.0424048973372 0.019144788815 0.107116270008 0.0192488530763 0.0780955523414 0.0597278634654 0.0754552666066 0.00873698993333 0.0486959213786 0.0265727047954 0.107238949757 0.0698927007 0.0389775871913 0.0447966226616 0.106366385329 0.0791308905459 0.0545934085328 0.0246645675501 0.128413882411 0.0451551332239 0.0413167922229 0.0784336943662 0.0739523233915 0.0202574279786 0.0331056926512 0.0592302274211 0.0726136826411 0.129241945615 0.127416862275 0.0442230302855 0.0565518641406 0.0870342926162 0.0251604878384 0.0576577356707 0.123248136701 0.0367752030525 0.0395572708053 0.0933125666969 0.0522856391002 0.039970875035 0.0540864966038 0.0874158444094 0.214537342356 0.0220144037379 0.0448147494519 0.0404531955786 0.026417897889 0.0832698050771 0.126305303483 0.0335346879574 0.116671338284 0.0988670942005 0.0330111524363 0.0262343191133 0.0439476996979 0.0629738483482 0.114001255301 0.0308768641188 0.0359279599811 0.0746691414478 0.0414012394119 0.0435638119902 0.0793031051092 0.0613427887106 0.0125275076286 0.135299445153 0.0151091702759 0.0970140476379 0.0572050688987 0.0377827405953 0.0054327763703 0.0565521495323 0.0631385093148 0.0682562642732 0.0843714281037 0.0434942638749 0.266244884644 0.0122123060087 0.0621529110589 0.0313696733512 0.0341115490789 0.0290232005544 0.0253425298527 0.0623322546876 0.005148759701 0.133327922328 0.116792266476 0.0528259349661 0.0754225878746 0.0131635076039 0.239728898705 0.0466521206007 0.0635798530397 0.0743289823458 
0.172169713422 0.0121118698581 -0.00256968979871 0.0119282225855 0.0044266700023 0.00606212977734 0.00449787718889 0.00669767944753 0.0171456927093 0.00497542279339 -0.00304825530815 0.0096788319512 0.0229396214642 0.00410962401363 0.0163708626166 0.0176367513952 -0.0041620107697 0.00145496788918 0.0134904891659 -0.00393515066656 0.0681892711116 0.0124016608385 0.0262093172978 0.019318872863 0.0645570401345 0.00637929516639 0.00342599310543 0.00691687476715 0.00772150492139 0.0149349824075 0.0270104387356 0.00962192483517 0.0160148635943 -0.000859570705261 0.0702883095245 0.0152550440183 0.0114233869536 0.00832302802517 0.015711515097 0.00886427377747 0.0202297934697 -0.00337112002241 0.00322393699484 0.00786447065453 0.0233623369015 0.00112274642262 0.00448917685814 -0.0105226803049 0.00053872098764 0.0214321054433 -0.012114038133 0.022214397828 0.00274138677748 0.0607733174815 0.0543576116189 0.0098017376965 0.0090099548501 0.0115202699136 0.00910647405232 0.0128460121412 -0.000920219654699 0.0511955253537 0.0189084884678 -0.00339445155766 0.011461877937 0.0151848076035 -0.000352485018536 0.0123596140378 -0.0126638119237 0.0115114105902 0.0134828260782 0.0603917690421 0.0106400725614 0.0139110650283 0.0158965344837 0.0406313498454 -0.00175224819899 0.00333255524897 0.00813998047628 0.00232863453241 0.00733400266415 0.00702493485563 -0.00622564874826 0.00710939974201 0.00935320938822 0.000980765455763 0.00932206022661 -0.00346512162458 0.00394224818935 0.00987473202837 0.00799889824739 0.0102028932665 -0.00370862526375 0.00196442672292 0.00333011840283 0.00873875003946 0.0139371016176 0.0165068216914 0.00504992589624 0.0213003266556 
0.0121118698581 0.179923649623 0.0124723968542 0.00929481957603 0.00919234085446 0.0126081172269 0.00656594845217 -0.00558408779293 0.0227217523677 0.0222165351636 9.1799340448e-05 -0.00517925345254 0.0109441647796 0.0144025696297 0.0109354091798 -0.0023049136384 0.00801268232363 0.0174004413984 0.00578455684568 0.00277631914577 0.00465366161213 -0.00302148476258 -0.00224979466343 0.00256406355411 0.0273975266623 -0.00131683935086 0.0065923395934 0.0123257178947 -0.00991212299647 0.0080780819639 0.00358194152126 0.00734870068396 0.00322145742466 -0.00763195452834 0.00998075058848 0.0165189145967 0.017322656957 0.00846064587027 0.00609559497422 -0.000885412273226 0.00495714079247 0.00670288432602 -0.000318875409865 0.0143559200937 -0.00846581198746 -0.002300503579 0.00415182079917 0.00305093522349 0.00452130684504 0.00605729540392 0.000201964901383 0.00471043940556 0.00808369398542 0.0126945072803 0.0255534060923 0.00386848116199 0.0107719612767 0.0158265719413 -0.00825796077399 0.00284145314364 0.00518055984605 -0.00115030087089 -0.0142810783693 0.00369505023857 0.00961748214179 0.0155057535273 0.0113887912482 0.0206767310334 -0.00817065481544 0.0106195241627 0.0178023973062 0.00602570665318 0.00106809082853 0.0141524270964 0.0161458783461 0.0107374435946 0.0164402064327 0.00649330025281 -0.0102493836083 0.0020323065311 0.00804834020667 0.00794917572181 0.0027348051461 -0.00523272702892 -0.00608102919233 0.00244644960391 -0.00167622537188 0.00633470927535 -0.00597431197989 0.0164121327631 0.00406132962313 0.00539900461402 -9.7726340067e-05 0.0104920939571 0.00850755965626 0.00764116084687 -0.00208933099008 0.00475077800182 0.0122875278887 0.00972401458466 
-0.00256968979871 0.0124723968542 0.632463946122 0.0271212650146 0.017846760772 0.0180798006562 0.0200784899142 0.0301280196237 0.0223257728035 0.0198735601865 0.00057502066423 -0.0153617129821 0.0386795682133 0.0163144037797 0.0174405065907 0.0226412788674 0.0384277873456 0.00634171326928 -0.0226040974093 0.021193753221 0.033115543561 0.0317285185648 0.0159253944001 0.0284071673017 0.0436817304519 0.0037979217565 0.0311334167527 0.000548279676985 0.0121344719132 -0.0154261550862 0.0158258070362 0.0149727528676 0.0234371784741 -0.0142854091312 0.00876605497563 0.0161475006154 0.0279882440175 0.00818118818429 0.020111081893 0.0269964822401 0.0426972586498 0.0135325851613 -0.00254388812488 -0.0214919497302 0.00567257367991 0.00578324170868 0.00793513065645 0.00836411645892 -0.0144259659754 0.0113944767051 0.0141128599668 -0.00615667229998 0.0208865318271 0.0289917382887 -0.0208916234261 0.00887177111113 0.0111339223471 -0.0186619715053 0.0301594449666 0.0227274988996 -0.0113759164962 -0.00469285312219 -0.00599157736877 0.00482986153308 0.00221730477097 0.0117519408361 0.036718692096 0.0257096970412 0.0233146114056 0.00552021657384 0.0382248683743 -0.00652281527167 0.0200482976436 0.0291548992447 0.0137327353577 0.0117846943546 -0.0065341785704 0.000554363681065 0.00527329676711 0.000939674062925 -0.00631747624319 -0.00162832545909 0.00935160016968 -0.0263815229757 0.0345356265073 0.0480524266014 -0.000112377821259 0.0126739698966 0.00414485503074 0.0122759014127 -0.00273037310082 0.0209575990078 0.0189950838007 0.0294641114125 0.00249919646398 0.0228207927805 0.0243247264866 0.0198047938643 0.0223599220911 0.0313655910895 
0.0119282225855 0.00929481957603 0.0271212650146 0.191845931112 0.00530420956301 0.00868472464049 0.0223516202581 0.0242937176197 0.0234799973718 0.00894583665871 0.0053732250394 0.0299571891413 0.0235220706019 0.00735633705318 0.0176906465809 0.00504022363525 0.0297214093145 0.0165061081446 0.0103081283945 0.00776105514188 0.00455048145388 0.00676539436026 0.0391918287624 0.00894017492579 0.00987580803668 0.00799377664744 0.0120238981016 0.0206162122561 0.0139073148568 0.0157863633428 0.00410966621501 0.0102732739248 0.0402648437697 0.0138505039174 0.0140907947858 0.0289662075024 0.0146774202706 0.0276836743553 0.0100882103271 0.0209632111945 -0.00410941243536 0.00982585787133 0.00675578181544 0.0190516258153 0.0115047031583 0.0160610174975 0.00267840464823 0.00419653261851 0.0291613190539 -0.00212154135021 -0.0079177624588 0.0186500011022 0.00544293539339 0.0120594888574 0.0181393614466 0.00980279202657 0.0116567611268 0.0172024082938 0.0236113857017 0.0191076668952 0.00996408417346 0.0045005669296 0.000730745658384 0.0201800124662 0.000815353381107 0.00773661504225 0.0159819307746 -0.00170214629904 0.0229334822544 -0.000309454467989 0.016456558064 0.030204508712 0.0080592582954 0.0263251250268 0.025965695838 0.000942085123696 0.0130523998342 -0.0125249193777 0.0219526023854 0.0112177213018 0.000921865093925 0.0499465790179 -0.00746918082973 0.00112316339382 0.00556166532581 0.0152498930065 0.0182912496125 0.0148171309306 0.00500618219435 -0.00994873277039 0.0199257482028 0.0147955094894 0.00511855779744 0.0200370301462 0.00982800233591 0.00292500375998 0.0217900707622 -0.0038470224137 0.014151075826 0.0205920566454 
0.0044266700023 0.00919234085446 0.017846760772 0.00530420956301 0.96251094636 0.0113085292051 0.0115565082627 0.00158415511398 -0.0125897659311 0.0103200312085 0.00819721966642 0.0020837266518 0.0193978053854 0.00492088754963 0.0106916219605 0.0144461331262 0.00229467940035 -0.005404115143 -0.00125021226969 0.0268585958193 0.00668843809187 -0.0142075886274 0.0151476412283 0.0153158860176 0.0149322835167 -0.00339401773508 0.0365661869687 0.00678546348383 0.0026675614075 0.00174602544754 -0.00494913382147 0.0407591037735 0.0269049818117 0.171286043712 0.0194563641214 -0.00165862656857 0.0109480476792 0.0244002426423 0.00862806038724 0.000576839430386 0.028039299427 0.0075458066514 0.00715168089429 0.0172378339781 0.0175375085531 0.0231234968936 0.00970983293836 0.0145601110371 0.0109873147248 0.00201395363467 -0.00741192866042 0.00982127971257 0.00413538190788 0.00966558415852 0.0168475504902 0.00977188433312 -0.00609765169092 0.025189413962 -0.0119665622615 -0.00614228947642 0.00873067559633 -5.16820168836e-05 0.00256400116296 -0.00195383735337 0.0070820812024 0.00699045070638 0.0271476956289 0.0114023471888 0.0086452144724 0.016084198207 -0.00390885321768 0.0264994432372 0.0128224248405 0.0225687762081 0.0110119126634 0.00396822007422 -0.00689356563879 -0.00183352344927 0.0268346697436 0.00845112455157 0.00823208777475 0.0189187459801 0.0181614100228 0.00293939344394 0.0031478123037 0.0112718815459 0.00695613358142 0.0063461691715 -0.00192756654286 0.00236111042591 0.0194985637476 0.00257447759323 0.00987333715247 -0.00291330531861 0.0184836302118 0.00141883925493 0.0115884141321 0.0182285911879 0.0245945635873 -0.0012116212475 
0.00606212977734 0.0126081172269 0.0180798006562 0.00868472464049 0.0113085292051 0.282254179877 -0.00279047699074 0.00877624000914 0.0354400931204 0.0141509994297 0.00543922040294 0.0205897297072 0.0107043608563 0.00483165132335 0.0193279908674 0.0236672145726 0.0174352781971 0.00624466043627 0.00170875328429 0.0466393627336 0.0128194181706 0.00990466970542 0.0232115513006 0.021356457286 0.0247538553888 0.000167910975671 0.00606521915642 0.0299544511192 0.00982523075502 0.0235376657626 -0.00543469684978 0.0180722642353 0.0081628937583 0.0218002189151 0.0104174051488 0.0048381033112 0.00553839164489 0.0150543619913 0.009833755877 0.0147749046623 0.024064730701 0.0106650398496 0.00438017201369 -0.00907720936455 0.0203916650756 0.0105685998763 0.00808598639953 0.0241965685752 0.0111877492988 -0.00261745530126 -0.00378819106034 0.0315273546691 0.00227166539035 0.00860687836615 0.0136253498336 0.0142913281644 0.00475397496871 0.044944814729 0.0329328251896 0.0144818730533 0.0030602579779 -0.00333949076768 -0.000306481356327 0.0126336939628 0.0150845369455 0.0210686961777 0.00469377776479 0.0151773786461 0.0156932032992 -0.00262085276474 0.0238299065931 -0.00321717543869 0.0172426270299 0.0250581293793 0.0198159885018 0.00269068492234 0.0221883519463 0.023640498938 0.0138923749943 0.00961268746928 0.00979742493945 0.021434478231 0.000578486203015 -0.00548561600806 0.0130241797184 0.0147544868072 -0.00383052869057 0.0111720706677 0.016946777065 0.0679070355473 0.00302999860827 0.0263754635344 -0.0029281072917 0.0019957268293 0.00630274109899 0.00419441384838 0.015768621092 0.0100353629655 0.0194757628769 0.0268845091214 
0.00449787718889 0.00656594845217 0.0200784899142 0.0223516202581 0.0115565082627 -0.00279047699074 0.375197343207 0.00424228555157 0.0233255235531 0.00469976556735 -0.00727164409079 0.00189544220598 0.010938029727 0.00954107843913 0.00751544957135 -0.00845298538494 0.0137385407441 0.00290925520027 0.00496999134748 0.00954082560849 -0.0035628706912 0.0114466389919 0.00772719259031 0.00351282955739 0.0216606148291 0.0148517236775 0.00607944633666 0.0085423615918 0.0205330729507 0.00335914285346 0.0109192789302 0.01217464059 0.0145059085137 0.00344770343715 -0.00742891973625 0.00139626270827 0.0115853244978 -0.00223000521254 0.00639737562892 0.0158333334887 0.0245579245007 0.0281428605372 0.0110382605584 -0.00645637141991 0.00349429876782 0.00221641352109 0.00459309909366 -0.0100638133033 0.00571555068729 0.00727849519297 0.0147198219854 0.0203981307962 0.00301424951736 0.00977358251242 -0.0195298298232 0.0125725697736 -0.011023154418 0.00963363675244 0.000438561398547 0.00903220710997 0.0060085148286 -0.00143391688946 0.00143275131615 0.00831284409259 -0.00733382867686 0.00788527545849 0.00372510803266 0.0111503697853 0.0101131618561 0.0140153964598 0.0146188850895 0.0300026674485 0.0141554729927 0.0272676565532 -0.00380775708936 0.0246676051293 -0.00757193783649 0.0190470821319 0.00129307977386 -0.000431041760573 -0.0165730891385 0.00732824512451 -0.0080289518591 0.0193499443165 0.00180435791404 0.00224184847773 0.0296002636383 0.00327007096097 0.0157887199866 0.00729503427549 0.0114724083381 0.00886520006209 0.101001728148 0.01289063182 0.0165572220109 5.62769066558e-05 0.0309310834865 -0.00185801669274 -0.00485507734786 -0.00327155788663 
0.00669767944753 -0.00558408779293 0.0301280196237 0.0242937176197 0.00158415511398 0.00877624000914 0.00424228555157 0.196120742035 0.00383449051017 -0.00445418940541 0.0252758426386 0.0136783622269 0.0290698089734 0.0139262260644 0.0263612468278 0.0109596674077 0.0195747491842 0.0199864455153 0.0152456414768 0.0122346645245 0.00952334742869 0.0135054183858 0.0247516008423 0.0101312417617 0.00697854044051 -0.00494661565499 0.013863861681 0.0187859805228 -0.00178103511244 -0.000693373614714 0.0154318865439 0.0168702025078 0.0146693950766 -0.00316771894799 -0.00233947186225 0.0147966359574 0.0276861565379 0.0137046453232 0.0198358665749 0.012222173493 0.0114676073057 0.0174950447693 -0.00042754553005 -0.00562454281799 0.0132166025829 0.0129456991632 0.00745052662796 0.00232830556281 0.0141105748261 0.00137300668698 0.00854689510245 0.00907152628074 0.0227692420428 0.00469827197686 -4.55786748949e-05 0.00752023471624 0.0130800988036 0.0128866110655 0.0822048643957 0.0131727236033 0.0166715145555 0.0131715984529 0.00412836982575 0.0198976722669 0.0119385366203 0.0163290051959 0.0116041716651 0.00751734036049 0.0264655396097 0.00533015951072 0.0104336343713 0.0100602946798 0.0125474902516 0.0612046403774 0.00913463088006 0.01132741359 0.00137057857425 0.0156241507476 0.0130300880486 0.0199085717588 0.0269107763646 0.0194492267082 0.0149821557418 0.0117866361663 0.032834637807 0.0202419627088 -0.00581711096339 0.0191599317075 0.0145949573107 0.0078152783286 0.00309201007067 0.0030349273426 0.018110698533 0.0108003419329 0.024581026573 0.0112253201893 0.0420548014417 0.0168479987108 0.0143921781601 0.0415502780873 
0.0171456927093 0.0227217523677 0.0223257728035 0.0234799973718 -0.0125897659311 0.0354400931204 0.0233255235531 0.00383449051017 0.490731780468 0.00960102288493 0.0120947755514 0.0215213466472 0.00975361582179 0.00342706321151 0.0152472334575 0.0043709944897 0.0459591384639 0.0219601207402 0.0146925812395 0.0374986835148 0.0292225322743 -0.00167252469387 0.040120152542 0.0170007059921 0.0393256655601 0.0140704487572 0.0137775652519 0.006982081089 0.0215531412819 0.0328743622212 -0.00458990025796 0.026423143488 0.00863656846144 -0.0101760983176 -0.00134898289585 0.0190027665384 0.0250854770669 0.0330574698841 0.00743771556197 0.0325165680629 0.0477444502072 0.00293887736889 0.00796091417499 0.00433450872481 0.0204275304986 0.0254537863093 0.00299523499162 0.046829018966 0.111739105188 0.010975804394 0.0239899508278 0.0187256046577 0.0217492474299 0.0244514886752 0.0496229189537 0.00776414675926 0.0364349265986 0.122110034477 0.0326236721762 0.00714074768906 0.00318299282767 0.00533866450915 0.0255701392635 0.0235931485638 0.023662786244 0.0231212560707 0.0191343044729 0.000766532181819 -0.00161713085649 0.0191031565393 0.00816294953199 0.0386982985601 0.00977217521363 0.0399589057569 0.0174189128154 0.00204113570868 -5.8379863957e-05 0.0207550931383 0.0509296318273 0.0217742688358 -0.000704976772726 0.0278829362023 0.0452570590992 0.00679446111121 0.0181201724966 0.011935337215 0.00845433795862 -0.00684850057592 0.0199286802372 -0.00664326534733 0.0183476025792 0.0244629380474 -0.000527669130883 0.0129235603534 0.00890691733304 -0.000986781220579 0.115538914698 -0.00032749610907 0.00334163669845 0.0428277954382 
0.00497542279339 0.0222165351636 0.0198735601865 0.00894583665871 0.0103200312085 0.0141509994297 0.00469976556735 -0.00445418940541 0.00960102288493 0.125068066846 0.000274852890848 0.00425224937774 0.0134754101892 0.0157121910913 0.0126665012743 0.000485369819176 0.0113571846803 0.00751448499427 0.016046416719 0.0210887136258 0.00506833326945 -0.00200006792931 0.00185883920774 0.00839239185515 0.000515027853902 0.00943290014066 0.00704376508907 0.004653403912 0.00705443737181 0.0100400328504 -0.000467585741401 0.010075610933 0.00219672230033 0.00196128405666 -0.00194313409586 0.00429146909734 0.00570041310873 0.0063195057389 0.0127176765076 0.00867057863862 0.000886742314977 0.0128579215738 0.0150323310839 4.95731915768e-05 -0.00277256717745 0.00689057568782 0.000138525395931 0.00192294178293 -0.016392107402 0.00367011632712 0.00448309836458 0.00245351549061 0.00447470602675 0.00233794462326 0.0139394436825 0.00985480641022 0.0152931572824 0.00513028167384 -0.00215820650155 0.0110736311534 0.0024336706614 0.00219709039203 0.00376121200564 0.00686146819919 0.00422370232591 -0.000241323897369 0.0131821365287 0.00902067164247 0.000425221012571 0.0148447894207 0.00665758462549 0.00267733733348 0.0107481264898 0.00297655728582 0.00265277772531 -0.00682136634565 0.00830030797765 0.00584524131289 -0.00331514972819 0.00107081358853 0.00377698928762 0.011035063884 0.00643114598081 0.0132440891409 0.00421299847214 0.00692316184176 -0.00307848826009 0.0058876341298 0.00891196078271 0.0132480246557 0.0304433498593 0.0183191477221 0.00924528768486 0.0102348735637 0.0266647670557 0.0130912822837 0.0156498155275 0.0127132541622 0.013123485042 0.00653326511498 
-0.00304825530814 9.1799340447e-05 0.00057502066423 0.0053732250394 0.00819721966642 0.00543922040295 -0.00727164409079 0.0252758426386 0.0120947755514 0.000274852890847 0.466487647442 0.00251498199397 0.0100013607697 0.0118845042896 0.00505881783877 -0.00595419832947 0.0761005591676 0.00573038193536 0.0118324619751 0.018466773794 -0.00278486665101 -0.00729700061934 0.0356479827463 0.00711810256888 0.0178847731978 0.00863311550086 -0.00486004677554 0.00912091138751 0.0143781753102 0.0126575744037 0.0127818992239 -0.0030295691515 0.00700480516792 0.0187756273535 -0.000821265117479 0.0226786765975 0.0137035205613 0.0188821536642 -0.0037022766334 0.0102543310967 0.00345666772439 -0.0209492617609 0.0070469452801 0.0129582049189 0.0112324701891 0.00659558688426 0.0130810449182 0.0199835644974 0.0207632380034 0.00743732310999 0.0287166272588 0.023845649929 0.0216763775075 -0.00122592653264 -0.01179637601 -0.0111835528042 0.0162731941474 0.0658563710468 0.01595298153 0.0197545590309 0.00411413341833 0.00639112553587 -0.0132530504446 -0.00632339021013 0.0059213005704 0.0244290451298 0.0118132975458 0.00252982618637 0.0245884614824 0.00512774938992 0.00399356230019 0.0165353776982 -0.00491539152008 0.0119465764582 0.0132085171787 0.01906846327 0.0141369248124 0.00747128847538 0.00630906410624 0.00291334519759 0.312115655279 0.0277484704179 -0.00231994216534 0.0189513236004 0.0242050682893 0.00870328138577 0.0134894984591 0.0258032277839 0.00911061096393 0.00298985297143 -0.00753804623902 0.00260351444878 0.0234437767098 0.00851259505702 0.0299643914153 0.0115493769399 0.0354646357595 0.00290010482824 0.0172775504082 0.0199104875003 
0.0096788319512 -0.00517925345254 -0.0153617129821 0.0299571891413 0.00208372665181 0.0205897297072 0.00189544220598 0.0136783622269 0.0215213466472 0.00425224937774 0.00251498199397 0.373273454441 0.0140851115512 0.00507890925524 0.0103447432437 0.00555959700891 -0.0126302762005 0.0447447066873 0.00809952618872 0.00858628452854 0.033351061719 -0.00962851463103 0.0327460995993 -0.014738845398 0.0309276001418 0.0531781428022 0.00116617760108 -0.00450386519326 0.0281428924707 0.0160182951619 -0.00166151128505 0.00795383498507 0.027401217878 0.0182040937351 0.0135065584967 0.0307428887298 0.0214589201621 0.0313505117088 0.000837524526123 0.00741173052755 0.0685877012886 0.00479662252049 0.00555190776939 -0.0147961429336 0.00396412858838 0.0314478518675 -0.00411007947824 -0.013170875748 0.0189515795579 0.00633390574215 0.0121051850004 0.0170987801927 0.019518197175 0.0259505723863 0.0172259904073 0.0110231732974 0.0225216660805 0.020235154003 0.0255417360335 -0.00243370920538 0.00511554765854 0.011097338485 0.00737957208372 0.0073278590813 0.0517373122111 0.0143225714856 0.000369443633529 0.0080023886991 0.0405117363424 0.0161122441773 0.00601017778643 0.0221238513234 0.00698645885109 0.00731673520468 0.0251763621185 -0.00321796336504 0.0150105110493 -0.00305915860011 0.0178301451915 0.0133984345128 0.0105317080329 0.0370890550176 0.0167544084521 0.00833107987698 0.0146399072698 0.0243898569038 0.0100516648621 -0.000380882943992 0.0149993457399 0.023131515117 0.022111906026 0.0249695887502 0.00392038182625 0.026212296357 0.0303564620902 -0.000690857509193 0.0497209245977 0.00106019887902 -0.0031902852969 0.0160383640626 
0.0229396214642 0.0109441647796 0.0386795682133 0.0235220706019 0.0193978053854 0.0107043608563 0.010938029727 0.0290698089734 0.00975361582179 0.0134754101892 0.0100013607697 0.0140851115512 0.641243847152 0.018225386528 0.0099451108131 -0.00880990153743 0.00862511161506 0.0230664437933 0.00693861795809 0.0272978364829 0.0256724846751 -0.00287347179014 0.0305363535256 0.00749244648865 0.0374328436584 0.0201357444104 0.018685129723 0.0231192270923 0.0232367498428 0.0363307396248 0.00915021985875 0.043865141183 0.0403467916522 0.0100724456236 0.0174834514172 0.0299617960833 0.0329967872891 0.0231118860558 0.0156168420742 0.0296539661592 0.0492309794663 0.0158102974939 -0.0137854841519 0.0132276698847 -0.0176392317407 0.0292795090706 0.026687814377 0.00909396707662 0.0376348641778 0.0215121958759 0.0137530967829 0.0402587082736 0.035244723246 0.00323278020399 0.0118743107598 0.0153753734879 0.0237460343514 0.0187310225251 0.0417836512918 0.0145625282763 -0.00728744917045 0.0369644667935 -0.00980553777347 0.00112563319927 0.00525348354671 0.0157398609794 0.0186953205284 0.00631635157402 0.0126373053704 0.00033319749414 0.029814882905 0.000578783455173 0.0114321490219 0.118087178161 0.0154907883682 0.0173206163204 0.00527070939982 0.00881998297893 0.0177186892608 0.00790900722692 0.00244566188059 0.0273338645863 0.0141580260282 0.0181669889586 0.020507647331 0.00686653750591 0.0121615429214 0.00599456750119 0.0227758912912 0.0189145392168 0.00553206156228 0.00556098417062 0.0125531748772 0.0116247563646 0.0200021335644 0.00565377717593 0.0414352965798 0.0280535156513 0.0143840258899 0.0149270156038 
0.00410962401363 0.0144025696297 0.0163144037797 0.00735633705318 0.00492088754963 0.00483165132335 0.00954107843913 0.0139262260644 0.00342706321151 0.0157121910913 0.0118845042896 0.00507890925524 0.018225386528 0.0987934788824 0.0110698931385 0.0100738227898 0.0175401371241 0.0082967053726 0.00862394885843 0.00502980506063 -0.00500149245208 0.00527704612533 0.00889682522756 0.00669873818452 0.00190932810981 0.00175490334136 0.0173896800723 0.0115971300583 0.0212366814909 0.0121014426623 0.00585887407518 0.00665984055611 -0.000946990914357 0.00365353918477 -0.00163871088797 0.0095146621203 0.012493939808 0.00121978944465 0.00542370141354 0.0138740173216 0.0141822704763 0.0102964552841 0.0100593457344 0.00586375319125 0.00900685916526 0.0127797835898 0.00316121534185 9.51867985276e-06 0.000862413662024 0.000375109462007 0.00533455319994 0.00352059875661 0.00546003190346 0.00903372559918 0.0120296465739 0.00940001447582 0.000947859822735 0.0125311566519 0.0139612047477 0.0136060249938 -0.00298012580017 -0.000558728388952 -0.0060381417074 0.00781621360318 0.00633871896204 0.00441757254481 0.0106652126514 0.0120480604423 0.00046072117 0.0106868772288 0.0145725120926 0.0086762558573 0.00589921461914 0.000124638505073 0.00136907864469 0.0166790774815 0.00421608018653 0.00398901256638 0.00712630704197 0.00369304706182 0.00972839129246 0.00933786324813 0.0115331056399 0.00845264819211 0.00265020961827 0.00602171861544 0.0020854479254 -0.00837041825418 0.0122303212335 0.00347474184451 0.0106110861645 -0.000872926985216 0.00877000421015 0.010254183693 0.0222425591224 0.00928288762619 0.00595343466528 0.00709240885405 0.0116790709037 0.00914752751653 
0.0163708626166 0.0109354091798 0.0174405065907 0.0176906465809 0.0106916219605 0.0193279908674 0.00751544957135 0.0263612468278 0.0152472334575 0.0126665012743 0.00505881783877 0.0103447432437 0.0099451108131 0.0110698931385 0.173341288 0.018727234709 0.0298383639191 0.0395030990327 0.0494239213072 0.0160447432573 -0.00327183210689 0.00556712589684 0.0157057043131 0.0242681274927 0.00658104391267 0.0114323588335 0.0233288037384 0.0243299213073 0.0110770348409 0.0158733889513 0.028032122301 0.0019295828212 0.0234270148959 -0.00037357629601 0.0176529582286 0.0144125853523 0.0159747963867 0.00922811810987 0.0512346331125 0.0075646611289 0.00742180399306 0.0372849933362 0.00412570037239 0.0122101743001 0.0208706466303 0.0210658155455 0.0124560258202 0.00343883494479 0.00914601928686 0.0106787930569 0.0141209624325 0.0139356440594 0.010671914032 -0.00393872253185 0.0192264501327 0.00451128792299 0.0185835250589 0.0182954207974 0.0190745557584 0.0305942959692 -0.0012814042166 0.00684530363646 -0.00312048514038 0.0207439089649 -0.0061904890809 0.013740422653 0.00943185126806 0.0115007195568 0.0488965054569 -0.00664695712886 0.0114471284191 0.0159788414741 0.0162371606051 0.0299095052886 0.00867938884033 0.0142617050909 0.0104519981518 0.0188753695746 0.000462646172724 0.0198136672591 0.00307654894295 0.0178787383854 0.0395539389327 0.0067705367464 0.0144741749232 0.0235876593343 0.00463726516313 0.0186194589928 0.0226028900837 -0.00203184831928 0.00524575576726 -0.00907125040762 0.0207166186089 0.0104584969632 0.0154848127888 0.0181168062767 0.0361504400635 0.00794410808651 0.0327848173346 0.0562882719379 
0.0176367513952 -0.0023049136384 0.0226412788674 0.00504022363525 0.0144461331262 0.0236672145725 -0.00845298538494 0.0109596674077 0.00437099448969 0.000485369819177 -0.00595419832947 0.00555959700891 -0.00880990153743 0.0100738227898 0.018727234709 0.193444370364 0.0199475411974 0.0116324602023 0.0220454145359 0.0181587534981 0.00959900684404 0.000197109092334 0.0165489663357 0.0284083847734 0.00894091306733 0.00864357936769 0.00265532205963 0.0139636272906 0.00594064835551 0.0124803004667 0.00054341023577 0.0199836928258 0.0183014779642 0.0104970040023 0.0173748087544 0.0156051075763 0.0027461210705 0.0181082909612 0.00873177634245 0.0159706463183 -0.00790635907523 0.0105225859899 0.00951712327022 0.00854746052744 0.0046669315573 0.0265109512816 0.00963675499183 -0.000696329515992 0.00153559195941 0.0123060441624 0.012842340913 -0.000508455420159 0.0204625490956 -0.0019539281636 0.0112810946611 0.0064812546594 0.0106400718519 0.00625010858103 0.00581211447503 0.0168024076749 0.00190115963572 -0.00574893873684 -0.0143047445641 0.0113053718708 0.0186321920161 -0.00770389730452 0.00747029185344 0.0053817972391 0.0136982560148 0.00708279169861 -0.000240981299573 0.0140720057945 0.00684498953657 0.0139378981321 0.0179320059755 0.00398950607048 0.0214726916979 0.00795571031587 0.0117770898052 0.00647080352406 -0.021346413106 0.0199164994598 0.0146881157719 0.0170648710452 0.017231949779 0.00727932815202 0.00298487991783 0.0259846702877 0.00187719093769 4.34856943664e-05 0.00704694502308 0.00529567163976 0.00666563761074 0.0387273721691 0.00875911227044 0.00437279393642 0.00885953999865 0.0192837735313 0.00894407480097 0.0215705020206 
-0.0041620107697 0.00801268232363 0.0384277873456 0.0297214093145 0.00229467940035 0.0174352781971 0.0137385407441 0.0195747491842 0.0459591384639 0.0113571846803 0.0761005591676 -0.0126302762005 0.00862511161506 0.0175401371241 0.0298383639191 0.0199475411974 0.432419313883 0.0271675505342 0.0232627284956 0.00986494512631 0.00911508940081 0.0400479649371 0.0351463862095 0.0223517969875 0.00762815861639 0.00764976351967 0.00782331975877 -0.00319331081702 0.0325024865143 0.0319881575183 0.0017412546625 0.0173735171702 0.0372339543189 0.013909986657 0.00735923834929 0.0205587504265 0.0224369118725 0.0549967791278 0.0149545739188 0.0165808554471 0.0208553281066 0.0114035889713 0.00457605534382 0.0186101151765 0.0366482267153 0.022268090154 0.00740220893693 0.0421608144598 0.0751323894583 0.0106918226753 0.0063035821228 0.0248100955679 0.0191621295984 0.0034773980211 0.0228156821002 0.00644986108834 0.0124908372687 0.0236241491964 0.0156520731827 0.0259594549454 0.00942222321839 0.032386584661 -0.0210725225404 0.00590418401637 0.00847746942358 0.0261505116892 0.00378484012722 0.0110548119788 0.00868055139284 -0.00364883538278 0.00147554568729 0.0133390871188 0.00286917030048 0.0198696260345 0.02142021612 0.0178985684816 0.00352225200938 0.00822628900571 0.0566603111878 0.0459061353788 0.0605544085598 0.0431799999839 0.00695553678524 -0.00887533359747 0.034510511302 0.0063930122672 0.0122945265357 0.095523096057 0.0130366937273 0.00233737684448 0.033177383458 0.00378644001577 -0.00117784640008 0.0242754043136 0.0168801071241 0.00896311287641 0.0441551845674 -1.66543768161e-05 0.0469488078153 0.0380761172732 
0.00145496788917 0.0174004413984 0.00634171326929 0.0165061081446 -0.005404115143 0.00624466043627 0.00290925520027 0.0199864455153 0.0219601207402 0.00751448499427 0.00573038193536 0.0447447066873 0.0230664437933 0.0082967053726 0.0395030990327 0.0116324602023 0.0271675505342 0.286883844168 0.0194700878881 0.0373466691886 0.0244070778676 -0.010666693069 0.0354740084293 0.00761102197142 0.0107914273521 0.00190176710787 0.0192947722254 0.0155262876988 0.00893362971416 0.036656406659 0.0167396067741 0.0154374103636 0.0334918655638 0.0211711092271 0.01786479316 0.022536116713 0.0169089557177 0.0257512236147 0.00826817222541 0.0154970046691 0.0311513750822 0.0173396519751 0.012242790486 0.00725193306482 0.0356819897076 0.0127643775667 0.00910902355539 -0.00307999003315 0.0141639249431 -0.000206049209035 0.000336316474115 0.0107937886249 0.0127877699428 0.00334289773728 0.00152221575592 0.0102118587618 0.0148730737659 0.0171792991973 0.0186204965717 0.0168698190889 0.0114427744406 0.0139463609812 -0.0101906273697 0.0384925861865 0.0340797841914 0.0140155411731 0.013838157301 0.00374571528128 0.0299616838515 0.00585259797266 0.0110415700553 0.0148485912311 0.0103659223296 0.0305287268604 0.0136040205391 0.00513175218298 0.0164507051497 0.00255607880588 0.0130666862638 0.017847632417 0.016054191195 0.0246397663674 0.329656296932 0.00362712838668 0.0081156064709 0.0209503063766 -0.000667308879679 0.00698460006955 0.00910703410735 0.000872562941224 0.0211319738794 0.00383719497444 0.00568883611818 0.0236662618579 0.0200353765313 0.00772296727277 0.0288037992867 0.00875865310696 0.03942716041 0.0339042996346 
0.0134904891659 0.00578455684568 -0.0226040974093 0.0103081283945 -0.00125021226969 0.00170875328429 0.00496999134748 0.0152456414768 0.0146925812395 0.016046416719 0.0118324619751 0.00809952618872 0.00693861795809 0.00862394885843 0.0494239213072 0.0220454145359 0.0232627284956 0.0194700878881 0.214332557536 0.0177697835496 -0.00308681630309 0.0036862837203 0.00607052473344 0.0181747534402 0.0089078486866 0.00953133181266 0.0227620887928 0.00422566034234 0.00932454907496 0.0153041205839 0.0295727972958 0.00521308482783 0.00911428749026 0.0145720208879 0.00225569991039 0.0334673324937 0.00584460930542 0.0113961360298 0.018688871525 0.0143591414302 0.0225154291485 0.0171867826524 0.010040532036 0.0523151723942 0.0239427288414 0.0185922046284 0.00452787516659 -0.00703422881432 0.00512827913579 0.0151292468241 0.0136987241496 0.00589716782744 0.0189304435922 0.00100880998509 0.00973805425372 0.0062843524584 0.00820965910029 0.00609095543402 0.0235703153811 0.031953767706 0.00315946413659 0.00205636707916 0.00259257337667 0.00474103737176 -0.00205605979963 0.00992124515723 0.00974511913491 0.00873183450815 0.0452846166987 0.0171852307093 0.00706107359987 0.00882794935403 0.0107422729313 0.0321590500967 0.00454583461625 0.015863137658 0.0143177440177 0.0144825812786 0.0031892289042 0.0165891155168 0.0195289675029 0.0173858147005 0.0487386143865 0.0195285397857 0.00951368591046 0.0274037110881 0.0135957466453 0.0319566547426 0.00960655589197 0.00829497918415 0.00318241163653 0.00747894703198 0.00326940300858 0.0320920347797 0.0123919824118 0.0214382481192 -0.00527365037845 0.0174911639248 0.0288559485339 0.039508866758 
-0.00393515066656 0.00277631914577 0.021193753221 0.00776105514188 0.0268585958193 0.0466393627336 0.00954082560849 0.0122346645245 0.0374986835148 0.0210887136258 0.018466773794 0.00858628452854 0.0272978364829 0.00502980506062 0.0160447432573 0.0181587534981 0.00986494512631 0.0373466691886 0.0177697835496 0.245227989255 -0.00454042798435 -0.00203845152912 0.0242535123395 0.01537487221 0.00236662022326 0.0151395633957 0.00827373920737 0.0167199739361 0.0250383475577 0.0206226460363 0.00195481504983 -0.00741007181877 0.0225624681392 0.00188977504727 0.0174752856875 0.0156991190182 0.0236780795145 0.0110502908118 0.00655074544151 0.0240320545397 0.0201429446745 0.0210516945189 0.00989279000044 -8.75382230389e-05 0.0112333228344 0.0214664070424 0.0159365387855 0.021559025303 0.0279390723525 0.00767802383955 0.00374591241601 0.0143456955274 0.0227795830903 0.00543060694355 -0.00490270726797 0.00764083600313 0.021089879933 0.0422596991878 0.0352927503765 0.0116515168835 0.00615975404444 0.000224293921277 -0.00825738323631 0.0134676402368 0.0197948868505 0.0330657003536 0.0253044298118 -0.0014582443056 0.00607848318831 0.0079968785781 0.0279613606596 0.000478239826606 0.0123164019711 0.0437221234394 0.0233711240547 0.00103736964127 0.0309785015801 0.0168624014539 -0.0035864318347 0.0153217559165 0.00403774782351 0.0309022348145 0.0203121579952 0.0197448606688 0.0398419877318 0.0251016042603 -0.00312281783929 0.0191658901254 0.0103613521407 0.0392346635643 0.0103149720955 0.0111368679104 -0.00948302011687 0.026334461837 0.0398582711619 0.00178992018884 0.0439914035585 0.00469460393627 0.00682806797494 0.0242975302806 
0.0681892711116 0.00465366161213 0.033115543561 0.00455048145388 0.00668843809187 0.0128194181706 -0.00356287069121 0.00952334742869 0.0292225322743 0.00506833326945 -0.002784866651 0.033351061719 0.0256724846751 -0.00500149245208 -0.00327183210689 0.00959900684404 0.00911508940082 0.0244070778676 -0.00308681630309 -0.00454042798435 0.359428990182 0.00296554749579 0.0244643697998 0.00143529940427 0.109925222074 0.00950644557 0.0233220084437 0.0179842422707 0.0192450508816 0.00497622519712 0.0272129333241 0.0065254438122 0.0225198855897 0.0346805866518 0.117497282149 0.0178592176601 -0.00322806182775 0.0193480297508 -0.00750487885419 0.00924463450299 0.0392970649045 0.00347462094458 0.00508669007909 -0.0117087968811 0.0360067687124 0.0068907761781 0.0136454033302 -0.00159710799625 0.00459496459397 0.00668130062596 0.0115287645594 0.0167817114862 0.00958068489161 0.141386224637 0.0892770350105 0.00319193506332 0.0181830810798 0.0121184874216 0.0077606233651 -0.00366668506731 0.0118576036561 0.104191776096 0.0362057866085 0.00386111803942 0.0169277634806 0.00429408708086 0.0159806419326 0.00616640298861 -0.00603087852238 0.0185263361135 0.00471380609051 0.139784149248 0.00214934014755 0.0205346157637 0.0171646281987 0.0190112435432 -0.000849529987062 0.00588951145786 0.00828129646874 0.0123617821035 0.00687497353249 0.0153174324473 -0.00773785158514 -0.0013436526072 0.00119675816105 0.00325520647589 0.00673092546564 0.00234038042248 0.0187840891259 0.0071830197485 -0.0040349192153 0.0121628891379 0.0150207212928 -0.00496331258573 -0.00504202880679 0.0138466828911 0.0363509312109 0.0171834567873 0.00244729985332 0.0344516382507 
0.0124016608385 -0.00302148476258 0.0317285185648 0.00676539436026 -0.0142075886274 0.00990466970542 0.0114466389919 0.0135054183858 -0.00167252469387 -0.00200006792931 -0.00729700061934 -0.00962851463103 -0.00287347179014 0.00527704612533 0.00556712589684 0.000197109092335 0.0400479649371 -0.010666693069 0.0036862837203 -0.00203845152912 0.00296554749579 0.606119263423 0.004341188951 0.00633143639578 0.0349160605648 0.00942978213667 0.015093221691 -0.0108815444928 0.00930488072692 0.00701046844411 -0.00246315495256 0.0176272841607 0.0167424784193 0.00506566187054 0.0024572701837 0.0199069649425 0.0120009316261 -0.0043199678643 0.00335362626202 0.00489913930578 -0.00636885261925 -0.00290674225817 0.00114444562215 -0.0162656785284 0.00799412263134 0.0170261397848 -0.00840372777183 0.00537966248445 0.0819288062849 0.00230508794932 0.001917470522 -0.0281891259765 -0.0164956912352 0.0166951302254 0.0147997745976 0.0158832235866 0.0609094378704 0.0161691621412 -0.000999693604682 0.00521860560442 0.00313430961937 -0.00610094726207 -0.00369239888064 -0.00214241761018 -0.00929462573647 0.00983938018911 -0.00359023116394 0.00502170075091 0.00466642130777 0.0457840792686 0.0263736825226 0.0104435482762 0.0107363834579 0.00817972011423 -0.00127576451849 -0.00189735986051 0.00671832956109 0.0158646991904 -0.00436259425546 0.0178111732041 0.0165735095979 0.00609767965779 0.0376592400845 0.00814101805052 -0.0106601892276 -0.0107922171328 0.00286118504009 0.00229292846368 0.00903542462821 0.0143235743937 -0.0117945994802 0.00804712582782 0.00112147675776 -0.0100794379033 0.0144855961085 0.0113059905572 0.0157021443493 0.00381834510326 0.00506122869447 -0.00186950018194 
0.0262093172978 -0.00224979466343 0.0159253944001 0.0391918287624 0.0151476412283 0.0232115513006 0.00772719259031 0.0247516008423 0.040120152542 0.00185883920774 0.0356479827463 0.0327460995993 0.0305363535256 0.00889682522756 0.0157057043131 0.0165489663357 0.0351463862095 0.0354740084293 0.00607052473344 0.0242535123395 0.0244643697998 0.00434118895099 0.229276995885 0.0127048985675 0.0231674453881 0.00611673059888 0.0111552889195 0.020264738533 0.0153953935364 0.0348057068742 0.0154592710761 0.0163916386461 0.0645134303096 0.0315621903049 0.0397660159875 0.0176585572233 0.0267293865393 0.0366995186577 0.00691581905837 0.0241170573382 0.0223897391646 0.00997123897187 0.0172699414521 0.0219854042562 0.0284205357908 0.0351034806321 0.00877721444814 0.0228857827765 0.0442079291559 0.0121124662153 0.00607259084454 0.0331615548093 0.016859907588 0.0394359585087 0.0355497582584 0.00827407089886 0.0181856477695 0.0409690224711 0.00542541397707 0.013740317738 -0.00332934083803 0.0171007453452 -0.000518727672993 0.0117397450354 0.0254889809916 0.0215414276539 0.0195533339433 0.00540116990955 0.0341773802481 -0.000722017882826 0.00936551859004 0.025743703977 0.00390087102601 0.0310714510488 0.0230627413646 0.00641772821255 0.00113856505202 -0.00240182835315 0.0358750874673 0.0158611960628 0.0239724859299 0.0553559357218 0.00889054466472 0.0149276300896 0.0230222816337 0.0213039553205 0.000527465116718 0.0097016609779 0.0133323364683 -0.006094677415 0.000399675084406 0.0251493589941 0.000138484044764 0.0162071941894 0.0240046409132 0.0123148322667 0.0419329397441 0.0126636236193 0.00617416422882 0.0186501437954 
