40
0.106415927512 0.135299445153 0.0418020448473 0.0486664598358 0.0800378705657 0.0054327763703 0.0780955523414 0.0592302274211 0.103528049483 0.0512444991133 0.10135047428 0.0910259677787 0.0272696759741 0.0599327976672 0.0831725949645 0.0765601453803 0.0162161188728 0.148169679735 0.0610020106181 0.0533286406295 0.112290577846 0.0991765707177 0.0304896250645 0.0146510565804 0.0260517267587 0.0223482457603 0.0361599942098 0.208286894217 0.0559549201136 0.0124927962784 0.067654701563 0.0149217979249 0.0708595176859 0.0340754658053 0.22311845274 0.0335830315084 0.0470472683343 0.123248136701 0.0265193363437 0.0388313797841 
0.612517029757 0.0504038687469 0.0499826935648 0.030633088246 0.0127570817258 0.0225713907035 0.0299097784406 0.0249494242217 0.0129130426483 0.025895257621 0.0328684656649 0.0176684028486 0.0277535056889 0.0361208188339 0.0360977663058 0.0495486871384 0.00234196371068 0.0213525180434 0.0408820064957 0.0106760881898 0.0657842579008 -0.0137669412019 1.26734399296e-05 0.00505543118999 0.0305638818778 0.0138415650443 -0.0045418288829 0.0102172788005 0.0376796878051 0.0214800804378 0.0269949901377 0.0352081037107 0.025149777126 0.00251022284875 0.0579345440237 0.0560983255546 0.0181264894762 -0.000145467072754 0.00766333895094 0.0400701620674 
0.0504038687469 0.500777860958 0.0187266478088 0.0110151079885 0.0202554349714 0.00844702591422 0.0113162510244 0.00698465456818 0.15065856192 0.0560592974319 0.0282130973601 0.00772660970258 0.00750153820112 0.0246526075569 0.0503763954023 0.0552895450669 0.0274236936248 0.0244113541244 0.0586298036842 0.00527626417967 0.189555211721 0.0603111478073 -0.000694315153803 -0.00359459426493 0.018502289148 0.010807410711 0.0253461320628 -0.0193210671596 0.029924666652 0.00713811689036 -0.00343770102371 0.0103290734736 0.00930736690853 0.0127547667713 0.0335783028149 0.00793853529313 0.0141441154322 0.0304684362743 0.0377645399745 -0.000409599056783 
0.0499826935648 0.0187266478088 0.250467916384 0.0244215013185 0.0307340693891 0.00317566249946 0.0278108998974 0.0190265695658 0.0183520044456 0.0341834664966 0.0342705758995 0.0237146882869 0.029334312031 0.0137408106218 0.050088833892 0.0258429848416 0.0291081626665 0.0267953184183 -0.00297755962438 0.0174039938259 0.0416935102497 -0.00901070968931 0.00580440936818 0.0123471845876 0.0291976549836 0.0196347596669 0.0299063899953 0.0125699995086 0.0312396039784 0.0260817572082 0.0151972544338 0.00837058805629 0.0141875540814 0.01007306904 0.00707824007184 0.0222900118839 0.0212228984916 0.0282197796838 0.0079363946178 0.00655052951402 
0.030633088246 0.0110151079885 0.0244215013185 0.31116698096 0.0194276162115 0.00885585320391 0.0230643612142 0.0121792024528 0.0119350128492 0.0196386741779 -0.0148022230728 0.0478057397916 0.000330434188072 0.0257542003097 -0.000805854325223 -0.000173832662033 0.0192456791425 0.0175184244186 0.0142677055883 0.00893804388825 0.0196009539969 -0.00473641073618 0.00374956167595 0.00655956385822 0.0299025865173 0.0157243943899 0.0180519692361 0.0219630779405 0.0161722064991 0.000703752838758 0.0162845515821 0.012469710402 0.0341351153036 0.00882671394057 0.012433134319 0.00852550865064 0.0108968269759 0.00654757251296 0.00116591736845 0.00512343521053 
0.0127570817258 0.0202554349714 0.0307340693891 0.0194276162115 0.366598188232 0.00385944769921 0.0144041578178 0.0261775637409 -0.00902823092877 0.0443205905332 0.0212512879802 0.0210540448655 0.021468853875 0.00817536056088 -0.00359532006167 0.0460785364467 0.00659687918235 0.017557223008 0.0102558459453 0.0213995525488 0.0249723651111 -0.00433078126664 0.00125190365682 0.02757306631 0.0287269671506 0.00854924386164 0.00835149036757 0.00422346356991 0.0448601978527 0.0178512468391 0.000821356494784 0.00801792762543 0.0121056310763 0.00629390629256 0.0828201629221 0.0493933527211 0.0116127969272 0.0188294908831 0.00399194649294 0.0180924325287 
0.0225713907035 0.00844702591422 0.00317566249946 0.00885585320391 0.00385944769921 0.187651617316 0.0102742087791 0.0247944492851 0.00216809720747 0.0166127267381 0.0262639931179 0.0160346018452 0.0187669242742 0.00471010679161 0.0331940882003 0.00880777738411 0.00494304621757 0.0171794590557 0.0237952292166 0.00416440021692 0.00520947186857 -0.00291114111903 0.00910347684585 0.0250622709606 0.0211467396028 0.00998476822302 0.00575767400603 0.00802439021215 0.0165763462077 0.00523483645639 0.000786819729743 0.0207477449715 0.0162028678772 0.0130548826154 -0.0078623738975 0.010034448952 0.0144693114855 0.0174453374729 0.0127765234929 0.00279802876885 
0.0299097784406 0.0113162510244 0.0278108998974 0.0230643612142 0.0144041578178 0.0102742087791 0.569804448631 0.00619239172966 -0.00118403571579 0.0225238806546 0.0431494022763 0.00851492332471 0.0116100190154 0.0130595780589 0.0337389477332 0.0157978236354 0.0203401427391 0.0290573765144 0.0147020819485 0.0255570996792 0.00182030719104 -0.00636301969226 0.00232403438555 -0.00158183717892 0.0117092653455 0.035657063524 -0.0015001960848 0.023268875808 0.0424273251255 0.00808255847152 -0.00879944453451 0.0137484523631 0.030873413013 0.00580267511273 0.0291468970749 0.0276660521767 0.0151393645183 0.0170531071006 0.0129708830793 0.0650814479005 
0.0249494242217 0.00698465456818 0.0190265695658 0.0121792024528 0.0261775637409 0.0247944492851 0.00619239172966 0.345893694782 0.00731295069811 0.0131878516911 0.0249382469246 0.0172948364716 0.0155772013743 0.0111520708418 0.0212649054344 0.0299041504921 0.00201062014244 0.0100314714065 0.00204145044963 0.0158882635788 0.00687628655298 0.010625238979 0.00438183000236 0.0157676694277 0.0191748898864 0.0149484119443 0.0163006026561 0.00479267206557 0.015707948618 0.0258442226106 0.0150587226333 0.0159743449083 0.00871881798112 0.00647626334238 0.0190925746959 0.0217456140111 0.0189303468864 0.0349070919163 0.00544821338065 0.0116361386371 
0.0129130426483 0.15065856192 0.0183520044456 0.0119350128492 -0.00902823092877 0.00216809720747 -0.00118403571579 0.00731295069811 0.40870728998 0.0125104661389 0.0221319355635 0.01004933247 0.0166965816098 0.00597319289098 0.0263556698377 0.0138332604757 0.043340164779 0.0248676782181 0.00837756643776 -0.00284578846755 0.148663768874 -0.00976507219442 0.00716750784089 -0.00938774852974 0.000740542639369 0.0164796565298 0.0334952152739 0.00604867717612 0.00988915279734 0.01155992204 0.0135996682164 0.00303169534247 0.00751158282382 0.0137214197482 0.0183253372153 -0.00866966967198 0.0195886099917 0.0424643192935 0.0188829767603 0.018594626847 
0.025895257621 0.0560592974319 0.0341834664966 0.0196386741779 0.0443205905332 0.0166127267381 0.0225238806546 0.0131878516911 0.0125104661389 0.268426239884 0.0105034856667 0.0191354980232 0.0179133871811 0.0193972174001 -0.00291988858805 0.0238322679101 0.00962406137729 0.0269932848133 0.0100142130296 0.0173507470403 0.0361962783828 -0.00795009226199 0.0087639861975 0.0053064653498 0.0229627010904 0.0187853945573 0.0113550805487 0.0243094495972 0.0302045707437 0.00417529244576 0.00342080404833 0.0220520445246 -0.00251851431744 -0.00417536923855 0.0553499674855 0.0225541416455 0.0144508911242 0.0319639349495 0.0216533748417 0.0170207136408 
0.0328684656649 0.0282130973601 0.0342705758995 -0.0148022230728 0.0212512879802 0.0262639931179 0.0431494022763 0.0249382469246 0.0221319355635 0.0105034856667 0.568014535904 0.0366924682914 0.0202623282628 0.00911899333006 0.032288855625 0.0564768371023 0.0059591041047 0.00542858714661 0.0313053964802 0.0185034497603 0.0388523993816 0.0229360247952 0.0221121990352 0.0169092466914 0.0234648579249 0.0320687031593 0.0183416985683 0.0623244339412 0.0662223555812 0.0364459701177 0.0155946437519 0.0597728351019 -0.00492314182433 0.0146850288451 0.0791670840912 0.0725068143236 0.0207543252714 0.0516565751575 0.0239668689113 0.0173563699799 
0.0176684028486 0.00772660970258 0.0237146882869 0.0478057397916 0.0210540448655 0.0160346018452 0.00851492332472 0.0172948364716 0.01004933247 0.0191354980232 0.0366924682914 0.438058939902 0.00771406357777 0.0226623459559 0.0203999900658 0.0391701791072 -0.00359577688924 0.033925995491 0.0100328031085 0.00620333722655 0.0137165294423 0.0119172218997 0.0228447476365 0.0123667046306 0.0174141833585 0.0140650398722 -0.000392850807013 -0.00285039412594 0.023031154118 0.0161295333195 0.00824621368526 0.0378084992134 0.0194284959474 0.0135806240964 0.0358097815451 0.00631473778789 0.02049492007 0.00300542036947 0.0238781222425 0.0241657088248 
0.0277535056889 0.00750153820112 0.029334312031 0.000330434188072 0.021468853875 0.0187669242742 0.0116100190154 0.0155772013743 0.0166965816098 0.0179133871811 0.0202623282628 0.00771406357777 0.137643396722 0.0155044462657 0.034522419273 0.0256483017428 0.014965515735 0.00486209569047 0.0117468188894 0.0174808491438 0.0211999534001 -0.0194727158808 0.0100174891248 0.0147035322646 0.0276915425062 0.00296822778627 0.00886350165575 0.0203071174284 0.033519501797 0.0169959528493 0.0132974845102 0.0157533190068 0.0105056534989 0.0093995652926 0.0229659885893 0.0196380761699 0.0157389134989 0.0380374088869 0.00580619232381 0.0126618101444 
0.0361208188339 0.0246526075569 0.0137408106218 0.0257542003097 0.00817536056088 0.00471010679161 0.0130595780589 0.0111520708418 0.00597319289098 0.0193972174001 0.00911899333006 0.0226623459559 0.0155044462657 0.337831127641 0.00304856249673 0.0310268911472 -0.00642752593968 0.033499636507 0.0200838855006 0.00686327796581 0.0448971029724 0.0139934949849 0.0105801540459 0.013550964223 0.006394117325 0.0186737175086 0.00494080084293 0.012123689122 0.00370876040276 0.00553731828209 0.0076409834905 0.00150006810382 0.0243348003536 0.00497485730222 0.00167943365982 0.00103910780473 -0.00129743241523 0.0394912427546 0.00159842360798 0.0298960527484 
0.0360977663058 0.0503763954023 0.050088833892 -0.000805854325223 -0.00359532006167 0.0331940882003 0.0337389477332 0.0212649054344 0.0263556698377 -0.00291988858805 0.032288855625 0.0203999900658 0.034522419273 0.00304856249673 0.446303672899 0.0169533418271 0.0097887279212 0.0317112070421 0.0233494735975 0.0174072855797 0.0625912584957 -0.00418306923205 0.00815304876939 0.0164575925046 0.0126275846926 -0.00240125597934 0.0122781554602 0.0143942493125 0.0426369367754 0.0142139144384 0.0164471514669 0.00744330990335 0.0074430902086 0.0268260095234 0.0189187693331 0.00991002597428 0.0245257926084 0.0744299100207 0.0100252433902 0.03175551151 
0.0495486871384 0.0552895450669 0.0258429848416 -0.000173832662033 0.0460785364467 0.00880777738411 0.0157978236354 0.0299041504921 0.0138332604757 0.0238322679101 0.0564768371023 0.0391701791072 0.0256483017428 0.0310268911472 0.0169533418271 0.328331128838 0.00635004647594 -0.00239679919977 0.0226642803854 0.008624062023 0.0532698814554 0.0141015517673 0.0288635778065 0.0090614421672 0.0383428643829 0.00367863751135 0.0208672412212 0.00425533283809 0.036313873411 0.0233055242529 0.00614327998604 0.0332888811771 0.0150990043032 0.0032146307685 0.0505855984623 0.0194520881965 0.0170902509319 0.018751412378 0.0132598847761 0.0276633872244 
0.00234196371068 0.0274236936248 0.0291081626665 0.0192456791425 0.00659687918235 0.00494304621757 0.0203401427391 0.00201062014244 0.043340164779 0.00962406137729 0.0059591041047 -0.00359577688924 0.014965515735 -0.00642752593968 0.0097887279212 0.00635004647594 0.190990894953 0.0312394650889 -0.00300385735209 0.01484843942 0.0343507903361 0.00583556055913 0.0114099515108 0.0149328731226 0.00306785508347 0.0301030589795 0.0468984710455 0.0290558344855 0.0137410756746 0.0174699595376 0.0234073706983 0.015221600052 0.0109513172497 0.0102335983676 0.0230524600407 -0.00524561668277 0.0197787137664 0.02407321528 0.0102933332805 0.00107227523428 
0.0213525180434 0.0244113541244 0.0267953184183 0.0175184244186 0.017557223008 0.0171794590557 0.0290573765144 0.0100314714065 0.0248676782181 0.0269932848133 0.00542858714661 0.033925995491 0.00486209569047 0.033499636507 0.0317112070421 -0.00239679919977 0.0312394650889 0.46820774058 0.00922197481371 0.00964815396693 0.0411965761075 0.00465355337285 -0.0028319212949 0.00786998084548 0.0163330762208 0.000858374338504 0.0244367992308 0.008556949487 0.0285190648068 0.0161006936368 0.0299226162108 0.0228641259728 0.0121581548431 0.0110354139508 0.0736573689004 0.0135504564805 0.0153196081853 0.012469682102 0.00800256520373 0.00593680473222 
0.0408820064957 0.0586298036842 -0.00297755962438 0.0142677055883 0.0102558459453 0.0237952292166 0.0147020819485 0.00204145044963 0.00837756643776 0.0100142130296 0.0313053964802 0.0100328031085 0.0117468188894 0.0200838855006 0.0233494735975 0.0226642803854 -0.00300385735209 0.00922197481371 0.410892531875 0.00366663627621 0.0321759601568 0.066499289704 0.000721690141557 0.013238414234 0.00220620650574 0.0227265734998 -0.00162916252324 0.0153259527032 0.0261887738328 0.0185915402479 0.00626584517269 0.0208118033062 0.00760706189565 0.00448863533195 0.0645686619455 0.0173034969071 0.0170675619185 0.0267585079541 0.0458959257885 0.00737352274263 
0.0106760881898 0.00527626417967 0.0174039938259 0.00893804388826 0.0213995525488 0.00416440021692 0.0255570996792 0.0158882635788 -0.00284578846755 0.0173507470403 0.0185034497603 0.00620333722655 0.0174808491438 0.00686327796581 0.0174072855797 0.008624062023 0.01484843942 0.00964815396693 0.00366663627621 0.268270913939 0.0252567572273 0.00584063283396 0.0129020405674 0.00510407290103 0.0259024333768 0.00845945363619 0.0136465887673 0.0011723362211 0.0185987389926 0.0226018293769 -0.00251661373382 0.0269992416911 0.0239217666014 0.0209057894242 0.0212705203657 0.0109555036548 0.0189015855073 0.0190745669686 0.0191607710068 0.0181214140093 
0.0657842579008 0.189555211721 0.0416935102497 0.0196009539969 0.0249723651111 0.00520947186857 0.00182030719104 0.00687628655298 0.148663768874 0.0361962783828 0.0388523993816 0.0137165294423 0.0211999534001 0.0448971029724 0.0625912584957 0.0532698814554 0.0343507903361 0.0411965761075 0.0321759601568 0.0252567572273 0.439648506911 0.000168447716894 0.007543870288 0.00672710367174 0.0307503440757 -0.0110374689203 0.0168515602328 -0.0180837853762 0.0263317704994 0.0102328763271 -0.00332156451195 0.0172196038271 0.00707920786532 0.00839244150808 0.0615250415998 0.0145328909954 0.015000255315 0.037028067791 0.00821733230017 0.0237598828821 
-0.0137669412019 0.0603111478073 -0.00901070968931 -0.00473641073618 -0.00433078126664 -0.00291114111903 -0.00636301969226 0.010625238979 -0.00976507219442 -0.00795009226199 0.0229360247952 0.0119172218997 -0.0194727158808 0.0139934949849 -0.00418306923205 0.0141015517673 0.00583556055913 0.00465355337285 0.066499289704 0.00584063283396 0.000168447716894 0.634810756475 0.00721205896561 0.000257368138514 -0.0150010258204 0.00345657200019 -0.00945190824821 0.0247185163475 0.00567830555991 -0.00924408673667 0.00883025978495 0.0202988004478 0.0204384573511 -0.00536276177554 0.00113338459977 -0.00365087272558 0.00780205059863 -0.00299164021258 0.0361390123739 0.00361525267569 
1.26734399296e-05 -0.000694315153803 0.00580440936818 0.00374956167595 0.00125190365682 0.00910347684585 0.00232403438555 0.00438183000236 0.00716750784089 0.0087639861975 0.0221121990352 0.0228447476365 0.0100174891248 0.0105801540459 0.00815304876939 0.0288635778065 0.0114099515108 -0.0028319212949 0.000721690141557 0.0129020405674 0.007543870288 0.00721205896561 0.214778567481 0.00998988543721 0.0116035740229 0.0111294632771 0.0131243729572 0.00554035962461 -0.00610694452626 0.00727774765801 -0.000132145029341 0.00632251923418 0.0178147561412 0.0101641026252 0.00824482150251 0.00188029885817 0.0144676825042 0.00794057353885 0.0165711818024 -0.00388929475357 
0.00505543118999 -0.00359459426493 0.0123471845876 0.00655956385822 0.02757306631 0.0250622709606 -0.00158183717892 0.0157676694277 -0.00938774852974 0.0053064653498 0.0169092466914 0.0123667046306 0.0147035322646 0.013550964223 0.0164575925046 0.0090614421672 0.0149328731226 0.00786998084548 0.013238414234 0.00510407290103 0.00672710367174 0.000257368138514 0.00998988543721 0.152531876825 0.00815474727283 0.0215185224148 0.00573006684655 0.013204249538 0.0242448194642 0.0159626774671 0.0064871747682 0.0226305981578 0.0151390881559 0.0114437047134 0.00986143022167 0.0153999430534 0.0227348738996 0.0205164604082 0.017536844125 0.0186596975311 
0.0305638818778 0.018502289148 0.0291976549836 0.0299025865173 0.0287269671506 0.0211467396028 0.0117092653455 0.0191748898864 0.000740542639369 0.0229627010904 0.0234648579249 0.0174141833585 0.0276915425062 0.006394117325 0.0126275846926 0.0383428643829 0.00306785508347 0.0163330762208 0.00220620650574 0.0259024333768 0.0307503440757 -0.0150010258204 0.0116035740229 0.00815474727283 0.184268017046 0.0151724449912 0.00949011026094 -0.00223400287186 0.0279438903015 0.0199756338899 0.00981013832405 0.0153361863266 0.0181548229446 0.00546238060664 0.0384005540346 0.0126041519519 0.0178980834957 0.021350831333 0.0124536437614 0.0111384848197 
0.0138415650443 0.010807410711 0.0196347596669 0.0157243943899 0.00854924386164 0.00998476822302 0.035657063524 0.0149484119443 0.0164796565298 0.0187853945573 0.0320687031593 0.0140650398722 0.00296822778627 0.0186737175086 -0.00240125597934 0.00367863751135 0.0301030589795 0.000858374338504 0.0227265734998 0.00845945363619 -0.0110374689203 0.00345657200019 0.0111294632771 0.0215185224148 0.0151724449912 0.207940043384 0.0267687782839 0.0452667823386 0.0269978902472 0.0140786377649 0.067812584714 0.018955078805 0.0184143956067 0.00952447697175 0.0138201098734 0.0142401527853 0.0255373328564 0.0133417832762 0.00956020260022 0.00638858017513 
-0.0045418288829 0.0253461320628 0.0299063899953 0.0180519692361 0.00835149036757 0.00575767400603 -0.0015001960848 0.0163006026561 0.0334952152739 0.0113550805487 0.0183416985683 -0.000392850807013 0.00886350165575 0.00494080084293 0.0122781554602 0.0208672412212 0.0468984710455 0.0244367992308 -0.00162916252324 0.0136465887673 0.0168515602328 -0.00945190824821 0.0131243729572 0.00573006684655 0.00949011026094 0.0267687782839 0.239658333691 0.00327203114486 0.0268155473014 0.00989510210121 0.0276356746676 0.00738262946334 0.0227366276153 0.0243179072762 0.0243233525454 0.0060726355568 0.0344199193827 0.0255165397623 0.0141488443887 0.00810345178581 
0.0102172788005 -0.0193210671596 0.0125699995086 0.0219630779405 0.00422346356991 0.00802439021215 0.023268875808 0.00479267206557 0.00604867717612 0.0243094495972 0.0623244339412 -0.00285039412594 0.0203071174284 0.012123689122 0.0143942493125 0.00425533283809 0.0290558344855 0.008556949487 0.0153259527032 0.0011723362211 -0.0180837853762 0.0247185163475 0.00554035962461 0.013204249538 -0.00223400287186 0.0452667823386 0.00327203114486 1.33704766425 0.0357581823287 0.0194208483304 0.031329245818 0.00034739234872 -0.00898680177233 0.00582655541266 0.0347273038211 0.0238910529355 0.0195785388684 0.00806974829906 0.0185511283906 0.00172870732887 
0.0376796878051 0.029924666652 0.0312396039784 0.0161722064991 0.0448601978527 0.0165763462077 0.0424273251255 0.015707948618 0.00988915279734 0.0302045707437 0.0662223555812 0.023031154118 0.033519501797 0.00370876040276 0.0426369367754 0.036313873411 0.0137410756746 0.0285190648068 0.0261887738328 0.0185987389926 0.0263317704994 0.00567830555991 -0.00610694452626 0.0242448194642 0.0279438903015 0.0269978902472 0.0268155473014 0.0357581823287 0.259719457198 0.0291870601069 0.00917625119195 0.0383884288307 0.00373814571998 0.00981467724229 0.0552567427191 0.0233322285902 0.0334968600422 0.0399484380424 0.0150606717722 0.0351795493448 
0.0214800804378 0.00713811689036 0.0260817572082 0.000703752838758 0.0178512468391 0.00523483645639 0.00808255847152 0.0258442226106 0.01155992204 0.00417529244576 0.0364459701177 0.0161295333195 0.0169959528493 0.00553731828209 0.0142139144384 0.0233055242529 0.0174699595376 0.0161006936368 0.0185915402479 0.0226018293769 0.0102328763271 -0.00924408673667 0.00727774765801 0.0159626774671 0.0199756338899 0.0140786377649 0.00989510210121 0.0194208483304 0.0291870601069 0.182461059596 0.0139882307324 0.0156598367898 0.00713584168884 0.0120686872272 0.0217045627268 0.0136418558729 0.0144609993497 0.0175020175041 0.00927907152821 0.0322923567783 
0.0269949901377 -0.00343770102371 0.0151972544338 0.0162845515821 0.000821356494784 0.000786819729742 -0.00879944453451 0.0150587226333 0.0135996682164 0.00342080404833 0.0155946437519 0.00824621368526 0.0132974845102 0.0076409834905 0.0164471514669 0.00614327998604 0.0234073706983 0.0299226162108 0.00626584517269 -0.00251661373382 -0.00332156451195 0.00883025978495 -0.000132145029341 0.0064871747682 0.00981013832405 0.067812584714 0.0276356746676 0.031329245818 0.00917625119195 0.0139882307324 0.38050494131 0.00118196043348 0.00259924088843 0.00612848516621 0.00271258390661 0.00558808793735 0.0181491587645 0.00650646711313 0.00361222397068 0.00711328547614 
0.0352081037107 0.0103290734736 0.00837058805629 0.012469710402 0.00801792762543 0.0207477449715 0.0137484523631 0.0159743449083 0.00303169534247 0.0220520445246 0.0597728351019 0.0378084992134 0.0157533190068 0.00150006810382 0.00744330990335 0.0332888811771 0.015221600052 0.0228641259728 0.0208118033062 0.0269992416911 0.0172196038271 0.0202988004478 0.00632251923418 0.0226305981578 0.0153361863266 0.018955078805 0.00738262946334 0.00034739234872 0.0383884288307 0.0156598367898 0.00118196043348 0.316656414311 0.0175959121017 -0.0026997729241 0.0626231860675 0.053546014248 0.0182994789249 0.0212591410789 0.0161000160652 0.0397687931264 
0.025149777126 0.00930736690853 0.0141875540814 0.0341351153036 0.0121056310763 0.0162028678772 0.030873413013 0.00871881798112 0.00751158282382 -0.00251851431744 -0.00492314182433 0.0194284959474 0.0105056534989 0.0243348003536 0.0074430902086 0.0150990043032 0.0109513172497 0.0121581548431 0.00760706189565 0.0239217666014 0.00707920786532 0.0204384573511 0.0178147561412 0.0151390881559 0.0181548229446 0.0184143956067 0.0227366276153 -0.00898680177233 0.00373814571998 0.00713584168884 0.00259924088843 0.0175959121017 0.40373039221 0.0139654702036 -0.0300829537196 0.0102197241068 0.013119380716 0.00325119132598 -0.0039639558954 0.00292316938802 
0.00251022284875 0.0127547667713 0.01007306904 0.00882671394057 0.00629390629256 0.0130548826154 0.00580267511273 0.00647626334238 0.0137214197482 -0.00417536923855 0.0146850288451 0.0135806240964 0.0093995652926 0.00497485730222 0.0268260095234 0.0032146307685 0.0102335983676 0.0110354139508 0.00448863533195 0.0209057894242 0.00839244150808 -0.00536276177554 0.0101641026252 0.0114437047134 0.00546238060665 0.00952447697175 0.0243179072762 0.00582655541266 0.00981467724229 0.0120686872272 0.00612848516621 -0.0026997729241 0.0139654702036 0.184970060355 -0.00361199173774 0.016285454449 0.015966076801 0.0129255512983 -0.00029563384972 0.0123582720857 
0.0579345440237 0.0335783028149 0.00707824007184 0.012433134319 0.0828201629221 -0.0078623738975 0.0291468970749 0.0190925746959 0.0183253372153 0.0553499674855 0.0791670840912 0.0358097815451 0.0229659885893 0.00167943365981 0.0189187693331 0.0505855984623 0.0230524600407 0.0736573689004 0.0645686619455 0.0212705203657 0.0615250415998 0.00113338459977 0.00824482150251 0.00986143022167 0.0384005540346 0.0138201098734 0.0243233525454 0.0347273038211 0.0552567427191 0.0217045627268 0.00271258390661 0.0626231860675 -0.0300829537196 -0.00361199173774 0.898379762336 0.102048105985 0.0179019243901 0.0428159385752 0.009068356809 0.0209800898421 
0.0560983255546 0.00793853529313 0.0222900118839 0.00852550865064 0.0493933527211 0.010034448952 0.0276660521767 0.0217456140111 -0.00866966967198 0.0225541416455 0.0725068143236 0.00631473778789 0.0196380761699 0.00103910780473 0.00991002597428 0.0194520881965 -0.00524561668277 0.0135504564805 0.0173034969071 0.0109555036548 0.0145328909954 -0.00365087272558 0.00188029885817 0.0153999430534 0.0126041519519 0.0142401527853 0.0060726355568 0.0238910529355 0.0233322285902 0.0136418558729 0.00558808793735 0.053546014248 0.0102197241068 0.016285454449 0.102048105985 0.28096098999 0.0052330296482 0.0301574806999 0.0132292824038 0.0136650148923 
0.0181264894762 0.0141441154322 0.0212228984916 0.0108968269759 0.0116127969272 0.0144693114855 0.0151393645183 0.0189303468864 0.0195886099917 0.0144508911242 0.0207543252714 0.02049492007 0.0157389134989 -0.00129743241523 0.0245257926084 0.0170902509319 0.0197787137664 0.0153196081853 0.0170675619185 0.0189015855073 0.015000255315 0.00780205059863 0.0144676825042 0.0227348738996 0.0178980834957 0.0255373328564 0.0344199193827 0.0195785388684 0.0334968600422 0.0144609993497 0.0181491587645 0.0182994789249 0.013119380716 0.015966076801 0.0179019243901 0.0052330296482 0.211772000068 0.0267713121004 0.0162608008774 0.0194704592012 
-0.000145467072753 0.0304684362743 0.0282197796838 0.00654757251296 0.0188294908831 0.0174453374729 0.0170531071006 0.0349070919163 0.0424643192935 0.0319639349495 0.0516565751575 0.00300542036947 0.0380374088869 0.0394912427546 0.0744299100207 0.018751412378 0.02407321528 0.012469682102 0.0267585079541 0.0190745669686 0.037028067791 -0.00299164021258 0.00794057353885 0.0205164604082 0.021350831333 0.0133417832762 0.0255165397623 0.00806974829906 0.0399484380424 0.0175020175041 0.00650646711313 0.0212591410789 0.00325119132598 0.0129255512983 0.0428159385752 0.0301574806999 0.0267713121004 0.470232236206 0.0299092966615 0.0109403631953 
0.00766333895094 0.0377645399745 0.0079363946178 0.00116591736845 0.00399194649294 0.0127765234929 0.0129708830793 0.00544821338065 0.0188829767603 0.0216533748417 0.0239668689113 0.0238781222425 0.00580619232381 0.00159842360798 0.0100252433902 0.0132598847761 0.0102933332805 0.00800256520373 0.0458959257885 0.0191607710068 0.00821733230017 0.0361390123739 0.0165711818024 0.017536844125 0.0124536437614 0.00956020260022 0.0141488443887 0.0185511283906 0.0150606717722 0.00927907152821 0.00361222397068 0.0161000160652 -0.0039639558954 -0.00029563384972 0.009068356809 0.0132292824038 0.0162608008774 0.0299092966615 0.205520070812 0.0187016702366 
0.0400701620674 -0.000409599056783 0.00655052951402 0.00512343521053 0.0180924325287 0.00279802876885 0.0650814479005 0.0116361386371 0.018594626847 0.0170207136408 0.0173563699799 0.0241657088248 0.0126618101444 0.0298960527484 0.03175551151 0.0276633872244 0.00107227523428 0.00593680473222 0.00737352274263 0.0181214140093 0.0237598828821 0.00361525267569 -0.00388929475357 0.0186596975311 0.0111384848197 0.00638858017513 0.00810345178581 0.00172870732887 0.0351795493448 0.0322923567783 0.00711328547614 0.0397687931264 0.00292316938802 0.0123582720857 0.0209800898421 0.0136650148923 0.0194704592012 0.0109403631953 0.0187016702366 0.404437494847 

['ADSK', 'BJS', 'GWW', 'STZ', 'NSC', 'CCU', 'LXK', 'TSG', 'OXY', 'TIN', 'LSI', 'AW', 'SIAL', 'AGN', 'YHOO', 'MOLX', 'NI', 'Q', 'CMVT', 'ECL', 'NE', 'MYL', 'HNZ', 'GE', 'SEE', 'CMA', 'PPL', 'OMX', 'PCAR', 'GPC', 'SWY', 'DELL', 'CMX', 'CPB', 'AMD', 'LLTC', 'EQR', 'GILD', 'IFF', 'HAS']