50
0.0388313797841 0.143796644659 0.0538734886168 0.080285366307 0.125871369107 0.360667625942 0.0952892642352 0.0787213758152 0.0528259349661 0.0215013837744 0.0165000515881 0.0512444991133 0.0442318588416 0.0373994541978 0.00873698993333 0.110625092132 0.0533662879029 0.0313696733512 0.142835786571 0.0597278634654 0.128413882411 0.0348828940045 0.0459594094694 0.074230100705 0.0240188564254 0.0377827405953 0.0395572708053 0.0361599942098 0.0896788789081 0.0265193363437 0.0295384146509 0.0448250845436 0.0576577356707 0.0442230302855 0.029419367 0.0375994121509 0.0995242847704 0.0725669815102 0.0144645316835 0.0255121646837 0.023015295127 0.0988670942005 0.0335319673985 0.15397042743 0.0188066159349 0.079223051944 0.0970140476379 0.02736418452 0.0266110290159 0.265107550494 
0.401037500491 0.0274392006239 0.0153466007648 0.0170334402729 0.0245592376485 0.0646844100127 -0.0123871544759 0.00819912717696 0.0021900526102 0.0121292893377 0.00501303082456 0.0108648534094 0.00150329885316 0.0356669198529 0.0059555280205 0.0188164040834 0.011199868411 0.00791370418475 -0.00930822269642 0.0132564720256 0.0176799291702 0.00197329403563 0.0304865510478 0.0474921748273 0.0169101067436 0.0187584457063 0.00766686695134 0.00540448946732 0.00907351222788 0.0167161470623 -0.0016627485444 0.0187937843785 0.0204228231903 0.0127028607891 0.0113219822458 0.0129226743738 0.00449818449457 0.0239350155101 -0.00171659949221 0.0153515562675 0.0120401324128 0.0466938491781 0.0131038167749 0.0122631112724 0.013625938399 0.0426496432447 0.0241209475445 7.74997278384e-05 0.00552413002035 -0.000648395416324 
0.0274392006239 0.608568516049 0.0597004165579 0.0393906803733 0.0495738203508 0.0412508112813 0.0477104658362 0.044842550401 0.0391890743523 0.0305682301053 0.0175121912472 0.0587883796291 0.0319489444495 0.0391974250666 0.00896393282088 0.0838348129904 0.0256349121797 0.0310469874057 -0.00279769162875 0.0586307398676 0.0635865123819 0.0691094387438 0.0386861325274 0.0577972926151 0.0521876832024 0.00576940826736 0.0173830566416 0.0270384090724 0.0699260138858 0.0233867270955 0.0374265364109 0.0245661343974 0.0284118598945 0.0770104017335 0.0223090623813 -0.00408391789415 0.0492073033157 0.132699280581 0.0135833889662 0.0177309455915 0.0283284988489 0.0600933249685 0.0393583624199 0.0343417513763 0.0397673910887 0.06487796525 0.0710744814005 0.0399929871023 -0.00379639589079 0.012332062832 
0.0153466007648 0.0597004165579 0.373717160686 0.002513819422 0.0341335821613 0.025150295158 0.00799370980298 0.0223898818767 0.00275289628648 0.00479245297076 -0.000603353400396 0.0203083380921 0.015139729397 0.0411617641802 0.0034270217609 0.0321863897301 0.0176532586256 0.0107850702544 0.00335850435699 0.0286288786916 0.01076817474 0.0102537339307 0.0240005143903 0.0357035870382 0.0232181194388 0.00700675378551 0.00326114047663 0.00825209595436 0.0471463807629 0.0234228859907 0.0172885889202 0.0243415101669 0.0269554887595 0.0183048368623 0.00692077952681 0.0117709293381 0.00387109661289 0.0211494169911 0.00719574025956 0.00883676180809 -0.00437682156417 0.0332632849466 0.0299058942014 0.00389454059231 0.0247393629 0.0142502662832 0.0455476998264 0.00798848199299 0.00269319786772 0.0169922257277 
0.0170334402729 0.0393906803733 0.002513819422 0.426832097462 0.00809782759026 0.0295612802854 0.0128239032569 0.0171623243818 0.00869773607817 0.025465914873 0.000935129280738 0.0232548459467 0.0256048637389 0.0264193743402 0.0145075437418 0.015566016201 -0.0028584329066 0.0184370522683 0.00588705678996 0.0419545292151 0.0311111584891 0.0160484162466 0.0219672000875 0.0240820659615 0.0245650950849 0.010943585927 0.0166334264865 0.0391584847465 0.0302140544497 0.0246015885017 0.0202555363584 0.00942632516694 0.00659815997709 0.0264671135524 0.00287876151773 0.0262106100819 -0.000880280941415 0.0221076663205 0.0122932226343 0.00804317081881 0.00832213005251 0.0603363300198 0.0420178070896 0.010837595741 0.0304864605248 0.0425672856968 0.0342126801577 0.0104589587573 0.0294761590722 0.0142948315697 
0.0245592376485 0.0495738203508 0.0341335821613 0.00809782759026 0.839561745524 0.0512003198711 0.0187896287814 -0.0231747043037 -0.0108486623649 0.0136940235974 0.014163819992 0.00763340833543 0.0154391554951 0.0177536673238 0.0201209066239 0.0119515184391 0.00589287381567 -0.0138179791175 -0.00189417383685 0.0209501422336 -0.00682962722537 0.0241414462081 -0.00177668107826 0.0117383425753 0.0311260782658 0.0177275197943 0.000695027968024 -0.0159327352611 0.0497961124944 0.00385111682992 0.00332564941938 0.0135530954694 -0.00157176430459 -0.0123832953323 -0.0110577480585 -0.000401226465762 -0.00588664051278 -0.00174981400087 0.00433532866418 -0.00452749585426 -0.00421798267241 0.0186705305703 -0.00430056667976 -0.0108436612665 0.007271830451 0.000678634978727 0.00128360004391 -0.00085365892726 -0.0169625942965 -0.00913748064608 
0.0646844100127 0.0412508112813 0.025150295158 0.0295612802854 0.0512003198711 1.17830523488 0.00158893614533 0.030175140046 0.0564134744014 0.0293770857933 0.00441789048694 0.0433653915042 0.0283195070219 -0.013564224112 0.00678166876318 0.0177266490128 -0.0132796958878 0.0230298904563 -0.0106321086403 0.0416391982103 0.0759839898129 0.017605542417 0.0445281534959 0.0451663527626 0.0245567798889 -0.00473777099717 0.00475297128458 -0.00326406724461 0.111958065841 0.0246816766402 0.00753944796744 0.00191680012942 0.0386481273673 0.0167081919329 0.00537013857492 0.0300063948711 0.0440115060483 0.041144233458 0.0216487041346 0.0157272319095 0.00256516262278 0.0878215495655 0.0227730833967 0.0416589454317 0.00769792200252 0.0228789464505 0.0292727713462 0.00549994284977 0.00838633019215 0.0171512874564 
-0.0123871544759 0.0477104658362 0.00799370980298 0.0128239032569 0.0187896287814 0.00158893614533 0.502201236347 -0.00768527332191 0.020260073005 0.0145736325448 0.00959727696837 0.00796276909359 0.0222328448311 0.000799364927249 0.013229604611 0.0310140929024 0.0100435087085 0.0123826506209 0.00100745460988 0.0905687707158 -0.00355131149063 0.0321678556465 0.00706086591577 0.0264606150251 0.0074722362158 0.0152462756857 0.0158030455332 -0.00222701324559 0.0301104098726 0.021558038884 0.0223046013178 0.00370165475456 0.00826440299401 0.0190435149958 0.0151151999018 0.00458904129976 0.0107491274828 0.0103017006888 0.017771953077 0.00966175856829 0.0113279045169 0.0268836430259 0.0135014010838 0.000978421558105 0.00849577334666 0.0215604908506 0.0289811115593 -0.00113122038185 0.0223874407136 -0.00374963028639 
0.00819912717696 0.044842550401 0.0223898818767 0.0171623243818 -0.0231747043037 0.030175140046 -0.00768527332191 0.339285008946 -0.00421544243967 0.00297454516399 0.0237898697798 0.028392034748 0.0201835659564 0.000192654297441 0.00237445294529 0.0133962881628 -0.00299746465869 0.0088001593729 0.00604452112189 0.00805721221724 0.120800251834 0.0368339071878 -0.006879800026 0.03985796346 0.018910003656 0.0379239169409 -0.000519573107345 0.0236626137966 -0.00749748254459 0.0111756774502 0.00319911067743 -0.00112053338712 0.0169025312205 0.0126928975515 0.0314036482372 0.000154992053449 0.0916661412192 0.0299354266865 0.00459025614393 0.00380586153933 0.00468696800729 0.0187631015944 0.0187341925982 0.129694707601 -0.00485917939639 -0.00791927792427 0.0158418664221 0.0232297090023 0.0298016362267 -0.0118032309348 
0.0021900526102 0.0391890743523 0.00275289628648 0.00869773607817 -0.0108486623649 0.0564134744014 0.020260073005 -0.00421544243967 0.280942548597 0.0203416381976 0.00969705528534 0.00951579982875 0.0457337049065 0.0238101521681 0.0125867777147 0.029521869158 0.00615509080434 0.00298835996752 0.0121938635449 0.0274828714025 -0.00110513363438 0.0241642474774 0.0481341252798 0.0226697705814 0.0230928245959 0.0114364836062 0.011378640558 0.0117220604762 0.0242829302366 0.0100690699186 0.0251820233964 0.0247860555252 0.0142845803959 0.013231765538 0.0111754289266 0.028661484504 -0.0164907551691 0.0242023310574 -0.001054939557 0.0313667108047 0.0220771855008 0.00140529937516 0.0130156103002 -0.00385662199084 0.0153694816984 0.0147649389222 0.0235330024193 0.00574146116834 0.0139254465214 -0.00235464720671 
0.0121292893377 0.0305682301053 0.00479245297076 0.025465914873 0.0136940235974 0.0293770857933 0.0145736325448 0.00297454516399 0.0203416381976 0.276004181319 0.0059853415089 0.0115748622521 0.0126021138398 0.0218006245406 0.022027082568 0.019406961016 0.0316125349073 0.00713131666219 0.0248122006944 0.0174205504889 0.0294920926847 0.0177091780812 0.0267626380439 0.0264385854123 0.0135005078945 0.00763115978174 0.0177904535601 0.00288674360009 0.050804063795 0.0137941652771 0.0235463094829 0.0155937007283 0.0223337072025 0.00305604345561 0.00619838258723 0.0071098332356 0.00931797367066 0.030279811055 0.0107857375447 0.00745566177649 0.025276068887 0.0582690442995 0.0181229009488 0.0181492833134 0.024913374786 0.0271797577493 0.019968278465 0.0073308685494 0.0175228559106 0.00139293573264 
0.00501303082456 0.0175121912472 -0.000603353400396 0.00093512928074 0.014163819992 0.00441789048694 0.00959727696837 0.0237898697798 0.00969705528534 0.0059853415089 0.140350414088 0.00425230580041 0.0103518712843 0.0091379005528 0.00773869171327 -0.00116199346265 0.011961096456 0.01054246288 0.00511322414066 0.0033445805832 0.0163920862613 -0.00314330021151 0.0104466084554 0.0143026484487 0.0127168175458 0.017233848171 0.00193391027703 0.048832176853 0.0124874767952 0.00495163859669 0.0112950748792 0.01232256545 0.0222533174538 0.0139591357222 0.0410315873314 0.00442268971011 0.0202074562533 0.0153208613803 0.00551435772617 0.0175506464312 0.0178280545708 -0.00163007695845 0.00978455423659 0.0144999526412 0.00878272186038 0.00680087710866 0.00966529426641 0.0444076259571 0.0109769559004 -0.0111358106227 
0.0108648534094 0.0587883796291 0.0203083380921 0.0232548459467 0.00763340833543 0.0433653915042 0.00796276909359 0.028392034748 0.00951579982875 0.0115748622521 0.00425230580041 0.263441874897 0.0294675631398 0.0158409067505 0.00364751265745 0.0147270526026 0.0303997589998 0.0256064683129 -0.022408742944 0.0244465760155 0.0351036730819 0.0117480750193 0.00982855943908 0.0454395776711 0.0278168745753 -0.00106689889834 0.010153550526 0.0083782098435 0.0335892373579 0.0148378359045 0.0115875080879 0.0141863167085 0.0126883980585 0.0146719760318 -0.00681481605455 -0.00229111618739 0.028820779394 0.0269960778133 0.0192082833577 0.00704097117717 0.0151174760399 0.0264872611949 0.0251260413089 0.0266521937363 0.00521587187981 0.0147401359304 0.0292999151534 0.014074032175 0.00926669894842 0.0180221675144 
0.00150329885316 0.0319489444495 0.015139729397 0.0256048637389 0.0154391554951 0.0283195070219 0.0222328448311 0.0201835659564 0.0457337049065 0.0126021138398 0.0103518712843 0.0294675631398 0.231067038292 0.0188025663801 0.018041632701 0.0472130078899 0.01059357238 0.0179506799882 0.00120431884607 0.0130635691202 0.00862934299863 0.0240265122856 0.0265790793155 0.032517993194 0.0318082357337 0.0149424271463 0.0118555467538 0.0249367629847 0.0409774713569 0.0381123600277 0.0217596642534 0.0199752027969 0.0274760540784 0.0279833522039 0.0257798989463 0.0270061580058 0.0215431112231 0.0226304742273 0.0130104276879 0.018881459588 0.0207058510427 0.0445935213761 0.0368347091031 0.0160826235741 0.00663946147212 0.0250054912657 0.0262000538093 0.0201033387022 0.0220808763008 0.00741651355878 
0.0356669198529 0.0391974250666 0.0411617641802 0.0264193743402 0.0177536673238 -0.013564224112 0.000799364927249 0.00019265429744 0.0238101521681 0.0218006245406 0.0091379005528 0.0158409067505 0.0188025663801 0.308147058944 0.016546881591 0.0396158723379 0.00898761997059 0.0271953051798 0.00399599557352 0.0260057560743 0.0121371968174 0.00456667660407 0.00400581395725 0.0450146372558 0.0272072049216 0.00901047813826 0.0155228395095 0.0138655218033 -0.00499367978141 0.0168410402869 0.0143849398324 0.0294787374072 0.0232335091506 0.0243518034489 0.00716960602709 0.00865893020151 0.0136979560862 0.0285679430719 -0.000938837413672 0.0104233911221 0.0237363572813 0.00708446476533 0.0235168768546 0.0153119101614 0.0322955539934 0.0127661867844 0.0399396452727 0.0085286045552 0.0152652960292 0.0187702910636 
0.0059555280205 0.00896393282088 0.0034270217609 0.0145075437418 0.0201209066239 0.00678166876318 0.013229604611 0.00237445294529 0.0125867777147 0.022027082568 0.00773869171327 0.00364751265745 0.018041632701 0.016546881591 0.10788828177 0.0101753538333 0.0100368852278 0.0123832567418 -0.00112872662976 0.00387453080123 0.0067237004471 0.0143289972703 0.0083182369852 0.00555489217702 0.0150209694292 0.0179372631259 0.0102670455 0.0106621444027 0.0114721996439 0.00887919420168 0.00973051101992 0.00818691280497 0.0189074024376 0.0151621646119 0.0139994672835 0.00896051049979 0.00122220965888 0.0165909733396 0.00913685489095 0.0187391677358 0.0197039453758 0.0136813523926 0.0143441647103 0.0065326009056 0.0110940718385 -0.00361797933063 0.00860617009447 0.0101998489303 0.00930146213533 -0.000291461040693 
0.0188164040834 0.0838348129904 0.0321863897301 0.015566016201 0.0119515184391 0.0177266490128 0.0310140929024 0.0133962881628 0.029521869158 0.019406961016 -0.00116199346265 0.0147270526026 0.0472130078899 0.0396158723379 0.0101753538333 0.572461006799 -0.0114466740079 0.0152535060537 0.0268330221926 0.00782680777492 0.00299540037073 0.0296990719056 0.0345995467066 0.0555849146549 0.0220862502057 0.00597316796015 0.00682296616221 0.00425553808963 0.0512548476193 0.0045323042036 0.0235879553051 0.00402801667032 0.0142016278054 0.0271972262942 0.0016318819404 0.00649758006033 0.00419465917705 0.0321421908422 -0.000682061898026 0.0205261409766 0.0222770927474 0.0275539005158 0.0235908099694 0.00633776623382 0.0249152296541 0.0207999041409 0.0446022631035 0.0183143652073 -0.00494995893346 -0.00301612950664 
0.011199868411 0.0256349121797 0.0176532586256 -0.0028584329066 0.00589287381567 -0.0132796958878 0.0100435087085 -0.00299746465869 0.00615509080434 0.0316125349073 0.011961096456 0.0303997589998 0.01059357238 0.00898761997059 0.0100368852278 -0.0114466740079 0.424593130899 0.00343337244306 -0.0134709996116 0.0262758900127 -0.00313092063973 0.016318229687 0.00310497181674 0.0107386571363 0.0143484455081 0.00719611577909 -0.00224914632686 0.0185751366451 0.0627933628584 0.00975146740986 0.00246692363964 0.0110377855627 0.0147328167088 0.0138769862973 0.0120251953494 0.0158005314821 0.00544916773346 0.0255559457802 0.00666010232541 0.0168578328453 0.0014748879505 0.0358174381232 0.00348015532864 0.0110474145721 0.010168198843 0.0137816388602 -0.000170435035733 0.0125613542154 0.00544339668936 -0.00308557960507 
0.00791370418475 0.0310469874057 0.0107850702544 0.0184370522683 -0.0138179791175 0.0230298904563 0.0123826506209 0.0088001593729 0.00298835996752 0.00713131666219 0.01054246288 0.0256064683129 0.0179506799882 0.0271953051798 0.0123832567418 0.0152535060537 0.00343337244306 0.174249712947 0.0103203625433 0.0253659789911 0.0127826290961 0.00804242651001 0.00175106008954 0.0125335773966 0.018401577803 0.0123509510331 0.00275964471995 0.0159466995624 0.00233052250224 0.0155836602704 0.0173290167902 0.0176731482428 0.012125687107 0.0182660797864 0.0165629254665 0.0111947949088 0.00739160745635 0.0103835017637 0.00885870338883 0.0101960652632 0.0126444705129 0.0199609610976 0.015361503765 -0.00911574707972 0.00868521786665 0.0243801561154 0.020896761158 0.0288744462974 0.0211667129197 -0.00599676545079 
-0.00930822269642 -0.00279769162875 0.00335850435699 0.00588705678996 -0.00189417383685 -0.0106321086403 0.00100745460988 0.00604452112189 0.0121938635449 0.0248122006944 0.00511322414066 -0.022408742944 0.00120431884608 0.00399599557352 -0.00112872662976 0.0268330221926 -0.0134709996116 0.0103203625433 1.25246226502 -0.00535461541554 0.0254816387339 0.00360275294586 0.0025473863626 0.0156515852475 0.00106457964981 0.0164609545912 -0.00176763630504 0.00373323222102 0.0431769385466 0.01653023925 0.00307094342626 0.0151344198408 0.00335548637691 0.0263904256385 0.00962185410757 -0.00220498897191 0.00777948171531 0.00990861264327 0.00692662080144 0.00665350137841 0.00281724238392 0.0399673247782 0.00224969460711 0.0219363381188 0.018400833658 0.00929285389895 0.0242801535535 0.010275413871 0.00246949672618 -0.00637931243896 
0.0132564720256 0.0586307398676 0.0286288786916 0.0419545292151 0.0209501422336 0.0416391982103 0.0905687707158 0.00805721221724 0.0274828714025 0.0174205504889 0.0033445805832 0.0244465760155 0.0130635691202 0.0260057560743 0.00387453080123 0.00782680777492 0.0262758900127 0.0253659789911 -0.00535461541554 0.386530872039 0.0400248907985 0.0359770824587 0.035601319562 0.0241276798799 0.0125547200849 0.00293458283832 0.0106722436043 0.00640654725519 0.0133341758302 0.0117784740197 0.0104088250474 0.00717564202054 0.0120933585322 0.0338907417821 0.0110135959696 0.00240592302464 0.0215161671289 0.0184367974406 0.0132194547339 0.00161826729117 -0.00112732822153 0.0218970861349 0.0286883453065 0.0292296918151 0.0185699487467 0.0299557726532 0.0149387391878 0.0082926841236 -0.000285349990149 0.000869297330859 
0.0176799291702 0.0635865123819 0.01076817474 0.0311111584891 -0.00682962722537 0.0759839898129 -0.00355131149062 0.120800251834 -0.00110513363437 0.0294920926847 0.0163920862613 0.0351036730819 0.00862934299863 0.0121371968174 0.0067237004471 0.00299540037073 -0.00313092063973 0.0127826290961 0.0254816387339 0.0400248907985 0.44239168339 0.00920777142361 0.0332582157376 0.0585697342408 0.0160539019087 0.0368797149701 -0.000609904183656 0.0373199244562 0.0191850229793 0.00766916198584 0.00354578764161 0.00206245707334 0.0222060654236 0.0237402787273 0.0205650410811 0.00668286909028 0.103703435682 0.0266852546202 0.00454242618855 0.00849652670716 0.00526455885545 0.0245482079578 0.0257937642319 0.154132893117 0.0170141982906 0.016316746684 0.0692202666889 0.0363243308815 0.013862940117 0.0267557791232 
0.00197329403563 0.0691094387438 0.0102537339307 0.0160484162466 0.0241414462081 0.017605542417 0.0321678556465 0.0368339071878 0.0241642474774 0.0177091780812 -0.00314330021151 0.0117480750193 0.0240265122856 0.00456667660407 0.0143289972703 0.0296990719056 0.016318229687 0.00804242651001 0.00360275294585 0.0359770824587 0.00920777142361 0.223928341022 0.013207156564 0.0227653310321 0.0153086326823 0.0136968975016 0.00797677377921 -0.00670539401363 0.0239451608293 0.00972658323249 0.0123939451478 0.014043585664 0.0120560742956 0.0222954243144 0.00619706270743 0.00813798581169 0.0074398529077 0.0193326990847 0.00954047032852 0.00301135158794 0.00864278359361 0.0432075135033 0.0148517247486 0.0203999624436 0.00997527626733 0.0161196704788 0.0110688294617 0.0201784787969 0.00533303339263 0.00300801379088 
0.0304865510478 0.0386861325274 0.0240005143903 0.0219672000875 -0.00177668107826 0.0445281534959 0.00706086591577 -0.006879800026 0.0481341252798 0.0267626380439 0.0104466084554 0.00982855943908 0.0265790793155 0.00400581395725 0.0083182369852 0.0345995467066 0.00310497181674 0.00175106008954 0.0025473863626 0.035601319562 0.0332582157376 0.013207156564 0.335015402292 0.0438644083847 0.0274435242778 0.0117652973086 1.41878559843e-05 -0.00433211555948 0.0135648707331 0.0134994051605 0.0274596491167 0.0282082166679 0.0163067720922 0.0299960043953 0.0128323049827 0.0136428597929 -0.0186645316899 0.0314345710752 0.00599824795938 0.0540535506437 0.0148789942456 0.0201977698791 0.0309592653676 -0.0233044383297 0.0143024291175 0.031141007975 0.0623080960748 0.0291917893834 -0.00245264651976 0.0173057545211 
0.0474921748273 0.0577972926151 0.0357035870382 0.0240820659615 0.0117383425753 0.0451663527626 0.0264606150251 0.03985796346 0.0226697705814 0.0264385854123 0.0143026484487 0.0454395776711 0.032517993194 0.0450146372558 0.00555489217702 0.0555849146549 0.0107386571363 0.0125335773966 0.0156515852475 0.0241276798799 0.0585697342408 0.0227653310321 0.0438644083847 0.424765531865 0.0264468027805 0.0389634063076 0.0175399111044 0.0218337789877 0.049110700156 0.0214807805694 0.0343633288905 0.042685290611 0.0498925729088 0.0407693244904 0.0183299106404 0.0168516066486 0.0564681254824 0.0500125965035 0.0108365335548 0.0110508236823 0.0279515866611 0.0467546638263 0.0478345806386 0.0724230154068 0.03518292846 0.0273100539559 0.267933671871 0.0252957066367 0.0240628386672 0.0369237575095 
0.0169101067436 0.0521876832024 0.0232181194388 0.0245650950849 0.0311260782658 0.0245567798889 0.0074722362158 0.018910003656 0.0230928245959 0.0135005078945 0.0127168175458 0.0278168745753 0.0318082357337 0.0272072049216 0.0150209694292 0.0220862502057 0.0143484455081 0.018401577803 0.00106457964981 0.0125547200849 0.0160539019087 0.0153086326823 0.0274435242778 0.0264468027805 0.188712425096 0.00195522789781 0.0165781628889 0.00643215861965 0.0235112480886 0.016408469171 0.0156324566078 0.0178428075537 0.0152625025525 0.0152408056038 -0.00132355903779 0.00707009831555 -0.00190458877873 0.0180580724387 0.0135919673616 0.0118668391904 0.0140190246939 0.0303795312616 0.0289277430571 0.0103565877912 0.0138358829934 0.019805072195 0.0251264988313 0.00520325063433 0.00237412897712 0.00645173415866 
0.0187584457063 0.00576940826736 0.0070067537855 0.010943585927 0.0177275197943 -0.00473777099717 0.0152462756857 0.0379239169409 0.0114364836062 0.00763115978174 0.017233848171 -0.00106689889834 0.0149424271463 0.00901047813826 0.0179372631259 0.00597316796015 0.00719611577909 0.0123509510331 0.0164609545912 0.00293458283832 0.0368797149701 0.0136968975016 0.0117652973086 0.0389634063076 0.00195522789781 0.325817967931 0.0151524695289 0.0300991916069 0.0105763519121 0.00314769401791 0.0161417196614 -0.00212200657927 0.0187212011711 0.0171288280969 0.0209952900441 0.00903309246454 0.0279222833073 0.0217253602132 0.00991281921328 0.0240911387905 0.0148600083615 0.0195286372953 0.0104123975593 0.0234943315195 0.00360291184029 -0.000164393044802 0.0319387857543 0.0185801548994 0.0202198089077 -0.0102363957681 
0.00766686695134 0.0173830566416 0.00326114047663 0.0166334264865 0.000695027968024 0.00475297128458 0.0158030455332 -0.000519573107345 0.011378640558 0.0177904535601 0.00193391027703 0.010153550526 0.0118555467538 0.0155228395095 0.0102670455 0.00682296616221 -0.00224914632686 0.00275964471995 -0.00176763630504 0.0106722436043 -0.000609904183656 0.00797677377921 1.41878559843e-05 0.0175399111044 0.0165781628889 0.0151524695289 0.180050171048 0.0112352169747 0.0180184492299 0.00478626674435 0.00397629789247 0.0093943261819 0.0215812069935 0.0108757252816 0.00561285808744 0.0132940258299 -0.00656438572292 0.0113606215174 0.0105728761725 0.00121263872833 0.00720209481702 0.017677485378 0.0119224290338 0.0073234820987 0.0028587090859 0.00768564951325 0.012251209783 0.0138180296224 0.0101458658611 0.0121851971114 
0.00540448946732 0.0270384090724 0.00825209595436 0.0391584847465 -0.0159327352611 -0.00326406724461 -0.00222701324559 0.0236626137966 0.0117220604762 0.00288674360009 0.048832176853 0.0083782098435 0.0249367629847 0.0138655218033 0.0106621444027 0.00425553808964 0.0185751366451 0.0159466995624 0.00373323222102 0.00640654725519 0.0373199244562 -0.00670539401363 -0.00433211555948 0.0218337789877 0.00643215861965 0.0300991916069 0.0112352169747 0.22623634717 0.0122112300301 0.00940061939226 0.0147887634115 0.011090169385 0.0219344459382 0.0167511827707 0.0457973935854 0.0187121638886 0.036749682301 0.0235118039494 0.0152861563968 0.00860405359059 0.01164932528 0.00143195181846 0.00746174396543 0.0302470700505 0.00777373662783 0.0163921681095 0.0138353068844 0.0401902109265 0.0253736389131 -0.0187852247944 
0.00907351222788 0.0699260138858 0.0471463807629 0.0302140544497 0.0497961124944 0.111958065841 0.0301104098726 -0.00749748254459 0.0242829302366 0.050804063795 0.0124874767952 0.0335892373579 0.0409774713569 -0.0049936797814 0.0114721996439 0.0512548476193 0.0627933628584 0.00233052250224 0.0431769385466 0.0133341758302 0.0191850229793 0.0239451608293 0.0135648707331 0.049110700156 0.0235112480886 0.0105763519121 0.0180184492299 0.0122112300301 0.528053959981 0.0275745687205 0.0227807583482 0.00410046868765 0.0290987135159 0.0230158520613 0.00966897938067 -0.0123918051001 0.00609114114903 0.0142590044409 0.0180193127218 0.0232124301998 0.0106942328922 0.0761360199031 0.0123757646051 0.0194305849638 0.0040778435859 0.0267600894775 0.0591792175765 0.0135875193852 0.0138751574748 0.0219249637218 
0.0167161470623 0.0233867270955 0.0234228859907 0.0246015885017 0.00385111682992 0.0246816766402 0.021558038884 0.0111756774502 0.0100690699186 0.0137941652771 0.00495163859669 0.0148378359045 0.0381123600277 0.0168410402869 0.00887919420168 0.0045323042036 0.00975146740986 0.0155836602704 0.01653023925 0.0117784740197 0.00766916198584 0.00972658323249 0.0134994051605 0.0214807805694 0.016408469171 0.00314769401791 0.00478626674435 0.00940061939226 0.0275745687205 0.204413984458 0.0175968016834 0.01560811464 0.0141575138877 0.000886409860712 0.0094062977737 0.00666138957283 0.00840762661495 0.0168776010922 0.0147126836384 0.00334422507095 0.00556045189554 0.0106108542564 0.0215067034789 0.0125503617058 0.00902246590514 0.00322343180707 0.00697601426632 0.0155988097959 0.0200966407385 0.0336763064467 
-0.0016627485444 0.0374265364109 0.0172885889202 0.0202555363584 0.00332564941938 0.00753944796744 0.0223046013178 0.00319911067743 0.0251820233964 0.0235463094829 0.0112950748792 0.0115875080879 0.0217596642534 0.0143849398324 0.00973051101992 0.0235879553051 0.00246692363964 0.0173290167902 0.00307094342626 0.0104088250474 0.00354578764161 0.0123939451478 0.0274596491167 0.0343633288905 0.0156324566078 0.0161417196614 0.00397629789247 0.0147887634115 0.0227807583482 0.0175968016834 0.212181917104 0.0317391026274 0.0176189425114 0.0149107649713 0.0133834204157 0.0219729451328 0.0109650800406 0.0229261180221 0.0138690108593 0.0209273420812 0.0313583329881 0.0159985310477 0.0150230130626 0.0110821436192 0.007856114489 0.0101781171065 0.0356826640406 0.0202897824798 0.0145447635837 0.00778824783211 
0.0187937843785 0.0245661343974 0.0243415101669 0.00942632516694 0.0135530954694 0.00191680012942 0.00370165475456 -0.00112053338712 0.0247860555252 0.0155937007283 0.01232256545 0.0141863167085 0.0199752027969 0.0294787374072 0.00818691280497 0.00402801667032 0.0110377855627 0.0176731482428 0.0151344198408 0.00717564202054 0.00206245707334 0.014043585664 0.0282082166679 0.042685290611 0.0178428075537 -0.00212200657927 0.0093943261819 0.011090169385 0.00410046868764 0.01560811464 0.0317391026274 0.246738469193 0.0153979033518 0.0228133423928 0.00802407700039 0.00460263825175 -0.00110947561347 0.0305347924708 0.00323857407544 0.0207400791489 0.0158573230163 0.0143529989289 0.0178032196543 -0.00865840415244 0.038612025509 0.0191232488886 0.0263289929817 0.00664385347633 0.0119267308841 -0.00436728865802 
0.0204228231903 0.0284118598945 0.0269554887595 0.00659815997709 -0.00157176430459 0.0386481273673 0.00826440299401 0.0169025312205 0.0142845803959 0.0223337072025 0.0222533174538 0.0126883980585 0.0274760540784 0.0232335091506 0.0189074024376 0.0142016278054 0.0147328167088 0.012125687107 0.00335548637691 0.0120933585322 0.0222060654236 0.0120560742956 0.0163067720922 0.0498925729088 0.0152625025525 0.0187212011711 0.0215812069935 0.0219344459382 0.0290987135159 0.0141575138877 0.0176189425114 0.0153979033518 0.242181442439 0.0172070751104 0.0240829833029 0.0222586312785 0.0156413518111 0.0245290483945 0.0109477036428 0.0126356996949 0.0126515216857 0.0218184202144 0.0162022908752 0.0110172863377 0.0117860218825 0.0293399566662 0.0431920932755 0.0181224393217 0.0130934791985 -0.0147222831609 
0.0127028607891 0.0770104017335 0.0183048368623 0.0264671135524 -0.0123832953323 0.0167081919329 0.0190435149958 0.0126928975515 0.013231765538 0.00305604345561 0.0139591357222 0.0146719760318 0.0279833522039 0.0243518034489 0.0151621646119 0.0271972262942 0.0138769862973 0.0182660797864 0.0263904256385 0.0338907417821 0.0237402787273 0.0222954243144 0.0299960043953 0.0407693244904 0.0152408056038 0.0171288280969 0.0108757252816 0.0167511827707 0.0230158520613 0.000886409860713 0.0149107649713 0.0228133423928 0.0172070751104 0.183819520527 0.0121836136554 0.015857314565 0.0249059062445 0.0362797582077 0.0168505113662 0.0275472479403 0.0183108119643 0.0262550201678 0.0257376006108 0.0433218402006 0.0237247651073 0.0275606155083 0.0432553601264 0.00906903556009 0.00498224954878 -0.00415872110266 
0.0113219822458 0.0223090623813 0.00692077952681 0.00287876151773 -0.0110577480585 0.00537013857492 0.0151151999018 0.0314036482372 0.0111754289266 0.00619838258723 0.0410315873314 -0.00681481605455 0.0257798989463 0.00716960602709 0.0139994672835 0.00163188194041 0.0120251953494 0.0165629254665 0.00962185410757 0.0110135959696 0.0205650410811 0.00619706270743 0.0128323049827 0.0183299106404 -0.00132355903779 0.0209952900441 0.00561285808744 0.0457973935854 0.00966897938067 0.0094062977737 0.0133834204157 0.00802407700039 0.0240829833029 0.0121836136554 0.198353394013 0.0116521275998 0.0279829006944 0.0160424785473 0.00889923277348 0.0207672318508 0.0125822493817 0.00910481088368 0.0110039695919 0.00423090134509 -0.00292441572672 -0.000510441690084 0.010993713364 0.0322915131881 0.0116801204564 -0.0131913558065 
0.0129226743738 -0.00408391789415 0.0117709293381 0.0262106100819 -0.000401226465762 0.0300063948711 0.00458904129976 0.000154992053449 0.028661484504 0.0071098332356 0.00442268971011 -0.00229111618739 0.0270061580058 0.00865893020151 0.00896051049979 0.00649758006033 0.0158005314821 0.0111947949088 -0.00220498897191 0.00240592302464 0.00668286909028 0.00813798581169 0.0136428597929 0.0168516066486 0.00707009831555 0.00903309246454 0.0132940258299 0.0187121638886 -0.0123918051001 0.00666138957283 0.0219729451328 0.00460263825175 0.0222586312785 0.015857314565 0.0116521275998 0.262131313954 0.0404151192526 0.0162532142013 -0.00114423293427 0.0138086923253 0.00722281064017 0.0145417024078 0.00765912554827 0.00442398310124 0.0125810959048 0.0111791127835 0.0281132151959 0.00248038865931 0.0263385712615 -0.0107967363714 
0.00449818449457 0.0492073033157 0.00387109661289 -0.000880280941413 -0.00588664051278 0.0440115060483 0.0107491274828 0.0916661412192 -0.0164907551691 0.00931797367066 0.0202074562533 0.028820779394 0.0215431112231 0.0136979560862 0.00122220965889 0.00419465917706 0.00544916773346 0.00739160745636 0.0077794817153 0.0215161671289 0.103703435682 0.0074398529077 -0.0186645316899 0.0564681254824 -0.00190458877873 0.0279222833073 -0.00656438572292 0.036749682301 0.00609114114903 0.00840762661495 0.0109650800406 -0.00110947561347 0.0156413518111 0.0249059062445 0.0279829006944 0.0404151192526 0.409798176731 0.0221861429759 0.00161485657877 0.000239490014542 -0.00233639529982 0.0276119409121 0.00991821744523 0.115132482721 -0.00155309020193 0.0350924498511 0.0513672790904 0.0275150117755 0.0293605959613 0.00602689109275 
0.0239350155101 0.132699280581 0.0211494169911 0.0221076663205 -0.00174981400087 0.041144233458 0.0103017006888 0.0299354266865 0.0242023310574 0.030279811055 0.0153208613803 0.0269960778133 0.0226304742273 0.0285679430719 0.0165909733396 0.0321421908422 0.0255559457802 0.0103835017637 0.00990861264327 0.0184367974406 0.0266852546202 0.0193326990847 0.0314345710752 0.0500125965035 0.0180580724387 0.0217253602132 0.0113606215174 0.0235118039494 0.0142590044409 0.0168776010922 0.0229261180221 0.0305347924708 0.0245290483945 0.0362797582077 0.0160424785473 0.0162532142013 0.0221861429759 0.256551066295 0.0229417444348 0.0105901741894 0.0291856048105 0.039778372183 0.0407703729692 0.0190606149765 0.0245024868748 0.019097797692 0.0541658703167 0.0142763036201 0.0371139147422 -0.003151305987 
-0.00171659949221 0.0135833889662 0.00719574025956 0.0122932226343 0.00433532866418 0.0216487041346 0.017771953077 0.00459025614393 -0.001054939557 0.0107857375447 0.00551435772617 0.0192082833577 0.0130104276879 -0.000938837413672 0.00913685489095 -0.000682061898026 0.00666010232541 0.00885870338883 0.00692662080143 0.0132194547339 0.00454242618855 0.00954047032852 0.00599824795938 0.0108365335548 0.0135919673616 0.00991281921328 0.0105728761725 0.0152861563968 0.0180193127218 0.0147126836384 0.0138690108593 0.00323857407544 0.0109477036428 0.0168505113662 0.00889923277348 -0.00114423293427 0.00161485657877 0.0229417444348 0.288734113279 0.00509510796179 0.00433418103386 0.0331575871487 0.0202982460044 -0.00930743331243 0.00333394057494 0.00899851411795 0.00735124205017 -0.00111682665737 0.011527055644 0.00499996916227 
0.0153515562675 0.0177309455915 0.00883676180809 0.00804317081882 -0.00452749585426 0.0157272319095 0.00966175856829 0.00380586153933 0.0313667108047 0.00745566177649 0.0175506464312 0.00704097117717 0.018881459588 0.0104233911221 0.0187391677358 0.0205261409766 0.0168578328453 0.0101960652632 0.00665350137841 0.00161826729117 0.00849652670716 0.00301135158794 0.0540535506437 0.0110508236823 0.0118668391904 0.0240911387905 0.00121263872834 0.00860405359059 0.0232124301998 0.00334422507095 0.0209273420812 0.0207400791489 0.0126356996949 0.0275472479403 0.0207672318508 0.0138086923253 0.000239490014541 0.0105901741894 0.00509510796179 0.155298963488 0.0233499982689 0.0147074396488 0.00923661072352 0.00597824271545 0.0224633581017 0.00887584842888 0.0163637195869 0.00345229731911 0.00724801253574 0.00591460934512 
0.0120401324128 0.0283284988489 -0.00437682156417 0.00832213005251 -0.00421798267241 0.00256516262278 0.0113279045169 0.00468696800729 0.0220771855008 0.025276068887 0.0178280545708 0.0151174760399 0.0207058510427 0.0237363572813 0.0197039453758 0.0222770927474 0.0014748879505 0.0126444705129 0.00281724238392 -0.00112732822153 0.00526455885545 0.00864278359361 0.0148789942456 0.0279515866611 0.0140190246939 0.0148600083615 0.00720209481702 0.01164932528 0.0106942328922 0.00556045189554 0.0313583329881 0.0158573230163 0.0126515216857 0.0183108119643 0.0125822493817 0.00722281064017 -0.00233639529983 0.0291856048105 0.00433418103386 0.0233499982689 0.144796039052 0.0196866486434 0.0168568656651 0.0089661232558 0.013364248069 0.000380747782767 0.0216443192074 0.0188849246179 0.00660305255617 0.00184582405216 
0.0466938491781 0.0600933249685 0.0332632849466 0.0603363300198 0.0186705305703 0.0878215495655 0.0268836430259 0.0187631015944 0.00140529937516 0.0582690442995 -0.00163007695845 0.0264872611949 0.0445935213761 0.00708446476533 0.0136813523926 0.0275539005158 0.0358174381232 0.0199609610976 0.0399673247782 0.0218970861349 0.0245482079578 0.0432075135033 0.0201977698791 0.0467546638263 0.0303795312616 0.0195286372953 0.017677485378 0.00143195181846 0.0761360199031 0.0106108542564 0.0159985310477 0.0143529989289 0.0218184202144 0.0262550201678 0.00910481088368 0.0145417024078 0.0276119409121 0.039778372183 0.0331575871487 0.0147074396488 0.0196866486434 0.473853829636 0.038429642611 0.0503940055571 0.00139357564393 0.0298802953413 0.0273445721241 0.0236238037972 0.0334707267307 0.0146123994813 
0.0131038167749 0.0393583624199 0.0299058942014 0.0420178070896 -0.00430056667976 0.0227730833967 0.0135014010838 0.0187341925982 0.0130156103002 0.0181229009488 0.00978455423659 0.0251260413089 0.0368347091031 0.0235168768546 0.0143441647103 0.0235908099694 0.00348015532864 0.015361503765 0.00224969460711 0.0286883453065 0.0257937642319 0.0148517247486 0.0309592653676 0.0478345806386 0.0289277430571 0.0104123975593 0.0119224290338 0.00746174396543 0.0123757646051 0.0215067034789 0.0150230130626 0.0178032196543 0.0162022908752 0.0257376006108 0.0110039695919 0.00765912554827 0.00991821744523 0.0407703729692 0.0202982460044 0.00923661072352 0.0168568656651 0.038429642611 0.208451254025 0.0125153880605 0.0229979739418 0.0168615873152 0.0529290828667 0.0105637836877 0.003702391998 -0.000437475382601 
0.0122631112724 0.0343417513763 0.00389454059231 0.010837595741 -0.0108436612665 0.0416589454317 0.000978421558108 0.129694707601 -0.00385662199084 0.0181492833134 0.0144999526412 0.0266521937363 0.0160826235741 0.0153119101614 0.0065326009056 0.00633776623382 0.0110474145721 -0.00911574707972 0.0219363381188 0.0292296918151 0.154132893117 0.0203999624436 -0.0233044383297 0.0724230154068 0.0103565877912 0.0234943315195 0.0073234820987 0.0302470700505 0.0194305849638 0.0125503617058 0.0110821436192 -0.00865840415244 0.0110172863377 0.0433218402006 0.00423090134509 0.00442398310124 0.115132482721 0.0190606149765 -0.00930743331243 0.00597824271545 0.0089661232558 0.0503940055571 0.0125153880605 0.5729801608 0.00262471565815 0.0107095573748 0.101858271021 0.0230508243531 0.00289878412519 0.00731620659493 
0.013625938399 0.0397673910887 0.0247393629 0.0304864605248 0.007271830451 0.00769792200252 0.00849577334666 -0.00485917939639 0.0153694816984 0.024913374786 0.00878272186038 0.00521587187981 0.00663946147212 0.0322955539934 0.0110940718385 0.0249152296541 0.010168198843 0.00868521786665 0.018400833658 0.0185699487467 0.0170141982906 0.00997527626733 0.0143024291175 0.03518292846 0.0138358829934 0.00360291184029 0.0028587090859 0.00777373662783 0.0040778435859 0.00902246590514 0.007856114489 0.038612025509 0.0117860218825 0.0237247651073 -0.00292441572672 0.0125810959048 -0.00155309020193 0.0245024868748 0.00333394057494 0.0224633581017 0.013364248069 0.00139357564393 0.0229979739418 0.00262471565815 0.192804750538 0.0247605833534 0.0218812497502 -0.00102594416513 0.0015972004899 0.00431367390041 
0.0426496432447 0.06487796525 0.0142502662832 0.0425672856968 0.000678634978727 0.0228789464505 0.0215604908506 -0.00791927792427 0.0147649389222 0.0271797577493 0.00680087710865 0.0147401359304 0.0250054912657 0.0127661867844 -0.00361797933063 0.0207999041409 0.0137816388602 0.0243801561154 0.00929285389895 0.0299557726532 0.016316746684 0.0161196704788 0.031141007975 0.0273100539559 0.019805072195 -0.000164393044802 0.00768564951325 0.0163921681095 0.0267600894775 0.00322343180707 0.0101781171065 0.0191232488886 0.0293399566662 0.0275606155083 -0.000510441690085 0.0111791127835 0.0350924498511 0.019097797692 0.00899851411795 0.00887584842888 0.000380747782766 0.0298802953413 0.0168615873152 0.0107095573748 0.0247605833534 0.382114858038 0.0473866187228 0.0101771873994 0.00945287535242 -0.0118268981431 
0.0241209475445 0.0710744814005 0.0455476998264 0.0342126801577 0.00128360004392 0.0292727713462 0.0289811115593 0.0158418664221 0.0235330024193 0.019968278465 0.00966529426641 0.0292999151534 0.0262000538093 0.0399396452727 0.00860617009447 0.0446022631035 -0.000170435035731 0.020896761158 0.0242801535535 0.0149387391878 0.0692202666889 0.0110688294617 0.0623080960748 0.267933671871 0.0251264988313 0.0319387857543 0.012251209783 0.0138353068844 0.0591792175765 0.00697601426632 0.0356826640406 0.0263289929817 0.0431920932755 0.0432553601264 0.010993713364 0.0281132151959 0.0513672790904 0.0541658703167 0.00735124205017 0.0163637195869 0.0216443192074 0.0273445721241 0.0529290828667 0.101858271021 0.0218812497502 0.0473866187228 0.509696326016 0.018412785669 0.0334431516258 0.0146324348885 
7.74997278391e-05 0.0399929871023 0.00798848199299 0.0104589587573 -0.00085365892726 0.00549994284977 -0.00113122038185 0.0232297090023 0.00574146116834 0.0073308685494 0.0444076259571 0.014074032175 0.0201033387022 0.0085286045552 0.0101998489303 0.0183143652073 0.0125613542154 0.0288744462974 0.010275413871 0.0082926841236 0.0363243308815 0.0201784787969 0.0291917893834 0.0252957066367 0.00520325063433 0.0185801548994 0.0138180296224 0.0401902109265 0.0135875193852 0.0155988097959 0.0202897824798 0.00664385347633 0.0181224393217 0.00906903556009 0.0322915131881 0.00248038865931 0.0275150117755 0.0142763036201 -0.00111682665737 0.00345229731911 0.0188849246179 0.0236238037972 0.0105637836877 0.0230508243531 -0.00102594416513 0.0101771873994 0.018412785669 0.186805006735 0.0192094011809 -0.0136183536145 
