30
0.138528932385 0.0280903462606 0.106415927512 0.0307440439862 0.0155341374053 0.0374431650663 0.02473804396 0.0592302274211 0.107116270008 0.0285507317948 0.148169679735 0.166074759161 0.0291248595558 0.0533286406295 0.0253746335001 0.0449680709256 0.114001255301 0.0135350028622 0.0256345374975 0.0325349378307 0.164482556217 0.0389775871913 0.0263662592882 0.061476397973 0.0621529110589 0.0447966226616 0.0333203023267 0.0297209295042 0.0223320424584 0.0528259349661 
1.00614757563 0.01766070278 0.0500549781295 0.0217128768629 -0.00355877808155 0.0092216113923 0.0150115609224 0.00389593723566 0.0298442543312 0.02677472099 0.0318141128618 0.0162956327457 0.0162073880912 0.01038153824 0.0117411793003 0.0129353242478 -0.0145745760122 0.0226885005287 0.00524730725661 -0.0101802627305 -0.0139848860367 0.00912208198021 0.0241191730639 0.0338750022664 0.0320900267957 0.0254765664238 0.034879515956 0.00499919505988 -0.0113111243559 0.00274385408841 
0.01766070278 0.259332090786 0.0189718830342 0.0345197076805 0.00288871150435 0.0367733729859 0.0220804655322 0.013525557108 0.0315570039402 0.013958004051 0.00496171502467 0.0253224692628 0.0178302071385 0.0201430723568 0.0132669187738 0.0269756363422 -0.00315263837359 0.0141149844796 0.00726342463203 0.0120547905647 -0.00764595145864 0.0457272672607 0.02894135598 0.0401443115452 0.0263782304305 0.0124765286233 0.0140277764914 0.00976445300677 0.00771608569672 0.0448086145314 
0.0500549781295 0.0189718830342 0.619751232481 0.0362922242939 0.0107833753413 -0.000162667968298 -0.0065894658939 0.0269005706852 0.0987581190603 0.0293210502102 0.0274893501021 0.0564383928155 0.0113677979421 0.0118248158403 0.0318331060979 0.00534126211495 0.0158886450902 0.0208998756233 0.00256450295035 0.0284533488846 0.00707338020982 0.00874787573575 0.0205168224794 0.0494161575086 0.0198631215651 0.0415165549875 0.0134875473978 0.0135250567036 0.0111154334865 0.0175384236636 
0.0217128768629 0.0345197076805 0.0362922242939 0.239307924382 0.0154775019025 0.0304252948869 0.0264358786673 0.0308171711145 0.0246424201235 0.0153797265903 0.0210727731671 0.0518922270153 0.018135853775 0.0225364741646 0.0109175962279 0.0138459057712 -0.0157306418541 0.0222914512676 0.017526099654 0.00687598089235 0.0290587072586 0.0354357233483 0.0390082518363 0.0480583197482 0.0245499425266 0.0259392936158 0.0345418332186 0.0174177726626 0.00503042264915 0.0150868779133 
-0.00355877808155 0.00288871150435 0.0107833753413 0.0154775019025 0.191124163194 0.0153252280796 0.0067174271223 0.00301586229242 0.00538534430202 0.00467506765921 0.00965810747625 0.0165830846234 0.00523377992043 0.00546996254771 0.0177673046044 0.00859592287289 0.000412163910682 0.00649643405565 -0.00116804473613 0.0139530987209 -0.0057051526728 0.0179322990981 0.0166904064893 0.0177287868631 0.0311255063342 0.0217329253636 0.00747222965656 0.000996069661249 -0.000602016791602 0.00776293581769 
0.0092216113923 0.0367733729859 -0.000162667968298 0.0304252948869 0.0153252280796 0.465335279378 0.0101763429999 0.00879349585959 0.0219553664047 -0.00396242859459 0.014392172026 0.0335704747472 -0.00259952202115 0.00322392660816 0.0177418108562 -0.00192042990516 0.000370219614472 0.0110288251029 0.0201326373219 0.0116854063047 0.00362297821831 0.0160168523276 0.010436828386 0.0206522786476 0.0103393335805 0.0213041023373 0.0194164826229 0.0181329439803 0.0147067195921 0.0127691241113 
0.0150115609224 0.0220804655322 -0.0065894658939 0.0264358786673 0.0067174271223 0.0101763429999 0.176824813801 0.0180093226605 0.00470562782589 0.000760326335965 0.013229306876 0.0171833830937 0.01126133256 0.00437322535598 0.0143073702142 0.0220475864385 0.00770130732881 0.0145252921843 0.0192054609989 0.0160688698755 1.06433823181e-05 0.0201617008702 0.00937136202768 0.0194272700555 0.00325182171042 0.018648510576 0.0139715985155 0.00688486845149 0.0136429633955 0.0189101650591 
0.00389593723566 0.013525557108 0.0269005706852 0.0308171711145 0.00301586229242 0.00879349585959 0.0180093226605 0.345374124383 0.0365406732407 0.00869206657388 0.012418466424 0.0239465322809 0.0143602362304 0.0148126268151 0.0256391651865 0.024391987317 0.0155320502576 0.0193916008148 0.0317946701412 0.00502402206405 -0.00351742994786 0.0123586537387 0.0448050887667 0.0203400373879 0.00491955684739 0.00635502390063 0.0128123241808 0.0179910423539 0.0141992408223 0.0202890903125 
0.0298442543312 0.0315570039402 0.0987581190603 0.0246424201235 0.00538534430202 0.0219553664047 0.0047056278259 0.0365406732407 0.546726921203 0.0191595939834 0.0285086350049 0.04270656247 0.00665342004432 0.0224611386615 0.0317667828833 0.0204317730556 0.0300657210612 0.0278523295342 0.0182047324213 0.0148654716987 -0.00491175204787 0.0200142585826 0.0439875795956 0.0564637558511 0.0319095839555 0.0567813846255 0.0115210422474 -0.0044743189224 0.0121455536652 0.0227358046353 
0.02677472099 0.013958004051 0.0293210502102 0.0153797265903 0.00467506765921 -0.00396242859459 0.000760326335965 0.00869206657388 0.0191595939834 0.249658143229 0.0268233958762 0.0316880306274 0.005172602709 0.0170453100189 0.00565834194847 0.000900445202466 0.023425701048 0.00762172674618 0.00955298255925 0.0234387919867 0.0051634390952 -0.00279672196054 0.0255551155359 0.0260352054433 0.0259243922475 0.0202457642586 -0.00691006231095 0.000804881614835 0.00121530483613 0.0198517143456 
0.0318141128618 0.00496171502467 0.0274893501021 0.0210727731671 0.00965810747625 0.014392172026 0.013229306876 0.012418466424 0.0285086350049 0.0268233958762 0.477935568338 0.0441376557552 0.00524467948908 0.0128208209557 0.0168458433509 0.00803359788419 0.0313737399864 0.0196202281439 0.010355211341 0.00371275330166 0.00116611043108 0.0192771373746 0.0217669061709 0.023014332932 0.0219163768888 0.0366559793924 0.011636013696 0.005696199035 -0.00978870858109 0.00206940497161 
0.0162956327457 0.0253224692628 0.0564383928155 0.0518922270153 0.0165830846234 0.0335704747472 0.0171833830937 0.0239465322809 0.04270656247 0.0316880306274 0.0441376557552 0.525399237319 0.0533716986319 0.0452418914488 0.0338996007408 0.0321848361152 0.0202487715163 0.0318961820922 0.0271288799647 0.0356200051974 0.0154252195688 0.0497578499629 0.0620372940325 0.0576817372609 0.0118745109529 0.0389747267821 0.030778377487 0.00148628469241 0.0247507974978 0.031867889575 
0.0162073880912 0.0178302071385 0.0113677979421 0.018135853775 0.00523377992043 -0.00259952202115 0.01126133256 0.0143602362304 0.00665342004432 0.005172602709 0.00524467948908 0.0533716986319 0.244351848791 0.00700852138942 0.00822152621525 0.0039890764909 0.00679919678624 0.0224614916967 0.0222873724568 0.0279186516004 -0.000179986403131 0.0185297005813 0.0167887688156 0.014666681437 0.0205929722793 0.0166180666984 0.0263509820454 0.00590161221013 0.0137778888101 0.0122527019277 
0.01038153824 0.0201430723568 0.0118248158403 0.0225364741646 0.00546996254771 0.00322392660816 0.00437322535598 0.0148126268151 0.0224611386615 0.0170453100189 0.0128208209557 0.0452418914488 0.00700852138942 0.267466474641 0.0413183284016 0.0180260990433 -0.000654665214685 0.0161798201043 0.0213264147487 0.0287521395575 -0.00762040052765 0.00192990620513 0.0262298240224 0.0213997302254 0.014719049759 0.00911539790578 0.0240124232026 0.00527577123009 0.00239156849145 0.0167230181265 
0.0117411793003 0.0132669187738 0.0318331060979 0.0109175962279 0.0177673046044 0.0177418108562 0.0143073702142 0.0256391651865 0.0317667828833 0.00565834194847 0.0168458433509 0.0338996007408 0.00822152621525 0.0413183284016 0.288748573465 0.010624785117 -0.000932162420454 0.0135845721566 0.0244240725583 0.0199646385512 -0.00226530890933 0.0125531241306 0.0203855693482 0.0482706660687 0.0171994361786 0.0273295963206 0.00278370831015 0.0100403816568 -0.00706265865888 0.0163536998457 
0.0129353242478 0.0269756363422 0.00534126211495 0.0138459057712 0.00859592287289 -0.00192042990516 0.0220475864385 0.024391987317 0.0204317730556 0.000900445202466 0.00803359788419 0.0321848361152 0.0039890764909 0.0180260990433 0.010624785117 0.197679990899 0.016214270392 0.0182001786128 0.016597731075 0.00147165982066 -0.0109701942683 0.0252972299514 0.0258740121979 0.0375788140875 0.018490290678 0.0323148923122 0.00928493297524 0.00348601284466 -0.00483797558388 0.0160976324785 
-0.0145745760122 -0.00315263837359 0.0158886450902 -0.0157306418541 0.000412163910681 0.000370219614472 0.00770130732881 0.0155320502576 0.0300657210612 0.023425701048 0.0313737399864 0.0202487715163 0.00679919678624 -0.000654665214685 -0.000932162420454 0.016214270392 1.13826853254 -0.0033968769178 -0.00928057403378 0.0150460699563 -0.0197806945524 0.00141633948216 -0.00296503975929 0.00388116473087 -0.00201079595329 -0.00832565307205 0.000374410074259 -0.00293302699212 -0.00212036591509 -0.00419663009046 
0.0226885005287 0.0141149844796 0.0208998756233 0.0222914512676 0.00649643405565 0.0110288251029 0.0145252921843 0.0193916008148 0.0278523295342 0.00762172674618 0.0196202281439 0.0318961820922 0.0224614916967 0.0161798201043 0.0135845721566 0.0182001786128 -0.0033968769178 0.202486143315 0.0110002977762 0.0189879892408 0.0125293509877 0.0325720786283 0.0259176930019 0.0326650211236 0.0178596419134 0.0253239050258 0.016623160464 -0.00123162974209 0.00912209572865 0.0169422338134 
0.00524730725661 0.00726342463203 0.00256450295035 0.017526099654 -0.00116804473613 0.0201326373219 0.0192054609989 0.0317946701412 0.0182047324213 0.00955298255925 0.010355211341 0.0271288799647 0.0222873724568 0.0213264147487 0.0244240725583 0.016597731075 -0.00928057403378 0.0110002977762 0.178697947141 0.00379473978453 0.0168933889026 0.0126470434173 0.0184702881398 0.0099219979452 0.024217043333 0.0194277303638 0.0143882802648 0.0107151403379 0.0188486076708 0.00578053401662 
-0.0101802627305 0.0120547905647 0.0284533488846 0.00687598089235 0.0139530987209 0.0116854063047 0.0160688698755 0.00502402206405 0.0148654716987 0.0234387919867 0.00371275330166 0.0356200051974 0.0279186516004 0.0287521395575 0.0199646385512 0.00147165982066 0.0150460699563 0.0189879892408 0.00379473978453 0.293151324946 0.000760003042969 0.0177592540221 0.00989216237279 0.0278994401801 -0.000445425840324 0.0215331393655 0.0194399062302 0.00558266466677 0.0147055615641 0.0409268097473 
-0.0139848860367 -0.00764595145864 0.00707338020982 0.0290587072586 -0.0057051526728 0.00362297821831 1.0643382318e-05 -0.00351742994786 -0.00491175204788 0.0051634390952 0.00116611043108 0.0154252195688 -0.000179986403131 -0.00762040052765 -0.00226530890933 -0.0109701942683 -0.0197806945524 0.0125293509877 0.0168933889026 0.000760003042969 1.89597015437 -0.00873450974601 0.0116480494601 -0.00631837555014 0.00254480084366 -0.00294539858292 -0.00232010281972 -0.00213772479756 0.000704890651673 -0.00145597310791 
0.00912208198021 0.0457272672607 0.00874787573575 0.0354357233483 0.0179322990981 0.0160168523276 0.0201617008702 0.0123586537387 0.0200142585826 -0.00279672196054 0.0192771373746 0.0497578499629 0.0185297005813 0.00192990620513 0.0125531241306 0.0252972299514 0.00141633948216 0.0325720786283 0.0126470434173 0.0177592540221 -0.00873450974601 0.245245208692 0.0212410520531 0.0608490828145 0.0172529977963 0.0236349011407 0.0279851601834 0.0190987834746 0.0111463799697 0.0407780989114 
0.0241191730639 0.02894135598 0.0205168224794 0.0390082518363 0.0166904064893 0.010436828386 0.00937136202768 0.0448050887667 0.0439875795956 0.0255551155359 0.0217669061709 0.0620372940325 0.0167887688156 0.0262298240224 0.0203855693482 0.0258740121979 -0.00296503975929 0.0259176930019 0.0184702881398 0.00989216237279 0.0116480494601 0.0212410520531 0.244248230571 0.038411233837 0.0279385438614 0.0431056374533 0.016602497168 0.00719920446499 0.0173535721958 0.0204735484177 
0.0338750022664 0.0401443115452 0.0494161575086 0.0480583197482 0.0177287868631 0.0206522786476 0.0194272700555 0.0203400373879 0.0564637558511 0.0260352054433 0.023014332932 0.0576817372609 0.014666681437 0.0213997302254 0.0482706660687 0.0375788140875 0.00388116473087 0.0326650211236 0.0099219979452 0.0278994401801 -0.00631837555014 0.0608490828145 0.038411233837 0.288556790541 0.0254907848861 0.0319367999719 0.0227275595714 0.0174152705975 0.0036918205676 0.0238805476635 
0.0320900267957 0.0263782304305 0.0198631215651 0.0245499425266 0.0311255063342 0.0103393335805 0.00325182171042 0.00491955684739 0.0319095839555 0.0259243922475 0.0219163768888 0.0118745109529 0.0205929722793 0.014719049759 0.0171994361786 0.018490290678 -0.00201079595329 0.0178596419134 0.024217043333 -0.000445425840324 0.00254480084366 0.0172529977963 0.0279385438614 0.0254907848861 0.330977825006 0.0493118760723 0.0264423704944 0.0146279559493 -0.00947733598386 0.018110972506 
0.0254765664238 0.0124765286233 0.0415165549875 0.0259392936158 0.0217329253636 0.0213041023373 0.018648510576 0.00635502390063 0.0567813846255 0.0202457642586 0.0366559793924 0.0389747267821 0.0166180666984 0.00911539790578 0.0273295963206 0.0323148923122 -0.00832565307205 0.0253239050258 0.0194277303638 0.0215331393655 -0.00294539858292 0.0236349011407 0.0431056374533 0.0319367999719 0.0493118760723 0.277509538462 0.0203555296784 0.0225891997741 0.0105591255501 0.0409847013574 
0.034879515956 0.0140277764914 0.0134875473978 0.0345418332186 0.00747222965656 0.0194164826229 0.0139715985155 0.0128123241808 0.0115210422474 -0.00691006231095 0.011636013696 0.030778377487 0.0263509820454 0.0240124232026 0.00278370831015 0.00928493297524 0.000374410074259 0.016623160464 0.0143882802648 0.0194399062302 -0.00232010281972 0.0279851601834 0.016602497168 0.0227275595714 0.0264423704944 0.0203555296784 0.205348859609 0.0023316592881 0.0113566520259 0.027948163028 
0.00499919505988 0.00976445300677 0.0135250567036 0.0174177726626 0.000996069661249 0.0181329439803 0.00688486845149 0.0179910423539 -0.0044743189224 0.000804881614835 0.005696199035 0.00148628469241 0.00590161221013 0.00527577123009 0.0100403816568 0.00348601284466 -0.00293302699212 -0.00123162974209 0.0107151403379 0.00558266466677 -0.00213772479756 0.0190987834746 0.00719920446499 0.0174152705975 0.0146279559493 0.0225891997741 0.0023316592881 0.223900891175 -0.00549397945222 0.0130590263126 
-0.0113111243559 0.00771608569672 0.0111154334865 0.00503042264915 -0.000602016791602 0.0147067195921 0.0136429633955 0.0141992408223 0.0121455536652 0.00121530483613 -0.00978870858109 0.0247507974978 0.0137778888101 0.00239156849145 -0.00706265865888 -0.00483797558388 -0.00212036591509 0.00912209572865 0.0188486076708 0.0147055615641 0.000704890651673 0.0111463799697 0.0173535721958 0.0036918205676 -0.00947733598386 0.0105591255501 0.0113566520259 -0.00549397945222 0.207807325536 0.00773169608124 
0.00274385408841 0.0448086145314 0.0175384236636 0.0150868779133 0.00776293581769 0.0127691241113 0.0189101650591 0.0202890903125 0.0227358046353 0.0198517143456 0.00206940497161 0.031867889575 0.0122527019277 0.0167230181265 0.0163536998457 0.0160976324785 -0.00419663009046 0.0169422338134 0.00578053401662 0.0409268097473 -0.00145597310791 0.0407780989114 0.0204735484177 0.0238805476635 0.018110972506 0.0409847013574 0.027948163028 0.0130590263126 0.00773169608124 0.294568014726 

['SHLD', 'FITB', 'ADSK', 'PCL', 'MDP', 'BMY', 'XEL', 'TSG', 'NSM', 'AT', 'Q', 'NUE', 'MSFT', 'ECL', 'CA', 'LMT', 'FRX', 'CTAS', 'PG', 'EFX', 'PTV', 'MET', 'MAS', 'BEN', 'TJX', 'MAR', 'CAH', 'TAP', 'CAG', 'ACE']