50
0.0459594094694 0.0383245101253 0.02392892696 0.022286409141 0.0157982173188 0.0448147494519 0.0399774891594 0.0693656588129 0.0909027791802 0.0377827405953 0.02736418452 0.114457978761 0.0439476996979 0.0572050688987 0.0743441041655 0.0192488530763 0.0132097716294 0.0165000515881 0.208286894217 0.0210495138202 0.0290232005544 0.00422555400052 0.0590558874601 0.0162851568228 0.0340754658053 0.199130076205 0.0446705301477 0.0631385093148 0.22311845274 0.0533286406295 0.0692922129373 0.044891801276 0.0248608942987 0.093312473985 0.0604038345904 0.0623322546876 0.0375994121509 0.0314738433907 0.148169679735 0.147407151382 0.0672535079153 0.146363775453 0.106415927512 0.0449680709256 0.00873698993333 0.0384738749472 0.136312174374 0.0501755430095 0.0755152896869 0.0391901687574 
0.348776935083 0.0451480382692 0.0340499166379 0.0211832221228 0.00641676018514 0.0171538660225 0.0150779584864 0.0154480385948 0.00365237087842 0.011471182679 0.0284369025951 -0.00800069299989 0.00150297056958 0.0304089204188 0.0370067695258 0.00408002083031 0.00433508233085 0.0101366759486 0.00182828049641 0.0190229558355 0.0434525572533 0.0350910544211 0.0267866695055 0.013558955323 0.00506369444183 0.0284640359174 0.0246076126761 0.0139404332917 0.0338516711674 0.00918678713435 0.0160548001295 0.0232870644255 0.0210130979745 0.0187542037071 0.0275973252735 0.0234049952975 0.0141633830946 0.0322937699131 0.0235650886737 0.000574375854298 0.00880354005718 0.0061698753348 0.0306861265518 0.0144290643831 0.0106937337192 0.0156825264006 -0.011247102994 0.0167236783155 0.0236584511726 0.0203262016703 
0.0451480382692 0.317989443774 0.0264411166503 0.0148973326555 0.00767314778087 0.0188261552843 0.0377356101448 0.0678602432895 0.00538777439455 0.00481378421008 0.00745333293428 0.0210323921669 0.00681648686243 0.0149767254956 0.0338166229603 0.00213026985813 0.00933728387725 0.00391203948112 0.0303901460319 0.0221104665628 0.0203961756496 0.0237010584304 0.0172978943554 0.00495628181162 0.0091253050144 0.0139989393722 0.0161177190752 0.0147108062343 0.0258220668513 0.0135194151117 0.0295471428712 0.0228591947778 0.00974748961115 0.0135037784401 0.0201386793466 0.00356784879585 0.0104078717526 0.0184537343792 0.0271232765015 0.010742776287 0.0506844490181 -0.0360980418969 0.0596222872605 0.0237254895493 0.00794634890638 -0.00815878919843 -0.00609288154936 0.0255136163664 0.0118270776545 0.0220043964293 
0.0340499166379 0.0264411166503 0.241138950293 0.016585493457 0.0121084398668 0.0116159836367 9.84755473381e-05 0.0181870118895 0.00340255789237 0.00627267189326 0.002681506322 0.00841449126671 0.0139990989639 0.00334783989437 0.0323028586067 0.00101099350066 0.00949069150812 -0.000901464172941 -0.00191291664094 0.0054725011013 0.0222262639158 0.0131904792435 0.0159005206421 0.000388338527468 0.00472768857281 0.0059904907137 0.00965528543646 0.0211623975364 0.0171203688833 0.00908545082675 0.0197649341269 0.0350777727179 0.0164184906744 0.00817815090698 0.0207114048528 0.00976118676341 0.0215505206537 0.00582044879142 0.015956570176 0.00127866153902 0.0399033246868 -0.00369910427525 0.0390687233002 0.0134647021637 0.00662243883568 0.0215106309512 -0.0279533803329 0.0153923928383 0.0233853269808 0.0249575388466 
0.0211832221228 0.0148973326555 0.016585493457 0.246177092222 0.00301262992878 0.00762652270642 0.00746728270716 0.0237744050983 -0.00401874697742 0.0107068063289 0.0158852102545 0.0292651767826 -0.00798094997351 0.00684401805065 0.0162433868249 0.00867228200057 0.00267322807266 0.0061541887958 0.0114972324238 0.00809193748849 0.0107256139433 0.00449753764422 -0.00369151344214 -0.00121645511755 0.000170885531976 0.00277223173779 0.0048072684865 0.00553666304907 -0.00537762724146 0.0068997341356 0.00809322154543 0.00754575056468 0.00893097992049 0.00280086846719 0.00650247882961 0.00477613142709 0.00885008514296 0.00100987992805 0.0122248988542 0.00689589538483 0.0137787959929 0.00485056815374 -0.00150131874981 -0.00202759494881 0.00946902338779 0.00104925289889 -0.00925229176904 -0.00169816131627 -0.00224623265749 0.00350564207484 
0.00641676018514 0.00767314778087 0.0121084398668 0.00301262992878 0.232645116889 0.0110387465674 0.00951890929292 0.00753943890051 0.00706602799431 0.014510295564 0.0181706329366 0.0132068110591 0.00352738242015 0.00737591832378 0.00135583810281 0.0196449258711 0.00556828797362 0.0175610392164 -0.00356339832813 -0.0078642290134 0.0200211708558 0.00564813330634 0.024368655181 0.0209537492072 0.026104203013 0.0102940216196 -0.00339493561444 -0.0020587962042 0.0172444240235 0.0116481230772 0.0173700113546 0.026788934907 0.00411661291335 -0.00543143224836 0.00785343763247 -0.000949440757301 0.0300140842901 0.0127832034473 0.00383358539703 -0.00743677910791 0.00423585364976 0.00150381142909 0.00335947203856 0.0189018532344 0.0132314748579 -0.000924140050403 -0.00159819158219 0.00681818491496 0.00985506217767 0.00557381153089 
0.0171538660225 0.0188261552843 0.0116159836367 0.00762652270642 0.0110387465674 0.469392400821 0.00586767993316 0.0128891934759 0.00238794218206 -0.00420828371161 0.0126937642194 0.00454881860296 0.00805766565926 0.00933196681466 -0.00774024746698 0.00593221876929 0.00257469148883 0.00306704879324 -0.00358066427807 0.0407976967627 0.00597966809101 0.0043370894161 0.00367542276809 0.0106275953588 0.014786425212 0.00651401357057 -0.00145760493187 0.00443146440884 0.02887764888 0.00677489005816 0.0234077226826 0.00553873674979 0.0151802126911 -0.00473972382599 0.00789637092309 0.00656817320866 0.0119078957882 0.0419505199644 0.0305174397955 0.0172077806168 0.00622169871388 -0.00379462028245 0.0113183728284 0.0117481163737 0.00998364707048 0.00399548307152 -0.0050283475365 0.0312178312465 -0.0214505749507 0.00502879096529 
0.0150779584864 0.0377356101448 9.84755473382e-05 0.00746728270716 0.00951890929292 0.00586767993316 0.441271837398 -0.00279624261691 0.0106232959888 0.0151910713637 0.0144477623074 0.00400699762764 0.0110663319853 0.00243903323209 0.00385975745935 0.00285206410764 0.00321600477514 0.0228727116868 -0.0150996764558 0.0680340012583 0.0066233616014 0.002586691884 0.00846349870759 0.00725677505635 -0.00514701008307 -0.00990171828064 -0.0163089726488 -0.00958924116727 0.00734087325242 -0.0102532369104 -0.00171649248145 0.00492518633134 0.00257005333842 -0.0079850927981 -0.00678253209102 -0.0110287384601 0.009460602356 -0.0148344870971 0.011376846157 0.00520398600024 -0.0012326741908 0.00397180002019 0.0100333761927 0.0153457081117 0.00484135487135 0.00529844678118 0.00373828783727 0.00278485034661 -0.00375632054969 0.000125691920173 
0.0154480385948 0.0678602432895 0.0181870118895 0.0237744050983 0.00753943890051 0.0128891934759 -0.00279624261691 0.378496910485 0.00586164326541 0.0144334829225 0.00926812827392 0.0138934652789 0.00902292943897 0.00655576363451 0.0200524374606 0.0139990734959 0.018319963114 -0.00172509411924 0.0273125355389 0.0177371524909 0.00835265645085 0.0202349285771 0.0185043378616 0.00250539037139 0.00680176235061 0.0127534132736 0.0230701586008 0.0168176512595 -0.000568499584971 0.0163859020748 0.0139131603612 0.0106666022331 0.0113610071546 0.00534563596866 0.0419341421808 0.0148240857558 0.022814550952 0.0173680192925 0.00294198633378 0.00687743980639 0.0481100121246 0.000433274802835 0.0275888983831 0.0130022032524 0.00893756506003 0.00719648527099 -0.0231476128013 0.0233820184106 0.011891582228 0.0126837885294 
0.00365237087842 0.00538777439455 0.00340255789237 -0.00401874697742 0.00706602799431 0.00238794218206 0.0106232959888 0.00586164326541 0.496732704523 0.0157633594244 0.0202443306496 0.0197921025601 0.0126118855626 0.0113280473272 -6.45444291666e-05 0.00383847276491 0.00118322599943 0.0138819571987 0.0162634238326 0.0229477502504 0.00419346299184 0.00226750179352 0.0167340345812 0.0162473666892 0.00290667150949 0.013057402306 -0.00476518037346 0.0362609789292 0.0340370789572 0.0130127179778 0.00699564097622 0.00718578853237 0.0200001704908 0.00805543301087 -0.00656098233508 0.0105707870451 0.00514280459021 0.000379976699014 0.00658933305958 0.0630477420867 0.0174951147702 0.0243620304495 0.019968968827 -0.00614934328911 0.00426510788304 0.0182382696342 0.00706722861599 0.00552011753649 -0.00689167786132 0.00894683843593 
0.011471182679 0.00481378421008 0.00627267189326 0.0107068063289 0.014510295564 -0.00420828371161 0.0151910713637 0.0144334829225 0.0157633594244 0.325143651071 0.0201788041471 0.0316643420729 0.00967891313424 0.0256263017132 0.0024434493443 -0.00548239581155 0.00152728355443 0.0198484505598 0.0202195490794 0.00401205218947 0.00730597383899 0.00979919742857 0.0146128681723 0.0231602186609 0.00438462564951 0.0236375682576 0.015840129167 0.00999286585328 0.00668777707796 0.00876737910541 0.0156279384694 0.0342521882855 0.0183380830336 0.0206226483773 0.0205641329725 0.0101909036626 0.0111722978305 0.0121206632817 0.0267838189035 0.0364522744429 0.0230814187922 0.00894863472791 -0.000840543256929 0.0187830939298 0.0192158707076 0.0275091123475 0.00576713468701 0.00930739805956 0.0465478543641 0.00454670573086 
0.0284369025951 0.00745333293428 0.002681506322 0.0158852102545 0.0181706329366 0.0126937642194 0.0144477623074 0.00926812827392 0.0202443306496 0.0201788041471 0.191916361594 0.0281010215026 0.00199503656636 0.022046424723 -0.000460466877218 0.014407350443 0.00256828848206 0.0460455801815 0.0195429415391 0.0119042745074 0.018637940263 0.00910411304673 0.0176117353249 0.043976052481 0.0104627469537 0.0160986218826 0.0109683213193 0.0162423262639 0.0204709130894 0.0167987869462 0.0105575995368 0.00657966129824 0.0187016098499 0.0368094967618 0.0158523612852 0.00156692951706 0.00411681316329 0.00525512886188 0.0120703209567 0.024713525828 0.011600992944 0.0182837953904 0.0121205429736 0.0174556493201 0.0115852665822 0.00495024845466 0.0110906056152 0.0133744351378 0.0203851286879 0.01772830264 
-0.00800069299989 0.0210323921669 0.00841449126671 0.0292651767826 0.0132068110591 0.00454881860295 0.00400699762764 0.0138934652789 0.0197921025601 0.0316643420729 0.0281010215026 0.377578063295 0.00627160397405 0.0145618965603 -0.00829966745343 -7.7991683587e-05 0.0094529368688 0.0178683974047 -0.013224080102 -0.0142859459078 0.00692399459511 -0.00536662646149 0.00885997816476 0.0355482553355 0.0146043880147 0.0937555901908 -0.00882431081793 0.00830176836838 0.015253303028 0.00293805028557 0.00709532546986 0.00763955111961 -0.00250669725786 0.151348111828 0.020395712379 -0.00504951804313 0.0111402618678 0.0162834853912 0.0448597334113 0.172725312994 0.0136004414934 0.0124857960616 0.0298877652321 0.010052992445 0.00181315115973 0.0180389839473 0.00709756825472 0.0266771197604 0.0206351688844 0.0179430004154 
0.00150297056958 0.00681648686243 0.0139990989639 -0.00798094997351 0.00352738242015 0.00805766565926 0.0110663319853 0.00902292943897 0.0126118855626 0.00967891313424 0.00199503656636 0.00627160397405 0.186522690416 0.0279169446431 0.0120938034527 0.00471713949992 0.00778898597231 -0.00217017892478 0.00559166351041 0.00724247961288 0.00259050737075 0.00842347472762 0.00900948550724 0.0073579423265 0.00456808227473 0.0108894237936 0.0225763859112 0.0155455533025 0.00693253576662 0.0157349495263 0.0119851829216 0.00352133579839 0.0119494057649 0.0154257541394 -0.00734905010363 0.00601827996977 0.0115572585873 0.00011312400096 0.0258845263974 -0.00647473124576 0.0148921423015 0.010225562224 -0.00121250828771 0.0130467115112 -0.00180884344544 0.0155765325292 -0.00203597847146 0.016542712236 0.018399106321 0.0122855391559 
0.0304089204188 0.0149767254956 0.00334783989437 0.00684401805065 0.00737591832378 0.00933196681467 0.00243903323209 0.00655576363451 0.0113280473272 0.0256263017132 0.022046424723 0.0145618965603 0.0279169446431 0.255387281935 0.0285203808363 0.0102755547154 0.0137763412139 0.00854063651848 -0.00243526029241 0.00466801138857 0.0116659603179 0.0164277461789 0.00359359055111 0.0109130084367 0.00574286601093 0.0331787345557 0.0194403884766 0.0331720837749 0.0433300589665 0.0283146153093 0.034442061809 0.0241132682701 0.00975206397268 0.0196802135733 0.0521782536968 0.0159792588291 0.0177859574942 0.020291986903 0.0198855697814 0.0332935120271 0.0179938430258 0.0133818646931 0.0212656279097 0.0218438756172 0.00553579581525 0.0100508401617 -0.00801187154632 0.012581702286 0.00465661302088 0.0196734410513 
0.0370067695258 0.0338166229603 0.0323028586067 0.0162433868249 0.00135583810281 -0.00774024746698 0.00385975745935 0.0200524374606 -6.45444291666e-05 0.0024434493443 -0.000460466877218 -0.00829966745343 0.0120938034527 0.0285203808363 0.383508565025 -0.000633790883984 0.0128062415604 0.00275882326637 0.0950093446041 -0.00394199345243 0.0124126074761 0.0371912159319 0.00322009130157 -0.00816491190251 0.011825400349 0.0242175723801 0.0161199466044 0.0306214684895 0.0327917279594 0.0154353321839 0.0305457553927 0.0324344504611 0.0225779464861 -0.0101585871173 0.0406035055908 0.0194373025635 0.0227845689417 0.00439129535509 0.0154919592029 0.0100196271393 0.0637783394675 0.0323882017034 0.0213646748375 0.0169753222081 0.00727214068461 0.00536219680374 -0.019082420711 0.00305020619366 -0.00764191021202 0.0117758959109 
0.00408002083031 0.00213026985813 0.00101099350066 0.00867228200057 0.0196449258711 0.00593221876929 0.00285206410764 0.0139990734959 0.00383847276491 -0.00548239581155 0.014407350443 -7.79916835869e-05 0.00471713949992 0.0102755547154 -0.000633790883984 0.138420367719 0.0128964134539 0.0160564530902 0.0152007215481 0.0111842197442 0.0131909885354 0.00585329083012 0.0107726217666 0.0102077841941 0.0287205501605 0.0160335095112 0.00824816986583 -0.00154367884007 0.00526063364221 0.0132045286841 0.0201616084007 0.00965598236758 0.00966334443272 0.00590399532262 0.00159698485683 0.0182313865125 0.0170490540578 0.0106034543949 -0.00508189517894 0.00284431599742 0.00710148810406 0.0128226963167 0.00280333355889 0.0122090639691 0.0209091635702 0.00413012259973 -0.00544849970919 0.0124252129468 0.0138796617501 0.00680947446138 
0.00433508233085 0.00933728387725 0.00949069150812 0.00267322807266 0.00556828797362 0.00257469148883 0.00321600477514 0.018319963114 0.00118322599943 0.00152728355443 0.00256828848206 0.0094529368688 0.00778898597231 0.0137763412139 0.0128062415604 0.0128964134539 0.165728049517 0.000984363914307 0.0158188738732 0.01441229243 0.0126333430655 -0.00420392908287 0.00976470142481 -0.000597397468838 0.00764478364708 0.0216477263003 0.0361080490163 0.0109693373631 0.0139175119307 0.0122046045503 0.0186615481037 0.0118685207635 0.0133573462064 -0.005214055943 0.0260415022767 0.0108939437496 0.0103872370091 0.025376918627 0.00875183054741 -0.00235138416241 0.0118300071044 0.00405934301162 0.0178800890767 -0.00251207648537 0.0171374711382 0.00980847277794 -0.00507330822849 0.0158051329541 0.00661812048376 0.0136144648869 
0.0101366759486 0.00391203948113 -0.000901464172941 0.0061541887958 0.0175610392164 0.00306704879324 0.0228727116868 -0.00172509411924 0.0138819571987 0.0198484505598 0.0460455801815 0.0178683974047 -0.00217017892478 0.00854063651848 0.00275882326637 0.0160564530902 0.000984363914306 0.145321507506 0.0151871116486 0.00454577174776 0.0186248564902 0.0121696811276 0.0107169670425 0.043215507681 0.0171364628675 0.0110730800084 0.00267651226802 0.0208929008068 0.0125095780518 0.00209951322022 0.00855157897411 0.00916233634284 0.0182203953486 0.0122647427808 -0.00469241825622 0.00828557202701 0.0063121979676 0.00625522893538 0.01405979831 0.0224745690383 0.018249966606 0.00714588472272 6.45381059444e-05 0.014944683299 0.0119548354317 0.00776814887408 -0.00896304062759 0.00624757516013 0.0114576101679 0.0110698924975 
0.00182828049642 0.0303901460319 -0.00191291664094 0.0114972324238 -0.00356339832813 -0.00358066427807 -0.0150996764558 0.0273125355389 0.0162634238326 0.0202195490794 0.0195429415391 -0.013224080102 0.00559166351041 -0.00243526029241 0.0950093446041 0.0152007215481 0.0158188738732 0.0151871116486 1.33276065386 -0.00359158862227 0.00444974498286 0.0244848721406 -0.0149668946355 0.00951488252501 0.00581102482552 -0.0192187685069 0.0345605560288 0.00642602801209 0.0337941102072 -0.00023561948493 0.0213041029873 0.0231684680235 0.0543558561392 -0.0125180719369 -0.00492037339623 -0.0165101663512 -0.00375315921441 -0.00368715000219 0.00805656496786 0.0257257267733 0.0656316328299 -0.0221032931023 0.0088965241176 0.00581674170531 0.00817482649557 0.0229748956736 -0.00751164478699 -0.00504344481782 -0.0012172921535 0.0257836580055 
0.0190229558355 0.0221104665628 0.0054725011013 0.00809193748849 -0.0078642290134 0.0407976967627 0.0680340012583 0.0177371524909 0.0229477502504 0.00401205218947 0.0119042745074 -0.0142859459078 0.00724247961288 0.00466801138857 -0.00394199345243 0.0111842197442 0.01441229243 0.00454577174776 -0.00359158862227 0.31425994828 0.0163375375264 0.00764021581746 0.00943847542945 0.0106944398459 0.0117322071438 0.00604699783558 0.00415581467713 0.0207529091414 -0.00656309073219 0.0187468711483 0.0162948906936 0.0171811479951 0.0311812250014 0.0125992805325 0.00655918991629 0.00132313931735 0.0169369082581 0.0149929579045 0.0293987451068 0.013089655454 0.0254013732923 0.0030388794541 0.0243133598903 0.0155598665916 -0.00890661311748 0.00339651532967 -0.00853517365099 0.0101132619944 0.00443379138277 0.00997042386831 
0.0434525572533 0.0203961756496 0.0222262639158 0.0107256139433 0.0200211708558 0.00597966809101 0.0066233616014 0.00835265645085 0.00419346299184 0.00730597383899 0.018637940263 0.00692399459511 0.00259050737075 0.0116659603179 0.0124126074761 0.0131909885354 0.0126333430655 0.0186248564902 0.00444974498286 0.0163375375264 0.250028926646 0.0171615237888 0.00413935778804 0.0110521561995 0.00273398049248 0.0292904077275 0.00513575909602 0.00401562292215 0.0174990442494 0.0177276831897 0.0191191764324 0.0239469127752 0.034537866409 0.0123142084643 0.00812483041561 -0.00266440502806 0.0174440713954 0.00828066315789 0.00676415474594 -0.0123929069092 0.0212853215476 0.00723351290786 0.0166427557329 0.00357000929382 -0.00348610005228 0.00922453942498 -0.0167687271355 0.0213456819038 -0.000233879464122 0.0229571428367 
0.0350910544211 0.0237010584304 0.0131904792435 0.00449753764422 0.00564813330634 0.0043370894161 0.002586691884 0.0202349285771 0.00226750179353 0.00979919742857 0.00910411304673 -0.00536662646149 0.00842347472762 0.0164277461789 0.0371912159319 0.00585329083012 -0.00420392908287 0.0121696811276 0.0244848721406 0.00764021581746 0.0171615237888 0.27364834246 0.0156841560916 -0.00270896673126 0.0171234983629 0.0338386697636 0.0110672552435 0.00748261493189 0.0216080048675 0.0124728585619 0.00764849776355 0.020440376321 0.0151219096173 0.0201263573546 0.0245974061616 0.000113432559029 0.0273776849777 0.000286901159764 0.00857753047901 0.019340284201 0.0151593699075 -0.0076499728359 0.0183054566431 0.0188807598201 0.0136807974468 0.0178123136857 -5.07068695202e-05 0.0207046525485 -0.00339508472353 0.0128508429201 
0.0267866695055 0.0172978943554 0.0159005206421 -0.00369151344214 0.024368655181 0.00367542276809 0.00846349870759 0.0185043378616 0.0167340345812 0.0146128681723 0.0176117353249 0.00885997816476 0.00900948550724 0.00359359055111 0.00322009130157 0.0107726217666 0.00976470142481 0.0107169670425 -0.0149668946355 0.00943847542945 0.00413935778804 0.0156841560916 0.722441166643 0.0193837243573 0.00377178955773 -0.0088648266429 -0.00535035610524 0.00412487498779 0.0195190466058 0.00446320143296 0.0130627650786 0.0221724919301 0.0182722119473 0.00031490924754 0.00558157338114 0.0133057168248 0.0178110583942 0.0194097674996 0.00229929961445 -0.0102576819259 0.0176687706636 0.00599008892293 0.00316201230121 0.0217355810088 0.0330376977542 0.00410413786886 0.00596084835797 -0.00291483838965 0.0290981151593 0.028733936443 
0.013558955323 0.00495628181162 0.000388338527468 -0.00121645511756 0.0209537492072 0.0106275953588 0.00725677505635 0.00250539037139 0.0162473666892 0.0231602186609 0.043976052481 0.0355482553355 0.0073579423265 0.0109130084367 -0.00816491190251 0.0102077841941 -0.000597397468838 0.043215507681 0.00951488252501 0.0106944398459 0.0110521561995 -0.00270896673126 0.0193837243573 0.153464315134 0.010647581712 0.016269181438 0.006654848358 0.00969289374984 0.0224356988634 0.0124628488365 0.0130172751044 0.00626643993477 0.0200711349671 0.0157124070096 -0.00435183191532 0.0054055757607 0.0131294675148 0.0143865719565 0.0205454368269 0.0212916200361 0.0147656120354 0.016021579131 0.00989439002089 0.0169563736326 0.00786252112134 0.0114113134881 0.00391824222679 0.0117003262798 0.0167382363667 0.0107415542554 
0.00506369444183 0.0091253050144 0.00472768857281 0.000170885531976 0.026104203013 0.014786425212 -0.00514701008307 0.00680176235061 0.00290667150949 0.00438462564951 0.0104627469537 0.0146043880147 0.00456808227473 0.00574286601093 0.011825400349 0.0287205501605 0.00764478364708 0.0171364628675 0.00581102482552 0.0117322071438 0.00273398049248 0.0171234983629 0.00377178955773 0.010647581712 0.180246549561 -0.000233703194475 0.00126945266842 0.00458953783223 -0.00278189235827 0.0189776889441 0.0097538612353 0.00673168731399 0.00728184620769 0.0117467274503 0.0013200047336 0.0167090854069 0.0298098950616 0.00215135462588 0.0123618938619 0.025317891379 -0.00261021859535 0.00718776017991 0.0032375330477 0.0119966449865 0.0131055890312 0.00959537902078 -0.00823733574742 0.00946544338181 0.00726728005046 0.0101969232277 
0.0284640359174 0.0139989393722 0.0059904907137 0.00277223173779 0.0102940216196 0.00651401357057 -0.00990171828064 0.0127534132736 0.013057402306 0.0236375682576 0.0160986218826 0.0937555901908 0.0108894237936 0.0331787345557 0.0242175723801 0.0160335095112 0.0216477263003 0.0110730800084 -0.0192187685069 0.00604699783558 0.0292904077275 0.0338386697636 -0.0088648266429 0.016269181438 -0.000233703194475 0.61185123744 0.0320932915845 0.0453990333439 0.0192138328401 0.0133350264088 0.0420481995478 0.0217494179065 0.0163923681722 0.0888459589398 0.0472512529633 -0.0242818450337 0.0241995883129 0.00493921720938 0.0255662350521 0.0704743377388 0.0100347629357 0.0600950374725 0.0544714097057 0.0159870776194 0.020126206639 0.0264344550173 -0.0246087251401 0.0325241039669 0.086332442022 0.0147894192548 
0.0246076126761 0.0161177190752 0.00965528543646 0.0048072684865 -0.00339493561444 -0.00145760493187 -0.0163089726488 0.0230701586008 -0.00476518037346 0.015840129167 0.0109683213193 -0.00882431081793 0.0225763859112 0.0194403884766 0.0161199466044 0.00824816986583 0.0361080490163 0.00267651226802 0.0345605560288 0.00415581467713 0.00513575909602 0.0110672552435 -0.00535035610524 0.006654848358 0.00126945266842 0.0320932915845 0.315503416297 0.0132455844642 0.0609067047258 0.0166775168205 0.0992020740155 0.0168541564841 0.0181565424749 0.00746136283974 0.0622803564793 0.0184223219196 0.00577559257948 0.02497086301 0.0240378817701 0.00735011498469 0.0274369209149 -0.00198666392668 0.0469446018472 0.0163595242236 0.0165030143991 0.0013809635119 -0.00719884560604 0.0165358041088 0.0138936048728 0.00803442583108 
0.0139404332917 0.0147108062343 0.0211623975364 0.00553666304907 -0.0020587962042 0.00443146440884 -0.00958924116727 0.0168176512595 0.0362609789292 0.00999286585328 0.0162423262639 0.00830176836838 0.0155455533025 0.0331720837749 0.0306214684895 -0.00154367884007 0.0109693373631 0.0208929008068 0.00642602801209 0.0207529091414 0.00401562292215 0.00748261493189 0.00412487498779 0.00969289374984 0.00458953783223 0.0453990333439 0.0132455844642 0.35776539732 0.111224218132 0.0251186323275 0.0401515967095 0.0324053669643 0.0273007460747 0.0146340979491 0.0218152875871 -0.00100348518496 0.0095275305017 0.00724048746827 0.0130150317076 0.0119811977148 0.0159551763314 0.0284667033556 0.0286059989191 0.012173530356 0.00809380281374 0.0135599325144 -0.00500952748525 0.0193528607613 0.0127588222012 0.0294257481308 
0.0338516711674 0.0258220668513 0.0171203688833 -0.00537762724146 0.0172444240235 0.02887764888 0.00734087325242 -0.000568499584972 0.0340370789572 0.00668777707796 0.0204709130894 0.015253303028 0.00693253576662 0.0433300589665 0.0327917279594 0.00526063364221 0.0139175119307 0.0125095780518 0.0337941102072 -0.00656309073219 0.0174990442494 0.0216080048675 0.0195190466058 0.0224356988634 -0.00278189235827 0.0192138328401 0.0609067047258 0.111224218132 0.902063924022 0.0199390427735 0.0822121355955 0.0412740124631 0.0406551296632 0.0477464590946 0.0501691052156 0.00605295223004 0.00165390509656 0.00402099945656 0.073667942343 0.0395739545864 0.07087775817 0.0237684799774 0.0580303906491 0.0154769307911 0.00793289080045 0.00488965376497 -0.00768831197632 0.0099866034015 -0.0047614782246 0.0191217667742 
0.00918678713435 0.0135194151117 0.00908545082675 0.0068997341356 0.0116481230772 0.00677489005816 -0.0102532369104 0.0163859020748 0.0130127179778 0.00876737910541 0.0167987869462 0.00293805028557 0.0157349495263 0.0283146153093 0.0154353321839 0.0132045286841 0.0122046045503 0.00209951322022 -0.00023561948493 0.0187468711483 0.0177276831897 0.0124728585619 0.00446320143296 0.0124628488365 0.0189776889441 0.0133350264088 0.0166775168205 0.0251186323275 0.0199390427735 0.265619402829 0.0245843401803 0.00697100942495 0.0160294377052 0.0121395079534 0.0387228867732 0.00929312255386 0.0160646315262 -0.00112556339254 0.0101513798412 0.0198647379104 0.0168297575304 -0.00172548208342 0.0100844495127 0.0144399321408 0.0218292243349 0.0127562041238 -0.00370917963659 0.00707733332028 0.000203773111152 0.028417478104 
0.0160548001295 0.0295471428712 0.0197649341269 0.00809322154543 0.0173700113546 0.0234077226826 -0.00171649248145 0.0139131603612 0.00699564097622 0.0156279384694 0.0105575995368 0.00709532546986 0.0119851829216 0.034442061809 0.0305457553927 0.0201616084007 0.0186615481037 0.00855157897411 0.0213041029873 0.0162948906936 0.0191191764324 0.00764849776355 0.0130627650786 0.0130172751044 0.0097538612353 0.0420481995478 0.0992020740155 0.0401515967095 0.0822121355955 0.0245843401803 0.384055578096 0.0328098645683 0.0244772798373 0.0045747283592 0.0386648638716 0.0180745200525 0.0146294623019 0.0291264189927 0.00895694644858 0.019859739759 0.0175253854709 0.0158744790793 0.0974968693452 0.0173183409599 0.0164686417672 0.0102343595805 0.00139853519433 0.042598990112 -0.00549163324541 0.0324504188126 
0.0232870644255 0.0228591947778 0.0350777727179 0.00754575056469 0.026788934907 0.00553873674979 0.00492518633134 0.0106666022331 0.00718578853237 0.0342521882855 0.00657966129824 0.00763955111961 0.00352133579839 0.0241132682701 0.0324344504611 0.00965598236758 0.0118685207635 0.00916233634284 0.0231684680235 0.0171811479951 0.0239469127752 0.020440376321 0.0221724919301 0.00626643993477 0.00673168731399 0.0217494179065 0.0168541564841 0.0324053669643 0.0412740124631 0.00697100942495 0.0328098645683 0.329774168699 0.0275415414757 0.0238924938879 0.0243782135661 0.00261271458402 0.0164149021525 0.0160666957639 0.00317345618853 0.0579728405029 0.0305204018239 0.0141182881817 0.0219986639373 0.0165134075388 0.0196504847503 0.0126158747436 -0.00920090235122 0.00106911112513 0.0685917081672 0.0139262544953 
0.0210130979745 0.00974748961115 0.0164184906744 0.00893097992049 0.00411661291335 0.0151802126911 0.00257005333842 0.0113610071546 0.0200001704908 0.0183380830336 0.0187016098499 -0.00250669725786 0.0119494057649 0.00975206397268 0.0225779464861 0.00966334443272 0.0133573462064 0.0182203953486 0.0543558561392 0.0311812250014 0.034537866409 0.0151219096173 0.0182722119473 0.0200711349671 0.00728184620769 0.0163923681722 0.0181565424749 0.0273007460747 0.0406551296632 0.0160294377052 0.0244772798373 0.0275415414757 0.215885844231 0.0038946826658 0.0108805113338 0.020283095284 0.0103064799062 0.0270964428539 0.0150569214824 -0.00254718199456 0.0372755327852 0.00948778676965 0.0250913536594 0.0174464064329 0.01594051202 0.0263215113438 -0.00757080811621 0.0249408753377 0.0164248126426 0.0148736028179 
0.0187542037071 0.0135037784401 0.00817815090698 0.00280086846719 -0.00543143224836 -0.00473972382599 -0.0079850927981 0.00534563596866 0.00805543301087 0.0206226483773 0.0368094967618 0.151348111828 0.0154257541394 0.0196802135733 -0.0101585871173 0.00590399532262 -0.005214055943 0.0122647427808 -0.0125180719369 0.0125992805325 0.0123142084643 0.0201263573546 0.00031490924754 0.0157124070096 0.0117467274503 0.0888459589398 0.00746136283974 0.0146340979491 0.0477464590946 0.0121395079534 0.0045747283592 0.0238924938879 0.0038946826658 0.412465174142 0.0231597969813 -0.00543939480398 0.00301208366908 0.0335007001752 0.0237170516926 0.115325001921 0.00995186724564 0.02770303123 0.0253196154984 0.0120643790837 0.00253071444856 0.0111964013493 0.00292171826439 0.0396829446811 0.0154764243154 0.00761105402843 
0.0275973252735 0.0201386793466 0.0207114048528 0.00650247882961 0.00785343763247 0.00789637092309 -0.00678253209102 0.0419341421808 -0.00656098233508 0.0205641329725 0.0158523612852 0.020395712379 -0.00734905010363 0.0521782536968 0.0406035055908 0.00159698485683 0.0260415022767 -0.00469241825622 -0.00492037339623 0.00655918991629 0.00812483041561 0.0245974061616 0.00558157338114 -0.00435183191532 0.0013200047336 0.0472512529633 0.0622803564793 0.0218152875871 0.0501691052156 0.0387228867732 0.0386648638716 0.0243782135661 0.0108805113338 0.0231597969813 0.27500039341 -0.00291074368689 0.013471868699 -0.0036912772661 0.0204710524499 0.0202131288146 0.0321985298093 0.00657848610531 0.0159912498751 0.026451709372 0.0126697225092 0.016560835894 0.000768270594754 0.0181807823138 -0.00174469707678 0.00938220437836 
0.0234049952975 0.00356784879585 0.00976118676341 0.00477613142709 -0.000949440757301 0.00656817320866 -0.0110287384601 0.0148240857558 0.0105707870451 0.0101909036626 0.00156692951706 -0.00504951804313 0.00601827996977 0.0159792588291 0.0194373025635 0.0182313865125 0.0108939437496 0.00828557202701 -0.0165101663512 0.00132313931735 -0.00266440502806 0.000113432559028 0.0133057168248 0.0054055757607 0.0167090854069 -0.0242818450337 0.0184223219196 -0.00100348518496 0.00605295223004 0.00929312255386 0.0180745200525 0.00261271458402 0.020283095284 -0.00543939480398 -0.00291074368689 0.534093690556 0.0077144026072 -0.00333370551309 0.00123384541658 0.00807546491465 0.0299367657638 0.00337777078244 0.00155836977655 0.00940209208935 0.0036813474412 -0.00014241227073 0.0017016790464 0.00197186773759 0.0148406993803 0.0052017097931 
0.0141633830946 0.0104078717526 0.0215505206537 0.00885008514296 0.0300140842901 0.0119078957882 0.009460602356 0.022814550952 0.00514280459021 0.0111722978305 0.00411681316329 0.0111402618678 0.0115572585873 0.0177859574942 0.0227845689417 0.0170490540578 0.0103872370091 0.0063121979676 -0.00375315921441 0.0169369082581 0.0174440713954 0.0273776849777 0.0178110583942 0.0131294675148 0.0298098950616 0.0241995883129 0.00577559257948 0.0095275305017 0.00165390509656 0.0160646315262 0.0146294623019 0.0164149021525 0.0103064799062 0.00301208366908 0.013471868699 0.0077144026072 0.264057110551 0.015059625432 -0.0124849179005 0.00947873252635 0.0135628520445 0.0121701785833 0.00961472772416 0.0136022133164 0.00809481416904 0.00870911584064 0.0112927452074 0.00801200238553 0.0101320536647 -0.00265838950354 
0.0322937699131 0.0184537343792 0.00582044879142 0.00100987992804 0.0127832034473 0.0419505199644 -0.0148344870971 0.0173680192925 0.000379976699014 0.0121206632817 0.00525512886188 0.0162834853912 0.00011312400096 0.020291986903 0.00439129535509 0.0106034543949 0.025376918627 0.00625522893538 -0.0036871500022 0.0149929579045 0.00828066315789 0.000286901159764 0.0194097674996 0.0143865719565 0.00215135462588 0.00493921720938 0.02497086301 0.00724048746827 0.00402099945656 -0.00112556339254 0.0291264189927 0.0160666957639 0.0270964428539 0.0335007001752 -0.0036912772661 -0.00333370551309 0.015059625432 0.287558440048 0.0108004735833 0.0278022491301 0.0181592332809 0.00853568053341 0.00396008776287 0.00507075030371 0.00996388517207 0.00541480237178 -0.00800704424389 -0.00188222546713 0.0188912770548 0.00686693706886 
0.0235650886737 0.0271232765015 0.015956570176 0.0122248988542 0.00383358539703 0.0305174397955 0.011376846157 0.00294198633378 0.00658933305958 0.0267838189035 0.0120703209567 0.0448597334113 0.0258845263974 0.0198855697814 0.0154919592029 -0.00508189517894 0.00875183054741 0.01405979831 0.00805656496786 0.0293987451068 0.00676415474594 0.00857753047901 0.00229929961445 0.0205454368269 0.0123618938619 0.0255662350521 0.0240378817701 0.0130150317076 0.073667942343 0.0101513798412 0.00895694644858 0.00317345618853 0.0150569214824 0.0237170516926 0.0204710524499 0.00123384541658 -0.0124849179005 0.0108004735833 0.467277118505 0.0478793454546 0.0297067069804 0.0027059302001 0.0216690464032 0.00596788421506 0.000927684055862 0.0120132968516 -0.0161699590287 0.0190600358212 -0.00255274645434 0.00449453573535 
0.000574375854297 0.010742776287 0.00127866153902 0.00689589538482 -0.00743677910791 0.0172077806168 0.00520398600024 0.00687743980639 0.0630477420867 0.0364522744429 0.024713525828 0.172725312994 -0.00647473124576 0.0332935120271 0.0100196271393 0.00284431599742 -0.00235138416241 0.0224745690383 0.0257257267733 0.013089655454 -0.0123929069092 0.019340284201 -0.0102576819259 0.0212916200361 0.025317891379 0.0704743377388 0.00735011498469 0.0119811977148 0.0395739545864 0.0198647379104 0.019859739759 0.0579728405029 -0.00254718199456 0.115325001921 0.0202131288146 0.00807546491465 0.00947873252635 0.0278022491301 0.0478793454546 0.525216605866 0.0131842109 0.0226623721769 0.0503516897852 0.00625419116819 0.000581716844899 0.0220238031443 0.00427395124159 0.00531517045276 0.0299628010371 0.000675257055963 
0.00880354005718 0.0506844490181 0.0399033246868 0.0137787959929 0.00423585364976 0.00622169871388 -0.0012326741908 0.0481100121246 0.0174951147702 0.0230814187922 0.011600992944 0.0136004414934 0.0148921423015 0.0179938430258 0.0637783394675 0.00710148810406 0.0118300071044 0.018249966606 0.0656316328299 0.0254013732923 0.0212853215476 0.0151593699075 0.0176687706636 0.0147656120354 -0.00261021859535 0.0100347629357 0.0274369209149 0.0159551763314 0.07087775817 0.0168297575304 0.0175253854709 0.0305204018239 0.0372755327852 0.00995186724564 0.0321985298093 0.0299367657638 0.0135628520445 0.0181592332809 0.0297067069804 0.0131842109 0.332282529415 0.00604062586656 0.0285549832808 0.0192410479361 0.00864196157273 0.0137173274591 -0.00400750070125 0.0117340558808 -0.00244720125598 0.0183048031947 
0.0061698753348 -0.0360980418969 -0.00369910427525 0.00485056815374 0.00150381142909 -0.00379462028245 0.00397180002019 0.000433274802835 0.0243620304495 0.00894863472791 0.0182837953904 0.0124857960616 0.010225562224 0.0133818646931 0.0323882017034 0.0128226963167 0.00405934301162 0.00714588472272 -0.0221032931023 0.0030388794541 0.00723351290786 -0.0076499728359 0.00599008892293 0.016021579131 0.00718776017991 0.0600950374725 -0.00198666392668 0.0284667033556 0.0237684799774 -0.00172548208342 0.0158744790793 0.0141182881817 0.00948778676965 0.02770303123 0.00657848610531 0.00337777078244 0.0121701785833 0.00853568053341 0.0027059302001 0.0226623721769 0.00604062586656 0.980121369479 0.0193014208282 0.0206390342326 0.0077691880496 0.0195662184267 -0.0010929893518 0.0184020119326 0.0160683214051 0.0116731027281 
0.0306861265518 0.0596222872605 0.0390687233002 -0.00150131874981 0.00335947203856 0.0113183728284 0.0100333761927 0.0275888983831 0.019968968827 -0.000840543256929 0.0121205429736 0.0298877652321 -0.00121250828771 0.0212656279097 0.0213646748375 0.00280333355889 0.0178800890767 6.45381059443e-05 0.0088965241176 0.0243133598903 0.0166427557329 0.0183054566431 0.00316201230121 0.00989439002089 0.0032375330477 0.0544714097057 0.0469446018472 0.0286059989191 0.0580303906491 0.0100844495127 0.0974968693452 0.0219986639373 0.0250913536594 0.0253196154984 0.0159912498751 0.00155836977655 0.00961472772416 0.00396008776287 0.0216690464032 0.0503516897852 0.0285549832808 0.0193014208282 0.609754691141 0.0015208407088 0.00854762646213 0.00821603389968 -0.00469510817161 0.061760979078 0.00706797819887 0.0148030248915 
0.0144290643831 0.0237254895493 0.0134647021637 -0.00202759494881 0.0189018532344 0.0117481163737 0.0153457081117 0.0130022032524 -0.00614934328911 0.0187830939298 0.0174556493201 0.010052992445 0.0130467115112 0.0218438756172 0.0169753222081 0.0122090639691 -0.00251207648537 0.014944683299 0.00581674170531 0.0155598665916 0.00357000929382 0.0188807598201 0.0217355810088 0.0169563736326 0.0119966449865 0.0159870776194 0.0163595242236 0.012173530356 0.0154769307911 0.0144399321408 0.0173183409599 0.0165134075388 0.0174464064329 0.0120643790837 0.026451709372 0.00940209208935 0.0136022133164 0.00507075030371 0.00596788421506 0.00625419116819 0.0192410479361 0.0206390342326 0.0015208407088 0.191252526058 0.0101091036885 0.00563009846959 0.010992945338 0.0259129741157 -0.00459752227336 0.041826703972 
0.0106937337192 0.00794634890638 0.00662243883568 0.00946902338779 0.0132314748579 0.00998364707048 0.00484135487135 0.00893756506003 0.00426510788304 0.0192158707076 0.0115852665822 0.00181315115973 -0.00180884344544 0.00553579581525 0.00727214068461 0.0209091635702 0.0171374711382 0.0119548354317 0.00817482649557 -0.00890661311748 -0.00348610005228 0.0136807974468 0.0330376977542 0.00786252112134 0.0131055890312 0.020126206639 0.0165030143991 0.00809380281374 0.00793289080045 0.0218292243349 0.0164686417672 0.0196504847503 0.01594051202 0.00253071444856 0.0126697225092 0.0036813474412 0.00809481416904 0.00996388517207 0.000927684055862 0.000581716844899 0.00864196157273 0.0077691880496 0.00854762646213 0.0101091036885 0.105591289201 0.00464171320578 -0.0141479263282 0.00544197889518 0.0189373188358 0.0115399962755 
0.0156825264006 -0.00815878919843 0.0215106309512 0.00104925289889 -0.000924140050403 0.00399548307152 0.00529844678118 0.00719648527099 0.0182382696342 0.0275091123475 0.00495024845465 0.0180389839473 0.0155765325292 0.0100508401617 0.00536219680374 0.00413012259973 0.00980847277794 0.00776814887409 0.0229748956736 0.00339651532967 0.00922453942498 0.0178123136857 0.00410413786886 0.0114113134881 0.00959537902078 0.0264344550173 0.0013809635119 0.0135599325144 0.00488965376497 0.0127562041238 0.0102343595805 0.0126158747436 0.0263215113438 0.0111964013493 0.016560835894 -0.00014241227073 0.00870911584064 0.00541480237178 0.0120132968516 0.0220238031443 0.0137173274591 0.0195662184267 0.00821603389968 0.00563009846959 0.00464171320578 0.230939885644 -0.0164288414539 0.0150160795872 0.0329227858274 0.0198459827312 
-0.0112471029941 -0.00609288154936 -0.0279533803329 -0.00925229176904 -0.00159819158219 -0.0050283475365 0.00373828783727 -0.0231476128013 0.00706722861599 0.00576713468701 0.0110906056152 0.00709756825472 -0.00203597847146 -0.00801187154632 -0.019082420711 -0.00544849970919 -0.00507330822849 -0.00896304062759 -0.00751164478699 -0.00853517365099 -0.0167687271355 -5.07068695202e-05 0.00596084835797 0.00391824222679 -0.00823733574742 -0.0246087251401 -0.00719884560604 -0.00500952748525 -0.00768831197632 -0.00370917963659 0.00139853519433 -0.00920090235122 -0.00757080811621 0.00292171826439 0.000768270594754 0.0017016790464 0.0112927452074 -0.00800704424389 -0.0161699590287 0.00427395124159 -0.00400750070125 -0.0010929893518 -0.00469510817161 0.010992945338 -0.0141479263282 -0.0164288414539 1.94218102841 -0.0128413212824 -0.0133731029398 0.00144060920267 
