20
0.0538205376978 0.0273717205438 0.0436219100546 0.0384738749472 0.0440278725419 0.0589662330248 0.0357111585815 0.0780955523414 0.0936509155003 0.0355019489908 0.0559384191954 0.102128665084 0.0451551332239 0.0215013837744 0.0125032911957 0.0348883512333 0.640104613609 0.0576577356707 0.0484031048171 0.0363496030559 
0.309216551637 0.00830472073332 0.0540034796802 0.0153195332281 0.0240326541998 0.0140235314724 0.0405149913155 0.0218004325554 0.04355614901 0.0199603412898 0.00646861982036 0.0128836653294 0.0143744330463 0.0445774277747 0.0162246726453 0.0251752955082 -0.00980561779242 0.03787530859 0.0245929355446 0.0138997130066 
0.00830472073332 0.245598225 0.0201155665476 0.0104735719053 0.0269377829031 0.0226120447813 0.0291577276751 0.0244564588183 0.0147566772393 0.0125000981897 0.0181574307706 0.0340527738592 0.00278871677284 0.0306569349726 0.00570988788849 0.0222799661431 0.0118639814377 0.0294010868474 0.0280146752242 0.0258854566928 
0.0540034796802 0.0201155665475 0.322062829364 0.0217212482363 0.0253970369767 0.0365035522652 0.0140319783624 0.0407541342276 0.0314642701433 0.0348451407683 0.0280483629723 0.0104178454231 0.00755567162246 0.0309987281386 0.0142873158537 0.0331285183843 0.0158984376347 0.0477244101159 0.05694491248 0.0349526353998 
0.0153195332281 0.0104735719053 0.0217212482363 0.231488164429 0.0111723833814 0.0301609721483 0.0292159134106 0.0246814417702 0.0253985978755 0.00599879665335 0.0200643496516 0.00526594550152 0.0141403278357 0.0113171876715 0.0166637521539 0.0283251015452 -0.048757959096 0.0150790731775 0.0178509611409 0.0292647714698 
0.0240326541998 0.0269377829032 0.0253970369767 0.0111723833814 0.23630715491 0.00397551427844 0.0270457900442 0.0121783955829 0.0226497590105 0.0174038503721 0.038767573189 0.0117637178256 0.0174775618636 0.023465325279 0.0197223133979 0.0484818459945 0.0288317730203 0.0288408652843 0.0308726653732 0.000946388313839 
0.0140235314724 0.0226120447813 0.0365035522652 0.0301609721483 0.00397551427845 0.396213066509 0.0146012189473 0.0215966922341 0.0402419091912 0.0129436371599 0.0314455616656 0.0135245736649 0.00435801458984 0.0080009529863 0.0290620368678 0.0950974840861 0.0201541095028 0.00853229320206 0.0204625714987 0.0214449956922 
0.0405149913155 0.029157727675 0.0140319783624 0.0292159134106 0.0270457900442 0.0146012189473 0.296440061581 0.0100350885401 0.069611011895 0.0148317888089 0.019577180618 0.0389673132491 0.0124860558667 0.0321058584519 0.04604400342 0.0519583676224 0.0018152544595 0.0133191192092 0.010466087706 0.0322303796864 
0.0218004325554 0.0244564588183 0.0407541342276 0.0246814417702 0.0121783955829 0.0215966922342 0.0100350885401 0.578007786062 0.0219673716166 0.0108001690565 0.0285551682033 0.0470400453908 0.0136632481969 0.0200592909829 0.00955666490238 0.0264360520385 0.0356616573216 0.0198946599415 0.0176360912301 0.0120245907774 
0.04355614901 0.0147566772393 0.0314642701433 0.0253985978755 0.0226497590105 0.0402419091912 0.0696110118949 0.0219673716166 0.4629509332 0.0372668464752 0.0325984276613 0.0462994153041 0.0192963273672 0.0346478734334 0.0630714320705 0.0395335523127 0.0123292214216 0.0571020047553 0.0491452598896 0.0387929974663 
0.0199603412898 0.0125000981897 0.0348451407683 0.00599879665336 0.0174038503722 0.0129436371599 0.0148317888089 0.0108001690565 0.0372668464752 0.253879174094 0.0152537992581 0.0282053772436 0.00845330528174 0.0281863468607 0.000104295657108 0.0177251136446 0.198917951494 0.0247642521476 0.0201562838785 0.0255473526664 
0.00646861982036 0.0181574307706 0.0280483629723 0.0200643496516 0.038767573189 0.0314455616656 0.019577180618 0.0285551682033 0.0325984276613 0.0152537992581 0.241223273184 0.013492158353 0.0190483811045 0.0135533733018 0.031601563426 0.0237662997299 0.0203418222345 0.0218350167824 0.0186681892691 0.0147922573783 
0.0128836653294 0.0340527738593 0.0104178454231 0.00526594550153 0.0117637178256 0.0135245736649 0.0389673132491 0.0470400453908 0.0462994153042 0.0282053772436 0.013492158353 0.689102641155 0.00977197779626 0.0237076308943 0.0207303718055 0.0388142455345 0.0315416950436 0.0298812835469 0.0297736826438 0.0176882137412 
0.0143744330463 0.00278871677284 0.00755567162246 0.0141403278357 0.0174775618636 0.00435801458983 0.0124860558667 0.0136632481969 0.0192963273672 0.00845330528174 0.0190483811045 0.00977197779625 0.31113286512 0.0243888096282 0.0103524942339 0.0310749805786 0.00404062765588 0.015706587627 0.0337913896203 0.0168289329507 
0.0445774277747 0.0306569349726 0.0309987281386 0.0113171876715 0.023465325279 0.0080009529863 0.0321058584519 0.0200592909829 0.0346478734334 0.0281863468607 0.0135533733018 0.0237076308943 0.0243888096282 0.291562000652 0.00739412044625 0.0314861087131 0.0290779298595 0.0298443079269 0.032988311031 0.0170944152064 
0.0162246726453 0.00570988788849 0.0142873158537 0.0166637521539 0.0197223133979 0.0290620368678 0.04604400342 0.00955666490239 0.0630714320705 0.000104295657105 0.031601563426 0.0207303718055 0.0103524942339 0.00739412044625 0.285999234659 0.0210813283347 0.00162331782663 0.0130978321168 0.0188242551919 0.00702789897185 
0.0251752955082 0.0222799661431 0.0331285183843 0.0283251015452 0.0484818459945 0.0950974840861 0.0519583676224 0.0264360520384 0.0395335523127 0.0177251136446 0.0237662997299 0.0388142455345 0.0310749805786 0.0314861087131 0.0210813283347 0.320691206457 0.00921379313417 0.0315825504044 0.0373337559996 0.0124852287792 
-0.00980561779242 0.0118639814377 0.0158984376347 -0.048757959096 0.0288317730203 0.0201541095028 0.0018152544595 0.0356616573216 0.0123292214216 0.198917951494 0.0203418222345 0.0315416950436 0.00404062765588 0.0290779298595 0.00162331782663 0.00921379313417 6.86480462476 -0.0029257930748 -0.00122997858314 0.00940394763008 
0.03787530859 0.0294010868474 0.0477244101159 0.0150790731775 0.0288408652843 0.00853229320205 0.0133191192092 0.0198946599415 0.0571020047553 0.0247642521476 0.0218350167824 0.0298812835469 0.015706587627 0.0298443079269 0.0130978321168 0.0315825504044 -0.0029257930748 0.252701152926 0.0369007072903 0.0280908404985 
0.0245929355446 0.0280146752242 0.05694491248 0.0178509611408 0.0308726653732 0.0204625714987 0.010466087706 0.0176360912301 0.0491452598896 0.0201562838785 0.0186681892691 0.0297736826438 0.0337913896203 0.032988311031 0.0188242551919 0.0373337559996 -0.00122997858314 0.0369007072903 0.273630163282 0.0118587033248 
0.0138997130066 0.0258854566928 0.0349526353998 0.0292647714698 0.000946388313838 0.0214449956922 0.0322303796864 0.0120245907774 0.0387929974663 0.0255473526664 0.0147922573783 0.0176882137412 0.0168289329507 0.0170944152064 0.00702789897185 0.0124852287792 0.00940394763008 0.0280908404985 0.0118587033248 0.317989443903 

['GDW', 'TYC', 'NTRS', 'ABC', 'WMI', 'VFC', 'HET', 'LXK', 'JWN', 'FISV', 'TMO', 'JBL', 'BCR', 'INTC', 'DG', 'BDK', 'SANM', 'PSA', 'IP', 'SGP']