30
0.041097516798 0.0538205376978 0.0752984700253 0.0267965440056 0.214537342356 0.060830846045 0.0612619406497 0.0290232005544 0.0184249616408 0.126302472887 0.116988452624 0.275379497042 0.0124927962784 0.0832698050771 0.0448250845436 0.0909027791802 0.0572050688987 0.0153161335694 0.0565518641406 0.0533662879029 0.0952892642352 0.0861911318708 0.0602494739115 0.0780955523414 0.0304896250645 0.166074759161 0.112290577846 0.192324736986 0.0131635076039 0.0308834605432 
0.254181684087 0.0244431371728 0.016763901383 0.0316800460197 0.0274443982682 0.0349780751037 0.00357979833533 0.0287148211441 0.0324646579318 0.0189676440786 0.00332769927849 -0.00605636119558 0.0150327842455 0.0272093036611 0.0197640402495 0.0131419107732 0.0101772063536 0.0156905497634 0.0142592145054 0.0128684909938 0.0222083639257 0.00409971972339 0.00867365518574 0.0119494245909 0.00964711504345 0.0273861147993 0.051495946332 0.0362872243496 0.0304724583285 0.0220653401117 
0.0244431371728 0.302970174354 0.017382385895 0.043816698268 0.0168881559534 0.0392289392329 0.023582999565 0.018256929072 0.0460344210281 0.0216166074377 0.0109795484753 0.00419785271974 0.0207010988451 0.00837311763839 0.0406477491711 0.0268868326792 0.0135252481068 0.0137276540029 0.0374695513961 0.019939157923 0.017201829078 0.011819913147 0.0176226597921 0.0177298405892 0.0162552726395 0.0217341389473 0.0107763827106 0.0252910288584 0.016501944943 0.0415715078804 
0.016763901383 0.017382385895 0.479893980715 0.0187628802414 0.0373821987526 0.0526170090889 0.00378127951403 0.0257325911532 0.0105318403386 0.0336916570071 0.0441941887756 0.0922767444484 -0.0128670469751 0.0313979638151 0.0158285029575 -0.0120114187562 0.0335881017893 0.0169720465529 0.00867668041321 0.0227871862099 0.0347548383952 0.0526366475485 0.0372819083863 0.00829513759639 0.0104320891644 0.0551987217342 0.0406366004251 0.0521171249284 0.00820047178892 0.0203133770482 
0.0316800460197 0.043816698268 0.0187628802414 0.169725533278 0.00882706153146 0.03139817856 0.0159155268207 0.0277929594571 0.0538659974683 0.0177752062294 0.0196698284384 0.000601500038381 0.01318949778 -0.00959041369247 0.0147625929996 0.0114988963695 0.0172068497435 0.0137297565553 0.0230494967453 0.0190030382154 0.00447798579322 0.0144479691181 0.00925529993053 0.0172658695296 0.0121820803084 0.0318084088281 0.00460575019723 0.0208920518627 0.0183421329744 0.0449713400579 
0.0274443982682 0.0168881559534 0.0373821987526 0.00882706153146 0.97870883311 0.0305535704613 0.0739286031069 0.0164789748419 0.0131876924721 0.00500183264637 0.0515601390587 -0.0423074718298 0.0579847693817 0.00808498152022 0.0318035073991 0.0276556336535 0.0355332760665 0.0142949163694 0.0408219863573 0.0135858427144 0.0311672240754 0.0734298484523 0.0400463033781 0.0465289652523 0.00452545058196 0.0354433604289 0.0491046872365 0.058112624108 0.00529728356474 0.0183424615063 
0.0349780751037 0.0392289392329 0.0526170090889 0.03139817856 0.0305535704613 0.298392275415 0.0186814645727 0.024410574178 0.0327995517816 0.0120776753275 0.034989377322 -0.00327080528576 0.0203042553036 0.0163594149402 0.0258132434873 0.00985233862322 0.0169050528177 0.0233038815353 0.0287937680837 0.0305185492007 0.0158382417074 0.0364460502442 0.0269527046982 0.040080071347 0.0117088146585 0.0340556458562 0.0309153262209 0.0432101645672 0.0132246582081 0.0214584540518 
0.00357979833533 0.023582999565 0.00378127951403 0.0159155268207 0.0739286031069 0.0186814645727 0.359908702292 0.0105396729496 0.0152677207983 0.00325520391712 0.0302666641511 -0.0233242439763 0.006485906183 0.020585565427 0.0167108694054 0.0240193002396 0.0388312562899 0.0154504285636 0.0208979213669 0.0228922787533 -0.00530944983461 0.051572075697 0.00654662729602 0.0163498408308 0.0148422090156 0.0202262074384 0.0459107037731 0.00936354512689 0.0110586951912 0.0203665678807 
0.0287148211441 0.018256929072 0.0257325911532 0.0277929594571 0.0164789748419 0.024410574178 0.0105396729496 0.253583835609 0.0301704060882 -0.00666292358834 0.0239937763615 0.00968737432261 0.0173972077771 -0.00694086076387 0.0209702612523 0.0036053733061 0.0121650318268 0.0134409313664 0.00584343829381 0.00374815505485 -0.0047675584886 0.0126236600939 0.0303495867403 0.0223843675966 0.00653382196343 0.0249327441884 0.0146179156587 0.0330713175957 0.0147756850606 0.0167586670279 
0.0324646579318 0.0460344210281 0.0105318403386 0.0538659974683 0.0131876924721 0.0327995517816 0.0152677207983 0.0301704060882 0.163169086018 0.0106381740299 0.0216850265922 -0.0013148001039 0.0189257755903 0.00682803439256 0.0268440547655 0.0100235835695 0.0244134890656 0.0260283206206 0.0391469784505 0.0106047231196 0.0123802088252 0.0256793965806 0.0146183570916 0.0210410723644 0.00575147755114 0.0350045086464 0.0196741724572 0.0383915319326 0.0278197329387 0.0443806256351 
0.0189676440786 0.0216166074377 0.0336916570071 0.0177752062294 0.00500183264637 0.0120776753275 0.00325520391713 -0.00666292358833 0.0106381740299 0.484028909327 0.0535720259272 -0.0106199956981 0.00930242272076 0.069732825621 0.00419016530814 0.0121196505349 0.0160673527105 0.0212671525641 0.00515715492395 -0.00152860149586 0.0109109414649 0.000868404159292 -0.00250244464639 -0.00875897856294 0.0117118447375 0.0678451019811 0.0816966315799 0.202327562789 0.0147555649254 0.00368004494036 
0.00332769927849 0.0109795484753 0.0441941887756 0.0196698284384 0.0515601390587 0.034989377322 0.0302666641511 0.0239937763615 0.0216850265922 0.0535720259272 0.464262576872 -0.00859604249562 0.0235342102972 0.0290726062859 0.0308790009896 -0.004855459915 0.0362247282496 0.0044534630086 0.0332165578946 0.0200148398554 0.0172777697291 0.010829983296 0.0349265224572 0.0629427737248 0.0193284907698 0.0632429107439 0.0634743244741 0.0969583082906 0.00139661101039 0.0275607428442 
-0.00605636119558 0.00419785271974 0.0922767444484 0.000601500038381 -0.0423074718298 -0.00327080528576 -0.0233242439763 0.00968737432261 -0.0013148001039 -0.0106199956981 -0.00859604249562 4.09407121933 -0.00600896632778 -0.0284541769566 0.00978447899583 0.0184388726382 -0.0210446311461 0.0113536402757 -0.00478792204117 -0.0124687782408 -0.00568783965375 -0.00805446550588 -0.00607479092572 -0.013551998648 -0.00850295991095 0.016462444645 -0.0129935333231 -0.0199748694409 0.0157636346062 -0.000707652203811 
0.0150327842455 0.0207010988451 -0.0128670469751 0.01318949778 0.0579847693817 0.0203042553036 0.006485906183 0.0173972077771 0.0189257755903 0.00930242272076 0.0235342102972 -0.00600896632778 0.181426160027 0.00885225778453 0.0157151957103 0.0112313923537 0.0221349545032 0.0169513913038 0.0308048924473 0.0105050677481 0.0308080420014 0.0214449228977 0.0229979618766 0.00929589657593 0.00745269673694 0.030181409093 0.00910341522443 0.0164835066174 0.0163003219497 0.0137185162684 
0.0272093036611 0.00837311763839 0.0313979638151 -0.00959041369247 0.00808498152021 0.0163594149402 0.020585565427 -0.00694086076387 0.00682803439256 0.069732825621 0.0290726062859 -0.0284541769566 0.00885225778453 0.365869925971 -0.00614762710767 0.0217700786205 0.00879160080138 0.0235345178188 0.0209821347805 0.0106768090589 -0.00186388959801 0.0360354844591 0.0105199096287 -0.00687768243565 -0.00396220111585 0.0679042338068 0.160900085685 0.103429258076 0.030778941408 0.00873506530828 
0.0197640402495 0.0406477491711 0.0158285029575 0.0147625929996 0.0318035073991 0.0258132434873 0.0167108694054 0.0209702612523 0.0268440547655 0.00419016530814 0.0308790009896 0.00978447899583 0.0157151957103 -0.00614762710767 0.253770501792 0.00378986510853 0.0145268259279 0.00626452788195 0.0227393360643 0.0107055485743 0.00772103322359 0.0216614011 0.0321233123677 0.019102410812 0.00160315669168 0.0326496913909 0.0071675085555 0.0277668723088 0.00806282022373 0.0168014648336 
0.0131419107732 0.0268868326792 -0.0120114187562 0.0114988963695 0.0276556336535 0.00985233862322 0.0240193002396 0.0036053733061 0.0100235835695 0.0121196505349 -0.004855459915 0.0184388726382 0.0112313923537 0.0217700786205 0.00378986510853 0.500481345331 0.0134539653511 0.0110487562263 0.00696547337681 0.0117365944678 0.0143684851358 0.0270482485238 0.0117844443254 -0.000442569229966 0.0153284595565 0.0137760643575 0.0419706883726 0.0293678094181 0.0129678184608 0.0176279794297 
0.0101772063536 0.0135252481068 0.0335881017893 0.0172068497435 0.0355332760665 0.0169050528177 0.0388312562899 0.0121650318268 0.0244134890656 0.0160673527105 0.0362247282496 -0.0210446311461 0.0221349545032 0.00879160080138 0.0145268259279 0.0134539653511 0.261357543892 0.00899394596414 0.0287423360776 0.0086590377987 0.00385268736276 0.0155075695912 0.01888971297 0.0196886172629 0.027852924288 0.0336024156859 0.0362114058036 0.0588065145808 0.0079884765601 0.00807506853847 
0.0156905497634 0.0137276540029 0.0169720465529 0.0137297565553 0.0142949163694 0.0233038815353 0.0154504285636 0.0134409313664 0.0260283206206 0.0212671525641 0.0044534630086 0.0113536402757 0.0169513913038 0.0235345178188 0.00626452788194 0.0110487562263 0.00899394596416 0.142538306415 0.0271512008833 0.0195952517696 0.00996164465992 0.0135341772696 0.0212540348353 0.00899087030817 0.0025302528506 0.0132219371397 0.0167668832519 0.0161503015299 0.0551532796604 0.0180820747089 
0.0142592145054 0.0374695513961 0.00867668041321 0.0230494967453 0.0408219863573 0.0287937680837 0.0208979213669 0.00584343829381 0.0391469784505 0.00515715492395 0.0332165578946 -0.00478792204117 0.0308048924473 0.0209821347805 0.0227393360643 0.00696547337681 0.0287423360776 0.0271512008833 0.252327793761 0.0119655547409 0.0306027004269 0.0149878028453 0.0253885797292 0.0220804508767 0.00052272954116 0.0340434900867 0.0171749423781 0.0371373204648 0.0302701861506 0.0149402846413 
0.0128684909938 0.019939157923 0.0227871862099 0.0190030382154 0.0135858427144 0.0305185492007 0.0228922787533 0.00374815505485 0.0106047231196 -0.00152860149585 0.0200148398554 -0.0124687782408 0.0105050677481 0.0106768090589 0.0107055485743 0.0117365944678 0.0086590377987 0.0195952517696 0.0119655547409 0.431081142423 0.0144609725931 0.0295051379715 0.0276207613387 0.00717834527742 0.0104482880484 0.00940566552848 0.00182837844088 0.0299121999931 0.0160879671277 0.00939258078592 
0.0222083639257 0.017201829078 0.0347548383952 0.00447798579322 0.0311672240754 0.0158382417074 -0.00530944983461 -0.0047675584886 0.0123802088252 0.0109109414649 0.0172777697291 -0.00568783965375 0.0308080420014 -0.00186388959801 0.00772103322359 0.0143684851358 0.00385268736276 0.00996164465992 0.0306027004269 0.0144609725932 0.51428173556 -0.00206948034578 0.0269088582967 -0.00825357948131 0.0117064263524 0.0123858065893 0.0299232279296 0.0382977128916 0.00613384755076 0.0162729516934 
0.00409971972339 0.011819913147 0.0526366475485 0.0144479691181 0.0734298484523 0.0364460502441 0.051572075697 0.0126236600939 0.0256793965806 0.000868404159289 0.010829983296 -0.00805446550588 0.0214449228977 0.0360354844591 0.0216614011 0.0270482485238 0.0155075695912 0.0135341772696 0.0149878028453 0.0295051379715 -0.00206948034578 0.399286444873 0.00576513720479 0.0317801566166 0.00595664407073 0.0448282380856 0.0552728902408 0.0623546206901 0.011848884202 0.0156556644531 
0.00867365518574 0.0176226597921 0.0372819083863 0.00925529993053 0.0400463033781 0.0269527046982 0.00654662729602 0.0303495867403 0.0146183570916 -0.00250244464639 0.0349265224572 -0.00607479092572 0.0229979618766 0.0105199096287 0.0321233123677 0.0117844443254 0.01888971297 0.0212540348353 0.0253885797292 0.0276207613387 0.0269088582967 0.00576513720479 0.307841115669 0.0150119186825 0.0120120968833 0.0414113948562 0.0182048350933 0.0290075415514 0.0184124811773 0.0172097381778 
0.0119494245909 0.0177298405892 0.00829513759639 0.0172658695296 0.0465289652523 0.040080071347 0.0163498408308 0.0223843675966 0.0210410723644 -0.00875897856294 0.0629427737248 -0.013551998648 0.00929589657593 -0.00687768243565 0.019102410812 -0.000442569229967 0.0196886172629 0.00899087030817 0.0220804508767 0.00717834527742 -0.00825357948131 0.0317801566166 0.0150119186825 0.569728301422 0.00055623431233 0.0575809667214 -0.00159871736341 0.0610494006813 0.0168929825793 0.0228473817025 
0.00964711504345 0.0162552726395 0.0104320891644 0.0121820803084 0.00452545058196 0.0117088146585 0.0148422090156 0.00653382196343 0.00575147755113 0.0117118447375 0.0193284907698 -0.00850295991095 0.00745269673694 -0.00396220111585 0.00160315669168 0.0153284595565 0.027852924288 0.00253025285065 0.000522729541161 0.0104482880484 0.0117064263524 0.00595664407073 0.0120120968833 0.00055623431233 0.216317139749 0.00925772836759 0.00401265936863 0.0181314383721 0.00571266877519 0.0165179518574 
0.0273861147993 0.0217341389473 0.0551987217342 0.0318084088281 0.0354433604289 0.0340556458562 0.0202262074384 0.0249327441884 0.0350045086464 0.0678451019811 0.0632429107439 0.016462444645 0.030181409093 0.0679042338068 0.0326496913909 0.0137760643575 0.0336024156859 0.0132219371397 0.0340434900867 0.00940566552848 0.0123858065893 0.0448282380856 0.0414113948562 0.0575809667214 0.00925772836759 0.495282398405 0.0925687853917 0.157579631623 0.00713130100256 0.018030170108 
0.051495946332 0.0107763827106 0.0406366004251 0.00460575019724 0.0491046872365 0.0309153262209 0.0459107037731 0.0146179156587 0.0196741724572 0.0816966315799 0.0634743244741 -0.0129935333231 0.00910341522443 0.160900085685 0.0071675085555 0.0419706883726 0.0362114058036 0.016766883252 0.0171749423781 0.00182837844088 0.0299232279296 0.0552728902408 0.0182048350933 -0.00159871736341 0.00401265936863 0.0925687853917 0.454132354086 0.11767906158 0.0204095767157 0.00709016394852 
0.0362872243496 0.0252910288584 0.0521171249284 0.0208920518627 0.058112624108 0.0432101645672 0.00936354512689 0.0330713175957 0.0383915319326 0.202327562789 0.0969583082906 -0.0199748694409 0.0164835066174 0.103429258076 0.0277668723088 0.0293678094181 0.0588065145808 0.0161503015299 0.0371373204648 0.0299121999931 0.0382977128916 0.0623546206901 0.0290075415514 0.0610494006813 0.0181314383721 0.157579631623 0.11767906158 0.620237647748 0.0172734082947 0.00971458191629 
0.0304724583285 0.016501944943 0.00820047178892 0.0183421329744 0.00529728356474 0.0132246582081 0.0110586951912 0.0147756850606 0.0278197329387 0.0147555649254 0.00139661101039 0.0157636346062 0.0163003219497 0.030778941408 0.00806282022374 0.0129678184608 0.00798847656007 0.0551532796604 0.0302701861506 0.0160879671276 0.00613384755076 0.011848884202 0.0184124811773 0.0168929825793 0.00571266877523 0.00713130100256 0.0204095767157 0.0172734082947 0.155358622435 0.0265659165523 
0.0220653401117 0.0415715078804 0.0203133770482 0.0449713400579 0.0183424615063 0.0214584540518 0.0203665678807 0.0167586670279 0.0443806256351 0.00368004494036 0.0275607428442 -0.00070765220381 0.0137185162684 0.00873506530828 0.0168014648336 0.0176279794297 0.00807506853847 0.0180820747089 0.0149402846413 0.00939258078592 0.0162729516934 0.0156556644531 0.0172097381778 0.0228473817025 0.0165179518574 0.018030170108 0.00709016394852 0.00971458191629 0.0265659165523 0.20702479719 

['PRU', 'GDW', 'STJ', 'KEY', 'PMCS', 'TROW', 'QLGC', 'CB', 'HBAN', 'NEM', 'FLR', 'RSH', 'GPC', 'APC', 'COST', 'AES', 'CBE', 'SO', 'AIV', 'NWL', 'JCI', 'HPQ', 'WEN', 'LXK', 'HNZ', 'NUE', 'NE', 'FCX', 'AEE', 'ASO']