20
0.0355019489908 0.116671338284 0.0313696733512 0.0262343191133 0.371102806834 0.0244433913508 0.13159191543 0.080285366307 0.0446705301477 0.103528049483 0.0565521495323 0.0761836706695 0.0220203869342 0.0572050688987 0.0162851568228 0.0282353637115 0.0275926739743 0.0441448787565 0.0584548507687 0.0162161188728 
0.314712648043 -0.0217471913775 0.00460320082154 0.0263485594429 0.0305810782893 0.0692076104987 0.0298702512026 0.00908967148262 0.0310441160834 -0.00163693060682 0.00858636400817 0.0354747155114 0.0280443158905 0.010595604828 0.0149853802588 0.0225043155654 -0.000389045611764 0.0222831561619 0.0225357828464 0.00625841183686 
-0.0217471913775 1.05471951439 -0.00761604964387 0.0177004437408 0.0450230548481 0.00922819174956 0.0354819654563 0.0289896517796 0.0155426324875 0.0160456719972 0.207517470327 0.0555904438912 0.0284884793364 0.0258668694304 0.0182417805828 0.0193607633895 -0.00655720535284 0.0474136833776 0.0346962582889 0.0196225465778 
0.00460320082154 -0.00761604964387 0.186272921912 0.0274031947344 0.0262081996245 0.0176596972845 0.0229587366824 0.0278694776508 0.0199296862671 0.00286136819598 0.00430314384909 0.0188897462801 0.0171115383 0.0194194007234 0.0174842247193 0.0193813898749 0.00661029722958 0.0367447808883 0.0206019430296 0.0241353813001 
0.0263485594429 0.0177004437408 0.0274031947344 0.187864745425 -0.0030183231847 0.0199948733884 0.00354788660483 0.0266856323764 0.0219828580904 0.00685357096529 0.0129893613231 0.0282925062899 0.0328266973894 0.0155418556352 0.0178461126312 0.0614173434784 0.00942494624035 0.0532641049721 0.0292914167728 0.0315680834787 
0.0305810782893 0.0450230548481 0.0262081996245 -0.0030183231847 1.24741250159 0.000561735255566 0.100315478188 0.0621045967818 0.056088487345 0.0431142509349 0.0250127854867 0.0763930802288 0.0289436872378 0.018821808522 0.026671006576 0.0079240738994 -0.00343226185332 0.0344835196314 0.0227439552794 0.0354952302858 
0.0692076104987 0.00922819174956 0.0176596972845 0.0199948733884 0.000561735255566 0.183879800296 0.00536011467543 0.0212792286901 0.0116330286132 0.00408344456834 0.00260400994418 0.00211644928501 0.0273588802989 0.00702350841731 0.000987028703502 0.0160154689117 0.0014665987896 0.0288734345654 0.0137299101884 0.00847996362901 
0.0298702512026 0.0354819654563 0.0229587366824 0.00354788660483 0.100315478188 0.00536011467543 0.527614823476 0.0342464396628 0.0347490561395 0.187554530235 0.0255656575001 0.0644335987518 0.0289957957123 0.0489769346442 0.0289379478009 0.00989885691149 -0.00298487264473 0.0262911061684 0.0435054889612 0.0388739378722 
0.00908967148262 0.0289896517796 0.0278694776508 0.0266856323764 0.0621045967818 0.0212792286901 0.0342464396628 0.439034633362 0.0228697809397 0.00617361332566 0.0393302908008 0.0482803481762 0.025834675426 0.0455547223893 0.00543685126632 0.0205884081704 -0.0024641334563 0.0344755125019 0.0290165777776 0.00019547193561 
0.0310441160834 0.0155426324875 0.0199296862671 0.0219828580904 0.056088487345 0.0116330286132 0.0347490561395 0.0228697809397 0.332795457001 0.00174144790516 0.0314488958266 0.084077028888 0.0291765985098 0.0300444743104 0.00495680147125 0.019195078158 0.0119476037808 0.0460815679762 0.0177133679698 0.0206589635726 
-0.00163693060682 0.0160456719972 0.00286136819598 0.00685357096529 0.0431142509349 0.00408344456834 0.187554530235 0.00617361332566 0.00174144790516 0.422542371821 0.0193147128106 0.0216384582689 0.0101042779071 0.0257569715026 0.0388455566718 0.0242334543206 0.00106880250064 0.018793446491 0.0254161846276 0.0461778864599 
0.00858636400817 0.207517470327 0.00430314384909 0.0129893613231 0.0250127854867 0.00260400994418 0.0255656575001 0.0393302908008 0.0314488958266 0.0193147128106 0.319254773792 0.0254476334299 0.0174590601261 0.018945984891 0.0142532677402 0.0195650073664 0.000953180331336 0.0213232171438 0.00499585519913 0.012306698995 
0.0354747155114 0.0555904438912 0.0188897462801 0.0282925062899 0.0763930802288 0.00211644928501 0.0644335987518 0.0482803481762 0.084077028888 0.0216384582689 0.0254476334299 0.409179973719 0.0342699962529 0.0369274390457 0.00689758446965 0.0227567045583 0.00663213386493 0.0354159054211 0.0259357862177 0.000577754790195 
0.0280443158905 0.0284884793364 0.0171115383 0.0328266973894 0.0289436872378 0.0273588802989 0.0289957957123 0.025834675426 0.0291765985098 0.0101042779071 0.0174590601261 0.0342699962529 0.237668831613 0.024592140404 0.00944339120889 0.0416751740866 0.0286682078073 0.0312963972938 0.026347274356 0.00644373014248 
0.010595604828 0.0258668694304 0.0194194007234 0.0155418556352 0.018821808522 0.00702350841731 0.0489769346442 0.0455547223893 0.0300444743104 0.0257569715026 0.018945984891 0.0369274390457 0.024592140404 0.269804416113 0.0149682771821 0.0223746455393 0.00939453554444 0.0289219060039 0.024981310622 0.018373359429 
0.0149853802588 0.0182417805828 0.0174842247193 0.0178461126312 0.026671006576 0.000987028703502 0.0289379478009 0.00543685126632 0.00495680147125 0.0388455566718 0.0142532677402 0.00689758446965 0.00944339120889 0.0149682771821 0.16434685749 0.0241261300298 0.000657852871915 0.0189906059092 0.0424766104357 0.0401640183359 
0.0225043155654 0.0193607633895 0.0193813898749 0.0614173434784 0.0079240738994 0.0160154689117 0.00989885691149 0.0205884081704 0.019195078158 0.0242334543206 0.0195650073664 0.0227567045583 0.0416751740866 0.0223746455393 0.0241261300298 0.147533134173 0.0137928778292 0.0437689868326 0.0453556066256 0.0295157157243 
-0.000389045611763 -0.00655720535284 0.00661029722958 0.00942494624035 -0.00343226185332 0.0014665987896 -0.00298487264473 -0.0024641334563 0.0119476037808 0.00106880250064 0.000953180331336 0.00663213386493 0.0286682078073 0.00939453554444 0.000657852871915 0.0137928778292 0.373238120219 0.00711226130178 0.0135230582303 0.00969967362934 
0.0222831561619 0.0474136833776 0.0367447808883 0.0532641049721 0.0344835196314 0.0288734345654 0.0262911061684 0.0344755125019 0.0460815679762 0.018793446491 0.0213232171438 0.0354159054211 0.0312963972938 0.0289219060039 0.0189906059092 0.0437689868326 0.00711226130178 0.260889381351 0.0594606637421 0.0351662070653 
0.0225357828464 0.0346962582889 0.0206019430296 0.0292914167728 0.0227439552794 0.0137299101884 0.0435054889612 0.0290165777776 0.0177133679698 0.0254161846276 0.00499585519913 0.0259357862177 0.026347274356 0.024981310622 0.0424766104357 0.0453556066256 0.0135230582303 0.0594606637421 0.256169397622 0.0317669945409 
0.00625841183686 0.0196225465778 0.0241353813001 0.0315680834787 0.0354952302858 0.00847996362901 0.0388739378722 0.00019547193561 0.0206589635726 0.0461778864599 0.012306698995 0.000577754790195 0.00644373014248 0.018373359429 0.0401640183359 0.0295157157243 0.00969967362934 0.0351662070653 0.0317669945409 0.196126652633 

['FISV', 'RHI', 'NOC', 'MI', 'CIEN', 'BUD', 'RDC', 'HPC', 'AMAT', 'OXY', 'XRX', 'TXN', 'MTG', 'CBE', 'AEP', 'MTB', 'TRB', 'MEL', 'PLD', 'NI']