50
0.0309081568087 0.0325349378307 0.0695535734162 0.0307440439862 0.0576577356707 0.136312174374 0.110625092132 0.242072249725 0.0852779749864 0.0613427887106 0.0161403943775 0.0388313797841 0.0377827405953 0.045915457725 0.0151091702759 0.185879968849 0.019144788815 0.0672535079153 0.0442318588416 0.0377989606714 0.0590558874601 0.0693656588129 0.0235207120966 0.0246636786654 0.0396471392927 0.163811268696 0.0991765707177 0.208286894217 0.116671338284 0.0362094771936 0.0180781461794 0.00699576056141 0.135299445153 0.0582377086348 0.0502759777883 0.0144645316835 0.0884893451388 0.0149217979249 0.0472748306646 0.090319564185 0.029419367 0.023015295127 0.0755152896869 0.070265204238 0.0698927007 0.0434942638749 0.0273717205438 0.0995242847704 0.0297343435849 0.025657065471 
0.284337447362 0.00850169277032 -0.000610570619329 0.0203738625558 0.0205051946471 0.00053468639511 0.0230099636738 0.0109157424339 0.0429673268681 0.0101225482133 0.00498837845053 0.0143414912269 0.0258760882737 0.0285956336651 0.0159826058783 0.0252513695774 0.0469655322133 0.0450132348813 0.0233578075563 0.015937942432 -0.00910496374929 0.046285684471 0.0100401910723 0.0259827879835 0.00537796564385 -0.00558356223221 -0.00247025381674 0.0151782141852 0.00148036732626 0.0208439307114 0.00769428240369 0.00566693888237 -0.0113540855816 0.0176178613062 0.0210893568184 0.00741673543289 0.023176926217 0.00428492383658 0.00788120291853 0.0186856527158 0.0192742679915 0.015929541504 0.0061505932889 0.00931842375376 0.00912016644833 0.0419917852165 0.00828202686477 -0.00415812841755 0.0178985315437 0.0336206883589 
0.00850169277032 0.252336913773 0.006894045 0.00147093099254 0.00352692592459 -0.0172974243484 0.0195456778048 0.00969599138282 0.0330785853025 -0.0080649843726 0.00320324195731 0.00598044254988 0.000614738545513 0.00702545009414 -0.00228183624241 0.00822961360605 0.0144617237541 0.000776901944399 0.0207193205057 0.015447456254 0.00420225989554 0.00958830745713 0.0139055644525 0.00377764467895 0.0047301850181 0.0259960758316 0.00794672549383 -0.00442853697041 0.143212421172 0.0320634402384 -0.00302758990653 0.00925644534509 -0.00139377012207 0.0103379547533 0.00767068764528 0.00765187185034 0.0183532947474 0.00903292835482 0.0565096845436 0.0262175722537 0.00521952865839 0.014758309155 0.0202491708743 0.0120490608626 0.00901531637325 0.00228539517832 0.0233014732545 -0.00502775137882 0.00606630547995 0.0271769664966 
-0.000610570619331 0.006894045 0.39555257582 0.0161836205964 0.0295530722702 -0.0127245540301 0.00223195557159 0.0207638776838 0.000203191806845 -0.00371284623518 0.0142057605705 0.0127014449706 0.00426472323632 0.0185793955401 0.00389541245014 0.0154176467158 0.0140045902584 0.0111628317482 0.0228745256113 0.0114528011927 0.00736498308873 0.00410687741604 0.0136942027148 0.00910785864285 -0.00705999442351 0.000907197185897 0.0439967389054 0.00939058890142 0.0342017616378 0.0145748658343 -0.00320858889642 -0.00132339773286 0.00869288018941 -0.000598398778607 0.00894252824641 -0.00260834048985 0.00866269754599 0.0267771226298 -0.00163247672492 0.00928486586219 0.00191140730504 0.0142177466642 0.00474046281657 0.0111192412786 0.0364815024823 0.0145900420963 0.0195703928104 -0.0126419075098 0.00415607844931 0.0139671749901 
0.0203738625558 0.00147093099254 0.0161836205964 0.226504844612 0.0540217331011 0.00249384888776 0.032869762601 0.0379795474558 0.0184760855441 0.0122015554929 0.0174382686736 0.0168704993333 0.0182404725303 0.027187914725 0.014023325996 0.0345959324492 0.0321872655633 0.0260037631783 0.0243938059011 0.0220061878529 0.0505304276671 0.00507924988573 0.00943414876658 0.015499612929 0.0319928749327 0.00225793841294 -0.00397275441085 0.0178442672403 0.0296702569717 0.0241258759601 0.0129434327928 0.00922000045098 0.0275590650344 0.0189315938625 0.0365628330997 0.014922584115 0.0215597877627 0.0246219048775 0.00655712482985 0.0253420746675 0.0166673384135 0.0262649064085 0.0118841441988 0.00907379446726 0.0209787030528 0.0208956318474 0.0116559130477 0.0197474549402 0.0102612184514 0.0368766367588 
0.0205051946471 0.00352692592459 0.0295530722702 0.0540217331011 0.239498854044 -0.00526698795616 0.0163510178151 0.0165776418847 0.0138998013052 0.0124038210042 0.013604442621 0.0255159211452 0.0174892607532 0.00771656667417 0.00843073637105 0.0299115897615 0.0187975539029 0.0389895519483 0.0295496193442 0.0233993338352 0.013842594951 0.0142379648624 0.00812845222687 0.00814774392823 0.0249376713848 -0.0030258030537 -0.000860881156825 0.0332431079231 0.0332601642285 0.0218554794857 -0.000855312410016 0.0202848621553 0.0169140552719 0.0159653018966 0.0247988561001 0.00778243793227 0.0262621067775 0.0283646658265 0.0100229285823 0.0272924657535 0.0249768239192 0.0129609713796 0.0267240458153 -0.00543298723226 0.0194694653485 0.0296782155848 0.0198540823801 0.0244510949533 0.00699965679616 0.0152867744391 
0.00053468639511 -0.0172974243484 -0.0127245540301 0.00249384888776 -0.00526698795616 1.94091923515 -0.00717826537804 -0.0301555843103 0.00291707898275 -0.0156098615785 -0.0111442263867 -0.00983647097619 0.00536337202413 -0.00586379846969 0.0107643365315 -0.0184119310517 -0.015189787245 -0.00491731676113 -0.0126491748066 -0.0106848580529 0.00655304265425 -0.023957761293 -0.0028416302764 -0.00871765726763 0.00217175708837 -0.0163312321696 -0.00378998881928 -0.00763854386447 -0.0102107983451 -0.00304232736641 -0.00640734351481 -0.00748862828604 0.0110572532241 -0.0136793278113 -0.00872107073228 0.00665571946674 -0.00940497888027 0.0163435651587 -0.00722862123491 -0.00476281300235 -0.00782422037898 -0.00749024489068 -0.0129899761171 -0.00205686693791 -0.000682233481133 -0.0185196787244 -0.0095783885901 0.0655194891848 -0.000217547396266 -0.0104803347709 
0.0230099636738 0.0195456778048 0.00223195557159 0.032869762601 0.0163510178151 -0.00717826537804 0.57181614465 0.0471382863894 -0.00251987842008 -3.12787818049e-05 -0.00493558895017 0.0221455099163 0.00988778426409 0.0280019598082 0.00552299130323 0.0496582335087 0.0357588051768 0.0405440165778 0.0471764432103 0.05429838287 0.039800841785 0.00189490000803 0.000844045995318 0.00870445640662 -0.00233484717406 0.0489800435025 0.0339028779493 -0.0148769829875 0.0458046697805 0.0358569021169 0.000669826175182 0.00954299089846 0.0133036770279 0.0194146248657 0.0226098516977 -0.00155872261943 0.0270309547052 0.0340271153081 0.00200529184223 0.0450885930146 0.00576822020395 0.0245506109653 -0.0115420580644 0.0059312753557 0.0150020811544 0.0442044098813 0.0198592037304 0.00657713757402 0.00752982744859 0.0173174403257 
0.0109157424339 0.00969599138282 0.0207638776838 0.0379795474558 0.0165776418847 -0.0301555843103 0.0471382863894 0.646133262252 0.0388442626975 0.035563598356 0.00414632399795 0.0140957000303 0.0196908715995 0.032366434505 0.0301283581282 0.201143079226 0.0381180623256 0.0318980314638 0.0584329106062 0.0650386945848 -0.0134895948839 0.0302438818153 0.012365308471 0.0127214958014 0.026193486756 0.000489146336159 -0.00380783855615 0.0260550529796 0.043846287666 0.0522057534371 0.0120434741239 -0.00380902447694 0.114048390409 0.00480671480006 0.0365157674694 0.0185362578738 0.0622082804584 0.0274913724185 0.0153821874419 0.0473421339882 0.0110842464866 0.0206465335944 0.0823874001348 0.00348041438812 0.0788805864749 0.0786723151223 0.00933279253797 0.0459684932002 0.0156109016925 0.0204354652247 
0.0429673268681 0.0330785853025 0.000203191806845 0.0184760855441 0.0138998013052 0.00291707898274 -0.00251987842008 0.0388442626975 0.388146147677 0.0263577917091 0.0142518959479 0.0362848616702 0.00682644002848 0.00682835193024 0.0164117839384 0.0323282145507 0.0244081007096 0.0295478722806 0.0357107320786 0.00490848974114 0.0162537036133 0.0246819371621 0.0184344764392 0.0117204493468 0.0366442678903 0.0646011993418 -0.00476339058021 -0.00968955077551 0.0428137056467 0.0262502053319 0.0222666743711 0.0119284621569 -0.00232041707839 0.0206045398426 0.0103637115844 0.0269521217332 0.0259487760474 0.0171488183112 0.0409798411751 0.0230817165854 0.0127619593276 0.021216725814 0.0300448587895 0.00437832353286 0.0224936189503 0.0323047952122 0.0215301802487 0.00973207089188 0.0188349980665 0.025146902102 
0.0101225482133 -0.0080649843726 -0.00371284623518 0.0122015554929 0.0124038210042 -0.0156098615785 -3.1278781805e-05 0.035563598356 0.0263577917091 0.271004223918 0.00353092803857 -0.0033592579073 0.0417603018968 -0.000457345043634 0.0150821013251 0.00735967850187 0.00750842974894 0.00236790809626 0.0137592701577 0.0193948289419 0.016104329151 0.00291505604337 0.0188749519205 0.0162708315168 0.022483829517 0.00310659776219 0.00626330808758 0.000149962393015 0.00758930950553 -0.00707291544804 0.0087171027256 0.0127533979711 0.0150365346416 0.00317596819995 0.0328887669827 0.00613434792966 0.0136312287926 0.0157256853961 0.0156050718445 -0.00149864809794 0.0126784983317 0.000519215121612 0.0193151097437 -0.000684995791508 0.00121799405803 0.0183620019524 0.0112212060021 0.0113051384752 0.0113058774648 0.0105436835749 
0.00498837845053 0.0032032419573 0.0142057605705 0.0174382686736 0.013604442621 -0.0111442263867 -0.00493558895017 0.00414632399795 0.0142518959479 0.00353092803857 0.169597474573 0.00750240043884 0.0114111758994 -8.368911876e-05 0.012888663664 -0.0137133563137 0.0154235241521 -0.00331652001516 0.0172335635481 0.000174733309745 0.0261554467063 0.00540895494333 0.00421144655357 0.0107972480009 0.0126827150888 -0.0140749971027 0.000735473387575 0.00848983905939 0.000404594405763 0.0114780274226 -0.0047486630944 0.000965684021223 0.0093825954323 0.00946657837783 0.00404880516471 0.00693546725754 0.0286494442418 0.0337335586004 0.00457296163161 0.0195090252033 0.00697530174461 0.00740628295318 0.0113115219029 0.0020195246693 0.00109921985528 0.00728768056618 0.0157068985326 -0.00261237549228 -0.00156869418611 0.0202445711456 
0.0143414912269 0.00598044254988 0.0127014449706 0.0168704993333 0.0255159211452 -0.00983647097619 0.0221455099163 0.0140957000303 0.0362848616702 -0.0033592579073 0.00750240043884 0.40802301656 0.0191327698711 0.00300425137985 0.0148695619471 0.0129923584196 0.0438822043962 0.0286588008724 0.00592504189637 0.0322345982588 0.00608680655587 0.0181697862532 0.020769687498 -0.00298695192327 0.0270817876502 -0.00148611328991 0.00197298070442 0.0022090350433 0.0102420440954 0.00613871298758 0.00620521419008 -0.00201134724264 0.0084908443454 0.0196558144276 -0.00889969109089 -0.00123385753337 0.0189176439181 0.0394830708478 0.00854777748315 0.0235960501601 0.0114302728749 0.0112527407333 0.0144903072563 0.00953048657264 0.0254044537813 0.0184177301683 0.0111810842864 0.013205581256 -0.010901118967 0.00899823491901 
0.0258760882737 0.000614738545514 0.00426472323632 0.0182404725303 0.0174892607532 0.00536337202413 0.00988778426409 0.0196908715995 0.00682644002848 0.0417603018968 0.0114111758994 0.0191327698711 0.323099212924 0.000448751132174 0.00237198933906 0.0250237354668 0.0168401654453 0.020761380134 0.0141495685635 -0.00508900372832 0.012825235921 0.0128251895238 0.0217240616016 0.00517708321081 0.0350612800914 0.00308521361582 0.00308828926705 0.0204922039895 0.00880015225508 0.00949695561971 0.0168976490769 0.027204376077 0.0369028378764 0.0274920458143 0.0164464587611 0.00936101910613 0.00169478376163 0.0127480561958 0.00691016370693 0.00473174914975 0.0196933103832 0.0156470638139 0.0490730618178 0.00404821422156 0.00901958747929 0.00575931737206 0.0130172266007 0.0334935410482 0.0124219134955 0.0148951380886 
0.0285956336651 0.00702545009414 0.0185793955401 0.027187914725 0.00771656667417 -0.00586379846969 0.0280019598082 0.032366434505 0.00682835193025 -0.000457345043635 -8.36891187598e-05 0.00300425137985 0.000448751132172 0.322891889144 0.0105648680566 0.0324276642863 0.0076053698016 0.00626230959727 0.00897811577113 0.0342816986402 0.00805806675364 0.00197778872606 0.003639610125 0.0181147881472 0.0242965720988 0.0338077325272 0.0138567899495 0.0201351138362 0.0144048383356 0.0171905001109 0.0224163412574 0.0142238942501 0.0181475791562 0.0171507933487 0.0400333753037 0.0133756749321 0.0299342636848 0.00705929481443 -0.00242261748129 0.00756521950813 0.00703319359098 0.0153028613194 0.0268925960863 0.0041671273508 0.0513862351305 0.0134600474648 0.00921253395944 -0.00198288844896 0.0105239728277 0.0161737002519 
0.0159826058783 -0.00228183624241 0.00389541245014 0.014023325996 0.00843073637105 0.0107643365315 0.00552299130323 0.0301283581282 0.0164117839384 0.0150821013251 0.012888663664 0.0148695619471 0.00237198933906 0.0105648680566 0.154181618583 0.00684152235436 0.0191778276379 0.0169925565698 0.0121261701061 0.00553862571193 0.0142396368517 0.0129246131856 0.0148694405191 0.00434742953262 0.00089262579331 0.00948849972012 0.0112077584084 0.0149215831599 0.00739501841531 0.0159021452314 0.006237727864 0.0123997496102 0.00567384444932 0.016231778533 0.00147778470736 0.00585458348681 0.0124572182482 0.0130883728163 0.0115930800224 0.0207461874482 0.00458290691242 0.014251338578 0.00991854415412 0.0197861263399 0.0153186057778 0.0205926554374 0.0104098596126 0.0197666767546 0.00114077692869 0.0158447137612 
0.0252513695774 0.00822961360605 0.0154176467158 0.0345959324492 0.0299115897615 -0.0184119310517 0.0496582335087 0.201143079226 0.0323282145507 0.00735967850187 -0.0137133563137 0.0129923584196 0.0250237354668 0.0324276642863 0.00684152235436 0.618255408688 0.0341820900486 0.0253411549273 0.0453727876979 0.0441198997279 0.00890305422571 0.0249243628933 0.0206652044029 0.0155707034398 0.025364336353 0.0148407560621 0.00187053450482 -0.00978474484362 0.0334079462558 0.0178688430448 0.0206804673861 0.0163923134954 0.099930508124 0.0120645473816 0.0125553958564 0.025977782764 0.00516172794744 0.0121692106167 -0.00576728567393 0.0279498017245 0.0198024330674 0.022373375059 0.0496234494486 -0.00770603278564 0.0561370027501 0.0676075607262 0.0209874674903 0.0618704629244 0.0103686958191 0.0103014095763 
0.0469655322133 0.0144617237541 0.0140045902584 0.0321872655633 0.0187975539029 -0.015189787245 0.0357588051768 0.0381180623256 0.0244081007096 0.00750842974894 0.0154235241521 0.0438822043962 0.0168401654453 0.0076053698016 0.0191778276379 0.0341820900486 0.220631926827 0.0482671881886 0.0261405550145 0.00900911223888 0.026442875864 0.018016356859 0.00501662395488 0.0128445279098 0.0163888924264 -0.00907932334413 0.00150971177048 0.0169537917974 0.0180835568423 0.0352030068635 0.00792212972322 0.00831046264963 0.0123554747374 0.00585299734777 0.0075525816806 0.00493955497939 0.00616763877009 0.0382915560972 0.00775235482494 0.0240879394757 0.0141422200933 0.0213205236569 0.00359953553165 0.0100534616527 0.0301463806143 0.0283004595949 0.0138925839991 0.016063990553 -0.00470149643295 0.0313310732366 
0.0450132348813 0.000776901944399 0.0111628317482 0.0260037631783 0.0389895519483 -0.00491731676113 0.0405440165778 0.0318980314638 0.0295478722806 0.00236790809626 -0.00331652001517 0.0286588008724 0.020761380134 0.00626230959727 0.0169925565698 0.0253411549273 0.0482671881886 0.330779210898 0.00744551318483 0.0329401930949 0.0145276807963 0.0481657130476 0.0197636737327 0.00909422048578 0.0180879449228 -0.0174100483237 -0.00420694523664 0.0690543710191 0.0203893994561 0.035150661495 0.0135010704226 0.0117040228778 0.00371891755787 0.040018719195 0.0231892413243 0.0217213647851 -0.00311917247671 0.0447326357787 0.0176327102413 0.027641980303 0.012885095606 0.0174544313974 -0.00577208611513 0.0223463629218 0.0137027979816 0.0503112200169 0.0254779704183 0.0222395711627 0.00223423748634 0.0173751903623 
0.0233578075563 0.0207193205057 0.0228745256113 0.0243938059011 0.0295496193442 -0.0126491748066 0.0471764432103 0.0584329106062 0.0357107320786 0.0137592701577 0.0172335635481 0.00592504189637 0.0141495685635 0.00897811577113 0.0121261701061 0.0453727876979 0.0261405550145 0.00744551318483 0.228716013336 0.0413074567494 0.0199478773907 0.00896445777981 0.0203120063535 0.01422085468 0.0146030349709 0.0119807592946 0.0426357182669 0.0239614170782 0.0308587953987 0.0237869432069 0.0121768079659 0.0147204361469 0.041069946356 0.0280686454115 0.0181566260478 0.0127541065734 0.00945168845788 0.0220852436811 0.0112806478675 0.00937160450776 0.0291006424583 0.0190602312347 0.00715102552109 0.0138733394676 0.0331612833982 0.044676599311 0.0262666567961 0.0196835356119 0.00768614547105 0.0139037349099 
0.015937942432 0.015447456254 0.0114528011927 0.0220061878529 0.0233993338352 -0.0106848580529 0.05429838287 0.0650386945848 0.00490848974114 0.0193948289419 0.000174733309746 0.0322345982588 -0.00508900372832 0.0342816986402 0.00553862571193 0.0441198997279 0.00900911223888 0.0329401930949 0.0413074567494 0.336480844383 0.0304454403901 0.0328057190646 0.0143694260547 0.00646350953336 0.00790131569653 -0.00572273892318 0.00237218369392 0.00525968239693 0.0291216920731 0.0287563194454 0.00566150714372 -0.00222388156686 0.0308742989461 -0.00718684545661 0.00634753567717 0.021737019215 0.0412360714093 0.0719495058613 0.0130633651041 0.0273982784977 0.00426451700071 0.0160429636226 0.0234985990072 0.00276032432922 0.0473171602131 0.0350757786614 0.0385254263145 0.019561029331 0.00664300748608 0.0213062095485 
-0.00910496374929 0.00420225989554 0.00736498308873 0.0505304276671 0.013842594951 0.00655304265425 0.039800841785 -0.0134895948839 0.0162537036133 0.016104329151 0.0261554467063 0.00608680655587 0.012825235921 0.00805806675364 0.0142396368517 0.00890305422571 0.026442875864 0.0145276807963 0.0199478773907 0.0304454403901 0.717341496218 0.018803121331 0.0152883736607 0.00972775853538 0.0107732584263 -0.0109668800657 0.015104549638 -0.015013457181 -0.00492528065437 0.00347937216179 0.0111388727046 0.0177261896489 -0.0132164874294 0.0420319169631 0.0221164155337 -0.0124379122201 0.0173265835468 0.0285237364191 0.00898307096636 0.0251518106403 0.0363202783813 0.0191986628318 0.0288532993126 0.00553026184781 -0.00279527782953 -0.000365798150982 0.0171397232195 0.0071612361479 0.00496087866475 0.0151026779058 
0.046285684471 0.00958830745713 0.00410687741604 0.00507924988573 0.0142379648624 -0.023957761293 0.00189490000803 0.0302438818153 0.0246819371621 0.00291505604337 0.00540895494333 0.0181697862532 0.0128251895238 0.00197778872606 0.0129246131856 0.0249243628933 0.018016356859 0.0481657130476 0.00896445777981 0.0328057190646 0.018803121331 0.379228913108 0.00853382884181 0.016851820102 0.0002124071728 -0.00730904578015 0.0176651362285 0.0267056334183 0.031829140965 0.0129566681957 -0.00211034105668 0.000728470317721 0.00550584711737 0.0138642188075 0.00520113331147 -0.00202363192872 0.0251754641927 0.01470030553 -0.0047477337472 0.013018363947 0.00482902775814 0.0121669646991 0.0106611844204 -0.00430180462998 0.0247273685492 0.0283697541332 0.0169899024234 0.0430375693191 0.0108598107252 0.017505922435 
0.0100401910723 0.0139055644525 0.0136942027148 0.00943414876658 0.00812845222687 -0.0028416302764 0.000844045995318 0.012365308471 0.0184344764392 0.0188749519205 0.00421144655358 0.020769687498 0.0217240616016 0.003639610125 0.0148694405191 0.0206652044029 0.00501662395488 0.0197636737327 0.0203120063535 0.0143694260547 0.0152883736607 0.00853382884181 0.21225783769 0.00737922297696 0.019374100454 -0.0136309892892 0.00265728105636 -0.0314080371399 0.00676134604399 0.00560965709522 0.0115978325302 0.0115084817655 0.016636534783 0.0172948481659 0.0107847802209 0.0083969184708 -0.00147559465812 0.00647335608216 0.0166362330067 0.00937237296088 0.00177564237457 0.0131879506425 0.0201380107513 0.00334031438755 0.0180687339146 0.0211221814399 0.00292922695796 -0.00182725474162 0.0455747789265 0.00918960497219 
0.0259827879835 0.00377764467895 0.00910785864285 0.015499612929 0.00814774392823 -0.00871765726763 0.00870445640662 0.0127214958014 0.0117204493468 0.0162708315168 0.0107972480009 -0.00298695192327 0.00517708321081 0.0181147881472 0.00434742953262 0.0155707034398 0.0128445279098 0.00909422048578 0.01422085468 0.00646350953336 0.00972775853538 0.016851820102 0.00737922297696 0.132596818373 0.0175389018978 0.00399452748931 0.00376630945228 0.0318620307994 0.00230727231118 0.00612397591985 0.0160308721354 0.00846933588158 -5.91141959897e-05 0.0163883047257 0.0111212845183 -0.00460591218391 0.00606858457263 0.00622286998205 0.011697160317 0.0019363517549 0.0144075419086 0.0236638483531 -0.0025681431742 0.00214079382463 0.0152306263303 0.00752998851686 0.0120693163652 0.0080022701956 0.010288061381 0.0338848091948 
0.00537796564385 0.0047301850181 -0.00705999442351 0.0319928749327 0.0249376713848 0.00217175708837 -0.00233484717406 0.026193486756 0.0366442678903 0.022483829517 0.0126827150888 0.0270817876502 0.0350612800914 0.0242965720988 0.000892625793311 0.025364336353 0.0163888924264 0.0180879449228 0.0146030349709 0.00790131569653 0.0107732584263 0.0002124071728 0.019374100454 0.0175389018978 0.260426769343 -0.00329834461233 -0.00229319814388 0.0265369681497 0.022424516391 0.00196695295486 0.0153644118387 0.0431321889245 0.0425414392039 0.00826922213724 0.019706363352 0.0125288355541 0.0159590493512 0.00164904601201 0.0140846568435 0.0160979358133 0.0521968967726 0.0149807622113 -0.000581199094607 0.0106981070119 0.00327891668928 0.00359050475631 0.00926811098323 0.052300585081 0.00835145945505 0.0248405198024 
-0.00558356223221 0.0259960758316 0.000907197185897 0.00225793841294 -0.0030258030537 -0.0163312321696 0.0489800435025 0.000489146336159 0.0646011993418 0.00310659776219 -0.0140749971027 -0.00148611328991 0.00308521361582 0.0338077325272 0.00948849972012 0.0148407560621 -0.00907932334413 -0.0174100483237 0.0119807592946 -0.00572273892318 -0.0109668800657 -0.00730904578015 -0.0136309892892 0.00399452748931 -0.00329834461233 1.36776760072 0.00774253328741 -0.0325952708881 -0.00725345713751 0.00634563762771 -0.00280158970535 -0.00474693636995 -0.0016718933974 -0.0161875061908 -0.0106868327123 -0.00429408279164 0.00222254702174 0.000180391261713 0.0157078044358 -0.00525470117494 -0.00896081510697 0.00328959058599 0.0190332819513 0.0133216263676 -0.00605740529342 0.00588721316036 0.00975084254452 -0.0102740300166 0.0133481158345 0.0131900049102 
-0.00247025381674 0.00794672549383 0.0439967389054 -0.00397275441085 -0.000860881156825 -0.00378998881928 0.0339028779493 -0.00380783855615 -0.00476339058021 0.00626330808758 0.000735473387575 0.00197298070442 0.00308828926705 0.0138567899495 0.0112077584084 0.00187053450482 0.00150971177048 -0.00420694523664 0.0426357182669 0.00237218369392 0.015104549638 0.0176651362285 0.00265728105636 0.00376630945228 -0.00229319814388 0.00774253328741 0.635651989235 0.0257171123327 -0.0284906480401 -0.00314321735812 -0.00822508668711 -0.00127069796866 0.0587709834801 -0.00210838452482 -0.0119607144102 0.00609288592973 -0.00973467598837 0.0196068673226 -0.00847544736623 0.00955740757176 -0.0051965093789 0.00906526404071 -0.008056740188 -0.00221621671142 0.0118189324426 0.00137422091852 0.00488082242728 0.0147579451091 0.00945551814582 0.00823930793165 
0.0151782141852 -0.00442853697041 0.00939058890142 0.0178442672403 0.0332431079231 -0.00763854386447 -0.0148769829875 0.0260550529796 -0.00968955077551 0.000149962393015 0.0084898390594 0.0022090350433 0.0204922039895 0.0201351138362 0.0149215831599 -0.00978474484362 0.0169537917974 0.0690543710191 0.0239614170782 0.00525968239693 -0.015013457181 0.0267056334183 -0.0314080371399 0.0318620307994 0.0265369681497 -0.0325952708881 0.0257171123327 1.33439688932 0.0153622579591 0.0246433804249 -0.000243667114519 0.0228548207636 -0.0206292641702 -0.00566218390264 0.00637949630699 0.022416999613 0.044551748515 0.000856855520685 0.00409984581981 0.0198317455368 0.0170296955902 0.0110812394391 -0.00234747421835 0.00681259111408 0.0185765404105 0.0492277204821 -0.00705212564279 0.00922750144006 -0.000553475770314 0.0254041778296 
0.00148036732626 0.143212421172 0.0342017616378 0.0296702569717 0.0332601642285 -0.0102107983451 0.0458046697805 0.043846287666 0.0428137056467 0.00758930950553 0.000404594405763 0.0102420440954 0.00880015225508 0.0144048383356 0.00739501841531 0.0334079462558 0.0180835568423 0.0203893994561 0.0308587953987 0.0291216920731 -0.00492528065437 0.031829140965 0.00676134604399 0.00230727231118 0.022424516391 -0.00725345713751 -0.0284906480401 0.0153622579591 1.06135863085 0.0196553034479 0.00154905108658 0.000922478458867 0.0269995397581 0.0035473324107 0.0107281158492 0.0167733512416 0.0306993589911 0.0123850534326 -0.0248630726335 0.0184164940335 -0.014742206789 0.00671014499323 -0.00566020503285 0.0262817077739 0.0172544734156 0.0223432111639 0.0238093178173 0.0307361770034 0.0132457790594 0.0141054378318 
0.0208439307114 0.0320634402384 0.0145748658343 0.0241258759601 0.0218554794857 -0.00304232736641 0.0358569021169 0.0522057534371 0.0262502053319 -0.00707291544804 0.0114780274226 0.00613871298758 0.00949695561971 0.0171905001109 0.0159021452314 0.0178688430448 0.0352030068635 0.035150661495 0.0237869432069 0.0287563194454 0.00347937216179 0.0129566681957 0.00560965709522 0.00612397591985 0.00196695295486 0.00634563762771 -0.00314321735812 0.0246433804249 0.0196553034479 0.246698170479 0.0172352365226 0.0049410795912 0.00442280293925 0.0105381266809 0.0204095767532 0.00391676721427 0.00400157772251 0.0437346458911 -0.00907211477705 0.0188913314824 0.00815259712453 0.0177641139162 0.00491689293671 0.0302656789738 0.0396987682775 0.0307036721979 0.012151161198 0.00968955045751 0.0106138780495 0.031236678419 
0.00769428240369 -0.00302758990653 -0.00320858889642 0.0129434327928 -0.000855312410015 -0.00640734351481 0.000669826175182 0.0120434741239 0.0222666743711 0.0087171027256 -0.0047486630944 0.00620521419008 0.0168976490769 0.0224163412574 0.006237727864 0.0206804673861 0.00792212972322 0.0135010704226 0.0121768079659 0.00566150714372 0.0111388727046 -0.00211034105668 0.0115978325302 0.0160308721354 0.0153644118387 -0.00280158970535 -0.00822508668711 -0.000243667114519 0.00154905108658 0.0172352365226 0.247280548656 0.00190669224845 -0.00263964729452 0.0107311543058 0.00246396593568 0.0129040149089 0.00425199150691 -0.00176555265007 0.00355405335089 0.0122927015029 0.00589360641737 0.0202452402799 0.0199615695257 -0.00584686092786 0.0202028062028 0.0104134872051 0.00113105265179 0.00440229303139 0.00924712535183 0.0209310716394 
0.00566693888237 0.0092564453451 -0.00132339773286 0.00922000045098 0.0202848621553 -0.00748862828604 0.00954299089846 -0.00380902447694 0.0119284621569 0.0127533979711 0.000965684021224 -0.00201134724265 0.027204376077 0.0142238942501 0.0123997496102 0.0163923134954 0.00831046264963 0.0117040228778 0.0147204361469 -0.00222388156686 0.0177261896489 0.000728470317722 0.0115084817655 0.00846933588158 0.0431321889245 -0.00474693636995 -0.00127069796866 0.0228548207636 0.000922478458867 0.0049410795912 0.00190669224845 0.14540025579 0.0179697122637 0.0130846568399 0.0235928609171 0.00907187756056 -0.000146835950915 0.00392366166733 0.0115863724895 0.0118609402402 0.0393300760569 0.00615018282706 0.00590711411731 0.0150967411116 0.00463126732488 -0.00292174153408 0.00704369062772 0.012370929266 0.0111939627024 0.016603300241 
-0.0113540855816 -0.00139377012207 0.00869288018941 0.0275590650344 0.0169140552719 0.0110572532241 0.0133036770279 0.114048390409 -0.00232041707839 0.0150365346416 0.0093825954323 0.0084908443454 0.0369028378764 0.0181475791562 0.00567384444932 0.099930508124 0.0123554747374 0.00371891755787 0.041069946356 0.0308742989461 -0.0132164874294 0.00550584711736 0.016636534783 -5.91141959899e-05 0.0425414392039 -0.0016718933974 0.0587709834801 -0.0206292641702 0.0269995397581 0.00442280293925 -0.00263964729452 0.0179697122637 0.528708248059 0.0128662086961 0.0192075203437 0.000241223225817 0.019835411967 0.013479466007 -0.00523214971419 0.00868879384388 0.0173726664898 0.0152858712278 0.0102734991466 0.0290751576157 0.0133819596199 0.0338103555596 0.0302159978347 0.129321564533 0.0187316750257 0.00863525362895 
0.0176178613062 0.0103379547533 -0.000598398778607 0.0189315938625 0.0159653018966 -0.0136793278113 0.0194146248657 0.00480671480006 0.0206045398426 0.00317596819995 0.00946657837783 0.0196558144277 0.0274920458143 0.0171507933487 0.016231778533 0.0120645473816 0.00585299734777 0.040018719195 0.0280686454115 -0.00718684545661 0.0420319169631 0.0138642188075 0.0172948481659 0.0163883047257 0.00826922213724 -0.0161875061908 -0.00210838452482 -0.00566218390264 0.0035473324107 0.0105381266809 0.0107311543058 0.0130846568399 0.0128662086961 0.460392536876 0.0143940324726 0.0124306287711 0.01739205443 0.00670289853385 -0.0103113841092 0.0240270402017 0.00520477730994 0.014186316074 0.013432170242 -0.0140788724165 0.00653506024178 0.0117784851289 0.0317699375617 -0.00169409425544 0.0045520644449 0.0167584769088 
0.0210893568184 0.00767068764527 0.00894252824641 0.0365628330997 0.0247988561001 -0.00872107073228 0.0226098516977 0.0365157674694 0.0103637115844 0.0328887669827 0.00404880516471 -0.00889969109089 0.0164464587611 0.0400333753037 0.00147778470736 0.0125553958564 0.0075525816806 0.0231892413243 0.0181566260478 0.00634753567717 0.0221164155337 0.00520113331147 0.0107847802209 0.0111212845183 0.019706363352 -0.0106868327123 -0.0119607144102 0.00637949630699 0.0107281158492 0.0204095767532 0.00246396593568 0.0235928609171 0.0192075203437 0.0143940324726 0.261814384539 0.0211760621169 0.0015872160045 0.0115222393815 -0.000461747329935 0.033288486523 0.0299255835538 0.00597056687394 -0.0169590732518 -0.000463982819786 -0.00446468701322 0.00671773913699 -0.000182107474869 0.00867169585844 0.00482655589579 0.0191717305551 
0.00741673543289 0.00765187185034 -0.00260834048985 0.014922584115 0.00778243793227 0.00665571946674 -0.00155872261943 0.0185362578738 0.0269521217332 0.00613434792966 0.00693546725754 -0.00123385753337 0.00936101910614 0.0133756749321 0.00585458348681 0.025977782764 0.00493955497939 0.0217213647851 0.0127541065734 0.021737019215 -0.0124379122201 -0.00202363192872 0.0083969184708 -0.00460591218391 0.0125288355541 -0.00429408279164 0.00609288592973 0.022416999613 0.0167733512416 0.00391676721427 0.0129040149089 0.00907187756056 0.000241223225817 0.0124306287711 0.0211760621169 0.285751673029 0.0245697528954 0.0156059402482 0.0089694574228 0.0218465578857 0.00994877458037 0.00358716371521 -0.000826161190759 -0.000812775839244 0.0242934999009 0.0239490124706 0.00978559602396 7.40768710723e-05 0.00550055263627 0.00260568518656 
0.023176926217 0.0183532947474 0.00866269754599 0.0215597877627 0.0262621067775 -0.00940497888027 0.0270309547052 0.0622082804584 0.0259487760474 0.0136312287926 0.0286494442418 0.0189176439181 0.00169478376163 0.0299342636848 0.0124572182482 0.00516172794744 0.00616763877009 -0.00311917247671 0.00945168845788 0.0412360714093 0.0173265835468 0.0251754641927 -0.00147559465812 0.00606858457263 0.0159590493512 0.00222254702174 -0.00973467598837 0.044551748515 0.0306993589911 0.00400157772251 0.00425199150691 -0.000146835950915 0.019835411967 0.01739205443 0.0015872160045 0.0245697528954 0.477728521743 0.036513718806 0.0163941285134 0.0206581805104 0.000910696896447 0.00087655559782 -0.00294411209878 0.00527424224396 0.070165026655 0.0212350905734 0.0245629428347 0.0164590200606 -0.001708924262 0.0228073170437 
0.00428492383658 0.00903292835482 0.0267771226298 0.0246219048775 0.0283646658265 0.0163435651587 0.0340271153081 0.0274913724185 0.0171488183112 0.0157256853961 0.0337335586004 0.0394830708478 0.0127480561958 0.00705929481443 0.0130883728163 0.0121692106167 0.0382915560972 0.0447326357787 0.0220852436811 0.0719495058613 0.0285237364191 0.01470030553 0.00647335608216 0.00622286998205 0.00164904601201 0.000180391261714 0.0196068673226 0.000856855520685 0.0123850534326 0.0437346458911 -0.00176555265007 0.00392366166733 0.013479466007 0.00670289853385 0.0115222393815 0.0156059402482 0.036513718806 0.314265823744 -0.00238763252376 0.0188762343499 -0.00704182523832 0.0211831205897 0.00611255478376 0.0176484108952 0.014703935742 0.0276438099497 0.0262462995091 0.010210334672 -0.000606290349497 0.0199624852968 
0.00788120291853 0.0565096845436 -0.00163247672492 0.00655712482985 0.0100229285823 -0.00722862123491 0.00200529184223 0.0153821874419 0.0409798411751 0.0156050718445 0.00457296163161 0.00854777748315 0.00691016370693 -0.00242261748129 0.0115930800224 -0.00576728567393 0.00775235482494 0.0176327102413 0.0112806478675 0.0130633651041 0.00898307096636 -0.0047477337472 0.0166362330067 0.011697160317 0.0140846568435 0.0157078044358 -0.00847544736623 0.00409984581981 -0.0248630726335 -0.00907211477705 0.00355405335089 0.0115863724895 -0.00523214971419 -0.0103113841092 -0.000461747329934 0.0089694574228 0.0163941285134 -0.00238763252377 0.346413282533 0.0343263966704 0.0114569496701 -0.00036349627184 -0.00197979461723 -0.00413972347331 0.0162428553531 0.0163035372033 -0.00567731956099 -0.000184399948026 0.00692116453728 0.0522886595089 
0.0186856527158 0.0262175722537 0.00928486586219 0.0253420746675 0.0272924657535 -0.00476281300235 0.0450885930146 0.0473421339882 0.0230817165854 -0.00149864809794 0.0195090252033 0.0235960501601 0.00473174914975 0.00756521950813 0.0207461874482 0.0279498017245 0.0240879394757 0.027641980303 0.00937160450776 0.0273982784977 0.0251518106403 0.013018363947 0.00937237296088 0.0019363517549 0.0160979358133 -0.00525470117494 0.00955740757176 0.0198317455368 0.0184164940335 0.0188913314824 0.0122927015029 0.0118609402402 0.00868879384388 0.0240270402017 0.033288486523 0.0218465578857 0.0206581805104 0.0188762343499 0.0343263966704 0.60940805445 0.00650141347216 0.0139990657837 0.0279150803113 0.00893541708393 0.0198225839444 0.0310464657716 0.0223325514567 -0.00340039565759 0.00741209920587 0.0240460166725 
0.0192742679915 0.00521952865839 0.00191140730504 0.0166673384135 0.0249768239192 -0.00782422037897 0.00576822020395 0.0110842464866 0.0127619593276 0.0126784983317 0.00697530174462 0.0114302728749 0.0196933103832 0.00703319359099 0.00458290691242 0.0198024330674 0.0141422200934 0.012885095606 0.0291006424583 0.00426451700071 0.0363202783813 0.00482902775814 0.00177564237457 0.0144075419086 0.0521968967726 -0.00896081510697 -0.0051965093789 0.0170296955902 -0.014742206789 0.00815259712453 0.00589360641737 0.0393300760569 0.0173726664898 0.00520477730994 0.0299255835538 0.00994877458037 0.000910696896446 -0.00704182523832 0.0114569496701 0.00650141347216 0.195136789674 0.0139849149456 0.0257038595011 -0.00250771238308 0.0117843907301 -0.00216201289528 0.0134807394273 0.0349117065143 0.0100754274286 0.0170184942961 
0.015929541504 0.014758309155 0.0142177466642 0.0262649064085 0.0129609713796 -0.00749024489068 0.0245506109653 0.0206465335944 0.021216725814 0.000519215121612 0.00740628295318 0.0112527407333 0.0156470638139 0.0153028613194 0.014251338578 0.022373375059 0.0213205236569 0.0174544313974 0.0190602312347 0.0160429636226 0.0191986628318 0.0121669646991 0.0131879506425 0.0236638483531 0.0149807622113 0.00328959058599 0.00906526404071 0.0110812394391 0.00671014499323 0.0177641139162 0.0202452402799 0.00615018282706 0.0152858712278 0.014186316074 0.00597056687394 0.00358716371521 0.00087655559782 0.0211831205897 -0.000363496271841 0.0139990657837 0.0139849149456 0.144457915494 0.00136833678296 0.00748643203338 0.023307725235 0.00898883990931 0.0118294562106 -0.000754954887434 0.0166271305784 0.0362689548331 
0.0061505932889 0.0202491708743 0.00474046281657 0.0118841441988 0.0267240458153 -0.0129899761171 -0.0115420580644 0.0823874001348 0.0300448587895 0.0193151097437 0.0113115219029 0.0144903072563 0.0490730618178 0.0268925960863 0.00991854415412 0.0496234494486 0.00359953553165 -0.00577208611513 0.00715102552109 0.0234985990072 0.0288532993126 0.0106611844204 0.0201380107513 -0.0025681431742 -0.000581199094607 0.0190332819513 -0.008056740188 -0.00234747421835 -0.00566020503285 0.00491689293671 0.0199615695257 0.00590711411731 0.0102734991466 0.013432170242 -0.0169590732518 -0.000826161190759 -0.00294411209878 0.00611255478376 -0.00197979461723 0.0279150803113 0.0257038595011 0.00136833678296 0.78995958506 0.0455170709949 -0.00820222332068 0.0294183786713 0.00722568540807 0.00486025840072 0.0139547696087 0.0103137096849 
0.00931842375376 0.0120490608626 0.0111192412786 0.00907379446726 -0.00543298723226 -0.00205686693791 0.00593127535569 0.00348041438812 0.00437832353286 -0.000684995791508 0.0020195246693 0.00953048657264 0.00404821422157 0.0041671273508 0.0197861263399 -0.00770603278564 0.0100534616527 0.0223463629218 0.0138733394676 0.00276032432922 0.0055302618478 -0.00430180462998 0.00334031438755 0.00214079382463 0.0106981070119 0.0133216263676 -0.00221621671142 0.00681259111408 0.0262817077739 0.0302656789738 -0.00584686092786 0.0150967411116 0.0290751576157 -0.0140788724165 -0.000463982819786 -0.000812775839244 0.00527424224395 0.0176484108952 -0.00413972347331 0.00893541708393 -0.00250771238308 0.00748643203338 0.0455170709949 0.98072469823 0.0106090048629 0.00251440832691 0.00800418896764 0.0234522971998 0.011817427155 0.0213908162316 
0.00912016644833 0.00901531637325 0.0364815024823 0.0209787030528 0.0194694653485 -0.000682233481132 0.0150020811544 0.0788805864749 0.0224936189503 0.00121799405803 0.00109921985528 0.0254044537813 0.00901958747929 0.0513862351305 0.0153186057778 0.0561370027501 0.0301463806143 0.0137027979816 0.0331612833982 0.0473171602131 -0.00279527782953 0.0247273685492 0.0180687339146 0.0152306263303 0.00327891668928 -0.00605740529342 0.0118189324426 0.0185765404105 0.0172544734156 0.0396987682775 0.0202028062028 0.00463126732488 0.0133819596199 0.00653506024178 -0.00446468701322 0.0242934999009 0.070165026655 0.014703935742 0.0162428553531 0.0198225839444 0.0117843907301 0.023307725235 -0.00820222332068 0.0106090048629 0.437786645437 0.0145591561181 0.0270167913424 0.0164652576178 0.0158049980108 0.029668347689 
0.0419917852165 0.00228539517832 0.0145900420963 0.0208956318474 0.0296782155848 -0.0185196787244 0.0442044098813 0.0786723151223 0.0323047952122 0.0183620019524 0.00728768056618 0.0184177301683 0.00575931737206 0.0134600474648 0.0205926554374 0.0676075607262 0.0283004595949 0.0503112200169 0.044676599311 0.0350757786614 -0.000365798150981 0.0283697541332 0.0211221814399 0.00752998851686 0.00359050475631 0.00588721316036 0.00137422091852 0.0492277204821 0.0223432111639 0.0307036721979 0.0104134872051 -0.00292174153408 0.0338103555596 0.0117784851289 0.00671773913699 0.0239490124706 0.0212350905734 0.0276438099497 0.0163035372033 0.0310464657716 -0.00216201289528 0.00898883990931 0.0294183786713 0.00251440832691 0.0145591561181 0.292885548668 0.0387405095211 0.0361277649254 0.0105995422025 0.0250897603786 
0.00828202686477 0.0233014732545 0.0195703928104 0.0116559130477 0.0198540823801 -0.0095783885901 0.0198592037304 0.00933279253797 0.0215301802487 0.0112212060021 0.0157068985326 0.0111810842864 0.0130172266007 0.00921253395944 0.0104098596126 0.0209874674903 0.0138925839991 0.0254779704183 0.0262666567961 0.0385254263145 0.0171397232195 0.0169899024234 0.00292922695796 0.0120693163652 0.00926811098323 0.00975084254452 0.00488082242728 -0.00705212564279 0.0238093178173 0.012151161198 0.00113105265179 0.00704369062773 0.0302159978347 0.0317699375617 -0.000182107474869 0.00978559602396 0.0245629428347 0.0262462995091 -0.00567731956099 0.0223325514567 0.0134807394273 0.0118294562106 0.00722568540807 0.00800418896764 0.0270167913424 0.0387405095211 0.231585615067 0.0246603753772 0.00129006067228 0.00048701108921 
