30
0.0412963652708 0.15717092416 0.0664901393557 0.0700025840065 0.478952808182 0.0340091550877 0.0254158643172 0.0512444991133 0.0314738433907 0.0733521468466 0.0439476996979 0.0597278634654 0.0629738483482 0.0559384191954 0.0284224966367 0.0549811443135 0.0766878163077 0.143796644659 0.02473804396 0.0604038345904 0.126302472887 0.0223320424584 0.074230100705 0.143584613331 0.0479675113811 0.0131635076039 0.0428749123775 0.0253746335001 0.0533286406295 0.0645874353538 
0.247396191961 -0.000926150372396 0.0311672010646 0.00594815186657 -0.0171643717336 0.021962587038 0.010009495041 -0.00661304452378 0.0238939712318 0.0430811462401 0.00531157156107 0.00548948178428 0.00642481032742 0.0144134693194 0.019377518151 -0.00267863168653 0.00152305523648 0.0248740246966 0.022805994062 0.00769755979531 0.000820264212176 0.0117084018169 0.0180270922432 0.00121838355318 0.00985438156355 0.0164191717941 0.014077023978 0.0047417175661 -0.00109804255565 0.00500936409819 
-0.000926150372388 0.624603550674 0.0491942916699 -0.00211827788842 0.00379012921316 0.0290952906727 0.0202983983289 0.0410725792703 0.0163121198622 -0.00927119521958 0.0178755093403 0.0285910420589 0.0279765120732 0.0475737951774 -0.0103183892284 0.00384766212814 0.094591315698 0.113179769655 -0.00296665096827 0.0498256835124 0.0459864215409 0.0167570749803 0.0581531786347 0.0387126762178 0.0362367070296 0.00257927325858 0.0303919024941 0.0212200317234 0.0104242953205 0.0506365063983 
0.0311672010646 0.0491942916699 0.363261488588 0.0130261617961 0.0224936486183 0.0519651240516 0.0199995582193 0.0275920615297 0.0320094315717 0.054358460834 0.0128274875581 0.0237205695596 -0.00453756299655 0.0184676154504 0.021493665573 0.014388033548 0.0312552222155 0.0553447343699 0.0198184389779 0.0116049710128 0.0215145350505 0.00909298273688 0.096563395196 0.0126333395398 0.0248991402795 0.0231937434674 0.0336508094427 0.020348842178 0.0165241423293 0.0235568288451 
0.00594815186658 -0.00211827788842 0.0130261617961 0.324878822645 0.0586004300653 0.0170942889922 0.00815211485617 0.00174973297733 0.0239191334808 0.00697243186853 0.00697591287858 -0.000265501809874 0.0045364751644 0.0237351690624 0.00561845464911 0.0162118337343 0.0197001021582 0.0379549448403 0.00382763235197 0.00489708849346 0.0106986090647 0.0106007398498 0.0295377855762 0.0100408375468 0.0115189847435 0.0075689069817 0.0339413744803 0.00455576325772 0.00956073508411 0.0132266733394 
-0.0171643717336 0.00379012921316 0.0224936486183 0.0586004300653 5.2364303221 0.00668997754863 0.00367280011391 0.000665475126725 0.00321753627611 -0.00414152839704 0.00505459736453 0.0366024169341 0.0231461494504 0.0149817170074 -0.0155253642143 0.000973286649839 0.076664769259 -0.00384218342423 -0.0141713081255 0.0578098833085 -0.0251351761263 -0.00571993033738 -0.0133610582903 -0.0185491412745 -0.00461222627639 -0.00312449183626 -0.0427229176099 0.0528326344836 -0.00285102344511 0.0197642432876 
0.021962587038 0.0290952906727 0.0519651240516 0.0170942889922 0.00668997754863 0.211195510633 0.00966776007485 0.0153615427546 0.0212267411103 0.0160344775532 0.00655490608047 -0.00126155284652 -0.0142790128695 0.0238599832763 0.00503489117231 0.00183527521432 0.0179324664444 0.0200392053853 0.0274670883627 0.0144348624973 0.0103107884148 0.0100206445174 0.0447187098867 -0.00167950649251 0.0101700407325 0.0236618086477 0.0254132766736 0.00726199811975 0.0186169271545 0.0299783920059 
0.010009495041 0.0202983983289 0.0199995582193 0.00815211485616 0.00367280011391 0.00966776007486 0.296775417973 0.024056086794 0.0164962245109 0.0132196266967 0.0043220053639 0.029356672922 0.0140432275746 0.0197382328983 -0.00154017506344 0.0127936758076 0.0262364611192 0.0361503625928 0.00582023905462 0.0397046281333 0.00695151510265 0.00712361717513 0.0489669802678 0.00635392221563 0.0214031206607 0.0109634346207 0.0195694283004 0.0298731111804 0.00423556447173 0.0290320462982 
-0.00661304452378 0.0410725792703 0.0275920615297 0.00174973297733 0.000665475126726 0.0153615427546 0.024056086794 0.267873550787 0.0102417845479 0.0280061071581 0.00783363027538 0.0273779677343 0.0344506368405 0.0243791553762 0.0134977690238 0.00531523733553 0.0380339459608 0.0668293455973 0.0129837138289 0.0370204400554 0.0327511682908 0.00498132595846 0.0509110449214 0.0348593967599 0.0418357162972 0.00311060371619 -0.000687537197823 0.0104331632371 0.0144349061908 0.0192340405364 
0.0238939712318 0.0163121198622 0.0320094315717 0.0239191334808 0.00321753627611 0.0212267411103 0.0164962245109 0.0102417845479 0.291745178389 -0.000126589230386 0.00275647480081 0.00645335268725 -0.00717240639413 0.0173193525064 0.0187509646237 0.00568476291024 0.0268743303172 0.0304457170764 0.0126574993715 -0.0020545823605 0.0183163623649 -0.00191098740234 0.0200543024456 0.0269103205991 0.0308779082931 0.0054551718993 0.0273215615023 0.0277300040734 -0.0004229721887 0.00563964986568 
0.0430811462401 -0.00927119521958 0.054358460834 0.00697243186853 -0.00414152839704 0.0160344775532 0.0132196266967 0.0280061071581 -0.000126589230389 0.442388686425 0.028847418928 0.0215677091348 0.000186280222358 -0.00268591144325 0.00844612420182 0.0213518282505 -0.00809024168894 0.0135591147824 0.0329355675596 0.00575993962498 0.0244996974428 0.00196167324903 0.0324580546115 0.0338146063407 0.0346467947714 0.0153263782752 0.0212401744808 0.0145881405614 0.00982496480172 0.0202997261122 
0.00531157156108 0.0178755093403 0.0128274875581 0.00697591287858 0.00505459736453 0.00655490608047 0.0043220053639 0.00783363027538 0.00275647480081 0.028847418928 0.192738896559 0.0111649165631 0.00384685058266 0.00998694870337 -0.00145271841477 0.018207481373 0.0170807999874 0.0196462810435 0.010395258392 -0.0018590013974 -2.71133566667e-05 0.00750115938658 0.0194833549855 0.0051093503898 0.0102988557142 -0.00509600520918 0.00203968202259 0.01359781232 0.0175770969402 -0.00220580380695 
0.00548948178428 0.0285910420589 0.0237205695596 -0.000265501809874 0.0366024169341 -0.00126155284652 0.029356672922 0.0273779677343 0.00645335268725 0.0215677091348 0.0111649165631 0.401891190551 0.0167011324039 0.0191175711292 0.00613857360269 0.0141970323586 0.0379982429442 0.0714388390741 0.00700192185313 0.0449358472449 0.0285253578434 0.00163714803405 0.0310560015687 0.0381401731444 0.0228755563491 0.00401794407265 0.00795263712818 0.0169124506225 0.0161372082258 0.0351672131937 
0.00642481032742 0.0279765120732 -0.00453756299654 0.00453647516438 0.0231461494504 -0.0142790128695 0.0140432275746 0.0344506368405 -0.00717240639413 0.000186280222353 0.00384685058266 0.0167011324039 0.347232109692 -0.013385489984 0.00295301750091 0.0166422239946 0.00640745484489 0.0222735540766 0.0257000212098 0.0160968628608 0.0672085403022 0.00559542104969 0.0368768343257 0.132831486752 0.0258278557556 0.0226410056789 0.0160618110492 0.0125229094781 0.00925387320898 0.00418967310183 
0.0144134693194 0.0475737951774 0.0184676154504 0.0237351690624 0.0149817170074 0.0238599832763 0.0197382328983 0.0243791553762 0.0173193525064 -0.00268591144325 0.00998694870338 0.0191175711292 -0.013385489984 0.233429794288 0.0242793428976 0.0150197159263 0.0152249605455 0.030205062825 0.00394428781447 0.033704965796 0.0176976907844 0.0168337671903 0.0417918143943 0.0029122132416 0.0250470164675 0.0110055674144 0.0205547880331 0.0247155331446 0.00994325083289 0.023407243822 
0.019377518151 -0.0103183892284 0.021493665573 0.00561845464911 -0.0155253642143 0.00503489117231 -0.00154017506344 0.0134977690238 0.0187509646237 0.00844612420182 -0.00145271841477 0.00613857360268 0.00295301750091 0.0242793428976 0.197589419676 0.0158258281858 0.0135380969011 0.0146663005126 0.0168625332723 0.012993962676 0.00782278899542 0.0256652501416 -0.00119048855996 0.000711752390322 0.0128366332333 0.0149291817792 0.00157214675023 0.00744459447282 0.00760860890586 0.00295497932851 
-0.00267863168653 0.00384766212814 0.014388033548 0.0162118337343 0.000973286649839 0.00183527521432 0.0127936758076 0.00531523733553 0.00568476291024 0.0213518282505 0.018207481373 0.0141970323586 0.0166422239946 0.0150197159263 0.0158258281858 0.448334091855 0.0414800462146 0.0401653591904 0.0119373998831 0.000223774038428 0.00558069471701 0.0147065263824 0.0255955878317 0.0105352693151 0.0221521145621 -0.00321341657715 0.0276377125338 -0.00379189888199 0.00355220039856 0.0125161726737 
0.00152305523647 0.094591315698 0.0312552222155 0.0197001021582 0.076664769259 0.0179324664444 0.0262364611192 0.0380339459608 0.0268743303172 -0.00809024168894 0.0170807999874 0.0379982429443 0.00640745484488 0.0152249605455 0.0135380969011 0.0414800462146 0.450443923255 0.0673681218546 0.0022206169516 0.0612837059547 0.0296407049672 0.00563654091851 0.0690985518511 0.0434151402348 0.00348205683061 0.0119453873121 0.0497789444554 0.0525677623975 0.0455420294457 0.018802972897 
0.0248740246966 0.113179769655 0.0553447343699 0.0379549448403 -0.00384218342423 0.0200392053854 0.0361503625928 0.0668293455973 0.0304457170764 0.0135591147824 0.0196462810435 0.0714388390741 0.0222735540766 0.030205062825 0.0146663005126 0.0401653591904 0.0673681218546 0.63943949035 0.0248985343962 0.0597951482152 0.0498957708446 0.0093466240167 0.0802574642196 0.082403441496 0.0431320542585 0.0193331850747 0.0394003188383 0.0552405469949 0.0394566137159 0.0477130409444 
0.022805994062 -0.00296665096827 0.0198184389779 0.00382763235197 -0.0141713081255 0.0274670883627 0.00582023905462 0.0129837138289 0.0126574993715 0.0329355675596 0.010395258392 0.00700192185313 0.0257000212098 0.00394428781447 0.0168625332723 0.0119373998831 0.0022206169516 0.0248985343962 0.164768740696 -0.00579104049947 0.0170082451944 0.011711024701 0.0201918123079 0.0167940495513 0.0209288815778 0.0506316189312 0.0257757257237 0.015112170226 0.00468539575744 0.000297359020757 
0.00769755979532 0.0498256835124 0.0116049710128 0.00489708849345 0.0578098833085 0.0144348624973 0.0397046281333 0.0370204400554 -0.00205458236051 0.00575993962497 -0.0018590013974 0.0449358472449 0.0160968628608 0.033704965796 0.012993962676 0.000223774038428 0.0612837059547 0.0597951482152 -0.00579104049947 0.27579134958 0.0339779804454 0.00125427783978 0.0478442691849 0.02763136036 0.0208292367245 0.00604362495129 0.0203164572825 0.00788702462012 0.0422575536683 0.0181036592387 
0.000820264212175 0.0459864215409 0.0215145350505 0.0106986090647 -0.0251351761263 0.0103107884148 0.00695151510265 0.0327511682908 0.0183163623649 0.0244996974428 -2.71133566661e-05 0.0285253578434 0.0672085403022 0.0176976907844 0.00782278899542 0.00558069471701 0.0296407049672 0.0498957708446 0.0170082451944 0.0339779804454 0.511957241562 0.0202439852069 0.0435892846508 0.132104305647 0.00473554884633 0.0155521334866 0.0123255808977 -0.0127105156678 -0.0066687546482 -0.00153077257678 
0.0117084018169 0.0167570749803 0.00909298273689 0.0106007398498 -0.00571993033738 0.0100206445174 0.00712361717513 0.00498132595847 -0.00191098740234 0.00196167324903 0.00750115938658 0.00163714803405 0.00559542104969 0.0168337671903 0.0256652501416 0.0147065263824 0.00563654091851 0.0093466240167 0.011711024701 0.00125427783977 0.0202439852069 0.208722343226 0.00470704056074 0.00279228668797 0.0183888064782 0.00641208455622 0.00118452680567 -0.0052143824037 0.00424097895881 -0.00190603691951 
0.0180270922432 0.0581531786347 0.096563395196 0.0295377855762 -0.0133610582903 0.0447187098867 0.0489669802678 0.0509110449214 0.0200543024456 0.0324580546115 0.0194833549855 0.0310560015687 0.0368768343257 0.0417918143943 -0.00119048855996 0.0255955878317 0.0690985518511 0.0802574642196 0.0201918123079 0.0478442691849 0.0435892846508 0.00470704056074 0.503701135751 0.101830579588 0.0508504185301 0.0153491374882 0.0300125007234 0.0435706340043 0.0274471960766 0.0388360642125 
0.00121838355318 0.0387126762178 0.0126333395398 0.0100408375469 -0.0185491412745 -0.00167950649251 0.00635392221563 0.0348593967599 0.0269103205991 0.0338146063407 0.0051093503898 0.0381401731444 0.132831486752 0.0029122132416 0.000711752390321 0.0105352693151 0.0434151402348 0.082403441496 0.0167940495513 0.02763136036 0.132104305647 0.00279228668797 0.101830579588 0.546526828096 0.050135770243 0.0270470509309 0.0202096630068 0.0171554829059 0.0142943498183 -0.0164633037567 
0.00985438156355 0.0362367070296 0.0248991402795 0.0115189847435 -0.00461222627639 0.0101700407325 0.0214031206607 0.0418357162972 0.0308779082931 0.0346467947714 0.0102988557142 0.0228755563491 0.0258278557556 0.0250470164675 0.0128366332333 0.0221521145621 0.00348205683061 0.0431320542585 0.0209288815778 0.0208292367245 0.00473554884633 0.0183888064782 0.0508504185301 0.050135770243 0.338566549827 0.0184157136579 0.00941371026592 0.0306045103971 0.0263769519305 0.0282248682673 
0.0164191717941 0.00257927325858 0.0231937434674 0.0075689069817 -0.00312449183626 0.0236618086477 0.0109634346207 0.00311060371619 0.00545517189931 0.0153263782752 -0.00509600520917 0.00401794407265 0.0226410056789 0.0110055674144 0.0149291817792 -0.00321341657715 0.0119453873121 0.0193331850747 0.0506316189312 0.00604362495129 0.0155521334866 0.00641208455622 0.0153491374882 0.0270470509309 0.0184157136579 0.163110904992 0.0239460720366 0.0133245966898 0.0270101845462 -0.00489289919662 
0.014077023978 0.0303919024941 0.0336508094427 0.0339413744803 -0.0427229176099 0.0254132766736 0.0195694283004 -0.000687537197823 0.0273215615023 0.0212401744808 0.00203968202259 0.00795263712818 0.0160618110492 0.0205547880331 0.00157214675023 0.0276377125338 0.0497789444554 0.0394003188383 0.0257757257237 0.0203164572825 0.0123255808977 0.00118452680566 0.0300125007234 0.0202096630068 0.00941371026592 0.0239460720366 0.259543037215 0.0125569043367 0.00122858687668 0.0214731764829 
0.00474171756611 0.0212200317234 0.020348842178 0.00455576325772 0.0528326344836 0.00726199811975 0.0298731111804 0.0104331632371 0.0277300040734 0.0145881405614 0.01359781232 0.0169124506225 0.0125229094781 0.0247155331446 0.00744459447282 -0.00379189888199 0.0525677623975 0.0552405469949 0.015112170226 0.00788702462012 -0.0127105156678 -0.0052143824037 0.0435706340043 0.0171554829059 0.0306045103971 0.0133245966898 0.0125569043367 0.27902066406 0.0397129127311 0.00156435644142 
-0.00109804255566 0.0104242953205 0.0165241423293 0.00956073508411 -0.00285102344511 0.0186169271545 0.00423556447174 0.0144349061907 -0.0004229721887 0.00982496480172 0.0175770969402 0.0161372082258 0.00925387320898 0.0099432508329 0.00760860890587 0.00355220039855 0.0455420294457 0.0394566137159 0.00468539575744 0.0422575536683 -0.0066687546482 0.00424097895881 0.0274471960766 0.0142943498183 0.0263769519305 0.0270101845462 0.00122858687668 0.0397129127311 0.26564296556 0.00130507400076 
0.00500936409819 0.0506365063983 0.0235568288451 0.0132266733394 0.0197642432876 0.0299783920059 0.0290320462982 0.0192340405364 0.00563964986569 0.0202997261122 -0.00220580380695 0.0351672131937 0.00418967310181 0.023407243822 0.00295497932851 0.0125161726737 0.018802972897 0.0477130409444 0.000297359020752 0.0181036592387 -0.00153077257678 -0.00190603691951 0.0388360642125 -0.0164633037567 0.0282248682673 -0.00489289919663 0.0214731764829 0.00156435644142 0.00130507400076 0.354696841022 

['KR', 'GLW', 'CFC', 'MRK', 'SBL', 'ZION', 'CCL', 'TIN', 'MMC', 'CVH', 'LH', 'GR', 'MUR', 'TMO', 'MKC', 'MIL', 'KLAC', 'ET', 'XEL', 'ROK', 'NEM', 'CAG', 'KBH', 'NOV', 'SWK', 'AEE', 'CMCSA', 'CA', 'ECL', 'KSS']