60
0.0295384146509 0.119859861498 0.0255121646837 0.107116270008 0.0192488530763 0.0484031048171 0.066200000993 0.015652967587 0.0896788789081 0.0260517267587 0.026417897889 0.0572050688987 0.0267965440056 0.0523918745475 0.0253425298527 0.050100863095 0.266244884644 0.0997806882374 0.0690593134036 0.146363775453 0.0582377086348 0.214537342356 0.0788996306534 0.0333203023267 0.0290232005544 0.0378808118353 0.132143501856 0.0115927538848 0.0612619406497 0.0262343191133 0.0223482457603 0.0743289823458 0.371102806834 0.0746691414478 0.112290577846 0.0631385093148 0.0479675113811 0.0125275076286 0.148169679735 0.0538734886168 0.0678674292734 0.0270000307956 0.0442318588416 0.105459344027 0.0761836706695 0.0832698050771 0.22311845274 0.0157982173188 0.0669692816613 0.0471087328402 0.0218855159469 0.0765601453803 0.15397042743 0.116792266476 0.0787213758152 0.0325349378307 0.114457978761 0.0711634289065 0.0122123060087 0.0770368317024 
0.204082203095 0.0245070937398 0.020710725071 0.0152762983294 0.00927717904607 0.0199894118576 0.0353000917853 0.0203957032188 0.0213587606635 0.0130111287946 0.0295028777819 0.0114088081315 0.0363354403371 0.0111411746031 0.0140005924263 0.0177553304234 0.0185911787419 0.0178270645075 0.0211635365102 0.000525367305958 0.00944458053914 0.0299526202933 0.00142317171691 0.00261207327525 0.0269899199319 0.0383141521234 0.000490246555624 0.0199107611376 -0.00103513044007 0.0371143295759 0.031520287859 0.0289066912762 0.00131031211215 0.0224196540429 0.00948868073941 -2.80726972478e-05 0.0215554941209 0.00298911117217 0.0140970516135 0.0150575629542 0.023961978378 0.0174082139322 0.0231702782669 0.0228045039841 0.00406343194592 0.00132660262671 -0.000786613333705 0.0165792470528 0.0216748775963 0.0129182956116 0.00917881741477 0.00515328139664 0.012112684176 0.0114672498286 0.00218580488733 0.0205470782646 0.00389295130814 0.00517127831774 -0.00268608690721 0.00072245591665 
0.0245070937398 0.497472849741 -0.00150237539905 0.0476440526886 0.00263846728964 0.0144348048559 0.00864208393619 0.0147068388756 0.0358648134886 0.0178737405912 0.0112380646092 0.0761765094285 0.00294957857489 0.00988348112544 0.00524807089483 0.00618150841727 0.0109826217884 0.00329318662246 0.00674728658824 0.0231032027972 -0.0121351183564 0.0711650351604 -0.0190831780259 0.00150502365356 0.00975312654336 0.0122682899986 0.0252259998561 0.0166873938744 0.0384554668118 0.00931119768557 -0.016668543597 0.0357812328058 0.0305846968163 0.0451429319471 0.0593212915895 0.0729143352658 0.0118480357774 0.00421776798579 0.00331046290601 0.0252068805007 0.0113479874238 0.0304298985159 0.0334231688314 0.0435296111244 0.0400214385547 0.0131028894388 0.101926743724 -0.0112267731056 0.0268057343795 -0.00639910161705 -0.00102408871032 0.0560322226115 0.00968528255463 0.0234640662887 0.000162405768065 0.0439574309932 -0.00279495137815 0.020855125504 0.0199096157064 0.0140876549769 
0.020710725071 -0.00150237539905 0.15755108913 0.000279053158454 0.0036213410209 0.0169698561271 0.0155345769701 0.00681356564073 0.0239258989514 0.0147897935629 0.00924901764735 0.011564396338 0.0162209317298 0.0103382079713 0.0093576082178 0.0158549419122 0.0216047000188 0.0212968078925 0.0112013304265 0.00774499714811 0.0116309619607 0.00197158736222 0.0121873301034 0.0151710126471 0.0263601360827 0.0183348970687 -0.00113138388303 0.00931712830642 0.0129868517323 0.032415083835 0.0225840434519 0.0158212021239 0.0244337234573 0.0273671541529 0.0109769658661 0.00164745110519 0.00323472546851 0.0206460055822 0.0139178733308 0.00942349048838 0.0145951490574 0.00590819539777 0.0212342256763 0.00966303057217 0.00767846502752 0.0085478772549 0.0108717514727 0.019103970188 0.00699408702786 0.016274172133 0.00873442464492 0.0206441959437 0.00122139731116 0.00122673311772 -0.00075702470291 0.00600655751739 0.00199811405841 0.00171748104913 0.016232582406 0.0100671310093 
0.0152762983294 0.0476440526886 0.000279053158453 0.487347195539 0.0156332016105 0.0414389511004 0.0250104989928 0.0110643791528 0.0681605550099 0.0359978793491 0.0231058082059 0.023865726956 0.0102736562431 0.00751445211269 0.0216389135028 0.0109999330194 0.0473360686266 0.0044287738342 0.0114810199842 -0.0120543976866 -0.00625589722716 0.0947778414998 0.0415100861367 0.0114039186737 -0.00666328085919 0.0158090299046 0.00871141125275 0.0151159085221 0.0421185450164 0.00943296448908 0.00861868746085 0.0494213264356 0.069173537642 0.0296579615214 0.0382369382662 0.0504136339637 0.0159137478811 0.0131373407912 0.00830255959307 0.0531138345938 0.0420096694144 0.0245856822987 0.0374475227904 0.029640980786 0.13046642645 0.0284853166714 0.141963050033 0.00193397280766 0.0221403317713 0.0146572251833 0.00381637362769 0.0321431118034 0.0526403158096 -0.00840726072124 0.0161108396002 0.00910438730221 0.0222442553168 0.00619734983982 0.0116360581931 0.0265827401203 
0.00927717904607 0.00263846728964 0.0036213410209 0.0156332016105 0.135443772719 0.011794044385 0.0192002574494 0.0163708228343 0.01879526556 0.00833254386661 0.00422788462219 0.00684974082136 0.0148409109096 0.0137049438806 0.0112546561706 0.015679044144 0.00909413145902 0.00850683737872 0.00497566234287 0.0121380501487 0.0166463340484 -0.0162233699214 -0.00160394513402 0.00729982009608 0.0103169682886 -0.000146062151047 0.00997563776684 0.00948823976768 9.34205835165e-06 0.0127290036579 0.00998372328707 0.0106384855561 0.00268867560721 0.00326764596175 0.00292212543672 -0.00156139727348 0.00530255809328 0.00889855456774 -0.0034328147889 0.00723510775709 0.0155722686076 0.0106464645844 0.0105665824951 0.0114311392919 0.00796831649237 0.00610005894693 0.00188584806561 0.0188419842629 0.0117447690753 0.00796688321541 0.0278970866405 0.0125133001268 0.00444824688381 0.00822000242295 -0.00263882620209 0.0205038037697 -0.000477421212863 0.00570997483255 0.0128701148565 -0.00590605140396 
0.0199894118576 0.0144348048559 0.0169698561271 0.0414389511004 0.011794044385 0.247030415946 0.00951684926722 0.0255437110232 0.0106621642185 0.0387477988386 0.0551167610703 0.017629116241 0.0155915357204 0.00650087296551 0.0278483306987 0.0360970803456 0.00886470898522 0.00969100016764 0.020012671151 0.0237457168962 0.0040883385388 0.0235884544761 0.0178202154997 0.00999146525697 0.0221708555521 0.0307045329104 0.00534215705151 0.00368133841835 -0.000448878510612 0.0174764496233 0.0137879810762 0.0357318197725 0.0490678234417 0.0238178942335 0.0271907923555 0.0183593680728 0.0150951374847 0.00497496882891 0.0139121676464 0.0332863109919 0.0164497384636 0.01808715485 0.0212132094307 0.00901447131501 0.0274949195773 0.0263300691759 0.0274611663391 0.00849343841736 0.0196377084824 0.0206290800014 0.00602444498789 0.0262312511846 0.0251428523993 0.0225887583683 0.0299906906363 0.017463449319 0.0213391985891 0.00440363772486 0.0236142057964 0.00273958710823 
0.0353000917853 0.00864208393619 0.0155345769701 0.0250104989928 0.0192002574494 0.00951684926722 0.641861276024 0.00960967832074 0.00494292480409 0.0074912198612 0.0191886440016 0.0138379382102 0.0267727014604 0.0430044125708 0.0060968431093 0.0651765963119 0.0136254284082 0.00959503935762 0.000746887730024 0.0171638773624 0.0247266734692 -0.0104023542424 0.00885795440048 0.0207802761843 0.016038019213 0.00732788903632 0.00747302744965 0.0219849575807 0.0312957554304 0.0247625506567 0.0388385395666 0.0353370576862 0.0138405936015 0.0151826571682 -0.00495594255921 0.0058782761612 0.0354380689888 0.0421185353956 -0.0090631706115 0.0279623674955 0.0247202744548 0.0267709709241 0.0143102046284 0.00490367772245 0.0126187209406 0.0322666125768 -0.000678550716147 0.0289113098135 0.027012261726 0.0055161616711 0.00685392289724 -0.00115779147192 -0.00737717441864 0.021273387687 0.0308122989718 0.00254074821122 0.034520607218 -0.00615862381806 -0.0236372519087 0.0122645198658 
0.0203957032188 0.0147068388756 0.00681356564073 0.0110643791528 0.0163708228343 0.0255437110232 0.00960967832074 0.220364346884 0.031666003895 0.0321238597434 0.0181966717836 0.017228530206 0.0124432588391 0.0141410003123 0.00750640116986 0.0193905931641 0.00445762257279 0.00475665662372 0.015007202263 0.0214849559276 0.0188132483037 0.0290046316825 0.0035320537316 0.00525384189982 0.0218240401532 0.0202641816163 0.00992325402617 0.00844675403642 0.00489996715111 0.00290901770115 0.00201504584693 0.0327710135696 0.0274476286695 0.0170045414578 0.00225862852969 0.0156206249905 0.0118660065615 0.0124252328897 0.0183677716454 0.014352669748 0.0234404098855 0.0176037665993 0.0346269725075 0.0109121071821 0.028026669916 0.0102614417013 0.0320847040751 0.000605314316269 0.0246646165883 0.00271227004545 0.0127943290909 0.0180487611942 0.00668015558657 0.00593771736027 -0.00313604465544 0.0303376690328 0.0134558932121 0.00819334475765 0.0184497350867 -0.0088459033865 
0.0213587606635 0.0358648134886 0.0239258989514 0.0681605550099 0.01879526556 0.0106621642185 0.00494292480409 0.031666003895 0.505030341458 0.000910343442421 0.013976896772 0.013164514357 0.0149509667531 -0.0110107435279 0.0156202023509 0.0238236281786 0.0697468057909 0.0690378762789 -0.00338110034529 -0.00500299062804 0.00378224953657 0.166011488322 -0.00834928799532 0.0102092853377 0.0147412088738 0.0236182272886 0.0121558423844 0.00652678966723 0.0476516665443 0.0205763348505 0.0255806869739 0.0224609978481 0.0186097598201 0.0374491587457 0.0346909277603 0.0164002232188 0.0247256303674 0.0188505223183 -0.0183573359142 0.0448941999114 0.0248452119072 0.00574163439316 0.0390960547159 0.0403288185366 0.0618738989396 0.0109143705187 0.100130686359 0.0108403060311 0.0296568028566 0.0039191196467 0.00528462414736 0.0325348528614 0.0109169485414 0.0343733481212 -0.00612523607139 0.00346496700617 -0.00637113442518 0.0421353089114 0.0324051716103 0.0127753456245 
0.0130111287946 0.0178737405912 0.0147897935629 0.0359978793491 0.00833254386661 0.0387477988386 0.0074912198612 0.0321238597434 0.000910343442421 0.176960856254 0.0230629488689 0.0146677640621 0.00404013241367 0.0117112012191 0.00450407553587 0.0195806363986 0.00479982850641 0.0193922400873 -0.00359944495655 0.0101459670175 0.00720863411413 0.0267716949557 0.00664803931441 0.0196780549869 0.0229859950957 0.0139667158779 0.0145483109319 0.0183676940697 0.00206977829091 0.0070845007927 0.0128368179296 0.0341305299044 0.0230417970539 0.0141288482693 0.0234990309012 0.0293536159173 0.0163463753437 0.0049658641692 0.0152225496546 0.0245483426207 0.0186895100968 0.0228577420032 0.0142132809765 0.0163969868773 0.00206554252843 0.017133959435 0.0300151015246 -0.0059105292727 0.0121158994339 -0.00252486076481 0.0162020093966 0.0349008483418 0.012151114056 -0.00163211835139 0.00573822018781 0.00569612104642 0.0147136066216 0.0116598055807 0.00790267588121 0.00415929334888 
0.0295028777819 0.0112380646092 0.00924901764735 0.0231058082059 0.00422788462218 0.0551167610703 0.0191886440016 0.0181966717836 0.013976896772 0.0230629488689 0.264385853698 0.0135349499067 0.00599948676567 0.0103271932134 0.00599390720705 0.0244309789964 0.00834233580306 0.0175033944269 0.0257475144015 0.00544699456882 0.0055787224415 0.0338695277159 0.0136089696279 0.0014523971806 0.0129472874811 0.0162097721837 0.00948795206227 0.00759148608794 0.0142281834831 0.0101716609578 0.006622346449 0.0420448810091 0.0302273268263 0.00684560420446 0.0296259756213 0.0175437542893 0.0249291679464 0.0167602909983 0.0165876817193 0.017564869366 0.0193892649616 0.0123125712295 0.0235930503337 0.0257063063348 0.0123020071955 0.00548835068159 0.0134123184242 0.00979206396462 0.0396057615928 0.00976988492843 0.000954063360769 0.0153318460726 0.0292432944684 0.00916218415157 0.0260621294727 -0.00600445433229 0.0170823742433 -0.00522269395893 0.00778827815775 0.00598254034858 
0.0114088081315 0.0761765094285 0.011564396338 0.023865726956 0.00684974082136 0.017629116241 0.0138379382102 0.017228530206 0.013164514357 0.0146677640621 0.0135349499067 0.244034243076 0.011622157393 0.0193636837824 0.0148962246706 0.0182538912948 0.00538993691252 0.00787685108534 0.0151089219324 0.0126579880466 0.0119009422638 0.0204384442583 0.0167532779828 0.0108619448773 0.00922929206461 0.0141218991286 0.0193201555636 0.0212456621871 0.0259720887174 0.00962318548721 0.000746291889994 0.0319506092897 0.00923901458102 0.0152056318585 0.0241034040128 0.0228520886398 0.0285128940256 -0.0025863468167 0.0227181915241 0.0216186344343 0.0249190406048 0.0290387379678 0.0170786282235 0.0117555180945 0.0239435846899 0.00480572317151 0.0326558961148 0.010534400249 0.0221766739875 0.0116805422872 0.00973867440804 0.0356947725047 0.028161060099 0.00302890906384 0.0252018056889 0.0359035125788 0.0125582381469 0.00763519490697 0.00359755969634 0.0269431752052 
0.0363354403371 0.00294957857489 0.0162209317298 0.0102736562431 0.0148409109096 0.0155915357204 0.0267727014604 0.0124432588391 0.0149509667531 0.00404013241367 0.00599948676567 0.011622157393 0.163439112641 0.0163148298747 0.0167841087197 0.0251773223336 0.0158076443512 0.0175160973291 0.0151656576252 0.00631377692315 0.0070080386795 0.000851604457808 0.00467682811939 0.0193666186083 0.0235246407759 0.0229008140309 0.00876244065838 0.0178235317063 0.00976350947994 0.0408984218544 0.0404212141681 0.0367237440084 -0.00517991812825 0.0245489202947 0.00570544261861 0.00693373501471 0.0275571867942 0.0115451046557 0.0149560856458 0.0150079465219 0.0276966469174 0.0090772800631 0.0157952640595 0.017509319883 0.00811264878139 -0.00927392709809 0.0190470901377 0.00866212505596 0.00781457312352 0.00822517243634 -0.00475008561308 0.0310346966946 0.00502030014812 0.00515850436891 0.00426661329308 0.0155402621837 0.000975844045371 0.00150125356112 0.00470288111735 0.00519331566482 
0.0111411746031 0.00988348112544 0.0103382079713 0.00751445211269 0.0137049438806 0.00650087296551 0.0430044125708 0.0141410003123 -0.0110107435279 0.0117112012191 0.0103271932134 0.0193636837824 0.0163148298747 0.34478941957 -0.000398995406529 0.0172619434742 0.000363924409876 0.0296315878924 0.00885264010107 0.0397756648791 0.0215923709113 0.0263983722423 0.00204256962604 0.0162396322793 0.00740115485444 0.0329007702534 -0.00726143716537 0.0098339411427 0.0407942156947 0.0138076867529 0.00536005645632 0.0196787015217 0.00862045211181 0.0135495640137 0.0201888742943 -0.00205329786057 0.0274270943724 0.0249545614793 0.0127300052897 0.0285403464156 0.015606119123 8.91481555495e-05 0.0260662586006 -0.00465067689614 -0.00363839444759 -0.00792821956964 -0.00675518745622 0.0210826748436 0.00618140446298 0.00304099119629 0.0197027355543 0.00427337883053 -0.000275406702718 0.00596782879087 0.0119182599493 0.029942025417 0.00968503736444 0.0160317578614 0.0107926948752 -0.009665525016 
0.0140005924263 0.00524807089483 0.0093576082178 0.0216389135028 0.0112546561706 0.0278483306987 0.0060968431093 0.00750640116986 0.0156202023509 0.00450407553587 0.00599390720705 0.0148962246706 0.0167841087197 -0.000398995406529 0.190599991179 0.00918933012677 0.00342173164554 0.0200645056457 0.0123834037693 0.000741931385378 0.0191408329123 0.0198104352922 0.0091476299011 0.0224572278688 0.00463845801604 0.0100171725725 -0.00450463897466 0.0146185810726 0.0183335489502 0.0238037606123 0.0164793932967 0.0357360839507 0.0108812270988 -0.00330225114326 0.00443822169686 0.00336375115889 0.00945243639582 0.0202367052552 0.00695700107917 0.00242751474302 0.0188320496747 0.0119979936986 0.00954746678617 0.0219437594464 0.0128960776083 0.00122575306292 0.013662736829 0.00732793532316 0.0220777663006 0.00202974961685 0.0164732715773 0.00718207680183 0.00630299973028 0.00348722361272 -0.00249381996011 -0.000160255415599 0.004718264774 0.00949877753583 0.0108002169605 0.027909590498 
0.0177553304234 0.00618150841727 0.0158549419122 0.0109999330194 0.015679044144 0.0360970803456 0.0651765963119 0.0193905931641 0.0238236281786 0.0195806363986 0.0244309789964 0.0182538912948 0.0251773223336 0.0172619434742 0.00918933012677 0.290933059215 -0.0325087841398 0.0075722263369 0.0223716828079 0.0180554586332 0.00881650767185 0.0232260089845 -0.00263935265415 0.009954422928 0.0187378212561 0.0183099544883 0.0240076167924 0.0121218477591 0.00517637105288 0.0213994525775 0.0196425714754 0.0219947760854 0.0481924718366 0.0164597392991 0.0180679731638 0.0346642308358 0.0244310275133 0.0158401795343 -0.0123722935819 0.0258453983243 0.0258754354169 0.0286768978422 0.0261702070342 0.0198464325377 0.00118266110647 0.0134833788804 0.0186461251746 0.00995193503223 0.0319855884658 0.0208457382236 0.0100995552699 0.0240936836513 0.0101454072772 0.00792932991188 0.0188630778866 -0.00190765523416 0.025236533808 0.0135169502477 -0.0106560166336 0.0131643110563 
0.0185911787419 0.0109826217884 0.0216047000188 0.0473360686266 0.00909413145902 0.00886470898522 0.0136254284082 0.00445762257279 0.0697468057909 0.00479982850641 0.00834233580306 0.00538993691252 0.0158076443512 0.000363924409876 0.00342173164554 -0.0325087841398 2.26636385483 0.0313039884921 0.0194576234361 0.0179678464643 0.0131179417335 -0.00206301798444 0.0274895851584 0.0229950394899 0.00361913040368 0.0202745509487 0.0282705930023 0.00641250688507 0.000238966660799 0.02456002576 0.0227326939278 0.0602003762567 0.119561700975 0.0588952416861 0.0159019495198 0.0175394423731 -0.0354110347514 0.00379353180804 0.039959556434 0.00685867511516 -0.0171334027456 -0.0015753848349 0.023693547389 0.000124893253066 0.0216433376762 -0.0063434479718 0.0934021833431 -0.00754057370111 0.0687898485852 -0.0117626056035 -0.00487133914243 0.00575831299375 0.0162181761261 -0.00344545165941 0.00998716815995 0.0130495194463 -0.0141411319817 0.020524785238 0.00604480667966 0.000347888673942 
0.0178270645075 0.00329318662246 0.0212968078925 0.0044287738342 0.00850683737872 0.00969100016764 0.00959503935762 0.00475665662372 0.0690378762789 0.0193922400873 0.0175033944269 0.00787685108534 0.0175160973291 0.0296315878924 0.0200645056457 0.0075722263369 0.0313039884921 0.550213032962 0.0148535282029 0.0203407894014 0.0252138902557 0.0278412630239 0.00560118053283 0.0401108337445 0.0139483367245 0.00943393402987 0.0152915988923 0.0205760045994 0.0236377800309 0.0188997718165 0.0113233659794 0.0250024374732 0.0640270622665 0.0247335322141 0.0204882400966 0.0229820674542 0.0334223430283 0.0153052657018 0.0270350652829 0.0146501880811 0.00129952467642 0.00721355695281 0.0216027850021 0.00747630624899 0.0130416269112 0.000253530293178 0.0406027555559 0.0227407528572 0.0218382293236 -0.00676319065736 0.00781647914439 0.0153048974851 0.129772846039 -0.024520278687 -0.0153355044593 0.00066284015751 0.0100461604548 0.00538629174554 0.0243848191198 -0.00497127759237 
0.0211635365102 0.00674728658824 0.0112013304265 0.0114810199842 0.00497566234287 0.020012671151 0.000746887730025 0.015007202263 -0.00338110034529 -0.00359944495655 0.0257475144015 0.0151089219324 0.0151656576252 0.00885264010107 0.0123834037693 0.0223716828079 0.0194576234361 0.0148535282029 0.424470800436 -0.010148349771 0.00437643973153 0.0195987223279 0.00627611891016 0.0140237470697 0.0138230951638 0.0186045881877 0.0205563487437 0.00368739289783 0.0118911726276 0.0222074400679 0.0130076047534 0.0189659018983 0.00655804527432 0.033979534409 0.0435764575027 0.00631716735391 0.0170355535742 0.00584001114558 0.0163451679922 0.00723296782008 0.020575593326 0.0202074776694 0.0269525821662 0.0270202739535 0.0216287330288 0.00985271842779 0.0188832082236 0.0177735118888 0.0245813524616 0.0174859270887 0.00697349463942 0.0461679161312 0.00733781572171 0.0176208141573 0.0260124875207 -0.00121750150321 0.00770026327641 0.00387250004528 0.0159277019482 0.00367142200565 
0.000525367305958 0.0231032027972 0.0077449971481 -0.0120543976866 0.0121380501487 0.0237457168962 0.0171638773624 0.0214849559276 -0.00500299062804 0.0101459670175 0.00544699456882 0.0126579880466 0.00631377692315 0.0397756648791 0.000741931385377 0.0180554586332 0.0179678464643 0.0203407894014 -0.010148349771 0.980355337946 0.00894426146017 0.0135221124874 0.00688336351856 0.0132804701185 0.00543560123802 0.000528358694593 0.0186003959087 0.00882817710015 -0.000625345376655 -0.00479530693962 0.0170056658528 0.00534487023484 0.0192023620257 0.00851253741211 0.010790963984 0.0289817033391 0.0159422324206 -0.00573001165837 0.00105607109136 0.00752325438398 0.0105677999874 0.00861283948581 0.0269245649308 0.0124539523131 0.0218835529304 0.0140731951084 0.0210895121841 0.00125944401177 -0.00809960320397 0.012521041519 0.0184649342806 0.0103198410124 0.0203532682102 0.00892106189165 0.0240539195293 0.00431121148928 0.0132786232316 0.0351667004138 0.00409829518815 0.00535740992354 
0.00944458053914 -0.0121351183564 0.0116309619607 -0.00625589722716 0.0166463340484 0.0040883385388 0.0247266734692 0.0188132483037 0.00378224953657 0.00720863411413 0.0055787224415 0.0119009422638 0.0070080386795 0.0215923709113 0.0191408329123 0.00881650767185 0.0131179417335 0.0252138902557 0.00437643973153 0.00894426146017 0.456486591915 0.0120560560987 0.0359981841702 0.0144306900961 0.00421343065584 0.0232348648348 0.0135042574444 0.00520286638968 0.00460974101156 0.0121886846745 0.0147174126772 0.0257587798473 0.00844242431176 0.00812187153863 -0.0117888602138 0.0143183528655 0.0233404822692 0.00235743335479 0.0156716951308 0.000162180131824 0.0147465930251 0.0195888327464 0.0235747632258 0.0136397203284 0.0019850697168 0.00635337429714 0.0579611260505 0.0447577669608 0.00873853137138 0.0089509932154 0.00683240434214 0.0129617545634 -0.00561094398082 0.000438127166794 0.0225474172784 0.0103233004628 -0.0139009137866 -0.0169934559717 0.00987345951229 -0.0119039386221 
0.0299526202933 0.0711650351604 0.00197158736222 0.0947778414998 -0.0162233699214 0.0235884544761 -0.0104023542424 0.0290046316825 0.166011488322 0.0267716949557 0.0338695277159 0.0204384442583 0.000851604457808 0.0263983722423 0.0198104352922 0.0232260089845 -0.00206301798444 0.0278412630239 0.0195987223279 0.0135221124874 0.0120560560987 0.925816355223 0.016458978475 0.012707508064 0.0100788863392 0.0349104971823 0.0080087962172 0.0041966417017 0.0504527481548 0.0174917656088 0.00867984608074 0.0276584706574 0.115947982278 0.0182568411821 0.0252951863479 0.0581104275956 0.0375815786657 0.0152959109632 0.0566169474624 0.0462711620923 0.0744246148272 0.0342688916033 0.0290147211037 0.0526053172531 0.113751183603 -0.00429099867744 0.149953775085 -0.00360411780754 0.0362838636568 0.00259446305714 -0.00469138846381 0.0514683074495 0.0729487292353 0.0188536158191 0.0375943661026 -0.0163673484661 0.0047012416375 0.00985622072063 0.0403668299481 0.0421475372903 
0.00142317171691 -0.0190831780259 0.0121873301034 0.0415100861367 -0.00160394513402 0.0178202154997 0.00885795440048 0.0035320537316 -0.00834928799532 0.00664803931441 0.0136089696279 0.0167532779828 0.00467682811939 0.00204256962604 0.0091476299011 -0.00263935265415 0.0274895851584 0.00560118053283 0.00627611891016 0.00688336351856 0.0359981841702 0.016458978475 0.75218252813 0.00403573199641 0.0185246200919 -0.00142674657481 -0.0110275207643 0.0175417223762 -0.00291662897861 0.00727175708616 0.0137240075879 -0.00150498806961 -0.00931211851201 0.0263650018726 0.00904898532577 -0.00422211345825 0.00317581326859 0.0244335752823 -0.000349369061983 0.015747391744 0.0337430872028 0.00794716675228 0.0148374576414 0.00289776933811 0.0149577894757 0.00197110396958 0.0563169857758 0.000964262199538 0.0122865833217 0.00428859621721 0.00511550058103 0.0166843477325 0.0179912951572 -0.00144276358679 -0.0011953966368 0.00778113411572 0.013726045057 0.0122910207793 -0.00597920934644 -0.016389314592 
0.00261207327525 0.00150502365356 0.0151710126471 0.0114039186737 0.00729982009608 0.00999146525697 0.0207802761843 0.00525384189982 0.0102092853377 0.0196780549869 0.0014523971806 0.0108619448773 0.0193666186083 0.0162396322793 0.0224572278688 0.009954422928 0.0229950394899 0.0401108337445 0.0140237470697 0.0132804701185 0.0144306900961 0.012707508064 0.00403573199641 0.200479132904 0.0101067066181 0.00516821509199 0.0102827733481 0.0106362206904 -0.000441147878394 0.0131100761651 0.0148939791361 0.0284519301476 0.020666736539 -0.00371137753913 0.00245771971682 0.0232970709798 0.0182680279059 0.00440492917546 0.0125079023526 0.0110221184058 0.0193960191587 0.0177911682406 0.0117010325664 0.0197823254504 -0.00879732131959 0.00198189001912 -0.00441772955866 0.0021228691242 0.0232628368958 0.0090941788444 0.00180268817788 0.00971568006114 0.00185902772643 0.0105386450572 -0.00390720291347 0.0188097094173 0.00718622698304 0.029465008911 0.0126066118224 0.0119098069219 
0.0269899199319 0.00975312654336 0.0263601360827 -0.00666328085919 0.0103169682886 0.0221708555521 0.016038019213 0.0218240401532 0.0147412088738 0.0229859950957 0.0129472874811 0.00922929206461 0.0235246407759 0.00740115485444 0.00463845801604 0.0187378212561 0.00361913040368 0.0139483367245 0.0138230951638 0.00543560123802 0.00421343065584 0.0100788863392 0.0185246200919 0.0101067066181 0.247299733514 0.0216709797191 0.0129932046738 0.0047833183491 0.0073182788782 0.022761320295 0.0291296779523 0.0211707691446 0.00973113340117 0.0238079026538 0.0155777460855 0.00454224582569 0.00504680485907 0.0125056368911 0.00735581560877 0.0197776481526 0.0170872459502 0.0172424712723 0.0224703182284 0.0108008731826 0.020816141803 -0.00674624305498 0.0137656032599 0.0212545730874 0.0140333510222 0.00157331466641 0.00650576301636 0.00985665779608 -0.00436380867116 0.00423781063232 0.00259919923386 0.00579520200489 0.00590958017771 0.025536753754 0.0132394593875 0.00637993548479 
0.0383141521234 0.0122682899986 0.0183348970687 0.0158090299046 -0.000146062151046 0.0307045329104 0.00732788903632 0.0202641816163 0.0236182272886 0.0139667158779 0.0162097721837 0.0141218991286 0.0229008140309 0.0329007702534 0.0100171725725 0.0183099544883 0.0202745509487 0.00943393402987 0.0186045881877 0.000528358694593 0.0232348648348 0.0349104971823 -0.00142674657481 0.00516821509199 0.0216709797191 0.183975812877 0.0014096768081 0.0175373564061 0.0110874569986 0.0398798392995 0.0318866419663 0.0353004602595 0.0153606799574 0.0054807588206 0.0135179006187 0.0213484841769 0.0145601910662 0.0159796353316 0.0065489492079 0.0227748871006 0.0177779055665 0.0160121711073 0.024047666863 0.0115091900786 0.00465171057231 0.00304551900073 0.024309638711 0.00492081849407 0.00989635630921 0.0061329508454 0.002367300532 0.0176143415421 0.0164518065757 0.00764878256013 0.010379002993 0.0146671978234 -0.000391656509384 0.00457606595196 0.0203106449868 -0.000989439163724 
0.000490246555624 0.0252259998561 -0.00113138388303 0.00871141125275 0.00997563776684 0.00534215705151 0.00747302744965 0.00992325402617 0.0121558423844 0.0145483109319 0.00948795206227 0.0193201555636 0.00876244065838 -0.00726143716537 -0.00450463897466 0.0240076167924 0.0282705930023 0.0152915988923 0.0205563487437 0.0186003959087 0.0135042574444 0.0080087962172 -0.0110275207643 0.0102827733481 0.0129932046738 0.0014096768081 0.427135842844 0.0162895704952 0.0289749896142 -0.00123669832267 -0.00390641226756 0.0270423451056 0.0387453689017 0.0199817519842 0.160845489844 0.0242148673133 0.0243481461014 0.0157395180536 0.0243353408455 0.00911858384388 0.0263072720686 0.0273610940283 0.0228870214872 -0.00180994034846 0.022393609926 0.10584229884 0.0457624333651 -0.0081497557451 0.0383512448051 0.0622166049838 -0.000125687897285 0.0389232261429 0.0897803267269 -0.0141622615331 0.0908938687236 -0.0128876242674 0.0965358304545 0.0111010311879 0.0245948106116 0.0208673098216 
0.0199107611376 0.0166873938744 0.00931712830642 0.0151159085221 0.00948823976768 0.00368133841835 0.0219849575807 0.00844675403642 0.00652678966723 0.0183676940697 0.00759148608794 0.0212456621871 0.0178235317063 0.0098339411427 0.0146185810726 0.0121218477591 0.00641250688507 0.0205760045994 0.00368739289783 0.00882817710015 0.00520286638968 0.0041966417017 0.0175417223762 0.0106362206904 0.0047833183491 0.0175373564061 0.0162895704952 0.13679382237 0.014561114761 0.0112621403988 0.011091305357 0.0182164914931 -0.00107242833665 0.00740625383942 0.0181090410387 0.00786191841991 0.017130644161 0.0146688478377 0.0141099802051 0.0057709463463 0.0268021249819 0.0139962838505 0.0207910892001 0.00938807889556 0.0164832611163 0.0137483205542 0.0116812740082 0.0186901172387 0.0136642365989 0.0111305569211 0.00739281164605 0.0129145569958 0.00428994406834 0.000137753268623 0.0040102114487 0.0113624542977 0.000568348783503 0.00916225247408 0.00703594285699 -0.0127657899456 
-0.00103513044007 0.0384554668118 0.0129868517323 0.0421185450164 9.34205835157e-06 -0.000448878510612 0.0312957554304 0.00489996715111 0.0476516665443 0.00206977829091 0.0142281834831 0.0259720887174 0.00976350947994 0.0407942156947 0.0183335489502 0.00517637105288 0.000238966660799 0.0236377800309 0.0118911726276 -0.000625345376656 0.00460974101156 0.0504527481548 -0.00291662897861 -0.000441147878394 0.0073182788782 0.0110874569986 0.0289749896142 0.014561114761 0.337489673062 0.00118055341944 0.010517165275 0.016760425641 0.0314641329265 0.0302930069163 0.0271547307303 0.0539610951054 0.0405722656817 0.0137064898616 0.0335505441468 0.0113510376114 0.018062030165 -0.00681355008201 0.0267057297019 0.00890298309886 0.0198134288247 0.00839982275645 0.0842855938915 0.000658777362167 0.00197546835554 -0.0010511599627 0.0127535393034 0.0183291754691 0.0293426313053 0.0125849994432 0.00683514396782 0.0169181708215 0.0191456733493 -0.0119858450498 0.00825479867798 0.00896573731819 
0.0371143295759 0.00931119768557 0.032415083835 0.00943296448908 0.0127290036579 0.0174764496233 0.0247625506567 0.00290901770115 0.0205763348505 0.0070845007927 0.0101716609578 0.00962318548721 0.0408984218544 0.0138076867529 0.0238037606123 0.0213994525775 0.02456002576 0.0188997718165 0.0222074400679 -0.00479530693962 0.0121886846745 0.0174917656088 0.00727175708616 0.0131100761651 0.022761320295 0.0398798392995 -0.00123669832267 0.0112621403988 0.00118055341944 0.17362277516 0.03861455406 0.0323392458319 -0.00886292907851 0.0253897823724 0.00241815367014 0.00957834378606 0.0105308399436 0.0175451993539 0.00649961572239 0.0076816240022 0.0138246706803 0.0207549858088 0.0252696166147 0.030762207589 0.0236561887899 -0.00171709629502 0.00703693658472 0.012423289862 0.0135953085613 0.00616104840716 0.00942783362699 0.00872034288774 0.000726184095683 0.0231974122182 0.000717378388287 0.0126300560495 -0.00218241454701 0.00079338606352 0.00588151569262 0.0103971603091 
0.031520287859 -0.016668543597 0.0225840434519 0.00861868746085 0.00998372328707 0.0137879810762 0.0388385395666 0.00201504584693 0.0255806869739 0.0128368179296 0.006622346449 0.000746291889994 0.0404212141681 0.00536005645632 0.0164793932967 0.0196425714754 0.0227326939278 0.0113233659794 0.0130076047534 0.0170056658528 0.0147174126772 0.00867984608074 0.0137240075879 0.0148939791361 0.0291296779523 0.0318866419663 -0.00390641226756 0.011091305357 0.010517165275 0.03861455406 0.204657954092 0.0367141995969 0.00202137931343 0.0183296482632 -0.0138511522534 -0.0020787913663 0.0149169353281 0.0149997794542 0.00628004441228 0.00533082063676 0.0291617859792 0.0214490739874 0.0302105061683 0.0259260575188 0.01460806196 0.0111049441772 0.0123952281374 0.00410631023034 0.0132684459828 0.0114843853201 0.00384021784394 0.00296960814001 0.00674117120597 0.0112334536552 0.0206181072974 0.00417314869042 -0.000608442391832 0.0034836352968 0.00231919411764 0.00741804446683 
0.0289066912762 0.0357812328058 0.0158212021239 0.0494213264356 0.0106384855561 0.0357318197725 0.0353370576862 0.0327710135696 0.0224609978481 0.0341305299044 0.0420448810091 0.0319506092897 0.0367237440084 0.0196787015217 0.0357360839507 0.0219947760854 0.0602003762567 0.0250024374732 0.0189659018983 0.00534487023484 0.0257587798473 0.0276584706574 -0.00150498806961 0.0284519301476 0.0211707691446 0.0353004602595 0.0270423451056 0.0182164914931 0.016760425641 0.0323392458319 0.0367141995969 0.30244837947 0.030539971993 0.0291990819902 0.0507134755034 0.0415794379287 0.0339560605402 0.00978717258094 0.0164676712826 0.0390618056261 0.047092712607 0.0302428514906 0.0295459239792 0.0291356216184 0.0175983411947 0.0435859055603 0.0685937165319 0.0203257144773 0.0443791024492 0.0168830470036 9.41860600502e-05 0.0419993149808 0.0228535273976 0.0193425796491 0.0273956641912 0.0247377964285 0.0266092372724 0.00754713877711 0.00418216418357 0.0189850995193 
0.00131031211216 0.0305846968163 0.0244337234573 0.069173537642 0.00268867560721 0.0490678234417 0.0138405936015 0.0274476286695 0.0186097598201 0.0230417970539 0.0302273268263 0.00923901458102 -0.00517991812825 0.00862045211181 0.0108812270988 0.0481924718366 0.119561700975 0.0640270622665 0.00655804527432 0.0192023620257 0.00844242431176 0.115947982278 -0.00931211851201 0.020666736539 0.00973113340117 0.0153606799574 0.0387453689017 -0.00107242833665 0.0314641329265 -0.00886292907851 0.00202137931343 0.030539971993 1.22294557189 0.0138920683832 0.0693795063158 0.0747068431558 0.0294212218377 0.00842627897809 0.0626735919897 0.00703255319691 0.0459985735061 0.0231933099458 0.0289655974072 0.0240167784338 0.0609613920022 0.047070814423 0.0882166382054 0.00479330648428 0.0243269103 0.0338789524033 -0.0017531852142 0.0205513739615 0.0325638524458 0.0110215131312 0.0331805021617 0.025404619362 0.0504620392912 0.0263049975498 0.0212293921432 0.0396209834044 
0.0224196540429 0.0451429319471 0.0273671541529 0.0296579615214 0.00326764596175 0.0238178942335 0.0151826571682 0.0170045414578 0.0374491587457 0.0141288482693 0.00684560420446 0.0152056318585 0.0245489202947 0.0135495640137 -0.00330225114326 0.0164597392991 0.0588952416861 0.0247335322141 0.033979534409 0.00851253741211 0.00812187153863 0.0182568411821 0.0263650018726 -0.00371137753913 0.0238079026538 0.0054807588206 0.0199817519842 0.00740625383942 0.0302930069163 0.0253897823724 0.0183296482632 0.0291990819902 0.0138920683832 0.491338046726 0.0265551157347 0.0124845489187 0.0282644376453 0.0333704597259 0.0322085605954 0.0100654932464 0.0150853425886 0.0100459073986 0.0106033841476 0.00627249011236 0.0546377813034 0.00123588906008 0.0234572564898 -0.0142168505185 0.0350525324203 0.0193259577282 0.0039393004633 0.0242769715068 0.00875832318497 0.00276656070901 0.0114922296562 0.00519683531843 0.0136369772622 0.0135059491883 0.00649335264434 0.0464564359288 
0.00948868073941 0.0593212915895 0.0109769658661 0.0382369382662 0.00292212543672 0.0271907923555 -0.00495594255921 0.00225862852969 0.0346909277603 0.0234990309012 0.0296259756213 0.0241034040128 0.00570544261861 0.0201888742943 0.00443822169686 0.0180679731638 0.0159019495198 0.0204882400966 0.0435764575027 0.010790963984 -0.0117888602138 0.0252951863479 0.00904898532577 0.00245771971682 0.0155777460855 0.0135179006187 0.160845489844 0.0181090410387 0.0271547307303 0.00241815367014 -0.0138511522534 0.0507134755034 0.0693795063158 0.0265551157347 0.403680322894 0.0363735620371 0.0365939162695 0.0155263460661 0.0271434872112 0.0273111856389 0.0394866860429 0.0125556573954 0.0187577030975 0.0110304448821 0.0482629003407 0.129180081672 0.0460832561268 -0.00913625046859 0.0110048488988 0.0829286356711 -0.00268030722261 0.0414984461823 0.111403419578 -0.0133475420984 0.0957168280863 0.0169744531633 0.116765185107 -0.000497822707922 -0.00137721776218 0.0122152469965 
-2.80726972478e-05 0.0729143352658 0.00164745110519 0.0504136339637 -0.00156139727348 0.0183593680728 0.0058782761612 0.0156206249905 0.0164002232188 0.0293536159173 0.0175437542893 0.0228520886398 0.00693373501471 -0.00205329786057 0.00336375115889 0.0346642308358 0.0175394423731 0.0229820674542 0.00631716735391 0.0289817033391 0.0143183528655 0.0581104275956 -0.00422211345825 0.0232970709798 0.00454224582569 0.0213484841769 0.0242148673133 0.00786191841991 0.0539610951054 0.00957834378606 -0.0020787913663 0.0415794379287 0.0747068431558 0.0124845489187 0.0363735620371 0.332986958818 0.0106516383984 0.0102722612983 0.00664818421607 0.0167886559699 0.0156986070649 0.0310663400444 0.0255687716671 0.0411457422424 0.00404905560649 0.0249912163017 0.0888045601772 -0.000638264501788 0.0242627539316 0.010329775002 0.00794142465877 0.048809290093 0.00203144685539 0.00946186526651 0.012758261253 -0.011138530429 -0.00285412543977 -0.00943886469067 0.000888871333651 0.0208354918697 
0.0215554941209 0.0118480357774 0.00323472546851 0.0159137478811 0.00530255809329 0.0150951374847 0.0354380689888 0.0118660065615 0.0247256303674 0.0163463753437 0.0249291679464 0.0285128940256 0.0275571867942 0.0274270943724 0.00945243639582 0.0244310275133 -0.0354110347514 0.0334223430283 0.0170355535742 0.0159422324206 0.0233404822692 0.0375815786657 0.00317581326859 0.0182680279059 0.00504680485907 0.0145601910662 0.0243481461014 0.017130644161 0.0405722656817 0.0105308399436 0.0149169353281 0.0339560605402 0.0294212218377 0.0282644376453 0.0365939162695 0.0106516383984 0.325295947217 0.0167997716012 0.000672268560776 0.0327024147282 0.0156767256257 0.0247776638808 0.0338716263541 0.00931093930045 0.0069767183308 0.0374697937538 0.00688208583094 -0.00362903629162 0.0221713048042 0.00191858363708 0.019109436513 0.0165581490033 0.0156211057825 0.0112315675995 0.0214569810322 0.0117498626467 0.0358690566762 0.0227135477038 0.0161804570522 0.0187489073719 
0.00298911117217 0.00421776798579 0.0206460055822 0.0131373407912 0.00889855456774 0.00497496882891 0.0421185353956 0.0124252328897 0.0188505223183 0.0049658641692 0.0167602909983 -0.0025863468167 0.0115451046557 0.0249545614793 0.0202367052552 0.0158401795343 0.00379353180804 0.0153052657018 0.00584001114558 -0.00573001165837 0.00235743335479 0.0152959109632 0.0244335752823 0.00440492917546 0.0125056368911 0.0159796353316 0.0157395180536 0.0146688478377 0.0137064898616 0.0175451993539 0.0149997794542 0.00978717258094 0.00842627897809 0.0333704597259 0.0155263460661 0.0102722612983 0.0167997716012 0.291453679822 0.0459946026108 0.0216759322992 0.0284870947793 0.0180111956286 0.0176688834584 0.00825762820584 0.0183604192863 0.0118653553904 -0.000992936897235 0.00933688969087 0.00405804742713 0.00461309980937 0.0142243605312 0.0265914946357 0.0243432791896 -0.0133824815546 0.015972939513 0.0162895757389 0.000847919605507 0.032898373501 0.0184801112012 0.0128056260229 
0.0140970516135 0.00331046290601 0.0139178733308 0.00830255959307 -0.0034328147889 0.0139121676464 -0.0090631706115 0.0183677716454 -0.0183573359142 0.0152225496546 0.0165876817193 0.0227181915241 0.0149560856458 0.0127300052897 0.00695700107917 -0.0123722935819 0.039959556434 0.0270350652829 0.0163451679922 0.00105607109136 0.0156716951308 0.0566169474624 -0.000349369061983 0.0125079023526 0.00735581560877 0.00654894920791 0.0243353408455 0.0141099802051 0.0335505441468 0.00649961572239 0.00628004441228 0.0164676712826 0.0626735919897 0.0322085605954 0.0271434872112 0.00664818421607 0.000672268560776 0.0459946026108 0.456242966213 0.00248384239957 0.0104632296188 0.00988339599238 0.0209504726604 -0.00733485061632 0.0123627184661 0.0400014710124 0.0656480133358 0.00290863096085 0.0066417535017 0.00428865210288 -0.00117663746141 -0.00438670928716 0.0578487785333 -0.0141456679736 0.0193936500052 0.00362408359372 0.0373396938821 -0.0011705470648 0.0208605013355 0.00248359138183 
