60
0.0538734886168 0.0223482457603 0.0347696809731 0.0559384191954 0.0592302274211 0.360667625942 0.158041803894 0.0331056926512 0.0251604878384 0.147407151382 0.0861911318708 0.0610020106181 0.0255776045185 0.121001700606 0.114457978761 0.0439476996979 0.0179151897049 0.242072249725 0.0843714281037 0.0135350028622 0.166074759161 0.0594494044175 0.041097516798 0.0355019489908 0.0298565853869 0.0528259349661 0.13159191543 0.0378384564622 0.143796644659 0.0132097716294 0.15717092416 0.0782010317916 0.0669692816613 0.0501755430095 0.0791308905459 0.061476397973 0.0754552666066 0.0451551332239 0.0472748306646 0.0522861094618 0.0501483555771 0.0449016594387 0.0265727047954 0.116792266476 0.0313696733512 0.090319564185 0.0435638119902 0.0352458247454 0.0870342926162 0.0380825412642 0.0418020448473 0.0395396308246 0.148169679735 0.0764707668379 0.00399952409326 0.0325349378307 0.0307440439862 0.188050706821 0.266244884644 0.133882810383 
0.370875838754 0.00772960249509 0.00497057118594 0.0522898199788 0.0184693375512 0.0249362160205 0.0113596384903 -0.00899237769831 0.0149654739053 0.00307702741597 0.019848258661 -0.002811505322 0.0214223740558 -0.00383347882203 0.00387301166073 -0.000946839748407 0.00769695625 0.048741631683 -0.00172665395925 0.0217459708353 0.0262673727428 0.0153756165282 0.00484941193333 0.00148166733163 0.00524611915781 0.00201929851592 0.0214021393422 -0.00690765135376 0.0594600403112 0.00748556889925 0.0106005579032 0.0320853702156 0.029717519534 0.0200960958986 0.0219017384918 0.0215105052049 0.0133440955074 0.00780947960343 0.0126965301756 0.043732889536 0.0199984659186 0.0356475994776 0.0111369255677 0.0132492653203 0.0121230943047 0.0288655088906 0.00740385979842 0.0290679367914 0.0285689700899 0.0163483781044 0.0223683353182 0.0167362870109 0.00178955113661 0.02826767705 0.00157515771689 -0.00451594572611 0.0288960431589 0.00929220013586 0.00354107352407 0.0147992651319 
0.00772960249509 0.203908107796 0.0176057798909 0.0140531830305 0.00843835853445 0.0116430013918 0.0142919620721 0.0319456352382 0.0386292676421 0.00961690601055 0.0232190680195 0.0160408908013 0.0110739218429 0.0159471673752 -0.00107885867925 0.00715989455155 0.0150400589111 0.0262237257773 0.0214799377085 0.00130229693131 0.0122251700813 0.0417360998978 0.00895315683653 0.00834668537882 0.0329793559116 0.0298994440164 -0.00380494922119 0.0199092716133 0.0306189330579 0.00237845427871 0.0157546346284 0.0353157436587 0.0123880620702 0.0243685973701 0.0127661933395 0.0134566053061 0.0227507086207 -0.0158890110937 -0.00283990703912 0.00571449926465 0.0248301631908 -0.000729704134012 0.00568132456951 0.0119556427533 0.00790757765197 0.00865182643883 0.0238235015235 0.0127349839909 0.00507172656124 0.00985620277975 0.0142609819396 0.00257982346495 0.00103833899432 0.027458294941 0.0197497903347 -0.00224350848873 0.0258018535786 0.00533614666758 0.0207809696237 -0.0122565733177 
0.00497057118594 0.0176057798909 0.213200256771 0.0209373236109 0.0194557015883 0.0534630812529 0.00495851463834 0.0235573775141 0.00793939439593 0.0246967879121 0.0251333583122 0.0217739332205 0.00167435678911 0.0159824047633 0.013632208781 0.0104659766761 0.010566943598 0.0345493088012 0.0232102359754 0.00337184898515 0.0264088606106 0.0114080005437 0.00815282256146 0.012253071587 0.00793061551143 0.0229480497917 0.0206275262413 -0.00317310314532 0.0327730711385 0.0208009344176 0.0100724825826 0.00202534354691 0.0238376006746 0.0215670408987 0.0020560332718 0.0215261010793 0.0151166956035 -0.0127053359409 0.0150923167266 0.0317935025788 0.0163569377034 0.00903773672154 0.00307732335463 -0.008615425582 0.0205921984192 0.0204087453033 0.0110716450243 0.0069694673376 0.0232920574963 0.0225883252978 0.0235704977242 0.00837897522363 0.0105818849557 0.015206906458 0.00760715903852 0.0126166601619 0.00851823567085 0.0498673408452 0.0678144484609 0.0175766831856 
0.0522898199788 0.0140531830305 0.0209373236109 0.222332027322 -0.000656173101125 0.0274905506071 0.015657749739 0.00726267574926 0.0091787430433 -0.000508775636091 0.0183312423577 0.00536496057212 0.0149098777641 0.00370341158125 0.00171719690631 0.00712909168329 -0.00809045809595 0.021421514556 0.0295660069044 0.0117404677636 0.011000467976 0.01496727034 0.018105021112 0.0142716812155 0.00737896222443 0.0215505986384 -0.000756148545295 0.00153101932527 0.0208563908475 0.00600178435649 0.0432698211004 0.0106713746377 0.00228602859737 0.0378681041762 0.0178634138998 0.0245014089942 0.0218994309103 0.0168755529621 0.00933356045047 0.0188104299585 0.017529245817 0.00748003757958 0.00142180773709 0.00956931897157 0.00145229344589 0.031431862212 0.00488535609279 0.0116826731538 0.0170935292262 0.023342168279 0.0167462351601 0.0230229533719 -0.00462971478313 0.0336372252854 0.00992641460794 -0.00138916442243 0.0155178978828 0.0101761022164 0.00892076512233 -0.001596040767 
0.0184693375512 0.00843835853445 0.0194557015883 -0.000656173101125 0.336305963154 0.0244195087664 0.022337216371 0.0203555916634 0.012827881446 0.00117885079323 0.00558013611508 0.000896141566325 0.00945143029272 -0.00831248792361 0.00805523801942 0.0172413365372 0.00153630340055 0.043610361369 0.0106421300408 0.0162786175651 0.0120963352138 0.00803146387106 0.0176564900581 0.00337406215386 0.0162275432874 0.0137256929531 -0.00761408030295 0.0171598906473 0.0225067378101 0.00830905778145 0.0123649618581 0.019214188784 0.0134950846392 0.0135736323934 0.0200595607032 0.0116976827207 0.0545943170514 -0.00499928534622 0.00768677512725 0.00931823416478 0.00333110057962 0.0389693130051 0.0218483983837 0.00673638076071 0.00992068589256 0.00749779443481 0.0228463697576 0.0179567671233 0.0196371422109 0.0158735003311 0.0144874119935 0.0104060800737 0.00601130118853 0.0116777900479 0.00876560069668 0.0016936736962 0.0210514965693 0.0247802635218 0.0154624588303 0.0183088231424 
0.0249362160205 0.0116430013918 0.0534630812529 0.0274905506071 0.0244195087664 1.17467556303 0.031520038247 0.0082539946851 -0.0055197684067 0.0242362276381 0.0334576199635 0.0321997878233 -0.00142161979847 0.0170519619209 0.026161813081 0.00865582913249 0.028047508444 0.0634511398528 0.0521281218704 0.0179791414923 0.0431358847888 0.0423770345383 0.00148633686426 -0.00098459863212 -0.00119055475169 0.0510037045844 0.0814251866851 -0.0166269549992 0.0314655999898 0.0238070545634 0.0748911244108 0.0459964305042 0.0379954053187 0.021093421976 0.0262290908434 0.0113274571219 0.0491000575016 0.046729071524 0.00876149799832 0.025637190673 0.0135718155156 0.0300191591899 0.0168122540244 -0.0126675006232 0.0183283477191 0.0337310919891 0.0030375172495 0.018045207615 0.0761848524378 0.0228058410586 0.0177725493844 0.0122419080907 0.0149416253088 0.0365671474896 -0.00689095839934 0.0354422298689 0.0208584720931 0.053802992603 0.0759742173108 0.0430352647325 
0.0113596384903 0.0142919620721 0.00495851463834 0.015657749739 0.022337216371 0.031520038247 1.01537960265 0.000390797123184 0.0130233135988 0.0164561114125 0.0247189568004 0.010512874784 0.00313819221639 0.0121903869633 0.00808564824782 0.00717942062183 0.0105634556195 0.00340086752889 0.0083171746456 0.0163514157044 0.0513342656855 0.0430102419911 0.00376410065355 0.0106573062924 0.0235676404639 0.0137877655906 -0.00522775555021 0.023449769531 0.0286622234444 0.00730810075618 0.0117879786965 0.0254773804128 0.0156177462404 0.0145980925016 -0.012441487931 0.0256656821878 0.00633840645308 0.00717819790915 -0.000521059577033 0.0172087568087 0.00174713188957 -0.000217589006154 -0.00844207713871 0.0168008734981 -0.00355158598493 0.17957969431 0.0173272311039 0.00141100481103 0.0228832968163 0.0184824486326 0.017516758229 0.0133437812986 0.0437517610702 0.00933431681008 0.0308140882456 0.0320820554171 0.0152984964271 0.0284090987175 -0.00651887881196 0.00437424066682 
-0.00899237769831 0.0319456352382 0.0235573775141 0.00726267574926 0.0203555916634 0.0082539946851 0.000390797123184 0.204122677363 0.025445758418 0.0357726444522 0.0276936107485 0.00672738805514 0.0132835296189 0.03943785642 0.0333462614283 0.00220255140651 0.0077096430991 0.0314432982608 0.00922614245609 0.00669328295065 0.0216189121227 0.0289674117317 0.024426871016 0.0156036459984 0.0250207549389 0.00923660952853 0.0312862241258 0.0182337771569 0.0228051808214 0.000943441709584 0.000871397264022 0.0140290019056 -0.00404218281373 -0.000435085383702 0.000801274275918 0.0141982514694 0.014044555702 -0.00140375150886 0.00388558015197 0.00257662879124 0.0156432835772 0.0108200818273 0.00156153359045 0.0145843671628 0.0234220231531 0.0110418918151 0.0181058950636 0.0225456533367 0.0129523890701 0.00953906194249 0.0168782660744 0.0122834142619 0.0280721869409 0.00878191486125 0.00827236708005 0.0101453307271 0.0285419498378 0.0029365315559 0.00311004777342 0.0232442205659 
0.0149654739053 0.0386292676421 0.00793939439593 0.0091787430433 0.012827881446 -0.0055197684067 0.0130233135988 0.025445758418 0.163844778833 0.0060306144382 0.00507328918175 0.012884250945 0.0151261769377 0.0116537864145 -0.00576904860471 -0.0020041298616 0.00828688451917 0.029111563847 0.00433219587797 0.0109545894929 0.00990608653206 0.0353265964547 0.0192948108206 0.0145256880105 0.0535758098527 0.0223327873677 0.00130153590464 0.0141720158446 0.020033253989 0.00790800357855 0.0171296837608 0.00116368105415 0.0070881879719 0.0106106420589 0.00449222571422 0.0219914314056 0.0224356620455 -0.001107658936 0.0053464855234 0.00778515810863 0.0180601132126 0.0139664323659 0.0140808032679 0.00551494233039 0.0138049432897 0.00949084099082 0.0178262613446 0.0114844370415 0.0162508257108 0.00669268662717 0.0133764837226 0.00907709347079 0.0099346227596 0.0126280980489 0.0180935746469 0.0235707926846 0.0202525892237 -0.00488153745032 0.0143049954273 -0.00315774122753 
0.00307702741597 0.00961690601055 0.0246967879121 -0.00050877563609 0.00117885079323 0.0242362276381 0.0164561114125 0.0357726444522 0.0060306144382 0.505328345912 0.0372815262705 0.0405931045557 0.0160367283706 0.0492849605396 0.157079715476 -0.00504052508439 0.000771738583699 0.0788012583632 0.00114387293443 0.0129966131335 0.064257926371 0.0104796620493 0.0289438504423 0.00340472258813 0.00431182116303 -0.00915533440097 0.137016693678 0.042196740179 0.0109844349757 -0.00262732058135 0.0401264875863 0.0330104238815 0.0319079008872 0.00438185900289 0.0112481822684 0.0208348266229 0.0668751864473 0.0252706943591 -0.00640687195131 0.0295915234032 0.0250737266932 0.0198374607335 0.00652024147273 0.0396143259502 -0.00703084341859 -0.00315429532356 0.00433021891779 0.0125067491749 -0.00367878222893 0.00382847639884 0.0172162853916 -0.0149632657825 0.0407393045187 0.00532946946796 -0.0206127882609 -0.00476394616816 0.00952426754331 -0.000473958886641 0.0223043834982 0.107897674024 
0.019848258661 0.0232190680195 0.0251333583122 0.0183312423577 0.00558013611508 0.0334576199635 0.0247189568004 0.0276936107485 0.00507328918175 0.0372815262705 0.387992618084 0.0277689640565 0.00792288108218 0.032271034075 0.0180891348989 0.00277195195161 -0.00183049187112 0.0349549564084 -0.00187465696085 0.0095580093565 0.0371022353671 0.0374221936482 -0.00189524741272 0.00472726984291 0.00937022517042 0.0118391274203 0.0225878837266 -0.00439519813404 0.0802556439787 0.0173669623886 0.0550394814234 0.0306358191981 0.0105191681118 0.0232978271862 0.0656051530471 0.0224929473829 0.0299492642167 0.00454702895379 0.0250511349053 0.0132043538308 0.0164161477581 0.00853721236791 0.0104248654882 0.0184432244399 0.0135848949254 0.0272153453943 0.00264777775909 0.013650128219 0.0269414289934 0.012931482101 0.0219410941432 0.0193636329134 0.025704846554 0.0192430463164 -0.00315854497929 0.0212901945241 0.0208008855118 0.0256438353739 -0.0109790651713 0.0107171551848 
-0.002811505322 0.0160408908013 0.0217739332205 0.00536496057212 0.000896141566326 0.0321997878233 0.010512874784 0.00672738805514 0.012884250945 0.0405931045557 0.0277689640565 0.410191704576 0.00783960008276 0.0145438465142 0.00249369913611 0.0139111518186 -0.00416208818039 0.0398772443311 0.0146278427963 0.00134319172781 0.0251158100316 -0.000244330927545 0.00512385073437 0.0277227171975 0.0117981129883 0.00313442461808 0.0336142689799 0.00749911242441 0.0511357119567 0.0156985523857 0.0287369638925 0.0295477738886 0.0166501196236 0.017580566752 0.0177568719389 0.0102630484169 0.00831838237124 0.00867708150071 -0.00581726695164 -0.00301942723645 0.00233937353098 0.012256577316 0.0039551198747 0.0366066682335 0.0145540860944 0.0185114221505 0.000644486485704 0.0042495454604 0.0185677873796 0.0137998942002 -0.00473800635269 0.0167940774152 0.00688422678984 0.0248279656988 0.00575764079976 0.00539774189797 0.0188417559839 0.0091187418951 0.0765987205278 0.00666330433391 
0.0214223740558 0.0110739218429 0.00167435678911 0.0149098777641 0.00945143029272 -0.00142161979847 0.00313819221639 0.0132835296189 0.0151261769377 0.0160367283706 0.00792288108218 0.00783960008276 0.320524847322 0.0283016349063 0.0116519581182 0.00466874550852 0.0166899177663 0.00912164346636 -0.00303467033351 0.00888428524512 0.0137137320562 0.0180291757987 0.00151642520763 0.00561259050768 0.0137213031183 0.00510111732096 -0.000510874165303 -0.0112693437687 0.0223180713078 0.00781923999521 0.0152035809669 0.00765771418015 0.0206963538563 0.00200538939372 0.0218770862633 0.0096802827583 0.0139431616471 0.0106460756358 -0.000818522584394 0.00563461572926 0.0220541669392 0.0235476190133 0.00298308909035 0.00529139504893 -0.00540102815607 0.0220597816893 0.000326891297837 0.00455122618646 -0.00535356226434 0.00951850892095 0.0104793411067 0.0183805779761 0.000196272380078 0.0187706693846 0.0132394217664 0.0230872011342 0.0152521741363 0.00707021368334 0.0233569339113 8.73040787621e-05 
-0.00383347882203 0.0159471673752 0.0159824047633 0.00370341158125 -0.00831248792361 0.0170519619209 0.0121903869633 0.03943785642 0.0116537864145 0.0492849605396 0.032271034075 0.0145438465142 0.0283016349063 0.730214878014 0.0764060270518 0.0168273416295 0.00218623889095 0.0451888981468 -0.00971585396919 0.00832687892199 0.027177736183 0.00890747092895 0.021760783166 0.0159753698992 0.0113373920888 -0.0107591741419 0.0610855816759 -0.000583361108272 0.0500504762376 0.0104423843723 0.00635140578895 0.0175193699754 -0.00377784700722 -0.0008173684885 -0.00409188225881 0.0527576703095 0.00467784417741 0.0079969898071 0.0152503350322 0.0219322728241 0.0124635259643 0.0190216707792 0.0149622526806 0.00723413163045 0.010549965963 0.00433161832929 -0.00115263716798 0.00767837027228 -0.000244517587973 0.0185725639533 0.0131608100575 0.00609588077512 0.0163598204535 -0.0134446724717 0.0302768993269 0.00436009915747 0.0246156955702 0.0199833345193 -0.00382069572496 0.0500013098495 
0.00387301166073 -0.00107885867925 0.013632208781 0.00171719690631 0.00805523801942 0.026161813081 0.00808564824782 0.0333462614283 -0.00576904860471 0.157079715476 0.0180891348989 0.00249369913611 0.0116519581182 0.0764060270518 0.362886521551 0.00438478002504 0.00226429251868 0.0674499400112 -0.0049357149395 0.00991298103721 0.0552155469621 -0.000399103373824 0.0156992375055 0.00921906434383 -0.00138658245472 -0.0132391683522 0.14970348725 0.0106167739386 0.0203750672958 0.00391644259922 -0.0182031490123 0.0114243528787 -0.0190390848836 0.031940297974 0.0191394060612 0.0179200817319 0.0349613002132 0.00373326819909 -0.000931400025978 0.0135394644143 0.0234433171319 0.0190256540942 0.00513403390782 0.0143897612555 0.00561902731985 0.00023365096765 0.028101447319 0.00124491388874 0.00953083446352 0.0027470333768 0.0210987379257 -0.0116651549407 0.0413407443386 0.0242639626591 -0.00551527328272 -0.011619763793 0.0164766622022 0.00993696089584 -0.0171585717504 0.107743441636 
-0.000946839748408 0.00715989455155 0.0104659766761 0.00712909168329 0.0172413365372 0.00865582913249 0.00717942062183 0.00220255140651 -0.0020041298616 -0.00504052508439 0.00277195195161 0.0139111518186 0.00466874550852 0.0168273416295 0.00438478002504 0.177089216965 0.00422462352807 0.0288660649773 0.0136512907839 0.000975258027324 -0.00557588193991 0.0128140036197 0.00213831725851 0.00388197483561 -0.00881313264623 0.0181100976279 0.0165618237289 -0.00964178400028 0.0151872368097 0.00908391006944 0.0149855895443 0.010676475918 0.000741049372502 0.0184588513218 0.00211262828142 0.00720569145283 -0.00390500830274 0.0208854424285 0.0554942280539 -0.00106586219794 0.00381466174462 0.00164974755313 0.0057283752801 -0.0170797867474 0.0109920811956 0.00701507719046 0.0061920069993 0.0120099502805 0.00376417486522 0.007195195311 -0.00632916337625 0.00643199582371 0.0257358170152 0.00766201888946 0.00959966175719 0.00900123367738 0.00603862157471 -0.00828236220438 0.00842941609515 0.00894807306477 
0.00769695625 0.0150400589111 0.010566943598 -0.00809045809595 0.00153630340055 0.028047508444 0.0105634556195 0.0077096430991 0.00828688451917 0.000771738583699 -0.00183049187112 -0.00416208818039 0.0166899177663 0.00218623889095 0.00226429251868 0.00422462352807 0.308913494097 -0.00664608729317 -0.0136641485282 0.0167613257475 0.0251802410514 0.0133967089107 0.0148915570431 0.0143237853155 0.00438998748525 0.0162094421028 0.0251323280234 0.00817724540618 0.0215851609713 0.0107807620252 0.00523039828188 -0.00134020818042 0.0110619007433 -0.00243837881321 0.00329024547306 -0.000888556685796 0.0234827753394 -0.00281007009923 0.00896008559347 0.0149215817034 0.00450230688293 0.013255665265 0.00194316114788 0.00128992257282 0.0237100567878 0.0074869444096 0.0212045905328 0.00337898210307 -0.00457099704469 0.00954142926221 0.00649747456014 0.00809823879412 0.00561230197637 0.00611247410162 0.0135564198121 -0.0024219425376 0.0247777120332 0.00153864990879 -0.00787838412061 0.00876186610251 
0.048741631683 0.0262237257773 0.0345493088012 0.021421514556 0.043610361369 0.0634511398528 0.00340086752889 0.0314432982608 0.029111563847 0.0788012583632 0.0349549564084 0.0398772443311 0.00912164346636 0.0451888981468 0.0674499400112 0.0288660649773 -0.00664608729317 0.623810769777 0.0900060863294 0.00356627393398 0.176580425004 0.0372932982533 0.0223917451503 0.0204429328083 0.0136890074403 0.0188871014372 0.0722219675702 -0.0232330924637 0.0965363838352 0.0203280338556 0.0792148982902 0.0229189774849 0.0620028720029 0.0328277087203 -0.0100674217417 0.048063358617 0.00179559961799 0.031173956205 0.0147517810346 0.0333233345906 0.0628611441891 0.0534530957957 0.00301086962394 0.0253161564885 0.0173894493528 0.0427893897299 0.0149405559229 0.0233572116938 0.0839296847226 0.0239428453431 0.0280665410377 0.034717634356 0.00994755265648 0.0788915338896 0.0180842297368 0.00326484580207 0.028792142949 0.0675968094328 0.0603776765057 0.0544388540709 
-0.00172665395925 0.0214799377085 0.0232102359754 0.0295660069044 0.0106421300408 0.0521281218704 0.0083171746456 0.00922614245609 0.00433219587797 0.00114387293443 -0.00187465696084 0.0146278427963 -0.00303467033351 -0.00971585396919 -0.0049357149395 0.0136512907839 -0.0136641485282 0.0900060863294 0.831421958961 0.0421232263154 0.0499038819419 0.00340437696573 0.0143342050405 0.028513520469 0.0121354754101 0.00023301457123 0.00795460274957 0.00689548539927 0.00181058131039 -0.00448895849114 0.03060857255 0.0229579333994 0.0325601916029 -0.00637514725573 0.0179624444261 0.0110210778851 0.0035062000299 0.00798534265383 0.0144451248983 -0.00688665609002 0.0160526103922 0.0198997240638 -0.0208962425883 0.0257003299304 0.024545502747 0.0112724963555 -0.0112904891432 0.00984615817867 0.0654725718565 -0.000753697035135 0.0196417035812 0.000225750087634 0.0382214053106 0.187410577457 -0.000506558056327 -0.00389261719251 0.0122815218473 0.0443065386527 0.00715561155627 -0.0207514401046 
0.0217459708353 0.00130229693131 0.00337184898515 0.0117404677636 0.0162786175651 0.0179791414923 0.0163514157044 0.00669328295065 0.0109545894929 0.0129966131335 0.0095580093565 0.00134319172781 0.00888428524512 0.00832687892199 0.00991298103721 0.000975258027324 0.0167613257475 0.00356627393398 0.0421232263154 0.188248570491 0.0203499804037 0.0215120918116 0.0207396490163 0.0306618538364 0.0148737873982 0.0105665083038 0.0217071330788 0.010066664828 0.0217595486852 0.0175872560818 0.00417214863131 0.00637299008264 0.0144129845197 0.0205133721767 0.00505965686866 0.0254186867474 0.0282794825437 0.0179813111546 -0.00579952248691 0.016786993515 0.0222730455541 0.00629375976049 0.0203060188868 0.00140773335837 0.0186847319308 0.0096502261945 0.0048420571716 0.00942087574219 0.0250070751938 0.00779694937126 0.0228422228339 0.0121421844356 0.0117215189013 0.02549890446 0.0067677558857 0.0193184536673 0.0137675650896 0.00785240439121 0.0342308956097 0.00973446483068 
0.0262673727428 0.0122251700813 0.0264088606106 0.011000467976 0.0120963352138 0.0431358847888 0.0513342656855 0.0216189121227 0.00990608653206 0.064257926371 0.0371022353671 0.0251158100316 0.0137137320562 0.027177736183 0.0552155469621 -0.00557588193991 0.0251802410514 0.176580425004 0.0499038819419 0.0203499804037 0.456997798603 0.0338647226618 0.0183779174661 -0.00284196824287 0.023946218277 0.0213452877191 0.0759940883887 0.0215743678866 0.0975802787933 0.017921979935 0.0351875132905 0.00674867423171 0.0636458381549 0.0319552626178 0.00021899526934 0.0239731694663 0.0101744784567 0.0099483183693 -0.0229123935544 0.0385404803663 0.0365700610777 0.0367146975911 0.0144113458374 0.0148532422656 0.0303590535118 0.0258540291079 0.0106976180791 0.0111846393113 0.059201321876 0.0215921888114 0.0323522616832 0.0193733971775 0.0275772451651 0.04948229604 -0.00291708438864 0.0348636258479 0.0360108922862 0.0431529266894 0.0556835000042 0.0718581579246 
0.0153756165282 0.0417360998978 0.0114080005437 0.01496727034 0.00803146387106 0.0423770345383 0.0430102419911 0.0289674117317 0.0353265964547 0.0104796620493 0.0374221936482 -0.000244330927545 0.0180291757987 0.00890747092895 -0.000399103373824 0.0128140036197 0.0133967089107 0.0372932982533 0.00340437696573 0.0215120918116 0.0338647226618 0.271130106791 0.0353099136432 0.0215654251671 0.0319800173722 0.0472927303405 0.0143106712538 0.0096941519405 0.0492420728116 0.024972008102 0.0294623482175 0.0293174978852 0.0197632871883 0.0286284522991 -0.00112491459171 0.0480042667651 0.0235098798731 0.00508391985146 0.0101215462726 0.0228579550426 0.0325641913506 0.0218503689928 0.0377553524355 0.0122400201335 0.0205197840506 0.0107754591169 0.0028386259033 0.0289866887284 0.0383869911794 0.00750184099536 0.0448848054763 0.0214143872671 0.0134945020345 0.0396086491701 0.014867572448 0.0215546426104 0.0416664289863 0.019465143274 0.0255568447882 0.0262884256518 
0.00484941193333 0.00895315683653 0.00815282256146 0.018105021112 0.0176564900581 0.00148633686426 0.00376410065355 0.024426871016 0.0192948108206 0.0289438504423 -0.00189524741272 0.00512385073437 0.00151642520763 0.021760783166 0.0156992375055 0.00213831725851 0.0148915570431 0.0223917451503 0.0143342050405 0.0207396490163 0.0183779174661 0.0353099136432 0.240591996414 0.0292795655263 0.0236054663679 0.028065949834 0.045519001512 0.0122743694305 0.0383972536157 0.019518679772 0.0219817039158 0.0134574805411 0.00754974510717 0.00898681596261 0.0276100747008 0.0369842751461 0.0309503526792 0.00298876739996 0.00247641051741 -0.00216766187079 0.00847058896907 0.00078734947001 0.0249569587168 0.00956882074105 0.0164779914861 -0.00923174715825 0.0130670312569 0.0155710650282 0.0135187393946 0.0145434461918 0.0147780332148 0.00795105452862 0.0118428870879 0.00856750860358 0.0193788478669 -0.000954182741207 0.0296675201602 0.0164825219374 0.0313714287808 0.0245633351478 
0.00148166733163 0.00834668537882 0.012253071587 0.0142716812155 0.00337406215386 -0.00098459863212 0.0106573062924 0.0156036459984 0.0145256880105 0.00340472258813 0.00472726984291 0.0277227171975 0.00561259050767 0.0159753698992 0.00921906434383 0.00388197483561 0.0143237853155 0.0204429328083 0.028513520469 0.0306618538364 -0.00284196824287 0.0215654251671 0.0292795655263 0.304463157716 0.0148872537141 0.0325103373467 0.020201192282 0.0031559965568 0.0122653481147 0.0167684056999 0.0278552486795 0.0123817069335 0.00488832034295 0.00382348322067 -0.0118380591173 0.0168768912632 0.0340208745712 0.00754383875762 0.00932815310219 0.00139220457913 0.0206925346184 0.0172842184039 0.014297286048 0.0247163404623 -0.000476466716132 -0.00232581614993 0.000717367513531 0.0215975693919 0.0198480013248 0.0106213890815 0.0272285299114 0.0263687438394 0.022851294273 0.00122175978662 0.0123553066234 -0.00640018655841 0.0144699189136 0.0345021761488 0.0478124648608 0.0108990979834 
0.00524611915781 0.0329793559116 0.00793061551143 0.00737896222443 0.0162275432874 -0.00119055475169 0.0235676404639 0.0250207549389 0.0535758098527 0.00431182116304 0.00937022517042 0.0117981129883 0.0137213031183 0.0113373920888 -0.00138658245472 -0.00881313264623 0.00438998748525 0.0136890074403 0.0121354754101 0.0148737873982 0.023946218277 0.0319800173722 0.0236054663679 0.0148872537141 0.127589574209 0.0189009206337 0.0086640055781 0.0180839414333 0.0427258786769 0.00564371693861 0.013315747444 0.00308475343149 0.0203124158788 0.0144720924653 0.0068809301809 0.0296397656153 0.000233372193404 0.00790070083174 0.0088238925119 0.0109454627853 0.0178475984871 0.0131209540966 0.0237266899016 0.0170331803313 0.0208459588449 0.017366701693 0.0191218529938 0.00813927491278 0.0131309596524 0.00326934967233 0.0104716013739 0.0200850086843 0.00684555616489 0.0112667805061 0.0108685505828 0.013040539965 0.0217266729893 0.00633242499763 0.00884325171558 0.00719463883967 
0.00201929851592 0.0298994440164 0.0229480497917 0.0215505986384 0.0137256929531 0.0510037045844 0.0137877655906 0.00923660952853 0.0223327873677 -0.00915533440097 0.0118391274203 0.00313442461808 0.00510111732096 -0.0107591741419 -0.0132391683522 0.0181100976279 0.0162094421028 0.0188871014372 0.00023301457123 0.0105665083038 0.0213452877191 0.0472927303405 0.028065949834 0.0325103373467 0.0189009206337 0.275185420724 0.0118548724066 0.0141996988042 0.0333495805792 0.00217507788733 0.0276322285617 0.0250920343097 0.0317952513236 0.0141665012142 -0.00692760071365 0.0137377020021 0.0167447105088 0.0236986460697 0.00291835836576 0.0332855558551 0.0176219396658 0.00929499819814 0.0406705923492 0.017041235147 0.00231924932505 0.0281331413263 0.0123521234532 0.0132660848869 -0.00372776143825 -4.59087613664e-05 0.0154174335166 0.0136694315063 -0.00405008824841 0.0168651992337 0.0100089988963 0.0365476811056 0.00505391764945 0.0265768293218 0.0231270092868 0.0059429365138 
0.0214021393422 -0.00380494922119 0.0206275262413 -0.000756148545295 -0.00761408030295 0.0814251866851 -0.00522775555021 0.0312862241258 0.00130153590464 0.137016693678 0.0225878837266 0.0336142689799 -0.000510874165304 0.0610855816759 0.14970348725 0.0165618237289 0.0251323280234 0.0722219675702 0.00795460274958 0.0217071330788 0.0759940883887 0.0143106712538 0.045519001512 0.020201192282 0.0086640055781 0.0118548724066 0.462565062665 0.0675484766469 0.0782650203258 0.0027881289387 0.0266562630316 0.0236908906975 0.0128559292463 0.0211164340982 0.0244914847136 0.0272892591282 0.0607756267312 0.0222616130332 -0.00844933984451 0.0195742325877 0.022048882046 0.0129327890025 0.0136761149697 -0.00798060290948 0.0120298704993 0.0048617483859 0.00324634417721 -0.00277389985766 0.0482527015355 0.0176760503112 0.0340201543584 0.0040238104339 0.0408895233176 0.0354286805501 -0.00252473002226 0.00284776850671 0.0290461833371 0.00319637138781 -0.00299939041261 0.173421804361 
-0.00690765135376 0.0199092716133 -0.00317310314532 0.00153101932527 0.0171598906473 -0.0166269549992 0.023449769531 0.0182337771569 0.0141720158446 0.042196740179 -0.00439519813404 0.00749911242441 -0.0112693437687 -0.000583361108272 0.0106167739386 -0.00964178400028 0.00817724540618 -0.0232330924637 0.00689548539927 0.010066664828 0.0215743678866 0.0096941519405 0.0122743694305 0.0031559965568 0.0180839414333 0.0141996988042 0.0675484766469 0.459169322322 -0.00502712535774 -0.0108285416115 0.00568159070703 0.0164796804044 0.0146356720544 0.0165203255223 0.0115987803145 0.00705196435774 0.00294412790228 -0.00135421643299 0.00222760157514 0.00460863592961 0.021820667072 0.0151488340397 0.0180347628042 0.0154835488439 -0.00635917915954 0.00059305608869 0.000538483062226 -0.00752786223336 -0.0115107323711 0.00353033459776 0.0108376173312 -0.000985454632321 -0.00792515001523 -0.00804127704389 0.00690127250768 0.0248896172716 0.0181042102686 0.0221463386007 0.0476790657418 0.0495511264042 
0.0594600403112 0.0306189330579 0.0327730711385 0.0208563908475 0.0225067378101 0.0314655999898 0.0286622234444 0.0228051808214 0.020033253989 0.0109844349757 0.0802556439787 0.0511357119567 0.0223180713078 0.0500504762376 0.0203750672958 0.0151872368097 0.0215851609713 0.0965363838352 0.00181058131039 0.0217595486852 0.0975802787933 0.0492420728116 0.0383972536157 0.0122653481147 0.0427258786769 0.0333495805792 0.0782650203258 -0.00502712535774 0.59585894386 0.0192875243863 0.0961880461116 0.0355274438055 0.056677624251 0.023659850868 0.0305701380273 0.0960911844602 0.0177893176798 0.0265380764253 0.00383673329207 0.0422332864676 0.0254731750235 0.0443513343718 0.0283393014639 0.0199384828304 0.0265454263525 0.0471177709959 0.00266573571811 0.0435096942386 0.0879764383732 0.0305201495868 0.0282400409098 0.037405810901 0.00811308555765 0.0736789407976 0.0117030453331 0.030566291586 0.0355101741269 0.0492544900897 0.083783235492 0.0600903981446 
0.00748556889925 0.00237845427871 0.0208009344176 0.00600178435649 0.00830905778145 0.0238070545634 0.00730810075618 0.000943441709584 0.00790800357855 -0.00262732058135 0.0173669623886 0.0156985523857 0.00781923999521 0.0104423843723 0.00391644259922 0.00908391006944 0.0107807620252 0.0203280338556 -0.00448895849114 0.0175872560818 0.017921979935 0.024972008102 0.019518679772 0.0167684056999 0.00564371693861 0.00217507788733 0.0027881289387 -0.0108285416115 0.0192875243863 0.160736440622 0.00377796302759 0.0171044831184 0.00556449927413 0.0114791423706 0.0141394096952 0.0121356712365 0.0133260525566 -0.00326609258544 0.00518921461003 0.00283542993629 0.0126889910631 0.00216861332145 0.00380353275868 -0.000735565570255 0.00260492238645 0.0153462283737 0.00804275922614 0.0100650721231 0.0123301140455 0.00854759193201 0.0211751856615 0.0115170262277 0.0052833767793 0.0131654652609 0.0234968129926 0.00943159913833 0.0152800345578 0.0308096286079 0.00279949815368 -0.00718788896122 
0.0106005579032 0.0157546346284 0.0100724825826 0.0432698211004 0.0123649618581 0.0748911244108 0.0117879786965 0.000871397264022 0.0171296837608 0.0401264875863 0.0550394814234 0.0287369638925 0.0152035809669 0.00635140578895 -0.0182031490123 0.0149855895443 0.00523039828188 0.0792148982902 0.03060857255 0.00417214863131 0.0351875132905 0.0294623482175 0.0219817039158 0.0278552486795 0.013315747444 0.0276322285617 0.0266562630316 0.00568159070702 0.0961880461116 0.00377796302759 0.603661770779 0.0631118345052 0.0454815330891 0.00152256823618 -0.00460335589414 0.055889979515 0.0158918425262 0.00532193227006 9.55352773765e-05 0.0210604069778 0.0355977454213 0.0196809566996 0.0177360318098 0.0287177214212 0.00703560437967 0.0261560364789 0.0101865287312 0.0157062171435 0.0649240630785 0.0536318521312 0.0401276417649 0.0168516045806 0.0586940561363 0.035968111448 0.00290025305798 0.0287936246769 0.00750789438614 0.0813220142895 -0.00520326379749 0.0346561610797 
0.0320853702156 0.0353157436587 0.00202534354691 0.0106713746377 0.019214188784 0.0459964305042 0.0254773804128 0.0140290019056 0.00116368105415 0.0330104238815 0.0306358191981 0.0295477738886 0.00765771418015 0.0175193699754 0.0114243528787 0.010676475918 -0.00134020818042 0.0229189774849 0.0229579333994 0.00637299008264 0.00674867423171 0.0293174978852 0.0134574805411 0.0123817069335 0.00308475343149 0.0250920343097 0.0236908906975 0.0164796804044 0.0355274438055 0.0171044831184 0.0631118345052 0.374118826945 0.0296877638696 0.0348298391291 0.032813834708 0.0316377518945 0.0134228375755 -0.00856343380759 0.0169702675493 -0.0104741257475 0.0247572097691 0.0107831434571 0.024125506321 -0.00244363122144 0.00491593893092 0.0129492203733 0.011661588962 0.012055410119 0.0347987231317 0.0261524941119 0.0169441923029 0.00509592798534 0.0397955704922 0.0321127624299 0.00829077566184 -0.0212959665095 0.0163000504194 0.0379111022257 0.0200509955722 0.0124976189124 
0.029717519534 0.0123880620702 0.0238376006746 0.00228602859737 0.0134950846392 0.0379954053187 0.0156177462404 -0.00404218281373 0.0070881879719 0.0319079008872 0.0105191681118 0.0166501196236 0.0206963538563 -0.00377784700722 -0.0190390848836 0.000741049372502 0.0110619007433 0.0620028720029 0.0325601916029 0.0144129845197 0.0636458381549 0.0197632871883 0.00754974510717 0.00488832034295 0.0203124158788 0.0317952513236 0.0128559292464 0.0146356720544 0.056677624251 0.00556449927413 0.0454815330891 0.0296877638696 0.464697949098 0.00633357919559 0.0134900758131 0.0333544468607 0.0301573286267 0.0218106840994 -0.00649074835764 0.0347211124327 0.0151156080138 0.0141248980591 0.00331083447526 0.0204325449516 0.00917756090217 0.0162655365906 0.00182660647156 0.0184141561027 0.0148688407659 0.0116466111124 0.0194790150158 0.0109890123509 0.00324876270149 0.0465976228693 0.00920699098804 0.0179990511317 0.0173608547404 0.0236715603885 0.0643979765382 0.0221868284588 
0.0200960958986 0.0243685973701 0.0215670408987 0.0378681041762 0.0135736323934 0.021093421976 0.0145980925016 -0.000435085383702 0.0106106420589 0.00438185900289 0.0232978271862 0.017580566752 0.00200538939372 -0.0008173684885 0.031940297974 0.0184588513218 -0.00243837881321 0.0328277087203 -0.00637514725573 0.0205133721767 0.0319552626178 0.0286284522991 0.00898681596261 0.00382348322067 0.0144720924653 0.0141665012142 0.0211164340982 0.0165203255223 0.023659850868 0.0114791423706 0.00152256823618 0.0348298391291 0.00633357919559 0.312410503623 0.0167333771634 0.00613225221664 0.0225104791813 0.00238656060688 -0.00169614291372 0.0171979654873 0.0158752195808 0.0136735144947 0.00356383793329 -0.0058504233204 0.0248915861643 0.0152176962261 -0.000251965083438 0.00588908085453 0.0170550720051 0.0162944661503 -0.000346503714185 0.0141259803385 0.0181333867959 0.0396462491168 0.01045362563 0.0260798628884 0.00453806467618 0.010444169004 0.0209917528118 0.00792438171499 
0.0219017384918 0.0127661933395 0.0020560332718 0.0178634138998 0.0200595607032 0.0262290908434 -0.012441487931 0.000801274275918 0.00449222571422 0.0112481822684 0.0656051530471 0.0177568719389 0.0218770862633 -0.00409188225881 0.0191394060612 0.00211262828142 0.00329024547306 -0.0100674217417 0.0179624444261 0.00505965686866 0.000218995269341 -0.00112491459171 0.0276100747008 -0.0118380591173 0.0068809301809 -0.00692760071365 0.0244914847136 0.0115987803145 0.0305701380273 0.0141394096952 -0.00460335589415 0.032813834708 0.0134900758131 0.0167333771634 0.614876735029 -1.13302491133e-05 -0.00319630134364 0.011968956675 0.0226388877906 -0.00350639529286 -0.00514204756357 -0.000378288404013 -4.83372416094e-05 0.00260902524975 -0.0116205348112 0.0113232127302 0.0087539213447 -0.00836538009173 0.003689578836 0.0202081107071 0.0123348584551 -0.0109545231206 0.00102605428201 0.00607070756447 0.016894408724 0.00843827231829 0.0136813232929 0.0168735356223 0.0340982114675 0.013853101548 
0.0215105052049 0.0134566053061 0.0215261010793 0.0245014089942 0.0116976827207 0.0113274571219 0.0256656821878 0.0141982514694 0.0219914314056 0.0208348266229 0.0224929473829 0.0102630484169 0.0096802827583 0.0527576703095 0.0179200817319 0.00720569145283 -0.000888556685796 0.048063358617 0.0110210778851 0.0254186867474 0.0239731694663 0.0480042667651 0.0369842751461 0.0168768912632 0.0296397656153 0.0137377020021 0.0272892591282 0.00705196435774 0.0960911844602 0.0121356712365 0.055889979515 0.0316377518945 0.0333544468607 0.00613225221664 -1.13302491133e-05 0.250106639369 0.0194936034088 0.00503436663259 0.00327571345002 0.0153273288303 0.0189102722429 0.0421775747249 0.0218193185262 0.0111550647964 0.0168606758536 0.00908938136439 0.0154290856152 0.0492070949074 0.0496086207653 0.028452621095 0.0277060269836 0.00561253912085 0.00985415642446 0.0321970008045 0.0225998658885 0.0214720323687 0.0347344765131 0.049691171492 0.0614690306297 0.0189600813936 
0.0133440955074 0.0227507086207 0.0151166956035 0.0218994309103 0.0545943170514 0.0491000575016 0.00633840645308 0.014044555702 0.0224356620455 0.0668751864473 0.0299492642167 0.00831838237124 0.0139431616471 0.00467784417741 0.0349613002132 -0.00390500830274 0.0234827753394 0.00179559961799 0.0035062000299 0.0282794825437 0.0101744784567 0.0235098798731 0.0309503526792 0.0340208745712 0.000233372193405 0.0167447105088 0.0607756267312 0.00294412790228 0.0177893176798 0.0133260525566 0.0158918425262 0.0134228375755 0.0301573286267 0.0225104791813 -0.00319630134364 0.0194936034088 0.653953184135 0.021013095929 0.00419588049053 0.0395706768614 0.0106609986092 0.00641260023751 -0.00485446485565 0.0149684050115 0.0118927610503 0.0370397043128 0.00854691803135 0.00847549165181 0.0318872636472 0.00505196046923 0.0404470310662 0.0225306245871 0.0471696769119 0.0425622118094 0.0110056750027 0.00224048921768 0.0665687726176 0.0170130535856 0.0172510330395 0.0196128601561 
0.00780947960343 -0.0158890110937 -0.0127053359409 0.0168755529621 -0.00499928534622 0.046729071524 0.00717819790915 -0.00140375150886 -0.001107658936 0.0252706943591 0.00454702895379 0.00867708150071 0.0106460756358 0.0079969898071 0.00373326819909 0.0208854424285 -0.00281007009923 0.031173956205 0.00798534265383 0.0179813111546 0.0099483183693 0.00508391985146 0.00298876739996 0.00754383875762 0.00790070083174 0.0236986460697 0.0222616130332 -0.00135421643299 0.0265380764253 -0.00326609258544 0.00532193227006 -0.00856343380759 0.0218106840994 0.00238656060688 0.011968956675 0.00503436663259 0.021013095929 0.294037144195 0.0118804141125 0.0549192052277 -0.00334201582679 0.00194303314291 0.00589702666199 0.034302812821 0.00729215440568 -0.00129074329736 0.00279361329702 0.0123369669886 -0.00577650670533 0.0116967754133 0.00363954174595 0.00947108081744 0.0170412712663 0.00501743828461 0.00425503242991 0.0031413920529 0.00880406658633 -0.000860376219598 -0.0151467913678 0.0353164037777 
0.0126965301756 -0.00283990703912 0.0150923167266 0.00933356045047 0.00768677512725 0.00876149799832 -0.000521059577033 0.00388558015197 0.0053464855234 -0.00640687195131 0.0250511349053 -0.00581726695164 -0.000818522584394 0.0152503350322 -0.000931400025978 0.0554942280539 0.00896008559347 0.0147517810346 0.0144451248983 -0.00579952248691 -0.0229123935544 0.0101215462726 0.00247641051741 0.00932815310219 0.0088238925119 0.00291835836576 -0.00844933984451 0.00222760157514 0.00383673329207 0.00518921461003 9.55352773764e-05 0.0169702675493 -0.00649074835764 -0.00169614291372 0.0226388877906 0.00327571345002 0.00419588049053 0.0118804141125 0.345334202668 4.4863046921e-05 0.00258198772901 0.0186435256391 0.0135567488926 -0.0118837963173 0.00501295552806 0.0361755761297 0.0152072414142 0.00130589434409 -0.0109264099868 0.0140148335153 0.00946323392668 0.0106142913813 0.00235501510821 0.0220361982944 0.00684702614076 0.050516349865 0.00765078718282 0.0126544999451 0.0342716360748 0.00138169709215 
