20
0.116792266476 0.0533662879029 0.0820701074714 0.0391901687574 0.0254946283421 0.200970993098 0.060830846045 0.0404531955786 0.0773240107923 0.0612619406497 0.0162161188728 0.0215013837744 0.0373994541978 0.0297209295042 0.0793031051092 0.0514292405054 0.0223320424584 0.0429032651101 0.371102806834 0.126958151155 
0.604372298233 0.022715425858 0.0223607423336 -0.000263414168162 0.0139631052401 0.0311977954263 0.0131229475923 0.0270662297788 0.0186073863723 0.0162389385761 0.0036754013221 0.0201128529487 0.0274027180226 -9.20337681123e-05 0.0168936586386 0.0317840866275 -0.00358268656015 0.00612107760764 0.0139392541207 0.00692559835096 
0.022715425858 0.4280045965 0.0134130847825 0.0213650205671 0.0216918676794 0.0572406863604 0.0323167477885 0.0268956824403 0.00954722811121 0.0230701163958 0.0258624061726 0.0367047072894 0.00957589097996 0.00852563747962 0.0258074884476 0.0186317471914 -0.0102836587352 0.00859061660975 0.0125622187096 -0.00237452486308 
0.0223607423336 0.0134130847825 0.488982957099 0.0156163214645 -0.00335199366523 -0.0260122569572 0.034042817927 0.0358422397562 0.0553461211828 0.0138234208701 -0.00146885567615 0.0341598284303 0.0596556225374 0.00934731205317 0.0368077434491 0.0357245071523 -0.00144327491588 0.0461451547374 0.0350941195889 0.00221373727505 
-0.000263414168162 0.0213650205671 0.0156163214645 0.20795410244 0.00931791254278 0.0174846672043 0.0210595592291 0.0156297963113 0.039545532007 0.0133784649662 0.0174764105764 0.0167249813532 0.0203566792731 0.0056512821017 0.0305435115916 0.0203104302261 0.0116828834695 0.047704176589 0.0402460269918 0.0108331593317 
0.0139631052401 0.0216918676794 -0.00335199366523 0.00931791254278 0.202319811366 0.0140302617907 0.0129603048429 0.0136227467145 0.0141453258165 0.0322413894784 0.0610842455293 0.000128134783753 0.0077923678187 -0.00121675361826 0.00415549247716 0.0324845932489 0.0205422334047 0.0100006539884 0.02883235218 0.0304529144924 
0.0311977954263 0.0572406863604 -0.0260122569572 0.0174846672043 0.0140302617907 0.928457657541 0.0240816080136 0.0329795427485 0.0458419407655 0.0176968392383 -0.00100511849906 0.0104037226476 0.000685583430406 -0.0124765162462 0.0110136951669 0.0322832783862 0.0193115432519 -0.00443881631637 0.0279316676121 0.00624095661689 
0.0131229475923 0.0323167477885 0.034042817927 0.0210595592291 0.0129603048429 0.0240816080136 0.29928811583 0.0280773239442 0.0506657721888 0.0211505140281 0.0160305700231 0.0219007680925 0.0562979814 0.0134216465801 0.0625067163803 0.0687169755876 0.00134095352825 0.0364495944801 0.0357026557884 0.0180590384912 
0.0270662297788 0.0268956824403 0.0358422397562 0.0156297963113 0.0136227467145 0.0329795427485 0.0280773239442 0.356759552443 0.0590188820998 0.0288312488026 0.000982153195073 0.0375244172769 0.0193300526772 0.00329832446761 0.0351379645296 0.0334171420671 0.0171845421615 0.0198590192338 0.0139334624991 0.0477010617425 
0.0186073863723 0.00954722811121 0.0553461211828 0.039545532007 0.0141453258165 0.0458419407655 0.0506657721888 0.0590188820998 0.4915036242 0.0351983918369 0.030106838627 0.0394584441182 0.0527124620093 0.0249084671064 0.0466759011853 0.0638307072248 0.000335990617745 0.0456619930829 0.0214286858951 0.0832947335142 
0.0162389385761 0.0230701163958 0.0138234208701 0.0133784649662 0.0322413894784 0.0176968392383 0.0211505140281 0.0288312488026 0.0351983918369 0.370557158368 0.0120958131148 0.0284696564451 0.0194514294206 0.00298503264419 0.0166571881438 0.0359144541953 0.00415184321908 0.0203170721396 0.0486908522758 0.0181243721239 
0.0036754013221 0.0258624061726 -0.00146885567615 0.0174764105764 0.0610842455293 -0.00100511849906 0.0160305700231 0.000982153195073 0.030106838627 0.0120958131148 0.197481010502 0.00766156148377 0.0193242371537 0.00634871910526 0.0209779139182 0.0278957239464 0.00451683261519 0.0227305773756 0.0366553148117 0.0512174744282 
0.0201128529487 0.0367047072894 0.0341598284303 0.0167249813532 0.000128134783752 0.0104037226476 0.0219007680925 0.0375244172769 0.0394584441182 0.0284696564451 0.00766156148377 0.293805907384 0.0268753299699 0.00597367098109 0.0202011408998 0.0267639024945 0.0148478788439 0.0319515424396 0.0304512487885 0.0240195962526 
0.0274027180226 0.00957589097996 0.0596556225374 0.020356679273 0.0077923678187 0.000685583430406 0.0562979814 0.0193300526772 0.0527124620093 0.0194514294206 0.0193242371537 0.0268753299699 0.319989393151 0.021970419865 0.0275206163546 0.0277620744681 0.0173784130851 0.0135653556521 0.0106235716134 0.0121694211136 
-9.20337681123e-05 0.00852563747962 0.00934731205317 0.0056512821017 -0.00121675361826 -0.0124765162462 0.0134216465801 0.00329832446761 0.0249084671064 0.00298503264419 0.00634871910526 0.00597367098109 0.021970419865 0.2263119708 0.0100564061727 0.00899236424384 -0.00309527257437 0.0070278217656 0.0158912802224 -0.00649838261757 
0.0168936586386 0.0258074884476 0.0368077434491 0.0305435115916 0.00415549247716 0.0110136951669 0.0625067163803 0.0351379645296 0.0466759011853 0.0166571881438 0.0209779139182 0.0202011408998 0.0275206163546 0.0100564061727 0.411662608284 0.0338239020151 0.0154629883757 0.0390791865492 0.0434880007647 -0.0128011054922 
0.0317840866275 0.0186317471914 0.0357245071523 0.0203104302261 0.032484593249 0.0322832783862 0.0687169755876 0.0334171420671 0.0638307072248 0.0359144541953 0.0278957239464 0.0267639024945 0.0277620744681 0.00899236424384 0.0338239020151 0.211028810579 0.0173053297077 0.0379489163445 0.0384788997457 0.0281466853385 
-0.00358268656015 -0.0102836587352 -0.00144327491588 0.0116828834695 0.0205422334047 0.0193115432519 0.00134095352825 0.0171845421615 0.000335990617745 0.00415184321908 0.00451683261519 0.0148478788439 0.0173784130851 -0.00309527257437 0.0154629883757 0.0173053297077 0.209967955949 -0.00146337098455 0.0104662997731 0.0106804928533 
0.00612107760764 0.00859061660975 0.0461451547374 0.047704176589 0.0100006539884 -0.00443881631637 0.0364495944801 0.0198590192338 0.0456619930829 0.0203170721396 0.0227305773756 0.0319515424396 0.0135653556521 0.0070278217656 0.0390791865492 0.0379489163445 -0.00146337098455 0.28342053353 0.0554115231702 0.0281610418536 
0.0139392541207 0.0125622187096 0.0350941195889 0.0402460269918 0.02883235218 0.0279316676121 0.0357026557884 0.0139334624991 0.0214286858951 0.0486908522758 0.0366553148117 0.0304512487885 0.0106235716134 0.0158912802224 0.0434880007647 0.0384788997457 0.0104662997731 0.0554115231702 1.25278271507 0.0475484042563 
0.00692559835096 -0.00237452486308 0.00221373727505 0.0108331593317 0.0304529144924 0.00624095661689 0.0180590384912 0.0477010617425 0.0832947335142 0.0181243721239 0.0512174744282 0.0240195962526 0.0121694211136 -0.00649838261757 -0.0128011054922 0.0281466853385 0.0106804928533 0.0281610418536 0.0475484042563 0.452629123869 

['NOVL', 'NWL', 'SBUX', 'RTN', 'FPL', 'GM', 'TROW', 'LPX', 'CTX', 'QLGC', 'NI', 'INTC', 'GPS', 'TAP', 'LUV', 'MER', 'CAG', 'COL', 'CIEN', 'MRO']