40
0.0318751717172 0.0743441041655 0.0635798530397 0.0389775871913 0.0124927962784 0.0441448787565 0.0793031051092 0.07971303899 0.0125032911957 0.0314738433907 0.067654701563 0.164482556217 0.042606905642 0.0285995604788 0.0582377086348 0.0240188564254 0.0997806882374 0.0715007016099 0.039859092222 0.0708595176859 0.0549811443135 0.0429032651101 0.13159191543 0.0128714932266 0.0123991351417 0.025657065471 0.0304896250645 0.0261881624723 0.0291248595558 0.005148759701 0.0451551332239 0.0570579479668 0.133882810383 0.0988670942005 0.0113752176021 0.0843714281037 0.0251604878384 0.0693656588129 0.0466521206007 0.0878126089614 
0.188452238578 -0.00439318064927 0.0161127024069 0.030706067773 0.00855032289568 0.0291239558693 0.00722262550637 0.00303074069492 0.00102587749504 0.0139537007394 0.0166411663791 0.00676231237491 0.0070304127061 0.00411280189343 0.00955297872815 0.0110744958313 0.0123914672266 0.0190406530524 0.0122126907074 0.0207586753128 0.00608992051024 0.0170715839375 0.0273968514315 0.00256023866804 0.0167921702999 0.0222445103274 0.00720301000474 0.00364847750121 0.0132355147674 0.0073001606443 0.00532338156326 0.0125906855887 0.0152693970131 0.013468078928 0.0177474419479 0.0174986032647 0.0258552865565 -0.00185396256248 0.0556709184055 -0.00290459308646 
-0.00439318064927 0.395475234768 0.0152657396764 0.0174230198255 0.0357008667342 0.0351196965766 0.028725530044 0.000122909677398 0.0682669193019 0.00146499849819 0.00675473881873 -0.0121946380399 0.0220728022464 0.0327928554452 0.011297398502 0.0393679745512 0.0197834147978 0.0154371368473 0.0405321532438 0.0242119014292 0.00714027717677 0.0192253036179 0.00926601369297 -0.0228335342222 0.00338533805064 0.0255111657214 0.0041298865599 0.0199243895369 0.00577297828916 -0.00194912406498 0.0157939249216 0.00446732354244 0.0148613592526 0.0443867838919 0.0269755668163 0.0149162954564 0.0141686955346 0.0268092692278 0.00357396903871 0.0276752111544 
0.0161127024069 0.0152657396764 0.464112199389 0.0402288726741 0.0238671547183 0.0340599302707 0.0205011837262 0.0280157530871 -0.00115085742119 0.0307089567996 0.0132226129228 -0.00334369868597 0.0134068226457 0.029249457157 0.0166989679846 0.0333628893727 -0.0038783520251 -0.000538706238298 0.0142500375442 -0.000891670183983 0.0173802603574 0.0265308579361 0.0153098175791 -0.00226590258679 0.0196694244432 0.0437291504119 0.0161773128294 0.0241227026056 0.0215003650319 -0.00246499601034 -0.00372502103323 0.00772856331195 0.0166765564788 0.0388734077748 0.00752568092249 0.0135767339859 0.0342112791103 0.0327772281179 0.00911317028201 0.0491099131362 
0.030706067773 0.0174230198255 0.0402288726741 0.240651191741 0.0145089233419 0.0535025971766 0.0469099495952 0.0138066853081 0.014119027497 0.0212210471051 0.0153519824379 -0.00917692193905 0.0195798092319 0.0238368470508 0.025695801236 0.0256790144996 0.0184883774446 0.018687461065 0.00800220581259 0.0298330104689 0.0130046210759 0.0336999621055 0.0228770819468 0.0015483937929 0.00881557788304 0.032069264558 0.00270131773202 0.0210522820936 0.0210303216366 0.0093362752977 0.00934581430516 0.00891125694236 0.0168738099578 0.0117228955961 0.00925549449129 0.0229501690742 0.0276577246792 0.0118130299755 0.020343265502 0.0344223705794 
0.00855032289568 0.0357008667342 0.0238671547183 0.0145089233419 0.181930900794 0.0123542844115 0.0178994156538 0.0117838115506 0.0218642460034 0.00464366360778 0.0150934336943 -0.000913909826679 0.0112383592515 0.0164900299243 0.0191704022469 0.0236770424752 0.0305959681406 0.00997809295642 0.0119664964221 0.00300615620887 0.00510867472967 0.0210460102332 0.0208398851424 -0.0018634279128 0.00660113464572 0.0192827456639 0.006132127094 0.0399537279834 0.0127452484586 0.0122293563418 0.0182952010783 0.00979390475796 0.0155133772774 0.0216082099003 0.0263451732199 0.00976663174508 0.0152524027993 0.00847501093647 0.0192372263398 0.0141216438302 
0.0291239558693 0.0351196965766 0.0340599302707 0.0535025971766 0.0123542844115 0.240014872226 0.0716448350017 0.0193141228298 0.00529209454977 0.0136303373542 0.0213556971744 -0.00439239464305 0.0363898248405 0.0335630561284 0.0107531786381 0.0151336268379 0.0254236692027 0.0182843369509 0.0383030476489 0.0195893735212 0.00927805266845 0.0362289501841 0.0223526046904 -0.00267499570896 0.022553217408 0.0538529134583 0.0119213818131 0.00994919978945 0.0111806614078 0.0133185297766 0.00876434319112 0.0262430845972 0.0311400056776 0.0492946747105 0.0203200245965 0.048820961078 0.0386890723114 0.0193061703663 0.0292063464541 0.0277594788818 
0.00722262550637 0.028725530044 0.0205011837262 0.0469099495952 0.0178994156538 0.0716448350017 0.396330277667 0.0255224701005 0.0379265984158 0.00948679033653 0.0110670017256 -0.0135969798515 0.0342436572937 0.0608047764991 0.00926648613836 0.0358640546176 0.0306170123691 0.0179226368397 0.000180295175153 0.00533114697113 0.016053048457 0.0338475567491 0.00908390649354 0.0165985180009 0.022730904298 0.0179539771565 -0.00480518586505 0.0191145999032 0.0176250883174 0.0112926491186 0.018955583372 0.0495481738403 0.0157662721202 0.0225853875246 0.032347873882 0.012204368479 0.0282825073654 0.0255635705773 0.0289014493289 0.0241715012282 
0.00303074069492 0.000122909677398 0.0280157530871 0.0138066853081 0.0117838115506 0.0193141228298 0.0255224701005 0.494278091598 0.00662976029082 -0.00471177036406 0.0160877829667 -0.0150267213937 0.0288360954175 0.0103914744179 0.0217847403028 0.0317010265285 0.0227916960068 -0.00186399012893 0.0270528649063 0.0447568009663 0.0412893058877 0.028114491535 0.0218474089724 0.0105548332481 0.0290903504931 0.00671401637232 0.0122957585885 0.0190074459781 0.0383231188572 0.0201890291745 0.00491144064186 0.00495522239054 0.0222570064941 0.0288829821105 0.00646114678474 0.00824174242313 0.00966579040363 0.0303378261677 0.0122277433643 0.00504345163263 
0.00102587749504 0.0682669193019 -0.00115085742119 0.014119027497 0.0218642460034 0.00529209454977 0.0379265984158 0.00662976029082 0.28128248089 0.0100925240031 0.018468923554 -0.00343139716425 0.0101897085995 0.031909169472 0.0212662502987 0.0109215918318 0.011349014646 0.0206921799148 0.0265716536143 -0.00136800471001 0.000885615861529 0.0123382117179 -0.0207934334957 -0.00835011311365 0.00972131797824 0.0150515117971 0.00794697714561 0.017224151248 -0.0051444478415 0.0175711149718 0.0128221076835 0.0101538291524 -0.0161169068434 0.0119660899476 0.0162473719967 0.00334180661846 0.012778543684 0.0133273922381 -0.000456435288624 0.0163504165495 
0.0139537007394 0.00146499849819 0.0307089567996 0.0212210471051 0.00464366360778 0.0136303373542 0.00948679033653 -0.00471177036406 0.0100925240031 0.292316826448 0.0172873307828 -0.00855323004668 0.00968196836812 0.0200390991398 0.0233570363239 0.000691087260663 0.0177575041666 0.00317742656719 0.00233868591511 0.0137672115993 0.00603853701217 0.00476130602848 0.0259217457987 0.0131034655215 0.0167584910402 0.0254814324832 0.00797338836253 0.0095067797129 0.017484696826 -0.00726960894383 0.0149188940126 0.0116154375038 0.0131721980109 0.0374435414824 0.0053099951857 0.013875531516 0.0262674771208 0.0165482950271 0.00258053320534 0.0108168084666 
0.0166411663791 0.00675473881873 0.0132226129228 0.0153519824379 0.0150934336943 0.0213556971744 0.0110670017256 0.0160877829667 0.018468923554 0.0172873307828 0.38640521429 -0.0131317574683 -0.00107135354327 0.0221204715103 0.0124639295502 0.00449357674011 0.0210843247724 0.0188150628481 0.0127041837302 0.00138831437622 0.00751980457854 -0.00162862270913 -0.000861858605048 0.0124660340096 0.0180445446676 0.0182661988406 -0.000565541467225 0.00704099114125 0.00361177942329 0.0105628651816 0.00102803832385 0.0131454349435 -0.00395730155227 0.00935928501765 0.0181088347119 -0.00260189759485 0.0180938295894 0.016419252034 0.0205387372252 0.00312600352386 
0.00676231237491 -0.0121946380399 -0.00334369868597 -0.00917692193905 -0.000913909826679 -0.00439239464305 -0.0135969798515 -0.0150267213937 -0.00343139716425 -0.00855323004668 -0.0131317574683 1.89271487007 0.00267238445941 -0.00771964623974 -0.0024650674185 -0.00917709612253 0.0462985053875 -0.00244599362077 0.00221308442207 -0.0183350774848 0.0235666381666 0.00623352734909 0.0593365807613 0.0191130877844 -0.00224095116485 0.00699098308464 -0.00245432574115 -0.00372926272067 -0.00186874846128 -0.00755478940169 -0.0111757464451 -0.000205264133024 0.0680333428821 0.0379564420652 0.000472041435715 0.0249111388759 0.00273501966815 -0.00676645137224 0.00131363701285 -0.004110271653 
0.0070304127061 0.0220728022464 0.0134068226457 0.0195798092319 0.0112383592515 0.0363898248405 0.0342436572937 0.0288360954175 0.0101897085995 0.00968196836812 -0.00107135354327 0.00267238445941 0.239408591506 0.019794896722 0.0118978201991 0.0240483753103 0.0052357255329 0.0289903652675 0.0199378730585 0.00175324293671 0.0233624830124 0.0304915886283 0.0332832688693 0.00446443472078 0.00264325131236 0.0283154596357 0.0187769277198 0.0149028918205 0.0146849289897 0.0360510033693 0.0524547919549 0.00977052695018 0.0513491333572 0.0246398198583 0.0176848212273 0.0546796600024 0.0160554244433 0.0152741343542 0.010921410082 0.0308252272444 
0.00411280189343 0.0327928554452 0.029249457157 0.0238368470508 0.0164900299243 0.0335630561284 0.0608047764991 0.0103914744179 0.031909169472 0.0200390991398 0.0221204715103 -0.00771964623974 0.019794896722 0.273941812879 0.0162420134159 0.0246217388726 0.0282295919816 -0.0049524025499 0.0261254754306 0.0255677813195 -0.00875540646767 0.0130163191837 -0.00251053989741 0.0141712689109 0.0183692814589 0.045386068513 0.0127691910435 0.0129102638838 0.007528399983 0.00186734875887 0.0135345807901 0.0195376189784 0.00698851917356 0.0119523200001 0.0156973351198 -0.00772843135191 0.031571846905 0.0208988210253 0.011765166431 0.00341468852904 
0.00955297872815 0.011297398502 0.0166989679846 0.025695801236 0.0191704022469 0.0107531786381 0.00926648613836 0.0217847403028 0.0212662502987 0.0233570363239 0.0124639295502 -0.0024650674185 0.0118978201991 0.0162420134159 0.465039334386 0.0256013269802 0.0293867575164 0.00606061326819 0.0202096999337 -0.00441598108874 0.00275744936421 0.0169199515622 0.000652704914054 0.0169818228382 0.00713123059892 0.0155412848443 0.020822443303 0.000221276132489 0.0075162918841 0.0194739455598 -0.000131400136537 0.0228579017633 0.00317534715948 0.00686734296965 0.0211947431514 -0.0104139377384 0.0149060062116 0.0164304891135 -0.000883461246497 0.00139970240171 
0.0110744958313 0.0393679745512 0.0333628893727 0.0256790144996 0.0236770424752 0.0151336268379 0.0358640546176 0.0317010265285 0.0109215918318 0.000691087260662 0.00449357674011 -0.00917709612253 0.0240483753103 0.0246217388726 0.0256013269802 0.191999131044 0.0082093150863 0.014572956591 0.0121337830251 0.020193023763 0.0209686195094 0.0248839443517 0.0276725681108 0.013078299489 0.00251088274374 0.0367997210787 0.0222767149424 0.0178442725148 0.00632233862482 -0.00573654932148 0.0165440936542 0.0291200004698 0.0244793938724 0.0388400561815 0.0120496946569 0.0195634726207 0.0153898945519 0.00173289448571 0.0100891380951 0.01062106239 
0.0123914672266 0.0197834147978 -0.0038783520251 0.0184883774446 0.0305959681406 0.0254236692027 0.0306170123691 0.0227916960068 0.011349014646 0.0177575041666 0.0210843247724 0.0462985053875 0.0052357255329 0.0282295919816 0.0293867575164 0.0082093150863 0.573064095934 0.0176906174443 0.0106032774286 0.0125855532881 0.0369424461249 0.0352078907547 0.0512278152057 0.0228817379453 0.0140925280842 0.0166857616419 0.00542766957978 0.019362777577 0.0181689037407 0.00659221861614 0.0165729118244 -0.0114643872461 0.0083926505829 0.0379753514119 0.0163595656245 0.0128436779294 0.019310014554 0.00571032158653 0.0266763803213 0.0130754661163 
0.0190406530524 0.0154371368473 -0.000538706238298 0.018687461065 0.00997809295642 0.0182843369509 0.0179226368397 -0.00186399012893 0.0206921799148 0.00317742656719 0.0188150628481 -0.00244599362077 0.0289903652675 -0.0049524025499 0.00606061326819 0.014572956591 0.0176906174443 0.591711402232 0.00427683248214 -0.00199360478153 0.025090532509 0.00427097381402 0.00929036928637 0.0157550420678 0.00409927032525 0.0121719146944 0.00897056802527 0.00243219654005 -0.00144760118943 0.0149337186846 0.00998292997048 0.0138932483455 0.002615989223 0.00891907816893 0.0114265983363 0.0280120929271 0.00363062461249 0.0142282001926 0.00615117302628 0.0133614714263 
0.0122126907074 0.0405321532438 0.0142500375442 0.00800220581259 0.0119664964221 0.0383030476489 0.000180295175153 0.0270528649063 0.0265716536143 0.00233868591511 0.0127041837302 0.00221308442207 0.0199378730585 0.0261254754306 0.0202096999337 0.0121337830251 0.0106032774286 0.00427683248214 0.278620802356 0.00576387310273 0.0130471821215 0.0266772045072 0.0453916693041 -0.00275535924096 0.0135354516621 0.0184317209153 0.0029092921479 0.00916575544479 0.0127654576342 0.0119601874899 0.00661990274314 0.0136748677226 0.042967808897 0.0399505002095 0.0205611816234 0.0214350694706 0.00922661885233 0.0115455293026 0.0210641631774 0.0148253906422 
0.0207586753128 0.0242119014292 -0.000891670183983 0.0298330104689 0.00300615620887 0.0195893735212 0.00533114697113 0.0447568009663 -0.00136800471001 0.0137672115993 0.00138831437622 -0.0183350774848 0.00175324293671 0.0255677813195 -0.00441598108874 0.020193023763 0.0125855532881 -0.00199360478153 0.00576387310273 0.401213754791 0.00939947725325 0.00875294212033 0.0167782550109 0.0150266203179 0.00337332462716 0.0248163503721 0.0154811290752 0.0171578776998 -0.0140297858649 0.014717646154 0.00701205101315 0.0275505735861 -0.00228521280217 0.0318946052818 0.0172664371667 0.024160961234 0.0190186446419 0.00593530239551 0.0123973385622 -0.0178809751984 
0.00608992051024 0.00714027717676 0.0173802603574 0.0130046210759 0.00510867472967 0.00927805266845 0.0160530484571 0.0412893058877 0.000885615861529 0.00603853701217 0.00751980457854 0.0235666381666 0.0233624830124 -0.00875540646767 0.00275744936421 0.0209686195094 0.0369424461249 0.025090532509 0.0130471821215 0.00939947725325 0.442856180392 -3.16588341683e-05 0.0079450655101 -0.00758043958038 0.0141962433771 0.00708178394885 0.0251343593844 0.00768101021822 0.0513313908777 -0.00121534891412 0.00143160503799 0.011237353042 0.0130630905114 0.0342622460324 0.0279575315925 0.0172568489305 0.00916169151601 0.00901013654105 0.00481996141919 0.0153924893936 
0.0170715839375 0.0192253036179 0.0265308579361 0.0336999621055 0.0210460102332 0.0362289501841 0.0338475567491 0.028114491535 0.0123382117179 0.00476130602848 -0.00162862270913 0.00623352734909 0.0304915886283 0.0130163191837 0.0169199515622 0.0248839443517 0.0352078907547 0.00427097381402 0.0266772045072 0.00875294212033 -3.16588341683e-05 0.274393098019 0.0277104954994 -0.00272026305508 0.0205921463253 0.0291651584997 0.0154904634895 0.0251354034506 0.0077120178534 0.0105109383175 0.00449150704699 0.00352042735705 0.0353715879103 0.0480128929072 0.0210019134175 0.0159320477889 0.00864788262717 0.0097540772708 0.0206289961117 0.0637652807626 
0.0273968514315 0.00926601369297 0.0153098175791 0.0228770819468 0.0208398851424 0.0223526046904 0.00908390649354 0.0218474089724 -0.0207934334957 0.0259217457987 -0.000861858605048 0.0593365807613 0.0332832688693 -0.00251053989741 0.000652704914054 0.0276725681108 0.0512278152057 0.00929036928637 0.0453916693041 0.0167782550109 0.0079450655101 0.0277104954994 0.519556306109 0.00768923739732 0.017253246611 0.011379139106 0.007029953065 0.0230256372867 0.0218139371869 0.0048347328067 0.0325010955588 0.0330460505453 0.207698767587 0.0630068847891 0.00856313118535 0.017740473035 0.0067969860027 0.0330728904505 0.0532130932157 0.0346881101401 
0.00256023866804 -0.0228335342222 -0.00226590258679 0.0015483937929 -0.00186342791281 -0.00267499570896 0.0165985180009 0.0105548332481 -0.00835011311365 0.0131034655215 0.0124660340096 0.0191130877844 0.00446443472078 0.0141712689109 0.0169818228382 0.013078299489 0.0228817379453 0.0157550420678 -0.00275535924096 0.0150266203179 -0.00758043958038 -0.00272026305508 0.00768923739732 0.222991233741 0.00353345949813 0.0125915807521 -0.00188148539763 -9.73280596082e-05 0.0191621164472 0.00995860945459 0.00948391874059 0.00748482484233 -0.000275960451662 -0.00245056909329 0.00185432540376 0.00521172974701 0.0162597821063 0.00731388390498 0.0108327829621 0.0140133462896 
0.0167921702999 0.00338533805064 0.0196694244432 0.00881557788304 0.00660113464572 0.022553217408 0.022730904298 0.0290903504931 0.00972131797824 0.0167584910402 0.0180445446676 -0.00224095116485 0.00264325131236 0.0183692814589 0.00713123059892 0.00251088274374 0.0140925280842 0.00409927032525 0.0135354516621 0.00337332462716 0.0141962433771 0.0205921463253 0.017253246611 0.00353345949813 0.19113981567 0.0162238564098 0.0111196109976 0.00973423548924 0.016191389967 0.00847046419792 0.00279779993788 0.00809923628115 0.0114337666833 0.0185505678854 0.0216682650628 0.013334573326 0.00917734747584 0.00532105879691 0.0152216662011 0.0207062443867 
0.0222445103274 0.0255111657214 0.0437291504119 0.032069264558 0.0192827456639 0.0538529134583 0.0179539771565 0.00671401637232 0.0150515117971 0.0254814324832 0.0182661988406 0.00699098308464 0.0283154596357 0.045386068513 0.0155412848443 0.0367997210787 0.0166857616419 0.0121719146944 0.0184317209153 0.0248163503721 0.00708178394885 0.0291651584997 0.011379139106 0.0125915807521 0.0162238564098 0.174616702457 0.0108287372708 0.0197723707315 0.021942820899 0.0135003888166 -0.000338299576509 0.0094080910392 0.00716792145525 0.0316376176798 0.00593524611913 0.000249308652173 0.0484934500004 0.0179125750863 0.028178924601 0.00978668858629 
0.00720301000474 0.0041298865599 0.0161773128294 0.00270131773202 0.006132127094 0.0119213818131 -0.00480518586505 0.0122957585885 0.00794697714561 0.00797338836253 -0.000565541467225 -0.00245432574115 0.0187769277198 0.0127691910435 0.020822443303 0.0222767149424 0.00542766957978 0.00897056802527 0.0029092921479 0.0154811290752 0.0251343593844 0.0154904634895 0.007029953065 -0.00188148539763 0.0111196109976 0.0108287372708 0.212394988586 0.00126657079024 -0.00804242118257 0.020357823965 0.0108348835087 0.00884068991815 0.0108311921929 0.0171439957659 0.000578380569074 0.00333936604177 0.0205019509585 0.0132561001117 0.00679550871599 -0.00713774651354 
0.00364847750121 0.0199243895369 0.0241227026056 0.0210522820936 0.0399537279834 0.00994919978945 0.0191145999032 0.0190074459781 0.017224151248 0.0095067797129 0.00704099114125 -0.00372926272067 0.0149028918205 0.0129102638838 0.000221276132489 0.0178442725148 0.019362777577 0.00243219654005 0.00916575544479 0.0171578776998 0.00768101021822 0.0251354034506 0.0230256372867 -9.73280596083e-05 0.00973423548924 0.0197723707315 0.00126657079024 0.260136362938 0.0118114953112 0.0129007446257 0.00280020321888 0.0139800749772 0.0119565753168 0.0179845308969 0.00944047233892 0.00146357450114 0.022944517711 0.0133746297196 0.0108260113748 0.0111037504192 
0.0132355147674 0.00577297828916 0.0215003650319 0.0210303216366 0.0127452484586 0.0111806614078 0.0176250883174 0.0383231188572 -0.0051444478415 0.017484696826 0.00361177942329 -0.00186874846128 0.0146849289897 0.007528399983 0.0075162918841 0.00632233862482 0.0181689037407 -0.00144760118943 0.0127654576342 -0.0140297858649 0.0513313908777 0.0077120178534 0.0218139371869 0.0191621164472 0.016191389967 0.021942820899 -0.00804242118257 0.0118114953112 0.239860813783 0.00816891745847 0.000911672856968 0.0132592154243 0.0176552008736 0.0286990413335 -0.0015048302555 -0.00187083098787 0.0177540912572 0.00676233729616 0.00886047609725 0.0140859983901 
0.0073001606443 -0.00194912406498 -0.00246499601034 0.0093362752977 0.0122293563418 0.0133185297766 0.0112926491186 0.0201890291745 0.0175711149718 -0.00726960894383 0.0105628651816 -0.00755478940169 0.0360510033693 0.00186734875887 0.0194739455598 -0.00573654932148 0.00659221861614 0.0149337186846 0.0119601874899 0.014717646154 -0.00121534891413 0.0105109383175 0.0048347328067 0.00995860945459 0.00847046419792 0.0135003888166 0.020357823965 0.0129007446257 0.00816891745847 0.231500686497 0.0269112407402 0.00365755043236 0.00909036446432 -0.00209880948437 0.018493430441 -0.0072313437081 0.00661510223395 0.0117041264427 0.0019736241892 0.00817757349545 
0.00532338156326 0.0157939249216 -0.00372502103323 0.00934581430516 0.0182952010783 0.00876434319112 0.018955583372 0.00491144064186 0.0128221076835 0.0149188940126 0.00102803832385 -0.0111757464451 0.0524547919549 0.0135345807901 -0.000131400136537 0.0165440936542 0.0165729118244 0.00998292997048 0.00661990274314 0.00701205101315 0.00143160503799 0.00449150704699 0.0325010955588 0.00948391874059 0.00279779993788 -0.000338299576509 0.0108348835087 0.00280020321888 0.000911672856968 0.0269112407402 0.303859306895 0.00583696852093 0.0385985327299 0.0147739591631 0.0177529318419 0.010045903472 -0.00311277949628 -0.0034389840786 0.0137805311596 0.0105119903023 
0.0125906855887 0.00446732354244 0.00772856331195 0.00891125694236 0.00979390475796 0.0262430845972 0.0495481738403 0.00495522239054 0.0101538291524 0.0116154375038 0.0131454349435 -0.000205264133024 0.00977052695018 0.0195376189784 0.0228579017633 0.0291200004698 -0.0114643872461 0.0138932483455 0.0136748677226 0.0275505735861 0.011237353042 0.00352042735705 0.0330460505453 0.00748482484233 0.00809923628115 0.0094080910392 0.00884068991815 0.0139800749772 0.0132592154243 0.00365755043236 0.00583696852093 0.331021719463 0.0362724219052 0.0361624251772 0.00767898841196 0.0154796159082 0.0153146096809 0.0336899655045 0.0145904877775 0.0138193182006 
0.0152693970131 0.0148613592526 0.0166765564788 0.0168738099578 0.0155133772774 0.0311400056776 0.0157662721202 0.0222570064941 -0.0161169068434 0.0131721980109 -0.00395730155227 0.0680333428821 0.0513491333572 0.00698851917356 0.00317534715948 0.0244793938724 0.00839265058291 0.002615989223 0.042967808897 -0.00228521280217 0.0130630905114 0.0353715879103 0.207698767587 -0.000275960451662 0.0114337666833 0.00716792145525 0.0108311921929 0.0119565753168 0.0176552008736 0.00909036446432 0.0385985327299 0.0362724219052 0.461574032299 0.0369059840698 0.00902955215957 -0.0136981827695 0.000401244482026 0.0154753958181 0.031240447032 0.0404486056246 
0.013468078928 0.0443867838919 0.0388734077748 0.0117228955961 0.0216082099003 0.0492946747105 0.0225853875246 0.0288829821105 0.0119660899476 0.0374435414824 0.00935928501765 0.0379564420652 0.0246398198583 0.0119523200001 0.00686734296965 0.0388400561815 0.0379753514119 0.00891907816893 0.0399505002095 0.0318946052818 0.0342622460324 0.0480128929072 0.0630068847891 -0.00245056909329 0.0185505678854 0.0316376176798 0.0171439957659 0.0179845308969 0.0286990413335 -0.00209880948437 0.0147739591631 0.0361624251772 0.0369059840698 0.486230580069 0.0252020558253 0.065637703217 0.00585465817636 0.0366538140392 0.01353514148 0.0869205528762 
0.0177474419479 0.0269755668163 0.00752568092249 0.00925549449129 0.0263451732199 0.0203200245965 0.032347873882 0.00646114678474 0.0162473719967 0.0053099951857 0.0181088347119 0.000472041435715 0.0176848212273 0.0156973351198 0.0211947431514 0.0120496946569 0.0163595656245 0.0114265983363 0.0205611816234 0.0172664371667 0.0279575315925 0.0210019134175 0.00856313118535 0.00185432540376 0.0216682650628 0.00593524611913 0.000578380569074 0.00944047233892 -0.0015048302555 0.018493430441 0.0177529318419 0.00767898841196 0.00902955215957 0.0252020558253 0.224542777696 0.0122148594166 0.00932799721858 0.037373287408 0.0204892819865 0.0185505816548 
0.0174986032647 0.0149162954564 0.0135767339859 0.0229501690742 0.00976663174508 0.048820961078 0.012204368479 0.00824174242313 0.00334180661846 0.013875531516 -0.00260189759485 0.0249111388759 0.0546796600024 -0.00772843135191 -0.0104139377384 0.0195634726207 0.0128436779294 0.0280120929271 0.0214350694706 0.024160961234 0.0172568489305 0.0159320477889 0.017740473035 0.00521172974701 0.013334573326 0.000249308652174 0.00333936604177 0.00146357450114 -0.00187083098787 -0.0072313437081 0.010045903472 0.0154796159082 -0.0136981827695 0.065637703217 0.0122148594166 0.861476274112 0.00753318304331 0.0274255969602 0.00311659920697 0.0326812942064 
0.0258552865565 0.0141686955346 0.0342112791103 0.0276577246792 0.0152524027993 0.0386890723114 0.0282825073654 0.00966579040363 0.012778543684 0.0262674771208 0.0180938295894 0.00273501966815 0.0160554244433 0.031571846905 0.0149060062116 0.0153898945519 0.019310014554 0.00363062461249 0.00922661885233 0.0190186446419 0.00916169151601 0.00864788262717 0.0067969860027 0.0162597821063 0.00917734747584 0.0484934500004 0.0205019509585 0.022944517711 0.0177540912572 0.00661510223395 -0.00311277949628 0.0153146096809 0.000401244482026 0.00585465817636 0.00932799721858 0.00753318304331 0.166908825326 0.0189696054976 0.012326942355 0.0244988594836 
-0.00185396256248 0.0268092692278 0.0327772281179 0.0118130299755 0.00847501093647 0.0193061703663 0.0255635705773 0.0303378261677 0.0133273922381 0.0165482950271 0.016419252034 -0.00676645137224 0.0152741343542 0.0208988210253 0.0164304891135 0.00173289448571 0.00571032158653 0.0142282001926 0.0115455293026 0.00593530239551 0.00901013654105 0.0097540772708 0.0330728904505 0.00731388390498 0.00532105879691 0.0179125750863 0.0132561001117 0.0133746297196 0.00676233729616 0.0117041264427 -0.0034389840786 0.0336899655045 0.0154753958181 0.0366538140392 0.037373287408 0.0274255969602 0.0189696054976 0.383099825596 0.0177242102335 0.0384811376377 
0.0556709184055 0.00357396903871 0.00911317028201 0.020343265502 0.0192372263398 0.0292063464541 0.0289014493289 0.0122277433643 -0.000456435288624 0.00258053320534 0.0205387372252 0.00131363701285 0.010921410082 0.011765166431 -0.000883461246497 0.0100891380951 0.0266763803213 0.00615117302628 0.0210641631774 0.0123973385622 0.00481996141919 0.0206289961117 0.0532130932157 0.0108327829621 0.0152216662011 0.028178924601 0.00679550871599 0.0108260113748 0.00886047609725 0.0019736241892 0.0137805311596 0.0145904877775 0.031240447032 0.01353514148 0.0204892819865 0.00311659920697 0.012326942355 0.0177242102335 0.256109282068 -0.00618277216519 
-0.00290459308646 0.0276752111544 0.0491099131362 0.0344223705794 0.0141216438302 0.0277594788818 0.0241715012282 0.00504345163263 0.0163504165495 0.0108168084666 0.00312600352386 -0.004110271653 0.0308252272444 0.00341468852904 0.00139970240171 0.01062106239 0.0130754661163 0.0133614714263 0.0148253906422 -0.0178809751984 0.0153924893936 0.0637652807626 0.0346881101401 0.0140133462896 0.0207062443867 0.00978668858629 -0.00713774651354 0.0111037504192 0.0140859983901 0.00817757349545 0.0105119903023 0.0138193182006 0.0404486056246 0.0869205528762 0.0185505816548 0.0326812942064 0.0244988594836 0.0384811376377 -0.00618277216519 0.47631252061 

['FE', 'FDO', 'FNM', 'MET', 'GPC', 'MEL', 'LUV', 'CI', 'DG', 'MMC', 'SWY', 'PTV', 'UTX', 'PGR', 'TSN', 'PPG', 'MEDI', 'FSH', 'CIT', 'CMX', 'MIL', 'COL', 'RDC', 'MDT', 'TWX', 'BBT', 'HNZ', 'AN', 'MSFT', 'WWY', 'BCR', 'BF.B', 'SLB', 'TER', 'FO', 'WAT', 'WFC', 'CVS', 'EXC', 'NVLS']