100
0.116792266476 0.0418020448473 0.0752984700253 0.110625092132 0.106415927512 0.0254946283421 0.0704019073317 0.0254158643172 0.0367752030525 0.0130713531851 0.371102806834 0.026407260569 0.0484031048171 0.163811268696 0.0383245101253 0.0522856391002 0.0122123060087 0.15717092416 0.0613427887106 0.0307440439862 0.00361039022472 0.0442487549982 0.0448147494519 0.0210054402465 0.043075945187 0.0253746335001 0.107238949757 0.045915457725 0.0782010317916 0.0144645316835 0.0592302274211 0.169485482474 0.00422555400052 0.040534814632 0.114457978761 0.166074759161 0.0395396308246 0.148705689344 0.0486664598358 0.0289058353667 0.0594687244428 0.0597094198611 0.0765601453803 0.0843714281037 0.0784336943662 0.0308768641188 0.0197813299257 0.02473804396 0.0426672552596 0.22311845274 0.148169679735 0.0265727047954 0.0153161335694 0.00399952409326 0.0396471392927 0.0247746242904 0.050100863095 0.0406155741598 0.0278380444533 0.0162161188728 0.039859092222 0.0314514366364 0.0357111585815 0.0988670942005 0.133882810383 0.123612909007 0.023795453615 0.0331056926512 0.0559549201136 0.070265204238 0.123926899062 0.0387981152642 0.10135047428 0.037496284255 0.119859861498 0.0314738433907 0.0391901687574 0.0191748751409 0.0128714932266 0.0267965440056 0.0124927962784 0.0131635076039 0.126958151155 0.126305303483 0.0276848810082 0.104903250727 0.0377827405953 0.0933125666969 0.0256345374975 0.106366385329 0.0223482457603 0.00873698993333 0.0353466838873 0.0210495138202 0.0318751717172 0.0429032651101 0.0297209295042 0.018453974145 0.0357981155146 0.0255776045185 
0.593044345912 0.00876380232728 0.00672847322992 -0.00673790041972 0.0144736594591 0.0142872463529 0.0133582623251 0.00531402737624 0.019778793223 0.00652424714604 0.00639886275733 0.0164643681245 0.0227602888655 -0.013242257762 -0.00650225031271 0.00626315857052 -0.00604206211726 0.0275165584477 -0.00354158305019 0.00800038344568 -0.00122318595253 -0.00151046671998 0.0306140153823 0.0138165577789 0.00913865372123 0.00493722362099 -0.000560561607792 0.00720493998138 -0.00387726247639 0.0215326822222 0.00570672523155 -0.0106214490788 -0.00106042271321 -0.00106026957297 0.0188270101938 0.0183375417645 0.0017763636423 0.0129966828724 0.0692706843861 0.00932230222292 0.00345407891439 0.00699358092569 0.00763374234822 0.024824999294 0.00987087419041 0.000631775566021 0.0136885326718 7.76264548308e-06 -0.00448654598676 0.0465755509735 -0.0202271523693 0.00532646396504 0.0094244963718 -0.00932996458819 -0.00591467118177 0.00740209653405 0.00893153176381 0.0115919503246 0.00920863298513 0.00151293737959 0.00261898547656 0.00631472274078 0.000619087023631 0.00498584878287 0.0107519774804 -0.0177954874414 -0.00226313182536 0.0153606124288 0.00305220159079 -0.00695225897795 -0.00542708656377 0.0101242106417 -0.000942195906983 -0.00562782014274 0.0244695983208 0.0371527654781 -0.00170218253668 0.00648713348687 -0.00778504793353 0.00243217158406 0.00479909044643 0.00696469876902 0.00157176614107 -0.00158240702117 0.0156061713069 0.029992707741 -0.000580062261061 0.00863369236913 0.00927866848943 0.0138356615456 0.0126311779892 0.00876408671621 0.00331587511574 0.000881482396162 -0.00207933303543 0.000939272889424 -0.00209725559305 0.00402418281154 -0.000912311013923 0.00748975024737 
0.00876380232728 0.233181115961 0.00802692651324 0.0368940557409 0.0388562503826 0.0100639883938 0.033006757843 0.025817747399 0.0100226118921 0.00970411810754 0.0231486085817 0.0214365901539 0.0216528409907 -0.00579955203544 0.00928236523175 0.0143486591412 0.0123748247274 0.0394799806621 0.0109122343175 0.0282186760654 0.00540963608646 0.00286536673797 0.0107568093568 -0.00165814244466 0.0187216547314 0.0194485205592 0.0226094035745 0.00158641129612 0.00839296333466 0.00841138219811 0.0141443378585 0.0205003548862 0.00591668632612 0.00538119465841 0.0189828719436 0.030179374477 0.00164765240021 0.0252465749278 0.0192664468039 0.0126701766554 0.00837902460963 0.0358350625741 0.0154883793096 0.0223618201133 -0.000271831954676 0.00069281685091 0.0089583778281 0.000330211499946 0.0192943139805 -0.00365417863134 0.025124123215 0.0111933158534 0.00605609350403 0.0075703120044 0.0326960622641 0.00495783072736 0.0207197720166 0.0114196018 0.00389798312139 0.0189386189606 0.0185707065935 0.0138386278149 0.00587209197705 0.0365074054233 0.0292863589339 -0.0119868513365 0.0125779364815 0.0103592149709 0.0224700305395 -0.0045074489245 0.0203991795737 0.0348598594413 0.0251440221057 0.0152045790857 0.0206028003158 0.00644373691034 0.0198949726004 0.0224948665758 -0.00608866501173 -0.00156325899496 0.0207140800301 0.0176627764714 0.0208100373584 0.00810732217128 0.00776605108263 0.0261052371262 0.0145875592746 0.0177878448715 -0.00407783498908 0.0173030418044 0.0127754200762 0.00357048520423 0.0143754786098 0.0264785768053 0.0100805391908 0.00791520596169 -0.00618642847713 0.0148425297068 0.0108050816634 0.00790974876939 
0.00672847322992 0.00802692651324 0.466794188242 0.04120182067 0.0359055670916 -0.000381769315458 0.0275256266939 0.0262922760995 0.0130728751785 0.0128400395221 0.0226020936514 0.00960918676263 0.0278392151196 0.00253944009065 0.0349065579211 0.0085993009098 0.0101618594505 0.0420238024053 0.00413874397917 0.013629674879 0.0133127932261 0.0204582689258 0.057921290396 0.00298722341096 0.0173977208651 0.025869596512 8.39522440319e-05 0.0385375560489 0.0162179265323 0.00333858969234 -0.000627787993436 0.0285505826696 0.0235871263137 -0.00382558523569 0.0248080195362 0.0535901332406 0.0199275881324 0.0656377761253 0.0158604782317 0.014166937599 -0.00266180969418 0.0127290841014 0.0237433778331 0.00793649943155 -0.00988576066281 0.0191299959531 -0.00538797645568 0.00235657807633 0.00292868798434 0.018738819325 -0.00388865942561 0.00350311679983 0.0177636924414 0.0245625058661 0.0179535230058 0.00825730518628 -0.010834174123 0.0103669795674 -0.000247113133034 0.00913177560681 0.0256766152823 0.0142698969212 0.00835772316522 0.0124656387642 0.00738470737776 -0.0166630989823 -0.00329882071641 0.00875271651681 0.00711969844185 -0.00136135787969 0.0104548738747 0.0116885014881 0.000761236508651 0.0177389253953 0.0487243303428 0.0239563977373 0.0145684025885 0.0237928529983 0.0671266143691 0.0109070015972 -0.013635681443 0.00631507459303 -0.00114885951527 0.0409106347762 0.026828977283 0.0315369092495 0.00996597121137 0.0168143938212 0.00913252578966 0.0115601442714 0.0221163400578 0.00829318238688 0.0072795059902 0.0203707144587 0.00902602728951 0.0215817752908 0.0201488148914 0.0127397205392 0.0118982050242 0.0163927111895 
-0.00673790041972 0.0368940557409 0.04120182067 0.531498244945 0.0426300238511 -0.00155664655507 0.0441691052684 0.0131898455668 0.00760058376678 -0.00125874081184 0.00971309423192 0.000607023905448 0.0326658706379 0.0389504581615 0.0114981107069 0.011780163568 0.0106947822685 0.0474885935746 0.00112987854607 0.0268188882395 0.018079206084 0.025494855309 0.00990737083278 -0.00039447077807 0.0120632831559 0.0459697619393 0.153133055647 0.0185093501407 0.0325351315035 -0.00306460568781 0.0100087828358 -0.0145646446248 0.00902997075269 -0.00118783861036 0.0079729980271 0.0322078092068 0.0127821183982 0.00938820724045 0.0308242449655 0.0179879636597 0.116277558617 0.040610843792 0.0138430070714 0.0275141832359 0.0155404850663 0.00383934341715 0.0141949112735 0.00534357933813 0.00504289245053 0.069145237431 0.0126040430912 0.0170720169638 -0.00126026120487 0.00136301978967 -0.00980485112814 0.0175887489657 0.0125403939477 0.00787803322729 0.00363867987432 0.0111626726638 0.0107495041103 0.0131208742869 -0.00184427672885 0.0210838950495 0.0211404798099 0.0152145844476 -0.000625874660835 0.00403203368084 0.0213496249527 0.00595217350162 0.00692548445589 0.0389313858666 -0.0190891003987 0.0185494463118 0.0255364220688 0.0217104412892 0.0174959812008 0.0327123456996 0.00225742422652 0.0102406620912 0.000496931327328 0.00373044778158 0.00933786336838 0.0235257667202 0.00914983598619 0.0356804780219 0.00408945449044 0.0390963601963 0.00546133034031 -0.00210293397304 0.0031962172787 0.00910161065578 0.0112918153397 0.0223493284529 0.00578581631125 0.00690617667184 0.0183827953928 0.00748619061399 -0.00101621485833 0.0109671973071 
0.0144736594591 0.0388562503826 0.0359055670916 0.0426300238511 0.585729506167 -0.00112371675776 0.0265461576374 0.033242498314 0.00121784511192 0.000680788597755 0.0891829346727 0.0203092244112 0.0223460527494 -0.0162986434011 0.0534057581049 0.0200582494218 0.0143268135284 0.106942948761 -0.00311461772802 0.0229716731211 0.0175354300773 0.0154089101046 0.00636748539109 0.00281235963658 0.014185502796 0.0191992839334 0.0410156810615 0.0107358316022 0.0581206749173 0.0165884624206 0.0159653157863 -0.00868527582536 0.0118826453664 -0.01024370814 0.0294165734658 0.0359059430701 0.023787656629 0.0424829160195 0.0244860303959 -0.00425324649583 0.0223024997544 0.0442356029188 0.0418935706435 0.00753507635372 0.0659692002961 0.0120942313842 0.0160397302477 -0.0112855346905 0.0251102223146 0.0399248853936 0.0126486677338 0.00851218300256 0.00543056027633 0.00256755099989 -0.0012834710169 0.0181213529124 0.0100543873974 0.0142413426191 0.00445296442142 -0.00198353524493 0.0102038077726 0.0123399611443 0.0187161269217 0.0649877659248 0.026374516841 0.0114211308222 -0.000909301632857 0.00891159696594 0.0273504906914 0.0110038930195 0.0111698510017 0.0208498622338 0.0224120420657 0.0120010704053 0.0367063310643 0.000818112219479 0.00614969521635 0.00413722347819 0.0168693170934 0.00155331330511 0.0216544966714 0.0034360789085 0.016351207432 0.0244019632001 0.0142458929802 0.0312659238361 -0.00313025665412 0.00187212558375 -0.00151544471587 0.0119403642961 0.00871500230085 0.00361520932422 0.0144447517895 0.0224642440451 0.00353859919821 0.0045754288667 0.00726950974358 0.0017481123128 -0.00374102117916 -0.0206489721784 
0.0142872463529 0.0100639883938 -0.000381769315458 -0.00155664655507 -0.00112371675776 0.172679627077 0.0163592770532 -0.00254611770879 -0.000198042127742 0.0325695451579 0.0236499248978 0.0131557401518 -0.00461361290557 0.000570269170649 -5.05644484157e-05 -0.00275632202619 0.0103172729218 -0.00430179005109 0.0049384026778 0.00401048368313 0.0103423465721 0.0185698496728 0.000132184379474 0.00180695601154 0.00759454187258 0.00195011391142 0.0176725341336 0.00168955895184 0.0143026476305 0.0064909904809 0.00636252875645 0.0277197741077 0.00507989534142 0.00717237609279 0.0128768220833 -0.00372607297323 0.00165302877232 0.0186781157476 0.00388425227614 0.00290548168715 0.0106889591113 0.00432051795963 0.0114959275612 -0.00475106926318 0.0119186143396 -0.000414749275276 0.00355593624941 0.0312257396106 0.00732191812305 0.0188246248069 0.00364406543594 0.017850568284 0.0299705200239 0.00620206358351 0.035869891756 0.0238168608188 -0.00220072470117 0.0240889128047 0.0108731307872 0.0398313330069 -0.00555839089058 0.0110389174295 -0.00353377682054 0.00139727439869 0.00774740924995 -0.00487823296856 0.0362739131265 0.0235249342535 0.00271047210664 0.0315638561277 0.00199485590101 0.00847283301593 0.0148149954507 0.0187818092167 0.0186262237317 0.0025820239069 0.00150710376662 0.00928298874622 0.00260438787299 0.00730991500649 -3.06022427947e-06 0.0331025628905 0.0170161568133 0.0101502255715 -0.000353774088566 0.00579370452709 0.0169249059962 -0.00513019562679 0.0163698741811 0.0170267423186 0.00960045764819 0.00417316199186 0.00849880977558 0.0188732653609 0.0331565495554 0.000353336461387 -0.0034387373137 -0.000396452773636 0.00910861113272 0.00935556278278 
0.0133582623251 0.033006757843 0.0275256266939 0.0441691052684 0.0265461576374 0.0163592770532 0.261121916738 0.0303782699031 0.0139935588106 0.0162772039852 0.0110874418423 0.0295968074315 0.029378514396 0.000520905332798 0.044744838889 0.0363376596836 0.00480741554487 0.0399018845051 0.0162714640829 0.0302381388933 0.00868568742035 0.0112824434603 0.0128013580329 -0.000638460994664 0.0241076469696 0.0130051998632 0.026967563955 0.0353667675416 0.0346171551264 0.00574618435153 0.012142735177 0.0331753819869 0.0147438634878 -0.000512117777384 0.03128262545 0.0408349253455 0.0199160687152 0.011907624864 0.0145505800647 0.0183938013567 0.0127117109672 0.00981442553229 0.0263286602024 0.0112733477019 0.0165688357962 0.0177250682259 0.0172507132925 0.0119838596295 0.0146293201862 0.034239402151 0.0139133027697 0.0228894252863 0.0170621896302 0.025033559973 0.0135840867449 0.0186563307856 0.0215239064142 0.0231452435948 -0.0019139192327 0.011970116807 0.03402340684 0.0269103978692 0.0212363504642 0.03732906279 0.0237121365595 0.0153136301542 0.00869016878368 0.00669086597604 0.0355295971502 0.000311639597636 0.0353444273411 0.0155536756202 0.0268941483717 0.0124751278856 0.0242871922415 0.00904444290316 0.011850389925 0.0255389696351 -0.00321854496638 0.0162274961625 0.0105672325225 0.0134383484375 0.0285149541302 0.0142094367144 0.0154103863509 0.0288788954794 0.0134529363754 0.00847132779647 -0.00324361959936 0.0240251755597 0.0152745034681 0.00948190475444 0.0105483409107 0.0131928391133 0.014358873681 0.0363379399665 0.00914200479094 0.014527376936 0.0254575302662 0.0165994362209 
0.00531402737624 0.025817747399 0.0262922760995 0.0131898455668 0.033242498314 -0.00254611770878 0.0303782699031 0.281656683794 0.0157628063431 0.0021839086145 0.0109949383838 0.0156215085977 0.00694370821635 -0.00598840231488 0.0316563596652 0.0135681917325 0.00452078828922 0.0137086439425 0.00922024313613 0.00979683379899 0.0181137912445 0.00526049241675 0.0292753394974 -0.000422318075976 -0.000368202141791 0.021583085341 0.00365395560739 0.0181921673426 0.0139524642321 0.0142264277961 0.0125644451109 -0.000482159562354 0.0125278860487 -0.00183353196442 0.0219407394162 0.0115810360065 0.0267384338512 0.0159748076956 -0.0040704659466 0.0245010657556 0.0124853045501 0.0121772189904 0.0148223954926 -0.00925180371589 0.0146570180582 0.00856628242617 0.00718945520176 0.00273496435084 0.0147397271027 0.0282337001851 -0.00134205069077 0.00406291852458 0.00463205763074 0.00226431865717 0.00305348322526 0.0145490336789 0.00964529767043 0.00802061389583 0.00840134036173 -0.00016700429166 0.0159943272553 0.00945123669236 0.0247041507733 0.0145134933503 -0.00172854741712 0.0219955274053 0.00745573800465 0.0147272258571 0.0136592839567 0.0215714442819 0.0309030565528 0.0104959430122 0.00621057507277 0.0096788385955 0.0303157490834 0.0130084812124 0.0249551219121 0.0136650016893 0.0103881296702 0.00428366085553 0.0111111584619 0.00370143112118 0.000203376361298 0.00518511542958 0.0166638113788 0.015753833265 0.00769169571277 0.00193414207869 0.0073942732184 0.0103835326523 -0.00558305166049 0.00891451674047 0.0197896201137 0.0127346637672 -0.00517078841416 0.0152349437412 0.00232888077944 0.00460255251977 0.0193085137116 0.00561540794901 
0.019778793223 0.0100226118921 0.0130728751785 0.00760058376678 0.00121784511192 -0.000198042127742 0.0139935588106 0.0157628063431 0.244042020191 0.00985222724673 0.00112049774332 0.0129057862663 0.0028886637168 -0.0053430246853 0.00814098149398 0.00927793859448 0.00370117077571 0.0289153319269 -0.000280567482578 0.0149369600131 0.0134938480211 0.00699058074079 0.0219489485578 -0.00412154974685 0.00673921364856 -0.00567792770703 0.0162814485936 0.00173912713473 0.0160039501091 0.0179684198142 0.00420619726955 0.00621041658468 0.00485366771417 -0.00240738872906 -0.00925711831686 0.017552607611 0.0207774600641 0.00995792103714 0.00943942039579 0.00345706950384 0.00221754286326 0.0138726933213 0.00289784891306 -0.00844138369106 0.018708226948 0.018063321286 0.020722855185 0.0141610986164 0.0197855084734 0.0139538654962 0.00842993211526 0.0115201019676 0.00704141284808 0.0193137786501 -0.00797692528107 0.00776812383057 0.00754547969135 0.0078679922907 0.0265243050296 0.00595598791103 0.00712288631156 0.0239016324121 0.0238143129905 0.0144658538024 -0.00325555287574 0.0169567062645 -0.00713399433398 0.00511610972795 0.00070379734004 0.0322578872845 -0.00364949662584 0.0154487725054 0.023502233118 0.00416164948301 0.0117750225611 0.00227505161721 0.00585972825305 0.0139464703757 0.0152465950964 0.0175352379418 0.0120348555268 -0.00347816733764 -0.00667362995285 -0.00435998404667 0.00371344026653 0.0173915952977 0.0063336240812 -0.00558936626813 0.00820816080839 -0.00538265237579 0.0100707508132 0.00939742735698 0.0108655671217 0.00839596612317 0.00712341389226 0.025262935973 0.00118762711171 0.0112139592476 0.0265652559676 0.00910159419393 
0.00652424714604 0.00970411810755 0.0128400395221 -0.00125874081184 0.000680788597755 0.0325695451579 0.0162772039852 0.0021839086145 0.00985222724673 0.112725154805 0.00201150746107 0.0141973429396 0.00290992456135 0.00572588897222 0.00228248532639 0.00954449417089 0.00481419382223 0.00156091382824 0.0135895409719 0.0161089178669 0.00902170298246 0.000972758652035 0.00421692191085 0.00975398820451 0.0114597069166 0.00206043560152 0.00653770633024 0.0140255188677 0.00522159214901 0.000664201581214 0.01227058613 0.00784097802213 0.00299682011529 0.00825342464967 0.00686910467359 0.0197542410655 -0.000736136601696 -0.00309027089377 0.00295640985416 0.00235188857084 0.00491224377057 -0.000334165229749 0.00968347809641 0.00657890055606 0.00730443178478 -0.00398103355375 0.0146782517945 0.0355336251663 0.00991387888727 0.0124313716465 0.00884441916741 -0.000201038182546 0.0463068849253 0.0146262850773 0.0249992558202 0.00585079063525 0.013985076696 0.0165554997849 0.00396960904094 0.0318608415972 0.00430394963643 0.0144120920735 0.00387391529298 0.000119289488962 0.00962933716076 -0.0064872434116 0.0275403432373 0.0303449862848 0.01047641921 0.00499668725411 0.00929773140142 0.00355798405939 0.00521615517525 0.0119035058661 0.0050270289544 0.00898910225677 0.00542445920964 0.00706839356416 0.00883428039965 0.0107902717738 0.01081145145 0.0383885372475 0.0117545123946 0.0122634795691 0.00709600068535 -0.00460859350233 0.0152877228869 -0.00664557156903 0.0108358984511 0.0122930010775 0.0128173085215 0.0121159423267 0.0094634664675 0.00619929137428 0.0313393091556 0.00651975143062 0.0032783306162 0.0120832072951 0.00572667027757 0.00795613670947 
0.00639886275733 0.0231486085817 0.0226020936514 0.00971309423192 0.0891829346727 0.0236499248978 0.0110874418423 0.0109949383838 0.00112049774332 0.00201150746107 1.22131459842 0.00144451969426 0.0466397014154 0.025570765097 0.0220021244928 0.0335168086972 0.0216665805992 0.077120019814 0.00124236748669 0.017431614671 -0.00179622129551 0.0138254578877 0.0302367392704 -0.00245873976994 -0.000690106189796 0.00290852457778 0.0386534800037 0.0284622485074 0.0350042919833 0.0424692723758 0.0337310010673 0.0554484590154 0.0282258322725 0.0139738328818 0.0469504587732 0.0265725589628 -0.00347188528659 0.0385953756412 0.0414522240092 0.0279246820938 0.04325335881 -0.00580503250514 0.0204320732084 0.0581413683428 0.0538566189367 0.0270105492719 -0.00812164184871 0.0073604018163 0.00751866672581 0.0964686574648 0.0619778547818 0.0190622301737 0.00266902848506 0.014298284351 0.0301386894285 0.0300730957328 0.0433553876155 0.0178292272942 -0.00404217748474 0.0278770054192 0.0251940823438 0.00416038051353 0.0194751834865 0.0981989081842 0.0434801486159 0.00891840134859 0.00727587275216 0.0131783731491 0.0163376740411 0.0163555170927 0.0031626807138 0.0299601241876 0.0207076807832 0.022988764607 0.0312587877768 0.00787127159317 0.0330825877474 0.0169415405943 -0.000533501343156 -0.0065099550165 -0.00397969271942 0.0104922991024 0.0252264349152 0.049191619222 0.0152148229983 0.0351863201238 0.0081493072516 0.0297365902114 -0.00121164813829 0.0676253210898 -0.000419024091043 0.0154174263548 -0.0134938568991 0.011553572352 0.0105037558727 0.0418230627095 0.0146019604642 -0.0129667031949 -0.000787725343099 0.000870242111189 
0.0164643681245 0.0214365901539 0.00960918676263 0.000607023905448 0.0203092244112 0.0131557401518 0.0295968074315 0.0156215085977 0.0129057862663 0.0141973429396 0.00144451969426 0.178178739752 0.0127410384678 0.00193144456153 0.00791650115567 0.0185061501746 0.00496414159692 0.0206027380164 0.0097250341576 0.0268929098257 0.0189044216739 0.00320844133255 0.00599542496584 -0.00545396785617 0.0200301109784 0.00352869930527 0.0368114256146 0.0170920625722 0.00654360923458 0.0075421143219 0.0217675457192 0.0168606397513 0.017019070809 -0.00178916946901 0.00554650333644 0.030325930752 0.00720874588887 0.0121641099461 0.0078178620549 0.00653596960655 0.022135212011 0.0230732580286 0.0101584486068 0.0193754613427 0.0103571388952 0.00975569070154 0.0176161403926 0.0217680036392 0.0178885676111 0.000794573612274 0.00538927513458 0.0167343196107 0.0148278951145 0.0180774327313 0.0249159498611 0.00968011669514 0.00945861548598 0.0188289603355 0.0113092179766 0.0108677779819 0.0125949821734 0.036829435667 0.0057364545977 0.0057467432566 -0.0114886129141 -0.00306126926147 0.0123248009601 0.0145106970789 0.0194102549228 0.0238434300934 0.0128493966185 0.0175223276565 0.0307975717906 0.0174378518003 0.00640703664101 0.0189584949802 -0.000595705019583 0.0139969350099 0.00847318350895 0.0361602888104 0.00354132057295 0.0155058653465 0.00173611215353 -0.0060690278717 0.0230659090278 0.0174348111604 0.0165758504651 0.00674732343085 0.012417116084 -0.00336061652329 0.0444399268509 0.0153646658197 0.0402618197576 0.0159480749229 0.0282267706623 0.0144600426236 0.00707965608056 -0.000512375058476 0.00722817256279 -0.0020487824856 
0.0227602888655 0.0216528409907 0.0278392151196 0.0326658706379 0.0223460527494 -0.00461361290557 0.029378514396 0.00694370821635 0.0028886637168 0.00290992456135 0.0466397014154 0.0127410384678 0.242068967878 0.00994638474631 0.0150114361048 0.0421882172348 0.0193156591794 0.0223048599374 0.0106465124612 0.0147276727978 0.00850619583031 0.00258685497032 -0.00380670372163 0.00164449419443 0.0161962632031 0.0210074046081 0.023602915647 0.0195880237588 0.00970572993672 0.000651702661274 0.0107433472934 0.0244295177469 0.0145683062745 -0.00176952569879 0.0206169055067 0.0484357031108 5.1837932193e-05 0.0282003770358 0.0184724494165 0.019408747103 0.0204901774933 -0.000691457659858 0.0235198467344 -0.00798356819892 0.00329212220416 0.0248563114474 0.0103304694762 0.0100123233273 0.0167124501441 0.0282344657528 0.0116085521197 0.0152241236812 0.00144354348718 0.0143214306496 0.00987538066271 0.00723451531832 0.0326024435895 0.0175310377615 0.00578597826288 0.00673222044858 0.02458265767 0.00656759907195 0.00131990832106 0.0345858545577 0.0182130951094 -0.00303067028545 -0.000549176239969 0.00911305461872 0.0290588560404 0.0213921842087 0.0136730142135 0.0318205377616 0.0154135597811 0.0171626865837 0.0100373415865 0.00741414212963 0.0196549575333 0.0108449998545 -0.00346210697914 0.0118080598506 0.0105597725227 -0.00401864489925 0.0149892671002 0.0128986272074 0.00948226488528 0.0282611647339 0.0120487026347 -0.00187759563075 0.00491632138002 0.0314046547095 0.0114334705098 0.00566235434054 0.0159239689835 0.00925570112428 0.00340473928504 0.0228381162508 0.0127578251365 0.0115625051963 0.0110041146911 0.0183053417413 
-0.013242257762 -0.00579955203544 0.00253944009065 0.0389504581615 -0.0162986434011 0.000570269170649 0.000520905332798 -0.00598840231488 -0.0053430246853 0.00572588897222 0.025570765097 0.00193144456153 0.00994638474631 1.2066726472 -0.00588389497661 0.0139162944606 0.0104843818129 0.0911531010846 0.00390545146248 0.00217207049247 -0.0058248668109 0.00371033101181 0.0211450130738 0.0180920048716 -0.00345559146926 -0.0116303008109 -0.000821698469898 0.0357606817906 0.000403758566885 -0.013080300961 -0.0134491817084 -0.00467606209598 -0.00423556863321 -0.00989172645226 -0.0143574363581 -0.00111727721025 -0.00911881214487 -0.00381225702492 0.00104535530074 0.018923820865 -0.00816251642557 -0.0240009403733 -0.00965129009758 0.0218251454971 0.0886947529084 -0.00120234314769 -0.00780480674005 -0.0168426082477 -0.00780154096808 -0.0246319317323 -0.00646481395882 -0.00554347564426 -0.00075484831079 -0.01443850476 -0.00254366900279 0.0145468644629 0.0399697381458 0.00415776891266 0.00968162186445 -0.00557200059737 -0.00209227774681 0.00170790040132 -0.00831302597557 -0.000413817115431 0.0135882849175 -0.00524078505675 0.00317895219649 0.0113507685232 -0.0137229112692 0.0119916752183 -0.00925442933968 -0.00100691936819 -0.0142695397459 0.0161354322699 0.000820526083208 0.0162978023489 -0.00329967632805 0.0114364756867 0.00199944013341 0.00833935160129 0.001405753826 -0.00422767163702 -0.00906641902806 -0.00999321610782 -0.011581010423 0.000582880005702 0.00790263860333 0.630922247048 0.0195252574809 -0.00720549528839 0.00212873698085 0.00125876025857 -0.00110598013987 -0.000750345847008 0.00264578741852 0.00505905303485 -0.000577487736466 -0.00778770013942 -0.00131026043882 -0.00668838060292 
-0.00650225031271 0.00928236523175 0.0349065579211 0.0114981107069 0.0534057581049 -5.05644484157e-05 0.044744838889 0.0316563596652 0.00814098149398 0.00228248532639 0.0220021244928 0.00791650115567 0.0150114361048 -0.00588389497661 0.313078655147 0.0100243838402 -0.00751507349877 0.0142358723733 0.00752734768353 0.0250359299267 0.0420259519881 0.00624870777445 0.0150558803149 0.00222866322426 0.0178803255761 0.0170474355937 0.0110354130337 0.00876544349727 0.0477645207606 0.0135494121941 0.00787218702963 0.00533063959536 0.0223064465408 -0.00277024671835 0.0227326392533 0.0164706526315 0.021277902745 0.005126229681 0.0188162580306 0.0342567333965 0.00871541496794 0.012113019797 0.0231115159964 0.00890471136262 0.00968447210917 0.0197144405421 0.0196512568397 0.00546838187931 0.0104249655914 0.0196703683827 0.0257374256482 0.016650763775 0.00105090680959 0.00129378433488 0.0170759183365 0.00287450265931 0.00265969909635 0.0213811652997 0.00990553089977 0.00425996715176 0.015793391032 0.0247522302087 0.0316241550657 0.0240356367885 0.00580737743391 -0.00153835443867 0.00370681690696 0.00386548642668 0.0220879752659 -0.00553561398042 0.0125171126509 0.00767062041345 0.0177245173634 0.0289489363774 0.00463445669708 0.0163071216632 0.0183173118738 0.0117656107972 0.0144764402649 0.011254503209 0.0161441838923 -0.00732720203545 -0.000520159414406 0.00570448722439 0.00941834072398 0.0115108481574 -2.66903576867e-05 -0.00395945584028 0.0164929826072 -0.00420636255887 0.0240102581394 0.00325806799846 0.0120456416655 0.01962723826 -0.00776111678541 0.0201354164585 0.00700898624106 0.0148826930831 0.0354760438678 0.015112749461 
0.00626315857052 0.0143486591412 0.0085993009098 0.011780163568 0.0200582494218 -0.00275632202619 0.0363376596836 0.0135681917325 0.00927793859448 0.00954449417089 0.0335168086972 0.0185061501746 0.0421882172348 0.0139162944606 0.0100243838402 0.265588709275 0.00301771735601 0.0259915933721 0.0128978810247 0.0158317803243 0.0162817592461 0.0182205683807 -0.0140465332894 -0.00461844757898 0.00110209645333 -0.00111268747262 0.0371737268268 0.000856537024008 0.0195808406009 0.00142292878623 0.0292203003544 0.0598267996628 0.0352555328093 0.00290447448124 0.0177317014104 0.0692759739086 0.000888297180654 0.0160822728486 -0.00463568111768 0.00383038934693 0.00576846509229 0.00979641732482 0.0278738682291 0.000527512018951 0.00293466974627 0.0279942572125 0.0077516710921 0.0030389517013 0.0239021050848 0.0317960340183 0.0118870397852 0.00631227980015 0.000197924749216 0.0160158788615 -0.0182796671465 0.00657944611101 0.027663828253 0.013279679966 0.0029611270964 0.00959895794389 0.00947199903766 0.0171276367605 -0.000161938946661 0.026013201991 0.0120859208068 0.000753264730367 -0.00113577935292 0.00602786435402 0.0291392605567 0.000198332453359 0.0233349061388 0.0225649935552 0.0359426700558 0.0127063387622 0.0181262976935 0.00672866923701 0.0058514018505 0.010081969219 0.00470898339396 0.0132345303522 0.0100108867353 0.00665187618897 0.0264135721613 0.0147778833428 0.0145860164636 0.0356726413413 0.0183051365708 0.0101306275062 0.00775742724237 0.0349174008143 0.0109427520154 0.00447269444381 0.0158577060645 -0.00200834105916 -0.00207235979327 0.0342359820294 0.0142726932376 -0.00780107589989 0.0213877269108 0.0260237842824 
-0.00604206211726 0.0123748247274 0.0101618594505 0.0106947822685 0.0143268135284 0.0103172729218 0.00480741554487 0.00452078828922 0.00370117077571 0.00481419382223 0.0216665805992 0.00496414159692 0.0193156591794 0.0104843818129 -0.00751507349877 0.00301771735601 0.271644355007 0.0218111315033 0.0140541364127 0.0224985371133 0.0160132636003 -0.0105170432414 0.00474336655977 -0.00226835074449 0.0125605857369 0.00830354888399 -0.0101442006547 0.0299079955079 0.0134296034644 0.0295313459732 -0.00657232020669 0.0129025971533 0.0108649206866 -0.0323780776827 0.00768074415366 0.0228160715348 0.0128835600211 0.0299660357223 0.00702324395563 0.00281009342474 0.0115507604461 0.0168760015877 0.0128525714979 0.00389184680443 0.000402298946129 0.00690727463096 -0.000619675287455 0.0134612056353 0.0228182890415 0.0181533320766 0.0194279926403 0.0140921234175 0.00797619630328 0.0117721107508 0.0227685760003 0.0121671748264 -0.0154065097365 0.00190697866063 0.00763205785185 0.00211437350014 0.0137842958822 0.000908137253186 0.0133936216147 0.010858206182 0.00231163172242 0.00406718149321 -0.000678018564547 0.0104700563756 0.00640794389305 -0.0148685741782 0.0231907180558 0.0114447178011 0.0125568163309 0.0140257335406 0.0185711820541 0.0152458673642 0.00222007274289 0.00658744577072 0.0133567058738 -0.000895432068532 -0.00610956898563 0.00670662994811 0.0133091665271 -0.00223892797306 -0.00602794288535 0.0107789143956 0.000228259407176 -0.00859538962963 0.0140572593015 -0.000289388499632 -0.00415387412578 0.00671465869417 0.00578848655059 0.00946054661572 0.0120248746488 0.0101367165407 0.0156107655218 0.00231242980534 0.00076963380025 0.0169305147846 
0.0275165584477 0.0394799806621 0.0420238024053 0.0474885935746 0.106942948761 -0.00430179005109 0.0399018845051 0.0137086439425 0.0289153319269 0.00156091382824 0.077120019814 0.0206027380164 0.0223048599374 0.0911531010846 0.0142358723733 0.0259915933721 0.0218111315033 0.584418155909 0.0156690843815 0.00252697183999 -0.00183352816604 0.0108390509328 0.0106817595332 -0.00527786254408 0.0392656377353 0.0155283090291 0.0126321497966 0.0154263254688 0.0595659767911 0.0104440738063 0.010786151359 0.01260440092 0.0105512711751 -0.0130926712927 -0.0194763377242 0.0435486734727 0.0160279751125 0.0633486939957 0.0113016551695 0.0288917708468 0.0168577041618 0.002818170235 0.039300166018 0.0341675899861 0.0322366201542 0.0384053315196 -0.00356701000809 -0.002412776014 0.0239785060986 0.0662658750756 0.0564304645634 0.0148913350768 0.00402521715166 -0.000592655700871 -0.00139745290163 0.021871731388 0.0389293066481 0.0193619497445 0.0147048319986 -0.00323283002319 0.0283295002386 0.0105901685633 0.0112566065165 0.0493665644947 0.0273916158103 0.0190768136363 -0.00751043189675 0.00268102305838 0.0348052533151 0.0151781822888 -0.00637296106709 0.0127831482708 0.0374610015414 0.0122789551465 0.0498612611252 0.0123376635831 0.0106116625443 0.0274357677028 -0.00746275379474 0.0146791032558 0.00644203593633 -0.000890354695876 0.0304728595573 0.0329918432031 0.0378882806595 0.0659733506489 0.00233650627091 0.0759559672158 0.00781206601607 0.0076631500629 0.0158780682995 0.00152604279618 0.0375103046639 -0.0048559731894 0.00223326354982 0.00410795190377 0.0172975402793 -0.00281989329285 -0.00148526884517 0.0156081736797 
-0.00354158305019 0.0109122343175 0.00413874397917 0.00112987854607 -0.00311461772802 0.0049384026778 0.0162714640829 0.00922024313613 -0.000280567482578 0.0135895409719 0.00124236748669 0.0097250341576 0.0106465124612 0.00390545146248 0.00752734768353 0.0128978810247 0.0140541364127 0.0156690843815 0.264241800885 0.0109973465455 -0.00110860768821 0.00294379662067 -0.0129720783978 0.0156381569584 0.0110484165204 -0.0153332265559 0.0022374765013 0.000486091405958 0.0195402742139 0.00728998389448 0.0254910354918 0.0143099392124 0.00265769834469 0.00209132118157 0.0194476251714 0.00882405578173 -0.0156825319381 -0.00410539221464 0.0155842708634 0.00212969883266 0.008846835823 0.00194286373783 0.0134932302572 0.00637348624432 0.00142686549147 -0.0119707510178 -0.000397663955653 0.0105421456214 0.0053482159277 0.000679257813642 0.00724041860563 0.00760402343912 0.0164257233865 0.00736318882864 0.0156991630352 0.00811260768579 0.024516441763 0.0111845812659 0.0204674724544 0.0111831968675 0.00688653610601 0.00219404254269 0.00271616533237 0.0287010283774 -0.00177728079948 0.0123655023082 0.011097049455 0.0110706903605 0.00406784524385 -0.00266988556439 0.00498094912832 -0.00652673428026 0.0290055623926 0.00500875389188 0.0038537708375 0.0147446729263 0.00885917945946 0.0012568796212 0.00717695685779 0.00403915864384 0.0105700271482 0.0116986240436 0.0180885230446 -0.00135844255645 0.00357012146539 0.00404586840369 0.0382868875974 -0.00208263137065 0.010666982165 0.0203696622909 0.0181876469186 0.0102739881253 0.00624331987573 -0.00961409765327 0.0105215636123 0.0194448931123 0.0190487223173 0.00836446946334 0.00728166063697 0.00358593832454 
0.00800038344568 0.0282186760654 0.013629674879 0.0268188882395 0.0229716731211 0.00401048368313 0.0302381388933 0.00979683379899 0.0149369600131 0.0161089178669 0.017431614671 0.0268929098257 0.0147276727978 0.00217207049247 0.0250359299267 0.0158317803243 0.0224985371133 0.00252697183999 0.0109973465455 0.212245578285 0.0150086185304 0.00645265612532 0.0146106855031 0.0129823369153 0.0166445860842 0.00162330893311 0.0275376360102 0.0204324788915 0.0119828282945 0.0116264690591 0.0205369998822 -0.00580161636716 0.0159984626147 0.00732051568489 0.0223335497054 0.035023018438 0.0251353216712 0.0316084359042 0.0283827034859 0.0134751028341 0.00252579223666 0.0258981632844 0.00114633800167 0.00995537611267 0.00479823221534 0.00931878943905 0.0179497945497 0.01403168946 0.0365888725944 0.0385030469602 0.00971853273471 0.0115158887929 0.0175160724914 0.00623655715574 0.0222187651347 0.0213349920259 0.0225192905408 0.0457087365814 0.0111153197621 0.0250622190772 0.0114704932847 0.0115985808699 0.00798683879155 0.00442552694715 0.0238610125124 0.015105043433 0.00948687216839 0.0202231300642 0.0256769092621 0.00953454999467 0.0152116914925 0.0174175095158 0.0243118201213 0.00676279663433 0.0181151744696 0.0189152353068 0.00740511105525 0.0254654816233 0.00474627227321 0.0281140226802 0.02231938237 0.0164573414134 0.0119253071676 0.00689883590069 0.0173097166414 0.0274870151941 0.0123168429594 0.00105821616751 0.0138856689276 0.00858511811213 0.0183650413835 0.0186390792448 0.0172568117753 -0.00200496640068 0.0121850746773 0.0113726457778 0.0117655697172 0.00768173185171 0.0134590267682 0.0141694636142 
-0.00122318595253 0.00540963608646 0.0133127932261 0.018079206084 0.0175354300773 0.0103423465721 0.00868568742035 0.0181137912445 0.0134938480211 0.00902170298246 -0.00179622129551 0.0189044216739 0.00850619583031 -0.0058248668109 0.0420259519881 0.0162817592461 0.0160132636003 -0.00183352816604 -0.00110860768821 0.0150086185304 0.197335613634 0.00476744052856 -0.00715108334476 0.00727524554643 0.000731804179307 0.015521882016 0.0201695715857 0.0191479829992 0.00497467984006 0.012544491087 0.031656333109 0.00244377941463 0.0513340779677 0.00148087211903 -0.00851702960542 0.0288631864658 0.011189249267 0.0117475809769 0.0133378420506 0.0129047109756 0.0125459098842 -0.00180232209527 0.00480865194206 -0.0133609559303 0.0107866580848 -0.000617016790616 0.00710858989627 0.0112068030058 -0.00154855568055 0.00495761758921 0.00906511328441 -0.00195398300715 0.00122393515692 0.0145621113663 -0.00110654660705 0.00742162661817 0.00792392676672 0.0111061075791 0.0168170135172 -0.00959428410786 0.0105589299177 0.0112257648629 0.0175565407728 0.0166322443963 0.00563993461308 -0.00988279913873 0.0111574769751 0.00241206232051 0.02261260501 -0.000909102181433 0.021302132586 0.00848659431932 -0.0030921388642 0.0213689197984 0.0217422772231 0.00261943653569 0.00424126033254 0.00195620000818 0.000734362985365 0.00854457520508 0.0115503389903 0.00285289348466 0.0138728683127 -0.00644750646761 0.00502416253115 0.0162945743537 0.0278547910966 0.00665918041306 0.0239656516985 -0.00134455450496 0.00190431697696 0.00925500560196 0.0137492294472 0.0100439881102 0.00509984525854 0.00442006261004 0.00685548574415 0.00667437820791 0.011666793082 -0.00324598593555 
-0.00151046671998 0.00286536673797 0.0204582689258 0.025494855309 0.0154089101046 0.0185698496728 0.0112824434603 0.00526049241675 0.00699058074079 0.000972758652035 0.0138254578877 0.00320844133255 0.00258685497032 0.00371033101181 0.00624870777445 0.0182205683807 -0.0105170432414 0.0108390509328 0.00294379662067 0.00645265612532 0.00476744052856 0.249286930019 0.00571532290102 0.00665720154751 -0.000937093513028 0.00377014902749 0.0295481677977 -0.00631328330797 0.0249689297084 -0.00337956123831 0.00406306850175 0.00370601411585 0.00802224299216 -0.000393162433128 -0.00987085368436 -0.00335244402969 0.00390471878461 0.085454159404 0.00628287309728 0.00494325687162 0.0165668069419 -0.00952048203144 0.0183561979199 0.0277274590779 0.00267749305785 -0.0114761984157 0.00612867475452 -0.00569902806957 0.00718415972192 0.055097345509 -0.00339488066294 0.0170780316575 0.0092322193757 0.00598947658022 0.0166365714528 0.00862514751301 0.00613896322531 0.0140071857757 -0.000617568759562 0.0192646600453 0.0221216737196 0.00740152141733 0.00909935799159 0.0138348205365 0.00613705485494 0.0270367518993 0.0165025606117 0.00371207790788 0.0195209830265 0.0168354156102 0.0221369882506 0.0163196152072 0.0179038884233 0.00624443096424 0.0131667127746 0.000245400565146 0.0115471753437 0.0123448019874 -0.00455060148628 0.012968202097 0.00408274695472 0.0051326166976 -0.00504111615151 0.00481035828909 -0.00128603299129 0.0212103431461 0.00960575630345 -0.00597745576514 0.00327112510221 0.0120305523478 0.00836547524809 0.0128853527024 0.0106973031511 0.0143004781835 0.0143348163996 0.010619812744 0.00618872435478 0.0188503319511 0.0163197726591 -0.0087183698236 
0.0306140153823 0.0107568093568 0.057921290396 0.00990737083278 0.00636748539109 0.000132184379474 0.0128013580329 0.0292753394974 0.0219489485578 0.00421692191085 0.0302367392704 0.00599542496584 -0.00380670372163 0.0211450130738 0.0150558803149 -0.0140465332894 0.00474336655977 0.0106817595332 -0.0129720783978 0.0146106855031 -0.00715108334476 0.00571532290102 0.450832624952 0.000303154840122 0.0186215053711 0.0116781871035 0.00785468980493 -0.00984636452568 0.0118203513454 0.000495596821673 -0.00731867473117 0.0310655969582 -0.000772819782503 -0.000875262477357 0.000766778374778 0.0179787598451 -0.00126741099006 0.0372985823871 0.0110744948127 -0.00486686486862 0.00749314372453 0.0130281482797 -0.000372836570466 0.0385436372764 -0.0203018590136 -0.00784392721739 0.013077935597 -0.0032490850776 -0.00568110584528 0.0189263323578 0.0292041072959 0.0102183529671 0.0130359104494 -0.00419461638762 0.0165307454416 0.0184340617958 0.0202016337983 0.013920503995 -0.00301154935107 0.0119610796287 0.0131789314121 0.00498257970783 0.0157756993916 -6.34278300186e-05 -0.0258749999139 0.0137322719888 0.00331291277436 0.0112824600429 -0.0103883483595 0.00998627397746 0.0238753053937 0.00790418726702 0.00673806018936 0.00148619587595 0.0311560985332 0.0370923270153 -0.00106630388769 0.00665519182931 0.0276099736056 0.0177971114928 0.00645917818006 0.00394503931283 -0.00976318344735 0.0274190545674 -0.000341732333437 0.0155580394411 -0.00804443322103 -0.0249410320535 0.00512333496158 0.00531900074574 0.00643262269022 0.00471721427535 0.015088482316 0.0413921895664 0.0072558291873 0.0122343757556 -0.00561067387715 -0.0135242953789 0.0118793419589 0.00519533900731 
