50
0.045759308444 0.0442487549982 0.126958151155 0.0970140476379 0.0785675118811 0.0314514366364 0.0861911318708 0.106415927512 0.0623593213805 0.0210054402465 0.0223320424584 0.136312174374 0.040534814632 0.0538734886168 0.104903250727 0.0188066159349 0.0690593134036 0.0597278634654 0.149246593495 0.0388241127613 0.0362094771936 0.116671338284 0.0682562642732 0.10135047428 0.199130076205 0.22311845274 0.0307440439862 0.101481112582 0.0192488530763 0.0437869579852 0.0285507317948 0.0297209295042 0.044891801276 0.0375994121509 0.0654803135324 0.0115927538848 0.0244433913508 0.0413167922229 0.0791308905459 0.0770368317024 0.148705689344 0.0165000515881 0.0952892642352 0.0646745186267 0.0289058353667 0.0766878163077 0.0373994541978 0.0514292405054 0.0290232005544 0.0426672552596 
0.192326494495 -9.68023350677e-07 0.111175790224 0.0227651034556 -0.00188570069044 0.0243730822953 0.0084380604471 0.01294745446 0.00510013026566 0.00576183986842 0.00547090423584 -0.00761363233693 0.0143666861957 0.00717214396545 0.0249960063547 0.00381547956408 0.0163402343513 0.018526172967 0.103737985129 0.00479960991268 0.00048088612589 0.010601234258 0.000780171366217 0.0162398860018 0.0517347713159 0.0172558127587 0.0162148720553 0.00546028996622 0.00675008516759 0.00608628719329 0.00353496040204 0.00266210320492 0.0238851704143 0.0090366065126 0.0117705572687 0.00734962819132 0.00588570192641 0.00160933217212 0.0101537065639 0.0169183987494 0.00860442625429 0.022348417364 0.00693363495858 0.0200684730196 0.0159289413532 0.0154060962404 0.00307598151849 0.0181737411922 -0.00347768264317 0.0102032916833 
-9.68023351665e-07 0.259262561247 -0.00302681316874 -0.000731790190204 -0.00174254705053 0.0116971625123 0.012332196286 0.018371734427 0.022908738593 0.00635302692975 0.00238778030912 -0.00434454450013 0.000984002524144 0.0210208407755 0.0246707982974 0.0195917989893 0.0033667214762 0.00078381388815 0.0160964954602 0.0118758087448 0.00512213685133 0.00968192252869 0.012624412138 0.0204841453343 0.00354007864969 0.0587711605458 0.0105565053285 0.005894125901 0.0053903347087 -0.00130754418631 0.00130660836347 0.0049202287999 0.0132646600048 -0.00228035322097 0.0169813847786 0.0225385795016 0.0105136671987 0.0100595169508 0.00730766347707 0.0281660647742 0.087982131969 0.00846926830639 -0.0185455328736 0.0158798985351 0.00939134832969 0.0227824332023 0.0217526358744 0.0222545280061 0.0136644801235 0.0120585908687 
0.111175790224 -0.00302681316875 0.388826530071 0.068455788766 -0.00389354651142 0.00955999781637 0.0299851348603 0.0149276897262 0.0361708783507 -0.000981284866667 0.005431298773 0.00320105013686 0.0386405804865 -0.0135621991929 0.0181021329264 -0.00587056661985 0.0292776239422 0.0184782590585 0.178726505667 0.00402267567997 -0.00655944625397 0.0281372509101 0.0247021953384 0.0367545332046 0.0812635326079 0.0241283186443 0.0199081894856 0.0256999913943 0.00280476572299 0.00625467773967 0.00367941984234 -0.0102246800817 0.0448379675724 0.0105330147785 0.0122708044676 0.0150570220629 -0.00125131063858 0.0141319421748 0.0199413368671 0.0154850509166 0.00929737890695 0.0249140878923 -0.00100445220311 0.019936017132 -0.00239968099327 0.0314000989127 0.00276747071138 0.0146189919375 0.00702440288973 0.0217401214644 
0.0227651034556 -0.000731790190203 0.068455788766 0.570050178452 0.023153713756 0.0419829224632 0.0444452952793 0.058259324301 0.0449881140836 -0.00781038278203 0.00708139460131 -0.0090748184093 -0.00197078344861 0.0509007451543 0.0603584176533 0.0286513749569 0.0281466526068 0.0198337497264 0.06842336996 0.0409156979923 0.0306434730269 0.0424239037545 0.0370862002768 0.0436730907187 0.0603608797107 0.0580832655212 0.0546330925511 -0.0076106925096 0.00814284897361 0.0267630058671 0.03396094305 0.0181532170833 0.036117906337 0.0301303033397 0.0537541471115 0.0209291530866 0.0213349751325 0.0243096325509 0.0112018533 0.0232018391458 0.0452558938055 0.0110317368806 0.0315575049991 0.0275896083372 0.0221896261834 0.0559393966705 0.0467655668747 0.045112123394 0.0303713085665 0.0510414555211 
-0.00188570069044 -0.00174254705053 -0.00389354651142 0.023153713756 0.534183709476 0.0036231754268 0.0199151029321 -0.0157464352998 0.0252466574024 0.00517310306271 0.0183158171426 -0.0278895970174 0.00262856501334 0.0064560285698 0.0280437311797 0.0153895691415 -0.00617410322758 0.0338831402996 -0.00228980081487 0.0203305163485 -0.00436812310574 -0.000691313365673 0.0117843256993 0.0289190286779 -2.69992763238e-05 0.0351284353693 0.0230421913802 0.00648516191177 0.0134061725686 -0.0107889091022 0.0123597027681 -0.0141838630289 0.00413084660016 0.00621621811394 0.0497759701111 0.000752957667817 0.0177521822061 0.0190017845695 0.0216201194297 0.0084814998819 0.0363208975666 0.0125632637328 0.0579674043604 0.00823594696323 0.0135684458851 0.0209130137637 0.0117142109398 0.0113739032633 -0.00083197231118 0.0170339844381 
0.0243730822953 0.0116971625123 0.00955999781637 0.0419829224632 0.0036231754268 0.182324833287 0.0118580645073 0.0141506889074 0.0256226763539 0.0123383755503 0.00260977855143 -0.000876324827296 0.00853170837187 0.00691426709565 0.028178885488 0.0153115384153 0.0137846989014 0.00583200315778 -0.00230985480908 0.0255270737904 0.0383107014173 0.0176501800706 0.017813486652 0.0313132660238 0.0124722778469 0.0108582006673 0.0224833524389 0.00307453181873 0.018464113919 0.0284478770749 0.00104549129535 0.00468203400203 0.0240812020618 0.0129196402416 0.0183969135629 0.0159232030148 0.0209302353243 0.0239270746145 0.0133884512535 0.000579460567628 0.011146318193 0.0265762401773 0.0193228592138 0.0499523961275 0.0306612395807 0.0223497783085 0.0171752146537 0.0287531765692 0.0205481378287 0.0310786793696 
0.0084380604471 0.012332196286 0.0299851348603 0.0444452952793 0.0199151029321 0.0118580645073 0.393053977251 0.0712669125031 0.00232521392083 0.00852853612134 0.00853007180942 -0.00941217896493 -0.000677513621744 0.0245427857501 0.0200955894626 0.00849595556938 0.0129504494504 0.0349309390892 0.0335044548935 0.0197531408102 0.0390982790366 0.0185431597216 0.028053586563 0.0485277927267 0.0193004108975 0.0492155924357 0.0227628399363 0.0334238268759 0.00630764337423 0.00329248283938 0.0281695394096 -0.0053274843747 0.0126529975456 0.00409853100082 0.00530614915437 0.0191752105944 0.00879474177136 0.0311985557763 0.0601152558072 0.0155989274062 0.0425192704678 0.0178260872487 -0.0069391291779 0.00593714926651 0.0131194956422 0.0293876318354 0.00447505650851 0.0330974753116 0.0101159848343 0.0127273736412 
0.01294745446 0.018371734427 0.0149276897262 0.058259324301 -0.0157464352998 0.0141506889074 0.0712669125031 0.60366501186 0.028036091842 0.00193938629439 0.00772498590845 -0.00445311877784 -0.012348248335 0.00521732987663 0.0431301751084 0.00862784746893 0.024997578447 0.0125946637117 0.0347162711881 0.0176708781098 0.0263322437589 0.0930303380333 0.0353398251844 0.027285723232 0.0497474210678 0.0515694000706 0.0266980843768 0.0562941146453 0.00123536475982 0.0077772069525 0.023187420648 0.0106951987253 0.0203100661396 0.0105605077902 0.0313327844172 0.00866579101013 0.00793935101068 0.0111399373648 0.0204900110713 0.0125489488563 0.0489341255959 -0.000691078247746 0.00621681867641 0.000164399625141 0.00574710050123 0.0730722343276 0.0234120339898 0.0204964119415 0.013015832935 0.0269294785118 
0.00510013026566 0.022908738593 0.0361708783507 0.0449881140836 0.0252466574024 0.0256226763539 0.00232521392083 0.028036091842 0.332161503233 0.00907245724438 -0.00803594497664 -0.0181953141319 0.0182670507959 0.0305913449649 0.055868275465 0.0240520768572 0.0167728404498 0.043538378371 0.0181999584767 0.0146745974617 0.0305392510779 0.00513549093392 0.0283955904367 0.0233709993679 0.0430098863712 0.0224879276512 0.0141426112754 -0.00407822445165 0.0121586870663 0.022630789137 0.00213258815563 -0.00858802389824 0.0326827085539 0.00540839933398 0.0352615579973 0.00461766770713 0.0222753729022 0.0184101568134 -0.00166519601907 0.0175056698619 0.036543441272 0.0105536507066 0.00605733147873 0.0289723186471 0.0233900829744 0.0438734379102 0.0446673494488 0.0213825971056 0.0283685072171 0.0166326624919 
0.00576183986842 0.00635302692975 -0.000981284866666 -0.00781038278203 0.00517310306271 0.0123383755503 0.00852853612134 0.00193938629439 0.00907245724438 0.129859017424 0.00197205257599 -0.00364800769693 0.009969235794 0.00848140390229 0.0129228815297 0.0049773005013 0.00728060845269 -0.00769234171233 0.00365097819684 0.0109305683658 0.0011359905063 -7.06567257464e-05 0.00284542492749 0.0143162509593 0.000503797519297 -0.0118689621341 0.0171019712842 -0.00602522205516 0.0228595301215 0.00367859320842 0.00204691812661 0.003174318782 0.00940604005946 0.00787185172367 0.00366551986107 0.0136504561571 0.0160131863948 0.0103059605694 0.0077878270385 0.00317970857993 0.0048522211193 0.00487130724456 0.00306363201825 0.0160741549981 0.00482593648905 0.0146715434103 0.012149531161 0.00221138544682 0.00259076239181 0.0126046316604 
0.00547090423584 0.00238778030912 0.005431298773 0.00708139460131 0.0183158171426 0.00260977855143 0.00853007180942 0.00772498590845 -0.00803594497664 0.00197205257599 0.201117802936 -0.00859654743987 0.00048855329772 0.00578515956258 0.00519791736087 -0.00472884068209 0.00277160354557 -0.00156062925328 0.000961930026275 -0.00186946815709 0.000394404878896 0.00643607092176 0.0486259213208 -0.00110872805042 0.0316691383051 -0.00616787940662 0.00500054278186 0.00327547850386 0.0214992939858 -0.000934202132731 -0.00432848661788 -0.00640445848185 0.0153113985407 0.0158782326363 0.000104727279464 0.00334547103596 0.00557014053108 0.0089555173068 -0.00145992998696 -0.00313178504419 0.0131499536155 0.0103432531766 0.00657183987227 0.0041940465973 0.00959694710369 0.00224991360789 0.01381817595 0.012726591976 0.00693964452403 0.00498261141032 
-0.00761363233693 -0.00434454450013 0.00320105013686 -0.0090748184093 -0.0278895970174 -0.000876324827296 -0.00941217896493 -0.00445311877784 -0.0181953141319 -0.00364800769693 -0.00859654743987 1.9418411125 -0.00591666327994 -0.0176536623685 -0.00808502544958 -0.0187373366221 -0.0202920691748 0.010681510769 0.0181157424581 -0.0195633179751 -0.00234704350081 -0.00953564731666 0.00492335945959 -0.0138608094846 -0.0240652198734 -0.00667891849437 0.00379564251488 -0.0180126460706 -0.00495731893471 -0.0118512270652 -0.0137710670927 0.00143074117042 -0.00920797741387 0.0111552841175 -0.0106244572833 -0.00615278602471 -0.00455678314554 0.000195137668642 -0.00797483405754 -0.00959987121131 -0.0133153000124 -0.00802778628153 -0.00219244346241 -0.00589880822763 -0.00830526802832 0.00881490553475 -0.0149437720743 -0.00881438988517 -0.0159665113463 0.00374345562115 
0.0143666861957 0.000984002524144 0.0386405804865 -0.00197078344861 0.00262856501334 0.00853170837187 -0.000677513621744 -0.012348248335 0.0182670507959 0.009969235794 0.00048855329772 -0.00591666327994 0.53364525728 -0.00268046435746 0.0131745515143 -0.00724976467493 0.00826184103863 0.018066818633 0.00498924839021 -0.00299118282791 0.0130400889346 0.0094741432905 -0.00114264023783 0.00325513494744 0.00513147337003 -0.0133973196813 0.00917398140128 -2.55968588386e-05 0.00520424563336 -0.00791958350761 0.00923285306406 -0.000649022307528 0.00363405409491 0.00627578420392 -0.00702049840873 0.00228663515803 -0.000752302781262 0.00198338151654 -0.00171999392867 -0.00283621872913 -0.00827591510791 0.0170417527864 0.00594687375762 -0.00151159713375 -0.00323812680939 -0.00375008967537 0.00211692083069 -0.00927443652396 0.000828545774169 0.00913498379676 
0.00717214396545 0.0210208407755 -0.0135621991929 0.0509007451543 0.0064560285698 0.00691426709565 0.0245427857501 0.00521732987663 0.0305913449649 0.00848140390229 0.00578515956258 -0.0176536623685 -0.00268046435746 0.377077631746 0.0366032170715 0.0229456349975 0.0107223237135 0.0318964747932 0.00402630228669 0.0170486718332 0.0205645258772 0.0178755326968 0.0203668658851 0.0415719188046 0.023663286589 0.026474575166 0.031188676506 -0.0018867124094 0.00699333426735 0.00442806893196 0.0167336528553 0.00639957907678 0.0254452405635 0.0113108364907 0.0240133240856 0.00891018271877 -0.00261412271926 0.0161993867745 0.0214217269136 0.014492194313 0.0292650311481 0.00155191324939 0.010055308852 0.00796335420774 0.0299074482124 0.0278827339323 0.0412374316426 0.0226399445804 0.0176465689639 0.00956256486151 
0.0249960063547 0.0246707982974 0.0181021329264 0.0603584176533 0.0280437311797 0.028178885488 0.0200955894626 0.0431301751084 0.055868275465 0.0129228815297 0.00519791736087 -0.00808502544958 0.0131745515143 0.0366032170715 0.466049704627 0.0262847099308 0.0231319205776 0.0178369083918 0.0350458156148 0.0213256158569 0.0307361754668 0.0226478672734 0.0294255308595 0.0226743707966 0.0347069680617 0.0432946229253 0.0323656225861 0.0187088554861 0.0117253089564 0.0133484142645 0.0233444673371 0.00256194894881 0.048268063756 0.00363136602011 0.0482062829833 0.0156763213851 0.0178496092438 0.020889077053 0.00854861741353 0.0339205658312 0.0113910601321 -0.00145893195344 0.0270919263118 0.0148354348462 0.0239887747501 0.0472459939006 0.0267963526411 0.0393085184434 0.0127551343189 0.0258218354256 
0.00381547956408 0.0195917989893 -0.00587056661985 0.0286513749569 0.0153895691415 0.0153115384153 0.00849595556938 0.00862784746893 0.0240520768572 0.0049773005013 -0.00472884068209 -0.0187373366221 -0.00724976467493 0.0229456349975 0.0262847099308 0.194613092145 0.00892330954612 0.022431869991 0.00819053225289 0.0198161788727 0.0135557353534 0.0122163012558 0.0181139183517 0.0121826683238 0.015495171237 0.0274772336921 0.0227621033042 0.00252736592554 0.00162947978919 0.0173702978792 0.010590064648 -0.00264794348217 0.0138824198271 0.0136187048671 0.0261556407516 0.021701297192 0.0219280411138 0.0159995599961 0.0132035655393 0.0282471036997 0.00897142633751 0.00679137968662 0.00898309246989 -0.00530779155453 0.0153530398895 0.0125657166087 0.0352782059481 0.021178342789 0.0189518978812 0.0143418958429 
0.0163402343513 0.0033667214762 0.0292776239422 0.0281466526068 -0.00617410322758 0.0137846989014 0.0129504494504 0.024997578447 0.0167728404498 0.00728060845269 0.00277160354557 -0.0202920691748 0.00826184103863 0.0107223237135 0.0231319205776 0.00892330954612 0.43005536556 0.0074974066297 0.0239424724876 0.0268111885182 0.0353497937428 0.0124690411271 0.0311209779147 0.0109965711417 0.006669137747 0.0226936948221 0.025030816607 0.0108105790939 0.00614517492438 0.0057086541481 0.0160593035427 0.0125146125702 0.0189290945547 0.00871404337796 0.0118390187748 0.00642844430478 0.007476944692 -0.0018483124431 0.0140027743183 0.00424525979661 0.019782968238 0.0096111880053 0.0194663321279 0.0198271024312 0.0197160975377 0.0221878046868 0.00696492697012 0.0146258887313 0.0157159583519 0.00997247983873 
0.018526172967 0.00078381388815 0.0184782590585 0.0198337497264 0.0338831402996 0.00583200315778 0.0349309390892 0.0125946637117 0.043538378371 -0.00769234171233 -0.00156062925328 0.010681510769 0.018066818633 0.0318964747932 0.0178369083918 0.022431869991 0.0074974066297 0.389417280198 0.0398870265737 0.0148810262824 0.0237508773307 0.0270177600241 0.0186018125335 0.0230661768888 0.0337485404971 0.0147475014758 0.0085197151916 -0.0133203357433 0.00756616627308 0.0112409634003 0.00760798082564 -0.00508528032325 0.00840124693433 0.00602020088482 0.0303538345617 0.00426343180039 0.0122209640705 0.00206630156577 -0.00876193210676 0.0198804589768 0.0477206441251 0.00367586030176 0.0910768520932 0.000858260413954 0.0365572758972 0.0343458337369 0.0286243204943 0.0118482961461 -0.00435543975301 0.0210247010256 
0.103737985129 0.0160964954602 0.178726505667 0.06842336996 -0.00228980081487 -0.00230985480908 0.0335044548935 0.0347162711881 0.0181999584767 0.00365097819684 0.000961930026275 0.0181157424581 0.00498924839021 0.00402630228669 0.0350458156148 0.00819053225289 0.0239424724876 0.0398870265737 0.545869993036 0.0106619398255 -0.00199510251278 0.0162041102519 0.0221621720929 0.0266969980704 0.0917980199551 0.0493868002638 0.0234104368042 0.0193038410496 0.000117471047907 0.00542664422945 -0.00728841864276 -0.00295853141067 0.0407579850996 0.0315471443458 0.00304866519488 0.0180978898358 0.00485327808206 0.0348916263051 0.00664029727142 0.0298431569786 0.0118150506066 0.0286367757099 0.00236850333851 0.0316485646657 0.0128736857758 0.0228772769544 0.0245957903426 0.0311723958475 0.000247755795747 0.0228568607183 
0.00479960991268 0.0118758087448 0.00402267567997 0.0409156979923 0.0203305163485 0.0255270737904 0.0197531408102 0.0176708781098 0.0146745974617 0.0109305683658 -0.00186946815709 -0.0195633179751 -0.00299118282791 0.0170486718332 0.0213256158569 0.0198161788727 0.0268111885182 0.0148810262824 0.0106619398255 0.17996815259 0.0162776196981 0.00153570570141 0.00587516364712 0.0326534064376 0.0116671031856 0.00418887875798 0.0170941829775 0.0116248628169 0.003128719368 0.0113417546258 0.00957903405183 0.0236807918683 0.0251170819307 0.0128209961572 0.0247864840729 0.00878550331335 0.0297808381145 0.0150823326611 -0.00256745517417 0.0143214788791 0.00296484282054 -0.00039127470296 0.00631518158699 0.0198849867986 0.0314461304141 0.0225089654778 0.0122590171656 0.0220853409436 0.0292536239311 0.0112661787233 
0.00048088612589 0.00512213685133 -0.00655944625397 0.0306434730269 -0.00436812310574 0.0383107014173 0.0390982790366 0.0263322437589 0.0305392510779 0.0011359905063 0.000394404878897 -0.00234704350081 0.0130400889346 0.0205645258772 0.0307361754668 0.0135557353534 0.0353497937428 0.0237508773307 -0.00199510251278 0.0162776196981 0.244147650279 0.0209881453336 0.0218484936335 0.0306369162002 0.0444581302721 0.0108824433206 0.022071806117 0.00607343018487 0.0106606013584 0.0167489993587 0.00285584241558 0.0165272821317 0.0149193090371 0.0164759166712 0.0231773553736 0.0149216357777 0.0202918944198 0.0282597788059 0.00488647053307 0.00262157050934 0.0226882474129 0.00713014339534 0.01197320269 0.0106843532273 0.01960519529 0.0313843485966 0.039142973131 0.0203823565809 0.0344197560363 0.0320704095712 
0.010601234258 0.0096819225287 0.0281372509101 0.0424239037545 -0.000691313365673 0.0176501800706 0.0185431597216 0.0930303380333 0.00513549093392 -7.06567257463e-05 0.00643607092176 -0.00953564731666 0.0094741432905 0.0178755326968 0.0226478672734 0.0122163012558 0.0124690411271 0.0270177600241 0.0162041102519 0.00153570570141 0.0209881453336 1.06324549417 0.0120596892752 0.018886030759 0.066000254595 0.0625969373392 0.0265530004157 0.00667674044457 0.0175446511505 0.0536940457746 0.0585762947594 0.0028762296971 0.0174180368416 -0.00158885844392 0.03254146381 0.0113401767889 0.00600728213552 -0.000638981929537 0.0600734039508 -0.014558303459 0.0201775318411 0.00814715017442 0.00596577311593 0.000806125970608 0.0177508402979 0.0243464182552 0.019081074523 0.0153906743401 0.0335693875403 0.0117196774737 
0.000780171366216 0.012624412138 0.0247021953384 0.0370862002768 0.0117843256993 0.017813486652 0.028053586563 0.0353398251844 0.0283955904367 0.00284542492749 0.0486259213208 0.00492335945959 -0.00114264023783 0.0203668658851 0.0294255308595 0.0181139183517 0.0311209779147 0.0186018125335 0.0221621720929 0.00587516364712 0.0218484936335 0.0120596892752 0.371179338155 0.0416228013721 0.0416025474882 0.0480620266186 0.00842601920001 -0.00239859390743 -0.000597221432537 0.0191168671198 0.0190132492009 -0.0044523374783 0.0379572075498 0.00233210963823 0.025223467757 0.00680171067114 0.00964248712605 0.0297079351414 0.0180939672653 0.0252945764989 0.0208476909397 0.00453147916295 0.0418205078064 0.000241546210863 0.0159235350195 0.0387302719205 0.0160452273919 0.0249821121227 -0.000998887600079 0.00851496405446 
0.0162398860018 0.0204841453343 0.0367545332046 0.0436730907187 0.0289190286779 0.0313132660238 0.0485277927267 0.027285723232 0.0233709993679 0.0143162509593 -0.00110872805042 -0.0138608094846 0.00325513494744 0.0415719188046 0.0226743707966 0.0121826683238 0.0109965711417 0.0230661768888 0.0266969980704 0.0326534064376 0.0306369162002 0.018886030759 0.0416228013721 0.563967463366 0.0610383895778 0.0793000359178 0.0298545264963 0.0410622390223 0.0201671181377 0.0189327664121 0.0142158729495 0.00144721623935 0.0285135375241 0.0191666479408 0.036007488252 0.0206739249165 0.00109464539829 0.0204043949042 0.0790593785802 0.0390744634538 0.0364392433933 0.0085236989426 0.0266587692104 0.0225385677279 0.0244481672816 0.0761699926472 0.00185777830843 0.0300867900056 0.0203111948575 0.0274219109395 
0.0517347713159 0.00354007864969 0.0812635326079 0.0603608797107 -2.69992763238e-05 0.0124722778469 0.0193004108975 0.0497474210678 0.0430098863712 0.000503797519297 0.0316691383051 -0.0240652198734 0.00513147337003 0.023663286589 0.0347069680617 0.015495171237 0.006669137747 0.0337485404971 0.0917980199551 0.0116671031856 0.0444581302721 0.066000254595 0.0416025474882 0.0610383895778 0.612043692423 0.0143029206871 0.0127537865402 0.0208150304352 0.0108426539083 0.0325477242664 0.0161759033547 -0.00368294726174 0.0196754945182 0.0213348148425 0.0188202677762 0.0129496492947 0.00394248772155 0.0278252506245 0.0173879550383 0.00237880361462 0.0169807448646 0.00679248355523 0.0248649041572 0.059915175919 0.018719031648 0.0423742313169 0.0132339631073 0.0391446243756 0.0244223022821 0.0152192728379 
0.0172558127587 0.0587711605458 0.0241283186443 0.0580832655212 0.0351284353693 0.0108582006673 0.0492155924357 0.0515694000706 0.0224879276512 -0.0118689621341 -0.00616787940662 -0.00667891849437 -0.0133973196813 0.026474575166 0.0432946229253 0.0274772336921 0.0226936948221 0.0147475014758 0.0493868002638 0.00418887875798 0.0108824433206 0.0625969373392 0.0480620266186 0.0793000359178 0.0143029206871 0.898009540412 0.042530302074 0.0250007915839 0.00226526333288 -0.00524389470602 0.00641815697305 -0.00427510909842 0.0403842726027 0.00105613237473 0.0402023316514 0.0136243242474 -0.00269257798371 0.0169830204425 0.000198318011224 0.0146376029594 0.0829872126942 0.0134202934305 0.0111197326372 0.0122928331947 0.0297191468358 0.115429484464 0.0316781357239 0.0598635965876 0.013886614436 0.0114867167061 
0.0162148720553 0.0105565053285 0.0199081894856 0.0546330925511 0.0230421913802 0.0224833524389 0.0227628399363 0.0266980843768 0.0141426112754 0.0171019712842 0.00500054278186 0.00379564251488 0.00917398140128 0.031188676506 0.0323656225861 0.0227621033042 0.025030816607 0.0085197151916 0.0234104368042 0.0170941829775 0.022071806117 0.0265530004157 0.00842601920001 0.0298545264963 0.0127537865402 0.042530302074 0.228167474288 0.0135668113972 0.0136653840692 0.0216416848692 0.00877060373832 0.0165052342664 0.02175727496 0.00868476582529 0.0140826999323 0.0213120908508 0.00789200862376 0.03307303881 0.0101550314056 -0.00297515447172 0.0354641715403 0.028711205074 0.0133377683833 0.0118395551967 0.0155479976056 0.0174945303593 0.0261943161462 0.0310851585935 0.0308691029537 0.0461682635179 
0.00546028996622 0.005894125901 0.0256999913943 -0.0076106925096 0.00648516191177 0.00307453181873 0.0334238268759 0.0562941146453 -0.00407822445165 -0.00602522205516 0.00327547850386 -0.0180126460706 -2.55968588386e-05 -0.0018867124094 0.0187088554861 0.00252736592554 0.0108105790939 -0.0133203357433 0.0193038410496 0.0116248628169 0.00607343018487 0.00667674044457 -0.00239859390743 0.0410622390223 0.0208150304351 0.0250007915839 0.0135668113972 0.922120382009 -9.51020207286e-05 0.00220631387338 0.0177105315777 0.00722470841899 -0.00414925421382 0.0168822634641 0.00591931223782 0.00752425843645 0.00760207042519 0.00527239782206 0.0678505613578 0.00468872908143 0.0228622262365 0.00234215208348 0.00977034702792 -0.00785706968878 -0.00254287797956 0.0205205921329 0.00648130870583 0.00987179367399 0.0115490912122 0.00943004573092 
0.00675008516759 0.0053903347087 0.00280476572299 0.00814284897361 0.0134061725686 0.018464113919 0.00630764337423 0.00123536475982 0.0121586870663 0.0228595301215 0.0214992939858 -0.00495731893471 0.00520424563336 0.00699333426735 0.0117253089564 0.00162947978919 0.00614517492438 0.00756616627308 0.000117471047908 0.003128719368 0.0106606013584 0.0175446511505 -0.000597221432537 0.0201671181377 0.0108426539083 0.00226526333288 0.0136653840692 -9.51020207286e-05 0.13708469002 0.0145727870896 0.0120683022503 0.0141723336841 0.00535918357534 0.0201584793257 0.00986474050981 0.011484264337 0.0113010161698 0.00846379984957 -0.00321423645988 -0.00769222201349 0.00696891453973 0.0156221087699 0.00950404420594 0.0168071205278 0.00871052597907 0.0105060394107 0.0244683883448 0.0109225017293 0.00937965995351 0.0143848755521 
0.00608628719329 -0.00130754418631 0.00625467773967 0.0267630058671 -0.0107889091022 0.0284478770749 0.00329248283938 0.0077772069525 0.022630789137 0.00367859320842 -0.000934202132731 -0.0118512270652 -0.00791958350761 0.00442806893196 0.0133484142645 0.0173702978792 0.0057086541481 0.0112409634003 0.00542664422945 0.0113417546258 0.0167489993587 0.0536940457746 0.0191168671198 0.0189327664121 0.0325477242664 -0.00524389470602 0.0216416848692 0.00220631387338 0.0145727870896 0.265295911028 0.0148365354552 0.00757426642077 0.00894130332339 0.0148595119639 0.0404142191103 0.0188404479654 0.00539828232506 0.0376671250796 0.000525107532766 -0.00411158604604 -0.00334436682742 0.0210762772682 0.00141165691246 0.0657026046778 0.023938354937 0.00973485098703 0.0150724893973 0.00636776423747 0.00697835314578 0.0186611897045 
0.00353496040204 0.00130660836347 0.00367941984234 0.03396094305 0.0123597027681 0.00104549129535 0.0281695394096 0.023187420648 0.00213258815563 0.00204691812661 -0.00432848661788 -0.0137710670927 0.00923285306406 0.0167336528553 0.0233444673371 0.010590064648 0.0160593035427 0.00760798082564 -0.00728841864276 0.00957903405183 0.00285584241558 0.0585762947594 0.0190132492009 0.0142158729495 0.0161759033547 0.00641815697305 0.00877060373832 0.0177105315777 0.0120683022503 0.0148365354552 0.243942839431 -0.000655992471039 0.0135644032087 0.00134776540456 0.0138962156653 0.00761982971574 0.000973092275646 0.0076074737046 0.00357851324424 0.000505100714087 0.00662779325076 0.00183670359566 0.0135125271592 0.010049035015 0.0175339001414 0.00904981078503 0.018535090527 0.0195428337045 0.0106596109017 0.005036907479 
0.00266210320492 0.0049202287999 -0.0102246800817 0.0181532170833 -0.0141838630289 0.00468203400203 -0.0053274843747 0.0106951987253 -0.00858802389824 0.003174318782 -0.00640445848185 0.00143074117042 -0.000649022307528 0.00639957907678 0.00256194894881 -0.00264794348217 0.0125146125702 -0.00508528032325 -0.00295853141067 0.0236807918683 0.0165272821317 0.0028762296971 -0.0044523374783 0.00144721623935 -0.00368294726174 -0.00427510909843 0.0165052342664 0.00722470841899 0.0141723336841 0.00757426642077 -0.000655992471039 0.210634148933 0.0590584179604 0.00786221572882 0.00918614272085 0.00287128570416 0.0207028062514 0.00256714814032 0.00682098802428 0.0297746464768 0.00628864453624 0.0035967345917 0.0101817491926 0.00772696305376 -0.00359707107522 0.0121861347246 0.0182258651322 0.00675949118636 0.0213189497188 0.0145074838255 
0.0238851704143 0.0132646600048 0.0448379675724 0.036117906337 0.00413084660016 0.0240812020618 0.0126529975456 0.0203100661396 0.0326827085539 0.00940604005946 0.0153113985407 -0.00920797741387 0.00363405409491 0.0254452405635 0.048268063756 0.0138824198271 0.0189290945547 0.00840124693433 0.0407579850996 0.0251170819307 0.0149193090371 0.0174180368416 0.0379572075498 0.0285135375241 0.0196754945182 0.0403842726027 0.02175727496 -0.00414925421382 0.00535918357534 0.00894130332339 0.0135644032087 0.0590584179604 0.327873516256 0.0184537730309 0.0253783037036 0.0184693245323 0.0118734171996 0.0315474785421 0.0101175222978 0.00749954780051 0.00738024159375 0.00822077333242 0.00655664524303 0.0181737493862 0.0215790599981 0.0204026621578 0.0362484506459 0.0140273193048 0.0176329817806 0.0236898051056 
0.0090366065126 -0.00228035322097 0.0105330147785 0.0301303033397 0.00621621811394 0.0129196402416 0.00409853100082 0.0105605077902 0.00540839933398 0.00787185172367 0.0158782326363 0.0111552841175 0.00627578420392 0.0113108364907 0.00363136602011 0.0136187048671 0.00871404337796 0.00602020088482 0.0315471443458 0.0128209961572 0.0164759166712 -0.00158885844392 0.00233210963823 0.0191666479408 0.0213348148425 0.00105613237473 0.00868476582529 0.0168822634641 0.0201584793257 0.0148595119639 0.00134776540456 0.00786221572882 0.0184537730309 0.268149975938 0.000572221789856 0.0145802272614 0.0159120680776 0.0120207302214 0.00157795993472 0.00329194235714 0.00769826817122 0.00552405996613 0.00504688439091 -0.00201059390503 0.0109625247287 0.00592159078314 0.00987777779158 0.0185692663076 0.0184336681781 0.0193264776468 
0.0117705572687 0.0169813847786 0.0122708044676 0.0537541471115 0.0497759701111 0.0183969135629 0.00530614915437 0.0313327844172 0.0352615579973 0.00366551986107 0.000104727279464 -0.0106244572833 -0.00702049840873 0.0240133240856 0.0482062829833 0.0261556407516 0.0118390187748 0.0303538345617 0.00304866519488 0.0247864840729 0.0231773553736 0.03254146381 0.025223467757 0.036007488252 0.0188202677762 0.0402023316514 0.0140826999323 0.00591931223782 0.00986474050981 0.0404142191103 0.0138962156653 0.00918614272085 0.0253783037036 0.000572221789856 0.388703489849 0.0176483639681 0.010362252927 0.0166467414362 0.0101576474563 0.00484203313794 0.0254991976898 0.00614224789101 0.0158845235049 -0.00470843421582 0.0158376147142 0.0441394424795 0.030733753933 0.014014146138 0.0143733278967 0.0172187858756 
0.00734962819132 0.0225385795016 0.0150570220629 0.0209291530866 0.000752957667817 0.0159232030148 0.0191752105944 0.00866579101013 0.00461766770713 0.0136504561571 0.00334547103596 -0.00615278602471 0.00228663515803 0.00891018271877 0.0156763213851 0.021701297192 0.00642844430478 0.00426343180039 0.0180978898358 0.00878550331335 0.0149216357777 0.0113401767889 0.00680171067114 0.0206739249165 0.0129496492947 0.0136243242474 0.0213120908508 0.00752425843645 0.011484264337 0.0188404479654 0.00761982971574 0.00287128570416 0.0184693245323 0.0145802272614 0.0176483639681 0.141122329917 0.00792534741459 0.0149666887365 0.00654108135536 -0.0138302595407 0.013845917863 0.0086248814266 0.00744319515914 0.00570937662101 0.0237322157377 0.0204158167329 0.00685646361854 0.0222595646228 0.00579470925549 0.00982541135767 
0.00588570192641 0.0105136671987 -0.00125131063858 0.0213349751325 0.0177521822061 0.0209302353243 0.00879474177136 0.00793935101068 0.0222753729022 0.0160131863948 0.00557014053108 -0.00455678314554 -0.000752302781262 -0.00261412271926 0.0178496092438 0.0219280411138 0.007476944692 0.0122209640705 0.00485327808206 0.0297808381145 0.0202918944198 0.00600728213552 0.00964248712605 0.00109464539829 0.00394248772155 -0.00269257798371 0.00789200862376 0.00760207042519 0.0113010161698 0.00539828232506 0.000973092275647 0.0207028062514 0.0118734171996 0.0159120680776 0.010362252927 0.00792534741459 0.185321323879 -0.00113732617127 0.00543165957678 0.00826495945933 0.00326082417973 -0.00128859510246 0.00950209877868 0.0104272110863 0.0240938141681 0.0196996881975 0.0154840747882 0.0153884400466 0.00169349089509 0.00586447236297 
0.00160933217212 0.0100595169508 0.0141319421748 0.0243096325509 0.0190017845695 0.0239270746145 0.0311985557763 0.0111399373648 0.0184101568134 0.0103059605694 0.0089555173068 0.000195137668642 0.00198338151654 0.0161993867745 0.020889077053 0.0159995599961 -0.0018483124431 0.00206630156577 0.0348916263051 0.0150823326611 0.0282597788059 -0.000638981929537 0.0297079351414 0.0204043949042 0.0278252506245 0.0169830204425 0.03307303881 0.00527239782206 0.00846379984957 0.0376671250796 0.0076074737046 0.00256714814032 0.0315474785421 0.0120207302214 0.0166467414362 0.0149666887365 -0.00113732617127 0.244365539313 0.0117600033656 0.0108458016852 0.00228198989269 0.0148652301238 0.0246988915728 0.0183928300471 0.0221398543017 0.0238811771267 0.012661686619 0.0274455866924 0.0148755551203 0.017817492655 
0.0101537065639 0.00730766347707 0.0199413368671 0.0112018533 0.0216201194297 0.0133884512535 0.0601152558072 0.0204900110714 -0.00166519601907 0.0077878270385 -0.00145992998696 -0.00797483405754 -0.00171999392867 0.0214217269136 0.00854861741353 0.0132035655393 0.0140027743183 -0.00876193210676 0.00664029727142 -0.00256745517417 0.00488647053307 0.0600734039508 0.0180939672653 0.0790593785802 0.0173879550383 0.000198318011224 0.0101550314056 0.0678505613578 -0.00321423645988 0.000525107532766 0.00357851324424 0.00682098802428 0.0101175222978 0.00157795993472 0.0101576474563 0.00654108135536 0.00543165957678 0.0117600033656 0.60982609573 0.0191785997955 -0.00355878487205 0.00182538953852 -0.0108079949078 0.00458482599753 0.00258742507537 0.0108087814345 -0.000894599525559 -0.00105222849445 0.00427024081308 0.00767885446261 
0.0169183987494 0.0281660647742 0.0154850509166 0.0232018391458 0.0084814998819 0.000579460567628 0.0155989274062 0.0125489488563 0.0175056698619 0.00317970857993 -0.00313178504419 -0.00959987121131 -0.00283621872913 0.014492194313 0.0339205658312 0.0282471036997 0.00424525979661 0.0198804589768 0.0298431569786 0.0143214788791 0.00262157050934 -0.014558303459 0.0252945764989 0.0390744634538 0.00237880361462 0.0146376029594 -0.00297515447172 0.00468872908143 -0.00769222201349 -0.00411158604604 0.000505100714087 0.0297746464768 0.00749954780051 0.00329194235714 0.00484203313794 -0.0138302595407 0.00826495945933 0.0108458016852 0.0191785997955 0.341011038324 0.0177199705105 0.0143309257567 0.00449941962256 0.0152435405602 0.0100224992737 0.0216110198602 0.00272514680101 0.0179296172643 0.0059226530809 0.00678063845251 
0.00860442625429 0.087982131969 0.00929737890695 0.0452558938055 0.0363208975666 0.011146318193 0.0425192704678 0.0489341255959 0.036543441272 0.0048522211193 0.0131499536155 -0.0133153000124 -0.00827591510791 0.0292650311481 0.0113910601321 0.00897142633751 0.019782968238 0.0477206441251 0.0118150506066 0.00296484282054 0.0226882474129 0.0201775318411 0.0208476909397 0.0364392433933 0.0169807448646 0.0829872126942 0.0354641715403 0.0228622262365 0.00696891453973 -0.00334436682742 0.00662779325076 0.00628864453624 0.00738024159375 0.00769826817122 0.0254991976898 0.013845917863 0.00326082417973 0.00228198989269 -0.00355878487205 0.0177199705105 0.629857983783 0.0125661428568 0.0249825979388 0.0119187192364 0.012787594594 0.0909248992433 -0.00251506503732 0.0151650716148 0.0163572778644 0.0149669532382 
0.022348417364 0.0084692683064 0.0249140878923 0.0110317368806 0.0125632637328 0.0265762401773 0.0178260872487 -0.000691078247746 0.0105536507066 0.00487130724456 0.0103432531766 -0.00802778628153 0.0170417527864 0.00155191324939 -0.00145893195344 0.00679137968662 0.0096111880053 0.00367586030176 0.0286367757099 -0.00039127470296 0.00713014339534 0.00814715017442 0.00453147916295 0.0085236989426 0.00679248355523 0.0134202934305 0.028711205074 0.00234215208348 0.0156221087699 0.0210762772682 0.00183670359566 0.0035967345917 0.00822077333242 0.00552405996613 0.00614224789101 0.0086248814266 -0.00128859510246 0.0148652301238 0.00182538953852 0.0143309257567 0.0125661428568 0.150170773828 0.0096642331987 0.0177830323751 0.0154676587793 -0.00168396220991 0.00847693022511 0.0286957540891 0.0179180630488 0.0259823709903 
0.00693363495858 -0.0185455328736 -0.00100445220311 0.0315575049991 0.0579674043604 0.0193228592138 -0.0069391291779 0.00621681867641 0.00605733147873 0.00306363201825 0.00657183987227 -0.00219244346241 0.00594687375762 0.010055308852 0.0270919263118 0.00898309246989 0.0194663321279 0.0910768520932 0.00236850333851 0.00631518158699 0.01197320269 0.00596577311593 0.0418205078064 0.0266587692104 0.0248649041572 0.0111197326372 0.0133377683833 0.00977034702792 0.00950404420594 0.00141165691246 0.0135125271592 0.0101817491926 0.00655664524303 0.00504688439091 0.0158845235049 0.00744319515914 0.00950209877868 0.0246988915728 -0.0108079949078 0.00449941962256 0.0249825979388 0.0096642331987 0.500987715423 -0.00361474629154 0.032484819438 0.0308969598283 0.00332306573366 0.0208565369849 -0.00582047607422 0.0134163444157 
0.0200684730196 0.0158798985351 0.019936017132 0.0275896083372 0.00823594696323 0.0499523961275 0.00593714926651 0.000164399625141 0.0289723186471 0.0160741549981 0.0041940465973 -0.00589880822763 -0.00151159713375 0.00796335420774 0.0148354348462 -0.00530779155453 0.0198271024312 0.000858260413954 0.0316485646657 0.0198849867986 0.0106843532273 0.000806125970608 0.000241546210863 0.0225385677279 0.059915175919 0.0122928331947 0.0118395551967 -0.00785706968878 0.0168071205278 0.0657026046778 0.010049035015 0.00772696305376 0.0181737493862 -0.00201059390503 -0.00470843421582 0.00570937662101 0.0104272110863 0.0183928300471 0.00458482599753 0.0152435405602 0.0119187192364 0.0177830323751 -0.00361474629154 0.510013933084 0.0208183591919 0.000816786862606 0.0239115743422 -0.00165770523729 -0.00189290683314 0.0120669667494 
0.0159289413532 0.00939134832969 -0.00239968099327 0.0221896261834 0.0135684458851 0.0306612395807 0.0131194956422 0.00574710050123 0.0233900829744 0.00482593648905 0.00959694710369 -0.00830526802832 -0.00323812680939 0.0299074482124 0.0239887747501 0.0153530398895 0.0197160975377 0.0365572758972 0.0128736857758 0.0314461304141 0.01960519529 0.0177508402979 0.0159235350195 0.0244481672816 0.018719031648 0.0297191468358 0.0155479976056 -0.00254287797956 0.00871052597907 0.023938354937 0.0175339001414 -0.00359707107522 0.0215790599981 0.0109625247287 0.0158376147142 0.0237322157377 0.0240938141681 0.0221398543017 0.00258742507537 0.0100224992737 0.012787594594 0.0154676587793 0.032484819438 0.0208183591919 0.230884216216 0.0346383708923 0.0213043012397 0.0284824872024 0.0345080194047 0.0139166081606 
0.0154060962404 0.0227824332023 0.0314000989127 0.0559393966705 0.0209130137637 0.0223497783085 0.0293876318354 0.0730722343276 0.0438734379102 0.0146715434103 0.00224991360789 0.00881490553475 -0.00375008967537 0.0278827339323 0.0472459939006 0.0125657166087 0.0221878046868 0.0343458337369 0.0228772769544 0.0225089654778 0.0313843485966 0.0243464182552 0.0387302719205 0.0761699926472 0.0423742313169 0.115429484464 0.0174945303593 0.0205205921329 0.0105060394107 0.00973485098703 0.00904981078503 0.0121861347246 0.0204026621578 0.00592159078314 0.0441394424795 0.0204158167329 0.0196996881975 0.0238811771267 0.0108087814345 0.0216110198602 0.0909248992433 -0.00168396220991 0.0308969598283 0.000816786862606 0.0346383708923 0.434325824673 0.00139363043158 0.0301586523003 0.0104362373901 0.0147655976126 
0.00307598151849 0.0217526358744 0.00276747071138 0.0467655668747 0.0117142109398 0.0171752146537 0.00447505650851 0.0234120339898 0.0446673494488 0.012149531161 0.01381817595 -0.0149437720743 0.00211692083069 0.0412374316426 0.0267963526411 0.0352782059481 0.00696492697012 0.0286243204943 0.0245957903426 0.0122590171656 0.039142973131 0.019081074523 0.0160452273919 0.00185777830843 0.0132339631073 0.0316781357239 0.0261943161462 0.00648130870583 0.0244683883448 0.0150724893973 0.018535090527 0.0182258651322 0.0362484506459 0.00987777779158 0.030733753933 0.00685646361854 0.0154840747882 0.012661686619 -0.000894599525559 0.00272514680101 -0.00251506503732 0.00847693022511 0.00332306573366 0.0239115743422 0.0213043012397 0.00139363043158 0.308943871515 0.0242160353521 0.0229855755376 0.0156052909012 
