40
0.019144788815 0.0144645316835 0.0427797721554 0.107238949757 0.0909027791802 0.0128714932266 0.0682562642732 0.0135350028622 0.116792266476 0.026407260569 0.0435638119902 0.0378808118353 0.166074759161 0.138528932385 0.0448147494519 0.0247746242904 0.02473804396 0.0246645675501 0.0613427887106 0.0192488530763 0.0210054402465 0.0333203023267 0.100974868985 0.0743441041655 0.0522861094618 0.0597094198611 0.199130076205 0.0753619397022 0.360667625942 0.0512444991133 0.0265727047954 0.0434942638749 0.143796644659 0.0449680709256 0.162626926374 0.0391901687574 0.0646745186267 0.0180781461794 0.023795453615 0.0538205376978 
0.224937194875 0.00291144314945 0.0291810989567 0.0299244474394 0.00972003777454 0.0247263936086 0.0252099626084 0.0229495796404 0.0171448786792 0.0366995763973 0.0129929076673 0.0275786427954 0.0416420087048 0.0373579356835 0.0124658143171 0.021207732472 0.0118431206972 0.0190595146499 0.00666156334768 -0.000582767981756 0.00502308194372 0.0282574381646 0.0440104583734 0.0458025124533 0.0248114479498 0.0181011096692 0.0121964979024 0.01079487099 0.00618599399811 0.0231599764671 0.0120782035597 0.0268195863629 0.0409595508788 0.0235576456184 0.00586880452267 0.036433112313 0.0108493940939 0.00660607398117 0.0106232704803 0.0296395193148 
0.00291144314945 0.286571971122 0.015226508224 0.0166114707436 0.008497659782 0.012026569786 0.0275386703827 0.0220501630614 0.0200195948323 0.0100481565712 0.0164866935504 0.00767764918835 0.00878777640072 0.0219417579282 0.00591282021262 0.0170330869045 -0.00432832752563 0.000397641374611 0.00589913590863 0.00868783619833 0.0041023633252 0.0101540563779 0.00521102102468 0.0129802054576 0.0217907969489 0.00450299346293 0.0170330971957 -0.00973260106009 0.0218799888031 0.0180760123892 -0.00606380305245 0.0235731832244 0.0156544291229 0.0107661978773 0.0233587928419 0.00831589669187 0.00368242564246 0.0130761779662 0.0110412534359 0.0217965024237 
0.0291810989567 0.015226508224 0.271738506434 0.0486077097532 0.0116464938994 -0.00259424409292 0.014609846711 0.0110325420943 0.014035207577 0.0250258736499 0.0139567825032 0.0127782113215 0.0567104375851 0.0262606465602 0.0250058020913 0.0243899718666 0.0126853051983 0.0156168312532 0.00757273948608 0.0132074076123 0.00858519726159 0.00133260238106 0.0519448859926 0.0266512536825 0.0384306434297 0.0126061492513 0.0347360344225 0.0280191499581 0.0472688827387 0.0223314537484 0.0216556476586 0.0333720772222 0.0614462425075 0.030677542696 0.0239568580254 0.0349849098766 0.00453425060693 0.0126481926778 0.0209465249285 0.02030631703 
0.0299244474394 0.0166114707436 0.0486077097532 0.47022553067 0.0255021712794 -0.00857808202406 0.0556533866112 0.0206131265751 0.00441739703322 0.0410686348235 0.01285772432 0.035291175189 0.0486841802792 0.0270489567399 0.0138632949313 0.0317229020478 0.0149721961951 0.0260524611518 0.00483296142509 0.0117559658294 0.00893468717112 -0.00183206965328 0.0277579567358 0.0378148244836 0.0312214204281 0.0176098826115 0.0597275116113 0.00509835678006 0.0507621448117 0.0225587038295 0.0186960350624 0.0578956855102 0.0717236313115 -0.00220611993103 0.031791564373 0.0227078024226 0.0351237907931 0.000267315955147 0.0130512586897 0.0344899446168 
0.00972003777454 0.008497659782 0.0116464938994 0.0255021712794 0.4985005332 0.00797119453168 0.0238163071282 0.0126208620712 0.00142790067527 0.00301424537439 0.0020784510716 0.0163757103076 0.0163202468779 0.0215144358908 0.00456389860246 0.00525099193915 0.0149281787489 0.00842987617762 0.00142860591475 0.00327455138188 -0.000631550677349 0.02428459524 0.0012462012275 -0.000230062835562 0.0019575534662 0.00876814121604 0.0139311345153 0.0259448330356 0.00051089551183 0.0129808176947 0.0288806856674 0.00386684513641 0.0119455619874 -0.00587506528535 -0.00821396450214 0.00986169443862 0.0138680758679 0.0594811518665 0.023119570564 0.0254428746584 
0.0247263936086 0.012026569786 -0.00259424409292 -0.00857808202406 0.00797119453168 0.223753650067 0.000497648569137 0.0191669653701 -0.00586760043526 0.00883444360191 0.0165857752107 0.0105777376031 0.00545575914692 -0.00243166467964 0.0324536260139 0.0132505450386 0.00426614780897 0.0113452920652 0.00710503471287 0.00522951968032 0.0054433718774 0.0167034100052 -0.00343022017864 -0.022483008245 -0.00510582106834 0.0140643227349 0.00309759726276 -0.000468269883899 0.000123821400751 0.00198564075019 -0.000433004665671 0.00836070017074 -0.000502804859444 0.00585249206298 -0.00722133389783 0.00307086481459 0.0106440747203 -0.00223826829883 -0.00243465334202 0.00298992530384 
0.0252099626084 0.0275386703827 0.014609846711 0.0556533866112 0.0238163071282 0.000497648569137 0.373468300347 0.0235974146532 0.013752819128 0.0191389922296 -0.0031754042121 0.0264251900695 0.0441086691954 0.0167369785949 -0.00674134393047 0.0145737580464 -0.000880528989307 0.00989998734234 0.00722322462547 0.00222965233518 0.00469353320406 0.0201249168477 0.0313323563996 0.0473141394459 0.0265566193349 0.0166014273227 0.0381866106698 0.020656624015 0.0370316091069 0.03033464824 0.00521392373481 0.0336654667293 0.0673951875189 0.00820146404047 0.0225485682399 0.0193770721702 0.00225000125471 0.00287960907183 -0.01194886499 0.0210674792171 
0.0229495796404 0.0220501630614 0.0110325420943 0.0206131265751 0.0126208620712 0.0191669653701 0.0235974146532 0.199922872694 0.00265058155846 0.0116845057697 0.00434129417296 0.0180292142119 0.028588812575 0.0211379923869 0.0172568280846 0.0110268924682 0.0130597028372 0.0242187462452 -0.00213678366176 0.0133080943903 0.00795109842872 0.0180387669643 0.0219235837317 0.0157351161108 0.0195318510004 0.00593427421404 0.0114446902288 0.0187762854623 0.0237295400621 0.01078999209 0.0194261313107 0.0244526120886 0.0303510896958 0.0150361895253 0.0103545510812 0.0179687108976 0.00966041590275 0.00479361876313 0.0169222616622 0.0245298538613 
0.0171448786792 0.0200195948323 0.014035207577 0.00441739703322 0.00142790067527 -0.00586760043526 0.013752819128 0.00265058155846 0.601898857161 0.0175727167039 0.00277818227482 0.00923402065773 0.0211781289828 0.0410509382825 0.0317831492523 0.00877246254558 -0.000265829030637 0.00565780012039 -0.0020528865083 0.00848443693807 0.0140558976319 0.00825518276553 0.0264574862132 -0.000636370350311 0.0240221439264 0.0082629363963 0.00641378658936 0.00830024173938 -0.0116413642194 0.0316072099837 0.00728415508092 0.0163419933453 0.0240817433635 -0.00246595120524 -0.00674429682529 -0.000519833620599 0.0221420189014 0.0142422149158 0.000855774730117 0.00795902947167 
0.0366995763973 0.0100481565712 0.0250258736499 0.0410686348235 0.00301424537439 0.00883444360191 0.0191389922296 0.0116845057697 0.0175727167039 0.200760651018 0.0188145190204 0.0175138999356 0.0322389471883 0.00505361383447 0.0117342725676 0.0192685325666 0.0316234983749 0.0449768425405 0.0147008652176 0.00805952666643 0.000489040711256 0.0184365793302 0.0137914123893 0.0234696278696 0.0237680881633 0.0250035888528 0.0172053214623 -0.00594446654523 0.012867449651 0.019439722871 0.0164472714873 0.0269069735019 0.0323056311729 0.0187369144941 0.0233230949376 0.00335742879713 0.0236166600521 0.0201605623227 0.0237430782413 0.0433059380174 
0.0129929076673 0.0164866935504 0.0139567825032 0.01285772432 0.0020784510716 0.0165857752107 -0.0031754042121 0.00434129417296 0.00277818227482 0.0188145190204 0.262271355578 0.0132043227324 0.0107165768027 0.00844207380929 -0.00566303952543 0.0031083631381 0.0157655629773 0.0217294277955 0.102340693331 0.0120283629827 0.0110255760078 0.00724307325471 0.0144536342382 -0.0021850252352 0.00797928381074 0.00482295477859 0.0179475712261 0.00733127742834 0.00441945699484 0.00856145109012 0.0116129285844 0.00732471015331 0.0071342933736 0.0156357305764 0.0159217759526 0.00278608157145 0.0192711727501 0.0120604809039 0.0218363538556 0.0169939469435 
0.0275786427954 0.00767764918835 0.0127782113215 0.035291175189 0.0163757103076 0.0105777376031 0.0264251900695 0.0180292142119 0.00923402065773 0.0175138999356 0.0132043227324 0.190468123147 0.034615246033 0.0134970546095 0.0169103558001 0.018137092524 0.023508770246 0.0271832604907 -0.000304638347101 0.000708309752904 0.00803019752463 0.00574316457126 0.0216496208943 0.0355116617935 0.0189857044903 0.0166141963213 0.0156163316158 0.00713525803068 0.0112171834643 0.0179563256228 0.017055432953 0.0252441807335 0.0470256769144 0.0180187998629 0.0118135156622 0.019182861693 0.0176783949753 0.0151662355579 0.0163958882545 0.0418659761538 
0.0416420087048 0.00878777640072 0.0567104375851 0.0486841802792 0.0163202468779 0.00545575914692 0.0441086691954 0.028588812575 0.0211781289828 0.0322389471883 0.0107165768027 0.034615246033 0.483486360487 0.0113935205934 0.022261256688 0.0292283202127 0.0114136781664 0.0164511421723 0.0105072126357 0.0168446448982 0.00460892317713 0.0293750345779 0.0264733762216 0.0071390827515 0.0451718476499 0.00293550466646 0.16806685281 0.0646531651889 0.0568804160031 0.0474602150793 0.0100386437548 0.0685084733411 0.118974131657 0.0240064403989 0.0282842610742 0.0349826651877 0.0357272716855 0.0191085506835 0.00782530651496 0.0193213713073 
0.0373579356835 0.0219417579282 0.0262606465602 0.0270489567399 0.0215144358908 -0.00243166467964 0.0167369785949 0.0211379923869 0.0410509382825 0.00505361383447 0.00844207380929 0.0134970546095 0.0113935205934 1.00307077681 -0.00870614868371 0.00355560934456 0.0141690343863 0.0112263773754 0.00846062299078 0.00468699509267 -0.011072681006 0.0340279060116 0.0351909807936 0.0128177851365 0.0116674501239 0.0130978631976 0.00999349631713 0.00575967556359 0.0802078778243 0.0172523383933 0.00215542108541 0.0273366058236 0.027872729444 0.0120942414078 -6.29713137257e-05 0.0145944554523 0.00367954248185 0.00363404075332 0.0101551256123 0.0179594351653 
0.0124658143171 0.00591282021262 0.0250058020913 0.0138632949313 0.00456389860246 0.0324536260139 -0.00674134393047 0.0172568280846 0.0317831492523 0.0117342725676 -0.00566303952543 0.0169103558001 0.022261256688 -0.00870614868371 0.468993270814 0.0215789244461 0.000454161092382 0.0108047543673 -0.00951719744629 0.005157633722 0.000596296021733 0.00283580569782 0.0374148984498 -0.0117549491658 0.0246122120332 0.012286086448 -0.00206382110216 0.00652179485849 0.0249050929921 0.0056424024902 0.0100160289819 0.0162157839133 0.0439037252254 0.0119920241229 0.00181919927974 0.00368474673703 0.0187514488992 0.00339702291447 0.00588244232023 0.000863376522206 
0.021207732472 0.0170330869045 0.0243899718666 0.0317229020478 0.00525099193915 0.0132505450386 0.0145737580464 0.0110268924682 0.00877246254558 0.0192685325666 0.0031083631381 0.018137092524 0.0292283202127 0.00355560934456 0.0215789244461 0.188259526364 0.0156391095249 0.0189072445411 0.0151312476078 0.0187937303873 0.0112070065377 0.0190444028207 0.0194655968553 0.00960538972834 0.00806300551168 0.000451955705041 0.023998463383 0.00706927335708 0.0249209893216 0.0144980107213 0.0168605422006 0.0244120139368 0.0449386158896 0.00770390424476 -0.000349461776934 0.0163618708819 0.0107508617599 4.45203184133e-05 0.0167476548808 0.0132841675037 
0.0118431206972 -0.00432832752563 0.0126853051983 0.0149721961951 0.0149281787489 0.00426614780897 -0.000880528989307 0.0130597028372 -0.000265829030637 0.0316234983749 0.0157655629773 0.023508770246 0.0114136781664 0.0141690343863 0.000454161092382 0.0156391095249 0.165546743898 0.0237268483384 0.0160288998758 0.0173272766964 0.00495289912127 0.0156825843489 0.000168622674375 -0.00256048076713 0.00324085626619 0.00588148129263 0.01187354345 0.0199451631345 -0.00485660741111 0.0142193733581 0.00766822002467 0.00622372907563 0.0229150587861 0.0157878401476 0.0138898802562 0.0102072361679 0.030325698885 0.00997195835151 0.0418159635326 0.0235765623193 
0.0190595146499 0.000397641374611 0.0156168312532 0.0260524611518 0.00842987617762 0.0113452920652 0.00989998734234 0.0242187462452 0.00565780012039 0.0449768425405 0.0217294277955 0.0271832604907 0.0164511421723 0.0112263773754 0.0108047543673 0.0189072445411 0.0237268483384 0.166444941993 0.00291177478379 0.0149870649461 0.0170580944742 0.015002359606 -0.00174834512956 0.0235809412754 0.0130751190536 0.0153359842833 0.00938412196349 0.00573861370331 0.0177802924886 0.014705102801 0.0351822331243 0.0257259664106 0.0281141743818 0.0324573826312 0.00466777464647 0.0115116044622 0.0298008550773 0.0100592142672 0.0266068066709 0.0524993059103 
0.00666156334768 0.00589913590863 0.00757273948608 0.00483296142509 0.00142860591475 0.00710503471287 0.00722322462547 -0.00213678366176 -0.0020528865083 0.0147008652176 0.102340693331 -0.000304638347102 0.0105072126357 0.00846062299078 -0.00951719744628 0.0151312476078 0.0160288998758 0.00291177478379 0.260488008736 0.0136522747403 0.0179770848077 0.0101388781192 0.015665074129 0.0151455903283 0.0105871618212 0.00521634592398 0.0287509458545 0.0243151475083 0.00825162543932 0.00695166459982 0.00616225426412 0.0206562586635 0.0140700689471 0.0161689029287 0.0140662295612 0.0101679605599 0.0021284402191 0.00935126158298 0.013609685652 0.0122464357407 
-0.000582767981756 0.00868783619833 0.0132074076123 0.0117559658294 0.00327455138188 0.00522951968032 0.00222965233518 0.0133080943903 0.00848443693807 0.00805952666643 0.0120283629827 0.000708309752902 0.0168446448982 0.00468699509267 0.005157633722 0.0187937303873 0.0173272766964 0.0149870649461 0.0136522747403 0.141541697632 0.023601426594 0.0100162155888 0.00822056772168 -0.000859876259816 0.0192009731142 0.00658914571415 0.0115196509144 -0.000700924843447 0.00735602778882 -0.00286743694065 0.0081113786624 0.0110204706617 0.0184054603816 0.0117806493349 -0.00137259824858 0.0093949019378 0.0174947844052 0.00391675207945 0.0148439403822 0.0228942376588 
0.00502308194372 0.0041023633252 0.00858519726159 0.00893468717112 -0.000631550677349 0.0054433718774 0.00469353320406 0.00795109842873 0.0140558976319 0.000489040711256 0.0110255760078 0.00803019752463 0.00460892317713 -0.011072681006 0.000596296021733 0.0112070065377 0.00495289912127 0.0170580944742 0.0179770848077 0.023601426594 0.131357690725 0.0107662909761 0.00921276473188 -0.000236446465268 0.00255232596507 0.0112271405529 0.0006374523121 -0.00382026813667 0.0129912448053 -0.00943248389251 0.00131905094091 0.00874042859412 0.00332685477934 -0.000822697714636 -0.00132831996956 0.000934182536531 0.0169316205994 0.0113613612151 0.0153706573606 0.00927842382516 
0.0282574381646 0.0101540563779 0.00133260238106 -0.00183206965328 0.02428459524 0.0167034100052 0.0201249168477 0.0180387669643 0.00825518276553 0.0184365793302 0.00724307325471 0.00574316457126 0.0293750345779 0.0340279060116 0.00283580569782 0.0190444028207 0.0156825843489 0.015002359606 0.0101388781192 0.0100162155888 0.0107662909761 0.205590948015 0.0152324834217 0.0164911120201 0.012438714687 0.0169098376418 0.0311566646303 -0.00638846958233 0.00919015264341 0.00781367441253 0.0129000992567 0.0292879579042 0.0123714885007 0.0106018696332 0.0131911597555 0.017042601615 0.00235095952017 0.00913665081966 0.0116537506644 0.0178565055121 
0.0440104583734 0.00521102102468 0.0519448859926 0.0277579567358 0.0012462012275 -0.00343022017864 0.0313323563996 0.0219235837317 0.0264574862132 0.0137914123893 0.0144536342382 0.0216496208943 0.0264733762216 0.0351909807936 0.0374148984498 0.0194655968553 0.000168622674375 -0.00174834512956 0.015665074129 0.00822056772168 0.00921276473188 0.0152324834217 0.465721811775 0.0573676315116 0.0245214767478 0.0349650880255 0.01421106061 0.0191297718833 0.0471472792194 0.0365858025923 0.00715004251142 0.0818592891048 0.036413595185 0.00518756102494 0.00758647559222 0.015802766516 -0.000696080709078 0.0184915929888 0.00747194270691 0.0137224632704 
0.0458025124533 0.0129802054576 0.0266512536825 0.0378148244836 -0.000230062835562 -0.022483008245 0.0473141394459 0.0157351161108 -0.000636370350311 0.0234696278696 -0.0021850252352 0.0355116617935 0.0071390827515 0.0128177851365 -0.0117549491658 0.00960538972834 -0.00256048076713 0.0235809412754 0.0151455903283 -0.000859876259816 -0.000236446465268 0.0164911120201 0.0573676315116 0.386526159019 0.0342274047716 0.0134927943295 0.0128055450276 0.00281620650171 0.0426636413655 0.00981763669557 0.0370738247556 0.0605301608575 0.0593331839459 0.0161413583292 0.00408718023274 0.0108192643869 0.011599436305 0.0111839519223 -0.00220387649856 0.0491564274805 
0.0248114479498 0.0217907969489 0.0384306434297 0.0312214204281 0.0019575534662 -0.00510582106834 0.0265566193349 0.0195318510004 0.0240221439264 0.0237680881633 0.00797928381074 0.0189857044903 0.0451718476499 0.0116674501239 0.0246122120332 0.00806300551168 0.00324085626619 0.0130751190536 0.0105871618212 0.0192009731142 0.00255232596507 0.012438714687 0.0245214767478 0.0342274047716 0.316437163539 0.0285165252519 0.0357577677701 0.0268331670238 0.0320759530755 0.0176778916137 0.0304447575468 0.0494275175236 0.0503260810087 0.0182500228044 0.032701340139 0.00957514621058 0.0186253109978 0.0210894418267 0.00195881737719 0.0202893416431 
0.0181011096692 0.00450299346293 0.0126061492513 0.0176098826115 0.00876814121604 0.0140643227349 0.0166014273227 0.00593427421404 0.0082629363963 0.0250035888528 0.00482295477859 0.0166141963213 0.00293550466646 0.0130978631976 0.012286086448 0.000451955705041 0.00588148129263 0.0153359842833 0.00521634592398 0.00658914571415 0.0112271405529 0.0169098376418 0.0349650880256 0.0134927943295 0.0285165252519 0.403281867403 0.00506945215998 -0.0119903768332 0.050223379065 0.0198249224353 0.0128248142649 0.0168050568304 0.0411766986649 -0.000497683336431 0.00680776799558 0.0137727877177 0.00775668535137 0.00195106279799 0.00853957689002 0.010430809259 
0.0121964979024 0.0170330971957 0.0347360344225 0.0597275116113 0.0139311345153 0.00309759726276 0.0381866106698 0.0114446902288 0.00641378658936 0.0172053214623 0.0179475712261 0.0156163316158 0.16806685281 0.00999349631713 -0.00206382110216 0.023998463383 0.01187354345 0.00938412196349 0.0287509458545 0.0115196509144 0.0006374523121 0.0311566646303 0.01421106061 0.0128055450276 0.0357577677701 0.00506945215998 0.602692698777 0.0704864275693 0.0778080473501 0.0481874972686 0.0171313509499 0.0414122592224 0.0857265261215 0.0096307193577 0.0297987882093 0.0067948629825 0.060006194063 0.00652593425538 0.0110814044685 0.00867362137108 
0.0107948709901 -0.00973260106009 0.0280191499581 0.00509835678006 0.0259448330356 -0.000468269883899 0.020656624015 0.0187762854623 0.00830024173939 -0.00594446654523 0.00733127742834 0.00713525803068 0.0646531651889 0.00575967556359 0.00652179485849 0.00706927335708 0.0199451631345 0.00573861370331 0.0243151475082 -0.000700924843447 -0.00382026813667 -0.00638846958233 0.0191297718833 0.00281620650171 0.0268331670238 -0.0119903768332 0.0704864275693 0.385455147909 0.0338619925169 0.0255955751176 0.00159397958007 0.0166213815859 0.0500812313585 0.025357717792 0.0450560749462 0.00970715507131 0.0226307589451 0.00526746070186 0.0368397980762 0.00594289391814 
0.00618599399811 0.0218799888031 0.0472688827387 0.0507621448117 0.00051089551183 0.000123821400751 0.0370316091069 0.0237295400621 -0.0116413642194 0.012867449651 0.00441945699484 0.0112171834643 0.0568804160031 0.0802078778243 0.0249050929921 0.0249209893216 -0.00485660741111 0.0177802924886 0.00825162543932 0.00735602778882 0.0129912448053 0.00919015264341 0.0471472792194 0.0426636413655 0.0320759530755 0.050223379065 0.0778080473501 0.0338619925169 1.18737189392 0.0465538364028 0.0189447433749 0.0401172263702 0.0485459604653 0.0110337227367 0.00757885557091 0.0242264831384 0.0120076968529 0.0165704459499 0.0179034784622 0.00457641833148 
0.0231599764671 0.0180760123892 0.0223314537484 0.0225587038295 0.0129808176947 0.00198564075019 0.03033464824 0.01078999209 0.0316072099837 0.019439722871 0.00856145109012 0.0179563256228 0.0474602150793 0.0172523383933 0.0056424024902 0.0144980107213 0.0142193733581 0.014705102801 0.00695166459982 -0.00286743694065 -0.00943248389251 0.00781367441253 0.0365858025923 0.00981763669557 0.0176778916137 0.0198249224353 0.0481874972686 0.0255955751177 0.0465538364028 0.265918565606 0.00248101665617 0.0386261686832 0.0638225516953 0.0241288298198 0.00357707151866 0.0256733182208 0.0136948550958 0.0108234891485 -0.00288538142713 0.0125074437108 
0.0120782035597 -0.00606380305245 0.0216556476586 0.0186960350624 0.0288806856674 -0.000433004665672 0.00521392373481 0.0194261313107 0.00728415508092 0.0164472714873 0.0116129285844 0.017055432953 0.0100386437548 0.00215542108541 0.0100160289819 0.0168605422006 0.00766822002467 0.0351822331243 0.00616225426412 0.0081113786624 0.00131905094091 0.0129000992567 0.00715004251142 0.0370738247556 0.0304447575468 0.0128248142649 0.0171313509499 0.00159397958007 0.0189447433749 0.00248101665617 0.196322751697 0.017750258631 0.0340287632732 0.0152462018328 0.075994386106 0.0182181620472 0.0186708146961 0.0100733211146 0.00592971739688 0.0116424968245 
0.0268195863629 0.0235731832244 0.0333720772222 0.0578956855102 0.00386684513641 0.00836070017074 0.0336654667293 0.0244526120886 0.0163419933453 0.0269069735019 0.00732471015331 0.0252441807335 0.0685084733411 0.0273366058236 0.0162157839133 0.0244120139369 0.00622372907563 0.0257259664106 0.0206562586635 0.0110204706617 0.00874042859412 0.0292879579042 0.0818592891048 0.0605301608575 0.0494275175236 0.0168050568304 0.0414122592224 0.0166213815859 0.0401172263702 0.0386261686832 0.017750258631 0.292657247115 0.0429256775384 0.0126464773236 0.0274920656005 0.0148310320188 0.010258403795 0.00804740776305 -0.00957853763839 0.0200571599655 
0.0409595508788 0.0156544291229 0.0614462425075 0.0717236313115 0.0119455619874 -0.000502804859444 0.0673951875189 0.0303510896958 0.0240817433635 0.0323056311729 0.0071342933736 0.0470256769144 0.118974131657 0.027872729444 0.0439037252254 0.0449386158896 0.0229150587861 0.0281141743818 0.0140700689471 0.0184054603816 0.00332685477934 0.0123714885007 0.036413595185 0.0593331839459 0.0503260810087 0.0411766986649 0.0857265261215 0.0500812313585 0.0485459604653 0.0638225516953 0.0340287632732 0.0429256775384 0.634140481529 0.0373261981332 0.0359104175748 0.0419791113074 0.00664900589097 0.0173331495748 0.00759740679109 0.0384867425906 
0.0235576456184 0.0107661978773 0.030677542696 -0.00220611993103 -0.00587506528535 0.00585249206298 0.00820146404047 0.0150361895253 -0.00246595120524 0.0187369144941 0.0156357305764 0.0180187998629 0.0240064403989 0.0120942414078 0.0119920241229 0.00770390424476 0.0157878401476 0.0324573826312 0.0161689029287 0.0117806493349 -0.000822697714636 0.0106018696332 0.00518756102494 0.0161413583292 0.0182500228044 -0.00049768333643 0.0096307193577 0.025357717792 0.0110337227367 0.0241288298198 0.0152462018328 0.0126464773236 0.0373261981332 0.190234595633 0.00493163350892 0.0410686222657 0.0136860949962 0.00707471574426 0.0294365221586 0.0175293802691 
0.00586880452267 0.0233587928419 0.0239568580254 0.031791564373 -0.00821396450214 -0.00722133389783 0.0225485682399 0.0103545510812 -0.00674429682529 0.0233230949376 0.0159217759526 0.0118135156622 0.0282842610742 -6.2971313726e-05 0.00181919927974 -0.000349461776934 0.0138898802562 0.00466777464647 0.0140662295612 -0.00137259824858 -0.00132831996956 0.0131911597555 0.00758647559222 0.00408718023274 0.032701340139 0.00680776799558 0.0297987882093 0.0450560749462 0.00757885557091 0.00357707151866 0.075994386106 0.0274920656005 0.0359104175748 0.00493163350892 1.12558335773 0.000848923686849 0.00422189466169 -0.01014632151 0.0336591271295 -0.00169747413625 
0.036433112313 0.00831589669187 0.0349849098766 0.0227078024226 0.00986169443862 0.00307086481459 0.0193770721702 0.0179687108976 -0.000519833620599 0.00335742879713 0.00278608157145 0.019182861693 0.0349826651877 0.0145944554523 0.00368474673703 0.0163618708819 0.0102072361679 0.0115116044622 0.0101679605599 0.0093949019378 0.000934182536531 0.017042601615 0.015802766516 0.0108192643869 0.00957514621058 0.0137727877177 0.0067948629825 0.00970715507131 0.0242264831384 0.0256733182208 0.0182181620472 0.0148310320188 0.0419791113074 0.0410686222657 0.000848923686849 0.199508288264 -0.0152070225338 0.0070679999926 0.0164679524298 0.0116814476141 
0.0108493940939 0.00368242564246 0.00453425060693 0.0351237907931 0.0138680758679 0.0106440747203 0.00225000125471 0.00966041590275 0.0221420189014 0.0236166600521 0.0192711727501 0.0176783949753 0.0357272716855 0.00367954248185 0.0187514488992 0.0107508617599 0.030325698885 0.0298008550773 0.0021284402191 0.0174947844052 0.0169316205994 0.00235095952017 -0.000696080709078 0.011599436305 0.0186253109978 0.00775668535137 0.060006194063 0.0226307589451 0.0120076968529 0.0136948550958 0.0186708146961 0.010258403795 0.00664900589097 0.0136860949962 0.00422189466169 -0.0152070225338 0.514132782406 0.0167530008778 0.00742636933257 0.0393296511727 
0.00660607398117 0.0130761779662 0.0126481926778 0.000267315955147 0.0594811518665 -0.00223826829883 0.00287960907183 0.00479361876313 0.0142422149158 0.0201605623227 0.0120604809039 0.0151662355579 0.0191085506835 0.00363404075332 0.00339702291447 4.45203184129e-05 0.00997195835151 0.0100592142672 0.00935126158298 0.00391675207945 0.0113613612151 0.00913665081966 0.0184915929888 0.0111839519223 0.0210894418267 0.00195106279799 0.00652593425538 0.00526746070186 0.0165704459499 0.0108234891485 0.0100733211146 0.00804740776305 0.0173331495748 0.00707471574426 -0.01014632151 0.0070679999926 0.0167530008778 0.242639187781 0.00526509720746 0.0194285665345 
0.0106232704803 0.0110412534359 0.0209465249285 0.0130512586897 0.023119570564 -0.00243465334202 -0.01194886499 0.0169222616622 0.000855774730117 0.0237430782413 0.0218363538556 0.0163958882545 0.00782530651496 0.0101551256123 0.00588244232023 0.0167476548808 0.0418159635326 0.0266068066709 0.013609685652 0.0148439403822 0.0153706573606 0.0116537506644 0.00747194270691 -0.00220387649856 0.00195881737719 0.00853957689002 0.0110814044685 0.0368397980762 0.0179034784622 -0.00288538142713 0.00592971739688 -0.00957853763839 0.00759740679109 0.0294365221586 0.0336591271295 0.0164679524298 0.00742636933257 0.00526509720746 0.188572224546 0.0236649603939 
0.0296395193148 0.0217965024237 0.02030631703 0.0344899446168 0.0254428746584 0.00298992530384 0.0210674792171 0.0245298538613 0.00795902947167 0.0433059380174 0.0169939469435 0.0418659761538 0.0193213713073 0.0179594351653 0.000863376522206 0.0132841675037 0.0235765623193 0.0524993059103 0.0122464357407 0.0228942376588 0.00927842382516 0.0178565055121 0.0137224632704 0.0491564274805 0.0202893416431 0.010430809259 0.00867362137108 0.00594289391814 0.00457641833148 0.0125074437108 0.0116424968245 0.0200571599655 0.0384867425906 0.0175293802691 -0.00169747413625 0.0116814476141 0.0393296511727 0.0194285665345 0.0236649603939 0.295607688938 

['HD', 'IPG', 'EMN', 'R', 'AES', 'MDT', 'FDX', 'CTAS', 'NOVL', 'NCC', 'MO', 'LNC', 'NUE', 'SHLD', 'BSX', 'VZ', 'XEL', 'STI', 'RAI', 'K', 'PEP', 'CAH', 'ODP', 'FDO', 'ASD', 'CPWR', 'PD', 'APA', 'JDSU', 'TIN', 'SAFC', 'IR', 'ET', 'LMT', 'TXU', 'RTN', 'SNA', 'RRD', 'ETR', 'GDW']