40
0.0435638119902 0.00873698993333 0.0353360638732 0.0231877092109 0.129241945615 0.0522861094618 0.251790956204 0.0565521495323 0.0428749123775 0.0995242847704 0.164482556217 0.0289058353667 0.0255121646837 0.0559549201136 0.0434942638749 0.110783759143 0.078059567066 0.0324915821016 0.125871369107 0.025657065471 0.0276848810082 0.0584548507687 0.105459344027 0.0263662592882 0.0132097716294 0.0414012394119 0.0377989606714 0.0380288664812 0.136312174374 0.0442487549982 0.0130713531851 0.0151091702759 0.0486664598358 0.0309081568087 0.0592302274211 0.116792266476 0.0256056876134 0.101481112582 0.0210495138202 0.0246645675501 
0.278824714014 0.0189372366981 0.0149566394387 0.00724897475765 0.0219901371525 0.0114157949469 0.0123139040065 -0.000874045287796 0.0124444108689 0.00642935551284 0.00876185048703 0.0135167578646 0.0186516643573 0.00128701049872 0.00988640309676 0.0287704467437 0.00665614683449 0.000599067530664 -0.00394356662974 0.0244576149429 0.0119390420583 0.0175004881589 -0.000314174192559 0.00765792374743 0.010635439617 0.0122763919136 -0.00111498889107 -0.00464654496501 -0.00927674749 0.00288957271806 0.0215587045782 0.00506556227332 0.0209003460014 0.0206953159949 0.022868952405 0.00226210058206 0.00168917964768 0.00343012455029 -0.0144491735161 0.0209778460053 
0.0189372366981 0.108427290803 0.011538440472 0.00627556828353 0.00617833735571 0.0143792444045 0.0192473363819 0.00305452719268 0.0143884394231 0.00410317167285 0.0053426511975 0.0154551879968 0.0201545792805 0.0203632889533 0.0110737333733 0.012888542032 0.00333795912081 0.00657951358864 0.0193908080663 0.01452520898 0.0121480107114 0.0241187357009 0.0104380841374 0.0133132350084 0.0175307553649 0.0150742483828 0.00662202182807 0.0131681081932 -0.0135888205068 0.0161496368089 0.0187023917996 0.00926485634387 0.00854927521293 0.00103052907835 0.00991947968119 0.00962345684597 0.0185778740786 0.00794866078345 -0.004849186441 0.00940273463325 
0.0149566394387 0.011538440472 0.31172943745 0.012152572071 0.0325183142333 0.00265075730259 0.0091594813366 0.0215858033516 0.0128101800345 0.0342623954697 -0.00328585494746 0.0200707584909 0.00627739945013 0.0257976191889 0.0207962876036 0.031215698196 0.00295540376521 0.00557076987288 0.0122230416983 0.0295254840335 0.00971556188802 0.00125494684811 0.0191844600675 0.0040312596313 0.0193645875762 0.0111174298369 0.0255218471656 0.0335181095526 -0.00990098846236 0.0231682121563 0.0124860685129 -0.00308160223569 0.00995609765492 0.0378495457413 0.0188924293815 0.0160524564844 0.000623470396942 0.0196402001134 0.0105127962484 -0.00189932128202 
0.00724897475765 0.00627556828353 0.012152572071 0.212843906381 0.00938979322621 0.00854849914034 0.0397206944199 0.0258455102743 0.0165378765805 0.00911985068939 0.0276203326213 0.0110295283598 0.0147249887498 0.0195556759928 0.0105829226699 0.0264649597806 0.0709883448427 -0.00567488266345 -0.00657263216391 0.00425445970323 0.00923837542681 0.00806960657602 0.00964085013961 0.00548071523068 0.00370429897061 0.00143626188618 0.00823402793806 0.00964111096915 -0.00857144555267 0.00966477818245 0.0131738503055 0.00512417775024 0.00387379061644 -0.0113270650034 -0.00142663553471 -0.0105505647985 0.00890993799075 -0.00207312431414 0.0169744090723 0.00166335231454 
0.0219901371525 0.00617833735571 0.0325183142333 0.00938979322621 0.566184126461 0.0166430631969 0.0651290576528 0.00923928356289 0.00644457524487 0.0513909215872 0.00197267155497 0.0038891577465 0.00428545091494 0.0233014260834 0.0181651911922 0.018127796296 0.0118568378175 0.00957872789446 0.00395931558332 0.0026043985768 0.0105873872643 0.0131507998611 0.017037765195 0.0115584643151 0.00512323501221 -0.0056945410301 0.0213950043749 -0.0158903550752 0.0134030387919 0.0185764398549 0.0212270776298 -0.00520367780063 0.0355827236621 0.00880827806225 0.0364903622398 -0.00464642282245 -0.00755442103812 -0.0102450417909 0.00681458054519 -0.000322318411599 
0.0114157949469 0.0143792444045 0.00265075730259 0.00854849914035 0.0166430631969 0.310626300105 0.0126573401603 0.0379693168188 0.00780553045797 0.0248719272432 -0.0016050580262 0.0252226777656 0.0172694115406 0.0470452875521 0.0511105514635 0.0631906905974 0.00869425655346 0.0182083443029 0.0571897401702 0.0109785744371 0.0178742065431 0.0259969329751 0.0400304486702 0.0484757770256 0.00605336896329 0.019141773145 0.0366671624732 0.0413036626525 -0.0144337752641 0.0189908106926 0.00946048641053 0.017185325387 0.0171672466535 0.0195908468394 0.0116721216895 0.0236434089213 0.014062080913 -0.0019949878401 0.021449533695 0.0122236387708 
0.0123139040065 0.0192473363819 0.0091594813366 0.0397206944199 0.0651290576528 0.0126573401603 2.07715693611 -0.00207525678383 0.0255233658226 0.02018372635 0.00570465718135 0.0198206278007 -0.000875165418419 0.0499277794166 0.0482184402766 0.0160328226935 0.0137684438493 0.019924310413 0.0144807546708 0.00134248499285 0.00379645719968 0.0462267955562 0.0171484686158 0.0245831337042 0.0136707115208 0.0141079164648 0.0669714914239 0.0338504449848 -0.0250451469346 0.0156115443904 0.0115575238756 0.00798826899029 0.00528765421361 0.0113909850494 0.0375802456253 0.0244613381778 0.0177132088017 0.0754979575872 0.00119582728399 0.000262248715651 
-0.000874045287795 0.00305452719268 0.0215858033516 0.0258455102743 0.00923928356289 0.0379693168188 -0.00207525678383 0.37107942391 -0.00262395959827 0.00346293071486 0.00426896570325 0.0223489454367 0.0211986137249 0.0168713655841 0.0195238212264 0.0592063245294 0.0168567756163 0.0214992954627 -0.0118880998013 0.0110103696092 0.0370774571337 0.0124333214995 0.0149464062275 0.0204238511917 0.0131233150127 0.00591503191753 0.0280785033646 0.0113405489937 -0.0197537948325 0.0176765018607 0.0184530604367 0.00996163713663 0.00562262849905 0.00163071241046 0.0158679866553 0.000730844653168 0.012023784556 -0.00321116627787 0.00979354414074 0.0213790786053 
0.0124444108689 0.0143884394231 0.0128101800345 0.0165378765805 0.00644457524487 0.00780553045797 0.0255233658226 -0.00262395959827 0.259819939979 0.00892014348283 0.00968149659779 0.0287369718235 0.0216356001998 0.0361842363901 0.00836912864217 0.0333132151326 0.0238774707436 0.0148437047833 0.00717290889199 0.0314877906161 0.0257241372954 0.0387904832947 0.00515833548739 0.0117208594383 0.0186194956085 0.0132251912288 0.0402083448548 0.0253205567431 -0.00271060805689 0.0183936602524 0.0202888438516 0.00913178083652 0.0268315086906 0.023835421053 0.004222046686 0.00108731579607 0.0106290895068 0.018848865418 0.0155403383271 0.036927678368 
0.00642935551284 0.00410317167285 0.0342623954697 0.00911985068939 0.0513909215872 0.0248719272432 0.02018372635 0.00346293071486 0.00892014348283 0.451788565859 0.00735115056233 0.0128983021039 0.00250004366611 0.0248898315472 0.0441577984288 0.024547121679 0.00504899855261 0.0255341882503 -0.00626698558301 0.00575321535898 0.0155376840773 0.0378515085278 0.00679872495576 0.0369686248367 0.0124470357487 0.00732284546228 0.024821384824 0.018464844657 0.0641445084403 0.000485339686297 0.0308125648435 0.021132056111 0.0092122837965 -0.00404776805998 0.0114181151231 0.0142594830102 0.00640792880018 0.00945881241842 0.0137961218766 0.00908737108393 
0.00876185048703 0.0053426511975 -0.00328585494746 0.0276203326213 0.00197267155497 -0.0016050580262 0.00570465718135 0.00426896570325 0.00968149659779 0.00735115056233 1.89464939233 0.00957859070541 -0.00719426769932 0.0544828689261 0.0166744784873 0.0131775560417 0.0222455549355 -0.00235716532921 0.0318938424863 0.00582125126697 -0.0100613058543 -0.0033430112171 0.00154253449309 0.010326631731 0.00352699960496 -0.00632737515675 0.0110050835876 -0.00591857214821 0.00180258011968 0.0152522660612 -0.00743555921101 -0.0159493863337 0.0110676021924 -0.0109054099035 -0.00396803964442 -0.0177207653004 0.00408467459814 0.00175938930538 -0.0055156364678 -0.00210856509837 
0.0135167578646 0.0154551879968 0.0200707584909 0.0110295283598 0.00388915774649 0.0252226777656 0.0198206278007 0.0223489454367 0.0287369718235 0.0128983021039 0.00957859070541 0.238498567697 0.0260500620049 0.0353908234305 0.0160779881675 0.0289659940691 0.0169803610223 0.0122170875781 0.00462267429222 0.0330588880509 0.0312817545483 0.0149379510074 -0.00546776039171 0.0246433991044 0.00951817383778 0.0172244173201 0.0331101890635 0.0186073662822 -0.00926207777729 0.0114101475089 0.00748252185017 0.0171468016085 0.0221115688083 0.0321066153233 0.0167862589453 0.00932282372135 0.0206492395766 -0.00327644456061 0.0313333283152 0.0233883610372 
0.0186516643573 0.0201545792805 0.00627739945013 0.0147249887498 0.00428545091494 0.0172694115406 -0.000875165418419 0.0211986137249 0.0216356001998 0.00250004366611 -0.00719426769932 0.0260500620049 0.161854725817 0.0221941866237 0.0192747249971 0.0298177723087 0.00761401383452 0.0237819356451 -0.00284311290744 0.0213935513311 0.0156521800662 0.024737012604 0.0103022974771 0.0119518680138 0.0127090558845 0.0188860030086 0.00844135306181 0.00828182507127 -0.0035580605846 0.0280714636865 0.019375518822 0.0103593406295 0.0216852754929 0.0186626350187 0.0130123826158 0.00158075245834 0.00275113052139 0.0104510923772 0.0158151794608 0.0261139236927 
0.00128701049872 0.0203632889533 0.0257976191889 0.0195556759928 0.0233014260834 0.0470452875521 0.0499277794166 0.0168713655841 0.0361842363901 0.0248898315472 0.0544828689261 0.0353908234305 0.0221941866237 0.255091114225 0.0674742621692 0.04662041223 0.0142511826234 0.00853492970236 0.0110546109657 0.0359872448027 0.0330916417283 0.0484274525308 0.0311925700379 0.0365800354809 0.0242913259394 0.0331219301643 0.0508529376193 0.0333037739939 -0.0153588153183 0.030781419232 0.0172172296936 0.0290130810556 0.0135904783808 0.0241323986566 0.0138636567662 0.00855747815942 0.0104633788069 0.0191954675988 -0.00788622464578 0.0239582026893 
0.00988640309676 0.0110737333733 0.0207962876036 0.0105829226699 0.0181651911922 0.0511105514635 0.0482184402766 0.0195238212264 0.00836912864217 0.0441577984288 0.0166744784873 0.0160779881675 0.0192747249971 0.0674742621692 0.300950339204 0.059657827659 0.0420095852564 0.0214918309772 0.0159524062563 0.0243024319772 0.0194189419649 0.0210948934959 0.0403643614477 0.0603157057759 0.028891492067 0.0238531621825 0.0362041325245 0.0235464469958 -0.0194654802181 0.0063492300762 -0.000423315437261 0.0244220499998 0.0163959305995 0.0458043657024 0.0175129805876 0.0187246741186 0.0217361038374 0.00597215694703 -0.00105347094375 0.0225009037856 
0.0287704467437 0.012888542032 0.031215698196 0.0264649597806 0.018127796296 0.0631906905974 0.0160328226935 0.0592063245294 0.0333132151326 0.024547121679 0.0131775560417 0.0289659940691 0.0298177723087 0.04662041223 0.059657827659 0.479373665334 0.0134347101065 0.0234071756682 0.0228232922951 0.0464066276777 0.0343046365637 0.0225166394233 0.0412617972878 0.0338875048394 0.0114647387974 0.00810522130727 0.0914175419827 0.0697979494974 -0.00543219086526 0.0438666047859 0.0201088793478 0.0206288674172 0.0242376071666 0.0299904790076 0.0437303325818 0.0084089606321 0.0179663983373 0.0575372099293 0.0180432543107 0.0221955736838 
0.00665614683449 0.00333795912081 0.00295540376521 0.0709883448427 0.0118568378175 0.00869425655346 0.0137684438493 0.0168567756163 0.0238774707436 0.00504899855261 0.0222455549355 0.0169803610222 0.00761401383452 0.0142511826234 0.0420095852564 0.0134347101065 0.518899055677 0.017024471265 -0.00415452250638 0.00659991775464 0.0227380207978 0.0200261655005 0.0304819654476 0.0244730148567 0.0105174031 0.00201441296724 0.0337716420193 0.0194276262559 -0.0162072049631 0.014708793904 0.00441138265232 0.00117732273735 0.0203199280344 -0.000781001424995 0.042609731748 0.000181271375578 0.0160951273963 0.00313367422931 0.0422636306618 0.0221316104584 
0.000599067530664 0.00657951358864 0.00557076987288 -0.00567488266345 0.00957872789446 0.0182083443029 0.019924310413 0.0214992954627 0.0148437047833 0.0255341882503 -0.00235716532921 0.0122170875781 0.0237819356451 0.00853492970236 0.0214918309772 0.0234071756682 0.017024471265 0.305839986592 -0.0100325389185 0.0106645062002 0.0136058441984 0.00529872035938 0.012340398187 0.0290442014762 0.00345411309961 -0.00422321631102 0.0344824937304 0.0213228253434 0.00956853579972 0.0200881072753 0.00799665235649 0.01530904571 0.0313854932045 0.0569348303241 0.0184492494466 0.0125206005087 0.00725213201586 0.000432707630564 0.0128479760469 0.0159023229367 
-0.00394356662974 0.0193908080663 0.0122230416983 -0.00657263216391 0.00395931558332 0.0571897401702 0.0144807546708 -0.0118880998013 0.00717290889199 -0.00626698558301 0.0318938424863 0.00462267429222 -0.00284311290744 0.0110546109657 0.0159524062563 0.0228232922951 -0.00415452250638 -0.0100325389185 0.834517101642 0.00618386386384 -0.00313559925537 0.00152920659077 0.0123332027371 0.00333987269565 -0.00420891316966 -0.0121073618178 0.024764701759 0.110805670181 -0.0372092175426 -0.00127743204841 -0.0080382752949 -0.0125202674418 0.0266815262971 0.0299827536325 -0.0101817518189 0.0366112043347 -0.00657665474254 -0.00225389242543 -0.0224148713125 0.00256269061037 
0.0244576149429 0.01452520898 0.0295254840335 0.00425445970323 0.0026043985768 0.0109785744371 0.00134248499285 0.0110103696092 0.0314877906161 0.00575321535898 0.00582125126697 0.0330588880509 0.0213935513311 0.0359872448027 0.0243024319772 0.0464066276777 0.00659991775464 0.0106645062002 0.00618386386384 0.17799844208 0.0286792209565 0.0254800812214 0.0273061295309 0.0315915303124 0.0158240350248 0.0129091684299 0.018859328615 0.0208716527374 -0.0111534242708 -0.000839140590483 0.024801794069 0.0176075801865 0.0065738162342 0.0325874985785 0.0186668820819 0.00563603132841 0.0091042115321 0.00587079464254 0.0206962246045 0.0685233068467 
0.0119390420583 0.0121480107114 0.00971556188802 0.00923837542681 0.0105873872643 0.0178742065431 0.00379645719968 0.0370774571337 0.0257241372954 0.0155376840773 -0.0100613058543 0.0312817545483 0.0156521800662 0.0330916417283 0.0194189419649 0.0343046365637 0.0227380207978 0.0136058441984 -0.00313559925537 0.0286792209565 0.25643819004 0.0294808585066 0.0108604452976 0.0319708891426 0.0111224478711 0.0147417630336 0.0260390268095 0.0130676173712 -0.0081354043584 -0.000717559403659 0.0138208360043 0.0281973669682 0.00971557072281 0.0191632465648 0.0236756823275 0.0195076585853 0.011692697965 -0.00961402743379 0.015843636937 0.0241319078313 
0.0175004881589 0.0241187357009 0.00125494684811 0.00806960657602 0.0131507998611 0.0259969329751 0.0462267955562 0.0124333214995 0.0387904832947 0.0378515085278 -0.0033430112171 0.0149379510074 0.024737012604 0.0484274525308 0.0210948934959 0.0225166394233 0.0200261655005 0.00529872035938 0.00152920659077 0.0254800812215 0.0294808585066 0.234155484477 0.0303562523346 0.0342031016795 0.0146434746552 0.0867708618075 0.0143411782637 0.0242679401782 -0.00118019717976 0.0190475904883 0.0339827317053 0.00761065774562 0.0200953074783 0.0172284589308 0.0262557134268 0.00520006237121 0.0157536837132 0.00310253561034 0.0216735374048 0.0362820642149 
-0.000314174192559 0.0104380841374 0.0191844600675 0.00964085013961 0.017037765195 0.0400304486702 0.0171484686158 0.0149464062275 0.00515833548739 0.00679872495576 0.00154253449309 -0.00546776039171 0.0103022974771 0.0311925700379 0.0403643614477 0.0412617972878 0.0304819654476 0.012340398187 0.012333202737 0.0273061295309 0.0108604452976 0.0303562523346 0.752620180671 0.053519681034 0.0110010894408 0.0197397596397 0.0474309681031 0.0250262060755 -0.0104560379146 0.0173485804388 -0.000166618194406 0.00729397792008 0.00203753890586 0.01530713775 0.0148567201647 0.00784670645559 0.0319665304649 0.0290073300213 0.00315321809105 0.0332766845502 
0.00765792374743 0.0133132350084 0.0040312596313 0.00548071523068 0.0115584643151 0.0484757770256 0.0245831337042 0.0204238511917 0.0117208594383 0.0369686248367 0.010326631731 0.0246433991044 0.0119518680138 0.0365800354809 0.0603157057759 0.0338875048394 0.0244730148567 0.0290442014762 0.00333987269565 0.0315915303124 0.0319708891426 0.0342031016795 0.053519681034 0.23419157665 0.0123652350803 0.0261594106431 0.0218977621118 0.0266874266673 0.00902434096136 0.0143348422697 0.00704875227467 0.0146603331077 0.00442201330431 0.0291777446516 0.040061914257 0.0139643733836 0.0153864516007 -0.00692196261285 0.018699713179 0.0286996063042 
0.010635439617 0.0175307553649 0.0193645875762 0.00370429897061 0.00512323501221 0.00605336896329 0.0136707115208 0.0131233150127 0.0186194956085 0.0124470357487 0.00352699960496 0.00951817383777 0.0127090558845 0.0242913259394 0.028891492067 0.0114647387974 0.0105174031 0.00345411309961 -0.00420891316966 0.0158240350248 0.0111224478711 0.0146434746552 0.0110010894408 0.0123652350803 0.167081947231 0.00476282762139 0.0372467981085 0.00917578522734 -0.00559721190127 0.0148811435462 -0.00329224015089 0.0166242975026 0.0139000363069 0.00861327895164 0.0104954461207 -0.00198833580884 0.00832184920451 0.0168193995591 0.0147621319792 0.00172062245861 
0.0122763919136 0.0150742483828 0.0111174298369 0.00143626188618 -0.00569454103009 0.019141773145 0.0141079164648 0.00591503191752 0.0132251912288 0.00732284546228 -0.00632737515675 0.0172244173201 0.0188860030086 0.0331219301643 0.0238531621825 0.00810522130727 0.00201441296724 -0.00422321631102 -0.0121073618178 0.0129091684299 0.0147417630336 0.0867708618075 0.0197397596397 0.0261594106431 0.00476282762139 0.23599596339 0.00683827686725 0.0199672735568 -0.00563520402767 0.010666433375 0.0102448106246 0.0137795053853 0.00532600774708 0.0204077955212 0.00794100513619 0.00381040884795 0.00181752284769 0.000104093614382 0.00393430576056 0.0214348244484 
-0.00111498889107 0.00662202182807 0.0255218471656 0.00823402793807 0.0213950043749 0.0366671624732 0.0669714914239 0.0280785033646 0.0402083448548 0.024821384824 0.0110050835876 0.0331101890635 0.00844135306181 0.0508529376193 0.0362041325245 0.0914175419827 0.0337716420193 0.0344824937304 0.024764701759 0.018859328615 0.0260390268095 0.0143411782637 0.0474309681031 0.0218977621118 0.0372467981085 0.00683827686725 0.324686500975 0.0840152545176 -0.0100470987893 0.0287229882242 0.000143064787672 0.00659839205828 0.0198883939216 0.0137566595205 0.0137767239176 0.0068113613261 -0.000580491803573 0.0579816551162 0.0112094276484 0.00400096647859 
-0.00464654496501 0.0131681081932 0.0335181095526 0.00964111096915 -0.0158903550752 0.0413036626525 0.0338504449848 0.0113405489937 0.0253205567431 0.018464844657 -0.00591857214821 0.0186073662822 0.00828182507127 0.0333037739939 0.0235464469958 0.0697979494974 0.0194276262559 0.0213228253434 0.110805670181 0.0208716527374 0.0130676173712 0.0242679401782 0.0250262060755 0.0266874266673 0.00917578522734 0.0199672735568 0.0840152545176 0.297800130213 0.00419341146449 0.0221833139598 -0.00146729148715 0.0177213533376 -0.00849296884244 0.00357330710578 0.0348818755641 0.0147733123603 0.00201877070383 0.0251366838671 0.0102044132694 0.023504179995 
-0.00927674749 -0.0135888205068 -0.00990098846236 -0.00857144555267 0.0134030387919 -0.0144337752641 -0.0250451469346 -0.0197537948325 -0.00271060805689 0.0641445084403 0.00180258011968 -0.00926207777729 -0.0035580605846 -0.0153588153183 -0.0194654802181 -0.00543219086526 -0.0162072049631 0.00956853579972 -0.0372092175426 -0.0111534242708 -0.0081354043584 -0.00118019717976 -0.0104560379146 0.00902434096136 -0.00559721190127 -0.00563520402767 -0.0100470987893 0.00419341146449 1.94094674804 -0.00518002210543 -0.00272637361049 0.0100642038079 -0.0168575179335 -0.000205189225718 -0.00297563924189 -0.0131371928299 0.00290197222466 -0.0179607037132 -0.00917073716746 -0.00888250417304 
0.00288957271806 0.0161496368089 0.0231682121563 0.00966477818245 0.0185764398549 0.0189908106926 0.0156115443904 0.0176765018607 0.0183936602524 0.000485339686298 0.0152522660612 0.0114101475089 0.0280714636865 0.030781419232 0.0063492300762 0.0438666047859 0.014708793904 0.0200881072753 -0.00127743204841 -0.000839140590482 -0.000717559403658 0.0190475904883 0.0173485804388 0.0143348422697 0.0148811435462 0.010666433375 0.0287229882242 0.0221833139598 -0.00518002210543 0.275959088982 0.00587617379425 0.00582587359766 0.00758156519824 0.0240022556934 0.00620086918454 0.00272492648098 -0.00621423732108 0.00599746025153 0.013745537882 0.0107462131879 
0.0215587045782 0.0187023917996 0.0124860685129 0.0131738503055 0.0212270776298 0.00946048641053 0.0115575238756 0.0184530604367 0.0202888438516 0.0308125648435 -0.00743555921101 0.00748252185017 0.019375518822 0.0172172296936 -0.000423315437263 0.0201088793478 0.00441138265232 0.00799665235649 -0.0080382752949 0.024801794069 0.0138208360043 0.0339827317053 -0.000166618194407 0.00704875227467 -0.00329224015089 0.0102448106246 0.000143064787673 -0.00146729148715 -0.00272637361049 0.00587617379425 0.14636070453 0.0176668159376 0.00691525259673 0.00856375210335 0.0123623413303 0.00941943405912 0.0120769764576 -0.00414556597408 0.0115845954253 0.0281134483408 
0.00506556227332 0.00926485634387 -0.00308160223569 0.00512417775024 -0.00520367780063 0.017185325387 0.00798826899029 0.00996163713663 0.00913178083652 0.021132056111 -0.0159493863337 0.0171468016085 0.0103593406295 0.0290130810556 0.0244220499998 0.0206288674172 0.00117732273735 0.01530904571 -0.0125202674418 0.0176075801865 0.0281973669682 0.00761065774562 0.00729397792008 0.0146603331077 0.0166242975026 0.0137795053853 0.00659839205828 0.0177213533376 0.0100642038079 0.00582587359766 0.0176668159376 0.153288359778 0.00748672703975 0.0166524571693 0.022068399757 0.0113314013404 0.0203710657757 0.0049834085651 0.00729292577406 0.0207985909053 
0.0209003460014 0.00854927521293 0.00995609765492 0.00387379061644 0.0355827236621 0.0171672466535 0.00528765421361 0.00562262849905 0.0268315086906 0.0092122837965 0.0110676021924 0.0221115688083 0.0216852754929 0.0135904783808 0.0163959305995 0.0242376071666 0.0203199280344 0.0313854932045 0.0266815262971 0.0065738162342 0.00971557072281 0.0200953074783 0.00203753890586 0.00442201330431 0.0139000363069 0.00532600774708 0.0198883939216 -0.00849296884244 -0.0168575179335 0.00758156519825 0.00691525259673 0.00748672703975 0.306449942256 0.0114792074655 0.00950522673328 0.0680104503323 0.0219339627603 0.0126083751421 0.0243167126759 0.00762566866437 
0.0206953159949 0.00103052907834 0.0378495457413 -0.0113270650034 0.00880827806225 0.0195908468394 0.0113909850494 0.00163071241045 0.023835421053 -0.00404776805998 -0.0109054099035 0.0321066153233 0.0186626350187 0.0241323986566 0.0458043657024 0.0299904790076 -0.000781001424995 0.0569348303241 0.0299827536325 0.0325874985785 0.0191632465648 0.0172284589308 0.01530713775 0.0291777446516 0.00861327895164 0.0204077955212 0.0137566595205 0.00357330710578 -0.000205189225718 0.0240022556934 0.00856375210334 0.0166524571693 0.0114792074655 0.286407849679 0.0213549191871 0.0163543337472 0.00925026731216 -0.00456533008416 0.0165767653821 0.042142193978 
0.022868952405 0.00991947968119 0.0188924293815 -0.00142663553471 0.0364903622398 0.0116721216895 0.0375802456253 0.0158679866553 0.004222046686 0.0114181151231 -0.00396803964442 0.0167862589453 0.0130123826158 0.0138636567662 0.0175129805876 0.0437303325818 0.042609731748 0.0184492494466 -0.0101817518189 0.0186668820819 0.0236756823275 0.0262557134268 0.0148567201647 0.040061914257 0.0104954461207 0.00794100513619 0.0137767239176 0.0348818755641 -0.00297563924189 0.00620086918454 0.0123623413303 0.022068399757 0.00950522673328 0.0213549191871 0.338387527653 0.00716378806761 0.0103032973149 0.00066590808262 0.00474124048758 0.0215723033523 
0.00226210058206 0.00962345684597 0.0160524564844 -0.0105505647985 -0.00464642282245 0.0236434089213 0.0244613381778 0.000730844653169 0.00108731579607 0.0142594830102 -0.0177207653004 0.00932282372136 0.00158075245834 0.00855747815942 0.0187246741186 0.0084089606321 0.000181271375578 0.0125206005087 0.0366112043347 0.00563603132841 0.0195076585853 0.00520006237121 0.00784670645558 0.0139643733836 -0.00198833580884 0.00381040884795 0.0068113613261 0.0147733123603 -0.0131371928299 0.00272492648098 0.00941943405912 0.0113314013404 0.0680104503323 0.0163543337472 0.00716378806761 0.600791300663 0.012278080315 0.00221413321934 0.00258974699946 0.00657615904242 
0.00168917964768 0.0185778740786 0.000623470396942 0.00890993799076 -0.00755442103812 0.014062080913 0.0177132088017 0.012023784556 0.0106290895068 0.00640792880018 0.00408467459814 0.0206492395766 0.00275113052139 0.0104633788069 0.0217361038374 0.0179663983373 0.0160951273963 0.00725213201586 -0.00657665474254 0.0091042115321 0.011692697965 0.0157536837132 0.0319665304649 0.0153864516007 0.00832184920451 0.00181752284769 -0.000580491803573 0.00201877070383 0.00290197222466 -0.00621423732108 0.0120769764576 0.0203710657757 0.0219339627603 0.00925026731216 0.0103032973149 0.012278080315 0.218504097758 0.00799491701488 0.00900401623296 0.00817157050102 
0.00343012455029 0.00794866078345 0.0196402001134 -0.00207312431414 -0.0102450417909 -0.0019949878401 0.0754979575872 -0.00321116627787 0.018848865418 0.00945881241842 0.00175938930538 -0.00327644456061 0.0104510923772 0.0191954675988 0.00597215694703 0.0575372099293 0.00313367422931 0.000432707630564 -0.00225389242543 0.00587079464254 -0.00961402743379 0.00310253561034 0.0290073300213 -0.00692196261286 0.0168193995591 0.000104093614382 0.0579816551162 0.0251366838671 -0.0179607037132 0.00599746025153 -0.00414556597408 0.0049834085651 0.0126083751421 -0.00456533008416 0.00066590808262 0.00221413321934 0.00799491701488 0.922118508161 0.00537792486528 0.00881744828835 
-0.0144491735161 -0.004849186441 0.0105127962484 0.0169744090723 0.00681458054519 0.021449533695 0.00119582728399 0.00979354414074 0.0155403383271 0.0137961218766 -0.0055156364678 0.0313333283152 0.0158151794608 -0.00788622464578 -0.00105347094375 0.0180432543107 0.0422636306617 0.0128479760469 -0.0224148713125 0.0206962246045 0.015843636937 0.0216735374048 0.00315321809105 0.018699713179 0.0147621319792 0.00393430576056 0.0112094276484 0.0102044132694 -0.00917073716746 0.013745537882 0.0115845954253 0.00729292577406 0.0243167126759 0.0165767653821 0.00474124048758 0.00258974699946 0.00900401623296 0.00537792486528 0.32432126232 0.00531186596562 
0.0209778460053 0.00940273463325 -0.00189932128202 0.00166335231455 -0.000322318411599 0.0122236387708 0.000262248715651 0.0213790786053 0.036927678368 0.00908737108392 -0.00210856509837 0.0233883610372 0.0261139236927 0.0239582026893 0.0225009037856 0.0221955736838 0.0221316104584 0.0159023229367 0.00256269061037 0.0685233068467 0.0241319078313 0.0362820642149 0.0332766845502 0.0286996063042 0.00172062245861 0.0214348244484 0.00400096647859 0.023504179995 -0.00888250417304 0.0107462131879 0.0281134483408 0.0207985909053 0.00762566866437 0.042142193978 0.0215723033523 0.00657615904242 0.00817157050102 0.00881744828835 0.00531186596562 0.160190426576 

['MO', 'KO', 'EMC', 'CZN', 'DYN', 'ASD', 'BRCM', 'XRX', 'CMCSA', 'WMB', 'PTV', 'STA', 'CINF', 'PCAR', 'IR', 'FSL.B', 'MCO', 'AZO', 'CVG', 'BBT', 'COF', 'PLD', 'TEK', 'MAS', 'IBM', 'EOP', 'MXIM', 'ADI', 'KMI', 'DIS', 'ED', 'KMB', 'STZ', 'TGT', 'TSG', 'NOVL', 'CLX', 'CSCO', 'HMA', 'STI']