30
0.0307440439862 0.0384738749472 0.163811268696 0.0272516352802 0.044344522835 0.22311845274 0.0695535734162 0.0843714281037 0.0418020448473 0.0289058353667 0.0340754658053 0.0296866664977 0.0623593213805 0.0874158444094 0.0290232005544 0.0765601453803 0.023015295127 0.0878126089614 0.0534443631468 0.107238949757 0.118814959333 0.114457978761 0.0631330997176 0.214537342356 0.0612619406497 0.0255121646837 0.0623322546876 0.0594494044175 0.123248136701 0.0268988212896 
0.238108579816 0.0226677715668 0.00148561348539 0.0309215934778 0.0327824408582 0.0466129542414 0.0197252174814 0.0137530719737 0.0396868197891 0.0213847130132 0.0141107715611 0.0406861745114 0.0186060964123 0.013309789649 0.0327415888509 0.0137922630538 0.0306791720511 0.00861127734294 0.0150406024541 0.0389506188391 0.0153347676929 0.0313056057705 0.0107590484389 0.0246793000261 0.0239696062928 0.0251949834195 0.000675559262414 0.0535136464519 0.0413560088518 0.00986007510213 
0.0226677715668 0.234321470603 0.0190876464817 0.00645402538108 0.024800215032 0.00508354714852 0.00393438799629 0.0226088501155 0.00952314986527 0.00629186167269 0.0108995719924 0.00996387678155 0.0285715619143 0.00669755013885 0.0125152558555 0.0151208706996 0.00911828001936 -0.00046723721004 0.0351280866902 0.00643762206457 0.00964364580402 0.0237040675944 -0.00142843733524 0.0160713606448 0.00931806010723 0.0121038299448 -0.000723143387744 0.03303604951 0.0314261970344 -0.00488430533807 
0.00148561348539 0.0190876464817 1.37077789554 0.00437810301672 0.00365927484035 -0.0162808884074 0.000801395731937 0.0260425765999 0.00132655259768 0.0273907196377 0.00155375603069 -0.0118138194833 0.00420441067228 0.00766408426444 0.000979271022787 0.00482737499669 0.00377858783468 -0.00267481513664 -0.00155665560397 0.00585044327738 0.00806130943721 -0.0156787380458 0.00592815414633 0.011257689782 0.0355814993789 0.00966942554777 -0.00826667434493 0.0182295569013 -0.0053808375937 0.0214066508071 
0.0309215934778 0.00645402538108 0.00437810301672 0.22872054136 0.0193387068843 0.00181604090767 0.0107940194599 0.0207207765702 0.00567891148318 0.0202080128224 0.0023420758679 0.0260474512139 0.0214107063882 0.0188796708422 0.01116932791 0.00699088570294 0.0118079348775 0.0137915845791 0.00452225228174 -0.000239111829968 0.01139657384 0.0167968294691 0.00977976554981 -0.00902812726449 0.0150443365907 0.00322075483273 0.000222266529399 0.00454256017201 0.00572792376959 0.00962388670549 
0.0327824408582 0.024800215032 0.00365927484035 0.0193387068843 0.204131407777 0.0396289505802 0.00990083126137 0.022218601942 0.0474812156662 0.0240773843666 0.00332389197566 0.0327187435377 0.0504833191876 0.0162359072718 0.0135094179227 0.0396513229406 0.0259081822779 0.0146660861945 0.0225428499291 0.0477296233074 0.0429317014423 0.0303489910426 0.0226402822786 0.0526533442411 0.0212882077789 0.0103842712958 0.0161223968452 0.0579283434296 0.0429637848725 0.0130314294504 
0.0466129542414 0.00508354714852 -0.0162808884074 0.00181604090767 0.0396289505802 0.883891319458 0.0342780108123 0.0529554497565 0.00649054403418 0.0293230257781 -0.0010284080977 0.0241704955186 0.0207481044228 0.11124697581 0.0124657778553 0.0446617336789 0.0111052041307 0.122545867463 0.0404179503111 0.0717598672112 0.0378438191446 0.0228399172289 0.0494765779026 0.168339230541 0.0893143107489 0.0139012720544 0.00592434183889 0.0488959941403 0.0409112324426 0.033211337181 
0.0197252174814 0.00393438799629 0.000801395731937 0.0107940194599 0.00990083126137 0.0342780108123 0.401819664117 0.00261312917802 0.003832864249 0.0157773969925 0.0108064325564 0.0181948348845 -0.00396245564792 -0.00569343857635 0.0142507077337 0.0201722709858 0.0177152929655 0.0150369261507 0.009592835236 -0.00295687965208 0.0252112056371 -0.0027797990869 0.0196463008268 0.0100702485394 0.00577457198659 0.0119303925655 -0.000392829289065 0.0267445159147 0.0171190705442 0.0114256329887 
0.0137530719737 0.0226088501155 0.0260425765999 0.0207207765702 0.022218601942 0.0529554497565 0.00261312917802 0.858704319947 0.024316202408 0.00432797093546 0.00141838691406 0.0415106774442 0.0371781245825 -0.000482900337689 -0.00821144483801 0.00613130833061 0.00575578093361 0.0285773976379 0.0150036847834 0.0754180062172 0.00537299261448 0.000736048777409 0.0299940971392 0.0713377712478 0.0047931956952 0.00524852712305 0.00451861444986 0.0112553295243 0.0313197075288 0.0136573042906 
0.0396868197891 0.00952314986527 0.00132655259768 0.00567891148318 0.0474812156662 0.00649054403418 0.003832864249 0.024316202408 0.253739247741 0.0236188423104 0.0175086433577 0.0151357311676 0.0290634469498 -0.00511575919395 0.0156915830167 0.030295223243 0.0160623503105 0.0160381656139 0.0246635112807 0.0373937440776 0.0198689821179 0.0349434278749 0.0288866557857 0.0488857127452 0.0227441293099 0.0207384919427 -0.0318045935502 0.0581456289823 0.0332525041629 0.0122018828056 
0.0213847130132 0.00629186167269 0.0273907196377 0.0202080128224 0.0240773843666 0.0293230257781 0.0157773969925 0.00432797093546 0.0236188423104 0.237915119011 0.0027284646374 0.0257154009753 0.0271382216845 0.00300155385911 0.0332182816057 0.0274495579824 0.0255609305948 0.0407839500607 0.0402214274152 0.0304478193226 0.0149388186973 0.00970513403456 0.0252096701734 0.0193687947421 0.0211408290801 0.0264573415345 -0.000704424437468 0.0424026138859 0.010757974628 0.00887027720174 
0.0141107715611 0.0108995719924 0.00155375603069 0.0023420758679 0.00332389197566 -0.0010284080977 0.0108064325564 0.00141838691406 0.0175086433577 0.0027284646374 0.187510155248 0.0209953504275 0.00234609490173 0.00548577116243 0.00442755593811 0.0066460357978 0.0152984220057 -0.0119057578917 0.0278078699128 0.00536938442059 0.00522757774621 0.0203238442164 0.018807995835 0.00477658436517 0.00709292595786 0.0129763691429 0.0178462337468 0.00958542185319 0.0165448679746 0.00511688236419 
0.0406861745114 0.00996387678155 -0.0118138194833 0.0260474512139 0.0327187435377 0.0241704955186 0.0181948348845 0.0415106774442 0.0151357311676 0.0257154009753 0.0209953504275 0.226710625163 0.0313991897018 0.0065990694449 0.0205591145248 0.026956784752 0.0412918884471 0.00949455698163 0.0206149102413 0.0407502662805 0.0114559443755 0.0215525737323 0.0236792995577 0.0342470679596 0.00810414126549 0.0200645168592 0.00688046550226 0.0408859773031 0.0361349653748 0.0173926812545 
0.0186060964123 0.0285715619143 0.00420441067228 0.0214107063882 0.0504833191876 0.0207481044228 -0.00396245564792 0.0371781245825 0.0290634469498 0.0271382216845 0.00234609490173 0.0313991897018 0.337129147764 -0.011551132195 0.0283012644139 0.0343185735971 0.0289061625345 0.0330025326701 0.0527411300562 0.0509411660664 0.0229080667549 0.0368686278438 0.0397613142127 0.0493492972699 0.0484721415528 0.013861449594 0.00834385955038 0.0300764525049 0.0291976602272 0.00102313620337 
0.013309789649 0.00669755013885 0.00766408426444 0.0188796708422 0.0162359072718 0.11124697581 -0.00569343857635 -0.000482900337689 -0.00511575919395 0.00300155385911 0.00548577116243 0.0065990694449 -0.011551132195 0.545052411105 0.00934179310901 0.0605116511343 0.000772628268238 0.0426010660637 0.0174071232902 0.0500160613116 0.0194957239204 -0.0017197675336 0.0196175148194 0.0188224169889 0.0777880761181 0.00831056457052 0.00949028393226 0.00434908381386 0.0145819758476 0.011297939119 
0.0327415888509 0.0125152558555 0.000979271022787 0.01116932791 0.0135094179227 0.0124657778553 0.0142507077337 -0.00821144483801 0.0156915830167 0.0332182816057 0.00442755593811 0.0205591145248 0.0283012644139 0.00934179310901 0.23797667014 0.01228453996 0.0189755467371 0.0105094957007 0.0165515468784 0.0906942442694 0.00695597103831 0.00525053012981 0.0219184347247 0.0119522450159 0.00675926321523 0.0303145583893 -0.00174089082565 0.0302434538228 0.0023891022633 0.0420897154348 
0.0137922630538 0.0151208706996 0.00482737499669 0.00699088570294 0.0396513229406 0.0446617336789 0.0201722709858 0.00613130833061 0.030295223243 0.0274495579824 0.0066460357978 0.026956784752 0.0343185735971 0.0605116511343 0.01228453996 0.335288023347 0.008381390971 0.0458623176699 0.029424803194 0.0456248409762 0.0328927944404 0.0419180306831 0.0273415417287 0.0603261990687 0.0185927427188 0.0225372022453 -0.00111044779267 0.0286322780087 0.021267862083 0.0134697474477 
0.0306791720511 0.00911828001936 0.00377858783468 0.0118079348775 0.0259081822779 0.0111052041307 0.0177152929655 0.00575578093361 0.0160623503105 0.0255609305948 0.0152984220057 0.0412918884471 0.0289061625345 0.000772628268238 0.0189755467371 0.008381390971 0.146649192076 0.0180483575163 0.0118982190058 0.0372161893184 0.0177019680301 0.00280674004226 0.0116364094108 0.00142392824487 0.0143309653045 0.0267078170011 -0.0126274365204 0.0278851160233 0.0283250277067 0.0023840514024 
0.00861127734294 -0.00046723721004 -0.00267481513664 0.0137915845791 0.0146660861945 0.122545867463 0.0150369261507 0.0285773976379 0.0160381656139 0.0407839500607 -0.0119057578917 0.00949455698163 0.0330025326701 0.0426010660637 0.0105094957007 0.0458623176699 0.0180483575163 0.465770122306 0.0249733310906 0.0388401336029 0.0257088462817 -0.013306897113 0.0306386994939 0.067310760524 0.0463901067232 0.0203959655669 0.00220181164587 0.0263258832025 0.0441716156229 0.0122518622625 
0.0150406024541 0.0351280866902 -0.00155665560397 0.00452225228174 0.0225428499291 0.0404179503111 0.009592835236 0.0150036847834 0.0246635112807 0.0402214274152 0.0278078699128 0.0206149102413 0.0527411300562 0.0174071232902 0.0165515468784 0.029424803194 0.0118982190058 0.0249733310906 0.309728852742 4.77008666053e-05 0.0162134708192 0.0324157671996 0.0302240177204 0.00989911190463 0.0183842072477 0.0144437383803 0.0388189257225 0.0272161869337 0.0243094396182 0.0155998894678 
0.0389506188391 0.00643762206457 0.00585044327738 -0.000239111829968 0.0477296233074 0.0717598672112 -0.00295687965208 0.0754180062172 0.0373937440776 0.0304478193226 0.00536938442059 0.0407502662805 0.0509411660664 0.0500160613116 0.0906942442694 0.0456248409762 0.0372161893184 0.0388401336029 4.77008666054e-05 0.450303486191 0.0173136506379 0.0223229043616 0.0320912867609 0.0862193259007 0.00682782450526 0.0238473632769 0.00711630577924 0.058556910484 0.030185471684 0.0807595850236 
0.0153347676929 0.00964364580402 0.00806130943721 0.01139657384 0.0429317014423 0.0378438191446 0.0252112056371 0.00537299261448 0.0198689821179 0.0149388186973 0.00522757774621 0.0114559443755 0.0229080667549 0.0194957239204 0.00695597103831 0.0328927944404 0.0177019680301 0.0257088462817 0.0162134708192 0.0173136506379 0.496315350867 0.030457682112 0.0559926238253 0.119600430622 0.0300871176747 0.00864233365827 0.0138940949126 0.0294691486888 0.034505190755 0.00718814638277 
0.0313056057705 0.0237040675944 -0.0156787380458 0.0167968294691 0.0303489910426 0.0228399172289 -0.0027797990869 0.000736048777409 0.0349434278749 0.00970513403456 0.0203238442164 0.0215525737323 0.0368686278438 -0.0017197675336 0.00525053012981 0.0419180306831 0.00280674004226 -0.013306897113 0.0324157671996 0.0223229043616 0.030457682112 0.448702105969 0.00752918472315 0.0162887886115 0.0317058237249 0.00539621874537 -0.00723230569883 0.00999897780882 0.0548891972751 0.000136499991556 
0.0107590484389 -0.00142843733524 0.00592815414633 0.00977976554981 0.0226402822786 0.0494765779026 0.0196463008268 0.0299940971392 0.0288866557857 0.0252096701734 0.018807995835 0.0236792995577 0.0397613142127 0.0196175148194 0.0219184347247 0.0273415417287 0.0116364094108 0.0306386994939 0.0302240177204 0.0320912867609 0.0559926238253 0.00752918472315 0.467803916236 0.0760703793715 0.0208637786591 0.0102376761866 0.0244605296042 0.0205929779103 0.03201300039 0.00803521522215 
0.0246793000261 0.0160713606448 0.011257689782 -0.00902812726449 0.0526533442411 0.168339230541 0.0100702485394 0.0713377712478 0.0488857127452 0.0193687947421 0.00477658436517 0.0342470679596 0.0493492972699 0.0188224169889 0.0119522450159 0.0603261990687 0.00142392824487 0.067310760524 0.00989911190463 0.0862193259007 0.119600430622 0.0162887886115 0.0760703793715 0.954995833994 0.062409280315 0.00774656912934 0.00132142670709 0.0155236522265 0.0337032279344 0.010276220769 
0.0239696062928 0.00931806010723 0.0355814993789 0.0150443365907 0.0212882077789 0.0893143107489 0.00577457198659 0.0047931956952 0.0227441293099 0.0211408290801 0.00709292595786 0.00810414126549 0.0484721415528 0.0777880761181 0.00675926321523 0.0185927427188 0.0143309653045 0.0463901067232 0.0183842072477 0.00682782450526 0.0300871176747 0.0317058237249 0.0208637786591 0.062409280315 0.342782455609 0.01308702501 0.00543055659482 0.0243743223373 0.0236034608041 0.00652490998929 
0.0251949834195 0.0121038299448 0.00966942554777 0.00322075483273 0.0103842712958 0.0139012720544 0.0119303925655 0.00524852712305 0.0207384919427 0.0264573415345 0.0129763691429 0.0200645168592 0.013861449594 0.00831056457052 0.0303145583893 0.0225372022453 0.0267078170011 0.0203959655669 0.0144437383803 0.0238473632769 0.00864233365827 0.00539621874537 0.0102376761866 0.00774656912934 0.01308702501 0.167316689038 0.0173612788704 0.0313845129192 0.0265935324698 0.00524584215306 
0.000675559262415 -0.000723143387744 -0.00826667434493 0.000222266529399 0.0161223968452 0.00592434183889 -0.000392829289065 0.00451861444986 -0.0318045935502 -0.000704424437468 0.0178462337468 0.00688046550226 0.00834385955038 0.00949028393226 -0.00174089082565 -0.00111044779267 -0.0126274365204 0.00220181164587 0.0388189257225 0.00711630577924 0.0138940949126 -0.00723230569883 0.0244605296042 0.00132142670708 0.00543055659482 0.0173612788704 0.534756306165 0.0251578114922 0.0182329095576 0.00211691840692 
0.0535136464519 0.03303604951 0.0182295569013 0.00454256017201 0.0579283434296 0.0488959941403 0.0267445159147 0.0112553295243 0.0581456289823 0.0424026138859 0.00958542185319 0.0408859773031 0.0300764525049 0.00434908381386 0.0302434538228 0.0286322780087 0.0278851160233 0.0263258832025 0.0272161869337 0.058556910484 0.0294691486888 0.00999897780882 0.0205929779103 0.0155236522265 0.0243743223373 0.0313845129192 0.0251578114922 0.292013629 0.0136528545207 0.0251686572492 
0.0413560088518 0.0314261970344 -0.0053808375937 0.00572792376959 0.0429637848725 0.0409112324426 0.0171190705442 0.0313197075288 0.0332525041629 0.010757974628 0.0165448679746 0.0361349653748 0.0291976602272 0.0145819758476 0.0023891022633 0.021267862083 0.0283250277067 0.0441716156229 0.0243094396182 0.030185471684 0.034505190755 0.0548891972751 0.03201300039 0.0337032279344 0.0236034608041 0.0265935324698 0.0182329095576 0.0136528545207 0.476701168344 0.00259378510965 
0.00986007510213 -0.00488430533807 0.0214066508071 0.00962388670549 0.0130314294504 0.033211337181 0.0114256329887 0.0136573042906 0.0122018828056 0.00887027720174 0.00511688236419 0.0173926812545 0.00102313620337 0.011297939119 0.0420897154348 0.0134697474477 0.0023840514024 0.0122518622625 0.0155998894678 0.0807595850236 0.00718814638277 0.000136499991556 0.00803521522215 0.010276220769 0.00652490998929 0.00524584215306 0.00211691840692 0.0251686572492 0.00259378510965 0.209968593458 

['PCL', 'ABC', 'ESRX', 'OMC', 'DOV', 'AMD', 'BLS', 'WAT', 'GWW', 'STA', 'CPB', 'AXP', 'DE', 'IGT', 'CB', 'MOLX', 'C', 'NVLS', 'BA', 'R', 'SUNW', 'XTO', 'SLR', 'PMCS', 'QLGC', 'CINF', 'MAT', 'STT', 'GILD', 'ADP']