50
0.0448147494519 0.0255121646837 0.0165000515881 0.080285366307 0.13159191543 0.0357111585815 0.0437869579852 0.0324915821016 0.126302472887 0.0353360638732 0.019144788815 0.0149217979249 0.0307440439862 0.0441448787565 0.0412963652708 0.119859861498 0.123248136701 0.0482651065397 0.169485482474 0.0380288664812 0.037496284255 0.242072249725 0.0223482457603 0.0248078828137 0.0791308905459 0.0831725949645 0.0436219100546 0.0378808118353 0.0298565853869 0.0262343191133 0.0308768641188 0.0348883512333 0.0704019073317 0.126305303483 0.185879968849 0.0251604878384 0.0162851568228 0.0646745186267 0.0054327763703 0.0604038345904 0.0325349378307 0.0266110290159 0.0272516352802 0.0253425298527 0.022286409141 0.0538205376978 0.0244433913508 0.0231877092109 0.0123991351417 0.0501755430095 
0.468011075262 0.00405172934965 -0.000126534038166 0.016601935576 0.00516624881692 0.0176393382514 0.00278651494495 0.0102823481672 -0.000967871123507 0.0278061481166 0.0101899987977 0.0241995328688 0.0199846707439 0.0134447983036 -0.00234605657069 0.0341420032967 0.019508252925 -0.00270910366197 0.0348220398381 0.0139618314582 -0.000746745337781 -0.00229045530862 0.0113770564245 -0.0050058327067 0.00147281245011 0.0156581975985 0.0188853102372 0.0145296151726 0.0193061325011 0.015844000343 -0.00517836249611 0.0168865507972 0.0149577750444 0.0284401338324 0.00641591660402 0.0141975751009 0.00806817945411 0.0179711080987 0.000687649300602 0.00494883513312 0.0139969075205 0.0293752524891 -0.00323642249563 0.00470350714968 0.0065219214456 -0.00400314732221 0.00888014683233 0.021972567285 0.00407466277641 0.0292088132102 
0.00405172934965 0.157886519595 0.0149280859138 0.009303193276 0.0147125529123 0.0201395959327 0.00243907765494 0.0226734203454 -0.0043277226934 0.00671993088916 0.0161212612478 0.0146025003821 0.0220087126922 0.0211443185126 0.0131618694621 0.000187746581466 0.0227572818875 0.0140201140326 0.0266743296403 0.00879080646888 0.0258565821148 0.00386592978594 0.0211028967883 0.0150393613872 0.0152850399945 0.0111694201775 0.0259689425021 0.0157940573949 0.0107974752692 0.0320611179846 0.000331852913577 0.016381179596 0.0152520205485 -0.000179139210193 0.0174489475333 0.0125170099608 0.0166659903894 0.0157768272597 0.0130244364406 0.0203660299199 0.00663331389678 0.00320469565397 0.000365296969259 0.00849656457348 0.000412503210415 0.0224553326519 0.0206518857795 0.0159564526142 0.00851761434879 0.0180828933338 
-0.000126534038166 0.0149280859138 0.147676045251 0.00160405041117 0.0263667338845 0.00487799937899 0.016590467068 0.0038767078511 0.0103476611455 0.0197803659192 0.012640485787 0.00300113052343 0.025950755441 0.0191617156914 0.0214411358697 0.0158427660121 0.0131894110474 0.00306800451561 0.0154898799383 0.00608640416592 0.0140991684672 0.00343548885601 0.0209730334183 0.00164064531233 0.00295912630308 0.00602753554541 0.0162289775244 0.0159425850134 0.0213655326563 0.0146119709422 0.0095692251619 0.0139904421389 0.0122317873956 0.00621000981787 0.0140824540783 0.0132215181808 0.0447908426182 0.0151359494816 0.00805218309574 -0.00805464433736 0.00425136792128 0.0118193467712 0.0106456288204 0.00710164443217 0.00786602131705 0.0159005160816 -0.00302216078976 0.010745236429 0.0111993097742 0.00521670582036 
0.016601935576 0.009303193276 0.00160405041117 0.424265141226 0.0186394089453 0.0307187893677 0.0249536101992 0.0178381537193 0.0322135351239 0.0149847972529 0.0216121655235 0.0162969130815 0.0221681966227 0.0260682919429 -0.0130698251458 0.046329114717 0.0188612377819 0.0257573762558 0.064270329092 0.0254830502828 0.0242917388546 0.0556177198484 0.000750194205931 0.0113078485921 0.00147682103669 0.0291319708964 0.0296142467634 0.00343965181702 0.00242392543417 0.0213354835978 0.0170700829423 0.0200310272528 0.0312886857461 0.0189017628513 0.0507985276461 0.0140478274763 0.000853364593825 -0.00574805777126 0.0210891003503 0.0179303942905 0.0230102439555 0.0312000657156 0.0172870432135 0.0100313565336 0.0277570109955 -0.00151713758789 0.0144607077326 0.00838849519063 0.0423759382976 0.00824226499463 
0.00516624881692 0.0147125529123 0.0263667338845 0.0186394089453 0.482359193892 0.00807117340079 0.0151129168404 0.0195680941968 0.104034036133 0.0103289862676 0.00984349617249 0.0217884474146 0.0420943812093 0.0208407589441 -0.000668332116132 0.0371965455139 0.0526823109729 0.0134653012351 0.0553606940968 0.0297169612537 0.0155969413251 0.0830520171474 -0.000893315163921 0.0214794823319 0.0300067171399 0.0553307592995 0.00697346255655 0.00755377138858 0.00414339703295 -0.00136022612795 -0.00354419146011 0.0272302448813 0.0562730242302 0.229390465205 0.0968920939728 0.00210458133595 0.0316606186294 0.0336721900774 0.000633386079797 0.04562813286 0.00386113302309 0.042389463671 0.0200518200904 0.00256760511961 0.00809541939712 0.0144588643117 -0.00579796026745 0.00481527896105 0.0128771375886 0.024767318074 
0.0176393382514 0.0201395959327 0.00487799937899 0.0307187893677 0.00807117340079 0.291006081695 0.0361788172309 0.0280514112356 0.00362345455439 0.0152006667761 0.024164724084 0.00946659237234 0.0171706109542 0.0153196887729 0.00331215388956 0.0348257054023 0.0152200243362 0.0397507952899 0.00536118887569 0.0144356322406 0.0360844642669 0.0367517118339 0.0108726830155 0.0216359646148 0.00618416941222 0.0178476628042 0.0042710172412 0.0238792594048 0.0197861818269 0.00967268807045 0.0166803406132 0.0445282408469 0.025766009193 -0.00638283424775 0.027645264002 0.00890822066148 0.00750639961051 0.0222045738435 0.0233180616 0.0214967800562 0.030620279263 0.0184422827626 -0.000437387652683 0.0173403431095 0.0018684021642 0.0314391554954 0.0102739494251 0.00557724339411 0.0218110205278 0.0173384572001 
0.00278651494495 0.00243907765494 0.016590467068 0.0249536101992 0.0151129168404 0.0361788172309 0.266770273722 0.0164622498255 0.0142838557659 0.00601813315717 0.0164822132891 0.00686547681033 0.019010573271 0.0136111041327 0.0227140450263 0.0163034414575 0.0122564441323 0.0158216261343 0.0182583915043 0.00646393001311 0.0302247134886 0.034233428213 0.00838486578586 0.00210533057597 0.0047294718486 0.0131245471019 0.0116874978322 0.0139103248115 0.0130277357804 0.0143683105794 0.0219914718531 0.0174108142418 0.00947921901281 -0.000373699385977 0.0351794960965 0.0092433283052 0.0150259661243 0.0602795386084 0.00963654455715 -0.00113935229506 0.0331062099373 0.0187245190816 0.00488973892543 -0.00313513243484 0.00434028108668 0.0408409839619 0.00386692666012 -0.00432983339356 0.00717037211674 0.0223920200841 
0.0102823481672 0.0226734203454 0.0038767078511 0.0178381537193 0.0195680941968 0.0280514112356 0.0164622498255 0.305119326383 0.00900549339203 0.00768345948945 0.0394165829767 0.0179412748973 0.00766655100513 0.00978180121485 0.000775846794539 0.00608075170541 0.0171669485157 0.0386303631525 0.00348410100802 0.0186663092179 0.00397332123482 0.0210211517994 0.0172648092927 0.00314926987856 0.0180658469681 0.0116889442217 0.00546388665259 0.0058699924253 0.00383115439345 0.0101771002626 0.00640120150417 0.0394757432208 0.0123647869516 0.000886125724858 0.0181800254854 0.0145923833996 0.0111102287156 -0.000905213947111 0.00917302550037 0.0110309269526 0.00227388590299 0.0072640230057 0.00366945557279 0.0165356744738 0.0134366621381 0.0382416056994 -0.00267082762567 -0.00515306654385 0.0159332893545 0.0285906774632 
-0.000967871123507 -0.0043277226934 0.0103476611455 0.0322135351239 0.104034036133 0.00362345455439 0.0142838557659 0.00900549339203 0.498578330653 -0.00954364678347 -0.00847949193765 0.00262010556951 0.0167614014623 0.021560882443 0.000306786251505 -0.00582048234314 0.0758026257492 4.13404049208e-05 0.0202852664357 0.0100082891026 0.0271052261959 0.0905345384255 0.0173572189989 0.0133846105287 -0.0101778683628 0.0456166237651 0.00543897753009 0.0121029552691 0.0176467924876 0.00361969495397 0.00585789249483 0.0395416095371 0.0267292472771 0.0957491074441 0.0638507918424 0.00889885200421 0.0177148850528 0.0246821236204 0.00488505728974 0.0221158246742 0.00448465183019 0.00695035523573 0.00886144002532 0.0110365298904 -0.0161629596163 0.0179195888114 0.0122821266285 0.0137708771629 0.00187619018237 0.00918453808741 
0.0278061481166 0.00671993088916 0.0197803659192 0.0149847972529 0.0103289862676 0.0152006667761 0.00601813315717 0.00768345948945 -0.00954364678347 0.305362186082 0.0157662379669 0.0289384026929 0.00717787266265 0.0344069818101 0.0194051711584 0.0615255742307 -0.00490672564728 0.0243290230235 0.00691407586127 0.0287195803088 0.0285026615741 0.00911698479477 0.001786901064 0.00465818796555 0.0120080463679 0.0146234374034 0.0136728254358 0.0187945570731 0.00490093670985 0.0119199252998 0.0196321403966 0.0127029628388 0.0301707116522 0.00916487260307 0.0203453112073 -0.00664771862867 0.0220358682236 -0.000734435700964 0.0114286908736 0.0170024688508 0.0145883432173 0.0332793931543 0.0109097420854 -0.00431472528735 0.0228184772884 0.0117956081471 0.00784315625434 0.00814038681334 0.00845101146196 -0.00599728425364 
0.0101899987977 0.0161212612478 0.012640485787 0.0216121655235 0.00984349617249 0.024164724084 0.0164822132891 0.0394165829767 -0.00847949193765 0.0157662379669 0.222571495 0.0398986509302 0.0333899782847 0.0347056573069 0.0162332452162 0.0287240059835 0.0208316286985 0.0144272309544 0.0180413998243 0.0186677700275 0.0117130056354 0.0383109563928 0.0239687023386 0.00895604415545 0.0115307228254 0.0253827179009 0.0309835644678 0.0280749285273 0.0234997597341 0.0154204933281 0.024394812454 0.0354631536779 0.0430456806034 0.00432602495227 0.0331968410315 0.0256630939504 0.0104087699803 0.00552486521448 0.00197138303675 0.00465323399275 0.0123652896145 0.0232216348963 0.00471996524362 0.0168187994276 0.0155069834419 0.0236427740692 0.0165909964662 -0.0046240186757 0.00206707040765 0.0182821466139 
0.0241995328688 0.0146025003821 0.00300113052343 0.0162969130815 0.0217884474146 0.00946659237234 0.00686547681033 0.0179412748973 0.00262010556951 0.0289384026929 0.0398986509302 0.310668632805 0.0246104071026 0.0287587979941 0.00929365125677 0.023985231214 0.0219707630255 0.0240682051871 -0.00284380142231 0.035149842406 0.0163988309868 0.0289600496757 0.00953039176378 0.0182079715254 0.08651306508 0.00711557299479 0.0258889786486 0.0208536227349 0.0102946063629 0.0186038813039 0.0199701994162 0.0124717601876 0.0367764425697 0.00317132712004 0.00918566291761 0.0186236256822 0.0042093000828 0.0340360401 0.0195448112087 0.0328695624207 0.00649511676271 0.00883986590859 0.0226717502115 0.0374379324548 0.0057126036038 0.022057379909 0.00774010059959 0.0178867918975 0.0228304788827 0.0234649112905 
0.0199846707439 0.0220087126922 0.025950755441 0.0221681966227 0.0420943812093 0.0171706109542 0.019010573271 0.00766655100513 0.0167614014623 0.00717787266265 0.0333899782847 0.0246104071026 0.23032195257 0.041175852121 0.0213110895919 0.0247115024665 0.0355050390198 0.0148227623044 -0.00377798313128 0.0194677816106 0.0128281923659 0.0376329635535 0.0247040407781 0.0177075922133 0.0142604677133 0.0191488485078 0.0432069095827 0.0235760666411 0.022150981219 0.019372869355 0.0106762520473 0.0245849909526 0.0358097396984 0.0100146255033 0.0317425307223 0.0214454498931 0.0290230966924 0.00676571752404 0.0130188504794 0.0112447396059 0.00300809816478 0.0115931750894 0.0274823940092 0.0197660083111 0.00796690007301 0.0348742056937 0.00635229092979 0.00865616076205 0.010402693493 0.00815868068698 
0.0134447983036 0.0211443185126 0.0191617156914 0.0260682919429 0.0208407589441 0.0153196887729 0.0136111041327 0.00978180121485 0.021560882443 0.0344069818101 0.0347056573069 0.0287587979941 0.041175852121 0.222484025738 0.00511103763885 0.00592995577683 0.0138257271039 0.0266185671488 -0.00347794946163 0.0243722561931 0.020767363969 0.0647800693525 0.0353994201081 0.00685444750949 -0.00019303688019 0.0226874429307 0.102142359335 0.0314466988371 0.0357225119454 0.0322140710862 0.0263682516632 0.0256788873107 0.0360304173067 0.00524708988923 0.0362979311186 0.0306384810618 0.0162719160592 0.00970300225162 -0.00142244659467 0.0347557570259 0.0339550741225 0.0125894896376 0.0100573228336 0.0265198152553 0.00236590834707 0.0527853169424 0.0205490928221 0.00239787952671 0.021418842252 0.0212941978368 
-0.00234605657069 0.0131618694621 0.0214411358697 -0.0130698251458 -0.000668332116131 0.00331215388956 0.0227140450263 0.000775846794539 0.000306786251505 0.0194051711584 0.0162332452162 0.00929365125677 0.0213110895919 0.00511103763885 0.243081117909 0.022293493954 0.0224711565829 0.0150904858864 -0.0104968357275 0.010510029352 0.0139032533065 -0.00460408043752 0.0196822463486 0.0103271459099 0.00867858708591 0.0130388530006 0.0127066086606 0.0159923480373 0.00929430058318 0.0114056051958 -0.0039683625894 0.00467677851577 0.0114053743134 -0.000865861679526 0.0332816469652 0.0115892630527 0.0115835717699 0.0358119700976 0.00661754286003 0.00362091203368 0.00718837943701 0.00314809996431 0.0020382190341 0.0161982692649 -0.00365994314084 0.0178693421519 0.00656201522387 -0.0027909204784 0.0160632203956 0.00212918869982 
0.0341420032967 0.000187746581466 0.0158427660121 0.046329114717 0.0371965455139 0.0348257054023 0.0163034414575 0.00608075170541 -0.00582048234314 0.0615255742307 0.0287240059835 0.023985231214 0.0247115024665 0.00592995577683 0.022293493954 0.520346751567 0.040267466632 0.0262000406428 0.0189569052498 0.0800415805351 0.0232853243075 0.0336823520457 -0.0145786711245 0.0162329834585 0.0136632432775 0.0311965551995 0.00922394228194 0.0169812001292 0.0170443436412 0.0106540439738 0.023073927955 0.0282577207895 0.0346197567662 0.0497014388012 0.0113848854097 -0.0045909441782 0.00743469422893 0.00392114795627 0.00283536519363 0.0149444507841 0.0475956444068 0.00475441971052 0.00939725886807 0.00988839913445 0.00428977501515 0.0148681580942 0.00235570567482 0.0235309468797 0.0103683806992 0.00625832209267 
0.019508252925 0.0227572818875 0.0131894110474 0.0188612377819 0.0526823109729 0.0152200243362 0.0122564441323 0.0171669485157 0.0758026257492 -0.00490672564728 0.0208316286985 0.0219707630255 0.0355050390198 0.0138257271039 0.0224711565829 0.040267466632 0.460295556944 0.0319745763245 0.0474798003925 0.0245053586703 0.0140683432151 0.0406914544379 0.00941324336827 0.00153857859162 -0.00133318842722 0.0709782263442 0.00617002536662 0.0311300115364 0.0106413485529 0.0212008345461 0.0139315250099 0.0294020023507 0.0395706074074 0.00484823271096 0.0518373578027 0.0116484341876 0.022296600879 0.0256182139819 0.0145704732251 0.040631624322 0.0120582902585 0.0444715070696 0.00526564712534 0.0131712553796 0.0128849837414 0.0229217015079 -0.00279434401969 0.00585993663646 0.00743061854642 0.0219534960138 
-0.00270910366197 0.0140201140326 0.00306800451561 0.0257573762558 0.0134653012351 0.0397507952899 0.0158216261343 0.0386303631525 4.13404049208e-05 0.0243290230235 0.0144272309544 0.0240682051871 0.0148227623044 0.0266185671488 0.0150904858864 0.0262000406428 0.0319745763245 0.303043149912 0.00729989265934 0.0194475074264 0.0219064366583 0.0165419546325 0.00014683019452 0.0161453245998 0.00869670431142 0.0147900167067 0.0142379447982 0.00692818276365 0.0104768524326 0.0205717112992 0.0171651621178 0.017708232375 0.0300086706325 0.0213560606948 0.0176762968961 0.017175994825 0.0136882623525 0.0126671502334 0.0265390458412 0.0326268823257 0.0171785778443 0.0272553516293 0.0150102964832 0.0204289921257 0.0119597038443 0.00998502039057 0.00468534790788 0.00912093637589 0.0280719743427 0.0173787336216 
0.0348220398381 0.0266743296403 0.0154898799383 0.064270329092 0.0553606940968 0.0053611888757 0.0182583915043 0.00348410100802 0.0202852664357 0.00691407586127 0.0180413998243 -0.00284380142231 -0.00377798313128 -0.00347794946163 -0.0104968357275 0.0189569052498 0.0474798003925 0.00729989265934 0.666748874584 -0.00869127805541 0.0205589617557 0.0421926434912 0.00759611427762 -0.00151296290454 0.015521747136 -0.00513105902302 0.00907108639365 0.0372044342277 0.00250136176706 -0.00155808188341 0.00615130633797 0.0267548094309 0.033544346033 0.0603335253211 0.044535067942 0.00116591528057 0.0187453321059 0.0138208838398 0.0227173606047 0.0381534639732 -0.00282830568282 -0.00534203547524 -0.00133656280537 -0.00515387714543 -0.0136862770483 0.030972373507 0.013584289647 0.00725149918679 -0.000556789326422 0.0182598062764 
0.0139618314582 0.00879080646888 0.00608640416592 0.0254830502828 0.0297169612537 0.0144356322406 0.00646393001311 0.0186663092179 0.0100082891026 0.0287195803088 0.0186677700275 0.035149842406 0.0194677816106 0.0243722561931 0.010510029352 0.0800415805351 0.0245053586703 0.0194475074264 -0.00869127805541 0.321457318984 0.00905381036138 0.0492734379501 0.015522790843 0.0133970062559 0.0134195533559 0.0171353467636 0.0312933069034 0.016518329014 0.00514198558743 0.0202084440869 0.0199197203258 0.0159812082994 0.0163417657914 0.00718689221259 0.0382314819368 0.00394852932917 -0.00369017584827 0.013600514837 -0.000666096954735 0.0387218636726 0.00327460989981 0.0130549572431 0.00615098482704 0.0207792390755 0.0129018345038 0.0243091400211 0.000351143319012 0.00812145700457 0.0126184863098 0.0205102113294 
-0.000746745337781 0.0258565821148 0.0140991684672 0.0242917388546 0.0155969413251 0.0360844642669 0.0302247134886 0.00397332123482 0.0271052261959 0.0285026615741 0.0117130056354 0.0163988309868 0.0128281923659 0.020767363969 0.0139032533065 0.0232853243075 0.0140683432151 0.0219064366583 0.0205589617557 0.00905381036138 0.222123588273 0.0220555672442 0.0238185032844 0.00908555401436 0.011215575345 0.0434183421388 0.0260844520902 0.0323720648095 0.0236235796744 0.0243462330641 0.0255550911609 0.0243114916764 0.0211400064833 0.0182672727143 0.0148033720203 0.0241998720203 0.010780527776 0.0816173378013 0.017992117988 0.0202503801966 0.0151925369906 0.00871810915204 0.0114236220443 0.00761949312308 0.0151651031815 0.0403217896196 0.0153650427477 0.00987277525866 0.00915968049674 0.0161640550749 
-0.00229045530862 0.00386592978594 0.00343548885601 0.0556177198484 0.0830520171474 0.0367517118339 0.034233428213 0.0210211517994 0.0905345384255 0.00911698479477 0.0383109563928 0.0289600496757 0.0376329635535 0.0647800693525 -0.00460408043752 0.0336823520457 0.0406914544379 0.0165419546325 0.0421926434912 0.0492734379501 0.0220555672442 0.65268203469 0.0270346876022 0.0239483359742 -0.00194027500771 0.0109887943695 0.0587949750009 0.0351438887099 0.0188498331851 0.0247378332623 0.040475461171 0.0500244071153 0.0637243978881 0.053737228849 0.198897657383 0.0310913994177 0.00157594623733 0.0411675978428 0.0209637278158 0.0581052225634 0.013031243955 0.0103940251467 0.00847734968921 0.0218599588696 0.0105882872865 0.0239063838211 0.0130745782675 0.0218050795716 0.0140350479568 0.0372399427133 
0.0113770564245 0.0211028967883 0.0209730334183 0.000750194205931 -0.000893315163921 0.0108726830155 0.00838486578586 0.0172648092927 0.0173572189989 0.001786901064 0.0239687023386 0.00953039176378 0.0247040407781 0.0353994201081 0.0196822463486 -0.0145786711245 0.00941324336827 0.00014683019452 0.00759611427762 0.015522790843 0.0238185032844 0.0270346876022 0.20149952033 0.0137564712346 0.0143442281623 -0.006033297423 0.0507193550699 0.0288231012357 0.0278491098313 0.0373579055151 0.01391541873 0.0313515354331 0.0216240856604 -0.00351550732113 0.0217258564234 0.0336410815914 0.0179582295678 0.0218574495518 0.00645283774308 0.01064737792 0.000442007833191 0.0145728317427 0.0178820261138 0.0141072719688 0.0131874764742 0.0377613783923 0.0147153092375 0.00468202740993 0.0163560414806 0.0260017845336 
-0.0050058327067 0.0150393613872 0.00164064531233 0.0113078485921 0.0214794823319 0.0216359646148 0.00210533057597 0.00314926987856 0.0133846105287 0.00465818796555 0.00895604415545 0.0182079715254 0.0177075922133 0.00685444750949 0.0103271459099 0.0162329834585 0.00153857859162 0.0161453245998 -0.00151296290454 0.0133970062559 0.00908555401436 0.0239483359742 0.0137564712346 0.210694993363 0.00211362168611 0.0289469867227 0.0174334141274 0.0250012973692 0.0113171559789 0.00418604074423 0.0036205855292 0.0191734429502 0.0252885964403 0.00545562155871 0.0182016965177 0.0103531640002 0.00158686418954 0.0171466434981 0.0110043728557 0.0140105316773 0.0131171519559 0.0153265793903 0.0190528064827 0.0108604520851 0.00186708672307 0.0149901104903 0.00779111798457 -0.00269435685658 0.000303161708897 -0.00555280080035 
0.00147281245011 0.0152850399945 0.00295912630308 0.00147682103669 0.0300067171399 0.00618416941222 0.0047294718486 0.0180658469681 -0.0101778683628 0.0120080463679 0.0115307228254 0.08651306508 0.0142604677133 -0.00019303688019 0.00867858708591 0.0136632432775 -0.00133318842722 0.00869670431142 0.015521747136 0.0134195533559 0.011215575345 -0.00194027500771 0.0143442281623 0.00211362168611 0.617760166384 -0.00139715787177 0.0111142679172 0.00209897455867 0.00700052687095 0.00690177621566 0.00226203069715 0.0137847626356 0.00934656485379 0.0150416116061 -0.00355269544113 0.00198974021193 0.00203285192342 0.00344824884606 0.00422174367869 0.0248182456917 0.0105793798181 0.000615585352419 0.0034966561899 0.00685758444748 0.0164743151154 0.0124534959834 0.00654008024322 0.00885289743983 0.00789077992954 0.0181280673903 
0.0156581975985 0.0111694201775 0.00602753554541 0.0291319708964 0.0553307592995 0.0178476628042 0.0131245471019 0.0116889442217 0.0456166237651 0.0146234374034 0.0253827179009 0.00711557299479 0.0191488485078 0.0226874429307 0.0130388530006 0.0311965551995 0.0709782263442 0.0147900167067 -0.00513105902302 0.0171353467636 0.0434183421388 0.0109887943695 -0.006033297423 0.0289469867227 -0.00139715787177 0.44558823053 0.0255809026232 0.0252787695453 0.0183869464508 0.0194678066558 0.0190762762207 0.00774368382528 0.0496065454618 0.036973949329 0.04381758906 0.00916821122938 0.0099016883071 0.0158384233672 0.0342192476065 0.0153271662271 0.0069092714125 0.0153293076881 -0.00535679198672 0.00945083719509 0.0142828085423 0.0310279169938 0.0284261928797 0.00744399794889 0.00652948694756 0.00227389109524 
0.0188853102372 0.0259689425021 0.0162289775244 0.0296142467634 0.00697346255655 0.0042710172412 0.0116874978322 0.00546388665259 0.00543897753009 0.0136728254358 0.0309835644678 0.0258889786486 0.0432069095827 0.102142359335 0.0127066086606 0.00922394228194 0.00617002536662 0.0142379447982 0.00907108639365 0.0312933069034 0.0260844520902 0.0587949750009 0.0507193550699 0.0174334141274 0.0111142679172 0.0255809026232 0.293222744819 0.0228779694403 0.019550757548 0.0490947530458 0.0204128905535 0.0241244683186 0.0369067110612 0.00914359185656 0.0327108229753 0.0245931696907 0.0214968002862 0.0049845660954 0.00355022549381 0.0188880645427 0.0120561773266 0.00869680385907 0.00620887921608 0.0329880648581 0.00363633395882 0.0364793373698 0.0186311532302 -0.00544708029132 0.0165780044058 0.0161330159292 
0.0145296151726 0.0157940573949 0.0159425850134 0.00343965181702 0.00755377138858 0.0238792594048 0.0139103248115 0.0058699924253 0.0121029552691 0.0187945570731 0.0280749285273 0.0208536227349 0.0235760666411 0.0314466988371 0.0159923480373 0.0169812001292 0.0311300115364 0.00692818276365 0.0372044342277 0.016518329014 0.0323720648095 0.0351438887099 0.0288231012357 0.0250012973692 0.00209897455867 0.0252787695453 0.0228779694403 0.184124579197 0.0198166858716 0.038382468436 0.0183163531328 0.0164112937938 0.0229681255632 0.0161931446307 0.0221683346022 0.0211522197419 0.0082860653321 0.0109260065449 0.00297121275469 0.0132133740422 0.0143231176763 0.00743527941931 -0.00319475667425 0.0115757808206 -0.00490193371684 0.0349362721894 0.00915499478737 0.0153294047151 0.00726535769675 0.00629483911732 
0.0193061325011 0.0107974752692 0.0213655326563 0.00242392543417 0.00414339703295 0.0197861818269 0.0130277357804 0.00383115439345 0.0176467924876 0.00490093670985 0.0234997597341 0.0102946063629 0.022150981219 0.0357225119454 0.00929430058318 0.0170443436412 0.0106413485529 0.0104768524326 0.00250136176706 0.00514198558743 0.0236235796744 0.0188498331851 0.0278491098313 0.0113171559789 0.00700052687095 0.0183869464508 0.019550757548 0.0198166858716 0.131687198215 0.0327770796519 0.00897004165068 0.0206093554309 0.0283123939428 0.013498945518 0.0211800829437 0.0512289455369 0.0170836452349 0.0231827064304 0.0136460669218 0.0146559848939 0.0156843347037 0.0153590502894 0.0132912016595 0.0116556501953 0.00962588781671 0.0243942936083 0.0151838322002 0.00260062624362 0.0185672825986 0.0124423097745 
0.015844000343 0.0320611179846 0.0146119709422 0.0213354835978 -0.00136022612795 0.00967268807045 0.0143683105794 0.0101771002626 0.00361969495397 0.0119199252998 0.0154204933281 0.0186038813039 0.019372869355 0.0322140710862 0.0114056051958 0.0106540439738 0.0212008345461 0.0205717112992 -0.00155808188341 0.0202084440869 0.0243462330641 0.0247378332623 0.0373579055151 0.00418604074423 0.00690177621566 0.0194678066558 0.0490947530458 0.038382468436 0.0327770796519 0.172696054766 0.0118369387028 0.0172716517736 0.0266980063149 -0.00279778769199 0.0126990035422 0.0361609078651 0.0130759535269 0.0221418430853 0.0113704907557 0.0124221905176 0.00800408256624 0.0157294996432 0.00958033162703 0.0216022954705 -0.00234801599361 0.0353132531118 0.0159337493122 0.00190539565642 0.00578839050683 0.00548031159603 
-0.00517836249611 0.000331852913577 0.0095692251619 0.0170700829423 -0.00354419146011 0.0166803406132 0.0219914718531 0.00640120150417 0.00585789249483 0.0196321403966 0.024394812454 0.0199701994162 0.0106762520473 0.0263682516632 -0.0039683625894 0.023073927955 0.0139315250099 0.0171651621178 0.00615130633797 0.0199197203258 0.0255550911609 0.040475461171 0.01391541873 0.0036205855292 0.00226203069715 0.0190762762207 0.0204128905535 0.0183163531328 0.00897004165068 0.0118369387028 0.259280448044 0.017607798203 0.0230132713863 0.00679361804393 0.0322327283824 0.00886114063946 -0.00039095574978 0.00164471101217 0.00936329091216 0.0198782093518 0.0133078809533 -0.00640997702839 0.000192231515774 0.00744901127519 0.00178043329038 0.0335327326156 0.00861172571753 0.00957344502687 0.00399888530274 0.0186122354687 
0.0168865507972 0.016381179596 0.0139904421389 0.0200310272528 0.0272302448813 0.0445282408469 0.0174108142418 0.0394757432208 0.0395416095371 0.0127029628388 0.0354631536779 0.0124717601876 0.0245849909526 0.0256788873107 0.00467677851577 0.0282577207895 0.0294020023507 0.017708232375 0.0267548094309 0.0159812082994 0.0243114916764 0.0500244071153 0.0313515354331 0.0191734429502 0.0137847626356 0.00774368382528 0.0241244683186 0.0164112937938 0.0206093554309 0.0172716517736 0.017607798203 0.317519088965 0.0393218730841 0.00391585142618 0.0572767359949 0.0159816200671 0.0204662823921 0.0106208514949 0.0185191815244 0.0388295311024 0.0167725298896 0.0134375004439 0.0133341806927 0.00859040571595 0.00818149148808 0.0148810336912 0.00545343647888 0.00324202565882 0.015689131313 0.0193548820069 
0.0149577750444 0.0152520205485 0.0122317873956 0.0312886857461 0.0562730242302 0.025766009193 0.00947921901281 0.0123647869516 0.0267292472771 0.0301707116522 0.0430456806034 0.0367764425697 0.0358097396984 0.0360304173067 0.0114053743134 0.0346197567662 0.0395706074074 0.0300086706325 0.033544346033 0.0163417657914 0.0211400064833 0.0637243978881 0.0216240856604 0.0252885964403 0.00934656485379 0.0496065454618 0.0369067110612 0.0229681255632 0.0283123939428 0.0266980063149 0.0230132713863 0.0393218730841 0.2734903774 0.0171792237841 0.0538662783788 0.0250955604177 0.0170545913383 -0.00267420017819 0.0150587778181 0.0359803495993 0.0109960768227 0.0118988308395 0.0112367011724 0.0184777756106 0.0199162748765 0.0241331623862 0.0140091609007 0.00739815842732 0.017824888037 0.0282517716897 
0.0284401338324 -0.000179139210193 0.00621000981787 0.0189017628513 0.229390465205 -0.00638283424775 -0.000373699385977 0.000886125724859 0.0957491074441 0.00916487260307 0.00432602495228 0.00317132712005 0.0100146255033 0.00524708988923 -0.000865861679526 0.0497014388012 0.00484823271096 0.0213560606949 0.0603335253211 0.00718689221259 0.0182672727143 0.053737228849 -0.00351550732113 0.00545562155871 0.0150416116061 0.036973949329 0.00914359185656 0.0161931446307 0.013498945518 -0.00279778769199 0.00679361804393 0.00391585142618 0.0171792237841 0.418855537948 0.0761296335004 0.00232280601262 0.0134129760212 0.013718217488 0.00460760738095 0.0291252211885 -0.00126384333248 0.00414300886816 0.01724359794 -0.00753639419734 0.0129142578786 0.00337474442293 0.0149041402958 0.0167432262363 0.00967805235425 0.0198348979427 
0.00641591660402 0.0174489475333 0.0140824540783 0.0507985276461 0.0968920939728 0.027645264002 0.0351794960965 0.0181800254854 0.0638507918424 0.0203453112073 0.0331968410315 0.00918566291761 0.0317425307223 0.0362979311186 0.0332816469652 0.0113848854097 0.0518373578027 0.0176762968961 0.044535067942 0.0382314819368 0.0148033720203 0.198897657383 0.0217258564234 0.0182016965177 -0.00355269544113 0.04381758906 0.0327108229753 0.0221683346022 0.0211800829437 0.0126990035422 0.0322327283824 0.0572767359949 0.0538662783788 0.0761296335004 0.611160088358 -0.000276904589782 0.0184915169585 0.0439400741621 0.00776633012592 0.0496245556884 0.00825297307076 -0.00154268721975 0.014975562704 0.0192282036942 -0.0030724900488 -0.00175488833641 0.0231772006195 0.0197373583058 0.0189320324669 0.0326188000648 
0.0141975751009 0.0125170099608 0.0132215181808 0.0140478274763 0.00210458133595 0.00890822066148 0.0092433283052 0.0145923833996 0.00889885200421 -0.00664771862867 0.0256630939504 0.0186236256822 0.0214454498931 0.0306384810618 0.0115892630527 -0.0045909441782 0.0116484341876 0.017175994825 0.00116591528057 0.00394852932917 0.0241998720203 0.0310913994177 0.0336410815914 0.0103531640002 0.00198974021193 0.00916821122938 0.0245931696907 0.0211522197419 0.0512289455369 0.0361609078651 0.00886114063946 0.0159816200671 0.0250955604177 0.00232280601262 -0.000276904589782 0.1587681505 0.0161855032381 0.0310787873765 0.0141379044027 0.00807854760141 0.0238654305771 0.0203727114827 0.00507068087278 0.0125546565495 0.00107878642145 0.0380415554434 0.0154015179592 0.000626999980579 0.00771669988876 0.00874378478528 
0.00806817945411 0.0166659903894 0.0447908426182 0.000853364593825 0.0316606186294 0.00750639961051 0.0150259661243 0.0111102287156 0.0177148850528 0.0220358682236 0.0104087699803 0.0042093000828 0.0290230966924 0.0162719160592 0.0115835717699 0.00743469422893 0.022296600879 0.0136882623525 0.0187453321059 -0.00369017584827 0.010780527776 0.00157594623733 0.0179582295678 0.00158686418954 0.00203285192342 0.0099016883071 0.0214968002862 0.0082860653321 0.0170836452349 0.0130759535269 -0.00039095574978 0.0204662823921 0.0170545913383 0.0134129760212 0.0184915169585 0.0161855032381 0.157560407484 0.0164291128308 0.00277538413292 -0.00625049324485 0.00775637497015 0.0137770938836 0.0105302676267 0.00258335397571 0.00107144752093 -0.00490445038331 -0.000872660043498 0.0161623413379 0.0141443321126 0.0130194494912 
0.0179711080987 0.0157768272597 0.0151359494816 -0.00574805777126 0.0336721900774 0.0222045738435 0.0602795386084 -0.000905213947111 0.0246821236204 -0.000734435700965 0.00552486521448 0.0340360401 0.00676571752404 0.00970300225162 0.0358119700976 0.00392114795627 0.0256182139819 0.0126671502334 0.0138208838398 0.013600514837 0.0816173378013 0.0411675978428 0.0218574495518 0.0171466434981 0.00344824884606 0.0158384233672 0.0049845660954 0.0109260065449 0.0231827064304 0.0221418430853 0.00164471101217 0.0106208514949 -0.00267420017819 0.013718217488 0.0439400741621 0.0310787873765 0.0164291128308 0.503088017682 -0.000716972651858 -0.018508882931 0.00717109875874 0.0149819907808 0.0118948213579 0.0121872123919 0.00427839551005 0.0317675448014 0.00765283474689 0.00846154673872 0.00269732688674 0.00945841981059 
0.000687649300601 0.0130244364406 0.00805218309574 0.0210891003503 0.000633386079795 0.0233180616 0.00963654455715 0.00917302550037 0.00488505728974 0.0114286908736 0.00197138303675 0.0195448112087 0.0130188504794 -0.00142244659467 0.00661754286003 0.00283536519363 0.0145704732251 0.0265390458412 0.0227173606047 -0.000666096954735 0.017992117988 0.0209637278158 0.00645283774308 0.0110043728557 0.00422174367869 0.0342192476065 0.00355022549381 0.00297121275469 0.0136460669218 0.0113704907557 0.00936329091216 0.0185191815244 0.0150587778181 0.00460760738095 0.00776633012592 0.0141379044027 0.00277538413292 -0.000716972651857 0.182165879295 0.0270128780534 -0.00211594138852 0.00968709995932 0.00722287383951 0.0132700600611 0.0124483408046 0.0153352831118 0.0155170418527 0.0219001515113 0.0219662876208 0.0296078685641 
0.00494883513312 0.0203660299199 -0.00805464433736 0.0179303942905 0.04562813286 0.0214967800562 -0.00113935229506 0.0110309269526 0.0221158246742 0.0170024688508 0.00465323399275 0.0328695624207 0.0112447396059 0.0347557570259 0.00362091203368 0.0149444507841 0.040631624322 0.0326268823257 0.0381534639732 0.0387218636726 0.0202503801966 0.0581052225634 0.01064737792 0.0140105316773 0.0248182456917 0.0153271662271 0.0188880645427 0.0132133740422 0.0146559848939 0.0124221905176 0.0198782093518 0.0388295311024 0.0359803495993 0.0291252211885 0.0496245556884 0.00807854760141 -0.00625049324486 -0.018508882931 0.0270128780534 0.276376710494 0.00778744065542 -0.00199213328127 0.00354865096045 0.0204178817213 0.00837638231895 -0.0050977187547 0.00256832372912 0.0106154111347 0.00466869433619 0.0159061867974 
0.0139969075205 0.00663331389678 0.00425136792128 0.0230102439555 0.00386113302309 0.030620279263 0.0331062099373 0.00227388590299 0.00448465183019 0.0145883432173 0.0123652896145 0.00649511676271 0.00300809816478 0.0339550741225 0.00718837943701 0.0475956444068 0.0120582902585 0.0171785778443 -0.00282830568282 0.00327460989981 0.0151925369906 0.013031243955 0.000442007833191 0.0131171519559 0.0105793798181 0.0069092714125 0.0120561773266 0.0143231176763 0.0156843347037 0.00800408256624 0.0133078809533 0.0167725298896 0.0109960768227 -0.00126384333248 0.00825297307076 0.0238654305771 0.00775637497015 0.00717109875874 -0.00211594138852 0.00778744065542 0.290089725938 0.00698211297769 0.0229884489944 0.00231041326649 0.000238246826724 0.0212461148797 0.00897354166342 0.0161996245482 0.000321689218561 0.0274010292793 
0.0293752524891 0.00320469565397 0.0118193467712 0.0312000657156 0.042389463671 0.0184422827626 0.0187245190816 0.0072640230057 0.00695035523573 0.0332793931543 0.0232216348963 0.00883986590859 0.0115931750894 0.0125894896376 0.00314809996431 0.00475441971052 0.0444715070696 0.0272553516293 -0.00534203547524 0.0130549572431 0.00871810915204 0.0103940251467 0.0145728317427 0.0153265793903 0.000615585352419 0.0153293076881 0.00869680385907 0.00743527941931 0.0153590502894 0.0157294996432 -0.00640997702839 0.0134375004439 0.0118988308395 0.00414300886816 -0.00154268721975 0.0203727114827 0.0137770938836 0.0149819907808 0.00968709995932 -0.00199213328127 0.00698211297769 0.282727697582 0.0118402075437 0.00951251598041 0.014961410828 0.0157573198172 0.0122746443895 0.000441371463903 0.026859285139 0.0262228800751 
-0.00323642249563 0.000365296969259 0.0106456288204 0.0172870432135 0.0200518200904 -0.000437387652683 0.00488973892543 0.00366945557279 0.00886144002532 0.0109097420854 0.00471996524362 0.0226717502115 0.0274823940092 0.0100573228336 0.0020382190341 0.00939725886807 0.00526564712534 0.0150102964832 -0.00133656280537 0.00615098482704 0.0114236220443 0.00847734968921 0.0178820261138 0.0190528064827 0.0034966561899 -0.00535679198672 0.00620887921608 -0.00319475667425 0.0132912016595 0.00958033162703 0.000192231515774 0.0133341806927 0.0112367011724 0.01724359794 0.014975562704 0.00507068087278 0.0105302676267 0.0118948213579 0.00722287383951 0.00354865096045 0.0229884489944 0.0118402075437 0.225561925364 0.00407660715596 -0.00296377015071 0.00040430195324 0.0209283150253 0.010619451387 0.0177190969904 -0.00127198782826 
0.00470350714968 0.00849656457348 0.00710164443217 0.0100313565336 0.00256760511961 0.0173403431095 -0.00313513243484 0.0165356744738 0.0110365298904 -0.00431472528735 0.0168187994276 0.0374379324548 0.0197660083111 0.0265198152553 0.0161982692649 0.00988839913445 0.0131712553796 0.0204289921257 -0.00515387714543 0.0207792390755 0.00761949312308 0.0218599588696 0.0141072719688 0.0108604520851 0.00685758444748 0.00945083719509 0.0329880648581 0.0115757808206 0.0116556501953 0.0216022954705 0.00744901127519 0.00859040571595 0.0184777756106 -0.00753639419734 0.0192282036942 0.0125546565495 0.00258335397571 0.0121872123919 0.0132700600611 0.0204178817213 0.00231041326649 0.00951251598041 0.00407660715596 0.193033773827 0.0105346586937 0.010200899467 0.0101283426857 0.0124063081237 0.011549266561 0.00521862955168 
0.0065219214456 0.000412503210415 0.00786602131705 0.0277570109955 0.00809541939712 0.0018684021642 0.00434028108668 0.0134366621381 -0.0161629596163 0.0228184772884 0.0155069834419 0.0057126036038 0.00796690007301 0.00236590834707 -0.00365994314084 0.00428977501515 0.0128849837414 0.0119597038443 -0.0136862770483 0.0129018345038 0.0151651031815 0.0105882872865 0.0131874764742 0.00186708672307 0.0164743151154 0.0142828085423 0.00363633395882 -0.00490193371684 0.00962588781671 -0.00234801599361 0.00178043329038 0.00818149148808 0.0199162748765 0.0129142578786 -0.0030724900488 0.00107878642145 0.00107144752093 0.00427839551005 0.0124483408046 0.00837638231895 0.000238246826724 0.014961410828 -0.00296377015071 0.0105346586937 0.24438480739 0.0172841975915 -0.00459424266427 0.0068119346089 -0.00244954554034 -0.00203139146731 
-0.00400314732221 0.0224553326519 0.0159005160816 -0.00151713758789 0.0144588643117 0.0314391554954 0.0408409839619 0.0382416056994 0.0179195888114 0.0117956081471 0.0236427740692 0.022057379909 0.0348742056937 0.0527853169424 0.0178693421519 0.0148681580942 0.0229217015079 0.00998502039057 0.030972373507 0.0243091400211 0.0403217896196 0.0239063838211 0.0377613783923 0.0149901104903 0.0124534959834 0.0310279169938 0.0364793373699 0.0349362721894 0.0243942936083 0.0353132531118 0.0335327326156 0.0148810336912 0.0241331623862 0.00337474442293 -0.00175488833641 0.0380415554434 -0.00490445038331 0.0317675448014 0.0153352831118 -0.0050977187547 0.0212461148797 0.0157573198172 0.00040430195324 0.010200899467 0.0172841975915 0.283123195953 0.0166336753333 0.0191493309837 0.0184474034102 0.00573723371412 
0.00888014683232 0.0206518857795 -0.00302216078976 0.0144607077326 -0.00579796026745 0.0102739494251 0.00386692666012 -0.00267082762567 0.0122821266285 0.00784315625434 0.0165909964662 0.00774010059959 0.00635229092979 0.0205490928221 0.00656201522387 0.00235570567482 -0.00279434401969 0.00468534790788 0.013584289647 0.000351143319012 0.0153650427477 0.0130745782675 0.0147153092375 0.00779111798457 0.00654008024322 0.0284261928797 0.0186311532302 0.00915499478737 0.0151838322002 0.0159337493122 0.00861172571753 0.00545343647888 0.0140091609007 0.0149041402959 0.0231772006195 0.0154015179592 -0.000872660043497 0.00765283474689 0.0155170418527 0.00256832372912 0.00897354166342 0.0122746443895 0.0209283150253 0.0101283426857 -0.00459424266427 0.0166336753333 0.186334599968 0.000216662344439 -0.00312384876381 0.0135327849873 
