50
0.0179151897049 0.029419367 0.121001700606 0.0247746242904 0.0442230302855 0.0341115490789 0.15717092416 0.0220926651793 0.0629738483482 0.0375994121509 0.0125032911957 0.0192488530763 0.0256345374975 0.0113752176021 0.0308768641188 0.0298565853869 0.0449016594387 0.265107550494 0.0324915821016 0.0380288664812 0.199130076205 0.0884893451388 0.0210054402465 0.019144788815 0.0565521495323 0.0695535734162 0.0220203869342 0.018453974145 0.044344522835 0.0716450377603 0.0501755430095 0.0122123060087 0.0634276035435 0.166074759161 0.0549811443135 0.0214039426083 0.0211692002509 0.0309081568087 0.0761836706695 0.026417897889 0.0528259349661 0.0440278725419 0.0852779749864 0.0604038345904 0.0690593134036 0.0151091702759 0.0512444991133 0.0486959213786 0.0162851568228 0.0248078828137 
0.309954147949 0.00589210507161 0.00111332101098 0.00369433393374 0.00274473496815 -0.00500973538916 0.00524298744657 0.0133093605781 0.0138138312706 0.0046425783394 0.00325123163236 0.0117097582265 0.00532544157121 0.0086631209899 0.00174212974228 0.00505330097775 0.01100291065 -0.014688192941 0.00435534628656 0.00148355179656 0.0240133883315 0.00720155203714 0.0108444079805 0.00551356713997 -0.000648585050834 0.00587786454064 0.0266313279529 0.0112292700353 0.00572454859579 -0.00700575875759 -0.00477246465438 0.00706342446973 0.0271511348985 0.0204832558967 0.00310249119318 0.00523593575063 0.00193987294373 0.0287992048121 0.00477480615071 -0.00899659610727 0.0169913085508 0.0189063158437 0.0325278458065 0.0182540966132 0.00546687992731 0.00656060335824 0.0199138032494 0.01020635025 0.0188120356472 0.00115087712939 
0.0058921050716 0.205488381009 0.0346431640474 0.0174272300726 0.01570797164 0.0135567199523 0.0046773563831 0.0305368181636 0.0251903071668 0.0126063489817 0.00623807714528 0.0173615446178 0.00748683473804 0.0123886871073 0.012720321658 0.0284156424074 0.00262539632927 -0.0128169735388 0.010546894762 -0.00464167138577 0.00827747941985 0.00290409961407 0.00946026556906 0.0178929353167 -0.00046619431371 -0.00010176020112 0.00826056292277 0.00471754445986 0.0097700737759 0.0259918119412 0.00353848790248 0.00915413658375 0.0109771365939 0.0119691367224 0.0112782902577 0.00566002541319 0.000479045350721 0.0181092125697 0.0134927115453 0.00673863605486 0.0145256916427 0.0163162870093 0.0147770229454 0.00225061836912 0.015792021261 0.00548533631101 -0.00163526526658 0.00989245176316 0.0420618507905 0.00557755883005 
0.00111332101098 0.0346431640474 0.733224868429 0.0158695678454 0.0486111770952 0.0119387747677 0.0129069901115 0.0447697331347 0.0796059009627 0.0403378735816 -0.0145806990182 0.00945947512387 0.011012079018 0.00990114730739 0.00751076818024 0.0118215081701 0.0214302088135 -0.031851207679 0.0050093024103 -0.00916634311042 0.0518580057766 0.00345753172891 0.0144543938149 0.0295268127664 -0.0088993226139 -0.00195611040855 0.018935378962 0.0139822655018 0.0184982252559 0.00902086470469 -0.000418474251148 0.0193700846624 0.00890777132876 0.0344340985905 0.0254344227177 0.0246556658698 -0.00767757128382 0.0235605140022 0.0199288470742 0.0186200861428 -0.0112929756624 0.00670794041038 0.0199231237243 0.0289069397289 -0.00128017362783 0.0139297336023 0.0137544911793 0.0285938257545 0.0378545856777 0.0125919371702 
0.00369433393374 0.0174272300726 0.0158695678454 0.178081337182 0.0220426033367 0.0102755521574 0.0338134123373 0.0158792637623 0.0055549055431 0.0151849188452 0.00394209575996 0.0163544928721 0.0179236653755 0.00237083287587 0.0151872696454 0.0181539606364 0.0091201091271 -0.00580533051878 0.0109969644785 0.0166524277924 0.0266853916369 0.0467305927333 0.0119280359972 0.0200310493298 0.0115595728502 0.0391995042348 0.000925598277393 0.00254738630714 0.0190631467418 0.00965864043878 0.0152297696268 0.0152932778353 -0.00177833847186 0.026877898379 0.0228343723925 0.018420412684 0.000657338429119 0.0102622756279 0.0165118584078 0.0147771584219 0.0127549002728 0.0287021423601 0.0152537857127 0.0109046425924 0.0275150454439 0.0196661917175 0.0137958339127 0.0226764784452 0.0162468954652 0.00400627173582 
0.00274473496815 0.01570797164 0.0486111770952 0.0220426033367 0.195160477598 0.0211351939281 0.031535840452 0.00860203149265 0.0256864739393 0.0121653923271 0.0151553894607 0.00826923852564 0.00808897692089 0.0277362208557 0.0163682850471 0.0175200056189 0.0273831727581 -0.00337593304937 0.0277881948015 0.0123034391115 0.0293054090607 0.0190386020219 0.00818102199125 0.027099161778 0.0163829331093 0.0145587010988 0.0235528129458 0.0259016153321 0.0313890642818 0.0299666416821 0.0211463667808 0.003198097197 0.0308139692418 0.042575052757 0.00962783512547 0.0250880909036 0.00690762419975 0.029842704071 0.0255907423973 0.0264733856208 0.0194569703087 0.0186383349866 0.024268722253 0.0335346957341 0.0199574798029 0.00853479126883 0.0164883584836 0.0302641603264 0.0121651443663 0.0237087006324 
-0.00500973538917 0.0135567199523 0.0119387747677 0.0102755521574 0.0211351939281 0.221494879347 0.0251710324261 0.00621285825629 0.00605886923266 -0.00125208292532 0.0103544064097 -0.000241745844885 0.0178575641753 0.0435069384931 -0.0078769796094 0.00432176599207 0.00953500298091 0.00666304199696 0.0110698656736 0.018536364698 0.00832686892963 0.0174877616277 0.017252080512 -0.00302057094468 0.0307561041372 0.0157756739295 0.0202683723781 0.00290849058238 0.0186478289639 0.0199589259558 0.00945805071041 0.00588587556206 0.00473727907055 -0.00178757002502 0.00570414125588 0.00766893066782 0.01121570801 0.0108343691769 0.0150667859952 0.0181575948373 0.00413396310468 -0.00308458997599 0.0160462734233 0.00984346462136 0.0231815252011 0.00135496043597 0.0108968491302 0.00518930410974 0.00456687250308 0.00390006190725 
0.00524298744657 0.0046773563831 0.0129069901115 0.0338134123373 0.031535840452 0.0251710324261 0.626715574012 0.00486714119415 0.0300048474174 -0.00405697761153 0.0267985190197 0.00232347072111 0.0116387497991 0.013245737882 0.0426013520494 0.0196991632371 0.0274108499769 0.0159245868932 0.00883566753395 0.0494600166864 0.0511241339585 0.0500515122779 0.000622302284474 0.0353213026156 0.0153464559367 0.0177841336101 0.0416088765881 -0.00322348713816 0.0423036997007 0.0241236488027 0.00457208035098 0.0285115154924 0.023219419931 0.0547856051621 0.00224834115383 0.0227126030733 0.012903151758 0.0209624952663 0.0883760960571 0.0327410739317 0.0353880050959 0.0198566994361 0.00819520969465 0.0504403946643 0.0231168500846 0.0153526838249 0.0415366492535 0.0325803143952 0.0101871432218 0.0161608550856 
0.0133093605781 0.0305368181636 0.0447697331347 0.0158792637623 0.00860203149265 0.00621285825629 0.00486714119415 0.231292144007 0.0163644678036 0.00969326490969 -0.00495704506618 0.00495108698721 0.00382461427733 0.0190473525943 0.000877502417604 0.00996761420067 0.0077590627145 -0.0043359175123 0.00644164285924 0.00181168755991 0.0128566311531 0.00372728922442 0.0126650701888 0.00777126323793 0.00845554735605 -0.00897950809489 -0.0135500204409 0.000669236100258 0.0117792718239 0.00339407734147 0.0150979498569 0.00309078898485 0.0201775241231 0.0110181586602 -0.0108899343011 0.00806789017464 0.00774447061838 0.0038327511786 0.00897325956482 0.00861896702464 0.0177231328361 0.0136652426032 0.0281969279673 0.0193579621093 0.00733632301735 0.0150487704784 0.0152168004463 0.0100536063858 0.0430283140547 -0.000467430333867 
0.0138138312706 0.0251903071668 0.0796059009627 0.0055549055431 0.0256864739393 0.00605886923266 0.0300048474174 0.0163644678036 0.356953327736 0.0132792640656 -0.031502619385 0.00169051830561 -0.00646028651555 0.00380589677314 0.0104120503862 -0.00536917828822 0.0152012927307 0.00656863600992 0.0151219791454 -0.00467378842648 0.0545298340929 -0.00258906243047 -0.00841440329995 0.0107728123697 0.00819101748564 -0.0101551478879 -0.00185724217289 0.0143370205041 0.0237675838281 -0.0013720522459 0.0139207832504 0.0082047200838 0.0432190532979 0.0459391885628 0.0127023318243 0.0171051653484 0.00763714928508 -0.0219992029787 0.0245808791087 0.0206094425805 -0.0147170773397 -0.00659657518874 -0.00895037949387 0.0167932217783 0.00241433539575 0.00257478508664 0.0352105986801 0.00766231882635 0.0198597976777 0.00268460265474 
0.0046425783394 0.0126063489817 0.0403378735816 0.0151849188452 0.0121653923271 -0.00125208292532 -0.00405697761153 0.00969326490969 0.0132792640656 0.261910132784 0.018498074466 0.0157636616764 0.0258064558557 0.0131857191625 0.0100348317005 0.00717938377305 0.0190916752821 -0.0102648604363 0.00193872786654 0.0211427655134 0.0231872849637 0.0229235156159 0.00533835727741 0.013638117334 -0.000650475368714 0.00798248342602 0.00734312758828 0.0133551748772 0.0109288152033 0.00103728432754 0.00841343861245 0.0251113102156 0.0133826244695 0.0119946547505 0.00776668005891 0.00106354592394 0.000487350657999 0.00541536086746 0.0112633803895 0.026952802675 0.0307743778016 0.00822234469945 0.0237023970228 0.0121054674885 0.00767722304056 0.0205048423194 -0.003625440416 0.00845670480952 0.00968568480709 0.019481648641 
0.00325123163236 0.00623807714528 -0.0145806990182 0.00394209575996 0.0151553894607 0.0103544064097 0.0267985190198 -0.00495704506618 -0.031502619385 0.018498074466 0.282527117537 0.0035157648411 0.0144478684544 0.0159795483014 0.0158925457906 0.00958506120853 0.00690286350363 -0.0121610256935 0.0264236481594 0.0131206543419 0.00116690574721 0.00390921538829 -0.000970889514578 0.031246705556 0.0205926348809 -0.00359954677566 0.017395492787 0.00726773770016 0.016046433342 0.00231476099035 0.0105768662039 0.0115961554124 -0.00163076908512 0.00469280175055 0.00161731314773 0.0144208015385 0.00247182449943 0.0536870977623 -0.000386788980279 0.0199055081113 0.00969660549608 0.0174129944781 0.0104307738619 0.030145594829 0.00539698070874 0.0137953399241 0.0109277906422 0.023729388158 -0.00638780585839 0.00595160299461 
0.0117097582265 0.0173615446178 0.00945947512387 0.0163544928721 0.00826923852564 -0.000241745844886 0.00232347072111 0.00495108698721 0.00169051830561 0.0157636616764 0.0035157648411 0.13793590823 0.0180847562374 0.00374833411884 0.0094878666077 0.0200588645522 0.0101674577572 -0.0101079758446 -0.00722035968174 0.010407750914 0.0130285863431 0.0151462085774 0.0237295055501 -0.00121170428006 0.0101139696858 0.0074383081648 0.0147601761019 0.0171210393287 0.00958966969503 -2.46598601002e-05 0.0114497352986 0.00969001018178 0.00767081027835 0.0165541973992 0.00199818544067 -0.00240547972249 0.00369749483271 0.00311165907932 0.00825820007599 0.00784277810562 0.0170379015721 0.0208962368523 0.0156552245926 -0.00204611837533 0.0047381975297 0.0139619376195 -0.00138108512114 0.0182904152504 0.0083833665126 0.00685302986147 
0.00532544157121 0.00748683473804 0.011012079018 0.0179236653754 0.00808897692089 0.0178575641753 0.0116387497991 0.00382461427733 -0.00646028651555 0.0258064558557 0.0144478684544 0.0180847562374 0.173692638752 0.00480506473014 0.00277898876868 0.0179454279642 0.0273842402288 0.00118945914215 0.0169183569773 0.00470352788049 0.00203606879819 0.0119227811072 0.00837337515568 0.00796618119683 0.00634389670581 0.0156649942761 0.0150293420222 -0.00318636607101 0.016059366655 0.00455960573097 0.00799238493205 0.0140304633163 -1.21741334531e-05 0.0257773441084 0.0279219350275 -0.00517997110195 0.00559821242157 0.0135942908366 0.00828293713303 0.00822608397798 0.00263922344628 0.023367311644 0.034044313605 0.0119428256777 0.0120801621285 0.0196446313227 0.00760032938855 0.0161629662732 0.0144241689478 0.00440221404239 
0.0086631209899 0.0123886871073 0.00990114730739 0.00237083287587 0.0277362208557 0.0435069384931 0.013245737882 0.0190473525943 0.00380589677314 0.0131857191625 0.0159795483014 0.00374833411884 0.00480506473014 0.213276333132 -0.00209909588152 0.0134003247937 0.0143823279653 -0.00942233617448 0.0196362312138 0.0195989281667 -0.000839181974171 0.0134381605254 0.00273952204153 0.00838971625909 0.0108958137232 0.00894978069711 0.0105136087136 0.00817302023044 0.0222666209387 0.0513227415424 0.016873503947 0.0126005787782 0.00926229882164 0.00771558456688 0.0272944245734 0.0226088744474 0.0105796418083 0.0332289088646 0.0336224483965 0.0106155492324 0.0122790235609 0.0212922409784 0.00911114588327 0.0402272353976 0.00685710185353 0.0182749942799 0.0191037250929 0.019402440358 0.00566158497239 0.0118089740367 
0.00174212974228 0.012720321658 0.00751076818024 0.0151872696454 0.0163682850471 -0.0078769796094 0.0426013520494 0.000877502417604 0.0104120503862 0.0100348317005 0.0158925457906 0.0094878666077 0.00277898876868 -0.00209909588152 0.259190726117 0.0103295219721 0.0186900829546 0.0135067198731 0.00966437285879 0.0210926243103 0.014624899621 0.0373965435977 -0.00547738309493 0.0254194072161 0.00445706430352 0.0186956828306 0.026811672884 0.0122264267642 0.0064139633064 0.00473830910633 0.0176214310527 0.00941816929101 0.00790846930967 0.0296482114562 0.00466005005604 0.0256545664521 0.00476922644324 0.00704297476996 0.0152489909554 0.017305004312 0.0222297434576 0.00700703060491 0.0110656669878 0.0184361468487 0.0131699315518 0.00935106183268 0.0173059374313 0.0329454074193 0.000920292142646 0.00440059786028 
0.00505330097775 0.0284156424074 0.0118215081701 0.0181539606364 0.0175200056189 0.00432176599207 0.0196991632371 0.00996761420067 -0.00536917828822 0.00717938377304 0.00958506120853 0.0200588645522 0.0179454279642 0.0134003247937 0.0103295219721 0.136844102768 0.015566006079 -0.000438182524959 0.00657471705727 0.00935465257102 0.0198264480472 0.000201198606374 0.0147134588958 0.0265941811038 0.00317360116959 0.0136107094902 0.0210589128536 0.00649773017971 0.0211572194439 0.0124646011847 0.0136493842204 0.00581144673615 0.00928577166039 0.0299617243093 0.00953344878008 0.0131907673691 0.0148186725546 0.022340516844 0.00332941597185 0.00113529238268 0.0244886974556 0.0187891518578 0.0121051632545 0.0110242865165 0.0186135217743 0.0142187502597 0.0165643327596 0.066219957927 0.0209757088552 0.0166281211002 
0.01100291065 0.00262539632927 0.0214302088135 0.0091201091271 0.0273831727581 0.00953500298091 0.0274108499769 0.0077590627145 0.0152012927307 0.0190916752821 0.00690286350363 0.0101674577572 0.0273842402288 0.0143823279653 0.0186900829546 0.015566006079 0.320034117747 0.00251308050505 -0.00664954359599 0.0491927046443 0.0501651355684 0.00817697264652 0.00501376180671 0.0264548119883 0.0302009195884 -0.000838311715666 0.0170167411189 0.010433776159 0.0330063605769 0.00878645201218 0.0127336031161 0.00236722347881 0.0481163099431 0.041887946677 0.0113535109012 0.0155633092514 0.0124385275935 0.0152141176859 0.0259621917133 0.0280633604336 0.0107688177441 0.0179899185013 0.00243711064821 0.0403101118441 0.0231356675828 0.00756308008728 0.029236576077 0.0195860974154 0.0116831997525 0.0191266315963 
-0.014688192941 -0.0128169735388 -0.031851207679 -0.00580533051878 -0.00337593304937 0.00666304199696 0.0159245868932 -0.0043359175123 0.00656863600992 -0.0102648604363 -0.0121610256935 -0.0101079758446 0.00118945914215 -0.00942233617448 0.0135067198731 -0.000438182524959 0.00251308050505 2.98968806866 0.00305710406766 0.0115643367737 0.00205825152295 0.0221915171177 0.00396780289124 0.00562896360236 -0.00962148870865 0.0118705954845 0.00802512667962 0.0315021059339 0.0055596555809 0.00403539867594 -0.00427374534452 -0.0133946595757 0.00208893592297 0.0401215631695 -0.0199150763337 0.0143059206693 -0.0142240594069 -0.0110012515033 0.0115620454124 0.0197498729533 -0.00206820091309 -0.01657133979 0.00166901455009 -0.0106562412365 0.0205812687413 0.0110413513915 0.0186765787615 0.0179486988323 -0.0114519311823 -0.00304429534633 
0.00435534628656 0.010546894762 0.0050093024103 0.0109969644785 0.0277881948015 0.0110698656736 0.00883566753395 0.00644164285924 0.0151219791454 0.00193872786654 0.0264236481594 -0.00722035968174 0.0169183569773 0.0196362312138 0.00966437285879 0.00657471705727 -0.00664954359599 0.00305710406766 0.300895506968 0.0194830623917 0.0191256015756 -0.00153920845113 -0.00181432823689 0.0391899892953 0.0185034651161 0.00173207833793 0.0275513435978 0.0144023396282 0.0149857355899 -0.0221337162291 0.0258313568599 -0.00835404585665 0.0132841965885 0.016634846211 0.0101536564898 0.00252961823937 -0.000664465589892 0.0524367188173 0.0443143282026 0.0117881614495 0.00421534039939 0.0375393535992 0.0217457176949 0.01149208327 0.00404690574731 0.0159358986595 0.0149570567251 0.0127944887146 0.0111743209103 0.00487780669366 
0.00148355179656 -0.00464167138577 -0.00916634311042 0.0166524277924 0.0123034391115 0.018536364698 0.0494600166864 0.00181168755991 -0.00467378842648 0.0211427655134 0.0131206543419 0.010407750914 0.00470352788049 0.0195989281667 0.0210926243103 0.00935465257102 0.0491927046443 0.0115643367737 0.0194830623917 0.320376528395 0.0217568219698 0.0306683263682 0.00936343857749 0.0246159917014 0.00824807525525 0.0108161585248 0.0104980610213 0.0103369321258 0.0234495343145 0.0166073613653 0.0156706153301 0.0173419208472 0.0242540892032 0.035555827492 0.0201326791497 0.0229712703777 0.00560283462674 0.0112625460977 0.0835751187688 0.0177288918465 0.00486407537114 0.0194557929876 0.0046551458559 0.0357396826352 0.00724763446847 0.0154725711216 0.0266876539692 0.0223948465048 0.00180042377246 0.013914119399 
0.0240133883315 0.00827747941985 0.0518580057766 0.0266853916369 0.0293054090607 0.00832686892963 0.0511241339585 0.0128566311531 0.0545298340929 0.0231872849637 0.00116690574721 0.0130285863431 0.00203606879819 -0.000839181974171 0.014624899621 0.0198264480472 0.0501651355684 0.00205825152295 0.0191256015756 0.0217568219698 0.605663431858 0.0250275589035 0.00203700116187 0.0113002184734 0.0392495692261 -0.00337398493053 0.00758635693088 0.0114568922675 0.0522570861321 0.0233604255019 0.0370334472964 -0.00225124273665 0.0418414758696 0.173332161265 0.0433470489657 0.0299988519854 0.01024735639 0.00675226604228 0.0311664803996 0.00959792788368 0.022438804717 -0.00656165733849 0.0129545712197 0.0398808881513 0.00752060217971 0.0129549621508 0.0497382594829 0.0297078527324 0.0181572473848 0.00910464798374 
0.00720155203714 0.00290409961407 0.00345753172891 0.0467305927333 0.0190386020219 0.0174877616277 0.0500515122779 0.00372728922443 -0.00258906243047 0.0229235156159 0.00390921538829 0.0151462085774 0.0119227811072 0.0134381605254 0.0373965435977 0.000201198606374 0.00817697264652 0.0221915171177 -0.00153920845112 0.0306683263682 0.0250275589035 0.48144513646 -0.00287563554066 0.0105104296124 0.0128734284272 0.0081050464589 0.0304539767229 0.00965591566443 0.0274615258397 0.0390686202248 0.0126249166198 0.0334289647183 0.0129284986694 0.0245057077428 0.00303508854559 0.0370654869401 0.00400549444726 0.0227247499923 0.0403737816079 6.69031705139e-05 0.0296689589808 -0.0053191055346 0.0291733671256 0.0193805336949 0.0147771281027 0.0140858402053 0.0236423317302 0.00807452943944 -0.00207383017604 0.0109983429372 
0.0108444079805 0.00946026556907 0.0144543938149 0.0119280359972 0.00818102199125 0.017252080512 0.000622302284475 0.0126650701888 -0.00841440329995 0.00533835727741 -0.000970889514577 0.0237295055501 0.00837337515568 0.00273952204153 -0.00547738309493 0.0147134588958 0.00501376180671 0.00396780289124 -0.00181432823689 0.00936343857749 0.00203700116187 -0.00287563554066 0.130144728358 0.00519532271357 0.00765731512338 0.00603001410036 0.0104578358764 0.00635182536768 0.00736883131761 -0.00613259590993 0.000283243023501 -0.001730599782 0.0082312545092 0.00279036297151 0.0156394981005 -0.00409736330311 -0.00354749009826 -0.00240934719067 0.00601847600685 -0.00186695283041 0.0190162348089 0.0084857971861 0.00946425686027 -0.000248049913169 0.0068238819217 0.00787945157775 -0.00696638145303 0.00377077469347 0.00664734528163 0.0140817286161 
0.00551356713997 0.0178929353167 0.0295268127664 0.0200310493298 0.027099161778 -0.00302057094468 0.0353213026156 0.00777126323793 0.0107728123697 0.013638117334 0.031246705556 -0.00121170428006 0.00796618119684 0.00838971625909 0.0254194072161 0.0265941811038 0.0264548119883 0.00562896360236 0.0391899892953 0.0246159917014 0.0113002184734 0.0105104296124 0.00519532271357 0.225429261929 0.0189249913932 0.0150199943206 0.0247319433543 0.0145860472735 0.0317261073082 0.00786684357364 0.0191846409677 0.00936964277759 0.0218880207271 0.0404257309016 0.00729972803697 0.0207463620575 0.00552376329458 0.0449695648 0.0111694493345 0.0303013171784 0.0155422910376 0.0165546722619 0.0260907069782 7.8055231764e-05 0.0233462979386 0.0198957890442 0.0223193420975 0.0380649272471 0.0110125539028 0.00988830378546 
-0.000648585050833 -0.000466194313709 -0.0088993226139 0.0115595728502 0.0163829331093 0.0307561041372 0.0153464559367 0.00845554735605 0.00819101748564 -0.000650475368714 0.0205926348809 0.0101139696858 0.00634389670581 0.0108958137232 0.00445706430352 0.00317360116959 0.0302009195884 -0.00962148870865 0.0185034651161 0.00824807525525 0.0392495692261 0.0128734284272 0.00765731512338 0.0189249913932 0.366336133742 0.0148929174337 0.0152944377864 -0.00816296179029 -0.00341400173792 0.00386803773212 0.0258596596719 0.000249307037884 0.020562235255 0.0353063842511 0.0040504615879 0.0127824493811 0.0149737431585 -0.00256260483393 0.0329462076688 0.0176899578405 0.031431850615 0.0303965494458 0.0421784544452 0.0318237104469 0.031649120147 0.010568355308 0.020241727403 0.0221285366318 0.0162850933732 0.00606594425528 
0.00587786454064 -0.00010176020112 -0.00195611040855 0.0391995042348 0.0145587010988 0.0157756739295 0.0177841336101 -0.00897950809489 -0.0101551478879 0.00798248342602 -0.00359954677566 0.0074383081648 0.0156649942761 0.00894978069711 0.0186956828306 0.0136107094902 -0.000838311715665 0.0118705954845 0.00173207833793 0.0108161585248 -0.00337398493053 0.0081050464589 0.00603001410036 0.0150199943206 0.0148929174337 0.391411352777 0.0140817988954 -0.00557207958705 0.00407553918697 0.00212397690585 0.0388102714659 0.00738229693585 0.00627596165909 0.0462571284162 0.0519817562077 0.029235989758 0.00848355529836 -0.00122859110133 0.0224685803365 0.00672134155278 0.0140244306887 0.0189451966495 -0.00226451583682 0.0118392890544 0.0274647039753 0.00428678597835 0.0058428588403 0.0196113425758 -0.0018541096395 -0.00982183443857 
0.0266313279529 0.00826056292278 0.018935378962 0.000925598277396 0.0235528129458 0.0202683723781 0.0416088765881 -0.0135500204409 -0.00185724217289 0.00734312758828 0.017395492787 0.0147601761019 0.0150293420222 0.0105136087136 0.026811672884 0.0210589128536 0.0170167411189 0.00802512667962 0.0275513435978 0.0104980610213 0.00758635693088 0.0304539767229 0.0104578358764 0.0247319433543 0.0152944377864 0.0140817988954 0.216935931043 0.0143822398758 0.0206705174327 0.00784872770356 0.0107402808233 0.0229411838081 0.0467748285617 0.0271434040851 0.00754536317281 0.026030916746 0.0139821031896 0.0332076103305 0.0267206981372 0.0181234580017 0.0521186039786 0.0167874304216 0.0266536661437 0.0191341195334 0.0171570004279 0.0119424870679 0.0256049378327 0.0272081320941 0.00732505567273 0.0116054620894 
0.0112292700353 0.00471754445987 0.0139822655018 0.00254738630714 0.0259016153321 0.00290849058238 -0.00322348713816 0.000669236100257 0.0143370205041 0.0133551748772 0.00726773770016 0.0171210393287 -0.00318636607101 0.00817302023044 0.0122264267642 0.00649773017971 0.010433776159 0.0315021059339 0.0144023396282 0.0103369321258 0.0114568922675 0.00965591566443 0.00635182536768 0.0145860472735 -0.00816296179029 -0.00557207958705 0.0143822398758 0.242793305352 0.0303478493474 -0.0071016062419 0.00831930584638 0.00355911834326 0.0117718662509 0.014414186075 -0.010721819997 0.016928152728 0.0430972695637 0.0165486078141 -0.00199187491149 -0.00645457607088 0.015193826011 0.00970832404802 0.0146802504832 0.011140824912 -0.00908835464175 0.00364259137542 -0.00114193477402 0.00127109679724 0.00739566826468 0.0146200930177 
0.00572454859579 0.0097700737759 0.0184982252559 0.0190631467418 0.0313890642818 0.0186478289639 0.0423036997007 0.0117792718239 0.0237675838281 0.0109288152033 0.016046433342 0.00958966969503 0.016059366655 0.0222666209387 0.0064139633064 0.0211572194439 0.0330063605769 0.0055596555809 0.01498573559 0.0234495343145 0.0522570861321 0.0274615258397 0.00736883131761 0.0317261073082 -0.00341400173792 0.00407553918697 0.0206705174327 0.0303478493474 0.195620597559 0.0219496150548 0.015016279103 0.0138565737985 0.0285269508659 0.0476559480596 0.0380077096218 0.0314265915455 0.0297234523073 0.0231756804286 0.0279960477753 0.0203441746589 0.030794142273 0.00644955602432 0.0377512433123 0.0419044338419 0.0183114653152 0.0214952626598 0.0341956806699 0.0458979820321 0.0164563199813 0.0173186435911 
-0.00700575875759 0.0259918119412 0.00902086470468 0.00965864043878 0.0299666416821 0.0199589259558 0.0241236488027 0.00339407734147 -0.0013720522459 0.00103728432754 0.00231476099035 -2.46598600994e-05 0.00455960573097 0.0513227415424 0.00473830910633 0.0124646011847 0.00878645201218 0.00403539867594 -0.0221337162291 0.0166073613653 0.0233604255019 0.0390686202248 -0.00613259590993 0.00786684357364 0.00386803773212 0.00212397690585 0.00784872770356 -0.0071016062419 0.0219496150548 0.463107991879 0.00279253248632 0.0252561692802 0.0373068235411 0.0139438745582 0.0155112518998 0.010554248919 0.00435877707989 0.0141461622676 0.0185306041849 0.00897129805246 0.00376164925909 0.0029010877459 -0.0101987438627 0.0236411473026 0.0119427018963 0.000155688183204 0.00537488420736 0.0278801511885 0.0122221783836 0.00944242267533 
-0.00477246465438 0.00353848790248 -0.000418474251148 0.0152297696268 0.0211463667808 0.00945805071041 0.00457208035099 0.0150979498569 0.0139207832504 0.00841343861245 0.0105768662039 0.0114497352986 0.00799238493205 0.016873503947 0.0176214310527 0.0136493842204 0.0127336031161 -0.00427374534452 0.0258313568599 0.0156706153301 0.0370334472964 0.0126249166198 0.000283243023502 0.0191846409677 0.0258596596719 0.0388102714659 0.0107402808233 0.00831930584637 0.015016279103 0.00279253248632 0.315388788879 0.0018879219952 0.0262810680815 0.0341147044603 0.00394451952399 0.0276193681091 0.00122241392344 0.0195633973782 0.0499596701106 0.0105163398642 0.0162720326164 0.024121044708 0.0280926623352 0.0152060401559 0.00920209194826 0.00742446909088 0.026663692707 0.0284122667276 0.013806515556 -0.0046859918574 
0.00706342446973 0.00915413658375 0.0193700846624 0.0152932778353 0.003198097197 0.00588587556206 0.0285115154924 0.00309078898485 0.0082047200838 0.0251113102156 0.0115961554124 0.00969001018178 0.0140304633163 0.0126005787782 0.00941816929101 0.00581144673615 0.00236722347881 -0.0133946595757 -0.00835404585665 0.0173419208472 -0.00225124273665 0.0334289647183 -0.001730599782 0.00936964277759 0.000249307037885 0.00738229693585 0.0229411838081 0.00355911834326 0.0138565737985 0.0252561692802 0.0018879219952 0.283378520232 0.0184775755237 0.0287901957168 0.00770285173483 0.0171011248822 0.00323411878771 0.00256741796622 0.0122839191228 0.00939575337318 0.0145400111905 -0.00928420645967 0.0308504722944 -0.00409690970907 0.0167370353195 0.00154332744466 0.014166677502 0.00489123349818 0.0117477921279 0.012303448335 
0.0271511348985 0.0109771365939 0.00890777132876 -0.00177833847186 0.0308139692418 0.00473727907055 0.023219419931 0.0201775241231 0.0432190532979 0.0133826244695 -0.00163076908512 0.00767081027835 -1.21741334521e-05 0.00926229882164 0.00790846930967 0.00928577166039 0.0481163099431 0.00208893592297 0.0132841965885 0.0242540892032 0.0418414758696 0.0129284986694 0.0082312545092 0.0218880207271 0.020562235255 0.00627596165909 0.0467748285617 0.0117718662509 0.0285269508659 0.0373068235411 0.0262810680815 0.0184775755237 0.381605233648 0.0599492756272 0.000275877483533 0.0277649765851 0.0195037164659 0.0110792799307 0.0345856561548 0.0135609580071 0.00660417527078 0.024629715486 0.0166521302257 0.0380041241285 0.0209661268227 0.00797367195276 0.0148948569932 0.0148743643673 0.0182655224862 0.016804445709 
0.0204832558967 0.0119691367224 0.0344340985905 0.026877898379 0.042575052757 -0.00178757002502 0.0547856051621 0.0110181586602 0.0459391885628 0.0119946547505 0.00469280175055 0.0165541973992 0.0257773441084 0.00771558456688 0.0296482114562 0.0299617243093 0.041887946677 0.0401215631695 0.016634846211 0.035555827492 0.173332161265 0.0245057077428 0.00279036297151 0.0404257309016 0.0353063842511 0.0462571284162 0.0271434040851 0.014414186075 0.0476559480596 0.0139438745582 0.0341147044603 0.0287901957168 0.0599492756272 0.479976330467 0.0649941000366 0.0559716359169 -0.0109495140834 0.00119586981181 0.0272033420665 0.0498846201458 0.0257896379079 0.0256213435191 0.0495295634807 0.041007818203 0.0442599811719 0.0103407335883 0.0466733845737 0.0365981771776 0.0138954659537 0.0127693545194 
0.00310249119318 0.0112782902577 0.0254344227177 0.0228343723925 0.00962783512547 0.00570414125588 0.00224834115383 -0.0108899343011 0.0127023318243 0.00776668005891 0.00161731314773 0.00199818544067 0.0279219350275 0.0272944245734 0.00466005005604 0.00953344878008 0.0113535109012 -0.0199150763337 0.0101536564898 0.0201326791497 0.0433470489657 0.00303508854559 0.0156394981005 0.00729972803697 0.0040504615879 0.0519817562077 0.00754536317281 -0.010721819997 0.0380077096218 0.0155112518998 0.00394451952399 0.00770285173483 0.000275877483533 0.0649941000366 0.438419381527 0.00633645724635 -0.00775625393592 0.0116901458852 0.0260288419375 -0.000832092138577 0.00250590334417 0.00106861399671 0.0142497223044 -0.00405367628608 0.0124944956072 0.00689015751007 0.00316568591235 0.01502027441 0.00645296751368 0.00745150359437 
0.00523593575063 0.00566002541318 0.0246556658698 0.018420412684 0.0250880909036 0.00766893066782 0.0227126030733 0.00806789017464 0.0171051653484 0.00106354592394 0.0144208015385 -0.00240547972249 -0.00517997110195 0.0226088744474 0.0256545664521 0.0131907673691 0.0155633092514 0.0143059206693 0.00252961823937 0.0229712703777 0.0299988519854 0.0370654869401 -0.00409736330311 0.0207463620575 0.0127824493811 0.029235989758 0.026030916746 0.016928152728 0.0314265915455 0.010554248919 0.0276193681091 0.0171011248822 0.0277649765851 0.0559716359169 0.00633645724635 0.204165962381 0.0206429253525 0.00383363992237 0.0281947550327 0.0532509586913 0.02573399823 0.0237956385323 0.0194569482809 0.0416782972394 0.0194230343149 0.0134892262514 0.062197760853 0.0139004709805 0.00714441216427 0.0209214443761 
0.00193987294373 0.000479045350718 -0.00767757128383 0.000657338429119 0.00690762419975 0.01121570801 0.012903151758 0.00774447061838 0.00763714928508 0.000487350657997 0.00247182449943 0.00369749483271 0.00559821242158 0.0105796418083 0.00476922644324 0.0148186725546 0.0124385275935 -0.0142240594069 -0.000664465589893 0.00560283462674 0.01024735639 0.00400549444726 -0.00354749009826 0.00552376329458 0.0149737431585 0.00848355529836 0.0139821031896 0.0430972695637 0.0297234523073 0.00435877707989 0.00122241392344 0.00323411878771 0.0195037164659 -0.0109495140834 -0.00775625393592 0.0206429253525 0.205911244974 0.00664437596523 0.0246145869542 0.00118111678903 0.0164804886179 0.000704424346238 0.0130231088899 0.0186466140698 0.00710648478767 0.0109094609559 0.00318831246456 0.0113562148266 0.0152080996471 0.0176566555021 
0.0287992048121 0.0181092125697 0.0235605140022 0.0102622756279 0.029842704071 0.0108343691769 0.0209624952663 0.0038327511786 -0.0219992029787 0.00541536086746 0.0536870977623 0.00311165907932 0.0135942908366 0.0332289088646 0.00704297476996 0.022340516844 0.0152141176859 -0.0110012515033 0.0524367188173 0.0112625460977 0.00675226604228 0.0227247499923 -0.00240934719067 0.0449695648 -0.00256260483393 -0.00122859110133 0.0332076103305 0.0165486078141 0.0231756804286 0.0141461622676 0.0195633973782 0.00256741796622 0.0110792799307 0.00119586981181 0.0116901458852 0.00383363992237 0.00664437596523 0.279119674724 0.0165248869296 0.0230144516177 0.0314329075382 0.0259493364317 0.0434850360933 0.0207163205506 0.0320511638262 0.0140078781315 0.0152712557377 0.0157286320883 0.00359109661053 0.0166993120227 
0.00477480615071 0.0134927115453 0.0199288470742 0.0165118584078 0.0255907423973 0.0150667859952 0.0883760960571 0.00897325956482 0.0245808791087 0.0112633803895 -0.000386788980279 0.00825820007599 0.00828293713303 0.0336224483965 0.0152489909554 0.00332941597185 0.0259621917133 0.0115620454124 0.0443143282026 0.0835751187688 0.0311664803996 0.0403737816079 0.00601847600685 0.0111694493345 0.0329462076688 0.0224685803365 0.0267206981372 -0.00199187491149 0.0279960477753 0.0185306041849 0.0499596701106 0.0122839191228 0.0345856561548 0.0272033420665 0.0260288419375 0.0281947550327 0.0246145869542 0.0165248869296 0.398930299752 0.0171751983925 0.0301846625368 0.0308955812743 0.00656312735024 0.0266050048411 0.0235939023003 0.00328406004969 0.0215369968074 0.0166386539267 0.00635805387033 0.0182582634333 
-0.00899659610727 0.00673863605486 0.0186200861428 0.0147771584219 0.0264733856208 0.0181575948373 0.0327410739317 0.00861896702464 0.0206094425805 0.026952802675 0.0199055081113 0.00784277810562 0.00822608397799 0.0106155492324 0.017305004312 0.00113529238268 0.0280633604336 0.0197498729533 0.0117881614495 0.0177288918465 0.00959792788368 6.69031705132e-05 -0.00186695283041 0.0303013171784 0.0176899578405 0.00672134155278 0.0181234580017 -0.00645457607088 0.0203441746589 0.00897129805246 0.0105163398642 0.00939575337318 0.0135609580071 0.0498846201458 -0.000832092138578 0.0532509586913 0.00118111678903 0.0230144516177 0.0171751983925 0.260954206911 0.0163179995502 0.0154269669533 0.0092285636274 0.0437329649981 0.0259387096742 0.0125585223667 0.041655838424 0.0162141571628 0.0060123502111 0.0553884720923 
0.0169913085508 0.0145256916427 -0.0112929756624 0.0127549002728 0.0194569703087 0.00413396310468 0.0353880050959 0.0177231328361 -0.0147170773397 0.0307743778016 0.00969660549608 0.0170379015721 0.00263922344628 0.0122790235609 0.0222297434576 0.0244886974556 0.0107688177441 -0.00206820091309 0.00421534039939 0.00486407537114 0.022438804717 0.0296689589808 0.0190162348089 0.0155422910376 0.031431850615 0.0140244306887 0.0521186039786 0.015193826011 0.030794142273 0.00376164925909 0.0162720326164 0.0145400111905 0.00660417527078 0.0257896379079 0.00250590334416 0.02573399823 0.0164804886179 0.0314329075382 0.0301846625368 0.0163179995502 0.28584031389 0.01490125909 0.0129956866902 0.0197828422861 0.0171464478676 0.0146928684604 0.00683654582212 0.0227411779527 0.00989190156019 0.0119910733147 
0.0189063158437 0.0163162870093 0.00670794041037 0.0287021423601 0.0186383349866 -0.00308458997599 0.0198566994361 0.0136652426032 -0.00659657518874 0.00822234469945 0.0174129944781 0.0208962368523 0.023367311644 0.0212922409784 0.00700703060491 0.0187891518578 0.0179899185013 -0.01657133979 0.0375393535992 0.0194557929876 -0.00656165733849 -0.00531910553461 0.0084857971861 0.0165546722619 0.0303965494458 0.0189451966495 0.0167874304216 0.00970832404802 0.00644955602432 0.0029010877459 0.024121044708 -0.00928420645967 0.024629715486 0.0256213435191 0.00106861399671 0.0237956385323 0.000704424346237 0.0259493364317 0.0308955812743 0.0154269669533 0.01490125909 0.223065346057 0.0356235321496 0.0226950498728 0.0297720978906 0.00746787784295 0.0118400433811 0.0116149112787 0.0300330422389 0.0059921665158 
0.0325278458065 0.0147770229454 0.0199231237243 0.0152537857127 0.024268722253 0.0160462734233 0.00819520969465 0.0281969279673 -0.00895037949387 0.0237023970228 0.0104307738619 0.0156552245926 0.034044313605 0.00911114588327 0.0110656669878 0.0121051632545 0.00243711064821 0.00166901455009 0.0217457176949 0.0046551458559 0.0129545712197 0.0291733671256 0.00946425686027 0.0260907069782 0.0421784544452 -0.00226451583682 0.0266536661437 0.0146802504832 0.0377512433123 -0.0101987438627 0.0280926623352 0.0308504722944 0.0166521302257 0.0495295634807 0.0142497223044 0.0194569482809 0.0130231088899 0.0434850360933 0.00656312735024 0.0092285636274 0.0129956866902 0.0356235321496 0.396646822196 0.000724985018073 0.0138445583813 0.018355800024 0.0166459163077 0.033410616396 0.0250693827852 0.00709716944867 
0.0182540966132 0.00225061836912 0.0289069397289 0.0109046425924 0.0335346957341 0.00984346462136 0.0504403946643 0.0193579621093 0.0167932217783 0.0121054674885 0.030145594829 -0.00204611837533 0.0119428256777 0.0402272353976 0.0184361468487 0.0110242865165 0.0403101118441 -0.0106562412365 0.01149208327 0.0357396826352 0.0398808881513 0.0193805336949 -0.00024804991317 7.80552317646e-05 0.0318237104469 0.0118392890544 0.0191341195334 0.0111408249119 0.0419044338419 0.0236411473026 0.0152060401559 -0.00409690970907 0.0380041241285 0.041007818203 -0.00405367628608 0.0416782972394 0.0186466140698 0.0207163205506 0.0266050048411 0.0437329649981 0.0197828422861 0.0226950498728 0.000724985018074 0.271944215865 0.0192111263414 0.00926203426024 0.0306169557635 0.0226045826943 -0.00929627856169 0.00841885990518 
0.00546687992731 0.015792021261 -0.00128017362783 0.0275150454439 0.0199574798029 0.0231815252011 0.0231168500846 0.00733632301735 0.00241433539575 0.00767722304056 0.00539698070874 0.0047381975297 0.0120801621285 0.00685710185353 0.0131699315518 0.0186135217743 0.0231356675828 0.0205812687413 0.00404690574731 0.00724763446847 0.00752060217971 0.0147771281027 0.0068238819217 0.0233462979386 0.031649120147 0.0274647039753 0.0171570004279 -0.00908835464175 0.0183114653152 0.0119427018963 0.00920209194826 0.0167370353195 0.0209661268227 0.0442599811719 0.0124944956072 0.0194230343149 0.00710648478767 0.0320511638262 0.0235939023003 0.0259387096742 0.0171464478676 0.0297720978906 0.0138445583813 0.0192111263414 0.427090099122 0.000613384650421 0.0118621198465 0.0248286698382 0.00901271557184 0.0150719481574 
0.00656060335823 0.00548533631101 0.0139297336023 0.0196661917175 0.00853479126883 0.00135496043597 0.0153526838249 0.0150487704784 0.00257478508664 0.0205048423194 0.0137953399241 0.0139619376195 0.0196446313227 0.0182749942799 0.00935106183268 0.0142187502597 0.00756308008728 0.0110413513915 0.0159358986595 0.0154725711216 0.0129549621508 0.0140858402053 0.00787945157775 0.0198957890442 0.010568355308 0.00428678597835 0.0119424870679 0.00364259137542 0.0214952626598 0.000155688183204 0.00742446909088 0.00154332744466 0.00797367195276 0.0103407335883 0.00689015751007 0.0134892262514 0.0109094609559 0.0140078781315 0.00328406004969 0.0125585223667 0.0146928684604 0.00746787784295 0.018355800024 0.00926203426024 0.00061338465042 0.155658565051 0.0180680571796 0.0215051746876 0.00624527170192 0.0140686464551 
0.0199138032494 -0.00163526526657 0.0137544911793 0.0137958339127 0.0164883584836 0.0108968491302 0.0415366492535 0.0152168004463 0.0352105986801 -0.003625440416 0.0109277906422 -0.00138108512114 0.00760032938855 0.0191037250929 0.0173059374313 0.0165643327596 0.029236576077 0.0186765787615 0.0149570567251 0.0266876539692 0.0497382594829 0.0236423317302 -0.00696638145303 0.0223193420975 0.020241727403 0.0058428588403 0.0256049378327 -0.00114193477402 0.0341956806699 0.00537488420736 0.026663692707 0.014166677502 0.0148948569932 0.0466733845737 0.00316568591235 0.062197760853 0.00318831246456 0.0152712557377 0.0215369968074 0.041655838424 0.00683654582212 0.0118400433811 0.0166459163077 0.0306169557635 0.0118621198465 0.0180680571796 0.260491184446 0.0194768574835 0.00982553210385 0.0146280502301 
