40
0.0285158318856 0.148705689344 0.0395572708053 0.0308834605432 0.135299445153 0.0353360638732 0.0151091702759 0.0428749123775 0.15717092416 0.045759308444 0.0163484450471 0.123612909007 0.0396471392927 0.0144645316835 0.0304896250645 0.0471087328402 0.197480990077 0.0436219100546 0.026407260569 0.0743289823458 0.042606905642 0.0597094198611 0.0348828940045 0.104005811155 0.019144788815 0.0414012394119 0.0669692816613 0.116671338284 0.0284224966367 0.0179151897049 0.0285507317948 0.00873698993333 0.0514292405054 0.0262343191133 0.128222495688 0.0635798530397 0.101481112582 0.0280903462606 0.0296866664977 0.0447966226616 
0.187172883673 0.0125260054228 0.00342972531358 0.0211428714265 0.0484796162554 0.0101155612543 0.0103370395912 0.015319665243 0.00711896390942 0.0438323013187 0.0460472626773 -0.00365937251781 0.0556452464097 -0.000673422332258 0.00609338374897 0.0355831537571 0.0150763537673 0.0328934933192 0.0215417349324 0.0253144193952 0.00887426644195 0.0149447982448 0.00735790209203 0.0236481578707 0.0150009378764 0.0113737213292 0.00400085478783 0.021393593589 0.010551125429 0.00416223006621 0.00919571644029 0.00262407212222 0.026322486858 0.00925223139645 0.0146224265172 -0.0145640368495 0.0175150655164 0.000238702869645 0.0181413489969 -0.00285718049161 
0.0125260054228 0.643163056578 -0.000481925445678 0.00082711170245 0.0338642669281 0.0372903765745 -0.00219485385015 0.01301042957 0.0739755181557 0.00739302364525 0.0101574734475 0.0281621545444 0.0239957208095 0.0336158240906 0.00494206502676 0.0124440980694 0.0245262272747 0.0483601382891 0.0170765495472 0.0324603747573 0.0176130260372 0.0319122104089 0.029931425394 0.0284426729013 0.00635553646813 0.0136231201873 0.00636858498843 0.0240922286905 0.0227424229122 0.0311165723487 0.00889869389596 0.0196545949892 0.0191706214222 0.0299949555072 0.0293729424839 0.010634108483 0.0230889800501 0.0209281810809 0.0144405495621 0.0525918859959 
0.00342972531358 -0.000481925445679 0.177408478992 0.0115001092856 0.00530884231622 0.00227947361563 0.010332883693 0.0113057982747 0.0197958827106 0.0065659883137 0.0115179615579 -0.0177309773109 0.00891354157884 0.0092056479205 0.00968865304793 -0.00186728111895 0.00390335536842 0.00431633426352 0.019685368173 0.0234535093558 0.0172683910336 0.00206785688131 0.0181983702593 0.00994831399405 0.00219800875838 0.0185821203284 -0.00425601372503 0.03735644707 0.00876069309044 0.00723524645054 0.0137303332344 0.0136108734845 0.000823722142366 0.00580347008187 0.0164243450378 0.0121147643653 0.0107594483591 0.0117755802026 0.0115823403299 0.0216125981199 
0.0211428714265 0.00082711170245 0.0115001092856 0.20208019615 -0.0021712381238 0.0150304189914 0.00499998559756 0.0172849501834 0.0220438703381 0.0109618668676 0.0295830254555 0.000626267777464 0.0179041144755 0.00411380455032 0.0150156934545 0.00695308072725 0.014670430888 0.0266068133623 0.0431590073248 0.0237370752613 0.0174722082394 0.0158272668762 0.0183630910456 0.0178310740229 0.0222186495677 0.00708000777144 0.00835128514455 -0.00050992733674 0.00967543135513 0.0216683741856 0.0156110044833 0.010567162985 0.019158681618 0.0460816598612 0.0200825744615 0.0233015952341 0.011121962376 0.0330865660411 0.0231587749446 0.0271100225106 
0.0484796162554 0.0338642669281 0.00530884231622 -0.0021712381238 0.538908468628 0.00679522899044 0.0128384568258 0.00843596977068 0.0319296605839 0.0991810726152 0.0332355363665 0.0672433899756 0.0378266829333 0.00576646386141 0.00292969739479 0.113966500265 0.0311156253282 0.0257758963899 0.00437025267531 0.0460158752801 0.0371690677336 0.0175310616029 0.0415987979733 0.0149016307578 0.014495932309 0.0283172485287 0.0209797360061 0.0290326455192 0.00464816013674 0.0094428280926 0.00864860352085 0.00990952315126 0.0349334273145 0.000746078320531 0.0355760799213 0.000950421932079 0.00457742413166 -0.0121445147528 0.0204612022532 0.00959797958224 
0.0101155612543 0.0372903765745 0.00227947361563 0.0150304189914 0.00679522899044 0.30883975837 -0.00107921874401 0.0107225575533 0.0390193108672 0.0052031674346 0.0226153411273 0.016071840316 0.024951681939 0.0245028149217 0.00170295305688 0.00204321293905 0.0236927997443 0.0144422108579 -0.00843370003499 0.0339679205272 0.0227581268068 0.0101746080431 0.00907289525628 0.00247615806467 0.0191699994884 0.00609932119561 0.00922766611665 0.0166022689831 0.0199600360824 0.011769327576 0.00604355965605 0.0101327229704 0.0355286173515 0.0135260826706 0.0528567864524 0.00514950496448 0.0176700318109 0.00464784159171 0.0125673746864 0.0264096972002 
0.0103370395912 -0.00219485385015 0.010332883693 0.00499998559756 0.0128384568258 -0.00107921874401 0.158017756673 0.0076068159563 0.0173798830739 0.0101245851303 0.0104991721702 -0.0168717041917 0.00518892682413 0.00744566877454 -0.00151480705066 0.00920041013117 -0.00186718579774 0.0130417858561 0.0219048117406 0.0204460780835 0.0131535351734 -0.00416063327048 0.00520785788451 0.019591814459 0.0224569746136 0.0138085825329 0.00648044503219 0.00682444830793 0.0132205542547 0.00771319714501 0.00120949478589 0.00964816360231 0.0126936959264 0.011076326095 0.0231530986416 0.0152500057133 0.00441006237774 0.0217417293974 0.0280015634394 0.0250835701897 
0.015319665243 0.01301042957 0.0113057982747 0.0172849501834 0.00843596977068 0.0107225575533 0.0076068159563 0.257054816304 0.0282428152218 0.0187945530051 0.0065795184252 0.0073284222963 0.0210304733265 0.0178765902135 0.00908771403267 0.0273004667477 0.0296412189862 0.0398519585662 0.0193673313404 0.0398609927945 0.0164101630911 -0.00923363480419 0.0106764731875 0.032575986698 0.0141883163304 0.0133520436865 0.00344689301614 -0.000450496490809 0.004603982367 0.00102836194656 0.0261611737087 0.0164551934064 0.0153112877006 0.0276015607751 0.0260179756112 0.02459730273 0.0192114289497 0.0284026957458 0.0366225517249 0.0455323964605 
0.00711896390942 0.0739755181557 0.0197958827106 0.0220438703381 0.0319296605839 0.0390193108672 0.0173798830739 0.0282428152218 0.624241812973 0.024788329088 0.00522803281657 0.0222438613817 -0.00393859216212 0.0164859209546 -0.00115456224592 0.0253731787715 0.0531802243653 0.0375631098582 0.0243375179181 0.0649789550151 0.0156648638329 0.00895478570513 0.0513371781373 0.0460868501673 0.0316722909357 0.0188838732306 0.0548706192753 0.057624852066 -0.0105538649491 0.00342674938471 0.0207173906853 0.00511327152816 0.0479968166409 0.0161945326729 0.0726586363385 0.0393317022942 0.0354511970498 0.0313639592039 0.0238908049986 0.0257068491889 
0.0438323013187 0.00739302364525 0.0065659883137 0.0109618668676 0.0991810726152 0.0052031674346 0.0101245851303 0.0187945530051 0.024788329088 0.200847241923 0.0243905592284 0.00700302658888 0.0308553327236 -0.00311849616215 0.00270220128954 0.103999745899 0.0178745293156 0.0112188824926 0.00839053502205 0.0274981396956 0.0186535875893 -0.00239361738397 0.0117627680444 0.0183029331503 0.00942271524886 0.00580515960917 0.0172485483425 0.0135192153956 0.00849783883439 0.0110669424226 0.00270553911304 0.00796187785781 0.0145378195138 0.0138359750204 0.0187184767685 0.00827475339943 0.00850138763895 -0.00212865601757 0.0205518752114 0.00149182097552 
0.0460472626773 0.0101574734475 0.0115179615579 0.0295830254555 0.0332355363665 0.0226153411273 0.0104991721702 0.0065795184252 0.00522803281657 0.0243905592284 0.195900137965 0.00460976659347 0.0606407305828 0.0183299216685 0.0108339388577 0.0214048119374 0.0109583985365 0.010004851028 0.0154215354111 0.0210325952978 0.00906814125541 0.00594155920007 0.0012212723008 0.0243682298146 0.0152358814597 0.0169622511441 0.0030510696637 0.0308582538169 0.021242722951 0.00853169759605 0.00746584679232 0.0080981595704 0.0318409687432 0.0114714689861 0.0175209362863 0.00684382506151 0.0163505312915 0.0187569769043 0.0196395322757 0.00598951270004 
-0.00365937251781 0.0281621545444 -0.0177309773109 0.000626267777464 0.0672433899756 0.016071840316 -0.0168717041917 0.0073284222963 0.0222438613817 0.00700302658888 0.00460976659347 1.03751230852 0.0322870158265 0.00163819294649 -0.00288973869611 0.0155031093086 -0.0191774305379 -0.0149705352156 -0.000939117577961 0.00801216778257 0.00125187867991 0.012454331573 0.114582327374 -0.00414682926004 -0.00522287673915 -0.00363076488632 0.0261051839086 -0.00706737892874 -0.0039604731753 0.00103999878566 0.00887273131201 0.00846313300998 0.00674308833052 -0.01352920275 0.00669690163371 -0.00394572516341 0.0099053929516 -0.00504915576451 0.00450884578095 0.0110453230024 
0.0556452464097 0.0239957208095 0.00891354157884 0.0179041144755 0.0378266829333 0.024951681939 0.00518892682413 0.0210304733265 -0.00393859216212 0.0308553327236 0.0606407305828 0.0322870158265 0.257543574441 0.0134330376855 0.00783929248523 0.0421153989847 0.0162340075171 0.0446945638763 0.0312680035976 0.0270216324287 0.0136959165411 0.0198265012522 0.012036947873 0.00496556841206 0.0164589330402 0.0182788835146 0.0153519806183 0.0217628130456 0.00652471891056 0.0159425391663 -0.00448408587576 0.00397705285811 0.0216720158486 0.0204070813354 0.0298799094389 0.011537237179 0.0242586961555 0.0216777703161 0.014329514579 0.00554339532597 
-0.000673422332258 0.0336158240906 0.0092056479205 0.00411380455032 0.00576646386141 0.0245028149217 0.00744566877454 0.0178765902135 0.0164859209546 -0.00311849616215 0.0183299216685 0.00163819294649 0.0134330376855 0.281802838233 -0.00122989966624 -0.000896174932472 -0.0122441426108 0.000280938353732 0.0145459230076 0.023478600393 0.0143491841657 0.00570419677491 0.0123579350824 0.0228973075928 0.00618947624376 0.00257634661511 -0.0028450654862 0.0176738430715 0.00782548704816 0.00260026292517 -0.000102140259411 0.00870574649597 0.0103676576614 0.000444798452019 0.00944585112733 0.0347830171518 0.0565125997634 0.0132821055371 0.00991556408489 0.0250635810075 
0.00609338374897 0.00494206502676 0.00968865304793 0.0150156934545 0.00292969739479 0.00170295305688 -0.00151480705066 0.00908771403267 -0.00115456224592 0.00270220128954 0.0108339388577 -0.00288973869611 0.00783929248523 -0.00122989966624 0.214970341579 0.00604975913836 0.001023654848 0.00210959265627 0.0110041042897 0.0193176654435 0.0200255854958 0.0105504881003 0.0106455538827 0.0151401103101 -0.00292552849675 0.0139639468384 0.0170042181841 0.00788179794066 0.0210531594686 0.000820444454144 0.00314061464669 0.0135130481083 0.0104129970845 0.0128671830674 0.00198223727344 0.0161262549361 -0.00309538169259 0.00472875939888 0.0158672659918 0.0201723484648 
0.0355831537571 0.0124440980694 -0.00186728111895 0.00695308072725 0.113966500265 0.00204321293905 0.00920041013117 0.0273004667477 0.0253731787715 0.103999745899 0.0214048119374 0.0155031093086 0.0421153989847 -0.000896174932471 0.00604975913836 0.226629306255 0.0101038454019 0.0125286426086 0.0101773429075 0.0230211298548 0.00776128623288 -0.0140015267441 0.0123605460824 0.00654625737584 0.00338598928352 0.00513354295071 0.00484942778282 0.0200519929367 0.00919363145289 0.0182259998011 0.00450407442533 0.00374119651042 0.0143518038217 0.000880300510313 0.016380275274 0.00245886861914 0.00809770817783 -0.0105372165941 0.020006959113 0.000617049312422 
0.0150763537673 0.0245262272747 0.00390335536842 0.014670430888 0.0311156253282 0.0236927997443 -0.00186718579774 0.0296412189862 0.0531802243653 0.0178745293156 0.0109583985365 -0.0191774305379 0.0162340075171 -0.0122441426108 0.001023654848 0.0101038454019 0.876691083168 0.0329571224281 0.0260337428229 0.0296818054594 0.0115300318698 0.0283594209702 0.0141612797463 0.0443315507776 0.026422203983 0.013524889685 0.0204660988666 -0.00757118282553 -0.0131663873625 0.0288220556692 0.00796320526662 0.00609113261382 0.0317657237193 0.0281103345634 0.0775900202602 0.0175872532537 0.00575533127031 0.0217393013052 0.0193619660385 0.0365819796329 
0.0328934933192 0.0483601382891 0.00431633426352 0.0266068133623 0.0257758963899 0.0144422108579 0.0130417858561 0.0398519585662 0.0375631098582 0.0112188824926 0.010004851028 -0.0149705352156 0.0446945638763 0.000280938353732 0.00210959265627 0.0125286426086 0.0329571224281 0.297785006668 0.0510788807731 0.044404036386 0.0334394669392 0.0097462030181 0.0214607953098 0.0321021936432 0.0340089296267 0.0244715467886 0.0222793407688 0.0364687424128 0.00140944281738 0.000202927689565 0.00252346841205 0.00901233727092 0.0195908221557 0.0483162617738 0.0349960516577 0.046244026298 0.0133922635539 0.0658190831159 0.0313724176721 0.0259231324707 
0.0215417349324 0.0170765495472 0.019685368173 0.0431590073248 0.00437025267531 -0.00843370003499 0.0219048117406 0.0193673313404 0.0243375179181 0.00839053502205 0.0154215354111 -0.000939117577961 0.0312680035976 0.0145459230076 0.0110041042897 0.0101773429075 0.0260337428229 0.0510788807731 0.198436226855 0.0317277817435 0.017118439501 0.0251957076673 0.0106658286714 0.0121672732161 0.0362237113234 0.0135876804039 0.022920970584 0.010486865227 0.00889348688515 0.00963634382667 0.00784538472672 0.0195265354134 0.0294812079448 0.0304958098414 0.0198989681704 0.0291316807937 0.00209461147049 0.0420403813678 0.0303123348916 0.0197266778148 
0.0253144193952 0.0324603747573 0.0234535093558 0.0237370752613 0.0460158752801 0.0339679205272 0.0204460780835 0.0398609927945 0.0649789550151 0.0274981396956 0.0210325952978 0.00801216778257 0.0270216324287 0.023478600393 0.0193176654435 0.0230211298548 0.0296818054594 0.044404036386 0.0317277817435 0.302290249518 0.0442551009344 0.0166619982401 0.0325508191501 0.0646272865598 0.0540109148369 0.018400008235 0.0512230509397 0.028157445324 0.00655787916695 0.0124420846285 0.0211647625935 0.0100957151365 0.0949064158564 0.0285633672397 0.0710021449579 0.0539201774929 0.00223953403559 0.0433136363952 0.0441007611105 0.0388606388859 
0.00887426644195 0.0176130260372 0.0172683910336 0.0174722082394 0.0371690677336 0.0227581268068 0.0131535351734 0.0164101630911 0.0156648638329 0.0186535875892 0.00906814125541 0.00125187867991 0.0136959165411 0.0143491841657 0.0200255854958 0.00776128623288 0.0115300318698 0.0334394669392 0.017118439501 0.0442551009344 0.252280283703 0.0116041641366 0.048319115774 0.022422495982 0.021609035501 0.0157582363988 0.029054936321 0.00897077258294 0.00813966677187 -0.000473894566918 -0.0064951611124 0.0198764154777 0.0252285643375 0.0125842984141 0.0226243979084 0.0144462525206 -0.012821641868 0.000601536302317 0.0222324579525 0.0401058040347 
0.0149447982448 0.0319122104089 0.00206785688131 0.0158272668762 0.0175310616029 0.0101746080431 -0.00416063327048 -0.00923363480419 0.00895478570513 -0.00239361738397 0.00594155920007 0.012454331573 0.0198265012522 0.00570419677491 0.0105504881003 -0.0140015267441 0.0283594209702 0.0097462030181 0.0251957076673 0.0166619982401 0.0116041641366 0.404161689943 0.0108775598662 0.0301233224747 0.0201229377184 0.0185919354044 0.0286337839038 0.00358961166068 0.00616411091534 0.0212577372017 0.0219507874368 0.0105230450547 0.0185723188223 0.0206761712496 0.00261793341577 0.0123151726974 0.0195085683691 0.0186966527211 0.0118068980005 0.0154248021028 
0.00735790209203 0.029931425394 0.0181983702593 0.0183630910456 0.0415987979733 0.00907289525628 0.00520785788451 0.0106764731875 0.0513371781373 0.0117627680444 0.0012212723008 0.114582327374 0.012036947873 0.0123579350824 0.0106455538827 0.0123605460824 0.0141612797463 0.0214607953098 0.0106658286714 0.0325508191501 0.048319115774 0.0108775598662 0.203872343234 0.0172105668911 0.0171609030781 0.00408222675828 0.0262886439955 0.0124368840635 0.0112039801862 0.00298524182823 0.0132465229896 0.0137661725981 0.0213973998924 0.00730008948823 0.0188205309438 0.0101970639217 0.0052166364345 0.0252127784253 0.0234981263541 0.00437832198013 
0.0236481578707 0.0284426729013 0.00994831399405 0.0178310740229 0.0149016307578 0.00247615806467 0.019591814459 0.032575986698 0.0460868501673 0.0183029331503 0.0243682298146 -0.00414682926004 0.00496556841206 0.0228973075928 0.0151401103101 0.00654625737584 0.0443315507776 0.0321021936432 0.0121672732161 0.0646272865598 0.022422495982 0.0301233224747 0.0172105668911 0.525813406508 0.0462747041989 0.017426127292 0.052194226045 0.0266841795143 -0.00883600926903 0.0192229058972 0.0076653026052 0.00829165430957 0.0233856367185 0.0117330978381 0.0607161025987 0.0243150115349 0.00302900875815 0.0168757035741 0.0342481827266 0.0476093287394 
0.0150009378764 0.00635553646813 0.00219800875838 0.0222186495677 0.014495932309 0.0191699994884 0.0224569746136 0.0141883163304 0.0316722909357 0.00942271524886 0.0152358814597 -0.00522287673915 0.0164589330402 0.00618947624376 -0.00292552849675 0.00338598928352 0.026422203983 0.0340089296267 0.0362237113234 0.0540109148369 0.021609035501 0.0201229377184 0.0171609030781 0.0462747041989 0.227754376343 0.0182217037247 0.0222476736928 0.0199928398888 -0.00866794031921 0.00582276781384 0.022973267059 0.0193245609655 0.0332477780683 0.0212651666734 0.0439386754457 0.0224553105451 0.00207214942345 0.0147908163786 0.0329932387622 0.0281960965799 
0.0113737213292 0.0136231201873 0.0185821203284 0.00708000777144 0.0283172485287 0.00609932119561 0.0138085825329 0.0133520436865 0.0188838732306 0.00580515960917 0.0169622511441 -0.00363076488632 0.0182788835146 0.00257634661511 0.0139639468384 0.00513354295071 0.013524889685 0.0244715467886 0.0135876804039 0.018400008235 0.0157582363988 0.0185919354044 0.00408222675828 0.017426127292 0.0182217037247 0.245888639397 0.0138682884982 0.0120247530465 0.00533753234936 0.0163288558873 0.0173961787496 0.0162299026514 0.0188196171215 0.0059816234397 0.0226960652664 0.0246476197449 -0.00149414229901 0.0135357096815 0.0156157022378 0.0349970734848 
0.00400085478783 0.00636858498843 -0.00425601372503 0.00835128514455 0.0209797360061 0.00922766611665 0.00648044503219 0.00344689301614 0.0548706192753 0.0172485483425 0.0030510696637 0.0261051839086 0.0153519806183 -0.0028450654862 0.0170042181841 0.00484942778282 0.0204660988666 0.0222793407688 0.022920970584 0.0512230509397 0.029054936321 0.0286337839038 0.0262886439955 0.052194226045 0.0222476736928 0.0138682884982 0.478176143801 0.0268442444333 0.00120354124547 0.0119881646106 0.0216529250693 0.0140388507665 0.0295196776971 0.0192026183118 0.0487738847905 0.0199336818155 0.0320425532837 0.0328582335359 0.0354704999781 0.0352669400533 
0.021393593589 0.0240922286905 0.03735644707 -0.00050992733674 0.0290326455192 0.0166022689831 0.00682444830793 -0.000450496490809 0.057624852066 0.0135192153956 0.0308582538169 -0.00706737892874 0.0217628130456 0.0176738430715 0.00788179794066 0.0200519929367 -0.00757118282553 0.0364687424128 0.010486865227 0.028157445324 0.00897077258294 0.00358961166068 0.0124368840635 0.0266841795143 0.0199928398888 0.0120247530465 0.0268442444333 1.07154127283 0.0174348637285 0.00195045484071 0.0613272620133 0.00377025881898 0.0177234849684 0.0175109611863 0.0443734984208 0.0118807429312 0.0100594053262 0.0163409513606 0.012146664117 0.028455175789 
0.010551125429 0.0227424229122 0.00876069309044 0.00967543135513 0.00464816013674 0.0199600360824 0.0132205542547 0.004603982367 -0.0105538649491 0.00849783883439 0.021242722951 -0.0039604731753 0.00652471891056 0.00782548704816 0.0210531594686 0.00919363145289 -0.0131663873625 0.00140944281738 0.00889348688515 0.00655787916695 0.00813966677187 0.00616411091534 0.0112039801862 -0.00883600926903 -0.00866794031921 0.00533753234936 0.00120354124547 0.0174348637285 0.193922345284 0.0316992799742 0.0112458773759 0.0179371864522 0.0139823212607 0.0165540512992 0.0133934948138 0.000635725948419 0.0037167387186 0.0150592852575 0.0114110855137 0.00863578716492 
0.00416223006621 0.0311165723487 0.00723524645054 0.0216683741856 0.0094428280926 0.011769327576 0.00771319714501 0.00102836194656 0.00342674938471 0.0110669424226 0.00853169759605 0.00103999878566 0.0159425391663 0.00260026292517 0.000820444454144 0.0182259998011 0.0288220556692 0.000202927689565 0.00963634382667 0.0124420846285 -0.000473894566918 0.0212577372017 0.00298524182823 0.0192229058972 0.00582276781384 0.0163288558873 0.0119881646106 0.00195045484071 0.0316992799742 0.309615656157 -0.00987871389781 0.0136164258716 0.0222820921944 0.00579936729912 0.0135197520547 0.0058732073603 -0.0139459004316 0.0218734529113 0.00468642651121 0.0236685654002 
0.00919571644029 0.00889869389596 0.0137303332344 0.0156110044833 0.00864860352085 0.00604355965605 0.00120949478589 0.0261611737087 0.0207173906853 0.00270553911304 0.00746584679232 0.00887273131201 -0.00448408587576 -0.000102140259411 0.00314061464669 0.00450407442533 0.00796320526662 0.00252346841205 0.00784538472672 0.0211647625935 -0.0064951611124 0.0219507874368 0.0132465229896 0.0076653026052 0.022973267059 0.0173961787496 0.0216529250693 0.0613272620133 0.0112458773759 -0.00987871389781 0.246018554552 0.0070507225596 0.019700274474 0.00868545831831 0.0203154041063 0.0102444637231 0.0171970665449 0.00992174933877 0.00291483004508 0.0208679242884 
0.00262407212221 0.0196545949892 0.0136108734845 0.010567162985 0.00990952315126 0.0101327229704 0.00964816360231 0.0164551934064 0.00511327152816 0.00796187785781 0.0080981595704 0.00846313300998 0.00397705285811 0.00870574649597 0.0135130481083 0.00374119651042 0.00609113261382 0.00901233727092 0.0195265354134 0.0100957151365 0.0198764154777 0.0105230450547 0.0137661725981 0.00829165430957 0.0193245609655 0.0162299026514 0.0140388507665 0.00377025881898 0.0179371864522 0.0136164258716 0.0070507225596 0.110734564374 0.0191252486777 0.0149912644442 0.0135369651065 0.0156232854612 0.00812739692435 0.01033924611 0.0228296259163 0.008595266684 
0.026322486858 0.0191706214222 0.000823722142365 0.019158681618 0.0349334273145 0.0355286173515 0.0126936959264 0.0153112877006 0.0479968166409 0.0145378195138 0.0318409687432 0.00674308833052 0.0216720158486 0.0103676576614 0.0104129970845 0.0143518038217 0.0317657237193 0.0195908221557 0.0294812079448 0.0949064158564 0.0252285643375 0.0185723188223 0.0213973998924 0.0233856367185 0.0332477780683 0.0188196171215 0.0295196776971 0.0177234849684 0.0139823212607 0.0222820921944 0.019700274474 0.0191252486777 0.190120663062 0.0172307692086 0.045679601879 0.0373058730536 0.00934702734101 0.0292931987951 0.0290917136079 0.0234678120621 
0.00925223139645 0.0299949555072 0.00580347008187 0.0460816598612 0.000746078320532 0.0135260826706 0.011076326095 0.0276015607751 0.0161945326729 0.0138359750204 0.0114714689861 -0.01352920275 0.0204070813354 0.000444798452019 0.0128671830674 0.000880300510312 0.0281103345634 0.0483162617738 0.0304958098414 0.0285633672397 0.0125842984141 0.0206761712496 0.00730008948823 0.0117330978381 0.0212651666734 0.0059816234397 0.0192026183118 0.0175109611863 0.0165540512992 0.00579936729912 0.00868545831831 0.0149912644442 0.0172307692086 0.173302696589 0.0138726305481 0.0494013403209 0.00429949819266 0.0469216164344 0.0367699254688 0.0189365029496 
0.0146224265172 0.0293729424839 0.0164243450378 0.0200825744615 0.0355760799213 0.0528567864524 0.0231530986416 0.0260179756112 0.0726586363385 0.0187184767685 0.0175209362863 0.00669690163371 0.0298799094389 0.00944585112733 0.00198223727344 0.016380275274 0.0775900202602 0.0349960516577 0.0198989681704 0.0710021449579 0.0226243979084 0.00261793341577 0.0188205309438 0.0607161025987 0.0439386754457 0.0226960652664 0.0487738847905 0.0443734984208 0.0133934948138 0.0135197520547 0.0203154041063 0.0135369651065 0.045679601879 0.0138726305481 0.525513508791 0.038974567748 0.0350217094314 0.0354818007284 0.0177643961685 0.0304600207988 
-0.0145640368495 0.010634108483 0.0121147643653 0.0233015952341 0.000950421932079 0.00514950496448 0.0152500057133 0.02459730273 0.0393317022942 0.00827475339943 0.00684382506151 -0.00394572516341 0.011537237179 0.0347830171518 0.0161262549361 0.00245886861914 0.0175872532537 0.046244026298 0.0291316807937 0.0539201774929 0.0144462525206 0.0123151726974 0.0101970639217 0.0243150115349 0.0224553105451 0.0246476197449 0.0199336818155 0.0118807429312 0.000635725948419 0.0058732073603 0.0102444637231 0.0156232854612 0.0373058730536 0.0494013403209 0.038974567748 0.460034091036 0.0256179606185 0.0442993634097 0.039217618647 0.0179723955458 
0.0175150655164 0.0230889800501 0.0107594483591 0.011121962376 0.00457742413166 0.0176700318109 0.00441006237774 0.0192114289497 0.0354511970498 0.00850138763895 0.0163505312915 0.0099053929516 0.0242586961555 0.0565125997634 -0.00309538169259 0.00809770817783 0.0057553312703 0.0133922635539 0.00209461147049 0.00223953403559 -0.012821641868 0.0195085683691 0.0052166364345 0.00302900875815 0.00207214942345 -0.00149414229901 0.0320425532837 0.0100594053262 0.0037167387186 -0.0139459004316 0.0171970665449 0.00812739692435 0.00934702734101 0.00429949819266 0.0350217094314 0.0256179606185 0.924277191209 0.0189609602038 0.0171575570447 0.0123101478921 
0.000238702869645 0.0209281810809 0.0117755802026 0.0330865660411 -0.0121445147528 0.00464784159171 0.0217417293974 0.0284026957458 0.0313639592039 -0.00212865601757 0.0187569769043 -0.00504915576451 0.0216777703161 0.0132821055371 0.00472875939888 -0.0105372165941 0.0217393013052 0.0658190831159 0.0420403813678 0.0433136363952 0.000601536302317 0.0186966527211 0.0252127784253 0.0168757035741 0.0147908163786 0.0135357096815 0.0328582335359 0.0163409513606 0.0150592852575 0.0218734529113 0.00992174933877 0.01033924611 0.0292931987951 0.0469216164344 0.0354818007284 0.0442993634097 0.0189609602038 0.23921827185 0.0358932712223 0.00713732476793 
0.0181413489969 0.0144405495621 0.0115823403299 0.0231587749446 0.0204612022532 0.0125673746864 0.0280015634394 0.0366225517249 0.0238908049986 0.0205518752114 0.0196395322757 0.00450884578095 0.014329514579 0.00991556408489 0.0158672659918 0.020006959113 0.0193619660385 0.0313724176721 0.0303123348916 0.0441007611105 0.0222324579525 0.0118068980005 0.0234981263541 0.0342481827266 0.0329932387622 0.0156157022378 0.0354704999781 0.012146664117 0.0114110855137 0.00468642651121 0.00291483004508 0.0228296259163 0.0290917136079 0.0367699254688 0.0177643961685 0.039217618647 0.0171575570447 0.0358932712223 0.221086918591 0.0203535235385 
-0.00285718049161 0.0525918859959 0.0216125981199 0.0271100225106 0.00959797958224 0.0264096972002 0.0250835701897 0.0455323964605 0.0257068491889 0.00149182097552 0.00598951270004 0.0110453230024 0.00554339532597 0.0250635810075 0.0201723484648 0.000617049312422 0.0365819796329 0.0259231324707 0.0197266778148 0.0388606388859 0.0401058040347 0.0154248021028 0.00437832198013 0.0476093287394 0.0281960965799 0.0349970734848 0.0352669400533 0.028455175789 0.00863578716492 0.0236685654002 0.0208679242884 0.008595266684 0.0234678120621 0.0189365029496 0.0304600207988 0.0179723955458 0.0123101478921 0.00713732476793 0.0203535235385 0.273728815868 

['D', 'MU', 'HCR', 'ASO', 'BJS', 'EMC', 'KMB', 'CMCSA', 'GLW', 'XOM', 'TE', 'UIS', 'EIX', 'IPG', 'HNZ', 'CVX', 'AAPL', 'NTRS', 'NCC', 'LEH', 'UTX', 'CPWR', 'AVY', 'BBY', 'HD', 'EOP', 'EK', 'RHI', 'MKC', 'SVU', 'AT', 'KO', 'MER', 'MI', 'NTAP', 'FNM', 'CSCO', 'FITB', 'AXP', 'MAR']