20
0.0223482457603 0.0247746242904 0.0206012582373 0.005148759701 0.0192488530763 0.0451551332239 0.0054327763703 0.0716450377603 0.0785675118811 0.0202574279786 0.0357981155146 0.0878126089614 0.044344522835 0.123248136701 0.251790956204 0.132143501856 0.0952892642352 0.0395396308246 0.116988452624 0.0861911318708 
0.229480772454 0.038674519814 0.0184677664212 0.0149944714245 0.0184545628385 -0.0104078628505 0.0145919595529 0.0170583931883 0.00372826393138 0.0211453352864 0.0194032185593 0.0176439767178 0.0278200333631 0.0203408386325 0.00300874111431 -0.000552043058156 -0.0118890354235 0.0140686009118 0.0363049237642 0.0357600330519 
0.038674519814 0.192277868787 0.0233025338868 0.00120671557223 0.0234674464078 0.00565506628667 0.00800982069936 0.0132386355248 0.0284639923063 0.0246962294909 0.0131729295297 0.0209834396845 0.0273636653194 0.0256344818569 0.0258258187596 0.0209295431794 0.00365683855269 0.0174234445724 0.0221290359164 0.052155797544 
0.0184677664212 0.0233025338868 0.198699606831 0.00566114038738 0.01729934188 0.00813604406786 0.0191005020958 0.00208195335935 0.014366760553 0.0307757926282 0.0252812955248 0.0128801235971 0.0381425078922 0.0283870455141 0.011835525232 0.0326647119712 0.0254057509411 0.0178661694562 0.0256627717572 0.0275574998325 
0.0149944714245 0.00120671557223 0.00566114038738 0.233437956952 0.0360183488102 0.0257783799311 0.0189610256901 0.0165639962124 0.0105505404068 0.0101943229225 0.0242911442624 0.00707888272891 0.00943640714789 0.020200894299 0.00407567717332 0.014907204857 0.0297998711811 0.0110530226895 0.00981094322169 0.00616634508266 
0.0184545628385 0.0234674464078 0.01729934188 0.0360183488102 0.143082602056 0.0138939370715 0.0145641240606 0.000907022336076 0.0145113302255 0.0164000784431 0.0274376976985 0.00175596931277 0.0132829050746 0.00996948256181 0.0060679151702 0.00997493394028 0.0106718540379 0.0134774900192 0.01010989202 0.00798907455588 
-0.0104078628505 0.00565506628668 0.00813604406786 0.0257783799311 0.0138939370715 0.305685038541 0.00947365115622 0.0125785162751 0.0140741097001 0.0149895870325 0.0123697485392 0.0121022372154 0.0153139874838 0.0292357158723 0.0101637682483 0.0313733142618 0.0625150299089 0.0124016062637 0.0166726383395 0.0143408377967 
0.0145919595529 0.00800982069936 0.0191005020958 0.0189610256901 0.0145641240606 0.00947365115622 0.195517707538 0.0063089878777 0.0160612428313 0.0258244040136 0.0226200815243 0.0136266735457 0.0219799137926 0.0229947999706 -0.00180171253288 0.0137220927924 0.00586290480679 0.0203773091366 0.0292134360812 0.00279050660238 
0.0170583931883 0.0132386355248 0.00208195335935 0.0165639962124 0.000907022336076 0.0125785162751 0.0063089878777 0.471607373261 0.013503737558 0.0217573056576 0.015493894529 0.0232039670813 0.0276535052383 0.012693455747 0.0383340625497 0.0131676586473 0.016285762834 0.0179857685985 0.000155865948788 0.0298983346083 
0.00372826393138 0.0284639923063 0.014366760553 0.0105505404068 0.0145113302255 0.0140741097001 0.0160612428313 0.013503737558 0.541354586544 0.034333871296 0.00410412658693 0.0147516527386 0.024272533454 0.00810753029093 0.0170689522078 0.00699117375805 0.0617607179483 0.0318254457807 0.038220228844 0.0235620012162 
0.0211453352864 0.0246962294909 0.0307757926282 0.0101943229225 0.0164000784431 0.0149895870325 0.0258244040136 0.0217573056576 0.034333871296 0.28410610709 0.00935948683278 0.0435746269375 0.0582627740956 0.0390555831861 0.0454209642304 0.0409282061163 0.0366976258571 0.0332043960726 0.028585042547 0.0405093977768 
0.0194032185593 0.0131729295297 0.0252812955248 0.0242911442624 0.0274376976985 0.0123697485392 0.0226200815243 0.015493894529 0.00410412658693 0.00935948683278 0.263828098896 0.0219453537913 0.0343518534828 0.0355067247948 -0.00201517403068 0.00969407580226 0.00611080031238 0.0345659908191 0.0306335147291 0.0103692560027 
0.0176439767178 0.0209834396845 0.0128801235971 0.00707888272891 0.00175596931277 0.0121022372154 0.0136266735457 0.0232039670813 0.0147516527386 0.0435746269375 0.0219453537913 0.492320941483 0.0271001343408 0.0494611017252 0.0315022813115 0.0225877086088 0.0296727680981 0.0175972359299 0.0412975481619 0.0222173738698 
0.0278200333631 0.0273636653194 0.0381425078922 0.00943640714789 0.0132829050746 0.0153139874838 0.0219799137926 0.0276535052383 0.024272533454 0.0582627740956 0.0343518534828 0.0271001343408 0.216155616171 0.0478122479551 0.0614958980724 0.0359404379732 0.0268608352096 0.0208745984421 0.051243068823 0.0426176185386 
0.0203408386325 0.0256344818569 0.0283870455141 0.020200894299 0.00996948256181 0.0292357158723 0.0229947999706 0.012693455747 0.00810753029093 0.0390555831861 0.0355067247948 0.0494611017252 0.0478122479551 0.482218981033 0.035225196948 0.0294674972667 0.0497466069105 0.00465311372092 0.0479879966332 0.023969039181 
0.00300874111431 0.0258258187596 0.011835525232 0.00407567717332 0.0060679151702 0.0101637682483 -0.00180171253288 0.0383340625497 0.0170689522078 0.0454209642304 -0.00201517403068 0.0315022813115 0.0614958980724 0.035225196948 2.08081504797 0.0503051935903 0.00505470840295 0.0500872338793 0.0284429919071 0.0190598730957 
-0.000552043058156 0.0209295431794 0.0326647119712 0.014907204857 0.00997493394028 0.0313733142618 0.0137220927924 0.0131676586473 0.00699117375805 0.0409282061163 0.00969407580226 0.0225877086088 0.0359404379732 0.0294674972667 0.0503051935903 0.499119565715 0.0250306752198 0.0133273563349 0.0824987100886 0.0458448196536 
-0.0118890354235 0.00365683855269 0.0254057509411 0.0297998711811 0.0106718540379 0.0625150299089 0.00586290480679 0.016285762834 0.0617607179483 0.0366976258571 0.00611080031238 0.0296727680981 0.0268608352096 0.0497466069105 0.00505470840295 0.0250306752198 0.508145019595 0.010875845235 0.0184979936178 0.000370595586585 
0.0140686009118 0.0174234445724 0.0178661694562 0.0110530226895 0.0134774900192 0.0124016062637 0.0203773091366 0.0179857685985 0.0318254457807 0.0332043960726 0.0345659908191 0.0175972359299 0.0208745984421 0.00465311372092 0.0500872338793 0.0133273563349 0.010875845235 0.30301308974 0.0311964848807 0.0282672991424 
0.0363049237642 0.0221290359164 0.0256627717572 0.00981094322169 0.01010989202 0.0166726383395 0.0292134360812 0.000155865948788 0.038220228844 0.028585042547 0.0306335147291 0.0412975481619 0.051243068823 0.0479879966332 0.0284429919071 0.0824987100886 0.0184979936178 0.0311964848807 0.48263098349 0.0257777193347 
0.0357600330519 0.052155797544 0.0275574998325 0.00616634508265 0.00798907455588 0.0143408377967 0.00279050660238 0.0298983346083 0.0235620012162 0.0405093977768 0.0103692560027 0.0222173738698 0.0426176185386 0.023969039181 0.0190598730957 0.0458448196536 0.000370595586584 0.0282672991424 0.0257777193347 0.415646630202 

['CMA', 'VZ', 'DD', 'WWY', 'K', 'BCR', 'CCU', 'SYMC', 'F', 'APCC', 'WAG', 'NVLS', 'DOV', 'GILD', 'BRCM', 'WFT', 'JCI', 'YUM', 'FLR', 'HPQ']