60
0.0755152896869 0.07971303899 0.0708595176859 0.0307440439862 0.0484031048171 0.162626926374 0.0253425298527 0.0446705301477 0.0800378705657 0.0309081568087 0.0565521495323 0.123926899062 0.0297209295042 0.0466468708745 0.0380825412642 0.119859861498 0.067654701563 0.0420146984796 0.0144645316835 0.149246593495 0.0206012582373 0.0669692816613 0.166074759161 0.107238949757 0.0535662105727 0.0522861094618 0.188050706821 0.0715007016099 0.080285366307 0.0188066159349 0.0374431650663 0.128413882411 0.0247746242904 0.0909027791802 0.0613427887106 0.0223482457603 0.0414012394119 0.0793031051092 0.022286409141 0.0266042550295 0.0690415105338 0.0383245101253 0.0210495138202 0.023015295127 0.0623593213805 0.0418020448473 0.0878126089614 0.0273717205438 0.0788996306534 0.0612619406497 0.0355019489908 0.197480990077 0.0540864966038 0.0333203023267 0.0785675118811 0.0391901687574 0.0852779749864 0.106415927512 0.0298565853869 0.0316848802341 
0.78482132235 0.060603712435 0.00375654938472 0.007895566303 0.0134271803172 0.00931522578143 0.0225943257188 0.0113999943784 -0.00497665725589 0.00885370333576 0.00372205145752 0.00592925360472 0.0177278006525 0.0345503055721 0.0139482808555 0.00874578447426 0.0148559094406 -0.00764769945787 -0.00195598239672 0.0010934659607 0.00368135741655 0.0166274601567 0.0994505004685 0.0223972412308 0.0326780850484 0.0024449061799 0.0012385630605 0.0220306326778 0.00736734955314 -0.00573707889954 0.0224602735211 0.0743587028945 0.0218916738221 -0.00746964879087 0.0221947835454 0.0127748658138 0.0152869147375 0.00640731244271 -0.00297253222426 0.00219082782636 0.00357547922768 0.00780279587869 0.000609634951506 0.000995651407304 0.0107268110148 -0.0134702386219 0.00273530478276 0.00445484919085 0.0134810686562 0.0013465372341 0.0388399146118 -0.012022501062 0.0178807778104 0.046376305123 -0.00148984984059 -0.00450762946182 0.0258279672325 0.00601728785012 0.00515189327566 0.00418270334743 
0.060603712435 0.471894673027 0.0358340438245 0.0170139682904 0.00877299035354 0.00818087755854 0.0115714980763 0.00342390481946 0.013900560296 0.0138775805767 0.024216349841 0.00913591418453 0.000896964136569 0.00719248305653 0.017237900403 0.0159083731633 0.0132685270427 0.00831978398995 0.00357931858498 0.0130383312736 0.0129740813896 0.0213830152255 0.0513831122132 0.0287294153532 0.0107244894567 0.0192211607184 0.0113994237761 -0.0047058213687 0.0198670163276 -0.00199178978173 0.0026330479925 0.0103284315431 0.0229863955946 0.0113946045953 0.00202443124614 0.0108071154066 0.00144019636741 0.0182790461931 0.00288079963959 -0.00298739360429 0.0143403641578 0.0299038277861 0.0260253197479 0.0032477763234 0.0305798520771 0.0203883636554 0.00371519418655 0.0160848260837 -0.000685973438045 9.49363114157e-06 0.016338730259 0.00799914264307 0.0289156138846 0.0198704125527 0.0643411172755 0.0160704032831 0.124547565037 -0.000687752230111 0.0112922060755 0.00601808327427 
0.00375654938471 0.0358340438245 0.386767139955 0.00212520495966 0.0138733788457 0.0689450192587 0.000826385827254 0.00207814396861 0.00822338534509 0.0209347018404 0.0185219204201 -0.0134087639525 0.00945387941614 0.0216143310416 0.0509424853589 0.0124298743171 0.00410432664374 0.0110412741527 0.0158952241021 0.00722340294294 0.015625420544 -0.0188572386277 -0.000659953200827 0.00519427447387 0.00899512308477 -0.000638482645574 0.00643825626984 -0.0029531864422 0.0189114711337 -0.000398942303605 0.0122664009744 -0.00332785116138 0.00502888711772 0.0245415177463 0.000550190061326 0.0154686167851 0.0170248462539 0.00714709889878 0.00460298150805 0.00316381500026 -0.000186476879364 0.00680732424023 0.0230614367965 0.0248124828366 0.0166965432046 0.0108977233198 -0.0176142409421 0.00724606865744 -0.00990369132831 0.0307825652145 0.00123134346076 -0.00881895386968 0.00182484202107 0.0130881010212 -0.00724535808762 0.00868864238219 0.0725116781638 0.0259732551957 0.0180559732275 0.0128593696794 
0.007895566303 0.0170139682904 0.00212520495966 0.224942204474 0.019291708147 0.00183647657892 0.0157631227265 0.0142592810947 0.0074528720609 0.0169604995461 0.0135075830356 0.0175372851775 0.0151306261492 0.0134816481659 0.00362421956285 0.0196112378022 0.0276907993091 0.0235681298102 0.0109662676534 0.0239358495735 0.0212864902364 0.0197063094506 0.0398660659495 0.038332828061 0.0596913041901 0.0265719521525 0.0140546074849 0.0137419250808 0.0194940714336 0.0204959383533 0.024849616891 0.0288757962503 0.0241967631533 0.0145498966556 0.0129234114703 0.0264107292229 0.034771362943 0.0218228813015 0.00565002132611 0.0211902149138 0.0223635189771 0.0268567833893 -0.000887167985399 0.0253880713853 0.011178401472 0.0314111054646 0.00693864205568 0.00826358442668 -0.00280070243436 0.0259846918427 0.0184338097057 0.012390907301 0.0146468880141 0.0325373655625 0.0207512045145 0.0102450119627 0.0189581436099 0.0269610235509 0.0232315231811 0.0215640902491 
0.0134271803172 0.00877299035354 0.0138733788457 0.019291708147 0.25129796666 0.026730559946 0.0250000397941 0.0241542941439 0.0282326339008 0.00467943397719 0.0319559381371 0.0159314003076 0.0160371552902 0.00364658673078 0.0165142999433 0.0161813511168 0.00149607369276 0.0208790611424 0.00141545667801 0.0405491033542 0.0350915977582 0.0198652618039 0.0518254483334 0.0344657982622 0.0191093422997 0.0463003731556 0.0367520668085 0.0031905794354 0.029512034611 0.0108282019729 0.00723587378142 0.033113773554 0.0132895237888 0.0144987998864 0.0130663078706 0.0162444462207 0.0248520681375 0.0183521759576 -0.011565442821 0.0101662321983 0.0349821406556 0.0177018501105 0.0105671176962 0.0128109174835 0.0185583368285 0.0249349995329 0.0177952441985 0.0113696041211 0.0185875785806 0.00274474263065 0.0113650154015 0.0168447327314 0.0107017683204 0.00708378823012 0.0201618130717 0.0234890436788 0.0185262410709 0.0284624065795 0.00582386515009 0.0213474551254 
0.00931522578143 0.00818087755854 0.0689450192587 0.00183647657892 0.026730559946 1.11623102 -0.0109733991098 0.000432285140146 0.0163372824975 0.000631448265343 0.0498491448844 -0.0043228405579 -0.00887831597526 0.0365068070041 0.000174395853169 0.0035600155692 -0.0105002026683 0.0533753703706 0.0233234614145 0.0611055808533 0.0110994914875 0.00711401769642 0.0241715135598 0.0320224498651 0.0073408825068 0.0311672888564 -0.00289679328683 0.0265365200276 0.0920097939191 0.0103253559789 -0.00312571207976 0.0417236527101 -0.00102740874038 -0.0111534430141 0.0124129094869 0.00663907496482 0.0252487602408 0.000400627457763 0.00331544449605 0.00877238837995 0.0154546845267 0.00941561488103 0.00925101819365 0.00576523497142 0.0507970726717 0.0135963647646 -0.00863016592428 0.0192416861611 -0.0113524775527 0.0253395883431 -0.00552706998877 0.0156301905002 -0.00692777291757 0.0115553815686 -0.00133699746599 -0.000948507622444 0.00378101674152 -0.0096280296458 0.0158818151528 0.046965151478 
0.0225943257188 0.0115714980763 0.000826385827254 0.0157631227264 0.0250000397941 -0.0109733991098 0.185638814371 0.0254741320349 0.00474666382078 0.0073734282658 0.0053931761294 0.0038085941569 0.0103698941613 0.0144676239837 0.00942877126299 0.00324981373019 0.0229108062434 0.00189050725913 0.00495552686354 0.0175089098073 0.00537623001832 0.019161017051 0.0131387998014 0.0169854781546 0.0196345292019 0.0145494554938 0.0280578600185 0.0116007680826 0.00454790990463 0.0227721305947 0.0361108936652 -0.000715395179575 0.0145966019927 -0.00620583003964 0.00525745869342 0.0134050477132 0.00961762420756 0.022682236349 0.00579397996539 0.0149435310439 0.0280404429279 0.00421222551689 0.0097154219539 0.0203935124523 0.0102511681804 0.0097333802763 0.0120332255143 0.0156014298277 0.00949215412258 0.0189609977293 0.00318932695743 0.00767786599692 0.0154119597975 0.0201020494348 0.0193420888233 0.000142451709871 -0.00114906846848 0.017849168885 0.0115962035454 0.0144129358346 
0.0113999943784 0.00342390481946 0.00207814396861 0.0142592810947 0.0241542941439 0.000432285140146 0.0254741320349 0.3103242345 0.0192376092363 0.00665544317932 0.0250460799471 -0.00332819017309 0.00894422210003 0.013224031522 0.0197703030399 0.0204660973133 -0.0115902341572 0.0169140850178 0.022275071663 0.0187234106985 0.0262974297122 0.0396893161558 0.0237157828301 0.0179860518681 0.00978054575858 0.0262840460741 0.0413699102062 0.0369892464498 0.0100634071404 0.016665690404 0.0193601261025 0.00894807774212 0.0208411240927 -0.00236412455137 0.0190552942057 0.00166241050761 0.0062164152204 0.0033442482851 -0.000356342705321 0.0162087118225 0.0287931972481 0.0135152710083 0.00345716139623 0.0253684278818 0.0188393608423 0.0182159729954 0.103287416401 0.0252345711156 0.0201571344987 0.0115029483752 0.0239210957087 0.0455732563505 0.00896781083617 0.0162708048048 0.0125739057466 0.0113665977351 -0.0149551050826 0.0472441122049 0.0195197526231 0.0225905863521 
-0.00497665725589 0.013900560296 0.00822338534509 0.0074528720609 0.0282326339008 0.0163372824975 0.00474666382078 0.0192376092363 0.350457406184 0.0127171624742 -0.000784155320521 0.0180019391344 -0.0125079730609 0.0100243497512 0.0381808594791 0.0483926703231 0.00234080320502 0.00395315731783 0.0192208331493 0.0130080069909 0.0357871901556 0.0416540545467 0.0586316421231 0.0387266018769 0.00859543851994 0.00256602749559 0.0378454118519 0.0121287265298 0.0198392047577 0.0157700983197 0.0273655677842 0.0187957770229 0.018433395571 0.00612041199012 -0.00414215827889 0.00967212013608 -0.00313633625227 0.025376599488 -0.00196482397003 0.0531932579977 0.0588977222485 0.0101246230852 -0.00879661120239 0.00500165672671 0.0291673691705 0.0219255571587 0.0645003596583 0.0162049085293 -0.0104636555636 0.0321846045366 0.0124826318883 -0.0120791396574 -0.00368378932544 0.0205197944779 0.0391165194799 0.0200695711647 -0.00710659791264 0.0107185459009 0.0051297040319 0.018229576562 
0.00885370333576 0.0138775805767 0.0209347018404 0.0169604995461 0.00467943397719 0.000631448265343 0.0073734282658 0.00665544317932 0.0127171624742 0.273750171834 -0.00154758524531 0.00148296594511 0.00819218851171 0.00145267095283 0.00703163298875 0.0173631025292 0.0154994280632 0.0143588044937 0.0111854042828 -0.00316425577803 0.00362028852914 0.0137716240507 -0.000908716051646 0.0383501992056 0.0064456579673 0.0215248516649 0.0215278529465 0.00591513445802 0.0169752883729 0.0442259269257 -0.00842696506765 0.00199945140437 0.00802340383114 0.0115990968861 0.00672246612457 0.0219931148184 0.0173811733964 0.030128189642 0.0175278638586 0.0382478504323 0.0153228383667 0.0681992866635 0.00706033293476 0.0142121421054 0.0204943763027 0.0279320025941 0.013159826964 0.00807627660968 0.0141296504639 0.0247301825538 0.0381235243978 0.0518236444787 0.00987155299272 0.0169986777171 -0.00408243677286 0.0273908639624 0.0429052388873 0.00756081200247 0.0207279544443 0.0303878340365 
0.00372205145752 0.024216349841 0.0185219204201 0.0135075830356 0.0319559381371 0.0498491448844 0.0053931761294 0.0250460799471 -0.000784155320521 -0.00154758524531 0.359488081162 9.02170877915e-05 0.00992587680335 0.0459458549095 0.0332054298523 0.00421733883295 -0.011421440457 0.00807812943047 0.00716213058617 0.00691088799546 0.00485889777838 0.0249772536944 0.0367911096786 0.0103651587353 0.015157925477 0.0292583222459 0.0191195485674 0.0112145161029 0.0283038212093 0.00873867555066 -0.0117352069368 0.00840099427286 0.0119714030856 -0.00269863635986 0.00880182823995 0.0174055769597 0.000677756114122 0.0410145845358 0.00307099043961 -0.00402676246332 0.0277574971182 0.0237597261033 0.00583377240678 0.0177937841555 -0.00349500712675 0.0142227814617 0.0235915846788 0.0266249063806 0.0293804500013 0.00657696294319 -0.00329106009172 0.0153585096044 0.00599539433321 0.0137470200172 0.0126862007618 0.00233761113762 0.0374574832103 0.0213056034955 0.00197199533675 0.0155865945426 
0.00592925360472 0.00913591418453 -0.0134087639525 0.0175372851775 0.0159314003076 -0.0043228405579 0.0038085941569 -0.00332819017309 0.0180019391344 0.00148296594511 9.02170877916e-05 0.899367259177 0.0255899770636 0.00872209971442 0.0407243470461 0.0375323908736 0.00440300060942 0.0337094443261 0.0252877311594 0.00761955264858 0.0166526838069 -0.0140084143485 0.0664342198637 0.0402915812123 0.0129693822499 -0.000367800854381 0.0804159959812 0.00604476305424 -0.00792502899513 0.00352410605582 0.00221743596856 0.0488393065851 0.020687476333 -0.00486043777091 0.00544860717292 0.00505948085221 -0.0170397710294 0.00706489630168 0.00591282691998 0.0252382492409 0.00508459949667 0.0159180997839 -0.015415713543 0.0159245757984 0.017796726748 0.0228956701053 0.0101998835598 0.0023782049717 0.00106972029428 8.2150940843e-05 -0.00210935087669 -0.00161347857822 0.0141856396406 0.00375718584843 0.0179632823818 0.040065050665 0.00864122187379 0.011499014307 0.0211414569679 0.00142852169125 
0.0177278006525 0.000896964136569 0.00945387941614 0.0151306261492 0.0160371552902 -0.00887831597526 0.0103698941613 0.00894422210003 -0.0125079730609 0.00819218851171 0.00992587680335 0.0255899770636 0.214757261783 -0.0022726462321 0.0108716478071 -0.00483661491495 0.00689560936237 0.012958935833 -0.00275361450081 -0.00197778909709 0.00650854388284 0.0232727659786 -0.00445052243245 0.0013506087926 0.0193160326586 0.0139843480469 -0.000148885769677 0.0293639269576 0.00182493500943 -0.000958852697086 0.0177424840287 -0.00241069926527 0.00774658203875 -0.0011437033607 0.0181548547126 0.0183603711674 0.00660735352482 0.00687635285466 0.00963831995501 0.00212005665974 0.00618595321564 0.00934624829375 0.0135740433885 0.00324290398673 -0.00366906628566 -0.00722651335986 -0.00508892913355 0.0132868689614 -0.000864729851822 0.00297275213198 0.0147943788743 0.00880509852996 0.00831921442522 1.20247391588e-05 -0.0144593872586 0.00437621990283 0.00778406632707 0.0112145621627 0.0135810487526 0.00350127707798 
0.0345503055721 0.00719248305653 0.0216143310416 0.0134816481659 0.00364658673078 0.0365068070041 0.0144676239837 0.013224031522 0.0100243497512 0.00145267095283 0.0459458549095 0.00872209971442 -0.0022726462321 0.356149640242 0.00266983936481 0.0216884744729 0.0138551009508 0.0282621703446 0.0126708450701 0.0671748297802 0.00412678410623 0.0133980507574 -0.0147683865197 0.0236443838561 0.0159941185829 0.0115499458728 0.0212677083008 0.0160235447834 -0.0126848131066 0.00603966040559 0.0316623244461 0.0323640739967 0.00722958340238 0.0195285269238 0.0220483100884 0.0301497772119 -0.0131521310611 0.00835409857349 0.0394539873437 0.00775218868524 0.0124569092805 0.00155822967968 0.0106415901829 0.0088520395649 0.00414139061251 0.0150180155388 0.00190011472932 0.0076305082693 0.0116353188217 0.0261589211959 0.00378180224111 -0.00221269581268 -0.000328332439085 0.0156920112171 0.00827215947808 0.00498841882674 0.0201541724382 0.00252262375767 0.0144632330697 0.00936224951021 
0.0139482808555 0.017237900403 0.0509424853589 0.00362421956285 0.0165142999433 0.000174395853169 0.00942877126299 0.0197703030399 0.0381808594791 0.00703163298875 0.0332054298523 0.0407243470461 0.0108716478071 0.00266983936481 0.233527924633 0.0228409994962 0.00539495355809 0.012666965604 0.010108682093 0.0140859394346 0.0152011411582 0.0185357041405 0.022291380914 0.01372757357 0.00345683015149 0.0172259237643 0.0489716970191 0.0205831339859 0.0222737076447 0.00949437098775 -0.00259056769106 0.00981709334255 0.0179297830652 -0.00263188982747 0.00975198475971 0.0114134730539 -0.00294293731294 0.0146456139419 -0.00180069186713 0.000907906987287 0.0222275177231 0.00764846159617 0.0154275553798 0.00280221742701 0.00376506231323 0.0179858126019 0.0215564751012 0.0221646549441 0.0160117368324 0.020035313255 0.0151756073098 0.0237120566239 -0.00823569693594 0.00678315396471 0.00591021456126 0.0159591778979 0.0265861559698 0.0247629722429 0.0057213054383 -0.00800912829216 
0.00874578447426 0.0159083731633 0.0124298743171 0.0196112378022 0.0161813511168 0.0035600155692 0.00324981373019 0.0204660973133 0.0483926703231 0.0173631025292 0.00421733883295 0.0375323908736 -0.00483661491495 0.0216884744729 0.0228409994962 0.512954177186 0.00566561143603 0.0189750383973 0.00411621608588 0.0223178166396 0.030851417873 0.0332042519763 0.0154700066051 0.0691391084182 0.0151227002148 0.0283877626478 0.0464723092272 0.00651426449137 0.0383499219987 0.016843650967 0.0167840691213 0.0308682543893 0.0121557636031 0.0373787885331 0.00252719726686 -0.0175971466523 0.0124734708715 -0.00559468174557 0.00408905172964 0.0367233736873 0.0796046331592 0.00814572648825 -0.00860757559038 0.00231680264234 0.0141151858951 0.0194123991798 0.0462446295175 0.0198215518135 -0.0142191721193 0.0522818392701 0.0135917342891 0.021138244612 0.0101132069876 0.00140004067252 0.03306193109 0.029169273174 0.017571683677 0.0496715057764 0.015170274163 0.00313918558649 
0.0148559094406 0.0132685270427 0.00410432664374 0.0276907993091 0.00149607369276 -0.0105002026683 0.0229108062434 -0.0115902341572 0.00234080320502 0.0154994280632 -0.011421440457 0.00440300060942 0.00689560936237 0.0138551009508 0.00539495355809 0.00566561143603 0.354295256785 0.0068699651424 0.00520735767056 0.0140258648913 -0.00072235644691 0.00296672543501 0.00591291664668 -0.00125425616312 0.0102021835681 0.00869806367978 0.0237400986462 0.0174645337811 -0.0106185039045 0.0104441486201 0.0152245388427 0.000465789091994 0.017616555731 0.0157514826868 0.0263047325142 0.0566267909889 0.00664824351841 0.00874226936033 0.000188887294161 0.00130242944127 0.0119635454885 0.0269441202399 0.0322303369077 0.0100780001928 -0.00375457346089 0.0142980006781 -0.00365674429476 0.00836094918634 0.00249735885422 0.00364762614856 0.0155549666343 0.133563881986 0.0103178473586 0.0185063789215 0.00556119075966 0.00836372257173 0.000795531802799 0.0178036622904 0.0156715332745 0.0118324944759 
-0.00764769945787 0.00831978398995 0.0110412741527 0.0235681298102 0.0208790611424 0.0533753703706 0.00189050725913 0.0169140850178 0.00395315731783 0.0143588044937 0.00807812943047 0.0337094443261 0.012958935833 0.0282621703446 0.012666965604 0.0189750383973 0.0068699651424 0.201609173511 0.00321532889516 0.0456959274583 0.00904800210221 0.0101112761704 0.0309348580522 0.00551987068473 0.0123057369587 0.0182628869191 0.00892184740276 0.00620984670248 0.0117636786261 0.00350768627719 0.0067996106613 0.0452765988439 0.0100045370513 0.0193282156823 0.0344597533101 0.0126739355396 0.0158490600631 0.0112339776339 -0.00192067533678 -0.00529274780241 0.0261092536077 0.0179696321192 0.0189114063651 0.0174442418675 0.0112118653926 0.022087740902 0.0280591719246 0.00525757881523 0.0168845112961 0.0133683755778 0.0193979083868 0.0234612233485 0.013788469141 0.0133600066023 -0.00210057995074 0.0149448141785 0.0110156295834 0.0237372826962 0.019220942356 0.0165505209053 
-0.00195598239672 0.00357931858498 0.0158952241021 0.0109662676534 0.00141545667801 0.0233234614145 0.00495552686354 0.022275071663 0.0192208331493 0.0111854042828 0.00716213058617 0.0252877311594 -0.00275361450081 0.0126708450701 0.010108682093 0.00411621608588 0.00520735767056 0.00321532889516 0.269892619464 -0.00618487777704 0.0169271015338 -0.00294938143603 0.00781087043672 0.0175894826312 0.00472686525118 0.0235223119139 0.0175982392539 -0.0162306994265 0.00821326496927 6.23061735384e-05 0.0839097660077 0.00627474798779 0.0114535975816 0.00872945563898 0.00836519070065 0.00838401683109 0.00416008279011 0.0241826431818 0.0024201006686 0.00534614986866 0.0166719397101 0.0142774541223 -0.00250276041081 -0.00138038643489 0.00427910367513 0.00765379460779 0.0162612590776 0.00694403604031 -0.0217242607795 0.0156835896859 0.0175363459304 -0.0139896021957 0.00437314954579 0.00855448331281 0.0273255349954 0.00748029772202 0.0282401012721 0.0251497044115 0.00845916399067 0.00271337418986 
0.0010934659607 0.0130383312736 0.00722340294294 0.0239358495735 0.0405491033542 0.0611055808533 0.0175089098073 0.0187234106985 0.0130080069909 -0.00316425577803 0.00691088799546 0.00761955264858 -0.00197778909709 0.0671748297802 0.0140859394346 0.0223178166396 0.0140258648913 0.0456959274583 -0.00618487777704 0.554254969375 0.0323753619374 0.0151426601448 0.0864057060402 0.0139911160482 0.025842794501 0.0224192754315 0.0124990812773 -0.00551781595526 0.0131799733189 0.00647643632727 0.00928834908963 0.174001659242 0.0146227959437 0.0490370056423 0.0293464869193 0.00617166051045 0.0132084782585 -0.0125435400822 0.0120123170857 -0.00297749819117 0.0247701277484 0.0101386800311 0.000639968315745 0.00672433935211 0.0186626813538 0.0387490603846 -0.000844371230713 0.0343217601418 0.0110103279254 0.0153279785739 0.0209773644305 0.0353671654524 0.0274631384507 0.0124921871963 -0.00558262913718 0.0107380899333 0.0204619046162 0.0360450828789 0.0049399735352 0.0123774212916 
0.00368135741655 0.0129740813896 0.015625420544 0.0212864902364 0.0350915977582 0.0110994914875 0.00537623001832 0.0262974297122 0.0357871901556 0.00362028852914 0.00485889777838 0.0166526838069 0.00650854388284 0.00412678410623 0.0152011411582 0.030851417873 -0.00072235644691 0.00904800210221 0.0169271015338 0.0323753619374 0.175785879089 -0.00551375370852 0.0403052449893 0.0319325732738 0.0108893246153 0.0210826631765 0.0214398071058 -0.0141870760239 0.0248437608728 0.00758150615882 0.0108625274939 0.0169561307743 0.0135991731921 0.00605405608608 0.000719707299843 0.0105511648848 0.0045917587931 0.00565679669737 0.00632971322103 0.01849575603 0.0281777010834 0.0197753930963 0.00864278608605 0.0169328262432 0.0213804331819 0.00104130087712 -0.00256571609872 0.0110620717636 0.0131946814697 0.00191000036727 0.0152461387411 0.0139966571636 0.0081545728365 0.00891701018821 0.00982206142216 0.0183022420785 0.0229664803801 0.0175751758007 0.0224621062412 0.0206568187604 
0.0166274601567 0.0213830152255 -0.0188572386277 0.0197063094506 0.0198652618039 0.00711401769642 0.019161017051 0.0396893161558 0.0416540545467 0.0137716240507 0.0249772536944 -0.0140084143485 0.0232727659786 0.0133980507574 0.0185357041405 0.0332042519763 0.00296672543501 0.0101112761704 -0.00294938143603 0.0151426601448 -0.00551375370852 0.469504361428 0.0765719132609 0.0292989615652 0.020599253424 0.0356513456737 0.0247150548169 0.0152434659487 0.043209566605 0.0243619247461 0.0198272563207 0.025481828687 0.0199818513012 -0.0252742725504 0.011404762197 0.0171959260747 0.0122798040469 0.0239980064759 0.0157169892964 0.0108428155309 0.0330314009726 0.0201572819524 0.0104887813613 0.0164387787322 0.0331337095018 0.0217566834375 0.0438568753926 0.0196271383512 0.0133894051251 0.00587656599874 0.008265148169 0.0215359265426 0.016629420466 0.0258195033527 0.0213742933401 0.00791812328899 0.0152894193946 0.0069288486227 0.0224888478631 0.0159982310929 
0.0994505004685 0.0513831122132 -0.000659953200828 0.0398660659495 0.0518254483334 0.0241715135598 0.0131387998014 0.0237157828301 0.0586316421231 -0.000908716051646 0.0367911096786 0.0664342198637 -0.00445052243245 -0.0147683865197 0.022291380914 0.0154700066051 0.00591291664668 0.0309348580522 0.00781087043672 0.0864057060402 0.0403052449893 0.0765719132609 0.478540685105 0.0517900160762 0.0313541877371 0.0442117723363 0.0471621425436 0.0186442996189 0.0492619346173 0.0186731015647 0.0245075425759 0.0846164089843 0.0240982839849 0.0173033039926 0.0105247916447 0.0188921555155 0.0196743236318 0.0690571896373 -0.00773824276099 0.0180824182614 0.0373672622702 0.0215228986858 0.0170383502623 0.02160750924 0.0421611209214 0.0376323433045 0.0400815573156 0.0235787018501 0.00846921636163 0.0139400963087 0.000141509455708 -0.00535975575013 0.0234675389935 0.0187922804365 0.00161128856752 0.0311399252996 0.0417158791617 0.043818165777 0.0285378369709 0.0310752673092 
0.0223972412308 0.0287294153532 0.00519427447387 0.038332828061 0.0344657982622 0.0320224498651 0.0169854781546 0.0179860518681 0.0387266018769 0.0383501992056 0.0103651587353 0.0402915812123 0.0013506087926 0.0236443838561 0.01372757357 0.0691391084182 -0.00125425616312 0.00551987068473 0.0175894826312 0.0139911160482 0.0319325732738 0.0292989615652 0.0517900160762 0.461525728409 0.0344087243506 0.0273337592266 0.0202863941523 0.018417221282 0.017423381613 0.0373017066166 0.017966739379 0.0104237644523 0.0283855242355 0.0261493504284 0.0047345202103 0.0301204590939 0.00795089568007 0.0214673950426 0.0225495519484 0.037659029721 0.0390834350187 0.0116916277863 -0.00138534938863 0.0324490718691 0.0474031381236 0.0344107939725 0.0435926073729 0.0159434358106 0.0481497004978 0.0131795636079 0.0175322271218 0.0245771150231 0.0132165290464 -0.00552419431819 0.0175822304957 0.0162719357024 0.0114810492446 0.0510227211877 0.0238585036539 0.0337517316486 
0.0326780850484 0.0107244894567 0.00899512308477 0.0596913041901 0.0191093422997 0.0073408825068 0.0196345292019 0.00978054575858 0.00859543851994 0.0064456579673 0.015157925477 0.0129693822499 0.0193160326586 0.0159941185829 0.00345683015149 0.0151227002148 0.0102021835681 0.0123057369587 0.00472686525118 0.025842794501 0.0108893246153 0.020599253424 0.0313541877371 0.0344087243506 0.19811999249 0.0294654009966 0.0319721178435 0.0113163612265 0.018360726174 0.021427862003 0.0072312199827 0.0338891903452 0.0183573658131 0.00570702919981 0.00773384895638 0.0277571510492 0.0693512682285 0.0255750274497 0.00876401937624 0.0186162742379 0.0312605239004 0.0156799397718 0.0138216929238 0.0204093804193 0.0181742119862 0.0275313669297 -0.00484984224201 0.0270631085561 0.00452290801347 0.0198082342291 0.00424581017867 0.0303853451908 0.0170574849514 0.0205355548475 0.0231203509092 0.0134897838296 0.0188039280059 0.0231632020252 0.0273048495128 0.0149905742958 
0.0024449061799 0.0192211607184 -0.000638482645573 0.0265719521525 0.0463003731556 0.0311672888564 0.0145494554938 0.0262840460741 0.00256602749559 0.0215248516649 0.0292583222459 -0.000367800854381 0.0139843480469 0.0115499458728 0.0172259237643 0.0283877626478 0.00869806367978 0.0182628869191 0.0235223119139 0.0224192754315 0.0210826631765 0.0356513456737 0.0442117723363 0.0273337592266 0.0294654009966 0.305960675686 0.0541020080789 0.00721270390531 0.0346450125011 0.0216052218183 0.00751276924111 0.0195090493612 0.00594051628622 0.00309861843971 0.00890697039008 0.00330421366396 0.0148592258738 0.0200671256803 0.0141613413375 0.0134235635409 0.0294907166432 0.0230285243984 0.0150708072871 0.0094121666688 0.0246159849772 0.0444401444526 0.0379020884779 0.0273416684895 0.0319728406272 0.00575910225706 0.00269761470387 -0.00432829506952 -0.00382525967242 0.010127333163 0.00616841161007 0.00549906116381 0.0111949999343 0.0390209088371 0.0126354943504 0.0236776239095 
0.0012385630605 0.0113994237761 0.00643825626984 0.0140546074849 0.0367520668085 -0.00289679328684 0.0280578600185 0.0413699102062 0.0378454118519 0.0215278529465 0.0191195485674 0.0804159959812 -0.000148885769677 0.0212677083008 0.0489716970191 0.0464723092272 0.0237400986462 0.00892184740276 0.0175982392539 0.0124990812773 0.0214398071058 0.0247150548169 0.0471621425436 0.0202863941523 0.0319721178435 0.0541020080789 0.988452427459 0.0124438547629 0.159294359163 0.011332627403 0.0147664108506 0.0253347443418 0.0169349198177 -0.00361111518539 0.0164329940953 0.0077093062312 0.00824443223024 0.0170230822491 0.0382779058878 0.0119654006277 0.0716607880101 0.0236887346261 0.0016680982723 0.0037410046691 0.0843604232167 0.0366137314054 0.0475062373013 0.0164745562625 0.0113356318692 0.0338739412424 0.0378131928485 0.0325482567654 0.0265315618155 0.0064077442195 0.0295198182434 0.0130967812937 -0.00830768619122 0.0269337230491 0.00613232057673 0.0152804667059 
0.0220306326778 -0.0047058213687 -0.0029531864422 0.0137419250808 0.0031905794354 0.0265365200276 0.0116007680826 0.0369892464498 0.0121287265298 0.00591513445802 0.0112145161029 0.00604476305424 0.0293639269576 0.0160235447834 0.0205831339859 0.00651426449137 0.0174645337811 0.00620984670248 -0.0162306994265 -0.00551781595526 -0.0141870760239 0.0152434659487 0.0186442996189 0.018417221282 0.0113163612265 0.00721270390531 0.0124438547629 0.588341724517 0.0120130130235 0.0251423604054 0.018644470145 0.00522461280987 0.0121563972294 0.0165520588107 0.00743858171394 0.0132846171102 0.00974706211377 0.0173164861583 0.000883294620375 0.000190123313232 0.0217543402052 -0.00574590990061 0.0027959860996 0.00726864009021 0.0148055043274 0.0166770095965 0.00900088133732 -0.00329933758344 -0.00662118383135 -0.00293972135902 0.0109900258291 0.0114512712313 0.0163290169697 0.00394414668138 0.00874800231172 0.00101429588119 0.00694755878054 0.00473186464319 0.00279977476769 0.00860440092502 
0.00736734955314 0.0198670163276 0.0189114711337 0.0194940714336 0.029512034611 0.0920097939191 0.00454790990463 0.0100634071404 0.0198392047578 0.0169752883729 0.0283038212093 -0.00792502899513 0.00182493500943 -0.0126848131066 0.0222737076447 0.0383499219987 -0.0106185039045 0.0117636786261 0.00821326496927 0.0131799733189 0.0248437608728 0.043209566605 0.0492619346173 0.017423381613 0.018360726174 0.0346450125011 0.159294359163 0.0120130130235 0.385479419214 0.0261261356845 0.0211342705996 0.0261047711136 0.0150021065136 0.0116981156171 0.0128619382185 0.00217933331895 0.0167244254735 0.0109838116131 0.0179247416204 0.0162463478552 0.0386724612146 0.0183405084098 0.0362126993542 0.00767640266037 0.0510730419364 0.0235753519586 0.029515445564 0.0177973040994 0.0129820380552 0.0054913927184 -0.00212571427138 0.0113274830775 -0.000116308006659 0.0119687085966 0.014296597539 0.0289354778916 0.0379521663645 0.027024173016 0.00234308486578 0.0079049633195 
-0.00573707889954 -0.00199178978173 -0.000398942303605 0.0204959383533 0.0108282019729 0.0103253559789 0.0227721305947 0.016665690404 0.0157700983197 0.0442259269257 0.00873867555066 0.00352410605582 -0.000958852697085 0.00603966040559 0.00949437098775 0.016843650967 0.0104441486201 0.00350768627719 6.23061735383e-05 0.00647643632727 0.00758150615882 0.0243619247461 0.0186731015647 0.0373017066166 0.021427862003 0.0216052218183 0.011332627403 0.0251423604054 0.0261261356845 0.189125763265 0.00794339770452 0.0153361055661 0.0120687412452 0.0128359128534 0.0228040147877 0.00499655527948 0.0131763505815 0.0232743270871 0.0160893884827 0.0177478437399 0.0103642048248 0.0289029365104 0.00807392859034 0.0114884625692 0.0242090933721 0.00181707683635 0.011039442726 0.00475677923555 0.0183740288109 0.00494298683264 0.0076360184623 0.0243132930111 -0.00865426395526 0.0117129628471 0.0162273934018 0.0139022629361 0.0251859579876 0.00795357024171 0.00521220364155 0.017931188021 
0.0224602735211 0.0026330479925 0.0122664009744 0.024849616891 0.00723587378142 -0.00312571207976 0.0361108936652 0.0193601261025 0.0273655677842 -0.00842696506765 -0.0117352069368 0.00221743596856 0.0177424840287 0.0316623244461 -0.00259056769106 0.0167840691213 0.0152245388427 0.0067996106613 0.0839097660077 0.00928834908963 0.0108625274939 0.0198272563207 0.0245075425759 0.017966739379 0.0072312199827 0.00751276924111 0.0147664108506 0.018644470145 0.0211342705996 0.00794339770452 0.449346256802 0.00490836774888 0.0208857560161 0.00258531805709 0.00515046109109 0.0149820270082 0.00091952348679 0.0154810813969 0.0225363899316 0.0135804434721 0.0143266459453 0.0167277576823 0.00913226927958 0.0201933930972 0.0259729351072 0.0188782179108 0.0339420324224 0.0175104239892 0.00166512899997 0.00911273681225 0.0126614977593 0.00844151797981 0.023671745911 0.0135929213037 0.0126395930903 -0.00613718442233 0.0162511145935 -0.00772589277782 0.0193112554724 0.000240859421635 
0.0743587028945 0.0103284315431 -0.00332785116138 0.0288757962503 0.033113773554 0.0417236527101 -0.000715395179575 0.00894807774212 0.0187957770229 0.00199945140437 0.00840099427286 0.0488393065851 -0.00241069926527 0.0323640739967 0.00981709334255 0.0308682543893 0.000465789091994 0.0452765988439 0.00627474798779 0.174001659242 0.0169561307743 0.025481828687 0.0846164089843 0.0104237644523 0.0338891903452 0.0195090493612 0.0253347443418 0.00522461280987 0.0261047711136 0.0153361055661 0.00490836774888 0.45693639 0.0154777919478 0.0299021365078 0.00650498867308 -0.00474873250449 0.0206880067211 0.00459605411994 0.0176564076311 0.0151819367898 0.0214585995601 0.0262589355561 0.0111276022999 0.00620058155126 0.0501878506903 0.0170908601226 0.0221329847958 0.0251597616564 0.0184807812886 0.035336431421 0.00929834083144 0.0433701408211 0.0125557555314 0.0054196154639 0.0132013761206 0.0126888587592 0.00525038534008 0.0427389194358 0.00106375194766 0.0157463182613 
0.0218916738221 0.0229863955946 0.00502888711772 0.0241967631533 0.0132895237888 -0.00102740874038 0.0145966019927 0.0208411240927 0.018433395571 0.00802340383114 0.0119714030856 0.020687476333 0.00774658203875 0.00722958340238 0.0179297830652 0.0121557636031 0.017616555731 0.0100045370513 0.0114535975816 0.0146227959437 0.0135991731921 0.0199818513012 0.0240982839849 0.0283855242355 0.0183573658131 0.00594051628622 0.0169349198177 0.0121563972294 0.0150021065136 0.0120687412452 0.0208857560161 0.0154777919478 0.177984862537 0.00490336821014 0.0102859331093 0.0273786070059 0.0217432390187 0.0297963636183 -0.00297741038022 0.00942215584476 0.0107439197795 0.00376029149795 0.011382083223 0.0106559033622 0.0142196357913 0.00506199125265 0.00634665695147 0.0223151741288 0.0171149963571 0.0295285193193 0.0286311059665 0.00796057691235 0.0158924117022 0.00886505449995 0.0223569220619 0.0143015359963 0.011985022911 0.0239076207794 0.0161733190963 0.0104685878512 
-0.00746964879087 0.0113946045953 0.0245415177463 0.0145498966556 0.0144987998864 -0.0111534430141 -0.00620583003964 -0.00236412455137 0.00612041199012 0.0115990968861 -0.00269863635986 -0.00486043777091 -0.0011437033607 0.0195285269238 -0.00263188982747 0.0373787885331 0.0157514826868 0.0193282156823 0.00872945563898 0.0490370056423 0.00605405608608 -0.0252742725504 0.0173033039926 0.0261493504284 0.00570702919981 0.00309861843971 -0.00361111518539 0.0165520588107 0.0116981156171 0.0128359128534 0.00258531805709 0.0299021365078 0.00490336821014 0.49548516488 0.00167623020877 0.00526468406505 0.00102287309978 -0.00213775074595 -0.00391122460962 0.00709989438339 0.0209175986816 0.00580319635617 0.0235101703941 0.00714847307041 -0.00393772571949 0.00347095606024 -0.000105771098351 0.0018961572931 -0.00726119439024 0.0246566496605 0.0101808558074 -0.019934097606 -0.00327912583488 0.0267110317109 0.00147483495666 0.00868252038429 0.0234449412778 0.0205568618108 0.00948271105673 -0.000967952571072 
0.0221947835454 0.00202443124614 0.000550190061326 0.0129234114703 0.0130663078706 0.0124129094869 0.00525745869342 0.0190552942057 -0.00414215827889 0.00672246612457 0.00880182823995 0.00544860717292 0.0181548547126 0.0220483100884 0.00975198475971 0.00252719726686 0.0263047325142 0.0344597533101 0.00836519070065 0.0293464869193 0.000719707299843 0.011404762197 0.0105247916447 0.0047345202103 0.00773384895638 0.00890697039008 0.0164329940953 0.00743858171394 0.0128619382185 0.0228040147877 0.00515046109109 0.00650498867308 0.0102859331093 0.00167623020877 0.269717135905 0.0200503716176 0.00568231030795 0.0026738206473 0.0126220277891 0.00945452390385 -0.021445094802 0.00375277012637 -0.0105899823958 -0.000245191601547 0.0158338399707 0.0146853447144 0.0154797179381 0.00857942385994 -0.00242299697744 0.0177134880359 0.00488718492433 0.0287314909403 0.00920460648893 0.00709606847197 0.0110782353352 0.00884544020843 0.0282270061057 -0.00148647613371 0.00239721575801 0.00401336064375 
0.0127748658138 0.0108071154066 0.0154686167851 0.0264107292229 0.0162444462207 0.00663907496482 0.0134050477132 0.00166241050761 0.00967212013608 0.0219931148184 0.0174055769597 0.00505948085221 0.0183603711674 0.0301497772119 0.0114134730539 -0.0175971466523 0.0566267909889 0.0126739355396 0.00838401683109 0.00617166051045 0.0105511648848 0.0171959260747 0.0188921555155 0.0301204590939 0.0277571510492 0.00330421366396 0.0077093062312 0.0132846171102 0.00217933331895 0.00499655527948 0.0149820270082 -0.00474873250449 0.0273786070059 0.00526468406505 0.0200503716176 0.199141242352 0.018552641315 0.0304494244401 0.00724135138256 0.00425561178492 0.0114371319636 0.0211973608314 0.0139636160249 0.0327979506408 0.00623241437239 0.0162492217225 0.0102084503819 0.0121518192466 0.0162290862641 0.00724518487847 0.0090608442596 0.0507884243531 0.0239155429278 0.0115362445707 -0.00151097526707 0.0100081135536 0.00991646697611 0.00964499089573 0.0338675664693 0.0225968740407 
0.0152869147375 0.00144019636741 0.0170248462539 0.034771362943 0.0248520681375 0.0252487602408 0.00961762420756 0.0062164152204 -0.00313633625227 0.0173811733964 0.000677756114122 -0.0170397710294 0.00660735352482 -0.0131521310611 -0.00294293731294 0.0124734708715 0.00664824351841 0.0158490600631 0.00416008279011 0.0132084782585 0.0045917587931 0.0122798040469 0.0196743236318 0.00795089568007 0.0693512682285 0.0148592258738 0.00824443223024 0.00974706211377 0.0167244254735 0.0131763505815 0.00091952348679 0.0206880067211 0.0217432390187 0.00102287309978 0.00568231030795 0.018552641315 0.234576338605 0.0173638308369 -0.000619905420627 0.0123451107419 0.00632650372276 0.0121030775364 0.000425051196632 0.0126983821267 0.0171318944459 0.00549250380393 0.0100746938046 0.0165598978334 0.00500746130333 0.0139590724669 0.0120554996336 0.0129820507379 0.0201077282318 0.00535883822877 0.0129504897093 0.00748794967535 0.0187052164106 0.0112725241867 0.0114108476181 0.00915287962893 
0.00640731244271 0.0182790461931 0.00714709889878 0.0218228813015 0.0183521759576 0.000400627457763 0.022682236349 0.0033442482851 0.025376599488 0.030128189642 0.0410145845358 0.00706489630168 0.00687635285466 0.00835409857349 0.0146456139419 -0.00559468174557 0.00874226936033 0.0112339776339 0.0241826431818 -0.0125435400822 0.00565679669737 0.0239980064759 0.0690571896373 0.0214673950426 0.0255750274497 0.0200671256803 0.0170230822491 0.0173164861583 0.0109838116131 0.0232743270871 0.0154810813969 0.00459605411994 0.0297963636183 -0.00213775074595 0.0026738206473 0.0304494244401 0.0173638308369 0.393218908746 0.000657518063932 0.0317410287816 0.0583226885729 0.0248419551213 0.0252020768343 0.00372297985567 0.0284458987417 0.0276768744349 0.0204217455142 0.0148015310949 0.00685711169331 0.00894369887972 0.00100826078533 0.0142858138177 0.0256521158242 0.0378727286784 0.00965791331869 0.0236857571031 0.0314605143789 0.0449743585155 0.0313403210712 0.0253051736307 
-0.00297253222426 0.00288079963959 0.00460298150805 0.00565002132611 -0.011565442821 0.00331544449605 0.00579397996538 -0.00035634270532 -0.00196482397003 0.0175278638586 0.00307099043961 0.00591282691998 0.00963831995501 0.0394539873437 -0.00180069186713 0.00408905172964 0.000188887294161 -0.00192067533678 0.0024201006686 0.0120123170857 0.00632971322103 0.0157169892964 -0.00773824276099 0.0225495519484 0.00876401937624 0.0141613413375 0.0382779058878 0.000883294620375 0.0179247416204 0.0160893884827 0.0225363899316 0.0176564076311 -0.00297741038022 -0.00391122460962 0.0126220277891 0.00724135138256 -0.000619905420627 0.000657518063932 0.239482845982 0.0065373931178 0.0100125506749 0.014734136287 0.00847819876175 0.00567124867709 0.00922305129434 0.011630757432 -0.00145788452077 0.00560043293232 0.00299600062514 5.28349098135e-05 -0.00572384644216 0.01926846999 0.00407555758913 0.00922855095019 0.00675082517427 0.00243899901443 0.00293339485687 -0.00226172321183 0.00721194132996 0.00776498739623 
