20
0.0436219100546 0.0447966226616 0.037496284255 0.0251604878384 0.0501755430095 0.0565518641406 0.106366385329 0.0353466838873 0.143796644659 0.0542920038725 0.0289058353667 0.0357981155146 0.0246645675501 0.0700025840065 0.045759308444 0.0843714281037 0.0054327763703 0.0820701074714 0.107238949757 0.135299445153 
0.319426406045 0.0338234518487 0.0301901858699 0.0365438738407 0.0207610471017 0.0430398468731 0.018507811145 0.0307348962126 0.0598441916098 0.0284400754331 0.0337382487125 0.0275991457391 0.0545459660385 0.02063812179 0.017331736425 0.0161877788513 0.0048859194788 0.0323612484439 0.0523844611418 0.0265075004205 
0.0338234518487 0.285198603834 0.0363999723977 0.0165135952005 0.0440302876255 0.0426574035964 0.00643791675309 0.0275725448874 0.0585251573454 0.0162175944918 0.024688502894 0.0366690958824 0.0275337476678 0.01943900198 0.00353131075526 0.0160786709224 0.0377596412625 0.0476143177892 0.0285757947089 0.0109556190011 
0.0301901858699 0.0363999723977 0.242565101211 0.0342214519061 0.0180266747012 0.0142289671966 0.00768445353837 0.0229862508092 0.0447707128921 0.0207515167247 0.0630058680158 0.0241208434409 0.0270237299269 0.00642315175937 0.0256235235555 0.00530340405653 0.0223900974342 0.0281328760235 0.0592672550842 0.0229655476349 
0.0365438738407 0.0165135952005 0.0342214519061 0.176307275364 0.0153593809302 0.0219165645815 -0.00294124233541 0.0341926689647 0.0334181856949 0.01291017773 0.020837964942 0.0232557723409 0.0547693290519 0.0119025067821 0.0193564875161 0.0101116239495 0.0149690057848 0.0201501137599 0.0223130142841 0.00190358351097 
0.0207610471017 0.0440302876255 0.0180266747012 0.0153593809302 0.322603623093 0.0247659315958 0.0193713178524 0.0158666496122 0.0364111448079 0.0108755331791 0.0119315377713 0.0203005201805 0.0189959782458 0.0112762713616 0.00877828683905 0.00722668373353 0.0288002270411 0.037471164629 0.0248029214127 0.0558327696853 
0.0430398468731 0.0426574035964 0.0142289671966 0.0219165645815 0.0247659315958 0.25844130587 0.0126876451055 0.0305358691082 0.0459367708172 0.0284490148814 0.0177140423745 0.0206611195027 0.0266531418434 0.0176724311973 0.0236593946768 0.0265246038193 0.012073257816 0.0140605653124 0.0370704272322 0.0307389206036 
0.018507811145 0.00643791675309 0.00768445353837 -0.00294124233541 0.0193713178524 0.0126876451055 0.432255234057 0.0156362640962 0.0566344741835 0.0177653125014 0.0189303965021 0.0217321525835 0.00659317680717 0.0188803582135 0.104911340156 0.00622382507299 0.00241114869913 0.0150078067778 0.0196719130306 0.19047641973 
0.0307348962126 0.0275725448874 0.0229862508092 0.0341926689647 0.0158666496122 0.0305358691082 0.0156362640962 0.269563612914 0.0369661491264 0.0252729575026 0.0307371800304 0.0258271878602 0.0505801369858 0.0100371102605 0.0125101909409 0.00161045260377 0.0270593529852 0.0118258645096 0.0188216039857 -0.00675029635273 
0.0598441916098 0.0585251573454 0.0447707128921 0.0334181856949 0.0364111448079 0.0459367708172 0.0566344741835 0.0369661491264 0.651273511502 0.0671790680155 0.0729344654841 0.0256156205123 0.031064089477 0.037778694656 0.0283510845118 0.0277381821914 0.0294483511243 0.0674022928068 0.0848309438677 0.093272118455 
0.0284400754331 0.0162175944918 0.0207515167247 0.01291017773 0.0108755331791 0.0284490148814 0.0177653125014 0.0252729575026 0.0671790680155 0.287314792567 0.0134150813858 0.00420794451142 0.00722418963342 0.00044472717207 0.0212935037895 -0.00957246006672 0.0175238369923 0.00105749970785 0.0201175930484 0.0300428444727 
0.0337382487125 0.024688502894 0.0630058680158 0.020837964942 0.0119315377713 0.0177140423745 0.0189303965021 0.0307371800304 0.0729344654841 0.0134150813858 0.235091531089 0.017939036531 0.023025901657 0.0101184834247 0.0109641496593 0.00963753199486 0.0230922366756 0.0269702429225 0.0329750252194 0.0305085295014 
0.0275991457391 0.0366690958824 0.0241208434409 0.0232557723409 0.0203005201805 0.0206611195027 0.0217321525835 0.0258271878602 0.0256156205123 0.00420794451142 0.017939036531 0.261368167729 0.0316345499131 0.0116433730158 0.0195903877909 0.0228557330075 0.0203206521913 0.0329889930933 0.0182015877754 0.00732841206892 
0.0545459660385 0.0275337476678 0.0270237299269 0.0547693290519 0.0189959782458 0.0266531418434 0.00659317680717 0.0505801369858 0.031064089477 0.00722418963342 0.023025901657 0.0316345499131 0.169241493066 0.00533134030155 0.026867452 0.00956249797801 0.0166416805827 0.0286610149882 0.0308158409212 0.00873114653843 
0.02063812179 0.01943900198 0.00642315175937 0.0119025067821 0.0112762713616 0.0176724311973 0.0188803582135 0.0100371102605 0.037778694656 0.000444727172071 0.0101184834247 0.0116433730158 0.00533134030155 0.332176262032 0.0166926123499 0.00159461364274 0.0113971910788 -0.00481756797011 0.0345583274174 0.0157806185495 
0.017331736425 0.00353131075526 0.0256235235555 0.0193564875161 0.00877828683905 0.0236593946768 0.104911340156 0.0125101909409 0.0283510845118 0.0212935037895 0.0109641496593 0.0195903877909 0.026867452 0.0166926123499 0.211229624341 0.00664017028373 0.00470933142196 0.0151204092901 0.0042107398111 0.0964158914359 
0.0161877788513 0.0160786709224 0.00530340405653 0.0101116239495 0.00722668373353 0.0265246038193 0.00622382507299 0.00161045260376 0.0277381821914 -0.00957246006672 0.00963753199486 0.0228557330075 0.00956249797801 0.00159461364274 0.00664017028373 0.86579256656 0.00204882215193 0.0251807060029 0.0839193793442 -0.0106977034507 
0.0048859194788 0.0377596412625 0.0223900974342 0.0149690057848 0.0288002270411 0.012073257816 0.00241114869913 0.0270593529852 0.0294483511243 0.0175238369923 0.0230922366756 0.0203206521913 0.0166416805827 0.0113971910788 0.00470933142196 0.00204882215193 0.190816706931 0.0234544143774 0.0128322092572 0.0117882588153 
0.0323612484439 0.0476143177892 0.0281328760235 0.0201501137599 0.037471164629 0.0140605653124 0.0150078067778 0.0118258645096 0.0674022928068 0.00105749970785 0.0269702429225 0.0329889930933 0.0286610149882 -0.00481756797011 0.0151204092901 0.0251807060029 0.0234544143774 0.490412933065 0.0387732257316 0.0111269763441 
0.0523844611418 0.0285757947089 0.0592672550842 0.0223130142841 0.0248029214127 0.0370704272322 0.0196719130306 0.0188216039857 0.0848309438677 0.0201175930484 0.0329750252194 0.0182015877754 0.0308158409212 0.0345583274174 0.0042107398111 0.0839193793442 0.0128322092572 0.0387732257316 0.479132558778 0.0288204381963 
0.0265075004205 0.0109556190011 0.0229655476349 0.00190358351097 0.0558327696853 0.0307389206036 0.19047641973 -0.00675029635273 0.093272118455 0.0300428444727 0.0305085295014 0.00732841206892 0.00873114653843 0.0157806185495 0.0964158914359 -0.0106977034507 0.0117882588153 0.0111269763441 0.0288204381963 0.524571861388 

['NTRS', 'MAR', 'HIG', 'WFC', 'MHP', 'AIV', 'DVN', 'RF', 'ET', 'ORCL', 'STA', 'WAG', 'STI', 'MRK', 'XOM', 'WAT', 'CCU', 'SBUX', 'R', 'BJS']