60
0.0125275076286 0.0396221554001 0.0282353637115 0.0383245101253 0.0540864966038 0.0870342926162 0.0324915821016 0.0623322546876 0.126958151155 0.0484031048171 0.0325349378307 0.0426672552596 0.110783759143 0.0412963652708 0.0399774891594 0.0466468708745 0.0335346879574 0.106415927512 0.0441448787565 0.0820701074714 0.102128665084 0.0149217979249 0.0380825412642 0.0297585566085 0.065735385914 0.025657065471 0.0852779749864 0.0542920038725 0.0711634289065 0.104903250727 0.0231877092109 0.0348883512333 0.103194060275 0.192324736986 0.0331056926512 0.0254158643172 0.0499472002084 0.0487859931196 0.126302472887 0.0132097716294 0.0669692816613 0.0576577356707 0.105459344027 0.0850489592031 0.0388241127613 0.0377827405953 0.0255776045185 0.0318751717172 0.0266110290159 0.0244433913508 0.042606905642 0.0418020448473 0.0780955523414 0.15397042743 0.0911559741232 0.0629738483482 0.0765601453803 0.0746691414478 0.0122123060087 0.0592302274211 
0.294326967209 0.00936817910471 0.00995887984675 0.0371736215042 0.0109415363616 0.0171854852073 0.0223181653018 0.00709199742105 0.016918833451 0.00408732573301 0.0135790807613 0.000999115124498 0.0266067426348 0.00960174431527 0.00410104997149 -0.00100835627103 0.00462420497855 0.0254348365037 0.0221545282824 0.0230544424668 0.00441240087198 0.0225819339031 0.0157126308368 -0.000895347712755 0.00436061589819 0.0168627346187 0.0130186860715 0.0114349915715 0.0292988057272 0.0153294884303 0.0286238346544 0.0247817728303 0.0261139731637 0.0221167258973 0.0100673843034 0.0162388608932 0.0182659878396 0.0263614847794 -0.00560440852639 0.0058506942198 0.00700622979373 0.00952086756869 0.00573183135118 -0.0155152742519 0.0199044990995 0.00591339241831 0.0169572836713 8.75880299908e-05 0.013370562205 0.000917586846062 0.00595831261733 0.00600826869766 0.00730755081449 0.0251921419187 -0.00320225397565 0.0085130361087 0.0231749008139 0.030466839532 0.0188720506668 0.0137041701384 
0.00936817910471 0.165318138804 0.0435221184046 0.0178801712825 0.0102876659119 0.0141223512688 0.0124174607649 0.0253088719802 0.00137485820454 0.0232676702845 0.0208445605209 0.0219615517325 0.0245423638395 0.0151587700619 0.0138148219878 0.00936828670941 0.0293146720508 0.011801562797 0.0469628684616 0.0171002769379 0.00859401559155 0.0185234682852 0.00760067865935 0.0138093167077 0.0106831188151 0.0539611099065 0.015968280482 0.0114531652811 -0.00149134446627 0.0183117650541 0.00730077149793 0.0421987466608 0.0256159925118 0.0281529649193 0.028302506925 0.00555050308885 0.00990173130806 0.0112589550303 0.01093280351 0.0170862206165 0.0117250597111 0.0077252588323 0.0176377548662 0.030156974363 0.00776921815429 0.0175570305201 0.0158138142809 0.0206194772479 0.0181645771185 0.00966354418874 0.00837799638575 0.020690831151 0.0157931574678 0.00297702041513 0.00778248178189 -0.000285781408948 0.016833030724 0.0139599510327 0.0112605518897 -0.00168448207677 
0.00995887984675 0.0435221184046 0.132587517963 0.0177752394621 0.0214044455824 0.022383771375 0.0100428068583 0.00235560762346 0.00899965083586 0.0181693821533 0.0142920407048 0.0243976343778 0.0166728019994 0.0194017179967 0.00637978011846 0.0164704597101 0.00697702070311 0.0139461776751 0.0288284202499 0.0171284693782 0.0155346635793 0.0164690062589 0.00651359344824 0.0172417262757 0.017039411051 0.0458566909934 0.0230366825457 0.00671057101586 0.00393464733369 0.019770200651 0.00794334516573 0.0316606971461 0.0205469667408 0.0143980910211 0.0247408316862 0.00704690515419 0.0142992331409 0.00899940004792 0.0137253230902 0.00121910573592 0.0168633072799 0.0217648077893 0.0299097691416 0.0180170244067 0.0281979316751 0.0192765694833 0.0230162607929 0.0219751139372 0.0171373767582 0.0110977438912 0.0117299119586 0.00668930167906 0.0171357992064 0.00425258239287 0.00955383399157 -0.00493991301654 0.0157214837831 0.0165425688182 -0.000246962184631 0.00914649886922 
0.0371736215042 0.0178801712825 0.0177752394621 0.321661277174 0.0134286213085 0.0190680387448 0.0429118821351 0.00130666431449 0.00321533979123 0.0188950267578 0.00109277944934 0.0133245614509 0.0280550427011 0.0125881533197 0.0379232933875 0.00304640519521 0.00428243021595 0.0561987654551 0.0136657019826 0.0325234828733 0.0295664116123 0.0170993082792 0.00989308474727 0.0268756349341 0.0214871247876 0.0273016469719 0.02199132 0.0199241501656 0.0155394824128 0.0159507354147 0.00259830669094 0.0311563665572 0.0241389642829 0.0108103250352 0.0077279467643 0.0341282752533 0.00213316769411 0.0178891719988 -0.00907425654507 0.00888842386699 0.0206322194113 0.0273847141914 0.00806215076027 0.0210374918687 0.0320499348918 0.00647533575186 0.0185250103383 -0.00135453444164 0.0155680526819 0.0114541649242 0.0197610903727 0.0129344942943 0.00473847797453 0.010616717913 0.0172449100228 -0.00200093809679 0.0224635760544 0.0384073039467 -0.00042018103107 0.00992125965259 
0.0109415363616 0.0102876659119 0.0214044455824 0.0134286213085 0.38702552125 0.0115430843712 0.00824643002194 -0.00398441586917 0.00667834472118 0.00874408866608 0.00338890194944 0.0152088893697 0.0193097705234 0.000250385166076 0.0176359213012 4.70151465622e-06 0.00755226171808 0.0214890829269 0.0267345888172 -0.0059553696472 0.0299842993824 0.0091357798369 -0.0084743497109 0.0265966303164 0.0233729846265 0.017216729673 0.0196832888508 -0.00247699811103 0.00640530119784 0.0124884755896 -0.00478901156331 0.00970257732005 0.0114316838963 0.0115091570921 0.016075580225 -0.000567354065923 0.00622435395784 0.0165550435968 -0.00200532852846 0.0125715920657 0.0161790609458 0.0262968438488 0.0105117689932 0.00609313849238 0.0122218791763 0.0154755665793 0.0104549714968 0.0105555119554 0.0381958590467 -0.00305515767591 0.00374276528539 0.000276913572016 0.0103993212973 0.0268385621935 0.0191402908558 0.0136142984751 0.0120977625034 0.0492942858607 0.0136723781848 0.015708379144 
0.0171854852073 0.0141223512688 0.022383771375 0.0190680387448 0.0115430843712 0.381704445717 0.0193090221992 0.00596128833308 0.0198672051624 0.038477170642 0.0108554813795 0.0160032553363 0.0433087764577 0.00620325710252 -0.00826040748351 0.0155860866988 0.00493737493517 0.029481720464 0.0258124151298 0.0175410709817 0.0377717987534 0.0282511844893 0.0199288432893 0.016610075477 0.0340684017959 0.018212721646 0.0197451939624 0.0173922032446 0.00193389742979 0.0252734951446 0.0181885680266 0.0432396994201 0.0453113996608 0.0699524890811 0.01643715765 0.0306078998876 0.00738074163229 0.0250576721837 0.0191885159875 0.0152919459792 0.0261688288124 0.0138776267774 0.0378953705506 0.0487246047918 0.00583580216185 -0.00545713845656 -0.00595711221568 0.00391384404832 0.0152351275018 0.0113289922704 0.0241584779441 0.0220209941311 0.0437150521718 0.0206257805711 0.0480315522923 0.0112124550941 0.0628133738988 0.00966884989704 0.0156213035434 0.0205375069112 
0.0223181653018 0.0124174607649 0.0100428068583 0.0429118821351 0.00824643002194 0.0193090221992 0.294039043741 0.0274408086469 0.0198780568627 0.0176077689757 0.000173782136582 0.00743966734082 0.017995514807 0.00328604185004 -0.00696785747418 0.0268309706728 0.0115016589379 0.0498392890908 0.012140207847 0.0117960363493 0.0079817753197 0.0198115504067 0.0140767354799 0.0283210062477 0.0136763216118 0.00753236501142 0.0232607729082 -0.00294185286415 0.00145774193194 -0.00352248328598 -0.00724971020336 0.0357722124933 0.0249849996466 -0.0148753452839 0.0053226220311 0.0199281964007 -0.00251580418928 0.0171703830786 0.0174253738602 0.00623276468716 0.0290480330283 0.00715414073892 0.0113032500999 -0.00365769064032 0.0207334456003 0.0146501088227 0.000159306100843 0.00393517310422 0.0113980231944 -0.00379707316295 0.00677273595373 0.0015347341045 0.0234798595849 -0.00293762541269 0.0069594185185 0.0141144863 0.0108577414269 0.0560850730754 -0.0145765199675 0.0167393265237 
0.00709199742105 0.0253088719802 0.00235560762346 0.00130666431449 -0.00398441586917 0.00596128833308 0.0274408086469 0.531560548977 -0.0161030499675 0.0147184956565 0.00352378323719 0.00297773160727 0.00818432902555 0.0033064067608 -0.0106875465411 0.00941902200222 0.00128321488863 0.00176316689479 0.00674932423415 0.0162811698642 0.0124579229927 0.000781902659806 -0.00158445258006 0.0200457273624 0.0231188094786 0.011571432322 0.0136800509838 0.0163390807641 -0.00681221619123 0.00961013279054 0.0132736713794 0.00817006475232 0.0135394400017 -0.0125887628509 0.00852451472973 0.000649610462127 -0.000273185363568 0.0126371406869 -0.0128335426873 0.00962419847973 0.0194149845559 0.000647113960621 0.0190514017703 0.0268216112766 0.00985222338405 0.0112416445815 0.00391537597193 -0.0045954179413 0.0149938167079 0.00625429444753 0.0144409521757 -0.0338561867218 0.00331603217004 0.0107435760251 0.0019227644756 -0.011360184964 -0.00237101508581 -0.00254107536584 0.00811383763046 0.00589736025704 
0.016918833451 0.00137485820454 0.00899965083586 0.00321533979123 0.00667834472118 0.0198672051624 0.0198780568627 -0.0161030499675 0.385025098771 0.0178464955217 0.00165706302264 0.017219674368 0.0175497946807 0.00226337920463 0.00398495593605 0.0528681671887 0.0148769766669 0.01717495273 0.00901782061235 -0.00329460316894 0.0110388764304 0.00233061958122 -0.00690414647706 0.0185574006515 0.0122004693502 0.00257881117973 0.0214037064212 0.0229741829295 0.0262812713391 0.0116904640702 0.00281735218669 0.0297079843484 0.0363487783284 0.0910285024604 0.0399104287542 -0.000650935375539 0.0213154117286 0.0262420830482 0.0892823771423 -0.00915166492282 0.0303662675727 0.0219229214099 -0.00120310180625 0.028498612837 0.00618335756256 0.0475968755365 0.0118056800127 0.0150866830793 0.0218505465254 0.00210007216116 0.0140895249745 0.0234028072208 0.0135081780602 0.160316457861 0.0352962440771 0.104938685786 0.0321284909144 0.00987665764235 0.0121602321427 0.00425744637432 
0.00408732573301 0.0232676702845 0.0181693821533 0.0188950267578 0.00874408866608 0.038477170642 0.0176077689757 0.0147184956565 0.0178464955217 0.255757725379 0.0145882534591 0.0139357849527 0.042310500433 0.010380346898 0.00243949046422 0.00315767646099 0.0143477543646 0.0279443250117 0.0373806168201 0.020172402389 0.0176785288862 0.0230388649369 0.0230609196712 0.00166395885951 0.0088885143715 0.0181694004179 0.0178480978678 0.0096645223231 0.00385788731981 0.0303392420776 0.0164193021502 0.024552192096 0.0267772496639 0.0533087171787 0.00876498798146 0.00922970320986 0.000762721065178 0.0142455666978 0.0193451923886 0.0145254404979 0.0220837511035 0.028377388234 0.00863108291406 0.0223128859358 0.0141769878773 0.0146288602745 0.0209444146186 0.00253427205283 0.0135966029054 0.0126636564326 0.0243534163487 0.0254553520672 0.00719611049826 0.0257918776179 0.0264321963533 0.0306787181688 0.027568271451 0.0195507015136 0.0227404194612 0.0118304690084 
0.0135790807613 0.0208445605209 0.0142920407048 0.00109277944934 0.00338890194944 0.0108554813795 0.000173782136582 0.00352378323719 0.00165706302264 0.0145882534591 0.277143891858 0.00609342728711 0.0240784695136 0.0091803847522 -0.0140794286562 0.0274892437315 0.0184307931642 0.0236827748913 0.030760564047 0.00296382781353 0.0146782093141 0.00653161756734 0.0183022385653 0.0165120176733 0.0191245905074 0.0294201018565 0.0392342763962 -0.00239207028596 0.082719549171 0.0134572723546 0.0125055197808 0.0149784117442 0.0130819802431 0.00758558338179 0.00833667568017 0.0184875108022 -0.00692888485241 0.000877238482482 0.00561934478989 0.0113186089365 0.0231106094139 0.00346320886054 0.0086758189152 -0.0012491977883 0.0038636597575 -0.00216762975012 0.0199597939768 -0.000219644615813 0.0116227739394 0.0102279136454 0.0150432257517 0.0171074246543 0.0101400272907 -0.0080373688263 -0.010735125759 -0.00678081843824 0.0266453506103 0.00524529616493 0.00372509288252 -0.00043257013668 
0.000999115124498 0.0219615517325 0.0243976343778 0.0133245614509 0.0152088893697 0.0160032553363 0.00743966734082 0.00297773160727 0.017219674368 0.0139357849527 0.00609342728711 0.189486615559 0.00668918773439 0.00918671179653 0.00267213520846 0.00761389501523 0.0115395124831 0.0260454926135 0.0371421280325 0.00141484521067 0.0036912875545 0.0143835766785 0.00338309139399 0.0165245210374 0.0131678452325 0.0155054467256 0.0246289456605 0.0237970419937 -0.00197291370537 0.0227215405935 -0.00208444974069 0.0185738366538 0.0338187203681 0.035196956594 0.0303272367754 0.011052144211 0.0135325195223 0.0023360915166 0.0244194092908 0.0108838387377 0.0222359303549 0.0729649906729 0.024495846833 0.034516678937 0.0130222133894 0.0185600832754 0.0285456630375 0.0284340545516 0.0108936131741 0.00413197744978 0.0187611544104 0.0233642880839 0.0112858950613 0.0153927943117 0.0195358096019 -0.00266963834933 0.0096574277612 -0.00293818353844 0.0172333671329 0.0145699713203 
0.0266067426348 0.0245423638395 0.0166728019994 0.0280550427011 0.0193097705233 0.0433087764577 0.017995514807 0.00818432902555 0.0175497946807 0.042310500433 0.0240784695136 0.00668918773439 0.44252853897 0.0192669923603 0.0599081526504 0.0266360307222 0.0539523385593 0.0767359357751 0.029224072312 0.0567343486165 0.0508949034391 0.049141299981 0.0350863285011 0.0204677373053 0.034649021793 0.0375332125485 0.0152301861867 0.0248216521223 0.00698484875452 0.0689704852969 0.0166580376216 0.0362908810589 0.069990294029 0.113805704044 0.00631671489352 0.0224069963163 0.0322057456405 0.00824201210061 0.0144274259518 0.00783751733349 0.0551437549129 0.029761487005 0.035080575166 0.0126715150323 0.0252918685653 0.00820470906585 0.0119337393181 0.00766007346325 -0.00505252619658 0.00974749582327 0.0144609330325 0.0322673242007 0.0283173596353 0.0622590631766 0.0423926454127 0.00610037466371 0.0588070025945 0.0739146612775 0.0187592617798 0.0345571873756 
0.00960174431527 0.0151587700619 0.0194017179967 0.0125881533197 0.000250385166076 0.00620325710252 0.00328604185004 0.0033064067608 0.00226337920463 0.010380346898 0.0091803847522 0.00918671179653 0.0192669923603 0.244809618578 0.0246382144372 0.013006686834 0.0111448254928 0.00246534593436 0.00657677200665 0.0215468479897 -0.00203682803445 0.0114592283505 -0.000802379886196 0.0198343628768 -0.00163939942861 0.0159951511078 0.0249276534689 0.0063821889796 -0.000146426394417 0.0098781840823 -0.00337772103152 0.00334877042534 9.01279272725e-05 0.00961508282001 0.0235053222083 0.00511414655701 0.0110194096299 0.00863485343192 -0.000336218724923 0.00267288400414 0.00226225697026 0.0152180482428 0.00299447497144 0.0383704178792 0.000832929180225 0.0152511122873 0.00800930371383 0.0124020830505 0.00462683977634 0.00598381479482 0.00149314796099 0.0135931488956 -0.00608864811634 -0.000369192735551 0.0192466147423 0.00331624113833 0.0151833257281 -0.00333175860394 -0.00601311537022 0.00763738064364 
0.00410104997149 0.0138148219878 0.00637978011846 0.0379232933875 0.0176359213012 -0.00826040748351 -0.00696785747418 -0.0106875465411 0.00398495593605 0.00243949046422 -0.0140794286562 0.00267213520846 0.0599081526504 0.0246382144372 0.438190690747 0.0094464453153 0.0550680823591 0.00881634477381 0.000486320171297 -0.00745595539844 0.00402868888809 0.000771884548568 0.00250345840195 0.000234205056224 0.00996919328635 0.00458456402562 0.00984161957524 -0.00308720617678 -0.00671013018498 -0.00199669793652 0.0092711857769 0.000929032834009 -0.00426615902678 -0.0180315340156 0.0141194166672 0.00431562184825 0.0119784025237 0.0011720229308 -0.00762919889784 0.00300775286431 -0.0120976673987 0.00801756349286 -0.0110859745468 0.00571375791384 0.00578715022355 0.0147022680252 -0.0110043236318 0.00289331329044 0.00515916995574 0.00279446885493 0.00451356801307 0.00151227559205 0.00969417668767 -0.00341494789543 -0.00911590742974 0.0109344281812 -0.0182621961495 -0.00764795647203 -0.00856455461304 -0.00241225241588 
-0.00100835627103 0.00936828670941 0.0164704597101 0.00304640519521 4.70151465639e-06 0.0155860866988 0.0268309706728 0.00941902200222 0.0528681671887 0.00315767646099 0.0274892437315 0.00761389501523 0.0266360307222 0.013006686834 0.0094464453153 0.355477946418 0.013739211604 -0.000823735436632 0.0154970599581 7.37900428356e-05 -0.001117461768 0.0217527561161 0.00661263835074 0.011276139843 -5.06371967478e-05 0.0121082993292 0.016537803901 0.0115625103529 0.0339946644332 -0.00303699597369 0.0208313627036 -0.00195656367544 0.0545225597476 0.00479442770513 0.0456514904519 0.0030175288166 0.0147769081477 0.0194321521123 -0.0033555563688 0.00212699885799 0.0120570372217 0.020738101392 -0.0126385981983 0.0135326802639 0.00624264150853 0.0357281304877 0.00621780317362 0.0500148275779 0.0012673035333 0.00502282473482 0.0191028972002 0.0164441588465 -0.000713934602365 0.0252612665178 0.0154237353904 0.0280645630986 0.00740226844152 -0.000644934073259 0.0227910067612 0.021763664297 
0.00462420497855 0.0293146720508 0.00697702070311 0.00428243021595 0.00755226171808 0.00493737493517 0.0115016589379 0.00128321488863 0.0148769766669 0.0143477543646 0.0184307931642 0.0115395124831 0.0539523385593 0.0111448254928 0.0550680823591 0.013739211604 0.225841654183 0.011617222985 0.00743815549515 0.0157587209705 0.00560997521343 -0.00596464126379 0.00516209617418 0.0222995357654 0.00836562551071 0.0251915319739 0.00953531549223 0.00887168799337 -0.00577966983382 -0.00350369307858 0.00579477180685 0.0152038075597 0.0084590382897 0.0224160530008 0.00939337445037 0.0120005543334 0.0109441129213 0.00487698459105 -0.000856188425301 -0.00183405014994 0.00746249451598 0.0149853663616 0.01267862452 0.0159864034607 -0.00826497637543 0.00327658034241 0.00390704063588 0.0159402919757 0.0209111779011 -0.00265156725171 0.00469553437297 0.00541550756445 -0.00603895598994 0.00550587063312 -0.0028704706211 -0.00415895028534 0.00456275251401 0.0109169503283 0.00543899648241 0.00621653579559 
0.0254348365037 0.011801562797 0.0139461776751 0.0561987654551 0.0214890829269 0.029481720464 0.0498392890908 0.00176316689479 0.01717495273 0.0279443250117 0.0236827748913 0.0260454926135 0.0767359357751 0.00246534593436 0.00881634477381 -0.000823735436632 0.011617222985 0.604838922095 0.029079373409 0.0100609582016 0.0233651120274 0.0330526939691 0.0246198012814 0.0266040716289 0.0179671335426 0.0160364615206 -0.00210913795965 0.0343884033228 0.0440469970343 0.0385995584756 -0.000164068092952 0.0212743246536 0.0367543487963 0.0581248671487 0.0105011295766 0.0352809979552 0.0167456946368 0.0170950879237 0.0039161289579 0.0153987369815 0.00390653773958 0.0210968907175 0.0373360361748 0.0333471756526 0.0133464561524 -0.00306752423361 -0.0184780698628 0.000831138815521 5.1622327275e-05 0.00902529326791 0.0120521543953 0.0455250773927 0.0292244646014 0.0375373324768 0.0253505868794 0.0242645617698 0.0454635853156 0.0405534024812 0.0214348336464 0.017380939688 
0.0221545282824 0.0469628684616 0.0288284202499 0.0136657019826 0.0267345888172 0.0258124151298 0.012140207847 0.00674932423415 0.00901782061235 0.0373806168201 0.030760564047 0.0371421280325 0.029224072312 0.00657677200665 0.000486320171298 0.0154970599581 0.00743815549515 0.029079373409 0.231303321949 0.0183890748783 0.0161210172738 0.0277399242632 -0.000857286887791 0.0245267177509 0.0349507748877 0.0474987045134 0.0211273179833 0.0202952464262 0.00468987803803 0.0283501536574 -0.000111898120772 0.0215616713265 0.0299238594623 0.0526909674434 0.0384939845704 0.0149058591337 0.0208982686746 0.0170506131737 0.019069321667 0.0190669923856 0.0152864564841 0.0307232277052 0.0241823730136 0.0138437081981 0.0138980291272 0.0142832330031 0.0237327071221 0.0239272574296 0.00968728352518 0.0190277350404 0.0336158163897 0.0454689247454 0.0557982238758 0.0085739215277 0.0195659579032 0.00388357834787 0.0253260964091 0.0143585473049 0.0176225321677 0.0324961293134 
0.0230544424668 0.0171002769379 0.0171284693782 0.0325234828733 -0.0059553696472 0.0175410709817 0.0117960363493 0.0162811698642 -0.00329460316894 0.020172402389 0.00296382781353 0.00141484521067 0.0567343486165 0.0215468479897 -0.00745595539844 7.37900428357e-05 0.0157587209705 0.0100609582016 0.0183890748783 0.476612540069 0.0203705871183 0.0212350688628 0.00829221400865 0.0192771578009 0.0443475551053 0.0182522960439 0.0291468512314 -0.00240588827147 0.0241578108958 0.0715905831426 0.000368142972327 0.0286259961944 0.0245452088097 0.0618574904291 -0.00669253510309 0.029016102639 0.0148523294865 0.0188180546478 0.0135138182323 0.00336170862938 0.0260172870936 0.0131411450037 0.0186750864943 0.027093983878 0.0146739023981 0.00857512487347 0.00390326157946 -0.000584111191932 0.00733459167118 0.0101201613965 0.025123576685 0.028565756392 0.013637431834 -0.00395238192821 0.0159216088029 -0.0208402787849 0.00988540642115 0.0127177746695 -0.0124724328596 0.00851082576474 
0.00441240087198 0.00859401559155 0.0155346635793 0.0295664116123 0.0299842993824 0.0377717987534 0.0079817753197 0.0124579229927 0.0110388764304 0.0176785288862 0.0146782093141 0.0036912875545 0.0508949034391 -0.00203682803445 0.00402868888809 -0.001117461768 0.00560997521343 0.0233651120274 0.0161210172738 0.0203705871183 0.677595075329 0.0334440230095 0.0241697293129 0.0210423025312 0.0101844388651 0.00317808957882 -0.00166244717939 -0.00229950962988 0.00839168257892 0.0354245360643 0.00770141841927 0.0302746815123 0.022064672054 0.0590209635365 0.0107065473397 -0.00808253508589 0.0121922456816 -0.00560537041477 0.0295938325938 0.0134955290253 0.0438600165924 0.0224201362833 0.0389685437138 0.0142847080875 0.0149669027727 -0.00809635618669 0.00679492245896 -0.00407581122945 0.0219053546424 0.00817162278084 0.0103526902928 0.00619810606528 0.0395433152985 0.0300782440863 0.0220752227507 0.0285087006974 0.035422901685 0.0290871281528 0.0272600357879 0.000240157262108 
0.0225819339031 0.0185234682852 0.0164690062589 0.0170993082792 0.0091357798369 0.0282511844893 0.0198115504067 0.000781902659806 0.00233061958122 0.0230388649369 0.00653161756734 0.0143835766785 0.049141299981 0.0114592283505 0.000771884548568 0.0217527561161 -0.00596464126379 0.0330526939691 0.0277399242632 0.0212350688628 0.0334440230095 0.317745207864 0.0145437447338 -0.000126863353265 0.0200010369958 0.0160899124239 0.0178463371302 0.00923050754319 0.00741957106313 0.0402987462137 0.0153215542099 0.0110855097971 0.0311186170414 0.0153571768599 0.0141338834124 0.016192437904 0.0438829392894 0.0254471200286 0.000336508225955 0.028694277172 0.0178329102548 0.0262913758117 0.023684454687 0.0228191532468 0.00532671287553 0.00976467004025 0.0221610408246 0.0114816798334 0.0133124619641 0.00704720915508 0.00928119823234 0.00262466057249 0.0152092599599 0.00702483022782 0.0237006264685 0.00810523447003 0.0307653842691 0.0194812018559 0.0140434688049 0.00922594357864 
0.0157126308368 0.00760067865935 0.00651359344824 0.00989308474727 -0.0084743497109 0.0199288432893 0.0140767354799 -0.00158445258006 -0.00690414647706 0.0230609196712 0.0183022385653 0.00338309139399 0.0350863285011 -0.000802379886196 0.00250345840195 0.00661263835074 0.00516209617418 0.0246198012814 -0.000857286887791 0.00829221400865 0.0241697293129 0.0145437447338 0.243050886734 0.0213208380233 0.0329699237805 0.0109751646985 0.0331419756094 0.010948509844 0.0215024111846 0.0133345663326 0.00295382236621 -0.002042699465 0.0177653342559 0.0339613134477 0.0106899230209 0.0168725583309 0.0130668797032 0.00992542289303 0.0178178850531 0.0106593095463 0.0179136004427 -0.00599142275236 0.0283385541214 0.0157983949182 0.00789191930143 0.0141836083624 0.0144530451558 0.0132011849673 0.00769380332337 -0.000877765388802 0.00705116457017 0.0233557044606 -0.0051897791391 0.0174957853846 0.0316534625108 -0.00299251249702 0.0185282947709 0.0207066311074 0.00207189433876 0.0137791334866 
-0.000895347712755 0.0138093167077 0.0172417262757 0.0268756349341 0.0265966303164 0.016610075477 0.0283210062477 0.0200457273624 0.0185574006515 0.00166395885951 0.0165120176733 0.0165245210374 0.0204677373053 0.0198343628768 0.000234205056224 0.011276139843 0.0222995357654 0.0266040716289 0.0245267177509 0.0192771578009 0.0210423025312 -0.000126863353265 0.0213208380233 0.249969145151 0.023674996167 0.0203251606712 0.0495595853976 0.0112268385254 -0.000583112049509 0.0148414253707 -0.00519919582416 0.0381241424677 0.0445059428336 0.0295831216933 0.0111009146919 0.0278829879226 -0.00477671614804 0.00816234212352 -0.00314357136368 0.00841584317101 0.0289235537128 0.016725844802 0.0182278914743 0.0208363810737 0.013418031208 0.0113165925399 0.00903831487942 0.00833750500372 0.0114669857104 0.014045813069 0.0262555892563 0.0209254480981 0.00908808412834 0.0112923416697 0.0287569491609 -0.00754524486177 0.00763051147611 0.0185561107119 0.00438928961064 0.0200063308661 
0.00436061589819 0.0106831188151 0.017039411051 0.0214871247876 0.0233729846265 0.0340684017959 0.0136763216118 0.0231188094786 0.0122004693502 0.0088885143715 0.0191245905074 0.0131678452325 0.034649021793 -0.00163939942861 0.00996919328635 -5.06371967478e-05 0.00836562551071 0.0179671335426 0.0349507748877 0.0443475551053 0.0101844388651 0.0200010369958 0.0329699237805 0.023674996167 0.427585468689 0.0234045161631 0.00861693470698 0.0037860820549 0.00623381153733 0.00411850355837 0.00671136619208 0.0138952977957 0.0299968681116 0.0325597187402 0.011077999644 0.0139649872957 0.02096035447 0.0297235035795 0.0081023076054 0.0252683506976 0.0324073967353 0.00275372729905 0.00567584213962 0.0247868711566 0.00336760122549 -0.000519637155606 -0.000854115289644 0.0069303881334 0.0316191715457 0.0181565232309 0.0298527100358 7.72742093929e-05 -0.00469592076644 0.0121063804723 0.00879271390102 -0.0011583704579 0.00628932243519 0.0220843106719 -0.00105050990797 0.0308236714027 
0.0168627346187 0.0539611099065 0.0458566909934 0.0273016469719 0.017216729673 0.018212721646 0.00753236501142 0.011571432322 0.00257881117973 0.0181694004179 0.0294201018565 0.0155054467256 0.0375332125485 0.0159951511078 0.00458456402562 0.0121082993292 0.0251915319739 0.0160364615206 0.0474987045134 0.0182522960439 0.00317808957882 0.0160899124239 0.0109751646985 0.0203251606712 0.0234045161631 0.169511839656 0.0279941008436 0.00801167365236 -5.56377836445e-05 0.0196316362197 0.00113578606753 0.0167374628666 0.022633234397 0.026646901197 0.014308170366 0.00748861368549 0.00807409521696 0.0160343593943 -0.000431774482667 0.00862830409586 -0.00296814644375 0.0136151442821 0.0260482749322 0.0163772948359 0.0204558555721 0.0145550883717 0.014507298334 0.0214458477694 0.0165013540418 0.0208140067118 0.0240205160064 0.0190479999804 -0.00226699103487 -0.0029566631449 0.0216539485596 0.00814227299973 0.0134975330513 0.0197863436889 0.00968648653791 0.016588226294 
0.0130186860715 0.015968280482 0.0230366825457 0.02199132 0.0196832888508 0.0197451939624 0.0232607729082 0.0136800509838 0.0214037064212 0.0178480978678 0.0392342763962 0.0246289456605 0.0152301861867 0.0249276534689 0.00984161957524 0.016537803901 0.00953531549223 -0.00210913795965 0.0211273179833 0.0291468512314 -0.00166244717939 0.0178463371302 0.0331419756094 0.0495595853976 0.00861693470698 0.0279941008436 0.394301193675 0.00409524097513 0.0289083234908 0.0218903323319 0.0183905269331 0.0440962969819 0.0377668043039 0.00518915161509 0.00848641013324 0.0164088203303 -0.00291873577782 0.0226205528552 0.0162228607612 0.0108363004056 0.0133617765891 0.0133231153706 -0.000310405762561 0.00672489879611 0.0227618369803 0.00891927769296 0.0156313317998 0.0156449848272 0.0174785565292 0.0136194063074 0.0247815722775 0.0219130720737 0.00784504942482 -0.0104450794945 0.0325275686602 -0.00497479563129 0.0280878985249 0.00263138501058 0.0322464734293 0.010090051852 
0.0114349915715 0.0114531652811 0.00671057101586 0.0199241501656 -0.00247699811103 0.0173922032446 -0.00294185286415 0.0163390807641 0.0229741829295 0.0096645223231 -0.00239207028596 0.0237970419937 0.0248216521223 0.0063821889796 -0.00308720617678 0.0115625103529 0.00887168799337 0.0343884033228 0.0202952464262 -0.00240588827147 -0.00229950962988 0.00923050754319 0.010948509844 0.0112268385254 0.0037860820549 0.00801167365236 0.00409524097513 0.280312857924 0.0170060545012 0.00872354828122 0.00210877602626 0.0148245509348 0.00831757363257 0.0277719817208 0.0180417388086 0.0320494935747 0.00282351328063 0.0155596641741 0.0163952682306 0.0119000748123 0.0281568631641 0.0106928318355 0.00336994563108 0.0241521731694 0.0203789279254 0.00689475052585 0.0130276930682 0.0167008566583 0.00972272142609 0.0066431684694 0.0170121473507 0.0264703001504 8.59493654449e-05 0.0106169577535 0.0155806303903 0.0217182333507 0.0132020620655 0.0285476416183 0.015966783378 0.000706948585012 
0.0292988057272 -0.00149134446627 0.00393464733369 0.0155394824128 0.00640530119784 0.00193389742979 0.00145774193194 -0.00681221619123 0.0262812713391 0.00385788731981 0.082719549171 -0.00197291370537 0.00698484875452 -0.000146426394418 -0.00671013018498 0.0339946644332 -0.00577966983382 0.0440469970343 0.00468987803803 0.0241578108958 0.00839168257892 0.00741957106313 0.0215024111846 -0.000583112049509 0.00623381153733 -5.56377836447e-05 0.0289083234908 0.0170060545012 0.625563873729 0.0174279095681 0.0253663673511 0.0114789015341 -0.00136412951664 0.0171826275003 -0.0012451858593 0.00904828738784 0.0190448859891 0.0387195501478 0.00697604433768 0.00891259287173 0.00997767052809 0.0282356849937 -0.000773269330492 -0.00147453948063 0.000503673336867 0.0241840626346 0.0201033648616 -0.000983609435365 -0.000560744539878 -0.00328060042984 0.00237263655239 -0.00476495784905 -0.00188546366545 0.00590580432117 0.058087684222 0.0121446756524 0.0420941186807 0.0134646478794 0.000511777235191 0.0249661385428 
0.0153294884303 0.0183117650541 0.019770200651 0.0159507354147 0.0124884755896 0.0252734951446 -0.00352248328598 0.00961013279054 0.0116904640702 0.0303392420776 0.0134572723546 0.0227215405935 0.0689704852969 0.0098781840823 -0.00199669793652 -0.00303699597369 -0.00350369307858 0.0385995584756 0.0283501536574 0.0715905831426 0.0354245360643 0.0402987462137 0.0133345663326 0.0148414253707 0.00411850355837 0.0196316362197 0.0218903323319 0.00872354828122 0.0174279095681 0.453285397784 0.00146503914058 0.0336503214389 0.0336103856726 0.105767561189 0.00612935935942 0.0169314919393 0.012111835047 0.0142617095164 0.0321165624054 0.0175325632588 0.0150512396904 0.0314693252281 0.019410120612 0.0450174722943 0.0214898754034 0.0236775390327 0.0151904958131 0.0176145990981 0.0198811604986 0.0189583901122 0.0348661728588 0.0266061162734 0.025448892917 0.0376342212202 0.0450083447165 0.0132733145159 0.0265077084159 0.0375314381045 0.0128122002422 0.0197325944171 
0.0286238346544 0.00730077149793 0.00794334516573 0.00259830669094 -0.00478901156331 0.0181885680266 -0.00724971020336 0.0132736713794 0.00281735218669 0.0164193021502 0.0125055197808 -0.00208444974069 0.0166580376216 -0.00337772103152 0.0092711857769 0.0208313627036 0.00579477180686 -0.000164068092952 -0.000111898120772 0.000368142972327 0.00770141841927 0.0153215542099 0.00295382236621 -0.00519919582416 0.00671136619208 0.00113578606753 0.0183905269331 0.00210877602626 0.0253663673511 0.00146503914058 0.219859739993 0.000688162907137 0.0117819582458 0.0240775538357 0.000517035429144 -0.000888629934748 0.0105634790434 0.00102486593652 0.0103329487785 0.00505563826252 0.0165588791099 0.015912274065 0.0105046785469 0.0159409561765 0.0105247608868 0.0100740986289 0.00303978281358 0.00878629129612 0.00094979786094 0.00134620204488 0.00737625904613 -0.00247298256789 -0.00122989977785 0.0180015135232 0.0160890561292 0.00653217662494 0.0212430747763 0.0300102944649 0.021779037498 0.00143757224203 
0.0247817728303 0.0421987466608 0.0316606971461 0.0311563665572 0.00970257732005 0.0432396994201 0.0357722124933 0.00817006475232 0.0297079843484 0.024552192096 0.0149784117442 0.0185738366538 0.0362908810589 0.00334877042534 0.000929032834009 -0.00195656367544 0.0152038075597 0.0212743246536 0.0215616713265 0.0286259961944 0.0302746815123 0.0110855097971 -0.002042699465 0.0381241424677 0.0138952977957 0.0167374628666 0.0440962969819 0.0148245509348 0.0114789015341 0.0336503214389 0.000688162907136 0.310119907321 0.0167753042715 0.04526076131 0.00631347477115 0.027511292325 0.013782811011 0.0151396359671 0.037344430263 0.0057539045617 0.032124457159 0.0213907313834 0.0101435534687 0.00961242269907 0.0296099865427 0.0023235511573 0.0146960747074 0.00999351713302 0.0114935522607 0.00233485689062 0.0176567051354 0.03363646308 0.0179371146432 0.0117872914682 0.0351157964041 0.0107044287909 0.0219856951626 0.0383580315586 -0.00649744612041 0.0282400422445 
0.0261139731637 0.0256159925118 0.0205469667408 0.0241389642829 0.0114316838963 0.0453113996608 0.0249849996466 0.0135394400017 0.0363487783284 0.0267772496639 0.0130819802431 0.0338187203681 0.069990294029 9.01279272725e-05 -0.00426615902678 0.0545225597476 0.0084590382897 0.0367543487963 0.0299238594623 0.0245452088097 0.022064672054 0.0311186170414 0.0177653342559 0.0445059428336 0.0299968681116 0.022633234397 0.0377668043039 0.00831757363257 -0.00136412951664 0.0336103856726 0.0117819582458 0.0167753042715 0.546044139178 0.0398422041733 0.0158712718667 0.0140457741252 0.0156439463078 0.0214614679152 0.0164895397757 0.0203761753859 0.0144742243998 0.0380315896164 0.0433802690617 0.0305163757567 0.0192542206719 0.0172322846892 -0.00229694952428 0.0151929924152 0.0073482413236 -0.00253109258917 0.0121704614492 0.0405278989196 0.0180621322535 0.133333003229 0.0432887260142 0.0318359415513 0.0263326007255 0.0292819661497 0.0212627107605 0.0391592915743 
0.0221167258973 0.0281529649193 0.0143980910211 0.0108103250352 0.0115091570921 0.0699524890811 -0.0148753452839 -0.0125887628509 0.0910285024604 0.0533087171787 0.00758558338179 0.035196956594 0.113805704044 0.00961508282001 -0.0180315340156 0.00479442770513 0.0224160530008 0.0581248671487 0.0526909674434 0.0618574904291 0.0590209635365 0.0153571768599 0.0339613134477 0.0295831216933 0.0325597187402 0.026646901197 0.00518915161509 0.0277719817208 0.0171826275003 0.105767561189 0.0240775538357 0.04526076131 0.0398422041733 0.600069592243 0.0296173757725 0.0104952929372 0.00165937829293 0.0229655264873 0.201727309392 0.0266184028273 0.0313317425862 0.0317539765432 0.043248537908 0.0497678210284 0.0204305040189 0.0235048313033 0.0085699595974 0.0253711891918 0.0203124642096 0.00984468599534 0.0441492349448 0.0482339486237 0.0583972551216 0.111994527967 0.0809009375979 0.0830684780987 0.0419928766119 0.0423224811139 0.00385944421145 0.0159164309941 
0.0100673843034 0.028302506925 0.0247408316862 0.0077279467643 0.016075580225 0.01643715765 0.0053226220311 0.00852451472973 0.0399104287542 0.00876498798146 0.00833667568017 0.0303272367754 0.00631671489352 0.0235053222083 0.0141194166672 0.0456514904519 0.00939337445037 0.0105011295766 0.0384939845704 -0.00669253510309 0.0107065473397 0.0141338834124 0.0106899230209 0.0111009146919 0.011077999644 0.014308170366 0.00848641013324 0.0180417388086 -0.0012451858593 0.00612935935942 0.000517035429144 0.00631347477115 0.0158712718667 0.0296173757725 0.200274707116 0.0171028052291 0.00979072066527 0.00574166269445 0.0271975214786 0.00175429251769 -0.00432168612406 0.0226312723053 0.00902126041831 0.0112051600603 0.00719669290774 0.0370980908316 0.0130445726993 0.0400902634744 0.0247559399564 0.0092201142301 0.0162006280237 0.0167509157913 0.0143348459875 0.0382431792429 0.00661568830633 0.0214463136535 0.00661280457385 0.0101257826978 0.0115323267576 0.0167671768235 
0.0162388608932 0.00555050308885 0.00704690515419 0.0341282752533 -0.000567354065923 0.0306078998876 0.0199281964007 0.000649610462127 -0.00065093537554 0.00922970320986 0.0184875108022 0.011052144211 0.0224069963163 0.00511414655701 0.00431562184825 0.0030175288166 0.0120005543334 0.0352809979552 0.0149058591337 0.029016102639 -0.00808253508589 0.016192437904 0.0168725583309 0.0278829879226 0.0139649872957 0.00748861368549 0.0164088203303 0.0320494935747 0.00904828738784 0.0169314919393 -0.000888629934748 0.027511292325 0.0140457741252 0.0104952929372 0.0171028052291 0.28539580782 0.0188538648403 0.0112195881196 0.00590286078945 0.00954501663831 0.0107771526186 0.0144554773442 0.0365502713068 0.0213430883866 0.0219069887001 0.00834492097347 0.00921859685672 -0.00459936547239 0.0220840840029 0.00888798747415 0.0162104979247 0.0230650515764 -0.0124022952146 0.0054983478356 0.0286025113383 0.0175728004002 0.0173689298856 0.0398356130735 0.0113153801341 0.00962777713413 
0.0182659878396 0.00990173130806 0.0142992331409 0.00213316769411 0.00622435395784 0.00738074163229 -0.00251580418928 -0.000273185363568 0.0213154117286 0.000762721065178 -0.00692888485241 0.0135325195223 0.0322057456405 0.0110194096299 0.0119784025237 0.0147769081477 0.0109441129213 0.0167456946368 0.0208982686746 0.0148523294865 0.0121922456816 0.0438829392894 0.0130668797032 -0.00477671614804 0.02096035447 0.00807409521696 -0.00291873577782 0.00282351328063 0.0190448859891 0.012111835047 0.0105634790434 0.013782811011 0.0156439463078 0.00165937829293 0.00979072066527 0.0188538648403 0.357551747045 0.0143071602034 0.00198088944798 6.18728376303e-05 0.0125620289248 0.0140477547105 0.0697623808168 0.0109667884392 0.00935755028145 0.00981226429714 0.000435378317873 0.0145836002086 0.00325792942257 0.017383653484 0.00469601142035 0.00847030645112 -0.00238517032498 0.00830534095844 0.0343840125748 -0.00233506254542 0.0238347067096 -0.0177085285524 0.00951709236726 0.0417068201485 
0.0263614847794 0.0112589550303 0.00899940004792 0.0178891719988 0.0165550435968 0.0250576721837 0.0171703830786 0.0126371406869 0.0262420830482 0.0142455666978 0.000877238482482 0.0023360915166 0.00824201210061 0.00863485343192 0.0011720229308 0.0194321521123 0.00487698459105 0.0170950879237 0.0170506131737 0.0188180546478 -0.00560537041477 0.0254471200286 0.00992542289303 0.00816234212352 0.0297235035795 0.0160343593943 0.0226205528552 0.0155596641741 0.0387195501478 0.0142617095164 0.00102486593652 0.0151396359671 0.0214614679152 0.0229655264873 0.00574166269445 0.0112195881196 0.0143071602034 0.449003863176 0.0165139575887 0.00740713099664 0.0113752334361 0.00230497965261 0.0072406726381 0.0148167280907 0.00105940169171 0.0340542773529 0.0204721535663 0.0274282585063 0.0188550632681 0.00620624955119 0.00849623058283 0.00377758620944 0.00852074966819 0.0147630920178 0.038159160522 0.00187867388903 0.0107185680563 0.0177246755375 0.00687371900639 0.0301282959557 
-0.00560440852639 0.01093280351 0.0137253230902 -0.00907425654507 -0.00200532852846 0.0191885159875 0.0174253738602 -0.0128335426873 0.0892823771423 0.0193451923886 0.00561934478989 0.0244194092908 0.0144274259518 -0.000336218724923 -0.00762919889784 -0.0033555563688 -0.000856188425301 0.0039161289579 0.019069321667 0.0135138182323 0.0295938325938 0.000336508225955 0.0178178850531 -0.00314357136368 0.0081023076054 -0.000431774482667 0.0162228607612 0.0163952682306 0.00697604433768 0.0321165624054 0.0103329487785 0.037344430263 0.0164895397757 0.201727309392 0.0271975214786 0.00590286078945 0.00198088944798 0.0165139575887 0.476959870188 0.00183741197842 0.0352273766862 0.00557812136094 0.0133339431516 0.0402175003583 0.013124996318 0.0238326239738 -0.00417911274855 0.012181492205 0.00805487351305 0.0166001668917 0.0167327669223 0.00530179436619 -0.0116316028509 0.0739069121497 0.00803411209441 0.0510096539888 0.0126797755129 0.0121594260071 0.0147656621155 0.0118227129776 
