50
0.0700025840065 0.0254946283421 0.0308768641188 0.0800378705657 0.123926899062 0.126958151155 0.0525709156995 0.0340091550877 0.0123991351417 0.0359279599811 0.275379497042 0.0130713531851 0.0285158318856 0.00361039022472 0.0664901393557 0.0726136826411 0.0936563270582 0.0391901687574 0.0335346879574 0.0246636786654 0.104903250727 0.0335319673985 0.0270000307956 0.107238949757 0.0682562642732 0.022286409141 0.0988670942005 0.100974868985 0.0594687244428 0.265107550494 0.090319564185 0.0394797478448 0.0353360638732 0.0952881581377 0.0715007016099 0.0324915821016 0.0511846892664 0.0635798530397 0.0436219100546 0.118355026327 0.0542920038725 0.126302472887 0.0289058353667 0.135299445153 0.116671338284 0.0333203023267 0.0395396308246 0.0704019073317 0.0265193363437 0.0435638119902 
0.324370373975 0.0117418964194 0.000793233230131 0.0116531731519 0.0276267470693 0.0366629136882 0.0109823819967 0.0156523114903 0.0111452460142 0.00640264291798 0.00796755869903 0.00192206547823 0.000965535048518 0.0100985477264 0.0159468892287 0.0117729503961 -0.0011248608338 0.00395540535952 0.00562235780856 0.00866037906091 0.0224356304703 -0.00195424106085 0.0105456364749 0.0290347909168 0.00999267425241 -0.000621662352289 0.0127765463584 0.0123445493502 -0.00690496209479 -0.00617281816814 0.0223405776394 0.00200928780244 -0.000762929666434 0.0309936853835 0.0148165248096 5.3941794662e-05 0.00134466140838 0.0143922781949 0.0170955201378 0.036511139557 -0.00103489649509 0.00445625544877 0.0083497845698 0.0141352931548 -0.0191715631576 0.0140209213192 0.00331307880032 0.0208308829856 0.0107953653157 0.009137117398 
0.0117418964194 0.194811565112 0.000211054427672 0.00849839932117 0.00340156323359 0.0252065459111 0.0016642202912 0.0118862214666 0.0151925124494 0.00967872180683 0.015497948719 0.0440123657947 0.0607681475836 0.00997309545879 0.00341988257713 0.00858632892098 0.0216869848435 0.0070771567604 0.0178206922808 0.00704338357893 0.00750800764176 0.00820578449249 0.0103985726329 0.022135835042 -0.000752825735897 0.00256193949248 0.00830359327845 -0.000862162111339 0.0107678976923 -0.018705930092 0.0155523712007 -0.000686529196686 0.0190909761768 0.00800906759051 0.0155411614297 0.00683788493719 0.000494632828936 0.0148089115833 0.0118593924254 0.0156043369127 0.0137641830742 0.0155144510409 0.0131335507868 0.0206897129566 0.00925584240942 0.0106570448347 -0.0001056335525 0.0169773583533 0.000844857029267 0.00821739733643 
0.000793233230131 0.000211054427668 0.256669378074 0.0275655619473 0.00908698528833 -0.00735718863495 0.0100376337242 0.00816037719004 0.00443319939521 0.0180275661497 -0.00234496345433 -2.92944599708e-07 0.00054854066707 0.00787253392748 0.0181540055821 0.0396753594027 0.0111602819136 0.0210258898835 0.0113033537417 0.01557229933 0.0103572887896 0.0161408669168 0.022534748907 0.0083804266494 0.0104261838007 0.00331545689752 0.0354253595796 -0.0109889545094 0.0236545177121 0.0135377892234 0.0272584250859 0.0174235358806 0.0194763178435 0.0113367866993 -0.0156675024962 0.00956549751691 0.00297223542834 0.0338857402564 0.0243084138071 0.0122176052351 0.0108706412658 0.0141189336213 0.0325274086486 0.004572919021 0.0197395337017 0.00712237170724 0.0265704556279 0.0257515723526 0.00389759792576 0.00370448730902 
0.0116531731519 0.00849839932117 0.0275655619473 0.362654428726 0.0214762364018 0.00387555080266 0.0168828501152 0.0177979301504 0.00806671712608 0.0204743056847 -0.0135956627324 0.00670291467317 0.00249454244271 -9.40404816194e-05 0.0159405723625 0.0617856459651 0.0248751227297 0.0218801458127 -0.00900889979108 0.0119858092205 0.030375663976 0.040718001134 0.0291645931748 0.0406489454206 0.0604845819761 0.000594811516692 0.0439015690671 0.0313489611824 0.0175008065041 0.00761435109889 0.00397512949562 0.0231738061232 0.0225023703126 0.015229696098 0.0108321576689 0.00122754061903 0.0111761671572 0.00892345707538 0.0389755177399 0.0329203113859 0.0153744624224 0.0118666329957 0.018325331201 0.0189822590397 0.0163018509099 0.020616119673 0.00539577227015 0.0315593568577 -0.00195041148332 -0.010724002049 
0.0276267470693 0.00340156323359 0.00908698528833 0.0214762364018 0.901970463281 0.0184355938859 0.0161730874044 0.0102828060213 0.00898528231677 0.00479471009863 -0.00212454352997 0.0113862279497 -0.00015478294395 0.023969517096 -0.0164774378505 0.026019066735 0.00219788517952 0.0422500353218 -0.0181284290292 0.00925749160808 0.0200837885025 0.0132166871159 0.000613437616289 0.038805820047 0.0168831157226 0.00696206644642 0.0228885659792 0.0487533256326 0.0287691690928 -0.0167459881571 -0.00144690491391 0.0164385533663 0.00518945038476 0.0434020578928 0.00625300626555 -0.00203285391189 -0.00797536954231 0.0657066749669 -0.0084515996036 0.00708514515102 0.0465784766681 0.00651254212517 0.0246977267708 0.0150781165263 0.0161560710438 0.00215205204739 0.00572921093415 0.0358296948351 0.0103293293699 -0.00164540222227 
0.0366629136882 0.0252065459111 -0.00735718863495 0.00387555080266 0.0184355938859 0.412918956932 0.00852154501892 -0.0050546076197 0.0100131126805 0.00910554746144 -0.00261475619382 0.0224799442957 0.0491165738071 0.0136304592358 0.0172952557405 0.0491554511429 0.00781480337668 0.00748115221747 0.0155230424329 0.000679434843225 0.019627288776 0.0323647319875 0.0240426412561 0.0143483551406 0.0264495303076 0.00969398059641 0.0213498134302 0.0155234881952 0.0149648132573 0.0213458503193 -0.00322666897342 0.0226506336304 0.00941280637052 0.0658359666665 -0.0158872598252 0.016939115906 0.00397609911031 0.00845050690035 -0.0013941137798 0.00817921239852 0.0255462200063 0.103398719304 -0.00499920471164 0.14010242729 0.0329702147691 0.0205841032297 -0.00379933224012 0.0319866856769 0.00537770553108 0.0209391099228 
0.0109823819967 0.0016642202912 0.0100376337242 0.0168828501152 0.0161730874044 0.00852154501891 0.317431837419 0.006409137362 0.0104025268398 0.0121592000172 -0.000402410188435 0.00429493484882 0.00904565705197 0.012908445305 0.00700758668158 0.045843956115 0.0265368591044 0.00480621210802 -0.000233574376454 0.0112985214218 0.0302894916316 0.0267526344863 0.021856574217 0.0424785374509 0.0236507879922 0.0142310180475 0.0366253655749 0.0538422211802 0.0304358686951 0.0162965016597 0.00876440409896 0.013024286007 0.0105755042193 0.0495531631909 0.00989158586358 0.0197043716932 0.0203193335895 0.0197389826687 0.0317862727919 0.0339419629634 0.00369407734316 -0.0035286699927 0.0288824934116 0.0136456893074 0.0278878810837 0.00671771901758 0.0192613757672 0.0365468808971 0.0158122063376 -0.00709311136653 
0.0156523114903 0.0118862214666 0.00816037719004 0.0177979301504 0.0102828060213 -0.0050546076197 0.006409137362 0.202099354791 0.00726702913885 0.00486983863471 -0.0102707714324 0.023222045846 0.0205180900819 0.00704970926633 0.0477085673616 0.0108177417086 0.00381224092852 0.00774116833642 0.0176553978543 0.0123841504558 0.0106223992944 0.0044458227689 0.00679007029361 0.0275990215811 0.0110971408969 0.0047035405373 0.0315949463861 0.0135490768182 0.00409308957285 -0.0037103740949 0.0251802310475 0.023756967405 0.0173644024263 0.0316526043498 0.00742600368017 0.0122168544152 -0.00712641595153 0.0336700491451 0.0457972862255 0.0182128289911 0.020129842195 0.0105911762283 0.0131508281162 -0.0127839143369 0.0097923725286 0.0250453450455 0.0220286521512 0.0192285303476 -0.000242126810113 0.0198802340421 
0.0111452460142 0.0151925124494 0.0044331993952 0.00806671712608 0.00898528231677 0.0100131126805 0.0104025268398 0.00726702913885 0.190038437376 -0.00456083648437 -0.00674790690927 0.0127652575272 0.0155365927309 0.013455921363 0.0215537032416 0.0164812790094 0.00087326574727 0.00528203146579 0.00160691516434 0.014582854546 0.016185637888 0.0194361003588 0.00707269034269 0.0157025140808 0.00471991675926 0.000114518991726 0.0201840470065 0.0176594521998 0.0119718879778 -0.00990628594389 0.0215908259258 0.0168020226026 0.0112517526622 0.00836947716154 0.00326742944813 0.018345126435 0.0014921893252 0.0181709978039 0.0221400185377 0.00885585433705 0.0122348403822 0.00516791565222 0.0133860734753 0.00757724337312 0.00194619673797 0.0131718174954 0.0248119355033 0.0173116986211 0.0106472989389 0.0136065279649 
0.00640264291799 0.00967872180683 0.0180275661497 0.0204743056847 0.00479471009863 0.00910554746144 0.0121592000172 0.00486983863471 -0.00456083648437 0.23152250997 -0.00738141197678 0.00458077160057 0.0189461285251 0.0126952460532 0.00888770720769 0.0316216796284 0.0152988171936 0.041023655256 0.00810819696681 0.00544475392841 0.0183980300949 0.0142293599636 0.00245709292174 0.00943862939779 0.0104663424935 -0.00302449778309 0.0175823318134 0.0180140281026 0.0128978028692 0.013567853649 0.0134568136145 0.00477263289648 0.0159694028452 0.0115036448763 0.00120950845572 0.00493390380697 0.00932402968703 0.0110189107502 0.0392478123872 -0.00627848183419 0.0104226635265 0.015379347106 0.0285945943023 0.0121645814693 0.011245159326 0.00536429173284 0.0116844806624 0.0203924056619 0.01359024553 0.0214641413324 
0.00796755869903 0.015497948719 -0.00234496345432 -0.0135956627324 -0.00212454352997 -0.00261475619382 -0.000402410188435 -0.0102707714324 -0.00674790690927 -0.00738141197678 4.09474028635 0.0221439961691 -2.45094635388e-05 0.00493739837471 -0.00531571950125 -0.0088051909282 -0.0180063399734 0.000119093982509 -0.00777219737382 0.0125800466005 -0.01659252371 -0.0152084188073 -0.0160045840337 -0.0125165947915 -0.0152443654366 -0.0080266103785 -0.0149498023054 -0.00207658785504 0.00363221888787 -0.0253266122146 -0.0276219423717 0.000433155195598 0.0152693763172 0.0106877982141 -0.0188149670702 0.00298289249761 -0.0269433304961 0.00719393323015 -0.00354700657384 0.00827415337529 0.0271715835817 -0.00967538388912 -0.00926253238572 -0.0313737603067 -0.0290088006058 -0.00710161520293 -0.00595432501746 -0.00960114697127 0.000398167172646 -0.00043273775885 
0.00192206547823 0.0440123657947 -2.92944599339e-07 0.00670291467317 0.0113862279497 0.0224799442957 0.00429493484882 0.023222045846 0.0127652575272 0.00458077160057 0.0221439961691 0.134353633687 0.0370743010577 0.0119491304053 0.0197393959645 0.0117145913709 0.00285291886688 0.00990485632617 0.0215231039266 0.0193752455173 -0.00213078997902 0.00299032110877 -0.00178609298668 0.0115284873658 0.00270393753949 0.00375607878711 0.00175191357937 -0.00344728779231 0.00400823319525 -0.0201752999086 0.0239159353536 0.012338609335 0.00781215025446 0.0107755808736 0.0213186001745 0.00760119346527 0.00163158128714 0.0105219092919 0.0159200287265 0.0118926647409 0.0131887390839 0.0203307350396 0.00857487801926 0.0188787221683 0.0206714449462 0.017348958298 0.000367678563537 0.021075097849 0.0134743262539 0.0203588345533 
0.000965535048519 0.0607681475836 0.00054854066707 0.00249454244271 -0.000154782943952 0.0491165738071 0.00904565705197 0.0205180900819 0.0155365927309 0.0189461285251 -2.45094635389e-05 0.0370743010577 0.184064144511 0.00484457100084 0.0101085734939 0.010888210895 0.00266644097656 0.00862511929439 0.00987044448598 0.00913636994946 0.0143055913898 0.00474639081647 0.0126094679168 0.0101093127785 -0.0052287985105 0.0133521965768 0.00163422024637 0.0046830704197 0.00452056181868 -0.0179467987421 -0.00260665443734 0.00400773664822 0.010418450112 0.0192634169532 0.0178920551041 -0.00353622794291 0.0148001873348 -0.0135440775991 0.0375943746107 0.0176041954885 0.0240480369011 0.0387554385798 0.00997335380614 0.0467316591165 0.021703751361 0.00960167051667 0.000485311332258 0.0266817153824 0.00841919462685 0.0216157537796 
0.0100985477264 0.00997309545879 0.00787253392748 -9.40404816219e-05 0.023969517096 0.0136304592358 0.012908445305 0.00704970926633 0.013455921363 0.0126952460532 0.00493739837471 0.0119491304053 0.00484457100084 0.215057396989 0.0254062178016 0.0224887055074 0.0193595803479 0.00506199847024 0.00398633247994 0.0148679320539 0.0188734661413 0.02230616434 0.0153588877 0.0258602205829 -0.00539977135172 0.00614915503292 0.0172292500216 0.0192660038977 0.0120569129105 0.00280983481122 0.0239674712865 0.00873064474281 0.00109484196416 0.0252398057974 0.0184329513651 0.0321841380464 0.0168126432638 -0.000122552067961 0.00579209651044 0.0105546680445 0.00756525354682 0.0128392824708 0.0184418072606 -0.00711802453142 -0.0119952634765 0.0211358995481 0.0182038328123 0.0138358798832 0.00868420222144 0.0126044284106 
0.0159468892287 0.00341988257713 0.0181540055821 0.0159405723625 -0.0164774378505 0.0172952557405 0.00700758668158 0.0477085673616 0.0215537032416 0.00888770720769 -0.00531571950125 0.0197393959645 0.0101085734939 0.0254062178016 0.350517656145 0.0369127137463 0.0481120812918 0.0270458719707 0.024086272758 0.0310496129046 0.030997570249 0.0333980886235 0.0253829767073 0.0379229088654 0.0354421821956 0.0189105313315 0.0262277128927 0.027558072606 -0.00567097666301 -0.010315903805 0.00716798861032 0.0522636265735 0.0134773924846 0.0742832805385 -0.00117846525938 0.0459138389906 -0.0185788624793 0.0513436838637 0.0393951679939 0.0109683241597 0.027567135961 0.0238656182135 0.0259194696504 -0.0135800618122 0.0363161224691 0.00974949455424 0.00663604734779 0.0428222739072 0.00809036877456 0.0365672332588 
0.0117729503961 0.00858632892098 0.0396753594027 0.0617856459651 0.026019066735 0.0491554511429 0.045843956115 0.0108177417086 0.0164812790094 0.0316216796284 -0.0088051909282 0.0117145913709 0.010888210895 0.0224887055074 0.0369127137463 0.274910605215 0.0228654464992 0.00601065649469 0.00212256530193 0.0118777902109 0.0318513972482 0.0365350168686 0.0473523817944 0.0444532852032 0.0374011154564 0.00525756017985 0.0463314316963 0.0481929354708 0.0256409963451 0.0223282795466 0.0421278821857 0.0315833617416 0.00495809349457 0.0691145156651 0.0192112293769 0.0138247156101 0.0187728500963 0.0357381298811 0.0297648707967 0.00872888670356 0.0187036324971 0.0175782888427 0.0308791245527 0.0230528316172 -0.0164042727645 0.0161223693205 0.0181138592154 0.0503814349052 0.0181540810626 0.0144170025078 
-0.0011248608338 0.0216869848435 0.0111602819136 0.0248751227297 0.00219788517952 0.00781480337668 0.0265368591044 0.00381224092852 0.00087326574727 0.0152988171936 -0.0180063399734 0.00285291886688 0.00266644097656 0.0193595803479 0.0481120812918 0.0228654464992 0.435940391034 0.0197656309852 -0.0128356431601 0.0132229640829 0.0441693645945 0.0163398950573 0.00370985516566 0.030782088993 0.0294497945496 -0.00548280923356 0.045184960076 0.00991444829027 0.0450577332142 0.007207497199 0.0238206836078 0.0201405004285 0.0181105296313 0.026486119145 -0.00058833064406 -0.00532201207012 0.0156356242323 0.000434358034389 0.0162821671814 0.0212593587149 0.0284278137136 -0.000225962879646 0.0260726223966 0.0148392396338 -0.00101643359536 -0.000692522054168 0.0112886705044 0.0303011419836 0.0249437680838 0.0191679855519 
0.00395540535952 0.0070771567604 0.0210258898835 0.0218801458127 0.0422500353218 0.00748115221747 0.00480621210802 0.00774116833642 0.00528203146579 0.041023655256 0.000119093982509 0.00990485632617 0.00862511929439 0.00506199847024 0.0270458719707 0.00601065649469 0.0197656309853 0.195053296959 0.0126328497911 0.0227185757982 0.0142934615875 0.0213448360833 0.0147215197199 0.0179011408156 0.0179420637808 0.00128545830805 0.0307127552096 0.0145945153458 0.0242314417037 0.00345813465603 0.0171847839811 -0.00868490252269 0.025698978391 0.0248978805653 0.000997864758324 0.0177804375345 0.0125752051147 0.00207957427953 0.024202176739 0.0120894840462 0.0177181567832 -0.00300827840618 0.0219594250038 0.0208009706897 0.0021082229424 0.0160531255154 0.0141436953819 0.0165054361909 0.021930013295 0.0017901292027 
0.00562235780856 0.0178206922808 0.0113033537417 -0.00900889979108 -0.0181284290292 0.0155230424329 -0.000233574376456 0.0176553978543 0.00160691516434 0.00810819696681 -0.00777219737382 0.0215231039266 0.00987044448598 0.00398633247994 0.024086272758 0.00212256530192 -0.0128356431601 0.0126328497911 0.237879510837 0.020321345157 0.00480327786027 0.00751795281223 0.013860569356 0.00960764132381 0.0144036450035 0.00537284772246 0.023756884492 0.00556221893183 0.0161126791786 0.00508030102581 0.0123038351805 0.00184631202643 0.0226876767401 0.0149746655785 0.00113591407692 0.00889946790248 -0.00745323336887 0.00229375285361 0.0121348135033 0.014474860144 0.0108486613149 0.0027362189655 0.00785111048339 0.0114877438217 0.0120460745336 0.006598256106 0.000632593047055 0.0162590960451 0.0126519787795 0.021787039516 
0.00866037906091 0.00704338357893 0.01557229933 0.0119858092205 0.00925749160808 0.000679434843225 0.0112985214218 0.0123841504558 0.014582854546 0.00544475392841 0.0125800466005 0.0193752455173 0.00913636994946 0.0148679320539 0.0310496129046 0.0118777902109 0.0132229640829 0.0227185757982 0.020321345157 0.13175020427 0.0149265169085 0.0184924050226 0.00867721261031 0.0129222450029 0.0115865908158 0.00917282687433 0.01204558317 0.00889967483653 0.0123348747144 0.00985378629238 0.00192182572784 0.00182490700673 0.0109039973651 0.0107193199511 0.0104876324683 0.00550529890045 -0.00763389220639 0.0110515861783 0.020038804993 0.0122466432347 0.0095610024534 0.0120729189737 0.0204974817245 -0.00113722931976 0.00268342754326 0.00921970780064 0.00701243970011 0.0261454107745 0.00916018529215 0.0149389276156 
0.0224356304703 0.00750800764176 0.0103572887896 0.030375663976 0.0200837885025 0.019627288776 0.0302894916316 0.0106223992944 0.016185637888 0.0183980300949 -0.01659252371 -0.00213078997902 0.0143055913898 0.0188734661413 0.030997570249 0.0318513972482 0.0441693645945 0.0142934615875 0.00480327786027 0.0149265169085 0.461370379219 0.045634541913 0.0351535695662 0.0471380934682 0.0287377863741 0.000623901646484 0.0497064961126 0.0115719697479 0.0354163013625 0.0119017076815 0.0355769001177 0.0241311706876 -0.00026571017875 0.0651131237011 0.0389441255018 -0.0041663351739 0.0528906492073 0.0452359625934 0.0419496101193 0.00429051301687 0.0119060955167 0.0493867711128 0.023010641662 0.0407122993403 0.0276606854928 0.0290390768663 0.029472701471 0.0350750524427 0.0301863784482 0.0185786277031 
-0.00195424106085 0.0082057844925 0.0161408669168 0.040718001134 0.0132166871159 0.0323647319875 0.0267526344863 0.0044458227689 0.0194361003588 0.0142293599636 -0.0152084188073 0.00299032110877 0.00474639081648 0.02230616434 0.0333980886235 0.0365350168686 0.0163398950573 0.0213448360833 0.00751795281223 0.0184924050226 0.045634541913 0.201316244332 0.0346066002131 0.0389674330467 0.0362502225621 0.00343892310654 0.0373680596721 0.0210653844244 0.00803539689301 -0.000530438065032 0.0304131093173 0.0395853647051 0.012436364046 0.0527742074402 0.021830009254 0.0206271762082 0.0244862961453 0.0143199847631 0.0150799116503 0.0167819782915 0.0221852737389 0.0237275277327 0.0194747660432 0.0143428691989 0.00424151770841 0.0109241698262 0.0232457419219 0.0368898754558 0.0237036788234 0.00506018648643 
0.0105456364749 0.0103985726329 0.022534748907 0.0291645931748 0.000613437616289 0.0240426412561 0.021856574217 0.00679007029361 0.00707269034269 0.00245709292174 -0.0160045840337 -0.00178609298668 0.0126094679168 0.0153588877 0.0253829767073 0.0473523817944 0.00370985516566 0.0147215197199 0.013860569356 0.00867721261031 0.0351535695662 0.0346066002131 0.211323109936 0.0377061657381 0.0166114087362 -0.00289156356346 0.0236166727937 0.0316630652545 0.0146210181808 -0.00287426575327 0.0196306314844 0.018247701568 0.00855268850627 0.0362993475965 0.010216840992 0.0144741490434 0.0142963754588 0.0167054668697 0.0274858392906 0.0133387102284 0.0268558369859 0.000624897308907 0.0173014054806 0.0382544101335 0.0137036570817 0.0170485084788 0.0185278031807 0.0199306671287 0.00869540150446 0.00223969914635 
0.0290347909168 0.022135835042 0.0083804266494 0.0406489454206 0.038805820047 0.0143483551406 0.0424785374509 0.0275990215811 0.0157025140808 0.00943862939779 -0.0125165947915 0.0115284873658 0.0101093127785 0.0258602205829 0.0379229088654 0.0444532852032 0.030782088993 0.0179011408156 0.00960764132381 0.0129222450029 0.0471380934682 0.0389674330467 0.0377061657381 0.460028779398 0.0533721204746 0.0214634999702 0.0411261759441 0.0227757963195 0.0956542553607 -0.00313400090892 0.0287793045565 0.0253089013124 0.0195171278192 0.0438341413004 0.016742565078 0.0245322247039 0.0221743522396 0.0513596547221 0.0427124548797 0.0459359464417 0.0127808202958 -0.00316435836973 0.0285876234965 0.0238901059166 0.0192506200218 -0.00643280037513 0.0148734181669 0.0372110967226 0.00314358568833 0.0121275661191 
0.00999267425242 -0.000752825735897 0.0104261838008 0.0604845819761 0.0168831157226 0.0264495303076 0.0236507879922 0.0110971408969 0.00471991675926 0.0104663424935 -0.0152443654366 0.00270393753949 -0.0052287985105 -0.00539977135172 0.0354421821956 0.0374011154564 0.0294497945496 0.0179420637808 0.0144036450035 0.0115865908158 0.0287377863741 0.0362502225621 0.0166114087362 0.0533721204746 0.368008936853 -0.00140055493232 0.0441358006626 0.0285228848191 0.0164684765674 -0.00886809210847 0.0220693206339 0.0183627241381 0.0130256816874 0.0423489499691 0.00907840907328 0.0170150771727 0.00444993981684 0.0237649956504 0.0114276547893 0.0574621626448 0.0174303436703 0.0336664480971 0.0150668199705 0.0191541973077 0.0164006056373 0.0178495018354 0.0126862905797 0.033651495483 0.0144030228987 -0.00406122378698 
-0.000621662352289 0.00256193949248 0.00331545689752 0.000594811516692 0.00696206644642 0.00969398059641 0.0142310180475 0.0047035405373 0.000114518991726 -0.00302449778309 -0.0080266103785 0.00375607878711 0.0133521965768 0.00614915503291 0.0189105313315 0.00525756017985 -0.00548280923356 0.00128545830805 0.00537284772246 0.00917282687433 0.000623901646484 0.00343892310654 -0.00289156356346 0.0214634999702 -0.00140055493232 0.24477694911 0.00870245051879 -0.00838083479834 0.00959098090582 -0.00995882392862 0.0114042980615 -0.00114280248033 0.0220433785586 0.0309842250708 0.00147436902529 0.0105678358944 0.00462469310484 0.003443000313 0.00109665895925 0.0213316820995 0.00774848273145 -0.015253763298 0.00883390979567 0.0165684861664 0.0118387527868 0.0080414074999 0.00818089003412 0.0176613201446 0.00550539685577 0.00548040590178 
0.0127765463584 0.00830359327845 0.0354253595796 0.0439015690671 0.0228885659792 0.0213498134302 0.0366253655749 0.0315949463861 0.0201840470065 0.0175823318134 -0.0149498023054 0.00175191357937 0.00163422024637 0.0172292500216 0.0262277128927 0.0463314316963 0.045184960076 0.0307127552096 0.023756884492 0.01204558317 0.0497064961126 0.0373680596721 0.0236166727937 0.0411261759441 0.0441358006626 0.00870245051879 0.487641834955 0.0205898267293 0.0263815890093 0.0147104964066 0.0128314752652 0.0170669066954 0.055175047396 0.0574707841446 0.00854781092375 0.0210310471114 0.0304084753297 0.0345704296102 0.0274926484099 0.00948376712227 0.0292937168969 0.0205950441412 0.0270403840297 0.0450711169605 0.0439577201536 0.0141219150296 0.0195632087807 0.0410457005783 0.0191565753989 0.0223057540175 
0.0123445493502 -0.000862162111339 -0.0109889545094 0.0313489611824 0.0487533256326 0.0155234881952 0.0538422211802 0.0135490768182 0.0176594521998 0.0180140281026 -0.00207658785504 -0.00344728779231 0.00468307041971 0.0192660038977 0.027558072606 0.0481929354708 0.00991444829027 0.0145945153458 0.00556221893183 0.00889967483653 0.0115719697479 0.0210653844244 0.0316630652545 0.0227757963195 0.0285228848191 -0.00838083479834 0.0205898267293 0.460765511631 0.0396076818313 0.00313096788025 0.0379451245151 0.0206029928567 0.0209898540318 0.0836188750562 0.000370687335525 0.0360540152446 0.0408983124499 0.00208883935635 0.00436244218279 0.0311416211161 0.00372728003678 0.00674904230536 0.0149386194034 0.0177702250056 0.0519186288716 0.0100862356051 0.0296358405612 0.0353424720643 0.0126110312224 0.0150277461328 
-0.00690496209479 0.0107678976923 0.0236545177121 0.0175008065041 0.0287691690928 0.0149648132573 0.0304358686951 0.00409308957285 0.0119718879778 0.0128978028692 0.00363221888787 0.00400823319524 0.00452056181868 0.0120569129105 -0.00567097666301 0.0256409963451 0.0450577332142 0.0242314417037 0.0161126791786 0.0123348747144 0.0354163013625 0.00803539689301 0.0146210181808 0.0956542553607 0.0164684765674 0.00959098090582 0.0263815890093 0.0396076818313 0.393997415769 0.00377749729899 0.000757438051934 -0.00114142848027 0.0250519610819 0.0240796574291 0.0199550774066 0.0297421811947 0.00693469846714 0.0108235097207 0.0141721940911 0.0213003296721 -0.00110120943666 0.0102913780288 -6.6114846579e-05 0.00881037374377 0.00345275567744 0.018000874997 -0.00207211270651 0.016854050359 0.0243665175761 0.000567958138843 
-0.00617281816814 -0.018705930092 0.0135377892234 0.00761435109889 -0.0167459881571 0.0213458503193 0.0162965016597 -0.0037103740949 -0.00990628594389 0.013567853649 -0.0253266122146 -0.0201752999086 -0.0179467987421 0.00280983481122 -0.010315903805 0.0223282795466 0.007207497199 0.00345813465603 0.00508030102581 0.00985378629238 0.0119017076815 -0.000530438065033 -0.00287426575327 -0.00313400090892 -0.00886809210847 -0.00995882392862 0.0147104964066 0.00313096788025 0.00377749729899 2.98942781239 -0.00333464762002 -0.00312743426368 -0.0213344085575 0.0375433175859 -0.00665787629605 0.00141736981593 0.00393945079443 0.0220511664176 0.0226605576896 0.0330662227211 0.000970266405042 0.0100317984669 0.0140672238772 0.015326014328 -0.0146551206317 0.0146767828584 -0.000444171022565 0.0111795858763 0.0334421835026 -0.0101515456219 
0.0223405776394 0.0155523712007 0.0272584250859 0.00397512949562 -0.00144690491391 -0.00322666897343 0.00876440409896 0.0251802310475 0.0215908259258 0.0134568136145 -0.0276219423717 0.0239159353536 -0.00260665443734 0.0239674712865 0.00716798861032 0.0421278821857 0.0238206836078 0.0171847839811 0.0123038351805 0.00192182572784 0.0355769001177 0.0304131093173 0.0196306314844 0.0287793045565 0.0220693206339 0.0114042980615 0.0128314752652 0.0379451245151 0.000757438051936 -0.00333464762002 0.605934331874 0.0558513420846 0.015289546522 0.0465078257036 0.00957311012447 0.00682511617884 0.0285959526697 0.00570403435732 0.01438988842 0.0213575564708 0.0108123696898 0.0111137056626 0.00689745087802 0.00732451749228 0.0214828156123 0.0351593966377 0.0474494261286 0.019350906061 0.033835766672 0.0133782968427 
0.00200928780244 -0.000686529196685 0.0174235358806 0.0231738061232 0.0164385533663 0.0226506336304 0.013024286007 0.023756967405 0.0168020226026 0.00477263289648 0.000433155195598 0.012338609335 0.00400773664822 0.00873064474281 0.0522636265735 0.0315833617416 0.0201405004285 -0.00868490252269 0.00184631202643 0.00182490700673 0.0241311706876 0.0395853647051 0.018247701568 0.0253089013124 0.0183627241381 -0.00114280248033 0.0170669066954 0.0206029928567 -0.00114142848027 -0.00312743426368 0.0558513420846 0.324912158833 0.0139803762559 0.0180582597598 -0.0145700196334 -0.00264884679697 0.0115991863245 0.0131836140909 -0.00348529484345 0.0221246536296 0.00701111187282 0.030298039566 0.0170865173015 0.0166043996351 0.0251649394007 0.021587834194 0.00126952891884 0.0323110646828 0.0111653471514 0.0185437140129 
-0.000762929666435 0.0190909761768 0.0194763178435 0.0225023703126 0.00518945038476 0.00941280637052 0.0105755042193 0.0173644024263 0.0112517526622 0.0159694028452 0.0152693763172 0.00781215025446 0.010418450112 0.00109484196416 0.0134773924846 0.00495809349457 0.0181105296313 0.025698978391 0.0226876767401 0.0109039973651 -0.000265710178748 0.012436364046 0.00855268850627 0.0195171278192 0.0130256816874 0.0220433785586 0.055175047396 0.0209898540318 0.0250519610819 -0.0213344085575 0.015289546522 0.0139803762559 0.306928893922 0.0156139742695 0.012876319007 0.00191632565279 0.0147301119445 0.0058332552481 0.0149305532407 0.0387110864587 0.0310948463409 -0.0110130832239 0.0173562846573 0.0107249219524 0.0170279202049 0.00945994532621 0.0161970270659 0.0290546457507 0.000352730144385 0.0135139248819 
0.0309936853835 0.00800906759051 0.0113367866993 0.015229696098 0.0434020578928 0.0658359666664 0.0495531631909 0.0316526043498 0.00836947716154 0.0115036448763 0.0106877982141 0.0107755808736 0.0192634169532 0.0252398057974 0.0742832805385 0.0691145156651 0.026486119145 0.0248978805653 0.0149746655785 0.0107193199511 0.0651131237011 0.0527742074402 0.0362993475965 0.0438341413004 0.0423489499691 0.0309842250708 0.0574707841446 0.0836188750562 0.0240796574291 0.0375433175859 0.0465078257036 0.0180582597598 0.0156139742695 0.535538597587 0.0240529627876 0.0574796710408 0.0331669745813 0.0409365832455 0.0807516907329 0.0247082592625 0.000728266953568 0.0266715638689 0.0258784116229 0.0760772677622 0.0355634078248 0.0437328316957 0.0277637568594 0.0658880629981 0.0149068039076 0.00468876837476 
0.0148165248096 0.0155411614297 -0.0156675024962 0.0108321576689 0.00625300626555 -0.0158872598252 0.00989158586358 0.00742600368017 0.00326742944813 0.00120950845572 -0.0188149670702 0.0213186001745 0.0178920551041 0.0184329513651 -0.00117846525938 0.0192112293769 -0.000588330644061 0.000997864758323 0.00113591407692 0.0104876324683 0.0389441255018 0.021830009254 0.010216840992 0.016742565078 0.00907840907328 0.00147436902529 0.00854781092375 0.000370687335523 0.0199550774066 -0.00665787629605 0.00957311012446 -0.0145700196334 0.012876319007 0.0240529627876 0.587627670095 -0.00209615650189 0.00950809528007 -0.0030601804132 0.0251709684823 0.039330870164 -0.0118187167579 0.0329616601883 0.0185975011707 0.00712780371011 0.00506345567256 0.00520421832706 -0.00682761070641 0.0257562971542 0.000615373146013 -0.00534957616295 
5.39417946616e-05 0.00683788493719 0.00956549751691 0.00122754061902 -0.00203285391189 0.016939115906 0.0197043716932 0.0122168544152 0.018345126435 0.00493390380697 0.00298289249761 0.00760119346527 -0.00353622794291 0.0321841380464 0.0459138389906 0.0138247156101 -0.00532201207012 0.0177804375345 0.00889946790248 0.00550529890045 -0.0041663351739 0.0206271762082 0.0144741490434 0.0245322247039 0.0170150771727 0.0105678358944 0.0210310471114 0.0360540152446 0.0297421811947 0.00141736981593 0.00682511617883 -0.00264884679697 0.00191632565279 0.0574796710408 -0.00209615650189 0.293553467143 0.00581849964014 0.00908462846579 0.00437228535568 0.0817603452938 0.00404086472993 0.0105606305551 0.0126420668856 0.00919503569118 0.00778095345117 0.0198556220919 0.0130781588509 0.0116445153604 0.00058684197346 0.00156104373181 
0.00134466140838 0.000494632828934 0.00297223542835 0.0111761671572 -0.00797536954231 0.00397609911031 0.0203193335895 -0.00712641595153 0.0014921893252 0.00932402968703 -0.0269433304961 0.00163158128714 0.0148001873348 0.0168126432638 -0.0185788624793 0.0187728500963 0.0156356242323 0.0125752051147 -0.00745323336887 -0.00763389220639 0.0528906492073 0.0244862961453 0.0142963754588 0.0221743522396 0.00444993981684 0.00462469310484 0.0304084753297 0.0408983124499 0.00693469846714 0.00393945079443 0.0285959526697 0.0115991863245 0.0147301119445 0.0331669745813 0.00950809528007 0.00581849964014 0.332847424852 0.027604743925 0.0315109791208 0.00725100613249 0.00416434514758 0.0156516216974 0.00664859623751 0.0420811159374 0.0141661898569 0.0161207370741 0.0152303903273 0.0143609572833 0.0144975049764 -0.000471668868331 
0.0143922781949 0.0148089115833 0.0338857402564 0.00892345707538 0.0657066749669 0.00845050690035 0.0197389826687 0.0336700491451 0.0181709978039 0.0110189107502 0.00719393323015 0.0105219092919 -0.0135440775991 -0.000122552067959 0.0513436838637 0.0357381298811 0.000434358034388 0.00207957427953 0.00229375285361 0.0110515861783 0.0452359625934 0.0143199847631 0.0167054668697 0.0513596547221 0.0237649956504 0.003443000313 0.0345704296102 0.00208883935634 0.0108235097207 0.0220511664176 0.00570403435732 0.0131836140909 0.0058332552481 0.0409365832455 -0.0030601804132 0.0090846284658 0.027604743925 0.452299311961 0.0474488273881 0.0225870211689 0.0163615044889 0.0120478771144 0.0357718249127 -0.00486057905577 0.0118122650928 0.0102184325425 0.0485200315639 0.0379040729992 0.00275586805167 0.0100487346658 
0.0170955201378 0.0118593924254 0.0243084138071 0.0389755177399 -0.0084515996036 -0.0013941137798 0.0317862727919 0.0457972862255 0.0221400185377 0.0392478123872 -0.00354700657384 0.0159200287265 0.0375943746107 0.00579209651044 0.0393951679939 0.0297648707967 0.0162821671814 0.024202176739 0.0121348135033 0.020038804993 0.0419496101193 0.0150799116503 0.0274858392906 0.0427124548797 0.0114276547893 0.00109665895925 0.0274926484099 0.00436244218279 0.0141721940911 0.0226605576896 0.01438988842 -0.00348529484345 0.0149305532407 0.0807516907329 0.0251709684823 0.00437228535568 0.0315109791208 0.0474488273881 0.296901270917 0.014312137496 0.0258779894764 0.009110717584 0.0261364384445 0.0207166919048 0.0374860393507 0.0136804494513 -0.000816435365685 0.0345577892965 0.0158476636745 0.012439907155 
0.036511139557 0.0156043369127 0.0122176052351 0.0329203113859 0.00708514515102 0.00817921239853 0.0339419629634 0.0182128289911 0.00885585433705 -0.00627848183419 0.00827415337529 0.0118926647409 0.0176041954885 0.0105546680445 0.0109683241597 0.00872888670356 0.0212593587149 0.0120894840462 0.014474860144 0.0122466432347 0.00429051301687 0.0167819782915 0.0133387102284 0.0459359464417 0.0574621626448 0.0213316820995 0.00948376712227 0.0311416211161 0.0213003296721 0.0330662227211 0.0213575564708 0.0221246536296 0.0387110864587 0.0247082592625 0.039330870164 0.0817603452938 0.00725100613249 0.0225870211689 0.014312137496 0.564697247908 0.00689860645426 0.0159125377702 0.0182249579522 0.0104394576232 0.0109752202424 0.019001683091 0.0388510608627 0.0236632328612 0.0199575627196 -0.00682306685083 
-0.00103489649509 0.0137641830742 0.0108706412658 0.0153744624224 0.0465784766681 0.0255462200063 0.00369407734317 0.020129842195 0.0122348403822 0.0104226635265 0.0271715835817 0.0131887390839 0.0240480369011 0.00756525354682 0.027567135961 0.0187036324971 0.0284278137136 0.0177181567832 0.0108486613149 0.0095610024534 0.0119060955167 0.0221852737389 0.0268558369859 0.0127808202958 0.0174303436703 0.00774848273145 0.0292937168969 0.00372728003678 -0.00110120943666 0.000970266405042 0.0108123696898 0.00701111187282 0.0310948463409 0.000728266953568 -0.0118187167579 0.00404086472993 0.00416434514758 0.0163615044889 0.0258779894764 0.00689860645426 0.276956161637 0.0210144333875 0.0117462669214 0.0291522691534 0.0208754882559 -0.00435940287037 0.0175535328562 0.0246390032992 0.0206784675214 0.00335765582228 
0.00445625544877 0.0155144510409 0.0141189336213 0.0118666329957 0.00651254212517 0.103398719304 -0.0035286699927 0.0105911762283 0.00516791565222 0.015379347106 -0.00967538388912 0.0203307350396 0.0387554385798 0.0128392824708 0.0238656182135 0.0175782888427 -0.000225962879645 -0.00300827840618 0.0027362189655 0.0120729189737 0.0493867711128 0.0237275277327 0.000624897308908 -0.00316435836973 0.0336664480971 -0.015253763298 0.0205950441412 0.00674904230537 0.0102913780288 0.0100317984669 0.0111137056626 0.030298039566 -0.0110130832239 0.0266715638689 0.0329616601883 0.0105606305551 0.0156516216974 0.0120478771144 0.009110717584 0.0159125377702 0.0210144333875 0.508585846439 0.0143749056913 0.116027245262 0.0254272931955 0.0102789341601 0.000763347570999 0.0343077237251 0.00549823824208 0.00121356435277 
0.0083497845698 0.0131335507868 0.0325274086486 0.018325331201 0.0246977267708 -0.00499920471164 0.0288824934116 0.0131508281162 0.0133860734753 0.0285945943023 -0.00926253238572 0.00857487801926 0.00997335380614 0.0184418072606 0.0259194696504 0.0308791245527 0.0260726223966 0.0219594250038 0.00785111048339 0.0204974817245 0.023010641662 0.0194747660432 0.0173014054806 0.0285876234965 0.0150668199705 0.00883390979567 0.0270403840297 0.0149386194034 -6.61148465792e-05 0.0140672238772 0.00689745087802 0.0170865173015 0.0173562846573 0.0258784116229 0.0185975011707 0.0126420668856 0.0066485962375 0.0357718249127 0.0261364384445 0.0182249579522 0.0117462669214 0.0143749056913 0.232454255293 0.0332314133659 0.0207620965026 0.0195965126333 0.013362022516 0.025807627231 0.00685132343447 0.0123812415667 
0.0141352931548 0.0206897129566 0.004572919021 0.0189822590397 0.0150781165263 0.14010242729 0.0136456893074 -0.0127839143369 0.00757724337312 0.0121645814693 -0.0313737603067 0.0188787221683 0.0467316591165 -0.00711802453142 -0.0135800618122 0.0230528316172 0.0148392396338 0.0208009706897 0.0114877438217 -0.00113722931976 0.0407122993403 0.0143428691989 0.0382544101335 0.0238901059166 0.0191541973077 0.0165684861664 0.0450711169605 0.0177702250056 0.00881037374377 0.015326014328 0.00732451749229 0.0166043996351 0.0107249219524 0.0760772677622 0.0071278037101 0.00919503569118 0.0420811159374 -0.00486057905577 0.0207166919048 0.0104394576232 0.0291522691534 0.116027245262 0.0332314133659 0.525814402211 0.0256844694809 -0.00600952816553 0.00227604377545 0.0386303353907 0.0420646184112 0.00884704178862 
-0.0191715631576 0.00925584240942 0.0197395337017 0.0163018509099 0.0161560710438 0.0329702147691 0.0278878810837 0.0097923725286 0.00194619673797 0.011245159326 -0.0290088006058 0.0206714449462 0.021703751361 -0.0119952634765 0.0363161224691 -0.0164042727645 -0.00101643359536 0.0021082229424 0.0120460745336 0.00268342754326 0.0276606854928 0.00424151770841 0.0137036570817 0.0192506200218 0.0164006056373 0.0118387527868 0.0439577201536 0.0519186288716 0.00345275567744 -0.0146551206317 0.0214828156123 0.0251649394007 0.0170279202049 0.0355634078248 0.00506345567256 0.00778095345117 0.0141661898569 0.0118122650928 0.0374860393507 0.0109752202424 0.0208754882559 0.0254272931955 0.0207620965026 0.0256844694809 1.0718175061 0.00450130109933 0.0165905702434 0.0239308184197 -0.00434963078967 0.00777639530273 
0.0140209213192 0.0106570448347 0.00712237170724 0.020616119673 0.00215205204739 0.0205841032297 0.00671771901758 0.0250453450455 0.0131718174954 0.00536429173284 -0.00710161520293 0.017348958298 0.00960167051667 0.0211358995481 0.00974949455424 0.0161223693205 -0.000692522054167 0.0160531255154 0.006598256106 0.00921970780064 0.0290390768663 0.0109241698262 0.0170485084788 -0.00643280037513 0.0178495018354 0.0080414074999 0.0141219150296 0.0100862356051 0.018000874997 0.0146767828584 0.0351593966377 0.021587834194 0.00945994532621 0.0437328316957 0.00520421832706 0.0198556220919 0.0161207370741 0.0102184325425 0.0136804494513 0.019001683091 -0.00435940287037 0.0102789341601 0.0195965126333 -0.00600952816553 0.00450130109933 0.19999928111 0.0224765693567 0.014748917462 0.0145283098992 0.00848078991145 
0.00331307880032 -0.0001056335525 0.0265704556279 0.00539577227015 0.00572921093415 -0.00379933224012 0.0192613757672 0.0220286521512 0.0248119355033 0.0116844806624 -0.00595432501746 0.000367678563538 0.00048531133226 0.0182038328123 0.00663604734779 0.0181138592154 0.0112886705044 0.0141436953819 0.000632593047056 0.00701243970011 0.029472701471 0.0232457419219 0.0185278031807 0.0148734181669 0.0126862905797 0.00818089003412 0.0195632087807 0.0296358405612 -0.00207211270651 -0.000444171022565 0.0474494261286 0.00126952891884 0.0161970270659 0.0277637568594 -0.00682761070641 0.0130781588509 0.0152303903273 0.0485200315639 -0.000816435365684 0.0388510608627 0.0175535328562 0.000763347570999 0.013362022516 0.00227604377545 0.0165905702434 0.0224765693567 0.292827745547 0.0250205033627 0.0156307304969 0.00341450537316 
