30
0.123926899062 0.0884893451388 0.107116270008 0.0597278634654 0.0754552666066 0.019144788815 0.200970993098 0.0832698050771 0.0426672552596 0.0125275076286 0.0394797478448 0.0604038345904 0.0335319673985 0.0427797721554 0.0149217979249 0.0125032911957 0.142835786571 0.0754225878746 0.0367752030525 0.0542920038725 0.208286894217 0.0533286406295 0.0352458247454 0.107238949757 0.0383245101253 0.0256345374975 0.0267221777707 0.0436219100546 0.0253425298527 0.0324915821016 
0.904668272514 0.0111522473431 -0.00024149134501 -0.00802035338388 0.00223153327931 0.0287671226121 0.00922187218249 0.0120422823581 0.00780954295745 0.0451353459345 0.016798199742 0.00656374911195 0.0180992781223 0.0817052995503 -0.0151749856219 0.00398563607765 -0.0148818784777 0.0393034797394 -0.000465563237891 0.0468265742671 -0.015680912496 0.00799112948601 -0.000295320466583 0.0462987620098 0.0178005915475 -0.00407738866901 0.0356405805507 -0.00218217709829 0.0079635458596 0.00215379650091 
0.0111522473431 0.486783358078 0.0510318856986 0.0284254959262 0.0230315001575 0.0115902884573 -0.00499530742818 0.0168041515642 0.0239579828913 0.017853189564 0.0165113922666 0.0226185750792 0.0118662981455 0.0145277982232 0.0395347852261 0.00261819567814 0.0385822890305 0.0379172508807 0.0193240182395 0.0108402380117 0.0436687762868 0.00953526463391 0.0205730319707 0.0379224206495 0.0337358025597 0.0123583746577 0.0153803578784 0.017644248022 0.0143506117982 -0.00397865375045 
-0.00024149134501 0.0510318856986 0.536212443533 0.0401962378459 0.0283171018956 0.0179902820685 0.0107487296949 0.0461843852886 0.0273043932327 0.0218330840369 0.0417707855165 0.0675491700174 0.040507929588 0.0226148876131 0.0686201494198 0.0171317090332 0.0643288256953 0.0221815745729 0.0130387210759 0.032312568983 0.0745393333679 0.0195879213003 0.027087985353 0.0640576588177 0.0387905047479 0.0138474642153 0.0240842581895 0.0331235399773 0.0257215090014 0.0196272009184 
-0.00802035338388 0.0284254959262 0.0401962378459 0.403476596734 0.0260687386452 0.0225663098004 0.0224838222818 0.0422552074012 0.0231471132198 0.0109379365184 0.0305025665684 0.0508431813446 0.0363949712441 0.0417721205585 0.0185385097482 0.00563243429627 -0.00465160442851 0.0378260929367 0.0097813513904 0.0247784702823 -0.00131730177147 0.0160636565045 0.0124890348627 -0.00129354278752 0.0274186410988 0.0102300862164 0.00426260973128 0.0219635037978 0.0214286235595 0.0293071288469 
0.00223153327931 0.0230315001575 0.0283171018956 0.0260687386452 0.669322010587 0.0450225203587 0.00150621903296 0.02278550136 0.0315548349208 0.0375051025379 0.0340262453901 0.0466212745383 0.0285718349503 0.0247253122156 0.0272144007504 0.0214651342145 0.00192719451953 0.0316508121869 0.0230719143257 0.00220520374831 0.0131812757918 0.0368016494872 0.0123604307199 0.0231736017835 0.0389308474751 0.0116334496476 0.0240885372208 0.0232501185538 0.028848735405 0.0385989658341 
0.0287671226121 0.0115902884573 0.0179902820685 0.0225663098004 0.0450225203587 0.228040689806 0.00284371909542 0.013468398469 0.0265947233385 0.0137269845264 0.0191257437501 0.00693348105462 0.0334340228222 0.0343190909528 0.0442352242117 0.0314401536097 -0.000443862325686 0.0316647131592 0.025975504523 0.0206944006391 0.0174474149835 0.0221173304481 0.0251428712927 0.0333769728688 0.0403013072773 0.0107165518122 0.0274974204255 0.0418289377484 0.0177736709128 0.0394592713201 
0.00922187218249 -0.00499530742818 0.0107487296949 0.0224838222818 0.00150621903296 0.00284371909542 0.928176895722 0.00484764985826 0.0239132950818 -0.00639300913417 0.00866882914978 0.0159885100612 0.0147545736791 0.0405555455456 0.00773137082319 -0.00804448535356 -0.0243457867387 0.0661844388276 0.0336440096525 0.00908336225223 0.00451674738274 0.0306324054403 0.00420095440916 0.0317633750225 0.000860427338154 0.00407513456759 0.0178827328913 0.0130304282715 0.0119175112452 0.0124913448584 
0.0120422823581 0.0168041515642 0.0461843852886 0.0422552074012 0.02278550136 0.013468398469 0.00484764985826 0.418233389247 0.0146547189555 0.0208301637812 0.0163637868877 0.0360423392084 0.038111777587 0.0337552762393 0.000109345642302 -0.00926216241432 -0.000183197278229 0.0085392644952 -0.00712831255345 0.0237778446534 0.00789319855055 0.0102527066251 0.015009975526 0.015812682985 0.00429604390864 0.00640341668083 0.0433138028909 0.0173846775202 0.00265915515815 0.0114598879293 
0.00780954295745 0.0239579828913 0.0273043932327 0.0231471132198 0.0315548349208 0.0265947233385 0.0239132950818 0.0146547189555 0.209196890696 0.00293659354482 0.0197944091538 0.0172723535671 0.0244891310734 0.0261650668141 0.019927567575 0.00372812205552 0.0390695201642 0.02366693278 0.0190652138149 0.027308700915 0.0211722901653 0.014179638643 0.0185593615026 0.0259714243761 0.0145172940811 0.00853265443453 0.0378948688457 0.0513747978966 0.015513132893 0.00592234927442 
0.0451353459345 0.017853189564 0.0218330840369 0.0109379365184 0.0375051025379 0.0137269845264 -0.00639300913417 0.0208301637812 0.00293659354482 0.299200280144 0.0139533630889 0.0216029604437 0.0255655689097 0.0330514825218 0.0282010028132 0.0055828584508 0.0090336276213 0.011837412651 0.012736153278 0.0118297289982 -0.0188534427943 0.0154115687556 0.0198195837858 0.0109790359971 0.0414125558727 0.0187135978623 0.015601828364 0.00800617148502 0.0203579713447 0.0256136131592 
0.016798199742 0.0165113922666 0.0417707855165 0.0305025665684 0.0340262453901 0.0191257437501 0.00866882914978 0.0163637868877 0.0197944091538 0.0139533630889 0.332355628422 0.0190072456432 0.0446335429918 0.030497646197 0.0333974741283 0.0249882864322 -0.00395240207708 0.0311212307987 0.0263434602332 0.0111139772269 -0.0176660140766 0.0155374906148 0.011697701959 0.0301874377711 0.0218797046009 0.00394403262843 0.0182269242845 0.00135340217461 0.0174612267349 0.000666335142259 
0.00656374911195 0.0226185750792 0.0675491700174 0.0508431813446 0.0466212745383 0.00693348105462 0.0159885100612 0.0360423392084 0.0172723535671 0.0216029604437 0.0190072456432 0.284372046784 0.0302774605739 0.0230073675622 0.031857971982 0.0335949879984 0.0105824991576 0.0143859583422 0.0191085889871 0.0227591006947 -0.00450998796322 0.0404057641459 0.0141544495708 0.0362241622565 0.0232115883318 0.0111927556539 0.0170689048025 0.0256957119081 0.0183129862992 0.0115778857672 
0.0180992781223 0.0118662981455 0.040507929588 0.0363949712441 0.0285718349503 0.0334340228222 0.0147545736791 0.038111777587 0.0244891310734 0.0255655689097 0.0446335429918 0.0302774605739 0.219937194235 0.0363289438737 0.0252771290777 0.0232540337339 0.00430044779229 0.0130919987 0.0116960863879 0.0240006277882 0.0148491257688 0.024983782278 0.0202369731032 0.0493784653859 0.0202140981349 0.0200191055511 0.0150513147685 0.0272785881426 0.017390339991 0.0240944533059 
0.0817052995503 0.0145277982232 0.0226148876131 0.0417721205585 0.0247253122156 0.0343190909528 0.0405555455456 0.0337552762393 0.0261650668141 0.0330514825218 0.030497646197 0.0230073675622 0.0363289438737 0.2748402724 0.0197154763747 0.0131133415108 -0.00338638740038 0.0194826847933 0.0109585339984 0.0317827150724 0.0178091167315 0.0188923265327 0.0148175424057 0.056464813624 0.0245783650607 0.0111069787618 0.0377968822741 0.035406859844 0.00200870119614 0.017183039106 
-0.0151749856219 0.0395347852261 0.0686201494198 0.0185385097482 0.0272144007504 0.0442352242117 0.00773137082319 0.000109345642302 0.019927567575 0.0282010028132 0.0333974741283 0.031857971982 0.0252771290777 0.0197154763747 0.322254842826 0.0160352889831 -0.00178138143642 0.00708996971372 0.018588123416 0.0125070951495 -3.33826880753e-05 0.0268842712159 0.0285689501095 0.0325786217117 0.0205815408783 0.0181916213384 0.00967767029999 0.0325279081301 0.0374587162926 0.0212173057919 
0.00398563607765 0.00261819567814 0.0171317090332 0.00563243429627 0.0214651342145 0.0314401536097 -0.00804448535356 -0.00926216241432 0.00372812205552 0.0055828584508 0.0249882864322 0.0335949879984 0.0232540337339 0.0131133415108 0.0160352889831 0.284973236967 0.00946869691181 0.0110796655424 0.0269730990038 -0.00529507855931 0.0493058765133 -0.00109325252176 0.0276824803863 0.0243915027148 0.0287954473008 0.0148045946266 0.00544871190028 0.0117082058021 0.00663114308619 0.0257444220384 
-0.0148818784777 0.0385822890305 0.0643288256953 -0.00465160442851 0.00192719451953 -0.000443862325686 -0.0243457867387 -0.000183197278229 0.0390695201642 0.0090336276213 -0.00395240207708 0.0105824991576 0.00430044779229 -0.00338638740038 -0.00178138143642 0.00946869691181 1.25257000047 -0.0138662791049 0.00627141127171 0.00554499743164 -0.00676835978785 -0.00173911928433 0.00671169226576 0.0217558834279 0.0201217927509 0.00327692771937 0.00949132655559 0.00690208686335 -0.00379739779565 0.0233197452514 
0.0393034797394 0.0379172508807 0.0221815745729 0.0378260929367 0.0316508121869 0.0316647131592 0.0661844388276 0.0085392644952 0.02366693278 0.011837412651 0.0311212307987 0.0143859583422 0.0130919987 0.0194826847933 0.00708996971372 0.0110796655424 -0.0138662791049 0.490592275575 0.00157949774604 0.015632644634 0.0250481119643 0.0132554361774 0.014603306307 0.0291903145483 0.0276286853976 0.0149879294793 0.0118386853746 0.0189466917196 0.0065772157705 0.00192395796551 
-0.000465563237891 0.0193240182395 0.0130387210759 0.0097813513904 0.0230719143257 0.025975504523 0.0336440096525 -0.00712831255345 0.0190652138149 0.012736153278 0.0263434602332 0.0191085889871 0.0116960863879 0.0109585339984 0.018588123416 0.0269730990038 0.00627141127171 0.00157949774604 0.257287329332 0.00756149418238 0.0301567235185 0.00645091822822 0.00817769484125 0.0172365594819 0.0138110482869 0.0137115037867 0.0101334558582 0.03331331638 0.0286875001479 0.00779106512013 
0.0468265742671 0.0108402380117 0.032312568983 0.0247784702823 0.00220520374831 0.0206944006391 0.00908336225223 0.0237778446534 0.027308700915 0.0118297289982 0.0111139772269 0.0227591006947 0.0240006277882 0.0317827150724 0.0125070951495 -0.00529507855931 0.00554499743164 0.015632644634 0.00756149418238 0.285064169609 0.0111731704268 0.0109656593255 0.0153983421111 0.015292637029 0.0229522047673 0.0133151985325 0.0231879047949 0.0270231477278 0.0196557251713 0.00300421837242 
-0.015680912496 0.0436687762868 0.0745393333679 -0.00131730177147 0.0131812757918 0.0174474149835 0.00451674738274 0.00789319855055 0.0211722901653 -0.0188534427943 -0.0176660140766 -0.00450998796322 0.0148491257688 0.0178091167315 -3.33826880754e-05 0.0493058765133 -0.00676835978785 0.0250481119643 0.0301567235185 0.0111731704268 1.33588535109 0.00133853093856 0.00958828015052 0.0482447643608 0.0312053258638 0.0242096630624 0.0055706019855 0.0320506804244 0.0107058555932 0.0249853375245 
0.00799112948601 0.00953526463391 0.0195879213003 0.0160636565045 0.0368016494872 0.0221173304481 0.0306324054403 0.0102527066251 0.014179638643 0.0154115687556 0.0155374906148 0.0404057641459 0.024983782278 0.0188923265327 0.0268842712159 -0.00109325252176 -0.00173911928433 0.0132554361774 0.00645091822822 0.0109656593255 0.00133853093856 0.267949474102 0.0119145287602 0.0276802278514 0.0142872952298 0.0233309963965 0.0153322860531 0.0126795916785 0.0100473995555 0.00360839450687 
-0.000295320466583 0.0205730319707 0.027087985353 0.0124890348627 0.0123604307198 0.0251428712927 0.00420095440916 0.015009975526 0.0185593615026 0.0198195837858 0.011697701959 0.0141544495708 0.0202369731032 0.0148175424057 0.0285689501095 0.0276824803863 0.00671169226576 0.014603306307 0.00817769484125 0.0153983421111 0.00958828015052 0.0119145287602 0.219368665016 0.022188515719 0.0284416156049 0.00618480926177 0.0146911458866 0.0397458364155 0.0151446214479 0.0258500433812 
0.0462987620098 0.0379224206495 0.0640576588177 -0.00129354278752 0.0231736017835 0.0333769728688 0.0317633750225 0.015812682985 0.0259714243761 0.0109790359971 0.0301874377711 0.0362241622565 0.0493784653859 0.056464813624 0.0325786217117 0.0243915027148 0.0217558834279 0.0291903145483 0.0172365594819 0.015292637029 0.0482447643608 0.0276802278514 0.022188515719 0.478363104506 0.0195777391374 0.0179584626234 0.0180309083316 0.0530753175395 0.021694626764 0.0331947436959 
0.0178005915475 0.0337358025597 0.0387905047479 0.0274186410988 0.0389308474751 0.0403013072773 0.000860427338154 0.00429604390864 0.0145172940811 0.0414125558727 0.0218797046009 0.0232115883318 0.0202140981349 0.0245783650607 0.0205815408783 0.0287954473008 0.0201217927509 0.0276286853976 0.0138110482869 0.0229522047673 0.0312053258638 0.0142872952298 0.0284416156049 0.0195777391374 0.330748152299 0.0176652835631 0.0274218952754 0.0266903103889 0.00625436758068 0.0467675040761 
-0.00407738866901 0.0123583746577 0.0138474642153 0.0102300862164 0.0116334496476 0.0107165518122 0.00407513456759 0.00640341668083 0.00853265443453 0.0187135978623 0.00394403262843 0.0111927556539 0.0200191055511 0.0111069787618 0.0181916213384 0.0148045946266 0.00327692771937 0.0149879294793 0.0137115037867 0.0133151985325 0.0242096630624 0.0233309963965 0.00618480926177 0.0179584626234 0.0176652835631 0.183443358873 0.0234820449076 0.0131738658632 0.0231287326202 0.0160257763717 
0.0356405805507 0.0153803578784 0.0240842581895 0.00426260973128 0.0240885372208 0.0274974204255 0.0178827328913 0.0433138028909 0.0378948688457 0.015601828364 0.0182269242845 0.0170689048025 0.0150513147685 0.0377968822741 0.00967767029999 0.00544871190028 0.00949132655559 0.0118386853746 0.0101334558582 0.0231879047949 0.0055706019855 0.0153322860531 0.0146911458866 0.0180309083316 0.0274218952754 0.0234820449076 0.192817355179 0.0391192989169 0.0114564625618 0.0168647094795 
-0.00218217709829 0.017644248022 0.0331235399773 0.0219635037978 0.0232501185537 0.0418289377484 0.0130304282715 0.0173846775202 0.0513747978966 0.00800617148502 0.00135340217461 0.0256957119081 0.0272785881426 0.035406859844 0.0325279081301 0.0117082058021 0.00690208686335 0.0189466917196 0.03331331638 0.0270231477278 0.0320506804244 0.0126795916785 0.0397458364155 0.0530753175395 0.0266903103889 0.0131738658632 0.0391192989169 0.317453622319 0.0383105032829 0.00761295544588 
0.0079635458596 0.0143506117982 0.0257215090014 0.0214286235595 0.028848735405 0.0177736709128 0.0119175112452 0.00265915515815 0.015513132893 0.0203579713447 0.0174612267349 0.0183129862992 0.017390339991 0.00200870119614 0.0374587162926 0.00663114308619 -0.00379739779565 0.0065772157705 0.0286875001479 0.0196557251713 0.0107058555932 0.0100473995555 0.0151446214479 0.021694626764 0.00625436758068 0.0231287326202 0.0114564625618 0.0383105032829 0.193456314535 0.0164464808439 
0.00215379650091 -0.00397865375045 0.0196272009184 0.0293071288469 0.0385989658341 0.0394592713201 0.0124913448584 0.0114598879293 0.00592234927442 0.0256136131592 0.000666335142259 0.0115778857672 0.0240944533059 0.017183039106 0.0212173057919 0.0257444220384 0.0233197452514 0.00192395796551 0.00779106512013 0.00300421837242 0.0249853375245 0.00360839450687 0.0258500433812 0.0331947436959 0.0467675040761 0.0160257763717 0.0168647094795 0.00761295544588 0.0164464808439 0.305749402191 

['CSC', 'BMC', 'NSM', 'GR', 'TIF', 'HD', 'GM', 'APC', 'VNO', 'S', 'ITT', 'ROK', 'ETN', 'EMN', 'DELL', 'DG', 'THC', 'HSP', 'ABT', 'ORCL', 'OMX', 'ECL', 'FII', 'R', 'BBBY', 'PG', 'GAS', 'NTRS', 'LLY', 'AZO']