20
0.0335830315084 0.0512444991133 0.0470472683343 0.0451551332239 0.0359279599811 0.0330111524363 0.0704019073317 0.0952892642352 0.0936563270582 0.0223320424584 0.0202574279786 0.0231907610599 0.0654803135324 0.0542920038725 0.0377827405953 0.0211692002509 0.0631385093148 0.0272696759741 0.0725669815102 0.045915457725 
0.309978814965 0.031689353484 0.0116595777243 0.0048526381879 0.0143766615208 0.0326209132136 0.0384468048308 0.0129448002099 0.0312196090258 -0.00129040772922 0.0456836266545 0.00147449058433 0.0328975864998 0.0288465446112 0.0131003001097 0.00848617205484 0.0582605571867 0.0272986095804 0.0370090138462 0.0108582554375 
0.031689353484 0.282009429868 0.0192331370839 0.00833329547569 0.0153235926741 0.0490257419748 0.0395893247835 0.0133203132207 0.0209434319017 0.00861100791191 0.0382008182059 0.00530043123013 0.034958834037 0.018400096141 0.00504750795273 0.00960623268163 0.0428285137383 0.0228186246654 0.0443249889553 0.0144183502072 
0.0116595777243 0.0192331370839 0.221107642457 0.0132484683887 0.00846093956171 0.0236573453713 0.0333786444784 0.0130050452724 0.0108086976883 0.00937598474336 0.0280979064115 0.0263799571287 0.032851587624 0.0230833417002 0.0290697529452 0.0104001622281 0.0218277366945 0.0223706680944 0.0358051414684 0.0205437757102 
0.0048526381879 0.00833329547569 0.0132484683887 0.305684509604 0.0369446479195 0.0169335464871 0.0142748597674 0.0618300185634 0.00932284036581 0.0059502216211 0.0166101926624 0.0346470249579 0.00867003241776 0.0126029047827 0.0154242442058 0.0129782965717 0.00541099673369 0.00912581848762 0.0135097164566 0.016614938436 
0.0143766615208 0.0153235926741 0.00846093956171 0.0369446479195 0.231152303268 0.0301373165408 0.0260086474513 0.0364764257684 0.0176046437523 0.00220311364615 0.0250809702303 0.0530360927653 0.0130581547396 0.0144928157806 0.0387180731241 -0.00427548540003 0.0212035760671 0.0148514441188 0.0253028694343 0.00921656933197 
0.0326209132136 0.0490257419748 0.0236573453713 0.0169335464871 0.0301373165408 0.323917941989 0.0563316333082 0.026017539366 0.00731462628442 0.00105573853974 0.0283218385779 0.0196507570137 0.0458888340661 0.00574816569456 0.0291538901999 0.000427043313739 0.0285105797305 0.0192897853039 0.0448073057661 0.0240639062443 
0.0384468048308 0.0395893247835 0.0333786444784 0.0142748597674 0.0260086474513 0.0563316333082 0.291005354196 0.0206684211428 0.0376589963761 0.00788549977951 0.0449892004703 0.0251782730845 0.0383858086408 0.0327946658106 0.0256532273813 0.0166085182107 0.0384219041463 0.0354349371886 0.0983844025651 0.0453978653882 
0.0129448002099 0.0133203132207 0.0130050452724 0.0618300185634 0.0364764257684 0.026017539366 0.0206684211428 0.509116507916 0.0352716008549 0.0107927816438 0.0352971875866 0.0467315443314 0.022176798624 0.0306849851627 0.0149029965605 0.0181904890579 0.0231573798866 0.0199095421907 0.0174345508525 0.0249879786949 
0.0312196090258 0.0209434319017 0.0108086976883 0.00932284036581 0.0176046437523 0.00731462628442 0.0376589963761 0.0352716008549 0.446016987314 0.00240678160425 0.0298923868603 0.02006705285 0.0321912935201 0.0288307763657 0.0325556637621 0.0173838666859 0.0298665566356 0.015185839198 0.0397443069731 0.0280958430305 
-0.00129040772922 0.00861100791191 0.00937598474336 0.0059502216211 0.00220311364615 0.00105573853974 0.00788549977951 0.0107927816438 0.00240678160425 0.212497230369 0.00359545262106 0.00401343218732 0.00334390678007 0.000809004883118 0.00594366811047 0.0101448577014 0.0144174160082 0.0147147982734 0.0248687820305 0.00181126441222 
0.0456836266545 0.0382008182059 0.0280979064115 0.0166101926624 0.0250809702303 0.0283218385779 0.0449892004703 0.0352971875866 0.0298923868603 0.00359545262106 0.284693572471 0.0166285703192 0.0498559859439 0.0356339308124 0.0225658908989 0.0190071898306 0.0452658298419 0.0381282805106 0.0324918373936 0.0214086770287 
0.00147449058433 0.00530043123013 0.0263799571287 0.0346470249579 0.0530360927653 0.0196507570137 0.0251782730845 0.0467315443314 0.02006705285 0.00401343218732 0.0166285703192 0.229144747318 0.0172995063924 -0.00564217161527 0.00319700371164 0.0134584419036 0.00750322293412 0.0179039436616 0.0225482410867 0.0428316750353 
0.0328975864998 0.034958834037 0.032851587624 0.00867003241776 0.0130581547396 0.0458888340661 0.0383858086408 0.022176798624 0.0321912935201 0.00334390678007 0.0498559859439 0.0172995063924 0.401284507866 0.0204547369848 0.00869225061758 -0.00663954709832 0.0394628588777 0.0303911773127 0.0500917434869 0.0315499210346 
0.0288465446112 0.018400096141 0.0230833417002 0.0126029047827 0.0144928157806 0.00574816569456 0.0327946658106 0.0306849851627 0.0288307763657 0.000809004883118 0.0356339308124 -0.00564217161527 0.0204547369848 0.288595521847 0.0122985888034 0.0153399076895 0.0166228482563 0.0175370192774 0.0440739273745 0.0122398646351 
0.0131003001097 0.00504750795273 0.0290697529452 0.0154242442058 0.0387180731241 0.0291538901999 0.0256532273813 0.0149029965605 0.0325556637621 0.00594366811047 0.0225658908989 0.00319700371164 0.00869225061758 0.0122985888034 0.336969916017 0.0150825200063 0.0134692473883 0.0104936752491 0.029653634852 0.00595854311187 
0.00848617205484 0.00960623268163 0.0104001622281 0.0129782965717 -0.00427548540003 0.000427043313739 0.0166085182107 0.0181904890579 0.0173838666859 0.0101448577014 0.0190071898306 0.0134584419036 -0.00663954709832 0.0153399076895 0.0150825200063 0.216907360447 0.0235772238707 0.00848643309358 0.0149158102099 0.00163182515816 
0.0582605571867 0.0428285137383 0.0218277366945 0.00541099673369 0.0212035760671 0.0285105797305 0.0384219041463 0.0231573798866 0.0298665566356 0.0144174160082 0.0452658298419 0.00750322293412 0.0394628588777 0.0166228482563 0.0134692473883 0.0235772238707 0.374158961351 0.0250085995163 0.0462936710304 0.022357564085 
0.0272986095804 0.0228186246654 0.0223706680944 0.00912581848762 0.0148514441188 0.0192897853039 0.0354349371886 0.0199095421907 0.015185839198 0.0147147982734 0.0381282805106 0.0179039436616 0.0303911773127 0.0175370192774 0.0104936752491 0.00848643309358 0.0250085995163 0.151791872736 0.0358733105127 0.0155468855703 
0.0370090138462 0.0443249889553 0.0358051414684 0.0135097164566 0.0253028694343 0.0448073057661 0.0983844025651 0.0174345508525 0.0397443069731 0.0248687820305 0.0324918373936 0.0225482410867 0.0500917434869 0.0440739273745 0.029653634852 0.0149158102099 0.0462936710304 0.0358733105127 0.28934144049 0.0395390265112 
0.0108582554375 0.0144183502072 0.0205437757102 0.016614938436 0.00921656933197 0.0240639062443 0.0453978653882 0.0249879786949 0.0280958430305 0.00181126441222 0.0214086770287 0.0428316750353 0.0315499210346 0.0122398646351 0.00595854311187 0.00163182515816 0.022357564085 0.0155468855703 0.0395390265112 0.333813132037 

['LLTC', 'TIN', 'EQR', 'BCR', 'GD', 'LOW', 'GS', 'JCI', 'AV', 'CAG', 'APCC', 'ALL', 'HLT', 'ORCL', 'PGL', 'RX', 'UNP', 'SIAL', 'BSC', 'UNM']