50
0.0572050688987 0.0565521495323 0.275379497042 0.0669692816613 0.0449016594387 0.0780955523414 0.0820701074714 0.148169679735 0.0324915821016 0.0761836706695 0.0486959213786 0.0388313797841 0.0594687244428 0.0442318588416 0.0191748751409 0.0610020106181 0.0447966226616 0.158041803894 0.0151091702759 0.188050706821 0.0180781461794 0.0389775871913 0.0466521206007 0.0590558874601 0.050100863095 0.129241945615 0.039970875035 0.0486003975036 0.0832698050771 0.0155341374053 0.0387981152642 0.0253746335001 0.112290577846 0.0733521468466 0.0424048973372 0.0441448787565 0.0538205376978 0.106366385329 0.0678674292734 0.0559384191954 0.0502759777883 0.0255121646837 0.02473804396 0.0690593134036 0.10135047428 0.0602494739115 0.0270240384822 0.0545718905582 0.0275926739743 0.0273717205438 
0.255545352032 0.0153469835948 -0.0196867975881 0.0254265605703 0.0276052786365 0.0170740777051 0.0318385069261 0.0183970635794 0.00477802446311 0.0298677074543 0.0148145990603 0.0211714318836 0.0181740202196 0.0209630857455 0.00964275717926 0.0207755706319 0.0315162507384 0.0385292837732 0.0146350520183 0.0401616876985 0.0084370220454 0.00647899028421 0.0102442106893 0.00336059220166 0.0181325121183 0.00997127490248 0.0369401955625 0.000851425484804 0.0117904248803 0.0115315674592 0.0237479395844 0.00881914510624 0.0391145746377 0.0215078357951 -0.000513970537768 0.0167558973904 0.0112109954106 0.0243785291741 0.025932034079 0.0239187609501 0.0204110196526 0.0110770332468 0.00936645175643 0.0155831338632 0.0298778615614 0.0144892694305 0.00519770621883 0.00709123828405 0.00440587277171 0.0131099453376 
0.0153469835948 0.36760803344 0.0107917770288 0.0272029929812 0.0274320966647 0.00858822704118 0.025435624742 0.0150054436133 0.0165870233315 0.030205099288 0.0164878128726 0.0113725898846 0.0167761995636 0.0175090014404 0.00965257416784 0.00414650986747 0.0176974285379 0.0288158954383 0.00819882868846 0.021626093134 0.0115146936465 0.0119270911177 0.0168957545179 0.0104883320272 0.00343913046406 0.00704749092264 0.00885703847014 0.0157094793739 0.0123007776844 0.00175087095893 0.0185023989369 0.0222888251296 0.025442040215 0.0102696674132 0.0137347582884 0.0207174543857 0.00590903804692 0.00999826469662 0.0248956168967 0.0331295213292 0.0121673826816 0.0198937831355 0.0174880956585 0.0310001595703 0.0285241927362 0.0271993475362 0.0222639335539 0.0149072183846 -0.00495170312834 0.0264739490441 
-0.0196867975881 0.0107917770288 4.09480438468 -0.00617900843015 -0.0133854452593 -0.0127181719091 -0.0348475775064 -0.0377486364636 0.0033012990628 -0.00695314859471 0.00218457449675 0.0105057106087 0.00381326965628 -0.00814089097037 -0.0012648047407 -0.0225039955712 -0.000259887746459 -0.0136839381348 -0.00711346981881 -0.0265623692813 0.00523826213118 -0.00259895702701 0.00168407672822 0.00266554792401 -0.0145254371817 -0.0165648652394 -0.0161090106839 -0.00987724078857 -0.0271556863157 0.00126250616428 -0.0146583538198 0.000404154912679 -0.0116675581605 -0.00310812411891 -0.00386236268726 -0.00282325090325 0.00510976897392 -0.0103211235762 0.00874085727131 -0.0146478072732 0.00430203361358 -0.00559990721288 0.0220718368332 -0.00918682086288 -0.0157828031349 -0.00441037368104 0.00139378930902 0.00623694795295 0.00188123373868 -0.0102904340843 
0.0254265605703 0.0272029929812 -0.00617900843015 0.475779061899 0.0199003450895 0.0484676960963 0.0274819566183 0.00835905864507 0.0285963884325 0.020993943067 0.0310103778269 0.0280188308261 0.0246792400408 0.0306428462964 0.0131050086478 0.0235795130167 0.0274072478218 0.0187565037646 0.00506742971093 0.0321285854229 0.0103969840622 0.0239331885716 0.0044554180542 0.0143447732926 0.0339446022081 -0.00151900812133 0.0223041832917 0.00313365826013 0.0207728111568 0.0110586258933 0.0118303190385 0.0214913694778 0.0218947815945 -0.00317367766643 0.0172885076463 0.0174866299368 0.025760353098 -0.00126671075259 0.0636050885379 0.00511874834171 0.0213264092086 0.00801598093532 0.0155534476857 0.0277059582196 0.0518856073205 0.0266089404559 -0.00352995261034 -0.00296578822304 0.00173674633443 0.0246648605334 
0.0276052786365 0.0274320966647 -0.0133854452593 0.0199003450895 0.315474642755 0.0254164356147 0.0308449363329 0.014801357867 -0.00544709566524 0.0264931363898 0.020827820118 0.00882631813772 0.0158687877518 0.0408738042349 0.010767678771 0.0106683129949 0.027136025933 0.000168781305979 0.00838301259368 0.0472314253353 0.0124021869793 0.0138782546151 0.0102512711154 -0.00377594153539 0.0215387014425 -0.00107293904658 0.022771676793 0.0186839177468 0.0207246542428 0.00483597342148 0.0593013072739 0.0230751532608 0.0144776993387 -0.00282273206949 0.01364075208 0.0301643637937 0.0141471447083 0.0217733394843 0.0159559131963 0.0063852381555 0.00965170672623 0.00997274179928 0.00338418213277 0.0209992361026 0.0553396653017 0.0556346836868 0.0201599370854 0.0176839895744 0.010434067515 0.00885678144783 
0.0170740777051 0.00858822704118 -0.0127181719091 0.0484676960963 0.0254164356147 0.565085601 0.0154811564699 0.028065834607 0.0202099354924 0.0124074717978 0.00443651189949 0.0654652448647 0.0139348846315 0.0280907396045 0.00789948250436 0.0150745123019 0.0157722720225 0.0231523465669 -0.00751967992032 0.0483424350404 -0.00863370301251 0.0191955067238 0.00474991825472 0.00587771878121 0.026552798872 0.0234686569691 0.00924745350397 0.0176522208653 -0.00180739957812 -0.0027313562303 0.0344622761489 0.00219031939633 0.00385190000243 0.00805849948224 -0.00825624598738 0.0562096357435 0.0128509214221 0.000701118813042 0.0286600907874 0.0241961666035 0.0295726019792 0.0189696397515 0.011404529448 0.00915178116105 0.0393653571526 0.0124791255958 0.018181076854 -0.000180803274711 0.00524814050519 0.0185349826238 
0.0318385069261 0.025435624742 -0.0348475775064 0.0274819566183 0.0308449363329 0.0154811564699 0.482765817533 0.0102242142552 0.0103971800656 0.0337863227352 0.0336856129295 0.013481672971 0.00135399419935 0.0126598760526 0.0162798007357 0.00870591671518 0.0413785681149 -0.0016915132716 0.00378039652519 0.014492432752 0.0137069805115 0.0130350194635 -0.00471708189949 0.0161887863337 0.0237150799431 -0.000266107330149 0.0112835275395 0.0308255533959 -0.000439128189217 0.00760182882307 0.00752042782373 0.000369060022413 0.0270772895032 0.0269188008634 0.024706547835 0.0233225359754 0.0246112070196 0.0132847160186 0.060617530552 0.0446631499622 0.00504591422568 0.00593380074288 -0.00932948665761 0.0256895979499 0.0266809609949 0.0272797091956 0.0180126845004 0.000188105552028 0.00962917893109 0.0094651742474 
0.0183970635794 0.0150054436133 -0.0377486364636 0.00835905864507 0.014801357867 0.028065834607 0.0102242142552 0.466368355439 0.018973675864 0.0209437092504 0.0150500516237 0.00856891381335 0.0317040800881 0.0212251594945 -0.00618998823641 0.00964671952249 0.0327829937627 0.0461119838389 0.00374832900172 0.0502583077104 0.0264452646776 0.0159925753498 0.00457460949161 0.00059151285426 -0.014971984894 0.0117445392861 0.0125599339973 0.012518798355 0.0451575682713 0.00772042210068 0.0152874217669 0.00950186445918 0.0390067714121 0.0196925477816 0.00246771378157 0.0183584265116 0.0227790647028 0.0433647599743 0.0114708942076 0.00129458102478 0.0311076356622 0.0158377293656 0.00858115317148 0.016400791784 0.00511010923504 0.0248407701152 -0.000489014774739 0.007757118969 -0.000870737661515 0.00675430914977 
0.00477802446311 0.0165870233315 0.0033012990628 0.0285963884325 -0.00544709566524 0.0202099354924 0.0103971800656 0.018973675864 0.300774420265 0.0436027370448 0.00894366139461 0.0250584814022 0.0314849159364 0.00983272850464 0.00243479337077 0.0119343409963 0.0200085503003 0.017773574252 0.0151251498736 0.00392517086902 -0.00187750322378 0.00348094663171 0.00975711568648 0.00765204652888 0.00157941944808 0.00997988026157 0.0184052217517 0.00435201942628 0.00807070367117 0.00680608373295 0.00699133729221 0.0134292010602 0.0120397953881 0.0199179924528 0.00694715041838 0.00885090111422 0.0372563850801 0.0143111130485 0.0506727889239 0.0164203854163 0.0319139782548 0.0221954644055 0.00860779781589 0.00468024932893 0.0115444544906 0.0249209216419 0.01016612219 0.00941817662806 0.0316721977453 0.00696607782785 
0.0298677074543 0.030205099288 -0.00695314859471 0.020993943067 0.0264931363898 0.0124074717978 0.0337863227352 0.0209437092504 0.0436027370448 0.405746157241 0.0189930612084 0.0206991137711 0.0291969802691 0.0292735649899 0.00247954012291 0.036886996174 0.0436821334244 0.0119979832605 0.00615699518503 0.0504594518842 0.00593925922036 0.00739668249396 0.000215075753763 -0.00429295419136 0.00918572947097 0.0133867060344 0.0344173484254 0.016843976104 0.011366842241 -0.00206612394113 0.0260944834945 0.0297428382622 0.0628914686567 -0.00497129124689 0.0242097332825 0.034546380608 0.000402206940434 0.0251348643676 0.0427009928057 0.0180182012506 0.0136087317543 0.011490477594 0.00164063180205 0.021212335262 0.0639176530321 0.0157519777162 0.0058047953874 -0.00241531744741 0.0012898301195 0.0391294995709 
0.0148145990603 0.0164878128726 0.00218457449675 0.0310103778269 0.020827820118 0.00443651189949 0.0336856129295 0.0150500516237 0.00894366139461 0.0189930612084 0.198830988121 0.0253796351089 0.0255084135804 0.0230158264256 0.0296124912215 0.0243454245567 0.0173665763976 0.0219564445288 0.0218998978248 0.0207547021461 0.0151099414361 0.0589612866956 0.00809800666873 0.00980113496566 0.0101392338417 0.00304739721077 0.0261859468855 0.00855922597664 0.00384326949037 0.0193798786669 0.0214456525324 0.0239739406605 0.0304119976456 0.043415897901 0.0131328998497 0.0560582380693 0.0409071484371 0.00333124433348 0.0323605153039 0.0194305251832 0.0152871543353 0.0138373762572 0.0275863932272 0.0238803482776 0.0315682220517 0.0181065418377 0.0280143370504 0.0210249834475 0.00303655814598 0.0159328346809 
0.0211714318836 0.0113725898846 0.0105057106087 0.0280188308261 0.00882631813772 0.0654652448647 0.013481672971 0.00856891381335 0.0250584814022 0.0206991137711 0.0253796351089 0.404802076139 0.0106952463649 0.00649262806999 0.0047766251053 0.00821170623047 0.0492880206952 0.00752149467402 0.0152548023439 0.0229567547207 0.00671798033801 -0.0016035791915 0.0165986489127 0.00983311596178 0.0130391008825 0.00391216982657 0.014732080148 -0.00133938564511 0.0114579327258 0.00311594912747 0.00300047929289 0.0208735283755 0.0254612189059 0.00993260330044 0.0183438335094 0.0200725235746 0.00585312176979 0.0173146581535 0.0360070534262 0.0166618110878 -0.0133934890897 0.0170630960148 0.0118430360071 -0.0012618708368 0.018724115216 0.0157772084831 0.00320375801958 0.00705449637743 0.00873371601852 0.011842286052 
0.0181740202196 0.0167761995636 0.00381326965628 0.0246792400408 0.0158687877518 0.0139348846315 0.00135399419935 0.0317040800881 0.0314849159364 0.0291969802691 0.0255084135804 0.0106952463649 0.40512402839 0.025381238043 0.0025103915731 0.0251068997061 0.00679602112163 0.00675767419503 0.00959809647689 0.021180588536 0.00533285981545 0.0354867363708 0.00222718300597 -0.00121059343771 0.036255160159 0.00672616771163 0.0222736132946 0.0320966938924 -0.000173864484913 0.0154489082982 0.0295785418192 0.0359417971147 0.0216903258799 0.0112531673907 0.00362157600071 0.00792550529715 0.014647103612 0.00515934238196 0.0212589394647 0.00231470034177 0.00833214873079 0.0179625414589 0.0100344316349 0.0151503163134 0.0209774497266 -0.000248662210996 0.00674376275147 -0.00282933000372 -0.00313815113043 0.00152913453696 
0.0209630857455 0.0175090014404 -0.00814089097037 0.0306428462964 0.0408738042349 0.0280907396045 0.0126598760526 0.0212251594945 0.00983272850464 0.0292735649899 0.0230158264256 0.00649262806999 0.025381238043 0.230150120207 0.0158601967478 0.0476370538145 0.0223822778094 0.018321347839 0.0147011618823 0.0360817794773 0.00875021879013 0.0266057545609 0.0246462403032 0.0225930110921 0.0290747679107 0.0127590802824 0.0308987648709 0.0290202216793 0.00864899208864 0.000657085769668 0.0648682591829 0.0149882464963 0.0275179635762 0.0220264580488 0.0231678861142 0.0312004674011 0.0261018205757 0.0293805289525 0.00831684889101 0.0192105534622 0.0155211790835 0.0213040537107 0.0144185600939 0.0247175767249 0.0302211506278 0.02766618612 0.0139515169754 0.0149989429535 -0.00500695573536 0.0272987829767 
0.00964275717926 0.00965257416784 -0.0012648047407 0.0131050086478 0.010767678771 0.00789948250436 0.0162798007357 -0.00618998823641 0.00243479337077 0.00247954012292 0.0296124912215 0.0047766251053 0.0025103915731 0.0158601967478 0.173030911341 -0.00381820342493 0.0164019060798 0.00334403093591 0.0183576721595 0.0255548877854 0.000295883272654 0.0457901985232 0.0212357814434 0.0421923076736 0.0137422071698 0.0185119311133 0.0192833440373 0.0103942470932 0.0207042560442 0.00966604540212 0.00839393995366 0.00945669318308 0.0112741401494 0.01520550483 -0.00774472908047 0.0240689980932 0.0168969499116 -0.0085065898731 0.0244810287402 0.0192415518405 0.0131856833759 0.0204460753225 0.0117612834447 0.00783355950688 0.0180864035123 0.0277983792129 0.0302615467126 0.0152130113536 0.00301642143074 0.0185700408798 
0.0207755706319 0.00414650986747 -0.0225039955712 0.0235795130167 0.0106683129949 0.0150745123019 0.00870591671518 0.00964671952249 0.0119343409963 0.036886996174 0.0243454245567 0.00821170623047 0.0251068997061 0.0476370538145 -0.00381820342493 0.415803189198 0.0314264772316 0.0103538297949 0.0102018159068 0.0131931964452 0.00687642358188 0.00754006729793 -0.000295526681877 0.00314916408991 0.00377218368719 0.0144733497434 0.00580090407191 -0.00281273231077 0.0150415861865 0.00789257732737 0.020564262844 0.0425228649321 0.0354147070487 -0.000810922642049 0.0328199338019 -0.00108124162406 0.0112254371715 0.0290817051168 0.0349322664516 0.00726715596505 0.0189641001211 0.000733392970536 0.0110166298785 0.0463504086777 0.0350773872081 0.0212391610793 0.00658120849153 0.0093677743158 0.0154842773147 0.00959363389093 
0.0315162507384 0.0176974285379 -0.000259887746459 0.0274072478218 0.027136025933 0.0157722720225 0.0413785681149 0.0327829937627 0.0200085503003 0.0436821334244 0.0173665763976 0.0492880206952 0.00679602112163 0.0223822778094 0.0164019060798 0.0314264772316 0.262927017276 0.0213260715391 0.0168864031396 0.0455353302295 0.0210431448983 0.0184750648205 0.00780413764116 0.0167028863086 0.0125995469793 0.00963141934134 0.0264763143603 0.0145563565275 0.00663124970967 0.0214179879165 0.024547015069 0.0180389962786 0.010277721666 0.0291596526202 0.0092853230479 0.0257083583239 0.031635688444 -0.00460861991056 0.0539427012549 0.0174046452851 0.0129215896461 0.0194881720102 0.0135875362493 0.0397219531834 0.0452771436034 0.0207794814913 0.0139841715098 0.0141052886938 0.00243762161696 0.0292132758364 
0.0385292837732 0.0288158954383 -0.0136839381348 0.0187565037646 0.00016878130598 0.0231523465669 -0.0016915132716 0.0461119838389 0.017773574252 0.0119979832605 0.0219564445288 0.00752149467402 0.00675767419503 0.018321347839 0.00334403093591 0.0103538297949 0.0213260715391 1.02948945527 0.00334383037993 0.0318831339072 0.00894476292175 0.0064535107242 0.0161006821429 0.0181518920212 0.0172497268166 0.00683853003268 0.00685954180309 0.0193457958818 0.00987634371943 0.00681761076581 0.0277899205907 0.0778408698445 0.0095706701768 0.0228022924163 0.044508673975 0.0377195298525 0.0124946597401 0.00813970488051 0.00208471431373 0.019435195419 0.0176470645661 0.0024614657366 0.0191897443499 0.00706187089812 0.0128090488941 -0.00261382846911 0.0200928485309 0.0197162264254 0.000999311313827 0.0218936978348 
0.0146350520183 0.00819882868846 -0.00711346981881 0.00506742971093 0.00838301259368 -0.00751967992032 0.00378039652519 0.00374832900172 0.0151251498736 0.00615699518503 0.0218998978248 0.0152548023439 0.00959809647689 0.0147011618823 0.0183576721595 0.0102018159068 0.0168864031396 0.00334383037993 0.152596345274 0.0227636985693 0.00367924106133 0.0167224724529 0.0207781261803 0.0147421403231 0.0167709117734 -0.00640391173134 0.0143099678532 0.00975775915237 0.0115011812012 -0.00619962835033 0.00485045279217 0.0103436719144 0.00145344171815 0.017686859948 0.0187877896536 0.016304412844 0.0141797002867 0.00591004649699 0.0265073473228 0.0175530911457 0.000563899388656 0.0101908677544 0.0161555050826 0.000655462858977 0.0156035753524 0.0100903882953 0.0108078627578 0.0190283420489 0.0211422086927 0.0111497313462 
0.0401616876985 0.021626093134 -0.0265623692813 0.0321285854229 0.0472314253353 0.0483424350404 0.014492432752 0.0502583077104 0.00392517086902 0.0504594518842 0.0207547021461 0.0229567547207 0.021180588536 0.0360817794773 0.0255548877854 0.0131931964452 0.0455353302295 0.0318831339072 0.0227636985693 1.00837065689 -0.00331678628119 0.0169271610025 -0.0143576134499 0.00520304075455 0.0139970308052 0.011235313809 0.0417004796698 0.0394267615874 0.0031896201244 -0.00314160312911 0.034050575201 0.031512668557 0.0175272234672 0.0155499364021 -0.00674963455031 0.026782872891 0.0197455599418 0.0195889028028 0.0276740869464 0.0155731297876 0.0192608217043 -0.00324205164422 -0.000454948387004 0.0164529885717 0.0785972310134 0.0347192831078 0.0135249568218 -0.0129545732309 0.0190613174391 0.0199801183272 
0.0084370220454 0.0115146936465 0.00523826213118 0.0103969840622 0.0124021869793 -0.00863370301251 0.0137069805115 0.0264452646776 -0.00187750322378 0.00593925922036 0.0151099414361 0.00671798033801 0.00533285981545 0.00875021879013 0.000295883272654 0.00687642358188 0.0210431448983 0.00894476292175 0.00367924106133 -0.00331678628119 0.245871270054 0.0242088599156 -0.000333105231368 0.0111723992661 0.0154893186649 0.00142850727393 0.0111313924157 -0.00114029641093 0.0142069160077 0.00520444228903 0.00676622860464 0.00378539164497 -0.000317529658192 0.0271961569792 0.00933311073344 0.012146631276 0.0187832490325 0.000950791457558 0.00583882980923 0.0105270289753 0.00250584854391 0.020024796831 0.0081261937233 0.0118253090522 0.0143060778786 0.0066734062266 0.0122241300281 0.0233984802533 0.011279527421 -0.000482826810533 
0.00647899028421 0.0119270911177 -0.00259895702701 0.0239331885716 0.0138782546151 0.0191955067238 0.0130350194635 0.0159925753498 0.00348094663171 0.00739668249396 0.0589612866956 -0.0016035791915 0.0354867363708 0.0266057545609 0.0457901985232 0.00754006729793 0.0184750648205 0.0064535107242 0.0167224724529 0.0169271610025 0.0242088599156 0.233521690195 0.020396468287 -0.00172061119826 0.0163787495897 0.0129441188818 0.020529994576 0.00926190364921 -6.73161671252e-05 0.0164327611835 0.0161483372606 0.00950034946427 0.0201667522548 0.00933451270432 0.00877226382357 0.0535154692123 0.0367334521417 -0.00092062117525 0.0288932513781 0.0230945445901 0.0120496053284 0.0348476869506 0.0153647545662 0.0462183730777 0.0208243636422 0.00117920864635 0.0155226811074 0.0204081527571 -0.00454300015591 0.0168307752263 
0.0102442106893 0.0168957545179 0.00168407672822 0.0044554180542 0.0102512711154 0.00474991825472 -0.00471708189949 0.00457460949161 0.00975711568648 0.000215075753763 0.00809800666873 0.0165986489127 0.00222718300597 0.0246462403032 0.0212357814434 -0.000295526681877 0.00780413764116 0.0161006821429 0.0207781261803 -0.0143576134499 -0.000333105231368 0.020396468287 0.214505651623 0.0239427787868 0.0160092363965 0.0130923787823 0.0147205111491 0.0095757768586 0.0410862652778 0.00283554397008 0.0156469675197 0.00853115736573 0.0280757010134 0.0205436120911 0.000553294347219 0.028245986388 0.0124583895139 0.026369458931 0.0134067514047 0.0147139921091 0.0271718021609 0.0210407290809 0.0411477620511 0.0158041265852 0.00774228804196 0.0284608959812 0.014382743731 0.142387215675 -0.00639082545999 0.0121202300289 
0.00336059220166 0.0104883320272 0.00266554792401 0.0143447732926 -0.00377594153539 0.00587771878122 0.0161887863337 0.000591512854261 0.00765204652888 -0.00429295419136 0.00980113496566 0.00983311596178 -0.00121059343771 0.0225930110921 0.0421923076736 0.00314916408991 0.0167028863086 0.0181518920212 0.0147421403231 0.00520304075454 0.0111723992661 -0.00172061119826 0.0239427787868 0.721508500333 -0.0114125265605 -0.00232627591481 0.0107779372344 0.00886860699961 0.0114272037327 0.0113827121433 0.0160619197665 -0.0110406488546 0.0174060412052 0.0304619875421 0.0196682173448 -0.00287097336716 0.0227907392775 -0.000579344104688 0.0103817843556 -0.00868402851749 0.024160594901 0.0412356617442 0.0178658152876 -0.000835587106227 0.0151765177361 0.00752244305556 0.0173527824723 0.0114999741117 0.0177869719642 0.0202111332288 
0.0181325121183 0.00343913046406 -0.0145254371817 0.0339446022081 0.0215387014425 0.026552798872 0.0237150799431 -0.014971984894 0.00157941944808 0.00918572947097 0.0101392338417 0.0130391008825 0.036255160159 0.0290747679107 0.0137422071698 0.00377218368719 0.0125995469793 0.0172497268166 0.0167709117734 0.0139970308052 0.0154893186649 0.0163787495897 0.0160092363965 -0.0114125265605 0.301916198452 0.00487872294912 0.0218083498035 0.00247768661012 0.0221998312835 3.70981787873e-05 0.0336014754735 0.00985693809506 0.0257287181339 0.0477283443029 0.00982001222983 0.0330033065614 0.00936613719741 0.0406403956897 0.0337414800314 0.0279632658069 0.0310490832436 0.0198011355069 0.00975907492952 0.0245394810307 0.0258930992669 0.00831915918337 0.00846838062583 0.0109222893086 0.00402900364563 0.0159596434476 
0.00997127490248 0.00704749092264 -0.0165648652394 -0.00151900812133 -0.00107293904658 0.0234686569691 -0.000266107330147 0.0117445392861 0.00997988026157 0.0133867060344 0.00304739721078 0.00391216982657 0.00672616771163 0.0127590802824 0.0185119311133 0.0144733497434 0.00963141934134 0.00683853003267 -0.00640391173134 0.011235313809 0.00142850727393 0.0129441188818 0.0130923787823 -0.00232627591482 0.00487872294912 0.567300297032 0.0255685207194 0.0235482671795 0.0376176846904 0.0157686114034 0.0106015813661 0.0257295942081 0.0382525526997 0.0323446469608 0.00928423877524 0.026487958448 0.00435464119121 0.0442881428459 0.0171064964732 -0.00456775320318 -0.0103126010856 0.00309254365722 0.014898802998 0.00740908121017 -0.000663126931141 0.0323094920032 -0.00448676785793 0.017229177282 0.0223381357119 0.0148766986555 
0.0369401955625 0.00885703847014 -0.0161090106839 0.0223041832917 0.022771676793 0.00924745350397 0.0112835275395 0.0125599339973 0.0184052217517 0.0344173484254 0.0261859468855 0.014732080148 0.0222736132946 0.0308987648709 0.0192833440373 0.00580090407191 0.0264763143603 0.00685954180309 0.0143099678532 0.0417004796698 0.0111313924157 0.020529994576 0.0147205111491 0.0107779372344 0.0218083498035 0.0255685207194 0.191045782137 0.0199450895294 0.00974001183039 0.0108144601917 0.02840540007 0.00891490222774 0.0161509605266 0.0161167174397 0.00894372912056 0.0388660925235 0.0090513491038 0.0142775876437 0.0178804133286 0.0193260452633 0.0146076914366 0.0125826414564 -0.00597099399517 0.015607442086 0.0282652961539 0.0245239672601 0.0110828577864 0.0122280852036 0.00230710075887 0.0128350914613 
0.000851425484804 0.0157094793739 -0.00987724078857 0.00313365826013 0.0186839177468 0.0176522208653 0.0308255533959 0.012518798355 0.00435201942628 0.016843976104 0.00855922597664 -0.00133938564511 0.0320966938924 0.0290202216793 0.0103942470932 -0.00281273231077 0.0145563565275 0.0193457958818 0.00975775915237 0.0394267615874 -0.00114029641093 0.00926190364921 0.0095757768586 0.00886860699961 0.00247768661012 0.0235482671795 0.0199450895294 0.399925128647 0.00770119485843 0.00559773574544 0.0187071964074 0.014230325441 0.00611173721451 -0.00291956545244 -0.00527411308567 0.012889830718 0.0202711014502 0.00939756894025 0.0173431102142 0.0124554335635 0.00393520058018 0.00387054428303 0.00478942575805 0.0056587640327 0.024634594133 0.00413900164111 0.000305289257793 0.013067251179 -0.0201087785025 0.0100798276008 
0.0117904248803 0.0123007776844 -0.0271556863157 0.0207728111568 0.0207246542428 -0.00180739957811 -0.000439128189218 0.0451575682713 0.00807070367117 0.011366842241 0.00384326949037 0.0114579327258 -0.000173864484913 0.00864899208864 0.0207042560442 0.0150415861865 0.00663124970967 0.00987634371943 0.0115011812012 0.0031896201244 0.0142069160077 -6.73161671256e-05 0.0410862652778 0.0114272037327 0.0221998312835 0.0376176846904 0.00974001183039 0.00770119485843 0.346993127724 0.0164320455214 0.0253159200312 0.00633676040753 0.154930032672 0.00550692732399 0.0204226877496 0.0104094922254 0.0120186309887 0.174788825633 0.00626812238161 0.0093399862421 0.0166931444431 0.00565537702989 0.00847588318993 0.0115471790653 0.0222354217651 0.0063732974396 -0.0104892603039 0.0341521004436 -0.00972487084761 0.00799823382697 
0.0115315674592 0.00175087095893 0.00126250616428 0.0110586258933 0.00483597342148 -0.0027313562303 0.00760182882307 0.00772042210068 0.00680608373295 -0.00206612394113 0.0193798786669 0.00311594912747 0.0154489082982 0.000657085769668 0.00966604540212 0.00789257732737 0.0214179879165 0.00681761076581 -0.00619962835033 -0.00314160312911 0.00520444228903 0.0164327611835 0.00283554397008 0.0113827121433 3.70981787874e-05 0.0157686114034 0.0108144601917 0.00559773574544 0.0164320455214 0.185059080473 0.00866031706701 0.0132622635949 0.0243000868518 0.013715102246 -0.00972461409439 -0.00408997117853 0.0249145525073 0.00260753699359 0.0151836851937 0.00778026605104 0.00659747719284 0.00932106913783 0.00298692794913 0.00477219088428 0.0232869066237 0.00700402013789 0.018703198294 0.000614117575767 0.0220043400072 0.00402917810766 
0.0237479395844 0.0185023989369 -0.0146583538198 0.0118303190385 0.0593013072739 0.0344622761489 0.00752042782373 0.0152874217669 0.00699133729221 0.0260944834945 0.0214456525324 0.00300047929289 0.0295785418192 0.0648682591829 0.00839393995366 0.020564262844 0.024547015069 0.0277899205907 0.00485045279217 0.034050575201 0.00676622860464 0.0161483372606 0.0156469675197 0.0160619197665 0.0336014754735 0.0106015813661 0.02840540007 0.0187071964074 0.0253159200312 0.00866031706701 0.206115356299 0.0211062554779 0.0280694812274 0.0034286172664 0.0240852072451 0.0492544592602 0.0151640419157 0.0280344323544 0.016419759815 0.00715815641076 0.01065266803 0.0172399130073 0.00657659661793 0.014757626757 0.0401881368974 0.0231838477492 0.0127084944562 0.0184469190382 0.00622669444816 0.0226300458073 
0.00881914510624 0.0222888251296 0.000404154912679 0.0214913694778 0.0230751532608 0.00219031939633 0.000369060022413 0.00950186445918 0.0134292010602 0.0297428382622 0.0239739406605 0.0208735283755 0.0359417971147 0.0149882464963 0.00945669318308 0.0425228649321 0.0180389962786 0.0778408698445 0.0103436719144 0.031512668557 0.00378539164497 0.00950034946427 0.00853115736573 -0.0110406488546 0.00985693809506 0.0257295942081 0.00891490222774 0.014230325441 0.00633676040753 0.0132622635949 0.0211062554779 0.268592241018 0.0373826701871 0.00885945091462 0.00911073934244 0.0105565165902 0.010803041211 0.00719876568362 0.0301746545112 0.0233143752987 -0.00684092119427 0.0055809385704 0.00810895630916 0.0107882162259 0.0411237737 0.0317809594322 0.0121049673526 0.00468230408368 0.0282105282201 0.0152708360261 
0.0391145746377 0.025442040215 -0.0116675581605 0.0218947815945 0.0144776993387 0.00385190000243 0.0270772895032 0.0390067714121 0.0120397953881 0.0628914686567 0.0304119976456 0.0254612189059 0.0216903258799 0.0275179635762 0.0112741401494 0.0354147070487 0.010277721666 0.0095706701768 0.00145344171815 0.0175272234672 -0.000317529658193 0.0201667522548 0.0280757010134 0.0174060412052 0.0257287181339 0.0382525526997 0.0161509605266 0.00611173721451 0.154930032672 0.0243000868518 0.0280694812274 0.0373826701871 0.449119612947 0.00934298922068 -0.0102421389274 0.0229129537345 0.013274216541 0.169991299338 0.0409670753221 -0.00469268189316 0.0240769301488 0.00994525918404 0.0146720949721 0.0448351852539 0.0366541797616 0.0174793689437 -0.00448447946522 0.03260484617 0.0105731500961 0.0278508022493 
0.0215078357951 0.0102696674132 -0.00310812411891 -0.00317367766643 -0.00282273206949 0.00805849948224 0.0269188008634 0.0196925477816 0.0199179924528 -0.00497129124689 0.043415897901 0.00993260330044 0.0112531673907 0.0220264580488 0.01520550483 -0.000810922642048 0.0291596526202 0.0228022924163 0.017686859948 0.0155499364021 0.0271961569792 0.00933451270433 0.0205436120911 0.0304619875421 0.0477283443029 0.0323446469608 0.0161167174397 -0.00291956545244 0.00550692732399 0.013715102246 0.0034286172664 0.00885945091462 0.00934298922068 0.43791453118 0.012570871376 0.00438753423078 0.0300212993327 0.0276452228276 0.020933927841 -0.00565130331067 0.00660020845773 0.0126143572971 0.0312410203687 -0.0221033761099 0.022501199062 0.00919331902176 0.00538519314711 0.0192305317663 0.0201712155557 0.0153879544781 
-0.000513970537768 0.0137347582884 -0.00386236268726 0.0172885076463 0.01364075208 -0.00825624598738 0.024706547835 0.00246771378157 0.00694715041838 0.0242097332825 0.0131328998497 0.0183438335094 0.00362157600071 0.0231678861142 -0.00774472908047 0.0328199338019 0.0092853230479 0.044508673975 0.0187877896536 -0.00674963455031 0.00933311073344 0.00877226382357 0.000553294347219 0.0196682173448 0.00982001222983 0.00928423877524 0.00894372912056 -0.00527411308567 0.0204226877496 -0.00972461409439 0.0240852072451 0.00911073934244 -0.0102421389274 0.012570871376 0.395366414113 0.00383113674769 0.0157957639113 0.00543403715906 0.00729906039285 0.0072197026589 0.00652118762986 0.00666628463824 0.00975457122038 0.00688104726517 0.000849805052576 0.0122127615956 -0.00215316670487 0.00531151257316 0.0157406794967 0.0144581400447 
0.0167558973904 0.0207174543857 -0.00282325090325 0.0174866299368 0.0301643637937 0.0562096357435 0.0233225359754 0.0183584265116 0.00885090111422 0.034546380608 0.0560582380693 0.0200725235746 0.00792550529715 0.0312004674011 0.0240689980932 -0.00108124162406 0.0257083583239 0.0377195298525 0.016304412844 0.026782872891 0.012146631276 0.0535154692123 0.028245986388 -0.00287097336716 0.0330033065614 0.026487958448 0.0388660925235 0.012889830718 0.0104094922254 -0.00408997117853 0.0492544592602 0.0105565165902 0.0229129537345 0.00438753423078 0.00383113674769 0.233388783755 0.0599086708699 0.0235719414533 0.0348386253992 0.0126860205033 0.0215258622164 0.0208949289566 0.0228719991249 0.0212788428427 0.0323870569711 0.0318014202641 0.0334547101174 0.0236780225495 0.00125039103277 0.0202427113782 
0.0112109954106 0.00590903804692 0.00510976897392 0.025760353098 0.0141471447083 0.0128509214221 0.0246112070196 0.0227790647028 0.0372563850801 0.000402206940435 0.0409071484371 0.00585312176978 0.014647103612 0.0261018205757 0.0168969499116 0.0112254371715 0.031635688444 0.0124946597401 0.0141797002867 0.0197455599418 0.0187832490325 0.0367334521417 0.0124583895139 0.0227907392775 0.00936613719741 0.00435464119121 0.0090513491038 0.0202711014502 0.0120186309887 0.0249145525073 0.0151640419157 0.010803041211 0.013274216541 0.0300212993327 0.0157957639113 0.0599086708699 0.289279663262 -9.90162973847e-05 0.00788014255138 0.00288409531866 0.0197721487688 0.0255647662429 0.0248292797329 0.00923514951394 0.0407699766587 0.0131549424749 0.0380872974663 0.0184794631531 0.0549948055155 0.00142871013295 
0.0243785291741 0.00999826469662 -0.0103211235762 -0.00126671075259 0.0217733394843 0.000701118813046 0.0132847160186 0.0433647599743 0.0143111130485 0.0251348643676 0.00333124433348 0.0173146581535 0.00515934238196 0.0293805289525 -0.0085065898731 0.0290817051168 -0.00460861991056 0.00813970488051 0.00591004649698 0.0195889028028 0.000950791457558 -0.000920621175251 0.026369458931 -0.000579344104691 0.0406403956897 0.0442881428459 0.0142775876437 0.00939756894025 0.174788825633 0.00260753699359 0.0280344323544 0.00719876568362 0.169991299338 0.0276452228276 0.00543403715906 0.0235719414533 -9.90162973853e-05 0.404770461356 0.00328345122905 0.00416291470881 0.000447169827346 0.00705902538535 0.0243081742806 0.0244376088482 0.0321796996066 0.0156778999181 -0.00511595756582 0.0294366973578 -0.00517034315607 0.0207028124719 
0.025932034079 0.0248956168967 0.00874085727131 0.0636050885379 0.0159559131963 0.0286600907874 0.060617530552 0.0114708942076 0.0506727889239 0.0427009928057 0.0323605153039 0.0360070534262 0.0212589394647 0.00831684889101 0.0244810287402 0.0349322664516 0.0539427012549 0.00208471431373 0.0265073473228 0.0276740869464 0.00583882980923 0.0288932513781 0.0134067514047 0.0103817843556 0.0337414800314 0.0171064964732 0.0178804133286 0.0173431102142 0.00626812238161 0.0151836851937 0.016419759815 0.0301746545112 0.0409670753222 0.020933927841 0.00729906039285 0.0348386253992 0.00788014255138 0.00328345122905 0.392145622952 0.04314647099 0.01512607419 0.0130422396685 0.0125855022502 0.0178854541124 0.0326292978481 0.0150583118812 0.00845073240164 0.00545343430212 0.029947705574 0.0142649063728 
0.0239187609501 0.0331295213292 -0.0146478072732 0.00511874834171 0.0063852381555 0.0241961666035 0.0446631499622 0.00129458102478 0.0164203854163 0.0180182012506 0.0194305251832 0.0166618110878 0.00231470034177 0.0192105534622 0.0192415518405 0.00726715596505 0.0174046452851 0.019435195419 0.0175530911457 0.0155731297876 0.0105270289753 0.0230945445901 0.0147139921091 -0.00868402851749 0.0279632658069 -0.00456775320318 0.0193260452633 0.0124554335635 0.0093399862421 0.00778026605104 0.00715815641076 0.0233143752987 -0.00469268189316 -0.00565130331067 0.0072197026589 0.0126860205033 0.00288409531866 0.00416291470882 0.04314647099 0.229619836024 0.0172622649933 0.00774144375144 0.00297278974823 0.0129163144871 0.0366988604465 0.018681134133 0.0136068009727 0.0123506462733 -0.00794683676944 0.0124098185974 
0.0204110196526 0.0121673826816 0.00430203361358 0.0213264092086 0.00965170672623 0.0295726019792 0.00504591422568 0.0311076356622 0.0319139782548 0.0136087317543 0.0152871543353 -0.0133934890897 0.00833214873079 0.0155211790835 0.0131856833759 0.0189641001211 0.0129215896461 0.0176470645661 0.000563899388656 0.0192608217043 0.00250584854391 0.0120496053284 0.0271718021609 0.024160594901 0.0310490832436 -0.0103126010856 0.0146076914366 0.00393520058018 0.0166931444431 0.00659747719284 0.01065266803 -0.00684092119427 0.0240769301488 0.00660020845773 0.00652118762986 0.0215258622164 0.0197721487688 0.000447169827347 0.01512607419 0.0172622649933 0.265633942732 0.00702824226453 0.0154701948446 0.0056861287661 0.0227143271041 0.0136804892027 0.00261426504606 0.0251353721069 -0.00158710966968 -0.00149921112811 
0.0110770332468 0.0198937831355 -0.00559990721288 0.00801598093532 0.00997274179928 0.0189696397515 0.00593380074288 0.0158377293656 0.0221954644055 0.011490477594 0.0138373762572 0.0170630960148 0.0179625414589 0.0213040537107 0.0204460753225 0.000733392970536 0.0194881720102 0.0024614657366 0.0101908677544 -0.00324205164422 0.020024796831 0.0348476869506 0.0210407290809 0.0412356617442 0.0198011355069 0.00309254365722 0.0125826414564 0.00387054428303 0.00565537702989 0.00932106913783 0.0172399130073 0.0055809385704 0.00994525918404 0.0126143572971 0.00666628463824 0.0208949289566 0.0255647662429 0.00705902538535 0.0130422396685 0.00774144375144 0.00702824226453 0.157569841184 0.016075755071 0.0126521661169 0.0228629082697 0.0180179909082 0.0141021755129 0.00842262898125 0.00535853659521 0.0071149208701 
0.00936645175643 0.0174880956585 0.0220718368332 0.0155534476857 0.00338418213277 0.011404529448 -0.00932948665761 0.00858115317148 0.00860779781589 0.00164063180205 0.0275863932272 0.0118430360071 0.0100344316349 0.0144185600939 0.0117612834447 0.0110166298785 0.0135875362493 0.0191897443499 0.0161555050826 -0.000454948387004 0.0081261937233 0.0153647545662 0.0411477620511 0.0178658152876 0.00975907492952 0.014898802998 -0.00597099399517 0.00478942575805 0.00847588318993 0.00298692794913 0.00657659661793 0.00810895630916 0.0146720949721 0.0312410203687 0.00975457122038 0.0228719991249 0.0248292797329 0.0243081742806 0.0125855022502 0.00297278974823 0.0154701948446 0.016075755071 0.159460410736 0.00884202908584 0.00908337340547 0.00602649393778 0.000388325164472 0.0373819625295 0.00152419051656 0.00818678467472 
0.0155831338632 0.0310001595703 -0.00918682086288 0.0277059582196 0.0209992361026 0.00915178116105 0.0256895979499 0.016400791784 0.00468024932893 0.021212335262 0.0238803482776 -0.0012618708368 0.0151503163134 0.0247175767249 0.00783355950688 0.0463504086777 0.0397219531834 0.00706187089812 0.000655462858977 0.0164529885717 0.0118253090522 0.0462183730777 0.0158041265852 -0.000835587106228 0.0245394810307 0.00740908121017 0.015607442086 0.0056587640327 0.0115471790653 0.00477219088428 0.014757626757 0.0107882162259 0.0448351852539 -0.0221033761099 0.00688104726517 0.0212788428427 0.00923514951394 0.0244376088482 0.0178854541124 0.0129163144871 0.0056861287661 0.0126521661169 0.00884202908584 0.423278990097 0.00951774708781 0.013215259965 0.0244892041824 0.0159298218251 0.015767337234 0.0170410322116 
0.0298778615614 0.0285241927362 -0.0157828031349 0.0518856073205 0.0553396653017 0.0393653571526 0.0266809609949 0.00511010923504 0.0115444544906 0.0639176530321 0.0315682220517 0.018724115216 0.0209774497266 0.0302211506278 0.0180864035123 0.0350773872081 0.0452771436034 0.0128090488941 0.0156035753524 0.0785972310134 0.0143060778786 0.0208243636422 0.00774228804196 0.0151765177361 0.0258930992669 -0.000663126931143 0.0282652961539 0.024634594133 0.0222354217651 0.0232869066237 0.0401881368974 0.0411237737 0.0366541797616 0.022501199062 0.000849805052576 0.0323870569711 0.0407699766587 0.0321796996066 0.0326292978481 0.0366988604465 0.0227143271041 0.0228629082697 0.00908337340547 0.00951774708781 0.570522927524 0.0136049311484 0.0214524615768 0.00434813752656 -0.00249146877635 0.0403690278777 
0.0144892694305 0.0271993475362 -0.00441037368104 0.0266089404559 0.0556346836868 0.0124791255958 0.0272797091956 0.0248407701152 0.0249209216419 0.0157519777162 0.0181065418377 0.0157772084831 -0.000248662210996 0.02766618612 0.0277983792129 0.0212391610793 0.0207794814913 -0.00261382846911 0.0100903882953 0.0347192831078 0.0066734062266 0.00117920864635 0.0284608959812 0.00752244305556 0.00831915918337 0.0323094920032 0.0245239672601 0.00413900164111 0.0063732974396 0.00700402013789 0.0231838477492 0.0317809594322 0.0174793689437 0.00919331902176 0.0122127615956 0.0318014202641 0.0131549424749 0.0156778999181 0.0150583118812 0.018681134133 0.0136804892027 0.0180179909082 0.00602649393778 0.013215259965 0.0136049311484 0.2998122348 0.016142494486 0.0242749882169 0.00694585930468 0.00918082798541 
0.00519770621883 0.0222639335539 0.00139378930902 -0.00352995261034 0.0201599370854 0.018181076854 0.0180126845004 -0.000489014774739 0.01016612219 0.00580479538741 0.0280143370504 0.00320375801958 0.00674376275147 0.0139515169754 0.0302615467126 0.00658120849153 0.0139841715098 0.0200928485309 0.0108078627578 0.0135249568218 0.0122241300281 0.0155226811074 0.014382743731 0.0173527824723 0.00846838062583 -0.00448676785793 0.0110828577864 0.000305289257794 -0.0104892603039 0.018703198294 0.0127084944562 0.0121049673526 -0.00448447946522 0.00538519314711 -0.00215316670487 0.0334547101174 0.0380872974663 -0.00511595756582 0.00845073240164 0.0136068009727 0.00261426504606 0.0141021755129 0.000388325164472 0.0244892041824 0.0214524615768 0.016142494486 0.223871615131 0.0175112906038 -0.00302537294144 0.0144018629155 
