30
0.0442318588416 0.0331056926512 0.0246636786654 0.0188066159349 0.0307440439862 0.101481112582 0.0791308905459 0.0146510565804 0.0325349378307 0.0263662592882 0.0220144037379 0.0272516352802 0.0599327976672 0.0375994121509 0.0335830315084 0.107116270008 0.0420146984796 0.0545718905582 0.0265193363437 0.478952808182 0.112290577846 0.060830846045 0.164482556217 0.0870342926162 0.0590558874601 0.0202574279786 0.0155341374053 0.015652967587 0.0391901687574 0.0451551332239 
0.243776157576 0.0212433768947 0.019647053876 0.0123800478233 0.0314960877796 0.0109324683714 0.0077173029802 0.0215928121434 0.0280507324979 0.0336585900861 0.0201257309489 0.0228862278449 0.0242958761868 0.0317755926748 0.026895521714 0.0517877590165 0.0246273478053 0.0229795851169 0.0431195731962 -0.0245949567436 0.0341589875987 0.0301233105898 0.0151432504345 0.0427660467855 0.0227465438026 0.0442656433953 0.00155842364633 0.0451420734382 0.0258136487399 0.0185891009514 
0.0212433768947 0.217000075729 0.0187571624578 0.0104004169955 0.03572094328 0.0156019880219 0.00271563097428 0.00593016176843 0.0105620006505 0.0294985620423 0.0482030816531 0.0150934268433 -0.000601865966228 0.0158279807674 0.0205904571039 0.0063726994819 0.0298098396304 0.0417867487838 0.0154159546751 0.00220415812982 0.0431143351229 0.0273000370224 0.00422243691493 0.0220320421509 0.0217353069864 0.0179052342162 -0.000777983723223 0.0145815547074 0.018252523688 0.00208622979416 
0.019647053876 0.0187571624578 0.139392795518 0.0169424101823 0.0200642711913 -0.00185359547288 0.0088041895422 0.0246209530065 0.00444748725781 0.0182561172877 0.00409351506681 0.0040645038929 0.00848476673738 0.00658399204514 0.000314793367776 0.00984843147056 0.0262497969588 0.0222408866067 0.0109785155259 0.00510492086605 0.0131767471077 0.0162399657301 -0.0106864320385 0.0235010279955 0.0103378049412 0.0155804469484 0.0165199249567 0.00698856508509 0.0257780127586 -0.00382204581693 
0.0123800478233 0.0104004169955 0.0169424101822 0.205361253729 0.029326094919 0.00313842678745 0.0163537798024 0.0172254997596 0.00132012320868 0.0300493269888 0.00763282469407 0.00578598258043 0.00830651751964 0.0150308103691 0.00806311595224 0.0199090168893 0.0103473697198 -0.00160667230683 0.0136577953181 -0.000668014549037 0.00926629297744 0.0313494396542 -0.0101325039546 0.0386312929372 0.0251463535573 0.0236970011446 0.0168252417334 0.0320469605159 0.0199468965404 0.0121033040143 
0.0314960877796 0.03572094328 0.0200642711913 0.029326094919 0.236432537334 0.0152539541111 0.0161883837476 0.0215716029181 0.0100197689456 0.0418281929118 0.0188088441225 0.0234066604119 0.00303724147853 0.0116629601983 0.0261597846653 0.0237014500147 0.0254680626677 0.0376894183624 0.025341441463 -0.00934626766539 0.042188356883 0.0387565879562 0.0254514097953 0.0285667268849 0.0525202478601 0.0470779088597 0.0148010525289 0.0238055160973 0.014457720574 0.0140657757799 
0.0109324683714 0.0156019880219 -0.00185359547288 0.00313842678745 0.0152539541111 0.925280165414 0.0724206964761 0.0139088749218 -0.0043492532206 -0.00610723012368 0.00746581604868 0.00405984167337 0.0142416870725 0.0170133186397 0.0195545573991 0.0328568255299 0.013075103211 0.00391664813572 0.00300130395459 -0.0110001780142 0.0283671860398 0.0193812293757 0.00179852677261 0.00255543854626 0.00967833261313 0.0142685266264 0.00962580419144 0.0273758904268 0.00238089868189 0.00429926978033 
0.0077173029802 0.00271563097428 0.0088041895422 0.0163537798024 0.0161883837476 0.0724206964761 0.610430060528 0.015678844588 0.0125297282863 0.0095657945612 0.00935899039115 0.00503868515982 0.0150006690206 0.00347880244594 0.0303124671478 0.00879315943225 0.0106477221451 -0.000590674798483 0.0065433437349 0.112777583545 0.0164751917386 0.00907876101003 0.00982430234148 0.00503690363008 0.0276741769945 0.00904118022393 0.0093519853212 -0.00130632961933 0.000123261207525 0.0130505668983 
0.0215928121434 0.00593016176842 0.0246209530065 0.0172254997596 0.0215716029181 0.0139088749218 0.015678844588 0.154660653835 0.0151400284535 0.0248178851872 0.0066141680643 0.0107675287728 0.0133582364202 0.0173389249766 0.016561104394 0.0167948843148 0.00989884726614 0.0119223789594 0.0161622520689 0.00713852536715 -0.00100798815496 0.0211907933083 -0.00279276452772 0.0289742750702 0.0133545768474 0.0237997874931 0.0188886853125 0.0116932737018 0.00754107969272 0.0092970871529 
0.0280507324979 0.0105620006505 0.00444748725782 0.00132012320868 0.0100197689456 -0.0043492532206 0.0125297282863 0.0151400284535 0.2985091143 0.0125138189862 0.00680250226104 0.0255341916811 0.0147283892448 0.0158176534059 0.00894080275107 0.0182964028688 0.0100307591696 0.0195546373097 0.00114386377675 0.00229462568488 0.0124912563018 0.0322903793118 -0.00145922496132 0.0164339200984 0.00574872219148 0.00847072244184 0.014609447493 0.0359970392402 0.0194908896798 0.00717985815047 
0.0336585900861 0.0294985620422 0.0182561172877 0.0300493269888 0.0418281929118 -0.00610723012368 0.0095657945612 0.0248178851871 0.0125138189862 0.248290220942 0.0116230340834 0.00866765890208 0.00913349225756 0.0211859415326 0.0208879104137 0.0444303920395 0.0136846287306 0.0246788673934 0.0240693652601 0.0293168043709 0.0310385581927 0.03735934721 0.0091854019561 0.0446031326829 0.0221153581768 0.0292841600312 0.0162242166424 0.0408317385399 0.020550629987 0.0166394894118 
0.0201257309489 0.0482030816531 0.00409351506679 0.00763282469408 0.0188088441225 0.00746581604868 0.00935899039115 0.00661416806431 0.00680250226104 0.0116230340834 0.179503271084 0.00411599917442 0.0110193614855 0.0147560512488 0.00986858698154 0.0191036927205 0.0314351420873 0.0619264171564 0.0011567081576 -0.0244398422945 0.0278805219789 0.0150807233806 0.00575003094291 0.00562558189387 0.0165520206534 0.022427543138 0.00530498164701 0.00674171411618 0.00201979608859 0.00212825534381 
0.0228862278449 0.0150934268433 0.00406450389293 0.00578598258043 0.0234066604119 0.00405984167337 0.00503868515982 0.0107675287727 0.0255341916811 0.00866765890208 0.00411599917444 0.191466486657 0.00980052941964 0.0117444271144 0.0137805235998 0.00323151455445 -7.62967518286e-05 0.0138211907718 0.0157488351098 -0.00108489607121 0.00556065101423 0.0316866261123 0.126168023476 0.00379531792332 0.00784430966321 0.028687389168 -0.00204123427042 0.00251394207448 0.00631304924752 0.00070016208308 
0.0242958761868 -0.00060186596623 0.00848476673739 0.00830651751964 0.00303724147853 0.0142416870725 0.0150006690206 0.0133582364202 0.0147283892448 0.00913349225756 0.0110193614855 0.00980052941964 0.343551122582 0.00958244496664 0.00633512296845 0.00673463048572 0.0288460685645 0.00794863175278 0.00466324609252 -0.0213754556384 0.0498332540685 0.0275450036275 -0.00570648894068 0.02974954949 0.0101328524241 0.0219668401278 0.0175295841256 0.0164293736072 0.0126253595501 0.0209729919775 
0.0317755926748 0.0158279807674 0.00658399204513 0.0150308103691 0.0116629601983 0.0170133186397 0.00347880244594 0.0173389249766 0.0158176534059 0.0211859415326 0.0147560512488 0.0117444271144 0.00958244496664 0.271136486644 0.00443015091479 0.0215375920005 0.0220618627834 0.0149678196043 0.00815460470524 -0.00362298623075 0.000772601823083 0.0259333783774 0.00626550218771 0.00352232462693 0.0192649862729 0.0148250661148 0.0107605716974 0.0190024684543 0.00124598899641 -0.0010933413182 
0.026895521714 0.0205904571039 0.000314793367733 0.00806311595225 0.0261597846653 0.0195545573991 0.0303124671478 0.016561104394 0.00894080275107 0.0208879104137 0.00986858698153 0.0137805235998 0.00633512296845 0.00443015091479 0.282676859416 0.133503349774 0.0051901305456 0.00365207161778 0.0111010712964 0.043822632049 0.0124013083808 0.0491066880894 -0.0118899280329 0.0400613557069 0.0177940590756 0.0428525172615 0.00499911406356 0.0141422114301 0.0133299855025 0.0012819436408 
0.0517877590165 0.00637269948189 0.00984843147058 0.0199090168893 0.0237014500147 0.0328568255299 0.00879315943224 0.0167948843148 0.0182964028688 0.0444303920395 0.0191036927205 0.00323151455445 0.00673463048572 0.0215375920005 0.133503349774 0.534123175516 0.034825365407 0.0043598001166 0.0331800884115 0.0260490946975 0.0699930687604 0.0355886471997 -0.00813136249397 0.0693064755718 -0.00647239750581 0.0535801993511 0.0049998864372 0.0267026149769 0.0310876040774 0.0256848928952 
0.0246273478053 0.0298098396304 0.0262497969588 0.0103473697198 0.0254680626678 0.013075103211 0.0106477221451 0.00989884726616 0.0100307591696 0.0136846287306 0.0314351420873 -7.62967518225e-05 0.0288460685645 0.0220618627834 0.00519013054559 0.034825365407 0.212127989732 0.0376077497156 0.0226459040183 0.000876550689337 0.0722694082356 0.0358880534188 -0.00258876354482 0.0137445438104 0.0216909680022 0.0193216886117 0.00508651075984 0.0211465687732 0.0179984251829 0.0177294177893 
0.0229795851169 0.0417867487838 0.0222408866067 -0.00160667230684 0.0376894183624 0.00391664813572 -0.000590674798484 0.0119223789594 0.0195546373097 0.0246788673934 0.0619264171564 0.0138211907718 0.00794863175278 0.0149678196043 0.00365207161777 0.0043598001166 0.0376077497156 0.285006906656 0.0155779470827 0.0261843049675 0.0393639644815 0.00767853161034 0.0046710453747 0.00737703111022 0.0130666989844 0.0232704783903 0.00307517610051 0.00324061033388 0.0202826322213 0.0186219797707 
0.0431195731962 0.0154159546751 0.0109785155259 0.0136577953181 0.025341441463 0.00300130395459 0.0065433437349 0.0161622520689 0.00114386377675 0.0240693652601 0.00115670815761 0.0157488351098 0.00466324609252 0.00815460470524 0.0111010712964 0.0331800884115 0.0226459040183 0.0155779470827 0.212217306555 -0.00830326846968 0.0196285774756 0.0132699840007 -0.0108571566339 0.00489304742578 0.0138628278368 0.0238900600405 0.00212476410149 0.0232468150938 0.0243316321008 0.0154644069088 
-0.0245949567436 0.00220415812982 0.00510492086605 -0.000668014549037 -0.00934626766539 -0.0110001780142 0.112777583545 0.00713852536715 0.00229462568488 0.0293168043709 -0.0244398422945 -0.00108489607121 -0.0213754556384 -0.00362298623075 0.043822632049 0.0260490946975 0.000876550689337 0.0261843049675 -0.00830326846968 5.23649830286 0.0360637880372 0.000712861111162 0.00031300493784 0.0308216044818 -0.00797304268208 0.0172411918794 0.00440299088759 0.00920372102735 -0.00527870004333 -0.00363541138057 
0.0341589875987 0.0431143351229 0.0131767471077 0.00926629297744 0.042188356883 0.0283671860398 0.0164751917386 -0.00100798815496 0.0124912563018 0.0310385581927 0.0278805219789 0.00556065101423 0.0498332540685 0.000772601823084 0.0124013083809 0.0699930687604 0.0722694082356 0.0393639644815 0.0196285774756 0.0360637880372 0.498207711354 0.0367128186128 0.0365343396517 0.0703088313278 0.0152735174936 0.0422940210468 0.0281133276719 0.0129907882814 0.0277661180818 0.0288208100424 
0.0301233105898 0.0273000370224 0.0162399657302 0.0313494396542 0.0387565879562 0.0193812293757 0.00907876101003 0.0211907933083 0.0322903793118 0.03735934721 0.0150807233806 0.0316866261123 0.0275450036275 0.0259333783774 0.0491066880894 0.0355886471997 0.0358880534188 0.00767853161034 0.0132699840007 0.000712861111162 0.0367128186128 0.3008689257 -0.00227146588365 0.0553926913515 0.00713677632777 0.0266258198331 0.0203753858289 0.0149083738463 0.0221535322148 0.0121206255904 
0.0151432504345 0.00422243691493 -0.0106864320386 -0.0101325039546 0.0254514097953 0.00179852677261 0.00982430234148 -0.00279276452772 -0.00145922496132 0.0091854019561 0.00575003094291 0.126168023476 -0.00570648894068 0.00626550218771 -0.0118899280329 -0.00813136249397 -0.00258876354482 0.0046710453747 -0.0108571566339 0.000313004937843 0.0365343396517 -0.00227146588365 1.88988389572 0.0567672269847 0.00641060809651 0.0553679840712 -0.00643158375386 -0.000973496541259 -0.0183872557877 -0.0101529842938 
0.0427660467855 0.0220320421509 0.0235010279955 0.0386312929372 0.0285667268849 0.00255543854626 0.00503690363007 0.0289742750702 0.0164339200984 0.0446031326829 0.00562558189387 0.00379531792332 0.02974954949 0.00352232462693 0.0400613557069 0.0693064755718 0.0137445438104 0.00737703111022 0.00489304742578 0.0308216044818 0.0703088313278 0.0553926913515 0.0567672269847 0.392705634504 0.00339013377312 0.0426618479587 0.0123429153153 0.0383958768562 0.0346139076516 0.00517297116208 
0.0227465438026 0.0217353069864 0.0103378049412 0.0251463535573 0.0525202478601 0.00967833261313 0.0276741769946 0.0133545768474 0.00574872219148 0.0221153581768 0.0165520206534 0.00784430966321 0.0101328524241 0.0192649862728 0.0177940590756 -0.00647239750581 0.0216909680022 0.0130666989844 0.0138628278368 -0.00797304268208 0.0152735174936 0.00713677632777 0.00641060809651 0.00339013377312 0.723247258129 0.00672135143183 0.012329341879 -0.00134046196011 0.0298797485734 0.00816984448581 
0.0442656433953 0.0179052342162 0.0155804469484 0.0236970011446 0.0470779088597 0.0142685266264 0.00904118022393 0.0237997874931 0.00847072244184 0.0292841600312 0.022427543138 0.028687389168 0.0219668401278 0.0148250661148 0.0428525172615 0.0535801993511 0.0193216886117 0.0232704783903 0.0238900600405 0.0172411918794 0.0422940210468 0.0266258198331 0.0553679840712 0.0426618479587 0.00672135143183 0.276879301831 0.0126980745599 0.0153604431246 0.0269624025227 0.019339508531 
0.00155842364633 -0.000777983723222 0.0165199249567 0.0168252417334 0.0148010525289 0.00962580419144 0.0093519853212 0.0188886853125 0.014609447493 0.0162242166424 0.005304981647 -0.00204123427042 0.0175295841256 0.0107605716974 0.00499911406356 0.0049998864372 0.00508651075985 0.00307517610051 0.00212476410149 0.00440299088759 0.0281133276719 0.0203753858289 -0.00643158375386 0.0123429153153 0.012329341879 0.0126980745599 0.190126822803 0.0227382647822 0.00830797666757 0.00117040627302 
0.0451420734382 0.0145815547074 0.00698856508503 0.0320469605159 0.0238055160973 0.0273758904268 -0.00130632961934 0.0116932737018 0.0359970392402 0.0408317385399 0.00674171411617 0.00251394207447 0.0164293736072 0.0190024684543 0.0141422114301 0.0267026149769 0.0211465687733 0.00324061033389 0.0232468150938 0.00920372102735 0.0129907882814 0.0149083738463 -0.000973496541259 0.0383958768562 -0.00134046196011 0.0153604431246 0.0227382647822 0.228936585068 0.0320398645848 0.022006625628 
0.0258136487399 0.018252523688 0.0257780127586 0.0199468965404 0.0144577205741 0.00238089868189 0.000123261207525 0.00754107969273 0.0194908896798 0.020550629987 0.00201979608858 0.00631304924752 0.0126253595501 0.00124598899641 0.0133299855025 0.0310876040774 0.0179984251829 0.0202826322213 0.0243316321008 -0.00527870004333 0.0277661180818 0.0221535322148 -0.0183872557877 0.0346139076516 0.0298797485734 0.0269624025227 0.00830797666758 0.0320398645848 0.204795233047 -0.000593930648779 
0.0185891009514 0.00208622979416 -0.00382204581693 0.0121033040143 0.0140657757799 0.00429926978033 0.0130505668983 0.0092970871529 0.00717985815047 0.0166394894118 0.0021282553438 0.000700162083078 0.0209729919775 -0.0010933413182 0.00128194364081 0.0256848928952 0.0177294177893 0.0186219797707 0.0154644069088 -0.00363541138057 0.0288208100424 0.0121206255904 -0.0101529842938 0.00517297116208 0.0081698444858 0.019339508531 0.00117040627302 0.022006625628 -0.000593930648775 0.311179088546 

['PX', 'SRE', 'TMK', 'WMT', 'PCL', 'CSCO', 'UVN', 'GE', 'EFX', 'MAS', 'PNW', 'OMC', 'AGN', 'ACV', 'LLTC', 'NSM', 'LTR', 'PEG', 'IFF', 'SBL', 'NE', 'TROW', 'PTV', 'BNI', 'BOL', 'APCC', 'MDP', 'DOW', 'RTN', 'BCR']