100
0.135299445153 0.136312174374 0.0874158444094 0.126958151155 0.07971303899 0.0151091702759 0.0254946283421 0.185879968849 0.0988670942005 0.0254158643172 0.0733521468466 0.0256056876134 0.0909027791802 0.0501755430095 0.0394797478448 0.0347696809731 0.0256345374975 0.0396471392927 0.0307440439862 0.0743289823458 0.0780955523414 0.0054327763703 0.0352458247454 0.0162161188728 0.0144645316835 0.0267965440056 0.0340091550877 0.0285158318856 0.060830846045 0.0651633165571 0.066200000993 0.0439476996979 0.103528049483 0.0153161335694 0.119859861498 0.132143501856 0.0265193363437 0.0525709156995 0.090319564185 0.129241945615 0.0436219100546 0.0773240107923 0.149246593495 0.0406155741598 0.0451551332239 0.0861911318708 0.0695535734162 0.0361599942098 0.0613427887106 0.00699576056141 0.0690593134036 0.0388241127613 0.0395572708053 0.0482651065397 0.114001255301 0.0442487549982 0.0380288664812 0.065735385914 0.22311845274 0.0412963652708 0.00422555400052 0.0448250845436 0.0753619397022 0.192324736986 0.0785675118811 0.0122123060087 0.0725669815102 0.0235207120966 0.0631330997176 0.0534443631468 0.0244433913508 0.0499472002084 0.0678674292734 0.0878126089614 0.0852779749864 0.371102806834 0.0592302274211 0.0413167922229 0.0594494044175 0.0479675113811 0.0157982173188 0.0832698050771 0.133327922328 0.0353360638732 0.0314514366364 0.0743441041655 0.265107550494 0.0511846892664 0.0362094771936 0.0377827405953 0.0223320424584 0.0559384191954 0.0791308905459 0.0131635076039 0.0180781461794 0.0375994121509 0.041097516798 0.037496284255 0.0113752176021 0.0738036440579 
0.443791418505 0.0145394028251 0.0289034452578 0.0875351896976 0.00751846014496 0.00826681079065 0.0136447786135 0.0746554279623 0.0299687958485 0.00423166563137 0.0149317256333 0.000379865927757 0.00388226800972 0.0529426304852 0.00252263292798 0.00513482938172 -0.00538214105349 0.0241221137437 0.0119528111576 0.0184139048028 -0.00494819805334 0.00485963209827 -0.00443110939565 0.0162694038154 -0.000218223605186 -9.22958973571e-05 -0.00941171525753 0.0313955056646 0.0177260181136 0.0219412758104 -0.00878691936017 0.00507416264573 0.110151344956 0.013560800949 0.0224139546857 0.163940242147 0.0395258640164 0.00508122798001 0.00359979566156 0.0276714372463 0.0145100281495 0.0423140966996 0.137758356699 0.0158176576856 0.0210384365458 0.00344791434934 0.0112134705099 0.00776910726351 0.00720671256188 0.0112899655878 0.0311888709976 0.00341020425583 -0.000964072252546 -0.000959591581849 -0.00738949215886 -0.0121355715535 0.00621062564461 -0.0022407925528 0.0209220612368 -0.00350018636691 0.00588124818064 -0.00698853580221 0.103705521221 0.118538132158 0.0191536082375 0.0117529857476 0.0193821153602 0.0147032940099 0.0242714734639 0.0158499661199 0.00877923726945 0.00537947282997 0.00964705979525 0.0340270044656 -0.00418883724595 0.0847706285748 0.00144512963618 -0.00813371852536 0.0174669650744 0.0463869895753 -0.0040091508466 0.110939540103 0.0150780894773 0.00820190672808 0.000819275609007 0.0108393668082 0.0137540256971 0.0328070775249 0.00558179741258 0.0215122792581 -0.00344828214157 0.00861669832533 0.0102644345411 0.014948871052 -0.00849508358487 -0.00819326575136 0.0193204469133 0.0135633504981 -0.00936697657386 0.00110993081708 
0.0145394028251 1.94003304185 -0.00360589678067 0.00165806906602 -0.00064270684322 0.0114698072313 0.00255848096794 -0.0177831140245 0.0382868306034 0.00204545919198 -0.00290827794288 0.00361141258109 0.00967979436917 -0.0117536039848 0.00210702177587 0.000790718044895 -0.0106762272445 0.0028624559468 0.00384194289245 -0.0102615280063 0.00432815137501 -0.00480305100776 -0.00973398670011 0.0109030002879 0.00742004703391 -0.00684982406216 -0.00634160246096 0.00195635935405 -0.0107843008631 -0.00208816434025 0.0150363069935 -0.00187461153165 0.00510841610907 -0.0120316066534 -0.0138097575823 0.00215788267475 -0.00445190072759 -0.0141178898092 -0.00383545543118 0.0152815795563 -0.0146903771135 -0.00929650864594 0.0179276939842 0.00983543776846 -0.0115598414186 -0.00853905491441 -0.0121149345615 -0.00710441256075 -0.0154574542441 -0.00740891812124 -0.0196660227431 -0.0197791297039 -0.00542074491425 1.49423674453e-05 -0.0121624632238 -0.00529986277423 0.0023989201364 -0.01575777154 -0.00584537238146 -0.00941416223733 0.000676616562744 -0.012569656995 0.0148859991574 -0.0111021719312 -0.0270090589664 -0.00606985077919 -0.00638776743903 -0.00283962166066 -0.0129796420858 -0.00980217996652 -0.0038190230936 -0.0125191921255 -0.00936018858717 0.0162195177681 0.00154558162506 -0.022806314257 -0.00207353916587 -0.00011759511755 -0.0175504803702 -0.0101491755426 -0.000902119543136 -0.035312189587 -0.0198625987516 -0.0086490689831 -0.000724875499492 -0.0187918761676 -0.0126706203098 -0.0206069006118 -0.00247505116393 0.00564923806572 -0.00880176057279 -0.0056336256661 -0.00879861019054 -0.00425751311382 -0.00517268504991 0.0105141846243 -0.00144426103087 -0.0106380267332 -0.0134644492711 -0.0163802989639 
0.0289034452578 -0.00360589678067 0.517039413484 -0.00663977700962 -0.00713112424074 0.00693206023148 0.0237358599007 -0.000711581770271 0.047286354313 -0.000673173141367 0.00743162033476 0.006635860322 0.0694739644797 0.0133482510638 0.0141967663066 0.00889144286533 0.00152019336755 -0.00341586259838 0.0109302913475 0.0290332387518 0.022518328732 -0.0104779174206 0.00384918635326 -0.000436840133817 0.00810889854434 0.0051020426346 -0.000524668723204 -0.00170176301332 0.0105290079388 -0.0058129325596 0.00690482718322 0.0370502818661 -0.00763234348689 0.00401486309809 0.14543196474 0.0291376346724 -0.001634328918 0.00699073561086 0.0206312280123 0.0173336132921 -0.0125944389674 0.000128420023251 0.00268521648555 0.0250804732241 -0.00490758834201 0.0294355927529 -0.00344974828836 0.0150544314396 0.0134565789093 0.0136996522712 -0.000747591084029 0.00982298472202 -0.00429722891865 0.0234209364226 0.00405307671968 0.0296052284186 0.00739553031644 0.00388669385497 0.10311545058 0.00614658401999 -0.00518729734353 0.0230784824027 0.0148519808438 -0.0141327268779 0.00544060297352 -0.00396812542544 0.0135781508871 0.00978496947988 0.01056334472 0.0124041435201 -0.00361054514377 0.0308506069855 0.00814751455272 0.0422192700689 0.0238476936426 0.00964505428228 0.000538874624572 -0.00346756198376 0.00373398861711 -0.0031930906197 -0.0127241194767 0.0177920862045 -0.00773335165333 0.0437885361784 0.00228300526725 0.0156502163262 -0.0148116783471 0.0198590602321 -0.00919099400069 0.00850461072181 0.00890862756343 0.00891340000999 0.00184451018802 0.0105472938506 0.000294132353454 0.0137293462938 -0.0118742076966 0.0171135933684 -0.00360719253799 0.00320988270612 
0.0875351896976 0.00165806906602 -0.00663977700962 0.354315622168 0.0108288284898 0.0123620298787 0.0153016997625 0.0658131135774 0.0141240501456 -0.00640029665239 0.0144789799835 0.00155744018365 0.0316728600178 0.00412724061547 0.0187154839995 0.0269602004827 0.00764567075992 0.0338298682044 0.0120864258202 0.0112458024455 0.0110102163386 -0.0107264302148 0.00545636383673 0.0260955704344 0.00139550547362 0.00311504675364 -0.00455100919224 0.0241401413505 0.00496763821915 0.0314851240584 0.0389331046302 4.02430915444e-05 0.124799853169 0.0122283610858 0.0161021180606 0.0800785019751 0.00479258585714 0.00652297165242 -0.00318843070825 0.0256882359472 -0.00714858861774 0.0523316416325 0.138567320173 0.0253833616579 -0.0127673334792 0.0208766723196 -0.0106549134959 0.0259327060871 0.01325173465 0.0070104647221 0.0251423129325 0.00145832224973 0.000211800736955 0.000651315314863 0.0193561617646 -0.0090378847341 0.0123768004703 0.0113354227151 0.0241148239403 -0.00237149468312 0.0216309264196 0.000568105602337 0.0875591037777 0.0820000123926 -0.00439729045618 0.0112870668409 0.0117798547632 0.0244166541754 0.000145419877277 0.00531672392027 0.00104197525553 0.0175203882856 0.0111113467839 0.00211267077108 0.0116698021536 0.0188910912654 0.0117135558412 0.00904901125612 0.00205237671982 0.0065732731643 -0.00401182509665 0.0822825323232 0.0205740997876 0.00764065083558 0.0114642888501 -0.0109015304857 0.0173761895934 -0.000107757764228 -0.000105788013243 0.0399742215626 0.00680182620927 -0.010647911796 0.0222453309891 0.00448086610831 0.00275154516775 0.0117480699633 0.020926121029 0.00700374862679 0.0129408245626 0.000787984530003 
0.00751846014496 -0.00064270684322 -0.00713112424074 0.0108288284898 0.460099924296 0.00573242962359 0.00574371115879 0.0157637804953 0.0201178408728 0.0233902555957 0.062176161352 0.019199717034 0.00673361313564 0.0264714218111 0.00102546350985 0.0105802016101 0.0572164199914 0.01933046497 0.0106375064387 0.0169112454687 -0.000176266168755 0.0220118400837 0.00723715076929 -0.0139804117104 4.24121219745e-05 0.00198417746149 0.00735909926384 0.000938384994645 -0.0058336860884 -0.00688764553122 0.0165442050372 0.0172070599671 -0.00836432524093 0.00440091118758 0.0132462271719 0.0233033355046 0.00920433099664 0.0230836598426 0.0225859493077 0.0258123155715 0.00685847958615 0.0223107888457 0.00566206537432 0.00608678219584 0.00332065598262 0.0228022196916 0.0189672349053 0.0199885828622 0.000246577132677 0.0061320301893 0.0168549158383 0.000226950319241 0.00632761568012 0.0205707844422 -0.00620680529041 0.00942953446337 -0.00311150162249 0.0140421321557 0.0092658706323 0.0018713589084 -3.49338424627e-05 0.020626026858 0.00402734670934 0.053299380289 0.0625684029502 0.0194759577677 0.0242172415905 0.0233422011736 0.0194249108702 0.0114204586031 0.00210172416166 -0.000478238449033 -0.0108663437717 -4.46226630694e-05 0.124060674844 0.0259343992438 0.0281532528762 0.0336908642077 0.0275313771922 0.0228585889742 -0.015892682672 0.00921294095518 0.0152272247018 -0.00502067765056 0.0113305355767 -0.00250076789233 0.00780466124856 0.0292964945269 0.0143078362131 0.02235369747 0.00516613044006 0.00467047188525 0.0116491474058 0.0039254249126 0.0164999393611 0.0102852051156 0.00713149878194 -0.00383430519451 0.00500116023338 0.0248101410744 
0.00826681079065 0.0114698072313 0.00693206023147 0.0123620298787 0.00573242962359 0.142336097272 0.0105999558484 0.00986045823098 0.00585096077398 0.00748997407159 0.0132550273914 0.014981445305 0.00612057249507 0.00122661012696 0.0113986973177 0.00951266992007 0.0157006190666 -0.00309226189753 0.0110180738081 0.0147387703087 -0.00937036277559 0.0111611917238 0.0217115898599 0.0116167719873 0.00342200063498 0.00957972442289 0.00353913926685 0.00958670661886 0.0141617050421 0.000959036323491 0.0172998725455 0.0117207050856 -0.00652119190872 0.00662911439016 -0.00358938444295 -0.00317173184828 0.0259830305 0.00566418370502 0.018200100103 -0.00697943829986 0.0110470909862 0.0118501438477 0.00673707169252 0.00730096163915 0.00271582997329 0.00844009539031 0.00474155269193 0.0123781612957 0.0125328120636 0.00843941226011 -0.000161291264149 0.00567150469881 0.00995999389793 0.0141389958181 -0.00361336264915 0.0063751146543 0.015323102678 0.0209393662835 -0.0117780977919 -0.000781518265136 0.00881275930457 0.0133952787199 0.00204074119058 0.0130631406861 -0.0021868443373 0.00235240152995 0.00865349636389 0.0130933889035 0.000713855060235 0.0148330367867 0.0116488121125 0.0102098354665 0.0225003418495 0.00762766505627 0.0143130974288 0.0123335620689 0.0191158497833 0.0131343829252 0.00859042741396 0.0191906704032 0.00976248656452 0.00684934962485 0.00768923336411 -0.00581471854893 0.00133796623453 0.0149987763067 0.00995480090792 0.00285794231336 0.0109571314721 0.00120486250021 0.0113463989086 0.0138903222599 0.00804231102629 0.0115959918051 0.000535823925789 0.0157961178015 0.0135629008082 0.0108248683408 0.0120935368757 0.00628245409753 
0.0136447786135 0.00255848096794 0.0237358599007 0.0153016997625 0.00574371115879 0.0105999558484 0.170251100517 0.000989345771708 0.0010004780479 -0.00265791925571 0.00586545980224 0.00171450987416 0.0303336692958 0.0072539457664 -0.00625153262555 -0.000128300488579 0.0165868345762 0.0333519266997 0.00477492287386 0.0109267009351 -0.00302760117522 0.0030846319243 0.00479000759165 0.0407178938916 0.00619006737313 0.00926488018982 0.00437435891889 0.0481641419228 0.00361932150849 0.0376923398047 0.0214126324047 0.00359480317334 0.00655255119725 0.0285374581565 0.0158620672636 0.00496283645413 -0.0013761515355 0.00104644724411 0.0106227463816 0.0130237554563 0.00882005612477 0.00419697008989 0.0165530979378 0.0206253791436 0.00163919969131 0.00456156793508 -0.000194900104468 0.0332199930266 0.00184504900953 0.0342269273173 0.00828259745349 0.00397314826279 0.000194300595149 0.00553958890657 0.0072839708639 0.020189881419 0.00200006589344 -0.00240575707724 0.0154985986254 0.0149018321611 0.0032352236938 -0.00979935113006 0.010114356316 0.00915630530222 0.0145557522638 0.00779432400759 0.0120952168488 0.00177657613032 0.000616457515227 -0.0124074136162 -0.00332305340231 0.0182965760405 0.00132860196774 0.00467130347152 0.0144614440037 0.0228741782681 0.00554714952238 0.00633897281238 0.0091123977986 0.00891746205074 0.00162535836767 0.0137733768653 0.00759897972557 0.0103255081211 0.0166079110117 -0.00450353837105 -0.0203816066009 0.000328108033855 0.00148185964544 0.0148515157928 0.0140773152292 0.011559736779 0.0120277154182 0.031366000648 0.00125657173986 0.0218075089102 0.00971818094691 0.0183389809844 0.0132994273352 0.0158934649963 
0.0746554279623 -0.0177831140245 -0.00071158177027 0.0658131135774 0.0157637804953 0.00986045823098 0.000989345771708 0.601118648076 0.0350576360416 0.0159969407578 0.0296325148978 0.00986801781609 -0.00597128790448 0.0290969931744 0.0430562968522 0.0346378611558 0.00379005141565 0.0123461212415 0.0263142122225 0.0289744903031 0.111087782107 0.00594918366654 0.0173988584716 0.00208691051135 0.0221575029031 0.0119759161 0.00726287475851 0.00280843650502 0.0148542696022 0.00907355725753 0.0115305154678 -0.00161578737354 0.0569064269864 0.0123604492242 0.00431433125423 0.0689125207118 0.00307177278211 0.0329642043385 0.0242314756491 0.0383350364695 0.0272245647235 0.0446530392425 0.0582309597808 0.0285409872452 0.0196342744157 0.0132208247702 0.0143976332095 -0.00160430493341 0.00229619697708 0.00992511752452 0.0412961079729 0.0123445273861 0.00817508551284 0.0142002211919 0.0195863018784 0.0213440618528 0.0355839027721 0.00370352699228 0.0216543184832 0.0293335516804 0.039197407321 0.021400948715 0.0465392574752 0.118153473311 0.0233294405383 0.00994679619103 0.045159956563 0.0174085344381 0.0694551134658 0.0377358993709 0.0200000262702 -0.00653859584998 0.0127573688245 0.0388436435932 0.0330146436443 0.0673130260194 0.0167048398551 0.0222417192006 0.0261985679736 0.0326507879241 0.0218573144443 0.0605759817071 0.00349738804527 0.0145593698603 0.0107820518367 0.0141830905978 0.0133278822864 0.0346669969487 0.0146968698385 0.0172388742037 0.0239196287644 0.0217774094281 -0.00763421121981 0.00755772376263 0.0200173428562 0.00672464212608 0.0257330191704 0.0166392997219 0.0108551078004 0.064692746229 
0.0299687958485 0.0382868306034 0.047286354313 0.0141240501456 0.0201178408728 0.00585096077398 0.0010004780479 0.0350576360416 0.447417236967 0.019450051333 -0.00297844339192 -0.00234556697362 0.00132985533854 0.0054676106341 0.00805765917586 0.0354936340904 0.0102979479679 0.028193959301 0.0110874145838 0.0378917694864 0.0636563704882 0.0210009343561 0.00917130899596 0.0141145695543 0.0252916239027 0.00193506707817 0.0271876569279 -0.00450225351317 0.0249549775703 0.0339596718024 -0.022989168155 0.0201659091258 0.0205648668422 -9.84092502731e-05 0.0475886292292 -0.0113160442675 0.0159935633072 0.0290607839281 0.00485275363392 0.0201980155373 0.0190812909005 0.0405760026551 0.0205649430872 0.0189406187956 0.00903931553331 0.031444104291 0.00408801935627 -0.000918586506416 0.0268482252154 0.00879512222647 0.0251135715535 0.0216524689467 0.0177479622108 0.0510443998966 0.0237745191732 0.0193126690129 0.076918826968 0.0291676899651 0.0604394010881 -0.00332149561931 0.00637369508942 0.00476031923724 0.011623835216 0.0830579215185 0.014838453441 0.0155660637634 0.0330017349711 0.0433789174222 0.0284476757638 0.0224011148069 0.00701962662734 0.00684905517557 0.0295517794084 0.0689258572481 0.0221854608271 0.0960000942499 0.0244978532151 0.0268394338437 0.0209495687506 0.0230508779344 -0.00805418771703 0.00369258866809 0.00250675568288 0.044139035555 0.0109856550626 0.0320395674949 0.0134334529337 0.0211529948613 0.0172938406974 0.0142064887889 0.0212250520079 0.0242523035973 0.0221434472273 0.000317500305066 0.012649637447 0.0141362936868 -0.000247816160731 0.0205849374641 0.0200218652849 0.0204999988657 
0.00423166563137 0.00204545919198 -0.000673173141368 -0.00640029665239 0.0233902555957 0.00748997407159 -0.00265791925571 0.0159969407578 0.019450051333 0.278942643374 0.00880077672516 0.0187351033008 0.00607922533938 0.030720488229 0.00957945232424 0.00755749094001 0.00378481928354 -0.000148416965473 0.0153414192668 0.0281846608809 -0.0140304304632 0.015923051486 0.00603173414022 -0.00212448387891 0.0174830621926 0.00349979986349 0.00375943098594 0.00795994085558 0.0186099332789 -1.80079928726e-07 0.00921592901199 -0.00118687006105 0.00828420792199 0.00548192993738 0.0372273910095 0.00498795174555 0.0112580022218 0.0201959983605 0.00496540211907 -0.00702427071551 0.0171491823234 0.0423753050297 0.0252800250759 0.00507186959314 -0.00768774555141 0.0496967262809 0.0038029225485 0.00507527151516 0.00593268111901 0.00893144135807 0.0130772101704 0.0209512317714 0.0074292343687 0.00841563940663 0.0189251861205 0.00702720945714 0.0013941699667 0.0151965435164 0.0291944685581 0.0051697513446 0.0084741203267 0.0236551487912 0.0208278270922 0.00802763426111 0.0141844277564 0.00476063139926 0.013895499764 0.0116090576703 0.00320292546144 0.0304884173027 0.00619784657008 0.0165970922068 0.0324940507195 0.00797030233301 0.00918956820008 0.0113423086158 0.00964143174453 0.00338421451299 0.0114340879945 0.0179949463163 0.0110057580882 0.00565195350559 0.0154051444663 0.00458113200849 0.0100660652587 0.00740880653215 -0.0114318777224 0.0130119609397 0.0289800314072 0.0054879512561 0.00304248884718 0.0143216247049 0.0165007026625 0.00455545659194 0.00633035915822 0.0181802472632 0.0115144695285 0.0119050500012 0.00961423957482 -0.0042478095226 
0.0149317256333 -0.00290827794288 0.00743162033476 0.0144789799835 0.062176161352 0.0132550273914 0.00586545980224 0.0296325148978 -0.00297844339192 0.00880077672516 0.401260566153 0.00482159868004 0.0338931768419 0.0125509677227 0.0541234534305 0.00569322276894 0.00366697978227 0.0171328927942 0.0133890543591 0.00409386026934 0.00623182153184 0.0129901092101 0.000102194335199 0.0131660208963 0.00761830106835 0.0194526286719 0.0071080137486 -0.00101072659042 0.00224845231408 0.0489514062664 0.0828869913506 0.0254520819421 0.00559318519141 0.0177036857025 0.00663582305174 0.00486504713289 0.0133480154421 0.00535082694252 0.0114871595334 0.0279744803635 -0.00724992920025 0.0274559756789 0.0156287404669 0.0262879712434 0.0207870158766 -0.00493190376686 -0.0119019493776 0.030836481447 0.00560280989184 0.00980133348824 -0.0263585178126 0.00891324221852 0.0101714832144 0.00783536568144 -0.00108791886246 -0.00116885590578 0.00933046861145 0.00459440234087 -0.0145500444505 0.0346768060952 0.0129433661049 0.0183721309131 0.00331706809405 0.0238951063498 -0.00775766971415 0.00410769873032 0.00216460886174 -0.00669940884527 -0.013293903334 0.0255028734837 -0.00125014132504 0.00312634660448 0.0149816760278 0.00472151126157 0.101806068648 0.013259050132 0.0129932719318 0.0196545774899 0.00546001896868 0.0225138427456 0.0038592815779 -0.00192464916022 0.0102959120764 -0.000340596947156 0.0413799028714 0.0137683293132 0.00863417188538 0.0127947984594 0.0115732860573 0.00464759900783 -0.00280290724736 -0.00856916600609 -0.00241039556532 0.00453318594931 0.0195568161401 0.00824737030011 0.0049326700351 0.0606526616917 0.00554457858872 0.0174946210834 
0.000379865927757 0.0036114125811 0.006635860322 0.00155744018365 0.019199717034 0.014981445305 0.00171450987416 0.00986801781609 -0.00234556697362 0.0187351033008 0.00482159868004 0.201295537179 0.00249970412244 0.00490705344349 0.0191427047606 0.00414376301314 0.0306505377339 -0.00803499831136 0.00491641073967 0.00636084756714 0.00216201611964 0.00924198588411 0.00908868811258 0.00531880132479 0.00359965227891 0.000911133868288 0.00118512466332 0.00787817641097 0.018351490775 0.00857606860947 0.0128170080705 0.00080908389428 0.00986534665935 -0.000420372002713 0.0160787673373 0.0102803328474 0.00792743381951 -0.000360697584593 0.0194204590904 -0.0072568818657 0.0069707493976 -0.00209224004442 -0.00688081459388 0.00209172189388 0.0171802512354 0.00653345618449 0.0163780916902 0.0112953404157 -0.00141145512359 0.00108517180075 -0.00598545717795 0.00399721222028 0.00288417641253 0.00833908590803 -0.00922071376442 -0.00854895310954 -0.00162936634968 0.00887630985239 0.00286421757154 -0.00266248705815 0.00643217408725 0.00603950836396 0.014631236375 0.00466428989154 0.0175461164111 0.00270996136731 0.00664903232183 -0.000911239592694 0.0197834177996 0.00425173662215 0.0148150765092 0.0422732438572 0.0269159182079 0.00354514883939 0.0150283157873 0.00888763096575 0.00835603277594 0.00604993839854 0.018810824561 0.0040292956038 0.0139067803545 0.00233866905258 -0.00803190253399 -0.00430572861892 0.0060179352353 0.000192854122039 -0.00233680938366 0.0100691966536 0.0157291090244 0.00913002141267 0.00126165300454 0.0357753305471 0.000644697038481 0.00979584467484 -0.00733039978256 0.01601625014 0.0106174676096 0.00350480441758 0.0274024784302 0.00992192975031 
0.00388226800972 0.00967979436917 0.0694739644797 0.0316728600178 0.00673361313564 0.00612057249507 0.0303336692958 -0.00597128790448 0.00132985533854 0.00607922533938 0.0338931768419 0.00249970412244 0.366988527281 0.00747117420318 0.0102340612367 -0.0153332277174 0.00712701171944 0.0158631548189 0.00990168329341 0.018380657738 -0.00380092853043 0.0155753407459 0.00669800703497 0.0169650113082 0.00544846777835 0.00833487745212 0.0160781987631 0.0112135961634 0.00931366089616 0.0330390579184 0.00843280305757 0.00181430327843 0.0127533287682 0.0121390113395 0.0283890737022 0.00969166407539 0.000817445558623 -0.0126814273562 0.0264712671441 0.0210298331925 -0.00933229392668 0.0101992448173 0.043301039019 0.0167821768841 -0.000429687175952 0.0172078362592 -0.0119232295914 0.0289338743261 -0.00689897084707 0.00658545376329 0.00683714636627 -0.00826657005579 0.00450522182459 0.0289573271763 0.0205191462434 0.0202822295733 0.00601409067355 -0.0282418940985 0.0250292620925 0.0240088258461 0.00631682655041 0.00280898532891 0.00143676643178 0.0157733070703 -0.0078185609558 0.00305860224794 -0.00710378496364 0.00311141791992 -0.0118562101368 0.000936089986916 0.00626280928136 0.017279741931 0.0190715979423 -0.0158845712488 0.0190958745894 0.0279140362684 -0.00909944163742 0.025360463384 0.0221924469344 -0.000749909726483 0.0149020400754 0.0183263304827 0.0151055861678 0.0316521949262 0.00733337913951 -0.00120071730124 0.308007604263 -0.00659321672014 -0.0114043157284 0.0162843138712 0.0226967859701 0.00712756347725 0.00832326187332 0.0179473313749 0.0229944115119 0.00679455443463 0.0153888784027 0.0113119928796 0.00912033918253 -0.00488386593235 
0.0529426304852 -0.0117536039848 0.0133482510638 0.00412724061547 0.0264714218111 0.00122661012696 0.0072539457664 0.0290969931744 0.0054676106341 0.030720488229 0.0125509677227 0.00490705344349 0.00747117420318 0.301593331989 0.0131276422441 0.0223733689731 0.00571490437322 0.00252687186271 0.00259436605198 0.0114406047482 0.00168832137738 0.0242652520181 0.00554348837614 0.000873910294771 0.00975709733625 0.0126808419437 0.0162044633446 0.0050391575433 0.0204492484291 0.0203209130398 0.00648090114088 0.0162987835015 -0.00297978160646 0.0168339104613 -0.000116870746645 0.0127904270408 0.00702590030601 0.00762788744539 0.0147925087264 -0.020016875056 0.00580572309731 0.0368483704516 0.00826734596772 0.0133483516739 -0.00122573861362 0.0222827018764 0.0362031634793 -0.00304287078191 -0.00820211412576 0.0113730055854 0.0061130955127 0.011933048543 0.0138207810037 0.0144872683993 0.00814953744396 0.010837206233 0.0166536858093 0.0265819833735 0.00612615624258 -0.00254784598132 0.0163118754062 0.0234286891901 0.0141803825371 0.0142641654257 0.0126325333559 -0.00234986985204 0.00894753108709 0.0108295613504 0.00458900567712 0.026386713176 0.00876129505962 0.0093642712968 0.0214244541223 0.00886772574566 0.0218047505893 0.0349351344992 0.0123894356392 0.0105304059943 0.0246304421709 0.00771164896804 0.00495622775404 0.00560366042665 0.00257472892006 -0.00818078257446 0.0127801792601 -0.00552383403231 -0.00598099279267 0.0102823197792 0.0207064086671 0.00527751983465 -0.00203734022811 0.0342454359409 0.0162557129011 0.00914742410269 0.00531424576515 0.0057940635066 0.00429282533099 0.0116259981928 0.0159376101086 0.0398932960458 
0.00252263292797 0.00210702177587 0.0141967663066 0.0187154839995 0.00102546350985 0.0113986973177 -0.00625153262555 0.0430562968522 0.00805765917586 0.00957945232424 0.0541234534305 0.0191427047606 0.0102340612367 0.0131276422441 0.308603856925 0.0115902917215 -0.00169991361918 0.00421148517168 0.0207725551898 0.027367362325 0.00053354576325 0.00867988891822 0.00329718934857 0.00817890947138 0.0161709631335 0.0295538731749 0.0185345691494 0.000460466836413 0.00616271992704 0.0245307560884 0.0148485729653 0.00465678003646 0.0049385451292 0.000854285045669 0.0124574143889 0.0111403832468 0.00618530857631 0.00720335764561 0.0501979802689 0.00467144143395 -0.0111896086635 0.019487299629 0.0292716302383 0.010779860845 0.0133313243787 -0.00908195792582 0.00928224996513 0.00876465702167 0.00155631623348 -0.0107003275765 0.00599689943552 0.00910951402046 0.0290137256426 0.00358174168638 -0.0202132553785 0.0115242817866 0.0179762901814 0.0191031051034 0.0358456247204 0.0221299314852 -0.00482952336901 0.0136803245174 0.00396238089511 0.0460233456897 0.0160969685834 0.00766407993936 0.0248492649729 0.0193160026469 0.0115250636204 0.0184796799339 0.0105417791794 0.0103452451585 0.00727402358582 0.0299833128811 0.014153361033 0.00822945749761 0.0110992855834 0.0142447639111 0.0102478558721 0.0323087593864 0.0138687196193 0.00177759013635 -0.00376148295754 0.00880390808792 0.0251223715801 0.0201943430072 -0.00491979689614 0.00663706705418 0.0222136888015 0.0112448097152 0.00567296280664 0.0220086560049 -0.00257343238357 -0.0017153387292 0.00619807176779 0.0128272782995 0.0012103818129 0.0313325187083 0.0167712566422 0.0179378283738 
0.00513482938172 0.000790718044895 0.00889144286533 0.0269602004827 0.0105802016101 0.00951266992007 -0.000128300488578 0.0346378611558 0.0354936340904 0.00755749094001 0.00569322276894 0.00414376301314 -0.0153332277174 0.0223733689731 0.0115902917215 0.208294010088 0.00239222292053 0.00762449346219 0.0091577428748 0.0148132141398 0.0232850499626 0.0063642908528 0.0026782807886 0.00850894243894 0.00599951624641 -0.000783571898853 0.0065155449802 0.00667399325913 0.0211529138152 0.0138813577096 -6.49179869325e-05 0.00746465717181 0.0106895015134 0.00474998720463 0.0184143491429 0.0177863431247 0.0161712630766 0.0131420493402 0.0194873292516 0.0218698598014 0.0261217116612 0.00629334267264 0.0190206229539 0.00811839606758 -0.00902627035215 0.0186018673271 0.0110163780108 0.00845750995908 0.0105067601836 0.00446958259146 0.0115463202632 0.0087026369261 0.00157548384489 0.00053713189155 -0.010021550711 0.0160533506293 0.00496359002806 0.03878316488 0.0310177135875 0.00374408271168 0.00876487733725 0.00350043799394 0.0133763916368 0.0334602918451 0.0178752132043 -0.00308015102175 0.0196688913393 0.0166741744917 0.0356160242372 0.0395448375552 0.0170421736384 0.0163061832931 0.0024648082631 0.026584890752 0.0274934129828 0.0233328069266 0.0171738874731 0.0153337559068 0.0114732564327 0.0141366073681 0.000799960839198 0.012908507393 0.0519758122712 0.0065588111214 0.0101800916538 0.0156868825847 0.0205904544562 0.0197288454688 0.0194768455773 0.0143084211009 -0.000792362713119 0.0180347241196 0.00271028155176 0.00500519466407 0.0128678186113 0.0294121207584 0.00743526438032 0.0140831229024 0.0153922507205 0.0155989941306 
-0.00538214105349 -0.0106762272445 0.00152019336755 0.00764567075992 0.0572164199914 0.0157006190666 0.0165868345762 0.00379005141565 0.0102979479679 0.00378481928354 0.00366697978227 0.0306505377339 0.00712701171944 0.00571490437322 -0.00169991361918 0.00239222292053 0.154485564963 -0.0010935069925 0.0171744840439 0.0137499960156 0.00750735229164 0.0134620799612 -0.000134710270338 -0.00103534648885 0.00805739229244 0.0123696689396 0.0122156027203 0.00836066324929 0.00772610142244 0.00170050844314 0.0122690497558 0.0145117475133 0.00907348705989 0.00415386658896 0.000901878705969 0.00957756084082 0.0158954816187 -0.00340640671115 0.00350961748756 -7.93956140755e-06 0.00750250757368 -0.00235572320233 0.00915767303788 0.00702940655912 -0.00290266143043 0.00988589075711 0.0193155625624 0.00784890399316 0.010217675982 0.00987176966888 0.0133745623223 0.00885721032415 0.00142322368523 0.0268388715775 -0.00983710202096 0.00294047087516 0.00750209663354 0.00529216307525 -0.00371048276736 0.0113374160718 0.0125530674318 0.000554794644589 0.00599264419222 0.0159177289822 0.000105042611424 0.0122223389439 0.0054870587173 -0.00188824577323 0.00824736747139 0.0169038240239 0.00997158638812 0.0267428392736 0.0139044477247 0.0280660886995 0.0254237929906 -0.00333004047675 0.0257330533578 0.00953119437466 0.00957423968961 0.00134070224636 0.00517769866828 -0.00165264040018 0.0231741201714 0.00487561955106 0.00593583981313 0.00514439733108 -0.00087721808047 0.0105671082678 0.0139608498263 0.0190966630112 0.0170970107093 0.00800578125759 -5.16676880031e-05 0.00412210679726 0.00752401766768 0.0193653751396 0.0095801522408 0.00996767208613 0.00271454756221 -0.00501150939668 
0.0241221137437 0.0028624559468 -0.00341586259838 0.0338298682044 0.01933046497 -0.00309226189753 0.0333519266997 0.0123461212415 0.028193959301 -0.000148416965471 0.0171328927942 -0.00803499831136 0.0158631548189 0.00252687186271 0.00421148517168 0.00762449346219 -0.0010935069925 0.225852681648 0.0235355441196 0.0138610615048 0.019834739231 0.000696730177144 0.0128660505837 0.0468630524133 0.0110653877111 0.0180633769505 0.016514389496 0.0375900786254 0.00795016365469 0.0436387396714 0.0366899848796 0.00288706933562 0.0266385897793 0.0323463374221 -0.00585434621614 0.0093268660624 0.00355799099739 0.0153306939589 0.0133896833132 0.0422452452209 0.0422916010939 0.0407481563678 0.0546350227176 0.0161696423937 0.00366471194715 0.0355504411892 -0.00623638886042 0.0417343997104 0.0125881462997 0.0271632549272 0.00597041891148 0.0139798827714 0.0050490205702 0.00407915800105 0.00517388252491 0.0146804504211 0.00209795489752 -0.00116882684172 0.00684233114489 0.00332698597013 0.0179548644701 0.000185641643234 0.0220444115941 0.0129922230808 0.00587746010373 0.0188259483549 0.0134998533827 0.0147584543278 -0.000952655488607 0.0158556168686 0.00107382972553 0.00249625245847 0.0105821340644 -0.00132395595323 0.0231155838058 0.0253859777913 0.0137417632064 0.0153552943771 0.0232666648913 0.00617991917178 0.0168603193145 0.0340881863258 0.0204449146754 0.0191494962644 0.0164874347842 -0.00901933474126 -0.0198419524944 -0.00878717903213 -0.00405855027691 0.018823050114 0.00221187000305 -3.13751867418e-05 0.00855324113204 0.0318960795715 0.0154836165922 0.00380339705009 0.0173437471626 0.0115945926681 0.0219188694082 -0.0042417751523 
0.0119528111576 0.00384194289245 0.0109302913475 0.0120864258202 0.0106375064387 0.0110180738081 0.00477492287386 0.0263142122225 0.0110874145838 0.0153414192668 0.0133890543591 0.00491641073967 0.00990168329341 0.00259436605198 0.0207725551898 0.0091577428748 0.0171744840439 0.0235355441196 0.212336781382 0.024959651495 0.0173119093005 0.00838550540404 0.0323659544111 0.0263862908776 0.0116958163445 0.0281060605796 0.0296900051172 0.0152328506076 0.0213746279503 0.000835301368447 0.0258549245684 0.00191207504467 0.0107297265192 0.0198985943299 0.0179356813877 0.0415836094492 0.0211099686694 0.0161815279334 0.0222710303047 -0.00422901004504 0.0359835253987 0.0333059829136 0.0122879607779 0.0475940162903 0.0110621487528 0.0150655290523 0.0135921501184 0.00835907765251 0.0114657828017 0.00768973687379 0.0205073651449 0.0127065686275 0.00521866651525 0.00961680008211 -0.016282801755 0.0101123617014 0.0143108799542 0.00864656450292 0.040053325998 0.0200127364165 0.0124846640373 0.0211105469103 -0.00176527652621 0.0424316276578 0.0192623400738 0.022505639603 0.0186695854119 0.00775580104924 0.00325027295594 0.00360027639083 0.00209646456899 0.0104102224572 0.0116035276209 0.00106185017585 0.0155142428168 0.0151447294474 0.0244191218784 0.0260750547172 0.0331805737173 0.025303858255 0.00986236020309 0.0139212321855 0.00330674950408 0.00265530450408 0.0140930030088 0.0065241969261 0.00258840362582 0.0123118128117 0.0157367800173 0.015162487085 0.00184395176465 0.0132904631009 0.0111489207901 0.0194942688682 0.00965406632029 0.00756948978723 0.0305193407355 0.00770969546872 0.0197978989209 0.0155593322905 
0.0184139048028 -0.0102615280063 0.0290332387518 0.0112458024455 0.0169112454687 0.0147387703087 0.0109267009351 0.0289744903031 0.0378917694864 0.0281846608809 0.00409386026934 0.00636084756714 0.018380657738 0.0114406047482 0.027367362325 0.0148132141398 0.0137499960156 0.0138610615048 0.024959651495 0.26386266309 0.0162672286686 0.0141069541092 0.0448636191028 0.0117098359201 0.0183633941227 0.0255967081511 0.0144248131092 0.0144897387636 0.0754325795558 0.0205443124339 0.0302227284608 0.0128504119747 0.0178263635516 0.0152911383655 0.0299093749509 0.0241850606713 0.0194719745279 0.0330898722 0.0243271616447 0.0197539961563 0.0343645080008 0.0704821213251 0.0510214549417 0.0121102705215 0.00382820404207 0.0205103161634 0.0163334680426 0.0214390938478 -0.00302872927406 0.00696461904332 0.0153247815201 0.0200848774319 0.0195772728487 0.0254514224498 0.0112604109452 0.0267012181094 0.0166125036711 0.0429248696185 0.0655285395556 0.00378375370248 0.00556925095312 0.0285195028294 0.0258344643373 0.0590055711778 0.0152327429038 -0.000569002148249 0.100588190742 0.000873917183852 0.0272313463381 0.0455576892541 0.0102922858619 0.021575437029 0.0330993362987 0.0441299577652 0.0198309607813 0.0274130038011 0.00826281026489 0.031200877389 0.0470757106126 0.0259675218093 0.0163725185757 0.0360453019851 0.006382952991 0.0242649333173 0.0391529685691 0.0396471544241 0.00150458707108 0.00595668335579 0.0366524277819 0.0128107835213 0.00548123065881 0.0269833303057 -0.0038849182894 0.014620089101 0.00542421029442 0.0147341225441 0.0297976696566 0.0211555682812 0.00655645372798 0.0264430094441 
-0.00494819805334 0.00432815137501 0.022518328732 0.0110102163386 -0.000176266168755 -0.00937036277559 -0.00302760117522 0.111087782107 0.0636563704882 -0.0140304304632 0.00623182153183 0.00216201611964 -0.00380092853043 0.00168832137738 0.000533545763249 0.0232850499626 0.00750735229164 0.019834739231 0.0173119093005 0.0162672286686 0.546997424713 0.00775196192217 0.0118053783256 0.0145097197487 0.0141366435664 0.0174989974326 0.014722150185 0.00457920637091 0.034829833719 0.00873271615402 -0.00212948748708 0.00983558202763 -0.00873985119763 0.00711732835555 -0.00398768702572 -0.00753362856608 0.0104249721581 0.0313445459399 0.0118930313419 0.0123966018916 0.0225553590087 0.0376891109033 -0.00180063734271 0.00763525722866 0.00922515810779 0.0258549477997 -0.00469735096426 -0.00181548730651 0.00524572314278 0.0168632758051 0.00503261321843 0.0193786729684 0.00747235030211 0.00553158897632 -0.0144199277831 0.0172678016618 0.0234373427661 -0.00924970081386 0.0209299182604 -0.00997470497998 0.0417223807016 0.0155930639258 -0.00473178587346 0.0451465817418 0.00453861621088 0.0134464778489 0.0209780954197 0.00464875814105 0.00262263556705 -0.00791694861448 0.0216744110763 0.00153967551447 0.0247916290163 0.019783133751 0.00373259313256 0.0770724634713 5.28073919979e-05 -0.00713423743749 0.022221264657 0.0269262655584 0.00693297010667 -0.0140536560072 -0.00307912277798 0.0233292464936 0.0150517145357 0.00671162346199 0.00204321302598 0.0397499357589 0.010153998418 0.0165731545316 0.0017154355849 0.0203683908024 -0.000547432373254 0.0151704666328 -0.013840072121 0.00609624847323 0.00720849771159 0.00154583106119 0.0120792500224 0.011535060571 
0.00485963209827 -0.00480305100776 -0.0104779174206 -0.0107264302148 0.0220118400837 0.0111611917238 0.0030846319243 0.00594918366654 0.0210009343561 0.015923051486 0.0129901092101 0.00924198588412 0.0155753407459 0.0242652520181 0.00867988891822 0.0063642908528 0.0134620799612 0.000696730177144 0.00838550540404 0.0141069541092 0.00775196192217 0.17176072104 0.00226645653951 0.0010751624165 0.00700401482882 0.00745174829009 0.00197939927823 -0.000662766407674 0.00575665345849 -0.000584496886302 -0.00924436817618 0.00824925464536 0.00601333458567 0.00273011652133 0.00603281577798 0.012782473797 0.00797758315203 0.00736979014972 0.0241286333489 -0.0051832842508 0.00166226956568 0.00278634893848 0.00176104065491 0.00845743367117 0.0066104912213 -0.00654390271019 0.0115237553698 0.000934626769339 0.0071141392801 0.0134506908797 0.0124021488011 0.0211149748926 0.0158351794083 0.0227511350109 -0.00274030913321 0.0131615746179 -0.00126276623513 -0.00135738338061 -0.0092943398795 0.00361779251691 0.0145131195702 0.0239241312538 -0.0036260490506 0.0238172611034 0.00904932642017 0.00933439362431 0.00945290797166 0.0188161388142 0.0109206118546 0.0113006772387 0.0106272464884 0.00561771762938 0.0184468960128 0.0113144678228 0.011648062223 0.018317041796 0.0198784439256 0.00517365046548 0.000744592954637 0.0164463672953 0.00849714787836 -0.0028853743941 0.0353889294006 0.00737903813977 0.0108547758062 0.00669344188327 -0.0152770335473 0.00998921404012 0.014298823825 0.00879514402769 0.00645955906018 0.0131248597557 0.00444349676222 0.00737093206078 0.00411038260623 0.011077202909 0.0186794361308 0.0186245933376 0.0102544347279 0.00422352889772 
-0.00443110939565 -0.00973398670011 0.00384918635326 0.00545636383673 0.00723715076929 0.0217115898599 0.00479000759165 0.0173988584716 0.00917130899596 0.00603173414022 0.0001021943352 0.00908868811257 0.00669800703497 0.00554348837614 0.00329718934857 0.0026782807886 -0.000134710270339 0.0128660505837 0.0323659544111 0.0448636191028 0.0118053783256 0.00226645653951 0.195474748108 0.00904437264153 -0.00790644774477 0.0129606287862 0.0177605895248 0.00391446107141 0.0336603098781 -0.00424051002163 0.0051503840419 0.010589109071 -0.0100563333298 0.00533663947428 0.010405242717 -0.00590477560017 0.00267575597886 0.00548136441204 0.0052287082945 0.00323119005653 0.0263737759314 0.0265927116733 0.00685461353319 0.0113520254741 0.0115308338706 0.00638949493896 -0.00149378082624 0.00619258417221 0.0058997924819 0.00112738963654 0.00261137963034 0.00819629392632 0.0138548518817 0.0128021433916 -0.0147637585088 0.0155369800068 0.0158189728523 -0.00531218149732 0.0322809822811 0.00229139641755 0.00747346159225 0.0103496192488 0.0115091236901 0.0141398800913 0.0108417194932 0.0156159917984 0.0281501640133 -0.00266903896542 0.0251660727608 0.0125591990224 0.00424714151891 0.0022619666942 0.0298424200088 0.0248879474152 0.00590119147072 0.0163691982511 0.0175526078849 0.0313585502946 0.0212171689526 0.00899549038842 0.00594859070224 0.00851221756252 0.0222047238104 0.00735916882155 0.0120362600761 0.022415672666 0.0192132374347 0.0148718852529 0.0138513012386 0.0152366361882 -0.00269615408468 0.00981484822656 -0.00894006402694 0.00310509655294 0.00764550287397 0.0016538356005 0.0153465742875 -0.00575061175329 0.0174258492258 0.010905913045 
