60
0.0549811443135 0.0765601453803 0.0708595176859 0.0131635076039 0.100974868985 0.15397042743 0.0535662105727 0.0377827405953 0.0413167922229 0.0594494044175 0.0435638119902 0.0425593974561 0.026407260569 0.02392892696 0.090319564185 0.0271794955288 0.0538734886168 0.0367752030525 0.0275926739743 0.0645874353538 0.0604038345904 0.199130076205 0.0843714281037 0.0314514366364 0.140066530531 0.136312174374 0.0192488530763 0.0253425298527 0.0482651065397 0.0533286406295 0.0246636786654 0.163811268696 0.126958151155 0.0716450377603 0.0378808118353 0.0220926651793 0.0936509155003 0.0231877092109 0.0695535734162 0.148705689344 0.0511846892664 0.0263662592882 0.0404531955786 0.0439476996979 0.0215013837744 0.110783759143 0.0378384564622 0.0486959213786 0.0514292405054 0.0570579479668 0.0466468708745 0.125871369107 0.0135350028622 0.102128665084 0.0770368317024 0.0162851568228 0.0359279599811 0.018453974145 0.0335319673985 0.266244884644 
0.431428025052 0.0144737610119 0.00589270913712 -0.00540770704736 0.00159531877601 0.00914371464837 0.036104151499 0.020578526932 0.0343612001145 -0.00540180560513 0.0135400484139 0.0115897939327 0.0124458392853 0.00695958643517 0.00897085422935 0.0103129937327 0.022609258342 0.00662260086505 0.0103305292798 0.00739043519828 -0.0058253379408 0.0470634867888 0.0113106432497 0.00872553501865 0.0152282147847 -0.00803450999281 0.00307771654412 0.0232226938443 0.00430864393019 0.00145111223511 -0.000946580274146 0.0169799780252 0.0251133687016 0.0175691687461 0.0030860461595 -0.0100736159874 0.0159237914087 0.0237079568462 0.0530084135817 0.011931883136 0.0194954353222 0.0161438098049 0.0367652503825 0.0182564983649 0.0272421245599 0.011022605077 0.00797943303981 0.0111798433808 0.00509166925155 0.00787325401982 0.0235230036921 0.0682787760843 0.0127137890167 0.0111370206968 0.0187259182854 0.00530119944229 -0.000800936994865 -0.011854054133 0.0184873658638 0.0172796685538 
0.0144737610119 0.332630449598 0.0118132292018 0.00916789135055 0.0283497143902 0.0254729230533 0.0204321071029 0.00795975223056 0.0201557465209 0.0246551094653 -8.09760184958e-05 0.0264643822851 0.0148161311092 0.0101273075354 0.0203707190729 0.00734110204664 0.0368570258416 0.00490837512231 0.00749490803063 0.00419431159488 0.0382359720446 0.050165060904 0.00934155666785 0.0129495045212 0.0137309319527 -0.0172380562036 0.0136361846496 0.00876733806509 0.0263455345616 0.00595995499705 0.0127181243281 0.00523345012079 0.0371363374885 0.021278812379 0.0222721801198 0.00281796756894 0.0186904753647 0.0236450895421 0.0168928794787 0.0291037032319 0.0218115097795 0.0136093814838 0.0303878517836 0.0084366256487 0.0217744941317 0.0622096189088 -0.0203124962718 0.0180719514499 0.029833040665 0.0372281334147 0.0102473816246 -0.00158409237715 0.0185956383083 0.0355657656915 0.00912989936861 0.00905900510123 0.0144366474291 0.00404269660614 0.0240487586215 0.00761499414153 
0.00589270913712 0.0118132292018 0.349108124312 0.00826775173957 0.00699886753676 0.00402018673498 0.00960681742782 0.0109854661369 0.0228452248702 0.0154316099832 0.0103104784723 0.00190532508041 0.0208052906892 -0.00286507716496 0.019566796249 0.0125854415444 0.0063391142435 0.00860578187418 0.0104020372844 0.0103615184798 0.00182989504342 0.0156139395565 0.0225183314079 0.0297628157743 0.000226853543193 -0.000179792161949 0.0105858202724 -0.00412782677622 0.0127840658136 0.0215295586498 0.0120291201166 0.198796254686 0.00213600051415 0.00905773526452 0.0167996531248 0.00291385927736 0.0198039492774 0.0122604260748 0.00176516585632 -0.0118969930954 -0.00217908982945 -0.00260692214154 -0.0217148054262 0.022904054633 0.0138813114275 0.024811996775 0.00891800993562 0.0292227795928 0.0170117599165 0.0245616167858 0.0265201569996 -0.00897074961622 0.00951060182077 0.0148901799205 -0.00829787613253 0.00611918831095 -0.00137065541272 0.00191981669508 0.00869259526897 -0.0177103862562 
-0.00540770704737 0.00916789135055 0.00826775173957 0.143751982488 -0.00364948073778 0.0134545632592 0.0341889501955 0.0237911733708 0.0161603491572 0.016185790524 0.0194583623261 0.0101034623662 0.0259724578404 -1.76592520809e-05 0.00741057274942 0.00671606006427 0.000342439850463 -0.00133038815792 0.00478603275207 -0.00542255031292 0.00231259470549 0.00899390251458 0.0118103830072 0.0190890797735 0.00693479044828 -0.0049043052012 0.013927490425 0.00322213798558 0.00531933015875 0.0211681216704 0.0231199184449 -0.00383479505027 0.0188842044827 0.0131241548865 0.0139492438716 0.0444795875545 -0.00375738781455 0.00483123546601 -0.00573947243976 0.00021106948917 0.00566387503634 0.00578018083947 -0.00469916836181 -0.00932224958302 0.00515308389985 0.0130909354775 0.00789771051602 0.0209345664431 0.0256590824985 0.0127392043332 0.042913308072 0.00179773635593 0.0161478673618 0.0074220148248 0.00644590939254 0.0446925829004 0.0095529956915 0.0168307184735 0.000327573541043 0.00441271459762 
0.00159531877601 0.0283497143902 0.00699886753676 -0.00364948073779 0.459644532914 0.0107806805861 0.0196456140401 0.00954906228349 -0.00138566641342 0.00438372166224 0.0140862261878 0.0512278857134 0.0152237492275 0.0404154489207 0.0359302953741 0.00678669268351 0.0192384183341 0.0010834558059 0.00661794120107 0.0422062702409 0.0061988834245 0.0157273262253 0.0302305108406 0.0102222616835 0.0174239238631 -0.00314962718616 0.00611847486113 -0.004522117446 0.0275099372199 0.00976467858583 0.00771783689276 -0.00300390381577 0.0196847073659 0.00521803412765 0.0222349407159 0.0109267335282 0.0609225309768 0.00571666883639 0.0264432857018 0.0204591999657 0.0382391345127 0.0375397126347 0.0803203185467 0.000790118604261 0.015877490008 0.0189322027066 0.0148600330587 0.0107387798485 0.0197357423076 0.0196802014742 0.00928059597185 -0.0083072747458 0.0169165431648 0.0516296607409 0.0140724687497 0.00944496530784 0.0143175830846 0.00225457479238 0.0233714001448 0.0574920180201 
0.00914371464838 0.0254729230533 0.00402018673498 0.0134545632592 0.0107806805861 0.589521249541 0.0269352133358 0.0274589314771 0.0130820935636 0.000167040200832 0.00566988529118 0.0372720493549 0.0139133363867 0.00433810596309 -0.014296446932 -0.00144790744489 0.00997421440829 -0.00970774429445 -0.0156643015187 0.000512428330183 0.0389527402417 0.0736362306274 -0.00431953254717 0.00177910664315 0.0300443065976 0.00899011943139 0.00240017681086 0.0110462229264 -0.00394004266812 0.0234396164548 0.000565173923172 -0.00743928002535 0.17726395798 0.0269340896117 0.0143235436121 0.0293232229972 0.0408834760992 0.0193069105938 -0.00238652412512 0.0403656001 0.0090498727813 0.0328970484922 0.0627638278654 -0.00377549004971 0.0186489830946 0.0707069545959 0.0330426451873 0.0123103084178 0.0108356187997 -0.00270870159527 0.0321022602645 -0.00963854284615 0.00610615517723 0.0343270370894 0.0178330170455 0.0189468122015 0.00562642458431 0.0172857069094 0.0134340600304 0.0182498134499 
0.036104151499 0.0204321071029 0.00960681742782 0.0341889501955 0.0196456140401 0.0269352133358 0.208302062237 0.0238987860215 0.023451377834 0.039301693225 0.0138723342159 0.0277625508395 0.0272923238359 0.0212486212322 0.0381866700855 0.010074370454 0.0121841637575 0.013090974732 0.00830938783081 0.00715852024739 0.00930056087208 0.0188389241564 0.00897841202061 0.0289435301705 0.0229753090126 -0.000697964891669 0.0183173238523 0.0215541807694 0.0133617813136 0.0183500735574 0.0131872530936 -0.000879736852414 0.0287140564115 0.00939743969206 0.0223881061976 0.0223784077799 0.0363947100572 0.0130020061224 0.0398395734549 0.0279681954367 0.0184518209424 0.0276023699117 0.0115039488479 0.0123701011833 0.0201686032354 0.0192362467311 0.0204041885356 0.0254822390155 0.0246770299949 0.010808400927 0.010786029173 0.00465168925049 0.00690033797061 0.00985804099 0.0157080991046 0.0277128111497 0.0122606474249 0.010010992584 0.0216630291397 -0.000600824774027 
0.020578526932 0.00795975223056 0.0109854661369 0.0237911733708 0.00954906228349 0.0274589314771 0.0238987860215 0.315600094399 0.0160857636136 0.0109942607223 0.0707616165297 0.00761255794721 0.0194666637895 0.00607539795648 0.00354693946766 0.0150754675729 0.00637313497407 0.00655720424098 0.00956499256611 0.0161134674194 0.019149972303 0.0253748918628 0.00376642574608 0.0251407344161 0.0111840330457 0.00546847417218 -0.00713978440173 0.0145548163248 0.00931181829521 0.00812694291633 0.00647618827771 0.00214879978812 0.0523940123565 -0.002819919187 0.0121033185615 0.0122228077389 0.0341094215616 0.00855830081904 0.00366996912924 0.026016706887 0.0114826566388 0.00547813959556 0.0118764900165 0.0127222740477 0.00424122914112 0.00571276360754 0.0130668279864 0.0147817518941 0.0188530430707 0.0102251451531 0.0379647221218 0.0170935405049 0.0117440441995 -0.00790326055705 0.0147298230354 0.0199966035761 0.0361175474399 0.00892744612737 0.00727146762059 -0.00155301013029 
0.0343612001145 0.0201557465209 0.0228452248702 0.0161603491572 -0.00138566641342 0.0130820935636 0.023451377834 0.0160857636136 0.240240276361 0.0238392815796 0.0123316325465 0.0200481511989 0.0257731724837 0.0188582353393 0.00790896615542 0.0179561935253 0.0180319202293 0.0231429347321 -0.000959590935164 0.00231186694279 0.00149664052634 0.0308252845787 -0.000103363411457 0.0170461500186 0.0141756413551 0.000912802114832 0.00632396655897 0.0138429653956 0.0142963047126 0.0120516770737 0.0112085521469 0.0196794966108 0.015491678516 0.00253877237187 0.0142684500571 0.0116031612797 0.0313916841469 0.0131946998726 0.0120811381763 0.00372270700291 0.000250477863664 0.0187822955207 0.0274427335301 0.0144969739555 0.0284802743304 0.0141187213369 0.0310691700348 0.0305676250707 0.0251507223731 0.014917827106 0.010546103207 0.0023896326148 0.00665895674167 -0.00204469270917 0.0111633532249 0.030151331548 -0.00248417586724 0.00862964520714 0.0225621425836 0.0349948720923 
-0.00540180560513 0.0246551094653 0.0154316099832 0.016185790524 0.00438372166224 0.000167040200833 0.039301693225 0.0109942607223 0.0238392815796 0.280806135771 0.00395474208929 0.0201568912853 0.0453162803006 0.0224841471388 0.0199041073189 0.0221799870527 0.0185767381524 0.0358886142689 0.00162514263352 0.0200664515875 0.0240624114028 0.0309432412068 0.0115423675909 0.050222192825 0.0240167504779 -0.0184131897615 0.0145160297207 0.0308058931102 0.0254904117763 0.025698060299 0.0164681671746 0.0181065362552 0.0161614537782 0.00623625493878 0.0377686417681 0.00579794049631 0.0393770765336 0.0102652830684 0.0220380638716 0.0433123125152 0.0271339641586 0.0385924242911 0.0404092121127 0.0156457902403 0.00796041105541 0.0443097409348 0.0104439848768 0.0467198839028 0.0369592617801 0.0211022917871 0.00780835543402 0.00808229446872 0.0274132975853 0.00657388879035 0.00193698272947 0.0209336027033 0.0294441933404 0.00475032525489 0.0252645758932 0.0290893368529 
0.0135400484139 -8.09760184961e-05 0.0103104784723 0.0194583623261 0.0140862261878 0.00566988529118 0.0138723342159 0.0707616165297 0.0123316325465 0.0039547420893 0.268691368955 0.010934212689 0.0193177065672 -0.000326510269959 0.0124528476457 0.0153858886892 0.00769570502257 0.00818911507684 0.00373770660354 -0.00602562048974 -0.001384980243 0.0174777567975 -0.00792507114607 0.0192462591481 0.002864990111 -0.00981139011291 0.014733969009 0.00472629382075 0.0124005057415 0.00521111416554 0.0137229485381 -0.00828366346076 0.0159832833393 0.00392072419477 0.00934849595105 0.0184314460323 0.0218530233955 0.00523647098987 -0.00293435763619 0.0101524664534 -0.00234847023967 0.00267038103305 0.00576173157357 0.00382504932591 0.0206578458013 0.0261454208668 -0.0012303890982 0.00914913231906 0.0171473598868 0.0118820087561 0.0061119743665 -0.00363616492812 0.00319359265394 -0.00404697987594 -0.00160458043569 0.0187021064056 0.0197090490328 0.00943611943611 0.00313272078681 -0.00131171669508 
0.0115897939327 0.0264643822851 0.00190532508041 0.0101034623662 0.0512278857134 0.0372720493549 0.0277625508395 0.00761255794721 0.0200481511989 0.0201568912853 0.010934212689 0.385135214572 0.0215023466255 0.020747607663 0.031527815709 0.00937824561549 0.0430347091766 0.0108198225593 0.00143638549038 0.0446435845257 0.0343516701225 0.0113416484047 -0.00235548756132 0.0195530166754 0.0247454668706 -0.00754757573418 0.0163628134354 0.00793818150013 0.0380864718892 0.00926951434674 0.0125011159507 -0.0157342479686 0.0198491130694 0.00724235851904 0.0196218680467 0.00820594558376 0.0308561470935 0.00933652246724 0.0143844841235 0.0208478183503 -0.00757625193914 0.0319845695505 0.00240379262221 0.0121500928505 0.0316642287005 0.0586626770854 0.0171195719227 0.0110799850434 0.0278751252202 0.00941672912615 0.013833853768 0.0289639885279 0.0270602092257 0.0211520982223 0.0263917373443 0.0333252401984 0.00777891258846 0.0398990913888 0.0277197892609 -0.0464985951909 
0.0124458392853 0.0148161311092 0.0208052906892 0.0259724578404 0.0152237492275 0.0139133363867 0.0272923238359 0.0194666637895 0.0257731724837 0.0453162803006 0.0193177065672 0.0215023466255 0.195055204099 0.0140342792179 0.0190153089589 0.0146024434712 0.0137339767076 0.016765736907 0.020285819174 0.00494957387346 0.0155189751219 0.0181011168895 0.020611081867 0.0432322521184 0.0156364912231 -0.00861523972009 0.00855545369135 0.0116535263027 0.00372496615974 0.0012020959671 0.0177357443136 0.00166776978583 -0.000319677589768 -0.00671975371817 0.0170787545403 0.0183313671894 0.0231412358072 -0.00147375179042 0.00413320167154 0.0148281397378 0.00478260620407 0.0435167570912 0.0182307908678 -0.00225061713904 0.00780550109293 0.0333735980771 0.013823034587 0.0438071975718 0.0259417575482 0.00967573496839 0.0114654024116 0.0288328578371 0.00974086230702 0.00649615966249 -0.000262809887488 0.0112657119799 -0.000184006467522 0.000888161232847 0.0237422101496 0.0205254678352 
0.00695958643517 0.0101273075354 -0.00286507716496 -1.76592520801e-05 0.0404154489207 0.00433810596309 0.0212486212322 0.00607539795648 0.0188582353393 0.0224841471388 -0.000326510269959 0.020747607663 0.0140342792179 0.236703804513 0.0077982356386 0.0198319281647 0.0170754999513 0.00833010832583 0.0108466442554 0.0383763846763 0.0197986528358 0.00275632223065 0.0204882416437 0.0113576327024 0.0259997172944 -0.0285933500529 0.000553382128135 0.00578879095067 0.0092367543264 0.00914025680741 0.00803928402003 -0.037793100766 0.0157714947985 -0.00311549288316 0.0109056686332 -0.00415708393865 0.0346874252608 0.00387426125339 0.0102836111578 0.004930731559 0.0276215251679 0.0318749260659 0.0213661841228 0.0155204939975 0.00308736544136 0.02406800147 -0.000969802812767 0.0119389450451 0.0127096486935 0.0221510986066 0.00498123888324 0.00676873260205 0.00966939426634 0.01025944776 0.00611030257086 0.000348876139567 0.00698543048527 0.00562950985587 0.0303349215582 0.0163694039451 
0.00897085422935 0.0203707190729 0.019566796249 0.00741057274942 0.0359302953741 -0.014296446932 0.0381866700855 0.00354693946766 0.00790896615542 0.0199041073189 0.0124528476457 0.031527815709 0.0190153089589 0.0077982356386 0.603782034031 0.0213998035006 0.0300134092652 0.0371107466594 0.0209452096486 0.0312121089374 0.0238825035481 0.017197404154 0.0157600541004 0.0181529083684 0.00911456833294 -0.00583400576787 0.0142195586985 0.0214603215427 0.0298076161424 0.0326886062827 -0.00100232247895 -0.00476047260269 0.0006433104286 0.00554438409168 0.00651540916161 0.0451127122501 0.0323018705278 0.0191921517416 0.00747051512705 0.0266970979235 0.0269375341938 0.0300188138335 0.0176590099983 0.00923958078179 0.0153343054788 0.0400068326377 0.00200904133163 0.0219503128401 0.0279820429422 0.00456501370433 0.023835522768 0.00796422812643 0.010913867116 0.049064324697 0.0274324334399 0.0125322883449 0.0125615642333 0.0116083671055 0.0299478281743 0.00708929908815 
0.0103129937327 0.00734110204664 0.0125854415444 0.00671606006427 0.00678669268351 -0.00144790744489 0.010074370454 0.0150754675729 0.0179561935253 0.0221799870527 0.0153858886892 0.00937824561549 0.0146024434712 0.0198319281648 0.0213998035006 0.224846585621 0.0132602047429 0.0483368804416 -0.00690839421889 0.0198906244233 -0.00480911850168 0.00176940615083 -2.72680784364e-05 0.0157538604661 0.00323175558277 -0.0219456248764 0.00793505760137 0.0281737312308 0.00333944833792 0.00271132268255 0.0175501776275 0.00210141739992 0.0051972431348 0.0183306926157 0.0130556832623 0.0058190314686 0.0215217294323 0.00329257390274 0.00433146365415 0.00682730826279 0.00406118827822 0.0111068666622 0.0224128343657 0.00589193592153 0.0115300666222 0.0108260052395 0.0210712861197 0.0340364126723 0.0203508089956 0.0115710983886 2.58943694605e-05 0.00387231968701 0.01248667916 0.0139115672502 0.0101196971903 0.0156029946258 0.0137318254567 0.00366055529695 0.00907092435396 0.0116891665271 
0.022609258342 0.0368570258416 0.0063391142435 0.000342439850463 0.0192384183341 0.00997421440828 0.0121841637575 0.00637313497407 0.0180319202293 0.0185767381524 0.00769570502257 0.0430347091766 0.0137339767076 0.0170754999513 0.0300134092652 0.0132602047429 0.371469661542 0.00220040604362 0.00660387157294 0.0292115140161 0.0312887702398 0.0221184320838 0.00149350982324 0.00799896530773 0.0540399948576 -0.0170042810072 0.00997176374871 0.0017984431871 0.0252573503694 0.0101953344523 0.00398003102657 -0.00350623327466 -0.0100721050493 -0.00101813353956 0.0251745636982 -0.00257154543765 0.0439768663033 0.0147701791074 0.012953983101 0.0289543089031 0.0230519952841 0.0280575223213 0.0120086962379 -0.000921938686094 0.00383144625945 0.0509926017132 -0.0054260657411 0.0262120988122 0.0184249546354 0.00612470843632 0.00976474327681 0.0356681480954 0.0215139848623 0.0266995504403 0.0158407590019 0.00704885312227 0.000836786165016 0.00329961891406 0.0287726916086 0.00785449982054 
0.00662260086505 0.00490837512231 0.00860578187418 -0.00133038815792 0.0010834558059 -0.00970774429445 0.013090974732 0.00655720424098 0.0231429347321 0.0358886142689 0.00818911507684 0.0108198225593 0.016765736907 0.00833010832583 0.0371107466594 0.0483368804416 0.00220040604362 0.245439475149 0.00963799100733 0.0263273328369 0.0165770430307 0.0226438492802 -0.0033899233398 0.0218335933767 0.00574944500684 0.000473172460637 0.0137490877446 0.0242479991881 0.012521043132 0.00489719556361 0.0153724514049 -0.0061111210233 -0.00719801344434 0.0102966849805 0.00957646272218 0.00583570288447 0.0269957841726 -0.0028886613017 0.0142979290342 0.0150530761203 -0.00153630521043 -0.002645618232 0.00131097528117 0.00363052787997 0.0148491071965 0.0166891109539 0.0111570104596 0.0351649209949 0.0171004217904 0.000746279407601 0.00620104140222 0.00152225751753 0.00995482757246 0.0137626661703 0.00988465925323 0.00436507686633 0.00769020193104 0.0126017458579 0.00829526100764 0.0396284917959 
0.0103305292798 0.00749490803063 0.0104020372844 0.00478603275207 0.00661794120107 -0.0156643015187 0.00830938783081 0.00956499256611 -0.000959590935164 0.00162514263351 0.00373770660354 0.00143638549038 0.020285819174 0.0108466442554 0.0209452096486 -0.00690839421889 0.00660387157294 0.00963799100733 0.326102266749 0.00236615007163 0.00303993255784 0.00372265550805 0.0115718810972 0.0078757097271 0.00262661801867 0.163473664038 -0.00279769184524 0.0140872171211 0.0152653765666 0.0159383905683 0.00347771463046 0.00136661337141 0.012436492756 -0.0123016835861 0.0157899097186 -0.00947045084936 0.0254032542683 0.0156159820981 -0.00128758054355 0.00318080612872 -0.00636132748352 0.0179924205256 -0.00232542023627 0.00194990793867 0.026836477041 0.00204673671476 0.0364494018508 0.0097200803049 -0.000400707865838 0.0114039639713 0.000467051780851 -0.0163593757122 -0.00171992294088 0.00509733012888 0.0106347323957 -0.00302358508019 0.000255671976988 0.00250243803662 0.0220033427805 -0.010066644377 
0.00739043519828 0.00419431159488 0.0103615184798 -0.00542255031292 0.0422062702409 0.000512428330183 0.00715852024739 0.0161134674194 0.00231186694279 0.0200664515875 -0.00602562048974 0.0446435845257 0.00494957387346 0.0383763846763 0.0312121089374 0.0198906244233 0.0292115140161 0.0263273328369 0.00236615007163 0.341582457371 0.0164363916521 0.0247604739045 0.0206536630617 0.0235878827863 0.00706362654129 -0.0189692868747 -0.00513662358387 0.00798585276794 0.0168516440528 -0.00353859002927 0.0100786975494 -0.0272664629349 -0.00835060039621 0.0158889873658 0.0154554800686 0.00281656027986 0.0676545263472 -0.0046905162925 0.0362181058829 -0.00282918571519 0.0210218464052 0.0149233314885 0.0147666426142 -0.00299977250113 0.0161755724865 0.0243918161842 0.00368502225734 0.0114545569305 0.0138285824987 0.0248712338323 0.00534976422605 0.0215216514732 0.0158507541892 0.00249093592626 0.00844138758549 -0.00279359001394 0.0128718347069 0.0106077544568 0.0199371004555 -0.00611339261967 
-0.0058253379408 0.0382359720446 0.00182989504342 0.00231259470549 0.0061988834245 0.0389527402417 0.00930056087208 0.019149972303 0.00149664052634 0.0240624114028 -0.001384980243 0.0343516701225 0.0155189751219 0.0197986528358 0.0238825035481 -0.00480911850168 0.0312887702398 0.0165770430307 0.00303993255784 0.0164363916521 0.267749618167 0.0407697614861 0.0303401018436 0.00770729487585 0.0294831401137 0.00154895494358 -0.00238273960383 0.0161049789717 0.0263826900974 0.0362666208694 -0.00112815043947 0.00257206058684 0.0149477471627 0.026198535329 0.0108008158291 0.0154368585302 0.0327841930896 0.00652946364209 0.0130900952249 0.0558601850739 0.0190236157316 0.0271979357913 0.0293395497033 -0.00256711026636 0.0241032471102 0.0753984699398 0.0068990601852 0.0233191910846 0.0317123125027 0.00746428241946 0.0120751976681 0.00646504621919 0.00696547807855 0.02144931245 0.0163865265626 -0.00985940437121 0.0276179179778 0.0104261353982 0.0193377663621 0.0110390811981 
0.0470634867888 0.050165060904 0.0156139395565 0.00899390251458 0.0157273262253 0.0736362306274 0.0188389241564 0.0253748918628 0.0308252845787 0.0309432412068 0.0174777567975 0.0113416484047 0.0181011168895 0.00275632223065 0.017197404154 0.00176940615083 0.0221184320838 0.0226438492802 0.00372265550805 0.0247604739045 0.0407697614861 0.616052670554 0.0440182933396 0.0167455027762 0.0326527974741 -0.0239063603985 0.0150000032931 0.00493329755271 0.00880187951284 0.00861790311917 0.0105688215347 -0.00383593843181 0.0899807455667 0.0237308445428 0.0183310229096 0.0114258649599 0.0146035192948 0.0129355730974 0.00278162055316 0.0147943907138 0.0180925759078 0.0436468782289 0.0356328389492 0.0129755467619 0.0190895034732 0.0790569684993 0.0123064390776 0.0316047575327 0.0358033787018 0.0387452375818 -0.00438399578111 0.000317542903992 0.0128669201454 0.0456558317375 0.00338324987868 0.0172808638897 0.0112042312336 0.0118913970159 0.0514494084759 0.0115318445872 
0.0113106432497 0.00934155666785 0.0225183314079 0.0118103830072 0.0302305108406 -0.00431953254717 0.00897841202061 0.00376642574608 -0.000103363411457 0.0115423675909 -0.00792507114607 -0.00235548756132 0.020611081867 0.0204882416437 0.0157600541004 -2.72680784365e-05 0.00149350982324 -0.0033899233398 0.0115718810972 0.0206536630617 0.0303401018436 0.0440182933396 0.852237081885 0.0200815807982 0.0558790465666 -0.00980158035645 0.00307303196884 0.00851240657639 0.013381157022 0.0225456300614 0.0107951571825 0.0259265087686 0.0150239282925 -0.0266148464808 0.00538351489258 0.019576795552 0.0057599814873 -0.0019915592549 0.00264815834036 0.00205057332104 0.00715970944592 0.0141994910092 0.0333339827585 0.0156819440191 0.00914385157606 0.0205074524897 0.0022739418954 0.00302644927601 0.0166578394923 0.0146203867618 0.00525553902393 0.11831841769 0.04595309505 0.0306713918686 0.00970275221481 0.0176422173543 0.0135310540309 -0.00316380302935 0.0220941910017 0.0130477621746 
0.00872553501865 0.0129495045212 0.0297628157743 0.0190890797735 0.0102222616835 0.00177910664315 0.0289435301705 0.0251407344161 0.0170461500186 0.050222192825 0.0192462591481 0.0195530166754 0.0432322521184 0.0113576327024 0.0181529083684 0.0157538604661 0.00799896530773 0.0218335933767 0.0078757097271 0.0235878827863 0.00770729487585 0.0167455027762 0.0200815807982 0.167196493786 0.0152818303311 -0.00146145455706 0.0193402930461 0.00400775305192 0.014298020672 0.0128871485343 0.0292132087802 0.00643488108242 0.0113352170426 0.00840267755193 0.0356332540354 0.0169089696681 0.0253086072174 -0.000827070596556 0.00447372874436 0.011699570199 -0.000857703475103 0.0381299997627 0.0112353696807 0.000295543698292 0.0221016100455 0.0113004192706 0.0225580706843 0.0629252366146 0.0156064295255 0.00529574911572 0.0147980985477 -0.00339106835484 0.0240579785855 0.00944714544082 0.00396033402484 0.0192219147106 0.00275398623344 0.0171949155226 0.0174384358377 0.0436126546459 
0.0152282147847 0.0137309319527 0.000226853543193 0.00693479044828 0.0174239238631 0.0300443065976 0.0229753090126 0.0111840330457 0.0141756413551 0.0240167504779 0.002864990111 0.0247454668706 0.0156364912231 0.0259997172944 0.00911456833294 0.00323175558277 0.0540399948576 0.00574944500684 0.00262661801867 0.00706362654129 0.0294831401137 0.0326527974741 0.0558790465666 0.0152818303311 1.45199266757 -0.0270743563244 0.00635084921874 0.0205495233523 0.00675387140244 0.0113769490064 0.0104616937024 -0.0021824059406 0.00684206833332 0.00682136811363 0.0222400749207 0.0210389021982 0.0358669678852 0.00922756707773 0.0149663629729 0.00805378982244 -0.000735573687144 0.0241641216268 0.0306945942795 0.000409628180374 0.0209877680061 0.0314185859275 -0.00666745330204 0.0235963206167 0.0292751904015 0.000618092965085 0.000749201756375 0.00210736812592 0.0202867122139 0.0259729205677 0.00527266700934 0.00991979595233 0.00206495305161 0.0154440815642 0.0302630568647 0.0165927691841 
-0.00803450999281 -0.0172380562036 -0.000179792161949 -0.0049043052012 -0.00314962718616 0.00899011943139 -0.000697964891669 0.00546847417218 0.000912802114832 -0.0184131897615 -0.00981139011291 -0.00754757573418 -0.00861523972009 -0.0285933500529 -0.00583400576787 -0.0219456248764 -0.0170042810072 0.000473172460637 0.163473664038 -0.0189692868747 0.00154895494358 -0.0239063603985 -0.00980158035645 -0.00146145455706 -0.0270743563244 1.93393381792 -0.0053077883104 -0.0125057887607 -0.00118611613588 -0.00453481795106 -0.00911745852774 -0.0177045307756 0.000995228263489 -0.0188304445598 -0.0117000627187 0.00900565805071 -0.00777250476043 -0.00955871558247 -0.0126255369352 -0.0129932710876 -0.0197583629838 0.00980818633994 -0.00590280530345 -0.00222860598012 -0.015630085421 -0.00291298948034 0.0180500468827 -0.0112663237721 -0.00786007129973 0.00822761864366 -0.000753177896672 -0.0357150260235 0.0264503264087 -0.0153365896092 -0.0105665381195 0.0045893888971 0.0178196289273 -0.00972963451624 -0.0130860268857 -0.0125479092639 
0.00307771654412 0.0136361846496 0.0105858202724 0.013927490425 0.00611847486113 0.00240017681086 0.0183173238523 -0.00713978440173 0.00632396655897 0.0145160297207 0.014733969009 0.0163628134354 0.00855545369135 0.000553382128136 0.0142195586985 0.00793505760137 0.00997176374871 0.0137490877446 -0.00279769184524 -0.00513662358387 -0.00238273960383 0.0150000032931 0.00307303196884 0.0193402930461 0.00635084921874 -0.0053077883104 0.138894114097 0.010673152992 0.0165129759538 0.0120408776237 0.00547283301737 -0.0019107061374 0.000782555626217 -0.000119967303365 0.000568966608312 0.00311366313479 0.0088077065178 0.00739919246991 0.00776406871123 0.00778449517687 0.0103903132828 0.0155917194513 0.0076335064745 0.00628426949865 0.0182915434157 0.00499433189753 0.0130617791027 0.0145028970927 0.00975592938483 0.00762746429868 0.0163963397338 -0.00679224315787 0.0116592389158 -0.00150364924276 -0.00913057567421 0.0087970556581 0.00971108107572 0.0144946839765 -0.00231512126114 0.00883184123169 
0.0232226938443 0.00876733806509 -0.00412782677622 0.00322213798558 -0.004522117446 0.0110462229264 0.0215541807694 0.0145548163248 0.0138429653956 0.0308058931102 0.00472629382075 0.00793818150013 0.0116535263027 0.00578879095067 0.0214603215427 0.0281737312308 0.0017984431871 0.0242479991881 0.0140872171211 0.00798585276794 0.0161049789717 0.00493329755271 0.00851240657639 0.00400775305192 0.0205495233523 -0.0125057887607 0.010673152992 0.186933307096 0.0197680887665 0.00907501080124 0.00427748458343 0.00186049304705 -0.0071483966581 0.000323886649229 0.0121733259421 0.00037336571641 0.0174195530737 0.00746970953604 0.0256236904883 0.0135573301577 0.00607058171365 0.0140635224116 0.0109601081447 0.00261826267475 0.0289066364353 0.0258837803648 0.0113070924803 0.0232772224786 0.0164786700514 0.0177507767195 0.0184559931583 0.00135535151554 0.0112534630225 0.011200232734 0.0248981484227 0.000221729493806 0.0137010549838 0.0124235337519 0.0151217767462 0.00325489349017 
0.00430864393019 0.0263455345616 0.0127840658136 0.00531933015875 0.0275099372199 -0.00394004266812 0.0133617813136 0.00931181829521 0.0142963047126 0.0254904117763 0.0124005057415 0.0380864718892 0.00372496615974 0.0092367543264 0.0298076161424 0.00333944833792 0.0252573503694 0.012521043132 0.0152653765666 0.0168516440528 0.0263826900974 0.00880187951284 0.013381157022 0.014298020672 0.00675387140244 -0.00118611613588 0.0165129759538 0.0197680887665 0.298368446749 0.0262497966511 0.0154851657651 -0.00872263909891 0.00741337577396 0.0155280637751 0.00491764297613 0.00123933944563 0.0381745695906 0.00706939152137 0.000260848967498 0.00227481954946 0.0200762396192 0.037504111972 0.0368757584371 0.0078615063177 0.0256375076912 0.0506905912755 -0.0030642748844 0.019500423563 0.0254491129181 0.0114287515152 0.0196302181396 -0.0170641831597 0.0164218924513 0.0267466583765 0.00145304648997 0.0134363439246 0.0181287257861 0.0132952100681 0.0183457598114 0.00614050147864 
0.00145111223511 0.00595995499705 0.0215295586498 0.0211681216704 0.00976467858583 0.0234396164548 0.0183500735574 0.00812694291633 0.0120516770737 0.025698060299 0.00521111416554 0.00926951434674 0.0012020959671 0.00914025680741 0.0326886062827 0.00271132268255 0.0101953344523 0.00489719556361 0.0159383905683 -0.00353859002927 0.0362666208694 0.00861790311917 0.0225456300614 0.0128871485343 0.0113769490064 -0.00453481795106 0.0120408776237 0.00907501080124 0.0262497966511 0.261048612196 0.0110560630613 0.00262480818401 0.00647166150287 0.0220767806119 0.0111199066851 0.0234755929108 0.0171216333683 0.0089663137112 0.00962185501023 0.00692934201918 0.012335852713 0.0206533171045 0.0153787617141 0.0165333380073 0.0131004618211 0.0250570233689 -0.00240557481115 0.0130125281615 0.0249942061692 0.0120704314878 0.0106497715108 -0.00230243750672 0.0123058641117 0.0234379387018 -0.00944509679407 0.00636510886534 0.00619814407623 0.0108675338119 0.0213979876099 0.00386083647857 
-0.000946580274146 0.0127181243281 0.0120291201166 0.0231199184449 0.00771783689276 0.000565173923172 0.0131872530936 0.00647618827771 0.0112085521469 0.0164681671746 0.0137229485381 0.0125011159507 0.0177357443136 0.00803928402004 -0.00100232247895 0.0175501776275 0.00398003102657 0.0153724514049 0.00347771463046 0.0100786975494 -0.00112815043947 0.0105688215347 0.0107951571825 0.0292132087802 0.0104616937024 -0.00911745852774 0.00547283301737 0.00427748458343 0.0154851657651 0.0110560630613 0.129323828658 0.00236484703298 0.000428550073315 0.0113459817327 0.0215401840179 0.0115935222075 0.0107466118033 0.00841063284165 0.00671674845901 -0.00667883569662 -0.00791182295701 0.0133710959073 0.0103415807032 0.00377541809598 0.00885743861573 0.0291228360085 0.00359666514676 0.0149030518708 0.020911633834 0.00422243121302 0.00654085274037 -0.0140227584444 0.0151917829957 0.00239903054991 0.0113404893519 0.00818001637998 0.00751850294846 0.00862108411364 0.0199643214389 0.0203906871792 
0.0169799780252 0.00523345012079 0.198796254686 -0.00383479505027 -0.00300390381577 -0.00743928002535 -0.000879736852414 0.00214879978812 0.0196794966108 0.0181065362552 -0.00828366346076 -0.0157342479686 0.00166776978583 -0.037793100766 -0.00476047260269 0.00210141739992 -0.00350623327466 -0.0061111210233 0.00136661337141 -0.0272664629349 0.00257206058684 -0.00383593843181 0.0259265087686 0.00643488108242 -0.00218240594061 -0.0177045307756 -0.0019107061374 0.00186049304705 -0.00872263909891 0.00262480818401 0.00236484703298 1.35523491192 -0.0112475250779 -0.00917359206673 0.00529817356433 -0.0102350781563 -0.00923122201233 0.00296638450032 0.00038218562335 0.00226401696265 0.00160084890271 0.011550604289 0.00532411226088 -0.0083529564808 0.00571295798012 0.0110017790031 0.0365375784555 0.0106758198571 0.00282591385262 0.012505352566 0.00186808683512 -0.0166592731913 0.00190326984987 -0.00710138923779 -0.0136454761245 0.0086766527666 -0.000446408603719 -0.00708404400803 -0.00208331790706 0.00613759717051 
0.0251133687016 0.0371363374885 0.00213600051416 0.0188842044827 0.0196847073659 0.17726395798 0.0287140564115 0.0523940123565 0.015491678516 0.0161614537782 0.0159832833393 0.0198491130694 -0.000319677589767 0.0157714947985 0.0006433104286 0.0051972431348 -0.0100721050493 -0.00719801344434 0.012436492756 -0.00835060039621 0.0149477471627 0.0899807455667 0.0150239282925 0.0113352170426 0.00684206833332 0.000995228263489 0.000782555626217 -0.0071483966581 0.00741337577396 0.00647166150287 0.000428550073315 -0.0112475250779 0.3975043498 -0.00272404508794 0.00379123510798 0.0236541251316 0.00965527521275 0.00801289516183 -0.0112169820475 0.0059396499175 0.00995659835626 0.0353932908984 0.0283268664884 0.00242830972441 0.0145693991063 0.0256194046652 0.0682148731673 0.00900541158672 0.0221790261284 0.0300665640642 0.0571870746407 -0.0212789355056 0.0115838257368 0.0177175185058 0.018341265601 0.0293573426499 0.00942448484883 0.00727509626299 0.0315718331157 0.0163988221991 
0.0175691687461 0.021278812379 0.00905773526452 0.0131241548865 0.00521803412765 0.0269340896117 0.00939743969206 -0.002819919187 0.00253877237187 0.00623625493878 0.00392072419477 0.00724235851904 -0.00671975371817 -0.00311549288316 0.00554438409168 0.0183306926157 -0.00101813353956 0.0102966849805 -0.0123016835861 0.0158889873658 0.026198535329 0.0237308445428 -0.0266148464808 0.00840267755193 0.00682136811363 -0.0188304445598 -0.000119967303365 0.000323886649229 0.0155280637751 0.0220767806119 0.0113459817327 -0.00917359206673 -0.00272404508794 0.465263316037 0.0109579522384 0.00325689065181 0.0265516414788 0.00380285488563 0.00112809236999 0.0232393889411 -0.00749858468851 0.00647409456862 0.00920553142881 -0.00287262930664 0.00848443980607 0.0261546492137 -0.011409556059 0.0261136556362 0.0213751815152 0.00215484056367 0.0208416511787 -0.00408304757183 0.0250517072647 0.0158733154691 0.00804138684806 0.0124099773474 0.0081857361819 -0.0080039267689 0.0111043898657 0.0258489282242 
0.0030860461595 0.0222721801198 0.0167996531248 0.0139492438716 0.0222349407159 0.0143235436121 0.0223881061976 0.0121033185615 0.0142684500571 0.037768641768 0.00934849595105 0.0196218680467 0.0170787545403 0.0109056686332 0.00651540916161 0.0130556832623 0.0251745636982 0.00957646272218 0.0157899097186 0.0154554800686 0.0108008158291 0.0183310229096 0.00538351489258 0.0356332540354 0.0222400749207 -0.0117000627187 0.000568966608311 0.0121733259421 0.00491764297613 0.0111199066851 0.0215401840179 0.00529817356433 0.00379123510798 0.0109579522384 0.18769638141 0.0169078017412 0.0197008534018 0.0138149441956 0.00549345387642 0.0268292877032 -0.0157725332145 0.0253474266531 0.0247194733732 0.00865259647782 0.0194329245944 0.0226648294748 0.00680583395108 0.0293317824258 0.0283570407076 0.00169287550175 0.0157801281385 0.00542694106777 0.018829104279 0.0329075420698 -0.00143782994965 0.00882589600289 0.0128815201468 0.00659639121165 0.0218360305316 0.0205468885145 
-0.0100736159874 0.00281796756895 0.00291385927736 0.0444795875545 0.0109267335282 0.0293232229972 0.0223784077799 0.0122228077389 0.0116031612797 0.00579794049631 0.0184314460323 0.00820594558376 0.0183313671894 -0.00415708393865 0.0451127122501 0.0058190314686 -0.00257154543765 0.00583570288447 -0.00947045084936 0.00281656027986 0.0154368585302 0.0114258649599 0.019576795552 0.0169089696681 0.0210389021982 0.00900565805071 0.00311366313479 0.00037336571641 0.00123933944563 0.0234755929108 0.0115935222075 -0.0102350781563 0.0236541251316 0.00325689065181 0.0169078017412 0.220493899386 -0.000250014266136 0.009014935568 -0.00818718576562 0.0150055205809 0.017887230147 0.014186125196 0.000821644892059 0.00492365054774 0.000828539863566 0.0194831108422 0.00103255756497 0.0075430074446 0.0181430213951 0.0124877918481 0.0358486921569 -0.0145642983859 -0.000160640564547 -0.0125680826973 0.0159030684127 0.0379999699122 0.0155935307851 -0.000306079393486 0.00655024935229 -0.00561343738409 
0.0159237914087 0.0186904753647 0.0198039492774 -0.00375738781455 0.0609225309768 0.0408834760992 0.0363947100572 0.0341094215616 0.0313916841469 0.0393770765336 0.0218530233955 0.0308561470935 0.0231412358072 0.0346874252608 0.0323018705278 0.0215217294323 0.0439768663033 0.0269957841726 0.0254032542683 0.0676545263472 0.0327841930896 0.0146035192948 0.0057599814873 0.0253086072174 0.0358669678852 -0.00777250476043 0.0088077065178 0.0174195530737 0.0381745695906 0.0171216333683 0.0107466118033 -0.00923122201233 0.00965527521275 0.0265516414788 0.0197008534018 -0.000250014266136 0.447805409473 0.00553724297924 0.0125151301565 0.045064547778 0.00526646149834 0.0367779683463 0.0104531532806 0.017375835446 0.0247260501986 0.0181086398096 0.00427057360302 0.0401179519427 0.0359051225208 0.037748732897 0.00452429493507 0.0204037173512 0.0187570454276 0.0392103135119 0.0145734485943 0.00314655817016 0.00913260341233 -0.00233875539202 0.0252161525607 0.0260522833065 
0.0237079568462 0.023645089542 0.0122604260748 0.00483123546601 0.00571666883639 0.0193069105938 0.0130020061224 0.00855830081904 0.0131946998726 0.0102652830684 0.00523647098987 0.00933652246724 -0.00147375179042 0.00387426125339 0.0191921517416 0.00329257390274 0.0147701791074 -0.0028886613017 0.0156159820981 -0.0046905162925 0.00652946364209 0.0129355730974 -0.0019915592549 -0.000827070596557 0.00922756707773 -0.00955871558247 0.00739919246991 0.00746970953604 0.00706939152137 0.0089663137112 0.00841063284165 0.00296638450032 0.00801289516183 0.00380285488563 0.0138149441956 0.009014935568 0.00553724297924 0.221835280903 0.0277380529467 0.0262741408374 0.0145342455666 0.00434193161105 0.0113759598836 0.0133265060118 0.0050299603117 0.0193833655947 -0.00300841310001 0.000638743804295 0.00503980795592 -0.0100731016099 0.0201531764205 -0.00609220911845 3.66845482519e-05 0.00881369229408 0.0179483432837 0.0119511946183 0.00545771644605 -0.00195576274263 0.0044856953624 0.00892310551857 
0.0530084135817 0.0168928794787 0.00176516585632 -0.00573947243976 0.0264432857018 -0.00238652412512 0.0398395734549 0.00366996912924 0.0120811381763 0.0220380638716 -0.00293435763619 0.0143844841235 0.00413320167154 0.0102836111578 0.00747051512705 0.00433146365415 0.012953983101 0.0142979290342 -0.00128758054355 0.0362181058829 0.0130900952249 0.00278162055316 0.00264815834036 0.00447372874436 0.0149663629729 -0.0126255369352 0.00776406871123 0.0256236904883 0.000260848967498 0.00962185501023 0.00671674845901 0.00038218562335 -0.0112169820475 0.00112809236999 0.00549345387642 -0.00818718576562 0.0125151301565 0.0277380529467 0.389876033524 0.0103769276308 -0.000171817199108 0.00664802257977 0.0112768112153 -0.0128121889424 0.0110504704907 0.0105627320008 0.00621810336007 0.0183852702205 0.0140752353806 0.00515605824949 -0.00342357277981 -0.0138003631921 0.0150172539214 0.00715091932896 0.00888945846776 0.000317399307859 0.0103490314799 -0.00711044618839 0.00620542471843 0.0540263116947 
