40
0.0502759777883 0.0570579479668 0.129241945615 0.0597278634654 0.192324736986 0.123248136701 0.0425593974561 0.0285158318856 0.023015295127 0.0692922129373 0.0375994121509 0.0124927962784 0.067654701563 0.0361599942098 0.0223482457603 0.0335346879574 0.200970993098 0.0936509155003 0.166074759161 0.0406155741598 0.026407260569 0.0512444991133 0.0761836706695 0.0440278725419 0.0678674292734 0.0340754658053 0.15397042743 0.090319564185 0.0669692816613 0.0820701074714 0.132143501856 0.0188066159349 0.0275926739743 0.0144645316835 0.266244884644 0.0910259677787 0.0314738433907 0.0210054402465 0.275379497042 0.0353360638732 
0.265178236751 0.018614588261 -0.0117769846476 0.0200790775177 0.0343592333438 0.00477759367814 0.0191190520771 0.0185542772069 0.00802274470265 0.0294262113823 0.0161585758892 0.0188351620132 0.00838842858514 0.0265990027098 0.0364420018194 0.0220083348411 0.0194130980585 0.0146535931628 0.021616958312 0.021280041054 0.0170183926437 0.0180925579895 0.00930302972962 0.0222379894564 0.0134929874234 -0.00372493064863 0.00567859836885 0.032285368189 0.0248701155361 0.00606836673299 0.014261556117 0.0256270192057 -0.00165982471507 0.021240847157 -0.0186371938954 0.00218360238676 0.00362067542746 0.00881075532747 0.00352891124774 0.0133383328361 
0.018614588261 0.330682668077 0.0102845142959 0.0044908861731 0.037299046691 0.000959912588918 0.0119732696044 0.0103406678586 0.015961675929 0.0356700409423 0.00339617043776 0.00917382187474 0.0125253888655 0.0103696750194 0.00766909841394 0.00792968177067 -0.00338549832302 0.0368633149794 0.0319834109742 0.00971526219955 0.013020149538 0.0172773592088 0.0636488538793 0.0168055593409 0.0150344300058 0.00356379902454 -0.0025213355412 0.00542144901074 -4.57433307848e-05 0.0153635318887 0.0225420277858 0.0136279841162 0.016126123329 0.0139246267037 -0.000470797369348 0.00201187281701 0.0149352972927 0.0130805466538 -0.0160949006857 0.01547013679 
-0.0117769846476 0.0102845142959 0.566741035273 0.0239928542897 0.059467012149 0.0114004333627 0.00296099319224 0.0241600891539 0.00611820869676 0.00875331645483 -0.00432962654479 -0.00308767251189 0.0203502199556 0.026912591118 0.00831423216873 0.00749901141141 0.00874839516266 0.031426903729 0.0302918247093 0.0129984572578 0.0031181338679 0.0201222981553 0.0108881239005 0.00425030712709 0.0153590134065 0.00576145487488 0.0306072173961 0.0109742755668 -0.00144983479508 -0.000812358110305 0.0336991390234 0.00173613944061 0.0225942701885 0.00648206167638 -0.0198978855087 0.0324349129471 -0.00955077610778 -0.00357199004154 -0.0172502782004 0.0338490242065 
0.0200790775177 0.0044908861731 0.0239928542897 0.397450739844 0.0615476447082 0.0745310187994 0.0122199694802 0.00359970295939 0.00147827583556 0.0302655523476 0.00422870900975 0.0113203017915 0.00717495356379 0.00749743045196 -0.0169308078593 0.0121160322986 0.0234546081054 0.0219308943837 0.0364227976927 0.0256618453865 -0.00296900093584 0.0280725348519 0.0260221917158 0.0076395192102 0.0263215308105 0.00877496350033 0.0253234010526 0.0203909862949 0.0406067390384 0.019722736804 0.0328248435752 0.0245720300729 0.00511390018919 0.0161987469077 0.0248890490725 0.0168236508013 0.00532753326185 -0.00510984668458 -0.0024828961743 0.0144418754237 
0.0343592333438 0.037299046691 0.059467012149 0.0615476447082 0.636784478333 0.0875042135317 0.0225488025066 0.0512892091591 0.0270798591299 0.0539169263631 0.014467288632 0.0174789341392 0.0136423816454 0.0304878590933 0.0361620111268 0.0252419015491 0.0151517415315 0.0258066007717 0.16142179493 0.045659162995 0.0376416539413 0.0802673072187 0.0589470903383 0.00788421023136 0.0375705346881 0.0107431843334 0.127126426138 0.0444936865763 0.0371866641795 0.0693234056957 0.119165023517 0.01129352889 -0.00584634026299 0.00591858985103 0.0384361835678 0.011939507884 0.010321668075 0.0110292367702 -0.0193673597901 0.00685434574521 
0.00477759367814 0.000959912588922 0.0114004333627 0.0745310187994 0.0875042135317 0.463617843485 0.0346381386288 0.0236122335313 0.0263579674909 0.032801320168 0.0339864156833 0.0187499238659 0.00445808578561 0.0245232136808 0.00970756746781 0.0206649309489 -0.00877090412023 0.0238847935486 0.050503519139 0.0404532201283 0.0243405437783 0.0261411719398 0.0230201630389 0.0235046656556 0.0242282605082 0.0121611359288 0.0600593890861 0.00307710458244 0.0413284580545 0.0321336125801 0.012433645824 0.00471327838351 0.00163729974382 0.0192932151174 0.0349487092866 0.0040373037128 0.024095436769 0.00916843295225 0.0175449864252 -0.000193711970307 
0.0191190520771 0.0119732696044 0.00296099319223 0.0122199694802 0.0225488025066 0.0346381386288 0.391148920771 0.00616223584467 0.0106439723978 0.0295282613551 0.0194574700926 0.0238714578186 0.0188790910537 0.0219925625875 0.0324805259948 0.0236456530697 0.0440423253461 0.0380544060504 0.034535512366 0.0398245361749 0.0225108148665 0.011851543505 0.0492554345755 0.0659135810598 0.0381350200096 0.0162000534739 0.0445363659087 0.0366759095862 0.02282165784 0.0288631599065 -0.0170630742685 0.0197003387894 0.00268973481734 0.016736475738 -0.0446132438337 0.0234712587841 0.0135583078887 0.00609716645573 0.00651569983733 0.0141700467455 
0.0185542772069 0.0103406678586 0.0241600891539 0.00359970295939 0.0512892091591 0.0236122335313 0.00616223584467 0.193699228657 0.0117415893272 0.00510900061686 0.0177600535793 0.00496497386549 0.0271767379452 0.0589660258258 0.0252365984616 0.00822758136623 -0.00377811597017 0.00072404119835 0.00513269343117 0.0182512858036 0.0253995283762 0.0206738572095 0.00961653052384 0.0138046307777 0.017034605016 0.00704644795484 0.0332726533763 -0.000215886907198 0.00707693762571 -0.0021205623242 0.0440572211128 0.00789304128048 -0.00948312779767 0.00299329692939 -0.0133353755808 0.00961366175076 0.012183063062 0.00327113445753 2.083273203e-05 0.0139695497503 
0.00802274470265 0.015961675929 0.00611820869676 0.00147827583556 0.0270798591299 0.0263579674909 0.0106439723978 0.0117415893272 0.147476711968 0.018298846351 0.00519408101754 0.0180594086762 0.00969227467218 0.0147423127245 0.0338991944707 0.0122129732035 0.00554390495831 0.0241037997683 0.021809928275 0.0212749866035 0.0365944481724 0.0146297240152 0.0060207144411 0.0158914314159 0.0130462830615 0.0120658784267 0.00734840198251 0.0167857548289 0.0164688241927 0.00554712597653 0.00553675978162 0.018376895913 0.018414354859 0.00352207452134 0.0286476885628 0.0113440236643 0.0250108060183 0.0137235432171 -0.00181957905666 0.00321334043271 
0.0294262113823 0.0356700409423 0.00875331645483 0.0302655523476 0.0539169263631 0.032801320168 0.0295282613551 0.00510900061686 0.018298846351 0.384262733678 0.0129671787437 0.0294854897095 0.00580790216321 0.0222747067642 0.015692991185 0.0047448924071 0.0322046210146 0.0375155134344 0.0357526079734 0.0179632432253 0.0318789440825 0.032925767939 0.131994616221 0.0245076680359 0.034693682561 0.00666253005076 0.0151783697013 0.0143385890935 0.0356957791075 0.0140519594837 0.011088690183 0.0198821001712 0.0136124319235 0.039500640565 0.0627469183866 0.00930255546235 0.0273562668054 0.0110604274329 -0.0120034410275 0.0454815056694 
0.0161585758892 0.00339617043776 -0.00432962654479 0.00422870900975 0.014467288632 0.0339864156833 0.0194574700926 0.0177600535793 0.00519408101754 0.0129671787437 0.267157433295 0.00912118624096 0.00523083010804 0.0218197250971 0.0120894906326 0.00711935478633 0.0236592820609 0.0146506983514 0.0184798800268 0.0185019283548 0.020401459125 0.000274996708247 0.0125092519959 0.00736481813746 0.0146222943803 0.0308481466714 0.00982785394479 0.011883562475 0.0220488388929 0.000550752012156 -0.00697453323028 0.012094015145 0.0160633369286 -0.00138582444867 0.015643146992 0.00463284020573 0.0145545719787 0.0075894060594 -0.0133097831906 0.0116856046849 
0.0188351620132 0.00917382187474 -0.00308767251189 0.0113203017915 0.0174789341392 0.0187499238659 0.0238714578186 0.00496497386549 0.0180594086762 0.0294854897095 0.00912118624096 0.182590476471 0.013939016596 0.0115213573359 0.0126487576739 0.002409560052 0.013365919397 0.0336279877046 0.0248723501276 0.0231229139545 0.0129129145923 0.00403612172383 0.0157745910421 0.0200655658248 0.0369139184212 0.0125741302005 0.0305172610456 0.0230831484939 0.00447865139132 0.00126644452437 0.0062745719118 0.0250047845816 0.00463820607419 0.0113681023043 0.0184341849091 0.0179301026847 0.00293211540527 0.0097167119361 -0.00672877572251 0.0168211649501 
0.00838842858514 0.0125253888655 0.0203502199556 0.00717495356379 0.0136423816454 0.00445808578561 0.0188790910537 0.0271767379452 0.00969227467218 0.00580790216321 0.00523083010804 0.013939016596 0.377590577586 0.0242048287922 0.0658342123826 0.0469592275209 0.0013418353127 0.0149779887979 0.00730868440741 0.0162857733164 0.0329539322916 0.000734035299047 0.0071073846477 -0.000324886487309 0.0116169204881 0.00597442273598 0.0261330730694 0.0151034431615 0.00605915618106 0.00421508179537 -0.0140192666959 0.0151178020104 0.00138283976464 0.00254572309495 -0.00311510946463 0.00894881326971 0.016132041747 0.00355171385637 -0.0185228856264 0.0153860848733 
0.0265990027098 0.0103696750194 0.026912591118 0.00749743045196 0.0304878590933 0.0245232136808 0.0219925625875 0.0589660258258 0.0147423127245 0.0222747067642 0.0218197250971 0.0115213573359 0.0242048287922 0.231084698185 0.0216005148816 0.0220839537299 0.0195080923191 -0.00389777039899 0.00920333182058 0.0398214175718 0.0272179329248 0.0104019517271 0.00191701234381 0.0179115524045 0.000742627292636 0.0246406264815 0.0370425451273 0.0102114617168 0.0038098674436 0.0194366847749 0.0284790976177 0.00918230500786 -0.00200919838284 0.0135090746083 -0.00899933221137 0.0028298160368 0.00384395072847 0.0056862641002 0.0107952852125 0.037701749186 
0.0364420018194 0.00766909841394 0.00831423216873 -0.0169308078593 0.0361620111268 0.00970756746781 0.0324805259948 0.0252365984616 0.0338991944707 0.015692991185 0.0120894906326 0.0126487576739 0.0658342123826 0.0216005148816 0.200373124539 0.0193199793168 0.0164957455854 0.0144340708172 0.017172214391 0.035704270156 0.0528979191315 0.0160864552243 0.0123598104 0.0218649740752 0.0307000341422 0.00860307391318 0.00191227444558 0.0120325414326 0.0169144894027 0.0200295370397 -0.0047964819853 0.00875377551063 0.0112987049366 0.00828707125599 0.0254129473633 0.0126100952572 0.013494147152 0.013719958245 0.00584949728834 0.000976899066479 
0.0220083348411 0.00792968177067 0.00749901141141 0.0121160322986 0.0252419015491 0.0206649309489 0.0236456530697 0.00822758136623 0.0122129732035 0.0047448924071 0.00711935478633 0.002409560052 0.0469592275209 0.0220839537299 0.0193199793168 0.234076655124 0.0240018459947 -0.00393541278533 -0.00411544204561 0.0151402264699 0.0175779119072 0.00741325176149 0.0295191082259 0.00460915039659 3.55180817078e-05 0.00572191361369 0.00826476815295 0.0104284764472 0.0110400557496 0.018849570852 0.000373564886324 0.00763380683613 0.00142601309723 0.009713976432 -0.00517996632879 0.00457973955323 0.00936177834167 0.0106670333065 -0.00751593184546 0.0237486126329 
0.0194130980585 -0.00338549832302 0.00874839516266 0.0234546081054 0.0151517415315 -0.00877090412023 0.0440423253461 -0.00377811597018 0.00554390495831 0.0322046210146 0.0236592820609 0.013365919397 0.0013418353127 0.0195080923191 0.0164957455854 0.0240018459947 0.92790870047 0.0208867230962 0.0202366981827 0.0269396374466 0.00903394296283 0.0265463255105 0.014176652013 0.00702955082442 0.0230698414346 0.00744874724744 -0.00547394245687 0.025647444024 0.015516895903 -0.0270944497412 0.000728631563355 0.0183356836706 -0.0155077964935 0.00680535510143 -0.00457534477268 0.0101633300048 0.0168812405127 -0.000411166294407 0.0143752616679 0.0275770920057 
0.0146535931628 0.0368633149794 0.031426903729 0.0219308943837 0.0258066007717 0.0238847935486 0.0380544060504 0.00072404119835 0.0241037997683 0.0375155134344 0.0146506983514 0.0336279877046 0.0149779887979 -0.00389777039899 0.0144340708172 -0.00393541278533 0.0208867230962 0.453596834111 0.0417202232404 0.0399991027563 0.0317917662161 0.0461023742964 0.0605252403554 0.0181940017639 0.0804385141982 0.00419154884662 0.0372656384847 0.037465939569 0.0242334478375 0.0220730517703 0.031522357127 0.0546730862199 0.0219312666915 0.0273146976369 0.0279706579835 0.0241848135605 0.0135480871949 -0.000627170917152 0.00387648661049 0.0355385920441 
0.021616958312 0.0319834109742 0.0302918247093 0.0364227976927 0.16142179493 0.050503519139 0.034535512366 0.00513269343117 0.021809928275 0.0357526079734 0.0184798800268 0.0248723501276 0.00730868440741 0.00920333182058 0.017172214391 -0.00411544204561 0.0202366981827 0.0417202232404 0.488420648149 0.0422322194839 0.0335153136784 0.0503272565485 0.0257263957123 0.0239117055197 0.034910358187 0.0229678147018 0.07280387544 0.0409738982953 0.0763686998223 0.0254952138017 0.0875569473963 0.022516748107 0.024032076521 0.0148151280569 0.0632172400923 0.0409543164038 0.0109704651166 0.0042990918105 0.0175598949822 0.0106703932992 
0.021280041054 0.00971526219955 0.0129984572578 0.0256618453865 0.045659162995 0.0404532201283 0.0398245361749 0.0182512858036 0.0212749866035 0.0179632432253 0.0185019283548 0.0231229139545 0.0162857733164 0.0398214175718 0.035704270156 0.0151402264699 0.0269396374466 0.0399991027563 0.0422322194839 0.222346727687 0.0276833818084 0.0127115965356 0.02307921941 0.0216110039172 0.0303394479736 0.0163309148093 0.0248069026084 0.0196588537177 0.0137313461638 0.0235024885759 0.0251188687231 0.0174515541012 0.00453279813903 0.013102274932 0.00716116029356 0.00852617395063 0.0119498181599 0.0224181545746 -0.00201906962735 0.00262865586069 
0.0170183926437 0.013020149538 0.0031181338679 -0.00296900093584 0.0376416539413 0.0243405437783 0.0225108148665 0.0253995283762 0.0365944481724 0.0318789440825 0.020401459125 0.0129129145923 0.0329539322916 0.0272179329248 0.0528979191315 0.0175779119072 0.00903394296283 0.0317917662161 0.0335153136784 0.0276833818084 0.202701325492 0.021188399048 0.00698124829977 0.0162634080507 0.012996630981 0.00388491048957 0.0117642106813 0.0239691186902 0.023252629568 0.0171782158592 -0.0077347982596 0.00900479617843 0.0174516241831 0.0131892388263 0.0213939489071 0.0159647915034 0.0217624769434 0.00160858711198 0.00978729676101 -0.00411700699204 
0.0180925579895 0.0172773592088 0.0201222981553 0.0280725348519 0.0802673072187 0.0261411719398 0.011851543505 0.0206738572095 0.0146297240152 0.032925767939 0.000274996708247 0.00403612172383 0.000734035299046 0.0104019517271 0.0160864552243 0.00741325176149 0.0265463255105 0.0461023742964 0.0503272565485 0.0127115965356 0.021188399048 0.267266883193 0.0229212587221 0.015198750994 0.0183978504004 -0.00599557312242 0.028697407376 0.0175044234275 0.0103316401268 0.00731208522 0.0299831395669 0.00876639898115 0.0114010994935 0.0207531006767 0.0116334325004 0.0213134853114 0.0121037444774 -0.00803418429715 -0.00854178724613 0.00872381034054 
0.00930302972962 0.0636488538793 0.0108881239005 0.0260221917158 0.0589470903383 0.0230201630389 0.0492554345755 0.00961653052384 0.0060207144411 0.131994616221 0.0125092519959 0.0157745910421 0.0071073846477 0.00191701234381 0.0123598104 0.0295191082259 0.014176652013 0.0605252403554 0.0257263957123 0.02307921941 0.00698124829977 0.0229212587221 0.389406142953 0.0284102711325 0.0428348476307 0.0107823383173 0.0474288744216 0.0263137255754 0.0209272189074 0.0327872597862 0.0281638219612 -0.000632243205283 0.000114621769093 -0.00295621164683 0.0269775310288 0.0290635032384 0.00671316946768 0.00378638536555 -0.00761021306655 0.0337999561772 
0.0222379894564 0.0168055593409 0.00425030712709 0.0076395192102 0.00788421023136 0.0235046656556 0.0659135810598 0.0138046307777 0.0158914314159 0.0245076680359 0.00736481813746 0.0200655658248 -0.000324886487309 0.0179115524045 0.0218649740752 0.00460915039659 0.00702955082442 0.0181940017639 0.0239117055197 0.0216110039172 0.0162634080507 0.015198750994 0.0284102711325 0.227310440603 0.0225947426351 0.01823609375 0.00326867663333 0.0286208179646 0.0175231207071 0.0166986408506 0.0119396800059 0.00459697344262 0.0105402359977 0.00491865196761 0.0126666613506 0.0431140742651 0.00448026869019 0.0095295402775 -0.00677743193149 0.0148421083867 
0.0134929874234 0.0150344300058 0.0153590134065 0.0263215308105 0.0375705346881 0.0242282605082 0.0381350200096 0.017034605016 0.0130462830615 0.034693682561 0.0146222943803 0.0369139184212 0.0116169204881 0.000742627292634 0.0307000341422 3.55180817087e-05 0.0230698414346 0.0804385141982 0.034910358187 0.0303394479736 0.012996630981 0.0183978504004 0.0428348476307 0.0225947426351 0.391606924935 0.0035633321902 0.000734989893223 0.0325402970786 0.0674349685313 0.0653737825831 0.0271277085229 0.0412957246227 0.0308474580219 0.000119426841834 -0.0152874081678 0.0293954396797 0.021995582306 0.00306582304289 0.00779144486239 0.0385011509302 
-0.00372493064863 0.00356379902454 0.00576145487488 0.00877496350033 0.0107431843334 0.0121611359288 0.0162000534739 0.00704644795484 0.0120658784267 0.00666253005076 0.0308481466714 0.0125741302005 0.00597442273598 0.0246406264815 0.00860307391318 0.00572191361369 0.00744874724744 0.00419154884662 0.0229678147018 0.0163309148093 0.00388491048957 -0.00599557312242 0.0107823383173 0.01823609375 0.0035633321902 0.183638204228 0.0112491128435 0.00373456062173 0.0179951679714 0.00893457371236 0.0139964365511 0.0116685412704 0.00140471888104 0.0104052935006 0.00300540076832 0.0125478896893 0.00389960485992 0.0121083683659 -0.0146304770244 0.00129691463132 
0.00567859836885 -0.0025213355412 0.0306072173961 0.0253234010526 0.127126426138 0.0600593890861 0.0445363659087 0.0332726533763 0.00734840198251 0.0151783697013 0.00982785394479 0.0305172610456 0.0261330730694 0.0370425451273 0.00191227444558 0.00826476815294 -0.00547394245687 0.0372656384847 0.07280387544 0.0248069026084 0.0117642106813 0.028697407376 0.0474288744216 0.00326867663333 0.000734989893226 0.0112491128435 0.59872904251 -0.0133551692393 0.0165061148577 -0.00487041942746 0.120389875298 0.00388267313529 -0.0101336388954 -0.0067219922336 0.0172775318283 0.00853547770451 0.0297636365492 -0.000211911934049 -0.0158276850878 0.00872607131958 
0.032285368189 0.00542144901074 0.0109742755668 0.0203909862949 0.0444936865763 0.00307710458244 0.0366759095862 -0.000215886907198 0.0167857548289 0.0143385890935 0.011883562475 0.0230831484939 0.0151034431615 0.0102114617168 0.0120325414326 0.0104284764472 0.0256474440239 0.037465939569 0.0409738982953 0.0196588537177 0.0239691186902 0.0175044234275 0.0263137255754 0.0286208179646 0.0325402970786 0.00373456062173 -0.0133551692393 0.610681479872 0.0226966010581 0.036560759527 0.0137584914024 0.0228614310233 0.0209442372237 0.0240057828375 0.00761852988136 0.0353955957888 0.0127792537622 0.00983775103861 -0.0280433224653 0.0159171273311 
0.0248701155361 -4.57433307869e-05 -0.00144983479509 0.0406067390384 0.0371866641795 0.0413284580545 0.02282165784 0.00707693762571 0.0164688241927 0.0356957791075 0.0220488388929 0.00447865139132 0.00605915618106 0.0038098674436 0.0169144894027 0.0110400557496 0.015516895903 0.0242334478375 0.0763686998223 0.0137313461638 0.023252629568 0.0103316401268 0.0209272189074 0.0175231207071 0.0674349685313 0.0179951679714 0.0165061148578 0.0226966010581 0.47123792447 0.0230250546217 0.0347699546956 0.025757631406 0.00395261258609 -0.00178983143576 0.0697527170813 0.0233521488499 0.0382085928694 0.00469392957361 -0.00684152795236 0.012277903718 
0.00606836673299 0.0153635318887 -0.000812358110306 0.019722736804 0.0693234056957 0.0321336125801 0.0288631599065 -0.0021205623242 0.00554712597653 0.0140519594837 0.000550752012156 0.00126644452437 0.00421508179536 0.0194366847749 0.0200295370397 0.018849570852 -0.0270944497412 0.0220730517703 0.0254952138017 0.0235024885759 0.0171782158592 0.00731208522001 0.0327872597862 0.0166986408506 0.0653737825831 0.00893457371236 -0.00487041942746 0.036560759527 0.0230250546217 0.479561047602 0.0115641522641 0.030202940426 0.0112341389873 0.00308208118208 0.0663231248029 0.022991474916 0.018491129982 0.0117049034004 -0.0350579035312 0.0184790701682 
0.014261556117 0.0225420277858 0.0336991390234 0.0328248435752 0.119165023517 0.012433645824 -0.0170630742685 0.0440572211128 0.00553675978162 0.011088690183 -0.00697453323028 0.0062745719118 -0.0140192666959 0.0284790976177 -0.0047964819853 0.000373564886325 0.000728631563358 0.031522357127 0.0875569473963 0.0251188687231 -0.0077347982596 0.0299831395669 0.0281638219612 0.0119396800059 0.0271277085229 0.0139964365511 0.120389875298 0.0137584914024 0.0347699546956 0.0115641522641 0.466987974269 0.0124552865607 0.0140989640975 0.00354437226051 0.0283150851575 0.0190750214229 0.0119162306521 -0.00186299911273 -0.0180528817299 0.00392093108024 
0.0256270192057 0.0136279841162 0.0017361394406 0.0245720300729 0.01129352889 0.00471327838351 0.0197003387894 0.00789304128048 0.018376895913 0.0198821001712 0.012094015145 0.0250047845816 0.0151178020104 0.00918230500786 0.00875377551063 0.00763380683613 0.0183356836706 0.0546730862199 0.022516748107 0.0174515541012 0.00900479617843 0.00876639898115 -0.000632243205282 0.00459697344262 0.0412957246227 0.0116685412704 0.00388267313529 0.0228614310233 0.025757631406 0.030202940426 0.0124552865607 0.195123690165 -0.00831045468896 0.00025761850339 0.0136273659523 0.0130551378442 0.014622971115 0.00622583112216 -0.0114597894225 0.0246301125363 
-0.00165982471507 0.0161261233289 0.0225942701885 0.00511390018919 -0.00584634026299 0.00163729974382 0.00268973481734 -0.00948312779767 0.018414354859 0.0136124319235 0.0160633369286 0.00463820607419 0.00138283976464 -0.00200919838284 0.0112987049366 0.00142601309723 -0.0155077964935 0.0219312666915 0.024032076521 0.00453279813903 0.0174516241831 0.0114010994935 0.000114621769092 0.0105402359977 0.0308474580219 0.00140471888104 -0.0101336388954 0.0209442372237 0.00395261258609 0.0112341389873 0.0140989640975 -0.00831045468896 0.36785946138 0.00354285071298 -0.0102658908731 -0.00128154877741 -0.000444911450064 -0.00628933074833 0.00189816337623 -0.00142990773611 
0.021240847157 0.0139246267037 0.00648206167638 0.0161987469077 0.00591858985103 0.0192932151174 0.016736475738 0.00299329692939 0.00352207452134 0.039500640565 -0.00138582444867 0.0113681023043 0.00254572309495 0.0135090746083 0.00828707125599 0.009713976432 0.00680535510143 0.0273146976369 0.0148151280569 0.013102274932 0.0131892388263 0.0207531006767 -0.00295621164683 0.00491865196761 0.000119426841842 0.0104052935006 -0.0067219922336 0.0240057828375 -0.00178983143576 0.00308208118207 0.00354437226051 0.00025761850339 0.00354285071297 0.287512856673 0.0210845833391 0.0115634352787 0.00417541656935 0.00522745580132 -0.00325804682785 0.0266394693671 
-0.0186371938954 -0.000470797369348 -0.0198978855087 0.0248890490725 0.0384361835678 0.0349487092866 -0.0446132438337 -0.0133353755808 0.0286476885628 0.0627469183866 0.015643146992 0.0184341849091 -0.00311510946463 -0.00899933221137 0.0254129473633 -0.00517996632879 -0.00457534477269 0.0279706579835 0.0632172400923 0.00716116029356 0.0213939489071 0.0116334325004 0.0269775310288 0.0126666613506 -0.0152874081678 0.00300540076832 0.0172775318283 0.00761852988136 0.0697527170813 0.0663231248029 0.0283150851575 0.0136273659523 -0.0102658908731 0.0210845833391 2.27176909137 0.0314097798512 0.00897514205431 -0.00349858949917 -0.0287270634508 0.00253841628307 
0.00218360238676 0.00201187281701 0.0324349129471 0.0168236508013 0.011939507884 0.0040373037128 0.0234712587841 0.00961366175076 0.0113440236643 0.00930255546235 0.00463284020574 0.0179301026847 0.00894881326971 0.0028298160368 0.0126100952572 0.00457973955323 0.0101633300048 0.0241848135605 0.0409543164038 0.00852617395063 0.0159647915034 0.0213134853114 0.0290635032384 0.0431140742651 0.0293954396797 0.0125478896893 0.00853547770451 0.0353955957888 0.0233521488499 0.022991474916 0.0190750214229 0.0130551378442 -0.00128154877741 0.0115634352787 0.0314097798512 0.441591364825 0.0116678882899 0.00506626454897 -0.000693574191211 0.00560349095829 
0.00362067542746 0.0149352972927 -0.00955077610778 0.00532753326185 0.010321668075 0.024095436769 0.0135583078887 0.012183063062 0.0250108060183 0.0273562668054 0.0145545719787 0.00293211540527 0.016132041747 0.00384395072847 0.013494147152 0.00936177834167 0.0168812405127 0.0135480871949 0.0109704651166 0.0119498181599 0.0217624769434 0.0121037444774 0.00671316946768 0.00448026869019 0.021995582306 0.00389960485992 0.0297636365492 0.0127792537622 0.0382085928694 0.018491129982 0.0119162306521 0.014622971115 -0.000444911450064 0.00417541656935 0.00897514205431 0.0116678882899 0.291999808823 0.0191890910157 0.00269812288086 0.0216905851259 
0.00881075532747 0.0130805466538 -0.00357199004154 -0.00510984668458 0.0110292367702 0.00916843295225 0.00609716645573 0.00327113445753 0.0137235432171 0.0110604274329 0.0075894060594 0.0097167119361 0.00355171385637 0.0056862641002 0.013719958245 0.0106670333065 -0.000411166294407 -0.000627170917152 0.0042990918105 0.0224181545746 0.00160858711198 -0.00803418429715 0.00378638536555 0.0095295402775 0.00306582304289 0.0121083683659 -0.000211911934049 0.00983775103861 0.00469392957361 0.0117049034004 -0.00186299911273 0.00622583112216 -0.00628933074833 0.00522745580132 -0.00349858949917 0.00506626454897 0.0191890910157 0.133696006916 0.00116385832842 0.00200688948578 
0.00352891124774 -0.0160949006857 -0.0172502782004 -0.0024828961743 -0.0193673597901 0.0175449864252 0.00651569983733 2.08327320299e-05 -0.00181957905666 -0.0120034410275 -0.0133097831906 -0.00672877572251 -0.0185228856264 0.0107952852125 0.00584949728834 -0.00751593184546 0.0143752616679 0.00387648661049 0.0175598949822 -0.00201906962735 0.00978729676101 -0.00854178724613 -0.00761021306655 -0.00677743193149 0.00779144486239 -0.0146304770244 -0.0158276850878 -0.0280433224653 -0.00684152795236 -0.0350579035312 -0.0180528817299 -0.0114597894225 0.00189816337623 -0.00325804682785 -0.0287270634508 -0.000693574191211 0.00269812288086 0.00116385832842 4.09499349186 0.0152551746283 
0.0133383328361 0.01547013679 0.0338490242065 0.0144418754237 0.00685434574521 -0.000193711970303 0.0141700467455 0.0139695497503 0.00321334043271 0.0454815056694 0.0116856046849 0.0168211649501 0.0153860848733 0.037701749186 0.000976899066479 0.0237486126329 0.0275770920057 0.0355385920441 0.0106703932992 0.00262865586069 -0.00411700699204 0.00872381034054 0.0337999561772 0.0148421083867 0.0385011509302 0.00129691463132 0.00872607131957 0.0159171273311 0.012277903718 0.0184790701682 0.00392093108024 0.0246301125363 -0.00142990773612 0.0266394693671 0.00253841628307 0.00560349095829 0.0216905851259 0.00200688948578 0.0152551746283 0.309028020536 

['UST', 'BF.B', 'DYN', 'GR', 'FCX', 'GILD', 'BC', 'D', 'C', 'ALTR', 'ACV', 'GPC', 'SWY', 'PPL', 'CMA', 'BAX', 'GM', 'JWN', 'NUE', 'SPG', 'NCC', 'TIN', 'TXN', 'WMI', 'FD', 'CPB', 'VLO', 'DRI', 'EK', 'SBUX', 'WFT', 'WMT', 'TRB', 'IPG', 'TLAB', 'AW', 'MMC', 'PEP', 'RSH', 'EMC']