30
0.0210054402465 0.0678674292734 0.025657065471 0.0991765707177 0.0335346879574 0.0850489592031 0.022286409141 0.080285366307 0.0378384564622 0.00422555400052 0.112290577846 0.0604038345904 0.0765601453803 0.0313696733512 0.0267965440056 0.0782010317916 0.0367752030525 0.148705689344 0.0155341374053 0.026417897889 0.0545718905582 0.0248078828137 0.0933125666969 0.0273717205438 0.0316848802341 0.0331056926512 0.0270240384822 0.0304536481296 0.0270000307956 0.0354646018646 
0.133816141531 0.00637579743162 0.00957015323886 0.00866511108001 0.0124828128946 0.0105685263232 0.00358506719814 0.00886718210125 0.0116517378291 0.00680296435294 -0.00633968326606 0.000668895313092 0.0062323793163 0.000641049192738 0.00635711000828 0.00117586916925 -6.28318142946e-05 0.00533020051296 0.00496458756292 -0.00176835546976 0.00814326125347 0.0133166483762 0.0183430784456 0.00824394247948 0.0105568062428 0.0112393068364 0.0260575866631 0.0168563716504 0.00623468438295 0.0114459490792 
0.00637579743162 0.40982161386 0.0249937006199 -0.0103379106053 0.00165353428695 0.029049827404 0.023702940331 0.03958934208 0.0163764763845 0.0523017697678 0.0418457065075 0.052183170961 0.0357272834143 0.024930519928 0.0330504136995 0.0458179386903 0.0251528228682 0.0236983595202 0.0160339321431 0.0275344098104 0.0084666091971 0.0173093111463 -0.00441530125982 0.0223730832836 0.0200233927688 0.0201257744478 0.0134903930643 0.0322335524606 0.0384486481806 0.00189152316172 
0.00957015323886 0.0249937006199 0.183647917337 0.0104679241668 0.0336497177021 0.0215147572657 0.00567962366232 0.0269723755066 0.00857074065077 0.0111251463434 0.0179331981144 0.016541263251 0.0236629555354 0.0273589176135 0.0498142718859 0.0165192139463 0.037800562357 0.0156001911076 0.0101787273346 0.0177149571434 0.0255779040304 0.0201769990318 0.0144706144332 0.00501705774253 0.0325839702442 0.0214263843203 0.0402874372951 0.0559530469979 0.0326952948897 0.0136141041438 
0.00866511108001 -0.0103379106053 0.0104679241668 0.642731730439 -0.00422332995919 0.00345289989968 0.00339932225084 -0.0194539897023 0.000762638761196 -0.0137350219835 0.00986780665265 -0.0239902734122 0.0200706538021 0.0159390106972 0.00558661838317 0.00587595648728 0.00760966420951 0.0221597904011 -0.000681744072916 -0.0122900669172 -0.00338617524955 -0.00029401780875 -0.00634051522418 0.0105201305083 0.0043824533671 0.0114361513071 -0.000787068733293 0.0139243349156 0.00168199924459 0.0079164250247 
0.0124828128946 0.00165353428695 0.0336497177021 -0.00422332995919 0.236890111089 0.0175336161609 0.00890516672292 0.00332030248925 0.0252157839164 0.0230203177531 0.00935277820215 0.00755968367647 0.0110040844169 0.0140263307034 0.0064452144649 0.0453476193333 0.0202010250295 0.0136038668183 0.00158014659159 0.00929324122074 0.0364887374219 0.01247276154 -0.000967088118117 0.0104428657313 0.0074127499881 0.0129961113791 0.00207153660545 0.00441159605509 0.0143858752415 0.00708421132301 
0.0105685263232 0.029049827404 0.0215147572657 0.00345289989968 0.0175336161609 0.724743879216 0.00799656348975 0.027966861653 0.0127588742074 -0.000839256825911 0.0654556119014 0.00803993648678 0.0309225966641 -0.00262203024807 0.00496919576272 0.0486291520272 0.019441339779 0.059466845483 0.00314772372287 0.0343919764657 0.0203866909117 0.00491035672427 0.0188032313724 0.00708854440792 0.0345021139398 0.0180707307664 0.0400212024907 0.015851824345 0.0149371612038 0.0118839736115 
0.00358506719814 0.023702940331 0.00567962366232 0.00339932225084 0.00890516672292 0.00799656348975 0.248930484735 0.0270193137091 -0.00307177994653 0.0045467975534 0.0223254429822 0.0085503963316 0.00636350251643 -0.00346469084481 0.000798766166656 0.0133920960595 0.00652096698189 0.00109262601938 0.0155064557709 0.00530344359518 0.0107359636255 0.00291483358008 -0.00756368688788 0.00932716387233 0.0110184754996 -0.000276540697512 0.000715354359363 0.020555677185 0.00236858052901 -0.00157365806167 
0.00886718210125 0.03958934208 0.0269723755066 -0.0194539897023 0.00332030248925 0.027966861653 0.0270193137091 0.440220712814 0.0213099943787 0.0110252951871 0.0261824831622 0.025846328814 0.0403804794335 0.0277633423293 0.0170114255959 0.0309580333758 0.00954120589539 0.0249256814473 0.0167818385774 0.0463718358935 0.0146856880569 0.0125484549977 0.00346489433024 0.0315664008195 0.021469482133 0.0117935609725 0.00666342338848 0.0248841700648 0.0243013693615 0.0170212688476 
0.0116517378291 0.0163764763845 0.00857074065077 0.000762638761197 0.0252157839164 0.0127588742074 -0.00307177994653 0.0213099943787 0.467474852889 0.0512883830503 0.0589784124901 0.00473125446771 -0.0207135095628 -0.00781322813269 0.0247126290224 0.0156669615114 0.0139038044158 0.00398511160247 0.00796913290421 -0.00690883140045 0.01063793063 0.0109563793944 0.0265040656733 0.0201626685328 0.00197086193466 0.0186363355695 -0.00378499275731 0.0284870672548 0.0153063500969 0.00254205610723 
0.00680296435294 0.0523017697678 0.0111251463434 -0.0137350219835 0.0230203177531 -0.000839256825911 0.0045467975534 0.0110252951871 0.0512883830503 0.271912464315 0.0358512239492 0.0268699701889 0.0071634926337 0.0149954103022 0.0187932182342 0.0119186911793 0.00578575655893 0.0131860724488 0.0255555019746 0.0230588046007 0.00493037804376 0.0124428508489 0.00323804378405 0.00579463974396 0.0365689004985 0.0167814998758 0.00329094093659 0.0335629120399 0.0202807910034 0.00509839022312 
-0.00633968326606 0.0418457065075 0.0179331981144 0.00986780665266 0.00935277820215 0.0654556119014 0.0223254429822 0.0261824831622 0.0589784124901 0.0358512239492 0.500393160575 0.0472273282658 0.070750799484 0.0253142956628 0.00531642442181 0.0437945673688 -0.000786815773194 0.0326495586204 0.027585811836 0.043857613189 0.0429847315038 0.0208016099024 0.00447652044905 0.0340504322981 0.025233786457 0.0437444444187 -0.00749839707651 0.0170105043 0.0315600474387 0.0252055250263 
0.000668895313092 0.052183170961 0.016541263251 -0.0239902734122 0.00755968367647 0.00803993648678 0.0085503963316 0.025846328814 0.00473125446771 0.0268699701889 0.0472273282658 0.28340879938 0.0480221851504 0.0244892971459 0.00973757179423 0.0269478309508 0.0208880902252 0.066464836101 0.0129193841382 0.0498356210798 0.0132960494776 0.0125259116996 0.00619012886657 0.038428194773 0.0294280747137 0.0140117827239 0.0141539838218 0.0153223184884 0.0343054530706 -0.00544791845595 
0.0062323793163 0.0357272834143 0.0236629555354 0.0200706538021 0.0110040844169 0.0309225966641 0.00636350251643 0.0403804794335 -0.0207135095628 0.0071634926337 0.070750799484 0.0480221851504 0.341200051554 0.0133979066592 0.0367188357853 0.0241805116592 0.00858363331271 0.036483447217 0.0273236589459 0.0232145767677 0.0171110071398 0.0194878302074 0.0288015554507 0.0287041432124 0.024137331056 0.0121197231659 0.0183939313251 0.0125460211833 0.0373793542403 0.00458842560328 
0.000641049192738 0.024930519928 0.0273589176135 0.0159390106972 0.0140263307034 -0.00262203024807 -0.00346469084481 0.0277633423293 -0.00781322813269 0.0149954103022 0.0253142956628 0.0244892971459 0.0133979066592 0.181466894513 0.0168485203655 0.00813308223271 0.0156537158715 0.0194290551389 0.0171849965902 0.0191685762539 0.0241830298665 0.0111365448755 0.000659373681062 0.0209290348304 0.0149726428042 0.0247147373065 0.0141150788425 0.0229806009444 0.024754380581 0.0125795141889 
0.00635711000828 0.0330504136995 0.0498142718859 0.00558661838317 0.0064452144649 0.00496919576272 0.000798766166656 0.0170114255959 0.0247126290224 0.0187932182342 0.00531642442181 0.00973757179423 0.0367188357853 0.0168485203655 0.172517397223 0.010104714807 0.0254930498833 0.0224252454486 0.024945297408 0.0143842275837 0.0189951530611 0.00876135550346 0.0139344719509 0.011661619506 0.020643060573 0.0284662899099 0.0239365467931 0.0508115660179 0.0152178448214 0.0200323188325 
0.00117586916925 0.0458179386903 0.0165192139463 0.00587595648728 0.0453476193333 0.0486291520272 0.0133920960595 0.0309580333758 0.0156669615114 0.0119186911793 0.0437945673688 0.0269478309508 0.0241805116592 0.00813308223271 0.010104714807 0.393833713544 0.0220183353068 0.036419373025 0.00774442438335 0.0293626010532 0.0149446682934 0.023757377249 0.0120136018511 0.0159562850449 0.0180875050706 0.018976550256 0.0136556672389 0.0264715514096 0.0186288443423 0.00830947426885 
-6.28318142947e-05 0.0251528228682 0.037800562357 0.00760966420951 0.0202010250295 0.019441339779 0.00652096698189 0.00954120589539 0.0139038044158 0.00578575655893 -0.000786815773194 0.0208880902252 0.00858363331271 0.0156537158715 0.0254930498833 0.0220183353068 0.261037926966 0.0184184233361 0.026950716764 0.0108937469841 0.00503277347913 0.0076855713739 -0.00371754580541 0.0173558706913 0.0129119795806 0.0104841691187 0.00936727706087 0.0185690867679 0.020455221474 -0.00460614444899 
0.00533020051296 0.0236983595202 0.0156001911076 0.0221597904011 0.0136038668183 0.059466845483 0.00109262601938 0.0249256814473 0.00398511160248 0.0131860724488 0.0326495586204 0.066464836101 0.036483447217 0.0194290551389 0.0224252454486 0.036419373025 0.0184184233361 0.648677095878 0.00214899330009 0.0288923156104 0.00108308354724 0.00658301853177 0.010926423777 0.0320490231577 0.0319893324284 0.0218971936464 0.0149643966828 0.0130419102341 0.0342465633091 0.00641997055301 
0.00496458756292 0.0160339321431 0.0101787273346 -0.000681744072916 0.00158014659159 0.00314772372287 0.0155064557709 0.0167818385774 0.00796913290421 0.0255555019746 0.027585811836 0.0129193841382 0.0273236589459 0.0171849965902 0.024945297408 0.00774442438335 0.026950716764 0.00214899330009 0.186864972169 -0.00148227037398 0.00176173731335 0.00543385327343 -0.00728078028743 0.00393269843014 0.00479703127942 -0.00119069839248 0.0205630650414 0.0167466960325 0.000308396629569 0.00590450089103 
-0.00176835546976 0.0275344098104 0.0177149571434 -0.0122900669172 0.00929324122074 0.0343919764657 0.00530344359518 0.0463718358935 -0.00690883140045 0.0230588046007 0.043857613189 0.0498356210798 0.0232145767677 0.0191685762539 0.0143842275837 0.0293626010532 0.0108937469841 0.0288923156104 -0.00148227037398 0.271338076602 0.00734992996028 0.0578988720893 0.00267022000334 0.0132254121303 0.0280692669036 0.0147923050739 0.00816496133785 0.0250892147459 0.0195817576923 -0.000801060693346 
0.00814326125347 0.0084666091971 0.0255779040304 -0.00338617524955 0.0364887374219 0.0203866909117 0.0107359636255 0.0146856880569 0.01063793063 0.00493037804376 0.0429847315038 0.0132960494776 0.0171110071398 0.0241830298665 0.0189951530611 0.0149446682934 0.00503277347913 0.00108308354724 0.00176173731335 0.00734992996029 0.287940836381 0.0157899202385 -0.000411268331656 0.0154467437461 0.0178911367261 0.0432721412076 0.0214390477417 0.0233738262818 0.00326265410453 0.0568956431408 
0.0133166483762 0.0173093111463 0.0201769990318 -0.00029401780875 0.01247276154 0.00491035672427 0.00291483358008 0.0125484549977 0.0109563793944 0.0124428508489 0.0208016099024 0.0125259116996 0.0194878302074 0.0111365448755 0.00876135550346 0.023757377249 0.0076855713739 0.00658301853177 0.00543385327343 0.0578988720893 0.0157899202385 0.211605333111 0.00658113243871 0.0205133918539 0.0180644115401 0.0129039366376 0.0119041779146 0.015189005872 0.022359148359 0.00263588515545 
0.0183430784456 -0.00441530125982 0.0144706144332 -0.00634051522418 -0.000967088118117 0.0188032313724 -0.00756368688788 0.00346489433024 0.0265040656733 0.00323804378405 0.00447652044905 0.00619012886657 0.0288015554507 0.000659373681062 0.0139344719509 0.0120136018511 -0.00371754580541 0.010926423777 -0.00728078028743 0.00267022000334 -0.000411268331656 0.00658113243871 1.00033699457 0.0183664661154 -0.00419335286865 0.011870936842 0.0217415399611 0.0206282287086 0.0224345874546 0.0112230515205 
0.00824394247948 0.0223730832836 0.00501705774253 0.0105201305083 0.0104428657313 0.00708854440792 0.00932716387233 0.0315664008195 0.0201626685328 0.00579463974396 0.0340504322981 0.038428194773 0.0287041432124 0.0209290348304 0.011661619506 0.0159562850449 0.0173558706913 0.0320490231577 0.00393269843014 0.0132254121303 0.0154467437461 0.0205133918539 0.0183664661154 0.242186691027 0.0193246389143 0.0159733942952 0.0194291491793 0.0163575432138 0.0139844059608 0.00848589453888 
0.0105568062428 0.0200233927688 0.0325839702442 0.0043824533671 0.0074127499881 0.0345021139398 0.0110184754996 0.021469482133 0.00197086193466 0.0365689004985 0.025233786457 0.0294280747137 0.024137331056 0.0149726428042 0.020643060573 0.0180875050706 0.0129119795806 0.0319893324284 0.00479703127942 0.0280692669036 0.0178911367261 0.0180644115401 -0.00419335286865 0.0193246389143 0.170633820758 0.0180951135878 0.0238888017529 0.0323777128688 0.024775395569 0.0164244978973 
0.0112393068364 0.0201257744478 0.0214263843203 0.0114361513071 0.0129961113791 0.0180707307664 -0.000276540697512 0.0117935609725 0.0186363355695 0.0167814998758 0.0437444444187 0.0140117827239 0.0121197231659 0.0247147373065 0.0284662899099 0.018976550256 0.0104841691187 0.0218971936464 -0.00119069839248 0.0147923050739 0.0432721412076 0.0129039366376 0.011870936842 0.0159733942952 0.0180951135878 0.217645854519 0.0115632183213 0.0278725317235 0.0145587821496 0.051497270394 
0.0260575866631 0.0134903930643 0.0402874372951 -0.000787068733293 0.00207153660545 0.0400212024907 0.000715354359363 0.00666342338848 -0.00378499275731 0.00329094093659 -0.00749839707651 0.0141539838218 0.0183939313251 0.0141150788425 0.0239365467931 0.0136556672389 0.00936727706087 0.0149643966828 0.0205630650414 0.00816496133785 0.0214390477417 0.0119041779146 0.0217415399611 0.0194291491793 0.0238888017529 0.0115632183213 0.228155806078 0.0285403926237 0.0065864652054 -0.000317581011512 
0.0168563716504 0.0322335524606 0.0559530469979 0.0139243349156 0.00441159605509 0.015851824345 0.020555677185 0.0248841700648 0.0284870672548 0.0335629120399 0.0170105043 0.0153223184884 0.0125460211833 0.0229806009444 0.0508115660179 0.0264715514096 0.0185690867679 0.0130419102341 0.0167466960325 0.0250892147459 0.0233738262818 0.015189005872 0.0206282287086 0.0163575432138 0.0323777128688 0.0278725317235 0.0285403926237 0.218217829599 0.0207080177484 0.0250460947897 
0.00623468438295 0.0384486481806 0.0326952948897 0.00168199924459 0.0143858752415 0.0149371612038 0.00236858052901 0.0243013693615 0.0153063500969 0.0202807910034 0.0315600474387 0.0343054530706 0.0373793542403 0.024754380581 0.0152178448214 0.0186288443423 0.020455221474 0.0342465633091 0.000308396629569 0.0195817576923 0.00326265410453 0.022359148359 0.0224345874546 0.0139844059608 0.024775395569 0.0145587821496 0.0065864652054 0.0207080177484 0.226738573002 0.00792598235911 
0.0114459490792 0.00189152316172 0.0136141041438 0.0079164250247 0.00708421132301 0.0118839736115 -0.00157365806167 0.0170212688476 0.00254205610723 0.00509839022312 0.0252055250263 -0.00544791845595 0.00458842560328 0.0125795141889 0.0200323188325 0.00830947426885 -0.00460614444899 0.00641997055301 0.00590450089103 -0.000801060693346 0.0568956431408 0.00263588515545 0.0112230515205 0.00848589453888 0.0164244978973 0.051497270394 -0.000317581011512 0.0250460947897 0.00792598235911 0.20455255738 

['PEP', 'FD', 'BBT', 'MYL', 'BAX', 'EBAY', 'NKE', 'HPC', 'DJ', 'NYT', 'NE', 'ROK', 'MOLX', 'NOC', 'KEY', 'MOT', 'ABT', 'MU', 'MDP', 'MWV', 'PEG', 'MMM', 'GT', 'TYC', 'PFG', 'SRE', 'FRE', 'FHN', 'ITW', 'PCG']