20
0.140066530531 0.0933125666969 0.0733521468466 0.0151091702759 0.0341115490789 0.142835786571 0.023795453615 0.0597094198611 0.0218855159469 0.0487859931196 0.0132097716294 0.0266110290159 0.0832698050771 0.0472748306646 0.0262343191133 0.22311845274 0.169485482474 0.0448147494519 0.025657065471 0.0672535079153 
1.45672934967 0.0115855185965 0.0143452689674 0.013460418956 0.0293761522708 0.0181086732633 0.0227905688081 0.0233870324689 -0.00584211173773 0.038493248973 0.016237147652 0.0207733606114 0.0244580191193 0.000417931542229 0.00462232371315 0.0489995041002 0.0290918690247 0.0298607435924 0.0155232747668 0.0226976260884 
0.0115855185965 1.00193926088 0.00432712153958 0.00968359126505 -0.00846738081349 -0.00106221798689 0.00640783527198 -0.00118244546954 -0.000361377268304 0.00460113282244 0.0071210601677 -0.0116524921215 5.14985748648e-05 0.00693964861536 0.0168498646599 0.0217854207785 -0.016464006896 -0.0080576930904 0.0175623146151 -0.000322727775695 
0.0143452689674 0.00432712153958 0.448966479686 0.02259354557 0.00102530479019 0.01686276393 0.0293780676761 0.00367940927294 0.0120417660757 0.0224986405254 -0.00306487436466 0.042333518451 0.0168955116472 0.0328069836807 0.0313835364103 -0.00407988345226 0.0203601909792 0.0162268000135 0.0258630761425 0.0293904806807 
0.013460418956 0.00968359126505 0.02259354557 0.163268910827 0.00830842862955 0.00536658212684 0.0123793256468 -0.00161910156636 0.0164315569434 0.0215795267507 0.0204238759537 0.0277168837797 0.0147326507432 0.0127486417573 0.0170291157664 -0.00107390395973 0.0144602246005 -0.000113310806094 0.0260282079288 0.0312162322024 
0.0293761522708 -0.00846738081349 0.00102530479019 0.00830842862955 0.233071318887 0.0167620906804 0.0109641743523 0.0080115416745 0.00781148222528 0.0188161322159 0.0172986255167 0.00769965553209 0.0142273847422 0.00619010329071 0.0241491206827 0.0253587243593 0.0108251388702 0.0161445442788 0.0191041252823 0.00919879733137 
0.0181086732633 -0.00106221798689 0.01686276393 0.00536658212684 0.0167620906804 1.2545277333 0.0132689838056 0.00639252331605 0.00785247893139 0.0418355474733 0.0104084208201 0.00323896721548 0.000267273062379 0.00708653968409 0.0117691703054 0.0310486056716 -0.00169796665883 0.0252136978956 0.0090975172009 0.0203198889295 
0.0227905688081 0.00640783527198 0.0293780676761 0.0123793256468 0.0109641743523 0.0132689838056 0.199771481609 0.00939333337304 0.0119406842871 0.0168739283111 0.00649798803772 0.0334997093722 0.0424242795188 0.00933392903481 0.0273769541079 0.0125304914562 0.0217894844218 0.00428006001471 0.0207489488747 0.0161951195076 
0.0233870324689 -0.00118244546954 0.00367940927293 -0.00161910156636 0.0080115416745 0.00639252331605 0.00939333337304 0.40943416859 -0.0014530028434 -0.00583400101142 0.0165742455025 0.0334758948875 -0.00263945288121 0.00369059463527 0.0270273567204 0.0387862727621 0.00392856307853 0.0152429852716 0.0278549136646 0.030619187137 
-0.00584211173773 -0.000361377268304 0.0120417660757 0.0164315569434 0.00781148222528 0.00785247893139 0.0119406842871 -0.0014530028434 0.168302663394 0.00130400943417 0.00722522831164 0.00215353004281 0.0127233033144 0.00463442336287 0.0130114383461 0.00361014184265 0.0134576447152 0.0062955568525 0.0160689700157 0.0198100920661 
0.038493248973 0.00460113282244 0.0224986405254 0.0215795267507 0.0188161322159 0.0418355474733 0.0168739283111 -0.00583400101142 0.00130400943417 0.457228071471 0.0125661755522 0.0244771064421 0.0243499189385 0.00439030856746 0.0400885928182 0.0132049230297 0.0288549928489 0.00437685854361 0.0238517967154 0.0271941148756 
0.016237147652 0.0071210601677 -0.00306487436466 0.0204238759537 0.0172986255167 0.0104084208201 0.00649798803772 0.0165742455025 0.00722522831164 0.0125661755522 0.176105139984 0.0278543537631 0.0103304994928 0.0104299724719 0.0120321257902 0.020144568008 0.015337740077 0.00419337463672 0.0221619218303 0.0220662808612 
0.0207733606114 -0.0116524921215 0.042333518451 0.0277168837797 0.00769965553209 0.00323896721548 0.0334997093722 0.0334758948875 0.00215353004281 0.0244771064421 0.0278543537631 0.29063403075 0.0254035991162 0.0107575128131 0.0210262394635 0.0179486925247 -0.000325104612201 0.0330304029564 0.0233657072151 0.0114727138208 
0.0244580191193 5.14985748646e-05 0.0168955116472 0.0147326507432 0.0142273847422 0.000267273062379 0.0424242795188 -0.00263945288121 0.0127233033144 0.0243499189385 0.0103304994928 0.0254035991162 0.422437794844 -0.00362281304818 -0.000315152663779 0.0522860908515 0.0487281663813 -0.00206894026707 0.0181822222435 0.00797041862634 
0.000417931542229 0.00693964861536 0.0328069836807 0.0127486417573 0.00619010329071 0.00708653968409 0.00933392903481 0.00369059463527 0.00463442336287 0.00439030856746 0.0104299724719 0.0107575128131 -0.00362281304818 0.357723247542 0.00396294924618 -0.00764195313265 -0.00266815042217 0.0127476209919 0.057370573213 0.0202295141881 
0.00462232371315 0.0168498646599 0.0313835364103 0.0170291157664 0.0241491206827 0.0117691703054 0.0273769541079 0.0270273567204 0.0130114383461 0.0400885928182 0.0120321257902 0.0210262394635 -0.000315152663779 0.00396294924618 0.193994752971 0.0214006416109 0.00649158754195 0.0201893462428 0.0636825923083 0.0334170123395 
0.0489995041002 0.0217854207785 -0.00407988345226 -0.00107390395973 0.0253587243593 0.0310486056716 0.0125304914562 0.0387862727621 0.00361014184265 0.0132049230297 0.020144568008 0.0179486925247 0.0522860908515 -0.00764195313265 0.0214006416109 0.924433643525 0.0247205919138 0.0317221566984 0.0143691156516 0.0838574212512 
0.0290918690247 -0.016464006896 0.0203601909792 0.0144602246005 0.0108251388702 -0.00169796665883 0.0217894844218 0.00392856307853 0.0134576447152 0.0288549928489 0.015337740077 -0.000325104612201 0.0487281663813 -0.00266815042217 0.00649158754195 0.0247205919138 0.682149016362 0.0383452568441 0.0121675848736 0.0135801192031 
0.0298607435924 -0.0080576930904 0.0162268000135 -0.000113310806094 0.0161445442788 0.0252136978956 0.00428006001471 0.0152429852716 0.0062955568525 0.00437685854361 0.00419337463672 0.0330304029564 -0.00206894026707 0.0127476209919 0.0201893462428 0.0317221566984 0.0383452568441 0.473036329677 0.023137229652 0.00921113180179 
0.0155232747668 0.0175623146151 0.0258630761425 0.0260282079288 0.0191041252823 0.0090975172009 0.0207489488747 0.0278549136646 0.0160689700157 0.0238517967154 0.0221619218303 0.0233657072151 0.0181822222435 0.057370573213 0.0636825923083 0.0143691156516 0.0121675848736 0.023137229652 0.193524343237 0.0352705400179 
0.0226976260884 -0.000322727775695 0.0293904806807 0.0312162322024 0.00919879733137 0.0203198889295 0.0161951195076 0.030619187137 0.0198100920661 0.0271941148756 0.0220662808612 0.0114727138208 0.00797041862634 0.0202295141881 0.0334170123395 0.0838574212512 0.0135801192031 0.00921113180179 0.0352705400179 0.358286608188 

['NAV', 'GT', 'CVH', 'KMB', 'CTL', 'THC', 'ETR', 'CPWR', 'GIS', 'BMET', 'IBM', 'AMGN', 'APC', 'DGX', 'MI', 'AMD', 'ADM', 'BSX', 'BBT', 'LTD']