40
0.0711634289065 0.0246645675501 0.0270240384822 0.0896788789081 0.0442230302855 0.0179151897049 0.251790956204 0.0362094771936 0.0743289823458 0.0538205376978 0.0572050688987 0.0429032651101 0.0412963652708 0.0260517267587 0.0770368317024 0.041097516798 0.0263662592882 0.0788996306534 0.00873698993333 0.135299445153 0.0631385093148 0.0340754658053 0.0722101641432 0.0911559741232 0.0191748751409 0.018453974145 0.0218855159469 0.0436219100546 0.185879968849 0.127416862275 0.0752984700253 0.10135047428 0.102128665084 0.0446705301477 0.037496284255 0.0604038345904 0.164482556217 0.0502759777883 0.0314738433907 0.0715007016099 
0.556605147775 0.0196351358612 0.0189381868408 0.0281540501412 0.0181222444505 0.00371114832068 0.318975391395 0.0147350311448 0.0126585023925 0.00713432957056 0.0171981393962 0.00796633212628 0.0054529119164 0.00914891111278 -0.00589082756087 0.0123389826154 -0.000662981325146 0.0132430734984 0.00358845802408 0.00678492346978 -0.0123445722647 0.00285387294218 -0.000116815355984 0.0260874109006 0.0120583955887 -0.014347618367 0.000349258097559 0.00145948365048 0.0118616899911 0.0256222701689 0.0130425275536 0.00827379964707 -0.00167663694633 0.000381644801829 0.00895856976575 -0.00428610617506 -0.00700199327243 -0.000823980147623 -0.00695048470006 -0.0017280589138 
0.0196351358612 0.167128596948 0.0316592374567 0.0251176077158 0.00948338372305 0.0145699805461 -0.0012684989516 0.0190747734238 0.0368445958236 0.0527110333034 0.0209118905852 0.0150758105997 0.00992815045311 0.0145394898362 0.00317125550113 0.0364779935063 0.0311034053917 0.000630119889965 0.0092210676368 0.00675559017627 0.00268505576982 0.0171195701283 0.0132273221983 0.0140409300509 0.0307264747369 0.0134286746233 0.00987290224272 0.0499888291898 0.0112908174952 0.0128569648118 0.0105606812466 0.0269740972064 0.0029973099973 0.0106155260814 0.0266573686657 0.00813667400493 -0.00158247790126 0.0204516221386 0.0163076636733 0.0038375331988 
0.0189381868408 0.0316592374567 0.223835349516 0.0159059545379 0.0127659544516 0.00104829947645 0.0190874632093 0.0164080952739 0.0255223034281 0.0356620414645 0.00404037456829 0.00406488204672 0.0165689436049 0.0121091662258 -7.47184803277e-05 0.0151591962982 0.0217026832444 0.0077374791234 0.0103788272119 -0.010547030372 0.0180318993498 0.0011331030455 0.0106430787443 0.0151510669049 0.0298257382097 0.0113091760486 0.0167037840188 0.0358777928105 0.0137294677787 -0.00708789509924 0.0119995287005 0.0205281468728 0.010094216598 0.0138809450065 0.0115658534884 0.0109132938757 -0.00728021467581 0.00429784926146 0.0310612791327 0.00854568748428 
0.0281540501412 0.0251176077158 0.0159059545379 0.540065974952 0.0290591101235 0.00401866744021 0.0882508190516 0.0223014336755 0.0366471056367 0.0296311254361 0.0187911746214 0.038444929991 -0.00292282208953 0.00983284328988 0.0169116538184 0.00977254373713 0.0256003714334 -0.00407546481023 0.0142063606308 0.0363957649974 0.0427579205418 0.00640371462522 -0.00574370729246 0.00950688750294 0.0187767170874 0.0148329380762 0.0023194264224 0.0437756139497 0.034639309125 0.0196561504795 0.0101896737926 0.103932638488 0.0762459714938 0.0573008322865 0.0187865568515 0.0184009736374 0.0125331041641 0.0177595658517 0.032685239436 0.0229847646014 
0.0181222444505 0.00948338372305 0.0127659544516 0.0290591101235 0.194374920579 0.00242199161933 0.00882026818518 0.0360649384176 0.0590099827978 0.0360383348019 0.0142400532534 0.0317371003664 0.0149361433432 0.0284606749989 0.00892405279309 0.0153009669424 0.0266480112599 0.0116918717942 0.0142662749823 0.0279289319097 0.0198564505818 0.0222168039166 0.0239826546734 0.0337518633341 0.0326666734311 0.026115739575 -0.000459369396704 0.0218104962708 0.0449121821079 0.0335958476395 0.0275929517353 0.0423359832581 0.0181685711945 0.0119165805348 0.0293452903335 0.0364907284136 -0.00548150227967 0.0179163706911 0.014019814811 0.00795054747795 
0.00371114832068 0.0145699805461 0.00104829947645 0.00401866744021 0.00242199161933 0.313442124022 0.00905569123151 0.0107384824076 0.0147891306388 0.0064307085389 0.00590640064149 0.00225032718316 0.0265538308153 0.0142362737888 0.000946980248667 0.0157286514765 0.0149579313755 0.0174454619472 0.0142419209452 0.00840856835864 0.0112030723438 0.00804714770619 0.0178340574082 0.00601006311747 0.0182275334986 0.0123553817427 0.00475647653069 0.0027915244818 0.0241753404436 0.0162824062266 0.0112939998293 0.00385836716929 -0.00360549344265 0.0167002600675 0.0151547078261 0.0161245915188 0.00272854483153 0.0135745840892 -0.00117151252215 0.0114099084996 
0.318975391395 -0.0012684989516 0.0190874632093 0.0882508190516 0.00882026818518 0.00905569123151 2.04853975643 -0.0017965714772 0.0132430881066 0.00976367130687 0.00551924335704 -0.00356254328003 -0.00157414904433 0.0244107346877 0.0359078869089 -0.00647072613522 0.0235830870368 0.011449370233 0.0197943468693 0.0145614391754 0.032950546779 -0.00331939674728 0.00604259190763 0.132822442116 0.000462197045529 0.0126269761424 0.0138071154208 0.00880356082564 0.0850614491675 0.0301393107071 0.0160994937786 0.00753363021345 0.0560640498662 0.0384775674148 -0.00322099202263 0.006807544611 0.00608943520828 -0.0161398567497 0.00390894662983 0.0638698029344 
0.0147350311448 0.0190747734238 0.0164080952739 0.0223014336755 0.0360649384176 0.0107384824076 -0.0017965714772 0.247543228143 0.0485960391887 0.0290745785698 0.0073090216758 0.0249569494292 0.00970822559654 0.012340526705 0.00383470213447 0.00599455942609 0.0301177331345 0.00996977908422 0.00557487707835 0.00507590213569 -0.00581015676415 -0.00142238564687 0.0162739549226 0.0218812448586 0.01851120761 0.00749587356692 0.0136037559693 0.0600095144596 0.024569354424 -0.00236687706869 0.0449644182209 0.0312511822326 0.0324258468516 0.0278785746618 0.0332310762491 0.0300870828975 0.0037421516693 0.021060420851 0.024568335013 0.0175726525103 
0.0126585023925 0.0368445958236 0.0255223034281 0.0366471056367 0.0590099827978 0.0147891306388 0.0132430881066 0.0485960391887 0.310634282265 0.0434722408601 0.0364071443144 0.0468037806847 0.0125562206106 0.0390170037075 0.0204860949032 0.0415477179705 0.0491515994179 0.00435172165411 0.0148963965866 0.0369536278551 0.0564403019216 0.0197496453179 0.0417675404263 0.0594772449722 0.0384739489644 0.0120443843617 0.00133111834466 0.0493514743393 0.0434700778235 0.0423792470312 0.0605901963965 0.0327306711452 0.0452410932964 0.0514664360733 0.031528529572 0.0370092638845 0.00167023629015 0.0238948311542 0.017560397107 0.0143991438101 
0.00713432957056 0.0527110333034 0.0356620414645 0.0296311254361 0.0360383348019 0.0064307085389 0.00976367130687 0.0290745785698 0.0434722408601 0.295024502116 0.0123420283291 0.0164255970001 0.0219106533547 0.00110567093903 -0.00361492044629 0.0222141178411 0.0332094987146 -0.00847360507822 0.0265009860507 -0.00324857115734 0.0170860164357 0.0182361008701 0.0257359689386 0.0170029458485 0.0149409769053 0.00642168169668 0.0162526414769 0.0423212644074 0.00591707960004 0.0141884720588 0.0172957042857 0.0405081908828 0.0101460103152 0.0182242238 0.0521087357545 -0.0039934641426 -0.00420911788314 0.0238027181819 0.0149427449776 0.0107769533632 
0.0171981393962 0.0209118905852 0.00404037456829 0.0187911746214 0.0142400532534 0.00590640064149 0.00551924335704 0.0073090216758 0.0364071443144 0.0123420283291 0.255823683331 0.0232038336121 0.0146882172057 0.0163878081906 0.0264810790584 0.00566442824128 0.027959928684 0.0160011135026 0.00730932117255 0.0284139598091 0.0341593061849 0.0072578226368 0.0228292951098 0.0435087238732 0.00755949309229 0.0134141043289 0.0107257469821 0.0187263998336 0.0312933534809 0.0314096978449 0.0276493137335 0.0301304510479 0.0365515296698 0.0198393454103 0.0200616587527 0.0501570074345 0.00925715651947 0.0206090179757 0.0191184471668 0.00870713675388 
0.00796633212628 0.0150758105997 0.00406488204672 0.038444929991 0.0317371003664 0.00225032718316 -0.00356254328003 0.0249569494292 0.0468037806847 0.0164255970001 0.0232038336121 0.271971803477 0.00644900697001 0.0261695988529 0.00770532750435 0.0193129563238 0.0155611430182 0.019103245602 0.00645625352678 0.0241722999382 0.0187168090471 0.0113333020196 0.0301034506928 0.0324746026653 0.012872645847 0.00988713874541 -0.000647898232234 0.045999605869 0.0507004237133 0.0213718432017 0.0262865473696 0.0467881035331 0.0197614398963 0.0443515766047 0.0274397968763 0.0313480638094 0.00590017778684 0.0115082166104 0.00168924547958 0.00230222071515 
0.0054529119164 0.00992815045311 0.0165689436049 -0.00292282208953 0.0149361433432 0.0265538308153 -0.00157414904433 0.00970822559654 0.0125562206107 0.0219106533547 0.0146882172057 0.00644900697001 0.248715050047 0.0077305988917 -0.0015852495362 0.0023712009022 0.00767559071807 0.0125063773644 0.00777959076398 -0.00241016714255 0.00798326145881 0.00643656388799 0.0072230161475 0.0213760046872 0.00465887945023 0.0178715822099 0.0102535329781 0.0140098607788 0.0323927763522 0.00153971121574 0.00867189923961 0.0121275746074 -0.00209439579373 0.00456483026897 0.0217604472418 -0.00118844956443 -0.0112549096776 0.0120257153952 0.0244600320681 0.00938402080504 
0.00914891111278 0.0145394898362 0.0121091662258 0.00983284328989 0.0284606749989 0.0142362737888 0.0244107346877 0.012340526705 0.0390170037075 0.00110567093903 0.0163878081906 0.0261695988529 0.0077305988917 0.181519049633 0.00332368507831 0.00720371128136 0.0271999408121 0.00923147343758 0.00133556707493 0.012559645946 0.0362729126893 0.00583185360562 0.033335839729 0.0295468532616 0.0188855137853 0.0172470082056 0.0178468498103 0.0178717257389 0.0306092951838 0.0211592859287 0.0179827165239 0.0232163873816 0.0229166772241 0.0128653524973 0.0189616222211 0.034482189882 0.0274397424494 0.0266161116222 -0.0152342492314 0.0120087896035 
-0.00589082756087 0.00317125550113 -7.47184803277e-05 0.0169116538184 0.00892405279309 0.000946980248667 0.0359078869089 0.00383470213447 0.0204860949032 -0.00361492044629 0.0264810790584 0.00770532750435 -0.0015852495362 0.00332368507831 0.332869605218 0.00764001180505 0.0133146099583 -0.0146360834416 -0.000524938963112 0.0222120020521 0.0264939944162 0.00108835990467 0.0221619531192 0.0308448525843 0.01727042473 0.00982934399836 0.00374616491768 0.00939170275581 5.97380266471e-05 0.0247810291156 0.017641803497 0.0422895400122 -0.0228509335045 0.0344993916921 0.00535917500759 0.0123967944997 0.0077435458849 0.0192209996407 0.0119552238528 0.0800358757276 
0.0123389826154 0.0364779935063 0.0151591962982 0.00977254373713 0.0153009669424 0.0157286514765 -0.00647072613522 0.00599455942609 0.0415477179705 0.0222141178411 0.00566442824128 0.0193129563238 0.0023712009022 0.00720371128136 0.00764001180506 0.251694720241 0.0253410984869 0.00117915272733 0.0223371291277 0.0309717101904 0.00887233343873 0.00697727426335 0.0221118110713 0.0222742417212 0.0367010968502 0.00934728972408 -0.00193947000958 0.0291871376275 0.0324858948586 0.0395614805186 0.0136621462765 0.0289842254019 0.00736536042837 0.017944457453 0.0277456128044 0.0230972776952 -0.00952872178968 0.00988455919495 0.0165257869049 0.0147815208484 
-0.000662981325145 0.0311034053917 0.0217026832444 0.0256003714334 0.0266480112599 0.0149579313755 0.0235830870368 0.0301177331345 0.0491515994179 0.0332094987146 0.027959928684 0.0155611430182 0.00767559071807 0.0271999408121 0.0133146099583 0.0253410984869 0.237592262817 0.01950542219 0.010322733637 0.0254646092239 0.0254001885652 0.0254269681113 0.0392735599167 0.0354551452564 0.0158522687761 0.0197474761621 0.0127842106065 0.0314767634191 0.0471221407286 0.025965285311 0.0134804420743 0.0292200480846 0.0295867055777 0.0178696323853 0.0188144043481 0.0290766643963 0.00932937669793 0.0185683767306 0.0161404669215 0.0139418588496 
0.0132430734984 0.000630119889965 0.0077374791234 -0.00407546481023 0.0116918717942 0.0174454619472 0.011449370233 0.00996977908422 0.00435172165411 -0.00847360507822 0.0160011135026 0.019103245602 0.0125063773644 0.00923147343758 -0.0146360834416 0.00117915272733 0.01950542219 0.756254182291 0.00358539833704 0.00766972206062 -0.000299153563173 -0.00376359372922 -0.00193631189868 0.00438332260207 0.00718375860534 0.00170354568121 0.00570173288179 0.0121938262225 0.00258979637894 0.0172561046231 0.00566873876126 0.046563846132 0.0420704637693 0.0187326882297 0.0094900041072 0.0225181716413 -0.0021012883469 0.0150488353237 0.0212662114271 -0.00598832731215 
0.00358845802408 0.0092210676368 0.0103788272119 0.0142063606308 0.0142662749823 0.0142419209452 0.0197943468693 0.00557487707835 0.0148963965866 0.0265009860507 0.00730932117255 0.00645625352678 0.00777959076398 0.00133556707493 -0.000524938963112 0.0223371291277 0.010322733637 0.00358539833704 0.111083549974 0.0117475667408 0.00719273562654 0.0141599996577 0.010121054682 0.0142337815909 0.0170740726554 0.012309355139 0.0136567390096 0.0103076159136 0.0208177488669 -0.00457465812008 0.012749143876 0.0145884572509 -0.00267808062876 0.0147113484758 0.0126151425267 0.011855365869 0.00595693029626 0.0170686310342 0.0111082129383 0.00881222462269 
0.00678492346978 0.00675559017627 -0.010547030372 0.0363957649974 0.0279289319097 0.00840856835864 0.0145614391754 0.00507590213569 0.0369536278551 -0.00324857115734 0.0284139598091 0.0241722999382 -0.00241016714255 0.012559645946 0.0222120020521 0.0309717101904 0.0254646092239 0.00766972206062 0.0117475667408 0.506227015333 0.0371386294939 0.0102129496598 0.0250387278828 0.0256196674387 -0.00282707374154 0.00260256473239 0.0113870966543 0.0262068909836 0.100325659863 0.210258465851 0.052629024316 0.0282490062674 0.0567114883205 0.0105578560976 0.0202868358355 0.0176186321602 0.0861923251747 0.0175625954414 0.0306854506674 0.00738315370063 
-0.0123445722647 0.00268505576982 0.0180318993498 0.0427579205418 0.0198564505818 0.0112030723438 0.032950546779 -0.00581015676415 0.0564403019216 0.0170860164357 0.0341593061849 0.0187168090471 0.00798326145881 0.0362729126893 0.0264939944162 0.00887233343873 0.0254001885652 -0.000299153563174 0.00719273562654 0.0371386294939 0.350057223509 0.00118588453105 0.121129493639 0.0400070223687 0.00458792965889 0.00943136804472 0.00617791843635 0.010227793737 0.0376178748485 0.0213676808254 -0.00521563229853 0.0293925698456 0.0368008575995 0.0132643406248 0.017406829537 0.0191791618023 0.0128164271991 0.0244133751915 0.00718079972382 0.00474702306764 
0.00285387294218 0.0171195701283 0.0011331030455 0.00640371462522 0.0222168039166 0.00804714770619 -0.00331939674728 -0.00142238564687 0.0197496453179 0.0182361008701 0.0072578226368 0.0113333020196 0.00643656388799 0.00583185360562 0.00108835990467 0.00697727426335 0.0254269681113 -0.00376359372922 0.0141599996577 0.0102129496598 0.00118588453105 0.185002715866 0.00901933713659 0.00585280973174 0.00652095507476 0.0143612744349 0.0223924333414 -0.000277150151466 0.0287039736497 0.0140226483311 0.0081543435935 0.0152170463286 -0.00109047075942 -4.86932696173e-06 0.00505085885814 -0.00138852901896 -0.00356444831596 -0.000881204569532 0.005421903725 -0.00138951844957 
-0.000116815355985 0.0132273221983 0.0106430787443 -0.00574370729246 0.0239826546734 0.0178340574082 0.00604259190763 0.0162739549226 0.0417675404263 0.0257359689386 0.0228292951098 0.0301034506928 0.0072230161475 0.033335839729 0.0221619531192 0.0221118110713 0.0392735599167 -0.00193631189868 0.010121054682 0.0250387278828 0.121129493639 0.00901933713659 0.311022954989 0.0515153280497 0.0204888639225 -0.0041588212734 0.00447929700267 0.0386597420405 0.055967545686 0.0144453947444 0.00570230989538 0.0383825312745 0.00931292016496 0.0357786387549 0.0295463439228 0.0362832333329 0.0254069711606 0.0131729199082 0.00125923234764 0.00259974920229 
0.0260874109006 0.0140409300509 0.0151510669049 0.00950688750294 0.0337518633341 0.00601006311747 0.132822442116 0.0218812448586 0.0594772449722 0.0170029458485 0.0435087238732 0.0324746026653 0.0213760046872 0.0295468532616 0.0308448525843 0.0222742417212 0.0354551452564 0.00438332260207 0.0142337815909 0.0256196674387 0.0400070223687 0.00585280973174 0.0515153280497 0.347607479574 0.024000785483 0.00608082629871 0.010029937048 0.0253064266583 0.0593170148018 0.0148768155705 0.0189518789649 0.0492054713398 0.0218121735095 0.0191040280729 0.0133006037095 0.0346190147437 0.0157697889483 0.00573006710503 0.0183857876769 -0.000476595646121 
0.0120583955887 0.0307264747369 0.0298257382097 0.0187767170874 0.0326666734311 0.0182275334986 0.000462197045529 0.01851120761 0.0384739489644 0.0149409769053 0.00755949309229 0.012872645847 0.00465887945023 0.0188855137853 0.01727042473 0.0367010968502 0.0158522687761 0.00718375860534 0.0170740726554 -0.00282707374154 0.00458792965889 0.00652095507476 0.0204888639225 0.024000785483 0.176593346469 0.0137408520649 0.0018860347338 0.0323664147051 0.012242999828 0.011229664828 0.0290577659998 0.0168904766013 -0.00148859342809 0.0150981916129 0.0287613994691 0.0123769758942 0.000957713343932 0.0132026804354 0.0017861797349 0.00830392744642 
-0.014347618367 0.0134286746233 0.0113091760486 0.0148329380762 0.026115739575 0.0123553817427 0.0126269761424 0.00749587356692 0.0120443843617 0.00642168169668 0.0134141043289 0.00988713874541 0.0178715822099 0.0172470082056 0.00982934399836 0.00934728972408 0.0197474761621 0.00170354568121 0.012309355139 0.00260256473239 0.00943136804472 0.0143612744349 -0.0041588212734 0.00608082629871 0.0137408520649 0.247139845096 0.011444621695 0.010543358446 0.014299590332 0.0153086936405 0.0155966744768 0.00641760471318 0.0367072098701 0.00768666663389 -0.0068689998076 0.0107295529428 -0.015416823522 -0.00783459978434 -0.000264531783772 -0.0120471305303 
0.000349258097559 0.00987290224272 0.0167037840188 0.0023194264224 -0.000459369396704 0.00475647653069 0.0138071154208 0.0136037559693 0.00133111834466 0.0162526414769 0.0107257469821 -0.000647898232234 0.0102535329781 0.0178468498103 0.00374616491768 -0.00193947000958 0.0127842106065 0.00570173288179 0.0136567390096 0.0113870966543 0.00617791843635 0.0223924333414 0.00447929700267 0.010029937048 0.0018860347338 0.011444621695 0.163030313912 -0.00101270255684 0.0111318225209 0.000845074029724 0.0119834000308 0.0144688844326 0.00956992234048 -0.0024172711963 0.00546606716843 -0.000347541167991 5.71180044752e-05 0.00840548605017 0.012701048208 0.00330207305617 
0.00145948365048 0.0499888291898 0.0358777928105 0.0437756139497 0.0218104962708 0.0027915244818 0.00880356082564 0.0600095144596 0.0493514743393 0.0423212644074 0.0187263998336 0.045999605869 0.0140098607788 0.0178717257389 0.00939170275581 0.0291871376275 0.0314767634191 0.0121938262225 0.0103076159136 0.0262068909836 0.010227793737 -0.000277150151467 0.0386597420405 0.0253064266583 0.0323664147051 0.010543358446 -0.00101270255684 0.305489115888 0.0412467334226 0.00452587258733 0.023442309777 0.0314646653248 0.00271846948573 0.0316044709629 0.0256076946106 0.0160558720787 -0.00234778903675 0.0187446804482 0.0297146842195 0.0259651628243 
0.0118616899911 0.0112908174952 0.0137294677787 0.034639309125 0.0449121821079 0.0241753404436 0.0850614491675 0.024569354424 0.0434700778235 0.00591707960004 0.0312933534809 0.0507004237133 0.0323927763522 0.0306092951838 5.97380266473e-05 0.0324858948586 0.0471221407286 0.00258979637893 0.0208177488669 0.100325659863 0.0376178748485 0.0287039736497 0.055967545686 0.0593170148018 0.012242999828 0.014299590332 0.0111318225209 0.0412467334226 0.632721535673 0.0997603582118 0.0767093346172 0.0443282852368 0.0509132964812 0.014703471059 0.0245783343759 0.0565600281314 -0.00592792445103 0.0176489225075 0.00401085094428 0.00709775859391 
0.0256222701689 0.0128569648118 -0.00708789509924 0.0196561504795 0.0335958476395 0.0162824062266 0.0301393107071 -0.00236687706869 0.0423792470312 0.0141884720588 0.0314096978449 0.0213718432017 0.00153971121574 0.0211592859287 0.0247810291156 0.0395614805186 0.025965285311 0.0172561046231 -0.00457465812008 0.210258465851 0.0213676808254 0.0140226483311 0.0144453947444 0.0148768155705 0.011229664828 0.0153086936405 0.000845074029724 0.00452587258733 0.0997603582118 0.437126518271 0.0229985056784 0.0273783437826 0.016221539155 0.0114625830809 0.0198725076358 0.0298640789912 0.0225793348359 0.0182645738741 0.0284889948818 0.00836212943334 
0.0130425275536 0.0105606812466 0.0119995287005 0.0101896737926 0.0275929517353 0.0112939998293 0.0160994937786 0.0449644182209 0.0605901963965 0.0172957042857 0.0276493137335 0.0262865473696 0.00867189923961 0.0179827165239 0.017641803497 0.0136621462765 0.0134804420743 0.00566873876126 0.012749143876 0.052629024316 -0.00521563229853 0.0081543435935 0.00570230989538 0.0189518789649 0.0290577659998 0.0155966744768 0.0119834000308 0.023442309777 0.0767093346172 0.0229985056784 0.487297922815 0.00440084776213 0.0206860130961 0.0330430327536 0.0224475183691 0.0361515216051 0.00268307489643 0.017627537453 0.0299932773758 0.0302236721396 
0.00827379964707 0.0269740972064 0.0205281468728 0.103932638488 0.0423359832581 0.00385836716929 0.00753363021345 0.0312511822326 0.0327306711452 0.0405081908828 0.0301304510479 0.0467881035331 0.0121275746074 0.0232163873816 0.0422895400122 0.0289842254019 0.0292200480846 0.046563846132 0.0145884572509 0.0282490062674 0.0293925698456 0.0152170463286 0.0383825312745 0.0492054713398 0.0168904766013 0.00641760471318 0.0144688844326 0.0314646653248 0.0443282852368 0.0273783437826 0.00440084776212 0.566964415115 0.0480390553052 0.0586035430577 0.0285274093638 0.0672337176327 -0.00728521585063 0.0220854865588 0.0313660477099 0.0125972098282 
-0.00167663694633 0.0029973099973 0.010094216598 0.0762459714938 0.0181685711945 -0.00360549344265 0.0560640498662 0.0324258468516 0.0452410932964 0.0101460103152 0.0365515296698 0.0197614398963 -0.00209439579373 0.0229166772241 -0.0228509335045 0.00736536042837 0.0295867055777 0.0420704637693 -0.00267808062876 0.0567114883205 0.0368008575995 -0.00109047075942 0.00931292016496 0.0218121735095 -0.00148859342809 0.0367072098701 0.00956992234048 0.00271846948574 0.0509132964812 0.016221539155 0.0206860130961 0.0480390553052 0.676077138153 0.0300379263189 0.00795331955492 0.0237275948366 0.0104631958203 0.00966198014996 0.00610782882001 0.00753236548935 
0.00038164480183 0.0106155260814 0.0138809450065 0.0573008322865 0.0119165805348 0.0167002600675 0.0384775674148 0.0278785746618 0.0514664360733 0.0182242238 0.0198393454103 0.0443515766047 0.00456483026897 0.0128653524973 0.0344993916921 0.017944457453 0.0178696323853 0.0187326882297 0.0147113484758 0.0105578560976 0.0132643406248 -4.86932696191e-06 0.0357786387549 0.0191040280729 0.0150981916129 0.00768666663389 -0.0024172711963 0.0316044709629 0.014703471059 0.0114625830809 0.0330430327537 0.0586035430577 0.0300379263189 0.320454466252 0.0159060964387 0.0575697635982 0.0151968762845 0.00380690517138 0.0209083671374 0.0304884067228 
0.00895856976575 0.0266573686657 0.0115658534884 0.0187865568515 0.0293452903335 0.0151547078261 -0.00322099202263 0.0332310762491 0.031528529572 0.0521087357545 0.0200616587527 0.0274397968763 0.0217604472418 0.0189616222211 0.00535917500759 0.0277456128044 0.0188144043481 0.0094900041072 0.0126151425267 0.0202868358355 0.017406829537 0.00505085885814 0.0295463439228 0.0133006037095 0.0287613994691 -0.0068689998076 0.00546606716843 0.0256076946106 0.0245783343759 0.0198725076358 0.0224475183691 0.0285274093638 0.00795331955492 0.0159060964387 0.244841562024 0.0155518409114 -0.00108375576388 0.00960330974497 0.00795983133384 0.0149735720204 
-0.00428610617506 0.00813667400493 0.0109132938757 0.0184009736374 0.0364907284136 0.0161245915188 0.006807544611 0.0300870828975 0.0370092638845 -0.0039934641426 0.0501570074345 0.0313480638094 -0.00118844956443 0.034482189882 0.0123967944997 0.0230972776952 0.0290766643963 0.0225181716413 0.011855365869 0.0176186321602 0.0191791618023 -0.00138852901896 0.0362832333329 0.0346190147437 0.0123769758942 0.0107295529428 -0.000347541167991 0.0160558720787 0.0565600281314 0.0298640789912 0.0361515216051 0.0672337176327 0.0237275948366 0.0575697635982 0.0155518409114 0.269023812689 0.0318937066217 0.0211617955497 -0.00425089103023 0.0236466341998 
-0.00700199327243 -0.00158247790126 -0.00728021467581 0.0125331041641 -0.00548150227967 0.00272854483153 0.00608943520828 0.0037421516693 0.00167023629015 -0.00420911788314 0.00925715651947 0.00590017778684 -0.0112549096776 0.0274397424494 0.0077435458849 -0.00952872178968 0.00932937669793 -0.0021012883469 0.00595693029626 0.0861923251747 0.0128164271991 -0.00356444831596 0.0254069711606 0.0157697889483 0.000957713343932 -0.015416823522 5.71180044752e-05 -0.00234778903675 -0.00592792445103 0.0225793348359 0.00268307489643 -0.00728521585063 0.0104631958203 0.0151968762845 -0.00108375576388 0.0318937066217 1.89341777202 -0.00567037922346 -0.00820506801327 -0.00309245384396 
-0.000823980147624 0.0204516221386 0.00429784926146 0.0177595658517 0.0179163706911 0.0135745840892 -0.0161398567497 0.021060420851 0.0238948311542 0.0238027181819 0.0206090179757 0.0115082166104 0.0120257153952 0.0266161116222 0.0192209996407 0.00988455919495 0.0185683767306 0.0150488353237 0.0170686310342 0.0175625954414 0.0244133751915 -0.000881204569532 0.0131729199082 0.00573006710503 0.0132026804354 -0.00783459978434 0.00840548605017 0.0187446804482 0.0176489225075 0.0182645738741 0.017627537453 0.0220854865588 0.00966198014996 0.00380690517138 0.00960330974497 0.0211617955497 -0.00567037922346 0.272096989059 0.0050438448 0.0067545804646 
-0.00695048470006 0.0163076636733 0.0310612791327 0.032685239436 0.014019814811 -0.00117151252215 0.00390894662983 0.024568335013 0.017560397107 0.0149427449776 0.0191184471668 0.00168924547958 0.0244600320681 -0.0152342492314 0.0119552238528 0.0165257869049 0.0161404669215 0.0212662114271 0.0111082129383 0.0306854506674 0.00718079972382 0.005421903725 0.00125923234764 0.0183857876769 0.0017861797349 -0.000264531783772 0.012701048208 0.0297146842195 0.00401085094428 0.0284889948818 0.0299932773758 0.0313660477099 0.00610782882001 0.0209083671374 0.00795983133384 -0.00425089103023 -0.00820506801327 0.0050438448 0.288209475194 0.000467031929339 
-0.0017280589138 0.0038375331988 0.00854568748428 0.0229847646014 0.00795054747795 0.0114099084996 0.0638698029344 0.0175726525103 0.0143991438101 0.0107769533632 0.00870713675388 0.00230222071515 0.00938402080504 0.0120087896035 0.0800358757276 0.0147815208484 0.0139418588496 -0.00598832731215 0.00881222462269 0.00738315370063 0.00474702306764 -0.00138951844957 0.00259974920229 -0.00047659564612 0.00830392744642 -0.0120471305303 0.00330207305617 0.0259651628243 0.00709775859391 0.00836212943334 0.0302236721396 0.0125972098282 0.00753236548935 0.0304884067228 0.0149735720204 0.0236466341998 -0.00309245384396 0.0067545804646 0.000467031929339 0.583516666432 

['ACS', 'STI', 'FRE', 'XLNX', 'DHR', 'SVU', 'BRCM', 'BK', 'LEH', 'GDW', 'CBE', 'COL', 'KR', 'SEE', 'KG', 'PRU', 'MAS', 'JNY', 'KO', 'BJS', 'UNP', 'CPB', 'CSX', 'CMI', 'AFL', 'SYY', 'GIS', 'NTRS', 'X', 'RIG', 'STJ', 'LSI', 'JBL', 'AMAT', 'HIG', 'ROK', 'PTV', 'UST', 'MMC', 'FSH']