50
0.0231877092109 0.0540864966038 0.133882810383 0.0511846892664 0.0722101641432 0.0440278725419 0.0559384191954 0.242072249725 0.0211692002509 0.123612909007 0.127416862275 0.0988670942005 0.0375994121509 0.0295384146509 0.0380288664812 0.0128714932266 0.0387981152642 0.110625092132 0.0602494739115 0.0262343191133 0.0380825412642 0.039859092222 0.0793031051092 0.0248078828137 0.043075945187 0.0435638119902 0.0162851568228 0.0335346879574 0.023795453615 0.0870342926162 0.0255776045185 0.123926899062 0.0952892642352 0.0832698050771 0.0645874353538 0.22311845274 0.0115927538848 0.0244433913508 0.093312473985 0.239728898705 0.0307440439862 0.197480990077 0.0604038345904 0.0215013837744 0.0590558874601 0.0414012394119 0.360667625942 0.0268988212896 0.13159191543 0.200970993098 
0.217891264508 -0.00402456040511 0.00247044679638 0.0104571846845 0.0192559419766 0.0102254492154 0.00789531255559 0.0136795654741 0.00584456839228 0.0342173876893 0.0147620961915 0.022433935556 0.00430270889815 0.0125179217215 0.00417793589306 0.000617447640459 0.0073740616849 0.0151313967348 0.00794708303157 0.00611775530373 0.00519551755173 0.0160257468933 0.00598119850512 -0.0036505383396 0.00246747651307 0.00539419545952 0.00960310291755 0.00734406918858 0.00647729377474 0.00765767523914 0.00276457293392 -0.00193420749922 0.0014192485982 0.0326465076426 -0.00488904370255 0.0107606725099 0.00326748723305 0.000978323908749 0.00239221414689 0.0470142417391 0.00885665819101 0.00438632300766 0.00454894233455 0.00356223175548 -0.0100212944756 0.000707438423835 0.0184345389754 0.0170720162948 -0.000421039567899 0.0377041205005 
-0.00402456040511 0.38944937305 0.00133311496055 -0.00681259583946 -0.0100550968427 0.0080326805702 0.00273045874851 0.0427814441774 0.00751587368833 0.0073358155212 0.0252608373813 0.00830374877572 0.0144329923542 0.0163539499621 0.0178190271941 0.00783106677433 0.00939806206824 0.0127745416491 0.00805572160979 0.026134186256 -0.00749354270321 0.0142718110039 0.026051898346 0.0069100007645 0.00827607863006 0.00782060205849 0.0127738253949 0.0117636923442 0.0209182886275 0.00819107275806 0.0104687250659 0.0170886070884 -0.0108239119593 0.000707973775865 0.00518163731329 0.00948159350849 0.00764536545382 -0.000187724350966 0.00521262230674 0.0596561129309 0.0172524919751 0.0284843762308 0.00822901667558 0.00271054117721 0.0103935691578 0.0210645263429 0.0187425535147 0.0120196775571 0.0151799316987 0.00198218104778 
0.00247044679638 0.00133311496055 0.435987925815 0.0141478746391 0.0451804859168 0.0100608675946 -0.0010829925332 0.0603431672797 0.00788877952336 0.0472540672773 0.127451837984 0.0280490118926 -0.000599716236715 0.00161327594746 0.0244952056345 -0.000112582630267 0.0196702903012 0.026488696262 0.0206833669562 0.000376623168366 0.00433355896585 0.027985770609 0.0129333072764 0.00668763827946 0.0480211276202 -0.000496498737836 0.00754923992087 0.00934158792356 0.00953683874895 0.0246225845546 0.00524006902472 0.0076114261231 0.0293442333698 0.0896630551012 0.0039706070436 0.0446597475362 0.0160046843918 0.0052594007646 0.110769484548 0.0592105470642 0.0258788900224 0.00882317857605 0.0186369073958 0.0115759862009 0.00123083542491 0.00694130089583 0.0416056818777 0.0105968209986 0.164630361681 0.00649610872455 
0.0104571846845 -0.00681259583946 0.0141478746391 0.332422785285 0.0117652045229 0.0113711624399 0.0185982136591 0.0318447735936 2.22896857067e-05 0.00468914833535 0.0235226687075 0.0245451117841 -0.0114779666917 -0.0122448776182 0.0116867327717 0.00588081390135 0.0138394209127 0.0390563487695 0.0129809949423 0.00829934573361 0.00725079116986 0.0140975218005 0.0229967603134 0.00893770912045 0.00522396228452 -0.00196009718365 0.000169822157664 -0.0100559908673 0.00570494380813 0.00288189027402 -0.00329228050196 -0.00390303649512 0.0016253258989 0.0179734285672 0.020992037265 0.0310340473371 0.0161609011789 0.0137065245113 0.0153785817793 0.0473066012992 0.018341394414 0.0146515079901 0.0158596061283 0.0207676869516 0.00766561188369 0.00640655587846 0.0510626216696 -0.000342106181398 0.0298230615813 0.0395770866895 
0.0192559419766 -0.0100550968427 0.0451804859168 0.0117652045229 0.308403941097 0.0226729067204 0.015830814164 0.053066145519 0.00507452914719 0.0230124698012 0.00824346337518 0.0360981391965 0.0149132401454 0.0219367176149 0.027051477664 -0.0226497918022 0.0216560433311 -0.00320939921561 0.011204289216 0.0181912091471 0.0318708053963 0.0373498107422 0.011730642462 0.0170277842456 0.0172946376978 -0.00422980458095 0.00790350735129 0.00281720570375 0.0150951425377 0.106256373419 0.0122335635299 0.0225475034847 0.0290195670591 0.0271092170723 0.0389775532892 0.0301918285484 0.0151509696383 0.0132444291491 0.000950032594737 0.0702207260427 0.0169502902691 0.004353952847 0.0348218468272 0.0201946683026 0.007850381402 0.0144797964598 0.0334785912147 0.0114581460177 0.0172295601678 0.0210889624527 
0.0102254492154 0.0080326805702 0.0100608675946 0.0113711624399 0.0226729067204 0.229370451666 0.0357652163297 -0.00689082214563 0.00112889941233 -0.00443236336065 0.00934467574725 0.0180105533938 0.00920128312954 0.0216174449929 0.0165229854982 -0.000292292696142 0.0166479480776 0.0192533571981 0.0261180084794 0.0284475051085 0.0273726174093 0.0230258838181 0.00992841821183 0.00567393958588 0.00662534127319 0.00595561776981 0.0287534130533 0.00769852033248 0.01794236579 0.00731859348191 0.0205377465608 0.00589017454136 0.0169757424784 0.0114381890489 0.0135719947744 0.029482358017 0.012629272023 0.0076967205739 0.00895441766888 0.0345962544889 0.0256949939296 -0.00488810008823 0.0244944759595 0.0204499244255 0.00252924720643 0.0133355544212 0.0264629960913 0.0165808947636 0.0112351656377 0.00822680627795 
0.00789531255559 0.00273045874851 -0.0010829925332 0.0185982136591 0.015830814164 0.0357652163297 0.231998297922 0.0301993172648 0.00431814068397 -0.00435816747682 -0.00679346174124 0.0285838910411 0.00339577663027 0.00633340075539 0.010222435398 0.0168450016083 0.00693984817288 -0.00237381379893 0.0193344627598 0.0161277898178 0.0250673067022 0.0032379274105 0.0394054827078 0.00558882271007 0.0105258128491 0.00484279499984 0.0146845688827 0.0106090328113 0.00235832533614 0.0239746729683 0.0173326558266 0.00607606209686 0.0150591940945 0.00509694768559 0.0261142631395 0.0151217007845 0.0012070001417 0.0119322973387 0.0143857509245 0.0312103946764 0.0239846306569 0.0124342935362 0.0332551338536 0.00763326222421 -0.00802099139666 0.0128415572163 0.0278780676088 0.0131572534898 0.00313002440311 0.0245001739257 
0.0136795654741 0.0427814441774 0.0603431672797 0.0318447735936 0.053066145519 -0.00689082214563 0.0301993172648 0.659964364527 0.000113053279981 0.0418063325189 0.0664749722488 0.0697117063587 0.0194977492382 0.0246572290986 0.0434297581404 0.00771819226279 0.0584456563919 0.0462285029501 0.0420855238855 0.0284394989689 0.0333632402442 0.0358670675348 0.0643147015233 0.0231810143491 0.0292687039974 0.0159390102876 0.000529005565344 0.012547430711 -0.000722882511503 0.0941161221954 0.0169426574843 0.0265237514426 0.0199909349144 0.0787721652914 0.0360158180277 0.0372795170125 0.0133164634958 0.0170462520405 0.067772714494 0.105812291589 0.0406517241539 0.0362826183039 0.0550533980028 0.0346127302146 -0.0129078217355 0.0205856509085 0.0663264369503 -0.0072799681689 0.0711933886214 0.042134906292 
0.00584456839228 0.00751587368833 0.00788877952336 2.2289685706e-05 0.00507452914719 0.00112889941233 0.00431814068397 0.000113053279981 0.208428114931 -0.0183180752526 0.00652055210254 0.0209647123247 -0.000117833411987 0.0121984359853 0.00414247228604 0.00234077216883 0.0129578765329 0.020958937051 0.0170915942869 0.00868304420759 0.00188999920048 0.00147074567976 0.00144676362553 0.0166702241449 0.0102922806332 0.00237866817562 0.0109934908115 0.0144425494332 0.00772486396891 0.0178257393887 0.00796553631874 -0.00462602583961 0.0140761462571 0.00151577933993 0.0173844836901 0.00963502536949 0.0101461832854 0.00745639365877 0.0123708972061 0.00969511501875 0.00238364947744 0.0166637148862 0.0202722043418 0.00892467828744 0.00639054019287 0.00551217377507 0.0111649378302 0.00671849611129 0.0175875835692 0.0361017524149 
0.0342173876893 0.0073358155212 0.0472540672773 0.00468914833535 0.0230124698012 -0.00443236336065 -0.00435816747682 0.0418063325189 -0.0183180752526 1.032847582 0.00634845206168 0.0488439460862 0.00496359172555 7.20126182501e-05 0.00675290402386 0.0115622356626 -0.00411036492131 0.0136342840729 0.0114559326271 -0.0150613019699 -0.00306134171847 0.0158623025904 -0.019306718088 0.00792192083175 -0.0109772152134 0.00248674651849 -0.00213693041197 -0.00349590698292 -0.00418991423193 0.0598829811879 -0.00964605243713 -0.0326121254849 -0.0175990360417 0.017857867274 -0.00860298151766 0.032712926396 0.0138590502096 -0.0015225959919 0.0888145091419 0.0494371357884 0.0152125655565 -0.0223429646243 0.034309982135 0.0116976163253 0.0117264245648 -0.00548924541362 0.0157049153966 -0.000615597988747 0.057701325114 0.0141428668448 
0.0147620961915 0.0252608373813 0.127451837984 0.0235226687075 0.00824346337518 0.00934467574724 -0.00679346174124 0.0664749722488 0.00652055210254 0.00634845206168 0.391429073122 0.0245002364869 0.00491050653264 0.00917100289035 -0.0109151142742 0.000263052714557 0.0159306332371 0.0208063816751 0.00988874017962 0.00236853612409 0.00375271513789 0.0372075459593 -0.000259425074318 0.00895815900073 0.0107397699312 0.0113115547976 0.0281163002906 0.00040657440623 0.0246420018477 0.0357640657157 0.0128619170663 0.021563011566 0.000896033544407 0.115458231375 0.00745294544939 0.0201156778739 0.00136257597067 -0.00513164682754 0.146137950096 0.0397324390678 0.0145669390874 0.0298168639673 0.0244591513113 0.0154731628197 0.0136082028981 0.0248268026871 0.0430224624982 -0.00690852343701 0.195899118226 0.00531067547062 
0.022433935556 0.00830374877572 0.0280490118926 0.0245451117841 0.0360981391965 0.0180105533938 0.0285838910411 0.0697117063587 0.0209647123247 0.0488439460862 0.0245002364869 0.467622266985 0.0151073390303 0.0182705133887 0.0797014654792 -0.00232603184932 0.0419245062581 0.0250784580143 0.0160631068111 0.0152418195673 0.0462269253861 0.0306282654987 0.0143984412992 0.0186908176038 0.0100831961492 0.0253075708196 0.0111106006454 0.0207729918297 0.00658146759692 0.0404412882329 0.0218773856328 0.0284376914925 0.0296225016837 0.00297203688562 0.0116706067144 0.0639305607572 0.0289371765375 0.0100427043649 0.00994103164503 0.0729632672011 0.0140615601642 0.0542605747651 0.0653363574002 0.0574177797916 -0.0124226405927 0.0127398001148 0.0801167633764 0.018001353739 0.0479101594977 0.0241409252549 
0.00430270889815 0.0144329923542 -0.000599716236715 -0.0114779666917 0.0149132401454 0.00920128312954 0.00339577663027 0.0194977492382 -0.000117833411986 0.00496359172555 0.00491050653264 0.0151073390303 0.267071228982 0.0219807930856 0.0198828036686 0.00463923812842 0.00746732999188 0.00685776818648 0.0154414078416 0.0135170009612 0.015856315566 0.00138368165755 0.00889462468387 0.0218930143543 0.00530824134607 0.0136541859395 0.0123984801268 0.00818817428717 0.0191501672851 -0.00214342529529 0.00254245345552 -0.00333745534693 0.00560722664898 0.0112174776793 0.007233653482 -0.00217869581754 0.0152706199007 0.0168305547752 0.01087177548 0.0214489826432 0.0116202472293 0.00546326030498 0.0153992617291 0.00595225740626 0.0185503243786 0.0178780311669 0.0306593304049 0.0176331073184 -0.00605324287558 0.0240610806705 
0.0125179217215 0.0163539499621 0.00161327594746 -0.0122448776182 0.0219367176149 0.0216174449929 0.00633340075539 0.0246572290986 0.0121984359853 7.20126182501e-05 0.00917100289035 0.0182705133887 0.0219807930856 0.206393405359 0.0182272074648 0.000857860362753 0.0279858570761 0.0261515938381 0.0353541055525 0.041826826366 0.0158540954542 0.0217011663742 0.0184127309126 0.0264163824476 0.0427968177501 0.0114601786082 0.00933355503857 0.00995862153541 0.0139755320277 0.0092907087332 0.0255966772956 0.00490357048946 0.0265689441484 -0.000838778722111 0.0290688640454 0.00406351474057 0.0213059193436 0.0164723112007 0.00158235905513 0.0198701353753 0.0286918584184 0.024643351471 0.0140324364328 0.0233228795095 0.029562347938 0.0129352721466 0.00695725696267 0.00849845987334 0.0157831763481 -0.00314349089247 
0.00417793589306 0.0178190271941 0.0244952056345 0.0116867327717 0.027051477664 0.0165229854982 0.010222435398 0.0434297581404 0.00414247228604 0.00675290402386 -0.0109151142742 0.0797014654792 0.0198828036686 0.0182272074648 0.30775974242 -0.00380957028665 0.0244304582896 0.013466500531 0.0138561441468 0.0202785970918 0.0127436077256 0.0142844390233 0.00805755105747 0.00996530371401 0.0276417210618 -0.00783120128798 -0.00531671761415 0.0141956777727 -0.00172856642342 0.0332316380857 0.00363474461683 0.00613159698355 0.00569748715151 0.00284606809555 0.0111247435219 0.0664743141981 0.0116527840795 -0.000482812487762 -0.00954124874314 0.0692586474332 0.0191691963055 0.0268272354506 0.026788562102 0.0511471607191 0.0151339936999 0.0140972203574 0.0504007703917 0.0101135590316 0.0280876906485 0.00695449030844 
0.000617447640459 0.00783106677433 -0.000112582630268 0.00588081390135 -0.0226497918022 -0.000292292696141 0.0168450016083 0.00771819226279 0.00234077216883 0.0115622356626 0.000263052714557 -0.00232603184932 0.00463923812842 0.000857860362753 -0.00380957028665 0.221180075112 0.0025967835716 -0.000912360277818 0.013641020775 0.0231087763652 0.00967075211236 -0.000591809284378 0.0168235988598 0.010506859328 0.000460839741303 0.0137218429985 0.00709254338491 0.0161818364158 -0.00402371684502 -0.00612844431447 0.00151982204681 -0.0025243531108 0.0186928207281 0.000464667560432 -0.00529821756256 -0.00118207275689 0.00916926697669 0.0214418203693 0.014022504011 0.0106741334067 0.00638245697684 0.016824404519 -0.00211238500207 -0.00188214220258 0.0118544063428 -0.00736208812721 -0.00198143417018 0.0177477585247 0.0103268376624 0.025814034494 
0.0073740616849 0.00939806206824 0.0196702903012 0.0138394209127 0.0216560433311 0.0166479480776 0.00693984817288 0.0584456563919 0.0129578765329 -0.00411036492131 0.0159306332371 0.0419245062581 0.00746732999188 0.0279858570761 0.0244304582896 0.0025967835716 0.213513456293 0.0436756832232 0.0268571124277 0.0221711948569 0.00900962682255 0.0160846778279 0.0218473043471 0.0165684303088 0.0083444694452 0.00193795275544 0.026248113324 0.00458761343235 0.0246237590128 0.0312284286102 0.0212826486486 0.0228453092051 0.0188884648845 0.0220079118266 0.0141711437628 0.0361623824017 0.0137827116409 0.00510502804406 0.0046830015813 0.0372727216848 0.024864688934 0.0202394332906 0.0201738249033 0.0184836836233 0.0139133574644 0.0125354576864 0.0403179414841 0.0298720090612 0.0286857207319 0.0174761707943 
0.0151313967348 0.0127745416491 0.026488696262 0.0390563487695 -0.00320939921561 0.0192533571981 -0.00237381379893 0.0462285029501 0.020958937051 0.0136342840729 0.0208063816751 0.0250784580143 0.00685776818648 0.0261515938381 0.013466500531 -0.000912360277818 0.0436756832232 0.566314112858 0.0304124882629 0.0221292296175 0.0209073789272 0.0161260510653 0.0411606534382 0.00849712936899 0.0204271741232 0.00241148656463 0.0112340584237 0.0120801510399 -0.0037099237935 0.0213178908141 0.0160519946693 0.0131842457614 0.0346508827075 -0.00103243591801 0.0185895476961 0.0743814541828 0.0121270433049 0.0149075052597 0.0140178340001 0.0668763680899 0.0317210075327 0.0250779090803 0.0319102026305 0.018297589845 0.0405885996684 -0.0153873497599 0.0102666677503 0.0861043582331 0.0290609934226 0.00175101818515 
0.00794708303157 0.00805572160979 0.0206833669562 0.0129809949423 0.011204289216 0.0261180084794 0.0193344627598 0.0420855238855 0.0170915942869 0.0114559326271 0.00988874017962 0.0160631068111 0.0154414078416 0.0353541055525 0.0138561441468 0.013641020775 0.0268571124277 0.0304124882629 0.304452868484 0.0194827416066 0.00690426832716 0.0133932104164 0.0274545045492 0.0142266689541 0.0158229784438 0.0320172281472 0.0199646073722 0.00879536954644 0.0154835805452 0.0071735082517 0.00258316787941 0.0148150101572 0.0253177022837 0.00729617972911 0.0290057537706 0.0236304196226 0.0232216995251 0.0150760822919 0.0155394908632 0.0279326943399 0.0214263077119 0.0144240110722 0.0078270756477 0.0150225455389 0.00589578663353 0.00730746545152 0.0246096482467 -0.00508128215955 0.00418455963606 0.00305480667415 
0.00611775530373 0.026134186256 0.000376623168365 0.00829934573361 0.0181912091471 0.0284475051085 0.0161277898178 0.0284394989689 0.00868304420759 -0.0150613019699 0.00236853612409 0.0152418195673 0.0135170009612 0.041826826366 0.0202785970918 0.0231087763652 0.0221711948569 0.0221292296175 0.0194827416066 0.180786909799 0.00827346101135 0.012535187215 0.0246999435051 0.00734008634783 0.044300612719 0.00313717701611 0.0151470014791 0.0103019377069 0.0226748826343 0.0193034755406 0.0115571760518 0.0188978321291 0.0221080334058 -0.00614663528778 0.0113268820601 0.00859945451567 0.0134136725583 0.0203355152879 -5.19794684921e-05 0.0227273395954 0.0266420144256 0.0299780822982 0.0123367241366 0.0129206848813 0.0268043955268 0.009478239873 0.0144825185981 0.00735486491886 -0.00031851993632 -0.000559180564417 
0.00519551755173 -0.00749354270321 0.00433355896585 0.00725079116986 0.0318708053963 0.0273726174093 0.0250673067022 0.0333632402442 0.00188999920048 -0.00306134171847 0.00375271513788 0.0462269253861 0.015856315566 0.0158540954542 0.0127436077256 0.00967075211236 0.00900962682255 0.0209073789272 0.00690426832716 0.00827346101135 0.243319769218 -0.00143019475867 0.01508328769 0.00976662928496 0.0148209652891 -0.00103532422613 0.00431638915964 0.0106304637164 0.00454749849659 0.0133512749252 0.0122313683817 0.0433833930718 0.00700522416064 0.00323753540592 0.0162860242771 0.0171494205661 0.00075301272326 0.0019937287167 0.0137636655518 0.0482724089609 0.00335900167858 0.0221467988556 0.0237498247222 0.0096231807793 0.0173584577894 -0.00106955345486 0.0247029811647 0.00968956151973 0.0167164226554 0.00994338831216 
0.0160257468933 0.0142718110039 0.027985770609 0.0140975218005 0.0373498107422 0.0230258838181 0.0032379274105 0.0358670675348 0.00147074567976 0.0158623025904 0.0372075459593 0.0306282654987 0.00138368165755 0.0217011663742 0.0142844390233 -0.000591809284379 0.0160846778279 0.0161260510653 0.0133932104164 0.012535187215 -0.00143019475867 0.264208164194 -0.00152325868949 0.017332537423 0.038223744081 0.01588631122 0.00616116266339 0.00650280733301 0.0158127899448 0.044042348879 0.0157967227747 0.00925678687616 -0.000127874683389 0.0408177047623 0.0245377469061 0.035466847049 0.0115865155452 0.00461793259829 0.00605947238181 0.0595917246007 0.0191965309636 0.014553175147 0.0210450715228 0.0199767503811 -0.00181425355422 0.0129597035335 0.0249203866858 0.0129523763643 0.0239978259762 -0.0242147767189 
0.00598119850512 0.026051898346 0.0129333072764 0.0229967603134 0.011730642462 0.00992841821183 0.0394054827078 0.0643147015233 0.00144676362553 -0.019306718088 -0.000259425074318 0.0143984412992 0.00889462468387 0.0184127309126 0.00805755105747 0.0168235988598 0.0218473043471 0.0411606534382 0.0274545045492 0.0246999435051 0.01508328769 -0.00152325868949 0.396662177729 0.00388669302852 0.0198193357248 0.0167724207145 0.0055046226955 0.00546615180752 0.0122092350565 0.0556491769292 0.0184057410637 0.0106737843719 0.0188625223478 -0.0185815079476 0.0202100510854 0.0245747850904 0.0110717620495 0.0213668098827 0.0137415883177 0.0548861328918 0.0278667036068 0.0134035892062 0.0420634338108 0.0113412585652 0.00743449331948 0.021213330375 0.061408619604 0.0139298586319 0.00191555834927 0.00730692158687 
-0.0036505383396 0.0069100007645 0.00668763827946 0.00893770912045 0.0170277842456 0.00567393958588 0.00558882271007 0.0231810143491 0.0166702241449 0.00792192083175 0.00895815900073 0.0186908176038 0.0218930143543 0.0264163824476 0.00996530371401 0.010506859328 0.0165684303088 0.00849712936899 0.0142266689541 0.00734008634783 0.00976662928496 0.017332537423 0.00388669302852 0.210036031607 0.0111393441954 0.0210517227351 0.000383531596386 0.0111210462575 -7.61092833431e-05 0.0104423197897 0.0215503654395 -0.00598106449502 0.0102455615309 0.00596859978551 0.0201802259427 0.0114413152594 0.0123230513481 0.00913755735727 0.00395700056743 0.0217363852077 0.0181475063351 0.027273865977 0.0100429254685 0.0194610121798 0.0115388511719 0.00898866673238 0.01128423993 0.00926416798746 0.022800390214 0.00458246064287 
0.00246747651307 0.00827607863006 0.0480211276202 0.00522396228452 0.0172946376978 0.00662534127319 0.0105258128491 0.0292687039974 0.0102922806332 -0.0109772152134 0.0107397699312 0.0100831961492 0.00530824134607 0.0427968177501 0.0276417210618 0.000460839741303 0.0083444694452 0.0204271741232 0.0158229784438 0.044300612719 0.0148209652891 0.038223744081 0.0198193357248 0.0111393441954 0.205354964217 0.0153191965438 0.0179996963734 0.0179929493949 0.0171728485612 0.0251154879997 0.0159890758381 0.00759528670518 -0.00320721406171 0.00873694796176 0.0176022077594 0.0222722426045 0.0194332419027 0.0219794557723 -0.00758358819843 0.0329958127036 0.0252154498532 0.0127246679365 0.00669987114589 0.0155166738817 0.020093891539 0.0145022839387 0.0207462781091 0.00372128042069 0.0176806723896 0.000418800300823 
0.00539419545952 0.00782060205849 -0.000496498737836 -0.00196009718365 -0.00422980458095 0.00595561776981 0.00484279499984 0.0159390102876 0.00237866817562 0.00248674651849 0.0113115547976 0.0253075708196 0.0136541859395 0.0114601786082 -0.00783120128798 0.0137218429985 0.00193795275543 0.00241148656463 0.0320172281472 0.00313717701611 -0.00103532422613 0.01588631122 0.0167724207145 0.0210517227351 0.0153191965438 0.275209190919 0.0214218084001 0.0203990156014 0.0217100257085 9.95782604161e-05 -0.0010684333134 0.000473038249356 0.000220512504198 0.0276406118767 -0.00155144471472 0.00684493306117 0.0136673450858 0.00988604568502 0.000371719573633 0.00181514017872 0.0269697786431 0.017932391711 0.00245604846783 0.0229771906695 0.0206298053102 0.0101590306822 0.00299572076332 0.00253038011994 0.00164404545081 0.0249061536665 
0.00960310291755 0.0127738253949 0.00754923992087 0.000169822157664 0.00790350735129 0.0287534130533 0.0146845688827 0.000529005565344 0.0109934908115 -0.00213693041197 0.0281163002906 0.0111106006454 0.0123984801268 0.00933355503857 -0.00531671761415 0.00709254338491 0.026248113324 0.0112340584237 0.0199646073722 0.0151470014791 0.00431638915964 0.00616116266339 0.0055046226955 0.000383531596386 0.0179996963734 0.0214218084001 0.150518826845 0.0147164607525 0.0507685287087 0.0151461750146 0.00418279117213 0.00112706236287 0.00725887174365 0.0354696346494 -0.000854774786818 0.019197883507 0.0127830404245 -0.000157356083904 0.0172475689695 0.0255146032969 0.0276159062695 0.00370601809336 -0.00834817267102 -0.00493811272245 0.0183903466565 0.017415602933 0.0113581186814 0.00590632777885 0.0234161236347 0.0206161623532 
0.00734406918858 0.0117636923442 0.00934158792356 -0.0100559908673 0.00281720570375 0.00769852033248 0.0106090328113 0.012547430711 0.0144425494332 -0.00349590698292 0.000406574406229 0.0207729918297 0.00818817428717 0.00995862153541 0.0141956777727 0.0161818364158 0.00458761343235 0.0120801510399 0.00879536954644 0.0103019377069 0.0106304637164 0.00650280733301 0.00546615180752 0.0111210462575 0.0179929493949 0.0203990156014 0.0147164607525 0.236608406966 0.0165375265093 0.011432861147 0.00265716230452 -0.0175840429477 0.024342977677 0.00944235218549 -0.00268476164917 0.00382032332469 0.0129983524515 -0.00483850651019 -0.00666365666181 0.00579262858395 0.0199322245301 0.0368638799379 0.00555076333823 0.0127356074355 0.0104276673116 0.0084972315749 0.0075456507989 -1.70571275283e-05 0.0170274878822 0.0237195600683 
0.00647729377474 0.0209182886275 0.00953683874895 0.00570494380813 0.0150951425377 0.01794236579 0.00235832533614 -0.000722882511503 0.00772486396891 -0.00418991423193 0.0246420018477 0.00658146759692 0.0191501672851 0.0139755320277 -0.00172856642342 -0.00402371684502 0.0246237590128 -0.0037099237935 0.0154835805452 0.0226748826343 0.00454749849659 0.0158127899448 0.0122092350565 -7.61092833429e-05 0.0171728485612 0.0217100257085 0.0507685287087 0.0165375265093 0.187365272033 -0.00142028244913 0.00580532770116 -0.000593099597992 0.0119428221734 0.0319473671905 -0.00807166972486 0.00612256555284 0.0128821852258 0.00747299115083 0.00475028220653 0.0100585809968 0.0170445009476 0.0172952679829 0.00575477947428 0.0116715317759 0.0253082770518 0.0223118391688 0.0136300759959 0.00729997032785 0.0255750314279 0.00430162697162 
0.00765767523914 0.00819107275806 0.0246225845546 0.00288189027402 0.106256373419 0.00731859348191 0.0239746729683 0.0941161221954 0.0178257393887 0.0598829811879 0.0357640657157 0.0404412882329 -0.00214342529529 0.0092907087332 0.0332316380857 -0.00612844431447 0.0312284286102 0.0213178908141 0.0071735082517 0.0193034755406 0.0133512749252 0.044042348879 0.0556491769292 0.0104423197897 0.0251154879997 9.95782604166e-05 0.0151461750146 0.011432861147 -0.00142028244913 0.3452491419 -0.00527069371227 0.0372744664264 0.0234908553531 0.0255962843244 0.0228197465621 0.0962511941155 0.0138561084556 0.0151304309548 0.0147180471563 0.0888543941456 0.0166416456427 -0.00746191333223 0.0282522842059 0.0246886374532 0.00152260591887 0.000943655127088 0.0711447755339 0.0167717320725 0.0390556116984 0.0228215118114 
0.00276457293392 0.0104687250659 0.00524006902472 -0.00329228050196 0.0122335635299 0.0205377465608 0.0173326558266 0.0169426574843 0.00796553631874 -0.00964605243713 0.0128619170663 0.0218773856328 0.00254245345552 0.0255966772956 0.00363474461683 0.00151982204681 0.0212826486486 0.0160519946693 0.00258316787941 0.0115571760518 0.0122313683817 0.0157967227747 0.0184057410637 0.0215503654395 0.0159890758381 -0.0010684333134 0.00418279117213 0.00265716230452 0.00580532770116 -0.00527069371227 0.319307957272 0.0195533292208 -0.00201214485946 -0.000411046937987 -0.00558673637834 0.0120214351858 0.00998089904897 -0.00322976857724 0.00534368735003 0.00981686168252 0.0183898989899 -0.00474905990679 0.0184337653684 0.0141299468291 0.0167713008733 0.0277186844042 0.000789484658275 -0.00090279956069 0.00219009750947 0.0556110305894 
-0.00193420749922 0.0170886070884 0.0076114261231 -0.00390303649512 0.0225475034847 0.00589017454136 0.00607606209686 0.0265237514426 -0.00462602583961 -0.0326121254849 0.021563011566 0.0284376914925 -0.00333745534693 0.00490357048946 0.00613159698355 -0.0025243531108 0.0228453092051 0.0131842457614 0.0148150101572 0.0188978321291 0.0433833930718 0.00925678687616 0.0106737843719 -0.00598106449502 0.00759528670518 0.000473038249357 0.00112706236287 -0.0175840429477 -0.000593099597992 0.0372744664264 0.0195533292208 0.906718388304 0.0256504914624 0.00596087811352 -0.00909909011085 0.00996849874732 0.00151457454735 -0.00611584574149 0.0214515142796 0.0206116988666 0.0228491488427 0.000950947701371 0.00373622057454 -0.00728949206669 0.0213141979327 -0.0148467487229 0.000170944898614 0.0168566024364 0.0469467178542 0.0112273105942 
0.0014192485982 -0.0108239119593 0.0293442333698 0.0016253258989 0.0290195670591 0.0169757424784 0.0150591940945 0.0199909349144 0.0140761462571 -0.0175990360417 0.000896033544407 0.0296225016837 0.00560722664898 0.0265689441484 0.00569748715151 0.0186928207281 0.0188884648845 0.0346508827075 0.0253177022837 0.0221080334058 0.00700522416064 -0.000127874683389 0.0188625223478 0.0102455615309 -0.00320721406171 0.000220512504198 0.00725887174365 0.024342977677 0.0119428221734 0.0234908553531 -0.00201214485946 0.0256504914624 0.508243139644 0.000208153541112 0.0171855842924 0.0116804940114 0.00576260507341 0.00959826959021 -0.00493902873962 0.0223633890546 0.0138005710529 -0.00298971437623 0.0218442752631 0.0179659045302 0.000760851059725 0.0128396205272 0.00179835300092 0.00318878247356 0.0355498060143 0.0481679364362 
0.0326465076426 0.000707973775865 0.0896630551012 0.0179734285672 0.0271092170723 0.0114381890489 0.00509694768559 0.0787721652914 0.00151577933993 0.017857867274 0.115458231375 0.00297203688562 0.0112174776793 -0.000838778722111 0.00284606809555 0.000464667560433 0.0220079118266 -0.00103243591801 0.00729617972911 -0.00614663528778 0.00323753540592 0.0408177047623 -0.0185815079476 0.00596859978551 0.00873694796176 0.0276406118767 0.0354696346494 0.00944235218549 0.0319473671905 0.0255962843244 -0.000411046937987 0.00596087811352 0.000208153541112 0.341985480414 0.00623699991494 0.0278044211941 0.0146047047022 -0.00573464869766 0.108106644343 0.0349547475241 0.0167710151101 0.010474857241 0.0230087754698 0.00377186392241 0.0134747203842 0.00674083344326 0.0214451523848 0.00444648325331 0.138457934718 0.00182231380973 
-0.00488904370255 0.00518163731329 0.0039706070436 0.020992037265 0.0389775532892 0.0135719947744 0.0261142631395 0.0360158180277 0.0173844836901 -0.00860298151766 0.00745294544939 0.0116706067144 0.007233653482 0.0290688640454 0.0111247435219 -0.00529821756256 0.0141711437628 0.0185895476961 0.0290057537706 0.0113268820601 0.0162860242771 0.0245377469061 0.0202100510854 0.0201802259427 0.0176022077594 -0.00155144471472 -0.000854774786818 -0.00268476164917 -0.00807166972486 0.0228197465621 -0.00558673637834 -0.00909909011085 0.0171855842924 0.00623699991494 0.353779151128 0.0145637131489 0.00493969765367 0.01329555407 -0.00349642337539 0.0289875021078 0.0147133160613 0.0378012077778 0.0187865052042 0.0157498635108 0.0161602917741 0.0159754781461 0.0222129605279 0.00459843156094 -0.000338550892801 -0.00363080375375 
0.0107606725099 0.00948159350849 0.0446597475362 0.0310340473371 0.0301918285484 0.029482358017 0.0151217007845 0.0372795170125 0.00963502536949 0.032712926396 0.0201156778739 0.0639305607572 -0.00217869581754 0.00406351474057 0.0664743141981 -0.00118207275689 0.0361623824017 0.0743814541828 0.0236304196226 0.00859945451567 0.0171494205661 0.035466847049 0.0245747850904 0.0114413152594 0.0222722426045 0.00684493306117 0.019197883507 0.0038203233247 0.00612256555284 0.0962511941155 0.0120214351858 0.00996849874732 0.0116804940114 0.0278044211941 0.0145637131489 0.886333916256 0.0122640236776 -0.0018445867135 0.0323926213622 0.13625846525 0.0419329973671 0.0715037994141 0.0405820658491 0.00874872790054 0.0167620052235 0.0263424517193 0.124304849447 0.0301536300028 0.0648225239565 0.0161153973323 
0.00326748723305 0.00764536545382 0.0160046843918 0.0161609011789 0.0151509696383 0.012629272023 0.0012070001417 0.0133164634958 0.0101461832854 0.0138590502096 0.00136257597067 0.0289371765375 0.0152706199007 0.0213059193436 0.0116527840795 0.00916926697669 0.0137827116409 0.0121270433049 0.0232216995251 0.0134136725583 0.000753012723259 0.0115865155452 0.0110717620495 0.0123230513481 0.0194332419027 0.0136673450858 0.0127830404245 0.0129983524515 0.0128821852258 0.0138561084556 0.00998089904897 0.00151457454735 0.00576260507341 0.0146047047022 0.00493969765367 0.0122640236776 0.138713079708 0.0101347005255 0.00807388232519 0.0392305989832 0.0229560438599 0.00928437532146 0.0217147480068 0.0148393823149 0.00736414338936 0.0136487281026 -0.00303027374811 0.00259821940874 0.00689445764621 0.000530134221835 
0.00097832390875 -0.000187724350966 0.0052594007646 0.0137065245113 0.0132444291491 0.0076967205739 0.0119322973387 0.0170462520405 0.00745639365877 -0.0015225959919 -0.00513164682754 0.0100427043649 0.0168305547752 0.0164723112007 -0.000482812487762 0.0214418203693 0.00510502804406 0.0149075052597 0.0150760822919 0.0203355152879 0.0019937287167 0.00461793259829 0.0213668098827 0.00913755735727 0.0219794557723 0.00988604568502 -0.000157356083904 -0.00483850651019 0.00747299115083 0.0151304309548 -0.00322976857724 -0.00611584574149 0.00959826959021 -0.00573464869766 0.01329555407 -0.0018445867135 0.0101347005255 0.187084838074 0.00281198553256 0.00737088341709 0.00974668097615 0.0200490058922 0.00344622845635 0.0138181118758 0.00506415779464 0.0132115214924 0.00456003388756 -0.00109099074943 0.00811405863944 0.0355125834731 
0.00239221414689 0.00521262230674 0.110769484548 0.0153785817793 0.000950032594737 0.00895441766888 0.0143857509245 0.067772714494 0.0123708972061 0.0888145091419 0.146137950096 0.00994103164503 0.01087177548 0.00158235905513 -0.00954124874314 0.014022504011 0.0046830015813 0.0140178340001 0.0155394908632 -5.19794684922e-05 0.0137636655518 0.00605947238181 0.0137415883177 0.00395700056743 -0.00758358819843 0.000371719573633 0.0172475689695 -0.00666365666181 0.00475028220653 0.0147180471563 0.00534368735003 0.0214515142796 -0.00493902873962 0.108106644343 -0.00349642337539 0.0323926213622 0.00807388232519 0.00281198553255 0.36706189612 0.0691372947636 0.00822456846667 0.0155407757586 0.0106893293029 -0.00226529284836 -0.00169560873451 0.000921980206094 0.00663560304014 -0.00245156775346 0.161319894247 0.0065542794271 
0.0470142417391 0.0596561129309 0.0592105470642 0.0473066012992 0.0702207260427 0.0345962544889 0.0312103946764 0.105812291589 0.00969511501875 0.0494371357884 0.0397324390678 0.0729632672011 0.0214489826432 0.0198701353753 0.0692586474332 0.0106741334067 0.0372727216848 0.0668763680899 0.0279326943399 0.0227273395954 0.0482724089609 0.0595917246007 0.0548861328918 0.0217363852077 0.0329958127036 0.00181514017872 0.0255146032969 0.00579262858395 0.0100585809968 0.0888543941456 0.00981686168252 0.0206116988666 0.0223633890546 0.0349547475241 0.0289875021078 0.13625846525 0.0392305989832 0.00737088341709 0.0691372947636 0.859950057965 0.0236448171875 0.0446370294236 0.0209704073097 0.0765605507366 0.026153699208 0.0191305530789 0.102895003224 0.035686135847 0.039980271254 0.0142980579234 
0.00885665819101 0.0172524919751 0.0258788900224 0.018341394414 0.0169502902691 0.0256949939296 0.0239846306569 0.0406517241539 0.00238364947744 0.0152125655565 0.0145669390874 0.0140615601642 0.0116202472293 0.0286918584184 0.0191691963055 0.00638245697684 0.024864688934 0.0317210075327 0.0214263077119 0.0266420144256 0.00335900167858 0.0191965309636 0.0278667036068 0.0181475063351 0.0252154498532 0.0269697786431 0.0276159062695 0.0199322245301 0.0170445009476 0.0166416456427 0.0183898989899 0.0228491488427 0.0138005710529 0.0167710151101 0.0147133160613 0.0419329973671 0.0229560438599 0.00974668097615 0.00822456846667 0.0236448171875 0.229478349692 0.0168192754896 0.00801148069756 0.0205099384388 0.0513982179695 0.0404411840468 0.0202108869738 0.0127688821977 0.0365996248135 0.011540112542 
0.00438632300766 0.0284843762308 0.00882317857606 0.0146515079901 0.004353952847 -0.00488810008823 0.0124342935362 0.0362826183039 0.0166637148862 -0.0223429646243 0.0298168639673 0.0542605747651 0.00546326030498 0.024643351471 0.0268272354506 0.016824404519 0.0202394332906 0.0250779090803 0.0144240110722 0.0299780822982 0.0221467988556 0.014553175147 0.0134035892062 0.027273865977 0.0127246679365 0.017932391711 0.00370601809336 0.0368638799379 0.0172952679829 -0.00746191333223 -0.00474905990679 0.00095094770137 -0.00298971437623 0.010474857241 0.0378012077778 0.0715037994141 0.00928437532146 0.0200490058922 0.0155407757586 0.0446370294236 0.0168192754896 0.8746952747 0.0179408666387 0.00492702720492 -0.00718381826109 0.0143877651868 0.0602079163283 0.00601042261542 0.0291262884768 0.00190947790433 
0.00454894233455 0.00822901667558 0.0186369073958 0.0158596061283 0.0348218468272 0.0244944759595 0.0332551338536 0.0550533980028 0.0202722043418 0.034309982135 0.0244591513113 0.0653363574002 0.0153992617291 0.0140324364328 0.026788562102 -0.00211238500206 0.0201738249033 0.0319102026305 0.0078270756477 0.0123367241366 0.0237498247222 0.0210450715228 0.0420634338108 0.0100429254685 0.00669987114589 0.00245604846783 -0.00834817267102 0.00555076333823 0.00575477947428 0.0282522842059 0.0184337653684 0.00373622057454 0.0218442752631 0.0230087754698 0.0187865052042 0.0405820658491 0.0217147480068 0.00344622845635 0.0106893293029 0.0209704073097 0.00801148069756 0.0179408666387 0.270540095634 0.0231464129229 0.00556040511574 0.00757140071882 0.0568951143754 0.0106580828539 0.0407675108546 0.0124960694522 
0.00356223175548 0.00271054117721 0.0115759862009 0.0207676869516 0.0201946683026 0.0204499244255 0.00763326222421 0.0346127302146 0.00892467828744 0.0116976163253 0.0154731628197 0.0574177797916 0.00595225740626 0.0233228795095 0.0511471607191 -0.00188214220258 0.0184836836233 0.018297589845 0.0150225455389 0.0129206848813 0.00962318077931 0.0199767503811 0.0113412585652 0.0194610121798 0.0155166738817 0.0229771906695 -0.00493811272245 0.0127356074355 0.0116715317759 0.0246886374532 0.0141299468291 -0.00728949206669 0.0179659045302 0.00377186392241 0.0157498635108 0.00874872790054 0.0148393823149 0.0138181118758 -0.00226529284836 0.0765605507366 0.0205099384388 0.00492702720492 0.0231464129229 0.272388000591 0.0316329810714 0.0173333986771 0.0264432535721 0.0105749275813 0.0251733189833 0.00824330172473 
-0.0100212944756 0.0103935691578 0.00123083542491 0.00766561188369 0.007850381402 0.00252924720643 -0.00802099139666 -0.0129078217355 0.00639054019287 0.0117264245648 0.0136082028981 -0.0124226405927 0.0185503243786 0.029562347938 0.0151339936999 0.0118544063428 0.0139133574644 0.0405885996684 0.00589578663353 0.0268043955268 0.0173584577894 -0.00181425355422 0.00743449331948 0.0115388511719 0.020093891539 0.0206298053102 0.0183903466565 0.0104276673116 0.0253082770518 0.00152260591887 0.0167713008733 0.0213141979327 0.000760851059725 0.0134747203842 0.0161602917741 0.0167620052235 0.00736414338936 0.00506415779464 -0.00169560873451 0.026153699208 0.0513982179695 -0.00718381826109 0.00556040511574 0.0316329810714 0.720296198638 0.0138750771035 0.0057959725201 0.00320457480337 -0.000200795748285 -0.000159314992625 
0.000707438423835 0.0210645263429 0.00694130089583 0.00640655587846 0.0144797964598 0.0133355544212 0.0128415572163 0.0205856509085 0.00551217377507 -0.00548924541362 0.0248268026871 0.0127398001148 0.0178780311669 0.0129352721466 0.0140972203574 -0.00736208812721 0.0125354576864 -0.0153873497599 0.00730746545152 0.009478239873 -0.00106955345486 0.0129597035335 0.021213330375 0.00898866673238 0.0145022839387 0.0101590306822 0.017415602933 0.0084972315749 0.0223118391688 0.000943655127088 0.0277186844042 -0.0148467487229 0.0128396205272 0.00674083344326 0.0159754781461 0.0263424517193 0.0136487281026 0.0132115214924 0.000921980206094 0.0191305530789 0.0404411840468 0.0143877651868 0.00757140071882 0.0173333986771 0.0138750771035 0.242279599237 0.0170661551437 0.00477797209966 0.0240009798945 0.0133172261254 
0.0184345389754 0.0187425535147 0.0416056818777 0.0510626216696 0.0334785912147 0.0264629960913 0.0278780676088 0.0663264369503 0.0111649378302 0.0157049153966 0.0430224624982 0.0801167633764 0.0306593304049 0.00695725696267 0.0504007703917 -0.00198143417018 0.0403179414841 0.0102666677503 0.0246096482467 0.0144825185981 0.0247029811647 0.0249203866858 0.061408619604 0.01128423993 0.0207462781091 0.00299572076332 0.0113581186814 0.0075456507989 0.0136300759959 0.0711447755339 0.000789484658275 0.000170944898614 0.00179835300092 0.0214451523848 0.0222129605279 0.124304849447 -0.00303027374811 0.00456003388756 0.00663560304014 0.102895003224 0.0202108869738 0.0602079163283 0.0568951143754 0.0264432535721 0.0057959725201 0.0170661551437 1.17165003273 0.00931118859762 0.0775880513122 0.00395982139244 
