40
0.0352458247454 0.0528259349661 0.0373994541978 0.0420146984796 0.0487859931196 0.0331056926512 0.0540864966038 0.0348828940045 0.0933125666969 0.0545718905582 0.0910259677787 0.0304896250645 0.640104613609 0.0184249616408 0.015652967587 0.0784336943662 0.118814959333 0.0391901687574 0.103528049483 0.00361039022472 0.0362094771936 0.0538734886168 0.0592302274211 0.15717092416 0.0299059053764 0.153319254475 0.0533662879029 0.0788996306534 0.0426672552596 0.0441448787565 0.15397042743 0.0271794955288 0.0765601453803 0.045915457725 0.0896788789081 0.050100863095 0.0621529110589 0.0843714281037 0.126958151155 0.0436219100546 
0.211977199801 0.0165874136254 0.0251662279212 0.0138391315619 0.0192072551521 0.0235392930102 0.02573040327 0.0156347961105 -0.00164597528107 0.0128971470634 0.00750376114041 -0.00264707452154 0.00599690100293 0.0212354698514 0.0112673954078 0.00714820429545 0.00881732428842 0.0134287662738 -0.00492756565745 0.0141784763217 0.0158502893759 0.0309199349166 0.0174953134657 0.0228132719262 0.00450227069972 0.0419341242969 0.0133211889641 0.00507323053057 0.0149482094974 0.0269532660567 -0.000536591690346 0.00268560915142 0.0114456744698 0.021524155494 0.0354284898844 0.0191488103082 0.0286069390547 0.0138737125865 0.0109368033475 0.0318454465276 
0.0165874136254 0.283159294318 0.0224967383697 0.022684119176 0.0144002599551 0.00835790971022 0.0171806478646 0.0260886855728 0.00519556919704 0.0180726163727 0.0266221049969 0.0232903567934 0.0459354300637 0.0222127258432 0.0187727179542 0.0110931416934 -0.00127768620572 0.00880421478858 -0.00250161808488 0.0176513541001 0.0268195956505 0.00763450618004 0.0172796530157 0.0352565478631 0.0652801210133 0.00751874771298 0.00525042192606 -0.00325388859988 0.023565613124 0.029337799641 0.00122828356864 0.0158012860352 0.0171929383399 0.0254487954847 0.0320295802779 0.0244046958586 0.0166265434577 0.00370027764783 -0.00282262229468 0.0432799012705 
0.0251662279212 0.0224967383698 0.314391365254 0.0174194517891 0.0258040759695 0.0176003392178 -0.00520843526983 0.00784476558721 0.00295637816915 0.00609331526942 0.0244369153915 0.0183604894662 0.0075714593988 0.0261944908334 0.0325480068576 0.0256580641956 0.0111960044219 0.0177770111149 0.00824681421548 0.0201147358094 0.0393848309544 0.0453870664041 0.0408551959927 0.0252274332317 0.0248773112235 0.0355817617719 0.0106750989526 0.00701807799051 0.0204476021521 0.0203501455344 0.0226141752845 0.0227985920275 0.0220120267425 -0.00437029713364 -0.000856648098116 0.0121607446044 0.0294736377982 0.0158655065594 0.00731513888399 0.0215619570941 
0.0138391315619 0.022684119176 0.0174194517891 0.210714172888 0.00379680963829 0.0247002111096 0.0113332344982 0.0174859379081 -6.51229671808e-05 0.0357872373029 0.00568518438324 0.0073842223432 0.00502647284828 0.0230777505545 0.0179250317351 0.0218458631004 0.016723942699 0.0190899923974 0.0435866692844 0.0134331530053 0.00973410085682 0.0146789954009 0.00355564327895 0.0192042437317 0.024046960692 0.0208252436918 0.0385957584445 0.0155176118029 0.0184720422189 0.0126371273795 0.038886600305 0.0106026270277 0.021909962743 0.0340816544396 0.0303843026751 0.00314082045409 0.0119134725578 0.00796449314989 0.0459105741659 0.0194993148888 
0.0192072551521 0.0144002599551 0.0258040759695 0.00379680963829 0.454077970058 0.00915247614678 0.0161574735082 0.0148696911019 0.00312929669838 0.0168416523248 0.033848889863 0.000550766597398 -0.0106371924673 0.0167883240929 -0.00529302187754 0.00253864762518 0.0173433448704 0.00553717645133 0.0164209026063 0.0117726070704 0.0149826122564 0.0132669855591 0.0341269871496 -0.00641843536505 0.0269568056001 0.0390241605082 -0.00327857201562 -0.00925629970024 0.00636899353165 0.0203766647739 0.0188716003618 0.0225506214057 0.0165585390095 0.0100406942491 0.0209830410617 0.0195690855111 0.0233557599714 0.0131516280815 0.0346322709609 0.0161589299306 
0.0235392930101 0.00835790971022 0.0176003392178 0.0247002111096 0.00915247614679 0.203356215119 0.0140304160384 0.00359526567417 0.0107592341419 0.0395863425504 0.0110361935986 -0.00404631328088 0.00165966537409 0.0322053707964 0.0107437595942 0.0213391460609 0.0326112391971 0.018401251218 0.0469683321297 0.00719219035961 0.0296256047173 -0.00575320791998 0.0165028487744 0.00308252647037 0.011923478158 0.00540460916252 0.0129621790366 -0.00347403685081 0.0327612106938 0.0345281743894 0.0409436427068 0.014278639552 0.00742865758684 0.0133467112918 0.0220231314786 0.0135277036709 0.00948887712562 0.0136704894439 0.0434652753429 0.0458165920284 
0.02573040327 0.0171806478646 -0.00520843526983 0.0113332344982 0.0161574735083 0.0140304160384 0.387813633586 0.00701748912399 -0.0117731920384 0.0128127999703 0.0242052525078 -0.00362835514767 -0.00623201681721 0.0305446596817 0.00563984601922 0.0120573038054 0.0462348273057 0.00500541128548 0.0151153437247 0.010120307303 0.0222945983738 -0.00407915464597 0.0172132875659 0.0153162282538 0.0150606478443 0.0469106071894 0.0176936103882 -0.0124508909927 0.0152273647452 0.0244127439513 0.026617429498 0.00788308328299 0.0114667749347 0.0100198832645 0.0370225216382 0.0237428186002 0.0199907127004 -0.000233928620158 0.0096544220625 0.0178039252936 
0.0156347961105 0.0260886855728 0.00784476558721 0.0174859379081 0.0148696911019 0.00359526567417 0.00701748912399 0.230515397347 0.00444316189271 -0.0020881760813 0.0147841422333 0.00945736867477 0.0247941074395 0.00919242533183 0.0249577739817 -0.00207602650498 0.0141629883427 0.0176093141908 0.0331575955479 0.00826244250326 0.0139351567607 0.0174733167489 0.0012412306998 0.0500207258334 0.0160438914231 0.0300480846295 0.0191753856578 0.0111784885651 0.00418186119774 0.0232173686798 0.0253800739618 0.00201795387089 0.0328593255943 0.0144352383557 0.0314596243384 0.0269995662341 0.0219112929438 0.0449395002479 0.0161375956308 0.0192453565858 
-0.00164597528107 0.00519556919704 0.00295637816915 -6.51229671803e-05 0.00312929669838 0.0107592341419 -0.0117731920384 0.00444316189271 0.991825588156 -0.000495509724899 0.0182402113181 -0.00169935320156 0.0153396047685 0.0110330335813 0.0259468135947 0.0726186004385 0.0170870267875 -0.001597169444 0.00724522572956 0.00303769628987 0.00834605942987 0.00498588485492 0.0129003002641 0.101887094949 -0.00437793703994 0.0234838380408 0.0193046298257 -0.00347357882161 0.00630541983591 0.00946271370589 0.00214906508366 0.00171777261557 0.0224173076963 0.0251196479163 0.00796777047374 0.031889277739 -0.0104746570503 0.0214739665221 -0.0117203826535 0.0145189105351 
0.0128971470634 0.0180726163727 0.00609331526941 0.0357872373029 0.0168416523248 0.0395863425504 0.0128127999702 -0.0020881760813 -0.000495509724898 0.283461613454 0.00324996523674 0.0113882373794 -0.0375493954752 0.0276404881472 0.00686867093271 0.00795110691286 0.0192753918471 0.0195571285222 0.0436150609479 0.0122757686741 -0.000131344613788 0.00331305476896 0.0126898730131 -0.000499884792724 0.01223806843 0.0159025401402 0.0403324583407 -0.011206646746 0.0196342220121 0.0278762120721 0.0270886390086 0.00696859558949 0.0146828516225 0.0235512955271 0.0105377853962 0.0154224244159 4.90013807934e-05 0.00482643689381 0.0301698377045 0.0263836515542 
0.00750376114041 0.0266221049969 0.0244369153914 0.00568518438324 0.033848889863 0.0110361935986 0.0242052525079 0.0147841422333 0.0182402113181 0.00324996523674 0.435021379024 0.0226664387009 0.0333516839035 0.0144425588143 0.0256696304928 0.0422711196709 0.0282715285965 0.0086600426262 0.0107790982047 0.00925425641904 0.0220694042525 0.0245547510025 0.0147472954939 0.0489106218117 0.0234778087442 0.0282266324733 0.0108896912376 0.0128604336399 0.00202008286913 0.0159642410084 0.0103874848705 0.0439702155506 0.0386441333942 0.0173692407768 0.0052023350888 0.0215962744112 -0.00344923274113 0.0143692198156 0.00970409048232 0.0213121668124 
-0.00264707452156 0.0232903567934 0.0183604894662 0.00738422234319 0.000550766597395 -0.00404631328088 -0.00362835514767 0.00945736867477 -0.00169935320156 0.0113882373794 0.0226664387009 0.21178708815 -0.0143952660356 0.0076962708338 0.0138060553474 0.0163588463455 0.000192237310357 -0.00129661477477 0.00524964260217 0.00603797587935 0.00507922466788 0.0289776521449 0.00247515478723 -0.0033744793572 0.0077563130698 0.0266624825913 0.0118369065215 0.00487253002034 0.0147886199684 0.0117824672113 0.012365292978 0.00207349712974 0.0265682896434 0.00793158232457 0.00816291543621 0.00311224878341 -0.00859570903401 0.00565164745486 0.0054909981483 0.00576777182966 
0.00599690100293 0.0459354300637 0.0075714593988 0.00502647284828 -0.0106371924673 0.00165966537409 -0.00623201681721 0.0247941074395 0.0153396047685 -0.0375493954752 0.0333516839035 -0.0143952660356 6.86670193707 0.0148682039287 0.0186704481127 0.0130758596343 0.00633443504806 -0.00113987381786 -0.0394578920447 0.00619224743581 0.0186916311427 -0.0243385466988 -0.0169321625153 0.0402378798236 0.0104249854913 0.0180431673145 0.00251738352325 0.0337652949014 -0.00210289319496 -0.00737863519671 -0.048464094377 0.0220804500495 0.00315644423246 0.0172163407062 0.0258925213685 0.0037246410117 -0.000280237888327 0.0622133472395 -0.0266060445803 0.0164537466648 
0.0212354698514 0.0222127258432 0.0261944908334 0.0230777505545 0.0167883240929 0.0322053707964 0.0305446596817 0.00919242533183 0.0110330335813 0.0276404881472 0.0144425588143 0.0076962708338 0.0148682039287 0.161541580097 0.00802621787661 0.0113698413289 0.00865619099714 0.0194960746766 0.0193044322309 0.0167840854559 0.0334710853676 0.0201392006585 0.023778298267 0.0179843829798 0.0184526027545 0.0274936006568 0.0105962697647 0.0183776887986 0.0286469457001 0.047442809686 0.0018246160721 0.0231193619317 0.0196766022914 0.0184975524302 0.0259286683686 0.0301246866677 0.00654601681544 0.0191229262001 0.0219410450642 0.0567613994207 
0.0112673954078 0.0187727179542 0.0325480068576 0.0179250317351 -0.00529302187755 0.0107437595942 0.00563984601922 0.0249577739817 0.0259468135947 0.00686867093271 0.0256696304928 0.0138060553474 0.0186704481127 0.00802621787661 0.225785025198 0.025416184855 0.0319093347987 0.0320117022656 0.00486450324829 0.011020890425 0.0300765430761 0.0176449080422 0.00961431535922 0.035228307052 0.0066404816903 0.0360452232536 0.0081803455444 0.00682970086701 0.0120322156196 0.0240639093657 0.0105628553333 0.0157676364658 0.0219622988897 0.00820647645047 0.0374706047359 0.0229812561841 0.0221194109787 0.00973884878445 0.0182093055621 0.004925743139 
0.00714820429546 0.0110931416934 0.0256580641956 0.0218458631004 0.00253864762519 0.0213391460609 0.0120573038054 -0.00207602650498 0.0726186004385 0.00795110691286 0.0422711196709 0.0163588463455 0.0130758596343 0.0113698413289 0.025416184855 0.362763520999 0.0279360817001 0.00704225942911 0.00265194588651 0.01427607129 0.00480108941134 -0.0112147822479 0.0270078135668 0.0437881689798 0.00791810741854 0.0105853105505 0.00135305663445 -0.00377141556521 0.00935804038275 0.016743736847 0.00914772502009 0.0239763866676 0.0187349028441 0.00934686239041 -0.00756199347496 0.00877782088547 0.00426975851205 0.00352611155309 0.020571210317 0.00249508943305 
0.00881732428842 -0.00127768620571 0.0111960044219 0.016723942699 0.0173433448704 0.0326112391971 0.0462348273057 0.0141629883427 0.0170870267875 0.0192753918471 0.0282715285965 0.000192237310361 0.00633443504806 0.00865619099714 0.0319093347987 0.0279360817001 0.495637073512 0.0197019242657 0.0212928369601 0.0115610568384 0.0130161102436 0.0332193077882 0.0462183671583 0.0650620180329 -0.00578636734969 0.025945007402 0.010212441169 -0.00225367659219 0.0220048242164 0.0252008485895 0.0369833964314 0.0291332422776 0.0331342674515 -0.00424299816294 0.0849668900139 0.0256543246755 0.0255964214147 0.0107672910131 0.0196108181971 0.025559813593 
0.0134287662738 0.00880421478858 0.0177770111149 0.0190899923975 0.00553717645133 0.018401251218 0.00500541128549 0.0176093141908 -0.001597169444 0.0195571285222 0.0086600426262 -0.00129661477477 -0.00113987381786 0.0194960746766 0.0320117022656 0.00704225942911 0.0197019242657 0.205218935447 0.00347476740417 0.012085745966 0.00885267287049 0.0329204035289 0.00370183384484 0.018306665005 0.0223224531616 0.0113093731114 0.0196147458459 0.0215585977796 0.0121520635651 0.0232185203388 -0.00707939627207 0.00640475284157 0.0264662351562 0.0129139651841 0.0321800334287 0.00658067775996 0.00962460835152 0.0168806511897 0.0151486646024 0.0274890253212 
-0.00492756565744 -0.00250161808488 0.00824681421549 0.0435866692844 0.0164209026063 0.0469683321297 0.0151153437247 0.0331575955479 0.00724522572956 0.0436150609479 0.0107790982047 0.00524964260217 -0.0394578920447 0.0193044322309 0.00486450324829 0.0026519458865 0.0212928369602 0.00347476740417 0.402480965588 0.000434887840816 0.00671761830809 0.00643002775355 0.000912626789076 0.0275213218025 0.00483451496668 -0.00653339213142 0.0245691333833 0.0106578321609 0.0245250944841 0.016006046678 0.146132520757 0.0159767534149 0.0212017832959 0.00658299517199 -0.0105281089795 0.0268438194378 -0.00366164052454 -0.00749257011082 0.157590418742 0.012039565002 
0.0141784763217 0.0176513541001 0.0201147358094 0.0134331530053 0.0117726070704 0.00719219035962 0.010120307303 0.00826244250326 0.00303769628987 0.0122757686741 0.00925425641904 0.00603797587935 0.00619224743581 0.0167840854559 0.011020890425 0.01427607129 0.0115610568384 0.012085745966 0.000434887840816 0.22228341148 0.0119063083746 0.00994745927034 0.0360894117639 0.00568674169453 0.0175394395079 0.0141172215109 -0.00120669227485 0.0201500877762 0.00831240518311 0.00929706627052 -0.00630695592228 0.0166326401414 0.014392197198 0.0248058833022 0.0134882233729 0.0104833017886 0.0283844262452 -0.00800557191324 0.0204827370148 0.00832370302435 
0.0158502893759 0.0268195956505 0.0393848309544 0.00973410085683 0.0149826122564 0.0296256047173 0.0222945983738 0.0139351567607 0.00834605942987 -0.000131344613796 0.0220694042525 0.00507922466789 0.0186916311427 0.0334710853676 0.0300765430761 0.00480108941133 0.0130161102436 0.00885267287049 0.00671761830809 0.0119063083746 0.244876833378 0.0249311148341 0.00976108795367 0.0303597795011 0.0217865524661 0.0336772945343 0.00920343249132 0.0118789271102 0.029458852164 0.0662246780912 0.00929424745287 0.0148076535929 0.021305080517 0.020272685117 0.0215728357959 0.0313136437754 0.0345133893865 0.0092400947124 0.000474411910946 0.0515691990933 
0.0309199349166 0.00763450618005 0.0453870664041 0.0146789954009 0.0132669855591 -0.00575320791998 -0.00407915464597 0.0174733167489 0.00498588485492 0.00331305476896 0.0245547510025 0.0289776521449 -0.0243385466988 0.0201392006585 0.0176449080422 -0.0112147822478 0.0332193077882 0.0329204035289 0.00643002775354 0.00994745927035 0.0249311148341 0.375862012201 0.0209272653562 0.0216982844719 0.0197875973391 0.0338930309324 0.0180045789249 0.0196231515562 0.0132662592757 0.0182878814029 0.0155318141161 0.0155661293938 0.0391795368068 0.021962134538 0.0550526015178 0.0352163366219 0.0488978537656 0.00897282728162 -0.00907221409217 0.00911100034831 
0.0174953134657 0.0172796530157 0.0408551959927 0.00355564327895 0.0341269871496 0.0165028487744 0.0172132875659 0.0012412306998 0.0129003002641 0.0126898730131 0.0147472954939 0.00247515478723 -0.0169321625153 0.023778298267 0.00961431535921 0.0270078135668 0.0462183671583 0.00370183384484 0.000912626789073 0.0360894117639 0.00976108795367 0.0209272653562 0.338471521293 0.0154131116494 0.0231172416737 0.012034990748 -0.000484946827104 0.002319351609 0.0186381808064 0.0348857989275 0.0275931855169 0.00873239627714 0.0292014106811 0.0156807953293 0.020950165173 0.016946314118 0.00110630819537 0.0175397807955 0.0118016743101 0.0198589138424 
0.0228132719262 0.0352565478631 0.0252274332317 0.0192042437317 -0.00641843536505 0.00308252647037 0.0153162282538 0.0500207258334 0.101887094949 -0.000499884792727 0.0489106218117 -0.0033744793572 0.0402378798236 0.0179843829798 0.035228307052 0.0437881689798 0.0650620180329 0.018306665005 0.0275213218025 0.00568674169453 0.0303597795011 0.0216982844719 0.0154131116494 0.618903306075 0.0374556601787 0.0625328464579 0.0132435978113 -0.00392147291685 0.0270179142883 0.0322143156217 0.0447465414398 0.018714643171 0.0514807784871 0.0312473372609 0.051920496964 0.0463253522035 0.0281372798958 0.0429916799405 0.0331424043868 0.0419499623594 
0.00450227069972 0.0652801210133 0.0248773112235 0.024046960692 0.0269568056001 0.011923478158 0.0150606478443 0.0160438914231 -0.00437793703994 0.01223806843 0.0234778087442 0.0077563130698 0.0104249854913 0.0184526027545 0.0066404816903 0.00791810741854 -0.00578636734969 0.0223224531616 0.00483451496668 0.0175394395079 0.0217865524661 0.0197875973391 0.0231172416737 0.0374556601787 0.267631485565 0.0163637972401 -0.00310069189596 0.0164044081822 0.0245647989626 0.0280025513726 0.00247437971613 0.00247449129753 0.0188642940835 0.0241319812028 0.00906803367426 0.00716973093642 0.0181019532292 0.0040016968785 -0.00240175751891 0.0199719290077 
0.0419341242969 0.00751874771297 0.0355817617719 0.0208252436918 0.0390241605082 0.00540460916252 0.0469106071894 0.0300480846295 0.0234838380409 0.0159025401402 0.0282266324733 0.0266624825913 0.0180431673145 0.0274936006568 0.0360452232536 0.0105853105505 0.025945007402 0.0113093731114 -0.0065333921314 0.0141172215109 0.0336772945343 0.0338930309324 0.012034990748 0.0625328464579 0.0163637972401 0.624211605985 0.00922722402021 0.0134585048156 0.0220388771159 0.0467271215829 0.0405941527531 0.0240374736959 0.0476653636373 0.0443946229971 0.0506454705832 0.0101780985801 0.0343547975389 0.033422437838 0.003068711764 0.0303401325781 
0.0133211889641 0.00525042192605 0.0106750989527 0.0385957584445 -0.00327857201563 0.0129621790366 0.0176936103881 0.0191753856579 0.0193046298257 0.0403324583407 0.0108896912376 0.0118369065215 0.00251738352325 0.0105962697646 0.00818034554441 0.00135305663444 0.010212441169 0.0196147458459 0.0245691333833 -0.00120669227485 0.00920343249132 0.0180045789249 -0.0004849468271 0.0132435978113 -0.00310069189596 0.00922722402022 0.425258694359 0.000724491047199 0.00745519885862 0.0219737705545 0.00904420167196 0.0245564090047 0.0169801763519 -0.00701129767766 0.0627933964489 0.00669327434029 0.0226439533303 -0.00791789248962 -0.00891640790423 0.00889898054206 
0.00507323053057 -0.00325388859989 0.00701807799051 0.0155176118029 -0.00925629970023 -0.00347403685082 -0.0124508909927 0.0111784885651 -0.00347357882161 -0.011206646746 0.0128604336399 0.00487253002034 0.0337652949014 0.0183776887986 0.00682970086701 -0.00377141556522 -0.0022536765922 0.0215585977796 0.0106578321609 0.0201500877762 0.0118789271102 0.0196231515562 0.002319351609 -0.00392147291685 0.0164044081822 0.0134585048156 0.000724491047202 0.757368825474 0.00135036389529 0.012937205504 0.0211442179925 -0.00378059031638 0.0198450084085 0.00410671349559 0.00180770182047 -0.000530378716938 0.0273771635982 0.00460636301317 0.0230356588397 0.0130183424782 
0.0149482094974 0.023565613124 0.0204476021521 0.0184720422189 0.00636899353165 0.0327612106938 0.0152273647452 0.00418186119774 0.00630541983591 0.0196342220121 0.00202008286913 0.0147886199684 -0.00210289319496 0.0286469457001 0.0120322156197 0.00935804038275 0.0220048242164 0.0121520635651 0.0245250944841 0.00831240518309 0.029458852164 0.0132662592757 0.0186381808064 0.0270179142883 0.0245647989626 0.0220388771159 0.00745519885862 0.00135036389529 0.209277964182 0.0399360951946 0.0208689513911 0.00850158948638 0.014384927598 0.00782165790175 0.0306424020516 0.0275762973794 0.0171460232225 0.0158824386423 0.0251050665723 0.0429089740173 
0.0269532660567 0.029337799641 0.0203501455344 0.0126371273795 0.0203766647739 0.0345281743894 0.0244127439513 0.0232173686798 0.0094627137059 0.0278762120721 0.0159642410084 0.0117824672113 -0.00737863519671 0.047442809686 0.0240639093657 0.016743736847 0.0252008485895 0.0232185203388 0.016006046678 0.00929706627052 0.0662246780912 0.0182878814029 0.0348857989275 0.0322143156217 0.0280025513726 0.0467271215829 0.0219737705545 0.012937205504 0.0399360951946 0.224583046948 0.0165443949475 0.0187272162819 0.0315463341881 0.0254441613038 0.0261537725525 0.026968824509 0.0253258607008 0.050806388428 0.0198145597434 0.105992562476 
-0.000536591690348 0.00122828356865 0.0226141752845 0.038886600305 0.0188716003618 0.0409436427068 0.026617429498 0.0253800739618 0.00214906508366 0.0270886390086 0.0103874848705 0.012365292978 -0.048464094377 0.0018246160721 0.0105628553333 0.0091477250201 0.0369833964314 -0.00707939627207 0.146132520757 -0.00630695592228 0.00929424745286 0.0155318141161 0.0275931855169 0.0447465414398 0.00247437971613 0.040594152753 0.00904420167196 0.0211442179925 0.0208689513911 0.0165443949475 0.587868267825 -0.000701149577793 0.0291000409041 0.0141488137593 0.0323067702109 0.0130573798013 -0.00381108251104 0.000697694896175 0.16761813566 0.0086957296849 
0.00268560915141 0.0158012860352 0.0227985920275 0.0106026270277 0.0225506214057 0.014278639552 0.00788308328299 0.00201795387089 0.00171777261557 0.00696859558949 0.0439702155506 0.00207349712975 0.0220804500495 0.0231193619317 0.0157676364658 0.0239763866676 0.0291332422776 0.00640475284157 0.0159767534149 0.0166326401414 0.0148076535929 0.0155661293938 0.00873239627714 0.018714643171 0.00247449129753 0.0240374736959 0.0245564090047 -0.00378059031638 0.00850158948638 0.0187272162819 -0.000701149577792 0.230325379175 0.00538288581628 0.0115544778363 -0.0029818938165 0.0130665817037 0.0211444140304 -0.000456393216365 0.00422489935588 0.0207744968456 
0.0114456744698 0.0171929383399 0.0220120267425 0.021909962743 0.0165585390095 0.00742865758684 0.0114667749348 0.0328593255943 0.0224173076963 0.0146828516225 0.0386441333942 0.0265682896434 0.00315644423246 0.0196766022914 0.0219622988897 0.0187349028441 0.0331342674515 0.0264662351562 0.0212017832959 0.014392197198 0.021305080517 0.0391795368068 0.0292014106811 0.0514807784871 0.0188642940835 0.0476653636373 0.0169801763519 0.0198450084085 0.014384927598 0.0315463341881 0.0291000409041 0.00538288581628 0.336810189654 0.0128176563273 0.0462089114374 0.0293073019223 0.0131877323472 0.00992337263173 0.038793532612 0.0147297913004 
0.0215241554939 0.0254487954847 -0.00437029713365 0.0340816544396 0.0100406942491 0.0133467112918 0.0100198832645 0.0144352383557 0.0251196479163 0.0235512955271 0.0173692407768 0.00793158232456 0.0172163407062 0.0184975524302 0.00820647645046 0.00934686239042 -0.00424299816294 0.0129139651841 0.006582995172 0.0248058833022 0.020272685117 0.021962134538 0.0156807953293 0.0312473372609 0.0241319812028 0.0443946229971 -0.00701129767765 0.00410671349559 0.00782165790174 0.0254441613039 0.0141488137593 0.0115544778363 0.0128176563273 0.327134016478 0.0432798693149 -0.0076339456284 0.0147891729561 0.0264528522994 0.0196805117424 0.0108028453155 
0.0354284898844 0.0320295802779 -0.000856648098125 0.0303843026751 0.0209830410618 0.0220231314786 0.0370225216382 0.0314596243384 0.00796777047374 0.0105377853963 0.0052023350888 0.00816291543621 0.0258925213685 0.0259286683686 0.0374706047359 -0.00756199347496 0.0849668900139 0.0321800334287 -0.0105281089795 0.0134882233729 0.0215728357959 0.0550526015178 0.020950165173 0.051920496964 0.00906803367426 0.0506454705833 0.0627933964489 0.00180770182048 0.0306424020516 0.0261537725525 0.0323067702109 -0.0029818938165 0.0462089114374 0.0432798693149 0.545247776168 0.0233286742905 0.0121762983381 0.0118955518274 0.0111279135285 0.0423776325405 
0.0191488103082 0.0244046958586 0.0121607446044 0.00314082045409 0.0195690855111 0.0135277036709 0.0237428186002 0.0269995662341 0.031889277739 0.0154224244159 0.0215962744112 0.00311224878341 0.0037246410117 0.0301246866677 0.0229812561841 0.00877782088547 0.0256543246755 0.00658067775996 0.0268438194378 0.0104833017886 0.0313136437754 0.0352163366219 0.016946314118 0.0463253522035 0.00716973093642 0.0101780985801 0.00669327434029 -0.000530378716938 0.0275762973794 0.026968824509 0.0130573798013 0.0130665817037 0.0293073019223 -0.00763394562839 0.0233286742905 0.303263382071 0.0364570945127 0.0232447463124 0.039351643862 0.0364630674338 
0.0286069390547 0.0166265434577 0.0294736377982 0.0119134725578 0.0233557599714 0.00948887712561 0.0199907127004 0.0219112929438 -0.0104746570503 4.90013807914e-05 -0.00344923274112 -0.00859570903401 -0.000280237888327 0.00654601681544 0.0221194109787 0.00426975851205 0.0255964214147 0.00962460835152 -0.00366164052455 0.0283844262452 0.0345133893865 0.0488978537656 0.00110630819537 0.0281372798958 0.0181019532292 0.0343547975389 0.0226439533303 0.0273771635982 0.0171460232225 0.0253258607008 -0.00381108251103 0.0211444140304 0.0131877323472 0.0147891729561 0.0121762983381 0.0364570945127 0.325860775616 0.0177783924583 0.0083573597655 0.0214363532078 
0.0138737125865 0.00370027764783 0.0158655065594 0.0079644931499 0.0131516280815 0.0136704894439 -0.000233928620159 0.0449395002479 0.0214739665221 0.00482643689381 0.0143692198156 0.00565164745486 0.0622133472395 0.0191229262001 0.00973884878445 0.00352611155309 0.0107672910131 0.0168806511897 -0.00749257011083 -0.00800557191324 0.0092400947124 0.00897282728162 0.0175397807955 0.0429916799405 0.0040016968785 0.033422437838 -0.00791789248961 0.00460636301317 0.0158824386423 0.050806388428 0.000697694896172 -0.000456393216364 0.00992337263173 0.0264528522994 0.0118955518274 0.0232447463124 0.0177783924583 0.862179288895 0.0187018402605 0.00970128763554 
0.0109368033475 -0.00282262229468 0.00731513888398 0.0459105741659 0.0346322709609 0.0434652753429 0.00965442206249 0.0161375956308 -0.0117203826535 0.0301698377045 0.00970409048232 0.0054909981483 -0.0266060445803 0.0219410450642 0.0182093055621 0.020571210317 0.0196108181971 0.0151486646024 0.157590418742 0.0204827370148 0.000474411910957 -0.00907221409217 0.0118016743101 0.0331424043868 -0.00240175751891 0.00306871176398 -0.00891640790423 0.0230356588397 0.0251050665723 0.0198145597434 0.16761813566 0.00422489935588 0.038793532612 0.0196805117424 0.0111279135285 0.039351643862 0.0083573597655 0.0187018402605 0.391898786149 0.00560751230596 
0.0318454465276 0.0432799012705 0.0215619570941 0.0194993148888 0.0161589299306 0.0458165920283 0.0178039252936 0.0192453565858 0.0145189105351 0.0263836515542 0.0213121668124 0.00576777182965 0.0164537466648 0.0567613994207 0.00492574313899 0.00249508943306 0.025559813593 0.0274890253212 0.012039565002 0.00832370302436 0.0515691990933 0.00911100034831 0.0198589138424 0.0419499623594 0.0199719290077 0.0303401325781 0.00889898054207 0.0130183424782 0.0429089740173 0.105992562476 0.0086957296849 0.0207744968456 0.0147297913004 0.0108028453155 0.0423776325405 0.0364630674338 0.0214363532078 0.00970128763554 0.00560751230596 0.293860798186 

['FII', 'ACE', 'GPS', 'LTR', 'BMET', 'SRE', 'GENZ', 'AVY', 'GT', 'PEG', 'AW', 'HNZ', 'SANM', 'HBAN', 'DOW', 'MHS', 'SUNW', 'RTN', 'OXY', 'GCI', 'BK', 'WHR', 'TSG', 'GLW', 'XL', 'CC', 'NWL', 'JNY', 'VNO', 'MEL', 'VLO', 'WYE', 'MOLX', 'UNM', 'XLNX', 'BLL', 'TJX', 'WAT', 'MRO', 'NTRS']