40
0.005148759701 0.0594494044175 0.0484031048171 0.0770368317024 0.0246636786654 0.133327922328 0.0284224966367 0.0631330997176 0.065735385914 0.0374431650663 0.0486959213786 0.0375994121509 0.00873698993333 0.0291248595558 0.0852779749864 0.00699576056141 0.105459344027 0.0589662330248 0.0584548507687 0.0149217979249 0.0766147585819 0.080285366307 0.0132097716294 0.0651633165571 0.0280903462606 0.0664901393557 0.0646745186267 0.0304896250645 0.0602494739115 0.0909027791802 0.0911559741232 0.275379497042 0.118355026327 0.0363496030559 0.0353466838873 0.0377989606714 0.0874158444094 0.0572050688987 0.0610020106181 0.0316848802341 
0.234322120063 0.0143126254282 0.0199035592246 -0.00256870273425 0.0033384493709 0.0219802848271 0.0208494226029 0.00552141858714 0.0123972657426 -0.000377811251248 0.0126795381515 0.017194527763 0.013822050615 0.00748265792091 0.0183890511535 0.0057090598669 0.013497099729 -0.00544423707826 0.0219312099617 -0.00470191252128 0.00228323376481 0.0150699695292 0.00422670096296 0.00725799786051 -0.00221830731199 0.00353624758192 0.0070794917975 0.0194528882992 0.0171388614423 0.00295079889513 0.000549600398143 -0.0014291920015 0.0145771903964 0.00373120021955 0.0100741641992 0.0112641400917 0.00273000044889 0.00631466721756 -0.00764809410976 0.00721892883609 
0.0143126254282 0.285346663538 0.0571687788318 0.00482337929135 0.0189043485866 0.0153891588764 -0.00674484448216 0.0187216918406 0.030951014063 0.0179522467054 0.0507673050785 0.0123379260253 0.0108772658833 0.0220593149816 0.0280487261334 0.00551662414529 0.0361489545421 0.0393898676922 0.0481791449038 0.0247275574773 0.0306398564631 0.0247799485575 0.0265561807587 0.0144373404182 0.0635985995247 0.0494184350184 0.0325425083465 0.0116223880782 0.0256036713865 0.0252925884986 0.0202296382131 -0.00902124702061 0.0315675413435 0.0231912949725 0.03361248659 0.0339003319914 0.00966772913874 0.0325417682208 0.00327203656902 0.0450814875801 
0.0199035592246 0.0571687788318 0.266673259948 0.00944899643303 0.00693144262007 -0.00302774355281 0.00665902912929 0.0291128143297 0.0127862631276 0.008364623391 0.0251274745257 0.0212080483693 0.0108947840146 0.00904757111014 0.020588751226 0.00450557947145 0.00862207585434 0.019140490144 0.0240782079716 0.02715761426 0.0250285003578 0.0464110575745 0.0164226148926 0.0251675144466 0.0293427535612 0.0272462513088 0.0167958244928 -0.000469178652562 0.0198107723514 0.0154346225739 0.0378184431102 -0.00210416143923 0.0169123731054 0.00811839049249 0.0190529007994 0.0360762110797 0.00825125420155 0.0254088139053 0.0203629305402 0.0290051635729 
-0.00256870273425 0.00482337929135 0.00944899643303 0.344826975557 0.00995289265932 0.0292331022945 -0.00177654396626 0.0265265415412 0.00407497788821 -0.00584411324601 0.0112577388788 0.00298838858258 0.00221930556589 0.0175063002486 -0.00454200832857 0.0162295490401 0.0155941003227 -0.00257513547604 0.0102518379793 0.0234262684754 0.024374610112 0.0034846924667 0.00327382176595 0.0179303688123 0.00957673290143 0.00290215247258 0.016361865492 -0.00532893173607 0.0261867769868 0.0122508097155 0.0365697013748 0.0227696216354 0.0243033960959 0.01750733142 0.00217419376827 0.0204123253944 0.00438069997861 0.0293663197143 0.00161659651623 0.0172485313557 
0.0033384493709 0.0189043485866 0.00693144262007 0.00995289265932 0.13407081487 0.0164194309611 0.0108946605679 0.0214963195358 0.0163751068324 0.00462146358998 0.0231723637977 0.00378045956693 0.0120713284428 0.0104722546711 0.012409443582 0.0109863760929 0.00339663780844 0.00218994690527 0.0185497248011 0.00163550393984 0.0156563073512 0.0114625210909 0.00992833005722 0.00768666545957 0.0190657862717 0.0326711291723 0.00686178519094 0.00885814419221 0.01897508364 0.0201829501628 0.00976032365136 0.0126047277463 0.0148221630563 0.00881470008403 0.0216646706144 0.00353733746985 0.0147789096574 0.0106488409476 0.00264459901917 0.0249638847644 
0.0219802848271 0.0153891588764 -0.00302774355281 0.0292331022945 0.0164194309611 0.830683455488 0.000651894151021 0.0410288850763 0.0025888129257 0.0274853148784 -0.0063447529514 0.0183772988526 0.000223507541183 -0.00175032479083 0.0132827272017 0.0171800315379 0.0155672442122 0.00508041107713 0.0109958390284 0.00702728011535 0.0263861209748 0.0342622043528 0.00956591287761 0.0223215708953 0.0183927396202 0.0165162712272 0.0159653785259 0.000375565088948 0.0202443559511 0.036063775208 0.0297822394839 -0.0258070720279 0.00930749650245 0.00971698776859 0.0187443321363 0.0190257694262 -0.00418747953816 0.0140394888552 0.031288092992 0.0128003263063 
0.0208494226029 -0.00674484448216 0.00665902912929 -0.00177654396626 0.0108946605679 0.000651894151022 0.197106959994 0.00288370163414 -0.00217812645403 -0.0071437326908 0.00507602235756 0.0158039090464 0.0185623084689 0.00950744191033 0.00317892016703 0.0158280695174 0.00589433320747 0.00519849299318 0.0106542993526 0.0132100919554 0.011377669125 0.010690437539 0.00315160053201 0.0117331813952 0.0178896751186 0.0198397858941 -0.00614886995726 0.0204570563373 -0.00582999951077 0.014177712187 0.0211537223723 -0.00394312334274 0.00239636798364 0.00984251388328 0.00908695736089 0.00472495423817 0.0180737542333 0.0125372823964 0.0023888996844 0.00506445852471 
0.00552141858714 0.0187216918406 0.0291128143297 0.0265265415412 0.0214963195358 0.0410288850763 0.00288370163414 0.466044439406 0.020200169401 0.0314250435702 0.0163451627864 0.0160603247495 0.0094118823792 -0.000677734638564 0.00875677223729 -0.0012147743134 0.0521016022728 0.0160964969156 0.0119522381169 0.0185479768642 0.0549995855501 0.0317471679511 0.0255073484387 0.00674454840894 0.0322192666349 0.0197922790956 0.00372720330813 0.00900443253733 0.0180580738238 -0.00562818778756 0.0219277735226 -0.0158881753752 0.0297641468766 0.00876545720377 0.00609972401781 0.069955221645 0.0236980917315 0.0372200060652 0.0367259496245 0.013977103878 
0.0123972657426 0.030951014063 0.0127862631276 0.00407497788821 0.0163751068324 0.0025888129257 -0.00217812645403 0.020200169401 0.422039740972 0.0409072614608 0.0451505699147 0.013640696812 0.0119569120523 0.0136717996672 0.0136080631456 0.00386369198501 0.00558191834504 0.0172311378561 0.0139009391156 0.0152233020833 0.099309613414 -0.00304401457244 0.0172805760023 0.0165507042525 0.0286294067387 0.0438385130464 0.0061936619831 0.0133086286759 0.00716586106953 -0.00236474689301 0.0141182193755 -0.0117616908952 0.0241498346811 0.0216774247216 0.0151775458171 0.0382277598512 0.00448318947123 0.00386987104178 0.0526233773655 0.0163757265256 
-0.000377811251248 0.0179522467054 0.008364623391 -0.00584411324601 0.00462146358998 0.0274853148784 -0.0071437326908 0.0314250435702 0.0409072614608 0.458587475715 0.0467717821523 -0.00247834644478 0.00717084472018 -0.00370666715775 0.0178872942086 0.00674539306568 0.021797110464 0.028658831161 0.0135238408975 0.0179631074727 0.0132187347123 0.0213031450769 0.0133150229665 0.00189951480517 0.0300418560858 0.0217225343961 0.00382052224734 -0.000430942917116 0.0134643538638 0.00329845413751 0.0236314643619 -0.00090990656732 0.0116542687648 0.0293188075566 0.00436094968925 0.0232178163201 0.00654788075133 0.0148174498917 0.0344225683519 0.00166432719528 
0.0126795381515 0.0507673050785 0.0251274745257 0.0112577388788 0.0231723637977 -0.0063447529514 0.00507602235756 0.0163451627864 0.0451505699147 0.0467717821523 0.198080228834 0.0109131065362 0.015068115141 0.0248789456349 0.0304159190924 0.0174578844957 0.0273466209746 0.0306844827492 0.0278707152749 0.0384577661874 0.0101649118172 0.0243439226754 0.021043466198 0.0214405573189 0.03863705834 0.0515432809564 0.0457655672971 0.0146604794323 0.0207836452419 0.0190060159556 0.0180331434921 0.00190929451905 0.0171410386446 0.0256531890478 0.0303435190964 0.0403965451671 0.00571312535808 0.0193146942693 0.0207982911202 0.0266777734111 
0.017194527763 0.0123379260253 0.0212080483693 0.00298838858258 0.00378045956693 0.0183772988526 0.0158039090464 0.0160603247495 0.013640696812 -0.00247834644478 0.0109131065362 0.268729032935 0.00938716973093 0.0112919772324 0.025353157131 0.00842411685058 0.0205250316096 0.0137100101385 0.0154237715055 0.0146084625522 0.0160085885568 0.0239667674631 0.00901276269026 0.0160120981776 0.0150797484471 0.011345019048 -0.000435051926144 0.00837246735033 0.0145541308013 0.00455089451707 0.0192966933875 -0.012653323325 0.00645798573868 0.0152225910833 0.0128190414834 0.000584876439851 0.0115015484775 0.0166670420666 0.00485120407667 0.0220055170127 
0.013822050615 0.0108772658833 0.0108947840146 0.00221930556589 0.0120713284428 0.000223507541184 0.0185623084689 0.0094118823792 0.0119569120523 0.00717084472018 0.015068115141 0.00938716973093 0.110524983511 0.023924751857 0.00526233355823 0.0169158015052 0.0094420376881 0.00336497822426 0.0261594443681 0.00495913933706 0.00653978668012 0.0169279277784 0.0170729119184 0.0113091667231 0.0126594314112 0.0144513476055 0.0119924282061 0.0126051876402 0.0108064195185 0.00290369939266 0.0180506563498 -0.00205399099707 0.0115222883002 0.020776616928 0.011381370499 0.0123864878167 0.00541233443967 0.00527315313255 0.00237515906607 0.0192270084581 
0.00748265792091 0.0220593149816 0.00904757111014 0.0175063002486 0.0104722546711 -0.00175032479083 0.00950744191033 -0.000677734638564 0.0136717996672 -0.00370666715775 0.0248789456349 0.0112919772325 0.023924751857 0.243040951269 0.0226688875151 0.0136663539225 0.0134333688805 0.0107370702782 0.0204667331289 8.60963076496e-06 0.0124369304909 0.0111238621435 0.0179055678087 0.0171478502294 0.0146668012678 0.0132650608795 -0.0206090294172 -0.00551804597911 0.00482684156415 0.0124445960042 0.0431683842637 -0.00803729871216 0.0128552249618 0.0245340361414 0.0169583621842 0.00686507395247 0.00515901771404 0.00984990026476 0.0191033378422 0.00747148196796 
0.0183890511535 0.0280487261334 0.020588751226 -0.00454200832857 0.012409443582 0.0132827272017 0.00317892016703 0.00875677223729 0.0136080631456 0.0178872942086 0.0304159190924 0.025353157131 0.00526233355823 0.0226688875151 0.402480882909 0.0132952423174 -0.000786721097672 0.0192940406565 0.0189209998809 0.0180021944871 -0.00338609198668 0.0415035800538 0.0153335357653 0.0282479392484 0.0177309201572 0.0495840373346 0.0393572233797 0.0076936622368 0.017063476391 0.023372556373 0.0375907513849 0.00527380885018 0.0318842974597 0.0272786110011 0.0202255939742 0.0124668485231 0.0249215308982 0.0252531883982 0.0176189935713 0.0108726124594 
0.0057090598669 0.00551662414529 0.00450557947145 0.0162295490401 0.0109863760929 0.0171800315379 0.0158280695174 -0.0012147743134 0.00386369198501 0.00674539306568 0.0174578844957 0.00842411685059 0.0169158015052 0.0136663539225 0.0132952423173 0.151147873098 0.00758482167987 0.00837432933413 0.0231461430149 0.00217752307124 0.000803756455982 0.00351380321988 0.00135186064774 0.0559989826137 0.0100640707641 0.0107002061211 0.00134990240317 0.00134935383968 0.01700303665 0.00525266608561 -0.00301610711135 0.0121838915731 0.00851000424831 0.00525972157166 0.0119418157354 -0.00100287837032 0.0158081238892 0.0136305455456 0.0117801005822 0.0245720327769 
0.013497099729 0.0361489545421 0.00862207585434 0.0155941003227 0.00339663780844 0.0155672442122 0.00589433320747 0.0521016022728 0.00558191834505 0.021797110464 0.0273466209746 0.0205250316096 0.0094420376881 0.0134333688805 -0.000786721097673 0.00758482167987 0.748337639307 0.0354361238689 0.0293267549682 0.0233923568499 0.0546199226698 0.0793596068027 0.00681445664083 -0.000637517337344 0.0231793186225 0.0348651709929 0.0153374408819 0.0206179072282 0.0238279591446 0.00161914282984 0.014421012275 -0.0143601838646 0.0274134605733 0.0323981266292 0.0105205062059 0.043200006316 0.0240814369168 0.00992643182933 0.0116630397737 0.0190922181354 
-0.00544423707826 0.0393898676922 0.019140490144 -0.00257513547604 0.00218994690527 0.00508041107713 0.00519849299318 0.0160964969156 0.0172311378561 0.028658831161 0.0306844827492 0.0137100101385 0.00336497822426 0.0107370702782 0.0192940406565 0.00837432933413 0.0354361238689 0.397879601063 0.00934528211714 0.0563282408801 0.00856762488385 0.0191978721637 0.0128262103995 -0.00723311951048 0.0219270604403 0.0266601368182 -0.0110596056526 0.0204877824044 0.0127907497827 0.00584423122016 0.0300847940339 0.00047004325352 0.0385296921736 0.0163985737788 0.0141120478611 0.0356894130444 0.00585489648945 0.00912297831106 -0.00169206248934 0.0127997789179 
0.0219312099617 0.0481791449038 0.0240782079716 0.0102518379793 0.0185497248011 0.0109958390284 0.0106542993526 0.0119522381169 0.0139009391156 0.0135238408975 0.0278707152749 0.0154237715055 0.0261594443681 0.0204667331289 0.0189209998809 0.0231461430149 0.0293267549682 0.00934528211714 0.251416718402 0.025811812941 0.0166901137343 0.0211287666846 0.0140378495146 0.0317927132069 0.0230864465325 0.044546528906 0.023791248895 0.0106582550116 0.0356565718763 0.0122149437777 0.0352102711661 -0.00335359932 0.019613714637 0.0243729796532 0.0212443638051 0.0180535627597 0.0258917462295 0.018088782586 0.0178476019757 0.0181167076925 
-0.00470191252128 0.0247275574773 0.02715761426 0.0234262684754 0.00163550393984 0.00702728011536 0.0132100919554 0.0185479768642 0.0152233020833 0.0179631074727 0.0384577661874 0.0146084625522 0.00495913933706 8.60963076393e-06 0.0180021944871 0.00217752307124 0.0233923568499 0.0563282408801 0.025811812941 0.316026914756 0.0487006818552 0.0143577844394 0.0249117638228 0.0091775484438 0.023641686577 0.033980417846 0.0338670968286 0.00392141724688 0.0179885171188 0.00600459734514 0.0282867111409 -0.00485550632359 0.0304218106744 0.0339187557922 0.0175044677281 0.0684573216557 0.019858810143 0.0144607293992 0.022232094203 0.0107324914671 
0.00228323376481 0.0306398564631 0.0250285003578 0.024374610112 0.0156563073512 0.0263861209748 0.011377669125 0.0549995855501 0.099309613414 0.0132187347123 0.0101649118172 0.0160085885568 0.00653978668012 0.0124369304909 -0.00338609198668 0.000803756455983 0.0546199226698 0.00856762488385 0.0166901137343 0.0487006818552 0.468479431984 0.00637832452813 0.0507657718942 0.00377634101853 0.0129834259264 0.0474433776463 0.0154976541367 -0.00291322768532 0.0370088540184 0.00730207145389 0.0406411561926 -0.00766474767976 0.0439246545638 0.00836648531199 0.0179512651666 0.0814320116225 0.0197646242134 0.0290003384432 0.0523100381839 0.035395009293 
0.0150699695292 0.0247799485575 0.0464110575745 0.0034846924667 0.0114625210909 0.0342622043528 0.010690437539 0.0317471679511 -0.00304401457244 0.0213031450769 0.0243439226754 0.0239667674631 0.0169279277784 0.0111238621435 0.0415035800538 0.00351380321988 0.0793596068027 0.0191978721637 0.0211287666846 0.0143577844394 0.00637832452813 0.426795891586 0.0145934938932 0.0262263368457 0.0122597795463 0.0161727603841 -0.00310165771279 0.0182339016119 0.0377487246498 0.00764578584578 0.0537585513483 -0.00782621161817 0.0147163331238 0.00326287670935 0.0146375532448 0.0416322460449 0.0167220849448 0.0384584950547 0.0347698229226 0.0190085404422 
0.00422670096296 0.0265561807587 0.0164226148926 0.00327382176595 0.00992833005722 0.00956591287761 0.00315160053201 0.0255073484387 0.0172805760023 0.0133150229665 0.021043466198 0.00901276269026 0.0170729119184 0.0179055678087 0.0153335357653 0.00135186064774 0.00681445664083 0.0128262103995 0.0140378495146 0.0249117638228 0.0507657718942 0.0145934938932 0.158428166569 -0.00299500254976 0.0157949222297 0.0162336150213 -0.00866087950993 0.00760450897658 -9.48210267625e-05 0.00137725800217 0.0116454503552 -0.0174595633632 0.0228047753517 0.00948633354472 0.000523842727124 0.0283157591221 -0.000400881385637 0.0115586373461 0.0109451398787 0.00878341237225 
0.00725799786051 0.0144373404182 0.0251675144466 0.0179303688123 0.00768666545957 0.0223215708953 0.0117331813952 0.00674454840894 0.0165507042525 0.00189951480517 0.0214405573189 0.0160120981776 0.0113091667231 0.0171478502294 0.0282479392484 0.0559989826137 -0.000637517337344 -0.00723311951049 0.0317927132069 0.0091775484438 0.00377634101853 0.0262263368457 -0.00299500254976 0.253440299379 0.0173133989856 0.0251933212914 0.0522205309122 0.0194091991033 0.0168362528375 0.0348321414286 0.0201944926073 0.00146937320784 0.0215452133774 0.0145394643791 0.0129815800718 0.0169520212354 0.0025292564295 0.0119134768183 -0.000415093547651 0.0105045799588 
-0.00221830731199 0.0635985995247 0.0293427535612 0.00957673290143 0.0190657862717 0.0183927396202 0.0178896751186 0.0322192666349 0.0286294067387 0.0300418560858 0.03863705834 0.0150797484471 0.0126594314112 0.0146668012678 0.0177309201572 0.0100640707641 0.0231793186225 0.0219270604403 0.0230864465325 0.023641686577 0.0129834259264 0.0122597795463 0.0157949222297 0.0173133989856 0.246723671387 0.0583943650058 0.010590598401 0.00405837462737 0.00912290083421 -0.00325651084987 0.0269273751737 -0.00558759862757 0.00848405948221 0.0241959621332 0.0331689820127 0.0270904871314 -0.00724013229399 -0.00158484259983 0.0127206138165 0.0245973816856 
0.00353624758192 0.0494184350184 0.0272462513088 0.00290215247258 0.0326711291723 0.0165162712272 0.0198397858941 0.0197922790956 0.0438385130464 0.0217225343961 0.0515432809564 0.011345019048 0.0144513476055 0.0132650608795 0.0495840373346 0.0107002061211 0.0348651709929 0.0266601368182 0.044546528906 0.033980417846 0.0474433776463 0.0161727603841 0.0162336150213 0.0251933212914 0.0583943650058 0.362973854957 0.0381159728648 0.0180331732026 0.0350301365301 0.00331980906244 0.0333298611323 -0.00483164733314 0.0149752610785 0.00751568645046 0.0254585893116 0.0101185943502 0.00628351962035 0.0248548035926 0.00750686422406 0.0274797370502 
0.0070794917975 0.0325425083465 0.0167958244928 0.016361865492 0.00686178519094 0.0159653785259 -0.00614886995726 0.00372720330813 0.0061936619831 0.00382052224734 0.0457655672971 -0.000435051926145 0.0119924282061 -0.0206090294172 0.0393572233797 0.00134990240317 0.0153374408819 -0.0110596056526 0.023791248895 0.0338670968286 0.0154976541367 -0.00310165771279 -0.00866087950993 0.0522205309122 0.010590598401 0.0381159728648 0.510705331314 0.0363192453258 0.00944054231134 0.0140429956048 0.00797143344317 -0.0148087460088 0.0119824452672 0.0202590229871 0.0253978065217 0.00712227279618 -0.00820036158487 0.0179601610911 0.049592322523 0.00716377517631 
0.0194528882992 0.0116223880782 -0.000469178652561 -0.00532893173607 0.00885814419221 0.000375565088949 0.0204570563373 0.00900443253733 0.0133086286759 -0.000430942917115 0.0146604794323 0.00837246735033 0.0126051876402 -0.00551804597911 0.0076936622368 0.00134935383968 0.0206179072282 0.0204877824044 0.0106582550116 0.00392141724688 -0.00291322768532 0.0182339016119 0.00760450897658 0.0194091991033 0.00405837462737 0.0180331732026 0.0363192453258 0.20922806171 0.0107045343327 0.0149561782436 0.00537791291699 -0.00807813873684 -0.00294942322838 0.00925858438537 0.0121521181956 0.00825249174535 0.00773073172253 0.026983639843 -0.000418599750638 0.0121548024753 
0.0171388614423 0.0256036713865 0.0198107723514 0.0261867769868 0.01897508364 0.0202443559511 -0.00582999951077 0.0180580738238 0.00716586106952 0.0134643538638 0.0207836452419 0.0145541308013 0.0108064195185 0.00482684156415 0.017063476391 0.0170030366501 0.0238279591446 0.0127907497827 0.0356565718763 0.0179885171187 0.0370088540184 0.0377487246498 -9.48210267625e-05 0.0168362528375 0.00912290083421 0.0350301365301 0.00944054231134 0.0107045343327 0.308119172955 0.0108984013755 0.0279650980268 -0.00519565003006 0.0130581414328 0.0210735861291 0.00797641147754 0.017955351452 0.00596784579227 0.01677138128 0.0222171237787 0.0269370547772 
0.00295079889513 0.0252925884986 0.0154346225739 0.0122508097155 0.0201829501628 0.036063775208 0.014177712187 -0.00562818778756 -0.00236474689301 0.00329845413751 0.0190060159556 0.00455089451707 0.00290369939266 0.0124445960042 0.023372556373 0.00525266608561 0.00161914282985 0.00584423122015 0.0122149437777 0.00600459734514 0.00730207145389 0.00764578584578 0.00137725800217 0.0348321414286 -0.00325651084987 0.00331980906244 0.0140429956048 0.0149561782436 0.0108984013755 0.496294406831 0.0325871190792 0.0177777975198 0.0284088971957 0.00260319841603 0.0195205021803 -0.0033487164525 0.0642311018169 0.00757288756281 0.0109492980109 -0.00259098678884 
0.000549600398143 0.0202296382131 0.0378184431102 0.0365697013748 0.00976032365136 0.0297822394839 0.0211537223723 0.0219277735226 0.0141182193755 0.0236314643619 0.0180331434921 0.0192966933875 0.0180506563498 0.0431683842637 0.0375907513849 -0.00301610711135 0.014421012275 0.0300847940339 0.0352102711661 0.0282867111409 0.0406411561926 0.0537585513483 0.0116454503552 0.0201944926073 0.0269273751737 0.0333298611323 0.00797143344317 0.00537791291699 0.0279650980268 0.0325871190792 0.373414382793 -0.0114809200811 0.0269365605214 0.0241675870291 0.0164765570344 0.0391750605731 0.00742439103646 0.046768205914 0.0216036113947 0.0212190735153 
-0.0014291920015 -0.00902124702061 -0.00210416143923 0.0227696216354 0.0126047277463 -0.0258070720279 -0.00394312334274 -0.0158881753752 -0.0117616908952 -0.00090990656732 0.00190929451905 -0.012653323325 -0.00205399099707 -0.00803729871216 0.00527380885018 0.0121838915731 -0.0143601838646 0.00047004325352 -0.00335359932 -0.00485550632359 -0.00766474767976 -0.00782621161817 -0.0174595633632 0.00146937320784 -0.00558759862757 -0.00483164733314 -0.0148087460088 -0.00807813873684 -0.00519565003006 0.0177777975198 -0.0114809200811 4.09524718247 0.00796025954689 -0.00143171185188 0.00543225289983 -0.010255630738 -0.00801445459933 -0.020508765964 -0.0224400732606 -0.012565258137 
0.0145771903964 0.0315675413435 0.0169123731054 0.0243033960959 0.0148221630563 0.00930749650245 0.00239636798364 0.0297641468766 0.0241498346811 0.0116542687648 0.0171410386446 0.00645798573868 0.0115222883002 0.0128552249618 0.0318842974597 0.00851000424831 0.0274134605733 0.0385296921736 0.019613714637 0.0304218106744 0.0439246545638 0.0147163331238 0.0228047753517 0.0215452133774 0.00848405948221 0.0149752610785 0.0119824452672 -0.00294942322838 0.0130581414328 0.0284088971957 0.0269365605214 0.00796025954689 0.575229044214 0.0307178858371 0.014599343952 0.0392681683377 0.0068453887665 0.0153380888567 0.0360813544817 0.0123353268424 
0.00373120021955 0.0231912949725 0.00811839049249 0.01750733142 0.00881470008403 0.00971698776859 0.00984251388328 0.00876545720377 0.0216774247216 0.0293188075566 0.0256531890478 0.0152225910833 0.020776616928 0.0245340361414 0.0272786110011 0.00525972157166 0.0323981266292 0.0163985737788 0.0243729796532 0.0339187557922 0.00836648531199 0.00326287670935 0.00948633354472 0.0145394643791 0.0241959621332 0.00751568645046 0.0202590229871 0.00925858438537 0.0210735861291 0.00260319841603 0.0241675870291 -0.00143171185188 0.0307178858371 0.309419077838 0.0255681779489 0.020293892066 0.0331692747998 0.0167302316353 0.00629704316039 0.0103434431138 
0.0100741641992 0.03361248659 0.0190529007994 0.00217419376827 0.0216646706144 0.0187443321363 0.0090869573609 0.00609972401781 0.0151775458171 0.00436094968925 0.0303435190964 0.0128190414834 0.011381370499 0.0169583621842 0.0202255939742 0.0119418157354 0.0105205062059 0.0141120478611 0.0212443638051 0.0175044677281 0.0179512651666 0.0146375532448 0.000523842727124 0.0129815800718 0.0331689820127 0.0254585893116 0.0253978065217 0.0121521181956 0.00797641147754 0.0195205021803 0.0164765570344 0.00543225289983 0.014599343952 0.0255681779489 0.270845879122 0.0174731377923 0.00937592346591 0.0173721607604 0.0087722073002 0.0174377594343 
0.0112641400917 0.0339003319914 0.0360762110797 0.0204123253944 0.00353733746985 0.0190257694262 0.00472495423817 0.069955221645 0.0382277598512 0.0232178163201 0.0403965451671 0.000584876439853 0.0123864878167 0.00686507395247 0.0124668485231 -0.00100287837032 0.043200006316 0.0356894130444 0.0180535627597 0.0684573216557 0.0814320116225 0.0416322460449 0.0283157591221 0.0169520212354 0.0270904871314 0.0101185943502 0.00712227279618 0.00825249174535 0.017955351452 -0.0033487164525 0.0391750605731 -0.010255630738 0.0392681683377 0.020293892066 0.0174731377923 0.33303242248 0.0342210992937 0.0315940716861 0.0395695914886 0.00464403931027 
0.00273000044889 0.00966772913874 0.00825125420155 0.00438069997861 0.0147789096574 -0.00418747953816 0.0180737542333 0.0236980917315 0.00448318947123 0.00654788075133 0.00571312535808 0.0115015484775 0.00541233443967 0.00515901771404 0.0249215308982 0.0158081238892 0.0240814369168 0.00585489648945 0.0258917462295 0.019858810143 0.0197646242134 0.0167220849448 -0.000400881385638 0.0025292564295 -0.00724013229399 0.00628351962035 -0.00820036158487 0.00773073172253 0.00596784579227 0.0642311018169 0.00742439103646 -0.00801445459933 0.0068453887665 0.0331692747998 0.00937592346591 0.0342210992937 0.555254141086 0.0782669870924 0.0230679085573 0.000798285718424 
0.00631466721756 0.0325417682208 0.0254088139053 0.0293663197143 0.0106488409476 0.0140394888552 0.0125372823964 0.0372200060652 0.00386987104177 0.0148174498917 0.0193146942693 0.0166670420666 0.00527315313255 0.00984990026476 0.0252531883982 0.0136305455456 0.00992643182933 0.00912297831106 0.018088782586 0.0144607293992 0.0290003384432 0.0384584950547 0.0115586373461 0.0119134768183 -0.00158484259983 0.0248548035926 0.0179601610911 0.026983639843 0.01677138128 0.00757288756281 0.046768205914 -0.020508765964 0.0153380888567 0.0167302316353 0.0173721607604 0.0315940716861 0.0782669870924 0.249682929187 0.0203437558553 0.0256028991123 
-0.00764809410976 0.00327203656902 0.0203629305402 0.00161659651623 0.00264459901917 0.031288092992 0.0023888996844 0.0367259496245 0.0526233773655 0.0344225683519 0.0207982911202 0.00485120407667 0.00237515906607 0.0191033378422 0.0176189935713 0.0117801005822 0.0116630397737 -0.00169206248934 0.0178476019757 0.022232094203 0.0523100381839 0.0347698229226 0.0109451398787 -0.000415093547651 0.0127206138165 0.00750686422406 0.049592322523 -0.000418599750638 0.0222171237787 0.010949298011 0.0216036113947 -0.0224400732606 0.0360813544817 0.00629704316039 0.0087722073002 0.0395695914886 0.0230679085573 0.0203437558553 0.414755515784 0.0180958264958 
0.00721892883609 0.0450814875801 0.0290051635729 0.0172485313557 0.0249638847644 0.0128003263063 0.00506445852471 0.013977103878 0.0163757265256 0.00166432719528 0.0266777734111 0.0220055170127 0.0192270084581 0.00747148196796 0.0108726124594 0.0245720327769 0.0190922181354 0.0127997789179 0.0181167076925 0.0107324914671 0.035395009293 0.0190085404422 0.00878341237225 0.0105045799588 0.0245973816856 0.0274797370502 0.00716377517631 0.0121548024753 0.0269370547772 -0.00259098678884 0.0212190735153 -0.012565258137 0.0123353268424 0.0103434431138 0.0174377594343 0.00464403931027 0.000798285718424 0.0256028991123 0.0180958264958 0.169476077077 

['WWY', 'STT', 'IP', 'KG', 'TMK', 'ADCT', 'MKC', 'SLR', 'BDX', 'BMY', 'JPM', 'ACV', 'KO', 'MSFT', 'AET', 'DTE', 'TEK', 'VFC', 'PLD', 'DELL', 'QCOM', 'HPC', 'IBM', 'AYE', 'FITB', 'CFC', 'SNA', 'HNZ', 'WEN', 'AES', 'CMI', 'RSH', 'DDS', 'SGP', 'RF', 'MXIM', 'IGT', 'CBE', 'CMVT', 'PFG']