100
0.0850489592031 0.0538205376978 0.0784336943662 0.0794924924591 0.0165000515881 0.0210054402465 0.0682562642732 0.0113752176021 0.129241945615 0.106366385329 0.0773240107923 0.166074759161 0.0533662879029 0.0253425298527 0.0162161188728 0.0220203869342 0.0549811443135 0.0363496030559 0.0785675118811 0.0743289823458 0.107238949757 0.0501483555771 0.0240188564254 0.0442487549982 0.0722101641432 0.015652967587 0.116671338284 0.0426672552596 0.0545718905582 0.0115927538848 0.0528259349661 0.0766147585819 0.0787213758152 0.045759308444 0.0270000307956 0.118814959333 0.126305303483 0.251790956204 0.0604038345904 0.0459594094694 0.0472748306646 0.0743441041655 0.0752984700253 0.0525709156995 0.0125032911957 0.0280903462606 0.149246593495 0.142835786571 0.0631385093148 0.065735385914 0.0559549201136 0.116792266476 0.15397042743 0.0599327976672 0.0268988212896 0.103528049483 0.214537342356 0.0348828940045 0.0429032651101 0.0246636786654 0.0612619406497 0.0449680709256 0.0427797721554 0.0654803135324 0.0251604878384 0.148705689344 0.0565518641406 0.0271794955288 0.132143501856 0.0260517267587 0.0335346879574 0.0162851568228 0.0231877092109 0.0246645675501 0.0896788789081 0.0256345374975 0.0362094771936 0.040534814632 0.0248078828137 0.0878126089614 0.188050706821 0.0791308905459 0.019144788815 0.0404531955786 0.0188066159349 0.0533286406295 0.0933125666969 0.208286894217 0.093312473985 0.0597278634654 0.0542920038725 0.0559384191954 0.0367752030525 0.0275926739743 0.0782010317916 0.0486003975036 0.158041803894 0.0151091702759 0.0594687244428 0.0466468708745 
0.702824616787 0.0177028941134 0.00760038545302 -0.00545750343447 0.0176474136828 0.00863428733247 0.024663106832 -0.00665642981366 0.0138796482879 0.015320497814 0.0325204195261 0.0294611095866 0.0179341466685 0.0209651504717 -0.00181119907025 0.020414951553 0.00848572564203 0.00703245752887 0.0224687634774 0.0291482348401 0.0468517236123 0.00444233934921 -0.00492754767576 0.0116268630829 0.0261107121504 0.00898473756013 0.0109340463561 0.0312014224927 0.0167816125786 0.00476953610696 0.0109168252977 0.0351958679795 0.00959286781659 0.0211402866881 0.00132015319725 0.0129680333584 0.0301441759442 0.00362860116239 -0.00330938927988 0.0243964414602 -0.00541007059632 0.0144608376622 0.0284011032015 0.00671003154374 0.00863791949929 0.00272831151958 0.00855466892637 -0.00143721699715 0.0352474520045 0.0199998818183 0.0388816140436 0.00998684682384 0.031333015896 -0.00439368352271 -0.00256502457427 0.0340503374146 0.0844639397574 0.0172310477134 0.00123018003062 0.00435685111436 0.0351451042642 0.00763811789134 0.0338547511773 0.0497565490017 0.00636089554839 0.0444317413996 0.0397575898987 0.025779485406 0.0493304949375 0.0198603564208 0.014085016331 0.0118741077322 0.0105604893893 0.0138767717197 0.0274170515742 0.00853065203112 0.0023877816125 0.00157162234577 -0.00060028954426 0.0208496406011 0.0338637855862 0.01184256668 0.0168417405735 0.0254983004239 0.0451622763013 0.0152958518037 0.0146970194837 0.0395466808387 0.0180566122779 0.00710402981075 0.0181085685967 0.0123803668273 0.0103598839102 -0.0105240957011 0.0326959660989 0.0111048843181 -0.00947956720945 0.000877685518008 0.0111500206075 0.00740942943017 
0.0177028941134 0.271706323518 0.00970914671528 0.0175235509137 0.0143063977077 0.00647858127149 0.0160917801704 0.0106570504553 0.00351892719401 -0.000867542733113 0.0368369739173 0.0127814440652 0.0061397401159 0.00891489963656 0.0333684389593 0.0241007599061 0.0143097590625 0.00456557502896 0.00753370474404 0.0301745922852 0.0279973402774 0.00751881336064 0.00447132183671 -0.00136691439514 0.0165452684039 0.0117736138395 0.0177888048712 0.031733865766 0.0168310158238 0.00960129319098 0.0276688634097 0.0140246232119 0.00568227369837 0.0230481292803 0.0124641885392 0.000147035583148 0.00535581560762 0.00579409382951 -0.00743975739792 0.022699921224 -0.00568394698826 0.0400381069062 0.0128505077245 0.00662905899279 0.00813108203436 0.0390970984097 0.0147245591762 0.00130075842036 0.0119794302419 0.0412931558911 0.0192681567452 0.00769324011677 0.0093645851025 0.00893807288705 -0.00158183785248 0.00365643294883 0.00149755032108 0.00584331939388 0.00932601685254 0.0209364402589 0.0205828426363 0.0129304934559 0.0126848852659 0.0253112855186 0.0344025834922 0.00271215722909 0.0243867344027 0.00249590109085 0.0032186853953 -0.00520151178616 0.00722648899511 -0.0053123897325 0.017216228364 0.0430254422837 0.0206164208737 0.0125949536207 0.0237583272215 -0.00411541244169 0.0148676548913 0.0192061975589 0.0145081980544 0.00888501808738 0.0219912109539 0.00470989366782 0.0172096000551 0.00739606607868 0.0199523515245 0.0591117179181 -0.0178980817525 0.0172356762109 0.00306110832219 -0.000123023954329 0.0140515678895 0.0544119854384 0.00227276142774 0.0150090126027 0.0135443273607 0.00898827088437 0.00964663154089 0.0369802933849 
0.00760038545302 0.00970914671528 0.344853737838 0.0218534336693 0.00358844861416 0.0099047833745 0.0203006903135 0.0209895430162 0.0456326511485 0.0127307380219 0.0173774569723 -0.00721320021893 0.00238619540881 0.00991300921403 0.00517987934249 0.00834876344013 0.00220670340243 0.0171158097115 8.30734607915e-05 0.0227363654044 -0.00189942062474 0.00273870132932 0.0224548387742 0.00300930346716 0.0101971584777 0.0222327774594 0.019178586441 0.00613197965537 0.00111198745545 0.00373984761772 0.0106062785731 0.00721985995191 -0.00478313963934 0.00449326897191 0.0234186543094 0.0214785337495 -0.00577725637034 0.0077303417688 0.00791992674389 0.00181184806007 0.0287174756496 0.00868637748971 -0.0096568115642 -0.00233098296319 -0.000498249236842 0.00359564410428 0.029729216428 -0.0121458827835 -0.00940604007591 0.0243640731098 -0.00605625340278 0.0117437507083 0.00761621888451 -0.00287229654012 -0.0102560708716 0.00151347256645 0.0522191528161 -0.000667413176182 0.0278326913833 0.0103818634163 0.0176213105467 0.0174819154682 0.022485562869 0.0262098683983 0.0150622489692 -0.0139668766177 0.00300814440758 0.0203343340862 -0.00950951732174 0.0147332091534 0.0260098808565 0.0118952015384 -0.0130927479813 0.0158453001276 -0.0144867637888 0.0105928122942 0.00318010996949 -0.00253377534792 0.00641097319489 -0.00451264805813 -0.00212386646651 -0.0129676504819 0.0172744022952 -0.00328583789809 -0.00255294500105 0.0240579556398 0.0759711557442 -0.0195261070089 -0.000394819969265 -0.00843726423383 0.0205149060874 0.0177751607664 0.0158643006718 0.0163721029746 -0.00323916027449 0.0131776158974 0.0132381378721 0.0106025424546 0.000668887230448 0.0242184713442 
-0.00545750343447 0.0175235509137 0.0218534336693 0.306490177695 -0.00270848143007 0.00900906651485 0.0119510902995 0.0221532425441 0.0106257246247 0.018656450583 0.0296723530909 0.00523600618742 0.0189997092265 0.00661906864537 0.00306698259715 0.0209958141656 0.00943655360827 0.0277125361304 0.0121307716864 0.0190979187838 0.022025758453 0.020975182774 0.0206956497126 -0.00215809805967 0.0136801270429 0.0275558922654 0.0146662624337 0.0116556018502 0.0271683150084 0.018516083154 0.00516135728616 0.0535207447076 0.0116210353047 0.0118274264311 0.0120399894346 0.000381094375561 0.00559909767314 0.00173468780512 0.0289752657461 0.0376118624378 0.0204892494763 0.0464167391138 0.0227694680529 0.042298710538 0.0205941204629 0.00165059157197 0.0272093556438 0.0320324104022 -0.00202957030944 0.021735439777 0.0380763210062 -0.0100281964128 0.00944716501586 0.0181440701123 0.013557936055 0.0248482905429 0.0867782356533 0.00193297340915 0.0106032213428 0.0228030199455 0.0306266511164 0.0151224114885 0.0242134731262 0.0328080303673 0.0121191070695 0.0129802774635 0.0171603198854 0.0036932023578 0.0160057687035 0.0191282094043 0.013270086057 0.00488131716327 0.00281294369414 0.0224903968536 -0.00972514029815 0.0149342333741 0.0150241550848 -0.00995302045819 0.0106879707185 0.0245025305456 0.030422281279 0.0195923574173 0.021481875684 0.0149836334561 0.0246346435935 0.0148155305251 -0.00507379430916 0.0118004017991 -2.55485972205e-05 0.055632972895 0.00336973117649 0.0137804542584 0.00839205478949 0.00824404280769 0.0236682361177 0.0215138404423 0.00984805440721 0.0100139194332 0.0166117808017 0.00381092124117 
0.0176474136828 0.0143063977077 0.00358844861416 -0.00270848143007 0.130513278719 0.00240931731693 0.00296836942356 0.00750988751169 0.0238084990458 0.0172278134983 0.0127388352681 0.00327324211074 0.00683919892375 0.00514279691897 0.0415904571325 0.000396558939774 0.00512591827729 0.00710880274993 0.0114079465629 0.0151849282465 0.0193114429531 0.00568580959917 0.0103249539274 0.0018715865566 0.0111367470437 0.00135387705719 0.00627338024684 0.0176679101644 0.0400650898268 0.00693071141 0.0076113599478 -0.00311401776995 0.0198572045749 0.0175510532139 0.00119713037892 0.000463352373018 -0.000983147392309 0.00649700878285 -0.0113296137822 0.00726062449154 0.00272863248493 0.000237350689023 -0.00357182845781 0.00506089236888 0.00160361704954 0.0102169101556 0.0179225281243 0.00535569967342 0.0138155252939 0.00294445708143 0.015834172956 0.00159980266079 0.00933364335242 0.007754055272 0.000540731777698 0.0167211800296 0.00355899292379 -0.00214642227254 0.0108271826388 0.0114508139188 0.00520855947611 0.00840855057321 0.010463015896 0.00308499925225 0.0123884724339 0.0105895693717 0.0239934298665 0.00585547262708 0.00841441696535 0.00619637647139 0.015774723242 0.0324107168011 0.00540819369501 0.0179234199213 0.0116893391102 0.00474196715698 0.00871773587227 0.0137319438683 -0.000119484549173 -0.00417319542149 -0.00653753058724 0.00170535091109 0.0115117335324 0.0051751438793 0.00411460889887 0.00216388972339 0.00130728231264 0.0103322274688 0.00935442922714 0.00459093338481 0.0111156459713 0.00736230670931 0.00871951129341 -0.000788957062331 0.0119081197777 0.0108377669445 0.0119657938667 0.00659793716403 0.00643010159783 0.0353301721786 
0.00863428733247 0.00647858127149 0.0099047833745 0.00900906651485 0.00240931731693 0.124218014725 0.00289126493203 -0.000527096417959 -0.00597420356349 0.00598055964487 0.000994024677212 0.000801617023744 0.000539131943152 0.0152145197327 0.0131290065692 0.00847299688009 0.0103765248154 0.0129280878133 0.00448292535893 -0.00525614419983 0.00820013302008 0.00475007306529 -0.0013022754145 0.00701996448704 -0.000960498286052 -0.00099548280906 -0.00227304145842 0.0103245418759 0.00707263875383 0.0128709042068 0.0161192961707 0.00465501786719 -0.000411899255284 0.00517041873586 0.00366103231694 -0.00562245139887 -0.00131348465988 0.0148302025712 -0.00257154312229 0.0115721666466 -0.00560374326382 0.00246745653924 0.00237079951457 -0.00112168935691 -5.18198634561e-05 0.0149970398256 0.00595838814202 0.0107033326409 -0.00639671839491 0.000792569629717 0.0144864484855 0.0125297946074 0.000843162771218 -0.00258561489103 0.000278127657386 -0.0027531706496 -0.000123415059265 0.00750815651456 0.00093243845485 0.00446881278321 0.00987890786098 -0.00184945172358 0.00935947880331 0.00388411014665 0.0113465626963 0.00301061042561 0.00418138162558 0.00352425655111 -0.00369092688683 -0.00156291974261 0.0109502563288 0.00474132237137 0.0120326807339 0.0126098529311 0.00511031254139 0.0072512522531 0.0041060470001 0.00917601823915 0.00974215658711 -0.00139613704776 0.000993017099424 0.00958590726994 0.00205149425751 0.00529758427984 0.0053420420952 0.00836101679317 0.0181936781837 -0.00295848698651 -0.0067092663693 -0.00651331447676 0.00540043526632 0.00624670494164 -0.00249201906242 -0.00837449650529 -0.000445195115578 -0.000205322358036 0.00608993344265 0.00531835407638 -0.0107324377138 0.00691294497134 
0.024663106832 0.0160917801704 0.0203006903135 0.0119510902995 0.00296836942356 0.00289126493203 0.358964408305 0.00265925796894 -0.000594590743019 0.0151469832014 0.0272690235301 0.0408224811418 0.010745043429 0.00812248762745 0.00605289446 0.014051548278 0.0031022026002 0.00941750266163 0.00662322146075 0.0402132328304 0.0435689114707 0.0181024526144 0.0143561504459 0.00735684040775 0.0415456313834 0.0119952495246 0.0126114449367 0.00366552110459 -0.0185439486849 0.00379583411375 -0.00216133137468 0.036062417326 0.010717767754 0.00308575795445 0.0117685409073 0.0161991005145 0.0152474477175 0.0181668851905 0.0185646286399 0.0116152465107 0.00221771560521 0.0415596669782 0.00972718740806 0.0187427530161 0.0135434451307 0.0103793051192 0.02234526856 0.00180215859115 0.0627582547562 0.0170959636244 0.0394936476225 0.0107415085414 0.0236845835285 0.0186630545172 0.00888586256126 -0.0107281531074 0.0478835511426 0.0235228175765 0.0195936345299 0.011885421126 -0.00538785266559 0.00456743740911 0.0101471977087 0.0170313168128 0.0204773006066 0.0158213523332 0.00548020512331 0.00379949732562 0.013023964943 0.026756140567 0.0149962879761 0.00766938512817 0.000651611147767 0.00296445989679 0.0337976657897 0.00702757147192 0.0200468683452 -0.000953392548191 0.0179438581442 0.0280490997053 0.00264720345427 0.0163245399042 0.0195044442415 0.0183154098146 0.0080177354579 0.0161801095935 0.00429070403611 0.0195893468641 0.0032328840181 0.0168835745296 0.0132472007417 0.0143605462272 0.009218303619 0.00155065025482 0.00855711299439 0.0272225082223 0.011207540629 0.0212026685408 0.0112328656454 0.00212358034225 
-0.00665642981366 0.0106570504553 0.0209895430162 0.0221532425441 0.00750988751169 -0.000527096417959 0.00265925796894 0.198883022477 0.00655978355045 -0.00240381269156 0.0366830898687 -0.00153287714601 0.0429119665878 0.00835329813188 0.0100450881248 0.00555494390047 0.0217492384938 0.0207592227082 0.0138708643254 0.00887957033208 0.0037980472515 0.0280746769925 0.0033255351664 0.00657221063383 0.0101289828556 -0.00843149069131 0.0155208556286 0.0113508758538 0.0204356965003 0.00516386243378 0.00437045114695 0.0266360416008 0.00737273962996 0.0131514244943 0.0330425652486 0.00436386066692 -0.00111809483813 0.0161345559676 0.0353981031524 0.0188154723233 -0.00488636686071 0.0169997944286 0.0023430293342 0.00635730720495 0.0129697977499 0.0101204235511 0.0028789624096 -0.000582444131512 0.0125791631458 0.0160803786558 0.0127558221328 0.00944062959052 0.00296444381597 0.00779249970036 0.00950201394354 -0.00663949388872 0.0307860908843 0.00362939294501 0.0103585264258 0.000329778544068 0.00648459090881 0.0163734544062 0.0180580983237 0.0144652147988 0.00914024538455 0.0182732965141 0.0164863980207 0.0234299113714 -0.00156322341723 0.00449475973903 0.0136716618255 0.00569650539322 0.0165448726491 0.00939409678754 0.0231069886409 0.00174070739887 0.00718580746427 0.00634908583204 0.00555710469312 0.0083618493208 0.0451243034478 -0.0025801834452 -0.00026647876487 0.0128647310186 0.0143698238113 0.0122373165506 -0.000859763213463 0.00864607134631 -0.00823940522537 0.0387991686165 0.00509261274206 0.0246205715372 -0.001370188326 0.00139373717074 0.0051404249859 0.00922567622324 0.00259621187977 0.0121904405675 -0.00324200972417 0.013881923152 
0.0138796482879 0.00351892719401 0.0456326511485 0.0106257246247 0.0238084990458 -0.00597420356349 -0.000594590743019 0.00655978355045 0.557602163676 0.0394730734491 -0.000807643635304 0.0213121483442 0.0148976308796 0.00973237296364 0.0186434991164 -0.00555125775064 0.0123879296452 -0.00837973648508 0.00615445071128 0.0212069519061 0.011573057136 0.00707777458105 0.00746198647983 0.0145472771418 0.0231723444745 0.0217032179469 -0.00971383623703 -0.00442919852399 0.0152288041401 0.00922523746899 0.00720834228681 0.0340188842963 0.0138205697178 0.00215276227024 0.0109874535259 0.0148233675092 0.0098269237997 0.061624750188 0.00599646236781 -0.00740185455349 0.0187664939902 0.0149062093174 0.0223122962672 0.0138257932312 0.0160267874041 -0.00496666015952 0.0286822995252 0.0135172404704 0.00986051853291 -0.00346604696787 0.0164404310075 -0.00356831206365 0.0266046743828 0.0214064648118 1.1445503609e-05 0.00653825549932 0.0227712594996 0.011235000926 0.0254255698204 0.00487057133369 -0.00483202703637 0.00808949249622 0.0285592738546 0.0176376359532 -0.000255509553246 0.0110033160562 0.00357004113168 0.0061521336374 0.0273182769643 0.000779724868193 0.00681079733671 0.0180106994195 0.00620408274629 -0.00264440387224 -0.00591084257476 -0.00150782093002 -0.00335267682217 -0.000557521181242 0.00961336620911 -0.00490451822573 0.00588808816505 0.00106608004328 -0.00532179218346 0.00465417369586 -0.000144505325029 -0.00128476201243 0.00652340168646 0.00957569663649 0.0263502872483 0.0195853429536 0.0162934239955 -0.00866807076261 0.00844487413825 0.0211760990928 0.0058211799209 0.0193216332258 0.0055950388694 -0.00750869885365 0.00409937368534 0.0231955344225 
0.015320497814 -0.000867542733114 0.0127307380219 0.018656450583 0.0172278134983 0.00598055964487 0.0151469832014 -0.00240381269156 0.0394730734491 0.350058376943 0.0352074238808 0.0531972157966 0.00442537263687 0.0178815327116 0.0176765325804 -0.00196586546054 0.000125758836678 0.0208312057655 0.0064938859427 0.0283560460595 0.0130345996154 0.00187457628617 0.016187480644 0.0110060871041 0.0144996847284 0.0120893572532 0.0158361183247 -0.000415442273569 0.020761624282 0.00725502640986 -0.00273873256823 0.0421368653221 0.100351843791 0.0625659620545 0.00674791184443 0.0159638167478 0.091891319296 0.012082578615 0.010578512544 -0.00541887427755 -0.00210825229233 -0.00678125002363 0.00374608817791 0.0116400888897 -0.0113320763835 -0.0110620377961 0.175874056654 -0.00797392519202 0.00825262297752 0.0151942113515 0.00901507302406 0.0169948426562 0.106795217585 -0.00735227387391 -0.00334425717563 0.0967466085109 0.00677618929582 0.00675357831055 0.0245281166946 0.00236210392939 0.0301021713481 0.019066732295 0.0281919041399 -0.00364954518087 -0.00589472936577 0.0126577905109 0.00220569647522 0.00596928354744 0.0943774374535 0.00978643039939 0.00899379116671 0.0285061383459 0.0202956057319 0.00383539796015 0.00332407805518 0.000558878502074 -0.000355106194292 0.00768491055864 -0.000674905940875 0.00246678774554 0.0146968152088 0.00178655938884 0.00637821320871 0.0157877994953 0.00460074162258 0.00987614919839 -0.0135381049876 -0.00452381846612 0.114235834073 0.0373976959219 0.00366061921677 0.00141211912111 -0.00249941997905 -0.0049993899618 0.00901736071319 0.00624107129926 0.0101576206157 0.00242278550385 -0.00153424918894 0.0315324119074 
0.0325204195261 0.0368369739173 0.0173774569723 0.0296723530909 0.0127388352681 0.000994024677212 0.0272690235301 0.0366830898687 -0.000807643635303 0.0352074238808 0.439542762674 0.0588329433402 -0.000558204238027 0.00930524041068 0.0141141702156 0.0344822106428 0.0146898792447 0.0276263693039 0.00421558754557 0.0698492591085 0.0390343559174 0.0282568421985 0.0237524523471 0.00388347488597 0.0336409096361 0.0142163934492 0.0386241731537 0.0382172092528 0.0182990335316 0.0166606972907 0.0150920123885 0.0147759717417 0.0178354229071 0.0179552277666 0.031848709504 0.016682015888 0.0158526816271 0.0316682937798 0.0191512339122 0.0685146019435 0.0295408311798 0.0725038699127 0.044859722381 0.0451751706594 0.0337337435358 0.0416691256314 0.068251403826 0.0248115894972 0.0221285702161 0.00555779513282 0.0332631799779 0.01379663661 0.0441896542404 0.0452856019586 0.00722725745195 0.0252725292317 0.0526928316987 0.0146968242973 0.0223154206408 0.0133253099844 0.0137027913549 0.0170033430069 0.0166850997039 0.0379130621316 0.0199222406202 0.0254496013916 0.0339356588603 0.0243305448125 0.0370936265892 0.0201428723098 0.0115457567938 0.0144779789082 -0.00680141698231 0.0317012954058 0.0370535467653 0.00279487364935 0.0226198064614 -0.00160024967232 0.0155416622737 0.017563904127 0.0294525850279 0.00826043587851 0.0587207190566 0.0392980442224 0.0210955418835 0.0128424669722 0.0045045652162 0.0116688865552 0.0345036165163 0.00610061241925 -0.00727679179858 0.00558128871937 0.0217258051531 0.00906094123092 0.0369658036979 0.0176949063262 -0.00479275263723 0.0115806936002 0.0219636533616 0.0155781875599 
0.0294611095866 0.0127814440652 -0.00721320021893 0.00523600618742 0.00327324211074 0.000801617023744 0.0408224811418 -0.00153287714601 0.0213121483442 0.0531972157966 0.0588329433402 0.446623780457 0.0118469852847 0.015991602255 0.0145042436049 0.0175621574409 0.0375880243933 -0.00133846047539 -0.00267115138973 0.0318933913182 0.0486654683803 0.0361064191388 0.0447007525402 -0.00430324687012 0.0449546175085 0.0396387232732 0.0809791704993 0.0291710275482 0.00913113842723 0.0240711069821 0.0180292722214 0.0178470412189 0.0596069034735 0.024332647495 0.0233774401379 0.0139887752622 0.0592409139564 0.132465045182 0.0336431646167 0.0102332641985 -0.0170786289581 0.015197409771 0.0435923197513 0.0215864234402 0.00687636050899 0.0212909521343 0.0565798328421 -0.00621240939325 0.0270061973222 0.0297215753204 0.0450791210737 0.0184280378642 0.0578794922589 0.0468212587435 0.00821336519933 0.0614144433848 0.0107184819988 0.0358142017398 0.0442862422824 0.0157951892969 0.010943089836 0.0246435627091 0.0627046806535 0.0350304824983 0.0128212617846 0.0264413486117 0.0169379803913 0.00455811405189 0.0630654501284 0.0193279049774 -0.00216868156724 0.00399681877393 0.0204164955559 0.0132226292116 0.0204844947011 0.018769000774 0.0474006065994 -0.00656548623267 0.0059957167914 0.0342786357474 0.0432662933128 -0.00377756311754 0.0331002109777 0.0496208315052 0.0177434236685 0.0375813839594 0.0118299851771 -0.025949771059 0.0517215990802 0.0312161487645 0.0366689716472 0.0148222893701 0.0203160138214 0.018991418671 0.0134428336557 0.00800205776974 0.0480252365059 0.0102047499976 0.00199301322309 -0.0211839515265 
0.0179341466685 0.0061397401159 0.00238619540881 0.0189997092265 0.00683919892375 0.000539131943153 0.010745043429 0.0429119665878 0.0148976308796 0.00442537263687 -0.000558204238027 0.0118469852847 0.386959276048 0.00304864649469 0.0136864789497 -0.00572727702593 0.0100178103149 0.00854701434585 0.0101725941581 0.0312125768517 6.67827945784e-05 0.0087689605513 0.00971193576004 0.0214845220682 0.0102024412927 0.00349132757647 0.00386808086625 0.00181949545605 0.0412691236344 0.0126783079589 0.00142762598307 0.00409475075583 -0.00612668831236 -0.0106983240133 0.00675183196493 0.0115936483332 0.00606296430474 0.00137577645752 0.0176487007496 0.000817360696883 0.0205313520956 -0.00359036172252 0.0194299551751 0.00198403051654 0.0155071147239 0.0129085617272 0.01412287374 -0.0112429993094 0.0099767223994 -0.0159960625051 -0.00712226826953 0.0169311792416 0.00270626974796 0.00784873433301 0.00374500415512 0.0255287223805 0.0020279258089 0.0117042504138 -0.00386385671318 0.0115606319338 0.0144537513712 0.00790007619902 0.0115485794722 0.00185012082469 0.00790480398221 0.0222502406929 0.00332590979006 0.0163426544998 -0.00556108936989 0.00763016567883 0.0036770148723 0.0110930879029 0.00912174302802 0.00245451343083 0.0473122369813 0.000629602182379 0.00390376424199 0.00298515284247 0.0234038675353 0.00992242946391 0.0396048119434 0.0115388136274 0.00654466635238 0.0205312014746 0.00990454479974 0.0111653899657 0.0199355619682 0.155294577854 0.000822778456728 0.0232162072285 0.00812173632405 0.0108291268414 0.0183690837885 -0.00568314194999 -0.0062735412411 0.0118877865541 0.0157199187629 -0.000967876961945 -0.00309509422377 0.013586047459 
0.0209651504717 0.00891489963656 0.00991300921403 0.00661906864537 0.00514279691897 0.0152145197327 0.00812248762745 0.00835329813188 0.00973237296364 0.0178815327116 0.00930524041068 0.015991602255 0.00304864649469 0.177307188332 -0.00394744796875 0.00923212903465 0.0196425891324 0.0490819611562 0.0160590364548 0.0263990070116 0.0146956135597 0.00941599658742 -0.00272268966156 0.0141189617485 0.00814528345728 0.00262201106444 -0.00195718634355 0.0128480052587 0.00472430101473 0.0113843994118 0.0031252820676 0.0214120961283 -0.00404115978545 0.00567927424071 0.00894864822575 0.0117467799955 -0.0114341373757 0.0188678444608 0.0185087809612 0.00454298660587 -0.00504701014574 0.00713607379024 0.0225439836743 -0.000917753935843 0.00492772903388 0.0208122902462 0.0161430133741 -0.00381905801804 0.00189816739024 0.00630207417353 0.0115211133554 -3.28686390734e-05 0.00963608842691 0.0190064885029 0.0120985300998 -0.00596168917726 0.014722346178 0.00172548074417 0.00406191524337 0.00524107308689 0.0141974807064 0.00311391151912 5.16797214502e-05 0.00281122723923 0.0119567091346 0.00880732360981 0.0123523377143 0.0241046014865 -0.00828556946194 0.00269305364359 0.00582914852347 -0.00296495633859 0.00246267779802 0.0107158568187 0.0164702846624 0.0142944505221 0.0155827223503 -0.0055214959366 0.00886242760804 0.0115639634762 0.027436936265 0.00632498116053 0.0136453385425 0.00754354644511 0.0181990853874 0.00592893185353 0.00171652246793 0.00604842794156 -0.00581778752946 0.0122193182027 0.0153040392651 0.011340601688 0.0217263634244 0.0104779206697 0.0108711126277 0.00208902846757 0.0187989380826 0.00834414896168 0.00755851617791 0.015751524814 
-0.00181119907025 0.0333684389593 0.00517987934249 0.00306698259715 0.0415904571325 0.0131290065692 0.00605289446 0.0100450881248 0.0186434991164 0.0176765325804 0.0141141702156 0.0145042436049 0.0136864789497 -0.00394744796875 0.16166675465 0.00684848542875 0.00706193558928 0.00845200342642 0.00130718135783 0.0163299487829 0.0144892656718 0.00779439979026 0.00752830499649 0.0183994894054 0.00963118900666 -0.0111952729746 0.0165883741241 0.0197191986435 0.035105669362 0.0176394607056 0.00884144647568 -0.0035577485281 0.0348546688431 0.0176063099131 0.00464623563522 0.0057714399805 0.00507449595297 -0.0210469477002 0.0137596477632 0.00288923809739 0.00272698603872 -0.00240685895551 0.0121380707224 0.00473951200544 0.00666574288296 0.00810529486434 0.044572936135 0.00797381314472 0.00298327985938 0.00390558511596 0.0132383082049 0.00251984878333 0.0177899496735 -0.00565322725944 0.000490457565828 0.0307785203862 0.00784530897156 0.0031202384882 0.0133629609969 0.0151669228359 0.00927967923922 0.0178439746489 0.0262204204847 0.00310699576191 0.0153736908813 0.0397444366652 0.0171906015366 0.00232880209263 0.00981549475835 -0.00101820837042 0.0128225022532 0.0285149571999 -0.00192699695384 0.0166532617535 0.00762881276527 -0.0065272190496 0.00885240657367 0.0229024376986 0.00262792995564 -0.000295913543048 -0.0152267514708 0.010355320468 0.0136430597259 -0.00199976130124 0.00356249454726 0.0145085913493 -0.00341506801139 0.0255191589565 0.00699489332021 0.0104308002442 0.0136054023795 -0.00996744908957 0.0034817020415 0.00836040348112 0.0131745843865 0.0174906019045 -0.00269026117201 0.0115948353149 0.0151993721233 0.048557123416 
0.020414951553 0.0241007599061 0.00834876344013 0.0209958141656 0.000396558939774 0.00847299688009 0.014051548278 0.00555494390047 -0.00555125775064 -0.00196586546054 0.0344822106428 0.0175621574409 -0.00572727702593 0.00923212903465 0.00684848542875 0.195701999879 -0.00214634081975 -0.0049681577655 0.0249098669801 0.0185956936258 0.0172882468082 0.0113696703262 0.0202010784591 0.00977658551147 0.0126781473655 0.0202785465431 0.0223030737443 0.0250223944782 0.0125394230396 0.0117910804919 0.0394591920802 0.0402426629006 -0.000604683636532 -0.002006095795 0.0152824086473 -0.00963007387121 0.000156518511252 0.0166879184702 0.0190683057549 0.0655615598321 0.00100059748816 0.0234074734728 0.0249484418482 0.0131591900921 0.00994082581719 0.0170221240957 0.00943176772964 0.0180724211107 0.00994759151266 0.0153330620966 0.018203550556 0.0160119716448 -0.0132598117797 0.0318676406976 0.000774574537016 0.0170793832295 0.0260872164607 0.010560496583 0.0183583933861 0.0124759121214 0.00581306196344 0.00618501468428 0.0148270815429 0.0282495309269 0.0166761504548 -0.000825454050304 0.00542950611285 0.0104256570211 0.0180885331423 0.0166901843546 0.00971761928686 0.00552270717431 0.0162852590676 0.014914808788 0.0352626739385 0.0122501035119 0.0181549133731 -0.00980057060256 0.0109120716432 0.00145257255557 0.0179745729897 0.00121133734114 0.019890902681 0.0234617356503 0.00347419979643 0.00263279593357 -0.00295641245393 0.0241152952025 0.0148647597247 0.028138597728 0.0139751483939 0.0049970971957 0.00483948250018 0.0222607782858 0.0198185613916 0.00296418447505 0.0258090635949 0.00781096860174 0.0223945831415 0.00342092254627 
0.00848572564203 0.0143097590625 0.00220670340243 0.00943655360827 0.00512591827729 0.0103765248154 0.0031022026002 0.0217492384938 0.0123879296452 0.000125758836679 0.0146898792447 0.0375880243933 0.0100178103149 0.0196425891324 0.00706193558928 -0.00214634081975 0.369903813867 0.0130602498685 0.0109099941949 0.00905661083042 0.00506936731073 0.0276283369693 0.015275303541 -0.00560048796455 0.00374377072907 -0.00319071029801 0.000393361273028 0.00896511293634 -0.00283224042561 0.0079476021881 -0.00233886965877 0.0102228601157 -0.000139635218398 0.00275215462414 0.0140523098721 0.0117357496854 -0.014231147571 0.24177137467 -0.00302867795528 0.0134410425289 0.025377888852 0.00629861035964 0.0165930004171 0.010821382147 0.000674799152663 0.0103492129779 0.00370535277617 -0.00357251790339 0.00342942531448 0.00128954233309 0.00435891718953 0.00261839604517 0.0128551868075 0.013148128566 -0.00231332411844 -0.000730090597794 0.0223861732324 -0.00039222785705 0.00310741151074 0.00264436283275 0.0144272101173 -0.00807311424228 0.00661784320936 0.0142293806133 0.00850187821938 -0.00552136931156 0.0146109262822 0.00779588118469 0.0407684467829 0.00503521902208 0.00248971101959 0.00143366429416 0.012352412938 0.0016557841246 0.0119498618583 0.0231625849411 0.0203148824052 0.00540610568388 0.0049906074441 0.0100257661594 0.0125750906574 0.00161388516538 0.00957908247367 0.0147856868691 0.000710640598616 0.000798871082217 0.0158880681959 0.0101500816238 0.00517906906172 0.00886064635576 0.017925621274 0.00962511812454 0.00951886619554 -0.000550080571673 -0.00156263311872 0.0124095614333 0.0203819439089 0.0042428154738 -0.00762073897687 0.0131930076029 
0.00703245752887 0.00456557502896 0.0171158097115 0.0277125361304 0.00710880274993 0.0129280878133 0.00941750266163 0.0207592227082 -0.00837973648508 0.0208312057655 0.0276263693039 -0.00133846047539 0.00854701434585 0.0490819611562 0.00845200342642 -0.0049681577655 0.0130602498685 0.293849530823 0.0189912958178 0.0273507451258 0.00802321813932 0.0124324254444 0.0115149526294 0.00839506930938 0.00160793641309 0.0116602234496 0.00492305480992 0.0169647692177 -0.00342343006238 0.0124432180942 0.0145829069567 0.00315879642603 0.00947000069683 0.001830158997 0.0033690582278 0.0161682740688 -0.00302414121569 0.0313420827959 -0.0013364725477 0.0105984470138 0.030430411005 0.0177929983286 0.0123080881416 0.00828623226936 0.00386979544096 0.0262574689796 0.00756690001165 -0.000331312354005 0.0140730829958 0.0174145599868 0.019831387161 0.00726681762325 0.012977990323 0.00242375344297 0.00421787477571 -0.00589424927755 0.00783550235918 0.00284040184324 0.0139554890616 0.00801237132112 0.0226955094275 0.00236425951034 0.00377182143241 0.0142999117109 0.0151238500321 0.013232363651 0.0125672825073 0.0567310725273 0.00788703951933 0.00050477295377 0.0166054644391 0.00895926790799 0.0106017996602 0.00792277581068 -0.00326789170379 0.0217416979328 0.0111445497731 -0.00286439570126 0.0176270882274 0.00842091030519 0.000433728235407 -0.000383483572178 0.0160935246147 0.0173012721301 0.0229329233666 0.00745599090865 -0.0118013218412 0.00867718802282 0.00570169803703 0.0315398353836 -0.0058406098872 0.00620868048875 0.0341528559832 -0.00436752498307 0.0120416977011 0.0167147767193 0.00206245960844 0.0140396029045 -0.00139965844543 0.00304955700992 
0.0224687634774 0.00753370474404 8.30734607917e-05 0.0121307716864 0.0114079465629 0.00448292535893 0.00662322146075 0.0138708643254 0.00615445071128 0.0064938859427 0.00421558754557 -0.00267115138973 0.0101725941581 0.0160590364548 0.00130718135783 0.0249098669801 0.0109099941949 0.0189912958178 0.512642851028 0.0115755903107 0.0107694871791 0.0184820504536 0.0303391900744 -0.00910176291427 0.0163396354052 0.0287076502179 -0.00589234807536 0.01168974544 -0.0120239122494 -0.00209704055724 0.00729314632342 0.000568774473564 -0.0232865872037 0.000911708759752 0.00350175328389 0.0557017204168 0.00829847449984 0.00869308040997 0.00988394994195 0.0172311018245 0.0260001998529 -0.00335875632894 0.0309992446286 0.0144072065406 -0.00155791675442 0.00166110518502 -0.00511111177904 -0.00307156816855 0.0209022911296 0.00286408470382 0.0221128041792 0.0204676413261 0.00409182855394 0.0106816930514 0.00987492993391 -0.0103853989239 0.0862030841708 0.00857483297117 -0.00275270926786 0.00877898641177 0.00123711941385 0.0151413886757 0.0422749360346 0.0413613412471 -0.0196433966965 0.029126680804 0.0219351178157 0.00929121378151 0.00238636266169 0.00453730079416 0.00578168412408 0.0133058356375 0.0609219169584 -0.00512834587668 0.046480134938 -0.000652282883783 -0.0110958740755 0.00309119119204 -0.00293675028229 8.13224558005e-05 0.0263999054999 0.0168765400341 -0.000801889651011 0.0193290715906 0.0110849540772 0.0155111715975 0.00735093955381 -0.00904293900241 0.00196879855676 0.0299816781964 0.00612526928948 0.02201400795 0.0247318707654 -0.00391940010553 0.0170444647746 -0.00240907967851 0.0660403171699 -0.000695802146309 0.00116783578851 0.00594006058644 
0.0291482348401 0.0301745922852 0.0227363654044 0.0190979187838 0.0151849282465 -0.00525614419983 0.0402132328304 0.00887957033208 0.0212069519061 0.0283560460595 0.0698492591085 0.0318933913182 0.0312125768517 0.0263990070116 0.0163299487829 0.0185956936258 0.00905661083042 0.0273507451258 0.0115755903107 0.277497687682 0.0390561355569 0.0122939730659 0.0256577726644 0.0275990578 0.0266704137231 0.021989412384 0.0221954520965 0.0199352522296 0.0129548726801 0.0128213851299 0.0117382184819 0.0421296931578 0.0280531545368 0.0157350398566 0.0203250542348 0.047657974356 0.0236612212371 0.0109154467466 0.0305154758326 0.0254694618432 0.00333525549885 0.0339296807769 0.0510418616436 0.0322238575136 0.0273190522709 0.0399855460118 0.0525846255834 0.00243996765541 0.0405699890844 0.0422773349514 0.0301530874206 0.015723134831 0.0203916647026 0.0106668598227 0.0118141761253 0.0166493561588 0.0209140824177 0.0199532010031 0.0355781815748 0.0145095671192 0.0193700948022 0.0280576562659 0.0216840035377 0.0280292567919 0.0381858824658 0.0145975673273 0.0249782587378 0.0291086633327 0.0256469145326 0.0301492711934 0.00297889579411 0.0181299335336 0.012951809028 0.0240306808197 0.0161122567468 0.00832760360532 0.0417546682607 -0.00069509950023 0.0220206855283 0.0481423340376 0.0399971768441 -0.00670371553854 0.0431123315111 0.0282566573559 0.0254204775154 0.0284031372417 0.020371605522 0.0412096414241 0.0303577284548 0.0119448590635 0.0210177218448 0.0273329953148 0.0193894187856 0.000695189431732 0.0351322883226 0.0213168501246 0.0142937888008 0.0107296011499 0.0101106013417 0.011325713806 
0.0468517236123 0.0279973402774 -0.00189942062474 0.022025758453 0.0193114429531 0.00820013302008 0.0435689114707 0.0037980472515 0.011573057136 0.0130345996154 0.0390343559174 0.0486654683803 6.67827945781e-05 0.0146956135597 0.0144892656718 0.0172882468082 0.00506936731073 0.00802321813932 0.0107694871791 0.0390561355569 0.43746499957 0.0287959017224 0.0287982399678 0.0345435266109 0.0335870375352 0.0313202167202 0.0123108499254 0.0170598913605 0.00405289328732 0.000506273207597 0.0251026645103 0.0235274512446 0.0122195812843 -0.00292292350963 0.0313584149701 0.0120935032768 0.0246529443282 0.03697838093 0.0206142102863 0.0139001808448 0.0184551590659 0.0236173821023 0.00590680945777 0.0331037289648 0.0156110177973 0.0432403486953 0.0105693153731 0.0160771717724 0.0564492892708 0.0233375018045 0.0305379679271 0.00268027828711 0.00882182365988 0.0120925744988 0.0748682951893 -0.00462124132069 0.0738157594945 0.0303649250543 0.00190853053311 0.0102687700333 0.00695049869449 -0.00467288790287 0.0418209436724 0.0167361198196 0.0145019742663 0.0223591448314 0.0207211382586 -0.000217020121053 0.0173630875012 0.0423767076546 0.00848148923439 0.017219268165 -0.00187753654037 0.0205742356632 0.0247871776232 0.00974108805622 0.0159269095802 -0.00526240753475 0.00253509741587 0.0339536559332 0.0198173142863 0.0347099832634 0.0191652246302 0.0252935668754 0.0300514250227 0.0175296125724 0.0179154338016 0.0393147204797 -0.000903158194744 -0.0129685709507 0.00803267935991 0.0184470198473 0.0109642229868 0.0122651280208 0.0257253653889 0.0304097872212 0.0262135207624 0.00187398604772 0.0854516510178 0.0189375516773 
0.00444233934921 0.00751881336064 0.00273870132932 0.020975182774 0.00568580959917 0.00475007306529 0.0181024526144 0.0280746769925 0.00707777458105 0.00187457628617 0.0282568421985 0.0361064191388 0.0087689605513 0.00941599658742 0.00779439979026 0.0113696703262 0.0276283369693 0.0124324254444 0.0184820504536 0.0122939730659 0.0287959017224 0.240304823402 0.0152436754829 0.0100452903327 0.0307189540375 0.00587695887205 -0.00420658182621 0.0221370766264 0.0172944581749 0.0189120221117 0.0148462827815 0.00523538591464 0.0185615961127 0.000806650696757 0.0236922945359 0.00171320204357 0.0109624427033 0.0292304143328 0.0364401230707 0.0094433145552 -0.00172872578228 0.0231467613285 0.00363190716189 0.00782880013177 0.0111122177112 0.013877463989 0.0427437818568 -0.00322082943337 0.0170587585439 -0.0112541147365 0.0350447929066 0.00861888316171 0.00834285125393 0.0107192633044 0.010707616227 0.0278620142551 0.0304695384096 0.0566002927849 0.0123373012561 0.00582269740786 0.0169436226672 0.00883129698191 0.00860176497423 0.0184673437784 0.0214251159602 0.0168798608864 0.0212561354428 0.00148062572685 0.0235859865756 0.0324884865004 0.00956683566155 0.00521359452676 0.0124035832575 0.0175417691271 0.0180956883629 0.0204946556983 0.0339251610628 -0.00163977685095 0.0159164282515 0.00969027096633 0.026868678016 -0.0091205404524 0.020216647495 0.0254800493989 0.015118115853 0.0211946733536 0.00995007849312 0.00461121252727 0.0326345975504 0.00700508123809 0.0215959225762 0.0193462697395 0.0313879515797 0.00276708645795 0.0233972505997 0.00873332994766 0.00182069863366 0.00327570430667 0.00457784531408 0.00193690144895 
-0.00492754767576 0.00447132183671 0.0224548387742 0.0206956497126 0.0103249539274 -0.0013022754145 0.0143561504459 0.0033255351664 0.00746198647983 0.016187480644 0.0237524523471 0.0447007525402 0.00971193576004 -0.00272268966156 0.00752830499649 0.0202010784591 0.015275303541 0.0115149526294 0.0303391900744 0.0256577726644 0.0287982399678 0.0152436754829 0.165168003108 0.0047843690176 0.0198315983316 0.0400094313513 0.0176617792255 0.0100567955253 0.00655862296282 0.00632858827931 0.016190110951 0.012072719016 0.0117982246344 0.00150768501324 0.0237370485427 0.004380052266 0.005816199519 0.0106359747745 0.0146597821399 0.0260186614789 0.0513575828995 0.0281263311905 0.02261340815 0.0221795968995 0.00085465100232 0.012644087781 -0.00456953715168 -0.00136398805183 0.0219498875693 0.0037054108822 0.0147506729766 0.00729433508642 0.00895565209562 0.00742057335022 0.00626978105024 0.0133449585939 0.0308861296532 0.0133992184273 0.0155611976744 0.0133276982234 0.00724111729752 0.0124361421631 0.0429990779919 0.0183472820082 0.0156910956479 0.0134961316039 0.00690619138184 0.0111417437924 0.0121704296197 0.0170972708426 0.00434820172572 0.00366649044623 0.0118056568965 0.00706860501048 0.0258977837226 0.00669790061226 0.0157726146592 -0.000316223104852 0.0166522416157 0.000123058113114 0.00956148909646 -0.00251583846033 0.0169655581947 0.0104460015672 0.0105040788015 0.0085307234956 0.00961694523924 0.00860562733316 0.00752126378978 0.0102824773762 0.00484595878044 0.0193916509162 0.0115966153234 0.00754786698331 0.0141504611087 -0.00247550070222 0.0200749351882 0.0125452160043 0.0203319313046 -0.0078964199761 
