20
0.0621529110589 0.0850489592031 0.100974868985 0.0391901687574 0.061476397973 0.039970875035 0.0363496030559 0.0396221554001 0.0253425298527 0.0526943852585 0.0348883512333 0.00361039022472 0.118355026327 0.169485482474 0.0418020448473 0.0191748751409 0.0716450377603 0.0645874353538 0.121001700606 0.0380288664812 
0.329798379869 0.0182038432084 0.0405801642565 0.0141205301151 0.0288685216384 0.0280419327193 0.0383675253602 0.0169152659781 0.0185434062982 0.0321234880739 0.0361844861519 0.0276481829166 0.0453256645023 0.0285832178001 0.00181844286916 0.0223244676314 0.00129596709209 0.0453653093324 0.0049454948482 0.012137052008 
0.0182038432084 0.728504951004 0.0309524670093 0.0129955035866 0.045779267278 0.0161074932794 0.0147220501122 0.0357550899785 0.0267396899229 0.0448581852261 0.0198798977565 0.013815045114 0.022596822151 0.0156305215329 0.0195569455922 0.0127286765467 0.017772684394 0.0028248661423 0.0535637996281 0.0394171842622 
0.0405801642565 0.0309524670093 0.478010151095 0.0213454130605 0.043441949577 0.0263498418131 0.0171730211143 0.00645684087097 -0.00217934122562 0.0584081530164 0.050896744038 0.0250462859083 0.0373087845901 0.0171641579043 0.0313001501743 0.033838427905 0.0075034048312 0.0480996495371 0.0233917308703 0.0115086029997 
0.0141205301151 0.0129955035866 0.0213454130605 0.212219325158 0.0287228184713 0.028470587571 0.0138268287261 0.0207458483864 0.00307295148881 0.0369614901022 0.0285386114344 0.0129590302626 0.0175213160449 0.0130387106299 0.0335327830402 0.0253276395328 -0.00220327102556 0.00732152358887 0.0169650817878 0.0151449921164 
0.0288685216384 0.045779267278 0.043441949577 0.0287228184713 0.29302597041 0.0333300779182 0.0208137874243 0.0459630058702 0.0317421589415 0.0305629928917 0.0349784331562 0.0268011116584 0.0403431765496 0.0169804539062 0.0454670872549 0.0504363644135 0.0554351175787 0.0246042255481 0.0618209634849 0.0402878881645 
0.0280419327193 0.0161074932794 0.0263498418131 0.028470587571 0.0333300779182 0.20602868747 0.0112934456638 0.0178788344011 0.0261648187636 0.0401501387446 0.0301423659383 0.0113962234165 0.0137727117937 0.0344432801944 0.0491077683665 0.0240891645356 0.0133869461669 0.0200386387695 0.0125134582863 0.0255403763448 
0.0383675253602 0.0147220501122 0.0171730211143 0.0138268287261 0.0208137874243 0.0112934456638 0.315800006982 0.0304718153722 0.0550649395111 0.0182780314302 0.0139983870364 0.0126013096032 0.0328193800863 0.00640447630587 0.0143774319287 0.017412313928 0.00672979717214 0.023715177399 0.0175245730824 0.0230930540636 
0.0169152659781 0.0357550899785 0.00645684087097 0.0207458483864 0.0459630058702 0.0178788344011 0.0304718153722 0.18991712267 0.021689980374 0.0332779658665 0.0505977370124 0.0137560314551 0.029384216625 0.011776744056 0.0303724486785 0.0314998553728 0.00759772139198 0.0132307822533 0.0161477418186 0.0327342945838 
0.0185434062982 0.0267396899229 -0.00217934122562 0.00307295148881 0.0317421589415 0.0261648187636 0.0550649395111 0.021689980374 0.191862712729 0.0253845023839 0.0152729134167 0.026962016922 0.029408025911 -0.00462626416293 0.0188804412353 0.0163852580154 0.00351217605261 0.0118977395987 0.0273461107137 0.0262899391315 
0.0321234880739 0.0448581852261 0.0584081530164 0.0369614901022 0.0305629928917 0.0401501387446 0.0182780314302 0.0332779658665 0.0253845023839 0.318181549802 0.0610537527369 0.0258148274887 0.0374258405003 0.0177544124609 0.030882169327 0.0241076149949 0.0158195424388 0.0317108266482 0.0282332903297 0.0384524620674 
0.0361844861519 0.0198798977565 0.050896744038 0.0285386114344 0.0349784331562 0.0301423659383 0.0139983870364 0.0505977370124 0.0152729134167 0.0610537527369 0.329212089075 0.021391475068 0.0283731956374 0.0364492596827 0.0438422368592 0.0247265237114 0.00872086665692 0.0364817026531 0.000424985924384 0.0278653014929 
0.0276481829166 0.013815045114 0.0250462859083 0.0129590302626 0.0268011116584 0.0113962234165 0.0126013096032 0.0137560314551 0.026962016922 0.0258148274887 0.021391475068 0.225519319475 0.0147700592996 0.00514370590211 0.0143325006853 0.00949651822955 0.00975294980373 0.0180084601603 0.0242196848433 0.017541455608 
0.0453256645023 0.022596822151 0.0373087845901 0.0175213160449 0.0403431765496 0.0137727117937 0.0328193800863 0.029384216625 0.029408025911 0.0374258405003 0.0283731956374 0.0147700592996 0.577982601444 0.0198774512242 0.0164246492152 0.00203778651067 -0.0102481024341 0.0519353355106 0.000964512394796 0.0330664039882 
0.0285832178001 0.0156305215329 0.0171641579043 0.0130387106299 0.0169804539062 0.0344432801944 0.00640447630587 0.011776744056 -0.00462626416293 0.0177544124609 0.0364492596827 0.00514370590211 0.0198774512242 0.681094067636 0.0285971715997 0.00983514575817 0.042022985842 0.00150598397427 0.0438871150872 0.000555599984166 
0.00181844286916 0.0195569455922 0.0313001501743 0.0335327830402 0.0454670872549 0.0491077683665 0.0143774319287 0.0303724486785 0.0188804412353 0.030882169327 0.0438422368592 0.0143325006853 0.0164246492153 0.0285971715997 0.263140490336 0.0302382695974 0.0244177412968 0.0373550548747 0.0225991490486 0.0280663627528 
0.0223244676314 0.0127286765467 0.033838427905 0.0253276395328 0.0504363644135 0.0240891645356 0.017412313928 0.0314998553728 0.0163852580154 0.0241076149949 0.0247265237114 0.00949651822955 0.00203778651067 0.00983514575817 0.0302382695974 0.183428418949 0.0269104991975 0.0172813671271 0.0294917685803 -0.00169837275396 
0.00129596709209 0.017772684394 0.0075034048312 -0.00220327102556 0.0554351175787 0.0133869461669 0.00672979717214 0.00759772139198 0.00351217605261 0.0158195424388 0.00872086665692 0.00975294980373 -0.0102481024341 0.042022985842 0.0244177412968 0.0269104991975 0.469537651681 0.0185082151244 0.0101549493892 0.0239272902068 
0.0453653093324 0.0028248661423 0.0480996495371 0.00732152358887 0.0246042255481 0.0200386387695 0.023715177399 0.0132307822533 0.0118977395987 0.0317108266482 0.0364817026531 0.0180084601603 0.0519353355106 0.00150598397427 0.0373550548747 0.0172813671271 0.0185082151244 0.354937240637 -0.00406505291119 0.0190607717945 
0.0049454948482 0.0535637996281 0.0233917308703 0.0169650817878 0.0618209634849 0.0125134582863 0.0175245730824 0.0161477418186 0.0273461107137 0.0282332903297 0.000424985924385 0.0242196848433 0.000964512394797 0.0438871150872 0.0225991490486 0.0294917685803 0.0101549493892 -0.00406505291119 0.743943285528 -0.00475929625482 
0.012137052008 0.0394171842622 0.0115086029997 0.0151449921164 0.0402878881645 0.0255403763448 0.0230930540636 0.0327342945838 0.0262899391315 0.0384524620674 0.0278653014929 0.017541455608 0.0330664039882 0.000555599984166 0.0280663627528 -0.00169837275396 0.0239272902068 0.0190607717945 -0.00475929625482 0.340705619021 

['TJX', 'EBAY', 'ODP', 'RTN', 'BEN', 'EMR', 'SGP', 'CBSS', 'LLY', 'HOT', 'BDK', 'GCI', 'DDS', 'ADM', 'GWW', 'AFL', 'SYMC', 'KSS', 'EP', 'ADI']