60
0.0367752030525 0.0526943852585 0.0297585566085 0.0472748306646 0.162626926374 0.0542920038725 0.0514292405054 0.0738036440579 0.0307440439862 0.044891801276 0.101481112582 0.0396471392927 0.0936563270582 0.166074759161 0.0565521495323 0.023795453615 0.0115927538848 0.0265727047954 0.0594687244428 0.0850489592031 0.188050706821 0.0263662592882 0.0113752176021 0.0359279599811 0.0634276035435 0.0755152896869 0.0122123060087 0.0220144037379 0.0436219100546 0.0424048973372 0.0523918745475 0.066200000993 0.079223051944 0.0446705301477 0.0285158318856 0.0708595176859 0.0440278725419 0.0192488530763 0.0559549201136 0.126302472887 0.197480990077 0.0936509155003 0.0347696809731 0.0202574279786 0.128222495688 0.0693656588129 0.0354646018646 0.0753619397022 0.0549811443135 0.07971303899 0.121001700606 0.0363496030559 0.0832698050771 0.0592302274211 0.0146510565804 0.0447966226616 0.0695535734162 0.050100863095 0.22311845274 0.200970993098 
0.250712132842 0.0196621354759 0.0188092861536 0.00909880198725 -0.00822796450916 0.00515855339238 0.0235217213643 0.0164951729586 0.0180105982459 0.00696664803421 0.00445814665937 -0.00259765759242 0.0158904257894 0.0201644788982 -0.00536415774165 -0.00288891922754 0.00939204821303 0.0154398172864 0.00493964486441 0.0137579824344 0.00147445996392 0.000311469885413 0.00697349973918 0.0138726138323 0.0245513403125 0.00942222071485 0.00501209923352 0.00603615099564 0.0308581903265 0.0297214662811 0.0172586249887 0.0165299316175 0.0143353796596 0.0222729420361 0.00230295114649 0.00982249541874 0.0110552970209 0.0142685891682 0.00240811711508 -0.000732763352623 0.0142700450368 0.0274912574841 -8.91817189602e-06 0.0110117034879 0.00584713278882 0.0143236464467 -0.0042538162931 -0.0110035283499 0.0052085880961 0.00368755934089 -0.00545432059882 0.0378608880037 -0.00729721640609 0.00708370208397 0.0105540431546 0.0222454884926 0.0149250899852 0.00872759988169 0.0183384508932 0.0307793511255 
0.0196621354759 0.286611204909 0.019512311679 0.00328204617852 0.00909762033354 0.00852523295924 0.0219866912741 0.0227096850993 0.0221746156294 0.0225773431461 0.0112162242736 0.00752673165972 0.0554915929846 0.0321488769754 0.0103283235601 0.0169363862469 0.00886731315362 0.0192896061614 0.0098664541452 0.0333439536743 0.0368217528434 0.0338954701128 0.0176492219757 0.0134524606156 0.0316745983699 0.00973741465726 0.0217687678715 0.0045355682307 0.0152910824999 0.00820596185281 0.0302170022537 0.0435588508352 0.0246225426102 0.0282151757803 -0.00155124326939 0.0127604299863 0.0379484965744 0.0208982397434 0.0433890268679 0.00945755020442 0.0322701602884 0.0489063701031 0.0141768529047 0.0352183293081 0.02948119054 0.0132676052744 0.00457069172507 0.00404453854023 0.0102260560909 0.030109928226 0.0227746401883 0.0109794756261 -0.00947287035716 0.0111114867281 0.0250377193405 0.103060003862 0.0103321646176 0.0108480779584 0.0300378699193 0.0112906596599 
0.0188092861536 0.019512311679 0.254085895284 0.0110985326714 0.0183982863389 0.0114339427184 0.0237997961729 0.0167597491221 0.0234006953771 0.0165438869619 -0.020293221388 0.00494943787402 -1.3995180211e-05 0.0250233909552 0.010046490079 0.00658024188456 0.0224448300416 0.00771428755394 0.0201824006601 0.018186710217 0.0382552721895 0.0143896873147 0.0105769534926 0.0340550381692 0.018435921668 0.0140213398781 0.00851329773708 0.0107681165181 0.027245508636 0.013216324352 0.0209620522371 0.0151458982362 0.0254443912356 0.0197597775898 0.00609157161114 0.0109922452709 0.0108242376249 0.000623201227441 0.0233848808966 0.00259551544877 0.0101465299429 0.0235743352461 0.0281233236782 0.0268771292292 0.0248251208398 0.0170571784388 0.0163183055249 0.0172545600957 0.00160217815571 0.0239405920485 0.0162762783106 0.0177299496366 0.0152608446165 0.0223320648498 0.00333318931191 0.041787525035 0.00128364694139 0.00741229319575 0.0320725526262 0.0115402525747 
0.00909880198725 0.00328204617852 0.0110985326714 0.341594028359 0.003658622843 -0.00614170468227 0.00541889040033 0.00199447654682 0.0058244467084 0.00133225802043 0.00769727574046 0.0159077644602 -0.0022387670127 -0.0185521088504 -0.00929932705825 0.00540237153609 0.0108064572184 0.00994313054413 0.00296444063176 -0.0054144224814 0.0151497756971 0.00450449067655 -0.00123934350182 0.00734220283049 0.00179458245805 -0.0035231874163 -0.0031435819081 0.00240588325466 0.0156690226445 -0.00842541313943 0.0368662386578 0.0115453414268 0.0265368955461 0.0236123589952 0.0040396154958 0.0338248764075 0.00393706919167 0.0072613332174 0.00732258501763 -0.0206140092732 0.00840477904946 0.00832118145728 0.0173114847427 0.010056132476 0.00571951333205 -0.00678762917996 0.000697902442066 0.0171725201347 0.0225293801702 0.00983784989616 0.0144424619731 0.0307418437189 -0.00622596801865 0.0126521654134 0.0131053726362 0.0143042235477 -0.00703846988318 0.00994673787838 -0.0113866444697 0.0834874966738 
-0.00822796450916 0.00909762033354 0.0183982863389 0.003658622843 1.11626004974 0.00270389146484 0.0374452226259 0.00890429042765 0.00154798925743 0.0504328178496 0.00703283403391 0.0312996797695 0.0536053462904 0.0281533994502 0.051328768636 0.0276457445873 0.00691604919561 0.074956698815 -0.000488147727326 0.0106178626784 0.00534099069587 0.032234407815 0.0211928901839 0.0214973427972 0.00377368225657 0.0060780561014 0.0123409794932 0.0335334481178 0.013093006468 -0.00183483624531 -0.0131375815459 0.00960055659538 0.00503314352678 0.00022313952391 0.0333188156304 0.0704780978881 0.0163652671157 -0.00275612498886 0.000758905978087 0.017962885429 0.0139724416029 -0.0132935215647 0.0227048951226 -0.015071456669 0.000195763543129 0.0173213523429 0.0354084847829 0.0388174181772 0.0158401063913 0.00852501233862 0.0472388988507 0.00969984002175 0.0435165674661 0.0324537778566 -0.00105347011778 -0.00696859428394 -0.005554631498 -0.00746779019283 0.0175274768175 0.0196180229055 
0.00515855339238 0.00852523295924 0.0114339427184 -0.00614170468227 0.00270389146484 0.277529986241 0.0296886684039 0.0126663731879 0.019610946136 0.026637073583 0.0286519599368 0.0215307667531 0.0284288006162 0.0402003867145 0.00603237150328 0.011337478317 0.0179486881789 -0.00259370656216 -0.00094312715689 0.023204513503 0.0223145976418 0.00902757710595 0.005924965462 0.00953416641423 0.0228048998998 -0.00206643053531 0.00970639463564 0.0134861489269 0.0202379382787 0.0061933105704 0.00662402157565 0.0159749880844 0.0122722334626 0.0235575112356 0.022295722754 0.00874840439489 0.0183694038795 0.0137931046816 0.0263177557714 0.0147870616277 0.00236185923555 0.0147225700693 0.00526477048649 0.0286414551943 0.0228354024113 -0.00501242505415 0.012004905012 0.0231985983125 0.0154830083999 0.0163578189711 0.0169162769399 -0.00577946839742 0.00900324740833 0.00243747441942 0.00922176045404 0.0069782317986 0.0100878011358 0.0124350507551 0.0140987719634 0.00869435513722 
0.0235217213643 0.0219866912741 0.0237997961729 0.00541889040033 0.0374452226259 0.0296886684039 0.194224457421 0.0229053258819 0.0274055943023 0.0104303643593 0.00839289896992 0.0195695685972 0.0161663167351 0.0356724104976 0.0165797614955 0.00723082099152 0.0161845899732 0.0175415369132 0.0258499064857 0.0287512170032 0.0169865879908 0.0269534359427 0.016412382163 0.0114424655856 0.0246447372094 0.0106645753572 0.0107130534933 0.0149810469302 0.0247222994492 0.00899091377419 0.00875656111761 0.0308677654924 0.0139835277696 0.0182505438735 0.0230118978173 0.0216917362533 0.0148440739929 0.00804890594457 0.0271788003388 0.0288414807891 0.0317073893835 0.0319739940182 0.0140414088525 0.0176749208534 0.0444694077627 0.0206441824567 0.0101015174687 0.00741594885157 0.00381599663523 0.00451739977178 0.0453840888417 0.017638457861 0.0219442187179 0.0163255315856 0.0111990695569 0.0192845376004 0.0136277401546 0.0120133282087 0.0584826142429 0.0299779342526 
0.0164951729586 0.0227096850993 0.0167597491221 0.00199447654682 0.00890429042765 0.0126663731879 0.0229053258819 0.347662867843 0.0169983917129 0.0246487509948 -0.00263843123334 0.000416404418792 -0.000842921651635 0.0618155742845 0.0118698278385 0.00541537528548 0.00419829624084 0.00326186637441 0.0302931159779 0.0235194702715 0.0441978378704 0.0174058910227 0.0117242587836 0.0154021087298 0.0234527611816 0.0283268222099 0.00725067462344 0.0202458941467 0.0328808829087 0.00918074938286 0.0123582697466 0.0157372201081 0.0359388075707 0.0213690326726 0.0185772837917 -0.00855585621969 0.0099175015612 0.00451408189837 0.0141826265923 -0.00184655795159 0.0309971442759 0.0351283760298 0.0178672017015 0.0319291097088 0.0198543504061 0.0140237933005 0.00870319996148 0.0110214647176 0.00399885403587 0.0261013885331 0.0127164829249 0.0119303850164 0.00820448768205 0.00113128814908 0.00728498473543 0.0228740591586 0.00990421799301 0.0158984125117 0.0389645347614 0.0232564216964 
0.0180105982459 0.0221746156294 0.0234006953771 0.0058244467084 0.00154798925743 0.019610946136 0.0274055943023 0.0169983917129 0.218978927393 0.0190255711608 0.0114202162396 0.025593479436 0.0105011630008 0.0376394953614 0.0151589599619 0.0168728278058 0.0171847201642 0.0134832697637 0.00984759228389 0.0210053140153 0.0151088571759 0.0285415819157 0.0201186201407 0.0125402394634 0.0257686592184 -0.00325946767772 0.0250617678783 0.0175945374403 0.0464163187611 0.0119096827411 0.025051463784 0.0306672547007 0.0148753533612 0.00748720161114 0.0201658776475 0.00522650341817 0.021914835503 0.0145677526858 0.0350784052016 0.0206889653714 0.0159984796179 0.0396133153754 0.00678371713662 0.0386785441389 0.0195812039838 0.00451495112914 0.00917551297329 0.00390268601329 0.0624337137506 0.0138132926999 0.0250829688089 0.0203891084693 0.0216428265352 0.0246266130351 0.0163659744459 0.0136656221265 0.00956542371822 0.0237682575438 0.042602660467 0.0107823625064 
0.00696664803421 0.0225773431461 0.0165438869619 0.00133225802043 0.0504328178496 0.026637073583 0.0104303643593 0.0246487509948 0.0190255711608 0.32169739406 -0.00812364020005 0.0173680151096 0.00764531886242 0.0431995144736 0.0204902353679 0.00551154964948 0.0167354564722 0.00533347681266 0.0217356839751 -0.00292747782255 0.0201741552403 0.0352012074089 0.0212155165975 0.00341301010752 0.0174200913083 0.0594705603117 0.0224383899866 0.0131423039063 0.0287510802221 0.0293810799731 0.00788637340627 0.0242336152091 0.0142948628252 0.0144607936563 0.0148650370285 0.0193971443931 0.0169536119575 0.00528392772934 0.0257646660871 0.0515296272966 -0.00101841952354 0.0355149234347 0.0227611509627 0.0246036882687 0.0241509182389 0.01150709901 0.00297600867524 0.0131727440867 0.0300600765677 0.0209740972779 0.00353739474269 0.0306953973925 0.0219326805397 0.0224682072495 0.00598353072822 0.0264989937829 0.00409017340665 0.0247707725297 0.0425561770168 0.00438449748898 
0.00445814665937 0.0112162242736 -0.020293221388 0.00769727574046 0.00703283403391 0.0286519599368 0.00839289896992 -0.00263843123334 0.0114202162396 -0.00812364020004 0.91444178761 0.0230939596849 0.00664701432222 0.0171365334332 -0.00388811749008 -0.00147032971435 0.00649789846493 0.0133479307975 0.00586026904244 -0.00435262213132 0.015683246645 -0.00828532681048 0.00741538224113 -0.00569655237112 0.012777086251 0.0136426799262 0.135706195917 0.00617532188837 0.0133269925072 0.0126242168547 -0.0097255976558 0.012037094253 0.0229249817846 0.0296545792504 0.0145639343279 0.0134816440622 -0.0102834906984 -0.00239487121739 0.0198188077299 0.0370168389496 0.00401214890198 0.0174650816328 -0.00284309178319 0.0111663957729 0.0352681518663 -0.00310992075802 0.00605103111417 -0.00181356353807 0.0019725557087 0.0075100645506 -0.00397553772649 0.0208903566458 0.0303855343301 0.00345020766303 0.0120222242648 0.0116533827678 0.000280115397134 0.00267298264211 0.0264108557274 -0.013438812175 
-0.00259765759242 0.00752673165972 0.00494943787402 0.0159077644602 0.0312996797695 0.0215307667531 0.0195695685972 0.000416404418792 0.025593479436 0.0173680151096 0.0230939596849 0.242538893402 0.0216115097514 0.0128686543532 0.0170093821512 0.0486685094937 0.0225044328848 0.0108516591137 0.0150758652783 -0.00548999114246 0.00287841803826 0.0164598915666 0.025222464009 0.0152823088434 0.0244971179382 -0.00489784116692 0.0205340657455 0.0451830610226 0.045334721396 0.0099137619454 0.0231488638263 0.0426994210886 0.0043360739487 0.00709504293925 0.0479763014302 -0.00210220274388 0.0112718218056 0.00781418834935 0.0262980536127 0.00703191382099 0.0165700423448 0.0134075846616 0.0110377069826 0.015738049896 0.0222955055519 0.000757983659071 0.0564152059935 0.0355502771247 0.00247892020306 0.0210975068567 0.0461389089781 0.00751229299088 0.0439824419332 0.0205350216407 0.00236434622557 0.00342549085243 -0.00642907735538 0.0234718003093 0.0106325839894 0.00282068710699 
0.0158904257894 0.0554915929846 -1.39951802112e-05 -0.0022387670127 0.0536053462904 0.0284288006162 0.0161663167351 -0.000842921651635 0.0105011630008 0.00764531886242 0.00664701432222 0.0216115097514 0.430055380967 0.0110684456075 -0.0013432903865 -0.00159010370939 0.00725160247143 0.0156747226891 0.0452143116385 0.0323589932633 0.0135412710076 0.0110014654947 0.0171335907855 0.0143553604474 0.0387531287951 -0.00236954421776 0.0139777040737 -0.00321985546418 0.0191979032354 -0.028713325885 0.00199854230288 -0.00715851405 0.0167700642309 0.0229354528597 0.00140122967132 0.0209929490708 0.00335246343388 0.00411722469794 0.0225989765268 0.000826648075033 0.0445019774427 0.029763997613 0.0215443380243 0.0267445518082 0.0367612446293 -0.013450891459 0.00849864666341 -0.0071163106273 0.0216561839351 0.00692251722123 0.00117828969952 0.00716959248743 0.0087611353069 0.00189405305907 0.0161518151868 0.00373584925356 -0.0088719465283 0.00169911486304 0.0536091234295 -0.00599880399404 
0.0201644788982 0.0321488769754 0.0250233909552 -0.0185521088504 0.0281533994502 0.0402003867145 0.0356724104976 0.0618155742845 0.0376394953614 0.0431995144736 0.0171365334332 0.0128686543532 0.0110684456075 0.480428470685 0.0377144474488 -0.000556078103979 0.0273477775634 0.0166774649683 0.0113170500569 0.0311581640438 0.053216846042 0.0476027289431 0.00113300803035 0.00894173128204 0.0564524234679 0.091725061827 0.0256529017234 0.0044771784315 0.0387030098327 0.00877087672968 0.0361363778756 0.0195634324129 0.0495309053808 0.0234230012083 0.000909946233523 -0.000394817580048 0.0159083566539 0.011909069466 0.053644469807 0.0876042260693 -0.00594554994227 0.0405135084137 0.0380770524724 0.032453215324 0.0631114261667 0.0179992188174 0.0217003894759 0.0589438284457 0.0491234907865 0.0502046644385 0.02713978259 0.000902063019128 0.0729206470592 0.0136557641585 0.00362601211137 0.0253069398244 0.0472421865453 0.0579430770935 0.040598052478 0.0144881003262 
-0.00536415774165 0.0103283235601 0.010046490079 -0.00929932705825 0.051328768636 0.00603237150328 0.0165797614955 0.0118698278385 0.0151589599619 0.0204902353679 -0.00388811749008 0.0170093821512 -0.0013432903865 0.0377144474488 0.366056140556 0.0199874144953 0.0158982750482 0.00704638314 0.0199428145682 0.00475861565222 0.0223498629559 0.0140710955796 0.00992542023906 -0.00456954662486 0.0212790178951 0.00430958670946 -0.000821824272937 0.0144099235714 0.0122377397531 0.0153390323683 0.0137629203605 -0.00153779151661 0.0246478385308 0.0274751255722 0.00828086100455 0.0215163220287 0.0309442524014 0.0093504000194 0.0145943979689 0.013328278415 0.014339174941 0.0155245591614 0.0242230939804 0.00294595980553 0.0372057042881 0.0279132627401 0.00731787013148 1.00028533152e-05 0.00115246808394 0.0265647356462 -0.0124164939304 0.0066847229387 0.0118145730034 0.0133027765983 0.00814918345758 0.0238666187558 0.0157954333767 0.00458182967236 0.0163569678462 0.00256697458771 
-0.00288891922754 0.016936386247 0.00658024188456 0.00540237153609 0.0276457445873 0.011337478317 0.00723082099152 0.00541537528548 0.0168728278058 0.00551154964948 -0.00147032971435 0.0486685094937 -0.00159010370939 -0.000556078103979 0.0199874144953 0.171973249415 0.00732903439172 0.00398581617921 -0.000742950652293 0.0120148168193 -0.00530068044447 0.0134554451855 0.0115911713473 0.00757943526573 0.00753801618032 0.0185592407926 0.00217488683768 0.0401421948 0.0221050258963 -0.00187514466489 0.025582859987 0.0404978491724 0.00449726551465 0.011389596249 0.0322599637088 0.0102018688745 0.010700432009 0.0118651025522 0.0119465266167 0.00271125669454 0.0172199278906 -0.00234227945206 0.0014859976909 0.0133404835152 0.01903367738 0.0206269325006 0.0438993408269 0.0214897213841 -0.00306548318578 0.0147456120405 0.0367058336551 0.00548023212978 0.0257000723646 0.00940588201709 0.00647175381227 0.0122137939126 0.00228132704316 0.00705163350656 0.00661019847084 0.00382054471848 
0.00939204821303 0.00886731315362 0.0224448300416 0.0108064572184 0.00691604919561 0.0179486881789 0.0161845899732 0.00419829624084 0.0171847201642 0.0167354564722 0.00649789846493 0.0225044328848 0.00725160247143 0.0273477775634 0.0158982750482 0.00732903439172 0.135739632148 0.0167917093677 0.00420051780392 0.00607923073657 0.0142927411731 0.0165544601973 0.00459365837507 0.00620121580412 0.0219462798522 -0.00190601737167 0.00331052191998 0.0132568191582 0.000109937477537 0.00458959022193 0.00909705498872 0.0214146264833 0.0157254126464 0.0241539898138 0.0109224781979 0.0112218956853 0.0074741362126 0.0100261112517 0.0216147292492 0.00908037963107 0.00873773589927 0.0138043685425 -0.000293389837642 0.0142786748079 0.0249362290248 0.00624294558354 0.00487326006123 -0.00286558930295 0.00792732573433 0.0147508208378 0.0212182953702 0.0140371300067 0.0105264187139 0.0107466397546 0.0125667571525 0.0149935778798 0.0034737760805 0.00961202943358 0.0144070702768 9.85700120984e-05 
0.0154398172864 0.0192896061614 0.00771428755394 0.00994313054413 0.074956698815 -0.00259370656216 0.0175415369132 0.00326186637441 0.0134832697637 0.00533347681266 0.0133479307975 0.0108516591137 0.0156747226891 0.0166774649683 0.00704638314 0.00398581617921 0.0167917093677 0.195781628671 0.0124470862845 0.0112504205973 0.00451424371587 0.0242041587002 0.000891784435619 0.0203601315805 0.0102783680173 -0.0110196572039 0.0135341687303 0.00740901159473 0.0309082971975 -0.00187782310042 0.0116065287758 0.0240968266913 0.0149981056757 0.00669291483612 0.0103509198874 0.0108507436494 0.00647729573688 0.00696762450941 0.0144765506863 0.00871447686501 0.0289315628195 0.0311695745549 0.00247482207406 0.0217089796989 0.0114308647419 0.00578077325308 0.00870811074947 0.00333530867526 -0.00467806621222 -0.00207042073291 0.0131505866364 0.0125538415269 0.00101683591266 0.0186243754223 0.0147867341111 0.0231016167206 0.00922599389743 0.0155437249637 0.00746111337969 0.00959296515918 
0.00493964486441 0.0098664541452 0.0201824006601 0.00296444063176 -0.000488147727327 -0.000943127156891 0.0258499064857 0.0302931159779 0.00984759228389 0.0217356839751 0.00586026904244 0.0150758652783 0.0452143116385 0.0113170500569 0.0199428145682 -0.000742950652293 0.00420051780392 0.0124470862845 0.401149700741 0.0150447286871 0.0198070673745 0.0131649551982 -0.000459460437573 0.0124192909667 0.00715087005925 -0.0284851719691 0.013634440216 0.00856515819612 0.0149415234985 0.0112208558411 -0.00763569297802 -0.00451835806357 0.0178896982193 0.0249842167123 0.00592443146102 0.000632326204445 0.00938656118253 0.000511355027008 0.0240265801537 0.00932172710584 0.0249010373049 0.0488787773617 0.0284853005508 0.033332346243 0.016505216124 -0.0044133757874 -0.00133760086741 0.00033079799881 -0.010390194782 0.00488517088892 -0.00561382273509 0.00150774884561 0.00183034660282 0.00461441042469 0.0220799424204 0.00879606541214 0.0012794216117 0.0370772177668 0.0471798483169 -0.00947011933163 
0.0137579824344 0.0333439536743 0.018186710217 -0.0054144224814 0.0106178626784 0.023204513503 0.0287512170032 0.0235194702715 0.0210053140153 -0.00292747782255 -0.00435262213132 -0.00548999114246 0.0323589932633 0.0311581640438 0.00475861565222 0.0120148168193 0.00607923073657 0.0112504205973 0.0150447286871 0.71025681774 0.0381177108375 0.0376562637842 -0.00450889743017 0.0153439590058 0.0221741157705 0.00873878895339 0.00789002797127 0.0168183556348 0.0156073881361 0.00630198701956 0.0222358000882 0.00954864695053 0.0168768056637 0.00436277002532 -0.00337214089119 0.00965911852676 0.00984657113028 0.0155350672566 0.0440124933639 0.0436601757632 0.00335789725737 0.0771577552141 0.0102379842192 0.0317117390305 0.0144642049151 0.0313660065739 0.00853354351995 0.032240333332 0.0083616523965 -0.00680396258385 0.0464839896778 0.0111442704376 0.024762101643 0.0327228217525 0.0137769072389 0.018875109461 0.00496633032214 0.0608346253171 0.0784934134491 0.0275635004739 
0.00147445996392 0.0368217528434 0.0382552721895 0.0151497756971 0.00534099069587 0.0223145976418 0.0169865879908 0.0441978378704 0.0151088571759 0.0201741552403 0.015683246645 0.00287841803826 0.0135412710076 0.053216846042 0.0223498629559 -0.00530068044447 0.0142927411731 0.00451424371587 0.0198070673745 0.0381177108375 1.00533953937 0.0134241271608 0.051369102761 0.014788669186 0.0478349347368 -3.46879402957e-05 0.0251944696677 -0.00954267045938 0.0214786881823 -0.00769601638542 -0.00628571107389 0.00406610442262 0.0220679201199 0.0413219972309 0.00670580632562 0.00800622666541 0.0163109723597 0.0267274252894 0.0652804162925 0.0220450412396 0.0346791363934 0.0457901207498 0.0538890577456 0.0414686505424 0.0384598451737 0.00853728760697 0.00208187037709 0.00546759372802 0.0195528830881 0.013185062883 0.0203018244383 0.00579016948157 -0.0011565102168 0.0279828319951 0.026046064918 0.0432316948323 0.01685285288 0.0105561967419 0.0520247931858 0.0395696215728 
0.000311469885413 0.0338954701128 0.0143896873147 0.00450449067655 0.032234407815 0.00902757710595 0.0269534359427 0.0174058910227 0.0285415819157 0.0352012074089 -0.00828532681048 0.0164598915666 0.0110014654947 0.0476027289431 0.0140710955796 0.0134554451855 0.0165544601973 0.0242041587002 0.0131649551982 0.0376562637842 0.0134241271608 0.227782252208 0.0296595768522 0.00222655570399 0.0247986606389 0.00960308787201 0.00401298025292 0.00269562149841 0.0318724868848 0.00998355421204 0.0149876064412 0.0249400616592 0.0308024818963 0.0192356995245 0.0127087349893 0.000183568825704 0.025509307589 0.0126479080071 0.0314943801917 0.0227569120615 0.0112912588516 0.0346184000324 0.0175346843147 0.0191967172025 0.0302417935033 0.0332842745498 0.0134949317314 0.0245179384733 0.0138779965944 0.0137797990684 0.0244985559573 0.012216442565 0.0122138386083 0.0372256448327 0.020697838721 0.0343580764875 0.00303050150633 0.0247393988552 0.029817614563 0.0127189617373 
0.00697349973918 0.0176492219757 0.0105769534926 -0.00123934350182 0.0211928901839 0.005924965462 0.016412382163 0.0117242587836 0.0201186201407 0.0212155165975 0.00741538224113 0.025222464009 0.0171335907855 0.00113300803035 0.00992542023906 0.0115911713473 0.00459365837507 0.000891784435619 -0.000459460437573 -0.00450889743017 0.051369102761 0.0296595768522 0.214413786171 0.0241252332078 0.00971165657592 0.00837311187443 0.0105199011572 0.0105216590941 0.0110980144527 0.0241961523015 0.00646687869132 0.0134043278504 0.0211928275463 0.00877692779203 0.0117309219163 0.0167556528811 0.0188380790985 -0.00380809613743 0.0170348404411 -0.00055027472848 -0.00159607553927 0.0271993210174 0.0128883980638 0.0181038179062 0.014211714613 0.0373045133042 0.0128143889477 0.00201070242904 0.0227049177629 0.00268581398922 0.00853402740237 0.0241348831272 0.00230472235131 0.0137659722003 0.00913866807265 0.016850826771 0.00761628744486 0.0130824189062 0.0250455333148 0.0186677074521 
0.0138726138323 0.0134524606156 0.0340550381692 0.00734220283049 0.0214973427972 0.00953416641423 0.0114424655856 0.0154021087298 0.0125402394634 0.00341301010752 -0.00569655237112 0.0152823088434 0.0143553604474 0.00894173128204 -0.00456954662486 0.00757943526573 0.00620121580412 0.0203601315805 0.0124192909667 0.0153439590058 0.014788669186 0.00222655570399 0.0241252332078 0.224689198992 0.0273461167858 0.00205266715841 -0.00226171990259 0.0117955695108 0.0370646331713 -0.00700403278395 -0.00345021170866 0.00402591087587 0.0252235824723 0.0161053269502 0.0117370047259 -0.00632455006456 0.0228517594271 0.00820731605606 0.0192182047964 0.0140384648357 -0.00368145604358 0.00857590999613 0.0309764376779 0.0175275732074 0.0252106857755 0.00718353787923 0.00396677859672 0.0160801021016 -0.00168249778953 0.00847695578896 0.0174195007867 0.00972299365616 0.0161431692559 0.00672870205111 0.0107383306878 0.0234221806107 0.0150760391459 0.00303549497641 0.0264836354106 -0.0236889456287 
0.0245513403125 0.0316745983699 0.018435921668 0.00179458245805 0.00377368225657 0.0228048998998 0.0246447372094 0.0234527611816 0.0257686592184 0.0174200913083 0.012777086251 0.0244971179382 0.0387531287951 0.0564524234679 0.0212790178951 0.00753801618032 0.0219462798522 0.0102783680173 0.00715087005925 0.0221741157705 0.0478349347368 0.0247986606389 0.00971165657592 0.0273461167858 0.376078996774 0.00868614881311 0.0163015330392 0.0118088321819 0.0172146114138 -0.00600508041879 0.0238541506562 0.00905776927713 0.0136740711791 0.0357511314355 0.00341314908365 0.0264365974898 0.0205512747234 0.00225503019406 0.0109587969755 0.0263772067458 0.0248546380658 0.0100393292393 0.0208942394596 0.0263820582267 0.0318025775255 0.00777504548342 0.0148407330842 0.0330134667908 -0.00467441394423 0.00392445553151 0.00589876882877 0.00504846174679 0.0582790226288 0.037397389848 0.00371246333043 0.0305803105781 0.0067293177846 0.0206616254666 0.0147751720204 0.00725254991501 
0.00942222071485 0.00973741465726 0.0140213398781 -0.0035231874163 0.0060780561014 -0.00206643053531 0.0106645753572 0.0283268222099 -0.00325946767772 0.0594705603117 0.0136426799262 -0.00489784116692 -0.00236954421776 0.091725061827 0.00430958670946 0.0185592407926 -0.00190601737167 -0.0110196572039 -0.0284851719691 0.00873878895339 -3.46879402959e-05 0.00960308787201 0.00837311187443 0.00205266715841 0.00868614881311 0.752855794171 0.00155961137061 0.00113189346922 0.00957988619035 0.130231926601 0.0122962400461 0.0321817670145 0.00173106094311 0.00539902678336 0.00628735480145 0.00340159018177 0.00506101751708 0.0125217253158 0.0341177229776 0.00268047377206 -0.010878950885 0.0123802711125 0.00443670319444 0.00986458989005 0.0397199295004 0.00670715741361 0.00167886009469 0.0297056530389 0.181506316718 0.0544673822936 0.050973903428 0.0384649626722 0.0348654160255 0.0337491984218 0.00782918600836 0.0167166283218 -0.00940502614206 0.012585065358 -0.0113269623943 0.0237381225502 
0.00501209923352 0.0217687678715 0.00851329773709 -0.0031435819081 0.0123409794932 0.00970639463564 0.0107130534933 0.00725067462344 0.0250617678783 0.0224383899866 0.135706195917 0.0205340657455 0.0139777040737 0.0256529017234 -0.000821824272937 0.00217488683768 0.00331052191998 0.0135341687303 0.013634440216 0.00789002797127 0.0251944696677 0.00401298025292 0.0105199011572 -0.00226171990259 0.0163015330392 0.00155961137061 0.246896827755 0.0162638201957 0.0159553533844 0.0207312587718 0.0105140194849 -0.0263870681992 0.020908235784 0.00176630358059 0.013423036891 0.0142294568764 -0.00296759324017 0.0128825460586 0.00740642056783 0.00491601449676 0.0114445409247 0.013069761454 0.00373147972635 0.0117655971264 -0.00761294897561 -0.0107318061454 0.0125883433909 0.00746540190237 0.00678264296084 0.0250813292445 0.0184814123814 0.0138297559389 0.00431411364884 -0.00621224920528 0.0101396573961 0.0191341738685 0.00799150731599 -0.00978051306359 0.0226089788399 -0.00417989319249 
0.00603615099564 0.0045355682307 0.0107681165181 0.00240588325466 0.0335334481178 0.0134861489269 0.0149810469301 0.0202458941467 0.0175945374403 0.0131423039063 0.00617532188837 0.0451830610226 -0.00321985546418 0.0044771784315 0.0144099235714 0.0401421948 0.0132568191582 0.00740901159473 0.00856515819612 0.0168183556348 -0.00954267045938 0.00269562149841 0.0105216590941 0.0117955695108 0.0118088321819 0.00113189346922 0.0162638201957 0.169758060722 0.00722997106228 0.00986076726052 0.0254807306027 0.0107799571647 0.0104719801247 -0.00474961240595 0.0357035063827 0.00422496498784 0.0037885392437 0.005116667829 0.012793990182 0.0164119027749 0.00723801986557 0.00258524364138 0.0218245854889 0.0217706896095 0.00559675284163 -0.00399464336002 0.0392632115015 0.0143429658289 0.00011579607621 0.0072985782731 0.0150319492476 0.00310580539638 0.00905409155634 -0.000394489172054 0.00512231483909 0.0102113004287 -0.000874919179203 0.00667311755299 0.0310183810292 0.0100418041365 
0.0308581903265 0.0152910824999 0.027245508636 0.0156690226445 0.013093006468 0.0202379382787 0.0247222994492 0.0328808829087 0.0464163187611 0.0287510802221 0.0133269925072 0.045334721396 0.0191979032354 0.0387030098327 0.0122377397531 0.0221050258963 0.000109937477538 0.0309082971975 0.0149415234985 0.0156073881361 0.0214786881823 0.0318724868848 0.0110980144527 0.0370646331713 0.0172146114138 0.00957988619035 0.0159553533844 0.00722997106228 0.303694385414 0.0129221772433 -5.38625867944e-05 0.00908966978313 0.0184407446974 0.0330020310903 0.0347015998529 0.00729309357723 0.0172687967036 0.00553594290319 0.0352185597986 0.00731876680554 0.0362371012142 0.0211291635583 0.0286095376664 0.0273610761791 0.0351530291931 0.00601843442077 0.0121666891751 0.00370647064683 0.00178719327605 0.0115692697251 0.0135925030245 0.0263168554763 0.00408104558941 0.0209400735859 0.0184240789138 0.0237522564474 0.026010262507 0.0379955717629 0.0191985450596 0.00987648901412 
0.0297214662811 0.00820596185281 0.013216324352 -0.00842541313943 -0.00183483624531 0.0061933105704 0.00899091377419 0.00918074938286 0.0119096827411 0.0293810799731 0.0126242168547 0.0099137619454 -0.028713325885 0.00877087672968 0.0153390323683 -0.00187514466489 0.00458959022193 -0.00187782310042 0.0112208558411 0.00630198701956 -0.00769601638542 0.00998355421204 0.0241961523015 -0.00700403278395 -0.00600508041879 0.130231926601 0.0207312587718 0.00986076726052 0.0129221772433 0.372277903244 0.0169087876526 0.0204379726253 -0.00247339863117 0.0251359802948 0.00342676628445 -0.000843098919679 0.00494277830786 0.007191735183 0.018661438366 -0.00744889221157 0.0080039394569 0.00280518068073 0.00731278522266 0.00667566812308 0.0284205458477 -0.010375347131 -0.00548970039111 0.0105451470923 0.00877974734345 0.0278312283366 0.00224285155524 0.0257582172184 0.0112003879075 0.0132168401127 0.00901857061709 0.00705428941197 0.0183688681616 0.00528907700511 0.00428876900929 0.00805124240857 
0.0172586249887 0.0302170022537 0.0209620522371 0.0368662386578 -0.0131375815459 0.00662402157565 0.00875656111761 0.0123582697466 0.025051463784 0.00788637340627 -0.0097255976558 0.0231488638263 0.00199854230288 0.0361363778756 0.0137629203605 0.025582859987 0.00909705498872 0.0116065287758 -0.00763569297802 0.0222358000882 -0.00628571107389 0.0149876064412 0.00646687869132 -0.00345021170866 0.0238541506562 0.0122962400461 0.0105140194849 0.0254807306027 -5.38625867941e-05 0.0169087876526 0.333214310126 0.0416982467851 0.0171039208738 -0.0148758656361 0.00908211891769 0.0649931801223 0.00690904337758 0.0107853265214 0.00343085189469 0.0105356606694 0.0161800551381 0.0268918613026 0.0197481690694 0.00141938882158 0.0161406863447 0.0125800269683 0.013923155152 0.0026934177758 0.0165797872573 0.0734747378278 -0.0108907213347 0.0189519543976 -0.00879203340568 0.0112598239091 0.0132739509487 0.0175289325307 0.00420571675825 0.0114868445956 0.00136912645872 -0.0186700646521 
0.0165299316175 0.0435588508352 0.0151458982362 0.0115453414268 0.00960055659538 0.0159749880844 0.0308677654924 0.0157372201081 0.0306672547007 0.0242336152091 0.012037094253 0.0426994210886 -0.00715851405 0.0195634324129 -0.00153779151661 0.0404978491724 0.0214146264833 0.0240968266913 -0.00451835806357 0.00954864695053 0.00406610442262 0.0249400616592 0.0134043278504 0.00402591087587 0.00905776927713 0.0321817670145 -0.0263870681992 0.0107799571647 0.00908966978313 0.0204379726253 0.0416982467851 0.634987138093 0.018277745065 -0.0156909795853 0.010426271959 -0.000969193024637 0.0670066998738 0.0185130867624 0.0309716805578 -0.0022527164852 -0.022790851431 0.038031489728 0.00319944675977 -0.0139210971353 0.0723367508124 0.0203464054425 0.00596169209408 0.0321896648344 -0.00232010561206 0.0185399133683 -0.000450464091475 0.0149356480629 0.0270348921364 0.0184587726044 0.0201762268241 0.0217155497543 0.00511134180289 0.0650978730514 -0.000581722670302 0.0148016661349 
0.0143353796596 0.0246225426102 0.0254443912356 0.0265368955461 0.00503314352678 0.0122722334626 0.0139835277696 0.0359388075707 0.0148753533612 0.0142948628252 0.0229249817846 0.0043360739487 0.0167700642309 0.0495309053808 0.0246478385308 0.00449726551465 0.0157254126464 0.0149981056757 0.0178896982193 0.0168768056637 0.0220679201199 0.0308024818963 0.0211928275463 0.0252235824723 0.0136740711791 0.00173106094311 0.020908235784 0.0104719801247 0.0184407446974 -0.00247339863117 0.0171039208738 0.018277745065 0.380775843535 0.0139210710386 0.0110050771269 0.0123792551796 0.0118932340336 0.00923914171273 0.0196208001188 -8.86144551693e-05 -0.00587196160007 0.0244371204848 0.00862472255296 0.0318070297009 0.0592323023833 0.0216453502036 0.0143993486225 0.0149203337848 0.000806968764764 0.00572111227932 -0.00517882253302 0.0199669777413 -0.00227567701249 0.00144435269483 0.00883857169972 0.0277393635393 0.0181477013241 0.0204913082319 0.0082488792358 0.0606525686236 
0.0222729420361 0.0282151757803 0.0197597775898 0.0236123589952 0.00022313952391 0.0235575112356 0.0182505438735 0.0213690326726 0.00748720161114 0.0144607936563 0.0296545792504 0.00709504293925 0.0229354528597 0.0234230012083 0.0274751255722 0.011389596249 0.0241539898138 0.00669291483612 0.0249842167123 0.00436277002532 0.0413219972309 0.0192356995245 0.00877692779203 0.0161053269502 0.0357511314355 0.00539902678336 0.00176630358059 -0.00474961240595 0.0330020310903 0.0251359802948 -0.0148758656361 -0.0156909795853 0.0139210710386 0.317835174942 -0.00673559127496 0.000377728884008 0.0183915502265 0.00664647930006 0.0300425797533 0.0113072016008 0.0403021366129 0.0244262920616 0.0317688784373 0.0355745067438 0.0479770384264 0.024687147849 0.00455459854259 0.00427413677492 0.019001244886 -0.00387562369878 0.0282752219914 0.00227161537767 0.0133894044184 0.0289828993084 0.0186296302329 0.028299068549 0.0115639092799 0.0073574357559 0.0585927300457 0.00574894710637 
0.00230295114649 -0.00155124326939 0.00609157161114 0.0040396154958 0.0333188156304 0.022295722754 0.0230118978173 0.0185772837917 0.0201658776475 0.0148650370285 0.0145639343279 0.0479763014302 0.00140122967132 0.000909946233523 0.00828086100455 0.0322599637088 0.0109224781979 0.0103509198874 0.00592443146102 -0.00337214089119 0.00670580632562 0.0127087349893 0.0117309219163 0.0117370047259 0.00341314908365 0.00628735480145 0.013423036891 0.0357035063827 0.0347015998529 0.00342676628445 0.00908211891769 0.010426271959 0.0110050771269 -0.00673559127496 0.180036984767 -0.00265239705589 0.0100026597256 0.0109095330524 0.0136930311247 0.0414614351644 0.0151282005881 0.000605846835836 0.00928459599501 0.0114254264692 0.0112616115905 0.00596807856452 0.0404555969639 0.0358105901193 0.00486726366788 0.00132692383258 0.0350843511068 0.00741148290486 0.0450790083451 0.000677496327779 0.00433051590073 -0.00036184314054 0.00017692154244 0.00473999601697 0.0325866001347 -0.00490105285144 
0.00982249541874 0.0127604299863 0.0109922452709 0.0338248764075 0.0704780978881 0.00874840439489 0.0216917362533 -0.00855585621968 0.00522650341817 0.0193971443931 0.0134816440622 -0.00210220274388 0.0209929490708 -0.000394817580049 0.0215163220287 0.0102018688745 0.0112218956853 0.0108507436494 0.000632326204444 0.00965911852676 0.00800622666541 0.000183568825704 0.0167556528811 -0.00632455006456 0.0264365974898 0.00340159018177 0.0142294568764 0.00422496498784 0.00729309357723 -0.000843098919679 0.0649931801223 -0.000969193024637 0.0123792551796 0.000377728884008 -0.00265239705589 0.389132007838 0.030238690168 0.00859245304685 0.00496199337864 0.00156994811611 -0.00577620571204 0.0205561813034 0.0098034794644 -0.0177318730145 -0.000214296404028 0.00599939273581 0.0242957852142 -0.00159513747151 0.00719133935931 0.0394377111713 0.0105051435904 0.00282681149043 -0.003740895968 0.0045269703695 0.0126647868687 0.0297099939034 0.00186531414223 0.0213575131093 -0.0297527771858 -0.00774510566583 
0.0110552970209 0.0379484965744 0.0108242376249 0.00393706919167 0.0163652671157 0.0183694038795 0.0148440739929 0.0099175015612 0.021914835503 0.0169536119575 -0.0102834906984 0.0112718218056 0.00335246343388 0.0159083566539 0.0309442524014 0.010700432009 0.0074741362126 0.00647729573688 0.00938656118253 0.00984657113028 0.0163109723597 0.025509307589 0.0188380790985 0.0228517594271 0.0205512747234 0.00506101751708 -0.00296759324017 0.0037885392437 0.0172687967036 0.00494277830786 0.00690904337758 0.0670066998738 0.0118932340336 0.0183915502265 0.0100026597256 0.030238690168 0.216625763445 0.0162369819097 0.023217467561 -0.000394401396915 -0.00320378869387 0.0140072521902 0.0183939274992 0.00071220162498 0.0284249375202 0.0111222755603 0.00509739673181 0.0206253970254 -0.00308324635415 0.0305073609245 0.00364816020012 -0.00274899066819 0.00496077970279 0.013309239692 0.00766536305113 0.0260420273282 0.0195971625543 0.0229683960404 0.0332312008083 0.00692000555682 
0.0142685891682 0.0208982397434 0.000623201227441 0.0072613332174 -0.00275612498886 0.0137931046816 0.00804890594457 0.00451408189837 0.0145677526858 0.00528392772934 -0.00239487121739 0.00781418834935 0.00411722469794 0.011909069466 0.0093504000194 0.0118651025522 0.0100261112518 0.00696762450941 0.000511355027009 0.0155350672566 0.0267274252894 0.0126479080071 -0.00380809613743 0.00820731605605 0.00225503019406 0.0125217253158 0.0128825460586 0.005116667829 0.00553594290319 0.007191735183 0.0107853265214 0.0185130867624 0.00923914171273 0.00664647930006 0.0109095330524 0.00859245304685 0.0162369819097 0.13689252115 0.00768810175168 0.0131826821709 0.00244980207214 0.00237110407304 0.00446448641946 0.00906175827702 0.00523195798422 0.0135642716952 0.0122564717095 -0.00421843366505 -0.00223528499062 0.0129210455144 0.00755490758666 0.00894903718217 0.00534244661533 0.0102817188212 0.0150868100406 0.0205769360054 0.00666349197087 0.0133791718955 0.00164524858593 0.0138183555136 
0.00240811711508 0.0433890268679 0.0233848808966 0.00732258501763 0.000758905978087 0.0263177557714 0.0271788003388 0.0141826265923 0.0350784052016 0.0257646660871 0.0198188077299 0.0262980536127 0.0225989765268 0.053644469807 0.0145943979689 0.0119465266167 0.0216147292492 0.0144765506863 0.0240265801537 0.0440124933639 0.0652804162925 0.0314943801917 0.0170348404411 0.0192182047964 0.0109587969755 0.0341177229776 0.00740642056783 0.012793990182 0.0352185597986 0.018661438366 0.00343085189469 0.0309716805578 0.0196208001188 0.0300425797533 0.0136930311247 0.00496199337864 0.023217467561 0.00768810175168 0.247360412014 0.00980850722142 0.00787498420055 0.039811678671 0.0325840286501 0.0432363542867 0.0302832063474 0.0141365877339 0.000719303766444 0.0221958333812 0.00766138455209 0.0218342254157 0.00784297874206 0.0231586693797 0.0285741616128 0.0111882254545 0.0168917098349 0.0293158548304 0.0203132200344 0.0336817388678 0.0554130481631 0.0362647914053 
