20
0.040534814632 0.133882810383 0.103194060275 0.0272696759741 0.149246593495 0.116671338284 0.265107550494 0.0707348977441 0.0592302274211 0.0610020106181 0.060830846045 0.02736418452 0.0725669815102 0.0645874353538 0.0878126089614 0.0359279599811 0.093312473985 0.0690593134036 0.0246645675501 0.078059567066 
0.535454389374 0.0161222264584 0.00721016268648 -0.00100217454759 0.0101171838053 0.00896574228508 -0.00713711407009 -0.00512060975148 0.0353974181994 0.00511103706398 0.00200474745761 0.0219144321578 0.00539988919578 -0.00928418995369 -0.00621143331319 -0.000123665310052 -0.00309008819315 0.00862922062161 0.0011072381948 -0.00362236165994 
0.0161222264584 0.469978645211 0.0444979615514 0.0182884940364 0.154051228256 0.0134321942427 0.0288803583513 0.0038780430599 0.0230733537179 0.0136070563502 0.0263236960239 0.0351124882054 0.0296816223658 0.011760484493 0.0475218591401 0.0355951458578 0.144782465974 0.048419103882 0.0118187597119 0.0126057771444 
0.00721016268648 0.0444979615514 0.582802936546 0.040886770383 0.036045180039 0.0455833615151 0.0383467454199 0.0150907056871 0.0538762344888 0.0288094329062 0.035382136027 0.0262230991954 0.0439405995741 0.0208655108766 0.032948792192 0.0228121075902 0.0338517779713 0.0193106864143 0.0206853476699 0.0319947831523 
-0.00100217454759 0.0182884940364 0.040886770383 0.151085324853 0.0281490893816 0.0165344717332 -0.00170120617014 0.0220608578949 0.0192114913726 0.0134864546418 0.0288703131338 0.0226910156739 0.037852233301 0.0259774056206 0.0338482236912 0.0167794484521 0.00662452215355 0.0167593787532 0.0230079947496 0.0156915768989 
0.0101171838053 0.154051228256 0.036045180039 0.0281490893816 0.560911309334 0.02621486176 0.00655795356385 0.0259818531601 0.0151633598016 0.0136312565538 0.017705279697 0.046022116878 0.0478997082313 0.00432205016917 0.00474839530812 0.0261525268079 0.1631945712 0.0245980447781 0.0150730949773 0.0153096084916 
0.00896574228508 0.0134321942427 0.0455833615151 0.0165344717332 0.02621486176 1.07705319243 -0.0144815475299 -0.00210106538542 0.0174821855807 0.00535748336851 0.0274649996357 0.0155123908593 0.0334619355544 0.0213849007156 0.03887335033 0.0131604867302 0.0204625042083 0.0178895066922 0.0316500944027 0.0179465131136 
-0.00713711407009 0.0288803583513 0.0383467454199 -0.00170120617014 0.00655795356385 -0.0144815475299 2.98956573164 -0.0232107227797 -0.024443885275 0.0644855975084 -0.000158319180074 -0.0138454237687 -0.00286216308537 0.00160330963511 0.032870698032 0.0138428101904 0.0184249166711 0.0196531398479 -0.00433022140702 0.00881639628287 
-0.00512060975148 0.0038780430599 0.0150907056871 0.0220608578949 0.0259818531601 -0.00210106538542 -0.0232107227797 0.310929104254 0.0110568466635 -0.00305694861104 0.00671310358341 0.011986288447 0.0287133801634 -0.0113978194352 0.0170859524982 0.00546423641491 0.0112231793782 0.0120529738314 0.022749788418 0.02022759793 
0.0353974181994 0.0230733537179 0.0538762344888 0.0192114913726 0.0151633598016 0.0174821855807 -0.024443885275 0.0110568466635 0.344373982467 0.00786918808445 0.0240341995248 0.0202280897129 0.0192429735529 0.0112500343279 0.0329488592028 0.0134694701037 -0.00651876034123 0.0117691558829 0.029059211927 0.0452038531425 
0.00511103706398 0.0136070563502 0.0288094329062 0.0134864546418 0.0136312565538 0.00535748336851 0.0644855975084 -0.00305694861104 0.00786918808445 0.416808627756 0.0247303345338 0.0161694480277 0.0346255770597 0.0235507894808 0.0597295149616 0.00489194320181 0.0633083648656 0.0500484408192 0.0158664154733 0.0351529485419 
0.00200474745761 0.0263236960239 0.035382136027 0.0288703131338 0.017705279697 0.0274649996357 -0.000158319180074 0.00671310358341 0.0240341995248 0.0247303345338 0.30557972533 0.021942358051 0.0797211749754 0.0399977162381 0.0467822216246 0.0223659450344 0.0260040572649 0.026385383029 0.0338980771818 0.0218862693903 
0.0219144321578 0.0351124882054 0.0262230991954 0.0226910156739 0.046022116878 0.0155123908593 -0.0138454237687 0.011986288447 0.0202280897129 0.0161694480277 0.021942358051 0.203028498378 0.0305670579102 0.0110045199149 0.00752218788128 0.0187237888655 0.0359940419157 0.0306528071922 0.0340754903294 0.00294892235949 
0.00539988919578 0.0296816223658 0.0439405995741 0.037852233301 0.0478997082312 0.0334619355544 -0.00286216308537 0.0287133801634 0.0192429735529 0.0346255770597 0.0797211749754 0.0305670579102 0.297279070335 0.0308325227284 0.047337996432 0.0299875477308 0.0322507908944 0.02876028112 0.0443990458894 0.042120507213 
-0.00928418995369 0.011760484493 0.0208655108766 0.0259774056206 0.00432205016918 0.0213849007156 0.00160330963511 -0.0113978194352 0.0112500343279 0.0235507894808 0.0399977162381 0.0110045199149 0.0308325227284 0.364567049311 0.0247689027126 0.0151179798016 -0.00100367856498 0.024756906315 0.0203177419793 0.00157622116274 
-0.00621143331319 0.0475218591401 0.032948792192 0.0338482236912 0.00474839530812 0.03887335033 0.032870698032 0.0170859524982 0.0329488592028 0.0597295149616 0.0467822216246 0.00752218788128 0.047337996432 0.0247689027126 0.485363437803 0.0334839128018 0.00922609840647 0.0156689142477 0.0150795397344 0.021161621005 
-0.000123665310052 0.0355951458578 0.0228121075902 0.0167794484521 0.0261525268079 0.0131604867302 0.0138428101904 0.00546423641491 0.0134694701037 0.00489194320181 0.0223659450344 0.0187237888655 0.0299875477308 0.0151179798016 0.0334839128018 0.240973091347 -0.0040478902349 0.0233866065789 0.0134444282969 0.00311161687726 
-0.00309008819315 0.144782465974 0.0338517779713 0.00662452215355 0.1631945712 0.0204625042083 0.0184249166711 0.0112231793782 -0.00651876034123 0.0633083648656 0.0260040572649 0.0359940419157 0.0322507908944 -0.00100367856498 0.00922609840647 -0.0040478902349 0.413018044986 0.0188705127657 -0.00232644047526 0.0215544313639 
0.00862922062161 0.048419103882 0.0193106864143 0.0167593787532 0.0245980447781 0.0178895066922 0.0196531398479 0.0120529738314 0.0117691558829 0.0500484408192 0.026385383029 0.0306528071922 0.02876028112 0.024756906315 0.0156689142477 0.0233866065789 0.0188705127657 0.431303192008 0.0234126750197 0.0273061378906 
0.0011072381948 0.0118187597119 0.0206853476699 0.0230079947496 0.0150730949773 0.0316500944027 -0.00433022140702 0.022749788418 0.029059211927 0.0158664154733 0.0338980771818 0.0340754903294 0.0443990458894 0.0203177419793 0.0150795397344 0.0134444282969 -0.00232644047526 0.0234126750197 0.187359854539 0.0239550703455 
-0.00362236165994 0.0126057771444 0.0319947831523 0.0156915768989 0.0153096084916 0.0179465131136 0.00881639628287 0.02022759793 0.0452038531425 0.0351529485419 0.0218862693903 0.00294892235949 0.042120507213 0.00157622116274 0.021161621005 0.00311161687726 0.0215544313639 0.0273061378906 0.0239550703455 0.527321431281 

['KSE', 'SLB', 'VMC', 'SIAL', 'EOG', 'RHI', 'ANDW', 'ABI', 'TSG', 'CMVT', 'TROW', 'DUK', 'BSC', 'KSS', 'NVLS', 'GD', 'NBR', 'AOC', 'STI', 'MCO']