30
0.0761836706695 0.0525709156995 0.0793031051092 0.0466468708745 0.0970140476379 0.0540864966038 0.123612909007 0.0413167922229 0.066200000993 0.045915457725 0.158041803894 0.0764707668379 0.0262343191133 0.0314514366364 0.0272696759741 0.104005811155 0.142835786571 0.0754552666066 0.0380825412642 0.0820701074714 0.0285158318856 0.0318751717172 0.0348883512333 0.0765601453803 0.0282353637115 0.0298565853869 0.0162851568228 0.0395572708053 0.0635798530397 0.0988670942005 
0.405813746662 0.0483767779624 0.0189493675996 0.0167239140054 0.0560933888018 0.0235149393887 -0.0185561918214 0.00758238645219 0.0148285844347 0.042865565414 0.0156817283698 0.0189324482777 0.0232672442588 0.00620153051186 0.0244590196113 0.0314894176897 0.034653588864 0.0313706227412 0.0332311437442 0.0365882742156 0.0143980726643 0.00251263604656 0.0234205368989 0.0484208253067 0.0182135686522 0.00656569338264 0.00963701893166 0.0199107194772 0.0219861937203 0.113305607078 
0.0483767779624 0.323965218249 0.0336969595728 0.0137993027608 0.0455305630512 0.0194532184801 0.00775220792409 0.0101665203427 0.0209223351706 0.022965422009 -0.000337488663858 0.0543362306096 0.0139209334414 0.015749069275 0.0344831780437 0.024852062394 0.0251692101972 0.0223784473771 0.018420376788 0.0265289817922 0.00877371541383 0.00994232877901 0.0398012978834 0.0343166846541 0.0221045741172 0.0197586057202 0.00656646966374 -0.00278415096876 0.0226098850302 0.0383419841951 
0.0189493675996 0.0336969595728 0.400175919156 0.00811684286278 0.0440483128324 0.0290466631315 -0.0135866855754 0.0388277809774 0.0254669557901 0.0281239496812 0.0550343809082 0.0524250152229 0.0270722489901 0.0266728523836 -0.000612267644014 0.0555566435238 -0.00608690163413 0.0208113753118 0.0192134934924 0.0337128439646 0.00537881940772 0.0112781126188 0.0542069807726 0.0428594770964 0.0191436227102 0.0306062479228 0.00293153548591 0.00569616727962 0.0190235164368 0.0239782795412 
0.0167239140054 0.0137993027608 0.00811684286278 0.368947219293 0.0381879785132 0.00227404956897 0.0116451802368 0.0137492134725 0.00550765192149 0.00823084056317 0.0116618738591 0.00888484863034 0.0108843199444 0.0164644819607 0.00624718478837 0.0235169539931 -0.0144688244648 0.0243777090221 0.00885253933936 0.000406149731034 0.0566822181994 0.0505755240054 0.00175645505284 0.0148658008559 0.0167581154226 0.014195706838 0.0388352351794 0.00980029569981 0.00941819680995 0.0256786907886 
0.0560933888018 0.0455305630512 0.0440483128324 0.0381879785132 0.571371125606 0.0389477188653 0.000275434722676 0.0280508646328 0.039211587453 0.0602809935185 0.015479547897 0.0841357877325 0.0312756629297 0.04195831105 0.0385590211679 0.0663411753537 0.0264063493255 0.133848624266 0.0433323192712 0.0398952797253 0.02703246404 0.0129309405204 0.0601048176948 0.053360457957 0.0425684131962 0.0259239459113 0.0172859658212 0.0204705886591 0.0510083488088 0.042377172006 
0.0235149393887 0.0194532184801 0.0290466631315 0.00227404956897 0.0389477188653 0.393563492609 0.0109117221396 0.0246553011938 0.0137313492255 0.0099516424843 0.0135164747026 0.0159568616011 0.0254387854617 0.0184395505117 0.0173758629107 -0.000707430075278 0.0259036374925 0.0342865959631 -0.00380645859295 -0.00445196993001 0.0145649854756 0.0125305986275 0.0127281668306 0.0144544376462 0.0226591651623 0.0118647853431 0.0136140131678 0.00848608696381 0.021025879029 0.0131561726578 
-0.0185561918214 0.00775220792409 -0.0135866855754 0.0116451802368 0.000275434722676 0.0109117221396 1.04278792549 -0.000465299499741 -0.0105698575385 0.000442284439511 0.00745463450133 0.0820900012653 -0.0128875407512 -0.00738326793523 -0.00608845488617 -0.00427482309748 -0.00697002004284 0.0174857079523 0.0018011113932 0.0170243088859 0.000746110713782 0.0119808856036 -0.00030571666911 0.00671828945914 0.00309663318854 -0.0022421746777 0.00318674258916 -0.0167987852934 -0.0051652640871 0.0581455669864 
0.00758238645219 0.0101665203427 0.0388277809774 0.0137492134725 0.0280508646328 0.0246553011938 -0.000465299499741 0.248048956061 0.0365215621918 0.0259086980316 0.0352364942008 0.015005523003 0.0111593488012 0.0243193232274 0.0133971428812 0.012289781425 0.00498612903222 0.0289668448348 0.0180604396799 0.0246550494133 0.0167413281803 0.0220725816107 0.0297335303643 0.0186639107956 0.0167556180383 0.0188269974346 0.0278658293018 0.012537543855 0.0280710256056 0.0393109480755 
0.0148285844347 0.0209223351706 0.0254669557901 0.00550765192149 0.039211587453 0.0137313492255 -0.0105698575385 0.0365215621918 0.643041137779 -0.00321606039302 -0.0187150258339 0.00728423232617 0.026310128255 0.035479102266 0.0190133531105 0.00864641199779 0.00583248215655 0.0454966922235 0.000518585002064 0.0305303357664 0.0145964914277 0.0101579001995 0.111035781027 0.00230474253851 0.0330075298579 0.0276196304172 0.0467560868762 5.34198877529e-06 0.027054661307 -0.0113732246273 
0.042865565414 0.022965422009 0.0281239496812 0.00823084056317 0.0602809935185 0.0099516424843 0.000442284439511 0.0259086980316 -0.00321606039302 0.326269567186 0.0088172817059 0.0196542734044 0.0189812232326 0.0312116620537 0.0115077603174 0.0188802484223 0.0112054830952 0.00632288378294 0.0282462301017 0.0250866962454 0.0181852526614 0.0215704928287 0.0401283106914 0.0122725010626 0.0173764435741 0.0227451583713 0.00727742159257 -0.00467077532569 0.0246662675244 0.0186757631705 
0.0156817283698 -0.000337488663858 0.0550343809082 0.0116618738591 0.015479547897 0.0135164747026 0.00745463450133 0.0352364942008 -0.0187150258339 0.0088172817059 1.03414759953 0.017533673233 0.0167878680338 0.0211741556829 0.0195523493595 0.0264791892922 0.0296824425311 0.0140944675777 0.0211058526082 0.000810842199869 0.00945850618293 0.00472181158698 0.017127990197 0.0470915605586 0.0166956349737 0.0278537437449 0.0284112516223 0.00335390470127 0.00776817661157 0.0194029479494 
0.0189324482777 0.0543362306096 0.0524250152229 0.00888484863034 0.0841357877325 0.0159568616011 0.0820900012653 0.015005523003 0.00728423232617 0.0196542734044 0.017533673233 0.454262597561 0.0124646304644 0.0339882595166 0.0231547683389 0.0451691566453 0.00541230463606 0.0394984545941 0.0141887873537 0.0470570914921 0.00631232088562 0.0120192160984 0.0504427018529 0.0211058712351 0.0241834762034 0.0212988328131 0.00493792316661 0.0143007773861 0.0367464840212 0.0695063388292 
0.0232672442588 0.0139209334414 0.0270722489901 0.0108843199444 0.0312756629297 0.0254387854617 -0.0128875407512 0.0111593488012 0.026310128255 0.0189812232326 0.0167878680338 0.0124646304644 0.180210079911 0.0451813979438 0.0156079771783 0.0135862053724 0.011310437674 0.0214115914722 0.0140481689186 0.0258441904884 0.013615551262 0.023750671045 0.015566387778 0.0112515163528 0.0531556100326 0.0361181876455 0.0127420519436 0.00644087389955 0.0514432654659 0.019674573356 
0.00620153051186 0.015749069275 0.0266728523836 0.0164644819607 0.04195831105 0.0184395505117 -0.00738326793523 0.0243193232274 0.035479102266 0.0312116620537 0.0211741556829 0.0339882595166 0.0451813979438 0.181267306005 0.0141912728918 0.0359286960737 0.00662002585348 0.0151223627562 0.0112439684525 0.0217230777356 0.016731833292 0.0295226840467 0.0186825250568 0.0116515235249 0.0510931776287 0.0521245596428 0.0177703032376 0.0197220964575 0.0316278551246 0.0214654891377 
0.0244590196113 0.0344831780437 -0.000612267644014 0.00624718478837 0.0385590211679 0.0173758629107 -0.00608845488617 0.0133971428812 0.0190133531105 0.0115077603174 0.0195523493595 0.0231547683389 0.0156079771783 0.0141912728918 0.142901978228 0.0312507478225 0.00746979672584 0.0238255940884 0.010528051702 0.0150561877582 0.0122002420146 0.00988060889013 0.031896115438 0.0288553809006 0.0113483134155 0.0158387792071 0.0129496501353 0.0244352040792 0.0272849165194 0.0298424064348 
0.0314894176897 0.024852062394 0.0555566435238 0.0235169539931 0.0663411753537 -0.000707430075278 -0.00427482309748 0.012289781425 0.00864641199779 0.0188802484223 0.0264791892922 0.0451691566453 0.0135862053724 0.0359286960737 0.0312507478225 0.528077306168 0.0382035896461 0.0565228126921 0.0209536703129 0.0380179560861 0.0268959309708 0.0153010702237 0.0369112177414 0.0252381228419 0.0218463061798 0.0140052047351 0.010105300197 0.0119032465923 0.025893457077 0.0511350595933 
0.034653588864 0.0251692101972 -0.00608690163413 -0.0144688244648 0.0264063493255 0.0259036374925 -0.00697002004284 0.00498612903222 0.00583248215655 0.0112054830952 0.0296824425311 0.00541230463606 0.011310437674 0.00662002585348 0.00746979672584 0.0382035896461 1.25315963511 -0.000759206315464 0.00162858681154 -0.00430476491794 0.00426408799537 0.00882339073594 0.00750958682161 0.0146418309957 0.0018278133667 -0.00068890012047 0.00338341767123 -0.00170161255277 0.0240223830112 0.0390561105364 
0.0313706227412 0.0223784473771 0.0208113753118 0.0243777090221 0.133848624266 0.0342865959631 0.0174857079523 0.0289668448348 0.0454966922235 0.00632288378294 0.0140944675777 0.0394984545941 0.0214115914722 0.0151223627562 0.0238255940884 0.0565228126921 -0.000759206315464 0.658081421842 0.00642428364351 0.0230638907822 0.0107433989598 0.0111872786411 0.0345116444398 0.0346475511912 0.0269902896298 0.00139618662349 0.0142611267271 -0.00791921672016 0.0223804226454 0.0305545480563 
0.0332311437442 0.018420376788 0.0192134934924 0.00885253933936 0.0433323192712 -0.00380645859295 0.0018011113932 0.0180604396799 0.000518585002065 0.0282462301017 0.0211058526082 0.0141887873537 0.0140481689186 0.0112439684525 0.010528051702 0.0209536703129 0.00162858681154 0.00642428364351 0.252474603508 0.0149801154254 -0.00267408352969 0.0147085019916 0.00759831184013 0.0261785545752 0.00934897754753 0.00852613666802 0.00693445465495 0.0182716101634 0.0146887016832 0.0533810550723 
0.0365882742156 0.0265289817922 0.0337128439646 0.000406149731034 0.0398952797253 -0.00445196993001 0.0170243088859 0.0246550494133 0.0305303357664 0.0250866962454 0.000810842199869 0.0470570914921 0.0258441904884 0.0217230777356 0.0150561877582 0.0380179560861 -0.00430476491794 0.0230638907822 0.0149801154254 0.489217093043 0.00297095078296 0.00126476302963 0.0332931861136 0.0184531542561 0.0189533627984 0.0147159457281 -0.00776213131624 0.0156593118088 0.0328510550662 0.0377266832206 
0.0143980726643 0.00877371541383 0.00537881940772 0.0566822181994 0.02703246404 0.0145649854756 0.000746110713782 0.0167413281803 0.0145964914277 0.0181852526614 0.00945850618293 0.00631232088562 0.0136155512621 0.016731833292 0.0122002420146 0.0268959309708 0.00426408799537 0.0107433989598 -0.00267408352969 0.00297095078296 0.201336341595 0.0492379759633 0.0146230860376 0.0148218974441 0.0189502599198 0.0227709153507 0.0418510063364 0.00608221900197 -0.0121069228969 0.00766103210758 
0.00251263604656 0.00994232877901 0.0112781126188 0.0505755240054 0.0129309405204 0.0125305986275 0.0119808856036 0.0220725816107 0.0101579001995 0.0215704928287 0.00472181158698 0.0120192160984 0.023750671045 0.0295226840467 0.00988060889013 0.0153010702237 0.00882339073594 0.0111872786411 0.0147085019916 0.00126476302963 0.0492379759633 0.183743254171 0.0106247481181 0.00421171752232 0.0219712238177 0.0257485845208 0.0446577302294 0.0131594590455 0.0154493040385 0.0153154383533 
0.0234205368989 0.0398012978834 0.0542069807726 0.00175645505284 0.0601048176948 0.0127281668306 -0.00030571666911 0.0297335303643 0.111035781027 0.0401283106914 0.017127990197 0.0504427018529 0.015566387778 0.0186825250568 0.031896115438 0.0369112177414 0.00750958682161 0.0345116444398 0.00759831184013 0.0332931861136 0.0146230860376 0.0106247481181 0.305984323941 0.0342971460676 0.0313426141527 0.0203443657981 0.0182824758282 0.00630153074128 0.0223046076051 0.0188545667562 
0.0484208253067 0.0343166846541 0.0428594770964 0.0148658008559 0.053360457957 0.0144544376462 0.00671828945914 0.0186639107956 0.00230474253851 0.0122725010626 0.0470915605586 0.0211058712351 0.0112515163528 0.0116515235249 0.0288553809006 0.0252381228419 0.0146418309957 0.0346475511912 0.0261785545752 0.0184531542561 0.0148218974441 0.00421171752232 0.0342971460676 0.341471436299 0.0203930204086 0.0276542458537 0.0138025864449 0.0156975542791 0.0271830122279 0.051125795774 
0.0182135686522 0.0221045741172 0.0191436227102 0.0167581154226 0.0425684131962 0.0226591651623 0.00309663318854 0.0167556180383 0.0330075298579 0.0173764435741 0.0166956349737 0.0241834762034 0.0531556100326 0.0510931776287 0.0113483134155 0.0218463061798 0.0018278133667 0.0269902896298 0.00934897754753 0.0189533627984 0.0189502599198 0.0219712238177 0.0313426141527 0.0203930204086 0.133216285041 0.0386305276262 0.0183124166386 0.0215507934358 0.0333192441742 0.0199591053426 
0.00656569338264 0.0197586057202 0.0306062479228 0.014195706838 0.0259239459113 0.0118647853431 -0.0022421746777 0.0188269974346 0.0276196304172 0.0227451583713 0.0278537437449 0.0212988328131 0.0361181876455 0.0521245596428 0.0158387792071 0.0140052047351 -0.00068890012047 0.00139618662349 0.00852613666802 0.0147159457281 0.0227709153507 0.0257485845208 0.0203443657981 0.0276542458537 0.0386305276262 0.138053718903 0.0160312734878 0.0101216040488 0.0305115660106 0.0113298564559 
0.00963701893166 0.00656646966374 0.00293153548591 0.0388352351794 0.0172859658212 0.0136140131678 0.00318674258916 0.0278658293018 0.0467560868762 0.00727742159257 0.0284112516223 0.00493792316661 0.0127420519436 0.0177703032376 0.0129496501353 0.010105300197 0.00338341767123 0.0142611267271 0.00693445465495 -0.00776213131624 0.0418510063364 0.0446577302294 0.0182824758282 0.0138025864449 0.0183124166386 0.0160312734878 0.154492699792 0.0110469953936 0.00888265446486 0.0152158584499 
0.0199107194772 -0.00278415096876 0.00569616727962 0.00980029569982 0.0204705886591 0.00848608696381 -0.0167987852934 0.012537543855 5.34198877533e-06 -0.00467077532569 0.00335390470127 0.0143007773861 0.00644087389955 0.0197220964575 0.0244352040792 0.0119032465923 -0.00170161255277 -0.00791921672016 0.0182716101634 0.0156593118088 0.00608221900197 0.0131594590455 0.00630153074128 0.0156975542791 0.0215507934358 0.0101216040488 0.0110469953936 0.181364835896 0.013498130585 0.0230572409789 
0.0219861937203 0.0226098850302 0.0190235164368 0.00941819680995 0.0510083488088 0.021025879029 -0.0051652640871 0.0280710256056 0.027054661307 0.0246662675244 0.00776817661157 0.0367464840212 0.0514432654659 0.0316278551246 0.0272849165194 0.025893457077 0.0240223830112 0.0223804226454 0.0146887016832 0.0328510550662 -0.0121069228969 0.0154493040385 0.0223046076051 0.0271830122279 0.0333192441742 0.0305115660106 0.00888265446486 0.013498130585 0.463581941764 0.0400162162945 
0.113305607078 0.0383419841951 0.0239782795412 0.0256786907886 0.042377172006 0.0131561726578 0.0581455669864 0.0393109480755 -0.0113732246273 0.0186757631705 0.0194029479494 0.0695063388292 0.019674573356 0.0214654891377 0.0298424064348 0.0511350595933 0.0390561105364 0.0305545480563 0.0533810550723 0.0377266832206 0.00766103210758 0.0153154383533 0.0188545667562 0.051125795774 0.0199591053426 0.0113298564559 0.0152158584499 0.0230572409789 0.0400162162945 0.485599108651 

['TXN', 'SPLS', 'LUV', 'CEG', 'DHI', 'GENZ', 'UIS', 'MCK', 'AVP', 'UNM', 'ADBE', 'COH', 'MI', 'WB', 'SIAL', 'BBY', 'THC', 'TIF', 'EDS', 'SBUX', 'D', 'FE', 'BDK', 'MOLX', 'MTB', 'BAC', 'AEP', 'HCR', 'FNM', 'TER']