30
0.0533286406295 0.0210495138202 0.025657065471 0.0309081568087 0.0743441041655 0.0449680709256 0.0210054402465 0.0471087328402 0.158041803894 0.0246636786654 0.0715007016099 0.0645874353538 0.0388241127613 0.0522856391002 0.0441448787565 0.045759308444 0.0235207120966 0.0449016594387 0.0629738483482 0.039970875035 0.050100863095 0.0635798530397 0.0425593974561 0.0785675118811 0.0271794955288 0.0794924924591 0.0256056876134 0.0424048973372 0.0936563270582 0.149246593495 
0.270725787085 0.0195256293228 0.0207952557021 0.011374719736 0.0174486961211 0.017784193057 0.00680969586331 0.00160609156612 0.0184077824744 0.0140839544692 0.00171093477449 0.000632781532706 0.01500495902 0.0159713531595 0.0217305909419 0.00286406043098 0.0249684261475 0.0368931935275 0.0126447288813 0.0218848477036 0.0259741899408 0.0231956444957 0.014180546329 0.0196720268467 0.00524206175533 0.0197860091215 0.020558587235 0.00393179770394 0.0134835405751 0.0117263158291 
0.0195256293228 0.32943213251 0.0187240878887 0.0139495622811 -0.00234561644783 0.0190781167559 -0.000320003696723 0.0109952597335 0.0254312255962 0.0161752725019 0.0064956562726 0.0131676703763 0.0182489978612 0.00125890654839 0.0169004575964 0.00548511404586 0.00819538625108 0.0148971491891 0.00388010859113 0.0100666177956 0.0106573514613 0.0148334784667 -0.000588610455012 0.00407163085401 0.0181379375694 0.0258163099888 0.00973741218751 -0.0058390163526 0.0273196769205 0.00884015387698 
0.0207952557021 0.0187240878887 0.186298107968 0.0349573298686 0.0260542539705 0.03123752094 0.0132355285091 0.0116466461532 0.0217905089183 0.0362139133222 0.0146466031551 0.0151429915722 0.024086215277 0.024056124932 0.0599326280798 0.0193470451959 0.0114528490784 0.0192930676202 0.00980285908457 0.0247807033451 0.0220101371432 0.048977440853 0.0189360096286 0.00121429480578 0.0303361874684 0.0243501848485 0.0107487724054 0.013200294549 0.0195094951465 0.00200420498554 
0.011374719736 0.0139495622811 0.0349573298686 0.282785264024 0.0558615096616 0.0302770486268 -0.00226096590195 -0.00387675057549 0.0111194255573 0.0256338977026 0.00844030756188 0.0533708245905 0.0392844191134 0.0148423041465 0.0321380478319 0.0021453760786 0.0129116894874 0.0120565068107 -0.0187806383417 0.0191122229153 0.0192508564781 0.0273315036188 0.0509727017708 -0.000455698711958 0.0168880195436 0.0647381763476 0.00849619942357 0.00895132865346 0.019732601445 0.00493137040404 
0.0174486961211 -0.00234561644783 0.0260542539705 0.0558615096616 0.393128948641 0.0193072770789 0.00120959163247 -0.0019511162455 -0.0114122807411 0.00832262557898 0.0169741235345 0.0478603984915 0.0318146857545 0.0256898965444 0.0375518643948 0.000775213920473 -0.00195046356918 0.0473680059117 -0.0048465060598 0.0250318797791 0.0381230149302 0.017252214114 0.0569006089642 0.00562708030468 0.0160213566839 0.0598998550974 0.00417812255817 0.00448858641963 0.0423827299102 -0.000217567350152 
0.017784193057 0.0190781167559 0.03123752094 0.0302770486268 0.0193072770789 0.196227806973 -0.00108204421244 0.0108435122891 0.0157895850689 0.0243943727533 0.00205858114396 0.00161994166751 0.00172928724797 0.0266514154601 0.0282731732226 0.0166327216194 0.0218339234838 0.013416494177 -0.00385795619209 0.0154904058069 0.00765142079554 0.0265321244034 0.030563138158 0.0180391689992 0.0151793459173 0.0206857431666 0.0160753441833 0.00685459728836 -0.00424575687553 0.0260568000326 
0.00680969586331 -0.000320003696723 0.0132355285091 -0.00226096590195 0.00120959163247 -0.00108204421244 0.135403359237 0.00115297103463 0.00764684396583 0.00941456234968 -0.00191284645576 0.00392390868072 0.0139026409597 -0.00271014130443 0.0142138307992 0.00745448104682 0.0233468386366 0.00546544942577 -0.00891526020511 0.00236152319652 0.0154115518617 0.0172845594865 0.00776059685109 0.00455583566741 0.00597303029428 0.0113423459437 0.00442150159955 0.0112807533398 0.00569342686034 0.00646991314762 
0.00160609156612 0.0109952597335 0.0116466461532 -0.00387675057549 -0.0019511162455 0.0108435122891 0.00115297103463 0.226984939716 -0.000546484200338 0.00750068313815 -0.0097285982148 0.00108255886671 0.0132094084726 0.0243490744401 0.0226044569622 0.1008261358 0.00960428511788 0.0105248873605 0.0734290583388 0.0116128696317 0.0298095161601 0.00449094768762 0.00644893553562 0.00245137460923 0.0145522094326 0.0134943583082 0.00743210824754 0.0081704501838 0.00337234330354 0.114951807743 
0.0184077824744 0.0254312255962 0.0217905089183 0.0111194255573 -0.0114122807411 0.0157895850689 0.00764684396583 -0.000546484200338 1.03386563287 0.00105767161933 -0.00626973019037 0.01193772234 0.000114042867818 0.0211549930886 0.0437847327708 0.0103261488843 0.0141424285548 0.00506123635851 -0.00766395659036 0.0114573390766 0.019437706807 0.00879606225936 0.0325621620612 0.06957864944 0.00884922693917 0.0147534511917 0.029800658583 0.0453153975411 0.00555022971582 0.0018997156459 
0.0140839544692 0.0161752725019 0.0362139133222 0.0256338977026 0.00832262557898 0.0243943727533 0.00941456234969 0.00750068313815 0.00105767161933 0.133908835469 0.0133955714639 0.00800160320246 0.0214588273644 0.0252967289192 0.0222153549752 0.0119152484949 0.00326510841741 0.0145332418728 0.0103378189637 0.00373498391476 0.00878685074051 0.0146359230692 0.0151197253651 0.0127462997459 0.024470420323 0.0258751722119 0.00262247383544 -0.0107097485633 0.0175125972229 0.00753206643598 
0.00171093477449 0.0064956562726 0.0146466031551 0.00844030756188 0.0169741235345 0.00205858114396 -0.00191284645576 -0.0097285982148 -0.00626973019037 0.0133955714639 0.594857893727 0.0134946517301 0.00435554068429 0.0208211316297 0.0240414291111 0.00632418657109 0.00686715775429 0.0132558603043 0.00507508415948 0.0114527551511 0.0169158421052 0.00105685916115 0.000424147833627 0.011719213623 -0.000653134136627 0.0120913563487 0.0138086594911 0.00726169218516 0.00429959630932 0.00142935467831 
0.000632781532706 0.0131676703763 0.0151429915722 0.0533708245905 0.0478603984915 0.00161994166751 0.00392390868072 0.00108255886671 0.01193772234 0.00800160320246 0.0134946517301 0.347409205902 0.0291018602277 0.00932769448933 0.0251320599121 0.00898341539202 0.00151629746309 0.00507328285525 0.00699263220355 0.0185115150433 0.027948728646 -0.00116121369543 0.0470116809007 0.0164705351505 0.0242283861462 0.0786741503002 0.0172841338495 0.0146522743282 0.0285028850331 -0.000992982370329 
0.01500495902 0.0182489978612 0.024086215277 0.0392844191134 0.0318146857545 0.00172928724797 0.0139026409597 0.0132094084726 0.000114042867818 0.0214588273644 0.00435554068429 0.0291018602277 0.189793369006 0.0158511623071 0.0226968165849 0.00913859808556 0.015287662026 0.0158143065714 -0.00225750861401 0.0267316483864 0.0207795324711 0.0227611029009 0.0313612636402 0.0227254406846 0.0130370538336 0.0283358566211 0.00945418824229 0.00824353516354 0.0257315041562 0.0183792008201 
0.0159713531595 0.00125890654839 0.024056124932 0.0148423041465 0.0256898965444 0.0266514154601 -0.00271014130443 0.0243490744401 0.0211549930886 0.0252967289192 0.0208211316297 0.00932769448933 0.0158511623071 0.295644385081 0.0351114482088 0.0284764211975 0.0161793785885 0.0631567046074 0.0297512081162 0.0379828171543 0.0445182233327 0.0444276354004 0.00351072727154 0.0115849278786 0.00215426150966 0.0299067034298 0.0196489600276 0.00922838003755 0.00331496188757 0.0525426945591 
0.0217305909419 0.0169004575964 0.0599326280798 0.0321380478319 0.0375518643948 0.0282731732226 0.0142138307992 0.0226044569622 0.0437847327708 0.0222153549752 0.0240414291111 0.0251320599121 0.0226968165849 0.0351114482088 0.257786417094 0.0180358221246 0.00774793579622 0.0417417507095 0.00712365102286 0.0479919902502 0.0375273138866 0.0422186095359 0.0167642633309 0.00655149755741 0.0238948957145 0.0267533789765 0.00591938941922 0.00749559111507 0.0268669960297 0.0421331748423 
0.00286406043098 0.00548511404586 0.0193470451959 0.0021453760786 0.000775213920474 0.0166327216194 0.00745448104682 0.1008261358 0.0103261488843 0.0119152484949 0.00632418657109 0.00898341539202 0.00913859808557 0.0284764211975 0.0180358221246 0.196526911317 0.0198494963021 0.0103479494576 0.0658837812219 0.010468106799 0.0227519093732 0.0121501035224 0.00972136169064 -0.00101371726301 0.0129610371774 0.0191374968061 0.00878939822474 0.00867929462348 0.0105024902448 0.11178144699 
0.0249684261475 0.00819538625108 0.0114528490784 0.0129116894874 -0.00195046356918 0.0218339234838 0.0233468386366 0.00960428511788 0.0141424285548 0.00326510841741 0.00686715775429 0.00151629746309 0.015287662026 0.0161793785885 0.00774793579622 0.0198494963021 0.218205422316 0.0296484994032 0.0128008445527 0.0102566166882 0.011929813497 0.0171030308421 0.043567472745 0.0335525835705 0.00700022731908 0.0144177541358 0.00200093307085 0.0133627249932 0.0124212682448 0.00248318569597 
0.0368931935275 0.0148971491891 0.0192930676202 0.0120565068107 0.0473680059117 0.013416494177 0.00546544942577 0.0105248873605 0.00506123635851 0.0145332418728 0.0132558603043 0.00507328285525 0.0158143065714 0.0631567046074 0.0417417507095 0.0103479494576 0.0296484994032 0.326524867825 0.0226971492375 0.0307535584572 0.023033720601 0.0322864272098 0.0390612315854 0.0118367321632 0.0074124388964 0.0368072181097 0.0146488356008 0.0169452236487 0.0145144367754 0.0254013830632 
0.0126447288813 0.00388010859113 0.00980285908457 -0.0187806383417 -0.0048465060598 -0.00385795619209 -0.00891526020511 0.0734290583388 -0.00766395659036 0.0103378189637 0.00507508415949 0.00699263220355 -0.00225750861401 0.0297512081162 0.00712365102286 0.0658837812219 0.0128008445527 0.0226971492375 0.337425652579 0.00973054535746 0.00978841507368 0.0109852137121 0.00355676983271 0.00161872195069 -0.00649231199339 0.0236912885057 -0.00820517635921 0.00101570446207 0.0160716509535 0.15371699977 
0.0218848477036 0.0100666177956 0.0247807033451 0.0191122229153 0.0250318797791 0.0154904058069 0.00236152319652 0.0116128696317 0.0114573390766 0.00373498391476 0.0114527551511 0.0185115150433 0.0267316483864 0.0379828171543 0.0479919902502 0.010468106799 0.0102566166882 0.0307535584572 0.00973054535746 0.204748634239 0.0256573009789 0.0157672037027 0.0256667001288 0.0170764593583 0.0122032794052 0.0280236163834 0.0124804708412 0.0119025310852 0.0315267240532 0.0272556196374 
0.0259741899408 0.0106573514613 0.0220101371432 0.0192508564781 0.0381230149302 0.00765142079554 0.0154115518617 0.0298095161601 0.019437706807 0.00878685074051 0.0169158421052 0.027948728646 0.0207795324711 0.0445182233327 0.0375273138866 0.0227519093732 0.011929813497 0.023033720601 0.00978841507368 0.0256573009789 0.310140057514 0.0174743300288 0.0445427460043 0.0174965857475 0.0161294865427 0.00676747128397 0.0192744962617 0.00978747367683 0.00692072187635 0.0381435866913 
0.0231956444957 0.0148334784667 0.048977440853 0.0273315036188 0.017252214114 0.0265321244034 0.0172845594865 0.00449094768762 0.00879606225936 0.0146359230692 0.00105685916115 -0.00116121369543 0.0227611029009 0.0444276354004 0.0422186095359 0.0121501035224 0.0171030308421 0.0322864272098 0.0109852137121 0.0157672037027 0.0174743300288 0.470235629896 0.0155736753239 0.0376915475437 0.0231320951171 0.015743746031 0.0148094609682 0.00348720979123 0.011393705803 -0.0066262899793 
0.014180546329 -0.000588610455013 0.0189360096286 0.0509727017708 0.0569006089642 0.030563138158 0.00776059685109 0.00644893553562 0.0325621620612 0.0151197253651 0.000424147833627 0.0470116809007 0.0313612636402 0.00351072727154 0.0167642633309 0.00972136169064 0.043567472745 0.0390612315854 0.0035567698327 0.0256667001288 0.0445427460043 0.0155736753239 0.398662094742 0.0252334161215 0.0104126244485 0.0459535477056 0.00702785427297 0.0323832317228 0.0231291331517 0.0413355132786 
0.0196720268467 0.00407163085401 0.00121429480578 -0.000455698711958 0.00562708030467 0.0180391689992 0.00455583566741 0.00245137460923 0.06957864944 0.0127462997459 0.011719213623 0.0164705351505 0.0227254406846 0.0115849278786 0.00655149755741 -0.00101371726301 0.0335525835705 0.0118367321632 0.00161872195069 0.0170764593583 0.0174965857475 0.0376915475437 0.0252334161215 0.539558009737 0.0175484062415 0.0263904008418 0.0224894658389 0.0154604142877 0.0247649444513 0.00149113473484 
0.00524206175533 0.0181379375694 0.0303361874684 0.0168880195436 0.0160213566839 0.0151793459173 0.00597303029428 0.0145522094326 0.00884922693917 0.024470420323 -0.000653134136627 0.0242283861462 0.0130370538336 0.00215426150966 0.0238948957145 0.0129610371774 0.00700022731909 0.0074124388964 -0.00649231199339 0.0122032794052 0.0161294865427 0.0231320951171 0.0104126244485 0.0175484062415 0.230146892267 0.0112994679196 0.0322168014886 0.0576565777431 0.0134242087526 0.0103229782967 
0.0197860091215 0.0258163099888 0.0243501848485 0.0647381763476 0.0598998550974 0.0206857431666 0.0113423459437 0.0134943583082 0.0147534511917 0.0258751722119 0.0120913563487 0.0786741503002 0.0283358566211 0.0299067034298 0.0267533789765 0.0191374968061 0.0144177541358 0.0368072181097 0.0236912885057 0.0280236163834 0.00676747128397 0.015743746031 0.0459535477056 0.0263904008418 0.0112994679196 0.334966052114 0.0137757824323 0.00217593109367 0.0241496982608 0.0409662725968 
0.020558587235 0.00973741218751 0.0107487724054 0.00849619942357 0.00417812255817 0.0160753441833 0.00442150159955 0.00743210824754 0.029800658583 0.00262247383544 0.0138086594911 0.0172841338495 0.00945418824229 0.0196489600276 0.00591938941922 0.00878939822474 0.00200093307085 0.0146488356008 -0.00820517635921 0.0124804708412 0.0192744962617 0.0148094609682 0.00702785427297 0.0224894658389 0.0322168014886 0.0137757824323 0.219720789361 0.00717030001485 -0.00112735726263 0.00475052846792 
0.00393179770394 -0.0058390163526 0.013200294549 0.00895132865346 0.00448858641963 0.00685459728836 0.0112807533398 0.0081704501838 0.0453153975411 -0.0107097485633 0.00726169218516 0.0146522743282 0.00824353516354 0.00922838003755 0.00749559111507 0.00867929462348 0.0133627249932 0.0169452236487 0.00101570446207 0.0119025310852 0.00978747367683 0.00348720979123 0.0323832317228 0.0154604142877 0.0576565777431 0.00217593109367 0.00717030001485 0.39609973408 -0.0252857111277 0.0180954441313 
0.0134835405751 0.0273196769205 0.0195094951465 0.019732601445 0.0423827299102 -0.00424575687553 0.00569342686034 0.00337234330354 0.00555022971582 0.0175125972229 0.00429959630932 0.0285028850331 0.0257315041562 0.00331496188757 0.0268669960297 0.0105024902448 0.0124212682448 0.0145144367754 0.0160716509535 0.0315267240532 0.00692072187635 0.011393705803 0.0231291331517 0.0247649444513 0.0134242087526 0.0241496982608 -0.00112735726263 -0.0252857111277 0.448029233846 0.017023018889 
0.0117263158291 0.00884015387698 0.00200420498554 0.00493137040404 -0.000217567350152 0.0260568000326 0.00646991314762 0.114951807743 0.0018997156459 0.00753206643598 0.00142935467831 -0.000992982370329 0.0183792008201 0.0525426945591 0.0421331748423 0.11178144699 0.00248318569597 0.0254013830632 0.15371699977 0.0272556196374 0.0381435866913 -0.0066262899793 0.0413355132786 0.00149113473484 0.0103229782967 0.0409662725968 0.00475052846792 0.0180954441313 0.017023018889 0.559687447855 

['ECL', 'HMA', 'BBT', 'TGT', 'FDO', 'LMT', 'PEP', 'CVX', 'ADBE', 'TMK', 'FSH', 'KSS', 'ABK', 'AA', 'MEL', 'XOM', 'CCE', 'ROH', 'MUR', 'EMR', 'BLL', 'FNM', 'BC', 'F', 'WYE', 'JCP', 'CLX', 'ZMH', 'AV', 'EOG']