50
0.0420146984796 0.0384738749472 0.0268988212896 0.0378808118353 0.0394797478448 0.105459344027 0.0220144037379 0.0304896250645 0.0535662105727 0.142835786571 0.0690593134036 0.0725669815102 0.0374431650663 0.0612619406497 0.0155341374053 0.107116270008 0.0218855159469 0.0308834605432 0.0324915821016 0.0124927962784 0.371102806834 0.0210495138202 0.0511846892664 0.0533286406295 0.0690415105338 0.199130076205 0.0165000515881 0.0223320424584 0.0184249616408 0.143796644659 0.0188066159349 0.0439476996979 0.0884893451388 0.214537342356 0.162626926374 0.0404531955786 0.0933125666969 0.0362094771936 0.166074759161 0.0380825412642 0.0522861094618 0.0223482457603 0.123612909007 0.0427797721554 0.121001700606 0.02392892696 0.0387981152642 0.0248078828137 0.0770368317024 0.0514292405054 
0.207012653374 0.0105489997835 -0.00864938742982 0.0182446654423 0.0191908248539 0.00702811443171 0.0313507107385 0.00398290682093 0.0130151899167 -0.000424394852605 0.0305799980355 0.0197388950808 0.00679357746992 0.0161325675591 0.00820605762134 0.0275003708763 -0.0013911189384 0.0172042372784 0.00999116840505 0.00946005367966 0.0306846740349 0.0164633548095 -0.000939737025531 0.0141472461709 0.0200494040555 0.0146881056329 0.0204202602506 -0.0138946274692 0.0233659447763 0.0467193280165 0.00310062601712 0.00831396000656 0.0308007778365 0.0300592579218 0.054129562472 0.0113878321399 0.000941531002706 0.00562848742073 0.0329759707889 0.0126767135306 0.0198883418904 0.0132976919327 -0.000557809002902 0.0254320768367 0.0252959872416 0.00653976602108 0.00925864516432 0.0224139217869 0.014538602502 0.0223699702102 
0.0105489997835 0.229411752874 -0.0055387514211 0.00759108595499 0.00236975998421 0.0114842880182 0.0124397350394 0.00167866620778 0.023322836448 0.00748220481935 0.0152967687243 0.013818183918 0.0184970800818 0.0114293837491 0.00800337248717 -0.00119101439664 -0.00233510276897 0.0117641179426 0.00475160231384 0.0241137156472 0.0305348224976 0.00358966738745 -0.000850399613087 0.0107144069036 0.0248065196201 0.0236310290606 0.00623723831362 0.00377964143443 0.0142128453585 0.015103850159 0.00884711854485 0.0168412763473 0.00855584416107 0.0103218154287 0.01752052913 0.00789621428612 0.0106546852491 0.0152079750876 0.0426492846372 -0.00530452703262 0.00117780460534 0.0126210896682 -0.00737818688979 0.0134569877185 0.010922321994 0.022009885299 0.0113646049289 -0.00822424263411 0.0225952435431 0.0153611859165 
-0.00864938742982 -0.0055387514211 0.221159405297 0.0105088879801 -0.00523496394182 0.00964354810498 -0.00340265455561 0.00347734364463 0.00730342016071 0.00436254676853 0.0102449227226 0.0187051911545 -0.00272802790907 0.00765265944586 0.0153387548104 0.0300039565995 0.0038288114441 0.0153152275523 0.0121218004882 0.00529843207761 0.0151396998165 -0.000776380102056 0.00361517190073 0.0250147485536 0.0135053949924 0.00236546293981 0.00433302212663 0.0173618600377 0.0185685372107 0.0175021023339 0.0186311724757 0.00677488172022 0.0121610408985 0.0135226169398 0.00289990031783 0.00610070996926 0.0210010519344 0.0107620815092 0.0102432595374 0.00950064331046 -0.00100087399379 0.0121888821771 0.00180834003217 0.0113875675346 0.00465753339839 0.0152929723934 0.0333996980026 0.00819602151491 -0.000577585605151 0.0122255943705 
0.0182446654423 0.00759108595499 0.0105088879801 0.185208199572 0.0240801788312 0.00959724838131 0.00989500289096 0.0173748285525 0.0179174439662 0.0314639886104 0.0178046482897 0.0219089551536 0.00490273099244 0.014636616285 0.0107696786068 0.0153992231235 0.00276569863027 0.0210965909742 0.0077397383755 0.0207774820954 0.0187580865152 0.00420291272644 -0.0166948409808 0.0123523417637 0.0294262549002 0.00947838422388 0.0181567289305 0.00586087053445 0.0264510370608 0.0421782509048 0.0153062604229 0.00486783784344 0.0315209571788 0.0371054015256 0.0111759274468 0.0275675741591 0.00616058916599 0.0211584822965 0.0343540475999 0.0112728294968 0.0216660858559 0.032783969246 0.00459863855808 0.0133510223967 0.0154522444038 0.0115623469915 0.0267744429036 0.0223838248925 -0.00383425781758 0.0270877622966 
0.0191908248539 0.00236975998421 -0.00523496394182 0.0240801788312 0.321545986024 0.0299064178737 0.0102313761587 0.0260796119218 0.0235255840154 -0.0095633573491 0.00659612989616 0.0345413338764 0.0142739526798 0.0247528647863 0.0172497624675 0.0309673460039 0.00605727289887 0.00786183703526 -0.000680072917335 0.0185319338789 0.0118261786703 0.0136275386642 0.00767936560266 0.014166994835 0.0233172531544 0.069225251991 0.00789860503845 0.0064413132739 0.0199820078172 0.0194236218393 0.0186226989474 0.00893612897072 0.0119212165857 0.0478188147028 0.00845657921611 0.0211425051915 -0.0172483708049 0.0242154988694 0.0302958187147 0.0139713947794 0.0340301394348 0.0113180564778 -0.00513477067159 0.0234692188703 0.00395783574922 0.0084480265063 0.0179364399449 0.0239763529695 0.0124657229236 0.00893087060823 
0.00702811443171 0.0114842880182 0.00964354810498 0.00959724838131 0.0299064178737 0.748671742309 0.000171376004892 0.0206631181808 0.0222278336253 0.0049013355089 0.025082697349 0.0112830537534 0.0232884669694 0.00835886773175 0.0196216717808 0.0283793429824 0.0059321771413 0.0225554720573 0.0115169811177 0.00599060755312 0.0224977648924 -0.00011699736714 0.0284332093998 0.0143112990155 0.0454353815273 0.0527896493976 0.00714054328193 0.011569776173 0.0254417877727 0.0580287332791 0.0121662244871 0.0123932631741 0.0131501718512 0.0532177017304 0.00230741708187 0.0174204077283 0.0122481552429 0.0388252657547 0.0265439912801 0.0254791649313 0.0379687795299 0.0240130413137 0.0129088031424 0.00500529172207 0.000619030335229 0.0268984248019 0.0134790668342 0.0144320914923 0.0142100006677 0.021417850258 
0.0313507107385 0.0124397350394 -0.00340265455561 0.00989500289096 0.0102313761587 0.000171376004892 0.180011537953 -0.00263440200292 0.0263832011292 0.0242396413613 0.00842492543147 0.0093764838261 0.012047401946 0.0170029399519 0.00373267094448 0.0129822788041 0.00122274342953 0.0189788505948 0.00391831361192 0.0164780914777 0.00824541583586 0.0220614315424 0.00374885878085 0.0104506197961 0.00800792222324 0.0134820749659 0.0478530727674 0.00795556214573 0.0215827368085 0.0103025095023 0.00128359770273 0.0104850815427 0.00434247518994 0.0141444957949 0.0356240392863 0.00717035818169 -0.00258618225869 0.0010696538758 0.00685583549885 0.00147758283377 0.00823401796282 0.0141508263171 0.00784823677565 0.02324940614 0.0198929371496 0.0018375821004 0.0143572557317 0.00177979777465 0.00998261618117 0.0176074943079 
0.00398290682093 0.00167866620778 0.00347734364463 0.0173748285525 0.0260796119218 0.0206631181808 -0.00263440200292 0.207588716835 0.0120054002177 -0.00109830351375 0.00119005642324 0.00828668020396 0.000546484484948 0.0133294268829 0.017646004239 0.011173463037 0.0187246991307 0.0171424455836 -0.00482291809127 0.00644596232105 0.00218015181155 0.0058196276382 0.0101738462062 0.0105014791275 0.00249878572954 0.0184120735709 0.002131802596 0.0133140830098 0.00411119356771 0.0187386022307 0.0116403073283 -0.003729956584 0.00586200278868 0.0024157161035 0.0429815463074 -0.00370774447145 -0.00104807005262 0.00267589980772 0.00165877374176 0.00657273067483 0.0154350601034 0.00867516004677 -0.00246940051039 0.0126252590888 0.0231593624261 0.00671375178383 0.0150520571258 0.00355241505758 -0.00757914598702 0.00310777889246 
0.0130151899167 0.023322836448 0.00730342016071 0.0179174439662 0.0235255840154 0.0222278336253 0.0263832011292 0.0120054002177 0.215502337473 0.0158359271058 0.00415115752311 0.0289945580157 0.0100135593196 0.0204524479109 0.00649967849213 0.0171614265548 0.0175628680769 0.0158447340459 0.0157159791284 0.0289890539338 0.0125534732291 0.0116897188436 0.0158225301698 0.0195698605989 0.0322522199534 0.0137825343602 0.0257744470154 0.0051406217033 0.0337825796723 0.0362971866881 0.0203849528789 0.00894289464387 0.0233408332271 0.0288029278966 0.00970618490459 0.014118031306 0.00657165819206 0.0272557126996 0.0397696507293 0.00463586678525 0.031877135603 0.0303912149066 0.00780347347373 0.0233552829036 0.0371085289161 0.0204057073964 0.0321469666979 0.0166850708743 0.0177904264941 0.024142162144 
-0.000424394852605 0.00748220481935 0.00436254676853 0.0314639886104 -0.0095633573491 0.0049013355089 0.0242396413613 -0.00109830351375 0.0158359271058 1.24680210947 0.0170227327167 0.00972341134617 -0.00980068501575 0.00576861056515 0.00689795542957 0.0574803486677 0.0073250952183 -0.00407006385312 0.0204856282013 0.0605500099289 0.00523157602862 0.0257455655173 0.0145973947056 -0.00351458897265 0.0126150293857 0.0454465396832 0.00513454197931 0.00579321162482 -0.00629621889446 -0.00475280063555 0.016205178143 0.0230676776312 0.0352229305915 0.087624393927 -0.0251276065184 -0.00859985349624 -0.00209300194904 0.0174144092401 -0.00909110543702 -0.00152864057453 0.00586607318655 0.00722021315141 -0.0089159731763 -0.00806982047954 0.0104224796196 0.00595112057149 0.00988627874391 0.0066739728155 -0.00695632001009 -0.00101539192738 
0.0305799980355 0.0152967687243 0.0102449227226 0.0178046482897 0.00659612989616 0.025082697349 0.00842492543147 0.00119005642324 0.00415115752311 0.0170227327167 0.428360475441 0.0209371617807 0.0149064648829 0.0144564344481 0.00542514466537 0.0159371595254 0.00859061328905 0.0254878925454 0.00666593334106 0.013227682757 0.0123341404558 0.00555137918011 0.00297646178213 -0.00717912188829 0.0208462452654 0.00420313958252 0.00942352134947 0.00334773178447 0.024233785776 0.0545681517076 0.00797478379338 0.00163911889668 0.0140843679108 0.0206497673435 0.00638639497926 0.0116085737903 0.00203482471529 0.0310716950986 0.0451037552043 0.011203658042 0.0157015851149 0.0115549862272 0.0231409222659 0.0123209529344 -0.00177718872264 0.0167495318026 0.0200615990336 0.0150816347344 0.00499498456414 0.0109092789959 
0.0197388950808 0.013818183918 0.0187051911545 0.0219089551536 0.0345413338764 0.0112830537534 0.0093764838261 0.00828668020396 0.0289945580157 0.00972341134617 0.0209371617807 0.25677080312 0.0379680172035 0.0300197582515 0.0139737010642 0.0355640221296 0.00649187842316 0.0268190193898 0.0168181880496 0.0130208206893 0.0326112284015 0.0162602347401 0.0108659495549 0.0254479618458 0.0325803944688 0.0423164632484 0.0132773740796 0.0175095088538 0.0277685452831 0.12912772646 0.0260424365285 0.00635232192991 0.0226990327062 0.0247856971593 0.0330853795974 0.0312337484967 0.0230184775062 0.0233144963075 0.0460818585731 0.015741121874 0.0261853851489 0.0339430165293 0.00392605203279 0.0216046001074 0.0426169902341 0.0204317500304 0.0221396169486 0.0184522897888 0.0146081396078 0.0664416178642 
0.00679357746992 0.0184970800818 -0.00272802790907 0.00490273099244 0.0142739526798 0.0232884669694 0.012047401946 0.000546484484948 0.0100135593196 -0.00980068501575 0.0149064648829 0.0379680172035 0.462056395176 0.0144432160654 0.014076840684 0.0174022915574 0.0135386965122 0.00760255603466 0.00454211290286 0.00910245481962 -0.00268315725388 0.00910095980612 0.0029804036415 0.00112927112552 0.0173226499563 0.0033553664573 0.0118939698135 0.0137237086298 0.0181070732411 0.0314660240962 0.00984697066253 0.00961079837735 0.0046821835959 0.0167864328454 -0.00118674670365 0.0305259526211 0.00814434999145 0.0209530913065 0.0263479686685 -0.000207509304627 0.0113722473964 0.0179031528814 0.0018475683864 0.010201377853 0.0117513727803 0.0039744681795 0.0218673409875 0.0224580852819 -0.00575788116363 0.0215407949987 
0.0161325675591 0.0114293837491 0.00765265944586 0.014636616285 0.0247528647863 0.00835886773175 0.0170029399519 0.0133294268829 0.0204524479109 0.00576861056515 0.0144564344481 0.0300197582515 0.0144432160654 0.354140590445 0.00475029230145 0.0577765863954 0.014082130004 0.0186166174407 0.0207010402945 0.00563143674646 0.0391396252202 0.0213308865738 0.0343343904402 0.0128158469189 0.0309286532425 -0.00251412227994 0.00722467393211 0.00233427280514 0.0144811249819 0.0143331087491 0.00866948476139 0.011508099734 0.0235774846257 0.0644412520377 0.0264473810952 0.0221733699851 0.0204423749141 0.0112056636741 0.0172195971719 0.0183347084037 0.00709331280033 0.00631394780873 0.032707367633 0.0053123503865 0.00851697390261 -0.00865422474262 0.022504940064 0.0167810224097 0.0107260095758 0.0271457514751 
0.00820605762134 0.00800337248717 0.0153387548104 0.0107696786068 0.0172497624675 0.0196216717808 0.00373267094448 0.017646004239 0.00649967849213 0.00689795542957 0.00542514466537 0.0139737010642 0.014076840684 0.00475029230145 0.186414611783 0.00407695502993 0.00717902160366 0.0186039251286 0.011339172985 0.00989975263376 -0.000665469177258 0.00295304753197 -0.00519974155067 0.00394693155282 0.00799396193935 0.0157679092366 0.00940537402398 -0.00273892180608 0.010806599292 0.0310650214052 0.0147281218315 0.0068660765904 0.00413349080763 0.00383221760201 -0.00642433583814 -0.0187232733557 -0.00684075688516 0.0104531616599 0.0126643636776 -0.000826754698974 -0.000373788892357 -0.00106144741235 0.00272100765568 0.013987311026 0.00673134389832 0.00781203434276 0.00667650211451 0.00423479333706 0.000495895783646 0.02161116987 
0.0275003708763 -0.00119101439664 0.0300039565995 0.0153992231235 0.0309673460039 0.0283793429824 0.0129822788041 0.011173463037 0.0171614265548 0.0574803486677 0.0159371595254 0.0355640221296 0.0174022915574 0.0577765863954 0.00407695502993 0.521435937204 0.00188019730189 0.0222678345116 0.019462156862 0.0251376252842 0.0817520334703 -0.00505565554373 0.0270252950979 0.018623279615 0.0396114565561 0.0462142997263 0.00398738660583 0.00930025537776 0.0167712727751 0.0474719144144 0.00943170187408 0.00798218127626 0.0458671959669 0.117338459226 -0.00348078321397 0.0349129623998 0.00331728431698 0.0114893657932 0.027567607408 0.0308204154981 0.054851336839 0.0105743452367 0.00508229322691 0.0144170136118 0.0204125797245 0.022586887316 0.0575229381101 0.0212300608746 0.0310359043435 0.0497003074301 
-0.0013911189384 -0.00233510276897 0.0038288114441 0.00276569863027 0.00605727289887 0.0059321771413 0.00122274342953 0.0187246991307 0.0175628680768 0.0073250952183 0.00859061328905 0.00649187842316 0.0135386965122 0.014082130004 0.00717902160366 0.00188019730189 0.160143952201 0.00511852329925 0.00409944582104 0.00649693738289 -6.81504257157e-05 0.000554028754662 0.0131186643128 0.0037758232892 -0.00184626813066 0.00742072195775 0.0114689379655 0.00930843152343 0.00621537462003 -0.00713607630625 0.0182053716367 0.0120875869758 0.00635612734591 -0.00335520852799 -0.00299544331542 0.0171566872448 -0.00213939317739 0.0118263261568 0.0190566538324 0.00779147006322 0.00991420435336 0.00515213205765 -0.00451564789616 0.0209927553693 0.020544323571 0.00516053411524 0.0122436949107 -0.00360356194125 0.00459621119262 0.00812246335167 
0.0172042372784 0.0117641179426 0.0153152275523 0.0210965909742 0.00786183703526 0.0225554720573 0.0189788505948 0.0171424455836 0.0158447340459 -0.00407006385312 0.0254878925454 0.0268190193898 0.00760255603466 0.0186166174407 0.0186039251286 0.0222678345116 0.00511852329925 0.205086472806 0.0256828112832 0.0127351291393 -0.0165066439087 0.019671648441 0.00500787124182 0.0127272505562 0.0238251305839 -0.00208100130245 0.0198770132861 0.00750824202331 0.0430899114454 0.0188509803092 0.00677656161414 0.00212920711615 0.0138517887369 0.016680987086 -0.000603492948775 0.0140739212172 0.00657001451975 0.0233557160734 0.0163347351989 0.00199336704781 0.0115028480056 0.0295014824387 -0.0007007170116 0.0181409886446 0.013734640826 0.011707690207 0.00868395302104 0.00678832226529 -0.000611333191333 0.0226388334145 
0.00999116840505 0.00475160231384 0.0121218004882 0.0077397383755 -0.000680072917335 0.0115169811177 0.00391831361192 -0.00482291809127 0.0157159791284 0.0204856282013 0.00666593334106 0.0168181880496 0.00454211290286 0.0207010402945 0.011339172985 0.019462156862 0.00409944582104 0.0256828112832 0.30895995027 0.013740566201 0.0234154405161 0.0155579631875 0.0037878844573 0.00626536361569 0.0119926791662 0.0177068792893 0.00600688906811 -0.0168889527498 0.0193393875679 0.000742427252079 0.025643288545 0.00825101056805 -0.00301457386938 0.0291158239864 0.00246485255903 0.00486619281432 -0.00366226554252 0.0207719149193 0.0202643280681 0.0172487335289 0.0202849201836 0.0209028165994 0.00482156426299 0.0183453251089 0.00744538577055 0.0430996917814 0.00624541727227 0.00601835460792 0.0113425325251 0.0108185723655 
0.00946005367966 0.0241137156472 0.00529843207761 0.0207774820954 0.0185319338789 0.00599060755312 0.0164780914777 0.00644596232105 0.0289890539338 0.0605500099289 0.013227682757 0.0130208206893 0.00910245481962 0.00563143674646 0.00989975263376 0.0251376252842 0.00649693738289 0.0127351291393 0.013740566201 0.169561222323 -0.00199635414365 -0.0014657247001 0.0037923270245 0.0249141362037 0.0157211371206 0.0125950068873 0.0154335355928 0.000142149595979 0.0190991472861 0.0120789513288 0.0224935465532 0.00610037723611 0.0107011771033 0.0509032476678 0.00322719921592 0.00978924249415 0.00171828677435 0.0137643159199 0.0253943804731 0.0136671339612 0.0195768270691 0.0132248821738 0.00192019028945 0.0293377832672 0.00478572462373 0.0173336325276 0.0157113701071 0.0134583749961 0.00392764622697 0.011108675031 
0.0306846740349 0.0305348224976 0.0151396998165 0.0187580865152 0.0118261786703 0.0224977648924 0.00824541583586 0.00218015181155 0.0125534732291 0.00523157602862 0.0123341404558 0.0326112284015 -0.00268315725388 0.0391396252202 -0.000665469177258 0.0817520334703 -6.81504257157e-05 -0.0165066439087 0.0234154405161 -0.00199635414365 1.23669675884 0.0150145392634 0.0313050465667 0.0158499601724 0.0397584058036 0.0878598380442 0.0209091613223 0.00768444702411 -0.00346548172128 0.0702548700221 -0.00288114740532 0.0239351352399 0.0524870418044 0.12435895815 0.0374932336054 0.00657255914411 0.0365913900282 0.00151956929773 0.0362561324929 0.0290625441238 0.00915080015532 0.00340142609135 0.015530750605 0.0370259212133 0.010101912856 0.033551590206 0.0370515774825 0.0122345822388 0.040785522274 0.0302304517058 
0.0164633548095 0.00358966738745 -0.000776380102055 0.00420291272644 0.0136275386642 -0.00011699736714 0.0220614315424 0.0058196276382 0.0116897188436 0.0257455655173 0.00555137918011 0.0162602347401 0.00910095980612 0.0213308865738 0.00295304753197 -0.00505565554373 0.000554028754661 0.019671648441 0.0155579631875 -0.0014657247001 0.0150145392634 0.322031939951 0.0145215482118 0.0167128249592 0.0100841700603 -0.00193399984421 0.00518690648858 0.0105176189118 0.00990438724491 0.0629569291905 0.00621875000985 0.00849543391817 0.00667385521493 0.00425809617557 0.00946570085399 0.00142736718449 0.00604445650838 0.0220950308991 0.0131168270518 0.0165540403514 0.0157385102549 0.0181009597544 0.00199805047273 0.00678071724168 0.0179373407324 0.00851008221679 0.0100825375335 0.00140077621094 -0.0014427652243 0.00537309761465 
-0.00093973702553 -0.000850399613087 0.00361517190073 -0.0166948409808 0.00767936560266 0.0284332093998 0.00374885878085 0.0101738462062 0.0158225301698 0.0145973947056 0.00297646178213 0.0108659495549 0.0029804036415 0.0343343904402 -0.00519974155067 0.0270252950979 0.0131186643128 0.00500787124182 0.0037878844573 0.0037923270245 0.0313050465667 0.0145215482118 0.334399953909 0.0128536094611 0.0256151683289 0.0122831541805 0.000937415656005 -0.00390546978648 0.00209755310076 0.0282606667677 0.0143798398744 -0.000114719785092 0.00862303888199 0.0421576669798 0.00134063635572 0.0389801186105 0.0193566174756 0.00883493714896 0.0414797960742 0.00185311889799 0.0412642891084 0.00225080378534 0.00899901472756 0.00338480359833 0.0182506671901 0.0286083190905 0.0161703312678 0.00866109730094 0.0107303029994 0.013318635851 
0.0141472461709 0.0107144069036 0.0250147485536 0.0123523417637 0.014166994835 0.0143112990155 0.0104506197961 0.0105014791275 0.0195698605989 -0.00351458897265 -0.00717912188829 0.0254479618458 0.00112927112552 0.0128158469189 0.00394693155282 0.018623279615 0.0037758232892 0.0127272505562 0.00626536361569 0.0249141362037 0.0158499601724 0.0167128249592 0.0128536094611 0.264357816702 0.0287131138863 0.00516254705743 0.000774012401653 0.000403131256507 0.0136532049204 0.0313803681672 0.0141870882162 0.0172435717798 0.00780336728387 -0.00202221143576 0.011339364827 0.0170373318147 -0.00118786929803 0.00738725240715 0.0408955881831 0.00702837084518 0.0229718529769 0.00411438715347 -0.00681474895264 0.0157920169139 0.0177812860073 0.00795606227767 0.0206928972765 0.00946837037962 -0.00755506636822 0.0259057861429 
0.0200494040555 0.0248065196201 0.0135053949924 0.0294262549002 0.0233172531544 0.0454353815273 0.00800792222324 0.00249878572954 0.0322522199534 0.0126150293857 0.0208462452654 0.0325803944688 0.0173226499563 0.0309286532425 0.00799396193935 0.0396114565561 -0.00184626813066 0.0238251305839 0.0119926791662 0.0157211371206 0.0397584058036 0.0100841700603 0.0256151683289 0.0287131138863 0.420371503535 0.0251168931967 0.015319364931 0.00484463931011 0.0168502623819 0.0707582690821 0.00994776161299 0.0121769788026 0.0308198618047 0.106051833296 0.0171352212828 0.0219501557633 0.00792028377904 0.0283597879452 0.0397973611804 0.0233762565204 0.0334558302113 0.00682786510643 0.0251894355051 0.0291429623223 -0.000921608223966 0.0207717701699 0.0353793171289 0.0207355832223 0.00816589602953 0.0462400184748 
0.0146881056329 0.0236310290606 0.00236546293981 0.00947838422388 0.069225251991 0.0527896493976 0.0134820749659 0.0184120735709 0.0137825343602 0.0454465396832 0.00420313958252 0.0423164632484 0.0033553664573 -0.00251412227994 0.0157679092366 0.0462142997263 0.00742072195775 -0.00208100130245 0.0177068792893 0.0125950068873 0.0878598380442 -0.00193399984421 0.0122831541805 0.00516254705743 0.0251168931967 0.595984968373 0.00882393435784 0.0287679163292 0.0196210763301 0.0783081120969 0.0112616512968 0.0106627116445 0.0195206468396 0.0352917527542 0.0294900707394 0.0350095048989 0.0171944004404 0.0375798111405 0.170905295225 0.0338112601419 0.0339363222541 0.0129923076888 0.0128509370186 0.0347860834283 0.0516908278174 -3.11948622703e-05 0.0443863286651 0.00582458004415 0.000225452960306 0.0310051256864 
0.0204202602506 0.00623723831362 0.00433302212663 0.0181567289305 0.00789860503845 0.00714054328193 0.0478530727674 0.002131802596 0.0257744470154 0.00513454197931 0.00942352134947 0.0132773740796 0.0118939698135 0.00722467393211 0.00940537402398 0.00398738660583 0.0114689379655 0.0198770132861 0.00600688906811 0.0154335355928 0.0209091613223 0.00518690648858 0.000937415656006 0.000774012401653 0.015319364931 0.00882393435784 0.147670763074 0.00959460219771 0.026751839828 0.0179326273311 0.00605470929997 -0.00151966092106 -0.000877032707408 0.00673950766616 0.0220848675893 0.00778847181093 0.00191183583933 0.00580134819036 0.00759973386661 4.04357704066e-05 0.0081618849095 0.0233069387736 0.00492684933059 0.0180639016045 0.0242939235524 -0.00365023898872 0.0100992466458 0.00120068360583 0.0115730183021 0.0205849435101 
-0.0138946274692 0.00377964143443 0.0173618600377 0.00586087053445 0.0064413132739 0.011569776173 0.00795556214573 0.0133140830098 0.0051406217033 0.00579321162482 0.00334773178447 0.0175095088538 0.0137237086298 0.00233427280514 -0.00273892180608 0.00930025537776 0.00930843152343 0.00750824202331 -0.0168889527498 0.000142149595979 0.00768444702411 0.0105176189118 -0.00390546978648 0.000403131256508 0.00484463931011 0.0287679163292 0.00959460219771 0.203645259157 0.00995575862203 0.00251761671572 -0.00465353179642 0.00629137646565 -0.00147038795223 0.00773852901873 0.0261861874486 0.0118981040313 0.00134046949797 0.00195902867229 0.0194871168154 0.00301039409699 -0.00344360146379 -0.000313856610008 -0.000535873068775 0.00165986097132 0.0144690704178 0.0173822883165 0.0054281625765 -0.000731329478276 -0.00402299391017 0.00970809905984 
0.0233659447763 0.0142128453585 0.0185685372107 0.0264510370608 0.0199820078172 0.0254417877727 0.0215827368085 0.00411119356771 0.0337825796723 -0.00629621889446 0.024233785776 0.0277685452831 0.0181070732411 0.0144811249819 0.0108065992919 0.0167712727751 0.00621537462003 0.0430899114454 0.0193393875679 0.0190991472861 -0.00346548172128 0.00990438724491 0.00209755310076 0.0136532049204 0.0168502623819 0.0196210763301 0.026751839828 0.00995575862203 0.161705040826 0.0340452398057 0.0134855056888 0.00327572939462 0.0131359552804 0.00996200767742 0.00521316496194 0.0289392448319 0.01332156461 0.0361886978063 0.0286737339481 0.00703019152914 0.00933648670093 0.0434957333125 0.000365942611651 0.0311069268644 0.0151139616273 0.0134656919865 0.0248322946255 0.012940597526 0.00538429665565 0.0297317916254 
0.0467193280165 0.015103850159 0.0175021023339 0.0421782509048 0.0194236218393 0.0580287332791 0.0103025095023 0.0187386022307 0.0362971866881 -0.00475280063555 0.0545681517076 0.12912772646 0.0314660240962 0.0143331087491 0.0310650214052 0.0474719144144 -0.00713607630625 0.0188509803092 0.000742427252079 0.0120789513288 0.0702548700221 0.0629569291905 0.0282606667677 0.0313803681672 0.0707582690821 0.0783081120969 0.0179326273311 0.00251761671572 0.0340452398057 0.607434196828 0.0412524431119 0.0169589266877 0.0672663437225 0.0678928022015 0.0315433390349 0.037124762198 0.0245643937076 0.0659446539733 0.11229958354 0.0362577669694 0.0466197101315 0.0289083375866 0.00905411425583 0.0610608892671 0.0518143224524 0.0253834865504 0.030696677678 0.0270664595165 0.0313456863174 0.0770247948638 
0.00310062601712 0.00884711854485 0.0186311724757 0.0153062604229 0.0186226989474 0.0121662244871 0.00128359770273 0.0116403073283 0.0203849528789 0.016205178143 0.00797478379338 0.0260424365285 0.00984697066253 0.00866948476139 0.0147281218315 0.00943170187408 0.0182053716367 0.00677656161414 0.025643288545 0.0224935465532 -0.00288114740532 0.00621875000985 0.0143798398744 0.0141870882162 0.00994776161299 0.0112616512968 0.00605470929997 -0.00465353179642 0.0134855056888 0.0412524431119 0.194840688206 0.0154294756888 0.0166668249359 0.0355691428946 0.0123907221293 0.0128928554653 0.00203402961531 0.0137739948155 0.0166385266675 0.00862714641589 0.0225523595424 0.00765080549326 -0.00763477010443 0.0255498399244 0.0195834006046 0.0309027742055 0.00781860635601 0.00686868732504 0.0275083191949 0.0215360596503 
0.00831396000656 0.0168412763473 0.00677488172022 0.00486783784344 0.00893612897072 0.0123932631741 0.0104850815427 -0.003729956584 0.00894289464387 0.0230676776312 0.00163911889668 0.00635232192991 0.00961079837735 0.011508099734 0.0068660765904 0.00798218127626 0.0120875869758 0.00212920711615 0.00825101056805 0.00610037723611 0.0239351352399 0.00849543391817 -0.000114719785092 0.0172435717798 0.0121769788026 0.0106627116445 -0.00151966092106 0.00629137646565 0.00327572939462 0.0169589266877 0.0154294756888 0.187970535686 0.0239611006106 0.0115060680611 0.0104680331896 0.000891461381013 -0.00882555264382 0.00422094291468 -0.0018304320571 0.0111550586535 -0.00161521237861 0.00537840042356 -0.000655150426527 -0.0103347459682 0.0170211959092 0.0148020477541 0.0133213425538 0.00420799461522 0.010173934264 0.00528058389557 
0.0308007778365 0.00855584416107 0.0121610408985 0.0315209571788 0.0119212165857 0.0131501718512 0.00434247518994 0.00586200278868 0.0233408332271 0.0352229305915 0.0140843679108 0.0226990327062 0.0046821835959 0.0235774846257 0.00413349080763 0.0458671959669 0.00635612734591 0.0138517887369 -0.00301457386938 0.0107011771033 0.0524870418044 0.00667385521493 0.00862303888199 0.00780336728387 0.0308198618047 0.0195206468396 -0.000877032707407 -0.00147038795223 0.0131359552804 0.0672663437225 0.0166668249359 0.0239611006106 0.479396919948 0.0526444894482 -0.00946331096518 0.0167738582533 -0.00399754880036 0.0072182921594 0.0243645041917 0.0290756863973 0.000983399418995 0.0228024239709 0.0176172536165 0.0111674669125 0.000807388880353 -0.00408247928969 -0.00639031589845 0.0078900527634 0.0234427864773 0.0200636940229 
0.0300592579218 0.0103218154287 0.0135226169398 0.0371054015256 0.0478188147028 0.0532177017304 0.0141444957949 0.0024157161035 0.0288029278966 0.087624393927 0.0206497673435 0.0247856971593 0.0167864328454 0.0644412520377 0.00383221760201 0.117338459226 -0.00335520852799 0.016680987086 0.0291158239864 0.0509032476678 0.12435895815 0.00425809617557 0.0421576669798 -0.00202221143576 0.106051833296 0.0352917527542 0.00673950766616 0.00773852901873 0.00996200767742 0.0678928022015 0.0355691428946 0.0115060680611 0.0526444894482 0.951388781641 0.00395063647837 0.016466219512 0.0210076627197 0.0311224537474 0.0256807726499 0.0546632122944 0.0297261976612 0.00986188246896 0.0434190235768 0.0394053613049 -0.00150486213458 0.027889930083 0.0370081714787 0.0173988074199 0.0455209472111 0.0151275707391 
0.054129562472 0.01752052913 0.00289990031783 0.0111759274468 0.00845657921611 0.00230741708187 0.0356240392863 0.0429815463074 0.00970618490459 -0.0251276065184 0.00638639497926 0.0330853795974 -0.00118674670365 0.0264473810952 -0.00642433583814 -0.00348078321397 -0.00299544331542 -0.000603492948775 0.00246485255903 0.00322719921592 0.0374932336054 0.00946570085399 0.00134063635572 0.011339364827 0.0171352212828 0.0294900707394 0.0220848675893 0.0261861874486 0.00521316496194 0.0315433390349 0.0123907221293 0.0104680331896 -0.00946331096518 0.00395063647837 1.12369880429 0.0164870234509 0.00931907753623 0.000331592285246 0.0269155808157 0.00262256386105 0.0340201627647 0.00727998843857 0.00784418275429 0.0235339124174 0.049704388624 -0.0108811020707 0.0106541276726 0.0036818699578 0.033670395578 0.0383703032365 
0.0113878321399 0.00789621428612 0.00610070996925 0.0275675741591 0.0211425051915 0.0174204077283 0.00717035818169 -0.00370774447145 0.014118031306 -0.00859985349624 0.0116085737903 0.0312337484967 0.0305259526211 0.0221733699851 -0.0187232733557 0.0349129623998 0.0171566872448 0.0140739212172 0.00486619281432 0.00978924249415 0.00657255914411 0.00142736718449 0.0389801186105 0.0170373318147 0.0219501557633 0.0350095048989 0.00778847181093 0.0118981040313 0.0289392448319 0.037124762198 0.0128928554653 0.000891461381013 0.0167738582533 0.016466219512 0.0164870234509 0.344275488982 0.011520950595 0.0105034742494 0.0720272910023 0.0201588402099 0.0267738678467 0.0118397790929 0.0223688784382 0.0151951243938 0.0324002115752 0.0290731639544 0.0204844051875 0.0265905925409 0.025339570041 0.0237148418943 
0.000941531002706 0.0106546852491 0.0210010519344 0.00616058916599 -0.0172483708049 0.0122481552429 -0.00258618225869 -0.00104807005262 0.00657165819206 -0.00209300194904 0.00203482471529 0.0230184775062 0.00814434999145 0.0204423749141 -0.00684075688516 0.00331728431698 -0.00213939317739 0.00657001451975 -0.00366226554252 0.00171828677435 0.0365913900282 0.00604445650838 0.0193566174756 -0.00118786929803 0.00792028377904 0.0171944004404 0.00191183583933 0.00134046949797 0.01332156461 0.0245643937076 0.00203402961531 -0.00882555264382 -0.00399754880036 0.0210076627197 0.00931907753623 0.011520950595 0.993601524271 0.0109418200338 0.0121032766194 0.104589062906 0.00301996100123 0.0077607467219 -0.0149884476419 0.0135134064675 0.00557884981888 -0.0284267860442 0.00705720379132 0.00571136435328 -0.0127640301864 0.0012174620725 
0.00562848742073 0.0152079750876 0.0107620815092 0.0211584822965 0.0242154988694 0.0388252657547 0.0010696538758 0.00267589980772 0.0272557126996 0.0174144092401 0.0310716950986 0.0233144963075 0.0209530913065 0.0112056636741 0.0104531616599 0.0114893657932 0.0118263261568 0.0233557160734 0.0207719149193 0.0137643159199 0.00151956929773 0.0220950308991 0.00883493714896 0.00738725240715 0.0283597879452 0.0375798111405 0.00580134819036 0.00195902867229 0.0361886978063 0.0659446539733 0.0137739948155 0.00422094291468 0.0072182921594 0.0311224537474 0.000331592285246 0.0105034742494 0.0109418200338 0.244439094359 0.0417106578625 0.00433059253511 0.0220827812672 0.0334455991965 -0.00939320149142 0.0296667393878 -0.00480861550391 0.0140712666004 0.0289358911003 0.00122529818494 0.00453849881459 0.0177351533606 
0.0329759707889 0.0426492846372 0.0102432595374 0.0343540475999 0.0302958187147 0.0265439912801 0.00685583549885 0.00165877374176 0.0397696507293 -0.00909110543702 0.0451037552043 0.0460818585731 0.0263479686685 0.0172195971719 0.0126643636776 0.027567607408 0.0190566538324 0.0163347351989 0.0202643280681 0.0253943804731 0.0362561324929 0.0131168270518 0.0414797960742 0.0408955881831 0.0397973611804 0.170905295225 0.00759973386661 0.0194871168154 0.0286737339481 0.11229958354 0.0166385266675 -0.0018304320571 0.0243645041917 0.0256807726499 0.0269155808157 0.0720272910023 0.0121032766194 0.0417106578625 0.478547426692 0.0252555192554 0.0434865794262 0.0148375892217 0.0239179498689 0.0581862037475 0.0312941545222 0.0217171789839 0.0466703444257 0.0102141409851 0.0123984830371 0.0275140993663 
0.0126767135306 -0.00530452703261 0.00950064331046 0.0112728294968 0.0139713947794 0.0254791649313 0.00147758283376 0.00657273067483 0.00463586678525 -0.00152864057453 0.011203658042 0.015741121874 -0.000207509304627 0.0183347084037 -0.000826754698974 0.0308204154981 0.00779147006322 0.00199336704781 0.0172487335289 0.0136671339612 0.0290625441238 0.0165540403514 0.00185311889799 0.00702837084518 0.0233762565204 0.0338112601419 4.04357704042e-05 0.00301039409699 0.00703019152914 0.0362577669694 0.00862714641589 0.0111550586535 0.0290756863973 0.0546632122944 0.00262256386105 0.0201588402099 0.104589062906 0.00433059253511 0.0252555192554 0.22250404146 0.0202978147181 0.0121291283899 -0.000268886148425 0.00725571031091 0.0201745893526 0.0112365008491 0.00945835198828 0.00800431192887 3.51882021661e-05 0.0201516419654 
0.0198883418904 0.00117780460534 -0.00100087399379 0.0216660858559 0.0340301394348 0.0379687795299 0.00823401796282 0.0154350601034 0.031877135603 0.00586607318655 0.0157015851149 0.0261853851489 0.0113722473964 0.00709331280033 -0.000373788892357 0.054851336839 0.00991420435336 0.0115028480056 0.0202849201836 0.0195768270691 0.00915080015532 0.0157385102549 0.0412642891084 0.0229718529769 0.0334558302113 0.0339363222541 0.0081618849095 -0.00344360146379 0.00933648670093 0.0466197101315 0.0225523595424 -0.00161521237861 0.000983399418995 0.0297261976612 0.0340201627647 0.0267738678467 0.00301996100123 0.0220827812672 0.0434865794262 0.0202978147182 0.31233411435 0.00313944896469 0.00297249638346 0.0420438840955 0.0211415404993 0.0270952571314 0.0231239430976 0.00704614509432 0.00493680445397 0.0147634477586 
0.0132976919327 0.0126210896682 0.0121888821771 0.032783969246 0.0113180564778 0.0240130413137 0.0141508263171 0.00867516004677 0.0303912149066 0.00722021315141 0.0115549862272 0.0339430165293 0.0179031528814 0.00631394780873 -0.00106144741235 0.0105743452367 0.00515213205764 0.0295014824387 0.0209028165994 0.0132248821738 0.00340142609135 0.0181009597544 0.00225080378534 0.00411438715347 0.00682786510643 0.0129923076888 0.0233069387736 -0.000313856610008 0.0434957333125 0.0289083375866 0.00765080549326 0.00537840042356 0.0228024239709 0.00986188246896 0.00727998843857 0.0118397790929 0.0077607467219 0.0334455991965 0.0148375892217 0.0121291283899 0.00313944896469 0.212796666141 0.015955438697 0.0155314162972 0.0120762291769 0.0168610388743 0.0180324919471 0.013745660074 0.00677359472385 0.0332416640768 
-0.000557809002902 -0.00737818688979 0.00180834003217 0.00459863855808 -0.00513477067159 0.0129088031424 0.00784823677565 -0.00246940051039 0.00780347347373 -0.0089159731763 0.0231409222659 0.00392605203279 0.0018475683864 0.032707367633 0.00272100765568 0.00508229322691 -0.00451564789616 -0.0007007170116 0.00482156426299 0.00192019028945 0.015530750605 0.00199805047273 0.00899901472756 -0.00681474895264 0.0251894355051 0.0128509370186 0.00492684933059 -0.000535873068775 0.000365942611651 0.00905411425583 -0.00763477010443 -0.000655150426527 0.0176172536165 0.0434190235768 0.00784418275429 0.0223688784382 -0.0149884476419 -0.00939320149142 0.0239179498689 -0.000268886148425 0.00297249638346 0.015955438697 1.04482346274 -0.0134551678791 0.013848035303 0.00610378089389 0.00129501785826 0.00981076730482 0.0185222020533 0.00693002998778 
0.0254320768367 0.0134569877185 0.0113875675346 0.0133510223967 0.0234692188703 0.00500529172207 0.02324940614 0.0126252590888 0.0233552829036 -0.00806982047954 0.0123209529344 0.0216046001074 0.010201377853 0.0053123503865 0.013987311026 0.0144170136118 0.0209927553693 0.0181409886446 0.0183453251089 0.0293377832672 0.0370259212133 0.00678071724168 0.00338480359833 0.0157920169139 0.0291429623223 0.0347860834283 0.0180639016045 0.00165986097132 0.0311069268644 0.0610608892671 0.0255498399244 -0.0103347459682 0.0111674669125 0.0394053613049 0.0235339124174 0.0151951243938 0.0135134064675 0.0296667393878 0.0581862037475 0.00725571031091 0.0420438840955 0.0155314162972 -0.0134551678791 0.274576170624 0.00845322195194 0.0264228094416 0.0401003082752 0.0187478522509 0.00973715943584 0.0254575157312 
0.0252959872416 0.010922321994 0.00465753339839 0.0154522444038 0.00395783574922 0.000619030335228 0.0198929371496 0.0231593624261 0.0371085289161 0.0104224796196 -0.00177718872264 0.0426169902341 0.0117513727803 0.00851697390261 0.00673134389832 0.0204125797245 0.020544323571 0.013734640826 0.00744538577055 0.00478572462373 0.010101912856 0.0179373407324 0.0182506671901 0.0177812860073 -0.000921608223966 0.0516908278174 0.0242939235524 0.0144690704178 0.0151139616273 0.0518143224524 0.0195834006046 0.0170211959092 0.000807388880353 -0.00150486213458 0.049704388624 0.0324002115752 0.00557884981888 -0.00480861550391 0.0312941545222 0.0201745893526 0.0211415404993 0.0120762291769 0.013848035303 0.00845322195194 0.737129142477 0.00771835655396 0.0234703902176 0.0128327836446 0.0223597086658 0.0456878203263 
0.00653976602108 0.022009885299 0.0152929723934 0.0115623469915 0.0084480265063 0.0268984248019 0.0018375821004 0.00671375178383 0.0204057073964 0.00595112057149 0.0167495318026 0.0204317500304 0.0039744681795 -0.00865422474262 0.00781203434276 0.022586887316 0.00516053411524 0.011707690207 0.0430996917814 0.0173336325276 0.033551590206 0.00851008221679 0.0286083190905 0.00795606227767 0.0207717701699 -3.119486227e-05 -0.00365023898872 0.0173822883165 0.0134656919865 0.0253834865504 0.0309027742055 0.0148020477541 -0.00408247928969 0.027889930083 -0.0108811020707 0.0290731639544 -0.0284267860442 0.0140712666004 0.0217171789839 0.0112365008491 0.0270952571314 0.0168610388743 0.00610378089389 0.0264228094416 0.00771835655396 0.238960051204 0.0165885079174 0.00489549006875 0.00657382348532 0.0148869635905 
0.00925864516432 0.0113646049289 0.0333996980026 0.0267744429036 0.0179364399449 0.0134790668342 0.0143572557317 0.0150520571258 0.0321469666979 0.00988627874391 0.0200615990336 0.0221396169486 0.0218673409875 0.022504940064 0.00667650211451 0.0575229381101 0.0122436949107 0.00868395302104 0.00624541727227 0.0157113701071 0.0370515774825 0.0100825375335 0.0161703312678 0.0206928972765 0.0353793171289 0.0443863286651 0.0100992466458 0.0054281625765 0.0248322946255 0.030696677678 0.00781860635601 0.0133213425538 -0.00639031589845 0.0370081714787 0.0106541276726 0.0204844051875 0.00705720379132 0.0289358911003 0.0466703444257 0.00945835198828 0.0231239430976 0.0180324919471 0.00129501785826 0.0401003082752 0.0234703902176 0.0165885079174 0.212675128447 0.0163725851609 0.00153626127517 0.0198473143418 
