30
0.125871369107 0.0754225878746 0.0253746335001 0.0412963652708 0.0672535079153 0.0852779749864 0.0395396308246 0.0878126089614 0.0896788789081 0.0255121646837 0.0437869579852 0.060830846045 0.0635798530397 0.0122123060087 0.0447966226616 0.0738036440579 0.166074759161 0.00422555400052 0.0220144037379 0.0361599942098 0.0448147494519 0.0357111585815 0.0414012394119 0.0128714932266 0.0692922129373 0.0125032911957 0.0861911318708 0.0297209295042 0.0309081568087 0.163811268696 
0.843731283342 -0.00627515862289 -0.00490589553992 0.00291532656166 0.0162807480542 -0.0166010332834 0.0234425742507 0.0218138541517 0.055117848266 -0.00383204283429 0.00503086718318 0.00952625286905 0.00329671449179 0.00649577562051 0.00404388243064 0.0106853844925 0.0159947264276 0.0209530849962 -0.00352842723072 -0.0155562514341 0.0271519201584 0.0192509476382 -0.00958360502761 -0.0116010394918 0.0139266612292 0.0247378284036 0.0182518822251 -0.00305424156674 0.0275374715519 -0.0148020004639 
-0.00627515862289 0.494190077176 0.0121506071321 0.0113109929553 0.00743843800764 0.0143920482997 0.0102506032374 0.00248870118939 0.0471112116605 0.025268075842 0.0238717319975 0.0262775437001 0.0271193100967 -0.0123683284101 0.0485582718787 0.00282656774037 0.0167548057486 0.012829146937 0.00397808496368 0.0171185650626 -0.00115199180919 0.0364411181769 0.028356864947 0.0223061115469 0.0308798724935 0.0104422459747 0.00639928468011 0.0293611769277 0.0279235224653 -0.0083414071647 
-0.00490589553992 0.0121506071321 0.288316423434 0.0046387312814 0.0220533825221 0.023422503573 0.0140103967195 0.0344734884118 0.036782270955 0.00646747620041 0.00959246091622 0.0456823228315 0.0225590306693 0.0112829126045 0.0251631762118 0.029686870828 0.0341306060919 0.0127216443291 0.00278723908998 0.00664530489639 0.0149187184987 0.0162416749865 0.0114490866827 0.0244691517638 0.0326088322572 0.00819348161258 0.0216264976827 0.0112893413838 0.0192401498989 -0.00892525801402 
0.00291532656166 0.0113109929553 0.0046387312814 0.249090398099 0.0232932320649 0.0260263930051 0.003446375198 0.0079999863402 -0.00216405058775 0.0186775429599 0.0270407465917 0.0100216566625 0.021227805834 -0.00517550430567 0.00732306739792 0.0192637441961 0.0125784731776 0.00452171635392 0.0242293724147 0.0246563606809 -0.000200840392353 0.00576232903746 0.0058710015391 -0.0014043467625 -0.0015700765122 0.00963823488686 0.00991246070055 0.018563601043 0.0234145098525 -0.0202903604446 
0.0162807480542 0.00743843800764 0.0220533825221 0.0232932320649 0.346462856015 0.0353332096637 0.031451987908 0.0279339087794 0.0371314099473 0.0165017012387 0.00402730136841 0.048833893521 0.0521976655364 -0.00103554618328 0.0468275845505 0.032908939473 0.0265773327913 0.0215167397271 0.0216027835551 0.0201032972696 0.00760177138396 0.0305667023454 0.0182737471957 -0.00930746056978 0.0280883805605 0.0517135698486 0.0188371410279 0.0111276016467 0.0460212297917 -0.0183162622039 
-0.0166010332834 0.0143920482997 0.023422503573 0.0260263930051 0.0353332096637 0.385962967077 0.0264283407791 0.0101809171211 -0.00306336662367 0.0134323229681 0.100100622392 0.00611472834414 0.0248931133039 0.0310876806111 0.0422438676852 0.0128131707987 0.0525976068112 0.0181336649359 0.0240396206444 0.0354664598782 0.0117155900068 0.0521452230858 0.0185915329424 0.00884434668254 0.00858550204259 0.0137249254046 0.0215022092008 0.00746190524405 0.0425796074658 0.0628467739069 
0.0234425742507 0.0102506032374 0.0140103967195 0.003446375198 0.031451987908 0.0264283407791 0.290009750417 0.0104591430507 0.0311221456086 0.0114279067903 0.0157915806931 0.0225610104422 0.0503607200547 0.0144098839551 0.0516454491564 -0.000441571122704 0.0317347135289 0.014472954166 0.00912165082399 -0.0041213415675 -0.00115342419309 0.0566596666044 0.00414564712144 -0.00437274011471 0.0115523944402 0.0352135669026 0.0257270879959 0.0177391835356 0.0388467612557 -0.00547278139778 
0.0218138541517 0.00248870118939 0.0344734884118 0.0079999863402 0.0279339087794 0.0101809171211 0.0104591430507 0.469511104699 0.101236324324 0.0208749707276 -0.0021303915104 0.0443132114239 0.0446205078299 -0.000231793524978 0.0184312716579 0.0456513824581 0.0516108803036 0.013282349428 0.00450026322553 0.00732507718546 0.00095726338251 0.02282223001 0.00802312380752 0.0112586628437 0.10198350684 0.0125262935931 0.0109369169912 -0.00229842720073 0.0185579959253 -0.00141440911411 
0.055117848266 0.0471112116605 0.036782270955 -0.00216405058775 0.0371314099473 -0.00306336662367 0.0311221456086 0.101236324324 0.537798944028 0.0248332092722 0.0110973688132 0.0133836446325 0.0633009564361 0.0407685678549 0.0316645943262 0.0469051259022 0.0385353040953 0.00207761158762 0.00831428642877 0.0161732029976 0.0192829618485 0.0371117520521 0.0222175473801 0.00453454063254 0.11204168786 0.0202984937463 0.050444918399 0.00771255057261 0.0131397086706 -0.00177762022927 
-0.00383204283429 0.025268075842 0.00646747620041 0.0186775429599 0.0165017012387 0.0134323229681 0.0114279067903 0.0208749707276 0.0248332092722 0.169330111248 0.00559314875122 0.012273074321 0.0174883013126 0.0174927325806 0.0216347588773 0.0161715241937 0.0140438060779 0.0184205166385 0.0249120402589 0.0125720555723 0.0074219187266 0.0203693621601 0.0218538939505 0.00677806541256 0.0228966223262 0.0196449714848 0.0195711291381 0.00951402210131 0.0206990239405 0.0105473881474 
0.00503086718318 0.0238717319975 0.00959246091622 0.0270407465917 0.00402730136841 0.100100622392 0.0157915806931 -0.0021303915104 0.0110973688132 0.00559314875122 0.258104427581 0.0138781885001 0.0175077059193 0.0167176990683 0.0228524138873 0.0211817793205 0.0423703080688 0.0173368448641 0.0162360020661 0.0302747224749 0.00404666463622 0.036483791566 0.0192879457836 0.0126318362294 0.0226005322219 0.00788122807514 0.000485079287515 0.00477082380171 0.029692375698 0.0515227134651 
0.00952625286905 0.0262775437001 0.0456823228315 0.0100216566625 0.048833893521 0.00611472834414 0.0225610104422 0.0443132114239 0.0133836446325 0.012273074321 0.0138781885001 0.298220632364 0.049486981475 0.022781724271 0.0284918430476 0.0275224808592 0.045533256689 0.0309165179439 0.0166855181095 0.0263419625781 0.0375292625422 0.0186999931421 0.0181503456646 0.00464327713418 0.0296303459546 0.0247637727788 0.0397631716609 0.0130494595396 0.0343064242352 0.0141742509865 
0.00329671449179 0.0271193100967 0.0225590306693 0.021227805834 0.0521976655364 0.0248931133039 0.0503607200547 0.0446205078299 0.0633009564361 0.0174883013126 0.0175077059193 0.049486981475 0.462135240224 0.00516748484605 0.0173411971107 0.0321413833957 0.0278043821175 0.00699272458107 0.0126528896419 0.000510493624077 0.0109920765009 0.00697161661514 0.0259243379546 -0.00155822774728 0.0360145931596 -0.00495558864239 0.0209748281912 0.00610197676148 0.0218669695321 0.0156360722452 
0.00649577562051 -0.0123683284101 0.0112829126045 -0.00517550430567 -0.00103554618328 0.0310876806111 0.0144098839551 -0.000231793524978 0.0407685678549 0.0174927325806 0.0167176990683 0.022781724271 0.00516748484605 0.285250953194 0.0240250680082 0.00747507359575 0.02960178144 0.0145654091029 0.0200393390576 0.0130116678432 0.00727255975389 0.0145824356554 0.0045535742329 0.0127823104758 0.0316097857429 0.00998809360461 0.0205445112005 0.0193409866548 0.00320944667173 0.00462807023651 
0.00404388243064 0.0485582718787 0.0251631762118 0.00732306739792 0.0468275845505 0.0422438676852 0.0516454491564 0.0184312716579 0.0316645943262 0.0216347588773 0.0228524138873 0.0284918430476 0.0173411971107 0.0240250680082 0.267093936345 0.0314182951128 0.0398452259658 0.0187251888904 0.0101204716555 0.00594797437504 0.010031330192 0.0725633165119 0.0355387267344 0.0153250355267 0.0445637808058 0.0296070271953 0.00995575191049 0.0176330642485 0.045232004986 -0.00244290327748 
0.0106853844925 0.00282656774037 0.029686870828 0.0192637441961 0.032908939473 0.0128131707987 -0.000441571122704 0.0456513824581 0.0469051259022 0.0161715241937 0.0211817793205 0.0275224808592 0.0321413833957 0.00747507359576 0.0314182951128 0.352884100422 0.0714018749512 0.00623440120359 0.0219326739142 0.0206855269924 0.00970704075642 0.0257708113321 0.0245135765396 0.00313590544725 0.0479244521411 0.0141090565379 0.0272596972525 0.00280973038982 0.018203984538 0.00323855527564 
0.0159947264276 0.0167548057486 0.0341306060919 0.0125784731776 0.0265773327913 0.0525976068112 0.0317347135289 0.0516108803036 0.0385353040953 0.0140438060779 0.0423703080688 0.045533256689 0.0278043821175 0.02960178144 0.0398452259658 0.0714018749512 0.529440156605 0.0378459566332 0.0146400190342 0.0199610114427 0.0247066289796 0.0482441716602 0.0286340365457 0.00464666358939 0.0456478185753 0.00383511326514 0.0579401138337 0.00360446405028 0.00359738838415 0.00371879752319 
0.0209530849962 0.012829146937 0.012721644329 0.00452171635392 0.0215167397271 0.0181336649359 0.014472954166 0.013282349428 0.00207761158762 0.0184205166385 0.0173368448641 0.0309165179439 0.00699272458107 0.0145654091029 0.0187251888904 0.00623440120359 0.0378459566332 0.279848482458 0.0131945739939 0.00815982786723 0.00236091560578 0.0263836047157 0.013042790286 -0.00621487193251 0.0152203129903 0.014818241232 0.0266849877379 0.00618787366776 0.0400693416573 -0.00125743322175 
-0.00352842723072 0.00397808496368 0.00278723908998 0.0242293724147 0.0216027835551 0.0240396206444 0.00912165082399 0.00450026322553 0.00831428642877 0.0249120402589 0.0162360020661 0.0166855181095 0.0126528896419 0.0200393390576 0.0101204716555 0.0219326739142 0.0146400190342 0.0131945739939 0.186973888609 0.0596626161342 0.00491994526256 0.0062885297409 0.0106960850865 0.00944451923344 0.0192636107301 -0.000990154790433 0.0119563909838 0.00335341675483 0.00568354110748 -0.00589576389254 
-0.0155562514341 0.0171185650626 0.00664530489639 0.0246563606809 0.0201032972696 0.0354664598782 -0.0041213415675 0.00732507718546 0.0161732029976 0.0125720555723 0.0302747224749 0.0263419625781 0.000510493624076 0.0130116678432 0.00594797437504 0.0206855269924 0.0199610114427 0.00815982786723 0.0596626161342 0.242531596095 0.0186453488656 -0.0034368255086 0.0280094877614 0.000345866888386 0.0234363829018 -0.0142074708745 0.0358785392262 0.00585664669616 0.0127714514433 0.00360720284986 
0.0271519201584 -0.00115199180919 0.0149187184987 -0.000200840392353 0.00760177138396 0.0117155900068 -0.00115342419309 0.00095726338251 0.0192829618485 0.0074219187266 0.00404666463622 0.0375292625422 0.0109920765009 0.00727255975389 0.010031330192 0.00970704075642 0.0247066289796 0.00236091560578 0.00491994526256 0.0186453488656 0.465914425323 0.0184029035152 -0.00161672234731 0.0324774322646 0.0218466452382 -0.00340913574279 0.0843241376473 0.000291042970908 0.0211620089854 0.00909040254712 
0.0192509476382 0.0364411181769 0.0162416749865 0.00576232903746 0.0305667023454 0.0521452230858 0.0566596666044 0.02282223001 0.0371117520521 0.0203693621601 0.036483791566 0.0186999931421 0.00697161661514 0.0145824356554 0.0725633165119 0.0257708113321 0.0482441716602 0.0263836047157 0.0062885297409 -0.0034368255086 0.0184029035152 0.282002055118 0.0160384401 0.00238266241563 0.0121336951562 0.0424374697484 0.0221279167292 0.0206336930191 0.0406799488265 -0.00172487888842 
-0.00958360502761 0.028356864947 0.0114490866827 0.0058710015391 0.0182737471957 0.0185915329424 0.00414564712144 0.00802312380753 0.0222175473801 0.0218538939505 0.0192879457836 0.0181503456646 0.0259243379546 0.0045535742329 0.0355387267344 0.0245135765396 0.0286340365457 0.013042790286 0.0106960850865 0.0280094877614 -0.00161672234731 0.0160384401 0.247704911139 -0.00652550563757 0.0189407717872 -0.000625886429519 0.0109875672286 0.00867442362678 0.0195029724217 0.00351459396827 
-0.0116010394918 0.0223061115469 0.0244691517638 -0.0014043467625 -0.00930746056978 0.00884434668254 -0.00437274011471 0.0112586628437 0.00453454063254 0.00677806541256 0.0126318362294 0.00464327713418 -0.00155822774728 0.0127823104758 0.0153250355267 0.00313590544725 0.00464666358939 -0.00621487193251 0.00944451923344 0.000345866888386 0.0324774322646 0.00238266241563 -0.00652550563757 0.225085736644 0.0158161882388 -0.00778446175503 0.002191802252 0.0116726303608 0.0101697849245 0.00341389102966 
0.0139266612292 0.0308798724935 0.0326088322572 -0.0015700765122 0.0280883805605 0.00858550204259 0.0115523944402 0.10198350684 0.11204168786 0.0228966223262 0.0226005322219 0.0296303459546 0.0360145931596 0.0316097857429 0.0445637808058 0.0479244521411 0.0456478185753 0.0152203129903 0.0192636107301 0.0234363829018 0.0218466452382 0.0121336951562 0.0189407717872 0.0158161882388 0.39024298139 0.0102740317766 0.0476907006364 0.00431926077461 0.0220450069017 0.0154195829408 
0.0247378284036 0.0104422459747 0.00819348161258 0.00963823488686 0.0517135698486 0.0137249254046 0.0352135669026 0.0125262935931 0.0202984937463 0.0196449714848 0.00788122807514 0.0247637727788 -0.00495558864239 0.00998809360461 0.0296070271953 0.0141090565379 0.00383511326514 0.014818241232 -0.000990154790433 -0.0142074708745 -0.0034091357428 0.0424374697484 -0.00062588642952 -0.00778446175503 0.0102740317766 0.281469345445 0.0135019149337 0.00574254748474 0.0517372628608 -0.0161763587404 
0.0182518822251 0.00639928468011 0.0216264976827 0.00991246070055 0.0188371410279 0.0215022092008 0.0257270879959 0.0109369169912 0.050444918399 0.0195711291381 0.000485079287516 0.0397631716609 0.0209748281912 0.0205445112005 0.00995575191049 0.0272596972525 0.0579401138337 0.0266849877379 0.0119563909838 0.0358785392262 0.0843241376473 0.0221279167292 0.0109875672286 0.002191802252 0.0476907006364 0.0135019149337 0.403830014444 -0.00327092595961 0.0150407624646 0.00985394289412 
-0.00305424156674 0.0293611769277 0.0112893413838 0.018563601043 0.0111276016467 0.00746190524405 0.0177391835356 -0.00229842720073 0.00771255057261 0.00951402210131 0.00477082380171 0.0130494595396 0.00610197676148 0.0193409866548 0.0176330642485 0.00280973038982 0.00360446405028 0.00618787366776 0.00335341675483 0.00585664669616 0.000291042970909 0.0206336930191 0.00867442362678 0.0116726303608 0.00431926077461 0.00574254748474 -0.00327092595962 0.223000245726 0.0061140575083 0.00139609613803 
0.0275374715519 0.0279235224653 0.0192401498989 0.0234145098525 0.0460212297917 0.0425796074658 0.0388467612557 0.0185579959253 0.0131397086706 0.0206990239405 0.029692375698 0.0343064242352 0.0218669695321 0.00320944667173 0.045232004986 0.018203984538 0.00359738838415 0.0400693416573 0.00568354110748 0.0127714514433 0.0211620089854 0.0406799488265 0.0195029724217 0.0101697849245 0.0220450069017 0.0517372628608 0.0150407624646 0.0061140575083 0.28328016095 -0.00445978583941 
-0.0148020004639 -0.0083414071647 -0.00892525801402 -0.0202903604446 -0.0183162622039 0.0628467739069 -0.00547278139778 -0.00141440911411 -0.00177762022927 0.0105473881474 0.0515227134651 0.0141742509865 0.0156360722452 0.00462807023651 -0.00244290327748 0.00323855527564 0.00371879752319 -0.00125743322175 -0.00589576389254 0.00360720284986 0.00909040254712 -0.00172487888842 0.00351459396827 0.00341389102966 0.0154195829408 -0.0161763587404 0.00985394289412 0.00139609613803 -0.00445978583941 1.36930904575 

['CVG', 'HSP', 'CA', 'KR', 'LTD', 'AET', 'YUM', 'NVLS', 'XLNX', 'CINF', 'WLP', 'TROW', 'FNM', 'WPI', 'MAR', 'SHW', 'NUE', 'NYT', 'PNW', 'PPL', 'BSX', 'HET', 'EOP', 'MDT', 'ALTR', 'DG', 'HPQ', 'TAP', 'TGT', 'ESRX']