60
0.040534814632 0.107116270008 0.0441448787565 0.0188066159349 0.0755152896869 0.0613427887106 0.0115927538848 0.0466468708745 0.0766147585819 0.02736418452 0.0391901687574 0.0442318588416 0.125871369107 0.0235207120966 0.15717092416 0.0698927007 0.133327922328 0.0162161188728 0.0726136826411 0.110783759143 0.0314738433907 0.0285507317948 0.0511846892664 0.0716450377603 0.0449016594387 0.0157982173188 0.0623322546876 0.0471087328402 0.0843714281037 0.0645874353538 0.0678674292734 0.0184249616408 0.143584613331 0.0361599942098 0.0502759777883 0.0559384191954 0.0396471392927 0.0223320424584 0.0446705301477 0.0528259349661 0.0582377086348 0.0599327976672 0.107238949757 0.061476397973 0.042606905642 0.0936563270582 0.164482556217 0.0604038345904 0.0240188564254 0.0850489592031 0.197480990077 0.0427797721554 0.0272696759741 0.126305303483 0.0447966226616 0.0206637964956 0.0123991351417 0.0522861094618 0.0192488530763 0.0367752030525 
0.531987358298 -0.00479893131647 0.00284784929318 -0.00644094047736 0.0120700372492 0.00318375530004 0.000685076258267 0.0156163764996 0.00350933081786 0.0197131875909 -0.00695400118998 0.0123344262292 -0.0115292375618 -0.00180526219565 -0.0139164089812 0.0182396452102 0.0201470558448 0.0226946624152 0.00156928172288 -0.0117300768465 -0.0104247445006 0.00878933100605 0.00524349214169 -0.00265502600137 0.0127125260929 0.016882772348 -0.00591111256855 0.0233659424537 -0.00149480419163 -0.00743000393765 0.00806776435774 0.00843078733819 0.0312139254539 0.0133658135098 -0.00366699712618 0.00473239305818 0.00284821834329 -0.000207664084101 -0.00448978911997 -0.00521323060153 0.00165604658401 -0.0024605352994 -0.00433373098666 -0.00395393548655 0.00197082747744 0.00331217388033 0.00460107300358 0.0135530215751 0.00200071611219 0.00242355769079 -0.00326724218459 0.0178488892787 -0.00130252032463 -0.00531129035121 0.0023888470494 -0.00783047204931 -7.05603660932e-05 -0.00860872162176 0.00479954492926 -0.00308995628245 
-0.00479893131647 0.507457770208 0.0241642720098 0.00638016851096 0.0019997671086 0.0137418125414 0.0123849875356 0.019869414367 0.066376096754 0.0199093124549 0.0249070758345 0.0403643767692 0.0214814529884 0.00943369700834 0.0868434887383 0.031792221056 0.0281686465003 0.00553216534876 0.0249361895385 0.110035592396 0.0101445099346 0.014021010504 0.0240360427749 0.0262814303924 0.0634035409569 -0.000331379271697 -0.00772848445448 0.0112693900298 0.00620964739121 0.0250043224018 0.0428818846869 0.00889255578599 0.0496630732324 0.0129065951885 0.00877910135595 0.0286473781426 0.0189176149522 0.0114349344415 0.0851756647674 0.00561062391354 -0.00341322676072 -0.00205629005026 0.0526451371552 0.0340305350027 0.0124651135201 0.0252919225302 -0.00939602045635 0.0468387535692 0.0224459643299 0.0211760809795 0.0756217856143 0.0106236119039 0.0328288906101 0.05626302238 0.0444091189793 -0.00380844720462 0.01388341046 0.0457492072294 0.0120383613182 0.0102089389164 
0.00284784929318 0.0241642720098 0.240321907431 0.0139880394007 -0.000556943283225 0.00272264177978 0.0203471033291 0.0165374254137 0.0344386247793 0.0102328983078 0.0212717461061 0.0345006401767 -0.00901425800537 0.00222690318848 0.0319337502915 0.0391457633715 -0.00218872450135 0.027788371507 0.0159324243857 0.0329877132049 0.0128329161844 0.00364654644816 0.0121137445314 0.0164137451765 0.03293577364 0.0138460145672 0.00682447349439 0.0175059583458 0.0465410840862 0.0196485069124 0.0332982128632 0.0547203078779 0.0252420161272 0.02264172513 0.019504654988 0.0139183175102 0.0442840420301 0.00315738721308 0.0314245907332 0.0281550239166 0.0080609528005 0.0108851566062 0.0358291532423 0.0434216048898 0.0357113311879 0.0195234946139 -0.00442230311322 0.0245952360928 0.0175715233944 0.0146754779524 0.0136838323854 0.0228996898845 0.0170497919155 0.00366482826991 0.0266910086017 0.0212495043357 0.0244712342363 0.0291908083736 0.0125331815795 0.027758375828 
-0.00644094047736 0.00638016851097 0.0139880394007 0.187083485191 -0.0025616233261 0.0226734426343 0.020698147657 0.00732955349796 0.0058530571284 -0.00140379939973 0.0170231468371 0.00482979656679 0.0059339377028 0.0137203353795 0.024536245334 0.0192383620791 0.0129597706785 0.00402806954745 0.0227867401829 0.0178115809427 0.0130452278622 0.00859714014129 0.0112375089764 0.00803631135815 0.014834867816 0.016787892678 0.0151906145897 -0.00252678437114 0.012489252888 0.0300049939527 0.0409061638708 0.00921727980321 0.00550241105535 0.007748719477 0.0219308866212 0.0109754949806 0.00125309538174 -0.00480819830951 0.0150144992904 0.015409746709 0.0161395289999 0.00364352392033 0.0367494414383 0.0291347834015 0.0151453733885 -0.0016656713592 -0.00808699714817 0.00424539037245 0.0145482189568 0.0485560223331 0.0250012233863 0.0209533248249 0.0163410570378 0.00161602895786 0.0176123891826 0.0133176940204 0.0109308795032 0.0196266902509 -0.00145514054772 0.0147198932302 
0.0120700372492 0.0019997671086 -0.000556943283225 -0.0025616233261 0.794662980659 0.0229554969955 0.00537671453189 0.0363382356057 0.0143746343703 0.0216923154153 0.00101972903233 0.0123966228033 -0.0131228966323 0.0238765416874 0.00901313932586 -0.00442272112753 -0.00752586181125 -0.0113723278501 0.0614595590613 -0.00132758418118 0.0185539749134 0.000949653705804 0.0208758707375 0.0184941328484 0.00537616024809 0.0103701628661 0.0123762307163 0.0103786153392 0.00246528789917 -0.00346636319723 0.00632496029496 0.0110397718477 0.0197617436017 0.0120127335903 -0.0136975027124 0.00816536322028 0.00348172346222 0.0234825596357 0.0140106566969 0.0148223993006 0.01456036718 0.0301831537097 0.0275182756717 0.0151511294955 0.0303471734861 -0.0045933581063 -0.000132485611309 -0.00118386599258 0.0138420144757 0.0124180511101 -0.00882796719311 -0.0225122159752 0.0116615356331 0.00881891005457 0.0237543563578 0.00961611489808 0.014847444102 0.00672952207157 0.0129224446159 0.0147391149536 
0.00318375530004 0.0137418125414 0.00272264177978 0.0226734426343 0.0229554969955 0.264567388152 0.00845303621959 0.0208497109759 0.0169252150966 0.00601851568862 0.00782133296341 0.012944030136 0.00362788395473 0.0181810689087 0.011489147954 -0.000228073619597 0.00995011978722 0.0144648733514 0.0268009834604 0.0422336422646 0.0145187529082 -0.00556382125149 0.00527301248342 -0.00028971527525 0.0134579586739 0.0587886229269 -0.00295996544273 0.015228304972 0.00677799589258 0.0029424681883 -0.000443934141548 0.0052316617973 0.0188033193717 0.0243526113945 0.0291345403777 0.00285164839265 0.0189273147848 -0.000454463337423 0.0152868048838 0.00457248100195 0.000643450158856 0.0070745441063 0.00167279460522 0.00686562179105 -0.00326309293044 0.00293145019543 0.0112518357292 0.00901909593176 0.0060794087642 -0.000925182888279 0.0292831627648 0.0102227056838 -0.00205711431125 -0.00176024752422 0.00672578512596 0.00953096903804 0.00493883081214 0.0077938404806 0.0144183524621 0.000513144144333 
0.000685076258267 0.0123849875356 0.0203471033291 0.020698147657 0.00537671453189 0.00845303621959 0.135868868275 0.00407596655279 0.0149883069741 0.00864196880462 0.0118289626878 0.0228361433144 -0.00242325240597 0.0099926968819 0.0126343033766 0.00626076560505 0.0105328360555 0.0166454581088 0.0166867305815 0.0214380426778 0.013700038378 0.00799534414755 0.0141046652513 0.0196226709686 0.0136481102268 0.0150854752255 0.00508747388143 0.00471390906668 0.00677405847757 0.00347276893479 0.0249516017392 0.0180128728358 0.0227303369057 0.0175762322534 0.0100284574938 0.00041533498215 0.0224259944916 0.00413665581292 0.0207089896264 0.00490462131144 0.00724933907224 -0.00405483785676 0.0034489477651 0.0051271014278 0.00682190316576 0.00754507773398 0.0213429617164 0.015512962156 0.0127731813535 0.00713423083949 0.00703360340656 0.00720113611188 0.0179757581577 0.00324176101095 0.0172672719343 0.0180219790264 0.0060691442884 0.0198750055282 0.0104948741038 0.010432554556 
0.0156163764996 0.019869414367 0.0165374254137 0.00732955349796 0.0363382356057 0.0208497109759 0.00407596655279 0.33805084806 0.00996221129587 0.0407566101633 -0.000676620347321 0.0238530889681 -0.0130852436438 0.00476701429634 -0.00372870410304 0.00714314821718 0.117110024132 0.0533648238969 0.00714077037116 0.0260561075976 0.00146885085138 0.00738707258303 0.00041062917476 0.017657223442 0.00741746950702 -0.00386405237811 0.00770798378392 0.0225215933108 0.00389634467124 0.00398749686965 0.0034259932977 0.0165872984351 0.0338359607015 0.050951489047 0.0480206166014 0.00485870048697 0.0452069623969 0.00910123799803 0.0104136468275 0.00992703741024 -0.00544776898849 -0.00171514670171 0.0243865499995 0.0175614828891 0.0141730538936 0.00103699263478 0.0119641524147 0.0112987378799 0.000471005531926 0.0129027587906 -0.000303369388824 -0.00506245511193 0.00177202405819 0.0283061866881 0.000461942855238 0.0102530946733 0.00784172400327 0.0109672064605 0.00985208246001 0.00621629474795 
0.00350933081786 0.066376096754 0.0344386247793 0.0058530571284 0.0143746343703 0.0169252150966 0.0149883069741 0.00996221129587 0.473453883769 0.00646709735369 0.016847164475 0.0269066909852 0.00422932684761 -0.00426747135395 0.0613180083382 0.0267411919951 0.0246771153796 0.00256470075234 0.0305002368509 0.0189223260653 0.028086932796 0.013042227166 0.0262714278832 0.016348489008 0.0169872783443 0.00857857239117 0.0243281366833 0.0202602312399 0.0587283928495 0.00635628422917 0.0286141270271 0.0150844287299 0.0210053511695 -0.0031373326893 -0.00107400957223 0.0226823531198 0.00102292670383 0.01160367633 0.0625922544685 0.0319187525908 0.00534910694186 0.0122217198782 0.0334987632375 0.0347408693491 0.0189814410446 0.03580186601 0.000383466220176 0.03948850736 0.0173144077475 0.0433562685646 0.0399211254463 0.00890446088548 0.0180749886428 0.0240693409007 0.0394906741491 0.0141156314818 0.00612482173819 0.0116416966457 0.0102144872677 0.0147088307006 
0.0197131875909 0.0199093124549 0.0102328983078 -0.00140379939973 0.0216923154153 0.00601851568862 0.00864196880462 0.0407566101633 0.00646709735369 0.18474493192 0.0191848219371 0.0180970966709 -0.00265998728452 0.00241017512687 0.0173193354614 0.00918807727969 0.0244515257245 0.0315351871072 0.00819616108561 0.0337166556973 0.00656072798019 0.00479247927311 0.0133931790658 0.00933872396403 0.0113321068486 0.0180957603327 0.0017695040241 0.0208498177814 0.0153628075049 0.00679283494074 0.00412159689247 0.0271349865591 0.0326382211918 0.0402185251177 0.0226823815837 0.0171802730483 0.032572157382 0.00630533909392 0.00207692737576 0.00295024712381 0.006587090306 0.0125955164708 0.0200789645774 0.013386109178 0.0157335312931 0.00136007211151 0.0246124143902 0.00456062579372 0.00844441504881 0.00669145826932 0.0281555803235 0.0172358811604 0.0164356364675 0.0317424235714 0.00762438479995 0.0141408677167 0.00908555643987 0.0108198634704 0.0112459615226 0.00761487443139 
-0.00695400118998 0.0249070758345 0.0212717461061 0.0170231468371 0.00101972903233 0.00782133296341 0.0118289626878 -0.00067662034732 0.016847164475 0.0191848219371 0.19937003697 0.0230397902549 -0.00775949658325 0.0145247561359 0.0133802779307 0.0338196425823 0.0160514453285 0.0143779019327 0.00930698767788 0.0249181760575 0.00459186141794 0.0128412308817 0.010393761743 -0.00461894492071 0.0131360504548 0.00523419392728 0.00412839745654 0.000580461963841 0.0142544306072 0.00229393035693 0.0185193585483 0.0171074204675 0.00111332777752 0.00891083974334 0.0162421837884 0.0051228805592 0.0182816352894 0.0100620275289 0.00393542880662 0.00210869166154 0.0106697822738 0.0108762699864 0.017660987875 0.0180272263737 0.025333452221 0.0247970538 -0.0169147716724 0.0082002419963 0.0211304276611 0.0061928782664 0.0120620316546 0.0367359552159 0.00768029213482 0.012667123683 0.0261178977657 0.0159765054691 0.00659239572555 0.00683811545994 0.00428403143314 0.00754046333146 
0.0123344262292 0.0403643767692 0.0345006401767 0.00482979656679 0.0123966228033 0.012944030136 0.0228361433144 0.0238530889681 0.0269066909852 0.0180970966709 0.0230397902549 0.229017844924 0.0101178673109 0.0170885407665 0.0158030995333 0.0326399029186 0.0168704165693 0.00825553604684 0.0191242655485 0.0317098781316 0.0312288999401 0.0242842849128 0.0225149985965 0.00202248856774 0.0400484641697 0.0172108103461 0.0048548457595 0.0135555591565 0.0363037465186 0.00526524937986 0.00737097688998 0.0251437989808 0.0364063398864 0.0245023093528 0.0149417992244 0.0138838274996 0.0104882697245 0.00469374976042 0.016105506343 0.0457426039886 0.0270372425347 0.0208323610609 0.0461627506536 0.0217657742249 0.0135137283614 0.0320287403122 0.0175222808802 0.00418010578911 0.0345711563205 0.0142140696385 0.0257129834985 0.0303802848396 0.0151283828326 0.0198744073399 0.0239689642097 0.0125963775552 0.00746597553897 0.0210119217606 0.00668940829076 0.00853416539858 
-0.0115292375618 0.0214814529884 -0.00901425800537 0.0059339377028 -0.0131228966323 0.00362788395473 -0.00242325240597 -0.0130852436438 0.00422932684761 -0.00265998728452 -0.00775949658325 0.0101178673109 0.830968899277 -0.00104802240934 0.0149042539613 0.035953166154 0.00781302571521 -0.00540065838276 -0.0100119017478 0.0197928719331 -5.13729324873e-05 0.00815149274281 0.0152153910528 -0.00391112379291 0.044741457241 -0.0127072771433 0.00806783631338 -0.0190403753257 0.115547765413 0.019490432066 0.00148224281797 0.00472183664309 -0.00516967412933 -0.0145269037955 0.0214768816057 0.0159873922378 -0.00937444131397 0.00127647312657 0.000485474098931 -0.0100676551446 -0.00417990632225 0.00349435793984 0.0400457682505 0.0117110343158 0.0204465398895 0.0264697712492 0.0319483985036 0.00250230961794 0.0310295163002 -0.00851193918858 0.0166127778854 0.0203864626486 0.0117911587295 -0.0103998883014 0.00174239203972 -0.00752578282177 -0.00563197658548 0.0596714516087 -0.00807410764144 0.000940223082297 
-0.00180526219565 0.00943369700834 0.00222690318849 0.0137203353795 0.0238765416874 0.0181810689087 0.0099926968819 0.00476701429634 -0.00426747135395 0.00241017512687 0.0145247561359 0.0170885407665 -0.00104802240934 0.214622964921 -0.00534683856621 0.0170997060616 -0.00577542392472 0.00699242616247 0.00211943487359 0.0309781596652 0.0181533238124 -0.000386474034134 0.0181563398616 -0.00788930412204 0.0266826848891 0.00930222975428 0.0253419857157 0.00763034424029 0.00459413575343 0.00218579214929 0.0158852520037 0.0102474108945 0.00600376234338 0.00920151475284 0.0114539148411 0.0131613841377 0.0200247154455 0.0039026406122 0.010982365628 0.0140129002898 0.0176503109948 0.007433595238 0.000719703306925 0.0130374446588 -0.000315950718801 0.0110980736063 -0.00505260656518 0.0243021552389 0.0133577804648 0.00507370650134 0.0116533154014 0.0184271005975 0.00556775969724 0.0137320764561 0.0233653130589 0.0123693641055 0.00608287703317 0.00965793865742 0.0100610273341 -0.000899838268219 
-0.0139164089812 0.0868434887383 0.0319337502915 0.024536245334 0.00901313932586 0.011489147954 0.0126343033766 -0.00372870410304 0.0613180083382 0.0173193354614 0.0133802779307 0.0158030995333 0.0149042539613 -0.00534683856621 0.612873499119 0.00978526736109 0.0396461104728 -4.88104593006e-05 0.0452332503345 0.0745835184902 0.0121904120134 0.0202436999662 0.0286340577326 0.0220009446862 0.0203067978137 0.00114280287172 -0.00470447766085 0.0205077455008 0.041148239676 0.0460896019091 0.0313734421397 0.0156777449049 0.0378909630856 0.00607391199547 0.0339946457588 0.0409480377902 0.000163061999619 0.014529899924 0.0525585150903 0.0317690352663 0.0242678381193 0.0356606855907 0.0227641057456 0.062297141118 0.0098815205806 0.028459589425 -0.00365281949249 0.0426817648101 0.0454035251049 0.0658620695731 0.0462159626079 0.0264269922501 0.0171581618745 0.0351167033646 0.0202648489704 0.00875270254988 0.0115180492401 0.0211956599425 -0.000413339650345 0.0283114144912 
0.0182396452102 0.031792221056 0.0391457633715 0.0192383620791 -0.00442272112753 -0.000228073619597 0.00626076560505 0.00714314821718 0.0267411919951 0.00918807727969 0.0338196425823 0.0326399029186 0.035953166154 0.0170997060616 0.00978526736109 0.433655321177 0.0130727439611 0.009810212756 0.0812365329426 0.0413908856425 -0.000451196155696 0.0121337504036 0.0241760533875 0.0214649911873 0.0230826549254 -0.000497332714789 -0.00108033255224 -0.00465738204028 0.0149278342857 0.0120808726753 0.00153491747075 0.0211614353331 0.028608820084 -0.00447118012227 -0.00481170177053 0.0200188407855 0.0044146769087 -0.0101815640087 0.0495964203546 0.0306108560901 0.00524394102472 0.00220664534221 0.0221107496921 0.051980056863 0.0264528024032 0.0343601710483 -0.000281899771501 0.0264786670151 0.0159298765231 0.0411843827831 0.00829979720246 0.0328507744207 0.0233085496879 0.0107732046168 0.0394807362108 0.0167915383449 0.00214790152785 0.0350488056006 0.0131540773695 0.0334975717029 
0.0201470558448 0.0281686465003 -0.00218872450135 0.0129597706785 -0.00752586181125 0.00995011978722 0.0105328360555 0.117110024132 0.0246771153796 0.0244515257245 0.0160514453285 0.0168704165693 0.00781302571521 -0.00577542392472 0.0396461104728 0.0130727439611 0.819889659795 -0.000993963845472 0.0117658905722 0.0063389507189 0.0110567294304 0.0253885393486 0.0288771560427 -0.00325015835712 0.000129340790318 -0.013608932982 0.0288836752003 -0.000260426078379 0.00104499085814 0.0220047066813 0.0371707346526 0.00359996297388 0.00982818596398 0.0195708028499 0.0484189635447 0.0143861315237 0.0219891616582 0.00279555797475 0.0117984957732 0.0187345632042 0.0202476451175 0.0114090576364 0.00403652204339 0.0147361227373 0.0132643536434 0.0174832519837 0.0136008822173 0.00482282544776 -0.00507998736634 0.0197742947311 0.00177053485003 0.0174051163799 0.0109141900468 0.0143071281785 0.0131740721882 0.0244020724958 0.0249690230354 0.0201763389503 0.0171573872268 0.000964277190225 
0.0226946624152 0.00553216534876 0.027788371507 0.00402806954745 -0.0113723278501 0.0144648733514 0.0166454581087 0.0533648238969 0.00256470075234 0.0315351871072 0.0143779019327 0.00825553604684 -0.00540065838276 0.00699242616247 -4.88104593008e-05 0.009810212756 -0.000993963845472 0.178301914711 0.0127316383062 0.0188783723019 0.0089818619307 0.00568106414372 0.000135315711071 0.00826287599469 0.00295544228981 0.0187148524087 0.00050723420631 0.0318775036987 0.0114882389032 -0.000461817799436 0.00981843563253 0.0246388072374 0.0308632483689 0.0359837653647 0.0228179620143 -0.00705442247509 0.059983458187 0.00317779818608 0.0198434908836 0.00978987816995 0.0150207192418 -0.00472240419308 0.0163813885844 0.011413422013 0.0127452294826 0.0200586974557 0.00509577851098 0.0160795551458 0.00857211858744 0.0042684623197 0.00481559786824 0.0315045166079 0.0139504249107 0.0132318158723 0.00454172523441 0.0128577305254 0.00426850975272 0.00916821687459 0.00337484821201 0.00933094941648 
0.00156928172288 0.0249361895385 0.0159324243857 0.0227867401829 0.0614595590613 0.0268009834604 0.0166867305815 0.00714077037116 0.0305002368509 0.00819616108561 0.00930698767788 0.0191242655485 -0.0100119017478 0.00211943487359 0.0452332503345 0.0812365329426 0.0117658905722 0.0127316383062 0.277482846613 0.0459818707891 0.0123614581388 0.00506388689598 0.018989172163 0.0322441229088 0.040556378368 0.00746711967442 0.00491755820182 0.0224013974742 0.018999747837 0.0242194548626 0.0194812635651 0.0223559578391 0.0241277133626 0.0250480408736 0.00257933988806 0.00717980818741 0.0272757394224 0.00481968991703 0.02279870311 0.0144940984903 0.00655324392998 0.0227076049129 0.0479402296243 0.0518862875078 0.033415605005 0.0296210328121 0.00888393107311 0.033013050401 0.0330226295833 0.0225623301432 0.00165161905069 0.0388455679238 0.025484489385 0.0288123534404 0.0328100220837 0.013433516626 0.0196082282807 0.0345625160933 -0.00251711170204 0.026740785251 
-0.0117300768465 0.110035592396 0.0329877132049 0.0178115809427 -0.00132758418118 0.0422336422646 0.0214380426778 0.0260561075976 0.0189223260653 0.0337166556973 0.0249181760575 0.0317098781316 0.0197928719331 0.0309781596652 0.0745835184902 0.0413908856425 0.0063389507189 0.0188783723019 0.0459818707891 0.444743631724 0.0139993650325 0.0206868442929 0.0281750237282 0.024991519055 0.0596646889462 0.0183626275402 0.00401191520713 0.0117996660034 0.017542551286 0.0140070920045 0.0429504549259 0.029392364163 0.047654405477 0.0137483597764 0.0365795663772 0.0293959975986 0.0189557634853 0.0102230243309 0.0618697165418 0.0382238745187 0.0259525211471 0.0315564897211 0.0628721858945 0.037339195397 0.0143438703102 0.0237099886372 0.0134265635533 0.0719829596245 0.0486967749653 0.0158778828209 0.093966325021 0.0423477180435 0.0331907404698 0.0316425139669 0.0415845393072 0.0145139452201 0.00804904733645 0.0534232521938 0.00120769963957 0.0160651129532 
-0.0104247445006 0.0101445099346 0.0128329161844 0.0130452278622 0.0185539749134 0.0145187529082 0.013700038378 0.00146885085138 0.028086932796 0.00656072798019 0.00459186141794 0.0312288999401 -5.13729324875e-05 0.0181533238124 0.0121904120134 -0.000451196155696 0.0110567294304 0.0089818619307 0.0123614581388 0.0139993650325 0.28732205258 0.0110120565805 0.0275561492178 0.0171492335077 0.0195581867733 0.0073970437127 -0.00323993571256 0.016857272486 0.0127263183826 0.00488879112234 0.0218835273785 0.0226851395252 0.024240531898 0.00329317787393 0.00275947836199 0.0187011223446 0.000862145051479 -0.00144119496204 0.0197794923147 0.00255212426176 0.0209506031795 0.000698490309599 0.00288148275293 0.0256986606378 0.0087117696366 0.00694154067439 -0.00793650340819 -0.00687299673596 0.000671593328348 0.0255837050797 0.0107805021009 0.000272242062255 -0.00253832314074 0.0106462585931 0.0212237064874 0.0288435657678 0.0148719015661 0.001287525239 0.00787670145341 0.0058724826399 
0.00878933100605 0.014021010504 0.00364654644816 0.00859714014128 0.000949653705804 -0.00556382125149 0.00799534414755 0.00738707258303 0.013042227166 0.00479247927312 0.0128412308817 0.0242842849128 0.00815149274281 -0.000386474034136 0.0202436999662 0.0121337504036 0.0253885393486 0.00568106414372 0.00506388689598 0.0206868442929 0.0110120565805 0.247018860258 0.00501113777214 0.0134693233522 0.0147352677796 0.00106381193744 0.0141117455367 0.00153710917063 0.0107925444647 0.0291340963414 0.0289168792349 0.00745448995786 0.0135971963996 0.0114563447484 0.00130836526625 0.0125506252616 -0.0027726338764 -0.000467371070487 0.00168874522235 0.0142540985428 0.000832068899484 0.0157724550226 0.0188936553372 0.0213352840476 -0.0125435601049 -0.00334485216242 0.00443721611279 0.00470674954477 0.0121747768313 0.0127633834608 0.0047784847668 0.0196583664837 0.00389021080257 0.011062857264 0.0178481951039 0.0107315458316 0.000592277260939 0.0275158660081 0.0127061247763 -0.00474724353601 
0.00524349214169 0.0240360427749 0.0121137445314 0.0112375089764 0.0208758707375 0.00527301248342 0.0141046652513 0.00041062917476 0.0262714278832 0.0133931790658 0.010393761743 0.0225149985965 0.0152153910528 0.0181563398616 0.0286340577326 0.0241760533875 0.0288771560427 0.000135315711072 0.018989172163 0.0281750237282 0.0275561492178 0.00501113777214 0.333826273678 -0.00807880058403 0.000157647335532 0.00232834186502 0.002287937418 0.00324745216124 0.00756984856886 0.0186828579547 0.0279187046107 -0.00162840498947 0.0185224600917 0.00216230839676 -0.00563421640468 0.0153773220527 0.000298216141521 -0.00257557475389 0.0225891511479 0.0196524561884 0.0127218282861 0.00807300505533 0.0193715332304 0.0150348076268 0.0125536541556 0.0133302185311 -0.00295858395242 0.0173970565701 0.00724525930537 0.0297504453691 0.0140729636614 0.0036748085335 0.010921068301 0.0346154833132 0.0258466355092 -0.00960673852431 0.00161170963856 0.0377537088965 0.00688279426302 -0.00271675024979 
-0.00265502600137 0.0262814303924 0.0164137451765 0.00803631135815 0.0184941328484 -0.00028971527525 0.0196226709686 0.017657223442 0.016348489008 0.00933872396403 -0.00461894492071 0.00202248856774 -0.00391112379291 -0.00788930412204 0.0220009446862 0.0214649911873 -0.00325015835712 0.00826287599469 0.0322441229088 0.024991519055 0.0171492335077 0.0134693233522 -0.00807880058403 0.461984604015 0.00961702690054 -0.0100771533484 0.00869263083669 0.00374680841114 -0.026608725612 0.0156393528863 0.00109957516062 0.00928629907218 0.0382054065111 0.0165152378798 0.0256927911665 0.0031983526249 0.0129903775146 -0.0078639055693 0.0277136380524 0.00354706958184 0.00682139448783 0.00222388680278 -0.00961676901645 0.047548217131 0.0091705791313 0.0227424220327 0.0111985849852 0.0241139648885 0.000582068198039 0.013096851616 0.000287371602643 0.0151194572119 0.0126714206969 0.00715053065657 -0.00112930713231 0.0136342471234 0.0126597942322 0.0109938040774 -0.00012457682702 0.0111839383561 
0.0127125260929 0.0634035409569 0.03293577364 0.014834867816 0.00537616024809 0.0134579586739 0.0136481102268 0.00741746950701 0.0169872783443 0.0113321068486 0.0131360504548 0.0400484641697 0.044741457241 0.0266826848891 0.0203067978137 0.0230826549254 0.000129340790318 0.00295544228981 0.040556378368 0.0596646889462 0.0195581867733 0.0147352677796 0.000157647335532 0.00961702690054 0.304525669242 0.0438187256496 0.00424316121664 0.00957191155339 0.0185554982807 -2.26756566612e-05 0.0108713561548 0.00881476113912 0.0103852208861 0.0134734931252 0.00432564278997 0.00446821522002 -0.00147830773234 0.000507326614888 0.025652451003 0.00613557767607 0.00653469267672 -0.00611084691239 0.0506411691923 0.0429673913975 0.0141881544938 0.00491654929064 -0.00692510341781 0.0387411190939 0.0248227509711 0.022736737236 0.0267675873164 0.0408059600682 0.0225156815437 0.0115121962683 0.0232261732642 0.00749665429216 0.00161901571898 0.0305340659091 0.00845426964863 0.0103506528574 
0.016882772348 -0.000331379271697 0.0138460145672 0.016787892678 0.0103701628661 0.0587886229269 0.0150854752255 -0.00386405237811 0.00857857239117 0.0180957603327 0.00523419392728 0.0172108103461 -0.0127072771433 0.00930222975428 0.00114280287172 -0.000497332714789 -0.013608932982 0.0187148524087 0.00746711967442 0.0183626275402 0.0073970437127 0.00106381193744 0.00232834186502 -0.0100771533484 0.0438187256496 0.217186129451 5.34640448999e-05 0.00191427752327 0.018053410085 0.000573714776381 0.000937205824477 0.0104184060271 0.00706827191274 0.0209592021098 0.0107976673886 0.00646554167681 0.02259404186 0.00481889918757 -0.00504789262635 0.0030867828776 0.0468484713442 -0.000368629327745 -0.0036800312814 0.00456458783218 0.011834956959 -0.00398082911874 -0.0143883578401 0.00367358594428 -0.00440154921815 0.0239686529721 0.00586388599974 0.000720167264962 0.0127838178959 -0.00499300098958 0.00830778196874 0.0190618397838 0.012505821271 0.0148085553547 0.019125458598 0.00403482521782 
-0.00591111256855 -0.00772848445449 0.00682447349439 0.0151906145897 0.0123762307163 -0.00295996544273 0.00508747388143 0.00770798378392 0.0243281366833 0.00176950402411 0.00412839745654 0.0048548457595 0.00806783631338 0.0253419857157 -0.00470447766085 -0.00108033255224 0.0288836752003 0.00050723420631 0.00491755820182 0.00401191520713 -0.00323993571256 0.0141117455367 0.002287937418 0.00869263083669 0.00424316121664 5.34640449001e-05 0.530074601952 -0.0178158358468 0.00208671148214 0.0187010658178 0.0178485059408 -0.000519969858746 0.00356931845264 -0.00335247429626 -0.00840400109214 0.0137665246709 0.00353694135687 -0.0037683901829 0.0172792624668 0.0259470557146 -0.00517763622642 0.0179244447176 0.00185302344438 -0.0095078056726 0.0111531222289 0.000155023828526 -0.000306857058781 -0.00470394277654 0.0137946509895 0.026783644664 0.0278577138487 0.00773741915494 0.00658812162413 -0.00963834276816 0.0412457661305 0.00522769840607 -0.00142220872087 0.0291490593006 0.0154194025435 0.00720497709241 
0.0233659424537 0.0112693900298 0.0175059583458 -0.00252678437114 0.0103786153392 0.015228304972 0.00471390906668 0.0225215933108 0.0202602312399 0.0208498177814 0.00058046196384 0.0135555591565 -0.0190403753257 0.00763034424029 0.0205077455008 -0.00465738204028 -0.000260426078379 0.0318775036987 0.0224013974742 0.0117996660034 0.016857272486 0.00153710917063 0.00324745216123 0.00374680841114 0.00957191155339 0.00191427752327 -0.0178158358468 0.225901907932 0.00161735786631 0.00518474360135 3.52226342257e-05 0.0118508439906 0.102625444732 0.0212925677122 0.00867124869777 0.000505308938345 0.0415480919873 0.00738592359499 0.0124128821408 -0.00498949205823 0.00502317836712 0.0150841570353 -0.00278038372875 0.014752914061 0.00812967061658 -0.0053241945963 0.016155301081 0.0199898000761 0.0046215241942 0.0356813197672 0.011015899988 0.0273214867249 0.0092192056172 0.0972776146889 0.00143553619692 0.0167120158359 0.0113304143009 0.0150678599673 0.00190015903887 -0.0029332098973 
-0.00149480419163 0.00620964739121 0.0465410840862 0.012489252888 0.00246528789917 0.00677799589258 0.00677405847757 0.00389634467124 0.0587283928495 0.0153628075049 0.0142544306072 0.0363037465186 0.115547765413 0.00459413575343 0.041148239676 0.0149278342857 0.00104499085814 0.0114882389032 0.018999747837 0.017542551286 0.0127263183826 0.0107925444647 0.00756984856886 -0.026608725612 0.0185554982807 0.018053410085 0.00208671148214 0.00161735786631 0.848285422358 0.0193276305437 0.0232658931118 0.0149950284523 -0.000700573471179 -0.00244290847408 0.0265999439794 0.0326152537039 0.0128573254306 0.0090372226732 0.0155544848524 0.00270098041715 -0.0141410346278 0.0204478235237 0.0729518328178 0.0146729457032 0.0510629103592 -0.0203755111832 0.0240963464946 0.0268863718948 0.0118066537876 0.0193309489861 0.0117661813282 0.013854909907 0.0107218614501 -0.00829319867393 0.00766546037156 0.0091604611296 0.012018864482 -0.0104954744663 0.00207961048178 -0.0069953046285 
-0.00743000393765 0.0250043224018 0.0196485069124 0.0300049939527 -0.00346636319723 0.0029424681883 0.00347276893479 0.00398749686965 0.00635628422917 0.00679283494074 0.00229393035694 0.00526524937986 0.019490432066 0.00218579214929 0.0460896019091 0.0120808726753 0.0220047066813 -0.000461817799436 0.0242194548626 0.0140070920045 0.00488879112234 0.0291340963414 0.0186828579547 0.0156393528863 -2.26756566611e-05 0.000573714776381 0.0187010658178 0.00518474360135 0.0193276305437 0.345277123651 0.0534104886649 0.0131934622496 -0.0137705833032 -0.00103038361276 0.0155530875289 0.0181747392978 0.00515280528601 -0.00177131962227 0.000895584297178 0.00905168181681 0.0194851638935 0.00693129243736 0.0241615976727 0.016552271783 0.0157217532299 0.0274894070358 -0.00907934819841 0.0160272801508 0.0178446681334 -0.00419380724956 0.0344265581122 0.0207116083399 0.0173555613583 -0.00320701814285 0.0226469574956 0.0142141023239 0.0150709829393 0.0450842192939 -0.00508976066472 0.0281827197427 
0.00806776435774 0.0428818846869 0.0332982128632 0.0409061638708 0.00632496029496 -0.000443934141547 0.0249516017392 0.0034259932977 0.0286141270271 0.00412159689247 0.0185193585483 0.00737097688998 0.00148224281797 0.0158852520037 0.0313734421397 0.00153491747075 0.0371707346526 0.00981843563253 0.0194812635651 0.0429504549259 0.0218835273785 0.0289168792349 0.0279187046107 0.00109957516062 0.0108713561548 0.000937205824477 0.0178485059408 3.52226342256e-05 0.0232658931118 0.0534104886649 0.39109846835 0.0176823297796 0.0162511831681 0.0028038028636 0.0121863966713 0.0411083195193 0.0180093395997 0.0108852809094 0.0339862223439 0.0148014949906 0.0111487575951 0.0234761630246 0.0389206344299 0.0330038049686 0.0271620753592 0.00533837226838 0.0154692129528 0.0410972070102 0.026588802832 0.0217307967425 0.0592256551165 0.0216084034849 0.00999215227384 0.0165380105631 0.0531001040395 0.0261921566765 0.00673451764069 0.0254418583757 0.0132038906524 0.0185073694709 
0.00843078733819 0.00889255578599 0.0547203078779 0.00921727980321 0.0110397718477 0.0052316617973 0.0180128728358 0.0165872984351 0.0150844287299 0.0271349865591 0.0171074204675 0.0251437989808 0.00472183664309 0.0102474108945 0.0156777449049 0.0211614353331 0.00359996297388 0.0246388072374 0.0223559578391 0.029392364163 0.0226851395252 0.00745448995786 -0.00162840498947 0.00928629907218 0.00881476113912 0.0104184060271 -0.000519969858746 0.0118508439906 0.0149950284523 0.0131934622496 0.0176823297796 0.16083370155 0.0196032750707 0.0245978490789 0.0224622302849 0.011485305579 0.028503619955 0.00895522256017 0.0136798566076 0.0225753813154 0.00995902421566 0.0115989768479 0.0310289205331 0.0360730043872 0.0173770474448 0.00342864421647 -0.00058339218062 0.0117967970623 0.0101703091626 0.0204235809601 0.0197928815586 0.0286003431726 0.0161148063641 0.00821744585162 0.0226522826093 0.0245969923042 0.0223199936576 0.00761998796769 0.00875331805868 0.0324481677027 
0.0312139254539 0.0496630732324 0.0252420161272 0.00550241105535 0.0197617436017 0.0188033193717 0.0227303369057 0.0338359607015 0.0210053511695 0.0326382211918 0.00111332777752 0.0364063398864 -0.00516967412933 0.00600376234338 0.0378909630856 0.028608820084 0.00982818596398 0.0308632483689 0.0241277133626 0.047654405477 0.024240531898 0.0135971963996 0.0185224600917 0.0382054065111 0.0103852208861 0.00706827191274 0.00356931845264 0.102625444732 -0.00070057347118 -0.0137705833032 0.0162511831681 0.0196032750707 0.525247593475 0.0358262082691 0.0256151478524 0.0021363242249 0.0540266807506 0.00605064991224 -0.00126107484952 0.0132019603651 -0.0116847206119 0.0325861815961 -0.00023953107431 0.0348889165075 0.0244773573136 0.0316771049368 0.0262678666674 0.0238428630301 0.0119528279741 0.0638338350982 0.0271027936758 0.0224233958309 0.0133774405264 0.205292525126 -0.00508008171829 0.00804426059472 0.0120423086959 0.0285909088455 0.0107089808441 -0.0165392167615 
0.0133658135098 0.0129065951885 0.02264172513 0.007748719477 0.0120127335903 0.0243526113945 0.0175762322534 0.050951489047 -0.0031373326893 0.0402185251177 0.00891083974334 0.0245023093528 -0.0145269037955 0.00920151475284 0.00607391199547 -0.00447118012227 0.0195708028499 0.0359837653647 0.0250480408736 0.0137483597764 0.00329317787393 0.0114563447484 0.00216230839676 0.0165152378798 0.0134734931252 0.0209592021098 -0.00335247429626 0.0212925677122 -0.00244290847408 -0.00103038361276 0.0028038028636 0.0245978490789 0.0358262082691 0.224289560623 0.0197528114764 0.00934717281435 0.0573079463269 0.0204744179609 0.000105038735786 0.0070828759619 0.0092079166961 0.00171502001953 0.0131209391397 0.0389634249521 0.00827562536372 0.0111753569191 -0.00773776476259 -0.00311430498261 0.00728062759467 0.0135267979965 0.0045258199289 0.0186169683116 0.00822877889169 0.0170139096362 0.00380489718216 0.0114805739674 0.0197191476962 0.017311429209 0.0159928644812 0.00839430243207 
-0.00366699712618 0.00877910135595 0.019504654988 0.0219308866212 -0.0136975027124 0.0291345403777 0.0100284574938 0.0480206166014 -0.00107400957223 0.0226823815837 0.0162421837884 0.0149417992245 0.0214768816057 0.0114539148411 0.0339946457588 -0.00481170177053 0.0484189635447 0.0228179620143 0.00257933988806 0.0365795663772 0.00275947836199 0.00130836526624 -0.00563421640468 0.0256927911665 0.00432564278997 0.0107976673886 -0.00840400109214 0.00867124869777 0.0265999439794 0.0155530875289 0.0121863966713 0.0224622302849 0.0256151478524 0.0197528114764 0.253800072158 0.0128512706357 0.0151986442386 0.0126889231834 0.00209959198121 0.00746277858871 0.0145048877331 0.0156513942762 0.0259831073819 0.0224759269861 0.012098413788 -0.00732496480827 -0.00619845063977 0.0177829855124 0.0152375531388 0.00666223126641 0.00906300871201 0.0181274120484 0.00204985934327 0.00637902367187 0.0165171080226 0.0172436784308 0.016075885875 0.00200370516453 0.00366581147483 0.00550287502312 
0.00473239305818 0.0286473781426 0.0139183175102 0.0109754949806 0.00816536322028 0.00285164839265 0.00041533498215 0.00485870048697 0.0226823531198 0.0171802730483 0.0051228805592 0.0138838274996 0.0159873922378 0.0131613841377 0.0409480377902 0.0200188407855 0.0143861315237 -0.00705442247509 0.00717980818741 0.0293959975986 0.0187011223446 0.0125506252616 0.0153773220527 0.0031983526249 0.00446821522002 0.00646554167681 0.0137665246709 0.000505308938344 0.0326152537039 0.0181747392978 0.0411083195193 0.011485305579 0.0021363242249 0.00934717281435 0.0128512706357 0.229547996705 0.0035123228482 0.0157658312398 -0.00162571444762 0.0211424362191 0.0178644664905 0.00674134219167 0.0162932832771 0.0251558870684 0.0136086553129 0.01308716596 0.000469340757285 0.0301792527831 0.0188693209498 0.0152614601181 0.0076740562653 0.0102026710788 0.00757409898277 0.00420773578785 0.0145126701355 0.00721404613835 0.0200601100669 0.0188216693881 0.00486068680886 0.0155039668274 
0.00284821834329 0.0189176149522 0.0442840420301 0.00125309538174 0.00348172346222 0.0189273147848 0.0224259944916 0.0452069623969 0.00102292670383 0.032572157382 0.0182816352894 0.0104882697245 -0.00937444131397 0.0200247154455 0.000163061999619 0.0044146769087 0.0219891616582 0.059983458187 0.0272757394224 0.0189557634853 0.000862145051479 -0.0027726338764 0.000298216141521 0.0129903775146 -0.00147830773234 0.02259404186 0.00353694135687 0.0415480919873 0.0128573254306 0.00515280528601 0.0180093395997 0.028503619955 0.0540266807506 0.0573079463269 0.0151986442386 0.0035123228482 0.251050945065 0.00450393966157 0.00771510507231 0.0118593817538 0.0105272201566 0.00549337130637 0.0175607937108 0.0238048325617 0.0106433491261 0.0226914540753 0.0285658825336 0.00947763844952 0.0035103946547 -0.00295579763947 0.0172445345784 0.027280471262 0.0111190537889 0.00360027099846 0.00820096356554 0.00862326968461 0.0108208937121 0.0150445095822 0.00711042575531 -0.00429222709939 
-0.000207664084101 0.0114349344415 0.00315738721308 -0.00480819830951 0.0234825596357 -0.000454463337422 0.00413665581292 0.00910123799803 0.01160367633 0.00630533909392 0.0100620275289 0.00469374976042 0.00127647312657 0.0039026406122 0.014529899924 -0.0101815640087 0.00279555797475 0.00317779818608 0.00481968991703 0.0102230243309 -0.00144119496204 -0.000467371070488 -0.00257557475389 -0.0078639055693 0.000507326614889 0.00481889918757 -0.0037683901829 0.00738592359499 0.00903722267321 -0.00177131962227 0.0108852809094 0.00895522256017 0.00605064991224 0.0204744179609 0.0126889231834 0.0157658312398 0.00450393966157 0.204479903832 -0.012449574638 0.00887129920931 0.0150430237418 -0.0012020611785 0.0170744568096 0.000208417837109 0.00697767348878 0.0026518206671 0.00121292133187 0.000391893609217 0.0103128798449 0.0177982267407 -0.00917739150763 0.00198797852775 0.012509000295 -0.00596349906843 0.00711402595262 0.00179917333806 0.0026363011737 -0.00124392119406 0.0200496955313 0.00756261948899 
-0.00448978911997 0.0851756647674 0.0314245907332 0.0150144992904 0.0140106566969 0.0152868048838 0.0207089896264 0.0104136468275 0.0625922544685 0.00207692737576 0.00393542880662 0.016105506343 0.000485474098931 0.010982365628 0.0525585150903 0.0495964203546 0.0117984957732 0.0198434908836 0.02279870311 0.0618697165418 0.0197794923147 0.00168874522235 0.0225891511479 0.0277136380524 0.025652451003 -0.00504789262635 0.0172792624668 0.0124128821408 0.0155544848524 0.000895584297179 0.0339862223439 0.0136798566076 -0.00126107484952 0.000105038735787 0.00209959198121 -0.00162571444762 0.00771510507231 -0.012449574638 0.305345379858 0.0125700990815 -0.00423366073832 -0.00448474603431 0.0168810228939 0.0305548288048 0.0131660887299 0.0234941350208 0.0163279131955 0.0494592804852 0.00871239515594 0.00561633180136 0.0354252844492 0.00646321152778 0.0240896022699 0.00476800906684 0.0209164523686 0.0201755859742 0.0242362139551 0.0259340688855 0.00701873789086 0.0179709788245 
