30
0.0285507317948 0.0991765707177 0.0597094198611 0.0389775871913 0.118814959333 0.0514292405054 0.239728898705 0.542098982398 0.0434942638749 0.0240188564254 0.0184249616408 0.0361599942098 0.0191748751409 0.0576577356707 0.0324915821016 0.0570579479668 0.0179151897049 0.090319564185 0.0352458247454 0.0246636786654 0.044344522835 0.0584548507687 0.0424048973372 0.0357111585815 0.0340091550877 0.0471087328402 0.039859092222 0.251790956204 0.0466468708745 0.050100863095 
0.254468729795 -0.00103690070609 0.0213201762416 0.00207401215264 0.0127756193124 0.0232689691227 0.0355754608414 0.00230602636091 0.0228376485167 0.0197010143945 0.00924530609222 0.0120881144618 0.011399525413 0.0209084260714 0.0191564753489 0.00473493801869 -0.00895270434712 0.00633439838121 0.0162373608082 0.00232036680749 0.00208920116965 0.0219231345927 0.0130942117089 0.0125333584414 0.00852497386494 0.00713025852387 0.0155921544905 -0.000821236375909 0.0123839076495 0.00439727571207 
-0.00103690070609 0.642561154323 0.00210763980011 0.00343625667184 0.033417475216 0.00312508009949 0.024564988178 -0.00184281373466 0.00603784608479 -0.00355178728913 0.0143821596684 -0.00832877668478 -0.00741481624058 0.0016421781829 0.00625076304738 0.0026581060202 -0.0145235950119 0.00927612473499 0.00551463790155 0.00707227517687 0.00939397964253 -0.000231345351108 0.0295293673139 0.00619908033637 -0.0018867228392 0.000529622696401 -0.0083695008179 -0.000131133418536 0.0107386340522 -0.00656545406058 
0.0213201762417 0.00210763980011 0.395885170214 0.00531982703566 0.0255227155982 0.0193206096172 0.0411023514141 0.0678271823855 0.0224159928618 -0.0035226506324 0.0111689946942 -0.00602700723633 0.00544123188254 0.0204648156416 0.0136275948656 0.0190000190315 0.0242593327941 0.0375189677987 0.00807452561454 0.00725469828968 0.0209513869688 0.027763423396 0.0128360795126 0.0291871616508 0.0558322048896 -0.0164802640244 0.00579885578189 -0.0079972346643 4.35984534207e-05 0.00416473982691 
0.00207401215264 0.00343625667184 0.00531982703566 0.246712438319 0.00827442039114 0.0322260328623 0.0140877907556 0.0528907150181 0.0307507623737 0.0349368506461 0.0390684632925 0.0116201138127 0.0479726054874 0.0202700745496 0.00871047250763 0.0129452233334 0.0240656366425 0.000579901303766 0.0262604834549 0.0317678985588 0.0396384532707 0.0115325041623 0.0111103114932 0.0260968764019 0.0362150129957 0.0125223411829 0.0106435523142 -0.00476646426825 0.0112186793211 0.0208401310862 
0.0127756193124 0.033417475216 0.0255227155982 0.00827442039114 0.503107123354 0.0319750182468 0.0946464364539 0.0444560168994 0.030503158297 0.0163114128909 0.0116726965601 0.0194645374766 0.0130258171803 0.0237219319922 0.00920958275999 0.0291013084735 -0.0149124983148 0.0171067222625 0.011910943332 0.0133795724187 0.0460350129718 0.0270388960958 0.0105199763715 0.0251487163747 0.0110414639453 0.00849908095795 0.0199538981301 0.00532127601687 0.0154270905552 0.0324675931239 
0.0232689691228 0.00312508009948 0.0193206096172 0.0322260328623 0.0319750182468 0.209855435115 0.0621849021932 0.0132098302969 0.0288900783479 0.033443147857 0.0331629207612 0.0390442675995 0.0344053562209 0.0226460263313 0.012604786151 0.0235318639251 0.024934357864 0.03532308588 0.0404986882022 0.0277302269563 0.0373410511745 0.0303817897661 0.0102579016938 0.0106396480265 0.0266647502549 0.024517924265 0.0372042290538 0.0181847503477 0.0146013144358 0.0165832808187 
0.0355754608414 0.024564988178 0.0411023514141 0.0140877907556 0.0946464364539 0.0621849021932 0.889821743242 0.0712118746236 0.0700404294885 0.0596814923025 0.0344848624784 0.0266897822965 0.0128245345936 0.0463165577744 0.0354732043105 0.0320327387586 0.00491369100777 0.0576621510578 0.0580803540984 0.00716898041856 0.0587046110229 0.0500569141909 0.028502042847 0.0522060357942 0.0193090838062 0.0189870865982 0.0700436555509 0.104612814798 0.0149027237484 0.0308331902452 
0.00230602636091 -0.00184281373466 0.0678271823855 0.0528907150181 0.0444560168994 0.0132098302969 0.0712118746236 8.19378263636 0.000901823839669 0.00134487511814 0.0285266982331 0.0290619658577 0.00467388907641 0.0538194004895 0.0155462038466 0.0431313466378 0.0146328663367 -0.0148369194667 -0.00241631184994 0.00406496208052 0.036658062947 0.0248260995921 0.0207240325886 0.0212393519486 0.0151920227601 0.072192097616 0.0200307359704 0.0318028407399 0.0242830321393 0.0157147505027 
0.0228376485167 0.00603784608479 0.0224159928618 0.0307507623737 0.030503158297 0.0288900783479 0.0700404294885 0.000901823839669 0.306364652805 0.0409213584664 0.0263405217513 0.0114098726829 0.024626860767 0.0355711963486 0.0263172337303 0.0324854163583 0.00558509290293 0.0327527277075 0.019912458864 0.0125372430236 0.0761198041785 0.0198320542897 0.0117431051876 0.018265603237 0.0269184264463 0.0198734055599 0.0379294747505 0.047508980413 0.0201287502135 0.0575972678492 
0.0197010143945 -0.00355178728912 -0.00352265063241 0.0349368506461 0.0163114128909 0.033443147857 0.0596814923025 0.00134487511814 0.0409213584664 0.193640714635 0.0139210075977 0.00811223742125 0.0120142332246 0.0196551946504 0.0142685420685 0.0319388254286 0.0307263901519 0.0371761151156 0.00788410459604 0.0224133791102 0.0286844622836 0.0227522764329 0.000826437321865 0.03562253323 0.015426861116 0.0085866584393 0.00792472689774 0.0147357243566 0.000764672579852 0.0297282128833 
0.00924530609227 0.0143821596684 0.0111689946942 0.0390684632925 0.0116726965601 0.0331629207609 0.0344848624784 0.0285266982331 0.0263405217513 0.0139210075977 0.1630530436 0.0296457307802 0.0324353704503 0.0309127805644 0.0196832768103 0.0113734371607 0.0158202717899 0.0318237596648 0.0249368752855 0.0300358229999 0.0286258518477 0.0388161350165 0.0177630135612 0.022654561777 0.0515666513742 0.0181796727135 0.0302271613239 0.000441941426389 0.0213689996958 0.030044439021 
0.0120881144618 -0.00832877668478 -0.00602700723633 0.0116201138127 0.0194645374766 0.0390442675995 0.0266897822965 0.0290619658577 0.0114098726829 0.00811223742125 0.0296457307802 0.238257873287 0.0187403567346 0.0220108987771 -0.00224464429649 0.00890736378891 0.0150386431168 0.00892980092566 0.00902539527539 0.0166524852426 0.0211018334108 0.0397815739998 0.00860975888341 -0.00307157705097 0.0201049356059 0.03216527898 0.0157590764322 0.00598196964325 0.0640588613416 0.0247071414538 
0.011399525413 -0.00741481624059 0.00544123188252 0.0479726054874 0.0130258171803 0.034405356221 0.0128245345936 0.00467388907641 0.024626860767 0.0120142332245 0.0324353704503 0.0187403567346 0.179942365916 0.0145230093465 0.0047505194794 0.0178949284492 0.0167319866595 0.0234904580248 0.0213826601703 0.0299184644838 0.0247510360584 0.0303901978271 -0.0066811505912 0.0269855317544 0.0239919583396 0.0114155492918 0.0163978367995 0.00304839490426 0.0160205999349 0.00989120748337 
0.0209084260714 0.00164217818289 0.0204648156416 0.0202700745496 0.0237219319922 0.0226460263313 0.0463165577744 0.0538194004895 0.0355711963486 0.0196551946504 0.0309127805646 0.0220108987771 0.0145230093464 0.235452084371 0.0108873228726 0.00332970893493 0.0210143115897 0.0290562994818 0.0181304263716 0.0104648961545 0.0225195881156 0.0843051835747 0.015997584608 0.0113846318185 0.0161441734122 0.00521138459004 0.0183249649962 0.0330742801758 0.02620668568 0.0382579778215 
0.0191564753489 0.00625076304738 0.0136275948656 0.00871047250763 0.00920958275999 0.012604786151 0.0354732043105 0.0155462038466 0.0263172337303 0.0142685420685 0.0196832768103 -0.00224464429649 0.00475051947941 0.0108873228726 0.312707321045 0.0311334969429 0.00868764417413 0.00960836191669 0.0278188927442 0.0128556512372 0.0172656427904 0.00609575102696 0.00863959178135 0.0342258446474 0.01753030975 0.0107890677242 0.00779551242288 0.0191489452693 0.0281190352017 0.00714740077333 
0.00473493801869 0.0026581060202 0.0190000190315 0.0129452233334 0.0291013084735 0.0235318639251 0.0320327387586 0.0431313466378 0.0324854163583 0.0319388254286 0.0113734371607 0.00890736378891 0.0178949284492 0.00332970893491 0.0311334969429 0.333804018406 0.000136306736488 0.00705216965348 0.00364261164781 0.00635108681082 0.0165439029049 0.0184131499225 0.0138588613333 0.0203503149787 0.0191439780135 0.0172140768324 0.0119956989192 0.0285733547856 0.00863218285363 0.0210807087826 
-0.00895270434712 -0.0145235950119 0.0242593327941 0.0240656366425 -0.0149124983148 0.024934357864 0.00491369100776 0.0146328663367 0.00558509290292 0.0307263901519 0.0158202717898 0.0150386431169 0.0167319866595 0.0210143115897 0.00868764417413 0.000136306736488 0.310758246099 0.00993225013081 0.00276460858739 0.0138808371263 0.00879927669199 0.0200533944451 -0.00220305314784 0.0274996492413 0.000366285757172 0.0172713927816 0.0168003045157 0.00989334461665 0.0042089839971 0.0225887053475 
0.0063343983812 0.00927612473499 0.0375189677987 0.000579901303768 0.0171067222625 0.03532308588 0.0576621510577 -0.0148369194667 0.0327527277075 0.0371761151156 0.0318237596648 0.00892980092566 0.0234904580248 0.0290562994818 0.00960836191669 0.00705216965348 0.00993225013081 0.609936442566 0.00945269190594 0.00316008135105 0.0290147745761 0.0256162208536 0.031934637572 0.0452388797868 0.025482436705 -0.00653942969146 0.0305763505746 0.0281605457697 0.0278582877881 0.0435363293805 
0.0162373608082 0.00551463790155 0.00807452561454 0.0262604834549 0.011910943332 0.0404986882022 0.0580803540984 -0.00241631184994 0.019912458864 0.00788410459606 0.0249368752854 0.00902539527541 0.0213826601704 0.0181304263716 0.0278188927442 0.0036426116478 0.00276460858739 0.00945269190594 0.213799181267 0.0111903230019 0.0160144661805 0.0241391726134 -0.00340717225925 0.0221031196721 0.0240837119668 0.00206890263409 0.0221257280609 0.0255674243911 0.0108023370229 0.0227480624346 
0.00232036680746 0.00707227517687 0.00725469828972 0.0317678985588 0.0133795724186 0.0277302269563 0.00716898041854 0.00406496208053 0.0125372430235 0.0224133791104 0.0300358229997 0.0166524852426 0.0299184644837 0.0104648961544 0.0128556512372 0.00635108681079 0.0138808371262 0.00316008135105 0.0111903230019 0.136015163069 0.0107579916368 0.021608440848 -0.00892272756385 0.0184054654668 0.0147570741944 0.00795887143492 0.021008096501 -0.00450934144065 0.00975024570098 0.00889399672568 
0.00208920116964 0.00939397964254 0.0209513869688 0.0396384532707 0.0460350129718 0.0373410511745 0.0587046110229 0.036658062947 0.0761198041784 0.0286844622837 0.0286258518476 0.0211018334108 0.0247510360585 0.0225195881156 0.0172656427904 0.0165439029049 0.00879927669198 0.0290147745761 0.0160144661805 0.0107579916367 0.199286123946 0.0292029134916 0.0158680134932 0.0302754320447 0.0205858677711 0.0261693884742 0.020036046634 0.0590923978637 0.0190528709841 0.0439697974632 
0.0219231345927 -0.000231345351099 0.027763423396 0.0115325041623 0.0270388960958 0.0303817897661 0.0500569141909 0.0248260995921 0.0198320542897 0.0227522764329 0.0388161350163 0.0397815739998 0.0303901978272 0.0843051835747 0.00609575102697 0.0184131499225 0.0200533944451 0.0256162208536 0.0241391726134 0.0216084408479 0.0292029134915 0.237018390237 0.0158731700055 0.0287659778783 0.0220607546118 0.0151218777797 0.0276004779699 0.0451099773506 0.0136626177107 0.033723678622 
0.0130942117089 0.0295293673139 0.0128360795126 0.0111103114932 0.0105199763715 0.0102579016938 0.028502042847 0.0207240325885 0.0117431051876 0.000826437321872 0.0177630135612 0.00860975888341 -0.0066811505912 0.015997584608 0.00863959178136 0.0138588613333 -0.00220305314784 0.031934637572 -0.00340717225925 -0.00892272756385 0.0158680134932 0.0158731700055 0.391259962723 0.00728063697376 0.011857616845 0.00785136681383 0.00999225983038 0.0855982444292 0.0135639016728 0.00874998183576 
0.0125333584414 0.00619908033637 0.0291871616508 0.0260968764019 0.0251487163747 0.0106396480265 0.0522060357942 0.0212393519486 0.018265603237 0.03562253323 0.0226545617771 -0.00307157705098 0.0269855317544 0.0113846318185 0.0342258446474 0.0203503149787 0.0274996492413 0.0452388797868 0.0221031196721 0.0184054654668 0.0302754320447 0.0287659778783 0.00728063697376 0.298409587975 0.0169435421073 0.00257487904389 0.0331319746625 0.0241133497477 0.00347552616932 0.00934086471281 
0.00852497386493 -0.0018867228392 0.0558322048896 0.0362150129957 0.0110414639453 0.026664750255 0.0193090838062 0.0151920227601 0.0269184264463 0.0154268611159 0.0515666513741 0.0201049356059 0.0239919583396 0.0161441734123 0.01753030975 0.0191439780135 0.000366285757151 0.025482436705 0.0240837119667 0.0147570741944 0.0205858677711 0.0220607546117 0.011857616845 0.0169435421073 0.203589479351 -0.00673499966931 0.00561005707916 -0.0160935028006 0.0135821053162 0.0335240724445 
0.00713025852387 0.0005296226964 -0.0164802640244 0.0125223411829 0.00849908095795 0.024517924265 0.0189870865982 0.072192097616 0.0198734055599 0.00858665843928 0.0181796727135 0.03216527898 0.0114155492918 0.00521138459005 0.0107890677242 0.0172140768325 0.0172713927816 -0.00653942969146 0.00206890263409 0.00795887143496 0.0261693884742 0.0151218777797 0.00785136681384 0.00257487904389 -0.0067349996693 0.264130192131 0.0360002986341 0.00365003264831 0.0340647581244 0.0338146852701 
0.0155921544905 -0.0083695008179 0.00579885578189 0.0106435523142 0.0199538981301 0.0372042290538 0.0700436555509 0.0200307359704 0.0379294747505 0.00792472689773 0.0302271613239 0.0157590764322 0.0163978367995 0.0183249649962 0.00779551242289 0.0119956989192 0.0168003045157 0.0305763505746 0.0221257280609 0.0210080965009 0.0200360466339 0.0276004779699 0.00999225983038 0.0331319746625 0.00561005707916 0.0360002986341 0.273792264332 0.0350390222149 0.024708222316 0.0189090748545 
-0.000821236375908 -0.000131133418535 -0.0079972346643 -0.00476646426825 0.00532127601687 0.0181847503477 0.104612814798 0.0318028407399 0.047508980413 0.0147357243566 0.000441941426391 0.00598196964325 0.00304839490426 0.0330742801758 0.0191489452693 0.0285733547856 0.00989334461666 0.0281605457697 0.0255674243911 -0.00450934144064 0.0590923978637 0.0451099773506 0.0855982444292 0.0241133497477 -0.0160935028006 0.00365003264831 0.0350390222149 2.07644315713 0.0367746161973 0.0134316409784 
0.0123839076495 0.0107386340522 4.35984534202e-05 0.0112186793211 0.0154270905552 0.0146013144358 0.0149027237484 0.0242830321393 0.0201287502135 0.000764672579857 0.0213689996958 0.0640588613416 0.0160205999349 0.02620668568 0.0281190352017 0.00863218285362 0.0042089839971 0.0278582877881 0.0108023370229 0.00975024570095 0.0190528709841 0.0136626177107 0.0135639016728 0.00347552616932 0.0135821053162 0.0340647581244 0.024708222316 0.0367746161973 0.368635221413 -0.00833419401787 
0.00439727571207 -0.00656545406058 0.00416473982691 0.0208401310862 0.0324675931239 0.0165832808187 0.0308331902452 0.0157147505027 0.0575972678492 0.0297282128833 0.030044439021 0.0247071414538 0.00989120748337 0.0382579778215 0.00714740077333 0.0210807087826 0.0225887053475 0.0435363293805 0.0227480624346 0.00889399672567 0.0439697974632 0.033723678622 0.00874998183576 0.00934086471281 0.0335240724445 0.0338146852701 0.0189090748545 0.0134316409784 -0.00833419401787 0.304475119125 

['AT', 'MYL', 'CPWR', 'MET', 'SUNW', 'MER', 'NVDA', 'VIA.B', 'IR', 'PPG', 'HBAN', 'PPL', 'AFL', 'PSA', 'AZO', 'BF.B', 'SVU', 'DRI', 'FII', 'TMK', 'DOV', 'PLD', 'ZMH', 'HET', 'ZION', 'CVX', 'CIT', 'BRCM', 'CEG', 'BLL']