60
0.136312174374 0.0988670942005 0.0272696759741 0.0514292405054 0.0316848802341 0.0669692816613 0.0439476996979 0.0466521206007 0.093312473985 0.0271794955288 0.0220203869342 0.045915457725 0.0425593974561 0.0738036440579 0.0246636786654 0.0909027791802 0.110783759143 0.103194060275 0.0739523233915 0.0791308905459 0.00422555400052 0.0206012582373 0.116671338284 0.0270240384822 0.119859861498 0.0161403943775 0.0285158318856 0.188050706821 0.107238949757 0.0414012394119 0.0355019489908 0.0629738483482 0.0533662879029 0.0746691414478 0.0780955523414 0.0299059053764 0.0725669815102 0.0970140476379 0.0486003975036 0.0165000515881 0.0247746242904 0.0449016594387 0.0570579479668 0.0870342926162 0.0793031051092 0.0447966226616 0.0295384146509 0.0348828940045 0.0538734886168 0.148705689344 0.0285507317948 0.143796644659 0.0333203023267 0.0285995604788 0.148169679735 0.0289058353667 0.0151091702759 0.0341115490789 0.0451551332239 0.128222495688 
1.94137274011 0.0390818950883 -0.00256825639281 -0.00819019449046 0.00115379881623 -0.0211813596389 -0.00256390238282 -0.00391961495365 0.00362570183919 -0.022321582239 -0.0044842821526 -0.00410353309151 -0.00747235972137 -0.0158514255048 -0.00873092223324 0.00766071773193 -0.00414707479744 -0.013128893028 -0.00493197741323 -0.00879016563682 0.000427185026745 -0.00323157721622 -0.0094449742071 -0.0056088601873 -0.0122520482831 -0.0103898592259 0.00284920387021 -0.0182729751282 -0.0120379073046 -0.00467521362929 -0.0151517442031 0.000353912476328 0.000594151926997 -0.0209643063562 0.00361264302464 -0.0162634845664 -0.00582030554542 -0.00670708292285 -0.0227108649507 -0.00753297632382 -0.0107810637911 -0.00627939481684 0.00872501700012 -0.0140857998574 -0.00394449709841 -0.0102261916186 -0.000942360339891 -0.00508662797215 -0.0172279523338 -0.0125118853652 -0.0135054650446 -0.0156773022479 -0.00828420896923 -0.0108287614388 -0.0149015818692 -0.00773153670396 0.0114983424654 -0.00989084968863 -0.0110359753713 -0.0181850894305 
0.0390818950883 0.456946976804 0.0150130225983 0.0249578781071 0.00940306884578 0.0254556926384 0.028460742559 0.0135764160028 0.0206952041238 0.0105524365242 0.0203669303043 0.0063553582678 0.0524477573858 0.020717341814 0.0124308978832 0.0114272107625 0.104331371838 0.0590039632989 0.0565016623912 0.0213179109158 0.00691062712807 0.0236678120084 0.0327256577103 0.0157576486384 0.0524215977551 0.0125938085246 -0.00201170056831 0.0755214736959 0.0258067208608 0.0125200460247 0.0274261993633 0.0246515464037 0.028500102013 0.0289485857302 0.0729608413817 0.0166012626676 0.0349990352526 0.0277444858513 0.0507874344968 -0.00284916189625 0.0121347545095 0.0633885044888 0.0322009391751 0.0470383851331 0.0119968259568 0.0441178940939 0.0135388659229 0.0387838468825 0.0279576066913 0.0562080755955 0.0131357500378 0.0487592036814 0.0153324174061 0.00915964939977 0.0141999995138 0.0276866316551 0.00595401614695 0.0172197407262 0.0103194264747 0.0427074632244 
-0.00256825639281 0.0150130225983 0.135042932082 0.0120312509468 0.0118438095567 0.00667660142973 0.000625514176697 0.00821209174951 0.00431449907824 0.00327077594918 0.00619246742393 0.00227059009031 0.0179870176302 0.0239094558548 0.0101196169443 0.0101943881835 0.0322105999221 0.0249885799419 0.00864280422505 0.0081810375284 0.012422962557 0.0120334598522 0.0113337952667 0.00673786944912 0.0180178877406 0.0106261809025 0.00654120822939 0.0200475176161 0.0253715016577 0.00523879014269 0.0245999409579 0.0142341531603 0.00341490700454 0.0250019936059 0.00974054676245 0.00809625099677 0.0236731538498 0.0350437596681 0.0137433511578 0.0153504153287 0.0111437402544 0.0249936632739 0.00292417326463 0.0306101348333 -0.00216328160475 0.0289129309439 0.00599774868821 0.00767716560207 0.0145157116844 0.0218912999854 0.000544375075838 0.0290183722637 0.0100769112823 0.00899029187311 0.00324369994399 0.0210233865743 0.00669415642053 0.00205920142222 0.00916219489515 0.0174778927008 
-0.00819019449046 0.0249578781071 0.0120312509468 0.184146431888 0.0232678067344 0.0239858960681 0.00535144433311 0.0216122284819 0.0223131116076 0.0200672405046 0.0249813432756 0.0259533725213 0.0279102381774 0.0191633976067 0.0200180755733 0.0242049592008 0.0460010889117 0.00626592583638 0.0243667257823 -0.00192386017031 0.0125328481975 0.0140307432072 0.0119703242563 0.0313086976865 0.0310105286333 0.00915642888034 0.0262056935759 0.0162471549705 0.028476190983 0.0177285738285 0.00208055416826 0.0115688860847 0.0139762584587 0.00949422589988 0.0239247174225 0.0179011202276 0.0662653096169 0.040829087938 0.0161986137058 0.0220383742859 0.0125523949977 0.0242350949766 0.0171267762559 0.0288091988019 0.0173235463656 0.0150730297907 0.0165130050743 0.0133644933452 0.0160538933438 0.0149773561227 0.0149561757684 0.0723142961243 0.0246869133521 0.0127264339982 0.00776556524387 0.0193247048539 0.0122618786151 0.0104552128162 0.00589825389975 0.0440264744582 
0.00115379881623 0.00940306884578 0.0118438095567 0.0232678067344 0.152735123122 0.0136818326137 0.0101088647988 0.0173357782794 0.00734997047876 0.01577474247 0.0170731700871 0.00998082956688 0.00772765144874 0.00774271582813 0.0200612964224 -0.00243769676558 0.0275655229666 0.00645100998426 0.00780324056961 0.0122617133305 0.0255815516807 0.0193183794401 0.0271438857908 0.0180166819457 -0.00332663652686 -0.000169713000758 0.0186005126369 0.0134521323617 0.0283364895372 0.0130227757205 0.0201589437979 0.00964074111121 0.00328929040612 0.0223779017576 0.0374818293645 0.0158808235241 0.0296313583099 0.0204924260826 0.00642461856324 0.0196483602352 0.00448861530115 0.00871293481932 0.0235843237868 0.0290957829693 0.0159444032741 0.0161962402964 0.0125486087258 0.0272121657378 0.00968119617253 0.027945591892 0.002828894992 0.0419291269511 0.0127967710664 0.0290823133268 -0.000576768086144 0.0334221734378 0.00574941067167 0.0128269316716 0.00369949921425 0.000148064687934 
-0.0211813596389 0.0254556926384 0.00667660142973 0.0239858960681 0.0136818326137 0.46688123103 -0.00127856681304 0.00286502994917 0.00833255748735 0.00520108653118 0.033372129392 0.0443140638792 0.0137062570362 0.0122343573405 0.00345584803713 -0.0258988274989 0.0517465158441 0.0131424795306 0.0386978995575 0.011632655582 0.032172203956 -0.00324690193811 0.0203787896254 -0.00333175263129 0.0266835001159 -0.00269065212625 0.00476894421945 0.0276965870238 0.0258267122379 0.013309723871 0.00618730323018 0.0100110201985 0.00309351810546 0.028729831583 0.046504577246 0.0227259592231 0.0341378107453 0.0674109597008 -0.00220264513236 7.29362429776e-05 0.019594115915 0.0172084258373 -0.00381577969113 0.0237059955909 0.0218006643581 0.0270374826552 0.0240961366856 0.022619777811 0.0289106614122 0.00109336738554 0.0154469497473 0.0594086483921 0.0288291196173 0.0186857411569 0.00405910981955 0.00664603843006 0.00529226264209 0.0153300060368 0.023849501068 0.0438714588083 
-0.00256390238282 0.028460742559 0.000625514176698 0.00535144433311 0.0101088647988 -0.00127856681304 0.185292766251 0.00795483888194 0.0142002787486 0.00287159646013 0.00543746100839 -0.00909163808527 0.00839635087853 0.00996753355631 0.00460384212296 0.0106676208403 0.0178248927907 -0.00588237141338 0.0091372490891 0.00181478396742 0.0091428725481 0.0045928338411 -0.00404242853558 0.0109632629515 0.0194662538195 0.010660825826 -0.00909055413 -0.00575753750988 0.0158480931504 0.00565009060024 0.00192260789014 -0.000275472559891 -0.00125791009787 -0.000286697368524 0.0106181367409 0.0169022305864 0.00721582572157 0.0195080763659 0.00295257746665 -0.000315593156736 0.00483556332462 -0.000635103075678 0.00224835782651 0.00384582652807 -0.00224417310201 0.0125485411665 0.0086024054185 -0.00023895073774 -0.00162988230194 -0.00193443687583 -0.00825591606232 0.0166993106376 0.0173579179176 0.000326076392882 0.0288355401168 0.0108646798644 0.0159546923171 0.000655176360692 0.0212297539919 0.0132697507964 
-0.00391961495365 0.0135764160028 0.00821209174951 0.0216122284819 0.0173357782794 0.00286502994917 0.00795483888193 0.247186341235 0.0203993268931 0.00716808445129 0.0130521804919 0.013020607127 0.0150119267591 0.0166003273972 0.0188834499026 0.0214047147486 0.0111842393523 0.0243316574206 0.00212215944918 0.00552414142211 0.00987081531761 0.0137266891737 0.0377786833944 0.0155395261153 0.00612125935209 0.00537202876983 0.050365987105 -0.0220259881048 6.24374042602e-06 0.0211733800102 -0.00036268646329 0.0259214439297 0.0453529764467 0.00801265472013 0.0065293384032 0.0106909655587 0.0202649933704 0.0153608988125 0.00730263696526 0.0467597785965 0.0065080350772 0.0151600094881 0.0125392521467 0.0107378938443 0.0253758919851 0.00938615548942 0.00637312933552 0.00173825035419 0.00294638995379 -0.00223406938136 -0.00142069981364 0.0124143658104 0.019875191903 0.00961507293663 0.00444541484201 0.0298583644694 0.0232386178175 0.00325354684655 0.0147341179511 0.0253901297733 
0.00362570183919 0.0206952041238 0.00431449907824 0.0223131116076 0.00734997047876 0.00833255748735 0.0142002787486 0.0203993268931 0.438262270029 0.00412136176324 0.0100453808697 0.00955627807751 0.0286806502814 0.00510371057224 -0.00502378110874 0.0156226392064 0.0213185616743 0.0272150616219 0.0256129897625 0.018199558314 0.0165627133066 0.025083461465 0.0139663523794 -0.0153230383227 0.012964922723 -0.0051234523472 0.0395010626047 0.00109691120947 -0.00122742163103 0.00546050399878 0.0219730113555 0.107596186911 -7.55762082478e-05 0.018721470768 -0.00333009386022 -0.00812503913528 0.0238101320073 0.0668148399227 -0.00563262888981 0.0128544766694 0.0101642304659 0.000509584143946 0.0201766788266 0.0345204281028 0.00579305608887 -0.00103761223186 -0.00437600045243 0.0390963786133 0.00986732440408 0.00224164967582 0.00465934946029 0.0627933323789 0.00278910178342 -0.00410314451023 0.0297717443877 0.0275346070623 0.0056299802516 0.0112194556649 0.0156676731911 0.0266525063146 
-0.022321582239 0.0105524365242 0.00327077594918 0.0200672405046 0.01577474247 0.00520108653118 0.00287159646013 0.00716808445129 0.00412136176324 0.228007754443 0.0116187109871 0.00649305346884 0.0109182141336 0.0129043211663 0.0194298830638 0.00978197837378 0.00932857369814 0.0120578236921 0.0255031483184 -0.000385090347268 0.0022240311578 0.0103161509527 -0.0178926875898 0.00860780980163 0.0147548253072 0.0177054941936 0.0130131861313 0.00435435196618 0.00266694340172 0.00680556445901 0.0184635518944 -0.00737994155392 0.022108444686 -0.00464905479437 -0.00230731179999 0.00147621740701 0.0189957734422 0.0135443235689 0.00759648078908 0.00785148044502 0.0152157494737 0.00433775379372 0.0134461348055 0.0132355841704 0.0221525964021 0.0291043292327 0.0115503149739 -0.00167170333955 0.00968373382104 0.00424706191369 0.00239048558662 0.0328086064182 0.0233810188195 0.015758039417 0.0102350783853 0.0188231222912 0.01007915921 0.0140198185478 0.0230720591591 0.0181433091049 
-0.0044842821526 0.0203669303043 0.00619246742393 0.0249813432756 0.0170731700871 0.033372129392 0.00543746100839 0.0130521804919 0.0100453808697 0.0116187109871 0.216827360238 0.0350013124655 0.0321679036887 0.00695386886416 0.0178695898939 0.00751252946528 0.0110620888518 0.0145330206006 0.0104987034025 0.0077336083236 0.0164123054234 0.0236370914638 0.0225457751127 0.0126978209049 0.0198981534936 0.0108703334816 -0.000846172054751 0.021420179436 0.0259690497856 0.0143319022541 0.0201643841792 -0.00138514886239 0.00359981208762 0.0346896502541 0.0066232935939 0.0279594931434 0.020588827637 0.0456316545246 0.00318687452398 0.00213053434715 -0.000971079712454 0.0149619594764 0.0249994448811 0.0198189323342 0.0286501813094 0.0337457888968 0.025601433558 0.015607418942 0.0121388319845 0.00638019583952 0.00646018907271 0.0361131935066 0.00641643944326 0.0269785877245 0.0127820711334 0.028876010385 0.0120023503126 0.0210084921035 0.0219959778748 0.00409674259247 
-0.00410353309151 0.0063553582678 0.00227059009031 0.0259533725213 0.00998082956688 0.0443140638792 -0.00909163808527 0.013020607127 0.00955627807751 0.00649305346884 0.0350013124655 0.307470014389 0.0085116884627 0.00197382482162 0.016697538875 -0.00328033243929 0.0433551942457 0.0342840652984 0.0120961807777 0.00690191847979 0.0129407186135 0.0162932337923 0.00734834636888 0.0103687920417 0.0022774222231 -0.00338199343927 0.0124710660652 0.0347524563577 0.00921820850829 -0.00483029438669 0.0213491299067 0.00516018647576 -0.00892652151828 0.0741654340088 0.0126156860738 0.0148120563378 0.0198732857265 0.0447566664712 0.0155577735614 0.0144107007207 0.0132574372859 0.00690906414742 0.00390212087267 0.0182307079923 0.0213227062132 0.0125514370697 0.00996770586173 0.00814911077155 0.0118405428242 0.0325767298679 -0.00749665906543 0.0350945337015 0.0110191599495 0.0155356398877 0.0382275205093 0.0364050217916 0.00595491860659 0.00790452459144 0.0140404996052 0.0340738363991 
-0.00747235972137 0.0524477573858 0.0179870176302 0.0279102381774 0.00772765144874 0.0137062570362 0.00839635087853 0.0150119267591 0.0286806502814 0.0109182141336 0.0321679036887 0.0085116884627 0.388974698576 0.00571964650144 0.011891248078 0.00189371271075 0.0521497622292 0.0155195634223 0.00934018650708 0.00751303452377 0.0124082492228 0.0145463735203 0.0218691147865 0.00644516963674 0.019765176743 0.0121959850818 0.00768938216653 0.00780660727775 0.0277991800651 0.02753015129 -0.00479510114782 -0.00113589099627 0.0391137695582 0.027497677847 0.00497587518507 0.0446187416387 0.0304273913949 0.038632570339 0.00749329795495 0.0150965239712 0.0231967813826 0.0298899001614 0.0089494698066 0.0191566065256 0.0134504200062 0.0390069655971 0.0293242881282 0.0107649787281 0.0459654041935 0.0209255989847 0.00824189176244 0.000446542867727 -0.0031306487002 0.0315904074054 -8.14330950991e-05 -0.00915741839847 0.0101917793473 -0.00668823334994 0.0285442721989 0.0577509620187 
-0.0158514255048 0.020717341814 0.0239094558548 0.0191633976067 0.00774271582813 0.0122343573405 0.00996753355631 0.0166003273972 0.00510371057224 0.0129043211663 0.00695386886416 0.00197382482162 0.00571964650144 0.345585518259 0.00582894016175 -0.00647503355392 0.0302957213705 0.0401853661915 0.0179551376657 0.00137893885824 -9.6087800295e-05 0.0247567145497 0.00955537178721 0.0104742246041 0.0252513796776 0.00585215655585 0.0178855554122 0.0410940172074 0.045973889657 0.0234796690716 0.00966079974909 0.0160226071961 0.0223551177242 0.0167216285807 0.0171961641972 0.004976134753 0.0259392016976 0.0377282269065 0.0116726180536 0.0164096348684 0.0152651248472 0.0370046940418 0.00256995604926 0.0274145556364 0.0370991836359 0.0242723750848 -0.0021896771586 0.00533988318105 0.0273219703326 0.0180705585272 0.0122380183693 0.0599334679743 0.0203875950096 0.0101213027628 0.00956015046562 0.0179242372344 0.00626555246814 -0.0182376371063 -0.00605242655938 0.0226428642506 
-0.00873092223324 0.0124308978832 0.0101196169443 0.0200180755733 0.0200612964224 0.00345584803713 0.00460384212296 0.0188834499026 -0.00502378110874 0.0194298830638 0.0178695898939 0.016697538875 0.011891248078 0.00582894016175 0.128824045681 0.0211289007948 0.026442611997 0.0053745869949 0.00480941392733 0.00636367070081 0.0113189554651 0.0110386571615 0.000434559792655 0.0166363931467 -0.00470458703895 0.00957338355917 0.00756831732683 0.00607716626216 0.0140010030523 0.00723931236631 0.0110145436904 0.00942789820528 0.0213632741604 0.00906588286237 0.00374601864256 0.0129662247013 0.0129485876107 0.0129626258148 0.00544126948166 0.0132252975874 0.00295542335602 0.0101082544207 0.00419851860139 0.0172649426764 0.000180204387026 0.0120014247046 0.0213670626214 0.00473078900996 0.00158205234262 -0.00822982733507 -0.00115218344295 0.0276320360175 0.00865435666004 0.0241690923085 0.00108601851018 0.0181382368934 0.0021303398248 -0.00224586254875 -0.00647898423074 0.00349986905219 
0.00766071773193 0.0114272107625 0.0101943881835 0.0242049592008 -0.00243769676558 -0.0258988274989 0.0106676208403 0.0214047147486 0.0156226392064 0.00978197837378 0.00751252946528 -0.00328033243929 0.00189371271075 -0.00647503355392 0.0211289007948 0.497558928749 0.0259954612093 0.0248445188268 0.0127144523113 0.00965166894931 0.00262076144967 0.00676266849222 -0.00367527949593 0.0112025476744 0.0381903530271 0.0113390396595 0.0131590428233 -0.00501032674907 0.0232252072167 0.00116977430064 0.0108002597942 0.0299072859657 0.0119417413379 -0.0111336100693 0.000551702839261 0.00268823337278 0.000581899311803 0.0192240483759 0.021093932428 0.0146627988648 0.00580365920627 0.000265568860318 -0.00190142161417 0.0206697959764 9.63304596715e-05 0.0248085067047 0.0104289875705 -0.00565822470404 0.00704424105881 -0.00369463788725 0.00291416098397 0.0100792014369 0.0237838998761 -0.000141588949473 0.0106594447762 0.00709855485571 0.0119217298759 0.0121495232661 0.00369562260431 0.00506031984735 
-0.00414707479744 0.104331371838 0.0322105999221 0.0460010889117 0.0275655229666 0.0517465158441 0.0178248927907 0.0111842393523 0.0213185616743 0.00932857369814 0.0110620888518 0.0433551942457 0.0521497622292 0.0302957213705 0.026442611997 0.0259954612093 0.441361226861 0.0716572394786 0.0414490734225 0.0351321591996 0.0243600585787 0.0301337786928 0.0616585562761 0.00361734401158 0.0748386406257 0.0132183221556 0.024963337752 0.0410888972975 0.0583528055284 0.000819022119118 0.010263435062 0.0146120755092 0.0335203145363 0.0724216020261 0.0240233908423 0.0183000145629 0.0293552594614 0.0501930061166 0.0087316071198 0.0049419224204 0.0227569935373 0.0615508925003 0.0179054729835 0.0322337753593 0.0242027295564 0.0366451718852 0.00881606902046 0.0270101544462 0.0445158918093 0.0676321700767 0.0113803487642 0.0889930550088 0.00365666147353 0.00945445780198 0.0196167762941 0.0158325906169 0.0215711389333 0.0068585306003 0.00935302609571 0.0367851829276 
-0.013128893028 0.0590039632989 0.0249885799419 0.00626592583637 0.00645100998426 0.0131424795306 -0.00588237141338 0.0243316574206 0.0272150616219 0.0120578236921 0.0145330206006 0.0342840652984 0.0155195634223 0.0401853661915 0.0053745869949 0.0248445188268 0.0716572394786 0.536191162853 0.0293716354259 -0.00889991001106 0.0157986332478 0.0328076836852 0.0301112769537 0.00946419823437 0.000851288459599 0.00547341273894 0.011105301572 0.140540121196 0.0224318946659 0.0130241411839 0.00593779129407 0.0441454344326 0.00351005986585 0.024804457994 0.0116251235545 0.0144320303436 0.018703194689 0.103732091819 0.00534824863258 0.021059283159 0.00671869624964 0.0331947606798 -0.0175087139913 0.0465871748213 0.00918971389183 0.0409286306047 0.0270081937514 -0.00618296533208 0.0209701110147 0.0675136504539 0.0168160551891 0.0392272612872 0.0395475154049 0.00980957444929 0.0649624227583 0.00168489000836 0.0123413006836 0.0142314712786 0.0164036276883 0.025036275881 
-0.00493197741323 0.0565016623912 0.00864280422505 0.0243667257823 0.00780324056961 0.0386978995575 0.0091372490891 0.00212215944918 0.0256129897625 0.0255031483184 0.0104987034025 0.0120961807777 0.00934018650708 0.0179551376657 0.00480941392733 0.0127144523113 0.0414490734225 0.0293716354259 0.495158008893 0.0155905956052 0.012235776764 0.012454809106 -0.00325584266295 -0.00592702249747 0.0429980232618 0.00491288760403 0.0107557516023 0.0123280012367 0.0331869250267 0.00266640354426 0.017837184223 0.0139910107433 0.0176267409718 -5.20348819295e-06 0.018662719084 0.00164832743439 0.0389769062581 0.0370815488117 0.0500077235339 0.0151189290483 0.0191102621925 0.00847055132127 0.0141314927279 0.0380281268584 0.00951301119408 0.0278267941046 0.0134261132478 0.0175662049631 0.00862489616855 0.0288499383001 0.0129854988998 0.0601291572021 0.0134644368551 -0.0129297301196 -0.00406721018526 0.00931426092867 0.000291614396286 0.0293753811138 0.011582795784 0.0529395700288 
-0.00879016563682 0.0213179109158 0.0081810375284 -0.00192386017031 0.0122617133305 0.011632655582 0.00181478396742 0.00552414142211 0.018199558314 -0.000385090347268 0.0077336083236 0.00690191847979 0.00751303452377 0.00137893885824 0.00636367070081 0.00965166894931 0.0351321591996 -0.00889991001106 0.0155905956052 0.616641211234 0.00402607780666 0.000924540916692 0.058493035309 0.00334654679424 0.00806218781424 0.0359546406281 0.00437705379863 0.0155548134717 0.0412538399113 -0.00449594361215 -0.0115164060471 -0.00227450010498 0.00757121059203 0.00831629654289 -0.00361516944415 0.00309825470224 0.00432524723541 0.0129524958929 0.0162450764191 0.00225003525741 0.0408286941581 -0.00275810837811 0.0117089388214 0.00150238331873 0.00173256763975 -0.00254406532097 0.00976279361449 0.00535975146194 0.0199935538149 -0.00134662188874 0.00466034646246 0.0290022722189 0.000869793460134 0.0115080462215 0.00521970023058 -0.000921867935098 0.0100795763908 0.00518890774216 0.00988758646556 0.0188225200397 
0.000427185026745 0.00691062712807 0.012422962557 0.0125328481975 0.0255815516807 0.032172203956 0.0091428725481 0.00987081531761 0.0165627133066 0.0022240311578 0.0164123054234 0.0129407186135 0.0124082492228 -9.6087800295e-05 0.0113189554651 0.00262076144967 0.0243600585787 0.0157986332478 0.012235776764 0.00402607780666 0.266011412892 0.0171451749003 0.00132402712072 -0.00211419557021 0.0112715209086 0.00598306143483 0.0124152777651 0.0275171209368 0.0193270403064 0.00973537425328 0.0164869017684 0.0109750628061 0.00825067179312 0.0121513550655 0.0447010154406 0.0162373828099 0.0238982100765 0.0191566655249 0.00983758859881 0.00673085708438 0.00483213288757 0.0211007243148 0.0140812316568 0.0161235856994 -0.0139170975164 0.014173057356 0.0226393753924 0.0162226740854 0.00802168803372 0.0057901805056 0.0260217247093 0.0562866449367 0.0106446245635 0.0150457477111 0.00585085882155 0.000931193642353 0.0141402670131 0.0196388958678 -0.0102693415855 0.00409079695663 
-0.00323157721622 0.0236678120084 0.0120334598522 0.0140307432072 0.0193183794401 -0.00324690193811 0.0045928338411 0.0137266891737 0.025083461465 0.0103161509527 0.0236370914638 0.0162932337923 0.0145463735203 0.0247567145497 0.0110386571615 0.00676266849222 0.0301337786928 0.0328076836852 0.012454809106 0.000924540916692 0.0171451749003 0.175446126523 0.00168392320394 0.0161247589276 0.027356950934 0.013710129378 0.00179455853824 0.0228695363006 0.0305073718788 0.00572667109611 0.00905128212672 0.0173757745335 0.000334628250866 0.0198302333209 -0.00721425374786 -0.00827513571381 0.0121553148791 0.0167951301188 0.00153682297236 0.00479363209607 0.0148575254931 0.0251721267063 0.0141615443769 0.0406338400658 0.00630595908915 0.0200759357112 0.0226491893056 0.0351721189881 0.0124711992907 0.0284430492327 0.0172846061919 0.0248595041034 0.00941921751929 0.0127482104196 0.00520280870459 0.016831318216 0.0131286690763 0.000660998708585 0.00738042639421 0.00756898850349 
-0.0094449742071 0.0327256577103 0.0113337952667 0.0119703242563 0.0271438857908 0.0203787896254 -0.00404242853558 0.0377786833944 0.0139663523794 -0.0178926875898 0.0225457751127 0.00734834636888 0.0218691147865 0.00955537178721 0.000434559792655 -0.00367527949592 0.0616585562761 0.0301112769537 -0.00325584266295 0.058493035309 0.00132402712072 0.00168392320394 1.0588882437 0.0225516486688 0.0154197866982 -0.00149986698413 0.0208409491378 0.0790979612304 0.0110326195176 0.00986130500586 -0.0255910589141 0.0189871424748 0.00465161724252 0.0136722788079 0.0161068966941 0.0129458351645 0.0189956343418 0.0416741922986 0.0135588736012 0.00759049272637 0.0203932779357 0.0174866939701 0.0493653669239 0.0160799561658 0.0928619633893 0.0223006216606 0.000770483423959 0.00626708976526 0.0125094667916 0.0180798114331 0.0582315295349 0.0570671257338 0.00111144482738 0.030566804163 0.018556709634 0.0143798914153 0.00315572955063 0.0221912674491 0.0216765009766 0.036281582007 
-0.0056088601873 0.0157576486384 0.00673786944912 0.0313086976865 0.0180166819457 -0.00333175263129 0.0109632629515 0.0155395261153 -0.0153230383227 0.00860780980163 0.0126978209049 0.0103687920417 0.00644516963674 0.0104742246041 0.0166363931467 0.0112025476744 0.00361734401158 0.00946419823437 -0.00592702249747 0.00334654679424 -0.00211419557021 0.0161247589276 0.0225516486688 0.221702684515 -0.00920683484838 0.000171023003756 -0.00936539916125 0.0109725539169 0.0286759155889 0.0152734005196 0.016049945413 -0.0073077774547 0.00691964324894 0.0149585746374 0.016375875647 0.00428617652997 0.0246478241063 0.0203823719894 0.000275625468335 0.00231917448977 0.00887343268698 0.0201691083711 0.0207966375576 0.00622419200769 0.0129206643515 0.0152907923676 0.0256978828632 0.00378237592083 0.000733776765705 0.0115918780503 -0.00160328215354 0.0140419665671 0.0165746901327 0.0196072886673 -0.00279279640323 0.0242027465565 0.00832580248517 0.01146225992 -0.0128894394973 0.033822263968 
-0.0122520482831 0.0524215977551 0.0180178877406 0.0310105286333 -0.00332663652686 0.0266835001159 0.0194662538195 0.00612125935209 0.012964922723 0.0147548253072 0.0198981534936 0.0022774222231 0.019765176743 0.0252513796776 -0.00470458703895 0.0381903530271 0.0748386406257 0.000851288459599 0.0429980232618 0.00806218781424 0.0112715209086 0.027356950934 0.0154197866982 -0.00920683484838 0.503725678796 0.00904778927194 -0.000653786230933 0.0510450984314 0.0631070948939 0.0110859120618 0.0118242212506 0.00855773581916 0.0157390775337 0.0430580134188 -0.0029916454367 0.0108629838742 0.0174695506628 0.0145823829718 0.0332718695273 0.0140514838523 0.00643775593248 0.0328480191803 0.0145969039409 0.0695139273415 -0.0146355392608 0.0145587308666 0.0194472417955 0.0140494169239 0.023984039576 0.0222965194503 0.015469147166 0.0988484983424 0.00458165350483 -0.0125768964391 0.00830137444771 0.0190779725302 -0.00426037230685 0.0131128893028 0.00910426502719 0.0660015691067 
-0.0103898592259 0.0125938085246 0.0106261809025 0.00915642888034 -0.000169713000758 -0.00269065212625 0.010660825826 0.00537202876983 -0.0051234523472 0.0177054941936 0.0108703334816 -0.00338199343927 0.0121959850818 0.00585215655585 0.00957338355917 0.0113390396595 0.0132183221556 0.00547341273894 0.00491288760403 0.0359546406281 0.00598306143483 0.013710129378 -0.00149986698413 0.000171023003756 0.00904778927194 0.171157437988 0.00823628251504 0.00680117937433 -0.0039374858278 0.0135016013665 0.0115067640126 -0.00982688393866 -0.0017983542823 0.00478641840013 -0.0155014432351 0.00138467534751 0.00659165704554 0.00927302072855 0.00384982459728 0.00673429846141 0.0157875196489 0.00098507497916 0.0109875197182 0.000273300496893 0.0132982583078 0.00320837217317 0.0144711713317 0.00115273191117 0.00603818917793 0.00163205593498 -0.00150619387815 0.00346028549345 0.0232324231613 0.021689653581 -0.00181926439423 0.00834312182507 0.00880728374336 0.00175589607298 0.0122443803748 0.0143298522493 
0.00284920387021 -0.00201170056831 0.00654120822939 0.0262056935759 0.0186005126369 0.00476894421945 -0.00909055413 0.050365987105 0.0395010626047 0.0130131861313 -0.000846172054751 0.0124710660652 0.00768938216653 0.0178855554122 0.00756831732683 0.0131590428233 0.024963337752 0.011105301572 0.0107557516023 0.00437705379863 0.0124152777651 0.00179455853824 0.0208409491378 -0.00936539916125 -0.000653786230933 0.00823628251504 0.193218088804 0.00477957084733 0.00815306031789 0.0135853623606 0.00840040285924 0.0413340094126 0.00879367767091 0.0116711184032 0.00692435187241 0.00520384865742 0.0259270060266 0.0192235336628 0.0202658445528 0.0425282366584 0.0153093137274 0.0018645862009 0.00832160068175 0.00920887279647 7.77782328263e-05 -0.00220063979355 0.0144332033961 0.0078474586187 -0.00673188336146 0.0132400849243 0.00739318852377 0.023653372765 0.00865681032159 -0.00200102735495 0.0182954848576 0.00679992882537 0.00969485735517 0.00938463668097 0.00114991122073 0.0155213090946 
-0.0182729751282 0.0755214736959 0.0200475176161 0.0162471549705 0.0134521323617 0.0276965870238 -0.00575753750988 -0.0220259881048 0.00109691120947 0.00435435196618 0.021420179436 0.0347524563577 0.00780660727775 0.0410940172074 0.00607716626216 -0.00501032674907 0.0410888972975 0.140540121196 0.0123280012367 0.0155548134717 0.0275171209368 0.0228695363006 0.0790979612304 0.0109725539169 0.0510450984314 0.00680117937433 0.00477957084733 0.992724261953 0.0213679715335 0.00802267728698 0.0353005279636 0.0114221203971 0.0454699637815 0.0188718904612 0.0460172234205 0.0349536604661 0.0382896694656 0.0323910963095 0.0345126827977 -0.00807788305695 0.0174282948328 0.0418033746261 0.00738750866841 0.0257707302645 0.0147570506222 0.0391860781808 -0.000495493342471 0.0370277323631 0.00723769095914 0.0459591227126 0.0159718263427 0.0491793181903 0.00534634730437 0.00691215815211 0.0429680418887 0.0281774162008 0.022692172803 0.0143554067244 -0.00177980468405 0.0354837511092 
-0.0120379073046 0.0258067208608 0.0253715016577 0.028476190983 0.0283364895372 0.0258267122379 0.0158480931504 6.24374042597e-06 -0.00122742163103 0.00266694340172 0.0259690497856 0.00921820850829 0.0277991800651 0.045973889657 0.0140010030523 0.0232252072167 0.0583528055284 0.0224318946659 0.0331869250267 0.0412538399113 0.0193270403064 0.0305073718788 0.0110326195176 0.0286759155889 0.0631070948939 -0.0039374858278 0.00815306031789 0.0213679715335 0.453385907442 0.0103706412491 0.0180011775418 0.0320394329648 0.00548179575508 0.0239607396457 0.0896317487119 -0.0078698988118 0.0264411689268 0.0355574682594 0.0347187719335 0.0207244370179 0.0267927760212 0.0504842899188 0.0190095375562 0.066220413666 0.0209893852082 0.0168062025732 0.0375679678948 0.0296969684093 0.0323208026139 0.0337717387877 0.0163774744164 0.0557111675548 -0.00199198748685 0.0234280636139 -0.0098993762619 0.0282013623387 0.00871084674158 0.016574497775 0.00597246641924 0.0316369352594 
-0.00467521362929 0.0125200460247 0.00523879014269 0.0177285738285 0.0130227757205 0.013309723871 0.00565009060024 0.0211733800102 0.00546050399878 0.00680556445901 0.0143319022541 -0.00483029438669 0.02753015129 0.0234796690716 0.00723931236631 0.00116977430064 0.000819022119118 0.0130241411839 0.00266640354426 -0.00449594361215 0.00973537425328 0.00572667109611 0.00986130500586 0.0152734005196 0.0110859120618 0.0135016013665 0.0135853623606 0.00802267728698 0.0103706412491 0.243227650781 0.0110253677553 0.00571621117524 0.00975957657049 -0.00355963349987 0.0125096341374 0.0148279096935 0.026227354546 0.0285564295561 -0.0035805768733 0.0148456560164 0.0229290183832 0.00551741516955 0.0215251733099 0.00227096305582 0.0154197410686 0.0328405778261 0.0125814349959 0.00280656655284 0.00543009729157 0.0133602711177 0.0155958885084 0.0235616228605 0.00697786185901 0.00398162108603 0.00289246241801 0.0138119751378 0.0130510933685 0.00427298196227 0.016513833518 0.021052331519 
-0.0151517442031 0.0274261993633 0.0245999409579 0.00208055416826 0.0201589437979 0.00618730323018 0.00192260789014 -0.00036268646329 0.0219730113555 0.0184635518944 0.0201643841792 0.0213491299067 -0.00479510114782 0.00966079974909 0.0110145436904 0.0108002597942 0.010263435062 0.00593779129407 0.017837184223 -0.0115164060471 0.0164869017684 0.00905128212672 -0.0255910589141 0.016049945413 0.0118242212506 0.0115067640126 0.00840040285924 0.0353005279636 0.0180011775418 0.0110253677553 0.304055141403 -0.00460801377456 -0.00376042778885 0.0165449346721 0.010015327414 0.0172540720097 0.0182158355397 0.0378935907597 0.0162511979289 0.00309792986193 0.0308850591361 0.0176692471404 0.032785220287 0.0180620074509 0.00188061384991 0.0273772811609 0.00360084943544 0.0208797466413 -0.0026574312588 0.0403753003361 0.00219905243473 0.0135114242651 0.0241963691645 0.011571137226 0.0254869997587 0.0273921200409 0.0206428752042 0.0154571813512 0.00795063904237 0.0138756824707 
0.000353912476328 0.0246515464037 0.0142341531603 0.0115688860847 0.00964074111121 0.0100110201985 -0.000275472559891 0.0259214439297 0.107596186911 -0.00737994155392 -0.00138514886239 0.00516018647576 -0.00113589099627 0.0160226071961 0.00942789820528 0.0299072859657 0.0146120755092 0.0441454344326 0.0139910107433 -0.00227450010498 0.0109750628061 0.0173757745335 0.0189871424748 -0.0073077774547 0.00855773581916 -0.00982688393866 0.0413340094126 0.0114221203971 0.0320394329648 0.00571621117524 -0.00460801377456 0.351778100265 0.00267725920342 0.021040540222 -0.00763342510045 0.00796849599563 0.0132907263068 0.029568624853 0.0182560270004 0.0206038372313 0.00577275444307 0.0195241254113 0.00778459520531 0.00986081435585 -0.0176000696841 -0.003854456142 -0.0004350370051 0.0112271933746 7.7804507514e-05 -0.00371024348213 -0.00728202244881 0.0244850902184 0.00199633783309 -0.0153323249618 0.0395137088618 -0.00194629532728 0.00309259141976 0.00155349456671 0.00257467186064 0.0208774067652 
0.000594151926997 0.028500102013 0.00341490700454 0.0139762584587 0.00328929040612 0.00309351810546 -0.00125791009787 0.0453529764467 -7.55762082478e-05 0.022108444686 0.00359981208762 -0.00892652151828 0.0391137695582 0.0223551177242 0.0213632741604 0.0119417413379 0.0335203145363 0.00351005986585 0.0176267409718 0.00757121059203 0.00825067179312 0.000334628250866 0.00465161724252 0.00691964324894 0.0157390775337 -0.0017983542823 0.00879367767091 0.0454699637815 0.00548179575508 0.00975957657049 -0.00376042778885 0.00267725920342 0.422409112203 0.00886208081714 0.00557859785117 -0.00665372617957 0.0198132449792 -0.000928979134738 0.0150813802024 0.0114197513562 0.00528705705491 0.010492183096 0.00229915990537 0.00334306605576 0.022893188068 0.00434923720924 0.00395995034747 0.01664981049 0.0165512401275 0.0315421176912 0.0190501505207 0.0223888605133 0.00346396218918 -0.00664789778853 -0.00123306584302 -0.00249339860162 0.00370699662836 0.00442496250757 0.0111487802718 0.0290320551801 
-0.0209643063562 0.0289485857302 0.0250019936059 0.00949422589988 0.0223779017576 0.028729831583 -0.000286697368524 0.00801265472013 0.018721470768 -0.00464905479437 0.0346896502541 0.0741654340088 0.027497677847 0.0167216285807 0.00906588286237 -0.0111336100693 0.0724216020261 0.024804457994 -5.20348819305e-06 0.00831629654289 0.0121513550655 0.0198302333209 0.0136722788079 0.0149585746374 0.0430580134188 0.00478641840013 0.0116711184032 0.0188718904612 0.0239607396457 -0.00355963349987 0.0165449346721 0.021040540222 0.00886208081714 0.485944056013 0.0235972962118 0.0295301296252 0.0236292408806 0.0581746409119 0.0086258505387 0.0124967386019 0.0208778771921 -0.00172523371652 0.0148386383155 0.00856988143666 0.0184064207651 0.0327727293958 0.0206336333303 -1.26888686508e-05 0.00789906792092 0.0214129641129 0.0230115469847 0.0344376628166 -0.00476796817265 0.0134006300819 0.026609608018 0.0268940914733 0.00519758643277 0.00160536143749 0.00841647302064 0.0507057622985 
0.00361264302464 0.0729608413817 0.00974054676245 0.0239247174225 0.0374818293645 0.046504577246 0.0106181367409 0.0065293384032 -0.00333009386022 -0.00230731179999 0.0066232935939 0.0126156860738 0.00497587518507 0.0171961641972 0.00374601864256 0.000551702839261 0.0240233908423 0.0116251235545 0.018662719084 -0.00361516944415 0.0447010154406 -0.00721425374786 0.0161068966941 0.016375875647 -0.0029916454367 -0.0155014432351 0.00692435187241 0.0460172234205 0.0896317487119 0.0125096341374 0.010015327414 -0.00763342510045 0.00557859785117 0.0235972962118 0.558385945537 0.00998502322038 0.0250828760767 0.0229917814499 0.0124470757373 0.00957030568688 0.00859852843199 0.0202079107976 0.0173709639044 0.0385981980569 0.026044315716 0.0186946064576 0.00576312192468 0.0351713257277 -0.00277517182632 0.00142729378621 0.0146411843991 0.0208114543045 0.00833437029241 -0.00161434499828 0.0293139768887 0.00375297315714 -0.00629868340654 0.017495126425 0.0120231955938 0.00583474701355 
-0.0162634845664 0.0166012626676 0.00809625099677 0.0179011202276 0.0158808235241 0.0227259592231 0.0169022305864 0.0106909655587 -0.00812503913528 0.00147621740701 0.0279594931434 0.0148120563378 0.0446187416387 0.004976134753 0.0129662247013 0.00268823337278 0.0183000145629 0.0144320303436 0.00164832743439 0.00309825470224 0.0162373828099 -0.00827513571381 0.0129458351645 0.00428617652997 0.0108629838742 0.00138467534751 0.00520384865742 0.0349536604661 -0.0078698988118 0.0148279096935 0.0172540720097 0.00796849599563 -0.00665372617957 0.0295301296252 0.00998502322038 0.261184940071 0.0109456452504 0.0287627248209 0.0157701555984 0.00871153083836 0.00721795594682 0.0129936835686 0.0175780740028 0.00660928799242 0.0148310254747 0.0409493086059 0.0234233757796 0.0159495317963 0.0122554201111 0.00912901172511 0.00330082331882 0.0223045057153 0.00471075720738 0.0479881408022 0.00494904516031 0.0364237781017 0.0131267495106 0.00571281256116 0.00822306063101 0.0178285544553 
-0.00582030554542 0.0349990352526 0.0236731538498 0.0662653096169 0.0296313583099 0.0341378107453 0.00721582572157 0.0202649933704 0.0238101320073 0.0189957734422 0.020588827637 0.0198732857265 0.0304273913949 0.0259392016976 0.0129485876107 0.000581899311803 0.0293552594614 0.018703194689 0.0389769062581 0.00432524723541 0.0238982100765 0.0121553148791 0.0189956343418 0.0246478241063 0.0174695506628 0.00659165704554 0.0259270060266 0.0382896694656 0.0264411689268 0.026227354546 0.0182158355397 0.0132907263068 0.0198132449792 0.0236292408806 0.0250828760767 0.0109456452504 0.250984043862 0.0555149671632 0.0182673015127 0.0114673649323 0.0275013111763 0.0167567519973 0.0130026813077 0.0416285196711 0.0318351448002 0.0247679429928 0.023292337972 0.0144135305932 0.0185779394766 0.0335801397219 0.0124562590897 0.122343435569 0.00942019942575 0.0292662582775 0.0280288305276 0.0281738183166 0.0134091105548 0.01192669201 0.00560949099595 0.0371307691799 
-0.00670708292285 0.0277444858513 0.0350437596681 0.040829087938 0.0204924260826 0.0674109597008 0.0195080763659 0.0153608988125 0.0668148399227 0.0135443235689 0.0456316545246 0.0447566664712 0.038632570339 0.0377282269065 0.0129626258148 0.0192240483759 0.0501930061166 0.103732091819 0.0370815488117 0.0129524958929 0.0191566655249 0.0167951301188 0.0416741922986 0.0203823719894 0.0145823829718 0.00927302072855 0.0192235336628 0.0323910963095 0.0355574682594 0.0285564295561 0.0378935907597 0.029568624853 -0.000928979134738 0.0581746409119 0.0229917814499 0.0287627248209 0.0555149671632 0.559265545061 0.021754951776 0.00944576339424 0.00641387737317 0.0117512337726 0.00204604873643 0.0330648823253 0.0357641952403 0.0486827872792 0.0399757963969 0.0143221089816 0.0463479877489 0.0405603254611 0.0297585534144 0.0680780791818 0.0445257163201 0.0453265823028 0.0503883139862 0.0173929547724 0.0208093207791 0.0177649789871 0.0189943624166 0.0716999166991 
-0.0227108649507 0.0507874344968 0.0137433511578 0.0161986137058 0.00642461856324 -0.00220264513236 0.00295257746665 0.00730263696526 -0.00563262888981 0.00759648078908 0.00318687452398 0.0155577735614 0.00749329795495 0.0116726180536 0.00544126948166 0.021093932428 0.0087316071198 0.00534824863258 0.0500077235339 0.0162450764191 0.00983758859881 0.00153682297236 0.0135588736012 0.000275625468335 0.0332718695273 0.00384982459728 0.0202658445528 0.0345126827977 0.0347187719335 -0.0035805768733 0.0162511979289 0.0182560270004 0.0150813802024 0.0086258505387 0.0124470757373 0.0157701555984 0.0182673015127 0.021754951776 0.39122236257 0.00901251452237 0.021537462682 0.0130565517836 -0.00359465995345 0.0245541204064 0.0135383857762 0.00851727245344 0.00535075035161 0.00318259508598 0.0247168569806 0.0225042373367 0.0203901363386 0.00840611448301 0.0118855229988 0.00559078236387 0.0112924129844 0.0164615344604 0.00740356875293 0.0144253566326 -0.000124579612551 0.0108900524991 
