50
0.104005811155 0.22311845274 0.0307440439862 0.114001255301 0.060830846045 0.0594687244428 0.0631330997176 0.197480990077 0.0387981152642 0.136312174374 0.0597278634654 0.0188066159349 0.0576577356707 0.0135350028622 0.0852779749864 0.0373994541978 0.0716450377603 0.0388241127613 0.162626926374 0.0377827405953 0.0389775871913 0.0896788789081 0.0794924924591 0.0202574279786 0.0206637964956 0.140066530531 0.0664901393557 0.0354646018646 0.0418020448473 0.0511846892664 0.074230100705 0.106415927512 0.005148759701 0.0540864966038 0.093312473985 0.0545934085328 0.0678674292734 0.0832698050771 0.0936509155003 0.0256056876134 0.149246593495 0.0151091702759 0.0308834605432 0.0244433913508 0.146363775453 0.0295384146509 0.0420146984796 0.0316848802341 0.0246636786654 0.0570579479668 
0.512947727522 0.0476962781623 0.0317212684425 -0.00339672957492 0.0413278048401 0.0240521895318 0.0121919149984 0.040087129128 0.0146121429726 -0.0119701544687 0.0291056799789 0.030499720254 0.02420980578 0.0172555917975 0.0300313736643 0.0412991276143 0.0233436082804 0.0147271450903 0.00156320076422 0.00844350199535 0.0267151369538 0.0233323662891 0.0301733874174 0.0406590924789 0.0231681520156 0.0270735279091 0.0456845988304 0.0112085306739 0.0427635184584 0.0351608237527 0.0663158885337 0.0647303558301 0.0193147884327 -0.00375099406844 -0.00322202162801 0.0588146581852 0.0567937488224 0.00311593033801 0.0506910965658 0.0101827588025 0.0298501190554 0.0168657406761 0.0164997981952 0.014602322859 -0.000261831692115 0.0221246635786 0.00138214456255 0.00694418024813 -0.00241589457541 0.0129733632284 
0.0476962781623 0.899965435088 0.0419167549769 -0.0105834166069 0.043223892705 0.0467133754207 0.047871715888 0.070192591492 0.0433354352367 -0.00560805454444 0.0160386641509 0.0271108424314 0.0375112942448 0.0302660387089 0.0054161296743 0.030296660479 0.0080549933354 0.00497359614379 0.0197268327763 0.00573814022418 0.0241531846947 0.12323846833 0.0438732732308 0.0357063585675 0.00864589200901 0.0429470730366 0.00794582840298 -0.00436817103464 0.00468361321908 0.0349281455473 0.0633821732842 0.0519789789182 0.00773843898226 0.011362091744 0.0403605376271 0.0529037205533 0.0221116507051 0.0352633562762 0.0437636612927 0.00569693011541 0.0459833143604 -0.00899588275013 0.0244012890946 -0.00336497112755 0.0237515893065 0.00437469105519 0.0263701008991 0.00984574098852 0.0037545391661 0.0174427719744 
0.0317212684425 0.0419167549769 0.22553371605 -0.0146448048146 0.0280259984067 0.00571527924351 0.00417900535272 0.0120073016395 0.0258186936585 0.00372340801211 0.00734320635893 0.0207598396129 0.0515278806785 0.014560594643 0.0224101797353 0.0247452575126 0.00540988140169 0.0158030477533 0.0053686897378 0.0175381319778 0.0291458801066 0.0309162411941 0.0151615385516 0.0392470963361 0.0196410614128 0.0375782315125 0.0369268343052 0.0134677628358 0.0304769623026 0.016956181814 0.0522199880811 0.0244898960785 0.00420563637045 0.0156237328696 0.0144416626084 0.0214162590734 0.0154394455973 0.025033818917 0.0340631611467 0.0105232343604 0.0206403336461 0.0152235356989 0.0204995183088 0.00667871943133 0.00193881195062 0.026979411711 0.0207476663037 0.0211089553325 0.0164759094098 0.0114923619237 
-0.00339672957492 -0.0105834166069 -0.0146448048146 1.13649083627 0.0014436216561 0.00293905551611 0.0134552760863 -0.00958728860861 -0.00106601796857 -0.01195495872 0.0101785100704 -0.0149686895307 -0.00245340574255 -0.00272448909499 0.00447084726585 -8.35702873726e-05 -0.00113600181219 -0.00793949461966 -0.00420306116563 -0.00143589607271 0.00214037415665 0.0053089285073 0.0153143642119 -0.00314264000559 -0.00547137595196 -0.00834172193156 -0.0132428586207 -0.00159488059606 0.0156674333766 -0.00384172617608 -0.00795714215662 0.0187304828799 -0.00448009084676 -0.00128121644206 0.00644741510876 0.00183714806665 0.000350801969945 0.0030795295468 -0.00447097769232 -0.00950505192237 0.0251229965483 -0.00304316820781 0.0734952423044 -0.00452262785872 0.00406791278462 0.0124447344441 0.013167015321 0.000545784782376 0.00502909939166 -0.00324216928019 
0.0413278048401 0.043223892705 0.0280259984067 0.0014436216561 0.280140159191 0.00111559598556 0.0378902273238 0.0123961242774 0.029001738489 -0.0107472749392 0.0325742438246 0.0183234658042 0.0136394756175 0.0206757113195 0.00608414023924 0.0430153564111 0.0694052570067 0.0143784496042 0.0150561737465 0.0123327398502 0.0408059201026 0.00568945864593 0.0118930883903 0.0217036266801 0.0210809257135 0.021968533683 0.0400281517827 0.0137723295276 0.014526662346 0.0109196894266 0.0331361099407 0.0343325220206 0.00859001598708 0.0212957401845 0.0174206057985 0.0242991174496 0.0469785384989 0.0207191947128 0.042688941656 0.0221423492822 0.00719127908001 0.0173375362701 0.0229882114296 0.0258416763223 0.00439924325789 0.0212774508581 0.0260453427493 0.0241826972671 0.00958260610676 0.0227594404183 
0.0240521895318 0.0467133754207 0.00571527924351 0.00293905551611 0.00111559598556 0.401521042839 0.0279197161838 0.0220117703559 0.0287641278234 -0.0105635995711 0.0232877767325 0.0173416368141 0.00728871527273 0.0101844696673 -0.00361229616643 0.0147895624541 -0.00165849138613 0.00383859479227 0.001628806214 0.00494147865572 0.0343214214059 0.0335129395854 0.0201640363098 0.029077380423 0.0173646876642 0.0384552886756 -0.00709426191692 -0.0037449825913 0.0160720128967 0.00736224955985 0.0311513076027 0.0303092161597 0.0227164814754 0.00866129527862 0.0123119525958 0.0205596282697 0.0186896670327 -0.00461099010484 0.0437720517125 -0.00270290736377 0.0231132713278 0.0117494950951 0.0119543270267 0.0024790217189 -0.00246406360544 0.0230609508583 0.0144592047703 0.00985188571281 0.0151424487093 -0.00814920141261 
0.0121919149984 0.047871715888 0.00417900535272 0.0134552760863 0.0378902273238 0.0279197161838 0.456750972619 0.0314988331133 0.0222966619569 -0.01357504113 0.0224531706285 0.00975245489798 0.0034325149342 0.0149205012163 0.0059712513149 0.0178816937346 0.0198580747965 0.0277493334029 0.0216138738019 -0.00842476123208 0.0226311822543 0.0916208065617 0.0239703802833 0.0257712513557 0.0212683593157 0.0140159980989 0.0157545432202 -0.000201038745767 0.0194396851026 0.0467832314943 0.0371920606038 0.0430388955216 0.00360543623951 0.0141624971475 0.0281679734197 0.0376877836547 0.0329258860354 0.0106720303459 0.0224958375569 0.0218729987311 0.0272642142756 0.000458801751365 0.00447508824162 0.0316930664941 0.0355618001793 0.0141650646434 0.0183335266054 0.0107000231898 0.019190738691 0.00375999073675 
0.040087129128 0.070192591492 0.0120073016395 -0.00958728860861 0.0123961242774 0.0220117703559 0.0314988331133 0.870723844601 0.0199072170148 -0.0207051614962 0.00487056997233 0.0230386216578 0.0118060151537 -0.00606103639147 0.00833789027273 0.00577015650376 0.00189772682559 0.0181494377735 0.0155859674475 0.0189351575933 0.0342560241372 0.0580313258181 0.051419433368 0.0130800560984 0.0240530224445 -0.00449248293818 0.0389040086395 -0.00730047409031 0.00543737305106 0.0146289444403 0.0507043276811 0.0542850998174 -0.000728582257307 0.027364359084 0.01397970247 0.00368041230774 0.0581509609211 0.0114682041853 0.0397521632277 -0.00466387573869 0.0331129570128 -0.00170476011134 0.0150562333808 0.0165110086208 -0.00748077406839 0.0205699315885 0.0221478790873 0.0202199236216 0.0352414568461 0.00622826185388 
0.0146121429726 0.0433354352367 0.0258186936585 -0.00106601796857 0.029001738489 0.0287641278234 0.0222966619569 0.0199072170148 0.220769516236 -0.0157788863059 0.0184951328849 0.009569458112 0.022942565951 0.0116383251343 0.0128678684555 0.0198476838907 -0.00246014275104 0.0117898859161 0.011910267477 0.0191572178113 0.0182528231075 0.0317107313368 0.0272829530934 0.02744553495 0.0141577142904 0.0207295154626 0.026132811593 0.00805739854202 0.041901130855 0.0156913507621 0.0292545311992 0.0248485254763 0.00450122188875 0.0114399556815 0.00841448276818 0.0500264803914 0.0148019778649 0.0242702353901 0.0127784288503 -0.00152527087097 0.0352279434297 0.00989948135981 0.0105784397703 0.00205489078905 0.011640007271 0.0305079890748 0.0075239560393 0.020680805648 0.00486585091058 0.0206145965064 
-0.0119701544687 -0.00560805454444 0.0037234080121 -0.01195495872 -0.0107472749392 -0.0105635995711 -0.01357504113 -0.0207051614962 -0.0157788863059 1.94134411215 0.0106622813186 -0.0189722733088 -0.00465974325882 0.0254938840669 0.00161911891739 -0.0155762101353 -0.0193181433086 -0.0200302754082 -0.000132017333967 0.00613462078345 -0.0251374612441 -0.0139591178857 -0.0124338357231 -0.0074264733078 -0.00958235463501 -0.0274978992654 -0.00796720522644 -0.0117101948452 -0.000352899905778 -0.0208536492768 -0.00487151777342 -0.00428738309284 -0.00562964225093 -0.0093885651422 0.00374260758715 -0.00714978433038 -0.00988074205213 -0.0341151045745 -0.00637218046305 0.00268698530791 0.0192536135138 0.0109901137503 -0.0142314781909 -0.00490320506375 -0.000315132022146 -0.00147297191462 0.00611112792398 0.00046081136718 -0.00823017157266 0.00812247007028 
0.0291056799789 0.0160386641509 0.00734320635893 0.0101785100704 0.0325742438246 0.0232877767325 0.0224531706285 0.00487056997233 0.0184951328849 0.0106622813186 0.398955423223 0.020384347749 0.0134973605305 0.0192296830856 0.0224863371158 0.0256732964198 0.0239151306182 0.0128471712941 0.0129534482783 0.00305364826474 0.011395963687 0.0244266664192 0.0612814263759 0.0271625046223 0.017380606945 0.00584542086496 0.0226532005123 8.73534175005e-05 0.030352539701 0.0130704993226 0.0254366830388 0.0108779711785 0.0277825722204 0.00210538989562 0.0191728408 0.0446095107514 0.0224377865483 0.0366616379374 0.0181343381634 0.00820547380044 0.0339569172238 0.00916068742584 0.0019124640326 0.011433056842 0.00561596079249 0.013481036956 0.0156512898156 0.0207277757619 -0.00116243100101 0.00247199128167 
0.030499720254 0.0271108424314 0.0207598396129 -0.0149686895307 0.0183234658042 0.0173416368141 0.00975245489798 0.0230386216578 0.009569458112 -0.0189722733088 0.020384347749 0.190154144748 0.00749562093922 0.0144305577161 0.0226519518647 0.0327536951994 0.00777584519681 0.0183911002951 0.0137118626835 0.000211019071236 0.0111242243065 0.00373031985717 0.0256108041956 0.0164205887077 0.0141323476447 0.0125460275537 0.0222864263687 -0.001263263146 0.00311471699228 0.0139930575479 0.0310973891248 0.00533659706879 0.00935639667101 -0.00786043529212 -0.00417855989661 0.0180556834135 0.0380250821205 0.00995657841085 0.0470666198618 0.0090883756785 0.00646848415234 0.00874994237325 0.00799552215286 0.0205920688372 0.00363208006129 0.00805668418725 0.00478503760365 0.0210708517199 0.0124572707486 0.0104847337171 
0.02420980578 0.0375112942448 0.0515278806785 -0.00245340574255 0.0136394756175 0.00728871527273 0.00343251493419 0.0118060151537 0.022942565951 -0.00465974325882 0.0134973605305 0.00749562093922 0.239346158888 0.0167099660664 0.0182753938618 0.0216184303333 0.0213503609899 0.0151692053408 0.00196661914545 0.019121467981 0.0128088906187 0.0285527615569 0.0223007645964 0.025668989463 0.0218919973137 0.0144781335343 0.0171473519676 0.0174823822018 0.0192739935579 0.0191984594896 0.0506561054401 0.0229077663766 0.0182070791021 0.0279495125488 -0.00128139698219 0.032635411109 0.0275048512965 0.00832809486308 0.0439075117434 0.00724960237263 0.0223868602773 0.0111432754938 0.0100734915165 0.0117465500718 0.00112165662985 0.0175978473087 0.0285125978513 0.0169490315938 0.00786980121606 0.00407733151982 
0.0172555917975 0.0302660387089 0.014560594643 -0.00272448909498 0.0206757113195 0.0101844696673 0.0149205012163 -0.00606103639147 0.0116383251343 0.0254938840669 0.0192296830856 0.0144305577161 0.0167099660664 0.191192022013 0.0268124767103 0.0135088771794 0.0224711989401 0.016207021461 0.0103271838717 0.0111420599813 0.0288245852452 0.010290100654 0.0233163668163 0.0267847340814 0.0229978431429 0.0215681695343 0.0104546040573 0.0133201209744 0.0226113726736 0.0133726171193 0.0291922805576 0.0175133440832 0.00915889782333 0.0073884564037 0.0124019317361 0.0239708910809 0.0148479657621 0.00932480765561 0.0159283734889 0.0104664010276 0.0150160612448 0.00794053155089 0.0188145710293 0.0146210226878 -0.0223771549868 0.0166431260063 0.00855498088642 0.0259182433112 0.0188314062524 0.00749390335533 
0.0300313736643 0.0054161296743 0.0224101797353 0.00447084726585 0.00608414023924 -0.00361229616643 0.0059712513149 0.00833789027273 0.0128678684555 0.00161911891739 0.0224863371158 0.0226519518647 0.0182753938618 0.0268124767103 0.399855028053 0.0236240553769 -0.0101374292646 0.0236551695348 0.012118203394 0.0109505758004 0.0361854963879 -0.000636544943771 0.0451429593621 -0.000145476062091 0.013958859204 0.0321052333462 0.0450151430904 0.0212083338367 0.0224851737593 0.00367652044411 0.0276826627905 -0.000112606307888 0.0170138144069 0.0199381825178 0.016674569714 0.0254634170096 0.0328437625088 0.00451271229625 0.0303023843158 0.0193445507744 0.0180673189414 0.0194291002382 0.0168544671509 0.0135310044037 0.0447420359182 0.00838822840051 0.0129220061616 0.00903597756707 0.0122258166541 0.00787738270833 
0.0412991276143 0.030296660479 0.0247452575126 -8.35702873727e-05 0.0430153564111 0.0147895624541 0.0178816937346 0.00577015650376 0.0198476838907 -0.0155762101353 0.0256732964198 0.0327536951994 0.0216184303333 0.0135088771794 0.0236240553769 0.308447521125 0.0235915672631 0.0126596864337 0.0115058063415 0.00919004566244 0.0251318608223 -0.00565244362483 0.0136109662644 0.00242771649332 0.0154891495695 0.0162458127657 0.0353721644378 0.0039938989504 0.0195120686962 0.0126656440179 0.0459130532827 0.0176914976888 0.0103296993539 -0.00368737594423 0.0284691910734 0.0126922310052 0.0283929980054 -0.00570341485286 0.0379801133276 0.0203260257991 0.0193711323061 0.0203951778315 0.0184928029545 0.0147952215405 0.0278433633928 0.0141804462366 0.00963866914366 0.0123949093305 0.00758129064532 0.022569857894 
0.0233436082804 0.0080549933354 0.00540988140169 -0.00113600181219 0.0694052570067 -0.00165849138613 0.0198580747965 0.00189772682559 -0.00246014275104 -0.0193181433086 0.0239151306182 0.00777584519681 0.0213503609899 0.0224711989401 -0.0101374292646 0.0235915672631 0.458721929861 -0.00317540738167 0.0424407025328 -0.00282716791439 0.0157106988654 0.0403080733845 0.00639959122005 0.0179097111184 0.0111998928127 0.00591920735328 -0.000261268931314 0.00683449676849 0.0217339388744 -0.0104201195311 0.0165812736147 0.0077853367192 0.0153180151838 0.0178153494523 0.0356482068485 0.0219680689355 -0.00239563501489 0.0113700615351 0.0256808012754 0.00801619289356 -0.0150404785576 -0.000309187254949 0.00512782630763 -0.00102642885536 0.0208845129174 -0.00256059285369 0.0266661995123 0.0033730012029 0.01289512557 -0.00124151656414 
0.0147271450903 0.00497359614379 0.0158030477533 -0.00793949461966 0.0143784496042 0.00383859479227 0.0277493334029 0.0181494377735 0.0117898859161 -0.0200302754082 0.0128471712941 0.0183911002951 0.0151692053408 0.016207021461 0.0236551695348 0.0126596864337 -0.00317540738167 0.181884518162 -0.00593338573788 0.0103755645337 0.0280015064584 0.018891373011 0.0261525775585 0.0168694281531 0.0166871910935 0.0071358635152 0.026601484015 0.00368060905328 0.0139638815861 0.0132765079968 0.0336030144757 0.0141302416905 0.0013284102099 0.0128685180963 0.0157313910788 0.0172344038801 0.0271140911551 0.00189331653405 0.0246260317824 0.00520780059492 0.00881739441935 0.00671119791227 0.023116539797 0.0284384345172 0.00688087125296 0.0299431679269 0.0144185305609 0.0232997996953 0.0165266355953 0.0173602739122 
0.00156320076422 0.0197268327763 0.0053686897378 -0.00420306116563 0.0150561737465 0.001628806214 0.0216138738019 0.0155859674475 0.011910267477 -0.000132017333967 0.0129534482783 0.0137118626835 0.00196661914545 0.0103271838717 0.012118203394 0.0115058063415 0.0424407025328 -0.00593338573788 1.12264550056 0.029604633857 -0.000155706799075 -0.00021029313349 0.00328064852415 -0.0135580077383 0.0142351549764 0.0104231395047 0.0166802500114 0.0403078151343 0.0165454261254 0.00272950959273 0.00152296090271 -0.00824936978013 0.0113368145359 -0.00622042305117 0.0513341406946 0.0332446392454 0.00451577705984 0.041523525952 -0.00914092762036 0.0172272004585 0.0593036899679 0.0169068057213 0.000790701336113 0.0135608272695 0.0103938828976 0.00211208576036 0.0525031182373 0.049542269718 0.00518697751563 0.0453104107784 
0.00844350199535 0.00573814022418 0.0175381319778 -0.00143589607271 0.0123327398502 0.00494147865573 -0.00842476123208 0.0189351575933 0.0191572178113 0.00613462078345 0.00305364826474 0.000211019071236 0.019121467981 0.0111420599813 0.0109505758004 0.00919004566244 -0.00282716791439 0.0103755645337 0.029604633857 0.326339707604 0.019796780897 0.0122483091706 0.0086065907245 0.0179079789111 0.0100460202894 0.0100944997994 0.015304111344 0.0247946131882 0.0182798666449 0.0105555347175 0.040526456453 -0.00457891101599 0.00349560404513 0.0165615694253 0.0167059781477 0.0136547803347 0.0232166809398 0.0440392128576 0.0346423966095 0.0118409805387 0.0406520843972 0.00331119824327 0.0148388516919 0.00529709612028 0.00964208836355 0.0154252724434 0.019080812256 0.0123864131204 0.00629280811835 0.0157322068537 
0.0267151369538 0.0241531846947 0.0291458801066 0.00214037415665 0.0408059201026 0.0343214214059 0.0226311822543 0.0342560241372 0.0182528231075 -0.0251374612441 0.011395963687 0.0111242243065 0.0128088906187 0.0288245852452 0.0361854963879 0.0251318608223 0.0157106988654 0.0280015064584 -0.000155706799075 0.019796780897 0.235962074794 0.0103140572551 0.00965220827406 0.0226312009175 0.0255038911652 0.0335093444687 0.0372540070743 0.0192095316533 0.0179299923538 0.00125583529671 0.0309702070909 -0.000148608644063 0.00668252591082 0.00660767083872 0.00810000563536 0.0114459504084 0.0249970283078 -0.00379789143123 0.0144921879284 8.33395958284e-06 0.0164063283473 0.0175444364363 0.02394588832 0.0201728819915 0.00183340560604 0.0160930147019 0.0296369944887 0.0254992456787 0.0243917466555 0.0145634541285 
0.0233323662891 0.12323846833 0.0309162411941 0.0053089285073 0.00568945864593 0.0335129395854 0.0916208065617 0.0580313258181 0.0317107313368 -0.0139591178857 0.0244266664192 0.00373031985717 0.0285527615569 0.010290100654 -0.00063654494377 -0.00565244362483 0.0403080733845 0.018891373011 -0.00021029313349 0.0122483091706 0.0103140572551 0.528227674427 0.00452635175903 0.07713260386 0.0143313238206 0.0114566078629 0.0371235912703 0.00661608455109 0.027174938454 0.0385709286795 0.0529709802379 0.049050686539 -0.00499981434123 0.0390673008179 0.01518983158 0.0383807712767 0.033532174756 0.0070988116161 0.0419683365837 0.00758189640973 -0.00460676616497 0.0176121827579 0.0232990624725 0.0132677196248 -0.00418030425026 0.0246623432909 0.0274239438967 0.0143510176839 0.00791587520968 0.017177530641 
0.0301733874174 0.0438732732308 0.0151615385516 0.0153143642119 0.0118930883903 0.0201640363098 0.0239703802833 0.051419433368 0.0272829530934 -0.0124338357231 0.0612814263759 0.0256108041956 0.0223007645964 0.0233163668163 0.0451429593621 0.0136109662644 0.00639959122005 0.0261525775585 0.00328064852415 0.0086065907245 0.00965220827406 0.00452635175903 0.324362241475 0.0225899904697 0.0120213236032 0.019281109188 0.0317612673684 0.000139697850396 0.030635093174 0.0105400939018 0.0320363923823 0.0384988080978 0.00580357818692 0.0259836535493 0.000228342324413 0.0261678391729 0.0673683656734 0.0192463315641 0.0584916227958 0.0100106448904 0.029634922816 0.0149996022326 0.0265488969678 0.00617992182761 0.00803069311102 0.0243789080845 0.0240534604114 0.00348530907373 0.0237022093399 0.0108551029281 
0.0406590924789 0.0357063585675 0.0392470963361 -0.00314264000559 0.0217036266801 0.029077380423 0.0257712513557 0.0130800560984 0.02744553495 -0.0074264733078 0.0271625046223 0.0164205887077 0.025668989463 0.0267847340814 -0.00014547606209 0.00242771649332 0.0179097111184 0.0168694281531 -0.0135580077383 0.0179079789111 0.0226312009175 0.07713260386 0.0225899904697 0.262472172184 0.0201818338226 0.0209165056661 0.00965280758566 0.0017425416981 0.0346828818699 0.0455779662224 0.0434796780874 0.0321816142646 0.0102302068216 0.0134463906524 0.0304319279292 0.0431542804971 0.0217409043223 0.00436955577692 0.0130110715921 0.0151290998711 0.0349608135459 0.0179540074434 0.00898789193315 0.00568374633181 0.00798326004417 0.0134076885797 0.0145721100859 0.0311216837884 0.0132012237511 0.00444326561693 
0.0231681520156 0.00864589200901 0.0196410614128 -0.00547137595196 0.0210809257135 0.0173646876642 0.0212683593157 0.0240530224445 0.0141577142904 -0.00958235463501 0.017380606945 0.0141323476447 0.0218919973137 0.0229978431429 0.013958859204 0.0154891495695 0.0111998928127 0.0166871910935 0.0142351549764 0.0100460202894 0.0255038911652 0.0143313238206 0.0120213236032 0.0201818338226 0.146604540288 0.016564877211 0.030187753079 0.0172999541094 0.00547116684473 -0.00628449978876 0.0106894898737 -9.11791216859e-06 0.0155029761329 0.00591676343396 0.0127534836718 0.00863890952545 0.023945342384 -0.00707227337497 0.0165324143128 0.0084661214837 0.00484558933576 0.016745666019 0.0218993860857 0.0179477997485 0.0331680077817 0.0203582620795 0.019228613764 0.0187568821213 0.0134831008871 0.00799088633211 
0.0270735279091 0.0429470730366 0.0375782315125 -0.00834172193156 0.021968533683 0.0384552886756 0.0140159980989 -0.00449248293818 0.0207295154626 -0.0274978992654 0.00584542086496 0.0125460275537 0.0144781335343 0.0215681695343 0.0321052333462 0.0162458127657 0.00591920735328 0.0071358635152 0.0104231395047 0.0100944997994 0.0335093444687 0.0114566078629 0.019281109188 0.0209165056661 0.016564877211 1.45103273838 0.0635632991838 0.0125216249681 0.0162179841626 0.000715042809409 0.0520815210086 0.0308692007566 0.0018476389414 0.0445807311007 0.000955613523528 0.0126094603567 0.00550216643465 0.0211125279039 0.0340216838387 0.0112409451636 0.0194256264309 0.010308006161 -0.00739444104402 -0.0170201893408 0.0340688923105 0.0148185336957 0.00491634491125 0.021715716872 0.0104719997241 -0.000238872060702 
0.0456845988304 0.00794582840298 0.0369268343052 -0.0132428586207 0.0400281517827 -0.00709426191692 0.0157545432202 0.0389040086395 0.026132811593 -0.00796720522644 0.0226532005123 0.0222864263687 0.0171473519676 0.0104546040573 0.0450151430904 0.0353721644378 -0.000261268931314 0.026601484015 0.0166802500114 0.015304111344 0.0372540070743 0.0371235912703 0.0317612673684 0.00965280758566 0.030187753079 0.0635632991838 0.34580807073 0.0134138434775 0.0289788093073 -0.0179382622784 0.0864345465478 0.034020776929 0.00147929671365 0.0302981924438 -0.0152318294841 0.0189215094173 0.0147173307441 0.00597699636437 0.0251864056691 0.00446229803589 0.0176663428532 0.0253638590625 0.022238021652 0.0123398832875 0.0166731784663 0.0649992482049 0.0242969876297 0.0257239664562 0.0303154253876 0.0304622697999 
0.0112085306739 -0.00436817103464 0.0134677628358 -0.00159488059606 0.0137723295276 -0.0037449825913 -0.000201038745768 -0.00730047409031 0.00805739854202 -0.0117101948452 8.73534175004e-05 -0.001263263146 0.0174823822018 0.0133201209744 0.0212083338367 0.0039938989504 0.00683449676849 0.00368060905328 0.0403078151343 0.0247946131882 0.0192095316533 0.00661608455109 0.000139697850396 0.0017425416981 0.0172999541094 0.0125216249681 0.0134138434775 0.20100344589 0.0138320813357 0.00626257575509 0.0173052229945 0.0182752059175 0.0032629822556 0.0143794817937 0.0199810144703 0.0127143202931 -0.000447953851963 0.0263569255515 -0.0125285041316 0.00145990211744 0.0417634060995 0.00468975982281 0.022913499552 0.00124876370637 0.0152273605187 0.00391050403012 0.0184876794732 0.0106080376463 0.0149144499616 0.00137255750596 
0.0427635184584 0.00468361321908 0.0304769623026 0.0156674333766 0.014526662346 0.0160720128967 0.0194396851026 0.00543737305106 0.041901130855 -0.000352899905778 0.030352539701 0.00311471699229 0.0192739935579 0.0226113726736 0.0224851737593 0.0195120686962 0.0217339388744 0.0139638815861 0.0165454261254 0.0182798666449 0.0179299923538 0.027174938454 0.030635093174 0.0346828818699 0.00547116684473 0.0162179841626 0.0289788093073 0.0138320813357 0.239663432588 0.0260315457692 0.0536518098002 0.0416912345392 0.00425567317252 0.00150355920039 0.00095114893029 0.0644189974314 0.024033574754 0.0231916652894 0.0196016242436 0.0122040847388 0.0325597103929 0.00406647189586 0.00365630725293 0.0151446743067 0.0133512559968 0.0199905543506 0.0216586731709 0.0193167017644 0.0143023638561 0.0203866019273 
0.0351608237527 0.0349281455473 0.016956181814 -0.00384172617608 0.0109196894266 0.00736224955985 0.0467832314943 0.0146289444403 0.0156913507621 -0.0208536492768 0.0130704993226 0.0139930575479 0.0191984594896 0.0133726171193 0.00367652044411 0.0126656440179 -0.0104201195311 0.0132765079968 0.00272950959273 0.0105555347175 0.00125583529671 0.0385709286795 0.0105400939018 0.0455779662224 -0.00628449978876 0.000715042809409 -0.0179382622784 0.00626257575509 0.0260315457692 0.329814591454 0.040124957545 0.0291762524785 -0.00320938331585 -0.00492871978185 0.022924654672 0.0408997244757 0.0305526115426 0.0238367573307 0.00139600612072 0.010667581573 0.0054769597577 0.00355844522273 0.00519811464749 0.0115703374312 0.0127707829831 -0.0110849873307 -0.00102251242116 0.0144916285422 -0.0081863966857 0.00787047774166 
0.0663158885337 0.0633821732842 0.0522199880811 -0.00795714215662 0.0331361099407 0.0311513076027 0.0371920606038 0.0507043276811 0.0292545311992 -0.00487151777342 0.0254366830388 0.0310973891248 0.0506561054401 0.0291922805576 0.0276826627905 0.0459130532827 0.0165812736147 0.0336030144757 0.00152296090271 0.040526456453 0.0309702070909 0.0529709802379 0.0320363923823 0.0434796780874 0.0106894898737 0.0520815210086 0.0864345465478 0.0173052229945 0.0536518098002 0.040124957545 0.477453164686 0.0566700940643 0.0277837284795 0.0224079327293 0.054713445141 0.0596541317565 0.0412258248557 0.0342742989614 0.0947565302157 0.0024701719561 0.0897879150155 0.0176020535132 0.0261029977453 0.0174733966008 0.0423265811169 0.0370079452984 0.0226317670679 0.0238597420381 0.0118639112303 0.00224234897133 
0.0647303558301 0.0519789789182 0.0244898960785 0.0187304828799 0.0343325220206 0.0303092161597 0.0430388955216 0.0542850998174 0.0248485254763 -0.00428738309284 0.0108779711785 0.00533659706879 0.0229077663766 0.0175133440832 -0.000112606307889 0.0176914976888 0.0077853367192 0.0141302416905 -0.00824936978012 -0.00457891101599 -0.000148608644063 0.049050686539 0.0384988080978 0.0321816142646 -9.11791216823e-06 0.0308692007566 0.034020776929 0.0182752059175 0.0416912345392 0.0291762524785 0.0566700940643 0.596973365829 0.00390025188364 0.0237366354648 0.028993066673 0.0610081461354 0.013807848459 0.0166935442418 0.0646590448457 0.010991555772 0.0306775477667 0.00239101583474 0.00436984194979 0.00511874588781 0.0184990208411 0.0060444736657 0.0223974705926 0.0115831758669 -0.000366533641473 0.118113017928 
0.0193147884327 0.00773843898226 0.00420563637045 -0.00448009084676 0.00859001598708 0.0227164814754 0.00360543623951 -0.000728582257307 0.00450122188875 -0.00562964225093 0.0277825722204 0.00935639667101 0.0182070791021 0.00915889782333 0.0170138144069 0.0103296993539 0.0153180151838 0.0013284102099 0.0113368145359 0.00349560404513 0.00668252591082 -0.00499981434123 0.00580357818692 0.0102302068216 0.0155029761329 0.0018476389414 0.00147929671365 0.0032629822556 0.00425567317252 -0.00320938331585 0.0277837284795 0.00390025188364 0.230976185528 -0.01423476769 0.00300219571009 9.81274913838e-05 0.0224824524664 -0.00164054489365 -0.0062094539591 0.0226049398134 0.00751972501708 -0.000426063064867 0.0148191226912 0.00784934062578 0.0194146590216 0.0116784771506 0.00814716943641 0.0069171568989 0.00491269139709 0.00446770993792 
-0.00375099406844 0.011362091744 0.0156237328696 -0.00128121644206 0.0212957401845 0.00866129527862 0.0141624971475 0.027364359084 0.0114399556815 -0.0093885651422 0.00210538989562 -0.00786043529212 0.0279495125488 0.0073884564037 0.0199381825178 -0.00368737594423 0.0178153494523 0.0128685180963 -0.00622042305117 0.0165615694253 0.00660767083872 0.0390673008179 0.0259836535493 0.0134463906524 0.00591676343396 0.0445807311007 0.0302981924438 0.0143794817937 0.00150355920039 -0.00492871978185 0.0224079327293 0.0237366354648 -0.01423476769 0.388740111866 0.0112950487896 0.0184232057655 0.0198033138822 0.00145853271977 0.0146046954543 0.0017970568444 0.0266808766261 0.006189115026 0.00946446187959 0.000316827669696 0.0128046668389 0.0146795928634 0.0111032716658 0.0108009406358 0.0104442179148 -0.0158369580756 
-0.00322202162801 0.0403605376271 0.0144416626084 0.00644741510876 0.0174206057985 0.0123119525958 0.0281679734197 0.01397970247 0.00841448276818 0.00374260758715 0.0191728408 -0.0041785598966 -0.00128139698219 0.0124019317361 0.016674569714 0.0284691910734 0.0356482068485 0.0157313910788 0.0513341406946 0.0167059781477 0.00810000563536 0.01518983158 0.000228342324413 0.0304319279292 0.0127534836718 0.000955613523528 -0.0152318294841 0.0199810144703 0.000951148930289 0.022924654672 0.054713445141 0.028993066673 0.00300219571009 0.0112950487896 0.407431923326 0.013645068049 0.022875622612 0.133409515913 0.0156072497587 -0.000992303119782 0.155575000287 0.00463306001142 -0.00653733634772 -0.000852707491383 0.0287096055007 0.00308228269431 0.0455043785832 0.00905220287252 -0.00462464721414 0.0151438439127 
0.0588146581852 0.0529037205533 0.0214162590734 0.00183714806665 0.0242991174496 0.0205596282697 0.0376877836547 0.00368041230774 0.0500264803914 -0.00714978433038 0.0446095107514 0.0180556834135 0.032635411109 0.0239708910809 0.0254634170096 0.0126922310052 0.0219680689355 0.0172344038801 0.0332446392454 0.0136547803347 0.0114459504084 0.0383807712767 0.0261678391729 0.0431542804971 0.00863890952545 0.0126094603567 0.0189215094173 0.0127143202931 0.0644189974314 0.0408997244757 0.0596541317565 0.0610081461354 9.81274913835e-05 0.0184232057655 0.013645068049 0.248178531125 0.0230697924103 0.0508846228162 0.0261036476596 0.0130556605405 0.0390690928201 0.0122201285167 0.0196241412595 0.0215131158465 0.0235942288348 0.0133992357865 0.0200571131052 0.0256424351951 0.0121941614047 0.0191226956764 
0.0567937488224 0.0221116507051 0.0154394455973 0.000350801969945 0.0469785384989 0.0186896670327 0.0329258860354 0.0581509609211 0.0148019778649 -0.00988074205213 0.0224377865483 0.0380250821205 0.0275048512965 0.0148479657621 0.0328437625088 0.0283929980054 -0.00239563501489 0.027114091155 0.00451577705984 0.0232166809398 0.0249970283078 0.033532174756 0.0673683656734 0.0217409043223 0.023945342384 0.00550216643465 0.0147173307441 -0.000447953851964 0.024033574754 0.0305526115426 0.0412258248557 0.013807848459 0.0224824524664 0.0198033138822 0.022875622612 0.0230697924103 0.389410832598 0.00305863066351 0.072495896168 0.0300573468371 0.016024007854 0.0267535590772 0.0122706179831 0.0136755646683 0.00930260987264 0.0215873387509 0.01221861798 0.0174446171645 0.0129174865524 0.0157474138676 
0.00311593033801 0.0352633562762 0.025033818917 0.0030795295468 0.0207191947128 -0.00461099010484 0.0106720303459 0.0114682041853 0.0242702353901 -0.0341151045745 0.0366616379374 0.00995657841085 0.00832809486308 0.00932480765561 0.00451271229625 -0.00570341485286 0.0113700615351 0.00189331653405 0.041523525952 0.0440392128576 -0.00379789143123 0.0070988116161 0.0192463315641 0.00436955577692 -0.00707227337497 0.0211125279039 0.00597699636437 0.0263569255515 0.0231916652894 0.0238367573307 0.0342742989613 0.0166935442418 -0.00164054489365 0.00145853271977 0.133409515913 0.0508846228162 0.00305863066351 0.359619018159 0.0207475278901 0.00656556099542 0.149615028815 0.0118491892596 0.0109340043713 -0.00784129152053 0.0149345153425 0.00280097148959 0.0347770383471 0.00830387253841 0.0118432364861 0.0025997179245 
0.0506910965658 0.0437636612927 0.0340631611467 -0.00447097769232 0.042688941656 0.0437720517125 0.0224958375569 0.0397521632277 0.0127784288503 -0.00637218046305 0.0181343381634 0.0470666198618 0.0439075117434 0.0159283734889 0.0303023843158 0.0379801133276 0.0256808012754 0.0246260317824 -0.00914092762036 0.0346423966095 0.0144921879284 0.0419683365837 0.0584916227958 0.0130110715921 0.0165324143128 0.0340216838387 0.0251864056691 -0.0125285041316 0.0196016242436 0.00139600612072 0.0947565302157 0.0646590448457 -0.00620945395909 0.0146046954543 0.0156072497587 0.0261036476596 0.072495896168 0.0207475278901 0.437267503573 0.00916268725653 0.0136206013919 0.0114108399804 0.0152212335793 0.00465686945074 0.0090316277494 0.0305762507107 0.0245368409378 0.0211835853439 0.00705254524425 0.0328708474852 
0.0101827588025 0.00569693011542 0.0105232343604 -0.00950505192237 0.0221423492822 -0.00270290736377 0.0218729987311 -0.00466387573869 -0.00152527087097 0.00268698530791 0.00820547380044 0.0090883756785 0.00724960237263 0.0104664010276 0.0193445507744 0.0203260257991 0.00801619289356 0.00520780059492 0.0172272004585 0.0118409805387 8.33395958241e-06 0.00758189640973 0.0100106448904 0.0151290998711 0.0084661214837 0.0112409451636 0.00446229803589 0.00145990211744 0.0122040847388 0.010667581573 0.0024701719561 0.010991555772 0.0226049398134 0.0017970568444 -0.000992303119783 0.0130556605405 0.0300573468371 0.00656556099542 0.00916268725653 0.216324163353 -0.00046931128187 0.0192431913238 0.00498682965072 0.0172748823259 0.0123863211349 0.0189670735055 0.00552203053817 0.00718118858613 0.00363502846458 0.0203140050494 
0.0298501190554 0.0459833143604 0.0206403336461 0.0251229965483 0.00719127908001 0.0231132713278 0.0272642142756 0.0331129570128 0.0352279434297 0.0192536135138 0.0339569172238 0.00646848415234 0.0223868602773 0.0150160612448 0.0180673189414 0.0193711323061 -0.0150404785576 0.00881739441935 0.0593036899679 0.0406520843972 0.0164063283473 -0.00460676616497 0.029634922816 0.0349608135459 0.00484558933576 0.0194256264309 0.0176663428532 0.0417634060995 0.0325597103929 0.0054769597577 0.0897879150155 0.0306775477667 0.00751972501708 0.0266808766261 0.155575000287 0.0390690928201 0.016024007854 0.149615028815 0.0136206013919 -0.00046931128187 0.540401018536 0.00868157411314 0.00209234332809 0.00514310122034 0.0157275839069 0.00517366820244 0.042875501567 0.0107898140375 0.00513953349185 0.0256949048512 
0.0168657406761 -0.00899588275013 0.0152235356989 -0.00304316820781 0.0173375362701 0.0117494950951 0.000458801751365 -0.00170476011134 0.00989948135981 0.0109901137503 0.00916068742584 0.00874994237325 0.0111432754938 0.00794053155089 0.0194291002382 0.0203951778315 -0.000309187254949 0.00671119791227 0.0169068057213 0.00331119824327 0.0175444364363 0.0176121827579 0.0149996022326 0.0179540074434 0.016745666019 0.010308006161 0.0253638590625 0.00468975982281 0.00406647189586 0.00355844522273 0.0176020535132 0.00239101583474 -0.000426063064868 0.006189115026 0.00463306001142 0.0122201285167 0.0267535590772 0.0118491892596 0.0114108399804 0.0192431913238 0.00868157411314 0.155212825907 0.00897471172631 0.0129127243108 0.0135813815563 0.0181703924616 0.00449381469959 0.00558989169901 0.00558342217162 0.0161148393697 
0.0164997981952 0.0244012890946 0.0204995183088 0.0734952423044 0.0229882114296 0.0119543270267 0.00447508824162 0.0150562333808 0.0105784397703 -0.0142314781909 0.0019124640326 0.00799552215286 0.0100734915165 0.0188145710293 0.0168544671509 0.0184928029545 0.00512782630763 0.023116539797 0.000790701336114 0.0148388516919 0.02394588832 0.0232990624725 0.0265488969678 0.00898789193316 0.0218993860857 -0.00739444104402 0.022238021652 0.022913499552 0.00365630725293 0.00519811464749 0.0261029977453 0.00436984194979 0.0148191226912 0.00946446187959 -0.00653733634772 0.0196241412595 0.0122706179831 0.0109340043713 0.0152212335793 0.00498682965072 0.00209234332809 0.0089747117263 0.194723933022 0.0193166217411 0.00396943070676 0.0379183957821 0.0150091754894 0.0175103147452 0.0185337282312 0.00809654665095 
0.014602322859 -0.00336497112755 0.00667871943132 -0.00452262785872 0.0258416763223 0.0024790217189 0.0316930664941 0.0165110086208 0.00205489078905 -0.00490320506375 0.011433056842 0.0205920688372 0.0117465500718 0.0146210226878 0.0135310044037 0.0147952215405 -0.00102642885536 0.0284384345172 0.0135608272695 0.00529709612028 0.0201728819915 0.0132677196248 0.00617992182761 0.00568374633181 0.0179477997485 -0.0170201893408 0.0123398832875 0.00124876370637 0.0151446743067 0.0115703374312 0.0174733966008 0.00511874588781 0.00784934062578 0.000316827669696 -0.000852707491382 0.0215131158465 0.0136755646683 -0.00784129152054 0.00465686945073 0.0172748823259 0.00514310122034 0.0129127243108 0.0193166217411 0.18137605372 -0.00112015248971 0.0122324640426 0.00735233883569 0.0147212016815 0.01035834049 0.0198885164304 
-0.000261831692115 0.0237515893065 0.00193881195062 0.00406791278462 0.00439924325789 -0.00246406360544 0.0355618001793 -0.00748077406839 0.011640007271 -0.000315132022145 0.00561596079249 0.00363208006129 0.00112165662985 -0.0223771549868 0.0447420359182 0.0278433633928 0.0208845129174 0.00688087125296 0.0103938828976 0.00964208836355 0.00183340560604 -0.00418030425026 0.00803069311102 0.00798326004417 0.0331680077817 0.0340688923105 0.0166731784663 0.0152273605187 0.0133512559968 0.0127707829831 0.0423265811169 0.0184990208411 0.0194146590216 0.0128046668389 0.0287096055007 0.0235942288348 0.00930260987264 0.0149345153425 0.0090316277494 0.0123863211349 0.0157275839069 0.0135813815563 0.00396943070676 -0.00112015248971 0.979906751549 0.000702703027317 0.0128877494978 -0.00815391580363 0.00236045538818 -0.00108987881916 
0.0221246635786 0.00437469105519 0.026979411711 0.0124447344441 0.0212774508581 0.0230609508583 0.0141650646434 0.0205699315885 0.0305079890748 -0.00147297191462 0.013481036956 0.00805668418725 0.0175978473087 0.0166431260063 0.00838822840051 0.0141804462366 -0.00256059285369 0.0299431679269 0.00211208576036 0.0154252724434 0.0160930147019 0.024662343291 0.0243789080845 0.0134076885797 0.0203582620795 0.0148185336957 0.0649992482049 0.00391050403011 0.0199905543506 -0.0110849873307 0.0370079452984 0.0060444736657 0.0116784771506 0.0146795928634 0.00308228269431 0.0133992357865 0.0215873387509 0.00280097148959 0.0305762507107 0.0189670735055 0.00517366820244 0.0181703924616 0.0379183957821 0.0122324640426 0.000702703027317 0.204856231764 0.01606980672 0.0142758549806 0.0167626777797 0.0135125163411 
0.00138214456255 0.0263701008991 0.0207476663037 0.013167015321 0.0260453427493 0.0144592047703 0.0183335266054 0.0221478790873 0.00752395603929 0.00611112792398 0.0156512898156 0.00478503760365 0.0285125978513 0.00855498088642 0.0129220061616 0.00963866914367 0.0266661995123 0.0144185305609 0.0525031182373 0.019080812256 0.0296369944887 0.0274239438967 0.0240534604114 0.0145721100859 0.019228613764 0.00491634491125 0.0242969876297 0.0184876794732 0.0216586731709 -0.00102251242116 0.0226317670679 0.0223974705926 0.0081471694364 0.0111032716658 0.0455043785832 0.0200571131052 0.01221861798 0.0347770383471 0.0245368409378 0.00552203053817 0.042875501567 0.00449381469959 0.0150091754894 0.00735233883569 0.0128877494978 0.01606980672 0.201574512779 0.0129291968846 0.0209714240617 0.0222546736391 
0.00694418024813 0.00984574098852 0.0211089553324 0.000545784782376 0.0241826972671 0.00985188571281 0.0107000231898 0.0202199236216 0.020680805648 0.00046081136718 0.0207277757619 0.0210708517199 0.0169490315938 0.0259182433112 0.00903597756707 0.0123949093304 0.0033730012029 0.0232997996953 0.049542269718 0.0123864131205 0.0254992456787 0.0143510176839 0.00348530907372 0.0311216837884 0.0187568821213 0.021715716872 0.0257239664562 0.0106080376463 0.0193167017644 0.0144916285422 0.0238597420381 0.0115831758669 0.0069171568989 0.0108009406358 0.00905220287252 0.0256424351951 0.0174446171645 0.0083038725384 0.0211835853439 0.00718118858613 0.0107898140375 0.00558989169902 0.0175103147452 0.0147212016815 -0.00815391580363 0.0142758549806 0.0129291968846 0.162903485903 0.0228821471361 0.0262073135065 
