50
0.0404531955786 0.0220144037379 0.0261881624723 0.0780955523414 0.0484031048171 0.0459594094694 0.0197813299257 0.197480990077 0.0442487549982 0.026407260569 0.0746691414478 0.101481112582 0.0621529110589 0.0700025840065 0.104903250727 0.0307440439862 0.0716450377603 0.0246645675501 0.0275926739743 0.166074759161 0.0582377086348 0.114457978761 0.200970993098 0.0682562642732 0.153319254475 0.0634276035435 0.106415927512 0.0353360638732 0.0304536481296 0.0752984700253 0.0538205376978 0.0394797478448 0.371102806834 0.0268988212896 0.0380825412642 0.0852779749864 0.0125032911957 0.0280903462606 0.0439476996979 0.0446705301477 0.0522861094618 0.148169679735 0.0501483555771 0.0743441041655 0.041097516798 0.0785675118811 0.044344522835 0.065735385914 0.0313696733512 0.126305303483 
0.341539421339 0.00376413748589 0.000509841003615 0.0337389952969 0.0305388667992 0.0177061265795 0.00428616477188 0.00651696098784 0.0141435874274 0.0195086724387 0.024365853793 0.00877944108638 0.00173142967041 0.012120427761 0.0570669231327 0.0233305408623 0.00858069121967 0.0184018654847 -0.0042381425648 0.0688903890114 0.017057048874 0.0272823845839 0.0274680867992 0.0273240535351 0.0179984030809 0.0234242995652 0.0105083652318 0.0208297325126 0.00975251011536 0.0217660911889 0.0109494572721 0.0213475641496 0.00433262496622 0.00286913898291 0.021265731893 0.0286554882059 0.00920500421043 0.0197105039267 0.000351323262801 0.0145136744088 0.0253255658951 0.0190632722244 0.0311476806651 0.0083453358399 0.0191615811774 0.0201933561039 0.0469612196652 -0.00168393926627 0.00312274332019 0.04832785822 
0.00376413748589 0.188831511569 0.0106034633049 0.0126064448269 0.0125084735951 0.0114967351196 0.0124572995052 0.00773960716065 0.0169672614976 0.0192045390193 0.0114652370695 0.00819358453308 0.00708846781874 0.00976277508422 0.0082939745651 0.0214140391503 0.0103345085418 0.00732917641565 -0.00369349961625 0.0057239063137 0.0136820966677 0.0256210669352 0.00763062989127 -0.000567435308701 0.0115995882791 0.0120259538767 0.00697205952034 0.0205909384035 0.0188087461816 0.0145792190551 0.0104774527142 0.011047650599 0.00825342908112 -0.00591074885007 0.000714218995219 0.0257820003723 -0.000887297958467 0.0117933807618 0.0110691626314 -0.00257136654402 0.0103929892757 0.0184750730786 0.0174501896673 -0.00491182732212 0.0150010169778 0.00832583106559 0.0156598767575 -0.00502253933877 0.012505012111 0.0273083706346 
0.000509841003615 0.0106034633049 0.253572619555 0.00344271171376 0.010965813807 0.0221721649202 0.0088314027055 0.0147643261244 0.0135493880194 0.0157295746806 0.0154115057851 -0.0114284740009 0.03206274008 0.0126405028317 0.00911531386966 0.0168864447767 0.004839853011 0.00794602440054 0.0126214086359 0.0116778848915 -0.000189960692823 0.0134329285747 0.0255740087728 0.0287375043321 -0.00318106235462 0.00906829780148 0.0288943355527 0.0124689388443 0.00727389566058 0.0107197301045 0.0151892856317 0.0239845743095 -0.000895341021975 -0.00197757299756 0.0134094771866 0.0386005138796 0.0137754575827 0.0104756057158 0.00872573279906 0.0150064799675 0.0189710010499 -0.011197283054 0.0158608311029 0.0164953174624 0.0132763988562 0.0186019323951 0.028994242041 0.0240818625471 0.0122302801907 -0.00194230014045 
0.0337389952969 0.0126064448269 0.00344271171376 0.562321054414 0.00466442784462 0.0250763499395 0.00284595842828 0.0125183124456 0.019263330272 0.0218900637671 0.0225378895641 0.0155971211429 0.0273396178981 0.00999996660592 0.0285440318504 0.0202530330996 -0.00139115710549 0.00747450803141 0.00502434195871 0.0589515798585 -0.00662904728795 -0.000124217864835 0.0619748129016 0.0111349257911 0.0243511716294 0.0153036535965 0.0264423486343 0.0274658709121 0.0349593954801 0.00431388451806 0.0158182696049 0.00618447119008 0.0840842473055 0.0312752246752 -0.00668864034965 0.00541613902896 0.00607984806358 0.0226464767972 0.0102471402967 0.0185862455141 0.00902164821179 0.0260086227827 0.0240938512243 0.0118013086962 0.0101558441349 -0.0027843039998 0.0261976773126 -0.00498105856746 0.0190594463424 -0.0107539378186 
0.0305388667992 0.0125084735951 0.010965813807 0.00466442784462 0.249999067423 0.0164575937499 0.0115579062163 0.0183250336282 0.00769540603569 0.0142756520999 0.0199502178226 0.0239756375107 0.0262103724446 0.00123572626716 0.0305764861435 0.0169086691346 0.00906524630757 0.019827714646 0.00736336918513 0.0580873664225 0.00392802659246 0.0313805869126 0.0164292882021 0.0182491078252 0.0470874513655 0.0355961390674 0.0246767437187 0.00208005979123 0.0150441128948 0.0261287125182 0.0150096159666 0.0186497742229 0.0538094438802 0.0218943216949 0.0188074346916 0.0166619387274 0.0151533747108 0.0303317313909 0.0202887205681 0.0233479457237 0.0484080700691 0.0116090799621 0.0315222915569 0.0292108360886 0.0223840576341 0.0169700468042 0.0185199205391 0.00739439230923 0.0184528439455 0.0220923924603 
0.0177061265795 0.0114967351196 0.0221721649202 0.0250763499395 0.0164575937499 0.33371790906 0.0122706947164 0.0453650043855 0.0245300563732 0.0145678996899 0.109310025734 -0.000705318695981 0.0293671808633 0.00860377467307 0.0226632733272 0.0199494729403 -0.00606001996178 0.026496377972 0.0228551675978 0.0198858221091 0.012232594695 -0.00372721523092 0.0143780040629 0.0162553479161 0.0406068714832 0.0103320480911 0.024313061719 0.00961831917326 0.0223992709615 0.0402702407562 0.0273001625402 0.00562579667991 0.0242928446873 0.00157112837446 0.00830411747997 0.0263946577844 0.0316452286109 0.0278601616532 0.00093429561451 0.0158348778642 0.0209079208991 0.0224784794325 0.0190539033507 0.0314453198098 0.00503778406331 0.0217188333243 0.018768681583 0.016504823648 0.00433149559086 0.00518293769644 
0.00428616477188 0.0124572995052 0.0088314027055 0.00284595842828 0.0115579062163 0.0122706947164 0.13848378217 0.0256873662767 0.00630142085824 0.0250894155658 0.0062377574296 0.00487243982925 0.0110513009855 -0.00266029382146 0.0208364146554 0.0226934508452 0.0113584964369 0.04748212608 0.00431382674617 0.0217902072443 0.0108895614403 -0.00365618772818 0.00143917402395 0.00386693684293 0.0109771207479 0.0194697042757 0.0166975991981 0.0122301252301 0.0228045510647 -0.00063462212063 0.0333620001465 0.010622117995 -0.00535028598387 0.00590294052834 -0.00200509000406 0.0287264417349 0.0113759636569 0.0280827390447 0.00408861535611 0.00748735611205 0.00508846344089 0.00548579097014 0.0119822915512 0.0122547260307 0.0268558063929 0.00239298069967 0.008061368991 0.013601409597 0.0152599061948 -0.00988331050324 
0.00651696098784 0.00773960716064 0.0147643261244 0.0125183124456 0.0183250336282 0.0453650043855 0.0256873662767 0.87577976261 0.0122988540465 0.0269478163749 0.0304185257893 0.00633608036579 0.00189132162581 0.0145047259961 0.0623749319084 0.0174484543409 0.00177286277758 0.0206354505845 0.0136643488067 -0.00444491122685 -0.00160258844567 0.0224901065322 0.00209368614246 0.00105246989649 0.029585855261 0.0260002815376 0.0598868311578 0.0268629834923 0.0143095752182 0.0164757690405 0.0127265398642 0.0229149098751 -0.0247947183286 0.00663136009664 0.0239867645856 0.0113819932225 0.0181072936218 0.0242368682448 0.0120613141045 0.046602835818 -0.00369367053112 0.0165429878601 0.00925394018373 0.0446850328544 0.0322148462972 0.0153546257892 0.0211821678238 0.0192460767207 0.00759862388458 0.0265804726861 
0.0141435874274 0.0169672614976 0.0135493880194 0.019263330272 0.00769540603569 0.0245300563732 0.00630142085824 0.0122988540465 0.272556745559 0.0092098688886 0.00988057893731 0.0065611107689 0.0122969512918 0.0030262629393 0.0253815293813 0.0156769211209 0.0150895131464 0.00880249719328 -0.00299063465706 0.00432644908617 0.00623910907846 -0.00314776062835 0.0164397057997 0.0152407041461 0.024229470177 0.0185581661127 0.019658626816 0.023253743706 0.0166972077569 0.022985575448 0.00251241096136 0.0159067680473 0.0208749078487 0.0295385000067 -0.00062837037065 0.0138024796938 0.00596421419547 0.00350746655268 -0.00598258504736 0.0531429730904 0.0187335397885 0.00403633583102 0.0160902199482 0.00276001136457 0.0152375707637 -0.00421858443505 0.00789584672421 -0.00757332140046 0.0128217039521 0.0131339741334 
0.0195086724387 0.0192045390193 0.0157295746806 0.0218900637671 0.0142756520999 0.0145678996899 0.0250894155658 0.0269478163749 0.0092098688886 0.196039201748 0.0210780323403 0.00430171061661 0.0149774109484 0.0126811010436 0.0185703460067 0.0329315947095 -0.00613348786248 0.037690019016 0.0116523813966 0.0336085279117 0.0181553617553 0.00740794543072 0.0109358602288 0.01958354313 0.0236649864266 0.013498048437 0.0227252679402 -0.00604541659715 0.0527314582254 0.0144473154349 0.0386734079876 0.0194672416679 0.00612780891292 0.00375980337594 0.0112432330885 0.0173967771801 0.0248027570803 0.0428090027242 -0.000878482921459 0.016261787112 0.0231019992794 0.0068090346354 0.0165373627698 0.0218357892694 0.0162917879789 -0.00314151454424 0.0253644229053 0.0218665447433 0.0144188720827 -0.00753093594458 
0.024365853793 0.0114652370695 0.0154115057851 0.0225378895641 0.0199502178226 0.109310025734 0.0062377574296 0.0304185257893 0.00988057893731 0.0210780323403 0.48526750145 0.028546707324 0.00274766225598 -0.00615819054384 0.0385390590828 0.0102284318695 0.015205830902 0.0320015890795 0.00909041006939 0.0360347265205 0.00529545160667 0.0158136645039 0.0180394189709 0.010370750579 0.0314828416467 0.00515570267919 0.0467098757296 0.00530169365457 0.0327222589519 0.0549747920629 0.0242627562065 -0.00157677267747 0.0185680760203 0.0301159548896 0.021469150234 0.00522949230616 -0.00384735696806 0.0165411375386 0.00181842892284 0.0405747813045 0.0247592203059 0.0313792317714 0.0037957008238 0.00314853409879 0.0237028895653 0.0314609211513 0.0277692862429 0.0223658773703 0.0146317485212 0.0182938474177 
0.00877944108638 0.00819358453307 -0.0114284740009 0.0155971211429 0.0239756375107 -0.000705318695981 0.00487243982925 0.00633608036579 0.0065611107689 0.00430171061661 0.028546707324 0.922592242892 0.00892864875829 0.0247616855641 0.0165700227385 0.0139143676976 0.019103999338 0.00677357527852 0.00970798255799 0.019824244349 0.00219076616687 0.0105442341397 -0.0127429500561 -0.00121090982913 -0.00884073199868 0.0118593210575 0.0555469642241 0.0191776151114 0.00144011034683 0.00125800689849 -0.000262795300174 -9.30874280799e-05 0.0714142772143 0.0152344250675 0.00410036469501 0.0203352623842 0.01279371064 0.0219184350341 -0.00437032116578 0.0276052135887 -0.00162688095039 0.0136975119546 0.00664783645388 -0.00367112455128 0.0141956714048 0.00691473490603 0.00210799739786 -0.000417767915075 -0.00237568041762 0.00478812736346 
0.00173142967041 0.00708846781874 0.03206274008 0.0273396178981 0.0262103724446 0.0293671808633 0.0110513009855 0.00189132162581 0.0122969512918 0.0149774109484 0.00274766225598 0.00892864875829 0.316278262997 0.0196546350677 0.0216252243353 0.0216555495141 -0.000226963397023 0.00809091094355 0.00792311190353 0.00608306319524 0.0139157978511 -0.00204628627084 0.00831440296386 0.0276827763162 0.0264533359276 0.00965919779198 0.0157469605459 0.0209115439744 0.0127795914214 0.0275984961838 0.0234421304324 0.0109809302778 0.0164348401033 0.0157850110819 -0.00360092009627 0.024118559618 0.0706256216984 0.0194602557149 0.0285565166395 0.0161398302979 0.0225383125501 0.0229605805475 0.0289057497555 0.0595474806753 -0.00465476963375 0.00517059070879 0.0167643459254 0.0177357654471 0.011838491509 0.00505958320837 
0.012120427761 0.00976277508422 0.0126405028317 0.00999996660592 0.00123572626716 0.00860377467307 -0.00266029382146 0.0145047259961 0.0030262629393 0.0126811010436 -0.00615819054384 0.0247616855641 0.0196546350677 0.321263000745 0.0218660067242 0.00738165258038 0.0205138761747 0.00129087227184 -0.00327584029144 0.0246601055741 -0.00451661072939 0.0169428688791 0.00743213240473 0.0114125415571 0.0388834662094 0.0039103121356 0.00254246235896 -0.00342454736676 0.0196934037958 0.00114487648964 0.00702089789137 -0.00012181174791 0.0113522971024 0.00351495389312 0.0102880950048 0.00941098196132 0.000609679944277 0.0124153999409 0.00606591792614 0.0102488666559 -0.00715454714047 -0.00970897239936 0.0134429306128 0.0361809738306 0.0258789719399 0.0352669054656 0.0173117014488 0.0450229137176 0.00380354508835 0.00330928263556 
0.0570669231327 0.0082939745651 0.00911531386966 0.0285440318504 0.0305764861435 0.0226632733272 0.0208364146554 0.0623749319084 0.0253815293813 0.0185703460067 0.0385390590828 0.0165700227385 0.0216252243353 0.0218660067242 0.459966378232 0.0293133296023 0.0312866215936 0.0284166056386 0.00649445203956 0.05420711841 0.0329362717844 0.0270069204084 0.00218007085389 0.0312322265253 0.0496854350665 0.0233706572459 0.038888698984 -0.00182783401666 0.0187064630933 0.0318036535722 0.0179445050481 0.0192864700649 0.0472299120172 0.0147264910041 0.0144507206165 0.0215739957271 0.0183662499834 0.0193630935363 0.00144045264396 0.0108621497377 0.0597327275093 0.0239799479979 0.0420678944856 0.0282629819674 0.0146132201692 0.0289303261242 0.0493721955026 0.00781701231178 0.0262244312419 0.0355206628402 
0.0233305408623 0.0214140391503 0.0168864447767 0.0202530330996 0.0169086691346 0.0199494729403 0.0226934508452 0.0174484543409 0.0156769211209 0.0329315947095 0.0102284318695 0.0139143676976 0.0216555495141 0.00738165258038 0.0293133296023 0.231098980934 0.00832696431833 0.0288955108725 0.00630309375569 0.0430188305439 0.0223520916151 0.0275470663388 0.00842351950085 0.00972148142748 0.0340352613992 0.0253954060531 0.0285992638871 0.0105848566219 0.0327244507855 0.0172396003967 0.0354630721474 0.024626421022 0.0221274134315 0.0128653541108 0.00310769129503 0.0206909634439 0.00962738766674 0.0275614114419 0.00559292954587 0.0140015217813 0.0269126569109 0.0151123258392 0.045675471554 0.00873245254683 0.0368340096038 0.0240739362407 0.0274718527599 0.0106800038271 0.0132666408772 0.0131700198534 
0.00858069121967 0.0103345085418 0.004839853011 -0.00139115710549 0.00906524630757 -0.00606001996178 0.0113584964369 0.00177286277758 0.0150895131464 -0.00613348786248 0.015205830902 0.019103999338 -0.000226963397023 0.0205138761747 0.0312866215936 0.00832696431833 0.466543187349 0.0133668221171 -0.0179401456474 0.0174710359778 0.0072376650799 -0.00159566350538 -0.00550594101828 -0.00119736581107 0.0160390640694 0.0375539383108 0.0112340997599 0.0102811441991 0.0119391641151 0.0283061576563 0.00838650107436 0.00544966712492 -0.0184175721771 0.00671720921352 0.0112665081765 -0.00715159158778 0.00464865422241 0.0114992125941 -0.000497011217889 0.0338220271053 0.0139430036224 0.0106536637102 0.0272991786664 0.0125622898084 0.0117591548103 0.0155345061926 0.027548947978 0.00413199397522 0.00393288533232 0.0177417423233 
0.0184018654847 0.00732917641565 0.00794602440054 0.00747450803141 0.019827714646 0.026496377972 0.04748212608 0.0206354505845 0.00880249719328 0.037690019016 0.0320015890795 0.00677357527852 0.00809091094355 0.00129087227184 0.0284166056386 0.0288955108725 0.0133668221171 0.154379840584 0.00893001973209 0.0132518853786 0.0106896071368 0.00383596411226 0.00570633294655 0.00887713128821 0.0279866083118 0.0198825254132 0.0111715585411 0.000901973180476 0.0473735057578 0.00694387633032 0.0458086684405 0.0119070428857 0.000882658926761 0.0161212473948 0.00988078936862 0.0235310387183 0.0208664444163 0.044490997202 0.0058923456025 0.0103672891165 0.00912460361113 0.00452136934293 0.0167237054302 0.0202259630112 0.0347975668862 -0.00622509317025 0.012978179076 0.0193389812973 0.0158189365628 0.00896817837986 
-0.0042381425648 -0.00369349961625 0.0126214086359 0.00502434195871 0.00736336918513 0.0228551675978 0.00431382674617 0.0136643488067 -0.00299063465706 0.0116523813966 0.00909041006939 0.00970798255799 0.00792311190353 -0.00327584029144 0.00649445203956 0.00630309375569 -0.0179401456474 0.00893001973209 0.36570815082 0.0225459350991 -0.00480785669582 -0.0143456344611 -0.0157940741668 0.00272041432406 0.0129983265132 0.0110170143912 0.00950926740042 -9.6064421049e-05 0.0171217570003 0.0150659918597 0.0516331944453 0.0124418843498 -0.00650769431624 -0.00455817634745 0.00155071108678 0.00644547735239 0.00620852698501 0.00651675727819 0.00243481723667 0.00734759456062 0.00346666068384 -9.99329594183e-05 0.005012989327 0.0101140157205 -0.00496254514686 0.00282449286989 0.0183357577358 0.000587846132714 0.00290417561564 0.00533606155764 
0.0688903890114 0.0057239063137 0.0116778848915 0.0589515798585 0.0580873664225 0.0198858221091 0.0217902072443 -0.00444491122685 0.00432644908617 0.0336085279117 0.0360347265205 0.019824244349 0.00608306319524 0.0246601055741 0.05420711841 0.0430188305439 0.0174710359778 0.0132518853786 0.0225459350991 0.496593603878 0.00724120321456 0.0712615077996 0.0173879355401 0.0519603701608 0.0283448717858 0.0571873499647 0.0430621178328 0.00797997534546 0.0198474378487 0.0565543553959 0.0158732995208 0.0408032942445 0.0355581928554 0.0100572922317 0.0295895658825 0.0518599934355 0.00719045105577 0.0230029197343 -0.00108644475157 0.0279458967765 0.0462979853371 0.033683116556 0.051865507085 0.0165300502057 0.0259888336329 0.00425752433613 0.0497118205001 0.0359347178734 0.0349784550848 0.0902483827056 
0.017057048874 0.0136820966677 -0.000189960692823 -0.00662904728795 0.00392802659246 0.012232594695 0.0108895614403 -0.00160258844567 0.00623910907846 0.0181553617553 0.00529545160667 0.00219076616687 0.0139157978511 -0.00451661072939 0.0329362717844 0.0223520916151 0.0072376650799 0.0106896071368 -0.00480785669582 0.00724120321456 0.46237875336 -0.0117777860841 0.0203531557556 0.018766694768 0.0293140352774 -0.00993755589505 0.00348593106103 -0.00472446149696 0.0030048862474 0.0186362829861 -0.00484703304757 0.0206124914568 0.0113413607694 0.00993369571641 0.0188671453799 0.0219421340709 0.0209178694582 0.0198206501282 0.000996279250122 -0.00281671266131 0.0226429376719 0.0185787334627 0.0136511344096 0.00931837997796 0.0290133006843 0.0115813643734 0.0213475199625 0.0206952260915 0.0210222654065 0.0174442158873 
0.0272823845839 0.0256210669352 0.0134329285747 -0.000124217864835 0.0313805869126 -0.00372721523092 -0.00365618772818 0.0224901065322 -0.00314776062835 0.00740794543072 0.0158136645039 0.0105442341397 -0.00204628627084 0.0169428688791 0.0270069204084 0.0275470663388 -0.00159566350538 0.00383596411227 -0.0143456344611 0.0712615077996 -0.0117777860841 0.414026842198 -0.00816323983763 0.0130096854839 -0.00110919539699 0.0449075768836 0.0290485714154 0.0114205171355 0.0109516312793 0.0213852976931 0.00411097235151 0.0200103861526 0.0575965636638 0.000951452854708 0.00140258807531 0.0180575120661 -0.0218464727355 -0.0176832814343 0.00714242793218 -0.0118459213382 0.0225099981749 0.045715399491 0.0337979134577 -0.0107090626866 0.0288752656021 -0.00808793121005 0.0250711393254 -0.00596146705547 0.00769035290841 0.144528261814 
0.0274680867992 0.00763062989127 0.0255740087728 0.0619748129016 0.0164292882021 0.0143780040629 0.00143917402395 0.00209368614246 0.0164397057997 0.0109358602288 0.0180394189709 -0.0127429500561 0.00831440296386 0.00743213240473 0.00218007085388 0.00842351950085 -0.00550594101828 0.00570633294655 -0.0157940741668 0.0173879355401 0.0203531557556 -0.00816323983764 0.902807934245 0.00537167591256 0.0280084539517 0.00578824936324 -0.0231551677176 0.0261172333824 0.0262782725901 0.0407394940806 -0.0117073155478 0.00640535592632 0.0205562202567 -0.00116043040301 0.0123954004393 0.0131821887576 -0.0100189863336 0.0127431560076 0.018824313896 0.00833845881784 -0.00292544428975 -0.0129907898949 0.0311686096953 -0.00841403291305 0.0137615367997 0.202592155721 0.0347565588481 -0.026075536409 -0.000332365856866 0.0280584842001 
0.0273240535351 -0.000567435308701 0.0287375043321 0.0111349257911 0.0182491078252 0.0162553479161 0.00386693684293 0.00105246989649 0.0152407041461 0.01958354313 0.010370750579 -0.00121090982913 0.0276827763162 0.0114125415571 0.0312322265253 0.00972148142748 -0.00119736581107 0.00887713128821 0.00272041432406 0.0519603701608 0.018766694768 0.0130096854839 0.00537167591256 0.375885402995 0.038285939247 -0.00368237536425 0.0368887702934 0.0163745820448 0.0129316771493 0.0116688982953 0.0207136867899 0.0196503116358 0.0449772659282 0.0168709616692 0.0200938088794 0.0124062260519 0.0173694761172 0.0196090264632 0.0101875538652 0.0323534999383 0.0261779751254 0.011533567068 0.0254809195548 0.0500946582703 0.0100984899276 0.0150698500006 0.0338570868684 0.0240297279655 0.0085724888753 0.024657721245 
0.0179984030809 0.0115995882791 -0.00318106235462 0.0243511716294 0.0470874513655 0.0406068714832 0.0109771207479 0.029585855261 0.024229470177 0.0236649864266 0.0314828416467 -0.00884073199868 0.0264533359276 0.0388834662094 0.0496854350665 0.0340352613992 0.0160390640694 0.0279866083118 0.0129983265132 0.0283448717858 0.0293140352774 -0.00110919539699 0.0280084539517 0.038285939247 0.610567978461 0.0328589744724 0.0643280819217 0.0143880118801 0.0407577799135 0.0733522052934 0.0477379921986 0.0646666620936 0.0390837512689 0.0205392466935 0.0276018315624 0.0285303377699 0.0306717110284 0.0192079882627 0.012083996203 0.0230167146216 0.0490924663098 0.0134516332779 0.0271170096467 0.0461161524225 0.0190874050218 0.0168826617408 0.0291942869786 0.0473505614918 0.005646086194 -0.00124395991166 
0.0234242995652 0.0120259538767 0.00906829780148 0.0153036535965 0.0355961390674 0.0103320480911 0.0194697042757 0.0260002815376 0.0185581661127 0.013498048437 0.00515570267919 0.0118593210575 0.00965919779198 0.0039103121356 0.0233706572459 0.0253954060531 0.0375539383108 0.0198825254132 0.0110170143912 0.0571873499647 -0.00993755589505 0.0449075768836 0.00578824936324 -0.00368237536425 0.0328589744724 0.377136221761 0.0536782023915 -0.00442026199745 0.0168269023461 0.0382749590113 0.0208329055344 0.0175209043682 0.0488212548429 0.00473298950542 0.0180866228809 0.0193934741123 -0.00206552045685 0.011941084887 -0.00239141657785 0.0363555629428 0.0342477009037 0.0314700723593 0.0112707628437 0.022646714841 0.00990332391364 0.0185678013405 0.027762607001 0.00851464919477 0.00845037720051 0.0484136189594 
0.0105083652318 0.00697205952034 0.0288943355527 0.0264423486343 0.0246767437187 0.024313061719 0.0166975991981 0.0598868311578 0.019658626816 0.0227252679402 0.0467098757296 0.0555469642241 0.0157469605459 0.00254246235896 0.038888698984 0.0285992638871 0.0112340997599 0.0111715585411 0.00950926740042 0.0430621178328 0.00348593106103 0.0290485714154 -0.0231551677176 0.0368887702934 0.0643280819217 0.0536782023915 0.603198054335 0.0227450287929 0.0200210073455 0.0402377450469 0.00844184180621 0.0278884777487 0.099026003117 0.0137416344647 0.0253382815168 0.000887676476885 0.0112597167826 0.0126243882358 3.3057730033e-05 0.0426925952448 0.0386540801185 0.0178449984863 0.0200488942368 0.0173832465732 -0.00553317227201 -0.0151686940715 0.0283767930894 0.014929502644 0.011923588098 0.0319590909647 
0.0208297325126 0.0205909384035 0.0124689388443 0.0274658709121 0.00208005979123 0.00961831917326 0.0122301252301 0.0268629834923 0.023253743706 -0.00604541659715 0.00530169365457 0.0191776151114 0.0209115439744 -0.00342454736676 -0.00182783401666 0.0105848566219 0.0102811441991 0.000901973180476 -9.60644210489e-05 0.00797997534546 -0.00472446149696 0.0114205171355 0.0261172333824 0.0163745820448 0.0143880118801 -0.00442026199745 0.0227450287929 0.310270077631 0.0201420624663 0.00674554017774 0.0149812234963 0.0128070293136 0.0394228571611 0.013373402353 0.0157366256012 0.0142623277875 0.0216986391888 0.00872738798572 0.020420552573 0.0216638398697 0.00814802176312 0.00634908222671 0.00826007242748 0.0327679999923 0.0208206429139 0.024732372967 0.018920371502 0.0155532109538 0.0196034978554 0.0112205551834 
0.00975251011536 0.0188087461816 0.00727389566058 0.0349593954801 0.0150441128948 0.0223992709615 0.0228045510647 0.0143095752182 0.0166972077569 0.0527314582254 0.0327222589519 0.00144011034683 0.0127795914214 0.0196934037958 0.0187064630933 0.0327244507855 0.0119391641151 0.0473735057578 0.0171217570003 0.0198474378487 0.0030048862474 0.0109516312793 0.0262782725901 0.0129316771493 0.0407577799135 0.0168269023461 0.0200210073455 0.0201420624663 0.200123170456 0.00909673454401 0.050831435161 0.0189530797641 -0.00130397143792 0.016188046587 0.00247371448938 0.0196672131322 0.0172796620032 0.0458782060351 -0.00135047957906 0.0131120434026 0.0289238528604 0.0102265900797 0.0336307960928 0.0248660072325 0.024608251918 0.00388419992992 0.0181280851708 0.012879102621 0.0188871885915 0.00604155583291 
0.0217660911889 0.0145792190551 0.0107197301045 0.00431388451806 0.0261287125182 0.0402702407562 -0.00063462212063 0.0164757690405 0.022985575448 0.0144473154349 0.0549747920629 0.00125800689849 0.0275984961838 0.00114487648964 0.0318036535722 0.0172396003967 0.0283061576563 0.00694387633032 0.0150659918597 0.0565543553959 0.0186362829861 0.0213852976931 0.0407394940806 0.0116688982953 0.0733522052934 0.0382749590113 0.0402377450469 0.00674554017774 0.00909673454401 0.481322965782 0.0125106716719 0.0163299414344 0.0269112445408 0.0112492963197 0.0226379718209 0.00847280977568 0.00687486437419 0.0247166107917 0.0140861725634 0.0292236494816 0.0272784383517 0.0024538938183 0.0101787021761 -0.009361375006 0.0147653224626 0.0322176342126 0.0115598427076 0.0153404807865 0.0202719812387 0.04327470109 
0.0109494572721 0.0104774527142 0.0151892856317 0.0158182696049 0.0150096159666 0.0273001625402 0.0333620001465 0.0127265398642 0.00251241096136 0.0386734079876 0.0242627562065 -0.000262795300174 0.0234421304324 0.00702089789137 0.0179445050481 0.0354630721474 0.00838650107436 0.0458086684405 0.0516331944453 0.0158732995208 -0.00484703304757 0.00411097235151 -0.0117073155478 0.0207136867899 0.0477379921986 0.0208329055344 0.00844184180621 0.0149812234963 0.050831435161 0.0125106716719 0.285247636998 0.0227105992481 0.00825292898434 0.00275075541164 0.00907744000147 0.0207502550516 0.00939720452526 0.0445389743965 0.0130311094511 0.0153619723494 0.0154839070499 0.0229406356079 0.00937718595282 0.0456759630616 0.0206290167831 0.0124983743186 0.0234530006836 0.0417220025501 0.011137719487 0.00979388634342 
0.0213475641496 0.011047650599 0.0239845743095 0.00618447119008 0.0186497742229 0.00562579667991 0.010622117995 0.0229149098751 0.0159067680473 0.0194672416679 -0.00157677267747 -9.30874280799e-05 0.0109809302778 -0.000121811747909 0.0192864700649 0.024626421022 0.00544966712492 0.0119070428857 0.0124418843498 0.0408032942445 0.0206124914568 0.0200103861526 0.00640535592632 0.0196503116358 0.0646666620936 0.0175209043682 0.0278884777487 0.0128070293136 0.0189530797641 0.0163299414344 0.0227105992481 0.325177800913 0.0144780263591 -0.00617175423023 0.012284293972 0.023521257136 0.0200484868062 0.00423428464294 0.00800088761411 0.0100583782252 0.0327492858367 0.0165645312658 0.0174289895687 0.0216921459062 0.00438026508726 0.0192643308024 0.0378796694743 0.0235909280952 -0.00301414240474 0.0124909633586 
0.00433262496622 0.00825342908112 -0.000895341021975 0.0840842473055 0.0538094438802 0.0242928446873 -0.00535028598387 -0.0247947183286 0.0208749078487 0.00612780891292 0.0185680760203 0.0714142772143 0.0164348401033 0.0113522971024 0.0472299120172 0.0221274134315 -0.0184175721771 0.000882658926761 -0.00650769431624 0.0355581928554 0.0113413607694 0.0575965636638 0.0205562202567 0.0449772659282 0.0390837512689 0.0488212548429 0.099026003117 0.0394228571611 -0.00130397143792 0.0269112445408 0.00825292898434 0.0144780263591 1.23340044644 0.0127282630884 0.0348390513504 0.0207989540528 0.0128491528756 0.00797524352761 0.0233107317259 0.0514455457421 0.00826045371148 0.0689927667594 0.0219944572437 0.021434673812 0.018774440669 0.0603066765777 0.0301536816159 0.065181769944 0.0226782531734 0.0628728646532 
0.00286913898291 -0.00591074885007 -0.00197757299756 0.0312752246752 0.0218943216949 0.00157112837446 0.00590294052834 0.00663136009664 0.0295385000067 0.00375980337594 0.0301159548896 0.0152344250675 0.0157850110819 0.00351495389312 0.0147264910041 0.0128653541108 0.00671720921352 0.0161212473948 -0.00455817634744 0.0100572922317 0.00993369571641 0.000951452854708 -0.00116043040301 0.0168709616692 0.0205392466935 0.00473298950542 0.0137416344647 0.013373402353 0.016188046587 0.0112492963197 0.00275075541164 -0.00617175423023 0.0127282630884 0.217999031047 0.0139379266034 0.00488435132516 0.00911947955205 0.0200189454121 0.00648776513056 0.00945908917803 -0.00414484248042 0.01945916695 0.0132092600406 0.0198826757176 0.0190823139446 0.0180341751263 0.0175066672618 -0.00522642085018 0.00279014640845 -0.00380046099061 
0.021265731893 0.000714218995219 0.0134094771866 -0.00668864034965 0.0188074346916 0.00830411747997 -0.00200509000406 0.0239867645856 -0.00062837037065 0.0112432330885 0.021469150234 0.00410036469501 -0.00360092009627 0.0102880950048 0.0144507206165 0.00310769129503 0.0112665081765 0.00988078936862 0.00155071108678 0.0295895658825 0.0188671453799 0.00140258807531 0.0123954004393 0.0200938088794 0.0276018315624 0.0180866228809 0.0253382815168 0.0157366256012 0.00247371448938 0.0226379718209 0.00907744000147 0.012284293972 0.0348390513504 0.0139379266034 0.246394225484 0.0341842378089 0.0145500894358 0.0164631893212 0.00695187703411 0.0216352429509 0.020217144676 0.0275478097274 0.017232119926 0.0194063798957 0.0166962115823 0.00404318246993 0.0141200373165 0.0296358648627 0.00362039564528 0.0115947719561 
0.0286554882059 0.0257820003723 0.0386005138796 0.00541613902896 0.0166619387274 0.0263946577844 0.0287264417349 0.0113819932225 0.0138024796938 0.0173967771801 0.00522949230616 0.0203352623842 0.024118559618 0.00941098196132 0.0215739957271 0.0206909634439 -0.00715159158778 0.0235310387183 0.00644547735239 0.0518599934355 0.0219421340709 0.0180575120661 0.0131821887576 0.0124062260519 0.0285303377699 0.0193934741123 0.000887676476885 0.0142623277875 0.0196672131322 0.00847280977568 0.0207502550516 0.023521257136 0.0207989540528 0.00488435132516 0.0341842378089 0.398318666268 0.00986566589946 0.01620646731 0.0314867776968 -0.0149085221195 0.0136093068103 0.00579924238176 0.00911707652171 0.0109955590275 0.0135404707822 0.0207555209262 0.0362309655661 0.0104720754085 0.0428847911904 -0.019190794845 
0.00920500421043 -0.000887297958467 0.0137754575827 0.00607984806358 0.0151533747108 0.0316452286109 0.0113759636569 0.0181072936218 0.00596421419547 0.0248027570803 -0.00384735696806 0.01279371064 0.0706256216984 0.000609679944277 0.0183662499834 0.00962738766674 0.00464865422241 0.0208664444163 0.00620852698501 0.00719045105577 0.0209178694582 -0.0218464727355 -0.0100189863336 0.0173694761172 0.0306717110284 -0.00206552045685 0.0112597167826 0.0216986391888 0.0172796620032 0.00687486437419 0.00939720452526 0.0200484868062 0.0128491528756 0.00911947955205 0.0145500894358 0.00986566589946 0.271569640689 0.00575203840436 -0.000440123028265 -0.000969660440556 0.0255861415984 -0.00685236557855 0.0133226627722 0.0599531982437 0.00360175514692 0.00650189147334 0.0151783174612 -0.0160086881085 0.00518987759192 -0.0270888153342 
0.0197105039267 0.0117933807618 0.0104756057158 0.0226464767972 0.0303317313909 0.0278601616532 0.0280827390447 0.0242368682448 0.00350746655268 0.0428090027242 0.0165411375386 0.0219184350341 0.0194602557149 0.0124153999409 0.0193630935363 0.0275614114419 0.0114992125941 0.044490997202 0.00651675727819 0.0230029197343 0.0198206501282 -0.0176832814343 0.0127431560076 0.0196090264632 0.0192079882627 0.011941084887 0.0126243882358 0.00872738798572 0.0458782060351 0.0247166107917 0.0445389743965 0.00423428464294 0.00797524352761 0.0200189454121 0.0164631893212 0.01620646731 0.00575203840436 0.244881524154 0.00623764861157 0.0243344036156 0.013210547103 0.00271429060659 0.0158192475916 0.0235017321152 0.0141401746397 0.0034534507727 0.0250027061543 0.0299719642339 0.0187800159535 -0.0160539258356 
0.000351323262801 0.0110691626314 0.00872573279906 0.0102471402967 0.0202887205681 0.00093429561451 0.00408861535611 0.0120613141045 -0.00598258504736 -0.000878482921459 0.00181842892284 -0.00437032116578 0.0285565166395 0.00606591792614 0.00144045264396 0.00559292954587 -0.000497011217889 0.0058923456025 0.00243481723667 -0.00108644475157 0.000996279250122 0.00714242793218 0.018824313896 0.0101875538652 0.012083996203 -0.00239141657785 3.3057730033e-05 0.020420552573 -0.00135047957906 0.0140861725634 0.0130311094511 0.00800088761411 0.0233107317259 0.00648776513056 0.00695187703411 0.0314867776968 -0.000440123028265 0.00623764861157 0.185485489706 0.0212780937135 -0.00211604474237 0.025347710987 0.00411610234097 0.00933551222804 0.00182770061836 0.00677459563239 0.0119074078958 0.0146751414251 0.00771937109552 0.0062772630216 
0.0145136744088 -0.00257136654402 0.0150064799675 0.0185862455141 0.0233479457237 0.0158348778642 0.00748735611205 0.046602835818 0.0531429730904 0.016261787112 0.0405747813045 0.0276052135887 0.0161398302979 0.0102488666559 0.0108621497377 0.0140015217813 0.0338220271053 0.0103672891165 0.00734759456062 0.0279458967765 -0.00281671266131 -0.0118459213382 0.00833845881784 0.0323534999383 0.0230167146216 0.0363555629428 0.0426925952448 0.0216638398697 0.0131120434026 0.0292236494816 0.0153619723494 0.0100583782252 0.0514455457421 0.00945908917803 0.0216352429509 -0.0149085221195 -0.000969660440556 0.0243344036156 0.0212780937135 0.317046498212 0.0344792319025 0.0206134359524 0.0143166614443 0.0187088045309 0.0149827859134 0.0115020308246 0.0286521674532 0.0596810607512 0.0152109610794 0.00943264247378 
0.0253255658951 0.0103929892757 0.0189710010499 0.00902164821179 0.0484080700691 0.0209079208991 0.00508846344089 -0.00369367053112 0.0187335397885 0.0231019992794 0.0247592203059 -0.00162688095039 0.0225383125501 -0.00715454714047 0.0597327275093 0.0269126569109 0.0139430036224 0.00912460361113 0.00346666068384 0.0462979853371 0.0226429376719 0.0225099981749 -0.00292544428975 0.0261779751254 0.0490924663098 0.0342477009037 0.0386540801185 0.00814802176312 0.0289238528604 0.0272784383517 0.0154839070499 0.0327492858367 0.00826045371148 -0.00414484248042 0.020217144676 0.0136093068103 0.0255861415984 0.013210547103 -0.00211604474237 0.0344792319025 0.30892570072 0.0248303022103 0.0168782680419 0.0359564865495 0.00301966281186 0.0120011358825 0.0293741894753 0.0116584132358 0.0143722710943 0.0179769660509 
0.0190632722244 0.0184750730786 -0.011197283054 0.0260086227827 0.0116090799621 0.0224784794325 0.00548579097014 0.0165429878601 0.00403633583102 0.0068090346354 0.0313792317714 0.0136975119546 0.0229605805475 -0.00970897239936 0.0239799479979 0.0151123258392 0.0106536637102 0.00452136934293 -9.9932959418e-05 0.033683116556 0.0185787334627 0.045715399491 -0.0129907898949 0.011533567068 0.0134516332779 0.0314700723593 0.0178449984863 0.00634908222671 0.0102265900797 0.0024538938183 0.0229406356079 0.0165645312658 0.0689927667594 0.01945916695 0.0275478097274 0.00579924238176 -0.00685236557855 0.00271429060659 0.025347710987 0.0206134359524 0.0248303022103 0.467106568125 0.00819774261283 0.0147563775699 0.0157891920023 0.0185103650383 0.0125723402974 0.0209463361536 0.000124894323643 0.037136958178 
0.0311476806651 0.0174501896673 0.0158608311029 0.0240938512243 0.0315222915569 0.0190539033507 0.0119822915512 0.00925394018373 0.0160902199482 0.0165373627698 0.0037957008238 0.00664783645388 0.0289057497555 0.0134429306128 0.0420678944856 0.045675471554 0.0272991786664 0.0167237054302 0.005012989327 0.051865507085 0.0136511344096 0.0337979134577 0.0311686096953 0.0254809195548 0.0271170096467 0.0112707628437 0.0200488942368 0.00826007242748 0.0336307960928 0.0101787021761 0.00937718595282 0.0174289895687 0.0219944572437 0.0132092600406 0.017232119926 0.00911707652171 0.0133226627722 0.0158192475916 0.00411610234097 0.0143166614443 0.0168782680419 0.00819774261283 0.262175563537 0.0292725469267 0.0138744154075 0.0169463199918 0.029671975366 -0.00684011958013 0.0179458674891 0.0249152823793 
0.0083453358399 -0.00491182732212 0.0164953174624 0.0118013086962 0.0292108360886 0.0314453198098 0.0122547260307 0.0446850328544 0.00276001136457 0.0218357892694 0.00314853409879 -0.00367112455128 0.0595474806753 0.0361809738306 0.0282629819674 0.00873245254683 0.0125622898084 0.0202259630112 0.0101140157205 0.0165300502057 0.00931837997796 -0.0107090626866 -0.00841403291305 0.0500946582703 0.0461161524225 0.022646714841 0.0173832465732 0.0327679999923 0.0248660072325 -0.009361375006 0.0456759630616 0.0216921459062 0.021434673812 0.0198826757176 0.0194063798957 0.0109955590275 0.0599531982437 0.0235017321152 0.00933551222804 0.0187088045309 0.0359564865495 0.0147563775699 0.0292725469267 0.384014757034 0.0034584574761 0.00350881354137 0.0183578801277 0.0213146487228 0.0131859414815 -0.000683123908906 
0.0191615811774 0.0150010169778 0.0132763988562 0.0101558441349 0.0223840576341 0.00503778406331 0.0268558063929 0.0322148462972 0.0152375707637 0.0162917879789 0.0237028895653 0.0141956714048 -0.00465476963375 0.0258789719399 0.0146132201692 0.0368340096038 0.0117591548103 0.0347975668862 -0.00496254514686 0.0259888336329 0.0290133006843 0.0288752656021 0.0137615367997 0.0100984899276 0.0190874050218 0.00990332391364 -0.00553317227201 0.0208206429139 0.024608251918 0.0147653224626 0.0206290167831 0.00438026508726 0.018774440669 0.0190823139446 0.0166962115823 0.0135404707822 0.00360175514692 0.0141401746397 0.00182770061836 0.0149827859134 0.00301966281186 0.0157891920023 0.0138744154075 0.0034584574761 0.243751745582 0.00254995457415 0.021103163241 0.0620414020004 0.013180906318 0.0332691767727 
0.0201933561039 0.00832583106559 0.0186019323951 -0.0027843039998 0.0169700468042 0.0217188333243 0.00239298069967 0.0153546257892 -0.00421858443505 -0.00314151454424 0.0314609211513 0.00691473490603 0.00517059070879 0.0352669054656 0.0289303261242 0.0240739362407 0.0155345061926 -0.00622509317025 0.00282449286989 0.00425752433613 0.0115813643734 -0.00808793121005 0.202592155721 0.0150698500006 0.0168826617408 0.0185678013405 -0.0151686940715 0.024732372967 0.00388419992992 0.0322176342126 0.0124983743186 0.0192643308024 0.0603066765777 0.0180341751263 0.00404318246993 0.0207555209262 0.00650189147334 0.0034534507727 0.00677459563239 0.0115020308246 0.0120011358825 0.0185103650383 0.0169463199918 0.00350881354137 0.00254995457415 0.498174798252 0.0127396234529 0.0100126000073 -0.0044079733916 0.000227319080998 
0.0469612196652 0.0156598767575 0.028994242041 0.0261976773126 0.0185199205391 0.018768681583 0.008061368991 0.0211821678238 0.00789584672421 0.0253644229053 0.0277692862429 0.00210799739786 0.0167643459254 0.0173117014488 0.0493721955026 0.0274718527599 0.027548947978 0.012978179076 0.0183357577358 0.0497118205001 0.0213475199625 0.0250711393254 0.0347565588481 0.0338570868684 0.0291942869786 0.027762607001 0.0283767930894 0.018920371502 0.0181280851708 0.0115598427076 0.0234530006836 0.0378796694743 0.0301536816159 0.0175066672618 0.0141200373165 0.0362309655661 0.0151783174612 0.0250027061543 0.0119074078958 0.0286521674532 0.0293741894753 0.0125723402974 0.029671975366 0.0183578801277 0.021103163241 0.0127396234529 0.195884057948 0.0177838350035 0.021884915007 0.0300023888256 
-0.00168393926627 -0.00502253933877 0.0240818625471 -0.00498105856746 0.00739439230923 0.016504823648 0.013601409597 0.0192460767207 -0.00757332140046 0.0218665447433 0.0223658773703 -0.000417767915075 0.0177357654471 0.0450229137176 0.00781701231178 0.0106800038271 0.00413199397522 0.0193389812973 0.000587846132714 0.0359347178734 0.0206952260915 -0.00596146705547 -0.026075536409 0.0240297279655 0.0473505614918 0.00851464919477 0.014929502644 0.0155532109538 0.012879102621 0.0153404807865 0.0417220025501 0.0235909280952 0.065181769944 -0.00522642085018 0.0296358648627 0.0104720754085 -0.0160086881085 0.0299719642339 0.0146751414251 0.0596810607512 0.0116584132358 0.0209463361536 -0.00684011958013 0.0213146487228 0.0620414020004 0.0100126000073 0.0177838350035 0.417421801111 0.0339894234579 0.00282265043117 
