20
0.0125275076286 0.0623322546876 0.0704019073317 0.0297343435849 0.0377827405953 0.0952881581377 0.143584613331 0.0437869579852 0.0218855159469 0.0936563270582 0.0623593213805 0.0698927007 0.119859861498 0.0933125666969 0.0314514366364 0.0594687244428 0.043075945187 0.0391901687574 0.0631330997176 0.0314738433907 
0.310328293882 0.00781683544166 0.0326686251624 0.0205274281075 0.0130652642152 0.0154194035017 0.0243379982932 0.0234435972939 0.0180723394096 -0.00241089773613 0.02352444839 0.0166664162192 0.0117897173518 -0.000708846113733 0.0252309026143 0.000891804622354 0.013741729029 0.017956455659 0.02829816642 0.014229696735 
0.00781683544166 0.537148027252 0.0127321156481 0.0150602297369 0.010489454642 0.0256994569045 -0.000309147093567 0.0074872044402 0.012434030291 0.00293512608623 0.0072776742301 0.00327708399364 0.011411235039 -0.0112230994205 0.0134006138219 0.0257593456562 0.00681036736748 0.00485463015001 0.0236253687667 -0.000310353652102 
0.0326686251624 0.0127321156481 0.294452406682 0.010706405478 0.0242929181242 0.0877387617233 0.0502820810877 0.0175469990057 0.0136759378401 0.0361687004008 0.0471731880957 0.0584045588996 0.0425021928106 0.0123241551237 0.0407017653771 0.0272241318791 0.0413587532749 0.0270736331681 0.0441810108971 0.0190824433239 
0.0205274281075 0.0150602297369 0.010706405478 0.192794513856 0.0147733135661 0.0160695252215 0.0365782185225 0.0248748388551 0.0171437712029 0.0236159311557 0.0122543866968 0.0147903720429 0.0031439200002 0.0151129164992 0.0150986784867 0.0155593470249 0.00278444811983 0.0114135151856 0.00757857639162 0.0115437788431 
0.0130652642152 0.010489454642 0.0242929181242 0.0147733135661 0.334913432974 0.0547897465893 0.0407976096836 0.0174847829912 1.53817924906e-05 0.0326552215173 0.0160021076736 0.00990215702837 0.0043122398485 -0.00375488945209 0.0298583368772 0.00816667556076 0.0182979586517 0.00983726056488 -0.00427747790352 0.0156148918675 
0.0154194035017 0.0256994569045 0.0877387617233 0.0160695252215 0.0547897465893 0.572178511389 0.0822647029156 0.0338661653723 0.00711465162411 0.0318112900358 0.0642918275947 0.0436269661645 0.0424627722798 0.0353412407079 0.0505408909785 0.0374095227107 0.0413093456592 0.0371705554318 0.0577582895733 0.0331239979437 
0.0243379982932 -0.000309147093567 0.0502820810877 0.0365782185225 0.0407976096836 0.0822647029156 0.584822376763 0.0309922801862 0.00787495684942 0.0345449431446 0.0496695590637 0.0317084039188 0.0341511840289 0.0142679975751 0.0175926899743 0.0153894065872 0.0297556687088 0.00645703353249 0.0298620109103 0.0284374125478 
0.0234435972939 0.0074872044402 0.0175469990057 0.0248748388551 0.0174847829912 0.0338661653723 0.0309922801862 0.279544536336 0.0152356740276 -0.0106391245747 0.0279444632258 0.0394930278816 0.0244376214634 0.0373725431775 0.0397765104275 -0.00895666935172 0.0182919923189 0.0228974871551 0.0144521194264 0.00412743902242 
0.0180723394096 0.012434030291 0.0136759378401 0.0171437712029 1.53817924905e-05 0.00711465162411 0.00787495684942 0.0152356740276 0.167903014692 -0.00319971100553 0.0111982486156 0.00667649134294 0.00221447619543 -0.00155879687394 0.00789467444233 0.00550321158309 0.0126155608051 0.0113591096534 -0.00482929546874 0.0157494971392 
-0.00241089773613 0.00293512608623 0.0361687004008 0.0236159311557 0.0326552215173 0.0318112900358 0.0345449431446 -0.0106391245747 -0.00319971100553 0.441073762308 0.0303109787775 0.039769664085 0.0452814818902 0.00112486633983 0.0382536516848 0.046432365323 0.0074596377992 0.0238668160883 0.0538198335787 0.00907806759143 
0.02352444839 0.0072776742301 0.0471731880957 0.0122543866968 0.0160021076736 0.0642918275947 0.0496695590637 0.0279444632258 0.0111982486156 0.0303109787775 0.350593240953 0.034297239164 0.0309003337443 0.0141513694423 0.0348392988905 0.0319939062273 0.013284233083 0.0202708861257 0.0427735750134 0.0190462210963 
0.0166664162192 0.00327708399364 0.0584045588996 0.0147903720429 0.00990215702837 0.0436269661645 0.0317084039188 0.0394930278816 0.00667649134294 0.039769664085 0.034297239164 0.453482414878 0.0280150245103 0.0146297877082 0.0417364774082 0.0377111717146 0.0301074324308 0.0368649854191 0.0506076837187 0.00627859005283 
0.0117897173518 0.011411235039 0.0425021928106 0.0031439200002 0.0043122398485 0.0424627722798 0.0341511840289 0.0244376214634 0.00221447619543 0.0452814818902 0.0309003337443 0.0280150245103 0.534376772607 -0.00664091956302 0.000153433438006 0.0322215224255 0.040187537694 0.0371465817151 0.0783260794672 0.0196181593924 
-0.000708846113733 -0.0112230994205 0.0123241551237 0.0151129164992 -0.00375488945209 0.0353412407079 0.0142679975751 0.0373725431775 -0.00155879687394 0.00112486633983 0.0141513694423 0.0146297877082 -0.00664091956302 1.00058380634 0.0193671170897 -0.0036221028276 0.0159835878514 0.00100645806445 0.0115600202672 0.0111709397023 
0.0252309026143 0.0134006138219 0.0407017653771 0.0150986784867 0.0298583368772 0.0505408909785 0.0175926899743 0.0397765104275 0.00789467444233 0.0382536516848 0.0348392988905 0.0417364774082 0.000153433438006 0.0193671170897 0.194416985161 0.0127232869711 0.0464754771561 0.0187752920309 0.0117431141043 0.0271813295754 
0.000891804622354 0.0257593456562 0.0272241318791 0.0155593470249 0.00816667556076 0.0374095227107 0.0153894065872 -0.00895666935172 0.00550321158309 0.046432365323 0.0319939062273 0.0377111717146 0.0322215224255 -0.0036221028276 0.0127232869711 0.411008669986 0.0175647700682 0.0302588925278 0.032514699306 0.00597894547781 
0.013741729029 0.00681036736748 0.0413587532749 0.00278444811983 0.0182979586517 0.0413093456592 0.0297556687088 0.0182919923189 0.0126155608051 0.0074596377992 0.013284233083 0.0301074324308 0.040187537694 0.0159835878514 0.0464754771561 0.0175647700682 0.220978652952 0.00980565045058 0.0295077564063 0.0260652757859 
0.017956455659 0.00485463015001 0.0270736331681 0.0114135151856 0.00983726056488 0.0371705554318 0.00645703353249 0.0228974871551 0.0113591096534 0.0238668160883 0.0202708861257 0.0368649854191 0.0371465817151 0.00100645806445 0.0187752920309 0.0302588925278 0.00980565045058 0.210135476018 0.0239456692058 0.00984612694494 
0.02829816642 0.0236253687667 0.0441810108971 0.00757857639162 -0.00427747790352 0.0577582895733 0.0298620109103 0.0144521194264 -0.00482929546874 0.0538198335787 0.0427735750134 0.0506076837187 0.0783260794672 0.0115600202672 0.0117431141043 0.032514699306 0.0295077564063 0.0239456692058 0.468329292758 0.0136874213292 
0.014229696735 -0.000310353652102 0.0190824433239 0.0115437788431 0.0156148918675 0.0331239979437 0.0284374125478 0.00412743902242 0.0157494971392 0.00907806759143 0.0190462210963 0.00627859005283 0.0196181593924 0.0111709397023 0.0271813295754 0.00597894547781 0.0260652757859 0.00984612694494 0.0136874213292 0.298553041378 

['S', 'MAT', 'GS', 'PBG', 'PGL', 'PHM', 'NOV', 'WLP', 'GIS', 'AV', 'DE', 'TXT', 'CTXS', 'GT', 'WB', 'PKI', 'PNC', 'RTN', 'SLR', 'MMC']