40
0.101481112582 0.0218855159469 0.640104613609 0.22311845274 0.0280903462606 0.103194060275 0.0254946283421 0.0725669815102 0.0470472683343 0.0155341374053 0.0246636786654 0.116792266476 0.0163484450471 0.0406155741598 0.0132097716294 0.0427797721554 0.022286409141 0.100974868985 0.0266110290159 0.0604038345904 0.116671338284 0.0308768641188 0.00422555400052 0.0191748751409 0.0184249616408 0.0255121646837 0.0135350028622 0.0612619406497 0.022369934908 0.0373994541978 0.0523918745475 0.0522861094618 0.0235207120966 0.0115927538848 0.0538734886168 0.112290577846 0.0952892642352 0.0991765707177 0.0447966226616 0.0698927007 
0.927228657659 0.00164957413016 0.0233730254458 0.0289060525525 0.0235653260297 0.0011080128732 0.0103223958204 0.00218912201608 0.00900759451209 0.00986563430767 -0.00217168556009 0.00314851637996 0.0184926069255 0.00235001771413 0.0192736520955 0.00327054773108 0.00439036925881 -0.00808726234472 0.0133053497487 0.0170506691358 0.0121994031201 0.0318527108925 0.0177242427758 0.00588498476135 0.004676823514 0.0106091855216 0.00741149434874 0.0171416605036 0.0113707075703 0.00640758436751 -0.00656761848735 0.000901772834135 -0.00483306605139 0.00895485359622 0.000617114814763 0.0299557932302 0.0085712209047 -0.0110112828639 0.0154817079692 -0.00412979290613 
0.00164957413016 0.163167573263 -0.00782988674941 -8.317317463e-05 0.00345684919585 0.00406498230155 0.014397671236 0.00673315341486 0.0220658530147 0.00620026464326 0.0031878958184 0.0119614198457 0.0126627115621 0.0132086032064 0.00551623771461 0.0190207690378 0.00464593383007 0.00832026559167 0.000715874402119 0.0010100911101 -0.000171576716728 0.00571466512451 0.00582625278564 0.00102367315218 0.00801130810552 0.0101494727891 0.00264560295507 0.0126275509821 0.00393547388624 0.00946103845026 0.0196392987962 0.0122282073326 0.0169961892314 0.00972320790451 0.0103858918062 0.00229125863968 -0.00540144230029 -0.000827330139529 0.0170751101652 0.00343359772301 
0.0233730254458 -0.00782988674941 6.86373042927 -0.0143447522931 0.0211601828016 -0.0400946367305 -0.0063234959297 0.0159361780654 -0.00659054147741 -0.017704308167 0.00576577969101 0.0422595470101 0.0144849130283 -0.0149298865601 0.012634646231 -0.00750493022275 -0.00512852354003 0.227267167018 0.0118237463003 -0.001932267514 0.00709023408596 -0.00634384011835 0.0135447818156 0.0343530963713 0.0147784159211 0.00853256106146 0.0189627310351 0.00238740205379 0.0152665480374 0.00698579693053 -0.00732009333131 0.00492526038749 -0.00658416902126 -0.00939461871755 -0.0245889030864 -0.0231252832079 0.0241763824819 0.00097955618196 0.0127909490575 -0.00237773574293 
0.0289060525525 -8.31731746299e-05 -0.0143447522931 0.908618671606 0.011724452748 0.0432968577504 0.0222766849987 0.0632586637236 0.0184627331904 0.020528107627 0.00723751840331 0.0502521776506 0.0200394919611 0.023580795755 0.0141900165723 0.0213221380391 -0.00654755319408 0.0516706341648 0.0136060880176 0.0525664135295 0.0652083704308 0.0363570297349 0.0216041522708 0.0075093361407 0.0200364912868 0.0158432631547 0.0304285641837 0.102803314242 0.0315936842027 0.0327173321092 -0.00315677805693 0.023079258432 0.000955144905192 0.0161871402021 0.0313787810635 0.0657657406285 0.0165500412355 0.00346601533653 0.0317972973909 0.0477721902887 
0.0235653260297 0.00345684919584 0.0211601828016 0.011724452748 0.25301891349 0.0227953966648 0.00954038744351 0.0527450186706 0.0235503742419 0.00363588801322 0.0209771447905 0.0136876328981 0.018706489652 0.0222919756757 0.0211239304556 0.0296866630089 0.00449049541563 0.00750468322345 0.0160008127439 0.0131312725551 0.0175187656899 0.0209304562257 0.0226479255687 0.0288151438435 0.0522827435547 0.0271423878901 0.011242497378 0.014500295276 0.0278894803301 0.0224399283807 0.0109379851648 0.0145130136691 0.0171540948215 0.00988413704927 0.0257960056888 -0.0176310166995 0.0180773720219 0.0060986071141 0.0103266373663 0.0326263012896 
0.00110801287321 0.00406498230155 -0.0400946367305 0.0432968577504 0.0227953966648 0.56665465344 0.00831363049913 0.0310343878624 0.0382155164008 0.00148169689812 0.00958163648776 0.00347751623059 0.0178660031627 0.0402200550653 0.0223577533626 0.0343160230489 0.0410625770827 0.0369544817714 0.0144541897147 0.0582454535168 0.0379316624958 0.0259796702047 0.0220533243794 0.0106483600979 0.0168629434974 0.0166081727339 0.0203182190256 0.0345039324013 0.0178457328811 0.0283292717704 0.0321605725496 0.0645887625428 0.0232070681158 0.019835015026 0.0234065654154 0.0514810351066 0.0125157154466 0.00398317558828 0.0531070820848 0.0688666107497 
0.0103223958204 0.014397671236 -0.0063234959297 0.0222766849987 0.00954038744352 0.00831363049914 0.20184033458 0.0195526219949 0.0170625045814 0.00606719651241 0.00975258308362 0.0141578118757 0.0577015031292 0.0290603076535 0.00275537417038 0.00981973915505 0.00587486848999 0.00261603258165 0.0096555370234 0.00947820859231 0.00840261438674 -0.000414666663595 0.00995900513515 0.0154039369676 0.01919187962 0.0185485792487 0.0162443718932 0.0293585703476 0.0115808306487 0.00347526931355 0.0121246271363 0.00663271692773 0.00682847995083 0.0124585306425 -0.000349329646132 0.0134566667713 0.0151908356873 0.0133612646623 0.000329224736672 -0.000750593035773 
0.00218912201608 0.00673315341486 0.0159361780654 0.0632586637236 0.0527450186706 0.0310343878624 0.0195526219949 0.28208794022 0.0260749832072 0.0167689969475 0.0193510650208 0.0217925852326 0.0215543182978 0.03723112172 0.0229723418988 0.0302437292784 0.0124058921186 0.0254563106789 0.0386489019216 0.0351821991747 0.0267430896402 0.0335412314534 0.0349408684654 0.0337778851425 0.0297309083258 0.014363334544 0.0268196292233 0.0298996043063 0.0340548395404 0.0342240618143 0.0180539416545 0.0299107820364 0.0184008198371 0.0248080229582 0.0311619916057 0.0540491091486 0.0165523409695 -0.000690440456974 0.0363064171443 0.0437916984569 
0.0090075945121 0.0220658530147 -0.00659054147741 0.0184627331904 0.0235503742419 0.0382155164008 0.0170625045814 0.0260749832072 0.195496367685 0.00890024201484 0.00930332615328 0.00135660971007 0.0220706143229 0.0825446948659 0.00658443627866 0.0230625045695 0.00843278622761 0.0143391501562 0.0077534944768 0.00851560337981 0.0324470555187 0.00506699447211 0.0123092184935 0.0196803126598 0.0255472134127 0.0090992746068 0.0131609044542 0.0174204792795 0.0137934840432 0.0193437030827 0.0301702859653 0.0258665616083 0.00830203454871 0.0162507930892 0.020069358777 0.0160288220981 0.0126376392572 0.0106161893993 0.0338675046175 0.0206230727496 
0.00986563430767 0.00620026464325 -0.017704308167 0.020528107627 0.00363588801323 0.00148169689812 0.00606719651241 0.0167689969475 0.00890024201484 0.187277729369 0.0139829716202 0.00112263443812 0.011948191255 0.00309083630791 0.00119084847315 0.0131684281021 0.0154484428178 3.13132764525e-05 0.00346201313871 0.0110683775022 0.00515312178605 0.0147146263774 0.0249876756348 0.0131253645969 0.011740427814 0.0117091955051 0.00512732214805 0.000791327599319 0.00823238575179 0.0200753365314 0.010396381952 -0.00146933684172 0.0098578777609 0.00884653326386 0.0126769100631 0.0244936341266 0.0130652818546 0.000180693693484 0.0228236092965 0.000860153118107 
-0.00217168556009 0.0031878958184 0.00576577969101 0.00723751840331 0.0209771447905 0.00958163648776 0.00975258308362 0.0193510650208 0.00930332615328 0.0139829716202 0.135541594981 0.00450337400781 0.0112651988776 0.0101191133282 0.0112476708195 0.0201838559075 0.00935754729873 0.00927294876445 0.01450923697 0.00326376312312 0.0020597135714 0.0187156216752 0.0148736463725 0.0313838395134 0.0280267607581 0.0266251667772 0.0180272555344 0.0018408593525 0.0121607085663 0.00823916385061 0.0134075610218 -0.00518444816955 0.00585625836994 0.01052052169 0.00642370486457 0.0164161880753 0.0146872427576 0.00613711393356 0.0159427409181 0.015016233754 
0.00314851637996 0.0119614198457 0.0422595470101 0.0502521776506 0.0136876328981 0.0034775162306 0.0141578118757 0.0217925852326 0.00135660971007 0.00112263443812 0.00450337400781 0.601815341606 0.0029255506951 0.0156047201442 -0.00229056585418 0.0170352457729 0.02234336972 0.0206748949666 0.00597922279687 0.0040945277793 0.0111701163446 0.00359536586927 0.00148977442369 0.00660342958152 0.0110872802703 0.00160188628505 0.00372073382833 0.0134087442757 0.00638725305817 0.0258987453849 0.00680752823312 0.0267463604508 -0.00662417996026 0.0018198830604 0.0141809686829 -0.0059189577938 -0.00155875991461 0.017536900594 -0.00773309088808 0.0047267875558 
0.0184926069255 0.0126627115621 0.0144849130283 0.0200394919611 0.018706489652 0.0178660031627 0.0577015031292 0.0215543182978 0.0220706143229 0.011948191255 0.0112651988776 0.0029255506951 0.199317137709 0.0310170967534 0.00011498213033 0.0313481312807 0.00114561457839 -0.00363522092722 0.0206388711874 0.00228087670596 0.0310086340849 0.0104964451926 0.00722897674509 0.0256318127907 0.0238757761489 0.012268680232 0.00550588461715 0.00888616528798 0.0142513808968 0.0125160154987 0.0276954047428 0.0190659662029 0.0195846949496 0.00651271363889 0.00524469637806 0.0415312808837 0.00752595053259 0.00678558351049 0.00404112279799 0.005620834321 
0.00235001771414 0.0132086032064 -0.0149298865601 0.023580795755 0.0222919756757 0.0402200550653 0.0290603076535 0.03723112172 0.0825446948659 0.00309083630791 0.0101191133282 0.0156047201442 0.0310170967534 0.213914299348 0.0150515261712 0.0285463162239 0.00788714943221 0.0193969347328 0.0163557675775 0.0150014986233 0.0263429285857 0.00431003968812 0.0154873731186 0.0197178766218 0.0300161798073 0.0178031511017 0.0161902824524 0.0279870706805 0.0261374493441 0.0293517434546 0.0391099666494 0.0284349086548 0.0120985614268 0.0211567113942 0.0161251594631 0.0278224601068 0.0169235142123 -0.00345750230753 0.0325324351393 0.0263826029263 
0.0192736520955 0.00551623771461 0.012634646231 0.0141900165723 0.0211239304556 0.0223577533626 0.00275537417037 0.0229723418988 0.00658443627866 0.00119084847317 0.0112476708195 -0.00229056585418 0.000114982130332 0.0150515261712 0.166439030431 0.00715252568094 0.00215605832783 0.0203926180364 0.0257487226551 0.0279164225215 0.0167893199875 0.0160554687027 -0.00535349852614 0.0218319293914 0.00399685603609 0.0117302049274 0.0170430591877 0.00911004913439 0.0122499745497 0.013845884974 0.00864528408847 0.00502944699386 0.011942603159 0.0167209761753 0.0116224168937 0.00799148430033 -0.00174060109852 0.0048946131052 0.0158065087915 0.0169189122275 
0.00327054773108 0.0190207690378 -0.00750493022275 0.0213221380391 0.0296866630089 0.0343160230489 0.00981973915505 0.0302437292784 0.0230625045695 0.0131684281021 0.0201838559075 0.0170352457729 0.0313481312807 0.0285463162239 0.00715252568094 0.277900790384 0.0103108987004 0.0655268934773 0.0178816376236 0.0207012247641 0.0238942738674 0.0229137052085 0.0328729086161 0.0194645523717 0.0317929613797 0.0203750413963 0.0137178146393 0.00727977606888 0.0160699125084 0.0332697503277 0.0169414084041 0.0391041290726 0.0192832256511 0.00837168657573 0.0340895683459 0.0375076618305 0.0392508940876 0.00799743132585 0.0262442301014 0.037314867802 
0.00439036925881 0.00464593383007 -0.00512852354003 -0.00654755319408 0.00449049541563 0.0410625770827 0.00587486848998 0.0124058921186 0.00843278622761 0.0154484428178 0.00935754729873 0.02234336972 0.00114561457838 0.00788714943221 0.00215605832784 0.0103108987004 0.24509591725 -0.0030092356416 0.0183336441008 0.00563328273673 0.0119020040038 0.00349569861831 0.00430903936305 0.0101524948813 0.00513964652203 0.000949082619801 -0.00124926916027 0.00434571010887 0.00121899280894 0.0173463699844 0.00752120867819 0.0134268140916 -0.00326616559047 -0.00329664586902 0.0189319498138 0.0205487126123 0.00353868823436 0.0015984412379 0.0143396846295 0.00387850986465 
-0.00808726234472 0.00832026559167 0.227267167018 0.0516706341648 0.00750468322345 0.0369544817714 0.00261603258165 0.0254563106789 0.0143391501562 3.1313276453e-05 0.00927294876445 0.0206748949666 -0.00363522092722 0.0193969347328 0.0203926180364 0.0655268934773 -0.0030092356416 0.414691095336 0.0157273426453 0.0130730866514 0.0514259219552 -0.0062069794507 0.0230189368672 0.023181516179 0.0138931008136 0.0240164220268 0.0160552941385 0.0236011111033 0.036981604016 0.0328176737437 0.0118649069648 0.0263049112312 0.00942358102248 0.0180100162138 0.0328855547481 0.0195059336355 0.0198103333759 -0.0049411965285 0.0372537663742 0.030481199901 
0.0133053497487 0.000715874402122 0.0118237463003 0.0136060880176 0.0160008127439 0.0144541897147 0.0096555370234 0.0386489019216 0.0077534944768 0.00346201313871 0.01450923697 0.00597922279687 0.0206388711874 0.0163557675775 0.0257487226551 0.0178816376236 0.0183336441008 0.0157273426453 0.289964295412 0.00157971135934 -0.000562353369663 -0.00296031302225 0.0192463873255 0.00940468530147 0.0263884922894 0.00635650358602 0.0190845985547 0.0137930595517 0.00586243385406 0.0146754568257 0.0182404945272 0.00649130035067 0.00339012035264 0.00929421113601 0.00214914305683 0.0229915860345 0.0232078836564 0.0267798515017 0.0310401144395 -0.0115638275578 
0.0170506691358 0.00101009111011 -0.001932267514 0.0525664135295 0.0131312725551 0.0582454535168 0.00947820859232 0.0351821991747 0.00851560337982 0.0110683775022 0.00326376312313 0.0040945277793 0.00228087670598 0.0150014986234 0.0279164225215 0.0207012247641 0.00563328273672 0.0130730866514 0.00157971135932 0.281157413627 0.0233096305271 0.018758511243 0.0259795001458 0.0189449547877 0.0193112830262 0.0201214448114 0.00884529610469 0.0153190651164 0.0366566743753 0.0108229383519 0.000415066867722 0.0430957082558 0.0268703019978 0.0195556374372 0.0383106087806 0.0453347009171 0.0220048252234 -0.0238810686477 0.0405414648153 0.031383280861 
0.0121994031201 -0.000171576716728 0.00709023408596 0.0652083704309 0.0175187656899 0.0379316624958 0.00840261438675 0.0267430896402 0.0324470555187 0.00515312178605 0.0020597135714 0.0111701163446 0.0310086340849 0.0263429285857 0.0167893199875 0.0238942738674 0.0119020040038 0.0514259219552 -0.00056235336966 0.0233096305271 1.07077199377 0.0172442066663 0.00410638694317 0.0236509576953 0.0317359777642 0.01314288548 0.0286402675184 0.00256949167189 0.000882923414381 0.0206724419992 0.00761513645977 0.0528442187618 0.00802825770598 0.0123468982968 0.0187383363775 0.0366063013666 0.00502272143138 -0.0237724099224 0.0255214350076 0.0178707398066 
0.0318527108925 0.00571466512452 -0.00634384011835 0.0363570297349 0.0209304562257 0.0259796702047 -0.000414666663592 0.0335412314534 0.00506699447211 0.0147146263774 0.0187156216752 0.00359536586927 0.0104964451926 0.00431003968812 0.0160554687028 0.0229137052085 0.00349569861831 -0.0062069794507 -0.00296031302225 0.018758511243 0.0172442066663 0.251776090257 0.0138134541584 0.00891212207191 0.021200535344 0.000408887829717 0.0186688426078 0.00839537421397 0.0108261532269 0.00580366498455 0.018126975753 0.0145771812195 -0.000852394066728 0.0233313250196 0.00927407919643 0.0080518162834 0.00612985308499 -0.00219442883654 0.023287188373 0.0838360723398 
0.0177242427758 0.00582625278564 0.0135447818156 0.0216041522708 0.0226479255687 0.0220533243794 0.00995900513515 0.0349408684654 0.0123092184935 0.0249876756348 0.0148736463725 0.00148977442368 0.00722897674509 0.0154873731186 -0.00535349852614 0.0328729086161 0.00430903936305 0.0230189368672 0.0192463873255 0.0259795001458 0.00410638694317 0.0138134541584 0.275305476223 0.011830205755 0.015039131881 0.0145106297145 0.012087418781 0.00593827860248 -0.00539256898871 0.00677241035576 -0.0076485004255 0.0122828686933 0.0149434958093 0.0176328434208 0.0131115584791 0.0363314890666 0.015614892346 -0.0146417564005 0.0178465113801 0.0276290265162 
0.00588498476136 0.00102367315218 0.0343530963713 0.0075093361407 0.0288151438435 0.0106483600979 0.0154039369676 0.0337778851425 0.0196803126598 0.0131253645969 0.0313838395134 0.00660342958151 0.0256318127907 0.0197178766218 0.0218319293914 0.0194645523717 0.0101524948813 0.023181516179 0.00940468530147 0.0189449547877 0.0236509576953 0.00891212207191 0.011830205755 0.176591654327 0.0315218068359 0.0223547499269 0.0215684874152 -0.0116296558582 0.0191946857705 0.023734285251 0.0167942043556 0.0189638694891 0.0036500987364 0.0121398588969 0.00904607162969 0.0130748897388 0.0161987664935 -0.00586537601958 0.017174578045 0.0129298567442 
0.00467682351401 0.00801130810552 0.0147784159211 0.0200364912868 0.0522827435547 0.0168629434974 0.01919187962 0.0297309083258 0.0255472134127 0.011740427814 0.0280267607581 0.0110872802703 0.0238757761489 0.0300161798072 0.0039968560361 0.0317929613797 0.00513964652204 0.0138931008136 0.0263884922894 0.0193112830262 0.0317359777642 0.021200535344 0.015039131881 0.0315218068359 0.164881219661 0.0282844315542 0.029144103108 0.0133466258157 0.0249133349259 0.0247606717653 0.0268371099225 0.00827564982862 0.0110328590537 0.0216065309974 0.0175684323801 0.0262940708005 0.0089969856627 0.0147193257678 0.0244267969275 0.0246535188632 
0.0106091855216 0.0101494727891 0.00853256106146 0.0158432631547 0.0271423878901 0.0166081727339 0.0185485792487 0.014363334544 0.00909927460681 0.0117091955051 0.0266251667772 0.00160188628505 0.012268680232 0.0178031511017 0.0117302049274 0.0203750413963 0.0009490826198 0.0240164220268 0.00635650358602 0.0201214448114 0.01314288548 0.000408887829716 0.0145106297145 0.0223547499269 0.0282844315542 0.165550817214 0.0153918385617 0.0145670034202 0.0157575315104 0.0105461066731 0.0121764327794 0.0174851895068 0.0159541921306 0.0113687446202 0.0108370152396 0.0121731170537 0.00952523739102 0.00567142198979 0.0211099781071 0.0214508728905 
0.00741149434874 0.00264560295507 0.0189627310351 0.0304285641837 0.011242497378 0.0203182190256 0.0162443718932 0.0268196292233 0.0131609044542 0.00512732214805 0.0180272555344 0.00372073382833 0.00550588461715 0.0161902824524 0.0170430591877 0.0137178146393 -0.00124926916027 0.0160552941385 0.0190845985547 0.00884529610469 0.0286402675184 0.0186688426078 0.012087418781 0.0215684874152 0.029144103108 0.0153918385617 0.197262607141 0.0142012062898 0.0240759465712 0.015309874352 0.0172897525506 0.0161319073981 0.00891132950886 0.0164180152272 0.0234888438571 0.0255877623746 0.0272424890726 -0.0113409922295 0.0222254953953 0.0286458622476 
0.0171416605036 0.0126275509821 0.00238740205379 0.102803314242 0.014500295276 0.0345039324012 0.0293585703476 0.0298996043063 0.0174204792795 0.000791327599324 0.00184085935249 0.0134087442757 0.00888616528797 0.0279870706805 0.0091100491344 0.00727977606886 0.00434571010887 0.0236011111033 0.0137930595517 0.0153190651164 0.00256949167188 0.00839537421397 0.00593827860247 -0.0116296558582 0.0133466258157 0.0145670034202 0.0142012062898 0.350933433849 0.0203114197801 0.0121442222346 0.0425257990381 0.0128375973163 0.00711438120749 0.0178436772969 0.0197225660419 0.0462008698639 -0.00642188900562 0.042297612421 0.0208798178891 0.00574709400901 
0.0113707075703 0.00393547388624 0.0152665480374 0.0315936842027 0.0278894803301 0.0178457328811 0.0115808306487 0.0340548395404 0.0137934840432 0.00823238575175 0.0121607085663 0.00638725305817 0.0142513808968 0.0261374493441 0.0122499745497 0.0160699125084 0.00121899280894 0.036981604016 0.00586243385405 0.0366566743753 0.000882923414378 0.010826153227 -0.0053925689887 0.0191946857705 0.0249133349259 0.0157575315104 0.0240759465712 0.0203114197801 0.204146956065 0.0351370582434 0.0102324418282 0.0344022936474 0.0116991610991 0.014262421307 0.0288538425937 0.0166580012906 0.0170152963369 0.0161784119721 0.0220863320557 0.0197167968728 
0.00640758436751 0.00946103845026 0.00698579693053 0.0327173321092 0.0224399283807 0.0283292717704 0.00347526931353 0.0342240618143 0.0193437030827 0.0200753365314 0.00823916385061 0.0258987453849 0.0125160154987 0.0293517434546 0.013845884974 0.0332697503277 0.0173463699844 0.0328176737437 0.0146754568257 0.0108229383519 0.0206724419992 0.00580366498456 0.00677241035574 0.023734285251 0.0247606717653 0.0105461066731 0.015309874352 0.0121442222346 0.0351370582434 0.316490526463 0.0238451240685 0.029410410178 0.0172073480852 0.00879012736534 0.042777721893 0.0143693136846 0.00433205501859 0.00351042679185 0.0305257095725 0.0125710359781 
-0.00656761848735 0.0196392987962 -0.00732009333131 -0.00315677805693 0.0109379851648 0.0321605725496 0.0121246271363 0.0180539416545 0.0301702859653 0.010396381952 0.0134075610218 0.00680752823312 0.0276954047429 0.0391099666494 0.00864528408847 0.0169414084042 0.00752120867818 0.0118649069648 0.0182404945272 0.000415066867718 0.00761513645977 0.018126975753 -0.00764850042549 0.0167942043556 0.0268371099225 0.0121764327794 0.0172897525506 0.042525799038 0.0102324418282 0.0238451240685 0.351623525182 0.00523117192069 0.0107479298719 0.0129194825708 0.0304043512711 0.0152124671899 -0.000405765053991 -0.00404819573794 0.0271462450853 0.014489621424 
0.000901772834141 0.0122282073326 0.00492526038749 0.023079258432 0.0145130136691 0.0645887625428 0.00663271692773 0.0299107820364 0.0258665616083 -0.00146933684171 -0.00518444816954 0.0267463604508 0.0190659662029 0.0284349086548 0.00502944699386 0.0391041290726 0.0134268140916 0.0263049112312 0.00649130035066 0.0430957082558 0.0528442187618 0.0145771812195 0.0122828686933 0.0189638694891 0.00827564982862 0.0174851895068 0.0161319073981 0.0128375973163 0.0344022936474 0.029410410178 0.00523117192069 0.305553658789 0.0128770808363 0.0231043201029 0.0465192398528 0.0294079311884 0.0722912228729 0.00317950140138 0.0340621108717 0.0417121629138 
-0.00483306605139 0.0169961892314 -0.00658416902126 0.000955144905193 0.0171540948216 0.0232070681158 0.00682847995083 0.0184008198371 0.00830203454872 0.00985787776089 0.00585625836994 -0.00662417996026 0.0195846949496 0.0120985614268 0.011942603159 0.0192832256511 -0.00326616559047 0.00942358102248 0.00339012035263 0.0268703019978 0.00802825770598 -0.000852394066732 0.0149434958093 0.0036500987364 0.0110328590537 0.0159541921306 0.00891132950886 0.00711438120749 0.0116991610991 0.0172073480852 0.0107479298719 0.0128770808363 0.222312059005 0.0126080488653 0.000735769353343 0.00548760108543 0.0119669918768 0.0050930495983 0.0292421431001 0.0167678999931 
0.00895485359622 0.00972320790451 -0.00939461871755 0.0161871402021 0.00988413704928 0.019835015026 0.0124585306425 0.0248080229582 0.0162507930892 0.00884653326387 0.01052052169 0.0018198830604 0.00651271363889 0.0211567113942 0.0167209761753 0.00837168657574 -0.00329664586902 0.0180100162138 0.00929421113601 0.0195556374372 0.0123468982968 0.0233313250196 0.0176328434208 0.0121398588969 0.0216065309974 0.0113687446202 0.0164180152272 0.0178436772969 0.014262421307 0.00879012736533 0.0129194825708 0.0231043201029 0.0126080488653 0.14326091622 0.00923554957041 0.023160816195 0.00639195562132 -0.00589749109499 0.0192238226347 0.00627963911935 
0.000617114814768 0.0103858918062 -0.0245889030864 0.0313787810634 0.0257960056888 0.0234065654154 -0.000349329646136 0.0311619916057 0.020069358777 0.0126769100631 0.00642370486457 0.0141809686829 0.00524469637806 0.0161251594631 0.0116224168937 0.0340895683459 0.0189319498138 0.0328855547481 0.00214914305683 0.0383106087805 0.0187383363775 0.00927407919643 0.0131115584791 0.00904607162969 0.0175684323801 0.0108370152396 0.0234888438571 0.0197225660419 0.0288538425937 0.042777721893 0.0304043512711 0.0465192398528 0.000735769353341 0.0092355495704 0.380116493745 0.0346576390878 0.0126510421926 0.00431745730289 0.0306361526247 0.0121274211515 
0.0299557932302 0.00229125863968 -0.0231252832079 0.0657657406285 -0.0176310166995 0.0514810351066 0.0134566667713 0.0540491091486 0.0160288220981 0.0244936341266 0.0164161880753 -0.00591895779381 0.0415312808837 0.0278224601068 0.00799148430033 0.0375076618305 0.0205487126123 0.0195059336355 0.0229915860345 0.0453347009171 0.0366063013666 0.0080518162834 0.0363314890666 0.0130748897388 0.0262940708004 0.0121731170537 0.0255877623746 0.0462008698639 0.0166580012906 0.0143693136846 0.0152124671899 0.0294079311884 0.00548760108543 0.023160816195 0.0346576390878 0.501897161666 0.0303433067991 0.00973458308603 0.0120868144502 0.0347280539292 
0.0085712209047 -0.00540144230029 0.0241763824819 0.0165500412355 0.0180773720219 0.0125157154466 0.0151908356873 0.0165523409695 0.0126376392572 0.0130652818546 0.0146872427576 -0.00155875991462 0.00752595053259 0.0169235142123 -0.00174060109852 0.0392508940876 0.00353868823436 0.0198103333759 0.0232078836564 0.0220048252234 0.00502272143138 0.00612985308499 0.015614892346 0.0161987664935 0.0089969856627 0.00952523739102 0.0272424890726 -0.00642188900562 0.0170152963369 0.00433205501859 -0.000405765053992 0.0722912228729 0.0119669918768 0.00639195562132 0.0126510421926 0.0303433067991 0.509620163774 -0.0106416045855 0.0142716645691 0.0210642672718 
-0.0110112828639 -0.000827330139526 0.00097955618196 0.00346601533649 0.00609860711411 0.0039831755883 0.0133612646623 -0.000690440456968 0.0106161893993 0.000180693693486 0.00613711393356 0.0175369005939 0.0067855835105 -0.00345750230752 0.00489461310521 0.00799743132586 0.00159844123791 -0.0049411965285 0.0267798515017 -0.0238810686477 -0.0237724099224 -0.00219442883654 -0.0146417564005 -0.00586537601957 0.0147193257678 0.00567142198979 -0.0113409922295 0.042297612421 0.0161784119721 0.00351042679186 -0.00404819573793 0.00317950140139 0.00509304959831 -0.00589749109498 0.0043174573029 0.00973458308604 -0.0106416045855 0.640718122081 0.00146383351665 0.0171097930866 
0.0154817079692 0.0170751101652 0.0127909490575 0.0317972973909 0.0103266373663 0.0531070820848 0.000329224736681 0.0363064171443 0.0338675046175 0.0228236092965 0.0159427409181 -0.00773309088808 0.004041122798 0.0325324351393 0.0158065087915 0.0262442301014 0.0143396846295 0.0372537663742 0.0310401144395 0.0405414648154 0.0255214350076 0.023287188373 0.0178465113801 0.017174578045 0.0244267969275 0.0211099781071 0.0222254953953 0.020879817889 0.0220863320557 0.0305257095725 0.0271462450853 0.0340621108717 0.0292421431001 0.0192238226347 0.0306361526247 0.0120868144502 0.0142716645691 0.00146383351664 0.273436220422 0.0423463012029 
-0.00412979290612 0.00343359772301 -0.00237773574293 0.0477721902887 0.0326263012896 0.0688666107497 -0.000750593035777 0.0437916984569 0.0206230727496 0.000860153118109 0.015016233754 0.0047267875558 0.00562083432099 0.0263826029263 0.0169189122275 0.037314867802 0.00387850986465 0.030481199901 -0.0115638275578 0.031383280861 0.0178707398066 0.0838360723398 0.0276290265162 0.0129298567442 0.0246535188632 0.0214508728905 0.0286458622476 0.005747094009 0.0197167968728 0.0125710359781 0.014489621424 0.0417121629138 0.0167678999931 0.00627963911935 0.0121274211515 0.0347280539292 0.0210642672718 0.0171097930866 0.0423463012029 0.440315447423 

['CSCO', 'GIS', 'SANM', 'AMD', 'FITB', 'VMC', 'FPL', 'BSC', 'EQR', 'MDP', 'TMK', 'NOVL', 'TE', 'SPG', 'IBM', 'EMN', 'NKE', 'ODP', 'AMGN', 'ROK', 'RHI', 'FDC', 'NYT', 'AFL', 'HBAN', 'CINF', 'CTAS', 'QLGC', 'PLL', 'GPS', 'UNH', 'ASD', 'CCE', 'PBI', 'WHR', 'NE', 'JCI', 'MYL', 'MAR', 'TXT']