20
0.0265727047954 0.0384738749472 0.0206012582373 0.0523918745475 0.116671338284 0.0380825412642 0.0590558874601 0.0952892642352 0.0357981155146 0.0528259349661 0.114457978761 0.0861911318708 0.0466468708745 0.0538205376978 0.0874158444094 0.0394797478448 0.251790956204 0.126302472887 0.0559549201136 0.0272516352802 
0.217782798733 0.0128061505401 0.0244515987554 0.0137219134171 0.0161822300356 0.0100672439512 0.0117910736127 0.0294283145459 0.0263245797441 0.0486868041581 0.0120908261414 0.0201477565324 0.0140640112204 0.0197181522326 0.00742517164864 0.0171550731862 -0.00379578356647 0.0145270791115 0.0229585528035 0.0122453020831 
0.0128061505401 0.238190573575 0.0103454545313 0.0236632578051 0.00530762372244 0.00160297143852 0.00584960822645 0.0212832532064 0.00594068657717 0.0164190247951 0.0241150169045 0.0325563688494 0.0143340631276 0.0189844946775 0.00672565050795 0.00975228330258 0.0335739597175 0.0301117561062 0.019336257676 0.00744274056552 
0.0244515987554 0.0103454545313 0.196281235589 0.0138753917756 0.00840421715153 0.0277037399978 0.0134120957456 0.0266743050439 0.0247341067992 0.0203419251848 0.0349349287388 0.0285678507899 0.00818887802415 0.0181486832455 0.0162024721082 0.0247524329437 0.0131119279074 0.0236360329797 0.04788034183 0.0207623499587 
0.0137219134171 0.0236632578051 0.0138753917756 0.358563479729 0.0107131903576 0.0256313933375 0.034862403495 0.00170047125737 0.0306683154342 0.0184185653091 0.0137224567018 0.0138621978608 0.0125061905443 0.0276895649902 0.0291123411279 0.0403921914219 0.00899510355255 0.0111470439272 0.0118783787222 0.00946191758716 
0.0161822300356 0.00530762372244 0.00840421715153 0.0107131903576 1.07486099071 0.0331403639491 -0.00245370473193 0.00982665409868 0.0129638043886 0.0584644768924 0.03791025188 0.0317418972315 0.0495924033104 0.0256701973386 0.00128825714286 0.0278305830089 -0.0262087730216 0.0294019008079 0.0331531076223 0.025134645742 
0.0100672439512 0.00160297143852 0.0277037399978 0.0256313933375 0.0331403639491 0.259322491071 0.0186840767004 0.0154237727645 0.0164498837194 0.0116567419311 0.00710013620291 0.0306755794483 0.00992845913925 0.0165597273231 0.0110714000732 0.0220255660868 0.027178995315 0.0281696479097 0.0253768508021 -0.000736260166554 
0.0117910736127 0.00584960822645 0.0134120957456 0.034862403495 -0.00245370473193 0.0186840767004 0.725730834804 0.00348805592669 0.0411148805675 0.0238940999116 0.00894775237888 0.00770510361999 0.00283546723025 0.02708421356 0.00465453155977 0.0173229922093 0.0166628139266 -0.00644239181902 0.0128216670157 0.0112003192761 
0.0294283145459 0.0212832532064 0.0266743050439 0.00170047125737 0.00982665409868 0.0154237727645 0.00348805592669 0.517319889475 0.00825408631124 0.0284138802281 0.00473526848996 0.00409291307709 0.00189705368335 0.0194456168813 -0.00927761538721 0.0270375225819 0.00748178240238 0.0192388734206 0.0446517855206 0.0087023138715 
0.0263245797441 0.00594068657717 0.0247341067992 0.0306683154342 0.0129638043886 0.0164498837194 0.0411148805675 0.00825408631124 0.26221031474 0.0307850317869 0.0149447830964 0.0110277528389 0.0206354212061 0.0412949464518 0.00990753478769 0.0117565025754 -0.000641516535127 0.0209589083862 0.0330780854384 -0.00435050964088 
0.0486868041581 0.0164190247951 0.0203419251848 0.0184185653091 0.0584644768924 0.0116567419311 0.0238940999116 0.0284138802281 0.0307850317869 0.294536189026 -0.0135743957417 0.023748121327 0.0144616925069 0.0398343692967 0.0164322608923 0.0187841310666 0.0159217754442 0.0134390441911 0.0346817305032 0.00766710007254 
0.0120908261414 0.0241150169045 0.0349349287388 0.0137224567018 0.03791025188 0.00710013620291 0.00894775237888 0.00473526848996 0.0149447830964 -0.0135743957417 0.44425155519 0.0372621066263 0.0510192083082 0.0021928771528 0.00301315846203 0.0247207863962 0.0300999524466 0.0936133310977 0.0372929929418 0.0143930375834 
0.0201477565324 0.0325563688494 0.0285678507899 0.0138621978608 0.0317418972315 0.0306755794483 0.00770510361999 0.00409291307709 0.0110277528389 0.023748121327 0.0372621066263 0.418354566916 0.0214693735716 0.0196025072791 0.0472375849171 0.00567970746746 0.0214263832728 0.0196068853411 0.0476141142731 0.00580383319762 
0.0140640112204 0.0143340631276 0.00818887802415 0.0125061905443 0.0495924033104 0.00992845913925 0.00283546723025 0.00189705368335 0.0206354212061 0.0144616925069 0.0510192083082 0.0214693735716 0.370482941955 0.0447904960745 0.03232690338 0.0136557125908 0.0392385016299 0.00407683609839 0.0182868909444 0.013087906539 
0.0197181522326 0.0189844946775 0.0181486832455 0.0276895649902 0.0256701973386 0.0165597273231 0.02708421356 0.0194456168813 0.0412949464518 0.0398343692967 0.0021928771528 0.0196025072791 0.0447904960745 0.310030384972 0.0162015972377 0.0334872036159 0.0123822980513 0.0271008546623 0.0405719481154 0.00588996955106 
0.00742517164864 0.00672565050795 0.0162024721082 0.0291123411279 0.00128825714286 0.0110714000732 0.00465453155977 -0.00927761538721 0.00990753478769 0.0164322608923 0.00301315846203 0.0472375849171 0.03232690338 0.0162015972377 0.565036626649 0.0245264940946 0.0136284340964 -0.00361092690824 0.0300548550671 0.0191211482234 
0.0171550731862 0.00975228330258 0.0247524329437 0.0403921914219 0.0278305830089 0.0220255660868 0.0173229922093 0.0270375225819 0.0117565025754 0.0187841310666 0.0247207863962 0.00567970746746 0.0136557125908 0.0334872036159 0.0245264940946 0.338411209135 -0.00884292871872 0.0362617623964 0.0426398287335 0.00137972347115 
-0.00379578356647 0.0335739597175 0.0131119279074 0.00899510355255 -0.0262087730216 0.027178995315 0.0166628139266 0.00748178240238 -0.000641516535127 0.0159217754442 0.0300999524466 0.0214263832728 0.0392385016299 0.0123822980513 0.0136284340964 -0.00884292871872 2.0824016413 0.0189589363951 0.0564637866195 0.013177799059 
0.0145270791115 0.0301117561062 0.0236360329797 0.0111470439272 0.0294019008079 0.0281696479097 -0.00644239181902 0.0192388734206 0.0209589083862 0.0134390441911 0.0936133310977 0.0196068853411 0.0040768360984 0.0271008546623 -0.00361092690824 0.0362617623964 0.0189589363951 0.530728079352 0.0229543402081 0.0156894289128 
0.0229585528036 0.019336257676 0.04788034183 0.0118783787222 0.0331531076223 0.0253768508021 0.0128216670157 0.0446517855206 0.0330780854384 0.0346817305032 0.0372929929418 0.0476141142731 0.0182868909444 0.0405719481154 0.0300548550671 0.0426398287335 0.0564637866195 0.0229543402081 0.281524005969 0.0432373453407 
0.0122453020831 0.00744274056552 0.0207623499587 0.00946191758716 0.025134645742 -0.000736260166551 0.0112003192761 0.0087023138715 -0.00435050964088 0.00766710007254 0.0143930375834 0.00580383319762 0.013087906539 0.00588996955106 0.0191211482234 0.00137972347115 0.013177799059 0.0156894289128 0.0432373453407 0.23010350556 

['SAFC', 'ABC', 'DD', 'UNH', 'RHI', 'EDS', 'BOL', 'JCI', 'WAG', 'ACE', 'XTO', 'HPQ', 'CEG', 'GDW', 'IGT', 'ITT', 'BRCM', 'NEM', 'PCAR', 'OMC']