60
0.0255776045185 0.0534443631468 0.0442487549982 0.0597094198611 0.0487859931196 0.0486959213786 0.0280903462606 0.0308768641188 0.0211692002509 0.110625092132 0.0244433913508 0.0391901687574 0.0466468708745 0.02736418452 0.041097516798 0.0501483555771 0.208286894217 0.0270000307956 0.040534814632 0.0707348977441 0.0533286406295 0.0754225878746 0.0850489592031 0.0210054402465 0.140066530531 0.0231907610599 0.0690415105338 0.0439476996979 0.0428749123775 0.0910259677787 0.00699576056141 0.132143501856 0.0425593974561 0.0997806882374 0.0486003975036 0.0722101641432 0.023795453615 0.103194060275 0.022286409141 0.0482651065397 0.107238949757 0.128413882411 0.0206012582373 0.128222495688 0.0220144037379 0.0623322546876 0.143796644659 0.0113752176021 0.0780955523414 0.0800378705657 0.0434942638749 0.0435638119902 0.0739523233915 0.0278380444533 0.0285158318856 0.0282353637115 0.050100863095 0.0952892642352 0.067654701563 0.101481112582 
0.319183565547 0.00979143192625 -0.00689170684516 0.00250026003674 0.0193271963254 0.0164875813169 0.021115489742 -0.00172131964622 0.0112788076412 0.0117576268655 -0.000880132620275 0.0107803424898 0.00823959867992 0.000653912681962 0.00367911106784 0.0222264967602 0.0193730222384 0.00514841351633 0.0127782500486 0.00477919407491 0.0167499557482 0.00749824978097 0.0287647472465 0.00806754018163 0.00275260000407 0.00373392555701 0.0198481469196 0.00200952874393 0.017649131453 0.00958465965912 0.00207915282047 0.00556228976278 0.0177960722101 0.00619011873142 -0.00641023356549 0.0058784217501 0.00590022905438 -0.00306989507509 0.0134375416993 0.0135136707003 0.0293234883278 0.0158317894138 0.000957670858748 -0.0037445396911 0.00282087204615 0.00269458827171 0.0252725470551 0.00690770277128 0.0120299090566 0.000612438641876 0.0249023921399 -0.000173443352695 0.0457830281156 -6.40420477679e-05 0.00189886699407 0.0221685023006 0.0105632863269 -0.00120769084378 -0.000374340862115 -0.0100632343053 
0.00979143192624 0.298914386575 0.0252679196161 0.00466757857968 0.0124918707513 0.0171582201001 0.00335727179647 0.0300844466167 -0.00617752002589 0.00064321612248 0.0102487055757 0.0342761594438 0.0152481736379 0.00298880918416 0.011561383844 0.0180513024088 0.0144656222065 0.0198265446036 0.00631001507174 0.0259103030434 0.0187664776131 0.0348345101226 0.00653253211963 0.00332531615149 0.0177001626239 0.0227900805768 0.026878532833 0.0249159072411 0.00565445560491 0.0230489694055 0.00544700997251 0.0263039745108 0.0179825183534 0.0233754518229 0.0253923848851 0.015655805475 0.00492722557902 0.0545346668406 0.0125522582667 0.033351914502 9.34465484341e-05 0.0306326464592 0.0170157975043 0.0233142022165 0.000865533448733 0.0349292524425 0.0426903339 0.0255018107686 0.000964538123424 0.0263036661363 0.0337903053798 0.00942897017019 0.0154333102212 0.00232699168668 0.00186443458461 0.00923201971965 0.0150751389927 0.0194479463213 0.000799421346071 0.000978950959244 
-0.00689170684516 0.0252679196161 0.26550851398 -0.00160061840306 0.00944335445406 0.00434732731568 -0.000347807395222 -0.0103940549278 0.00943912756946 0.0308977707436 0.00911694240944 0.0157782715242 0.0222024172647 0.00113659875276 0.0134261943932 0.0136006564164 0.022795623387 0.00431930559382 -0.00310300725019 0.0244922264063 0.00929870470016 0.0344066012918 0.0193580003164 0.00634022334022 0.0206180542715 -0.00081544554035 0.0218522052113 -0.00818989689183 0.011631901969 0.0173502628974 0.0200900962136 0.0218781366094 0.0281522770319 0.0104710952156 0.0186452840483 0.027780538013 0.0183237379516 0.0176254273203 -0.00730890643911 0.018574880468 0.038165863122 -0.0103437336097 0.00901233594042 0.0279203063653 0.0149461789643 0.0159012250575 0.0225842269676 0.011715416108 0.0185857446364 0.0112241903123 0.00218416584992 0.0014406627897 0.00574723321794 -0.00161873403785 0.00356038437284 0.0130995688279 0.00884333043113 -0.0203418806296 0.0185665692443 0.0103996224703 
0.00250026003674 0.00466757857968 -0.00160061840306 0.387240810326 -0.0106792735781 0.0161473998985 0.0178915330714 0.00117014730423 0.0155422656981 0.0365905972205 0.00799896844486 0.0103315679105 -0.00154937936528 -0.000195654767428 0.0319473562294 0.0199438025835 -0.00220144352006 0.0166489280316 -0.00124734522548 -0.0124516923104 0.00434526552846 0.0121646706713 0.00815716686051 0.0133541536664 0.0204027760794 0.000511662314133 0.0357266805954 -0.00629934575923 -0.0100523018561 0.00886496617008 0.0137291584136 0.0159747270783 0.015619416566 0.0363227885166 -0.00124869760228 0.0103970611446 0.00560167976168 0.0337799607679 0.00155907706902 0.00658629814275 0.0124916992351 0.0048437405618 0.0140798502371 0.0026704080849 0.0122739739043 0.00737008644734 0.0314508329562 0.0186875055155 0.00125756150056 -0.010872507324 0.0148160405971 0.00382848077328 0.0174918541178 -0.00559431950287 0.0112028639264 0.0252720066227 0.00663294474545 0.0990452779685 0.0216849202846 0.0195604803586 
0.0193271963254 0.0124918707513 0.00944335445406 -0.0106792735781 0.449765629936 0.0185365576652 0.0287345837201 0.012582654552 0.00923891679567 0.000998053654017 0.00782230660304 0.00117366395947 0.0210366138702 0.0148798287705 0.0168612174157 0.0243063778216 0.00321766269036 0.00881575867453 0.00406723128016 0.00275306758603 0.00686614055944 0.0268897664871 0.0128909495752 0.00824290101989 0.0352112472701 0.00130362984107 -0.00227323188009 0.00169178154465 0.031646015305 0.0303020786877 0.0124735249079 0.0112036915121 0.036269426822 0.0168598776243 0.00126263858814 0.0200833005586 0.0134121822686 0.0221289518541 0.00785476065101 0.00201677301265 0.0167130774815 0.043626653776 0.00967483359888 0.0196007985061 0.0183098158189 0.0121719139488 0.0329522330015 0.00376865997498 0.00823722261724 0.00692508748701 0.0195321255939 0.00488533779961 0.0176958172925 0.0106782046665 0.0152640882171 0.00865065418394 0.0154571530262 0.00517641405548 -0.00464700333063 0.011668764309 
0.0164875813169 0.0171582201001 0.00434732731568 0.0161473998985 0.0185365576652 0.198042421714 0.038983777232 0.0270705352303 0.00926012677314 0.0309217863393 0.0251869932093 0.00868459770553 0.0124038030161 0.0205355652744 0.0276573951493 0.0279295051392 0.0422818166957 0.0197189201829 0.00177182731467 0.0294256327151 0.0122062938374 0.0160754408298 0.0133202817573 0.0015620468623 0.0241659516363 0.0258661224514 0.0292486350971 0.00155043760284 0.0321286273504 0.0271293575858 0.0112428935882 0.0150475928432 0.0090133901054 0.00821127743311 0.00513553757979 0.0160489389998 0.014101190276 0.0348660319758 0.00384057746413 0.0218418042014 0.0284802731795 0.0116525111705 0.0228962658669 0.0336476654077 0.010327085654 -0.00130483860565 0.0596306693303 0.0153819685859 0.00663614214341 0.0155743926367 0.0203515196041 0.0122759128343 0.0141840179819 0.0165408397964 0.0144982118498 0.0498930688694 0.0101257975905 0.02366857288 0.015550819408 0.00539198849391 
0.021115489742 0.00335727179647 -0.000347807395221 0.0178915330714 0.0287345837201 0.038983777232 0.241065081835 0.0173865842656 0.0035429900954 0.0362698034972 0.0151658744407 0.0191454355112 0.00181180218103 0.00657860180351 0.0183691470823 0.0123136374649 0.0455988013933 0.0201355903811 0.00180785996315 0.0100214360694 0.0138177384192 0.0184470368504 0.00449750212188 0.0171282738557 0.0120834998205 0.0155279350369 0.0138286244122 0.00696725477649 0.0253282084488 0.00969863726011 0.00553740475638 -0.0235574576406 0.0301592912072 0.00747370065391 0.00794007895408 0.0132295143647 0.0120697254146 0.0192414010812 0.00250469531538 -0.00370910764759 0.043132228169 -0.0073043709812 0.0096540375298 0.0384496416518 0.0121869154116 0.0222399060566 0.0496124448732 0.0131880873298 0.0204688236056 0.0136318616023 0.0210796975001 0.0207458977543 0.0118464974957 0.0101783387993 0.00440774492858 0.0397266798593 0.0288188185766 0.0121947002879 0.012084119673 0.0227989815219 
-0.00172131964622 0.0300844466167 -0.0103940549278 0.00117014730423 0.012582654552 0.0270705352303 0.0173865842656 0.251053865801 0.0045999391372 0.00761919756288 0.010508664119 0.0169459162288 -0.00421991315669 0.0122140175104 0.0170051337189 0.0098262614105 0.0229212074462 0.0217947980442 -0.0137350468205 -0.00281009046306 0.0265457470512 0.0114193314456 0.0149362970451 -0.00530741875427 0.0151686509175 0.0307152947367 0.0400650552504 0.0186900637796 0.0200424752189 0.0224880528583 -0.00312477153855 0.00125210654654 0.00937521056233 0.0134455488036 0.0053591286156 0.0254944579982 0.00433404432382 0.0251488185446 0.00171259879362 0.0148420918777 0.010435381915 0.0070585788465 0.0209438259378 0.037649406558 -0.00333094280426 0.000591330166914 0.0425102923699 -0.00590621688154 -0.00154176790125 0.0249763169723 0.00103465884071 0.00490399234234 0.0123742262468 0.00677168936919 -0.00371239422859 0.0172024791432 -0.00144850999007 0.00142735645679 -0.00130405116459 0.0308207162603 
0.0112788076412 -0.00617752002589 0.00943912756946 0.0155422656981 0.00923891679567 0.00926012677314 0.0035429900954 0.0045999391372 0.205915854932 0.0192552006051 0.00947073323028 0.00953542615496 0.00395393183738 0.0167583871506 0.0029702261925 -0.00110178859007 0.00531837864627 0.0244028052852 0.0121210900209 -0.00902750151427 0.0118872973802 0.0134957673737 0.00450549571148 -0.00367764586929 0.013503038691 0.00773191924056 0.00966002817849 0.00893979914515 -0.000508685928477 0.00897460475223 0.011021245594 0.00548560392661 0.025961785716 0.00553173453308 0.00387367938566 0.00654968386005 0.00541479530389 0.0189637073962 0.000704516109911 0.0155372091974 0.00798005378116 0.0131354299825 -0.00316745581167 0.00853355078809 0.00527012944681 0.0348603179172 0.0124762470316 0.0108980743356 0.00612990742738 0.00149505971604 0.0209761340477 0.00644183207676 -0.00944892414648 0.0013792896917 0.0187304394452 0.012193396091 0.00602434524216 0.0141269675864 -0.0051389372912 0.000963689730341 
0.0117576268655 0.00064321612248 0.0308977707436 0.0365905972205 0.000998053654017 0.0309217863393 0.0362698034972 0.00761919756288 0.0192552006051 0.551476519961 0.0116660303655 0.0210304359251 0.0148231018537 0.0167806639483 0.0297322053505 0.0279049414234 -0.0193376512793 0.0318225638763 -0.00547857720598 -0.0062603389966 0.0321983106836 0.0210204493462 0.0195065416935 -0.00237753585186 0.0204959501436 0.0103542513248 0.0289136119731 0.00824240860008 0.00161089645179 0.0235361484966 0.00699596430652 0.0222076653809 0.000404102709314 0.0151147812155 0.0148153714666 -0.0089380345363 -0.00162364436816 0.0313055067673 0.00492240260676 0.0248324762775 0.160041830185 0.00242165878977 0.025485328638 0.0492927049483 0.00774890610283 0.00251722804071 0.0836826879331 0.00361158042232 0.04535080671 0.00237212248052 0.038361555336 0.00110700388248 -3.03667996041e-05 0.00414087759858 0.0103249485121 0.014924539245 0.0184846999276 0.0283496006767 0.000279694862179 0.0195095663266 
-0.000880132620275 0.0102487055757 0.00911694240944 0.00799896844486 0.00782230660304 0.0251869932093 0.0151658744407 0.010508664119 0.00947073323028 0.0116660303655 0.180593840215 0.0151218120013 0.00465583959783 0.00356521502148 0.0231073453653 0.0129843929357 0.00284432562915 0.0168909070076 -0.00244340724734 -0.00117988360108 0.0191881861483 0.031673503175 0.0125608745859 0.01509703011 -0.0166294295995 0.0137042400517 0.00540469326137 0.00369735090942 0.0180565081904 0.00906497235867 0.00777568344923 0.0122437546997 -0.00910423749062 -0.0046402407025 0.00360565634715 0.0109519455094 0.00588254430537 -0.00128613570277 -0.00170925723047 0.00322900106087 -0.00525269356646 -0.00901124375206 0.00266603733041 0.0119210716678 0.00718422745337 0.00649515419052 0.00989781076327 0.0116302705672 0.0251540489916 0.0117362150236 0.0305497727473 0.010741083397 -0.00531969120113 0.0200488120736 0.00676631971658 0.01289295844 0.0193128555112 0.00991630112721 0.00670383968422 0.0081970938322 
0.0107803424898 0.0342761594438 0.0157782715242 0.0103315679105 0.00117366395947 0.00868459770553 0.0191454355112 0.0169459162288 0.00953542615496 0.0210304359251 0.0151218120013 0.196147809018 -7.16407231503e-05 0.0169876017747 0.0140156246896 0.0103679845631 0.0230852543848 0.00998533997932 -0.00581316000684 0.00383242673675 0.0244277243787 0.0142804020459 0.00521437829246 3.82248593543e-05 0.00918350716741 0.0202341580089 0.0323148490772 0.013018786026 0.00748496380655 0.00669973667057 0.0141899907079 0.00736768877821 0.0283656958944 0.00745729176765 0.0291220809494 0.0225560598445 0.0149395077007 0.0101986692064 0.00274224367805 0.0165574260323 0.0134378955633 0.0168340844539 0.0220742895238 0.0171872882071 0.00373781168032 0.00122206888413 0.0396891181683 0.000560620526822 0.0170183055748 0.0206928024959 0.0134492558043 0.00400513958332 0.00960566096606 0.00382708351872 0.00625623159699 -0.0002511973359 0.00232904305496 0.0260725349297 0.0102040238783 0.00149569813747 
0.00823959867992 0.0152481736379 0.0222024172647 -0.00154937936528 0.0210366138702 0.0124038030161 0.00181180218103 -0.00421991315669 0.00395393183738 0.0148231018537 0.00465583959783 -7.16407231505e-05 0.354282947562 0.0447714464019 0.00331450214785 0.00807789977273 0.027663116766 0.0215661368868 0.0178238279599 0.0163575713761 0.0121532505667 0.00280147629453 0.0119494621804 0.00905280677182 -0.000478677499694 0.00528340209146 0.0113463820239 0.0206266387191 0.00294896186158 0.0105835404513 0.0371606347532 0.0270082423876 0.0135220203513 -0.00264977706826 0.0104270634122 0.0115628730008 0.0352756051275 0.0589728407883 0.0391291880975 0.0158656348637 0.0224625605485 0.0338563108675 0.00208392923104 0.0199865964581 0.0440889286598 0.00966778632458 0.0154725985818 0.0156094946325 -0.00321817420112 0.0102695139167 0.0145824115056 0.00986435336907 0.00787595247841 0.0105801427194 0.0507929250901 0.012757240528 -0.0101434937888 -0.00263971514598 0.0097159732558 0.0108106653381 
0.000653912681962 0.00298880918416 0.00113659875276 -0.000195654767429 0.0148798287705 0.0205355652744 0.00657860180351 0.0122140175104 0.0167583871506 0.0167806639483 0.00356521502148 0.0169876017747 0.0447714464019 0.181614396585 0.00911254511157 0.0231903029247 0.0155363692737 0.00583628725104 0.0199388870136 0.00569570410069 0.0121693430288 0.0124202766801 0.00397205169942 0.00726193586534 0.0232093334172 0.00785768856182 0.0165242247839 0.000399494582009 0.0117877749357 0.00699842931694 0.0420275675854 0.0218381628342 0.0123744640384 0.014090172824 0.00675590010627 0.00929700709448 0.0368088529601 0.0134919278358 0.0099865066857 0.0196478354279 0.0191346628139 0.0419053014872 0.0113822091794 0.0268338633228 0.0324448945074 0.000912003342679 0.0425136426102 0.00933316319238 0.0118444213926 0.00525921814184 0.000544495654476 0.0150319102055 0.0125262423039 0.0143063214249 0.034463583266 0.0179018055295 0.0104395910624 0.00101171938675 0.0129230293973 -0.0135104794822 
0.00367911106784 0.011561383844 0.0134261943932 0.0319473562294 0.0168612174157 0.0276573951493 0.0183691470823 0.0170051337189 0.0029702261925 0.0297322053505 0.0231073453653 0.0140156246896 0.00331450214785 0.00911254511157 0.24456670811 0.0116247008905 0.000612121526017 0.0181940271827 0.00356874420899 0.0241518509635 0.0149813217571 0.00380102719647 0.0102268607895 0.0134323754367 0.0129177922828 0.0161471891803 0.00644100821952 0.00678840705832 0.00931986532102 0.00970495655885 0.015739216386 0.0231919911088 -0.0171445519997 0.0200135880563 0.0134412992548 0.017151760822 0.0280464799116 0.0204481139713 0.0107142118009 0.0262363538678 0.0317540120135 0.043443448825 0.0225060040307 0.0025554380505 0.0101615356598 0.00997596330954 0.0434907795725 0.0122725467125 0.00794210717408 0.0148659316225 0.018885924431 0.0136247532165 0.0110914258368 0.0107849910247 0.0315649590306 0.0273327197432 -0.00206606025442 0.0150086239322 0.0172139982031 0.0134675469221 
0.0222264967602 0.0180513024088 0.0136006564164 0.0199438025835 0.0243063778216 0.0279295051392 0.0123136374649 0.0098262614105 -0.00110178859007 0.0279049414234 0.0129843929357 0.0103679845631 0.00807789977273 0.0231903029247 0.0116247008905 0.257341030967 0.00764508145863 0.0310667898204 0.000427418611375 0.00978791225196 0.0175221757205 0.0116069350997 0.00860051029365 0.00630501104671 0.0258759652468 -0.0016434978219 0.0313271679084 0.00478241852563 0.0282108498409 0.0248772180397 0.000560441015636 0.0396395010556 0.0281019311402 0.0267252479286 0.0102735233241 0.0323053055096 0.00477682914587 0.0192084175047 0.000837070554213 0.0180921454767 0.0270000444927 0.01919356161 0.0326020303476 0.0222127523159 0.0165651968356 0.00806717848774 0.0324792492917 0.0309541636317 0.0273516406514 0.0377132729497 0.0317282238338 0.00772596379 0.00658193391551 0.0275242086078 0.00636769326871 0.0186584150445 0.0475073063857 0.0167089754508 -0.00249046826284 0.00780526379421 
0.0193730222384 0.0144656222065 0.022795623387 -0.00220144352006 0.00321766269036 0.0422818166957 0.0455988013933 0.0229212074462 0.00531837864627 -0.0193376512793 0.00284432562915 0.0230852543848 0.027663116766 0.0155363692737 0.000612121526017 0.00764508145863 1.33025065397 0.011776852501 -0.00481777751941 0.0663325540284 -0.0014410048014 0.0205862244942 0.0443777648947 -0.00330405837943 0.0366144106518 0.00798672949517 0.0138976675764 0.00464389967635 0.058243232111 -0.00514140060397 0.0203492849284 -0.00142888294294 0.0562417122013 0.02492450578 0.0268128787542 0.0194709861956 0.0197715890817 -0.00076132528337 0.0109341651081 0.0220220238739 0.0465563632139 -0.00793206080728 -0.00596319613775 0.00789927514172 -0.0129388952009 -0.0173858257327 0.0112607086261 0.015585338777 0.0209761408878 -0.000573350226964 0.0468635650117 0.00800889791096 0.00602010230982 0.0055150334057 0.0082346480029 0.0428715207768 -0.00613218026332 0.0111599175376 0.030112956173 0.0124242342988 
0.00514841351633 0.0198265446035 0.00431930559382 0.0166489280316 0.00881575867453 0.0197189201829 0.0201355903811 0.0217947980442 0.0244028052852 0.0318225638763 0.0168909070076 0.00998533997932 0.0215661368868 0.00583628725104 0.0181940271827 0.0310667898204 0.011776852501 0.194488785576 0.00435342680785 0.000495762340357 0.0111190999759 0.0168218242384 0.00651928051292 0.00567034170532 -0.0410258199901 0.00897290976734 0.0209236539719 0.0108484215155 0.0109205395058 0.0224720430117 0.00364920551987 0.0272038554992 0.0349778797964 0.00542463025384 0.00906156951334 0.0311759511254 0.00718410474911 0.0364129708989 -0.00285950140972 0.0102793840135 0.0335425746111 0.0187728649049 0.0217771929946 0.0280948366258 -0.00198955643125 -0.0103124530069 0.0519170522622 0.0347834185013 0.00690907166157 0.0267927896118 0.0595965615686 0.000868691160595 0.0176541374381 0.00855381465273 0.011571555911 0.0185584114585 0.0268817270393 0.0213727515287 0.00489336553703 -0.00504416358106 
0.0127782500486 0.00631001507174 -0.00310300725019 -0.00124734522548 0.00406723128016 0.00177182731467 0.00180785996315 -0.0137350468205 0.0121210900209 -0.00547857720599 -0.00244340724734 -0.00581316000684 0.0178238279599 0.0199388870136 0.00356874420899 0.000427418611375 -0.00481777751941 0.00435342680785 0.533300125981 -0.00565606430745 0.0038021639351 0.0107647128671 0.00318658996354 0.00943878006657 -0.00139157155173 0.00334930063873 0.00984589944296 0.0037990278714 0.000681761645782 -0.00177512446056 0.0153106224924 0.0263475912362 -0.00206699476948 0.0148818102454 -0.0094831605848 -0.000860763696278 0.0181437810249 0.00475711575108 0.00475842924917 -0.00434822100086 -0.0049818387281 0.000793762262664 0.00394182066902 -0.00635964891919 0.018568473556 -0.00704128233245 0.00204605940057 0.00928546186586 0.00964888530834 -0.010300342922 0.0099370969137 0.00160541062879 -0.0142897982959 0.00267893595009 0.00810633789537 0.0119293325979 0.00114229205131 0.00666092308866 0.0108406191212 0.000723856214678 
0.00477919407491 0.0259103030434 0.0244922264063 -0.0124516923104 0.00275306758603 0.0294256327151 0.0100214360694 -0.00281009046305 -0.00902750151427 -0.0062603389966 -0.00117988360108 0.00383242673675 0.0163575713761 0.00569570410069 0.0241518509635 0.00978791225196 0.0663325540284 0.000495762340357 -0.00565606430745 0.290481516968 0.0111529761932 0.0195892414906 0.00240279698234 0.0190317232998 0.00518984100367 0.0111465386079 0.0140185364441 0.00293177706798 0.0245080228452 0.0039721884796 0.0111148545198 0.0124704810906 0.0120543772431 0.0396811012805 0.026349387065 0.0196618318399 0.00811020198093 0.000154846226204 -0.00570895630515 0.00753290088749 0.00353937840889 0.00998062405451 0.0120366160343 0.0183778727465 -0.00136781939616 0.00196373216761 0.00194048094065 -0.00422769969279 0.0239038055624 0.02934054851 0.0165593979115 0.0171166366648 0.0194909589933 0.0103418952203 0.00083734019239 0.00843245815721 0.0210304222373 -0.0165767553606 0.00803726177337 0.00640335034356 
0.0167499557482 0.0187664776131 0.00929870470016 0.00434526552846 0.00686614055944 0.0122062938374 0.0138177384192 0.0265457470512 0.0118872973802 0.0321983106836 0.0191881861483 0.0244277243787 0.0121532505667 0.0121693430288 0.0149813217571 0.0175221757205 -0.0014410048014 0.0111190999759 0.0038021639351 0.0111529761932 0.26014993403 0.00959139263722 0.0137691877847 0.00554057289884 0.0121183961092 0.00630766385402 0.0228633915669 0.0144764241825 -0.00282333010307 0.00377696739064 0.00762564154433 0.00696538658436 0.0117445867763 0.0261065456159 0.00665013116728 0.0249100807525 0.00934386472115 0.0382719272754 0.00361007332024 0.0275860903725 0.0146176667598 0.00408549794238 0.0143522416093 0.0196977700613 0.00732751472793 0.00615631968626 0.0305032417008 0.0130597084436 0.0242516919018 0.0130255087305 0.0119059408701 0.00694137104952 0.00366224744088 0.0195270704518 0.000564079269824 0.0149018072686 0.0191983568827 0.00912836375224 -0.00494198166229 -0.00598364864414 
0.00749824978097 0.0348345101226 0.0344066012918 0.0121646706713 0.0268897664871 0.0160754408298 0.0184470368504 0.0114193314456 0.0134957673737 0.0210204493462 0.031673503175 0.0142804020459 0.00280147629453 0.0124202766801 0.00380102719647 0.0116069350997 0.0205862244942 0.0168218242384 0.0107647128671 0.0195892414906 0.00959139263722 0.483708554201 0.0383320144626 0.0103992434379 0.0228792363347 0.0309092352681 0.0105227248652 0.0312715396748 0.0288897502382 -0.0025293498456 -0.000609870222654 0.0132012439642 0.0207770194026 0.0357087104212 0.0240099625748 0.00164977804235 -0.00491788009973 0.0320863514986 0.0127068128911 0.0123588494921 0.0218333976407 0.0208340904725 0.0121050619659 -0.00696067428995 0.000130913568415 0.00848025423455 0.0524801172529 0.0146608556856 0.0244048311458 0.0103491158629 0.0171643846311 0.0167317845673 -0.00180237827578 0.00665801530555 -0.00296447351824 0.020862802346 0.00785035340171 0.00976364228835 0.0271810929612 -0.0372941878802 
0.0287647472465 0.00653253211963 0.0193580003164 0.00815716686051 0.0128909495752 0.0133202817573 0.00449750212188 0.0149362970451 0.00450549571148 0.0195065416935 0.0125608745859 0.00521437829246 0.0119494621804 0.00397205169942 0.0102268607895 0.00860051029365 0.0443777648947 0.00651928051292 0.00318658996354 0.00240279698234 0.0137691877847 0.0383320144626 0.713272428958 0.00992898116261 0.0291840004182 0.0232777831844 0.015758911762 0.0102576994383 0.0341132620113 0.0204361144843 0.0136122021776 0.0509807918875 0.0101816309427 0.03132980208 0.0135889496871 0.0314698835934 0.0114909413759 0.0322249738856 0.00461700004028 0.0289920140144 0.0521740597582 0.0636898965838 0.00970606279959 0.0192934196603 0.0171639300479 0.0254640825422 0.0686399917507 -0.00101446583226 0.0166393205595 0.0276463972666 0.0248458707807 0.00478906149191 0.0141405620494 -0.00666383262296 -0.00240528638092 0.0171830649129 0.0596499615243 0.0300153987874 0.00506409033145 -0.00246416543548 
0.00806754018163 0.00332531615149 0.00634022334022 0.0133541536664 0.00824290101989 0.0015620468623 0.0171282738557 -0.00530741875427 -0.00367764586929 -0.00237753585186 0.01509703011 3.82248593542e-05 0.00905280677182 0.00726193586534 0.0134323754367 0.00630501104671 -0.00330405837943 0.00567034170532 0.00943878006657 0.0190317232998 0.00554057289884 0.0103992434379 0.00992898116261 0.128970682822 0.00269969720425 0.0105650994941 -0.00574553891117 -0.00228222594863 0.008547597924 0.0040266551234 0.00753014951943 -0.00262685584485 0.00628826249945 0.00104200005484 0.000801344853447 -0.000991194552778 0.0115049915121 -0.00113867286429 0.00232519811455 0.00439935122929 0.00615341397834 0.000875325825179 0.0113551555717 0.0091960907076 0.00213561618018 0.00671797087181 0.00066347306535 0.0015738635806 0.0191255799026 -0.00633054906516 0.00677669150346 0.0124362243348 0.00448786895299 0.0167638732396 0.00131611065411 0.0176213662278 0.0113199317912 0.00135861760235 0.0031783376615 -0.0047614406777 
0.00275260000407 0.0177001626239 0.0206180542715 0.0204027760794 0.0352112472701 0.0241659516363 0.0120834998205 0.0151686509175 0.013503038691 0.0204959501436 -0.0166294295995 0.00918350716741 -0.000478677499694 0.0232093334172 0.0129177922828 0.0258759652468 0.0366144106518 -0.0410258199901 -0.00139157155173 0.00518984100367 0.0121183961092 0.0228792363347 0.0291840004182 0.00269969720425 1.45135718523 -0.00368812684911 0.0354068153563 0.00145453887142 0.0307527692155 0.0227352287131 0.0051484382862 -0.00953259489845 0.025917995369 0.0355102725475 0.00400145848123 0.0282209991255 0.0219924820192 0.032581092386 0.0226638512192 0.00669552701896 0.0312102906106 0.00353728738479 0.0187767820922 0.0128612490424 0.00816427425198 0.0167347148425 0.0419480573035 0.00530052630738 0.0188536426888 0.0277169818513 0.0356833326823 0.00349223175819 0.0267695229007 0.0147142424709 0.0190663485799 0.0119431235045 0.00562826187641 0.0161841968409 0.00264214905184 -0.0189224304934 
0.00373392555701 0.0227900805768 -0.00081544554035 0.000511662314133 0.00130362984107 0.0258661224514 0.0155279350369 0.0307152947367 0.00773191924056 0.0103542513248 0.0137042400517 0.0202341580089 0.00528340209146 0.00785768856182 0.0161471891803 -0.0016434978219 0.00798672949517 0.00897290976734 0.00334930063873 0.0111465386079 0.00630766385402 0.0309092352681 0.0232777831844 0.0105650994941 -0.00368812684911 0.225306685941 0.020509361867 0.00988090377587 0.0153893531797 0.0123322698478 0.0074302294707 0.00762104568047 0.0153452761262 0.00896770713726 0.00762706233246 0.0364848394701 0.0136991124586 0.0143742736605 -0.0010710830727 0.0117390400935 0.0162000491463 0.00492261094994 0.00990245694463 0.0119669286727 0.0101529883261 0.0188354915152 0.0255743177953 0.00683074520823 -0.00126389669798 0.0103108169614 0.000980112832376 0.00946407422686 0.010671575929 0.000880276687184 0.00482180207626 0.0166540904084 0.00106060127133 0.0483068193162 0.0165596224636 -0.00287086858441 
0.0198481469196 0.026878532833 0.0218522052113 0.0357266805954 -0.00227323188009 0.0292486350971 0.0138286244122 0.0400650552504 0.00966002817849 0.0289136119731 0.00540469326137 0.0323148490772 0.0113463820239 0.0165242247839 0.00644100821952 0.0313271679084 0.0138976675764 0.0209236539719 0.00984589944296 0.0140185364441 0.0228633915669 0.0105227248652 0.015758911762 -0.00574553891117 0.0354068153563 0.020509361867 0.419466010149 0.0139720439766 0.004537514695 0.0229011405252 -0.000405809633119 0.021852203019 0.0229182471834 0.0272291908948 0.014531429839 0.0495413358285 0.00432565409442 0.0406287321664 0.010000644369 0.0226472718724 0.0381995592973 0.0217090209217 0.0265070812604 0.0718325755107 0.0105280479989 0.0112581146736 0.0715963778399 0.0146407231438 0.0291432969836 0.0614457787501 0.0320337340522 0.00357421760502 0.0485409211638 0.0104481195176 0.0168007077868 0.0179469778937 0.0174826035752 0.0150838717272 0.0156271678481 0.0423890084142 
0.00200952874393 0.0249159072411 -0.00818989689183 -0.00629934575923 0.00169178154465 0.00155043760284 0.00696725477649 0.0186900637796 0.00893979914515 0.00824240860008 0.00369735090942 0.013018786026 0.0206266387191 0.00039949458201 0.00678840705832 0.00478241852563 0.00464389967635 0.0108484215155 0.0037990278714 0.00293177706798 0.0144764241825 0.0312715396748 0.0102576994383 -0.00228222594863 0.00145453887142 0.00988090377587 0.0139720439766 0.185918858332 0.00154527119169 -0.0117398458597 0.00760793091665 0.0101181058271 0.00987449021457 -0.000931999339464 0.00461018776368 0.011704388521 0.0012462486577 -0.00429822887485 -0.0078313918929 0.00848453494319 0.0133261775927 0.0114090374904 0.00519379991459 0.0157360451391 0.0140193081184 0.00587234910717 0.0157676992121 -0.0116154069627 0.0124483226659 -0.00525879413185 0.013135126316 0.00554861799698 0.0126765562258 0.00886953843814 -0.0109040371777 0.00585402666492 0.0125951491766 -0.00423458639391 0.00266426851242 -0.00239843096864 
0.017649131453 0.00565445560491 0.011631901969 -0.0100523018561 0.031646015305 0.0321286273504 0.0253282084488 0.0200424752189 -0.000508685928478 0.00161089645179 0.0180565081904 0.00748496380655 0.00294896186158 0.0117877749357 0.00931986532102 0.0282108498409 0.058243232111 0.0109205395058 0.000681761645781 0.0245080228452 -0.00282333010307 0.0288897502382 0.0341132620113 0.008547597924 0.0307527692155 0.0153893531797 0.004537514695 0.00154527119169 0.243940712973 0.0311817045543 0.012025382061 0.0197693268658 0.0233855881169 -0.00473417627658 0.0192819340314 0.0241055882408 0.0164175934676 0.0273855422919 -0.00379538046808 0.0263770405708 0.0198174031211 0.0217698690546 0.0137787654384 0.0277035490376 0.0158272352464 0.0128788762847 0.0315605114856 0.0249879115895 0.019853411869 0.0220607669521 -0.00201877193485 0.0108256258028 0.0120636017282 0.0072957470058 0.0139625851434 0.0238225301842 0.00378861325702 0.00614004322318 0.032848695255 0.0222705920943 
0.00958465965911 0.0230489694055 0.0173502628974 0.00886496617008 0.0303020786877 0.0271293575858 0.00969863726011 0.0224880528583 0.00897460475223 0.0235361484966 0.00906497235867 0.00669973667057 0.0105835404513 0.00699842931694 0.00970495655885 0.0248772180397 -0.00514140060397 0.0224720430117 -0.00177512446056 0.0039721884796 0.00377696739064 -0.0025293498456 0.0204361144843 0.0040266551234 0.0227352287131 0.0123322698478 0.0229011405252 -0.0117398458597 0.0311817045543 0.437316238102 0.00710242851493 0.0183223843596 0.0235980459566 0.0103858631443 0.00759926789107 0.0270736789407 -0.00266808162161 0.0403960324743 0.0147947318399 0.00889751275002 0.00694796731216 0.00448506750175 0.0217545314828 0.0115778378072 -0.00190560942405 0.00264704551808 0.0358754249144 0.0194153545803 0.0105270200456 0.0147802415865 0.0347137700701 -0.00107867256968 0.0288763475705 1.23162317384e-06 0.00465381665283 0.0119378644778 0.0219774449062 0.0174826126676 0.00853041224987 0.0112685431593 
0.00207915282047 0.00544700997251 0.0200900962136 0.0137291584136 0.0124735249079 0.0112428935882 0.00553740475638 -0.00312477153855 0.011021245594 0.00699596430652 0.00777568344923 0.0141899907079 0.0371606347532 0.0420275675854 0.015739216386 0.000560441015636 0.0203492849284 0.00364920551987 0.0153106224924 0.0111148545198 0.00762564154433 -0.000609870222654 0.0136122021776 0.00753014951943 0.0051484382862 0.0074302294707 -0.000405809633119 0.00760793091665 0.012025382061 0.00710242851493 0.133007419694 -0.000524894188097 0.0159623158842 0.0122372659195 0.00527827459842 -0.00343618204332 0.0349089191086 0.0177877463448 0.00067981048262 0.00286982084927 0.0026381755682 0.0124296908391 0.00586442038392 0.0155032332812 0.0410094560427 0.00322683460571 -0.0020151412862 0.00623855612464 0.0199132890007 -0.00230149444971 -0.00374143338445 0.0110389447783 -0.00106380491261 0.00906641231576 0.0359018503181 0.019124755852 0.0018557786183 0.0068545375102 0.022510033001 0.000664276807255 
0.00556228976278 0.0263039745108 0.0218781366094 0.0159747270783 0.0112036915121 0.0150475928432 -0.0235574576406 0.00125210654654 0.00548560392661 0.0222076653809 0.0122437546997 0.00736768877821 0.0270082423876 0.0218381628342 0.0231919911088 0.0396395010556 -0.00142888294294 0.0272038554992 0.0263475912362 0.0124704810906 0.00696538658436 0.0132012439642 0.0509807918875 -0.00262685584485 -0.00953259489845 0.00762104568047 0.021852203019 0.0101181058271 0.0197693268658 0.0183223843596 -0.000524894188097 0.449673777566 -0.019504385443 0.0258778393932 -0.0153229355323 0.0298791850398 0.0170364708547 0.0206014491872 0.0043905219381 0.00173846771913 0.0218051039243 0.190310620777 0.0236324036812 0.0246793451207 0.025132576191 0.00869271242909 0.0910408624345 -0.00654019874391 0.000130522148142 0.00554743901053 0.0222419164196 0.00437439418312 0.0257410240776 -0.010942140309 0.042593579762 -0.0027427065985 0.0234448115581 0.0222409508076 -0.0140633517546 0.0181202258002 
0.0177960722101 0.0179825183534 0.0281522770319 0.015619416566 0.036269426822 0.0090133901054 0.0301592912072 0.00937521056233 0.025961785716 0.000404102709314 -0.00910423749062 0.0283656958944 0.0135220203513 0.0123744640384 -0.0171445519997 0.0281019311402 0.0562417122013 0.0349778797964 -0.00206699476948 0.0120543772431 0.0117445867763 0.0207770194026 0.0101816309427 0.00628826249945 0.025917995369 0.0153452761262 0.0229182471834 0.00987449021457 0.0233855881169 0.0235980459566 0.0159623158842 -0.019504385443 0.389349358809 0.0107643004253 0.00999610660153 0.0173484565973 0.0246176749284 0.0193959579015 0.00533181896642 0.0378474901863 0.029064346105 0.0447788127862 0.0189701824047 0.0623971599063 0.0108080088559 0.0320464066246 0.0146339678018 0.0205258508306 0.00710611340095 -0.0099688218854 0.0280115619123 0.0116344106609 0.0127929345454 0.0204094112937 0.00637134681598 0.0266218466003 0.0422658392627 0.0114353193875 0.0187914857783 -0.00891279468211 
0.00619011873142 0.0233754518229 0.0104710952156 0.0363227885166 0.0168598776243 0.00821127743311 0.00747370065391 0.0134455488036 0.00553173453308 0.0151147812155 -0.0046402407025 0.00745729176765 -0.00264977706826 0.014090172824 0.0200135880563 0.0267252479286 0.02492450578 0.00542463025384 0.0148818102454 0.0396811012805 0.0261065456159 0.0357087104212 0.03132980208 0.00104200005484 0.0355102725475 0.00896770713727 0.0272291908948 -0.000931999339464 -0.00473417627658 0.0103858631443 0.0122372659195 0.0258778393932 0.0107643004253 0.551840812878 0.0560048018215 -0.000485832472593 -0.00531881748383 0.14743356852 0.00616046196811 0.00791532060333 0.00449124773547 0.0219341416384 0.00228972265986 0.0234050996678 0.0202548952572 0.00871998239744 0.0308863857755 0.0102272548071 0.0147931565935 0.0245921502325 0.0275223660061 0.0113334454785 0.0175716077858 0.010163335394 0.00861127332489 0.0166750208516 0.010858305631 0.021199834985 0.016733553908 0.0107980577918 
-0.00641023356548 0.0253923848851 0.0186452840483 -0.00124869760228 0.00126263858814 0.00513553757979 0.00794007895408 0.0053591286156 0.00387367938566 0.0148153714666 0.00360565634715 0.0291220809494 0.0104270634122 0.00675590010627 0.0134412992548 0.0102735233241 0.0268128787542 0.00906156951334 -0.0094831605848 0.026349387065 0.00665013116728 0.0240099625748 0.0135889496871 0.000801344853447 0.00400145848123 0.00762706233246 0.014531429839 0.00461018776368 0.0192819340314 0.00759926789107 0.00527827459842 -0.0153229355323 0.00999610660153 0.0560048018215 0.390996103864 0.0182691513774 0.00987823070869 0.00683951721093 0.00415859111351 0.012039141916 0.0390517117022 0.0146812460821 0.00497689522083 0.0160458176152 -0.00794335522297 -0.00413606727354 0.0177921921613 0.0147606761564 0.015387419823 0.0332511489618 0.000717610486518 -0.00282106047692 0.0526716046618 0.0114576351109 0.0228145437376 0.00348499635397 7.64814310337e-05 0.0141211714146 0.0137234948453 0.0213213489132 
0.0058784217501 0.015655805475 0.027780538013 0.0103970611446 0.0200833005586 0.0160489389998 0.0132295143647 0.0254944579982 0.00654968386005 -0.0089380345363 0.0109519455094 0.0225560598445 0.0115628730008 0.00929700709448 0.017151760822 0.0323053055096 0.0194709861956 0.0311759511254 -0.000860763696278 0.0196618318399 0.0249100807525 0.00164977804235 0.0314698835934 -0.000991194552778 0.0282209991255 0.0364848394701 0.0495413358285 0.011704388521 0.0241055882408 0.0270736789407 -0.00343618204332 0.0298791850398 0.0173484565973 -0.000485832472593 0.0182691513774 0.292765374443 0.0115389893557 0.0404843865465 -0.00850951726369 0.0187870526212 0.0475101567743 0.023306908444 0.0411618235849 0.0217421120495 0.00894958812702 -0.00331706568488 0.0753719398071 0.0114207980853 -0.00823291283332 0.121797697656 0.0410453831632 -0.00620636324533 0.0411069623438 0.00414934981882 0.0117032935107 0.0163751669768 0.0307966211502 0.0249974419545 0.00787262838695 -0.00785767991596 
0.00590022905438 0.00492722557902 0.0183237379516 0.00560167976168 0.0134121822686 0.014101190276 0.0120697254146 0.00433404432382 0.00541479530389 -0.00162364436816 0.00588254430537 0.0149395077007 0.0352756051275 0.0368088529601 0.0280464799116 0.00477682914587 0.0197715890817 0.00718410474911 0.0181437810249 0.00811020198093 0.00934386472115 -0.00491788009973 0.0114909413759 0.0115049915121 0.0219924820192 0.0136991124586 0.00432565409442 0.0012462486577 0.0164175934676 -0.00266808162161 0.0349089191086 0.0170364708547 0.0246176749284 -0.00531881748383 0.00987823070869 0.0115389893557 0.177385790111 -0.00437795463947 0.00845986771898 0.0122508069616 0.00840422081088 0.0259746907027 0.00296872109671 0.0246204587491 0.0426036898374 0.00562173274001 0.0012597309928 0.0143858501048 0.00553972078477 -0.000918713966398 -0.0139040128847 0.0201693930896 0.0145927286337 0.00654811186975 0.0348684390608 0.0162289323377 0.0165561643849 0.0118718697726 0.0176971034052 -0.00082452577618 
-0.00306989507509 0.0545346668406 0.0176254273203 0.0337799607679 0.0221289518541 0.0348660319758 0.0192414010812 0.0251488185446 0.0189637073962 0.0313055067673 -0.00128613570277 0.0101986692064 0.0589728407883 0.0134919278358 0.0204481139713 0.0192084175047 -0.00076132528337 0.0364129708989 0.00475711575108 0.000154846226205 0.0382719272754 0.0320863514986 0.0322249738856 -0.00113867286429 0.032581092386 0.0143742736605 0.0406287321664 -0.00429822887485 0.0273855422919 0.0403960324743 0.0177877463448 0.0206014491872 0.0193959579015 0.14743356852 0.00683951721093 0.0404843865465 -0.00437795463947 0.544750094244 0.0380987136958 0.0262688812989 0.0221924873478 0.0481588155856 0.0374858311103 0.0317151409865 0.0247574274959 0.0115314514583 0.0426344156098 0.034451329758 0.0196722336904 0.0300098900035 0.0446936524485 0.00858484614612 0.0312801737319 -0.00249078788626 0.0103199456408 0.0210282405723 0.00123335275242 0.00637262653062 0.0212022125183 -0.00231613479355 
0.0134375416993 0.0125522582667 -0.00730890643911 0.00155907706902 0.00785476065101 0.00384057746413 0.00250469531538 0.00171259879362 0.000704516109911 0.00492240260676 -0.00170925723047 0.00274224367805 0.0391291880975 0.0099865066857 0.0107142118009 0.000837070554212 0.0109341651081 -0.00285950140972 0.00475842924917 -0.00570895630515 0.00361007332024 0.0127068128911 0.00461700004028 0.00232519811455 0.0226638512192 -0.0010710830727 0.010000644369 -0.0078313918929 -0.00379538046808 0.0147947318399 0.00067981048262 0.0043905219381 0.00533181896642 0.00616046196811 0.00415859111351 -0.00850951726369 0.00845986771898 0.0380987136958 0.240627139415 0.0113193066069 0.023113831988 0.0150174678628 0.00554179751919 0.013923309288 -0.0165014484363 0.00351785720629 0.0191233229703 0.0115942924085 0.0107802651604 9.52193814911e-05 0.00508791070932 0.00560702343545 -0.00033232476944 0.000229006035829 0.00952668579466 0.00278587278725 -0.00566879832718 0.00396933167829 0.00593230311955 0.00418662929377 
