30
0.0161403943775 0.0211692002509 0.0594687244428 0.067654701563 0.0220203869342 0.0125032911957 0.0522861094618 0.0375994121509 0.0791308905459 0.0439476996979 0.0707348977441 0.0698927007 0.023795453615 0.0123991351417 0.0373994541978 0.0248078828137 0.0597094198611 0.022286409141 0.106366385329 0.0427797721554 0.0787213758152 0.0144645316835 0.0435638119902 0.0765601453803 0.135299445153 0.0273717205438 0.0206012582373 0.104005811155 0.0272516352802 0.0335346879574 
0.176551388496 0.0182790107105 0.00176049079017 0.0199745446496 0.0136294913981 0.00231045128176 0.00613091268037 0.00879289360178 0.0368260423355 0.0129217559884 0.00861716615834 0.00578185919182 0.00521735004914 0.011363109759 0.00563664760152 0.0194741580126 0.0122428730882 -0.00800533666088 0.00562436860841 0.00972655239468 -0.00176046480176 0.00619921717574 0.00890775150474 0.00492730033925 0.00655052942406 0.0185491134137 0.0148223014941 0.00683799618194 0.0111921091488 0.0165905001942 
0.0182790107105 0.210614334446 0.0318786734319 -0.00375728209382 0.0179917267521 0.00481085884066 0.0157581313918 0.00185819035092 0.0162199066943 0.0100001222146 -0.00724365179596 -0.00683100118128 0.0103120453096 0.0179763591604 0.0200919390121 0.0196113006872 0.0197456848942 0.00258961275899 0.0148705808518 0.0187454459344 0.00277048919079 0.00710120573026 0.00513933859118 0.0183622176848 0.017022149779 0.0186905292176 -0.000811050748714 0.000779634225836 0.0102104567937 0.0168944369843 
0.00176049079017 0.0318786734319 0.409877597614 0.0177905598686 0.0304535111146 0.0326037296119 0.0351522385079 0.0120785764514 0.0193002274136 0.0156879331613 0.00861422054777 0.0385378216806 -0.00302389848381 0.015165050404 0.0189291662158 0.00394783991832 0.00761938321891 0.0108072936547 0.00889586515633 0.0482717560263 0.0118296527041 0.0114106689951 0.0016968106504 0.0141707950153 0.0166502284948 0.00490661539639 0.0184769749411 0.0327080362642 -0.00549240125055 0.014902004455 
0.0199745446496 -0.00375728209382 0.0177905598686 0.384820245496 0.00750381407461 0.0219469814587 0.00861243789229 0.00707382023299 -0.00956389224255 0.00228442976063 0.016959280799 0.014105505061 0.0237219355672 0.0204614161433 0.0144696075635 0.0127869189189 0.0191421239416 0.00751654480201 0.0195206749173 0.0125940123691 0.0151159359225 0.00450014441983 0.026286067546 0.00770623514413 -0.00420396124741 0.00878589613471 0.0014081155119 0.0140542606499 -0.000609939867145 0.0506425688161 
0.0136294913981 0.0179917267521 0.0304535111146 0.00750381407461 0.236542189106 0.023914670903 0.0202410777448 0.0145675572036 0.0108167437949 0.0112862579661 0.00872470370772 0.0338913603119 0.0158098625975 0.0173147139522 0.0226761705102 0.0173686250503 0.0208963641407 0.0102568224535 0.00582971048951 0.0309886682901 0.00297124883649 0.00512476451871 0.00734748988775 0.0359509476192 0.0206709058413 0.0192573907201 0.030041359446 0.0551180257831 0.0248098618 0.0142825660418 
0.00231045128176 0.00481085884066 0.0326037296119 0.0219469814587 0.023914670903 0.289071854217 0.0317495024696 0.0191299272657 0.00214204609339 0.00538574901436 0.00152373374059 0.00490038012476 -0.00244663645804 0.011422337087 0.0185204598886 0.00988171022586 0.0180834630423 0.0181205077122 -0.018112912495 0.015303421926 -0.0144115957374 0.0094344281341 0.0303370047963 0.0232115463006 -0.013246364228 0.00898784918166 0.0146040625112 0.0364663779566 -0.00300008559398 -0.0104109077076 
0.00613091268037 0.0157581313918 0.0351522385079 0.00861243789229 0.0202410777448 0.0317495024696 0.322586536758 0.0203086644732 -0.0018212200202 0.00114738380357 0.00561907315048 0.0492700297178 0.00425248227524 0.0160411062105 0.0351115566511 0.0123260296288 0.030457862957 0.0172473106535 0.0259622958668 0.0470562697016 0.0133196922026 0.0260834924071 0.011559876918 0.033267485726 0.0333863641324 0.0357865705619 0.0260248491412 0.0600682874552 0.00569895920008 0.00462777501622 
0.00879289360178 0.00185819035092 0.0120785764514 0.00707382023299 0.0145675572036 0.0191299272657 0.0203086644732 0.27091048049 0.00423146320555 0.0166737905715 0.0161611934379 0.0170089989823 0.0220658972704 0.0159361173772 0.0142895950344 0.023941049678 0.00513051292958 0.0103697558134 0.0212141388852 0.0178399829691 0.00913373605005 -0.00017595164098 0.0150586324265 -0.00317025974682 -0.00282838752479 0.0315554629254 0.0127406164364 0.0151231084172 0.0158262346285 0.0103129745004 
0.0368260423355 0.0162199066943 0.0193002274136 -0.00956389224255 0.0108167437949 0.00214204609339 -0.0018212200202 0.00423146320555 0.623253211106 0.00372395907721 0.0194645899725 0.00459645154015 0.0159284278675 0.0102140575384 0.00132077944258 0.0028231051461 0.000731956421409 0.0181084706673 0.00855534780171 0.0160058450021 0.0153941482912 0.0186985996781 0.00864359664885 0.028707038349 0.0164034801038 0.0125591863136 0.00275354851682 0.0226278988193 0.0059344463633 0.0162860147606 
0.0129217559884 0.0100001222146 0.0156879331613 0.00228442976063 0.0112862579661 0.00538574901436 0.00114738380357 0.0166737905715 0.00372395907721 0.190722999229 0.00953422677655 0.0202562902574 0.00475306652599 -0.00485101209553 0.0223001377782 0.00641213766725 -0.00626374594785 -0.00729348209248 0.0166753824554 -0.00821649311821 -0.00231415767597 0.0241906007929 0.00776670737052 0.0133167537918 0.0152893476419 -0.00958791001895 0.00790735587165 0.0179257387667 -0.00923432566685 0.0258183493438 
0.00861716615834 -0.00724365179596 0.00861422054777 0.016959280799 0.00872470370772 0.00152373374059 0.00561907315048 0.0161611934379 0.0194645899725 0.00953422677655 0.31209513548 0.0106090827004 0.0155692764283 0.0177045571353 -0.000493029239381 0.00388553938799 -0.0104620026731 -0.00212201930315 0.00941386439061 0.0104592252237 0.00929599218992 0.00172409428389 0.0213854275629 0.0180208661583 0.00699236538725 0.0170852505935 0.0182741742256 0.0102442994153 0.00616320291166 -0.00523996090926 
0.00578185919182 -0.00683100118128 0.0385378216806 0.014105505061 0.0338913603119 0.00490038012476 0.0492700297178 0.0170089989823 0.00459645154015 0.0202562902574 0.0106090827004 0.456620067588 0.00340896455581 0.00956745503458 0.0186469161915 0.00690736145478 0.0283626835892 0.00664047511903 0.0261804718498 0.0451625625926 0.0199561683088 0.0296857675312 0.00941384162393 0.0234014132365 0.0235730250781 0.0326136388577 0.0337277796243 0.0492914611177 0.00645285795875 0.00685032430348 
0.00521735004914 0.0103120453096 -0.00302389848381 0.0237219355672 0.0158098625975 -0.00244663645804 0.00425248227524 0.0220658972704 0.0159284278675 0.00475306652599 0.0155692764283 0.00340896455581 0.200844490307 0.0114090974526 0.0139071568731 0.00217519092146 0.00869268135049 0.00984613406597 0.0278640509486 0.0255468656288 0.0256937641556 0.0124819833789 0.026068302028 0.0109114711252 0.0223899598763 0.0147240686441 0.00347059790746 0.0206338506065 0.00886489514159 0.0180809630989 
0.011363109759 0.0179763591604 0.015165050404 0.0204614161433 0.0173147139522 0.011422337087 0.0160411062105 0.0159361173772 0.0102140575384 -0.00485101209553 0.0177045571353 0.00956745503458 0.0114090974526 0.196545148133 0.0130191133232 0.00477044554945 0.0126438557931 0.00325313453619 0.0108170693902 0.0251570333084 0.0187729988729 0.00726407018275 0.0167218614238 0.0180285887177 0.00715022623997 0.0148211217465 0.0118033788407 0.00560964070094 0.023204414779 0.00266300520461 
0.00563664760152 0.0200919390121 0.0189291662158 0.0144696075635 0.0226761705102 0.0185204598886 0.0351115566511 0.0142895950344 0.00132077944258 0.0223001377782 -0.000493029239381 0.0186469161915 0.0139071568731 0.0130191133232 0.324079066809 0.0112939591499 0.022332597792 0.0202401605842 0.0236015169882 0.0413185008501 0.00479988831403 -4.51601890574e-05 0.00148404441737 0.0297647236725 0.0199813992022 0.0202815219327 0.00883272224106 0.0545159815365 0.0121254571928 0.0083812096618 
0.0194741580126 0.0196113006872 0.00394783991832 0.0127869189189 0.0173686250503 0.00988171022586 0.0123260296288 0.023941049678 0.0028231051461 0.00641213766725 0.00388553938799 0.00690736145478 0.00217519092146 0.00477044554945 0.0112939591499 0.215002129788 0.00872648615586 0.00372905503601 0.00752134504363 0.0211092422343 0.0223500603148 0.0114588080032 0.0233318451316 0.0208499220318 0.0161438725449 0.01958618146 0.0261570777451 0.0301047744084 0.0206708075432 0.0127058711207 
0.0122428730882 0.0197456848942 0.00761938321891 0.0191421239416 0.0208963641407 0.0180834630423 0.030457862957 0.00513051292958 0.000731956421409 -0.00626374594785 -0.0104620026731 0.0283626835892 0.00869268135049 0.0126438557931 0.022332597792 0.00872648615586 0.406540481904 0.00411099746899 -0.00320667948199 0.0176708938668 0.00414797023521 0.00686047850164 0.00578235789414 0.0104377585527 0.0191195924682 0.024041090278 0.0209090240646 0.0309133992335 0.0090936627885 0.0368244348597 
-0.00800533666088 0.00258961275899 0.0108072936547 0.00751654480201 0.0102568224535 0.0181205077122 0.0172473106535 0.0103697558134 0.0181084706673 -0.00729348209248 -0.00212201930315 0.00664047511903 0.00984613406597 0.00325313453619 0.0202401605842 0.00372905503601 0.00411099746899 0.248898395988 0.021688318936 0.0115091602873 -0.00466140006371 0.00744061613353 0.00607849468469 0.00697107174558 0.0157941788693 0.00778585615757 0.0079573725267 0.0143266644772 -0.00091914712835 0.00833278918466 
0.00562436860841 0.0148705808518 0.00889586515633 0.0195206749173 0.00582971048951 -0.018112912495 0.0259622958668 0.0212141388852 0.00855534780171 0.0166753824554 0.00941386439061 0.0261804718498 0.0278640509486 0.0108170693902 0.0236015169882 0.00752134504363 -0.00320667948199 0.021688318936 0.420910194431 0.034099961304 0.145122324723 -0.00795495131982 0.0169065766748 0.0279342115594 0.183106656483 0.0229541383725 0.0273684735635 0.00782048325526 -0.00191486440996 0.00872127392657 
0.00972655239468 0.0187454459344 0.0482717560263 0.0125940123691 0.0309886682901 0.015303421926 0.0470562697016 0.0178399829691 0.0160058450021 -0.00821649311821 0.0104592252237 0.0451625625926 0.0255468656288 0.0251570333084 0.0413185008501 0.0211092422343 0.0176708938668 0.0115091602873 0.034099961304 0.285373602833 0.0323510087279 0.0203555790632 0.0164777352167 0.0404237810557 0.0311836969526 0.0180952875044 0.0436655973257 0.0325623214631 0.00502298124833 0.0201395563477 
-0.00176046480176 0.00277048919079 0.0118296527041 0.0151159359225 0.00297124883649 -0.0144115957374 0.0133196922026 0.00913373605005 0.0153941482912 -0.00231415767597 0.00929599218992 0.0199561683088 0.0256937641556 0.0187729988729 0.00479988831403 0.0223500603148 0.00414797023521 -0.00466140006372 0.145122324723 0.0323510087279 0.349775357208 0.00729952201336 0.0146921284618 0.0391223960073 0.144422293851 0.0117756296969 0.0304499333838 0.024222471258 0.00995982316839 0.00294085213474 
0.00619921717574 0.00710120573026 0.0114106689951 0.00450014441983 0.00512476451871 0.0094344281341 0.0260834924071 -0.00017595164098 0.0186985996781 0.0241906007929 0.00172409428389 0.0296857675312 0.0124819833789 0.00726407018275 -4.51601890572e-05 0.0114588080032 0.00686047850164 0.00744061613353 -0.00795495131982 0.0203555790632 0.00729952201336 0.290382994085 0.0177766937173 0.0139338304842 0.00615289817186 0.0139332830604 0.0217037732406 0.0231445516271 0.0180158706099 0.0086287664519 
0.00890775150474 0.00513933859118 0.0016968106504 0.026286067546 0.00734748988775 0.0303370047963 0.011559876918 0.0150586324265 0.00864359664885 0.00776670737052 0.0213854275629 0.00941384162393 0.026068302028 0.0167218614238 0.00148404441737 0.0233318451316 0.00578235789414 0.00607849468469 0.0169065766748 0.0164777352167 0.0146921284618 0.0177766937173 0.280423169686 0.00600367390388 0.0094630453091 0.0109512443554 0.00546777069117 0.00304855387553 0.00197404500886 0.0237229883924 
0.00492730033925 0.0183622176848 0.0141707950153 0.00770623514413 0.0359509476192 0.0232115463006 0.033267485726 -0.00317025974682 0.028707038349 0.0133167537918 0.0180208661583 0.0234014132365 0.0109114711252 0.0180285887177 0.0297647236725 0.0208499220318 0.0104377585527 0.00697107174558 0.0279342115594 0.0404237810557 0.0391223960073 0.0139338304842 0.00600367390388 0.34665970798 0.0641922758937 0.0305267629546 0.0327029896567 0.0318775432717 0.00741934641919 0.0100581440283 
0.00655052942406 0.017022149779 0.0166502284948 -0.00420396124741 0.0206709058413 -0.013246364228 0.0333863641324 -0.00282838752479 0.0164034801038 0.0152893476419 0.00699236538725 0.0235730250781 0.0223899598763 0.00715022623997 0.0199813992022 0.0161438725449 0.0191195924682 0.0157941788693 0.183106656483 0.0311836969526 0.144422293851 0.00615289817186 0.0094630453091 0.0641922758937 0.519282071381 0.0325322198641 0.0317560761671 0.0184655363851 0.0346007984535 0.0134654097265 
0.0185491134137 0.0186905292176 0.00490661539639 0.00878589613471 0.0192573907201 0.00898784918166 0.0357865705619 0.0315554629254 0.0125591863136 -0.00958791001895 0.0170852505935 0.0326136388577 0.0147240686441 0.0148211217465 0.0202815219327 0.01958618146 0.024041090278 0.00778585615757 0.0229541383725 0.0180952875044 0.0117756296969 0.0139332830604 0.0109512443554 0.0305267629546 0.0325322198641 0.240727988926 0.0169126156982 0.0272586317038 0.00453336889119 0.0096004338696 
0.0148223014941 -0.000811050748714 0.0184769749411 0.0014081155119 0.030041359446 0.0146040625112 0.0260248491412 0.0127406164364 0.00275354851682 0.00790735587165 0.0182741742256 0.0337277796243 0.00347059790746 0.0118033788407 0.00883272224106 0.0261570777451 0.0209090240646 0.0079573725267 0.0273684735635 0.0436655973257 0.0304499333838 0.0217037732406 0.00546777069117 0.0327029896567 0.0317560761671 0.0169126156982 0.187534729997 0.0283457078515 0.020034820723 0.0253860677409 
0.00683799618194 0.000779634225836 0.0327080362642 0.0140542606499 0.0551180257831 0.0364663779566 0.0600682874552 0.0151231084172 0.0226278988193 0.0179257387667 0.0102442994153 0.0492914611177 0.0206338506065 0.00560964070094 0.0545159815365 0.0301047744084 0.0309133992335 0.0143266644772 0.00782048325526 0.0325623214631 0.024222471258 0.0231445516271 0.00304855387553 0.0318775432717 0.0184655363851 0.0272586317038 0.0283457078515 0.532936458223 0.0168619599648 0.0127307760872 
0.0111921091488 0.0102104567937 -0.00549240125055 -0.000609939867145 0.0248098618 -0.00300008559398 0.00569895920008 0.0158262346285 0.0059344463633 -0.00923432566685 0.00616320291166 0.00645285795875 0.00886489514159 0.023204414779 0.0121254571928 0.0206708075432 0.0090936627885 -0.000919147128349 -0.00191486440996 0.00502298124833 0.00995982316839 0.0180158706099 0.00197404500886 0.00741934641919 0.0346007984535 0.00453336889119 0.020034820723 0.0168619599648 0.229294713867 0.00739533948273 
0.0165905001942 0.0168944369843 0.014902004455 0.0506425688161 0.0142825660418 -0.0104109077076 0.00462777501622 0.0103129745004 0.0162860147606 0.0258183493438 -0.00523996090926 0.00685032430348 0.0180809630989 0.00266300520461 0.0083812096618 0.0127058711207 0.0368244348597 0.00833278918466 0.00872127392657 0.0201395563477 0.00294085213474 0.0086287664519 0.0237229883924 0.0100581440283 0.0134654097265 0.0096004338696 0.0253860677409 0.0127307760872 0.00739533948273 0.23491472457 

['JNJ', 'RX', 'PKI', 'SWY', 'MTG', 'DG', 'ASD', 'ACV', 'UVN', 'LH', 'ABI', 'TXT', 'ETR', 'TWX', 'GPS', 'MMM', 'CPWR', 'NKE', 'DVN', 'EMN', 'COP', 'IPG', 'MO', 'MOLX', 'BJS', 'TYC', 'DD', 'BBY', 'OMC', 'BAX']