60
0.0270000307956 0.0436219100546 0.0248608942987 0.128413882411 0.0870342926162 0.116671338284 0.0995242847704 0.0722101641432 0.123612909007 0.0654803135324 0.0791308905459 0.0451551332239 0.0997806882374 0.0297343435849 0.0664901393557 0.0210495138202 0.15717092416 0.0298565853869 0.0442318588416 0.0297585566085 0.0206637964956 0.0559384191954 0.266244884644 0.0285995604788 0.0299059053764 0.0123991351417 0.0406155741598 0.116792266476 0.0220144037379 0.542098982398 0.138528932385 0.133327922328 0.023795453615 0.0522856391002 0.026407260569 0.100974868985 0.0359279599811 0.0861911318708 0.0594687244428 0.0115927538848 0.0442230302855 0.0645874353538 0.0394797478448 0.0484031048171 0.0296866664977 0.371102806834 0.0318751717172 0.0439476996979 0.0788996306534 0.0395396308246 0.0499472002084 0.164482556217 0.0884893451388 0.136312174374 0.02473804396 0.0755152896869 0.0270240384822 0.103194060275 0.0565521495323 0.0414012394119 
0.204892933961 0.0287234094041 0.0202548639727 0.0175853210675 0.0369573783283 0.0126889485178 0.0181047677021 0.035190582171 -0.0192109201398 0.0179522459288 0.00682335940955 0.0122294428785 0.00528004862356 0.011756022966 0.0218641838878 0.00122203296865 0.0369270442939 0.0136100790937 0.0318402055924 0.0160478000706 0.0147455125404 0.0147327845362 -0.00529360165511 0.0185394666552 0.005561351564 0.00770734192049 0.028918115992 0.00578595060661 -1.66678183044e-05 0.0263492584659 0.0353608490938 0.0141945435712 0.00133847048816 0.0173736322014 0.0129073691229 0.0335482457308 0.00422230579465 0.0217502857531 0.0177128904477 0.0148957432785 0.0379714560894 0.0170846444866 0.017471282978 0.0202681777189 0.0164248796799 0.0249721919425 4.58265786182e-05 0.0126875912922 0.0108198793997 0.0184265480555 0.0147235734256 0.0186611035983 0.0116577188462 -0.0110909840142 0.000658428953154 0.0323413530271 0.00071450985271 0.0352660860662 -0.00896447221964 0.0177623012974 
0.0287234094041 0.294257917015 0.0474409540896 0.00605287142597 0.0218495131507 0.0344776816749 0.0137555664954 0.0279998786072 -0.0226783053238 0.0147359071458 0.00532310296166 0.00605315106262 0.00934693244096 -3.41101095433e-06 0.0374907424477 0.016933080447 0.0379908542571 0.0217284015926 0.0302376967346 0.0291882119414 0.0114569804915 0.0180930073431 0.050894648787 0.0272187621757 0.0197851500741 0.0191888880115 0.0300584044781 0.0185302271729 0.0120862434593 0.0097441567581 0.00967199722837 -0.00179716528288 0.0235257853906 0.034531778722 0.05117766932 0.00693320423157 0.0359203402525 0.0482409949664 0.0154817437163 0.00428456099263 0.0154589041198 0.0298781535658 -0.00556265085489 0.0449316748652 0.0352055981703 0.041217738797 0.0292223323239 0.00476264993094 0.0116950464593 0.00185604148982 0.0244040481006 0.00853983469743 0.004918713526 -0.0149706058398 0.0189730303639 0.0121479778072 0.0353293089089 0.0199917512666 0.00561953832759 0.022498298011 
0.0202548639727 0.0474409540896 0.206845794777 -0.00178323013448 0.0298438267814 0.00477699380611 -0.00522114473652 0.0187014171393 -0.0068592537424 0.0151336953021 0.00014693814016 0.000630116264396 0.0261919779538 0.000822655791739 0.0394273316449 0.0286449304401 0.0221445826042 0.0304919633609 0.0213751440149 0.0148644324187 0.0136752542787 0.0184406711575 0.0165610744733 0.0206117560898 0.0182861924077 0.0155179633512 0.0244918269628 0.0241348102025 0.0146749687284 0.0256624675773 0.0028535830722 0.0029633482987 0.0143043743296 0.00824620748221 0.0392272984256 -0.000191244787056 0.00387635105064 0.0303015509798 0.0288111783174 0.0115331146506 0.0316394255801 0.0209680886048 0.0113987969981 0.0149014711028 0.01551359044 0.00798026809873 0.0270960905076 0.0168856677437 0.00573137998984 0.0209976688842 0.0310436367489 0.0127825460729 0.0164823504035 -0.00614390616358 0.0166850471903 0.0144446138844 0.0281080789158 0.0270850822006 0.0110693395228 0.0173163153463 
0.0175853210675 0.00605287142598 -0.00178323013447 0.458267287499 0.0418856337882 0.0223472664549 0.129375773572 0.0272218649032 0.00290433984269 0.0240586183931 0.0321533712208 0.036641736552 0.0227451255811 0.0338544145375 0.0006668422286 0.00635816512446 0.0443901818337 0.00125723180839 0.00734734023514 0.0200969018182 0.00954226584112 0.00149883274431 0.0162334005765 0.0104967488478 0.00323113163664 0.0190296792444 0.0366244664726 0.0122572817685 0.0222922180597 0.106744613702 -0.00876567212623 0.021239275722 0.0221528648734 0.0263106725984 -0.00247081590172 0.0422454420092 0.0186905997682 0.0491929951893 0.0130741645035 0.00866818183796 0.03124993897 0.0145557980987 0.0250419743441 0.042004650778 0.0260222855007 0.08768301291 0.0122304460619 0.0135919664183 0.0219737875155 0.00281842650304 0.00493747714663 -0.0199966884094 0.0144881252344 -0.00114228176043 0.0188751496267 0.0780560891403 -0.0139721366 0.0454968203692 0.00839898283823 0.0177690912231 
0.0369573783283 0.0218495131507 0.0298438267814 0.0418856337882 0.357601093518 0.0188078285613 0.0159452782842 0.101445586564 0.0555022246227 0.0385971380467 0.00444602882253 -0.00397841110525 0.0433366636381 0.00558722264647 0.0226339291347 0.00364123446693 0.0715392466166 0.0209126892101 0.0301950078759 0.0209064492586 0.00584019373118 0.0213634147855 0.0277886950368 0.0215017315268 0.00635806082162 0.010456100092 0.0116893733581 0.0128276943202 0.00131838748051 -0.0124010424887 0.0595218870382 0.0164744807653 0.00311126831877 0.04548345826 0.0163424985588 0.0258009814592 0.0103627463538 0.0319484894936 0.0304630594854 0.0154256250827 0.0314754167636 0.0176192208018 0.0517425267611 0.0338027194103 0.0194558646276 0.0875849506702 0.00371646076365 0.00397607885376 0.00100633696014 0.0205690403291 0.0130459758211 0.0446397994914 0.0177834702709 -0.0129827737039 0.0158940207744 0.0113669809951 0.0117798781051 0.0379797774307 0.0103679267961 0.00235049908906 
0.0126889485178 0.0344776816748 0.00477699380611 0.0223472664549 0.0188078285613 1.04784460773 0.0305549009364 0.0147012742409 -0.0112617815246 0.0330397759318 0.0606022933436 0.022558724526 0.00734108794915 0.0124949075483 0.0282068613115 -0.000566856439924 0.056008932364 0.00802052145896 0.0299638862151 0.00948460576287 0.00805842778615 0.019424079433 0.0144746545472 0.0336762299615 0.0124010289069 0.000580034199808 0.026813054175 0.0104087173056 0.01662609278 -0.0176661084349 0.0128462095201 0.0141563983783 0.0265977596392 0.0109532626998 0.0075399171942 0.0469345027635 0.00976892895879 0.0215851373865 -0.00198911405164 0.0108408507258 0.0236177614411 0.0109903940635 0.0222142604693 0.0283223777461 0.00873869110144 0.0399739567023 -0.00412834297397 -0.00691926209183 0.00527951199692 0.0161373973309 -0.0193372777435 0.00113472815941 0.0312592583588 -0.00871386258077 0.0181328947059 -0.00454508975811 0.0212797659021 0.0366011916265 0.207543014425 0.0111443697988 
0.0181047677021 0.0137555664954 -0.00522114473651 0.129375773572 0.0159452782842 0.0305549009364 0.424680303925 0.0276285844212 0.0108138050012 0.0156391636126 0.0207946779712 0.0131117825857 0.0342029513872 0.00307536678428 0.0129382849233 0.00845657526527 0.021663698473 0.00719533478222 0.0248409238083 0.00330584569235 0.00139410421196 -0.00390947577513 -0.00407046627493 0.000355646449781 -0.0061429137288 0.00987811196092 0.0172499587969 0.0131906942083 0.0195789734756 0.0445718866242 0.00512274279214 0.030296198768 0.032484342588 0.0363398999363 0.00586490628452 0.0129336938421 0.0109135699602 0.0195878176321 0.0197186117002 0.0110009804905 0.0342987798195 0.00672998654967 0.0143902283029 0.0190383287576 0.0185275143108 0.0512094826827 0.0241182932126 -0.00203441091573 -0.00874682352144 0.00237109277084 0.00822566994351 0.00623162208003 0.0152022057052 0.0662905444063 0.0224605313012 0.00289909310268 0.00087272928537 0.0504360282205 -0.00746982799503 0.00134604000299 
0.035190582171 0.0279998786072 0.0187014171393 0.0272218649032 0.101445586564 0.0147012742409 0.0276285844212 0.301727583456 0.021558282374 0.0276551100406 -0.00662516150319 0.0151681951621 -0.00266043128591 0.00857055182474 0.0199300423895 0.0138708887564 0.0619406744347 0.0198804967327 0.0172145110184 0.0120013616849 0.0100853786282 0.0124295909873 0.048222805994 0.0168086961546 0.0182420271714 0.00826488665945 0.0157572341421 -0.00575486450336 0.0124512615505 -0.020396820575 0.0520018337053 0.0181305738846 0.0170562011415 0.0433274494217 0.0132245028208 0.0361734141641 0.0180583817156 0.0290817442525 0.0199899670263 0.0194198939099 0.0139817868872 0.0325798980684 0.0247440045144 0.0400134128761 0.00492958880339 0.0603557570582 0.00954387599181 0.00642100398394 -0.00290311286611 0.0183628294265 0.00877535265719 0.0230214953664 0.00636370774863 -0.00811965885606 0.00956492481424 0.00194795631778 0.0129634244051 0.034188036906 0.0113691089191 0.0135605856476 
-0.0192109201398 -0.0226783053238 -0.0068592537424 0.0029043398427 0.0555022246227 -0.0112617815246 0.0108138050012 0.021558282374 0.740710008653 0.0182904440602 0.0106693027113 0.00358757365568 0.0320849126095 0.00485208221644 -0.0156259847884 0.00687296360298 0.035613976771 -0.0057027367769 0.00960486527597 0.00218774848422 0.00350421557131 -0.00775774989485 -0.012860556761 0.00385486721909 -0.01151085347 0.00398438162925 0.00492108174431 -0.0118599811646 0.00709461457736 -0.0100508387734 -0.00588392260394 0.0149206919453 0.00224916062289 0.0077704831088 -0.00739487885172 0.0197100018264 -0.00952372464653 0.0260882543776 0.0103071791806 0.00466616532272 0.00749990857859 -0.00663384460919 -8.35195940125e-05 0.00130708069797 -0.00631136995553 0.0246693919078 0.0122190700812 0.00020140085923 -0.00736696002211 0.0270798855474 0.0245871701687 0.732812159648 0.027187708645 0.00136871901504 0.00353507591871 0.0234516252625 0.00279957182222 0.000435198341143 0.0199510949756 0.00195120925839 
0.0179522459288 0.0147359071458 0.0151336953021 0.0240586183931 0.0385971380467 0.0330397759318 0.0156391636126 0.0276551100406 0.0182904440602 0.388389230465 0.0119356736428 0.00536500745653 -0.0113463598782 0.0077683867242 0.0440623237282 0.00871490241162 0.0237709576037 0.0231261170901 0.0272871372232 0.0216693664469 0.0158924381249 0.0171881763731 0.0210624830403 0.0036775043027 0.0368775783014 0.0132060249636 0.0233444778034 0.00248089055634 0.00659700928804 0.0164310685631 0.0319557778672 0.00549066537786 0.0146021979845 0.0165059557159 0.00526377634389 0.0417241848168 0.0115968925913 0.00731060788417 0.0127882017366 0.0169660581593 0.0350946491596 0.0195742776802 0.00981679563754 0.00899487074625 0.0233110779462 0.0172294921714 0.000861444078099 0.00372629962697 0.0295584782341 0.0450367570231 0.00426108999852 -0.000250704053236 0.0171849218208 -0.0109039153069 0.0034426801881 0.0215617744006 -0.0060630106871 0.0605587629689 0.0187651340252 0.0202850459563 
0.00682335940955 0.00532310296165 0.000146938140155 0.0321533712208 0.00444602882253 0.0606022933436 0.0207946779712 -0.00662516150319 0.0106693027113 0.0119356736428 0.610653927523 0.011553233985 -0.0120994155518 -0.000557763915931 0.0196691406121 0.00155435104416 -0.00605245997059 0.00472456521353 -0.00193220651162 -0.00587149605141 0.0133628965984 0.0169237061776 0.0338233596452 0.0130538039965 0.0022163471658 0.00748519791924 0.00588353477918 0.00015599639526 0.00336880331938 0.0285138771147 -0.000289140881709 0.00812251496464 0.01226384599 0.011748142997 0.0199919201035 0.0109983494593 -0.0129516391264 0.0647110346677 0.0184630856146 0.0078714435669 0.0176835800062 0.0159579645893 -0.00307237084781 -0.0111468595517 0.0180283757313 0.0222031003734 0.00311057481655 0.00346072642547 0.000924092981048 -0.0135400341403 0.0549688954569 0.00932260051485 0.0362690111453 -0.00903675601433 -0.0105982908465 0.0241519403304 0.00252441269974 -0.00822448138902 0.0167893781231 -0.00539249815561 
0.0122294428785 0.00605315106263 0.000630116264398 0.036641736552 -0.00397841110525 0.022558724526 0.0131117825857 0.0151681951621 0.00358757365568 0.00536500745653 0.011553233985 0.299731824354 0.0150130634906 0.000512707104213 0.0129513567586 -0.000184850401895 0.00909428586477 0.0102222714289 0.0160027246003 0.00446533835421 0.000852333901994 0.0170162795842 -0.0142860665523 0.012285855277 0.0110922810485 0.00366660121322 0.0111495957865 0.0363619359456 0.000722499042974 -0.0094075545133 0.00534129490488 -0.0016942422153 0.00260187630037 0.00629999262997 -0.00198711967681 0.0170328573183 0.0444495936927 0.00304392137191 0.0035441488 -4.25597036003e-05 0.0188309251419 0.00213677722677 0.0182626297121 0.0264404362912 -0.00171397527811 0.0258497190958 0.00639721648362 0.0211999831147 -0.00732073129753 0.0123906864361 0.00540960448471 -0.0100472245359 0.0205554639064 -0.0116279767844 0.00481170165599 0.0101294895099 -0.0119541392493 0.0155648392567 -0.00323760806221 0.0147144014546 
0.00528004862356 0.00934693244096 0.0261919779538 0.0227451255811 0.0433366636381 0.00734108794916 0.0342029513872 -0.00266043128591 0.0320849126095 -0.0113463598782 -0.0120994155518 0.0150130634906 0.547549512734 0.0112640965665 0.0179608824042 0.0407484823718 0.0124005797889 0.00473252233583 0.024368655505 0.0202807312536 0.00873302106673 0.00879435725673 0.0317311101265 0.0260152219752 0.0166202855323 0.0111683696495 0.0194234269567 -0.0191342095285 0.0195804219926 -0.0141504776931 -0.0058826816335 0.0115824419925 -0.00340450831071 -0.00167767195569 0.0271712885864 0.0131474143518 0.0157660416497 0.031042047043 0.021686579796 0.018960047379 0.0262503244864 -0.00809385649741 0.0202844553173 0.00986340678704 0.00473871739718 0.0675212497642 0.00799329884699 -0.00340628224984 0.00655454929677 0.0228387258716 0.00809834942629 0.0423873888304 0.0158067113773 -0.0232157954594 0.0157339748825 0.0173169115071 0.0036848571168 0.149738892762 0.0177965918076 0.0128530618663 
0.011756022966 -3.41101095109e-06 0.000822655791739 0.0338544145375 0.00558722264647 0.0124949075483 0.00307536678428 0.00857055182474 0.00485208221644 0.0077683867242 -0.000557763915931 0.000512707104214 0.0112640965665 0.190301459759 0.0176264159726 0.0140996112048 0.00545758680686 0.0124906693403 0.0124267116959 0.0105769118459 0.00772002645583 0.00599641971734 0.00598848648802 0.00888766121463 0.0157331364922 0.00278118883338 0.00870557110324 0.00261725132398 0.00736762187967 0.00433108848764 0.00237347649871 0.00482988338445 0.0168088335252 -0.00173262427398 -0.00992971966295 0.000149781073833 0.00848359912554 0.00570676482594 0.0177315973468 0.0127957747757 0.0144377582447 0.00474500577719 0.0109143434695 -0.00487572540783 0.0128156369318 -0.0048531957623 0.00893033049001 0.00536978632307 0.011869976044 0.0010196706615 -0.00940410337567 0.00281311467238 -0.00165697010796 9.33267991894e-05 0.00384517262071 0.0157629818764 0.00144539877683 0.023400342984 0.00702761981366 0.0170228401851 
0.0218641838878 0.0374907424477 0.0394273316449 0.000666842228585 0.0226339291347 0.0282068613115 0.0129382849233 0.0199300423895 -0.0156259847884 0.0440623237282 0.0196691406121 0.0129513567586 0.0179608824042 0.0176264159726 0.352878734428 0.00795813343888 0.0467365875252 0.0336079108704 0.0229985773111 0.0171209390913 0.0290986696921 0.0150451136327 0.0277662266976 0.0459976734628 0.0246432587874 0.0189049354237 0.0370127591374 0.0104231228613 -0.0051314227475 0.030345681153 0.0167894080466 0.0117410418377 0.0275524368004 0.028500805415 0.0445926009891 0.0261102286327 0.00854658780788 0.0187996008735 -0.00383036647456 0.0138356850475 0.0467967425363 0.0235640783224 0.0488428475486 0.0258426591708 0.0383730814082 -0.00914436665789 0.0194291690122 0.0167148057317 -0.00871038581883 0.00666120744846 0.0223753029455 -0.00908932468827 0.0294673597688 -0.00783327073571 0.0197381145664 0.00290238017541 0.0308377282073 0.0363426132402 0.0274896270711 0.0251503211209 
0.00122203296866 0.016933080447 0.0286449304401 0.00635816512446 0.00364123446693 -0.000566856439925 0.00845657526526 0.0138708887564 0.00687296360298 0.00871490241162 0.00155435104417 -0.000184850401897 0.0407484823718 0.0140996112048 0.00795813343888 0.313593786364 0.00386861022869 0.00684483092687 0.010467555258 0.00513669539206 0.00824598497333 -0.00414751931106 0.0268488496018 0.0428665858926 0.00381259422139 0.00895956033083 0.00614948961256 0.00195106627454 0.0217739081537 0.0011898568186 -0.00409549315425 0.0641650380567 0.0151556768602 -0.000690616142101 0.0160486813221 0.00399451769879 0.00845346398481 0.0344176995261 0.00132066125179 0.0230074894195 0.0320905202285 0.012049165135 0.0139758667347 0.0156456923085 -0.0102719140891 0.0116686750252 0.0115486186138 0.0108259636075 0.00751084148612 0.00318047150844 0.00225738361611 -0.00872899878928 0.00297622817207 -0.00700658224361 0.014827193208 0.00329291720978 0.000634370894717 0.00616629446287 0.0110370911063 0.00485600784434 
0.0369270442939 0.0379908542571 0.0221445826042 0.0443901818337 0.0715392466166 0.056008932364 0.021663698473 0.0619406744347 0.035613976771 0.0237709576037 -0.00605245997059 0.00909428586477 0.0124005797889 0.00545758680686 0.0467365875252 0.00386861022869 0.616943894582 0.0190587364857 0.0181716746902 0.0265271966895 0.010925270296 0.0446438327859 -0.00164629782639 0.0193348448286 0.0330165376181 0.0137467164107 0.021926371597 0.0290863506729 -0.0100619079779 0.0234323810526 0.029345182233 0.036062511054 -0.00812660611002 0.0372245637656 0.0258318827472 0.0146419631979 0.0118689370968 0.0595766035907 0.0266560783741 0.0147679513675 0.0271169789079 0.0448852589179 0.0225243393001 0.0309417959459 0.0248318839837 0.0878282208738 0.00286661639218 0.015392348828 -0.00173651192144 0.0208025900538 0.00908496551734 -0.0124646912975 0.048477460989 -0.0182407396983 -0.00665167259135 0.00672743752419 0.0273804339916 0.0269621757271 0.00659187393619 0.016298318257 
0.0136100790937 0.0217284015926 0.0304919633609 0.00125723180839 0.0209126892101 0.00802052145896 0.00719533478222 0.0198804967327 -0.0057027367769 0.0231261170901 0.00472456521354 0.0102222714289 0.00473252233583 0.0124906693403 0.0336079108704 0.00684483092687 0.0190587364857 0.128415999939 0.0245233408219 0.0132275344382 0.0246070700505 0.00554436924546 0.0115697852706 0.0274905727058 0.0110527868402 0.0134654696883 0.0154673324751 0.0191345948659 0.0148979319044 0.0292366241522 0.00648907350472 -0.000624844545756 0.0205518447215 0.0193813109973 0.0371054443549 0.0127163545069 0.00651148372326 0.0163740293034 0.00808954085459 0.0124406608779 0.014279906979 0.00947857693102 0.0154266851647 0.00970274046632 0.0476920615488 -0.0115121536809 0.0223116825699 -0.00467047347524 -0.000156195460391 0.0231250729158 0.0183050934555 0.00139042262582 -0.00214877559807 -0.00901626292268 0.0212126372778 0.00601389358562 0.0225767101326 0.0105112289781 0.00474071339019 0.00819572520502 
0.0318402055924 0.0302376967346 0.0213751440149 0.00734734023514 0.0301950078759 0.0299638862151 0.0248409238083 0.0172145110184 0.00960486527597 0.0272871372232 -0.00193220651162 0.0160027246003 0.024368655505 0.0124267116959 0.0229985773111 0.010467555258 0.0181716746902 0.0245233408219 0.234722326964 0.0308267056531 0.0138996877921 0.0148803448257 0.0224128033753 0.0142816475013 0.0229908871645 0.00745446950489 0.0303516983725 0.0257399472895 0.0160853997369 0.0208314415371 0.00916018067687 0.0152823409382 0.0192094565848 0.040929407928 0.0234586492044 0.0433772537129 0.0149240835183 0.0343382595862 0.0276091405729 0.0207399169769 0.0234153868949 0.00337303579533 0.0277997166676 0.0236897461082 0.0289584423663 0.0349631954268 0.0172156542749 0.0111962564807 0.0174298782499 0.0102084401441 0.0131692097079 0.0167596351477 0.00931756448926 -0.0122367625046 0.0143081871981 0.0106362258373 0.0137345761136 0.0223761059917 0.0161297759615 0.0208556456609 
0.0160478000706 0.0291882119414 0.0148644324187 0.0200969018182 0.0209064492586 0.00948460576287 0.00330584569234 0.0120013616849 0.00218774848422 0.0216693664469 -0.0058714960514 0.00446533835421 0.0202807312536 0.0105769118459 0.0171209390913 0.00513669539206 0.0265271966895 0.0132275344382 0.0308267056531 0.250095450664 0.0245963909035 0.00833080342432 0.0369896903503 0.0145507834587 0.0214669213144 0.0135966730182 0.023676074645 0.00351147425575 0.0112917299135 0.0209148968778 0.00826247485538 0.0444043346079 0.0123667536073 0.0215520036041 0.0175507328297 0.0304402406482 0.0344258498851 0.0165799122981 0.0165407997608 0.0212483680236 0.0208869702249 0.0108388453847 0.015467499266 0.00416152415444 0.0188100104442 -0.00260494090046 0.00583355113538 0.0168121026978 0.0167116977263 0.0351269454917 -0.00549740432007 -0.00444551142492 0.0364591587747 0.00259204193119 0.010264860605 0.0181505802114 0.0102253617713 0.0433578759431 0.013411799558 0.0205721656612 
0.0147455125404 0.0114569804915 0.0136752542787 0.00954226584112 0.00584019373118 0.00805842778615 0.00139410421196 0.0100853786282 0.00350421557131 0.0158924381249 0.0133628965984 0.000852333901993 0.00873302106673 0.00772002645583 0.0290986696921 0.00824598497333 0.010925270296 0.0246070700505 0.0138996877921 0.0245963909035 0.145946490486 0.0072479782057 0.0182033827206 0.0222704037114 0.0300553266166 0.0195397864203 0.0183895701284 0.00223468816564 0.0075038538741 0.0320129671833 0.00301003674408 0.0227851893931 0.0116764158258 0.00479511169088 0.00742640709893 0.0163104262485 0.0110640369062 -0.000151892195 0.0181517384144 0.0174824312602 0.0158083439489 0.0160650976923 0.0136069269139 0.0258678048682 0.0259572055922 0.0119868834689 0.0159779978322 0.00591281488558 -0.00204199298366 0.0169393438517 0.0178631913212 0.00520414634592 0.00907760267722 -0.00927281586049 0.0150078169007 0.00761179649976 0.0303743212753 0.0112144077439 0.0068118197837 0.0151426426046 
0.0147327845362 0.0180930073431 0.0184406711574 0.00149883274431 0.0213634147855 0.019424079433 -0.00390947577513 0.0124295909873 -0.00775774989485 0.0171881763731 0.0169237061776 0.0170162795842 0.00879435725673 0.00599641971734 0.0150451136327 -0.00414751931107 0.0446438327859 0.00554436924546 0.0148803448257 0.00833080342432 0.0072479782057 0.228650861635 0.00900070232366 0.0166107054311 0.00352188905124 0.0176336603039 0.0110186530301 0.00881694138059 0.0161426659273 0.00475923687549 0.0302837286503 0.0143045856992 -0.000442551070465 0.0128248732666 0.0131444384812 0.0207670686906 0.0197738996556 0.0206509842804 0.000809554521987 0.000853464011948 0.0162623374337 0.0192076302567 0.026965662136 0.0104123544852 0.0318423252809 0.0244880266123 0.0120690077157 0.00703046737686 0.00207956466259 0.0268240475642 0.0233762689372 0.00483109854532 0.0223536456876 -0.00523570826656 0.00125335559379 0.00643606332186 0.0119132233751 0.0100131310848 0.0361058567167 0.00994994647742 
-0.00529360165511 0.050894648787 0.0165610744733 0.0162334005765 0.0277886950368 0.0144746545472 -0.00407046627493 0.048222805994 -0.012860556761 0.0210624830403 0.0338233596452 -0.0142860665523 0.0317311101265 0.00598848648802 0.0277662266976 0.0268488496018 -0.00164629782639 0.0115697852706 0.0224128033753 0.0369896903503 0.0182033827206 0.00900070232366 2.26255528996 0.0089192365891 0.00745233975498 0.00330149974109 0.00279562902746 -0.0020444009434 -0.00757551201556 0.0923912934066 0.00801780346932 0.0259307119541 -0.0133067865296 0.0597454902273 0.0181276244312 0.0551050953823 0.0702056094898 -0.0103026410862 0.0370885589859 0.00392256168766 0.0334585355281 -0.00725330312723 0.00734473182472 0.00652475202851 0.012313019257 0.118541757764 0.00173636550019 0.00859288411896 0.0281196746825 0.0154838270079 0.0158703877668 -0.00716649521843 0.122230444191 -0.0119200894145 -0.000338185556134 0.00718598542957 0.0224678926525 0.0693769048971 -0.000924355844807 -0.00232852247039 
0.0185394666552 0.0272187621757 0.0206117560898 0.0104967488478 0.0215017315268 0.0336762299615 0.000355646449777 0.0168086961546 0.00385486721909 0.00367750430271 0.0130538039965 0.012285855277 0.0260152219752 0.00888766121463 0.0459976734628 0.0428665858926 0.0193348448286 0.0274905727058 0.0142816475013 0.0145507834587 0.0222704037114 0.0166107054311 0.0089192365891 0.270686972912 0.0528303190434 0.0155434163859 0.0193729021907 0.0105881901292 -0.00592698043172 -0.0120021140808 0.018003455373 0.0205588988973 0.00765801783927 0.00661271256197 0.0290145861388 0.0269265839735 0.00244925646202 0.0142842324054 0.01765554981 0.0100561460055 0.0221316617817 0.0120429234149 0.0172102144877 0.000827870184807 0.0209016064626 0.00102152622517 0.00235976580564 4.80008347024e-05 0.000974660161621 0.0242592551984 0.00194990196995 -0.0107911606993 0.0149027497447 -0.0103448466296 0.00482403131236 0.0031327087528 0.0202168542248 0.00259586540548 0.0125469493737 0.007410830453 
0.005561351564 0.0197851500741 0.0182861924077 0.00323113163663 0.00635806082162 0.0124010289069 -0.00614291372881 0.0182420271714 -0.01151085347 0.0368775783014 0.0022163471658 0.0110922810485 0.0166202855323 0.0157331364922 0.0246432587874 0.00381259422139 0.0330165376181 0.0110527868402 0.0229908871645 0.0214669213144 0.0300553266166 0.00352188905124 0.00745233975498 0.0528303190434 0.263363419909 0.00802616536947 0.0237027973257 -0.00761718323775 0.0143748117561 0.01666500524 0.00361457796008 0.0109590404827 0.0085789523997 0.00845597959643 0.0184649619039 0.0182714402683 0.017330436088 0.0110079211534 -0.00463698452226 0.00836964142105 0.0129358854528 0.0269190790862 0.00610309722208 0.0224139462447 0.0106538859647 0.0186038817385 0.00793731890487 0.0132532746184 0.0144279314817 0.0107947469424 0.00455062395507 -0.00916540503215 0.0300960639942 -0.0158573541389 0.0135324477986 0.0209874857347 0.00341032252816 0.0162842335529 0.0217980511827 0.00886931572349 
0.00770734192049 0.0191888880115 0.0155179633512 0.0190296792444 0.010456100092 0.000580034199809 0.00987811196092 0.00826488665945 0.00398438162925 0.0132060249636 0.00748519791924 0.00366660121322 0.0111683696495 0.00278118883338 0.0189049354237 0.00895956033083 0.0137467164107 0.0134654696883 0.00745446950489 0.0135966730182 0.0195397864203 0.0176336603039 0.00330149974109 0.0155434163859 0.00802616536947 0.187232699453 0.00600862809733 0.00668940052107 0.00618152343573 0.0173955558832 -0.000970800632333 0.0222453712656 0.00782619042131 0.00716658927526 0.0141162046816 0.0164027886523 -0.00268220298643 0.0152478820323 0.0122593950493 0.00529708132969 0.000510698473916 0.0128702107434 0.0171448093734 0.00421745491456 0.0258020076848 0.00111900342257 0.0139181726581 -0.00962697846611 0.00517706948614 0.0231027937912 0.0133162316384 -0.00281001290296 0.00819769909593 -0.00619407415467 0.00845335042496 0.0132577287705 0.0151613233867 0.0284664533212 0.00355982573966 0.0115610586516 
0.028918115992 0.0300584044781 0.0244918269628 0.0366244664725 0.0116893733581 0.026813054175 0.0172499587969 0.0157572341421 0.00492108174431 0.0233444778034 0.00588353477918 0.0111495957865 0.0194234269567 0.00870557110324 0.0370127591374 0.00614948961256 0.021926371597 0.0154673324751 0.0303516983725 0.023676074645 0.0183895701284 0.0110186530301 0.00279562902746 0.0193729021907 0.0237027973257 0.00600862809733 0.199319854246 0.0109421120769 0.0208520105093 0.0349108272381 0.0348971150527 0.0157547065957 0.0316947241782 0.023390678268 0.0223428572144 0.00860734735428 0.00868748693764 0.0268172604831 -0.00813102005379 0.0192680248201 0.0246181054038 0.0169465042827 0.0203314293483 0.0189774955703 0.018452642251 0.0200876251121 0.0250226069289 0.00963686118929 0.000592112658111 0.0186056287807 0.0143696368414 0.0118120922829 0.0242646061686 0.0102465596387 0.0169471649757 0.048666049367 0.0194422557949 0.0373280465185 0.00154678099717 0.0758380403109 
0.00578595060661 0.0185302271729 0.0241348102025 0.0122572817685 0.0128276943202 0.0104087173056 0.0131906942083 -0.00575486450336 -0.0118599811646 0.00248089055634 0.00015599639526 0.0363619359456 -0.0191342095285 0.00261725132398 0.0104231228613 0.00195106627454 0.0290863506729 0.0191345948659 0.0257399472895 0.00351147425575 0.00223468816564 0.00881694138059 -0.0020444009434 0.0105881901292 -0.00761718323775 0.00668940052107 0.0109421120769 0.598198209053 0.0013872262329 -0.00943350739219 0.0387565436085 0.0244250008119 -0.00161996523242 0.00570364490074 0.0170686802736 0.027361282249 -0.0117221663344 0.0185278490563 0.00178945463738 0.00242930248323 0.0063729735266 0.0180900751714 -0.0090774650922 0.0231130998217 0.0184167029458 0.010440391274 -0.000541438659282 -0.0200852727634 0.000244176002813 0.00128063989092 0.0012545471185 -0.0136538043319 0.0181799175112 -0.012810932977 -0.00011657148355 0.0398670394674 0.0125816849214 0.000104564246342 -0.00213319776166 0.000984501198352 
-1.66678183037e-05 0.0120862434593 0.0146749687284 0.0222922180597 0.00131838748051 0.01662609278 0.0195789734756 0.0124512615505 0.00709461457736 0.00659700928804 0.00336880331938 0.000722499042973 0.0195804219926 0.00736762187967 -0.00513142274749 0.0217739081537 -0.0100619079779 0.0148979319044 0.0160853997369 0.0112917299135 0.0075038538741 0.0161426659273 -0.00757551201556 -0.00592698043172 0.0143748117561 0.00618152343573 0.0208520105093 0.0013872262329 0.172636993432 0.041781963866 0.0135654927716 0.00848661896244 0.043233254867 0.00740641330753 0.0118183615 0.013682914594 0.0151582137822 0.00841213930661 0.00722410056125 0.00981250130402 0.0188325008446 -0.00405723946426 0.0111021987003 0.0127406903221 0.010832202152 0.0079805284359 0.0388322191229 0.0139995329364 0.00807331084574 0.00832989173375 0.010814738465 0.00545670880962 0.00541528089997 0.000602496666347 0.0356101956378 0.000144870387262 0.00857997718528 0.0246272948956 0.00891319954387 0.00336761184994 
0.0263492584659 0.0097441567581 0.0256624675773 0.106744613702 -0.0124010424887 -0.0176661084349 0.0445718866242 -0.020396820575 -0.0100508387734 0.0164310685631 0.0285138771147 -0.0094075545133 -0.0141504776931 0.00433108848764 0.030345681153 0.0011898568186 0.0234323810526 0.0292366241522 0.0208314415371 0.0209148968778 0.0320129671833 0.00475923687549 0.0923912934066 -0.0120021140808 0.01666500524 0.0173955558832 0.0349108272381 -0.00943350739219 0.041781963866 8.19280812907 0.0102027273315 0.0224399705101 0.0403876888504 0.0126230625881 0.0173362634128 0.0241512641061 0.0085531151506 0.00159076329095 0.0262947466672 0.0350256860846 0.0121396948552 -0.0280290747329 0.0262121773666 -0.00699230878346 0.0321143090734 0.0192261736666 0.0299667483258 -0.00595609170629 -0.0125477644873 -0.00390232946834 0.0262691550779 -0.00895815194607 0.0357596736599 0.0281173726805 0.00666966350544 0.000916668520501 -0.000934260232443 0.0130407304142 0.0241169463396 0.0376448240615 
0.0353608490938 0.00967199722836 0.0028535830722 -0.00876567212623 0.0595218870382 0.0128462095201 0.00512274279214 0.0520018337053 -0.00588392260394 0.0319557778672 -0.000289140881713 0.00534129490488 -0.00588268163349 0.00237347649871 0.0167894080466 -0.00409549315424 0.029345182233 0.00648907350472 0.00916018067687 0.00826247485538 0.00301003674408 0.0302837286503 0.00801780346932 0.018003455373 0.00361457796008 -0.000970800632332 0.0348971150527 0.0387565436085 0.0135654927716 0.0102027273315 0.991917695517 0.0351843710446 0.00941497321565 0.00840547924413 0.00302823744052 0.0338620518169 0.0206633586297 0.0180454571688 0.0167326842595 -5.96549134606e-05 0.00549925344443 0.0248678674264 0.00308378671222 0.0194890272531 0.0159552866523 0.0985810574654 0.0183402561781 0.00760062463765 0.00454804059293 0.0112708567573 -0.0122308074886 -0.0127179336929 0.0174220213048 -0.00947797096165 0.0120615133926 0.0183774145383 0.00135549665537 0.100875078964 0.0141615273607 0.0124729365358 
0.0141945435712 -0.00179716528288 0.0029633482987 0.021239275722 0.0164744807653 0.0141563983783 0.030296198768 0.0181305738846 0.0149206919453 0.00549066537786 0.00812251496465 -0.00169424221529 0.0115824419925 0.00482988338445 0.0117410418377 0.0641650380567 0.036062511054 -0.000624844545752 0.0152823409382 0.0444043346079 0.0227851893931 0.0143045856992 0.0259307119541 0.0205588988973 0.0109590404827 0.0222453712657 0.0157547065957 0.0244250008119 0.00848661896244 0.0224399705101 0.0351843710445 0.821061714538 0.00521105169919 -0.000150949526637 0.0070628912017 0.0393790074878 0.014342702587 0.0269519648203 0.0273758894866 0.00721575075735 0.00695315257563 0.0210038341605 -0.00365575871954 -0.00757672125362 0.0107736963956 0.0297939794491 0.0154977308257 0.00947752507626 0.00178677468587 0.0328732320593 0.00753805478823 0.0129218794047 0.0363168313355 -0.0203815245883 0.0159631751492 -0.007578576143 0.0141513305487 0.0704662243978 0.0204745128165 -0.0203529414659 
0.00133847048816 0.0235257853906 0.0143043743296 0.0221528648734 0.00311126831877 0.0265977596392 0.032484342588 0.0170562011415 0.00224916062289 0.0146021979845 0.01226384599 0.00260187630037 -0.00340450831071 0.0168088335252 0.0275524368004 0.0151556768602 -0.00812660611002 0.0205518447215 0.0192094565848 0.0123667536073 0.0116764158258 -0.000442551070464 -0.0133067865296 0.00765801783928 0.0085789523997 0.00782619042131 0.0316947241782 -0.00161996523241 0.043233254867 0.0403876888504 0.00941497321565 0.00521105169919 0.176715078838 -0.000328833451881 0.0200010679138 0.00268002923515 0.0136246188836 0.0075916230098 -0.00340732100002 0.0109967895479 0.0104886891326 -0.00653165266836 -0.0012215569344 0.00161859308558 0.0197723032901 0.0126300069291 0.0349164335001 0.00126064105504 -0.00748110599137 -0.00322746254023 0.00767524954525 -0.00633908404495 0.00289944187672 0.00511614144741 0.0344751647731 0.0182397906711 0.00613813577554 -0.0050809160731 0.0164906258825 0.0182204136872 
0.0173736322014 0.034531778722 0.00824620748221 0.0263106725984 0.0454834582599 0.0109532626998 0.0363398999363 0.0433274494217 0.0077704831088 0.0165059557159 0.011748142997 0.00629999262997 -0.00167767195569 -0.00173262427398 0.028500805415 -0.000690616142101 0.0372245637656 0.0193813109973 0.040929407928 0.0215520036041 0.00479511169088 0.0128248732666 0.0597454902273 0.00661271256197 0.00845597959643 0.00716658927526 0.023390678268 0.00570364490075 0.00740641330753 0.0126230625881 0.00840547924413 -0.000150949526641 -0.00032883345188 0.284445715784 0.0244503056915 0.00884247669608 0.0077624675013 -0.00430587705967 0.00961686478029 0.0111911157826 0.0264308539195 0.00308127860416 0.0299915714881 0.0536692446863 0.0278320003052 0.0363755070116 0.000222734162264 0.0102971942873 0.0097766085848 0.00736690337911 0.0228942813361 -0.00207625063539 0.00979662528737 -0.0142213544516 0.00360396757514 0.023312338715 0.0160828115642 0.0197924911742 0.021802795454 0.0162903111726 
0.0129073691229 0.05117766932 0.0392272984256 -0.00247081590172 0.0163424985588 0.00753991719421 0.00586490628452 0.0132245028208 -0.00739487885172 0.0052637763439 0.0199919201035 -0.00198711967681 0.0271712885864 -0.00992971966295 0.0445926009891 0.0160486813221 0.0258318827472 0.0371054443549 0.0234586492044 0.0175507328297 0.00742640709893 0.0131444384812 0.0181276244312 0.0290145861388 0.0184649619039 0.0141162046816 0.0223428572144 0.0170686802736 0.0118183615 0.0173362634128 0.00302823744052 0.0070628912017 0.0200010679138 0.0244503056915 0.191398672114 0.0162170510626 0.000368041296502 0.0113528588942 0.0243069484023 0.00799792705192 0.00989854301812 0.00788025310155 0.0241480332473 0.0172847807771 0.0293183156674 0.00417390560653 0.0335783892525 -0.00157492859416 0.0138221397372 0.0118286355962 0.0192676846544 0.00630011270058 0.00938728555521 -0.00642512435885 0.029396870371 0.0230930535982 0.0223407897616 0.0266061599922 0.00904798673754 0.0121860490299 
0.0335482457308 0.00693320423156 -0.000191244787068 0.0422454420092 0.0258009814592 0.0469345027635 0.0129336938421 0.0361734141641 0.0197100018264 0.0417241848168 0.0109983494593 0.0170328573183 0.0131474143518 0.000149781073835 0.0261102286327 0.00399451769878 0.014641963198 0.0127163545069 0.0433772537129 0.0304402406482 0.0163104262485 0.0207670686906 0.0551050953823 0.0269265839735 0.0182714402683 0.0164027886523 0.00860734735427 0.027361282249 0.013682914594 0.0241512641061 0.0338620518169 0.0393790074878 0.00268002923515 0.00884247669608 0.0162170510626 0.46318943577 0.0119848465183 0.0150951199603 0.0388051916305 0.00900366148409 0.0300699267463 0.046603577415 0.0218325308983 0.0306662169139 0.0249727733372 0.0067806274687 -0.00204707832965 0.00143102668274 0.0198499806699 0.0277887556324 -5.84617194804e-05 -0.00938455530266 0.00244579181134 -0.00221525349139 -0.00454693452687 0.00778465756264 0.0117105144094 0.0132502977648 0.0269354191161 0.0176586353504 
0.00422230579465 0.0359203402525 0.00387635105064 0.0186905997682 0.0103627463538 0.00976892895879 0.0109135699601 0.0180583817156 -0.00952372464653 0.0115968925913 -0.0129516391264 0.0444495936927 0.0157660416497 0.00848359912554 0.00854658780789 0.00845346398481 0.0118689370968 0.00651148372326 0.0149240835183 0.0344258498851 0.0110640369062 0.0197738996556 0.0702056094898 0.00244925646202 0.017330436088 -0.00268220298643 0.00868748693764 -0.0117221663344 0.0151582137822 0.00855311515059 0.0206633586297 0.014342702587 0.0136246188836 0.00776246750129 0.000368041296504 0.0119848465183 0.217785430903 0.0232402654501 0.0112953145312 0.0117207062371 0.025958914974 0.0120744579456 0.00317516754436 0.021987379894 0.0036061829639 0.0220595327526 0.0132635607644 0.01026615362 0.00310978078321 0.00881229660177 0.00134874871 -0.00731209304789 0.00916545430822 0.0182758539423 0.00395954612122 0.00165694852843 0.0129970411636 0.00575772117061 -0.00266120229771 0.0108319231808 
0.0217502857531 0.0482409949664 0.0303015509798 0.0491929951893 0.0319484894936 0.0215851373865 0.019587817632 0.0290817442525 0.0260882543776 0.00731060788417 0.0647110346677 0.00304392137191 0.031042047043 0.00570676482594 0.0187996008735 0.0344176995261 0.0595766035907 0.0163740293034 0.0343382595862 0.0165799122981 -0.000151892195001 0.0206509842804 -0.0103026410862 0.0142842324054 0.0110079211534 0.0152478820323 0.0268172604831 0.0185278490563 0.00841213930661 0.00159076329095 0.0180454571688 0.0269519648203 0.0075916230098 -0.00430587705967 0.0113528588942 0.0150951199603 0.0232402654501 0.388930181625 0.00732251360801 0.0211520510274 0.0451575485602 0.0235994268673 -0.00342419252946 0.00931315712873 0.02248141513 0.0436538606404 0.0173422435648 0.0059610759713 -0.0135224974028 0.0227425242487 0.0246854557736 -0.0274347871573 0.0427007537515 -0.00858096828576 0.000496345904581 0.0104168360702 0.003299545138 0.0260142008822 0.00531343302523 0.00331997941317 
0.0177128904477 0.0154817437163 0.0288111783174 0.0130741645035 0.0304630594854 -0.00198911405164 0.0197186117003 0.0199899670263 0.0103071791807 0.0127882017366 0.0184630856146 0.00354414880001 0.021686579796 0.0177315973468 -0.00383036647457 0.00132066125179 0.0266560783741 0.00808954085459 0.0276091405729 0.0165407997608 0.0181517384144 0.000809554521984 0.0370885589859 0.01765554981 -0.00463698452227 0.0122593950493 -0.00813102005379 0.00178945463738 0.00722410056125 0.0262947466672 0.0167326842595 0.0273758894866 -0.00340732100002 0.00961686478029 0.0243069484023 0.0388051916305 0.0112953145312 0.00732251360801 0.398672606717 0.00338544871034 0.0272660184438 0.0189545343206 -0.00355802527631 0.0313923555868 0.0239787321148 0.0430580264895 0.00176087542442 0.0148086487208 0.0192285772212 0.000784200999642 -0.00589864823864 -0.0133814854136 0.00809608492294 -0.0105146811408 0.0127068615829 -0.029323973855 0.00676450542643 0.0367827800284 0.0201316791591 -0.0175344658231 
