30
0.0592302274211 0.0746691414478 0.02392892696 0.0549811443135 0.0304536481296 0.037496284255 0.10135047428 0.0739523233915 0.0794924924591 0.0218855159469 0.15397042743 0.142835786571 0.0388313797841 0.162626926374 0.0235207120966 0.0766147585819 0.0538205376978 0.0296866664977 0.0304896250645 0.0590558874601 0.0202574279786 0.0486664598358 0.0501755430095 0.0191748751409 0.0340091550877 0.0540864966038 0.0353466838873 0.0738036440579 0.0210054402465 0.185879968849 
0.343337259248 0.029190943992 0.0123443281148 0.0308859280948 0.0250569124806 0.0185835363299 0.0247267613599 0.0234265466053 0.00957167971683 0.0107909929949 0.0274319866597 -0.00063821862435 0.0135062371855 0.0347493780314 0.000454364515307 0.0507357922217 0.0262650888306 0.0100799257914 0.00333652055175 -0.003011082179 0.0321789927335 0.00952276443581 0.0173809306676 0.0170783211311 0.00944530061866 0.0194522661587 0.0179216309877 0.00700514580688 -0.000828304624935 0.022795001358 
0.029190943992 0.49876337625 0.014464665769 0.0188702280498 0.0331447502654 0.0154769143273 0.0684609326013 0.0097945433499 0.0258353546808 0.00378284550277 0.0211055871415 -0.0129174565816 0.0278469944611 0.0155527847264 0.00575679673831 0.0241626487697 0.0274397108375 0.0380216473129 0.000416729611 0.00292066146783 0.0321212731303 0.0181709797786 0.064327472389 0.0119190719703 0.0171462554622 0.0513291970852 0.0450295116506 0.0238863411918 0.000721399468806 0.0241027555306 
0.0123443281148 0.014464665769 0.248057230404 0.0103722455862 0.0219264233955 0.0103033756051 0.0257578983728 0.0188637874227 0.0460950383439 0.00849023669049 0.00953199914279 0.00888711006892 0.0568521551999 -0.00837118319162 0.0175580284217 0.0202931815893 0.00464801950461 0.0115624823603 0.00910840396239 0.0180552801842 0.0136555562437 0.0079670488635 0.0203662184266 0.0169000657974 0.0247881851093 -0.000619201470748 0.00993659644159 0.0192855109021 -0.0045849049182 0.0303576828876 
0.0308859280948 0.0188702280498 0.0103722455862 0.445280701275 0.0149187768353 0.00770247047721 0.0358264429948 0.0421498393868 0.0106285849518 0.0134238460217 0.0141206905976 -0.000257674124771 0.00456987174145 0.0163399952779 0.0174405593142 0.0200741753967 0.0153848066545 0.00867476213336 0.0228110536336 0.0241114834863 0.0280954980652 0.0229423233019 0.00838042528682 0.00576211026061 -0.000923614464966 0.0164244079413 0.00763711692844 0.0142369701544 0.0145072171773 0.0361555308926 
0.0250569124806 0.0331447502654 0.0219264233955 0.0149187768353 0.20866975926 0.0352434335434 0.0400739179914 0.00516040606507 0.0170281920586 0.00661285559725 0.0116407507282 0.00296663259889 0.0219949507945 0.00494866228575 0.0112078352093 0.0171925735237 0.0568815057691 0.0338797244286 0.00193088711721 0.0303988895542 0.027765952995 0.0150030047424 0.0230510629608 0.0306270614698 0.0474396576611 0.0218846996828 0.0679562676399 0.00968544567149 0.0173787427491 0.028730685049 
0.0185835363299 0.0154769143273 0.0103033756051 0.00770247047721 0.0352434335434 0.244140066377 0.031683406942 0.0232776227693 0.0379852577333 0.00376364871146 0.0129708041323 0.0243756150948 0.00951640935366 0.0444037620246 0.00450234314413 0.0243875604127 0.054417468153 0.0255165717001 0.0324102462645 0.0202191521188 0.0142958271437 0.0121794504788 0.0217891528286 0.0306754135273 0.0214419658383 -0.000843969281299 0.0212087906134 0.0194652039652 0.00686616275601 0.0303343207461 
0.0247267613599 0.0684609326013 0.0257578983728 0.0358264429948 0.0400739179914 0.031683406942 0.574496304386 0.0550851302471 0.0695481742259 0.0134676264929 0.0505511671662 -0.00294749411408 0.0219663193411 -0.00379109016052 0.0343875727326 0.0624687694597 0.0394215841786 0.0430355746901 0.0214860596703 0.0135875869528 0.0575793239767 -0.0133097806565 0.013972630779 0.0221347643458 0.0386660888215 0.0195994427935 0.0341865660814 0.0374557271997 0.0137209451938 0.0500578234886 
0.0234265466053 0.0097945433499 0.0188637874227 0.0421498393868 0.00516040606507 0.0232776227693 0.0550851302471 0.50894841071 0.0207221140985 0.00215709124156 0.0394219246988 0.0382164558525 0.0292651197605 0.0056017336688 0.0210311253047 0.0446069297745 0.0209770836649 0.0212295568582 0.0130515343161 0.0255774551985 0.0260477251944 0.0113286862206 0.0153358029149 0.0123930585218 0.00784139801051 0.0225749148283 0.00330959889908 0.0251430368519 0.00288219825318 0.0464914815801 
0.00957167971683 0.0258353546808 0.0460950383439 0.0106285849518 0.0170281920586 0.0379852577333 0.0695481742259 0.0207221140985 0.341026737371 0.00533243876788 0.0247649927379 0.0357357161537 0.0284942432155 0.00558244959916 0.0148711222303 0.0680869099633 0.0261045021753 0.0280161077249 0.0107630104926 0.0151079897894 0.0234130134844 0.0227056959234 0.0178511656067 0.0153915397292 0.0241724712172 0.0275462641747 0.0237034595248 0.0178977196052 0.00788918742766 0.036558845726 
0.0107909929949 0.00378284550277 0.00849023669049 0.0134238460217 0.00661285559725 0.00376364871146 0.0134676264929 0.00215709124156 0.00533243876788 0.16273721133 0.00807064478828 0.00759137347052 -0.000371222855583 -0.00191731869725 0.0153303930634 0.00228257444129 0.0162997188766 0.0126648569547 0.0174435241375 0.0268634604009 0.0100279878417 0.00898875206673 0.00990801737904 -0.000475529377822 0.000179545276249 -0.00177193533861 0.014641968234 0.0158090555084 0.0209559378689 0.0139300593381 
0.0274319866597 0.0211055871415 0.00953199914279 0.0141206905976 0.0116407507282 0.0129708041323 0.0505511671662 0.0394219246988 0.0247649927379 0.00807064478828 0.624838003593 0.0256235350486 0.0215686846733 0.053675781018 0.0186920822655 0.0165414557708 0.0152478271937 0.0114864948561 0.0134353636793 -0.0131629319474 0.0383103038749 0.0197129725333 0.0201534224808 -0.00684751362287 -0.00187798260975 0.029242697406 -0.00710480017798 0.0231689584381 0.00123615869196 0.0876743695487 
-0.000638218624351 -0.0129174565816 0.00888711006892 -0.000257674124771 0.00296663259889 0.0243756150948 -0.00294749411408 0.0382164558525 0.0357357161537 0.00759137347052 0.0256235350486 1.25275299403 -0.00874098686074 -0.0248777959428 0.0248982398993 0.0020098860781 0.00179769328455 -0.00760574785615 -0.00040331029278 -0.0117534524221 0.0331707048065 0.0105993983028 -0.000674384990045 0.0170359292918 0.00428604326326 0.0271110296479 0.00241131341238 0.0381272951105 0.0110414346939 0.0118822492874 
0.0135062371855 0.0278469944611 0.0568521551999 0.00456987174145 0.0219949507945 0.00951640935366 0.0219663193411 0.0292651197605 0.0284942432155 -0.000371222855582 0.0215686846733 -0.00874098686074 0.411930526713 0.00907276158709 0.0220792059326 0.025500364362 0.00994488709062 0.00848136967372 -0.00297553730182 0.00987270970365 0.0198169264754 0.00976377256114 0.0217496000483 0.00725819537899 0.0111298920134 0.0216198085804 0.0167128026002 0.0237835968586 0.00891053462063 0.0158361467287 
0.0347493780314 0.0155527847264 -0.00837118319162 0.0163399952779 0.00494866228575 0.0444037620246 -0.00379109016052 0.0056017336688 0.00558244959916 -0.00191731869725 0.053675781018 -0.0248777959428 0.00907276158709 1.12607784456 0.00596786158895 0.0151400261305 -0.000490610520462 0.00723039618846 0.0441015894927 0.0205106311271 -0.010988030777 0.056935168602 0.00834793579903 0.0284991725259 -0.00922108108093 -0.00534093356744 0.0111824628825 0.0116851606931 -0.0012325534866 0.0519005857978 
0.000454364515307 0.00575679673831 0.0175580284217 0.0174405593142 0.0112078352093 0.00450234314413 0.0343875727326 0.0210311253047 0.0148711222303 0.0153303930634 0.0186920822655 0.0248982398993 0.0220792059326 0.00596786158895 0.220023691382 -0.00139670952985 0.00185948582848 0.0133874106146 0.0159759093875 0.0178691990106 0.022076921092 -0.00254326914409 0.0205764394269 0.00631540652781 0.0152896321898 -0.0120688212309 0.00740209762974 0.0123991121178 0.020865172694 0.0249227175844 
0.0507357922217 0.0241626487697 0.0202931815893 0.0200741753967 0.0171925735237 0.0243875604127 0.0624687694597 0.0446069297745 0.0680869099633 0.00228257444129 0.0165414557708 0.0020098860781 0.025500364362 0.0151400261305 -0.00139670952985 0.485956507847 0.0295673819824 0.0276055263506 -0.000667184556611 0.0175821859467 0.0671384903421 0.0191194510021 0.0194935363109 0.0180166633512 0.0197928617282 0.0331085812604 0.017954286007 0.0106268859433 0.00690026085363 0.049501304667 
0.0262650888306 0.0274397108375 0.00464801950461 0.0153848066545 0.0568815057691 0.054417468153 0.0394215841786 0.0209770836649 0.0261045021753 0.0162997188766 0.0152478271937 0.00179769328455 0.00994488709062 -0.000490610520462 0.00185948582848 0.0295673819824 0.298481414983 0.0411872109416 0.0140765548153 0.0236354478412 0.0150262499921 0.0233449278179 0.0122957012763 0.0189376093911 0.0458523954877 0.0172512354179 0.0443687495906 0.0145827474533 0.00836992005847 0.0109934312866 
0.0100799257914 0.0380216473129 0.0115624823603 0.00867476213336 0.0338797244286 0.0255165717001 0.0430355746901 0.0212295568582 0.0280161077249 0.0126648569547 0.0114864948561 -0.00760574785615 0.00848136967372 0.00723039618846 0.0133874106146 0.0276055263506 0.0411872109416 0.22723690498 0.0183292163164 0.0186092312909 0.0344502384526 0.0246295986369 0.0137771017934 0.0416652423913 0.0301153170569 0.025675717414 0.0282239850454 0.0167804632191 0.0208850843158 0.0481802388374 
0.00333652055175 0.000416729611001 0.00910840396239 0.0228110536336 0.00193088711721 0.0324102462645 0.0214860596703 0.0130515343161 0.0107630104926 0.0174435241375 0.0134353636793 -0.000403310292779 -0.00297553730182 0.0441015894927 0.0159759093875 -0.00066718455661 0.0140765548153 0.0183292163164 0.209236080713 0.0219948940759 0.00974818188678 0.000780791692365 0.00586378154315 0.00404465764718 0.0111085250859 -0.000331125598272 0.0140184398747 0.00721325221956 0.0164224891273 -0.00105063875311 
-0.003011082179 0.00292066146783 0.0180552801842 0.0241114834863 0.0303988895542 0.0202191521188 0.0135875869528 0.0255774551985 0.0151079897894 0.0268634604009 -0.0131629319474 -0.0117534524221 0.00987270970365 0.0205106311271 0.0178691990106 0.0175821859467 0.0236354478412 0.0186092312909 0.0219948940759 0.722710972426 0.00902220324498 0.00577197477538 -0.00167519583317 0.041761585529 0.00911450772086 0.0129781215721 0.0297969636898 0.00334094393672 0.0199373526081 0.00895258677833 
0.0321789927335 0.0321212731303 0.0136555562437 0.0280954980652 0.027765952995 0.0142958271437 0.0575793239767 0.0260477251944 0.0234130134844 0.0100279878417 0.0383103038749 0.0331707048065 0.0198169264754 -0.010988030777 0.022076921092 0.0671384903421 0.0150262499921 0.0344502384526 0.00974818188678 0.00902220324497 0.276818223938 0.015370769964 0.0138446016949 0.0271999158136 0.0150374889667 0.0134103364277 0.0125263658233 0.0408554979616 0.00608418287048 0.0528897039672 
0.00952276443581 0.0181709797786 0.0079670488635 0.0229423233019 0.0150030047424 0.0121794504788 -0.0133097806565 0.0113286862206 0.0227056959234 0.00898875206673 0.0197129725333 0.0105993983028 0.00976377256114 0.056935168602 -0.00254326914409 0.0191194510021 0.0233449278179 0.0246295986369 0.000780791692366 0.00577197477538 0.015370769964 0.314606468265 0.00464367454974 0.0302691924739 0.0150036571909 0.00732289662469 0.00294259968395 0.0104260622568 0.0055330529494 0.0277655894343 
0.0173809306676 0.064327472389 0.0203662184266 0.00838042528682 0.0230510629608 0.0217891528286 0.013972630779 0.0153358029149 0.0178511656067 0.00990801737904 0.0201534224808 -0.000674384990045 0.0217496000483 0.00834793579903 0.0205764394269 0.0194935363109 0.0122957012763 0.0137771017934 0.00586378154315 -0.00167519583317 0.0138446016949 0.00464367454974 0.321223471381 0.00910800794741 0.0202832961341 0.00941499113222 0.0135315518224 0.0445301234267 0.00147085014593 0.0420410106558 
0.0170783211311 0.0119190719703 0.0169000657974 0.00576211026061 0.0306270614698 0.0306754135273 0.0221347643458 0.0123930585218 0.0153915397292 -0.000475529377822 -0.00684751362287 0.0170359292918 0.00725819537899 0.0284991725259 0.00631540652781 0.0180166633512 0.0189376093911 0.0416652423913 0.00404465764718 0.041761585529 0.0271999158136 0.0302691924739 0.00910800794741 0.180588971627 0.0265929381133 0.0102202186504 0.0209682845412 0.00771040595334 0.00680762376509 0.0182265947205 
0.00944530061866 0.0171462554622 0.0247881851093 -0.000923614464966 0.0474396576611 0.0214419658383 0.0386660888215 0.00784139801051 0.0241724712172 0.000179545276248 -0.00187798260975 0.00428604326326 0.0111298920134 -0.00922108108093 0.0152896321898 0.0197928617282 0.0458523954877 0.0301153170569 0.0111085250859 0.00911450772086 0.0150374889667 0.0150036571909 0.0202832961341 0.0265929381133 0.208694732631 0.0162637402375 0.0340406554917 0.0222852157808 0.0136400912376 0.0143056947732 
0.0194522661587 0.0513291970852 -0.000619201470747 0.0164244079413 0.0218846996828 -0.000843969281299 0.0195994427935 0.0225749148283 0.0275462641747 -0.00177193533861 0.029242697406 0.0271110296479 0.0216198085804 -0.00534093356744 -0.0120688212309 0.0331085812604 0.0172512354179 0.025675717414 -0.000331125598272 0.0129781215721 0.0134103364277 0.00732289662469 0.00941499113222 0.0102202186504 0.0162637402375 0.391387684017 0.00914337872998 0.0146545808929 -0.000535315528127 0.0321344539836 
0.0179216309877 0.0450295116506 0.00993659644159 0.00763711692844 0.0679562676399 0.0212087906134 0.0341865660814 0.00330959889908 0.0237034595248 0.014641968234 -0.00710480017798 0.00241131341238 0.0167128026002 0.0111824628825 0.00740209762974 0.017954286007 0.0443687495906 0.0282239850454 0.0140184398747 0.0297969636898 0.0125263658233 0.00294259968395 0.0135315518224 0.0209682845412 0.0340406554917 0.00914337872998 0.262197663931 0.00943993814327 0.00486727117363 0.00972340123478 
0.00700514580688 0.0238863411918 0.0192855109021 0.0142369701544 0.00968544567149 0.0194652039652 0.0374557271997 0.0251430368519 0.0178977196052 0.0158090555084 0.0231689584381 0.0381272951105 0.0237835968586 0.0116851606931 0.0123991121178 0.0106268859433 0.0145827474533 0.0167804632191 0.00721325221956 0.00334094393672 0.0408554979616 0.0104260622568 0.0445301234267 0.00771040595334 0.0222852157808 0.0146545808929 0.00943993814327 0.357499700103 -0.00512500276834 0.0757538525484 
-0.000828304624935 0.000721399468806 -0.0045849049182 0.0145072171773 0.0173787427491 0.00686616275601 0.0137209451938 0.00288219825318 0.00788918742766 0.0209559378689 0.00123615869196 0.0110414346939 0.00891053462062 -0.0012325534866 0.020865172694 0.00690026085363 0.00836992005847 0.0208850843158 0.0164224891273 0.0199373526081 0.00608418287048 0.0055330529494 0.00147085014593 0.00680762376509 0.0136400912376 -0.000535315528127 0.00486727117363 -0.00512500276834 0.131692917331 0.0039774686744 
0.022795001358 0.0241027555306 0.0303576828876 0.0361555308926 0.028730685049 0.0303343207461 0.0500578234886 0.0464914815801 0.036558845726 0.0139300593381 0.0876743695487 0.0118822492874 0.0158361467287 0.0519005857978 0.0249227175844 0.049501304667 0.0109934312866 0.0481802388374 -0.00105063875311 0.00895258677833 0.0528897039672 0.0277655894343 0.0420410106558 0.0182265947205 0.0143056947732 0.0321344539836 0.00972340123478 0.0757538525484 0.0039774686744 0.655115778045 

['TSG', 'ERTS', 'LIZ', 'MIL', 'FHN', 'HIG', 'LSI', 'LU', 'JCP', 'GIS', 'VLO', 'THC', 'HAS', 'TXU', 'CCE', 'QCOM', 'GDW', 'AXP', 'HNZ', 'BOL', 'APCC', 'STZ', 'MHP', 'AFL', 'ZION', 'GENZ', 'RF', 'SHW', 'PEP', 'X']