40
0.148169679735 0.0267221777707 0.0270000307956 0.0755152896869 0.0991765707177 0.0188066159349 0.00873698993333 0.0272516352802 0.02392892696 0.0352458247454 0.0791308905459 0.0125032911957 0.142835786571 0.200970993098 0.02736418452 0.0420146984796 0.0429032651101 0.0623593213805 0.0313696733512 0.0861911318708 0.114457978761 0.0335346879574 0.00422555400052 0.0936509155003 0.0254158643172 0.0131635076039 0.0800378705657 0.0487859931196 0.0284224966367 0.106415927512 0.0388241127613 0.0132097716294 0.0331056926512 0.0162161188728 0.0308834605432 0.0285158318856 0.0404531955786 0.0884893451388 0.126958151155 0.104005811155 
0.471997253526 0.00752077009481 0.0108814618695 -0.00188915537544 0.00474382722843 0.0297629947629 0.000870286661189 0.00192137037928 0.0168493196723 0.00709504052592 0.00314712848509 -0.00637133701873 0.0178843275639 -0.00856570170846 0.0127514278569 0.0267944125523 0.0220306403811 0.0300567159373 -0.000369514318849 0.0312651436946 0.048302594069 0.00894993079215 0.00897236084377 0.0360024196278 0.00251986550566 0.0139795119238 0.0240290706531 0.00504472133632 0.00432586676961 0.0235369963997 0.0129543471308 0.00688156721351 0.0263233960308 0.0312165207829 0.0200341462352 0.0157403499844 0.0235577797773 0.00616452907501 0.0366842092456 0.0522731182589 
0.00752077009481 0.17767520165 0.0159889410135 0.00898105902567 -0.000521077952069 0.000388316663937 0.0249538447368 0.0122861058565 0.00801831859262 0.0153448397038 0.000578150886861 0.0112645781146 0.0100838887677 0.0184202432783 0.0304348230618 0.0290701383123 0.0159549960022 0.0235931511635 0.0192930750247 0.0109265021375 0.0320402116684 0.0164098426878 0.0300622195543 0.0159603032876 0.0237296520049 0.0343095691806 0.0101100325439 0.011475936335 0.00849094459083 0.00880679077985 0.0135106400215 -0.00237136723718 0.0359271267712 0.0458768890557 0.0332601390384 0.0408199419007 0.0246659800535 0.0168679227537 0.0514862805788 0.0258602212446 
0.0108814618695 0.0159889410135 0.218173103419 0.0317389760398 0.000999659508893 0.0256543818101 0.0108895953767 0.0225059196973 0.0268117358844 0.0119014369859 0.00851642351805 0.00880691562768 0.0129260961956 0.0263549178267 0.00957255586529 0.0180047466746 0.0170269386617 0.0382087385649 0.0235559075588 0.0259757402753 0.0161426556071 0.0153719579414 0.0179941024763 0.0332136183161 0.0122914054456 0.0043944957657 0.038091593867 0.00812699557602 0.00801888224248 0.0415276661359 0.0217459708386 0.0231909042536 0.00796780658319 0.0141984626748 0.0161006474737 0.0137706453544 0.0296647254076 0.0132345789799 0.0279539056893 0.0219947758674 
-0.00188915537544 0.00898105902567 0.0317389760398 0.789774722681 -0.00901462211049 -0.00235982488844 0.0206618603661 0.00740770267316 0.0228562387198 0.0114093329296 0.0257874079911 -0.00781419464359 0.00307997538284 0.025596010517 0.0203998783068 -0.00222225257067 0.00478916254594 0.0155334338842 0.00631671531749 0.0136791796684 0.0236071803465 0.00361780661629 -0.00109606851755 0.0188134609533 0.00707273559491 0.00315452835593 -0.00162010741135 0.0966241681129 0.0146134385075 0.00768599927508 0.00870983545874 0.00680829612353 0.0171203250723 -0.0122136158829 0.0152867607925 0.0063165653251 0.077294686062 0.00028374039498 0.0483695323148 0.00512621507213 
0.00474382722843 -0.000521077952069 0.000999659508893 -0.00901462211049 0.641886430058 -0.0133793567769 0.00790405437748 0.0182475087772 0.000517204393909 0.00634730072762 -0.00526065015212 0.0026450549861 -0.00340416342394 0.00971471145179 0.0102970006767 0.00784826122167 0.0164140908877 0.0143207358511 0.0137848486788 0.000388809397504 0.0374445049879 -0.00348985938042 -0.0144953403986 0.00798385918089 -0.00962814487552 -0.00108997839187 -0.00336685317594 0.0242696898653 0.00883551903601 -0.00970078150379 0.00991642590756 0.00374933733844 0.00991587697912 0.00352383710554 0.00675497708315 0.00722375527408 -0.00551475099091 -0.00458814512531 -0.00526347471667 -0.00268556785857 
0.0297629947629 0.000388316663936 0.0256543818101 -0.00235982488844 -0.0133793567769 0.195224904977 0.0141401369553 0.00170385309322 0.0304428457852 0.0174789183905 0.0154226358301 0.0265003998819 0.0189351348623 0.0208198367804 0.0033722528457 0.00888649626097 0.0154147754848 0.0312368062047 0.0133874845091 0.010017573166 0.00856395265312 0.0109197445889 0.0169242185727 0.053550011588 0.0127196104075 0.00969897417649 0.0188513028194 0.00392421932715 0.00869731409818 0.0080458722768 0.0238144864059 0.0164072925925 0.00919501106791 0.00532019697953 0.0106230528503 0.0085275263911 0.0173183132632 0.0189020601971 -0.00181399762469 0.0376338155026 
0.000870286661189 0.0249538447368 0.0108895953767 0.0206618603661 0.00790405437748 0.0141401369553 0.110962939504 0.00714269641826 0.00969979913557 0.0014827356965 0.00630226355151 0.00625532851559 -0.000189428897607 0.0257169171775 0.0108362001551 0.00883739023815 0.00850660330649 0.0165390181676 0.0118487920994 0.0122625387901 0.00225376434649 0.0125060023506 0.01338447218 0.0166343258952 0.0112463190708 0.0130273064438 0.0131347873212 0.0177210314058 0.0189832518215 0.00991576048196 0.0123432162811 0.0188547167306 0.00908544392393 0.0168785611912 0.0135116293404 0.00137841301475 0.00753896363625 0.00727253493479 0.00285127445102 0.00939057863459 
0.00192137037928 0.0122861058565 0.0225059196973 0.00740770267316 0.0182475087772 0.00170385309322 0.00714269641826 0.22754891267 -0.00186472530963 0.0160505368676 0.00595564643351 -0.00435283777181 0.000401587131659 0.0202583584887 0.0106406680057 -0.00239308855297 0.0109316813869 0.019025708998 0.00129125708525 0.00108350276283 0.0112965399039 0.00498902012853 0.00586482329262 0.00237747317879 0.00964021198141 0.0130688210906 0.0104225230301 0.0285231646374 0.00547017208949 0.0201954126118 0.0131003092599 0.00721938230531 0.0128119332352 0.00582022459651 0.00770688304878 0.0103958465765 0.0185584965697 0.0165491016573 0.015278729261 0.0148454931287 
0.0168493196723 0.00801831859262 0.0268117358844 0.0228562387198 0.000517204393908 0.0304428457852 0.00969979913557 -0.00186472530963 0.245513617976 0.0186696600115 0.0261457478856 0.023956268312 0.00945929043374 0.0186141963624 0.00438349513937 0.00704723922966 0.0255863046236 0.0162556077977 0.0116732505481 0.000630627288983 0.00597240620951 0.00719339635908 0.016176044259 0.038193430987 0.0146681869399 0.00132454458699 0.0155634608444 0.00205795688158 -0.00304050236961 0.0402220653803 0.0281261936377 0.00831024861753 0.00461881035489 -0.00526309324119 0.0155271596551 -0.000923968167927 0.0301045680543 -0.000871897518773 0.0174016814668 0.0349691934842 
0.00709504052592 0.0153448397038 0.0119014369859 0.0114093329296 0.00634730072762 0.0174789183905 0.0014827356965 0.0160505368676 0.0186696600115 0.218326002156 -0.00708546610594 0.0273414835479 0.00638946022312 0.00390793834588 0.00617863064558 0.0153598552003 0.0318532347207 0.0169584993255 0.0117105153111 0.0196690606971 0.000924120611836 0.0109152945196 0.0125495011499 0.035837109015 0.00991668100235 0.00863768444336 0.0197748263797 0.0201429613534 0.00140978805685 0.0247409137943 0.0166521304823 0.0143083512298 0.0252437859107 0.0131558815847 0.0155261653428 0.00747578020919 0.0322262847746 0.0206692277198 0.00620215695133 0.0143908625402 
0.00314712848509 0.000578150886861 0.00851642351805 0.0257874079911 -0.00526065015211 0.0154226358301 0.00630226355151 0.00595564643351 0.0261457478856 -0.00708546610594 0.617575241067 0.00133943112074 -0.00858905642668 -0.014650063728 0.00420439982718 0.00928054963445 0.0104701949671 0.00180783849452 -0.0115441357854 0.0647363966176 0.0188200558543 0.0146392949992 0.00489909414188 0.0125063382988 0.0187971526109 0.0136193562845 -0.0047355152796 0.0233567848137 0.0201765112453 0.0265039021362 0.00195902746555 0.0154797941676 0.0014086500317 0.0130775287801 0.00647688581797 0.00375155823334 -0.0232497259971 0.0436364933743 0.0231466198793 0.0192798558708 
-0.00637133701873 0.0112645781146 0.00880691562768 -0.00781419464359 0.0026450549861 0.0265003998819 0.00625532851559 -0.00435283777181 0.023956268312 0.0273414835479 0.00133943112074 0.28012126404 0.00833203563473 -0.00844628103321 0.004679064439 0.00983448109576 0.0117082784636 0.0154724663582 0.00499352674016 0.0131253697737 -0.0211637721679 -0.00506399390373 0.0190421531176 0.0658696482852 0.0371924331147 -0.00264550892266 0.0241309640096 0.0187741671163 0.00852624379127 0.0113291533844 0.0277035950442 0.000887866744958 -0.00730659863484 0.0105214750149 0.00407046866531 0.00676235657923 0.0126602138219 0.00383668666391 -0.0319633234406 0.0319173950223 
0.0178843275639 0.0100838887677 0.0129260961956 0.00307997538284 -0.00340416342394 0.0189351348623 -0.000189428897607 0.000401587131659 0.00945929043374 0.00638946022312 -0.00858905642668 0.00833203563473 1.25212683907 -0.0244190253298 0.0119128828552 0.00132711100198 0.0171559130856 -0.00984889223325 0.0088156691707 0.0486260286518 -0.0202533837112 -0.00161494201199 0.010589446308 0.00477734995147 -0.00535493821469 0.0153367200219 0.00428389141572 0.0417540498645 0.00764419501453 0.0279048596035 -0.00567325686041 0.00943345179845 0.00599268083072 0.00654846996345 -0.00221948685334 0.00331314481273 -0.00630838650403 0.0378837314706 -0.00647515801978 0.0376482022362 
-0.00856570170846 0.0184202432783 0.0263549178267 0.025596010517 0.00971471145179 0.0208198367804 0.0257169171775 0.0202583584887 0.0186141963624 0.00390793834588 -0.014650063728 -0.00844628103321 -0.0244190253298 0.928518259892 0.00540248847544 -0.0024740008917 -0.00428056371889 0.0203606809905 0.000676542764562 0.0232898413071 -0.00537694508856 0.0257916030025 0.0170066462477 0.0265594402754 0.0109773046353 0.0130991129427 0.0328410247136 -0.00654705357128 0.0257646979391 -0.021459768104 0.0212721947562 0.00869882311836 0.0100515737427 0.00096016552034 0.0203347734225 -0.00244842958654 0.0322182417035 -0.00355996898277 0.00796702256858 0.00564782851115 
0.0127514278569 0.0304348230618 0.00957255586529 0.0203998783068 0.0102970006767 0.0033722528457 0.0108362001551 0.0106406680057 0.00438349513937 0.00617863064558 0.00420439982718 0.004679064439 0.0119128828552 0.00540248847544 0.19190784747 0.0345473488896 0.0221332254594 0.0225860203748 0.0285524129076 0.0244202298487 0.0312619163029 0.0272622442117 0.00691665902997 0.0103678775515 0.00939688754522 0.0493804506013 0.0117563409622 0.0176473230992 0.00979331914213 0.0131803958346 0.015747928409 0.00130017126368 0.0288343110352 0.0297617652831 0.0213515195826 0.037467423981 0.0181333093393 0.00319339406758 0.0262016123687 0.0151486750062 
0.0267944125523 0.0290701383123 0.0180047466746 -0.00222225257067 0.00784826122167 0.00888649626097 0.00883739023815 -0.00239308855297 0.00704723922966 0.0153598552003 0.00928054963445 0.00983448109576 0.00132711100198 -0.0024740008917 0.0345473488896 0.212274978263 0.0327322374759 0.0167277593615 0.0256739217682 0.0121419101514 0.0338522180946 0.004479164739 0.0257516550672 0.0326476862573 0.0130258048985 0.0272912900691 0.0100877871731 0.0039813997747 0.011584627049 0.0304224214489 0.0195932036624 0.00766570716905 0.0247472088236 0.0271784711443 0.0186825853641 0.0229813768314 0.0179082032492 0.0358972373882 0.0491765239867 0.00737320825352 
0.0220306403811 0.0159549960022 0.0170269386617 0.00478916254594 0.0164140908877 0.0154147754848 0.00850660330649 0.0109316813869 0.0255863046236 0.0318532347207 0.0104701949671 0.0117082784636 0.0171559130856 -0.00428056371889 0.0221332254594 0.0327322374759 0.277585993091 0.0338403605684 0.0473862162737 0.0278228678574 0.0168810409664 0.0181074804011 0.0276568999726 0.0228205131729 0.0232514189866 0.0108324809131 0.0470744785227 0.0216595381297 0.0101315538029 0.0163072080539 0.0205307571442 0.0169010443514 0.0166108805296 0.0185297878773 0.015368740501 0.0111033617265 0.0162458427235 0.0493625556613 0.0217749911082 0.0235952401308 
0.0300567159373 0.0235931511635 0.0382087385649 0.0155334338842 0.0143207358511 0.0312368062047 0.0165390181676 0.019025708998 0.0162556077977 0.0169584993255 0.00180783849452 0.0154724663582 -0.00984889223325 0.0203606809905 0.0225860203748 0.0167277593615 0.0338403605684 0.344355237522 0.0286576649678 0.00742342404357 0.0326910224719 -0.00906714256435 0.0196197818358 0.0394976796821 0.0314461462623 0.0104688303283 0.043807403828 0.0142449719119 0.00199504384506 0.032932888423 0.0221575567397 0.02204695793 0.0190854770131 0.0103258521148 0.0137638818151 0.00580736770302 0.0466347618066 0.009233744654 0.037420815365 0.0389299139546 
-0.000369514318849 0.0192930750247 0.0235559075588 0.00631671531749 0.0137848486788 0.0133874845091 0.0118487920994 0.00129125708525 0.0116732505481 0.0117105153111 -0.0115441357854 0.00499352674016 0.0088156691707 0.000676542764562 0.0285524129076 0.0256739217682 0.0473862162737 0.0286576649678 0.174742596136 0.015871164834 0.00673300888118 0.0119225136574 0.0125585938633 0.0226259952308 0.0172308842193 0.0209240480954 0.0106723212579 0.0205449794512 0.0157581826963 0.0140658761376 -0.00178694770851 0.00586135065563 0.0208682188713 0.0187653655589 0.0171894725916 0.00608772430041 0.00900091207924 0.018674258233 0.00710511320781 0.0288951340555 
0.0312651436946 0.0109265021375 0.0259757402753 0.0136791796684 0.000388809397504 0.010017573166 0.0122625387901 0.00108350276283 0.000630627288983 0.0196690606971 0.0647363966176 0.0131253697737 0.0486260286518 0.0232898413071 0.0244202298487 0.0121419101514 0.0278228678574 0.00742342404357 0.015871164834 0.395214911991 0.0275430763111 0.0147346858239 0.021169772359 0.0250777015815 0.0548755556565 0.00729511400158 0.0286601857382 0.0227936671151 -0.00013335805361 0.0764273930832 0.0231503724917 0.0217849203925 0.0315171487039 0.0204326401653 0.0165487834865 0.0283321536486 0.0113638452004 0.0440706737759 0.0341756102191 0.0303654603838 
0.048302594069 0.0320402116684 0.0161426556071 0.0236071803465 0.0374445049879 0.00856395265312 0.00225376434649 0.0112965399039 0.00597240620951 0.000924120611836 0.0188200558543 -0.0211637721679 -0.0202533837112 -0.00537694508856 0.0312619163029 0.0338522180946 0.0168810409664 0.0326910224719 0.00673300888118 0.0275430763111 0.408306033756 0.00520805283268 -0.00455806501361 0.03105752443 0.026562213929 0.0191839532451 -0.00535544904233 0.017589570128 0.000709980287598 0.0379482010774 0.00330495212833 0.00795573427599 0.037785916116 0.0336206022983 -0.0098225713425 0.0475500490955 0.0362959864214 -0.00822110286841 0.170517367431 0.00189205644341 
0.00894993079215 0.0164098426878 0.0153719579414 0.00361780661629 -0.00348985938042 0.0109197445889 0.0125060023506 0.00498902012853 0.00719339635908 0.0109152945196 0.0146392949992 -0.00506399390373 -0.00161494201199 0.0257916030025 0.0272622442117 0.004479164739 0.0181074804011 -0.00906714256435 0.0119225136574 0.0147346858239 0.00520805283268 0.239348931231 0.0216760989261 -0.00145372925693 0.0170189068891 0.0155236274505 -0.00760836480407 0.00720898405015 0.0136802341675 0.0192113836434 -0.00403847185548 0.00142124677623 0.0122299701795 0.0185088659056 0.0177834773493 0.00894753069044 0.0129922833102 0.0189833128543 0.0147599051927 0.0131520590233 
0.00897236084377 0.0300622195543 0.0179941024763 -0.00109606851755 -0.0144953403986 0.0169242185727 0.01338447218 0.00586482329262 0.016176044259 0.0125495011499 0.00489909414188 0.0190421531176 0.010589446308 0.0170066462477 0.00691665902997 0.0257516550672 0.0276568999726 0.0196197818358 0.0125585938633 0.021169772359 -0.00455806501361 0.0216760989261 0.27386945568 0.0317483003662 0.0122726978829 0.00632214221774 0.0136607324853 -0.00197057501333 0.0041644628541 0.0193367361538 0.0288079512879 -0.00368494483138 0.0136446002126 0.0217755149401 0.0126569531705 0.0136076968536 0.0146326740566 0.0367337917204 0.0375191491512 0.0115147202466 
0.0360024196278 0.0159603032876 0.0332136183161 0.0188134609533 0.00798385918089 0.053550011588 0.0166343258952 0.00237747317879 0.038193430987 0.035837109015 0.0125063382988 0.0658696482852 0.00477734995147 0.0265594402754 0.0103678775515 0.0326476862573 0.0228205131729 0.0394976796821 0.0226259952308 0.0250777015815 0.03105752443 -0.00145372925693 0.0317483003662 0.455164665842 0.0308740137474 -0.00288044933177 0.018736437272 0.0269649942888 -0.00823486086327 0.0759014159601 0.0308268443142 0.0265536021591 0.0294232280406 0.0073888772307 0.0224138576488 -0.000314933709428 0.0223287016156 0.0344857945622 0.0133816454457 0.0634787523509 
0.00251986550566 0.0237296520049 0.0122914054456 0.00707273559491 -0.00962814487552 0.0127196104075 0.0112463190708 0.00964021198141 0.0146681869399 0.00991668100235 0.0187971526109 0.0371924331147 -0.00535493821469 0.0109773046353 0.00939688754522 0.0130258048985 0.0232514189866 0.0314461462623 0.0172308842193 0.0548755556565 0.026562213929 0.0170189068891 0.0122726978829 0.0308740137474 0.290287476114 0.00652081422356 0.0203367772197 0.0150030552745 0.000411334209287 0.0386556179288 0.0253233045681 0.0100209562119 0.0160723366469 -0.00156480081216 0.0169495925956 0.011061072853 -0.000181994097022 0.0138905709568 0.000929149138257 0.0446157245372 
0.0139795119238 0.0343095691806 0.0043944957657 0.00315452835593 -0.00108997839187 0.00969897417649 0.0130273064438 0.0130688210906 0.00132454458699 0.00863768444336 0.0136193562845 -0.00264550892266 0.0153367200219 0.0130991129427 0.0493804506013 0.0272912900691 0.0108324809131 0.0104688303283 0.0209240480954 0.00729511400158 0.0191839532451 0.0155236274505 0.00632214221774 -0.00288044933177 0.00652081422356 0.14193379661 0.011063287984 0.00904316939209 0.0110934559189 0.00608796140075 0.00363810264872 0.00252896783693 0.0457775841372 0.0498449801566 0.0270043220078 0.0427994011975 -0.00530264634169 0.00436713309758 0.0146109078433 0.0226922940892 
0.0240290706531 0.0101100325439 0.038091593867 -0.00162010741135 -0.00336685317594 0.0188513028194 0.0131347873212 0.0104225230301 0.0155634608444 0.0197748263797 -0.0047355152796 0.0241309640096 0.00428389141572 0.0328410247136 0.0117563409622 0.0100877871731 0.0470744785227 0.043807403828 0.0106723212579 0.0286601857382 -0.00535544904233 -0.00760836480407 0.0136607324853 0.018736437272 0.0203367772197 0.011063287984 0.374393297064 0.0146841928593 0.00296968961732 0.0209119430944 0.00613742927701 0.0196747841989 0.0161609081381 0.00794500498517 0.0020603663163 0.00423597894026 0.0568337486533 0.035099814338 0.0136567310907 0.0313350895912 
0.00504472133632 0.011475936335 0.00812699557602 0.0966241681129 0.0242696898653 0.00392421932715 0.0177210314058 0.0285231646374 0.00205795688158 0.0201429613534 0.0233567848137 0.0187741671163 0.0417540498645 -0.00654705357128 0.0176473230992 0.0039813997747 0.0216595381297 0.0142449719119 0.0205449794512 0.0227936671151 0.017589570128 0.00720898405015 -0.00197057501333 0.0269649942888 0.0150030552745 0.00904316939209 0.0146841928593 0.44476654915 0.00529966899183 0.0198818814307 0.00557410027857 0.0091524735026 0.00754452620985 0.0159759640028 0.0177637950222 0.0173598679385 0.0175366757927 0.0123225660041 0.0302612900026 0.0258199571536 
0.00432586676961 0.00849094459083 0.00801888224248 0.0146134385075 0.00883551903601 0.00869731409818 0.0189832518215 0.00547017208949 -0.00304050236961 0.00140978805685 0.0201765112453 0.00852624379127 0.00764419501453 0.0257646979391 0.00979331914213 0.011584627049 0.0101315538029 0.00199504384506 0.0157581826963 -0.00013335805361 0.000709980287598 0.0136802341675 0.0041644628541 -0.00823486086327 0.000411334209287 0.0110934559189 0.00296968961732 0.00529966899183 0.19655286551 0.0057932358701 0.00392904667086 0.00592843981862 0.00992440871276 0.0176947914506 0.0120479669968 0.0113574215024 0.0061014258552 0.0335698313515 0.00917309983367 -0.00835487894232 
0.0235369963997 0.00880679077985 0.0415276661359 0.00768599927508 -0.00970078150379 0.0080458722768 0.00991576048196 0.0201954126118 0.0402220653803 0.0247409137943 0.0265039021362 0.0113291533844 0.0279048596035 -0.021459768104 0.0131803958346 0.0304224214489 0.0163072080539 0.032932888423 0.0140658761376 0.0764273930832 0.0379482010774 0.0192113836434 0.0193367361538 0.0759014159601 0.0386556179288 0.00608796140075 0.0209119430944 0.0198818814307 0.0057932358701 0.614765645569 0.0199788616363 0.0166742834461 0.0124648899939 0.00173927882263 0.0105872384808 0.00943918545774 0.0175815261131 0.0309194176754 0.0252483606586 0.0731076729459 
0.0129543471308 0.0135106400215 0.0217459708386 0.00870983545874 0.00991642590756 0.0238144864059 0.0123432162811 0.0131003092599 0.0281261936377 0.0166521304823 0.00195902746555 0.0277035950442 -0.00567325686041 0.0212721947562 0.015747928409 0.0195932036624 0.0205307571442 0.0221575567397 -0.00178694770851 0.0231503724917 0.00330495212833 -0.00403847185548 0.0288079512879 0.0308268443142 0.0253233045681 0.00363810264872 0.00613742927701 0.00557410027857 0.00392904667086 0.0199788616363 0.190184249019 0.0202362321139 0.00819130757386 0.0112612848533 0.0275823868338 0.00619034955496 0.0198501893835 0.016133306837 0.00966258400348 0.0219964919768 
0.00688156721351 -0.00237136723718 0.0231909042536 0.00680829612353 0.00374933733844 0.0164072925925 0.0188547167306 0.00721938230531 0.00831024861753 0.0143083512298 0.0154797941676 0.000887866744958 0.00943345179845 0.00869882311836 0.00130017126368 0.00766570716905 0.0169010443514 0.02204695793 0.00586135065563 0.0217849203925 0.00795573427599 0.00142124677623 -0.00368494483138 0.0265536021591 0.0100209562119 0.00252896783693 0.0196747841989 0.0091524735026 0.00592843981862 0.0166742834461 0.0202362321139 0.166320615339 0.00559374286002 0.00940712582937 0.00589533829264 0.00885643640948 0.0219490325043 0.0183030529421 -0.00713966908064 0.0355776212813 
0.0263233960308 0.0359271267712 0.00796780658319 0.0171203250723 0.00991587697912 0.00919501106791 0.00908544392393 0.0128119332352 0.00461881035489 0.0252437859107 0.0014086500317 -0.00730659863484 0.00599268083072 0.0100515737427 0.0288343110352 0.0247472088236 0.0166108805296 0.0190854770131 0.0208682188713 0.0315171487039 0.037785916116 0.0122299701795 0.0136446002126 0.0294232280406 0.0160723366469 0.0457775841372 0.0161609081381 0.00754452620985 0.00992440871276 0.0124648899939 0.00819130757386 0.00559374286002 0.203432674142 0.0485340218333 0.021568140764 0.0408469383065 0.0179813281968 -0.00332398129617 0.0438427639846 0.0148829312388 
0.0312165207829 0.0458768890557 0.0141984626748 -0.0122136158829 0.00352383710554 0.00532019697953 0.0168785611912 0.00582022459651 -0.00526309324119 0.0131558815847 0.0130775287801 0.0105214750149 0.00654846996345 0.00096016552034 0.0297617652831 0.0271784711443 0.0185297878773 0.0103258521148 0.0187653655589 0.0204326401653 0.0336206022983 0.0185088659056 0.0217755149401 0.0073888772307 -0.00156480081216 0.0498449801566 0.00794500498517 0.0159759640028 0.0176947914506 0.00173927882263 0.0112612848533 0.00940712582937 0.0485340218333 0.179878232194 0.014157753009 0.0427166723727 0.000426064516948 -0.00299142343275 0.0369196938926 0.0248792837929 
0.0200341462352 0.0332601390384 0.0161006474737 0.0152867607925 0.00675497708315 0.0106230528503 0.0135116293404 0.00770688304878 0.0155271596551 0.0155261653428 0.00647688581797 0.00407046866531 -0.00221948685334 0.0203347734225 0.0213515195826 0.0186825853641 0.015368740501 0.0137638818151 0.0171894725916 0.0165487834865 -0.0098225713425 0.0177834773493 0.0126569531705 0.0224138576488 0.0169495925956 0.0270043220078 0.0020603663163 0.0177637950222 0.0120479669968 0.0105872384808 0.0275823868338 0.00589533829264 0.021568140764 0.014157753009 0.212892124393 0.0214974836163 0.0169569001885 0.0150475483798 0.0067415008464 0.0211694074078 
0.0157403499844 0.0408199419007 0.0137706453544 0.0063165653251 0.00722375527408 0.0085275263911 0.00137841301475 0.0103958465765 -0.000923968167927 0.00747578020919 0.00375155823334 0.00676235657923 0.00331314481273 -0.00244842958654 0.037467423981 0.0229813768314 0.0111033617265 0.00580736770302 0.00608772430041 0.0283321536486 0.0475500490955 0.00894753069044 0.0136076968536 -0.000314933709428 0.011061072853 0.0427994011975 0.00423597894026 0.0173598679385 0.0113574215024 0.00943918545774 0.00619034955496 0.00885643640948 0.0408469383065 0.0427166723727 0.0214974836163 0.188492903879 0.0223168036423 0.0065633320364 0.0440475568757 0.0251821727948 
0.0235577797773 0.0246659800535 0.0296647254076 0.077294686062 -0.00551475099091 0.0173183132632 0.00753896363625 0.0185584965697 0.0301045680543 0.0322262847746 -0.0232497259971 0.0126602138219 -0.00630838650403 0.0322182417035 0.0181333093393 0.0179082032492 0.0162458427235 0.0466347618066 0.00900091207924 0.0113638452004 0.0362959864214 0.0129922833102 0.0146326740566 0.0223287016156 -0.000181994097022 -0.00530264634169 0.0568337486533 0.0175366757927 0.0061014258552 0.0175815261131 0.0198501893835 0.0219490325043 0.0179813281968 0.000426064516948 0.0169569001885 0.0223168036423 0.343674086262 0.0238289995354 0.0347629381793 0.013681830514 
0.00616452907501 0.0168679227537 0.0132345789799 0.00028374039498 -0.00458814512531 0.0189020601971 0.00727253493479 0.0165491016573 -0.000871897518773 0.0206692277198 0.0436364933743 0.00383668666391 0.0378837314706 -0.00355996898277 0.00319339406758 0.0358972373882 0.0493625556613 0.00923374465401 0.018674258233 0.0440706737759 -0.00822110286841 0.0189833128543 0.0367337917204 0.0344857945622 0.0138905709568 0.00436713309758 0.035099814338 0.0123225660041 0.0335698313515 0.0309194176754 0.016133306837 0.0183030529421 -0.00332398129617 -0.00299142343275 0.0150475483798 0.0065633320364 0.0238289995354 0.484296310716 0.0159401567388 0.0199539736328 
0.0366842092456 0.0514862805788 0.0279539056893 0.0483695323148 -0.00526347471667 -0.00181399762469 0.00285127445102 0.015278729261 0.0174016814668 0.00620215695133 0.0231466198793 -0.0319633234406 -0.00647515801978 0.00796702256858 0.0262016123687 0.0491765239867 0.0217749911082 0.037420815365 0.00710511320781 0.0341756102191 0.170517367431 0.0147599051927 0.0375191491512 0.0133816454457 0.000929149138257 0.0146109078433 0.0136567310907 0.0302612900026 0.00917309983367 0.0252483606586 0.00966258400348 -0.00713966908064 0.0438427639846 0.0369196938926 0.0067415008464 0.0440475568757 0.0347629381793 0.0159401567388 0.409735097262 0.01123509956 
0.0522731182589 0.0258602212446 0.0219947758674 0.00512621507213 -0.00268556785857 0.0376338155026 0.00939057863459 0.0148454931287 0.0349691934842 0.0143908625402 0.0192798558708 0.0319173950223 0.0376482022362 0.00564782851115 0.0151486750062 0.00737320825352 0.0235952401308 0.0389299139546 0.0288951340555 0.0303654603838 0.00189205644341 0.0131520590233 0.0115147202466 0.0634787523509 0.0446157245372 0.0226922940892 0.0313350895912 0.0258199571536 -0.00835487894232 0.0731076729459 0.0219964919768 0.0355776212813 0.0148829312388 0.0248792837929 0.0211694074078 0.0251821727948 0.013681830514 0.0199539736328 0.01123509956 0.525062717767 

['Q', 'GAS', 'ITW', 'SYK', 'MYL', 'WMT', 'KO', 'OMC', 'LIZ', 'FII', 'UVN', 'DG', 'THC', 'GM', 'DUK', 'LTR', 'COL', 'DE', 'NOC', 'HPQ', 'XTO', 'BAX', 'NYT', 'JWN', 'CCL', 'AEE', 'NSC', 'BMET', 'MKC', 'ADSK', 'ABK', 'IBM', 'SRE', 'NI', 'ASO', 'D', 'LPX', 'BMC', 'MRO', 'BBY']