60
0.0511846892664 0.043075945187 0.0791308905459 0.039970875035 0.042606905642 0.128222495688 0.0698927007 0.0884893451388 0.0192488530763 0.0522856391002 0.0572050688987 0.0260517267587 0.0470472683343 0.0340091550877 0.104903250727 0.0995242847704 0.0161403943775 0.0253746335001 0.0738036440579 0.0787213758152 0.0265727047954 0.0538205376978 0.265107550494 0.0271794955288 0.0325349378307 0.0597094198611 0.0533662879029 0.0604038345904 0.15397042743 0.0054327763703 0.0542920038725 0.0253425298527 0.0267965440056 0.026417897889 0.0936563270582 0.0270000307956 0.0394797478448 0.0631385093148 0.060830846045 0.0704019073317 0.0446705301477 0.0602494739115 0.0197813299257 0.0523918745475 0.0725669815102 0.045915457725 0.242072249725 0.0861911318708 0.0424048973372 0.0582377086348 0.0599327976672 0.0442230302855 0.0289058353667 0.0218855159469 0.0135350028622 0.0308768641188 0.0545718905582 0.044344522835 0.0700025840065 0.0909027791802 
0.330265824891 0.00646815795822 -4.18757099599e-05 0.0224851290314 0.0139708754728 0.0469332741897 0.0265900158545 0.00582433239192 0.0108048115516 0.0163745719887 0.0302559727781 0.00849740280869 0.0158278037163 -0.00583545649604 0.0531991344462 0.00460126596906 -0.0101171700335 0.0152289865263 0.0153877508812 0.0172517379343 -0.00279236375953 -0.0109736830215 0.00510886915288 0.00453235401948 0.0148729166876 0.0212209363454 -0.0214753660672 0.0149817041077 0.00302206845755 0.0151866651235 -0.000928000439362 0.00569887875566 -0.00390386320408 0.0190696897118 0.0171904692315 0.0140885996767 0.00762607297782 0.0177487021845 0.0096622888634 0.0154090856018 0.0259562813159 0.0134430602773 -0.0112706095481 -0.0121256210883 0.00926037218975 0.00147568559272 0.0347220770246 0.0428172072641 0.0131520963796 0.0154823938066 0.00962730489411 0.0116493987746 0.00845771566014 0.0173252735823 0.0134825968504 -0.0022487198449 -0.00576390725686 0.0342414631953 -0.0010208549576 -5.26662320931e-05 
0.00646815795822 0.205576220791 0.0159186348297 0.014382089553 0.0161941865465 0.0220352887709 0.0196618223173 0.0139632781102 0.0143672777332 0.00104671859483 0.0194718927567 0.0155721761872 0.0195179387745 0.0266553590307 0.0230008160855 0.0121060629588 0.00721479399412 0.00384591764076 0.00565432049584 0.0191998919597 0.0260699059199 0.0356316990311 0.00819670299848 0.0100910468469 0.0121834365251 0.00897455752918 0.0079182659586 0.00253171153223 0.0171738513337 0.00436295093812 0.0126725228452 0.0138991523245 0.0494505248275 0.0224342067292 0.00323371812472 0.0139891141683 0.0129901632225 0.0162035008141 0.0303034626536 0.0266480657929 0.0109000819103 0.0164392615299 0.0230791584236 -0.000200307451503 0.0356613038064 0.0117883067526 0.0261363910704 0.0215405848127 -0.000352655643752 0.00977776406901 0.00868192189538 0.0124641563456 0.0212259595945 0.00866757287291 0.016677126847 0.0226559994015 0.0158246968304 0.0178964735199 0.0128758828726 0.0037973416721 
-4.18757099597e-05 0.0159186348297 0.616564217422 0.0182803454008 -0.0101425900862 0.0164774508798 -0.000295158222902 0.040774608348 -0.0012190298498 0.015028251294 0.00112771657045 -0.00593991440423 0.000883319325991 0.00549647719288 0.012397073111 0.0251231371481 0.0341498500261 0.0220672384859 0.00421915956838 0.0149834526464 -0.000785888129773 0.0136912321884 0.00225837779588 -0.00138489701755 0.00921112794365 -0.00071559778702 0.00811376154687 0.0245938690176 0.00161380753177 0.00695281541635 0.0149165530366 0.00662820001976 0.00508498180562 -0.013547940271 -0.00368694519155 0.00737473891048 -0.000147864935358 0.000774245437769 0.00496743405384 0.0115722446474 0.0385205021256 0.00233757941306 0.0113570981316 -0.00161647514339 0.00694763659399 0.00899897789322 -0.00574265367038 0.0639989911207 0.011392916674 0.00176617023912 0.0107971247328 0.0218642263134 0.0033298013517 -0.00950852185417 0.00620197966779 0.000603266797504 0.00164467753386 -7.00131782535e-06 0.023741321614 0.0085285476366 
0.0224851290314 0.014382089553 0.0182803454008 0.184297399096 0.0336336369913 0.0162258258416 0.0093592366627 0.00364852025303 0.0090739066396 0.0258707461938 0.0296129701451 0.0232485410792 0.0209310070064 0.0095422267287 0.0338978064305 0.0219414050685 0.00513798509393 0.0112379675494 0.00530294673945 0.00428686308209 0.0281231438517 0.00957324285468 0.00494648794202 0.00747944584522 0.0134696150196 0.0156884439739 0.00427190650213 0.0428854525459 0.00656790417704 0.00490516687631 0.0111601961556 0.0187575198389 0.0102195252004 0.0227553255355 0.0250034663172 0.0256176837131 0.0215155088912 0.0230165021759 0.0171901185216 0.0231551686747 0.0240187052954 0.0244602294326 0.00950542400634 0.0243233835635 0.00571429992977 0.0149233732508 0.0370381013737 0.0153382570964 0.0058661247751 0.0193965938255 0.00900607574907 0.0285777405544 0.0110626032104 0.0060486043288 0.00996141395175 0.0216305759811 0.0127145227592 0.0342916167491 -0.00126488276658 -0.00095950585801 
0.0139708754728 0.0161941865465 -0.0101425900862 0.0336336369913 0.241307857776 0.0188379053879 0.0254576475422 0.000880847016377 0.0151076361524 0.0127013477935 0.037066063903 0.0138240566125 0.0269032516622 0.0111781374101 0.0324932699975 0.0326683746047 0.00355008728225 0.00620821788023 0.021355992695 0.0126863366745 0.0238182768792 0.0206292838786 0.0140609153915 0.0270286858309 0.0138394400975 0.00764893207093 0.00584464815343 0.0391271237906 -0.000454833082224 0.00801374651126 0.0149145782274 0.0100082248285 -0.000348595576791 0.0190519162429 0.00808791238694 0.0207870601087 0.0123575706396 0.0140875469093 0.0200952530067 0.0266005419223 0.0147787719777 0.0145982609243 0.0189773552386 0.0238573072035 0.0189579378112 0.00891803937855 0.0506791400301 0.0066457272933 0.00712274544566 0.00748760494819 0.00381506999123 0.0215695016687 0.0306409269256 0.00392106879169 0.0270501909559 0.00444149118833 0.0139620980875 0.0300176147798 0.012068568356 0.000962779851731 
0.0469332741897 0.0220352887709 0.0164774508799 0.0162258258416 0.0188379053879 0.515187702804 0.0144428111023 0.0427829715404 0.00630141723042 0.0130670960184 0.0328540618095 0.0218529772621 0.0266242309998 0.0241985158579 0.0508886195366 0.0296280434991 0.0120570827471 0.034593242999 0.0260522589335 0.0199719068066 0.0125121679959 0.023629499154 -0.0151086524008 0.0179935466784 0.0251651064642 -0.000248858253392 0.0305363726512 0.0269469913803 0.0515610490422 0.00547216870521 0.0232769459261 0.0155291047304 0.0157445758922 0.010248933657 0.0322719138984 0.025454092105 0.0323262155329 0.0402279051835 0.033045030785 0.0389239154819 0.0535153352097 0.0327176360105 0.0154833999138 0.0196060864101 0.0414629533675 0.0415497931945 0.0354210731883 0.112260263036 0.0302745470558 0.00641448225552 0.0304730107033 0.0286733800128 0.0190028813759 0.00544087108008 0.0144228850235 0.0367005132586 0.0217447565297 0.0369082442068 0.0148954825601 0.00658287702668 
0.0265900158545 0.0196618223172 -0.000295158222904 0.0093592366627 0.0254576475422 0.0144428111023 0.418982140049 0.0668920332446 0.0129457910792 0.0482660338421 0.0113339867261 0.0168935455296 0.0197891552463 0.0135666932032 0.0372555457447 0.0135023301873 0.000822121308223 0.0184604113757 0.0552203740979 0.0106650252146 0.0144672949158 0.0458874910564 0.0609237306773 0.0140179910436 0.00760168160764 0.0220585328046 -0.000491125354611 0.027437373604 0.0251686941591 0.0128270531778 -0.00444464751914 0.0102107724072 0.0124723957986 0.0082458784092 0.0348238044366 0.0106865889167 0.018679125549 0.0201609257019 0.0275772279105 0.0408744462907 0.0453372401499 0.025017112878 0.0132230705288 0.01452610764 0.0302115525063 0.0437585313925 0.0689257558706 0.00815565337312 -0.00526450405045 0.00518091843692 -0.00160989799597 0.0360764286542 0.040937392799 0.00427267786033 0.0226189606534 0.0754194660938 0.0102676945964 0.0210426249205 0.0258122173657 -0.0313676161844 
0.00582433239192 0.0139632781102 0.040774608348 0.00364852025303 0.000880847016378 0.0427829715404 0.0668920332446 0.472343248166 0.0119252656522 0.0127275837232 0.0139079407087 0.0074019388779 0.0133563159011 0.0103653839326 0.028278189662 0.0151511755475 0.0254463720336 0.044349302467 0.00395663742646 -0.00496747938802 0.0151426608662 0.0269340498507 0.0169044674031 0.00758860327299 0.0177505461655 0.0171766835561 0.00057613272135 0.0171131575081 0.00473302045329 0.00833382461076 0.00618857617715 0.0114603444402 0.00712362849809 0.0020022461221 0.0304578450765 0.00634765040852 0.0088184591527 0.0201747170054 0.0286066532212 0.00655119045247 0.0311077419558 -0.000169282279138 0.0116185537432 0.0144069750721 0.0206246225796 0.026175045722 0.0594526525982 0.0369175665405 0.0120395318776 0.0179020242486 0.00811126452085 0.0113145296744 0.025478384251 0.00503115688501 0.0206380870758 0.0298340754167 0.00352256440742 0.020845364733 0.031799277886 0.0479979764889 
0.0108048115516 0.0143672777332 -0.0012190298498 0.0090739066396 0.0151076361524 0.00630141723042 0.0129457910792 0.0119252656522 0.136099762747 -0.00395208833555 0.00469528593939 0.00790549562403 0.0202534424391 0.0166531245181 0.0104673195111 0.00439553268926 0.00824353269504 0.00740351380585 0.00681179226047 -0.00146345425818 0.00601013892234 0.0182105842268 -0.0114246962761 0.00640486556408 0.0194922506882 0.00235448483077 0.0103506353133 -0.00270710756178 0.00371443123013 0.0116267182679 0.0149637348682 0.00816629959795 0.0129453610234 0.00628729040264 0.000221812433702 0.00958576021133 0.0140652754133 -0.00421813271254 0.004915178129 0.0025581420543 0.00897171582243 0.00261835955498 0.0130416698941 0.00913646719797 0.016742555284 0.00526691839139 0.00992634586762 0.00501607530509 0.00821232526828 0.0179700664366 0.0114360562155 0.00671816132065 0.00998994391297 0.0280929196572 0.0106557228937 0.00638318032475 0.0170008896054 0.00579952895478 0.00690169086371 0.0101559567592 
0.0163745719887 0.00104671859483 0.015028251294 0.0258707461938 0.0127013477935 0.0130670960184 0.0482660338421 0.0127275837232 -0.00395208833555 0.27237661812 0.0340989800344 0.0170865928627 0.0173277516037 0.00949866332251 0.0392391758939 0.0256010477292 -0.00156452389929 0.00493894553167 0.0299174898594 0.0559605855073 0.0121476869774 0.0367207874116 0.00860794798323 -0.0017210067606 -0.00226948787646 0.00965170868794 0.00676599217628 0.036227722393 0.00937833815599 0.0173250906959 0.0226682858858 0.0103129095876 0.0182886247246 0.035228954324 -0.00705193453672 0.010534770645 0.0240717254732 0.0427277261047 0.0209928381782 0.0387319816117 0.0290984361072 0.0187890133003 0.0162257740522 -0.00459708678757 0.023940998191 0.00148750056001 0.0889888666689 -0.00662153232049 0.00307450774935 0.019311257961 0.00472772264798 0.0224099167525 0.00913164469873 0.00394535721836 0.00771148600952 0.0250332943546 0.013691723725 0.0250852240154 0.014737858992 0.00154385168109 
0.0302559727781 0.0194718927567 0.00112771657045 0.0296129701451 0.037066063903 0.0328540618095 0.0113339867261 0.0139079407087 0.00469528593939 0.0340989800344 0.245411257304 0.0119939632893 0.0226076234856 -0.00159491489308 0.0422419244592 0.0125210501501 0.00967428963869 0.0159161674159 0.00951229612639 0.0236980820024 0.0186122311268 0.00578713416692 -0.00922219351881 0.0139670083789 0.0400461841432 0.00118547406681 0.00901581826844 0.0457414008586 0.0304605547092 0.0216318887746 0.00260712991664 0.0130112667335 0.0114649801529 0.0109757251855 0.0185883548894 0.0289223603624 0.0326933638246 0.0306000308191 0.00854739005993 0.0246096380392 0.0197997331539 0.0134211155529 0.0116107762572 0.0190702024945 0.027762684649 0.00518270098208 0.0312466402501 0.0134824390315 -0.000569134128497 0.00915753899539 0.00451215963331 0.00988479999395 0.0129172116875 0.00927830492154 0.00997421267183 0.0223528070866 0.00451249351429 0.0324264504778 -0.000810733297137 0.0183792324119 
0.0084974028087 0.0155721761872 -0.00593991440423 0.0232485410792 0.0138240566125 0.0218529772621 0.0168935455296 0.0074019388779 0.00790549562403 0.0170865928627 0.0119939632893 0.179007311303 0.01423733436 0.0175782053594 0.0414253304724 0.0125258546585 -0.0048352956962 0.0158369707491 0.0354292398012 0.00789760005631 0.013973029015 -0.00274072569025 -0.0058493669827 -0.00182716245108 0.00803665477382 0.00766700137546 0.00577044188138 0.0338733773983 0.0152765416543 0.0171097030282 0.00885209166447 0.005589597805 0.00512931465426 0.0212326477879 0.0139545869076 0.0210869604229 0.0140118837645 0.0357850075327 0.0162666447849 0.032054108661 0.0127992359344 0.0210834017769 0.00512539761758 0.010392004674 0.0221945975253 0.0145009408108 0.0386242672578 0.0169311512069 0.010438200731 0.00659340181924 0.00440820073708 0.0231765375377 0.0132231280015 0.0158161129275 0.00846211404464 0.0183814125183 0.0117734912594 0.0153182610669 0.00138400168487 0.012519918208 
0.0158278037163 0.0195179387745 0.000883319325992 0.0209310070064 0.0269032516622 0.0266242309998 0.0197891552463 0.0133563159011 0.0202534424391 0.0173277516037 0.0226076234856 0.01423733436 0.202826428415 0.0170648172408 0.0203687779987 0.010135913366 0.0095494694101 0.0146428704732 0.0135161414014 0.0128062586512 0.00635466592829 0.0370339547657 -0.0117330298594 0.00831153423822 0.0141038071096 0.0207142255687 0.021647904076 0.00557424490792 0.0122955567771 0.0113589823233 0.0163824566953 0.0171526661947 0.0179004507159 0.0110358961209 0.00409436560934 0.0196856596016 0.0237780926187 0.013405298416 0.0123751956321 0.0193852718317 0.0132389190339 0.0241065330864 0.0216496727387 0.0329800367673 0.0217802723269 0.0172297595904 0.0185608953262 0.00762550013453 0.0117177114275 0.0102420063688 -0.00582714628448 0.0125769008383 0.00441671560411 0.0194401129855 0.0115859740687 0.000665753938994 0.021561480758 0.0234956496771 0.00781990199729 0.00911119276789 
-0.00583545649604 0.0266553590307 0.00549647719288 0.0095422267287 0.0111781374101 0.0241985158579 0.0135666932032 0.0103653839326 0.0166531245181 0.00949866332251 -0.00159491489308 0.0175782053594 0.0170648172408 0.198508765949 0.0119134569173 -0.0103533305034 0.00567959169562 0.00464515743793 0.0156320703413 -0.000281777719967 0.00675456935299 0.0456525738929 -0.00569946962331 0.0142852881533 0.0226701507313 0.0557742878412 0.0112636016365 0.0138384257012 -0.00665970463993 0.00414032335453 0.0211220899274 0.00292766721747 0.0380497715807 0.0111115909453 0.00365381211304 0.00534447066506 0.0182806871108 0.00349928407192 0.0220328753572 0.019943381406 0.0100583414255 0.0103779890213 0.0236108966404 0.0173034638055 0.0213555019299 0.0070045615872 0.0314854653491 0.0135487193775 0.00615235738586 0.00245329809771 0.00592270651432 0.00768464179073 0.0110038200732 0.000922976632454 0.0171969379871 0.00682709316464 0.0244557585982 0.0179471058335 0.0162907379285 0.0190394422498 
0.0531991344462 0.0230008160855 0.012397073111 0.0338978064305 0.0324932699975 0.0508886195366 0.0372555457447 0.028278189662 0.0104673195111 0.0392391758939 0.0422419244592 0.0414253304724 0.0203687779987 0.0119134569173 0.454713011865 0.00781787178763 0.0350469102751 -0.0152562238382 0.0158205582034 0.0282575334258 0.032653167414 0.0162953760738 0.0114849922133 0.0216392506298 0.0132801804925 0.00479027779533 -0.00166878314793 0.0463585169057 0.0446020786575 0.0260839824559 0.0112364206083 0.0119301581905 0.027796952899 0.0361460648924 0.0468005624308 0.0308358881961 0.0170193173446 0.0298263946486 0.0238304789642 0.0313511248111 0.00957849310297 0.0303885793161 0.0187627196396 0.00895472424711 0.0451298407214 0.0181725752045 0.0619324563574 0.0121035525549 0.0217682830242 0.0324418998268 0.0355163884219 0.0370664286398 0.0215515594002 0.00143622573856 0.0206455124338 0.00499563465543 -0.00285024271155 0.0443270563449 0.0200359196 0.0217373035041 
0.00460126596906 0.0121060629588 0.0251231371481 0.0219414050685 0.0326683746047 0.0296280434991 0.0135023301873 0.0151511755475 0.00439553268926 0.0256010477292 0.0125210501501 0.0125258546585 0.010135913366 -0.0103533305034 0.00781787178763 0.421335346201 -0.00215483793703 0.0182006785385 0.0150798505143 0.101978914204 0.0135829716478 0.0226318679059 0.00281444035203 0.00274044193884 -0.00386328916234 0.0101983815722 0.00415633220947 0.0241675866517 0.130094571147 0.000517156238704 0.0449988335944 0.00172253276346 -0.00185439731962 0.024090616743 0.0106890681752 0.0157636926003 0.0115283339998 0.00995668086635 0.0111332301051 0.0283423783633 -0.00199243166232 0.0142623631167 -0.00791945649099 0.00601300330596 0.0297565339893 -0.00464502949266 0.0435929079493 0.017707754365 -0.00546891447546 -0.00090614303042 0.00264708833917 0.0262590358847 0.00792923336879 0.00863888469491 0.0193587084754 0.00774926851845 0.0381668342452 0.0245654930636 0.00777679939932 0.0348635560246 
-0.0101171700335 0.00721479399412 0.0341498500261 0.00513798509393 0.00355008728225 0.0120570827471 0.000822121308224 0.0254463720336 0.00824353269504 -0.00156452389929 0.00967428963869 -0.0048352956962 0.0095494694101 0.00567959169562 0.0350469102751 -0.00215483793703 0.167261486362 0.00192480656082 0.00689214795667 0.00256004622295 0.017132440289 0.00645384874497 -0.0040743293241 0.0147324316216 0.00025310712963 0.0114063489204 -0.00203181588598 0.00150290443075 -0.00889630206713 0.00759769561157 0.0096737085462 0.0207282439438 0.00956376810722 0.00281058878628 0.0115029971188 0.020071157054 0.0154389742071 0.00694540097512 0.00984268606962 -0.00459503076406 0.0121036707937 0.00542344527964 0.0202193851492 0.00861952204781 0.00199598753899 -0.00269590197959 0.00191654546252 0.0154465099552 0.012864405472 0.0115746523547 -0.000134692374339 -0.000235779361022 0.00617061547203 0.00462452818117 0.00748848933695 0.00506542215317 0.00842046405714 0.00318565199938 0.0143544491216 0.0131897470514 
0.0152289865263 0.00384591764076 0.0220672384859 0.0112379675494 0.00620821788023 0.034593242999 0.0184604113757 0.044349302467 0.00740351380585 0.00493894553167 0.0159161674159 0.0158369707491 0.0146428704732 0.00464515743793 -0.0152562238382 0.0182006785385 0.00192480656082 0.278773139914 0.0294873089964 0.00645623038443 -0.000566561485571 0.0083775701849 0.00307352340364 0.00276576790663 0.0175559492814 0.0158821829796 0.00346115167484 0.0137649773617 0.0133365643135 0.00339161523901 0.0212397426474 0.0103433928546 0.0174230070929 0.00922267804214 0.0245180249738 0.0192423812537 0.0177415197286 0.0255100497884 0.0392036728198 0.0154098905514 0.0247924146669 0.0330665819261 0.0102584171874 0.00341764158634 0.0273486337404 0.0146613761012 0.0126700555809 0.0102477498724 0.0127228546925 0.00646714831411 0.0213378442651 0.0234505810043 0.0182576835018 0.00216596589835 0.00899606013959 0.0224223493375 0.00445516663039 0.0286755903799 0.00814590087629 0.00537458066463 
0.0153877508812 0.00565432049584 0.00421915956838 0.00530294673945 0.021355992695 0.0260522589335 0.0552203740979 0.00395663742646 0.00681179226047 0.0299174898594 0.0095122961264 0.0354292398012 0.0135161414014 0.0156320703413 0.0158205582034 0.0150798505143 0.00689214795667 0.0294873089964 0.349571483044 0.0266648023071 0.00527474919595 0.00507262975638 -0.00221158831022 0.014094127348 0.0147229608673 0.0271424687825 0.0274758024432 0.011700054941 0.0168448788861 0.00354060955601 0.0134774947271 0.0107652716753 0.00848505488129 0.0217347999894 -0.00123605620528 0.0245190331295 0.0211305628185 0.0329545768238 0.020248646438 0.0278055246255 0.0216943272381 0.0171992119424 0.00882907503216 0.0133809648227 0.0299924529146 0.00650735439975 0.0535805996998 0.0253057908494 0.0117273911125 0.0126565132971 0.00138262981499 0.0238498884433 0.0212819182912 0.0145471040446 0.00299354355954 0.0134807710803 0.0102435762813 0.0233961475682 0.00473980256578 -0.0034935405965 
0.0172517379343 0.0191998919597 0.0149834526464 0.00428686308209 0.0126863366745 0.0199719068066 0.0106650252146 -0.00496747938801 -0.00146345425817 0.0559605855073 0.0236980820024 0.00789760005631 0.0128062586512 -0.000281777719967 0.0282575334258 0.101978914204 0.00256004622295 0.00645623038443 0.0266648023071 0.347019289917 0.0102644914697 0.00186619018406 -0.0127315356037 0.00828041432939 -0.00527242204046 -0.0031520033458 -0.00332283106193 0.0259985704003 0.13929617696 0.00100854399223 0.0104577759338 -0.00695315445541 0.00208717156147 0.0251585556241 -0.00891033450441 0.0191234886389 0.00864243855341 0.0145087642662 0.00438724091503 0.0266163896913 -0.00294832900534 -0.0127768651821 0.0037158765989 0.0115257074572 0.0316702030766 0.00879436546142 0.0777133351288 0.0156049099821 0.00510086756268 0.0191211217873 0.0158745295469 0.0120695397353 0.0113329360725 0.00165405062352 0.0128895570172 -0.00303416359119 0.0304455359606 0.0178586408231 0.0354356563769 0.0107551459313 
-0.00279236375953 0.0260699059199 -0.000785888129773 0.0281231438517 0.0238182768792 0.0125121679959 0.0144672949158 0.0151426608662 0.00601013892234 0.0121476869774 0.0186122311268 0.013973029015 0.00635466592829 0.00675456935299 0.032653167414 0.0135829716478 0.017132440289 -0.000566561485571 0.00527474919595 0.0102644914697 0.197998883455 0.008353679567 0.0119829957521 0.022648558263 0.00506196824194 0.0136706716068 -0.00407316676446 0.0155704977865 -0.00325706360036 0.0203043409109 -0.0025928579124 0.0031528861148 0.0188855242122 0.0191800585248 0.0183403864308 0.0104065379199 0.00971850202137 0.0120594880792 0.0153749759228 0.0286507714195 0.00758640499993 0.0209112280497 0.0317283138195 0.00586117390587 0.00667144881212 0.011856754507 0.00228857632953 0.0127288650982 -0.00545725140422 0.00285980547377 0.0137059984973 0.0170373104359 0.0546999217347 0.00476060301893 0.0123895316883 0.0109638087381 0.0164761121709 0.0120150682364 0.0128569999883 0.022137643083 
-0.0109736830215 0.0356316990311 0.0136912321884 0.00957324285468 0.0206292838786 0.023629499154 0.0458874910564 0.0269340498507 0.0182105842268 0.0367207874116 0.00578713416693 -0.00274072569025 0.0370339547657 0.0456525738929 0.0162953760738 0.0226318679059 0.00645384874498 0.0083775701849 0.00507262975638 0.00186619018406 0.008353679567 0.286831691009 0.00881214876916 0.0029003585686 0.0222999741006 0.00489898624453 0.0174850017514 -0.00562472844368 0.00745364698238 0.0175715171403 0.00183711399606 0.0148640754557 0.0378451503932 0.0115059545459 0.0357093620572 0.0180459255642 0.0228291294475 0.0131274558037 0.030968246277 0.0197078938707 0.0158325444965 0.00996767855484 0.0324431422516 0.0193752545447 0.0327893774714 0.0206600229404 0.0187219434239 0.00607805651293 0.0181411549209 -0.00328222337493 0.0149694944225 0.0320445812658 0.0272534967329 0.0173200788938 0.0189131550402 0.0292388609835 0.0128794486745 0.0222931351289 0.00867761474863 0.0271181392642 
0.00510886915288 0.00819670299848 0.00225837779588 0.00494648794202 0.0140609153915 -0.0151086524008 0.0609237306773 0.0169044674031 -0.0114246962761 0.00860794798323 -0.00922219351881 -0.0058493669827 -0.0117330298594 -0.00569946962331 0.0114849922133 0.00281444035203 -0.0040743293241 0.00307352340364 -0.00221158831022 -0.0127315356037 0.0119829957521 0.00881214876916 2.97343191912 -0.00204753064032 -0.00490463971785 -0.00820862804528 -0.00370904821344 -0.0111058886428 0.0066048221757 -0.014646259495 0.000224495348275 -0.00829471254867 -0.00141425435796 0.0196008937012 0.00681746796073 -0.00128354555071 -0.00421308330317 -0.0263208124602 -0.00129407186268 0.00968313364047 0.0203092181325 -0.0029029697478 0.00354893990133 -0.00952497398761 -0.00272585564746 0.0131454782707 0.0436158431794 0.0145655776065 0.0142658975485 -0.0156589566666 -0.0188529499465 -0.00516175896828 0.0135040503406 -0.0124452736516 0.00617889706573 0.0134318085572 0.039693456964 0.0035778788869 -0.00498786743637 0.30527880135 
0.00453235401948 0.0100910468469 -0.00138489701755 0.00747944584522 0.0270286858309 0.0179935466784 0.0140179910436 0.00758860327299 0.00640486556408 -0.0017210067606 0.0139670083789 -0.00182716245108 0.00831153423822 0.0142852881533 0.0216392506298 0.00274044193884 0.0147324316216 0.00276576790663 0.014094127348 0.00828041432939 0.022648558263 0.0029003585686 -0.00204753064032 0.218867125705 0.00208082029869 0.00896719633402 0.023415328964 -0.006092571179 -0.00219680534062 0.0103439359074 -0.00277312741105 0.0284939210377 0.0116798026986 0.00890502573559 0.00863561060778 0.0195369784593 0.0139559894186 0.0101690261955 0.0270921138008 0.025961924868 0.00159487299647 0.0103083166067 0.0162856100255 0.00828261157919 0.0209048067657 0.0073798437134 0.000314435372678 0.00815987448358 0.0557699927837 0.0248823932788 0.00569951285794 0.0137957032377 0.0187517103665 0.00232217467161 0.0105750270115 0.0122113899095 0.00392277949658 0.0162963740122 0.0467987048833 0.0174203072847 
0.0148729166876 0.0121834365251 0.00921112794365 0.0134696150196 0.0138394400975 0.0251651064642 0.00760168160764 0.0177505461655 0.0194922506882 -0.00226948787646 0.0400461841432 0.00803665477382 0.0141038071096 0.0226701507313 0.0132801804925 -0.00386328916234 0.000253107129629 0.0175559492814 0.0147229608673 -0.00527242204046 0.00506196824194 0.0222999741006 -0.00490463971785 0.00208082029869 0.288760988065 0.034917254141 0.00800493812299 0.00463145278167 -0.00619493536274 -0.00214828477171 -0.000699223473454 0.00104383216787 0.0113156592701 -0.00500153822539 0.0072133261273 0.0146313211774 0.0122049746244 -0.00720606605843 0.0252565409255 0.00962706882309 0.00999059620955 0.0147920613795 0.0174615210155 0.0286894170237 0.0205140266518 0.00464762071282 0.0134724809236 0.0261294015492 0.00779611958347 0.00859254319588 0.0109327578976 0.00637880899572 0.0187814303358 -0.00336894465228 0.0173029359796 0.0124138296806 0.0174564279744 0.0110771659669 0.00210692229517 0.000309210910676 
0.0212209363454 0.00897455752919 -0.00071559778702 0.0156884439739 0.00764893207093 -0.000248858253391 0.0220585328046 0.0171766835561 0.00235448483077 0.00965170868794 0.00118547406681 0.00766700137546 0.0207142255687 0.0557742878412 0.00479027779533 0.0101983815722 0.0114063489204 0.0158821829796 0.0271424687825 -0.0031520033458 0.0136706716068 0.00489898624453 -0.00820862804528 0.00896719633402 0.034917254141 0.398334667127 0.00226833626714 0.0102204210172 0.0237019915969 0.00818891836277 0.0143322396047 -0.00038454774331 0.0147157817823 0.0143837749534 0.026805180205 0.0200215928967 0.0369420961463 0.0146403622099 0.00867528329509 0.0141903061452 0.00235080092282 0.00588825332291 0.0127488794218 0.00563215027654 0.0241406030202 0.022732636318 0.00800063910484 0.00474614484649 0.0148814584172 0.0118288442777 -0.000932242424288 0.0151674568566 0.00794907897042 -0.00536680738444 0.00455634368538 -0.000173487854444 0.0124176417923 0.0173568015798 0.0132825772338 0.0110215731263 
-0.0214753660672 0.0079182659586 0.00811376154687 0.00427190650213 0.00584464815343 0.0305363726512 -0.000491125354612 0.000576132721351 0.0103506353133 0.00676599217627 0.00901581826844 0.00577044188138 0.021647904076 0.0112636016365 -0.00166878314793 0.00415633220947 -0.00203181588598 0.00346115167484 0.0274758024432 -0.00332283106193 -0.00407316676446 0.0174850017514 -0.00370904821344 0.023415328964 0.00800493812299 0.00226833626714 0.42187308747 0.0213505498978 0.00892544638808 0.01088046914 0.010475226096 0.00771608001537 0.018892911828 0.00528497940529 0.0562443969149 0.0126276670749 -0.00223547625103 0.0126848365657 0.0305778484186 0.0296559336117 0.0293713729174 0.0256178012474 -0.00285468184671 -0.00673966809267 0.0202717809132 -0.0074279618401 0.00266984999487 0.0271950028622 -0.00806432946209 0.00732954964662 0.0107526572183 0.0115120892178 -0.000958112238051 0.0150356906288 0.00251819678536 -0.0020376780535 0.0401424869514 -0.0022068998805 0.0131565438022 0.0124064540573 
0.0149817041077 0.00253171153223 0.0245938690176 0.0428854525459 0.0391271237906 0.0269469913803 0.027437373604 0.0171131575081 -0.00270710756178 0.036227722393 0.0457414008586 0.0338733773983 0.00557424490792 0.0138384257012 0.0463585169057 0.0241675866517 0.00150290443075 0.0137649773617 0.011700054941 0.0259985704003 0.0155704977865 -0.00562472844368 -0.0111058886428 -0.006092571179 0.00463145278167 0.0102204210172 0.0213505498978 0.264664194178 0.0379584295972 0.0239100329984 0.0150443987345 0.0160751967204 0.00774635228238 0.0414033823281 -0.000647619274778 0.0218383031057 0.0149681770782 0.0171010663883 0.0228061919965 0.0306126733169 0.0586748680294 0.00610253631725 -0.00249710803866 -0.00131512520057 0.0249965745278 0.0182793430967 0.0522010546245 0.026402310845 0.00386519232771 0.0242442044799 0.00856583264098 0.0307871605514 0.0131863045131 0.000634948760827 0.00764718478982 0.0150698472163 0.00870910427329 0.0343009803013 0.00448672563549 -0.00249408763021 
0.00302206845755 0.0171738513337 0.00161380753177 0.00656790417704 -0.000454833082224 0.0515610490422 0.0251686941591 0.00473302045329 0.00371443123013 0.00937833815599 0.0304605547092 0.0152765416543 0.0122955567771 -0.00665970463993 0.0446020786575 0.130094571147 -0.00889630206713 0.0133365643135 0.0168448788861 0.13929617696 -0.00325706360036 0.00745364698238 0.0066048221757 -0.00219680534062 -0.00619493536274 0.0237019915969 0.00892544638808 0.0379584295972 0.588040255231 -0.0034872099636 0.0118573424018 0.00898036826713 0.0035084459686 0.0322101786543 0.0267709242597 0.0185150462707 0.0310800775347 0.0105514960394 -0.00366642947788 0.0278177953448 0.012284783136 0.00804810730525 -0.00840579604618 0.00166875331682 0.0202190740221 0.0108134539015 0.0911113502024 0.0439851930954 0.0158738153667 -0.00312813299868 0.0241581459338 0.0453988994699 -0.0157268185511 0.00670377092038 0.00670707495438 -0.00381151229435 0.0306322821963 0.0405567183942 0.014664185053 0.0216302635126 
0.0151866651235 0.00436295093812 0.00695281541635 0.00490516687631 0.00801374651126 0.00547216870521 0.0128270531778 0.00833382461076 0.0116267182679 0.0173250906959 0.0216318887746 0.0171097030282 0.0113589823233 0.00414032335453 0.0260839824559 0.000517156238704 0.00759769561157 0.00339161523901 0.00354060955601 0.00100854399223 0.0203043409109 0.0175715171403 -0.014646259495 0.0103439359074 -0.00214828477171 0.00818891836277 0.01088046914 0.0239100329984 -0.0034872099636 0.185771766923 0.0155168044891 0.0120220315956 0.00951966880372 0.0170700313675 0.0143755004579 0.0140772690835 0.0113300858211 0.000705475165502 0.0087410909466 0.0157924802587 0.0254150556308 0.0100457847587 0.00792425367955 0.0169145768146 0.00995211655252 0.00944434995401 0.0183442764124 -0.00261993564943 -0.00251064030273 0.00874916924689 0.00402881042861 0.00824919044259 0.020001585453 0.010583204098 0.00853925001703 0.00853527582966 0.0104599657237 0.0112670348159 0.00925217198671 0.0149065737149 
-0.000928000439361 0.0126725228452 0.0149165530366 0.0111601961556 0.0149145782274 0.0232769459261 -0.00444464751914 0.00618857617715 0.0149637348682 0.0226682858858 0.00260712991664 0.00885209166447 0.0163824566953 0.0211220899274 0.0112364206083 0.0449988335944 0.0096737085462 0.0212397426474 0.0134774947271 0.0104577759338 -0.00259285791241 0.00183711399606 0.000224495348275 -0.00277312741105 -0.000699223473453 0.0143322396047 0.010475226096 0.0150443987345 0.0118573424018 0.0155168044891 0.278072074424 0.0173630747164 0.00651112118474 0.00450005292729 0.0277864409333 0.0214340097945 0.00691088764426 0.0123280423698 0.0153863703092 0.0230934927174 0.0238208746873 0.0103649409224 0.00579942727058 0.00798033847064 0.0320486677904 0.00869284193024 0.0275267034577 0.0391895540207 0.00632535448057 0.00752057209348 0.00226270962763 0.0257137785081 0.0138773702343 0.0215585274968 0.0101199369773 0.0123025813731 0.0164709840669 0.0138141135939 -0.00239033078286 0.00533452871621 
0.00569887875566 0.0138991523245 0.00662820001976 0.0187575198389 0.0100082248285 0.0155291047304 0.0102107724072 0.0114603444402 0.00816629959795 0.0103129095876 0.0130112667335 0.005589597805 0.0171526661947 0.00292766721746 0.0119301581905 0.00172253276346 0.0207282439438 0.0103433928546 0.0107652716753 -0.00695315445541 0.0031528861148 0.0148640754557 -0.00829471254867 0.0284939210377 0.00104383216787 -0.000384547743311 0.00771608001537 0.0160751967204 0.00898036826713 0.0120220315956 0.0173630747164 0.18819898284 0.0188100047412 0.00984438900085 -0.00139378942364 0.00657872531608 0.0141867619208 0.00660856792801 0.00851977990319 0.0149756371458 0.027990498827 0.0306467411725 0.00390331986188 -0.0022423987052 0.0299258615439 -0.00244709722464 0.0201938812683 0.0176906887994 0.0151797579133 0.0189524601755 0.0193903996893 0.0169785006062 0.00877094999718 0.0156815844476 0.0118864885893 0.0053478857309 0.00431272290008 0.027588252577 0.0274670509723 -0.00261005836515 
-0.00390386320409 0.0494505248275 0.00508498180562 0.0102195252004 -0.000348595576791 0.0157445758922 0.0124723957986 0.00712362849809 0.0129453610234 0.0182886247246 0.0114649801529 0.00512931465426 0.0179004507159 0.0380497715807 0.027796952899 -0.00185439731962 0.00956376810722 0.0174230070929 0.00848505488129 0.00208717156147 0.0188855242122 0.0378451503931 -0.00141425435796 0.0116798026986 0.0113156592701 0.0147157817823 0.018892911828 0.00774635228238 0.0035084459686 0.00951966880372 0.00651112118474 0.0188100047412 0.162973639744 0.00771593935361 0.0115993166069 0.00983800356826 0.0317814266191 0.00315568791864 0.0253238249078 0.0164847302362 0.00923492894213 0.00339174345842 0.0359664475784 0.0157854558074 0.0321268594972 0.0203886729709 0.021925523709 0.0119405411655 -0.000659565913883 0.0107464044628 0.00986346690139 0.0149044187665 0.0146079218233 -0.00132288455584 0.0150608543025 0.0125986704748 0.0161592398394 0.0213621185685 0.00664161920217 0.0125532893416 
0.0190696897118 0.0224342067292 -0.013547940271 0.0227553255355 0.0190519162429 0.010248933657 0.0082458784092 0.0020022461221 0.00628729040264 0.035228954324 0.0109757251855 0.0212326477879 0.0110358961209 0.0111115909453 0.0361460648924 0.024090616743 0.00281058878628 0.00922267804214 0.0217347999894 0.0251585556241 0.0191800585248 0.0115059545459 0.0196008937012 0.00890502573559 -0.00500153822539 0.0143837749534 0.00528497940529 0.0414033823281 0.0322101786543 0.0170700313675 0.00450005292729 0.00984438900085 0.00771593935362 0.265030186339 -0.00151442529261 0.0101966258404 0.00859972218628 0.0237624696384 0.0283002527973 0.0312017240647 0.0151151849271 0.0185252962692 0.00824417922472 0.0131360327911 0.0249109921904 0.00491236757223 0.0634724841912 0.0152012201844 0.00302197664813 0.00614524553333 0.00809443410245 0.0246836782084 0.0159287391213 0.00229311233296 0.0137113815581 0.0177665895688 0.00275281551217 0.0135631462028 0.00117386075252 0.00161013405945 
0.0171904692315 0.00323371812473 -0.00368694519155 0.0250034663172 0.00808791238694 0.0322719138984 0.0348238044366 0.0304578450765 0.000221812433702 -0.00705193453672 0.0185883548894 0.0139545869076 0.00409436560934 0.00365381211304 0.0468005624308 0.0106890681752 0.0115029971188 0.0245180249738 -0.00123605620528 -0.00891033450441 0.0183403864308 0.0357093620572 0.00681746796073 0.00863561060778 0.0072133261273 0.026805180205 0.0562443969149 -0.000647619274778 0.0267709242597 0.0143755004579 0.0277864409333 -0.00139378942364 0.0115993166069 -0.00151442529261 0.431693860919 0.00519290590605 0.0205629375702 0.0268599159432 -0.00607889506773 0.0299130166168 0.025464872048 0.0278849884728 0.0192162456112 0.000969742136179 0.0325312248946 0.0231569200948 0.0138271488053 0.0320315365837 -0.029778761621 0.000479114202796 0.00778951854238 0.0249317718023 0.025187486989 -0.00691798997741 0.00707150169804 0.00827240233562 0.0119821148164 0.0226923409 -0.000992259419918 0.00805021837189 
0.0140885996767 0.0139891141683 0.00737473891048 0.0256176837131 0.0207870601087 0.025454092105 0.0106865889167 0.00634765040852 0.00958576021133 0.010534770645 0.0289223603624 0.0210869604229 0.0196856596016 0.00534447066506 0.0308358881961 0.0157636926003 0.020071157054 0.0192423812537 0.0245190331295 0.0191234886389 0.0104065379199 0.0180459255642 -0.00128354555071 0.0195369784593 0.0146313211774 0.0200215928967 0.0126276670749 0.0218383031057 0.0185150462707 0.0140772690835 0.0214340097945 0.00657872531608 0.00983800356826 0.0101966258404 0.00519290590605 0.208611954408 0.0124577384928 0.0316897673746 0.0358153270989 0.0163698628637 0.0179395047196 0.0187734357652 0.0113878244449 -0.000923086966812 0.0265250281788 0.00806446162928 0.0439130629584 0.0198663904799 0.0210477311 0.0178427591657 0.00853645551311 0.0332695191009 0.0156451772476 0.00754895214962 0.0179717519301 0.0189002839105 -0.00136308315876 0.0366020240783 0.00816268361633 -0.001457484978 
0.00762607297782 0.0129901632225 -0.000147864935358 0.0215155088912 0.0123575706396 0.0323262155329 0.0186791255491 0.0088184591527 0.0140652754133 0.0240717254732 0.0326933638246 0.0140118837645 0.0237780926187 0.0182806871108 0.0170193173446 0.0115283339998 0.0154389742071 0.0177415197286 0.0211305628185 0.00864243855341 0.00971850202136 0.0228291294475 -0.00421308330317 0.0139559894186 0.0122049746244 0.0369420961463 -0.00223547625103 0.0149681770782 0.0310800775347 0.0113300858211 0.00691088764426 0.0141867619208 0.0317814266191 0.00859972218628 0.0205629375702 0.0124577384928 0.322559382186 0.0267957550239 0.00914989454014 0.027570023262 0.00915267435864 0.00921076398953 0.00632028598686 0.0322319276948 0.0276998715723 0.00364581155662 0.0573724475194 -0.00842147086172 0.00946778508258 0.0202980877371 0.00907669486472 0.0131216242894 0.0137006779075 0.00516197908463 0.0057762727583 0.01289761521 0.0073455695023 0.030644027649 0.00121659744164 0.0145754869261 
0.0177487021845 0.0162035008141 0.000774245437769 0.0230165021759 0.0140875469093 0.0402279051835 0.0201609257019 0.0201747170054 -0.00421813271254 0.0427277261047 0.0306000308191 0.0357850075327 0.013405298416 0.00349928407192 0.0298263946486 0.00995668086635 0.00694540097512 0.0255100497884 0.0329545768238 0.0145087642662 0.0120594880792 0.0131274558037 -0.0263208124602 0.0101690261955 -0.00720606605843 0.0146403622099 0.0126848365657 0.0171010663883 0.0105514960394 0.000705475165502 0.0123280423698 0.00660856792801 0.00315568791864 0.0237624696384 0.0268599159432 0.0316897673746 0.0267957550239 0.357983135928 0.0284225236074 0.024195759713 0.0162525451638 0.00164047640087 -0.00438636252905 -0.00212741650018 0.0350098103961 0.0172036482813 0.0487516617856 0.0295181617194 0.00447168366699 0.0167074905222 0.00444654101011 0.0135903702543 0.0166444453712 0.00452930162318 0.0246259706086 0.0107596445336 0.00802082067683 0.0476913911399 0.0140789633635 0.0569971663531 
0.0096622888634 0.0303034626536 0.00496743405384 0.0171901185216 0.0200952530067 0.033045030785 0.0275772279105 0.0286066532212 0.004915178129 0.0209928381782 0.00854739005993 0.0162666447849 0.0123751956321 0.0220328753572 0.0238304789642 0.0111332301051 0.00984268606962 0.0392036728198 0.020248646438 0.00438724091503 0.0153749759228 0.030968246277 -0.00129407186268 0.0270921138008 0.0252565409255 0.00867528329509 0.0305778484186 0.0228061919965 -0.00366642947788 0.00874109094661 0.0153863703092 0.00851977990319 0.0253238249078 0.0283002527973 -0.00607889506773 0.0358153270989 0.00914989454013 0.0284225236074 0.279139270249 0.0606609289188 0.0239419357615 0.0208383797906 0.0142609556071 0.00683198314903 0.0556558565463 0.021450830397 0.0405141065012 0.0317577893525 0.0194484492635 0.0309529855025 0.0204527961741 0.0396847063473 0.0364795022093 0.00305900199335 0.0179559027698 0.015679131752 0.00350561054908 0.0324605018311 0.017991890529 0.0119917347959 
