40
0.136312174374 0.0995242847704 0.0733521468466 0.02473804396 0.0612619406497 0.0988670942005 0.0787213758152 0.0210054402465 0.0285995604788 0.158041803894 0.0800378705657 0.0910259677787 0.00361039022472 0.197480990077 0.023795453615 0.0448250845436 0.0753619397022 0.0151091702759 0.0791308905459 0.0335346879574 0.0308834605432 0.0314514366364 0.106415927512 0.0266042550295 0.0265727047954 0.0936509155003 0.164482556217 0.185879968849 0.0584548507687 0.640104613609 0.0248078828137 0.0664901393557 0.101481112582 0.023015295127 0.126958151155 0.0383245101253 0.0501755430095 0.090319564185 0.0700025840065 0.0308768641188 
1.94040310221 0.0647285014688 -0.00273801584552 0.00204788322846 0.00263778514387 0.0357142475631 -0.00387969518943 -0.0040306658782 -0.0112682264094 -0.0113668604688 -0.0166742983907 -0.012839208577 0.011101362036 -0.0225359075473 0.00538866880353 -0.0136325774412 0.0105481393967 0.0102238755288 -0.0100373724021 -0.0120516165088 -0.0148366537892 -0.000660484888537 -0.00608541184128 -0.0110860107211 -0.0141728867233 -0.00874662449931 0.000730582271624 -0.0203229664484 -0.00207973664326 -0.0407481746822 -0.00153820487619 -0.00949313362568 -0.0183031527949 -0.00753879904726 -0.00118418043169 -0.00665723563484 -0.0133816191476 -0.0048270725501 -0.0307151064039 -0.0170259828521 
0.0647285014688 0.411752518862 0.0221387297129 0.0222266928372 0.0064161773281 0.0341512638451 0.0936719528614 -0.00444341239659 0.00305732732923 0.0164107891934 0.0146459050494 0.00719484423666 -0.00190774805768 0.0175213468482 0.0300106959155 0.000100416406415 0.11280712579 0.020469358362 0.0254459039685 0.00660081017481 0.000618099038257 -0.00302748519307 0.0261370310813 0.0208180478365 0.0165543343392 0.0426826632982 0.00342937367939 0.0597449044271 0.0300367442157 -0.0147300567689 0.00670342106024 0.011973806762 0.00465127459684 0.000968558206767 0.121784394934 0.0201154467715 0.00202023646526 -0.00281394243281 0.0076811284379 0.0137588943719 
-0.00273801584552 0.0221387297129 0.434808846112 0.0285785009218 0.0449816397179 0.00348223140942 0.0305433143037 0.00346751943708 0.034801913512 0.023255112941 -0.00541929245971 0.00691859972726 0.0222088952968 0.00688781092113 0.0228497008432 0.0238336851847 0.0110813805891 0.016633544529 -0.00205644124204 0.0157457663326 0.0137799548756 0.0450754327162 -0.010411194144 0.000521123959258 0.0196632633572 0.0265350719579 -0.0444586957958 0.0368290629739 0.0264575735957 -0.00588685855481 -0.000617558914701 0.0484862109529 0.00027365387806 0.0376747181797 0.0230409631591 0.0137473028582 0.0198141053495 0.0196992920341 0.00277741086779 0.016174600709 
0.00204788322846 0.0222266928372 0.0285785009218 0.163017338659 0.00838600811764 0.0155055054076 0.0207037762547 0.00312086026888 0.00522947623018 0.0212610432081 0.0066020196752 0.000778701782709 0.0132154240968 0.0176467055401 0.0393584954527 0.0171595510363 0.0151294590994 0.0194451696551 -0.0086890259892 0.0204054179796 0.0276803482873 0.0331524955497 -0.0102578349068 0.00640854474528 0.0106496173068 0.00453975821634 -0.000234037567428 0.0109277802773 0.0331356385445 -0.0038722784362 0.00417738676441 0.0163581178907 -0.00070175885767 0.0216625315918 0.0157389653057 0.00534333286045 0.0172255330397 0.00968076388688 0.00053645684082 0.00693406596747 
0.00263778514387 0.0064161773281 0.0449816397179 0.00838600811764 0.361358056529 0.0611781003817 0.0158587954124 0.0109486180575 0.0096822244587 0.00360658239766 0.0425775975707 0.0205258304422 0.00598581649893 0.0234479926836 0.0118137591885 0.0131820496218 0.0182974115004 0.00859557077179 0.0297530858536 0.00360402186253 0.0214215872961 0.00968115013404 0.0270458014012 0.0114799595384 0.00677850014534 0.0355434468339 0.0147990683625 0.0205122610454 0.0250682544844 0.00206676232066 0.0180197264789 0.00654748590655 0.0149485178737 0.0121379918653 0.0138221980199 0.0331712737596 0.0165000514426 0.0255642334855 0.0040503012246 0.00613187300552 
0.0357142475631 0.0341512638451 0.00348223140942 0.0155055054076 0.0611781003817 0.488485351273 0.0231187824789 0.0142184094925 0.0107028177483 0.0211036144825 0.0536947241431 0.0188571187583 0.0170432888124 0.0600341907176 0.00878558896671 0.0132632608075 0.0188089597265 0.0138735704737 0.0232685212013 0.0255156855698 0.0273301075589 0.0189026722118 0.0829932756796 0.02883807089 0.0108142959306 0.0585475582236 0.0390851256031 0.0606794320691 0.0235272144034 0.0188628506386 0.0218395460362 0.0354821970282 0.0382096818268 0.0220300992002 0.0251665268693 0.0265056780853 0.01555246335 0.0150238696858 0.0149302837167 0.0386899484802 
-0.00387969518943 0.0936719528614 0.0305433143037 0.0207037762547 0.0158587954124 0.0231187824788 0.336824368125 0.00118123023896 0.00520210820852 0.0210859956223 0.0134298132068 0.00464347232065 0.00172818707484 0.0228036036241 0.0187519852463 -0.00507243255016 0.114333260028 0.0061089093252 0.0113704234951 0.000543929097886 0.00718469009105 0.0101848194198 0.0252273427226 0.0034856207981 0.0103524059778 0.0180275291026 0.0508270055607 0.0878259658966 0.0180557159191 -0.0264627558167 0.0210272563633 0.00186066572955 0.0239041306321 0.00332904540665 0.129982673999 0.0121828289173 0.0321437475965 -0.00639507894923 0.0334205762712 -0.00111644289336 
-0.0040306658782 -0.00444341239659 0.00346751943708 0.00312086026886 0.0109486180575 0.0142184094925 0.00118123023896 0.133530072904 -1.97649658114e-05 0.00740759219117 -0.00552277476495 0.0036852037525 0.005519261509 0.00486020964184 0.013899199469 0.0182335804843 -0.00258036536863 0.00954244877723 0.00863177801128 0.0111486149793 0.0165512830629 0.0146919117353 0.00158967860296 0.00538016326458 0.00335005506172 -0.0019028088702 0.00279564786079 0.00514955468769 0.0214084497679 0.00282975189316 0.0112322743763 0.0104697415904 -0.00497817483175 0.0119165968836 0.00208333255614 0.00237208600577 -0.000328023649201 0.00881016331713 0.0095182167418 -0.00689595433467 
-0.0112682264094 0.00305732732923 0.034801913512 0.00522947623017 0.0096822244587 0.0107028177483 0.00520210820853 -1.97649658008e-05 0.272877984682 0.00952306132448 0.0125831155045 0.019316167898 0.0134056462461 0.0305345430268 0.00852709528953 0.0319568965958 -0.00383557874331 0.0252435153626 0.0156522264311 0.0038930720825 0.0297254680597 0.033649632924 0.00867690238124 0.0284923566975 0.0405873644785 0.0411813606196 -0.00758681344805 0.0185279443593 0.0282095527123 0.0235670697581 0.011257613862 0.045262549083 0.00346425196706 0.0190304784215 -0.00676690007754 0.0479783616032 0.0154169881856 0.0161684902894 0.00227923268935 0.0287404847144 
-0.0113668604688 0.0164107891934 0.023255112941 0.0212610432081 0.00360658239766 0.0211036144825 0.0210859956223 0.00740759219117 0.00952306132448 1.01635107745 0.0129185636221 0.0875133546009 0.0244518022993 0.0243101189741 0.0151304075876 -0.000296495841956 0.0123860518342 0.00395256060995 -0.0105194413152 -0.015691571735 0.0175428622525 0.0184096753937 0.0315946612122 0.0113422373666 -0.0060731873255 -0.00860949639727 0.00131512300375 0.0154244425888 0.00893584289599 4.81011039224e-05 -0.0060991473391 0.0256959796216 -0.00411296453395 0.0161636672086 -0.0137656380741 0.0254925600634 0.0167867520581 0.183202005637 0.00908366672875 0.0217705998623 
-0.0166742983907 0.0146459050494 -0.00541929245971 0.0066020196752 0.0425775975707 0.0536947241431 0.0134298132068 -0.00552277476494 0.0125831155045 0.0129185636221 0.37143706087 0.0240971127436 0.00613286798423 -0.00805069867696 0.00417078648304 0.0194432087811 0.0109936733223 0.010892896298 -0.00576695035048 -0.00416275642229 0.000851777944129 0.0137591921224 0.018305283402 0.0627831020077 0.0140513934726 0.0179262112016 0.0243411424986 0.0635581180901 0.0240169294916 0.0238861772819 0.0187048526071 0.025465840651 -0.00571674251957 0.0091880804145 0.00837736811913 0.0121478341914 0.0111616967067 0.00898091465653 0.0166587114977 0.0332801259547 
-0.012839208577 0.00719484423666 0.00691859972726 0.000778701782709 0.0205258304422 0.0188571187583 0.00464347232065 0.0036852037525 0.019316167898 0.0875133546009 0.0240971127436 0.43555006013 0.00689684102846 0.0228922424014 -0.00176280264188 0.0224381879558 0.0183004115576 0.00110518784145 0.0176010850985 0.00695640225307 0.0142820885851 0.0164391702207 0.0172928833762 0.00491685780328 0.0196860588866 0.0272317866676 0.0130722874277 0.034543920312 0.0141563759921 0.0336489272826 0.0221615879104 0.0273353038488 0.0117263455817 0.00807324217741 0.0128714437742 0.0117439740232 0.0216158852745 0.0232747907023 0.00605713075804 0.022750550994 
0.011101362036 -0.00190774805768 0.0222088952968 0.0132154240968 0.00598581649893 0.0170432888124 0.00172818707484 0.005519261509 0.0134056462461 0.0244518022993 0.00613286798423 0.00689684102846 0.217117150129 0.0235893619812 0.010839300173 0.0244126890189 0.000284372991257 0.011516902535 0.0173429306937 0.00148262400184 0.0168631358947 0.0118951365128 0.0180039838614 0.00827001153064 0.00700909075381 0.0250662965456 -0.0104850982836 0.0246572917293 0.0151408719853 0.0061011884416 0.0154512520808 0.0218224031296 0.0147717024421 0.0160037550748 0.0170143549006 0.0402361015788 0.0189723616214 0.0226846738546 0.0132306447707 0.00450113212491 
-0.0225359075473 0.0175213468481 0.00688781092113 0.0176467055401 0.0234479926836 0.0600341907176 0.0228036036241 0.00486020964184 0.0305345430268 0.0243101189741 -0.00805069867696 0.0228922424014 0.0235893619812 0.875684193363 0.0175350811082 0.0224947557934 0.0249298650845 -0.000973530960795 0.00220826282293 0.0375929644113 0.0156356380715 0.0232634691277 0.0573976524989 0.006387273198 0.028647962201 0.046558194081 -0.00980195221785 0.00215937319707 0.0105936986915 0.0312686888428 0.025664913555 0.0422699809194 0.00540051039428 0.0118139742142 0.00914620530273 0.0717156202467 -0.00227292077144 0.00433911450124 0.0158959107129 0.0115429816021 
0.00538866880353 0.0300106959155 0.0228497008432 0.0393584954527 0.0118137591885 0.00878558896671 0.0187519852463 0.013899199469 0.00852709528953 0.0151304075876 0.00417078648304 -0.00176280264189 0.010839300173 0.0175350811082 0.190043970293 0.0082678521336 0.0289809258614 0.00949513662376 0.0152842380539 0.0170189267153 0.022153879557 0.0242357319387 -0.00111344797175 0.00543079792116 0.0132529260113 0.00209627779419 -0.00533607814914 0.0067718595625 0.0410724844628 -0.0115008213345 0.00227247595317 0.0278033309226 0.0011083216929 0.0108511524537 0.0272211314441 0.00452853618148 0.00828436093934 0.000568791156545 0.0190117746857 0.00464518706713 
-0.0136325774412 0.000100416406418 0.0238336851847 0.0171595510363 0.0131820496218 0.0132632608075 -0.00507243255016 0.0182335804843 0.0319568965958 -0.000296495841957 0.0194432087811 0.0224381879558 0.0244126890189 0.0224947557934 0.0082678521336 0.242129537425 -0.00505373065529 0.018234033113 0.00691214205406 0.00291303871608 0.0146544376222 0.0247182945596 0.0299884875174 0.0328369969742 0.0185429651377 0.0356725860194 0.000649652839591 0.0303807198435 0.0212865029616 0.00330492849579 0.0197089770028 0.0476293095181 -0.00180299329826 0.0111402595387 0.00261884382842 0.0504739959596 0.0289859805516 0.015334775439 0.0126111921686 0.0137545245259 
0.0105481393967 0.11280712579 0.0110813805891 0.0151294590994 0.0182974115004 0.0188089597265 0.114333260028 -0.00258036536862 -0.00383557874331 0.0123860518342 0.0109936733223 0.0183004115576 0.000284372991257 0.0249298650846 0.0289809258614 -0.0050537306553 0.343196637541 0.00741514330352 0.00418998240917 0.00817468424531 0.00408042315858 0.00214468460215 0.0316527164881 0.00287741339996 0.0102860365191 0.0164134198418 0.0389197252954 0.0709520731831 0.0169618316757 -0.0302952343372 0.00604945186451 0.0129447269757 0.000913093186715 -0.000116050417453 0.122139406217 0.00612430325247 0.018240797839 0.00930797848303 0.0193053010844 -0.00581636479037 
0.0102238755288 0.0204693583619 0.016633544529 0.0194451696552 0.00859557077179 0.0138735704737 0.0061089093252 0.0095424487772 0.0252435153626 0.00395256060995 0.010892896298 0.00110518784145 0.011516902535 -0.000973530960796 0.00949513662376 0.018234033113 0.00741514330352 0.157129259826 0.0104256597188 0.0170845978536 0.00809588193616 0.00619472578383 0.00400283121033 0.0110191931687 0.0160003316178 0.0144846321664 -0.0155496237864 0.0121612946884 0.0108038967744 0.00722033666284 0.0154119676582 0.0295394731865 0.00531821429202 0.0129816966745 0.0116572179204 0.0118718534639 0.012341846594 0.0255162183218 0.0171833520086 0.0123828204757 
-0.0100373724021 0.0254459039685 -0.00205644124204 -0.0086890259892 0.0297530858536 0.0232685212013 0.0113704234951 0.00863177801128 0.0156522264311 -0.0105194413153 -0.00576695035048 0.0176010850985 0.0173429306937 0.00220826282292 0.0152842380539 0.00691214205406 0.00418998240917 0.0104256597188 0.618023725854 0.015162960964 0.00445595933783 0.0157860233814 0.0265675707717 0.0161095545395 -0.000770874473403 0.0103264013447 0.00948566387145 -0.00542199234571 0.0100542295698 -0.00519785642434 0.00109037841583 0.0238211436511 0.0698583588705 0.011391170605 0.0224901795963 0.00666817777094 0.0184721085039 0.0126657677228 0.0238271707679 0.00114286320758 
-0.0120516165088 0.00660081017481 0.0157457663326 0.0204054179795 0.00360402186253 0.0255156855698 0.000543929097887 0.0111486149793 0.0038930720825 -0.015691571735 -0.00416275642229 0.00695640225307 0.00148262400184 0.0375929644113 0.0170189267153 0.00291303871608 0.00817468424531 0.0170845978536 0.015162960964 0.237605306751 0.0202810268564 -0.000425807409838 0.0153135375324 0.00369736564275 0.0100253770603 -0.00556453359706 -0.0020661691524 0.0149039806215 0.0157736192189 -0.0169605575147 0.0133776763458 0.0243205311409 -0.000666246714672 0.0107124850585 0.0159718476588 0.0104048555618 0.0172286076156 0.0184678460251 0.00473460009486 0.0119429148602 
-0.0148366537892 0.000618099038258 0.0137799548756 0.0276803482873 0.0214215872961 0.0273301075589 0.00718469009105 0.0165512830629 0.0297254680597 0.0175428622525 0.000851777944129 0.0142820885851 0.0168631358947 0.0156356380715 0.022153879557 0.0146544376222 0.00408042315858 0.00809588193615 0.00445595933783 0.0202810268564 0.207222839568 0.0458011278997 0.00779328307729 0.0241216649336 0.0113832720517 0.0180600281531 -0.00409062927177 0.0119623390662 0.0197136806146 0.0298315775869 0.00623580643026 0.0219300313239 0.0121283177542 0.0217483506342 0.0123214238591 0.0170006628289 0.0189173920529 0.0103270344432 0.00694049920263 0.0237020873921 
-0.000660484888537 -0.00302748519307 0.0450754327162 0.0331524955497 0.00968115013404 0.0189026722118 0.0101848194198 0.0146919117353 0.033649632924 0.0184096753937 0.0137591921224 0.0164391702207 0.0118951365128 0.0232634691277 0.0242357319388 0.0247182945596 0.00214468460215 0.00619472578385 0.0157860233814 -0.00042580740984 0.0458011278997 0.174936143159 0.0154254666669 0.02770464475 0.0328704954474 0.0276818505399 -0.00500999549645 0.0199690711092 0.0369929209534 0.0187829904571 0.0127413957408 0.0613139167343 0.00325664975211 0.0436179184342 0.0200458700079 0.0245958896376 0.0203479486446 0.0215871455876 0.0118161546787 0.0258746998038 
-0.00608541184128 0.0261370310813 -0.010411194144 -0.0102578349068 0.0270458014012 0.0829932756796 0.0252273427226 0.00158967860296 0.00867690238124 0.0315946612122 0.018305283402 0.0172928833762 0.0180039838614 0.0573976524989 -0.00111344797175 0.0299884875174 0.0316527164881 0.00400283121034 0.0265675707717 0.0153135375324 0.00779328307729 0.0154254666669 0.606642596692 0.0204477600521 0.0155428808271 0.069650276785 0.00375486444569 0.0649653753692 0.0266131872681 -0.0106805209874 0.0239770563125 0.0413136017118 0.0582331488765 0.00764083136253 0.0223400645818 0.0523600005114 0.0649977679828 0.0516274835305 0.000704147327156 0.0176068146926 
-0.0110860107211 0.0208180478365 0.000521123959258 0.00640854474529 0.0114799595384 0.02883807089 0.0034856207981 0.00538016326457 0.0284923566975 0.0113422373666 0.0627831020077 0.00491685780328 0.00827001153064 0.006387273198 0.00543079792116 0.0328369969742 0.00287741339996 0.0110191931687 0.0161095545395 0.00369736564275 0.0241216649336 0.02770464475 0.0204477600521 0.201735300383 0.0150255343051 0.0378656465293 0.000624497639321 0.0234849599912 0.0234724022809 0.00189723374023 0.0251080249728 0.0340129672016 0.0154612095595 0.0199410686416 0.00861089440807 0.0216084054699 -0.0161976593413 0.0199956974803 0.0114221543643 0.0057306905528 
-0.0141728867233 0.0165543343392 0.0196632633572 0.0106496173068 0.00677850014534 0.0108142959306 0.0103524059778 0.00335005506171 0.0405873644785 -0.0060731873255 0.0140513934726 0.0196860588866 0.00700909075381 0.028647962201 0.0132529260113 0.0185429651377 0.0102860365191 0.0160003316178 -0.000770874473403 0.0100253770603 0.0113832720516 0.0328704954474 0.0155428808271 0.0150255343051 0.211949735185 0.029674655175 -0.00201270020085 0.00993116196172 0.0134484080328 0.0177908954149 0.00299614072356 0.013085161991 0.0149205106948 0.01785289088 0.00855353363726 0.018286539975 0.00765494347018 0.010526888253 0.0144333539153 0.0153800838062 
-0.00874662449931 0.0426826632982 0.0265350719579 0.00453975821634 0.0355434468339 0.0585475582236 0.0180275291026 -0.0019028088702 0.0411813606196 -0.00860949639727 0.0179262112016 0.0272317866676 0.0250662965456 0.0465581940809 0.00209627779419 0.0356725860194 0.0164134198418 0.0144846321664 0.0103264013447 -0.00556453359707 0.0180600281531 0.0276818505399 0.069650276785 0.0378656465293 0.029674655175 0.450819829132 -0.00837855216342 0.0485899910482 0.0475534655043 0.0130193658195 0.0171670048166 0.0363579405465 0.0154700968785 0.0210107564122 0.00901071274746 0.0762732991876 0.0251279396501 0.0421175518712 0.0329013986939 0.0369848338707 
0.000730582271623 0.00342937367939 -0.0444586957958 -0.000234037567429 0.0147990683625 0.0390851256031 0.0508270055606 0.00279564786079 -0.00758681344805 0.00131512300374 0.0243411424986 0.0130722874277 -0.0104850982836 -0.00980195221786 -0.00533607814914 0.00064965283959 0.0389197252954 -0.0155496237864 0.00948566387145 -0.0020661691524 -0.00409062927177 -0.00500999549645 0.00375486444569 0.00062449763932 -0.00201270020085 -0.00837855216342 1.8938215665 -0.00413938345048 -0.00236731540855 0.0025689160623 0.00238794186091 -0.0132408711791 0.00125710587475 0.00731498664636 0.0227463997592 0.00650457504623 0.0202071706086 0.0175448172014 -0.00191344506519 0.00510282706994 
-0.0203229664484 0.0597449044271 0.0368290629739 0.0109277802773 0.0205122610453 0.0606794320691 0.0878259658966 0.00514955468769 0.0185279443593 0.0154244425888 0.0635581180901 0.034543920312 0.0246572917293 0.00215937319707 0.0067718595625 0.0303807198435 0.0709520731831 0.0121612946884 -0.00542199234571 0.0149039806215 0.0119623390662 0.0199690711092 0.0649653753692 0.0234849599912 0.00993116196172 0.0485899910482 -0.00413938345048 0.641955906901 0.0337974448243 0.0530072522625 0.0204726517632 0.0325760343777 0.0185709938299 0.0263294501418 0.0874558804513 0.0329413191531 0.0393481921712 0.0343997640129 0.0067490754166 0.039516817672 
-0.00207973664326 0.0300367442157 0.0264575735957 0.0331356385445 0.0250682544844 0.0235272144034 0.0180557159191 0.0214084497679 0.0282095527123 0.00893584289599 0.0240169294916 0.0141563759921 0.0151408719853 0.0105936986915 0.0410724844628 0.0212865029616 0.0169618316757 0.0108038967744 0.0100542295698 0.0157736192189 0.0197136806146 0.0369929209534 0.0266131872681 0.0234724022809 0.0134484080328 0.0475534655043 -0.00236731540855 0.0337974448243 0.24786670432 -0.0126164802847 0.0212942911216 0.0425216499487 0.00531717706264 0.0224936866105 0.0260319585408 0.0210401103873 0.0243390282364 0.0315411580785 0.0166078425016 0.00893491441357 
-0.0407481746822 -0.0147300567689 -0.00588685855481 -0.0038722784362 0.00206676232066 0.0188628506386 -0.0264627558167 0.00282975189316 0.0235670697581 4.81011039225e-05 0.0238861772819 0.0336489272826 0.0061011884416 0.0312686888428 -0.0115008213345 0.00330492849579 -0.0302952343372 0.00722033666284 -0.00519785642434 -0.0169605575147 0.0298315775869 0.0187829904571 -0.0106805209874 0.00189723374023 0.0177908954149 0.0130193658195 0.0025689160623 0.0530072522625 -0.0126164802847 6.86717633024 0.0124428139416 -0.0061832632057 0.0231060229243 0.00926179808724 -0.0276066683952 0.00980059666246 -0.0199163884128 0.0181561044428 -0.00382684782526 -0.00761762488543 
-0.00153820487619 0.00670342106025 -0.000617558914702 0.00417738676441 0.0180197264789 0.0218395460362 0.0210272563633 0.0112322743763 0.011257613862 -0.0060991473391 0.0187048526071 0.0221615879104 0.0154512520808 0.025664913555 0.00227247595317 0.0197089770028 0.00604945186451 0.0154119676582 0.00109037841583 0.0133776763458 0.00623580643025 0.0127413957408 0.0239770563125 0.0251080249728 0.00299614072355 0.0171670048166 0.00238794186091 0.0204726517632 0.0212942911216 0.0124428139416 0.207341834782 0.0298847429065 0.00225962180604 0.0153886993517 0.0200339094283 0.0433653447274 -0.00618134575432 0.0130160543558 0.00487957079612 0.00425665023042 
-0.00949313362568 0.011973806762 0.0484862109529 0.0163581178907 0.00654748590655 0.0354821970282 0.00186066572955 0.0104697415904 0.045262549083 0.0256959796216 0.025465840651 0.0273353038488 0.0218224031296 0.0422699809194 0.0278033309226 0.0476293095181 0.0129447269757 0.0295394731865 0.0238211436511 0.0243205311409 0.0219300313239 0.0613139167343 0.0413136017118 0.0340129672016 0.013085161991 0.0363579405465 -0.0132408711791 0.0325760343777 0.0425216499487 -0.0061832632057 0.0298847429065 0.360047533123 -0.0196708934296 0.0475097727209 0.0229831471205 0.0394815620054 0.0159699706528 0.00973135380507 0.0162095950124 0.0181152095981 
-0.0183031527949 0.00465127459684 0.000273653878059 -0.000701758857671 0.0149485178737 0.0382096818268 0.0239041306321 -0.00497817483175 0.00346425196706 -0.00411296453395 -0.00571674251956 0.0117263455817 0.0147717024421 0.00540051039428 0.0011083216929 -0.00180299329826 0.000913093186712 0.00531821429202 0.0698583588705 -0.000666246714672 0.0121283177542 0.00325664975211 0.0582331488766 0.0154612095595 0.0149205106948 0.0154700968785 0.00125710587475 0.0185709938299 0.00531717706264 0.0231060229243 0.00225962180604 -0.0196708934296 0.922487117417 0.0014008887261 0.0272464768375 0.00851715759999 0.00968915068735 0.00407895897147 0.0229492991684 0.0309601936418 
-0.00753879904726 0.000968558206767 0.0376747181797 0.0216625315918 0.0121379918653 0.0220300992002 0.00332904540665 0.0119165968836 0.0190304784215 0.0161636672086 0.0091880804145 0.00807324217741 0.0160037550748 0.0118139742142 0.0108511524537 0.0111402595387 -0.000116050417453 0.0129816966745 0.011391170605 0.0107124850585 0.0217483506342 0.0436179184342 0.00764083136253 0.0199410686416 0.01785289088 0.0210107564122 0.00731498664636 0.0263294501418 0.0224936866105 0.00926179808724 0.0153886993517 0.0475097727209 0.0014008887261 0.139376707285 0.0154327972645 0.0116227236814 0.0141297055509 0.0137272360196 0.0148254861239 0.0229835767949 
-0.00118418043169 0.121784394934 0.0230409631591 0.0157389653057 0.0138221980199 0.0251665268693 0.129982673999 0.00208333255614 -0.00676690007754 -0.0137656380741 0.00837736811912 0.0128714437742 0.0170143549006 0.00914620530274 0.0272211314441 0.00261884382842 0.122139406217 0.0116572179204 0.0224901795963 0.0159718476588 0.0123214238591 0.0200458700079 0.0223400645818 0.00861089440807 0.00855353363726 0.00901071274746 0.0227463997592 0.0874558804513 0.0260319585408 -0.0276066683952 0.0200339094283 0.0229831471205 0.0272464768375 0.0154327972645 0.398454892438 0.00360320646186 0.00659780753315 0.00707100850041 0.0308929396211 -0.00556685391747 
-0.00665723563484 0.0201154467715 0.0137473028582 0.00534333286045 0.0331712737596 0.0265056780853 0.0121828289173 0.00237208600576 0.0479783616032 0.0254925600634 0.0121478341914 0.0117439740232 0.0402361015788 0.0717156202467 0.00452853618148 0.0504739959596 0.00612430325247 0.0118718534639 0.00666817777094 0.0104048555618 0.017000662829 0.0245958896376 0.0523600005114 0.0216084054699 0.018286539975 0.0762732991876 0.00650457504623 0.0329413191531 0.0210401103873 0.00980059666246 0.0433653447274 0.0394815620054 0.00851715759998 0.0116227236814 0.00360320646186 0.311731455394 0.0258996337189 0.0178671515054 -0.00400312000535 0.021139290218 
-0.0133816191476 0.00202023646526 0.0198141053495 0.0172255330397 0.0165000514426 0.01555246335 0.0321437475965 -0.000328023649204 0.0154169881856 0.0167867520581 0.0111616967067 0.0216158852745 0.0189723616214 -0.00227292077144 0.00828436093934 0.0289859805516 0.018240797839 0.012341846594 0.0184721085039 0.0172286076156 0.0189173920529 0.0203479486446 0.0649977679828 -0.0161976593413 0.00765494347018 0.0251279396501 0.0202071706086 0.0393481921712 0.0243390282364 -0.0199163884128 -0.00618134575432 0.0159699706528 0.00968915068735 0.0141297055509 0.00659780753316 0.0258996337189 0.316110172824 0.0190148964835 0.0102286974618 0.0176065433892 
-0.0048270725501 -0.00281394243281 0.0196992920341 0.00968076388688 0.0255642334855 0.0150238696858 -0.00639507894923 0.00881016331713 0.0161684902894 0.183202005637 0.00898091465653 0.0232747907023 0.0226846738546 0.00433911450123 0.000568791156545 0.015334775439 0.00930797848303 0.0255162183218 0.0126657677228 0.0184678460251 0.0103270344432 0.0215871455876 0.0516274835305 0.0199956974803 0.010526888253 0.0421175518712 0.0175448172014 0.0343997640129 0.0315411580785 0.0181561044428 0.0130160543558 0.00973135380507 0.00407895897146 0.0137272360196 0.00707100850041 0.0178671515054 0.0190148964835 0.587274842245 0.0238173838712 0.0248712595752 
-0.0307151064039 0.0076811284379 0.00277741086778 0.000536456840821 0.0040503012246 0.0149302837167 0.0334205762712 0.0095182167418 0.00227923268935 0.00908366672875 0.0166587114977 0.00605713075804 0.0132306447707 0.0158959107129 0.0190117746857 0.0126111921686 0.0193053010844 0.0171833520086 0.0238271707679 0.00473460009486 0.00694049920263 0.0118161546787 0.000704147327155 0.0114221543643 0.0144333539153 0.0329013986939 -0.00191344506519 0.0067490754166 0.0166078425016 -0.00382684782526 0.00487957079612 0.0162095950124 0.0229492991684 0.0148254861239 0.0308929396211 -0.00400312000535 0.0102286974618 0.0238173838712 0.325733361718 -0.00189100978316 
-0.0170259828521 0.0137588943719 0.016174600709 0.00693406596748 0.00613187300552 0.0386899484802 -0.00111644289336 -0.00689595433468 0.0287404847144 0.0217705998623 0.0332801259547 0.022750550994 0.00450113212491 0.0115429816021 0.00464518706713 0.0137545245259 -0.00581636479037 0.0123828204757 0.00114286320758 0.0119429148602 0.0237020873921 0.0258746998038 0.0176068146926 0.0057306905528 0.0153800838062 0.0369848338707 0.00510282706994 0.039516817672 0.00893491441357 -0.00761762488543 0.00425665023042 0.0181152095981 0.0309601936418 0.0229835767949 -0.00556685391747 0.021139290218 0.0176065433892 0.0248712595752 -0.00189100978316 0.25741910801 

['KMI', 'WMB', 'CVH', 'XEL', 'QLGC', 'TER', 'COP', 'PEP', 'PGR', 'ADBE', 'NSC', 'AW', 'GCI', 'AAPL', 'ETR', 'COST', 'APA', 'KMB', 'UVN', 'BAX', 'ASO', 'WB', 'ADSK', 'UPS', 'SAFC', 'JWN', 'PTV', 'X', 'PLD', 'SANM', 'MMM', 'CFC', 'CSCO', 'C', 'MRO', 'BBBY', 'MHP', 'DRI', 'MRK', 'FDC']