40
0.0535662105727 0.0874158444094 0.0184249616408 0.0936563270582 0.0442318588416 0.0153161335694 0.0246636786654 0.050100863095 0.0406155741598 0.275379497042 0.0357981155146 0.0253425298527 0.0426672552596 0.135299445153 0.0753619397022 0.0388241127613 0.0911559741232 0.039859092222 0.0330111524363 0.0635798530397 0.0304896250645 0.0146510565804 0.0511846892664 0.0936509155003 0.070265204238 0.132143501856 0.0289058353667 0.0525709156995 0.0285158318856 0.112290577846 0.149246593495 0.142835786571 0.0754552666066 0.0482651065397 0.0273717205438 0.0265727047954 0.0128714932266 0.143584613331 0.0582377086348 0.044891801276 
0.195425397981 0.0137150876135 0.0335409778972 0.0169268833573 0.0239525569572 0.0303877321657 0.015360778883 0.0359673614402 0.0842596203869 -0.00584649340732 0.0120805856597 0.027439511183 0.0787570638933 0.0188886281235 0.0122035604515 0.0147103097854 0.0199695484877 0.0153863868597 0.0203255326811 0.0303789498288 0.0119447122171 0.018787400469 0.0187880663597 0.0381343230371 9.28085330375e-05 0.0272745265262 0.0205349207814 0.00640844908016 0.0178176621879 0.0182783419573 0.0206167355629 0.0179412718536 0.0283049056371 0.0160277616653 0.0296214419754 0.00748048468928 0.0123067726619 0.0339690910005 0.0139324463076 0.0359552750236 
0.0137150876135 0.560918567 0.00574572749326 0.0279850711172 0.0375684944044 0.0139783789481 0.016727439408 0.000479508212216 0.0278424540629 -0.00768072637333 0.00722531604727 -0.00128012439568 0.000769972318262 0.0259850657061 0.0122087840399 0.00954506204095 0.0125473067153 -0.00243112792132 0.0101352699095 0.00473594241433 0.0100913657032 0.00876643958774 0.0258090763717 0.0234029205164 -0.00132166887456 0.0288901137791 0.00695931739789 0.0144911001075 0.00308553603679 0.0470470098305 0.00676933571162 -0.00905105639802 0.0147289554991 0.0324694215825 0.0167199836775 0.00330974384299 0.00810052828274 0.00178961034692 -0.022915505016 0.00934202617555 
0.0335409778972 0.00574572749326 0.163504835186 0.00775714618923 0.0288959337896 0.0301541787897 0.0306031464487 0.0341800675993 0.0274688277163 -0.000775369345455 0.0255950868876 0.0209752721266 0.0290690665422 0.015189908532 -0.00122505008282 0.0218313904268 0.0208734461895 0.0320393269564 0.0328218795517 0.0499981344124 0.00569944261169 0.016613367347 0.000231292225727 0.0191831361235 0.0310652130767 0.00181796092585 0.0230350425294 0.0270749577048 0.0238957059837 0.0200558782196 0.0131947810491 -0.00491724520481 0.0149358201451 0.0239770598085 0.015555435875 0.0288892075961 0.00726406086999 0.023677876074 0.0113074357091 0.0180004250135 
0.0169268833573 0.0279850711171 0.00775714618923 0.444474711623 0.0378199246972 0.00914271152855 0.0185198896496 0.0044948511649 0.0131342346019 -0.0179758878272 -0.004111711168 0.00532175449927 0.0124457707201 0.0110200758931 -0.0109268815028 0.0248624625186 0.0165744827064 0.0320351750674 0.00806242519809 0.00740132238941 0.0220857397178 0.0195721387393 0.0190258845667 0.035568983682 0.0146105494494 0.0177522200303 0.0284408605362 0.0299595165317 0.0047691223471 0.0263509205288 0.00804708963746 0.00871167939324 0.0237218479302 0.00346231389218 -0.00612241190256 0.0219317227958 -0.00935915442388 0.0337722575764 0.001779031979 0.0118963034937 
0.0239525569572 0.0375684944044 0.0288959337896 0.0378199246972 0.240616544026 0.0151426602541 0.0139855171343 0.0317457098382 0.0327825227451 -0.00857317612169 0.0319963060004 0.0142637358836 0.033072460801 0.0422353455476 0.0125537891361 0.0355887965479 0.0314779204746 0.0198981378441 0.0265236946435 0.0288358739524 0.0122161808058 0.0197494628276 0.0243670360527 0.00984448354499 0.0127160980289 0.015146507725 0.0249128120133 0.0380077318981 0.0159831413851 0.0169777028091 0.0308984628756 0.00409155330477 0.0130590655295 0.02061919369 0.0308852495437 0.0165514108071 0.0209049575964 0.0320991056047 0.0265799212374 0.02813469926 
0.0303877321658 0.0139783789481 0.0301541787896 0.00914271152855 0.0151426602541 0.144195945445 0.0120984184911 0.00298009359663 0.0229839908974 0.0119275808314 0.0207094335635 0.00786559450051 0.0241492609515 0.0144985310455 0.0113879587167 0.00448873612617 0.00393454440681 0.00771459971114 0.00824448048786 0.00833428196078 0.00244152910243 0.00401344182178 -0.00392862876512 0.000865869259631 0.00493140563117 0.00465318405941 0.0139764541687 0.00761304211287 0.0434851393095 0.0156165655595 0.0267699235567 0.0160524040906 0.0154314567253 0.00344690864939 0.00784817481226 0.0125853098456 0.0111962396085 0.0241751352711 0.0231017765568 0.00441411050881 
0.015360778883 0.016727439408 0.0306031464487 0.0185198896496 0.0139855171343 0.0120984184911 0.133902466163 0.0104574039614 0.00809981639197 0.012588785123 0.0186066210364 0.00639997671886 0.015778762518 -0.00138255801975 0.0105656930478 0.0216564219583 0.011568583886 0.0176677429698 0.0144226819203 0.0150568843624 0.0102493021386 0.0210859169242 -0.00783293464766 0.0102073185521 0.000836207737586 -0.00584157672476 0.0214218377704 0.0129770299342 0.0112213507747 0.0190286741538 0.00867935087491 0.00623761429181 0.00285778158625 0.0183969162494 0.0094157934198 0.020702929672 0.0120479406011 -0.000786527957648 0.017223591963 0.0119380454611 
0.0359673614402 0.000479508212219 0.0341800675993 0.0044948511649 0.0317457098382 0.00298009359663 0.0104574039614 0.30787548382 0.0269440719914 -0.014493688203 0.0186589173541 0.011764934499 0.0248681506864 0.029115147255 0.0135899779485 0.0211858131036 0.0525312441524 0.0186008021761 0.0130164734187 0.013948866205 0.00302074483157 0.0222740085618 0.0224311845569 0.0239753805839 0.0110477582606 0.019788380035 0.00853971248715 0.0223045419118 0.00428649691361 0.0196490698851 0.0260486546465 0.0165054671309 0.0149783875373 0.0106269939113 0.0155540916414 0.0167095006325 -0.000662166783396 0.0389338688037 0.00882914750947 0.027673856945 
0.0842596203869 0.0278424540629 0.0274688277163 0.0131342346019 0.0327825227451 0.0229839908974 0.00809981639197 0.0269440719914 0.204868417428 -0.00110402298201 0.00945311943809 0.0135748910096 0.0726343172199 0.0209379927703 0.018046752449 0.0165260819865 0.0278471398738 0.0200945672887 0.0206276125092 0.042825221929 0.0136384476244 0.0214982860178 0.0171994876284 0.0348777789206 0.00107550536915 0.0172187797361 0.0102832380961 0.0194755762598 0.0188866649489 0.0128149381694 0.0272317829627 0.0166268895396 0.0361562624216 0.0224883541396 0.0187089836501 0.0124945860947 -0.00150677859679 0.0371479840786 0.014660161928 0.0272539677429 
-0.00584649340732 -0.00768072637333 -0.000775369345455 -0.0179758878272 -0.00857317612169 0.0119275808314 0.012588785123 -0.014493688203 -0.00110402298201 4.09506261936 0.013189115974 -0.00669861998536 -0.00132544221586 -0.0296665092927 -0.0107253564231 0.011854035899 -0.0105917168689 -0.0072453634586 -0.0274386696073 0.00680386623306 -0.00810154121767 -0.00226346341551 -0.0268936517667 0.00433646348386 0.00704467956412 -0.0159067457209 -0.00954649040359 -0.00071342176378 0.000963734729013 -0.0107843210631 -0.0228590478571 0.00239382438984 -0.00292203460282 -0.0122998029705 -0.0100259094673 -0.000648821769961 0.00393326777598 -0.0193970652885 -0.0241631474961 -0.0132637114108 
0.0120805856597 0.00722531604727 0.0255950868876 -0.004111711168 0.0319963060004 0.0207094335635 0.0186066210364 0.0186589173541 0.00945311943809 0.013189115974 0.252718513457 0.0215550207304 0.0253895323647 0.00304592821537 0.0105275258468 0.00845684165746 0.018978607049 0.0131324805394 0.0428324244026 0.0165213240484 0.015598888367 0.0204495566561 0.0137700435155 0.0448875853205 0.00611967288473 0.00222925951294 0.0158813853681 0.0122921346424 0.0131638618466 0.0224043923144 0.0170537690667 0.0107037983401 0.0357157942027 0.0209663190291 0.0075093723321 0.0217096142024 0.00973655652209 0.0071528295936 0.0155039254114 0.0183065106258 
0.027439511183 -0.00128012439568 0.0209752721266 0.00532175449927 0.0142637358836 0.00786559450051 0.00639997671886 0.011764934499 0.0135748910096 -0.00669861998536 0.0215550207304 0.194780244302 0.0136778285884 -0.00105113112496 -0.00204998954038 0.00632136547273 0.0373439576013 0.0212272639817 0.0147866087344 0.0281019267171 0.00755922158926 0.0206770892258 0.00903938711279 0.0207534799456 0.00633538518808 -0.00129783601453 0.011782720027 0.00552632388308 0.00852314652558 0.00773239701468 0.0206496652032 -0.00305960207948 0.0282942975428 0.0227268069261 0.0193330235711 0.00626484873633 0.0184099713865 -0.00476550046834 0.014775122504 0.017739548314 
0.0787570638933 0.000769972318264 0.0290690665422 0.0124457707201 0.033072460801 0.0241492609515 0.015778762518 0.0248681506864 0.0726343172199 -0.00132544221586 0.0253895323647 0.0136778285884 0.186873842379 0.015646723584 0.00957182057113 0.0149022621347 0.0228901684022 0.013352602261 0.0123767984643 0.0315270074816 0.0116351694858 0.0177164612847 0.00127323585026 0.0315385226413 -0.00142579128879 0.00858170568642 0.0147073535193 0.0159303412373 0.0153019736088 0.0125505420886 0.0239181539748 0.0379051281814 0.0255919161276 0.0119029273426 0.018997087268 0.0062663934197 -0.00650474762423 0.0248806427475 0.0134678032231 0.021076913084 
0.0188886281235 0.0259850657061 0.015189908532 0.0110200758931 0.0422353455476 0.0144985310455 -0.00138255801975 0.029115147255 0.0209379927703 -0.0296665092927 0.00304592821537 -0.00105113112496 0.015646723584 0.458942982116 0.11250329399 0.00836543328738 0.0218983315671 0.0197317653457 0.0084473070009 0.00291508446655 -0.00281975428549 -0.00331737496109 0.0394743236814 0.0243165394562 0.0234097433907 0.160121179839 0.023105054551 0.00962562825822 0.0331864049273 0.148283345647 0.143860771273 0.00923222720024 0.00409445214378 0.00410970275217 0.0229071893267 0.0176310930311 0.0196197732732 0.181303821227 0.0139079703984 0.0325179789376 
0.0122035604515 0.0122087840399 -0.00122505008282 -0.0109268815028 0.0125537891361 0.0113879587167 0.0105656930478 0.0135899779485 0.018046752449 -0.0107253564231 0.0105275258468 -0.00204998954038 0.00957182057113 0.11250329399 0.312250018106 0.0175493264607 0.0383720293851 0.0354671906515 -0.00601816926429 0.00329914180899 0.00490663522757 -0.0056511718298 8.48022310894e-05 0.0122893029568 0.0150548990248 0.0932660474703 0.0108391980316 0.00529421814426 0.030389562437 0.107102003447 0.153400128555 0.00545680304578 0.0155713517847 0.0233683988373 -0.00120935083803 0.000332258471289 -0.00560264039443 0.105179774034 -0.00453016494243 0.0103338771808 
0.0147103097854 0.00954506204095 0.0218313904268 0.0248624625186 0.0355887965479 0.00448873612617 0.0216564219583 0.0211858131036 0.0165260819865 0.011854035899 0.00845684165746 0.00632136547273 0.0149022621347 0.00836543328738 0.0175493264607 0.187517220471 0.0221764065346 0.0213603874031 0.0141736031492 0.0176175469677 0.00451483922919 0.0146748726194 0.0178772705136 0.0321726864958 0.0172896031536 0.0190906086665 0.0353392862088 0.0278842381181 0.00605183483133 0.00322263053141 0.0102868827588 -0.00484157628627 0.0236112858784 0.0103283943445 0.00369230358359 0.0222537961093 0.00385475009548 0.00483601421765 0.0150246822051 0.0282546069446 
0.0199695484877 0.0125473067153 0.0208734461895 0.0165744827064 0.0314779204746 0.00393454440681 0.011568583886 0.0525312441524 0.0278471398738 -0.0105917168689 0.018978607049 0.0373439576013 0.0228901684022 0.0218983315671 0.0383720293851 0.0221764065346 0.37295149294 0.0349604763028 0.0373201251189 0.028029040372 0.00501075810957 0.0166516791742 0.0351470231135 0.0405275876336 0.00708825310151 0.0265462881985 0.023877758347 0.0297703999845 0.00622361139103 0.0199147504997 0.0374401248547 0.0062637062176 0.0423305016802 0.0357996902913 0.0161433391659 0.0193901620048 0.00293158562526 0.0180619107862 0.0369790676514 0.0453882867509 
0.0153863868597 -0.00243112792132 0.0320393269564 0.0320351750674 0.0198981378441 0.00771459971114 0.0176677429698 0.0186008021761 0.0200945672887 -0.0072453634586 0.0131324805394 0.0212272639817 0.013352602261 0.0197317653457 0.0354671906515 0.0213603874031 0.0349604763028 0.269939284366 0.0199230747751 0.0121765980749 0.0015890478281 0.0140055129301 0.0156689323399 0.0277680114733 0.00019558911229 0.0380523685034 0.0230179227732 0.0385589661421 0.0166678612999 0.0418997726058 0.0433109536185 -0.0105921107121 0.0359582073367 0.0236408587969 0.0229560964602 0.0223898365068 -0.00653708941278 0.00444339796177 0.0137652568563 0.0279035134195 
0.0203255326811 0.0101352699095 0.0328218795517 0.00806242519809 0.0265236946435 0.00824448048786 0.0144226819203 0.0130164734187 0.0206276125092 -0.0274386696073 0.0428324244026 0.0147866087344 0.0123767984643 0.0084473070009 -0.00601816926429 0.0141736031492 0.0373201251189 0.0199230747751 0.30886927753 0.0253731207732 0.00898049511214 0.0174301345833 0.0175962591155 0.0674065578198 0.0150851266173 -0.000504692220095 0.0199447229019 0.0323852022164 0.0188368259657 0.0141303202319 0.0309723806585 0.0331802531071 0.0560872461215 0.0413276629558 0.0306041337245 0.00928322405657 0.0255168412023 0.00650993094269 0.00375471713556 0.0394185214039 
0.0303789498288 0.00473594241433 0.0499981344124 0.00740132238941 0.0288358739524 0.00833428196078 0.0150568843624 0.013948866205 0.042825221929 0.00680386623306 0.0165213240484 0.0281019267171 0.0315270074816 0.00291508446656 0.00329914180899 0.0176175469677 0.028029040372 0.0121765980749 0.0253731207732 0.462736059405 0.0156122206989 0.0187518723638 0.0287299746632 0.0664721603178 0.00417806932819 0.00836557026484 0.0420655737836 0.0238213383118 -0.0086445986011 0.0130745497226 -0.0071874428924 0.0254953479491 0.0265079881659 0.0216853947214 0.00603204296607 0.0142115836092 -0.00143135611623 -0.00465662036418 0.0157390732509 0.0154211856808 
0.0119447122171 0.0100913657032 0.00569944261169 0.0220857397178 0.0122161808058 0.00244152910243 0.0102493021386 0.00302074483157 0.0136384476244 -0.00810154121767 0.015598888367 0.00755922158926 0.0116351694858 -0.00281975428549 0.00490663522757 0.00451483922919 0.00501075810957 0.0015890478281 0.00898049511214 0.0156122206989 0.213583453249 0.00734580874265 0.00846401237598 0.00735508114034 0.00768417433116 0.0304785824737 0.0178939676207 0.00296082644391 0.00725130166046 0.00310479043767 -0.00764668031427 -0.000607827044477 0.00863894429124 0.0150824618281 0.00811057525016 0.0178819256138 -0.00166786417581 0.00434142986693 0.0195067472305 0.0156978528298 
0.018787400469 0.00876643958774 0.016613367347 0.0195721387393 0.0197494628276 0.00401344182178 0.0210859169242 0.0222740085618 0.0214982860178 -0.00226346341551 0.0204495566561 0.0206770892258 0.0177164612847 -0.00331737496109 -0.0056511718298 0.0146748726194 0.0166516791742 0.0140055129301 0.0174301345833 0.0187518723638 0.00734580874265 0.150256813809 0.00631338488689 0.0184919490072 0.00812332116676 0.00107824410738 0.0239396020951 0.00806284492357 0.00638360225711 0.00354532487364 0.0103446511052 0.00222182691409 0.0292341054107 0.0133938800548 0.0150184707982 0.0158952617298 0.0217639559015 -0.00329922265129 0.0102657948676 0.00805837358427 
0.0187880663597 0.0258090763717 0.000231292225727 0.0190258845667 0.0243670360527 -0.00392862876512 -0.00783293464766 0.0224311845569 0.0171994876284 -0.0268936517667 0.0137700435155 0.00903938711279 0.00127323585026 0.0394743236814 8.48022310897e-05 0.0178772705136 0.0351470231134 0.0156689323399 0.0175962591155 0.0287299746632 0.00846401237598 0.00631338488689 0.337484985353 0.00763469537876 0.00202271016902 0.03964860025 0.00884170567389 0.0256212378992 0.0153852627807 0.0294603954306 0.00514930619944 0.0170334046198 0.0167369564616 0.0236375547941 0.027554288278 -0.00095246877597 0.00604129767078 0.0125221424474 0.0155336672334 0.00324713560791 
0.0381343230371 0.0234029205164 0.0191831361235 0.035568983682 0.00984448354499 0.000865869259632 0.0102073185521 0.0239753805839 0.0348777789206 0.00433646348386 0.0448875853205 0.0207534799456 0.0315385226413 0.0243165394562 0.0122893029568 0.0321726864958 0.0405275876336 0.0277680114733 0.0674065578198 0.0664721603178 0.00735508114034 0.0184919490072 0.00763469537876 0.454264713204 0.00941213724538 0.0276123199304 0.032388130926 0.0552927957216 0.000476009045178 0.0419517646701 0.0177101594926 0.00532997224208 0.0584718331813 0.0417126720167 0.0115791545547 0.0308050193964 -0.00504852077014 0.0298764140414 0.00672190783314 0.0354955494242 
9.28085330371e-05 -0.00132166887456 0.0310652130767 0.0146105494494 0.0127160980289 0.00493140563117 0.000836207737585 0.0110477582606 0.00107550536915 0.00704467956412 0.00611967288473 0.00633538518808 -0.00142579128879 0.0234097433907 0.0150548990248 0.0172896031536 0.00708825310151 0.00019558911229 0.0150851266173 0.00417806932819 0.00768417433116 0.00812332116676 0.00202271016902 0.00941213724538 0.981482626097 0.00777652013078 0.0204622452487 0.0172176420107 0.0116642077247 0.0335125559822 0.0294251944336 -0.0114954159375 0.0245660453038 -0.00439200157606 0.00824957342767 0.00836106936886 -0.00895061869354 0.00825255649818 -0.0140975431402 0.0175193097586 
0.0272745265262 0.0288901137791 0.00181796092585 0.0177522200303 0.015146507725 0.00465318405941 -0.00584157672476 0.019788380035 0.0172187797361 -0.0159067457209 0.00222925951294 -0.00129783601453 0.00858170568642 0.160121179839 0.0932660474703 0.0190906086665 0.0265462881985 0.0380523685034 -0.000504692220095 0.00836557026484 0.0304785824737 0.00107824410738 0.03964860025 0.0276123199304 0.00777652013078 0.410031637401 0.0201838490838 0.0222572077581 0.0264826346687 0.146577506422 0.100773745146 -0.00156881670192 0.00582432745493 0.00330201523591 0.00751444106191 0.0145783619918 0.00363556183961 0.14746749871 0.0123374768734 0.0444081061633 
0.0205349207814 0.00695931739789 0.0230350425294 0.0284408605362 0.0249128120133 0.0139764541687 0.0214218377704 0.00853971248715 0.0102832380961 -0.00954649040359 0.0158813853681 0.011782720027 0.0147073535193 0.023105054551 0.0108391980316 0.0353392862088 0.023877758347 0.0230179227732 0.0199447229019 0.0420655737836 0.0178939676207 0.0239396020951 0.00884170567389 0.032388130926 0.0204622452487 0.0201838490838 0.231338713981 0.0306412973327 0.0104892895617 0.0415692559083 0.00264510865912 0.00277503365397 -0.0027802056129 0.0197487078077 0.0156664484313 0.0547186272977 0.00929655225717 0.0221843131201 0.00770472185366 0.0237606121565 
0.00640844908016 0.0144911001075 0.0270749577048 0.0299595165317 0.0380077318981 0.00761304211287 0.0129770299342 0.0223045419118 0.0194755762598 -0.000713421763779 0.0122921346424 0.00552632388308 0.0159303412373 0.00962562825822 0.00529421814426 0.0278842381181 0.0297703999845 0.0385589661421 0.0323852022164 0.0238213383118 0.00296082644391 0.00806284492357 0.0256212378992 0.0552927957216 0.0172176420107 0.0222572077581 0.0306412973327 0.323931183386 0.00931690188052 0.0506928858479 0.00254206177321 0.0275427881429 0.0262749728261 0.0109513734627 0.014940364867 0.0193700537881 -0.00866659720167 0.00723662053404 0.000278601872064 0.0163267864717 
0.0178176621879 0.00308553603679 0.0238957059837 0.0047691223471 0.0159831413851 0.0434851393095 0.0112213507746 0.00428649691361 0.0188866649489 0.000963734729013 0.0131638618466 0.00852314652558 0.0153019736088 0.0331864049273 0.030389562437 0.00605183483133 0.00622361139103 0.0166678612999 0.0188368259657 -0.0086445986011 0.00725130166046 0.00638360225711 0.0153852627807 0.000476009045178 0.0116642077247 0.0264826346687 0.0104892895617 0.00931690188052 0.193259039625 0.0168936693903 0.0642091747434 0.00494507438462 0.00817704678517 0.00539375405627 0.00924596768868 0.016447710825 0.0023110450756 0.043369572879 0.0253023498983 0.0139373695234 
0.0182783419573 0.0470470098305 0.0200558782196 0.0263509205288 0.0169777028091 0.0156165655595 0.0190286741538 0.0196490698851 0.0128149381694 -0.0107843210631 0.0224043923144 0.00773239701468 0.0125505420886 0.148283345647 0.107102003447 0.00322263053141 0.0199147504997 0.0418997726058 0.0141303202319 0.0130745497226 0.00310479043767 0.00354532487364 0.0294603954306 0.0419517646701 0.0335125559822 0.146577506422 0.0415692559083 0.0506928858479 0.0168936693903 0.402199450055 0.13207785163 -7.65425521602e-05 0.0355077805669 0.0252711892927 0.0250841152656 0.027304504158 0.00730645826548 0.171885468442 -0.00766047635276 0.0242321401754 
0.0206167355629 0.00676933571162 0.0131947810491 0.00804708963746 0.0308984628756 0.0267699235567 0.00867935087491 0.0260486546465 0.0272317829627 -0.0228590478571 0.0170537690667 0.0206496652032 0.0239181539748 0.143860771273 0.153400128555 0.0102868827588 0.0374401248547 0.0433109536185 0.0309723806585 -0.0071874428924 -0.00764668031427 0.0103446511052 0.00514930619944 0.0177101594926 0.0294251944336 0.100773745146 0.00264510865912 0.00254206177321 0.0642091747434 0.13207785163 0.509400119759 -0.00231314827177 0.0170626023282 0.0151890060357 0.0332368691494 0.00622837076781 -0.00228123908694 0.159397976244 0.00164158618012 0.0390612224538 
0.0179412718536 -0.00905105639802 -0.00491724520481 0.00871167939324 0.00409155330477 0.0160524040906 0.00623761429181 0.0165054671309 0.0166268895396 0.00239382438984 0.0107037983401 -0.00305960207948 0.0379051281814 0.00923222720024 0.00545680304578 -0.00484157628627 0.0062637062176 -0.0105921107121 0.0331802531071 0.0254953479491 -0.000607827044477 0.00222182691409 0.0170334046198 0.00532997224208 -0.0114954159375 -0.00156881670192 0.00277503365397 0.0275427881429 0.00494507438462 -7.65425521598e-05 -0.00231314827177 1.25392880553 0.00228599736601 0.0149326561437 -0.0037537599612 -0.00257929229228 -0.0185833168169 0.000950433186638 -0.00595239649444 0.00130601164172 
0.0283049056371 0.0147289554991 0.0149358201451 0.0237218479302 0.0130590655295 0.0154314567253 0.00285778158625 0.0149783875373 0.0361562624216 -0.00292203460282 0.0357157942027 0.0282942975428 0.0255919161276 0.00409445214378 0.0155713517846 0.0236112858784 0.0423305016802 0.0359582073367 0.0560872461215 0.0265079881659 0.00863894429124 0.0292341054107 0.0167369564616 0.0584718331813 0.0245660453038 0.00582432745493 -0.0027802056129 0.0262749728261 0.00817704678517 0.0355077805669 0.0170626023282 0.00228599736601 0.658611466479 0.020159254735 0.0132909952087 -0.00138057346898 0.026819996712 0.103472579221 0.0382329781413 0.0265115691151 
0.0160277616653 0.0324694215825 0.0239770598085 0.00346231389218 0.02061919369 0.00344690864939 0.0183969162494 0.0106269939113 0.0224883541396 -0.0122998029705 0.0209663190291 0.0227268069261 0.0119029273426 0.00410970275217 0.0233683988373 0.0103283943445 0.0357996902913 0.0236408587969 0.0413276629558 0.0216853947214 0.0150824618281 0.0133938800548 0.0236375547941 0.0417126720167 -0.00439200157606 0.00330201523591 0.0197487078077 0.0109513734627 0.00539375405628 0.0252711892927 0.0151890060357 0.0149326561437 0.020159254735 0.308055291915 0.0249319846594 0.0267765045346 0.00214217754189 0.0116380787547 0.0200135132667 0.00331978336664 
0.0296214419754 0.0167199836776 0.015555435875 -0.00612241190256 0.0308852495437 0.00784817481226 0.0094157934198 0.0155540916414 0.0187089836501 -0.0100259094673 0.0075093723321 0.0193330235711 0.018997087268 0.0229071893267 -0.00120935083803 0.00369230358359 0.0161433391659 0.0229560964602 0.0306041337245 0.00603204296607 0.00811057525016 0.0150184707982 0.027554288278 0.0115791545547 0.00824957342767 0.00751444106191 0.0156664484313 0.014940364867 0.00924596768868 0.0250841152656 0.0332368691494 -0.0037537599612 0.0132909952087 0.0249319846594 0.234841908001 0.0154678479261 0.0169735375647 0.0214047847757 0.0295252290406 0.0405576919989 
0.00748048468927 0.00330974384299 0.0288892075961 0.0219317227958 0.0165514108071 0.0125853098456 0.020702929672 0.0167095006325 0.0124945860947 -0.000648821769961 0.0217096142024 0.00626484873633 0.0062663934197 0.0176310930311 0.00033225847129 0.0222537961093 0.0193901620048 0.0223898365068 0.00928322405657 0.0142115836092 0.0178819256138 0.0158952617298 -0.00095246877597 0.0308050193964 0.00836106936886 0.0145783619918 0.0547186272977 0.0193700537881 0.016447710825 0.027304504158 0.00622837076781 -0.00257929229228 -0.00138057346898 0.0267765045346 0.0154678479261 0.206334809693 -0.00323315835258 0.0114390673635 0.00448289846859 0.00848651046977 
0.0123067726619 0.00810052828274 0.00726406087 -0.00935915442388 0.0209049575964 0.0111962396085 0.0120479406011 -0.000662166783396 -0.00150677859679 0.00393326777598 0.00973655652209 0.0184099713865 -0.00650474762423 0.0196197732732 -0.00560264039443 0.00385475009548 0.00293158562526 -0.00653708941278 0.0255168412023 -0.00143135611623 -0.00166786417581 0.0217639559015 0.00604129767078 -0.00504852077014 -0.00895061869354 0.00363556183961 0.00929655225717 -0.00866659720167 0.0023110450756 0.00730645826548 -0.00228123908694 -0.0185833168169 0.026819996712 0.00214217754189 0.0169735375647 -0.00323315835258 0.222242683764 0.00637016018936 0.0166740208464 -0.0073811386674 
0.0339690910005 0.00178961034692 0.023677876074 0.0337722575764 0.0320991056047 0.0241751352711 -0.000786527957649 0.0389338688037 0.0371479840786 -0.0193970652885 0.0071528295936 -0.00476550046834 0.0248806427475 0.181303821227 0.105179774034 0.00483601421765 0.0180619107862 0.00444339796177 0.00650993094269 -0.00465662036418 0.00434142986693 -0.00329922265129 0.0125221424474 0.0298764140414 0.00825255649818 0.14746749871 0.0221843131201 0.00723662053404 0.043369572879 0.171885468442 0.159397976244 0.000950433186638 0.103472579221 0.0116380787547 0.0214047847757 0.0114390673635 0.00637016018936 0.468365875571 -0.0133202299531 0.0323379416457 
0.0139324463076 -0.0229155050159 0.0113074357091 0.001779031979 0.0265799212374 0.0231017765568 0.017223591963 0.00882914750947 0.014660161928 -0.0241631474961 0.0155039254114 0.014775122504 0.0134678032231 0.0139079703984 -0.00453016494243 0.0150246822051 0.0369790676514 0.0137652568563 0.00375471713556 0.0157390732509 0.0195067472305 0.0102657948676 0.0155336672334 0.00672190783314 -0.0140975431402 0.0123374768734 0.00770472185366 0.000278601872064 0.0253023498983 -0.00766047635276 0.00164158618012 -0.00595239649443 0.0382329781413 0.0200135132667 0.0295252290406 0.00448289846859 0.0166740208464 -0.0133202299531 0.450457767623 0.105755731611 
0.0359552750236 0.00934202617556 0.0180004250135 0.0118963034937 0.02813469926 0.00441411050881 0.0119380454611 0.027673856945 0.0272539677429 -0.0132637114108 0.0183065106258 0.017739548314 0.021076913084 0.0325179789376 0.0103338771808 0.0282546069446 0.0453882867509 0.0279035134195 0.0394185214039 0.0154211856808 0.0156978528298 0.00805837358427 0.00324713560791 0.0354955494242 0.0175193097586 0.0444081061633 0.0237606121565 0.0163267864717 0.0139373695234 0.0242321401754 0.0390612224538 0.00130601164172 0.0265115691151 0.00331978336664 0.0405576919989 0.00848651046977 -0.0073811386674 0.0323379416457 0.105755731611 0.31886473991 

['ASN', 'IGT', 'HBAN', 'AV', 'PX', 'SO', 'TMK', 'BLL', 'SPG', 'RSH', 'WAG', 'LLY', 'VNO', 'BJS', 'APA', 'ABK', 'CMI', 'CIT', 'LOW', 'FNM', 'HNZ', 'GE', 'NCR', 'JWN', 'NFB', 'WFT', 'STA', 'SPLS', 'D', 'NE', 'EOG', 'THC', 'TIF', 'MCD', 'TYC', 'SAFC', 'MDT', 'NOV', 'TSN', 'LEG']