40
0.0266042550295 0.0206012582373 0.0054327763703 0.0752984700253 0.0535662105727 0.0623322546876 0.0726136826411 0.0335830315084 0.0678674292734 0.0373994541978 0.0486664598358 0.142835786571 0.0501755430095 0.0559384191954 0.0165000515881 0.0122123060087 0.0499472002084 0.0414012394119 0.0278380444533 0.107238949757 0.0296866664977 0.0770368317024 0.0297343435849 0.0220926651793 0.0502759777883 0.0590558874601 0.0273717205438 0.118814959333 0.0612619406497 0.0220203869342 0.0820701074714 0.251790956204 0.0265193363437 0.0335346879574 0.0988670942005 0.0672535079153 0.0418020448473 0.0387981152642 0.0188066159349 0.078059567066 
0.203058671188 0.0279457099196 0.00834691851313 -0.00410255134209 0.0208483009926 0.00937737102364 0.032691291212 0.0408695673161 0.0278559704884 0.0205723537941 0.00953298280236 0.00149955770212 -0.0139514149705 0.013482179531 0.0199797874666 0.0144532380112 0.00181742685877 0.0119822409771 0.0154870336832 0.0436687030359 0.0265018855468 0.00757542870768 0.00360698600246 -0.00347996646669 0.0229063018972 0.0145643949653 0.0238374105143 0.0187434563497 0.0111746346085 0.0316487134711 0.0130493765679 0.017030236997 -0.00147009306749 0.00108907192257 0.0250227321548 0.0289265477959 0.0286858067458 0.01766098511 0.0239959761545 -0.00351327756951 
0.0279457099196 0.189847203431 0.0150550050704 0.01222985839 0.0184219822257 0.00949237273319 0.0405027641819 0.0101386385455 0.00892213942069 0.00778640275537 0.00445232602234 0.00441478895351 0.0253084115263 0.000619938796961 0.00962229321955 0.00904597288887 0.0104617178339 0.00765536658871 0.00658329221504 0.0383526543954 0.0252697590963 0.00543989761329 0.00736332903446 0.00615357223315 -7.21879962262e-06 0.0124340329819 0.0174639671408 0.0187981754523 0.00747507034903 0.0283929117858 0.0166216688558 0.0101249902587 0.0180602256774 0.0248363465625 0.0368150013245 0.00233408933526 0.0107625694651 0.0321957244902 0.0125996698411 0.0215219205419 
0.00834691851313 0.0150550050704 0.184680383297 0.0194240174203 0.0174352010681 0.0201720312157 0.018255332486 0.00976461112474 0.0232431298998 0.0108395508611 0.00585638372595 0.00386341944496 0.0270853318906 0.0180103054071 0.00718660147151 0.0121581803054 0.00697075814861 0.0131249272495 0.0181878852161 0.00950617850164 0.0132161964812 0.0248928596994 0.0159872908906 0.0102907686435 0.0211143130408 0.0120847310128 0.00477269440141 0.0122811858915 0.00823382221447 0.0333172100981 0.0213379264825 -0.0031487561757 0.0111922622005 0.000110653047844 0.0257393271103 0.0088715547849 0.00666433970638 -0.00589194676118 0.0165941266972 0.0198748166905 
-0.00410255134209 0.01222985839 0.0194240174203 0.49030673594 0.0162734265331 0.0106779554935 0.0331187838416 0.0199711673 0.0463319564367 0.0135053884578 0.0256775370181 -0.0341873144285 0.0740400385433 0.0212742956299 0.00079465232158 0.0205696268661 0.0189145825886 0.00453257866962 0.0033258550397 0.0160658206415 0.0317921489705 0.0155704218078 0.00775517799084 0.0276825377835 0.0187267137339 0.0301368093348 0.0188758398212 0.0220013362138 0.00283296406816 0.0364745202465 0.0187147986067 0.0197337363325 0.0203738790495 0.0309621295259 0.0268445335112 0.0108500800456 0.0206247576769 0.023830661265 0.0194637347505 0.0310545386243 
0.0208483009926 0.0184219822257 0.0174352010681 0.0162734265331 0.205363799784 0.00843466561279 0.0220769735874 0.0139087224195 0.0334123153103 0.0221109014137 0.0210701850108 0.0176420089905 0.0213878300812 0.0172156717956 0.0251707552631 0.0214114102821 0.0168730424133 0.0731819201454 0.0115531807086 0.0363114826241 0.0301030079961 0.0140976861798 0.0102362386463 0.0268167501976 0.0353438832169 0.0430521881858 0.0308726259864 0.023759053311 0.0218494106733 0.0241699900372 0.00931959034206 0.039042397995 0.0170921460361 0.0230553426104 0.0154441828578 0.0219181080669 0.0359647522112 0.0320048781742 0.0214603917949 0.0181016221475 
0.00937737102364 0.00949237273319 0.0201720312157 0.0106779554935 0.00843466561279 0.533429557238 0.0078814846526 0.00532449013315 0.0209713965912 0.033990039648 0.0118847490134 0.0122598747056 -0.000263045017091 0.0149739733977 0.00943263912676 0.0089661649196 0.00123799258615 -0.00319993644902 -0.00439257972661 0.00334523113896 0.00361756998281 -0.00207772420742 0.0155208833915 -0.0102456690505 -0.00769439895246 0.014362879202 0.00868102659064 0.012995949203 0.0042468314221 0.0222201269803 0.0155945852116 -0.00584948349807 0.00881451045811 0.00365372962856 0.00323804548211 0.0275887587732 -0.0337683648413 0.000746008049306 0.0161571879186 0.0101015279959 
0.032691291212 0.0405027641819 0.018255332486 0.0331187838416 0.0220769735874 0.0078814846526 0.299665465957 0.0159264526168 0.0193400575261 0.0252433459867 0.0205698523864 0.0073235344628 0.0261995888047 0.0109072851707 0.0164214158329 -0.00095117137643 0.0180645080063 0.0198685425915 0.00965539421373 0.0539424471116 0.0276449910273 0.0270788220746 0.0089461150492 0.0183246697446 0.0106722473405 0.00585741088448 0.030181837144 0.0351146259441 0.0312192485416 0.0268556294607 0.0257858547205 0.0715912289774 0.0247397770914 0.00324848921451 0.0523548593522 0.0263854056757 0.0451583789361 0.0249288131359 0.0310676853677 0.0261480050222 
0.0408695673161 0.0101386385455 0.00976461112474 0.0199711673 0.0139087224195 0.00532449013315 0.0159264526168 0.290033578604 0.0269107694459 -0.0020290156614 0.00780528451547 0.0257337760832 0.0236466722583 0.023453270793 -0.000420760034415 0.00726820114301 0.0195543796055 0.0154846894154 -0.00745343397089 0.0339645654928 0.017107250032 0.00401137668742 0.00173742941371 -0.00157784547069 0.012322305745 0.0163688494347 0.0423920786109 0.0465022277986 0.0579011689778 0.0124191808052 0.0157557599178 0.0378386057281 0.00954816204831 0.00342920037957 0.084592524866 0.0334158942486 0.0203817648517 0.0287271219819 0.0072863437953 0.012685036874 
0.0278559704884 0.00892213942069 0.0232431298998 0.0463319564367 0.0334123153103 0.0209713965912 0.0193400575261 0.0269107694459 0.381910685199 0.0285945628493 0.0127391306042 0.09013882221 0.0289598406962 0.0362852895653 0.00318917053476 0.0196698580687 0.0179070519436 0.0233352372279 0.0190177607191 0.0403516684381 0.0268146063542 0.047255114742 0.0129827468035 0.020648084374 0.0144505304298 0.0099668360609 0.0180204337272 0.0504301934849 0.0215464021266 0.0344220477796 0.0624259418003 0.0235168529873 0.0188047242883 0.000365554009769 0.0360860153574 0.0855911275978 0.0282354713281 0.0150178692867 0.0384179100595 -0.00332095796952 
0.0205723537941 0.00778640275537 0.0108395508611 0.0135053884578 0.0221109014137 0.033990039648 0.0252433459867 -0.0020290156614 0.0285945628493 0.309989677615 0.0270004442743 0.00346052714724 0.0166358160832 0.0122384534109 0.00821492669436 0.000150388432924 0.00860208207349 0.0205422670575 0.0180625155332 0.034131563368 0.0265659058377 -0.000440800128994 0.00461931162253 0.0135035043951 0.0173007400213 0.010554348096 0.0163537982405 0.0137305257931 0.0157658085507 0.017647055403 0.056064890024 0.024191062372 0.0202919450046 0.00816836045215 0.00792450208168 0.0674235386393 0.0269425428389 0.0207136091231 0.0350519494874 0.0329457226604 
0.00953298280236 0.00445232602234 0.00585638372595 0.0256775370181 0.0210701850108 0.0118847490134 0.0205698523864 0.00780528451547 0.0127391306042 0.0270004442743 0.316400279377 0.00954482113922 0.00140182240456 0.0120601710997 0.0157022993623 0.0120719968814 0.00770211067005 0.00294366111238 0.0108047601735 0.014849559652 0.0211867275407 0.0192579434308 0.00241137647241 0.00886048926682 0.024538740331 0.0053169671705 0.00996703500238 -0.00314206691447 0.0161640913726 0.024648887641 0.0210296091612 0.00688738309176 -0.00131792169844 0.00200776364597 0.018119631273 0.0159760952584 0.025184847874 0.0165029983417 0.0148351259265 0.0200495106238 
0.00149955770212 0.00441478895351 0.00386341944496 -0.0341873144285 0.0176420089905 0.0122598747056 0.0073235344628 0.0257337760832 0.09013882221 0.00346052714724 0.00954482113922 1.25028047394 -0.000312857548916 0.00951053374694 0.00605756346201 0.00250654249673 -0.00929321475932 -0.00190391990533 0.015027733213 0.0191054696458 -0.00903281713956 -0.00687502619573 0.0177350043062 0.00896070668076 0.014209399927 -0.0114906083794 -0.00537575915076 0.00580941473818 0.00812587974973 0.0192384808573 -0.00602590176698 0.0260093837391 0.0162374728187 -0.000134674292688 0.0387831336243 0.0157236119769 0.00196339901873 0.0128817081591 0.0178054541751 -0.0002997039513 
-0.0139514149705 0.0253084115263 0.0270853318906 0.0740400385433 0.0213878300812 -0.000263045017091 0.0261995888047 0.0236466722583 0.0289598406962 0.0166358160832 0.00140182240456 -0.000312857548916 0.31308512486 0.0375055722807 0.00970963129695 0.00152803095257 0.011170890414 0.0131417037476 -0.00486323478176 0.0203569150062 0.0116776308308 0.0105894296736 0.00629213615896 0.0134439167827 0.011605893527 -0.00384700375054 0.00968450877782 0.0274382697715 0.0181163227847 0.0140172835367 0.0346846229887 0.0125113143015 0.00845379521002 0.0148617081035 0.0129537876978 0.0113222442767 0.00482530635552 0.028243103499 0.0152879758846 0.0412456915745 
0.013482179531 0.000619938796962 0.0180103054071 0.0212742956299 0.0172156717956 0.0149739733977 0.0109072851707 0.023453270793 0.0362852895653 0.0122384534109 0.0120601710997 0.00951053374694 0.0375055722807 0.230099940381 0.00576233936245 0.00285934962503 0.0221690421693 0.0118659029124 0.0158714039428 0.021815821487 0.0334683278939 0.019182683885 0.00255400809613 0.0186235479853 0.0167298714211 -0.00946939024636 0.0138737279699 0.0357985431399 0.0149140231618 0.0122743176665 0.0435569105435 0.00900455111933 0.00828831983003 0.00779612122465 0.028521199262 0.0324900972853 0.0219478429409 0.00835220571614 0.012091505007 0.0121400757189 
0.0199797874666 0.00962229321955 0.00718660147151 0.00079465232158 0.0251707552631 0.00943263912676 0.0164214158329 -0.000420760034414 0.00318917053476 0.00821492669436 0.0157022993623 0.00605756346201 0.00970963129695 0.00576233936245 0.15386085349 0.0157554452635 0.00164495226545 0.0159033481277 0.010346587459 0.0232989670712 0.0287828474402 0.01222300316 0.00927201184017 0.0410135074315 0.0220000928991 0.011190002033 0.00721419332689 0.00912661315865 0.0111143360661 0.00478419761684 0.00106205283795 0.00923021149307 0.00537783841832 0.0217779844708 0.000490841446104 0.0168617618517 0.0169155476521 0.0136073386108 0.00501447406894 0.00868517943259 
0.0144532380112 0.00904597288887 0.0121581803054 0.0205696268661 0.0214114102821 0.0089661649196 -0.000951171376431 0.00726820114301 0.0196698580687 0.000150388432923 0.0120719968814 0.00250654249673 0.00152803095257 0.00285934962503 0.0157554452635 0.285819148559 0.00801314801494 0.00382894431173 0.00833574313843 -0.00157627399337 0.017686592445 0.0076355753384 -0.00563945827463 0.00250870546947 0.0188640881888 0.00980457986514 0.0197005968878 0.0175962786048 0.015542893017 0.0242951353161 -0.0118275348618 0.0263227137226 0.0235985763386 0.00558480415145 0.0230932902976 0.000219624133661 0.0217836244905 0.0142468046137 0.0126833158686 0.0328024814081 
0.00181742685877 0.0104617178339 0.00697075814861 0.0189145825886 0.0168730424133 0.00123799258615 0.0180645080063 0.0195543796055 0.0179070519436 0.00860208207349 0.00770211067005 -0.00929321475932 0.011170890414 0.0221690421693 0.00164495226545 0.00801314801494 0.365345898724 0.00533981626186 0.0226803881188 0.0307781776622 0.00281057134919 0.024495566007 -0.00960632555225 -0.00371872386468 0.0158667616361 0.0231240517402 0.0115163602238 0.0346279435108 0.0265896440837 0.0103463879974 0.0147677119257 0.0594043036118 -0.000882859484382 0.0151523343231 0.00722391751906 0.0148929691895 0.0122797359194 0.0118967772826 0.0240386912773 0.00119296151759 
0.0119822409771 0.00765536658871 0.0131249272495 0.00453257866962 0.0731819201454 -0.00319993644902 0.0198685425915 0.0154846894154 0.0233352372279 0.0205422670575 0.00294366111238 -0.00190391990533 0.0131417037476 0.0118659029124 0.0159033481277 0.00382894431173 0.00533981626186 0.241683422466 0.00854802445024 0.010557155038 0.0162806554254 0.00861371518861 0.0176228545932 0.011231846551 0.006220120287 0.012939114498 0.0194274953461 0.0206005851372 0.0162859350777 0.0193815892861 0.00522431030954 0.0141480424274 0.0149631453556 0.00981333929758 0.0160422327521 0.0152837197093 0.00739935574997 0.0133748848302 0.0164336121222 0.00165641338346 
0.0154870336832 0.00658329221504 0.0181878852161 0.0033258550397 0.0115531807086 -0.00439257972661 0.00965539421373 -0.00745343397089 0.0190177607191 0.0180625155332 0.0108047601735 0.015027733213 -0.00486323478176 0.0158714039428 0.010346587459 0.00833574313844 0.0226803881188 0.00854802445024 0.185361134194 0.00935173471471 0.0149232745006 0.00607044197331 0.00612755860688 0.0042330032724 0.0198050922125 0.00773245391697 0.00595061196157 0.00415229606815 0.00829940772874 0.00815587037112 0.000893190310378 0.0386585695195 0.00127609359352 0.0139429151137 0.0114412092816 0.00650161281463 0.00684573279879 0.00113028207707 0.0130075453791 0.00337379495834 
0.0436687030359 0.0383526543954 0.00950617850164 0.0160658206415 0.0363114826241 0.00334523113896 0.0539424471116 0.0339645654928 0.0403516684381 0.034131563368 0.014849559652 0.0191054696458 0.0203569150062 0.021815821487 0.0232989670712 -0.00157627399337 0.0307781776622 0.010557155038 0.00935173471471 0.47118753833 0.0470653542634 0.0109756645542 0.0106184982348 0.00167199531456 0.0306492925254 0.0098943581077 0.018928674301 0.0242606338296 0.0195013609454 0.0283030231509 0.0348426928808 0.0427134194203 0.00597648806226 0.0106267499472 0.0439702252349 0.0555923300751 0.0386050473812 0.0677193410927 0.0403809931819 0.04427094045 
0.0265018855468 0.0252697590963 0.0132161964812 0.0317921489705 0.0301030079961 0.00361756998281 0.0276449910273 0.017107250032 0.0268146063542 0.0265659058377 0.0211867275407 -0.00903281713956 0.0116776308308 0.0334683278939 0.0287828474402 0.017686592445 0.00281057134919 0.0162806554254 0.0149232745006 0.0470653542634 0.223514728402 0.0232822955128 0.0141647038053 0.0173797086625 0.0189196673986 0.020085992591 0.0245960024907 0.0137043091141 0.00855717787254 0.0378910489642 0.00900878201702 0.00949998355469 0.0352750435084 0.0268083461239 0.034898807003 0.0322945641914 0.0138084321774 0.0283434234277 0.0107991042059 0.00747463050982 
0.00757542870768 0.00543989761329 0.0248928596994 0.0155704218078 0.0140976861798 -0.00207772420742 0.0270788220746 0.00401137668742 0.047255114742 -0.000440800128994 0.0192579434308 -0.00687502619573 0.0105894296736 0.019182683885 0.01222300316 0.0076355753384 0.024495566007 0.00861371518861 0.00607044197331 0.0109756645542 0.0232822955128 0.342047043915 0.00831108676242 0.0176088000452 0.0167412241426 -0.00015018375043 0.0165938257368 0.0135481468058 0.0159928650057 0.0228950569503 0.0263547097924 0.0365077057637 0.0149082927512 0.0072911981877 0.00894477879394 0.015082228746 0.00888982154552 0.00201484322321 0.0258994286939 0.0049465791008 
0.00360698600246 0.00736332903446 0.0159872908906 0.00775517799084 0.0102362386463 0.0155208833915 0.0089461150492 0.00173742941371 0.0129827468035 0.00461931162253 0.00241137647241 0.0177350043062 0.00629213615896 0.00255400809612 0.00927201184017 -0.00563945827463 -0.00960632555225 0.0176228545932 0.00612755860688 0.0106184982348 0.0141647038053 0.00831108676241 0.195615858955 0.013971267329 0.00771218365504 0.00603804140871 0.00319618286112 0.00880820162037 0.0169595355171 0.00641777864373 0.00356052679104 0.0124343856286 0.00376216699289 0.00856275191101 0.020577113803 0.00117549032607 0.0071970053605 0.0185280110199 0.0110845083782 0.0119936788379 
-0.0034799664667 0.00615357223315 0.0102907686435 0.0276825377835 0.0268167501976 -0.0102456690505 0.0183246697446 -0.00157784547069 0.020648084374 0.0135035043951 0.00886048926682 0.00896070668076 0.0134439167827 0.0186235479853 0.0410135074315 0.00250870546947 -0.00371872386468 0.011231846551 0.00423300327239 0.00167199531456 0.0173797086625 0.0176088000452 0.013971267329 0.233025241549 0.0203428598429 0.0113374513551 0.0166219613648 0.0156853811128 0.0182930861576 -0.0124029476621 -0.00577959198023 0.00480269176357 0.0165160691543 0.0219426905406 0.0135482735071 0.0203873482305 0.0289316734209 0.00842669943497 -0.000399408424408 -0.00182130887337 
0.0229063018972 -7.21879962218e-06 0.0211143130408 0.0187267137339 0.0353438832169 -0.00769439895246 0.0106722473405 0.012322305745 0.0144505304298 0.0173007400213 0.024538740331 0.014209399927 0.011605893527 0.0167298714211 0.0220000928991 0.0188640881888 0.0158667616361 0.006220120287 0.0198050922125 0.0306492925254 0.0189196673986 0.0167412241426 0.00771218365505 0.0203428598429 0.267871968271 0.0233721471801 -0.00158336310845 -0.0037710175029 0.00406902270673 0.0120033177733 0.00602829948795 -0.0169409498009 0.0122285008501 0.0231487630612 0.0201257201982 0.02410175826 0.0126086500959 0.0172754185347 0.022398193912 0.0145606481919 
0.0145643949653 0.0124340329819 0.0120847310128 0.0301368093348 0.0430521881858 0.014362879202 0.00585741088448 0.0163688494347 0.0099668360609 0.010554348096 0.0053169671705 -0.0114906083794 -0.00384700375054 -0.00946939024636 0.011190002033 0.00980457986514 0.0231240517402 0.012939114498 0.00773245391697 0.0098943581077 0.020085992591 -0.000150183750429 0.00603804140871 0.0113374513551 0.0233721471801 0.723156031827 0.0191756358849 -0.00996556991993 0.015531909991 0.0192377362614 0.0165242649716 0.0151203425572 0.0143255832221 0.0092261686902 -0.0106686834599 0.0178554580306 0.00600279759678 0.015282186057 0.0240208009273 0.0116411336764 
0.0238374105143 0.0174639671408 0.00477269440141 0.0188758398212 0.0308726259864 0.00868102659064 0.030181837144 0.0423920786109 0.0180204337272 0.0163537982405 0.00996703500238 -0.00537575915076 0.00968450877782 0.0138737279699 0.00721419332689 0.0197005968878 0.0115163602238 0.0194274953461 0.00595061196157 0.018928674301 0.0245960024907 0.0165938257368 0.00319618286113 0.0166219613648 -0.00158336310845 0.0191756358849 0.236215096894 -0.0063756516122 0.0162179835608 0.0137104510425 0.0121497385835 0.00590801226837 0.0171461314709 0.00832725544528 0.0325682339157 0.0256971744386 0.0260649553438 0.0270581004561 0.00706637055776 0.0222034988935 
0.0187434563497 0.0187981754523 0.0122811858915 0.0220013362138 0.023759053311 0.012995949203 0.0351146259441 0.0465022277986 0.0504301934849 0.0137305257931 -0.00314206691447 0.00580941473818 0.0274382697715 0.0357985431399 0.00912661315865 0.0175962786048 0.0346279435108 0.0206005851372 0.00415229606815 0.0242606338296 0.0137043091141 0.0135481468058 0.00880820162037 0.0156853811128 -0.0037710175029 -0.00996556991993 -0.0063756516122 0.503483705989 0.0361453801311 0.00201850436534 0.0251255016753 0.00650400319701 0.0308881276428 0.000577683900629 0.0629128042811 0.0260435198822 0.0228655040471 0.024545301356 0.00820137249639 0.0278978334052 
0.0111746346085 0.00747507034903 0.00823382221447 0.00283296406816 0.0218494106733 0.0042468314221 0.0312192485416 0.0579011689778 0.0215464021266 0.0157658085507 0.0161640913726 0.00812587974973 0.0181163227847 0.0149140231618 0.0111143360661 0.015542893017 0.0265896440837 0.0162859350777 0.00829940772874 0.0195013609454 0.00855717787254 0.0159928650057 0.0169595355171 0.0182930861576 0.00406902270673 0.015531909991 0.0162179835608 0.0361453801311 0.361569813609 0.0127838154974 0.00945552323746 0.0143671359736 0.0220352747041 0.00531283190276 0.0577823727949 0.0283825866091 0.0204613549768 0.0252601301504 0.00963703780535 0.0124397741121 
0.0316487134711 0.0283929117858 0.0333172100981 0.0364745202465 0.0241699900372 0.0222201269803 0.0268556294607 0.0124191808052 0.0344220477796 0.017647055403 0.024648887641 0.0192384808573 0.0140172835367 0.0122743176665 0.00478419761684 0.0242951353161 0.0103463879974 0.0193815892861 0.00815587037112 0.0283030231509 0.0378910489642 0.0228950569503 0.00641777864373 -0.0124029476621 0.0120033177733 0.0192377362614 0.0137104510425 0.00201850436534 0.0127838154974 0.22647386953 0.0192838449206 0.0198434643153 0.017543535979 0.0134747871387 0.0273771501767 0.0144739196243 0.0352393441354 0.0181205239601 0.0102954902375 0.0275411842223 
0.0130493765679 0.0166216688558 0.0213379264825 0.0187147986067 0.00931959034206 0.0155945852116 0.0257858547205 0.0157557599178 0.0624259418003 0.056064890024 0.0210296091612 -0.00602590176698 0.0346846229887 0.0435569105435 0.00106205283795 -0.0118275348618 0.0147677119257 0.00522431030954 0.000893190310378 0.0348426928808 0.00900878201702 0.0263547097924 0.00356052679104 -0.00577959198023 0.00602829948795 0.0165242649716 0.0121497385835 0.0251255016753 0.00945552323746 0.0192838449206 0.483809529478 0.028574078045 0.0158247980372 0.0203840483744 0.0381388180704 0.0265836067647 0.0321131982956 0.00853305912156 0.0273665438445 0.0239328776966 
0.017030236997 0.0101249902587 -0.0031487561757 0.0197337363325 0.039042397995 -0.00584948349807 0.0715912289774 0.0378386057281 0.0235168529873 0.024191062372 0.00688738309176 0.0260093837391 0.0125113143015 0.00900455111933 0.00923021149307 0.0263227137226 0.0594043036118 0.0141480424274 0.0386585695195 0.0427134194203 0.00949998355469 0.0365077057637 0.0124343856286 0.00480269176357 -0.0169409498009 0.0151203425572 0.00590801226837 0.00650400319701 0.0143671359736 0.0198434643153 0.028574078045 2.07816287294 0.0103326086081 -0.00790221105096 0.0574330627022 0.00878821918791 -0.00648698696768 0.0422226439226 -0.00725387099296 0.01485102672 
-0.00147009306749 0.0180602256774 0.0111922622005 0.0203738790495 0.0170921460361 0.00881451045811 0.0247397770914 0.00954816204831 0.0188047242883 0.0202919450046 -0.00131792169844 0.0162374728187 0.00845379521002 0.00828831983003 0.00537783841832 0.0235985763386 -0.000882859484382 0.0149631453556 0.00127609359352 0.00597648806226 0.0352750435084 0.0149082927512 0.00376216699289 0.0165160691543 0.0122285008501 0.0143255832221 0.0171461314709 0.0308881276428 0.0220352747041 0.017543535979 0.0158247980372 0.0103326086081 0.209095457313 0.0108878658754 0.0186108186678 0.00998514429696 0.00385536810595 0.0319881358876 0.0110104015429 0.0170953527136 
0.00108907192257 0.0248363465625 0.000110653047844 0.0309621295259 0.0230553426104 0.00365372962856 0.00324848921451 0.00342920037957 0.000365554009769 0.00816836045215 0.00200776364597 -0.000134674292688 0.0148617081035 0.00779612122465 0.0217779844708 0.00558480415145 0.0151523343231 0.00981333929758 0.0139429151137 0.0106267499472 0.0268083461239 0.0072911981877 0.00856275191101 0.0219426905406 0.0231487630612 0.0092261686902 0.00832725544528 0.000577683900629 0.00531283190276 0.0134747871387 0.0203840483744 -0.00790221105096 0.0108878658754 0.238599212418 0.0264411874768 0.0039420963534 0.0114634351529 0.00609981492102 0.00701919598645 -0.00351547122455 
0.0250227321548 0.0368150013245 0.0257393271103 0.0268445335112 0.0154441828578 0.00323804548211 0.0523548593522 0.084592524866 0.0360860153574 0.00792450208168 0.018119631273 0.0387831336243 0.0129537876978 0.028521199262 0.000490841446104 0.0230932902976 0.00722391751906 0.0160422327521 0.0114412092816 0.0439702252349 0.034898807003 0.00894477879394 0.020577113803 0.0135482735071 0.0201257201982 -0.0106686834599 0.0325682339157 0.0629128042811 0.0577823727949 0.0273771501767 0.0381388180704 0.0574330627022 0.0186108186678 0.0264411874768 0.484296425498 0.0518460680007 0.049495338587 0.0485009555325 0.00645589723083 0.0341748890614 
0.0289265477959 0.00233408933527 0.0088715547849 0.0108500800456 0.0219181080669 0.0275887587732 0.0263854056757 0.0334158942486 0.0855911275978 0.0674235386393 0.0159760952584 0.0157236119769 0.0113222442767 0.0324900972853 0.0168617618517 0.000219624133662 0.0148929691895 0.0152837197092 0.00650161281463 0.0555923300751 0.0322945641914 0.015082228746 0.00117549032607 0.0203873482305 0.02410175826 0.0178554580306 0.0256971744386 0.0260435198822 0.0283825866091 0.0144739196243 0.0265836067647 0.00878821918791 0.00998514429696 0.0039420963534 0.0518460680007 0.333506523827 0.0306578855848 0.019448350908 0.0406254768678 -0.00766376899965 
0.0286858067458 0.0107625694651 0.00666433970638 0.0206247576769 0.0359647522112 -0.0337683648413 0.0451583789361 0.0203817648517 0.0282354713281 0.0269425428389 0.025184847874 0.00196339901873 0.00482530635552 0.0219478429409 0.0169155476521 0.0217836244905 0.0122797359194 0.00739935574997 0.00684573279879 0.0386050473812 0.0138084321774 0.00888982154552 0.0071970053605 0.0289316734209 0.0126086500959 0.00600279759678 0.0260649553438 0.0228655040471 0.0204613549768 0.0352393441354 0.0321131982956 -0.00648698696768 0.00385536810595 0.0114634351529 0.049495338587 0.0306578855848 0.250943935815 0.0494641315304 0.00856858799236 0.0168944664313 
0.01766098511 0.0321957244902 -0.00589194676118 0.023830661265 0.0320048781742 0.000746008049305 0.0249288131359 0.0287271219819 0.0150178692867 0.0207136091231 0.0165029983417 0.0128817081591 0.028243103499 0.00835220571614 0.0136073386108 0.0142468046137 0.0118967772826 0.0133748848302 0.00113028207707 0.0677193410927 0.0283434234277 0.00201484322321 0.0185280110199 0.00842669943497 0.0172754185347 0.015282186057 0.0270581004561 0.024545301356 0.0252601301504 0.0181205239601 0.00853305912156 0.0422226439226 0.0319881358876 0.00609981492102 0.0485009555325 0.019448350908 0.0494641315304 0.215574555407 0.0119532129412 0.0319118219842 
0.0239959761545 0.0125996698411 0.0165941266972 0.0194637347505 0.0214603917949 0.0161571879186 0.0310676853677 0.0072863437953 0.0384179100595 0.0350519494874 0.0148351259265 0.0178054541751 0.0152879758846 0.012091505007 0.00501447406894 0.0126833158686 0.0240386912773 0.0164336121222 0.0130075453791 0.0403809931819 0.0107991042059 0.0258994286939 0.0110845083782 -0.000399408424406 0.022398193912 0.0240208009273 0.00706637055776 0.00820137249639 0.00963703780535 0.0102954902375 0.0273665438445 -0.00725387099296 0.0110104015429 0.00701919598645 0.00645589723083 0.0406254768678 0.00856858799236 0.0119532129412 0.192670253143 0.00507039465795 
-0.00351327756951 0.0215219205419 0.0198748166905 0.0310545386243 0.0181016221475 0.0101015279959 0.0261480050222 0.012685036874 -0.00332095796952 0.0329457226604 0.0200495106238 -0.0002997039513 0.0412456915745 0.0121400757189 0.00868517943259 0.0328024814081 0.00119296151759 0.00165641338346 0.00337379495834 0.04427094045 0.00747463050982 0.0049465791008 0.0119936788379 -0.00182130887337 0.0145606481919 0.0116411336764 0.0222034988935 0.0278978334052 0.0124397741121 0.0275411842223 0.0239328776966 0.01485102672 0.0170953527136 -0.00351547122455 0.0341748890614 -0.00766376899965 0.0168944664313 0.0319118219842 0.00507039465795 0.521863204155 

['UPS', 'DD', 'CCU', 'STJ', 'ASN', 'MAT', 'CAT', 'LLTC', 'FD', 'GPS', 'STZ', 'THC', 'MHP', 'TMO', 'PGN', 'WPI', 'PFE', 'EOP', 'CL', 'R', 'AXP', 'KG', 'PBG', 'CMS', 'UST', 'BOL', 'TYC', 'SUNW', 'QLGC', 'MTG', 'SBUX', 'BRCM', 'IFF', 'BAX', 'TER', 'LTD', 'GWW', 'APD', 'WMT', 'MCO']