30
0.0314738433907 0.0260517267587 0.022286409141 0.0843714281037 0.0672535079153 0.0784336943662 0.0384738749472 0.0612619406497 0.119859861498 0.0308768641188 0.0383245101253 0.0484031048171 0.0470472683343 0.127416862275 0.0631385093148 0.0991765707177 0.0441448787565 0.045915457725 0.125871369107 0.107116270008 0.0425593974561 0.0123991351417 0.0440278725419 0.0770368317024 0.070265204238 0.371102806834 0.128413882411 0.0273717205438 0.0533662879029 0.104903250727 
0.291234919566 -0.0133954726743 0.00302755919618 0.0154912639999 0.0186778328046 -0.00599159769531 0.00715201688116 0.0404249710116 0.0183037582421 0.0017850236274 0.0211177586149 0.0182565710349 0.0156227199089 0.0281001549497 0.00376990815488 0.0503634153483 0.0217828954662 0.0113758781907 -0.000933815456093 0.0164401256568 0.0163259856963 0.0169714102938 0.00666534699294 0.0112806125209 0.00126088796131 0.0086561452509 0.0270366882714 0.0196051699753 0.00410967864192 0.0123632277194 
-0.0133954726743 0.183421212376 0.0160525260952 0.00598395646289 0.0343582514612 0.0191461094257 0.00937692932342 0.00971331786236 0.0251130132755 0.0221702145772 0.0231016234656 0.0437965481473 0.0185789702018 0.0263859732912 0.0390457766706 -0.0145205492711 0.0243139658952 0.0172777928987 0.0148068984353 0.0378653687158 0.0246256237966 0.0115790070783 0.0206112946292 0.00512269427744 0.00236796042812 0.027711825133 0.0183009769628 0.022713588593 0.00823976112848 0.0464723191864 
0.00302755919618 0.0160525260952 0.248502023108 0.0132034655398 0.0173210515391 0.000630278662087 0.00230437404413 0.00343319860574 0.00844660351069 0.00489718804875 0.0187885544914 -0.00766226747015 0.0134756193247 0.0320967075124 0.00258498127844 0.000963823049453 0.00751214482395 0.0161771774526 0.0112518246235 0.0172534562158 0.00614945411065 0.00138554422441 0.00453461591001 0.00645346525444 -0.00164661899387 -0.000770326347919 0.0138730986579 0.00789619621181 0.00896250798428 0.00199155838259 
0.0154912639999 0.00598395646289 0.0132034655398 0.85617237119 0.04420971752 0.00487939961562 0.0221379611113 0.0129539192382 0.0013241598677 0.00590463224693 0.0129247101444 -3.70957016062e-05 0.011175191445 -4.55717517119e-05 0.0205487315969 0.00850501624941 0.0525877953947 0.0263681545359 0.118115401997 0.012744985606 0.00160142180119 0.0151748884238 0.021308990097 0.00880774596461 0.00782038734138 0.0663104910522 -0.00114850340254 0.0100372539979 -0.00856110041742 0.0232647774633 
0.0186778328046 0.0343582514612 0.0173210515391 0.04420971752 0.345832458144 0.00154359193718 0.0151244266264 0.0301354763622 0.0023568495646 0.0197057549528 0.0587650947728 0.0375296530569 0.0256199695741 -0.000746329537769 0.0238233184358 -0.000995752017277 0.0481040683942 0.0060600061052 0.0150873003817 0.0508989078843 0.0513729388194 0.00818008012858 0.0260301711853 0.0207976066444 0.0226848541185 0.0317393962382 0.0189828494842 0.0283788991995 0.024683032839 0.0319196063049 
-0.00599159769531 0.0191461094257 0.000630278662087 0.00487939961562 0.00154359193718 0.369168755197 0.0229960133444 0.0163639117387 0.0223480583304 0.0202492056614 0.0211197581279 0.00821241412034 0.00721984109182 0.0245153140912 -0.00622866034702 0.0328608144682 0.0188337935253 0.0098732923599 -0.00703588237822 0.0136238891486 0.0101088487213 0.00860204539074 0.0279523851902 -0.007910999544 0.0044840910341 0.0606651400756 -0.0101404772324 0.0163217010462 0.00256046616463 0.0381170828363 
0.00715201688116 0.00937692932342 0.00230437404413 0.0221379611113 0.0151244266264 0.0229960133444 0.232755003371 0.0105636282207 0.0114357932816 0.005495754235 -0.00700482182406 0.0135824920857 0.018940058506 0.0176698285335 0.0133083058699 -0.00381478480223 0.0333834813333 0.0224733152052 0.00599432023463 -0.00185867753955 0.0168829202326 0.0132281047852 0.0063171095504 0.0212079882803 0.0128024755472 0.0290035138316 0.0371424223836 0.00643589195176 0.0162387642638 0.0310704317531 
0.0404249710116 0.00971331786236 0.00343319860574 0.0129539192382 0.0301354763622 0.0163639117387 0.0105636282207 0.352754192931 0.0565667118512 0.00752003823903 0.0354328324797 0.00482634789279 0.0190955582112 0.0120234738965 0.0626411038588 0.0393599973467 0.0209220772519 0.0200585385993 -0.018502124692 0.0587951022495 0.0355974921685 0.0133121277699 0.00992780650149 0.0107299089365 0.00738749665474 0.0391569608495 0.0365030119066 0.0141626409314 0.0212374901405 0.0192782536186 
0.0183037582421 0.0251130132755 0.00844660351069 0.0013241598677 0.0023568495646 0.0223480583304 0.0114357932816 0.0565667118512 0.508829890078 0.0253183362398 0.0160025066217 0.022546749964 0.0115944463974 0.0311559379985 0.0911557523082 0.00162898279364 0.0148420283273 0.0118877849618 0.12202785099 0.0696868035466 0.0240633055553 0.0140410954752 0.0116398593658 0.0203730637571 0.0653009459576 0.0393879457853 0.0333476486293 0.024340400484 0.0237619437797 0.0386829025728 
0.0017850236274 0.0221702145772 0.00489718804875 0.00590463224693 0.0197057549528 0.0202492056614 0.005495754235 0.00752003823903 0.0253183362398 0.263370111624 0.0295092593337 0.0329331053039 0.0101091717388 0.00128985909601 0.0141079602156 -0.00298471057051 0.0387097426385 0.0436241296727 0.00722823596846 0.0359156041074 0.0124136612336 0.0085876918236 0.00659537378906 -0.00375066750391 0.0149493816286 0.0326598314849 0.0112709452757 0.00657100261798 0.000953950823011 0.0142600155115 
0.0211177586149 0.0231016234656 0.0187885544914 0.0129247101444 0.0587650947728 0.0211197581279 -0.00700482182406 0.0354328324797 0.0160025066217 0.0295092593337 0.335949339057 0.022570396268 0.0191108944225 0.0143108622706 0.0135380513132 -0.00399501338519 0.0233340111074 0.0209846013779 0.0105276525393 0.0370248132248 0.0363422917548 0.0166484025279 0.0302045055362 0.00457154398282 -0.00455495974442 0.0278191371758 0.0330151543352 0.00709709252147 0.014741931079 0.0247181157542 
0.0182565710349 0.0437965481473 -0.00766226747015 -3.70957016061e-05 0.0375296530569 0.00821241412034 0.0135824920857 0.00482634789279 0.022546749964 0.0329331053039 0.022570396268 0.260339540179 0.0235800789372 0.0339110637856 0.0269425206207 -0.0146368980909 0.0486107467155 0.0278046446396 0.00428745030587 0.0492618725318 0.0359122239492 0.00507285963387 0.0253234657379 0.00450163085279 0.0220515328787 0.0550122562504 0.0378023535664 0.0186884034173 0.00924015774509 0.0412550853106 
0.0156227199089 0.0185789702018 0.0134756193247 0.011175191445 0.0256199695741 0.00721984109182 0.018940058506 0.0190955582112 0.0115944463974 0.0101091717388 0.0191108944225 0.0235800789372 0.213716546673 0.0117899615897 0.0182225557814 0.00820951152355 0.0493468139226 0.0177041124062 -0.00566044377569 0.0153115319058 0.0329784419699 0.0172545913958 0.0243730305712 0.0172041081925 0.000589591574926 0.0201330439898 0.0314162309563 0.0277552642325 0.0222505860916 0.0278154706672 
0.0281001549497 0.0263859732912 0.0320967075124 -4.55717517112e-05 -0.00074632953777 0.0245153140912 0.0176698285335 0.0120234738965 0.0311559379985 0.00128985909601 0.0143108622706 0.0339110637856 0.0117899615897 0.448476748544 0.0249624663879 0.0425132422642 0.0156662580406 0.0221399404352 -0.0107210484721 0.0195388959397 0.0233739406567 0.0157553100675 0.0126128874716 0.0189103168622 0.0160601639151 0.0722448153088 0.20580999736 0.0294226819119 0.00339462600102 0.0340707316703 
0.00376990815488 0.0390457766706 0.00258498127844 0.0205487315969 0.0238233184358 -0.00622866034702 0.0133083058699 0.0626411038588 0.0911557523082 0.0141079602156 0.0135380513132 0.0269425206207 0.0182225557814 0.0249624663879 0.353456682905 0.00362967686066 0.016205968774 0.0168339713558 0.00364622105975 0.0646375136355 0.0134187065198 0.0210202509323 0.0110649633249 0.0234615423888 0.000326932218964 0.0845632931283 0.0267346782046 0.0261142473672 0.0132855286337 0.0360508513583 
0.0503634153483 -0.0145205492711 0.000963823049453 0.00850501624941 -0.000995752017276 0.0328608144682 -0.00381478480223 0.0393599973467 0.00162898279364 -0.00298471057051 -0.00399501338519 -0.0146368980909 0.00820951152355 0.0425132422642 0.00362967686066 0.637211560573 -0.00120681982803 0.0135170753018 0.00334689093635 -0.00283473308425 -0.00183685762331 0.0133880815086 0.0124775195632 0.0167829510732 -0.00103737417767 0.0429561738058 -0.00487384243981 0.00693413864854 0.00521965851158 -0.0164567395806 
0.0217828954662 0.0243139658952 0.00751214482395 0.0525877953947 0.0481040683942 0.0188337935253 0.0333834813333 0.0209220772519 0.0148420283273 0.0387097426385 0.0233340111074 0.0486107467155 0.0493468139226 0.0156662580406 0.016205968774 -0.00120681982803 0.260064349101 0.0284955339826 -0.00606581181309 0.036842640116 0.0185779808444 0.0291636405565 0.019376673594 -0.00372025730656 0.0107891508163 0.0302125284506 0.0191951134421 0.0281079940472 0.0249903237266 0.0456326666814 
0.0113758781907 0.0172777928987 0.0161771774526 0.0263681545359 0.0060600061052 0.0098732923599 0.0224733152052 0.0200585385993 0.0118877849618 0.0436241296727 0.0209846013779 0.0278046446396 0.0177041124062 0.0221399404352 0.0168339713558 0.0135170753018 0.0284955339826 0.329444074955 0.0153231581402 0.0267667133691 0.0140929812894 0.0243801830046 0.0245416241908 0.0257345875726 0.00428177162423 0.0325331348238 0.0347427455741 0.010657717123 -0.00310603461908 0.0257487878502 
-0.000933815456093 0.0148068984353 0.0112518246235 0.118115401997 0.0150873003817 -0.00703588237822 0.00599432023462 -0.018502124692 0.12202785099 0.00722823596846 0.0105276525393 0.00428745030587 -0.00566044377569 -0.0107210484721 0.00364622105975 0.00334689093635 -0.00606581181309 0.0153231581402 0.829580855467 0.021532699456 0.0284362978712 -0.00718336463204 -0.000656570499636 0.00081666100457 2.08449191142e-05 0.0248052256556 -0.00777257400606 -0.00752760237822 0.00886543352376 0.0217510026862 
0.0164401256568 0.0378653687158 0.0172534562158 0.012744985606 0.0508989078843 0.0136238891486 -0.00185867753955 0.0587951022495 0.0696868035466 0.0359156041074 0.0370248132248 0.0492618725318 0.0153115319058 0.0195388959397 0.0646375136355 -0.00283473308425 0.036842640116 0.0267667133691 0.021532699456 0.530227443427 0.0656892321318 0.0145275345113 0.0299899979523 0.0306142402612 -0.00122130601712 0.0856303857045 0.0585111674011 0.0438949980952 0.0298179131844 0.0638936475236 
0.0163259856963 0.0246256237966 0.00614945411065 0.00160142180119 0.0513729388194 0.0101088487213 0.0168829202326 0.0355974921685 0.0240633055553 0.0124136612336 0.0363422917548 0.0359122239492 0.0329784419699 0.0233739406567 0.0134187065198 -0.00183685762331 0.0185779808444 0.0140929812894 0.0284362978712 0.0656892321318 0.397273018655 0.0231707163942 0.0668100402949 0.0294418280022 0.00697662142177 0.0075252117061 0.0349854263104 0.0196513961042 0.0404904617812 0.0259022645573 
0.0169714102938 0.0115790070783 0.00138554422441 0.0151748884238 0.00818008012858 0.00860204539074 0.0132281047852 0.0133121277699 0.0140410954752 0.0085876918236 0.0166484025279 0.00507285963387 0.0172545913958 0.0157553100675 0.0210202509323 0.0133880815086 0.0291636405565 0.0243801830046 -0.00718336463204 0.0145275345113 0.0231707163942 0.190935369043 0.0239521982138 0.0182361451946 0.00103659461163 -0.000307681850335 0.0214130584316 0.0107472048085 0.0312655254661 0.0199254849801 
0.00666534699294 0.0206112946292 0.00453461591001 0.021308990097 0.0260301711853 0.0279523851902 0.0063171095504 0.00992780650149 0.0116398593658 0.00659537378906 0.0302045055362 0.0253234657379 0.0243730305712 0.0126128874716 0.0110649633249 0.0124775195632 0.019376673594 0.0245416241908 -0.000656570499636 0.0299899979523 0.0668100402949 0.0239521982138 0.228894623745 -0.000476531021611 0.0208393933885 0.0255199322432 0.00415550425857 0.0222577528632 0.0207394038542 0.0289530074467 
0.0112806125209 0.00512269427744 0.00645346525444 0.00880774596461 0.0207976066444 -0.007910999544 0.0212079882803 0.0107299089365 0.0203730637571 -0.00375066750391 0.00457154398282 0.00450163085279 0.0172041081925 0.0189103168622 0.0234615423888 0.0167829510732 -0.00372025730656 0.0257345875726 0.00081666100457 0.0306142402612 0.0294418280022 0.0182361451946 -0.000476531021611 0.343532837521 0.00194316221558 0.0419595930611 0.0384630544751 0.0149706692402 0.00837997798577 0.0352433127289 
0.00126088796131 0.00236796042812 -0.00164661899387 0.00782038734138 0.0226848541185 0.0044840910341 0.0128024755472 0.00738749665474 0.0653009459576 0.0149493816286 -0.00455495974443 0.0220515328787 0.000589591574926 0.0160601639151 0.000326932218964 -0.00103737417767 0.0107891508163 0.00428177162423 2.08449191138e-05 -0.00122130601712 0.00697662142177 0.00103659461163 0.0208393933885 0.00194316221558 0.981146583824 0.0184440010381 0.0316882024461 0.00796911117561 0.00498196139551 0.0133361150261 
0.0086561452509 0.027711825133 -0.000770326347919 0.0663104910522 0.0317393962382 0.0606651400756 0.0290035138316 0.0391569608495 0.0393879457853 0.0326598314849 0.0278191371758 0.0550122562504 0.0201330439898 0.0722448153088 0.0845632931283 0.0429561738058 0.0302125284506 0.0325331348238 0.0248052256556 0.0856303857045 0.0075252117061 -0.000307681850335 0.0255199322432 0.0419595930611 0.0184440010381 1.23834998255 0.0883521608724 0.0191711153555 0.0128470367614 0.0459149675279 
0.0270366882714 0.0183009769628 0.0138730986579 -0.00114850340254 0.0189828494842 -0.0101404772324 0.0371424223836 0.0365030119066 0.0333476486293 0.0112709452757 0.0330151543352 0.0378023535664 0.0314162309563 0.20580999736 0.0267346782046 -0.00487384243981 0.0191951134421 0.0347427455741 -0.00777257400606 0.0585111674011 0.0349854263104 0.0214130584316 0.00415550425857 0.0384630544751 0.0316882024461 0.0883521608724 0.456279796259 0.0268554872018 -0.00191001005607 0.0468366526608 
0.0196051699753 0.022713588593 0.00789619621181 0.0100372539979 0.0283788991995 0.0163217010462 0.00643589195176 0.0141626409314 0.024340400484 0.00657100261798 0.00709709252147 0.0186884034173 0.0277552642325 0.0294226819119 0.0261142473672 0.00693413864854 0.0281079940472 0.010657717123 -0.00752760237822 0.0438949980952 0.0196513961042 0.0107472048085 0.0222577528632 0.0149706692402 0.00796911117561 0.0191711153555 0.0268554872018 0.239423840379 0.0173425305967 0.0268970300605 
0.00410967864192 0.00823976112848 0.00896250798428 -0.00856110041742 0.024683032839 0.00256046616463 0.0162387642638 0.0212374901405 0.0237619437797 0.000953950823011 0.014741931079 0.00924015774509 0.0222505860916 0.00339462600102 0.0132855286337 0.00521965851158 0.0249903237266 -0.00310603461908 0.00886543352376 0.0298179131844 0.0404904617812 0.0312655254661 0.0207394038542 0.00837997798577 0.00498196139551 0.0128470367614 -0.00191001005607 0.0173425305967 0.430872446491 0.00173250787169 
0.0123632277194 0.0464723191864 0.00199155838259 0.0232647774633 0.0319196063049 0.0381170828363 0.0310704317531 0.0192782536186 0.0386829025728 0.0142600155115 0.0247181157542 0.0412550853106 0.0278154706672 0.0340707316703 0.0360508513583 -0.0164567395806 0.0456326666814 0.0257487878502 0.0217510026862 0.0638936475236 0.0259022645573 0.0199254849801 0.0289530074467 0.0352433127289 0.0133361150261 0.0459149675279 0.0468366526608 0.0268970300605 0.00173250787169 0.476016377235 

['MMC', 'SEE', 'NKE', 'WAT', 'LTD', 'MHS', 'ABC', 'QLGC', 'CTXS', 'FDC', 'BBBY', 'IP', 'EQR', 'RIG', 'UNP', 'MYL', 'MEL', 'UNM', 'CVG', 'NSM', 'BC', 'TWX', 'WMI', 'KG', 'NFB', 'CIEN', 'HAL', 'TYC', 'NWL', 'MON']