50
0.0449016594387 0.0304536481296 0.0206012582373 0.0267221777707 0.0361599942098 0.0355019489908 0.0843714281037 0.128413882411 0.090319564185 0.0247746242904 0.00361039022472 0.121001700606 0.114001255301 0.0631385093148 0.0690593134036 0.0522856391002 0.0726136826411 0.153319254475 0.133882810383 0.0707348977441 0.0144645316835 0.039859092222 0.0388313797841 0.0275926739743 0.0695535734162 0.0115927538848 0.0412963652708 0.0896788789081 0.133327922328 0.0377827405953 0.0952892642352 0.0424048973372 0.0184249616408 0.0113752176021 0.166074759161 0.0597094198611 0.0157982173188 0.0333203023267 0.0448147494519 0.0340754658053 0.0754552666066 0.0514292405054 0.0367752030525 0.041097516798 0.0162161188728 0.0352458247454 0.0240188564254 0.0565518641406 0.018453974145 0.0404531955786 
0.318025988389 0.0157612203758 0.031381221597 0.0189845617613 0.0148089829699 0.0174378729379 0.0261205782317 0.0121928816736 0.00337731649226 0.00782335012145 0.0203864827879 0.0198632598341 -0.00903956914825 0.0339295426851 0.0253564093111 0.0554999227319 0.03996165297 0.0523292012842 0.0161447507014 0.00962003659543 0.0150002745864 0.00900328916073 0.00961453717996 0.00599401125472 0.000343976977822 0.0168939640569 0.0147666545102 0.0369353860758 0.00187160895236 0.00126044938607 0.030859540179 0.0134173308315 0.0142219545646 0.0154946810828 0.0474989872153 0.0115238882529 0.0406266829472 -0.00829443931152 0.005784343165 0.00546387071154 0.00977830397512 0.0277346830631 0.0118139075189 0.00446491584441 0.00565397597714 0.0168393946888 0.031887351527 0.0166622271827 0.0113690783115 0.0268934490339 
0.0157612203758 0.210352904146 0.00707615823905 0.0337860137607 0.0332799837278 0.0118967533107 0.0279567522534 0.00862396521033 0.0223314467274 0.0208927321892 0.0199658774846 0.00938061787087 0.00144471779555 -0.00214326613771 0.00805070847821 0.0180558000805 0.0165428739208 0.0474332607985 0.0186319026865 0.0165404027682 0.00548860815048 0.0167495002463 0.017406860033 0.0203609375946 0.0188372291209 0.0149853824423 0.0174385361343 0.0339803228848 0.0181979170541 0.0172532576477 0.0171921511866 0.0145597358769 0.0587084298968 0.0233669947372 0.0214550222508 0.021447527269 0.00865561645253 0.0157065207418 0.00278253157848 0.00274648058769 0.00944332578138 0.0273525535737 0.0133983570092 0.0265130085743 0.0214289856045 0.0157219871852 0.0206740358235 0.0355283025962 0.0121002878341 0.0113271947721 
0.031381221597 0.00707615823905 0.181651168989 0.0109608203716 0.000108582856863 0.0144454888686 -0.000626711687225 0.0185160457181 0.019256279516 0.0159186433266 0.0120736555541 0.016518517759 0.00514495757319 0.0340814886716 0.0249429931315 0.0363906189123 0.0284965165479 0.0137650577117 0.0286416234713 0.0113675909985 0.0212445528068 0.0223013403003 0.0194591808346 0.00704951875695 0.000828866853885 0.0168760829039 0.00755624907771 0.0111625991631 0.0114475252867 0.000304066928061 0.0213188983979 -0.0029126283567 0.0145920593187 0.00530487106515 0.0408675394814 0.0166230488592 0.00299561450184 0.00699858300508 0.0133096551836 0.00387852718925 0.0147870461851 0.0145949487096 0.0146893815053 0.0263326340875 0.0159201508734 0.00926776652287 0.0353792836325 0.0108195715828 0.00863598566034 0.0104516429463 
0.0189845617613 0.0337860137607 0.0109608203716 0.17013643905 0.0466095318898 0.0096942564594 0.0176761206983 0.0329972996644 0.00469388634618 0.00558002836523 0.0272968007889 0.0283916623802 0.023229473287 0.0107736600827 0.0154756426212 0.0150998696827 0.00985172780286 0.0129898567407 0.0380886353236 0.0141764764674 0.0151710611561 0.0158016657145 0.010464823304 0.0158148965996 0.00546075960795 0.0167046592852 0.0111397482006 0.0188584147596 0.0273531335223 0.0428757810554 0.0130915082251 0.0108416202023 0.036057960687 0.0122386558589 0.0336794264531 0.0198573282183 0.0193518023643 0.0110027201418 0.0025650510434 0.00944400651549 0.0183112590548 0.0218221818586 0.00777706616645 0.0249682753795 0.0466875790719 0.0103804715323 0.0157698839251 0.0236267489699 0.00424993237738 0.0161804831979 
0.0148089829699 0.0332799837278 0.000108582856863 0.0466095318898 0.225486521538 -0.0047295616783 -0.00383107440189 0.0407166499342 0.00688546127331 0.0250122802437 0.0109178712204 0.0569210728335 0.0088877345964 0.019742193912 0.00140946207095 0.00805484774021 0.0237909608719 0.0129448427918 0.016352100562 0.0069015477854 0.0140219600698 0.0135415727031 0.00249915859791 -0.00536081255039 -0.00478793986487 0.016274222787 0.0180677198248 0.00997180252956 0.024681591293 0.0270229417928 -0.000698206092362 0.00527248621493 0.0261970282983 0.0227854608912 0.00823071347873 -0.00663599936269 0.0248045028761 0.0114815066888 0.0180136601054 0.0220421824413 0.016405529921 0.0303171442696 0.00537086690696 0.0148284931702 0.0396672796339 0.00606237599195 0.00644035825656 0.0409655325935 0.00166540446699 0.00513217205081 
0.0174378729379 0.0118967533107 0.0144454888686 0.0096942564594 -0.0047295616783 0.304114044725 0.030702181462 0.00961795924886 -0.000399700919283 0.0298514450734 0.0207059598386 0.0170228095583 0.00380554401849 0.00896004711895 0.0288876671989 0.0113185113755 0.0310631884198 0.00651227626639 0.0152214619049 0.0151934770371 0.0181390371653 0.00489598062134 0.00217823748671 -0.000993139823001 0.0113209765789 0.00957390565024 0.013548196549 0.0351495688254 0.0277843391459 0.0063852028832 0.0226867515985 0.018649996657 0.0204462229535 0.0103548321049 -0.00208391879608 0.00831340635464 0.0155803881187 0.0225305733588 0.0196433512879 0.0050700748876 0.0327881850762 0.00581305088265 0.00149232536662 0.0361722852988 0.00166277800585 0.0197267450651 0.0167792348957 0.0188874540216 0.0073567730742 0.0673704375223 
0.0261205782317 0.0279567522534 -0.000626711687226 0.0176761206983 -0.00383107440189 0.030702181462 0.861209660214 -0.00151028177247 0.0180858053968 0.00118803682489 -0.0103006524153 -0.0108637969425 -0.0052693461526 0.0198831592113 0.0139946791603 0.0080505588361 0.0183116229593 0.0335388346471 -0.0103635013301 0.0219166709195 0.0254800609836 0.0193550941775 0.0304963198459 0.00967435303866 -0.000578860253136 0.00751549721583 0.000165189708934 0.0110939236549 0.00402968833236 0.00776970869694 -0.0015335549234 -0.0158936549161 0.0174651670233 0.0131602490754 0.0672949454329 -0.00124535231529 0.0162977292825 0.0144348284671 0.0406480801303 -0.00049789440737 0.00921376176715 0.0192482098745 -0.00430685169615 0.0167051549931 0.0120317995338 0.0129188540537 0.0165838372478 0.0231616438202 -0.00207358122792 0.0343133630215 
0.0121928816736 0.00862396521033 0.0185160457181 0.0329972996644 0.0407166499342 0.00961795924886 -0.00151028177247 0.451553231158 0.0096886179919 0.0182747747192 0.0183101460111 0.076842783007 0.00984050452338 0.0250614542628 0.0220431840773 0.0235492926303 0.0443964128184 0.0182891253608 0.193610733428 0.0110033737601 0.00956954946576 0.0386355592235 0.0187616096873 0.0105265013807 -0.00849011804652 0.00794826285538 0.00402517524685 0.0301573400899 0.027715253235 0.0355873246024 -0.00527512841929 0.0258735925107 0.00914545834091 0.0133963610658 0.0915057990098 0.00567637335154 -0.00310008763263 0.00851825792717 0.00971317432236 0.0126616004403 0.0515671750602 0.0259870717851 -0.0259739621146 0.0385761876496 0.0265864690244 0.00608951042901 0.0178761005636 0.0379187320881 0.0176166015758 0.0403484512229 
0.00337731649226 0.0223314467274 0.019256279516 0.00469388634618 0.00688546127331 -0.000399700919283 0.0180858053968 0.0096886179919 0.607315515521 0.0123798571946 0.0233058655097 0.00731016885036 0.0026075970262 0.0175414788833 0.0138793912303 0.0110794316006 0.0407385135022 0.0290200952486 0.018036689358 -0.0061343806883 0.0221966788723 0.029205261901 0.0189707965515 0.0202881179227 0.0091107011544 0.0145449196793 0.0044817502446 0.0284748501381 0.0311799489947 0.00451426506031 0.00673302063044 0.0298840532309 0.030057884847 0.0378646739396 0.0398719674552 0.0355756845112 -0.00538561537836 0.0348083141576 0.0152856420638 0.00482888100671 0.0357252508777 0.0330868274394 0.0368277466272 -0.00790547286682 0.0087071756661 0.00937949903363 0.0359159026898 0.0388682701779 0.0135301500071 0.0182265703624 
0.00782335012145 0.0208927321892 0.0159186433266 0.00558002836523 0.0250122802437 0.0298514450734 0.00118803682489 0.0182747747192 0.0123798571946 0.179724627018 0.0089649370082 0.0151137978834 0.00752834203483 0.0140028170345 0.0296506386672 0.0183944306658 0.0222944184527 0.0243746482244 0.0104895234788 0.0273268565717 0.0173566558118 0.00848413891893 0.0161827757078 -0.000290388678204 0.040690579194 0.0161912648506 0.0182177936294 0.0293907874586 0.00951742174798 0.00154845507936 0.000465681691185 0.0146368029952 0.0263763270612 0.00374990330382 0.0301633684386 0.00340365526972 -0.00120877758362 0.0118278869356 0.0204041940364 0.00983402008293 0.0163296344342 0.0191453497379 0.0103273098216 0.00994656376671 0.0107999026745 0.0152800182563 0.0224274568461 0.0292013033632 0.00195212540371 0.0141066757815 
0.0203864827879 0.0199658774846 0.0120736555541 0.0272968007889 0.0109178712204 0.0207059598386 -0.0103006524153 0.0183101460111 0.0233058655097 0.0089649370082 0.205679891717 0.0195495881781 -0.00402067601676 -0.000317005865485 0.0154157106895 0.0174216067786 0.0249507432061 0.00923429938809 -1.37524872977e-05 0.0058440992231 0.0154995320605 0.0118800327217 0.0186955315914 0.0659556190417 0.000259277844575 0.012820525632 0.01397349177 0.0102776904695 0.0137383031445 0.0242756898009 0.0079523113239 0.0235446656481 0.0091587790988 0.0170262052217 0.0306527386499 0.00257352261938 0.00105934335092 0.0206302591659 -0.00652287709072 0.00287891645919 0.0103767631521 0.00671218232415 0.0128149938732 0.00985436776618 -0.00880992657225 0.0138498348128 0.0159593353237 0.0125767429322 0.00652413136153 0.0181197707023 
0.0198632598341 0.00938061787087 0.016518517759 0.0283916623802 0.0569210728335 0.0170228095583 -0.0108637969425 0.076842783007 0.00731016885036 0.0151137978834 0.0195495881781 0.729223477354 0.0127975827195 -0.000301172354329 -0.00444528997675 0.0358092448175 0.0241113364798 0.0676369451288 0.0566924846682 0.018875122048 -0.0160487129289 0.0250551326516 -0.00195473209844 0.0118265184126 -0.00286251466625 0.0207235565976 0.0366816847555 -0.00429558188414 0.00853825075028 0.0383048170603 0.00911284323141 0.00443464054287 0.01223564717 0.0104815548287 0.0317467114 -0.00702621019795 0.0187656596945 0.0152227794069 0.0242428323559 0.0221023056635 0.00468991190738 0.046242142333 -0.00593527734613 0.0212177843739 0.0451117330595 0.00654735602709 -0.00411550595375 0.0124293118162 0.0128732333608 0.0325459400742 
-0.00903956914825 0.00144471779555 0.00514495757319 0.023229473287 0.0088877345964 0.00380554401849 -0.0052693461526 0.00984050452338 0.0026075970262 0.00752834203483 -0.00402067601676 0.0127975827195 1.13753180333 -0.00606433376266 0.003653700808 0.000925204515603 0.00594796171687 -0.00326121649377 0.0395052712725 -0.0165595351859 -0.00505816083723 0.0274103648628 0.00799790126469 -0.00934896307344 0.0101087026523 0.00267528291229 0.0119215834196 0.00450815523284 -0.00849473737886 -0.00308918435791 -0.00987989779657 0.000727393614172 0.0062193258088 0.00058891892836 0.0178290392633 -0.00571976651543 -0.010370307287 -0.00020856403154 0.000546975728746 -0.00647861300382 -0.00958263059059 -0.0020737178284 0.0105626520993 -0.0015303087251 0.00841326339611 -0.0147374986508 0.0027812279723 -0.00792920368905 -0.0112756835151 0.0323143984486 
0.0339295426851 -0.00214326613771 0.0340814886716 0.0107736600827 0.019742193912 0.00896004711895 0.0198831592113 0.0250614542628 0.0175414788833 0.0140028170345 -0.000317005865485 -0.000301172354329 -0.00606433376266 0.358993595845 0.0102669746189 0.0434090584403 0.0581186478862 0.0361051397301 0.058880072159 0.014910889612 0.0282226579646 0.0269024448812 0.0333522325239 -0.00112837745222 0.00860751208617 0.0102270216918 0.00846766541591 0.0381358714244 0.0419332055447 0.00717569441206 0.0207476630292 0.00265347125284 0.00474992924675 0.0180779642878 0.035032184846 0.0122921786584 -0.000789790462477 0.0198317169365 0.00475977851155 0.00024625017429 0.0220773137973 0.0444412404305 0.0161873283707 0.00651280825424 0.00708292681495 0.0120358567061 0.0245390094054 0.0166461676075 0.00898975441407 0.041133627922 
0.0253564093111 0.00805070847821 0.0249429931315 0.0154756426212 0.00140946207095 0.0288876671989 0.0139946791603 0.0220431840773 0.0138793912303 0.0296506386672 0.0154157106895 -0.00444528997675 0.003653700808 0.0102669746189 0.427478862082 0.0106132922089 0.0229527753273 0.0163272768366 0.0467145438604 0.00703148276197 0.00901770247091 0.0320296967038 -0.00294666989895 0.0145704687958 0.030979019008 0.00549863943288 0.0109015586527 0.00594376261161 0.0100203532166 0.00963904533407 0.0187483569373 0.00581341568754 0.0253603941225 0.0112919495495 0.0429190696034 0.00410309267322 0.0180763115835 0.0114756297372 0.00713543341825 0.0122136347228 0.026320911586 0.0144619064926 0.0168179315484 0.0202690408302 0.00615796494811 0.0069248911497 0.00402729045475 0.0110606921403 -0.00897594313873 0.00788036877145 
0.0554999227319 0.0180558000805 0.0363906189123 0.0150998696827 0.00805484774021 0.0113185113755 0.0080505588361 0.0235492926303 0.0110794316006 0.0183944306658 0.0174216067786 0.0358092448175 0.000925204515603 0.0434090584403 0.0106132922089 0.283034640731 0.0470691364945 0.037981526241 0.0258950610639 0.00630525706938 0.00602520632387 0.0179437455387 0.000729420692886 0.023735560997 0.0104382703218 0.00790185861684 0.00154251368827 0.0136029336651 0.00484331189828 0.0229384909462 0.0175252449256 0.00437843400132 0.0283604686743 0.0115232605915 0.0791390396109 0.00951279410207 0.00479427096591 0.00603095551479 -0.0104125513821 0.00518267846241 -0.00433340845608 0.0322050102359 0.0141449293337 0.0282642253187 0.0134129955041 0.0117048651044 0.0321929772236 0.023354872652 -0.00703648668641 0.0349188279505 
0.03996165297 0.0165428739208 0.0284965165479 0.00985172780286 0.0237909608719 0.0310631884198 0.0183116229593 0.0443964128184 0.0407385135022 0.0222944184527 0.0249507432061 0.0241113364798 0.00594796171687 0.0581186478862 0.0229527753273 0.0470691364945 0.283941676074 0.0422530153342 0.0268822636712 0.023964548893 0.022574167264 0.0400415550271 0.0264403380331 0.00319782238064 0.00573770848557 0.0159437564976 0.0151894663731 0.0397384882948 0.0116342609106 0.0148302124328 0.0152527820741 0.0140258620041 0.0205162941463 0.0204668129253 0.067035306631 0.0254820100099 0.00849247509226 0.0136360911257 0.00265433428264 0.00577601289847 0.0540313024683 0.0306891104497 0.0299025692328 0.0181929304905 0.0112240435118 0.0137258676622 0.0309052842916 0.0278730587905 0.00130515485059 0.0461854397764 
0.0523292012842 0.0474332607985 0.0137650577117 0.0129898567407 0.0129448427918 0.00651227626639 0.0335388346471 0.0182891253608 0.0290200952486 0.0243746482244 0.00923429938809 0.0676369451288 -0.00326121649377 0.0361051397301 0.0163272768366 0.037981526241 0.0422530153342 0.619959422767 0.00397019229638 0.0182549640254 0.01198949146 0.0370664246908 0.0324960438093 0.0169138906858 0.0242715788878 0.012297001916 0.000323836705503 0.0520747049155 0.0253562605179 -0.000840710651713 0.0152299751674 0.0127722376971 0.0238408702564 0.0131100751163 0.0320114339179 0.02661498415 0.0264510572386 0.0211750812683 0.027256852586 0.0166750199383 0.050352317179 0.0542716488666 0.0183856421595 0.0212207022805 0.00711591481836 0.0419503250688 0.039870017962 0.0261274870876 0.0183395942905 0.0162218341129 
0.0161447507014 0.0186319026865 0.0286416234713 0.0380886353236 0.016352100562 0.0152214619049 -0.0103635013301 0.193610733428 0.018036689358 0.0104895234788 -1.37524872978e-05 0.0566924846682 0.0395052712725 0.058880072159 0.0467145438604 0.0258950610639 0.0268822636712 0.00397019229638 0.4544468963 -0.000637507779586 -0.00753860306894 0.0327550377881 0.0199407586981 -0.0077129973859 -0.00489789713981 0.0173362035839 -0.000536694455019 0.0228912469702 0.0158523203787 0.0356919267106 0.0326436539649 0.00239955925517 0.0126048647215 0.00451055157418 0.0917165915541 0.0147653534097 -0.00940019438722 0.00766965209133 -0.0165596518612 0.0035980305346 0.0312181547963 0.0252198522726 0.00123024172491 0.0324914268089 0.0202639788639 -0.000338429425543 0.0203188879864 0.021358329962 0.00555665965573 0.0315181779178 
0.00962003659543 0.0165404027682 0.0113675909985 0.0141764764674 0.0069015477854 0.0151934770371 0.0219166709195 0.0110033737601 -0.0061343806883 0.0273268565717 0.0058440992231 0.018875122048 -0.0165595351859 0.014910889612 0.00703148276196 0.00630525706938 0.023964548893 0.0182549640254 -0.000637507779586 0.300661946704 -0.000861585316418 0.00842421490122 0.0281147432081 0.00208091730305 -0.00251465863113 0.00831386415617 -0.00641103373804 0.0333519386536 -0.0076281124546 0.0143379455396 -0.0152025277294 -0.0191999575249 0.0161433093658 0.00186305316024 0.0358323502623 -0.0138191302071 0.0119928760096 0.0154293389854 0.0104435217716 0.0189761634675 0.0154049347881 0.00134086314537 0.0113759615657 0.0215921199191 0.0146872375093 0.000649926486735 0.00865304931342 0.00914031156744 -0.00460635642513 0.00483923900485 
0.0150002745864 0.00548860815048 0.0212445528068 0.0151710611561 0.0140219600698 0.0181390371653 0.0254800609836 0.00956954946576 0.0221966788723 0.0173566558118 0.0154995320605 -0.0160487129289 -0.00505816083723 0.0282226579646 0.00901770247091 0.00602520632387 0.022574167264 0.01198949146 -0.00753860306894 -0.000861585316418 0.285765445805 -0.0110961253086 -0.000594879547624 0.00288925307379 -0.00145302253634 0.00674713787869 0.00601518090464 0.0217553390418 0.0223862649306 0.0101978312799 0.0201325496678 0.0136617949577 0.0057440624547 0.00990836482878 0.0137569768057 0.00246351917432 0.00216151144948 0.00938447651596 0.00449444552518 0.00988419588542 0.00673880967396 0.0145188136418 0.0174690702419 -0.00164784530733 0.0127910866509 -0.00254443638857 0.0118650651847 0.0129258859928 0.00460791605904 0.00190290195627 
0.00900328916073 0.0167495002463 0.0223013403003 0.0158016657145 0.0135415727031 0.00489598062134 0.0193550941775 0.0386355592235 0.029205261901 0.00848413891893 0.0118800327217 0.0250551326516 0.0274103648628 0.0269024448812 0.0320296967038 0.0179437455387 0.0400415550271 0.0370664246908 0.0327550377881 0.00842421490122 -0.0110961253086 0.264206126029 0.0608685336544 0.00498307255425 0.00594149261135 0.0149622596806 0.0078084871989 0.0285238558844 0.0184849150426 0.0109538426607 0.00053830406716 0.0119892314559 0.0260115930611 0.0156459656994 0.0377757021909 0.00396095716889 0.00280492615581 6.82275735879e-05 0.013081640507 0.0124543208781 0.0286132007436 0.0319569467073 0.00760639258978 0.0208074231483 0.0172535736184 0.023543421979 0.00561779370239 0.00949171290253 0.0148156330383 0.0240068357906 
0.00961453717996 0.017406860033 0.0194591808346 0.010464823304 0.00249915859791 0.00217823748671 0.0304963198459 0.0187616096873 0.0189707965515 0.0161827757078 0.0186955315914 -0.00195473209844 0.00799790126469 0.0333522325239 -0.00294666989895 0.000729420692886 0.0264403380331 0.0324960438093 0.0199407586981 0.0281147432081 -0.000594879547624 0.0608685336544 0.397953222836 0.00969909979414 0.0130071411696 0.00713341853165 -0.00194249839605 0.0160059333475 0.015816626678 0.0173595378067 -0.00991384843839 0.0149887225368 0.0151628372942 0.0142950758852 0.0232452829927 0.0171717842548 0.000592499624425 0.016279534903 0.00832524316023 0.012001078607 0.0807546474986 0.0190922973762 0.00716757284529 -0.00294445043105 -0.00212447934885 0.0137353880667 0.0205200988939 0.0293671656129 0.00506370242748 0.0210858429663 
0.00599401125472 0.0203609375946 0.00704951875695 0.0158148965996 -0.00536081255039 -0.000993139823001 0.00967435303866 0.0105265013807 0.0202881179227 -0.000290388678204 0.0659556190417 0.0118265184126 -0.00934896307344 -0.00112837745222 0.0145704687958 0.023735560997 0.00319782238064 0.0169138906858 -0.0077129973859 0.00208091730305 0.00288925307379 0.00498307255425 0.00969909979414 0.36399252017 -0.00284602272328 0.0013743906406 0.0020444705919 -0.00391280865726 -0.0101098881456 0.0099038227781 -0.00239360255866 0.0148154543703 0.00911296744624 0.00167740147259 0.0200251684125 0.00327728679163 -0.00620901139105 -0.00682482044726 -0.00619210543309 0.00135805909801 0.00373040885315 -0.00100014110019 0.00995210585108 -0.0052231729316 0.0080755357449 -0.000112677852749 0.00779548651953 0.00611529450261 0.000324144336303 -0.004162070751 
0.000343976977822 0.0188372291209 0.000828866853885 0.00546075960795 -0.00478793986487 0.0113209765789 -0.000578860253136 -0.00849011804652 0.0091107011544 0.040690579194 0.000259277844574 -0.00286251466625 0.0101087026523 0.00860751208617 0.030979019008 0.0104382703218 0.00573770848557 0.0242715788878 -0.00489789713981 -0.00251465863113 -0.00145302253634 0.00594149261135 0.0130071411696 -0.00284602272328 0.395100691834 0.00591252465089 -9.17042976947e-05 0.00388071086604 -0.00220159835975 0.00482899958434 0.0133110574026 0.0161416498804 0.0153227756926 0.012154288884 0.0515726715405 -0.00947033697169 0.00729948811397 0.0115638190602 0.0254462480086 0.00821510606609 0.00544658916527 0.0156330232652 0.0168194448902 0.0117014659969 0.00111497700519 0.00151237212092 0.0112580115886 0.0390704273175 -0.00497855331518 0.0147817392433 
0.0168939640569 0.0149853824423 0.0168760829039 0.0167046592852 0.016274222787 0.00957390565024 0.00751549721583 0.00794826285538 0.0145449196793 0.0161912648506 0.012820525632 0.0207235565976 0.00267528291229 0.0102270216918 0.00549863943288 0.00790185861684 0.0159437564976 0.012297001916 0.0173362035839 0.00831386415617 0.00674713787869 0.0149622596806 0.00713341853165 0.0013743906406 0.00591252465089 0.143329338696 0.0101745200327 0.0107959888302 0.0127197673627 0.00905309200497 0.00562779332556 0.00390930385374 0.0181211953159 0.00784589481504 0.0310219067157 0.0184022641533 0.0167192201212 0.00934668113141 0.0122909246265 0.00717587002349 0.0205840895087 0.0209284505194 0.0087561815872 0.00963755249636 0.016590205778 0.00660869335519 0.0125596604743 0.0113551439364 0.00940756152727 -0.00155348807333 
0.0147666545102 0.0174385361343 0.00755624907771 0.0111397482006 0.0180677198248 0.013548196549 0.000165189708934 0.00402517524685 0.0044817502446 0.0182177936294 0.01397349177 0.0366816847555 0.0119215834196 0.00846766541591 0.0109015586527 0.00154251368827 0.0151894663731 0.000323836705503 -0.000536694455019 -0.00641103373804 0.00601518090464 0.0078084871989 -0.00194249839605 0.0020444705919 -9.17042976948e-05 0.0101745200327 0.246870158229 -0.00371665876936 0.00258489265069 0.014178096467 0.00882476930826 0.013052452017 0.0182515185025 0.00398968503198 0.00871301477559 0.0144336633481 0.0196928763442 0.00920633903188 -0.00233803685086 0.00626884982778 0.0180447660029 0.0164927320235 0.0158006307397 0.000553320668942 0.0225222640899 0.00637375294686 0.00504708959965 0.0122228754049 0.015925867651 0.0141824804238 
0.0369353860758 0.0339803228848 0.0111625991631 0.0188584147596 0.00997180252956 0.0351495688254 0.0110939236549 0.0301573400899 0.0284748501381 0.0293907874586 0.0102776904695 -0.00429558188414 0.00450815523284 0.0381358714244 0.00594376261161 0.0136029336651 0.0397384882948 0.0520747049155 0.0228912469702 0.0333519386536 0.0217553390418 0.0285238558844 0.0160059333475 -0.00391280865726 0.00388071086604 0.0107959888302 -0.00371665876936 0.553203965344 0.0499138221248 0.0123648469509 0.0354890685609 0.00549644281078 0.0257775688873 0.0328274167603 0.037504628399 0.0351379896785 0.00946827787447 0.00868275026758 0.0202000838968 0.0044092971549 0.0265721475535 0.0204399553751 0.0269609688681 0.00868863671222 0.0103438852967 0.0371099389142 0.0333922075222 0.0205691916741 0.0157689952885 0.0378750864783 
0.00187160895236 0.0181979170541 0.0114475252867 0.0273531335223 0.024681591293 0.0277843391459 0.00402968833236 0.027715253235 0.0311799489947 0.00951742174798 0.0137383031445 0.00853825075028 -0.00849473737886 0.0419332055447 0.0100203532166 0.00484331189828 0.0116342609106 0.0253562605179 0.0158523203787 -0.0076281124546 0.0223862649306 0.0184849150426 0.015816626678 -0.0101098881456 -0.00220159835975 0.0127197673627 0.00258489265069 0.0499138221248 0.829954087745 0.0207353641867 -0.01555765794 0.0122101148746 0.00556845762626 0.016136779944 -0.00174448072087 0.0151535816375 -0.0123913539462 0.0186889774773 0.0213624459808 0.00858310059433 0.0115277914658 0.0121488646059 0.00145645220621 0.00801662653216 0.00608202941248 0.027277707003 -0.00238529311796 -0.00196969859475 0.0226967528471 0.00248588411735 
0.00126044938607 0.0172532576477 0.000304066928061 0.0428757810554 0.0270229417928 0.0063852028832 0.00776970869694 0.0355873246024 0.00451426506031 0.00154845507936 0.0242756898009 0.0383048170603 -0.00308918435791 0.00717569441206 0.00963904533407 0.0229384909462 0.0148302124328 -0.000840710651713 0.0356919267106 0.0143379455396 0.0101978312799 0.0109538426607 0.0173595378067 0.0099038227781 0.00482899958434 0.00905309200497 0.014178096467 0.0123648469509 0.0207353641867 0.324099444677 0.0144826709045 0.0250615345278 0.017736921632 0.0227412293085 0.0158887750192 0.0050233275983 0.0143726614978 0.02475959648 -0.00597288048337 0.00390482849906 0.0229195332882 0.0193538921835 0.0086834847658 0.0221589502898 0.0305020971724 0.0179414242061 0.00420632292755 0.0193505352563 0.00708628115438 0.010317256917 
0.030859540179 0.0171921511866 0.0213188983979 0.0130915082251 -0.000698206092362 0.0226867515985 -0.0015335549234 -0.00527512841929 0.00673302063044 0.000465681691185 0.0079523113239 0.00911284323141 -0.00987989779657 0.0207476630292 0.0187483569373 0.0175252449256 0.0152527820741 0.0152299751674 0.0326436539649 -0.0152025277294 0.0201325496678 0.00053830406716 -0.00991384843839 -0.00239360255866 0.0133110574026 0.00562779332556 0.00882476930826 0.0354890685609 -0.01555765794 0.0144826709045 0.50081429177 0.0222242010428 0.00634824006615 0.0234113785649 0.0108118319318 0.100214647576 0.0114454773224 0.0206024223703 0.00296446712067 0.00824096329809 0.00106120391368 0.0200115647376 0.0179001176567 0.0174874141729 0.0214749292395 0.0139475395518 0.0128457896908 0.0279342083471 0.00698989526626 0.0342840685799 
0.0134173308315 0.0145597358769 -0.0029126283567 0.0108416202023 0.00527248621493 0.018649996657 -0.0158936549161 0.0258735925107 0.0298840532309 0.0146368029952 0.0235446656481 0.00443464054287 0.000727393614172 0.00265347125284 0.00581341568754 0.00437843400132 0.0140258620041 0.0127722376971 0.00239955925517 -0.0191999575249 0.0136617949577 0.0119892314559 0.0149887225368 0.0148154543703 0.0161416498804 0.00390930385374 0.013052452017 0.00549644281078 0.0122101148746 0.0250615345278 0.0222242010428 0.394300396558 0.0140820223224 0.0196552230121 0.0231934563054 0.00967507487378 0.0100838811271 0.0246518967109 0.0184242009389 -0.00150426688831 0.0161454365054 0.00841742067596 0.0276709991309 -0.0146100886887 0.0036595209472 -0.00338097201813 -0.00105318022652 0.0128562261409 0.00863630542092 0.0200300522795 
0.0142219545646 0.0587084298968 0.0145920593187 0.036057960687 0.0261970282983 0.0204462229535 0.0174651670233 0.00914545834091 0.030057884847 0.0263763270612 0.0091587790988 0.01223564717 0.0062193258088 0.00474992924675 0.0253603941225 0.0283604686743 0.0205162941463 0.0238408702564 0.0126048647215 0.0161433093658 0.0057440624547 0.0260115930611 0.0151628372942 0.00911296744624 0.0153227756926 0.0181211953159 0.0182515185025 0.0257775688873 0.00556845762626 0.017736921632 0.00634824006615 0.0140820223224 0.15665769131 0.0100554073365 0.0300987531455 0.0134229173279 0.010602993393 0.0183859009018 0.0190221499365 0.00563150765261 0.0134223700194 0.0292204573157 0.0292154096524 0.0303322672561 0.0272276719085 0.0239207060339 0.0106836763986 0.0325514376871 0.0115616759573 0.026269417796 
0.0154946810828 0.0233669947372 0.00530487106515 0.0122386558589 0.0227854608912 0.0103548321049 0.0131602490754 0.0133963610658 0.0378646739396 0.00374990330382 0.0170262052217 0.0104815548287 0.00058891892836 0.0180779642878 0.0112919495495 0.0115232605915 0.0204668129253 0.0131100751163 0.00451055157418 0.00186305316024 0.00990836482878 0.0156459656994 0.0142950758852 0.00167740147259 0.012154288884 0.00784589481504 0.00398968503198 0.0328274167603 0.016136779944 0.0227412293085 0.0234113785649 0.0196552230121 0.0100554073365 0.22331851374 0.00493187941183 0.016810918287 0.00910311409808 0.00886089079768 0.0241326543734 0.0143914891895 0.0233683074482 0.0161951662946 0.00508712936858 0.0146140795408 0.00875024021919 0.0237543889759 0.0111839097518 0.020283523747 0.00665880564365 0.0189992894819 
0.0474989872153 0.0214550222508 0.0408675394814 0.0336794264531 0.00823071347873 -0.00208391879608 0.0672949454329 0.0915057990098 0.0398719674552 0.0301633684386 0.0306527386499 0.0317467114 0.0178290392633 0.035032184846 0.0429190696034 0.0791390396109 0.067035306631 0.0320114339179 0.0917165915541 0.0358323502623 0.0137569768057 0.0377757021909 0.0232452829927 0.0200251684125 0.0515726715405 0.0310219067157 0.00871301477559 0.037504628399 -0.00174448072087 0.0158887750192 0.0108118319318 0.0231934563054 0.0300987531455 0.00493187941183 0.493358017098 0.00502878084522 0.00591838275575 0.0279443605711 0.0253244167319 0.0240407687263 0.0155479865329 0.0364329260998 0.0178530790425 0.0259286448401 0.0141027556613 0.0205886108345 0.0496364292454 0.0272482553379 0.0178337083238 0.0709701504396 
0.0115238882529 0.021447527269 0.0166230488592 0.0198573282183 -0.00663599936269 0.00831340635464 -0.00124535231529 0.00567637335154 0.0355756845112 0.00340365526972 0.00257352261938 -0.00702621019795 -0.00571976651543 0.0122921786584 0.00410309267322 0.00951279410207 0.0254820100099 0.02661498415 0.0147653534097 -0.0138191302071 0.00246351917432 0.00396095716889 0.0171717842548 0.00327728679163 -0.00947033697169 0.0184022641533 0.0144336633481 0.0351379896785 0.0151535816375 0.0050233275983 0.100214647576 0.00967507487378 0.0134229173279 0.016810918287 0.00502878084522 0.38900797627 0.00367875185438 0.0103541789155 0.0151062926082 0.00254895542487 0.0401334402221 0.0162564357229 0.0123189410928 0.0345475396011 0.0162659912296 0.00410748282506 -0.0049415397778 0.0147039369928 0.00675958460184 0.0263059116626 
0.0406266829472 0.00865561645253 0.00299561450184 0.0193518023643 0.0248045028761 0.0155803881187 0.0162977292825 -0.00310008763263 -0.00538561537836 -0.00120877758362 0.00105934335092 0.0187656596945 -0.010370307287 -0.000789790462477 0.0180763115835 0.00479427096591 0.00849247509226 0.0264510572386 -0.00940019438722 0.0119928760096 0.00216151144948 0.00280492615581 0.000592499624425 -0.00620901139105 0.00729948811397 0.0167192201212 0.0196928763442 0.00946827787447 -0.0123913539462 0.0143726614978 0.0114454773224 0.0100838811271 0.010602993393 0.00910311409808 0.00591838275575 0.00367875185438 0.229569056854 0.00401344506298 0.00942836537946 0.0252711186784 0.0182310193757 0.0168755825681 0.000233873453184 0.00770752092542 0.0188003804496 0.00697529141101 -0.00202878677597 0.0101957723533 0.0223808344164 0.00833209619554 
-0.00829443931152 0.0157065207418 0.00699858300508 0.0110027201418 0.0114815066888 0.0225305733588 0.0144348284671 0.00851825792717 0.0348083141576 0.0118278869356 0.0206302591659 0.0152227794069 -0.00020856403154 0.0198317169365 0.0114756297372 0.00603095551479 0.0136360911257 0.0211750812683 0.00766965209133 0.0154293389854 0.00938447651596 6.82275735878e-05 0.016279534903 -0.00682482044726 0.0115638190602 0.00934668113141 0.00920633903188 0.00868275026758 0.0186889774773 0.02475959648 0.0206024223703 0.0246518967109 0.0183859009018 0.00886089079768 0.0279443605711 0.0103541789155 0.00401344506298 0.194145312067 -0.00320694336241 -0.00486867349635 0.0417531615814 0.0184095207938 0.0408195395471 0.0191745640878 0.00416518257961 0.0276638303113 0.0167716489528 0.0181099493818 0.00931924996614 0.0228749635235 
0.005784343165 0.00278253157848 0.0133096551836 0.0025650510434 0.0180136601054 0.0196433512879 0.0406480801303 0.00971317432236 0.0152856420638 0.0204041940364 -0.00652287709072 0.0242428323559 0.000546975728746 0.00475977851155 0.00713543341825 -0.0104125513821 0.00265433428264 0.027256852586 -0.0165596518612 0.0104435217716 0.00449444552518 0.013081640507 0.00832524316023 -0.00619210543309 0.0254462480086 0.0122909246265 -0.00233803685086 0.0202000838968 0.0213624459808 -0.00597288048337 0.00296446712067 0.0184242009389 0.0190221499365 0.0241326543734 0.0253244167319 0.0151062926082 0.00942836537946 -0.00320694336241 0.467690984291 0.0130565823911 0.0169657892434 0.0201025877377 0.0254087710151 0.010480744938 0.0158268739681 0.0138537454102 0.0206756573405 0.00402324990231 -0.0132956061119 0.00337177476436 
0.00546387071154 0.00274648058769 0.00387852718925 0.00944400651549 0.0220421824413 0.0050700748876 -0.00049789440737 0.0126616004403 0.00482888100671 0.00983402008293 0.00287891645919 0.0221023056635 -0.00647861300382 0.00024625017429 0.0122136347228 0.00518267846241 0.00577601289847 0.0166750199383 0.0035980305346 0.0189761634675 0.00988419588542 0.0124543208781 0.012001078607 0.00135805909801 0.00821510606609 0.00717587002349 0.00626884982778 0.0044092971549 0.00858310059433 0.00390482849906 0.00824096329809 -0.00150426688831 0.00563150765261 0.0143914891895 0.0240407687263 0.00254895542487 0.0252711186784 -0.00486867349635 0.0130565823911 0.183790648827 0.00750953957185 0.0170984124858 0.00476268296031 0.00709555930573 0.0078357544914 -0.000354870359822 0.0103343215976 0.00785210158722 0.0152667240408 0.00249680539488 
0.00977830397512 0.00944332578138 0.0147870461851 0.0183112590548 0.016405529921 0.0327881850762 0.00921376176715 0.0515671750602 0.0357252508777 0.0163296344342 0.0103767631521 0.00468991190738 -0.00958263059059 0.0220773137973 0.026320911586 -0.00433340845608 0.0540313024683 0.050352317179 0.0312181547963 0.0154049347881 0.00673880967396 0.0286132007436 0.0807546474986 0.00373040885316 0.00544658916527 0.0205840895087 0.0180447660029 0.0265721475535 0.0115277914658 0.0229195332882 0.00106120391368 0.0161454365054 0.0134223700194 0.0233683074482 0.0155479865329 0.0401334402221 0.0182310193757 0.0417531615814 0.0169657892434 0.00750953957185 0.657883564609 0.013108062852 0.0209252800183 0.0340288558363 0.0281422384974 0.0085778641795 0.0183887152514 0.0430980058944 0.0218697679883 0.0489545172413 
0.0277346830631 0.0273525535737 0.0145949487096 0.0218221818586 0.0303171442696 0.00581305088265 0.0192482098745 0.0259870717851 0.0330868274394 0.0191453497379 0.00671218232415 0.046242142333 -0.0020737178284 0.0444412404305 0.0144619064926 0.0322050102359 0.0306891104497 0.0542716488666 0.0252198522726 0.00134086314537 0.0145188136418 0.0319569467073 0.0190922973762 -0.00100014110019 0.0156330232652 0.0209284505194 0.0164927320235 0.0204399553751 0.0121488646059 0.0193538921835 0.0200115647376 0.00841742067596 0.0292204573157 0.0161951662946 0.0364329260998 0.0162564357229 0.0168755825681 0.0184095207938 0.0201025877377 0.0170984124858 0.013108062852 0.197664590677 0.0228510670198 0.0357025907182 0.016927557658 0.0387482628273 0.0300522421429 0.0215914652358 0.00604285059185 0.0235929264686 
0.0118139075189 0.0133983570092 0.0146893815053 0.00777706616645 0.00537086690696 0.00149232536662 -0.00430685169615 -0.0259739621146 0.0368277466272 0.0103273098216 0.0128149938732 -0.00593527734613 0.0105626520993 0.0161873283707 0.0168179315484 0.0141449293337 0.0299025692328 0.0183856421595 0.00123024172491 0.0113759615657 0.0174690702419 0.00760639258978 0.00716757284528 0.00995210585108 0.0168194448902 0.0087561815872 0.0158006307397 0.0269609688681 0.00145645220621 0.0086834847658 0.0179001176567 0.0276709991309 0.0292154096524 0.00508712936858 0.0178530790425 0.0123189410928 0.000233873453184 0.0408195395471 0.0254087710151 0.00476268296031 0.0209252800183 0.0228510670198 0.24906754522 0.0190036889005 0.00477198876967 0.00618674804909 0.01510242785 0.0165304453783 0.0145596058625 -0.000149191336993 
0.00446491584441 0.0265130085743 0.0263326340875 0.0249682753795 0.0148284931702 0.0361722852988 0.0167051549931 0.0385761876496 -0.00790547286682 0.00994656376671 0.00985436776618 0.0212177843739 -0.0015303087251 0.00651280825424 0.0202690408302 0.0282642253187 0.0181929304905 0.0212207022805 0.0324914268089 0.0215921199191 -0.00164784530733 0.0208074231483 -0.00294445043104 -0.0052231729316 0.0117014659969 0.00963755249636 0.000553320668942 0.00868863671222 0.00801662653216 0.0221589502898 0.0174874141729 -0.0146100886887 0.0303322672561 0.0146140795408 0.0259286448401 0.0345475396011 0.00770752092542 0.0191745640878 0.010480744938 0.00709555930573 0.0340288558363 0.0357025907182 0.0190036889005 0.246264377181 0.0264061037606 0.0187730099181 0.00953273041912 0.00883856071266 0.00934273999643 0.0135444294097 
0.00565397597714 0.0214289856045 0.0159201508734 0.0466875790719 0.0396672796339 0.00166277800585 0.0120317995338 0.0265864690244 0.0087071756661 0.0107999026745 -0.00880992657225 0.0451117330595 0.00841326339611 0.00708292681495 0.00615796494811 0.0134129955041 0.0112240435118 0.00711591481836 0.0202639788639 0.0146872375093 0.0127910866509 0.0172535736184 -0.00212447934885 0.0080755357449 0.00111497700519 0.016590205778 0.0225222640899 0.0103438852967 0.00608202941248 0.0305020971724 0.0214749292395 0.0036595209472 0.0272276719085 0.00875024021919 0.0141027556613 0.0162659912296 0.0188003804496 0.00416518257961 0.0158268739681 0.0078357544914 0.0281422384974 0.016927557658 0.00477198876967 0.0264061037606 0.18725189857 0.0119818050949 0.0104128002704 0.0205088092528 0.00225275147313 -0.00773906423071 
0.0168393946888 0.0157219871852 0.00926776652287 0.0103804715323 0.00606237599195 0.0197267450651 0.0129188540537 0.00608951042901 0.00937949903363 0.0152800182563 0.0138498348128 0.00654735602709 -0.0147374986508 0.0120358567061 0.0069248911497 0.0117048651044 0.0137258676622 0.0419503250688 -0.000338429425543 0.000649926486735 -0.00254443638857 0.023543421979 0.0137353880667 -0.000112677852749 0.00151237212092 0.00660869335519 0.00637375294686 0.0371099389142 0.027277707003 0.0179414242061 0.0139475395518 -0.00338097201813 0.0239207060339 0.0237543889759 0.0205886108345 0.00410748282506 0.00697529141101 0.0276638303113 0.0138537454102 -0.000354870359822 0.0085778641795 0.0387482628273 0.00618674804909 0.0187730099181 0.0119818050949 0.210831639334 0.00861115983489 0.0230209743244 0.0122031766091 0.0281361842046 
0.031887351527 0.0206740358235 0.0353792836325 0.0157698839251 0.00644035825656 0.0167792348957 0.0165838372478 0.0178761005636 0.0359159026898 0.0224274568461 0.0159593353237 -0.00411550595375 0.0027812279723 0.0245390094054 0.00402729045475 0.0321929772236 0.0309052842916 0.039870017962 0.0203188879864 0.00865304931342 0.0118650651847 0.00561779370239 0.0205200988939 0.00779548651953 0.0112580115886 0.0125596604743 0.00504708959965 0.0333922075222 -0.00238529311796 0.00420632292755 0.0128457896908 -0.00105318022652 0.0106836763986 0.0111839097518 0.0496364292454 -0.0049415397778 -0.00202878677597 0.0167716489528 0.0206756573405 0.0103343215976 0.0183887152514 0.0300522421429 0.01510242785 0.00953273041912 0.0104128002704 0.00861115983489 0.18997251071 0.0139510359908 0.00558782326708 0.0157542184704 
