30
0.0373994541978 0.0576577356707 0.0754552666066 0.0188066159349 0.0651633165571 0.0621529110589 0.133327922328 0.132143501856 0.0263662592882 0.0525709156995 0.0235207120966 0.07971303899 0.0533286406295 0.0451551332239 0.0911559741232 0.0285158318856 0.0396221554001 0.0260517267587 0.116671338284 0.0589662330248 0.0708595176859 0.060830846045 0.0442230302855 0.0426672552596 0.0722101641432 0.129241945615 0.0362094771936 0.0314514366364 0.0290232005544 0.0054327763703 
0.312388916539 0.0236988337718 0.0429496987332 0.0381408339425 0.0139226066154 0.0253983332304 0.0438208074434 0.0107075838091 0.0427965740592 0.0236339855561 0.0173450604369 0.0254430774712 0.0184772730088 0.00475523973468 0.037320237583 0.00517013167497 0.0144811488899 0.0228059522091 0.0229079697124 0.0117839604025 0.0175887483786 0.0512619950416 0.0245141865415 0.0174579253549 0.0118254532799 0.0168681016532 0.0402884718169 0.0180687739208 0.0263874927775 0.00857719492458 
0.0236988337718 0.239272170505 0.0425198898407 0.0117966119893 0.0104279205545 0.0445246760964 0.017182453498 0.0342405542845 0.0318940789739 0.023026205979 0.0084629020363 0.0307077065013 0.0287466429834 0.013662770685 0.0271268718196 0.0239967813341 0.0191020578441 0.0183335191451 0.0356528276886 0.00819940891558 0.00112330909395 0.0214276779057 0.0226021411843 0.0798212742477 0.0286867988019 -0.0106200599195 0.0211683881178 0.0228843373498 0.0104941798511 0.0156101108597 
0.0429496987332 0.0425198898407 0.668814280824 0.0151074902851 0.0274952443167 0.0291414331898 0.0131791290393 0.0222957163089 0.0485521821476 0.0275686904774 0.0081446974196 0.0285484016898 0.0357183955528 0.0252205115885 0.0447360384081 0.0122039806491 0.0276156660097 0.0272917076705 0.0322585281106 0.0332861582099 0.0062300808697 0.0192293490106 0.044423293431 0.0281656187435 0.0122967812795 0.0177368924074 0.0176410927444 0.0194714642355 0.0129346496233 0.00945875752116 
0.0381408339425 0.0117966119893 0.0151074902851 0.198310610787 0.00994859932617 0.0434311253359 0.01462302445 0.013925499275 0.0235990535975 0.029125478652 0.016619666531 0.0033131487426 0.0135881027416 0.0103114172206 0.0159891628946 0.00488401073898 0.0208647080847 0.0259206858186 0.0159235665918 0.0218343123686 0.00139098432579 0.0228782013603 0.0302459566516 0.0153424712335 0.0350605028709 0.00222106541145 0.0140336529781 0.0168003755858 0.0210399350965 0.0210473666032 
0.0139226066154 0.0104279205545 0.0274952443167 0.00994859932617 0.254644499126 0.0158589941487 0.0222072696865 0.0366880760906 0.0257982571586 0.00262415951652 0.0281979856501 0.00562691241315 0.0159768456266 0.0188031700754 0.0183767961447 0.0588841579751 0.0238226981599 0.0154973230046 0.018374961103 -0.00698596148793 0.0241896279329 0.00345472184803 0.0219700018213 0.0284952526775 0.0283255983464 0.0428755206978 0.00291272405066 0.0299355216836 0.00774737596176 0.00596464167753 
0.0253983332304 0.0445246760964 0.0291414331898 0.0434311253359 0.0158589941487 0.327244325404 0.0231155040395 0.00678604125467 0.0236287141836 0.040585354559 0.00332111449038 0.00651831341199 0.0121944875153 0.0181939843245 0.0388493134511 0.00601826376277 0.0126367441721 0.0199810719682 0.00768402803842 0.0318153025362 0.0109576989872 0.0293756705765 0.0265872619533 0.0111281053323 0.0105089691439 0.0132348686704 0.036401095672 0.0221764501994 0.0152373896642 0.00547913599769 
0.0438208074434 0.017182453498 0.0131791290393 0.01462302445 0.0222072696865 0.0231155040395 0.831994195015 0.0142167001106 0.0300391760536 0.0274108240125 -0.00449377044788 0.02005248831 0.00684244672411 0.000974479262269 0.0292435312169 0.0194383054739 0.00764287272123 0.0276137301298 0.0208523115011 0.00479042201696 0.00164964587083 0.0179439402091 0.0150504545343 0.0126028667329 0.0253380298882 0.0254277321559 -0.00850061932043 0.0158131728131 0.00946044356227 0.0370630083216 
0.0107075838091 0.0342405542845 0.0222957163089 0.013925499275 0.0366880760906 0.00678604125467 0.0142167001106 0.500320198362 0.0312893914822 0.0297386039936 0.00443659737027 0.0296127932498 0.0105396526335 0.0331650286656 0.0359235709464 0.0498824478607 -0.00455354863251 0.0243417563608 0.0122255955885 0.014008366469 -0.00183303718179 0.0302925741881 0.0350071507 0.0180749071941 0.0398178019955 0.041310534514 0.0140726486339 0.00527983009004 0.0160149890553 0.0132372313823 
0.0427965740592 0.0318940789739 0.0485521821476 0.0235990535975 0.0257982571586 0.0236287141836 0.0300391760536 0.0312893914822 0.240548523403 0.0263261911425 0.0132308630587 0.0189096089227 0.0245535064604 0.0132647689484 0.0407372455801 0.0178498977275 0.0195895876335 0.0285384096669 0.017936413186 0.0180276988124 0.00433539800198 0.0295543932891 0.0304284245494 0.0337110535042 0.0437213993196 0.0120980902546 0.031357880331 0.044773728261 0.0125535890385 0.0248587843206 
0.0236339855561 0.023026205979 0.0275686904774 0.029125478652 0.00262415951652 0.040585354559 0.0274108240125 0.0297386039936 0.0263261911425 0.327611836621 -0.000857810198853 0.0303662242887 0.0133575466556 -0.00507004352974 0.0281688501396 0.00713071002976 0.0200747876331 0.0342222280556 0.0294477523799 0.0150536091389 0.00876594253782 0.02945120625 0.0275694301255 0.0179841205776 0.0412982852704 0.0181900829659 0.0335101958198 0.0179203098932 0.0340058502272 0.0106622758042 
0.0173450604369 0.0084629020363 0.0081446974196 0.016619666531 0.0281979856501 0.00332111449038 -0.00449377044788 0.00443659737027 0.0132308630587 -0.000857810198853 0.221825805141 0.0296967983198 0.0251223594116 0.00307314230505 0.0245688820332 0.0118869788974 0.0236110523894 0.0134053075513 0.00915992935076 -0.000278502516513 0.00288281571135 0.0119484084232 0.0201848781871 0.0216079627209 0.0189777161941 -0.00531750571661 0.0055287426492 0.00803870955148 0.00524086281232 0.0238260675986 
0.0254430774712 0.0307077065013 0.0285484016898 0.0033131487426 0.00562691241315 0.00651831341199 0.02005248831 0.0296127932498 0.0189096089227 0.0303662242887 0.0296967983198 0.495025965774 0.0202309995113 0.00530163148404 0.0495096901653 0.00590263079878 0.0100866101763 0.0380228853204 0.0167508588791 0.0206360161689 0.0440505562879 0.00156943720313 0.0201864643713 0.00939240349752 0.0179999999412 0.0313261353162 0.0237098360112 0.0206093559886 0.00618735479375 0.0282674931537 
0.0184772730088 0.0287466429834 0.0357183955528 0.0135881027416 0.0159768456266 0.0121944875153 0.00684244672411 0.0105396526335 0.0245535064604 0.0133575466556 0.0251223594116 0.0202309995113 0.266332143146 0.00621995770429 0.0127133810596 0.00097913400985 0.0260461856105 0.0239289250851 0.0290203553391 0.00501419387516 0.0223788714699 0.0303288298337 0.0275806956985 0.0103559435819 0.0301636258588 0.00351131039452 0.00746982902426 0.0144800268038 0.0159826665157 0.00332127418195 
0.00475523973468 0.013662770685 0.0252205115885 0.0103114172206 0.0188031700754 0.0181939843245 0.000974479262269 0.0331650286656 0.0132647689484 -0.00507004352974 0.00307314230505 0.00530163148404 0.00621995770429 0.30940123883 0.0161615522721 0.000373182967958 0.00826077648361 0.0185810170186 0.0257704116208 0.0067444255074 0.00852651726886 0.0101569781567 0.0215226172289 0.0183985096337 0.0161911490014 0.0072216325406 0.0156240946613 0.0081584549127 -0.0189556040801 0.010466240202 
0.037320237583 0.0271268718196 0.0447360384081 0.0159891628946 0.0183767961447 0.0388493134511 0.0292435312169 0.0359235709464 0.0407372455801 0.0281688501396 0.0245688820332 0.0495096901653 0.0127133810596 0.0161615522721 0.372874618426 0.00873329149756 0.0150687964952 0.0340685258876 0.00768643150387 0.0303695236927 0.00622810334932 0.0372805174374 0.0373981222328 0.0258734217602 0.0584206185328 0.0595572695542 0.0216888504599 0.0193108595229 0.0159629185415 0.0257984382789 
0.00517013167497 0.0239967813341 0.0122039806491 0.00488401073898 0.0588841579751 0.00601826376277 0.0194383054739 0.0498824478607 0.0178498977275 0.00713071002976 0.0118869788974 0.00590263079878 0.00097913400985 0.000373182967958 0.00873329149756 0.202739526076 0.0205407195835 0.00769946116815 0.0245016595601 0.01231952242 -0.00133586929984 0.0239900923813 0.0216736139715 0.0179894977346 0.0117521831188 0.0275141549935 0.00721100166968 0.020438626361 0.018304644811 0.000638005144721 
0.0144811488899 0.0191020578441 0.0276156660097 0.0208647080847 0.0238226981599 0.0126367441721 0.00764287272123 -0.00455354863251 0.0195895876335 0.0200747876331 0.0236110523894 0.0100866101763 0.0260461856105 0.00826077648361 0.0150687964952 0.0205407195835 0.182277053321 0.0168565190809 0.0132794700476 0.0503804611677 0.0143324741804 0.0372208932064 0.0262866442619 0.0293195021063 0.0212386706635 0.0033468337007 0.043970382809 0.0422577809704 0.0316408951319 0.0175209898432 
0.0228059522091 0.0183335191451 0.0272917076705 0.0259206858186 0.0154973230046 0.0199810719682 0.0276137301298 0.0243417563608 0.0285384096669 0.0342222280556 0.0134053075513 0.0380228853204 0.0239289250851 0.0185810170186 0.0340685258876 0.00769946116815 0.0168565190809 0.185166423687 0.0134985149215 0.024285435469 0.015876917776 0.0224867580013 0.0283377503221 0.0111069662526 0.0397888684617 0.00634091600815 0.01110645858 0.0111074581163 0.0251264410093 0.0154318892873 
0.0229079697124 0.0356528276886 0.0322585281106 0.0159235665918 0.018374961103 0.00768402803842 0.0208523115011 0.0122255955885 0.017936413186 0.0294477523799 0.00915992935076 0.0167508588791 0.0290203553391 0.0257704116208 0.00768643150387 0.0245016595601 0.0132794700476 0.0134985149215 1.07541483683 -0.0030916941437 0.0248019069595 0.0258986692858 0.030134331953 0.0153393477317 0.0241651344471 -0.00600513169854 0.0265152325967 0.0205828218099 0.0368614119977 0.000336193396125 
0.0117839604025 0.00819940891558 0.0332861582099 0.0218343123686 -0.00698596148793 0.0318153025362 0.00479042201696 0.014008366469 0.0180276988124 0.0150536091389 -0.000278502516513 0.0206360161689 0.00501419387516 0.0067444255074 0.0303695236927 0.01231952242 0.0503804611677 0.024285435469 -0.0030916941437 0.401486120278 0.00518066576994 0.0362772330548 0.0244383297768 0.0217370341056 0.0154296697736 0.00709003519297 0.0448975217833 0.00877686175922 0.0122582502333 0.0212574563907 
0.0175887483786 0.00112330909395 0.0062300808697 0.00139098432579 0.0241896279329 0.0109576989872 0.00164964587083 -0.00183303718179 0.00433539800198 0.00876594253782 0.00288281571135 0.0440505562879 0.0223788714699 0.00852651726886 0.00622810334932 -0.00133586929984 0.0143324741804 0.015876917776 0.0248019069595 0.00518066576994 0.406051712805 0.0170891856268 0.0211056494767 0.00538728549594 0.00950724398074 0.0257509789918 0.0135738944837 0.0321855077064 0.0143972235642 0.0172572010424 
0.0512619950416 0.0214276779057 0.0192293490106 0.0228782013603 0.00345472184803 0.0293756705765 0.0179439402091 0.0302925741881 0.0295543932891 0.02945120625 0.0119484084232 0.00156943720313 0.0303288298337 0.0101569781567 0.0372805174374 0.0239900923813 0.0372208932064 0.0224867580013 0.0258986692858 0.0362772330548 0.0170891856268 0.29649202323 0.0493522798152 0.0266371407753 0.0467044459665 0.0140343634854 0.044428411572 0.036373175035 0.023592191996 0.0128892122091 
0.0245141865415 0.0226021411843 0.044423293431 0.0302459566516 0.0219700018213 0.0265872619533 0.0150504545343 0.0350071507 0.0304284245494 0.0275694301255 0.0201848781871 0.0201864643713 0.0275806956985 0.0215226172289 0.0373981222328 0.0216736139715 0.0262866442619 0.0283377503221 0.030134331953 0.0244383297768 0.0211056494767 0.0493522798152 0.202339950099 0.0240108267718 0.0265468078992 0.0212427157168 0.0376761197722 0.0262411263922 0.023145845762 0.0113705839154 
0.0174579253549 0.0798212742477 0.0281656187435 0.0153424712335 0.0284952526775 0.0111281053323 0.0126028667329 0.0180749071941 0.0337110535042 0.0179841205776 0.0216079627209 0.00939240349752 0.0103559435819 0.0183985096337 0.0258734217602 0.0179894977346 0.0293195021063 0.0111069662526 0.0153393477317 0.0217370341056 0.00538728549594 0.0266371407753 0.0240108267718 0.202724719529 0.0269471565413 0.000827403372083 0.0336980415247 0.0345329603092 0.00764701609264 0.016293607653 
0.0118254532799 0.0286867988019 0.0122967812795 0.0350605028709 0.0283255983464 0.0105089691439 0.0253380298882 0.0398178019955 0.0437213993196 0.0412982852704 0.0189777161941 0.0179999999412 0.0301636258588 0.0161911490014 0.0584206185328 0.0117521831188 0.0212386706635 0.0397888684617 0.0241651344471 0.0154296697736 0.00950724398074 0.0467044459665 0.0265468078992 0.0269471565413 0.334734226978 0.0285844402249 0.0168360147463 0.0264231842606 0.00651785375537 0.0118023882802 
0.0168681016532 -0.0106200599195 0.0177368924074 0.00222106541145 0.0428755206978 0.0132348686704 0.0254277321559 0.041310534514 0.0120980902546 0.0181900829659 -0.00531750571661 0.0313261353162 0.00351131039452 0.0072216325406 0.0595572695542 0.0275141549935 0.0033468337007 0.00634091600815 -0.00600513169854 0.00709003519297 0.0257509789918 0.0140343634854 0.0212427157168 0.000827403372083 0.0285844402249 0.56844588851 -5.49598912149e-05 0.00725023102131 -0.00296546642874 -0.000346488217669 
0.0402884718169 0.0211683881178 0.0176410927444 0.0140336529781 0.00291272405066 0.036401095672 -0.00850061932043 0.0140726486339 0.031357880331 0.0335101958198 0.0055287426492 0.0237098360112 0.00746982902426 0.0156240946613 0.0216888504599 0.00721100166968 0.043970382809 0.01110645858 0.0265152325967 0.0448975217833 0.0135738944837 0.044428411572 0.0376761197722 0.0336980415247 0.0168360147463 -5.4959891215e-05 0.249199142409 0.0417025219356 0.0376646479611 0.0182672470834 
0.0180687739208 0.0228843373498 0.0194714642355 0.0168003755858 0.0299355216836 0.0221764501994 0.0158131728131 0.00527983009004 0.044773728261 0.0179203098932 0.00803870955148 0.0206093559886 0.0144800268038 0.0081584549127 0.0193108595229 0.020438626361 0.0422577809704 0.0111074581163 0.0205828218099 0.00877686175922 0.0321855077064 0.036373175035 0.0262411263922 0.0345329603092 0.0264231842606 0.00725023102131 0.0417025219356 0.192934451948 0.023906659211 0.0157954849867 
0.0263874927775 0.0104941798511 0.0129346496233 0.0210399350965 0.00774737596176 0.0152373896642 0.00946044356227 0.0160149890553 0.0125535890385 0.0340058502272 0.00524086281232 0.00618735479375 0.0159826665157 -0.0189556040801 0.0159629185415 0.018304644811 0.0316408951319 0.0251264410093 0.0368614119977 0.0122582502333 0.0143972235642 0.023592191996 0.023145845762 0.00764701609264 0.00651785375537 -0.00296546642874 0.0376646479611 0.023906659211 0.251435484942 0.0188607662652 
0.00857719492458 0.0156101108597 0.00945875752116 0.0210473666032 0.00596464167753 0.00547913599769 0.0370630083216 0.0132372313823 0.0248587843206 0.0106622758042 0.0238260675986 0.0282674931537 0.00332127418195 0.010466240202 0.0257984382789 0.000638005144722 0.0175209898432 0.0154318892873 0.000336193396125 0.0212574563907 0.0172572010424 0.0128892122091 0.0113705839154 0.016293607653 0.0118023882802 -0.00034648821767 0.0182672470834 0.0157954849867 0.0188607662652 0.188211191918 

['GPS', 'PSA', 'TIF', 'WMT', 'AYE', 'TJX', 'ADCT', 'WFT', 'MAS', 'SPLS', 'CCE', 'CI', 'ECL', 'BCR', 'CMI', 'D', 'CBSS', 'SEE', 'RHI', 'VFC', 'CMX', 'TROW', 'DHR', 'VNO', 'CSX', 'DYN', 'BK', 'WB', 'CB', 'CCU']