60
0.0991765707177 0.0910259677787 0.0704019073317 0.0333203023267 0.0296866664977 0.0362094771936 0.022369934908 0.0273717205438 0.128413882411 0.0348883512333 0.0240188564254 0.0486003975036 0.149246593495 0.039970875035 0.0766878163077 0.0282353637115 0.0341115490789 0.0125275076286 0.0231907610599 0.103528049483 0.0602494739115 0.0870342926162 0.0499472002084 0.045915457725 0.0522861094618 0.0163484450471 0.0246636786654 0.026417897889 0.0612619406497 0.0388241127613 0.0299059053764 0.0285995604788 0.0144645316835 0.0373994541978 0.0424048973372 0.0514292405054 0.0843714281037 0.078059567066 0.0248078828137 0.128222495688 0.00873698993333 0.0442318588416 0.0308834605432 0.0700025840065 0.0746691414478 0.0752984700253 0.0549811443135 0.0197813299257 0.0716450377603 0.0253746335001 0.0613427887106 0.0304896250645 0.0988670942005 0.148705689344 0.0389775871913 0.0559384191954 0.0535662105727 0.0589662330248 0.0523918745475 0.0244433913508 
0.636815474797 0.00776781007812 0.00748083760096 0.00929003605149 0.0232918165979 -0.00095513752948 0.0138574407388 0.00545706621553 0.00251941858469 -0.0322784300291 -0.00552458391072 0.0290775912583 0.0101535841707 0.00578649889352 -0.00435633871252 -0.00158251063171 0.000332904487494 0.0102894611381 0.00262889920113 -0.00358596996785 0.0011646117634 0.006857751149 -0.0120977762007 0.0132936710767 -0.00135838898003 0.00592161258277 0.00483946918373 -0.0167802385247 0.0402762898003 0.00757617779081 -0.00938185039075 0.00175840386547 0.00259466629122 0.000882364989965 0.0279562673483 -0.000137527409923 0.00828351971276 0.026759906403 -0.00276011495017 -0.00075641748394 0.0041031897447 0.0424759962007 0.00338508599704 0.0294866586451 0.00861832114433 0.00959541581781 0.00373599828328 -0.00126945690696 0.00354456755477 0.0153756644403 0.00390939585182 0.00672912610505 0.0163751576209 0.0172198185322 3.04589228842e-05 0.00534989587661 -0.00328517855706 -0.00897283477116 -0.00432264594989 0.000651171270408 
0.00776781007812 0.424768920557 0.0377109854713 0.0047328386298 0.00486391754837 0.0188278689098 0.0418847566626 0.028683960582 0.00753094010142 0.0054467077562 0.014410060324 0.00684106997958 0.0128392516865 0.0213282074262 0.00191381990507 0.0104076034442 0.0192019827718 0.0291980637714 0.010807680793 0.0101060972309 0.0241594009184 0.0257499238646 -0.00241473954857 0.00935998888914 0.0368654717311 -0.0060766211319 0.00630638040146 0.0241653708725 0.0145995973814 0.0151604046316 0.0199268927781 0.0151101401426 0.0073048858344 0.01813520964 0.060371258074 0.0114952861898 0.0139572551414 0.0669819424129 0.0181720718711 0.00746484208541 0.000384269076758 0.0258115918579 0.00917495136774 0.00493353710603 0.0502406051253 0.0027489618841 0.021275395927 0.00948810618617 0.00777851561418 0.0242847390991 0.00198883004043 0.0216837262367 0.0117155278191 0.0310589033113 0.0199612769296 0.0200447866714 0.00847859476958 0.0214502070819 0.0236908882647 0.00847931843927 
0.00748083760096 0.0377109854713 0.266280145497 0.0142500014192 0.0381467392153 0.0233547065851 0.0377201152487 0.00989109483052 0.033818832509 0.0350287164055 0.0214572780733 0.0258866674798 0.0499787336787 0.0231117595913 0.0377052197732 0.0302705633531 0.0144885325417 0.0170140619356 0.0162473890627 0.0283711339789 0.033141710687 0.037781745019 0.0135799212034 0.0320907088976 0.0376854346077 0.0177281802748 0.0240947375739 0.0343289923532 0.0171119018487 0.0251656883062 0.00913331358563 0.0267783473086 0.00734405719625 0.0234287821403 -0.00623234977737 0.0761145875527 0.015340039423 0.00881562956327 0.0228835372723 0.0393712325224 0.0092157822321 0.0258089524811 0.019342732441 0.022409451013 0.0273444816793 0.030181827504 0.0141436572317 0.0224841762835 0.0314545324223 0.01459792197 0.0191212635272 0.0080455858911 0.0408113503995 0.018246365383 0.0318120823078 0.0207241259605 0.0264147476982 0.0300929157861 0.0165001848788 0.0121964745194 
0.00929003605149 0.0047328386298 0.0142500014192 0.199501435007 0.0225634528171 0.0199418724581 0.0168109329764 0.0183396700513 0.0131689945347 0.0108061250359 0.0161524371849 0.0124207263768 0.0167613347685 0.0147656406464 0.0201424841805 0.0162542758855 -0.00146330649534 0.00340074990915 0.00433943447281 -0.00587038635055 0.00479483723494 0.0214741032834 0.00665945023405 0.0113101934807 0.0102237941014 0.00777871396713 0.00922409086364 0.00387138862256 -0.000962810761773 0.0152853630823 0.00478614900772 0.0241132957726 0.0105405512166 0.00624581319592 0.0270067076046 0.023149976604 0.0123184836519 0.00353822033178 -0.000270459808088 0.0149086869837 0.0196277574462 0.0113850602378 0.00984868944472 0.0120941561186 -0.00367340288598 -0.00119592587596 0.0360358261905 0.0146155169816 0.0071874642581 0.00177104448652 0.0092099368275 0.00286661222641 0.0120630685827 0.00147702098898 0.0247989884678 0.0280378743074 0.0219383272638 0.0284904077731 0.0143535209362 0.0150046603648 
0.0232918165979 0.00486391754837 0.0381467392153 0.0225634528171 0.2139306694 0.0313422383388 0.0158167314959 0.0232082182112 0.0253333472962 0.0172354235308 0.0143540334609 0.012323898764 0.0217269649951 0.0242179908933 0.025208116748 0.0373965071432 0.00247200810035 0.0118171210492 0.00887837158932 0.0204561797378 0.01582285135 0.0157520404032 -0.000506805372709 0.0197212339636 0.00648279885781 0.0176185084745 0.0267071454667 0.00556733138533 0.00673717315832 0.0118909963487 0.00869331796662 0.0192249249114 0.0112140096634 0.0242128362676 0.00853379277561 0.0258920077594 0.0418548583423 0.00216951401277 0.0204421712104 0.0178481093927 0.0215116998723 0.0265965199546 0.0226047331379 0.0157500999371 0.0350573786474 0.0258548251945 0.00720947968875 0.026738640072 0.0122344551207 0.0207204199956 0.0083404966447 0.0155041389796 0.0266947644015 0.0120556704014 0.0364207387814 0.0269379735203 0.0291174769467 0.0126339522921 -0.00285676006175 0.0110383290954 
-0.00095513752948 0.0188278689098 0.0233547065851 0.0199418724581 0.0313422383388 0.235315599596 0.015225903785 0.00858563084213 0.00164118810435 0.0298010250236 0.015995597772 -0.00339427282234 0.00241498757064 0.0239621740628 0.0300899143187 0.027388188802 -0.000103943084474 0.00996622381449 0.0183873484116 0.00452679684356 0.0130063049368 0.0171579177398 0.0141422817497 0.00815708709101 0.019336883216 0.000448424636164 0.000400616556202 0.024118746254 0.00535069336256 0.0135870249302 0.0158509912462 0.0318266541161 0.00533165419502 0.0361912651359 0.00872744770997 0.014854430186 0.00945026930058 0.0112211824365 0.000489468566616 0.0474185359916 0.000911581817866 0.0244178012526 0.0188606897587 0.0108358713574 0.032207932814 0.0377789212468 0.0153902981345 0.0214710247313 0.0309923095875 0.0150415940507 -0.00744901651464 0.00178805167477 0.0217281944854 0.0223304280471 0.0566083088747 0.0144998485617 0.0259043653452 0.0407705636124 0.038680945 0.0173564924073 
0.0138574407388 0.0418847566626 0.0377201152487 0.0168109329764 0.0158167314959 0.015225903785 0.191677011724 0.0255835896424 0.0137692680736 0.0294036263057 0.00807898516183 0.0119343916727 0.0198958935985 0.0184383090376 0.0205651029094 0.0054582208571 0.00369563434145 -0.00255046710552 -0.0045033007166 -0.00624695524267 0.0145580901615 0.0158490229826 0.0132710746283 0.00648934823077 0.0285913795628 0.011192144062 0.0104973058819 0.0192284615839 0.0156136025792 0.00592512186241 0.018849989973 0.0114228150569 0.0155050226474 0.0315922610087 0.00818052406638 0.024868538163 0.0272877731823 0.00391631653453 0.0165330058431 0.0443858745401 0.0115387101104 0.0114456234302 0.012869567235 0.0018603028303 0.0166614106101 0.0142023602784 0.0318791500011 0.00618236940735 0.0246429568131 0.0228876791168 0.0164336181874 0.0069456361843 0.0230794770004 0.0136507132453 0.0206021418327 0.0240255129425 0.0195558353897 0.0162943928744 0.00613198267636 0.00560242163715 
0.00545706621553 0.028683960582 0.00989109483052 0.0183396700513 0.0232082182112 0.00858563084213 0.0255835896424 0.231322977915 0.0220036800691 0.0146294947508 0.00870791763911 0.00804046532968 0.0325884356809 0.0108418856538 0.0375057012314 0.0101333634337 -0.00516590145269 0.0121317718535 0.00298668864159 0.0189527192419 0.00591915924729 0.0271200170491 0.00869371566664 0.00478222249003 0.028983058912 0.0126661125691 0.00839122073024 0.00796054171829 0.0135755213835 -0.000583149340386 0.0213368847188 0.0168159191499 0.00911790160662 0.01341798769 0.00832138199358 0.0156285637536 0.00603593248781 0.0179021899616 0.0146761777462 0.0277266071974 0.00516896723933 0.027155511596 0.00341310829841 0.0129426155311 0.0113098690659 0.012698102368 0.00224339414841 0.00185945880099 0.0152779328512 0.0140155124465 0.00902510706175 0.00541296880911 0.024632371116 0.0244232530365 0.0142466531971 0.0100837243925 0.0277577095801 0.0175993714654 0.00298431458015 0.00559621012226 
0.00251941858469 0.00753094010142 0.033818832509 0.0131689945347 0.0253333472962 0.00164118810435 0.0137692680736 0.0220036800691 0.456564793635 0.0427933260298 0.0189883473799 0.0118438842044 0.163436738929 0.0156400453917 0.0519970163628 0.002645082 0.00978428939007 0.0276882871938 0.00942167496698 0.131585410227 0.0127322508321 0.0408537436631 0.00661818214296 0.0320240715582 0.0228885100234 0.0337824098763 0.00132184330814 0.0303574686948 0.0351117811819 0.00893182762395 0.00649097763924 0.0117041254095 0.00537762382315 0.014204741755 0.0235509675126 0.0229531627238 -0.000477198878104 -0.00528363458084 0.0101380649079 0.0531550319819 0.00570408610045 0.00959717481127 -0.00532495279615 0.0230048008661 0.0404122278631 0.0189428013498 0.0298244259718 -0.0121133090037 0.0197481863505 0.0200020443259 0.00895981305342 0.00895912446506 0.0316483732971 0.024589969909 0.00615802940538 0.00268855793616 0.0369500237561 0.00605973201723 0.00603526969353 -0.00448348322497 
-0.0322784300291 0.0054467077562 0.0350287164055 0.0108061250359 0.0172354235308 0.0298010250236 0.0294036263057 0.0146294947508 0.0427933260298 0.298556750028 0.0388746446618 0.0126056091123 0.0161729639123 0.0197070353713 0.00367924573359 0.0319831555733 0.00869945603488 0.0237067639918 0.0112080225111 0.0331080359525 0.0291219783973 0.0455536423196 0.00822034684577 0.032300523152 0.0304791600345 0.0131159238038 0.00797548215954 0.0261940735857 0.00670310615767 0.0285829651588 0.0258862246443 0.0389138396786 0.0227989502899 0.0278723224831 0.00867784205785 0.0323465059141 0.0161290246135 0.00225046094044 0.0214060171642 0.0491661149209 0.0078796618163 0.0190406669855 0.0146474804775 0.0142452488833 0.0439897061995 0.0305770447447 0.00775162886741 0.0148279854538 0.00395527218289 0.0131272411144 -0.000617590062414 0.00444003118011 0.0106190358232 0.0105884562313 0.0134363362059 0.0156898270991 0.0221006299206 0.0902559729117 0.0282973379012 0.00276260995834 
-0.00552458391072 0.014410060324 0.0214572780733 0.0161524371849 0.0143540334609 0.015995597772 0.00807898516183 0.00870791763911 0.0189883473799 0.0388746446618 0.185200790326 -0.000485179844688 0.00234558792233 0.0224229369498 0.0289253907409 0.0158865020587 -0.00190474377021 0.0262669461586 0.0117869567404 0.0153201890778 0.00703830215275 0.0352725140489 0.00869676207595 0.00847190572929 0.0199886330788 0.00943977619629 0.0152148857704 0.0171767813444 0.00720385391933 0.0243964661983 0.0145127441465 0.0192009179646 0.0120911929865 0.0298430606898 -0.0039164887102 0.0253988139764 0.0149992090678 0.0207993775371 0.0181889677608 0.0230389300033 0.0130813569625 0.0341411210877 0.0113193793283 0.0215009118134 0.0201623794973 0.024627146092 0.0166907564097 0.0140038901004 -0.000814970999764 0.0174831577982 0.00739561808152 0.019388514521 0.0310349638949 0.0184573116259 0.0216826007015 0.0183071735115 0.0140340116543 0.016839519522 0.0261265235609 0.00473268319248 
0.0290775912583 0.00684106997958 0.0258866674798 0.0124207263768 0.012323898764 -0.00339427282234 0.0119343916727 0.00804046532968 0.0118438842044 0.0126056091123 -0.000485179844688 0.396605868781 0.0188417168801 0.0177391319793 0.0236301441598 0.00629375855678 0.0180471079921 0.000237932449608 0.010986971996 -0.0107262685842 0.00293410703463 0.0297821380924 0.0174437316538 0.015219707258 0.00318268423567 0.0193072472079 0.00609325376166 0.002137095101 0.0162427720366 0.0078299697114 0.0173534808282 0.00776243337643 0.00036995845833 0.0144178085707 -0.00979870470649 0.0190073896393 0.0162040524669 0.0161623629964 -0.000780651653766 0.0165689649568 0.0175702136221 0.0258838981782 0.0033846251496 0.00590647273954 0.0101224771161 -0.00304512084401 0.0184025261687 0.00071036802317 0.00603391307431 0.0131903241419 0.0101534034773 0.00360178884536 0.053072214344 0.0262250232577 0.0094591695272 0.0108494892848 0.00619759074928 0.000725860635489 0.00555145368461 0.00144840176596 
0.0101535841707 0.0128392516865 0.0499787336787 0.0167613347685 0.0217269649951 0.00241498757064 0.0198958935985 0.0325884356809 0.163436738929 0.0161729639123 0.00234558792233 0.0188417168801 0.541218958317 0.0221970923061 0.0279144545771 0.00110584598316 0.0155038577388 0.0158678312794 -0.00357967541495 0.178591862736 0.0344007457956 0.0377549837359 0.0121448744644 0.0154653446516 0.0276250303371 0.0455506604749 0.00631032151696 0.0281604178555 0.0151241573167 0.0113358488549 -0.000869206058764 -0.007029631408 -0.00317022720547 0.0249798432626 0.0114425547554 0.0300396255974 -0.0050820692419 0.0137713334069 0.0167912691234 0.0454014037798 0.0026690354182 0.0375163090111 0.0062380491289 0.0173653327851 0.0109025806785 0.0169781963094 0.00104793654079 -0.00417842702311 -0.0122545758386 0.00590248897069 0.0250792719777 -0.00694542318105 0.0328815822985 0.0117582895598 0.0180426642435 0.003676820526 0.0230648573075 0.00236324064066 0.0113209095162 0.00664318159624 
0.00578649889352 0.0213282074262 0.0231117595913 0.0147656406464 0.0242179908933 0.0239621740628 0.0184383090376 0.0108418856538 0.0156400453917 0.0197070353713 0.0224229369498 0.0177391319793 0.0221970923061 0.188387276279 0.0257844601877 0.00942055722067 0.0178945606264 0.00411211943611 0.0251075054486 0.00457416804426 0.0233805694903 0.0334394680518 0.0156372543658 0.0119452437993 0.0430809752352 0.00135414106438 0.00135957523291 0.023326812554 0.0166119966925 0.0175202330573 0.0203181873446 0.0231580840073 0.00996779823772 0.0161662916639 0.00307017075288 0.0215507460545 0.0107743076593 0.00574533501543 0.00897040764753 0.0180120159669 0.0136746798408 0.0294869957728 0.00544704530119 -0.0031775406376 0.0037346616295 0.0144640200232 0.00320136193936 0.0113614140759 0.0103958374557 0.0103488497132 0.00992504187785 0.013947160336 0.0366148915462 0.0315667396444 0.0176185451093 0.0149089492723 0.0178495032031 0.0223913927047 0.0220120836254 0.00988922225112 
-0.00435633871252 0.00191381990507 0.0377052197732 0.0201424841805 0.025208116748 0.0300899143187 0.0205651029094 0.0375057012314 0.0519970163628 0.00367924573359 0.0289253907409 0.0236301441598 0.0279144545771 0.0257844601877 0.425517888788 0.024909173937 0.0166339374867 0.0157228260525 0.0186432604609 -0.00416097860116 0.0339505564844 0.0580424042718 0.0125630100223 0.0478670415117 0.0388759303122 0.0112821149333 0.00381023305462 0.0199436823391 0.0295587392166 0.0204547263447 0.00773572800604 -0.00142607840016 0.0135416409284 0.00323700507279 0.0192420784906 0.0284560389103 0.0340464014545 0.0155342568902 0.0259583207759 0.0468799878928 0.00288246535468 0.03384232926 0.0214810049352 0.0239158518969 0.0488518643941 0.0478153233653 0.0295949307077 0.00414149995757 0.0093646679038 0.0506988407897 0.00628268898395 0.0165527413527 0.138943183121 0.0928197235253 0.0287730745371 0.0117300017584 0.0134621231776 0.0174588967558 0.0130657670278 0.0173476790295 
-0.00158251063171 0.0104076034442 0.0302705633531 0.0162542758855 0.0373965071432 0.027388188802 0.0054582208571 0.0101333634337 0.002645082 0.0319831555733 0.0158865020587 0.00629375855678 0.00110584598316 0.00942055722067 0.024909173937 0.131795770487 0.0179736822426 0.00601505519308 0.0146122331969 0.0238048745106 0.0125843929366 0.0231589288935 0.0161504859845 0.014871569782 0.0158466107703 0.0257692871206 0.0210497695885 0.00957006552779 0.00737057646242 0.0242415689881 0.0104721264221 0.0325908796687 0.006622241434 0.0113365135198 0.00825811828604 0.0273552964375 0.014735418167 0.0124160858692 0.00815265170893 0.0131986546476 0.0151814011265 0.0173243163625 0.0397634790477 0.0126908816412 0.0136234279621 0.0163457820459 0.00531066485625 0.0423641255381 0.00939821557217 0.0173697470828 0.00259661193674 0.0145019909584 0.01342889372 0.00968714502385 0.0198130674804 0.0105111395148 0.0277851849596 0.0131720723377 0.0147839168922 0.00969225746711 
0.000332904487494 0.0192019827718 0.0144885325417 -0.00146330649534 0.00247200810035 -0.000103943084474 0.00369563434145 -0.00516590145269 0.00978428939007 0.00869945603488 -0.00190474377021 0.0180471079921 0.0155038577388 0.0178945606264 0.0166339374867 0.0179736822426 0.220748933316 0.0140021994865 -0.0111024484129 -0.00484960875588 0.00986784931229 0.0145425690143 0.0160322981659 0.0108685717231 0.00612356160071 0.00412746733614 -0.00138152666912 0.0161435150588 0.0165094794178 0.0176872199759 0.00365664419319 -0.00547842600775 0.0149950474995 0.0167981900592 0.0326832822922 0.0100801288995 0.0187942210274 0.0157085509221 0.003269963369 0.0080528899138 0.00215054298513 0.0213190265229 0.00399732713496 0.00691838710418 0.000226707179015 -0.00741228259697 0.00347806444965 0.00261935461518 0.0230321769566 0.0126467134186 0.0100766826781 0.0020588611195 0.0158766081304 0.0296036525354 0.014569784891 0.0195253775186 0.0138844971825 0.0119769653515 -0.00267123537685 0.00763632449127 
0.0102894611381 0.0291980637714 0.0170140619356 0.00340074990915 0.0118171210492 0.00996622381449 -0.00255046710552 0.0121317718535 0.0276882871938 0.0237067639918 0.0262669461586 0.000237932449609 0.0158678312794 0.00411211943611 0.0157228260525 0.00601505519308 0.0140021994865 0.292420787679 0.000904445662441 -0.000209577722338 0.0193879438724 0.0143585908716 0.0165247210218 0.0177186301639 0.00920657808699 0.00931817673307 0.0130134839567 0.017745829539 0.0149520956971 0.0161554618023 0.0178468494124 0.0423326825634 0.00611717890685 0.00961291354581 0.0075462159311 0.00268447248717 0.00811289679555 0.0360522686057 0.00526073463508 0.0176891337569 0.017254794322 0.014856002144 0.0235470260511 0.0164387431997 0.0274580363672 0.00910530331707 0.032035941846 0.00962405231019 0.0364272510181 0.00517295353853 0.00878685866708 0.0181975878295 0.0197839208971 0.00885705583042 0.00389660220579 0.0132712042017 0.0184158326907 0.00862740848295 0.0215949363703 -0.00261898534825 
0.00262889920113 0.010807680793 0.0162473890627 0.00433943447281 0.00887837158932 0.0183873484116 -0.0045033007166 0.00298668864159 0.00942167496698 0.0112080225111 0.0117869567404 0.010986971996 -0.00357967541495 0.0251075054486 0.0186432604609 0.0146122331969 -0.0111024484129 0.000904445662442 0.221210978279 0.00112678781712 0.0157775458637 0.00641704931721 0.00382066625097 0.037627943922 0.0481049004793 0.0070545256368 0.0191712347769 0.0149509532573 0.0120830073042 0.0142932504568 0.0441534424283 0.0319990587204 0.00231027534089 0.00745172808438 -0.00265875246749 0.0096636465277 -0.00670035801105 0.00291264403259 0.00677900070225 0.00975964772376 0.0163167212592 0.0195577270316 0.0199581709154 0.0110178750912 0.0118209287146 0.017097684931 -0.00545028272367 0.0169020338207 0.00173382734404 0.002465598498 0.00293286952741 0.0225036972408 0.0124656309132 0.0129686213721 0.0302467319149 0.00407890653982 0.0177504680896 0.0109112446974 0.012536733659 0.0124933402271 
-0.00358596996785 0.0101060972309 0.0283711339789 -0.00587038635055 0.0204561797378 0.00452679684356 -0.00624695524267 0.0189527192419 0.131585410227 0.0331080359525 0.0153201890778 -0.0107262685842 0.178591862736 0.00457416804426 -0.00416097860116 0.0238048745106 -0.00484960875588 -0.000209577722338 0.00112678781712 0.40114912023 0.00979662202966 0.0127288254816 0.0127858015203 0.000443665598456 -0.00213862656989 0.0292144428801 0.0123071030895 0.00644189219 0.0135903916853 0.0083695045817 0.00221331627225 -0.0132801331911 -0.00874109676335 0.00277623197564 -0.00702792936527 0.0223675754559 -0.00732234821747 0.0169277840064 0.0201086967366 0.0122185021174 0.00818258336238 0.0178107270921 0.00809371576905 0.0249726426951 0.00256715503723 0.0167899500853 0.00633269173583 0.0154014874293 0.0139206607326 0.00735941315668 0.0259004208114 0.00770706078173 0.0268503666945 0.0159505157399 0.0184006715621 -0.000757080970055 0.0238027059958 0.0289733017759 -0.00374089867273 0.000850533215363 
0.0011646117634 0.0241594009184 0.033141710687 0.00479483723494 0.01582285135 0.0130063049368 0.0145580901615 0.00591915924729 0.0127322508321 0.0291219783973 0.00703830215275 0.00293410703463 0.0344007457956 0.0233805694903 0.0339505564844 0.0125843929366 0.00986784931229 0.0193879438724 0.0157775458637 0.00979662202966 0.295255315533 0.00758879461158 0.05642191118 0.00945899578676 0.0301343434952 0.0192882905464 0.0162045925937 0.0159258252441 0.000273337542908 0.0208612737121 0.0162227518353 0.0330234582275 0.00737492740206 0.0300185143856 0.00632963771918 0.0261138123705 0.0220116034681 0.0109246784593 0.0118124770992 0.0301254454777 0.00674166328664 0.0273214820397 0.0100814026705 0.00206853530227 0.00718607683525 0.0314168240507 0.0125230716069 0.0227804006638 0.00714048148824 0.0299797876285 0.0186851761891 0.00717342282867 0.0142621276752 0.00846121679853 -0.00281816345693 0.0148657579198 0.0250149465931 0.00529666175066 0.011593181013 0.00997449945154 
0.006857751149 0.0257499238646 0.037781745019 0.0214741032834 0.0157520404032 0.0171579177398 0.0158490229826 0.0271200170491 0.0408537436631 0.0455536423196 0.0352725140489 0.0297821380924 0.0377549837359 0.0334394680518 0.0580424042718 0.0231589288935 0.0145425690143 0.0143585908716 0.00641704931721 0.0127288254816 0.00758879461158 0.381427917253 0.0128758190392 0.0214370474906 0.019584624735 0.0166671920702 0.0200721334589 0.0367198407911 0.0328411980328 0.00747719524614 0.00702837794285 0.0263616975924 0.0285591351535 0.0251667776536 -0.00222993792572 0.0379061281748 0.0764156771935 0.0258405051891 0.0109280605897 0.0328109627222 0.00336328924078 0.0300972325799 0.00733128016083 0.00927650337541 0.0104392785458 0.0186784607689 0.00362770618678 0.00755811485148 0.0211388515416 0.0255896256021 0.0090260355408 -0.000707448433349 0.0498272252645 0.0437057027129 0.0120975840154 0.0231527458064 0.0140898740712 0.0247641891815 0.0126091497164 0.00816580971923 
-0.0120977762007 -0.00241473954857 0.0135799212034 0.00665945023405 -0.000506805372709 0.0141422817497 0.0132710746283 0.00869371566664 0.00661818214296 0.00822034684577 0.00869676207595 0.0174437316538 0.0121448744644 0.0156372543658 0.0125630100223 0.0161504859845 0.0160322981659 0.0165247210218 0.00382066625097 0.0127858015203 0.05642191118 0.0128758190392 0.346344418719 0.00650323363182 -0.0131466635131 0.00284371421645 0.011966569475 0.00861464143544 0.0289331696983 0.0065047329132 0.00241999471465 0.00144577247039 0.0110661078073 0.00801679921696 0.0106261894307 0.0196565523586 -0.006512095503 0.00305928898582 0.0155307917283 0.0174468212038 0.011695138082 0.00987325322793 0.0180493396905 0.110451727635 -0.0138536846675 0.0180298678272 0.0271679463937 0.0114962516938 0.0150476129264 0.0042385895186 0.0270258448822 0.00742527759435 0.00722948973331 0.0253352771625 0.00966200633952 0.0210655243065 0.0151564790978 0.0299093266455 0.000113640615202 0.0135684212101 
0.0132936710767 0.00935998888914 0.0320907088976 0.0113101934807 0.0197212339636 0.00815708709101 0.00648934823077 0.00478222249003 0.0320240715582 0.032300523152 0.00847190572929 0.015219707258 0.0154653446516 0.0119452437993 0.0478670415117 0.014871569782 0.0108685717231 0.0177186301639 0.037627943922 0.000443665598456 0.00945899578676 0.0214370474906 0.00650323363182 0.308556687814 0.0187681350236 0.00223478762088 0.0162769489186 0.00293967162533 0.0122717701636 0.0323939998348 0.0155399213705 0.0164700950742 0.0131677669494 -0.00898420227093 0.0120808196563 0.0274293875863 0.025086435556 0.00968811794411 0.00067164930313 0.0368829955054 0.00364502974645 0.00581627328215 0.0157603879928 0.00311266649704 0.0768978396522 0.0312044033346 0.0313831626049 0.00587611320844 -0.0121051178617 0.0119425133074 0.000897299682094 0.00609095582812 0.00691312930924 0.0346187660381 0.0363043855116 0.00461545763843 0.0127158809783 0.00814357054583 0.0106287441128 0.0218489031773 
-0.00135838898003 0.0368654717311 0.0376854346077 0.0102237941014 0.00648279885781 0.019336883216 0.0285913795628 0.028983058912 0.0228885100234 0.0304791600345 0.0199886330788 0.00318268423567 0.0276250303371 0.0430809752352 0.0388759303122 0.0158466107703 0.00612356160071 0.00920657808699 0.0481049004793 -0.00213862656989 0.0301343434952 0.019584624735 -0.0131466635131 0.0187681350236 0.306681934361 0.0176935947114 -0.00513444356333 0.030313458549 0.00436060067913 0.0188348557221 0.0237969092157 0.0172054115381 0.0217025302858 0.0307975641546 0.013045882971 0.0154494563236 -0.00222057469476 0.0053859638297 0.00620356695805 0.0415209487512 0.0145737155391 0.0234867065614 0.00974061873533 -0.00326169887911 0.0223003707075 0.0266518963823 0.0174331860919 0.00764052412694 0.0142031787071 0.0033145269193 0.0110593169793 0.0168228518759 0.0392236490568 0.0511637316537 0.00875317828358 0.0233934162338 0.0296256128503 0.0140695217807 0.00331676359528 -0.000461752560707 
0.00592161258277 -0.0060766211319 0.0177281802748 0.00777871396713 0.0176185084745 0.000448424636164 0.011192144062 0.0126661125691 0.0337824098763 0.0131159238038 0.00943977619629 0.0193072472079 0.0455506604749 0.00135414106438 0.0112821149333 0.0257692871206 0.00412746733614 0.00931817673307 0.0070545256368 0.0292144428801 0.0192882905464 0.0166671920702 0.00284371421645 0.00223478762088 0.0176935947114 0.198626983247 0.0085234758793 0.00607630321107 0.00760066925215 0.00357342686875 0.0183293517701 0.00668538246646 0.0215945200115 0.0117228641465 0.00232810715135 0.0309576310755 0.00581699861615 -0.00872353694133 0.00221124701391 0.0175572704335 0.00597364548013 0.0180126488583 0.031218277449 -0.00203280308326 0.00795897975553 0.0185618396869 -0.00294169544087 0.00935124338183 0.00534272462809 0.00548527481851 0.0234154761723 0.0116676581181 0.011647866698 0.010978272258 0.0236697881812 0.00829693488955 0.0293360389774 -0.000661309574037 0.0294240919065 -0.00431346759545 
0.00483946918373 0.00630638040146 0.0240947375739 0.00922409086364 0.0267071454667 0.000400616556201 0.0104973058819 0.00839122073024 0.00132184330814 0.00797548215954 0.0152148857704 0.00609325376166 0.00631032151696 0.00135957523291 0.00381023305462 0.0210497695885 -0.00138152666912 0.0130134839567 0.0191712347769 0.0123071030895 0.0162045925937 0.0200721334589 0.011966569475 0.0162769489186 -0.00513444356333 0.0085234758793 0.12772407833 0.00353158247225 -0.00128525888099 0.0152822939336 0.0119303977792 0.0210489859889 -0.00264255917577 0.00726877973509 -0.0125006850602 0.0206111408616 0.00754473668307 0.00227717668139 0.0148755526754 0.00590689147714 0.0108639989706 0.0118157826935 0.0164993504768 0.00659540759935 0.0108329439449 0.0133169749061 -0.00177160789451 0.023711090004 0.0125190299238 0.00913371163942 0.0154429818436 0.00848871009547 0.0163862296656 -0.00425545483719 0.0274617686874 0.0072712893328 0.0146285569432 0.000208992352189 0.0109888524434 0.00954544346209 
-0.0167802385247 0.0241653708725 0.0343289923532 0.00387138862256 0.00556733138533 0.024118746254 0.0192284615839 0.00796054171829 0.0303574686948 0.0261940735857 0.0171767813444 0.002137095101 0.0281604178555 0.023326812554 0.0199436823391 0.00957006552779 0.0161435150588 0.017745829539 0.0149509532573 0.00644189219 0.0159258252441 0.0367198407911 0.00861464143544 0.00293967162533 0.030313458549 0.00607630321107 0.00353158247225 0.265399050116 0.0187467571367 0.0122782127422 0.00855637766359 0.00887385570921 0.0036508494751 0.0226913202278 0.00259945835331 0.0217387310918 0.0302422237408 0.00285212586858 0.0561362832768 0.00933345859818 0.00634336235785 0.0255690879381 0.00652034437839 0.00474398233673 0.00950016548838 0.0341418667052 -0.00194477409241 0.00779689047543 0.0085427570975 0.00583265974305 0.00417504360217 0.000815980076433 0.0317849023682 0.0247392885448 0.0188453558627 0.00818432665711 0.0158633241668 0.0229113600156 0.00947591505146 0.0135549871789 
0.0402762898003 0.0145995973814 0.0171119018487 -0.000962810761773 0.00673717315832 0.00535069336256 0.0156136025792 0.0135755213835 0.0351117811819 0.00670310615767 0.00720385391933 0.0162427720366 0.0151241573167 0.0166119966925 0.0295587392166 0.00737057646242 0.0165094794178 0.0149520956971 0.0120830073042 0.0135903916853 0.000273337542908 0.0328411980328 0.0289331696983 0.0122717701636 0.00436060067913 0.00760066925215 -0.00128525888099 0.0187467571367 0.348796736604 0.0124565283682 0.0293189536593 0.0089545317923 0.017449740877 0.0129891800387 0.0102716011504 0.0284652813863 0.00843567458833 0.00619920913204 0.0171992112081 0.0742856877417 0.00347880141155 0.0311203787332 0.0167174363642 -0.00297597247227 0.0325768711192 -0.00487031029354 0.0113093698692 0.00491063266957 0.0048761992536 -8.82589594597e-05 0.0155870546906 0.0134090582304 0.0517729059962 0.0373762965178 -0.0049698992138 0.0145509541415 0.0165423769097 0.0060178729117 0.0418762795678 0.0035249490068 
0.00757617779081 0.0151604046316 0.0251656883062 0.0152853630823 0.0118909963487 0.0135870249302 0.00592512186241 -0.000583149340386 0.00893182762395 0.0285829651588 0.0243964661983 0.0078299697114 0.0113358488549 0.0175202330573 0.0204547263447 0.0242415689881 0.0176872199759 0.0161554618023 0.0142932504568 0.0083695045817 0.0208612737121 0.00747719524614 0.0065047329132 0.0323939998348 0.0188348557221 0.00357342686875 0.0152822939336 0.0122782127422 0.0124565283682 0.171211020825 0.0483434966699 0.0377732646888 0.00837447644474 0.0161379622016 -0.000801097433817 0.0170373195154 0.00466475108488 -0.00244799847084 0.00668322363832 0.0036257354276 0.00771725581094 0.0289843613437 0.0159322534058 0.00983657396363 0.0346613716341 0.0294068982455 0.0136861501439 0.00459263159363 -0.00416353367592 0.00337628847455 0.0147649733839 0.00268836931492 0.0227904908361 0.00377525332594 0.0265420372216 0.0107822040346 0.0126043732551 0.00714424524058 0.0139370018012 0.0295959642922 
-0.00938185039075 0.0199268927781 0.00913331358563 0.00478614900772 0.00869331796662 0.0158509912462 0.018849989973 0.0213368847188 0.00649097763924 0.0258862246443 0.0145127441465 0.0173534808282 -0.000869206058763 0.0203181873446 0.00773572800604 0.0104721264221 0.00365664419319 0.0178468494124 0.0441534424283 0.00221331627225 0.0162227518353 0.00702837794285 0.00241999471465 0.0155399213705 0.0237969092157 0.0183293517701 0.0119303977792 0.00855637766359 0.0293189536593 0.0483434966699 0.258516580895 0.0457513748736 0.00178744307541 0.0221705978045 0.0222539026714 0.016141502983 0.00486118376199 -0.00795145811927 0.00100855429706 0.017629937202 0.00429239107078 0.0192569824628 0.0139865439603 0.0158233866335 0.0318071898467 0.031574402217 0.00937134241175 0.00717998222903 0.018349519083 0.00787195803906 0.0170171830272 0.00473513918542 0.0223650940143 0.0101422038484 0.0204338712058 0.00353344306626 0.0158845853916 0.00911388984003 0.0282569377099 0.00984535358682 
0.00175840386547 0.0151101401426 0.0267783473086 0.0241132957726 0.0192249249114 0.0318266541161 0.0114228150569 0.0168159191499 0.0117041254095 0.0389138396786 0.0192009179646 0.00776243337643 -0.007029631408 0.0231580840073 -0.00142607840016 0.0325908796687 -0.00547842600775 0.0423326825634 0.0319990587204 -0.0132801331911 0.0330234582275 0.0263616975924 0.00144577247039 0.0164700950742 0.0172054115381 0.00668538246646 0.0210489859889 0.00887385570921 0.0089545317923 0.0377732646888 0.0457513748736 0.263127700549 -0.00613760491979 0.00997142394642 0.00695349568391 0.0149725709945 -0.0107146744101 0.00939486794318 0.0171471233447 0.0275416604084 -0.00035252968114 0.0125049402226 0.0277894932211 0.00242192672576 0.0117216394906 0.0135620150979 -0.0135414320522 0.031098369096 -0.000757040793232 0.0195819053127 -0.0131226695057 0.0100792601279 0.0127489862857 -0.00923088013681 0.0233571364081 0.0165254577831 0.0207235833196 0.0126942409295 0.0412662851019 0.0106473634743 
0.00259466629122 0.0073048858344 0.00734405719625 0.0105405512166 0.0112140096634 0.00533165419502 0.0155050226474 0.00911790160662 0.00537762382315 0.0227989502899 0.0120911929865 0.00036995845833 -0.00317022720547 0.00996779823772 0.0135416409284 0.006622241434 0.0149950474995 0.00611717890684 0.00231027534089 -0.00874109676335 0.00737492740206 0.0285591351535 0.0110661078073 0.0131677669494 0.0217025302858 0.0215945200115 -0.00264255917577 0.0036508494751 0.017449740877 0.00837447644474 0.00178744307541 -0.00613760491979 0.28546923818 -0.00386981665836 0.0134730318359 0.0100014482317 0.0220903499818 0.00285763114282 0.0107289303796 0.00910829569877 0.00807102677657 0.0124061838198 0.00478717037451 0.00838923629505 -2.04420113684e-06 0.00410836704869 0.0117998542105 0.00472954922239 0.0102205163751 0.00968139801986 0.00633011577372 -0.00199364398465 0.0313448290713 0.0313971873108 0.0104296056466 0.0147026775415 0.00417508785652 0.00984654495301 0.00213340418117 0.0071557051728 
0.000882364989965 0.01813520964 0.0234287821403 0.00624581319592 0.0242128362676 0.0361912651359 0.0315922610087 0.01341798769 0.014204741755 0.0278723224831 0.0298430606898 0.0144178085707 0.0249798432626 0.0161662916639 0.00323700507279 0.0113365135198 0.0167981900592 0.00961291354581 0.00745172808438 0.00277623197564 0.0300185143856 0.0251667776536 0.00801679921696 -0.00898420227093 0.0307975641546 0.0117228641465 0.00726877973509 0.0226913202278 0.0129891800387 0.0161379622016 0.0221705978045 0.00997142394642 -0.00386981665836 0.31080093801 0.0380328553499 0.0222861481647 0.0142851691251 0.0285477244862 0.00486739398062 0.0305635348562 0.0167106339413 0.0155671371363 0.0155665008314 0.00529432015604 0.0154942649233 0.00696420111912 0.0121785946267 0.0129281169329 0.0241457466272 0.0243962585281 0.00683624014758 0.0192907318553 0.00700029188449 0.00148878168381 0.0297755177772 0.0138339810937 0.020305155827 0.00965329191004 0.0201645846402 0.019312890503 
0.0279562673483 0.060371258074 -0.00623234977737 0.0270067076046 0.00853379277561 0.00872744770997 0.00818052406638 0.00832138199358 0.0235509675126 0.00867784205785 -0.0039164887102 -0.00979870470649 0.0114425547554 0.00307017075288 0.0192420784906 0.00825811828604 0.0326832822922 0.0075462159311 -0.00265875246749 -0.00702792936527 0.00632963771918 -0.00222993792572 0.0106261894307 0.0120808196563 0.013045882971 0.00232810715135 -0.0125006850602 0.00259945835331 0.0102716011504 -0.000801097433817 0.0222539026714 0.00695349568391 0.0134730318359 0.0380328553499 0.385414094027 0.00756815170063 -0.0159884837757 0.0246507613929 0.0160509522586 0.0275013343785 0.0121378610871 0.0196752470507 0.0121834234388 0.0242602541931 0.00357710244544 0.0264536571187 0.0336001569739 0.00357631712486 0.0266410370867 0.00705359719798 0.0170646754502 -0.00539944604524 0.0101855055185 0.0145980835516 0.000984362184033 0.00348791364441 0.0178255032954 0.00606452509208 0.0157688985916 0.00355290729952 
-0.000137527409923 0.0114952861898 0.0761145875527 0.023149976604 0.0258920077594 0.014854430186 0.024868538163 0.0156285637536 0.0229531627238 0.0323465059141 0.0253988139764 0.0190073896393 0.0300396255974 0.0215507460545 0.0284560389103 0.0273552964375 0.0100801288995 0.00268447248717 0.0096636465277 0.0223675754559 0.0261138123705 0.0379061281748 0.0196565523586 0.0274293875863 0.0154494563236 0.0309576310755 0.0206111408616 0.0217387310918 0.0284652813863 0.0170373195154 0.016141502983 0.0149725709945 0.0100014482317 0.0222861481647 0.00756815170063 0.188580379072 0.0170485676392 0.00431626844719 0.013647948066 0.04720140605 0.0174283284478 0.0169318102854 0.0208906052182 0.00913150259448 0.0117005400428 0.0430075768516 0.00551470854673 0.0219325325915 0.0209640588904 0.0293705430605 0.0039983884677 0.00916907316643 0.0313752258092 0.0159085755124 0.0197544753831 0.0227770818101 0.0251515747002 0.0137870075159 0.00264852848111 0.00980420433957 
0.00828351971276 0.0139572551414 0.015340039423 0.0123184836519 0.0418548583423 0.00945026930058 0.0272877731823 0.00603593248781 -0.000477198878104 0.0161290246135 0.0149992090678 0.0162040524669 -0.0050820692419 0.0107743076593 0.0340464014545 0.014735418167 0.0187942210274 0.00811289679555 -0.00670035801105 -0.00732234821747 0.0220116034681 0.0764156771935 -0.006512095503 0.025086435556 -0.00222057469476 0.00581699861615 0.00754473668307 0.0302422237408 0.00843567458833 0.00466475108488 0.00486118376199 -0.0107146744101 0.0220903499818 0.0142851691251 -0.0159884837757 0.0170485676392 0.856842452656 0.0150273627869 -0.0077766294879 -0.00161277727365 0.0120356343634 0.0361516596023 0.0224587181657 0.00101153625634 0.00827745269628 0.00972643729803 0.0178483429589 0.00600542993682 -0.027480264503 0.0116893423233 0.00777085746203 0.00225928466433 0.0639191936803 -0.00173727892338 0.0210174185556 0.0334424285367 0.0100788828865 0.0173882432473 0.0101067380404 0.0294516182123 
0.026759906403 0.0669819424129 0.00881562956327 0.00353822033178 0.00216951401277 0.0112211824365 0.00391631653453 0.0179021899616 -0.00528363458084 0.00225046094044 0.0207993775371 0.0161623629964 0.0137713334069 0.00574533501543 0.0155342568902 0.0124160858692 0.0157085509221 0.0360522686057 0.00291264403259 0.0169277840064 0.0109246784593 0.0258405051891 0.00305928898582 0.00968811794411 0.0053859638297 -0.00872353694133 0.00227717668139 0.00285212586858 0.00619920913204 -0.00244799847084 -0.00795145811927 0.00939486794318 0.00285763114282 0.0285477244862 0.0246507613929 0.00431626844719 0.0150273627869 0.502649979121 0.00831733422661 0.0212342902631 0.00147558542542 0.0296883369126 0.0191779030944 0.00840923189603 0.110752703722 0.0257683509335 0.0194308128605 0.00911951263056 0.00938972967571 0.07427456917 -0.000787377905305 0.0117648249016 0.0299557410012 0.0239148211164 0.0129151108383 0.00451234847655 0.0169906388077 0.0136583596352 0.0270393781049 -0.00395792916726 
-0.00276011495017 0.0181720718711 0.0228835372723 -0.000270459808088 0.0204421712104 0.000489468566616 0.0165330058431 0.0146761777462 0.0101380649079 0.0214060171642 0.0181889677608 -0.000780651653766 0.0167912691234 0.00897040764753 0.0259583207759 0.00815265170893 0.003269963369 0.00526073463508 0.00677900070225 0.0201086967366 0.0118124770992 0.0109280605897 0.0155307917283 0.00067164930313 0.00620356695805 0.00221124701391 0.0148755526754 0.0561362832768 0.0171992112081 0.00668322363832 0.00100855429706 0.0171471233447 0.0107289303796 0.00486739398062 0.0160509522586 0.013647948066 -0.0077766294879 0.00831733422661 0.203632990509 0.0178293491895 0.00630347812066 0.0250397820137 0.00604981203406 0.000210531506107 -0.00154336157091 -0.000864325532503 0.00432514187858 0.010606489053 0.00988326258383 0.00513307188831 0.0191345783847 0.0033801268573 0.0199614804894 0.00234766081269 0.0134548732106 0.00588194951158 0.0148503611195 -0.00443765056082 -0.000503255556311 0.00924519633709 
