40
0.114001255301 0.103194060275 0.0526943852585 0.0910259677787 0.042606905642 0.0377827405953 0.0122123060087 0.0522861094618 0.0231877092109 0.0128714932266 0.0820701074714 0.02473804396 0.0448250845436 0.0533662879029 0.0592302274211 0.146363775453 0.0218855159469 0.275379497042 0.0266110290159 0.0270240384822 0.0565521495323 0.0682562642732 0.0384738749472 0.0404531955786 0.0353466838873 0.0572050688987 0.129241945615 0.0130713531851 0.0285158318856 0.0331056926512 0.116671338284 0.0690593134036 0.0440278725419 0.0425593974561 0.199130076205 0.126302472887 0.0970140476379 0.0220926651793 0.0722101641432 0.0576577356707 
1.13454043931 9.40802430752e-05 -0.00682600615169 -0.0011995346789 -0.0233208128691 -0.00256625466867 -0.0101021716263 -0.0066065607035 -0.00189818413133 -0.00388944063891 0.00572620758276 0.00616799671833 -0.0114987240965 -0.00198998399059 0.0158184472491 0.00225296095819 -0.00559647313917 0.00399460928008 -0.00740336375515 -0.0139470088571 0.00191746226691 -0.00466358361124 0.0181166727238 0.0333850949722 0.092292606398 0.00198402243019 0.0187506394318 0.0056022159241 0.0116354170228 -0.000934595675096 0.0121990146883 0.0056229175349 -0.00500027036199 -0.00822238035729 0.0103310458129 0.0242485444788 -0.0210571397327 -0.00180330568215 0.00679206618252 -0.00274647127515 
9.40802430746e-05 0.565952718114 0.0454414722658 0.0415747374197 0.0145299206969 0.0233191958001 0.0247867094582 0.0634526899762 0.0176017876479 0.00446755281669 0.0260598687368 0.0115243682028 0.0137850376196 0.0133312011471 0.0449932751962 0.0124262878086 0.00622759518043 -0.014617938955 0.0113282416933 0.0106094898709 0.0247553505292 0.0385156612346 0.0220782450398 0.0412543494557 0.0188763240008 0.0351510728401 -0.00018259577665 0.00999117369767 0.0160924518277 0.0273993064619 0.0357084333747 0.0146039000519 0.0221380012841 0.0187025412441 0.0293262088016 0.0286465776183 0.11207561951 0.0118898338263 0.0447341102263 0.0409950459583 
-0.00682600615169 0.0454414722658 0.303016955054 0.0413318278767 0.0298020459527 0.0050880859485 0.0277285099755 0.0377038278068 0.00994558254798 0.00502785885804 0.0329393646447 0.023471375589 0.0424637206136 0.0467087561662 0.0124145990906 0.0124069145144 0.0172610094508 -0.0170256919596 0.016254087051 0.0166806532355 0.0124226459099 0.0336473827985 0.00294216615095 0.0300405716496 0.0215695296009 0.0276947003719 0.000517221868671 0.0101644534136 -0.00277097126569 0.015168253589 0.0162544051846 0.0245052383078 0.0369042666331 0.0748283860956 0.0155759146418 0.00976174080999 0.0608322864004 0.00656273716373 0.0265616673619 0.050582932899 
-0.0011995346789 0.0415747374197 0.0413318278767 0.437218634952 0.0282449919748 0.00285568388504 0.018428825644 0.0368541124827 0.0158574486277 0.000812684191006 0.021485971756 0.00014179897958 0.0200816438913 0.00959500267006 0.0149275975265 0.0175294432242 0.00323732995407 -0.000603239474272 0.0020102476616 -0.00634798355107 0.0143442204942 0.00693992310453 0.0151196462475 0.0294766955518 0.0149162962703 0.0108884774664 0.0298573577876 0.00173589685413 0.00707876509426 0.0116289505952 0.00916780079972 0.0325184801522 0.0397226337472 0.0199508310348 0.0202754975057 -0.00236608005187 0.0528443654271 0.00762496313482 0.0322257560727 0.00223896134889 
-0.0233208128691 0.0145299206969 0.0298020459527 0.0282449919748 0.24785331262 0.0147808926457 -0.00113957585189 0.0587642946462 0.00918234670131 0.00862039054176 0.0284929374945 0.0177218794348 0.0204950498891 0.00595454449748 0.00758470816516 0.0230513939525 0.00556834199703 -0.00960305265206 0.00616929964058 0.00952647429641 -0.0125083255423 0.022334395004 0.0237959437813 0.0265792130699 0.0229836951459 0.0419947486935 0.0207565657271 0.0145619583891 0.0102688065249 0.0189884651546 0.00906521755807 0.0232149056345 0.0214900253276 0.0173028127473 0.0290148574159 0.0208658304895 0.0366381263526 0.0174113029619 0.0260466567794 0.0217837892025 
-0.00256625466867 0.0233191958001 0.0050880859485 0.00285568388504 0.0147808926457 0.327772867996 0.00341728749729 0.0131956868588 0.0108507898639 0.0141784699088 0.00987532844944 0.0196853041825 0.00118910501289 0.00721268304202 0.00804212045547 0.00501061216331 -0.00245594909669 -0.0100696144632 0.0228351193436 0.00876088734247 0.021368889481 0.00418029372066 0.0299277006727 0.0144406495415 0.0152040388554 0.0262060583232 0.033148684244 0.0213054808353 0.0352784693802 0.0403310508956 0.00443048018712 0.00985215383666 0.014762328885 0.0136952647689 0.0263984267282 0.0270031406081 0.0415436139784 0.0126060980121 0.000770539278878 0.022431454845 
-0.0101021716263 0.0247867094582 0.0277285099755 0.018428825644 -0.00113957585189 0.00341728749729 0.286505299049 0.0136711401894 0.0250769331811 0.0157241432965 -0.0110500937465 0.0121524603271 0.00465628118244 0.00476122599207 -0.00411472158774 0.00412533352787 0.00929432207115 -0.0200685892239 0.00688816128448 0.00551260123577 -0.00105683136133 0.0134088750044 0.0233610188056 0.014988312954 0.0135793658236 0.00855203050228 0.0133322876519 0.00921766002842 0.0204287992887 0.0134700892616 0.0138185999405 0.0179928483437 -0.00747160301451 -0.00283429532894 0.00216365604491 0.0144099508444 0.0215077881559 0.0010836346021 0.0131589306784 0.0309081636093 
-0.0066065607035 0.0634526899762 0.0377038278068 0.0368541124827 0.0587642946462 0.0131956868588 0.0136711401894 0.305722135239 0.00534237616902 -0.00622758577181 0.0498757203774 0.00125557678691 0.0202093436401 0.00548849600434 0.00940805071415 0.0176316265529 0.0112526076702 -0.016910824274 0.00602226225151 0.00762224285249 0.0278061988856 0.0263943742347 -0.000144736861981 0.0255435051555 0.0108844128346 0.0298504706405 0.014560888146 0.00504396114225 0.0175830810885 0.00341590982602 0.0489605806073 0.0141112983599 0.0253970130585 0.0488757460645 0.0388793406802 0.0229661982565 0.048154661661 0.0165018522122 0.0392436479799 0.0321915042215 
-0.00189818413133 0.0176017876479 0.00994558254799 0.0158574486277 0.00918234670131 0.0108507898639 0.0250769331811 0.00534237616902 0.226279313814 0.00397785990945 0.00442572859255 0.0137836223786 -0.000448216652124 0.0113419038722 0.00546780297998 -0.00667899476854 0.0037245520215 0.0113012884316 0.000948638168705 -0.00359605103549 0.0250619434442 0.00713026036039 0.0120184650228 0.0149166108343 0.00468317558984 0.0127090700399 0.0136676151676 0.0104695479587 0.00463191812933 -0.000629031557107 0.015189949749 0.0165086332127 0.0108198243781 0.0122359101833 0.0139944520919 0.0155575156261 0.00790682466695 0.0105683223481 0.0252601682176 0.0174685448143 
-0.00388944063891 0.00446755281669 0.00502785885804 0.000812684191007 0.00862039054175 0.0141784699088 0.0157241432965 -0.00622758577181 0.00397785990945 0.227645156725 0.0170636456327 0.00407029930136 0.0134865832174 -0.000958313702664 -0.000239227357366 -0.00268397154598 0.00555809305211 0.00345053111928 0.0198003444735 0.0117875878673 -0.00146359541294 -0.00116566663069 -0.00401555661906 0.00423089032693 0.0116840347066 0.00755920438393 -0.00476897742734 0.0106683823365 0.0033854960541 0.000931846850872 0.00490448614233 0.00410541288722 0.00315397644328 0.00117663412246 0.00434445463306 0.00284627536781 0.00948395649152 0.0147453347374 -0.0195614820456 -0.00182224814643 
0.00572620758277 0.0260598687368 0.0329393646447 0.021485971756 0.0284929374945 0.00987532844944 -0.0110500937465 0.0498757203774 0.00442572859255 0.0170636456327 0.483938810948 -0.00769532573977 0.0673170398007 0.0117846168188 0.013360016193 0.0260886169312 0.00164346239884 -0.035136476071 0.0101504503101 0.0172538160996 0.025971269497 0.0370535904135 0.0170193460588 0.0297726961907 0.0130992966543 0.0315548841176 -0.00120237184982 0.00288121119933 0.00298246887038 -0.0041230475909 0.0260424577987 0.0268021585008 0.0154844143598 0.0231515240637 0.0225001784332 0.0196843183427 0.0409928953269 -0.00329221879642 0.0149824071858 0.0175461777239 
0.00616799671833 0.0115243682028 0.023471375589 0.00014179897958 0.0177218794348 0.0196853041825 0.0121524603271 0.00125557678691 0.0137836223786 0.00407029930136 -0.00769532573977 0.159342276398 0.0194609154517 0.0200719086831 0.0155117113883 0.0102923509219 0.00558420354099 0.021687846557 0.0192052783647 0.00414303008497 0.0182426807533 -0.000789329935669 0.00711249721335 0.0135043980986 0.0206206338861 0.00752295922261 0.012460705216 0.0454802204372 0.037151834177 0.0331709885761 0.0172571044599 0.00978588070564 0.00361814424602 0.0117362625683 0.011528733424 0.0154414462471 0.0145125736712 0.0290620540618 0.0126165395356 0.0176643624185 
-0.0114987240965 0.0137850376196 0.0424637206136 0.0200816438913 0.0204950498891 0.00118910501289 0.00465628118245 0.0202093436401 -0.000448216652126 0.0134865832174 0.0673170398007 0.0194609154517 0.242034096676 0.0108865489724 0.0192734715017 0.0119139431525 0.021427475211 0.0104666216028 0.0114375019402 0.0309347524219 0.0205942327168 0.0424069222331 0.0111040788961 0.0181899714738 0.0231348794241 0.00899543211696 -0.00325184042799 0.00634685397634 0.00158254883981 0.00664054310491 0.0163986936593 0.0274403426204 0.0120318207857 0.0190031424814 0.0161055221398 0.0039957342159 0.0321728547167 0.0026839223567 0.0241687995442 0.0166922066197 
-0.00198998399059 0.0133312011471 0.0467087561662 0.00959500267006 0.00595454449748 0.00721268304202 0.00476122599207 0.00548849600434 0.0113419038722 -0.000958313702664 0.0117846168188 0.0200719086831 0.0108865489724 0.429757871599 -0.000243986870092 -0.00911569966623 0.0138526133241 -0.0121606376093 0.00834980200698 0.0100397723196 -0.00315289130765 0.0167168236643 0.015420322244 0.02801655464 0.00118471778775 0.00924311714253 0.0221882165044 0.012646858297 0.0125967617427 0.0153619448701 0.0121438167622 0.00525340414004 0.0196892608685 0.0411267279594 0.00283209403786 0.00375373279971 0.00347651032567 0.00789802352881 0.0169191167381 0.0161688117757 
0.0158184472491 0.0449932751962 0.0124145990906 0.0149275975265 0.00758470816516 0.00804212045547 -0.00411472158774 0.00940805071415 0.00546780297998 -0.000239227357365 0.013360016193 0.0155117113883 0.0192734715017 -0.000243986870092 0.339591561087 0.0416662694051 0.00796061795139 -0.00925846091172 0.0216331679635 0.0156506330445 0.0154049535289 0.00901185725869 0.0016230360014 0.0256129897404 0.0170207092376 0.0142121200007 0.032213180126 0.012224983508 -0.000522679067087 0.018813639053 0.012923645611 0.00918457899264 0.0174855543284 0.0133382387704 0.0325811002692 0.00995955911815 0.0542098647302 0.0108024608466 0.0204473204165 0.0280624431068 
0.00225296095819 0.0124262878086 0.0124069145144 0.0175294432242 0.0230513939525 0.00501061216331 0.00412533352787 0.0176316265529 -0.00667899476854 -0.00268397154598 0.0260886169312 0.0102923509219 0.0119139431525 -0.00911569966623 0.0416662694051 0.964650059742 0.0178242600517 -0.00149467590403 0.0429380576264 0.0267688632089 -0.00129562969847 0.00970060219148 0.0173499762472 0.0127280143928 0.00946676474861 0.0119856958268 0.170535258474 0.0125233843764 -0.00798409201568 -0.00373121444179 -0.00631308043859 -0.0113841059316 0.00238125961931 0.026092377659 0.054914701425 0.0445459095594 0.0250621093452 0.0220409699212 0.00356938511017 0.00396405902767 
-0.00559647313917 0.00622759518044 0.0172610094508 0.00323732995407 0.00556834199703 -0.00245594909669 0.00929432207115 0.0112526076702 0.0037245520215 0.00555809305211 0.00164346239884 0.00558420354099 0.0214274752111 0.0138526133241 0.00796061795139 0.0178242600517 0.159437045593 0.0277203982975 -0.00133762286297 0.0149881575829 0.0188088506072 -0.00303031148524 -0.000657117921318 0.0177873396296 0.0165845568389 0.0114766916714 0.00608816720545 0.014170418439 5.32464789306e-05 0.00542089508285 -0.00280928176817 0.00680503767232 0.0141232708971 0.0134302118924 0.0110542968722 0.0142872710074 0.00289033976488 0.00187876092728 0.00435044176473 0.00622317178357 
0.00399460928008 -0.014617938955 -0.0170256919596 -0.000603239474272 -0.00960305265206 -0.0100696144632 -0.0200685892239 -0.016910824274 0.0113012884316 0.00345053111928 -0.035136476071 0.021687846557 0.0104666216028 -0.0121606376093 -0.00925846091172 -0.00149467590403 0.0277203982975 4.09485979198 0.00993862140414 0.00119092553204 0.0114087984091 -0.0152141359801 0.0112791760876 -0.00479461846154 0.0050072493244 -0.020563992541 -0.0171724403341 0.0218666169536 -0.000153952313636 0.00220701156916 -0.0294968466407 -0.00995755988573 -0.00665878603155 0.00714222736362 -0.0190917752066 -0.0102759296511 0.0144165979965 0.00821007850756 -0.0154593763436 -0.00107562201626 
-0.00740336375515 0.0113282416933 0.016254087051 0.0020102476616 0.00616929964058 0.0228351193436 0.00688816128448 0.00602226225151 0.000948638168706 0.0198003444735 0.0101504503101 0.0192052783647 0.0114375019402 0.00834980200698 0.0216331679635 0.0429380576264 -0.00133762286297 0.00993862140414 0.289080286453 0.000665900665526 0.00665264566247 0.00993229476865 0.0225725941212 0.0140749992437 0.0152010695851 0.00924702754246 0.00817375375784 0.0156676903101 0.0211304861657 0.0272860198967 -0.000845798026048 0.0271685528816 0.00231613170017 0.0256128953825 0.0219251668468 0.00810008501328 0.036729356001 0.0107230593255 0.00500749493724 0.018329271509 
-0.0139470088571 0.0106094898709 0.0166806532355 -0.00634798355106 0.00952647429641 0.00876088734247 0.00551260123577 0.00762224285249 -0.00359605103549 0.0117875878673 0.0172538160996 0.00414303008498 0.0309347524219 0.0100397723196 0.0156506330445 0.0267688632089 0.0149881575829 0.00119092553204 0.000665900665526 0.227971968655 0.0221670846277 0.0185726898122 -0.00181098185627 0.0246053048722 0.0386154789346 0.00516813721315 -0.00713732740098 0.00663945544808 -0.00671923055094 0.0138763064296 0.0225346027081 0.0260668161077 0.00371510744383 0.0108800926544 -0.00213614891547 0.0158637761823 0.0246131776441 0.00517595302209 0.0178494901162 0.0140236556175 
0.00191746226691 0.0247553505292 0.0124226459099 0.0143442204942 -0.0125083255423 0.021368889481 -0.00105683136133 0.0278061988856 0.0250619434442 -0.00146359541294 0.025971269497 0.0182426807533 0.0205942327168 -0.00315289130765 0.0154049535289 -0.00129562969847 0.0188088506072 0.0114087984091 0.00665264566247 0.0221670846277 0.312521228878 0.0144888828942 0.00633953541765 0.0244402115228 0.0135583127029 0.0173926119908 0.0129325656447 0.0108255324971 0.00390525518164 0.0130088969798 0.206302086192 0.0354191669356 0.0284154141133 0.0182844968411 0.033331770184 0.00800257543313 0.0211163996052 0.00571499476252 0.0105581951782 0.00916996318459 
-0.00466358361124 0.0385156612346 0.0336473827985 0.00693992310453 0.022334395004 0.00418029372066 0.0134088750044 0.0263943742347 0.00713026036039 -0.00116566663069 0.0370535904135 -0.000789329935669 0.0424069222331 0.0167168236643 0.00901185725869 0.00970060219148 -0.00303031148524 -0.0152141359801 0.00993229476865 0.0185726898122 0.0144888828942 0.379089688852 0.013109437465 0.0273544883479 0.016955873743 0.0253782759584 0.00748661185334 0.00587950174917 -0.0018967386689 0.00665559707163 0.014518123717 0.0309060328174 0.0199958705022 0.0245275893252 0.04575298879 0.0331138570309 0.0439602504602 0.00211999887806 0.0590290311361 0.0118360756172 
0.0181166727238 0.0220782450398 0.00294216615095 0.0151196462475 0.0237959437813 0.0299277006727 0.0233610188056 -0.000144736861981 0.0120184650228 -0.00401555661906 0.0170193460588 0.00711249721335 0.0111040788961 0.015420322244 0.0016230360014 0.0173499762472 -0.000657117921316 0.0112791760876 0.0225725941212 -0.00181098185627 0.00633953541765 0.013109437465 0.231980712179 0.00790805380236 0.00357402671837 0.00979499877764 0.0168709424238 0.00750879055071 0.0063770712014 0.026463904098 0.00239973958545 0.0160137435354 0.00800756966186 0.0176552679923 0.0289149816549 0.0231271196399 0.0196315498163 0.0130657361076 0.0168711396071 0.0142384156387 
0.0333850949722 0.0412543494557 0.0300405716496 0.0294766955518 0.0265792130699 0.0144406495415 0.014988312954 0.0255435051555 0.0149166108343 0.00423089032693 0.0297726961907 0.0135043980986 0.0181899714739 0.02801655464 0.0256129897404 0.0127280143928 0.0177873396296 -0.00479461846154 0.0140749992437 0.0246053048722 0.0244402115228 0.0273544883479 0.00790805380236 0.348110327781 0.0168769546716 0.0287446452202 0.00919556370236 0.00384953390185 0.0205683572715 0.0183943076543 0.0313866103585 0.0112187541414 0.0179717354686 0.011114120096 0.0400779963579 0.035977798848 0.0508028212618 0.00276338265984 0.0383877141661 0.00977581774668 
0.092292606398 0.0188763240008 0.0215695296009 0.0149162962703 0.0229836951459 0.0152040388554 0.0135793658236 0.0108844128346 0.00468317558984 0.0116840347066 0.0130992966543 0.0206206338861 0.0231348794241 0.00118471778775 0.0170207092376 0.00946676474862 0.0165845568389 0.0050072493244 0.0152010695851 0.0386154789346 0.0135583127029 0.016955873743 0.00357402671837 0.0168769546716 0.257475831641 0.0184519812993 -0.00595285170037 0.0151579408778 0.016306247603 0.0187234131956 0.0216715697376 0.0160144005249 0.0144576927645 0.0107406623682 0.00629341396763 0.000110512712404 0.0241899564439 0.0173295225321 0.0152583203547 0.0197894825123 
0.00198402243019 0.0351510728401 0.0276947003719 0.0108884774664 0.0419947486935 0.0262060583232 0.00855203050228 0.0298504706405 0.0127090700399 0.00755920438393 0.0315548841176 0.00752295922261 0.00899543211696 0.00924311714253 0.0142121200007 0.0119856958268 0.0114766916714 -0.020563992541 0.00924702754246 0.00516813721316 0.0173926119908 0.0253782759584 0.00979499877764 0.0287446452202 0.0184519812993 0.256849410637 0.00958710031581 0.0165819438207 0.00617029840393 0.00223216010452 0.0219880126651 0.0189656807854 0.00854215760032 0.0391457179461 0.0328978231319 0.0230167187021 0.0488423434462 0.0277367779657 0.0286239126703 0.0310093062122 
0.0187506394318 -0.000182595776648 0.000517221868671 0.0298573577876 0.0207565657271 0.033148684244 0.0133322876519 0.014560888146 0.0136676151676 -0.00476897742734 -0.00120237184981 0.012460705216 -0.00325184042799 0.0221882165044 0.032213180126 0.170535258474 0.00608816720545 -0.0171724403341 0.00817375375784 -0.00713732740098 0.0129325656447 0.00748661185334 0.0168709424238 0.00919556370236 -0.00595285170037 0.00958710031581 0.541747622083 0.0165837174941 0.0281936137267 0.0289926066425 -0.00862732417684 0.0122698878653 0.00543797127688 0.00235137072711 0.0546022254994 0.0115296039703 0.00546991935369 0.03568890748 0.0299274080495 -0.0100903741951 
0.0056022159241 0.00999117369767 0.0101644534136 0.00173589685413 0.0145619583891 0.0213054808353 0.00921766002842 0.00504396114225 0.0104695479587 0.0106683823365 0.00288121119933 0.0454802204372 0.00634685397634 0.012646858297 0.012224983508 0.0125233843764 0.014170418439 0.0218666169536 0.0156676903101 0.00663945544808 0.0108255324971 0.00587950174916 0.00750879055071 0.00384953390185 0.0151579408778 0.0165819438207 0.0165837174941 0.132393195879 0.0363787346449 0.0418014984497 0.0183048581874 0.0117484518068 0.00948407927183 0.0181223411588 0.0228166767447 0.0178977911752 0.0201922996105 0.0377830224447 0.0046158406417 0.0151622230721 
0.0116354170228 0.0160924518277 -0.00277097126569 0.00707876509426 0.0102688065249 0.0352784693803 0.0204287992887 0.0175830810885 0.00463191812933 0.0033854960541 0.00298246887038 0.037151834177 0.0015825488398 0.0125967617427 -0.000522679067086 -0.00798409201568 5.32464789357e-05 -0.000153952313636 0.0211304861657 -0.00671923055094 0.00390525518165 -0.0018967386689 0.0063770712014 0.0205683572715 0.016306247603 0.00617029840393 0.0281936137267 0.0363787346449 0.192377831729 0.0441423520699 0.0219125386273 0.00768775237465 0.0133548488871 0.0103395511577 0.0260239865915 0.0447600392676 0.0236387086602 0.0437140996844 0.0148104230557 0.0212404610124 
-0.000934595675096 0.0273993064619 0.015168253589 0.0116289505952 0.0189884651546 0.0403310508956 0.0134700892616 0.00341590982602 -0.000629031557105 0.000931846850873 -0.0041230475909 0.0331709885761 0.00664054310491 0.0153619448701 0.018813639053 -0.00373121444179 0.00542089508285 0.00220701156916 0.0272860198967 0.0138763064296 0.0130088969798 0.00665559707163 0.026463904098 0.0183943076543 0.0187234131956 0.00223216010453 0.0289926066425 0.0418014984497 0.0441423520699 0.20541983178 0.00477591998708 0.0157500913666 0.00832525503129 0.0131693332462 0.0241171916044 0.0332690197091 0.0346452057084 0.0450953893791 0.0222339388149 0.0288492929322 
0.0121990146883 0.0357084333747 0.0162544051846 0.00916780079971 0.00906521755807 0.00443048018712 0.0138185999405 0.0489605806073 0.015189949749 0.00490448614233 0.0260424577987 0.0172571044599 0.0163986936593 0.0121438167622 0.012923645611 -0.00631308043859 -0.00280928176817 -0.0294968466407 -0.000845798026048 0.0225346027081 0.206302086192 0.014518123717 0.00239973958545 0.0313866103585 0.0216715697376 0.0219880126651 -0.00862732417684 0.0183048581874 0.0219125386273 0.00477591998708 1.05182790009 0.0105051432206 0.0295242542317 0.0241963710212 0.068534272923 0.0222452769773 0.0465392797077 0.0141691949208 0.0184817371555 0.032714971673 
0.0056229175349 0.0146039000519 0.0245052383078 0.0325184801522 0.0232149056345 0.00985215383666 0.0179928483437 0.0141112983599 0.0165086332127 0.00410541288722 0.0268021585008 0.00978588070564 0.0274403426204 0.00525340414004 0.00918457899264 -0.0113841059316 0.00680503767232 -0.00995755988573 0.0271685528816 0.0260668161077 0.0354191669356 0.0309060328174 0.0160137435354 0.0112187541414 0.0160144005249 0.0189656807854 0.0122698878653 0.0117484518068 0.00768775237465 0.0157500913666 0.0105051432206 0.429089414045 0.0317902407495 -0.000875448060478 0.010930742622 0.0278539420745 0.0317832327849 0.00562398557197 0.0260512014022 0.0182003771376 
-0.00500027036199 0.0221380012841 0.0369042666331 0.0397226337472 0.0214900253276 0.014762328885 -0.00747160301451 0.0253970130585 0.0108198243781 0.00315397644329 0.0154844143598 0.00361814424602 0.0120318207857 0.0196892608685 0.0174855543284 0.00238125961931 0.0141232708971 -0.00665878603155 0.00231613170017 0.00371510744383 0.0284154141133 0.0199958705022 0.00800756966186 0.0179717354686 0.0144576927645 0.00854215760032 0.00543797127688 0.00948407927183 0.0133548488871 0.00832525503128 0.0295242542317 0.0317902407495 0.223039832776 0.0643562360588 -0.00546126663206 0.00309602020045 0.0418461205092 0.0163438809608 0.0249457236777 0.0215199885702 
-0.00822238035729 0.0187025412441 0.0748283860956 0.0199508310348 0.0173028127473 0.0136952647689 -0.00283429532894 0.0488757460645 0.0122359101833 0.00117663412246 0.0231515240637 0.0117362625683 0.0190031424814 0.0411267279594 0.0133382387704 0.026092377659 0.0134302118924 0.00714222736362 0.0256128953825 0.0108800926544 0.0182844968411 0.0245275893252 0.0176552679923 0.011114120096 0.0107406623682 0.0391457179461 0.00235137072711 0.0181223411588 0.0103395511577 0.0131693332462 0.0241963710212 -0.000875448060478 0.0643562360588 0.39692248005 0.0208344628539 0.00309372514411 0.0449885169101 0.0113006127239 0.0203016021393 0.0282462054649 
0.0103310458129 0.0293262088016 0.0155759146418 0.0202754975057 0.0290148574159 0.0263984267282 0.00216365604491 0.0388793406802 0.0139944520919 0.00434445463306 0.0225001784332 0.011528733424 0.0161055221398 0.00283209403787 0.0325811002692 0.054914701425 0.0110542968722 -0.0190917752066 0.0219251668468 -0.00213614891546 0.033331770184 0.04575298879 0.0289149816549 0.0400779963579 0.00629341396763 0.0328978231319 0.0546022254994 0.0228166767447 0.0260239865915 0.0241171916044 0.068534272923 0.010930742622 -0.00546126663206 0.0208344628539 0.615742056473 0.124237471068 0.0708848982119 0.010004768333 0.0636506398169 0.00829359881281 
0.0242485444788 0.0286465776183 0.00976174080999 -0.00236608005187 0.0208658304895 0.0270031406081 0.0144099508444 0.0229661982565 0.0155575156261 0.00284627536781 0.0196843183427 0.0154414462471 0.0039957342159 0.00375373279971 0.00995955911815 0.0445459095594 0.0142872710074 -0.0102759296511 0.00810008501328 0.0158637761823 0.00800257543313 0.0331138570309 0.0231271196399 0.035977798848 0.000110512712405 0.0230167187021 0.0115296039703 0.0178977911752 0.0447600392676 0.0332690197091 0.0222452769773 0.0278539420745 0.00309602020045 0.00309372514411 0.124237471068 0.514567219527 0.0459864983042 0.0204221409341 0.012379805034 0.0149550922099 
-0.0210571397327 0.11207561951 0.0608322864004 0.0528443654271 0.0366381263526 0.0415436139784 0.0215077881559 0.048154661661 0.00790682466695 0.00948395649152 0.0409928953269 0.0145125736712 0.0321728547167 0.00347651032567 0.0542098647302 0.0250621093452 0.00289033976488 0.0144165979965 0.036729356001 0.0246131776441 0.0211163996052 0.0439602504602 0.0196315498163 0.0508028212618 0.0241899564439 0.0488423434462 0.00546991935369 0.0201922996105 0.0236387086602 0.0346452057084 0.0465392797077 0.0317832327849 0.0418461205092 0.0449885169101 0.0708848982119 0.0459864983042 0.576815640492 0.0169205630494 0.029977580796 0.053509343325 
-0.00180330568215 0.0118898338263 0.00656273716373 0.00762496313482 0.0174113029619 0.0126060980121 0.0010836346021 0.0165018522122 0.0105683223481 0.0147453347374 -0.00329221879642 0.0290620540618 0.0026839223567 0.00789802352881 0.0108024608466 0.0220409699212 0.00187876092728 0.00821007850756 0.0107230593255 0.00517595302209 0.00571499476252 0.00211999887806 0.0130657361076 0.00276338265984 0.0173295225321 0.0277367779657 0.03568890748 0.0377830224447 0.0437140996844 0.0450953893791 0.0141691949208 0.00562398557197 0.0163438809608 0.0113006127239 0.010004768333 0.0204221409341 0.0169205630494 0.226993257124 0.00346436710968 0.0161613662427 
0.00679206618252 0.0447341102263 0.0265616673619 0.0322257560727 0.0260466567794 0.000770539278877 0.0131589306784 0.0392436479799 0.0252601682176 -0.0195614820456 0.0149824071858 0.0126165395356 0.0241687995442 0.0169191167381 0.0204473204165 0.00356938511018 0.00435044176473 -0.0154593763436 0.00500749493724 0.0178494901162 0.0105581951782 0.0590290311361 0.0168711396071 0.0383877141661 0.0152583203547 0.0286239126703 0.0299274080495 0.0046158406417 0.0148104230557 0.0222339388149 0.0184817371555 0.0260512014022 0.0249457236777 0.0203016021393 0.0636506398169 0.012379805034 0.029977580796 0.00346436710968 0.330928585241 0.0297107071079 
-0.00274647127515 0.0409950459583 0.050582932899 0.00223896134889 0.0217837892025 0.022431454845 0.0309081636093 0.0321915042215 0.0174685448143 -0.00182224814644 0.0175461777239 0.0176643624185 0.0166922066197 0.0161688117757 0.0280624431068 0.00396405902767 0.00622317178357 -0.00107562201626 0.018329271509 0.0140236556175 0.00916996318459 0.0118360756172 0.0142384156387 0.00977581774668 0.0197894825123 0.0310093062122 -0.0100903741951 0.0151622230721 0.0212404610124 0.0288492929322 0.032714971673 0.0182003771376 0.0215199885702 0.0282462054649 0.00829359881281 0.0149550922099 0.053509343325 0.0161613662427 0.0297107071079 0.243579019066 

['FRX', 'VMC', 'HOT', 'AW', 'UTX', 'PGL', 'WPI', 'ASD', 'CZN', 'MDT', 'SBUX', 'XEL', 'COST', 'NWL', 'TSG', 'HUM', 'GIS', 'RSH', 'AMGN', 'FRE', 'XRX', 'FDX', 'ABC', 'LPX', 'RF', 'CBE', 'DYN', 'ED', 'D', 'SRE', 'RHI', 'AOC', 'WMI', 'BC', 'PD', 'NEM', 'DHI', 'CMS', 'CSX', 'PSA']