50
0.0125032911957 0.0995242847704 0.0896788789081 0.0535662105727 0.0514292405054 0.0479675113811 0.0698927007 0.0695535734162 0.114457978761 0.0501755430095 0.078059567066 0.0545718905582 0.026417897889 0.0448250845436 0.126305303483 0.0911559741232 0.0291248595558 0.0254158643172 0.0348883512333 0.110783759143 0.0502759777883 0.0113752176021 0.0446705301477 0.0418020448473 0.0755152896869 0.140066530531 0.0359279599811 0.169485482474 0.0738036440579 0.0272516352802 0.0130713531851 0.0545934085328 0.143584613331 0.0700025840065 0.0590558874601 0.079223051944 0.0634276035435 0.0726136826411 0.0340754658053 0.0374431650663 0.0260517267587 0.0396221554001 0.0265727047954 0.0584548507687 0.107238949757 0.0192488530763 0.143796644659 0.0341115490789 0.0716450377603 0.0425593974561 
0.279129295263 -0.00792370517299 0.0219484408132 -0.00386282460611 0.0284321459746 0.0217444771859 0.000617359360193 -0.00238085143405 -0.0207864347679 0.0121519066964 0.00435520681881 -0.00747614621829 0.018502100573 0.0398252797223 -0.0234642672252 0.0170517539761 -0.00715458640844 0.0365236708128 0.0192524646166 0.0174733511063 0.00559044622054 0.0187323692455 -8.74723422759e-05 0.0080027277093 -0.0101163202944 0.0212514012288 0.0145131860502 0.00403434930729 0.0138097256938 -0.00562979739225 -0.00639423475054 0.00972069538566 -0.0195004755302 0.0042695988326 0.0212876108568 0.00296062526179 -0.00304186514709 0.0212285097516 -0.00374243547885 0.00565911126866 0.0230066908898 0.0106694756736 0.032595230677 0.00882576216885 0.0235566981728 0.00385241803544 0.0214278999927 0.0113220913012 0.00234284798064 0.0382905516373 
-0.00792370517299 0.413846225118 0.0118026354941 0.016299760508 0.0191088780835 0.0333878470073 0.0146047992012 -0.0106456776807 0.139719597302 -0.00159994711787 0.00331907670009 0.0344026386602 0.0252594138436 5.83624812643e-05 0.0769355035514 0.0187559751107 -0.00257027512629 0.0111116246196 0.010088230765 0.0101395571301 0.0068522292734 0.0158868808682 0.005944153534 0.036894208765 0.00324193831255 0.0119969493591 0.0103476889517 0.0305084759262 0.0140140435668 0.0097210616359 0.0231276362905 0.0234685621389 0.107784864207 0.0121948734114 0.00736507982719 0.036903433958 0.0213264885569 0.0265698734959 0.0128429695032 0.0123086665215 0.011061299061 0.00878008695428 0.00961202473277 0.0241093778281 0.0132311157517 0.00286977263848 0.0491266149505 0.000874151252607 0.00240353801313 0.00557895972141 
0.0219484408132 0.0118026354941 0.545970053741 0.025272022244 0.013888868493 0.0288961945129 0.0391231341102 0.00227571033981 -0.0106959944052 -0.000735227055683 0.0111147360138 0.011209703469 0.0175832254376 0.00514958108592 0.0182366002904 0.014891237214 0.0091532839013 0.0228344509456 0.0231911734319 0.0821599323109 0.0100399543758 0.0295124839766 0.0587397808293 0.0255761282646 0.0141641483583 0.0133735565695 0.0156618718126 0.00694125368511 0.0468461307155 0.0197548191588 0.0112673010557 0.039760209234 0.038815679166 0.0078624459862 0.0122064233539 0.0304013620583 0.0334970011778 0.0340700988964 0.00578921594404 0.0194363699115 0.00557589001872 0.0129230756666 0.00734260739123 0.0357141343028 0.0468639044321 0.0152436874935 0.0717476803396 0.00931731525797 0.03469720352 0.0352324076952 
-0.00386282460611 0.016299760508 0.025272022244 0.19568681409 0.0252293346866 0.0276258549516 0.0143372209876 0.0392761935759 0.0148265426319 0.0144268287015 0.0144646776583 0.027745674731 0.0137955927247 0.0214806396631 0.0117714396879 0.0148232021402 0.0175390897066 0.0127963643396 0.0186052867121 0.0181813801245 0.0304416565846 0.0268015862769 0.0122275713137 0.0256158235324 0.0302465842967 0.0230259910012 0.00803941838253 0.0102078580031 0.0192724196298 0.013257183686 0.0189455079069 0.0289286569 0.0384103651994 0.0163235640245 0.0408812677782 0.0288484873145 0.0242420850498 0.0177208695685 0.0144246377643 0.00913114043638 0.0174789306231 0.0273659783386 0.00725880223864 0.0864312481306 0.036270738546 0.0161763664613 0.0351627662901 0.0105853787069 0.00314406428489 0.0274497170337 
0.0284321459746 0.0191088780835 0.013888868493 0.0252293346866 0.193946769043 0.0217259792945 0.0221491978769 0.015472394112 0.0167084516103 0.00962689797534 0.00630896826986 0.0244207595579 0.0188616466282 0.0223424435187 0.0271817088407 0.0229103879156 0.0219544044801 0.0127470710772 0.0300655436385 0.0500084585298 0.0162628874851 0.0166471963429 0.0244931510434 0.0158224362894 0.0105831076324 0.0293202112894 0.0139670839775 0.0391304024345 0.0200163024249 0.0140524485309 0.020060538266 0.0255070511472 0.0204101039152 0.0100117045543 0.0096238978834 0.0109267418128 0.0198350018089 0.024594199313 0.0192284743535 0.0220440818797 0.0272630648119 0.0323397623597 0.0176489582013 0.0248088873679 0.0326389645649 0.00935808926585 0.082827279949 0.0125518029062 0.0174744348281 0.0294953009701 
0.0217444771859 0.0333878470073 0.0288961945129 0.0276258549516 0.0217259792945 0.330303344616 -0.00474965348801 0.00855602262467 0.0401241170077 0.0136486454365 0.0255243094557 0.0218487328406 0.0253019261507 0.0274619902065 0.00348916641217 0.0428146962598 0.0083183171503 0.0170409324381 0.0478859218716 0.0203226542625 0.0318985808409 0.0116429357263 0.00689330472458 0.0332091440793 0.0212449555327 0.0106448487947 0.00388797487988 0.0120599859274 0.013982890726 0.0154473766802 0.00687489085197 0.0387816421689 0.0417117641066 0.00795270262973 0.020840015558 0.00685762354259 0.0176646678758 0.0197137237361 -0.00335867073231 0.00444449377244 0.0148187516645 0.0174532805493 0.0153732158013 0.0282245056666 0.0165211303651 0.00636643577835 0.0374278076376 0.00392312639756 0.0186993014619 0.0341529634557 
0.000617359360193 0.0146047992012 0.0391231341102 0.0143372209876 0.0221491978769 -0.00474965348801 0.431069224323 0.0368378481984 0.00834728205244 0.0365451233398 0.0131725144299 0.0131049920751 0.0134765486186 0.0250771297763 0.00441328174602 0.0227741917933 0.0140167927723 0.012133958862 0.0289559977667 0.0412252018115 -0.00516018791529 0.00860602902429 0.04998853369 0.00902592820791 -0.0100117921789 0.0114955027553 0.0627322513303 0.0311487762397 0.0499289031829 0.00336219956618 0.00138751244577 0.0330801235179 0.0266113386285 0.026779542284 -0.000688711947146 0.0308980288164 0.0129726267193 0.0752496388426 0.0051321021747 0.0375973053856 0.0209765129881 0.0268769581157 0.0166780796641 0.0272623476441 0.0262714406751 0.013301171422 0.0751767700981 0.00061622521026 0.0210713968631 -0.0111253534784 
-0.00238085143405 -0.0106456776807 0.00227571033981 0.0392761935759 0.015472394112 0.00855602262467 0.0368378481984 0.39598790781 -0.0028661612305 0.0381141085528 0.0311129448499 -0.0139476171856 0.0097065952979 0.00722968756952 0.00524649804104 0.00541555062132 0.0125178400491 0.00786711437027 0.00151183982773 0.0125894906173 0.00760265316538 0.010058035282 0.0145610171726 0.00214212510289 0.00299615740416 0.0164880643952 0.013464498293 0.0124474434641 0.0131256855863 0.0092510478148 -0.000123964423694 0.00640212081145 0.00222520111199 0.0126446453555 0.00748677446865 0.0189130538735 0.00648319511873 0.0037228929615 0.00739606039417 0.0187070773851 -0.00113692924464 0.00679459962409 0.0101500778337 0.028035689641 -0.00403966280524 0.0071233757698 0.0232111923898 0.0161689696743 0.00203642685611 0.0151246167502 
-0.0207864347679 0.139719597302 -0.0106959944052 0.0148265426319 0.0167084516103 0.0401241170077 0.00834728205244 -0.0028661612305 0.372154990008 0.0339357534897 0.0123565265117 0.0271440299658 0.0235175768663 -0.00363619344396 0.117951782619 0.0223464291614 0.00695519601039 0.0229792287066 0.0155021384282 0.014231735649 -0.0057337974004 -0.0112939923918 -0.00722658853024 0.0220499149858 0.0261809965135 0.0120432896358 0.0121452563805 0.0269045043182 0.0187318789568 0.0114853777464 0.0105819906908 0.0220905654905 0.173262309188 0.013652396616 0.00573428211457 -0.00615606066696 0.0373535794619 0.0306839043842 0.0159064608874 0.00183574400869 0.0167554424585 0.00582476947594 0.00223105745947 0.0164700855214 0.0178275515499 -0.00520425177053 0.0171225610619 0.00622457498365 -0.00787060637669 0.03002006896 
0.0121519066964 -0.00159994711787 -0.000735227055683 0.0144268287015 0.00962689797534 0.0136486454365 0.0365451233398 0.0381141085528 0.0339357534897 0.311803740524 0.0414190957411 0.0109045062635 0.0100215569549 0.0269464116966 0.0201557651342 -0.000953786221361 0.0115978058555 0.0350411911118 0.0201948319959 0.029235860834 0.00918246340333 0.0188546796257 0.0189595310448 -0.0011503006895 0.0176227726831 0.00512850931898 0.0122524830895 0.0199236973849 0.0387604236938 0.0017640591688 0.0106042717318 0.0256681329832 0.0107606128457 0.00850698257137 -0.0029949705068 0.0384638830708 0.0244801193676 0.0165730897499 0.00835143955697 -0.00569416664292 0.0246139501337 0.00891021118352 0.00487096081617 0.0195859947182 0.0171390542983 0.0113652737122 0.0264398825768 0.0114417798068 0.00184915617511 0.0192478333652 
0.00435520681881 0.00331907670009 0.0111147360138 0.0144646776583 0.00630896826986 0.0255243094557 0.0131725144299 0.0311129448499 0.0123565265117 0.0414190957411 0.521884383095 0.00827307270801 0.00475307844553 0.00711523980395 -0.00614202649697 0.00626740701846 0.0207164976779 0.0211161593543 0.00571822559199 0.0127629929616 0.0126611754 0.00704218484651 0.0180501366722 0.0176355977749 0.0182932380327 0.0138469983489 0.000514860860086 -0.0240812707094 0.00791314881788 0.001933901606 0.00314410616876 0.0151958369121 0.0128905727101 0.00668040816287 0.0116015388874 0.0218575175891 0.0142837223569 0.0266725296716 0.00545701143334 0.00536584489192 0.0198000372697 0.015222992553 -0.0110432498323 0.0165826382634 0.0443549809201 0.0147100053483 0.0516352327994 0.0181472823732 0.0131852946047 0.0137948665693 
-0.00747614621829 0.0344026386602 0.011209703469 0.027745674731 0.0244207595579 0.0218487328406 0.0131049920751 -0.0139476171856 0.0271440299658 0.0109045062635 0.00827307270801 0.280700920648 0.00157194722493 0.0220549413788 0.0121667379399 0.00777667712451 0.0114891287831 0.00861406295787 0.00787289894858 0.0148300868392 0.0264059239534 0.0223035302972 0.0021525346363 0.0242714559363 0.00677558059237 0.0291994761031 0.0234805806856 0.0410282416819 0.00945528905034 0.0129275813802 0.0395004367839 0.0111584121204 0.0406976159339 0.00666104093075 0.0132159937455 0.00760225799969 0.0260429171447 0.00328083056949 0.00741649903984 0.0219461369696 0.0110650210466 0.0187994258405 0.0196595454316 0.0253654253718 -0.000103856509904 0.0154036043469 0.00707083445844 0.00116621788141 0.00250577780434 0.0115472700505 
0.018502100573 0.0252594138436 0.0175832254376 0.0137955927247 0.0188616466282 0.0253019261507 0.0134765486186 0.0097065952979 0.0235175768663 0.0100215569549 0.00475307844553 0.00157194722493 0.268813934267 0.0317242349246 0.0167599216095 0.0335556549468 0.0048704747273 0.0228605535663 0.0243111437795 0.0323967389284 0.0129043333277 0.0122598748513 0.0175443608604 0.0293073745443 -0.00790064238494 0.0298795914084 0.0137839493477 0.0262486381725 0.0211815209674 0.0158220306342 -0.00409860635315 0.0211995141188 0.0185134129583 0.00173761458403 0.0050346181083 0.0230422602533 0.0100316895097 0.0363404555947 0.0103131344555 0.0171789519882 0.0226710765124 0.0203515972115 0.0167323377189 0.0128281572396 0.0255392811442 0.00445023269599 0.0419555826034 0.0162660388185 0.00693906819257 0.0165557748411 
0.0398252797223 5.83624812639e-05 0.00514958108592 0.0214806396631 0.0223424435187 0.0274619902065 0.0250771297763 0.00722968756952 -0.00363619344396 0.0269464116966 0.00711523980395 0.0220549413788 0.0317242349246 0.243871377402 -0.00973313760376 0.0183292961282 0.0234096059282 0.0273036166428 0.0348353126804 0.00994487359802 0.00730485571541 0.00751316595484 0.0274107758492 0.0197833282712 0.00166447040238 0.00829692011827 0.019471450255 0.0128586203945 0.0162268999765 0.00149534951966 0.00672356912264 0.0101126310077 -0.010287783254 0.0104704527183 0.0107657016764 0.0185926850748 0.0153790623606 0.015445285519 0.00448231560614 0.00469312466648 0.0226856544018 0.0173569868345 0.0178799679281 0.0234922847704 0.0277175601714 0.0137902880412 0.0286248885014 0.018713961966 -0.00385370702426 0.0182369664051 
-0.0234642672252 0.0769355035514 0.0182366002904 0.0117714396879 0.0271817088407 0.00348916641217 0.00441328174602 0.00524649804104 0.117951782619 0.0201557651342 -0.00614202649697 0.0121667379399 0.0167599216095 -0.00973313760376 0.424051760377 0.0169563336628 0.00763149176897 0.0132728048154 0.00371763925037 0.0369015434987 0.00843746061428 -0.00326556287522 0.0135326179568 0.0101435497225 0.00644946141373 -0.012340318981 0.0125149154941 0.0635515674186 0.00810296725988 0.0180513253726 0.0115015167441 0.0448704276748 0.192997175737 0.00182178887137 -0.00384215585197 0.0167610489454 0.0409806911583 0.0218075945784 0.00673387798423 0.00814813099577 0.0206977154877 -0.00157609649518 0.0127834119061 0.0100290318225 0.0293033930273 0.0120987227901 0.0804657375004 0.0046783964791 0.00664308675817 0.000846885049537 
0.0170517539761 0.0187559751107 0.014891237214 0.0148232021402 0.0229103879156 0.0428146962598 0.0227741917933 0.00541555062132 0.0223464291614 -0.000953786221362 0.00626740701846 0.00777667712451 0.0335556549468 0.0183292961282 0.0169563336628 0.346003420309 0.0292099167131 0.0295487117154 0.0326489159553 0.0531241503314 0.0024668504788 0.0128601453326 0.0255975331459 0.0266464326022 0.107418825448 0.0607332435786 0.0168218382474 0.0234086847173 0.0217035158795 0.0244824127579 0.00577460826023 0.066425954451 0.020768579559 0.0229826110277 0.00140687848138 0.00861668049587 0.0149445397899 0.0663296914469 0.00529599107134 0.0171709417199 0.0293026152054 0.00730331552864 0.0166929728227 0.0232461548284 0.0399415657433 0.00958016098948 0.0505187090084 0.0173122685705 0.00991233841961 0.0296120021603 
-0.00715458640844 -0.00257027512629 0.0091532839013 0.0175390897066 0.0219544044801 0.0083183171503 0.0140167927723 0.0125178400491 0.00695519601039 0.0115978058555 0.0207164976779 0.0114891287831 0.0048704747273 0.0234096059282 0.00763149176897 0.0292099167131 0.223616448921 0.0317369869684 0.0147682610356 0.00181948434268 0.0282380916269 -0.00593361200606 0.0211948955855 0.0122902629611 0.0880941164496 0.0103652158895 -0.00423798606915 0.00620035456766 0.0173958659601 0.00330780819051 0.0133645963044 0.00678593809807 0.0265849429381 0.0194620687795 0.00187572492567 0.0247076673078 0.00269769605841 0.0125097556023 0.0144347446765 -0.00634173578864 0.00388797332589 0.0286309050424 0.00766805055791 0.00878876122727 0.0108528138365 0.00347136581052 0.00953570716145 -0.0062224917205 0.0052158295883 0.0234817965977 
0.0365236708128 0.0111116246196 0.0228344509456 0.0127963643396 0.0127470710772 0.0170409324381 0.012133958862 0.00786711437027 0.0229792287066 0.0350411911118 0.0211161593543 0.00861406295787 0.0228605535663 0.0273036166428 0.0132728048154 0.0295487117154 0.0317369869684 0.289562076296 0.0279746649158 0.0273483666864 0.000924526750794 0.0124565006256 0.00913967545903 0.0238542501986 0.00108712202103 0.0081866883518 0.0203911123673 -0.000691739027701 -0.000169838280651 0.00775696758059 0.00402774190882 0.0164738568679 0.0014360151172 0.00590033406138 0.0157002162428 0.0349362499281 0.0195838721123 0.0230150913722 0.00472572417962 0.0190471293397 0.0135274958799 0.0075650535622 0.00890092213267 0.00723576472211 0.00880597010784 0.00225649348222 0.03142183685 0.0088309783588 0.0121297684778 0.028024912707 
0.0192524646166 0.010088230765 0.0231911734319 0.0186052867121 0.0300655436385 0.0478859218716 0.0289559977667 0.00151183982773 0.0155021384282 0.0201948319959 0.00571822559199 0.00787289894858 0.0243111437795 0.0348353126804 0.00371763925037 0.0326489159553 0.0147682610356 0.0279746649158 0.306177179336 0.0368957776588 0.0415566104687 0.0342050023057 0.00327644979684 0.0292944924217 0.0159434883148 0.0308943821815 0.0104042990816 0.0265742269303 0.019943504976 0.012633828015 0.0110294787716 0.0343924128754 0.0419242902287 0.0101303538623 0.0138272316063 0.0210342333244 0.0184918740164 0.0311046999814 0.00937257962949 0.0204314041858 0.0265423662659 0.039870713476 0.015864421619 0.0170335432984 0.029595757998 0.00853532123175 0.0547100674279 0.00590718443116 -0.0013739514558 0.0757990301314 
0.0174733511063 0.0101395571301 0.0821599323109 0.0181813801245 0.0500084585298 0.0203226542625 0.0412252018115 0.0125894906173 0.014231735649 0.029235860834 0.0127629929616 0.0148300868392 0.0323967389284 0.00994487359802 0.0369015434987 0.0531241503314 0.00181948434268 0.0273483666864 0.0368957776588 0.464148160902 0.041317010203 0.0311171146835 0.0754900227895 0.0375318984407 -0.00682580521322 0.032376316755 0.017340838024 0.0189018108505 0.0333670320584 0.00760809724305 0.0141787961325 0.0523804062202 0.0479766005181 0.0162562387067 0.0112021396805 0.0320843353881 0.0395625055193 0.042041726806 -0.00200176207323 0.0347644763265 0.0317704501766 0.0305214624839 0.0210610004446 0.009267525885 0.0664327231192 0.00489917704616 0.10138428795 0.0130768726 0.0216350798019 0.060371617739 
0.00559044622054 0.0068522292734 0.0100399543758 0.0304416565846 0.0162628874851 0.0318985808409 -0.00516018791528 0.00760265316538 -0.0057337974004 0.00918246340333 0.0126611754 0.0264059239534 0.0129043333277 0.00730485571541 0.00843746061428 0.0024668504788 0.0282380916269 0.000924526750794 0.0415566104687 0.041317010203 0.25981130629 0.0289698911595 0.00484741041356 0.00646388067896 -0.0176568599958 -0.00497722869034 0.010009972154 0.0155700758101 0.000636948576215 0.00779743960614 0.0253256415708 0.0122852412648 0.0252579095412 0.00796858350195 0.0234712284915 0.0108072006424 0.00655866838495 0.00531399439255 -0.00301371432214 -0.00181813085661 0.0225599329829 0.0244063396939 0.000451474454663 0.0164663068092 0.0288465621128 0.00540832495728 0.0314365151169 0.0200258657953 0.022542865415 0.0183649340664 
0.0187323692455 0.0158868808682 0.0295124839766 0.0268015862769 0.0166471963429 0.0116429357263 0.00860602902429 0.010058035282 -0.0112939923918 0.0188546796257 0.00704218484651 0.0223035302972 0.0122598748513 0.00751316595484 -0.00326556287522 0.0128601453326 -0.00593361200606 0.0124565006256 0.0342050023057 0.0311171146835 0.0289698911595 0.211573286605 0.0102395970277 0.0257421491834 0.0151784837863 0.00489252270991 0.0243372448196 -0.00135009109665 0.0151397092491 0.0173657380743 0.00689404990527 0.0201610558361 0.00621898422776 0.0249905400656 0.000315896628938 0.0204903574653 0.0074282968484 0.0198842897785 0.0143253729258 0.001352668881 0.00916206995262 0.0103159949564 0.00244933621173 0.0181749461867 0.00598338718738 0.000744168831346 0.0218198879069 0.0445345787045 0.0504103599196 0.0197086053769 
-8.74723422755e-05 0.005944153534 0.0587397808293 0.0122275713137 0.0244931510434 0.00689330472459 0.04998853369 0.0145610171726 -0.00722658853024 0.0189595310448 0.0180501366722 0.0021525346363 0.0175443608604 0.0274107758492 0.0135326179568 0.0255975331459 0.0211948955855 0.00913967545903 0.00327644979684 0.0754900227895 0.00484741041356 0.0102395970277 0.325244236943 0.0164542041063 0.00946932700257 0.0118906276632 0.0176372389279 0.000890249586946 0.0195723896157 0.0109132155413 0.00599128275419 0.038288811256 0.00432050359212 0.0115363488002 -0.00451293515246 0.0136583148416 0.0367336061409 0.0270718157998 -0.000332390351618 0.0228263406762 0.0146826177417 0.0135740063922 0.00921762563688 0.0114923623138 0.0220193820108 0.00868233431279 0.0332752285763 0.00931097797939 0.0298753605999 0.0153017916224 
0.0080027277093 0.036894208765 0.0255761282646 0.0256158235324 0.0158224362894 0.0332091440793 0.00902592820791 0.00214212510289 0.0220499149858 -0.0011503006895 0.0176355977749 0.0242714559363 0.0293073745442 0.0197833282712 0.0101435497225 0.0266464326022 0.0122902629611 0.0238542501986 0.0292944924217 0.0375318984407 0.00646388067896 0.0257421491834 0.0164542041063 0.238868725527 -0.0156468944158 0.0161245999079 0.0305213563964 0.0189503132335 0.0271204871532 0.000661506129662 0.0128878237451 0.066213143199 0.0290197365187 0.00166212330056 0.00433537079046 0.0333896890865 0.042685619798 0.0268063020983 0.0094597939016 0.0186317588078 0.0240126495362 0.0216351314333 0.0137678329068 0.0250413291726 0.0347100897243 0.00699479816582 0.0291536490769 0.025150210261 0.0191097921421 0.0205999785972 
-0.0101163202944 0.00324193831255 0.0141641483583 0.0302465842967 0.0105831076324 0.0212449555327 -0.0100117921789 0.00299615740416 0.0261809965135 0.0176227726831 0.0182932380327 0.00677558059237 -0.00790064238494 0.00166447040238 0.00644946141373 0.107418825448 0.0880941164496 0.00108712202103 0.0159434883148 -0.00682580521322 -0.0176568599958 0.0151784837863 0.00946932700257 -0.0156468944158 0.782750201405 0.0104676173123 0.00175226512644 0.0156495161008 0.0288627889999 0.00792972202486 0.0202322233339 0.0260253452085 0.0127031948184 0.0280230483379 0.0282189714397 0.00439806624995 0.0079011411957 0.0529607112518 0.00479013256402 0.0235099216032 0.0140053053687 0.00368072464658 -0.0124945954863 0.0386843988948 0.0202651591569 0.013239815522 0.0281325052158 0.0123177520688 0.0162964853148 0.0193116418616 
0.0212514012288 0.0119969493591 0.0133735565695 0.0230259910012 0.0293202112894 0.0106448487947 0.0114955027553 0.0164880643952 0.0120432896358 0.00512850931898 0.0138469983489 0.0291994761031 0.0298795914084 0.00829692011827 -0.012340318981 0.0607332435786 0.0103652158895 0.0081866883518 0.0308943821815 0.032376316755 -0.00497722869034 0.00489252270991 0.0118906276632 0.0161245999079 0.0104676173123 1.45273562127 0.00150664468098 0.025346035896 0.015721916787 0.00684313864909 0.017825541233 0.011580381152 0.0126822434249 0.0103224706011 0.0124632258078 0.00866949183535 0.0500206885798 0.0267706110555 0.0050104423358 0.0184464594643 0.011253225908 0.0206167831536 0.00993342600257 0.0178677130757 0.0325619108378 0.00627260563027 0.0412965214254 0.0279379893742 0.00568649288745 0.0250466936868 
0.0145131860502 0.0103476889517 0.0156618718126 0.00803941838253 0.0139670839775 0.00388797487988 0.0627322513303 0.013464498293 0.0121452563805 0.0122524830895 0.000514860860086 0.0234805806856 0.0137839493477 0.019471450255 0.0125149154941 0.0168218382474 -0.00423798606915 0.0203911123673 0.0104042990816 0.017340838024 0.010009972154 0.0243372448196 0.0176372389279 0.0305213563964 0.00175226512644 0.00150664468098 0.226229618101 0.0119229022166 0.0104442105781 -0.0065090697518 0.00496671039123 0.0275319402898 0.00383458298466 0.00260374021128 0.0210148488061 0.0214092773643 0.0258175114098 0.0235598369572 0.00707409060092 0.00504627295779 0.00892179907091 0.00453741233337 0.0197055189428 0.00820317234026 0.00930689375275 0.00735498290569 0.0206053982662 -0.00720692822485 0.00511377756153 0.00225048561528 
0.00403434930729 0.0305084759262 0.00694125368511 0.0102078580031 0.0391304024345 0.0120599859274 0.0311487762397 0.0124474434641 0.0269045043182 0.0199236973849 -0.0240812707094 0.0410282416819 0.0262486381725 0.0128586203945 0.0635515674186 0.0234086847173 0.00620035456766 -0.000691739027701 0.0265742269303 0.0189018108505 0.0155700758101 -0.00135009109665 0.000890249586945 0.0189503132335 0.0156495161008 0.025346035896 0.0119229022166 0.668551728558 0.020501670139 -0.00228772177798 0.00822102755521 0.0253509188617 0.0306753087032 0.00265374249559 0.00520489430432 0.0136442813359 0.01810755364 0.0513293009762 0.0132525112584 -0.00751140233804 0.0066183803857 0.00435119413585 0.0407132277573 0.0177434537019 0.0328209344794 0.000482815525417 0.0340756816395 0.00820744072268 0.0372584765404 0.0109762754963 
0.0138097256938 0.0140140435668 0.0468461307155 0.0192724196298 0.0200163024249 0.013982890726 0.0499289031829 0.0131256855863 0.0187318789568 0.0387604236938 0.00791314881788 0.00945528905034 0.0211815209674 0.0162268999765 0.00810296725988 0.0217035158795 0.0173958659601 -0.000169838280652 0.019943504976 0.0333670320584 0.000636948576214 0.0151397092491 0.0195723896157 0.0271204871532 0.0288627889999 0.015721916787 0.0104442105781 0.020501670139 0.343138466468 -0.0119071439587 0.0180464435892 0.0317751199418 0.0158367812361 0.00523874867928 0.00132143346542 0.0342033478756 0.019418343418 0.0450201256435 0.000370028135853 0.0270991209695 0.0326117623582 0.0135059562679 0.0024617561405 0.0216945345082 0.0452410517926 0.00602747826311 0.0611090458763 -0.0176732397325 -0.0067849239785 0.00574724709108 
-0.00562979739225 0.0097210616359 0.0197548191588 0.013257183686 0.0140524485309 0.0154473766802 0.00336219956618 0.00925104781479 0.0114853777464 0.0017640591688 0.001933901606 0.0129275813802 0.0158220306342 0.00149534951966 0.0180513253726 0.0244824127579 0.00330780819051 0.00775696758059 0.012633828015 0.00760809724305 0.00779743960614 0.0173657380743 0.0109132155413 0.000661506129662 0.00792972202486 0.00684313864909 -0.0065090697518 -0.00228772177798 -0.0119071439587 0.225450133592 0.00290164386386 0.0100767734026 0.0148190631043 0.00723864398329 0.009116339674 0.0199064305402 -0.00885692911788 -0.000328792848131 -0.00158489217763 0.0231757643861 0.00570299704643 0.00755124624576 0.0109043023883 0.0143443163503 0.00243877725927 0.00698402101191 0.0122301153887 0.0258394261328 0.0146581792536 0.0100782159464 
-0.00639423475054 0.0231276362905 0.0112673010557 0.0189455079069 0.020060538266 0.00687489085197 0.00138751244577 -0.000123964423694 0.0105819906908 0.0106042717318 0.00314410616876 0.0395004367839 -0.00409860635315 0.00672356912264 0.0115015167441 0.00577460826023 0.0133645963044 0.00402774190882 0.0110294787716 0.0141787961325 0.0253256415708 0.00689404990527 0.00599128275419 0.0128878237451 0.0202322233339 0.017825541233 0.00496671039123 0.00822102755521 0.0180464435892 0.00290164386386 0.141531629447 0.0032920430546 0.0191509708799 0.00244816709808 0.0174999241298 0.0081335968943 0.0032813224738 0.00780103086014 0.0214102743989 0.00906425594103 0.00111590911603 0.0258722528601 0.00647781583996 0.0275410587483 0.00955855142513 0.0193804695917 0.0205491556556 0.00881674978807 0.00269492704456 0.0163504476791 
0.00972069538566 0.0234685621389 0.039760209234 0.0289286569 0.0255070511472 0.0387816421689 0.0330801235179 0.00640212081145 0.0220905654905 0.0256681329832 0.0151958369121 0.0111584121204 0.0211995141188 0.0101126310077 0.0448704276748 0.066425954451 0.00678593809807 0.0164738568679 0.0343924128754 0.0523804062202 0.0122852412648 0.0201610558361 0.038288811256 0.066213143199 0.0260253452085 0.011580381152 0.0275319402898 0.0253509188617 0.0317751199418 0.0100767734026 0.0032920430546 0.236307610034 0.0434392805103 0.00224715549999 0.0166493916138 0.0207933236395 0.077170124501 0.068935709472 0.0062346976573 0.00960853435059 0.0289181049981 0.0185003007336 0.0186687591231 0.0358979693151 0.0450820558535 0.00214491061657 0.0550252214576 0.00521892340825 0.0154266479849 0.0352849314321 
-0.0195004755302 0.107784864207 0.038815679166 0.0384103651994 0.0204101039152 0.0417117641066 0.0266113386285 0.00222520111199 0.173262309188 0.0107606128457 0.0128905727101 0.0406976159339 0.0185134129583 -0.010287783254 0.192997175737 0.020768579559 0.0265849429381 0.0014360151172 0.0419242902287 0.0479766005181 0.0252579095412 0.00621898422776 0.00432050359212 0.0290197365187 0.0127031948184 0.0126822434249 0.00383458298466 0.0306753087032 0.0158367812361 0.0148190631043 0.0191509708799 0.0434392805103 0.502902605047 0.00578546276824 -0.0012095513165 0.0162458344675 0.0631165467385 0.0164412591561 0.0112370899805 0.00821353101567 0.010442901163 0.000776416592387 0.0147627931634 0.0372911415499 -0.00233697255448 0.0128893652392 0.0678378078191 0.00951317423261 0.0398242946862 0.0327262249615 
0.0042695988326 0.0121948734114 0.0078624459862 0.0163235640245 0.0100117045543 0.00795270262973 0.026779542284 0.0126446453555 0.013652396616 0.00850698257137 0.00668040816287 0.00666104093075 0.00173761458403 0.0104704527183 0.00182178887137 0.0229826110277 0.0194620687795 0.00590033406138 0.0101303538623 0.0162562387067 0.00796858350195 0.0249905400656 0.0115363488002 0.00166212330056 0.0280230483379 0.0103224706011 0.00260374021128 0.00265374249559 0.00523874867928 0.00723864398329 0.00244816709808 0.00224715549999 0.00578546276824 0.326270931225 0.00951804506279 0.00567254045403 0.00426856336624 0.0104537687482 0.0125503707287 0.0312672181054 -0.000962758819681 0.00888838796567 0.0149516570535 0.0126566545988 0.0299425422239 0.00572928060748 0.0298717154107 0.00828402413532 0.0184119987624 0.0101345528991 
0.0212876108568 0.00736507982719 0.0122064233539 0.0408812677782 0.0096238978834 0.020840015558 -0.000688711947146 0.00748677446865 0.00573428211457 -0.0029949705068 0.0116015388874 0.0132159937455 0.0050346181083 0.0107657016764 -0.00384215585197 0.00140687848138 0.00187572492567 0.0157002162428 0.0138272316063 0.0112021396805 0.0234712284915 0.000315896628938 -0.00451293515246 0.00433537079046 0.0282189714397 0.0124632258078 0.0210148488061 0.00520489430432 0.00132143346542 0.009116339674 0.0174999241298 0.0166493916138 -0.0012095513165 0.00951804506279 0.72269366317 -0.0103497046392 0.010515628024 0.00507604321411 0.00478723598524 0.00933271104096 0.00211549028475 0.0111086725345 0.0111958405357 0.0479326099224 0.010144645762 0.0109057352094 0.0106663361049 0.0107048474348 -0.00254051972746 0.0170099204474 
0.00296062526179 0.036903433958 0.0304013620583 0.0288484873145 0.0109267418128 0.00685762354259 0.0308980288164 0.0189130538735 -0.00615606066696 0.0384638830708 0.0218575175891 0.00760225799969 0.0230422602533 0.0185926850748 0.0167610489454 0.00861668049587 0.0247076673078 0.0349362499281 0.0210342333244 0.0320843353881 0.0108072006424 0.0204903574653 0.0136583148416 0.0333896890865 0.00439806624995 0.00866949183535 0.0214092773643 0.0136442813359 0.0342033478756 0.0199064305403 0.0081335968943 0.0207933236395 0.0162458344675 0.00567254045403 -0.0103497046392 0.383062192077 0.0129365705429 0.0162813403681 0.0283666044281 0.00437129490031 0.0161437875373 0.0144788641377 0.0162748093109 0.0288035994262 0.0187453728196 0.0102562654588 0.0671487937835 0.0172277936439 -0.00751782079419 0.0188742426296 
-0.00304186514709 0.0213264885569 0.0334970011778 0.0242420850498 0.0198350018089 0.0176646678758 0.0129726267193 0.00648319511873 0.0373535794619 0.0244801193676 0.0142837223569 0.0260429171447 0.0100316895097 0.0153790623606 0.0409806911583 0.0149445397899 0.00269769605841 0.0195838721123 0.0184918740164 0.0395625055193 0.00655866838495 0.0074282968484 0.0367336061409 0.042685619798 0.0079011411957 0.0500206885798 0.0258175114098 0.01810755364 0.019418343418 -0.00885692911788 0.0032813224738 0.077170124501 0.0631165467385 0.00426856336624 0.010515628024 0.0129365705429 0.370321352458 0.0321382728975 0.0153004508622 0.00914533166201 0.0204636570097 0.016960156597 0.00823231162436 0.0227576008072 0.025078375764 0.0058084632286 0.0437951678723 0.00428955807428 0.0324592701183 0.0333780616315 
0.0212285097516 0.0265698734959 0.0340700988964 0.0177208695685 0.024594199313 0.0197137237361 0.0752496388426 0.0037228929615 0.0306839043842 0.0165730897499 0.0266725296716 0.00328083056949 0.0363404555947 0.015445285519 0.0218075945784 0.0663296914469 0.0125097556023 0.0230150913722 0.0311046999814 0.042041726806 0.00531399439255 0.0198842897785 0.0270718157998 0.0268063020983 0.0529607112518 0.0267706110555 0.0235598369572 0.0513293009762 0.0450201256435 -0.000328792848131 0.00780103086014 0.068935709472 0.0164412591561 0.0104537687482 0.00507604321411 0.0162813403681 0.0321382728975 0.266932179603 0.00753263908402 0.0362300284813 0.0168658064486 0.0139100090361 0.0223684808519 0.0169113591879 0.0435428646829 0.00163248176148 0.0763180478809 0.00896023475747 0.0303679624937 0.0159434695045 
-0.00374243547885 0.0128429695032 0.00578921594404 0.0144246377643 0.0192284743535 -0.00335867073231 0.0051321021747 0.00739606039417 0.0159064608874 0.00835143955697 0.00545701143334 0.00741649903984 0.0103131344555 0.00448231560614 0.00673387798423 0.00529599107134 0.0144347446765 0.00472572417962 0.00937257962949 -0.00200176207323 -0.00301371432214 0.0143253729258 -0.000332390351618 0.0094597939016 0.00479013256402 0.0050104423358 0.00707409060092 0.0132525112584 0.000370028135852 -0.00158489217763 0.0214102743989 0.0062346976573 0.0112370899805 0.0125503707287 0.00478723598524 0.0283666044281 0.0153004508622 0.00753263908402 0.181468407212 0.0100139009579 0.00565043136644 0.0107122876703 0.0130223024364 0.00992286067691 0.00104891448243 0.0305362009704 0.0102651287121 0.0171998649093 -0.00137645642003 0.0178896350786 
0.00565911126866 0.0123086665215 0.0194363699115 0.00913114043638 0.0220440818797 0.00444449377244 0.0375973053856 0.0187070773851 0.00183574400869 -0.00569416664292 0.00536584489192 0.0219461369696 0.0171789519882 0.00469312466648 0.00814813099577 0.0171709417199 -0.00634173578864 0.0190471293397 0.0204314041858 0.0347644763265 -0.00181813085661 0.001352668881 0.0228263406762 0.0186317588078 0.0235099216032 0.0184464594643 0.00504627295779 -0.00751140233804 0.0270991209695 0.0231757643861 0.00906425594103 0.00960853435059 0.00821353101567 0.0312672181054 0.00933271104096 0.00437129490031 0.00914533166201 0.0362300284813 0.0100139009579 0.458806976333 0.00628639792179 0.0160781221641 -0.00588730849979 0.0109966893375 0.0196655290964 0.0106146176033 0.0289765958598 0.013255115793 -0.00347532196851 -0.00201533375924 
0.0230066908898 0.011061299061 0.00557589001872 0.0174789306231 0.0272630648119 0.0148187516645 0.0209765129881 -0.00113692924464 0.0167554424585 0.0246139501337 0.0198000372697 0.0110650210466 0.0226710765124 0.0226856544018 0.0206977154877 0.0293026152054 0.00388797332589 0.0135274958799 0.0265423662659 0.0317704501766 0.0225599329829 0.00916206995262 0.0146826177417 0.0240126495362 0.0140053053687 0.011253225908 0.00892179907091 0.0066183803857 0.0326117623582 0.00570299704643 0.00111590911603 0.0289181049981 0.010442901163 -0.000962758819681 0.00211549028475 0.0161437875373 0.0204636570097 0.0168658064486 0.00565043136644 0.00628639792179 0.177858609264 0.0098663050478 0.0153176049634 0.0135920106369 0.0496037039873 0.00729293032163 0.0405829804189 0.00668507481161 0.00499538947176 0.0215926063037 
0.0106694756736 0.00878008695428 0.0129230756666 0.0273659783386 0.0323397623597 0.0174532805493 0.0268769581157 0.00679459962409 0.00582476947594 0.00891021118352 0.015222992553 0.0187994258405 0.0203515972115 0.0173569868345 -0.00157609649518 0.00730331552864 0.0286309050424 0.0075650535622 0.039870713476 0.0305214624839 0.0244063396939 0.0103159949564 0.0135740063922 0.0216351314333 0.00368072464658 0.0206167831536 0.00453741233337 0.00435119413585 0.0135059562679 0.00755124624575 0.0258722528601 0.0185003007336 0.000776416592387 0.00888838796567 0.0111086725345 0.0144788641377 0.016960156597 0.0139100090361 0.0107122876703 0.0160781221641 0.00986630504779 0.180750277091 0.0280364537073 0.0261356817349 0.0333012655023 0.0155650192092 0.0409842257608 0.0153907101502 0.00437318110664 0.0175090702687 
0.032595230677 0.00961202473278 0.00734260739123 0.00725880223864 0.0176489582013 0.0153732158013 0.0166780796641 0.0101500778337 0.00223105745947 0.00487096081618 -0.0110432498323 0.0196595454316 0.0167323377189 0.0178799679281 0.0127834119061 0.0166929728227 0.00766805055791 0.00890092213267 0.015864421619 0.0210610004446 0.000451474454663 0.00244933621173 0.00921762563688 0.0137678329068 -0.0124945954863 0.00993342600257 0.0197055189428 0.0407132277573 0.00246175614049 0.0109043023883 0.00647781583996 0.0186687591231 0.0147627931634 0.0149516570535 0.0111958405357 0.0162748093109 0.00823231162436 0.0223684808519 0.0130223024364 -0.00588730849979 0.0153176049634 0.0280364537073 0.206555604394 0.0106163707916 0.0227453415905 0.00870042429912 0.0312001650098 0.00343673686244 0.0184556730926 0.013445592484 
0.00882576216885 0.0241093778281 0.0357141343028 0.0864312481306 0.0248088873679 0.0282245056666 0.0272623476441 0.028035689641 0.0164700855214 0.0195859947182 0.0165826382634 0.0253654253718 0.0128281572396 0.0234922847704 0.0100290318225 0.0232461548284 0.00878876122727 0.00723576472211 0.0170335432984 0.009267525885 0.0164663068092 0.0181749461867 0.0114923623138 0.0250413291726 0.0386843988948 0.0178677130757 0.00820317234026 0.0177434537019 0.0216945345082 0.0143443163503 0.0275410587483 0.0358979693151 0.0372911415499 0.0126566545988 0.0479326099224 0.0288035994262 0.0227576008072 0.0169113591879 0.00992286067691 0.0109966893375 0.0135920106369 0.0261356817349 0.0106163707916 0.224687922343 0.0254057728461 0.0136935059591 0.0465966813871 0.004777462637 0.0158359694828 0.0333607926958 
0.0235566981728 0.0132311157517 0.0468639044321 0.036270738546 0.0326389645649 0.0165211303651 0.0262714406751 -0.00403966280524 0.0178275515499 0.0171390542983 0.0443549809201 -0.000103856509904 0.0255392811442 0.0277175601714 0.0293033930273 0.0399415657433 0.0108528138365 0.00880597010784 0.029595757998 0.0664327231192 0.0288465621128 0.00598338718738 0.0220193820108 0.0347100897243 0.0202651591569 0.0325619108378 0.00930689375275 0.0328209344794 0.0452410517926 0.00243877725927 0.00955855142513 0.0450820558535 -0.00233697255448 0.0299425422239 0.010144645762 0.0187453728196 0.025078375764 0.0435428646829 0.00104891448243 0.0196655290964 0.0496037039873 0.0333012655023 0.0227453415905 0.0254057728461 0.467256548367 0.0116092941074 0.0649922710388 0.0211579509824 -0.0110666035956 0.0272012772164 
0.00385241803544 0.00286977263848 0.0152436874935 0.0161763664613 0.00935808926584 0.00636643577835 0.013301171422 0.0071233757698 -0.00520425177053 0.0113652737122 0.0147100053483 0.0154036043469 0.00445023269599 0.0137902880412 0.0120987227901 0.00958016098948 0.00347136581052 0.00225649348222 0.00853532123175 0.00489917704616 0.00540832495728 0.000744168831347 0.00868233431279 0.00699479816582 0.013239815522 0.00627260563027 0.00735498290569 0.000482815525417 0.00602747826311 0.00698402101191 0.0193804695917 0.00214491061658 0.0128893652392 0.00572928060748 0.0109057352094 0.0102562654588 0.0058084632286 0.00163248176148 0.0305362009704 0.0106146176033 0.00729293032162 0.0155650192092 0.00870042429912 0.0136935059591 0.0116092941074 0.141039241862 0.0141651380536 -0.000981954838859 3.14729127958e-06 0.0158299326656 
0.0214278999927 0.0491266149505 0.0717476803396 0.0351627662901 0.082827279949 0.0374278076376 0.0751767700981 0.0232111923898 0.0171225610619 0.0264398825768 0.0516352327994 0.00707083445844 0.0419555826034 0.0286248885014 0.0804657375004 0.0505187090084 0.00953570716145 0.03142183685 0.0547100674279 0.10138428795 0.0314365151169 0.0218198879069 0.0332752285763 0.0291536490769 0.0281325052158 0.0412965214254 0.0206053982662 0.0340756816395 0.0611090458763 0.0122301153887 0.0205491556556 0.0550252214576 0.0678378078191 0.0298717154107 0.0106663361049 0.0671487937835 0.0437951678723 0.0763180478809 0.0102651287121 0.0289765958598 0.0405829804189 0.0409842257608 0.0312001650098 0.0465966813871 0.0649922710388 0.0141651380536 0.614249797073 0.0079394270011 0.0521344717656 0.00769612682421 
0.0113220913012 0.000874151252607 0.00931731525797 0.0105853787069 0.0125518029062 0.00392312639756 0.00061622521026 0.0161689696743 0.00622457498365 0.0114417798068 0.0181472823732 0.00116621788141 0.0162660388185 0.018713961966 0.0046783964791 0.0173122685705 -0.0062224917205 0.0088309783588 0.00590718443116 0.0130768726 0.0200258657953 0.0445345787045 0.00931097797939 0.025150210261 0.0123177520688 0.0279379893742 -0.00720692822485 0.00820744072267 -0.0176732397325 0.0258394261328 0.00881674978807 0.00521892340824 0.00951317423261 0.00828402413532 0.0107048474348 0.0172277936439 0.00428955807428 0.00896023475747 0.0171998649093 0.013255115793 0.00668507481161 0.0153907101502 0.00343673686244 0.004777462637 0.0211579509824 -0.000981954838858 0.0079394270011 0.220587632834 0.0205432672481 -0.00698195764103 
