30
0.018453974145 0.0231907610599 0.0664901393557 0.0149217979249 0.149246593495 0.02736418452 0.0820701074714 0.0125275076286 0.0282353637115 0.0231877092109 0.0526943852585 0.066200000993 0.0361599942098 0.126305303483 0.0726136826411 0.13159191543 0.0440278725419 0.0733521468466 0.0487859931196 0.0295384146509 0.044891801276 0.0123991351417 0.0514292405054 0.0435638119902 0.0791308905459 0.0436219100546 0.0449016594387 0.0766147585819 0.0850489592031 0.251790956204 
0.25196189891 0.00387520017416 0.01990044332 0.0171162174223 0.0225775879743 -0.00428738073047 0.0149647389346 -0.000436277922894 0.0112718440472 -0.000489183403815 0.010040793782 0.019279956335 0.00281993111932 0.00695730022102 0.00331790486089 0.0166941629096 0.00731494734158 0.0191191111553 -0.00253004884525 0.00564660008991 -3.85237998497e-05 0.0207992951373 0.00822177687005 0.00926413624635 0.00278417221814 0.0118095993584 0.0129232213509 0.0188156522076 0.0211369748704 0.0122445993079 
0.00387520017416 0.234001676551 0.0174040808766 0.00437190468342 -0.0025626493006 0.0132019409836 0.0273616623809 0.00722940820125 0.0181073990457 0.0207908185479 0.029623545488 0.0145370544501 -0.000316827844659 0.00157618170925 0.0255703537362 0.012817154136 0.0163652756293 0.018773582848 0.00358072279723 0.0247978031114 0.0175140777073 0.00578754990318 0.0162601777599 0.0101456349689 0.00712051143166 0.0488386414386 0.00830094719218 0.0206909295521 0.0273602756779 -0.00241217710981 
0.01990044332 0.0174040808766 0.356422615732 0.0345101095777 0.0253924318808 0.0244109233342 0.028528082671 0.0211545604917 0.0359097812366 0.0113686663367 0.0586950796279 0.0579553112232 0.0203553659324 -0.0149455135983 0.0428479621699 0.0146317938536 0.0411628087145 0.0506128699024 0.0263373588926 0.0667261419005 0.0385822845266 0.0218429084136 0.0348345975556 0.0375112578279 0.0185392077814 0.0477878653816 0.0245307159357 0.0543546379433 0.0330936720219 -0.0121593913204 
0.0171162174223 0.00437190468342 0.0345101095777 0.318534034958 0.0210369337372 0.0157287044434 0.0263106887445 0.0246596350526 0.0222643963811 0.0191851405599 0.0268842538085 0.00834354905282 0.00510813401011 0.00350155172839 0.0257693848589 0.0213166451257 0.0153905070971 0.0131988732124 0.0257985307226 0.0178231148751 0.0299958911029 0.0254094124613 0.0289776926412 0.000519718286923 0.0850080563339 0.0351874673773 0.0359913414543 0.051275219065 0.025203247192 0.0199915340555 
0.0225775879743 -0.0025626493006 0.0253924318808 0.0210369337372 0.551330307956 0.0423028832715 0.0164872110097 0.014394164326 0.00463854406939 0.00964935991844 0.000869268937556 0.0187624141993 0.0554328873184 0.133914210182 0.0416872128397 0.190587160158 0.015685688147 0.0262655954197 0.0234947069343 0.00734025380701 0.0468348438363 0.0113588494927 0.0321789932039 0.0154022855586 0.0082576235488 0.0324538787838 0.0243433334464 0.0296215335048 0.018878605999 0.00785640911305 
-0.00428738073047 0.0132019409836 0.0244109233342 0.0157287044434 0.0423028832715 0.196890026152 0.00987508136392 0.00612115700486 0.0250100989543 0.0128085860082 0.0276797761607 0.0264070940916 0.0459948854084 0.0362050718374 0.0113665715273 0.0387722016661 0.0159188939328 0.0113956738347 0.0190864516942 0.0229403643226 0.00533104936619 0.0130573672933 0.0318871541795 0.0186978522373 0.00352763857817 0.0164639707351 0.0159033281275 0.00955929740066 0.00813175942777 0.0166989365334 
0.0149647389346 0.0273616623809 0.028528082671 0.0263106887445 0.0164872110097 0.00987508136392 0.490456115652 0.0251908942379 0.0192455328659 0.00252452123262 0.0356180161921 0.0278563381903 0.0133738312189 0.0115750721176 0.0251365699053 0.034531143623 0.0172927366546 0.0252870706768 0.0196052968737 0.0273284183422 0.019624213366 0.00897570569586 0.032942746166 -0.000826048480917 0.00559874479221 0.033136041349 0.0333097022208 0.0324143055685 0.0298327471838 0.0289644804866 
-0.000436277922894 0.00722940820125 0.0211545604917 0.0246596350526 0.014394164326 0.00612115700486 0.0251908942379 0.299481489741 0.0131547246138 0.032171934401 0.031429248065 0.0399612549684 0.0142514721596 0.00825891061054 0.024103775374 0.0297507750479 0.0318009317087 0.0135753425108 0.0269898729935 0.00646813890352 0.0188471352998 0.024485013791 0.00974554220606 0.00901269745463 0.0285249325649 0.00742800890797 0.0278393630338 0.0186022385884 -0.0139950822524 0.0192231147043 
0.0112718440472 0.0181073990457 0.0359097812366 0.0222643963811 0.00463854406939 0.0250100989543 0.0192455328659 0.0131547246138 0.146089719569 0.0115695028896 0.0334573873439 0.0308881874461 0.023477428568 0.00281927290699 0.0296881081563 0.0121251040218 0.0231031053911 0.0312911219029 0.0108080673573 0.0431773576878 0.0225792697875 0.0112898209512 0.0388080973994 0.0118291970538 0.00714165296464 0.0368369099803 0.0200705508454 0.0262257520629 0.0221096013264 0.00374025743994 
-0.000489183403815 0.0207908185479 0.0113686663367 0.0191851405599 0.00964935991844 0.0128085860082 0.00252452123262 0.032171934401 0.0115695028896 0.223350759087 0.0119058046267 -0.0191620357872 0.0274308415961 0.0201164033868 0.0101365876385 0.00679255248722 0.0169380793811 -0.00235858770591 0.00166012892207 0.0107335664182 0.0071889969122 0.00983494314051 0.00960493728056 0.00773282752895 0.00764496751839 -0.00342268704736 0.00715796180586 0.0199500826803 0.0175261825692 0.0397808855015 
0.010040793782 0.029623545488 0.0586950796279 0.0268842538085 0.000869268937556 0.0276797761607 0.0356180161921 0.031429248065 0.0334573873439 0.0119058046267 0.314917799189 0.0427104772905 0.00814580907339 0.00973548682873 0.0359206235238 0.0208171384266 0.043351939084 0.0325553386414 0.00917915934584 0.0277616126705 0.0306253709813 0.0211757992571 0.0322529704027 0.00648837183972 -0.00278529159801 0.0268361202582 0.0390419612368 0.0345032452069 0.0429028641681 0.0317882403153 
0.019279956335 0.0145370544501 0.0579553112232 0.00834354905282 0.0187624141993 0.0264070940916 0.0278563381903 0.0399612549684 0.0308881874461 -0.0191620357872 0.0427104772905 0.637399273148 0.044410671353 -0.0136429380174 0.0280099304739 0.0293585529477 0.0700054319587 0.0907372768492 0.0416947595502 0.0333369421458 0.0276616228934 0.00764837513558 0.0323552887546 0.026920849277 0.0332392395453 0.013136430851 0.00742578731398 -0.023002639199 0.0153222345965 -0.00775651129114 
0.00281993111932 -0.000316827844659 0.0203553659324 0.00510813401011 0.0554328873184 0.0459948854084 0.0133738312189 0.0142514721596 0.023477428568 0.0274308415961 0.00814580907339 0.044410671353 0.233897004844 0.0181946711147 0.0227224282159 0.0229918055072 0.0129117507202 0.0412697083987 0.0231418627893 0.0134086949643 0.0160706344552 0.0218091570157 0.0354813263641 0.022832222563 0.00724025760605 0.0250450003944 0.0163571038557 -0.00138073527825 0.016808769315 0.00677767292622 
0.00695730022102 0.00157618170925 -0.0149455135983 0.00350155172839 0.133914210182 0.0362050718374 0.0115750721176 0.00825891061054 0.00281927290699 0.0201164033868 0.00973548682873 -0.0136429380174 0.0181946711147 0.424637295974 0.0324666983205 0.227406500263 0.00620885721176 -0.00091951417736 0.00543237048021 0.00768453425479 0.0357993880584 0.00998837152386 0.0344803163406 -0.000386782984724 0.0148478102347 0.0106017059266 0.0153537138792 0.0210798061729 0.0393145233263 0.0242309726156 
0.00331790486089 0.0255703537362 0.0428479621699 0.0257693848589 0.0416872128397 0.0113665715273 0.0251365699053 0.024103775374 0.0296881081563 0.0101365876385 0.0359206235238 0.0280099304739 0.0227224282159 0.0324666983205 0.297663559715 0.0365055248438 0.0202882558199 0.0348258281384 0.0381559568875 0.0269113840874 0.0416997461937 0.0198903252938 0.0414953711899 0.0127981941914 0.0192283889214 0.0447878069419 0.0511741638262 0.0366958269784 0.0312105015309 0.0716993902424 
0.0166941629096 0.012817154136 0.0146317938536 0.0213166451257 0.190587160158 0.0387722016661 0.034531143623 0.0297507750479 0.0121251040218 0.00679255248722 0.0208171384266 0.0293585529477 0.0229918055072 0.227406500263 0.0365055248438 0.479418904441 0.0160010634138 0.0254188596459 0.00929264014348 0.0125097803387 0.038944227821 0.0140374123767 0.0368659013941 0.00541259182343 0.0250706182606 0.0115062757403 0.0248480251514 0.0612419734004 0.0773388228247 0.0228583808605 
0.00731494734158 0.0163652756293 0.0411628087145 0.0153905070971 0.015685688147 0.0159188939328 0.0172927366546 0.0318009317087 0.0231031053911 0.0169380793811 0.043351939084 0.0700054319587 0.0129117507202 0.00620885721176 0.0202882558199 0.0160010634138 0.226571174479 -0.0017503402515 0.0202337531198 0.0156555791409 0.0233396305561 0.0244644419741 0.0220100214581 0.00193218054978 -0.00311568876436 0.0231275813211 0.0196262684349 0.0129262708645 0.014881875819 0.00128389956597 
0.0191191111553 0.018773582848 0.0506128699024 0.0131988732124 0.0262655954197 0.0113956738347 0.0252870706768 0.0135753425108 0.0312911219029 -0.00235858770591 0.0325553386414 0.0907372768492 0.0412697083987 -0.00091951417736 0.0348258281384 0.0254188596459 -0.0017503402515 0.434942149639 0.0159114009013 0.0166256478638 0.00734074841988 0.0130793748048 0.00732116232007 0.0195544709419 -0.00275519137216 -0.00163068169354 -0.00146978178477 -0.0119733745401 0.00288368656711 0.032000224336 
-0.00253004884525 0.00358072279723 0.0263373588926 0.0257985307226 0.0234947069343 0.0190864516942 0.0196052968737 0.0269898729935 0.0108080673573 0.00166012892207 0.00917915934585 0.0416947595502 0.0231418627893 0.00543237048021 0.0381559568875 0.00929264014348 0.0202337531198 0.0159114009013 0.448286356572 0.0229000555249 0.0358247933844 0.00882479476718 0.0214558125462 0.00360012531973 0.0218307748312 0.016726471198 0.0116165771763 0.0227293206311 0.0189607187819 0.0778529401872 
0.00564660008991 0.0247978031114 0.0667261419005 0.0178231148751 0.00734025380701 0.0229403643226 0.0273284183422 0.00646813890352 0.0431773576878 0.0107335664182 0.0277616126705 0.0333369421458 0.0134086949643 0.00768453425479 0.0269113840874 0.0125097803387 0.0156555791409 0.0166256478638 0.0229000555249 0.206670041075 0.0262253640505 0.00598069449946 0.0218122133237 0.0095503854011 0.00866896586173 0.0309679276281 0.0509843571866 0.0245081364407 0.0249904483036 0.00993088670645 
-3.85237998498e-05 0.0175140777073 0.0385822845266 0.0299958911029 0.0468348438363 0.00533104936619 0.019624213366 0.0188471352998 0.0225792697875 0.0071889969122 0.0306253709813 0.0276616228934 0.0160706344552 0.0357993880584 0.0416997461937 0.038944227821 0.0233396305561 0.00734074841988 0.0358247933844 0.0262253640505 0.33686680486 0.0181334242842 0.0205071025197 0.0220280370729 0.0100523874969 0.0353515932981 0.0176832067136 0.0195920723514 0.00502901961464 0.0590593395108 
0.0207992951373 0.00578754990318 0.0218429084136 0.0254094124613 0.0113588494927 0.0130573672933 0.00897570569586 0.024485013791 0.0112898209512 0.00983494314051 0.0211757992571 0.00764837513558 0.0218091570157 0.00998837152386 0.0198903252938 0.0140374123767 0.0244644419741 0.0130793748048 0.00882479476718 0.00598069449946 0.0181334242842 0.192144416756 0.0129640700887 0.0150098007021 0.00705885374801 0.0232471194411 0.00427057443078 0.00905323578082 0.020629632202 0.0183430514445 
0.00822177687005 0.0162601777599 0.0348345975556 0.0289776926412 0.0321789932039 0.0318871541795 0.032942746166 0.00974554220606 0.0388080973994 0.00960493728056 0.0322529704027 0.0323552887546 0.0354813263641 0.0344803163406 0.0414953711899 0.0368659013941 0.0220100214581 0.00732116232007 0.0214558125462 0.0218122133237 0.0205071025197 0.0129640700887 0.213031294426 0.0220328673104 -0.000362096573724 0.0356258266514 0.0348843776142 0.0365916539603 0.0374845213294 0.0197376988276 
0.00926413624635 0.0101456349689 0.0375112578279 0.000519718286923 0.0154022855586 0.0186978522373 -0.000826048480917 0.00901269745463 0.0118291970538 0.00773282752895 0.00648837183972 0.026920849277 0.022832222563 -0.000386782984725 0.0127981941914 0.00541259182343 0.00193218054978 0.0195544709419 0.00360012531973 0.0095503854011 0.0220280370729 0.0150098007021 0.0220328673104 0.280059128495 0.00757881944212 0.0143060487083 0.0125428719468 0.0169652674237 0.00563711927545 0.01283837779 
0.00278417221814 0.00712051143166 0.0185392077814 0.0850080563339 0.0082576235488 0.00352763857817 0.0055987447922 0.0285249325649 0.00714165296464 0.00764496751839 -0.00278529159801 0.0332392395453 0.00724025760605 0.0148478102347 0.0192283889214 0.0250706182606 -0.00311568876436 -0.00275519137216 0.0218307748312 0.00866896586173 0.0100523874969 0.00705885374801 -0.000362096573724 0.00757881944212 0.615650754415 0.00999326518488 -0.00072148188856 0.0593630155586 0.018549877376 0.0048136535331 
0.0118095993584 0.0488386414386 0.0477878653816 0.0351874673773 0.0324538787838 0.0164639707351 0.033136041349 0.00742800890797 0.0368369099803 -0.00342268704736 0.0268361202582 0.013136430851 0.0250450003944 0.0106017059266 0.0447878069419 0.0115062757403 0.0231275813211 -0.00163068169354 0.016726471198 0.0309679276281 0.0353515932981 0.0232471194411 0.0356258266514 0.0143060487083 0.00999326518488 0.320998497265 0.0285055862521 0.0230607688887 0.021335735231 0.0110997360219 
0.0129232213509 0.00830094719218 0.0245307159357 0.0359913414543 0.0243433334464 0.0159033281275 0.0333097022208 0.0278393630338 0.0200705508454 0.00715796180586 0.0390419612368 0.00742578731398 0.0163571038557 0.0153537138792 0.0511741638262 0.0248480251514 0.0196262684349 -0.00146978178477 0.0116165771763 0.0509843571866 0.0176832067136 0.00427057443078 0.0348843776142 0.0125428719468 -0.00072148188856 0.0285055862521 0.329007562512 0.0279633697117 0.0279798741252 0.00832879785638 
0.0188156522076 0.0206909295521 0.0543546379433 0.051275219065 0.0296215335048 0.00955929740066 0.0324143055685 0.0186022385884 0.0262257520629 0.0199500826803 0.0345032452069 -0.023002639199 -0.00138073527825 0.0210798061729 0.0366958269784 0.0612419734004 0.0129262708645 -0.0119733745401 0.0227293206311 0.0245081364407 0.0195920723514 0.00905323578082 0.0365916539603 0.0169652674237 0.0593630155586 0.0230607688887 0.0279633697117 0.48311610517 0.0479113851053 0.0593221055661 
0.0211369748704 0.0273602756779 0.0330936720219 0.025203247192 0.018878605999 0.00813175942777 0.0298327471838 -0.0139950822524 0.0221096013264 0.0175261825692 0.0429028641681 0.0153222345965 0.016808769315 0.0393145233263 0.0312105015309 0.0773388228247 0.014881875819 0.00288368656711 0.0189607187819 0.0249904483036 0.00502901961464 0.020629632202 0.0374845213294 0.00563711927545 0.018549877376 0.021335735231 0.0279798741252 0.0479113851053 0.72258999019 0.0135235427308 
0.0122445993079 -0.00241217710981 -0.0121593913204 0.0199915340555 0.00785640911305 0.0166989365334 0.0289644804866 0.0192231147043 0.00374025743994 0.0397808855015 0.0317882403153 -0.00775651129114 0.00677767292622 0.0242309726156 0.0716993902424 0.0228583808605 0.00128389956597 0.032000224336 0.0778529401872 0.00993088670645 0.0590593395108 0.0183430514445 0.0197376988276 0.01283837779 0.0048136535331 0.0110997360219 0.00832879785638 0.0593221055661 0.0135235427308 2.07849696011 

['SYY', 'ALL', 'CFC', 'DELL', 'EOG', 'DUK', 'SBUX', 'S', 'MTB', 'CZN', 'HOT', 'AVP', 'PPL', 'BHI', 'CAT', 'RDC', 'WMI', 'CVH', 'BMET', 'WM', 'LEG', 'TWX', 'MER', 'MO', 'UVN', 'NTRS', 'ROH', 'QCOM', 'EBAY', 'BRCM']