30
0.0246636786654 0.0377989606714 0.0276848810082 0.066200000993 0.0486003975036 0.0247746242904 0.0363496030559 0.0122123060087 0.125871369107 0.119859861498 0.110625092132 0.0254158643172 0.0157982173188 0.0755152896869 0.0909027791802 0.0793031051092 0.0594687244428 0.0435638119902 0.0389775871913 0.10135047428 0.0299059053764 0.126302472887 0.0251604878384 0.0355019489908 0.0378808118353 0.0832698050771 0.080285366307 0.158041803894 0.0466521206007 0.116988452624 
0.136303972861 0.00676552243476 0.0232742870544 0.0102766596507 0.00807349583971 0.00509541603416 0.0135257414567 -0.00115905692252 -0.0128098676913 0.007918941424 0.00866961842015 0.0176193380889 0.015422605649 -0.000665538324796 0.0219340630121 0.00453177258197 0.0175687745421 0.0155516103509 0.0330578670773 0.0220465613414 0.0177631331974 0.0101701607842 0.0254806938956 0.0127673117095 0.0274987376348 0.00998328089113 0.0130768399592 0.00168595658384 0.021809051994 0.0127589979722 
0.00676552243476 0.335122720931 0.0267579463531 -0.0268529049247 0.0244738358703 0.019034332797 0.0265195836761 0.0357984232 0.0260232623795 0.0726978773865 0.0590405723297 0.0354002976199 0.00176468408047 0.029574958658 -0.00259690474423 0.0382465001594 0.0344837209473 0.00225933132165 0.0371085510474 0.0959560379806 0.020756261869 0.0409172705248 0.0147976632021 0.0267327950043 0.0173378591738 0.0219241016038 0.0419558037548 0.0330043465112 0.0151111226843 0.0356916925994 
0.0232742870544 0.0267579463531 0.259015997874 0.0200527165789 0.00528082568293 0.0252629663862 0.0156969894486 0.00143142936967 -0.0019259403522 -0.000152543524312 0.0217273532799 0.0216495303982 0.0096358450359 0.00876365967789 0.0080931447059 0.0376371659952 0.016326694941 0.0115491401652 0.0353215248129 0.0313326116333 0.027256676132 0.0269066852189 0.0314065670384 0.0113088976683 0.0268642169309 0.00548210748301 0.0172887912178 0.0274739728452 0.0183571762825 0.0395828408582 
0.0102766596507 -0.0268529049247 0.0200527165789 0.650554837112 0.0118807453418 0.047019138014 0.021006012754 -0.0206951642232 0.00784189445182 0.0122841945155 -0.00793593770737 0.0187598681697 0.0303087905663 0.0394760834811 0.0173229047305 0.0330972279727 0.00178332726562 0.0288786431221 -0.0109711021926 0.0341844270453 0.0367306200155 0.00410876063649 0.0304961540459 0.0158238412271 0.0156353455884 0.0366948240312 0.0264227555944 -0.0169519645797 0.0285228980921 0.0341075779753 
0.00807349583971 0.0244738358703 0.00528082568293 0.0118807453418 0.400589081139 0.0261924302657 0.0185100995371 0.0139305584609 0.0285950516596 0.0370011068649 0.0160134462645 0.0293510901728 0.00993012865211 0.0111682920355 0.024226668792 0.0154315791516 0.0306018685066 0.000856055564234 0.0110580182911 0.0254894048348 0.0185866332608 0.0028856232445 0.00712493041026 0.020523980375 0.0167746010992 0.00908750052869 0.0226110796367 0.019930390713 0.00992675150259 0.0178364359322 
0.00509541603416 0.019034332797 0.0252629663862 0.047019138014 0.0261924302657 0.181699242694 0.023349917696 0.0198044675684 0.00443912725396 0.017850247968 0.027337143427 0.0190628733925 0.000203713683296 0.02636905098 0.00522955337413 0.0330245490177 0.0086482675283 0.00554328735139 0.0228584827444 0.0518091662711 0.00920706268439 0.0226062470787 0.017748215959 0.0315178977198 0.0194308958334 0.0111687234433 0.0183637301775 0.0175298200335 0.0103816746098 0.0172053216557 
0.0135257414567 0.0265195836761 0.0156969894486 0.021006012754 0.0185100995371 0.023349917696 0.314678681762 0.0183970840241 -0.00491089148279 0.0390872550422 0.0243592744518 0.0122089709305 0.0184789402874 0.0442327216473 0.007154205806 0.023616066088 0.00100321894503 0.0123424424267 0.00695954198099 0.0133940951258 0.00931181673022 0.0040174637166 0.0227764031406 0.0228216513986 0.0283732637289 0.0125459666917 0.00842558129899 0.00519060901563 0.00883886135357 0.0224654838429 
-0.00115905692252 0.0357984232 0.00143142936967 -0.0206951642232 0.0139305584609 0.0198044675684 0.0183970840241 0.28757154138 0.00566399329665 0.0215904836422 0.0133537453624 0.00994055863576 0.0093762661948 0.00795440299445 0.00142324859253 0.00973131341592 0.0139530088934 0.0104394739276 0.0207736122188 0.0201375700202 0.0145065178163 0.01395686269 -0.000190857935527 0.0144030096183 0.0241032584717 0.016307076487 0.0254091762951 0.0210346359382 0.0170139368505 0.00426482190186 
-0.0128098676913 0.0260232623795 -0.0019259403522 0.00784189445182 0.0285950516596 0.00443912725396 -0.00491089148279 0.00566399329665 0.837113331601 0.119087122279 0.0120007980288 -0.00467674864254 -0.00858457466199 -0.0139038796052 -0.020007302719 -0.00110785952241 0.0318867916803 -0.00107000567619 0.00506118993473 0.0378277214327 -0.00423562043868 -0.0020759330742 0.000868923103975 0.000329997925411 0.00505341591029 -0.0141021477713 0.00577057384283 0.0110369400654 0.00120049573688 0.0287857063027 
0.007918941424 0.0726978773865 -0.000152543524312 0.0122841945155 0.0370011068649 0.017850247968 0.0390872550422 0.0215904836422 0.119087122279 0.515870463484 0.0483481254572 0.0448120451767 -0.00826794280947 0.0114383377472 0.0436925368288 0.00193649165784 0.0255487395437 0.00163258683648 -0.00338457283228 0.0512402307784 0.0200945640616 0.00408346727502 -0.00100628629293 0.0188015138572 0.0244414358466 0.029157758747 0.0507509913128 0.0350506457301 0.0105077665757 0.0158036776502 
0.00866961842015 0.0590405723297 0.0217273532799 -0.00793593770737 0.0160134462645 0.027337143427 0.0243592744518 0.0133537453624 0.0120007980288 0.0483481254572 0.571267689353 0.020990116294 0.00671659086068 -0.00444908347306 0.0127630286442 0.0455353025919 0.125444961713 0.00593221986106 0.0408461603966 -0.00181970518369 -0.00696709127173 0.0111941101227 0.0223908950576 0.0199039853423 0.029893614752 0.0154442634473 0.0217187255934 0.0298626883228 -0.000456851336176 0.0523517316364 
0.0176193380889 0.0354002976199 0.0216495303982 0.0187598681697 0.0293510901728 0.0190628733925 0.0122089709305 0.00994055863576 -0.00467674864254 0.0448120451767 0.020990116294 0.295380827494 0.0128716326372 0.0069127486459 0.00408080579346 0.0489394324524 0.0163296926175 0.0100993043524 0.0195351198376 0.0177695651752 0.0259954431716 0.00901229368904 0.0155889305619 0.0143768368807 0.00748713304432 0.0178346896824 0.0324899967598 -0.00233931079932 0.0143826838642 0.023664074079 
0.015422605649 0.00176468408047 0.0096358450359 0.0303087905663 0.00993012865211 0.000203713683296 0.0184789402874 0.0093762661948 -0.00858457466199 -0.00826794280947 0.00671659086068 0.0128716326372 0.228934777514 0.0104358871522 0.00624466769152 0.0048966607581 -0.000497681092354 0.0590112266566 0.0171081393389 0.00644400328242 0.00651568514056 0.0107854718669 0.00870303230289 0.0200465130559 0.0105418939318 0.00685122416657 0.026121368396 -0.0128960917695 0.0402627894483 0.01383955281 
-0.000665538324796 0.029574958658 0.00876365967789 0.0394760834811 0.0111682920355 0.02636905098 0.0442327216473 0.00795440299445 -0.0139038796052 0.0114383377472 -0.00444908347306 0.0069127486459 0.0104358871522 0.796189744514 -0.00370339173988 0.0133171303478 -0.0261691293702 0.0207021088029 0.00433940193419 -0.00435378795688 0.0222581566399 0.0119310320722 0.0126755212998 0.0398037224818 0.00838470367915 0.0457720137175 0.0125492230415 0.0420371379306 0.011108995614 0.0206910716766 
0.0219340630121 -0.00259690474423 0.0080931447059 0.0173229047305 0.024226668792 0.00522955337413 0.007154205806 0.00142324859253 -0.020007302719 0.0436925368288 0.0127630286442 0.00408080579346 0.00624466769152 -0.00370339173988 0.501816373363 0.00105831962219 0.0124868105942 0.00302535044207 0.00391486013953 0.0306221151614 0.00235284291036 0.0186680251836 0.00453293150422 0.0123904296771 0.0195990316944 0.0280243899001 0.0104545156187 0.0043557638024 0.0244489382774 3.85765064788e-05 
0.00453177258197 0.0382465001594 0.0376371659952 0.0330972279727 0.0154315791516 0.0330245490177 0.023616066088 0.00973131341592 -0.00110785952241 0.00193649165784 0.0455353025919 0.0489394324524 0.0048966607581 0.0133171303478 0.00105831962219 0.403244589143 0.0284204319215 0.0129007014581 0.0534769878772 0.028267777991 0.0226459815493 -0.00142986192717 0.0321284701262 0.00477604930915 0.0333200093164 -0.00903661828467 0.0222857637217 0.0564988567966 0.0333285454716 0.0407522213395 
0.0175687745421 0.0344837209473 0.016326694941 0.00178332726562 0.0306018685066 0.0086482675283 0.00100321894503 0.0139530088934 0.0318867916803 0.0255487395437 0.125444961713 0.0163296926175 -0.000497681092354 -0.0261691293702 0.0124868105942 0.0284204319215 0.39275170307 0.00497134982099 0.0329413395846 0.0273989882241 0.00417685050531 0.0101854995502 0.00610390852608 0.0198056394288 0.0180313512285 0.0066952329781 0.0189168152025 0.00897031962809 0.00433344146475 0.0270779699531 
0.0155516103509 0.00225933132165 0.0115491401652 0.0288786431221 0.000856055564234 0.00554328735139 0.0123424424267 0.0104394739276 -0.00107000567619 0.00163258683648 0.00593221986106 0.0100993043524 0.0590112266566 0.0207021088029 0.00302535044207 0.0129007014581 0.00497134982099 0.274169959542 0.0153711711946 0.00741869495202 0.0104955314302 0.00255869348617 0.0198661781213 0.000769627974648 0.0124876667744 0.02541063848 0.00892288610021 0.0202533177064 0.0428309227408 0.0105607004269 
0.0330578670773 0.0371085510474 0.0353215248129 -0.0109711021926 0.0110580182911 0.0228584827444 0.00695954198099 0.0207736122188 0.00506118993473 -0.00338457283228 0.0408461603966 0.0195351198376 0.0171081393389 0.00433940193419 0.00391486013953 0.0534769878772 0.0329413395846 0.0153711711946 0.241375556262 0.0270671328092 0.0329273370519 0.0456572602657 0.0356928592135 0.0319706840703 0.0371155643188 0.00329654817668 0.0182992619689 0.0072960484653 0.0260109232505 0.0166897769643 
0.0220465613414 0.0959560379806 0.0313326116333 0.0341844270453 0.0254894048348 0.0518091662711 0.0133940951258 0.0201375700202 0.0378277214327 0.0512402307784 -0.00181970518369 0.0177695651752 0.00644400328242 -0.00435378795688 0.0306221151614 0.028267777991 0.0273989882241 0.00741869495202 0.0270671328092 0.580767074253 0.0399176230686 0.0194025667381 0.0266815769514 0.0377476177592 0.0311641814126 0.0320636282893 0.0522491810858 0.0180950048871 0.00870928228382 0.0383548781642 
0.0177631331974 0.020756261869 0.027256676132 0.0367306200155 0.0185866332608 0.00920706268439 0.00931181673022 0.0145065178163 -0.00423562043868 0.0200945640616 -0.00696709127173 0.0259954431716 0.00651568514056 0.0222581566399 0.00235284291036 0.0226459815493 0.00417685050531 0.0104955314302 0.0329273370519 0.0399176230686 0.276360718278 -0.000525907010059 0.0169305912097 0.0222574371273 0.0208388984586 -0.00324193820644 0.0191818502853 0.00524985618914 0.0134529722256 0.0218067849282 
0.0101701607842 0.0409172705248 0.0269066852189 0.00410876063649 0.0028856232445 0.0226062470787 0.0040174637166 0.01395686269 -0.0020759330742 0.00408346727502 0.0111941101227 0.00901229368904 0.0107854718669 0.0119310320722 0.0186680251836 -0.00142986192717 0.0101854995502 0.00255869348617 0.0456572602657 0.0194025667381 -0.000525907010059 0.522668641936 0.0147161111256 0.00371976860577 0.0225825010636 0.100804841163 0.0395276222729 0.026110208481 0.0213563292855 0.0712740608059 
0.0254806938956 0.0147976632021 0.0314065670384 0.0304961540459 0.00712493041026 0.017748215959 0.0227764031406 -0.000190857935527 0.000868923103975 -0.00100628629293 0.0223908950576 0.0155889305619 0.00870303230289 0.0126755212998 0.00453293150422 0.0321284701262 0.00610390852608 0.0198661781213 0.0356928592135 0.0266815769514 0.0169305912097 0.0147161111256 0.178055320162 0.0201585683473 0.0309610574798 0.00077079237481 0.0158573941709 0.0167913737663 0.0157749263957 0.0169961990508 
0.0127673117095 0.0267327950043 0.0113088976683 0.0158238412271 0.020523980375 0.0315178977198 0.0228216513986 0.0144030096183 0.00032999792541 0.0188015138572 0.0199039853423 0.0143768368807 0.0200465130559 0.0398037224818 0.0123904296771 0.00477604930915 0.0198056394288 0.000769627974648 0.0319706840703 0.0377476177592 0.0222574371273 0.00371976860577 0.0201585683473 0.317619843323 0.0104328864806 0.00989310834119 0.00715881166603 0.0119159880587 -0.000153262432241 0.018671505846 
0.0274987376348 0.0173378591738 0.0268642169309 0.0156353455884 0.0167746010992 0.0194308958334 0.0283732637289 0.0241032584717 0.00505341591029 0.0244414358466 0.029893614752 0.00748713304432 0.0105418939318 0.00838470367915 0.0195990316944 0.0333200093164 0.0180313512285 0.0124876667744 0.0371155643188 0.0311641814126 0.0208388984586 0.0225825010636 0.0309610574798 0.0104328864806 0.199937261008 0.00786255581552 0.0110294290494 0.0184075854716 0.0205485278517 0.0207142375035 
0.00998328089113 0.0219241016038 0.00548210748301 0.0366948240312 0.00908750052869 0.0111687234433 0.0125459666917 0.016307076487 -0.0141021477713 0.029157758747 0.0154442634473 0.0178346896824 0.00685122416657 0.0457720137175 0.0280243899001 -0.00903661828467 0.0066952329781 0.02541063848 0.00329654817668 0.0320636282893 -0.00324193820644 0.100804841163 0.000770792374809 0.00989310834119 0.00786255581552 0.405205356195 0.0104452469167 0.012428010402 0.0515444334492 0.0470589878881 
0.0130768399592 0.0419558037548 0.0172887912178 0.0264227555944 0.0226110796367 0.0183637301775 0.00842558129899 0.0254091762951 0.00577057384283 0.0507509913128 0.0217187255934 0.0324899967598 0.026121368396 0.0125492230415 0.0104545156187 0.0222857637217 0.0189168152025 0.00892288610021 0.0182992619689 0.0522491810858 0.0191818502853 0.0395276222729 0.0158573941709 0.00715881166603 0.0110294290494 0.0104452469167 0.436480879246 0.0266672739558 0.0152265677882 0.0530795087446 
0.00168595658384 0.0330043465112 0.0274739728452 -0.0169519645797 0.019930390713 0.0175298200335 0.00519060901563 0.0210346359382 0.0110369400654 0.0350506457301 0.0298626883228 -0.00233931079932 -0.0128960917695 0.0420371379306 0.0043557638024 0.0564988567966 0.00897031962809 0.0202533177064 0.0072960484653 0.0180950048871 0.00524985618914 0.026110208481 0.0167913737663 0.0119159880587 0.0184075854716 0.012428010402 0.0266672739558 1.03400166235 0.0191636077942 0.0127652207405 
0.021809051994 0.0151111226843 0.0183571762825 0.0285228980921 0.00992675150259 0.0103816746098 0.00883886135357 0.0170139368505 0.00120049573688 0.0105077665757 -0.000456851336176 0.0143826838642 0.0402627894483 0.011108995614 0.0244489382774 0.0333285454716 0.00433344146475 0.0428309227408 0.0260109232505 0.00870928228382 0.0134529722256 0.0213563292855 0.0157749263957 -0.000153262432241 0.0205485278517 0.0515444334492 0.0152265677882 0.0191636077942 0.259049406666 0.0153181549066 
0.0127589979722 0.0356916925994 0.0395828408582 0.0341075779753 0.0178364359322 0.0172053216557 0.0224654838429 0.00426482190186 0.0287857063027 0.0158036776502 0.0523517316364 0.023664074079 0.01383955281 0.0206910716766 3.85765064788e-05 0.0407522213395 0.0270779699531 0.0105607004269 0.0166897769643 0.0383548781642 0.0218067849282 0.0712740608059 0.0169961990508 0.018671505846 0.0207142375035 0.0470589878881 0.0530795087446 0.0127652207405 0.0153181549066 0.479129306876 

['TMK', 'MXIM', 'COF', 'AVP', 'PAYX', 'VZ', 'SGP', 'WPI', 'CVG', 'CTXS', 'JNS', 'CCL', 'HSY', 'SYK', 'AES', 'LUV', 'PKI', 'MO', 'MET', 'LSI', 'XL', 'NEM', 'WFC', 'FISV', 'LNC', 'APC', 'HPC', 'ADBE', 'EXC', 'FLR']