100
0.0160420823192 0.0445346556631 0.034888990542 0.133040507733 0.0242911243805 0.0169596300077 0.0723841835345 0.00791209609274 0.0896854693356 0.119808933935 0.100886603299 0.143828325424 0.0916609470377 0.0905877796438 0.0146303634135 0.036872425502 0.0129348444485 0.072987431854 -0.00662659235152 0.0300827450696 0.0636277148901 0.138189015222 0.187838769987 0.0431815223905 0.0436793340255 0.0680936188342 0.00788248566947 0.332832739506 0.0861150338972 0.00535997805058 0.0172523696575 0.0461662895592 0.0826231173305 0.124759587163 0.170228010564 0.0520830917934 0.0615160923796 0.0585004976968 0.0213104348082 0.0697795953642 0.025042174885 0.0637387331612 0.0248803539628 0.165275344352 0.101670797752 0.0617018630506 0.037281538924 0.0833786368315 0.022775665512 0.0705908558691 0.0810581507116 0.134627172929 0.0315088302779 0.0904248988876 0.399937027552 0.0678116165217 0.0695206157777 0.0367129888202 0.0437038130991 0.0917148498368 0.0431194173031 0.125568601155 0.0737969483193 0.18030920859 0.121962687623 0.0373342989671 0.234070828585 0.0559799775446 0.0662185328213 0.00633581846688 0.0946597506959 0.0594362545722 0.0541634245192 0.00859756350963 0.0316717201181 -0.00305157485537 0.125840316239 0.143553651187 0.176756138136 0.0795042219188 -0.00953493093171 0.0723241103927 0.126255379542 0.0824662750087 0.0729597235382 0.0194782181544 0.080702843163 0.0368602928082 0.0114549593271 0.0621428512979 0.0623269012124 0.0493870590102 0.0431320253577 0.13534553156 0.0289140833203 0.106465020668 0.0283013122104 0.126841392599 0.0573021249509 0.0335790413719 
0.133797811082 0.024245041852 0.00571162093197 0.0157146677118 0.0363567560492 0.0337231033652 0.0215686027828 0.00129947053654 0.00595893973909 -0.00500795174027 -0.00144432882707 0.0148328664435 0.014743789626 0.00851158604784 0.00266713692122 0.0257649320224 0.0155386223377 0.003877373021 0.0158731212706 0.0124001437853 0.00470318971036 0.0295783753287 0.0059693199693 0.0220078861738 0.0182590546612 0.0207031729747 0.0220452553669 0.0186523754349 0.0110457500548 0.0141071510305 0.019297871305 0.014244682655 0.015673869277 0.0220871470011 0.00429196975419 0.0156734440024 0.0329225924875 0.0103811645164 0.0151628953965 0.0131868541124 0.0355642759649 -0.00471234751347 0.00712851761861 0.0150414116452 0.00840510198214 0.0184082191087 0.000586959420136 0.00571162150863 0.027462758244 0.0225301643134 0.0208362543252 0.00105471083222 0.025403087289 0.0124085270987 0.0120711220546 0.0162965891391 0.0191050711566 0.032474089147 0.0115558054864 0.0106056154069 0.0113179084122 0.0139381196831 0.000332965703172 0.00540144470135 0.0139640353166 0.0189944300498 0.0147906328268 0.00163791294108 0.00566657006383 0.00758150643759 0.00110330727816 0.0148554402466 0.0330047223422 0.00842975340186 0.0218243396029 -0.00471456618221 0.0103431911342 0.0107159454464 0.0347835039723 0.00993670746042 0.0156050611537 0.01722051574 0.0116812908281 -0.00166133920468 0.0363181773054 0.0648474361082 0.00379717727975 -0.0108747856166 0.0155746652035 0.0329928799061 0.0374607557519 0.0293499822619 0.0275162093795 0.0237085587723 0.00348161492462 0.0154530465754 0.00747478464539 0.00679886120665 0.0237134442646 0.00232318203252 
0.024245041852 0.582248475826 0.0194116706767 0.0197451048379 0.0200997895825 0.0945057131019 -0.0301579787366 0.00823400489831 0.0196980509614 -0.0288568032002 0.0227704633522 0.0265996449598 -0.00892610304725 -0.0115905524979 -0.00518998891556 -0.0126889954202 0.0134772508745 0.0362193198181 0.00843518352383 0.00981389041046 0.00649328286784 -0.019709615883 0.0702999080682 -0.0155883577868 0.0259573206505 -0.00235775365061 0.0408491018016 0.0306545776182 -0.00182643806816 0.0176020915178 0.0159007380466 0.0273686332257 0.00483184659805 -0.0214739932399 0.00620630328239 0.0143489485616 0.00946976301537 0.0529080066174 0.0305483024364 -0.0022919244248 0.00473656328583 0.0879343299826 0.0579249634346 0.03909745197 0.00246796671933 -0.0050691613013 0.000744894334153 0.0182192618888 0.0176841703893 0.0152227673673 0.00889859361765 0.0159688121639 0.0533254138111 0.000274222837795 -0.0050707098538 0.00562893351713 -0.00701025674091 0.00472381585854 0.0195344946156 0.0220704122382 -0.0194252536313 -0.0423206076687 0.0190658534287 0.00324349722068 -0.0048592253583 0.0230807028011 -0.00117270131897 0.00623353983944 0.0214657040657 -0.0142087092264 -0.0201873166161 0.0134861848767 0.023032992562 -0.019078383814 0.039625642871 0.00197108240888 0.0291763143039 0.00627332801343 -0.0147970639249 0.0157194018621 0.0404372942872 0.0394132987784 0.00836288967663 0.0148463264445 0.065120986111 0.0157223597129 0.0491659204069 -0.0154635906847 0.00812056232006 0.00539913382924 0.00973418539241 0.00780490673288 0.0262636782155 -0.00541765920989 0.00454183844511 0.00135165645942 0.0146889673848 0.00867945899689 -0.00121632594507 0.00681027646604 
0.00571162093197 0.0194116706767 0.120522506352 0.010194904528 0.0148981214667 0.0187723955178 0.00148250308546 0.0134447982104 0.00999570561115 -0.000785505642083 0.000705430439001 0.0174177033408 0.00604892929241 0.00132512491456 0.00410216550337 0.012375304702 0.00851158939895 0.0379162637934 0.0288301706968 0.00113560807553 0.0264298380877 0.0137603699772 0.00847329976139 0.00341462430158 0.0145841792418 0.0038950330384 0.00394047397157 0.00800041410981 0.00639970916228 0.0133888854176 0.014233571679 -0.000901883054527 0.00787950002656 0.0200496828513 0.0202394285545 0.00737094457525 0.0180397611515 0.00990172536816 0.0123278732575 0.0354872188652 0.0119658635013 -0.00619081997599 0.0243155406206 0.00396623640687 0.00978522719165 0.00928866665945 0.0109521629903 0.00294868104885 0.0108203840107 0.00702184113429 0.00133015395986 0.0070607754088 0.0191160497262 0.0020141974125 0.0076958450816 -0.00531666899929 0.00548877068025 0.0152202484135 0.00634775631617 0.0116442286243 0.00616247329355 -0.00761778657512 0.00832216598549 0.0247263925842 0.0160934919961 0.0138818205013 0.00114005218898 0.00891745946847 0.0285347744729 0.00585352285199 0.00606275415173 -0.00116894977718 0.0174037374681 0.00731585529647 0.00747899405772 0.00415905586855 0.00231640500841 0.00401377518548 -0.0160088221679 0.0033184972292 0.00815756113068 0.0146923034803 0.00981652671088 0.0220082614583 -0.0163740287938 0.0146692647616 -0.00543949844101 0.00678644341121 0.00594770674273 0.00289732031754 0.0065083771358 0.00111368438975 0.0229273620107 -0.00543362265799 0.023863602612 -0.00409270561801 0.0137860388844 0.0223528402314 0.00184263902952 0.00412527022617 
0.0157146677118 0.0197451048379 0.010194904528 0.34055274155 0.0246541621764 0.0365416655062 0.0216208508132 0.00018917259828 0.0305316314294 -0.0054033558559 -0.0064737603852 -0.0238716364726 0.00296680449654 0.0221010723593 0.0133760687182 -0.00524557033243 -0.0126316427936 0.00602896233821 0.02944585135 -0.000706275537963 -0.0172095172188 0.0177164900609 0.167205720175 0.00336813449954 0.0255432513789 0.00804069011938 -0.00398141961566 -0.0366524941215 -0.00127356553827 0.0175565023795 0.0125373660509 -0.011259282815 0.0051015069721 0.00404739395511 -0.0226541892081 0.0254258283784 -0.00600553079807 -0.0018832138463 -0.0140116625019 0.0248591860953 0.0132601309743 0.0921219530329 -0.0107698822617 -0.0252071760699 0.00214853814736 0.0236639334847 0.000580432165603 -0.016143055621 0.035943008457 -0.00608804231768 0.011659677414 -0.0229894107616 0.0153493751685 0.128744641589 0.00867844472099 0.00706495003751 -0.0371945161333 0.0109506316603 0.0104454333231 0.012394260722 0.00874052462644 -0.00113949374318 -0.0274031014793 -0.00130400092986 0.131175909672 0.034732098909 0.0082280961907 -0.00699347825376 0.0314441629216 0.00944132189985 0.0210582755391 0.0131541206763 -0.0120580695944 -0.010405733082 0.0106118399085 -0.0106769184097 0.0301022420107 0.0480842486031 0.0241197202075 0.00313072986497 -0.0246583904787 -0.0086390782529 0.0497659860965 0.172039033977 0.104395731315 0.00406912536172 0.10071091393 -0.0177471224111 -0.00107517575391 0.0093537139836 0.0265822403149 0.0345217018374 0.0038482201015 0.0157573357018 0.0146477789508 0.00992572922083 -0.0214703070656 0.0170967242126 0.00762548424832 -0.0124378285775 
0.0363567560492 0.0200997895825 0.0148981214667 0.0246541621764 0.180679296097 0.0309214159119 0.00602789307511 -0.0032121811317 0.0117249000829 -0.00502734366511 0.00631802657969 0.00674586189217 -0.00122888259408 0.032161952824 0.00406372419205 0.0118787894515 0.0109664820389 0.00843599228742 0.0189686406655 0.0154624777728 0.00708582276827 0.00810269964012 0.0133476702391 0.00465868518703 0.00951276240936 0.0171974225129 0.0282415361144 0.000695704686111 0.0225165779929 0.0305094359683 0.00665496335207 -0.0117344876562 0.0394605103813 0.0127644803481 -0.0073131923375 0.0280484059976 0.0290676965324 -0.0035844087839 0.0161011912869 0.0141146011499 0.0261707013064 0.0416097733615 0.0182911775119 -0.00084361821418 0.0230758080516 0.0230652264035 0.0260735896761 0.00678316982606 0.0359687873462 0.0397038367997 0.0218075528162 0.000530847338197 0.019572084047 0.0286387222833 0.0224936950579 -0.00614789715703 0.00844937119871 0.0210332436031 0.0172721486084 0.0463258006744 0.0143860040431 0.022997699222 0.0201866275983 -0.0111597263508 0.0150387339422 0.0137189520266 0.018222336241 -0.0163363948263 0.0107024021804 0.00509320249807 0.00887472779383 0.0204884942369 0.0258422447454 0.0235919999261 0.0231691910286 0.0218799705831 0.0245510321005 0.102444874888 0.0267682157924 0.0182166781203 0.00880614843108 0.0231732211917 0.000599651302758 -0.000368284320449 0.0366163185618 0.0244233382591 0.0157067239509 -0.00151850004755 0.0195485242675 0.0263701265297 0.0414708828762 0.0148907500426 0.0312552763544 0.0140578448648 0.0131702679438 0.0198763988758 0.0128938214075 0.00922284968683 0.0163671540516 0.00263782946191 
0.0337231033652 0.0945057131019 0.0187723955178 0.0365416655062 0.0309214159119 0.134949050085 0.0163103604936 0.00995659082459 0.0200018563607 -0.00626767750151 -0.00054486811259 0.017917665089 -0.016276720473 -0.00223638454695 0.00720081672336 0.0173235334444 0.000432287150221 0.00206407876932 0.0195843883625 0.0187589621305 -0.003484136048 0.0052994327067 0.034531295582 -0.0045205195239 0.033992606188 0.001462568331 0.00933340013352 0.00689093761597 0.00706459339078 0.0301451562762 0.0198434210997 0.0238524481528 0.00170004556316 0.00631935171763 0.0141047258796 0.0232925462827 0.0329070884899 0.0217941251752 0.00795963292737 0.0297636703272 0.015561064565 0.0349557514085 0.0261241459906 0.0143223704738 -0.000592471418218 0.0150945810484 0.00373423540174 0.015599455622 0.0286671580433 0.00484412750305 0.0228010036176 0.0136008246857 0.0183396346418 0.0085151659499 0.0223665146266 0.0133603591545 0.0246328714725 0.0267234840505 0.0160479338902 0.0193256660994 -0.00123994948515 0.0258233534239 0.00573300182329 0.0402312357807 0.0386855007499 0.0325304205576 -0.0187588954179 0.00519109146625 0.018041296146 -0.0063731349511 -0.00720440403343 0.0284096387653 -0.00492441827879 0.0141699963554 0.0184420157856 0.00641388441357 0.0249383612295 0.0126730308397 0.00234285533478 0.0145991805063 0.00592008154522 0.0024408716653 0.00287679954766 0.0234840637969 0.0303307310978 0.0162857173463 0.022697958141 0.00573434143102 0.0139775327551 0.0188984044114 0.0190896497617 0.0144125544524 0.0278685718011 0.028245757825 0.0266642866095 0.0110112633486 -0.00165048974118 0.00666740922371 0.00734851322955 -0.00100209059452 
0.0215686027828 -0.0301579787366 0.00148250308546 0.0216208508132 0.00602789307511 0.0163103604936 0.31136659902 0.00782779146889 0.0100716048259 0.0098842815666 -0.00298697149893 -0.0022213954224 0.0379499352762 0.0323279082225 0.0125465293776 0.0107027994857 -0.00351529222994 0.0176243007158 0.0219786844027 -0.00301210035201 -0.00497035226868 0.0111240513442 0.000914169014682 0.0208885174422 0.0122948870812 0.0269496616859 0.00732978572946 -0.0116860609561 -0.0098651349555 0.0090478894299 -0.000622632283837 0.0215332472405 0.00695562087042 0.0440804360872 0.027152583454 0.0213450995524 0.0227723616041 0.0197759475931 -0.00306807700128 0.00351737100027 0.033951408774 0.019218803955 0.00663950128613 -0.00937667894038 0.00248529994427 0.0287997179377 0.0385358377439 0.00389207647932 0.0253468720028 -0.0083182607019 0.0022983321925 0.0061396381806 -0.0122601436733 0.00744930826125 0.0212402163663 -0.0163827372165 -0.00303096645596 0.0315745170488 0.00217900918443 0.00534897532676 0.0187717055019 0.0159619021864 0.0138632753687 -0.00722980967912 0.0183867154375 0.026414005618 0.0266655286106 -0.00704530346529 0.0256038159401 -0.00463718718082 -0.019895068918 0.0139989518979 -0.00738121373813 0.00675179368618 0.0157688299276 0.00135344287614 0.0172148175373 0.0294971764152 0.0522914921771 -0.00377870772448 0.0187348989426 0.0123293484418 0.0145615066664 0.00944934346057 0.0351536293476 0.00349890520781 0.0446779973727 0.00947640937384 0.00131185043475 0.0250637003706 0.0304156553817 0.0229627233623 -0.0100221493521 0.00861176159775 0.0170063412276 0.00747348427716 0.00374314879719 0.0501350976654 0.0101005181798 0.0192333371055 
0.00129947053654 0.00823400489831 0.0134447982104 0.000189172598279 -0.0032121811317 0.00995659082459 0.00782779146889 0.149549728714 0.00216425517856 0.0019409518264 0.0230959277959 0.0108281544283 -0.00970418369659 0.0278797174044 0.0238924078308 0.0118577843953 0.0170938775888 0.00471862674103 -5.19798509968e-05 0.0180896820072 -0.00504599292215 0.00117216091171 0.0303704909441 0.0161936523758 0.00334230698405 0.00467482196156 -0.00462400835173 0.0245059928324 0.00289553598339 -0.00425262664806 -0.00217280816103 0.0197564189892 0.0215945781833 -0.00708466555155 -0.0183406902952 0.0115287262668 0.00541018902179 -0.00171805105374 0.0225160267041 0.00946127722868 0.0147455874441 0.00236615824454 0.00166375416766 0.0109022747914 0.0136643931586 0.00595162003355 -0.00360714975392 0.0133723840554 0.00742705411217 0.00271325003819 0.00575890758788 -0.00909061440391 0.0169615312677 0.00734604610504 -0.00527043367611 -0.00770901568737 -0.00929575204873 0.015202805981 -0.00108872800759 0.0157214179099 -3.2146460142e-05 0.00294418754016 0.0119578908896 0.0124391244242 0.0158070866244 0.0218971547176 0.0140915608089 0.00726735370361 -0.00125182541896 0.00398477791658 -0.00369303237877 0.0056754672166 0.00805416273604 0.00635998277363 -0.0074676791608 0.0124245095479 0.00442361854166 0.00552500527004 0.00237307385197 0.00838174551224 9.46034536675e-05 -0.0167864824275 0.00513233130329 0.0269335262541 -0.00254372972785 0.00844689954785 0.00856283267352 0.00307513081125 0.0106257311348 0.0166209437402 0.0279265086832 0.0105900097597 0.0477363444242 0.0253165353371 0.00687382556352 0.0215735686249 0.0107059985508 -0.000544200046623 -6.56319937999e-05 0.00288516838953 
0.00595893973909 0.0196980509614 0.00999570561115 0.0305316314294 0.0117249000829 0.0200018563607 0.0100716048259 0.00216425517856 0.227306854054 -0.00685027516932 0.0228112684643 0.0198854637103 -0.00562595690633 0.0362858382255 0.0169764018745 -0.00642958016226 0.00929944502076 0.0181756830935 0.0184868629928 0.00655460340544 0.0127900096203 0.00183066081545 0.00854972932754 -0.0112590267989 0.0234017927959 0.0111943652116 0.045948238972 0.00369103840021 0.0187257040752 0.00168965900421 0.0189042250337 0.0347490975945 0.00379277389179 0.00720504693176 0.0146987979412 0.0128429595046 0.0164520006795 0.0164722493548 0.0107337899766 -0.0145608986116 0.0014633499539 0.0205347296881 0.0293731087416 -0.0130953403055 0.0149828920992 -0.0013837404405 0.0265790905056 0.0168196760139 0.00535364572655 0.00762019529583 0.01382557769 0.0114711892913 0.0169179000004 0.0236605685858 -0.00202461907804 0.0224910313581 0.0193059688267 0.0300142104524 0.0183389123575 0.0092231082601 0.00773763812257 -0.00378335019583 0.00157284768483 0.0190075958052 0.00627533950871 0.00310936009967 0.0391010805892 -0.012704450645 0.0179568985662 0.0195095032032 -0.00194587161119 0.0156464808297 0.0226424787269 0.0200745179959 0.0337812381672 0.0144388886722 0.0212890324521 0.00957419795106 0.0119933166324 0.00571813872308 0.0295440369296 0.0299578043295 0.00671842100669 0.0140986625054 0.0301333989753 0.00659125743858 0.0124112390487 0.0076495567704 0.022014019484 0.00194091828877 0.0371788260828 0.0192270009992 0.0121410653269 0.0247593592139 -0.00629118951682 0.00471614357622 0.00473267316529 -0.00102503699786 0.0167143873474 0.0287042508204 
-0.00500795174027 -0.0288568032002 -0.000785505642083 -0.0054033558559 -0.00502734366511 -0.00626767750151 0.0098842815666 0.0019409518264 -0.00685027516932 0.62355693823 0.0329226913464 -0.0444190811331 -0.0167759797508 0.00187907928537 0.00378053062305 0.000759700327971 -0.0132667192854 0.00545427684777 0.0282985188469 0.0332253073873 -0.013412919641 0.0325067665603 0.00549335907675 0.0149673319109 0.0102137419597 -0.00312300001867 -0.0163075241855 -0.0214162036671 0.021586232402 0.011080799759 0.0154663509654 0.0203086682054 -0.00246862534894 0.0123191290275 0.0141740234661 0.0262847792298 -0.00906376649602 0.0133492665418 -0.0204420894359 0.0125173952271 -0.0248122456378 0.0205609831394 0.0115140461037 -0.00314860566043 0.0227562989334 -0.00776879063548 -0.0235159034851 0.00482158882843 0.0127046696213 0.00175512860252 -0.00835052477633 0.00410421847751 -0.00506533612059 0.0164996158508 0.0410058677815 0.0287378872534 0.0133978514651 -0.0237954686309 0.014985597537 -0.00687161690323 -0.00749289905937 -0.0132840522772 0.00517493507093 0.0316527171871 0.0386712175361 0.020116357083 0.0366333655061 0.00968088734291 -0.028080434832 -0.0107364110647 -0.00697566155836 0.0212748789722 -0.00404667519698 0.00747278084964 0.0158431052749 0.0050835644143 0.036836369237 0.00525908404906 -0.0391037713752 -0.0143670892659 0.0112302611149 -0.0218564135847 0.0154152269869 0.02708018505 0.0183091159307 -0.00389609482615 -0.0220050234725 0.0347739606275 -0.000914975768258 0.00384222449383 -0.0186920580057 0.0400967149636 -0.0223516500827 -0.0114408244775 0.00894966437084 -0.00983035980938 0.00546577703393 0.0538366880837 0.0241849270726 -0.0136295532052 
-0.00144432882707 0.0227704633522 0.000705430439001 -0.0064737603852 0.00631802657969 -0.00054486811259 -0.00298697149893 0.0230959277959 0.0228112684643 0.0329226913464 0.355588724423 -0.00464662305237 -0.0158333987923 0.00838784559937 0.0264787942536 0.00159625918755 -0.00695811945268 -0.00188938957654 0.0075890047123 0.00456200554189 0.00373593465339 0.0340849874188 0.0149612120018 -0.00186228849174 0.014472644662 -0.000940563966305 -9.62528766263e-05 -0.00919253388739 -0.00129704271376 0.0088818809793 -0.00014218030137 0.00955446411402 -0.00928572905005 0.00904022878639 -0.011208639792 0.00766479593397 0.00966277853682 0.00839152143609 0.00970236254677 0.00757786232299 -0.0143348300318 -0.00297208100462 0.0217137384203 -0.00234278588172 -0.00591845074904 0.00807725574372 0.0458261381541 0.0020626898599 -0.00960593657007 -0.00735894811175 0.0059731484801 0.0360961840733 -0.0138950724929 -0.0125872474528 -0.0129585861022 0.0131220899053 -0.0160047925982 0.0158445294095 0.00596844397848 -0.00575175597021 -0.0112613634841 -0.0022083115992 0.0070868527847 0.0146537529808 0.0238483861915 -0.0114088175522 0.00281755200141 0.00884291542133 -0.00683190888603 0.00624458164418 0.00683694794602 0.00779353820341 0.0138662628236 0.00445076299322 -0.00795675808727 0.0314499082637 0.0263037989599 -0.0148695471511 0.0481657399923 -0.00831593305197 0.0077323476319 0.00853645311048 0.026081924334 -0.01266836482 -0.0132279591724 0.00497003860672 -0.00439099814824 -0.00574587693034 -0.00752260463686 0.00736867167455 -0.00190149738414 0.000289536516185 0.00305000875408 0.0276276030549 -0.000588906318924 -0.0102908016926 0.00493693760305 0.0155650484107 -0.00272653041943 0.0134782187512 
0.0148328664435 0.0265996449598 0.0174177033408 -0.0238716364726 0.00674586189217 0.017917665089 -0.0022213954224 0.0108281544283 0.0198854637103 -0.0444190811331 -0.00464662305237 0.566881032101 0.017091204367 -0.0157035478763 0.0249529101067 0.00869168038796 0.0105846014242 0.00291299208049 -0.00161968531759 -0.00416143009249 0.0993314139449 0.016028966584 -0.0258360281049 -0.00785780895742 -0.00523825787512 -0.00925172437601 0.0110933182562 0.00497948403758 0.020610069137 -0.0179375733241 -0.0047358042971 -0.00392178393759 -0.00818039548569 -0.00924755030746 -0.0214816381682 -0.00123795507453 0.0190194350926 0.0383894571206 0.0126275607813 -0.0172470451693 0.00393806754078 0.0086676796918 0.00578633046072 -0.0242609510936 -0.0163220198396 0.0256008888419 -0.00935974826364 0.0249576742321 -0.00450036967038 -0.0303234362377 0.0193945081117 0.0148332252338 0.0280531533463 -0.0118704188437 0.014321194246 -0.00349053961248 -0.0124660862038 0.0182146143585 -0.00928739827377 0.0193606819975 -0.0172856236988 -0.0337398797233 0.0141321228146 0.0019448220297 -0.030629527135 0.00794334240822 0.0567226470921 -0.0168731098595 0.0157889575634 0.00797403032544 -0.0048085741941 -0.0033889597941 0.0110706044223 -0.00109676549174 -0.00898116908773 0.0684738696982 -0.0157149040329 0.017775356589 0.0134594460684 0.0311345979165 0.0253337807249 0.0318846526152 0.0105156195663 -0.00736057328966 0.00545393945099 0.0357759000796 -0.000674047495834 0.0151438248812 0.00906697773354 0.00386873549545 -0.00811852694215 0.00727089885316 0.0256935590687 0.0262004123683 -0.0139820873389 0.0190121113345 -0.0182879004236 0.0231753453124 0.0633615990917 0.0417684437456 
0.014743789626 -0.00892610304725 0.00604892929241 0.00296680449654 -0.00122888259408 -0.016276720473 0.0379499352762 -0.00970418369659 -0.00562595690633 -0.0167759797508 -0.0158333987923 0.017091204367 0.416243875609 -0.000354098561371 -0.00271528425859 -0.0129652357718 0.0144639106375 0.0180772686506 -0.000548222397652 -0.00341183567402 -0.0156853383622 0.0207978380626 0.0450166312069 0.00444097420557 -0.0175933161771 -0.00820317659678 0.00345017933378 0.0131177684155 0.0115993548622 3.27251234943e-05 0.000304853565985 -0.010638086634 0.00625201214553 0.0757444135766 -0.00820478117229 -0.0207442569159 -0.00229084007698 0.00139616490554 0.0117082672271 0.000194993781034 0.0119125844804 0.00133612026018 -0.014408703972 -0.011057707225 0.00587950308305 0.00298948665087 0.0162935382264 0.0226629568091 0.0326256181304 0.0156745818512 -0.0020233402073 0.05676941815 0.0176452892168 0.0138203178964 0.0216293692475 -0.0178697556404 0.00656634960336 0.00763851682345 0.00215147574126 0.000342725063259 0.0126022385879 0.011037398897 0.0195769328703 0.0247036944363 0.0318131906069 0.00157681195433 0.0154856832415 -0.00484605932184 0.0063751048806 0.0117582987568 0.0126643178291 0.011536597802 0.00190188632102 0.0103054755424 0.002259754574 0.000652888772859 0.0388065505714 -0.00330146648988 -0.00675696161435 0.000182036639991 -0.00401245100278 -0.00105083232342 0.0160019936543 0.0116238574006 -0.00101873181594 0.00326968472872 0.00277969056813 -0.0266878273037 -0.00234794743434 0.000833757704414 0.0105205166497 -0.0108355045314 0.019325704325 0.00708401621639 0.000637826133559 0.00679497158959 0.00430874111043 -0.00577372401911 -0.00218139910499 0.0124936009032 
0.00851158604784 -0.0115905524979 0.00132512491456 0.0221010723593 0.032161952824 -0.00223638454695 0.0323279082225 0.0278797174044 0.0362858382255 0.00187907928537 0.00838784559937 -0.0157035478763 -0.000354098561371 0.392625688712 0.0272302493721 -0.00360184067724 0.00259184348457 0.034385047899 0.0161960518985 0.0210539451675 0.0148701940268 0.0196520624801 0.0252101112226 0.0108157367441 0.00669188810234 0.0116832635432 0.00876965788743 -0.0269565932443 0.0176489478942 0.0205910502377 0.0107592974067 -0.00524950000784 0.0296308850313 0.00886030465877 0.0103006377864 0.00989037426813 0.0188764791356 0.0231197774262 0.0201466884891 -0.00705509942106 0.0129048725569 0.0359539207662 0.0264432804814 -0.0192326403429 -0.0029141238245 -0.025194125383 0.0261770136965 0.0419359761503 -0.00662990010371 -0.00856004006567 0.0560469941491 -0.0408297228244 -0.000243641666457 0.00702984762331 0.029381427678 0.0333830740392 0.00208902986639 0.0268536398792 7.71891326454e-05 0.0298516351142 0.0268330306037 -0.0250504358618 0.0474815788434 0.0295977732454 -0.000778073220981 -0.00484642759418 0.0174710750104 -0.00509490844218 0.0168756134417 -0.00345836122627 0.0453162084335 0.0446845107028 0.00604456570102 0.0164028978375 0.0062602795943 0.00218289108027 0.0421646193698 0.0436620013381 0.100794739784 0.0245457405497 0.018324117848 0.017034859683 0.0199306575158 0.00792973432983 0.0732956059124 0.018211743788 0.0137073561695 0.0317636858672 0.0169774309965 0.005292594033 0.00518635887496 -0.0138321988348 0.0210211803862 0.0117289865723 0.015378721796 0.0100987082792 -0.00256778343961 0.035287668886 0.0366406974046 0.00607380242512 
0.00266713692122 -0.00518998891556 0.00410216550337 0.0133760687182 0.00406372419205 0.00720081672336 0.0125465293776 0.0238924078308 0.0169764018745 0.00378053062305 0.0264787942536 0.0249529101067 -0.00271528425859 0.0272302493721 0.123698010001 0.0239582400422 0.0246320955396 0.00104802258365 0.0152330695796 0.00312162625628 0.00180168305128 0.0186512515875 0.0217039319896 0.00131782136918 0.00046796670149 -0.0185476581048 0.00664415276905 0.0122863761833 0.0087753566341 0.00793264874021 0.00446921687442 0.0199265737727 0.00918811480345 0.0086129556339 0.0111628679394 0.0132004397947 0.0117363720394 0.00179345951444 -0.003062367736 0.0140352193432 0.0160437522748 0.00501524422741 0.0138304572176 -0.00415136971374 0.005742432076 0.0101052207046 0.00194342811665 0.00792528295075 0.0117642564016 0.0103648640808 -0.00135531102012 0.0167480790338 0.00380323124032 -0.00145146819995 0.0281635335396 -0.00113304461837 -0.00361843718102 0.0413175818726 0.00328930024143 0.00846007502051 -0.00323439796497 -0.0293908642416 0.000200467238516 -0.000713309683991 -0.00611724864585 0.00736672393696 -0.000494863388355 0.0118003050968 0.019487064311 0.00966570108767 0.00875647706848 -0.00217817889685 0.0134090083762 0.0203111254996 0.00908539652775 -0.0050229031784 0.0199447104693 0.0189123368976 -0.0125315774375 0.00555069371132 0.0195063284667 0.0200624389777 0.0187574417413 -0.00284142483861 -0.0188045319146 0.00925224185213 -0.00946269630668 0.0190625182789 0.00188218891493 0.011359929935 0.00452406256977 -0.0085441954554 0.0120441548772 0.00372063281372 0.0188465821859 0.00278565205337 0.00283047081315 0.0149359139507 -0.000806559704241 0.00275567669048 
0.0257649320224 -0.0126889954202 0.012375304702 -0.00524557033243 0.0118787894515 0.0173235334444 0.0107027994857 0.0118577843953 -0.00642958016226 0.000759700327971 0.00159625918755 0.00869168038796 -0.0129652357718 -0.00360184067724 0.0239582400422 0.142752647191 0.00669996136158 -0.00114386417837 0.0107046789908 0.00997286981778 0.000666281190329 0.025717390446 -0.0296510564796 0.00271298604259 0.0212979516118 0.00179796186538 0.0066843018223 0.008829048575 0.00529314236978 0.00205082289565 0.00474081438748 0.000835631890235 0.0146835996838 0.0230301681963 0.0036716958043 0.024771930562 0.0115716847107 0.019986203409 -0.00544392195356 -0.00391581150749 -0.001287106616 -0.00517738138616 0.00171267498461 -0.00669132826089 0.011738508265 0.0319236128776 -0.000660075794199 0.0085888276279 0.0176631577466 -0.00430962301461 0.0167614181874 0.000151648649029 0.0135092635384 0.0093347519731 0.0210449941261 0.0022251636207 0.0176523919837 0.016570652173 0.0323228414662 0.0226084304032 0.013710097268 0.0124080174367 0.0168913087217 -0.00406175109709 0.0178441468761 0.0250241280462 -0.0103419331023 0.0164653867524 0.00724222078899 0.00588384356814 0.00522880759144 0.0201206665894 0.00640731614916 0.00925777426046 0.00281950144068 0.00620745564642 0.00263832106455 0.00642153377419 -0.0233440520942 0.00414830658546 0.00524497071839 0.00523127971844 0.0252337112138 0.012519520233 0.0233027122559 0.0221413131727 -0.0209100134695 -0.0147676385032 0.00736164709108 0.00779068169944 0.0383591211935 0.0186413500831 0.0249396255936 0.0307824918895 0.00340747344843 0.00975956043605 -0.0131921099196 -0.0193154882882 0.0210547579511 -0.019331563634 
0.0155386223377 0.0134772508745 0.00851158939895 -0.0126316427936 0.0109664820389 0.000432287150219 -0.00351529222994 0.0170938775888 0.00929944502076 -0.0132667192854 -0.00695811945268 0.0105846014242 0.0144639106375 0.00259184348457 0.0246320955396 0.00669996136158 0.13780770202 0.00567840358213 0.0146886353888 0.00330407124245 0.00948645433433 0.0190152452006 -0.00337903740826 0.00307689070379 0.0100112973598 0.0201213149755 0.0151327816222 -0.0101906069139 0.0010292283505 0.000879463922257 -0.0107165343137 0.0106601771194 -0.000603023225097 0.00260721271929 0.00974973560793 0.00585395326533 0.0147984691429 0.00361378260705 0.000433029067276 0.00786825207339 0.00726525131302 -0.0132263452367 0.0228440786154 0.00716697353955 0.00217677325469 0.00664424870787 0.00866610906401 0.00740704212626 0.0197311693432 0.0355496152485 0.0129827760923 0.0532737130227 0.0147456486052 0.00900720304556 0.00582224740865 0.016525513519 0.00762157986423 0.0140864474775 0.00253967312166 0.00701265442883 -6.79534742352e-06 -0.00493632182371 0.0118338942367 0.0117464862234 -0.0033398174711 -0.0013366235993 -0.00926665550252 0.023619687186 -0.00401466763911 0.0229322042044 0.00385186830518 0.0158283516648 -0.00304742372429 0.0205880445542 0.00494798546466 0.00217171686388 -0.00559711726341 0.0277705184251 0.00410275613413 0.0186648868256 0.0137069653605 0.00114160685522 0.00283894103468 0.0030755415621 0.00686243888826 0.021628641136 -0.00192960419954 0.00867452939495 0.0081388783368 0.0111050881801 0.0286164595442 0.0100674010386 0.0279515704779 0.00905680962684 0.00893051857433 0.017003948827 0.0138946552785 -0.0056381950208 0.00221514828229 0.0135164509109 
0.003877373021 0.0362193198181 0.0379162637934 0.00602896233821 0.00843599228742 0.00206407876932 0.0176243007158 0.00471862674103 0.0181756830935 0.00545427684777 -0.00188938957654 0.00291299208049 0.0180772686506 0.034385047899 0.00104802258365 -0.00114386417837 0.00567840358213 0.458527364486 0.00536335136219 -0.0140001941697 0.0624816991881 -0.00276078003058 0.00210218064167 -0.00198338810407 0.00731085242325 0.0129832651167 -0.00177299205527 5.98048545547e-05 0.00832586976097 0.00265511879473 0.0159697905171 -0.00637592766259 0.00598965245679 -0.00384144917614 0.00216300902686 -0.00373411586062 -0.00318384128813 0.00126733916697 -0.000905857494769 0.0107084603975 -0.00649127583531 0.0159569898203 0.0214474915057 0.00237582030207 0.00316827832554 0.00543189019326 0.0282528979772 -0.0113090473882 0.0240421710415 0.0242948347178 -0.00621023776129 -0.00192303370627 0.028238526827 0.0241631385141 -0.0109741004509 -0.0202906984387 0.0258497663434 0.0232295173438 -0.0121187288929 0.00262138056411 0.00243435932813 -0.0119469640329 0.0146952434343 0.0194911157695 0.00786857467249 0.011196702183 0.0446541732604 0.0153853934498 0.0500110533232 0.00315720775062 -0.0100804934251 0.0102781685691 0.0127206779975 0.00804117202311 0.000489690443213 0.00925192249635 -0.0306460125071 0.0156803434233 -0.0456108577078 -0.00461330463509 0.0182145862257 -0.00266113168873 -0.00820567611565 -0.0036861253534 -0.0142060559576 0.00530515883411 0.00388133999703 -0.00400088424097 -0.0102704539577 0.01426504169 -0.00987154293388 -0.0205583585413 0.0207250187375 0.00416061664227 0.0260383991269 -0.00743148467681 0.061502060342 0.0414752728093 -0.00793413188279 0.0228980163271 
0.0158731212706 0.00843518352383 0.0288301706968 0.02944585135 0.0189686406655 0.0195843883625 0.0219786844027 -5.19798509973e-05 0.0184868629928 0.0282985188469 0.0075890047123 -0.00161968531759 -0.000548222397652 0.0161960518985 0.0152330695796 0.0107046789908 0.0146886353888 0.00536335136219 0.124091064231 -0.00391100270194 0.00992667268156 0.00982595356979 0.0017893699201 0.0173027516829 0.0318630892128 0.0275122255381 0.0178582076663 0.00377236968574 0.00864141162378 0.0348650408808 0.0139810544741 0.00692696270201 0.00573642496228 0.0314797169095 0.0243854047035 0.0431222271314 0.00293104655106 -0.00928785159594 -0.0126458409623 0.0404534942282 0.000447927077335 0.0188763275643 0.000473657513137 -0.00142886514095 -0.0024488024186 0.0020728709546 0.0123464674627 0.0117727934387 0.0274182841787 0.00682573912067 0.00888497495055 0.00176998031689 0.0180368129693 0.0184878174073 0.00548211753857 0.0157248222335 0.000472051517881 0.014396234176 0.00876433995577 0.0154649705569 0.0107310391319 0.00319857320602 0.00269470513646 0.0357994873378 0.0203093734662 0.0253329951335 -0.00437414487032 0.0129210416977 0.0123935210675 0.00957992260031 0.0158720134632 0.0114452696366 -0.00640495558385 0.00569297658491 0.00805487322263 0.0116132760298 0.0107410837929 0.0133629683819 0.00588338149163 0.00820152264737 0.000880905765833 0.022300348751 0.02335041978 0.0280889046645 0.0310213177945 0.0179269014687 0.024733661309 0.0039037881311 0.00311376442584 0.0170214570248 0.0209789348167 0.00999880095729 0.0136090205964 0.00660463357198 0.0369502819176 0.0134278948718 -0.00288028735421 0.0202209368652 -0.0080529011897 0.00987378878922 
0.0124001437853 0.00981389041046 0.00113560807552 -0.000706275537964 0.0154624777728 0.0187589621305 -0.00301210035201 0.0180896820072 0.00655460340544 0.0332253073873 0.00456200554189 -0.00416143009249 -0.00341183567402 0.0210539451675 0.00312162625628 0.00997286981778 0.00330407124245 -0.0140001941697 -0.00391100270194 0.119579676799 0.00449902888524 0.0112168270951 -0.000490598756041 0.00144136865842 -0.000502235526413 0.0155619917032 0.0086058321588 -0.0102553236329 -0.00597627957947 0.00085811174696 -0.00157684299405 0.0220322766002 0.00214070906629 -0.0163802127417 -0.00302054767091 0.00266791340953 0.0137492585968 0.0171205724934 0.00574224114043 -0.00591335959046 0.0115913845877 -0.00554659880505 0.00785541913005 0.0193517179216 0.0194750794193 0.0257084571254 -0.00398941814252 0.0214767554496 0.00978860574862 0.0104147492114 0.0213649878153 -0.00291254541035 0.00290461734822 0.00530706863048 -0.0185697249134 0.0269110663161 -0.00291778367477 0.0147790461286 0.00389778471335 0.00976452271971 -0.00883658835696 0.00988396526173 0.00346229327341 0.0140953410898 -0.00484284264108 0.00076432175262 0.00820666401336 0.00894961878713 0.00941126292822 0.00840060846493 0.00715807995125 0.0177662411094 0.00454165160612 0.00861586917952 -0.00492433184803 0.00150574916021 0.00735251533946 -0.0154984497159 0.0440677647015 0.0088085351797 0.000622056925008 0.00130118935685 0.0239612623046 0.0111239920917 0.0103490120411 0.0086721374032 -0.0149974540185 0.00355572880732 0.00359279774636 -0.00355726127244 0.00522285749595 0.0198184183876 -0.0102001393211 0.00317409164858 -0.00445071377971 0.00288731102129 -0.000910677638567 0.0401933244069 -0.00709362576279 0.00546675974775 
0.00470318971035 0.00649328286784 0.0264298380877 -0.0172095172188 0.00708582276827 -0.003484136048 -0.00497035226868 -0.00504599292215 0.0127900096203 -0.013412919641 0.00373593465339 0.0993314139449 -0.0156853383622 0.0148701940268 0.00180168305128 0.000666281190328 0.00948645433433 0.0624816991881 0.00992667268156 0.00449902888524 0.193089224211 0.00914271881564 -0.0135199814822 0.00274291814021 0.00719722062513 0.00896522962642 0.010782421539 -0.0125406756063 -0.000560478460585 -0.0028220511337 0.0173937063453 0.00210208795825 0.00182597724622 -0.00794161944003 -0.00958511635321 -0.00290389749929 0.0190460485984 -0.0231598687582 -0.00198540982811 -0.000704791090462 0.0134337442823 0.0102195040136 -0.00567824450796 -0.00707635052349 -0.0114695130801 0.00517298344228 0.000938651956563 -0.00117999699428 -0.00751443163522 0.00505360373243 0.0254107230809 0.0290475039659 0.00651829800078 0.0214744101004 0.00541072328372 -0.000368690537963 0.00235642342707 0.0209857984235 0.00940973156516 0.00262672258514 -0.00964207140515 -0.000340453256973 -0.011886381866 -0.005592609973 0.00555782704653 0.0153511579117 0.0103150861135 0.00639167032213 0.00983874754163 -0.00720627224717 -0.0060617532117 -0.00280820772212 0.00663494892872 0.016522152284 -0.0117140821472 0.0290135619459 0.00741864067635 0.005173907129 -0.00129015337101 0.032312848491 0.0197381304938 -0.000943811221395 -0.00827609095551 0.00533350305685 -0.00434464580475 0.00937820849006 0.00202907357875 -0.00746082332574 -0.0116818207592 0.0117991279083 0.0216444298882 -0.00357569286645 -0.00528569039576 -0.00254226354452 0.0109234751855 0.00344134171523 0.0117203727757 0.0145064343927 0.0299562181104 0.0408198054694 
0.0295783753287 -0.019709615883 0.0137603699772 0.0177164900609 0.00810269964012 0.0052994327067 0.0111240513442 0.00117216091171 0.00183066081545 0.0325067665603 0.0340849874188 0.016028966584 0.0207978380626 0.0196520624801 0.0186512515875 0.025717390446 0.0190152452006 -0.00276078003058 0.00982595356979 0.0112168270951 0.00914271881564 0.253446278975 0.0545515664555 0.0313630799997 -0.00106633239902 0.0253795883177 0.0384756124265 0.0298333022245 0.0244681586195 0.00275136342577 0.0134004132448 0.00841431338162 0.0246318474316 0.0243845736131 0.0162470463372 0.0336158011608 0.0168415812403 0.0179344551222 0.0135950022936 0.00435737671337 0.00811356942671 0.018591096047 0.0370147483045 0.00987878687065 0.0110700596397 0.0224366577707 0.0203370403045 0.0137233537007 0.0431808856105 0.00959206550394 0.00879755231889 -0.00848858621526 0.0140668905385 0.010115623621 0.0194181985656 0.0236531923636 0.00749052555838 0.0307453622723 0.0371240397887 0.0167324725713 0.00252806778397 0.00782088939113 0.0298555708809 0.00201276896938 0.0117367332578 0.0319869375005 0.0470007174954 0.0361289590873 0.0370042430014 0.0197013868107 0.0356672549022 0.0297172154942 0.0446357311852 0.0151392939445 0.00498395262196 -0.00347801668951 0.0397184866514 0.0510396955687 -0.0761686805687 0.024732762703 0.0187220817889 0.0298211484407 0.0441512890557 0.0221237092367 0.0142773587226 0.0211800708485 -0.0108521052332 0.0112090757843 0.00917143465846 0.0168771621631 0.012780530136 -0.000288483838111 0.03166305345 0.0334955495855 0.00303323117729 0.0274298422599 0.02237183066 0.0327301546606 0.0172272196505 0.00544149263511 
0.0059693199693 0.0702999080682 0.00847329976139 0.167205720175 0.0133476702391 0.034531295582 0.000914169014682 0.0303704909441 0.00854972932754 0.00549335907676 0.0149612120018 -0.0258360281049 0.0450166312069 0.0252101112226 0.0217039319896 -0.0296510564796 -0.00337903740826 0.00210218064167 0.0017893699201 -0.000490598756041 -0.0135199814822 0.0545515664555 0.529828447077 0.0133411163791 -0.0213397728249 0.00497637016374 -0.0278900656271 0.0450544926591 -0.0141637002374 0.0251533902741 -0.000329471066633 -0.00975881598548 0.0220583149207 -0.0095793374817 0.0284679226624 0.0206226928483 -0.00525360096742 0.0194870209002 0.00600070101531 0.0233473452538 0.0116812420592 0.103301890506 0.0127726236688 -0.00786109014745 -0.00163144464403 0.0167997192827 -0.0263612093059 0.019525778719 0.0352123483227 0.00404174299623 0.0204423727905 -0.0171953143981 0.0306732975975 0.111434877149 0.000565144673773 -0.000834272758607 0.00309611813028 -0.00443133302688 0.0142450731184 0.016452601654 0.0161018240096 -0.000254732071366 0.0142725609585 -0.0349963679267 0.134906699739 0.0446170129527 0.0402400153006 0.0156727002074 0.00474653527187 -0.0110037229233 0.0228097324001 -9.70632170405e-05 0.00347387191155 -0.0300097867462 0.0449419304111 -0.00185970686761 0.0376864447469 0.0966832103546 0.0395789374344 0.0120496432578 0.00303880929585 0.0165813816085 0.0264150575994 0.13988314248 0.101161771367 0.00649677208433 0.123087328562 -0.0216491171957 0.011953309085 0.0168029629481 0.016405745778 0.0235375285918 0.0247209037766 0.0190622822679 0.0292608054454 0.0202120705195 0.0189392956423 0.017146501838 -0.00706672679136 -0.0175302291707 
