60
0.0189508527873 0.10431458653 0.0677272644226 0.0749299903321 0.0636277148901 0.0759168136047 0.085684238521 0.13190386478 0.0172601721071 0.105790735219 0.088181568025 0.034888990542 0.00633581846688 0.0213104348082 0.0315088302779 0.117315051398 0.0731585002716 0.128291051585 0.0230030392576 0.125568601155 0.0839491815724 0.0275413533974 0.0824662750087 0.0345230729479 0.0540494724418 0.0248803539628 0.0194782181544 -0.0148687542544 0.0324129219316 0.0300114281637 0.0114549593271 0.0289140833203 0.0422457423554 0.0771685990004 0.0146033592013 0.0360508970818 0.0625636206577 0.0493061267197 0.110578936942 0.0766259396051 0.101218808556 0.0526772687529 0.0201569416701 0.0431320253577 0.0150252709272 0.0283013122104 0.204332601919 0.133040507733 0.138189015222 0.0539269159384 0.143553651187 0.0166595463284 0.176385145314 0.0498180241401 0.330982708656 0.104921073146 0.234257183995 0.0402434153999 0.0328562524986 0.0798623823862 
0.382549031016 0.00433629035687 0.0111992563772 0.0196299891489 0.0172700591556 -0.0102595208825 0.0373822173084 0.0240334927841 0.0101958570239 -0.0054869621949 0.0376013672049 0.008038964001 0.00782384774843 0.0255013079288 0.0136369609572 -0.032010284132 0.0174324089609 0.00326073569439 -0.00386457771031 0.0107702301918 0.0573545444068 0.00676705925759 0.000589138953513 -0.00603990513151 -0.00316787852121 0.0126629750484 -0.00440636689033 0.00401928219857 -0.00150661952509 -0.0113554332271 -0.0183656242681 0.000858810052691 0.0190968336146 -0.0108105063284 0.00715332686257 -0.00263988541588 -0.0165472125154 -4.51229566364e-05 0.0352578433381 0.0219411105045 0.0405104386827 0.00505694147274 0.0341731818153 0.00454898364193 0.0155655370567 0.0159515912459 0.0269396895534 -0.0175854641479 0.0355061119239 0.0299891268878 0.00764879839649 0.00689357515886 0.021120564513 0.00545029984893 0.0121636655476 0.0154824715434 0.0188601725135 0.0106144679931 0.0185964998281 0.0249716076094 
0.00433629035687 0.560594178325 -0.00594647511768 0.0291511986006 0.0129001785985 0.0279210348594 0.0110273867858 0.0416943881127 0.0313023116531 -0.00573679480388 0.0115355337812 0.0110521671809 0.0484690675489 0.0353917105768 0.00089106272249 -0.0204695637738 -0.00587368883137 -0.00297889101107 0.0201886925265 0.0431924159165 0.0495164612071 -0.00584679473551 0.00169806941064 0.0238497785899 0.000274035299792 0.0247806664203 0.0100054732175 0.00629936750156 0.00439281724828 0.0174900832558 0.0233050935531 0.0193907802565 0.038304089867 0.0294889283315 0.00143354170831 0.0309989491806 0.0111419046681 0.0608674853128 0.0551737886312 0.0136322605686 0.0082696454254 0.0109948418484 -0.012001862161 -0.00356216765848 0.0062002404269 0.00572985118927 0.0137594476589 0.0200694738944 0.0421103698606 0.0174067814829 0.0078415694026 -0.00670455408479 0.0185150600368 0.0265992911708 0.0316695739792 0.0482647083002 0.0475923811278 -0.000416389644365 0.0349193070922 -0.0101269397112 
0.0111992563772 -0.00594647511768 0.289129273614 -0.00301341926088 0.00319942349167 0.0077790315305 -0.00335437527273 -0.00781944667939 0.0184432220063 0.024231091948 0.0171400088642 -0.00243453134093 0.010507683631 0.00884966679854 -0.000334052758153 0.0139777519278 -0.00735257849602 0.0235928793617 0.0098827117132 0.0125815747011 0.0393425207391 -0.00368538777925 -0.00170013727559 0.0158182577066 -0.0171698666324 -0.0052041074999 0.0287272378446 -0.00643236117688 -0.00856304145338 0.0167065797957 0.0256856620718 -0.00908294738708 0.0199740142473 0.00119924010576 -0.000640120996615 0.0261597820238 0.0227700757516 0.00797781259512 0.00137026662088 0.0185923584462 0.00858804178319 0.00520965482851 0.0445558275886 0.01087308159 0.0395183586955 0.0164922864771 0.0062073912779 -0.0245957596021 0.0556844297322 0.0184287305432 -0.000619793196397 0.0137633585946 0.0169262161884 0.00526249982258 0.0172100683092 0.0303851116027 0.000356955012438 0.00862611395094 -0.000148593113115 -0.0265709035294 
0.0196299891489 0.0291511986006 -0.00301341926088 0.40693382674 0.0163707700294 0.0276728342048 0.0548058908181 0.00131326115886 0.0225153827925 -0.00894455907695 0.0317765606411 0.0200062893326 0.0511893960899 0.00670478744316 0.0285438614005 0.00535041664841 0.0371997794767 0.0629177702003 0.00684999276478 0.0694345179154 0.0285277793853 0.0288724157185 0.0273193850017 0.00882502365599 0.0134758649443 0.0305786494359 0.0141806508039 0.0106851185223 0.0182030533509 0.00590666969723 0.0026720410423 0.0183582082899 0.00144747762858 0.0220279088495 -0.00652114980014 0.0288945974712 0.0698117732529 0.00545719855272 0.024997451932 0.0360303313102 0.0334017638005 0.00242725747935 0.00652412680929 0.061997029 -0.00418748963723 -0.00114960281506 -0.0239941246355 0.0257432990343 0.0295859922793 0.019527682123 0.0314311389046 0.0615495361126 0.024643764455 0.00428444902571 0.0274685471783 0.0457124622299 0.00774952334763 0.0123122717628 -0.00507311202462 0.0226332223971 
0.0172700591556 0.0129001785985 0.00319942349166 0.0163707700294 0.240500690261 0.00220708907971 -0.0117420004062 -0.02113881857 -0.0022080432873 0.00330040242704 0.002455812395 0.0273769815347 -0.00255118773784 0.000476191671507 0.0156902488949 -0.00884845408904 0.000833088237873 -0.00538900125013 0.00118902858712 -0.00105902084412 0.0158725743711 0.00405267913255 0.00342570638113 0.00566098482452 0.022482575404 0.00779033581611 0.0174963167461 -0.000390940376764 0.032962162612 0.0163772453965 -0.0110410736882 0.0042517311332 0.0040191901483 0.0215929555137 0.00412085454242 -0.00376279219823 0.0113518014458 0.00634520794778 0.00762111892845 0.0141799172999 0.0194333159168 -0.0023337946177 0.0130141212116 -0.000140407232296 0.0104092176487 0.00889709879381 -0.00276141611149 -0.0185874852963 0.0028920765423 0.00166399248971 0.00876931498052 0.0117704695732 0.00577704244929 -0.0166225929555 0.00307641783247 -0.000571014200229 -0.00130059830851 0.00762592652083 0.00748203441235 0.0245353600227 
-0.0102595208825 0.0279210348594 0.00777903153051 0.0276728342048 0.00220708907971 0.33734435049 0.0180710788177 -0.00289198893741 0.00515962272301 -0.0138482771086 0.0300730781943 0.00762326090633 0.00826485136005 0.019965602258 0.0175954671931 0.00202741715199 -0.0236862786252 -0.00247679131549 0.0162716752095 0.00570464329388 0.00536979579156 -0.00411907111966 0.0132798290979 0.00205210351976 0.00957215463403 0.0220134591992 0.00262668396032 0.0100981298603 0.0134926494783 0.0179341872036 0.0188199728278 -0.00796220872627 0.00122876263026 0.0305160303954 0.000240345066348 0.0170616073996 0.0215972947101 0.0184181037114 -0.0128711269172 0.027120384964 0.00871570421392 0.0069391260516 0.000337267933365 0.023806230677 0.0204735417928 0.00556807576067 0.00737735446737 0.0252490407186 0.0554726592406 0.00617653146267 0.0165695621547 -0.00773192367378 0.028817750536 0.018762831639 -0.0134106033992 -0.0051943645301 0.0290830222308 0.0302340497992 -0.00243217228886 -0.000305813117187 
0.0373822173084 0.0110273867858 -0.00335437527273 0.0548058908181 -0.0117420004062 0.0180710788177 0.452201317708 0.00513484140169 0.00294737241515 0.0155416086263 0.0565174796473 0.00697232959128 0.0161987725964 0.0152309236632 0.0134797912779 0.0313202280097 0.0191351109382 0.0232456585647 0.0171402500177 0.00165630700849 0.00344780727034 0.0036783033719 -0.00281798912462 0.0129532192522 0.00777520228756 0.0279323612435 0.0117521637381 -0.00448460117435 -0.00635621713129 -0.0107924832961 0.0081535148701 -0.00329917460989 0.0026194578353 0.0196387951463 0.00233894618881 0.00516843130196 0.0432065946451 0.0192708697674 0.0159812058062 0.0264441152497 0.0878639839394 7.1728535783e-05 0.00241149472197 0.0319581306944 0.00965599402659 0.0262829742487 -0.00184660921817 -0.00617996532096 0.0185876382401 0.0161643941675 0.00972677810506 0.00859763286976 0.0607516979621 -0.00159980663458 0.0189162438636 0.0210249056208 -0.00016396712255 0.00469828308245 -0.0110206014875 0.00902508681578 
0.0240334927841 0.0416943881127 -0.00781944667939 0.00131326115886 -0.02113881857 -0.00289198893741 0.00513484140169 1.04569869336 -0.00846483005298 -0.00894644738939 0.00568507668472 -0.00618632524794 -0.000333888161826 0.194794348744 -0.00873666158961 -0.00577679341541 -0.0093231668008 -0.0175846916698 0.00224086482238 0.0292484203267 -0.0107212207645 0.0112277827719 -0.0335616970773 -0.00532007221511 0.00871012388049 -0.0229380395452 0.0041227534989 -0.0193393025436 -0.0173219834264 0.0453383533837 0.00332602432446 -0.0221886487642 -0.0113339279942 -0.00701007320483 -0.0162996879079 0.00417108418288 0.0138040197527 -0.0107440254749 -0.030773774057 -0.00324775803505 0.0108047093405 -0.0112721995567 -0.0154311405997 -0.023956153279 0.0307436832899 -0.0254019821632 0.0311206204275 -0.0230301838089 -0.0210068575905 -0.00620473464623 0.00309959353188 -0.033704317537 0.0314847683862 -0.0246476522396 -0.0130783748223 -0.000431352158573 -0.00794471139622 -0.0127789121773 -0.000546322409574 -0.0238780705291 
0.0101958570239 0.0313023116531 0.0184432220063 0.0225153827925 -0.0022080432873 0.005159622723 0.00294737241515 -0.00846483005298 0.181529354821 0.0219255730093 0.0155540798084 -0.00236651107874 0.0155615280306 0.0212476529889 0.0142298788434 0.00830497194406 0.00692666165398 0.0150099576789 0.00612932099777 0.00249444608455 -0.00472058566368 0.0189288281279 0.0254969009416 0.00911764739766 0.028993185878 0.0113954953091 0.0227126038066 0.00786286945723 -0.00240698933879 0.00806231218933 0.0207661929774 0.0219933621174 0.0260948800716 0.0119175108889 0.0211810119388 0.00945057347901 0.0429994400385 0.00962223544425 0.00074084704999 -0.00824819183941 0.009536627441 0.00432248998993 0.0275243895982 0.0393655349792 0.0019116599615 0.00535519372802 -0.00522438270643 0.0198194139787 0.0223892807979 0.0240732034766 0.0375205896109 0.00360020358211 -0.00113277461144 0.00771648786736 0.0139609502642 0.00308986330716 0.00441866021977 0.0156798730813 0.00587052346784 0.00149036403817 
-0.0054869621949 -0.00573679480388 0.024231091948 -0.00894455907695 0.00330040242704 -0.0138482771086 0.0155416086263 -0.00894644738939 0.0219255730093 0.344873224408 -0.0159570209662 0.0123159806058 -0.00489478347118 0.00998608758188 -0.00928358193753 0.0132543463392 0.0252589154499 0.0141360857632 0.00833944052071 0.0148000130086 0.0481198468925 0.0185234242981 0.013766146681 0.0110117517717 0.011576711189 0.00716894615439 0.0138786994975 0.0189030389829 0.000847327142802 -0.000468309648702 0.00542663253506 0.0134502594987 0.0137341563778 0.0243445438519 0.00547505718694 -0.00011838407407 0.0016166059312 0.0350817038807 0.0072852515562 0.0256421593781 0.0186637165261 0.021673351759 0.024316327346 0.00948992019735 0.0131312973527 0.0110334912185 0.0188279964957 0.00936179933406 0.045944559543 0.0162037268975 0.0487156092951 0.0472943396606 0.027428991517 0.00635753306607 -0.00543461155591 0.0312436870681 0.0585314492946 0.0171401701733 0.0267030752262 0.00753388064992 
0.0376013672049 0.0115355337812 0.0171400088642 0.0317765606411 0.002455812395 0.0300730781943 0.0565174796473 0.00568507668472 0.0155540798085 -0.0159570209662 0.344904797065 0.0154936662653 0.0190991462311 0.105148597982 0.0250268392536 -0.00936597729288 0.0626795539963 0.0167625850719 0.0172079877108 0.0125680713801 0.0209773108821 -0.0058805881017 -0.00530452605321 0.0119524528478 0.00544233218982 0.0116134925227 0.0143129604648 -0.000855636149914 0.0133250372886 0.0105606185847 0.00722722098442 0.00157958595059 0.0124273030698 0.0224529194247 0.0270930982653 0.0317256306717 0.0209987826404 0.0493195344727 0.0313711236905 0.00219847301039 0.00357799748647 0.0256613735673 0.00565558504827 -0.00984216454837 -0.00297375710714 0.0252318496778 0.0156249577737 0.00595496051591 0.028122808267 0.021731956687 0.0213825684633 0.0175408080904 0.0445252302532 0.0273591449464 0.053831513806 0.0299653661964 -0.0072728410346 0.0155439938876 0.000620610945577 0.0194734572958 
0.008038964001 0.0110521671809 -0.00243453134093 0.0200062893326 0.0273769815347 0.00762326090633 0.00697232959128 -0.00618632524794 -0.00236651107874 0.0123159806058 0.0154936662653 0.140278504035 0.00614022786776 0.0161851904577 0.0228353469966 0.00521317604101 -0.00440100117441 -0.00171730861728 0.0156763808842 -0.00369208391938 0.0108007228611 0.0119524829066 0.0144635810016 0.0114409891198 0.00694754207953 0.0340524424638 0.0180525989129 0.0224794307729 0.0187645984827 0.014463325017 0.00480575983553 0.0328083286066 0.0123738044329 0.0111849039908 0.0132134166794 0.010041532223 0.0186365752784 0.00277595542114 0.00252108258887 0.00539305840198 0.0128501299822 0.0171678108813 0.00417313844118 0.024878540323 0.0120373941059 0.0223193970814 0.0174034209241 0.00644775539945 0.0196419079052 0.0047348678028 0.00603228032505 0.00988505400825 -0.0026565158591 -0.00545177751122 0.0116227228958 0.0158777285475 -0.0141315464574 0.00546799091482 0.0128217980998 0.0179847326275 
0.00782384774843 0.0484690675489 0.010507683631 0.0511893960899 -0.00255118773784 0.00826485136005 0.0161987725964 -0.000333888161826 0.0155615280306 -0.00489478347118 0.0190991462311 0.00614022786776 0.178895750999 0.0138178092859 0.0330401589799 -0.0148587750878 0.0118922243884 0.0289757422168 0.00762384724044 0.0225807414928 0.0127111406448 0.00763013984601 -0.0101189970641 0.0167368314939 0.0129405384178 0.0281176791335 0.00464645259298 0.00101555374262 0.0180981739289 0.0168006026575 0.0258508176135 -0.00130403112823 0.0222275611072 0.0135350338037 0.0191322390377 0.016490096048 0.0442212898578 0.0186159036576 0.0226518477206 0.0347637092026 0.022771202919 0.00528919572951 0.00924004933436 0.00335329965278 0.00717400236691 0.00248842631832 -0.00376548555759 0.000513706414744 0.0163521007246 -0.00660644374497 0.0325898126319 0.0142846674053 0.0257452957813 0.000572539486627 -0.00210424950071 0.0105527355478 0.012492887226 0.0177033222912 0.00861466470891 0.00453831665258 
0.0255013079288 0.0353917105768 0.00884966679854 0.00670478744316 0.000476191671508 0.019965602258 0.0152309236632 0.194794348744 0.0212476529889 0.00998608758188 0.105148597982 0.0161851904577 0.0138178092859 0.261644254663 0.0206897199622 0.00508116592542 0.00661866713338 0.0216732136602 0.00374536877041 0.0290588654282 0.060055181175 0.0207980327707 0.000140548649211 0.00678282096568 0.0261642752404 0.0115211251573 0.0191561266351 -0.00896204769125 0.00120086552841 0.01751039168 0.00257437501832 0.0148968615291 0.0116274049943 0.024207176839 0.0110350066803 0.021146370634 0.0241255183313 0.0206615164974 0.0220213787934 -0.000756829658549 0.0135138448343 0.0135055808754 0.00954215867854 0.037088116177 0.00811739564707 0.012163454797 -0.00319942891546 -0.0085533351053 0.0187638580103 0.0495090519125 0.0391672201873 0.0167827807008 0.0144640186856 0.00288040167408 0.0370112884837 0.00498357130012 -0.00369046943419 0.00370672340811 0.0208540669574 -0.00992572486207 
0.0136369609572 0.00089106272249 -0.000334052758153 0.0285438614005 0.0156902488949 0.0175954671931 0.0134797912779 -0.00873666158961 0.0142298788434 -0.00928358193753 0.0250268392536 0.0228353469966 0.0330401589799 0.0206897199622 0.209698021733 0.03277614514 -0.00259940242499 0.022507691323 0.0308351483414 0.0243256549023 0.0101328658701 0.0256131291284 0.0196880424195 0.0177925784078 0.0143639854321 0.0249848092215 0.0182812616863 0.0233159237706 0.0194551388506 0.0475656873332 0.0218628967137 0.0152076782839 0.0155633030999 0.0328034616079 0.00796644688877 0.0371715618859 0.039470199237 0.00882741290249 0.0125079450374 0.034799735433 0.0347663885073 0.00823149782072 0.0194843157647 0.0539588982458 0.0227317469033 0.00262692985455 0.00535885575517 0.0205146395426 0.0153271842848 0.014204390809 0.052072607393 0.000500887450419 0.0116330829556 0.0182228289906 -0.00312563903044 0.0171735967368 -0.0260410995362 0.017317554094 0.00237023590913 0.0304192683457 
-0.032010284132 -0.0204695637738 0.0139777519278 0.00535041664841 -0.00884845408904 0.00202741715199 0.0313202280097 -0.00577679341541 0.00830497194406 0.0132543463392 -0.00936597729288 0.00521317604101 -0.0148587750878 0.00508116592542 0.03277614514 0.348615131225 -0.0192157428666 0.0689094757449 0.0163892612814 -0.00925904679569 -0.00987632667172 0.00983170431743 0.0132233854029 0.0112799568151 -0.00430491002822 0.00602249180648 0.0228286801218 0.0141334964062 0.00796858895952 0.00618006604804 -0.00676427880802 0.01550022791 0.0151780259039 0.0157314419864 -0.0079668237536 0.0185454437606 0.0213924739037 -0.000873264244474 -0.00494766948036 0.0320683081407 0.060778199202 0.013687042309 0.0173087262424 0.0274529852234 0.0103027931507 0.0158066865392 -0.0373694373485 0.0224407155273 0.00928648647495 0.0115499683798 0.0255052376739 0.0142895249995 0.0173572101791 -0.00738507627652 0.0304817564461 0.0178824815128 -0.0582441821692 0.0177430194068 -0.0021777332048 -0.0170146455736 
0.0174324089609 -0.00587368883137 -0.00735257849602 0.0371997794767 0.000833088237873 -0.0236862786252 0.0191351109382 -0.0093231668008 0.00692666165398 0.0252589154499 0.0626795539963 -0.00440100117441 0.0118922243884 0.00661866713338 -0.00259940242499 -0.0192157428666 0.325514985755 0.00172469176207 0.0111151530184 0.0232085693242 0.00891276498907 0.0139541798164 -0.0143752608187 0.00213999383945 0.0293377183728 0.0213128087922 0.0138836421697 0.026618253046 0.00368842211179 0.000383741547197 0.0186071794561 -6.1415869879e-05 0.0243147341308 0.00950622604299 0.0189347228406 0.0122695925464 -0.0123976237376 0.0038951025185 0.0144488283895 -0.000740709928065 -0.00911029100469 0.0147276029084 0.0040178212311 0.0221757271752 0.0154158604677 -0.0138448896259 -0.0140862501117 0.0061299320938 0.00698027524917 0.0151641876942 0.0328395131969 -0.00229162337014 0.0665901551163 0.00434480866213 0.0157306510338 0.0260903843733 0.0085347093977 0.0068497119064 0.0268412036647 0.004752051444 
0.00326073569439 -0.00297889101107 0.0235928793617 0.0629177702003 -0.00538900125013 -0.00247679131549 0.0232456585647 -0.0175846916698 0.0150099576789 0.0141360857632 0.0167625850719 -0.00171730861728 0.0289757422168 0.0216732136602 0.022507691323 0.0689094757449 0.00172469176207 0.490568630394 0.0156457214957 -0.00498901202841 -0.0222415538233 0.0295167122177 -0.0156295130525 0.00770452698473 -0.003359276401 0.000628023553032 0.00858826374291 0.00408561136241 0.00884296401354 0.00763323829579 0.0159389747972 0.0144226598186 0.0117852132688 -0.0107567049463 -0.0184765803806 0.0232774708715 0.00915292034366 0.0136788801766 0.0173960639564 0.025309978187 0.0433277172442 0.0221847433427 0.0119793043377 -0.00150907594072 0.0216601943068 0.0240785806552 0.0195934914145 -0.00726495958035 0.0321897091533 -0.00618194120019 0.0205712365148 -0.00164042152142 0.0112064050769 -0.0220700489025 -0.00654657346948 0.00671090132994 0.00341942435328 0.0207894869475 0.0165522881443 0.0130467999371 
-0.00386457771031 0.0201886925265 0.0098827117132 0.00684999276478 0.00118902858712 0.0162716752095 0.0171402500177 0.00224086482238 0.00612932099777 0.00833944052071 0.0172079877108 0.0156763808842 0.00762384724043 0.00374536877041 0.0308351483414 0.0163892612814 0.0111151530184 0.0156457214957 0.11288723626 -0.00469574774774 0.0247708416871 0.0198647549227 -0.00496486249321 0.0102519389185 0.0240093832795 -0.00193981166875 0.0469764576091 0.0183532530499 0.00377343312488 0.0370497030482 0.0213383644142 0.018895330469 0.00459455127648 0.0247867975281 0.00495086087443 0.0197632119111 0.0169268545152 0.00195035471511 0.0071223478566 0.0293402235326 0.0142494229999 0.011583135438 0.0176024290811 0.02912230219 0.0224108932974 0.0246518517047 -0.00429860366173 0.0110363139511 -0.00357987038145 0.00714462744148 0.000949292527962 0.00708553597739 0.0132872906921 -0.0181952730235 -0.00266584290034 0.024012120401 0.0262532930985 0.0120975076757 0.0106745760544 0.0158278624439 
0.0107702301918 0.0431924159165 0.0125815747011 0.0694345179154 -0.00105902084412 0.00570464329388 0.00165630700849 0.0292484203267 0.00249444608455 0.0148000130086 0.0125680713801 -0.00369208391938 0.0225807414928 0.0290588654282 0.0243256549023 -0.00925904679569 0.0232085693242 -0.00498901202841 -0.00469574774774 0.827331046952 0.0772812039555 0.0429861604232 -0.00237120632389 0.0100243477907 0.0217715192761 -0.000406839548362 -0.00406170453044 0.0128323937202 0.000860782286539 0.0170282115002 0.0196292939648 0.0173770772972 0.02160644245 0.0378555094064 0.00641554873999 0.0278518819122 -0.00962081896148 0.00551071396627 -0.0156054308484 -0.0010173091639 0.00184523972246 -0.00927804862304 0.0126488365072 -0.000518076403758 0.0136322932848 0.00577872414086 0.0252021499393 -0.00316521099641 0.010315488799 -0.00543538953183 -0.0071602679106 0.0186880692692 0.0115028662691 0.0141304291655 0.0164434381085 0.017089794581 0.0347948833605 0.00404168037315 0.0330274495545 -0.0190011806463 
0.0573545444068 0.0495164612071 0.0393425207391 0.0285277793853 0.0158725743711 0.00536979579156 0.00344780727034 -0.0107212207645 -0.00472058566368 0.0481198468925 0.0209773108821 0.0108007228611 0.0127111406448 0.060055181175 0.0101328658701 -0.00987632667172 0.00891276498907 -0.0222415538233 0.0247708416871 0.0772812039555 0.579096460907 0.0181929669331 0.00517623464876 0.0235383759724 -0.00163111571511 -0.00612859584714 0.0317661020536 0.0139699383793 -0.00213205996441 0.0173468401781 0.0117888823156 0.00732560380256 0.0156906224836 0.0273819847663 0.00110421518608 0.0230969675521 0.0195212471259 0.0201139073212 0.00777960293107 0.0144693198639 0.000174114832306 0.0218269447885 0.0171460905521 0.042783507286 0.0262613830872 0.0149166687306 -0.0157245129759 -0.000143135389861 0.0307476761288 0.0128655671457 0.0218221650405 0.00936496513395 0.00953074102045 -0.0060193462988 -0.0446906568865 0.0196793450702 0.0812432382162 0.0184765002774 0.00435828329796 -0.0138520361052 
0.00676705925759 -0.00584679473551 -0.00368538777925 0.0288724157185 0.00405267913255 -0.00411907111966 0.0036783033719 0.0112277827719 0.0189288281279 0.0185234242981 -0.0058805881017 0.0119524829066 0.00763013984601 0.0207980327707 0.0256131291284 0.00983170431743 0.0139541798164 0.0295167122177 0.0198647549227 0.0429861604232 0.0181929669331 0.175916565585 0.0294251135878 0.0430760583484 0.00829824991122 0.0261342672366 0.0337564139367 0.0113169903887 0.0139607813548 0.0247558239926 0.0197271524216 0.0166862534619 0.00183591078153 0.0324530012648 -0.00515193430531 0.00589053004751 0.0356235074172 -0.0191255225585 -0.00487621293682 0.0278396023607 0.0215826061729 0.0107398033881 0.00878326569486 0.0237327818383 0.0118072645956 0.00301579159981 -0.0185701706665 0.0186402705142 0.0243161263237 0.0264396179131 0.00896744638638 0.0104076955775 0.00634586043867 -0.00321345764072 0.0111294491966 0.0123807346406 -0.00973415940456 0.0126760100383 0.0206109820256 0.0204221535517 
0.000589138953513 0.00169806941064 -0.00170013727559 0.0273193850017 0.00342570638113 0.0132798290979 -0.00281798912462 -0.0335616970773 0.0254969009416 0.013766146681 -0.00530452605321 0.0144635810016 -0.0101189970641 0.000140548649212 0.0196880424195 0.0132233854029 -0.0143752608187 -0.0156295130525 -0.00496486249321 -0.00237120632389 0.00517623464876 0.0294251135878 0.355614361167 0.0206377808236 0.0192958130658 -0.00930316602477 0.00442131552152 0.0261492381692 0.00633977240127 0.00536517717847 0.00336908929649 0.038316483322 0.00597501336933 0.0139774371133 -0.0130610684122 0.00490508492148 0.0171592562739 0.038689346333 0.00928796002795 0.0272008150212 -0.0120194667197 0.0396338102688 0.0278541691344 0.00538619225214 -0.00484272608419 -0.0133602000854 0.0147230593648 0.203732859826 0.0209124700843 -0.0025825539769 0.0350522139571 0.029020286783 0.0142368219152 0.130278524248 0.0228398911311 0.011604709106 -0.00758592523024 -0.00281845140774 0.031819883584 0.16503685094 
-0.00603990513151 0.0238497785899 0.0158182577066 0.00882502365599 0.00566098482452 0.00205210351976 0.0129532192522 -0.00532007221511 0.00911764739766 0.0110117517717 0.0119524528478 0.0114409891198 0.0167368314939 0.00678282096568 0.0177925784078 0.0112799568151 0.00213999383945 0.00770452698473 0.0102519389185 0.0100243477907 0.0235383759724 0.0430760583484 0.0206377808236 0.181729650901 0.000489217093194 0.0529880877522 0.0251399044007 -0.00269897736846 0.0232913014169 -0.00265411596347 0.00366603227899 0.01779123853 0.00462907688813 0.0245165417662 0.0187467883647 0.0227503477497 0.00823974337879 -0.0159870068555 0.00561318219253 0.0184728041645 0.0162508807736 0.0195622127743 -0.00231900770467 0.0170730077041 0.0162614507693 0.00306968009915 0.00195546334013 0.0139305610808 0.0287866609278 0.0166468925314 0.0131171241731 0.00834804517015 0.000418282973866 0.0242631610557 0.022643128023 0.00275524928948 0.0253647396959 -0.00817234031044 0.0113172684349 0.0401626680405 
-0.00316787852121 0.000274035299792 -0.0171698666324 0.0134758649443 0.022482575404 0.00957215463403 0.00777520228756 0.00871012388049 0.028993185878 0.011576711189 0.00544233218982 0.00694754207953 0.0129405384178 0.0261642752404 0.0143639854321 -0.00430491002822 0.0293377183728 -0.003359276401 0.0240093832795 0.0217715192761 -0.00163111571511 0.00829824991122 0.0192958130658 0.000489217093194 0.251869748658 0.00514923869304 0.0188110323712 0.0213931467226 0.0427993294585 0.0468388134244 0.021119751886 0.0398815233136 0.006095160866 0.0283763569285 0.00565071906413 0.00139241697652 0.00904046944599 0.0269874850908 -0.0143690678109 0.0242412687018 0.0125317761699 0.00879624316228 0.0036506419847 0.00981549633035 0.0307873671814 0.0255699787207 -0.027172306614 0.0385626651879 0.023813170296 0.0256311111277 0.0575784043739 0.0110702428354 0.0044314875618 0.00959777918798 0.0172380322526 0.0202463847948 0.0165322025007 0.000485744862851 0.000672753456035 0.0154339007478 
0.0126629750484 0.0247806664203 -0.0052041074999 0.0305786494359 0.00779033581611 0.0220134591992 0.0279323612435 -0.0229380395452 0.0113954953091 0.00716894615439 0.0116134925227 0.0340524424638 0.0281176791335 0.0115211251573 0.0249848092215 0.00602249180648 0.0213128087922 0.000628023553032 -0.00193981166875 -0.000406839548362 -0.00612859584714 0.0261342672366 -0.00930316602477 0.0529880877522 0.00514923869304 0.22885229163 0.00947352108427 0.0135997655606 0.019573507621 0.0313124531522 0.0232522281449 0.0188218232546 -0.000367400623694 0.0162287952113 0.0160023622554 0.0207696087747 0.0236387717908 0.00976937321901 0.0125764579964 0.00365280780413 0.0140912194951 0.0306180789262 0.00495160607588 0.0138731213025 -0.00690208682625 0.00953339948195 -0.0195427667617 -0.0094649824257 0.0430751582473 0.00904291134326 0.00383330871163 0.00719140633323 0.0426298432587 0.0206431508128 -0.00940067801207 0.0192015172614 0.0329617360501 0.00836124162616 0.0046991196662 0.00128797846143 
-0.00440636689033 0.0100054732175 0.0287272378446 0.0141806508039 0.0174963167461 0.00262668396032 0.0117521637381 0.0041227534989 0.0227126038066 0.0138786994975 0.0143129604648 0.0180525989129 0.00464645259298 0.0191561266351 0.0182812616863 0.0228286801218 0.0138836421697 0.00858826374291 0.0469764576091 -0.00406170453044 0.0317661020536 0.0337564139367 0.00442131552152 0.0251399044007 0.0188110323712 0.00947352108427 0.147751665432 0.00939139437385 0.0141428071693 0.025184700299 0.0303773066671 0.000462938772718 0.0127063187968 0.0286153680826 -0.000326292259842 0.0375663601544 0.0164600341987 0.0171685724595 0.00663130273119 0.0390312963658 0.0336280598395 0.0228684451289 0.0287970696632 0.0460613445254 0.0391395259502 -0.00586193204092 -0.00458529224521 0.0129006245364 0.0156029347463 0.0267424168904 0.0166829846445 0.0228538757531 0.0243275920473 -0.00836050110657 -0.0123396514681 0.0271691577454 -0.00571271597702 0.00605312655469 0.0233011574941 0.0160209520364 
0.00401928219857 0.00629936750155 -0.00643236117688 0.0106851185223 -0.000390940376765 0.0100981298603 -0.00448460117435 -0.0193393025436 0.00786286945723 0.0189030389829 -0.000855636149915 0.0224794307729 0.00101555374262 -0.00896204769125 0.0233159237706 0.0141334964062 0.026618253046 0.00408561136241 0.0183532530499 0.0128323937202 0.0139699383793 0.0113169903887 0.0261492381692 -0.00269897736846 0.0213931467226 0.0135997655606 0.00939139437385 0.144361877434 -0.00073497562962 0.0234223906271 0.00497126900799 0.0421749548385 0.00534423553719 0.0253621053187 0.0107841228457 0.0258502921283 0.00494354417743 -0.00229067096495 0.012186388685 0.0095199618042 0.0169045192064 0.00250336441099 0.000594903987745 0.00539058504836 0.00707168225164 0.0024524206822 0.0149470954126 0.0221739866055 0.0225418536935 0.0052014167064 0.0155429406844 0.0291564423499 0.0194240787069 0.00630515400974 0.018888000763 0.0124257214502 -0.0115880583628 0.0114396960593 0.00851006113179 0.0161269430617 
-0.00150661952509 0.00439281724828 -0.00856304145338 0.0182030533509 0.032962162612 0.0134926494783 -0.00635621713129 -0.0173219834264 -0.00240698933878 0.000847327142801 0.0133250372886 0.0187645984827 0.0180981739289 0.00120086552841 0.0194551388506 0.00796858895952 0.00368842211179 0.00884296401354 0.00377343312488 0.000860782286539 -0.00213205996441 0.0139607813548 0.00633977240127 0.0232913014169 0.0427993294585 0.019573507621 0.0141428071693 -0.000734975629619 0.271923723696 -0.00110727128347 -0.00386106998856 0.008907047286 0.0115926399458 6.28939941346e-05 -8.26066732767e-05 0.0243192957237 0.0148672210508 0.00235645057754 0.0136322562169 0.0134413827267 0.019896050059 0.0146614825029 -0.0068695943467 -2.80496417696e-05 0.0144604340414 0.0437189480251 -0.006031929697 0.00338699329514 -0.000891840980737 0.000525661788365 0.0424871758127 -0.00813971362471 -0.00764207739538 -0.0137248051161 0.0418791471084 0.0106877254901 -0.0265777550828 0.0102537116296 0.0203465914063 -0.0179506226721 
-0.0113554332271 0.0174900832558 0.0167065797957 0.00590666969723 0.0163772453965 0.0179341872036 -0.0107924832961 0.0453383533837 0.00806231218933 -0.000468309648702 0.0105606185848 0.014463325017 0.0168006026575 0.01751039168 0.0475656873332 0.00618006604804 0.000383741547196 0.00763323829579 0.0370497030482 0.0170282115002 0.0173468401781 0.0247558239926 0.00536517717847 -0.00265411596347 0.0468388134244 0.0313124531522 0.025184700299 0.0234223906271 -0.00110727128347 0.185811107211 0.0162372382586 0.0179969171112 0.0211070457021 0.0440520141997 0.006636356831 0.0423799156052 0.0186720943712 -0.00103590503618 0.0342652678645 0.00913777992336 0.0187225762217 0.0130508778063 0.0285284285617 0.0194554136388 0.0402658700808 0.0112314179628 0.000576549276141 0.00274746401827 0.0306138618225 0.00396261996062 0.0249902381148 0.0123622155565 0.00567323268217 0.00406275828232 -0.00041652438673 0.0179271340734 0.0190119755677 0.00356106729905 -0.00494919762348 0.0108392408163 
-0.0183656242681 0.0233050935531 0.0256856620718 0.0026720410423 -0.0110410736882 0.0188199728278 0.0081535148701 0.00332602432446 0.0207661929774 0.00542663253506 0.00722722098442 0.00480575983553 0.0258508176135 0.00257437501832 0.0218628967137 -0.00676427880802 0.0186071794561 0.0159389747972 0.0213383644142 0.0196292939648 0.0117888823156 0.0197271524216 0.00336908929649 0.00366603227899 0.021119751886 0.0232522281449 0.0303773066671 0.00497126900799 -0.00386106998856 0.0162372382586 0.147040234834 0.0197238040253 0.0145943897379 0.0224193034106 0.0164949876615 0.0180768324432 0.0262467447874 0.0320528034525 0.0234474139508 0.029221615565 0.0118552640564 0.0157908002439 0.0109541649432 0.0280704910509 0.0264027668554 -0.0153182401088 0.0397366951912 0.000470305162746 0.000514206856446 0.019463779959 0.00290681951061 0.0141655885766 0.0158078365531 -0.00704031056529 0.00897702553328 0.0267209828313 -0.00630179664686 0.00854576662652 -0.0109294518002 -0.00273637385602 
0.000858810052691 0.0193907802565 -0.00908294738708 0.0183582082899 0.0042517311332 -0.00796220872627 -0.00329917460989 -0.0221886487642 0.0219933621174 0.0134502594987 0.00157958595059 0.0328083286066 -0.00130403112823 0.0148968615291 0.0152076782839 0.01550022791 -6.14158698797e-05 0.0144226598186 0.018895330469 0.0173770772972 0.00732560380256 0.0166862534619 0.038316483322 0.01779123853 0.0398815233136 0.0188218232546 0.000462938772717 0.0421749548385 0.008907047286 0.0179969171112 0.0197238040253 0.21723045152 0.0118373423304 0.0182690057436 0.0223116751768 0.0202278820066 -0.00488256826779 0.00304162368942 0.0197228865149 0.00437563018723 0.00735418344247 -0.00257617206247 0.0056280020128 -0.0152133442939 0.01472842522 0.0211250063982 -0.00708629114555 0.0227839173096 0.005091500329 0.0349919717413 0.00742434047491 0.0202482438341 0.0080326498816 0.0163449273032 0.0243056418545 0.0103478070414 0.000389906924038 0.0215324986826 0.0274208467992 0.0239919329889 
0.0190968336146 0.038304089867 0.0199740142473 0.00144747762858 0.0040191901483 0.00122876263026 0.0026194578353 -0.0113339279942 0.0260948800716 0.0137341563778 0.0124273030698 0.0123738044329 0.0222275611072 0.0116274049943 0.0155633030999 0.0151780259039 0.0243147341308 0.0117852132688 0.00459455127648 0.02160644245 0.0156906224836 0.00183591078153 0.00597501336933 0.00462907688813 0.006095160866 -0.000367400623695 0.0127063187968 0.00534423553719 0.0115926399458 0.0211070457021 0.0145943897379 0.0118373423304 0.178649277083 0.0145008634901 0.00688032516507 0.0130659333867 0.0228363694871 0.0266042595375 -0.0113310962606 0.0089853112509 0.002372429793 0.008016376864 0.018562250534 0.0210873318042 0.031504196919 0.000863144674544 -0.017809103008 0.0197912484172 -0.00344437752991 0.0233178069607 0.0497309601575 -0.00144908411559 -0.000948874489273 0.0106475293704 0.0138759146683 0.00515271283445 0.00924102138371 0.0170488627526 0.0147815558171 -0.00744117396286 
-0.0108105063284 0.0294889283315 0.00119924010576 0.0220279088495 0.0215929555137 0.0305160303954 0.0196387951463 -0.00701007320483 0.0119175108889 0.0243445438519 0.0224529194247 0.0111849039908 0.0135350338037 0.024207176839 0.0328034616079 0.0157314419864 0.00950622604299 -0.0107567049463 0.0247867975281 0.0378555094064 0.0273819847663 0.0324530012648 0.0139774371133 0.0245165417662 0.0283763569285 0.0162287952113 0.0286153680826 0.0253621053187 6.28939941344e-05 0.0440520141997 0.0224193034106 0.0182690057436 0.0145008634901 0.195107380788 0.00346486532433 0.0255817490634 0.0101665188464 0.0188129116363 0.0245260003639 0.00130496187902 0.0267492224793 0.0268108478852 0.0194971155187 0.0206690963749 0.0211299538037 0.00709188803532 -0.00948511781167 0.0289544581464 0.03146773942 0.0430354725122 0.0613450844131 0.0248408513378 0.0239867423576 0.0162615067281 0.0248361900808 0.0424696098192 0.010190155948 0.00134948191599 0.0129786120748 0.0351681216048 
0.00715332686257 0.00143354170831 -0.000640120996615 -0.00652114980014 0.00412085454242 0.000240345066348 0.00233894618881 -0.0162996879079 0.0211810119388 0.00547505718694 0.0270930982653 0.0132134166794 0.0191322390377 0.0110350066803 0.00796644688877 -0.0079668237536 0.0189347228406 -0.0184765803806 0.00495086087443 0.00641554873999 0.00110421518608 -0.00515193430531 -0.0130610684122 0.0187467883647 0.00565071906413 0.0160023622554 -0.000326292259841 0.0107841228457 -8.26066732766e-05 0.006636356831 0.0164949876615 0.0223116751768 0.00688032516507 0.00346486532433 0.163980049803 0.0159616146935 0.00422809402102 -0.00282989917069 0.0130914250352 -0.00712679284804 -0.0171274939065 0.00688526828711 -0.0148178442585 0.00492739522678 0.0253776581275 0.00511055854539 0.0450667387977 0.00212298528372 0.010896962685 0.0109329688686 -0.00362952489687 0.00858674948378 0.00761749010829 0.016704793107 0.0161624401536 0.0159157017448 0.00132872930301 -0.00215585480009 0.0113124477813 0.0047791103235 
-0.00263988541588 0.0309989491806 0.0261597820238 0.0288945974712 -0.00376279219823 0.0170616073996 0.00516843130196 0.00417108418288 0.00945057347901 -0.00011838407407 0.0317256306717 0.010041532223 0.016490096048 0.021146370634 0.0371715618859 0.0185454437606 0.0122695925464 0.0232774708715 0.0197632119111 0.0278518819122 0.0230969675521 0.00589053004751 0.00490508492148 0.0227503477497 0.00139241697652 0.0207696087747 0.0375663601544 0.0258502921283 0.0243192957237 0.0423799156052 0.0180768324432 0.0202278820066 0.0130659333867 0.0255817490634 0.0159616146935 0.169117199975 0.0186014603001 0.000591683646552 0.00745676364853 0.0313711986213 0.0306512804261 0.0152102318379 0.0103024351692 0.0187848778271 0.0305310048643 0.00487587328594 0.00337269974094 0.00270854688142 0.0211981277024 0.00815352252809 0.0148574987656 0.0173550667527 0.018886247412 0.00634689685897 -0.0174850285005 0.0406202826752 0.0104871385435 0.0186020064567 0.0148820100384 0.00758447392119 
-0.0165472125154 0.0111419046681 0.0227700757516 0.0698117732529 0.0113518014458 0.0215972947101 0.0432065946451 0.0138040197527 0.0429994400385 0.0016166059312 0.0209987826404 0.0186365752784 0.0442212898578 0.0241255183313 0.039470199237 0.0213924739037 -0.0123976237376 0.00915292034366 0.0169268545152 -0.00962081896148 0.0195212471259 0.0356235074172 0.0171592562739 0.00823974337879 0.00904046944599 0.0236387717908 0.0164600341987 0.00494354417743 0.0148672210508 0.0186720943712 0.0262467447874 -0.00488256826779 0.0228363694871 0.0101665188464 0.00422809402102 0.0186014603001 0.274263149675 0.00844717996252 0.00687128622051 0.0391579714595 0.0499083732035 0.00530321408105 0.0319617751233 0.0588072132089 0.00267222739903 -0.00548597530374 -0.0181610687185 0.00437390161989 0.0408003277369 0.0153437012183 0.0600838239257 0.0297502365446 0.0202502004152 -0.0018209348681 -1.87724187742e-05 0.0278809172696 0.00771697831579 0.0164158632467 0.00442971735166 -0.00975907551029 
-4.51229566359e-05 0.0608674853128 0.00797781259512 0.00545719855272 0.00634520794779 0.0184181037114 0.0192708697674 -0.0107440254749 0.00962223544424 0.0350817038807 0.0493195344727 0.00277595542114 0.0186159036576 0.0206615164974 0.00882741290249 -0.000873264244474 0.0038951025185 0.0136788801766 0.00195035471511 0.00551071396627 0.0201139073212 -0.0191255225585 0.038689346333 -0.0159870068555 0.0269874850908 0.00976937321901 0.0171685724595 -0.00229067096495 0.00235645057754 -0.00103590503618 0.0320528034525 0.00304162368943 0.0266042595375 0.0188129116363 -0.00282989917069 0.000591683646552 0.00844717996252 0.1927642198 0.038211484512 0.00231788265044 -0.00546121583113 0.0198713455417 0.0223864627538 0.0115156333388 0.0163029251592 -0.00671342185148 -0.0160722366606 0.0111691533176 0.0112893952029 0.014872600786 0.040081881798 0.0197256465849 0.0158036345155 0.0345854128337 -0.00117164613245 0.0358961613389 0.0423853365638 0.00782011281479 -0.0164756163492 0.00910288521071 
0.0352578433381 0.0551737886312 0.00137026662088 0.024997451932 0.00762111892845 -0.0128711269172 0.0159812058062 -0.030773774057 0.00074084704999 0.0072852515562 0.0313711236905 0.00252108258887 0.0226518477206 0.0220213787934 0.0125079450374 -0.00494766948036 0.0144488283895 0.0173960639564 0.0071223478566 -0.0156054308484 0.00777960293107 -0.00487621293682 0.00928796002795 0.00561318219253 -0.0143690678109 0.0125764579964 0.00663130273119 0.012186388685 0.0136322562169 0.0342652678645 0.0234474139508 0.0197228865149 -0.0113310962606 0.0245260003639 0.0130914250352 0.00745676364853 0.00687128622051 0.038211484512 0.828163597171 0.0132490329137 -0.00170021869168 -0.02261315131 -0.00786439296599 0.0310971524915 0.021820314254 0.0238055402791 0.0135469305474 0.0229942736081 0.0326837135919 0.00130161271636 -0.00797537802694 0.011123267343 0.0312614094272 -0.00806023579636 0.050475551715 0.00338714674261 0.0752909252553 0.0279658671454 0.12190389111 0.00870886393612 
