50
0.00640420781163 0.0189508527873 0.0283464571838 0.0657027666716 -0.0014382556632 0.0842142990337 0.126514999345 0.0695206157777 0.0431194173031 0.102922334335 0.082081594572 0.0904248988876 0.0169596300077 0.0335790413719 0.0466490289559 0.0315903614714 0.165275344352 0.109959402945 0.0176756211385 0.0558285331973 0.0166595463284 -0.00662659235152 0.0415957971797 0.0324129219316 0.105904751354 0.00326137985962 0.046041615311 0.134581744136 0.0300764430792 0.39235550597 0.11775000089 0.0485945029431 0.168192385625 0.0142076594304 0.170228010564 0.0321720089654 0.070995024039 0.0407864154506 0.0524718958424 0.143358946574 0.126841392599 0.0160420823192 0.0345230729479 0.134360436546 0.0216083944488 0.10431458653 0.0493870590102 0.073470583658 -0.00773505516991 0.00388664565626 
0.159079408694 0.0043640821257 0.0155824325334 0.00911825799687 0.0244883520627 -0.00536611041532 0.0448158663419 0.0310401287591 0.0160635435673 0.0169486660463 0.0254524288939 0.0596401137581 0.0495661340608 0.0151574551158 -0.00462943493386 0.0237344383439 0.00206855716559 0.0206340470233 0.0240138574852 0.00840331558811 0.0168609729406 0.0266556265928 0.0145639527635 0.00678477237777 0.0114247226572 0.00465263855361 0.0103742255651 0.00814662329559 0.0145147000547 -0.00716706581952 0.0190345456237 0.0168335802827 0.0070331326041 0.00663005442456 0.0327046268501 0.0129216822558 0.0199542815903 0.0100656714805 0.00530297371385 0.0369689012691 0.0464484948494 0.017379665561 0.0311003956202 0.0478665719791 0.0133325515237 0.0192146042425 0.0233352286853 0.0267015591435 0.0324006482465 0.0185626749741 
0.0043640821257 0.386984100227 0.00869699230949 0.0198410028588 -0.00172733739017 0.0198188616758 0.033452942574 0.0143737447638 0.0121735839367 -0.0144073458789 0.027248210783 -0.000294427902678 -0.0080861808744 0.0129814544421 0.0111060128918 0.001347025414 -0.00681385995486 0.0391174975203 0.0228475026184 -0.0121916992576 0.00206322319507 0.00820093382704 0.018610365605 -0.000227257159433 0.00467698392317 -0.00300643989342 -0.00326210906786 0.0481490626004 -0.0119996625709 0.07644181108 0.0018816940515 -0.00161109264031 0.000304207805103 0.00516364632751 0.00714983355049 0.00926173135524 -0.0109559841 0.0233325171356 0.0175287401532 0.0358929010345 -0.0200974449098 0.00378591004008 0.0039271187796 -0.0125734724597 0.0230508525094 0.008594526744 -0.0229115929501 0.0122644235171 0.00124883422892 0.00562773034286 
0.0155824325334 0.00869699230949 0.177487361521 0.00844268526814 -0.00655047356416 -0.000730949263715 0.0248382119671 0.00551339448046 0.0183487175853 0.0111553469659 0.0266013304395 -0.00898366752536 0.0102209143769 0.0112714370559 0.0231527000737 0.0156912899585 -0.0226210567997 0.000159616711443 0.019645098493 0.025001419667 0.0240695018119 0.0133511977378 0.0371472233902 0.0078395756046 0.01293085093 0.0254401666489 0.0155952104947 0.0153114795627 0.0431102560758 0.0192836354888 0.0265685699239 0.0186969778196 -0.0130122871205 0.0152078655135 0.0225496936333 0.0111531168684 0.00749345275314 0.0264258873438 0.00644855809346 0.00119089841845 -0.00483756906133 0.0100552792371 0.0039816140184 0.0120449662628 0.00629387693748 0.0160525568643 0.00434228271088 0.0207848062054 0.00517955793771 0.0159733913862 
0.00911825799687 0.0198410028588 0.00844268526814 0.174897243826 0.00445101756158 0.005028778568 0.00298596147343 0.0162300857563 0.0113832130755 0.00373375824364 0.0109880273177 -0.000274074704408 0.00415835483928 0.0238623453466 0.0148976623146 0.0203515407587 0.0107133651937 -0.00181354966403 0.0229125024711 0.00202403023789 0.00873202070416 0.0195026080005 0.00464624164555 0.0154754578051 0.000529015211243 0.0169480575472 0.0168836305473 0.00716790114823 0.0123583148695 0.0230835906046 0.0667355000548 0.0175681009224 0.00800694789969 0.00372123059044 0.0321496487672 0.0200472154272 0.00828558627957 0.0123658991824 0.0435969825173 0.00696329188819 0.0300644816658 0.024668008139 0.0244223916727 -0.0125892463108 0.00685834002483 0.0355583963559 -0.00418510384644 0.0317981613785 0.00794378795547 0.0061283706923 
0.0244883520627 -0.00172733739017 -0.00655047356416 0.00445101756158 0.216037580315 0.0224014256974 0.0249459684751 -0.0182459026105 0.00740275316367 0.040390497848 -0.00248693105731 -0.00270536510662 0.0174220734858 0.0151197232995 -0.00291594702447 0.00598065469581 -0.0235116155696 0.0319076641857 0.0169077653496 0.00774943167068 0.000488824046959 0.0191022147223 0.0264173981958 0.0152041725095 0.0133643226665 -0.00592369684053 -0.000652675746169 0.0104179033054 0.010596236765 -0.0116971514158 -0.00715678654034 0.00532504281467 0.00601312867469 0.0128546741815 0.0191786480134 0.0130166544191 0.000916247187209 0.00922859654263 0.0178052233245 -0.0019260992761 0.0154297940521 -0.0108735674948 -0.00201284016306 0.00596058487224 0.00137083462095 0.00992166889056 0.000536812356934 -0.010435851596 0.0220633121376 0.023366260015 
-0.00536611041532 0.0198188616758 -0.000730949263715 0.005028778568 0.0224014256974 0.525065791146 0.00624924575999 -0.00206646326456 -0.0124464096012 0.00263701949633 0.0338560008359 0.0400527153357 0.00989204451441 0.0280356295148 0.00828338276354 0.012171590791 -0.0259432334864 0.0418659369552 0.0215699529271 0.0251419660263 0.0205649179258 0.00415068866039 0.0352596723859 0.00222797554378 0.0639975224523 0.0294164569925 0.00800533897679 0.040320609088 -0.0109779183461 -0.00196308894446 -0.0382164735265 0.011939877428 0.0245961251958 0.0030743372458 0.0419558953142 0.0130145619136 0.0032650571186 0.0151972890268 0.00828378747893 -0.00458513325162 0.0576184148665 0.00772285903121 0.00258968903152 0.00251442995742 0.00138948356395 0.0248046932218 0.01989620258 0.0325985312957 0.00446639273862 0.0170808506715 
0.0448158663419 0.033452942574 0.0248382119671 0.00298596147343 0.0249459684751 0.00624924575999 0.245841394299 0.0125568025582 0.0150892273735 0.0110785010103 0.0282890025353 0.0540218430692 0.0380684828958 0.0118320159295 0.00903698002892 0.0152516166488 -0.00927099841932 0.0114984656063 -0.0042610250209 0.00191147732466 0.0102578183129 0.036072235934 0.00838084367117 0.00949484608498 0.00562667563433 0.00928018041976 0.0196256889217 -0.0111100472484 0.0170884156467 0.00908518229959 0.0619882948709 0.00924509984163 0.00363831191733 0.00357090685023 0.0302643408769 0.0215100543078 0.0178435322876 0.0236996422968 0.00879477254004 0.0147956726776 0.00239065132859 0.00902055562881 0.00143079290418 0.0573681842787 -0.00143781365739 -0.0018720548502 0.0146069148651 0.0670150062853 0.0442038595083 0.0515619519702 
0.0310401287591 0.0143737447638 0.00551339448046 0.0162300857563 -0.0182459026105 -0.00206646326456 0.0125568025582 0.803466626209 0.00282201483116 0.0190547330989 0.0080904279279 -0.0183095674772 0.0217325977583 0.00662805113385 -0.00431781373758 0.0189501739096 0.00267697213364 -0.00143719230226 -0.0304026793061 -0.00734736258713 0.00173860657742 -0.000743653756141 0.0315536393559 0.0170334930209 0.017869023836 0.0298500245695 0.00465499874765 0.00388711431943 0.0344296967793 0.00436609385212 -0.0370442439344 0.00248373617703 -0.00984054542655 0.00115927276659 0.0350149589249 0.016160071702 0.0051735817225 -0.0122099800485 0.00545654643471 -0.00501777795718 0.0130181728458 0.0199686606283 0.000790814777615 -0.020303931247 -0.00121694465876 0.016755310528 -0.000606256058654 0.000433760935175 0.0367483919299 0.0416509631912 
0.0160635435673 0.0121735839367 0.0183487175853 0.0113832130755 0.00740275316367 -0.0124464096012 0.0150892273735 0.00282201483116 0.171050818963 0.0272502140567 0.0332418343267 0.0205058953522 0.00479178679749 -0.00833728994941 0.0113831926153 0.0107999084771 0.00051285561688 0.013085686241 0.0200319753784 0.0221674132413 0.000693856550194 0.0180149590341 0.0254501428365 0.00290217470579 0.0136157862507 0.0188030623502 0.0181095187269 0.0232778799897 0.0103724981614 0.00227416199308 0.0102129214654 0.0179172531867 0.0329904327848 0.00586746797393 0.0014604471901 0.0115187332587 0.0269140144329 0.0297061702617 0.0108366621061 0.0140795486929 0.0116126141531 0.00828337322485 0.0073265247092 0.00558046885721 -0.00198914019763 0.0564940912044 0.00339072281006 -0.00341672262172 0.0131163038862 0.00756723045262 
0.0169486660463 -0.0144073458789 0.0111553469659 0.00373375824364 0.040390497848 0.00263701949634 0.0110785010103 0.0190547330989 0.0272502140567 0.343670681237 0.018564607151 -0.00218166354886 -0.00796534520239 0.0377846959144 0.0248168281735 0.0179873583111 -0.0341256109005 0.0164630004099 -0.00438182970521 0.0813009355265 0.0230040532323 0.00576737087507 0.0237988041225 0.0305456603404 -0.00724468271334 -7.38212584592e-05 0.0098118565295 0.0657211150235 0.00182697596102 -0.0113840500607 0.0683411879023 0.0189896212135 0.0093244233295 0.00569018008549 0.0811739066479 0.0215532531246 0.0325816812048 -0.00543160928566 0.00857416888837 -0.0070459257801 0.00323270555358 0.011293857515 0.00951226939658 0.0159686442526 0.00251314002695 0.0235800783072 0.0173288957377 0.00355960678904 0.00264860718659 0.0239549250254 
0.0254524288939 0.027248210783 0.0266013304395 0.0109880273177 -0.00248693105731 0.0338560008359 0.0282890025353 0.0080904279279 0.0332418343267 0.018564607151 0.259775141844 0.0509039451027 0.0210181250766 0.0160267695901 0.0172833568142 0.0200689185993 0.00940972656248 0.0297285531311 0.012514188397 0.0303291797908 0.0187345280542 0.0155442148607 0.0463079541066 0.00238537250322 0.0217430862831 0.0102256484901 0.0248755542662 0.0143009655918 -0.00213951026449 0.0140178152418 0.0294890202696 0.00192742937752 0.0492678449434 0.00526974600927 0.026670289887 0.0153650834568 0.0457929167347 0.0313076216538 0.00550711664762 0.049839142964 -0.00317495215715 0.0164464381599 0.0188138324591 0.0176731276109 -0.010278591338 0.0212722682042 0.0251714421515 0.0557930697308 0.0221432158394 0.0242676183415 
0.0596401137581 -0.000294427902678 -0.00898366752536 -0.000274074704408 -0.00270536510662 0.0400527153357 0.0540218430692 -0.0183095674772 0.0205058953522 -0.00218166354886 0.0509039451027 0.359653741856 0.0336212799122 -0.00625777285468 -0.0186395331775 0.0156159421183 -0.0230585892572 0.0235077909625 0.0172823745621 -0.0246330164468 0.0329789959163 0.0432159568602 0.00385649717842 0.0118780851304 -0.00441907063295 -0.000159652455533 0.0250806428615 -0.0269400554007 -0.00567122828119 -0.0158807769481 0.0634742943745 -0.00181838456004 -0.00551981669981 -0.0103399061964 0.0104422443753 0.000697742830931 0.0520859451555 0.00914345942294 -0.0176500655674 0.0466087174987 0.0116845158284 0.00988576030003 0.0277622662133 0.0621277665143 -0.0120859379873 0.000705435969029 0.0221663469625 0.0974094369637 0.00966072854243 0.0263348212078 
0.0495661340608 -0.0080861808744 0.0102209143769 0.00415835483928 0.0174220734858 0.00989204451441 0.0380684828958 0.0217325977583 0.00479178679749 -0.00796534520239 0.0210181250766 0.0336212799122 0.189081639849 0.00501802884764 0.0199755140551 0.0409979080901 0.0131737811044 0.0395294664537 0.0164279727874 0.0173671399924 0.0343370034666 0.0309429307605 0.0233060950672 0.00247698331279 0.0147104285508 0.00243442956546 0.0259286201184 -0.00366240607774 0.00908424337653 0.015154048739 0.0493730042221 0.031108408692 0.0028446021289 0.0120926417764 0.0110401862757 0.0126382667104 0.0152483158984 0.0164606907352 0.000263200576308 0.030181543767 0.00859788725382 0.038281334167 0.0111302846388 0.0248647967987 0.00642057935127 -0.00256290319408 0.020304383955 0.0448726566129 0.0420834335364 0.0131093140458 
0.0151574551158 0.0129814544421 0.0112714370559 0.0238623453466 0.0151197232995 0.0280356295148 0.0118320159295 0.00662805113385 -0.00833728994941 0.0377846959144 0.0160267695901 -0.00625777285468 0.00501802884764 0.238999372247 -0.000207383202813 0.00769855493489 -0.00682690195657 0.00695100764236 -0.000948881346286 0.0160372309152 0.00524867286143 0.0126611542328 0.0087491357549 0.0147397503212 -0.00842658583389 0.0232708956296 0.0165295029269 0.0154255126962 0.0148694183281 0.000726586788558 0.0117370798921 0.00647709166566 -0.0297422415945 0.0186056480581 0.0320106754632 0.00912023019177 0.0352628687528 0.0108849486504 0.0334934036677 0.0213667536071 -0.00264436212497 0.00987611057964 0.0035039092459 -0.00669819825749 0.0108243265039 0.0142725383974 0.000562714461457 0.0103809133755 -0.000121593595516 0.0121658658414 
-0.00462943493386 0.0111060128918 0.0231527000737 0.0148976623146 -0.00291594702447 0.00828338276353 0.00903698002892 -0.00431781373758 0.0113831926153 0.0248168281735 0.0172833568142 -0.0186395331775 0.0199755140551 -0.000207383202812 0.223629901353 0.0178497776162 0.028246542093 0.00982427704417 0.0318385507025 0.0314404381921 0.0197337502541 -0.0029683943913 0.0262583731572 0.00961317685887 0.00688820109154 -0.0022440728936 0.0225873731614 0.0327938004469 0.0378024106799 -0.00745431129514 0.0156298399541 0.0234695194935 0.0336699073745 -0.00659118060238 -0.00355223717443 0.00949317603002 0.00429369319139 0.0420580145972 0.0155440256786 0.0129621057701 0.0120615488928 0.0161078874976 -0.0236959782989 0.00587481039428 0.0193624239927 0.045740521129 0.0101367609883 -0.00225461428158 -0.00670629296093 -0.00613093417649 
0.0237344383439 0.001347025414 0.0156912899585 0.0203515407587 0.00598065469581 0.012171590791 0.0152516166488 0.0189501739096 0.0107999084771 0.0179873583111 0.0200689185993 0.0156159421183 0.0409979080901 0.00769855493489 0.0178497776162 0.152611446164 -0.00487195545268 0.0371724726597 0.0145559987628 0.0172952338035 0.0267061433407 0.0155753830475 0.0285118703788 0.00489933705974 0.0215229814312 0.0187769872955 0.016048836815 0.0162834178734 0.0315463136778 0.0107432104415 0.0420810753671 0.029811612567 -0.00135896248523 0.0164102939526 0.0265479537891 0.00457074985712 0.0279316830229 0.0298121927493 0.0120986856542 0.0172003300516 0.00270642778052 0.0259567161837 0.0186366593049 0.0297889527719 0.0227029392888 0.00229863469721 0.0212806958877 0.0224050476692 0.0221235714284 0.0263013418217 
0.00206855716559 -0.00681385995486 -0.0226210567997 0.0107133651937 -0.0235116155696 -0.0259432334864 -0.00927099841932 0.00267697213364 0.00051285561688 -0.0341256109005 0.00940972656248 -0.0230585892572 0.0131737811044 -0.00682690195657 0.028246542093 -0.00487195545268 1.36433188688 0.0120453185964 0.00266039444709 -0.0142955279157 -0.0139364860443 -0.00279483852837 -0.0114072300261 -0.0217633824431 0.00597532369472 0.00626824860754 0.0133593729288 -0.0342916127968 0.00470688234457 0.019810946937 -0.0289031540763 0.00877201182359 0.0590733058127 0.0317970476092 0.153870222461 0.0140624427974 -0.00444768695958 0.0150591319171 0.00508385921358 -0.00814492248223 0.00352378509889 0.0106338276401 0.000722239131091 -0.00410518730068 0.0239832911542 0.00313779026117 -0.0106389688541 -0.00985535598292 -0.00201076980783 -0.00674973357958 
0.0206340470233 0.0391174975203 0.000159616711443 -0.00181354966403 0.0319076641857 0.0418659369552 0.0114984656063 -0.00143719230226 0.013085686241 0.0164630004099 0.0297285531311 0.0235077909625 0.0395294664537 0.00695100764236 0.00982427704417 0.0371724726597 0.0120453185964 0.393290415736 0.0130911281144 0.0505013308114 0.0520727666568 0.0193342905142 0.0294216622063 0.00487509087742 0.0493103488088 -0.00858777312046 0.0323734221005 0.0056254686815 0.0330226298956 0.0276210625176 0.025544998935 0.0220934446544 0.0202397816607 0.0212938014801 0.0290944564728 0.0313543093036 -0.00845583874852 0.0317163293195 0.00347872441189 0.0217823920186 0.00227296034281 0.0360591012761 0.0283239375008 -0.00015543788421 0.053450570235 0.0708055786254 0.0144514555491 0.0251461191074 0.0122967206076 0.0121239687395 
0.0240138574852 0.0228475026184 0.019645098493 0.0229125024711 0.0169077653496 0.0215699529271 -0.0042610250209 -0.0304026793061 0.0200319753784 -0.00438182970521 0.012514188397 0.0172823745621 0.0164279727874 -0.000948881346287 0.0318385507025 0.0145559987628 0.00266039444709 0.0130911281144 0.172980739842 0.011029247386 0.00592246625208 0.0211307156059 0.0386862960488 0.000251167587664 0.000544621393801 0.00902757014425 0.014342594926 0.0337599109219 0.00206624123801 0.0326135234081 0.0221488039727 0.0176490545554 0.0174461262135 0.0171983108197 -0.0228724144875 0.010929815633 -0.0130326136913 0.0260206899367 0.0128065232401 0.0194032580612 -0.00299431492455 0.0262421339959 0.00425985607366 -0.000363564988544 0.0157560305815 0.0354588558207 0.0116365706816 0.0182453328479 0.0077606535764 -0.00574372332705 
0.00840331558811 -0.0121916992576 0.025001419667 0.00202403023789 0.00774943167068 0.0251419660263 0.00191147732466 -0.00734736258713 0.0221674132413 0.0813009355265 0.0303291797908 -0.0246330164468 0.0173671399924 0.0160372309152 0.0314404381921 0.0172952338035 -0.0142955279157 0.0505013308114 0.011029247386 0.278218595186 0.0181104581348 0.0211048298545 0.0345551762307 0.0164493364465 0.0131936257805 0.0236347082494 0.0424280763839 0.0591967285307 -0.00418023290017 -0.0256349096202 0.0698890227783 0.0234599987581 -0.0142771907498 -0.0004171582627 0.00973275813473 0.0322642139972 0.0298286932036 0.0261555191817 0.00351631167037 0.0108943139532 -0.0111339588982 0.0454533118129 0.0280328389069 -0.016731477838 0.0225423219062 0.049177944123 0.0309349376289 0.0058979295253 0.0093230524299 0.00341731120631 
0.0168609729406 0.00206322319507 0.0240695018119 0.00873202070416 0.000488824046958 0.0205649179258 0.0102578183129 0.00173860657742 0.000693856550194 0.0230040532323 0.0187345280542 0.0329789959163 0.0343370034666 0.00524867286143 0.0197337502541 0.0267061433407 -0.0139364860443 0.0520727666568 0.00592246625208 0.0181104581348 0.202447240852 0.0249789351189 0.0160211199302 -0.00609003962044 0.00726694588291 0.0103206952255 0.00749488414968 0.0152001167622 0.00221200292729 0.0542603176688 0.0259047533871 0.00878431456546 0.00981396660102 0.00186043867891 0.00900958569284 0.0306594038775 0.00708408263147 0.018331605171 0.00978569149746 0.00113647933321 0.00822916606213 0.0286412069449 0.0122255251118 0.0159293737807 -0.00162000039297 -0.00845402172072 0.0177772947803 0.0395842784048 0.0132039739533 0.0295234348927 
0.0266556265928 0.00820093382704 0.0133511977378 0.0195026080005 0.0191022147223 0.00415068866039 0.036072235934 -0.000743653756141 0.0180149590341 0.00576737087507 0.0155442148607 0.0432159568602 0.0309429307605 0.0126611542328 -0.0029683943913 0.0155753830475 -0.00279483852837 0.0193342905142 0.021130715606 0.0211048298545 0.0249789351189 0.159079816618 0.0189752752484 -1.7669193361e-05 0.0218910729291 0.00798967617666 0.0150107272643 -0.00986039782144 -0.00455622042553 -0.00464111817184 0.0316269477072 0.00793555203963 0.0048738161509 0.00277189728243 0.0215819330019 0.0127802431093 0.0154633460175 0.0231111014804 0.0238326252192 0.0103913105271 0.0221437293474 0.0202063286111 0.0186856222562 0.0154572116904 0.00900284662726 0.0114571603482 0.0175359828177 0.0212940529795 0.0440142474998 0.0349636441646 
0.0145639527635 0.018610365605 0.0371472233902 0.00464624164555 0.0264173981958 0.0352596723859 0.00838084367117 0.0315536393559 0.0254501428365 0.0237988041225 0.0463079541066 0.00385649717842 0.0233060950672 0.0087491357549 0.0262583731572 0.0285118703788 -0.0114072300261 0.0294216622063 0.0386862960488 0.0345551762307 0.0160211199302 0.0189752752484 0.234218417625 -0.00927479846886 0.0176921088568 0.018219668931 0.0174023670889 0.017709138664 0.0135209932861 0.0264458278855 0.0153902518832 0.0176800909711 0.0476676484133 0.021533324361 0.0307395184556 0.0378673615745 0.0084939668833 0.0305750412806 0.0149274687067 0.0102948634428 0.0188280335118 0.0230497704253 0.0164508964634 0.00882763592152 0.0122293963247 -0.00123994016699 0.025211459724 0.0369383647386 0.0022985036268 -0.0139024292901 
0.00678477237777 -0.000227257159433 0.0078395756046 0.0154754578051 0.0152041725095 0.00222797554378 0.00949484608498 0.0170334930209 0.00290217470579 0.0305456603404 0.00238537250322 0.0118780851304 0.00247698331279 0.0147397503212 0.00961317685887 0.00489933705974 -0.0217633824431 0.00487509087742 0.000251167587664 0.0164493364465 -0.00609003962044 -1.76691933614e-05 -0.00927479846886 0.284229154915 0.0243716071795 0.00735634277918 0.0254240318361 0.0291039000932 0.012828777915 0.00505273297627 0.020651590901 0.0186018767909 0.00010582003213 0.00802444148929 -0.00266563481766 0.00875540950778 0.0188149032422 0.0165333238843 0.0122452491333 -0.0149953639972 0.0286903018547 0.00878837180379 0.0224416433073 -0.0226026540302 -0.00288065836177 0.00358152809672 -0.00523778323127 -0.00715198687138 0.00270460295832 0.00445329461704 
0.0114247226572 0.00467698392317 0.01293085093 0.000529015211245 0.0133643226665 0.0639975224523 0.00562667563433 0.017869023836 0.0136157862507 -0.00724468271333 0.0217430862831 -0.00441907063295 0.0147104285508 -0.00842658583389 0.00688820109154 0.0215229814312 0.00597532369472 0.0493103488088 0.0005446213938 0.0131936257805 0.00726694588291 0.0218910729291 0.0176921088568 0.0243716071795 0.40286636836 0.0350471236168 0.00963746821447 0.0208357797971 0.00355025133453 0.0230744642764 0.0296199481551 0.0279421030713 0.00585473411831 -0.00532551025268 -0.00558701015592 0.0138336497834 0.0309675000851 0.0194175925662 0.0194573765124 0.0112531815171 0.0205011152038 0.0263521540449 0.0241561765309 0.109918403601 0.0168347773082 0.0207793174627 0.0145836625441 0.00109186851444 0.00505802617508 0.0218885571233 
0.00465263855362 -0.00300643989342 0.0254401666489 0.0169480575471 -0.00592369684052 0.0294164569925 0.00928018041976 0.0298500245695 0.0188030623502 -7.38212584593e-05 0.0102256484901 -0.000159652455534 0.00243442956547 0.0232708956296 -0.0022440728936 0.0187769872955 0.00626824860754 -0.00858777312046 0.00902757014425 0.0236347082494 0.0103206952255 0.00798967617666 0.018219668931 0.00735634277918 0.0350471236168 0.157694496331 0.0272773882228 0.0170706453467 0.0109566216049 0.016655846443 0.0340697580186 0.0139298595999 -0.00511772735287 0.000670457537614 0.00921773449183 0.00917875272889 0.0105302339358 0.00811779694252 -0.00162985172217 -0.00249915435194 0.0039712051023 0.0250176621335 0.00238609796753 0.0237642838066 0.00409775377742 0.00328752937594 0.000822155555853 0.00901601704695 0.0040224134887 0.014293112794 
0.0103742255651 -0.00326210906786 0.0155952104947 0.0168836305473 -0.000652675746168 0.00800533897679 0.0196256889217 0.00465499874765 0.0181095187269 0.0098118565295 0.0248755542662 0.0250806428615 0.0259286201184 0.0165295029269 0.0225873731614 0.016048836815 0.0133593729288 0.0323734221005 0.014342594926 0.0424280763839 0.00749488414968 0.0150107272643 0.0174023670889 0.025424031836 0.00963746821447 0.0272773882228 0.263413282507 0.02936174886 0.0141748694503 0.0268651962697 0.0121239599211 0.0276561798481 0.00588922971245 0.00173954182768 0.024940887965 0.00967814716682 0.142973511625 0.00773460287507 0.0188954759064 0.00891044002711 0.0165829603763 0.0575117711683 0.0120519704122 0.0228939151012 0.0404037670532 0.0280311218406 0.00879661080632 0.00288456291036 0.0106684559294 0.0223208100098 
0.00814662329559 0.0481490626004 0.0153114795627 0.00716790114823 0.0104179033054 0.040320609088 -0.0111100472484 0.00388711431943 0.0232778799898 0.0657211150235 0.0143009655918 -0.0269400554007 -0.00366240607773 0.0154255126962 0.0327938004469 0.0162834178734 -0.0342916127968 0.0056254686815 0.0337599109219 0.0591967285307 0.0152001167622 -0.00986039782144 0.017709138664 0.0291039000932 0.0208357797971 0.0170706453467 0.02936174886 0.372881683729 0.0224774332411 -0.00790929141843 0.0493771449842 0.0177047854045 -0.00413977275276 0.00985049742723 0.0281297465228 0.0164388453149 0.0429527907384 0.0398632482943 0.0106969389134 0.00653133333168 -0.0204178004562 0.0169790882881 0.00395619811472 -0.0184803864416 0.0237584916924 0.0261488910585 0.0249606722608 0.0147337121119 -0.00726044787926 -0.00303082224397 
0.0145147000547 -0.0119996625709 0.0431102560758 0.0123583148695 0.010596236765 -0.0109779183461 0.0170884156467 0.0344296967793 0.0103724981614 0.00182697596102 -0.00213951026449 -0.00567122828119 0.00908424337653 0.0148694183281 0.0378024106799 0.0315463136778 0.00470688234457 0.0330226298956 0.002066241238 -0.00418023290017 0.00221200292729 -0.00455622042553 0.0135209932861 0.012828777915 0.00355025133453 0.0109566216049 0.0141748694503 0.0224774332411 0.365017322798 0.0175271867963 0.0290198346458 0.0133413434751 0.002111383604 0.00667396543633 0.0100392168287 0.0184577907077 0.0304427446614 0.0269292099866 0.0410115214289 0.00236283331123 0.0335183479201 0.0260459193406 -0.00559387376201 0.0137501616439 0.0250825303153 0.0413664748351 0.0166254701377 0.00742817496978 0.00712701098624 0.00145457631956 
-0.00716706581952 0.07644181108 0.0192836354888 0.0230835906046 -0.0116971514158 -0.00196308894446 0.00908518229959 0.00436609385212 0.00227416199308 -0.0113840500607 0.0140178152418 -0.0158807769481 0.015154048739 0.000726586788558 -0.00745431129514 0.0107432104415 0.019810946937 0.0276210625176 0.0326135234081 -0.0256349096202 0.0542603176688 -0.00464111817184 0.0264458278855 0.00505273297627 0.0230744642764 0.016655846443 0.0268651962697 -0.00790929141843 0.0175271867963 3.2037367291 0.0100771451693 0.0206436290486 -0.0109725248114 -0.00946482609562 -0.0237721042412 0.0299722926402 -0.0584641222679 0.0196183285524 0.0894955109961 0.040945753162 0.0229576342536 0.0318596528052 0.0101291455655 -0.0411063849442 0.027044690468 0.00628600089892 -0.00783730843886 0.0434011704748 -0.00417535929271 -0.00766978807676 
0.0190345456237 0.0018816940515 0.0265685699239 0.0667355000548 -0.00715678654034 -0.0382164735265 0.0619882948709 -0.0370442439344 0.0102129214654 0.0683411879023 0.0294890202696 0.0634742943745 0.0493730042221 0.0117370798921 0.0156298399541 0.0420810753671 -0.0289031540763 0.025544998935 0.0221488039727 0.0698890227783 0.0259047533871 0.0316269477072 0.0153902518832 0.020651590901 0.0296199481551 0.0340697580186 0.0121239599211 0.0493771449842 0.0290198346458 0.0100771451693 0.881884722715 0.0291867725383 -0.0393051451051 0.0108377521224 -0.0108244782605 0.0263357898083 0.0557343431144 0.0294950168564 0.012078964265 0.0317934972037 -0.00534725763898 0.0464532299143 0.0422533669849 0.041748414172 0.00834312209893 0.0602725630877 0.0137038371759 0.0343646162309 0.0270977785361 0.0407502889566 
0.0168335802827 -0.00161109264031 0.0186969778196 0.0175681009224 0.00532504281467 0.011939877428 0.00924509984163 0.00248373617703 0.0179172531867 0.0189896212135 0.00192742937751 -0.00181838456004 0.031108408692 0.00647709166566 0.0234695194935 0.029811612567 0.00877201182359 0.0220934446544 0.0176490545554 0.0234599987581 0.00878431456547 0.00793555203963 0.0176800909711 0.0186018767909 0.0279421030713 0.0139298595999 0.0276561798481 0.0177047854045 0.0133413434751 0.0206436290486 0.0291867725383 0.129616259195 0.0108574534 0.0122324034026 0.00778975695692 0.0178035808313 0.00612363811415 0.0196848898055 0.018769105973 0.0142007784711 0.002521109709 0.0325878228567 0.0102114094568 0.00660431726492 0.0448629609282 -0.00431753073434 0.0148358021109 0.00888857537711 0.0124832861647 -0.00156091691408 
0.0070331326041 0.000304207805103 -0.0130122871205 0.00800694789969 0.00601312867469 0.0245961251958 0.00363831191733 -0.00984054542655 0.0329904327848 0.0093244233295 0.0492678449434 -0.00551981669981 0.00284460212891 -0.0297422415945 0.0336699073745 -0.00135896248523 0.0590733058127 0.0202397816607 0.0174461262135 -0.0142771907498 0.00981396660102 0.0048738161509 0.0476676484133 0.000105820032129 0.00585473411831 -0.00511772735287 0.00588922971245 -0.00413977275276 0.002111383604 -0.0109725248114 -0.0393051451051 0.0108574534 0.6663877805 -0.00755949888005 0.0444813507699 0.0272543778282 0.00713379099463 0.0330843154929 0.0182605958382 0.0272960757124 0.0105554208782 0.0242293728828 -0.00211173541044 0.0114607728367 0.0369168963394 0.23333922617 -0.00699275226991 0.00099780803175 0.0187053540224 0.00688754297138 
0.00663005442456 0.00516364632751 0.0152078655135 0.00372123059044 0.0128546741815 0.0030743372458 0.00357090685023 0.00115927276659 0.00586746797392 0.00569018008549 0.00526974600926 -0.0103399061964 0.0120926417764 0.0186056480581 -0.00659118060237 0.0164102939526 0.0317970476092 0.0212938014801 0.0171983108197 -0.000417158262704 0.00186043867891 0.00277189728243 0.021533324361 0.00802444148929 -0.00532551025268 0.000670457537619 0.00173954182768 0.00985049742723 0.00667396543633 -0.00946482609562 0.0108377521224 0.0122324034026 -0.00755949888005 0.118711273283 -0.00236338989001 0.0142724088919 0.0053448432327 0.013563576576 0.00819203575386 0.000167818848636 0.0148084555987 0.00497747993919 0.0116803820471 0.00913591780722 0.0416224613425 -0.000466774739215 0.00203454103677 0.0100636337944 0.00907403113225 0.00843072189374 
0.0327046268501 0.00714983355049 0.0225496936333 0.0321496487672 0.0191786480134 0.0419558953142 0.0302643408769 0.0350149589249 0.0014604471901 0.0811739066479 0.026670289887 0.0104422443753 0.0110401862757 0.0320106754632 -0.00355223717443 0.0265479537891 0.153870222461 0.0290944564728 -0.0228724144875 0.00973275813473 0.00900958569284 0.0215819330019 0.0307395184556 -0.00266563481766 -0.00558701015592 0.00921773449183 0.024940887965 0.0281297465228 0.0100392168287 -0.0237721042412 -0.0108244782605 0.00778975695692 0.0444813507699 -0.00236338989001 0.555970171411 0.00985905340138 0.03255071179 -0.0122072548121 0.0225834231719 -0.00918070955734 0.00305271029019 0.0156222293439 0.0112926585229 -0.0149638976042 0.0196622427364 -0.0134407131006 0.00386706227666 0.036364988215 0.00287070518777 -0.00767634114746 
0.0129216822558 0.00926173135524 0.0111531168684 0.0200472154272 0.0130166544191 0.0130145619136 0.0215100543078 0.016160071702 0.0115187332587 0.0215532531246 0.0153650834568 0.00069774283093 0.0126382667104 0.00912023019177 0.00949317603002 0.00457074985713 0.0140624427974 0.0313543093036 0.010929815633 0.0322642139972 0.0306594038775 0.0127802431093 0.0378673615745 0.00875540950778 0.0138336497834 0.00917875272889 0.00967814716682 0.0164388453149 0.0184577907077 0.0299722926402 0.0263357898083 0.0178035808313 0.0272543778282 0.0142724088919 0.00985905340138 0.146958654634 0.0064132357447 0.0251659255808 0.00829885201963 0.0227948210234 0.0028280707223 0.018805746512 0.0142195791875 0.00855885744873 0.00955053920198 0.0121333858592 -0.00112660558215 0.0221265439015 0.0273221468452 -0.00178788874038 
0.0199542815902 -0.0109559841 0.00749345275314 0.00828558627957 0.000916247187209 0.0032650571186 0.0178435322876 0.0051735817225 0.0269140144329 0.0325816812048 0.0457929167347 0.0520859451555 0.0152483158984 0.0352628687528 0.00429369319139 0.0279316830229 -0.00444768695957 -0.00845583874851 -0.0130326136913 0.0298286932036 0.00708408263147 0.0154633460175 0.0084939668833 0.0188149032422 0.0309675000851 0.0105302339358 0.142973511625 0.0429527907384 0.0304427446614 -0.0584641222679 0.0557343431144 0.00612363811415 0.00713379099464 0.0053448432327 0.03255071179 0.0064132357447 0.335536987405 0.0117369456102 0.0155487033286 0.0358040618267 0.0272361768617 0.0262310976059 0.0164876255585 0.0279836214561 0.0196525755474 0.00243591491381 0.00610273237598 0.0224634508564 0.0169394346169 0.0421355743564 
0.0100656714805 0.0233325171356 0.0264258873438 0.0123658991824 0.00922859654263 0.0151972890268 0.0236996422968 -0.0122099800485 0.0297061702617 -0.00543160928566 0.0313076216538 0.00914345942295 0.0164606907352 0.0108849486504 0.0420580145972 0.0298121927493 0.0150591319171 0.0317163293195 0.0260206899367 0.0261555191817 0.018331605171 0.0231111014804 0.0305750412806 0.0165333238843 0.0194175925662 0.00811779694252 0.00773460287508 0.0398632482943 0.0269292099866 0.0196183285524 0.0294950168564 0.0196848898055 0.0330843154929 0.013563576576 -0.0122072548121 0.0251659255808 0.0117369456102 0.20511127006 0.0315634879095 0.038066657953 0.0159585400967 0.0125601337378 0.00573557281311 -0.0132416919174 0.00589964652442 0.045452471657 0.00547795913734 0.0303133415459 0.0269042703004 0.0120955171219 
0.00530297371385 0.0175287401532 0.00644855809346 0.0435969825173 0.0178052233245 0.00828378747893 0.00879477254004 0.00545654643471 0.0108366621061 0.00857416888837 0.00550711664762 -0.0176500655674 0.000263200576305 0.0334934036677 0.0155440256786 0.0120986856542 0.00508385921358 0.00347872441189 0.0128065232401 0.00351631167037 0.00978569149746 0.0238326252192 0.0149274687067 0.0122452491333 0.0194573765124 -0.00162985172217 0.0188954759064 0.0106969389134 0.0410115214289 0.0894955109961 0.012078964265 0.018769105973 0.0182605958382 0.00819203575386 0.0225834231719 0.00829885201964 0.0155487033286 0.0315634879095 0.166761258176 0.00924779830024 0.0342672373783 0.0324103201012 0.0200977592848 -0.00797507603133 0.00515471970017 -0.0184855663055 -0.00151614829588 0.00771733085263 -0.00225682436494 0.00219028318524 
0.0369689012691 0.0358929010345 0.00119089841845 0.00696329188819 -0.0019260992761 -0.00458513325162 0.0147956726776 -0.00501777795718 0.0140795486929 -0.0070459257801 0.049839142964 0.0466087174987 0.030181543767 0.0213667536071 0.0129621057701 0.0172003300516 -0.00814492248223 0.0217823920186 0.0194032580612 0.0108943139532 0.00113647933321 0.0103913105271 0.0102948634428 -0.0149953639972 0.0112531815171 -0.00249915435193 0.00891044002711 0.00653133333168 0.00236283331123 0.040945753162 0.0317934972037 0.0142007784711 0.0272960757124 0.000167818848637 -0.00918070955734 0.0227948210234 0.0358040618267 0.038066657953 0.00924779830024 0.657305684771 0.0404768823923 0.0313203667625 0.0292139550496 0.03887769131 -0.00352793772734 0.0678036743427 -0.00217069852764 0.0933652229888 0.0288968648392 0.0432784520631 
0.0464484948494 -0.0200974449098 -0.00483756906133 0.0300644816658 0.0154297940521 0.0576184148665 0.00239065132859 0.0130181728458 0.0116126141531 0.00323270555358 -0.00317495215715 0.0116845158284 0.00859788725382 -0.00264436212497 0.0120615488928 0.00270642778052 0.00352378509889 0.00227296034281 -0.00299431492456 -0.0111339588982 0.00822916606213 0.0221437293474 0.0188280335118 0.0286903018547 0.0205011152038 0.0039712051023 0.0165829603763 -0.0204178004562 0.0335183479201 0.0229576342536 -0.00534725763898 0.002521109709 0.0105554208782 0.0148084555987 0.00305271029019 0.0028280707223 0.0272361768617 0.0159585400967 0.0342672373783 0.0404768823923 0.8692642386 0.0162331994454 0.0858519605823 0.0209625107531 0.0318569004313 0.0143124531231 0.0163825950978 0.0416031582431 -0.00632208665635 0.00290366229514 
0.017379665561 0.00378591004008 0.0100552792371 0.024668008139 -0.0108735674948 0.00772285903121 0.0090205556288 0.0199686606283 0.00828337322485 0.011293857515 0.0164464381599 0.00988576030003 0.038281334167 0.00987611057964 0.0161078874976 0.0259567161837 0.0106338276401 0.0360591012761 0.0262421339959 0.0454533118129 0.0286412069449 0.0202063286111 0.0230497704253 0.00878837180379 0.0263521540449 0.0250176621335 0.0575117711683 0.0169790882881 0.0260459193406 0.0318596528052 0.0464532299143 0.0325878228567 0.0242293728828 0.00497747993918 0.0156222293439 0.018805746512 0.0262310976059 0.0125601337378 0.0324103201012 0.0313203667625 0.0162331994454 0.15413525455 0.0194890444388 0.0268541040444 0.0282115312327 0.0149334753725 0.0363190117947 0.0325107322568 0.0152243668432 0.00835367755675 
0.0311003956202 0.0039271187796 0.00398161401841 0.0244223916727 -0.00201284016306 0.00258968903152 0.00143079290418 0.000790814777616 0.0073265247092 0.00951226939658 0.0188138324591 0.0277622662133 0.0111302846388 0.0035039092459 -0.0236959782989 0.0186366593049 0.000722239131091 0.0283239375008 0.00425985607366 0.0280328389069 0.0122255251118 0.0186856222562 0.0164508964634 0.0224416433073 0.0241561765309 0.00238609796753 0.0120519704122 0.00395619811471 -0.00559387376201 0.0101291455655 0.0422533669849 0.0102114094568 -0.00211173541044 0.0116803820471 0.0112926585229 0.0142195791875 0.0164876255585 0.00573557281311 0.0200977592848 0.0292139550496 0.0858519605823 0.0194890444388 0.171375710088 0.0111988991018 0.00843344654507 0.0240702933225 0.0294201645043 0.0293292795639 -0.00574631873066 -0.010931529733 
0.0478665719791 -0.0125734724597 0.0120449662628 -0.0125892463108 0.00596058487224 0.00251442995742 0.0573681842787 -0.020303931247 0.00558046885721 0.0159686442526 0.0176731276109 0.0621277665143 0.0248647967986 -0.00669819825749 0.00587481039428 0.0297889527719 -0.00410518730068 -0.000155437884209 -0.000363564988544 -0.016731477838 0.0159293737807 0.0154572116904 0.00882763592152 -0.0226026540302 0.109918403601 0.0237642838066 0.0228939151012 -0.0184803864416 0.0137501616439 -0.0411063849442 0.041748414172 0.00660431726492 0.0114607728367 0.00913591780722 -0.0149638976042 0.00855885744873 0.0279836214561 -0.0132416919174 -0.00797507603133 0.03887769131 0.0209625107531 0.0268541040444 0.0111988991018 0.540089349118 -0.0358949066632 0.00875369926752 0.010223381479 0.061617828474 0.0374669515248 0.0486925836157 
0.0133325515237 0.0230508525094 0.00629387693748 0.00685834002483 0.00137083462095 0.00138948356395 -0.00143781365739 -0.00121694465876 -0.00198914019763 0.00251314002695 -0.010278591338 -0.0120859379873 0.00642057935127 0.0108243265039 0.0193624239927 0.0227029392888 0.0239832911542 0.053450570235 0.0157560305815 0.0225423219062 -0.00162000039297 0.00900284662726 0.0122293963247 -0.00288065836177 0.0168347773082 0.00409775377742 0.0404037670532 0.0237584916924 0.0250825303153 0.027044690468 0.00834312209893 0.0448629609282 0.0369168963394 0.0416224613425 0.0196622427364 0.00955053920198 0.0196525755474 0.00589964652442 0.00515471970018 -0.00352793772734 0.0318569004313 0.0282115312327 0.00843344654507 -0.0358949066632 0.247526244934 0.0157364541112 -0.000161686693068 0.00783294448287 -0.00198047115602 0.012195860779 
0.0192146042425 0.008594526744 0.0160525568643 0.0355583963559 0.00992166889056 0.0248046932218 -0.0018720548502 0.016755310528 0.0564940912044 0.0235800783072 0.0212722682042 0.000705435969028 -0.00256290319409 0.0142725383974 0.045740521129 0.00229863469721 0.00313779026117 0.0708055786254 0.0354588558207 0.049177944123 -0.00845402172072 0.0114571603482 -0.00123994016699 0.00358152809672 0.0207793174627 0.00328752937594 0.0280311218406 0.0261488910585 0.0413664748351 0.00628600089892 0.0602725630877 -0.00431753073434 0.23333922617 -0.000466774739218 -0.0134407131006 0.0121333858592 0.00243591491381 0.045452471657 -0.0184855663055 0.0678036743427 0.0143124531231 0.0149334753725 0.0240702933225 0.00875369926752 0.0157364541112 0.512298130152 -0.00315934741028 0.0239559587469 -0.00353596942331 -0.017130074897 
0.0233352286853 -0.0229115929501 0.00434228271088 -0.00418510384644 0.000536812356938 0.01989620258 0.0146069148651 -0.000606256058654 0.00339072281006 0.0173288957377 0.0251714421515 0.0221663469625 0.020304383955 0.000562714461459 0.0101367609883 0.0212806958877 -0.0106389688541 0.0144514555491 0.0116365706816 0.0309349376289 0.0177772947803 0.0175359828177 0.025211459724 -0.00523778323127 0.0145836625441 0.000822155555862 0.00879661080633 0.0249606722608 0.0166254701377 -0.00783730843886 0.0137038371759 0.0148358021108 -0.0069927522699 0.00203454103677 0.00386706227666 -0.00112660558215 0.00610273237597 0.00547795913733 -0.00151614829588 -0.00217069852764 0.0163825950978 0.0363190117947 0.0294201645043 0.010223381479 -0.000161686693071 -0.00315934741028 0.211315134787 0.02499863397 0.0141176353763 0.0106165106412 
