30
0.0566217234647 0.0946915784272 0.106356452037 0.0331605059077 0.075466134778 0.0716337087719 0.0621428512979 -0.00953493093171 0.00154943769328 0.102922334335 0.171628318037 0.0230030392576 0.39235550597 0.0142076594304 0.00839736130492 0.110578936942 0.0358059899839 0.0861575830063 -0.00694067656108 0.0450347688147 0.022775665512 0.0810581507116 0.0755027876102 0.0433119494187 0.0345230729479 0.357744060202 0.0408230851415 0.109959402945 0.0826231173305 0.256023639664 
0.185347194902 0.0136788866652 0.0606863557961 0.0287784874806 0.0187967019016 0.0197142181197 0.0424891283235 0.0193678132718 0.0138857948528 0.0128480823879 0.0296620786805 0.0293611407491 -0.00313029773327 0.0159392228644 0.0384722066726 0.00300728194537 0.0342197224032 -0.00211526510878 0.0243827317763 0.022572914847 0.0416099620756 0.0436801503747 0.0214211142908 0.033555778521 0.0257481997656 0.0475780333521 0.0272425078494 0.0268154436807 0.0221999642613 0.0285266512768 
0.0136788866652 0.367318794841 0.0160394737378 0.00491515313346 0.0115449709783 -0.00175482237193 0.0221064477164 0.00168834477556 0.0018412157112 0.00133202288273 0.023981716196 0.012121405593 0.0193579794126 0.00889440408771 0.0171841994885 8.73746500214e-05 -0.00527533977804 0.0220769906675 0.0427250108412 0.00133930679235 0.0416624348494 0.0201891499829 0.0499467294327 0.0292972192103 -0.00273489373688 0.0376659327755 0.0345923458019 0.0526802133653 0.0201566007867 0.0375391752058 
0.0606863557961 0.0160394737378 0.525200863301 0.0332617037104 -9.25338487274e-05 0.00149456949365 0.0240684636138 -0.00115548472476 0.0280889127794 0.0124597627068 0.0348442970474 0.00159190555963 0.0177095008674 -0.0050024483385 0.0152807469423 0.0591677987156 0.0635363912991 0.0229079134708 0.0180467092823 0.0362498899132 0.0474617588389 0.0325225815918 -0.0171157659215 -0.00227913196221 0.045508864763 0.125757094213 0.029312455818 0.029886969011 0.0189567596209 0.080621552912 
0.0287784874806 0.00491515313346 0.0332617037104 0.157513751986 0.0215507321033 0.00693619129082 0.0313700858257 7.49309056449e-05 -0.0101184511695 0.00438412343183 0.0157759382211 0.0173989084407 0.00594021048607 -0.00539010914726 0.0154348494597 -0.00326609423889 0.0374096152599 -0.00211528953518 0.00908397841036 0.0518963249662 0.010054011235 0.0162667918031 0.0149986578668 0.0174489861364 0.00531654637155 0.0227396339671 0.0117307599925 0.00480166330508 0.0175473582672 0.0100988881397 
0.0187967019016 0.0115449709783 -9.25338487273e-05 0.0215507321033 0.458709888567 0.0193364274365 0.0163842108741 0.00243374053019 -0.0189181692687 0.0215361309432 0.00291961995717 0.0057384271728 -0.00903805931172 0.00335775273116 0.0194324447586 0.0530946591765 0.0104782215863 -0.00505458545728 0.0616829808017 0.0130451328691 0.0101462369717 0.0232054481734 0.00893489149541 -0.00211936983871 0.0113910495956 -0.0108638652439 -0.00761873442918 0.0019905132071 0.014311802501 0.0195699956273 
0.0197142181197 -0.00175482237193 0.00149456949365 0.00693619129082 0.0193364274365 0.184137333596 0.0198420150975 0.0185322544687 0.0112543389093 0.0101370709682 0.00717731728937 0.0223978741934 0.0199514034575 -0.00446112377973 0.00841469531516 -0.00528426306209 0.0296924858224 -0.0132558414427 0.00496586462258 0.0109191334325 0.0136087810914 0.00638166261536 0.00630712375582 0.0199067256462 -0.00393079022836 0.017149749817 0.0219694771548 0.0328756045336 0.0190341270734 -0.00101505967803 
0.0424891283235 0.0221064477164 0.0240684636138 0.0313700858257 0.0163842108741 0.0198420150975 0.179173210663 0.00811993874861 0.00521292990355 0.0166846460591 0.0263905341848 0.0363575386325 0.0249553026087 0.00766007576016 0.0229702203458 0.00766845171719 0.0146494712823 0.0147274453642 0.0337259432318 0.0141563153764 0.0249959124337 0.022696605622 0.019888197305 0.0332741370766 0.0261350378713 0.00870111966362 0.0232702108 0.0517518726746 0.00404535207066 0.0210354499291 
0.0193678132718 0.00168834477556 -0.00115548472476 7.4930905644e-05 0.00243374053019 0.0185322544687 0.00811993874861 0.225072427213 0.00232959520496 0.019066040657 0.0189245513125 0.0227196811141 -0.0148609537885 0.00238295390011 0.0210874447738 0.0489709465654 -0.00416010736008 0.018207686226 0.0136753639766 -0.00832817457522 0.0175524547931 0.0149790094396 -0.00168482229925 0.00820043110702 0.0184025896678 0.0324128713515 0.00544730104637 -0.00493644377701 0.0223129644041 0.0431218822233 
0.0138857948528 0.0018412157112 0.0280889127794 -0.0101184511695 -0.0189181692687 0.0112543389093 0.00521292990356 0.00232959520496 0.296927847098 0.0255444148089 0.0155942569049 0.0171602738237 0.00568296531841 -0.00100892350491 0.00327751301803 0.00700134399046 0.00461194966985 -0.00773005147343 0.00319859563141 0.0227973776094 0.0238527478917 0.0331565007683 -0.00406926067601 0.00346802264348 0.0105046806351 0.0075443127473 0.019217852934 0.0120563790556 0.00609528511897 0.0165070485547 
0.0128480823879 0.00133202288273 0.0124597627068 0.00438412343183 0.0215361309433 0.0101370709682 0.0166846460591 0.019066040657 0.0255444148089 0.368804645187 0.0349806264123 0.00554818849821 -0.0137581759008 0.00494611102997 0.0260024884841 0.0352545490357 0.00301972202995 0.013125375562 0.00884137930741 -0.0010970780695 0.0303294846169 0.044279898431 0.0300346588145 0.0440200672211 0.0171509053359 -0.0166549469093 0.021770008777 0.0182462643925 0.0336020884737 0.0661808953513 
0.0296620786805 0.023981716196 0.0348442970474 0.0157759382211 0.00291961995717 0.00717731728937 0.0263905341848 0.0189245513125 0.0155942569049 0.0349806264123 0.275408020448 0.01941840521 -0.054188069505 0.0128420599921 0.0276981482453 0.0310399315912 0.0140659822111 -0.000672001656332 0.011736923329 0.020055062601 0.0369533831573 0.0216890949343 0.0241223990116 0.0456500898731 0.0324120461161 0.0113451868555 0.0131501200725 0.0237022702943 0.0201034588438 0.000545280573947 
0.0293611407491 0.012121405593 0.00159190555963 0.0173989084407 0.0057384271728 0.0223978741934 0.0363575386325 0.0227196811141 0.0171602738237 0.00554818849821 0.01941840521 0.136327997177 0.0130126310009 0.0233237192704 0.0193658527381 0.0120760694647 0.0281011136167 0.0122255764593 -0.000137721499527 0.0198142406096 0.0223018245645 0.0130600171149 0.0162358154461 0.037970496206 0.0204775305844 -0.00205288062909 0.0279712188492 0.0271448428087 0.00258044492413 0.0144434746734 
-0.00313029773327 0.0193579794126 0.0177095008674 0.00594021048607 -0.00903805931172 0.0199514034575 0.0249553026087 -0.0148609537885 0.00568296531841 -0.0137581759008 -0.054188069505 0.0130126310009 3.18659506628 -0.00807892004625 0.0205579292612 0.044267556535 0.00486851265523 0.363098865534 0.047833598799 -0.0105218312412 0.0424535270608 -0.0194421430354 -0.0169770186053 0.0176982128766 0.0125452360844 -0.00951044858165 -0.0209847801998 0.0302256677586 0.00274639245435 -0.0369632929428 
0.0159392228644 0.00889440408771 -0.0050024483385 -0.00539010914726 0.00335775273116 -0.00446112377973 0.00766007576017 0.00238295390011 -0.00100892350491 0.00494611102997 0.0128420599921 0.0233237192704 -0.00807892004625 0.131126027952 0.0180933202823 0.0142278793239 0.00832295758548 0.00246441660416 0.0036379885388 0.00255071676791 0.0195840138435 0.00973453045961 0.0178345521322 0.0114628431869 0.00396515268089 0.0269895045874 0.00932406481527 0.0234811220344 0.00147281035239 0.00458992929588 
0.0384722066726 0.0171841994885 0.0152807469423 0.0154348494597 0.0194324447586 0.00841469531517 0.0229702203458 0.0210874447738 0.00327751301803 0.0260024884841 0.0276981482453 0.0193658527381 0.0205579292612 0.0180933202823 0.144880539038 0.0228428539119 0.0215060745631 0.0149822804037 0.00755443084802 0.00409210245165 0.0458931802993 0.0338293232044 0.00629893956403 0.0305044278864 0.0196369267501 -0.00194759561358 0.0248637223938 0.0261816926474 0.0336667193871 0.0282315639304 
0.00300728194536 8.73746500208e-05 0.0591677987156 -0.00326609423889 0.0530946591765 -0.00528426306209 0.00766845171719 0.0489709465654 0.00700134399046 0.0352545490357 0.0310399315912 0.0120760694647 0.044267556535 0.0142278793239 0.0228428539119 0.842415235729 0.00344289097369 0.0481448797948 0.0199902259986 -0.0159684535231 0.0315317399621 0.0132248409663 0.000205593979351 0.00819028213238 0.00500797188762 0.0077146583848 0.0266226846542 0.0375824184592 -0.0157435840574 0.0147809192513 
0.0342197224032 -0.00527533977804 0.0635363912991 0.0374096152599 0.0104782215863 0.0296924858224 0.0146494712823 -0.00416010736009 0.00461194966985 0.00301972202995 0.0140659822111 0.0281011136167 0.00486851265523 0.00832295758548 0.0215060745631 0.00344289097369 0.216146687584 0.00519233310993 -0.0081083269975 0.0581531336265 0.0465414169894 0.0171242371118 0.011807266198 0.0266592680588 0.006058630675 0.0169541468076 0.000140170231424 0.0382455354943 0.0171348462029 0.00971073061994 
-0.00211526510878 0.0220769906675 0.0229079134708 -0.00211528953518 -0.00505458545728 -0.0132558414427 0.0147274453642 0.018207686226 -0.00773005147343 0.013125375562 -0.000672001656332 0.0122255764593 0.363098865534 0.00246441660416 0.0149822804037 0.0481448797948 0.00519233310993 0.448689457534 0.0148899142228 -0.00630861220382 0.0165098497874 0.0116726574321 -0.00132675959418 0.0180613288125 0.00619770609092 -0.00641519388597 0.00362713777371 0.00561733929852 -0.0157480044067 0.0276756468944 
0.0243827317763 0.0427250108412 0.0180467092823 0.00908397841036 0.0616829808017 0.00496586462258 0.0337259432318 0.0136753639766 0.00319859563141 0.00884137930742 0.011736923329 -0.000137721499527 0.047833598799 0.0036379885388 0.00755443084802 0.0199902259986 -0.0081083269975 0.0148899142228 0.392809269645 -0.0112368016652 0.0212608410052 0.027880048944 0.02780464605 0.0062816303977 0.011880900487 0.0281741309951 0.00584565649359 0.0209389894909 0.0325638795999 0.0563506769673 
0.022572914847 0.00133930679235 0.0362498899132 0.0518963249662 0.0130451328691 0.0109191334325 0.0141563153764 -0.00832817457522 0.0227973776094 -0.0010970780695 0.020055062601 0.0198142406096 -0.0105218312412 0.00255071676792 0.00409210245165 -0.0159684535231 0.0581531336265 -0.00630861220382 -0.0112368016652 0.20157879959 0.0134450186738 0.0358916272635 0.0199157998559 0.0114510209586 -0.00501297015266 0.00827463610114 0.000402021248639 0.0140821070261 0.0150720457319 -0.0252608261078 
0.0416099620756 0.0416624348494 0.0474617588389 0.010054011235 0.0101462369717 0.0136087810914 0.0249959124337 0.0175524547931 0.0238527478917 0.0303294846169 0.0369533831573 0.0223018245645 0.0424535270608 0.0195840138435 0.0458931802993 0.0315317399621 0.0465414169894 0.0165098497874 0.0212608410052 0.0134450186738 0.219186337677 0.0312675974009 0.0430545508988 0.0272324085685 0.025561113234 0.0531886870515 0.0303614723384 0.0321882726715 0.031066840465 0.0201064994149 
0.0436801503747 0.0201891499829 0.0325225815918 0.0162667918031 0.0232054481734 0.00638166261536 0.022696605622 0.0149790094396 0.0331565007683 0.044279898431 0.0216890949343 0.0130600171149 -0.0194421430354 0.00973453045961 0.0338293232044 0.0132248409663 0.0171242371118 0.0116726574321 0.027880048944 0.0358916272635 0.0312675974009 0.220702396331 0.0245525948375 0.0237933673147 0.00429538593349 -0.0272865899473 0.012809061012 0.0389206214285 0.0301069803394 0.0030140544099 
0.0214211142908 0.0499467294327 -0.0171157659215 0.0149986578668 0.00893489149541 0.00630712375582 0.019888197305 -0.00168482229925 -0.00406926067601 0.0300346588145 0.0241223990116 0.0162358154461 -0.0169770186053 0.0178345521322 0.00629893956403 0.000205593979351 0.011807266198 -0.00132675959418 0.02780464605 0.0199157998559 0.0430545508988 0.0245525948375 0.734373315575 0.024996667882 0.00424214187845 0.00319584666917 0.023916718606 0.0366894765888 0.0320987036586 -0.00381252248817 
0.033555778521 0.0292972192103 -0.00227913196221 0.0174489861364 -0.00211936983871 0.0199067256462 0.0332741370766 0.00820043110702 0.00346802264348 0.0440200672211 0.0456500898731 0.037970496206 0.0176982128766 0.0114628431869 0.0305044278864 0.00819028213238 0.0266592680588 0.0180613288125 0.00628163039769 0.0114510209586 0.0272324085685 0.0237933673147 0.024996667882 0.180098168734 0.0113752479998 -0.0247440334326 0.0347262820015 0.0287723311166 0.020284177777 0.0133351025806 
0.0257481997656 -0.00273489373688 0.045508864763 0.00531654637155 0.0113910495956 -0.00393079022836 0.0261350378713 0.0184025896678 0.0105046806351 0.0171509053359 0.0324120461161 0.0204775305844 0.0125452360844 0.00396515268089 0.0196369267501 0.00500797188762 0.006058630675 0.00619770609092 0.011880900487 -0.00501297015266 0.025561113234 0.00429538593349 0.00424214187845 0.0113752479998 0.148344596627 0.136539621813 0.0136414479841 0.0368682189237 0.016697230374 0.038126522268 
0.0475780333521 0.0376659327755 0.125757094213 0.0227396339671 -0.0108638652439 0.017149749817 0.00870111966362 0.0324128713515 0.0075443127473 -0.0166549469093 0.0113451868555 -0.00205288062909 -0.00951044858165 0.0269895045874 -0.00194759561358 0.0077146583848 0.0169541468076 -0.00641519388597 0.0281741309951 0.00827463610114 0.0531886870515 -0.0272865899473 0.00319584666917 -0.0247440334326 0.136539621813 2.88589106542 -0.00519486354554 0.00165361270154 -0.0256198741555 -0.00269032134794 
0.0272425078494 0.0345923458019 0.029312455818 0.0117307599925 -0.00761873442918 0.0219694771548 0.0232702108 0.00544730104637 0.019217852934 0.021770008777 0.0131501200725 0.0279712188492 -0.0209847801998 0.00932406481528 0.0248637223938 0.0266226846542 0.000140170231427 0.00362713777371 0.00584565649359 0.000402021248639 0.0303614723384 0.012809061012 0.023916718606 0.0347262820015 0.0136414479841 -0.00519486354554 0.207713094428 0.0459504218229 0.0205794351781 0.00561380074032 
0.0268154436807 0.0526802133653 0.029886969011 0.00480166330507 0.0019905132071 0.0328756045336 0.0517518726746 -0.00493644377701 0.0120563790556 0.0182462643925 0.0237022702943 0.0271448428087 0.0302256677586 0.0234811220344 0.0261816926474 0.0375824184592 0.0382455354943 0.00561733929852 0.0209389894909 0.0140821070261 0.0321882726715 0.0389206214285 0.0366894765888 0.0287723311166 0.0368682189237 0.00165361270154 0.0459504218229 0.40973316399 0.0218640361386 0.0328332807741 
0.0221999642613 0.0201566007867 0.0189567596209 0.0175473582672 0.014311802501 0.0190341270734 0.00404535207067 0.0223129644041 0.00609528511897 0.0336020884737 0.0201034588438 0.00258044492413 0.00274639245435 0.00147281035238 0.0336667193871 -0.0157435840574 0.0171348462029 -0.0157480044067 0.0325638795999 0.0150720457319 0.031066840465 0.0301069803394 0.0320987036586 0.020284177777 0.016697230374 -0.0256198741555 0.0205794351781 0.0218640361386 0.201438305031 0.0173965730845 
0.0285266512768 0.0375391752058 0.080621552912 0.0100988881397 0.0195699956273 -0.00101505967803 0.0210354499291 0.0431218822233 0.0165070485547 0.0661808953513 0.000545280573948 0.0144434746734 -0.0369632929428 0.00458992929588 0.0282315639304 0.0147809192513 0.00971073061995 0.0276756468944 0.0563506769673 -0.0252608261078 0.0201064994149 0.00301405440991 -0.00381252248818 0.0133351025806 0.038126522268 -0.00269032134794 0.00561380074032 0.0328332807741 0.0173965730845 0.710576407762 
0.0160515379306 0.00118462633475 0.00525559257825 0.00249229012407 0.00162784213541 0.00170730137074 0.00367966645128 0.00167730183091 0.00120254510942 0.00111267657379 0.00256881136664 0.00254274937728 -0.000271091735842 0.00138037719171 0.00333179083181 0.000260438256103 0.00296351489116 -0.000183187331994 0.0021116065132 0.00195487176949 0.0036035284208 0.00378281198656 0.00185512291532 0.0029060156643 0.00222985950987 0.0041203785545 0.00235927038604 0.00232228554413 0.00192257330134 0.00247048046906 
0.00118462633475 0.031810740762 0.00138905917202 0.000425664747707 0.000999823815316 -0.000151972075322 0.00191447453098 0.000146214946599 0.000159453957975 0.000115356565486 0.0020768775452 0.00104974451731 0.00167645019372 0.000770277989148 0.00148819533008 7.56686665653e-06 -0.000456857826138 0.00191192347571 0.00370009447655 0.000115987370563 0.00360807269631 0.0017484316766 0.00432551365247 0.00253721360964 -0.000236848745279 0.00326196546408 0.00299578502409 0.00456224030512 0.00174561283352 0.00325098793654 
0.00525559257825 0.00138905917202 0.0454837289708 0.00288054803864 -8.01366637078e-06 0.000129433514922 0.00208439009196 -0.000100067912533 0.00243257120317 0.00107904710292 0.00301760464201 0.000137863065506 0.00153368776395 -0.000433224734226 0.00132335150408 0.00512408167737 0.00550241289298 0.00198388350134 0.00156289086932 0.00313933255492 0.00411030888628 0.00281653818551 -0.00148226880932 -0.000197378617785 0.00394118329821 0.0108908838295 0.00253853313857 0.00258828744056 0.00164170354051 0.00698203129144 
0.00249229012407 0.000425664747707 0.00288054803864 0.0136410910665 0.00186634814716 0.000600691786336 0.00271672912439 6.48920678171e-06 -0.000876283575971 0.000379676226529 0.0013662363268 0.00150678967077 0.000514437318476 -0.00046679714507 0.00133669717357 -0.000282852058203 0.00323976771609 -0.000183189447383 0.00078669560708 0.00449435357837 0.000870702913945 0.00140874549396 0.00129892187353 0.00151112652644 0.000460426421816 0.00196931006883 0.00101591361592 0.000415836240261 0.00151964580287 0.000874589367898 
0.00162784213541 0.000999823815316 -8.01366637078e-06 0.00186634814716 0.0397254416466 0.00167458373785 0.00141891428379 0.000210768112536 -0.00163836151798 0.00186508364961 0.000252846505231 0.000496962370942 -0.000782718896486 0.000290789916481 0.00168289908186 0.00459813236521 0.00090744060802 -0.000437739941161 0.00534190283554 0.00112974164604 0.000878689897033 0.00200965076244 0.000773784301508 -0.000183542812034 0.000986493832556 -0.00094083832845 -0.000659801756036 0.000172383500392 0.00123943845398 0.00169481133652 
0.00170730137074 -0.000151972075322 0.000129433514922 0.000600691786336 0.00167458373785 0.0159467608679 0.00171836891367 0.00160494031593 0.000974654339821 0.000877896097846 0.000621573910362 0.00193971280422 0.00172784222354 -0.000386344652267 0.000728733990804 -0.000457630605205 0.00257144470237 -0.00114798954379 0.000430056491491 0.000945624693989 0.00117855501397 0.000552668194328 0.000546212939736 0.00172397301158 -0.00034041641947 0.00148521190101 0.00190261253239 0.00284711086908 0.00164840375844 -8.79067467527e-05 
0.00367966645128 0.00191447453098 0.00208439009196 0.00271672912439 0.00141891428379 0.00171836891367 0.0155168552112 0.000703207323347 0.000451452972462 0.00144493273403 0.00228548730235 0.00314865520749 0.00216119260182 0.000663382020322 0.001989279435 0.000664107399478 0.00126868142824 0.00127543418182 0.00292075236053 0.00122597287399 0.00216470951584 0.00196558370483 0.00172236841016 0.00288162479974 0.00226336067254 0.000753539067006 0.00201525937042 0.00448184364296 0.000350337766045 0.00182172340187 
0.00167730183091 0.000146214946598 -0.000100067912533 6.48920678163e-06 0.000210768112536 0.00160494031593 0.000703207323347 0.0194918439658 0.000201748862803 0.00165116755586 0.00163891421918 0.00196758210107 -0.00128699635053 0.000206369861354 0.0018262262875 0.0042410083773 -0.00036027586563 0.00157683188159 0.00118432126097 -0.000721241074929 0.00152008717496 0.00129722026983 -0.000145909891201 0.000710178166067 0.00159371101478 0.002807037 0.000471750108822 -0.000427508571524 0.00193235940077 0.00373446454643 
0.00120254510942 0.000159453957975 0.00243257120317 -0.000876283575971 -0.00163836151798 0.000974654339821 0.000451452972463 0.000201748862803 0.0257147058678 0.00221221121493 0.00135050226328 0.00148612330672 0.000492159233457 -8.73753385729e-05 0.000283840953485 0.000606334175637 0.000399406557507 -0.000669442094855 0.000277006507324 0.00197431081494 0.00206570856242 0.0028714371966 -0.000352408312005 0.000300339571015 0.000909732028865 0.000653356649325 0.00166431488471 0.00104411305398 0.000527867175634 0.00142955233899 
0.00111267657379 0.000115356565487 0.00107904710292 0.000379676226529 0.00186508364961 0.000877896097846 0.00144493273403 0.00165116755586 0.00221221121493 0.0319394191765 0.00302941111133 0.000480487218443 -0.00119149298399 0.00042834578019 0.00225188155889 0.00305313350639 0.000261515599031 0.00113669086709 0.000765685908471 -9.50097478122e-05 0.00262661041619 0.00383475169182 0.00260107775273 0.00381224964898 0.00148531197188 -0.00144236071221 0.00188533806415 0.0015801728488 0.00291002622384 0.00573143366194 
0.00256881136664 0.0020768775452 0.00301760464201 0.0013662363268 0.000252846505231 0.000621573910362 0.00228548730235 0.00163891421918 0.00135050226328 0.00302941111133 0.0238510342114 0.00168168322129 -0.00469282447733 0.00111215501901 0.00239873000182 0.00268813692897 0.0012181497924 -5.81970505769e-05 0.00101644737652 0.00173681936869 0.003200256857 0.00187833071982 0.00208906103442 0.00395341375151 0.00280696553252 0.000982522002751 0.00113883380456 0.00205267682022 0.00174101060627 4.72226829228e-05 
0.00254274937728 0.00104974451731 0.000137863065506 0.00150678967077 0.000496962370942 0.00193971280422 0.00314865520749 0.00196758210107 0.00148612330672 0.000480487218443 0.00168168322129 0.0118063508802 0.00112692690169 0.00201989333989 0.00167713204372 0.00104581829343 0.00243362782667 0.00105876597897 -1.19270317237e-05 0.00171596357246 0.00193139466236 0.00113103065954 0.00140606286275 0.00328834143087 0.00177340616929 -0.000177784677573 0.00242237860982 0.0023508123454 0.000223473085736 0.00125084159861 
-0.000271091735842 0.00167645019372 0.00153368776395 0.000514437318476 -0.000782718896486 0.00172784222354 0.00216119260182 -0.00128699635053 0.000492159233457 -0.00119149298399 -0.00469282447733 0.00112692690169 0.275967227897 -0.00069965499952 0.00178036889894 0.00383368285228 0.000421625563807 0.0314452841638 0.00414251117144 -0.00091121731492 0.00367658329149 -0.00168373897727 -0.00147025293927 0.00153271019527 0.00108644931456 -0.000823629007309 -0.00181733527459 0.00261761961253 0.000237844563423 -0.0032011150696 
0.00138037719171 0.000770277989148 -0.000433224734226 -0.00046679714507 0.000290789916481 -0.000386344652267 0.000663382020322 0.000206369861354 -8.73753385728e-05 0.00042834578019 0.00111215501901 0.00201989333989 -0.00069965499952 0.0113558471304 0.00156692750032 0.00123217049365 0.000720789270365 0.000213424738471 0.000315059049327 0.000220898551887 0.00169602534965 0.000843035067193 0.00154451752116 0.000992711339946 0.000343392295153 0.00233735966083 0.000807487699656 0.00203352481911 0.000127549118012 0.000397499537181 
0.00333179083181 0.00148819533008 0.00132335150408 0.00133669717357 0.00168289908186 0.000728733990804 0.001989279435 0.0018262262875 0.000283840953485 0.00225188155889 0.00239873000182 0.00167713204372 0.00178036889894 0.00156692750032 0.0125470227321 0.00197824917826 0.00186248069073 0.00129750354362 0.000654232902552 0.000354386467802 0.00397446599996 0.00292970532878 0.000545504167935 0.00264176094775 0.00170060774179 -0.000168666727766 0.00215326152257 0.00226740109467 0.00291562342513 0.00244492515523 
0.000260438256103 7.56686665648e-06 0.00512408167737 -0.000282852058203 0.00459813236521 -0.000457630605205 0.000664107399478 0.0042410083773 0.000606334175637 0.00305313350639 0.00268813692897 0.00104581829343 0.00383368285228 0.00123217049365 0.00197824917826 0.0729552994676 0.000298163104567 0.00416946889644 0.00173120435422 -0.00138290864102 0.00273072878327 0.00114530482378 1.78049608983e-05 0.00070929923908 0.000433703087612 0.000668109014276 0.00230559212274 0.00325473291213 -0.00136343437403 0.00128006515629 
0.00296351489116 -0.000456857826138 0.00550241289298 0.00323976771609 0.00090744060802 0.00257144470237 0.00126868142824 -0.000360275865631 0.000399406557507 0.000261515599031 0.0012181497924 0.00243362782667 0.000421625563807 0.000720789270365 0.00186248069073 0.000298163104567 0.0187188522392 0.000449669237811 -0.000702201716202 0.00503620910302 0.0040306049441 0.00148300243592 0.00102253924767 0.00230876033852 0.00052469280767 0.00146827218349 1.21390981268e-05 0.00331216053194 0.00148392121016 0.000840973940618 
-0.000183187331994 0.00191192347571 0.00198388350134 -0.000183189447383 -0.000437739941161 -0.00114798954379 0.00127543418182 0.00157683188159 -0.000669442094855 0.00113669086709 -5.81970505769e-05 0.00105876597897 0.0314452841638 0.000213424738471 0.00129750354362 0.00416946889644 0.000449669237811 0.0388576468635 0.00128950439771 -0.000546341843113 0.00142979493285 0.00101088178658 -0.000114900751328 0.00156415695777 0.000536737091993 -0.000555572087545 0.000314119345506 0.000486475853419 -0.00136381718751 0.00239678132767 
0.0021116065132 0.00370009447655 0.00156289086932 0.00078669560708 0.00534190283554 0.000430056491491 0.00292075236053 0.00118432126097 0.000277006507324 0.000765685908472 0.00101644737652 -1.19270317238e-05 0.00414251117144 0.000315059049327 0.000654232902552 0.00173120435422 -0.000702201716202 0.00128950439771 0.0340182806355 -0.000973135569939 0.00184124284163 0.00241448306443 0.00240795298225 0.000544005150159 0.00102891616416 0.00243995131713 0.000506248702525 0.00181336968287 0.00282011469793 0.00488011177741 
0.00195487176949 0.000115987370563 0.00313933255492 0.00449435357837 0.00112974164604 0.000945624693989 0.00122597287399 -0.000721241074929 0.00197431081494 -9.50097478123e-05 0.00173681936869 0.00171596357246 -0.00091121731492 0.000220898551888 0.000354386467802 -0.00138290864102 0.00503620910302 -0.000546341843113 -0.000973135569939 0.0174572361309 0.00116437277259 0.00310830609934 0.00172475886119 0.000991687504942 -0.000434135950061 0.000716604507066 3.48160614183e-05 0.00121954624234 0.00130527744908 -0.00218765171299 
0.0036035284208 0.00360807269631 0.00411030888628 0.000870702913945 0.000878689897033 0.00117855501397 0.00216470951584 0.00152008717496 0.00206570856242 0.00262661041619 0.003200256857 0.00193139466236 0.00367658329149 0.00169602534965 0.00397446599996 0.00273072878327 0.0040306049441 0.00142979493285 0.00184124284163 0.00116437277259 0.0189820936591 0.00270785336645 0.00372863348269 0.00235839576266 0.00221365734096 0.00460627541805 0.00262938063414 0.00278758618374 0.0026904673058 0.00174127392744 
0.00378281198656 0.0017484316766 0.00281653818551 0.00140874549396 0.00200965076244 0.000552668194328 0.00196558370483 0.00129722026983 0.0028714371966 0.00383475169182 0.00187833071982 0.00113103065954 -0.00168373897727 0.000843035067193 0.00292970532878 0.00114530482378 0.00148300243592 0.00101088178658 0.00241448306443 0.00310830609934 0.00270785336645 0.0191133881898 0.00212631708581 0.00206056605361 0.000371991333746 -0.0023630880077 0.0011092972235 0.00337062468882 0.00260734098051 0.000261024768737 
0.00185512291532 0.00432551365247 -0.00148226880932 0.00129892187353 0.000773784301508 0.000546212939736 0.00172236841016 -0.000145909891201 -0.000352408312005 0.00260107775273 0.00208906103442 0.00140606286275 -0.00147025293927 0.00154451752116 0.000545504167935 1.78049608983e-05 0.00102253924767 -0.000114900751328 0.00240795298225 0.00172475886119 0.00372863348269 0.00212631708581 0.0635985947149 0.00216477493958 0.000367380263319 0.000276768440211 0.00207124858879 0.00317740187775 0.00277982927969 -0.000330174132726 
0.0029060156643 0.00253721360964 -0.000197378617785 0.00151112652644 -0.000183542812034 0.00172397301158 0.00288162479974 0.000710178166066 0.000300339571015 0.00381224964898 0.00395341375151 0.00328834143087 0.00153271019527 0.000992711339946 0.00264176094775 0.00070929923908 0.00230876033852 0.00156415695777 0.000544005150159 0.000991687504942 0.00235839576266 0.00206056605361 0.00216477493958 0.0155969589299 0.000985125374217 -0.00214289615447 0.00300738423923 0.00249175696731 0.00175666132498 0.00115485375969 
0.00222985950987 -0.000236848745279 0.00394118329821 0.000460426421816 0.000986493832556 -0.00034041641947 0.00226336067254 0.00159371101478 0.000909732028865 0.00148531197188 0.00280696553252 0.00177340616929 0.00108644931456 0.000343392295153 0.00170060774179 0.000433703087612 0.00052469280767 0.000536737091993 0.00102891616416 -0.000434135950061 0.00221365734096 0.000371991333746 0.000367380263319 0.000985125374217 0.0128470189193 0.0118246781113 0.00118138404986 0.00319288141802 0.00144602256768 0.0033018536842 
0.0041203785545 0.00326196546408 0.0108908838295 0.00196931006883 -0.00094083832845 0.00148521190101 0.000753539067006 0.002807037 0.000653356649325 -0.00144236071221 0.000982522002751 -0.000177784677573 -0.000823629007309 0.00233735966083 -0.000168666727766 0.000668109014276 0.00146827218349 -0.000555572087545 0.00243995131713 0.000716604507066 0.00460627541805 -0.0023630880077 0.00027676844021 -0.00214289615447 0.0118246781113 0.249925497521 -0.000449888379963 0.000143207060756 -0.00221874618604 -0.000232988663166 
0.00235927038604 0.00299578502409 0.00253853313857 0.00101591361592 -0.000659801756036 0.00190261253239 0.00201525937042 0.000471750108822 0.00166431488471 0.00188533806415 0.00113883380456 0.00242237860982 -0.00181733527459 0.000807487699656 0.00215326152257 0.00230559212274 1.2139098127e-05 0.000314119345506 0.000506248702525 3.48160614182e-05 0.00262938063414 0.0011092972235 0.00207124858879 0.00300738423923 0.00118138404986 -0.000449888379963 0.0179884816474 0.00397942326133 0.00178223136598 0.00048616940529 
0.00232228554413 0.00456224030512 0.00258828744056 0.000415836240261 0.000172383500392 0.00284711086908 0.00448184364296 -0.000427508571524 0.00104411305398 0.0015801728488 0.00205267682022 0.0023508123454 0.00261761961253 0.00203352481911 0.00226740109467 0.00325473291213 0.00331216053194 0.000486475853419 0.00181336968287 0.00121954624234 0.00278758618374 0.00337062468882 0.00317740187775 0.00249175696731 0.00319288141802 0.000143207060756 0.00397942326133 0.0354839328789 0.00189348107253 0.002843445524 
0.00192257330134 0.00174561283352 0.00164170354051 0.00151964580287 0.00123943845398 0.00164840375844 0.000350337766045 0.00193235940077 0.000527867175634 0.00291002622384 0.00174101060627 0.000223473085736 0.000237844563423 0.000127549118012 0.00291562342513 -0.00136343437403 0.00148392121016 -0.00136381718751 0.00282011469793 0.00130527744908 0.0026904673058 0.00260734098051 0.00277982927969 0.00175666132497 0.00144602256768 -0.00221874618604 0.00178223136598 0.00189348107253 0.0174450689452 0.001506587423 
0.00247048046906 0.00325098793654 0.00698203129144 0.000874589367898 0.00169481133652 -8.79067467527e-05 0.00182172340187 0.00373446454643 0.00142955233899 0.00573143366194 4.72226829229e-05 0.00125084159861 -0.0032011150696 0.000397499537181 0.00244492515523 0.00128006515629 0.000840973940618 0.00239678132767 0.00488011177741 -0.00218765171299 0.00174127392744 0.000261024768737 -0.000330174132726 0.00115485375969 0.0033018536842 -0.000232988663166 0.00048616940529 0.002843445524 0.001506587423 0.0615377220452 

['ASN', 'JBL', 'HAL', 'XEL', 'XRX', 'FII', 'MER', 'TRB', 'SYY', 'KSS', 'BLL', 'BAC', 'TLAB', 'PEP', 'GPC', 'UVN', 'SRE', 'BDX', 'JNY', 'PCG', 'PCAR', 'GWW', 'LXK', 'ZION', 'MSFT', 'BRCM', 'UPS', 'EBAY', 'MWV', 'AAPL']