30
0.0437038130991 0.0335790413719 0.190895055806 0.0965978414643 0.0896854693356 0.0861575830063 0.0716337087719 0.0785253906611 0.072987431854 0.0291549562933 0.0766259396051 0.13190386478 0.0433119494187 0.0498180241401 0.0275413533974 0.0526772687529 0.067616439087 0.168192385625 0.0916609470377 0.0607700526619 0.0224960645228 0.171372180847 0.0268374832388 0.0277880817415 0.0800542827641 0.0300827450696 -0.00662659235152 0.0430779984078 0.0408960175479 0.0756818342608 
0.203477655293 0.00269230479243 0.0599942127876 0.061090675887 0.0264698518306 0.0309678683762 0.0123624909751 0.0239663759739 -0.0121692503901 0.00719137735058 0.0196984662049 0.00739985133049 0.0131478895387 0.000451128947902 0.020183308529 0.0285617218823 0.018364807051 -0.00711146700923 0.00340207282982 0.0137990240432 0.0242551415666 0.0249323927665 0.0125744797491 0.0178875216119 0.000366495957911 0.00611909172607 0.0196525275335 0.0343267890168 0.0276503089282 0.0177132761633 
0.00269230479243 0.243116871053 0.0317058603768 0.00428295034785 0.0357497593446 0.00690667349702 -0.000215002065002 0.0291986862467 0.0237260020383 0.0119381620379 0.0208876634223 0.00424672732194 0.0269473126329 -0.0205824769044 0.0156658833587 0.00585135704684 0.0031517663956 -0.0198901926075 0.019888890388 0.0339172856701 0.00421518941597 0.000105753905706 0.00911678834167 0.00630079152504 0.0287703774796 0.00517563478195 0.0168977781644 0.0185757453412 -0.00229359432302 0.0343837198667 
0.0599942127876 0.0317058603768 0.548320195358 0.0383254320451 0.0286348852468 0.0785964349983 -0.00737503367792 0.0485075970359 0.0155726023954 0.0127140364649 0.0180064374895 0.0049352332435 0.0217367614465 0.052226157564 0.0295068547102 0.0902931670094 0.0219626125874 -0.00906586871656 0.0167727103815 0.0466695500463 0.0377957694701 0.102290065571 0.0167899134491 0.00379288564601 -0.00895052737056 0.00349821292937 0.0364312851852 -0.00426799702679 0.0232891119862 0.00746498432369 
0.061090675887 0.00428295034785 0.0383254320451 0.440781971324 0.0324495570955 -0.0149603969133 0.0129131900934 0.0297745274537 0.0178109713779 0.0281533937335 0.0137651796833 0.00799949620926 0.0257275112151 -0.00155782475123 0.00171536655677 0.0229165816567 0.0942562946607 0.00952540445165 -0.000376151324448 -0.00341549521185 0.0185370421689 0.00504253609067 0.00773089885129 0.0309132581278 0.0220061151271 0.023006102827 0.020685422635 0.0302986395751 0.00975670390269 0.0187316254581 
0.0264698518306 0.0357497593446 0.0286348852468 0.0324495570955 0.26417145195 0.00355631898406 0.00226721938013 0.0313121542455 0.023169207164 0.0232832326984 0.0292418721052 -0.00598088074672 0.0182753655152 0.0303556092795 0.0198144043872 0.0128666550901 0.0177239329646 0.00353275285212 -0.00542286598737 0.0171660476641 0.00757539271367 0.0389157088833 0.0128925859364 0.0133051246543 0.0148034306738 0.0158213369086 0.024671015648 0.0230808631838 0.0239573360765 0.00751674053427 
0.0309678683762 0.00690667349702 0.0785964349983 -0.0149603969133 0.00355631898406 0.56829006526 -0.0038919840576 0.0047036317178 0.0176052440424 0.0187600277796 0.0408450716278 -0.0161517228462 0.0193067087825 0.00220928689472 -0.0087490581265 0.0261252483442 0.0351399692123 -0.00679328577685 0.00688557883412 0.0411299142027 0.0244352278945 -0.00789455971335 -0.0142519426248 0.0100371228912 -0.002202983259 0.00752107657936 -0.00533359004543 0.00650677340521 0.0403156047538 0.0121499658862 
0.0123624909751 -0.000215002065002 -0.00737503367792 0.0129131900934 0.00226721938013 -0.0038919840576 0.188197532729 0.033856939965 -0.00413317307055 0.0030240876743 0.0205415968841 -0.00264415694088 0.0237742988958 0.00193430957585 0.00587253758042 0.00774588347451 0.0129382688839 0.0125062988812 0.00710853512027 0.00385696259216 0.00387416690891 0.0186577260923 0.0114832967779 0.0108738788247 0.00267787393982 0.00692318162702 0.0119623908157 0.0067513615884 0.0227969190793 0.0318606757193 
0.0239663759739 0.0291986862467 0.0485075970359 0.0297745274537 0.0313121542455 0.0047036317178 0.033856939965 0.328817151957 0.0123272933457 0.00299515556801 0.0338009693989 0.00793699628086 0.0398455416359 0.0251810467252 0.0262951735629 -0.00530889956367 0.0352043894668 0.0205235124946 0.011737964708 0.0524314677202 0.0247204862799 -0.00206818401749 0.0294156314491 0.0256777837508 0.0395434702428 -0.00696478035578 0.0161682548197 0.02779112522 0.0180822142647 -0.00588455108494 
-0.0121692503901 0.0237260020383 0.0155726023954 0.0178109713779 0.023169207164 0.0176052440424 -0.00413317307055 0.0123272933457 0.48043742966 0.00159946641537 -0.0166569768593 -0.0569322457623 0.0103240257473 -0.00651597273869 -0.00446761462157 0.004001601035 0.0334094857167 0.0102998525467 0.0172358345914 0.00795322085248 0.00369093578634 0.0112742308516 0.0150109685869 0.0060008734401 0.0699723959496 -0.0145515646263 0.0125547620569 0.0103725864866 0.0247093720513 -0.00168555636114 
0.00719137735058 0.0119381620379 0.0127140364649 0.0281533937335 0.0232832326984 0.0187600277796 0.0030240876743 0.00299515556801 0.00159946641537 0.248691642499 0.0163994337711 0.0217801008782 0.0303745373624 0.013329274691 0.000833042366369 0.00395801986597 -0.00220505141698 0.023603537993 0.0224052291916 0.0404229949476 0.0167764504319 0.0405807440251 0.0172836469272 0.00935461665031 0.0265974087432 0.00508194099917 0.0252056481194 0.0108157420529 0.0212604054401 0.00727816310621 
0.0196984662049 0.0208876634223 0.0180064374895 0.0137651796833 0.0292418721052 0.0408450716278 0.0205415968841 0.0338009693989 -0.0166569768593 0.0163994337711 0.264626866323 -0.00575420483515 0.0253874314132 0.00238015932584 0.0345506682732 0.00840911944752 0.0240113701604 -0.00709551564354 0.0213318173048 0.021028233334 0.0307206116261 0.0243033483966 0.0168022375859 0.0276419055319 0.00951953165866 -0.00230239416644 0.0168086855028 0.0308585706206 0.0356581435935 0.0359202758673 
0.00739985133049 0.00424672732194 0.0049352332435 0.00799949620926 -0.00598088074672 -0.0161517228462 -0.00264415694088 0.00793699628086 -0.0569322457623 0.0217801008782 -0.00575420483515 1.06888103773 0.0205298588842 -0.0241315321019 0.0119593668463 -0.0133897227718 0.0018846536359 -0.00356203993577 0.0134504188732 0.00953813321683 -0.00485279747665 -0.0435750619103 -0.0178242141334 -0.00598557416262 -0.00678264858911 -0.00514356709896 -0.0128078371337 0.00150110927605 0.00100469162477 0.0166165356432 
0.0131478895387 0.0269473126329 0.0217367614465 0.0257275112151 0.0182753655152 0.0193067087825 0.0237742988958 0.0398455416359 0.0103240257473 0.0303745373624 0.0253874314132 0.0205298588842 0.186596342336 -0.0162932090446 0.0109491995347 0.0319662587428 0.0230672500434 0.0111795052748 0.0118229619814 0.0257035205093 0.0292838158077 0.00813862936674 0.00991158948565 0.0432831833602 0.0139199368458 0.00581353752757 0.0196772916491 0.0347368762642 -0.00114611556285 0.018375600476 
0.000451128947902 -0.0205824769044 0.052226157564 -0.00155782475123 0.0303556092795 0.00220928689472 0.00193430957585 0.0251810467252 -0.00651597273869 0.013329274691 0.00238015932584 -0.0241315321019 -0.0162932090446 0.367829351546 -1.08486763952e-05 0.0214988401083 0.0130633245841 0.0487059326228 0.0254595996701 0.0108021433621 -0.00792913810562 0.177807776783 0.0223795164263 -0.010193788615 -0.0153194652386 0.00323330922468 0.0327789738494 -0.0270962488639 0.0144653711128 0.0154432144535 
0.020183308529 0.0156658833587 0.0295068547102 0.00171536655677 0.0198144043872 -0.0087490581265 0.00587253758042 0.0262951735629 -0.00446761462157 0.000833042366368 0.0345506682732 0.0119593668463 0.0109491995347 -1.08486763952e-05 0.197382849391 0.0160455098028 0.0115872158916 -0.0198562440033 0.00564620506874 0.00716946486026 0.0225514797746 0.0375171938345 0.0269437491972 0.0318611940398 0.0217135204131 0.0229507558953 0.0132833395038 0.0271854405547 0.028388732536 0.0462352626756 
0.0285617218823 0.00585135704684 0.0902931670094 0.0229165816567 0.0128666550901 0.0261252483442 0.00774588347451 -0.00530889956367 0.004001601035 0.00395801986597 0.00840911944752 -0.0133897227718 0.0319662587428 0.0214988401083 0.0160455098028 0.236638349691 0.00260787078709 0.00758507684723 0.00732450729125 0.0276643509705 0.0371261418988 0.0324061637745 0.00260248540477 0.0206518394364 0.0052028346457 0.0197264257124 0.0157152319986 0.0432141812606 0.0391019474619 0.0098385875422 
0.018364807051 0.0031517663956 0.0219626125874 0.0942562946607 0.0177239329646 0.0351399692123 0.0129382688839 0.0352043894668 0.0334094857167 -0.00220505141698 0.0240113701604 0.0018846536359 0.0230672500434 0.0130633245841 0.0115872158916 0.00260787078709 0.412059838065 0.00876594748431 0.0411684056997 0.0668364828972 0.015035271106 0.00809476491577 0.0148766156877 0.0299815350853 0.0448648726143 0.0145031657063 0.0139895867264 -0.00365824923654 0.0187611036151 0.000181714010202 
-0.00711146700923 -0.0198901926075 -0.00906586871656 0.00952540445165 0.00353275285212 -0.00679328577685 0.0125062988812 0.0205235124946 0.0102998525467 0.023603537993 -0.00709551564354 -0.00356203993577 0.0111795052748 0.0487059326228 -0.0198562440033 0.00758507684723 0.00876594748431 0.71603126116 -0.0278122335055 0.020131505403 0.0219971607445 -0.00985631288562 0.0119950975047 0.014641712256 0.0341575644629 0.00542090037849 0.0123766123363 -0.015103143266 0.00251610263716 -0.0123236104464 
0.00340207282982 0.019888890388 0.0167727103815 -0.000376151324448 -0.00542286598737 0.00688557883412 0.00710853512027 0.011737964708 0.0172358345914 0.0224052291916 0.0213318173048 0.0134504188732 0.0118229619814 0.0254595996701 0.00564620506874 0.00732450729125 0.0411684056997 -0.0278122335055 0.43833350802 0.00108783049642 0.0400047837544 0.0185976607754 0.00419883539175 0.00466534891266 0.021451181546 -0.00948767353989 0.00135562155322 -0.00220677948128 0.0223201537885 0.00361445844712 
0.0137990240432 0.0339172856701 0.0466695500463 -0.00341549521185 0.0171660476641 0.0411299142027 0.00385696259216 0.0524314677202 0.00795322085248 0.0404229949476 0.021028233334 0.00953813321683 0.0257035205093 0.0108021433621 0.00716946486026 0.0276643509705 0.0668364828972 0.020131505403 0.00108783049642 0.270859982933 0.0118523847166 0.0342994421534 0.0177968760477 0.0134372588692 0.0440061899691 0.000976015409165 0.00199755339956 0.0209390948534 0.0260373516207 0.0123420959272 
0.0242551415666 0.00421518941597 0.0377957694701 0.0185370421689 0.00757539271367 0.0244352278945 0.00387416690891 0.0247204862799 0.00369093578634 0.0167764504319 0.0307206116261 -0.00485279747665 0.0292838158077 -0.00792913810562 0.0225514797746 0.0371261418988 0.015035271106 0.0219971607445 0.0400047837544 0.0118523847166 0.210904911914 0.00887852278256 0.00611556208081 0.0242231824771 0.013754900842 0.0133463375461 0.0134556872886 0.0131947281284 0.00815596449857 0.00847153210731 
0.0249323927665 0.000105753905706 0.102290065571 0.00504253609067 0.0389157088833 -0.00789455971335 0.0186577260923 -0.00206818401749 0.0112742308516 0.0405807440251 0.0243033483966 -0.0435750619103 0.00813862936674 0.177807776783 0.0375171938345 0.0324061637745 0.00809476491577 -0.00985631288562 0.0185976607754 0.0342994421534 0.00887852278256 0.597907102086 -0.00247552266892 0.015249249638 0.0158282866136 0.00121891862213 0.0543765452272 -0.0302694435658 0.0249056781356 0.0078481492553 
0.0125744797491 0.00911678834167 0.0167899134491 0.00773089885129 0.0128925859364 -0.0142519426248 0.0114832967779 0.0294156314491 0.0150109685869 0.0172836469272 0.0168022375859 -0.0178242141334 0.00991158948565 0.0223795164263 0.0269437491972 0.00260248540477 0.0148766156877 0.0119950975047 0.00419883539175 0.0177968760477 0.00611556208081 -0.00247552266892 0.164850979257 0.00218484627639 0.00492611645431 0.00674501746477 0.00668970612225 0.0122679127055 0.012645657895 0.0106323311892 
0.0178875216119 0.00630079152504 0.00379288564601 0.0309132581278 0.0133051246543 0.0100371228912 0.0108738788247 0.0256777837508 0.0060008734401 0.00935461665031 0.0276419055319 -0.00598557416262 0.0432831833602 -0.010193788615 0.0318611940398 0.0206518394364 0.0299815350853 0.014641712256 0.00466534891266 0.0134372588692 0.0242231824771 0.015249249638 0.00218484627639 0.179025434232 -0.00302000165091 0.00812627293114 0.0220433755682 0.012683714524 0.00218162048112 0.0263947199603 
0.000366495957911 0.0287703774796 -0.00895052737056 0.0220061151271 0.0148034306738 -0.00220298325899 0.00267787393982 0.0395434702428 0.0699723959496 0.0265974087432 0.00951953165866 -0.00678264858911 0.0139199368458 -0.0153194652386 0.0217135204131 0.0052028346457 0.0448648726143 0.0341575644629 0.021451181546 0.0440061899691 0.013754900842 0.0158282866136 0.00492611645431 -0.00302000165091 0.341211875609 0.0080548727917 0.00711504616566 0.0321067846074 -0.00701479543133 0.0168073406875 
0.00611909172607 0.00517563478195 0.00349821292937 0.023006102827 0.0158213369086 0.00752107657936 0.00692318162702 -0.00696478035578 -0.0145515646263 0.00508194099917 -0.00230239416644 -0.00514356709896 0.00581353752757 0.00323330922468 0.0229507558953 0.0197264257124 0.0145031657063 0.00542090037849 -0.00948767353989 0.000976015409165 0.0133463375461 0.00121891862213 0.00674501746477 0.00812627293114 0.0080548727917 0.163949733192 0.00781494785388 0.0236458010024 0.00285873210824 0.0102340440479 
0.0196525275335 0.0168977781644 0.0364312851852 0.020685422635 0.024671015648 -0.00533359004543 0.0119623908157 0.0161682548197 0.0125547620569 0.0252056481194 0.0168086855028 -0.0128078371337 0.0196772916491 0.0327789738494 0.0132833395038 0.0157152319986 0.0139895867264 0.0123766123363 0.00135562155322 0.00199755339956 0.0134556872886 0.0543765452272 0.00668970612225 0.0220433755682 0.00711504616566 0.00781494785388 0.179713102116 0.0156759881323 0.0226225063538 0.0184031737084 
0.0343267890168 0.0185757453412 -0.00426799702679 0.0302986395751 0.0230808631838 0.00650677340521 0.0067513615884 0.02779112522 0.0103725864866 0.0108157420529 0.0308585706206 0.00150110927605 0.0347368762642 -0.0270962488639 0.0271854405547 0.0432141812606 -0.00365824923654 -0.015103143266 -0.00220677948128 0.0209390948534 0.0131947281284 -0.0302694435658 0.0122679127055 0.012683714524 0.0321067846074 0.0236458010024 0.0156759881323 0.331416759062 0.0364062484134 0.0295991959512 
0.0276503089282 -0.00229359432302 0.0232891119862 0.00975670390269 0.0239573360765 0.0403156047538 0.0227969190793 0.0180822142647 0.0247093720513 0.0212604054401 0.0356581435935 0.00100469162477 -0.00114611556285 0.0144653711128 0.028388732536 0.0391019474619 0.0187611036151 0.00251610263716 0.0223201537885 0.0260373516207 0.00815596449857 0.0249056781356 0.012645657895 0.00218162048112 -0.00701479543133 0.00285873210824 0.0226225063538 0.0364062484134 0.211970651656 0.028407711843 
0.0177132761633 0.0343837198667 0.00746498432369 0.0187316254581 0.00751674053427 0.0121499658862 0.0318606757193 -0.00588455108494 -0.00168555636114 0.00727816310621 0.0359202758673 0.0166165356432 0.018375600476 0.0154432144535 0.0462352626756 0.0098385875422 0.000181714010202 -0.0123236104464 0.00361445844712 0.0123420959272 0.00847153210731 0.0078481492553 0.0106323311892 0.0263947199603 0.0168073406875 0.0102340440479 0.0184031737084 0.0295991959512 0.028407711843 0.220588907545 
0.0176216818586 0.000233160434497 0.00519565123541 0.00529060772525 0.00229235641197 0.00268189607149 0.00107062312385 0.002075549043 -0.00105388799829 0.000622791547381 0.0017059372149 0.000640845923643 0.00113864063466 3.90689129266e-05 0.00174792579186 0.00247351767259 0.00159043894417 -0.000615871108817 0.000294628149615 0.00119503053688 0.00210055687691 0.00215920855129 0.00108898189021 0.00154910481266 3.17394809935e-05 0.000529928888286 0.00170195880926 0.00297278713189 0.00239458699543 0.00153401471417 
0.000233160434497 0.021054538642 0.00274580805352 0.000370914380438 0.00309601997716 0.000598135470406 -1.86197250158e-05 0.00252868040468 0.00205473204954 0.00103387515993 0.00180892471494 0.000367777374375 0.00233370573039 -0.0017824947872 0.00135670529614 0.000506742384917 0.000272950976538 -0.00172254120843 0.00172242843291 0.00293732310177 0.0003650461116 9.15855688911e-06 0.000789537030481 0.000545664552463 0.00249158777738 0.000448223120188 0.00146339051579 0.00160870673597 -0.000198631094971 0.00297771748811 
0.00519565123541 0.00274580805352 0.0474859218588 0.00331907977621 0.00247985380582 0.00680665093554 -0.000638696651885 0.00420088113096 0.00134862692775 0.00110106785633 0.00155940322976 0.000427403736247 0.00188245876087 0.00452291791924 0.00255536857648 0.00781961764183 0.00190201804342 -0.000785127261592 0.00145255932807 0.00404170159233 0.00327320965167 0.00885857953394 0.00145404915742 0.000328473532309 -0.000775138408017 0.000302954126468 0.00315504184629 -0.000369619384847 0.00201689626116 0.000646486606317 
0.00529060772525 0.000370914380438 0.00331907977621 0.0381728384697 0.00281021407863 -0.00129560837776 0.00111831506648 0.00257854971606 0.00154247536793 0.0024381554176 0.00119209952934 0.000692776693469 0.00222806782884 -0.000134911580921 0.000148555101496 0.00198463418826 0.00816283456428 0.000824924223645 -3.25756602639e-05 -0.000295790561996 0.00160535494293 0.000436696435402 0.000669515479931 0.00267716668524 0.00190578547387 0.00199238694903 0.00179141014899 0.00262393915721 0.000844955343693 0.00162220635009 
0.00229235641197 0.00309601997716 0.00247985380582 0.00281021407863 0.0228779188343 0.000307986258415 0.000196346957914 0.00271171210238 0.00200651219896 0.0020163870999 0.00253242040973 -0.000517959466366 0.00158269307996 0.00262887287834 0.00171597775601 0.00111428501698 0.00153493762023 0.000305945371523 -0.000469633970638 0.00148662333597 0.000656048253368 0.00337019924993 0.00111653069414 0.00115225759511 0.00128201470267 0.00137016796847 0.00213657262884 0.00199886138585 0.00207476616492 0.000650968825633 
0.00268189607149 0.000598135470406 0.00680665093554 -0.00129560837776 0.000307986258415 0.0492153633233 -0.000337055706501 0.000407346455766 0.00152465885806 0.00162466606328 0.00353728696491 -0.00139878022997 0.00167201002691 0.000191329857508 -0.000757690659674 0.00226251287463 0.0030432106026 -0.000588315805792 0.000596308619011 0.00356195505551 0.00211615281039 -0.000683688926345 -0.00123425443664 0.000869240340466 -0.00019078394664 0.000651344338153 -0.000461902447272 0.000563503106558 0.00349143378857 0.00105221791125 
0.00107062312385 -1.86197250158e-05 -0.000638696651885 0.00111831506648 0.000196346957914 -0.000337055706501 0.0162983844273 0.00293209701041 -0.000357943287734 0.000261893674921 0.00177895447359 -0.000228990708239 0.00205891468009 0.000167516123147 0.000508576672932 0.000670813186368 0.00112048695345 0.00108307725384 0.000615617199785 0.000334022758626 0.000335512696162 0.00161580647727 0.000994482672884 0.000941705529988 0.000231910686001 0.000599565116401 0.00103597343364 0.000584685064569 0.00197427110507 0.00275921545547 
0.002075549043 0.00252868040468 0.00420088113096 0.00257854971606 0.00271171210238 0.000407346455766 0.00293209701041 0.0284764006795 0.00106757491973 0.000259388081018 0.0029272498172 0.000687364040897 0.00345072512842 0.00218074261579 0.00227722883024 -0.000459764188828 0.0030487895603 0.00177738831952 0.00101653756258 0.00454069830034 0.00214085691123 -0.000179109989885 0.00254746841033 0.00222376130411 0.00342456497841 -0.000603167671989 0.00140021194087 0.00240678204403 0.00156596569099 -0.000509617072942 
-0.00105388799829 0.00205473204954 0.00134862692775 0.00154247536793 0.00200651219896 0.00152465885806 -0.000357943287734 0.00106757491973 0.0416071019015 0.000138517854821 -0.00144253651104 -0.00493047711247 0.00089408685665 -0.000564299792207 -0.00038690677566 0.000346548815212 0.00289334633581 0.000891993396064 0.00149266706116 0.000688769130016 0.000319644415471 0.000976377032564 0.00129998801317 0.000519690884402 0.0060597872456 -0.00126020246312 0.00108727428798 0.000898292340033 0.0021398943908 -0.000145973462825 
0.000622791547381 0.00103387515993 0.00110106785633 0.0024381554176 0.0020163870999 0.00162466606328 0.000261893674921 0.000259388081018 0.000138517854821 0.0215373280113 0.00142023262534 0.00188621206575 0.00263051209841 0.00115434904964 7.21435851704e-05 0.000342774575262 -0.000190963054376 0.00204412635211 0.00194034976576 0.00350073405217 0.00145288322594 0.00351439552302 0.0014968077309 0.000810133566183 0.00230340316464 0.000440109000582 0.00218287315903 0.000936670737862 0.00184120512059 0.000630307414287 
0.0017059372149 0.00180892471494 0.00155940322976 0.00119209952934 0.00253242040973 0.00353728696491 0.00177895447359 0.0029272498172 -0.00144253651104 0.00142023262534 0.0229173588759 -0.000498328756582 0.00219861605406 0.000206127844123 0.00299217564424 0.000728251106501 0.00207944565386 -0.000614489680025 0.00184738956949 0.00182109842639 0.0026604830088 0.00210473171084 0.00145511645898 0.00239385923996 0.000824415624853 -0.000199393183766 0.00145567486497 0.00267243060819 0.00308808582038 0.00311078714121 
0.000640845923643 0.000367777374375 0.000427403736247 0.000692776693469 -0.000517959466366 -0.00139878022997 -0.000228990708239 0.000687364040897 -0.00493047711247 0.00188621206575 -0.000498328756582 0.09256781323 0.00177793793299 -0.00208985198325 0.0010357115502 -0.001159584007 0.000163215792603 -0.000308481707367 0.00116484044358 0.000826026567046 -0.00042026458942 -0.00377371105858 -0.0015436222242 -0.000518365928107 -0.000587394598311 -0.000445445977377 -0.00110919123253 0.000129999876692 8.70088470024e-05 0.00143903419899 
0.00113864063466 0.00233370573039 0.00188245876087 0.00222806782884 0.00158269307996 0.00167201002691 0.00205891468009 0.00345072512842 0.00089408685665 0.00263051209841 0.00219861605406 0.00177793793299 0.0161597172717 -0.00141103329418 0.000948228494815 0.00276835921352 0.0019976824533 0.000968173556976 0.00102389854239 0.00222599017278 0.00253605284092 0.000704825978358 0.000858368828645 0.00374843363466 0.00120550189276 0.000503467118473 0.00170410344458 0.00300830172929 -9.92565193099e-05 0.0015913736822 
3.90689129266e-05 -0.0017824947872 0.00452291791924 -0.000134911580921 0.00262887287834 0.000191329857508 0.000167516123147 0.00218074261579 -0.000564299792207 0.00115434904964 0.000206127844123 -0.00208985198325 -0.00141103329418 0.0318549562697 -9.3952293557e-07 0.00186185416857 0.00113131709477 0.00421805749664 0.00220486600845 0.000935493056687 -0.000686683502958 0.0153986051685 0.00193812297496 -0.000882807990139 -0.00132670460691 0.000280012792687 0.00283874240636 -0.00234660398634 0.00125273788588 0.00133742160328 
0.00174792579186 0.00135670529614 0.00255536857648 0.000148555101496 0.00171597775601 -0.000757690659674 0.000508576672932 0.00227722883024 -0.00038690677566 7.21435851704e-05 0.00299217564424 0.0010357115502 0.000948228494815 -9.3952293557e-07 0.0170938561844 0.00138958191059 0.00100348233213 -0.00171960117306 0.00048897570245 0.000620893870052 0.00195301543777 0.00324908429393 0.0023333971278 0.00275926034334 0.00188044602833 0.00198759376414 0.00115037094574 0.00235432821334 0.00245853635574 0.00400409120277 
0.00247351767259 0.000506742384917 0.00781961764183 0.00198463418826 0.00111428501698 0.00226251287463 0.000670813186368 -0.000459764188828 0.000346548815212 0.000342774575262 0.000728251106501 -0.001159584007 0.00276835921352 0.00186185416857 0.00138958191059 0.0204934822342 0.00022584823514 0.000656886923936 0.000634320938442 0.00239580307196 0.00321521820289 0.0028064561068 0.000225381847351 0.00178850175868 0.000450578697486 0.00170835857928 0.00136097901372 0.00374245787754 0.00338632798394 0.00085204667489 
0.00159043894417 0.000272950976538 0.00190201804342 0.00816283456428 0.00153493762023 0.0030432106026 0.00112048695345 0.0030487895603 0.00289334633581 -0.000190963054376 0.00207944565386 0.000163215792603 0.0019976824533 0.00113131709477 0.00100348233213 0.00022584823514 0.0356854287644 0.000759153320965 0.00356528851693 0.00578820920886 0.00130209267306 0.000701027205472 0.00128835271078 0.00259647710283 0.00388541194216 0.00125601099369 0.00121153374935 -0.000316813677222 0.00162475923337 1.57368949059e-05 
-0.000615871108817 -0.00172254120843 -0.000785127261592 0.000824924223645 0.000305945371523 -0.000588315805792 0.00108307725384 0.00177738831952 0.000891993396064 0.00204412635211 -0.000614489680025 -0.000308481707367 0.000968173556976 0.00421805749664 -0.00171960117306 0.000656886923936 0.000759153320965 0.0620101262068 -0.00240861007518 0.00174343950954 0.00190501000159 -0.000853581734659 0.001038805916 0.00126800947686 0.00295813185563 0.000469463743916 0.0010718460696 -0.00130797057453 0.000217900880231 -0.00106725597129 
0.000294628149615 0.00172242843291 0.00145255932807 -3.25756602639e-05 -0.000469633970638 0.000596308619011 0.000615617199785 0.00101653756258 0.00149266706116 0.00194034976576 0.00184738956949 0.00116484044358 0.00102389854239 0.00220486600845 0.00048897570245 0.000634320938442 0.00356528851693 -0.00240861007518 0.0379607953275 9.42088844908e-05 0.00346451590042 0.00161060466825 0.000363629811557 0.000404031067588 0.001857726816 -0.000821656630836 0.0001174002703 -0.000191112709134 0.00193298201972 0.000313021283613 
0.00119503053688 0.00293732310177 0.00404170159233 -0.000295790561996 0.00148662333597 0.00356195505551 0.000334022758626 0.00454069830034 0.000688769130016 0.00350073405217 0.00182109842639 0.000826026567046 0.00222599017278 0.000935493056687 0.000620893870052 0.00239580307196 0.00578820920886 0.00174343950954 9.42088844908e-05 0.0234571626088 0.001026446626 0.00297041882405 0.00154125467653 0.0011637007538 0.0038110478437 8.45254138822e-05 0.000172993198943 0.00181337880753 0.00225490079508 0.00106885686089 
0.00210055687691 0.0003650461116 0.00327320965167 0.00160535494293 0.000656048253368 0.00211615281039 0.000335512696162 0.00214085691123 0.000319644415471 0.00145288322594 0.0026604830088 -0.00042026458942 0.00253605284092 -0.000686683502958 0.00195301543777 0.00321521820289 0.00130209267306 0.00190501000159 0.00346451590042 0.001026446626 0.01826490115 0.000768902627777 0.00052962321204 0.00209778913857 0.00119120935557 0.00115582673624 0.00116529670173 0.00114269697552 0.000706327244813 0.000733656201391 
0.00215920855129 9.15855688911e-06 0.00885857953394 0.000436696435402 0.00337019924993 -0.000683688926345 0.00161580647727 -0.000179109989885 0.000976377032564 0.00351439552302 0.00210473171084 -0.00377371105858 0.000704825978358 0.0153986051685 0.00324908429393 0.0028064561068 0.000701027205472 -0.000853581734659 0.00161060466825 0.00297041882405 0.000768902627777 0.051780273951 -0.000214386551893 0.00132062375752 0.00137076983057 0.000105561449191 0.00470914695368 -0.00262141070864 0.00215689499639 0.000679669662778 
0.00108898189021 0.000789537030481 0.00145404915742 0.00066951547993 0.00111653069414 -0.00123425443664 0.000994482672884 0.00254746841033 0.00129998801317 0.0014968077309 0.00145511645898 -0.0015436222242 0.000858368828645 0.00193812297496 0.0023333971278 0.000225381847351 0.00128835271078 0.001038805916 0.000363629811557 0.00154125467653 0.00052962321204 -0.000214386551893 0.0142765135875 0.000189213237872 0.000426614199143 0.000584135647346 0.000579345544572 0.00106243240544 0.00109514609847 0.000920786891127 
0.00154910481266 0.000545664552463 0.000328473532309 0.00267716668524 0.00115225759511 0.000869240340466 0.000941705529988 0.00222376130411 0.000519690884402 0.000810133566183 0.00239385923996 -0.000518365928107 0.00374843363466 -0.000882807990139 0.00275926034334 0.00178850175868 0.00259647710283 0.00126800947686 0.000404031067588 0.0011637007538 0.00209778913857 0.00132062375752 0.000189213237872 0.0155040573968 -0.000261539814916 0.000703755879645 0.00190901232273 0.00109844189921 0.000188933875806 0.00228584980114 
3.17394809935e-05 0.00249158777738 -0.000775138408017 0.00190578547387 0.00128201470267 -0.00019078394664 0.000231910686001 0.00342456497841 0.0060597872456 0.00230340316464 0.000824415624853 -0.000587394598311 0.00120550189276 -0.00132670460691 0.00188044602833 0.000450578697486 0.00388541194216 0.00295813185563 0.001857726816 0.0038110478437 0.00119120935557 0.00137076983057 0.000426614199143 -0.000261539814916 0.029549815235 0.000697572446186 0.000616181072856 0.00278052911038 -0.000607499104589 0.00145555840055 
0.000529928888286 0.000448223120188 0.000302954126468 0.00199238694903 0.00137016796847 0.000651344338153 0.000599565116401 -0.000603167671989 -0.00126020246312 0.000440109000582 -0.000199393183766 -0.000445445977377 0.000503467118473 0.000280012792687 0.00198759376414 0.00170835857928 0.00125601099369 0.000469463743916 -0.000821656630836 8.45254138822e-05 0.00115582673624 0.000105561449191 0.000584135647346 0.000703755879645 0.000697572446186 0.0141984633888 0.000676794337071 0.00204778643609 0.000247573462835 0.000886294212896 
0.00170195880926 0.00146339051579 0.00315504184629 0.00179141014899 0.00213657262884 -0.000461902447272 0.00103597343364 0.00140021194087 0.00108727428798 0.00218287315903 0.00145567486497 -0.00110919123253 0.00170410344458 0.00283874240636 0.00115037094574 0.00136097901372 0.00121153374935 0.0010718460696 0.0001174002703 0.000172993198943 0.00116529670173 0.00470914695368 0.000579345544572 0.00190901232273 0.000616181072856 0.000676794337071 0.0155636111826 0.0013575803952 0.00195916651997 0.00159376159418 
0.00297278713189 0.00160870673597 -0.000369619384847 0.00262393915721 0.00199886138585 0.000563503106558 0.000584685064569 0.00240678204403 0.000898292340033 0.000936670737862 0.00267243060819 0.000129999876692 0.00300830172929 -0.00234660398634 0.00235432821334 0.00374245787754 -0.000316813677222 -0.00130797057453 -0.000191112709134 0.00181337880753 0.00114269697552 -0.00262141070864 0.00106243240544 0.00109844189921 0.00278052911038 0.00204778643609 0.0013575803952 0.0287015332588 0.00315287359825 0.00256336556253 
0.00239458699543 -0.000198631094971 0.00201689626116 0.000844955343693 0.00207476616492 0.00349143378857 0.00197427110507 0.00156596569099 0.0021398943908 0.00184120512059 0.00308808582038 8.70088470024e-05 -9.92565193098e-05 0.00125273788588 0.00245853635574 0.00338632798394 0.00162475923337 0.000217900880231 0.00193298201972 0.00225490079508 0.000706327244813 0.00215689499639 0.00109514609847 0.000188933875806 -0.000607499104589 0.000247573462835 0.00195916651997 0.00315287359825 0.0183571969191 0.00246018001194 
0.00153401471417 0.00297771748811 0.000646486606317 0.00162220635009 0.000650968825633 0.00105221791125 0.00275921545547 -0.000509617072942 -0.000145973462825 0.000630307414287 0.00311078714121 0.00143903419899 0.0015913736822 0.00133742160328 0.00400409120277 0.00085204667489 1.57368949059e-05 -0.00106725597129 0.000313021283613 0.00106885686089 0.000733656201391 0.000679669662778 0.000920786891127 0.00228584980114 0.00145555840055 0.000886294212896 0.00159376159418 0.00256336556253 0.00246018001194 0.0191035597727 

['LLL', 'TMO', 'GILD', 'HPC', 'CCL', 'BDX', 'FII', 'LTD', 'PFE', 'AVY', 'WAG', 'CVG', 'ZION', 'MUR', 'SNA', 'GENZ', 'ALTR', 'JNS', 'FDX', 'ROK', 'LNC', 'EOG', 'GIS', 'KEY', 'CSCO', 'HCR', 'DUK', 'YUM', 'FISV', 'CAH']