30
0.0360508970818 0.0347685991573 0.00792878112812 0.0823962853659 0.0431815223905 0.0423549004831 0.0948967479515 0.0214629747746 0.0833786368315 0.0216083944488 0.0914492870129 0.0524452719686 0.0593939882808 0.0560151075184 0.275152850517 0.171372180847 0.0540494724418 0.0472299451056 0.0703179731329 0.0251356843311 0.0498180241401 0.357744060202 0.0839491815724 0.0621428512979 0.0110311255814 0.082081594572 0.0331605059077 0.0088766616328 0.0649337142294 0.126255379542 
0.192073008987 0.00472208711494 0.0156777449998 0.0142693617914 0.0188455100725 0.0154514048865 0.0117074650878 0.024085317615 0.0254414094723 0.0366726533882 0.0423536020658 0.0216911983791 0.0261863419317 0.0263783668451 -0.00734448979085 0.0161727718828 0.0068680292709 0.0340044002285 0.00953673617248 0.0311887676305 0.00356388264992 0.00882816617026 0.0306955083693 0.0351927057104 0.0214175868915 0.0277413489555 0.0197441779823 0.0241008572833 0.0217132212937 0.0322797576717 
0.00472208711495 0.223125438136 0.0225106235878 0.012282662395 -0.00750741112038 0.013600185267 0.00469712060322 0.0199444685122 0.0137377341869 -0.00344743896808 0.0295400475 0.012086472959 0.0147248893842 0.0363925330771 0.020217787947 0.153414911145 0.0207927904645 -0.00186666121241 0.0116633621007 0.00446084396742 0.0836379341006 0.00626742329109 0.00289813522072 0.0144995478164 0.0209707803306 0.0330451034388 0.015857020328 0.031087488952 0.0118706204622 0.0236346082265 
0.0156777449998 0.0225106235878 0.232972923143 0.0144637961999 0.0182914088856 0.00134510719513 0.0225454504138 0.013994965738 0.0527517245701 0.0075351135888 0.0180146733263 0.0336387583301 0.0063194796538 0.00262567181088 -0.0347030779916 0.020837164913 0.010085056247 -0.00775134295644 0.00543638701107 0.0156134019437 0.00746719912083 -0.0363382500822 -0.0191180983138 0.0175401524381 0.00942919846435 0.0240794560137 0.00872289113046 0.0134270336984 0.0405027426816 0.00790267430763 
0.0142693617914 0.012282662395 0.0144637961999 0.329652432838 0.0316742318954 0.00584732646818 0.00566770778406 0.00350053845462 -0.0032285951146 0.0150492238097 0.00823783086303 0.00963366228747 0.00455984852278 0.0168244701769 0.0102004970826 0.0016820117524 0.00368586103338 -0.0227946047093 -0.00860990038818 0.0331732565292 0.00691352513748 0.0229157140864 0.0372390705522 0.011020842683 -0.00873342248875 0.042245734987 -0.010301335516 0.0550310920349 0.012632792638 0.0875261136276 
0.0188455100725 -0.00750741112038 0.0182914088856 0.0316742318954 0.204528856913 0.00924707258909 0.0196382496939 0.000514193941296 0.0157863865646 -0.0126170347523 0.052971993013 0.037069534907 -0.010428648842 0.0106048320539 -0.0136817672709 0.0138502155306 0.00799247907758 0.0142947344888 0.00117993456129 0.0188011685274 -0.0026144382144 0.0547957990076 0.0209284188663 0.0277040839782 0.0123647835872 0.0204849355186 0.00599111764242 0.0021929452881 0.0177717437785 0.0320977052687 
0.0154514048865 0.013600185267 0.00134510719513 0.00584732646818 0.00924707258909 0.223386906354 0.00486659672522 0.0200887293229 0.00177425889207 0.011330658448 -0.00489932131401 0.00705684429231 -0.00130535030141 0.0328451669838 -0.00658382100282 -0.0122165210885 0.0148546301442 0.00887220130401 0.0249627982312 0.0131465435058 -0.0147363366924 0.0125745840422 -0.00436175075536 0.0085375363301 0.0204459539971 -0.0013773027151 0.019818085588 0.0207658009294 0.0158551899659 0.0468567365164 
0.0117074650878 0.00469712060322 0.0225454504138 0.00566770778406 0.0196382496939 0.00486659672522 0.552939248709 0.00707770013426 -0.00567070181124 0.0138595363391 -6.74381836745e-05 0.0170064928986 0.010755202546 -0.014501549015 -0.0316009639179 0.0703622675293 0.0182571015752 -0.00537394779351 0.0121954364993 0.0134325820357 0.00980480320879 -0.0286972206141 0.0764555667839 0.0158227402448 0.013834729999 0.00339143042343 0.00953289650654 0.0343311989092 0.0385295526001 0.0429452928466 
0.024085317615 0.0199444685122 0.013994965738 0.00350053845462 0.000514193941294 0.0200887293229 0.00707770013426 0.167839604155 0.00521647231242 0.010763947099 0.0273341500691 0.0159826186404 0.0282147450559 0.0141530139915 0.00361722343047 0.0472804351128 0.0137052500304 -0.00639651329144 0.0203175443934 0.00097849730624 0.0134197633937 0.0234255550043 0.00408731134109 0.0138015186967 0.0294253458803 0.014858139939 0.0256515612637 0.0206029064497 0.0168865688738 0.000944297932918 
0.0254414094723 0.0137377341869 0.0527517245701 -0.0032285951146 0.0157863865646 0.00177425889207 -0.00567070181124 0.00521647231242 0.382347831241 0.0120386420764 0.0577949789701 0.0167310698536 0.041815448203 0.0118710092099 -0.0166732438872 0.0103775845864 0.00553664649058 0.0318689394468 0.0050029832967 0.0108175598249 0.0177921695316 -0.00321164223654 -0.014754771278 0.0223134174151 0.0189150726313 0.0204013790382 0.0169770184454 0.037458375721 0.0244394835486 0.0260947034316 
0.0366726533882 -0.00344743896808 0.0075351135888 0.0150492238097 -0.0126170347523 0.011330658448 0.0138595363391 0.010763947099 0.0120386420764 0.243149853762 0.0202030709001 0.0167408390224 0.00820780669971 -0.0119426021689 -0.0180828317249 -0.0408551457151 0.0229517055728 0.0153608022133 0.035700220435 0.0352644990669 0.00681229317283 0.02406666064 0.105544929363 0.0305235174712 -0.00202732624269 -0.00365177588412 0.00172592102692 0.0153661223175 0.0105206675944 0.0260062829871 
0.0423536020658 0.0295400475 0.0180146733263 0.00823783086303 0.052971993013 -0.00489932131401 -6.74381836739e-05 0.0273341500691 0.0577949789701 0.0202030709001 0.473066369464 0.086731472812 0.0302025948429 0.0141956374534 -0.0307735351004 0.100631385378 0.0499422233452 0.0442336243884 0.0240890220197 0.0374389979611 0.052080995405 0.0242769635483 0.0497205316172 0.0298745893957 0.0286196244208 0.0509583211273 0.0273248421638 0.0265229135155 0.0536980843933 0.0429896335858 
0.0216911983791 0.012086472959 0.0336387583301 0.00963366228747 0.037069534907 0.00705684429231 0.0170064928986 0.0159826186404 0.0167310698536 0.0167408390224 0.086731472812 0.258113034415 0.0129411368481 -0.00482771197909 0.0113720687045 0.0180904414312 0.0130560266949 0.0210239071753 0.0146947221725 0.00929092972101 0.00959429663071 0.0477907240384 0.00253916894757 0.0271025296264 0.00802328627741 0.0463271182562 0.00600265473095 0.0180233051953 0.0579478275215 0.0566569423218 
0.0261863419317 0.0147248893842 0.0063194796538 0.00455984852278 -0.010428648842 -0.00130535030141 0.010755202546 0.0282147450559 0.041815448203 0.00820780669971 0.0302025948429 0.0129411368481 0.236926445958 -0.00552946903569 0.010300299396 -0.00315127166676 0.00379694794788 0.0175652252371 0.0145604542417 0.0151116824221 0.00367296417192 0.0119249836884 0.0065795497986 0.0169890074442 0.0134042867936 0.0302395274116 0.0191554956604 0.0179615918897 0.0158923411792 0.0226678313375 
0.0263783668451 0.0363925330771 0.00262567181088 0.0168244701769 0.0106048320539 0.0328451669838 -0.014501549015 0.0141530139915 0.0118710092099 -0.0119426021689 0.0141956374534 -0.00482771197909 -0.00552946903569 0.36106572903 0.000666359737849 0.0219399821965 0.0326417723381 0.0111909967482 0.00864310759209 0.0163728484934 0.0137516205036 0.011483533036 0.00434244706856 0.0339734301621 0.013872099161 0.0351774270533 0.0194384062168 0.00636076753983 0.00694548201945 0.0287798403843 
-0.00734448979085 0.020217787947 -0.0347030779916 0.0102004970826 -0.0136817672709 -0.00658382100282 -0.0316009639179 0.00361722343047 -0.0166732438872 -0.0180828317249 -0.0307735351004 0.0113720687045 0.010300299396 0.000666359737849 2.71638507166 0.0911941032771 -0.0263756542137 -0.030101866841 -0.00781059378425 0.00499321657605 0.0485912008446 -0.0125702967229 -0.015901639644 -0.0103639639759 0.00375433511183 -0.0127825923042 -0.00278514763309 0.072453120202 -0.0126932378566 0.0446361280195 
0.0161727718828 0.153414911145 0.020837164913 0.0016820117524 0.0138502155306 -0.0122165210885 0.0703622675293 0.0472804351128 0.0103775845864 -0.0408551457151 0.100631385378 0.0180904414312 -0.00315127166676 0.0219399821965 0.0911941032771 0.570230590923 0.0194641730155 0.0284601888437 0.0320390077574 -0.00630298757457 0.164657430199 -0.00509967057134 -0.0358715773228 0.0268725205099 0.0272753723687 0.0346204849331 0.0273570131814 0.0281001541688 0.0473463852969 0.0256320009398 
0.0068680292709 0.0207927904645 0.010085056247 0.00368586103338 0.00799247907758 0.0148546301442 0.0182571015752 0.0137052500304 0.00553664649058 0.0229517055728 0.0499422233452 0.0130560266949 0.00379694794788 0.0326417723381 -0.0263756542137 0.0194641730155 0.273184902568 0.0213747094793 0.00422846212244 0.0214514570924 0.017392420895 0.0221869460149 0.00130856703941 0.0347238474726 0.0308431540902 0.010447397786 0.0200761674003 0.0389317897208 0.0330143095214 0.0169010247705 
0.0340044002285 -0.00186666121241 -0.00775134295644 -0.0227946047093 0.0142947344888 0.00887220130401 -0.00537394779351 -0.00639651329144 0.0318689394468 0.0153608022133 0.0442336243884 0.0210239071753 0.0175652252371 0.0111909967482 -0.030101866841 0.0284601888437 0.0213747094793 0.290621013144 0.0139564856441 0.0175743901468 -0.00705490597749 0.0125772115527 0.0132902461965 0.0283077605276 0.0161065529287 0.0543055513052 0.0258945873547 0.00526025521932 0.0178623720344 0.0372314774284 
0.00953673617249 0.0116633621007 0.00543638701107 -0.00860990038818 0.00117993456129 0.0249627982312 0.0121954364993 0.0203175443934 0.0050029832967 0.035700220435 0.0240890220197 0.0146947221725 0.0145604542417 0.00864310759209 -0.00781059378425 0.0320390077574 0.00422846212244 0.0139564856441 0.287897612783 0.0199017064903 -0.00108081663198 0.0136937179099 -0.00807607048575 0.0215502155656 0.0173468044683 0.00367572572816 0.00922825708259 -3.71134976673e-05 0.0179107243286 -0.00856376281144 
0.0311887676305 0.00446084396741 0.0156134019437 0.0331732565292 0.0188011685274 0.0131465435058 0.0134325820357 0.000978497306233 0.0108175598249 0.0352644990669 0.0374389979611 0.00929092972101 0.0151116824221 0.0163728484934 0.00499321657605 -0.00630298757457 0.0214514570924 0.0175743901468 0.0199017064903 0.12828130895 0.0037402421655 -0.0046699671675 0.0304402678204 0.0263674473665 0.0115766332103 0.00436718731808 0.0172255642655 0.0226283919724 0.0174639886012 0.0153468704859 
0.00356388264992 0.0836379341006 0.00746719912083 0.00691352513748 -0.0026144382144 -0.0147363366924 0.00980480320879 0.0134197633937 0.0177921695316 0.00681229317283 0.052080995405 0.00959429663071 0.00367296417192 0.0137516205036 0.0485912008446 0.164657430199 0.017392420895 -0.00705490597749 -0.00108081663198 0.0037402421655 0.364865486534 0.0389980108183 0.00468889173072 0.0029299864852 0.0216596774125 0.0297353834839 0.027551795995 0.0178599701585 0.0313656988115 0.0269985992845 
0.00882816617026 0.00626742329109 -0.0363382500822 0.0229157140864 0.0547957990076 0.0125745840422 -0.0286972206141 0.0234255550043 -0.00321164223654 0.02406666064 0.0242769635483 0.0477907240384 0.0119249836884 0.011483533036 -0.0125702967229 -0.00509967057134 0.0221869460149 0.0125772115527 0.0136937179099 -0.0046699671675 0.0389980108183 2.88998805711 0.0314785246361 0.00820658863649 0.0103072217045 0.0424347204549 0.0225490592237 0.0400175568867 0.0715379673125 0.0311720832037 
0.0306955083693 0.00289813522072 -0.0191180983138 0.0372390705522 0.0209284188663 -0.00436175075536 0.0764555667839 0.00408731134109 -0.014754771278 0.105544929363 0.0497205316172 0.00253916894757 0.0065795497986 0.00434244706856 -0.015901639644 -0.0358715773228 0.00130856703941 0.0132902461966 -0.00807607048575 0.0304402678204 0.00468889173071 0.0314785246361 0.58927656819 0.0261162568861 0.0128330786026 -6.05732278713e-05 0.00154586856883 0.0460548139599 0.010461525113 0.0354555731937 
0.0351927057104 0.0144995478164 0.0175401524381 0.011020842683 0.0277040839782 0.0085375363301 0.0158227402448 0.0138015186967 0.0223134174151 0.0305235174712 0.0298745893957 0.0271025296264 0.0169890074442 0.0339734301621 -0.0103639639759 0.0268725205099 0.0347238474726 0.0283077605276 0.0215502155656 0.0263674473665 0.0029299864852 0.00820658863649 0.0261162568861 0.177544007468 0.038128381141 0.0321896541556 0.0248600046756 0.0186039676892 0.0276112201423 0.0312805857387 
0.0214175868916 0.0209707803306 0.00942919846435 -0.00873342248874 0.0123647835872 0.0204459539971 0.013834729999 0.0294253458803 0.0189150726313 -0.00202732624268 0.0286196244208 0.00802328627741 0.0134042867936 0.013872099161 0.00375433511183 0.0272753723687 0.0308431540902 0.0161065529287 0.0173468044683 0.0115766332103 0.0216596774125 0.0103072217045 0.0128330786026 0.038128381141 0.146448705776 0.00873150490324 0.0378320304863 0.0227232626028 0.0243582581819 -0.00890756009954 
0.0277413489555 0.0330451034388 0.0240794560137 0.042245734987 0.0204849355186 -0.0013773027151 0.00339143042343 0.0148581399389 0.0204013790382 -0.00365177588412 0.0509583211273 0.0463271182562 0.0302395274116 0.0351774270533 -0.0127825923042 0.0346204849331 0.010447397786 0.0543055513052 0.00367572572816 0.00436718731808 0.0297353834839 0.0424347204549 -6.05732278713e-05 0.0321896541556 0.00873150490324 0.266528441472 0.0166067047594 0.0491229181634 0.0498660337522 0.0555411954213 
0.0197441779823 0.015857020328 0.00872289113046 -0.010301335516 0.00599111764242 0.019818085588 0.00953289650654 0.0256515612637 0.0169770184454 0.00172592102691 0.0273248421638 0.00600265473095 0.0191554956604 0.0194384062168 -0.00278514763309 0.0273570131814 0.0200761674003 0.0258945873547 0.00922825708259 0.0172255642655 0.027551795995 0.0225490592237 0.00154586856883 0.0248600046756 0.0378320304863 0.0166067047594 0.158414844033 0.0151600744831 0.0150086666157 0.016322858698 
0.0241008572833 0.031087488952 0.0134270336984 0.0550310920349 0.0021929452881 0.0207658009294 0.0343311989092 0.0206029064497 0.037458375721 0.0153661223175 0.0265229135155 0.0180233051953 0.0179615918897 0.00636076753983 0.072453120202 0.0281001541688 0.0389317897208 0.00526025521932 -3.71134976673e-05 0.0226283919724 0.0178599701585 0.0400175568867 0.0460548139599 0.0186039676892 0.0227232626028 0.0491229181634 0.0151600744831 0.261574192706 0.0434589500353 0.0495253717807 
0.0217132212937 0.0118706204622 0.0405027426816 0.012632792638 0.0177717437785 0.0158551899659 0.0385295526001 0.0168865688738 0.0244394835486 0.0105206675944 0.0536980843933 0.0579478275215 0.0158923411792 0.00694548201944 -0.0126932378566 0.0473463852969 0.0330143095214 0.0178623720344 0.0179107243286 0.0174639886012 0.0313656988115 0.0715379673125 0.010461525113 0.0276112201423 0.0243582581819 0.0498660337522 0.0150086666157 0.0434589500353 0.167792288632 0.0391389175625 
0.0322797576717 0.0236346082265 0.00790267430763 0.0875261136276 0.0320977052687 0.0468567365164 0.0429452928466 0.000944297932917 0.0260947034316 0.0260062829871 0.0429896335858 0.0566569423218 0.0226678313375 0.0287798403843 0.0446361280195 0.0256320009398 0.0169010247705 0.0372314774284 -0.00856376281144 0.0153468704859 0.0269985992845 0.0311720832037 0.0354555731937 0.0312805857387 -0.00890756009954 0.0555411954213 0.016322858698 0.0495253717807 0.0391389175625 0.51799746375 
0.0166340105164 0.000408944740042 0.00135773254438 0.00123576298072 0.00163206904701 0.00133813091558 0.001013896218 0.00208584969128 0.00220329069111 0.00317594494584 0.00366792953308 0.00187851288348 0.0022678037345 0.00228443357982 -0.000636051473671 0.00140060313001 0.000594788782254 0.00294486744383 0.000825905579456 0.00270102650807 0.000308641291094 0.000764541617228 0.00265830900299 0.00304777771731 0.00185481743358 0.00240247129307 0.00170989597095 0.00208719546603 0.00188042012383 0.00279550901717 
0.000408944740043 0.0193232297657 0.00194947718821 0.00106370976602 -0.00065016087469 0.00117781059374 0.000406782576703 0.00172724163965 0.00118972267963 -0.000298556972435 0.0025582431564 0.00104671926246 0.00127521282746 0.00315168581528 0.00175091179705 0.0132861210371 0.00180070847578 -0.00016165760302 0.00101007678727 0.00038632041981 0.00724325756512 0.000542774778636 0.000250985872475 0.00125569767524 0.00181612285034 0.00286178990487 0.00137325824324 0.00269225551723 0.00102802588789 0.00204681711326 
0.00135773254438 0.00194947718821 0.0201760469836 0.00125260149443 0.0015840824766 0.000116489700179 0.00195249327981 0.00121199958542 0.00456843335712 0.00065255997883 0.00156011647414 0.00291320192657 0.000547282991889 0.000227389849022 -0.00300537471303 0.00180455141575 0.000873391490846 -0.000671285991372 0.000470804925639 0.00135216027228 0.000646678413376 -0.00314698477003 -0.00165567588118 0.00151902175976 0.000816592540745 0.00208534206171 0.000755424531342 0.00116281522803 0.00350764040852 0.000684391670824 
0.00123576298072 0.00106370976602 0.00125260149443 0.0285487381257 0.00274306894667 0.000506393326567 0.000490837892223 0.000303155522863 -0.000279604538778 0.00130330101265 0.000713417079946 0.000834299627243 0.000394894465814 0.00145704185784 0.000883388960479 0.000145666490704 0.000319204928972 -0.00197407067475 -0.000745639246022 0.00287288828805 0.000598728839876 0.00198455905447 0.00322499811115 0.000954432973459 -0.000756336573724 0.00365858797003 -0.000892121824975 0.00476583237002 0.00109403193453 0.0075799837896 
0.00163206904701 -0.00065016087469 0.0015840824766 0.00274306894667 0.0177127185894 0.000800819977279 0.00170072231208 4.45305015634e-05 0.00136714117989 -0.00109266726159 0.00458750916384 0.0032103158936 -0.000903147482432 0.000918405396153 -0.00118487580253 0.00119946384974 0.00069216899204 0.00123796032077 0.000102185330488 0.00162822895656 -0.00022641699103 0.00474545539613 0.00181245423993 0.00239924405137 0.00107082166988 0.0017740474554 0.00051884600754 0.00018991463286 0.00153907815817 0.00277974281659 
0.00133813091558 0.00117781059374 0.000116489700179 0.000506393326567 0.000800819977279 0.0193458735775 0.000421459639401 0.00173973499234 0.000153655327342 0.000981263805753 -0.000424293671923 0.000611140642769 -0.000113046652186 0.00284447489996 -0.000570175624241 -0.00105798176085 0.00128644870687 0.000768355171676 0.00216184174177 0.0011385240648 -0.00127620419344 0.00108899092226 -0.000377738695912 0.00073937233476 0.00177067155661 -0.000119277913998 0.00171629655736 0.00179837111348 0.00137309972923 0.00405791241616 
0.001013896218 0.000406782576703 0.00195249327981 0.000490837892223 0.00170072231208 0.000421459639401 0.0478859436131 0.000612946811664 -0.000491097182582 0.00120027105543 -5.84031802472e-06 0.00147280548794 0.000931427862772 -0.00125587098412 -0.0027367237537 0.00609355111483 0.00158111137636 -0.000465397530779 0.00105615578187 0.00116329572813 0.000849120865792 -0.00248525220698 0.00662124630956 0.00137028950095 0.00119812276337 0.000293706490186 0.000825573054631 0.00297316903978 0.00333675713481 0.00371917145781 
0.00208584969128 0.00172724163965 0.00121199958542 0.000303155522863 4.45305015633e-05 0.00173973499234 0.000612946811664 0.0145353360959 0.000451759754069 0.000932185163276 0.00236720683507 0.00138413537616 0.00244346859797 0.00122568696567 0.000313260738195 0.00409460579097 0.00118690946915 -0.000553954300603 0.00175955095872 8.47403524739e-05 0.00116218560117 0.00202871257314 0.000353971545456 0.00119524658022 0.00254830970475 0.00128675266401 0.00222149037011 0.00178426403773 0.00146241976275 8.17785998648e-05 
0.00220329069111 0.00118972267963 0.00456843335712 -0.000279604538778 0.00136714117989 0.000153655327342 -0.000491097182582 0.000451759754069 0.0331122934937 0.00104257698653 0.00500519199993 0.00144895315257 0.00362132404144 0.00102805955443 -0.00144394527698 0.000898725188177 0.000479487651262 0.00275993111526 0.000433271062965 0.000936828161532 0.00154084708028 -0.000278136376471 -0.00127780067538 0.00193239863267 0.00163809334132 0.00176681125193 0.00147025292542 0.00324399049589 0.00211652136085 0.0022598676076 
0.00317594494584 -0.000298556972435 0.00065255997883 0.00130330101265 -0.00109266726159 0.000981263805753 0.00120027105543 0.000932185163276 0.00104257698653 0.0210573950285 0.00174963726339 0.0014497991874 0.00071081691113 -0.00103425968656 -0.00156601916462 -0.00353815940646 0.00198767600862 0.00133028449392 0.00309172978174 0.00305399520437 0.00058996189457 0.00208423394985 0.00914045900694 0.00264341415429 -0.000175571602793 -0.000316253068457 0.000149469145424 0.00133074522846 0.00091111654015 0.00225221017248 
0.00366792953308 0.0025582431564 0.00156011647414 0.000713417079946 0.00458750916384 -0.000424293671923 -5.84031802467e-06 0.00236720683507 0.00500519199993 0.00174963726339 0.0409687493632 0.00751116587628 0.00261562143942 0.00122937826576 -0.00266506631612 0.00871493361558 0.00432512341384 0.00383074424218 0.00208617050214 0.00324231233265 0.00451034650751 0.00210244671595 0.00430592434702 0.00258721533443 0.00247853217952 0.00441312006305 0.00236640074682 0.00229695168868 0.00465039052192 0.00372301147847 
0.00187851288348 0.00104671926246 0.00291320192657 0.000834299627243 0.0032103158936 0.000611140642769 0.00147280548794 0.00138413537616 0.00144895315257 0.0014497991874 0.00751116587628 0.0223532444851 0.00112073532643 -0.000418092121605 0.000984850039169 0.00156667818451 0.00113068507902 0.00182072377006 0.0012726002703 0.000804618116317 0.000830890461364 0.00413879810825 0.00021989848131 0.00234714791633 0.000694836973807 0.0040120461294 0.000519845148715 0.00156086401593 0.00501842907277 0.00490663513514 
0.0022678037345 0.00127521282746 0.000547282991889 0.000394894465814 -0.000903147482432 -0.000113046652186 0.000931427862772 0.00244346859797 0.00362132404144 0.00071081691113 0.00261562143942 0.00112073532643 0.0205184321028 -0.000478866065435 0.000892032094353 -0.000272908131764 0.000328825337971 0.00152119312785 0.00126097232639 0.00130871008714 0.000318088028007 0.00103273388139 0.000569805727105 0.00147129120318 0.00116084528829 0.00261881989368 0.0016589145864 0.00155551948689 0.00137631711868 0.0019630917787 
0.00228443357982 0.00315168581528 0.000227389849022 0.00145704185784 0.000918405396153 0.00284447489996 -0.00125587098412 0.00122568696567 0.00102805955443 -0.00103425968656 0.00122937826576 -0.000418092121605 -0.000478866065435 0.0312692093776 5.77084461036e-05 0.00190005819407 0.00282686040693 0.000969168747758 0.000748515074239 0.00141793027276 0.00119092526993 0.000994503133434 0.000376066947596 0.0029421853574 0.00120135902773 0.0030464545468 0.00168341535928 0.000550858627706 0.000601496387037 0.00249240728897 
-0.000636051473671 0.00175091179705 -0.00300537471303 0.000883388960479 -0.00118487580253 -0.000570175624241 -0.0027367237537 0.000313260738195 -0.00144394527698 -0.00156601916462 -0.00266506631612 0.000984850039169 0.000892032094353 5.77084461036e-05 0.235245847852 0.00789764101133 -0.00228419865905 -0.00260689813857 -0.00067641726358 0.000432425240146 0.00420812143318 -0.00108861962951 -0.00137712238935 -0.000897545608701 0.000325134958117 -0.00110700496616 -0.000241200860355 0.00627462426784 -0.00109926664401 0.00386560207915 
0.00140060313001 0.0132861210371 0.00180455141575 0.000145666490704 0.00119946384974 -0.00105798176085 0.00609355111483 0.00409460579097 0.000898725188177 -0.00353815940646 0.00871493361558 0.00156667818451 -0.000272908131764 0.00190005819407 0.00789764101133 0.0493834177754 0.00168564682951 0.00246472465351 0.00277465946299 -0.000545854735931 0.0142597517474 -0.000441644426571 -0.00310656972353 0.00232722854253 0.0023621165369 0.00299822194434 0.00236918683868 0.00243354473605 0.00410031724445 0.00221979639637 
0.000594788782254 0.00180070847578 0.000873391490846 0.000319204928972 0.00069216899204 0.00128644870687 0.00158111137636 0.00118690946915 0.000479487651262 0.00198767600862 0.00432512341384 0.00113068507902 0.000328825337971 0.00282686040693 -0.00228419865905 0.00168564682951 0.0236585065554 0.00185110414076 0.000366195561697 0.00185775067902 0.00150622783284 0.00192144588813 0.000113325229869 0.00300717340284 0.0026710954975 0.000904771188614 0.00173864709793 0.0033715918913 0.0028591230734 0.00146367168012 
0.00294486744383 -0.00016165760302 -0.000671285991372 -0.00197407067475 0.00123796032077 0.000768355171676 -0.000465397530779 -0.000553954300603 0.00275993111526 0.00133028449392 0.00383074424218 0.00182072377006 0.00152119312785 0.000969168747758 -0.00260689813857 0.00246472465351 0.00185110414076 0.0251685180256 0.00120866711153 0.00152198683231 -0.000610972779782 0.00108921847134 0.00115096908288 0.00245152397411 0.00139486840037 0.00470299869968 0.00224253704697 0.000455551465032 0.00154692679537 0.00322434052734 
0.000825905579456 0.00101007678727 0.000470804925639 -0.000745639246022 0.000102185330488 0.00216184174177 0.00105615578187 0.00175955095872 0.000433271062965 0.00309172978174 0.00208617050214 0.0012726002703 0.00126097232639 0.000748515074239 -0.00067641726358 0.00277465946299 0.000366195561697 0.00120866711153 0.0249326646359 0.00172353833993 -9.36014660126e-05 0.00118591075823 -0.000699408220342 0.00186630341369 0.0015022773344 0.000318327185793 0.000799190506618 -3.21412318032e-06 0.00155111422688 -0.000741643614669 
0.00270102650807 0.00038632041981 0.00135216027228 0.00287288828805 0.00162822895656 0.0011385240648 0.00116329572813 8.47403524733e-05 0.000936828161532 0.00305399520437 0.00324231233265 0.000804618116317 0.00130871008715 0.00141793027276 0.000432425240146 -0.000545854735931 0.00185775067902 0.00152198683231 0.00172353833993 0.0111094872381 0.000323914473163 -0.00040443102019 0.00263620452305 0.00228348792524 0.00100256584504 0.000378209516055 0.00149177762485 0.00195967622949 0.00151242577801 0.00132907797094 
0.000308641291094 0.00724325756512 0.000646678413376 0.000598728839876 -0.00022641699103 -0.00127620419344 0.000849120865792 0.00116218560117 0.00154084708028 0.00058996189457 0.00451034650751 0.000830890461364 0.000318088028007 0.00119092526993 0.00420812143318 0.0142597517474 0.00150622783284 -0.000610972779782 -9.36014660126e-05 0.000323914473163 0.0315982780303 0.00337732680657 0.00040606993544 0.000253744272893 0.0018757830877 0.00257515974884 0.00238605552515 0.00154671878681 0.00271634919782 0.0023381472847 
0.000764541617228 0.000542774778636 -0.00314698477003 0.00198455905447 0.00474545539613 0.00108899092226 -0.00248525220698 0.00202871257314 -0.000278136376471 0.00208423394985 0.00210244671595 0.00413879810825 0.00103273388139 0.000994503133434 -0.00108861962951 -0.000441644426571 0.00192144588813 0.00108921847134 0.00118591075823 -0.00040443102019 0.00337732680657 0.250280307409 0.00272612020085 0.000710711423761 0.000892631583856 0.00367495459165 0.00195280581191 0.00346562208613 0.00619536970278 0.00269958159433 
0.00265830900299 0.000250985872475 -0.00165567588118 0.00322499811115 0.00181245423993 -0.000377738695912 0.00662124630956 0.000353971545456 -0.00127780067538 0.00914045900694 0.00430592434702 0.00021989848131 0.000569805727105 0.000376066947596 -0.00137712238935 -0.00310656972353 0.000113325229869 0.00115096908288 -0.000699408220342 0.00263620452305 0.000406069935439 0.00272612020085 0.0510328477908 0.00226173419151 0.00111137720786 -5.24579541257e-06 0.000133876145152 0.00398846388559 0.000905994651016 0.00307054270915 
0.00304777771731 0.00125569767524 0.00151902175976 0.000954432973459 0.00239924405137 0.00073937233476 0.00137028950095 0.00119524658022 0.00193239863267 0.00264341415429 0.00258721533443 0.00234714791633 0.00147129120318 0.0029421853574 -0.000897545608701 0.00232722854253 0.00300717340284 0.00245152397411 0.00186630341369 0.00228348792524 0.000253744272893 0.000710711423761 0.00226173419151 0.0153757620757 0.00330201466733 0.00278770582377 0.00215293955872 0.00161115086301 0.00239120180728 0.0027089781895 
0.00185481743358 0.00181612285034 0.000816592540746 -0.000756336573723 0.00107082166988 0.00177067155661 0.00119812276337 0.00254830970475 0.00163809334132 -0.000175571602792 0.00247853217952 0.000694836973807 0.00116084528829 0.00120135902773 0.000325134958117 0.0023621165369 0.0026710954975 0.00139486840037 0.0015022773344 0.00100256584504 0.0018757830877 0.000892631583856 0.00111137720786 0.00330201466733 0.0126828299553 0.000756170505947 0.00327634994779 0.00196789226709 0.00210948703775 -0.000771417333194 
0.00240247129307 0.00286178990487 0.00208534206171 0.00365858797003 0.0017740474554 -0.000119277913998 0.000293706490186 0.00128675266401 0.00176681125193 -0.000316253068457 0.00441312006305 0.0040120461294 0.00261881989368 0.0030464545468 -0.00110700496616 0.00299822194434 0.000904771188614 0.00470299869968 0.000318327185793 0.000378209516054 0.00257515974884 0.00367495459165 -5.24579541258e-06 0.00278770582377 0.000756170505947 0.0230820401146 0.00143818281948 0.00425416950375 0.00431852520153 0.00481000861914 
0.00170989597095 0.00137325824324 0.000755424531342 -0.000892121824975 0.00051884600754 0.00171629655736 0.000825573054631 0.00222149037011 0.00147025292542 0.000149469145423 0.00236640074682 0.000519845148715 0.0016589145864 0.00168341535928 -0.000241200860355 0.00236918683868 0.00173864709793 0.00224253704697 0.000799190506618 0.00149177762485 0.00238605552515 0.00195280581191 0.000133876145152 0.00215293955872 0.00327634994779 0.00143818281948 0.0137191279269 0.00131290096256 0.00129978865661 0.00141360102949 
0.00208719546603 0.00269225551723 0.00116281522803 0.00476583237002 0.00018991463286 0.00179837111348 0.00297316903978 0.00178426403773 0.00324399049589 0.00133074522846 0.00229695168868 0.00156086401593 0.00155551948689 0.000550858627706 0.00627462426784 0.00243354473605 0.0033715918913 0.000455551465032 -3.21412318032e-06 0.00195967622949 0.00154671878681 0.00346562208613 0.00398846388559 0.00161115086301 0.00196789226709 0.00425416950375 0.00131290096256 0.0226529895857 0.00376365547524 0.00428902300939 
0.00188042012383 0.00102802588789 0.00350764040852 0.00109403193453 0.00153907815817 0.00137309972923 0.00333675713481 0.00146241976275 0.00211652136085 0.00091111654015 0.00465039052192 0.00501842907277 0.00137631711868 0.000601496387037 -0.00109926664401 0.00410031724445 0.0028591230734 0.00154692679537 0.00155111422688 0.00151242577801 0.00271634919782 0.00619536970278 0.000905994651016 0.00239120180728 0.00210948703775 0.00431852520153 0.00129978865661 0.00376365547524 0.0145312384515 0.00338952968857 
0.00279550901717 0.00204681711326 0.000684391670824 0.0075799837896 0.00277974281659 0.00405791241616 0.00371917145781 8.17785998648e-05 0.0022598676076 0.00225221017248 0.00372301147847 0.00490663513514 0.0019630917787 0.00249240728897 0.00386560207915 0.00221979639637 0.00146367168012 0.00322434052734 -0.000741643614669 0.00132907797094 0.0023381472847 0.00269958159433 0.00307054270915 0.0027089781895 -0.000771417333194 0.00481000861914 0.00141360102949 0.00428902300939 0.00338952968857 0.0448598962704 

['ASO', 'CVX', 'RX', 'AMAT', 'PLL', 'MKC', 'SUNW', 'KSE', 'INTU', 'FRE', 'KBH', 'IR', 'MHP', 'SVU', 'PTV', 'EOG', 'SWY', 'UNH', 'BF.B', 'C', 'MUR', 'BRCM', 'FNM', 'MER', 'PGN', 'PH', 'XEL', 'APCC', 'DOV', 'TER']