20
0.00788248566947 0.0524452719686 0.0534982218633 0.158066549078 0.144106781955 0.105790735219 0.0307338128464 0.0385950792128 0.0411806556966 0.0422457423554 0.128291051585 -0.00277796207049 0.0277880817415 0.357744060202 0.00496789573306 0.0444735285872 0.0445346556631 0.0205902908148 0.124759587163 0.0363676427781 
0.239400606333 0.00332986391282 0.0354455370098 -0.00182479603975 0.0256974276343 0.0305419693888 0.000239807302259 0.0446655439078 0.0257214018457 0.0117412877416 0.0362580789842 0.0104097804282 0.0284513693225 0.0189253820178 0.0032517579416 0.0222140025478 0.0485281228874 0.0158426160801 0.0314915922302 0.0467069750176 
0.00332986391283 0.271024429279 0.043005050422 -0.00985813149566 0.00454001256345 0.0205972714144 0.0299249570616 0.0248908771342 0.0298924947943 0.0386090547246 0.0200092417318 0.0225131136155 0.0238217312975 0.0513903459527 -0.00183196247311 0.0540435394349 -0.000182560806628 0.0389357737598 0.0532230140972 0.0344735917035 
0.0354455370098 0.043005050422 0.244976656413 0.00359368352315 -0.0131811136507 0.0296237918528 0.0138097287069 0.0393135141597 0.0717923305594 0.036691025551 0.0223551622287 0.0047244382615 0.0258777813184 -0.00884774697629 0.0170312552202 0.0268040724681 0.0355652479459 0.0119701960094 0.0263013213675 0.0335605043289 
-0.00182479603975 -0.00985813149566 0.00359368352315 0.691563515844 0.0107176022731 -0.0129435407905 -0.00831494821298 -0.0217900563745 -0.0239636489793 0.00408754411019 0.0131976014572 0.00572243376662 -0.0057273777562 0.00206133003162 0.00612777234022 0.01857611168 -0.000339579436495 0.018784207987 0.0256948745249 -0.00744338283362 
0.0256974276343 0.00454001256346 -0.0131811136507 0.0107176022731 0.327432932652 -0.00402267412101 0.0245917861032 0.0207268982198 0.0182306478131 0.0128150857844 0.00585762061266 0.0186184826968 0.0227990533014 -0.0147034603068 0.00445625137191 0.00143080143164 -0.0165776501582 0.0305582681491 0.110230264855 0.0231714540204 
0.0305419693888 0.0205972714144 0.0296237918528 -0.0129435407905 -0.00402267412101 0.37003554491 0.012527914493 0.0168685321583 0.0255940234394 0.0205722198914 0.0183806326728 0.0125307310356 0.00392122672997 0.0322044286326 0.0322332839577 0.0198806873009 -0.0106885389599 0.0214106072938 0.0103265419281 0.0156227800571 
0.000239807302272 0.0299249570616 0.0138097287069 -0.00831494821298 0.0245917861032 0.012527914493 0.173687362729 0.0148192449318 0.00998394072208 0.0103569482575 0.00759465957736 0.0174320974303 0.0191105269308 0.0575286173957 0.0253329335306 0.0216627057342 0.00213277807976 0.0270329188153 0.0123551539632 0.0275876316145 
0.0446655439078 0.0248908771342 0.0393135141597 -0.0217900563745 0.0207268982198 0.0168685321583 0.0148192449318 0.206144639326 0.0184476843425 0.025369102089 0.0216685119702 0.025271615955 0.0253099905487 0.0352852416131 0.0232970868655 0.037805387715 0.0214139065719 0.0341729033543 0.0476475291952 0.0319869495816 
0.0257214018457 0.0298924947943 0.0717923305594 -0.0239636489793 0.0182306478131 0.0255940234394 0.00998394072208 0.0184476843425 0.199336264339 0.0171424879703 0.0134339758911 0.00718215152111 0.0134985043353 -0.00953492220844 0.00653747671465 0.019087301445 -0.00970290546957 0.0331297054858 0.0437932152842 0.0294190932369 
0.0117412877416 0.0386090547246 0.036691025551 0.00408754411019 0.0128150857844 0.0205722198914 0.0103569482575 0.025369102089 0.0171424879703 0.200069981998 0.0135286809157 0.00902950623389 0.0233277134587 -0.00547440605479 0.0202901788387 0.0294594018674 -0.00954463865772 0.0158130177244 0.0208339705732 0.0127501324527 
0.0362580789842 0.0200092417318 0.0223551622287 0.0131976014572 0.00585762061266 0.0183806326728 0.00759465957736 0.0216685119702 0.0134339758911 0.0135286809157 0.50743454332 -0.00152945631268 0.0226239213125 0.00831369400445 0.00387079608547 0.0146784532686 0.0474876081335 0.015346575174 0.0187004408254 0.0252890173569 
0.0104097804282 0.0225131136155 0.0047244382615 0.00572243376662 0.0186184826968 0.0125307310356 0.0174320974303 0.025271615955 0.00718215152111 0.00902950623389 -0.00152945631268 0.27208487812 0.00525068519931 -0.0159577662259 0.0227848183904 0.0036088537506 0.02915269857 0.0203316604423 0.0280319812628 0.011249764164 
0.0284513693225 0.0238217312975 0.0258777813183 -0.0057273777562 0.0227990533014 0.00392122672997 0.0191105269308 0.0253099905488 0.0134985043353 0.0233277134587 0.0226239213125 0.00525068519931 0.183313329412 -0.0140870594958 0.0164628511846 0.0257139279832 0.0389715987224 0.00650936956756 0.0169931746241 0.0294961845706 
0.0189253820178 0.0513903459527 -0.00884774697629 0.00206133003162 -0.0147034603068 0.0322044286326 0.0575286173957 0.0352852416131 -0.00953492220844 -0.00547440605479 0.00831369400445 -0.0159577662259 -0.0140870594958 2.8923410456 0.0213007833468 0.00213152747422 -0.0177361214832 -0.00501095279447 0.00220664304889 -0.00453329572416 
0.0032517579416 -0.00183196247311 0.0170312552202 0.00612777234023 0.00445625137192 0.0322332839577 0.0253329335306 0.0232970868655 0.00653747671466 0.0202901788387 0.00387079608547 0.0227848183904 0.0164628511846 0.0213007833468 0.194297762917 0.0234833110771 0.0141007718616 0.0297925757558 0.0198049642801 0.0134954721102 
0.0222140025478 0.0540435394349 0.0268040724681 0.01857611168 0.00143080143164 0.0198806873009 0.0216627057342 0.037805387715 0.019087301445 0.0294594018674 0.0146784532686 0.0036088537506 0.0257139279832 0.00213152747422 0.0234833110771 0.355485638737 -0.00751329241521 0.0272128626089 0.0194839599204 0.0136620147328 
0.0485281228874 -0.000182560806627 0.0355652479459 -0.000339579436495 -0.0165776501582 -0.0106885389599 0.00213277807976 0.0214139065719 -0.00970290546957 -0.00954463865773 0.0474876081335 0.02915269857 0.0389715987224 -0.0177361214832 0.0141007718616 -0.00751329241521 0.629630353758 -0.011095708813 -0.0152493250152 0.0348938447556 
0.0158426160801 0.0389357737598 0.0119701960094 0.018784207987 0.0305582681491 0.0214106072938 0.0270329188153 0.0341729033543 0.0331297054858 0.0158130177244 0.015346575174 0.0203316604423 0.00650936956756 -0.00501095279447 0.0297925757558 0.0272128626089 -0.011095708813 0.305849060656 0.0589090635423 0.000772150769524 
0.0314915922302 0.0532230140972 0.0263013213676 0.0256948745249 0.110230264855 0.0103265419281 0.0123551539632 0.0476475291952 0.0437932152842 0.0208339705732 0.0187004408254 0.0280319812628 0.0169931746242 0.00220664304889 0.0198049642801 0.0194839599204 -0.0152493250152 0.0589090635423 0.321217655078 0.00259831968848 
0.0467069750176 0.0344735917035 0.0335605043289 -0.00744338283362 0.0231714540204 0.0156227800571 0.0275876316145 0.0319869495816 0.0294190932369 0.0127501324527 0.0252890173569 0.011249764164 0.0294961845706 -0.00453329572416 0.0134954721102 0.0136620147328 0.0348938447556 0.000772150769525 0.00259831968848 0.210152104221 
0.0207327006766 0.000288374673965 0.00306967355013 -0.000158031972715 0.00222546251432 0.00264501213723 2.07679215769e-05 0.0038681495698 0.00222753874194 0.00101682534574 0.00314004174928 0.000901513429868 0.00246396086057 0.00163898616038 0.000281610498439 0.00192378905261 0.00420265872184 0.00137201079877 0.0027272518877 0.00404494268992 
0.000288374673966 0.0234714040802 0.00372434661565 -0.000853739230909 0.000393176621345 0.00178377602935 0.00259157730225 0.00215561319207 0.00258876598743 0.00334364222076 0.00173285116502 0.00194969283093 0.00206302244658 0.00445053451043 -0.00015865260405 0.00468030780611 -1.58102296275e-05 0.0033719369192 0.00460924822742 0.00298550061749 
0.00306967355013 0.00372434661565 0.0212156007788 0.000311222122421 -0.00114151792717 0.00256549563009 0.00119595758795 0.00340465019743 0.00621739820613 0.00317753602181 0.00193601383958 0.000409148355307 0.00224108160153 -0.000766237364772 0.0014749499679 0.00232130076822 0.0030800408213 0.00103664938324 0.00227776124574 0.00290642493127 
-0.000158031972715 -0.000853739230909 0.000311222122421 0.0598911573052 0.00092817158362 -0.00112094351395 -0.000720095638359 -0.00188707423702 -0.00207531287835 0.000353991703851 0.00114294581309 0.000495577301337 -0.000496005463394 0.000178516417297 0.000530680651524 0.00160873846184 -2.94084418608e-05 0.00162676013067 0.00222524140856 -0.0006446158624 
0.00222546251432 0.000393176621345 -0.00114151792717 0.00092817158362 0.0283565237712 -0.000348373797995 0.00212971114898 0.00179500204 0.00157882041336 0.00110981898409 0.000507284825629 0.00161240789953 0.00197445593413 -0.00127335701492 0.000385922689373 0.000123911038757 -0.0014356666172 0.00264642365127 0.00954622096306 0.00200670678243 
0.00264501213723 0.00178377602935 0.00256549563009 -0.00112094351395 -0.000348373797994 0.0320460182195 0.00108494922074 0.00146085773737 0.00221650744836 0.00178160650382 0.00159180948323 0.00108519314048 0.000339588196215 0.00278898533102 0.00279148427548 0.00172171802473 -0.000925654626861 0.00185421298269 0.000894304764302 0.00135297244072 
2.0767921578e-05 0.00259157730225 0.00119595758795 -0.000720095638359 0.00212971114898 0.00108494922074 0.015041766844 0.00128338425758 0.00086463462952 0.000896938029666 0.000657716812709 0.00150966392159 0.00165502018017 0.00498212441093 0.00219389639898 0.00187604534805 0.00018470399977 0.00234111944325 0.00106998771998 0.00238915898084 
0.0038681495698 0.00215561319207 0.00340465019743 -0.00188707423702 0.00179500204 0.00146085773736 0.00128338425758 0.017852649451 0.00159761632816 0.00219702868803 0.00187654818284 0.00218858614117 0.00219190947848 0.00305579156157 0.00201758690597 0.00327404261611 0.00185449870855 0.00295946024259 0.00412639707106 0.00277015109272 
0.00222753874193 0.00258876598743 0.00621739820613 -0.00207531287835 0.00157882041336 0.00221650744836 0.00086463462952 0.00159761632816 0.0172630268813 0.00148458300664 0.00116341643955 0.000621992567111 0.00116900476675 -0.000825748485562 0.000566162091154 0.00165300879411 -0.000840296262717 0.00286911665706 0.00379260369495 0.00254776820995 
0.00101682534574 0.00334364222076 0.00317753602181 0.000353991703851 0.00110981898409 0.00178160650382 0.000896938029666 0.00219702868803 0.00148458300664 0.0173265686945 0.00117161813527 0.000781978178218 0.00202023924674 -0.000474097471408 0.00175718103217 0.00255125903975 -0.000826589954753 0.00136944750599 0.00180427477781 0.00110419386056 
0.00314004174928 0.00173285116502 0.00193601383958 0.00114294581309 0.000507284825629 0.00159180948323 0.000657716812709 0.00187654818284 0.00116341643955 0.00117161813527 0.0439451205273 -0.000132454802076 0.00195928905899 0.000719987020714 0.000335220774288 0.00127119134189 0.00411254750085 0.00132905239618 0.00161950568167 0.00219009314679 
0.000901513429867 0.00194969283093 0.000409148355307 0.000495577301337 0.00161240789953 0.00108519314048 0.00150966392159 0.00218858614117 0.000621992567111 0.000781978178218 -0.000132454802076 0.0235632416437 0.000454722676988 -0.00138198309393 0.00197322315467 0.000312535902656 0.00252469775505 0.00176077344441 0.0024276407892 0.000974258155264 
0.00246396086057 0.00206302244658 0.00224108160153 -0.000496005463394 0.00197445593413 0.000339588196216 0.00165502018017 0.00219190947848 0.00116900476675 0.00202023924674 0.00195928905899 0.000454722676987 0.0158754000124 -0.0012199751388 0.00142572473445 0.00222689148645 0.00337503945197 0.000563727940813 0.00147165209155 0.00255444451529 
0.00163898616038 0.00445053451043 -0.000766237364772 0.000178516417297 -0.00127335701492 0.00278898533102 0.00498212441093 0.00305579156157 -0.000825748485562 -0.000474097471408 0.000719987020714 -0.00138198309393 -0.0012199751388 0.25048408219 0.00184470194988 0.000184595694154 -0.00153599317691 -0.000433961241718 0.000191100893743 -0.000392594925999 
0.000281610498438 -0.000158652604049 0.0014749499679 0.000530680651524 0.000385922689373 0.00279148427548 0.00219389639898 0.00201758690597 0.000566162091154 0.00175718103217 0.000335220774288 0.00197322315467 0.00142572473446 0.00184470194988 0.0168266798585 0.00203371439577 0.00122116266451 0.00258011274487 0.00171516021876 0.00116874216835 
0.00192378905261 0.00468030780611 0.00232130076822 0.00160873846184 0.000123911038757 0.00172171802473 0.00187604534805 0.00327404261611 0.00165300879411 0.00255125903975 0.00127119134189 0.000312535902656 0.00222689148645 0.000184595694154 0.00203371439577 0.0307859593827 -0.000650670209764 0.0023567030329 0.00168736042573 0.00118316518255 
0.00420265872184 -1.58102296274e-05 0.0030800408213 -2.94084418608e-05 -0.0014356666172 -0.000925654626861 0.00018470399977 0.00185449870855 -0.000840296262717 -0.000826589954753 0.00411254750085 0.00252469775505 0.00337503945197 -0.00153599317691 0.00122116266451 -0.000650670209764 0.0545275881348 -0.000960916570506 -0.00132063028537 0.00302189559941 
0.00137201079877 0.0033719369192 0.00103664938324 0.00162676013067 0.00264642365127 0.00185421298269 0.00234111944325 0.00295946024259 0.00286911665706 0.00136944750599 0.00132905239618 0.00176077344441 0.000563727940813 -0.000433961241718 0.00258011274487 0.0023567030329 -0.000960916570506 0.0264873056252 0.00510167455408 6.6870218196e-05 
0.0027272518877 0.00460924822741 0.00227776124574 0.00222524140856 0.00954622096306 0.000894304764302 0.00106998771998 0.00412639707106 0.00379260369495 0.00180427477781 0.00161950568167 0.0024276407892 0.00147165209155 0.000191100893743 0.00171516021876 0.00168736042573 -0.00132063028537 0.00510167455408 0.0278182649442 0.000225021085737 
0.00404494268992 0.00298550061749 0.00290642493127 -0.0006446158624 0.00200670678243 0.00135297244072 0.00238915898084 0.00277015109272 0.00254776820995 0.00110419386056 0.00219009314679 0.000974258155265 0.00255444451528 -0.000392594925999 0.00116874216835 0.00118316518255 0.00302189559941 6.6870218196e-05 0.000225021085737 0.0181997060914 

['STA', 'IR', 'HD', 'MYL', 'NSC', 'SYMC', 'CL', 'CTAS', 'WMT', 'ECL', 'AW', 'IPG', 'KEY', 'BRCM', 'AEP', 'MCD', 'DJ', 'EMC', 'BNI', 'ABK']