20
0.10643743266 0.0436793340255 0.0485380268731 0.0370780174455 0.0129348444485 -0.00660692339257 0.0269248151276 0.0979044774238 0.0433119494187 0.0358059899839 0.0315903614714 0.11775000089 0.0526772687529 0.0506400072768 0.0110311255814 0.105790500039 0.085684238521 0.00643120824938 0.0493061267197 0.128291051585 
0.5222537178 0.0264474187914 -0.00148159816242 0.0182479090223 -0.00240666364259 0.00142449156916 0.0381168962583 -0.0294792189206 0.00330633360274 0.0505238966451 0.0324679553718 0.0523725568031 0.0261123107755 0.0359830400866 0.0212432695088 0.0393363287998 0.00959184422713 0.0396946733429 0.0244539265361 0.00965322591915 
0.0264474187914 0.208800239542 0.0137432456629 0.029181458541 0.0114506557335 0.00235141666728 0.0455555223795 -0.00186799534921 0.0054238266965 0.0482775651748 0.0405855435564 0.0688932678732 0.0103570320921 0.0199424905458 0.0306342292847 0.00936838134605 0.0260468620435 0.0192704773641 0.0192140264714 -0.011347129208 
-0.00148159816242 0.0137432456629 0.195359269575 0.029079622952 0.0155218093603 0.0285295428903 0.00456856844105 0.029289442585 0.0267882234934 0.0239357229445 0.0197471235243 0.0381892273751 0.0275112723071 0.030085419143 0.00860859238411 0.029798512946 0.00658385403766 0.0455626697333 0.0251159600161 0.0198284146491 
0.0182479090223 0.029181458541 0.029079622952 0.203240159161 0.0144235392369 0.0186163890114 0.00618635056938 0.0280406558837 0.0294440742748 0.0201408170532 0.0252852441656 0.0397066885933 0.0313724136018 0.0120341895357 0.026323848211 0.0212739998758 0.0295910854434 0.00955493640224 0.010885102774 0.0391916202246 
-0.00240666364259 0.0114506557335 0.0155218093603 0.0144235392369 0.175085139854 0.0239528924194 0.0130915315569 0.00279575835714 0.0253670690195 -0.00350110476786 0.0210718245431 0.0279539284382 0.0129227907306 0.0186590372814 0.0171945907684 0.0248833094564 0.0278565785711 0.0232138688466 0.017220095073 0.0135805295921 
0.00142449156916 0.00235141666728 0.0285295428903 0.0186163890114 0.0239528924194 0.181109533112 -0.0141614893391 0.0344802101578 0.0392115419606 0.0113821834881 0.027924794752 0.053845592521 0.0225794605653 0.0306790334583 0.0154270913542 -0.00185768934965 0.0284612642414 0.0349850468537 0.0132510533485 0.00748147386359 
0.0381168962583 0.0455555223795 0.00456856844105 0.00618635056938 0.0130915315569 -0.0141614893391 0.220127137291 0.0109723756124 0.0118525886131 0.0578703812578 0.0236517627457 0.0227632996927 0.0147327716189 0.0107709142342 0.0506749115198 -3.72817393042e-05 -0.000916915919691 0.0140104471118 0.010870756617 0.0043242262064 
-0.0294792189207 -0.00186799534921 0.029289442585 0.0280406558837 0.00279575835714 0.0344802101578 0.0109723756124 0.525790180278 0.0225447486844 0.00143809559971 0.0276048298003 0.0110661281534 0.0117802919708 -0.00958687877869 0.00179205955316 0.0232774855465 -0.00536252216176 0.0208609900965 0.00636352531617 0.0320809122713 
0.00330633360274 0.0054238266965 0.0267882234934 0.0294440742748 0.0253670690195 0.0392115419606 0.0118525886131 0.0225447486844 0.193938977476 0.0268676223706 0.0406449501776 0.0320841757612 0.0320348002493 0.0285728897548 0.0135269027684 0.0149653007112 0.0208778704678 0.0373180856912 0.00551584717183 0.0121725577042 
0.0505238966451 0.0482775651748 0.0239357229445 0.0201408170532 -0.00350110476786 0.0113821834881 0.0578703812578 0.00143809559971 0.0268676223706 0.221100678687 0.0360616767928 0.0262941158909 0.0231516623281 0.0185978792515 0.0443897805878 0.00947313077021 0.015816710785 0.0253001480826 0.0123578822491 0.0135217830941 
0.0324679553718 0.0405855435564 0.0197471235243 0.0252852441656 0.0210718245431 0.027924794752 0.0236517627457 0.0276048298003 0.0406449501776 0.0360616767928 0.171697128641 0.049881069207 0.0202721382383 0.0202804063349 0.027016233145 0.012964855128 0.0221526630069 0.0342742942116 0.0187364094455 0.00152488303409 
0.0523725568031 0.0688932678732 0.0381892273751 0.0397066885933 0.0279539284382 0.053845592521 0.0227632996927 0.0110661281534 0.0320841757612 0.0262941158909 0.049881069207 0.90262020163 0.0342323066841 0.0510369954235 0.0379629206178 -0.00191999443617 -0.014500038994 0.0319096411882 0.0132737939309 0.0153595306873 
0.0261123107755 0.0103570320921 0.0275112723071 0.0313724136018 0.0129227907306 0.0225794605653 0.0147327716189 0.0117802919708 0.0320348002493 0.0231516623281 0.0202721382383 0.0342323066841 0.255176051307 0.0520582107691 0.013113426897 0.0187451462855 0.00655745920103 -0.00759847648143 0.0279371785358 0.02119674085 
0.0359830400866 0.0199424905458 0.030085419143 0.0120341895357 0.0186590372814 0.0306790334583 0.0107709142342 -0.00958687877869 0.0285728897548 0.0185978792515 0.0202804063349 0.0510369954235 0.0520582107691 0.525694364848 0.0175909326453 0.0446078880853 0.0389479124265 0.0189311071605 0.0309327308732 0.0388035281511 
0.0212432695088 0.0306342292847 0.00860859238411 0.026323848211 0.0171945907684 0.0154270913542 0.0506749115198 0.00179205955316 0.0135269027684 0.0443897805878 0.027016233145 0.0379629206178 0.013113426897 0.0175909326453 0.149298187533 0.00865175899931 0.00118443097132 0.01999910802 0.0142476960054 0.00373160633927 
0.0393363287998 0.00936838134605 0.029798512946 0.0212739998758 0.0248833094564 -0.00185768934965 -3.72817393043e-05 0.0232774855465 0.0149653007112 0.00947313077021 0.012964855128 -0.00191999443617 0.0187451462855 0.0446078880853 0.00865175899931 0.549254458215 -0.00617202515126 0.0487700725458 0.0140795316557 0.0332237900402 
0.00959184422713 0.0260468620435 0.00658385403766 0.0295910854434 0.0278565785711 0.0284612642414 -0.000916915919691 -0.00536252216176 0.0208778704678 0.015816710785 0.0221526630069 -0.014500038994 0.00655745920103 0.0389479124265 0.00118443097132 -0.00617202515126 0.477225737989 0.00815683704282 0.0260033443054 0.0346925453866 
0.0396946733429 0.0192704773641 0.0455626697333 0.00955493640224 0.0232138688466 0.0349850468537 0.0140104471118 0.0208609900965 0.0373180856912 0.0253001480826 0.0342742942116 0.0319096411882 -0.00759847648143 0.0189311071605 0.01999910802 0.0487700725458 0.00815683704282 0.208454520297 0.0189544996876 0.0247256945688 
0.0244539265361 0.0192140264714 0.0251159600161 0.010885102774 0.017220095073 0.0132510533485 0.010870756617 0.00636352531617 0.00551584717183 0.0123578822491 0.0187364094455 0.0132737939309 0.0279371785358 0.0309327308732 0.0142476960054 0.0140795316557 0.0260033443054 0.0189544996876 0.238041910394 0.010966834396 
0.00965322591915 -0.011347129208 0.0198284146491 0.0391916202246 0.0135805295921 0.00748147386359 0.0043242262064 0.0320809122713 0.0121725577042 0.0135217830941 0.00152488303409 0.0153595306873 0.02119674085 0.0388035281511 0.00373160633927 0.0332237900402 0.0346925453866 0.0247256945688 0.010966834396 0.506377921799 
0.0452284986835 0.00229041365378 -0.000128310164685 0.00158031527792 -0.000208423185285 0.000123364588637 0.00330102004731 -0.0025529752469 0.000286336889335 0.00437549779929 0.00281180741609 0.00453559646527 0.00226139244831 0.00311622268204 0.0018397211054 0.00340662600323 0.000830678076984 0.00343765955099 0.00211777216025 0.000835993887446 
0.00229041365378 0.018082631176 0.00119019998746 0.0025271884416 0.000991655875517 0.000203638656875 0.00394522396633 -0.000161773142657 0.00046971717049 0.00418095978742 0.00351481117462 0.00596633201279 0.000896945289954 0.00172707034274 0.00265300207859 0.000811325623802 0.00225572442186 0.00166887229404 0.00166398350332 -0.000982690215415 
-0.000128310164685 0.00119019998746 0.0169186090317 0.00251836922089 0.00134422812188 0.00247073089014 0.000395649632888 0.00253654013413 0.00231992820675 0.00207289441278 0.00171015106237 0.00330728410577 0.00238254607083 0.00260547372614 0.000745525969546 0.00258062692062 0.000570178485142 0.00394584294533 0.00217510594144 0.00171719108029 
0.00158031527792 0.0025271884416 0.00251836922089 0.0176011140903 0.00124911513916 0.00161222658106 0.00053575367498 0.00242839203341 0.00254993163129 0.00174424592211 0.00218976637883 0.0034387001022 0.00271693071572 0.00104219138519 0.00227971212761 0.00184238243325 0.00256266317196 0.000827481765588 0.000942677552511 0.003394093873 
-0.000208423185285 0.000991655875517 0.00134422812188 0.00124911513916 0.0151628178939 0.00207438133293 0.00113375989027 0.000242119776013 0.00219685261905 -0.000303204567028 0.00182487353584 0.00242088121631 0.00111914650605 0.00161592002958 0.00148909524131 0.00215495781195 0.00241245047051 0.00201038001412 0.00149130397888 0.00117610836236 
0.000123364588637 0.000203638656875 0.00247073089014 0.00161222658106 0.00207438133293 0.0156845456543 -0.0012264209523 0.00298607379245 0.00339581914595 0.000985726005123 0.00241835816507 0.00466316510051 0.00195543864533 0.00265688223384 0.00133602530192 -0.000160880616914 0.00246481778569 0.00302979393279 0.00114757488267 0.000647914642362 
0.00330102004731 0.00394522396633 0.000395649632888 0.00053575367498 0.00113375989027 -0.0012264209523 0.0190635692956 0.000950235602018 0.00102646428395 0.0050117220296 0.00204830273821 0.00197135958079 0.00127589544901 0.000932788534884 0.00438857607107 -3.22869333347e-06 -7.94072479587e-05 0.00121334031172 0.000941435138865 0.000374488974645 
-0.0025529752469 -0.000161773142657 0.00253654013413 0.00242839203341 0.000242119776013 0.00298607379245 0.000950235602018 0.0455347653182 0.00195243250826 0.000124542732242 0.00239064838742 0.000958354810237 0.00102020321107 -0.000830248056535 0.000155196909813 0.00201588938195 -0.000464408042044 0.00180661473717 0.000551097458143 0.00277828850036 
0.000286336889335 0.00046971717049 0.00231992820675 0.00254993163129 0.00219685261905 0.00339581914595 0.00102646428395 0.00195243250826 0.0167956081278 0.00232680435123 0.00351995593893 0.00277857112687 0.00277429508211 0.00247448483872 0.00117146414319 0.00129603305912 0.0018080766202 0.00323184102292 0.00047768637742 0.00105417442008 
0.00437549779929 0.00418095978742 0.00207289441278 0.00174424592211 -0.000303204567028 0.000985726005123 0.0050117220296 0.000124542732242 0.00232680435123 0.0191478804537 0.00312303282056 0.00227713723316 0.0020049927716 0.00161062358883 0.00384426776575 0.000820397190038 0.00136976733441 0.0021910570959 0.00107022399647 0.0011710207664 
0.00281180741609 0.00351481117462 0.00171015106237 0.00218976637883 0.00182487353584 0.00241835816507 0.00204830273821 0.00239064838742 0.00351995593893 0.00312303282056 0.014869407516 0.00431982731012 0.00175561867034 0.00175633470851 0.00233967442181 0.00112278938973 0.00191847689255 0.00296824094841 0.00162262065555 0.000132058744532 
0.00453559646527 0.00596633201279 0.00330728410577 0.0034387001022 0.00242088121631 0.00466316510051 0.00197135958079 0.000958354810237 0.00277857112687 0.00227713723316 0.00431982731012 0.0781692024581 0.00296460472186 0.00441993345696 0.00328768536568 -0.000166276395685 -0.00125574021247 0.00276345598947 0.00114954427488 0.00133017437654 
0.00226139244831 0.000896945289954 0.00238254607083 0.00271693071572 0.00111914650605 0.00195543864533 0.00127589544901 0.00102020321107 0.00277429508211 0.0020049927716 0.00175561867034 0.00296460472186 0.0220988942869 0.00450837330016 0.00113565608235 0.00162337728809 0.000567892625237 -0.000658047366298 0.0024194306322 0.00183569160535 
0.00311622268204 0.00172707034274 0.00260547372614 0.00104219138519 0.00161592002958 0.00265688223384 0.000932788534884 -0.000830248056535 0.00247448483872 0.00161062358883 0.00175633470851 0.00441993345696 0.00450837330016 0.0455264674585 0.00152341945471 0.00386315642911 0.00337298815857 0.00163948197227 0.00267885307446 0.00336048411353 
0.0018397211054 0.00265300207859 0.000745525969546 0.00227971212761 0.00148909524131 0.00133602530192 0.00438857607107 0.000155196909813 0.00117146414319 0.00384426776575 0.00233967442181 0.00328768536568 0.00113565608235 0.00152341945471 0.0129296023143 0.000749264308082 0.000102574731019 0.00173197355984 0.00123388666861 0.000323166588673 
0.00340662600323 0.000811325623802 0.00258062692062 0.00184238243325 0.00215495781195 -0.000160880616914 -3.22869333348e-06 0.00201588938195 0.00129603305912 0.000820397190038 0.00112278938973 -0.000166276395685 0.00162337728809 0.00386315642911 0.000749264308082 0.0475668313956 -0.000534513057379 0.00422361217691 0.00121932320873 0.00287726461848 
0.000830678076984 0.00225572442186 0.000570178485142 0.00256266317196 0.00241245047051 0.00246481778569 -7.94072479587e-05 -0.000464408042044 0.0018080766202 0.00136976733441 0.00191847689255 -0.00125574021247 0.000567892625237 0.00337298815857 0.000102574731019 -0.000534513057379 0.0413289612438 0.000706402809361 0.00225195567518 0.00300446256267 
0.00343765955099 0.00166887229404 0.00394584294533 0.000827481765588 0.00201038001412 0.00302979393279 0.00121334031172 0.00180661473717 0.00323184102292 0.0021910570959 0.00296824094841 0.00276345598947 -0.000658047366298 0.00163948197227 0.00173197355984 0.00422361217691 0.000706402809361 0.0180526910111 0.00164150782455 0.00214130796228 
0.00211777216025 0.00166398350332 0.00217510594144 0.000942677552511 0.00149130397888 0.00114757488267 0.000941435138865 0.000551097458143 0.00047768637742 0.00107022399647 0.00162262065555 0.00114954427488 0.0024194306322 0.00267885307446 0.00123388666861 0.00121932320873 0.00225195567518 0.00164150782455 0.0206150341567 0.000949755718607 
0.000835993887446 -0.000982690215415 0.00171719108029 0.003394093873 0.00117610836236 0.000647914642362 0.000374488974645 0.00277828850036 0.00105417442008 0.0011710207664 0.000132058744532 0.00133017437654 0.00183569160535 0.00336048411353 0.000323166588673 0.00287726461848 0.00300446256267 0.00214130796228 0.000949755718607 0.0438536144194 

['SLB', 'ETR', 'MI', 'UTX', 'GE', 'PPG', 'D', 'TEK', 'ZION', 'SRE', 'VNO', 'AVP', 'GENZ', 'ERTS', 'PGN', 'AOC', 'HLT', 'SNV', 'CA', 'AW']