60
0.0161964684659 0.0573021249509 0.0905831054983 0.0307338128464 0.143553651187 0.0917148498368 0.0331605059077 0.0621428512979 0.0147816990943 0.0201569416701 0.0649972461493 0.0335790413719 0.0146033592013 0.0114549593271 0.0169596300077 0.0437038130991 0.0170349265424 0.109959402945 0.123331646141 0.103848753038 0.0243185800675 0.0594275332512 0.0444525953717 0.0216083944488 0.0896854693356 0.073470583658 0.0301615681032 0.0415957971797 0.00265371642944 0.0916953774684 -0.00773505516991 0.0493961611292 0.0189508527873 0.0206658862902 0.134627172929 0.0270606760034 0.0415097954764 0.162419244675 0.0315903614714 0.0506400072768 0.0615160923796 0.135848421796 -0.0014382556632 0.0998681056981 0.025637758891 0.00633581846688 0.00851722536111 0.0213104348082 0.100072423231 0.0839491815724 0.122670110856 0.072987431854 0.0288411222523 0.0262084488718 0.0703179731329 0.00788248566947 0.0623269012124 0.0466490289559 0.0674926048947 0.0431320253577 
0.163460883755 0.0169724333491 0.00646726048428 0.00854982146505 -0.0139206411622 0.0119263622204 0.00286662712111 0.0224842616443 0.0275493453578 0.0480390033421 0.0179765229632 -0.00711695784307 0.00991025274924 0.0133689448253 0.0269397670353 0.0195614490434 0.0113990061117 0.0055111486086 0.01562729658 0.0104935961666 0.00368698802733 0.013976004611 -0.00183910360104 0.00484032865894 0.01133764934 0.013505865603 0.00372050342339 0.0128452645491 0.0295405354256 0.0135715776509 0.0047592570632 0.00189308286842 0.0190444046213 0.0102937225071 0.0126273544892 0.0153680984945 -0.00411036104277 0.0109828344456 0.00921784429468 0.0151955285261 0.0174189903594 0.00104999913939 -0.015387718494 0.00171799811747 0.0154986452069 0.024222953451 0.00940363470091 0.00420601785189 0.00557493596969 0.00631074555181 0.00032234672212 -0.00755945899049 0.0152321243276 0.0220647366263 0.0043512106421 0.0253304106929 0.0224505627527 0.0253931032721 0.0234804794334 0.0249038687934 
0.0169724333491 0.310515909468 0.000329085422867 0.00802358042104 0.0393887017985 0.0159173558033 0.00248354315116 0.0140277852219 -0.0066414861303 0.0249797765343 0.0171854633303 0.0105443502959 -0.00583357912988 0.0170736259714 0.00914132202114 0.0149140450484 0.0206599235283 -0.00196906892053 0.0573793632108 0.0174935627807 -0.0157021432565 0.00172989374016 0.00449499953283 0.0234320841058 0.0156064076065 -0.00291691849755 0.0131649917111 0.018915953747 0.0219394684399 0.0645066538776 0.00493693043782 0.00809229205717 0.0205429790454 0.0257097670321 -0.00511841069119 -0.00909160449806 0.00907033016141 0.0303512856128 0.0174907398015 0.000709889494904 0.0320196171756 0.0350053512681 0.0245848492651 -0.00173894591454 0.0197125968023 0.0138160336751 0.0014149021525 0.0179474046996 -0.0045783470085 0.0131740504713 0.00455813310962 -0.00473939982776 0.0106403377126 0.0308254863107 0.0266705042331 0.0230792033372 0.0186882315397 0.0219680160505 0.0112369462388 0.0473617401911 
0.00646726048428 0.000329085422867 0.307221746677 0.0219864109109 0.00487592041227 0.0197354458209 0.0208727841882 0.0114835739041 0.02973500216 0.020491504096 0.0399371598581 0.00737338207288 0.00276694873817 0.0287570377172 0.0185907082458 0.0130821665993 0.00983227486449 0.00614498965202 -0.0021747617357 -0.00131461169095 0.0297194016462 0.00578788550668 0.0189073644062 -0.00212493397326 0.0147778615974 0.0283112100436 0.0265260276609 0.0118548485031 0.016679042986 0.0428107545386 0.00980911596054 0.0283094908461 0.037266601979 0.0274368731073 0.00178985031963 0.0130863959589 0.00531597023614 0.0145199264929 0.0189116749966 -0.0214277477751 0.0100035936827 -0.00526839414467 0.00166699659192 0.010998987574 0.00930155976922 0.0153069888749 0.0201366126669 0.0341957308293 0.0116833927112 -0.00342320915253 0.0024350850254 0.0152378606402 0.00731580175661 0.0121645440151 0.00114389626306 0.0120945707335 0.0225660317572 0.0240132260138 0.0460628633227 0.00865799815555 
0.00854982146505 0.00802358042104 0.0219864109109 0.166151460539 0.012567075661 0.0209586311229 0.0126058829568 0.0176078315664 0.012064793515 0.00855272275389 0.00178865874178 0.0154655620353 0.010093392387 -0.0062351402063 0.00442257106912 -0.000778089706946 0.0179352201245 0.0114624852247 0.0231154755992 0.0067388084624 0.00206511504102 0.0299417271354 0.0135790447647 0.0052309180598 0.0109531296093 0.0140193425938 0.00911681543164 0.0069755004969 0.00736772252037 0.0094868885452 0.00582579218705 0.0147190632356 0.00660238796896 0.0290680476184 -0.00176417908098 0.0149011958778 -0.00699949253313 0.0168548225547 0.0126690725189 -0.00451031564966 0.0104924264239 0.00943084776152 0.00102953963862 0.0207247327023 0.0152288404491 0.00851259441097 0.013567087389 -0.000377157952097 0.018087578073 -0.0188275454507 -0.00218140305086 0.0332983095654 0.0126573094301 0.0131406486426 0.0202599033879 -0.000723190592477 0.0130329630417 0.0171362442895 0.0253601134847 0.00346864069118 
-0.0139206411622 0.0393887017985 0.00487592041227 0.012567075661 0.886947623624 0.0386435149877 0.0143807905278 0.00878720096747 -0.000639297070446 0.00123129960482 0.0408896866669 0.0252239433336 -0.000598565239123 0.0053411924125 0.018991223158 0.0367237574991 0.017274624727 0.0455176468817 0.0545642756856 -0.0122675810828 0.0237059969927 -0.00605649866456 0.0430348197579 0.00544362719293 0.0134297056079 0.03100204229 0.0363365653215 -0.000996397613451 -0.0136505770509 0.0750717667467 0.0238856410012 0.00820105359874 0.00473239652763 0.0417768186016 0.0488024590568 0.0288088048947 0.014828684935 0.0241752518803 0.0350616918452 0.0268853078497 0.0124650295973 0.00634347995008 0.0157261238191 0.0250776285498 -0.0191834182305 0.0348937239686 0.0277804184675 0.0388457670968 0.0260697933123 0.0177567038513 -0.000531351419463 0.0198158990525 0.013068518567 0.0369148971991 -0.0109847426758 -0.0194691712645 0.0104390093178 -0.00368801434663 0.0113230144096 0.0312304208671 
0.0119263622204 0.0159173558033 0.0197354458209 0.0209586311229 0.0386435149877 0.159576740768 0.0143686617951 0.0275933737312 0.00834179310637 0.017883534021 0.0185095812169 0.00197996330659 0.0105484703325 0.0266259562997 0.0312068884229 0.0305123014458 0.0209014742458 0.00871294827248 0.0357731055826 0.0197742107394 0.0228924339885 0.00978625756366 0.0120221352025 0.0174488405752 0.0149554027056 0.0128821876987 0.0623685825737 0.020429558916 0.0144943477675 0.0233325224425 0.0232029923007 0.0162405180221 -0.00171720227021 0.0619217389733 0.0133356907554 0.0217797826277 0.0148257194026 0.0109601978082 0.049484648426 0.0263581048293 0.0124455555087 0.00440705150482 0.00469523156504 0.017227367776 0.0064971672198 0.00525260768988 0.0238767566543 0.021528188974 0.0150319748517 0.00645964538058 -0.00701792368653 0.00707934507796 0.0292509029406 0.0320171497463 0.0160242994797 0.0105971850111 0.0300118177363 0.0194527947097 0.00304621344878 0.0272602874341 
0.00286662712111 0.00248354315116 0.0208727841882 0.0126058829568 0.0143807905278 0.0143686617951 0.145718368589 0.0247232008575 0.0113045533369 -0.00353647432053 0.0287154618659 -0.00587192780688 0.0123701759176 0.00442564378466 0.0219964807884 0.0158141256881 0.0117552945858 -0.00614269886035 0.0138553380685 0.000236531797951 0.0101094815209 0.0149809836781 0.0195955352909 0.0042072231337 0.0134310215675 0.0430756304057 0.0150142382634 0.0174627991882 -0.00106419662301 0.0173202637901 0.0313706587412 0.00760018012536 -0.0208282024623 0.0115459360626 0.0122765054793 0.0290373190471 0.0220394460547 0.0186925537142 0.016972925568 0.00344689486838 0.00997166453718 0.00824826238576 0.00468562544628 0.019687920427 0.0123053823286 0.00669368742059 0.00725531763397 -0.0106715899988 0.0211780008388 -0.00155822543558 -0.0184273982629 -0.0104132413904 0.020483423264 0.00795872272921 0.0061756971723 0.00948005599204 0.0150301754622 0.0117123504896 0.0119879454524 0.00343359907128 
0.0224842616443 0.0140277852219 0.0114835739041 0.0176078315664 0.00878720096747 0.0275933737312 0.0247232008575 0.160232412071 0.0143903319206 0.0168127532997 0.016923215527 0.0225516612556 0.00477062146513 0.0195060155934 0.0173365699789 0.00917271554973 0.019651815846 0.0416914094002 0.0131221178433 0.000437657642511 0.0110572340093 0.00869324023804 0.0155845267159 0.0227411395416 0.00336272500155 0.0212627635174 0.0244992467507 0.0220020499909 0.0182223367001 0.0200821485897 0.0169719595471 0.0161601357084 -0.00379639060956 0.0285199530648 0.0023885685393 0.0345726693485 0.0245958915849 0.0218325959482 0.0307407250028 0.02208597245 0.0348442737177 0.0412635740293 0.00425401415762 0.0143488469681 0.0360438689786 0.0202023352796 0.0122646417413 0.025974417571 0.00488260416639 0.0113227802915 0.00636286578486 0.0145084581782 0.022496624926 0.0178397633029 0.0088070097147 0.00795813056394 0.0230658744167 0.0121745626268 0.0124754263045 0.0167648374098 
0.0275493453578 -0.0066414861303 0.02973500216 0.012064793515 -0.000639297070446 0.00834179310637 0.0113045533369 0.0143903319206 0.197298082378 0.0303097082124 -0.00660126233348 -0.0126387610076 0.00448379804462 0.0243290012517 0.0236421849725 -0.00483703816158 0.0393271502501 0.0239737210851 0.0271701568461 0.0018658236734 0.0222421758798 0.00527640895285 0.0119115538369 0.01687406049 0.0157114326731 0.0190715489374 -0.00439939165016 0.0314636517867 0.0144215943068 0.0403164358763 0.00448260368253 -0.000423854394405 -0.0139574779117 0.000455292560757 0.00610375878203 0.0120259432162 0.0104847668666 0.0259083412319 0.0030888017659 0.00592154423849 0.0300905485497 0.0138677679121 0.00209686459284 0.00499320609074 0.00678944682994 0.00924009921892 0.0244214857768 0.00296044009234 0.0105944905899 0.00272321883636 0.0133589883221 0.00761255284854 0.0508687829296 0.0249226109628 0.0264110858743 0.0389222459184 0.0099968354626 0.0146507257528 0.015064915083 0.0114509215838 
0.0480390033421 0.0249797765343 0.020491504096 0.00855272275389 0.00123129960482 0.017883534021 -0.00353647432053 0.0168127532997 0.0303097082124 0.17406788683 0.0207295499437 0.0164169207896 -0.0116582980991 0.00843232402974 0.0170075611499 0.0381324215698 0.0306528856649 0.00105468170022 0.0229680547791 0.00218716347626 -0.0105541674495 0.00375034488408 -0.00210912153094 0.0101397541708 0.00674632342295 0.0260981473012 0.0144472025832 0.00888553129728 -0.00337740993307 0.00960855953959 0.015403944998 0.00713003606632 0.028382416947 0.00993516490108 -0.0104153643645 0.0224837565251 0.0110477322719 0.0200198936544 0.0122645198085 0.0218524095154 0.024117373828 -0.000989281826106 -0.0154929153144 0.00810482472405 0.0296228331113 0.00980524328392 0.0184174069722 0.00390940820391 0.0146987536934 0.0165048756031 -0.000287942755668 -0.00629629193232 0.0216938538318 0.0318299217932 -0.0052544515535 0.0164648872641 0.0155850233861 0.00257924677226 0.0152380971622 0.0294717249238 
0.0179765229632 0.0171854633303 0.0399371598581 0.00178865874178 0.0408896866669 0.0185095812169 0.0287154618659 0.016923215527 -0.00660126233348 0.0207295499437 0.271835324074 0.0092354020549 -0.0108859125642 -0.00738807164516 0.013159750745 0.0313847361521 0.0211778156015 0.0314079112049 0.0109168024589 -0.0162509194449 0.0105780018804 0.00661450841984 0.00336830491094 0.0171946889406 -0.00579657805504 0.0197104889029 0.0135307082398 0.00858344832246 0.0173146098327 0.0135989854775 0.00752480581364 0.024186428374 0.0187827075166 0.0193750021806 0.0138906292549 0.00120264649952 -0.0228927865021 0.034717973647 0.00360485488067 0.0208012345503 0.0108549041739 -0.00464123473942 -0.0184128007775 0.0360439620511 0.0310086877842 0.0297357408401 -0.00261437943283 0.0103947948672 0.0152183982834 0.043735404435 0.00851395945377 0.00107240296914 0.0117728758741 0.0083869981629 0.000124503006227 0.00955397196295 0.0222204129642 0.0228347378376 -0.000365493241928 0.00079487943529 
-0.00711695784307 0.0105443502959 0.00737338207288 0.0154655620353 0.0252239433336 0.00197996330659 -0.00587192780688 0.0225516612556 -0.0126387610076 0.0164169207896 0.0092354020549 0.230683855168 0.00540494169048 0.00759931813381 0.000377051100205 0.00274589881798 -0.00304867880685 0.00436770096534 0.0199857904435 0.0190150082201 0.00542258476448 0.00588222458258 0.00775390464606 0.0112835843331 0.0271771569211 0.0178517959017 0.0116102377909 -0.00257796316391 -0.00432485599205 0.0205376022743 -0.000780001500684 0.00863893476493 0.0128402662709 0.00208573450614 0.0368032974578 0.00301878043563 -0.0254254726 -0.0180394524666 0.00962683462059 0.035310142591 0.0239359582232 0.00482321537049 0.0166592439342 0.0164347425289 0.00513422624643 0.0154771608578 0.00359315237982 0.00657137215328 0.0162521308081 -0.0115701307868 0.0124624813772 0.0218226063008 -0.00335842662746 0.0220817701016 0.0554946721789 0.0112209696996 0.0338279899161 -0.0019324115562 0.00554929298023 0.0150991685186 
0.00991025274924 -0.00583357912988 0.00276694873817 0.010093392387 -0.000598565239123 0.0105484703325 0.0123701759176 0.00477062146513 0.00448379804462 -0.0116582980991 -0.0108859125642 0.00540494169048 0.160247388324 0.0212160848063 -0.00953215575206 -0.0139659361905 -0.00214261869097 0.00573352497941 0.00365195970967 0.0212942754637 0.0249163968079 0.00690599927141 0.00871846117863 0.0052771398155 -0.0111830220395 0.0174583962679 -0.0096174536692 0.0327733040723 0.00678935207077 0.0285961525722 0.00844090169802 0.000306641540779 0.00769508606542 0.0199263007519 0.0043672336163 0.00263572725801 0.0091943773441 -0.0123858549736 -0.00204435327688 0.0183948663408 0.00789819614604 -0.030668016693 0.0414115955317 0.0228895309586 0.0135210313053 0.0167478552914 -0.00209991396763 0.00620172420434 0.00902026998072 -0.000764821631947 -0.0109379108761 0.0186071791006 -0.0010137797421 -0.0137934758487 -0.00880654246829 0.0150440331548 0.00704553766426 -0.00365531559536 0.00221062908113 0.00423836644655 
0.0133689448253 0.0170736259714 0.0287570377172 -0.0062351402063 0.0053411924125 0.0266259562997 0.00442564378466 0.0195060155934 0.0243290012517 0.00843232402974 -0.00738807164516 0.00759931813381 0.0212160848063 0.150039654513 0.0105987138438 0.0173757973896 0.0326176229447 0.0209980311955 0.0179802106043 0.0054519937549 0.00503814199732 -0.00494221387941 0.00307834643347 0.0111806805088 0.0135674997383 0.017013952141 0.0121942879985 0.0205779422026 0.0213103216145 0.0294324877006 0.0237427567504 -0.00320814341795 -0.0130561955627 0.0118545072212 0.00451287650212 -0.0072039969424 0.00787459503346 -0.0131253358879 0.00437405053761 0.0299800103772 0.0187283995921 0.0143627049742 0.0271676368122 -0.00506139482777 0.0102366917371 0.0304338780726 0.012878013369 0.0111049875943 0.00288517819037 0.00937379690485 -0.00142268715831 -0.013143192622 0.027686230183 0.0211866254079 0.0250287750667 0.0195583125555 0.0295262453556 0.0135869643032 0.0214906469262 0.0204896750773 
0.0269397670353 0.00914132202114 0.0185907082458 0.00442257106912 0.018991223158 0.0312068884229 0.0219964807884 0.0173365699789 0.0236421849725 0.0170075611499 0.013159750745 0.000377051100205 -0.00953215575206 0.0105987138438 0.180517750349 0.0208683439466 0.0226403839195 0.0320193792625 0.0016550234139 0.00351893727916 -0.00334833016389 0.00643700445579 0.046390107753 0.00590337449018 0.0214272744072 0.0426312230282 0.0179104178765 0.0167580207203 -0.00230614033588 0.0483851181928 0.0500881497593 0.0218946731337 -0.00881283080604 0.0402893509728 0.0130538623821 0.0271321245087 0.0526620299738 0.00351943218987 0.0325284980159 0.0236218485536 0.0310606238284 0.0107477490892 0.0137614515141 0.0155753442047 -0.000199872818076 -0.00620385258102 0.0205459558661 0.0103895622624 0.000556895140218 0.0167804064303 0.0161025973835 0.00532076982032 0.0115164321419 0.019621732871 0.0273545053944 0.0216370605656 0.022605865841 0.0181141867588 0.0185126497535 0.0229925928949 
0.0195614490434 0.0149140450484 0.0130821665993 -0.000778089706946 0.0367237574991 0.0305123014458 0.0158141256881 0.00917271554973 -0.00483703816158 0.0381324215698 0.0313847361521 0.00274589881798 -0.0139659361905 0.0173757973896 0.0208683439466 0.192786265495 0.0156295276125 0.00738815921409 0.0286519478486 0.000572066683976 0.00290260644975 0.00218831022423 0.0101231535402 -0.0103264196911 0.0194957188601 0.0224024930805 0.0163879230938 0.0182835706237 -0.00784435534553 0.0327335350764 0.0173055832086 0.0117151153854 0.0205812248742 0.019215925124 -0.00629127926037 0.00555095149208 0.00878910397643 0.0408648088643 0.0110572094928 0.0366527883423 0.0117460820413 0.0114032182109 -0.000810193359428 -0.0055590903482 0.0228930424635 0.0137170215267 0.0184394632994 0.0168122611358 0.0199132542005 -0.00659860438608 -0.00200973718303 -0.00881100577812 0.0174542367173 0.0371837499007 -0.00984288701531 0.0205729275924 0.0296890077449 0.0082156773831 0.0184436057298 0.00633865498269 
0.0113990061117 0.0206599235283 0.00983227486449 0.0179352201245 0.017274624727 0.0209014742458 0.0117552945858 0.019651815846 0.0393271502501 0.0306528856649 0.0211778156015 -0.00304867880685 -0.00214261869097 0.0326176229447 0.0226403839195 0.0156295276125 0.181963041099 0.0183980222605 0.0159236840963 0.00267645779759 0.0199416728839 0.00038377450845 -0.000943209308872 0.0233351589942 0.0209206165054 0.00888152820879 0.018313488103 0.0183611140374 0.00809062882695 0.0176387911924 0.0199517229141 0.00542563212555 -0.000219384795183 0.0107239623676 0.011282522266 -0.00632622102308 0.00357556388219 -0.00996177615262 0.0231208358014 0.00565477408816 0.029478928187 0.0242202784129 0.000487825018892 0.0226381150537 0.0201802953364 -0.000883914606337 0.0156316841531 0.00480009533189 0.0019681976528 0.0491449889114 0.00228338473985 0.00640417738051 0.0444327434019 0.0162456254281 0.00539795813186 0.0317017864336 0.0140292266167 0.000573806904261 -0.00481197183096 0.0226014407642 
0.0055111486086 -0.00196906892053 0.00614498965202 0.0114624852247 0.0455176468817 0.00871294827248 -0.00614269886035 0.0416914094002 0.0239737210851 0.00105468170022 0.0314079112049 0.00436770096534 0.00573352497941 0.0209980311955 0.0320193792625 0.00738815921409 0.0183980222605 0.372474134296 0.0468244287325 -0.00457015989662 0.00688321411446 0.00939364929409 0.00945796330738 0.0458055734401 0.0272583077111 0.0268609024458 0.0207775852696 0.0331303273817 0.0167563639211 0.0706725542281 0.0128957304066 0.0478275808598 0.0313994709662 0.0284614670809 0.0203678241343 0.0584957993721 0.0261766492978 0.00684598301655 0.0265244362921 0.0206748000814 0.0380543939574 0.0360988668542 0.0271505607764 0.0644384711562 0.0177347219384 0.0142168382815 0.022340034883 0.0178785595072 0.0295121148924 0.105098101588 -0.00770050997697 0.0278035172025 0.0199805861227 0.00586720530048 -0.00941679875161 0.0178066560849 0.009844548752 0.00961429369054 0.0240180510635 0.0296802827306 
0.01562729658 0.0573793632108 -0.0021747617357 0.0231154755992 0.0545642756856 0.0357731055826 0.0138553380685 0.0131221178433 0.0271701568461 0.0229680547791 0.0109168024589 0.0199857904435 0.00365195970967 0.0179802106043 0.0016550234139 0.0286519478486 0.0159236840963 0.0468244287325 0.431327601605 0.0159776337626 0.0242840375655 0.0195460848775 0.00123233374553 0.000687245443935 0.0399525266825 -0.011549351386 0.0343231078833 0.00809177345506 -0.00778191661636 0.101470658549 -0.00256357472114 0.00193006145655 -0.000540565041939 0.0369849912727 0.0525512100701 0.0201285215299 -0.00583874999972 0.00754600079452 0.0225398818358 0.0308184733805 0.0334086271175 0.00789040017057 -0.0022481526044 0.0645411431458 2.71896036409e-05 0.0353982234081 0.0110370284487 0.0336206559794 0.0115945969637 0.0726169634533 0.0304831046912 0.0202814260954 0.0037066891319 0.0274712562164 0.0105579222045 0.0362605331367 0.0186818812776 0.0427160602878 0.0368577923604 0.014233868164 
0.0104935961666 0.0174935627807 -0.00131461169095 0.0067388084624 -0.0122675810828 0.0197742107394 0.000236531797951 0.000437657642511 0.0018658236734 0.00218716347626 -0.0162509194449 0.0190150082201 0.0212942754637 0.0054519937549 0.00351893727916 0.000572066683976 0.00267645779759 -0.00457015989662 0.0159776337626 0.343551889681 0.0150840551475 0.00782441980679 0.0227303563836 -0.0173160308749 0.00843927945499 -0.00123682006658 -0.00214377424939 0.0302872529177 -0.00303247993589 0.0342614640719 0.0127545391061 0.000680500118794 0.0260189286729 0.000804361912899 0.0321102672984 0.0117680647512 0.0139263847338 0.00952274690134 0.00382830027763 0.0680283488587 0.00283837899581 0.00261123008629 0.00313355956895 0.0323252920462 -0.00945064217163 0.0182039010727 -0.00709663446731 0.0144599566936 0.0308877832228 -0.00424849112511 -6.42857527958e-05 0.033895293283 -0.0112652787626 0.0285872119665 0.0293790913951 -0.00875335677849 0.0222510792786 -0.0244021374334 0.0172570285965 -0.0249423156991 
0.00368698802733 -0.0157021432565 0.0297194016462 0.00206511504102 0.0237059969927 0.0228924339885 0.0101094815209 0.0110572340093 0.0222421758798 -0.0105541674495 0.0105780018804 0.00542258476448 0.0249163968079 0.00503814199732 -0.00334833016389 0.00290260644975 0.0199416728839 0.00688321411446 0.0242840375655 0.0150840551475 0.217815622743 0.0234419641387 0.00736467052971 -0.00287423727517 0.00859489623337 0.0188096698635 0.00855954241277 0.0349362415375 0.0057155929344 0.0431929262057 0.0151891782903 0.0108607529239 0.0063286914044 0.00325427202961 0.0283488892569 -0.00297922971027 0.0155015732623 0.0158538629061 0.0245629482469 -0.023560555848 0.0165749238415 -0.00744335400231 -0.00306513820125 0.0153710277065 -0.00173220774754 0.0182886854377 0.00021295546401 0.00807032805655 0.0122473128322 -0.000147392626045 -0.0145243816618 -0.00137570627568 -0.00470093081789 -0.0130660353054 -0.00295225132055 0.00397197245534 0.0217438947172 0.0140144028225 -0.00862892102516 -0.0195023153224 
0.013976004611 0.00172989374016 0.00578788550668 0.0299417271354 -0.00605649866456 0.00978625756366 0.0149809836781 0.00869324023804 0.00527640895285 0.00375034488408 0.00661450841984 0.00588222458258 0.00690599927141 -0.00494221387941 0.00643700445579 0.00218831022423 0.00038377450845 0.00939364929409 0.0195460848775 0.00782441980679 0.0234419641387 0.231106184318 0.009463154913 -0.0117199633962 -0.00751752948401 0.0194427543747 0.0127245306824 -0.00667043787758 -0.0109605591091 0.00569337270237 0.00451215011905 0.00829088375166 -0.0118265100402 0.0126286919708 0.0131075636501 -0.00622812836155 0.00834010259535 0.0231111614375 0.0244728848582 0.00739465993948 0.00200051002947 0.0107077684264 -0.00482001557284 -0.00711943645638 0.00488327206612 0.00555121582068 -0.00285654538627 0.00254313570479 0.0111070544491 -0.0138458221768 0.00160836889922 0.00140030990197 0.00735391497717 0.022197843658 0.0206405015387 0.00195248869408 0.0156791265822 -0.00851768422535 0.0249327264556 0.00695113701854 
-0.00183910360104 0.00449499953283 0.0189073644062 0.0135790447647 0.0430348197579 0.0120221352025 0.0195955352909 0.0155845267159 0.0119115538369 -0.00210912153094 0.00336830491094 0.00775390464606 0.00871846117863 0.00307834643347 0.046390107753 0.0101231535402 -0.000943209308872 0.00945796330738 0.00123233374553 0.0227303563836 0.00736467052971 0.009463154913 0.223338725222 -0.00785540554862 0.0150062886221 0.0847406760435 0.00129611841381 0.0134856952066 -0.00743454516211 0.045651646265 0.0248396031157 -0.0075478231161 0.00828639306205 0.0123319362117 0.0270496519034 0.0559931882432 0.117258303967 -0.00207169450176 0.0117900348157 0.0223921094582 -0.00202986054781 0.00230099400679 0.00769061076052 -0.00446751343254 0.0184794859119 0.00105616752631 0.00266365479658 0.00196757967848 0.00867758696951 0.00519501393975 0.00712937190427 0.0169597264828 0.0158777816566 -0.00105612610482 0.00800518504783 0.00186522317808 0.0281933785058 0.000905482711604 0.0313617331612 0.0332117538797 
0.00484032865894 0.0234320841058 -0.00212493397326 0.0052309180598 0.00544362719293 0.0174488405752 0.0042072231337 0.0227411395416 0.01687406049 0.0101397541708 0.0171946889406 0.0112835843331 0.0052771398155 0.0111806805088 0.00590337449018 -0.0103264196911 0.0233351589942 0.0458055734401 0.000687245443935 -0.0173160308749 -0.00287423727517 -0.0117199633962 -0.00785540554862 0.23689206722 0.0106859920588 0.00468908893359 0.0142605535343 0.0102865586789 0.0149002422606 0.00308280609535 -0.00483341936895 0.00595388734364 0.0159484304141 0.0156498741752 0.0064603775148 -0.0168018668642 -0.0109485948064 0.0388131604353 0.0163296673057 0.0228545112794 0.0190309580291 0.0131545666332 0.000384505802518 0.0137577593575 0.0170446243532 0.0113261821063 0.0151163153254 -0.00582612930675 -0.0152737716107 0.0983349009001 -0.000848244989075 0.0231028663771 0.023496455362 -0.00358156424329 0.0296884332364 0.017104882699 0.0340594604732 0.0132169211196 -0.00479957764268 0.0256426175271 
0.01133764934 0.0156064076065 0.0147778615974 0.0109531296093 0.0134297056079 0.0149554027056 0.0134310215675 0.00336272500155 0.0157114326731 0.00674632342295 -0.00579657805504 0.0271771569211 -0.0111830220395 0.0135674997383 0.0214272744072 0.0194957188601 0.0209206165054 0.0272583077111 0.0399525266825 0.00843927945499 0.00859489623337 -0.00751752948401 0.0150062886221 0.0106859920588 0.241929015522 0.00834845172891 0.0176520515107 0.0243557584967 -0.00164451451574 0.0523656930625 0.00661931385535 0.00037562371614 0.00320519316453 0.0034354305925 0.0113491058751 0.0127095198905 0.0401506316566 0.00581736685336 0.00350751104711 0.0461317345098 0.0206902169054 0.00775579019817 0.0156430528517 0.00568565939104 0.0191209965473 0.0235548053662 0.0121181646776 0.0134796197227 -0.00699641235592 -0.0184518438664 0.0100398206145 0.0241837078698 0.00440692182387 0.0246829167884 0.039626187406 0.0448983378485 0.0358498233426 0.0258492467294 0.0256098224159 0.00921009980831 
0.013505865603 -0.00291691849755 0.0283112100436 0.0140193425938 0.03100204229 0.0128821876987 0.0430756304057 0.0212627635174 0.0190715489374 0.0260981473012 0.0197104889029 0.0178517959017 0.0174583962679 0.017013952141 0.0426312230282 0.0224024930805 0.00888152820879 0.0268609024458 -0.011549351386 -0.00123682006658 0.0188096698635 0.0194427543747 0.0847406760435 0.00468908893359 0.00834845172891 0.442292321708 0.0325671057571 0.0360326656181 0.00781339873762 0.00690764748318 0.0154422953131 0.0373795071899 0.0149661543386 0.0281668223935 -0.00085774545552 0.0443610985672 0.11069186815 0.0613492210745 0.0207887209191 0.0328639178619 0.0158151554287 0.00427186397445 -0.00983255049411 0.026941545469 0.0564195826533 0.0150052957629 0.0110796435239 0.00591062830428 0.0103601379183 -0.0114678457606 0.0126450071447 -0.00470759718167 0.0104909836824 0.0455422771214 0.0131605360723 0.0195255466783 0.0290107637167 -7.42419781856e-05 0.0189060554086 0.0383543976774 
0.00372050342339 0.0131649917111 0.0265260276609 0.00911681543164 0.0363365653215 0.0623685825737 0.0150142382634 0.0244992467507 -0.00439939165016 0.0144472025832 0.0135307082398 0.0116102377909 -0.0096174536692 0.0121942879985 0.0179104178765 0.0163879230938 0.018313488103 0.0207775852696 0.0343231078833 -0.00214377424939 0.00855954241277 0.0127245306824 0.00129611841381 0.0142605535343 0.0176520515107 0.0325671057571 0.188501272884 0.0164952434602 0.000943383233889 0.0111886609694 0.0117840133941 0.00931165317879 -0.00116119402508 0.0644885329091 0.00475643997784 0.0209695808222 0.0328264429114 0.0552519708123 0.0551678812334 0.0101286715742 0.0161775984115 0.018510501404 -0.00281125359613 0.034642754569 0.0157080897109 0.00593363474705 0.0233511930867 0.0156971518768 0.00312687967117 0.0249800790761 0.0150950163471 -0.00158036140431 0.0204222138546 0.0374188816346 0.0203070569194 0.0125050703676 0.00969981170689 0.00910978988984 0.02737795217 0.0394426786746 
0.0128452645491 0.018915953747 0.0118548485031 0.0069755004969 -0.000996397613451 0.020429558916 0.0174627991882 0.0220020499909 0.0314636517867 0.00888553129728 0.00858344832246 -0.00257796316391 0.0327733040723 0.0205779422026 0.0167580207203 0.0182835706237 0.0183611140374 0.0331303273817 0.00809177345506 0.0302872529177 0.0349362415375 -0.00667043787758 0.0134856952066 0.0102865586789 0.0243557584967 0.0360326656181 0.0164952434602 0.232260633764 0.00440997591073 0.028416512473 0.00305885996351 -0.000184135031188 0.0194625065884 0.017804730682 0.0284664538605 0.000977834470045 0.0119469649535 0.00893122071688 0.0261778879666 0.0522931418255 0.0216467162975 0.025116433034 0.0215930258944 0.0216187696239 0.0137867918399 0.0282430184111 0.0138181222113 0.011006934567 -0.0088615041794 0.010606685338 0.0140867266555 0.00437736079148 0.0128026311557 0.0383025530052 0.0426883352837 0.0367967838047 0.037402547739 0.0281895869806 0.00775683887449 0.0197249848934 
0.0295405354256 0.0219394684399 0.016679042986 0.00736772252037 -0.0136505770509 0.0144943477675 -0.00106419662301 0.0182223367001 0.0144215943068 -0.00337740993307 0.0173146098327 -0.00432485599205 0.00678935207077 0.0213103216145 -0.00230614033588 -0.00784435534553 0.00809062882695 0.0167563639211 -0.00778191661636 -0.00303247993589 0.0057155929344 -0.0109605591091 -0.00743454516211 0.0149002422606 -0.00164451451574 0.00781339873762 0.000943383233889 0.00440997591073 0.2350410394 0.00475579676802 0.00860626783241 -0.0180564788865 -0.0116672839415 0.00697664868077 0.00138363143607 0.00104336848509 0.00923282013163 0.00307715465732 -0.00237421328946 0.00455070579216 0.0201460136681 -0.0132593650018 0.00385606521735 0.00615603338409 0.00263455443068 0.0212573993039 -0.00325825837357 0.0183542057266 -0.0109851770953 -0.0141925110062 0.0043023230325 0.0109028549353 0.00705640336297 0.00416539566289 -0.00416337732583 0.0205275782218 0.0240798413281 0.0304345547253 0.0111674748824 -0.000845978082097 
0.0135715776509 0.0645066538776 0.0428107545386 0.0094868885452 0.0750717667467 0.0233325224425 0.0173202637901 0.0200821485897 0.0403164358763 0.00960855953959 0.0135989854775 0.0205376022743 0.0285961525722 0.0294324877006 0.0483851181928 0.0327335350764 0.0176387911924 0.0706725542281 0.101470658549 0.0342614640719 0.0431929262057 0.00569337270237 0.045651646265 0.00308280609535 0.0523656930625 0.00690764748318 0.0111886609694 0.028416512473 0.00475579676802 0.491585242138 0.011312164155 -0.00151606412017 0.0183699602652 0.0352710055198 0.020715028145 0.0191215581107 0.0579640752602 0.019568201136 0.0432426255863 0.0602746455304 0.0406164530811 0.0123408170785 0.00241008631586 0.0251551861592 0.0330750334252 0.0478204098675 0.0215946163453 0.037186531503 0.00845472158897 0.0229557910409 0.0157237232222 0.00905724816337 0.0426320985491 0.0331497803833 0.00265185815389 0.0399577839964 0.0334211207635 -0.0052978161936 0.0242870109933 0.0701274844837 
0.0047592570632 0.00493693043782 0.00980911596054 0.00582579218705 0.0238856410012 0.0232029923007 0.0313706587412 0.0169719595471 0.00448260368253 0.015403944998 0.00752480581364 -0.000780001500684 0.00844090169802 0.0237427567504 0.0500881497593 0.0173055832086 0.0199517229141 0.0128957304066 -0.00256357472114 0.0127545391061 0.0151891782903 0.00451215011905 0.0248396031157 -0.00483341936895 0.00661931385535 0.0154422953131 0.0117840133941 0.00305885996351 0.00860626783241 0.011312164155 0.126572385658 0.00246525696153 0.00309514842058 0.0303384499521 0.00270074644125 0.0204381411723 0.00851933906651 0.0106253446042 0.0243485102521 0.0224283328773 0.0038910016728 0.00166488340047 0.0225322013083 0.00932618799669 0.00228093555449 0.00215784612404 0.0240419112478 0.000966434000163 0.0103262949273 -0.0087512579535 -0.00868924450537 0.00428458342487 0.0142563345788 0.0147733116081 0.00833456877538 0.000788415795249 0.0183964456204 -0.00353736215606 0.00480964773203 0.00341294271095 
0.00189308286842 0.00809229205717 0.0283094908461 0.0147190632356 0.00820105359874 0.0162405180221 0.00760018012536 0.0161601357084 -0.000423854394405 0.00713003606632 0.024186428374 0.00863893476493 0.000306641540779 -0.00320814341795 0.0218946731337 0.0117151153854 0.00542563212555 0.0478275808598 0.00193006145655 0.000680500118795 0.0108607529239 0.00829088375166 -0.0075478231161 0.00595388734364 0.00037562371614 0.0373795071899 0.00931165317879 -0.000184135031188 -0.0180564788865 -0.00151606412017 0.00246525696153 0.414643854368 -0.00525925208999 -0.00434930477251 0.023322726048 0.0147663207994 -0.0095001961697 0.0090039850795 0.00915970174372 -0.00865531284399 0.00620518636559 0.00740438127347 0.00999085454045 0.0415361537405 0.0269562931918 4.8880760762e-05 0.019605391704 -0.00538952454283 0.0358551929859 -0.00391433371338 -0.0092176958639 0.0094780028422 -0.0177520601171 1.31005807064e-05 0.0112912377415 -0.00738832139444 0.0091251133427 0.0173959275203 -0.00746569962731 0.0634060316093 
0.0190444046213 0.0205429790454 0.037266601979 0.00660238796896 0.00473239652763 -0.00171720227021 -0.0208282024623 -0.00379639060956 -0.0139574779117 0.028382416947 0.0187827075166 0.0128402662709 0.00769508606542 -0.0130561955627 -0.00881283080604 0.0205812248742 -0.000219384795183 0.0313994709662 -0.000540565041939 0.0260189286729 0.0063286914044 -0.0118265100402 0.00828639306205 0.0159484304141 0.00320519316453 0.0149661543386 -0.00116119402508 0.0194625065884 -0.0116672839415 0.0183699602652 0.00309514842058 -0.00525925208999 0.381904605229 -0.00786096893106 0.0140850166403 0.00490312685176 0.00194778448538 0.0631089876731 -0.00433759661722 0.0344229025897 0.0100802654363 -0.0165252899062 -0.00460908140729 0.0476764422879 0.0274797291479 0.00906022223921 0.0147354274537 0.0286330826588 0.0334551121098 0.0475291126237 0.00811603555171 0.0218921787307 -0.00673097158424 0.000213431050949 -0.0196054342134 0.00763267383907 0.0136587850507 0.00672642985163 -0.00428264694376 0.0031986626007 
0.0102937225071 0.0257097670321 0.0274368731073 0.0290680476184 0.0417768186016 0.0619217389733 0.0115459360626 0.0285199530648 0.000455292560757 0.00993516490108 0.0193750021806 0.00208573450614 0.0199263007519 0.0118545072212 0.0402893509728 0.019215925124 0.0107239623676 0.0284614670809 0.0369849912727 0.000804361912899 0.00325427202961 0.0126286919708 0.0123319362117 0.0156498741752 0.0034354305925 0.0281668223935 0.0644885329091 0.017804730682 0.00697664868077 0.0352710055198 0.0303384499521 -0.00434930477251 -0.00786096893106 0.182893123888 0.0259566081138 0.0276292069271 0.0286114355726 0.0257096037882 0.0495553191403 0.0105871401198 0.0165274770269 0.0186451849517 0.0133375842252 0.0359845258636 0.00907451542729 0.00661958104919 0.0348938700224 0.0263544276208 0.0279262833521 0.0380730349707 0.00492807929833 0.0140261423987 0.0238108690993 0.0535876046554 0.0110308096792 0.0234266904647 0.00862152926429 0.0141072961281 0.0182517090317 0.0392675293999 
0.0126273544892 -0.00511841069119 0.00178985031963 -0.00176417908098 0.0488024590568 0.0133356907554 0.0122765054793 0.0023885685393 0.00610375878203 -0.0104153643645 0.0138906292549 0.0368032974578 0.0043672336163 0.00451287650212 0.0130538623821 -0.00629127926037 0.011282522266 0.0203678241343 0.0525512100701 0.0321102672984 0.0283488892569 0.0131075636501 0.0270496519034 0.0064603775148 0.0113491058751 -0.00085774545552 0.00475643997784 0.0284664538605 0.00138363143607 0.020715028145 0.00270074644125 0.023322726048 0.0140850166403 0.0259566081138 0.730473052431 0.00974058208278 4.75990059932e-05 -0.00550994770031 0.0206699659615 0.000513542306486 0.0166702219594 0.0113994635166 0.0403884974076 0.0350471171547 0.0183086019407 0.052847584454 0.0250973191001 0.0210963423584 0.0667315517053 -8.74449218636e-06 0.0389542790833 -0.00514856230352 -0.00501440496945 0.0195180791545 0.00701775977075 0.0125584164098 0.0310018602216 0.0286116496202 0.0235796368212 0.00720513310713 
0.0153680984945 -0.00909160449806 0.0130863959589 0.0149011958778 0.0288088048947 0.0217797826277 0.0290373190471 0.0345726693485 0.0120259432162 0.0224837565251 0.00120264649952 0.00301878043563 0.00263572725801 -0.0072039969424 0.0271321245087 0.00555095149208 -0.00632622102308 0.0584957993721 0.0201285215299 0.0117680647512 -0.00297922971027 -0.00622812836155 0.0559931882432 -0.0168018668642 0.0127095198905 0.0443610985672 0.0209695808222 0.000977834470045 0.00104336848509 0.0191215581107 0.0204381411723 0.0147663207994 0.00490312685176 0.0276292069271 0.00974058208278 0.189913965739 0.106222786106 0.0121388131245 0.0017616923094 0.0138766346103 0.0136999811435 0.0188850273973 0.0030326089622 0.0127333729931 0.0156715114232 -0.0085599629086 0.021483791228 0.0222684827639 0.0163419374616 0.0054044410393 -9.18785608397e-05 0.00553606436138 0.0062925776134 0.0239378373166 0.00855581750527 -0.00535376942185 0.0128603251538 -0.00989554051748 0.0242308303568 0.0159628442028 
-0.00411036104277 0.00907033016141 0.00531597023614 -0.00699949253313 0.014828684935 0.0148257194026 0.0220394460547 0.0245958915849 0.0104847668666 0.0110477322719 -0.0228927865021 -0.0254254726 0.0091943773441 0.00787459503346 0.0526620299738 0.00878910397643 0.00357556388219 0.0261766492978 -0.00583874999972 0.0139263847338 0.0155015732623 0.00834010259535 0.117258303967 -0.0109485948064 0.0401506316566 0.11069186815 0.0328264429114 0.0119469649535 0.00923282013163 0.0579640752602 0.00851933906651 -0.0095001961697 0.00194778448538 0.0286114355726 4.75990059931e-05 0.106222786106 0.429747052408 0.00755323567528 0.0328983703242 0.0199023611265 0.0137576560109 -0.00431089420735 0.00703813231081 0.0282475464044 0.00119234002368 -0.0202520024876 0.010326800143 -0.00273152565354 0.00488998252486 -0.0132365227518 -0.00527489532208 0.0112447286231 -0.0126876457285 0.00395530480147 0.0210147720697 0.0251194732684 0.0213091208486 -0.0245658126812 0.0173098553839 -0.0136813165347 
0.0109828344456 0.0303512856128 0.0145199264929 0.0168548225547 0.0241752518803 0.0109601978082 0.0186925537142 0.0218325959482 0.0259083412319 0.0200198936544 0.034717973647 -0.0180394524666 -0.0123858549736 -0.0131253358879 0.00351943218987 0.0408648088643 -0.00996177615262 0.00684598301655 0.00754600079452 0.00952274690134 0.0158538629061 0.0231111614375 -0.00207169450176 0.0388131604353 0.00581736685336 0.0613492210745 0.0552519708123 0.00893122071688 0.00307715465732 0.019568201136 0.0106253446042 0.0090039850795 0.0631089876731 0.0257096037882 -0.00550994770031 0.0121388131245 0.00755323567528 1.29563638488 0.0210478397686 -0.00283831889917 0.00497252438842 0.00349564633793 0.00549852380743 0.00151908750965 0.0184588965918 0.00825773178337 0.0150575104782 0.0148453136514 0.00343888399732 0.030912647288 0.00619969199459 -0.00542170095044 0.0236596669816 0.0144187694263 -0.0045238532096 0.0110110201522 -0.00123372475954 0.02064722743 0.0650232009836 0.0227906765266 
0.00921784429468 0.0174907398015 0.0189116749966 0.0126690725189 0.0350616918452 0.049484648426 0.016972925568 0.0307407250028 0.0030888017659 0.0122645198085 0.00360485488067 0.00962683462059 -0.00204435327688 0.00437405053761 0.0325284980159 0.0110572094928 0.0231208358014 0.0265244362921 0.0225398818358 0.00382830027763 0.0245629482469 0.0244728848582 0.0117900348157 0.0163296673057 0.00350751104711 0.0207887209191 0.0551678812334 0.0261778879666 -0.00237421328946 0.0432426255863 0.0243485102521 0.00915970174372 -0.00433759661722 0.0495553191403 0.0206699659615 0.0017616923094 0.0328983703242 0.0210478397686 0.126313387572 0.00538382385802 0.0258192073434 -0.000133406690002 0.007075672144 0.0238933770789 0.0147024412172 0.000620664083727 0.0257451051951 0.0156392724355 0.0113584294067 0.0256587440298 0.00450787784555 0.00745925683251 0.0125824792394 0.0212440140619 0.0143311552555 0.0236988606649 0.0324243493743 0.0163620260723 0.0198043270024 0.0278311937912 
