30
0.0201569416701 0.190895055806 0.0665048210348 0.0411806556966 0.0904248988876 0.171628318037 0.0493870590102 0.151477321577 0.00610402508206 0.135848421796 0.0564449965361 0.399937027552 0.073470583658 0.0216083944488 0.20394989535 0.0146033592013 0.126514999345 0.109959402945 0.0289140833203 0.0347685991573 0.101022755506 0.171372180847 0.0408230851415 0.00646873977314 0.0275413533974 0.139274044211 0.025637758891 0.0907505897935 0.00859756350963 0.102864057578 
0.192303853933 0.034427383698 0.0312010940976 0.0132522278163 0.0301970122573 0.0086396201708 0.0181205600333 0.00492805781291 0.00577150213192 0.000900798471806 0.0197054639181 0.0202794667666 0.0271970152387 0.0128654942345 -0.0139504771115 -0.0144844501939 0.0261167689186 0.00687695588956 0.00363645978295 -0.00525342823308 0.0149608132348 0.0125187110632 0.012695201229 0.0417710402549 0.0206771617057 0.04132934007 0.0330812232739 0.0112637712051 0.0180773514494 0.00544197685497 
0.034427383698 0.546474571109 -0.00455988617256 -0.00348489965147 0.030956307836 0.0148333450383 0.0124577871093 0.071681020195 0.0172810164261 0.0349822047056 0.000786211981825 0.0576047016848 0.101806931391 0.0108789784875 0.0777067089036 -0.00630074834247 0.0158945042172 0.0289422637969 0.0204204567307 0.0165406580613 -0.00944168805091 0.0870593489248 0.0143745145781 0.00882813411698 0.0231396938666 0.0610588289466 0.0595742670998 0.00906345882481 0.025886066369 0.0182165312266 
0.0312010940976 -0.00455988617256 0.240581850543 0.0315801814296 -0.0156454827544 0.0221443537085 0.0230619496799 0.00603672645815 0.0226715980095 0.0233756371713 0.00449283360615 0.0290436099127 0.0183988447692 0.0362481443663 -0.0129356083309 0.00634326498836 0.00477257271062 0.0423094597384 0.00693692407622 0.0102484422842 0.0271437838272 0.0147058982162 0.0250743417522 0.0698701950494 0.0385245893176 0.0168080554649 0.0324923433735 0.0545492301854 0.0166557910079 0.0157862544901 
0.0132522278163 -0.00348489965147 0.0315801814296 0.207197497159 0.00481496248537 0.0174130743643 0.0155281927789 -3.00466920561e-05 0.0111444211892 0.0211765849468 0.00606234123272 0.00545314201798 0.00912522814165 0.0192804968868 0.00622612861279 0.00985189206208 0.0233881965759 0.0488265135055 0.0111626048344 -0.0123507370782 -0.00214060795925 0.00166620875845 0.0328525053021 0.0128559594375 0.0157162306618 0.0196966525339 0.0177141842347 0.0260342499681 0.0194673466816 0.0353281832983 
0.0301970122573 0.030956307836 -0.0156454827544 0.00481496248537 0.321697004304 0.0288733134782 0.0188257993543 0.0591323720717 -0.00544000519761 0.0124659909481 0.0418309675209 0.0215653931467 0.0669027327596 -0.000170504865194 0.111876254092 0.00306546257352 0.049704856226 0.00632883786304 0.0291976683997 0.0901254447976 0.000318307516651 0.172296113935 0.017102342004 0.00959118462067 0.0206228880069 0.00895798121991 0.0123497691241 -0.0239963766797 -0.0102717715691 0.0460389997055 
0.0086396201708 0.0148333450383 0.0221443537085 0.0174130743643 0.0288733134782 0.267476638293 0.00668249031911 0.0512721862417 0.0332051412182 0.0191893694662 0.0440723397285 0.0280734417101 0.0757905160091 0.00460599624835 -0.0122287683967 -0.000861619119776 0.0258095507732 0.0188930637281 0.0062423479062 0.00951815745702 0.0260497002339 0.0353064035858 0.0215901037165 0.024309110799 0.0314186030237 0.0373904920757 0.0275296531929 0.020679807561 0.0124015468868 -0.00098129521463 
0.0181205600333 0.0124577871093 0.0230619496799 0.0155281927789 0.0188257993543 0.00668249031911 0.220966235428 0.00982183490033 0.015866240266 0.0176421193927 0.0318191373472 0.0141334094323 0.0241330592233 0.00416920166995 0.00538785997306 0.0152380547999 0.0122844247244 0.0152752144265 0.000696264650309 0.0147628945976 0.0141003239472 0.0344090333345 0.0089656745182 0.0228402070913 0.0258332227664 -0.00799841278717 0.00254713200374 0.00823484363428 0.00843955359004 0.0102240345974 
0.00492805781291 0.071681020195 0.00603672645815 -3.00466920564e-05 0.0591323720717 0.0512721862417 0.00982183490033 0.534046557733 0.00271983445546 0.00389765668708 0.00419118912704 0.0805518752614 0.157102841689 -0.00223985378925 0.0418745157106 0.0309076298839 0.032143554369 0.00600725179807 0.0340975394927 0.0541740013874 0.0132893586568 0.0694183132978 0.00483589840922 0.00278819048593 0.0478987731339 0.0536200668826 0.0535676743663 0.0540739958862 0.0192791704578 -0.0113711343513 
0.00577150213192 0.0172810164261 0.0226715980095 0.0111444211892 -0.00544000519761 0.0332051412182 0.015866240266 0.00271983445546 0.18493777858 0.0218325805043 0.0448877182709 0.0173464415746 0.0293455733942 0.023129006388 0.0043257629656 0.00985015031641 0.0197041962663 0.0109725888951 0.00955024621571 0.00407439483402 0.0258990641824 0.00545745535596 0.0125171733892 0.0329598358809 0.0145965973425 0.035136294177 0.0233582804256 0.0330667555349 0.0188632529343 -0.000886458776896 
0.000900798471806 0.0349822047056 0.0233756371713 0.0211765849468 0.0124659909481 0.0191893694662 0.0176421193927 0.00389765668708 0.0218325805043 0.633519673269 0.00382552459853 -0.0168286035631 0.00321716213675 0.0150678092044 -0.000159927319194 -0.0265680580175 0.0393354563826 0.0431909805605 0.0235834141391 0.0116357705958 -0.00198069175329 -0.0106168533079 0.0173858549351 0.011047965897 0.0396321162212 0.00675385980967 0.00380676710725 0.0128725294999 -0.0144966132867 0.012172146927 
0.0197054639181 0.000786211981825 0.00449283360615 0.00606234123272 0.0418309675209 0.0440723397285 0.0318191373472 0.00419118912704 0.0448877182709 0.00382552459853 0.2426969388 0.027910830567 0.0447623948761 -0.00766439016822 0.0660997945874 0.000811694222538 0.0733518749396 0.0266105507293 0.0563179456615 0.041370551525 -0.00491967876217 0.0784249993041 0.00516640821758 0.0236447782992 0.0171693581407 0.0244000641922 -0.0171046116506 0.00438691676988 0.0266770202987 -0.0175235731525 
0.0202794667666 0.0576047016848 0.0290436099127 0.00545314201798 0.0215653931467 0.0280734417101 0.0141334094323 0.0805518752614 0.0173464415746 -0.0168286035631 0.027910830567 1.31430051149 0.0869652405158 0.0120075786136 0.0154131609218 0.0224821788335 0.0455612791319 0.0548445381885 0.0105488471521 0.0180524754631 -0.0257631385181 0.00562997761195 0.00938013000256 0.00676659439283 0.0159419121361 0.121724394209 -0.030158479828 0.0849476760905 0.0269800075314 0.0297608964204 
0.0271970152387 0.101806931391 0.0183988447692 0.00912522814165 0.0669027327596 0.0757905160091 0.0241330592233 0.157102841689 0.0293455733942 0.00321716213675 0.0447623948761 0.0869652405158 0.394089008996 0.0141801593573 0.0980922720652 0.00819872174414 0.0541056101377 0.0220028597295 0.0136292510414 0.0533764969719 0.00743592280278 0.113811887334 0.0106518738451 0.0255312544705 0.0222040921034 0.0481965456228 0.0478834882931 0.013005199117 -0.00726175283685 -0.0275819909556 
0.0128654942345 0.0108789784875 0.0362481443663 0.0192804968868 -0.000170504865194 0.00460599624835 0.00416920166995 -0.00223985378925 0.023129006388 0.0150678092044 -0.00766439016822 0.0120075786136 0.0141801593573 0.258985339414 -0.0165686941247 0.00282441149354 0.00236949121812 0.059867692894 0.0072753948595 -0.000843779802966 0.0169134245931 -0.0428953096936 0.0328369429226 0.0458005606163 0.0155220035016 0.0283963016237 0.0255096634408 0.0148141112259 0.00441770934712 -0.000881510681065 
-0.0139504771115 0.0777067089036 -0.0129356083309 0.00622612861279 0.111876254092 -0.0122287683967 0.00538785997306 0.0418745157106 0.0043257629656 -0.000159927319194 0.0660997945874 0.0154131609218 0.0980922720652 -0.0165686941247 0.732095763747 0.015519452727 0.0559995471141 0.0342827087758 -0.00289310916712 0.0914523276674 0.00205410283042 0.16021948851 0.00390921122379 0.00469991004771 0.00571897338103 0.0580338110051 -0.00944673876638 -0.00987480470253 0.0084692385645 -0.00456280330026 
-0.0144844501939 -0.00630074834247 0.00634326498836 0.00985189206208 0.00306546257352 -0.000861619119775 0.0152380547999 0.0309076298839 0.00985015031641 -0.0265680580175 0.00081169422254 0.0224821788335 0.00819872174414 0.00282441149355 0.015519452727 0.178217147779 0.0130433803044 0.0112356503841 0.0260142972446 -0.00411300939944 0.0123242662055 0.00487736846056 0.00153791929337 0.0121922601964 -0.0064754876226 0.012689105479 0.0136859615631 0.0163861478604 -0.00202369793595 0.00675267433507 
0.0261167689186 0.0158945042172 0.00477257271062 0.0233881965759 0.049704856226 0.0258095507732 0.0122844247244 0.032143554369 0.0197041962663 0.0393354563826 0.0733518749396 0.0455612791319 0.0541056101377 0.00236949121812 0.0559995471141 0.0130433803044 0.250233376429 0.00619773359891 0.0589889317186 0.0177550054618 0.0108486218209 0.0505182742554 0.0104731289258 0.0106576294127 0.00754899315423 0.0334561726208 0.0125959884776 0.0167168160616 0.0242585640585 -0.000324105522002 
0.00687695588956 0.0289422637969 0.0423094597384 0.0488265135055 0.00632883786304 0.0188930637281 0.0152752144265 0.00600725179807 0.0109725888951 0.0431909805605 0.0266105507293 0.0548445381885 0.0220028597295 0.059867692894 0.0342827087758 0.0112356503841 0.00619773359891 0.389215348476 0.0283417085582 0.0272994139034 0.025554287279 0.0436075569018 0.0397584981725 0.0480579953704 0.0354035842117 0.0611401966417 0.0254108165098 0.030832915942 0.0198679461871 0.100020451135 
0.00363645978295 0.0204204567307 0.00693692407622 0.0111626048344 0.0291976683997 0.00624234790619 0.000696264650307 0.0340975394927 0.00955024621571 0.0235834141391 0.0563179456615 0.0105488471521 0.0136292510414 0.0072753948595 -0.00289310916712 0.0260142972446 0.0589889317186 0.0283417085582 0.222236783405 0.0245870191323 0.00353927242612 0.0348824494058 0.0138166427626 0.0125726323993 0.0214818860901 0.0261218768018 0.0061650068184 0.0155638338755 0.0171742736484 0.0365723068486 
-0.00525342823308 0.0165406580613 0.0102484422842 -0.0123507370782 0.0901254447976 0.00951815745702 0.0147628945976 0.0541740013874 0.00407439483402 0.0116357705958 0.041370551525 0.0180524754631 0.0533764969719 -0.000843779802966 0.0914523276674 -0.00411300939944 0.0177550054618 0.0272994139034 0.0245870191323 0.210582273325 0.00590795331402 0.130169851877 0.0119585774649 0.00767982982151 0.014961817418 0.0125286344008 0.00946319239178 -0.00568624750976 -0.00925971354631 -0.00134076124411 
0.0149608132348 -0.00944168805091 0.0271437838272 -0.00214060795925 0.000318307516651 0.0260497002339 0.0141003239472 0.0132893586568 0.0258990641824 -0.00198069175329 -0.00491967876217 -0.0257631385181 0.00743592280278 0.0169134245931 0.00205410283042 0.0123242662055 0.0108486218209 0.025554287279 0.00353927242612 0.00590795331402 0.470669835667 0.00435723939674 0.00750668181863 0.0222680859201 0.00342967544944 -0.00579711273569 -0.0019366551345 0.0312327862462 0.00843389276621 0.0412007213746 
0.0125187110632 0.0870593489248 0.0147058982162 0.00166620875845 0.172296113935 0.0353064035858 0.0344090333345 0.0694183132978 0.00545745535596 -0.0106168533079 0.0784249993041 0.00562997761195 0.113811887334 -0.0428953096936 0.16021948851 0.00487736846056 0.0505182742554 0.0436075569018 0.0348824494058 0.130169851877 0.00435723939674 0.545761022412 -0.000340955270204 0.00112874417957 0.0241466839587 0.032526844624 0.0192249854493 -0.0233217430911 -0.0177010800436 0.0261587590529 
0.012695201229 0.0143745145781 0.0250743417522 0.0328525053021 0.017102342004 0.0215901037165 0.0089656745182 0.00483589840922 0.0125171733892 0.0173858549351 0.00516640821758 0.00938013000256 0.0106518738451 0.0328369429226 0.00390921122379 0.00153791929337 0.0104731289258 0.0397584981725 0.0138166427626 0.0119585774649 0.00750668181863 -0.000340955270204 0.210742586182 0.0432774461099 0.0184712835714 0.0352649853326 0.0259350814898 -0.00212613051462 0.0185053058689 0.029054518785 
0.0417710402549 0.00882813411698 0.0698701950494 0.0128559594375 0.00959118462067 0.024309110799 0.0228402070913 0.00278819048593 0.0329598358809 0.011047965897 0.0236447782992 0.00676659439283 0.0255312544705 0.0458005606163 0.00469991004771 0.0121922601964 0.0106576294127 0.0480579953704 0.0125726323993 0.00767982982151 0.0222680859201 0.00112874417956 0.0432774461099 0.178334377743 0.0260417645702 0.0291210756097 0.038653290826 0.0303184800448 0.0311151339798 -0.0188014844863 
0.0206771617057 0.0231396938666 0.0385245893176 0.0157162306618 0.0206228880069 0.0314186030237 0.0258332227664 0.0478987731339 0.0145965973425 0.0396321162212 0.0171693581407 0.0159419121361 0.0222040921034 0.0155220035016 0.00571897338103 -0.0064754876226 0.00754899315423 0.0354035842117 0.0214818860901 0.014961817418 0.00342967544944 0.0241466839587 0.0184712835714 0.0260417645702 0.192562743035 0.012870188198 0.0211659489255 0.0286278227897 0.00711661168211 -0.012605998917 
0.04132934007 0.0610588289466 0.0168080554649 0.0196966525339 0.0089579812199 0.0373904920757 -0.00799841278717 0.0536200668826 0.035136294177 0.00675385980967 0.0244000641922 0.121724394209 0.0481965456228 0.0283963016237 0.0580338110051 0.012689105479 0.0334561726208 0.0611401966417 0.0261218768018 0.0125286344008 -0.00579711273569 0.032526844624 0.0352649853326 0.0291210756097 0.012870188198 0.639754146123 0.0767803442785 0.0024950642486 0.0341253750184 0.0458039984349 
0.0330812232739 0.0595742670998 0.0324923433735 0.0177141842347 0.0123497691241 0.0275296531929 0.00254713200374 0.0535676743663 0.0233582804256 0.00380676710725 -0.0171046116506 -0.030158479828 0.0478834882931 0.0255096634408 -0.00944673876638 0.0136859615631 0.0125959884776 0.0254108165098 0.0061650068184 0.00946319239178 -0.0019366551345 0.0192249854493 0.0259350814898 0.038653290826 0.0211659489255 0.0767803442785 0.254981511188 -0.000716846846846 0.0162709252056 0.021112522517 
0.0112637712051 0.00906345882481 0.0545492301854 0.0260342499681 -0.0239963766797 0.020679807561 0.00823484363428 0.0540739958862 0.0330667555349 0.0128725294999 0.00438691676988 0.0849476760905 0.013005199117 0.0148141112259 -0.00987480470253 0.0163861478604 0.0167168160616 0.030832915942 0.0155638338755 -0.00568624750977 0.0312327862462 -0.0233217430911 -0.00212613051462 0.0303184800448 0.0286278227897 0.0024950642486 -0.000716846846846 0.330621003356 0.00709234413867 0.00310788168836 
0.0180773514494 0.025886066369 0.0166557910079 0.0194673466816 -0.0102717715691 0.0124015468868 0.00843955359004 0.0192791704578 0.0188632529343 -0.0144966132867 0.0266770202987 0.0269800075314 -0.00726175283685 0.00441770934712 0.0084692385645 -0.00202369793595 0.0242585640585 0.0198679461871 0.0171742736484 -0.00925971354631 0.00843389276621 -0.0177010800436 0.0185053058689 0.0311151339798 0.00711661168211 0.0341253750184 0.0162709252056 0.00709234413867 0.233703875107 -0.000467942837313 
0.00544197685497 0.0182165312266 0.0157862544901 0.0353281832983 0.0460389997055 -0.000981295214631 0.0102240345974 -0.0113711343513 -0.000886458776897 0.012172146927 -0.0175235731525 0.0297608964204 -0.0275819909556 -0.000881510681065 -0.00456280330026 0.00675267433507 -0.000324105522002 0.100020451135 0.0365723068486 -0.00134076124411 0.0412007213746 0.0261587590529 0.029054518785 -0.0188014844863 -0.012605998917 0.0458039984349 0.021112522517 0.00310788168836 -0.000467942837313 0.61369341822 
0.0166540022751 0.00298149888683 0.00270209401144 0.00114767659456 0.00261513797332 0.000748213054696 0.00156928653196 0.000426782325729 0.000499826746424 7.80114360274e-05 0.00170654323464 0.00175625333951 0.00235533061038 0.00111418448393 -0.00120814675735 -0.00125439018278 0.00226177853483 0.000595561850106 0.000314926655188 -0.000454960230681 0.00129564443226 0.00108415218034 0.00109943667705 0.00361747820032 0.00179069473153 0.00357922584222 0.00286491797435 0.000975471200602 0.00156554455883 0.000471289020321 
0.00298149888683 0.0473260861103 -0.00039489772638 -0.000301801162781 0.00268089489933 0.00128460536263 0.00107887601116 0.0062077584458 0.00149657992282 0.00302954779555 6.8087954902e-05 0.00498871350365 0.0088167388866 0.000942147173739 0.0067295983955 -0.000545660812744 0.00137650444327 0.00250647356911 0.00176846342857 0.00143246300764 -0.00081767417067 0.00753956078058 0.00124486947917 0.000764538841332 0.00200395627242 0.00528784969931 0.00515928287203 0.000784918558844 0.00224179910796 0.0015775978811 
0.00270209401144 -0.00039489772638 0.0208349994259 0.00273492393741 -0.00135493855198 0.0019177572862 0.00199722342835 0.000522795846845 0.00196341798206 0.002024389562 0.000389090803791 0.0025152504002 0.00159338669704 0.00313918138613 -0.0011202565428 0.000549342862286 0.000413316920881 0.00366410669538 0.000600755247413 0.000887541136733 0.00235072063492 0.00127356814407 0.00217150169406 0.00605093638801 0.00333632730194 0.00145562030209 0.002813919479 0.00472410190974 0.0014424338133 0.0013671297419 
0.00114767659456 -0.000301801162781 0.00273492393741 0.017943829614 0.00041698798306 0.00150801647574 0.00134478094214 -2.60211986203e-06 0.000965135186032 0.00183394605294 0.000525014151395 0.000472255951802 0.0007902679386 0.00166974001015 0.000539198554591 0.000853198880111 0.00202547723834 0.0042285001074 0.0009667099359 -0.00106960520652 -0.000185382087225 0.000144297911283 0.00284511041696 0.00111335874629 0.00136106550049 0.00170578014639 0.00153409335546 0.00225463218409 0.00168592167705 0.00305951042059 
0.00261513797332 0.00268089489933 -0.00135493855198 0.00041698798306 0.0278597778048 0.00250050229635 0.00163036204874 0.00512101364001 -0.000471118269785 0.00107958648444 0.0036226680538 0.00186761783077 0.00579394661524 -1.47661544727e-05 0.00968876781243 0.000265476846302 0.00430456681832 0.000548093436582 0.00252859225654 0.00780509247221 2.75662395636e-05 0.0149212811641 0.00148110626397 0.000830620953389 0.00178599449134 0.000775783930306 0.00106952137924 -0.00207814718034 -0.000889561512069 0.00398709433098 
0.000748213054696 0.00128460536263 0.0019177572862 0.00150801647574 0.00250050229635 0.0231641563681 0.000578720637689 0.00444030157928 0.00287564958312 0.00166184814403 0.00381677658091 0.00243123136926 0.00656365122298 0.000398890976081 -0.00105904240885 -7.46184046113e-05 0.00223517266299 0.00163618731438 0.000540603186603 0.0008242966155 0.00225597021635 0.00305762424216 0.00186975782889 0.00210523074953 0.00272093083699 0.00323811159976 0.00238413790224 0.00179092386932 0.00107400546502 -8.49826584482e-05 
0.00156928653196 0.00107887601116 0.00199722342836 0.00134478094214 0.00163036204874 0.000578720637689 0.0191362373259 0.000850595853546 0.00137405671329 0.00152785235707 0.00275561812692 0.00122398916105 0.00208998423584 0.000361063455968 0.00046660236087 0.0013196542561 0.00106386238822 0.00132287237416 6.02982874925e-05 0.00127850417549 0.00122112387399 0.00297990969874 0.000776450189483 0.00197801995688 0.00223722271773 -0.000692682866364 0.000220588102203 0.000713158378348 0.000730886780558 0.000885427369056 
0.000426782325729 0.0062077584458 0.000522795846845 -2.60211986206e-06 0.00512101364001 0.00444030157928 0.000850595853546 0.0462497885801 0.000235544573252 0.000337546970624 0.000362967625608 0.00697599702989 0.013605505191 -0.000193977028226 0.00362643943766 0.00267667926502 0.00278371346515 0.000520243266406 0.00295293354072 0.00469160614261 0.00115089221967 0.00601180228037 0.000418801087251 0.000241464379141 0.00414815543441 0.0046436340073 0.00463909668229 0.00468294541215 0.00166962513803 -0.000984769121808 
0.000499826746424 0.00149657992282 0.00196341798206 0.000965135186032 -0.000471118269785 0.00287564958312 0.00137405671329 0.000235544573252 0.016016081437 0.00189075693469 0.00388739043405 0.00150224590688 0.0025414012048 0.00200303070963 0.000374622061896 0.000853048040511 0.00170643345278 0.000950254072843 0.00082707558352 0.000352852943131 0.00224292475162 0.000472629497828 0.00108401901386 0.00285440551774 0.00126410241075 0.00304289233521 0.00202288642373 0.0028636650314 0.00163360562391 -7.676958202e-05 
7.80114360275e-05 0.00302954779555 0.002024389562 0.00183394605294 0.00107958648444 0.00166184814403 0.00152785235707 0.000337546970624 0.00189075693469 0.0548644130849 0.000331300148513 -0.00145739981958 0.000278614413852 0.00130491055504 -1.38501121181e-05 -0.00230086131724 0.00340655044968 0.00374044863798 0.00204238357524 0.00100768729285 -0.000171532937542 -0.000919446467289 0.00150565920403 0.000956781912695 0.00343224194533 0.000584901416878 0.000329675702117 0.00111479375579 -0.00125544353751 0.00105413884573 
0.00170654323464 6.8087954902e-05 0.000389090803791 0.000525014151395 0.0036226680538 0.00381677658091 0.00275561812692 0.000362967625608 0.00388739043405 0.000331300148513 0.0210181714421 0.00241714883117 0.00387653710969 -0.00066375565902 0.00572441012976 7.02947816823e-05 0.00635245871129 0.00230454129402 0.00487727716318 0.00358279485892 -0.00042605667865 0.00679180416891 0.000447424076274 0.00204769786739 0.00148691003165 0.00211310754444 -0.00148130282113 0.0003799181367 0.00231029772759 -0.00151758595151 
0.00175625333951 0.00498871350365 0.0025152504002 0.000472255951802 0.00186761783077 0.00243123136926 0.00122398916105 0.00697599702989 0.00150224590688 -0.00145739981958 0.00241714883117 0.113821763116 0.00753141075329 0.00103988681173 0.00133481889109 0.00194701380022 0.00394572251571 0.00474967633301 0.000913556961437 0.00156339023523 -0.00223115324379 0.000487570363468 0.000812343087302 0.000586004264129 0.00138061008948 0.0105416417645 -0.00261180096706 0.00735668454869 0.00233653719165 0.00257736923395 
0.00235533061038 0.0088167388866 0.00159338669704 0.0007902679386 0.00579394661524 0.00656365122298 0.00208998423584 0.013605505191 0.0025414012048 0.000278614413852 0.00387653710969 0.00753141075329 0.0341291093143 0.00122803782331 0.00849503995234 0.000710030130899 0.00468568328665 0.00190550354817 0.00118032776364 0.00462254023427 0.000643969804778 0.0098563985684 0.000922479334778 0.00221107149619 0.00192293078295 0.0041739432884 0.00414683172836 0.00112628328166 -0.000628886243272 -0.00238867048545 
0.00111418448393 0.000942147173739 0.00313918138613 0.00166974001015 -1.47661544727e-05 0.000398890976081 0.000361063455968 -0.000193977028226 0.00200303070963 0.00130491055504 -0.00066375565902 0.00103988681173 0.00122803782331 0.022428788314 -0.00143489100195 0.000244601210415 0.000205203958893 0.00518469429122 0.000630067677089 -7.30734744569e-05 0.00146474553626 -0.00371484278979 0.00284376267536 0.00396644490013 0.001344244935 0.00245919185797 0.00220920165817 0.00128293966561 0.000382584852114 -7.63410643509e-05 
-0.00120814675735 0.0067295983955 -0.0011202565428 0.000539198554591 0.00968876781243 -0.00105904240885 0.00046660236087 0.00362643943766 0.000374622061896 -1.38501121181e-05 0.00572441012976 0.00133481889109 0.00849503995234 -0.00143489100195 0.0634013529408 0.00134402403144 0.00484970304012 0.00296896967104 -0.000250550603465 0.00792000389952 0.000177890523313 0.0138754147231 0.000338547622857 0.000407024149682 0.000495277623154 0.00502587546088 -0.00081811157546 -0.00085518317298 0.000733457574756 -0.00039515035705 
-0.00125439018278 -0.000545660812744 0.000549342862286 0.000853198880111 0.000265476846302 -7.46184046112e-05 0.0013196542561 0.00267667926502 0.000853048040511 -0.00230086131724 7.02947816825e-05 0.00194701380022 0.000710030130899 0.000244601210415 0.00134402403144 0.0154340577367 0.00112958986949 0.000973035866064 0.00225290422754 -0.000356197062592 0.0010673127617 0.000422392499046 0.000133187717703 0.00105588070596 -0.000560793678306 0.00109890876961 0.00118523903889 0.00141908203172 -0.000175257382212 0.000584798751765 
0.00226177853483 0.00137650444327 0.000413316920881 0.00202547723834 0.00430456681832 0.00223517266299 0.00106386238822 0.00278371346515 0.00170643345278 0.00340655044968 0.00635245871129 0.00394572251571 0.00468568328665 0.000205203958893 0.00484970304012 0.00112958986949 0.0216708460862 0.000536739474255 0.00510859134104 0.00153762857743 0.000939518209296 0.00437501088605 0.000906999570686 0.000922977781551 0.000653761984456 0.0028973895403 0.00109084460074 0.00144771873797 0.0021008532734 -2.80683615561e-05 
0.000595561850106 0.00250647356911 0.00366410669538 0.0042285001074 0.000548093436583 0.00163618731438 0.00132287237416 0.000520243266406 0.000950254072843 0.00374044863798 0.00230454129402 0.00474967633301 0.00190550354817 0.00518469429122 0.00296896967104 0.000973035866064 0.000536739474255 0.0337070379323 0.00245446395981 0.00236419859488 0.00221306619592 0.00377652520739 0.00344318694337 0.00416194448457 0.00306604033124 0.00529489634841 0.00220064126284 0.00267020884785 0.00172061461191 0.00866202515812 
0.000314926655188 0.00176846342857 0.000600755247413 0.0009667099359 0.00252859225654 0.000540603186602 6.02982874923e-05 0.00295293354072 0.00082707558352 0.00204238357524 0.00487727716318 0.000913556961437 0.00118032776364 0.000630067677089 -0.000250550603465 0.00225290422754 0.00510859134104 0.00245446395981 0.0192462700084 0.00212929831719 0.000306509983193 0.00302090873317 0.00119655636274 0.00108882190502 0.00186038590752 0.00226222089049 0.000533905251924 0.00134786755165 0.00148733572711 0.00316725468059 
-0.000454960230681 0.00143246300764 0.000887541136733 -0.00106960520652 0.00780509247221 0.0008242966155 0.00127850417549 0.00469160614261 0.000352852943131 0.00100768729285 0.00358279485892 0.00156339023523 0.00462254023427 -7.30734744569e-05 0.00792000389952 -0.000356197062592 0.00153762857743 0.00236419859488 0.00212929831719 0.0182369598286 0.000511643765431 0.0112730398532 0.00103564318777 0.000665092772217 0.00129573139708 0.00108501156658 0.000819536501218 -0.000492443479566 -0.000801914716287 -0.000116113329781 
0.00129564443226 -0.00081767417067 0.00235072063492 -0.000185382087225 2.75662395636e-05 0.00225597021635 0.00122112387399 0.00115089221967 0.00224292475162 -0.000171532937542 -0.00042605667865 -0.00223115324379 0.000643969804778 0.00146474553626 0.000177890523313 0.0010673127617 0.000939518209296 0.00221306619592 0.000306509983193 0.000511643765431 0.0407612034483 0.000377348000795 0.000650097715306 0.00192847281005 0.000297018606595 -0.000502044689771 -0.000167719254485 0.00270483863202 0.000730396538833 0.00356808713646 
0.00108415218034 0.00753956078058 0.00127356814407 0.000144297911283 0.0149212811641 0.00305762424216 0.00297990969874 0.00601180228037 0.000472629497828 -0.000919446467289 0.00679180416891 0.000487570363468 0.0098563985684 -0.00371484278979 0.0138754147231 0.000422392499046 0.00437501088605 0.00377652520739 0.00302090873317 0.0112730398532 0.000377348000795 0.0472642909805 -2.95275925551e-05 9.77521133877e-05 0.00209116417254 0.00281690737493 0.00166493257865 -0.00201972219775 -0.00153295849922 0.00226541498713 
0.00109943667705 0.00124486947917 0.00217150169406 0.00284511041696 0.00148110626397 0.00186975782889 0.000776450189482 0.000418801087251 0.00108401901386 0.00150565920403 0.000447424076275 0.000812343087302 0.000922479334778 0.00284376267536 0.000338547622857 0.000133187717703 0.000906999570686 0.00344318694337 0.00119655636274 0.00103564318777 0.000650097715306 -2.95275925551e-05 0.0182508433293 0.00374793677421 0.00159966008133 0.00305403731621 0.00224604394194 -0.000184128303742 0.00160260649873 0.00251619513625 
0.00361747820032 0.000764538841332 0.00605093638801 0.00111335874629 0.000830620953389 0.00210523074953 0.00197801995688 0.000241464379141 0.00285440551774 0.000956781912695 0.00204769786739 0.000586004264129 0.00221107149619 0.00396644490013 0.000407024149682 0.00105588070596 0.000922977781551 0.00416194448457 0.00108882190502 0.000665092772217 0.00192847281005 9.77521133877e-05 0.00374793677421 0.0154442101493 0.00225528296772 0.00252195912635 0.00334747317952 0.00262565739229 0.00269464964687 -0.0016282563194 
0.00179069473153 0.00200395627242 0.00333632730194 0.00136106550049 0.00178599449134 0.00272093083699 0.00223722271773 0.00414815543441 0.00126410241074 0.00343224194533 0.00148691003166 0.00138061008948 0.00192293078295 0.001344244935 0.000495277623154 -0.000560793678306 0.000653761984456 0.00306604033124 0.00186038590752 0.00129573139708 0.000297018606595 0.00209116417254 0.00159966008133 0.00225528296772 0.016676422729 0.00111459099309 0.00183302494646 0.00247924217909 0.000616316650558 -0.00109171153022 
0.00357922584222 0.00528784969931 0.00145562030209 0.00170578014639 0.000775783930306 0.00323811159976 -0.000692682866364 0.0046436340073 0.00304289233521 0.000584901416878 0.00211310754444 0.0105416417645 0.0041739432884 0.00245919185797 0.00502587546088 0.00109890876961 0.0028973895403 0.00529489634841 0.00226222089049 0.00108501156658 -0.000502044689771 0.00281690737493 0.00305403731621 0.00252195912635 0.00111459099309 0.0554043342719 0.00664937286565 0.000216078902336 0.00295534416796 0.00396674262396 
0.00286491797435 0.00515928287203 0.002813919479 0.00153409335546 0.00106952137924 0.00238413790224 0.000220588102203 0.00463909668229 0.00202288642373 0.000329675702117 -0.00148130282113 -0.00261180096706 0.00414683172836 0.00220920165817 -0.00081811157546 0.00118523903889 0.00109084460074 0.00220064126284 0.000533905251924 0.000819536501218 -0.000167719254485 0.00166493257865 0.00224604394194 0.00334747317952 0.00183302494646 0.00664937286565 0.0220820466185 -6.20807579991e-05 0.00140910345711 0.00182839808377 
0.000975471200602 0.000784918558844 0.00472410190974 0.00225463218409 -0.00207814718034 0.00179092386932 0.000713158378348 0.00468294541215 0.0028636650314 0.00111479375579 0.0003799181367 0.00735668454869 0.00112628328166 0.00128293966561 -0.00085518317298 0.00141908203172 0.00144771873797 0.00267020884785 0.00134786755165 -0.000492443479566 0.00270483863202 -0.00201972219775 -0.000184128303742 0.00262565739229 0.00247924217909 0.000216078902336 -6.20807579991e-05 0.0286326187931 0.000614215019647 0.000269150449408 
0.00156554455883 0.00224179910796 0.0014424338133 0.00168592167705 -0.000889561512069 0.00107400546502 0.000730886780558 0.00166962513803 0.00163360562391 -0.00125544353751 0.00231029772759 0.00233653719165 -0.000628886243272 0.000382584852114 0.000733457574756 -0.000175257382212 0.0021008532734 0.00172061461191 0.00148733572711 -0.000801914716287 0.000730396538833 -0.00153295849922 0.00160260649873 0.00269464964687 0.000616316650558 0.00295534416796 0.00140910345711 0.000614215019647 0.0202393492806 -4.05250384632e-05 
0.000471289020321 0.0015775978811 0.0013671297419 0.00305951042059 0.00398709433098 -8.49826584482e-05 0.000885427369056 -0.000984769121808 -7.676958202e-05 0.00105413884573 -0.00151758595151 0.00257736923395 -0.00238867048545 -7.6341064351e-05 -0.00039515035705 0.000584798751765 -2.8068361556e-05 0.00866202515812 0.00316725468059 -0.000116113329781 0.00356808713646 0.00226541498713 0.00251619513625 -0.0016282563194 -0.00109171153022 0.00396674262396 0.00182839808377 0.000269150449408 -4.05250384632e-05 0.0531474090314 

['LMT', 'GILD', 'STT', 'WMT', 'APC', 'BLL', 'CIT', 'PD', 'CMA', 'NOVL', 'EIX', 'JDSU', 'FCX', 'FRE', 'VLO', 'CZN', 'AYE', 'EBAY', 'FPL', 'CVX', 'CMX', 'EOG', 'UPS', 'BBT', 'SNA', 'LSI', 'AA', 'ACE', 'TSN', 'IGT']