30
0.201887649263 0.256023639664 0.134627172929 0.138189015222 0.134016582451 0.0172601721071 0.0901624306535 0.0594362545722 0.112605751981 0.0485945029431 0.116406698245 0.0135435889675 0.0213104348082 0.0408960175479 0.0224960645228 0.110374427341 0.0737969483193 0.0560151075184 0.0800542827641 0.0598638009539 0.0831393543584 0.0795042219188 0.080702843163 0.105790500039 0.0464034886179 0.0625194128962 0.0423549004831 0.0301615681032 0.0256858872149 0.0230030392576 
0.777100682446 0.0362793494945 0.0273339075103 0.0187149653254 -0.0150573691425 0.0501798821194 -0.00790985609662 0.0218325393769 0.0269813035372 0.00291844783308 0.00393275431739 -0.00203789273534 0.0739069954027 0.0509202313079 0.0189822527606 -0.0174068924447 0.0206895924946 0.0446944701278 0.00548067508563 0.0621094736073 0.0374127274051 0.0200549312102 -0.00176214269273 0.000791938752707 -0.00225683761895 0.00940903037437 0.0249875096318 0.00848748862342 0.0133421510923 0.00560650851691 
0.0362793494945 0.706953470271 0.0622415464311 0.015405127745 0.00023623281683 0.00903407776913 0.0198233372262 -0.000599555833143 0.0487971738914 0.0212147912802 0.0721554080455 -0.000431948630963 0.0335834624895 0.0150971904223 0.0304240732801 0.0522749534494 0.0294030773022 0.0442596426762 0.0193192542677 0.017470241965 0.0137742022841 0.02829050149 0.0436519344901 0.0538915153767 0.0137723870712 0.0116694260337 -0.0196958849339 0.0380095888205 0.0394340464283 0.00966161281497 
0.0273339075103 0.0622415464311 0.73809874203 0.00541400962075 0.0187673167782 0.00279646546441 0.0586936890461 0.0333109905872 0.0210792900454 0.00598523629152 0.00602645546124 0.0156050938713 0.0225175826009 9.35537423282e-06 0.0211026355871 0.00244914854578 0.0511452309282 -0.0137242221709 0.00574894807903 0.0111221297766 0.0541059591282 0.0116340782234 0.00910375239835 -0.00484984585015 0.0367596379866 0.0189288487227 0.00963456637862 0.00843437750516 0.0140422805845 0.0094261475175 
0.0187149653254 0.015405127745 0.00541400962075 0.318110128234 0.0206928992589 0.0351025060205 0.0164753296795 0.0406308433782 0.0174643128144 0.016065180303 0.0415296509584 0.0104000711829 0.0268869563275 0.0620691758963 0.0296460282266 0.0277739158166 0.0380243424645 0.0154259231582 0.0347073784957 0.0210682287066 0.0292951770814 0.0299628593838 0.00622786001911 0.0165557076156 0.00933938645915 0.0446970506904 0.0091595838569 0.030940831632 0.0346696283664 0.00998625369799 
-0.0150573691425 0.00023623281683 0.0187673167782 0.0206928992589 0.22532062729 0.0141476218702 0.0237238662084 0.0178074328624 0.0309622562742 0.0376730626821 0.0297283393441 -0.00245995088463 0.0313181920595 0.00504224504039 0.0186780731808 0.0116771995766 0.0221036339266 -0.0072197927826 0.0153502533287 0.0273409241597 0.0141365520988 0.0236240609323 0.0132349939055 0.0250167875006 0.00686878437194 0.022053881878 0.0105581012839 0.0250045974411 0.0219941018587 0.0328719880463 
0.0501798821194 0.00903407776913 0.00279646546441 0.0351025060205 0.0141476218702 0.192374530191 0.012902213941 0.018645727785 0.0247810437054 0.0137610698878 0.00166665793626 0.00863184066549 0.0193330990401 0.0170554223045 0.0309231394398 0.019238071676 0.00369605836739 0.0168098336105 0.0113829907669 0.0283093919493 0.0174009024128 0.02985790875 0.020560650887 0.00658870977497 -0.00693491362972 0.0218124367818 0.0238091757315 0.0294750652632 0.02418565166 0.00985932291295 
-0.00790985609662 0.0198233372262 0.0586936890461 0.0164753296795 0.0237238662084 0.012902213941 0.553398396617 0.0387416196673 0.0312167475975 0.016142373088 -0.003600265687 0.0553749440362 0.042500141232 0.0332084166764 0.0115075887074 0.012973314646 0.0106614691289 -0.00930860324236 0.0129672423088 0.0216171360391 0.0405490873906 0.0313455539231 0.00420669524795 0.0056332062921 -0.00216469039845 0.0227135229879 -0.0128116740236 0.0292796272012 0.0161242520304 0.0160107535049 
0.0218325393769 -0.000599555833143 0.0333109905872 0.0406308433782 0.0178074328624 0.018645727785 0.0387416196673 0.284748580351 0.0408322452506 0.00623487623122 0.0492249864621 0.023893631515 0.0247138121263 0.00738783128076 0.0103673317815 0.0327002819894 0.014521314188 0.0199857781932 0.0511698301734 0.0358005845628 0.0108896060226 0.016246008618 0.00741954850708 0.0145637605869 0.0078209864403 0.042706284473 0.00980372979152 0.0196515877441 -0.00117020638619 0.0208879326067 
0.0269813035372 0.0487971738914 0.0210792900454 0.0174643128144 0.0309622562742 0.0247810437054 0.0312167475975 0.0408322452506 0.479782775332 0.00752001376573 0.05500897794 0.028388261745 0.0269087578906 0.0360429034767 0.00440624438367 0.232121590282 0.00789067473195 0.0504302691766 0.0172720983155 0.0414882554132 0.00874148447694 0.0233040467396 0.233684474304 0.0372063100361 0.0112208720819 0.0324530665476 0.00643657562961 0.0283228233988 0.0211580173662 0.0128471454808 
0.00291844783308 0.0212147912802 0.00598523629152 0.016065180303 0.0376730626821 0.0137610698878 0.016142373088 0.00623487623122 0.00752001376573 0.138716277912 0.0334046333286 0.015009895727 0.00662387743238 0.0173366353095 0.0285285736227 -0.00115529435074 0.009219941184 0.0159339236268 0.0142744501077 0.0323824137951 0.005319298005 0.0108680933939 -0.00132319847532 0.0201205477366 0.0155158853273 0.0312254026792 0.00655655323102 0.0223838376203 0.0216523489534 0.0581016812203 
0.0039327543174 0.0721554080455 0.00602645546124 0.0415296509584 0.0297283393441 0.00166665793626 -0.003600265687 0.0492249864621 0.05500897794 0.0334046333286 0.553497284693 0.00382527400651 0.0241332478009 0.017853838478 0.0183949987941 0.0343022392447 0.00466203663373 0.00307918909167 0.041644858188 0.0469310527381 0.0214648639474 0.00330515365872 0.0347083062786 0.00548959959789 -0.0011654591257 0.0304614449763 0.0275115935334 0.0314558517334 -0.00505363563472 0.0236160195677 
-0.00203789273534 -0.000431948630963 0.0156050938713 0.0104000711829 -0.00245995088463 0.00863184066549 0.0553749440362 0.023893631515 0.0283882617449 0.015009895727 0.00382527400651 0.243904517533 0.0354617916249 0.00514812992899 0.00454463099762 0.00814302112201 0.062003907129 0.0192400361316 0.00638273380232 0.0284644108064 0.0456359903669 0.019555837054 -0.00555499554416 0.0135231614319 0.0227087068271 0.035990876467 0.0104877877488 0.015229144317 0.0196523395904 0.00813083516667 
0.0739069954027 0.0335834624895 0.0225175826009 0.0268869563275 0.0313181920595 0.0193330990401 0.042500141232 0.0247138121263 0.0269087578906 0.00662387743238 0.0241332478009 0.0354617916249 0.345310728886 0.0221561107718 0.0198385281927 -0.0107451973279 0.0400923998889 -0.00427623398197 0.0279305039048 0.0243646260807 -0.00533687754555 0.0194666643687 0.0132357944853 -0.0206543305156 0.0160526788349 0.0224974407862 0.0215726866153 0.0258067756851 0.00334307250527 0.0135427561448 
0.0509202313079 0.0150971904223 9.35537423279e-06 0.0620691758963 0.00504224504039 0.0170554223045 0.0332084166764 0.00738783128076 0.0360429034767 0.0173366353095 0.017853838478 0.00514812992899 0.0221561107718 0.21054865613 0.0079458442338 0.0210753849077 0.0198495995355 0.0124254704351 -0.00864527651184 0.022758331639 0.017488468366 0.00648672132618 0.0181170896674 0.0291851602039 0.0124580569458 0.000159484344003 0.014098656012 0.0176495815703 0.0220755578842 0.0104950850552 
0.0189822527606 0.0304240732801 0.0211026355871 0.0296460282266 0.0186780731808 0.0309231394398 0.0115075887074 0.0103673317815 0.00440624438367 0.0285285736227 0.0183949987941 0.00454463099762 0.0198385281927 0.0079458442338 0.210003030225 0.00698513588177 0.0233797989852 0.00499419860085 0.0104799297288 0.0294688886948 0.0107582618882 0.0323372286279 0.00842383989691 0.0229893132074 0.00241079462916 0.0256673551434 0.0239507528668 0.028219960717 0.0251860276557 0.0170294906134 
-0.0174068924447 0.0522749534494 0.00244914854578 0.0277739158166 0.0116771995766 0.019238071676 0.012973314646 0.0327002819894 0.232121590282 -0.00115529435074 0.0343022392447 0.00814302112201 -0.0107451973279 0.0210753849077 0.00698513588177 0.449034960514 0.017254173642 0.0301179717704 -0.013729271697 0.0216019815874 -0.00748567739504 0.0159857863473 0.166629930884 0.033324371757 -0.0145450507759 0.025606524138 -0.00015159367583 0.0228703191814 0.00958018349422 0.00443241553581 
0.0206895924946 0.0294030773022 0.0511452309282 0.0380243424645 0.0221036339266 0.00369605836739 0.0106614691289 0.014521314188 0.00789067473195 0.009219941184 0.00466203663373 0.062003907129 0.0400923998889 0.0198495995355 0.0233797989852 0.017254173642 0.337256192223 -0.00290252786597 0.0315995908632 0.011858190033 0.00249328484268 -0.0142252480885 0.0210262078106 0.0260071400077 0.0165888880541 0.00902592727786 0.00518811063096 0.0222444982548 0.0244985186699 0.00564068147963 
0.0446944701278 0.0442596426762 -0.0137242221709 0.0154259231582 -0.0072197927826 0.0168098336105 -0.00930860324236 0.0199857781932 0.0504302691766 0.0159339236268 0.00307918909167 0.0192400361316 -0.00427623398197 0.0124254704351 0.00499419860085 0.0301179717704 -0.00290252786597 0.351668171858 -0.0187368123921 0.0239559390768 -0.0152731847112 0.0237096639403 0.0299890672715 -0.00975417927726 -0.00782976672527 0.0550031559351 0.0380860096783 0.0168647443008 0.0165536856546 0.00888872493132 
0.00548067508563 0.0193192542677 0.00574894807903 0.0347073784957 0.0153502533287 0.0113829907669 0.0129672423088 0.0511698301734 0.0172720983155 0.0142744501077 0.041644858188 0.00638273380232 0.0279305039048 -0.00864527651184 0.0104799297288 -0.013729271697 0.0315995908632 -0.0187368123921 0.343636693084 0.0270499108703 0.0300584565184 -0.00895730272536 0.0197832813405 0.0325675539645 0.0366166283601 0.0119657357249 0.0231353348023 -0.00668535715841 0.0268910872956 0.0139317336204 
0.0621094736073 0.017470241965 0.0111221297766 0.0210682287066 0.0273409241597 0.0283093919493 0.0216171360391 0.0358005845628 0.0414882554132 0.0323824137951 0.0469310527381 0.0284644108064 0.0243646260807 0.022758331639 0.0294688886948 0.0216019815874 0.011858190033 0.0239559390768 0.0270499108703 0.189687667394 0.0252875777424 0.0271499039793 0.0216083371375 0.0184139658124 0.0109805961268 0.0396136573343 0.00441842366334 0.0691276521016 0.0176543124677 0.0332708333329 
0.0374127274051 0.0137742022841 0.0541059591282 0.0292951770814 0.0141365520988 0.0174009024128 0.0405490873906 0.0108896060226 0.00874148447694 0.005319298005 0.0214648639474 0.0456359903669 -0.00533687754555 0.017488468366 0.0107582618882 -0.00748567739504 0.00249328484268 -0.0152731847112 0.0300584565184 0.0252875777424 0.308034994142 0.00174596708062 0.00273058896739 -0.00891767268288 0.00178920092184 0.0122634895926 -0.0087135531155 0.024656812245 -0.00626955914605 0.00989533334012 
0.0200549312102 0.02829050149 0.0116340782234 0.0299628593838 0.0236240609323 0.02985790875 0.0313455539231 0.016246008618 0.0233040467396 0.0108680933939 0.00330515365872 0.019555837054 0.0194666643687 0.00648672132618 0.0323372286279 0.0159857863473 -0.0142252480885 0.0237096639403 -0.00895730272536 0.0271499039793 0.00174596708062 0.274023836255 0.0198335828587 0.0109094579045 -0.000985957248839 0.0463803381113 0.0134447913432 0.0345208256752 0.00119828300388 0.00559889073581 
-0.00176214269273 0.0436519344901 0.00910375239835 0.00622786001911 0.0132349939055 0.020560650887 0.00420669524795 0.00741954850708 0.233684474304 -0.00132319847532 0.0347083062786 -0.00555499554416 0.0132357944853 0.0181170896674 0.00842383989691 0.166629930884 0.0210262078106 0.0299890672715 0.0197832813405 0.0216083371375 0.00273058896739 0.0198335828587 0.365795379103 -0.00285475671487 -0.000737585004919 -0.0205688426114 -0.0166183884055 0.0075906977071 0.0139230053594 -0.00430014130794 
0.000791938752707 0.0538915153767 -0.00484984585015 0.0165557076156 0.0250167875006 0.00658870977497 0.0056332062921 0.0145637605869 0.0372063100361 0.0201205477366 0.00548959959789 0.0135231614319 -0.0206543305156 0.0291851602039 0.0229893132074 0.033324371757 0.0260071400077 -0.00975417927726 0.0325675539645 0.0184139658124 -0.00891767268288 0.0109094579045 -0.00285475671487 0.543901281098 0.0079346639421 -0.000280873155822 0.0369635127331 -0.00487300120036 0.0588872388166 0.0166829537874 
-0.00225683761895 0.0137723870712 0.0367596379866 0.00933938645915 0.00686878437194 -0.00693491362972 -0.00216469039845 0.0078209864403 0.0112208720819 0.0155158853273 -0.0011654591257 0.0227087068271 0.0160526788349 0.0124580569458 0.00241079462916 -0.0145450507759 0.0165888880541 -0.00782976672527 0.0366166283601 0.0109805961268 0.00178920092184 -0.000985957248839 -0.000737585004919 0.0079346639421 0.18867553167 -0.00384872701593 0.0046798749593 0.00916716774757 0.000749856060672 0.00931389907315 
0.00940903037437 0.0116694260337 0.0189288487227 0.0446970506904 0.022053881878 0.0218124367818 0.0227135229879 0.042706284473 0.0324530665476 0.0312254026792 0.0304614449763 0.035990876467 0.0224974407862 0.000159484344003 0.0256673551434 0.025606524138 0.00902592727786 0.0550031559351 0.0119657357249 0.0396136573343 0.0122634895926 0.0463803381113 -0.0205688426114 -0.000280873155822 -0.00384872701593 0.345122846563 0.00224121073438 0.0253445591778 0.0403644369386 0.0439486780662 
0.0249875096318 -0.0196958849339 0.00963456637862 0.0091595838569 0.0105581012839 0.0238091757315 -0.0128116740236 0.00980372979152 0.00643657562961 0.00655655323102 0.0275115935334 0.0104877877488 0.0215726866153 0.014098656012 0.0239507528668 -0.000151593675829 0.00518811063096 0.0380860096783 0.0231353348023 0.00441842366334 -0.0087135531155 0.0134447913432 -0.0166183884055 0.0369635127331 0.0046798749593 0.00224121073437 0.220936047846 0.0209554891762 0.00678738007767 0.00574492548931 
0.00848748862342 0.0380095888205 0.00843437750516 0.030940831632 0.0250045974411 0.0294750652632 0.0292796272012 0.0196515877441 0.0283228233988 0.0223838376203 0.0314558517334 0.015229144317 0.0258067756851 0.0176495815703 0.028219960717 0.0228703191814 0.0222444982548 0.0168647443007 -0.00668535715841 0.0691276521016 0.024656812245 0.0345208256752 0.0075906977071 -0.00487300120036 0.00916716774757 0.0253445591778 0.0209554891762 0.222783469821 -0.000141160437695 0.0208913201548 
0.0133421510923 0.0394340464283 0.0140422805845 0.0346696283664 0.0219941018587 0.02418565166 0.0161242520304 -0.00117020638619 0.0211580173662 0.0216523489534 -0.00505363563472 0.0196523395904 0.00334307250527 0.0220755578842 0.0251860276557 0.00958018349422 0.0244985186699 0.0165536856546 0.0268910872956 0.0176543124677 -0.00626955914605 0.00119828300388 0.0139230053594 0.0588872388166 0.000749856060672 0.0403644369386 0.00678738007767 -0.000141160437694 0.210672731575 0.0375074716005 
0.00560650851691 0.00966161281497 0.0094261475175 0.00998625369799 0.0328719880463 0.00985932291295 0.0160107535049 0.0208879326067 0.0128471454808 0.0581016812203 0.0236160195677 0.00813083516667 0.0135427561448 0.0104950850552 0.0170294906134 0.00443241553581 0.00564068147963 0.00888872493132 0.0139317336204 0.0332708333329 0.00989533334012 0.00559889073581 -0.00430014130794 0.0166829537874 0.00931389907315 0.0439486780662 0.00574492548931 0.0208913201548 0.0375074716005 0.131862629336 
0.0672988932296 0.0031418838295 0.00236718582887 0.00162076354028 -0.00130400641916 0.00434570526743 -0.000685013631995 0.00189075337295 0.00233664942905 0.000252744996306 0.000340586514571 -0.000176486687899 0.00640053355361 0.00440982138792 0.00164391131117 -0.0015074811058 0.00179177126943 0.00387065465393 0.000474640385404 0.00537883819596 0.00324003723576 0.00173680798992 -0.000152606033699 6.85839078085e-05 -0.000195447871023 0.000814845932919 0.00216398181185 0.000735038076221 0.00115546417871 0.000485537880217 
0.0031418838295 0.0612239664548 0.00539027603802 0.00133412319757 2.04583620583e-05 0.000782374084783 0.00171675136257 -5.19230582489e-05 0.00422595922228 0.00183725481846 0.00624884163878 -3.74078487544e-05 0.00290841316629 0.00130745504315 0.00263480203472 0.00452714376688 0.00254638118932 0.003832997492 0.0016730964978 0.0015129673352 0.00119288090949 0.00245002929761 0.00378036841928 0.00466714213647 0.00119272370744 0.00101060193928 -0.00170571367028 0.0032917269506 0.0034150885981 0.000836720213929 
0.00236718582887 0.00539027603802 0.0639212261099 0.00046886698679 0.00162529730908 0.000242181013299 0.00508302257557 0.00288481640737 0.00182552006731 0.000518336667611 0.000521906352421 0.0013514407721 0.00195007985642 8.10199174753e-07 0.00182754185052 0.000212102485829 0.00442930692662 -0.00118855250472 0.000497873508147 0.000963204693068 0.00468571351011 0.0010075407291 0.000788408084674 -0.000420008971066 0.00318347803303 0.00163928638582 0.000834377923833 0.000730438518458 0.00121609717132 0.000816328320997 
0.00162076354028 0.00133412319757 0.00046886698679 0.0275491452252 0.00179205764362 0.00303996619503 0.00142680540381 0.00351873425427 0.00151245385569 0.00139128542587 0.00359657327402 0.000900672584552 0.00232847872101 0.00537534831182 0.00256742135656 0.00240529166597 0.00329300465365 0.00133592413318 0.0030057471476 0.00182456212727 0.00253703675609 0.00259485973964 0.000539348498776 0.00143376633727 0.000808814592939 0.00387087813721 0.000793243230817 0.00267955462075 0.00300247789051 0.00086483493911 
-0.00130400641916 2.04583620583e-05 0.00162529730908 0.00179205764362 0.019513338723 0.00122521999428 0.00205454708125 0.00154216892351 0.0026814100492 0.0032625829321 0.00257454970843 -0.000213037995815 0.00271223499242 0.000436671229708 0.00161756858683 0.00101127514784 0.00191423084964 -0.000625252395979 0.00132937093372 0.00236779348852 0.00122426132395 0.00204590369079 0.00114618409411 0.00216651734966 0.000594854175921 0.00190992219584 0.000914358392755 0.00216546165954 0.00190474509431 0.0028467976721 
0.00434570526743 0.000782374084783 0.000242181013299 0.00303996619503 0.00122521999428 0.0166601230187 0.0011173645038 0.00161476739338 0.00214610133812 0.00119174361061 0.000144336811222 0.000747539329774 0.00167429549026 0.0014770428988 0.00267802243196 0.00166606587912 0.000320088044003 0.001455774294 0.000985795917519 0.00245166525938 0.00150696235382 0.00258577074814 0.00178060459865 0.000570599004329 -0.000600581137639 0.00188901243714 0.00206193510266 0.00255261552962 0.00209453887447 0.000853842410673 
-0.000685013631995 0.00171675136257 0.00508302257557 0.00142680540381 0.00205454708125 0.0011173645038 0.0479257069884 0.00335512268157 0.0027034496443 0.00139797051716 -0.000311792154531 0.00479561082685 0.00368062019713 0.00287593324612 0.000996586415692 0.00112352200547 0.000923310310731 -0.000806148688164 0.00112299612564 0.0018720988967 0.00351165397805 0.00271460459931 0.00036431049507 0.000487849975372 -0.000187467687639 0.0019670487917 -0.00110952351695 0.00253569009696 0.00139640118753 0.00138657192689 
0.00189075337295 -5.19230582489e-05 0.00288481640737 0.00351873425427 0.00154216892351 0.00161476739338 0.00335512268157 0.0246599504276 0.00353617616805 0.000539956120569 0.00426300887772 0.00206924918807 0.00214027891257 0.000639804956801 0.000897837269228 0.00283192749137 0.00125758269832 0.00173081916297 0.00443143728375 0.00310042157017 0.000943067545281 0.00140694561733 0.000642551749174 0.00126125866429 0.000677317293996 0.00369847272548 0.000849027905129 0.00170187742111 -0.000101342845811 0.00180894802699 
0.00233664942905 0.00422595922228 0.00182552006731 0.00151245385569 0.0026814100492 0.00214610133812 0.0027034496443 0.00353617616805 0.0415504071736 0.000651252295793 0.00476391723323 0.00245849558404 0.00233036679175 0.0031214070037 0.000381591957154 0.0201023193951 0.000683352477087 0.00436738942266 0.00149580759179 0.00359298831465 0.000757034762382 0.00201818964875 0.0202376691217 0.00322216096723 0.000971756027556 0.0028105180061 0.000557423800862 0.00245282845703 0.00183233805328 0.00111259543525 
0.000252744996306 0.00183725481846 0.000518336667611 0.00139128542587 0.0032625829321 0.00119174361061 0.00139797051716 0.000539956120569 0.000651252295793 0.012013182059 0.00289292610666 0.00129989510077 0.0005736446128 0.00150139665941 0.0024706469491 -0.000100051425659 0.000798470328674 0.00137991826428 0.00123620364183 0.00280439929824 0.000460664720263 0.00094120449698 -0.000114592349387 0.0017424905478 0.00134371508557 0.00270419919636 0.000567814165933 0.00193849720134 0.00187514842453 0.00503175319394 
0.000340586514571 0.00624884163878 0.000521906352421 0.00359657327402 0.00257454970843 0.000144336811222 -0.000311792154531 0.00426300887772 0.00476391723323 0.00289292610666 0.047934270947 0.000331278446608 0.00209000056714 0.0015461877677 0.00159305362582 0.00297066105926 0.000403744215818 0.000266665597644 0.00360655051278 0.00406434838975 0.00185891174672 0.000286234703187 0.00300582749596 0.000475413270838 -0.000100931720993 0.00263803851855 0.00238257388986 0.00272415666988 -0.000437657684114 0.00204520728819 
-0.000176486687899 -3.74078487544e-05 0.0013514407721 0.000900672584552 -0.000213037995815 0.000747539329774 0.00479561082685 0.00206924918807 0.00245849558404 0.00129989510077 0.000331278446608 0.0211227508281 0.00307108124109 0.000445841130049 0.000393576589476 0.000705206315521 0.00536969587076 0.00166623600597 0.00055276096184 0.00246509028621 0.00395219269846 0.0016935851681 -0.000481076725915 0.00117114013395 0.00196663169994 0.00311690133249 0.000908269061995 0.00131888258564 0.00170194253291 0.000704150980832 
0.00640053355361 0.00290841316629 0.00195007985642 0.00232847872101 0.00271223499242 0.00167429549026 0.00368062019713 0.00214027891257 0.00233036679175 0.0005736446128 0.00209000056714 0.00307108124109 0.0299047863415 0.00191877547774 0.00171806693886 -0.000930561385462 0.00347210368024 -0.000370332726091 0.0024188525922 0.00211003851396 -0.000462187153133 0.00168586258702 0.00114625342636 -0.00178871749247 0.00139020276698 0.00194833552409 0.00186824946368 0.0022349323333 0.000289518571626 0.00117283708587 
0.00440982138792 0.00130745504315 8.10199174751e-07 0.00537534831182 0.000436671229708 0.0014770428988 0.00287593324612 0.000639804956801 0.0031214070037 0.00150139665941 0.0015461877677 0.000445841130049 0.00191877547774 0.0182340484941 0.000688130296099 0.00182518187246 0.00171902574527 0.00107607730508 -0.000748702908199 0.00197092933471 0.00151454578783 0.000561766545574 0.00156898598946 0.00252750901501 0.00107889937969 1.38117493413e-05 0.00122097942656 0.0015284986006 0.00191179939304 0.000908901027266 
0.00164391131117 0.00263480203472 0.00182754185052 0.00256742135656 0.00161756858683 0.00267802243196 0.000996586415692 0.000897837269228 0.000381591957154 0.0024706469491 0.00159305362582 0.000393576589476 0.00171806693886 0.000688130296099 0.0181867959046 0.00060493051225 0.00202474998566 0.000432510285988 0.000907588537506 0.0025520806231 0.000931692809577 0.00280048614797 0.000729525934814 0.00199093292532 0.000208780939216 0.00222285816022 0.00207419604224 0.00244392028747 0.00218117397703 0.00147479714847 
-0.0015074811058 0.00452714376688 0.000212102485829 0.00240529166597 0.00101127514784 0.00166606587912 0.00112352200547 0.00283192749137 0.0201023193951 -0.000100051425659 0.00297066105926 0.000705206315521 -0.000930561385462 0.00182518187246 0.00060493051225 0.0388875682993 0.00149425526953 0.00260829286636 -0.0011889898065 0.00187078648268 -0.000648278678864 0.00138440970762 0.0144305753176 0.00288597525068 -0.00125963834713 0.00221759004061 -1.31283974321e-05 0.00198062774038 0.000829668227891 0.000383858445414 
0.00179177126943 0.00254638118932 0.00442930692662 0.00329300465365 0.00191423084964 0.000320088044003 0.000923310310731 0.00125758269832 0.000683352477087 0.000798470328674 0.000403744215818 0.00536969587076 0.00347210368024 0.00171902574527 0.00202474998566 0.00149425526953 0.0292072430049 -0.000251366286712 0.00273660484367 0.00102694938115 0.000215924801263 -0.00123194262198 0.00182092301092 0.00225228439264 0.00143663984754 0.000781668231534 0.000449303560405 0.00192643005831 0.00212163395232 0.000488497345601 
0.00387065465393 0.003832997492 -0.00118855250472 0.00133592413318 -0.000625252395979 0.001455774294 -0.000806148688164 0.00173081916297 0.00436738942266 0.00137991826428 0.000266665597645 0.00166623600597 -0.000370332726091 0.00107607730508 0.000432510285988 0.00260829286636 -0.000251366286712 0.0304553570531 -0.00162265555175 0.0020746451812 -0.00132269659566 0.00205331712875 0.00259712940929 -0.000844736704718 -0.000678077688979 0.00476341303281 0.00329834519102 0.00146052969928 0.00143359123031 0.000769786159777 
0.000474640385404 0.0016730964978 0.000497873508147 0.0030057471476 0.00132937093372 0.000985795917519 0.00112299612564 0.00443143728375 0.00149580759179 0.00123620364183 0.00360655051278 0.00055276096184 0.0024188525922 -0.000748702908199 0.000907588537506 -0.0011889898065 0.00273660484367 -0.00162265555175 0.0297598105883 0.00234259099838 0.00260313869435 -0.000775725170955 0.00171328242111 0.00282043290724 0.00317109303607 0.00103626311128 0.00200357876639 -0.000578968913255 0.00232883647334 0.0012065235234 
0.00537883819596 0.0015129673352 0.000963204693068 0.00182456212727 0.00236779348852 0.00245166525938 0.0018720988967 0.00310042157017 0.00359298831465 0.00280439929824 0.00406434838975 0.00246509028621 0.00211003851396 0.00197092933471 0.0025520806231 0.00187078648268 0.00102694938115 0.0020746451812 0.00234259099838 0.0164274338747 0.00218996847251 0.00235125065564 0.00187133688946 0.0015946962178 0.000950947519447 0.00343064335883 0.000382646713713 0.00598663028239 0.00152890830833 0.00288133868714 
0.00324003723576 0.00119288090949 0.00468571351011 0.00253703675609 0.00122426132395 0.00150696235382 0.00351165397805 0.000943067545281 0.000757034762382 0.000460664720263 0.00185891174672 0.00395219269846 -0.000462187153133 0.00151454578783 0.000931692809577 -0.000648278678864 0.000215924801263 -0.00132269659566 0.00260313869435 0.00218996847251 0.0266766130182 0.000151205184599 0.000236475941305 -0.000772293108601 0.000154949345079 0.00106204935262 -0.000754615835525 0.00213534257805 -0.000542959749101 0.000856961005146 
0.00173680798992 0.00245002929761 0.0010075407291 0.00259485973964 0.00204590369079 0.00258577074814 0.00271460459931 0.00140694561733 0.00201818964875 0.00094120449698 0.000286234703187 0.0016935851681 0.00168586258702 0.000561766545574 0.00280048614797 0.00138440970762 -0.00123194262198 0.00205331712875 -0.000775725170955 0.00235125065564 0.000151205184599 0.0237311603439 0.00171763866037 0.000944786768679 -8.5386402454e-05 0.00401665510405 0.00116435308518 0.00298959119944 0.000103774352228 0.000484878161022 
-0.000152606033699 0.00378036841928 0.000788408084674 0.000539348498776 0.00114618409411 0.00178060459865 0.00036431049507 0.000642551749174 0.0202376691217 -0.000114592349387 0.00300582749596 -0.000481076725915 0.00114625342636 0.00156898598946 0.000729525934814 0.0144305753176 0.00182092301092 0.00259712940929 0.00171328242111 0.00187133688946 0.000236475941305 0.00171763866037 0.031678809089 -0.00024722918367 -6.3876735171e-05 -0.00178131402279 -0.00143919465291 0.00065737370468 0.00120576763382 -0.000372403161254 
6.85839078085e-05 0.00466714213647 -0.000420008971066 0.00143376633727 0.00216651734966 0.000570599004329 0.000487849975372 0.00126125866429 0.00322216096723 0.0017424905478 0.000475413270838 0.00117114013395 -0.00178871749247 0.00252750901501 0.00199093292532 0.00288597525068 0.00225228439264 -0.000844736704718 0.00282043290724 0.0015946962178 -0.000772293108601 0.000944786768679 -0.00024722918367 0.0471032326582 0.000687162054435 -2.43243288183e-05 0.003201134104 -0.000422014283218 0.00509978447739 0.00144478617901 
-0.000195447871023 0.00119272370744 0.00318347803303 0.000808814592939 0.000594854175921 -0.000600581137639 -0.000187467687639 0.000677317293996 0.000971756027556 0.00134371508557 -0.000100931720993 0.00196663169994 0.00139020276698 0.00107889937969 0.000208780939216 -0.00125963834713 0.00143663984754 -0.000678077688979 0.00317109303607 0.000950947519447 0.000154949345079 -8.5386402454e-05 -6.3876735171e-05 0.000687162054435 0.0163397803499 -0.000333309536802 0.000405289060129 0.000793900015015 6.49394397724e-05 0.000806607320563 
0.000814845932919 0.00101060193928 0.00163928638582 0.00387087813721 0.00190992219584 0.00188901243714 0.0019670487917 0.00369847272548 0.0028105180061 0.00270419919636 0.00263803851855 0.00311690133249 0.00194833552409 1.38117493413e-05 0.00222285816022 0.00221759004061 0.000781668231534 0.00476341303281 0.00103626311128 0.00343064335883 0.00106204935262 0.00401665510405 -0.00178131402279 -2.43243288183e-05 -0.000333309536802 0.029888515255 0.00019409454312 0.00219490320957 0.00349566277983 0.00380606716681 
0.00216398181185 -0.00170571367028 0.000834377923833 0.000793243230817 0.000914358392755 0.00206193510266 -0.00110952351695 0.000849027905129 0.000557423800862 0.000567814165933 0.00238257388986 0.000908269061995 0.00186824946368 0.00122097942656 0.00207419604224 -1.31283974321e-05 0.000449303560405 0.00329834519102 0.00200357876639 0.000382646713713 -0.000754615835525 0.00116435308518 -0.00143919465291 0.003201134104 0.000405289060129 0.00019409454312 0.0191336230046 0.00181479859753 0.000587804357241 0.000497525141659 
0.000735038076221 0.0032917269506 0.000730438518458 0.00267955462075 0.00216546165954 0.00255261552962 0.00253569009696 0.00170187742111 0.00245282845703 0.00193849720134 0.00272415666988 0.00131888258564 0.0022349323333 0.0015284986006 0.00244392028747 0.00198062774038 0.00192643005831 0.00146052969928 -0.000578968913255 0.00598663028239 0.00213534257805 0.00298959119944 0.00065737370468 -0.000422014283218 0.000793900015015 0.00219490320957 0.00181479859753 0.0192936144409 -1.22248525053e-05 0.00180924139727 
0.00115546417871 0.0034150885981 0.00121609717132 0.00300247789051 0.00190474509431 0.00209453887447 0.00139640118753 -0.000101342845811 0.00183233805328 0.00187514842453 -0.000437657684114 0.00170194253291 0.000289518571626 0.00191179939304 0.00218117397703 0.000829668227891 0.00212163395232 0.00143359123031 0.00232883647334 0.00152890830833 -0.000542959749101 0.000103774352228 0.00120576763382 0.00509978447739 6.49394397724e-05 0.00349566277983 0.000587804357241 -1.22248525052e-05 0.0182447937428 0.00324824232377 
0.000485537880217 0.000836720213929 0.000816328320997 0.00086483493911 0.0028467976721 0.000853842410673 0.00138657192689 0.00180894802699 0.00111259543525 0.00503175319394 0.00204520728819 0.000704150980832 0.00117283708587 0.000908901027266 0.00147479714847 0.000383858445414 0.000488497345601 0.000769786159777 0.0012065235234 0.00288133868714 0.000856961005146 0.000484878161022 -0.000372403161254 0.00144478617901 0.000806607320563 0.00380606716681 0.000497525141659 0.00180924139727 0.00324824232377 0.0114196386815 

['MU', 'AAPL', 'DDS', 'CAT', 'PNC', 'WY', 'COH', 'BOL', 'RDC', 'WFC', 'NTAP', 'NYT', 'ADI', 'FISV', 'LNC', 'RIG', 'CMVT', 'SVU', 'CSCO', 'PSA', 'TJX', 'ITT', 'BHI', 'AOC', 'LLY', 'EMN', 'MKC', 'EOP', 'MET', 'BAC']