50
0.0590120409917 0.0292815331214 0.0493961611292 0.0070666509449 0.0823962853659 0.00194148072761 0.00496789573306 0.190895055806 0.135848421796 0.0566217234647 0.0950879331279 0.0247676168055 0.0414486045552 0.0214629747746 0.0649337142294 0.0665048210348 0.39235550597 0.0415097954764 0.0315088302779 0.0498631258667 0.0147816990943 0.0431815223905 0.0833786368315 0.0411806556966 0.070995024039 0.0402434153999 0.0578888041786 0.117315051398 0.034888990542 0.0242911243805 0.0795042219188 0.0172523696575 0.0607700526619 0.0429486266904 0.0907505897935 0.143553651187 -0.00953493093171 0.0498180241401 0.0114549593271 0.00859756350963 0.16701162673 0.00388664565626 0.025637758891 0.0202129727645 0.0444205393046 0.0453963667668 0.0350054865441 0.0637387331612 0.00238062118955 0.0519302207626 
0.253400835939 0.00978995581909 0.124841472132 0.00868295920925 0.0126716978558 0.0246254573352 0.0162783586022 0.00827769901455 0.00297710410944 0.0232859703521 0.0190296992698 0.00625871132375 0.0179702020683 0.012994918391 0.0161702918198 -0.00580181529581 -0.00471873957704 0.0175505946379 0.0235595981136 0.00492042070637 0.0219393101835 0.00245650367883 -0.0168465503034 0.0151253105424 0.0136707385372 0.0142495984786 0.0203054574503 0.0226218585541 -0.00131442308221 0.0295285331175 0.00876322888528 0.0145133674112 -0.0144357260606 0.0021647134817 0.00552013616103 0.0103984432434 0.00412914959791 0.0151453033806 0.0169208203285 0.00725021810514 0.000813274433764 0.0219556900489 0.000109676640232 0.0109298423821 0.0125562889516 -0.0209202277844 0.01021555915 0.0115968715139 0.0109748244722 0.0532555660557 
0.0097899558191 0.146492349902 0.0157860937785 0.0147713590948 0.0278789116038 0.0217715233304 0.0119132164303 0.0180140489278 -0.00164241920188 0.0251240406619 0.0349039819646 0.0125071487705 0.0236556285314 0.00985312809977 0.00405442375569 0.0155867535057 0.0207370374652 0.00967594969003 0.0247449975157 0.00811985218085 0.0370064151011 0.0105009583943 0.0158760600622 0.0156183069942 0.00360468662177 0.0237138410263 0.0146553677521 0.000102029652408 0.014143331427 0.0217635125644 0.0106156293975 0.0216034583847 0.00563935921563 0.00258924781967 0.0342883350991 0.00405664533204 0.025687666989 -0.00412758514744 0.0220030764435 0.0165117878027 0.0122376169157 0.0104366940916 0.0135846979313 0.00985502366384 0.0133781225163 0.000703114084673 0.0134120429248 0.00213071039659 0.0130539916395 0.011786028528 
0.124841472132 0.0157860937785 0.402558827657 0.00525881328885 0.011830365717 -0.00337153517532 0.020370727494 0.00977150330526 0.0107152359704 0.00274054639663 0.0123771899919 0.00372899102368 0.0165745640918 0.0028557548937 -0.000682097164367 0.0169444720651 -0.0251802910093 -0.00555894387252 0.00345835232085 -0.00555378489668 -0.00459752977556 0.0191440943196 0.0133887121228 0.021028584341 -0.00201705917522 0.00943410830176 -0.00836091105118 0.01511273208 0.00450751869277 0.0141235224721 0.00515769524388 0.0130716220878 0.0180724508636 -0.00113728866553 0.0102896330597 0.0104296157458 -0.0135972165011 -0.00172255453097 -0.00530824878731 0.00601252952667 0.00439712928502 0.00327785766492 0.0360835929783 0.0116672347669 -0.00726075295692 -0.0137650899782 4.83546748267e-05 -0.00556512603592 0.0127013475929 0.0734477483185 
0.00868295920925 0.0147713590948 0.00525881328885 0.175454536991 0.036355439682 0.0178869865275 -0.00274358454501 0.0132094266103 -0.00557432344452 0.00061269267289 0.0183802258667 0.0126854305961 0.00184707786431 -0.0116720697271 0.00779744145001 0.020661497231 -0.00388877986707 -0.00954089493124 -0.0081510522057 0.0201432891868 0.00263891361396 -0.003893092084 0.00707655356809 0.0173117013191 0.00837661783642 0.0107527027292 0.0149729053364 0.023407324382 0.00183710103155 0.00761182390679 0.0220711647681 -0.0077399146552 0.0110345554841 0.00385771616647 0.00283621954711 0.00986109228268 0.00136771914883 0.0102144543995 0.00544363813333 0.00527081293359 0.0120417849209 0.00847051826661 0.00662425621181 -0.00103932344512 0.0198109099766 0.0156623520911 0.0133274147959 -0.00798500818415 -0.00255820868529 0.00597833944156 
0.0126716978558 0.0278789116038 0.011830365717 0.036355439682 0.313708359897 0.0209555485903 -0.00417720336174 0.0337511911731 -0.000613303420865 0.0149060043465 0.01342904419 -0.00527721543298 0.0371013583225 0.00480040840238 0.0126135948917 0.0026324810991 0.0976530551585 0.0066392492513 0.0213565232271 0.0132810423121 0.00889998493896 0.0340423400543 -0.0131747212623 0.0146021348045 -0.0102097634024 0.0169939122956 -0.0167239562698 -0.00966914418647 -0.000927465332336 0.0128506342116 -0.0207243506078 -0.0103925918779 0.0842320913056 0.000640341557022 0.0169269488792 0.0180337867597 0.0157059878268 0.0110640767704 0.0107509747467 0.00954719470548 0.0204139581164 0.00838353831669 0.0165727520994 0.0158225072127 0.0118772741693 0.0129149796272 0.0155720666034 0.00968973587699 0.000100236099622 -0.00884853499382 
0.0246254573352 0.0217715233304 -0.00337153517532 0.0178869865275 0.0209555485903 0.207433715688 0.0127427360794 0.010967643865 0.0153572991714 0.0372453087181 0.0483234555668 0.0266146244849 0.0267069541345 0.0161511364178 0.0311604282071 0.0385255865945 0.0543465039347 0.0124849042031 0.00470829805091 -0.0172874721079 0.0396486688508 0.0135850117292 0.017941164564 0.0191341027766 0.0106305930617 0.00491077419455 0.0346075562204 -0.00294463626091 0.00724084363558 0.0259806241369 -0.0118629301866 0.0111351754344 0.0167642674218 0.017402059845 0.018934126798 0.00469961159518 0.00878370275197 0.0110785892859 0.0162201588244 0.0220442233069 0.00481044849627 0.0149363614725 0.0157887465423 0.0316619607884 0.00327532205639 -0.00306459700505 0.0305377645404 0.0250007840433 0.0261351867049 0.0183289604154 
0.0162783586022 0.0119132164303 0.020370727494 -0.00274358454501 -0.00417720336174 0.0127427360794 0.165262300852 0.0249874812174 0.00724268177006 0.0295214004541 0.0013316561636 0.011688590236 0.00410118877964 0.0220942213306 0.0145217496018 0.00361612570892 -0.0158534037621 0.0309117477918 0.0100929775738 0.00153920100073 0.0116372810349 0.0248329888561 0.0160710676521 0.00711503266831 0.0109183304633 0.00910785166187 0.0307796668847 0.0222520173916 0.0185437662553 0.0264135512145 0.00454140626438 0.0160414370477 -0.0101071991203 0.0213044678326 0.00989047812008 0.0128252209174 0.000173498048898 0.0192184075134 0.000811177881023 0.00911905660836 -0.00355965200711 0.0448671847226 0.00226222179734 0.017088918252 0.00855774072658 0.00382309728743 0.0181531740758 0.0189554718775 0.0453782771751 0.0419396984633 
0.00827769901455 0.0180140489278 0.00977150330526 0.0132094266103 0.0337511911731 0.010967643865 0.0249874812174 0.54757940528 0.0362357028633 0.0172512904709 0.0169011378333 0.0149192223987 0.0327599970948 0.0283025315366 0.0348519041888 -0.00572791562199 0.043546254805 0.0370703707463 0.0357654880804 0.0264988202408 -0.0119235121434 0.0320229612126 0.00939307319821 -0.0058837404388 0.0146089068412 0.0128618568509 0.0614883951554 -0.0199738717489 0.0431595490078 0.0218932489899 0.0594868399952 0.0243359501629 0.0428437111984 -0.00409088800469 0.0108379075104 0.0708577579327 0.0132346643216 0.053612232861 -0.00105300067454 0.0167614633046 0.00407056438714 0.0315062297438 0.0606084084891 0.0263960366057 -0.00612796608014 0.00149996551614 0.0455216407219 0.0124505236838 0.017651727976 0.0535985192059 
0.00297710410944 -0.00164241920188 0.0107152359704 -0.00557432344452 -0.000613303420863 0.0153572991714 0.00724268177006 0.0362357028633 0.631561358767 0.0217356853861 0.0128056606248 0.00931221767048 0.00736493349377 0.00686496315992 0.00364790749914 0.0199519758852 -0.00967523477489 0.00132807165289 0.0242951964845 0.019446140828 0.0176655415939 0.00385735726902 0.0301033572504 0.0234127412376 -0.00396237647222 -0.0101342868919 -0.00166950832415 0.0255831779489 0.00711687405845 0.0140717597147 0.00251266797838 0.0181068470459 -0.00406996892056 0.0581210304072 0.00939011139085 0.00884002046309 -0.0164702127324 -0.0244046017394 0.0189569231145 -0.0178150661178 -0.0120804079157 0.0147627434766 0.00753545555454 0.00966500931786 0.02316017488 0.0132302893442 -0.00224542902522 -0.0115124274034 0.0163638795059 0.0114335873446 
0.0232859703521 0.0251240406619 0.00274054639663 0.00061269267289 0.0149060043465 0.0372453087181 0.0295214004541 0.0172512904709 0.0217356853861 0.172726044287 0.0390630186331 0.000993257208016 0.00703555431342 0.0301371519088 0.035845664921 0.0324670670653 -0.00629801681432 0.0295523249309 0.0325654830561 0.0248332542953 -0.000135690381194 0.0185793090109 0.0330038499787 0.0174802699695 0.0501959118584 0.00869130799034 0.0198661291503 0.0021002284925 0.0210977488887 0.059336852114 0.0190393611052 0.00877899994763 0.00925338863401 0.00727287158409 0.0291255611772 0.0348225743066 0.0185824797439 0.0294066280248 0.0112386513116 0.02100266005 0.000798139573791 0.0255994783215 0.0152359483729 0.0245050708846 0.0238028345017 0.00218631528606 0.01348589238 0.0279066791437 0.0219599003093 0.0269277212628 
0.0190296992698 0.0349039819646 0.0123771899919 0.0183802258667 0.01342904419 0.0483234555668 0.0013316561636 0.0169011378333 0.0128056606248 0.0390630186331 0.274556722673 0.0295778068027 0.00276290521947 0.0155672411724 0.0175661748905 0.053203241232 0.0901544371029 0.00618330324838 0.0424714298107 0.0223424196182 0.0147271794374 0.0172889601647 0.00813091362638 0.0319653984517 0.0514860274487 0.0176740583673 0.00270770727871 0.0258258140533 0.0264480689147 0.0380848003513 0.0284160984915 0.010630502861 0.0023492513171 0.0165831905043 0.0242132489713 0.023104796887 0.0133438640533 0.0228632745502 0.0260245026662 0.0104417461676 0.0195439483089 -0.00611479015022 0.0353867193182 0.0168840427601 0.0293877731826 0.0108378396968 0.00332586342991 0.0237055442321 0.0163926528623 0.00503174973893 
0.00625871132375 0.0125071487705 0.00372899102368 0.0126854305961 -0.00527721543298 0.0266146244849 0.011688590236 0.0149192223987 0.00931221767048 0.000993257208017 0.0295778068027 0.116877306336 0.00784351265812 0.0129614031994 0.0161177118028 0.0261329457548 0.028206767574 0.013674633511 0.0184075189357 0.0289345120747 0.0233758988535 0.00980110475037 0.013704189479 0.0216350580719 0.0163348435847 0.00737483054314 -0.00201753782305 0.01538232486 0.00505958045323 0.0187291091603 -0.00772276753625 0.00999775087193 0.000840307836493 0.00307556714555 0.00722125488217 0.0035544426109 0.0205536473723 0.00578694614889 0.016013046464 0.00218668886951 0.0184256730103 0.00241925099805 0.0346336453195 0.0250884300321 0.00873248317456 0.0106093689211 0.00374333230269 -0.00339834433611 0.008931685357 0.0154870679373 
0.0179702020683 0.0236556285313 0.0165745640918 0.00184707786431 0.0371013583225 0.0267069541345 0.00410118877964 0.0327599970948 0.00736493349377 0.00703555431342 0.00276290521947 0.00784351265812 0.235741466108 0.0105507920315 0.0126958355768 0.0098806323171 0.219317936057 -0.00796452395974 0.0100054916612 0.0046267989122 0.015593709427 0.0018757037945 0.00976487294268 0.00823786814283 0.00746636610409 0.0109519306173 0.00820727135474 0.0364788685636 0.0291401001185 0.0123626495228 0.00667431258547 -0.000561987831476 0.019875615638 0.0136353829684 0.0193940680885 0.00646597216056 -0.00450408804056 -0.0104984445445 0.00684431433277 0.0232567664483 0.00581792236643 0.0125473813699 0.008552823808 0.0282713855756 0.0110519649799 0.0283519951507 0.00736732306584 0.000125815804466 0.00388781774403 0.020516068737 
0.012994918391 0.00985312809977 0.0028557548937 -0.0116720697271 0.00480040840238 0.0161511364178 0.0220942213306 0.0283025315366 0.00686496315992 0.0301371519088 0.0155672411724 0.0129614031994 0.0105507920315 0.157064591528 0.0199479533554 -0.00298583076181 -0.00666267978912 0.02204925603 0.0193395759546 0.0268832246244 -0.00312136229668 -0.00340983939852 0.00541739056919 -0.0064025935887 0.0059248831394 0.00396512792284 0.0411258147664 -0.00556905217468 0.0194850338434 0.00864627828132 0.00287503898522 0.0152763774155 0.00669561438907 -0.00871275614613 0.00355540559922 0.0106445976715 0.0159573335023 0.00866431137252 0.00188916752935 0.012781395432 0.00599805877281 0.0234628797644 0.00817225199174 0.0210323785149 0.011137443019 0.000743861311437 0.00794765406811 0.0278399715103 0.0370072837305 0.0365809532438 
0.0161702918198 0.0040544237557 -0.000682097164366 0.00779744145001 0.0126135948917 0.0311604282071 0.0145217496018 0.0348519041888 0.00364790749914 0.035845664921 0.0175661748905 0.0161177118028 0.0126958355768 0.0199479533554 0.17873016736 0.0229113762537 -0.00112859419333 0.031961484364 0.0257069016855 0.0206901871489 0.0217422004998 0.0267956196955 0.0222775386685 0.0154955877969 0.0201492179164 0.021327333558 0.0194545281169 0.0155396360011 0.0267211603724 0.0116564922454 0.0217295732549 0.0132175727259 0.0437394398751 0.0199741278739 0.0250725127145 0.0505393849675 0.020030798701 0.0328504521487 0.00914983468221 0.00818157757807 0.0385118015499 0.00495264837749 0.0156854724809 0.040047131269 0.0313507701701 0.0213124880691 0.0148765045396 0.0294806292149 0.0172721380835 0.01322086409 
-0.00580181529581 0.0155867535057 0.0169444720651 0.020661497231 0.0026324810991 0.0385255865945 0.00361612570892 -0.00572791562199 0.0199519758852 0.0324670670653 0.053203241232 0.0261329457548 0.0098806323171 -0.00298583076181 0.0229113762537 0.223906334509 0.0329699620985 0.0116337636939 0.0231791557587 0.0477642319521 0.0545392511019 -0.00717636440108 0.0419409469076 0.0244602588366 0.0140174307327 0.00590013986614 -0.000441323007729 0.0174883359522 0.0112192180318 0.0423262019589 0.0185557242626 0.00565302141558 0.0171969913654 0.00815876532926 0.0498489838475 0.020175943334 0.00157166218788 -0.0425401934852 0.0289413589779 0.00701530501711 0.0249046103333 -0.0105940732523 0.028122481526 0.0240995168433 0.0191841680311 0.00616051213013 0.0118193794321 4.293777842e-05 0.013025180156 0.0206419592395 
-0.00471873957704 0.0207370374652 -0.0251802910093 -0.00388877986707 0.0976530551585 0.0543465039347 -0.0158534037621 0.043546254805 -0.00967523477489 -0.00629801681432 0.0901544371029 0.028206767574 0.219317936057 -0.00666267978912 -0.00112859419333 0.0329699620985 3.1948720825 0.00418706540051 -0.0136828894343 0.0405139526795 0.0182549113775 0.00118838784352 0.0442942373441 0.010941924146 -0.0594533697765 0.0221715323142 0.0074501419233 0.0166665337087 0.0110871812273 0.0138079969613 0.00818184372709 0.00439960709935 0.0025957258961 -0.0207149437622 0.0271700931837 0.00822845569175 -0.0149771209897 0.00519411925412 0.0101119696921 0.00489716391092 0.0476129814652 -0.00800334028995 0.0837363110481 -0.000829832355458 -0.0134389881607 -0.00970654816751 0.0203496839907 0.0159697675243 0.00461581057722 -0.00736033666057 
0.0175505946379 0.00967594969003 -0.00555894387252 -0.00954089493124 0.0066392492513 0.0124849042031 0.0309117477918 0.0370703707463 0.00132807165289 0.0295523249309 0.00618330324838 0.013674633511 -0.00796452395974 0.02204925603 0.031961484364 0.0116337636939 0.00418706540051 0.411296011225 0.0305933622395 0.0399954083344 0.0170154329618 -0.00703711536646 0.0166103375841 -0.00373717983571 0.0158887164405 -0.00655738812717 0.128171759239 -0.00564695205393 0.00493873383282 0.0375816086193 0.0199484137045 0.00546827520784 0.0182935874199 0.0167632866098 -0.00881207164318 0.00631278193275 -0.0196217355908 0.117649201887 0.0120175073269 -0.00775953766364 0.00116926353048 0.0123432176946 0.000875365887107 0.00680566362258 0.0166541871429 -0.00600826924148 0.0118571039587 0.1686966264 0.00611358015994 0.0426015183601 
0.0235595981136 0.0247449975157 0.00345835232085 -0.0081510522057 0.0213565232271 0.00470829805091 0.0100929775738 0.0357654880804 0.0242951964845 0.0325654830561 0.0424714298107 0.0184075189357 0.0100054916612 0.0193395759546 0.0257069016855 0.0231791557587 -0.0136828894343 0.0305933622395 0.219248948852 0.0165645743675 0.0191086525283 0.0174165529396 0.0354697062096 0.0205603062651 0.029630201404 0.0230635008689 0.0155692996767 0.0415390791656 0.028957240859 0.0205173889514 0.0189054436769 0.0118480192125 0.0204763771213 0.00452154986032 0.0159198011132 0.0540607578487 0.0390049810299 0.0107781756089 0.0235271936708 -0.00223393685117 0.00622099872958 0.0293324651848 0.0246725030705 0.0317748435114 0.0220011451103 0.0178083935715 0.00491916135777 0.0146721398325 0.00431805396326 0.024949657357 
0.00492042070637 0.00811985218085 -0.00555378489668 0.0201432891869 0.0132810423121 -0.0172874721079 0.00153920100073 0.0264988202408 0.019446140828 0.0248332542953 0.0223424196182 0.0289345120747 0.0046267989122 0.0268832246244 0.0206901871489 0.0477642319521 0.0405139526795 0.0399954083344 0.0165645743675 0.285687944069 0.0334604089334 0.00631423429927 0.014581403068 0.021002523079 0.0185675708826 -0.00131156420609 0.045258837934 0.0420886555728 0.0143796950326 0.0292611563312 0.00118558772466 0.0162174644287 0.021419758986 0.0090868480942 0.0179826060512 0.0388777095607 -0.00192343175955 0.0302039246312 0.0406539694631 0.0168799438827 0.0113885629151 0.017249868565 0.0433636411511 0.00832649268992 0.0270337733806 0.0036420247829 0.00565132856018 0.0393300122264 0.00743200145056 0.0392086532063 
0.0219393101835 0.0370064151011 -0.00459752977556 0.00263891361396 0.00889998493896 0.0396486688508 0.0116372810349 -0.0119235121434 0.0176655415939 -0.000135690381194 0.0147271794374 0.0233758988535 0.015593709427 -0.00312136229668 0.0217422004998 0.0545392511019 0.0182549113775 0.0170154329618 0.0191086525283 0.0334604089334 0.203953829938 -0.00689079030819 0.0184171945877 0.0122803794215 0.0282782174401 0.0117944305872 0.0042256742941 0.0224987389865 0.0225361646807 0.0208283869986 0.00270990142416 0.0151511017484 0.00766510068986 0.0010645079505 0.0442604182001 -0.00280989055092 0.0145745513269 -0.00899292680615 0.0208495720829 0.00982201274959 0.0169893812342 0.00961182919744 0.0112060599657 0.00673394443899 0.00983845933786 0.00704366805293 0.0138940170528 0.0163267225392 0.0100649111711 0.0265588588614 
0.00245650367883 0.0105009583943 0.0191440943196 -0.003893092084 0.0340423400543 0.0135850117292 0.0248329888561 0.0320229612126 0.00385735726902 0.0185793090109 0.0172889601647 0.00980110475037 0.0018757037945 -0.00340983939852 0.0267956196955 -0.00717636440108 0.00118838784352 -0.00703711536646 0.0174165529396 0.00631423429927 -0.00689079030819 0.207135592129 0.0149855119735 0.00975493109212 0.0278971627331 0.0169856532817 0.00461380315222 0.0177741347173 0.00836727573163 0.00921418920322 0.0239820910674 0.00888775951947 0.0234794780026 0.00857652244729 0.0193179624954 0.026105027832 0.00976061870127 -0.00279027000367 -0.005686443586 0.00958712694763 0.0198058152583 0.00721284097109 0.0200292456379 0.0392484318137 0.01830036226 -0.00975102543211 0.013226766259 0.00577559609447 0.013779988108 0.00392024885565 
-0.0168465503034 0.0158760600622 0.0133887121228 0.00707655356809 -0.0131747212623 0.017941164564 0.0160710676521 0.00939307319821 0.0301033572504 0.0330038499787 0.00813091362638 0.013704189479 0.00976487294268 0.00541739056919 0.0222775386685 0.0419409469076 0.0442942373441 0.0166103375841 0.0354697062096 0.014581403068 0.0184171945877 0.0149855119735 0.376210301693 0.0222861474765 0.000700899159776 -0.000983895689364 -0.0118315873936 -0.0110858699181 0.00758352237632 0.0161505897704 0.00905017701765 -0.00185363703876 0.0151345883104 0.0294339659527 0.0218616729656 0.0348595718232 0.0237114383625 0.0230920653255 0.0135347427387 0.0265969560102 0.0110285992772 0.0162396056236 -0.000703153270689 0.0396614125522 0.0148916863243 0.00894458311242 0.027840872314 0.0124820388698 0.0160932317322 0.0266907329962 
0.0151253105424 0.0156183069942 0.021028584341 0.0173117013191 0.0146021348045 0.0191341027766 0.00711503266831 -0.0058837404388 0.0234127412376 0.0174802699695 0.0319653984517 0.0216350580719 0.00823786814283 -0.0064025935887 0.0154955877969 0.0244602588366 0.010941924146 -0.00373717983571 0.0205603062651 0.021002523079 0.0122803794215 0.00975493109212 0.0222861474765 0.199698604807 0.0138776594592 0.0168725011662 -0.0025004368174 0.00345442464603 0.0076682394687 0.0201103918661 0.0190175211477 -0.01070412823 -0.000764702500633 0.0103054089106 0.0181623017782 0.0111823364764 0.00784413316357 0.00874182426478 0.02248150501 0.0156060337892 0.027755577888 0.00928164685154 0.0143498080511 0.036909971997 0.0182567253935 0.0241791921599 0.0145711378926 0.0122023067379 0.00481340089388 -0.0150557685291 
0.0136707385373 0.00360468662177 -0.00201705917522 0.00837661783642 -0.0102097634024 0.0106305930617 0.0109183304633 0.0146089068412 -0.00396237647222 0.0501959118584 0.0514860274487 0.0163348435847 0.00746636610409 0.0059248831394 0.0201492179164 0.0140174307327 -0.0594533697765 0.0158887164405 0.029630201404 0.0185675708826 0.0282782174401 0.0278971627331 0.000700899159773 0.0138776594592 0.361647604242 0.0236888630951 0.0282030410563 0.0158659541999 0.000856591411686 0.0405049664677 0.0417180197689 0.0153571248823 0.030421179914 0.0241980667459 0.0266171470868 0.0358456222078 0.0039318272559 0.045473763348 0.0290424823937 0.0260889375773 -0.00504830125003 0.0428549187124 0.0264643475129 0.0318710948038 0.0286793213225 -0.000246485327383 0.0125245662669 0.0171667270487 0.00960944604547 0.0408248776642 
0.0142495984786 0.0237138410263 0.00943410830176 0.0107527027292 0.0169939122956 0.00491077419455 0.00910785166187 0.0128618568509 -0.0101342868919 0.00869130799034 0.0176740583673 0.00737483054314 0.0109519306173 0.00396512792284 0.021327333558 0.00590013986614 0.0221715323142 -0.00655738812716 0.0230635008689 -0.00131156420609 0.0117944305872 0.0169856532817 -0.000983895689364 0.0168725011662 0.0236888630951 0.133158326555 -0.00940595943399 0.0222685725477 0.00750904173256 0.00851822562826 0.0169847239242 0.00735717296959 0.0214539343502 0.00928597108883 0.0252427953632 0.0213271928508 0.00296839906148 -0.0111260750856 0.00994801805485 0.0195496892463 0.0196969412527 0.0109704144326 -0.00284752306666 -0.00210566757482 0.0131053998073 0.0159039133342 0.00999522259874 -0.00327284270047 0.00840107414401 0.0101456556056 
0.0203054574503 0.0146553677521 -0.00836091105117 0.0149729053364 -0.0167239562698 0.0346075562204 0.0307796668847 0.0614883951554 -0.00166950832415 0.0198661291503 0.00270770727871 -0.00201753782305 0.00820727135475 0.0411258147664 0.0194545281169 -0.00044132300773 0.0074501419233 0.128171759239 0.0155692996767 0.045258837934 0.0042256742941 0.00461380315222 -0.0118315873936 -0.0025004368174 0.0282030410563 -0.00940595943399 0.398569569472 -0.00861546197296 0.00718967950075 0.0273119245839 0.00353082601079 0.0150794014125 0.0361213148328 0.00927782610913 -0.0173666186891 0.033962668063 -0.00681364349249 0.112822819202 0.000519156318527 0.000333090390146 0.00504201786648 0.0372770274465 0.0421927076341 0.00608160306495 0.025269043331 -0.0157132518371 0.0188930111285 0.105400974945 0.0309051767627 0.0400952953948 
0.0226218585541 0.000102029652409 0.01511273208 0.023407324382 -0.00966914418646 -0.00294463626091 0.0222520173916 -0.0199738717489 0.0255831779489 0.0021002284925 0.0258258140533 0.01538232486 0.0364788685636 -0.00556905217468 0.0155396360011 0.0174883359522 0.0166665337087 -0.00564695205393 0.0415390791656 0.0420886555728 0.0224987389865 0.0177741347173 -0.0110858699181 0.00345442464603 0.0158659541999 0.0222685725477 -0.00861546197296 0.363443081238 0.00457334915024 0.0130955040516 0.00252532512512 0.0142501240231 0.00903156543922 0.012069131788 0.00234832863304 0.0292571278949 0.0142024158314 -0.00208300214841 -0.0066003827339 0.0162099941976 -0.0198389992761 0.023345692713 0.0100140741546 0.0176947373217 0.0130247533438 -0.024741162741 0.0074779280175 -0.0335993214812 0.00617753970616 0.0241860399923 
-0.00131442308221 0.014143331427 0.00450751869277 0.00183710103155 -0.000927465332335 0.00724084363558 0.0185437662553 0.0431595490078 0.00711687405845 0.0210977488887 0.0264480689147 0.00505958045323 0.0291401001185 0.0194850338434 0.0267211603724 0.0112192180318 0.0110871812273 0.00493873383282 0.028957240859 0.0143796950326 0.0225361646807 0.00836727573163 0.00758352237632 0.0076682394687 0.000856591411687 0.00750904173256 0.00718967950075 0.00457334915024 0.144671843567 0.0146668468022 -0.00175280259799 0.0175004066304 0.0121791493397 -0.00430245992074 -0.011990077909 0.00678763685803 0.0120553232019 -0.00121139689357 0.0094609004355 0.0099213094453 -0.00325287539219 0.00712486195539 0.0136344955424 0.0188937617428 0.0221041475297 -0.00305093848572 0.0125191890332 0.000100113084326 0.0208895339862 0.0084465844669 
0.0295285331175 0.0217635125644 0.0141235224721 0.0076118239068 0.0128506342116 0.0259806241369 0.0264135512145 0.0218932489899 0.0140717597147 0.059336852114 0.0380848003513 0.0187291091603 0.0123626495228 0.00864627828132 0.0116564922454 0.0423262019589 0.0138079969613 0.0375816086193 0.0205173889514 0.0292611563312 0.0208283869986 0.00921418920323 0.0161505897704 0.0201103918661 0.0405049664677 0.00851822562825 0.0273119245839 0.0130955040516 0.0146668468022 0.208801559393 0.0269208801995 0.0115767920829 0.00353157621788 0.0160173994122 0.00288703264418 0.107978152614 0.0186853694463 0.000605305808689 0.0307574062034 0.0207087784873 0.0108629357366 0.0232765148542 0.0160243013402 0.0157753881999 0.0217636524684 -0.0164234942784 0.0279169192349 0.0477749949759 0.0292387415983 0.0356670108627 
0.00876322888528 0.0106156293975 0.00515769524388 0.0220711647681 -0.0207243506078 -0.0118629301866 0.00454140626438 0.0594868399952 0.00251266797838 0.0190393611052 0.0284160984915 -0.00772276753625 0.00667431258547 0.00287503898522 0.0217295732549 0.0185557242626 0.00818184372709 0.0199484137045 0.0189054436769 0.00118558772466 0.00270990142416 0.0239820910674 0.00905017701765 0.0190175211477 0.0417180197689 0.0169847239242 0.00353082601079 0.00252532512512 -0.00175280259799 0.0269208801995 0.261210159197 0.00583279487559 0.0169928123536 0.0293038351929 0.0192252870206 0.0405617674168 -0.00708564138912 -0.0114269879735 0.00743000216883 0.0258076957369 0.0130565230642 0.0388621890613 -0.00157523482568 0.0342627607877 0.0191995740247 0.00443546108641 0.0195421369642 0.0181665388196 0.0149613730022 0.01945861269 
0.0145133674112 0.0216034583847 0.0130716220878 -0.0077399146552 -0.0103925918779 0.0111351754344 0.0160414370477 0.0243359501629 0.0181068470459 0.00877899994763 0.010630502861 0.00999775087193 -0.000561987831475 0.0152763774155 0.0132175727259 0.00565302141559 0.00439960709935 0.00546827520784 0.0118480192125 0.0162174644287 0.0151511017484 0.00888775951947 -0.00185363703876 -0.01070412823 0.0153571248823 0.00735717296959 0.0150794014125 0.0142501240231 0.0175004066304 0.0115767920829 0.00583279487559 0.196580145499 0.00783474050593 0.0197030970642 0.00026641744067 0.0230733918613 0.0186629117801 -0.00692306182861 0.0158373141448 0.00764420300162 -0.0160436647748 0.00513142073161 0.0193999050046 0.00399895347171 0.0115324306 -0.010075768832 0.014651397094 -0.0139221908978 0.00335193906365 0.0100549331326 
-0.0144357260606 0.00563935921563 0.0180724508636 0.0110345554841 0.0842320913056 0.0167642674218 -0.0101071991203 0.0428437111984 -0.00406996892056 0.00925338863401 0.0023492513171 0.000840307836492 0.019875615638 0.00669561438907 0.0437394398751 0.0171969913654 0.0025957258961 0.0182935874199 0.0204763771213 0.021419758986 0.00766510068986 0.0234794780026 0.0151345883104 -0.000764702500633 0.030421179914 0.0214539343502 0.0361213148328 0.00903156543922 0.0121791493397 0.00353157621788 0.0169928123536 0.00783474050593 0.25959310004 0.0118270344068 0.0255118920077 0.0549946436181 0.0291927945449 0.00650558882122 0.0303222071455 0.0115007786593 0.0177122488166 0.0166582180471 0.0392836557731 0.0264659561709 0.0182001303376 0.0120809437937 0.0135818000252 -0.0221892704804 0.00386912571597 0.0106251922662 
0.0021647134817 0.00258924781967 -0.00113728866553 0.00385771616647 0.000640341557021 0.017402059845 0.0213044678326 -0.00409088800469 0.0581210304072 0.00727287158409 0.0165831905043 0.00307556714555 0.0136353829684 -0.00871275614613 0.0199741278739 0.00815876532926 -0.0207149437622 0.0167632866098 0.00452154986032 0.0090868480942 0.0010645079505 0.00857652244729 0.0294339659527 0.0103054089106 0.0241980667459 0.00928597108883 0.00927782610913 0.012069131788 -0.00430245992074 0.0160173994122 0.0293038351929 0.0197030970642 0.0118270344068 0.201541789605 0.0218641436263 0.0303525653791 0.0201368154646 -0.0136925830402 0.00122139955363 0.0284524118484 -0.00191091945595 0.00722888099374 -0.00461282663838 0.00682429077198 0.00765323967784 0.0163029053025 -0.004076321188 0.00848344636002 0.0161295461702 0.010184573706 
0.00552013616103 0.0342883350991 0.0102896330597 0.00283621954711 0.0169269488792 0.018934126798 0.00989047812008 0.0108379075104 0.00939011139084 0.0291255611772 0.0242132489713 0.00722125488217 0.0193940680885 0.00355540559922 0.0250725127145 0.0498489838475 0.0271700931837 -0.00881207164318 0.0159198011132 0.0179826060512 0.0442604182001 0.0193179624954 0.0218616729656 0.0181623017782 0.0266171470868 0.0252427953632 -0.0173666186891 0.00234832863304 -0.011990077909 0.00288703264418 0.0192252870207 0.00026641744067 0.0255118920077 0.0218641436263 0.333354438033 0.011598584405 0.0037377766642 -0.0123520098676 0.0529308933856 0.00558554845102 0.0130399718818 0.0095783281254 -0.00796528503712 0.0145024686594 0.0269174357132 0.0142914525495 -0.00564383491353 -0.00826676328691 0.012575474074 0.0132498614414 
0.0103984432434 0.00405664533204 0.0104296157458 0.00986109228268 0.0180337867597 0.00469961159518 0.0128252209174 0.0708577579327 0.00884002046309 0.0348225743066 0.023104796887 0.0035544426109 0.00646597216056 0.0106445976715 0.0505393849675 0.020175943334 0.00822845569175 0.00631278193275 0.0540607578487 0.0388777095607 -0.00280989055092 0.026105027832 0.0348595718232 0.0111823364764 0.0358456222078 0.0213271928508 0.033962668063 0.0292571278949 0.00678763685803 0.107978152614 0.0405617674168 0.0230733918613 0.0549946436181 0.0303525653791 0.011598584405 0.881023970806 0.00138231789253 0.0524846831243 0.00280578417013 0.0608277724184 0.0260419326105 0.0205759593034 -0.0228865459326 0.0218065831456 0.0260351503932 0.0196534778568 0.0284697679577 0.0266986670722 0.0278501183825 0.0376671091254 
0.00412914959791 0.025687666989 -0.0135972165011 0.00136771914883 0.0157059878268 0.00878370275197 0.000173498048897 0.0132346643216 -0.0164702127324 0.0185824797439 0.0133438640533 0.0205536473723 -0.00450408804056 0.0159573335023 0.020030798701 0.00157166218788 -0.0149771209897 -0.0196217355908 0.0390049810299 -0.00192343175955 0.0145745513269 0.00976061870127 0.0237114383625 0.00784413316357 0.0039318272559 0.00296839906148 -0.00681364349249 0.0142024158314 0.0120553232019 0.0186853694463 -0.00708564138912 0.0186629117801 0.0291927945449 0.0201368154646 0.0037377766642 0.00138231789253 0.219267948572 -0.0183094563871 0.0263269951544 0.00833627889839 0.0146546665735 0.00436818850011 0.0287789871299 0.019686747705 0.0222693254811 0.00293149278387 0.00408840390936 0.0292070482122 0.00312761947246 -0.000102905772914 
0.0151453033806 -0.00412758514744 -0.00172255453097 0.0102144543995 0.0110640767704 0.0110785892859 0.0192184075134 0.053612232861 -0.0244046017394 0.0294066280248 0.0228632745502 0.00578694614889 -0.0104984445445 0.00866431137252 0.0328504521487 -0.0425401934852 0.00519411925412 0.117649201887 0.0107781756089 0.0302039246312 -0.00899292680615 -0.00279027000367 0.0230920653255 0.00874182426479 0.045473763348 -0.0111260750856 0.112822819202 -0.00208300214841 -0.00121139689357 0.000605305808689 -0.0114269879735 -0.0069230618286 0.00650558882122 -0.0136925830402 -0.0123520098676 0.0524846831243 -0.0183094563871 0.346852629315 -0.00517449010009 -0.0171015746323 0.0522932500674 0.0281008550907 0.0173225946669 0.010454600965 0.016665023308 0.0141125808658 0.00473470443133 0.103268243075 0.0101826102967 0.0266849199218 
0.0169208203285 0.0220030764435 -0.00530824878731 0.00544363813333 0.0107509747467 0.0162201588244 0.000811177881022 -0.00105300067454 0.0189569231145 0.0112386513116 0.0260245026662 0.016013046464 0.00684431433277 0.00188916752935 0.00914983468221 0.0289413589779 0.0101119696921 0.0120175073269 0.0235271936708 0.0406539694631 0.0208495720829 -0.005686443586 0.0135347427387 0.02248150501 0.0290424823937 0.00994801805486 0.000519156318527 -0.0066003827339 0.0094609004355 0.0307574062034 0.00743000216883 0.0158373141448 0.0303222071455 0.00122139955363 0.0529308933856 0.00280578417013 0.0263269951544 -0.00517449010009 0.15543047097 0.00211181317301 0.0159185851425 0.0170164419104 0.00796572682631 0.0124000045877 0.0160878544198 0.023787575227 0.0123264630976 0.000387494562412 0.0114746394663 0.0141067815149 
0.00725021810514 0.0165117878027 0.00601252952667 0.00527081293359 0.00954719470548 0.0220442233069 0.00911905660836 0.0167614633046 -0.0178150661178 0.02100266005 0.0104417461676 0.00218668886951 0.0232567664483 0.012781395432 0.00818157757808 0.00701530501711 0.00489716391092 -0.00775953766363 -0.00223393685117 0.0168799438827 0.00982201274959 0.00958712694763 0.0265969560102 0.0156060337892 0.0260889375773 0.0195496892463 0.000333090390147 0.0162099941976 0.0099213094453 0.0207087784873 0.0258076957369 0.00764420300162 0.0115007786593 0.0284524118484 0.00558554845102 0.0608277724184 0.00833627889839 -0.0171015746323 0.00211181317302 0.218684679299 0.00769870144776 0.00806085848082 0.0188332810671 0.0325172474262 0.0172711751378 -0.0116998405593 0.0179324250021 -0.0271003913304 0.022213207954 0.0147905090002 
0.000813274433765 0.0122376169157 0.00439712928503 0.0120417849209 0.0204139581164 0.00481044849627 -0.00355965200711 0.00407056438714 -0.0120804079157 0.000798139573791 0.0195439483089 0.0184256730103 0.00581792236643 0.00599805877281 0.0385118015499 0.0249046103333 0.0476129814652 0.00116926353049 0.00622099872958 0.0113885629151 0.0169893812342 0.0198058152583 0.0110285992772 0.027755577888 -0.00504830125003 0.0196969412527 0.00504201786648 -0.0198389992761 -0.00325287539219 0.0108629357366 0.0130565230642 -0.0160436647748 0.0177122488166 -0.00191091945595 0.0130399718817 0.0260419326105 0.0146546665735 0.0522932500674 0.0159185851425 0.00769870144776 0.506181091021 -0.00916801291366 0.00484248759246 0.0101031635166 0.0170118692133 0.0406562422039 0.0194542181583 -0.00443570285719 0.0105730115085 -0.00824487893107 
0.0219556900489 0.0104366940916 0.00327785766492 0.00847051826661 0.00838353831669 0.0149363614725 0.0448671847226 0.0315062297438 0.0147627434766 0.0255994783215 -0.00611479015022 0.00241925099805 0.0125473813699 0.0234628797644 0.00495264837749 -0.0105940732523 -0.00800334028995 0.0123432176946 0.0293324651848 0.017249868565 0.00961182919744 0.00721284097109 0.0162396056236 0.00928164685154 0.0428549187124 0.0109704144326 0.0372770274465 0.023345692713 0.00712486195539 0.0232765148542 0.0388621890613 0.00513142073161 0.0166582180471 0.00722888099374 0.0095783281254 0.0205759593034 0.00436818850011 0.0281008550907 0.0170164419104 0.00806085848082 -0.00916801291366 0.217848296256 -0.00272079029593 0.0148069332494 0.0100186798378 -0.0206489336715 0.0128699667605 0.0101106607523 0.0421414539214 0.0561708812583 
0.000109676640232 0.0135846979313 0.0360835929783 0.00662425621181 0.0165727520994 0.0157887465423 0.00226222179734 0.0606084084891 0.00753545555454 0.0152359483729 0.0353867193182 0.0346336453195 0.008552823808 0.00817225199174 0.0156854724809 0.028122481526 0.0837363110481 0.000875365887107 0.0246725030705 0.0433636411511 0.0112060599657 0.0200292456379 -0.000703153270689 0.0143498080511 0.0264643475129 -0.00284752306666 0.0421927076341 0.0100140741546 0.0136344955423 0.0160243013402 -0.00157523482568 0.0193999050046 0.0392836557731 -0.00461282663838 -0.00796528503712 -0.0228865459326 0.0287789871299 0.0173225946669 0.00796572682631 0.0188332810671 0.00484248759246 -0.00272079029593 0.245267882919 0.0491755870588 0.0072819672158 0.018552695263 0.0036790408536 -0.00127832038798 0.014177616105 0.0105253163674 
0.0109298423821 0.00985502366384 0.0116672347669 -0.00103932344511 0.0158225072127 0.0316619607884 0.017088918252 0.0263960366057 0.00966500931786 0.0245050708846 0.0168840427601 0.0250884300321 0.0282713855756 0.0210323785149 0.040047131269 0.0240995168433 -0.000829832355458 0.00680566362258 0.0317748435114 0.00832649268992 0.00673394443899 0.0392484318137 0.0396614125522 0.036909971997 0.0318710948038 -0.00210566757482 0.00608160306495 0.0176947373217 0.0188937617428 0.0157753881999 0.0342627607877 0.00399895347171 0.0264659561709 0.00682429077198 0.0145024686594 0.0218065831456 0.019686747705 0.010454600965 0.0124000045877 0.0325172474262 0.0101031635166 0.0148069332494 0.0491755870588 0.196013205392 0.033716322076 0.0108552540968 0.0147020814299 0.0257189443966 0.0068125156138 0.00702028697872 
0.0125562889516 0.0133781225163 -0.00726075295692 0.0198109099766 0.0118772741693 0.00327532205639 0.00855774072658 -0.00612796608014 0.02316017488 0.0238028345017 0.0293877731826 0.00873248317456 0.0110519649799 0.011137443019 0.0313507701701 0.0191841680311 -0.0134389881607 0.0166541871429 0.0220011451103 0.0270337733806 0.00983845933786 0.01830036226 0.0148916863243 0.0182567253935 0.0286793213225 0.0131053998073 0.025269043331 0.0130247533438 0.0221041475297 0.0217636524684 0.0191995740247 0.0115324306 0.0182001303376 0.00765323967784 0.0269174357132 0.0260351503932 0.0222693254811 0.016665023308 0.0160878544198 0.0172711751378 0.0170118692133 0.0100186798378 0.0072819672158 0.033716322076 0.166596015485 -0.0021219908049 0.00945078290495 0.00966200881123 -0.000639732741986 -0.0042324664047 
-0.0209202277844 0.000703114084673 -0.0137650899782 0.0156623520911 0.0129149796272 -0.00306459700505 0.00382309728743 0.00149996551614 0.0132302893442 0.00218631528606 0.0108378396968 0.0106093689211 0.0283519951507 0.000743861311437 0.0213124880691 0.00616051213013 -0.00970654816751 -0.00600826924148 0.0178083935715 0.0036420247829 0.00704366805293 -0.00975102543211 0.00894458311242 0.0241791921599 -0.000246485327382 0.0159039133342 -0.0157132518371 -0.024741162741 -0.00305093848571 -0.0164234942784 0.00443546108641 -0.010075768832 0.0120809437937 0.0163029053025 0.0142914525495 0.0196534778568 0.00293149278387 0.0141125808658 0.023787575227 -0.0116998405593 0.0406562422039 -0.0206489336715 0.018552695263 0.0108552540968 -0.0021219908049 0.367656005677 0.0156984336219 0.0190202207861 0.00188307673241 -0.0151624186482 
0.01021555915 0.0134120429248 4.83546748273e-05 0.0133274147959 0.0155720666034 0.0305377645404 0.0181531740758 0.0455216407219 -0.00224542902522 0.01348589238 0.00332586342991 0.00374333230269 0.00736732306584 0.00794765406811 0.0148765045396 0.0118193794321 0.0203496839907 0.0118571039587 0.00491916135777 0.00565132856018 0.0138940170528 0.013226766259 0.027840872314 0.0145711378926 0.0125245662669 0.00999522259875 0.0188930111285 0.0074779280175 0.0125191890332 0.0279169192349 0.0195421369642 0.014651397094 0.0135818000252 -0.004076321188 -0.00564383491353 0.0284697679577 0.00408840390936 0.00473470443133 0.0123264630976 0.0179324250021 0.0194542181583 0.0128699667605 0.0036790408536 0.0147020814299 0.00945078290495 0.0156984336219 0.134954428587 0.00798562400501 0.0121417337716 0.0059488884634 
