40
0.0810581507116 0.0368602928082 0.0110311255814 0.0800542827641 0.162419244675 0.0723241103927 0.022553065058 0.0578888041786 0.0411806556966 0.123331646141 0.0336878097659 0.0511719962834 0.0607700526619 0.0665048210348 0.0466490289559 0.0521298167044 0.13588321519 0.00791209609274 0.0771685990004 -0.00660692339257 0.0823962853659 0.39235550597 0.0288411222523 0.0437038130991 0.0453963667668 0.0392369654355 0.0316717201181 0.165506763093 0.0963264580192 0.0498180241401 0.0100273700484 0.357744060202 0.0270606760034 0.0566389432936 0.0142076594304 0.0283464571838 0.0423549004831 0.124759587163 0.0358059899839 0.0262084488718 
0.214006830799 0.0240475946728 0.017065012097 0.0133305239642 0.0210996077619 0.00340663999893 0.00571271059889 0.0294535321296 0.0117849758899 0.0319294109652 0.0274536308851 0.0107831763462 0.0469189623827 0.0261215596778 0.0192971374583 0.0228614863468 0.0211582443221 0.0123744203226 0.0430728969345 0.024808324142 0.0130040495176 -0.0210098484378 0.0143055011337 0.0269694989053 -0.0116035617791 0.0154735208914 0.0410932798664 0.0260006887226 0.0240106528704 0.0281929553408 0.0377550014072 -0.0280097551997 0.0112157495077 -0.00491369283638 0.00865115749902 0.00750068314128 0.0191463551392 0.00148441795319 0.0155008182908 0.0363850501965 
0.0240475946728 0.331628921574 0.00324787113853 0.0103113537237 0.0119609685337 -0.00293291422912 0.0111047536388 -0.00310993172252 0.0187275665964 0.0110168468329 0.00979638680397 0.0174474963493 0.0153252478404 0.00207963272808 -0.0107506588032 0.00359955198703 -0.00143767795455 0.00806673837713 0.00746364260415 -0.00324422290665 0.0383338138987 -0.00833923450708 -0.016228488367 0.0158356687009 0.0185037268084 0.00325313684437 0.00365573269908 0.0120998930666 0.00648525618416 0.0195629006971 0.00452042215709 0.0365468895436 0.0078132326454 -0.0119071661507 0.00868796127458 0.0100766700811 -0.00283247312926 -0.00056906954078 0.00622900065206 -0.0107803319181 
0.017065012097 0.00324787113853 0.147315323662 -0.00432106816409 0.011333741835 0.0109918069895 0.00982881475153 0.029840842005 0.010539603862 0.00257060642422 0.0205122651501 0.0042945917286 -0.00458309395002 0.012696266773 0.0069471765782 0.0124664761532 0.0126650296034 0.017403784242 0.034758398315 0.00916335618531 -0.00802193674126 -0.0019440284219 0.0193743085053 0.0066671236623 0.0153716785538 0.0200668632574 0.0110374082673 0.0125119691438 -0.00240600135738 0.0242487954901 0.0113116784513 0.0110955502836 0.0326842461255 -0.00188802991197 0.00483397656107 0.0122566078034 0.0187744953498 0.0264075995781 0.0463132639407 0.0200869890229 
0.0133305239642 0.0103113537237 -0.00432106816409 0.344212811495 0.00223999432119 0.00644326404892 0.000150717844239 0.0131204391008 0.0310485650653 0.0449149338471 0.0151218675907 -0.00319229350866 0.0397837026392 0.0182481831299 0.0103596808047 0.0131368646376 0.0171628168498 0.00067438986055 0.0161033229907 0.0104317794789 0.0597201374658 0.01151620936 0.0155361835018 -0.00723450568556 0.0149122355113 0.0180781708283 0.0396289487872 0.0237587726738 0.0134757968682 -0.0157022112043 0.00306088860583 0.0220021920889 0.000985562775461 0.00417093752165 0.011574934988 0.00883692817759 0.0225005185645 0.0158127383151 0.00704115806928 0.00945999198114 
0.0210996077619 0.0119609685337 0.011333741835 0.00223999432119 1.30028181673 0.0115906941365 0.0137177704477 0.0244560650926 0.00255653068858 0.0125633299433 -0.0551107305244 0.00544841403164 0.00326702712392 0.0107244223205 0.0228945172375 0.00750213645068 0.0172077518148 0.0143883224995 0.0266648220772 0.0291841539372 0.00877859424043 0.0213729524902 0.0264190431592 0.0438085907313 0.00734668172568 0.0163722075697 0.01914990093 0.0350871191827 0.047507202896 0.00862320613723 0.0290308293926 0.0254484669215 0.0138740140893 0.00245813546265 0.00339468165741 0.0191797793455 0.00167480991087 0.0407722772089 0.00163606755429 0.0177896330714 
0.00340663999893 -0.00293291422912 0.0109918069895 0.00644326404892 0.0115906941365 0.365743879288 0.0449644167352 0.00181775454415 0.0169735320927 0.0277805744905 0.0205520879132 0.00549848181822 0.0284512192437 0.023806089684 -0.00222082997617 0.0129167834955 0.0237218423792 -0.00105449409389 0.0346865542925 0.00941176041965 0.0180204380579 0.116963443093 -0.00459103372508 0.0218546621383 -0.0106821798005 0.0205469499068 -0.0143227988318 0.0185093666088 0.0226416718476 0.0160038187362 0.000777427910758 0.0233124384903 -0.00247857456508 -0.0119101844009 0.018655308018 -0.00144546243449 0.0164937759196 0.0262450899806 0.0145114570174 0.0399718579495 
0.00571271059889 0.0111047536388 0.00982881475153 0.000150717844238 0.0137177704477 0.0449644167352 0.218069387888 -0.00908996322904 0.0126446513518 0.0317943743948 0.0250017344568 0.0390447685254 0.0197241990543 0.0369858809901 0.0214396604162 0.0326788680929 -0.0167914801875 -0.00400143164574 0.0065713443619 0.0177423280444 0.0158361158231 0.0984535600358 0.0198642693303 0.0117732608794 0.0129103618365 0.0265703103234 -0.0385660285629 -0.000733486623355 0.0322884314949 -0.00131803967573 0.0308141546011 -0.0113705961065 -0.00933120334289 0.00764747866078 0.0151040101438 0.0129023004748 0.0120150249553 0.01191172481 0.0106738009182 0.0297411529602 
0.0294535321296 -0.00310993172252 0.029840842005 0.0131204391008 0.0244560650926 0.00181775454414 -0.00908996322904 0.424662175497 -0.00640480090507 0.0231154306917 0.0261703015395 -0.00237005916473 0.0382603912595 0.00162788448475 -0.0210517427841 0.00744393522885 -0.0179922678674 0.0362267227394 0.0214291210458 0.0164887449588 -0.00993817070881 0.00875999867798 0.0071852156899 0.0111928449616 -0.0170518527843 0.0112511074101 0.0122653410161 0.0169718428412 0.0154623260892 0.137743540208 0.0136846123185 0.0222618107005 0.0854088639853 -0.00307316591196 0.00532040603635 -0.000734973536393 0.00300741257617 0.0188778626598 0.0701257930764 0.0312239063599 
0.0117849758899 0.0187275665964 0.010539603862 0.0310485650653 0.00255653068858 0.0169735320927 0.0126446513518 -0.00640480090506 0.188533788603 0.0634143502859 0.0454258645624 -0.0134850462922 -0.00688884993983 0.0243335759089 0.0250862736225 0.0104939999728 0.0236754852407 0.0120179838104 0.0206650999607 0.0174460260844 0.019118138301 0.0103441774353 0.0137509867985 0.00578523211658 0.021017966996 0.0270519987307 0.0109943350471 0.00151058279894 0.0286045416758 0.0151548182475 0.00723815222065 -0.0111443406152 0.00677828360621 0.0181386244904 0.0126129624579 0.0223039255074 0.000871238856595 0.0429442735322 0.00274412450856 0.028972785459 
0.0319294109652 0.0110168468329 0.00257060642422 0.0449149338471 0.0125633299433 0.0277805744905 0.0317943743948 0.0231154306917 0.0634143502859 0.450556432498 0.0866798502356 -0.00328622577909 0.0222755700909 0.0303700402808 0.0461033954476 0.0190583679188 -0.00775172309247 -0.00278949177925 0.0479916715298 0.0231301254685 0.00201745785115 0.0182596583474 0.0101203448632 0.0289366643621 0.0184633174059 0.0310156000473 0.00976460954189 0.0246005211568 0.0688881295758 0.00901060152464 -0.00160869563934 0.0317685271756 0.0218994157374 0.0148262436516 -0.00132119709991 0.0118134365639 -0.0231702366757 0.0394971920096 0.0363617156289 0.0306179198276 
0.0274536308851 0.00979638680396 0.0205122651501 0.0151218675907 -0.0551107305244 0.0205520879132 0.0250017344568 0.0261703015395 0.0454258645624 0.0866798502356 0.324630419643 0.0182367056145 0.0228591645572 0.0407143874336 0.0218418183337 0.0281013764653 0.0104712391101 0.0175525024432 0.031420636124 0.0218920715801 0.00647373883195 0.0646734681331 0.0312522406606 0.0433857442535 0.0160059527212 0.0451290159023 0.0285549892957 0.0329723781081 0.0248547989686 0.00800353307527 0.0429926765444 0.0154307141022 0.0136530372152 0.00790786141564 0.00636518152889 0.0266023603394 0.010884854625 0.0152628593819 0.00711061710989 0.051377077187 
0.0107831763462 0.0174474963493 0.0042945917286 -0.00319229350866 0.00544841403164 0.00549848181823 0.0390447685253 -0.00237005916473 -0.0134850462922 -0.00328622577909 0.0182367056145 0.320764650625 -0.00193576650166 0.0228844267437 0.0347685424032 0.021538547122 -0.00364072815073 0.00992324891297 0.00993899735295 0.00624152756091 -0.00383697467188 0.0139168513286 0.0242800408381 0.00609025877776 -0.00507191287333 0.0214223409947 -0.00416536737957 -0.0130829169491 0.0178092323428 0.000413896319186 -0.0106886247304 -0.00411509915048 0.00325246516661 -0.00118637312289 0.00973064442895 -0.00157604100508 0.0140528761825 -0.0132860911259 -0.00615172298448 2.84058192871e-06 
0.0469189623827 0.0153252478404 -0.00458309395002 0.0397837026392 0.00326702712392 0.0284512192437 0.0197241990543 0.0382603912595 -0.00688884993983 0.0222755700909 0.0228591645572 -0.00193576650166 0.266775943892 0.0209440771803 0.0039584053939 0.0249819996886 0.0384481055365 0.00276708684132 0.0262061371921 0.0160544605963 0.0864299704163 0.00294577330654 -0.00272840438598 0.0133847144887 0.0144648090998 0.00659034613909 0.0229291020134 0.0441227984625 0.0157076763757 0.0154367772608 0.0111088073161 -0.013262466571 0.00530699772103 -5.19397863211e-05 0.00510636928961 0.0137050909676 0.00790904439521 0.0299886571023 0.0101567060445 0.020618372763 
0.0261215596778 0.00207963272807 0.012696266773 0.0182481831299 0.0107244223205 0.023806089684 0.0369858809901 0.00162788448475 0.0243335759089 0.0303700402809 0.0407143874336 0.0228844267437 0.0209440771803 0.235528339771 0.0260655559928 0.0370072246408 0.00301907506371 0.00509636174185 0.0278717394398 0.0251864843124 0.0059644008862 0.0328513508723 0.0550454453716 0.0121977465223 0.00502576038482 0.0574119532616 0.00842202086301 0.00133092724287 0.0339025303452 -0.0297962956472 0.0105813031225 -0.0257237978454 0.0175150110723 0.0237458359997 0.016989516949 0.00689552171144 -0.0062946946944 0.0360823615746 0.00684855443416 0.0168159664257 
0.0192971374583 -0.0107506588032 0.0069471765782 0.0103596808047 0.0228945172375 -0.00222082997617 0.0214396604162 -0.021051742784 0.0250862736225 0.0461033954476 0.0218418183337 0.0347685424032 0.00395840539389 0.0260655559928 0.226213089812 0.0224088317098 0.000401771607934 0.0107604875336 0.024716892729 0.0525499734781 -0.00295857892986 -0.00766233216493 0.0152482803559 0.00667938719544 0.0148518368842 0.026486607168 0.0332009384091 -0.00200625106135 0.0209898404401 -0.00556988693023 0.0155161824557 -0.0281452512234 -0.0129333220881 -0.00686657853644 0.000593906993918 0.0242236930162 -0.0111147086518 0.0141150816398 0.0301915665992 0.00647874614358 
0.0228614863468 0.00359955198703 0.0124664761532 0.0131368646376 0.00750213645068 0.0129167834955 0.0326788680929 0.00744393522885 0.0104939999728 0.0190583679188 0.0281013764653 0.021538547122 0.0249819996886 0.0370072246408 0.0224088317098 0.148793592053 0.00552826261789 0.00549867807709 0.036181735367 0.023193578898 0.0152310992445 0.0109120427381 0.0372053352513 0.0153145465058 0.0117821218368 0.0324475042605 0.0227855533898 0.0238773393638 0.033296409662 -0.00509096390472 0.00773974588676 -0.00774622422266 -0.00897336408872 0.00101002556526 0.0166308615866 0.0261553890732 0.00738932281801 -0.00996470590468 0.0127302896873 0.033785245329 
0.0211582443221 -0.00143767795455 0.0126650296034 0.0171628168498 0.0172077518148 0.0237218423792 -0.0167914801875 -0.0179922678674 0.0236754852407 -0.00775172309247 0.0104712391101 -0.00364072815073 0.0384481055365 0.00301907506371 0.000401771607933 0.00552826261789 1.20500161997 0.00391723488579 0.0259048307375 0.0158087674115 0.011887708182 -0.00709319634841 0.000988237319631 0.0383463720463 0.002547631989 0.0189608521815 -0.0246365809853 0.0110921596216 0.0185742331471 -0.0358301511759 0.0175112962176 0.0208581737906 -0.0153499235298 0.0212706439199 0.0172426562243 -0.0134013726703 0.00354128953222 0.0990601081446 0.0164939636834 0.0143766218001 
0.0123744203226 0.00806673837713 0.017403784242 0.000674389860549 0.0143883224995 -0.00105449409389 -0.00400143164574 0.0362267227394 0.0120179838104 -0.00278949177925 0.0175525024432 0.00992324891297 0.00276708684132 0.00509636174186 0.0107604875336 0.00549867807709 0.00391723488579 0.178635875492 0.0128305677065 0.0192741393265 -0.00161792180808 -0.00039940924615 0.0255900320629 0.00202171268778 0.0250816860291 0.0219209452274 0.00656050784677 0.0122944809365 0.0177222204179 0.00695095043943 0.00865309973551 -0.0038278746308 0.0212287685911 0.00995263856861 0.00801675740901 0.00123787389042 0.0138533308132 -0.00655903827992 0.0201517113796 0.0198509556463 
0.0430728969345 0.00746364260415 0.034758398315 0.0161033229907 0.0266648220772 0.0346865542925 0.0065713443619 0.0214291210458 0.0206650999607 0.0479916715298 0.031420636124 0.00993899735295 0.0262061371921 0.0278717394398 0.024716892729 0.036181735367 0.0259048307375 0.0128305677065 0.204810048139 0.0199464077618 0.0191016143903 0.00423415782707 0.0319596495722 0.0382959433274 -0.0142329119406 0.0314685164794 0.0428013956618 0.020910827428 0.0245711377559 0.0322042583469 0.0116996488801 0.0376147890468 0.0345459532919 0.00814697807111 0.00412246186249 0.0318866060186 0.00885784830617 0.0124556864972 0.0401251984754 0.0524308824121 
0.024808324142 -0.00324422290665 0.0091633561853 0.0104317794789 0.0291841539372 0.00941176041965 0.0177423280444 0.0164887449588 0.0174460260844 0.0231301254685 0.0218920715801 0.00624152756091 0.0160544605963 0.0251864843124 0.0525499734781 0.023193578898 0.0158087674115 0.0192741393265 0.0199464077618 0.16793008197 0.00503915815567 0.0111363824095 0.0157250629941 0.014064527254 0.0156446394751 0.0308148593925 0.00668728267298 0.0258475989752 0.0327504109739 -0.00275001677272 0.00658115293069 0.00404715879184 0.00497648662685 0.0173997412286 0.00819203565086 0.0340311746177 0.0230931371362 0.0202519868561 0.00160384521393 0.044511900298 
0.0130040495176 0.0383338138987 -0.00802193674126 0.0597201374658 0.00877859424043 0.0180204380579 0.0158361158231 -0.00993817070881 0.019118138301 0.00201745785115 0.00647373883195 -0.00383697467187 0.0864299704163 0.00596440088619 -0.00295857892986 0.0152310992445 0.011887708182 -0.00161792180808 0.0191016143903 0.00503915815567 0.314307120693 0.099979367375 0.00527174156857 0.00899875230833 0.0173676207158 0.017234773968 0.0258741124944 0.0043437864338 -0.000966977932016 0.0129902159633 0.00750319189231 0.0252712222079 0.0169704691339 0.0153003605571 0.00834594637368 0.0249775048824 0.0123712279002 -0.0165430393207 0.00777575003412 -0.01592749273 
-0.0210098484378 -0.00833923450708 -0.0019440284219 0.01151620936 0.0213729524902 0.116963443093 0.0984535600358 0.00875999867798 0.0103441774353 0.0182596583474 0.0646734681331 0.0139168513286 0.00294577330654 0.0328513508723 -0.00766233216493 0.0109120427381 -0.00709319634841 -0.00039940924615 0.00423415782707 0.0111363824095 0.099979367375 3.20045553278 0.0292733252411 0.0485005981208 -0.00739719549837 0.0568978894611 -0.00151433185158 0.00388766148018 0.00726172061774 0.00681734289959 0.10235373001 -0.0100540246031 -0.00557181062289 0.00843603281578 -0.00973735948951 0.0178777559783 0.000860338790314 0.0278037903075 0.0036041175815 0.000882831353581 
0.0143055011337 -0.016228488367 0.0193743085053 0.0155361835018 0.0264190431592 -0.00459103372508 0.0198642693303 0.0071852156899 0.0137509867985 0.0101203448632 0.0312522406606 0.0242800408381 -0.00272840438598 0.0550454453716 0.0152482803559 0.0372053352513 0.000988237319631 0.0255900320629 0.0319596495722 0.0157250629941 0.00527174156857 0.0292733252411 0.168516175216 0.0169453002485 0.0125315440253 0.0611735365403 0.00700129795929 0.0115982189555 0.036759250969 -0.0217116609825 0.0160756536225 0.0109233265769 0.0166114321768 0.00244944962738 0.00466846168041 0.0109692635838 0.0129663253758 0.00212977944972 0.0189336447352 0.0169302019282 
0.0269694989053 0.0158356687009 0.0066671236623 -0.00723450568556 0.0438085907313 0.0218546621383 0.0117732608794 0.0111928449616 0.00578523211658 0.0289366643621 0.0433857442535 0.00609025877776 0.0133847144887 0.0121977465223 0.00667938719544 0.0153145465058 0.0383463720463 0.00202171268778 0.0382959433274 0.014064527254 0.00899875230833 0.0485005981208 0.0169453002485 0.197026943975 0.032772800583 0.0230306458553 0.010800096009 0.0244094038783 0.000402215651402 0.00302969204076 0.0214084107491 0.0148579726858 0.0209984269606 0.000567694440581 0.00182199762491 0.0211802236094 -0.00733675021267 0.0180734291955 0.0175150329707 0.0415700639077 
-0.0116035617791 0.0185037268084 0.0153716785538 0.0149122355113 0.00734668172568 -0.0106821798005 0.0129103618365 -0.0170518527843 0.021017966996 0.0184633174059 0.0160059527212 -0.00507191287333 0.0144648090998 0.00502576038482 0.0148518368842 0.0117821218368 0.002547631989 0.0250816860291 -0.0142329119406 0.0156446394751 0.0173676207158 -0.00739719549837 0.0125315440253 0.032772800583 0.369497038592 0.0196796818663 0.00743383014516 -0.00334418127048 0.0179063952848 0.0199767144412 -0.0220440758895 -0.00625621625071 -0.0167231629757 0.00138700622631 -0.00617791678983 0.000336022418359 -0.0144930126166 0.0287509839956 0.00709345845707 0.0224146588663 
0.0154735208914 0.00325313684437 0.0200668632574 0.0180781708283 0.0163722075697 0.0205469499068 0.0265703103234 0.0112511074101 0.0270519987307 0.0310156000473 0.0451290159023 0.0214223409947 0.00659034613909 0.0574119532616 0.026486607168 0.0324475042605 0.0189608521815 0.0219209452274 0.0314685164794 0.0308148593925 0.017234773968 0.0568978894611 0.0611735365403 0.0230306458553 0.0196796818663 0.151818120799 0.0252882891323 0.0105412448381 0.0493953098672 0.00147517627471 0.0177075907367 0.0171003099736 0.00432433440672 -0.000771746024593 0.0219828376214 0.0239161420971 0.0111748610814 0.00971357257827 0.0223442468794 0.0327222981425 
0.0410932798664 0.00365573269909 0.0110374082673 0.0396289487872 0.01914990093 -0.0143227988318 -0.0385660285629 0.0122653410161 0.0109943350471 0.00976460954189 0.0285549892957 -0.00416536737957 0.0229291020134 0.00842202086301 0.0332009384091 0.0227855533898 -0.0246365809853 0.00656050784677 0.0428013956618 0.00668728267298 0.0258741124944 -0.00151433185158 0.00700129795929 0.010800096009 0.00743383014516 0.0252882891323 0.27773873137 0.0191748775683 0.0167212597372 0.0301384317901 0.00681640713311 -0.00318294871142 0.0205103107405 -0.0126215875575 0.00812481481735 0.020497432774 0.00818007554607 -0.00418952233665 0.0200566910273 0.0160970530292 
0.0260006887226 0.0120998930666 0.0125119691438 0.0237587726738 0.0350871191827 0.0185093666088 -0.000733486623357 0.0169718428412 0.00151058279894 0.0246005211568 0.0329723781081 -0.0130829169491 0.0441227984625 0.00133092724287 -0.00200625106135 0.0238773393638 0.0110921596216 0.0122944809365 0.020910827428 0.0258475989752 0.0043437864338 0.00388766148018 0.0115982189555 0.0244094038783 -0.00334418127048 0.0105412448381 0.0191748775683 0.33212241257 0.0263386359517 0.00871231240431 0.0106014962247 0.196491898848 0.00925617911911 0.0112843029232 0.0186400404968 0.029077424812 0.0435557024492 0.0406961921385 0.0125879433882 0.0580857294761 
0.0240106528704 0.00648525618416 -0.00240600135738 0.0134757968682 0.047507202896 0.0226416718476 0.0322884314949 0.0154623260892 0.0286045416758 0.0688881295758 0.0248547989686 0.0178092323428 0.0157076763757 0.0339025303452 0.0209898404401 0.033296409662 0.0185742331471 0.0177222204179 0.0245711377559 0.0327504109739 -0.000966977932017 0.00726172061774 0.036759250969 0.000402215651402 0.0179063952848 0.0493953098672 0.0167212597372 0.0263386359517 0.456780481751 0.000895318459346 -0.000348372977951 0.0373526576499 0.0284693387523 -0.0149528832943 0.0186129549275 0.0330622202543 -0.00431038946268 0.0191834557155 0.0160272299301 0.0403987453027 
0.0281929553408 0.0195629006971 0.0242487954901 -0.0157022112043 0.00862320613723 0.0160038187362 -0.00131803967573 0.137743540208 0.0151548182475 0.00901060152464 0.00800353307527 0.000413896319187 0.0154367772608 -0.0297962956472 -0.00556988693023 -0.00509096390472 -0.0358301511759 0.00695095043943 0.0322042583469 -0.00275001677272 0.0129902159633 0.00681734289959 -0.0217116609825 0.00302969204076 0.0199767144412 0.00147517627471 0.0301384317901 0.00871231240431 0.000895318459341 0.37769092594 -0.0127381482047 0.0393107372375 0.0772979122977 0.00825050016414 -0.0113882943089 0.00356090702951 -0.0151019510381 0.0135856599897 0.0366108033255 0.00370905632212 
0.0377550014072 0.00452042215709 0.0113116784513 0.00306088860582 0.0290308293926 0.000777427910757 0.0308141546011 0.0136846123185 0.00723815222065 -0.00160869563934 0.0429926765444 -0.0106886247304 0.0111088073162 0.0105813031225 0.0155161824557 0.00773974588676 0.0175112962176 0.00865309973551 0.0116996488801 0.00658115293069 0.00750319189231 0.10235373001 0.0160756536225 0.0214084107491 -0.0220440758895 0.0177075907367 0.00681640713311 0.0106014962247 -0.000348372977951 -0.0127381482047 0.157919241089 -0.00345210440282 0.013716461713 0.0156718131636 0.00630377960325 0.0174910417778 0.00275791284498 0.011356318303 0.0182385439612 0.019279014205 
-0.0280097551997 0.0365468895436 0.0110955502836 0.0220021920889 0.0254484669215 0.0233124384903 -0.0113705961065 0.0222618107005 -0.0111443406152 0.0317685271756 0.0154307141022 -0.00411509915048 -0.013262466571 -0.0257237978454 -0.0281452512234 -0.00774622422266 0.0208581737906 -0.0038278746308 0.0376147890468 0.00404715879184 0.0252712222079 -0.0100540246031 0.0109233265769 0.0148579726858 -0.00625621625071 0.0171003099736 -0.00318294871142 0.196491898848 0.0373526576499 0.0393107372375 -0.00345210440282 2.88456538922 -0.0169972980476 0.0347995178355 0.0257151793628 0.00940040666217 0.0117572026215 -0.000571291793516 0.0179980681111 -0.00880899570453 
0.0112157495077 0.0078132326454 0.0326842461255 0.000985562775461 0.0138740140893 -0.00247857456508 -0.00933120334289 0.0854088639853 0.00677828360621 0.0218994157374 0.0136530372152 0.00325246516661 0.00530699772103 0.0175150110723 -0.0129333220881 -0.00897336408872 -0.0153499235298 0.0212287685911 0.0345459532919 0.00497648662685 0.0169704691339 -0.00557181062289 0.0166114321768 0.0209984269606 -0.0167231629757 0.00432433440672 0.0205103107405 0.00925617911911 0.0284693387523 0.0772979122977 0.013716461713 -0.0169972980476 0.204773372041 0.00794228469019 -0.0033792678921 0.0131944208608 0.00798459935129 0.058479172161 0.0403190778191 0.0293245250331 
-0.00491369283638 -0.0119071661507 -0.00188802991197 0.00417093752165 0.00245813546265 -0.0119101844009 0.00764747866078 -0.00307316591196 0.0181386244904 0.0148262436516 0.00790786141564 -0.00118637312289 -5.19397863191e-05 0.0237458359997 -0.00686657853643 0.00101002556526 0.0212706439199 0.00995263856861 0.00814697807111 0.0173997412286 0.0153003605571 0.00843603281578 0.00244944962738 0.00056769444058 0.00138700622631 -0.000771746024594 -0.0126215875575 0.0112843029232 -0.0149528832943 0.00825050016414 0.0156718131636 0.0347995178355 0.00794228469019 0.207162629532 0.0029310318685 0.0091479279103 -0.0140007420667 0.00606798281268 0.0131078876021 0.00131502524617 
0.00865115749902 0.00868796127458 0.00483397656107 0.011574934988 0.00339468165741 0.018655308018 0.0151040101438 0.00532040603635 0.0126129624579 -0.00132119709991 0.00636518152889 0.00973064442895 0.00510636928961 0.016989516949 0.000593906993918 0.0166308615866 0.0172426562243 0.00801675740901 0.00412246186249 0.00819203565086 0.00834594637368 -0.00973735948951 0.00466846168041 0.00182199762491 -0.00617791678983 0.0219828376214 0.00812481481735 0.0186400404968 0.0186129549275 -0.0113882943089 0.00630377960325 0.0257151793628 -0.0033792678921 0.0029310318685 0.127680660672 0.0122176416863 0.0121406085193 -0.00990072819926 0.00952044260324 0.00827672248124 
0.00750068314128 0.0100766700811 0.0122566078034 0.00883692817759 0.0191797793455 -0.00144546243449 0.0129023004748 -0.000734973536394 0.0223039255074 0.0118134365639 0.0266023603394 -0.00157604100508 0.0137050909676 0.00689552171144 0.0242236930162 0.0261553890732 -0.0134013726703 0.00123787389042 0.0318866060186 0.0340311746177 0.0249775048824 0.0178777559783 0.0109692635838 0.0211802236094 0.000336022418359 0.0239161420971 0.020497432774 0.029077424812 0.0330622202543 0.00356090702951 0.0174910417778 0.00940040666217 0.0131944208608 0.0091479279103 0.0122176416863 0.184690223157 0.015993374184 0.00616889565844 0.0176425935818 0.0136458800312 
0.0191463551392 -0.00283247312926 0.0187744953498 0.0225005185645 0.00167480991087 0.0164937759196 0.0120150249553 0.00300741257617 0.000871238856596 -0.0231702366757 0.010884854625 0.0140528761825 0.0079090443952 -0.0062946946944 -0.0111147086518 0.00738932281801 0.00354128953222 0.0138533308132 0.00885784830617 0.0230931371362 0.0123712279002 0.000860338790314 0.0129663253758 -0.00733675021267 -0.0144930126166 0.0111748610815 0.00818007554607 0.0435557024492 -0.00431038946268 -0.0151019510381 0.00275791284498 0.0117572026215 0.00798459935129 -0.0140007420667 0.0121406085193 0.015993374184 0.221289638681 0.0269766785526 0.0154413074188 0.0181348346434 
0.00148441795319 -0.00056906954078 0.0264075995781 0.0158127383151 0.0407722772089 0.0262450899806 0.01191172481 0.0188778626598 0.0429442735322 0.0394971920096 0.0152628593819 -0.0132860911259 0.0299886571023 0.0360823615746 0.0141150816398 -0.00996470590468 0.0990601081446 -0.00655903827992 0.0124556864972 0.0202519868561 -0.0165430393207 0.0278037903075 0.00212977944972 0.0180734291955 0.0287509839956 0.00971357257827 -0.00418952233665 0.0406961921385 0.0191834557155 0.0135856599897 0.011356318303 -0.000571291793516 0.058479172161 0.00606798281268 -0.00990072819926 0.00616889565844 0.0269766785526 0.317890122816 0.00348520927563 0.0269189110923 
0.0155008182908 0.00622900065206 0.0463132639407 0.00704115806928 0.00163606755429 0.0145114570174 0.0106738009182 0.0701257930764 0.00274412450856 0.0363617156289 0.00711061710989 -0.00615172298448 0.0101567060445 0.00684855443416 0.0301915665992 0.0127302896873 0.0164939636834 0.0201517113796 0.0401251984754 0.00160384521393 0.00777575003412 0.0036041175815 0.0189336447352 0.0175150329707 0.00709345845707 0.0223442468794 0.0200566910273 0.0125879433882 0.0160272299301 0.0366108033255 0.0182385439612 0.0179980681111 0.0403190778191 0.0131078876021 0.00952044260324 0.0176425935818 0.0154413074188 0.00348520927563 0.214275407008 0.00208064665787 
0.0363850501965 -0.0107803319181 0.0200869890229 0.00945999198114 0.0177896330714 0.0399718579495 0.0297411529602 0.0312239063599 0.028972785459 0.0306179198276 0.051377077187 2.8405819263e-06 0.020618372763 0.0168159664257 0.00647874614358 0.033785245329 0.0143766218001 0.0198509556463 0.0524308824121 0.044511900298 -0.01592749273 0.000882831353581 0.0169302019282 0.0415700639077 0.0224146588663 0.0327222981425 0.0160970530292 0.0580857294761 0.0403987453027 0.00370905632212 0.019279014205 -0.00880899570453 0.0293245250331 0.00131502524617 0.00827672248124 0.0136458800312 0.0181348346434 0.0269189110923 0.00208064665787 0.313638155722 
0.0185335352055 0.00208258278865 0.00147787339919 0.00115445723988 0.00182727963317 0.000295023678062 0.000494735250311 0.00255075070554 0.00102060885037 0.00276516810238 0.00237755417726 0.000933850464929 0.00406330133426 0.00226219342675 0.00167118112592 0.00197986279446 0.00183235770824 0.00107165623564 0.00373022229599 0.00214846389323 0.00112618372343 -0.00181950624768 0.00123889273957 0.00233562711793 -0.00100489792751 0.00134004621779 0.00355878242891 0.00225172569496 0.00207938353472 0.00244158155329 0.00326967903385 -0.00242571595567 0.000971312399619 -0.00042553828227 0.000749212216629 0.000649578214608 0.00165812299404 0.00012855436573 0.00134241024192 0.00315103777882 
0.00208258278865 0.0287199070713 0.000281273891418 0.00089298942721 0.00103585026041 -0.000253997822954 0.0009616998754 -0.000269327987573 0.00162185484235 0.000954086922687 0.000848391983753 0.00151099750709 0.00132720539491 0.000180101477306 -0.000931034363099 0.000311730346301 -0.00012450656311 0.000698600036028 0.000646370409996 -0.00028095794527 0.00331980566602 -0.000722198893125 -0.00140542831908 0.00137140913809 0.00160246974808 0.000281729914921 0.000316595738685 0.00104788147788 0.000561639660553 0.00169419689754 0.000391480042387 0.00316505347741 0.000676645795659 -0.00103119083736 0.000752399517088 0.00087266522758 -0.000245299368548 -4.92828678835e-05 0.000539447280487 -0.00093360413023 
0.00147787339919 0.000281273891418 0.0127578812658 -0.000374215480159 0.000981530834908 0.000951918408642 0.000851200326391 0.00258429272466 0.000912756469032 0.00022262104665 0.00177641427091 0.000371922553585 -0.000396907578865 0.00109952895586 0.00060164314013 0.00107962850443 0.00109682373763 0.00150721192756 0.00301016559356 0.00079356992404 -0.000694720100549 -0.000168357799905 0.00167786433463 0.000577389846172 0.00133122641264 0.00173784133552 0.00095586759514 0.00108356831299 -0.000208365829703 0.00210000729056 0.000979620089829 0.000960902841458 0.00283053874482 -0.000163508186687 0.000418634650318 0.0010614533722 0.00162591899162 0.00228696520876 0.00401084631048 0.00173958427794 
0.00115445723988 0.000892989427211 -0.000374215480158 0.0298097039062 0.000193989198649 0.000558003034966 1.30525481915e-05 0.00113626335701 0.00268888460976 0.00388974737209 0.00130959214862 -0.000276460727484 0.00344536971422 0.00158033901634 0.0008971746752 0.00113768585023 0.00148634353925 5.84038751291e-05 0.00139458867953 0.000903418603539 0.00517191561629 0.000997332986102 0.00134547295904 -0.000626526570752 0.001291437478 0.00156561551913 0.0034319676375 0.00205757006982 0.00116703824241 -0.00135985137985 0.00026508072908 0.0019054457288 8.53522400573e-05 0.000361213785135 0.00100241877467 0.000765300429321 0.00194860206752 0.00136942330843 0.000609782176006 0.000819259337527 
0.00182727963317 0.00103585026041 0.000981530834908 0.000193989198649 0.112607708537 0.00100378355697 0.0011879937691 0.00211795736468 0.000221402052187 0.00108801628871 -0.00477272926552 0.000471846496174 0.000282932848417 0.000928762217049 0.0019827233535 0.000649704074895 0.00149023502136 0.00124606528024 0.00230924133063 0.00252742186976 0.000760248562173 0.00185095198104 0.00228795625195 0.00379393524773 0.000636241300796 0.00141787476714 0.00165843006853 0.00303863365578 0.00411424445707 0.000746791557691 0.0025141435747 0.00220390188414 0.00120152486538 0.00021288077566 0.000293988055308 0.00166101761521 0.000145042792933 0.0035309827833 0.000141687606433 0.00154062741638 
0.000295023678062 -0.000253997822954 0.000951918408642 0.000558003034966 0.00100378355697 0.0316743490742 0.00389403271591 0.000157422161307 0.00146995099843 0.00240586832405 0.00177986302337 0.000476182493683 0.00246394786337 0.00206166784311 -0.000192329517685 0.00111862626423 0.00205437181249 -9.13218673448e-05 0.00300394371871 0.000815082361775 0.00156061571455 0.0101293313032 -0.000397595183555 0.00189266926029 -0.000925103907503 0.00177941805896 -0.00124039076416 0.00160295816912 0.00196082630042 0.00138597135831 6.73272320328e-05 0.00201891639567 -0.000214650853853 -0.00103145222549 0.0016155970659 -0.000125180718849 0.00142840289507 0.00227289146478 0.0012567290423 0.00346166444207 
0.000494735250311 0.0009616998754 0.000851200326391 1.30525481914e-05 0.0011879937691 0.00389403271591 0.0188853629699 -0.000787213907582 0.00109505892927 0.00275347359233 0.00216521371782 0.00338137614278 0.00170816574503 0.00320307125188 0.00185672905689 0.00283007299354 -0.00145418484095 -0.000346534145672 0.000569095115442 0.00153653068088 0.00137144786001 0.0085263284084 0.00172029618676 0.0010195943007 0.00111807013224 0.00230105637265 -0.00333991604586 -6.35218049162e-05 0.00279626019229 -0.000114145584238 0.00266858406807 -0.00098472250844 -0.000808105914282 0.000662291079514 0.00130804564836 0.00111737199784 0.00104053168384 0.00103158562884 0.000924378275007 0.00257565940014 
0.00255075070555 -0.000269327987573 0.00258429272466 0.00113626335701 0.00211795736468 0.000157422161307 -0.000787213907582 0.0367768232007 -0.000554672028997 0.00200185501984 0.00226641459579 -0.000205253144513 0.00331344707895 0.000140978931822 -0.00182313440449 0.000644663701231 -0.00155817610449 0.00313732621882 0.00185581632064 0.00142796720109 -0.000860670830097 0.000758638139225 0.000622257931912 0.000969328807732 -0.00147673376928 0.000974374483786 0.0010622096906 0.00146980470495 0.00133907671948 0.0119289405027 0.00118512219087 0.00192792936009 0.00739662459196 -0.00026614397498 0.000460760678593 -6.36505753626e-05 0.000260449569063 0.00163487086326 0.00607307182647 0.0027040696113 
0.00102060885037 0.00162185484235 0.000912756469032 0.00268888460976 0.000221402052187 0.00146995099843 0.00109505892927 -0.000554672028997 0.0163275050402 0.00549184383121 0.00393399526999 -0.00116783926602 -0.000596591905075 0.00210734949021 0.00217253502434 0.000908807056378 0.00205035716653 0.00104078792821 0.00178965015377 0.00151087017841 0.00165567934418 0.000895832044026 0.00119087038946 0.000501015797975 0.00182020933545 0.0023427718124 0.000952137344848 0.00013082030784 0.00247722597548 0.00131244575921 0.000626842369954 -0.000965128208119 0.000587016579704 0.00157085095984 0.00109231459055 0.00193157660935 7.54514982575e-05 0.0037190831826 0.000237648153556 0.00250911682259 
0.00276516810238 0.000954086922687 0.00022262104665 0.00388974737209 0.00108801628871 0.00240586832405 0.00275347359233 0.00200185501984 0.00549184383121 0.0390193316382 0.00750669523003 -0.000284595500726 0.00192912095825 0.00263012263972 0.00399267116584 0.00165050307723 -0.000671318912118 -0.000241577074448 0.00415620067149 0.00200312762485 0.000174716975016 0.00158133279933 0.000876447574659 0.00250598864384 0.00159897019117 0.00268602975546 0.000845639992131 0.00213046762681 0.00596588702318 0.000780340982372 -0.000139317129062 0.00275123515749 0.00189654503567 0.0012839903645 -0.000114419025193 0.00102307361704 -0.00200660135729 0.00342055716585 0.00314901694598 0.00265158963817 
0.00237755417726 0.000848391983753 0.00177641427091 0.00130959214862 -0.00477272926552 0.00177986302337 0.00216521371782 0.00226641459579 0.00393399526999 0.00750669523003 0.0281138190252 0.00157934503435 0.00197966172158 0.0035259693817 0.00189155695418 0.00243365059002 0.000906835907844 0.00152009130158 0.00272110690864 0.00189590901299 0.000560642228594 0.00560088663541 0.00270652343373 0.00375731566856 0.00138615616683 0.00390828742192 0.00247293461349 0.00285549170648 0.00215248873128 0.000693126296322 0.00372327500641 0.0013363390411 0.00118238770671 0.000684840887555 0.000551240890372 0.00230383198545 0.000942656062171 0.00132180239591 0.000615797505375 0.00444938540162 
0.000933850464928 0.00151099750709 0.000371922553585 -0.000276460727483 0.000471846496174 0.000476182493683 0.00338137614278 -0.000205253144513 -0.00116783926602 -0.000284595500726 0.00157934503435 0.0277790336078 -0.000167642296623 0.00198184949111 0.00301104409737 0.00186529289683 -0.000315296306681 0.000859378564671 0.00086074241958 0.000540532142617 -0.000332291753952 0.00120523467913 0.00210271321707 0.000527431881716 -0.000439240539409 0.00185522915099 -0.00036073139668 -0.00113301384335 0.00154232476307 3.58444726948e-05 -0.000925662054806 -0.000356378040341 0.000281671745921 -0.000102742926279 0.000842698527067 -0.000136489154781 0.00121701477703 -0.0011506092432 -0.000532754838161 2.4600161118e-07 
0.00406330133426 0.00132720539491 -0.000396907578865 0.00344536971422 0.000282932848417 0.00246394786337 0.00170816574503 0.00331344707895 -0.000596591905075 0.00192912095825 0.00197966172158 -0.000167642296623 0.0231034744529 0.0018138102897 0.000342807962959 0.00216350463676 0.0033297036122 0.000239636749906 0.00226951805434 0.00139035707205 0.00748505500288 0.000255111451725 -0.000236286751005 0.00115915027696 0.00125268921413 0.000570740717618 0.00198571848295 0.00382114643546 0.00136032467757 0.00133686412604 0.000962050934153 -0.00114856329673 0.000459599484424 -4.49811744212e-06 0.000442224552591 0.00118689569391 0.000684943336591 0.0025970938876 0.00087959654533 0.00178560345974 
0.00226219342675 0.000180101477305 0.00109952895586 0.00158033901634 0.000928762217049 0.00206166784311 0.00320307125188 0.000140978931822 0.00210734949021 0.00263012263972 0.0035259693817 0.00198184949111 0.0018138102897 0.0203973525553 0.00225734336535 0.00320491966625 0.00026145957011 0.000441357873532 0.00241376344025 0.00218121352466 0.00051653226858 0.0028450104404 0.00476707540544 0.00105635583572 0.000435243616659 0.00497202100055 0.000729368401857 0.000115261680291 0.00293604525315 -0.00258043489692 0.000916367730925 -0.0022277462416 0.00151684445361 0.00205644972099 0.00147133532759 0.000597169697445 -0.000545136551441 0.00312482417521 0.000593102211918 0.00145630541139 
0.00167118112592 -0.000931034363099 0.00060164314013 0.0008971746752 0.0019827233535 -0.000192329517685 0.00185672905689 -0.00182313440449 0.00217253502434 0.00399267116584 0.00189155695418 0.00301104409737 0.000342807962959 0.00225734336535 0.0195906282446 0.00194066175298 3.4794441899e-05 0.00093188555612 0.00214054570059 0.00455096120002 -0.000256220451236 -0.000663577430706 0.00132053981522 0.000578451899296 0.00128620680346 0.00229380746676 0.00287528560917 -0.00017374643855 0.00181777350425 -0.000482366357779 0.00134374081764 -0.00243745025554 -0.00112005854836 -0.000594663144963 5.14338544218e-05 0.00209783335255 -0.000962562004815 0.00122240192765 0.00261466636549 0.000561075874501 
0.00197986279446 0.000311730346301 0.00107962850443 0.00113768585023 0.000649704074895 0.00111862626423 0.00283007299354 0.000644663701231 0.000908807056378 0.00165050307723 0.00243365059002 0.00186529289683 0.00216350463676 0.00320491966625 0.00194066175298 0.0128859030638 0.000478761586588 0.000476199490199 0.00313343019809 0.00200862285303 0.00131905188733 0.000945010621835 0.0032220765484 0.00132627863215 0.00102036168211 0.0028100362979 0.00197328680748 0.00206783824639 0.00288355366221 -0.000440890407123 0.000670281655677 -0.000670842696023 -0.000777116125824 8.7470779799e-05 0.00144027486209 0.00226512313833 0.000639934127716 -0.00086296884547 0.00110247542667 0.0029258880728 
0.00183235770824 -0.00012450656311 0.00109682373763 0.00148634353925 0.00149023502136 0.00205437181249 -0.00145418484095 -0.00155817610449 0.00205035716653 -0.000671318912118 0.000906835907844 -0.000315296306681 0.0033297036122 0.00026145957011 3.4794441899e-05 0.000478761586588 0.104356201449 0.000339242492369 0.00224342414994 0.00136907941809 0.00102950572784 -0.000614288823175 8.55838623768e-05 0.00332089323351 0.000220631402197 0.00164205796666 -0.00213359049956 0.000960609201512 0.00160857577612 -0.00310298211398 0.00151652273777 0.00180637083793 -0.00132934237229 0.00184209179895 0.00149325783189 -0.00116059291781 0.000306684669705 0.00857885701548 0.00142841915589 0.00124505196995 
0.00107165623564 0.000698600036028 0.00150721192756 5.8403875129e-05 0.00124606528024 -9.13218673448e-05 -0.000346534145672 0.00313732621882 0.00104078792821 -0.000241577074448 0.00152009130158 0.000859378564671 0.000239636749906 0.000441357873532 0.00093188555612 0.000476199490199 0.000339242492369 0.0154703206203 0.00111115975788 0.00166918942928 -0.000140116138713 -3.45898553672e-05 0.00221616178501 0.000175085454677 0.00217213772709 0.00189840954419 0.000568156645703 0.00106473328173 0.00153478930933 0.0006019699661 0.000749380419243 -0.000331503667278 0.0018384652891 0.00086192378351 0.000694271557218 0.000107203023578 0.00119973364113 -0.000568029377481 0.00174518939844 0.00171914318791 
